log_avg_ept_score,log_avg_succ_req,log_avg_blk_req,log_avg_BP_req,log_avg_entropy
346,673,327,0.327,1.6065487389564514
350,675,325,0.325,1.6064815049171448
352,676,324,0.324,1.6059564192295075
362,681,319,0.319,1.6058524568080903
366,683,317,0.317,1.605880763411522
310,655,345,0.345,1.6059292141199113
376,688,312,0.312,1.6055161379575729
394,697,303,0.303,1.6055539190769195
324,662,338,0.338,1.604568167090416
272,636,364,0.364,1.6045235760211944
316,658,342,0.342,1.6039899188280105
260,630,370,0.37,1.6044021953344345
326,663,337,0.337,1.6034673244953155
328,664,336,0.336,1.6030273604393006
312,656,344,0.344,1.603085096001625
302,651,349,0.349,1.602703670978546
248,624,376,0.376,1.601561264872551
264,632,368,0.368,1.6005417850017547
306,653,347,0.347,1.6002123292684556
276,638,362,0.362,1.598839111328125
306,653,347,0.347,1.59053853225708
302,651,349,0.349,1.5882899264097214
304,652,348,0.348,1.588871006965637
380,690,310,0.31,1.5856214238405228
336,668,332,0.332,1.5834399795532226
276,638,362,0.362,1.5789748679399491
352,676,324,0.324,1.5749106390476226
362,681,319,0.319,1.5719588887691498
448,724,276,0.276,1.4957742476463318
432,716,284,0.284,1.4900558092594147
454,727,273,0.273,1.4918433097600936
418,709,291,0.291,1.4828761771917343
460,730,270,0.27,1.4646416735649108
446,723,277,0.277,1.439713963508606
456,728,272,0.272,1.451944030880928
504,752,248,0.248,1.4193375563621522
560,780,220,0.22,1.0706403990983964
574,787,213,0.213,1.1260853474140167
606,803,197,0.197,0.978703984618187
574,787,213,0.213,0.9707460215985775
568,784,216,0.216,1.008644148916006
642,821,179,0.179,0.9429752203226089
572,786,214,0.214,0.9553454986214638
662,831,169,0.169,0.8562585092484951
660,830,170,0.17,0.6090555066764355
688,844,156,0.156,0.5329423591196537
662,831,169,0.169,0.5151763357520104
684,842,158,0.158,0.5119275757372379
694,847,153,0.153,0.4400284877419472
692,846,154,0.154,0.48165031127631663
728,864,136,0.136,0.43889680805802345
728,864,136,0.136,0.4009003034979105
686,843,157,0.157,0.4025870999097824
688,844,156,0.156,0.37483973103761675
634,817,183,0.183,0.3969387085288763
740,870,130,0.13,0.3584082626700401
680,840,160,0.16,0.3135186388492584
654,827,173,0.173,0.3156293502151966
742,871,129,0.129,0.30057669742405413
690,845,155,0.155,0.30634426982700824
658,829,171,0.171,0.2973763978332281
748,874,126,0.126,0.2900844799205661
730,865,135,0.135,0.271886977404356
708,854,146,0.146,0.2741373792439699
770,885,115,0.115,0.24321265348792076
730,865,135,0.135,0.22524141482263804
694,847,153,0.153,0.2332140569537878
648,824,176,0.176,0.23264486389607192
758,879,121,0.121,0.1999012735709548
684,842,158,0.158,0.21642423249036075
676,838,162,0.162,0.20715049212425948
766,883,117,0.117,0.21334757396578788
728,864,136,0.136,0.16065908307209611
718,859,141,0.141,0.13092538657970726
756,878,122,0.122,0.14131808741018176
750,875,125,0.125,0.13358146106824278
698,849,151,0.151,0.1415143655780703
738,869,131,0.131,0.13644938716292382
652,826,174,0.174,0.15192703417316078
704,852,148,0.148,0.14419524780660867
698,849,151,0.151,0.17694071626663208
706,853,147,0.147,0.24029213549941777
672,836,164,0.164,0.23848850513249636
744,872,128,0.128,0.2210098279044032
710,855,145,0.145,0.22470498572289943
758,879,121,0.121,0.212043758764863
714,857,143,0.143,0.22703173867613077
720,860,140,0.14,0.22437567308545112
734,867,133,0.133,0.22679690210521222
664,832,168,0.168,0.26149694564938547
708,854,146,0.146,0.23133787848800422
740,870,130,0.13,0.20392846493422986
730,865,135,0.135,0.19670257732272148
678,839,161,0.161,0.21119031815975906
722,861,139,0.139,0.19942465532571077
746,873,127,0.127,0.19793319062143563
734,867,133,0.133,0.16455895745009183
634,817,183,0.183,0.1830659504905343
734,867,133,0.133,0.1614182626977563
702,851,149,0.149,0.1691544011309743
742,871,129,0.129,0.17301328253000975
734,867,133,0.133,0.18368205275386573
712,856,144,0.144,0.18472604832798242
726,863,137,0.137,0.17882146544009447
736,868,132,0.132,0.19084936101734637
732,866,134,0.134,0.2186339598298073
686,843,157,0.157,0.2030349353775382
704,852,148,0.148,0.2481157442778349
682,841,159,0.159,0.31614154708385467
730,865,135,0.135,0.4047249376475811
682,841,159,0.159,0.38344554002583026
654,827,173,0.173,0.44678521460294723
734,867,133,0.133,0.40307628813385965
666,833,167,0.167,0.4143045112043619
632,816,184,0.184,0.45295209407806397
706,853,147,0.147,0.4316950018703938
682,841,159,0.159,0.45319526037573815
704,852,148,0.148,0.4182642737030983
766,883,117,0.117,0.35862907497584817
734,867,133,0.133,0.32847856041789053
710,855,145,0.145,0.3602492042481899
678,839,161,0.161,0.35177998115122316
668,834,166,0.166,0.3493719673901796
682,841,159,0.159,0.3275767412483692
704,852,148,0.148,0.3168898541778326
714,857,143,0.143,0.30906179469823836
712,856,144,0.144,0.27016122034192086
722,861,139,0.139,0.2698365291655064
722,861,139,0.139,0.2607358691096306
726,863,137,0.137,0.2478131393790245
680,840,160,0.16,0.25711091175675393
700,850,150,0.15,0.23183593946695327
664,832,168,0.168,0.2517047637701035
720,860,140,0.14,0.23957167103886604
732,866,134,0.134,0.19280102737993002
724,862,138,0.138,0.21531446654349565
776,888,112,0.112,0.17559438187628984
676,838,162,0.162,0.18351164660975336
752,876,124,0.124,0.17152126865833997
738,869,131,0.131,0.17608608569204806
644,822,178,0.178,0.16992973327636718
680,840,160,0.16,0.1409699983149767
694,847,153,0.153,0.16532670122385024
762,881,119,0.119,0.13144693987071515
738,869,131,0.131,0.09635209682583809
752,876,124,0.124,0.08661326909437776
762,881,119,0.119,0.07552268341183663
762,881,119,0.119,0.07428790710121393
736,868,132,0.132,0.07859740822575986
684,842,158,0.158,0.07700373141653835
710,855,145,0.145,0.06422266748175025
722,861,139,0.139,0.0599827736178413
748,874,126,0.126,0.046097155667841436
764,882,118,0.118,0.04267585783824324
734,867,133,0.133,0.03819401463773102
754,877,123,0.123,0.04042981129698455
742,871,129,0.129,0.043473258599638936
708,854,146,0.146,0.04440807861741632
838,919,81,0.081,0.0350471297102049
748,874,126,0.126,0.03980119926482439
698,849,151,0.151,0.04474552475754172
766,883,117,0.117,0.03945866530202329
710,855,145,0.145,0.04508652590680867
734,867,133,0.133,0.047199303356930615
742,871,129,0.129,0.04649611065350473
698,849,151,0.151,0.047867123340256515
692,846,154,0.154,0.051905527266673746
720,860,140,0.14,0.046994522810913625
778,889,111,0.111,0.05029342712741345
736,868,132,0.132,0.04638015308789909
730,865,135,0.135,0.04676695716753602
730,865,135,0.135,0.0348824526690878
714,857,143,0.143,0.03220188528671861
726,863,137,0.137,0.03219142663199454
772,886,114,0.114,0.025736571861663834
702,851,149,0.149,0.027525712980423122
734,867,133,0.133,0.02584115373296663
676,838,162,0.162,0.02079006843455136
724,862,138,0.138,0.021064066923223435
678,839,161,0.161,0.01559075288218446
768,884,116,0.116,0.012237042758148164
718,859,141,0.141,0.015161406466737389
754,877,123,0.123,0.011416383081814275
770,885,115,0.115,0.011827527497662232
684,842,158,0.158,0.012961677061626688
742,871,129,0.129,0.012256448873551562
710,855,145,0.145,0.012588397997198627
738,869,131,0.131,0.01082054722099565
750,875,125,0.125,0.009582613965496421
714,857,143,0.143,0.010651904302765615
744,872,128,0.128,0.01007394618797116
746,873,127,0.127,0.01086136036622338
754,877,123,0.123,0.010101602354901843
748,874,126,0.126,0.00931737161858473
700,850,150,0.15,0.010768978469306602
740,870,130,0.13,0.010786597551545127
780,890,110,0.11,0.008645275706076063
764,882,118,0.118,0.00925074946321547
782,891,109,0.109,0.008892651816131547
648,824,176,0.176,0.009737357871956192
704,852,148,0.148,0.01002314066234976
754,877,123,0.123,0.007496187783894129
808,904,96,0.096,0.0072165520380949606
692,846,154,0.154,0.008907837008940987
742,871,129,0.129,0.008370827168924734
750,875,125,0.125,0.007461221558856778
706,853,147,0.147,0.008017114764195867
724,862,138,0.138,0.0071163908611051735
716,858,142,0.142,0.008551140669500456
732,866,134,0.134,0.007764218893949874
672,836,164,0.164,0.008077937343041413
700,850,150,0.15,0.007415209943428635
646,823,177,0.177,0.009533463164349087
734,867,133,0.133,0.008082172536291182
678,839,161,0.161,0.008678208792232908
706,853,147,0.147,0.009337842561653814
712,856,144,0.144,0.010149828081950545
724,862,138,0.138,0.010113610590109602
774,887,113,0.113,0.008355192846036516
704,852,148,0.148,0.009302208625944332
732,866,134,0.134,0.009276591522386298
690,845,155,0.155,0.011122216969029979
766,883,117,0.117,0.010126850423403085
748,874,126,0.126,0.009911438621813432
766,883,117,0.117,0.010138926604995505
724,862,138,0.138,0.011172333325492218
774,887,113,0.113,0.0093243016556371
730,865,135,0.135,0.010179170134710149
722,861,139,0.139,0.010309684371575712
780,890,110,0.11,0.009826790087856353
748,874,126,0.126,0.00998708996293135
694,847,153,0.153,0.010439875861397012
704,852,148,0.148,0.009332245393423363
700,850,150,0.15,0.009365879007149488
742,871,129,0.129,0.009558206282090396
734,867,133,0.133,0.008611886714585125
810,905,95,0.095,0.00837861240329221
772,886,114,0.114,0.00915672939713113
692,846,154,0.154,0.010437713351799174
672,836,164,0.164,0.009871818215353415
704,852,148,0.148,0.009918489487841726
690,845,155,0.155,0.010533979891566559
736,868,132,0.132,0.009434703707927839
704,852,148,0.148,0.010103567181387916
746,873,127,0.127,0.011615317610558123
740,870,130,0.13,0.010390481640119105
776,888,112,0.112,0.01019025180884637
700,850,150,0.15,0.010587563062319533
728,864,136,0.136,0.009967996256193146
692,846,154,0.154,0.011239504226017744
746,873,127,0.127,0.010699776495341212
766,883,117,0.117,0.009919334486825391
750,875,125,0.125,0.009187536243349314
716,858,142,0.142,0.011057600601576269
722,861,139,0.139,0.008970215069130063
694,847,153,0.153,0.009279511106782592
736,868,132,0.132,0.008012373665347695
680,840,160,0.16,0.00785893737070728
694,847,153,0.153,0.007548436338314786
748,874,126,0.126,0.008240806637099012
744,872,128,0.128,0.007111007092986256
664,832,168,0.168,0.008447971057146788
694,847,153,0.153,0.008651640363270418
670,835,165,0.165,0.008269665151834488
706,853,147,0.147,0.00812632614490576
748,874,126,0.126,0.007085810376796871
730,865,135,0.135,0.00793967599188909
736,868,132,0.132,0.0072498624877771365
712,856,144,0.144,0.008233499916037544
794,897,103,0.103,0.007025321973022074
720,860,140,0.14,0.008234901797724887
706,853,147,0.147,0.007818080725846811
686,843,157,0.157,0.007619536780985072
726,863,137,0.137,0.00719924314529635
770,885,115,0.115,0.00744184159161523
780,890,110,0.11,0.006882005812134594
726,863,137,0.137,0.007645090540754609
766,883,117,0.117,0.0074119513928890225
720,860,140,0.14,0.0079947173174005
740,870,130,0.13,0.006648127729073167
726,863,137,0.137,0.007388565818779171
744,872,128,0.128,0.006997795948991552
726,863,137,0.137,0.006998819536878727
710,855,145,0.145,0.0073908063459675755
760,880,120,0.12,0.006999397660605609
708,854,146,0.146,0.0085574480232317
716,858,142,0.142,0.0081388245113194
732,866,134,0.134,0.007968385787913576
776,888,112,0.112,0.00791199997602962
734,867,133,0.133,0.008194147001486272
768,884,116,0.116,0.007451105671818368
700,850,150,0.15,0.008729918657802045
718,859,141,0.141,0.008958248850423843
744,872,128,0.128,0.008018319698981941
730,865,135,0.135,0.008730500092264264
776,888,112,0.112,0.00826588401151821
800,900,100,0.1,0.008529133912408724
716,858,142,0.142,0.009884915376780554
752,876,124,0.124,0.00860376915987581
790,895,105,0.105,0.007795678670052439
732,866,134,0.134,0.009169404118089005
764,882,118,0.118,0.009479773240629584
766,883,117,0.117,0.008297385643003509
752,876,124,0.124,0.009476358033018186
728,864,136,0.136,0.009140814105514436
710,855,145,0.145,0.010262895518681035
674,837,163,0.163,0.010520900319330393
780,890,110,0.11,0.0084584801485762
738,869,131,0.131,0.009000049043912441
708,854,146,0.146,0.010333164647221565
756,878,122,0.122,0.008805189558072015
750,875,125,0.125,0.009520465000998228
736,868,132,0.132,0.009083085144869983
732,866,134,0.134,0.009072712348774076
758,879,121,0.121,0.009320904620690271
704,852,148,0.148,0.010038815505802632
786,893,107,0.107,0.008936722365207971
688,844,156,0.156,0.00974827444087714
710,855,145,0.145,0.01085241120494902
790,895,105,0.105,0.009123470285907388
730,865,135,0.135,0.008728721090592443
790,895,105,0.105,0.010061177012277767
698,849,151,0.151,0.010789505060063676
718,859,141,0.141,0.010908787749009207
690,845,155,0.155,0.01202360209543258
698,849,151,0.151,0.013011670193169267
744,872,128,0.128,0.01006952099991031
760,880,120,0.12,0.010356986409053207
744,872,128,0.128,0.009605589148821309
708,854,146,0.146,0.013097840535454453
718,859,141,0.141,0.014887129050213844
730,865,135,0.135,0.013870276828762143
764,882,118,0.118,0.016172058692667635
664,832,168,0.168,0.016230586174409836
728,864,136,0.136,0.014931052637286484
732,866,134,0.134,0.014387475072871893
708,854,146,0.146,0.016347050979733466
790,895,105,0.105,0.01634172545094043
730,865,135,0.135,0.019937756960280238
776,888,112,0.112,0.018883719731587915
764,882,118,0.118,0.01990330136194825
722,861,139,0.139,0.020156961786560713
728,864,136,0.136,0.021304552705958487
714,857,143,0.143,0.02250009172875434
752,876,124,0.124,0.02126234361436218
752,876,124,0.124,0.023141941958107055
720,860,140,0.14,0.023913802629336716
710,855,145,0.145,0.025469303220510484
730,865,135,0.135,0.025344454132951798
720,860,140,0.14,0.02512943638022989
674,837,163,0.163,0.02525452856719494
708,854,146,0.146,0.02408830631431192
724,862,138,0.138,0.024711990882642566
734,867,133,0.133,0.024753030594438313
776,888,112,0.112,0.02315452214796096
752,876,124,0.124,0.02355433670710772
688,844,156,0.156,0.025257608706131578
712,856,144,0.144,0.025708560090512037
704,852,148,0.148,0.028713021577335893
748,874,126,0.126,0.02849377420078963
712,856,144,0.144,0.029909371787682177
730,865,135,0.135,0.029701984393410385
758,879,121,0.121,0.030455618740059434
748,874,126,0.126,0.02940004853438586
772,886,114,0.114,0.032630982803180816
760,880,120,0.12,0.0327124709058553
754,877,123,0.123,0.0453369387704879
720,860,140,0.14,0.043395287036895755
722,861,139,0.139,0.04663431913033128
724,862,138,0.138,0.04470073569007218
708,854,146,0.146,0.0448581974375993
672,836,164,0.164,0.050839331081137064
670,835,165,0.165,0.047999135844409464
698,849,151,0.151,0.04620934317819774
710,855,145,0.145,0.04260196135379374
710,855,145,0.145,0.03501681799907237
778,889,111,0.111,0.03375196424964815
718,859,141,0.141,0.027011847522109746
704,852,148,0.148,0.03135233730636537
724,862,138,0.138,0.02582487847097218
706,853,147,0.147,0.023099032913334667
714,857,143,0.143,0.02258218405256048
720,860,140,0.14,0.018584023325238376
720,860,140,0.14,0.015568035296630114
742,871,129,0.129,0.01161370008252561
752,876,124,0.124,0.01173845718614757
742,871,129,0.129,0.010746066230349243
746,873,127,0.127,0.010995143867097795
674,837,163,0.163,0.010734724069014191
718,859,141,0.141,0.009470092338044196
708,854,146,0.146,0.009220360016915946
742,871,129,0.129,0.009571398768108337
764,882,118,0.118,0.008360919474856928
736,868,132,0.132,0.00795822935202159
724,862,138,0.138,0.00836354819778353
746,873,127,0.127,0.008312791610136629
746,873,127,0.127,0.007860672290436924
766,883,117,0.117,0.008479424414457754
760,880,120,0.12,0.00741540819616057
738,869,131,0.131,0.007867797394283116
686,843,157,0.157,0.00867891743942164
712,856,144,0.144,0.008601566693279892
732,866,134,0.134,0.009358031724113971
722,861,139,0.139,0.010050814658170567
704,852,148,0.148,0.010270192326512188
706,853,147,0.147,0.010191828175913542
730,865,135,0.135,0.01092572284815833
782,891,109,0.109,0.00990568167460151
748,874,126,0.126,0.010368809698615223
726,863,137,0.137,0.0113827741923742
726,863,137,0.137,0.010918832742609083
726,863,137,0.137,0.012873183440882712
774,887,113,0.113,0.012909737478941679
732,866,134,0.134,0.013032184533774853
746,873,127,0.127,0.012404189765453339
768,884,116,0.116,0.013442111182026565
772,886,114,0.114,0.012942571823950857
776,888,112,0.112,0.013178092109505088
734,867,133,0.133,0.014184575824066997
734,867,133,0.133,0.01479922927543521
780,890,110,0.11,0.014555116483941675
716,858,142,0.142,0.016573822217062117
692,846,154,0.154,0.017354980982840062
746,873,127,0.127,0.015638954678550362
734,867,133,0.133,0.01579375641327351
714,857,143,0.143,0.016444249972701074
758,879,121,0.121,0.016887626427225768
758,879,121,0.121,0.018546194673515856
738,869,131,0.131,0.01921827207878232
694,847,153,0.153,0.01995366012956947
736,868,132,0.132,0.01988971733674407
762,881,119,0.119,0.01971533510554582
752,876,124,0.124,0.020674391707405447
758,879,121,0.121,0.020215354879386725
756,878,122,0.122,0.021681132863275707
728,864,136,0.136,0.022799953390844167
716,858,142,0.142,0.023011408938094974
716,858,142,0.142,0.023254719871096313
708,854,146,0.146,0.02532232148293406
754,877,123,0.123,0.025324915831908584
742,871,129,0.129,0.025922313699498774
666,833,167,0.167,0.02765068522654474
758,879,121,0.121,0.02512407708354294
700,850,150,0.15,0.027674946037121118
694,847,153,0.153,0.026132248874753714
776,888,112,0.112,0.02602747356891632
712,856,144,0.144,0.027946417570114134
760,880,120,0.12,0.029264877982437612
670,835,165,0.165,0.031043354600667955
784,892,108,0.108,0.030709001580253244
766,883,117,0.117,0.029014632530510426
750,875,125,0.125,0.031095156323164702
704,852,148,0.148,0.03163934117183089
730,865,135,0.135,0.03491828505881131
706,853,147,0.147,0.03418618352524936
792,896,104,0.104,0.04551502322591841
696,848,152,0.152,0.05353645264357328
798,899,101,0.101,0.05119273658283055
730,865,135,0.135,0.051330767761915926
740,870,130,0.13,0.05228064754977822
756,878,122,0.122,0.05676233971118927
736,868,132,0.132,0.05444487039372325
764,882,118,0.118,0.056992789585143325
756,878,122,0.122,0.057371595170348885
726,863,137,0.137,0.05570226926356554
724,862,138,0.138,0.05639040156081319
708,854,146,0.146,0.05237566183507442
706,853,147,0.147,0.05200753573328257
708,854,146,0.146,0.051478793229907754
696,848,152,0.152,0.050184177162125705
734,867,133,0.133,0.042948125056922436
720,860,140,0.14,0.0467683532666415
748,874,126,0.126,0.04095853265374899
714,857,143,0.143,0.04418486934714019
756,878,122,0.122,0.039775909462943675
764,882,118,0.118,0.04088044150173664
684,842,158,0.158,0.04038303073495626
732,866,134,0.134,0.04048869620636106
792,896,104,0.104,0.03978168573789299
716,858,142,0.142,0.0412138263117522
708,854,146,0.146,0.042908948492258785
710,855,145,0.145,0.04212821521423757
764,882,118,0.118,0.04231898444704711
782,891,109,0.109,0.04513242072425783
780,890,110,0.11,0.04680623113177717
776,888,112,0.112,0.04623391480185091
766,883,117,0.117,0.04698520299606025
694,847,153,0.153,0.04836535258963704
748,874,126,0.126,0.048494256872683765
712,856,144,0.144,0.04977385554090142
688,844,156,0.156,0.05808828720077872
742,871,129,0.129,0.060540910240262744
716,858,142,0.142,0.0643044561073184
738,869,131,0.131,0.0690079084597528
736,868,132,0.132,0.0631268896907568
692,846,154,0.154,0.06548422749340534
768,884,116,0.116,0.06749209028482438
728,864,136,0.136,0.07194258265569806
744,872,128,0.128,0.07090243651717901
706,853,147,0.147,0.07084338913485408
716,858,142,0.142,0.07363429693132639
670,835,165,0.165,0.07417085935175419
732,866,134,0.134,0.07193301441520453
686,843,157,0.157,0.0775524391233921
728,864,136,0.136,0.0801195740699768
714,857,143,0.143,0.09082834348082543
730,865,135,0.135,0.0842294211499393
664,832,168,0.168,0.0877305655553937
726,863,137,0.137,0.09387651505321264
770,885,115,0.115,0.0935110999122262
742,871,129,0.129,0.1080472488924861
696,848,152,0.152,0.11719042325764895
656,828,172,0.172,0.12376614303141832
726,863,137,0.137,0.12079210790991783
688,844,156,0.156,0.1250510341525078
696,848,152,0.152,0.12473398800194263
726,863,137,0.137,0.12560670866817236
750,875,125,0.125,0.12558785212039947
744,872,128,0.128,0.14582321463525294
676,838,162,0.162,0.1502161277756095
698,849,151,0.151,0.15061752028018235
776,888,112,0.112,0.15685096298903226
728,864,136,0.136,0.15191461379081012
706,853,147,0.147,0.15593769729882478
720,860,140,0.14,0.15297732971608638
700,850,150,0.15,0.16446827948093415
660,830,170,0.17,0.1591078879609704
734,867,133,0.133,0.1565781617090106
758,879,121,0.121,0.15120535353571177
754,877,123,0.123,0.1437108230739832
798,899,101,0.101,0.14143126168847084
696,848,152,0.152,0.13955932201445104
710,855,145,0.145,0.13686192321777343
724,862,138,0.138,0.12210706096887589
726,863,137,0.137,0.11824673531204462
678,839,161,0.161,0.11794347570091486
730,865,135,0.135,0.12130097223073244
692,846,154,0.154,0.12259738656133413
704,852,148,0.148,0.1196126057356596
760,880,120,0.12,0.11911460231989622
720,860,140,0.14,0.12232099604606629
746,873,127,0.127,0.1139587410390377
756,878,122,0.122,0.11253671117126941
748,874,126,0.126,0.1135508217215538
696,848,152,0.152,0.10434226372838021
678,839,161,0.161,0.09854387555271388
706,853,147,0.147,0.07965374113246798
770,885,115,0.115,0.06125899378396571
724,862,138,0.138,0.05821100373007357
726,863,137,0.137,0.050298716770485044
836,918,82,0.082,0.04306036508642137
780,890,110,0.11,0.039281757203862074
738,869,131,0.131,0.03466310667991638
734,867,133,0.133,0.03252408167161047
712,856,144,0.144,0.027821328014135362
730,865,135,0.135,0.02321100219339132
710,855,145,0.145,0.024055891217663883
708,854,146,0.146,0.023434743056073785
674,837,163,0.163,0.024068279657512903
732,866,134,0.134,0.024068574702367188
756,878,122,0.122,0.023294161929748952
724,862,138,0.138,0.02382462895102799
714,857,143,0.143,0.025143778240308164
728,864,136,0.136,0.02550699213333428
782,891,109,0.109,0.02505717529915273
706,853,147,0.147,0.026523941857740284
734,867,133,0.133,0.027045754788443448
738,869,131,0.131,0.02603472813591361
712,856,144,0.144,0.027666696751490236
678,839,161,0.161,0.02818752743303776
698,849,151,0.151,0.02897538158670068
742,871,129,0.129,0.029208801597356795
720,860,140,0.14,0.028774715717881916
712,856,144,0.144,0.029068371998146176
774,887,113,0.113,0.0281156958155334
730,865,135,0.135,0.03067480695992708
726,863,137,0.137,0.03044434200786054
752,876,124,0.124,0.031663057340309025
664,832,168,0.168,0.033226612361148
674,837,163,0.163,0.038022794481366876
736,868,132,0.132,0.0373236762303859
754,877,123,0.123,0.04087876258231699
736,868,132,0.132,0.041957131376489994
782,891,109,0.109,0.0428236995767802
732,866,134,0.134,0.043720381544902924
682,841,159,0.159,0.04551179974712431
740,870,130,0.13,0.04522633427195251
692,846,154,0.154,0.045205686818808315
748,874,126,0.126,0.04138062530942261
704,852,148,0.148,0.03620128163695335
718,859,141,0.141,0.0367999171204865
720,860,140,0.14,0.03667706914432347
698,849,151,0.151,0.03167479631304741
758,879,121,0.121,0.031885165816172956
788,894,106,0.106,0.02705421401001513
776,888,112,0.112,0.028260203670710325
738,869,131,0.131,0.026783437652513384
736,868,132,0.132,0.02540613786689937
812,906,94,0.094,0.024600600836798547
746,873,127,0.127,0.024150485057383774
756,878,122,0.122,0.02484001843445003
734,867,133,0.133,0.023718153707683088
756,878,122,0.122,0.023982959734275937
782,891,109,0.109,0.025062898583710195
738,869,131,0.131,0.0251732397377491
740,870,130,0.13,0.025700681300833823
738,869,131,0.131,0.027174181109294294
752,876,124,0.124,0.027139008343219757
744,872,128,0.128,0.029672258434817196
780,890,110,0.11,0.03054207601584494
674,837,163,0.163,0.032182530883699656
754,877,123,0.123,0.037862434754148126
740,870,130,0.13,0.03495626929216087
746,873,127,0.127,0.03540433831512928
710,855,145,0.145,0.038186539508402347
682,841,159,0.159,0.03966830567456782
700,850,150,0.15,0.04306908824667335
752,876,124,0.124,0.042455748189240694
696,848,152,0.152,0.04833347643911839
704,852,148,0.148,0.04600020279735327
726,863,137,0.137,0.04546306606940925
708,854,146,0.146,0.048280290737748144
746,873,127,0.127,0.04686814081296325
720,860,140,0.14,0.06612052793428302
716,858,142,0.142,0.06771920220926404
720,860,140,0.14,0.06309105338528752
766,883,117,0.117,0.06132295309007168
716,858,142,0.142,0.07041833933070302
752,876,124,0.124,0.08283564997464418
680,840,160,0.16,0.08197672305628657
716,858,142,0.142,0.08633169327676296
720,860,140,0.14,0.09881596755236387
720,860,140,0.14,0.09392158895730972
740,870,130,0.13,0.09349934636801481
752,876,124,0.124,0.08827937340736389
774,887,113,0.113,0.08016584591194988
714,857,143,0.143,0.08098820224404335
820,910,90,0.09,0.07038039387762547
712,856,144,0.144,0.05892290349304676
720,860,140,0.14,0.06978075281530619
708,854,146,0.146,0.06782280382886528
736,868,132,0.132,0.05896427028253674
796,898,102,0.102,0.053745846055448056
712,856,144,0.144,0.05425807188823819
730,865,135,0.135,0.051487418197095396
700,850,150,0.15,0.05239501613378525
736,868,132,0.132,0.05089280871674418
768,884,116,0.116,0.05006669985875487
742,871,129,0.129,0.04870777498185635
772,886,114,0.114,0.04708467243611813
704,852,148,0.148,0.03882206676155329
700,850,150,0.15,0.04124048927612603
648,824,176,0.176,0.03426333241350949
716,858,142,0.142,0.03265595493838191
694,847,153,0.153,0.03555128609575331
742,871,129,0.129,0.031160140998661517
764,882,118,0.118,0.031177114229649305
742,871,129,0.129,0.03140904600918293
786,893,107,0.107,0.030474407516419888
722,861,139,0.139,0.030932330353185534
716,858,142,0.142,0.030185501558706165
760,880,120,0.12,0.030419738851487636
696,848,152,0.152,0.03139299792982638
758,879,121,0.121,0.03096150059439242
734,867,133,0.133,0.03209827993996441
684,842,158,0.158,0.031915569465607405
700,850,150,0.15,0.03355878428556025
770,885,115,0.115,0.030846429500728845
758,879,121,0.121,0.030958922570571302
738,869,131,0.131,0.031634121906012294
714,857,143,0.143,0.028217769771814345
720,860,140,0.14,0.02970740851573646
754,877,123,0.123,0.023883994676172735
678,839,161,0.161,0.026686384642496706
722,861,139,0.139,0.02624485520273447
714,857,143,0.143,0.025252089506015183
750,875,125,0.125,0.02593283576518297
720,860,140,0.14,0.026431084156036375
744,872,128,0.128,0.026576579298824073
726,863,137,0.137,0.02875634955242276
766,883,117,0.117,0.02787624195218086
682,841,159,0.159,0.0317298204023391
726,863,137,0.137,0.03262739244662225
730,865,135,0.135,0.033535275623202326
730,865,135,0.135,0.03612463928386569
742,871,129,0.129,0.03972784383967519
760,880,120,0.12,0.038249094698578116
710,855,145,0.145,0.037902237756177785
712,856,144,0.144,0.04233206549286842
780,890,110,0.11,0.04729301942139864
754,877,123,0.123,0.04746926743350923
756,878,122,0.122,0.048806096732616426
686,843,157,0.157,0.0508340796791017
742,871,129,0.129,0.05365535051003099
628,814,186,0.186,0.055057539861649275
816,908,92,0.092,0.05642994409799576
744,872,128,0.128,0.06396515446156263
716,858,142,0.142,0.07174193777516484
720,860,140,0.14,0.07483885710686446
718,859,141,0.141,0.0726674379184842
760,880,120,0.12,0.07507712809368967
718,859,141,0.141,0.07501418958976865
752,876,124,0.124,0.0752800370194018
696,848,152,0.152,0.0652235650755465
726,863,137,0.137,0.07138370414450765
742,871,129,0.129,0.062212779708206656
746,873,127,0.127,0.06073891349509358
784,892,108,0.108,0.06670851870253681
740,870,130,0.13,0.06265074518322945
732,866,134,0.134,0.06259245502576231
726,863,137,0.137,0.06459371872991324
680,840,160,0.16,0.06452571368962526
730,865,135,0.135,0.06767474617809058
770,885,115,0.115,0.06250950181856751
694,847,153,0.153,0.06459727032482623
690,845,155,0.155,0.06103572617471218
766,883,117,0.117,0.06205894362553954
686,843,157,0.157,0.06105940959975124
714,857,143,0.143,0.05538331937044859
716,858,142,0.142,0.0583121173158288
696,848,152,0.152,0.05812314319238067
680,840,160,0.16,0.05109409532696009
744,872,128,0.128,0.053272132623940704
782,891,109,0.109,0.050623107265681026
744,872,128,0.128,0.05404455391317606
686,843,157,0.157,0.056503011375665664
698,849,151,0.151,0.05511000730842352
766,883,117,0.117,0.056638088576495646
708,854,146,0.146,0.05552903051301837
736,868,132,0.132,0.05598523629829288
738,869,131,0.131,0.052255041141062976
678,839,161,0.161,0.051334547476843
788,894,106,0.106,0.04249471537023783
706,853,147,0.147,0.04392534379288554
696,848,152,0.152,0.037510508053004744
710,855,145,0.145,0.03859522474743426
744,872,128,0.128,0.02803084665443748
714,857,143,0.143,0.028506769744679333
724,862,138,0.138,0.022956117782741786
726,863,137,0.137,0.01901645077764988
756,878,122,0.122,0.018017387552186848
742,871,129,0.129,0.020126874219626188
730,865,135,0.135,0.01810680508147925
688,844,156,0.156,0.01702468498889357
704,852,148,0.148,0.01517668187059462
776,888,112,0.112,0.01450464924890548
710,855,145,0.145,0.014727797250263392
760,880,120,0.12,0.014124406170099973
740,870,130,0.13,0.013774062614887953
788,894,106,0.106,0.013895350559614598
692,846,154,0.154,0.014304139347746969
674,837,163,0.163,0.013256599877029658
700,850,150,0.15,0.010782574055250734
782,891,109,0.109,0.010339374097529799
734,867,133,0.133,0.01071877365000546
686,843,157,0.157,0.010438414588104933
740,870,130,0.13,0.00909400378447026
782,891,109,0.109,0.007820872428826987
766,883,117,0.117,0.0076064076917245985
766,883,117,0.117,0.006170263503678143
690,845,155,0.155,0.006134978820104152
768,884,116,0.116,0.005888050995767117
778,889,111,0.111,0.005800733535783365
756,878,122,0.122,0.0056746814239304515
704,852,148,0.148,0.005842416408937424
708,854,146,0.146,0.005426280294544995
738,869,131,0.131,0.0051077784304507075
742,871,129,0.129,0.004846128988778219
672,836,164,0.164,0.004908945580245927
774,887,113,0.113,0.004875326721696183
720,860,140,0.14,0.004890892833005637
710,855,145,0.145,0.004888172449544072
730,865,135,0.135,0.004675632609985768
720,860,140,0.14,0.004835797774838284
724,862,138,0.138,0.005121255564736202
698,849,151,0.151,0.005191895984811708
740,870,130,0.13,0.005154749381355941
746,873,127,0.127,0.005158762272680179
748,874,126,0.126,0.005039454492973164
738,869,131,0.131,0.005253975766710937
706,853,147,0.147,0.005321437061298639
756,878,122,0.122,0.005234608770580963
724,862,138,0.138,0.005254234301391989
760,880,120,0.12,0.005160028490936383
708,854,146,0.146,0.005486630719155073
758,879,121,0.121,0.0051110617972444745
720,860,140,0.14,0.005568174697458744
698,849,151,0.151,0.005722985599655658
756,878,122,0.122,0.005774077167268843
692,846,154,0.154,0.005711537487339228
726,863,137,0.137,0.005941809179261326
700,850,150,0.15,0.005819138339255005
758,879,121,0.121,0.0058659815099090335
698,849,151,0.151,0.006098889601416886
728,864,136,0.136,0.0063718516561202705
706,853,147,0.147,0.006866375727578998
722,861,139,0.139,0.006624904393684119
744,872,128,0.128,0.006929099905304611
726,863,137,0.137,0.0067518551754765215
746,873,127,0.127,0.006958904308266938
762,881,119,0.119,0.007020605977624655
732,866,134,0.134,0.0071256212191656235
752,876,124,0.124,0.007069718162063509
714,857,143,0.143,0.007286813743878156
754,877,123,0.123,0.006908617972396314
716,858,142,0.142,0.007085545901674777
786,893,107,0.107,0.006815589623060078
782,891,109,0.109,0.006580957221332937
764,882,118,0.118,0.006539987649768591
680,840,160,0.16,0.006822343873325735
770,885,115,0.115,0.006717404888477176
744,872,128,0.128,0.0067998578688129785
696,848,152,0.152,0.007104664012789726
744,872,128,0.128,0.007005978617351502
680,840,160,0.16,0.007199840899091214
694,847,153,0.153,0.007346317033283412
750,875,125,0.125,0.007494260443374514
708,854,146,0.146,0.007619977966882289
732,866,134,0.134,0.0077132747345604
734,867,133,0.133,0.007799287653528154
724,862,138,0.138,0.00774844687897712
752,876,124,0.124,0.007956742273177952
794,897,103,0.103,0.007908132364973426
730,865,135,0.135,0.008294676453340798
638,819,181,0.181,0.008654412964824587
786,893,107,0.107,0.008308857872150839
754,877,123,0.123,0.008457429910078645
728,864,136,0.136,0.008576353440526872
732,866,134,0.134,0.008333002511877567
694,847,153,0.153,0.008691339830402284
734,867,133,0.133,0.008614613790530712
710,855,145,0.145,0.008530692028347402
714,857,143,0.143,0.008242349418345838
760,880,120,0.12,0.008142096838448196
712,856,144,0.144,0.008178473211359233
764,882,118,0.118,0.0076144077638164165
708,854,146,0.146,0.007413766748271882
666,833,167,0.167,0.008168052578810602
672,836,164,0.164,0.007599331534933299
706,853,147,0.147,0.00709525506850332
730,865,135,0.135,0.006690566262230277
738,869,131,0.131,0.006431617559865117
762,881,119,0.119,0.005472674183780327
788,894,106,0.106,0.005380048947874457
756,878,122,0.122,0.005159480773145333
726,863,137,0.137,0.004912896536057815
684,842,158,0.158,0.005078210457693785
672,836,164,0.164,0.004428539121290669
708,854,146,0.146,0.004409259568434209
764,882,118,0.118,0.004298051507445052
750,875,125,0.125,0.0038814044245518743
694,847,153,0.153,0.00445787285733968
782,891,109,0.109,0.0038162219058722256
764,882,118,0.118,0.003934622817439958
712,856,144,0.144,0.0037787118568085136
740,870,130,0.13,0.0038596211555413902
758,879,121,0.121,0.003836821201723069
724,862,138,0.138,0.0037118371427059173
684,842,158,0.158,0.0038754016468301416
774,887,113,0.113,0.0036261636109557005
770,885,115,0.115,0.00335640733409673
746,873,127,0.127,0.0032828619899228214
718,859,141,0.141,0.003319872892694548
754,877,123,0.123,0.003138452849816531
760,880,120,0.12,0.003056920598261058
764,882,118,0.118,0.00279406445089262
730,865,135,0.135,0.0027981269924202933
776,888,112,0.112,0.002567810093751177
800,900,100,0.1,0.0024522728408919647
728,864,136,0.136,0.002545187093899585
722,861,139,0.139,0.0024714242648333313
674,837,163,0.163,0.002621139428461902
686,843,157,0.157,0.0026003158658277244
742,871,129,0.129,0.002521152639063075
678,839,161,0.161,0.0027285683592781426
758,879,121,0.121,0.00253587910044007
764,882,118,0.118,0.0025543980454094707
740,870,130,0.13,0.00254997836262919
724,862,138,0.138,0.002658651846810244
728,864,136,0.136,0.0028449271208373828
772,886,114,0.114,0.0027580565433017908
720,860,140,0.14,0.0028229816992534325
678,839,161,0.161,0.0030793846927117557
746,873,127,0.127,0.0031328193447552623
774,887,113,0.113,0.0029701316428836434
718,859,141,0.141,0.0031034807027317582
736,868,132,0.132,0.0032036666863132267
732,866,134,0.134,0.0032720677158795297
754,877,123,0.123,0.003322935880161822
668,834,166,0.166,0.003399971797596663
760,880,120,0.12,0.003207625447073951
716,858,142,0.142,0.003429914069827646
706,853,147,0.147,0.003372353727929294
732,866,134,0.134,0.0034855922528076915
706,853,147,0.147,0.0035628754973877222
714,857,143,0.143,0.0037142960058990865
706,853,147,0.147,0.003911491964245215
730,865,135,0.135,0.0037922597399447115
698,849,151,0.151,0.003976957012433559
766,883,117,0.117,0.0038948951072525235
716,858,142,0.142,0.004095628106733784
724,862,138,0.138,0.004095995539333671
708,854,146,0.146,0.003942038155160844
750,875,125,0.125,0.003942120224004611
690,845,155,0.155,0.0037776353305671363
768,884,116,0.116,0.0037238526896107944
720,860,140,0.14,0.003757580621866509
754,877,123,0.123,0.0035996486693620684
748,874,126,0.126,0.003687837101519108
732,866,134,0.134,0.003598627828760073
732,866,134,0.134,0.00367888419656083
776,888,112,0.112,0.0034996947834733875
698,849,151,0.151,0.003666371450992301
678,839,161,0.161,0.003849921949673444
682,841,159,0.159,0.0037934515085071324
754,877,123,0.123,0.003664053194690496
702,851,149,0.149,0.003757306243991479
666,833,167,0.167,0.004035056967986748
734,867,133,0.133,0.0039587933488655835
732,866,134,0.134,0.003983715228736401
726,863,137,0.137,0.00406982453353703
750,875,125,0.125,0.004164926125202328
772,886,114,0.114,0.004049484139075503
766,883,117,0.117,0.004196252265246585
728,864,136,0.136,0.00419331000209786
722,861,139,0.139,0.004304786510765553
696,848,152,0.152,0.004221845190273598
754,877,123,0.123,0.00426411722227931
772,886,114,0.114,0.004088406742317602
702,851,149,0.149,0.004274362992495298
762,881,119,0.119,0.004266339030582458
708,854,146,0.146,0.004368476457661018
758,879,121,0.121,0.004386042039142921
716,858,142,0.142,0.004424073576461524
734,867,133,0.133,0.004622520676581189
762,881,119,0.119,0.004492610200541094
682,841,159,0.159,0.004698815989773721
724,862,138,0.138,0.004594393834937364
774,887,113,0.113,0.004558248252142221
730,865,135,0.135,0.005038031892385334
736,868,132,0.132,0.0049919537962414325
718,859,141,0.141,0.00523777158302255
694,847,153,0.153,0.005316814346937463
752,876,124,0.124,0.005350297959055752
702,851,149,0.149,0.005339398631593212
704,852,148,0.148,0.005662179140839726
682,841,159,0.159,0.0058619491239078345
762,881,119,0.119,0.005834382574306801
698,849,151,0.151,0.006220246804878116
726,863,137,0.137,0.006289307407103479
722,861,139,0.139,0.006516614027321338
744,872,128,0.128,0.006493694718927145
706,853,147,0.147,0.006708421230781823
640,820,180,0.18,0.007281087684445083
734,867,133,0.133,0.006859810419846326
728,864,136,0.136,0.0069519700454548005
740,870,130,0.13,0.007168075187131763
738,869,131,0.131,0.007502816316206008
756,878,122,0.122,0.006965318507049232
758,879,121,0.121,0.007515333111863583
742,871,129,0.129,0.007620203387457877
738,869,131,0.131,0.007441957919858396
744,872,128,0.128,0.007562864592298865
730,865,135,0.135,0.007713723848108202
754,877,123,0.123,0.007243454106617719
716,858,142,0.142,0.007426738726440817
692,846,154,0.154,0.007740723921917379
702,851,149,0.149,0.0075493758805096145
732,866,134,0.134,0.00745074792066589
750,875,125,0.125,0.007493674754165113
748,874,126,0.126,0.007396913840901106
724,862,138,0.138,0.008050894848071038
716,858,142,0.142,0.007874917131382973
674,837,163,0.163,0.008922516271006316
756,878,122,0.122,0.008663119468837976
764,882,118,0.118,0.009493190578650683
688,844,156,0.156,0.009530415589921177
748,874,126,0.126,0.009124451822135598
738,869,131,0.131,0.009830544957891107
744,872,128,0.128,0.010138901119120419
694,847,153,0.153,0.010449488583020866
702,851,149,0.149,0.010561737505719065
736,868,132,0.132,0.011413640917278827
792,896,104,0.104,0.011239325548522174
722,861,139,0.139,0.011576928708702326
686,843,157,0.157,0.012274275632575155
712,856,144,0.144,0.012578197587281466
714,857,143,0.143,0.013010906691662967
770,885,115,0.115,0.012834736046381294
754,877,123,0.123,0.012748984108678996
736,868,132,0.132,0.013674922985956073
810,905,95,0.095,0.012631863553076982
726,863,137,0.137,0.013158424539491535
726,863,137,0.137,0.013964796432293952
778,889,111,0.111,0.014047454447485506
756,878,122,0.122,0.013995794586837291
748,874,126,0.126,0.014167143000289798
692,846,154,0.154,0.015177043376490474
688,844,156,0.156,0.014600059409625828
784,892,108,0.108,0.014612537987530231
736,868,132,0.132,0.014936156453564763
736,868,132,0.132,0.01635848191473633
764,882,118,0.118,0.017197521613910794
734,867,133,0.133,0.017851281754672526
754,877,123,0.123,0.018127926636487244
720,860,140,0.14,0.018946346735581755
772,886,114,0.114,0.01804842078872025
716,858,142,0.142,0.018585132827982305
746,873,127,0.127,0.019253971389494837
698,849,151,0.151,0.018503758473321797
704,852,148,0.148,0.01846495215874165
724,862,138,0.138,0.01604917292203754
760,880,120,0.12,0.01742372551560402
742,871,129,0.129,0.015587457561865449
780,890,110,0.11,0.01589510610885918
762,881,119,0.119,0.014163602882996201
758,879,121,0.121,0.014070850579068065
706,853,147,0.147,0.011097945986315609
744,872,128,0.128,0.009867556907236575
710,855,145,0.145,0.009700505464337766
746,873,127,0.127,0.009256622680928557
704,852,148,0.148,0.008690370601136237
656,828,172,0.172,0.00834037833660841
728,864,136,0.136,0.006978149080416188
802,901,99,0.099,0.007160546354018152
724,862,138,0.138,0.006746817281469703
776,888,112,0.112,0.005778893500100821
752,876,124,0.124,0.00572439567791298
786,893,107,0.107,0.0049595941109582785
744,872,128,0.128,0.005092479754704982
772,886,114,0.114,0.004216986728133634
682,841,159,0.159,0.004246100358199328
720,860,140,0.14,0.0036029929043725132
706,853,147,0.147,0.0039029450276866556
752,876,124,0.124,0.00365141869825311
748,874,126,0.126,0.003407067891443148
732,866,134,0.134,0.0034453378540929406
738,869,131,0.131,0.003153324718819931
750,875,125,0.125,0.0030175298429094255
690,845,155,0.155,0.0029994499101303517
740,870,130,0.13,0.002857903206953779
752,876,124,0.124,0.0027118195239454507
694,847,153,0.153,0.0027958892134483902
724,862,138,0.138,0.0024492285375017674
746,873,127,0.127,0.0025383367752656342
710,855,145,0.145,0.0019991605915129183
704,852,148,0.148,0.002050655116327107
720,860,140,0.14,0.00185292233270593
704,852,148,0.148,0.001581048054737039
738,869,131,0.131,0.0017235143965808675
732,866,134,0.134,0.0015089116345043294
718,859,141,0.141,0.0015480681209010072
702,851,149,0.149,0.0015072162282303908
694,847,153,0.153,0.0013078092669020407
762,881,119,0.119,0.0012273019222193398
708,854,146,0.146,0.0012990212717559188
736,868,132,0.132,0.0011394732348853722
726,863,137,0.137,0.0012430300760315732
742,871,129,0.129,0.0011439077827963048
748,874,126,0.126,0.0010813039778731764
746,873,127,0.127,0.0010650546838878653
694,847,153,0.153,0.0011325638162670657
764,882,118,0.118,0.0011106573498109356
748,874,126,0.126,0.0009631077757803723
756,878,122,0.122,0.0009513704665005207
732,866,134,0.134,0.0008931226226850413
770,885,115,0.115,0.0007680140624870546
728,864,136,0.136,0.000801845904905349
730,865,135,0.135,0.0007903695140848867
690,845,155,0.155,0.0007916218306636438
722,861,139,0.139,0.0007549162319628521
788,894,106,0.106,0.0007301680678501725
704,852,148,0.148,0.0007402951852418482
744,872,128,0.128,0.0007142546362010762
752,876,124,0.124,0.0007146388840919826
714,857,143,0.143,0.0007565890053519979
766,883,117,0.117,0.0006932531505590304
778,889,111,0.111,0.000701937499048654
714,857,143,0.143,0.000732329674763605
730,865,135,0.135,0.0007218472504464444
726,863,137,0.137,0.0007277461943449452
768,884,116,0.116,0.0007457467209897004
726,863,137,0.137,0.0007525160399382003
746,873,127,0.127,0.0007586350596393459
712,856,144,0.144,0.000749691836652346
750,875,125,0.125,0.0007264774800860323
762,881,119,0.119,0.0007063220455893316
700,850,150,0.15,0.0007750282326014713
750,875,125,0.125,0.0007132130808313377
684,842,158,0.158,0.0007575401627109386
730,865,135,0.135,0.000752017991617322
696,848,152,0.152,0.0007532434016466141
792,896,104,0.104,0.0007397155316430144
746,873,127,0.127,0.0007449399624019861
768,884,116,0.116,0.0007276680872309953
740,870,130,0.13,0.0007390960584161803
738,869,131,0.131,0.0007427908418467269
728,864,136,0.136,0.0007854459985974244
764,882,118,0.118,0.0007756119130644947
704,852,148,0.148,0.0007728865256067365
692,846,154,0.154,0.0007931022047414445
748,874,126,0.126,0.000819853879220318
728,864,136,0.136,0.0008102246966445819
742,871,129,0.129,0.0008011414187494665
704,852,148,0.148,0.0008175472175935283
740,870,130,0.13,0.000774532992276363
772,886,114,0.114,0.0007779115846497007
742,871,129,0.129,0.0008130218636360951
726,863,137,0.137,0.0008822739315219224
742,871,129,0.129,0.000899872770125512
700,850,150,0.15,0.000893869468534831
742,871,129,0.129,0.0009397381838061846
770,885,115,0.115,0.0008917791388230399
688,844,156,0.156,0.0010041727458592505
800,900,100,0.1,0.0009084912181133404
736,868,132,0.132,0.000924719515547622
716,858,142,0.142,0.0009195591491297819
716,858,142,0.142,0.0009594885327387601
734,867,133,0.133,0.0009797702351934277
712,856,144,0.144,0.0009602055341820233
726,863,137,0.137,0.0009761668407008983
780,890,110,0.11,0.0009620207368279807
732,866,134,0.134,0.001002634213422425
736,868,132,0.132,0.0009575543820974417
732,866,134,0.134,0.0009769555914099328
710,855,145,0.145,0.0010126723270514049
746,873,127,0.127,0.0009598906409810297
700,850,150,0.15,0.0010296761377248914
748,874,126,0.126,0.0009556891114916652
722,861,139,0.139,0.0009719774773693644
710,855,145,0.145,0.001041366939432919
706,853,147,0.147,0.0009700404360191896
736,868,132,0.132,0.0010278919440461322
698,849,151,0.151,0.001010821420175489
690,845,155,0.155,0.0010563350915326736
728,864,136,0.136,0.001046257966721896
702,851,149,0.149,0.001071914738509804
698,849,151,0.151,0.0011168385113123804
710,855,145,0.145,0.0011473888773471117
666,833,167,0.167,0.0011636528728413396
658,829,171,0.171,0.0011861604597652332
750,875,125,0.125,0.0011217071820865386
760,880,120,0.12,0.0011662702683825047
708,854,146,0.146,0.0012054286299389787
734,867,133,0.133,0.0011752935115946458
748,874,126,0.126,0.0011695545307011342
714,857,143,0.143,0.001171951805241406
760,880,120,0.12,0.001132885922328569
754,877,123,0.123,0.0011495187003165484
762,881,119,0.119,0.0011319474219344556
772,886,114,0.114,0.0011296365450834856
762,881,119,0.119,0.0010959174107993022
736,868,132,0.132,0.0011172582183498888
738,869,131,0.131,0.0010346797204692849
718,859,141,0.141,0.0010205844368319959
744,872,128,0.128,0.0009818331817514263
766,883,117,0.117,0.0009087846819893457
802,901,99,0.099,0.0008349056443548761
688,844,156,0.156,0.0008377618919766974
756,878,122,0.122,0.0008114438526972662
750,875,125,0.125,0.0008100208634859883
712,856,144,0.144,0.0007206140087218956
746,873,127,0.127,0.0006689171952311881
764,882,118,0.118,0.0005109465084387921
756,878,122,0.122,0.0005465009557374288
740,870,130,0.13,0.0004769606717163697
758,879,121,0.121,0.0004427207771659596
748,874,126,0.126,0.00037100944385747426
760,880,120,0.12,0.00035880241289851255
726,863,137,0.137,0.00038869357644580305
682,841,159,0.159,0.00034108295293117406
714,857,143,0.143,0.0002728242013981799
758,879,121,0.121,0.00023258840551716275
698,849,151,0.151,0.00025113137911830563
714,857,143,0.143,0.0002349637378647458
678,839,161,0.161,0.0002281007228011731
736,868,132,0.132,0.00023629866246483287
718,859,141,0.141,0.0002430065419030143
712,856,144,0.144,0.00023396983571001329
726,863,137,0.137,0.00025107710307929667
668,834,166,0.166,0.0002744294601434376
748,874,126,0.126,0.0002771623612643452
764,882,118,0.118,0.000267459370472352
760,880,120,0.12,0.0002749688271287596
698,849,151,0.151,0.0002696661243244307
714,857,143,0.143,0.00027395854574569964
654,827,173,0.173,0.0003076207520789467
728,864,136,0.136,0.00027666051749838515
714,857,143,0.143,0.00027052353997714817
740,870,130,0.13,0.00026590944846975617
738,869,131,0.131,0.0002510887254757108
690,845,155,0.155,0.0002510468459513504
808,904,96,0.096,0.00024931119168468283
700,850,150,0.15,0.00026962576685764364
712,856,144,0.144,0.0002586320431291824
708,854,146,0.146,0.000261969429338933
702,851,149,0.149,0.0002513140559749445
704,852,148,0.148,0.0002650164617807604
720,860,140,0.14,0.0002619089876388898
688,844,156,0.156,0.00026868263594224116
718,859,141,0.141,0.0002713796922907932
742,871,129,0.129,0.0002820107571169501
724,862,138,0.138,0.0002534846576891141
758,879,121,0.121,0.0002625763254036428
730,865,135,0.135,0.00026118381824926474
762,881,119,0.119,0.0002509357672533952
734,867,133,0.133,0.00026334062595560683
726,863,137,0.137,0.00023316499972133898
744,872,128,0.128,0.00022042677232821006
720,860,140,0.14,0.000220342865693965
746,873,127,0.127,0.00021550538091105409
700,850,150,0.15,0.00022964244111790323
744,872,128,0.128,0.00022809950086229947
732,866,134,0.134,0.00020848714926978573
740,870,130,0.13,0.0002090490114496788
740,870,130,0.13,0.0002054380348563427
674,837,163,0.163,0.00020944106944079975
768,884,116,0.116,0.00020296053920174016
804,902,98,0.098,0.0001917316850158386
730,865,135,0.135,0.0001957019579858752
778,889,111,0.111,0.00019089190024533309
738,869,131,0.131,0.00019015971041517332
652,826,174,0.174,0.00021214214245264884
744,872,128,0.128,0.00019885757824522442
744,872,128,0.128,0.00019761575890879613
708,854,146,0.146,0.00021149712832993828
772,886,114,0.114,0.00020068961860670242
774,887,113,0.113,0.00019930268269672524
742,871,129,0.129,0.0002023705006140517
760,880,120,0.12,0.00020138004202453885
758,879,121,0.121,0.00019442901853471993
728,864,136,0.136,0.00019907770317513496
762,881,119,0.119,0.0001920570135989692
728,864,136,0.136,0.00019941023162391502
716,858,142,0.142,0.00018681911766179837
750,875,125,0.125,0.00017848857057106216
726,863,137,0.137,0.00019572671651258133
762,881,119,0.119,0.00018203236006957013
774,887,113,0.113,0.00018588854729023296
734,867,133,0.133,0.0001897877494484419
716,858,142,0.142,0.00019159649529319723
726,863,137,0.137,0.00019062996756110805
760,880,120,0.12,0.00019329018595453819
760,880,120,0.12,0.00021340196613164154
708,854,146,0.146,0.0002211680674663512
746,873,127,0.127,0.00022616135101998224
712,856,144,0.144,0.00023787201259983703
698,849,151,0.151,0.00023020982282469048
706,853,147,0.147,0.0002547496460028924
766,883,117,0.117,0.0002360904390370706
786,893,107,0.107,0.00024396940812584944
724,862,138,0.138,0.0002545132937084418
730,865,135,0.135,0.000263014990996453
680,840,160,0.16,0.00026798813001369126
734,867,133,0.133,0.00026780090495594775
772,886,114,0.114,0.00026093393089831804
724,862,138,0.138,0.00027477226046903523
688,844,156,0.156,0.0002793017460789997
736,868,132,0.132,0.000255085358483484
806,903,97,0.097,0.000247693190627615
748,874,126,0.126,0.00024556818159180696
748,874,126,0.126,0.00024534797377418724
678,839,161,0.161,0.00023106523780734277
750,875,125,0.125,0.0002231078362237895
734,867,133,0.133,0.00022144980856683106
754,877,123,0.123,0.0002168172817036975
728,864,136,0.136,0.00022032827477960382
724,862,138,0.138,0.00021774050941166933
732,866,134,0.134,0.00021408246881037484
764,882,118,0.118,0.00021703241586510557
768,884,116,0.116,0.0002205035381775815
714,857,143,0.143,0.00023994126792240423
778,889,111,0.111,0.00022883811482461169
796,898,102,0.102,0.00022442834405228497
712,856,144,0.144,0.0002274131764570484
722,861,139,0.139,0.00023448776821896898
750,875,125,0.125,0.00023478449643880595
624,812,188,0.188,0.0002519667849264806
762,881,119,0.119,0.0002296627740142867
724,862,138,0.138,0.00022962383368576412
742,871,129,0.129,0.00021030896811862477
716,858,142,0.142,0.00021970581050845795
742,871,129,0.129,0.00021493335122067946
758,879,121,0.121,0.0002149778926250292
736,868,132,0.132,0.00021673436065611896
704,852,148,0.148,0.0002257479724212317
750,875,125,0.125,0.00021973832375078928
752,876,124,0.124,0.00021483364763844292
728,864,136,0.136,0.00022763034721720032
778,889,111,0.111,0.00021681942175200676
752,876,124,0.124,0.00023061617753410247
724,862,138,0.138,0.00022911652237235102
696,848,152,0.152,0.00021941060427343472
716,858,142,0.142,0.00023838600055023563
792,896,104,0.104,0.0002195450278086355
788,894,106,0.106,0.0002293953108455753
788,894,106,0.106,0.00022826948203146457
728,864,136,0.136,0.0002461265398305841
732,866,134,0.134,0.0002391642102156766
654,827,173,0.173,0.0002491741939011263
720,860,140,0.14,0.0002494201087101828
718,859,141,0.141,0.00025323265817132776
716,858,142,0.142,0.0002811976202210644
682,841,159,0.159,0.00026297001080820336
704,852,148,0.148,0.0002531375024991576
764,882,118,0.118,0.00027203061929321847
716,858,142,0.142,0.00029512603061448316
764,882,118,0.118,0.00029441729855898303
706,853,147,0.147,0.00029639778520504476
728,864,136,0.136,0.0002947891747899121
786,893,107,0.107,0.00028943816460378003
768,884,116,0.116,0.0002720773966866545
736,868,132,0.132,0.0002822483819472836
708,854,146,0.146,0.0002922207632509526
718,859,141,0.141,0.0002670109713653801
740,870,130,0.13,0.000249253798101563
748,874,126,0.126,0.00022540359216509387
748,874,126,0.126,0.00022065959815517999
724,862,138,0.138,0.0002354419148323359
688,844,156,0.156,0.0002367068028106587
732,866,134,0.134,0.000219783160922816
714,857,143,0.143,0.0002171370813739486
710,855,145,0.145,0.00021691094513516873
698,849,151,0.151,0.00022813167367712595
722,861,139,0.139,0.0002493194572889479
730,865,135,0.135,0.0002513731184444623
710,855,145,0.145,0.00024596267977904063
738,869,131,0.131,0.0002521306101116352
784,892,108,0.108,0.00024241455877199768
742,871,129,0.129,0.0002451870844088262
746,873,127,0.127,0.00026377271175442727
746,873,127,0.127,0.0002598267690482317
714,857,143,0.143,0.00025471692248538603
722,861,139,0.139,0.00026616160279081667
738,869,131,0.131,0.000249175290344283
692,846,154,0.154,0.0002627942786639323
704,852,148,0.148,0.00026089031889569013
722,861,139,0.139,0.00025621842659893446
752,876,124,0.124,0.000251810835688957
716,858,142,0.142,0.0002568855552090099
708,854,146,0.146,0.00026907446698169225
720,860,140,0.14,0.00026434407124179416
740,870,130,0.13,0.0002610514687403338
772,886,114,0.114,0.0002690517998271389
726,863,137,0.137,0.0002770087100361707
766,883,117,0.117,0.0002666051043488551
738,869,131,0.131,0.0002480124915891793
738,869,131,0.131,0.0002463798447861336
774,887,113,0.113,0.00022641862493765074
774,887,113,0.113,0.0002460157355671981
718,859,141,0.141,0.00024885795297450384
698,849,151,0.151,0.000245605637494009
678,839,161,0.161,0.00023295336049341132
708,854,146,0.146,0.00024128293622925411
698,849,151,0.151,0.00023795325829996727
728,864,136,0.136,0.00024339219441753813
756,878,122,0.122,0.0002232763520150911
762,881,119,0.119,0.0002403798574814573
732,866,134,0.134,0.00024408585162018426
674,837,163,0.163,0.00024123994955152739
756,878,122,0.122,0.0002510254519147566
742,871,129,0.129,0.00024136464200273623
706,853,147,0.147,0.00026349501295771914
736,868,132,0.132,0.00026910331728868185
712,856,144,0.144,0.0002619726796838222
728,864,136,0.136,0.0002914106349635404
728,864,136,0.136,0.00027297827655274886
736,868,132,0.132,0.0002833591391099617
690,845,155,0.155,0.0002928766311815707
772,886,114,0.114,0.00027803992469853253
814,907,93,0.093,0.00027199024413130247
726,863,137,0.137,0.00027976551408937666
718,859,141,0.141,0.0002741932407661807
712,856,144,0.144,0.0002704697125591338
760,880,120,0.12,0.0002517351863643853
776,888,112,0.112,0.0002634301510552177
702,851,149,0.149,0.000268353760955506
770,885,115,0.115,0.0002466540887253359
778,889,111,0.111,0.00025374314161308575
768,884,116,0.116,0.00023700507865578402
776,888,112,0.112,0.0002316255809564609
746,873,127,0.127,0.00020110051144729368
764,882,118,0.118,0.00017916155609418638
758,879,121,0.121,0.00016965223284933018
742,871,129,0.129,0.00018522629237850198
738,869,131,0.131,0.00018782100651151267
762,881,119,0.119,0.00017899494944140316
736,868,132,0.132,0.0001801960483790026
784,892,108,0.108,0.00017074779992981348
710,855,145,0.145,0.00017112878010084386
734,867,133,0.133,0.00017393090162659065
678,839,161,0.161,0.00018911330012633698
632,816,184,0.184,0.00019847488555387827
724,862,138,0.138,0.00020387841425690566
740,870,130,0.13,0.00020014762882055947
724,862,138,0.138,0.00021986148254654836
682,841,159,0.159,0.0002229281991822063
748,874,126,0.126,0.0002484148854709929
756,878,122,0.122,0.0002615582817234099
690,845,155,0.155,0.0002939981537056156
724,862,138,0.138,0.00027741629873344206
748,874,126,0.126,0.0002899737731931964
772,886,114,0.114,0.00028689251786272505
710,855,145,0.145,0.000291078558890149
706,853,147,0.147,0.00031210564138018526
738,869,131,0.131,0.00029745588368678
766,883,117,0.117,0.00028731323589454406
722,861,139,0.139,0.0002866588827891974
718,859,141,0.141,0.0002782278292288538
750,875,125,0.125,0.00023726333773811347
766,883,117,0.117,0.00023083802868495694
750,875,125,0.125,0.0002252954248833703
684,842,158,0.158,0.0002466136838629609
710,855,145,0.145,0.00022575372231949586
766,883,117,0.117,0.00021592522812716197
728,864,136,0.136,0.0002084873663261533
696,848,152,0.152,0.00022378873596608174
766,883,117,0.117,0.00019700416484556626
710,855,145,0.145,0.00020616259075177367
680,840,160,0.16,0.00021202047482074703
748,874,126,0.126,0.00020980958921427374
726,863,137,0.137,0.00021503761551866773
728,864,136,0.136,0.00021311056076956446
712,856,144,0.144,0.0002134548068861477
736,868,132,0.132,0.0002056435056583723
668,834,166,0.166,0.00020490423559385817
688,844,156,0.156,0.00020347587615833618
714,857,143,0.143,0.00019171579561952967
732,866,134,0.134,0.00018897044616460334
718,859,141,0.141,0.0001866451216483256
762,881,119,0.119,0.00019085076486226172
720,860,140,0.14,0.00018438250380859244
758,879,121,0.121,0.0001793129275465617
662,831,169,0.169,0.00018533986603142693
706,853,147,0.147,0.00017573230825655627
760,880,120,0.12,0.00016257290849171113
770,885,115,0.115,0.00016124442563886988
748,874,126,0.126,0.00017081827369111124
748,874,126,0.126,0.0001567075378698064
752,876,124,0.124,0.0001484329997401801
756,878,122,0.122,0.00014683950763719623
740,870,130,0.13,0.00013624721376254457
736,868,132,0.132,0.00012054365814401535
778,889,111,0.111,0.00010981346670450875
764,882,118,0.118,0.00010899819309270242
698,849,151,0.151,0.0001088913645107823
760,880,120,0.12,0.00011047485326707829
758,879,121,0.121,9.425240129348822e-05
700,850,150,0.15,9.822963642000105e-05
720,860,140,0.14,9.276860404133913e-05
806,903,97,0.097,8.024981851849589e-05
726,863,137,0.137,8.928474304775591e-05
720,860,140,0.14,8.792568772332743e-05
736,868,132,0.132,8.86004235035216e-05
732,866,134,0.134,9.352172363651334e-05
708,854,146,0.146,9.416521036837366e-05
754,877,123,0.123,8.84830935683567e-05
714,857,143,0.143,9.758507354490576e-05
722,861,139,0.139,0.00010709302307805047
770,885,115,0.115,0.00011757919456431409
728,864,136,0.136,0.00012555094481649575
730,865,135,0.135,0.00014538504753727467
750,875,125,0.125,0.0001343694479728583
722,861,139,0.139,0.00014004480084986426
738,869,131,0.131,0.0001356552138531697
740,870,130,0.13,0.0001340028501508641
706,853,147,0.147,0.0001491440600948408
704,852,148,0.148,0.00015422270558337913
774,887,113,0.113,0.00014455679133243394
670,835,165,0.165,0.00015225669930077855
708,854,146,0.146,0.00014940297684370307
728,864,136,0.136,0.0001443595751115936
762,881,119,0.119,0.0001398285993054742
680,840,160,0.16,0.0001455964986089384
744,872,128,0.128,0.00014100495525781298
782,891,109,0.109,0.00012734641710994765
690,845,155,0.155,0.00013226122436753939
720,860,140,0.14,0.00013106260909262347
772,886,114,0.114,0.00012435155107232276
730,865,135,0.135,0.00012910320163791767
778,889,111,0.111,0.00011943396193237277
798,899,101,0.101,0.00011471959828486433
732,866,134,0.134,0.00012294037861283868
750,875,125,0.125,0.00011528423509298591
718,859,141,0.141,0.00011414719823369524
778,889,111,0.111,0.0001077727222655085
686,843,157,0.157,0.00010229697820614092
740,870,130,0.13,9.782518298743526e-05
716,858,142,0.142,9.625858608342242e-05
686,843,157,0.157,0.00010612352519819979
738,869,131,0.131,9.782172925770283e-05
738,869,131,0.131,0.00010092279817035887
716,858,142,0.142,0.00010566883247520309
700,850,150,0.15,0.00010671543454373022
676,838,162,0.162,0.0001264972907010815
688,844,156,0.156,0.000147493265925732
688,844,156,0.156,0.00014932558694272303
714,857,143,0.143,0.0001566640388336964
678,839,161,0.161,0.0001794937937738723
692,846,154,0.154,0.0001629720669152448
738,869,131,0.131,0.00016362850741279546
704,852,148,0.148,0.00017425906025164296
668,834,166,0.166,0.00019180741922173182
770,885,115,0.115,0.00018685175327118485
742,871,129,0.129,0.00018678449546860064
726,863,137,0.137,0.0001880865575512871
754,877,123,0.123,0.00018693551637989004
718,859,141,0.141,0.00018924927232728806
658,829,171,0.171,0.00020076214672008064
668,834,166,0.166,0.00020723977488523815
772,886,114,0.114,0.00018045415950473397
750,875,125,0.125,0.0001802987112896517
696,848,152,0.152,0.0001718157917202916
692,846,154,0.154,0.00017130291143257638
714,857,143,0.143,0.00016118162820930593
726,863,137,0.137,0.0001521111982729053
676,838,162,0.162,0.00014742476244282443
736,868,132,0.132,0.00015773801272735
744,872,128,0.128,0.00015778245781257282
758,879,121,0.121,0.0001357753642150783
738,869,131,0.131,0.00013382479106076062
748,874,126,0.126,0.00013434877647523535
696,848,152,0.152,0.00013762075330305378
736,868,132,0.132,0.0001240317426272668
718,859,141,0.141,0.00013098460683977464
680,840,160,0.16,0.0001389767769505852
812,906,94,0.094,0.00011921999335027068
732,866,134,0.134,0.00012501371838880004
718,859,141,0.141,0.00011864251096267253
706,853,147,0.147,0.0001272516131939483
722,861,139,0.139,0.00012463415291858837
770,885,115,0.115,0.00013071512393071316
736,868,132,0.132,0.00013588340725254966
812,906,94,0.094,0.00012531434886477654
716,858,142,0.142,0.00012643244840000988
766,883,117,0.117,0.00012793629920633976
764,882,118,0.118,0.00012317156452627386
726,863,137,0.137,0.0001325287986037438
756,878,122,0.122,0.0001208490043427446
730,865,135,0.135,0.0001283077467305702
708,854,146,0.146,0.0001245293345709797
728,864,136,0.136,0.00011410951353173004
724,862,138,0.138,0.00012051579494436737
738,869,131,0.131,0.00011739390534057748
798,899,101,0.101,0.00011044702032086207
716,858,142,0.142,0.00011933779061655513
778,889,111,0.111,0.00011158258438081247
722,861,139,0.139,0.00011575886271020864
676,838,162,0.162,0.00012128105234296527
736,868,132,0.132,0.0001142366904678056
752,876,124,0.124,0.00011080965342989656
712,856,144,0.144,0.00011689405121433083
712,856,144,0.144,0.00011911508376942948
786,893,107,0.107,0.00010434466304286617
788,894,106,0.106,0.00010314950832980685
724,862,138,0.138,0.00011198317258094903
698,849,151,0.151,0.00012035749881761148
672,836,164,0.164,0.0001181732424083748
764,882,118,0.118,0.00011175531215849333
678,839,161,0.161,0.00012795437342720106
704,852,148,0.148,0.00013142936022632058
712,856,144,0.144,0.0001313170740104397
638,819,181,0.181,0.00014083794008911354
696,848,152,0.152,0.0001327498408718384
744,872,128,0.128,0.00015065346097253496
720,860,140,0.14,0.00015399474772129906
752,876,124,0.124,0.00015889571825391613
710,855,145,0.145,0.00017333074879570632
720,860,140,0.14,0.00017000426227605203
718,859,141,0.141,0.00017403119986556702
764,882,118,0.118,0.00016674874981981703
678,839,161,0.161,0.00018194069678429515
724,862,138,0.138,0.00016992246824520406
750,875,125,0.125,0.00016873905739339535
716,858,142,0.142,0.0001567128443493857
728,864,136,0.136,0.00016022033137414837
766,883,117,0.117,0.00015029029465949862
742,871,129,0.129,0.00015145678432600107
736,868,132,0.132,0.00015238417730870424
782,891,109,0.109,0.00013386064724909375
780,890,110,0.11,0.0001383679718564963
738,869,131,0.131,0.00014821075851796195
678,839,161,0.161,0.00012710945333674318
698,849,151,0.151,0.00013147335642133839
714,857,143,0.143,0.0001304661440808559
724,862,138,0.138,0.00012944857264665188
730,865,135,0.135,0.00012917981132341084
736,868,132,0.132,0.00013260442902537762
700,850,150,0.15,0.00014045654944493436
726,863,137,0.137,0.00013596766362024938
744,872,128,0.128,0.00013681249790533913
746,873,127,0.127,0.0001421644402653328
734,867,133,0.133,0.0001363551546673989
778,889,111,0.111,0.00013061230187304317
776,888,112,0.112,0.00012692079752741847
750,875,125,0.125,0.00012723388947051716
754,877,123,0.123,0.0001234933226951398
672,836,164,0.164,0.00013061855667183408
700,850,150,0.15,0.0001287883253171458
700,850,150,0.15,0.00013470069944742136
744,872,128,0.128,0.00012975571703282185
744,872,128,0.128,0.0001338941438225447
750,875,125,0.125,0.0001351694002005388
770,885,115,0.115,0.00013730787730310113
720,860,140,0.14,0.0001350362559169298
806,903,97,0.097,0.00012888284878135892
688,844,156,0.156,0.00013703450131288263
766,883,117,0.117,0.0001361626154903206
702,851,149,0.149,0.00013732429381343536
740,870,130,0.13,0.0001278188667856739
708,854,146,0.146,0.00012800801177945687
726,863,137,0.137,0.00012340258742915466
746,873,127,0.127,0.00011740204094530781
806,903,97,0.097,0.00010785371188103455
750,875,125,0.125,0.00011098451998259407
742,871,129,0.129,0.00011601135635282844
674,837,163,0.163,0.00011846945630531991
698,849,151,0.151,0.00010986570293607655
680,840,160,0.16,0.00011357525100902422
752,876,124,0.124,0.00011119114270695719
776,888,112,0.112,0.00010950200632942143
704,852,148,0.148,0.00010618368097493658
766,883,117,0.117,0.00010327745277027134
736,868,132,0.132,0.00010792658630089136
732,866,134,0.134,0.0001092012755543692
780,890,110,0.11,0.00010320085687999381
710,855,145,0.145,0.00011777889391669305
716,858,142,0.142,0.00010650017278385348
714,857,143,0.143,0.00010958758062042761
710,855,145,0.145,0.00010588812618516385
740,870,130,0.13,0.0001219038302078843
704,852,148,0.148,0.00012497176379110898
754,877,123,0.123,0.00012080242189404089
754,877,123,0.123,0.0001116986669585458
740,870,130,0.13,0.0001261884275227203
762,881,119,0.119,0.00012770781606377568
682,841,159,0.159,0.00014340384241950233
700,850,150,0.15,0.0001505687740354915
740,870,130,0.13,0.00015705993331357603
714,857,143,0.143,0.00015840651851613074
712,856,144,0.144,0.0001651044125901535
718,859,141,0.141,0.0001659670100780204
692,846,154,0.154,0.00017498936015908839
684,842,158,0.158,0.00017934380195947598
760,880,120,0.12,0.00017806184708024376
714,857,143,0.143,0.00019237955647986383
726,863,137,0.137,0.0001798411781201139
772,886,114,0.114,0.00017947451993677533
704,852,148,0.148,0.00018030814525263849
750,875,125,0.125,0.00016098960823001106
668,834,166,0.166,0.00016870191189082107
708,854,146,0.146,0.0001635710333721363
754,877,123,0.123,0.0001515894159965683
752,876,124,0.124,0.00014296622463007226
750,875,125,0.125,0.00014033234358794288
750,875,125,0.125,0.00012870278726040852
728,864,136,0.136,0.00012869761904585176
708,854,146,0.146,0.00011717717232386349
762,881,119,0.119,0.00011082487243402283
734,867,133,0.133,0.00011548127980495338
712,856,144,0.144,0.00011586722259380621
704,852,148,0.148,0.00011442499278200557
748,874,126,0.126,0.0001125232951308135
682,841,159,0.159,0.00011623313365271315
726,863,137,0.137,0.00011935523060674313
692,846,154,0.154,0.0001364361961677787
676,838,162,0.162,0.00014129858784144744
732,866,134,0.134,0.0001340473481322988
738,869,131,0.131,0.00013329980912385507
750,875,125,0.125,0.00014281437405588805
752,876,124,0.124,0.00013197485683485866
696,848,152,0.152,0.00015296770035638473
752,876,124,0.124,0.0001657816244260175
716,858,142,0.142,0.0001648206282479805
712,856,144,0.144,0.00016653223984030774
728,864,136,0.136,0.00015776618261588738
718,859,141,0.141,0.0001606851795950206
708,854,146,0.146,0.00015898127654509153
694,847,153,0.153,0.00016241328208707273
758,879,121,0.121,0.00016144088126748103
766,883,117,0.117,0.00014692829744308256
738,869,131,0.131,0.00014590406831848667
704,852,148,0.148,0.00015136650876229396
772,886,114,0.114,0.0001399898477975512
724,862,138,0.138,0.00013877148603205568
698,849,151,0.151,0.0001476526997212204
694,847,153,0.153,0.00014524060068652034
666,833,167,0.167,0.0001481412552020629
768,884,116,0.116,0.00012618071265751497
722,861,139,0.139,0.0001281569980783388
730,865,135,0.135,0.00012070111806679051
734,867,133,0.133,0.00012481354249757715
756,878,122,0.122,0.00012110830889287172
736,868,132,0.132,0.00012015941629215377
706,853,147,0.147,0.00012157794240920339
742,871,129,0.129,0.00012142922760540386
718,859,141,0.141,0.00012385855560569325
714,857,143,0.143,0.00012425435595650924
736,868,132,0.132,0.00012015411918400787
788,894,106,0.106,0.0001224114613214624
724,862,138,0.138,0.0001256491445528809
708,854,146,0.146,0.00014049183196038938
748,874,126,0.126,0.00012584990589675727
770,885,115,0.115,0.00012837028625654057
798,899,101,0.101,0.00012126007025653961
732,866,134,0.134,0.00012688371216063387
700,850,150,0.15,0.00012752680693665753
778,889,111,0.111,0.00011398184001154732
732,866,134,0.134,0.00012333654271060368
722,861,139,0.139,0.00012158943247050047
734,867,133,0.133,0.00011820488973899046
786,893,107,0.107,0.00011191692664579023
700,850,150,0.15,0.00011307812465383904
772,886,114,0.114,0.00010498249070224119
746,873,127,0.127,0.00010709629758639494
762,881,119,0.119,9.979297040990786e-05
742,871,129,0.129,9.881680856778985e-05
742,871,129,0.129,0.00010480195606942289
728,864,136,0.136,0.00010032358153694076
756,878,122,0.122,0.00010284508628683397
642,821,179,0.179,0.00010649444919545203
766,883,117,0.117,0.00010129549668636173
708,854,146,0.146,0.00010717177273909329
738,869,131,0.131,0.00011180199596856256
764,882,118,0.118,0.00010817368538118899
786,893,107,0.107,0.00010837543497473234
746,873,127,0.127,0.00012137708452064543
764,882,118,0.118,0.00011524610051856144
728,864,136,0.136,0.00011892940151301446
758,879,121,0.121,0.0001172812443037401
732,866,134,0.134,0.00012024201588064897
680,840,160,0.16,0.00012414953141706063
768,884,116,0.116,0.00011680400659679435
760,880,120,0.12,0.0001274921428775997
724,862,138,0.138,0.0001305967948428588
748,874,126,0.126,0.000127294436453667
732,866,134,0.134,0.00014169179680175147
770,885,115,0.115,0.00012518627600366017
704,852,148,0.148,0.0001404266563404235
720,860,140,0.14,0.00013029759962955722
684,842,158,0.158,0.00013790851419616957
788,894,106,0.106,0.00012692483456339687
722,861,139,0.139,0.00012452677962573945
730,865,135,0.135,0.00012135801261320012
750,875,125,0.125,0.0001185255707387114
742,871,129,0.129,0.00012424514941085363
754,877,123,0.123,0.00012086427631584229
680,840,160,0.16,0.0001260819459494087
690,845,155,0.155,0.0001315014829087886
732,866,134,0.134,0.00012630884942336706
742,871,129,0.129,0.00013203596345556434
740,870,130,0.13,0.00013841514769592322
796,898,102,0.102,0.00013052639133820775
734,867,133,0.133,0.0001304788607012597
746,873,127,0.127,0.0001394564580768929
746,873,127,0.127,0.00013512700930732536
770,885,115,0.115,0.0001321337900662911
760,880,120,0.12,0.0001344375621774816
718,859,141,0.141,0.00013452273575239814
750,875,125,0.125,0.0001347025561990449
772,886,114,0.114,0.00013376618680922548
666,833,167,0.167,0.00013864235824439676
760,880,120,0.12,0.00012561488264327636
760,880,120,0.12,0.00012426997836882946
776,888,112,0.112,0.00012132785155699821
778,889,111,0.111,0.00010869898324745009
652,826,174,0.174,0.00012581142708950212
718,859,141,0.141,0.00011999775751610286
752,876,124,0.124,0.0001216905910623609
704,852,148,0.148,0.00011270339255133876
726,863,137,0.137,0.00011522446911840233
692,846,154,0.154,0.00012460334819479612
746,873,127,0.127,0.00011979618755140109
728,864,136,0.136,0.0001269998582356493
764,882,118,0.118,0.00012687954126886324
704,852,148,0.148,0.00014168812852585687
704,852,148,0.148,0.00013460078024218092
712,856,144,0.144,0.0001434167213665205
742,871,129,0.129,0.0001415751754248049
694,847,153,0.153,0.00017154310138721483
728,864,136,0.136,0.00015629157959483564
780,890,110,0.11,0.0001524459792271955
748,874,126,0.126,0.0001625571943077375
736,868,132,0.132,0.00016700666621181882
730,865,135,0.135,0.0001644706324004801
780,890,110,0.11,0.00015947425271588145
712,856,144,0.144,0.00016697336996730883
704,852,148,0.148,0.00016846120185073232
710,855,145,0.145,0.00016861844137019944
700,850,150,0.15,0.00017112424329388887
738,869,131,0.131,0.00015970594379177783
704,852,148,0.148,0.00016407917346077737
710,855,145,0.145,0.00015863600075681462
744,872,128,0.128,0.00015773356101999526
772,886,114,0.114,0.0001518753104901407
768,884,116,0.116,0.00014538635549979516
748,874,126,0.126,0.0001427611236431403
718,859,141,0.141,0.00014981333589093992
696,848,152,0.152,0.00014661320653976871
744,872,128,0.128,0.00014115045086509782
750,875,125,0.125,0.00014557491493178532
736,868,132,0.132,0.00014110035373596474
672,836,164,0.164,0.00014777479083568325
728,864,136,0.136,0.0001433736768522067
684,842,158,0.158,0.0001487495327965007
738,869,131,0.131,0.00014754141504818107
730,865,135,0.135,0.00015259730222896907
744,872,128,0.128,0.0001440333217542502
746,873,127,0.127,0.0001535042419054662
670,835,165,0.165,0.00016889528022147714
670,835,165,0.165,0.0001605252992158057
752,876,124,0.124,0.00014587332790688378
794,897,103,0.103,0.0001372397228042246
744,872,128,0.128,0.00013205782194563654
742,871,129,0.129,0.00014041865986655466
768,884,116,0.116,0.00012759709457168356
792,896,104,0.104,0.00012441937087714905
622,811,189,0.189,0.00013965742337313715
758,879,121,0.121,0.00012230448189802702
746,873,127,0.127,0.00012948031689302299
724,862,138,0.138,0.00013116559477930424
734,867,133,0.133,0.00013022009903215803
710,855,145,0.145,0.00013045708489516983
700,850,150,0.15,0.0001363615353257046
736,868,132,0.132,0.00013941059631906682
700,850,150,0.15,0.00014340969279874117
762,881,119,0.119,0.0001418528939175303
762,881,119,0.119,0.00013939258985919877
688,844,156,0.156,0.000151462917587196
728,864,136,0.136,0.00015241067013266728
768,884,116,0.116,0.00014807507482328218
758,879,121,0.121,0.00015359562572120922
764,882,118,0.118,0.00015462817773368443
746,873,127,0.127,0.00014959275492583402
764,882,118,0.118,0.00015548510850203455
720,860,140,0.14,0.0001498927449574694
706,853,147,0.147,0.00015025421147583983
746,873,127,0.127,0.00014749516885058256
660,830,170,0.17,0.00014955126389395445
720,860,140,0.14,0.0001457634311518632
704,852,148,0.148,0.0001503679770976305
758,879,121,0.121,0.0001469696592175751
752,876,124,0.124,0.00014386961494165007
796,898,102,0.102,0.00014619921127450653
730,865,135,0.135,0.0001540027651717537
700,850,150,0.15,0.0001627062854677206
720,860,140,0.14,0.00017010328439209842
682,841,159,0.159,0.0001699339224214782
764,882,118,0.118,0.00015702985698590056
730,865,135,0.135,0.00016243577539717081
698,849,151,0.151,0.00017162166810885538
756,878,122,0.122,0.00017484921497816687
708,854,146,0.146,0.00018646990469278535
784,892,108,0.108,0.0001676372322544921
724,862,138,0.138,0.00017823924563708715
682,841,159,0.159,0.00018118151628004854
738,869,131,0.131,0.00017482596317859134
752,876,124,0.124,0.0001698871112530469
770,885,115,0.115,0.00016060665433906252
732,866,134,0.134,0.0001494467278389493
748,874,126,0.126,0.0001352328916764236
740,870,130,0.13,0.00013436810354323824
760,880,120,0.12,0.00013368874984735158
766,883,117,0.117,0.00012784845240094
730,865,135,0.135,0.00013164439902902812
674,837,163,0.163,0.000138371005312365
716,858,142,0.142,0.00013031672537181294
724,862,138,0.138,0.00013790808671183187
742,871,129,0.129,0.00013459975593286798
734,867,133,0.133,0.00013630236013705143
702,851,149,0.149,0.00014593982595397393
734,867,133,0.133,0.00014277410748763942
704,852,148,0.148,0.00014772322467615596
756,878,122,0.122,0.00014896607329137622
726,863,137,0.137,0.00017246514139696956
698,849,151,0.151,0.00016754978355311323
768,884,116,0.116,0.00017912739236635388
686,843,157,0.157,0.0001901796753227245
716,858,142,0.142,0.0001812925109770731
690,845,155,0.155,0.00019148136502190028
728,864,136,0.136,0.0001874215118587017
684,842,158,0.158,0.00019739125328487717
704,852,148,0.148,0.00019935236986202653
756,878,122,0.122,0.00019231314805801957
748,874,126,0.126,0.0001919273793901084
672,836,164,0.164,0.0002030053089983994
736,868,132,0.132,0.00019555560423759744
750,875,125,0.125,0.00019227751878497657
708,854,146,0.146,0.0002079921242693672
698,849,151,0.151,0.00020599296320870052
732,866,134,0.134,0.0002094190290372353
746,873,127,0.127,0.0002000109802756924
744,872,128,0.128,0.00018436168506741525
686,843,157,0.157,0.00019737169705331327
758,879,121,0.121,0.00018814320611272706
758,879,121,0.121,0.00018204805714049142
732,866,134,0.134,0.00017070581104781013
726,863,137,0.137,0.00017051310468377777
808,904,96,0.096,0.00015312297212221893
696,848,152,0.152,0.0001596061054515303
760,880,120,0.12,0.00013545444316696376
756,878,122,0.122,0.00014232491497386944
706,853,147,0.147,0.00014916314231231808
738,869,131,0.131,0.00014161835291452007
722,861,139,0.139,0.00013793968511163258
756,878,122,0.122,0.00013811333938065217
736,868,132,0.132,0.0001439589391593472
758,879,121,0.121,0.00014717882478726096
758,879,121,0.121,0.0001396809546931763
730,865,135,0.135,0.00014799875853350387
718,859,141,0.141,0.00015560805561108283
752,876,124,0.124,0.00014718389090558049
722,861,139,0.139,0.00015993799531133844
734,867,133,0.133,0.00016470385541470024
750,875,125,0.125,0.00015710212496196618
722,861,139,0.139,0.00016097875736886634
720,860,140,0.14,0.00016119207829615333
706,853,147,0.147,0.00016629410137829835
742,871,129,0.129,0.00015991710847447393
762,881,119,0.119,0.00014730689390853513
752,876,124,0.124,0.00014160525140323444
712,856,144,0.144,0.00013670619982440258
754,877,123,0.123,0.00012719774799916194
766,883,117,0.117,0.00013256756932969438
704,852,148,0.148,0.00012935420368012274
760,880,120,0.12,0.00012105093958962243
736,868,132,0.132,0.0001278024838466081
740,870,130,0.13,0.00012861331188469195
776,888,112,0.112,0.00012214094110822772
686,843,157,0.157,0.00013654533169756177
728,864,136,0.136,0.00012310337924282066
738,869,131,0.131,0.00013776479727675906
756,878,122,0.122,0.00013367209221905796
688,844,156,0.156,0.00014750589399045567
758,879,121,0.121,0.00013954614463000325
744,872,128,0.128,0.00016396716763119912
650,825,175,0.175,0.00020556583691359266
682,841,159,0.159,0.0001906027704535518
680,840,160,0.16,0.00019102004465094068
730,865,135,0.135,0.00018068157076777424
756,878,122,0.122,0.00017337616676377365
740,870,130,0.13,0.00021576940375962294
706,853,147,0.147,0.00020842864381847903
728,864,136,0.136,0.00021330073486024048
736,868,132,0.132,0.0001994465273892274
786,893,107,0.107,0.00018935130684258184
752,876,124,0.124,0.00019525001205329318
772,886,114,0.114,0.0001839976955743623
780,890,110,0.11,0.00017626706534792902
700,850,150,0.15,0.00017487798448564718
726,863,137,0.137,0.00016470753611793043
758,879,121,0.121,0.0001549377978517441
744,872,128,0.128,0.00015407914986280958
736,868,132,0.132,0.0001435945554403588
662,831,169,0.169,0.00015488433830614668
716,858,142,0.142,0.0001543078852992039
716,858,142,0.142,0.00015090708120987984
684,842,158,0.158,0.00015625138924224303
732,866,134,0.134,0.0001601071391851292
742,871,129,0.129,0.00018023779657960404
748,874,126,0.126,0.00016937967967533041
684,842,158,0.158,0.00018642654381255852
648,824,176,0.176,0.00020138342415884836
692,846,154,0.154,0.0002251638575398829
666,833,167,0.167,0.0002197550741257146
726,863,137,0.137,0.00022451876867853572
744,872,128,0.128,0.00022177269659005107
678,839,161,0.161,0.00027352647746738514
716,858,142,0.142,0.0002624092932092026
722,861,139,0.139,0.00024559192472952416
692,846,154,0.154,0.0002608959933713777
758,879,121,0.121,0.0002684984069201164
740,870,130,0.13,0.0002664793754229322
706,853,147,0.147,0.0002727267631998984
746,873,127,0.127,0.00026059085577435323
740,870,130,0.13,0.00024890909223177003
742,871,129,0.129,0.00024503019626718016
716,858,142,0.142,0.00023379806464072318
752,876,124,0.124,0.00023785794453579
698,849,151,0.151,0.000244780771114165
758,879,121,0.121,0.00021953966618457342
756,878,122,0.122,0.00016391680436208844
780,890,110,0.11,0.00016547999257454649
744,872,128,0.128,0.0001918257512661512
736,868,132,0.132,0.0001853159293095814
686,843,157,0.157,0.0001595433215261437
764,882,118,0.118,0.00016899529921647627
712,856,144,0.144,0.00016916658906120574
692,846,154,0.154,0.0001601873741383315
748,874,126,0.126,0.00014460970671643735
732,866,134,0.134,0.00014140438360482223
734,867,133,0.133,0.00014800151301460574
756,878,122,0.122,0.00014414053074870026
728,864,136,0.136,0.00014441225240443601
786,893,107,0.107,0.00013795576769916806
736,868,132,0.132,0.00014100754739047262
792,896,104,0.104,0.00013841730707645183
738,869,131,0.131,0.00014236360925860936
738,869,131,0.131,0.00015068067706306464
718,859,141,0.141,0.00016197552947414806
702,851,149,0.149,0.00015651524186250754
736,868,132,0.132,0.00014894301441381686
780,890,110,0.11,0.0001461020908827777
742,871,129,0.129,0.00015531193582137348
692,846,154,0.154,0.0001706543296459131
762,881,119,0.119,0.00015967201497551285
764,882,118,0.118,0.0001622036393309827
706,853,147,0.147,0.0001661577377381036
746,873,127,0.127,0.00016993066868599272
698,849,151,0.151,0.00018537341042247136
712,856,144,0.144,0.00017298677174403565
754,877,123,0.123,0.00017515388019819511
656,828,172,0.172,0.0001929861466487637
728,864,136,0.136,0.00020151446676754857
756,878,122,0.122,0.00018784704158315434
716,858,142,0.142,0.0002050586906116223
738,869,131,0.131,0.00019275677354016807
758,879,121,0.121,0.00019425783457700164
714,857,143,0.143,0.00020331218026694843
722,861,139,0.139,0.00020519143491401338
664,832,168,0.168,0.0002135984344931785
712,856,144,0.144,0.00021910333710548
712,856,144,0.144,0.0002274996289634146
770,885,115,0.115,0.00021268127125222236
714,857,143,0.143,0.00022661789950507226
700,850,150,0.15,0.0002319160461629508
736,868,132,0.132,0.0002404502780700568
732,866,134,0.134,0.00023705852826242334
736,868,132,0.132,0.00024171073983598034
724,862,138,0.138,0.0002494256901845802
760,880,120,0.12,0.0002469488388596801
718,859,141,0.141,0.00025561088701942934
710,855,145,0.145,0.00025872911349870265
720,860,140,0.14,0.0002558714639308164
696,848,152,0.152,0.0002645168165472569
730,865,135,0.135,0.00026102454654756003
702,851,149,0.149,0.0002607903605385218
738,869,131,0.131,0.0002639780835888814
768,884,116,0.116,0.0002633096914505586
694,847,153,0.153,0.0002684357893303968
742,871,129,0.129,0.00026434764923760666
744,872,128,0.128,0.0002625722838274669
772,886,114,0.114,0.0002514584432792617
754,877,123,0.123,0.00024327243631705643
726,863,137,0.137,0.0002463607358367881
778,889,111,0.111,0.00022451701819954905
734,867,133,0.133,0.00022433447571529541
700,850,150,0.15,0.00023036356785451062
788,894,106,0.106,0.00021836653385253157
760,880,120,0.12,0.00020629497738264036
750,875,125,0.125,0.00020819942782691214
752,876,124,0.124,0.00020069412497105077
742,871,129,0.129,0.000179379046196118
748,874,126,0.126,0.00018218249673373067
778,889,111,0.111,0.00017488274685456418
774,887,113,0.113,0.0001862889118347084
724,862,138,0.138,0.0001848234819917707
686,843,157,0.157,0.00019381912040989846
736,868,132,0.132,0.0001964273372286698
718,859,141,0.141,0.00020220106226042845
740,870,130,0.13,0.0002147851165063912
748,874,126,0.126,0.00022871896627475508
686,843,157,0.157,0.00023408020091301296
718,859,141,0.141,0.00023447423909965436
660,830,170,0.17,0.00025254275221959686
650,825,175,0.175,0.00030105952019221147
746,873,127,0.127,0.00028212633125076537
732,866,134,0.134,0.0003130021678225603
714,857,143,0.143,0.00035187912289984523
728,864,136,0.136,0.00034096606033563146
714,857,143,0.143,0.00033860012427612676
702,851,149,0.149,0.0003553754886961542
704,852,148,0.148,0.0003781311172060668
778,889,111,0.111,0.00036340504663530735
738,869,131,0.131,0.0003854152780841105
726,863,137,0.137,0.00036885845140204764
774,887,113,0.113,0.0003544787222344894
718,859,141,0.141,0.00037455724077881315
764,882,118,0.118,0.00035651698568835854
754,877,123,0.123,0.0003210490955534624
726,863,137,0.137,0.0003233631712500937
670,835,165,0.165,0.0002992883969563991
790,895,105,0.105,0.00026373327626788524
722,861,139,0.139,0.00027641010607476344
694,847,153,0.153,0.00026593970754765906
702,851,149,0.149,0.00026852700249582994
716,858,142,0.142,0.0002570170284452615
736,868,132,0.132,0.00022501665537129155
736,868,132,0.132,0.00022849091347598005
718,859,141,0.141,0.00023283970293414314
728,864,136,0.136,0.00023353583116841038
716,858,142,0.142,0.00023411118840158452
718,859,141,0.141,0.00023005813686177134
728,864,136,0.136,0.00023151952947955578
736,868,132,0.132,0.00023962678230600432
688,844,156,0.156,0.00025061578962777277
740,870,130,0.13,0.00023903291796159465
800,900,100,0.1,0.00024234773546049837
680,840,160,0.16,0.00026942771874018947
698,849,151,0.151,0.0002633318132866407
730,865,135,0.135,0.00025632513183518313
770,885,115,0.115,0.0002618711029936094
738,869,131,0.131,0.0002704114527150523
756,878,122,0.122,0.0002711156999139348
730,865,135,0.135,0.00026863757518003696
706,853,147,0.147,0.00028170600922021547
738,869,131,0.131,0.00027540234166372103
754,877,123,0.123,0.00027106211706995966
762,881,119,0.119,0.00027058979531284424
774,887,113,0.113,0.00024955671638599594
728,864,136,0.136,0.0002548273661668645
718,859,141,0.141,0.0002667679139703978
710,855,145,0.145,0.00026013128893100654
734,867,133,0.133,0.0002550686169706751
788,894,106,0.106,0.00024054634050116875
762,881,119,0.119,0.0002380068259080872
712,856,144,0.144,0.000257255873788381
750,875,125,0.125,0.0002398706542007858
738,869,131,0.131,0.0002524643268989166
758,879,121,0.121,0.0002357109042495722
664,832,168,0.168,0.0002495981728425249
692,846,154,0.154,0.0002487098456913372
770,885,115,0.115,0.00024091402512567582
664,832,168,0.168,0.00027611890299886
726,863,137,0.137,0.00026504558451415506
684,842,158,0.158,0.0002835884104279103
720,860,140,0.14,0.0002864516542031197
732,866,134,0.134,0.00028856033294869123
746,873,127,0.127,0.00029207945620873945
686,843,157,0.157,0.00031523351471696517
686,843,157,0.157,0.00032030236172431615
752,876,124,0.124,0.0003312651818559971
808,904,96,0.096,0.00032478903577430173
720,860,140,0.14,0.0003556238208693685
728,864,136,0.136,0.00034723680902970955
726,863,137,0.137,0.0003382173004501965
790,895,105,0.105,0.0003363464078429388
732,866,134,0.134,0.00034967379699810407
734,867,133,0.133,0.0003384610220673494
764,882,118,0.118,0.00031807625765213745
748,874,126,0.126,0.0002899004745704588
760,880,120,0.12,0.00028325358116126155
760,880,120,0.12,0.0002685097398934886
748,874,126,0.126,0.0002677937309636036
664,832,168,0.168,0.00029854703853197863
740,870,130,0.13,0.00026696411875309423
770,885,115,0.115,0.000257951799154398
768,884,116,0.116,0.00024094974642503077
728,864,136,0.136,0.00025112286777584814
758,879,121,0.121,0.00024198610983148684
740,870,130,0.13,0.00023771964975458104
726,863,137,0.137,0.0002471160416316707
656,828,172,0.172,0.00025065817043650894
746,873,127,0.127,0.00024230010410246906
692,846,154,0.154,0.000262004228803562
750,875,125,0.125,0.00024941630019748116
778,889,111,0.111,0.00024934577898238786
762,881,119,0.119,0.0002516059273475548
772,886,114,0.114,0.00024720678303856403
732,866,134,0.134,0.00025042223613127136
732,866,134,0.134,0.0002479252151824767
742,871,129,0.129,0.00024361282026802656
738,869,131,0.131,0.00024166465326561591
788,894,106,0.106,0.00022890422950149514
748,874,126,0.126,0.0002233216227614321
712,856,144,0.144,0.00022923250349413137
672,836,164,0.164,0.00022546513535780832
728,864,136,0.136,0.0002461834131099749
716,858,142,0.142,0.00023101661184045952
774,887,113,0.113,0.00023058573761954905
724,862,138,0.138,0.00025958610746602064
714,857,143,0.143,0.0002752008691750234
762,881,119,0.119,0.0002871735436638119
740,870,130,0.13,0.00028871372631692795
728,864,136,0.136,0.00029080291133141143
738,869,131,0.131,0.0003133729122200748
752,876,124,0.124,0.00031044023626600393
770,885,115,0.115,0.0003221146968571702
690,845,155,0.155,0.00035898035739955955
770,885,115,0.115,0.00033200181488064116
742,871,129,0.129,0.0003372461573162582
734,867,133,0.133,0.00035346172557910907
748,874,126,0.126,0.0003487224892451195
764,882,118,0.118,0.0003343760786228813
718,859,141,0.141,0.0003385994739946909
776,888,112,0.112,0.0003207129461225122
680,840,160,0.16,0.00033168567501707004
760,880,120,0.12,0.00032511845213593915
718,859,141,0.141,0.000324984944643802
694,847,153,0.153,0.0003194370167766465
748,874,126,0.126,0.0003069041738490341
740,870,130,0.13,0.0003207075919781346
780,890,110,0.11,0.0003087194621621165
704,852,148,0.148,0.00031726020004134626
748,874,126,0.126,0.00030680391407804565
692,846,154,0.154,0.00032685119095549455
776,888,112,0.112,0.0003084825535188429
754,877,123,0.123,0.0003135500882344786
698,849,151,0.151,0.00031582610349869356
754,877,123,0.123,0.0003033681011729641
742,871,129,0.129,0.00032296500053780616
780,890,110,0.11,0.0003102574615040794
718,859,141,0.141,0.0003274238478479674
748,874,126,0.126,0.00032449492944579104
754,877,123,0.123,0.0003317364431568421
752,876,124,0.124,0.00032250868109986184
730,865,135,0.135,0.00032798625544819515
700,850,150,0.15,0.0003122851815860486
726,863,137,0.137,0.00032344137615291404
712,856,144,0.144,0.0003205555858439766
738,869,131,0.131,0.00030985140477423554
726,863,137,0.137,0.00031071054576023015
796,898,102,0.102,0.00030338714410027025
728,864,136,0.136,0.0003173076845851028
684,842,158,0.158,0.0003216144670441281
758,879,121,0.121,0.00031021230097394437
720,860,140,0.14,0.0003032286595698679
734,867,133,0.133,0.0003072998980351258
742,871,129,0.129,0.0003062849710113369
710,855,145,0.145,0.0003182921933475882
710,855,145,0.145,0.00032253393744758794
760,880,120,0.12,0.00028954306661034936
722,861,139,0.139,0.0003011256900208537
724,862,138,0.138,0.00030175265522848347
730,865,135,0.135,0.0003075111230136827
730,865,135,0.135,0.0003139632947422797
726,863,137,0.137,0.0003102660534932511
716,858,142,0.142,0.0003054922851588344
706,853,147,0.147,0.00030580750665103553
736,868,132,0.132,0.00031058772170217705
700,850,150,0.15,0.00031943725228484254
736,868,132,0.132,0.00031410032564599535
714,857,143,0.143,0.0003201024203299312
716,858,142,0.142,0.00035581532973446884
694,847,153,0.153,0.00036727168862125834
724,862,138,0.138,0.0003433719925233163
758,879,121,0.121,0.00035676090038032273
704,852,148,0.148,0.00038019306444039104
708,854,146,0.146,0.0003841686744999606
774,887,113,0.113,0.00037527422630228104
754,877,123,0.123,0.0003961113390396349
730,865,135,0.135,0.00039389743335777896
740,870,130,0.13,0.0003715041026007384
746,873,127,0.127,0.00037241269843070766
734,867,133,0.133,0.00036967824265593665
758,879,121,0.121,0.00034942529653199015
798,899,101,0.101,0.0003329428026336245
736,868,132,0.132,0.00037832728117064105
766,883,117,0.117,0.00032037151481199546
750,875,125,0.125,0.0003340788163332036
778,889,111,0.111,0.00030230148482951333
788,894,106,0.106,0.0002554619014117634
796,898,102,0.102,0.00025616275948414115
784,892,108,0.108,0.00026219731729361227
814,907,93,0.093,0.0002296109381277347
712,856,144,0.144,0.00022737738935393282
778,889,111,0.111,0.00021921047710929997
724,862,138,0.138,0.00021057339827530087
728,864,136,0.136,0.00021539990295423194
750,875,125,0.125,0.000221864157152595
698,849,151,0.151,0.00024607001442927866
668,834,166,0.166,0.0002541727296920726
730,865,135,0.135,0.00023950552937458268
750,875,125,0.125,0.00025864834352978507
690,845,155,0.155,0.0002548885180731304
724,862,138,0.138,0.00027825099760957526
686,843,157,0.157,0.0003162117619358469
738,869,131,0.131,0.0003327923036849825
704,852,148,0.148,0.00037213739295839334
744,872,128,0.128,0.00035165176136069934
720,860,140,0.14,0.00041778786812210456
774,887,113,0.113,0.00040663284606125673
686,843,157,0.157,0.00043131838577392044
728,864,136,0.136,0.0004531109760864638
688,844,156,0.156,0.000486611211032141
730,865,135,0.135,0.00048569115705322476
752,876,124,0.124,0.0004754520337155554
760,880,120,0.12,0.0004749305165314581
738,869,131,0.131,0.0004634014078765176
788,894,106,0.106,0.0004596328374173027
722,861,139,0.139,0.0004668138191627804
726,863,137,0.137,0.0004270359656366054
734,867,133,0.133,0.00042167930337018336
776,888,112,0.112,0.0003909531715326011
762,881,119,0.119,0.00038534192583756523
736,868,132,0.132,0.0004003302443015855
744,872,128,0.128,0.0003701853643869981
768,884,116,0.116,0.00035233104063081555
744,872,128,0.128,0.00036027179539087226
750,875,125,0.125,0.00034482874677632935
734,867,133,0.133,0.00034944577317219227
674,837,163,0.163,0.0003534469145524781
752,876,124,0.124,0.00033753940535825676
720,860,140,0.14,0.0003131942801264813
666,833,167,0.167,0.0003581727212877013
736,868,132,0.132,0.00032440190107445234
780,890,110,0.11,0.0003260899091546889
716,858,142,0.142,0.0003392088539258111
762,881,119,0.119,0.0003355008884536801
712,856,144,0.144,0.00034348011764814146
734,867,133,0.133,0.0003397512128285598
724,862,138,0.138,0.00036715808536973783
728,864,136,0.136,0.0003669604114256799
714,857,143,0.143,0.00036736843414837493
762,881,119,0.119,0.0003542285064177122
776,888,112,0.112,0.0003628085627569817
710,855,145,0.145,0.00038270617998205125
722,861,139,0.139,0.0003911513839557301
716,858,142,0.142,0.0003925422218162566
724,862,138,0.138,0.00039560218874248675
816,908,92,0.092,0.00037552213630988264
718,859,141,0.141,0.0004077324391109869
704,852,148,0.148,0.0004187771680590231
724,862,138,0.138,0.00041381351416930557
694,847,153,0.153,0.0004330334943952039
772,886,114,0.114,0.0003966451294836588
786,893,107,0.107,0.00040842805855209006
776,888,112,0.112,0.00039445614750729875
806,903,97,0.097,0.0003803622564300895
742,871,129,0.129,0.0003877758214948699
704,852,148,0.148,0.00038565342275251167
700,850,150,0.15,0.00038567665574373676
712,856,144,0.144,0.00039649335012654775
760,880,120,0.12,0.0003664655918546487
732,866,134,0.134,0.00037289367604535073
728,864,136,0.136,0.0003524439687898848
742,871,129,0.129,0.000368720877711894
758,879,121,0.121,0.0003656706943875179
744,872,128,0.128,0.0003708961954980623
658,829,171,0.171,0.00036960669330437666
704,852,148,0.148,0.0003770950408943463
780,890,110,0.11,0.00037790048762690275
724,862,138,0.138,0.00039207905009971
750,875,125,0.125,0.0003791408384568058
732,866,134,0.134,0.0003880107736913487
726,863,137,0.137,0.00038280264372588137
724,862,138,0.138,0.00039781686253263614
776,888,112,0.112,0.00038884762389352544
804,902,98,0.098,0.00037873861513799056
764,882,118,0.118,0.0004030879578203894
742,871,129,0.129,0.000418776380160125
744,872,128,0.128,0.0004202993911749218
694,847,153,0.153,0.00044518892891937865
680,840,160,0.16,0.0004613959768321365
702,851,149,0.149,0.0004606714132823981
746,873,127,0.127,0.0004493574758816976
766,883,117,0.117,0.00044695265594054946
724,862,138,0.138,0.0004616346585389692
772,886,114,0.114,0.0004329234241158701
752,876,124,0.124,0.00045840903179487214
732,866,134,0.134,0.00043763023253995924
690,845,155,0.155,0.00045451138907810675
768,884,116,0.116,0.0004185307628940791
680,840,160,0.16,0.00041527166779269467
686,843,157,0.157,0.00042641902636387385
748,874,126,0.126,0.00039000038310769015
694,847,153,0.153,0.00039483194932108745
680,840,160,0.16,0.0003897238968056627
772,886,114,0.114,0.0003726687243615743
720,860,140,0.14,0.0003860016904654913
734,867,133,0.133,0.00038144278165418654
768,884,116,0.116,0.0003560616231407039
778,889,111,0.111,0.00032967331855616067
700,850,150,0.15,0.00034872772241942583
726,863,137,0.137,0.00035686380151310005
700,850,150,0.15,0.00033630634385917803
740,870,130,0.13,0.0003227934081078274
762,881,119,0.119,0.0003337407258077292
724,862,138,0.138,0.0003106692802684847
680,840,160,0.16,0.00031662561887060294
720,860,140,0.14,0.0003129157044168096
732,866,134,0.134,0.00030805102070735304
732,866,134,0.134,0.0003113572001311695
768,884,116,0.116,0.0003164660334296059
702,851,149,0.149,0.00032384386648482176
678,839,161,0.161,0.00034934610866184813
740,870,130,0.13,0.0003432091616996331
714,857,143,0.143,0.00033551506642834285
734,867,133,0.133,0.0003476715891738422
770,885,115,0.115,0.00034626797879172956
742,871,129,0.129,0.0003460718242859002
750,875,125,0.125,0.0003421779322088696
722,861,139,0.139,0.00035998925581225193
754,877,123,0.123,0.0003533650491735898
714,857,143,0.143,0.00035338264843449
700,850,150,0.15,0.00037154618691420183
704,852,148,0.148,0.00036907252107630485
678,839,161,0.161,0.000372422608314082
728,864,136,0.136,0.0003622967305127531
724,862,138,0.138,0.0003620964772126172
740,870,130,0.13,0.0003607332575775217
760,880,120,0.12,0.00036394323184504174
678,839,161,0.161,0.0003745695705874823
768,884,116,0.116,0.0003523164271027781
780,890,110,0.11,0.0003406906645395793
724,862,138,0.138,0.0003251401948509738
732,866,134,0.134,0.0003438581092923414
750,875,125,0.125,0.0003197641655278858
718,859,141,0.141,0.0003221461786597501
720,860,140,0.14,0.00031923302527866326
700,850,150,0.15,0.0003040994328330271
686,843,157,0.157,0.00032008052364108154
728,864,136,0.136,0.0003035332100116648
748,874,126,0.126,0.00028771826704905833
688,844,156,0.156,0.0002999316869827453
730,865,135,0.135,0.00030145691774669106
730,865,135,0.135,0.00031698459513427224
712,856,144,0.144,0.0003243236356502166
762,881,119,0.119,0.00030479668287443926
684,842,158,0.158,0.00031106037164863666
736,868,132,0.132,0.0003071191400813405
774,887,113,0.113,0.0003152473233931232
706,853,147,0.147,0.00034319269435945896
698,849,151,0.151,0.00034054242631827945
706,853,147,0.147,0.00036174677251256073
718,859,141,0.141,0.0003624646610405762
758,879,121,0.121,0.0003422296816133894
714,857,143,0.143,0.0003700959745619912
698,849,151,0.151,0.0003663890588795766
758,879,121,0.121,0.0003502260166278575
660,830,170,0.17,0.00039338041897281074
794,897,103,0.103,0.00034597482506069357
766,883,117,0.117,0.0003446109452925157
716,858,142,0.142,0.0003578860523994081
708,854,146,0.146,0.0003533997225022176
714,857,143,0.143,0.0003369459836394526
744,872,128,0.128,0.00031446872009837534
722,861,139,0.139,0.0002904321639070986
726,863,137,0.137,0.0003104722563002724
756,878,122,0.122,0.00029069105615781157
734,867,133,0.133,0.0002708476481202524
724,862,138,0.138,0.0002854028382425895
722,861,139,0.139,0.0002797763839189429
700,850,150,0.15,0.0002585592216346413
780,890,110,0.11,0.00025469998926564585
740,870,130,0.13,0.0002543240111263003
746,873,127,0.127,0.000263181506539695
722,861,139,0.139,0.0002659086781059159
744,872,128,0.128,0.0002681425073678838
690,845,155,0.155,0.0002805440927768359
656,828,172,0.172,0.0002806658595363842
766,883,117,0.117,0.00027211317664477974
758,879,121,0.121,0.0002767977578769205
716,858,142,0.142,0.00029628903337288647
758,879,121,0.121,0.00029261798634252047
740,870,130,0.13,0.00030082205185317433
700,850,150,0.15,0.00033034834107093045
746,873,127,0.127,0.0003129162730328972
710,855,145,0.145,0.0003712900753016584
722,861,139,0.139,0.0003483949054061668
700,850,150,0.15,0.00037226862300303765
740,870,130,0.13,0.0003536651792528573
710,855,145,0.145,0.00036539898149203507
740,870,130,0.13,0.0003738924549834337
764,882,118,0.118,0.00035600864328444004
700,850,150,0.15,0.0003636973696120549
726,863,137,0.137,0.0003597821047005709
794,897,103,0.103,0.0003428495391708566
710,855,145,0.145,0.0003588256469229236
724,862,138,0.138,0.000328729842643952
738,869,131,0.131,0.00033939224388450384
708,854,146,0.146,0.00032852062536403536
682,841,159,0.159,0.00034730103737092574
708,854,146,0.146,0.00032606947037857025
672,836,164,0.164,0.00032736554383882324
740,870,130,0.13,0.00031142041200655514
704,852,148,0.148,0.0003314657049340894
720,860,140,0.14,0.0003299111259402707
768,884,116,0.116,0.00031263891371781935
764,882,118,0.118,0.0003086816330178408
722,861,139,0.139,0.00032199026332818903
788,894,106,0.106,0.00032049937367264645
722,861,139,0.139,0.0003250789791200077
764,882,118,0.118,0.0003064767620962812
692,846,154,0.154,0.0003295637639967026
776,888,112,0.112,0.0003066697577305604
646,823,177,0.177,0.00033875283077941276
708,854,146,0.146,0.0003229938287549885
784,892,108,0.108,0.00031743661683867686
676,838,162,0.162,0.0003401645190897398
736,868,132,0.132,0.0003295962265256094
732,866,134,0.134,0.00033358136635797564
716,858,142,0.142,0.0003477806230657734
752,876,124,0.124,0.00033332887243886944
732,866,134,0.134,0.00036523354283417574
724,862,138,0.138,0.0003507742232468445
756,878,122,0.122,0.00033520180417690424
750,875,125,0.125,0.0003423891205166001
726,863,137,0.137,0.00035828293731901794
726,863,137,0.137,0.00035546723945299166
754,877,123,0.123,0.0003502451155509334
746,873,127,0.127,0.00033376328737358564
716,858,142,0.142,0.0003547555996628944
752,876,124,0.124,0.00034173500500037335
690,845,155,0.155,0.0003514945207571145
738,869,131,0.131,0.00034792053143610247
734,867,133,0.133,0.0003333851970237447
736,868,132,0.132,0.00031452114264538976
788,894,106,0.106,0.0003067211181623861
716,858,142,0.142,0.0003152196760493098
760,880,120,0.12,0.00030521371733630074
802,901,99,0.099,0.00029866193364432546
784,892,108,0.108,0.0003059428280394059
770,885,115,0.115,0.00028126761832390914
720,860,140,0.14,0.0003031451695424039
746,873,127,0.127,0.0002600821866071783
706,853,147,0.147,0.00025132699888490606
754,877,123,0.123,0.00023299965242040344
748,874,126,0.126,0.0002530049108318053
668,834,166,0.166,0.0002533826754661277
752,876,124,0.124,0.0002446780174941523
764,882,118,0.118,0.0002608289568888722
744,872,128,0.128,0.00025331095309229565
776,888,112,0.112,0.0002941584052168764
738,869,131,0.131,0.00030812024293118157
784,892,108,0.108,0.00029534463677555325
752,876,124,0.124,0.00030900488837505693
742,871,129,0.129,0.0003183139507018495
722,861,139,0.139,0.00033196140776271934
756,878,122,0.122,0.00032344928738893943
778,889,111,0.111,0.0003219603401375934
780,890,110,0.11,0.00032412205946457106
710,855,145,0.145,0.00034545240108855066
732,866,134,0.134,0.0003313449506968027
700,850,150,0.15,0.00035001171843032354
740,870,130,0.13,0.0003303055640135426
690,845,155,0.155,0.00034023956785677
754,877,123,0.123,0.0003345017081592232
752,876,124,0.124,0.00034749907421064563
746,873,127,0.127,0.0003583196981489891
708,854,146,0.146,0.0003882693153282162
718,859,141,0.141,0.00037709760028519667
662,831,169,0.169,0.0003867243827844504
808,904,96,0.096,0.0003601189429173246
708,854,146,0.146,0.00039712062972830606
686,843,157,0.157,0.0003905834931647405
736,868,132,0.132,0.0004167045138019603
742,871,129,0.129,0.0004239688234811183
712,856,144,0.144,0.00041414882158278486
710,855,145,0.145,0.0004360232651524711
734,867,133,0.133,0.00041421343013644217
718,859,141,0.141,0.00043359712845995093
748,874,126,0.126,0.0004161045619403012
690,845,155,0.155,0.00041421004000585527
748,874,126,0.126,0.00039630140841472896
732,866,134,0.134,0.0003943043197214138
768,884,116,0.116,0.0003791738142026588
738,869,131,0.131,0.00038326200447045264
756,878,122,0.122,0.0003832806524587795
764,882,118,0.118,0.00037801393150584773
672,836,164,0.164,0.00039061363833025096
750,875,125,0.125,0.00036812477139756085
756,878,122,0.122,0.0003562416703207418
740,870,130,0.13,0.000367611350142397
758,879,121,0.121,0.0003459024595504161
760,880,120,0.12,0.0003427010382292792
778,889,111,0.111,0.00032285210817644837
710,855,145,0.145,0.000349921285014716
712,856,144,0.144,0.00033347862184746193
736,868,132,0.132,0.00032541262304584963
730,865,135,0.135,0.00033622755930991845
730,865,135,0.135,0.00032875273303943685
746,873,127,0.127,0.00033810954398359174
760,880,120,0.12,0.0003334263839788036
744,872,128,0.128,0.00033520348733873107
738,869,131,0.131,0.0003348923073499464
782,891,109,0.109,0.00032555834634695203
692,846,154,0.154,0.00034322764113312585
704,852,148,0.148,0.00034122930497687776
734,867,133,0.133,0.0003451650138013065
752,876,124,0.124,0.00034814439949695954
752,876,124,0.124,0.00034614461836463304
712,856,144,0.144,0.00036026982418843547
808,904,96,0.096,0.0003490535390155856
722,861,139,0.139,0.00036834118331898933
748,874,126,0.126,0.00036922008576220834
746,873,127,0.127,0.0003937106563244015
730,865,135,0.135,0.00038138234592042863
728,864,136,0.136,0.00039921067422255875
702,851,149,0.149,0.0004217854668968357
746,873,127,0.127,0.0004100888886023313
742,871,129,0.129,0.0004001972768746782
688,844,156,0.156,0.00043421376537298783
750,875,125,0.125,0.0004211861706862692
718,859,141,0.141,0.0004271031450771261
766,883,117,0.117,0.00041427869608742183
710,855,145,0.145,0.000432383476436371
786,893,107,0.107,0.0004104375758615788
738,869,131,0.131,0.00043033592580468395
740,870,130,0.13,0.0004057083138905
726,863,137,0.137,0.0004164236426295247
752,876,124,0.124,0.0003902967705798801
706,853,147,0.147,0.00040201698278542606
718,859,141,0.141,0.00040174184332136066
712,856,144,0.144,0.0003920785226800945
706,853,147,0.147,0.00041554477604222484
692,846,154,0.154,0.0004217205331660807
732,866,134,0.134,0.0004250695330556482
696,848,152,0.152,0.0004953855728090275
754,877,123,0.123,0.000461030964681413
706,853,147,0.147,0.00047585124726174397
742,871,129,0.129,0.0005011707353405655
682,841,159,0.159,0.0005162717462226283
666,833,167,0.167,0.0005493439371930435
746,873,127,0.127,0.0005088191473041661
790,895,105,0.105,0.0005386896397685632
662,831,169,0.169,0.0005636515757068991
742,871,129,0.129,0.0005511100013391115
782,891,109,0.109,0.0005271135781367776
726,863,137,0.137,0.0005301976984774229
766,883,117,0.117,0.000541511439892929
710,855,145,0.145,0.0005578732512367423
726,863,137,0.137,0.0005241366142872721
740,870,130,0.13,0.0005069897883513476
706,853,147,0.147,0.0005015962840989232
718,859,141,0.141,0.0005114820611779578
780,890,110,0.11,0.00047782992402790116
734,867,133,0.133,0.0004779144911153708
678,839,161,0.161,0.00048683605485712176
746,873,127,0.127,0.00043973493567318656
724,862,138,0.138,0.0004609890491119586
774,887,113,0.113,0.00043958638986805456
748,874,126,0.126,0.0004490582378930412
706,853,147,0.147,0.0004237746898143087
698,849,151,0.151,0.00043386016218573787
728,864,136,0.136,0.0004230071444180794
722,861,139,0.139,0.00042087280537816697
758,879,121,0.121,0.0004249446649046149
712,856,144,0.144,0.00046380348067032173
676,838,162,0.162,0.0004943527945433743
746,873,127,0.127,0.00048199745806050485
734,867,133,0.133,0.00048048947026836685
680,840,160,0.16,0.000542867178824963
696,848,152,0.152,0.000504357482510386
754,877,123,0.123,0.0005322188111022114
746,873,127,0.127,0.0005679014463967178
700,850,150,0.15,0.0005617642017023173
680,840,160,0.16,0.0005807835081068333
750,875,125,0.125,0.000550601911614649
744,872,128,0.128,0.000552669155120384
720,860,140,0.14,0.0005936743174970616
700,850,150,0.15,0.0005924527338356711
708,854,146,0.146,0.0006224156115786173
678,839,161,0.161,0.0006158103334309999
696,848,152,0.152,0.0006265064864128362
714,857,143,0.143,0.0006159782186732628
642,821,179,0.179,0.0006504252257291227
764,882,118,0.118,0.000593719637428876
760,880,120,0.12,0.000603210113971727
738,869,131,0.131,0.0005950788521149661
674,837,163,0.163,0.000628496651770547
714,857,143,0.143,0.000579483961511869
656,828,172,0.172,0.000612350966403028
708,854,146,0.146,0.0006000730890082195
764,882,118,0.118,0.0006011231624870561
748,874,126,0.126,0.0005779247647733428
772,886,114,0.114,0.0005856733165855985
738,869,131,0.131,0.0005963988686562516
740,870,130,0.13,0.000593076370714698
720,860,140,0.14,0.0006188266392273363
712,856,144,0.144,0.0006326596676080954
748,874,126,0.126,0.0005959755739022512
686,843,157,0.157,0.0006094566369138192
752,876,124,0.124,0.0005945056770578958
696,848,152,0.152,0.0006345051222306211
686,843,157,0.157,0.0006385683013941161
756,878,122,0.122,0.0006299326726584695
688,844,156,0.156,0.0006364365034969523
746,873,127,0.127,0.0006085901909682434
746,873,127,0.127,0.0005943977150891442
714,857,143,0.143,0.000618227843020577
758,879,121,0.121,0.0005906412737967912
732,866,134,0.134,0.0005846002674952615
712,856,144,0.144,0.0006049223647860344
762,881,119,0.119,0.0005665960836049635
712,856,144,0.144,0.0006117675190034788
718,859,141,0.141,0.0005915969353518449
720,860,140,0.14,0.0005916541456535924
738,869,131,0.131,0.0005900011712510605
668,834,166,0.166,0.000663384707266232
756,878,122,0.122,0.0006346075926849153
742,871,129,0.129,0.0006524366441590246
726,863,137,0.137,0.0006572471066028811
712,856,144,0.144,0.0006964851763332263
712,856,144,0.144,0.0006906617693020962
706,853,147,0.147,0.0006664088200195692
704,852,148,0.148,0.0006910077227512374
748,874,126,0.126,0.0006993219962459989
688,844,156,0.156,0.0007455895236926154
732,866,134,0.134,0.0007304694375488908
722,861,139,0.139,0.000699445876176469
738,869,131,0.131,0.0007032474428997376
708,854,146,0.146,0.0007220938427490182
712,856,144,0.144,0.0007456623337930068
744,872,128,0.128,0.0007151380399591289
700,850,150,0.15,0.0007476783980964683
798,899,101,0.101,0.0007129185349331237
694,847,153,0.153,0.0007224335647188127
728,864,136,0.136,0.0007157441988238134
736,868,132,0.132,0.000722782369935885
692,846,154,0.154,0.0007585252901772037
702,851,149,0.149,0.000758561008668039
712,856,144,0.144,0.0008018412841483951
722,861,139,0.139,0.0007992449253215455
764,882,118,0.118,0.0007570724739925936
768,884,116,0.116,0.0007986781656509265
714,857,143,0.143,0.0008560628776322119
726,863,137,0.137,0.0008438930882257409
770,885,115,0.115,0.0008223590266425163
716,858,142,0.142,0.0008794407318346202
690,845,155,0.155,0.0008970796357025393
796,898,102,0.102,0.0008390656323754229
742,871,129,0.129,0.0008896522381692194
750,875,125,0.125,0.0008602057199459523
744,872,128,0.128,0.000845686242741067
734,867,133,0.133,0.0008351946321781725
730,865,135,0.135,0.0008020440003019758
700,850,150,0.15,0.0008170273294090294
680,840,160,0.16,0.0008114420857164077
758,879,121,0.121,0.0007243252236512489
750,875,125,0.125,0.0007503043777542189
710,855,145,0.145,0.0007315820871735923
676,838,162,0.162,0.000741724212479312
746,873,127,0.127,0.0007621409639250487
722,861,139,0.139,0.0007812286737025715
738,869,131,0.131,0.0007550291368970647
754,877,123,0.123,0.0007463892796658911
738,869,131,0.131,0.0007652754983282648
684,842,158,0.158,0.0007821221660124138
768,884,116,0.116,0.0007842764678644016
712,856,144,0.144,0.0008210312610026449
728,864,136,0.136,0.000877404939441476
738,869,131,0.131,0.0008459260726231151
708,854,146,0.146,0.0008799125364166684
692,846,154,0.154,0.0008791975693893619
746,873,127,0.127,0.000895394584920723
770,885,115,0.115,0.0008776963641867042
736,868,132,0.132,0.000979985528450925
768,884,116,0.116,0.0009549576238496229
668,834,166,0.166,0.0010237152418703772
702,851,149,0.149,0.0010325673337792977
738,869,131,0.131,0.0009840133389807306
754,877,123,0.123,0.0010070445640012623
730,865,135,0.135,0.001036161599913612
738,869,131,0.131,0.0010138464046176522
744,872,128,0.128,0.0010269833653001115
714,857,143,0.143,0.0010170844505773856
744,872,128,0.128,0.0010129355869139545
802,901,99,0.099,0.0009847979756304995
712,856,144,0.144,0.0010091896012309007
816,908,92,0.092,0.0009271130476845429
760,880,120,0.12,0.0009512049533659592
732,866,134,0.134,0.0009622732045245357
752,876,124,0.124,0.0009246391942724586
766,883,117,0.117,0.0009507942611235194
744,872,128,0.128,0.0009405841252882965
694,847,153,0.153,0.0009962936336523854
758,879,121,0.121,0.0009590680987457745
706,853,147,0.147,0.000975665916397702
724,862,138,0.138,0.001066513684752863
720,860,140,0.14,0.0010290551201906056
706,853,147,0.147,0.0010728106813039631
722,861,139,0.139,0.0010506378232385033
744,872,128,0.128,0.0010248675831244327
756,878,122,0.122,0.001123633198265452
708,854,146,0.146,0.0012595187434926629
748,874,126,0.126,0.0014074034341610968
738,869,131,0.131,0.0013882707830052822
710,855,145,0.145,0.0015004653473151847
730,865,135,0.135,0.0015024240555940197
690,845,155,0.155,0.0015359367231139913
706,853,147,0.147,0.0015693400009768083
686,843,157,0.157,0.0015713443933054805
720,860,140,0.14,0.001729277056758292
782,891,109,0.109,0.0017539258691249414
702,851,149,0.149,0.0018897230990696698
728,864,136,0.136,0.0018845980833284556
724,862,138,0.138,0.0018111829923000186
718,859,141,0.141,0.0018772917800815776
730,865,135,0.135,0.0019186878724722191
714,857,143,0.143,0.0018439936543582008
736,868,132,0.132,0.001936102133942768
748,874,126,0.126,0.0018808419529814273
718,859,141,0.141,0.0019124145393725484
746,873,127,0.127,0.0018627895105164498
720,860,140,0.14,0.0018923044063849375
740,870,130,0.13,0.0018786627770168707
770,885,115,0.115,0.001837967972503975
722,861,139,0.139,0.0018321845663012938
754,877,123,0.123,0.0016872899687150494
748,874,126,0.126,0.001729382660239935
692,846,154,0.154,0.0017611290555214509
738,869,131,0.131,0.0016834910741308703
746,873,127,0.127,0.0017039517464581878
738,869,131,0.131,0.0016812047904822976
680,840,160,0.16,0.0016689606594154612
728,864,136,0.136,0.001609197644283995
762,881,119,0.119,0.001571464877575636
758,879,121,0.121,0.001615997361135669
726,863,137,0.137,0.0015417491329135374
756,878,122,0.122,0.0015885155004216357
742,871,129,0.129,0.0015843767129117624
720,860,140,0.14,0.0016987106477608905
724,862,138,0.138,0.0016115339227253571
724,862,138,0.138,0.001685061114374548
772,886,114,0.114,0.0017046892181970179
720,860,140,0.14,0.0017765836849575863
722,861,139,0.139,0.0018417743637692183
720,860,140,0.14,0.0018655338307144121
738,869,131,0.131,0.0019269352616975083
742,871,129,0.129,0.0022074816002277658
682,841,159,0.159,0.0023243442005477844
730,865,135,0.135,0.002459552556392737
742,871,129,0.129,0.0023919316912069917
754,877,123,0.123,0.002347387601272203
708,854,146,0.146,0.0023658451637020334
716,858,142,0.142,0.002428700769203715
780,890,110,0.11,0.002271531229838729
698,849,151,0.151,0.002150122650084086
722,861,139,0.139,0.0017948988359421491
708,854,146,0.146,0.0017401999497087671
710,855,145,0.145,0.0015934736581984907
732,866,134,0.134,0.0015480037971865386
740,870,130,0.13,0.001440108906070236
680,840,160,0.16,0.0014507520233746618
684,842,158,0.158,0.000967815998068545
722,861,139,0.139,0.001015169533842709
726,863,137,0.137,0.0008153701560222544
714,857,143,0.143,0.0007857003671815619
704,852,148,0.148,0.0007774277892312967
752,876,124,0.124,0.0007609067812445573
762,881,119,0.119,0.000702047283295542
724,862,138,0.138,0.0007359361879061908
680,840,160,0.16,0.000791775513178436
768,884,116,0.116,0.0005977815809601453
700,850,150,0.15,0.0005728659057058394
744,872,128,0.128,0.0005580217459646519
752,876,124,0.124,0.0005709645299066323
758,879,121,0.121,0.0005246013048454187
760,880,120,0.12,0.0005339261984627228
732,866,134,0.134,0.000525035856058821
752,876,124,0.124,0.00051269081569626
738,869,131,0.131,0.0004614449976361357
714,857,143,0.143,0.00046059062590938994
730,865,135,0.135,0.0004148783701239154
732,866,134,0.134,0.00047539129821234385
728,864,136,0.136,0.0004149824456544593
732,866,134,0.134,0.0004106870554096531
780,890,110,0.11,0.0004207389977236744
752,876,124,0.124,0.0004236030585016124
708,854,146,0.146,0.0004223186914459802
782,891,109,0.109,0.00043282954787719064
732,866,134,0.134,0.00045558661239920184
760,880,120,0.12,0.00044241602049442007
758,879,121,0.121,0.0004487183966266457
706,853,147,0.147,0.0004746581165236421
678,839,161,0.161,0.0005106912289047613
774,887,113,0.113,0.0005137099733110518
740,870,130,0.13,0.000511657394177746
708,854,146,0.146,0.0005287093950901181
738,869,131,0.131,0.0005388550283678342
764,882,118,0.118,0.0005365094725275412
740,870,130,0.13,0.0005464118719683029
670,835,165,0.165,0.0005953774537483696
750,875,125,0.125,0.0006028111532505136
728,864,136,0.136,0.0006142514860839583
732,866,134,0.134,0.000598580592079088
744,872,128,0.128,0.0006141666110779624
770,885,115,0.115,0.0005939438647474162
734,867,133,0.133,0.0006240277769393287
756,878,122,0.122,0.00059612713943352
748,874,126,0.126,0.000611846194777172
746,873,127,0.127,0.0005475295393844135
718,859,141,0.141,0.0005727387840743177
770,885,115,0.115,0.0005753251609858126
656,828,172,0.172,0.0005677103715424892
664,832,168,0.168,0.0005890784579678438
714,857,143,0.143,0.0005614957257639617
708,854,146,0.146,0.0005506921092746779
776,888,112,0.112,0.0005234400764456951
762,881,119,0.119,0.0005274666546611115
804,902,98,0.098,0.0005188597120868507
700,850,150,0.15,0.0005633864141418598
738,869,131,0.131,0.0005563837740628515
724,862,138,0.138,0.0005361789266753476
646,823,177,0.177,0.0005617730564554222
752,876,124,0.124,0.0005287110448989552
706,853,147,0.147,0.0005633863910334185
674,837,163,0.163,0.0005840284408768639
704,852,148,0.148,0.0005780885986168869
716,858,142,0.142,0.0005978794260881841
746,873,127,0.127,0.0006446240943914745
726,863,137,0.137,0.0006617472125217318
750,875,125,0.125,0.0006716332595387939
722,861,139,0.139,0.0007023090710281395
748,874,126,0.126,0.000665140348370187
790,895,105,0.105,0.0006575237711658701
706,853,147,0.147,0.0007084288718760945
754,877,123,0.123,0.0006902579086017795
746,873,127,0.127,0.0006976640002685599
670,835,165,0.165,0.000711840980045963
708,854,146,0.146,0.0007061479752301238
748,874,126,0.126,0.0006980616796063259
740,870,130,0.13,0.0006987695404677652
690,845,155,0.155,0.0006966782886302098
748,874,126,0.126,0.0006922411877894775
712,856,144,0.144,0.0007156750573194586
748,874,126,0.126,0.0007112023766967468
708,854,146,0.146,0.0007235995656228625
720,860,140,0.14,0.0007242478078114801
736,868,132,0.132,0.0007618670456577092
716,858,142,0.142,0.0007267359152901918
712,856,144,0.144,0.0007521949255024083
724,862,138,0.138,0.0007697168459999375
790,895,105,0.105,0.0007479767433251254
784,892,108,0.108,0.0008063520210562274
722,861,139,0.139,0.0008109608986997046
716,858,142,0.142,0.0008563270044396631
742,871,129,0.129,0.0008822158572729677
736,868,132,0.132,0.0008815110702416859
704,852,148,0.148,0.0009185216256300918
712,856,144,0.144,0.0009039361785398796
700,850,150,0.15,0.0009572418189491145
752,876,124,0.124,0.0009089904761058279
732,866,134,0.134,0.0009189878255710937
730,865,135,0.135,0.0009550159228383563
748,874,126,0.126,0.000969143046240788
732,866,134,0.134,0.0009914612255524844
708,854,146,0.146,0.0010267055158037692
754,877,123,0.123,0.0009623695657937787
714,857,143,0.143,0.0010208377116941846
708,854,146,0.146,0.0009861169428331778
740,870,130,0.13,0.0009582878926885314
738,869,131,0.131,0.0009768432913697324
746,873,127,0.127,0.0009538914149161428
766,883,117,0.117,0.0009492537772166543
690,845,155,0.155,0.0009887836093548685
716,858,142,0.142,0.0009833952111657708
726,863,137,0.137,0.000997131624026224
736,868,132,0.132,0.0009912835593568162
738,869,131,0.131,0.0009610260790213943
696,848,152,0.152,0.001005902669101488
716,858,142,0.142,0.000993653953424655
666,833,167,0.167,0.001064430240483489
754,877,123,0.123,0.0010122489480418153
772,886,114,0.114,0.0010121527152368798
760,880,120,0.12,0.0010456260743085294
770,885,115,0.115,0.00100477769569261
748,874,126,0.126,0.001037054180924315
782,891,109,0.109,0.001046439218625892
686,843,157,0.157,0.0011432411323185078
702,851,149,0.149,0.0010894719972857274
700,850,150,0.15,0.0011101535020861775
702,851,149,0.149,0.0011376133366720752
728,864,136,0.136,0.001203371818875894
744,872,128,0.128,0.001161653810821008
760,880,120,0.12,0.0011527977908262982
752,876,124,0.124,0.00122648196836235
732,866,134,0.134,0.0012174104867153802
762,881,119,0.119,0.0012286410036613233
788,894,106,0.106,0.001161819701141212
734,867,133,0.133,0.0011912927713128739
740,870,130,0.13,0.0012045128009049223
726,863,137,0.137,0.0011934320580330676
782,891,109,0.109,0.0011530744704068639
682,841,159,0.159,0.001254458532552235
764,882,118,0.118,0.001154706871137023
742,871,129,0.129,0.0011387601949390956
748,874,126,0.126,0.0012231955968309194
672,836,164,0.164,0.0012446020699571818
724,862,138,0.138,0.0013865429459838196
712,856,144,0.144,0.0013656657334067859
734,867,133,0.133,0.001413786870718468
694,847,153,0.153,0.0014978024048614316
726,863,137,0.137,0.0015349275327753275
740,870,130,0.13,0.0014617786532035097
762,881,119,0.119,0.0014509007649030536
730,865,135,0.135,0.0014914816719247027
736,868,132,0.132,0.0016826506141806022
754,877,123,0.123,0.001919877513195388
728,864,136,0.136,0.0019759803304914385
710,855,145,0.145,0.0019117221162887291
742,871,129,0.129,0.0019237641933141276
802,901,99,0.099,0.001939162527094595
692,846,154,0.154,0.0020603475911775606
728,864,136,0.136,0.0020336306943790987
768,884,116,0.116,0.0019336586804129183
748,874,126,0.126,0.001928029527538456
700,850,150,0.15,0.0019025056675309314
742,871,129,0.129,0.0019302976286271587
714,857,143,0.143,0.001916857401956804
778,889,111,0.111,0.0018453262691618874
780,890,110,0.11,0.001909058371093124
732,866,134,0.134,0.0018659552789758891
724,862,138,0.138,0.0018153133498271926
676,838,162,0.162,0.0018600321989506482
728,864,136,0.136,0.0017848542152205482
760,880,120,0.12,0.0016372151060495526
712,856,144,0.144,0.0016772039666539057
722,861,139,0.139,0.0016852529199095443
742,871,129,0.129,0.0015931410056073219
692,846,154,0.154,0.0016473634637659417
716,858,142,0.142,0.0016039517757017166
790,895,105,0.105,0.0015901906222570688
684,842,158,0.158,0.0016948236405150965
710,855,145,0.145,0.0016665756985312329
692,846,154,0.154,0.00172630643483717
712,856,144,0.144,0.0017803540978347883
732,866,134,0.134,0.0016986949536949396
806,903,97,0.097,0.0016984755333978683
706,853,147,0.147,0.0017838795825373382
724,862,138,0.138,0.0017773609990254045
720,860,140,0.14,0.0018823950472287834
728,864,136,0.136,0.0018705611497862264
796,898,102,0.102,0.001789963875664398
780,890,110,0.11,0.0018254413859685884
712,856,144,0.144,0.0018860930348746478
718,859,141,0.141,0.0018788885556859896
728,864,136,0.136,0.0018740676635643468
712,856,144,0.144,0.0019090244222898037
758,879,121,0.121,0.0018572460116120055
734,867,133,0.133,0.001887338837259449
764,882,118,0.118,0.0017917908251984045
728,864,136,0.136,0.0018910250287735835
714,857,143,0.143,0.001972731405752711
788,894,106,0.106,0.0018718692326219752
762,881,119,0.119,0.0019132559282006695
676,838,162,0.162,0.0019887955876765773
832,916,84,0.084,0.001980364540941082
722,861,139,0.139,0.00200445780553855
722,861,139,0.139,0.0021133530103834347
774,887,113,0.113,0.0024496692953398453
678,839,161,0.161,0.0024590345406904817
692,846,154,0.154,0.0025344691252103075
758,879,121,0.121,0.0026435251025250183
718,859,141,0.141,0.002717569004977122
726,863,137,0.137,0.0026921000983566048
742,871,129,0.129,0.0030542484298348425
708,854,146,0.146,0.0027998172419611365
724,862,138,0.138,0.002982215752126649
712,856,144,0.144,0.0032949625607579945
696,848,152,0.152,0.003791777109960094
762,881,119,0.119,0.003964817389845848
700,850,150,0.15,0.0043352375696413216
704,852,148,0.148,0.004475442896597087
690,845,155,0.155,0.004198269754881039
698,849,151,0.151,0.004655994256259874
716,858,142,0.142,0.00482515238923952
702,851,149,0.149,0.005375218141358345
716,858,142,0.142,0.006178905833978206
672,836,164,0.164,0.007092534228228033
716,858,142,0.142,0.006809725977946073
662,831,169,0.169,0.007792125142645091
712,856,144,0.144,0.007156917431857437
740,870,130,0.13,0.007133696717675776
712,856,144,0.144,0.007219104382675141
770,885,115,0.115,0.008289999913424254
702,851,149,0.149,0.00825305036827922
732,866,134,0.134,0.012085361655801534
732,866,134,0.134,0.011111208896152676
772,886,114,0.114,0.011496550092473625
722,861,139,0.139,0.012102157549001277
754,877,123,0.123,0.012873449927195907
720,860,140,0.14,0.014324808670207858
746,873,127,0.127,0.013198884102981537
682,841,159,0.159,0.01746706193126738
754,877,123,0.123,0.022444400514476
712,856,144,0.144,0.02455045081395656
744,872,128,0.128,0.023222291924990715
740,870,130,0.13,0.02664064233750105
746,873,127,0.127,0.028512000555172563
708,854,146,0.146,0.03112791790254414
788,894,106,0.106,0.031812221171334386
658,829,171,0.171,0.04614332032389939
718,859,141,0.141,0.05299719408527016
728,864,136,0.136,0.057032478159293534
742,871,129,0.129,0.060780957471579314
694,847,153,0.153,0.062311735581606624
752,876,124,0.124,0.07635612991079688
676,838,162,0.162,0.07974069663509727
730,865,135,0.135,0.07928877657651902
706,853,147,0.147,0.10044168341904879
736,868,132,0.132,0.09305896525084972
690,845,155,0.155,0.10325307861715555
676,838,162,0.162,0.10810260101407766
708,854,146,0.146,0.10746994206309318
730,865,135,0.135,0.08315669701248407
700,850,150,0.15,0.0868247228860855
726,863,137,0.137,0.0875515921972692
766,883,117,0.117,0.08897193862870335
750,875,125,0.125,0.06872357247769832
738,869,131,0.131,0.052104868460446596
714,857,143,0.143,0.06114048232603818
696,848,152,0.152,0.0474713967544958
762,881,119,0.119,0.019046933923382314
806,903,97,0.097,0.014087874625343829
792,896,104,0.104,0.011038391849026084
672,836,164,0.164,0.012804949345067143
748,874,126,0.126,0.01213229939993471
748,874,126,0.126,0.009391921443864703
694,847,153,0.153,0.008253199165686965
722,861,139,0.139,0.0080659468495287
728,864,136,0.136,0.005572225916665048
722,861,139,0.139,0.004455954022705555
720,860,140,0.14,0.00459223226713948
718,859,141,0.141,0.004521677783457563
758,879,121,0.121,0.004562767629977316
756,878,122,0.122,0.004383231312735006
614,807,193,0.193,0.004620202172314748
748,874,126,0.126,0.004191059047821909
692,846,154,0.154,0.004270404839189723
788,894,106,0.106,0.004012510714353994
776,888,112,0.112,0.004060689387610182
764,882,118,0.118,0.0038962575129698964
766,883,117,0.117,0.004041650735773146
748,874,126,0.126,0.003954070502193645
736,868,132,0.132,0.004029827623395249
698,849,151,0.151,0.0041618184996768835
748,874,126,0.126,0.003996361417230219
710,855,145,0.145,0.004157651516143232
774,887,113,0.113,0.004092217440251261
762,881,119,0.119,0.004036755791399628
722,861,139,0.139,0.004172380968928337
688,844,156,0.156,0.0046518690709490326
724,862,138,0.138,0.004388433656888083
722,861,139,0.139,0.004397146293427795
688,844,156,0.156,0.004785591721301898
762,881,119,0.119,0.004418087017489597
726,863,137,0.137,0.004832476364681497
738,869,131,0.131,0.004873521535191685
758,879,121,0.121,0.004994905467145145
692,846,154,0.154,0.005479459937196225
770,885,115,0.115,0.0054122127499431376
772,886,114,0.114,0.005410928553435951
748,874,126,0.126,0.005487290342338383
748,874,126,0.126,0.005468394414521753
714,857,143,0.143,0.00562429901631549
740,870,130,0.13,0.00556387849804014
720,860,140,0.14,0.005684424100443721
700,850,150,0.15,0.00555566278565675
718,859,141,0.141,0.005808739847503602
762,881,119,0.119,0.005761087445076555
682,841,159,0.159,0.006123553017619997
774,887,113,0.113,0.005909172692801804
770,885,115,0.115,0.0060290901670232416
704,852,148,0.148,0.006210178689099849
790,895,105,0.105,0.006223410082049668
726,863,137,0.137,0.006534825549926609
674,837,163,0.163,0.007192411577794701
770,885,115,0.115,0.0077310849041678014
730,865,135,0.135,0.008232151960022747
696,848,152,0.152,0.008411641844082624
750,875,125,0.125,0.008187719670590014
724,862,138,0.138,0.008450439004227518
706,853,147,0.147,0.008648108446504921
768,884,116,0.116,0.009327435391489416
718,859,141,0.141,0.009623644275590777
726,863,137,0.137,0.011085504706017673
724,862,138,0.138,0.010652891640551389
692,846,154,0.154,0.011190511796623469
722,861,139,0.139,0.011239952689036726
738,869,131,0.131,0.012213642548769712
734,867,133,0.133,0.011609693480655551
722,861,139,0.139,0.011883986538276076
740,870,130,0.13,0.012396907488815487
770,885,115,0.115,0.01237066724523902
728,864,136,0.136,0.012828114501200616
762,881,119,0.119,0.012529299047775567
744,872,128,0.128,0.012381664671935142
752,876,124,0.124,0.012288181263953448
754,877,123,0.123,0.011766731962561608
730,865,135,0.135,0.011592965824529528
690,845,155,0.155,0.010829951255582273
774,887,113,0.113,0.010755396015942097
726,863,137,0.137,0.01084105564840138
764,882,118,0.118,0.010431177056394517
712,856,144,0.144,0.010779059265740215
788,894,106,0.106,0.011022417669184506
678,839,161,0.161,0.01160490777157247
730,865,135,0.135,0.011636653492227197
706,853,147,0.147,0.012236004727892578
754,877,123,0.123,0.011984338337555528
762,881,119,0.119,0.01246109498757869
724,862,138,0.138,0.012623410191386937
760,880,120,0.12,0.014261996916495264
742,871,129,0.129,0.017860651591792703
730,865,135,0.135,0.016437492695637046
752,876,124,0.124,0.017881704565137626
730,865,135,0.135,0.018126400334760547
674,837,163,0.163,0.01903890098258853
746,873,127,0.127,0.01921713274437934
710,855,145,0.145,0.020749143172055482
730,865,135,0.135,0.022267853355035186
744,872,128,0.128,0.022678112246096133
722,861,139,0.139,0.023064266916364432
718,859,141,0.141,0.023113834893330933
726,863,137,0.137,0.023896881910040975
740,870,130,0.13,0.02300827773474157
786,893,107,0.107,0.02299759743735194
758,879,121,0.121,0.02388703792542219
766,883,117,0.117,0.023602873627096413
746,873,127,0.127,0.02519400240853429
686,843,157,0.157,0.027592539303004742
702,851,149,0.149,0.029828789388760924
698,849,151,0.151,0.0317649134863168
746,873,127,0.127,0.033734905848279595
770,885,115,0.115,0.03693081346154213
722,861,139,0.139,0.04052685792185366
674,837,163,0.163,0.04936561293527484
718,859,141,0.141,0.048150578616186976
724,862,138,0.138,0.06332250956445933
818,909,91,0.091,0.06342001676931977
738,869,131,0.131,0.08963337649777532
690,845,155,0.155,0.13204928278923034
698,849,151,0.151,0.12348830317333341
672,836,164,0.164,0.13525301006436347
742,871,129,0.129,0.1554003851339221
724,862,138,0.138,0.1732480398416519
708,854,146,0.146,0.17710911326855422
722,861,139,0.139,0.18690860803425313
688,844,156,0.156,0.20718389528989792
716,858,142,0.142,0.19514693459868432
698,849,151,0.151,0.1938621096163988
704,852,148,0.148,0.18422339133918286
688,844,156,0.156,0.1812048178166151
702,851,149,0.149,0.16970709293335676
712,856,144,0.144,0.14859115067124368
676,838,162,0.162,0.14486257753521203
686,843,157,0.157,0.08512211273238063
768,884,116,0.116,0.09347679791226983
712,856,144,0.144,0.07043736795708537
742,871,129,0.129,0.05748345850780606
700,850,150,0.15,0.06322676747851073
706,853,147,0.147,0.04955388941057026
702,851,149,0.149,0.05522177068330347
706,853,147,0.147,0.04106042752042413
718,859,141,0.141,0.03161873868852854
736,868,132,0.132,0.030350933324545623
680,840,160,0.16,0.03166343808732927
798,899,101,0.101,0.028865453001111745
678,839,161,0.161,0.028708703184500337
748,874,126,0.126,0.028670731160789727
710,855,145,0.145,0.028159017238765956
716,858,142,0.142,0.02473522778041661
716,858,142,0.142,0.026059524454176426
760,880,120,0.12,0.02488278222642839
668,834,166,0.166,0.024538303131237626
738,869,131,0.131,0.022688559528440237
706,853,147,0.147,0.021411207041703163
754,877,123,0.123,0.019228514155372977
716,858,142,0.142,0.018344669905491173
706,853,147,0.147,0.017120408343151212
698,849,151,0.151,0.015612835984677076
684,842,158,0.158,0.01601601144298911
754,877,123,0.123,0.01421402376703918
742,871,129,0.129,0.01303662538062781
732,866,134,0.134,0.013286950189620256
728,864,136,0.136,0.012682893728837371
704,852,148,0.148,0.01297640306595713
674,837,163,0.163,0.013537011080421508
740,870,130,0.13,0.012693725005723536
692,846,154,0.154,0.012853811246342956
746,873,127,0.127,0.013501676892861724
734,867,133,0.133,0.013480723560787737
788,894,106,0.106,0.015075158825144172
720,860,140,0.14,0.01557806180138141
738,869,131,0.131,0.015178277987986804
736,868,132,0.132,0.016632925521582364
772,886,114,0.114,0.0171709401672706
690,845,155,0.155,0.01803252503462136
702,851,149,0.149,0.020178665282204748
768,884,116,0.116,0.01976341427862644
704,852,148,0.148,0.023843411119654774
706,853,147,0.147,0.02229766401834786
714,857,143,0.143,0.02436885087005794
750,875,125,0.125,0.026651399528607726
754,877,123,0.123,0.0333096709754318
728,864,136,0.136,0.03583746241591871
684,842,158,0.158,0.032464413223788145
712,856,144,0.144,0.033494631845504046
720,860,140,0.14,0.041047858713194725
724,862,138,0.138,0.03966539359651506
778,889,111,0.111,0.04659231938049197
758,879,121,0.121,0.059736871596425774
738,869,131,0.131,0.06028576480969787
730,865,135,0.135,0.07093271646276117
756,878,122,0.122,0.08907048116624355
642,821,179,0.179,0.117249585904181
672,836,164,0.164,0.09758639190718532
704,852,148,0.148,0.13683130449801684
676,838,162,0.162,0.17128712646663188
708,854,146,0.146,0.1655161848217249
700,850,150,0.15,0.2521053707003593
604,802,198,0.198,0.276183333337307
700,850,150,0.15,0.24723169189691543
650,825,175,0.175,0.2796757488846779
692,846,154,0.154,0.2756697584539652
712,856,144,0.144,0.24625099866092204
736,868,132,0.132,0.23329354682937264
724,862,138,0.138,0.24080952778458595
686,843,157,0.157,0.10538454042375088
688,844,156,0.156,0.1747655883859843
720,860,140,0.14,0.08353936997614801
740,870,130,0.13,0.05435908591002226
744,872,128,0.128,0.03384717100020498
686,843,157,0.157,0.017954120931215584
728,864,136,0.136,0.011384271738119423
700,850,150,0.15,0.021671595175517724
724,862,138,0.138,0.01376330720866099
744,872,128,0.128,0.007302280325908214
662,831,169,0.169,0.003909962767851539
784,892,108,0.108,0.002482103205518797
748,874,126,0.126,0.0031622591379564255
696,848,152,0.152,0.0024920664875535295
706,853,147,0.147,0.002427180672995746
732,866,134,0.134,0.00254231718624942
756,878,122,0.122,0.001693642779602669
714,857,143,0.143,0.0018037863209028728
770,885,115,0.115,0.0012405418185517192
676,838,162,0.162,0.0013611333359149285
728,864,136,0.136,0.001156771979003679
732,866,134,0.134,0.0012160623801173642
738,869,131,0.131,0.0011598824329557829
758,879,121,0.121,0.001106306330068037
702,851,149,0.149,0.0010906281165080146
714,857,143,0.143,0.0009664660777198151
738,869,131,0.131,0.0009917735281633213
674,837,163,0.163,0.001029503539437428
752,876,124,0.124,0.0009526084042736329
712,856,144,0.144,0.0009579893392510713
732,866,134,0.134,0.0009715189463458955
710,855,145,0.145,0.0009591250431258231
728,864,136,0.136,0.0009660472591058351
780,890,110,0.11,0.0009325514827505686
742,871,129,0.129,0.0009380426061106846
702,851,149,0.149,0.0009989539652597158
736,868,132,0.132,0.0009632167094387114
768,884,116,0.116,0.0009770394867518917
724,862,138,0.138,0.0010117943746736273
762,881,119,0.119,0.0009628202533349395
734,867,133,0.133,0.000978560182673391
688,844,156,0.156,0.00098904076294275
748,874,126,0.126,0.0009479075841372833
716,858,142,0.142,0.0009485864107264206
710,855,145,0.145,0.000990860455087386
698,849,151,0.151,0.0010199728242005221
732,866,134,0.134,0.0009631993704242632
744,872,128,0.128,0.0009746471098042093
748,874,126,0.126,0.0009936203614925034
710,855,145,0.145,0.0009990642037009821
734,867,133,0.133,0.0009822353427880444
736,868,132,0.132,0.0010030313059687615
684,842,158,0.158,0.0010040459895390085
692,846,154,0.154,0.001003666775475722
742,871,129,0.129,0.0009705909476615489
732,866,134,0.134,0.0009749354383675381
804,902,98,0.098,0.000923658323881682
756,878,122,0.122,0.0009038720964454115
712,856,144,0.144,0.0009324785878998227
762,881,119,0.119,0.0009130790132330731
726,863,137,0.137,0.0009452373286476358
724,862,138,0.138,0.0008921694117016159
688,844,156,0.156,0.0008887696259771474
718,859,141,0.141,0.0008319395788712427
742,871,129,0.129,0.0008547798526706174
732,866,134,0.134,0.0008355762501014397
738,869,131,0.131,0.0008351726987748406
740,870,130,0.13,0.0008575710146105848
754,877,123,0.123,0.0008442446865956299
716,858,142,0.142,0.0008541542862658389
692,846,154,0.154,0.000883800929877907
734,867,133,0.133,0.0008283676371211187
730,865,135,0.135,0.0008980305270524696
698,849,151,0.151,0.0009002510975115001
802,901,99,0.099,0.0008778706254670396
664,832,168,0.168,0.0009170521036721767
708,854,146,0.146,0.0009602997596375644
762,881,119,0.119,0.0009393041162402369
716,858,142,0.142,0.0010343021734151988
774,887,113,0.113,0.0009715757421799936
734,867,133,0.133,0.000979142514639534
642,821,179,0.179,0.001048785334918648
744,872,128,0.128,0.0010704749672440811
668,834,166,0.166,0.001092850475863088
782,891,109,0.109,0.0010768870364991016
766,883,117,0.117,0.0010891890242346563
740,870,130,0.13,0.001113518635102082
744,872,128,0.128,0.0010984308199840599
740,870,130,0.13,0.0011278100849012845
750,875,125,0.125,0.0010520683156792074
734,867,133,0.133,0.0010603954534162767
704,852,148,0.148,0.0010757190377335064
722,861,139,0.139,0.0010237859872868284
766,883,117,0.117,0.0009569946746341884
768,884,116,0.116,0.000983757963986136
802,901,99,0.099,0.0009599592420854605
770,885,115,0.115,0.0009623134604189545
748,874,126,0.126,0.0008894622859079391
782,891,109,0.109,0.0007878677072003483
776,888,112,0.112,0.0007788889402290806
780,890,110,0.11,0.000762463073420804
686,843,157,0.157,0.0007799277479643934
762,881,119,0.119,0.0007546121577033773
716,858,142,0.142,0.000752322805696167
766,883,117,0.117,0.0007329104682430625
766,883,117,0.117,0.0007570935861440375
678,839,161,0.161,0.0007938999343314209
770,885,115,0.115,0.0008229104369529523
720,860,140,0.14,0.0008529249564162456
680,840,160,0.16,0.0008500564289861359
750,875,125,0.125,0.0008234259029850364
740,870,130,0.13,0.000813378854712937
766,883,117,0.117,0.0010589691477944144
732,866,134,0.134,0.0009652921799570322
690,845,155,0.155,0.0009951477504801004
708,854,146,0.146,0.0011934026225935669
714,857,143,0.143,0.0011188450727495365
750,875,125,0.125,0.001148081234365236
754,877,123,0.123,0.0011711506922147236
704,852,148,0.148,0.00122101035178639
696,848,152,0.152,0.0012554764606175013
770,885,115,0.115,0.001213441620755475
754,877,123,0.123,0.0012547479163622483
692,846,154,0.154,0.0013111921447562054
742,871,129,0.129,0.0012828396240947768
688,844,156,0.156,0.0013057172904955222
792,896,104,0.104,0.001207180708879605
736,868,132,0.132,0.0012296583176939749
732,866,134,0.134,0.0012583790500066243
738,869,131,0.131,0.0012458160948590376
726,863,137,0.137,0.0011893429681076669
776,888,112,0.112,0.0011387430159957147
708,854,146,0.146,0.0011430500482674689
720,860,140,0.14,0.0011681116768741048
718,859,141,0.141,0.0011215116439270787
790,895,105,0.105,0.0010873729279846885
748,874,126,0.126,0.001073067013232503
700,850,150,0.15,0.001096070234605577
712,856,144,0.144,0.001009347309009172
744,872,128,0.128,0.0009628509753383697
720,860,140,0.14,0.0009712067897198721
756,878,122,0.122,0.000987283670634497
748,874,126,0.126,0.0010157243808498605
754,877,123,0.123,0.0010090301344753243
698,849,151,0.151,0.0010758500912343152
700,850,150,0.15,0.0010277087733265944
756,878,122,0.122,0.0009965065061696805
676,838,162,0.162,0.0010691703796037472
790,895,105,0.105,0.0010561571919242851
720,860,140,0.14,0.0010767766172648408
718,859,141,0.141,0.0011516483354498633
704,852,148,0.148,0.0012348543359548786
684,842,158,0.158,0.0013926002669613809
706,853,147,0.147,0.0013714549097931013
714,857,143,0.143,0.0013522514926153236
732,866,134,0.134,0.0013881644739885813
770,885,115,0.115,0.0013546875518513843
746,873,127,0.127,0.001370794492890127
728,864,136,0.136,0.001483186310622841
744,872,128,0.128,0.0014872121665393933
712,856,144,0.144,0.0015580373912816867
670,835,165,0.165,0.0015440439480589702
806,903,97,0.097,0.0014605690481839702
770,885,115,0.115,0.0014412696447689086
748,874,126,0.126,0.0014907401215750724
684,842,158,0.158,0.0014975969112711028
742,871,129,0.129,0.0014254103722050786
700,850,150,0.15,0.0014926105657359584
724,862,138,0.138,0.0014656962810549886
778,889,111,0.111,0.0013945662432815879
700,850,150,0.15,0.0014004823620198295
668,834,166,0.166,0.0014486289933556692
724,862,138,0.138,0.0014243356878869235
708,854,146,0.146,0.001442265621270053
734,867,133,0.133,0.0014575033984147012
710,855,145,0.145,0.0014640167145989836
636,818,182,0.182,0.0015455999900586903
766,883,117,0.117,0.0014833168954355642
732,866,134,0.134,0.0014607866401784122
778,889,111,0.111,0.0014797114069806411
720,860,140,0.14,0.001521638975595124
688,844,156,0.156,0.001638768095523119
746,873,127,0.127,0.0015163950574351474
718,859,141,0.141,0.0015488286059116944
740,870,130,0.13,0.0015766720493556932
678,839,161,0.161,0.0016718215906294063
696,848,152,0.152,0.0016277662062784658
700,850,150,0.15,0.0016777034620754422
742,871,129,0.129,0.0016267209418583662
746,873,127,0.127,0.0016121581312036142
708,854,146,0.146,0.0016672516011167317
758,879,121,0.121,0.0016344274105504154
728,864,136,0.136,0.0016775797739392146
758,879,121,0.121,0.0015801413549343124
734,867,133,0.133,0.0016151386118726805
702,851,149,0.149,0.0016347227359656245
700,850,150,0.15,0.0016850000655977055
730,865,135,0.135,0.0015624163094907998
738,869,131,0.131,0.001554747631191276
716,858,142,0.142,0.0015806642431998624
706,853,147,0.147,0.0015880410225363449
780,890,110,0.11,0.0015261712259380146
786,893,107,0.107,0.0015266744890250266
714,857,143,0.143,0.0016063111893599854
752,876,124,0.124,0.0015518258467782289
726,863,137,0.137,0.0015743295083520935
736,868,132,0.132,0.0015688722736667841
718,859,141,0.141,0.0016243501550052314
686,843,157,0.157,0.0016864894048776477
784,892,108,0.108,0.0016420091901673004
766,883,117,0.117,0.0016477275618817658
726,863,137,0.137,0.001719678226741962
730,865,135,0.135,0.001734446236747317
718,859,141,0.141,0.0018240344777004794
736,868,132,0.132,0.0018388377109076828
742,871,129,0.129,0.0017781546376645565
708,854,146,0.146,0.0018362712968373672
714,857,143,0.143,0.0018860050704097376
716,858,142,0.142,0.0019045036152238026
754,877,123,0.123,0.001893004904850386
700,850,150,0.15,0.002023602794855833
754,877,123,0.123,0.0020095512496773153
704,852,148,0.148,0.00206080074084457
768,884,116,0.116,0.0020347942187217997
712,856,144,0.144,0.0022228772059315815
730,865,135,0.135,0.0021175861039664594
720,860,140,0.14,0.0020678964541293683
702,851,149,0.149,0.002204755811137147
718,859,141,0.141,0.0022058509700000287
760,880,120,0.12,0.002095413469243795
726,863,137,0.137,0.002126958633423783
708,854,146,0.146,0.0021247838109266014
754,877,123,0.123,0.002134081378462724
704,852,148,0.148,0.002105914545361884
710,855,145,0.145,0.0020691490595927463
764,882,118,0.118,0.0020456806354923174
754,877,123,0.123,0.002041276185307652
720,860,140,0.14,0.0021246622245525942
742,871,129,0.129,0.001966656898963265
740,870,130,0.13,0.002016038792091422
692,846,154,0.154,0.0020428167688660323
744,872,128,0.128,0.0020248119499301537
704,852,148,0.148,0.002076544655603357
718,859,141,0.141,0.0020367251047864556
718,859,141,0.141,0.0020852431642124428
742,871,129,0.129,0.002026831575203687
724,862,138,0.138,0.002093030741205439
722,861,139,0.139,0.002158726218272932
774,887,113,0.113,0.0020684624345740305
812,906,94,0.094,0.002019294848199934
762,881,119,0.119,0.0021849396304460243
758,879,121,0.121,0.0021399268847890197
772,886,114,0.114,0.0020769497184082867
696,848,152,0.152,0.0022088144539156927
706,853,147,0.147,0.002158819818869233
720,860,140,0.14,0.0021883828485151752
722,861,139,0.139,0.0021142658691387624
706,853,147,0.147,0.002149302376084961
760,880,120,0.12,0.002081760420813225
688,844,156,0.156,0.00209206786879804
724,862,138,0.138,0.0020428135106340052
712,856,144,0.144,0.0021356704754289238
778,889,111,0.111,0.002003327629645355
674,837,163,0.163,0.002116044697002508
752,876,124,0.124,0.0019834909425117076
750,875,125,0.125,0.002033490314730443
684,842,158,0.158,0.0021108041475526988
758,879,121,0.121,0.00199664661870338
774,887,113,0.113,0.002007369385682978
704,852,148,0.148,0.0021335423248820006
758,879,121,0.121,0.001984727648552507
758,879,121,0.121,0.001967343798256479
698,849,151,0.151,0.001984509502304718
696,848,152,0.152,0.0020667763487435876
742,871,129,0.129,0.001992555232835002
750,875,125,0.125,0.0018956794848199933
726,863,137,0.137,0.001923706082860008
770,885,115,0.115,0.0018426924335071817
720,860,140,0.14,0.0019143470980925485
756,878,122,0.122,0.0018336265841498972
784,892,108,0.108,0.001840380026260391
774,887,113,0.113,0.0017858884517336264
712,856,144,0.144,0.0018441714943619445
722,861,139,0.139,0.0017877875942504033
708,854,146,0.146,0.0018458673048298807
778,889,111,0.111,0.0017827804749831558
702,851,149,0.149,0.0018990602663252502
734,867,133,0.133,0.0018333307050634176
748,874,126,0.126,0.0019357329099439085
698,849,151,0.151,0.001872044657357037
752,876,124,0.124,0.0018819620102876798
710,855,145,0.145,0.002037106413510628
646,823,177,0.177,0.00199056260753423
778,889,111,0.111,0.0019419115588534624
710,855,145,0.145,0.002101521865581162
700,850,150,0.15,0.002199200027505867
746,873,127,0.127,0.0021235651354072614
682,841,159,0.159,0.0022350708628073334
768,884,116,0.116,0.0022475916215917097
742,871,129,0.129,0.0022322652193251997
758,879,121,0.121,0.0021930246349656955
730,865,135,0.135,0.002231778832268901
768,884,116,0.116,0.002205475304974243
758,879,121,0.121,0.0022423244564561172
712,856,144,0.144,0.0022573968538781627
740,870,130,0.13,0.0021024207008304074
702,851,149,0.149,0.0022410026416182518
690,845,155,0.155,0.0020848138049477712
708,854,146,0.146,0.0020989177961600945
746,873,127,0.127,0.0019391090903664008
712,856,144,0.144,0.0019123306847177446
756,878,122,0.122,0.001888636947143823
714,857,143,0.143,0.0018969247523928062
722,861,139,0.139,0.0017852569456445052
752,876,124,0.124,0.0015840642038965598
736,868,132,0.132,0.0014076917342608795
734,867,133,0.133,0.0014626262421952561
758,879,121,0.121,0.001456267620436847
694,847,153,0.153,0.0013868630012730137
706,853,147,0.147,0.0013449534694082103
718,859,141,0.141,0.0013544589248485864
730,865,135,0.135,0.001291834782168735
734,867,133,0.133,0.0011996609903872012
720,860,140,0.14,0.00125387795799179
696,848,152,0.152,0.0012864760294905863
728,864,136,0.136,0.0012341625693370589
766,883,117,0.117,0.0012022656400222332
780,890,110,0.11,0.001172485379385762
748,874,126,0.126,0.0012383872863138095
714,857,143,0.143,0.0012520620889263227
692,846,154,0.154,0.0012064004752319307
758,879,121,0.121,0.001202559236320667
656,828,172,0.172,0.0012871112148277462
708,854,146,0.146,0.0012280163199757225
722,861,139,0.139,0.0012607337759109214
706,853,147,0.147,0.0012693830225616693
728,864,136,0.136,0.0012170922670629806
760,880,120,0.12,0.0012293992289924064
716,858,142,0.142,0.0012566700681345537
726,863,137,0.137,0.001220466923492495
702,851,149,0.149,0.001280486525851302
778,889,111,0.111,0.0011967974443687127
782,891,109,0.109,0.0011671230554929934
748,874,126,0.126,0.0012024328197003343
742,871,129,0.129,0.0011626972135854886
710,855,145,0.145,0.0011142505805473775
778,889,111,0.111,0.001111192623327952
732,866,134,0.134,0.001104594002419617
768,884,116,0.116,0.0011351645939284935
742,871,129,0.129,0.0010493186144158245
734,867,133,0.133,0.0010759610020322724
740,870,130,0.13,0.0010569737855694256
718,859,141,0.141,0.001076455920469016
714,857,143,0.143,0.0010320791263366117
720,860,140,0.14,0.0010448473159922287
758,879,121,0.121,0.0010342501959530637
754,877,123,0.123,0.0010554362511611545
818,909,91,0.091,0.0010116639209445566
684,842,158,0.158,0.0010475400764262304
754,877,123,0.123,0.0010212914681178517
794,897,103,0.103,0.0010183422795380466
738,869,131,0.131,0.001032411666063126
740,870,130,0.13,0.001032861688931007
748,874,126,0.126,0.0010632479350315407
728,864,136,0.136,0.0010932207038858905
720,860,140,0.14,0.0011037197905243374
710,855,145,0.145,0.0011496598105295562
770,885,115,0.115,0.0011593395928503015
792,896,104,0.104,0.0011389582824194804
716,858,142,0.142,0.0012311584500130266
706,853,147,0.147,0.0012492676114779896
688,844,156,0.156,0.0012428187886253
730,865,135,0.135,0.0013484699167311191
744,872,128,0.128,0.0013193503926740959
724,862,138,0.138,0.0013626765983644872
764,882,118,0.118,0.0013979100947035476
710,855,145,0.145,0.0014222322792047635
656,828,172,0.172,0.0014525558657478542
704,852,148,0.148,0.0014858779343776404
762,881,119,0.119,0.001461389212287031
656,828,172,0.172,0.0014727713102474808
778,889,111,0.111,0.0014940001885406673
740,870,130,0.13,0.0014717637790599837
746,873,127,0.127,0.0015285818974953144
724,862,138,0.138,0.0015389438847778366
772,886,114,0.114,0.0014660071767866611
734,867,133,0.133,0.001534789420897141
742,871,129,0.129,0.0014841358294943347
768,884,116,0.116,0.0014355174949159846
706,853,147,0.147,0.0014679187758592888
758,879,121,0.121,0.0014800682936329395
694,847,153,0.153,0.0014809261444024742
666,833,167,0.167,0.0014989137552911416
704,852,148,0.148,0.0014774415692081675
714,857,143,0.143,0.0015319998655468226
660,830,170,0.17,0.0015740768092218787
760,880,120,0.12,0.0015026243837783114
742,871,129,0.129,0.001512487984262407
740,870,130,0.13,0.0015394673218252137
686,843,157,0.157,0.0017245547765633092
762,881,119,0.119,0.0016457795168971644
748,874,126,0.126,0.0016958123872755095
726,863,137,0.137,0.0017308327774517237
728,864,136,0.136,0.001782813859404996
750,875,125,0.125,0.001779390046140179
752,876,124,0.124,0.001735382211394608
726,863,137,0.137,0.001808957252651453
688,844,156,0.156,0.00184569311584346
760,880,120,0.12,0.0018193058948963881
828,914,86,0.086,0.0017114256758941338
710,855,145,0.145,0.0017850000225007533
764,882,118,0.118,0.0017291044422890992
758,879,121,0.121,0.001684258300694637
666,833,167,0.167,0.0018249259984586387
672,836,164,0.164,0.00177443537756335
706,853,147,0.147,0.001736814578063786
794,897,103,0.103,0.001707763430313207
694,847,153,0.153,0.0018033532565459609
770,885,115,0.115,0.0017247890952276066
720,860,140,0.14,0.0017873343273531646
704,852,148,0.148,0.0018746133226668462
684,842,158,0.158,0.00201860100927297
780,890,110,0.11,0.0020227459702873603
702,851,149,0.149,0.002086553488508798
740,870,130,0.13,0.0020675119238439945
726,863,137,0.137,0.0021251901488285514
686,843,157,0.157,0.002142890447983518
740,870,130,0.13,0.0022126137423329056
722,861,139,0.139,0.002313227557693608
686,843,157,0.157,0.0023923862506635488
792,896,104,0.104,0.0023167607112554835
760,880,120,0.12,0.002381311820121482
736,868,132,0.132,0.0023687318376032634
742,871,129,0.129,0.002340585754835047
712,856,144,0.144,0.0023666914510540663
694,847,153,0.153,0.0025023505493300038
764,882,118,0.118,0.0023868408739799634
732,866,134,0.134,0.00243161073315423
728,864,136,0.136,0.0024495377674466
734,867,133,0.133,0.0024437285421881824
766,883,117,0.117,0.002415204007178545
720,860,140,0.14,0.00239190145523753
718,859,141,0.141,0.002445794666418806
722,861,139,0.139,0.0024497809493914248
728,864,136,0.136,0.0025347449937835336
738,869,131,0.131,0.002554335756460205
732,866,134,0.134,0.002613392137689516
754,877,123,0.123,0.002486231142189354
742,871,129,0.129,0.0026110534211620687
750,875,125,0.125,0.0026545029662083833
698,849,151,0.151,0.0026371099406387656
722,861,139,0.139,0.00264827073039487
730,865,135,0.135,0.0026173588980454954
776,888,112,0.112,0.0026088149305433035
758,879,121,0.121,0.0026209330786950884
728,864,136,0.136,0.002676698879338801
728,864,136,0.136,0.0026172163169831037
734,867,133,0.133,0.0025754837919957935
712,856,144,0.144,0.0025391638759756463
790,895,105,0.105,0.0024481845769332724
722,861,139,0.139,0.0024325454365462067
732,866,134,0.134,0.002438408565358259
724,862,138,0.138,0.002404192073387094
712,856,144,0.144,0.0022854465105338023
738,869,131,0.131,0.0022109315115958453
722,861,139,0.139,0.002221503944718279
752,876,124,0.124,0.0021279198377160357
744,872,128,0.128,0.002014601826900616
744,872,128,0.128,0.0019620803627185524
706,853,147,0.147,0.0019763939529657366
716,858,142,0.142,0.0019678967730142175
718,859,141,0.141,0.001964830987737514
794,897,103,0.103,0.0017637364733964205
756,878,122,0.122,0.0018125250150915235
732,866,134,0.134,0.0018663942186394706
752,876,124,0.124,0.0017900158148258924
694,847,153,0.153,0.0017993180186022073
722,861,139,0.139,0.0018007371227722615
714,857,143,0.143,0.0017818299062782898
712,856,144,0.144,0.0018080818570451811
742,871,129,0.129,0.0017702858860138805
730,865,135,0.135,0.0017990900450386108
764,882,118,0.118,0.00169840769644361
682,841,159,0.159,0.0018209421219071373
750,875,125,0.125,0.0015931208009133115
750,875,125,0.125,0.00153859055461362
704,852,148,0.148,0.0015121420866344125
718,859,141,0.141,0.0015559193074004725
714,857,143,0.143,0.0015401237887563183
754,877,123,0.123,0.001479481871239841
736,868,132,0.132,0.0014274654933251441
704,852,148,0.148,0.0013961713552707805
726,863,137,0.137,0.0013223969827522524
764,882,118,0.118,0.0012873486105818301
660,830,170,0.17,0.0013341266595525668
704,852,148,0.148,0.0013493526334059426
724,862,138,0.138,0.0012934600553126075
780,890,110,0.11,0.0012935894117690624
712,856,144,0.144,0.0012992506672162563
732,866,134,0.134,0.001303813295380678
750,875,125,0.125,0.0012841646554879844
740,870,130,0.13,0.001296702358056791
784,892,108,0.108,0.0012738315927563234
782,891,109,0.109,0.0012707642689347267
722,861,139,0.139,0.001278895823052153
686,843,157,0.157,0.0013484351341612637
730,865,135,0.135,0.0012749676411040127
700,850,150,0.15,0.0013703319584019483
718,859,141,0.141,0.0012933656704844907
668,834,166,0.166,0.0013456860994920134
758,879,121,0.121,0.0012594025508733467
730,865,135,0.135,0.0013535632063867524
718,859,141,0.141,0.0013269399625714868
764,882,118,0.118,0.0013396225165342912
692,846,154,0.154,0.0013471709442674181
702,851,149,0.149,0.001379008358111605
690,845,155,0.155,0.0013947007678216322
746,873,127,0.127,0.0013701876749983057
748,874,126,0.126,0.001404868806595914
756,878,122,0.122,0.0013925442736363038
726,863,137,0.137,0.001394507488817908
736,868,132,0.132,0.0014627197189256548
728,864,136,0.136,0.0014114003228023649
758,879,121,0.121,0.0014153966098092497
734,867,133,0.133,0.001412690966273658
706,853,147,0.147,0.001410707285744138
710,855,145,0.145,0.0013638317916775122
700,850,150,0.15,0.0013634906719671562
768,884,116,0.116,0.001288731697248295
780,890,110,0.11,0.0012902594490442425
722,861,139,0.139,0.0013045312378089874
764,882,118,0.118,0.0012967338300077244
716,858,142,0.142,0.0013153340247808955
694,847,153,0.153,0.001352408470120281
776,888,112,0.112,0.0012836156534031034
702,851,149,0.149,0.0013163114229682834
760,880,120,0.12,0.0012448297470109538
724,862,138,0.138,0.0012739781169220806
754,877,123,0.123,0.0012618639557622374
696,848,152,0.152,0.001306657359469682
756,878,122,0.122,0.0012941340662073345
750,875,125,0.125,0.0012670666578342208
680,840,160,0.16,0.0013824527109973133
772,886,114,0.114,0.001326800507493317
724,862,138,0.138,0.0013887120230356232
728,864,136,0.136,0.0013780737712513656
708,854,146,0.146,0.0013937848259229213
698,849,151,0.151,0.0013987036783946678
740,870,130,0.13,0.001450634580804035
712,856,144,0.144,0.001484047873178497
700,850,150,0.15,0.0015186932656215504
762,881,119,0.119,0.0014558788227150216
732,866,134,0.134,0.001488792341784574
704,852,148,0.148,0.0015027074058307334
728,864,136,0.136,0.0015831591000314803
736,868,132,0.132,0.001539200420724228
704,852,148,0.148,0.0016225039769196883
712,856,144,0.144,0.0016105261731427162
752,876,124,0.124,0.001589146520011127
796,898,102,0.102,0.00160902287135832
716,858,142,0.142,0.0016523423024918883
726,863,137,0.137,0.0016783966475632042
828,914,86,0.086,0.0015457544561941177
732,866,134,0.134,0.001644277527811937
754,877,123,0.123,0.0016450906884856523
770,885,115,0.115,0.0016098600119585171
762,881,119,0.119,0.0014852460842812434
724,862,138,0.138,0.0015273888420779258
734,867,133,0.133,0.0015005353932501747
746,873,127,0.127,0.0014800594560801983
744,872,128,0.128,0.0014323045967612415
802,901,99,0.099,0.0014325874737696723
756,878,122,0.122,0.001410057209432125
724,862,138,0.138,0.0013591794215608388
720,860,140,0.14,0.0013849010592093692
772,886,114,0.114,0.001349647052004002
736,868,132,0.132,0.001341220086440444
712,856,144,0.144,0.0014056897899135947
754,877,123,0.123,0.0013601246918551625
710,855,145,0.145,0.0013819097157102079
780,890,110,0.11,0.0013814732714090496
726,863,137,0.137,0.0015905753591796384
764,882,118,0.118,0.001610992633155547
708,854,146,0.146,0.0017661170453066007
738,869,131,0.131,0.0016474412507377564
726,863,137,0.137,0.0017242775755003095
716,858,142,0.142,0.0016818995329085738
722,861,139,0.139,0.0017784671523841098
708,854,146,0.146,0.001844880714546889
742,871,129,0.129,0.0019222726261941716
712,856,144,0.144,0.0019714923008577897
752,876,124,0.124,0.002026116328313947
766,883,117,0.117,0.0019724609040422366
770,885,115,0.115,0.0019862105916254222
684,842,158,0.158,0.0020583704714663325
718,859,141,0.141,0.002052862092736177
752,876,124,0.124,0.002008814388536848
670,835,165,0.165,0.0020438261714298277
708,854,146,0.146,0.001976851476007141
734,867,133,0.133,0.0020311079964740204
758,879,121,0.121,0.001976276102592237
712,856,144,0.144,0.0019862521881004796
708,854,146,0.146,0.001972601538640447
782,891,109,0.109,0.001914327497361228
694,847,153,0.153,0.0019837954274844376
706,853,147,0.147,0.001942095814505592
738,869,131,0.131,0.0019245114505756647
780,890,110,0.11,0.001868681877735071
748,874,126,0.126,0.0019704038091003895
712,856,144,0.144,0.0019396463863085955
694,847,153,0.153,0.0019841735701775177
760,880,120,0.12,0.0018639077629195526
768,884,116,0.116,0.0018887196618597953
718,859,141,0.141,0.00198252684995532
750,875,125,0.125,0.001930694928043522
676,838,162,0.162,0.0020099925441900268
730,865,135,0.135,0.001945388752501458
764,882,118,0.118,0.0019577214213786645
666,833,167,0.167,0.0021348306086147206
786,893,107,0.107,0.0020188091640593485
762,881,119,0.119,0.002033606693497859
758,879,121,0.121,0.0020465539635624737
710,855,145,0.145,0.0021545244973385706
694,847,153,0.153,0.0021616023457609115
778,889,111,0.111,0.0020563568079378456
682,841,159,0.159,0.002235736991162412
758,879,121,0.121,0.002162459666025825
704,852,148,0.148,0.0021831763717345895
768,884,116,0.116,0.0021249346390832214
736,868,132,0.132,0.002115677777095698
734,867,133,0.133,0.0021727419478120283
686,843,157,0.157,0.0022133903496433047
742,871,129,0.129,0.002110058369813487
754,877,123,0.123,0.0021896604059729726
722,861,139,0.139,0.0021907359863398597
780,890,110,0.11,0.002167839775676839
696,848,152,0.152,0.0021798296844353898
742,871,129,0.129,0.0022188156094634904
734,867,133,0.133,0.002257169903139584
760,880,120,0.12,0.0022317946535767986
742,871,129,0.129,0.0023596187814837323
718,859,141,0.141,0.002345078728510998
714,857,143,0.143,0.0023448263372993095
704,852,148,0.148,0.0024075524399522694
702,851,149,0.149,0.0025149805871769785
720,860,140,0.14,0.002460799933061935
754,877,123,0.123,0.0025791064505465327
742,871,129,0.129,0.0026229149429127575
764,882,118,0.118,0.002498430578969419
686,843,157,0.157,0.002652348028961569
722,861,139,0.139,0.002606021974468604
732,866,134,0.134,0.002646376956254244
712,856,144,0.144,0.002652684004744515
734,867,133,0.133,0.002674196344334632
686,843,157,0.157,0.002703834580257535
792,896,104,0.104,0.0026254816197324544
742,871,129,0.129,0.0026745445269625635
710,855,145,0.145,0.002713235863018781
758,879,121,0.121,0.0027196227870881556
752,876,124,0.124,0.002728774196235463
766,883,117,0.117,0.0026327658244408667
752,876,124,0.124,0.0027135717875789852
694,847,153,0.153,0.002758384778397158
696,848,152,0.152,0.0027390615365002306
748,874,126,0.126,0.002710792489349842
778,889,111,0.111,0.0026790173379704356
738,869,131,0.131,0.0027615563741419462
710,855,145,0.145,0.0027885266377124934
744,872,128,0.128,0.0028656969661824405
730,865,135,0.135,0.002801565864123404
748,874,126,0.126,0.0028049811255186794
764,882,118,0.118,0.0027106576922815294
778,889,111,0.111,0.0027485429218504576
720,860,140,0.14,0.002795690527651459
754,877,123,0.123,0.0027499422680120917
710,855,145,0.145,0.0027776173134334385
738,869,131,0.131,0.002796612883452326
710,855,145,0.145,0.002762262764154002
732,866,134,0.134,0.0027977107123006136
716,858,142,0.142,0.0028753915936686096
706,853,147,0.147,0.0029919432611204685
702,851,149,0.149,0.0030820459141395985
698,849,151,0.151,0.0031381478023249656
664,832,168,0.168,0.003125700417207554
758,879,121,0.121,0.0033035776605829597
720,860,140,0.14,0.003311530845472589
710,855,145,0.145,0.0034783091521821915
724,862,138,0.138,0.0036529239036608486
748,874,126,0.126,0.0036429191986098886
696,848,152,0.152,0.00398135372903198
710,855,145,0.145,0.0040167335951700805
674,837,163,0.163,0.0041825100481510166
764,882,118,0.118,0.004053092274116352
726,863,137,0.137,0.004287255473667755
694,847,153,0.153,0.0044427646878175435
718,859,141,0.141,0.004412215210963041
766,883,117,0.117,0.004349019164917991
794,897,103,0.103,0.004294505866011605
740,870,130,0.13,0.004442002791911363
756,878,122,0.122,0.004374125471105799
726,863,137,0.137,0.004348822274710983
732,866,134,0.134,0.004426677349256352
732,866,134,0.134,0.004286505325930193
724,862,138,0.138,0.00433167011057958
736,868,132,0.132,0.004262142488034442
730,865,135,0.135,0.004392593995202333
730,865,135,0.135,0.004304947442142293
776,888,112,0.112,0.004233906163834036
776,888,112,0.112,0.004231596018886194
714,857,143,0.143,0.004508576427120716
690,845,155,0.155,0.004613262249389663
726,863,137,0.137,0.004487092936877162
706,853,147,0.147,0.004611112892162055
710,855,145,0.145,0.004706622561672703
744,872,128,0.128,0.004621475611813366
748,874,126,0.126,0.004624033459695056
702,851,149,0.149,0.005245418981648982
748,874,126,0.126,0.0051822671671397985
778,889,111,0.111,0.0050968520930036905
706,853,147,0.147,0.005298934543505311
750,875,125,0.125,0.005197882417589426
700,850,150,0.15,0.005365992332808673
744,872,128,0.128,0.005238008980639279
666,833,167,0.167,0.0054483543308451775
694,847,153,0.153,0.005511705899145454
750,875,125,0.125,0.0053293429417535666
748,874,126,0.126,0.005278619438409805
774,887,113,0.113,0.0051400909922085705
784,892,108,0.108,0.004979828668292612
750,875,125,0.125,0.005155709681566804
732,866,134,0.134,0.005218862996902317
668,834,166,0.166,0.005174746313598007
710,855,145,0.145,0.004955208555795253
730,865,135,0.135,0.004719522755825892
680,840,160,0.16,0.004902430939488113
782,891,109,0.109,0.004686775214038789
742,871,129,0.129,0.004458553021075204
726,863,137,0.137,0.004535447174450383
724,862,138,0.138,0.0044992375469300894
724,862,138,0.138,0.004361356628825888
716,858,142,0.142,0.004266020647482946
736,868,132,0.132,0.004320284721907228
690,845,155,0.155,0.004520988955162466
714,857,143,0.143,0.004393884284421802
714,857,143,0.143,0.004442394625395536
764,882,118,0.118,0.004444898249581456
672,836,164,0.164,0.004586059649707749
748,874,126,0.126,0.004620580610586331
708,854,146,0.146,0.004717323390068486
716,858,142,0.142,0.004575780249200761
728,864,136,0.136,0.0045392088692169635
718,859,141,0.141,0.0050810594880022104
712,856,144,0.144,0.0048925425512716175
688,844,156,0.156,0.004958316490054131
768,884,116,0.116,0.00484670594939962
752,876,124,0.124,0.00489312819391489
776,888,112,0.112,0.004885533679742366
750,875,125,0.125,0.0051294965590350326
722,861,139,0.139,0.0051869385493919255
680,840,160,0.16,0.005442463139072061
776,888,112,0.112,0.005177894324064255
740,870,130,0.13,0.005484732346609235
726,863,137,0.137,0.005457987688016147
740,870,130,0.13,0.00549616328580305
760,880,120,0.12,0.005663334608543664
732,866,134,0.134,0.005755673051811755
772,886,114,0.114,0.0058333365302532915
766,883,117,0.117,0.0058287535710260276
694,847,153,0.153,0.006141359083820135
732,866,134,0.134,0.005900847577955574
752,876,124,0.124,0.006048018194735051
742,871,129,0.129,0.006277973841875791
714,857,143,0.143,0.0068861039234325285
702,851,149,0.149,0.006846129822544754
718,859,141,0.141,0.007259106396697462
764,882,118,0.118,0.0070966363297775385
698,849,151,0.151,0.00718098896369338
766,883,117,0.117,0.0072478086119517685
736,868,132,0.132,0.007382823027204722
690,845,155,0.155,0.008602487488184124
774,887,113,0.113,0.008540704486425967
744,872,128,0.128,0.009415738286916166
698,849,151,0.151,0.009632056698668748
734,867,133,0.133,0.00932591706700623
772,886,114,0.114,0.009786594925448299
718,859,141,0.141,0.009890218788292259
742,871,129,0.129,0.010502716837450863
692,846,154,0.154,0.0119542729081586
706,853,147,0.147,0.011989942942745984
714,857,143,0.143,0.012857016827911138
690,845,155,0.155,0.012803708920255303
742,871,129,0.129,0.013292672439478338
790,895,105,0.105,0.013132869838736952
732,866,134,0.134,0.014000862751156092
752,876,124,0.124,0.014536752030253411
758,879,121,0.121,0.014730950087308884
690,845,155,0.155,0.016188276130706072
748,874,126,0.126,0.015742405263707043
638,819,181,0.181,0.016010848592035474
722,861,139,0.139,0.016420556496828796
738,869,131,0.131,0.0171255743810907
726,863,137,0.137,0.01742927486822009
718,859,141,0.141,0.01722801274806261
714,857,143,0.143,0.01751964754424989
756,878,122,0.122,0.01713668826688081
734,867,133,0.133,0.01748010728508234
720,860,140,0.14,0.016802127827890218
734,867,133,0.133,0.017177947483956815
718,859,141,0.141,0.01693211662117392
790,895,105,0.105,0.016688057436607777
708,854,146,0.146,0.017078236259520055
728,864,136,0.136,0.016744144750759006
748,874,126,0.126,0.01697796334233135
696,848,152,0.152,0.017051519620232283
726,863,137,0.137,0.01598607949819416
732,866,134,0.134,0.01645199094619602
678,839,161,0.161,0.016109463846310974
712,856,144,0.144,0.014554296561982483
774,887,113,0.113,0.013711356260813773
706,853,147,0.147,0.01222431564796716
750,875,125,0.125,0.011477716724853962
744,872,128,0.128,0.010124239564873279
712,856,144,0.144,0.011463740637991578
750,875,125,0.125,0.008481579656712711
736,868,132,0.132,0.007613502648193389
788,894,106,0.106,0.0061777404323220255
712,856,144,0.144,0.0061861758010927585
714,857,143,0.143,0.005557653095107525
672,836,164,0.164,0.005386306430445984
754,877,123,0.123,0.005311640226282179
756,878,122,0.122,0.004916928005171939
712,856,144,0.144,0.004628543692175299
760,880,120,0.12,0.004342889603460208
788,894,106,0.106,0.0037868124060332774
728,864,136,0.136,0.003620368441333994
748,874,126,0.126,0.0035065584341064096
662,831,169,0.169,0.0035611978750675916
740,870,130,0.13,0.003442142355022952
704,852,148,0.148,0.0034029358637053518
774,887,113,0.113,0.003311393158743158
714,857,143,0.143,0.0032258583393413574
750,875,125,0.125,0.0030132444810587913
734,867,133,0.133,0.003044163677841425
776,888,112,0.112,0.0030315961982123555
702,851,149,0.149,0.003151810988551006
732,866,134,0.134,0.0031566462395712733
728,864,136,0.136,0.0030763992038555445
736,868,132,0.132,0.003098989103687927
776,888,112,0.112,0.0031977643291465937
688,844,156,0.156,0.003317297799512744
752,876,124,0.124,0.0032160763691645115
718,859,141,0.141,0.003347867532167584
718,859,141,0.141,0.003276943661272526
756,878,122,0.122,0.00321168625424616
756,878,122,0.122,0.003374388525262475
762,881,119,0.119,0.0033638352449052037
708,854,146,0.146,0.0034391905749216675
764,882,118,0.118,0.003369552195770666
736,868,132,0.132,0.003438398462487385
698,849,151,0.151,0.00347468421398662
770,885,115,0.115,0.003402713893912733
718,859,141,0.141,0.0034274617342744023
742,871,129,0.129,0.0034999078654218466
790,895,105,0.105,0.003436323328176513
708,854,146,0.146,0.0035841396304313092
684,842,158,0.158,0.003610822878777981
766,883,117,0.117,0.003449617534643039
668,834,166,0.166,0.00358260601060465
734,867,133,0.133,0.0035923526007682087
692,846,154,0.154,0.003891389314085245
736,868,132,0.132,0.003857108442578465
712,856,144,0.144,0.003898215270368382
754,877,123,0.123,0.0039797301453072574
766,883,117,0.117,0.0038597860152367503
740,870,130,0.13,0.004012837314978242
690,845,155,0.155,0.004138976807007566
772,886,114,0.114,0.004314768908312544
742,871,129,0.129,0.004080122163752094
720,860,140,0.14,0.004515087909065187
722,861,139,0.139,0.004580878757406026
746,873,127,0.127,0.004574942935490981
734,867,133,0.133,0.0048068863768130545
720,860,140,0.14,0.004661349510541186
738,869,131,0.131,0.004704059625742957
730,865,135,0.135,0.004741296217544004
740,870,130,0.13,0.004972883434267715
744,872,128,0.128,0.005139820903539658
664,832,168,0.168,0.005380853725131601
754,877,123,0.123,0.005207944556605071
704,852,148,0.148,0.005395771249197424
712,856,144,0.144,0.005434480159077794
722,861,139,0.139,0.005475314108189196
744,872,128,0.128,0.005377418347168714
696,848,152,0.152,0.005525834874715656
732,866,134,0.134,0.005512097094208002
726,863,137,0.137,0.005483057172503323
706,853,147,0.147,0.005311158330179751
722,861,139,0.139,0.005410927147604525
776,888,112,0.112,0.005300196590833366
702,851,149,0.149,0.005226660707965493
710,855,145,0.145,0.005369026904460042
750,875,125,0.125,0.005034906663466245
772,886,114,0.114,0.004930756265530363
706,853,147,0.147,0.004962541575543582
706,853,147,0.147,0.004745684367138892
730,865,135,0.135,0.004807527739787474
688,844,156,0.156,0.004623887259280309
740,870,130,0.13,0.0045846554539166395
740,870,130,0.13,0.004210130811668932
726,863,137,0.137,0.004224362235981971
690,845,155,0.155,0.004188206410966813
750,875,125,0.125,0.004036200038390234
760,880,120,0.12,0.004004134191200137
680,840,160,0.16,0.004055567607283592
760,880,120,0.12,0.003855741598410532
724,862,138,0.138,0.0038055024608038366
768,884,116,0.116,0.0036778809644747524
682,841,159,0.159,0.0037383931996300816
740,870,130,0.13,0.0036359378395136445
728,864,136,0.136,0.003645486867520958
780,890,110,0.11,0.003424155141925439
706,853,147,0.147,0.0036193260424770414
662,831,169,0.169,0.003707247097045183
726,863,137,0.137,0.003561800439376384
754,877,123,0.123,0.0035071136970072983
760,880,120,0.12,0.0035526497620157896
752,876,124,0.124,0.003605516978772357
708,854,146,0.146,0.0036562423594295977
704,852,148,0.148,0.003638581879902631
710,855,145,0.145,0.003664721834938973
696,848,152,0.152,0.003793225814588368
758,879,121,0.121,0.0037227547613438217
756,878,122,0.122,0.0038197214577812702
762,881,119,0.119,0.0037291143033653497
774,887,113,0.113,0.0036245943538378922
732,866,134,0.134,0.0035803086701780558
740,870,130,0.13,0.003676225998438895
760,880,120,0.12,0.003640130418119952
700,850,150,0.15,0.0034770595664158463
696,848,152,0.152,0.0033354664666112514
752,876,124,0.124,0.0031796356544364244
738,869,131,0.131,0.003209421638166532
774,887,113,0.113,0.0030650276923552154
752,876,124,0.124,0.003121564063243568
722,861,139,0.139,0.003223721141461283
724,862,138,0.138,0.00319052069936879
722,861,139,0.139,0.0032491360153071584
674,837,163,0.163,0.0034278143821284174
706,853,147,0.147,0.0033129568363074215
732,866,134,0.134,0.003433188872411847
780,890,110,0.11,0.0034416704054456206
688,844,156,0.156,0.0036981894786003978
730,865,135,0.135,0.0037493040666449814
716,858,142,0.142,0.003813680640421808
730,865,135,0.135,0.0037781345297116784
782,891,109,0.109,0.003701648922404274
714,857,143,0.143,0.0039119325145147744
780,890,110,0.11,0.0038200314561836423
756,878,122,0.122,0.003921115359058603
748,874,126,0.126,0.0039373693587258455
750,875,125,0.125,0.0036062888849992306
720,860,140,0.14,0.003517023548251018
670,835,165,0.165,0.0038399568868335335
710,855,145,0.145,0.003475996035384014
784,892,108,0.108,0.003493857049383223
702,851,149,0.149,0.003526163963600993
742,871,129,0.129,0.003200581737328321
748,874,126,0.126,0.0031062174851540477
774,887,113,0.113,0.0032246969281695785
760,880,120,0.12,0.0031255311977583917
712,856,144,0.144,0.00319550267374143
692,846,154,0.154,0.003158216278301552
684,842,158,0.158,0.0031200532903894783
674,837,163,0.163,0.0031161554171703757
774,887,113,0.113,0.0031448214894626287
700,850,150,0.15,0.0031467389855533837
748,874,126,0.126,0.0032647235293406995
716,858,142,0.142,0.0036676374080125244
706,853,147,0.147,0.0034046451775357127
726,863,137,0.137,0.003467667443910614
712,856,144,0.144,0.003601593514205888
724,862,138,0.138,0.003660291087580845
776,888,112,0.112,0.0035684820977039634
746,873,127,0.127,0.0036130120777525007
726,863,137,0.137,0.0036497479774989187
786,893,107,0.107,0.003645292847184464
760,880,120,0.12,0.0036745796480681745
766,883,117,0.117,0.0036898453093599528
774,887,113,0.113,0.0036162516644690185
764,882,118,0.118,0.003679015246685594
762,881,119,0.119,0.003555062968051061
782,891,109,0.109,0.00349896443169564
756,878,122,0.122,0.003498617314733565
736,868,132,0.132,0.0034505114175844937
690,845,155,0.155,0.003724309544544667
738,869,131,0.131,0.0036922778931912036
764,882,118,0.118,0.003547813723096624
754,877,123,0.123,0.0036443359637632964
784,892,108,0.108,0.003776636381400749
768,884,116,0.116,0.003902983283624053
748,874,126,0.126,0.003962547261267901
730,865,135,0.135,0.004079410328762606
764,882,118,0.118,0.003850047858897597
736,868,132,0.132,0.0041691221438813954
724,862,138,0.138,0.004462740568444133
756,878,122,0.122,0.004942239900352433
786,893,107,0.107,0.0052846837625838815
696,848,152,0.152,0.005026647865539417
784,892,108,0.108,0.0051889129569754
720,860,140,0.14,0.005360241170041263
732,866,134,0.134,0.0051679579687770455
692,846,154,0.154,0.0053539442035835235
714,857,143,0.143,0.005901534935925156
726,863,137,0.137,0.005752433436457068
768,884,116,0.116,0.005956685499288142
736,868,132,0.132,0.006094608252868056
758,879,121,0.121,0.0059756229994818565
728,864,136,0.136,0.00602523151692003
694,847,153,0.153,0.006234246514737606
744,872,128,0.128,0.006119125717319548
724,862,138,0.138,0.006422360186465085
702,851,149,0.149,0.006484659985173493
678,839,161,0.161,0.0065982923642732205
770,885,115,0.115,0.006389064933173359
706,853,147,0.147,0.0064899776494130495
810,905,95,0.095,0.006463316822424531
712,856,144,0.144,0.007227304770145565
724,862,138,0.138,0.006877344814594835
770,885,115,0.115,0.00719134805072099
748,874,126,0.126,0.0073883633646182716
732,866,134,0.134,0.007884561599697918
730,865,135,0.135,0.007880804336629807
714,857,143,0.143,0.007931292035151274
744,872,128,0.128,0.008685913017485291
672,836,164,0.164,0.009517087860498577
716,858,142,0.142,0.009652857115026564
756,878,122,0.122,0.00980885647283867
750,875,125,0.125,0.010731670032255352
684,842,158,0.158,0.01019237468438223
708,854,146,0.146,0.010193038345314563
716,858,142,0.142,0.01100406358204782
774,887,113,0.113,0.010902875555679202
690,845,155,0.155,0.011570764817297458
774,887,113,0.113,0.010621883632615209
732,866,134,0.134,0.01125931354612112
758,879,121,0.121,0.01083385406807065
706,853,147,0.147,0.011098422892391682
790,895,105,0.105,0.01022151698730886
738,869,131,0.131,0.010099335490725935
748,874,126,0.126,0.009630608363077045
712,856,144,0.144,0.009858164242468775
770,885,115,0.115,0.008991553392726928
720,860,140,0.14,0.008799484388902783
738,869,131,0.131,0.008766982498113066
708,854,146,0.146,0.008537418518215418
696,848,152,0.152,0.008315030529163778
716,858,142,0.142,0.008249809704255312
736,868,132,0.132,0.007897333690430969
678,839,161,0.161,0.00791873570624739
732,866,134,0.134,0.007405112159438431
772,886,114,0.114,0.007582210231106728
764,882,118,0.118,0.00750490363361314
736,868,132,0.132,0.007484503602143377
756,878,122,0.122,0.007515578888822347
800,900,100,0.1,0.0072977665909565986
718,859,141,0.141,0.007463930431753397
700,850,150,0.15,0.007814617511816323
704,852,148,0.148,0.007593178177718073
740,870,130,0.13,0.007411342980805784
710,855,145,0.145,0.007671844380907714
764,882,118,0.118,0.007563360958825796
734,867,133,0.133,0.0077558644623495635
806,903,97,0.097,0.007704873246140778
682,841,159,0.159,0.008020750066731126
720,860,140,0.14,0.008281321211718023
696,848,152,0.152,0.008190722543746233
718,859,141,0.141,0.008373305874876677
702,851,149,0.149,0.008674154810141771
736,868,132,0.132,0.009063481314573437
762,881,119,0.119,0.009128340122289956
700,850,150,0.15,0.010103701209183783
710,855,145,0.145,0.009894965392537414
782,891,109,0.109,0.009573283524252475
754,877,123,0.123,0.010080768139101566
746,873,127,0.127,0.01017003698926419
758,879,121,0.121,0.010312035395763815
768,884,116,0.116,0.010535543609410525
740,870,130,0.13,0.0108775418670848
770,885,115,0.115,0.010688964164815844
766,883,117,0.117,0.010656460070982575
696,848,152,0.152,0.010803013213910162
764,882,118,0.118,0.010367434928193689
732,866,134,0.134,0.01061344351992011
716,858,142,0.142,0.010671405718661845
762,881,119,0.119,0.010237081602215767
738,869,131,0.131,0.010607304804958403
714,857,143,0.143,0.010884734833613038
670,835,165,0.165,0.01129776091594249
786,893,107,0.107,0.01106094384007156
668,834,166,0.166,0.01176397131755948
758,879,121,0.121,0.011528621048666537
702,851,149,0.149,0.013017130429856479
722,861,139,0.139,0.012722058041021228
740,870,130,0.13,0.012570732498541475
766,883,117,0.117,0.01297891878336668
728,864,136,0.136,0.013278827084228397
700,850,150,0.15,0.012766626394353806
752,876,124,0.124,0.012595828571356833
720,860,140,0.14,0.012555893637239933
662,831,169,0.169,0.01259628158248961
772,886,114,0.114,0.01170660490822047
776,888,112,0.112,0.010839172864332796
758,879,121,0.121,0.011063908055890352
732,866,134,0.134,0.010490872421301901
712,856,144,0.144,0.009013643593061716
764,882,118,0.118,0.008820078128017486
736,868,132,0.132,0.008269944579340518
738,869,131,0.131,0.008062049518339337
746,873,127,0.127,0.007797457851003856
746,873,127,0.127,0.007581935023888945
782,891,109,0.109,0.007366389092523604
710,855,145,0.145,0.006964687549043447
642,821,179,0.179,0.006993818539194762
698,849,151,0.151,0.006289045745972544
740,870,130,0.13,0.0055329463491216304
702,851,149,0.149,0.005773230128455907
722,861,139,0.139,0.005657663593767211
702,851,149,0.149,0.005777966987341642
752,876,124,0.124,0.004774697449291125
704,852,148,0.148,0.005153546101879328
740,870,130,0.13,0.004773210033774376
718,859,141,0.141,0.004405403800308704
688,844,156,0.156,0.004526476451195777
742,871,129,0.129,0.004423771899892018
762,881,119,0.119,0.004263515632133931
734,867,133,0.133,0.004308337459340692
732,866,134,0.134,0.004269896447891369
730,865,135,0.135,0.004168840763391927
766,883,117,0.117,0.004062483090674505
746,873,127,0.127,0.003619869382819161
736,868,132,0.132,0.003761480213608593
702,851,149,0.149,0.0037968342441599815
710,855,145,0.145,0.0037112137076910586
674,837,163,0.163,0.0036790853629354386
756,878,122,0.122,0.003415640950668603
782,891,109,0.109,0.0035292731006629765
724,862,138,0.138,0.0035404128890950235
700,850,150,0.15,0.003633023845264688
642,821,179,0.179,0.0037080945530906318
730,865,135,0.135,0.0036610228959470985
674,837,163,0.163,0.003808101853588596
772,886,114,0.114,0.0038212691072840245
730,865,135,0.135,0.003719680494163185
756,878,122,0.122,0.003861778679070994
738,869,131,0.131,0.0038694877678062765
694,847,153,0.153,0.004080240016337484
766,883,117,0.117,0.004041341999312863
738,869,131,0.131,0.004102397803450003
724,862,138,0.138,0.004326130288885907
726,863,137,0.137,0.004149663614807651
738,869,131,0.131,0.004211853944696486
718,859,141,0.141,0.004206085706595332
714,857,143,0.143,0.004047837895108387
784,892,108,0.108,0.003976287237834186
694,847,153,0.153,0.004166277870070189
718,859,141,0.141,0.004022577613592148
766,883,117,0.117,0.003945609806338325
750,875,125,0.125,0.0038471756104845553
710,855,145,0.145,0.0038839664703700693
722,861,139,0.139,0.003732200057944283
772,886,114,0.114,0.0037952783114742488
722,861,139,0.139,0.003885210988577455
692,846,154,0.154,0.0038473274090792984
722,861,139,0.139,0.0039610126523766664
762,881,119,0.119,0.0039030335461720826
696,848,152,0.152,0.004000505087897181
792,896,104,0.104,0.003965585610596463
714,857,143,0.143,0.00416729276929982
762,881,119,0.119,0.0040865947355050595
696,848,152,0.152,0.004208282059291378
784,892,108,0.108,0.004037535859737545
648,824,176,0.176,0.0045030551401432604
732,866,134,0.134,0.004132828417001292
748,874,126,0.126,0.004123319077538327
690,845,155,0.155,0.004319962450768798
694,847,153,0.153,0.004363668167032301
740,870,130,0.13,0.004224099424434826
776,888,112,0.112,0.004158066460397095
728,864,136,0.136,0.004242685664677993
736,868,132,0.132,0.004173265527468175
686,843,157,0.157,0.004225734276464209
726,863,137,0.137,0.004174950260668993
782,891,109,0.109,0.003643284562509507
726,863,137,0.137,0.003873409149935469
776,888,112,0.112,0.003724186523118988
740,870,130,0.13,0.003190251019783318
700,850,150,0.15,0.003171689034672454
660,830,170,0.17,0.003173413656419143
772,886,114,0.114,0.0021781936824554577
720,860,140,0.14,0.0026291623696452007
748,874,126,0.126,0.0023180845370516182
732,866,134,0.134,0.0021126470318995417
810,905,95,0.095,0.0019656655557919295
768,884,116,0.116,0.0018236615910427645
736,868,132,0.132,0.0017191025050124153
758,879,121,0.121,0.0016718538781860842
654,827,173,0.173,0.0016501670778961853
762,881,119,0.119,0.001480134699260816
740,870,130,0.13,0.001494818478706293
668,834,166,0.166,0.001508378126192838
696,848,152,0.152,0.0015037847874918952
766,883,117,0.117,0.0014285572121152655
686,843,157,0.157,0.0015689646059181541
748,874,126,0.126,0.0014976286065066233
772,886,114,0.114,0.0014482514130650089
728,864,136,0.136,0.0015091165081830694
710,855,145,0.145,0.0015629803367191925
744,872,128,0.128,0.0015900532325031237
754,877,123,0.123,0.0015702767982147634
722,861,139,0.139,0.0016225021337158978
742,871,129,0.129,0.0016962524821283295
734,867,133,0.133,0.0017094852029113099
714,857,143,0.143,0.0017271367334760726
774,887,113,0.113,0.0016533371722325682
728,864,136,0.136,0.001700223106192425
688,844,156,0.156,0.001803649474750273
692,846,154,0.154,0.0017876331860898062
726,863,137,0.137,0.001763062105514109
676,838,162,0.162,0.0018270714044338091
764,882,118,0.118,0.0018337056576274336
780,890,110,0.11,0.0018072469539474696
726,863,137,0.137,0.0018573116248007864
726,863,137,0.137,0.0018416547200176864
788,894,106,0.106,0.0017730958958854898
750,875,125,0.125,0.0018917914376361295
728,864,136,0.136,0.0018942518882686273
752,876,124,0.124,0.0018967747438000514
772,886,114,0.114,0.0018425561413168907
722,861,139,0.139,0.0018735065954970196
776,888,112,0.112,0.0017748801955021919
746,873,127,0.127,0.0018413297099759802
734,867,133,0.133,0.0017957741608843208
760,880,120,0.12,0.001830296783009544
670,835,165,0.165,0.0018419106701621786
718,859,141,0.141,0.0018983201110968366
688,844,156,0.156,0.0018816355422604828
698,849,151,0.151,0.0018364785362500696
724,862,138,0.138,0.0018185583032900468
730,865,135,0.135,0.0018736901653464884
698,849,151,0.151,0.0019033419985789806
708,854,146,0.146,0.0019358179485425354
676,838,162,0.162,0.0020565388390095907
772,886,114,0.114,0.001981619932805188
776,888,112,0.112,0.0021711173641961066
748,874,126,0.126,0.0021470957599813117
738,869,131,0.131,0.0022931978416163472
704,852,148,0.148,0.0022700762499589474
722,861,139,0.139,0.0023286008088616653
692,846,154,0.154,0.002302653137827292
702,851,149,0.149,0.0022984041394665837
768,884,116,0.116,0.0023193746552569792
764,882,118,0.118,0.0023677828488871456
748,874,126,0.126,0.0023048912935191767
788,894,106,0.106,0.0022974070952041076
698,849,151,0.151,0.0023306459317682313
786,893,107,0.107,0.002252075890544802
682,841,159,0.159,0.002321731717674993
718,859,141,0.141,0.0022969141772482544
724,862,138,0.138,0.0022950239088386296
784,892,108,0.108,0.002190464449580759
712,856,144,0.144,0.002188667709589936
708,854,146,0.146,0.002244434146792628
752,876,124,0.124,0.002186180998105556
742,871,129,0.129,0.002184658146696165
704,852,148,0.148,0.0021411040261154995
716,858,142,0.142,0.00216019856906496
752,876,124,0.124,0.002168516960227862
688,844,156,0.156,0.0021387461713748054
736,868,132,0.132,0.0021347893805941567
732,866,134,0.134,0.0021114597504492847
662,831,169,0.169,0.0022751619642367585
754,877,123,0.123,0.0022722817700123413
748,874,126,0.126,0.0023796037192223593
686,843,157,0.157,0.002544907891890034
724,862,138,0.138,0.0024664524368708954
718,859,141,0.141,0.0024241503436351194
700,850,150,0.15,0.0024995661657303573
716,858,142,0.142,0.00258037837035954
680,840,160,0.16,0.00270300186262466
704,852,148,0.148,0.0028454465488903223
728,864,136,0.136,0.002840236178599298
678,839,161,0.161,0.0028276181262917818
752,876,124,0.124,0.0027361916457302867
736,868,132,0.132,0.0028332748252432793
696,848,152,0.152,0.0028232658859342337
720,860,140,0.14,0.002825733123579994
734,867,133,0.133,0.0027939003014471383
740,870,130,0.13,0.002766628840006888
748,874,126,0.126,0.0027161584387067703
704,852,148,0.148,0.0026538518201559783
766,883,117,0.117,0.002672668309416622
678,839,161,0.161,0.0027968074849341064
766,883,117,0.117,0.002669688345864415
798,899,101,0.101,0.002600947564933449
686,843,157,0.157,0.0028089434588328003
764,882,118,0.118,0.002602923338068649
686,843,157,0.157,0.002734246265841648
746,873,127,0.127,0.0026262606517411767
776,888,112,0.112,0.0026165137130301445
774,887,113,0.113,0.0026070082178339363
712,856,144,0.144,0.0026981486065778882
758,879,121,0.121,0.002606739033246413
728,864,136,0.136,0.0026692931184079498
746,873,127,0.127,0.0027256032379809766
794,897,103,0.103,0.002594373308122158
770,885,115,0.115,0.002720866170246154
760,880,120,0.12,0.002750783234834671
720,860,140,0.14,0.0028345073035452514
750,875,125,0.125,0.0028503058734349906
706,853,147,0.147,0.0029517814158461987
714,857,143,0.143,0.0028834392302669585
706,853,147,0.147,0.002945400236174464
734,867,133,0.133,0.0030234408974647523
712,856,144,0.144,0.0032392637028824537
756,878,122,0.122,0.003096836526412517
752,876,124,0.124,0.0032095297002233563
710,855,145,0.145,0.0033157243360765276
720,860,140,0.14,0.0033616026393137872
698,849,151,0.151,0.0034438419684302063
752,876,124,0.124,0.003467348783975467
704,852,148,0.148,0.0036810438516549767
736,868,132,0.132,0.0036115162626374512
698,849,151,0.151,0.003623608516296372
702,851,149,0.149,0.0039217690322548154
714,857,143,0.143,0.003934711541514844
724,862,138,0.138,0.004074797542998567
712,856,144,0.144,0.004152281419141218
744,872,128,0.128,0.004013707394246012
766,883,117,0.117,0.004074890783056616
712,856,144,0.144,0.004104161258321255
772,886,114,0.114,0.0038687563822604716
752,876,124,0.124,0.0037792092361487446
726,863,137,0.137,0.0035548396511003374
738,869,131,0.131,0.0031399514715885744
744,872,128,0.128,0.0026820132987340913
698,849,151,0.151,0.0027980756538454445
670,835,165,0.165,0.0029173621776280925
708,854,146,0.146,0.0026229858701117335
746,873,127,0.127,0.002276099230744876
770,885,115,0.115,0.0021019427969586105
774,887,113,0.113,0.001982625099364668
726,863,137,0.137,0.0017004318315302952
714,857,143,0.143,0.0016222999247838743
744,872,128,0.128,0.0012793666343786753
770,885,115,0.115,0.001430594322795514
770,885,115,0.115,0.001489643842622172
808,904,96,0.096,0.0014147508916212245
756,878,122,0.122,0.0014596225158311426
696,848,152,0.152,0.0012202916085370817
706,853,147,0.147,0.001107190140581224
686,843,157,0.157,0.001090682728390675
716,858,142,0.142,0.0010330954086966812
772,886,114,0.114,0.0010121754257706925
760,880,120,0.12,0.001032529044779949
728,864,136,0.136,0.0010752545028808527
726,863,137,0.137,0.0010757072592386975
684,842,158,0.158,0.0011422141122748143
678,839,161,0.161,0.0011434582709916867
740,870,130,0.13,0.0010992819214006885
728,864,136,0.136,0.001161386321298778
764,882,118,0.118,0.0011523156018811277
740,870,130,0.13,0.0011610890814336017
720,860,140,0.14,0.0011609672679333016
750,875,125,0.125,0.0011345126989181153
708,854,146,0.146,0.0011407117915223353
758,879,121,0.121,0.0010916514122509397
740,870,130,0.13,0.0010932135700713844
744,872,128,0.128,0.0010356867065420374
752,876,124,0.124,0.0010536174603621475
772,886,114,0.114,0.0009923375001526437
756,878,122,0.122,0.0009650293813901953
722,861,139,0.139,0.0009471781307947821
704,852,148,0.148,0.0009600526916328818
702,851,149,0.149,0.0009717777522164397
750,875,125,0.125,0.0009318129023886286
694,847,153,0.153,0.0009670055767637678
786,893,107,0.107,0.0008762819661060348
742,871,129,0.129,0.0009243801662232727
730,865,135,0.135,0.0009321543245459907
734,867,133,0.133,0.0009827675423002803
740,870,130,0.13,0.0009279005379066803
726,863,137,0.137,0.0009259123150259257
674,837,163,0.163,0.0009533055296633392
740,870,130,0.13,0.0009516005893819966
722,861,139,0.139,0.0009783452156116254
732,866,134,0.134,0.0009896252830512821
744,872,128,0.128,0.0010503967734985054
780,890,110,0.11,0.001009764103568159
698,849,151,0.151,0.0010869359195348808
748,874,126,0.126,0.001104071006004233
738,869,131,0.131,0.0011088106561801395
748,874,126,0.126,0.0010435289436718448
698,849,151,0.151,0.0011211428351234644
728,864,136,0.136,0.0010604434911510906
744,872,128,0.128,0.0010890746572404168
730,865,135,0.135,0.0010338950540171937
706,853,147,0.147,0.0010668635804904625
818,909,91,0.091,0.0009877400294644758
752,876,124,0.124,0.001016110741707962
752,876,124,0.124,0.0010429858900606632
706,853,147,0.147,0.0010430894508608617
760,880,120,0.12,0.0009547684314311482
734,867,133,0.133,0.0009448909698403441
750,875,125,0.125,0.0009163704510428942
746,873,127,0.127,0.0009499618157860823
746,873,127,0.127,0.0009534315043129027
750,875,125,0.125,0.000912505101179704
754,877,123,0.123,0.0009412296628579498
760,880,120,0.12,0.000926398292358499
746,873,127,0.127,0.0009411914323573001
758,879,121,0.121,0.0009401498159859329
752,876,124,0.124,0.0009249286251724698
768,884,116,0.116,0.0009223271087976172
710,855,145,0.145,0.0009395633967360481
754,877,123,0.123,0.0009944441015832127
700,850,150,0.15,0.000959890516125597
762,881,119,0.119,0.000973698252462782
712,856,144,0.144,0.0009823985765106044
746,873,127,0.127,0.00099153644987382
762,881,119,0.119,0.0009961075534811244
700,850,150,0.15,0.0010426023659529165
734,867,133,0.133,0.0010370578613947145
682,841,159,0.159,0.0011238489175448194
716,858,142,0.142,0.0011116760859731585
674,837,163,0.163,0.0011944006092380732
738,869,131,0.131,0.0012030583537998608
728,864,136,0.136,0.001156051442027092
746,873,127,0.127,0.0011809494948247447
744,872,128,0.128,0.0012225969717255794
748,874,126,0.126,0.0012760680257924832
720,860,140,0.14,0.0012786347508663312
768,884,116,0.116,0.0012936221592826768
736,868,132,0.132,0.0012911488926038146
690,845,155,0.155,0.001361836231313646
708,854,146,0.146,0.0013675793136935681
718,859,141,0.141,0.0013393153437646105
712,856,144,0.144,0.001313642732682638
744,872,128,0.128,0.0012868058285675943
696,848,152,0.152,0.0013040800183662213
732,866,134,0.134,0.0012922218225430698
744,872,128,0.128,0.001313105175853707
754,877,123,0.123,0.0012792039518244565
742,871,129,0.129,0.0013222680528415366
784,892,108,0.108,0.001305501090362668
736,868,132,0.132,0.0013341264623450116
730,865,135,0.135,0.0012911489731632173
694,847,153,0.153,0.0013169862426584587
736,868,132,0.132,0.0012851057873340323
756,878,122,0.122,0.00128411451948341
724,862,138,0.138,0.00124407205946045
766,883,117,0.117,0.0012362354342476465
748,874,126,0.126,0.0012113669106038286
732,866,134,0.134,0.0012441039689583704
756,878,122,0.122,0.0012330279387533665
740,870,130,0.13,0.0012690082747722044
698,849,151,0.151,0.001232598621514626
762,881,119,0.119,0.0012434768669190817
706,853,147,0.147,0.001284437011112459
774,887,113,0.113,0.0012104091947549023
718,859,141,0.141,0.0012532283511245623
710,855,145,0.145,0.0013030699288938195
736,868,132,0.132,0.001278938826988451
742,871,129,0.129,0.001277217239723541
718,859,141,0.141,0.0012572052329778672
752,876,124,0.124,0.0012676794790895656
784,892,108,0.108,0.0013440400613471866
750,875,125,0.125,0.0012799488923046739
706,853,147,0.147,0.0013287106764037161
748,874,126,0.126,0.0013225733723957092
768,884,116,0.116,0.0013393909012665971
738,869,131,0.131,0.0013216017704689876
754,877,123,0.123,0.0013833859364967794
734,867,133,0.133,0.0013669874543556944
744,872,128,0.128,0.0013595273238606752
704,852,148,0.148,0.0013740710503188894
732,866,134,0.134,0.001357018597656861
720,860,140,0.14,0.0013516454152995721
758,879,121,0.121,0.0013804619485745207
692,846,154,0.154,0.0014121240894310176
730,865,135,0.135,0.001436162854428403
754,877,123,0.123,0.001351834952365607
718,859,141,0.141,0.0014386510805925355
744,872,128,0.128,0.0013761982067953796
692,846,154,0.154,0.0014198557606432587
738,869,131,0.131,0.0014421068127267063
726,863,137,0.137,0.0014508657205151395
692,846,154,0.154,0.0014860182852717116
728,864,136,0.136,0.0015003290883032604
724,862,138,0.138,0.0015014552514767275
750,875,125,0.125,0.0014989076663041486
728,864,136,0.136,0.0014968716736184432
736,868,132,0.132,0.0015887720688479022
716,858,142,0.142,0.0015751976612955333
714,857,143,0.143,0.0015452039000811056
802,901,99,0.099,0.001547472609207034
726,863,137,0.137,0.0016011629429413005
690,845,155,0.155,0.0016221736737061293
746,873,127,0.127,0.001521773732965812
724,862,138,0.138,0.0015945760153699667
728,864,136,0.136,0.001585129539249465
756,878,122,0.122,0.0015788600264349953
692,846,154,0.154,0.0015899352645501494
750,875,125,0.125,0.0015887210302753373
684,842,158,0.158,0.0016839142115786672
730,865,135,0.135,0.0017380179695319384
700,850,150,0.15,0.001781813858775422
696,848,152,0.152,0.0018068156595109032
706,853,147,0.147,0.0018060966463526711
708,854,146,0.146,0.0018729269825853408
712,856,144,0.144,0.0018469574748305605
752,876,124,0.124,0.001959460166399367
716,858,142,0.142,0.0019465519444784149
760,880,120,0.12,0.0018627406258601696
732,866,134,0.134,0.0018954581337748096
732,866,134,0.134,0.0017988418869208545
674,837,163,0.163,0.0018861089358106257
676,838,162,0.162,0.0018191735232248902
746,873,127,0.127,0.0018055560571374372
700,850,150,0.15,0.0017255104122450575
730,865,135,0.135,0.001745207635103725
660,830,170,0.17,0.001782270654803142
686,843,157,0.157,0.0017612929281312973
810,905,95,0.095,0.0016573457054328174
736,868,132,0.132,0.0017046934460522606
758,879,121,0.121,0.0016877118037082256
782,891,109,0.109,0.0016471893050475047
758,879,121,0.121,0.0015821953972335904
758,879,121,0.121,0.0015231126957805827
702,851,149,0.149,0.0015529380484949798
720,860,140,0.14,0.0015324765022378414
812,906,94,0.094,0.0015071416619466618
766,883,117,0.117,0.0014377114838571288
760,880,120,0.12,0.0013729596913326532
722,861,139,0.139,0.0014075698137748986
704,852,148,0.148,0.0012783404177753254
768,884,116,0.116,0.0013228975533274934
752,876,124,0.124,0.0012618249786901289
742,871,129,0.129,0.001299420827475842
758,879,121,0.121,0.0012617988701094872
784,892,108,0.108,0.0012886157086468301
698,849,151,0.151,0.0013527401299215853
686,843,157,0.157,0.0013888238370418548
706,853,147,0.147,0.0013361722764675505
704,852,148,0.148,0.0014468889051349834
746,873,127,0.127,0.001434418606571853
756,878,122,0.122,0.0014053014987148345
720,860,140,0.14,0.0014847469246014953
728,864,136,0.136,0.001563953815610148
674,837,163,0.163,0.0015748320972779767
730,865,135,0.135,0.001529851884697564
724,862,138,0.138,0.0015059138411888853
744,872,128,0.128,0.0014785670371493325
720,860,140,0.14,0.001530132174724713
750,875,125,0.125,0.0015215689152246342
748,874,126,0.126,0.0015435235098702834
714,857,143,0.143,0.0016250584537629037
720,860,140,0.14,0.0016149785665329546
776,888,112,0.112,0.0014939772156067192
764,882,118,0.118,0.00145726913632825
728,864,136,0.136,0.0014171272740932182
752,876,124,0.124,0.0013816033583134413
762,881,119,0.119,0.0013877708290237934
714,857,143,0.143,0.0014329213481396436
688,844,156,0.156,0.0014035361834103242
710,855,145,0.145,0.0013610125815612265
708,854,146,0.146,0.001238154877210036
692,846,154,0.154,0.001228893923747819
706,853,147,0.147,0.0012287198975100182
682,841,159,0.159,0.0013148490245221184
736,868,132,0.132,0.001236002694349736
660,830,170,0.17,0.0012532584795262665
684,842,158,0.158,0.0012566759418696164
722,861,139,0.139,0.0012335299022961407
758,879,121,0.121,0.0012362659674836323
762,881,119,0.119,0.0012019571083365008
766,883,117,0.117,0.0012046073923702352
738,869,131,0.131,0.0012263030813192018
748,874,126,0.126,0.0011766018738271669
722,861,139,0.139,0.0012090472051640973
734,867,133,0.133,0.0012100481440429575
724,862,138,0.138,0.0011383251935476438
748,874,126,0.126,0.0010827958865556866
726,863,137,0.137,0.000999722925014794
704,852,148,0.148,0.0010164852620800956
734,867,133,0.133,0.0008209951504250057
776,888,112,0.112,0.0008986252911854536
736,868,132,0.132,0.000756636502861511
754,877,123,0.123,0.000799794563848991
734,867,133,0.133,0.0008107738673570566
740,870,130,0.13,0.0007375697430688887
