log_avg_ept_score,log_avg_succ_req,log_avg_blk_req,log_avg_BP_req,log_avg_entropy
26,513,487,0.487,3.216201337099075
2,501,499,0.499,3.216247831583023
-28,486,514,0.514,3.216214627504349
-58,471,529,0.529,3.216294053077698
-36,482,518,0.518,3.2162165672779084
0,500,500,0.5,3.216219763994217
-26,487,513,0.513,3.216249580860138
-46,477,523,0.523,3.216289759874344
50,525,475,0.475,3.216207691669464
-2,499,501,0.501,3.2162560422420503
-50,475,525,0.525,3.2162212710380556
-10,495,505,0.505,3.2162186415195464
8,504,496,0.496,3.216206651210785
28,514,486,0.486,3.2162909243106843
8,504,496,0.496,3.2162973592281343
52,526,474,0.474,3.216283641576767
12,506,494,0.494,3.216291223049164
-34,483,517,0.517,3.216233155488968
-28,486,514,0.514,3.2162112402915954
46,523,477,0.477,3.216241166591644
76,538,462,0.462,3.216195061922073
-48,476,524,0.524,3.216207154035568
52,526,474,0.474,3.2160883464813232
-18,491,509,0.509,3.216118733882904
-16,492,508,0.508,3.2161388001441957
-30,485,515,0.515,3.216193794965744
24,512,488,0.488,3.2161506876945496
30,515,485,0.485,3.216196712732315
-10,495,505,0.505,3.2160426149368284
-56,472,528,0.528,3.2161164054870603
-26,487,513,0.513,3.21602080988884
16,508,492,0.492,3.216049763917923
18,509,491,0.491,3.2159233524799347
48,524,476,0.476,3.215752006530762
40,520,480,0.48,3.2158347249031065
8,504,496,0.496,3.2158295691013334
-62,469,531,0.531,3.215821188211441
66,533,467,0.467,3.2156154968738555
8,504,496,0.496,3.215731263399124
-12,494,506,0.506,3.215606636285782
20,510,490,0.49,3.2154919927120207
48,524,476,0.476,3.215469503879547
8,504,496,0.496,3.215502774000168
36,518,482,0.482,3.2153898446559905
44,522,478,0.478,3.2153747708797455
-10,495,505,0.505,3.215019016981125
78,539,461,0.461,3.2150078008174896
28,514,486,0.486,3.215085686922073
50,525,475,0.475,3.214753704071045
-4,498,502,0.502,3.214817532300949
30,515,485,0.485,3.2147806463241575
-42,479,521,0.521,3.214764134645462
36,518,482,0.482,3.214147926092148
-18,491,509,0.509,3.2141592473983764
32,516,484,0.484,3.213876924276352
2,501,499,0.499,3.213949904680252
0,500,500,0.5,3.213537589788437
50,525,475,0.475,3.2130660181045534
-18,491,509,0.509,3.213456991672516
14,507,493,0.493,3.2132688989639284
0,500,500,0.5,3.2126380093097686
-6,497,503,0.503,3.212771325826645
6,503,497,0.497,3.2124965653419495
40,520,480,0.48,3.2123630347251892
2,501,499,0.499,3.2113177728652955
-4,498,502,0.502,3.2116156055927276
32,516,484,0.484,3.2109927744865416
0,500,500,0.5,3.2112102286815642
12,506,494,0.494,3.2101333119869233
-14,493,507,0.507,3.2100158517360686
0,500,500,0.5,3.209651579141617
58,529,471,0.471,3.209581199169159
6,503,497,0.497,3.208908135652542
46,523,477,0.477,3.2079676048755648
-36,482,518,0.518,3.2083754861354827
0,500,500,0.5,3.2078669838905336
40,520,480,0.48,3.2070998952388763
54,527,473,0.473,3.20636186003685
36,518,482,0.482,3.2053456473350526
26,513,487,0.487,3.205830187559128
62,531,469,0.469,3.2036612727642058
2,501,499,0.499,3.205125009536743
50,525,475,0.475,3.202381542444229
16,508,492,0.492,3.2015404019355773
82,541,459,0.459,3.200498402118683
-6,497,503,0.503,3.2016209616661073
34,517,483,0.483,3.198064272403717
64,532,468,0.468,3.195207300186157
64,532,468,0.468,3.1926249811649323
120,560,440,0.44,3.191227859020233
30,515,485,0.485,3.1901539447307585
82,541,459,0.459,3.1884413378238676
106,553,447,0.447,3.17806529045105
134,567,433,0.433,3.178976769924164
156,578,422,0.422,3.171054231882095
80,540,460,0.46,3.1712309055328367
106,553,447,0.447,3.161700971364975
98,549,451,0.451,3.1559085366725923
100,550,450,0.45,3.1485192792415617
40,520,480,0.48,3.1431362042427065
180,590,410,0.41,3.12492285990715
94,547,453,0.453,3.1279935891628265
176,588,412,0.412,3.10757106256485
148,574,426,0.426,3.0773408234119417
252,626,374,0.374,3.043272525548935
166,583,417,0.417,3.053249456882477
266,633,367,0.367,2.9820044403076174
278,639,361,0.361,2.8918344938755034
306,653,347,0.347,2.8640650185346606
234,617,383,0.383,2.8949996945858003
294,647,353,0.353,2.708625977873802
322,661,339,0.339,2.6116601524949075
342,671,329,0.329,2.541394184410572
308,654,346,0.346,2.5758498626947404
414,707,293,0.293,2.2341852547824383
498,749,251,0.251,2.0326500675082206
452,726,274,0.274,2.0886640667021275
516,758,242,0.242,1.9657939847111703
520,760,240,0.24,1.5623014153838157
574,787,213,0.213,1.4267259131371974
574,787,213,0.213,1.3569485424309968
572,786,214,0.214,1.3588589948415757
686,843,157,0.157,0.8848357206508517
574,787,213,0.213,0.8833680275641381
596,798,202,0.202,0.818976483842358
618,809,191,0.191,0.800772903952282
592,796,204,0.204,0.7009586025862955
606,803,197,0.197,0.6621590017937123
602,801,199,0.199,0.6074941964270547
640,820,180,0.18,0.6382557916082442
612,806,194,0.194,0.7092428708361694
628,814,186,0.186,0.7076821168847383
550,775,225,0.225,0.7940632085138932
614,807,193,0.193,0.7585691151358187
608,804,196,0.196,0.8802792136594653
570,785,215,0.215,0.9523971868753434
642,821,179,0.179,0.870578034017235
614,807,193,0.193,0.9216677762567997
662,831,169,0.169,0.9111757084950804
556,778,222,0.222,0.9300691280514002
610,805,195,0.195,0.9319448157250881
612,806,194,0.194,0.8952108532339335
614,807,193,0.193,0.9016437623649836
640,820,180,0.18,0.8739069537222386
620,810,190,0.19,0.9077671886384487
624,812,188,0.188,0.8728082182705402
592,796,204,0.204,0.8998100665323436
616,808,192,0.192,0.8861391628235579
598,799,201,0.201,0.8763920288383961
698,849,151,0.151,0.8760869017243386
570,785,215,0.215,0.9693895158916712
632,816,184,0.184,0.9363755406737327
686,843,157,0.157,0.8927815098464489
668,834,166,0.166,0.85348686568439
652,826,174,0.174,0.8980859498232603
670,835,165,0.165,0.8491407227218151
622,811,189,0.189,0.8703838491588831
644,822,178,0.178,0.8312711840420961
638,819,181,0.181,0.9106874492764473
688,844,156,0.156,0.8561403772383929
696,848,152,0.152,0.8773313640356064
628,814,186,0.186,0.9482460634559393
640,820,180,0.18,0.9680670290738345
674,837,163,0.163,0.9313010920286179
626,813,187,0.187,0.9611583360731601
656,828,172,0.172,1.017599758207798
626,813,187,0.187,0.9918940106034279
672,836,164,0.164,1.0053457816839217
724,862,138,0.138,0.9870905759036541
652,826,174,0.174,1.0394762437045575
642,821,179,0.179,1.054690256178379
674,837,163,0.163,1.0231563824415206
670,835,165,0.165,0.9924259969592094
690,845,155,0.155,1.0389035005569458
626,813,187,0.187,1.043077665746212
732,866,134,0.134,1.0167242310643196
664,832,168,0.168,1.0560307369828223
646,823,177,0.177,1.0481735171675681
720,860,140,0.14,0.9536723932027816
742,871,129,0.129,0.9538350993990898
712,856,144,0.144,0.9288875261843205
702,851,149,0.149,0.9261272356510163
696,848,152,0.152,0.9211370864808559
708,854,146,0.146,0.9114076302349567
692,846,154,0.154,0.9434671788811684
658,829,171,0.171,0.9439194647669792
726,863,137,0.137,0.8431652479097247
740,870,130,0.13,0.7283785765320062
728,864,136,0.136,0.7437750585228204
754,877,123,0.123,0.704960333749652
744,872,128,0.128,0.5945244499072433
766,883,117,0.117,0.5824465008154511
766,883,117,0.117,0.5996581904143095
762,881,119,0.119,0.5804758338779211
748,874,126,0.126,0.5085199417918921
712,856,144,0.144,0.5550474933460354
688,844,156,0.156,0.47778195817023517
734,867,133,0.133,0.49561825730279085
744,872,128,0.128,0.5013430794402957
820,910,90,0.09,0.4276193031296134
736,868,132,0.132,0.5377583202198147
714,857,143,0.143,0.49809162183851
806,903,97,0.097,0.4284475150704384
782,891,109,0.109,0.45479639648646114
716,858,142,0.142,0.5590745047591626
702,851,149,0.149,0.4838203288130462
780,890,110,0.11,0.4953646097406745
738,869,131,0.131,0.5366407449617981
766,883,117,0.117,0.5006147818118334
702,851,149,0.149,0.5494011782705784
714,857,143,0.143,0.5451328723281622
762,881,119,0.119,0.5015243793949484
774,887,113,0.113,0.5059626668449492
720,860,140,0.14,0.5178669675551355
758,879,121,0.121,0.46737649028003214
768,884,116,0.116,0.4033500399403274
718,859,141,0.141,0.4110104258079082
732,866,134,0.134,0.44022853900678455
726,863,137,0.137,0.4688806369584054
704,852,148,0.148,0.4758129831235856
730,865,135,0.135,0.4367457424849272
688,844,156,0.156,0.44935056980839
694,847,153,0.153,0.4817719396315515
764,882,118,0.118,0.45139498633891345
718,859,141,0.141,0.46680556362867354
748,874,126,0.126,0.46677685078233483
800,900,100,0.1,0.3983611263986677
754,877,123,0.123,0.40451739145163446
772,886,114,0.114,0.4120052770059556
716,858,142,0.142,0.4776273586321622
752,876,124,0.124,0.4298074046485126
740,870,130,0.13,0.4250547567214817
756,878,122,0.122,0.3530171352243051
818,909,91,0.091,0.40077903106063606
736,868,132,0.132,0.360322411082685
798,899,101,0.101,0.36510409705433994
774,887,113,0.113,0.3823481833515689
704,852,148,0.148,0.4143279647482559
734,867,133,0.133,0.4237573498114944
712,856,144,0.144,0.432420905765146
752,876,124,0.124,0.432623703379184
726,863,137,0.137,0.4263334880322218
780,890,110,0.11,0.3469687650166452
784,892,108,0.108,0.3454359848536551
776,888,112,0.112,0.35164656218327583
766,883,117,0.117,0.36456275440752506
756,878,122,0.122,0.38675015679281205
820,910,90,0.09,0.30820566798374055
748,874,126,0.126,0.3140698546599597
722,861,139,0.139,0.32762778916582463
748,874,126,0.126,0.30704968646913766
724,862,138,0.138,0.34504572689300406
770,885,115,0.115,0.322228408199735
768,884,116,0.116,0.3577246951982379
722,861,139,0.139,0.38641853487491606
768,884,116,0.116,0.35077788250148295
762,881,119,0.119,0.3765703648896888
726,863,137,0.137,0.38225614142231645
680,840,160,0.16,0.420369158057496
772,886,114,0.114,0.33354766441881656
766,883,117,0.117,0.3679480849853717
742,871,129,0.129,0.3489626967329532
760,880,120,0.12,0.34507716942299155
744,872,128,0.128,0.3652671034205705
750,875,125,0.125,0.33528904856182634
734,867,133,0.133,0.3482520038699731
728,864,136,0.136,0.3363104814440012
806,903,97,0.097,0.27735925154574215
764,882,118,0.118,0.30875814557028936
718,859,141,0.141,0.3329165960252285
764,882,118,0.118,0.2652009698562324
682,841,159,0.159,0.3083225489174947
712,856,144,0.144,0.32964869164628907
776,888,112,0.112,0.28980324664362705
782,891,109,0.109,0.2896642872840166
742,871,129,0.129,0.3022669083373621
742,871,129,0.129,0.3190520016886294
768,884,116,0.116,0.29117588202282785
738,869,131,0.131,0.3209910316579044
754,877,123,0.123,0.2902061032252386
740,870,130,0.13,0.2883286289535463
806,903,97,0.097,0.24267215333506464
710,855,145,0.145,0.2677614336910774
778,889,111,0.111,0.20781049965508283
810,905,95,0.095,0.2317943889349699
772,886,114,0.114,0.2408152530528605
752,876,124,0.124,0.23735834733070807
762,881,119,0.119,0.24022499857190996
782,891,109,0.109,0.22532217354816383
752,876,124,0.124,0.232056426289957
688,844,156,0.156,0.24558940361641
786,893,107,0.107,0.22101879109768197
746,873,127,0.127,0.2348906406839378
692,846,154,0.154,0.23348103639483453
748,874,126,0.126,0.2559460952896625
784,892,108,0.108,0.22606222843716386
694,847,153,0.153,0.23968024689913728
808,904,96,0.096,0.22861771593801677
748,874,126,0.126,0.2286595431099413
716,858,142,0.142,0.27232701548561455
794,897,103,0.103,0.21459544970560818
756,878,122,0.122,0.22553299094107934
756,878,122,0.122,0.25979797763528767
772,886,114,0.114,0.21739122173469513
786,893,107,0.107,0.1649980503685074
750,875,125,0.125,0.203051724572666
778,889,111,0.111,0.18247382976487278
754,877,123,0.123,0.2209733860953711
740,870,130,0.13,0.2017738591688685
766,883,117,0.117,0.19447652538656257
794,897,103,0.103,0.17339279841026292
746,873,127,0.127,0.19463077144837007
808,904,96,0.096,0.15902883987990207
694,847,153,0.153,0.20151105999894206
778,889,111,0.111,0.1755770891099237
738,869,131,0.131,0.19737059011752717
742,871,129,0.129,0.19138372699404135
764,882,118,0.118,0.23270745996339245
708,854,146,0.146,0.2156336348222103
730,865,135,0.135,0.19525423390744254
744,872,128,0.128,0.18039306726958604
750,875,125,0.125,0.20579982127295807
704,852,148,0.148,0.19380915716569871
738,869,131,0.131,0.19184514923056123
784,892,108,0.108,0.1638528509186581
796,898,102,0.102,0.16747106848750262
776,888,112,0.112,0.1757222533460008
792,896,104,0.104,0.14937132112821563
796,898,102,0.102,0.1269648455642164
778,889,111,0.111,0.13002624487155118
772,886,114,0.114,0.15196196601097473
734,867,133,0.133,0.15119392610574142
748,874,126,0.126,0.16892923093354328
798,899,101,0.101,0.15841473308717832
782,891,109,0.109,0.13794858043268324
722,861,139,0.139,0.16736607159557754
740,870,130,0.13,0.1858001082467381
768,884,116,0.116,0.1578956061056815
758,879,121,0.121,0.16729350099386647
764,882,118,0.118,0.157865651549655
714,857,143,0.143,0.16965188761707395
734,867,133,0.133,0.1503161594073754
738,869,131,0.131,0.15344372815475799
738,869,131,0.131,0.14638577689626253
776,888,112,0.112,0.14581792081822642
694,847,153,0.153,0.16639196506678128
760,880,120,0.12,0.14676233595656232
792,896,104,0.104,0.13551097061519976
706,853,147,0.147,0.1946043985406868
776,888,112,0.112,0.16530679860292002
734,867,133,0.133,0.15958214135002344
764,882,118,0.118,0.1623505308785534
716,858,142,0.142,0.14860544698568992
718,859,141,0.141,0.15029343738686293
766,883,117,0.117,0.14693212732824032
740,870,130,0.13,0.15781521495300693
748,874,126,0.126,0.1365566120549338
728,864,136,0.136,0.17497455454897134
802,901,99,0.099,0.1292260204696795
728,864,136,0.136,0.15788613982126118
762,881,119,0.119,0.1518221244227607
836,918,82,0.082,0.11354895435320213
826,913,87,0.087,0.11782624935824423
744,872,128,0.128,0.1499811519527866
754,877,123,0.123,0.12428153721975105
746,873,127,0.127,0.13934201156790368
736,868,132,0.132,0.12356722661200911
754,877,123,0.123,0.12465408989659045
768,884,116,0.116,0.12356352393142879
792,896,104,0.104,0.11241023715292249
778,889,111,0.111,0.11991094444831833
812,906,94,0.094,0.0846490522523527
780,890,110,0.11,0.10784396017031395
736,868,132,0.132,0.12035285139735788
792,896,104,0.104,0.12177172911982052
742,871,129,0.129,0.12970001157117075
782,891,109,0.109,0.11430377328128088
816,908,92,0.092,0.11401649216678925
816,908,92,0.092,0.1168939408834558
814,907,93,0.093,0.13964288454852067
796,898,102,0.102,0.09460976133344229
744,872,128,0.128,0.12154044196693575
772,886,114,0.114,0.10692015923553845
764,882,118,0.118,0.13413139886897987
756,878,122,0.122,0.11572510712323128
718,859,141,0.141,0.11528145286103245
792,896,104,0.104,0.10438357686926611
822,911,89,0.089,0.09126875830348581
736,868,132,0.132,0.11350301419734024
744,872,128,0.128,0.10484760316641768
802,901,99,0.099,0.13634725946967954
700,850,150,0.15,0.14079661149973982
816,908,92,0.092,0.1038138307821937
728,864,136,0.136,0.1441626352564199
806,903,97,0.097,0.14470185514097103
730,865,135,0.135,0.12904202095489017
748,874,126,0.126,0.12043866247357801
796,898,102,0.102,0.10254396558413283
744,872,128,0.128,0.09802244368406536
770,885,115,0.115,0.10998809288803023
842,921,79,0.079,0.07141299472114769
734,867,133,0.133,0.095273827847559
740,870,130,0.13,0.11592783129040618
744,872,128,0.128,0.09894508594064973
752,876,124,0.124,0.10497288801521062
716,858,142,0.142,0.1308317282804055
750,875,125,0.125,0.11584045725222678
740,870,130,0.13,0.12879141328996047
772,886,114,0.114,0.10083696052915184
812,906,94,0.094,0.10467191416409333
806,903,97,0.097,0.10558522914501373
732,866,134,0.134,0.12505530289950548
822,911,89,0.089,0.09977933354701964
762,881,119,0.119,0.09637385485414415
712,856,144,0.144,0.14133052334265084
770,885,115,0.115,0.10821463906075224
768,884,116,0.116,0.10125553093723283
800,900,100,0.1,0.09204794711130672
778,889,111,0.111,0.1039519876158738
740,870,130,0.13,0.10841214975574985
714,857,143,0.143,0.12144938560354057
724,862,138,0.138,0.12080495807447005
794,897,103,0.103,0.11522218605992385
776,888,112,0.112,0.0875003713684855
780,890,110,0.11,0.10875048298481851
754,877,123,0.123,0.10133387181218131
804,902,98,0.098,0.10150541548314504
768,884,116,0.116,0.1043159115530434
702,851,149,0.149,0.1310070534046972
784,892,108,0.108,0.09848702478926862
724,862,138,0.138,0.10461186303198337
702,851,149,0.149,0.11483295483927214
734,867,133,0.133,0.09014469821914099
756,878,122,0.122,0.08720071182912216
716,858,142,0.142,0.11590741417231039
756,878,122,0.122,0.11716117102117278
806,903,97,0.097,0.10107062828294511
756,878,122,0.122,0.10107377458177506
810,905,95,0.095,0.08425630592554807
752,876,124,0.124,0.08117565357747662
692,846,154,0.154,0.11744892144779442
748,874,126,0.126,0.09274064190614445
784,892,108,0.108,0.08194795071933186
774,887,113,0.113,0.0983469498847844
780,890,110,0.11,0.08381884210457792
756,878,122,0.122,0.09522549416130642
762,881,119,0.119,0.08908909728759318
752,876,124,0.124,0.1030454653374909
736,868,132,0.132,0.10346829019492725
712,856,144,0.144,0.11900433229676856
750,875,125,0.125,0.11210078392969444
728,864,136,0.136,0.09317837413317466
786,893,107,0.107,0.10365782764391042
736,868,132,0.132,0.1156863957325695
750,875,125,0.125,0.11495471400860698
788,894,106,0.106,0.09114443088695406
726,863,137,0.137,0.10654020397068234
800,900,100,0.1,0.10627124294848181
734,867,133,0.133,0.10728500442672521
768,884,116,0.116,0.08596459090919234
794,897,103,0.103,0.09922671248414554
778,889,111,0.111,0.07977880441618618
714,857,143,0.143,0.09629482713411562
714,857,143,0.143,0.09338123509916477
754,877,123,0.123,0.08740437890402973
806,903,97,0.097,0.09107385578704998
796,898,102,0.102,0.08900272030080669
780,890,110,0.11,0.09114931959006935
752,876,124,0.124,0.10336600498133339
770,885,115,0.115,0.0851417194136302
752,876,124,0.124,0.09173617842508247
766,883,117,0.117,0.09123171339888358
798,899,101,0.101,0.08265143555536633
818,909,91,0.091,0.0845392659244244
764,882,118,0.118,0.0665500317735714
830,915,85,0.085,0.07170160929556005
758,879,121,0.121,0.08684933586220722
728,864,136,0.136,0.10288187714049127
766,883,117,0.117,0.07732142981537618
762,881,119,0.119,0.08585621777537744
734,867,133,0.133,0.08481603169249138
710,855,145,0.145,0.08821618804807076
800,900,100,0.1,0.06996701651473995
788,894,106,0.106,0.08355396440171171
784,892,108,0.108,0.08644393595424481
790,895,105,0.105,0.08522726277611219
802,901,99,0.099,0.07374425620987313
750,875,125,0.125,0.09339632538391743
766,883,117,0.117,0.08623773416108452
774,887,113,0.113,0.08672356226528063
768,884,116,0.116,0.08677725941245444
818,909,91,0.091,0.06979410720296438
746,873,127,0.127,0.08117505886884464
684,842,158,0.158,0.09488791404524818
712,856,144,0.144,0.09053102320438483
770,885,115,0.115,0.0894924223839771
794,897,103,0.103,0.09153573355183471
728,864,136,0.136,0.10028402476676274
784,892,108,0.108,0.0745928909338545
782,891,109,0.109,0.08957612671365496
790,895,105,0.105,0.07384478346747346
756,878,122,0.122,0.08023698650873848
792,896,104,0.104,0.0762159218872839
820,910,90,0.09,0.055830146819818766
754,877,123,0.123,0.06835765921714483
776,888,112,0.112,0.06806344609692315
750,875,125,0.125,0.0683831525099522
816,908,92,0.092,0.06356066721118987
678,839,161,0.161,0.08428011518978747
734,867,133,0.133,0.08063151121954433
728,864,136,0.136,0.09041734368278412
780,890,110,0.11,0.07475635384884663
682,841,159,0.159,0.09084175751465955
808,904,96,0.096,0.08214614944784261
762,881,119,0.119,0.0962762869365979
832,916,84,0.084,0.08195317364262883
776,888,112,0.112,0.09002027376997285
680,840,160,0.16,0.10031604453455657
750,875,125,0.125,0.09020444281760137
750,875,125,0.125,0.06560467376490124
796,898,102,0.102,0.06558105169644114
712,856,144,0.144,0.09403119261423126
760,880,120,0.12,0.0834953919617692
840,920,80,0.08,0.05597274702275172
800,900,100,0.1,0.07655086663411931
764,882,118,0.118,0.0762848037625663
820,910,90,0.09,0.05249129487539176
784,892,108,0.108,0.07648611285508378
776,888,112,0.112,0.05794555528450292
732,866,134,0.134,0.08796156656058883
772,886,114,0.114,0.08153814639500342
784,892,108,0.108,0.06194571028664359
788,894,106,0.106,0.07264126347872661
756,878,122,0.122,0.06572512695589103
726,863,137,0.137,0.0770826027141884
746,873,127,0.127,0.07914732436364284
760,880,120,0.12,0.0789738171218778
706,853,147,0.147,0.0702615756825544
772,886,114,0.114,0.09321062018477824
760,880,120,0.12,0.08251087115285918
786,893,107,0.107,0.05467980157420971
734,867,133,0.133,0.08120284465007717
782,891,109,0.109,0.06927101188071538
736,868,132,0.132,0.08692279605276416
804,902,98,0.098,0.0675788171174936
708,854,146,0.146,0.08447744714119472
778,889,111,0.111,0.08634700771415374
712,856,144,0.144,0.07451199145545252
812,906,94,0.094,0.058937528053449796
818,909,91,0.091,0.06613524181698449
746,873,127,0.127,0.06078763197257649
796,898,102,0.102,0.06388553317112383
720,860,140,0.14,0.06102348336495925
762,881,119,0.119,0.05837568119645584
758,879,121,0.121,0.06753426574764308
744,872,128,0.128,0.06622799935820513
738,869,131,0.131,0.05653053816605825
772,886,114,0.114,0.06307356945239008
756,878,122,0.122,0.0675610102355713
744,872,128,0.128,0.07566926710582629
768,884,116,0.116,0.07626765937154414
808,904,96,0.096,0.05758517802460119
796,898,102,0.102,0.06467831539816689
772,886,114,0.114,0.06290887133500656
726,863,137,0.137,0.0705010666801827
762,881,119,0.119,0.06593226826027968
716,858,142,0.142,0.08179145880590659
864,932,68,0.068,0.03960443769756239
736,868,132,0.132,0.05327042336668819
774,887,113,0.113,0.0557554485925939
714,857,143,0.143,0.08040937759180088
750,875,125,0.125,0.059859327070065776
744,872,128,0.128,0.05740599901147653
744,872,128,0.128,0.054246741379029115
746,873,127,0.127,0.0705395870115608
716,858,142,0.142,0.06502242241543718
816,908,92,0.092,0.06113723317859694
784,892,108,0.108,0.05656187479489017
810,905,95,0.095,0.049659668446838626
764,882,118,0.118,0.06743246809556148
784,892,108,0.108,0.05695421470631845
838,919,81,0.081,0.05276720162318088
754,877,123,0.123,0.06305453984736233
704,852,148,0.148,0.05401078894344391
772,886,114,0.114,0.04152469064341858
768,884,116,0.116,0.048392363312654195
774,887,113,0.113,0.05795143057923997
776,888,112,0.112,0.06275988300342579
766,883,117,0.117,0.06965600316302152
780,890,110,0.11,0.06682584775064607
790,895,105,0.105,0.06082925200164027
752,876,124,0.124,0.06281183429248631
698,849,151,0.151,0.07647100112205954
770,885,115,0.115,0.06465599268244114
704,852,148,0.148,0.0883311023073038
774,887,113,0.113,0.08007591723746736
724,862,138,0.138,0.07972395985922776
758,879,121,0.121,0.07294528717023786
796,898,102,0.102,0.06699331340112258
738,869,131,0.131,0.07861994707980194
754,877,123,0.123,0.06635994991776534
816,908,92,0.092,0.06142506045609116
768,884,116,0.116,0.07766909297637176
820,910,90,0.09,0.06338459904398769
746,873,127,0.127,0.07296466126525775
724,862,138,0.138,0.070289337611699
768,884,116,0.116,0.051024803591892126
762,881,119,0.119,0.0572812107532809
796,898,102,0.102,0.07179859671753365
722,861,139,0.139,0.07344619443570263
738,869,131,0.131,0.06683045963686891
778,889,111,0.111,0.06168983381637372
684,842,158,0.158,0.06339614911645185
802,901,99,0.099,0.06850942124589346
734,867,133,0.133,0.07574340839131037
682,841,159,0.159,0.08232870469614863
730,865,135,0.135,0.09858573572873137
754,877,123,0.123,0.0779086456936784
762,881,119,0.119,0.07334150507673622
772,886,114,0.114,0.0699440996630583
782,891,109,0.109,0.07889061254204717
750,875,125,0.125,0.06825183274631855
736,868,132,0.132,0.07319865555502475
748,874,126,0.126,0.0683832118678838
760,880,120,0.12,0.06447443447448313
792,896,104,0.104,0.05590194374942803
790,895,105,0.105,0.058516889874299524
770,885,115,0.115,0.06314232136477949
748,874,126,0.126,0.06873677516702446
790,895,105,0.105,0.058788343517459
734,867,133,0.133,0.04685992017481476
764,882,118,0.118,0.06624010291020387
752,876,124,0.124,0.07246149477700237
712,856,144,0.144,0.06916887536086141
746,873,127,0.127,0.08925047414680011
728,864,136,0.136,0.07753043396677822
768,884,116,0.116,0.06354661027202382
736,868,132,0.132,0.06955643911348307
776,888,112,0.112,0.07246042790287174
792,896,104,0.104,0.06844171665934846
790,895,105,0.105,0.06984459508521831
764,882,118,0.118,0.06685238216654397
734,867,133,0.133,0.06736849535140209
766,883,117,0.117,0.07454433225351385
750,875,125,0.125,0.06618017201498151
812,906,94,0.094,0.05858921921180445
756,878,122,0.122,0.05891195629665162
798,899,101,0.101,0.049629561707668475
832,916,84,0.084,0.041211089401273056
724,862,138,0.138,0.06999374641885515
776,888,112,0.112,0.059288640913553535
748,874,126,0.126,0.05575333451939514
742,871,129,0.129,0.05788474585092627
738,869,131,0.131,0.0726074228475336
806,903,97,0.097,0.06130701528245117
822,911,89,0.089,0.049347555984044444
790,895,105,0.105,0.05101100092928391
758,879,121,0.121,0.057834483084501696
764,882,118,0.118,0.0610797501891575
748,874,126,0.126,0.06098469805065542
712,856,144,0.144,0.06913792777317576
826,913,87,0.087,0.04965248053241521
754,877,123,0.123,0.07035049336892553
712,856,144,0.144,0.05828710596566088
782,891,109,0.109,0.06684667973453179
728,864,136,0.136,0.07418785969424062
772,886,114,0.114,0.061791752969496884
758,879,121,0.121,0.05502144760533702
780,890,110,0.11,0.054751384328934366
746,873,127,0.127,0.05805763399531134
750,875,125,0.125,0.06013190329550707
746,873,127,0.127,0.060955590543802826
786,893,107,0.107,0.05501645635731984
824,912,88,0.088,0.04353345416917
834,917,83,0.083,0.0373183554969728
792,896,104,0.104,0.049441768842982126
688,844,156,0.156,0.050502088959037794
802,901,99,0.099,0.05265483962550934
728,864,136,0.136,0.05044694630522281
796,898,102,0.102,0.051407824285553946
736,868,132,0.132,0.06224987180371409
788,894,106,0.106,0.056214855409692975
768,884,116,0.116,0.05549746356811375
720,860,140,0.14,0.04996863840916194
746,873,127,0.127,0.06745185978256632
718,859,141,0.141,0.0662831567414105
766,883,117,0.117,0.05048241760380916
744,872,128,0.128,0.044489093625976237
734,867,133,0.133,0.05640273785428144
750,875,125,0.125,0.05960680110519752
794,897,103,0.103,0.05271334292460233
788,894,106,0.106,0.049346296673174944
708,854,146,0.146,0.05301202729623765
774,887,113,0.113,0.06023293511121301
792,896,104,0.104,0.04504491471126676
718,859,141,0.141,0.058816091410117226
726,863,137,0.137,0.05364089016302023
742,871,129,0.129,0.05406113246199675
778,889,111,0.111,0.04628603965207003
794,897,103,0.103,0.044862499741488135
772,886,114,0.114,0.04638206398137845
752,876,124,0.124,0.05518848745757714
738,869,131,0.131,0.056694054069812407
730,865,135,0.135,0.053021410401095634
698,849,151,0.151,0.05524612755235284
770,885,115,0.115,0.047575140325323444
814,907,93,0.093,0.04453398221055977
720,860,140,0.14,0.059376994634207224
720,860,140,0.14,0.058163901590975
778,889,111,0.111,0.058817214525537564
796,898,102,0.102,0.05473066809936426
784,892,108,0.108,0.05536826802336145
758,879,121,0.121,0.04348047592604416
770,885,115,0.115,0.04662525824259501
812,906,94,0.094,0.04285056845669169
816,908,92,0.092,0.03236659176228568
770,885,115,0.115,0.037568656973773616
798,899,101,0.101,0.04080429603790981
760,880,120,0.12,0.04185907939799654
780,890,110,0.11,0.041296011436032135
800,900,100,0.1,0.04099600340693724
750,875,125,0.125,0.04192828888510121
804,902,98,0.098,0.041489966794673816
802,901,99,0.099,0.03831857262655831
770,885,115,0.115,0.035670970155624676
826,913,87,0.087,0.03624152437155135
760,880,120,0.12,0.034318141120369544
774,887,113,0.113,0.04222330672829412
758,879,121,0.121,0.03757390848436626
768,884,116,0.116,0.040837970648892226
724,862,138,0.138,0.05047784369351575
780,890,110,0.11,0.04538494004195672
752,876,124,0.124,0.04346711175535165
726,863,137,0.137,0.0508945830509183
784,892,108,0.108,0.040622381729190235
734,867,133,0.133,0.04581688593304716
818,909,91,0.091,0.042479682701407
816,908,92,0.092,0.038297437014989555
722,861,139,0.139,0.046909924414554556
796,898,102,0.102,0.041096516313409666
772,886,114,0.114,0.04074212416925002
766,883,117,0.117,0.04969440617773216
780,890,110,0.11,0.04217089924152242
748,874,126,0.126,0.042114539102185516
818,909,91,0.091,0.03777340542583261
718,859,141,0.141,0.05104557385738008
694,847,153,0.153,0.050391421653301224
740,870,130,0.13,0.04500352786493022
754,877,123,0.123,0.044840960413625
760,880,120,0.12,0.048735324162989854
742,871,129,0.129,0.04938062522921245
856,928,72,0.072,0.034186759524251105
724,862,138,0.138,0.0568705482739606
750,875,125,0.125,0.04877556307544
748,874,126,0.126,0.04441855888714781
784,892,108,0.108,0.04866363701369846
778,889,111,0.111,0.04657137024251278
804,902,98,0.098,0.03848904708167538
798,899,101,0.101,0.04403537974576466
824,912,88,0.088,0.025245911026606335
802,901,99,0.099,0.03429376769412192
744,872,128,0.128,0.035446082020062025
760,880,120,0.12,0.03771185935597168
764,882,118,0.118,0.04075323132598714
760,880,120,0.12,0.03749489071004791
796,898,102,0.102,0.03582302217365941
794,897,103,0.103,0.03462092216836754
834,917,83,0.083,0.035204283263068646
796,898,102,0.102,0.035051165646640584
794,897,103,0.103,0.03224593635930796
792,896,104,0.104,0.03319415401143488
712,856,144,0.144,0.04366136655001901
696,848,152,0.152,0.04613286472740583
720,860,140,0.14,0.04740386205387767
726,863,137,0.137,0.048423387753718995
796,898,102,0.102,0.0429699918141705
728,864,136,0.136,0.05108987983909901
806,903,97,0.097,0.043127235837077026
788,894,106,0.106,0.04146997350477614
704,852,148,0.148,0.04569268482550979
790,895,105,0.105,0.04005331391445361
776,888,112,0.112,0.03723808668088168
760,880,120,0.12,0.041563737210351975
798,899,101,0.101,0.03834607703355141
744,872,128,0.128,0.05051060887554195
732,866,134,0.134,0.04797917878779117
794,897,103,0.103,0.04637220156181138
780,890,110,0.11,0.04884619297680911
816,908,92,0.092,0.04422345809568651
710,855,145,0.145,0.04589896982256323
768,884,116,0.116,0.038450914294808174
838,919,81,0.081,0.035065862566698344
754,877,123,0.123,0.043212437342706835
720,860,140,0.14,0.03850177373114275
804,902,98,0.098,0.03551740838028491
740,870,130,0.13,0.047548970204312355
804,902,98,0.098,0.03762722948938608
752,876,124,0.124,0.0407842912429478
790,895,105,0.105,0.04040841847495176
780,890,110,0.11,0.03870490159804467
800,900,100,0.1,0.0448859209852526
690,845,155,0.155,0.04661243040676345
794,897,103,0.103,0.03668488707905635
756,878,122,0.122,0.04012380643247161
798,899,101,0.101,0.04206315373687539
812,906,94,0.094,0.037044595695770115
770,885,115,0.115,0.05224320559075568
690,845,155,0.155,0.04406150051625445
756,878,122,0.122,0.04301303250552155
766,883,117,0.117,0.051335162764647974
814,907,93,0.093,0.04655411165300757
752,876,124,0.124,0.051398035884834825
754,877,123,0.123,0.04649747264839243
828,914,86,0.086,0.03799410969461314
786,893,107,0.107,0.0409708667693194
804,902,98,0.098,0.03606763887021225
766,883,117,0.117,0.03674640726973303
762,881,119,0.119,0.03007673322642222
762,881,119,0.119,0.04155700248421636
772,886,114,0.114,0.03635858843743336
780,890,110,0.11,0.03505450087436475
758,879,121,0.121,0.047785346132703126
788,894,106,0.106,0.039864041735650974
752,876,124,0.124,0.0410063174063107
734,867,133,0.133,0.041012545834179036
778,889,111,0.111,0.042134756978601216
772,886,114,0.114,0.040959907036973164
798,899,101,0.101,0.037232043188530954
738,869,131,0.131,0.04936107682652073
704,852,148,0.148,0.0480870790691115
738,869,131,0.131,0.05222537281177938
734,867,133,0.133,0.04773609008337371
746,873,127,0.127,0.052432545860297976
796,898,102,0.102,0.04767416000983212
744,872,128,0.128,0.04779547294229269
736,868,132,0.132,0.053752233678183985
786,893,107,0.107,0.03895744069642387
704,852,148,0.148,0.04183290744875558
774,887,113,0.113,0.0454123358798679
786,893,107,0.107,0.042794687985209745
742,871,129,0.129,0.047491721313374
712,856,144,0.144,0.041276110791339304
776,888,112,0.112,0.03572672737424727
776,888,112,0.112,0.041735153982241174
746,873,127,0.127,0.044330807258957064
746,873,127,0.127,0.04995106189441867
768,884,116,0.116,0.04026078651449643
750,875,125,0.125,0.0427974690941046
806,903,97,0.097,0.035963364869821816
778,889,111,0.111,0.035941583870444445
764,882,118,0.118,0.036103407357120886
798,899,101,0.101,0.0380015456507681
752,876,124,0.124,0.039858692120178604
784,892,108,0.108,0.03732645933056483
740,870,130,0.13,0.037894650175527206
758,879,121,0.121,0.03949809637048747
784,892,108,0.108,0.03353258766263025
730,865,135,0.135,0.035258495864633005
764,882,118,0.118,0.032720898039813616
788,894,106,0.106,0.03896441566350404
782,891,109,0.109,0.039200028048478996
740,870,130,0.13,0.044575140454340724
694,847,153,0.153,0.059013012951938434
742,871,129,0.129,0.04385713124286849
748,874,126,0.126,0.04946551623963751
748,874,126,0.126,0.047811330766184254
766,883,117,0.117,0.04421670954232104
780,890,110,0.11,0.04397872103896225
804,902,98,0.098,0.04473658380331472
738,869,131,0.131,0.0434434007430682
794,897,103,0.103,0.03725659910938703
736,868,132,0.132,0.04246069663425442
778,889,111,0.111,0.04136877082742285
844,922,78,0.078,0.028848410226171836
826,913,87,0.087,0.03586225339060184
686,843,157,0.157,0.046170539150596594
764,882,118,0.118,0.04491222936473787
794,897,103,0.103,0.03296977610210888
730,865,135,0.135,0.04311663670098642
782,891,109,0.109,0.03258439347660169
712,856,144,0.144,0.037016185882734136
804,902,98,0.098,0.038221248710760845
736,868,132,0.132,0.03802552991814446
824,912,88,0.088,0.037653794137040675
806,903,97,0.097,0.03105852770409547
774,887,113,0.113,0.03966309956694022
792,896,104,0.104,0.032624058005865667
772,886,114,0.114,0.036907797465333715
782,891,109,0.109,0.03110583120910451
712,856,144,0.144,0.04018284068672801
706,853,147,0.147,0.050394965613610114
832,916,84,0.084,0.03228070595662575
748,874,126,0.126,0.049460207729251124
714,857,143,0.143,0.043228000088594856
758,879,121,0.121,0.03570807858649641
788,894,106,0.106,0.03578255065681878
754,877,123,0.123,0.0371133785652346
778,889,111,0.111,0.03972588933072984
746,873,127,0.127,0.044055734289460816
812,906,94,0.094,0.03443705697113182
762,881,119,0.119,0.04175050976636703
754,877,123,0.123,0.03471258536574896
764,882,118,0.118,0.03628157827747054
768,884,116,0.116,0.03625496727065183
764,882,118,0.118,0.033905140947375914
762,881,119,0.119,0.034658419601328205
726,863,137,0.137,0.03948242826119531
784,892,108,0.108,0.031322608328191566
736,868,132,0.132,0.03977262380206958
728,864,136,0.136,0.04130496064247564
804,902,98,0.098,0.030657155517605134
774,887,113,0.113,0.03200126124499365
792,896,104,0.104,0.032602195753192065
810,905,95,0.095,0.029679789160960354
740,870,130,0.13,0.044060267898486924
744,872,128,0.128,0.03335443982610013
788,894,106,0.106,0.03618736140162218
796,898,102,0.102,0.0334287699124543
810,905,95,0.095,0.027474060526816176
814,907,93,0.093,0.026543105374381412
726,863,137,0.137,0.03308730956655927
764,882,118,0.118,0.037236270263325426
774,887,113,0.113,0.031070785947318654
814,907,93,0.093,0.02791848453786224
802,901,99,0.099,0.02750452674017288
754,877,123,0.123,0.03160695757262874
792,896,104,0.104,0.02949269322049804
756,878,122,0.122,0.025322765477059875
798,899,101,0.101,0.031976202759018635
762,881,119,0.119,0.03043358910275856
750,875,125,0.125,0.029439125734497792
754,877,123,0.123,0.030354059455567038
706,853,147,0.147,0.041232960206922145
802,901,99,0.099,0.03465580174094066
790,895,105,0.105,0.03712087843817426
786,893,107,0.107,0.03562572922743857
746,873,127,0.127,0.03548519759147894
756,878,122,0.122,0.034306279013166206
760,880,120,0.12,0.03203743312013103
728,864,136,0.136,0.03489979439094895
742,871,129,0.129,0.029695068543427624
772,886,114,0.114,0.03136603362264577
776,888,112,0.112,0.03291343405598309
780,890,110,0.11,0.03184544624903356
782,891,109,0.109,0.032139620495960114
778,889,111,0.111,0.033756398024619556
758,879,121,0.121,0.030631245688440684
766,883,117,0.117,0.03163008559081936
772,886,114,0.114,0.03144526682099968
768,884,116,0.116,0.03070751172793098
768,884,116,0.116,0.027355487968656233
758,879,121,0.121,0.03175629819527967
758,879,121,0.121,0.028532086603110657
778,889,111,0.111,0.028078640849213115
710,855,145,0.145,0.03427618749032263
754,877,123,0.123,0.03555012012412771
708,854,146,0.146,0.042494660646654664
794,897,103,0.103,0.03884514883311931
770,885,115,0.115,0.03509906866835081
766,883,117,0.117,0.037044914891477675
752,876,124,0.124,0.03478117520874366
756,878,122,0.122,0.036690769101172006
762,881,119,0.119,0.03189053114037961
740,870,130,0.13,0.03389273972902447
798,899,101,0.101,0.025501975250430405
762,881,119,0.119,0.031691544503439216
780,890,110,0.11,0.026363713216385806
782,891,109,0.109,0.02395149873092305
804,902,98,0.098,0.02835539729660377
808,904,96,0.096,0.030656808814499528
726,863,137,0.137,0.03953996418172028
796,898,102,0.102,0.02413889365189243
778,889,111,0.111,0.02981332570419181
770,885,115,0.115,0.031098581132246183
726,863,137,0.137,0.034658670597636956
796,898,102,0.102,0.027207747986423784
758,879,121,0.121,0.032541585174622016
768,884,116,0.116,0.028579381066258066
766,883,117,0.117,0.03914772460481618
776,888,112,0.112,0.029891493906849063
720,860,140,0.14,0.030040093746298225
696,848,152,0.152,0.03598510672478005
728,864,136,0.136,0.029228512022295036
770,885,115,0.115,0.029366568728582933
782,891,109,0.109,0.03799348929896951
800,900,100,0.1,0.03378871680807788
742,871,129,0.129,0.040439962696284054
786,893,107,0.107,0.03502041465649381
786,893,107,0.107,0.02737038406636566
788,894,106,0.106,0.027647013598296327
740,870,130,0.13,0.03190828621049877
732,866,134,0.134,0.0325400015252817
798,899,101,0.101,0.030619292910094374
764,882,118,0.118,0.026639969519565057
690,845,155,0.155,0.030195340692880563
840,920,80,0.08,0.02746265841613058
758,879,121,0.121,0.031316082770295905
768,884,116,0.116,0.038204673292464575
766,883,117,0.117,0.03186418978672009
804,902,98,0.098,0.030722689435468055
812,906,94,0.094,0.03104057158867363
726,863,137,0.137,0.029426158608519472
730,865,135,0.135,0.03271136487158947
782,891,109,0.109,0.03045576654933393
858,929,71,0.071,0.020925181160040666
812,906,94,0.094,0.026623488586279564
796,898,102,0.102,0.028282757636276072
774,887,113,0.113,0.018980788612854668
802,901,99,0.099,0.01896373989066342
756,878,122,0.122,0.0237959633738501
764,882,118,0.118,0.022994986381207127
786,893,107,0.107,0.026654118604725226
780,890,110,0.11,0.02526244567614049
816,908,92,0.092,0.024378253659815528
730,865,135,0.135,0.025677504234772643
758,879,121,0.121,0.033810520538594575
784,892,108,0.108,0.028519876904436386
730,865,135,0.135,0.027870903900184204
780,890,110,0.11,0.0291990708502708
768,884,116,0.116,0.027631477951304988
758,879,121,0.121,0.02934326735979994
790,895,105,0.105,0.028605249443673528
730,865,135,0.135,0.0399385897302127
744,872,128,0.128,0.029125910922070033
780,890,110,0.11,0.03147891279752366
736,868,132,0.132,0.03577783330599777
774,887,113,0.113,0.02799063623236725
744,872,128,0.128,0.0340331924110651
774,887,113,0.113,0.02481555215327535
702,851,149,0.149,0.03618055168353021
742,871,129,0.129,0.038529413127806035
776,888,112,0.112,0.03501458611851558
764,882,118,0.118,0.036364766205777416
716,858,142,0.142,0.03991122706537135
776,888,112,0.112,0.03715559013327584
640,820,180,0.18,0.04332604168821126
794,897,103,0.103,0.0286096380953677
800,900,100,0.1,0.03505283435748424
772,886,114,0.114,0.03344925033760956
750,875,125,0.125,0.03162625350570306
744,872,128,0.128,0.030685602949000895
770,885,115,0.115,0.028121321750048084
822,911,89,0.089,0.02117752538213972
790,895,105,0.105,0.029441118139366153
744,872,128,0.128,0.02947491991322022
810,905,95,0.095,0.024075351122854045
800,900,100,0.1,0.022290251484839246
796,898,102,0.102,0.03396978692628909
768,884,116,0.116,0.0262748896072153
788,894,106,0.106,0.03055823171988595
726,863,137,0.137,0.034052096261060795
784,892,108,0.108,0.0283234868128784
828,914,86,0.086,0.02192104644200299
692,846,154,0.154,0.03429421140003251
714,857,143,0.143,0.03437878262545564
764,882,118,0.118,0.03493932740634773
810,905,95,0.095,0.03126703741555684
696,848,152,0.152,0.03523486260604113
722,861,139,0.139,0.039965455836063486
756,878,122,0.122,0.03198580784082879
774,887,113,0.113,0.03523829010210466
824,912,88,0.088,0.024761366430553607
756,878,122,0.122,0.0330957665402675
790,895,105,0.105,0.027252843180904165
760,880,120,0.12,0.029946789234294557
710,855,145,0.145,0.032440062601002864
786,893,107,0.107,0.025006121414364316
742,871,129,0.129,0.03323111155314837
786,893,107,0.107,0.02536896967573557
722,861,139,0.139,0.031242608940927313
738,869,131,0.131,0.03169218827877194
832,916,84,0.084,0.026388402772252448
752,876,124,0.124,0.029483829066273757
720,860,140,0.14,0.029565398148959504
770,885,115,0.115,0.03190295889833942
692,846,154,0.154,0.04008136776054744
780,890,110,0.11,0.026907714426517487
754,877,123,0.123,0.031921236101188695
762,881,119,0.119,0.03240597266238183
812,906,94,0.094,0.02243902713211719
744,872,128,0.128,0.027124926126678474
808,904,96,0.096,0.02726108517171815
722,861,139,0.139,0.03427563971246127
764,882,118,0.118,0.02368978407524992
814,907,93,0.093,0.023565806971513666
754,877,123,0.123,0.022459898615954443
734,867,133,0.133,0.026897757543425542
802,901,99,0.099,0.026259106300363783
800,900,100,0.1,0.021602670701802707
784,892,108,0.108,0.02454394739656709
810,905,95,0.095,0.01975115095602814
684,842,158,0.158,0.02730316054401919
788,894,106,0.106,0.01752121153002372
774,887,113,0.113,0.023777184744205444
772,886,114,0.114,0.0229556531192502
748,874,126,0.126,0.02723903882486047
778,889,111,0.111,0.028492867137654684
768,884,116,0.116,0.020400246998411604
836,918,82,0.082,0.019832645586226137
778,889,111,0.111,0.026402010997291656
814,907,93,0.093,0.019827332084998487
766,883,117,0.117,0.026398795419256202
726,863,137,0.137,0.025810679802205413
790,895,105,0.105,0.02199926075525582
778,889,111,0.111,0.025315707335015758
760,880,120,0.12,0.020641833107918502
826,913,87,0.087,0.018447336142882704
768,884,116,0.116,0.020624219564371743
758,879,121,0.121,0.0232317129301955
784,892,108,0.108,0.02518020611803513
768,884,116,0.116,0.022628582978853957
786,893,107,0.107,0.027298136147204787
730,865,135,0.135,0.02947179624554701
816,908,92,0.092,0.024126169810420834
730,865,135,0.135,0.030877393534523435
734,867,133,0.133,0.029178297955229936
770,885,115,0.115,0.0247350034667179
748,874,126,0.126,0.0245353635516949
802,901,99,0.099,0.024470785874233115
790,895,105,0.105,0.025849357585248072
788,894,106,0.106,0.022491522373835324
804,902,98,0.098,0.02556813259725459
752,876,124,0.124,0.02603392754122615
776,888,112,0.112,0.01959980785608059
758,879,121,0.121,0.022937673781183547
766,883,117,0.117,0.024315746505162678
736,868,132,0.132,0.02683869717095513
756,878,122,0.122,0.022503305892227217
806,903,97,0.097,0.015487437901552766
776,888,112,0.112,0.018047658091323682
746,873,127,0.127,0.024228830093401484
810,905,95,0.095,0.022414825289626607
806,903,97,0.097,0.01869398527049634
774,887,113,0.113,0.022671109580027406
788,894,106,0.106,0.02136621911858674
776,888,112,0.112,0.02253416861972073
786,893,107,0.107,0.023435270928195678
696,848,152,0.152,0.030861521348473617
790,895,105,0.105,0.018479375466529745
748,874,126,0.126,0.024979537922481542
804,902,98,0.098,0.01934584371710662
726,863,137,0.137,0.03224044505832717
788,894,106,0.106,0.024999962801579387
766,883,117,0.117,0.026642872714903204
716,858,142,0.142,0.028338039641617796
700,850,150,0.15,0.028557374230120332
722,861,139,0.139,0.027491815498331563
754,877,123,0.123,0.027953532095532866
770,885,115,0.115,0.025684741243487224
782,891,109,0.109,0.027284144430072047
758,879,121,0.121,0.02486872400797438
778,889,111,0.111,0.025037495156633668
754,877,123,0.123,0.02196878879686119
828,914,86,0.086,0.01893592846475076
750,875,125,0.125,0.023706126529723405
760,880,120,0.12,0.02612648275436368
700,850,150,0.15,0.025310890009161084
762,881,119,0.119,0.024831032533431427
752,876,124,0.124,0.02545834490080597
756,878,122,0.122,0.025991048208088615
728,864,136,0.136,0.024869216914870776
732,866,134,0.134,0.02881790146010462
762,881,119,0.119,0.026831525771762243
658,829,171,0.171,0.037581826559267936
726,863,137,0.137,0.031446688975906
780,890,110,0.11,0.03146403050515801
750,875,125,0.125,0.037815419318387285
736,868,132,0.132,0.03494822061539162
786,893,107,0.107,0.026135559952876065
728,864,136,0.136,0.033578050873940814
752,876,124,0.124,0.027140545169531835
796,898,102,0.102,0.02323120491800364
696,848,152,0.152,0.031683289146400055
764,882,118,0.118,0.02489297952497145
752,876,124,0.124,0.019155986103578472
724,862,138,0.138,0.0252653999569593
740,870,130,0.13,0.02296813005465083
760,880,120,0.12,0.023987373829702847
782,891,109,0.109,0.023635522423079237
764,882,118,0.118,0.024251839464879594
854,927,73,0.073,0.019408972253731917
756,878,122,0.122,0.025038101793441455
782,891,109,0.109,0.018421369176154258
758,879,121,0.121,0.02317556017066818
784,892,108,0.108,0.022016427519381977
788,894,106,0.106,0.023646472299122253
792,896,104,0.104,0.020654390211217104
708,854,146,0.146,0.021691022849758157
728,864,136,0.136,0.02587790009775199
780,890,110,0.11,0.026229648107779214
740,870,130,0.13,0.02265688421111554
738,869,131,0.131,0.0344997035645647
744,872,128,0.128,0.027388503645488525
718,859,141,0.141,0.034183786431443874
792,896,104,0.104,0.026482594586326742
738,869,131,0.131,0.03055023989989422
752,876,124,0.124,0.02806101502571255
766,883,117,0.117,0.021530653612688185
782,891,109,0.109,0.02222012034652289
768,884,116,0.116,0.02271785315917805
772,886,114,0.114,0.021972809060127475
772,886,114,0.114,0.021227273636846802
744,872,128,0.128,0.0254868100869935
762,881,119,0.119,0.02683768600190524
766,883,117,0.117,0.020019191664701792
774,887,113,0.113,0.02524668727547396
802,901,99,0.099,0.019312779880012385
768,884,116,0.116,0.0259439892215305
728,864,136,0.136,0.022771870861994104
788,894,106,0.106,0.02211826464923797
800,900,100,0.1,0.021379672989132813
778,889,111,0.111,0.02139041377417743
790,895,105,0.105,0.018319843810983002
760,880,120,0.12,0.02119243748462759
722,861,139,0.139,0.02063053309096722
772,886,114,0.114,0.022849680351209826
778,889,111,0.111,0.02198859305406222
756,878,122,0.122,0.024504543143615592
770,885,115,0.115,0.02475511495018145
786,893,107,0.107,0.024039629549952223
746,873,127,0.127,0.02405105683673173
760,880,120,0.12,0.026013939467200545
750,875,125,0.125,0.027827518559643067
780,890,110,0.11,0.019952990499674344
772,886,114,0.114,0.023605251970584506
814,907,93,0.093,0.020069461786537433
774,887,113,0.113,0.020921117595848044
782,891,109,0.109,0.018852989336912287
746,873,127,0.127,0.02511558423243696
832,916,84,0.084,0.016312423756113276
784,892,108,0.108,0.015616037260391749
822,911,89,0.089,0.017311439391749447
724,862,138,0.138,0.025021598573599476
758,879,121,0.121,0.023054835829883814
840,920,80,0.08,0.014881312706813333
822,911,89,0.089,0.018519500188762323
754,877,123,0.123,0.021239808230078778
794,897,103,0.103,0.021999167099711486
698,849,151,0.151,0.024578636083519085
726,863,137,0.137,0.02510018177056918
740,870,130,0.13,0.02575517594855046
828,914,86,0.086,0.022266939840628764
756,878,122,0.122,0.027844889996224084
708,854,146,0.146,0.02443981161690317
756,878,122,0.122,0.024401679493486882
778,889,111,0.111,0.023215097812004388
728,864,136,0.136,0.022397283812402746
774,887,113,0.113,0.022281966388924046
716,858,142,0.142,0.021167563277762383
764,882,118,0.118,0.02128786642634077
712,856,144,0.144,0.02512189021043014
762,881,119,0.119,0.02375444047769997
756,878,122,0.122,0.023257757604354994
760,880,120,0.12,0.019924126838915982
746,873,127,0.127,0.023353676293976604
744,872,128,0.128,0.02278213218122255
726,863,137,0.137,0.02661986712436192
792,896,104,0.104,0.02771592729911208
788,894,106,0.106,0.0237007001779275
762,881,119,0.119,0.025695110669825227
778,889,111,0.111,0.02706586677886662
756,878,122,0.122,0.02337791047769133
720,860,140,0.14,0.025917282570851966
782,891,109,0.109,0.0180082286457764
664,832,168,0.168,0.028422138747177087
718,859,141,0.141,0.023005441781482658
784,892,108,0.108,0.02338634139590431
800,900,100,0.1,0.021407060969620945
758,879,121,0.121,0.023912832241330763
760,880,120,0.12,0.02541527643892914
810,905,95,0.095,0.02122359760059044
680,840,160,0.16,0.029912922567222267
678,839,161,0.161,0.029770942411501893
774,887,113,0.113,0.023822071754548233
704,852,148,0.148,0.025094832237227818
734,867,133,0.133,0.028407583855791018
734,867,133,0.133,0.03534334907960147
710,855,145,0.145,0.03406201944779605
776,888,112,0.112,0.028027031837729737
722,861,139,0.139,0.03878971331205685
760,880,120,0.12,0.027727889228379352
740,870,130,0.13,0.032226232521701606
806,903,97,0.097,0.020781052431091667
812,906,94,0.094,0.021992386448197065
800,900,100,0.1,0.01904150868608849
736,868,132,0.132,0.026637387761031278
766,883,117,0.117,0.0201299726262223
814,907,93,0.093,0.01647413035808131
752,876,124,0.124,0.020273024078196613
742,871,129,0.129,0.02344123194878921
680,840,160,0.16,0.021521992395399137
802,901,99,0.099,0.021881446820450946
758,879,121,0.121,0.022950898701150437
764,882,118,0.118,0.02556147792551201
706,853,147,0.147,0.02489821714919526
772,886,114,0.114,0.02566726048919372
776,888,112,0.112,0.02579392744740471
730,865,135,0.135,0.026225454696977978
778,889,111,0.111,0.03214396329491865
748,874,126,0.126,0.02770991590747144
680,840,160,0.16,0.032885631918674336
716,858,142,0.142,0.030364879854256288
742,871,129,0.129,0.028294637804850937
774,887,113,0.113,0.022394757093861697
800,900,100,0.1,0.02232215146825183
764,882,118,0.118,0.02478637280187104
798,899,101,0.101,0.019168414677726106
700,850,150,0.15,0.023668147586751728
734,867,133,0.133,0.022076625448535198
736,868,132,0.132,0.024935186624177732
800,900,100,0.1,0.020753349755366798
750,875,125,0.125,0.023104191793478095
764,882,118,0.118,0.022039999758882912
764,882,118,0.118,0.02122018038900569
740,870,130,0.13,0.021724718273617327
776,888,112,0.112,0.023918744912138207
758,879,121,0.121,0.018902400396065788
786,893,107,0.107,0.02238934335904196
690,845,155,0.155,0.02892010307853343
714,857,143,0.143,0.020550163288862677
742,871,129,0.129,0.023265999613213354
768,884,116,0.116,0.0210594499304716
814,907,93,0.093,0.016491164865903556
728,864,136,0.136,0.02651355306105688
760,880,120,0.12,0.020006512502965052
806,903,97,0.097,0.020291766669164643
772,886,114,0.114,0.021168371705833123
694,847,153,0.153,0.027952086322009562
766,883,117,0.117,0.024964220150373875
790,895,105,0.105,0.021854216163628735
702,851,149,0.149,0.026177418057224712
756,878,122,0.122,0.01900955017306842
766,883,117,0.117,0.02239630518644117
758,879,121,0.121,0.020013467420823872
774,887,113,0.113,0.02081965138344094
738,869,131,0.131,0.02286280293087475
732,866,134,0.134,0.023860367362736723
736,868,132,0.132,0.026818725155317226
766,883,117,0.117,0.02523185074137291
788,894,106,0.106,0.023822068807610775
726,863,137,0.137,0.02660278475203086
778,889,111,0.111,0.02073828780930489
822,911,89,0.089,0.018911424325197004
800,900,100,0.1,0.022053163722390308
806,903,97,0.097,0.019786545353628754
712,856,144,0.144,0.02524698172684293
796,898,102,0.102,0.018753692294470967
816,908,92,0.092,0.018106698180374223
716,858,142,0.142,0.021785342986695468
800,900,100,0.1,0.018528509361902253
796,898,102,0.102,0.014481389099848457
732,866,134,0.134,0.021418691697646864
790,895,105,0.105,0.017070229016826487
750,875,125,0.125,0.020633765419595874
712,856,144,0.144,0.023290687233093195
774,887,113,0.113,0.019132580384495668
786,893,107,0.107,0.024095099804457277
744,872,128,0.128,0.024982366990530865
752,876,124,0.124,0.0218212998744566
746,873,127,0.127,0.025880610068677926
796,898,102,0.102,0.020856018021702765
732,866,134,0.134,0.02677724243456032
778,889,111,0.111,0.021906917011016047
778,889,111,0.111,0.017424946024955715
762,881,119,0.119,0.01713209541118704
736,868,132,0.132,0.020174886549939403
786,893,107,0.107,0.017033999203529673
738,869,131,0.131,0.02283784764423035
714,857,143,0.143,0.02098554438672727
788,894,106,0.106,0.019151202766457574
744,872,128,0.128,0.019233407002175226
754,877,123,0.123,0.021864251988241448
774,887,113,0.113,0.0171072447624756
778,889,111,0.111,0.019926682702614926
748,874,126,0.126,0.021546646998031063
766,883,117,0.117,0.019652043095207773
762,881,119,0.119,0.019886297536198982
708,854,146,0.146,0.024735288158699405
810,905,95,0.095,0.020708542827225757
716,858,142,0.142,0.02294175890972838
744,872,128,0.128,0.01855767037735495
830,915,85,0.085,0.016416390079190022
750,875,125,0.125,0.021787557748844846
724,862,138,0.138,0.019332075463491492
726,863,137,0.137,0.021965721096101332
750,875,125,0.125,0.022175743933185003
732,866,134,0.134,0.022206214548321442
814,907,93,0.093,0.020611994324310216
724,862,138,0.138,0.02090136367757805
756,878,122,0.122,0.020732569455401972
722,861,139,0.139,0.02192989945912268
800,900,100,0.1,0.019557149038824717
768,884,116,0.116,0.020674013776588254
802,901,99,0.099,0.019597620254964566
788,894,106,0.106,0.020197114958660677
730,865,135,0.135,0.01774109585554106
762,881,119,0.119,0.015136683919175994
836,918,82,0.082,0.01315983763244003
752,876,124,0.124,0.018084402234118897
732,866,134,0.134,0.015704835992015432
776,888,112,0.112,0.01829020740458509
760,880,120,0.12,0.019161246038624086
752,876,124,0.124,0.01873534312450829
744,872,128,0.128,0.01847630690620281
812,906,94,0.094,0.016651018764125183
756,878,122,0.122,0.015089255085680634
734,867,133,0.133,0.020756607152172365
802,901,99,0.099,0.017592419106978924
764,882,118,0.118,0.017719012217363342
800,900,100,0.1,0.01621356963919243
738,869,131,0.131,0.019391822296660394
802,901,99,0.099,0.016765190366772004
726,863,137,0.137,0.020585132563181105
766,883,117,0.117,0.01729854149441235
820,910,90,0.09,0.01667069454852026
744,872,128,0.128,0.01780939652817324
806,903,97,0.097,0.016469349792809226
704,852,148,0.148,0.017866808214923365
788,894,106,0.106,0.015579004165250808
810,905,95,0.095,0.013205071632866747
720,860,140,0.14,0.018033152313670142
770,885,115,0.115,0.016296013024810235
756,878,122,0.122,0.01585108596639475
782,891,109,0.109,0.019488375949091277
796,898,102,0.102,0.013179297505645081
724,862,138,0.138,0.021469028349791187
772,886,114,0.114,0.02093813466106076
800,900,100,0.1,0.018364199818577617
758,879,121,0.121,0.01670096979936352
776,888,112,0.112,0.01839554100445821
732,866,134,0.134,0.02016770034622459
750,875,125,0.125,0.018516183527070098
730,865,135,0.135,0.018741116767399944
774,887,113,0.113,0.020781225561280734
764,882,118,0.118,0.019045968066900967
802,901,99,0.099,0.021660591383464635
808,904,96,0.096,0.02126805980486097
798,899,101,0.101,0.01727979724202305
754,877,123,0.123,0.016021080196544062
746,873,127,0.127,0.01941390415013302
830,915,85,0.085,0.014810355554363924
790,895,105,0.105,0.014744490209326614
796,898,102,0.102,0.013711886303906795
852,926,74,0.074,0.012169155584764666
798,899,101,0.101,0.013642404029524187
732,866,134,0.134,0.014876495978969615
804,902,98,0.098,0.01354537693207385
784,892,108,0.108,0.013893749298498733
792,896,104,0.104,0.015173912127269432
778,889,111,0.111,0.01656850196519372
728,864,136,0.136,0.016731657749623992
742,871,129,0.129,0.016203581416019006
868,934,66,0.066,0.016771576122846455
806,903,97,0.097,0.017850416740053332
832,916,84,0.084,0.018682223453652114
768,884,116,0.116,0.01841080395592144
728,864,136,0.136,0.017406861803145147
780,890,110,0.11,0.015509896661969834
766,883,117,0.117,0.012995340807072353
744,872,128,0.128,0.014654243261611554
800,900,100,0.1,0.012743622229783796
790,895,105,0.105,0.016355311723193152
710,855,145,0.145,0.019830152302223722
754,877,123,0.123,0.015913148622377776
764,882,118,0.118,0.017462746526347474
798,899,101,0.101,0.019724356321268715
720,860,140,0.14,0.022964879416045733
752,876,124,0.124,0.022075768702896313
780,890,110,0.11,0.01997324342781212
756,878,122,0.122,0.02212522944819648
794,897,103,0.103,0.02011589265114162
824,912,88,0.088,0.017777326827985235
814,907,93,0.093,0.015974744324106723
762,881,119,0.119,0.019174897272023372
774,887,113,0.113,0.015389454541087616
762,881,119,0.119,0.01722336173185613
770,885,115,0.115,0.015518500152684283
790,895,105,0.105,0.014000659501121846
784,892,108,0.108,0.015107001913944259
740,870,130,0.13,0.01797445045632776
780,890,110,0.11,0.01760130398135516
726,863,137,0.137,0.018747675760881974
746,873,127,0.127,0.018878239893820137
778,889,111,0.111,0.018899184989684726
760,880,120,0.12,0.019575114569161087
724,862,138,0.138,0.021925455169053747
702,851,149,0.149,0.02094972973037511
820,910,90,0.09,0.018188150067580865
778,889,111,0.111,0.021194520566787105
764,882,118,0.118,0.017998689760454
792,896,104,0.104,0.01622709825297352
768,884,116,0.116,0.021901238702528643
732,866,134,0.134,0.022704217300226447
788,894,106,0.106,0.01864498520444613
830,915,85,0.085,0.01577634713948646
748,874,126,0.126,0.01969999907386955
792,896,104,0.104,0.015927100973087364
790,895,105,0.105,0.015609080173599068
774,887,113,0.113,0.013805868886964162
794,897,103,0.103,0.016056819169112713
698,849,151,0.151,0.01982842749759584
770,885,115,0.115,0.01552686148729117
810,905,95,0.095,0.014613711848272941
830,915,85,0.085,0.014166515140561386
776,888,112,0.112,0.017442299410526173
858,929,71,0.071,0.014581038774689659
778,889,111,0.111,0.015285329375095899
756,878,122,0.122,0.019707247669051867
762,881,119,0.119,0.01883414488332346
760,880,120,0.12,0.014155663728539367
766,883,117,0.117,0.017860672382463236
698,849,151,0.151,0.01991209466737928
764,882,118,0.118,0.014819608212448657
730,865,135,0.135,0.01975228641880676
792,896,104,0.104,0.01828789356537163
756,878,122,0.122,0.020582280944334345
740,870,130,0.13,0.01811579061881639
798,899,101,0.101,0.015267063429579139
832,916,84,0.084,0.01250994085939601
748,874,126,0.126,0.017809076580568215
776,888,112,0.112,0.01695674986159429
738,869,131,0.131,0.017513884983898605
820,910,90,0.09,0.016948394392849876
736,868,132,0.132,0.015585062896367163
794,897,103,0.103,0.01230270484520588
742,871,129,0.129,0.016592580801196164
764,882,118,0.118,0.013225722943025176
756,878,122,0.122,0.01819677387806587
746,873,127,0.127,0.016701174898887984
810,905,95,0.095,0.01615656875295099
728,864,136,0.136,0.01838589535665233
746,873,127,0.127,0.02125686017581029
764,882,118,0.118,0.019613814613199793
764,882,118,0.118,0.02068561993195908
818,909,91,0.091,0.019000513284699993
772,886,114,0.114,0.021708466122741812
786,893,107,0.107,0.01857256824057549
754,877,123,0.123,0.02013221797894221
754,877,123,0.123,0.016921002159593627
764,882,118,0.118,0.01897526168244076
766,883,117,0.117,0.017454585195460823
764,882,118,0.118,0.015363348621525802
758,879,121,0.121,0.020695648085325955
800,900,100,0.1,0.019249381749308667
726,863,137,0.137,0.02078827112034196
740,870,130,0.13,0.016502395203278866
790,895,105,0.105,0.01769770274858456
764,882,118,0.118,0.01596044785482809
804,902,98,0.098,0.018084163758554497
812,906,94,0.094,0.016695773659739642
698,849,151,0.151,0.017530638398951852
780,890,110,0.11,0.01798506211716449
790,895,105,0.105,0.017735757378395646
794,897,103,0.103,0.01579715720930835
770,885,115,0.115,0.017572365700441878
786,893,107,0.107,0.017142353846284094
730,865,135,0.135,0.01794692559889518
852,926,74,0.074,0.013547457717359067
762,881,119,0.119,0.013141220819670707
800,900,100,0.1,0.011708179538312834
766,883,117,0.117,0.013230012686632108
812,906,94,0.094,0.012713061890972313
834,917,83,0.083,0.012153176257153973
804,902,98,0.098,0.012971145815914497
854,927,73,0.073,0.013413949121488258
738,869,131,0.131,0.016296106446679913
740,870,130,0.13,0.014641684593982063
798,899,101,0.101,0.014115101914678234
798,899,101,0.101,0.014841710334119853
774,887,113,0.113,0.01352068369538756
718,859,141,0.141,0.019647428556345402
700,850,150,0.15,0.021888022901664955
766,883,117,0.117,0.018434182575554587
734,867,133,0.133,0.01930336327222176
712,856,144,0.144,0.022790813046158293
722,861,139,0.139,0.023761410832055845
748,874,126,0.126,0.02700265554455109
736,868,132,0.132,0.023830397875164635
722,861,139,0.139,0.027668295298353768
792,896,104,0.104,0.01931456631468609
824,912,88,0.088,0.017275428543332964
794,897,103,0.103,0.019234187404392287
746,873,127,0.127,0.019059031509328632
796,898,102,0.102,0.014269845714385155
806,903,97,0.097,0.015152736265212298
802,901,99,0.099,0.011925485150830355
760,880,120,0.12,0.013100733724684687
764,882,118,0.118,0.014208449658413884
754,877,123,0.123,0.01367813436355209
766,883,117,0.117,0.014867946606245823
768,884,116,0.116,0.017274209351628086
826,913,87,0.087,0.016085906898486428
736,868,132,0.132,0.018031799618911465
748,874,126,0.126,0.018066870637703687
758,879,121,0.121,0.019081982240779324
802,901,99,0.099,0.016099908356089144
758,879,121,0.121,0.020103505979146577
790,895,105,0.105,0.01695776673220098
790,895,105,0.105,0.016871217637322845
788,894,106,0.106,0.015410032810177655
704,852,148,0.148,0.018932345679495484
774,887,113,0.113,0.014935400371672585
718,859,141,0.141,0.016963133085693697
786,893,107,0.107,0.015332413440861274
726,863,137,0.137,0.017744467566546518
776,888,112,0.112,0.018673321450129152
804,902,98,0.098,0.018147605404956267
768,884,116,0.116,0.017369212587247603
764,882,118,0.118,0.016314128795580474
762,881,119,0.119,0.018378997790394352
746,873,127,0.127,0.02025641674268991
870,935,65,0.065,0.01302952990407357
790,895,105,0.105,0.017573729058465687
824,912,88,0.088,0.013387690945761279
728,864,136,0.136,0.013799292395822704
706,853,147,0.147,0.018051138138660463
842,921,79,0.079,0.013045525661407736
744,872,128,0.128,0.019074149893713185
740,870,130,0.13,0.018452912096574438
778,889,111,0.111,0.01708158145204652
756,878,122,0.122,0.0189389602355659
772,886,114,0.114,0.01657679939235095
730,865,135,0.135,0.018342265572049654
782,891,109,0.109,0.019057751901855227
728,864,136,0.136,0.019409044110449032
800,900,100,0.1,0.015260467266896739
788,894,106,0.106,0.016628579524345696
796,898,102,0.102,0.016971271171816623
766,883,117,0.117,0.01944204233045457
746,873,127,0.127,0.01691820042114705
746,873,127,0.127,0.016463170448609163
770,885,115,0.115,0.01464663945097709
778,889,111,0.111,0.01468232897456619
756,878,122,0.122,0.015335595396813005
790,895,105,0.105,0.01738887768157292
812,906,94,0.094,0.01648555279255379
744,872,128,0.128,0.019328122951672414
752,876,124,0.124,0.018838578385300935
766,883,117,0.117,0.015128556271491107
722,861,139,0.139,0.01971631457749754
742,871,129,0.129,0.020390640874858947
762,881,119,0.119,0.017830365802743473
756,878,122,0.122,0.01759371224977076
742,871,129,0.129,0.02081112043734174
858,929,71,0.071,0.012836145407520235
740,870,130,0.13,0.01766597224259749
754,877,123,0.123,0.015770105234463698
792,896,104,0.104,0.012349004426156171
816,908,92,0.092,0.013616922825865914
754,877,123,0.123,0.015738625249941834
718,859,141,0.141,0.01682942732045194
746,873,127,0.127,0.01469336422564811
756,878,122,0.122,0.01471976211713627
782,891,109,0.109,0.015057820838454063
756,878,122,0.122,0.017751795967662475
734,867,133,0.133,0.017325121685804332
824,912,88,0.088,0.015837903851643204
778,889,111,0.111,0.018551457141758872
760,880,120,0.12,0.017346305596292952
796,898,102,0.102,0.01514410329121165
756,878,122,0.122,0.013985797138884664
736,868,132,0.132,0.013924402889679187
768,884,116,0.116,0.013743569190963171
750,875,125,0.125,0.012939056051371153
762,881,119,0.119,0.013964066500542686
734,867,133,0.133,0.014445735005312599
750,875,125,0.125,0.013211734937969595
794,897,103,0.103,0.014795935607049613
714,857,143,0.143,0.02005816860322375
810,905,95,0.095,0.016240129219717347
758,879,121,0.121,0.016362266462674597
764,882,118,0.118,0.015204158075153828
724,862,138,0.138,0.01736805707763415
766,883,117,0.117,0.01611997015035013
760,880,120,0.12,0.016506086082896217
716,858,142,0.142,0.015016815853770822
794,897,103,0.103,0.014811306214076466
750,875,125,0.125,0.013513687037513591
788,894,106,0.106,0.01047664487460861
770,885,115,0.115,0.012938083029293921
800,900,100,0.1,0.013555957566655707
798,899,101,0.101,0.01314177833130816
798,899,101,0.101,0.010902919535292313
800,900,100,0.1,0.012167097782410565
804,902,98,0.098,0.010205210492218612
778,889,111,0.111,0.01120495852260501
728,864,136,0.136,0.011196157704747748
772,886,114,0.114,0.011839638686564286
732,866,134,0.134,0.013056241641694215
742,871,129,0.129,0.015043417718203273
738,869,131,0.131,0.013721725254086778
790,895,105,0.105,0.010030855360382703
736,868,132,0.132,0.014922263675718568
754,877,123,0.123,0.015967056169640274
730,865,135,0.135,0.014991907806455856
804,902,98,0.098,0.015395078683970496
806,903,97,0.097,0.014967816680727991
732,866,134,0.134,0.01818557323887944
740,870,130,0.13,0.015672256048885173
742,871,129,0.129,0.01672509213158628
794,897,103,0.103,0.013581512686796486
694,847,153,0.153,0.016495676236459984
748,874,126,0.126,0.01694967781077139
748,874,126,0.126,0.01670284135953989
822,911,89,0.089,0.010151577558019199
782,891,109,0.109,0.013894669339526445
776,888,112,0.112,0.010577043965517077
802,901,99,0.099,0.009602738688467071
764,882,118,0.118,0.010105711042822804
736,868,132,0.132,0.010025244954274967
758,879,121,0.121,0.011935709483630489
816,908,92,0.092,0.010496164782351115
786,893,107,0.107,0.011525229098158889
830,915,85,0.085,0.009421184427919798
746,873,127,0.127,0.013261782921341364
796,898,102,0.102,0.012271953465242404
800,900,100,0.1,0.009006289277473115
752,876,124,0.124,0.010219392846542177
698,849,151,0.151,0.014225852496369044
772,886,114,0.114,0.010370302316150628
758,879,121,0.121,0.011837031830487831
772,886,114,0.114,0.012164573427056893
734,867,133,0.133,0.012120997535123024
732,866,134,0.134,0.01193951874988852
752,876,124,0.124,0.012839684698847123
748,874,126,0.126,0.013444627789460355
786,893,107,0.107,0.01274651222769171
796,898,102,0.102,0.013008501332427841
742,871,129,0.129,0.013338827265659348
804,902,98,0.098,0.013896566943731158
740,870,130,0.13,0.012014794845075812
784,892,108,0.108,0.011243547156249405
780,890,110,0.11,0.009239459259610158
788,894,106,0.106,0.011640908581670373
760,880,120,0.12,0.010947920750943013
774,887,113,0.113,0.009853269736573566
794,897,103,0.103,0.008787268494983437
762,881,119,0.119,0.010999628887104335
740,870,130,0.13,0.011531778985518031
786,893,107,0.107,0.00953778325841995
750,875,125,0.125,0.012402723797596991
792,896,104,0.104,0.011760470141540282
754,877,123,0.123,0.010965853650239296
800,900,100,0.1,0.011163235212181462
742,871,129,0.129,0.012467998398875352
788,894,106,0.106,0.010546915937738958
756,878,122,0.122,0.010863512019685004
756,878,122,0.122,0.013244356606155633
764,882,118,0.118,0.011362061627267394
766,883,117,0.117,0.011072590548166773
702,851,149,0.149,0.012953269254707266
720,860,140,0.14,0.014098811600590126
738,869,131,0.131,0.014048962321772706
812,906,94,0.094,0.013471474440128077
740,870,130,0.13,0.01535935384471668
766,883,117,0.117,0.015887389261624776
752,876,124,0.124,0.01682925456482917
798,899,101,0.101,0.012886664730130632
782,891,109,0.109,0.010621899133955594
808,904,96,0.096,0.011476034275634447
768,884,116,0.116,0.010782439530012199
794,897,103,0.103,0.008986750196199864
796,898,102,0.102,0.007277415189280873
744,872,128,0.128,0.008282511919176613
766,883,117,0.117,0.00781792206838145
720,860,140,0.14,0.009536768754100195
796,898,102,0.102,0.008584106718713883
784,892,108,0.108,0.009302206003943866
812,906,94,0.094,0.010403378255665303
782,891,109,0.109,0.00987920053245034
746,873,127,0.127,0.014609922812203876
722,861,139,0.139,0.012535119169566315
782,891,109,0.109,0.010960131828935118
702,851,149,0.149,0.01354061153056682
766,883,117,0.117,0.01053283476352226
770,885,115,0.115,0.010131420283636543
784,892,108,0.108,0.007987848324060905
736,868,132,0.132,0.00948328584007686
786,893,107,0.107,0.008723015163064701
734,867,133,0.133,0.010478994681092445
748,874,126,0.126,0.00976698335877154
786,893,107,0.107,0.008693933086877223
736,868,132,0.132,0.011531931364763295
770,885,115,0.115,0.011764565558813047
760,880,120,0.12,0.01256310107052559
760,880,120,0.12,0.012120109147625045
782,891,109,0.109,0.01230439587123692
846,923,77,0.077,0.009017707229941153
798,899,101,0.101,0.010589633497293107
806,903,97,0.097,0.009111208257585532
728,864,136,0.136,0.010562900114076911
778,889,111,0.111,0.00791200514967204
736,868,132,0.132,0.007864332050434313
772,886,114,0.114,0.00900243588399826
748,874,126,0.126,0.009310447517549619
812,906,94,0.094,0.008076584039430599
774,887,113,0.113,0.009723699336434948
720,860,140,0.14,0.011171375465783057
728,864,136,0.136,0.009137325196934398
726,863,137,0.137,0.009136551335570403
810,905,95,0.095,0.007942804367194184
786,893,107,0.107,0.010253451715252595
742,871,129,0.129,0.011766840986616444
728,864,136,0.136,0.01307236498594284
736,868,132,0.132,0.011477893829811365
788,894,106,0.106,0.009329135862353724
742,871,129,0.129,0.011644081930979155
820,910,90,0.09,0.010928895859746263
788,894,106,0.106,0.011634639121795772
760,880,120,0.12,0.010829989604942965
796,898,102,0.102,0.0080696595950576
770,885,115,0.115,0.008710809132608119
748,874,126,0.126,0.008765133593289648
736,868,132,0.132,0.009850561183440732
752,876,124,0.124,0.010039196098427055
720,860,140,0.14,0.01026191082742298
712,856,144,0.144,0.011355981370958034
732,866,134,0.134,0.01262286612734897
750,875,125,0.125,0.013468297441548201
776,888,112,0.112,0.01494155488384422
776,888,112,0.112,0.012327696699998341
744,872,128,0.128,0.011959697962505744
794,897,103,0.103,0.009639274944202043
792,896,104,0.104,0.008530808978204732
832,916,84,0.084,0.006936853857798269
806,903,97,0.097,0.006436178685980849
766,883,117,0.117,0.008056825854990166
752,876,124,0.124,0.00864753538001969
770,885,115,0.115,0.007496742359042401
770,885,115,0.115,0.006712598890357185
760,880,120,0.12,0.008261832472242532
784,892,108,0.108,0.008974956651526554
828,914,86,0.086,0.00808301418593328
750,875,125,0.125,0.008356091214373008
734,867,133,0.133,0.010417813655833014
712,856,144,0.144,0.010541454331425485
710,855,145,0.145,0.013019126797269564
818,909,91,0.091,0.010652230294610491
760,880,120,0.12,0.011588325702294242
744,872,128,0.128,0.012165908122435213
750,875,125,0.125,0.012260308556433301
714,857,143,0.143,0.012125125790946186
778,889,111,0.111,0.010354473300918472
780,890,110,0.11,0.009368182339996565
734,867,133,0.133,0.010022287374922598
814,907,93,0.093,0.007551833758130669
730,865,135,0.135,0.009770122380956309
804,902,98,0.098,0.008022633509448497
806,903,97,0.097,0.007595085899614787
798,899,101,0.101,0.006871298014302738
810,905,95,0.095,0.00715015919675352
748,874,126,0.126,0.007773377685916785
780,890,110,0.11,0.007261886051826877
740,870,130,0.13,0.007165085414118948
792,896,104,0.104,0.007796379607432755
780,890,110,0.11,0.008173189976689173
752,876,124,0.124,0.00888107350905193
740,870,130,0.13,0.010884008562308737
758,879,121,0.121,0.009991099807462888
752,876,124,0.124,0.010065494421840413
778,889,111,0.111,0.011355160476348828
790,895,105,0.105,0.009480976793565788
738,869,131,0.131,0.010231250750483013
784,892,108,0.108,0.008003873534529703
734,867,133,0.133,0.010392718682240228
718,859,141,0.141,0.009129985711653717
738,869,131,0.131,0.009360087342327461
726,863,137,0.137,0.010682513713574735
778,889,111,0.111,0.009932564609189285
812,906,94,0.094,0.007320066495842184
716,858,142,0.142,0.010366444885847158
808,904,96,0.096,0.008522732674755389
748,874,126,0.126,0.010943006842338945
718,859,141,0.141,0.01201729546012939
740,870,130,0.13,0.010576526577031472
746,873,127,0.127,0.011199793192499783
792,896,104,0.104,0.011123468518751907
748,874,126,0.126,0.011395054670458194
724,862,138,0.138,0.01121480535599403
734,867,133,0.133,0.01338424847641727
816,908,92,0.092,0.009723502848893987
690,845,155,0.155,0.013795105177501682
744,872,128,0.128,0.010197166419107817
746,873,127,0.127,0.010817575692519312
760,880,120,0.12,0.009614985718333628
818,909,91,0.091,0.007932126425439492
776,888,112,0.112,0.008808953806845238
778,889,111,0.111,0.00878721221264277
772,886,114,0.114,0.008785854832982295
736,868,132,0.132,0.008838927592674736
734,867,133,0.133,0.008794763278332538
784,892,108,0.108,0.009988404842413728
714,857,143,0.143,0.01000113098527072
762,881,119,0.119,0.008742575880431104
738,869,131,0.131,0.009714480271504726
776,888,112,0.112,0.009833269027061761
794,897,103,0.103,0.009139896452456013
786,893,107,0.107,0.01013571690482786
786,893,107,0.107,0.010035431070980849
704,852,148,0.148,0.011233160690928343
764,882,118,0.118,0.00846235260865069
732,866,134,0.134,0.009216143291734624
716,858,142,0.142,0.008955192276771414
808,904,96,0.096,0.007828389810048976
758,879,121,0.121,0.009103838767652632
776,888,112,0.112,0.008375895586854313
740,870,130,0.13,0.009414914520981256
788,894,106,0.106,0.007965612518484703
828,914,86,0.086,0.006071548310661455
766,883,117,0.117,0.008823230280104327
748,874,126,0.126,0.00819940953986952
724,862,138,0.138,0.009872440708699286
736,868,132,0.132,0.009403108136437367
740,870,130,0.13,0.008982253362017217
822,911,89,0.089,0.01050312036141986
714,857,143,0.143,0.01218000131798908
782,891,109,0.109,0.009276419338100823
818,909,91,0.091,0.009973866630025441
700,850,150,0.15,0.01025276065748767
780,890,110,0.11,0.007989196384500246
778,889,111,0.111,0.007492795489903074
774,887,113,0.113,0.008937615548551549
806,903,97,0.097,0.0076030905436928154
752,876,124,0.124,0.0069216231655445885
736,868,132,0.132,0.008366071965079755
768,884,116,0.116,0.008256081211002311
798,899,101,0.101,0.0076392514361941725
784,892,108,0.108,0.007988686947937822
824,912,88,0.088,0.006564778911706526
794,897,103,0.103,0.006128079423098825
826,913,87,0.087,0.006857696689825389
742,871,129,0.129,0.008144638270634458
770,885,115,0.115,0.007625141713098855
714,857,143,0.143,0.008730872941174311
746,873,127,0.127,0.008858726819453296
768,884,116,0.116,0.007840202090024832
782,891,109,0.109,0.008112905818416038
716,858,142,0.142,0.010843456598551711
802,901,99,0.099,0.010960058796626981
726,863,137,0.137,0.012602349681023042
826,913,87,0.087,0.008230334037391002
780,890,110,0.11,0.009343861679575639
816,908,92,0.092,0.007531394147794345
722,861,139,0.139,0.008933812198287342
770,885,115,0.115,0.007065260675517493
782,891,109,0.109,0.007478416599129559
700,850,150,0.15,0.008895638371483074
692,846,154,0.154,0.007784110440523364
786,893,107,0.107,0.006453116139309714
768,884,116,0.116,0.010629358132311608
704,852,148,0.148,0.011765632846363587
702,851,149,0.149,0.013778654434834607
818,909,91,0.091,0.010545324289647396
782,891,109,0.109,0.012226866354583763
762,881,119,0.119,0.010994938515941612
754,877,123,0.123,0.010461344502982684
784,892,108,0.108,0.007256428250024328
770,885,115,0.115,0.008380455661776068
776,888,112,0.112,0.009016743507047068
686,843,157,0.157,0.010197430826949131
778,889,111,0.111,0.00762830250657862
744,872,128,0.128,0.008258109081623843
728,864,136,0.136,0.009550012747400615
704,852,148,0.148,0.010221690840517113
748,874,126,0.126,0.009247395893442445
748,874,126,0.126,0.01026951516867848
812,906,94,0.094,0.007987262693844968
770,885,115,0.115,0.008891275563131785
708,854,146,0.146,0.010895894142624457
740,870,130,0.13,0.008522384192387107
702,851,149,0.149,0.011035021670191781
756,878,122,0.122,0.009898410994792358
752,876,124,0.124,0.010092983870708849
792,896,104,0.104,0.011035018916911212
778,889,111,0.111,0.008160149579925929
748,874,126,0.126,0.009152974390541203
778,889,111,0.111,0.00776757087817532
810,905,95,0.095,0.007345944320113631
764,882,118,0.118,0.007244000596343539
826,913,87,0.087,0.005944092448458832
744,872,128,0.128,0.0065467925080738495
792,896,104,0.104,0.00615737209096551
764,882,118,0.118,0.006960884587810142
770,885,115,0.115,0.007889765213010833
804,902,98,0.098,0.00819741142584826
792,896,104,0.104,0.0077744035340438136
780,890,110,0.11,0.008194153632764937
756,878,122,0.122,0.008850845420369296
758,879,121,0.121,0.007427120195672614
744,872,128,0.128,0.00753043865528889
744,872,128,0.128,0.008693528122676071
762,881,119,0.119,0.008061341455162619
772,886,114,0.114,0.008630857934738742
758,879,121,0.121,0.009593788306650822
784,892,108,0.108,0.00892059899904416
790,895,105,0.105,0.008107059096044394
760,880,120,0.12,0.008615947345388121
740,870,130,0.13,0.008715189269307302
756,878,122,0.122,0.009556928095233161
790,895,105,0.105,0.008901646159501979
730,865,135,0.135,0.00752613776952785
826,913,87,0.087,0.006461487976688659
760,880,120,0.12,0.0073526260049111445
764,882,118,0.118,0.007454006107640453
800,900,100,0.1,0.006173108763003256
756,878,122,0.122,0.007552510162553517
742,871,129,0.129,0.00769296434984426
766,883,117,0.117,0.008011585609201574
714,857,143,0.143,0.009184015190228819
744,872,128,0.128,0.009366054912272374
776,888,112,0.112,0.008900063840672373
814,907,93,0.093,0.006976407432317501
726,863,137,0.137,0.009257855630596168
732,866,134,0.134,0.01043049255371443
724,862,138,0.138,0.00925971803907305
740,870,130,0.13,0.008658792412112233
772,886,114,0.114,0.010059360870945966
822,911,89,0.089,0.006690514543341124
792,896,104,0.104,0.0073282334487012124
740,870,130,0.13,0.008725083611701849
704,852,148,0.148,0.008682734167668968
724,862,138,0.138,0.00824870238188305
732,866,134,0.134,0.008396868403491681
744,872,128,0.128,0.008516034878237405
766,883,117,0.117,0.008845278530556243
774,887,113,0.113,0.010899177276325644
764,882,118,0.118,0.009611453594465275
730,865,135,0.135,0.010623445398290642
752,876,124,0.124,0.008534513763006544
760,880,120,0.12,0.010312148830387741
736,868,132,0.132,0.01005344888023683
720,860,140,0.14,0.009854732830135618
806,903,97,0.097,0.005871766795695294
738,869,131,0.131,0.009072512936691056
800,900,100,0.1,0.006937424261210253
744,872,128,0.128,0.008139862380048726
716,858,142,0.142,0.009235576056555147
662,831,169,0.169,0.009996990865416592
756,878,122,0.122,0.009274883932346711
776,888,112,0.112,0.00781067656801315
754,877,123,0.123,0.008813537406385876
752,876,124,0.124,0.009919827402103691
784,892,108,0.108,0.008119051125555415
792,896,104,0.104,0.00953959584684344
780,890,110,0.11,0.008459363776841202
816,908,92,0.092,0.006992523560882546
786,893,107,0.107,0.006647488355898531
744,872,128,0.128,0.0073016558814561
762,881,119,0.119,0.007091280317399651
758,879,121,0.121,0.0059393700532236835
732,866,134,0.134,0.008625953714101343
786,893,107,0.107,0.007815446567052277
778,889,111,0.111,0.007265930849505821
780,890,110,0.11,0.006725418704329058
792,896,104,0.104,0.008155584352607548
776,888,112,0.112,0.007537424965470564
780,890,110,0.11,0.006811811276042135
680,840,160,0.16,0.009755151599601958
760,880,120,0.12,0.006834389490017202
746,873,127,0.127,0.008359139442618471
698,849,151,0.151,0.009595961196479038
760,880,120,0.12,0.00859940090921009
818,909,91,0.091,0.007081643742800224
774,887,113,0.113,0.009785692972654943
750,875,125,0.125,0.009371224686939968
700,850,150,0.15,0.008795336278009927
758,879,121,0.121,0.007471090987994103
770,885,115,0.115,0.00862425998019171
736,868,132,0.132,0.009222909243224421
758,879,121,0.121,0.00834256409961381
808,904,96,0.096,0.007906414091034094
704,852,148,0.148,0.010691481034155004
726,863,137,0.137,0.010266701156040654
776,888,112,0.112,0.008166082925803494
736,868,132,0.132,0.0077190986057394185
766,883,117,0.117,0.007094570146975457
808,904,96,0.096,0.007766366700452636
794,897,103,0.103,0.007763991048879689
734,867,133,0.133,0.008558794292446692
708,854,146,0.146,0.009009407195670064
736,868,132,0.132,0.008033150474715513
704,852,148,0.148,0.008565704315085895
712,856,144,0.144,0.009978518608579179
758,879,121,0.121,0.010103940695844358
760,880,120,0.12,0.011133660864143167
736,868,132,0.132,0.010114368466980522
760,880,120,0.12,0.008286100481520406
798,899,101,0.101,0.008168529693211895
758,879,121,0.121,0.009573150808733772
800,900,100,0.1,0.007893443560984452
762,881,119,0.119,0.0082211792912276
826,913,87,0.087,0.006638794517013593
726,863,137,0.137,0.007942808354331646
766,883,117,0.117,0.006755319816089468
838,919,81,0.081,0.006247211782523664
776,888,112,0.112,0.006933125044808548
744,872,128,0.128,0.006545443899638485
774,887,113,0.113,0.007697311699375859
748,874,126,0.126,0.0073008236368623325
764,882,118,0.118,0.00615433045924874
790,895,105,0.105,0.006989505048986757
748,874,126,0.126,0.00785197785391938
776,888,112,0.112,0.007312875402189093
750,875,125,0.125,0.008533706560381688
722,861,139,0.139,0.009531047817319631
776,888,112,0.112,0.009948202394676628
780,890,110,0.11,0.008073036324873101
724,862,138,0.138,0.009078606211405714
712,856,144,0.144,0.008631235250650206
766,883,117,0.117,0.008205346388218458
748,874,126,0.126,0.00910075719305314
756,878,122,0.122,0.009490751652381732
766,883,117,0.117,0.00798317124643654
804,902,98,0.098,0.007644488171295961
782,891,109,0.109,0.007455453661619685
774,887,113,0.113,0.0077143931826285555
706,853,147,0.147,0.008308902862772811
796,898,102,0.102,0.0060004020865162605
758,879,121,0.121,0.007341354315954959
748,874,126,0.126,0.008443889386253432
740,870,130,0.13,0.007946604331460548
756,878,122,0.122,0.00720779737009434
730,865,135,0.135,0.008091818426764803
790,895,105,0.105,0.006998997902555857
748,874,126,0.126,0.009026869825931498
744,872,128,0.128,0.008814684734476032
742,871,129,0.129,0.008121452603518264
700,850,150,0.15,0.009505270927533274
728,864,136,0.136,0.00905397970834747
752,876,124,0.124,0.009229216662002727
754,877,123,0.123,0.007753212026625988
742,871,129,0.129,0.008027701140876161
750,875,125,0.125,0.008359437209874159
800,900,100,0.1,0.006897646385856206
734,867,133,0.133,0.008715046077122679
770,885,115,0.115,0.008270380651840242
810,905,95,0.095,0.006397646325494861
772,886,114,0.114,0.0075100740086345465
738,869,131,0.131,0.006987276707121055
768,884,116,0.116,0.005565982464773697
810,905,95,0.095,0.005482483654297539
766,883,117,0.117,0.0046479314487660305
824,912,88,0.088,0.005080617316052667
824,912,88,0.088,0.004506898866849952
748,874,126,0.126,0.005974773417488905
754,877,123,0.123,0.006958593383955303
790,895,105,0.105,0.006373961825272999
776,888,112,0.112,0.007077856825882918
714,857,143,0.143,0.0068566702727694065
756,878,122,0.122,0.007481639870733489
842,921,79,0.079,0.006614055627214839
782,891,109,0.109,0.008487378229910974
722,861,139,0.139,0.008046970793046056
690,845,155,0.155,0.009506985294079642
764,882,118,0.118,0.00759436078244471
768,884,116,0.116,0.00824480717923143
738,869,131,0.131,0.010065426291344921
740,870,130,0.13,0.007632291186921066
784,892,108,0.108,0.007418244156782748
798,899,101,0.101,0.006868000420712633
778,889,111,0.111,0.0064588342674833255
708,854,146,0.146,0.008606919639743865
770,885,115,0.115,0.006625464945449494
724,862,138,0.138,0.007108967147651128
824,912,88,0.088,0.005589785431162455
712,856,144,0.144,0.0071968035266472725
768,884,116,0.116,0.007266935118372203
812,906,94,0.094,0.007287727666887804
738,869,131,0.131,0.008554136257414939
764,882,118,0.118,0.006073854696165654
802,901,99,0.099,0.006283993587785517
810,905,95,0.095,0.00509819085514755
768,884,116,0.116,0.005602695119770942
798,899,101,0.101,0.005498681005599792
818,909,91,0.091,0.004509926260521752
816,908,92,0.092,0.004629456588234462
690,845,155,0.155,0.006460427508383873
798,899,101,0.101,0.0048760007535602196
772,886,114,0.114,0.0063469071658910255
754,877,123,0.123,0.006627542380258092
768,884,116,0.116,0.006692637002521223
690,845,155,0.155,0.008044382383734046
734,867,133,0.133,0.007778679784591077
776,888,112,0.112,0.008244012434384785
734,867,133,0.133,0.00955584533608635
698,849,151,0.151,0.010101501457829726
726,863,137,0.137,0.008657258569233817
820,910,90,0.09,0.007420198111794889
710,855,145,0.145,0.009382975426036864
748,874,126,0.126,0.007474184524908196
762,881,119,0.119,0.0075214864083682186
774,887,113,0.113,0.006768918754311017
798,899,101,0.101,0.006244103343080496
760,880,120,0.12,0.006354504560149508
726,863,137,0.137,0.007205853518986259
750,875,125,0.125,0.004946800536170485
776,888,112,0.112,0.005076421090343501
764,882,118,0.118,0.00475686442098231
692,846,154,0.154,0.007026716332606157
764,882,118,0.118,0.00531117620113946
768,884,116,0.116,0.006539090207894333
752,876,124,0.124,0.007474987668276299
768,884,116,0.116,0.007285166941888747
736,868,132,0.132,0.009105399112508166
746,873,127,0.127,0.007310577784664929
752,876,124,0.124,0.00899895121686859
696,848,152,0.152,0.010001377367618261
786,893,107,0.107,0.007822474699787562
768,884,116,0.116,0.008224415849195794
760,880,120,0.12,0.0072023166501603555
824,912,88,0.088,0.005369248739792966
730,865,135,0.135,0.006749212359878584
776,888,112,0.112,0.006181088282057317
718,859,141,0.141,0.006644106827865471
696,848,152,0.152,0.007485541040659882
750,875,125,0.125,0.006917255519205355
762,881,119,0.119,0.0058794121782120784
726,863,137,0.137,0.006807643754844321
830,915,85,0.085,0.0062185594728798605
760,880,120,0.12,0.007683514662727248
780,890,110,0.11,0.0069654192553134636
742,871,129,0.129,0.007614986853179289
812,906,94,0.094,0.006072458845152141
738,869,131,0.131,0.005920634306006832
742,871,129,0.129,0.006004012920726382
742,871,129,0.129,0.006052139275765512
788,894,106,0.106,0.005392580241066753
766,883,117,0.117,0.005381416260745027
740,870,130,0.13,0.0062625522917951456
822,911,89,0.089,0.005162282501056325
800,900,100,0.1,0.005374954652099404
740,870,130,0.13,0.006155347135404554
778,889,111,0.111,0.007492602660233388
766,883,117,0.117,0.005771971108981234
794,897,103,0.103,0.005530802830733592
796,898,102,0.102,0.005516889919046662
792,896,104,0.104,0.005686830617269152
776,888,112,0.112,0.004565726406872273
786,893,107,0.107,0.0046317326669668545
794,897,103,0.103,0.005034967342282471
782,891,109,0.109,0.004929624214681098
748,874,126,0.126,0.004837001955333107
826,913,87,0.087,0.004796677456892212
728,864,136,0.136,0.006061864954885096
722,861,139,0.139,0.005624600184324663
784,892,108,0.108,0.006239301986061037
774,887,113,0.113,0.0065700418529741
750,875,125,0.125,0.0074501760463754185
818,909,91,0.091,0.0061812908280990085
774,887,113,0.113,0.006133607424300863
794,897,103,0.103,0.00648576643015258
762,881,119,0.119,0.00528834801458288
728,864,136,0.136,0.0059303147062091735
738,869,131,0.131,0.006061745299346512
744,872,128,0.128,0.006017451245876146
758,879,121,0.121,0.0054200419402186525
724,862,138,0.138,0.006725006745880819
786,893,107,0.107,0.007310837032797281
760,880,120,0.12,0.008086716138670454
784,892,108,0.108,0.009074114693445153
756,878,122,0.122,0.007797547976282658
804,902,98,0.098,0.007231092039728537
674,837,163,0.163,0.008427374713734025
760,880,120,0.12,0.006976328849152196
736,868,132,0.132,0.008288499442336615
732,866,134,0.134,0.0071314340867975265
794,897,103,0.103,0.006565336911007762
804,902,98,0.098,0.00729546617824235
802,901,99,0.099,0.006156324847775977
790,895,105,0.105,0.005708995820677956
784,892,108,0.108,0.0058656941208464555
762,881,119,0.119,0.005353919830318773
798,899,101,0.101,0.004207054899423383
806,903,97,0.097,0.004921442718296021
772,886,114,0.114,0.005425041835464071
750,875,125,0.125,0.005060381891300494
794,897,103,0.103,0.005487455154099734
776,888,112,0.112,0.005360347418303718
768,884,116,0.116,0.0058635590224293994
776,888,112,0.112,0.005643988719995832
772,886,114,0.114,0.005900965536973672
748,874,126,0.126,0.007122274191722682
828,914,86,0.086,0.0048269301638574685
780,890,110,0.11,0.005025376764981047
756,878,122,0.122,0.006281448940106202
804,902,98,0.098,0.006306245376472361
744,872,128,0.128,0.006295164220529842
800,900,100,0.1,0.005375425897989772
778,889,111,0.111,0.005459877609217074
780,890,110,0.11,0.006052161851919664
742,871,129,0.129,0.007029663073277334
822,911,89,0.089,0.005576176630129339
780,890,110,0.11,0.006231586311943829
770,885,115,0.115,0.006047907969084917
704,852,148,0.148,0.00675945277363644
806,903,97,0.097,0.005255205587382079
766,883,117,0.117,0.006315459135570563
708,854,146,0.146,0.007569999708386604
764,882,118,0.118,0.007182163529505487
748,874,126,0.126,0.00807042183764861
760,880,120,0.12,0.007915847551223123
826,913,87,0.087,0.006184407489941804
754,877,123,0.123,0.0078038309232215395
744,872,128,0.128,0.00802130873274291
768,884,116,0.116,0.006841738160437672
812,906,94,0.094,0.0060623309100919865
720,860,140,0.14,0.008860000097425654
764,882,118,0.118,0.006808660049020546
798,899,101,0.101,0.005489896651910385
722,861,139,0.139,0.005601244311765186
790,895,105,0.105,0.005434905655987677
760,880,120,0.12,0.005487475344431005
780,890,110,0.11,0.005434102878178237
738,869,131,0.131,0.006924247001094045
774,887,113,0.113,0.006582173915347085
744,872,128,0.128,0.006930444223326049
720,860,140,0.14,0.006822122132376535
808,904,96,0.096,0.00627587837347528
794,897,103,0.103,0.006204373924760148
724,862,138,0.138,0.006641347028373275
712,856,144,0.144,0.008424137073976453
798,899,101,0.101,0.005965361532071256
768,884,116,0.116,0.0075150944492634155
798,899,101,0.101,0.005241031466590357
730,865,135,0.135,0.007213490138150519
774,887,113,0.113,0.0054137984456901905
736,868,132,0.132,0.0070061284588009585
806,903,97,0.097,0.005692556122899987
792,896,104,0.104,0.005393317409296287
830,915,85,0.085,0.005100661983466125
822,911,89,0.089,0.0049176786411408106
748,874,126,0.126,0.005417484035977395
754,877,123,0.123,0.00488981179354596
756,878,122,0.122,0.004665717421667068
780,890,110,0.11,0.0045526265363150745
754,877,123,0.123,0.005412313873152016
732,866,134,0.134,0.006057777563546552
772,886,114,0.114,0.0066825625741330445
782,891,109,0.109,0.006564273923577275
750,875,125,0.125,0.00688983818559791
712,856,144,0.144,0.008780029021669179
770,885,115,0.115,0.008052418341248995
830,915,85,0.085,0.006707776622031815
698,849,151,0.151,0.007710613852832466
736,868,132,0.132,0.008082220190350198
710,855,145,0.145,0.007597717654745793
776,888,112,0.112,0.007487342647655168
758,879,121,0.121,0.006678013764409116
722,861,139,0.139,0.007417393134994199
744,872,128,0.128,0.0070517486753524285
672,836,164,0.164,0.0089120150184026
800,900,100,0.1,0.006407290749106323
772,886,114,0.114,0.008150137296703178
820,910,90,0.09,0.006838252164976438
760,880,120,0.12,0.007612059165607207
796,898,102,0.102,0.0056284269264724575
796,898,102,0.102,0.005345577982807299
778,889,111,0.111,0.005393454772391124
700,850,150,0.15,0.006128580914912163
754,877,123,0.123,0.006677354269457283
774,887,113,0.113,0.006136293220537482
792,896,104,0.104,0.005018168311522459
766,883,117,0.117,0.0056522932047955695
728,864,136,0.136,0.005529643975925864
796,898,102,0.102,0.005827623679098906
758,879,121,0.121,0.007909341160673648
708,854,146,0.146,0.009069177766446956
718,859,141,0.141,0.008154323382565052
778,889,111,0.111,0.009000735602952772
768,884,116,0.116,0.009572334373311606
726,863,137,0.137,0.008537088850804139
720,860,140,0.14,0.009567433784293826
766,883,117,0.117,0.007457082545472076
732,866,134,0.134,0.00972510174708441
762,881,119,0.119,0.007723804351058789
788,894,106,0.106,0.008971569652290783
726,863,137,0.137,0.007883219421724789
774,887,113,0.113,0.007553895820281468
760,880,120,0.12,0.008088692190707661
710,855,145,0.145,0.00942563611397054
756,878,122,0.122,0.00687523407235858
776,888,112,0.112,0.007231459112837911
730,865,135,0.135,0.008590837354509858
750,875,125,0.125,0.008038583986752201
750,875,125,0.125,0.007644794185238424
712,856,144,0.144,0.008498348750843434
826,913,87,0.087,0.006958563937863801
750,875,125,0.125,0.008130779784172773
790,895,105,0.105,0.0066523756124952345
752,876,124,0.124,0.007133034021826461
746,873,127,0.127,0.008062061666685622
802,901,99,0.099,0.006689154886262258
746,873,127,0.127,0.00650439147776342
692,846,154,0.154,0.00805351746865199
742,871,129,0.129,0.0073541122498863845
768,884,116,0.116,0.007246429995764629
736,868,132,0.132,0.008523715834424366
774,887,113,0.113,0.006299952733243117
808,904,96,0.096,0.005756312869038083
812,906,94,0.094,0.006608569052288658
768,884,116,0.116,0.005643695317034144
756,878,122,0.122,0.006576543721399502
722,861,139,0.139,0.007977073254878633
718,859,141,0.141,0.00719840963491879
764,882,118,0.118,0.007643161833111662
840,920,80,0.08,0.007644244209193857
750,875,125,0.125,0.007111084409654723
710,855,145,0.145,0.009538055870885728
786,893,107,0.107,0.007865769352996722
796,898,102,0.102,0.0071194188737717925
754,877,123,0.123,0.007965302011798485
822,911,89,0.089,0.00635442078440974
702,851,149,0.149,0.009033719052749802
784,892,108,0.108,0.007346635237918235
808,904,96,0.096,0.005786662978731328
702,851,149,0.149,0.007964232686761535
754,877,123,0.123,0.006245577175548533
740,870,130,0.13,0.006010199692333117
842,921,79,0.079,0.005473173352394951
758,879,121,0.121,0.006601647033938207
778,889,111,0.111,0.00640809026255738
762,881,119,0.119,0.007766872274805792
736,868,132,0.132,0.007351607743970817
778,889,111,0.111,0.007125978262658463
758,879,121,0.121,0.007950748698203825
742,871,129,0.129,0.009131319478183287
702,851,149,0.149,0.0088796448642388
708,854,146,0.146,0.009679792175302283
790,895,105,0.105,0.007711425184330437
784,892,108,0.108,0.008778145932184999
780,890,110,0.11,0.009302204173232895
794,897,103,0.103,0.008313587066979381
740,870,130,0.13,0.008418497358099557
714,857,143,0.143,0.007333348946849583
724,862,138,0.138,0.008189606973232002
822,911,89,0.089,0.005990089323517168
804,902,98,0.098,0.0058928821430017705
748,874,126,0.126,0.006830433614930371
792,896,104,0.104,0.006022201613785001
738,869,131,0.131,0.006960912225404172
742,871,129,0.129,0.007706732434875448
774,887,113,0.113,0.00667249605419056
828,914,86,0.086,0.005398922342705191
790,895,105,0.105,0.005606623906918685
780,890,110,0.11,0.005856037035002373
750,875,125,0.125,0.006732027210615343
746,873,127,0.127,0.007418843750282576
784,892,108,0.108,0.005303005885740277
752,876,124,0.124,0.006611598656862043
786,893,107,0.107,0.007143016353395069
730,865,135,0.135,0.00862561924304464
730,865,135,0.135,0.007944600779359462
822,911,89,0.089,0.006021016917140514
810,905,95,0.095,0.007664350329432637
746,873,127,0.127,0.008783136162877781
740,870,130,0.13,0.007378350529877935
760,880,120,0.12,0.0073995454238465755
764,882,118,0.118,0.006221859670069534
774,887,113,0.113,0.007275774958485272
802,901,99,0.099,0.005623698621886433
732,866,134,0.134,0.006392589513998246
814,907,93,0.093,0.005392979015596211
790,895,105,0.105,0.006470856826286763
780,890,110,0.11,0.0076764290714054365
768,884,116,0.116,0.006543872732494492
738,869,131,0.131,0.007753896362846718
768,884,116,0.116,0.006898256949665665
742,871,129,0.129,0.006927495249779895
754,877,123,0.123,0.007731286522612208
720,860,140,0.14,0.008161663557664725
772,886,114,0.114,0.008480961855559145
760,880,120,0.12,0.008640341484715463
762,881,119,0.119,0.008210830354131757
768,884,116,0.116,0.008968336592428386
788,894,106,0.106,0.008061502428347012
748,874,126,0.126,0.00854622897700756
752,876,124,0.124,0.007221313816844485
822,911,89,0.089,0.005774396671156865
784,892,108,0.108,0.0063233372469840106
784,892,108,0.108,0.005893429886258673
776,888,112,0.112,0.0053121937431751575
780,890,110,0.11,0.005350070307467831
746,873,127,0.127,0.007244311235030182
800,900,100,0.1,0.006177356626430992
668,834,166,0.166,0.008067340491354116
752,876,124,0.124,0.007986766233021626
764,882,118,0.118,0.009140710086910985
752,876,124,0.124,0.009290158047573641
746,873,127,0.127,0.009881632788921707
752,876,124,0.124,0.010739620867243503
720,860,140,0.14,0.010716053392738104
828,914,86,0.086,0.00829989569314057
778,889,111,0.111,0.008866104032873409
708,854,146,0.146,0.012392075830895919
794,897,103,0.103,0.009250137349212309
692,846,154,0.154,0.008832873642502818
818,909,91,0.091,0.005840659677953226
768,884,116,0.116,0.007304066925542429
776,888,112,0.112,0.006025822152878391
790,895,105,0.105,0.006822508961602579
722,861,139,0.139,0.007523094914271496
724,862,138,0.138,0.008504919539322146
760,880,120,0.12,0.007377994966256665
822,911,89,0.089,0.006954387470323127
746,873,127,0.127,0.008312513125536498
800,900,100,0.1,0.007431491210561944
704,852,148,0.148,0.008552424877823796
730,865,135,0.135,0.006818825356134766
778,889,111,0.111,0.007793142080918187
760,880,120,0.12,0.007898062132269842
776,888,112,0.112,0.008365970099519473
678,839,161,0.161,0.010551501178590115
764,882,118,0.118,0.007548585801268928
822,911,89,0.089,0.007986145010669134
782,891,109,0.109,0.007292870200704783
688,844,156,0.156,0.009461952299054246
730,865,135,0.135,0.00861136285198154
752,876,124,0.124,0.0078051034588715994
698,849,151,0.151,0.007471592515910743
774,887,113,0.113,0.00805615230143303
736,868,132,0.132,0.007879977649077772
742,871,129,0.129,0.007510768926382297
784,892,108,0.108,0.00782705784018617
770,885,115,0.115,0.009441350651439279
814,907,93,0.093,0.007048126541063539
776,888,112,0.112,0.006852681095624575
792,896,104,0.104,0.007823568216932471
752,876,124,0.124,0.006736687673692359
768,884,116,0.116,0.00630044667024049
764,882,118,0.118,0.00540458571354975
800,900,100,0.1,0.0066077272218244614
832,916,84,0.084,0.005937032072164584
736,868,132,0.132,0.008043943877113633
772,886,114,0.114,0.007754325203539338
778,889,111,0.111,0.007440607453900156
754,877,123,0.123,0.008061447460673662
766,883,117,0.117,0.008767391394969308
760,880,120,0.12,0.007765376428083982
762,881,119,0.119,0.008889277642316302
750,875,125,0.125,0.007778262464824366
754,877,123,0.123,0.007963422765955328
836,918,82,0.082,0.006213200069789309
784,892,108,0.108,0.007391181180777494
760,880,120,0.12,0.007158183687512064
762,881,119,0.119,0.007476797614071984
788,894,106,0.106,0.005697609915587236
780,890,110,0.11,0.008199958609227906
748,874,126,0.126,0.00662500661960803
784,892,108,0.108,0.006007693074890994
750,875,125,0.125,0.0070734573883819395
774,887,113,0.113,0.008361931246588938
790,895,105,0.105,0.006637138577643782
802,901,99,0.099,0.0073027861931113875
806,903,97,0.097,0.007327469977550209
770,885,115,0.115,0.007869404805707745
822,911,89,0.089,0.006520935228909366
754,877,123,0.123,0.007312300261517521
732,866,134,0.134,0.00811597568745492
696,848,152,0.152,0.009205124273139518
786,893,107,0.107,0.006675164608022897
724,862,138,0.138,0.008629562370770146
808,904,96,0.096,0.008068709473416674
768,884,116,0.116,0.008236011871340453
768,884,116,0.116,0.008851057638472411
754,877,123,0.123,0.009008111821342027
782,891,109,0.109,0.008448531684989576
728,864,136,0.136,0.00939614555076696
774,887,113,0.113,0.008895894418732496
804,902,98,0.098,0.0066886191250523554
772,886,114,0.114,0.007707998298516031
820,910,90,0.09,0.006942344993876759
828,914,86,0.086,0.006503621111522079
678,839,161,0.161,0.009486018166644499
788,894,106,0.106,0.006561154490962508
720,860,140,0.14,0.008318096657196293
802,901,99,0.099,0.006857661229383666
774,887,113,0.113,0.008650786515237997
732,866,134,0.134,0.00823147429592791
760,880,120,0.12,0.01028247568727238
750,875,125,0.125,0.010503568281244952
778,889,111,0.111,0.009702187794493512
790,895,105,0.105,0.009180473181273555
824,912,88,0.088,0.007380509033144335
784,892,108,0.108,0.008126527981978143
732,866,134,0.134,0.008733943476923741
800,900,100,0.1,0.0067518247242260255
814,907,93,0.093,0.006965535891853506
720,860,140,0.14,0.007989943326596404
728,864,136,0.136,0.008542950890565407
762,881,119,0.119,0.008755046419217252
808,904,96,0.096,0.008404078093983117
728,864,136,0.136,0.012504686427360866
788,894,106,0.106,0.008197980623110198
778,889,111,0.111,0.00869076017223415
776,888,112,0.112,0.00798588512511924
716,858,142,0.142,0.009414940954622579
760,880,120,0.12,0.00799205479203374
818,909,91,0.091,0.006931056489236653
726,863,137,0.137,0.007081261823084787
802,901,99,0.099,0.006995742274157237
800,900,100,0.1,0.006366883070601034
804,902,98,0.098,0.007385953538701869
758,879,121,0.121,0.008817336353531572
716,858,142,0.142,0.009678095734969246
722,861,139,0.139,0.007551424697769107
760,880,120,0.12,0.008244491191813723
806,903,97,0.097,0.008036925151536707
804,902,98,0.098,0.007601157245109789
808,904,96,0.096,0.008294527429068693
758,879,121,0.121,0.008342659632355207
798,899,101,0.101,0.008018572816974483
716,858,142,0.142,0.009756773810775485
802,901,99,0.099,0.006483165851910598
742,871,129,0.129,0.009612811648723437
746,873,127,0.127,0.00835876880709111
736,868,132,0.132,0.010088649886514759
720,860,140,0.14,0.01054040789406281
758,879,121,0.121,0.009126281196833588
788,894,106,0.106,0.008848988383600953
822,911,89,0.089,0.008640433654945809
686,843,157,0.157,0.009421984723827336
720,860,140,0.14,0.009829390323313418
776,888,112,0.112,0.008431858879514038
758,879,121,0.121,0.009625586192676564
720,860,140,0.14,0.010135965333785862
790,895,105,0.105,0.007084395481215324
734,867,133,0.133,0.008189915083232335
778,889,111,0.111,0.00658789471455384
790,895,105,0.105,0.006861359026341233
708,854,146,0.146,0.00967476517133764
728,864,136,0.136,0.00952600872326002
766,883,117,0.117,0.007919929279567441
702,851,149,0.149,0.010420076094276738
804,902,98,0.098,0.009321534810762387
670,835,165,0.165,0.013033036276116036
714,857,143,0.143,0.01182404239475727
834,917,83,0.083,0.009657174095016671
790,895,105,0.105,0.00787802527938038
776,888,112,0.112,0.008711070462100906
742,871,129,0.129,0.008870362027286319
832,916,84,0.084,0.0051570046045526395
826,913,87,0.087,0.005778343170153676
714,857,143,0.143,0.007563024559873156
772,886,114,0.114,0.007157392971450463
816,908,92,0.092,0.005888965490332339
766,883,117,0.117,0.006564820091851289
712,856,144,0.144,0.007969434870246914
816,908,92,0.092,0.006129006353294244
696,848,152,0.152,0.008717755572288297
768,884,116,0.116,0.007598971343570156
802,901,99,0.099,0.006774913737594033
834,917,83,0.083,0.005532207187090535
756,878,122,0.122,0.007176937141586677
776,888,112,0.112,0.007288922454870772
764,882,118,0.118,0.006472925938724074
836,918,82,0.082,0.005685364621633198
738,869,131,0.131,0.007778746679017786
768,884,116,0.116,0.006842360035923776
740,870,130,0.13,0.007249434678065882
742,871,129,0.129,0.0072019719048403204
800,900,100,0.1,0.006497419850464212
746,873,127,0.127,0.007218591122335056
792,896,104,0.104,0.006593244218558538
762,881,119,0.119,0.006882997643493581
730,865,135,0.135,0.007892515739717056
782,891,109,0.109,0.007821850528765936
728,864,136,0.136,0.009035382023896091
808,904,96,0.096,0.007221754395010066
818,909,91,0.091,0.005827330196945695
758,879,121,0.121,0.007907069065695396
744,872,128,0.128,0.0071301045196305495
790,895,105,0.105,0.007396737516261055
738,869,131,0.131,0.007401671143248677
744,872,128,0.128,0.007222139404009795
778,889,111,0.111,0.006942464363150066
768,884,116,0.116,0.006851706376241055
800,900,100,0.1,0.005804119163920404
766,883,117,0.117,0.006945730282372097
778,889,111,0.111,0.006528459152716095
796,898,102,0.102,0.0060828422364138535
734,867,133,0.133,0.007700025375699624
714,857,143,0.143,0.007391249877313385
774,887,113,0.113,0.00631563970555726
754,877,123,0.123,0.007771607853326714
710,855,145,0.145,0.006864750682318117
722,861,139,0.139,0.00743046437841258
782,891,109,0.109,0.0074730187235109045
764,882,118,0.118,0.007737267246324336
770,885,115,0.115,0.008011097985174274
774,887,113,0.113,0.007809201058931649
732,866,134,0.134,0.008990935332141816
778,889,111,0.111,0.0065250319490151015
766,883,117,0.117,0.006694895177075523
754,877,123,0.123,0.006400359619554365
770,885,115,0.115,0.005524600435717729
810,905,95,0.095,0.005477141962503083
750,875,125,0.125,0.005286070895963348
800,900,100,0.1,0.00487731550897297
758,879,121,0.121,0.005199836033651081
758,879,121,0.121,0.005644911490657251
752,876,124,0.124,0.006207922650515684
762,881,119,0.119,0.006551889013848267
750,875,125,0.125,0.0068172735678381285
744,872,128,0.128,0.006600298391451361
740,870,130,0.13,0.007831744836992584
768,884,116,0.116,0.007742530548217473
740,870,130,0.13,0.009134613286529201
780,890,110,0.11,0.007131783464777982
794,897,103,0.103,0.006925315357279032
748,874,126,0.126,0.007049846631183755
700,850,150,0.15,0.00792781582340831
734,867,133,0.133,0.0074188859861751555
750,875,125,0.125,0.007541729677614057
806,903,97,0.097,0.005550143400556408
782,891,109,0.109,0.005760911156656221
788,894,106,0.106,0.005681117166997865
736,868,132,0.132,0.006953351351345191
730,865,135,0.135,0.007701295520935673
800,900,100,0.1,0.005853243306453805
750,875,125,0.125,0.0068113029783417
758,879,121,0.121,0.00695195796036569
804,902,98,0.098,0.006212886887413333
778,889,111,0.111,0.006879334083059803
724,862,138,0.138,0.007563247225618398
794,897,103,0.103,0.007096675734319433
704,852,148,0.148,0.007113337543894886
766,883,117,0.117,0.0070111083767551464
762,881,119,0.119,0.006394631413219031
824,912,88,0.088,0.006777011911384761
744,872,128,0.128,0.007666286739317002
740,870,130,0.13,0.008770352519437438
752,876,124,0.124,0.006872695890662726
776,888,112,0.112,0.006507656680245418
758,879,121,0.121,0.006935876116069267
712,856,144,0.144,0.007910663605376612
760,880,120,0.12,0.007174194542836631
826,913,87,0.087,0.005666827520966763
774,887,113,0.113,0.007193258014754974
744,872,128,0.128,0.007400854902618448
758,879,121,0.121,0.006866179449658375
780,890,110,0.11,0.007008081012958428
740,870,130,0.13,0.008086250125837979
730,865,135,0.135,0.00720589542973903
798,899,101,0.101,0.006045955612906255
734,867,133,0.133,0.007895754675089846
816,908,92,0.092,0.0058448498283214575
792,896,104,0.104,0.00633625364821637
780,890,110,0.11,0.00626747865404468
798,899,101,0.101,0.006385868652971112
796,898,102,0.102,0.005195022139865614
708,854,146,0.146,0.007246455986169167
724,862,138,0.138,0.005916254440380726
768,884,116,0.116,0.006386860949365655
712,856,144,0.144,0.008447737448266707
718,859,141,0.141,0.007441653772402788
796,898,102,0.102,0.006767219342204043
730,865,135,0.135,0.009206296457763528
784,892,108,0.108,0.008868427622306626
766,883,117,0.117,0.008362373668787768
818,909,91,0.091,0.006937373303619097
772,886,114,0.114,0.008028683620534138
794,897,103,0.103,0.007064129958976991
780,890,110,0.11,0.006068970009535405
800,900,100,0.1,0.005287608351442032
870,935,65,0.065,0.0035897634009452303
774,887,113,0.113,0.005230317764697247
812,906,94,0.094,0.004198201279315981
708,854,146,0.146,0.005482090001838515
736,868,132,0.132,0.00469469997152919
760,880,120,0.12,0.005504136620264034
732,866,134,0.134,0.007532419656999991
796,898,102,0.102,0.006941647538100369
760,880,120,0.12,0.007976200482662534
802,901,99,0.099,0.008369046793261076
800,900,100,0.1,0.008666970873076935
748,874,126,0.126,0.008771477344227606
724,862,138,0.138,0.010523995945579373
746,873,127,0.127,0.009319449887480005
792,896,104,0.104,0.006356899820122635
766,883,117,0.117,0.006755131889978657
734,867,133,0.133,0.0074492036677838765
752,876,124,0.124,0.0072892166378442196
762,881,119,0.119,0.0086838346645236
812,906,94,0.094,0.007365545755019412
762,881,119,0.119,0.008143893688102253
774,887,113,0.113,0.00860972399599268
688,844,156,0.156,0.009464802307687932
760,880,120,0.12,0.007765020912047476
852,926,74,0.074,0.006090680676570628
766,883,117,0.117,0.007028575227013789
754,877,123,0.123,0.006435488011920825
764,882,118,0.118,0.005935434083119617
806,903,97,0.097,0.005652080853586085
782,891,109,0.109,0.006072572310717078
728,864,136,0.136,0.007017056316457456
744,872,128,0.128,0.006764152396492136
826,913,87,0.087,0.005850214281177614
820,910,90,0.09,0.00551633154443698
744,872,128,0.128,0.007716967643995304
824,912,88,0.088,0.005831735354819102
786,893,107,0.107,0.00701397711870959
766,883,117,0.117,0.007891334085587004
784,892,108,0.108,0.006372587024889072
762,881,119,0.119,0.005643017349968431
800,900,100,0.1,0.006293764450165326
718,859,141,0.141,0.007122083593596472
774,887,113,0.113,0.00609446950275742
786,893,107,0.107,0.006127619745500851
738,869,131,0.131,0.007400202464908944
778,889,111,0.111,0.0068418962245923465
718,859,141,0.141,0.007662878435832681
778,889,111,0.111,0.006257462014415068
780,890,110,0.11,0.0064420835872297175
720,860,140,0.14,0.007366149377892726
808,904,96,0.096,0.0060191849887341956
708,854,146,0.146,0.0075465330791776065
776,888,112,0.112,0.00717982981345267
760,880,120,0.12,0.007091075131378602
774,887,113,0.113,0.00762458616058575
718,859,141,0.141,0.00853449930329225
736,868,132,0.132,0.00834010709944414
776,888,112,0.112,0.00734317051540711
776,888,112,0.112,0.00781240694198641
776,888,112,0.112,0.00875270582124358
782,891,109,0.109,0.007786957819429517
824,912,88,0.088,0.006489363169137505
728,864,136,0.136,0.008257677703761146
808,904,96,0.096,0.004744437174435006
722,861,139,0.139,0.005542064891022164
818,909,91,0.091,0.003923797404509969
764,882,118,0.118,0.005092625052173389
774,887,113,0.113,0.004535649488207128
740,870,130,0.13,0.005453965206826979
746,873,127,0.127,0.007005171495344257
756,878,122,0.122,0.006463418734114384
816,908,92,0.092,0.0068569362088455816
722,861,139,0.139,0.007804031509440392
768,884,116,0.116,0.007973363864439307
758,879,121,0.121,0.007900533630658175
710,855,145,0.145,0.007560221175604965
786,893,107,0.107,0.006010489500389667
786,893,107,0.107,0.006498215631640051
794,897,103,0.103,0.006116854123087251
708,854,146,0.146,0.0064198420587053984
772,886,114,0.114,0.005858657071585185
716,858,142,0.142,0.0066646286996838175
734,867,133,0.133,0.006315181373211089
730,865,135,0.135,0.007043470035408973
730,865,135,0.135,0.007286741626769072
828,914,86,0.086,0.005925118866522098
770,885,115,0.115,0.00676453398776357
728,864,136,0.136,0.0071960188006050885
770,885,115,0.115,0.0065027314092731105
764,882,118,0.118,0.0053390621869475584
726,863,137,0.137,0.007787919969443465
770,885,115,0.115,0.0060509900515608025
720,860,140,0.14,0.0062919949025090315
794,897,103,0.103,0.005121988809638424
788,894,106,0.106,0.005517260108201299
780,890,110,0.11,0.004509356014154036
756,878,122,0.122,0.0050678979010263
788,894,106,0.106,0.004877677655080333
804,902,98,0.098,0.005303137635753956
760,880,120,0.12,0.005787633915955667
778,889,111,0.111,0.004808774765959242
756,878,122,0.122,0.004922382863966049
870,935,65,0.065,0.004146238445740891
810,905,95,0.095,0.003830724576080684
750,875,125,0.125,0.0051410504115046935
752,876,124,0.124,0.005578356364087086
790,895,105,0.105,0.004475809466952341
796,898,102,0.102,0.004543962407384242
756,878,122,0.122,0.005787090344907483
734,867,133,0.133,0.005341891704578302
768,884,116,0.116,0.005049928973661736
738,869,131,0.131,0.006382319029071369
766,883,117,0.117,0.006031592072482454
674,837,163,0.163,0.007030453779589152
730,865,135,0.135,0.006671473803260597
804,902,98,0.098,0.004644641148726805
744,872,128,0.128,0.006654665923386346
806,903,97,0.097,0.0055364920518477445
780,890,110,0.11,0.005546619171291241
814,907,93,0.093,0.004320059096586192
738,869,131,0.131,0.004906675387581345
740,870,130,0.13,0.005630352528736694
796,898,102,0.102,0.0042636667949773254
804,902,98,0.098,0.005019729248801013
748,874,126,0.126,0.00463543863419909
756,878,122,0.122,0.00529666616229224
760,880,120,0.12,0.005487402490260138
738,869,131,0.131,0.0053456563756917605
740,870,130,0.13,0.005084416549187154
798,899,101,0.101,0.005589927688750322
770,885,115,0.115,0.005799635861185379
748,874,126,0.126,0.005924240535212448
774,887,113,0.113,0.005872011073806789
806,903,97,0.097,0.004827329809821095
736,868,132,0.132,0.00555125852679339
762,881,119,0.119,0.004823608500351838
818,909,91,0.091,0.004133221584706917
730,865,135,0.135,0.005072168901271652
770,885,115,0.115,0.004713275355636142
780,890,110,0.11,0.004652979935330223
764,882,118,0.118,0.004959854920001817
738,869,131,0.131,0.005629451925255126
798,899,101,0.101,0.00439537474286044
800,900,100,0.1,0.0046965221085702065
788,894,106,0.106,0.004700398978624435
714,857,143,0.143,0.005698078650675597
784,892,108,0.108,0.005305361361446557
756,878,122,0.122,0.0051911397721123645
810,905,95,0.095,0.0038886791356053437
698,849,151,0.151,0.005465472674084594
806,903,97,0.097,0.004437645067795529
654,827,173,0.173,0.006670008287590463
802,901,99,0.099,0.005006988369961618
762,881,119,0.119,0.0063196528033877255
742,871,129,0.129,0.005754247055840096
762,881,119,0.119,0.0055566027032327835
766,883,117,0.117,0.005085846652800683
726,863,137,0.137,0.006326290079741738
688,844,156,0.156,0.006127569193427916
764,882,118,0.118,0.005457762405378162
818,909,91,0.091,0.004708057173331327
786,893,107,0.107,0.005585057352669537
756,878,122,0.122,0.006113030538021121
732,866,134,0.134,0.006141185836022487
744,872,128,0.128,0.005813220186188119
750,875,125,0.125,0.0048808348191232654
762,881,119,0.119,0.004843253169907257
782,891,109,0.109,0.004969043683551717
766,883,117,0.117,0.0039161876402795314
740,870,130,0.13,0.004953239694455987
796,898,102,0.102,0.004361649952275911
736,868,132,0.132,0.004870398616309103
742,871,129,0.129,0.005053693561261753
732,866,134,0.134,0.004745150284390548
754,877,123,0.123,0.005440934496902628
818,909,91,0.091,0.003955019437067676
806,903,97,0.097,0.004526286862921552
770,885,115,0.115,0.004603927362768445
762,881,119,0.119,0.004405232226097723
742,871,129,0.129,0.0046378510944196025
890,945,55,0.055,0.003357902589996229
816,908,92,0.092,0.0030229332482340394
788,894,106,0.106,0.0036692333321843764
754,877,123,0.123,0.0035484732680779417
750,875,125,0.125,0.003259181514960801
764,882,118,0.118,0.004214539707289077
752,876,124,0.124,0.004433645723023801
770,885,115,0.115,0.0046599372455093544
750,875,125,0.125,0.0052070250182296145
826,913,87,0.087,0.004392272335440793
768,884,116,0.116,0.004784210195328342
754,877,123,0.123,0.005375462764364783
752,876,124,0.124,0.004978617439788649
830,915,85,0.085,0.004225840740809872
794,897,103,0.103,0.004025423782877624
756,878,122,0.122,0.004432901716383639
724,862,138,0.138,0.004635037331667263
726,863,137,0.137,0.004059587707422907
792,896,104,0.104,0.003516642290414893
794,897,103,0.103,0.003431108710825356
836,918,82,0.082,0.003150113616371527
796,898,102,0.102,0.0036827452013021684
760,880,120,0.12,0.003981493664556183
772,886,114,0.114,0.0037103491455491165
756,878,122,0.122,0.004013517550658435
706,853,147,0.147,0.00512867564134649
844,922,78,0.078,0.004093945913627977
758,879,121,0.121,0.004315902502567042
762,881,119,0.119,0.004913595221369178
786,893,107,0.107,0.004418516889214515
776,888,112,0.112,0.004538081319537013
768,884,116,0.116,0.0044365837799705335
776,888,112,0.112,0.004034270421558176
756,878,122,0.122,0.004701623936431133
748,874,126,0.126,0.004033127546412288
800,900,100,0.1,0.003455466383791645
792,896,104,0.104,0.0035221665551362093
730,865,135,0.135,0.004203948063863209
800,900,100,0.1,0.0038124560046271655
832,916,84,0.084,0.0032969670286474868
802,901,99,0.099,0.003379812312883587
830,915,85,0.085,0.003251845835970016
778,889,111,0.111,0.0036417788044709595
798,899,101,0.101,0.003391224924955168
804,902,98,0.098,0.002740194224737934
776,888,112,0.112,0.0036434449096414026
748,874,126,0.126,0.0036117163337912642
696,848,152,0.152,0.004483316836005543
786,893,107,0.107,0.003458621806857991
772,886,114,0.114,0.004962307893845718
754,877,123,0.123,0.004937523400454665
754,877,123,0.123,0.005412042209674837
646,823,177,0.177,0.007504743797326228
766,883,117,0.117,0.005893336935667321
784,892,108,0.108,0.005863861757679842
766,883,117,0.117,0.005830311981902923
804,902,98,0.098,0.004857874951470876
778,889,111,0.111,0.004565558974572923
788,894,106,0.106,0.003843383308587363
772,886,114,0.114,0.0045334568911785025
786,893,107,0.107,0.0034868343700800324
806,903,97,0.097,0.0031708388339757223
790,895,105,0.105,0.0035547677627328087
698,849,151,0.151,0.004033679096406558
708,854,146,0.146,0.004225162743998226
716,858,142,0.142,0.005425006413002848
766,883,117,0.117,0.004587113242087071
704,852,148,0.148,0.005997914475534344
796,898,102,0.102,0.006425229878543178
732,866,134,0.134,0.006985928757174406
780,890,110,0.11,0.006492942164069973
736,868,132,0.132,0.006623445068660658
764,882,118,0.118,0.005732400971959578
732,866,134,0.134,0.006312815218727337
774,887,113,0.113,0.005723297162825475
732,866,134,0.134,0.005397813506628154
786,893,107,0.107,0.004356759536036406
818,909,91,0.091,0.0036420934027119076
750,875,125,0.125,0.004453485267069482
746,873,127,0.127,0.005027905617054785
788,894,106,0.106,0.0036396848114673046
734,867,133,0.133,0.004489232146792347
776,888,112,0.112,0.0035068273946235423
758,879,121,0.121,0.004304515059149708
804,902,98,0.098,0.0040458344550570475
732,866,134,0.134,0.005174766767137044
714,857,143,0.143,0.0052227012895891675
824,912,88,0.088,0.004861396105159656
774,887,113,0.113,0.004778895396346343
770,885,115,0.115,0.005172249055671273
724,862,138,0.138,0.006012647780065891
796,898,102,0.102,0.0039056058161804686
788,894,106,0.106,0.004367825456029095
756,878,122,0.122,0.00504849643943453
774,887,113,0.113,0.004206390737730544
784,892,108,0.108,0.004583351496577961
738,869,131,0.131,0.00460187071479595
804,902,98,0.098,0.003976909038668964
782,891,109,0.109,0.004173353391699493
742,871,129,0.129,0.004815224919220782
752,876,124,0.124,0.003831404340220615
758,879,121,0.121,0.004593051504365576
784,892,108,0.108,0.004192152521543903
758,879,121,0.121,0.00570620926716947
730,865,135,0.135,0.006404506237231544
792,896,104,0.104,0.006081167227588594
792,896,104,0.104,0.006267047951114364
782,891,109,0.109,0.00550440469138266
750,875,125,0.125,0.005976376262580743
766,883,117,0.117,0.00522444349565194
714,857,143,0.143,0.006746050425252179
744,872,128,0.128,0.005040802709874697
780,890,110,0.11,0.0037628101634036284
728,864,136,0.136,0.004505953959029284
802,901,99,0.099,0.004571664836199489
700,850,150,0.15,0.004630137368105352
818,909,91,0.091,0.003547141870280029
722,861,139,0.139,0.004771632623975165
820,910,90,0.09,0.0033992293963747214
774,887,113,0.113,0.004486719725973671
758,879,121,0.121,0.004970534060295904
790,895,105,0.105,0.004448307281243615
778,889,111,0.111,0.004992361516196979
794,897,103,0.103,0.0038740830725873822
788,894,106,0.106,0.004060336925722368
774,887,113,0.113,0.0037329406510252738
696,848,152,0.152,0.0050420214259065685
766,883,117,0.117,0.004124342147944844
776,888,112,0.112,0.004091352871684648
840,920,80,0.08,0.0037501224963052662
768,884,116,0.116,0.004656125605339185
760,880,120,0.12,0.004800228790627443
786,893,107,0.107,0.004906709957431303
766,883,117,0.117,0.004613242112114676
804,902,98,0.098,0.003656275600355002
716,858,142,0.142,0.0047671460934361675
752,876,124,0.124,0.004022688552708132
736,868,132,0.132,0.004414212951611262
790,895,105,0.105,0.003978699048733688
734,867,133,0.133,0.005454297190386569
782,891,109,0.109,0.0048401174198133955
822,911,89,0.089,0.004286385336061358
774,887,113,0.113,0.004741049306001514
806,903,97,0.097,0.0036231193534331397
836,918,82,0.082,0.003575508601432375
754,877,123,0.123,0.003603913275175728
730,865,135,0.135,0.003979423727563699
846,923,77,0.077,0.003347200214935583
720,860,140,0.14,0.004846500075451331
746,873,127,0.127,0.005625544123031432
780,890,110,0.11,0.004433773162279976
696,848,152,0.152,0.0055304911325438294
834,917,83,0.083,0.0037796074459256488
770,885,115,0.115,0.0048062178830005
762,881,119,0.119,0.004600991144310683
786,893,107,0.107,0.005134096014298848
810,905,95,0.095,0.003497120250307489
752,876,124,0.124,0.004565192116911931
756,878,122,0.122,0.004259291969647166
704,852,148,0.148,0.004665424599559628
754,877,123,0.123,0.0051470008312171555
788,894,106,0.106,0.004441714696935378
766,883,117,0.117,0.005037552166526438
820,910,90,0.09,0.004089647664659424
736,868,132,0.132,0.00529433903573954
814,907,93,0.093,0.004085266406065784
756,878,122,0.122,0.004781818668445339
758,879,121,0.121,0.004585761383787031
732,866,134,0.134,0.004999099854758242
752,876,124,0.124,0.0051857873054250376
740,870,130,0.13,0.005314646093640477
752,876,124,0.124,0.004957513162022224
750,875,125,0.125,0.0062098688113910614
794,897,103,0.103,0.004752429967920762
786,893,107,0.107,0.004706013648145017
810,905,95,0.095,0.00468747245051054
744,872,128,0.128,0.0048459141306520905
758,879,121,0.121,0.005337811253441032
822,911,89,0.089,0.003733150019601453
796,898,102,0.102,0.004352052144473419
822,911,89,0.089,0.0039254076934739715
752,876,124,0.124,0.004627752718020929
734,867,133,0.133,0.004033855533140013
804,902,98,0.098,0.0038531967794842785
794,897,103,0.103,0.003589944548308267
752,876,124,0.124,0.004280928766987927
762,881,119,0.119,0.00428679280653887
842,921,79,0.079,0.003391386081260862
764,882,118,0.118,0.0039028845758730312
796,898,102,0.102,0.003937879591598176
712,856,144,0.144,0.004994097584363771
762,881,119,0.119,0.004413774569620728
750,875,125,0.125,0.005609353435866069
736,868,132,0.132,0.005574310259122285
718,859,141,0.141,0.006769406348699704
758,879,121,0.121,0.0050527603054142676
776,888,112,0.112,0.005579688480880577
788,894,106,0.106,0.005192063327725919
756,878,122,0.122,0.005231274531193776
822,911,89,0.089,0.004230947106218082
832,916,84,0.084,0.0035701848915050505
782,891,109,0.109,0.0034610723944206254
724,862,138,0.138,0.0038878696960891828
742,871,129,0.129,0.004140787652941072
754,877,123,0.123,0.004547040332108736
734,867,133,0.133,0.005003108996650553
810,905,95,0.095,0.004019084334766376
726,863,137,0.137,0.005498148513681371
782,891,109,0.109,0.00483435096287576
746,873,127,0.127,0.005941576054232428
736,868,132,0.132,0.005394459827948594
766,883,117,0.117,0.006156152061070315
784,892,108,0.108,0.004835936036426574
762,881,119,0.119,0.005189580422273138
750,875,125,0.125,0.006037613797874656
738,869,131,0.131,0.005050222407648107
792,896,104,0.104,0.004375878815604665
736,868,132,0.132,0.004362496031673799
802,901,99,0.099,0.0040050205364095745
810,905,95,0.095,0.0038094756934224277
780,890,110,0.11,0.003750885874571395
810,905,95,0.095,0.003192425034365442
758,879,121,0.121,0.003838593145876075
730,865,135,0.135,0.003911170569321257
728,864,136,0.136,0.00448328148724977
742,871,129,0.129,0.004821458616039308
778,889,111,0.111,0.005042382555919176
742,871,129,0.129,0.005629748888568428
770,885,115,0.115,0.004554195563920075
810,905,95,0.095,0.004560921010270249
762,881,119,0.119,0.005035868194536306
716,858,142,0.142,0.005297556810895912
746,873,127,0.127,0.004594728955911705
740,870,130,0.13,0.0050591698082280345
756,878,122,0.122,0.0040181012082030065
778,889,111,0.111,0.0037334000218106666
742,871,129,0.129,0.004689352656227129
778,889,111,0.111,0.0039048679526167687
736,868,132,0.132,0.00400123546996474
748,874,126,0.126,0.004237854978324322
740,870,130,0.13,0.005100736074644374
788,894,106,0.106,0.004782692744774977
730,865,135,0.135,0.006203364441578742
748,874,126,0.126,0.005988962488132529
800,900,100,0.1,0.005099257005567779
790,895,105,0.105,0.005085814185236814
754,877,123,0.123,0.005048190610290476
748,874,126,0.126,0.005506570037367055
792,896,104,0.104,0.004921856527013006
746,873,127,0.127,0.004998840616288362
732,866,134,0.134,0.005187789873729343
772,886,114,0.114,0.004138376848124608
758,879,121,0.121,0.004786515280909952
736,868,132,0.132,0.004949422914651222
766,883,117,0.117,0.005434364495362388
738,869,131,0.131,0.004975561551837018
776,888,112,0.112,0.005187922248907853
718,859,141,0.141,0.00583448315676651
788,894,106,0.106,0.005132439158740453
836,918,82,0.082,0.0037333123227290344
798,899,101,0.101,0.004116448585264152
794,897,103,0.103,0.00419908458388818
758,879,121,0.121,0.0040237261124057115
746,873,127,0.127,0.004985939618884004
736,868,132,0.132,0.0049374852598703
794,897,103,0.103,0.004433939068636391
776,888,112,0.112,0.004381541914757691
776,888,112,0.112,0.004649085521203233
822,911,89,0.089,0.0035794984353124163
756,878,122,0.122,0.004321861919248477
792,896,104,0.104,0.003823384009032452
790,895,105,0.105,0.003501402083347784
756,878,122,0.122,0.00390273582014197
772,886,114,0.114,0.0035012616350868484
790,895,105,0.105,0.0038412750444513223
780,890,110,0.11,0.0035076702407677656
802,901,99,0.099,0.0034207735944073647
792,896,104,0.104,0.0033280166734184604
760,880,120,0.12,0.003699468678183621
790,895,105,0.105,0.003261505843620398
724,862,138,0.138,0.004083631384040927
782,891,109,0.109,0.003504890686359431
806,903,97,0.097,0.00395626294257454
776,888,112,0.112,0.003913793302417617
776,888,112,0.112,0.003789201538384077
750,875,125,0.125,0.004461973492259858
718,859,141,0.141,0.004644705312457518
774,887,113,0.113,0.004144013215147424
800,900,100,0.1,0.004253391281657968
740,870,130,0.13,0.004856342413535458
802,901,99,0.099,0.00484140617508092
756,878,122,0.122,0.004403907495594467
782,891,109,0.109,0.00409408564309706
758,879,121,0.121,0.0035994237477571006
748,874,126,0.126,0.003966249158824212
738,869,131,0.131,0.0038831865722022485
720,860,140,0.14,0.003603747386543546
752,876,124,0.124,0.004135221934506262
786,893,107,0.107,0.004831939233394224
824,912,88,0.088,0.00394876335877052
778,889,111,0.111,0.003719004019352724
740,870,130,0.13,0.004024621208314784
816,908,92,0.092,0.002927957420863095
792,896,104,0.104,0.00269579396978952
744,872,128,0.128,0.003024894995505747
754,877,123,0.123,0.003202286176114285
766,883,117,0.117,0.00298195996452705
746,873,127,0.127,0.0032169804680816016
778,889,111,0.111,0.0030433746712224094
722,861,139,0.139,0.003743919456115691
728,864,136,0.136,0.004265086278348463
738,869,131,0.131,0.00461957371851895
728,864,136,0.136,0.004667190398380626
722,861,139,0.139,0.00508260546389647
734,867,133,0.133,0.005502323290362256
724,862,138,0.138,0.005126833258254919
788,894,106,0.106,0.00470196531584952
800,900,100,0.1,0.003989862761838594
740,870,130,0.13,0.0034849471366542274
754,877,123,0.123,0.0037239781050229796
738,869,131,0.131,0.0037681544093356935
738,869,131,0.131,0.0043587317462806825
764,882,118,0.118,0.003669417986093322
738,869,131,0.131,0.0041555830782599515
786,893,107,0.107,0.0037878502128296534
708,854,146,0.146,0.004026695367676439
744,872,128,0.128,0.0041780911993118935
756,878,122,0.122,0.004554189226852031
764,882,118,0.118,0.003969103172399627
784,892,108,0.108,0.004246731594408629
748,874,126,0.126,0.0034905728948360776
792,896,104,0.104,0.0035138212652673245
738,869,131,0.131,0.004387030033947667
700,850,150,0.15,0.004255488870679983
744,872,128,0.128,0.0033350633193622342
810,905,95,0.095,0.0030210751069826075
714,857,143,0.143,0.004307581228567869
712,856,144,0.144,0.004020450910422369
802,901,99,0.099,0.004127184773846239
784,892,108,0.108,0.004140562155094812
824,912,88,0.088,0.003703468957464793
752,876,124,0.124,0.00475525953414035
768,884,116,0.116,0.0038399575771327363
796,898,102,0.102,0.0031649402958209977
758,879,121,0.121,0.003571680148415908
784,892,108,0.108,0.002810852393076857
826,913,87,0.087,0.0025561065330621203
770,885,115,0.115,0.0030809896034879785
716,858,142,0.142,0.003799188116856385
768,884,116,0.116,0.0027995220358279765
812,906,94,0.094,0.0030036908213951392
782,891,109,0.109,0.003205803451448446
758,879,121,0.121,0.0036968180037220007
812,906,94,0.094,0.0032244465200637934
802,901,99,0.099,0.003136357632756699
662,831,169,0.169,0.0047955593635560945
750,875,125,0.125,0.0038940686700370862
742,871,129,0.129,0.0037753679378074593
754,877,123,0.123,0.005221504295855993
800,900,100,0.1,0.004162040690833237
778,889,111,0.111,0.004827094864027459
796,898,102,0.102,0.00390529307333054
742,871,129,0.129,0.0043175626321462915
778,889,111,0.111,0.004201324160152581
764,882,118,0.118,0.004018415443235426
746,873,127,0.127,0.004367491720739054
784,892,108,0.108,0.0035533033424289895
772,886,114,0.114,0.003432877192084561
790,895,105,0.105,0.00347660886470112
744,872,128,0.128,0.0036869140856870216
750,875,125,0.125,0.0037600577163757407
808,904,96,0.096,0.003274796078381769
732,866,134,0.134,0.004650357754479046
706,853,147,0.147,0.004335530760799884
804,902,98,0.098,0.004588339214315056
824,912,88,0.088,0.004016632373677566
736,868,132,0.132,0.005075584011676256
760,880,120,0.12,0.005052160617924528
806,903,97,0.097,0.0036562408439494904
826,913,87,0.087,0.002734994668426225
802,901,99,0.099,0.003385854885804292
754,877,123,0.123,0.003516066204421804
796,898,102,0.102,0.002553137806796258
748,874,126,0.126,0.002709206460553105
782,891,109,0.109,0.002426921322875387
770,885,115,0.115,0.002665660426981049
772,886,114,0.114,0.00316445391821253
848,924,76,0.076,0.002917732191403047
800,900,100,0.1,0.0031818294440599856
710,855,145,0.145,0.004479266836409806
756,878,122,0.122,0.004937712408034713
696,848,152,0.152,0.005108977429583319
732,866,134,0.134,0.005274863322003512
766,883,117,0.117,0.004415386475491687
754,877,123,0.123,0.004007029632281047
732,866,134,0.134,0.004489236410372541
764,882,118,0.118,0.003775967096035856
754,877,123,0.123,0.0044599730902118604
726,863,137,0.137,0.004090391334611923
774,887,113,0.113,0.0038975351514091016
820,910,90,0.09,0.003159206357075163
710,855,145,0.145,0.0042047945275553505
830,915,85,0.085,0.0031329400504473597
800,900,100,0.1,0.0032923116520396432
758,879,121,0.121,0.0035794554553576744
802,901,99,0.099,0.0029370701839725372
812,906,94,0.094,0.002816570571078046
800,900,100,0.1,0.0030109448536841227
734,867,133,0.133,0.003075756617339721
784,892,108,0.108,0.0027407092038192788
746,873,127,0.127,0.0037684240172675344
794,897,103,0.103,0.003513830953394063
804,902,98,0.098,0.002815442929899291
746,873,127,0.127,0.004428597740406985
742,871,129,0.129,0.0038622261671262094
758,879,121,0.121,0.003944267344249966
748,874,126,0.126,0.00449184157626587
822,911,89,0.089,0.0038196549512067575
704,852,148,0.148,0.00491592503368156
714,857,143,0.143,0.004757490122457966
764,882,118,0.118,0.004239289060293231
750,875,125,0.125,0.004386166849028086
796,898,102,0.102,0.004409747001278447
716,858,142,0.142,0.005118661138738389
752,876,124,0.124,0.004309445227845572
774,887,113,0.113,0.004635390776849818
764,882,118,0.118,0.004260604560680804
802,901,99,0.099,0.00340337099692988
766,883,117,0.117,0.003042318225350755
776,888,112,0.112,0.002962833934368973
762,881,119,0.119,0.0031342855719703948
762,881,119,0.119,0.0035912733245204434
764,882,118,0.118,0.0038348934687091967
678,839,161,0.161,0.004366581679176306
814,907,93,0.093,0.0037032996406342134
760,880,120,0.12,0.0041623400593671245
816,908,92,0.092,0.0037836269089748385
794,897,103,0.103,0.0037559512095176615
794,897,103,0.103,0.0034114197971939573
792,896,104,0.104,0.003314273017007508
770,885,115,0.115,0.0032151698313282397
810,905,95,0.095,0.0026110220592090627
774,887,113,0.113,0.003237541009744746
774,887,113,0.113,0.0031320028526370153
760,880,120,0.12,0.003071587369980989
808,904,96,0.096,0.0028298203551239565
758,879,121,0.121,0.0035925723270775053
796,898,102,0.102,0.0033012242886034074
718,859,141,0.141,0.003393238312448375
774,887,113,0.113,0.002787430926509842
806,903,97,0.097,0.0029228296548244543
768,884,116,0.116,0.003378962155111367
708,854,146,0.146,0.004074562647030689
744,872,128,0.128,0.003930902515756315
750,875,125,0.125,0.0034161215953427016
798,899,101,0.101,0.003460271327974624
796,898,102,0.102,0.0034682971031143096
750,875,125,0.125,0.0039784960268443685
688,844,156,0.156,0.0038862583834998075
808,904,96,0.096,0.0028642514562525322
754,877,123,0.123,0.004680997913194006
734,867,133,0.133,0.00439015885425033
754,877,123,0.123,0.00395024402206036
814,907,93,0.093,0.0037572025445697364
808,904,96,0.096,0.003399614806883619
762,881,119,0.119,0.00404058659268776
820,910,90,0.09,0.0033902614469552643
722,861,139,0.139,0.003975668010636582
728,864,136,0.136,0.0031282994140783556
762,881,119,0.119,0.0031622239132993854
820,910,90,0.09,0.0027236669762132804
738,869,131,0.131,0.0033370401425490853
726,863,137,0.137,0.0031546339356132193
784,892,108,0.108,0.003253090973428243
766,883,117,0.117,0.0031866306067313416
840,920,80,0.08,0.003192339648870984
770,885,115,0.115,0.003453594629012514
756,878,122,0.122,0.003968690693684039
760,880,120,0.12,0.0032188639090381913
714,857,143,0.143,0.003936416653377819
764,882,118,0.118,0.003794761800163542
658,829,171,0.171,0.004825649463600712
770,885,115,0.115,0.004167997299213312
820,910,90,0.09,0.0033598102358082544
798,899,101,0.101,0.0036573325534409377
794,897,103,0.103,0.003773863646230893
736,868,132,0.132,0.004576514464046341
802,901,99,0.099,0.003867016532662092
738,869,131,0.131,0.003229551283955516
746,873,127,0.127,0.003118950331627275
740,870,130,0.13,0.0035717244805418885
778,889,111,0.111,0.0027678631761637006
756,878,122,0.122,0.0035823568313207944
812,906,94,0.094,0.003944655891333241
812,906,94,0.094,0.003457122440668172
768,884,116,0.116,0.0039551968456798935
754,877,123,0.123,0.003431839522148948
696,848,152,0.152,0.004274283474020194
758,879,121,0.121,0.0036976321096735773
698,849,151,0.151,0.00470609398506349
798,899,101,0.101,0.003910257070907391
828,914,86,0.086,0.0038227722111478213
728,864,136,0.136,0.004488528820540523
688,844,156,0.156,0.005974549972917884
754,877,123,0.123,0.0035840260008117185
730,865,135,0.135,0.004098549102403922
770,885,115,0.115,0.003930063279585738
672,836,164,0.164,0.0049724928840296344
722,861,139,0.139,0.004193928079621401
832,916,84,0.084,0.0032406765226769495
768,884,116,0.116,0.004075172412354732
772,886,114,0.114,0.0037044207385770276
760,880,120,0.12,0.003822025420347927
796,898,102,0.102,0.003707299168119789
802,901,99,0.099,0.003210620117773942
812,906,94,0.094,0.0028049754853200284
820,910,90,0.09,0.002090412992205529
748,874,126,0.126,0.0030159341544786
692,846,154,0.154,0.003481677276620758
792,896,104,0.104,0.002994091826107251
810,905,95,0.095,0.0033072895289697046
748,874,126,0.126,0.00433793122091447
744,872,128,0.128,0.004386868507877807
766,883,117,0.117,0.004526745483948616
776,888,112,0.112,0.0035318972149107138
802,901,99,0.099,0.0035587649212102408
764,882,118,0.118,0.0043407338525576055
782,891,109,0.109,0.003249289414481609
768,884,116,0.116,0.0032425952478079127
752,876,124,0.124,0.0032154587716358945
766,883,117,0.117,0.003069094378850423
722,861,139,0.139,0.003960901819285937
744,872,128,0.128,0.003571770295551687
786,893,107,0.107,0.0034728255514928606
736,868,132,0.132,0.0037063231325882955
750,875,125,0.125,0.0046645730705204185
694,847,153,0.153,0.005550606331606104
702,851,149,0.149,0.005815224901365582
754,877,123,0.123,0.00547600828204304
766,883,117,0.117,0.004905359502648934
778,889,111,0.111,0.004554839661519509
766,883,117,0.117,0.005119091911969008
732,866,134,0.134,0.005058025654900121
802,901,99,0.099,0.003751041447147145
766,883,117,0.117,0.003495486764411908
760,880,120,0.12,0.003300693410475674
820,910,90,0.09,0.0026107982551984606
750,875,125,0.125,0.0028750651637201373
740,870,130,0.13,0.0029693165180433427
684,842,158,0.158,0.003475047982763499
786,893,107,0.107,0.0026663349692207703
726,863,137,0.137,0.003878019857525942
760,880,120,0.12,0.004455585310752213
818,909,91,0.091,0.003139429381073569
834,917,83,0.083,0.0033219808698340784
822,911,89,0.089,0.0038482019786642923
814,907,93,0.093,0.002742681538074976
758,879,121,0.121,0.003585006098964186
742,871,129,0.129,0.0039781612549268175
826,913,87,0.087,0.002521450863481732
770,885,115,0.115,0.0027126317139045566
772,886,114,0.114,0.0025648396641772707
768,884,116,0.116,0.002914476336489315
844,922,78,0.078,0.0023839302102569493
762,881,119,0.119,0.003798939839674858
754,877,123,0.123,0.003016978434909106
768,884,116,0.116,0.0036865460238986996
728,864,136,0.136,0.003923914884784608
782,891,109,0.109,0.004158659555061604
752,876,124,0.124,0.004286684047154267
742,871,129,0.129,0.004576593099947786
752,876,124,0.124,0.005164279891672777
786,893,107,0.107,0.004373169691447402
746,873,127,0.127,0.004099937245933688
810,905,95,0.095,0.004133439221797743
796,898,102,0.102,0.0034954891657907865
840,920,80,0.08,0.0027386328120883262
744,872,128,0.128,0.00340448181485408
720,860,140,0.14,0.0035178649216832127
766,883,117,0.117,0.0031512520840005893
830,915,85,0.085,0.0022683003721649586
732,866,134,0.134,0.0031793493295190272
778,889,111,0.111,0.0026883775494643486
750,875,125,0.125,0.003727787625757628
820,910,90,0.09,0.0032144697473922863
786,893,107,0.107,0.004118965332774678
730,865,135,0.135,0.004599938410523464
752,876,124,0.124,0.0044303432527085535
728,864,136,0.136,0.004329902855184628
810,905,95,0.095,0.003631575628009159
760,880,120,0.12,0.004232289751103963
694,847,153,0.153,0.004580803765056771
668,834,166,0.166,0.004851656400162028
788,894,106,0.106,0.004500951197260292
782,891,109,0.109,0.00401497762624058
834,917,83,0.083,0.0033651992602899555
778,889,111,0.111,0.004008443433791399
732,866,134,0.134,0.0032470548643468646
746,873,127,0.127,0.0037067844868579414
794,897,103,0.103,0.003014489808418148
808,904,96,0.096,0.002885669297334971
842,921,79,0.079,0.002365807819100155
754,877,123,0.123,0.00297285496933182
760,880,120,0.12,0.0029850423329990006
750,875,125,0.125,0.0025429845238722918
762,881,119,0.119,0.0027921294682200825
744,872,128,0.128,0.0032404053697100608
750,875,125,0.125,0.003275964274973376
786,893,107,0.107,0.0034178983505080396
778,889,111,0.111,0.004288789426544099
724,862,138,0.138,0.003929408958429121
728,864,136,0.136,0.004771268042415613
792,896,104,0.104,0.0038631782247102817
766,883,117,0.117,0.004502205632583354
780,890,110,0.11,0.003503186975431163
760,880,120,0.12,0.0042376135097147195
780,890,110,0.11,0.003616329344047699
782,891,109,0.109,0.0026062782647131824
774,887,113,0.113,0.0027004054861317853
730,865,135,0.135,0.0034650261941424104
768,884,116,0.116,0.002383475829294184
834,917,83,0.083,0.0031307324812732988
750,875,125,0.125,0.0038209619909830507
688,844,156,0.156,0.004841719585936517
788,894,106,0.106,0.004070131923741428
756,878,122,0.122,0.0046056757906771965
774,887,113,0.113,0.003990227708709426
758,879,121,0.121,0.003968024763831636
732,866,134,0.134,0.004153312208713032
748,874,126,0.126,0.003661488621524768
794,897,103,0.103,0.002924153331674461
778,889,111,0.111,0.003584856286586728
720,860,140,0.14,0.004047434066887945
798,899,101,0.101,0.0030273414689290803
738,869,131,0.131,0.003563534363951476
776,888,112,0.112,0.0031847311871897547
770,885,115,0.115,0.0031199263839880587
826,913,87,0.087,0.0028557573257712646
848,924,76,0.076,0.0024317422434323816
740,870,130,0.13,0.0028671071563294392
788,894,106,0.106,0.0028021117573662196
758,879,121,0.121,0.0030067547694488895
812,906,94,0.094,0.0028569538877272864
768,884,116,0.116,0.0031938617029372836
712,856,144,0.144,0.00342643667163793
744,872,128,0.128,0.003269858395033225
790,895,105,0.105,0.0031989899469190277
812,906,94,0.094,0.002611658040396833
802,901,99,0.099,0.0026123141076459435
806,903,97,0.097,0.0029742815578429143
786,893,107,0.107,0.0024224413768206433
748,874,126,0.126,0.002781137248923187
816,908,92,0.092,0.0020272236992532272
802,901,99,0.099,0.0025026617191833793
768,884,116,0.116,0.0026264752320130356
784,892,108,0.108,0.0027304550749904593
744,872,128,0.128,0.003224815489596949
760,880,120,0.12,0.003538906696085178
758,879,121,0.121,0.003950618907721946
814,907,93,0.093,0.0029023210708110127
750,875,125,0.125,0.003120119954895927
780,890,110,0.11,0.003634934967281879
768,884,116,0.116,0.0030494907397878705
754,877,123,0.123,0.003303217209133436
796,898,102,0.102,0.002519770838422119
790,895,105,0.105,0.002816981357660552
736,868,132,0.132,0.003111555364273954
744,872,128,0.128,0.0030998566879861756
862,931,69,0.069,0.002139348827491631
730,865,135,0.135,0.0033187074671004665
774,887,113,0.113,0.002641538757146918
738,869,131,0.131,0.0033012928572134113
824,912,88,0.088,0.0024172693443470054
760,880,120,0.12,0.0029076347922018615
724,862,138,0.138,0.0035196815766248618
770,885,115,0.115,0.0032635117202007677
832,916,84,0.084,0.002711647825781256
756,878,122,0.122,0.00306997846054378
772,886,114,0.114,0.003313548873513355
706,853,147,0.147,0.0038356481271621307
784,892,108,0.108,0.003047138753172476
772,886,114,0.114,0.0034813130566035398
816,908,92,0.092,0.0032847564619150945
766,883,117,0.117,0.0035462296133482595
748,874,126,0.126,0.003733634878124576
810,905,95,0.095,0.0026960527585943054
744,872,128,0.128,0.003551240798071376
706,853,147,0.147,0.0032736451847304123
826,913,87,0.087,0.0025824925046654245
790,895,105,0.105,0.002390197873362922
738,869,131,0.131,0.002595918386949052
772,886,114,0.114,0.0026386312992399325
728,864,136,0.136,0.0031601767332467717
768,884,116,0.116,0.0029197492751045504
776,888,112,0.112,0.0035457902792622917
720,860,140,0.14,0.0040016122488450495
720,860,140,0.14,0.0042791683591203765
786,893,107,0.107,0.0038108836851024537
740,870,130,0.13,0.00397469481137523
814,907,93,0.093,0.003070427412210847
778,889,111,0.111,0.003458655526206712
798,899,101,0.101,0.002679736707563279
750,875,125,0.125,0.0028606575633602915
766,883,117,0.117,0.0027479554962483235
758,879,121,0.121,0.003209283071599202
738,869,131,0.131,0.003424169149275258
822,911,89,0.089,0.002297096502916247
706,853,147,0.147,0.003381113259740232
794,897,103,0.103,0.0025783324282092506
760,880,120,0.12,0.0027296687447378645
784,892,108,0.108,0.002590506552362058
766,883,117,0.117,0.002747777558171947
730,865,135,0.135,0.0031167754418311234
722,861,139,0.139,0.0038884308446286014
772,886,114,0.114,0.002909964947059052
736,868,132,0.132,0.003767218576715095
802,901,99,0.099,0.0028521962030645226
764,882,118,0.118,0.003312750881232205
774,887,113,0.113,0.0034231045148771953
728,864,136,0.136,0.0031273867313648227
776,888,112,0.112,0.002770811151565795
720,860,140,0.14,0.0033284939412842503
784,892,108,0.108,0.00265840207158908
772,886,114,0.114,0.0034307562741669245
686,843,157,0.157,0.0041725057157964325
704,852,148,0.148,0.004562352802371606
822,911,89,0.089,0.003248640103964135
758,879,121,0.121,0.0037673058429936648
782,891,109,0.109,0.00349472402183892
764,882,118,0.118,0.0036969566183834104
718,859,141,0.141,0.003877468297025189
784,892,108,0.108,0.002595483980010613
802,901,99,0.099,0.002280243841018091
710,855,145,0.145,0.0027235268139434083
718,859,141,0.141,0.003130789251787064
744,872,128,0.128,0.0028920810850468115
788,894,106,0.106,0.002468016387564603
774,887,113,0.113,0.0033819527228442893
752,876,124,0.124,0.0036099242129930646
750,875,125,0.125,0.003829329241780215
750,875,125,0.125,0.0030428063703438965
816,908,92,0.092,0.0023058491650808717
790,895,105,0.105,0.0023218203868964338
740,870,130,0.13,0.00246505480932683
806,903,97,0.097,0.0019480953186903206
782,891,109,0.109,0.0024215106096526144
740,870,130,0.13,0.00230569368830038
744,872,128,0.128,0.0024648764785197273
798,899,101,0.101,0.0026905801100801908
792,896,104,0.104,0.002383117614826915
786,893,107,0.107,0.0026145736975886394
834,917,83,0.083,0.0021943150631996105
810,905,95,0.095,0.002267946752435819
778,889,111,0.111,0.002673705252840591
698,849,151,0.151,0.003245922788599273
794,897,103,0.103,0.0023678618713456672
742,871,129,0.129,0.002366464686172549
784,892,108,0.108,0.002130869141594303
760,880,120,0.12,0.001950850826837268
782,891,109,0.109,0.0021789083036674126
718,859,141,0.141,0.003030466787357
708,854,146,0.146,0.0027157727767917095
732,866,134,0.134,0.002936177338036941
802,901,99,0.099,0.0027989745252925786
742,871,129,0.129,0.003508043336827541
764,882,118,0.118,0.003233263781556161
772,886,114,0.114,0.003112376121971465
730,865,135,0.135,0.0031407684322839486
714,857,143,0.143,0.0034789134852035203
796,898,102,0.102,0.002420873555878643
784,892,108,0.108,0.002959309804311488
786,893,107,0.107,0.002644760142760788
734,867,133,0.133,0.0028055856578430394
786,893,107,0.107,0.0025666766082067627
818,909,91,0.091,0.002103607723413006
760,880,120,0.12,0.0020265283700537113
788,894,106,0.106,0.0020381785014033085
764,882,118,0.118,0.0019502023585155257
770,885,115,0.115,0.002072281312341147
764,882,118,0.118,0.003017593764598132
818,909,91,0.091,0.002114023910515243
726,863,137,0.137,0.0029452308742456807
722,861,139,0.139,0.0037597164810140382
744,872,128,0.128,0.0035602637990668883
798,899,101,0.101,0.0023660263798774396
792,896,104,0.104,0.003154611187732371
694,847,153,0.153,0.0038952270027948544
780,890,110,0.11,0.0029794231599080375
774,887,113,0.113,0.002794956747289689
686,843,157,0.157,0.003317828041559551
778,889,111,0.111,0.0022447853234625653
772,886,114,0.114,0.0029771962466620607
774,887,113,0.113,0.0024402065725298598
724,862,138,0.138,0.00359476324867137
716,858,142,0.142,0.003098551258255611
754,877,123,0.123,0.0030451202339681913
756,878,122,0.122,0.0032220706874650203
800,900,100,0.1,0.003207429915200919
738,869,131,0.131,0.003072322729756706
764,882,118,0.118,0.002624511175083171
768,884,116,0.116,0.002742859958714689
806,903,97,0.097,0.0020747270858300906
732,866,134,0.134,0.003102763482114824
810,905,95,0.095,0.002087071002119046
820,910,90,0.09,0.0018619520102911339
824,912,88,0.088,0.0018510884121042182
688,844,156,0.156,0.0031960387056315085
720,860,140,0.14,0.002826452851528302
748,874,126,0.126,0.0024594774590223096
716,858,142,0.142,0.0027470668210225996
738,869,131,0.131,0.0030958579724974697
830,915,85,0.085,0.0024819976601211237
786,893,107,0.107,0.003214731970918365
676,838,162,0.162,0.003763635719908052
722,861,139,0.139,0.003412402046931675
788,894,106,0.106,0.0028726935599988792
748,874,126,0.126,0.002798786892191856
746,873,127,0.127,0.0026408911687103684
734,867,133,0.133,0.0028296108915965307
798,899,101,0.101,0.0021438909837670508
694,847,153,0.153,0.003053730647734483
720,860,140,0.14,0.003154514538087824
790,895,105,0.105,0.0029764522414188832
806,903,97,0.097,0.002463378754022415
744,872,128,0.128,0.002825649179845641
812,906,94,0.094,0.00196632730642159
720,860,140,0.14,0.002799951538298046
746,873,127,0.127,0.0025530914993942134
792,896,104,0.104,0.002617512908669596
744,872,128,0.128,0.0025675748035282595
742,871,129,0.129,0.002858447941907798
766,883,117,0.117,0.0025460735538217704
736,868,132,0.132,0.0027195707061182474
740,870,130,0.13,0.0023667868368429483
776,888,112,0.112,0.0023860560687971885
748,874,126,0.126,0.00287013336335076
752,876,124,0.124,0.002532651495108439
684,842,158,0.158,0.00376188949457719
748,874,126,0.126,0.003133217506459914
778,889,111,0.111,0.002616578188019048
782,891,109,0.109,0.00265529625083218
730,865,135,0.135,0.0032249036139110105
732,866,134,0.134,0.0030678142873293837
738,869,131,0.131,0.003230002695127041
752,876,124,0.124,0.0028648001633846433
748,874,126,0.126,0.00253574219084112
726,863,137,0.137,0.0028446327034616845
762,881,119,0.119,0.0028098595292540265
778,889,111,0.111,0.0024313899160260917
772,886,114,0.114,0.0027050857749272837
766,883,117,0.117,0.0024443229292992327
796,898,102,0.102,0.0024822448073900886
818,909,91,0.091,0.0019634138938272373
804,902,98,0.098,0.00205801322921252
748,874,126,0.126,0.002007643343284144
792,896,104,0.104,0.001991112753705238
754,877,123,0.123,0.0022104927210821186
710,855,145,0.145,0.0023422324642815512
786,893,107,0.107,0.0021434680259844754
794,897,103,0.103,0.0017309124288822204
760,880,120,0.12,0.002252773650754534
816,908,92,0.092,0.0017953231231913377
786,893,107,0.107,0.0018116718172750553
772,886,114,0.114,0.002273614751691639
750,875,125,0.125,0.002213706791109871
814,907,93,0.093,0.0019394672585258377
768,884,116,0.116,0.0025955953149968992
762,881,119,0.119,0.0021926120833013554
788,894,106,0.106,0.0022237735543603776
800,900,100,0.1,0.0019963122571061832
756,878,122,0.122,0.002254761102671182
754,877,123,0.123,0.0021163870788150235
770,885,115,0.115,0.00219042671018542
768,884,116,0.116,0.00213684437160191
770,885,115,0.115,0.002436570488032885
790,895,105,0.105,0.002203685373162443
766,883,117,0.117,0.002286822916124947
784,892,108,0.108,0.0021692803953410477
766,883,117,0.117,0.0020121460611153452
822,911,89,0.089,0.0016771913460470386
802,901,99,0.099,0.0018699340263992781
800,900,100,0.1,0.001716555906485155
708,854,146,0.146,0.0016845786873673206
768,884,116,0.116,0.0017447422412005835
770,885,115,0.115,0.0018504507510006079
782,891,109,0.109,0.0024417864212446148
714,857,143,0.143,0.0028363492571152164
770,885,115,0.115,0.002458344870567089
828,914,86,0.086,0.002196728345406882
738,869,131,0.131,0.0035281868157471764
698,849,151,0.151,0.003502064351065201
772,886,114,0.114,0.0028866426998210956
740,870,130,0.13,0.003220262991315394
796,898,102,0.102,0.0027399827107146848
760,880,120,0.12,0.003008467461073451
696,848,152,0.152,0.0033357218325982103
736,868,132,0.132,0.002874725505709648
818,909,91,0.091,0.0023580619190397556
724,862,138,0.138,0.002627737424765655
714,857,143,0.143,0.00305087346144137
720,860,140,0.14,0.0031308984167699237
782,891,109,0.109,0.002591456798108993
738,869,131,0.131,0.002889754782729142
774,887,113,0.113,0.0025802076315449085
774,887,113,0.113,0.0028006541732902407
794,897,103,0.103,0.002051793116590943
824,912,88,0.088,0.00221681187053764
738,869,131,0.131,0.002628864537080517
734,867,133,0.133,0.002381245620745176
746,873,127,0.127,0.0024955412432318552
758,879,121,0.121,0.002029470683501131
786,893,107,0.107,0.002575451296681422
796,898,102,0.102,0.0025190362553694284
782,891,109,0.109,0.0024210317931792815
730,865,135,0.135,0.002751095633706427
732,866,134,0.134,0.002970686578875757
782,891,109,0.109,0.002603915102517931
784,892,108,0.108,0.0022228310406571835
758,879,121,0.121,0.0026750042581916204
774,887,113,0.113,0.0024256669995811535
736,868,132,0.132,0.002785521297060768
764,882,118,0.118,0.0020905289366164653
784,892,108,0.108,0.0018306876697315603
776,888,112,0.112,0.002271172593620577
794,897,103,0.103,0.0019840222179518603
776,888,112,0.112,0.0015682561522116884
806,903,97,0.097,0.00195634332811278
750,875,125,0.125,0.001993239250845363
790,895,105,0.105,0.001737204560191458
726,863,137,0.137,0.002252676798180801
740,870,130,0.13,0.002457827079000708
794,897,103,0.103,0.0020903846315195552
760,880,120,0.12,0.002750544674869161
776,888,112,0.112,0.0024811588894663146
778,889,111,0.111,0.0023188287158118328
754,877,123,0.123,0.002566813977624406
746,873,127,0.127,0.002372262474746094
754,877,123,0.123,0.002010312143000192
774,887,113,0.113,0.0019368616633910279
792,896,104,0.104,0.0016134810196235777
790,895,105,0.105,0.0021113400502545117
762,881,119,0.119,0.0022140073132759426
806,903,97,0.097,0.0022176373582624364
784,892,108,0.108,0.002436899557040306
764,882,118,0.118,0.0021840455272322287
774,887,113,0.113,0.002328019993045018
808,904,96,0.096,0.0017980943611546536
796,898,102,0.102,0.0019116258805370308
812,906,94,0.094,0.0017575101745642314
704,852,148,0.148,0.0018748777577566216
816,908,92,0.092,0.0013282040981248428
770,885,115,0.115,0.001767106755894929
746,873,127,0.127,0.0018640395249422
766,883,117,0.117,0.002080194525547995
770,885,115,0.115,0.002153344295504212
758,879,121,0.121,0.002143700578257267
764,882,118,0.118,0.002539765539797372
754,877,123,0.123,0.002307172068351065
800,900,100,0.1,0.0020322215333289932
784,892,108,0.108,0.0018949077616161958
766,883,117,0.117,0.001954039012667636
760,880,120,0.12,0.0018598413859144784
782,891,109,0.109,0.0015866674537610378
772,886,114,0.114,0.0016972336260214433
752,876,124,0.124,0.0018900950067436497
742,871,129,0.129,0.0015447453254528228
774,887,113,0.113,0.0016323869341958925
814,907,93,0.093,0.0016851315766689369
778,889,111,0.111,0.0018715577756320272
750,875,125,0.125,0.002230247037292429
656,828,172,0.172,0.002695112205619807
730,865,135,0.135,0.002702454100959585
810,905,95,0.095,0.002468941281666048
766,883,117,0.117,0.002771356633398682
798,899,101,0.101,0.0026171414089767495
778,889,111,0.111,0.0026266716291720514
794,897,103,0.103,0.0028134628732659622
758,879,121,0.121,0.002384554427320836
732,866,134,0.134,0.0023006486676567873
724,862,138,0.138,0.002137719903672405
708,854,146,0.146,0.0023641639567140373
792,896,104,0.104,0.0017380165591494006
770,885,115,0.115,0.0017861000976445213
762,881,119,0.119,0.0020206353794364985
752,876,124,0.124,0.002163794383741333
750,875,125,0.125,0.002067666237551748
730,865,135,0.135,0.0025211438345431815
752,876,124,0.124,0.0029831842178318765
750,875,125,0.125,0.0022726254609588066
804,902,98,0.098,0.0024231086776126177
758,879,121,0.121,0.0028434216750465565
700,850,150,0.15,0.0026956013106537286
806,903,97,0.097,0.0022806900388459327
764,882,118,0.118,0.00215726762945269
780,890,110,0.11,0.0020960394614648976
762,881,119,0.119,0.0021213575605506774
756,878,122,0.122,0.002104123131855886
688,844,156,0.156,0.002579279603778559
768,884,116,0.116,0.0020696035852306523
810,905,95,0.095,0.00168245000524621
744,872,128,0.128,0.0019880895586902626
728,864,136,0.136,0.002216623140106094
750,875,125,0.125,0.0025021814086576342
784,892,108,0.108,0.002497617964778328
796,898,102,0.102,0.0029806148023781135
760,880,120,0.12,0.0029877460042916936
742,871,129,0.129,0.0027818028911278814
744,872,128,0.128,0.002299559558094188
798,899,101,0.101,0.0021017059511432307
778,889,111,0.111,0.0021660607403246102
786,893,107,0.107,0.0020101600303460147
786,893,107,0.107,0.00187289589401189
772,886,114,0.114,0.0016202395416985383
750,875,125,0.125,0.0019650288452539824
746,873,127,0.127,0.001867811108684691
764,882,118,0.118,0.0025495366225368344
750,875,125,0.125,0.0022993523104887573
732,866,134,0.134,0.0028621308089932427
786,893,107,0.107,0.002406152404841123
794,897,103,0.103,0.0023266044138181316
714,857,143,0.143,0.0030127770388353385
738,869,131,0.131,0.0027371217815889393
752,876,124,0.124,0.0025760384719542345
750,875,125,0.125,0.0025770772619434865
770,885,115,0.115,0.0024274862888560163
756,878,122,0.122,0.002382849502246245
768,884,116,0.116,0.0022360431629640516
776,888,112,0.112,0.0017865821285013225
772,886,114,0.114,0.0016455628075273125
740,870,130,0.13,0.0020803176272320345
732,866,134,0.134,0.002132443609429174
768,884,116,0.116,0.002433194369339617
788,894,106,0.106,0.002381244119926123
740,870,130,0.13,0.0025930833808815805
820,910,90,0.09,0.0023702977713619473
734,867,133,0.133,0.002426994453315274
864,932,68,0.068,0.0018417544111034659
766,883,117,0.117,0.002134199009014992
700,850,150,0.15,0.002344826162334357
746,873,127,0.127,0.0020440365278700484
760,880,120,0.12,0.002052570007261238
782,891,109,0.109,0.0018581443203838717
756,878,122,0.122,0.0020298352025529313
792,896,104,0.104,0.001697560499638712
744,872,128,0.128,0.0022345526864010028
826,913,87,0.087,0.001876334807573585
810,905,95,0.095,0.0017726496469331323
690,845,155,0.155,0.002606099848439044
738,869,131,0.131,0.002552682852408907
744,872,128,0.128,0.002380010360335291
862,931,69,0.069,0.0019235956677111973
794,897,103,0.103,0.002163953990355367
746,873,127,0.127,0.0023387402198059137
764,882,118,0.118,0.002280747602439078
786,893,107,0.107,0.0017658598085909035
756,878,122,0.122,0.002009840235943557
826,913,87,0.087,0.0013406740204763993
806,903,97,0.097,0.0017618899947083263
726,863,137,0.137,0.0020892420754244087
780,890,110,0.11,0.002225358505631448
804,902,98,0.098,0.0021527668667722538
792,896,104,0.104,0.002044984842505073
808,904,96,0.096,0.001765644894385332
776,888,112,0.112,0.0020415964028798043
736,868,132,0.132,0.0021939436742904944
774,887,113,0.113,0.0021380374459185987
796,898,102,0.102,0.0021259435989850316
746,873,127,0.127,0.002554678158048773
796,898,102,0.102,0.0021967861505399924
782,891,109,0.109,0.001997002898955543
746,873,127,0.127,0.0024714067487147987
772,886,114,0.114,0.0020290777591299046
796,898,102,0.102,0.001824696316369227
754,877,123,0.123,0.001937447563648675
720,860,140,0.14,0.002552978525623985
766,883,117,0.117,0.002221584871833329
762,881,119,0.119,0.002304922118277318
802,901,99,0.099,0.0021309240879127172
740,870,130,0.13,0.00256687375796173
764,882,118,0.118,0.002642870823328849
710,855,145,0.145,0.003178490367550694
826,913,87,0.087,0.002306099115159668
720,860,140,0.14,0.0032532427434198326
814,907,93,0.093,0.002431985602779605
782,891,109,0.109,0.003034323200728977
746,873,127,0.127,0.00295102173824489
724,862,138,0.138,0.0030919633755256653
720,860,140,0.14,0.0030151388693629997
778,889,111,0.111,0.002423791967172292
808,904,96,0.096,0.002295153396691603
726,863,137,0.137,0.003181432436933392
816,908,92,0.092,0.001924705354249454
714,857,143,0.143,0.0029521923225183854
778,889,111,0.111,0.0021990596093746716
782,891,109,0.109,0.002432854818413034
734,867,133,0.133,0.002455811884632567
768,884,116,0.116,0.0022767360156576615
734,867,133,0.133,0.002239357967846445
772,886,114,0.114,0.0025088114058744396
806,903,97,0.097,0.002867685364224599
736,868,132,0.132,0.003934226171579212
738,869,131,0.131,0.003477676179871196
808,904,96,0.096,0.0026936337924380496
776,888,112,0.112,0.0030656354207749246
768,884,116,0.116,0.0025981057014578253
792,896,104,0.104,0.0021423171526112126
726,863,137,0.137,0.0029598434897779953
750,875,125,0.125,0.002398576907478855
756,878,122,0.122,0.002669862188820844
752,876,124,0.124,0.0026533637352258665
772,886,114,0.114,0.0019888809415642755
776,888,112,0.112,0.0025956080687319625
832,916,84,0.084,0.0021533130866737337
782,891,109,0.109,0.002109735821293725
756,878,122,0.122,0.002275133803668723
812,906,94,0.094,0.0017385668780734705
754,877,123,0.123,0.002528572551011166
758,879,121,0.121,0.002216293908693842
738,869,131,0.131,0.0026722537936948354
776,888,112,0.112,0.0024377847196956283
750,875,125,0.125,0.003305250034900382
758,879,121,0.121,0.003092152659111889
814,907,93,0.093,0.0026735708880614765
796,898,102,0.102,0.002892702589095279
764,882,118,0.118,0.0028374630471080307
752,876,124,0.124,0.0025143454884091624
774,887,113,0.113,0.002006114024487033
764,882,118,0.118,0.0021193270011790446
730,865,135,0.135,0.002245692222140519
770,885,115,0.115,0.0018646991189937125
820,910,90,0.09,0.0019488463995949133
794,897,103,0.103,0.002086645118168235
784,892,108,0.108,0.0023901769786098155
694,847,153,0.153,0.0029956772412042484
838,919,81,0.081,0.002359693225029332
760,880,120,0.12,0.002608055766148027
768,884,116,0.116,0.0026013932226778705
764,882,118,0.118,0.0025780794812890234
700,850,150,0.15,0.0027388444609896395
762,881,119,0.119,0.002705580276746332
754,877,123,0.123,0.003061300125220441
748,874,126,0.126,0.003232389245837112
730,865,135,0.135,0.0038258290389931063
736,868,132,0.132,0.0037427415773563554
732,866,134,0.134,0.00380040200080839
756,878,122,0.122,0.003510556987981545
770,885,115,0.115,0.0026619997612579026
812,906,94,0.094,0.002681417541607516
770,885,115,0.115,0.00263587648858811
740,870,130,0.13,0.002574983816281019
688,844,156,0.156,0.003214730011570282
752,876,124,0.124,0.002699472341526416
780,890,110,0.11,0.0022296815260051516
784,892,108,0.108,0.0023527441415790236
810,905,95,0.095,0.002090767490240978
802,901,99,0.099,0.0022290432802110445
806,903,97,0.097,0.002112236224071239
786,893,107,0.107,0.002279383641172899
814,907,93,0.093,0.0020728133704469654
774,887,113,0.113,0.0019885065568669234
738,869,131,0.131,0.0022217108977511087
772,886,114,0.114,0.002375070140922617
770,885,115,0.115,0.0024282448724479763
760,880,120,0.12,0.0023666266205382273
748,874,126,0.126,0.002293662583069818
734,867,133,0.133,0.002750131413107738
778,889,111,0.111,0.0026188484647136647
764,882,118,0.118,0.002921353215853742
726,863,137,0.137,0.0031977523483510597
748,874,126,0.126,0.0031178405400278278
732,866,134,0.134,0.002937040642478678
746,873,127,0.127,0.002546858652160154
766,883,117,0.117,0.002477641744990251
742,871,129,0.129,0.0026211938149644995
786,893,107,0.107,0.0024221042642475366
794,897,103,0.103,0.002436642124856007
768,884,116,0.116,0.0022975584515661468
778,889,111,0.111,0.0020399108344354316
766,883,117,0.117,0.0021782435913410155
796,898,102,0.102,0.0020194799108430744
768,884,116,0.116,0.0020352357765441413
746,873,127,0.127,0.002179380880748795
756,878,122,0.122,0.002167049729760038
766,883,117,0.117,0.0018010230364416202
674,837,163,0.163,0.0027307969229659647
782,891,109,0.109,0.002839652008766279
782,891,109,0.109,0.0028063208810854123
744,872,128,0.128,0.0027914772813510355
748,874,126,0.126,0.0027912110068355105
752,876,124,0.124,0.002987153142079478
770,885,115,0.115,0.0022384513032084213
812,906,94,0.094,0.00233361673347099
784,892,108,0.108,0.0023955578511668137
778,889,111,0.111,0.0022131649473449214
778,889,111,0.111,0.0018376173849283077
832,916,84,0.084,0.0015400184619575156
758,879,121,0.121,0.00166200981873817
732,866,134,0.134,0.001761898509823368
806,903,97,0.097,0.0017748605287379179
748,874,126,0.126,0.002049245875714405
822,911,89,0.089,0.0014333732594386675
728,864,136,0.136,0.002098487486218801
786,893,107,0.107,0.0023999953100646964
770,885,115,0.115,0.002479117175840656
780,890,110,0.11,0.0021803732413100078
766,883,117,0.117,0.0024532341773010557
692,846,154,0.154,0.0027547057849369593
748,874,126,0.126,0.0024459099316845824
768,884,116,0.116,0.002389109286319581
648,824,176,0.176,0.0030309677742334316
736,868,132,0.132,0.002406154163865722
802,901,99,0.099,0.0023607936794360286
752,876,124,0.124,0.0024194684847388998
820,910,90,0.09,0.0022768812321555744
794,897,103,0.103,0.0019686082831321984
770,885,115,0.115,0.002123880384169752
816,908,92,0.092,0.001695292835971486
798,899,101,0.101,0.001336986844415378
774,887,113,0.113,0.0013510448192178045
732,866,134,0.134,0.0016716422370809596
754,877,123,0.123,0.0013848070832100348
782,891,109,0.109,0.001561006162177364
770,885,115,0.115,0.0017373989872503444
720,860,140,0.14,0.0020895616722482373
764,882,118,0.118,0.0018636159135967318
776,888,112,0.112,0.002177443312801188
708,854,146,0.146,0.002633789556173724
708,854,146,0.146,0.0030509847261491812
748,874,126,0.126,0.002780195852072211
762,881,119,0.119,0.0023283059538516684
772,886,114,0.114,0.002388319114339538
764,882,118,0.118,0.0023871278728584003
766,883,117,0.117,0.0023084365686154343
760,880,120,0.12,0.0019854927441338077
758,879,121,0.121,0.001694203195071168
786,893,107,0.107,0.0016786930736088835
758,879,121,0.121,0.0016476749781359104
740,870,130,0.13,0.001994192569509323
748,874,126,0.126,0.0020323104052367854
800,900,100,0.1,0.0016620293862197287
754,877,123,0.123,0.002177821367547949
744,872,128,0.128,0.002338178253907245
752,876,124,0.124,0.002253582686105801
748,874,126,0.126,0.002395344072014268
736,868,132,0.132,0.0023346385530385303
698,849,151,0.151,0.003289568432548549
686,843,157,0.157,0.0032078017417225056
780,890,110,0.11,0.0027729055743911887
722,861,139,0.139,0.0034280531054973833
742,871,129,0.129,0.003280807546485448
738,869,131,0.131,0.003609440395492129
712,856,144,0.144,0.0031998851984681095
744,872,128,0.128,0.003233838488871697
732,866,134,0.134,0.0027376023295946654
820,910,90,0.09,0.0020583518352286774
816,908,92,0.092,0.001964868039889552
794,897,103,0.103,0.0021639666445335023
766,883,117,0.117,0.0013191549337007017
766,883,117,0.117,0.00155577123803414
766,883,117,0.117,0.0014240682711388218
770,885,115,0.115,0.0015574683088780147
800,900,100,0.1,0.0014457630053111644
684,842,158,0.158,0.0025289616651716644
774,887,113,0.113,0.0015224997222976525
792,896,104,0.104,0.002153437751232559
758,879,121,0.121,0.00246104272868979
762,881,119,0.119,0.0025486693756029124
832,916,84,0.084,0.00216243560078874
666,833,167,0.167,0.0029272158930252774
794,897,103,0.103,0.0018804117135769048
754,877,123,0.123,0.00185216730138427
784,892,108,0.108,0.002018773137941025
754,877,123,0.123,0.001874200326656137
744,872,128,0.128,0.0021675461958293456
772,886,114,0.114,0.0021232785505189895
748,874,126,0.126,0.0023962899349135114
796,898,102,0.102,0.0022306233012859594
744,872,128,0.128,0.0026800690648233283
734,867,133,0.133,0.0023783065429743146
812,906,94,0.094,0.002277255366323516
782,891,109,0.109,0.002214294706904184
760,880,120,0.12,0.001936464356876968
830,915,85,0.085,0.00155005297887692
742,871,129,0.129,0.002258202297372918
772,886,114,0.114,0.002182905342517188
726,863,137,0.137,0.0020440939791242273
714,857,143,0.143,0.0025685246241046117
760,880,120,0.12,0.002300428577455023
730,865,135,0.135,0.0025823062401032076
778,889,111,0.111,0.0020680331919138554
766,883,117,0.117,0.002532062603815575
764,882,118,0.118,0.0025444571657353664
782,891,109,0.109,0.0020160603786061985
742,871,129,0.129,0.0024744351017288863
820,910,90,0.09,0.0016619080941163702
780,890,110,0.11,0.0021545027073298115
768,884,116,0.116,0.0017722320529937861
670,835,165,0.165,0.00240458131901687
782,891,109,0.109,0.00210151207411036
720,860,140,0.14,0.0025300668654817853
814,907,93,0.093,0.0018780410968429351
732,866,134,0.134,0.0025542052358505317
784,892,108,0.108,0.00213396916633792
782,891,109,0.109,0.0023288292409561107
806,903,97,0.097,0.0019667410623223987
826,913,87,0.087,0.0018665306082330062
786,893,107,0.107,0.001959101269701932
748,874,126,0.126,0.002229354727620375
794,897,103,0.103,0.0018019839758853778
728,864,136,0.136,0.0020748539851629176
682,841,159,0.159,0.0024781663389803724
770,885,115,0.115,0.0020588808933462133
732,866,134,0.134,0.0024859021390147974
738,869,131,0.131,0.0026628926710545783
752,876,124,0.124,0.0029875463674179626
716,858,142,0.142,0.003223538055710378
714,857,143,0.143,0.003368502656085184
744,872,128,0.128,0.003248138567796559
790,895,105,0.105,0.002536572333672666
740,870,130,0.13,0.0028511765010625825
810,905,95,0.095,0.002268232655558677
684,842,158,0.158,0.0025556737073711704
750,875,125,0.125,0.0021419654448036453
776,888,112,0.112,0.001937818265221722
764,882,118,0.118,0.0019463076290012395
724,862,138,0.138,0.0022496559357023218
754,877,123,0.123,0.0021642657114280153
790,895,105,0.105,0.0018377202418159869
758,879,121,0.121,0.002174782883063017
746,873,127,0.127,0.0026698711859789908
798,899,101,0.101,0.0024650792027969145
794,897,103,0.103,0.00213273957772617
766,883,117,0.117,0.0026474967704780282
784,892,108,0.108,0.0017226779234188142
722,861,139,0.139,0.002420038490276056
714,857,143,0.143,0.002086175427590206
834,917,83,0.083,0.0015621886720655312
746,873,127,0.127,0.00213799973714049
756,878,122,0.122,0.0019349788848194293
826,913,87,0.087,0.0016649017042218474
788,894,106,0.106,0.0018335442653042264
802,901,99,0.099,0.0021065421817766036
756,878,122,0.122,0.0024579816824698356
742,871,129,0.129,0.0024643180903403845
808,904,96,0.096,0.001603773275950516
800,900,100,0.1,0.0016080641262378776
778,889,111,0.111,0.0018549887665794812
748,874,126,0.126,0.0021043860732970644
752,876,124,0.124,0.0020398665768298087
754,877,123,0.123,0.0018427559304727765
822,911,89,0.089,0.0014331845367632923
742,871,129,0.129,0.0019344595277434565
730,865,135,0.135,0.0021859182153857546
718,859,141,0.141,0.002221436094318051
774,887,113,0.113,0.0022161243721129723
758,879,121,0.121,0.0026168601591925835
754,877,123,0.123,0.002586307958321413
816,908,92,0.092,0.002549079253061791
796,898,102,0.102,0.002653514541874756
792,896,104,0.104,0.0025896543342314544
770,885,115,0.115,0.002732759124577569
838,919,81,0.081,0.0017648483622251662
738,869,131,0.131,0.00200259212662786
798,899,101,0.101,0.0013626029965816996
732,866,134,0.134,0.0015920885808045568
730,865,135,0.135,0.001487351633299113
788,894,106,0.106,0.0014955588287721183
784,892,108,0.108,0.001948164508192349
748,874,126,0.126,0.002300409499024681
778,889,111,0.111,0.0022775922174405423
790,895,105,0.105,0.002199792544990487
746,873,127,0.127,0.002579042518802453
772,886,114,0.114,0.0025000947662847466
764,882,118,0.118,0.0027578737253934377
814,907,93,0.093,0.0023913590891315836
788,894,106,0.106,0.002829550803777238
760,880,120,0.12,0.0025869484547438332
696,848,152,0.152,0.0031522558649303392
746,873,127,0.127,0.0028193480741902023
734,867,133,0.133,0.0028621505355404223
812,906,94,0.094,0.0025286819683424254
796,898,102,0.102,0.0022584077075516688
738,869,131,0.131,0.002675094329104468
824,912,88,0.088,0.0022063988149020586
780,890,110,0.11,0.002204433881728619
774,887,113,0.113,0.0018872495052564772
820,910,90,0.09,0.0017758018610038561
712,856,144,0.144,0.002105986463946465
828,914,86,0.086,0.0013384285217380239
744,872,128,0.128,0.0022495038201814166
750,875,125,0.125,0.001693951833924075
750,875,125,0.125,0.0024167056505248184
770,885,115,0.115,0.00257394015169848
786,893,107,0.107,0.0022701882885885426
816,908,92,0.092,0.002276590338904498
768,884,116,0.116,0.002444296613590268
766,883,117,0.117,0.002490142582479166
766,883,117,0.117,0.002492097009715508
770,885,115,0.115,0.002456702046096325
776,888,112,0.112,0.0019670354636582487
762,881,119,0.119,0.0017933928567290423
738,869,131,0.131,0.0018445663968923328
770,885,115,0.115,0.0017241593139915494
752,876,124,0.124,0.002088015666213323
740,870,130,0.13,0.0028391654928564096
714,857,143,0.143,0.003084441340812191
774,887,113,0.113,0.003079316354862385
776,888,112,0.112,0.0031992562041486964
744,872,128,0.128,0.0037425606330361914
712,856,144,0.144,0.003957813334178354
808,904,96,0.096,0.0025521197093912634
814,907,93,0.093,0.0015567754522853648
828,914,86,0.086,0.0014569889306164897
790,895,105,0.105,0.0018096331972628833
774,887,113,0.113,0.0018166488038914394
774,887,113,0.113,0.0015584498653333867
780,890,110,0.11,0.0018635241698721073
766,883,117,0.117,0.0015322069553367328
782,891,109,0.109,0.0017699763881537365
776,888,112,0.112,0.0025572025734581986
768,884,116,0.116,0.0025545344655110965
772,886,114,0.114,0.0026212272339471384
770,885,115,0.115,0.00243022432541693
722,861,139,0.139,0.0029350252615695355
818,909,91,0.091,0.0022377380587313383
742,871,129,0.129,0.002275343591189994
764,882,118,0.118,0.0026487655274540886
764,882,118,0.118,0.002686068980648997
754,877,123,0.123,0.0022704645159174106
744,872,128,0.128,0.0026223653369088426
718,859,141,0.141,0.0027211243815108903
820,910,90,0.09,0.002355629853784194
744,872,128,0.128,0.002621522788751463
824,912,88,0.088,0.0021967845924591527
720,860,140,0.14,0.002558716961313621
766,883,117,0.117,0.0022083308258661416
828,914,86,0.086,0.0020910135873509718
762,881,119,0.119,0.002627730638923822
780,890,110,0.11,0.002093688422915875
844,922,78,0.078,0.0018104816459181166
756,878,122,0.122,0.002190522943303222
730,865,135,0.135,0.002371474605592084
760,880,120,0.12,0.002550523017969681
782,891,109,0.109,0.002372762661994784
836,918,82,0.082,0.0018588398025895002
764,882,118,0.118,0.0028556689635370275
786,893,107,0.107,0.002214523269380152
768,884,116,0.116,0.0020434379151083705
740,870,130,0.13,0.001999937036747724
766,883,117,0.117,0.0019785226284839154
726,863,137,0.137,0.0020118032237660373
792,896,104,0.104,0.0024484684542985633
696,848,152,0.152,0.0026022285823128185
746,873,127,0.127,0.002471049818195752
860,930,70,0.07,0.0020080575450556353
732,866,134,0.134,0.003096443332040508
740,870,130,0.13,0.002904935764614493
822,911,89,0.089,0.0023998674190297605
770,885,115,0.115,0.002696907090925379
742,871,129,0.129,0.0027611987609852803
786,893,107,0.107,0.0023222343144516343
782,891,109,0.109,0.002107341683768027
778,889,111,0.111,0.0019252642936717166
788,894,106,0.106,0.0020484953389459408
766,883,117,0.117,0.002314047131832922
780,890,110,0.11,0.0025290945096639915
784,892,108,0.108,0.0021259323286285507
772,886,114,0.114,0.0026938210550288204
762,881,119,0.119,0.002756564902687387
736,868,132,0.132,0.00293930233012361
798,899,101,0.101,0.0027096941540803525
734,867,133,0.133,0.0028271867637377
846,923,77,0.077,0.002021812693026732
800,900,100,0.1,0.0021528184905982924
754,877,123,0.123,0.0021606398656767853
778,889,111,0.111,0.0018088411544595147
814,907,93,0.093,0.0017024229935414042
852,926,74,0.074,0.0013954628537321697
728,864,136,0.136,0.001711171874034335
754,877,123,0.123,0.001895600057025149
798,899,101,0.101,0.0017803565126523607
824,912,88,0.088,0.0015933122870555962
740,870,130,0.13,0.0020574396447191248
834,917,83,0.083,0.002018206430620921
792,896,104,0.104,0.0017609024921111996
754,877,123,0.123,0.0021096679374531958
748,874,126,0.126,0.0022285696757098775
752,876,124,0.124,0.001985019963758532
770,885,115,0.115,0.0018231902681618522
756,878,122,0.122,0.00256465277611278
794,897,103,0.103,0.0027032316366239683
734,867,133,0.133,0.0029013755915366347
816,908,92,0.092,0.0024426904038264185
710,855,145,0.145,0.002932724104990484
758,879,121,0.121,0.0025113412241626067
742,871,129,0.129,0.002763320414174814
754,877,123,0.123,0.0023740294490999076
762,881,119,0.119,0.002756892156357935
728,864,136,0.136,0.002762612075544894
762,881,119,0.119,0.002573712862093089
776,888,112,0.112,0.0026215051370090804
760,880,120,0.12,0.0028843565624847543
742,871,129,0.129,0.002645865068945568
722,861,139,0.139,0.002919353052559018
780,890,110,0.11,0.002691800287211663
756,878,122,0.122,0.0027373811323486734
764,882,118,0.118,0.002846645047320635
776,888,112,0.112,0.0025854562197091583
702,851,149,0.149,0.0033008514457542335
706,853,147,0.147,0.003407841646388988
716,858,142,0.142,0.0031137252107873792
724,862,138,0.138,0.0034995231588254684
776,888,112,0.112,0.002943881202423654
746,873,127,0.127,0.0030929805356790896
734,867,133,0.133,0.003195935916297458
730,865,135,0.135,0.0033285816876305035
780,890,110,0.11,0.0031286222561757314
756,878,122,0.122,0.002556266088562552
744,872,128,0.128,0.002806211129500298
760,880,120,0.12,0.002308144159229414
718,859,141,0.141,0.00277640296179743
762,881,119,0.119,0.0028837124201090774
726,863,137,0.137,0.003325090181780979
726,863,137,0.137,0.0032150429157736652
800,900,100,0.1,0.0026930751662221156
756,878,122,0.122,0.003419068302755477
772,886,114,0.114,0.0029127168875565986
718,859,141,0.141,0.0032400449722335906
784,892,108,0.108,0.002596428196200577
776,888,112,0.112,0.002368690542309196
760,880,120,0.12,0.002406073776226549
786,893,107,0.107,0.0019948988844371344
738,869,131,0.131,0.002513158353751351
670,835,165,0.165,0.003007412476144964
780,890,110,0.11,0.002450436215756781
794,897,103,0.103,0.002452037207040121
786,893,107,0.107,0.0030006841648355475
802,901,99,0.099,0.0022397495265395265
712,856,144,0.144,0.0024260201480356047
748,874,126,0.126,0.002817111492258846
782,891,109,0.109,0.002006896427243191
734,867,133,0.133,0.0032673090748139657
768,884,116,0.116,0.0022609006676866557
760,880,120,0.12,0.002707251716114115
710,855,145,0.145,0.0029379972992901455
748,874,126,0.126,0.0027958581851562484
788,894,106,0.106,0.002392748337428202
734,867,133,0.133,0.0023027111907576907
812,906,94,0.094,0.00255264275718946
770,885,115,0.115,0.0026211288990270988
774,887,113,0.113,0.002964999115858518
784,892,108,0.108,0.0024468747977662133
758,879,121,0.121,0.0027171819123686875
764,882,118,0.118,0.002462570250107092
824,912,88,0.088,0.0021274585538631073
776,888,112,0.112,0.0022958255032863237
770,885,115,0.115,0.0020818893180403393
814,907,93,0.093,0.001737116397722275
756,878,122,0.122,0.0022971088335034437
728,864,136,0.136,0.002009846099841525
812,906,94,0.094,0.0021043268899666144
696,848,152,0.152,0.002689551413495792
768,884,116,0.116,0.0020917524171145487
764,882,118,0.118,0.002134544220098178
776,888,112,0.112,0.0024566116443820647
762,881,119,0.119,0.0026906822491000637
768,884,116,0.116,0.0026260767132916954
762,881,119,0.119,0.0029155477047606835
804,902,98,0.098,0.0023021198954593274
750,875,125,0.125,0.0026404085250833305
720,860,140,0.14,0.002861515708536899
746,873,127,0.127,0.0025940535418267244
732,866,134,0.134,0.003311279897694476
766,883,117,0.117,0.0029399676026660017
782,891,109,0.109,0.0028459286974684803
804,902,98,0.098,0.002830895611012238
820,910,90,0.09,0.002925770444780937
782,891,109,0.109,0.0026532429937651614
774,887,113,0.113,0.002220976912674814
764,882,118,0.118,0.0024598931424843614
754,877,123,0.123,0.002358188818558119
782,891,109,0.109,0.001603172849092516
798,899,101,0.101,0.00167830990256698
790,895,105,0.105,0.0016187462972739014
716,858,142,0.142,0.0019609716293361996
762,881,119,0.119,0.0019425023282819893
816,908,92,0.092,0.002268591650765302
766,883,117,0.117,0.002245894244333613
714,857,143,0.143,0.0030235647658410016
706,853,147,0.147,0.0030712664582533762
796,898,102,0.102,0.0026521546540607234
758,879,121,0.121,0.002738726793206297
738,869,131,0.131,0.0030153988221427426
782,891,109,0.109,0.0022303374871407867
728,864,136,0.136,0.002615719273060677
796,898,102,0.102,0.001978895082094823
810,905,95,0.095,0.0018816996715322603
700,850,150,0.15,0.002530401789194002
810,905,95,0.095,0.0018803265352908057
750,875,125,0.125,0.0021837626537962933
738,869,131,0.131,0.002446389879041817
760,880,120,0.12,0.002398854704722908
708,854,146,0.146,0.0027539883053177617
742,871,129,0.129,0.0025967367747362006
700,850,150,0.15,0.0030145919590868287
780,890,110,0.11,0.002765550754196738
680,840,160,0.16,0.003488619810086675
738,869,131,0.131,0.0029788808510638775
746,873,127,0.127,0.0033288817763968835
722,861,139,0.139,0.0033187988985155245
690,845,155,0.155,0.003502922313666204
780,890,110,0.11,0.0027553173625929047
744,872,128,0.128,0.00295888853748329
744,872,128,0.128,0.0027333038286742523
754,877,123,0.123,0.00237369851868425
744,872,128,0.128,0.002167126081934839
794,897,103,0.103,0.0020781127603695495
690,845,155,0.155,0.002451858208660269
828,914,86,0.086,0.0016211558543218416
768,884,116,0.116,0.0017674217235326068
778,889,111,0.111,0.0018256474627414718
754,877,123,0.123,0.002105447160298354
748,874,126,0.126,0.0020014795893730478
732,866,134,0.134,0.002452501604970166
744,872,128,0.128,0.00235431036328373
766,883,117,0.117,0.002203233748325147
770,885,115,0.115,0.0021761482648907987
790,895,105,0.105,0.0025403488743904745
708,854,146,0.146,0.002635252655185468
732,866,134,0.134,0.00237877046164067
756,878,122,0.122,0.0028145280764001654
746,873,127,0.127,0.002456274864733132
772,886,114,0.114,0.002697168423124822
724,862,138,0.138,0.002763509397220332
750,875,125,0.125,0.002582480752826086
734,867,133,0.133,0.0028575758582810524
764,882,118,0.118,0.0020701464578087325
786,893,107,0.107,0.0022759468341610046
796,898,102,0.102,0.002107091095542273
760,880,120,0.12,0.0018718255229687201
760,880,120,0.12,0.001834768427113886
740,870,130,0.13,0.001783838166102214
714,857,143,0.143,0.0019091264253802364
748,874,126,0.126,0.0018279708935733652
784,892,108,0.108,0.0018869144767904799
770,885,115,0.115,0.0018238344210585638
814,907,93,0.093,0.0016815452310074762
758,879,121,0.121,0.0019940958659062746
770,885,115,0.115,0.0018942247301311
780,890,110,0.11,0.0018709232092660386
812,906,94,0.094,0.0017260390451410786
744,872,128,0.128,0.0019647959097419516
782,891,109,0.109,0.0017827383373805788
768,884,116,0.116,0.0020022342818083417
802,901,99,0.099,0.001403656828275416
746,873,127,0.127,0.0017733200361035415
738,869,131,0.131,0.0015554641397284286
720,860,140,0.14,0.0016330691741277405
704,852,148,0.148,0.0021480504027204007
778,889,111,0.111,0.0022765187937402514
750,875,125,0.125,0.0026279604076171383
760,880,120,0.12,0.002828908565294114
784,892,108,0.108,0.0025891554004119828
790,895,105,0.105,0.002394426348640991
774,887,113,0.113,0.002129804628806596
746,873,127,0.127,0.002317738864567218
774,887,113,0.113,0.0019150952405470889
832,916,84,0.084,0.0013972101466079038
752,876,124,0.124,0.0015351387181144673
758,879,121,0.121,0.0012411587929236703
732,866,134,0.134,0.001423823548290784
818,909,91,0.091,0.0013700880394753767
786,893,107,0.107,0.0014412933480380161
752,876,124,0.124,0.0015955320395532907
706,853,147,0.147,0.0021610635205761355
788,894,106,0.106,0.002184743348872871
770,885,115,0.115,0.0023987216023524526
746,873,127,0.127,0.002468051279982319
708,854,146,0.146,0.0028879825976400753
796,898,102,0.102,0.002357089041142899
768,884,116,0.116,0.002420243608823512
752,876,124,0.124,0.0026603011862462154
780,890,110,0.11,0.0022859158085429955
756,878,122,0.122,0.0022145069569451154
812,906,94,0.094,0.0017458893783223175
764,882,118,0.118,0.0018300427086687704
770,885,115,0.115,0.0016550757588702253
766,883,117,0.117,0.0018405807083945547
760,880,120,0.12,0.0017001203693343995
816,908,92,0.092,0.0012753002671306603
734,867,133,0.133,0.0017171282656563561
774,887,113,0.113,0.001754929470575007
750,875,125,0.125,0.0017243925826114718
754,877,123,0.123,0.0018283120861560746
726,863,137,0.137,0.002338436398662452
804,902,98,0.098,0.0020864198619055968
796,898,102,0.102,0.0019851953084071283
788,894,106,0.106,0.002252444927184115
718,859,141,0.141,0.002610233344428707
766,883,117,0.117,0.0019436541606410174
808,904,96,0.096,0.0018850965566525701
772,886,114,0.114,0.002203852347789507
748,874,126,0.126,0.0018485827316490032
730,865,135,0.135,0.0023033290398016106
742,871,129,0.129,0.0020666166464216075
798,899,101,0.101,0.0013903659237039393
718,859,141,0.141,0.0023503811771442996
760,880,120,0.12,0.002178507145072217
766,883,117,0.117,0.0019520031252177432
784,892,108,0.108,0.0018433731717523187
788,894,106,0.106,0.0019525716245771037
780,890,110,0.11,0.0018769354152645974
732,866,134,0.134,0.001996443792930222
796,898,102,0.102,0.0016993907742016744
802,901,99,0.099,0.001739034370140871
744,872,128,0.128,0.00173943359117402
760,880,120,0.12,0.0014210222323381458
774,887,113,0.113,0.002023883350613687
752,876,124,0.124,0.0021127008008770647
696,848,152,0.152,0.0026043207273469308
782,891,109,0.109,0.001878546575200744
852,926,74,0.074,0.0016853447239227534
736,868,132,0.132,0.002496600628044689
696,848,152,0.152,0.0022460725073178765
820,910,90,0.09,0.0019830062553228343
760,880,120,0.12,0.0019107463820982958
732,866,134,0.134,0.0023249004756871728
750,875,125,0.125,0.002116932963239378
752,876,124,0.124,0.0022021929049733445
754,877,123,0.123,0.002120739283855073
778,889,111,0.111,0.0024001114009151933
802,901,99,0.099,0.0019246558080049
752,876,124,0.124,0.0019970063556502284
760,880,120,0.12,0.00230780758713081
778,889,111,0.111,0.0022590857228206003
774,887,113,0.113,0.0019599420640734025
752,876,124,0.124,0.002111411941310507
744,872,128,0.128,0.0019713957665517226
782,891,109,0.109,0.002047290192116634
780,890,110,0.11,0.0019383483018609695
760,880,120,0.12,0.0020131056046993764
812,906,94,0.094,0.0015499194100593741
784,892,108,0.108,0.001841090749585419
758,879,121,0.121,0.00159152516001177
712,856,144,0.144,0.0021569640004490795
764,882,118,0.118,0.0016469121987029212
782,891,109,0.109,0.0014950595154441543
778,889,111,0.111,0.002101255045083235
736,868,132,0.132,0.0024302103560603426
808,904,96,0.096,0.0021268669559976845
720,860,140,0.14,0.0026427159361701344
756,878,122,0.122,0.0023864611732715276
840,920,80,0.08,0.0019634986819437473
784,892,108,0.108,0.002287900644420006
750,875,125,0.125,0.0025472771003696836
752,876,124,0.124,0.001888070552937279
790,895,105,0.105,0.0015086014179432822
768,884,116,0.116,0.0018507037987365038
746,873,127,0.127,0.0017352269535731465
792,896,104,0.104,0.0016303535848710452
676,838,162,0.162,0.002131362622407323
812,906,94,0.094,0.0015385937187966192
722,861,139,0.139,0.001957972463700571
808,904,96,0.096,0.0014862556405605574
752,876,124,0.124,0.0020116677495680053
750,875,125,0.125,0.002161661792866653
820,910,90,0.09,0.0017505924134966335
760,880,120,0.12,0.0019454852222988849
782,891,109,0.109,0.0017027059754618676
722,861,139,0.139,0.0020822679625161983
788,894,106,0.106,0.001706806467518618
704,852,148,0.148,0.0020968253266328246
754,877,123,0.123,0.0021063544284552335
744,872,128,0.128,0.00205360617651786
726,863,137,0.137,0.002521447441464261
708,854,146,0.146,0.0025938317992549855
774,887,113,0.113,0.0025674462697206765
732,866,134,0.134,0.002828628240240505
772,886,114,0.114,0.002854521471737826
764,882,118,0.118,0.0025120587832207094
730,865,135,0.135,0.0026330769416526892
754,877,123,0.123,0.002318991775835457
776,888,112,0.112,0.002105433107630233
738,869,131,0.131,0.002240932095257449
794,897,103,0.103,0.0018357480243503233
758,879,121,0.121,0.0020282558516591964
810,905,95,0.095,0.0015985117865384383
800,900,100,0.1,0.0014486828263925418
746,873,127,0.127,0.0018407155692220841
816,908,92,0.092,0.0015403344281767204
732,866,134,0.134,0.0020931294231340872
750,875,125,0.125,0.002017968252184801
812,906,94,0.094,0.0017875741920579458
800,900,100,0.1,0.0019048922159563518
762,881,119,0.119,0.0019562415895197772
786,893,107,0.107,0.0018600085346552077
818,909,91,0.091,0.001513896020635002
788,894,106,0.106,0.0016585380079850438
804,902,98,0.098,0.0014135191409241088
770,885,115,0.115,0.0016188089715105888
754,877,123,0.123,0.0015570816435047164
816,908,92,0.092,0.0013325637319176167
816,908,92,0.092,0.0016958480614066502
778,889,111,0.111,0.001401264193795214
832,916,84,0.084,0.0012994732050956373
814,907,93,0.093,0.0011853862111347554
784,892,108,0.108,0.0013394017419486772
730,865,135,0.135,0.0017878550738314517
724,862,138,0.138,0.0016893430470881867
766,883,117,0.117,0.0019090284712947323
694,847,153,0.153,0.0025457135705801194
758,879,121,0.121,0.002479191047976201
698,849,151,0.151,0.003365415226027835
698,849,151,0.151,0.004178976406350557
776,888,112,0.112,0.003760305912626791
814,907,93,0.093,0.0030425720202183586
734,867,133,0.133,0.003359145209542476
764,882,118,0.118,0.002969824970321497
708,854,146,0.146,0.003081507364840945
794,897,103,0.103,0.0022340385014977073
830,915,85,0.085,0.001774233053176431
722,861,139,0.139,0.0020764370666220204
794,897,103,0.103,0.0018160715058584173
756,878,122,0.122,0.0015413738222996472
780,890,110,0.11,0.0014273701725687716
812,906,94,0.094,0.001439953138689816
712,856,144,0.144,0.002181029489685898
726,863,137,0.137,0.0022877786952522003
730,865,135,0.135,0.002334470742782287
754,877,123,0.123,0.002350587972832727
786,893,107,0.107,0.002332228842002223
846,923,77,0.077,0.0019204782597662415
794,897,103,0.103,0.002041046944548725
736,868,132,0.132,0.0021919758667427233
754,877,123,0.123,0.0020698063866511802
716,858,142,0.142,0.0021069419696505064
752,876,124,0.124,0.002142287458111241
758,879,121,0.121,0.0023806019266521617
756,878,122,0.122,0.002548079043524922
756,878,122,0.122,0.0025193409163184696
742,871,129,0.129,0.002507294578041183
778,889,111,0.111,0.002552295960340416
782,891,109,0.109,0.002213291977008339
766,883,117,0.117,0.0025008075343139354
804,902,98,0.098,0.0021672218383719157
730,865,135,0.135,0.0020815416774275946
752,876,124,0.124,0.0020554378173910665
770,885,115,0.115,0.002035763444931945
730,865,135,0.135,0.0020707110770781583
764,882,118,0.118,0.001926863744520233
754,877,123,0.123,0.0022815812827793706
758,879,121,0.121,0.002057853114030877
766,883,117,0.117,0.0020776988742363754
786,893,107,0.107,0.0020925148019887273
758,879,121,0.121,0.0024923347332623962
772,886,114,0.114,0.002252097937136568
756,878,122,0.122,0.002335814315243624
798,899,101,0.101,0.0018851024506002431
750,875,125,0.125,0.002036687819123472
818,909,91,0.091,0.00164832019116875
806,903,97,0.097,0.001848748734802939
754,877,123,0.123,0.0016226158605968522
808,904,96,0.096,0.0015481053991552472
752,876,124,0.124,0.0018881298155065452
750,875,125,0.125,0.0015444431247960892
818,909,91,0.091,0.001727994784465409
754,877,123,0.123,0.0020644096298783553
768,884,116,0.116,0.0018778176902997075
790,895,105,0.105,0.0020292772843167766
720,860,140,0.14,0.0024080151690432103
816,908,92,0.092,0.001970468842484479
708,854,146,0.146,0.0025923799201846122
730,865,135,0.135,0.0023856602458545238
736,868,132,0.132,0.002461258779207128
802,901,99,0.099,0.0020587185361073354
756,878,122,0.122,0.0024864178858842933
772,886,114,0.114,0.0022891941178240813
796,898,102,0.102,0.0020123892441843054
760,880,120,0.12,0.0021160734317309106
764,882,118,0.118,0.0018345713071030332
808,904,96,0.096,0.0017820146108351764
762,881,119,0.119,0.001854264694469748
728,864,136,0.136,0.002250118529627798
846,923,77,0.077,0.001636234895515372
698,849,151,0.151,0.002497148502276104
754,877,123,0.123,0.001870593575084058
740,870,130,0.13,0.002369268354435917
762,881,119,0.119,0.002180719157389831
760,880,120,0.12,0.0022466318561200752
814,907,93,0.093,0.0016139914465820766
794,897,103,0.103,0.0016303361202735687
812,906,94,0.094,0.0015449613945238525
774,887,113,0.113,0.0018768406840135867
750,875,125,0.125,0.0015898234384367242
766,883,117,0.117,0.0015890123519930058
704,852,148,0.148,0.002048192902970186
756,878,122,0.122,0.001946180768067279
832,916,84,0.084,0.0019816021370934324
854,927,73,0.073,0.0018350745017887676
730,865,135,0.135,0.0024854639477853197
742,871,129,0.129,0.002263361824079766
736,868,132,0.132,0.0023159703847923084
762,881,119,0.119,0.0024267679127442533
676,838,162,0.162,0.0026680244589297217
748,874,126,0.126,0.0024532213203201534
798,899,101,0.101,0.0026067074294751367
766,883,117,0.117,0.0027236694827879548
796,898,102,0.102,0.00243454062523233
750,875,125,0.125,0.002642624146916205
760,880,120,0.12,0.0020914321922173257
724,862,138,0.138,0.002455788083054358
734,867,133,0.133,0.002280325292405905
744,872,128,0.128,0.002036444041194045
758,879,121,0.121,0.0021305831801055317
772,886,114,0.114,0.0021887480395671446
774,887,113,0.113,0.0018872742663552345
734,867,133,0.133,0.0023331432148988823
736,868,132,0.132,0.002382963031399413
726,863,137,0.137,0.0027119951955610305
696,848,152,0.152,0.002745487683438114
812,906,94,0.094,0.0020610135469469244
760,880,120,0.12,0.0022636578980054765
792,896,104,0.104,0.0024415789436825434
760,880,120,0.12,0.002341077409131685
752,876,124,0.124,0.0024666254988405852
768,884,116,0.116,0.0018896855694474652
772,886,114,0.114,0.0016594897002796642
724,862,138,0.138,0.002021120175068063
778,889,111,0.111,0.001823658366134623
724,862,138,0.138,0.0021414820905520174
828,914,86,0.086,0.0015277854711457622
770,885,115,0.115,0.002054520586883882
746,873,127,0.127,0.0022069463076768445
768,884,116,0.116,0.002126344327072729
776,888,112,0.112,0.0021162653839273842
760,880,120,0.12,0.0019005469723706483
732,866,134,0.134,0.0022467568240717812
866,933,67,0.067,0.0011029821572810761
760,880,120,0.12,0.0016174260194056842
744,872,128,0.128,0.001637747428525472
746,873,127,0.127,0.0015805824894832767
714,857,143,0.143,0.0018112605064161472
762,881,119,0.119,0.0017841775159504322
828,914,86,0.086,0.0014715974017999543
798,899,101,0.101,0.0017240267629167647
828,914,86,0.086,0.0016561906817551062
768,884,116,0.116,0.001833257127815159
730,865,135,0.135,0.0021184466824124685
766,883,117,0.117,0.0017865129772253567
774,887,113,0.113,0.0017210917960874211
752,876,124,0.124,0.001742114201628283
724,862,138,0.138,0.0017766389179305407
836,918,82,0.082,0.0014623450828148634
696,848,152,0.152,0.0021161724100165883
782,891,109,0.109,0.0018067870292288717
814,907,93,0.093,0.0015286572264994903
766,883,117,0.117,0.0016244657131719578
746,873,127,0.127,0.0018921427453606158
820,910,90,0.09,0.0014151260505350365
782,891,109,0.109,0.0014265664215599827
784,892,108,0.108,0.001653219013067428
824,912,88,0.088,0.0011962956971983659
736,868,132,0.132,0.0015848535565710336
768,884,116,0.116,0.0013004990820554667
754,877,123,0.123,0.001575241809237923
802,901,99,0.099,0.0014487159935270028
758,879,121,0.121,0.001579118267061858
758,879,121,0.121,0.0020194968832365702
756,878,122,0.122,0.002014666780945845
734,867,133,0.133,0.002115892429006635
842,921,79,0.079,0.0015504165259335424
782,891,109,0.109,0.0017266250853499514
786,893,107,0.107,0.0015399877556064893
780,890,110,0.11,0.0014341216916118355
764,882,118,0.118,0.0013457545046603628
798,899,101,0.101,0.0013029422159243041
790,895,105,0.105,0.0013643891532119595
788,894,106,0.106,0.0013283627636419624
726,863,137,0.137,0.0014524191599339248
816,908,92,0.092,0.001143777332003083
692,846,154,0.154,0.0020644635941207525
814,907,93,0.093,0.0013572787977864209
786,893,107,0.107,0.0017049386657090508
816,908,92,0.092,0.0015180704051017528
764,882,118,0.118,0.0014498477251108852
806,903,97,0.097,0.0015142630296686548
788,894,106,0.106,0.001698540143086575
748,874,126,0.126,0.0016906269617102225
770,885,115,0.115,0.0014984531304180564
818,909,91,0.091,0.0013312180300636101
756,878,122,0.122,0.00159940036739863
780,890,110,0.11,0.0013494067551855552
798,899,101,0.101,0.0014376570793247082
734,867,133,0.133,0.0017560885462735315
712,856,144,0.144,0.0020965033226020753
724,862,138,0.138,0.0019373482458177023
684,842,158,0.158,0.0021090843445927022
790,895,105,0.105,0.001721082826887141
742,871,129,0.129,0.002308708990156447
800,900,100,0.1,0.002051520380744478
760,880,120,0.12,0.0022625761338858864
760,880,120,0.12,0.002186598774547747
794,897,103,0.103,0.0020648817509281796
740,870,130,0.13,0.0020371728782556603
800,900,100,0.1,0.0016912019692535978
778,889,111,0.111,0.001665396756150585
718,859,141,0.141,0.0019384183591464534
750,875,125,0.125,0.0017319115673963097
710,855,145,0.145,0.0018986200948747864
794,897,103,0.103,0.0015130612916473183
842,921,79,0.079,0.0013679820292891237
760,880,120,0.12,0.0017454798067337834
778,889,111,0.111,0.0014845585549010138
748,874,126,0.126,0.0018467476928744873
632,816,184,0.184,0.0026634992437902837
776,888,112,0.112,0.0022248256094389946
746,873,127,0.127,0.0026507403173636705
712,856,144,0.144,0.0025027519080249474
800,900,100,0.1,0.002277074261204689
736,868,132,0.132,0.0028088252196102987
756,878,122,0.122,0.002333873263843998
714,857,143,0.143,0.002556185344888945
768,884,116,0.116,0.0017905296796307084
826,913,87,0.087,0.0011712093866772192
792,896,104,0.104,0.0012156464697509364
688,844,156,0.156,0.0017232482366289332
776,888,112,0.112,0.0012390926149164444
788,894,106,0.106,0.001078501513125957
780,890,110,0.11,0.0012229561560961884
708,854,146,0.146,0.0013089429158135318
802,901,99,0.099,0.0010624000241059549
776,888,112,0.112,0.0013155972870372353
736,868,132,0.132,0.001750762787185522
834,917,83,0.083,0.0012639713610442414
764,882,118,0.118,0.001528808508090151
790,895,105,0.105,0.0013349455185398256
730,865,135,0.135,0.001577430936289602
782,891,109,0.109,0.0013897827296350442
818,909,91,0.091,0.0012812178622116335
728,864,136,0.136,0.0016257455147715518
778,889,111,0.111,0.0012502337821206312
780,890,110,0.11,0.0012718276673767833
768,884,116,0.116,0.0011570545502349887
760,880,120,0.12,0.0011401112813327926
770,885,115,0.115,0.0011041338808354339
720,860,140,0.14,0.0013294974755735894
744,872,128,0.128,0.0012972018095315434
758,879,121,0.121,0.0015988996152700565
774,887,113,0.113,0.001423614924236972
730,865,135,0.135,0.0018221864091538008
650,825,175,0.175,0.0022935002009326125
768,884,116,0.116,0.0013138099460611556
820,910,90,0.09,0.0013000931055285037
818,909,91,0.091,0.0011912482044317584
758,879,121,0.121,0.0013856234712366132
748,874,126,0.126,0.001354677967930911
