log_avg_ept_score,log_avg_succ_req,log_avg_blk_req,log_avg_BP_req,log_avg_entropy
-388,306,694,0.694,3.908355910539627
-376,312,688,0.688,3.907952296733856
-370,315,685,0.685,3.908046529531479
-406,297,703,0.703,3.9075490310192107
-332,334,666,0.666,3.9072637836933137
-426,287,713,0.713,3.9074368250370024
-416,292,708,0.708,3.9068799753189087
-348,326,674,0.674,3.906077661037445
-360,320,680,0.68,3.904976333618164
-380,310,690,0.69,3.904322648048401
-434,283,717,0.717,3.904294453382492
-490,255,745,0.745,3.9035847237110137
-382,309,691,0.691,3.9031194822788238
-396,302,698,0.698,3.902488831281662
-376,312,688,0.688,3.9004478461742402
-428,286,714,0.714,3.895406484603882
-352,324,676,0.676,3.7945991005897524
-346,327,673,0.673,3.78080287194252
-366,317,683,0.683,3.7742402012348175
-310,345,655,0.655,3.7654905059337618
-306,347,653,0.653,3.758774126291275
-318,341,659,0.659,3.7633386721611024
-300,350,650,0.65,3.7519386928081513
-306,347,653,0.653,3.7347426228523255
-252,374,626,0.626,3.6828203537464144
-242,379,621,0.621,3.6850304148197175
-256,372,628,0.628,3.6719970104694366
-302,349,651,0.651,3.6813254494667054
-346,327,673,0.673,3.6717106051445008
-272,364,636,0.636,3.671710156440735
-230,385,615,0.615,3.6506413900852204
-296,352,648,0.648,3.635473950624466
-302,349,651,0.651,3.625972718000412
-206,397,603,0.603,3.6469674248695374
-252,374,626,0.626,3.6258452599048616
-246,377,623,0.623,3.644126792907715
-266,367,633,0.633,3.6320034198760984
-228,386,614,0.614,3.6371843571662903
-236,382,618,0.618,3.639163029670715
-246,377,623,0.623,3.6482816753387453
-190,405,595,0.595,3.644225016593933
-212,394,606,0.606,3.644502722740173
-186,407,593,0.593,3.645103358745575
-194,403,597,0.597,3.636867971897125
-194,403,597,0.597,3.629850402832031
-208,396,604,0.604,3.6199718570709227
-234,383,617,0.617,3.6206923892498017
-166,417,583,0.583,3.6164042525291444
-192,404,596,0.596,3.568757597565651
-190,405,595,0.595,3.5748500274419786
-178,411,589,0.589,3.578170556306839
-220,390,610,0.61,3.5818501001596452
-112,444,556,0.556,3.558014204740524
-164,418,582,0.582,3.546726951122284
-164,418,582,0.582,3.562239604711533
-180,410,590,0.59,3.5334585547447204
-166,417,583,0.583,3.453788209438324
-118,441,559,0.559,3.4695236611366274
-76,462,538,0.538,3.4442216002941133
-130,435,565,0.565,3.446315535068512
-152,424,576,0.576,3.4488218944072724
-144,428,572,0.572,3.459080452680588
-150,425,575,0.575,3.4429749680161477
-118,441,559,0.559,3.468289546251297
-114,443,557,0.557,3.438005353808403
-102,449,551,0.551,3.4339089921712875
-70,465,535,0.535,3.4215724606513978
-120,440,560,0.56,3.4307017316222193
-98,451,549,0.549,3.4479657279253004
-86,457,543,0.543,3.410477600097656
-90,455,545,0.545,3.436795597076416
-108,446,554,0.554,3.430236974835396
-74,463,537,0.537,3.2061755741238596
-50,475,525,0.525,3.222504487872124
-34,483,517,0.517,3.1869033679962158
-28,486,514,0.514,3.200781628191471
-82,459,541,0.541,3.211612886786461
-78,461,539,0.539,3.17933455657959
2,501,499,0.499,3.2128911051750184
-54,473,527,0.527,3.1936974728107455
-26,487,513,0.513,3.158931998372078
-66,467,533,0.533,3.1869617620706556
-74,463,537,0.537,3.203069451749325
-26,487,513,0.513,3.2144225487709046
-16,492,508,0.508,3.1873075377941134
-28,486,514,0.514,3.106387523651123
-44,478,522,0.522,3.171647032380104
-24,488,512,0.512,3.1577704583406447
70,535,465,0.465,2.991574978470802
74,537,463,0.463,3.016867771267891
2,501,499,0.499,3.0075601622462274
24,512,488,0.488,2.9945733460187913
24,512,488,0.488,2.9987952180504798
10,505,495,0.495,3.0336730787158013
56,528,472,0.472,2.9983003708124163
64,532,468,0.468,2.984184547185898
10,505,495,0.495,2.9908564682602883
24,512,488,0.488,3.003369763970375
26,513,487,0.487,2.995252891302109
42,521,479,0.479,2.9741445412635805
78,539,461,0.461,2.9193418571949006
62,531,469,0.469,2.9655265510082245
56,528,472,0.472,2.990141194343567
68,534,466,0.466,2.9653855295181275
252,626,374,0.374,2.5951882970333098
250,625,375,0.375,2.4428710443377493
316,658,342,0.342,2.462400037407875
272,636,364,0.364,2.520196137547493
316,658,342,0.342,2.467721445083618
328,664,336,0.336,2.3630996126532553
376,688,312,0.312,2.2781845099925997
334,667,333,0.333,2.3494794964194297
276,638,362,0.362,2.37614391374588
388,694,306,0.306,2.191753072142601
366,683,317,0.317,2.1751524297595024
398,699,301,0.301,2.1433038539886473
298,649,351,0.351,2.1692228099703788
348,674,326,0.326,2.1451066505908964
354,677,323,0.323,1.9975843396782875
414,707,293,0.293,1.8006378163807093
710,855,145,0.145,0.5167123331313487
700,850,150,0.15,0.4731951184476202
662,831,169,0.169,0.4382375644276617
738,869,131,0.131,0.39959064379420306
762,881,119,0.119,0.3745679571398359
706,853,147,0.147,0.3390294386212481
734,867,133,0.133,0.28041980337863787
696,848,152,0.152,0.297855182773259
732,866,134,0.134,0.2572565500373212
664,832,168,0.168,0.20586769657180412
800,900,100,0.1,0.1614787674556501
704,852,148,0.148,0.18310348450252786
724,862,138,0.138,0.16750614850746934
716,858,142,0.142,0.15745858250022865
776,888,112,0.112,0.12078775296718959
726,863,137,0.137,0.12967136642790866
734,867,133,0.133,0.09295025619480293
760,880,120,0.12,0.11050561107334216
828,914,86,0.086,0.08898993324046023
742,871,129,0.129,0.10682586826657643
792,896,104,0.104,0.0784858691310219
762,881,119,0.119,0.08746657244575909
744,872,128,0.128,0.09106727538839914
806,903,97,0.097,0.07265488194997306
738,869,131,0.131,0.07383654735452728
812,906,94,0.094,0.057431826923275364
796,898,102,0.102,0.061691701505624225
740,870,130,0.13,0.07783295389002888
750,875,125,0.125,0.07243223450239748
768,884,116,0.116,0.05913162107011885
742,871,129,0.129,0.07098632180411368
728,864,136,0.136,0.06957151583926316
772,886,114,0.114,0.056312495187157766
768,884,116,0.116,0.06940554180915934
776,888,112,0.112,0.06870325044833589
756,878,122,0.122,0.05640727647015592
806,903,97,0.097,0.05900741852377541
740,870,130,0.13,0.05837779364619928
754,877,123,0.123,0.05901607334747678
700,850,150,0.15,0.05995603786618449
742,871,129,0.129,0.055777014030143617
742,871,129,0.129,0.05837881436303723
810,905,95,0.095,0.03554614871053491
776,888,112,0.112,0.05143145037943032
766,883,117,0.117,0.04952832946027047
722,861,139,0.139,0.05055506902036723
728,864,136,0.136,0.04057560772879515
772,886,114,0.114,0.037317480028839785
796,898,102,0.102,0.04125998020946281
748,874,126,0.126,0.03771939823566936
816,908,92,0.092,0.0343482367573597
780,890,110,0.11,0.028047326243948192
788,894,106,0.106,0.034409914557822045
760,880,120,0.12,0.03938110725299339
744,872,128,0.128,0.03551231924124295
792,896,104,0.104,0.03385526890493929
770,885,115,0.115,0.03653259634866845
762,881,119,0.119,0.029592415916558822
762,881,119,0.119,0.04295227906765649
754,877,123,0.123,0.045885444294661286
776,888,112,0.112,0.032323148651397786
752,876,124,0.124,0.029827689939993435
804,902,98,0.098,0.029353089702839497
782,891,109,0.109,0.02935780016955687
832,916,84,0.084,0.02188459055343992
770,885,115,0.115,0.029946767314802857
734,867,133,0.133,0.02823571621195879
750,875,125,0.125,0.030564323052181864
770,885,115,0.115,0.02967425371852005
828,914,86,0.086,0.017855880921968492
752,876,124,0.124,0.029955058239691426
734,867,133,0.133,0.02257416200346779
786,893,107,0.107,0.027663087606313638
750,875,125,0.125,0.02727879078814294
796,898,102,0.102,0.023190307753306116
778,889,111,0.111,0.024106515816936736
822,911,89,0.089,0.02103810300753685
796,898,102,0.102,0.021167305525392293
766,883,117,0.117,0.028179368654615247
766,883,117,0.117,0.023000957031792495
784,892,108,0.108,0.022338870934676378
724,862,138,0.138,0.026797801149761654
758,879,121,0.121,0.03365422430075705
764,882,118,0.118,0.03227993890328799
742,871,129,0.129,0.024359593218658118
752,876,124,0.124,0.02197332054254366
744,872,128,0.128,0.024546346630435437
770,885,115,0.115,0.02968442216794938
772,886,114,0.114,0.021245920860557817
828,914,86,0.086,0.023750090969901067
746,873,127,0.127,0.02524823568284046
770,885,115,0.115,0.024270074638014193
780,890,110,0.11,0.020410060721915216
758,879,121,0.121,0.023726497960975392
718,859,141,0.141,0.023933410747675226
792,896,104,0.104,0.02047737291746307
720,860,140,0.14,0.024765425359946677
764,882,118,0.118,0.02543232104179333
802,901,99,0.099,0.020982697072671728
778,889,111,0.111,0.022815596692671535
692,846,154,0.154,0.02527577306330204
758,879,121,0.121,0.02551846098311944
794,897,103,0.103,0.022697258294094354
770,885,115,0.115,0.026240661809802987
732,866,134,0.134,0.02090996259939857
758,879,121,0.121,0.022957511371176225
794,897,103,0.103,0.01393233301321743
776,888,112,0.112,0.022354421713098416
828,914,86,0.086,0.01366506716189906
762,881,119,0.119,0.019606758186244407
802,901,99,0.099,0.016429468064685353
786,893,107,0.107,0.01906480165227549
794,897,103,0.103,0.018600533359800466
734,867,133,0.133,0.020230642333044672
750,875,125,0.125,0.022726001782604727
784,892,108,0.108,0.017397145440103488
706,853,147,0.147,0.024821537586976774
748,874,126,0.126,0.01849645265674917
758,879,121,0.121,0.02073271710393601
688,844,156,0.156,0.032754438102885614
748,874,126,0.126,0.020373419961644684
752,876,124,0.124,0.019711031695231213
794,897,103,0.103,0.01474765148718143
780,890,110,0.11,0.016046161834266968
724,862,138,0.138,0.02319459336379077
790,895,105,0.105,0.01190054111063364
758,879,121,0.121,0.01771446186763933
702,851,149,0.149,0.022126873440574856
752,876,124,0.124,0.017090633910440373
800,900,100,0.1,0.01492050972985453
818,909,91,0.091,0.014487222726194886
776,888,112,0.112,0.017709240662457888
812,906,94,0.094,0.014685877026189701
780,890,110,0.11,0.018115375886496622
770,885,115,0.115,0.016512324658862782
770,885,115,0.115,0.020113537295546848
750,875,125,0.125,0.020803035142773298
800,900,100,0.1,0.01565636907942826
826,913,87,0.087,0.013814324711733206
730,865,135,0.135,0.017317938100604807
782,891,109,0.109,0.01587398340328946
788,894,106,0.106,0.01820706402212818
742,871,129,0.129,0.018081590886082268
740,870,130,0.13,0.021397804255044322
792,896,104,0.104,0.011080300882029406
724,862,138,0.138,0.02033007061193348
772,886,114,0.114,0.014236058714537649
810,905,95,0.095,0.015905206566734706
810,905,95,0.095,0.015427598287191358
780,890,110,0.11,0.014610028426803184
796,898,102,0.102,0.01481196919939248
766,883,117,0.117,0.02071395821601618
776,888,112,0.112,0.013720936811412685
800,900,100,0.1,0.01611526767507894
790,895,105,0.105,0.01502787930064369
736,868,132,0.132,0.018964842662680895
712,856,144,0.144,0.014779812713008142
728,864,136,0.136,0.014725830366049195
798,899,101,0.101,0.013957270380633418
742,871,129,0.129,0.018754148075240663
756,878,122,0.122,0.015620532635482959
808,904,96,0.096,0.02040824470971711
750,875,125,0.125,0.01687446139831445
740,870,130,0.13,0.013566652665729635
782,891,109,0.109,0.016442092367680742
752,876,124,0.124,0.014622158125581337
818,909,91,0.091,0.014742809282091911
720,860,140,0.14,0.020788941687147598
808,904,96,0.096,0.013870705891167744
716,858,142,0.142,0.020466269041819033
734,867,133,0.133,0.02037155376758892
768,884,116,0.116,0.01404009325237712
720,860,140,0.14,0.020597245217126327
738,869,131,0.131,0.0182700404637435
762,881,119,0.119,0.014885973200493027
760,880,120,0.12,0.015258488453226164
790,895,105,0.105,0.011880393615167122
784,892,108,0.108,0.011860083998763003
790,895,105,0.105,0.013031801002041902
760,880,120,0.12,0.01553596302389633
786,893,107,0.107,0.015679974006940028
736,868,132,0.132,0.0190233880187734
730,865,135,0.135,0.023363054191460834
790,895,105,0.105,0.015062456581537844
744,872,128,0.128,0.019979661850607955
746,873,127,0.127,0.02324562374188099
678,839,161,0.161,0.029584519449272192
734,867,133,0.133,0.020561660406645386
772,886,114,0.114,0.016020583422563503
766,883,117,0.117,0.02304454590450041
708,854,146,0.146,0.02046585543442052
710,855,145,0.145,0.021933595432317817
764,882,118,0.118,0.01815060417994391
752,876,124,0.124,0.017166377716814167
760,880,120,0.12,0.01640638692097855
674,837,163,0.163,0.02441338814503979
736,868,132,0.132,0.01810476526862476
750,875,125,0.125,0.019338029128470224
800,900,100,0.1,0.014106820162734948
730,865,135,0.135,0.015325220533180983
780,890,110,0.11,0.014584903782437323
784,892,108,0.108,0.015540328095841688
756,878,122,0.122,0.014134843135951087
758,879,121,0.121,0.015695813323398398
776,888,112,0.112,0.014894840319087962
758,879,121,0.121,0.014016634264313325
804,902,98,0.098,0.014577830453694332
730,865,135,0.135,0.022048472634342033
746,873,127,0.127,0.018297515629354166
786,893,107,0.107,0.013175193417759147
774,887,113,0.113,0.016884332271816675
764,882,118,0.118,0.015988619348732754
794,897,103,0.103,0.012764248769148253
728,864,136,0.136,0.01692053813120583
710,855,145,0.145,0.022367795198515523
752,876,124,0.124,0.017566258969309273
724,862,138,0.138,0.018715663769136883
744,872,128,0.128,0.013804275022877847
764,882,118,0.118,0.017128600411793742
750,875,125,0.125,0.018270775076991413
790,895,105,0.105,0.014175438727426808
746,873,127,0.127,0.017687603042679256
844,922,78,0.078,0.010039315074216574
760,880,120,0.12,0.013392706589016598
780,890,110,0.11,0.01155004695491516
808,904,96,0.096,0.010038567379669985
714,857,143,0.143,0.013407181610702538
762,881,119,0.119,0.013449227085569873
716,858,142,0.142,0.020899463047273456
768,884,116,0.116,0.010284135231049731
742,871,129,0.129,0.011061482433404308
762,881,119,0.119,0.013742733118589968
812,906,94,0.094,0.012920402232644847
762,881,119,0.119,0.014616273023886605
760,880,120,0.12,0.01588981100730598
850,925,75,0.075,0.010051993363595102
794,897,103,0.103,0.013512986967951291
758,879,121,0.121,0.015165395146905212
742,871,129,0.129,0.01211094803031301
792,896,104,0.104,0.013260430499736684
702,851,149,0.149,0.01724073306604987
690,845,155,0.155,0.02134425793698756
808,904,96,0.096,0.011102595313481288
702,851,149,0.149,0.01978581001829298
782,891,109,0.109,0.0163035233146511
786,893,107,0.107,0.012954385088058188
758,879,121,0.121,0.015319504670973401
762,881,119,0.119,0.011092258627846604
786,893,107,0.107,0.015390277826052625
728,864,136,0.136,0.018474314601218792
740,870,130,0.13,0.018412049819366075
786,893,107,0.107,0.013704682988172862
770,885,115,0.115,0.01270344228830072
762,881,119,0.119,0.01421193928271532
756,878,122,0.122,0.012109147699549794
782,891,109,0.109,0.010983210936654358
744,872,128,0.128,0.01694456388958497
790,895,105,0.105,0.007680731864355039
776,888,112,0.112,0.013820268014183967
778,889,111,0.111,0.012512114707322325
746,873,127,0.127,0.013624597877962514
764,882,118,0.118,0.013707787096267566
778,889,111,0.111,0.009103430106915767
766,883,117,0.117,0.012145595077774487
746,873,127,0.127,0.012353500108292791
730,865,135,0.135,0.01750318127439823
806,903,97,0.097,0.011745975606318097
802,901,99,0.099,0.011204120048176265
800,900,100,0.1,0.012318857783946442
746,873,127,0.127,0.01776585796731524
794,897,103,0.103,0.014529276670480613
736,868,132,0.132,0.014449786992423469
734,867,133,0.133,0.012664805672979128
750,875,125,0.125,0.016251828154083343
752,876,124,0.124,0.01802255979771144
714,857,143,0.143,0.017244287291134242
726,863,137,0.137,0.016154787313658745
798,899,101,0.101,0.013068864492408466
742,871,129,0.129,0.013194397811806993
746,873,127,0.127,0.013624555235903245
740,870,130,0.13,0.01701322111126501
766,883,117,0.117,0.014533328160294331
754,877,123,0.123,0.012361703092814423
734,867,133,0.133,0.016663083846564404
722,861,139,0.139,0.01588987722271122
750,875,125,0.125,0.01336490940686781
756,878,122,0.122,0.012801900524529628
772,886,114,0.114,0.012209840731753503
732,866,134,0.134,0.015195923393359408
724,862,138,0.138,0.016860799135058186
700,850,150,0.15,0.019614097559824586
750,875,125,0.125,0.011834198408469093
758,879,121,0.121,0.013713439508341254
770,885,115,0.115,0.01741792669490678
738,869,131,0.131,0.016169600406778045
738,869,131,0.131,0.017526965319761074
736,868,132,0.132,0.012288559578344575
764,882,118,0.118,0.011312383887823671
792,896,104,0.104,0.010973212786659133
738,869,131,0.131,0.014235469351348002
838,919,81,0.081,0.0072109027642
780,890,110,0.11,0.013092720098909922
758,879,121,0.121,0.015017937865224667
722,861,139,0.139,0.012958491711644456
802,901,99,0.099,0.009509688383317552
798,899,101,0.101,0.010594356334215262
784,892,108,0.108,0.009801947106810985
764,882,118,0.118,0.010319376082974487
764,882,118,0.118,0.013181598005525302
708,854,146,0.146,0.014998505582625513
768,884,116,0.116,0.011174355696188286
788,894,106,0.106,0.009907427568166895
768,884,116,0.116,0.012080824115022551
804,902,98,0.098,0.011836477299424587
782,891,109,0.109,0.012321571725566173
738,869,131,0.131,0.013938033077516593
834,917,83,0.083,0.010400414796138648
738,869,131,0.131,0.013491655395308043
678,839,161,0.161,0.018262252096115844
780,890,110,0.11,0.012804726541275159
772,886,114,0.114,0.009153743382703396
792,896,104,0.104,0.008011166647745994
798,899,101,0.101,0.012019019252882571
822,911,89,0.089,0.0066940960647771134
772,886,114,0.114,0.011205862564325798
766,883,117,0.117,0.01044189809061936
758,879,121,0.121,0.010146170898748096
752,876,124,0.124,0.01076941568957409
812,906,94,0.094,0.01133566997089656
802,901,99,0.099,0.010151796050035045
690,845,155,0.155,0.01781389542145189
788,894,106,0.106,0.014376580147189089
760,880,120,0.12,0.015159974243491888
720,860,140,0.14,0.014291849996079692
736,868,132,0.132,0.01323766504431842
732,866,134,0.134,0.014672549018636346
796,898,102,0.102,0.014449397036107257
780,890,110,0.11,0.01126245609932812
808,904,96,0.096,0.011817152994917706
720,860,140,0.14,0.013930269500182476
762,881,119,0.119,0.010064844794629607
778,889,111,0.111,0.011988998408836778
812,906,94,0.094,0.015937052169756497
820,910,90,0.09,0.010462149419880006
806,903,97,0.097,0.010685019138123607
778,889,111,0.111,0.011699604588444344
742,871,129,0.129,0.012798992881493177
730,865,135,0.135,0.016338590081606527
766,883,117,0.117,0.01512897802371299
766,883,117,0.117,0.012093469828891102
790,895,105,0.105,0.010148524947871919
746,873,127,0.127,0.017288712898211087
752,876,124,0.124,0.013725694199791178
756,878,122,0.122,0.013183826685068198
750,875,125,0.125,0.012965661413443741
836,918,82,0.082,0.009115540444036015
738,869,131,0.131,0.013734470590599812
828,914,86,0.086,0.01147205248021055
740,870,130,0.13,0.015092801934224553
764,882,118,0.118,0.013034115298418329
776,888,112,0.112,0.014630203718377742
736,868,132,0.132,0.012105757829907816
810,905,95,0.095,0.007587665565195493
712,856,144,0.144,0.012129686557804234
768,884,116,0.116,0.014513095124391839
762,881,119,0.119,0.012731721199699678
794,897,103,0.103,0.012763034992443863
746,873,127,0.127,0.014951031347503885
778,889,111,0.111,0.011594518153520767
864,932,68,0.068,0.008695570877112913
736,868,132,0.132,0.014838390106364386
824,912,88,0.088,0.0074932629732065836
744,872,128,0.128,0.014662666723539587
804,902,98,0.098,0.013726973696029744
756,878,122,0.122,0.011628478218393867
738,869,131,0.131,0.014320044801221229
722,861,139,0.139,0.016682068910216914
746,873,127,0.127,0.015683909388957546
752,876,124,0.124,0.015080275835003704
776,888,112,0.112,0.015410054523614235
722,861,139,0.139,0.01807520924176788
750,875,125,0.125,0.017715620094677434
752,876,124,0.124,0.017508193091489373
792,896,104,0.104,0.013658873230044265
790,895,105,0.105,0.015516437588841653
736,868,132,0.132,0.01235279917169828
812,906,94,0.094,0.010785025752644287
786,893,107,0.107,0.014945848285453395
740,870,130,0.13,0.016403504000743852
736,868,132,0.132,0.016881571342702954
728,864,136,0.136,0.01606142201437615
760,880,120,0.12,0.012794156934483908
768,884,116,0.116,0.009126773184339982
748,874,126,0.126,0.01209695858269697
800,900,100,0.1,0.012278339315729681
784,892,108,0.108,0.009088051837170496
802,901,99,0.099,0.00897592331841588
754,877,123,0.123,0.0107754990736139
770,885,115,0.115,0.012503107519354672
806,903,97,0.097,0.0109212458357797
742,871,129,0.129,0.01292897174259997
754,877,123,0.123,0.012890835055266506
738,869,131,0.131,0.018209086908085738
784,892,108,0.108,0.010710146043624262
734,867,133,0.133,0.014717245625099167
736,868,132,0.132,0.015103511734690983
694,847,153,0.153,0.014686344043489953
766,883,117,0.117,0.010483794115541968
804,902,98,0.098,0.008459041394264205
760,880,120,0.12,0.00875802295282483
796,898,102,0.102,0.010842834025417688
734,867,133,0.133,0.009156191300426143
732,866,134,0.134,0.009410191071918234
744,872,128,0.128,0.010813805570302065
794,897,103,0.103,0.008118818743503653
730,865,135,0.135,0.011297871367452899
722,861,139,0.139,0.014975198167201597
754,877,123,0.123,0.014421742508246098
752,876,124,0.124,0.008830712315626443
760,880,120,0.12,0.013292918153456412
750,875,125,0.125,0.010961183134349994
742,871,129,0.129,0.009912357436085586
712,856,144,0.144,0.016959263374796137
784,892,108,0.108,0.010497348080534721
762,881,119,0.119,0.010650923555134795
740,870,130,0.13,0.013549066166917327
708,854,146,0.146,0.010581728429475334
798,899,101,0.101,0.009291836290853098
734,867,133,0.133,0.010837607421097345
784,892,108,0.108,0.012332514235720737
764,882,118,0.118,0.009152211522479775
740,870,130,0.13,0.013891380246030167
770,885,115,0.115,0.008929016242382204
760,880,120,0.12,0.007462983077624813
696,848,152,0.152,0.014547959773510229
756,878,122,0.122,0.01059178239380708
782,891,109,0.109,0.007544695031479932
766,883,117,0.117,0.010216418661235366
840,920,80,0.08,0.007976853654545266
772,886,114,0.114,0.010914686969539617
788,894,106,0.106,0.008768306661804672
772,886,114,0.114,0.00963859836384654
744,872,128,0.128,0.008580307374184486
732,866,134,0.134,0.010025050251628273
768,884,116,0.116,0.008410182202176656
746,873,127,0.127,0.008490258727571927
804,902,98,0.098,0.009047276138095185
786,893,107,0.107,0.009177598960406612
756,878,122,0.122,0.010010214599198661
774,887,113,0.113,0.012917792944819666
796,898,102,0.102,0.008714422465855022
728,864,136,0.136,0.010371647650259547
708,854,146,0.146,0.01245063822483644
812,906,94,0.094,0.00812187225589878
740,870,130,0.13,0.010558819256373682
790,895,105,0.105,0.011009979198803194
776,888,112,0.112,0.009070247782219668
788,894,106,0.106,0.010401442392147147
774,887,113,0.113,0.010953016565646977
788,894,106,0.106,0.00831908200395992
752,876,124,0.124,0.009477756359498017
782,891,109,0.109,0.009023030060983728
746,873,127,0.127,0.01136819439008832
758,879,121,0.121,0.010555806691409089
790,895,105,0.105,0.013291716436273419
774,887,113,0.113,0.010019483559386573
736,868,132,0.132,0.011236118936620187
738,869,131,0.131,0.011504265198251233
798,899,101,0.101,0.010426239871885628
802,901,99,0.099,0.008856242104375269
790,895,105,0.105,0.013240447317133657
772,886,114,0.114,0.009445257683342789
778,889,111,0.111,0.010766369266959373
790,895,105,0.105,0.009293720828718505
772,886,114,0.114,0.00998336164758075
782,891,109,0.109,0.011528739981935359
850,925,75,0.075,0.007184641147498041
810,905,95,0.095,0.00922586096136365
764,882,118,0.118,0.00890568050238653
732,866,134,0.134,0.011063531266408973
782,891,109,0.109,0.008565415599034168
768,884,116,0.116,0.008911355914198794
734,867,133,0.133,0.01032668716495391
764,882,118,0.118,0.00927104122430319
794,897,103,0.103,0.009000595611287281
816,908,92,0.092,0.007554010420513805
784,892,108,0.108,0.010160740359278862
758,879,121,0.121,0.01012629342265427
708,854,146,0.146,0.01080830731720198
744,872,128,0.128,0.010433727649389766
762,881,119,0.119,0.009075237284880132
740,870,130,0.13,0.011415958801168018
760,880,120,0.12,0.013265323583967984
768,884,116,0.116,0.011621174006257206
766,883,117,0.117,0.010472996386466548
742,871,129,0.129,0.011074514055042528
754,877,123,0.123,0.010678438026108778
768,884,116,0.116,0.008536505307303741
700,850,150,0.15,0.01565600612212438
824,912,88,0.088,0.00826879718969576
758,879,121,0.121,0.01253853755822638
810,905,95,0.095,0.01048460230731871
734,867,133,0.133,0.011291568588349036
770,885,115,0.115,0.011115565394051372
770,885,115,0.115,0.010122229665634223
724,862,138,0.138,0.014218548968434334
750,875,125,0.125,0.013999539254349656
742,871,129,0.129,0.010224030673736706
752,876,124,0.124,0.010459763563878368
762,881,119,0.119,0.009112439081887715
750,875,125,0.125,0.011234913258056622
740,870,130,0.13,0.011792429191642442
730,865,135,0.135,0.01225319118220068
718,859,141,0.141,0.010231563616194763
788,894,106,0.106,0.01085236911114771
758,879,121,0.121,0.009515424465527758
808,904,96,0.096,0.008928749758808408
704,852,148,0.148,0.012038854130893015
738,869,131,0.131,0.011687373357475736
792,896,104,0.104,0.010119073517504148
756,878,122,0.122,0.012757757551094982
782,891,109,0.109,0.011143598005990497
786,893,107,0.107,0.009609721948334482
748,874,126,0.126,0.012296050960896537
784,892,108,0.108,0.011103659107990098
754,877,123,0.123,0.013604721806012094
816,908,92,0.092,0.007716649437090382
706,853,147,0.147,0.013862911363365128
722,861,139,0.139,0.011427698987012264
748,874,126,0.126,0.01369476831931388
778,889,111,0.111,0.011141026515309932
788,894,106,0.106,0.010518822629121133
764,882,118,0.118,0.010949266477953643
748,874,126,0.126,0.015521171902481002
802,901,99,0.099,0.008439757545595058
792,896,104,0.104,0.01067958576302044
754,877,123,0.123,0.012479684728605207
762,881,119,0.119,0.011890691059757956
716,858,142,0.142,0.017970587375340984
758,879,121,0.121,0.013028469436627346
746,873,127,0.127,0.011930424357240553
726,863,137,0.137,0.017339561235974542
780,890,110,0.11,0.012634848030458671
746,873,127,0.127,0.013515286962676327
780,890,110,0.11,0.013347951155854389
736,868,132,0.132,0.009935940032068174
716,858,142,0.142,0.014250901059247553
758,879,121,0.121,0.012865807047055568
780,890,110,0.11,0.012610813703970053
810,905,95,0.095,0.010253491265350021
742,871,129,0.129,0.010165459333278705
670,835,165,0.165,0.014928990373155102
744,872,128,0.128,0.012638366153929383
862,931,69,0.069,0.006813543008756823
740,870,130,0.13,0.009759588278306183
822,911,89,0.089,0.010090898911934347
804,902,98,0.098,0.00820331603741215
794,897,103,0.103,0.00995709310710663
758,879,121,0.121,0.010720554647094104
780,890,110,0.11,0.011331653699744492
754,877,123,0.123,0.00989120217389427
804,902,98,0.098,0.010890857080579736
698,849,151,0.151,0.015655531131196766
776,888,112,0.112,0.011663636706653052
754,877,123,0.123,0.009071187319525052
782,891,109,0.109,0.011791265474865214
774,887,113,0.113,0.00925032562384149
798,899,101,0.101,0.008525761614146176
798,899,101,0.101,0.008581260040344204
742,871,129,0.129,0.01033725163305644
788,894,106,0.106,0.009292399899277371
790,895,105,0.105,0.008310566546279007
822,911,89,0.089,0.007518377960135695
792,896,104,0.104,0.010904353623976931
674,837,163,0.163,0.01090917653334327
750,875,125,0.125,0.012627205400378443
770,885,115,0.115,0.010152475774928461
782,891,109,0.109,0.009650643400033005
740,870,130,0.13,0.008603281460527796
726,863,137,0.137,0.012522566587489565
728,864,136,0.136,0.011115181271452456
730,865,135,0.135,0.012485273092257557
768,884,116,0.116,0.010729423229640815
846,923,77,0.077,0.008099670065101237
792,896,104,0.104,0.006991909763106378
752,876,124,0.124,0.008882997737266123
772,886,114,0.114,0.008371184463612735
770,885,115,0.115,0.01036847549729282
762,881,119,0.119,0.01029929389071185
734,867,133,0.133,0.008489464212296297
762,881,119,0.119,0.009994689425104298
716,858,142,0.142,0.00950352340817335
722,861,139,0.139,0.009109107236610726
792,896,104,0.104,0.009053966169594786
738,869,131,0.131,0.011283496944233775
750,875,125,0.125,0.00996860895329155
764,882,118,0.118,0.008814316268370022
716,858,142,0.142,0.011858631506212986
750,875,125,0.125,0.01157456841925159
758,879,121,0.121,0.009707166761509144
768,884,116,0.116,0.010176158639369532
742,871,129,0.129,0.012743347012787126
734,867,133,0.133,0.00860572213260457
726,863,137,0.137,0.009006000761291943
808,904,96,0.096,0.008673897293629124
780,890,110,0.11,0.009772137937892694
760,880,120,0.12,0.01070190636953339
698,849,151,0.151,0.010332500429358333
784,892,108,0.108,0.006909880664898083
710,855,145,0.145,0.008719283317099326
806,903,97,0.097,0.007006605400703848
774,887,113,0.113,0.006724591758917086
778,889,111,0.111,0.007561179206415546
732,866,134,0.134,0.008782506519637537
750,875,125,0.125,0.009756785335135645
850,925,75,0.075,0.0058745252492371945
786,893,107,0.107,0.007617836990393698
744,872,128,0.128,0.009952690317179077
744,872,128,0.128,0.008634172008140012
752,876,124,0.124,0.007592965729360003
814,907,93,0.093,0.008456096598587464
696,848,152,0.152,0.009057489877799526
720,860,140,0.14,0.010649963949457742
774,887,113,0.113,0.007554788140696473
718,859,141,0.141,0.010159987667750102
776,888,112,0.112,0.013399531295290217
784,892,108,0.108,0.00948920614673989
772,886,114,0.114,0.009716824042843655
764,882,118,0.118,0.009258690184680745
794,897,103,0.103,0.007165633615863044
800,900,100,0.1,0.008351781614648644
746,873,127,0.127,0.0070815416364348495
760,880,120,0.12,0.009835592478106264
808,904,96,0.096,0.008092176682897844
696,848,152,0.152,0.008798367101931945
848,924,76,0.076,0.005989780854768469
772,886,114,0.114,0.006961382026434876
768,884,116,0.116,0.007149216760881245
738,869,131,0.131,0.00997449399146717
770,885,115,0.115,0.010497994188801386
784,892,108,0.108,0.008215714913094417
810,905,95,0.095,0.008307201741787139
776,888,112,0.112,0.008550690199655946
718,859,141,0.141,0.010039391790865921
824,912,88,0.088,0.005845138800563291
732,866,134,0.134,0.008283355491701514
812,906,94,0.094,0.00884945235826308
782,891,109,0.109,0.009067138007143512
770,885,115,0.115,0.008514091796358116
772,886,114,0.114,0.008830887395481114
732,866,134,0.134,0.00955193878035061
766,883,117,0.117,0.008723178231273778
770,885,115,0.115,0.00920817484043073
756,878,122,0.122,0.007250033027259633
802,901,99,0.099,0.0070494671815540646
720,860,140,0.14,0.008024467456853018
754,877,123,0.123,0.009778830626863055
768,884,116,0.116,0.007976672619755846
790,895,105,0.105,0.007950248020759318
764,882,118,0.118,0.006835852376825642
748,874,126,0.126,0.006988124385708943
758,879,121,0.121,0.0070295509102288635
722,861,139,0.139,0.008880541664781048
734,867,133,0.133,0.008452906273887492
742,871,129,0.129,0.009763722954288824
744,872,128,0.128,0.008563167155894917
754,877,123,0.123,0.008097858760476811
706,853,147,0.147,0.007179716948710848
784,892,108,0.108,0.007055678468197584
830,915,85,0.085,0.0056672775463375725
840,920,80,0.08,0.005563050835873582
738,869,131,0.131,0.0078746603334439
806,903,97,0.097,0.0063217489177186505
718,859,141,0.141,0.0075289935125183545
716,858,142,0.142,0.0073027989064576105
750,875,125,0.125,0.007122383720998187
766,883,117,0.117,0.007274702918191906
756,878,122,0.122,0.005801976428017951
782,891,109,0.109,0.006200622039526934
724,862,138,0.138,0.007751521465950645
830,915,85,0.085,0.00431439511658391
748,874,126,0.126,0.006901895844377577
750,875,125,0.125,0.006549531988741365
754,877,123,0.123,0.007783063964918256
766,883,117,0.117,0.006413126666768221
748,874,126,0.126,0.007294412484712666
782,891,109,0.109,0.005659390765235002
776,888,112,0.112,0.006429126363917021
752,876,124,0.124,0.006414002511417493
756,878,122,0.122,0.005327305666476605
750,875,125,0.125,0.005673088943673065
738,869,131,0.131,0.008200539404060691
798,899,101,0.101,0.004733118181262398
784,892,108,0.108,0.005905278049554909
784,892,108,0.108,0.004784026080436888
730,865,135,0.135,0.00756861930625746
814,907,93,0.093,0.004445490686572157
794,897,103,0.103,0.006333260696759681
742,871,129,0.129,0.00622531659885135
776,888,112,0.112,0.005506993774441071
746,873,127,0.127,0.006611262020625872
720,860,140,0.14,0.007099783004698111
708,854,146,0.146,0.006878530115704052
764,882,118,0.118,0.006715260795666836
776,888,112,0.112,0.006081216683029197
728,864,136,0.136,0.010405528066505212
716,858,142,0.142,0.009143977496452863
816,908,92,0.092,0.006054123524780152
776,888,112,0.112,0.006636077214061516
740,870,130,0.13,0.007138566579320468
834,917,83,0.083,0.0045995993221295065
732,866,134,0.134,0.0053122039906738795
744,872,128,0.128,0.006028491642093286
758,879,121,0.121,0.006718549129553139
774,887,113,0.113,0.0050739221341209485
760,880,120,0.12,0.004908066530333599
758,879,121,0.121,0.006870849157567136
714,857,143,0.143,0.006523588183365064
688,844,156,0.156,0.008494501165201654
766,883,117,0.117,0.00805375175504014
768,884,116,0.116,0.007814161306421739
774,887,113,0.113,0.005955479519150686
740,870,130,0.13,0.00680766333261272
770,885,115,0.115,0.0060368888372904625
666,833,167,0.167,0.010407724131655414
724,862,138,0.138,0.007625738870265195
770,885,115,0.115,0.005861685188341653
764,882,118,0.118,0.005827945244731381
772,886,114,0.114,0.008438494699250442
766,883,117,0.117,0.0066284891126560976
746,873,127,0.127,0.006596906843595206
712,856,144,0.144,0.007752784512907965
808,904,96,0.096,0.005908331215032377
724,862,138,0.138,0.007570264028443489
746,873,127,0.127,0.007865359119023196
822,911,89,0.089,0.007175836345180869
728,864,136,0.136,0.009590217417222447
760,880,120,0.12,0.010484580064774492
734,867,133,0.133,0.007343884008820169
728,864,136,0.136,0.00892862091131974
788,894,106,0.106,0.006169887294119689
768,884,116,0.116,0.007588272699154914
714,857,143,0.143,0.011502000528969802
766,883,117,0.117,0.00591514917119639
746,873,127,0.127,0.008595376782934181
780,890,110,0.11,0.006204099406837486
758,879,121,0.121,0.0066919641292770395
784,892,108,0.108,0.006528209152689669
750,875,125,0.125,0.008154572052066215
760,880,120,0.12,0.00809484075178625
724,862,138,0.138,0.0070862584417336625
790,895,105,0.105,0.005373241480148863
732,866,134,0.134,0.007067747307301034
750,875,125,0.125,0.006289373389969114
710,855,145,0.145,0.007338586542668054
754,877,123,0.123,0.007133068467141129
828,914,86,0.086,0.005008455650735414
736,868,132,0.132,0.005836226017621812
760,880,120,0.12,0.006891885427176021
830,915,85,0.085,0.004307049807539443
764,882,118,0.118,0.0048416517867881335
782,891,109,0.109,0.006008073789969785
818,909,91,0.091,0.0060342332774598615
812,906,94,0.094,0.004981360767298611
790,895,105,0.105,0.005416110957739874
732,866,134,0.134,0.0073964536938001405
780,890,110,0.11,0.007342674424202414
770,885,115,0.115,0.005931533928000135
774,887,113,0.113,0.005842816194868646
756,878,122,0.122,0.008863522511965129
732,866,134,0.134,0.007092996713181492
796,898,102,0.102,0.006228626869502477
776,888,112,0.112,0.0057320636000367815
754,877,123,0.123,0.0058901612387344355
774,887,113,0.113,0.006600737496337388
742,871,129,0.129,0.005551208287768531
746,873,127,0.127,0.006037331838160753
744,872,128,0.128,0.0064113410546560775
712,856,144,0.144,0.007404308019671589
748,874,126,0.126,0.0068722342991386545
854,927,73,0.073,0.004261897820717423
790,895,105,0.105,0.006242515074089169
756,878,122,0.122,0.005129539700952592
798,899,101,0.101,0.006288175340741873
782,891,109,0.109,0.006451567511976464
806,903,97,0.097,0.006369203735375777
782,891,109,0.109,0.005724100116000045
786,893,107,0.107,0.00538095892831916
776,888,112,0.112,0.005429021154472139
706,853,147,0.147,0.00801061016600579
784,892,108,0.108,0.006217751589341788
748,874,126,0.126,0.006189595254021697
770,885,115,0.115,0.00651127094757976
778,889,111,0.111,0.008989985058782622
834,917,83,0.083,0.006907669242093107
696,848,152,0.152,0.008710574292344973
746,873,127,0.127,0.007916578779113479
786,893,107,0.107,0.00790327560575679
794,897,103,0.103,0.005368971935822629
708,854,146,0.146,0.007717761195148341
752,876,124,0.124,0.007076398567005526
726,863,137,0.137,0.008293410631129518
742,871,129,0.129,0.007584500027995091
714,857,143,0.143,0.009048326450109017
772,886,114,0.114,0.007986168843781343
728,864,136,0.136,0.008806218922953121
714,857,143,0.143,0.01067455857328605
752,876,124,0.124,0.006756134509399999
766,883,117,0.117,0.008251882843789644
738,869,131,0.131,0.00760978438454913
742,871,129,0.129,0.0069576507135061545
718,859,141,0.141,0.009231582328153309
764,882,118,0.118,0.008221415937470737
788,894,106,0.106,0.0059657525317452385
764,882,118,0.118,0.006286402709025424
754,877,123,0.123,0.0068390490743040575
764,882,118,0.118,0.006732887156424112
690,845,155,0.155,0.008390895517892204
784,892,108,0.108,0.007428623384737875
698,849,151,0.151,0.008037661754293367
694,847,153,0.153,0.009331253279990051
722,861,139,0.139,0.007449118529679254
774,887,113,0.113,0.007006815207714681
752,876,124,0.124,0.00711062651471002
774,887,113,0.113,0.008321667816897388
722,861,139,0.139,0.008982519215205684
740,870,130,0.13,0.012018303661141545
786,893,107,0.107,0.007166192981123459
806,903,97,0.097,0.008194978664978408
820,910,90,0.09,0.0065526893112109975
776,888,112,0.112,0.006353483264829265
804,902,98,0.098,0.0063491591265774335
814,907,93,0.093,0.0069833953914348965
772,886,114,0.114,0.008026378986949566
794,897,103,0.103,0.005522564966231585
782,891,109,0.109,0.005907521667890251
764,882,118,0.118,0.0053974092853604815
698,849,151,0.151,0.009496285961766262
772,886,114,0.114,0.006185498612263473
766,883,117,0.117,0.005638478211854817
780,890,110,0.11,0.007398425532301189
808,904,96,0.096,0.0055982134048972515
766,883,117,0.117,0.008516271841479465
738,869,131,0.131,0.007683480818930548
774,887,113,0.113,0.009376258424541447
806,903,97,0.097,0.010467843580350746
704,852,148,0.148,0.008941746619471815
688,844,156,0.156,0.009840761301806196
784,892,108,0.108,0.007308592988993041
784,892,108,0.108,0.010015823656984139
804,902,98,0.098,0.007589302182896063
734,867,133,0.133,0.009649188699549996
794,897,103,0.103,0.00917998390190769
744,872,128,0.128,0.007492228810791857
750,875,125,0.125,0.008581575404270552
730,865,135,0.135,0.00924581770360237
734,867,133,0.133,0.01010699902306078
778,889,111,0.111,0.0046368737739976495
762,881,119,0.119,0.005768424964917358
738,869,131,0.131,0.007916054993198486
856,928,72,0.072,0.0046200107708573345
808,904,96,0.096,0.005577767990180291
784,892,108,0.108,0.005080533926899079
772,886,114,0.114,0.0057557468346203676
746,873,127,0.127,0.006762811526481528
752,876,124,0.124,0.007777966759749688
758,879,121,0.121,0.006000489510304761
778,889,111,0.111,0.005773645471199415
806,903,97,0.097,0.005976981170213548
772,886,114,0.114,0.006494457383581903
748,874,126,0.126,0.006761123061995022
744,872,128,0.128,0.007046847360848915
728,864,136,0.136,0.01011495664610993
718,859,141,0.141,0.008641068153548986
756,878,122,0.122,0.006605002793105086
758,879,121,0.121,0.007699552788835717
806,903,97,0.097,0.005614228759368416
814,907,93,0.093,0.006534767018558341
742,871,129,0.129,0.004991486679558875
830,915,85,0.085,0.005731144140387187
736,868,132,0.132,0.006972011542093242
834,917,83,0.083,0.0049897801229381
774,887,113,0.113,0.004718300641048699
750,875,125,0.125,0.006217272299400065
756,878,122,0.122,0.005948321064090123
766,883,117,0.117,0.005969220659055282
744,872,128,0.128,0.005502168319333578
756,878,122,0.122,0.00619975728073041
750,875,125,0.125,0.006333909177628811
782,891,109,0.109,0.006472566530545009
708,854,146,0.146,0.007350805206689984
776,888,112,0.112,0.005847030834876932
786,893,107,0.107,0.0054700961695343725
788,894,106,0.106,0.006060676706692902
830,915,85,0.085,0.004835653929389082
752,876,124,0.124,0.00592136012937408
776,888,112,0.112,0.00544964954603347
796,898,102,0.102,0.005882090135914041
764,882,118,0.118,0.006636282560823019
774,887,113,0.113,0.005079923637211323
720,860,140,0.14,0.0066630731541663405
764,882,118,0.118,0.005682957787124906
790,895,105,0.105,0.0039268918369780295
768,884,116,0.116,0.006226002709270688
820,910,90,0.09,0.0043214414972171655
664,832,168,0.168,0.008093690292618702
768,884,116,0.116,0.005463689702970441
784,892,108,0.108,0.004799114466295578
750,875,125,0.125,0.004482556717644911
762,881,119,0.119,0.004941322262573522
760,880,120,0.12,0.005180047473346349
778,889,111,0.111,0.00454930479786708
738,869,131,0.131,0.005522077597328462
812,906,94,0.094,0.0054990547921333925
776,888,112,0.112,0.005389034592226381
740,870,130,0.13,0.005768880072399042
782,891,109,0.109,0.005352451218699571
758,879,121,0.121,0.005920765186077915
726,863,137,0.137,0.005975046434963588
764,882,118,0.118,0.005935580200602999
712,856,144,0.144,0.004894812155573163
714,857,143,0.143,0.00581992392608663
788,894,106,0.106,0.006056554892304121
804,902,98,0.098,0.0043691071236389685
806,903,97,0.097,0.003959260674251709
762,881,119,0.119,0.005189128238533158
796,898,102,0.102,0.005882086524856276
770,885,115,0.115,0.004899623266072012
726,863,137,0.137,0.005602085045306012
778,889,111,0.111,0.004669417046505259
758,879,121,0.121,0.004389601204282371
784,892,108,0.108,0.0041416421079775315
782,891,109,0.109,0.0057051491559832355
716,858,142,0.142,0.004914949250902282
748,874,126,0.126,0.00586889348202385
798,899,101,0.101,0.004634078498871532
752,876,124,0.124,0.007196650574333035
766,883,117,0.117,0.005075430956901983
744,872,128,0.128,0.006354440577095374
796,898,102,0.102,0.005640632837894372
764,882,118,0.118,0.006784688697895035
760,880,120,0.12,0.006608652543916833
818,909,91,0.091,0.0057267525665374705
724,862,138,0.138,0.0067585914061055515
732,866,134,0.134,0.00773174159694463
702,851,149,0.149,0.00801908468879992
762,881,119,0.119,0.0076112839261186305
742,871,129,0.129,0.008824620914354455
804,902,98,0.098,0.007218314181547612
784,892,108,0.108,0.00786662568023894
722,861,139,0.139,0.00753425966546638
700,850,150,0.15,0.007999807993648574
764,882,118,0.118,0.005690296237531584
744,872,128,0.128,0.0067806680816865994
776,888,112,0.112,0.005900056364538614
786,893,107,0.107,0.005763119361829013
772,886,114,0.114,0.007049017756216926
808,904,96,0.096,0.006351270266197389
812,906,94,0.094,0.003985611224139575
774,887,113,0.113,0.0050667476841190365
808,904,96,0.096,0.004194679522799561
760,880,120,0.12,0.0048623479231318925
734,867,133,0.133,0.005275660414918093
758,879,121,0.121,0.005263677930663107
790,895,105,0.105,0.00481666471902281
742,871,129,0.129,0.004379661372688133
680,840,160,0.16,0.009499047871737274
734,867,133,0.133,0.008886039891076508
828,914,86,0.086,0.0052904708110436335
700,850,150,0.15,0.008886143348354381
796,898,102,0.102,0.005454057298135012
762,881,119,0.119,0.007339313400851097
768,884,116,0.116,0.006677998781000497
806,903,97,0.097,0.005050171700189821
734,867,133,0.133,0.0064350436747772615
796,898,102,0.102,0.007084689621638972
768,884,116,0.116,0.005930974456015974
774,887,113,0.113,0.006369762964837719
760,880,120,0.12,0.008183755264501087
752,876,124,0.124,0.005668850322079379
788,894,106,0.106,0.008183382096176502
754,877,123,0.123,0.005981033922347706
750,875,125,0.125,0.0055339903149870225
768,884,116,0.116,0.006375693381123711
740,870,130,0.13,0.009031432160729309
744,872,128,0.128,0.007227774718194269
788,894,106,0.106,0.00655466120201163
764,882,118,0.118,0.006856125787133351
766,883,117,0.117,0.007805450852960348
806,903,97,0.097,0.005807575002836529
770,885,115,0.115,0.005051839130173903
768,884,116,0.116,0.007117214216501452
706,853,147,0.147,0.008226781157020014
744,872,128,0.128,0.008029172657523304
780,890,110,0.11,0.006190476081916131
774,887,113,0.113,0.006834061546833255
812,906,94,0.094,0.0052754054906254165
790,895,105,0.105,0.006215197423764039
772,886,114,0.114,0.00678751251459471
768,884,116,0.116,0.006329350799205713
810,905,95,0.095,0.005749597243848257
746,873,127,0.127,0.005573091769416351
814,907,93,0.093,0.005149060746829491
702,851,149,0.149,0.0058161539857392195
762,881,119,0.119,0.006216372136492282
798,899,101,0.101,0.005561019963235594
798,899,101,0.101,0.005681563394406112
806,903,97,0.097,0.004338313117972575
748,874,126,0.126,0.0054036337670404465
724,862,138,0.138,0.006637167050153948
768,884,116,0.116,0.006677269274019636
708,854,146,0.146,0.005796373471821425
804,902,98,0.098,0.005617420446826145
786,893,107,0.107,0.005960905690502841
798,899,101,0.101,0.0046725555846060165
742,871,129,0.129,0.005777712303039152
784,892,108,0.108,0.005966124496859265
750,875,125,0.125,0.005488208148395643
784,892,108,0.108,0.005440689928800566
776,888,112,0.112,0.004838480690319557
746,873,127,0.127,0.007857852677523624
790,895,105,0.105,0.004873594097327441
806,903,97,0.097,0.004755366399069317
768,884,116,0.116,0.005166494014265482
780,890,110,0.11,0.006412300857016817
718,859,141,0.141,0.005946268236381002
808,904,96,0.096,0.00496558157124673
784,892,108,0.108,0.005423151432099985
720,860,140,0.14,0.006718245167343412
774,887,113,0.113,0.004888589166337624
826,913,87,0.087,0.0052169406213797625
856,928,72,0.072,0.0036387317659682594
786,893,107,0.107,0.0069487019317457455
792,896,104,0.104,0.00641130362811964
770,885,115,0.115,0.006602667569299229
802,901,99,0.099,0.006260879139532335
750,875,125,0.125,0.005295342483208515
776,888,112,0.112,0.007123552571109031
762,881,119,0.119,0.007021922960761004
768,884,116,0.116,0.005844958563844557
810,905,95,0.095,0.005731581760599511
712,856,144,0.144,0.007908706994669047
740,870,130,0.13,0.006467822455335408
772,886,114,0.114,0.0061287155163590795
744,872,128,0.128,0.0069031589635415004
816,908,92,0.092,0.004847002774215071
792,896,104,0.104,0.00516238637198694
770,885,115,0.115,0.006540138047974324
798,899,101,0.101,0.00588510254555149
806,903,97,0.097,0.005457737035234458
786,893,107,0.107,0.004742129869409837
780,890,110,0.11,0.005272397578402888
760,880,120,0.12,0.005799991069972748
802,901,99,0.099,0.00574921693187207
768,884,116,0.116,0.006132548164110631
782,891,109,0.109,0.005138313203118742
780,890,110,0.11,0.005321346736629494
762,881,119,0.119,0.006455666582492995
816,908,92,0.092,0.0041373818678548556
776,888,112,0.112,0.005665382269828115
786,893,107,0.107,0.0056501452938246075
710,855,145,0.145,0.0067760845571174285
742,871,129,0.129,0.006324330574512715
790,895,105,0.105,0.005069669535354478
802,901,99,0.099,0.004790567460702732
758,879,121,0.121,0.0060781995863071646
766,883,117,0.117,0.006726862229290418
752,876,124,0.124,0.006566448475583456
780,890,110,0.11,0.006295076038572006
768,884,116,0.116,0.005171570761711337
768,884,116,0.116,0.005624510797613766
774,887,113,0.113,0.004968232019455172
802,901,99,0.099,0.004520220234335284
780,890,110,0.11,0.005184026263828855
758,879,121,0.121,0.005323656134016346
774,887,113,0.113,0.003984573926121811
764,882,118,0.118,0.004097927149094176
728,864,136,0.136,0.0057727409591607284
800,900,100,0.1,0.004528229212330189
752,876,124,0.124,0.006704306599509437
794,897,103,0.103,0.005086845709884074
762,881,119,0.119,0.004763625057938043
764,882,118,0.118,0.005676544765301514
698,849,151,0.151,0.005569353210448753
786,893,107,0.107,0.005495733770920197
712,856,144,0.144,0.005002157710783649
720,860,140,0.14,0.004974232299544383
762,881,119,0.119,0.004947688478219789
774,887,113,0.113,0.00459655199982808
818,909,91,0.091,0.004416886152350343
718,859,141,0.141,0.005779346938070375
830,915,85,0.085,0.0045898216987552585
804,902,98,0.098,0.0037056741217675153
754,877,123,0.123,0.005644872430420947
768,884,116,0.116,0.004814544270659098
732,866,134,0.134,0.005785838647832861
784,892,108,0.108,0.005388061258825474
728,864,136,0.136,0.006208590852620546
790,895,105,0.105,0.0040959814124216795
792,896,104,0.104,0.004653192375000799
732,866,134,0.134,0.006998571061354596
754,877,123,0.123,0.005426578696977231
782,891,109,0.109,0.003739045100577641
750,875,125,0.125,0.005119033138493251
764,882,118,0.118,0.004679595362162218
762,881,119,0.119,0.004288383405801142
812,906,94,0.094,0.004386403573735151
740,870,130,0.13,0.004605142848478863
812,906,94,0.094,0.003165442772791721
778,889,111,0.111,0.004658985248708632
768,884,116,0.116,0.0058787739280087405
800,900,100,0.1,0.0037365552365372424
758,879,121,0.121,0.004670344861660851
744,872,128,0.128,0.004056117346452084
770,885,115,0.115,0.0037033938154636416
754,877,123,0.123,0.0043267573042248845
786,893,107,0.107,0.0037111430554359684
768,884,116,0.116,0.00378148330404656
782,891,109,0.109,0.004333395529916743
764,882,118,0.118,0.003906341923531727
730,865,135,0.135,0.004515735704015242
780,890,110,0.11,0.004140000769402832
788,894,106,0.106,0.0038382504784094636
782,891,109,0.109,0.003577691760394373
754,877,123,0.123,0.0038139518768293785
738,869,131,0.131,0.004342455643694848
778,889,111,0.111,0.0041357015490357295
756,878,122,0.122,0.004383549457648769
750,875,125,0.125,0.004554448201146442
804,902,98,0.098,0.005033087051095208
760,880,120,0.12,0.005043314767477569
764,882,118,0.118,0.004135233345994493
658,829,171,0.171,0.007010599671571981
754,877,123,0.123,0.004386967985337833
764,882,118,0.118,0.004281582822499331
772,886,114,0.114,0.0040452099061803895
798,899,101,0.101,0.004595591970661189
780,890,110,0.11,0.004561415249831043
772,886,114,0.114,0.004816940503456863
784,892,108,0.108,0.004870041845628293
736,868,132,0.132,0.0042318769315024835
776,888,112,0.112,0.00421934242208954
698,849,151,0.151,0.005455379560822621
820,910,90,0.09,0.0038249345322547016
762,881,119,0.119,0.0041887167419772595
702,851,149,0.149,0.00547745393391233
696,848,152,0.152,0.005416104116826318
754,877,123,0.123,0.0046093895781668835
836,918,82,0.082,0.003250537502986845
808,904,96,0.096,0.003818737801979296
782,891,109,0.109,0.004674814280151623
742,871,129,0.129,0.00457930586655857
740,870,130,0.13,0.005045640488649951
788,894,106,0.106,0.003400209984916728
752,876,124,0.124,0.004386521924956469
784,892,108,0.108,0.0031785106495954094
746,873,127,0.127,0.0033113468385708982
796,898,102,0.102,0.0035016483262297698
728,864,136,0.136,0.0039894130255561325
826,913,87,0.087,0.0029187749202537814
758,879,121,0.121,0.004125955543277087
748,874,126,0.126,0.004139963248861022
794,897,103,0.103,0.0038044735380099153
776,888,112,0.112,0.003526916564180283
648,824,176,0.176,0.005544391068775439
802,901,99,0.099,0.004079213619319489
820,910,90,0.09,0.003269672064707265
756,878,122,0.122,0.0032597251477855024
764,882,118,0.118,0.0036378577652503735
746,873,127,0.127,0.005639649429591373
838,919,81,0.081,0.002908308893762296
760,880,120,0.12,0.00459609526238637
758,879,121,0.121,0.0036375436318921857
678,839,161,0.161,0.0046310838079079986
800,900,100,0.1,0.0029965877378126606
820,910,90,0.09,0.002804334112413926
814,907,93,0.093,0.0031144815554580416
796,898,102,0.102,0.003196755280630896
782,891,109,0.109,0.003821573440276552
762,881,119,0.119,0.004572319697239436
762,881,119,0.119,0.004221853422583081
788,894,106,0.106,0.0031208162984839873
752,876,124,0.124,0.0030452761407068463
802,901,99,0.099,0.003902825646000565
780,890,110,0.11,0.004212612195580732
792,896,104,0.104,0.004289116403262597
726,863,137,0.137,0.004983134126377991
758,879,121,0.121,0.003738219924736768
768,884,116,0.116,0.0044582260253409915
778,889,111,0.111,0.0037571154398901856
774,887,113,0.113,0.005098140845017042
728,864,136,0.136,0.005455281833579647
732,866,134,0.134,0.004432440438817139
734,867,133,0.133,0.005901274150819518
780,890,110,0.11,0.0038905849045549985
760,880,120,0.12,0.005357225055398885
788,894,106,0.106,0.003791396588901989
768,884,116,0.116,0.004985778003232554
762,881,119,0.119,0.0047473922075296285
742,871,129,0.129,0.0037511537852114997
778,889,111,0.111,0.0035944025889184557
754,877,123,0.123,0.004539216643344844
780,890,110,0.11,0.003941455649241107
794,897,103,0.103,0.003231172939093085
738,869,131,0.131,0.005103264759236481
784,892,108,0.108,0.0046217158088402354
724,862,138,0.138,0.0037805364675150485
738,869,131,0.131,0.0034470907441573216
808,904,96,0.096,0.003360755686066113
782,891,109,0.109,0.004770832324516959
778,889,111,0.111,0.003899754560639849
758,879,121,0.121,0.004782420783943963
752,876,124,0.124,0.0047290294513222765
740,870,130,0.13,0.005259216040547471
788,894,106,0.106,0.004188913445104845
762,881,119,0.119,0.004090478175334283
774,887,113,0.113,0.003743816390197026
798,899,101,0.101,0.004696565064019524
760,880,120,0.12,0.0050169969070120715
732,866,134,0.134,0.0051637303278257605
764,882,118,0.118,0.0036863258416706232
826,913,87,0.087,0.003289558076678077
724,862,138,0.138,0.005795951971260365
788,894,106,0.106,0.004016818651958602
780,890,110,0.11,0.0038555088877037635
742,871,129,0.129,0.004887494291528128
766,883,117,0.117,0.00425140261548222
798,899,101,0.101,0.0036635014433995822
704,852,148,0.148,0.004461973829107592
828,914,86,0.086,0.0028596676143206423
774,887,113,0.113,0.004446731482865289
788,894,106,0.106,0.004104487498814706
706,853,147,0.147,0.004264000485825818
772,886,114,0.114,0.004434419986588182
728,864,136,0.136,0.004018144955276512
762,881,119,0.119,0.0037735030661860945
738,869,131,0.131,0.0048988441973633595
798,899,101,0.101,0.0037467056372261142
796,898,102,0.102,0.00481515222863527
776,888,112,0.112,0.004464216140302597
762,881,119,0.119,0.004080857815759373
802,901,99,0.099,0.004354484461204265
750,875,125,0.125,0.0031839651358604895
776,888,112,0.112,0.004091516347107245
744,872,128,0.128,0.004205561231588945
734,867,133,0.133,0.004275497918861219
792,896,104,0.104,0.0027925576355773956
710,855,145,0.145,0.005265629972651368
810,905,95,0.095,0.0034343087186280174
796,898,102,0.102,0.0029182170561689418
772,886,114,0.114,0.0037035786696797005
792,896,104,0.104,0.0027239746103296055
766,883,117,0.117,0.004316154032916529
810,905,95,0.095,0.0021947991550550798
786,893,107,0.107,0.0037990871459624032
772,886,114,0.114,0.004048331778263673
746,873,127,0.127,0.003599421165243257
762,881,119,0.119,0.0043462296969955785
754,877,123,0.123,0.0046194685077643955
738,869,131,0.131,0.004928115926362807
764,882,118,0.118,0.004348258056561463
748,874,126,0.126,0.004883420649624895
776,888,112,0.112,0.005471770998527063
812,906,94,0.094,0.0032807110887370073
714,857,143,0.143,0.006251652758714045
824,912,88,0.088,0.003205966743989848
794,897,103,0.103,0.004241950193449156
772,886,114,0.114,0.0045553530584729746
772,886,114,0.114,0.004636093154447735
756,878,122,0.122,0.0042764445663488
742,871,129,0.129,0.004321891765284818
738,869,131,0.131,0.003655133816471789
748,874,126,0.126,0.0035785569432191552
720,860,140,0.14,0.004386258675105637
734,867,133,0.133,0.006081166821531952
772,886,114,0.114,0.0032185272555216218
804,902,98,0.098,0.0036718120859295595
736,868,132,0.132,0.005055139091797173
700,850,150,0.15,0.005473423827788792
780,890,110,0.11,0.004260500106553081
752,876,124,0.124,0.005109434091747972
778,889,111,0.111,0.004528330892819212
746,873,127,0.127,0.005255946285236859
734,867,133,0.133,0.005478830720297992
772,886,114,0.114,0.004170991906896233
744,872,128,0.128,0.005379314359801356
786,893,107,0.107,0.004885553265019553
792,896,104,0.104,0.006341386293410324
774,887,113,0.113,0.005558974463623599
742,871,129,0.129,0.00478327608644031
760,880,120,0.12,0.00478279040043708
738,869,131,0.131,0.004526168542302912
744,872,128,0.128,0.0039894741518364755
748,874,126,0.126,0.004664316943046288
762,881,119,0.119,0.0034117762794921873
768,884,116,0.116,0.00360896739870077
792,896,104,0.104,0.0031850208952091635
762,881,119,0.119,0.0035027011704514732
768,884,116,0.116,0.003852848429989535
740,870,130,0.13,0.0041669469757762275
754,877,123,0.123,0.004467113374441396
740,870,130,0.13,0.003987486375379376
738,869,131,0.131,0.004018108824995579
750,875,125,0.125,0.0036790070722345263
724,862,138,0.138,0.0050289641346316786
716,858,142,0.142,0.004165593201760203
724,862,138,0.138,0.004764913189341314
734,867,133,0.133,0.0048709029843157624
760,880,120,0.12,0.004125361130980309
814,907,93,0.093,0.00347449786492507
752,876,124,0.124,0.0052997324730094985
858,929,71,0.071,0.0019942724873981206
756,878,122,0.122,0.003796314216859173
754,877,123,0.123,0.003453144190629246
782,891,109,0.109,0.0029997982214117654
726,863,137,0.137,0.003564094960573129
786,893,107,0.107,0.003573864768113708
780,890,110,0.11,0.00394380421252572
778,889,111,0.111,0.0041891786014130045
786,893,107,0.107,0.004139747246401385
780,890,110,0.11,0.004530037473858101
762,881,119,0.119,0.003987256612730561
748,874,126,0.126,0.004241028266347712
760,880,120,0.12,0.00381168367236387
746,873,127,0.127,0.003878531490947353
780,890,110,0.11,0.00375817144557368
750,875,125,0.125,0.0034749250177119394
774,887,113,0.113,0.004522652431885945
782,891,109,0.109,0.003973855743184686
798,899,101,0.101,0.003096964275522623
702,851,149,0.149,0.004137059835164109
730,865,135,0.135,0.004878674276085803
760,880,120,0.12,0.0033675486901192926
770,885,115,0.115,0.005100614392373245
718,859,141,0.141,0.004522346252226271
694,847,153,0.153,0.004577518412144855
782,891,109,0.109,0.0036394677506468723
808,904,96,0.096,0.0032960086599196073
740,870,130,0.13,0.004104700587515254
780,890,110,0.11,0.0032279621643538123
804,902,98,0.098,0.0036768549744447226
790,895,105,0.105,0.004485782260017004
730,865,135,0.135,0.004235134536982514
754,877,123,0.123,0.0031426702683675103
736,868,132,0.132,0.004446883277356392
748,874,126,0.126,0.002543522765830858
768,884,116,0.116,0.002945063410239527
774,887,113,0.113,0.0031028091254338506
762,881,119,0.119,0.004004807700592209
800,900,100,0.1,0.0028888463912007866
748,874,126,0.126,0.003650502198142931
778,889,111,0.111,0.0029156957744125977
798,899,101,0.101,0.002872722437256016
742,871,129,0.129,0.0037984179603809025
812,906,94,0.094,0.003605330538994167
780,890,110,0.11,0.003367202191857359
780,890,110,0.11,0.0034588668499782216
820,910,90,0.09,0.00287373364836094
754,877,123,0.123,0.0026603174111951376
808,904,96,0.096,0.003190859492897289
788,894,106,0.106,0.002546766293147812
750,875,125,0.125,0.004256536002358189
774,887,113,0.113,0.00316519826289732
760,880,120,0.12,0.003909568758186651
804,902,98,0.098,0.002858524814029806
726,863,137,0.137,0.003840064288073336
760,880,120,0.12,0.0032905242413398808
764,882,118,0.118,0.0026992842968320474
748,874,126,0.126,0.0029397290497727227
758,879,121,0.121,0.0027902504953526658
730,865,135,0.135,0.002980289654558874
754,877,123,0.123,0.0035856401159835515
826,913,87,0.087,0.002544565492265974
804,902,98,0.098,0.0031282984236022456
708,854,146,0.146,0.003159144719480537
742,871,129,0.129,0.0036266413464909417
772,886,114,0.114,0.002950536957956501
822,911,89,0.089,0.0026103344691946403
806,903,97,0.097,0.002758836272667395
776,888,112,0.112,0.003158443442749558
758,879,121,0.121,0.003271018793049734
812,906,94,0.094,0.0030586054097948364
760,880,120,0.12,0.003683377065171953
802,901,99,0.099,0.002806832109155948
702,851,149,0.149,0.0033797201646375468
774,887,113,0.113,0.0029094061818614137
762,881,119,0.119,0.00312736207038688
786,893,107,0.107,0.003379327238188125
784,892,108,0.108,0.0031071100123226643
770,885,115,0.115,0.0023600099933173625
778,889,111,0.111,0.0026970584134105593
794,897,103,0.103,0.0024689265516062734
778,889,111,0.111,0.0025732856984686807
794,897,103,0.103,0.0029564827916328793
804,902,98,0.098,0.0018757893806032372
722,861,139,0.139,0.0032975625771359774
738,869,131,0.131,0.003247216470001149
808,904,96,0.096,0.0033295429790741763
762,881,119,0.119,0.0027982148079172477
804,902,98,0.098,0.0024233594900433674
766,883,117,0.117,0.0029629996818403017
788,894,106,0.106,0.0030521717019582864
762,881,119,0.119,0.0033705264199816154
780,890,110,0.11,0.0028500557439911063
736,868,132,0.132,0.003184089115136885
798,899,101,0.101,0.0031300007801473837
762,881,119,0.119,0.0022518094422193827
800,900,100,0.1,0.0023945497610257005
750,875,125,0.125,0.0026108410509332316
792,896,104,0.104,0.0025789102233829907
828,914,86,0.086,0.00181275086729147
730,865,135,0.135,0.0024656833847693633
698,849,151,0.151,0.0031320917057892075
770,885,115,0.115,0.0019925885153061246
792,896,104,0.104,0.001668790783995064
774,887,113,0.113,0.0017516130904405144
780,890,110,0.11,0.0014965428993673412
716,858,142,0.142,0.0023198531268935766
790,895,105,0.105,0.0013583623626473127
712,856,144,0.144,0.0023322757493224344
714,857,143,0.143,0.002059839481888048
768,884,116,0.116,0.0017181178353894212
764,882,118,0.118,0.0018724310348334256
778,889,111,0.111,0.0016104385149810696
758,879,121,0.121,0.0016899905147511162
796,898,102,0.102,0.0016005572198046138
788,894,106,0.106,0.0014885647423052433
798,899,101,0.101,0.001092819038323796
780,890,110,0.11,0.0013961579198366963
754,877,123,0.123,0.0021189261157196597
780,890,110,0.11,0.0018014870642655296
780,890,110,0.11,0.0015742400527378776
710,855,145,0.145,0.0016012645685623283
766,883,117,0.117,0.0016342724911592086
814,907,93,0.093,0.0011895968886237824
780,890,110,0.11,0.0014486200659157475
738,869,131,0.131,0.0019374918113317108
766,883,117,0.117,0.0014104231301207619
748,874,126,0.126,0.0017834528966632205
694,847,153,0.153,0.002218428811873309
794,897,103,0.103,0.0016337874614691828
766,883,117,0.117,0.0017904647554969416
806,903,97,0.097,0.0014121217971114674
790,895,105,0.105,0.001633916707796743
762,881,119,0.119,0.0017065907496253204
762,881,119,0.119,0.0015726018939749339
748,874,126,0.126,0.0018945927408567512
750,875,125,0.125,0.0012084831804604619
792,896,104,0.104,0.001104883261716168
750,875,125,0.125,0.001365751429577358
806,903,97,0.097,0.0010136876182659763
732,866,134,0.134,0.001417223478667438
770,885,115,0.115,0.0011545042921134155
804,902,98,0.098,0.0013717541729056392
740,870,130,0.13,0.0013250325580011122
722,861,139,0.139,0.0017892968210653634
748,874,126,0.126,0.0017024773212324363
782,891,109,0.109,0.0009433601601886039
796,898,102,0.102,0.0016580715057934866
764,882,118,0.118,0.0013151224320681648
692,846,154,0.154,0.002094758292681945
776,888,112,0.112,0.0013137952918041264
794,897,103,0.103,0.0011180560490101925
790,895,105,0.105,0.0012166710617748321
780,890,110,0.11,0.0013780234862642829
774,887,113,0.113,0.0013987201896561601
806,903,97,0.097,0.0011548028466713731
722,861,139,0.139,0.001438032003803528
724,862,138,0.138,0.0014919062939297873
802,901,99,0.099,0.0011356090376721114
796,898,102,0.102,0.0013556964480521856
726,863,137,0.137,0.001721864035273029
778,889,111,0.111,0.0014448478420017636
772,886,114,0.114,0.0013719064834294842
772,886,114,0.114,0.0012238056076457724
722,861,139,0.139,0.001759299739409471
776,888,112,0.112,0.0014143063146620988
772,886,114,0.114,0.0011532105866353959
778,889,111,0.111,0.0014238487826660276
684,842,158,0.158,0.0019645650026141083
762,881,119,0.119,0.0015753280949647888
762,881,119,0.119,0.0014704555431380869
782,891,109,0.109,0.0010856412844223087
766,883,117,0.117,0.0013953593783226097
788,894,106,0.106,0.0011359800030822952
722,861,139,0.139,0.001408922416398127
738,869,131,0.131,0.0014752865815389669
754,877,123,0.123,0.0015980939738510643
782,891,109,0.109,0.0011507595237635541
744,872,128,0.128,0.0012765855470643146
766,883,117,0.117,0.001604730310406012
728,864,136,0.136,0.0014354220283566974
718,859,141,0.141,0.0016443958355594078
762,881,119,0.119,0.0015533544312565936
768,884,116,0.116,0.001219266936830536
734,867,133,0.133,0.0016101553647386027
748,874,126,0.126,0.0016580547057747025
790,895,105,0.105,0.0011736932216736022
736,868,132,0.132,0.0014764912463288056
734,867,133,0.133,0.0013619380572199588
782,891,109,0.109,0.0012696389932316378
776,888,112,0.112,0.0012859923807991436
790,895,105,0.105,0.0012171901112487831
746,873,127,0.127,0.0013144522472211975
774,887,113,0.113,0.0010583356172064668
758,879,121,0.121,0.0012073250807152363
784,892,108,0.108,0.0011963783072569641
814,907,93,0.093,0.0010425588410471391
764,882,118,0.118,0.0012140003190652352
808,904,96,0.096,0.0009302659569584648
768,884,116,0.116,0.001230246818253363
780,890,110,0.11,0.0012220304189395391
770,885,115,0.115,0.0012240567209009896
752,876,124,0.124,0.0014099311445170315
756,878,122,0.122,0.0012752225348594947
738,869,131,0.131,0.0013053335945442087
776,888,112,0.112,0.0014122871899890014
746,873,127,0.127,0.0013176250659307697
804,902,98,0.098,0.0011698921524075558
758,879,121,0.121,0.0019795964634577103
732,866,134,0.134,0.0017683682598581072
740,870,130,0.13,0.0020753809641028058
718,859,141,0.141,0.001825907502672635
754,877,123,0.123,0.0021815473031674627
794,897,103,0.103,0.0017072415291659127
784,892,108,0.108,0.001492873613598931
720,860,140,0.14,0.0018396861428045667
784,892,108,0.108,0.0016975518382096198
760,880,120,0.12,0.001341266001785698
716,858,142,0.142,0.0019060624817648203
784,892,108,0.108,0.0021362301206536358
684,842,158,0.158,0.0021982411222015797
752,876,124,0.124,0.0014566218645704794
748,874,126,0.126,0.0013705925452231894
776,888,112,0.112,0.0012207674313831375
816,908,92,0.092,0.0012452914150708238
772,886,114,0.114,0.0012497029614678468
754,877,123,0.123,0.0014832941531494725
780,890,110,0.11,0.0012507421488917316
778,889,111,0.111,0.0013667060247025801
798,899,101,0.101,0.0014164581420627656
736,868,132,0.132,0.0013423535878391703
752,876,124,0.124,0.0015360722754194285
732,866,134,0.134,0.0016160308121907292
744,872,128,0.128,0.0017915403525039437
810,905,95,0.095,0.0010838214090981638
780,890,110,0.11,0.0012066215979939442
772,886,114,0.114,0.0016332940335560123
738,869,131,0.131,0.0012329289096414868
790,895,105,0.105,0.0011481993753404821
816,908,92,0.092,0.001102792276222317
782,891,109,0.109,0.0014570659317541868
750,875,125,0.125,0.0011513017523830057
784,892,108,0.108,0.0010168520072475077
772,886,114,0.114,0.0010039189342460305
750,875,125,0.125,0.0012639319848985907
730,865,135,0.135,0.001237499404214759
764,882,118,0.118,0.000960337058397272
732,866,134,0.134,0.0014265422881835548
776,888,112,0.112,0.001057229229612858
794,897,103,0.103,0.0011543402502356911
808,904,96,0.096,0.0012369535589823498
720,860,140,0.14,0.0016012470203568227
790,895,105,0.105,0.0014386265096909482
782,891,109,0.109,0.0012011052540838137
756,878,122,0.122,0.0014715659574503662
730,865,135,0.135,0.0014453461746015818
768,884,116,0.116,0.0012578872441699786
826,913,87,0.087,0.0009192715446115471
724,862,138,0.138,0.001502700458138861
786,893,107,0.107,0.0010688716034856043
684,842,158,0.158,0.0015320408840489108
766,883,117,0.117,0.0012117030313092982
750,875,125,0.125,0.0017701578352534852
766,883,117,0.117,0.0011073801184138573
784,892,108,0.108,0.0017544624881047639
756,878,122,0.122,0.0019286951103204047
772,886,114,0.114,0.0013975659498391905
808,904,96,0.096,0.0011820691833891032
740,870,130,0.13,0.0016626443658024073
718,859,141,0.141,0.0017629364568274469
760,880,120,0.12,0.001380705341383873
774,887,113,0.113,0.0014204316184768687
766,883,117,0.117,0.0016963617907022127
774,887,113,0.113,0.0018315077376100818
766,883,117,0.117,0.0016372008990929317
758,879,121,0.121,0.0018201011837663827
758,879,121,0.121,0.0010629445914601093
786,893,107,0.107,0.0016720985320898762
752,876,124,0.124,0.001973049974614696
738,869,131,0.131,0.00175154323240713
784,892,108,0.108,0.001390527369629126
820,910,90,0.09,0.001030619752833445
762,881,119,0.119,0.0013757897446921561
782,891,109,0.109,0.0012727776750107295
768,884,116,0.116,0.0012465742796994163
792,896,104,0.104,0.0010823189088114305
762,881,119,0.119,0.0016416453840065516
752,876,124,0.124,0.0013231439446753938
742,871,129,0.129,0.0015658495954266982
804,902,98,0.098,0.0012559487234175323
750,875,125,0.125,0.0015776723855742603
740,870,130,0.13,0.0011625240259818383
702,851,149,0.149,0.0019664084796386307
790,895,105,0.105,0.0012702416236134012
726,863,137,0.137,0.001879733478956041
808,904,96,0.096,0.0012369522328153834
758,879,121,0.121,0.0014255838396638864
690,845,155,0.155,0.0015389389621414012
764,882,118,0.118,0.001412545721483184
720,860,140,0.14,0.0018049320834106766
770,885,115,0.115,0.0016501188366964926
796,898,102,0.102,0.0016231490943318932
728,864,136,0.136,0.001432509217207553
780,890,110,0.11,0.001479384274374752
736,868,132,0.132,0.0016906491967456532
768,884,116,0.116,0.0014838083104696126
796,898,102,0.102,0.0012720225730809033
766,883,117,0.117,0.0016345193774250219
716,858,142,0.142,0.0016163019249215722
762,881,119,0.119,0.0014527105735978694
770,885,115,0.115,0.0011906105961279536
794,897,103,0.103,0.0010333460839246982
730,865,135,0.135,0.0014021912999305642
780,890,110,0.11,0.0013377710014465265
784,892,108,0.108,0.0010852595380929416
832,916,84,0.084,0.0010380054701381596
768,884,116,0.116,0.0012009071063512238
744,872,128,0.128,0.001249042113449832
770,885,115,0.115,0.0014399239570921055
798,899,101,0.101,0.0013697310220159124
738,869,131,0.131,0.0014816888187524455
732,866,134,0.134,0.001433418978136615
770,885,115,0.115,0.0016757045931954054
846,923,77,0.077,0.0013084139807106113
756,878,122,0.122,0.0015057080173501163
704,852,148,0.148,0.0019404450113142957
728,864,136,0.136,0.0015216215247928632
770,885,115,0.115,0.0011026628342660843
780,890,110,0.11,0.0015090426473470871
770,885,115,0.115,0.00186677354364474
786,893,107,0.107,0.001436901743792987
768,884,116,0.116,0.0018137592690618475
766,883,117,0.117,0.00169678092940012
706,853,147,0.147,0.001919610864846618
756,878,122,0.122,0.0016192179888639658
746,873,127,0.127,0.0016037850288848857
758,879,121,0.121,0.0018069311715953518
688,844,156,0.156,0.0027414330347673966
706,853,147,0.147,0.0024071183361447767
752,876,124,0.124,0.0019607329817226855
726,863,137,0.137,0.00237983606083435
786,893,107,0.107,0.001492140074074996
804,902,98,0.098,0.0013849089675422874
758,879,121,0.121,0.0018813058185187402
808,904,96,0.096,0.0015480435302924888
788,894,106,0.106,0.0018855529551801736
806,903,97,0.097,0.0017340883136639604
714,857,143,0.143,0.0016149983554641948
758,879,121,0.121,0.0019598487351577204
768,884,116,0.116,0.001871463428156858
740,870,130,0.13,0.001713279268296901
774,887,113,0.113,0.0016631684488675092
786,893,107,0.107,0.001088178825302748
716,858,142,0.142,0.001560683111936669
748,874,126,0.126,0.0013470778269547737
802,901,99,0.099,0.0009856474713451462
780,890,110,0.11,0.0012840077724176808
770,885,115,0.115,0.0010054501416889253
824,912,88,0.088,0.001007860070476454
762,881,119,0.119,0.0011301546747636167
782,891,109,0.109,0.0010373897827448673
682,841,159,0.159,0.0018453368208720348
832,916,84,0.084,0.0010107723101864395
824,912,88,0.088,0.0009969845686282498
760,880,120,0.12,0.0011639624401796028
776,888,112,0.112,0.0009993250753468602
774,887,113,0.113,0.0011917795221379492
798,899,101,0.101,0.0013163519826266566
788,894,106,0.106,0.0011045881724130594
744,872,128,0.128,0.0013193308862537378
852,926,74,0.074,0.0009730791414549458
796,898,102,0.102,0.0010934699328790883
778,889,111,0.111,0.0012613491654483368
814,907,93,0.093,0.0013495012875428074
746,873,127,0.127,0.001281902576360153
678,839,161,0.161,0.0019534003140506684
748,874,126,0.126,0.0014174510158700287
762,881,119,0.119,0.0009977248668656103
766,883,117,0.117,0.0011319346037053037
762,881,119,0.119,0.0014259477089362917
710,855,145,0.145,0.0013133608941861895
774,887,113,0.113,0.001430556690931553
822,911,89,0.089,0.0010548966413625749
732,866,134,0.134,0.0011817991300777067
772,886,114,0.114,0.001421911797413486
748,874,126,0.126,0.0017143456633057213
764,882,118,0.118,0.0013555621574778342
812,906,94,0.094,0.001174964659381658
798,899,101,0.101,0.0010741962383872304
818,909,91,0.091,0.001107255980372429
786,893,107,0.107,0.001674560504456167
712,856,144,0.144,0.0018479880928789498
746,873,127,0.127,0.0017659217665641335
756,878,122,0.122,0.0011528587304783287
736,868,132,0.132,0.0014909746057601297
798,899,101,0.101,0.0014078239734189992
770,885,115,0.115,0.0017319027606281451
740,870,130,0.13,0.001660043879193836
806,903,97,0.097,0.0013382760471940855
744,872,128,0.128,0.0012813482892415778
706,853,147,0.147,0.0013840353539999342
712,856,144,0.144,0.001048088992574776
732,866,134,0.134,0.0014226928381176548
812,906,94,0.094,0.0010139903700328431
740,870,130,0.13,0.0013793139669069205
756,878,122,0.122,0.0010972982019011397
742,871,129,0.129,0.001465629319747677
792,896,104,0.104,0.001247487863402057
758,879,121,0.121,0.000786231214460713
708,854,146,0.146,0.0012038031849006074
774,887,113,0.113,0.0009073222241568146
732,866,134,0.134,0.0008926221318888565
788,894,106,0.106,0.0007707338943037029
736,868,132,0.132,0.0009401681784293032
774,887,113,0.113,0.0008482212436574627
666,833,167,0.167,0.0011088398703241182
732,866,134,0.134,0.0008578456354534865
794,897,103,0.103,0.0008525629530104198
764,882,118,0.118,0.0008541133783728583
788,894,106,0.106,0.0007591999329324608
780,890,110,0.11,0.0008791177833045367
816,908,92,0.092,0.0007015063918697706
792,896,104,0.104,0.0006688505494166747
744,872,128,0.128,0.0009015987304028386
762,881,119,0.119,0.000642440240324504
732,866,134,0.134,0.0006886684794080793
730,865,135,0.135,0.0006112401292630239
778,889,111,0.111,0.0006785709379419131
768,884,116,0.116,0.0005882053674331473
756,878,122,0.122,0.0005465707239563926
764,882,118,0.118,0.0006407590790408903
718,859,141,0.141,0.0004312443754988635
784,892,108,0.108,0.0006536306510652139
704,852,148,0.148,0.000651383325011011
786,893,107,0.107,0.00035969438446863935
750,875,125,0.125,0.000656413401793543
706,853,147,0.147,0.0006357300062054492
756,878,122,0.122,0.00048735262765148946
770,885,115,0.115,0.00048632632366525284
726,863,137,0.137,0.00047051006867877734
812,906,94,0.094,0.0002076920781219087
778,889,111,0.111,0.00037859861624656334
812,906,94,0.094,0.0003789949993797563
770,885,115,0.115,0.00040727254862395055
740,870,130,0.13,0.00036542326564449466
758,879,121,0.121,0.0003750156192782015
760,880,120,0.12,0.0005306470346704373
754,877,123,0.123,0.00040656438388032254
776,888,112,0.112,0.00035379128714339457
748,874,126,0.126,0.0005283624195044467
690,845,155,0.155,0.000549409295962505
738,869,131,0.131,0.00036960344867293315
784,892,108,0.108,0.0003890517089621426
786,893,107,0.107,0.0003491920024089268
770,885,115,0.115,0.00042534768745827023
712,856,144,0.144,0.00036911926297125317
738,869,131,0.131,0.0005781123227907301
752,876,124,0.124,0.0005627529224211684
784,892,108,0.108,0.00040784611433628015
760,880,120,0.12,0.00036812722927606953
744,872,128,0.128,0.000451694146947375
778,889,111,0.111,0.00035973044498496164
752,876,124,0.124,0.0005559578930296994
780,890,110,0.11,0.0004014251930102546
746,873,127,0.127,0.00048063513258784954
782,891,109,0.109,0.00046153726523880323
792,896,104,0.104,0.0004979062001375497
758,879,121,0.121,0.0003887773814703905
794,897,103,0.103,0.00031111342761641934
732,866,134,0.134,0.00048442877412708185
802,901,99,0.099,0.0003123608725179565
730,865,135,0.135,0.0003303259340041222
734,867,133,0.133,0.0006077504067529844
718,859,141,0.141,0.0003925451273021281
814,907,93,0.093,0.00023781961918848538
706,853,147,0.147,0.0003384761644065293
754,877,123,0.123,0.0004535165092765965
768,884,116,0.116,0.00033541087535104454
820,910,90,0.09,0.0002397695387362546
764,882,118,0.118,0.00036208514019472204
766,883,117,0.117,0.0005117798127382685
690,845,155,0.155,0.0006069137163085543
780,890,110,0.11,0.0003185328078361636
816,908,92,0.092,0.0004207482439942396
730,865,135,0.135,0.00042020419768596187
782,891,109,0.109,0.0004382286297604878
774,887,113,0.113,0.0004385578320475361
716,858,142,0.142,0.00047549401497326473
740,870,130,0.13,0.0004886887113880221
780,890,110,0.11,0.0004025962711871216
808,904,96,0.096,0.0002637240936255694
744,872,128,0.128,0.000553229500514135
688,844,156,0.156,0.0005760020693069236
796,898,102,0.102,0.0004221330697691883
782,891,109,0.109,0.0005397593742800382
720,860,140,0.14,0.00042164551693622343
732,866,134,0.134,0.0006849270722277652
748,874,126,0.126,0.00047148294302223805
774,887,113,0.113,0.0003886825400977614
784,892,108,0.108,0.0004245450824937507
734,867,133,0.133,0.0005038850975452078
796,898,102,0.102,0.0005114954029777437
758,879,121,0.121,0.00047714156157053366
768,884,116,0.116,0.0004158642711709035
750,875,125,0.125,0.0003663117651831271
786,893,107,0.107,0.00040927829907559497
768,884,116,0.116,0.0004973889450857314
730,865,135,0.135,0.0004773728538139039
804,902,98,0.098,0.0003573206348810345
768,884,116,0.116,0.00032931117973930665
766,883,117,0.117,0.0003276494335877942
730,865,135,0.135,0.0005473327033705573
794,897,103,0.103,0.00029740388229220117
768,884,116,0.116,0.0003809334902716728
706,853,147,0.147,0.0005429688328167686
760,880,120,0.12,0.0004496341858712185
750,875,125,0.125,0.00040236670380909345
826,913,87,0.087,0.00025280511574328555
774,887,113,0.113,0.00034022712097612383
814,907,93,0.093,0.0002882173463403888
730,865,135,0.135,0.0005124806360363437
758,879,121,0.121,0.0004029902601168942
770,885,115,0.115,0.00037373111351189436
860,930,70,0.07,0.0002800706566313238
702,851,149,0.149,0.00041256585459268535
778,889,111,0.111,0.00039727400235278765
738,869,131,0.131,0.000488478496830794
722,861,139,0.139,0.0005515109542102437
796,898,102,0.102,0.00029357088145297896
718,859,141,0.141,0.0006103223312256886
806,903,97,0.097,0.0002557832503866848
796,898,102,0.102,0.0003009709995567391
794,897,103,0.103,0.0004948630660746858
718,859,141,0.141,0.0004258841051541822
756,878,122,0.122,0.0005172098922303121
828,914,86,0.086,0.0003137200633609609
806,903,97,0.097,0.0002684782565929709
702,851,149,0.149,0.0004741009908648266
798,899,101,0.101,0.00031897919709626877
734,867,133,0.133,0.0005294652236607362
756,878,122,0.122,0.0003470981331902294
750,875,125,0.125,0.00034794686483473927
708,854,146,0.146,0.0005334611510625109
764,882,118,0.118,0.00035255413047980257
730,865,135,0.135,0.00040932510598213414
730,865,135,0.135,0.00048105320439753997
806,903,97,0.097,0.0003019494886848406
752,876,124,0.124,0.0005115126679438618
750,875,125,0.125,0.0004509371985641337
776,888,112,0.112,0.0003270337106969237
748,874,126,0.126,0.00046588383853668345
730,865,135,0.135,0.0007550049618439516
746,873,127,0.127,0.0005060723353089997
750,875,125,0.125,0.0006380092663184769
792,896,104,0.104,0.00046369508568204764
722,861,139,0.139,0.0006706401982082752
720,860,140,0.14,0.0005752655661217432
784,892,108,0.108,0.00037693340295027154
798,899,101,0.101,0.0005017527430763949
774,887,113,0.113,0.0005112342194643133
746,873,127,0.127,0.0004814299130193831
788,894,106,0.106,0.0005690928186486417
780,890,110,0.11,0.0004015528592553892
728,864,136,0.136,0.0005152276820626866
742,871,129,0.129,0.0004573253184262285
728,864,136,0.136,0.0005656118163842621
758,879,121,0.121,0.000654911424425336
756,878,122,0.122,0.0004104616077238461
780,890,110,0.11,0.0004671975219644082
740,870,130,0.13,0.0003960786055467906
798,899,101,0.101,0.0003717702988101337
738,869,131,0.131,0.00046004071502284203
722,861,139,0.139,0.0005889922226306226
740,870,130,0.13,0.00046385248899241563
784,892,108,0.108,0.0003675344238508842
816,908,92,0.092,0.00040224831348132284
816,908,92,0.092,0.0003175143979397035
728,864,136,0.136,0.0005065476606814628
754,877,123,0.123,0.00048540770385261566
724,862,138,0.138,0.0005392140576004749
722,861,139,0.139,0.0005811915063040942
732,866,134,0.134,0.0003350494598125806
764,882,118,0.118,0.0003705623739324437
760,880,120,0.12,0.0003463713921819362
804,902,98,0.098,0.0003384274735826693
784,892,108,0.108,0.0003253028169710888
688,844,156,0.156,0.0005871342957616435
756,878,122,0.122,0.00047328813513740895
770,885,115,0.115,0.0004609115332705187
792,896,104,0.104,0.00029845493883385644
768,884,116,0.116,0.0003746566893751151
760,880,120,0.12,0.000516385134344091
762,881,119,0.119,0.00040088100212597053
808,904,96,0.096,0.00041700038353519633
784,892,108,0.108,0.0004419672141848423
774,887,113,0.113,0.0003910538940617698
746,873,127,0.127,0.00044043546436842005
720,860,140,0.14,0.0005308165917940642
790,895,105,0.105,0.0003464849695055818
752,876,124,0.124,0.000479236582721569
778,889,111,0.111,0.00038645592928514814
764,882,118,0.118,0.0005161743567077792
772,886,114,0.114,0.00034337162116116816
756,878,122,0.122,0.00041894836105529974
758,879,121,0.121,0.000460931182474269
730,865,135,0.135,0.00033696641876485955
790,895,105,0.105,0.0003916488735576422
808,904,96,0.096,0.00029734812576134574
766,883,117,0.117,0.0003915188575829234
792,896,104,0.104,0.0003092473517244798
774,887,113,0.113,0.0003024633229611027
712,856,144,0.144,0.0003375175905039214
776,888,112,0.112,0.00035574697673655464
818,909,91,0.091,0.00032147054813685825
750,875,125,0.125,0.0004237321229566078
732,866,134,0.134,0.0003775355604793731
746,873,127,0.127,0.00037854953174064576
738,869,131,0.131,0.000431984385438227
760,880,120,0.12,0.00033812386729550783
784,892,108,0.108,0.0003990097828391299
740,870,130,0.13,0.0003708729261015833
836,918,82,0.082,0.00021337834304176794
774,887,113,0.113,0.0003187510885900338
742,871,129,0.129,0.00033062096411049424
764,882,118,0.118,0.0004412128782905711
734,867,133,0.133,0.00042260422600338645
768,884,116,0.116,0.0003506187533621414
744,872,128,0.128,0.00039083454649971826
784,892,108,0.108,0.0003422674813100457
772,886,114,0.114,0.0003586750394442788
788,894,106,0.106,0.0003700227589743008
770,885,115,0.115,0.0003777534159180505
740,870,130,0.13,0.000348821032235719
742,871,129,0.129,0.0004433060845085492
794,897,103,0.103,0.00024415608100389363
798,899,101,0.101,0.00030798154283729674
818,909,91,0.091,0.0003600294642037625
750,875,125,0.125,0.0004554261844687062
770,885,115,0.115,0.00040097045750371764
740,870,130,0.13,0.0004121056453932397
780,890,110,0.11,0.0003540120124534951
756,878,122,0.122,0.00039464190594935643
766,883,117,0.117,0.0003587322158527968
758,879,121,0.121,0.0004429193128744373
724,862,138,0.138,0.0003888930661487393
810,905,95,0.095,0.000408815258739196
772,886,114,0.114,0.0003318903784129361
780,890,110,0.11,0.00030274889057363907
758,879,121,0.121,0.00036355937356529464
750,875,125,0.125,0.00034772949655234695
734,867,133,0.133,0.00042842641495099087
794,897,103,0.103,0.0003407082874473417
780,890,110,0.11,0.0003709993316388136
710,855,145,0.145,0.00048077641209965803
716,858,142,0.142,0.0005236341463823919
732,866,134,0.134,0.0004744886425305594
766,883,117,0.117,0.00042428101131372387
770,885,115,0.115,0.0005389819361080299
824,912,88,0.088,0.000247174137699858
766,883,117,0.117,0.0003941568186874065
806,903,97,0.097,0.00032320983198951583
792,896,104,0.104,0.0004110421039767971
800,900,100,0.1,0.0002916946760415158
776,888,112,0.112,0.00034201034152783906
732,866,134,0.134,0.0004288066587596404
744,872,128,0.128,0.00048253023765300893
778,889,111,0.111,0.00038642179955149914
712,856,144,0.144,0.0004673006992916271
802,901,99,0.099,0.00038053451040650544
792,896,104,0.104,0.0003787672851995012
758,879,121,0.121,0.0004128844864662824
792,896,104,0.104,0.0004533643727836534
728,864,136,0.136,0.0004814924719721603
752,876,124,0.124,0.0006170212575052574
740,870,130,0.13,0.0005546243836924987
814,907,93,0.093,0.00039630675222451827
806,903,97,0.097,0.0003070260924005197
744,872,128,0.128,0.0005961092928719154
734,867,133,0.133,0.0004936460890312447
778,889,111,0.111,0.000509627269277189
774,887,113,0.113,0.00033407787590294903
792,896,104,0.104,0.00048465448519255004
748,874,126,0.126,0.0004536424572688702
754,877,123,0.123,0.00048613024418227724
692,846,154,0.154,0.0007207845103184809
720,860,140,0.14,0.00047497136347192284
798,899,101,0.101,0.0002961273161072313
738,869,131,0.131,0.0004317211407728792
764,882,118,0.118,0.0003187167266714823
782,891,109,0.109,0.0002910612940113424
778,889,111,0.111,0.00030179528586904783
820,910,90,0.09,0.00025836570876344923
742,871,129,0.129,0.0004528054036618414
768,884,116,0.116,0.0003622439504124486
764,882,118,0.118,0.0004988010790384579
778,889,111,0.111,0.0006667381754105008
760,880,120,0.12,0.0005120744569521775
756,878,122,0.122,0.0005395488949634455
732,866,134,0.134,0.00038019708411775354
716,858,142,0.142,0.000512670842895659
730,865,135,0.135,0.000413343945523593
804,902,98,0.098,0.0003599415776343449
770,885,115,0.115,0.00039480019143229585
784,892,108,0.108,0.000514921544572644
762,881,119,0.119,0.00046913171836513356
746,873,127,0.127,0.00042339611965599034
770,885,115,0.115,0.0004937856228225428
762,881,119,0.119,0.0003872145339646522
740,870,130,0.13,0.0004203156382400266
748,874,126,0.126,0.00046569616533270167
764,882,118,0.118,0.0005476371509594173
776,888,112,0.112,0.00037581551425091674
794,897,103,0.103,0.0003796554684158764
796,898,102,0.102,0.000399601862192867
730,865,135,0.135,0.0005924789876266914
742,871,129,0.129,0.0005885719757879996
848,924,76,0.076,0.0003116198574743976
778,889,111,0.111,0.00033594593028647067
800,900,100,0.1,0.00038507812863826986
754,877,123,0.123,0.0004323893875680369
738,869,131,0.131,0.0004074090917765716
752,876,124,0.124,0.00045030226791004677
716,858,142,0.142,0.0005347709782108723
734,867,133,0.133,0.00037928862791704885
774,887,113,0.113,0.00040808747439314175
844,922,78,0.078,0.00031849614978455063
814,907,93,0.093,0.0003223028968359358
742,871,129,0.129,0.0005384298360186222
744,872,128,0.128,0.0004074925733411874
744,872,128,0.128,0.0004869965515117656
720,860,140,0.14,0.0006788522548849869
798,899,101,0.101,0.00059687108192702
738,869,131,0.131,0.0005375775115317083
836,918,82,0.082,0.0003374068963253194
786,893,107,0.107,0.0004032086838487885
764,882,118,0.118,0.0004030494514181555
698,849,151,0.151,0.0005528553544554598
746,873,127,0.127,0.00043098977092449785
794,897,103,0.103,0.00042534709907067735
736,868,132,0.132,0.00046896477739755935
708,854,146,0.146,0.00047564459542809344
778,889,111,0.111,0.0004306666786233109
770,885,115,0.115,0.0004989668873495248
774,887,113,0.113,0.000470299166159748
766,883,117,0.117,0.0005121279906270501
754,877,123,0.123,0.0004923812907454703
804,902,98,0.098,0.0003995678059309284
784,892,108,0.108,0.00045048679977662687
790,895,105,0.105,0.00048560549540616196
748,874,126,0.126,0.0004331782253411802
784,892,108,0.108,0.0004119039515971963
826,913,87,0.087,0.0003165472169553141
754,877,123,0.123,0.0003988419717525176
718,859,141,0.141,0.0005244640459677612
792,896,104,0.104,0.0004434721173429352
780,890,110,0.11,0.00028837989301246124
762,881,119,0.119,0.0004474725895797746
712,856,144,0.144,0.0004164615388963284
776,888,112,0.112,0.00043196835259914223
774,887,113,0.113,0.00036440417541234635
754,877,123,0.123,0.00036942434364482324
764,882,118,0.118,0.00031584278138143415
772,886,114,0.114,0.00033147694243052683
786,893,107,0.107,0.0003030745923451832
788,894,106,0.106,0.0004085761797196028
810,905,95,0.095,0.0003758700933030923
784,892,108,0.108,0.00036263546841291825
764,882,118,0.118,0.0004348680518560286
732,866,134,0.134,0.00047035985317961604
762,881,119,0.119,0.0004144720953754586
784,892,108,0.108,0.0003842246390786386
774,887,113,0.113,0.00027610691532026975
814,907,93,0.093,0.0003967737731318266
774,887,113,0.113,0.0002882769835568979
766,883,117,0.117,0.00034493908797946914
712,856,144,0.144,0.00040232526078580125
830,915,85,0.085,0.0003031867081981545
728,864,136,0.136,0.0004684367668214691
820,910,90,0.09,0.0002605650893638085
712,856,144,0.144,0.0004020973715396394
740,870,130,0.13,0.00045131591808603844
774,887,113,0.113,0.0003179336244529623
726,863,137,0.137,0.00041383969809794506
768,884,116,0.116,0.0005851265091914683
734,867,133,0.133,0.00045645636484914574
774,887,113,0.113,0.00039962362384994777
788,894,106,0.106,0.00041309749916445073
824,912,88,0.088,0.0003416991773065092
736,868,132,0.132,0.00038579203674089514
746,873,127,0.127,0.0003571010530122294
764,882,118,0.118,0.0003875143058721733
788,894,106,0.106,0.0004528213601324751
754,877,123,0.123,0.0003684541793418248
714,857,143,0.143,0.000520502222907453
802,901,99,0.099,0.0003627053792315564
744,872,128,0.128,0.00045964775789980193
780,890,110,0.11,0.00038175840043004427
764,882,118,0.118,0.0005530658480001876
760,880,120,0.12,0.00044128162765264277
686,843,157,0.157,0.0006659080325498507
828,914,86,0.086,0.00023541731345721927
768,884,116,0.116,0.0005520898551185382
838,919,81,0.081,0.00026115740227942297
750,875,125,0.125,0.00035247987612319775
806,903,97,0.097,0.0003417323213116106
754,877,123,0.123,0.0004974532219830508
802,901,99,0.099,0.00041192636703635797
796,898,102,0.102,0.0003807774383112701
784,892,108,0.108,0.00024807048460570515
786,893,107,0.107,0.00022787886353944486
794,897,103,0.103,0.00025355204958850663
814,907,93,0.093,0.0002801724464443396
838,919,81,0.081,0.00020170173220685684
794,897,103,0.103,0.00031463387127951136
786,893,107,0.107,0.0003964489085483365
730,865,135,0.135,0.000318640424115074
794,897,103,0.103,0.0002578723475617153
796,898,102,0.102,0.0003420127050485462
790,895,105,0.105,0.0002524449202346659
788,894,106,0.106,0.00021600917362593465
770,885,115,0.115,0.0004400125520987785
764,882,118,0.118,0.00033565414898293965
770,885,115,0.115,0.00031776446283402035
772,886,114,0.114,0.00036207200514672876
766,883,117,0.117,0.0003216314198343753
752,876,124,0.124,0.0003687080059753498
736,868,132,0.132,0.0005024846460510162
774,887,113,0.113,0.0003262309891579207
834,917,83,0.083,0.0002231005190187716
774,887,113,0.113,0.00035967237738805126
822,911,89,0.089,0.0003358403897254902
772,886,114,0.114,0.0003862972159295168
808,904,96,0.096,0.0003379776511610544
792,896,104,0.104,0.0003192502965116546
788,894,106,0.106,0.0003371314864971282
786,893,107,0.107,0.0003867055366445129
790,895,105,0.105,0.00047700200445979134
722,861,139,0.139,0.0005663439496111095
778,889,111,0.111,0.00041227562588210274
752,876,124,0.124,0.0005118682846223237
716,858,142,0.142,0.00043829434747021876
744,872,128,0.128,0.0005974078423387255
794,897,103,0.103,0.0003495441482082242
764,882,118,0.118,0.00034921179620414476
732,866,134,0.134,0.0003953988493194629
738,869,131,0.131,0.0004812251893163193
800,900,100,0.1,0.0003800887316901935
752,876,124,0.124,0.0004883400032013014
812,906,94,0.094,0.0002867501427481329
778,889,111,0.111,0.0004715241746371248
808,904,96,0.096,0.0002942572257506981
750,875,125,0.125,0.00042664428018701986
782,891,109,0.109,0.0004485078964789864
746,873,127,0.127,0.0005516921886137425
778,889,111,0.111,0.0004831913777597947
780,890,110,0.11,0.0005096331961476608
700,850,150,0.15,0.0005134954972745618
750,875,125,0.125,0.0003916091360079008
788,894,106,0.106,0.00034398060088278724
780,890,110,0.11,0.00033239754339956564
788,894,106,0.106,0.00037289511173730716
738,869,131,0.131,0.0005332243648153962
768,884,116,0.116,0.00045267352150221994
790,895,105,0.105,0.0004499459451490111
760,880,120,0.12,0.0004375275069833151
734,867,133,0.133,0.0005187819356124236
796,898,102,0.102,0.0003077689708343314
850,925,75,0.075,0.00037517242698231713
748,874,126,0.126,0.0003367176679739714
754,877,123,0.123,0.0004646871204749914
766,883,117,0.117,0.00043771926819135843
808,904,96,0.096,0.0004390382263081847
736,868,132,0.132,0.0005757860288267693
806,903,97,0.097,0.0004606443840129941
738,869,131,0.131,0.0007255407650991401
712,856,144,0.144,0.000644895623827324
728,864,136,0.136,0.0006959855206132488
764,882,118,0.118,0.0005998946180898201
734,867,133,0.133,0.0006867633264937467
758,879,121,0.121,0.000660094094926535
826,913,87,0.087,0.0005336091655262862
750,875,125,0.125,0.0006181928474470623
788,894,106,0.106,0.0005280953576620959
716,858,142,0.142,0.0005802011167497768
696,848,152,0.152,0.0007279102550601238
764,882,118,0.118,0.0004511430310121796
760,880,120,0.12,0.0006318013966338185
740,870,130,0.13,0.0005184183455494349
758,879,121,0.121,0.0005897609494140852
730,865,135,0.135,0.0005307714383679923
758,879,121,0.121,0.0005756931264168088
792,896,104,0.104,0.0003631379461658071
802,901,99,0.099,0.0004018775721069687
802,901,99,0.099,0.00035121849978531826
752,876,124,0.124,0.0005837941195604799
752,876,124,0.124,0.00036432175293884937
796,898,102,0.102,0.0004084132647694787
774,887,113,0.113,0.0004169628937543166
726,863,137,0.137,0.0005032286501191265
730,865,135,0.135,0.0005731424935111136
768,884,116,0.116,0.00046216764546352354
754,877,123,0.123,0.0004180890021925734
742,871,129,0.129,0.0004987474243689576
732,866,134,0.134,0.0004732213256138493
808,904,96,0.096,0.00043466649391302783
780,890,110,0.11,0.00039666716089413966
854,927,73,0.073,0.000356416502680986
782,891,109,0.109,0.00047087969492986306
746,873,127,0.127,0.0005576577589636144
798,899,101,0.101,0.00046808369312384456
856,928,72,0.072,0.00036626892250660604
832,916,84,0.084,0.00027938763556448974
718,859,141,0.141,0.0004664587889892573
780,890,110,0.11,0.00046941927088300873
768,884,116,0.116,0.0005275247569006751
774,887,113,0.113,0.000296945610014518
720,860,140,0.14,0.0005332449595989601
678,839,161,0.161,0.0004888540453248424
804,902,98,0.098,0.00039313234242217734
734,867,133,0.133,0.00046428608694441207
818,909,91,0.091,0.0003241033437261649
734,867,133,0.133,0.000505287443385896
742,871,129,0.129,0.0004460554774723278
770,885,115,0.115,0.0004214972083409521
806,903,97,0.097,0.0003758056814895099
784,892,108,0.108,0.0004924212739679206
798,899,101,0.101,0.000427012844107594
768,884,116,0.116,0.0005567990224280947
768,884,116,0.116,0.0005887079276253644
752,876,124,0.124,0.0007358539750148338
776,888,112,0.112,0.0005026868928052863
810,905,95,0.095,0.00047195241886583973
776,888,112,0.112,0.0005765235188900988
760,880,120,0.12,0.0005023676299970248
786,893,107,0.107,0.0006431058428943288
784,892,108,0.108,0.00041030063340167545
778,889,111,0.111,0.0004595072894280747
712,856,144,0.144,0.0006487610835647501
834,917,83,0.083,0.00041950987785367033
774,887,113,0.113,0.0005197188299007393
804,902,98,0.098,0.000467225670667176
754,877,123,0.123,0.00055607218856494
732,866,134,0.134,0.0007163696323586919
782,891,109,0.109,0.0005430033138118233
782,891,109,0.109,0.0006306466776823072
722,861,139,0.139,0.0007887842951804487
772,886,114,0.114,0.000566651363087658
706,853,147,0.147,0.0006521057662021121
772,886,114,0.114,0.0008246457150180503
758,879,121,0.121,0.0007124236009603919
710,855,145,0.145,0.0006564463044105651
716,858,142,0.142,0.0009704203051060176
756,878,122,0.122,0.0008671276581644633
780,890,110,0.11,0.0008044627296285398
686,843,157,0.157,0.000976615537507314
782,891,109,0.109,0.0007102377773953776
794,897,103,0.103,0.0005950885537804424
802,901,99,0.099,0.0004962811641053122
750,875,125,0.125,0.0007570403171139333
786,893,107,0.107,0.0005807439099826297
772,886,114,0.114,0.0005526032817579108
728,864,136,0.136,0.000516354084273189
742,871,129,0.129,0.0003923438729316331
788,894,106,0.106,0.000387873590446361
802,901,99,0.099,0.0003489115144511743
776,888,112,0.112,0.00038202270730289457
736,868,132,0.132,0.0004274446161198284
804,902,98,0.098,0.0003993732286398881
790,895,105,0.105,0.00040045082849064783
770,885,115,0.115,0.00044266934560073426
724,862,138,0.138,0.0005847188432871917
792,896,104,0.104,0.00036347298603868695
750,875,125,0.125,0.0004554033992189943
812,906,94,0.094,0.0003222874771563511
790,895,105,0.105,0.0005113915327092399
730,865,135,0.135,0.00039406404362125614
820,910,90,0.09,0.00044007545874228527
754,877,123,0.123,0.00039935279542623904
822,911,89,0.089,0.000351707059337059
762,881,119,0.119,0.00042386670121959466
790,895,105,0.105,0.00038982924860101777
750,875,125,0.125,0.0005618236860591424
722,861,139,0.139,0.0005924749260802855
756,878,122,0.122,0.0005311283580931559
760,880,120,0.12,0.000523340434914644
748,874,126,0.126,0.0006617195808021279
754,877,123,0.123,0.0005504797737858098
744,872,128,0.128,0.000733280163789459
784,892,108,0.108,0.0005832316478963549
802,901,99,0.099,0.0005707708511599776
792,896,104,0.104,0.0006609340119957778
756,878,122,0.122,0.0006937594668852398
800,900,100,0.1,0.0006797190712932206
792,896,104,0.104,0.0005650149912689813
748,874,126,0.126,0.0005780201908828531
802,901,99,0.099,0.0006152443636096905
826,913,87,0.087,0.0004761298952207653
736,868,132,0.132,0.0006515540860946203
788,894,106,0.106,0.0003070412110182588
712,856,144,0.144,0.0005944743454892887
714,857,143,0.143,0.0006412092077734997
774,887,113,0.113,0.000511321013585075
778,889,111,0.111,0.00039670106166340703
760,880,120,0.12,0.00039938888311917255
770,885,115,0.115,0.0005336920508198091
786,893,107,0.107,0.0005788116592075312
838,919,81,0.081,0.0004060636071417321
818,909,91,0.091,0.0004874027364494395
720,860,140,0.14,0.0006068959134190664
716,858,142,0.142,0.0007161482909850747
790,895,105,0.105,0.0004870120369196229
806,903,97,0.097,0.00038769964945004174
788,894,106,0.106,0.0006092702437545085
808,904,96,0.096,0.0006034726369841792
766,883,117,0.117,0.0005275423919574678
790,895,105,0.105,0.00040287989527132596
776,888,112,0.112,0.0004724792273336789
786,893,107,0.107,0.00047410443923581627
766,883,117,0.117,0.0003933280381115765
778,889,111,0.111,0.00035738273725746694
808,904,96,0.096,0.0004961255881553371
766,883,117,0.117,0.000426051790935162
772,886,114,0.114,0.0004553223902803438
714,857,143,0.143,0.0005506828537836555
736,868,132,0.132,0.00047984341772075825
756,878,122,0.122,0.0004884258541896998
750,875,125,0.125,0.0004534829836629797
794,897,103,0.103,0.0004852598376601236
704,852,148,0.148,0.0006026841659258935
770,885,115,0.115,0.0004491627116876771
748,874,126,0.126,0.0005662545773666352
736,868,132,0.132,0.0005553283212066162
752,876,124,0.124,0.000547312527520262
798,899,101,0.101,0.0004973945222918701
778,889,111,0.111,0.0004602689655039285
782,891,109,0.109,0.0004900894347811118
776,888,112,0.112,0.0005557499740207277
706,853,147,0.147,0.0006378143312285829
828,914,86,0.086,0.0005250930389775021
754,877,123,0.123,0.0005163607211579801
834,917,83,0.083,0.0003159002246775344
758,879,121,0.121,0.0006768903194533778
736,868,132,0.132,0.0006348915513517568
768,884,116,0.116,0.0005864832962397486
758,879,121,0.121,0.00047242667226419144
796,898,102,0.102,0.00046236602220051283
734,867,133,0.133,0.0008126842052442953
762,881,119,0.119,0.0005877773025713396
664,832,168,0.168,0.0008436630514806893
776,888,112,0.112,0.00056104048715315
748,874,126,0.126,0.0008737455669015617
758,879,121,0.121,0.0006294810643485107
732,866,134,0.134,0.0007434222336269159
756,878,122,0.122,0.0006519830209508655
796,898,102,0.102,0.0005220753804924243
804,902,98,0.098,0.000443251830661211
746,873,127,0.127,0.0005932114125862427
740,870,130,0.13,0.0004313829868024186
768,884,116,0.116,0.0006098217047274375
762,881,119,0.119,0.00044043287012209475
786,893,107,0.107,0.0006134524875924398
760,880,120,0.12,0.0005824352873569297
712,856,144,0.144,0.00046913351589319063
756,878,122,0.122,0.0006107555761900585
702,851,149,0.149,0.0006919680745049846
754,877,123,0.123,0.0005559435244631459
798,899,101,0.101,0.0006452249421054149
762,881,119,0.119,0.0005805344341315503
748,874,126,0.126,0.0007107782430903171
794,897,103,0.103,0.000647174298435857
782,891,109,0.109,0.0006193315454520416
774,887,113,0.113,0.0005645886994007014
756,878,122,0.122,0.0006256342477527142
740,870,130,0.13,0.0005800695038451522
790,895,105,0.105,0.0004521336870329833
776,888,112,0.112,0.00046015415094188936
686,843,157,0.157,0.0008220811235059955
802,901,99,0.099,0.0004080860241319897
800,900,100,0.1,0.0005358782560870168
812,906,94,0.094,0.0005349379991973819
724,862,138,0.138,0.0005858344650414438
814,907,93,0.093,0.0005407192253196626
752,876,124,0.124,0.0006624263245903422
782,891,109,0.109,0.0006777343244712029
794,897,103,0.103,0.0008698198025776946
728,864,136,0.136,0.0005248225102350261
750,875,125,0.125,0.0008090789695579587
740,870,130,0.13,0.0009843913502445502
782,891,109,0.109,0.0008435659018441584
770,885,115,0.115,0.0008466413978858327
768,884,116,0.116,0.0008321419747990148
780,890,110,0.11,0.0007512566529057949
774,887,113,0.113,0.0007677500319568935
738,869,131,0.131,0.0006351494242553599
768,884,116,0.116,0.0005977953869587509
742,871,129,0.129,0.0008537616439025442
760,880,120,0.12,0.0006340121422326774
776,888,112,0.112,0.0005876410869004758
776,888,112,0.112,0.0006333826326881535
762,881,119,0.119,0.0007875751752562792
766,883,117,0.117,0.0008600840697708918
738,869,131,0.131,0.0006953090564202285
764,882,118,0.118,0.0008684946016637696
740,870,130,0.13,0.0006444433701126399
718,859,141,0.141,0.0009199318425853562
794,897,103,0.103,0.0009072842783825763
752,876,124,0.124,0.0009069716980266094
786,893,107,0.107,0.0008986625612269563
742,871,129,0.129,0.0007909290189199964
708,854,146,0.146,0.0010229416771035177
732,866,134,0.134,0.0008646328905597329
740,870,130,0.13,0.0008984370394082362
780,890,110,0.11,0.0009888379916428677
786,893,107,0.107,0.0008284143781584134
806,903,97,0.097,0.0004896729225365562
760,880,120,0.12,0.0009909635417134268
788,894,106,0.106,0.0006025226773908798
768,884,116,0.116,0.0005698914255553973
740,870,130,0.13,0.0006367652646476927
764,882,118,0.118,0.000546575189458963
782,891,109,0.109,0.0005402214453006309
764,882,118,0.118,0.000592457045786432
780,890,110,0.11,0.0006223737058408006
740,870,130,0.13,0.0006512205508206534
750,875,125,0.125,0.0006933340578434581
802,901,99,0.099,0.0005967843857615662
708,854,146,0.146,0.0006756895342914504
766,883,117,0.117,0.000573071361050097
800,900,100,0.1,0.000630000590790587
770,885,115,0.115,0.0006324136252878815
762,881,119,0.119,0.0005745334426737827
738,869,131,0.131,0.0006992501429467666
762,881,119,0.119,0.0006507111263690604
714,857,143,0.143,0.0006587886446777703
790,895,105,0.105,0.0003724401009403664
788,894,106,0.106,0.0004067910335070337
744,872,128,0.128,0.0005825283717476851
826,913,87,0.087,0.00040309950386426864
714,857,143,0.143,0.0006909844361234718
802,901,99,0.099,0.0005855526720170019
802,901,99,0.099,0.0006875238098473346
764,882,118,0.118,0.0007781317016870162
762,881,119,0.119,0.0005902639518562864
816,908,92,0.092,0.0005054705713919247
738,869,131,0.131,0.00059245880256276
702,851,149,0.149,0.0007332219052841538
742,871,129,0.129,0.0006431800664540788
762,881,119,0.119,0.0006174286420955468
778,889,111,0.111,0.0005334891300171876
712,856,144,0.144,0.0006192600871199829
846,923,77,0.077,0.00040476103246055574
792,896,104,0.104,0.00045580217496353725
796,898,102,0.102,0.0006070382494581282
742,871,129,0.129,0.0005240739705805027
782,891,109,0.109,0.0004567366101728112
740,870,130,0.13,0.0007098699107336869
794,897,103,0.103,0.00043655213467900465
732,866,134,0.134,0.0007057596162630944
764,882,118,0.118,0.0005007926250054879
752,876,124,0.124,0.0005391942669375567
736,868,132,0.132,0.0006980419497158437
788,894,106,0.106,0.0005561533456493635
784,892,108,0.108,0.0006311349169809546
714,857,143,0.143,0.0008349703019957814
762,881,119,0.119,0.0005586117776674655
772,886,114,0.114,0.0006817317395252757
776,888,112,0.112,0.0005738492063028388
766,883,117,0.117,0.0004910291780070111
758,879,121,0.121,0.0005372743907973927
728,864,136,0.136,0.0007821873979846714
790,895,105,0.105,0.0005010134724325326
772,886,114,0.114,0.0006399601354969491
770,885,115,0.115,0.0005139410511183087
770,885,115,0.115,0.0005406927050717058
720,860,140,0.14,0.0010805109640095907
774,887,113,0.113,0.0005444807749099709
750,875,125,0.125,0.0006660437702157651
716,858,142,0.142,0.0005324846549819995
674,837,163,0.163,0.00075542152889102
768,884,116,0.116,0.00047185811966483015
748,874,126,0.126,0.0007491468073239958
760,880,120,0.12,0.0005285617323479528
764,882,118,0.118,0.0006710685271136753
776,888,112,0.112,0.0005561446092724509
732,866,134,0.134,0.0006696531451598275
788,894,106,0.106,0.0006496935562608997
766,883,117,0.117,0.0006532817856041219
738,869,131,0.131,0.0006868501630742685
748,874,126,0.126,0.0006210301464816439
762,881,119,0.119,0.0005388720450318943
704,852,148,0.148,0.0006608055711039924
730,865,135,0.135,0.0006635181433339312
702,851,149,0.149,0.0007880512719002582
728,864,136,0.136,0.0005676527171308408
786,893,107,0.107,0.000527328062491506
750,875,125,0.125,0.0006683535519405268
816,908,92,0.092,0.00043109607679434704
808,904,96,0.096,0.00039986201444480686
790,895,105,0.105,0.0005688392634510819
772,886,114,0.114,0.0006208757687963953
770,885,115,0.115,0.0005406590874481481
724,862,138,0.138,0.0006144047205052629
736,868,132,0.132,0.0006609751031755877
778,889,111,0.111,0.0005537490023998544
750,875,125,0.125,0.0005484014293688233
752,876,124,0.124,0.0005479697643422696
714,857,143,0.143,0.0006556651000701095
748,874,126,0.126,0.0006749295049085049
768,884,116,0.116,0.0005268034039800114
738,869,131,0.131,0.0006907358262742492
768,884,116,0.116,0.0005037124709742784
708,854,146,0.146,0.0006120335634295771
758,879,121,0.121,0.0005751665400566708
764,882,118,0.118,0.000608696672638871
800,900,100,0.1,0.00046472329739754057
794,897,103,0.103,0.0003700622355318046
796,898,102,0.102,0.00041484341394789227
756,878,122,0.122,0.00044614504305536684
808,904,96,0.096,0.00038711468904148205
758,879,121,0.121,0.0004650880429035169
754,877,123,0.123,0.00042528755878083757
810,905,95,0.095,0.00045853478510798597
726,863,137,0.137,0.0005125686312094331
744,872,128,0.128,0.00045816337690121145
784,892,108,0.108,0.0005545262648392964
814,907,93,0.093,0.00039359748838705853
762,881,119,0.119,0.0004885743969534815
742,871,129,0.129,0.0006631069296645364
714,857,143,0.143,0.0007781420222218003
784,892,108,0.108,0.0004941093507231926
736,868,132,0.132,0.0005130479120889504
740,870,130,0.13,0.0005984467911857792
792,896,104,0.104,0.00047212388901425584
770,885,115,0.115,0.0005556941897848447
780,890,110,0.11,0.000512330059260421
790,895,105,0.105,0.0005298608527882606
770,885,115,0.115,0.0005737597088700568
780,890,110,0.11,0.0004436938480430399
758,879,121,0.121,0.0005266663976562996
822,911,89,0.089,0.00040573523177954483
746,873,127,0.127,0.0005152964679673459
774,887,113,0.113,0.0005418003814475015
728,864,136,0.136,0.0006112892549263051
716,858,142,0.142,0.0004870503250353977
718,859,141,0.141,0.000630135126544701
736,868,132,0.132,0.0005252038734925009
784,892,108,0.108,0.000540836561096512
810,905,95,0.095,0.0004722368338971137
722,861,139,0.139,0.0006830029056945933
776,888,112,0.112,0.00048384949467981643
756,878,122,0.122,0.000537084635845531
810,905,95,0.095,0.000523382723913528
752,876,124,0.124,0.0005864840898029797
788,894,106,0.106,0.00036676460098169627
846,923,77,0.077,0.0003501030259085383
736,868,132,0.132,0.0006798321740661777
818,909,91,0.091,0.0004046995957105537
770,885,115,0.115,0.0005481031755098229
738,869,131,0.131,0.00046630584356898905
720,860,140,0.14,0.0006149649607241373
786,893,107,0.107,0.00042026009069559225
734,867,133,0.133,0.000510566728287813
796,898,102,0.102,0.00041933829221852645
698,849,151,0.151,0.0007151911852106423
788,894,106,0.106,0.0005700908512662863
794,897,103,0.103,0.00046817754894073007
780,890,110,0.11,0.0004757643694574654
792,896,104,0.104,0.00047377721229713645
768,884,116,0.116,0.0006537779718200909
784,892,108,0.108,0.0006755760050946264
774,887,113,0.113,0.0005584514752172253
702,851,149,0.149,0.0008353291048260872
816,908,92,0.092,0.0004245619138728216
784,892,108,0.108,0.00045361116868480167
728,864,136,0.136,0.00039777849934489497
756,878,122,0.122,0.0005183282634934585
788,894,106,0.106,0.00032983202160721706
780,890,110,0.11,0.0003388074577578664
738,869,131,0.131,0.0005056438223346049
758,879,121,0.121,0.00044670838969250323
784,892,108,0.108,0.00031245751644382833
780,890,110,0.11,0.00045132761044078506
808,904,96,0.096,0.00030534330797672737
708,854,146,0.146,0.0005632713669865552
792,896,104,0.104,0.0004990767690142093
766,883,117,0.117,0.0008169504359357234
762,881,119,0.119,0.0006773989821995201
726,863,137,0.137,0.0008899672632942384
736,868,132,0.132,0.0008061417303033522
802,901,99,0.099,0.0007567062965517835
692,846,154,0.154,0.001006299399825366
748,874,126,0.126,0.0007638243447345303
766,883,117,0.117,0.0006783833350182249
708,854,146,0.146,0.000781147343419434
812,906,94,0.094,0.0006547067760802747
702,851,149,0.149,0.0007466950341768097
778,889,111,0.111,0.0007191811616976339
780,890,110,0.11,0.0006149899488773372
802,901,99,0.099,0.0004941007509987685
746,873,127,0.127,0.0008200685599986173
734,867,133,0.133,0.0005759123664793151
768,884,116,0.116,0.0004816101450342103
816,908,92,0.092,0.0004290953796298709
836,918,82,0.082,0.0004959752905378991
752,876,124,0.124,0.0005776875246647251
758,879,121,0.121,0.0004842427433322882
810,905,95,0.095,0.0003921549117876566
772,886,114,0.114,0.00048524936929607065
764,882,118,0.118,0.00047159270143674805
682,841,159,0.159,0.0006905505957111018
800,900,100,0.1,0.0005281785329480044
774,887,113,0.113,0.00045868234378576746
784,892,108,0.108,0.0004934213762717263
720,860,140,0.14,0.000690681360918461
756,878,122,0.122,0.0006356024670203624
842,921,79,0.079,0.00036239655606732415
770,885,115,0.115,0.0005665976720410981
738,869,131,0.131,0.0005339826332474331
768,884,116,0.116,0.0006172020045632962
776,888,112,0.112,0.0004934898054889345
706,853,147,0.147,0.0006974706302062259
740,870,130,0.13,0.000555297923478065
790,895,105,0.105,0.0004977823549284039
748,874,126,0.126,0.000580360749088868
708,854,146,0.146,0.0007378009518215549
814,907,93,0.093,0.0005709399682637013
798,899,101,0.101,0.000511674802248308
748,874,126,0.126,0.0005188860663674859
796,898,102,0.102,0.0005735511315033364
764,882,118,0.118,0.0006530617691278167
742,871,129,0.129,0.0005492548143411114
788,894,106,0.106,0.0005081436078617117
766,883,117,0.117,0.000506791809839342
710,855,145,0.145,0.0006057934910750192
768,884,116,0.116,0.0005184473356384842
828,914,86,0.086,0.0004288356917932106
750,875,125,0.125,0.0005494170828787901
754,877,123,0.123,0.0005137404211827743
778,889,111,0.111,0.0005375412909124862
748,874,126,0.126,0.0005341207855490211
780,890,110,0.11,0.0006269423470021138
714,857,143,0.143,0.0006600276670196764
752,876,124,0.124,0.0004229149672737549
752,876,124,0.124,0.0006812089340746752
800,900,100,0.1,0.0004606933402192226
790,895,105,0.105,0.0006377263676004077
776,888,112,0.112,0.0005502003330857406
740,870,130,0.13,0.0005367304179017083
724,862,138,0.138,0.0005837841258580738
744,872,128,0.128,0.000677432942786254
814,907,93,0.093,0.000553570667778331
816,908,92,0.092,0.0004294343473702611
778,889,111,0.111,0.0005411013194961924
766,883,117,0.117,0.0004376253131322301
806,903,97,0.097,0.0004562730768975598
802,901,99,0.099,0.0005068621293903561
822,911,89,0.089,0.0003313241824380384
772,886,114,0.114,0.0004918329990086931
756,878,122,0.122,0.0005730921893909908
726,863,137,0.137,0.0006087650355184451
788,894,106,0.106,0.000461769753950648
736,868,132,0.132,0.0005094618288894707
778,889,111,0.111,0.0004991697333862248
768,884,116,0.116,0.0004834175888026948
790,895,105,0.105,0.0005724703664200206
766,883,117,0.117,0.00047825650518279873
740,870,130,0.13,0.0006217986771480355
808,904,96,0.096,0.0005991755546419881
848,924,76,0.076,0.00045134154641709756
678,839,161,0.161,0.0006340886058005708
758,879,121,0.121,0.0005605224413338874
734,867,133,0.133,0.0006337338787320733
716,858,142,0.142,0.0006759078221311939
762,881,119,0.119,0.0006356841103843181
782,891,109,0.109,0.0004912242127334138
826,913,87,0.087,0.0005976673203440441
778,889,111,0.111,0.0005419133562973002
794,897,103,0.103,0.000466199340105959
784,892,108,0.108,0.000629204652759654
778,889,111,0.111,0.0005789404768202076
748,874,126,0.126,0.0007331857641511305
734,867,133,0.133,0.0005785826248502417
704,852,148,0.148,0.0008087667671188683
778,889,111,0.111,0.0006698220436701376
720,860,140,0.14,0.0006005133736071002
766,883,117,0.117,0.0007613080368937517
828,914,86,0.086,0.0004483973591577524
794,897,103,0.103,0.0006412556626655715
732,866,134,0.134,0.0005870779110864532
776,888,112,0.112,0.0005054167821690499
758,879,121,0.121,0.0004404319773802854
762,881,119,0.119,0.0004201993798633339
754,877,123,0.123,0.0004483060626635051
824,912,88,0.088,0.0003567470888046955
760,880,120,0.12,0.00046096277497781557
740,870,130,0.13,0.00046222279864377924
806,903,97,0.097,0.00045859565055798157
770,885,115,0.115,0.0004745844787066744
806,903,97,0.097,0.00041436492280627136
702,851,149,0.149,0.0006176590416434919
758,879,121,0.121,0.0004901464125832717
746,873,127,0.127,0.00048235410095003316
790,895,105,0.105,0.0004725343634818273
824,912,88,0.088,0.00041565968672875895
766,883,117,0.117,0.00038768606715711937
806,903,97,0.097,0.0004277505157842825
756,878,122,0.122,0.0004424495267521706
760,880,120,0.12,0.000475936742110207
720,860,140,0.14,0.0005199266428680858
776,888,112,0.112,0.0005214986778009916
758,879,121,0.121,0.0004618267387013475
752,876,124,0.124,0.0003909249694515893
742,871,129,0.129,0.0005529226278849819
746,873,127,0.127,0.000497509737380824
802,901,99,0.099,0.0004468466630951298
790,895,105,0.105,0.00036536653030998424
772,886,114,0.114,0.0003580290793061067
788,894,106,0.106,0.0003649440992994641
768,884,116,0.116,0.00042406710345312603
748,874,126,0.126,0.00042645772413379745
792,896,104,0.104,0.0003234224755351534
762,881,119,0.119,0.000368890427605038
740,870,130,0.13,0.0004465279216929048
808,904,96,0.096,0.0002918105860644573
778,889,111,0.111,0.00034089443403900076
830,915,85,0.085,0.00021486681804435648
734,867,133,0.133,0.00044041314978676384
738,869,131,0.131,0.0003410761128325248
768,884,116,0.116,0.0003049818493955172
822,911,89,0.089,0.00034507518308782894
812,906,94,0.094,0.000395306521954808
770,885,115,0.115,0.0004420479666441679
752,876,124,0.124,0.0006250044437347242
810,905,95,0.095,0.0003885726176931712
764,882,118,0.118,0.00039003244042396543
798,899,101,0.101,0.00036664500750521257
778,889,111,0.111,0.0005190543231165066
778,889,111,0.111,0.0005145218863908667
766,883,117,0.117,0.00037942564040167783
722,861,139,0.139,0.0003407052899910923
832,916,84,0.084,0.0004141434614030004
774,887,113,0.113,0.0005114163922535226
760,880,120,0.12,0.00048694989949399315
726,863,137,0.137,0.0005068774846058659
752,876,124,0.124,0.0004998853075121588
774,887,113,0.113,0.000390372522528196
756,878,122,0.122,0.0005396215572000074
764,882,118,0.118,0.0005950898895625869
706,853,147,0.147,0.0006511251623014687
766,883,117,0.117,0.0005820075646570331
812,906,94,0.094,0.0004627154218069336
752,876,124,0.124,0.0004912305346406356
750,875,125,0.125,0.00047707428617559344
770,885,115,0.115,0.0005729455079399486
762,881,119,0.119,0.00047264481086313026
748,874,126,0.126,0.0004652344859296136
738,869,131,0.131,0.0005448914776461606
744,872,128,0.128,0.0004970012059502551
760,880,120,0.12,0.0005399049603975072
738,869,131,0.131,0.0005977935039354633
756,878,122,0.122,0.0004876973825012101
742,871,129,0.129,0.000571396395254851
824,912,88,0.088,0.00033799706524405336
744,872,128,0.128,0.00047358471841653225
770,885,115,0.115,0.0004390272163964255
796,898,102,0.102,0.0003190596261410974
736,868,132,0.132,0.00043443623075654615
770,885,115,0.115,0.00047212024847794967
742,871,129,0.129,0.00047900659296283267
722,861,139,0.139,0.00047850743788694673
770,885,115,0.115,0.00044134148022931187
736,868,132,0.132,0.0004785645429874421
816,908,92,0.092,0.0003184760995218312
806,903,97,0.097,0.0003141705327070667
794,897,103,0.103,0.0003733547153969994
776,888,112,0.112,0.0003295169858611189
776,888,112,0.112,0.0003362227833531506
774,887,113,0.113,0.00043174233990703214
806,903,97,0.097,0.00027696801268302807
814,907,93,0.093,0.0002785824434040478
764,882,118,0.118,0.00032373027253379403
808,904,96,0.096,0.0002886366086650014
726,863,137,0.137,0.0004270736532553201
788,894,106,0.106,0.0002863853757808101
758,879,121,0.121,0.0004048431289384098
806,903,97,0.097,0.0003353195591730582
766,883,117,0.117,0.00042921718247998796
838,919,81,0.081,0.00023582925057598914
798,899,101,0.101,0.0003088762805200531
662,831,169,0.169,0.0005214038058293227
768,884,116,0.116,0.0003546176287200069
762,881,119,0.119,0.0004314206539384031
826,913,87,0.087,0.00026316607355920496
794,897,103,0.103,0.0002732552341731207
738,869,131,0.131,0.0003229869887345558
724,862,138,0.138,0.0003841487163990678
804,902,98,0.098,0.00031125104109014503
798,899,101,0.101,0.0002832403604779756
810,905,95,0.095,0.00034003801650032983
764,882,118,0.118,0.0003035341107970453
764,882,118,0.118,0.0003227074365622684
762,881,119,0.119,0.00038310719818036886
762,881,119,0.119,0.000410703875379113
712,856,144,0.144,0.0005544197745875862
746,873,127,0.127,0.00040025718915967447
816,908,92,0.092,0.0003097394377327873
784,892,108,0.108,0.0003709085217415122
772,886,114,0.114,0.00034317893002844355
726,863,137,0.137,0.00040640154822358456
734,867,133,0.133,0.0005650947774356609
804,902,98,0.098,0.0003261205626949959
746,873,127,0.127,0.0004606862262717186
708,854,146,0.146,0.00048056134988291887
784,892,108,0.108,0.00040601129874994515
732,866,134,0.134,0.0005026245645658492
746,873,127,0.127,0.00046208645979641005
762,881,119,0.119,0.000462303499403788
776,888,112,0.112,0.0004275660039165814
760,880,120,0.12,0.00040754556409137874
714,857,143,0.143,0.0004501846246112109
776,888,112,0.112,0.00038823209234942625
774,887,113,0.113,0.0003796496007917085
710,855,145,0.145,0.0005840018659664565
760,880,120,0.12,0.000310510383140354
742,871,129,0.129,0.00048703732245485297
800,900,100,0.1,0.00041706428841280284
762,881,119,0.119,0.0003811275044863578
808,904,96,0.096,0.0003378922225310816
736,868,132,0.132,0.00048074584287314794
760,880,120,0.12,0.0006109067129291361
822,911,89,0.089,0.00030809547987064434
754,877,123,0.123,0.0004598630005384621
816,908,92,0.092,0.00033968522407440107
782,891,109,0.109,0.0003824898141101585
764,882,118,0.118,0.00044912947585908113
764,882,118,0.118,0.0004897616323141846
778,889,111,0.111,0.0005095433297974524
766,883,117,0.117,0.00046683921196017763
798,899,101,0.101,0.0003839904890555772
730,865,135,0.135,0.0006562554034881032
730,865,135,0.135,0.0005908328695750242
806,903,97,0.097,0.0003610333450842518
756,878,122,0.122,0.0006319802493671887
728,864,136,0.136,0.000551409156889349
782,891,109,0.109,0.00041996870430375567
786,893,107,0.107,0.00039000813744678454
766,883,117,0.117,0.00040628791729068327
768,884,116,0.116,0.0004698762339894529
764,882,118,0.118,0.0003294172707724101
716,858,142,0.142,0.00037948189761891624
760,880,120,0.12,0.00043731286878028185
784,892,108,0.108,0.0003357193605261273
796,898,102,0.102,0.00030150441699515793
802,901,99,0.099,0.00026592404648727097
764,882,118,0.118,0.0003268585682162666
826,913,87,0.087,0.0003081821329687955
790,895,105,0.105,0.0003650931788088201
730,865,135,0.135,0.0004619676420034011
822,911,89,0.089,0.00037631590436467376
736,868,132,0.132,0.00039789074985310433
790,895,105,0.105,0.0003544736189451214
752,876,124,0.124,0.000405385767988264
854,927,73,0.073,0.00027572688338477745
774,887,113,0.113,0.00039833839062157494
788,894,106,0.106,0.00035612138111537205
744,872,128,0.128,0.0002737760130903553
760,880,120,0.12,0.0004040471961316143
804,902,98,0.098,0.00029784007650232526
784,892,108,0.108,0.0003859816464064352
816,908,92,0.092,0.00021655220869888582
774,887,113,0.113,0.0003250119624317449
754,877,123,0.123,0.00037261465245501315
828,914,86,0.086,0.0002675908902183437
776,888,112,0.112,0.00036374564460857074
832,916,84,0.084,0.0002501791788608898
790,895,105,0.105,0.00030256858773464044
724,862,138,0.138,0.0003846208095847032
702,851,149,0.149,0.000329432896714934
764,882,118,0.118,0.0004003108667675406
794,897,103,0.103,0.0002772676611202769
768,884,116,0.116,0.0003589348454206629
780,890,110,0.11,0.0003430568676840267
758,879,121,0.121,0.00041963592476167833
788,894,106,0.106,0.00033247520921213437
826,913,87,0.087,0.00029533046925553206
786,893,107,0.107,0.00032842563643680476
696,848,152,0.152,0.0004948198490019422
748,874,126,0.126,0.00043742153931270876
792,896,104,0.104,0.0003801253626006655
792,896,104,0.104,0.00040211700712461607
758,879,121,0.121,0.0004981252540528657
738,869,131,0.131,0.0005097346106576879
784,892,108,0.108,0.0004043366111491196
800,900,100,0.1,0.0003718407272299373
746,873,127,0.127,0.0004886875788197358
698,849,151,0.151,0.0006046132063147524
804,902,98,0.098,0.0002839209901430877
756,878,122,0.122,0.00043556142792658647
748,874,126,0.126,0.00040107786459702766
794,897,103,0.103,0.0003825450817812452
756,878,122,0.122,0.0003992402958047023
734,867,133,0.133,0.0003852671005315642
748,874,126,0.126,0.00038701773675529693
764,882,118,0.118,0.0004298281924293406
768,884,116,0.116,0.00034304095103107103
804,902,98,0.098,0.00038634660325260486
768,884,116,0.116,0.0005479428232056307
760,880,120,0.12,0.0004601959573701606
746,873,127,0.127,0.0005612586984589143
764,882,118,0.118,0.00040739278449837004
778,889,111,0.111,0.00044792810690705666
756,878,122,0.122,0.0005451405976655224
744,872,128,0.128,0.0005219543346865976
756,878,122,0.122,0.00047392013705120916
750,875,125,0.125,0.0004593045785841241
796,898,102,0.102,0.0004476834519555268
778,889,111,0.111,0.0003946744322356608
768,884,116,0.116,0.0004088839988262407
794,897,103,0.103,0.00030003705708077176
812,906,94,0.094,0.00030040356981589865
744,872,128,0.128,0.00035426751872546445
714,857,143,0.143,0.0004153072088429326
764,882,118,0.118,0.00034441780921406465
858,929,71,0.071,0.00026220802391162577
744,872,128,0.128,0.0005575731417538918
792,896,104,0.104,0.00030083093741086484
756,878,122,0.122,0.0003053757269135531
720,860,140,0.14,0.0003772122460409264
722,861,139,0.139,0.0005911375832729391
804,902,98,0.098,0.00035903046144630937
778,889,111,0.111,0.0003996868556550908
744,872,128,0.128,0.0004415623142995173
810,905,95,0.095,0.0004822801751888619
752,876,124,0.124,0.00041986132332749547
752,876,124,0.124,0.0004414028141673043
762,881,119,0.119,0.000445467235012984
720,860,140,0.14,0.00044801595636636193
736,868,132,0.132,0.0005564833716543944
744,872,128,0.128,0.0005229656916671957
826,913,87,0.087,0.0003018043107349513
812,906,94,0.094,0.0004165375051652518
762,881,119,0.119,0.00039138012446528593
794,897,103,0.103,0.00047529279510490595
760,880,120,0.12,0.0003693704547276866
728,864,136,0.136,0.0005864442526471975
754,877,123,0.123,0.00041534834425510783
806,903,97,0.097,0.0002873066029187612
730,865,135,0.135,0.00042143807305001244
780,890,110,0.11,0.0003188452547747147
734,867,133,0.133,0.0004100798171566566
738,869,131,0.131,0.0004248772839328012
828,914,86,0.086,0.00024603438813755927
792,896,104,0.104,0.00031732314892997236
780,890,110,0.11,0.0003528639001197007
778,889,111,0.111,0.0003594701986075961
800,900,100,0.1,0.0002834125860408676
752,876,124,0.124,0.0003271854281720152
774,887,113,0.113,0.0003637002655177639
802,901,99,0.099,0.00033446173734955666
710,855,145,0.145,0.0003532223626734776
734,867,133,0.133,0.0003919345442445774
746,873,127,0.127,0.0003854598919733689
804,902,98,0.098,0.00031225921468922024
738,869,131,0.131,0.0003649504490795152
798,899,101,0.101,0.0003261429618960392
778,889,111,0.111,0.00031541376337463587
776,888,112,0.112,0.00035241024794686383
772,886,114,0.114,0.00030387006343516985
836,918,82,0.082,0.0003127591251213744
764,882,118,0.118,0.0003773763512417645
752,876,124,0.124,0.00034069823842219194
772,886,114,0.114,0.00033091818716548003
766,883,117,0.117,0.0003263397795708443
734,867,133,0.133,0.0004996192584985692
800,900,100,0.1,0.0002707589977699172
820,910,90,0.09,0.0002758987365959911
758,879,121,0.121,0.00037245662930399706
792,896,104,0.104,0.0003456873023633307
800,900,100,0.1,0.00045112417406562597
746,873,127,0.127,0.0006095353882274139
706,853,147,0.147,0.000518492179599889
792,896,104,0.104,0.000512205840610477
752,876,124,0.124,0.0005480777362317894
784,892,108,0.108,0.0004893046217848678
752,876,124,0.124,0.0005688176356215991
770,885,115,0.115,0.0004759045309729117
776,888,112,0.112,0.00045802772075421674
740,870,130,0.13,0.0005526615552189469
734,867,133,0.133,0.0005778234356275789
764,882,118,0.118,0.0005510452284615894
782,891,109,0.109,0.0005109260712870309
720,860,140,0.14,0.0005777323647816957
800,900,100,0.1,0.00041478101989378044
770,885,115,0.115,0.0005201923751974391
760,880,120,0.12,0.0006152860154652444
762,881,119,0.119,0.0004906172130267805
720,860,140,0.14,0.0005595711962014321
758,879,121,0.121,0.0004609923837706447
782,891,109,0.109,0.00042033542222270627
810,905,95,0.095,0.00030537339519082706
766,883,117,0.117,0.00040241302454523977
714,857,143,0.143,0.00045792561589041726
782,891,109,0.109,0.00038314611047826473
760,880,120,0.12,0.00047058763317909326
810,905,95,0.095,0.0003030519327003276
722,861,139,0.139,0.0004486582832851127
770,885,115,0.115,0.0004919975052171139
762,881,119,0.119,0.0004412642337156285
796,898,102,0.102,0.00024111634082510136
732,866,134,0.134,0.00046538688557120624
760,880,120,0.12,0.0004184571096539003
796,898,102,0.102,0.0004705398923961184
806,903,97,0.097,0.0004221579976601788
810,905,95,0.095,0.0003868271263581846
742,871,129,0.129,0.0005113186436892647
688,844,156,0.156,0.0007048941989487502
794,897,103,0.103,0.0005332553370790265
794,897,103,0.103,0.0004048910566161794
772,886,114,0.114,0.00043030036916024984
776,888,112,0.112,0.00040144430127475063
776,888,112,0.112,0.0004238387744444481
804,902,98,0.098,0.00042176343153641936
744,872,128,0.128,0.00045679634931548207
772,886,114,0.114,0.00048503990246535976
776,888,112,0.112,0.00035939751776822956
756,878,122,0.122,0.0003438278941539465
832,916,84,0.084,0.0002809549952253292
800,900,100,0.1,0.0002691368817959301
756,878,122,0.122,0.0004380081581839477
742,871,129,0.129,0.0004032939785174676
802,901,99,0.099,0.000257314642435631
682,841,159,0.159,0.0005568184088187991
748,874,126,0.126,0.0003902610077011559
730,865,135,0.135,0.0004200777144997119
740,870,130,0.13,0.0007601407045458473
716,858,142,0.142,0.0007508463936446787
770,885,115,0.115,0.0005790299912096089
794,897,103,0.103,0.0004653384972971253
740,870,130,0.13,0.0005068466551274469
802,901,99,0.099,0.0004920657066049899
774,887,113,0.113,0.0007400739990316652
794,897,103,0.103,0.0006013690646923351
788,894,106,0.106,0.0004315551942727325
734,867,133,0.133,0.0007423126668836631
816,908,92,0.092,0.0004843250570465898
770,885,115,0.115,0.0006843331828113151
752,876,124,0.124,0.000630181581078432
740,870,130,0.13,0.0005512662872092733
792,896,104,0.104,0.00037704828880123385
758,879,121,0.121,0.0005701182614320714
792,896,104,0.104,0.0002928228937116728
768,884,116,0.116,0.00043330610693556083
750,875,125,0.125,0.00040358336019562555
836,918,82,0.082,0.00047410398183274084
724,862,138,0.138,0.0006277161033249285
768,884,116,0.116,0.0005065724019850677
728,864,136,0.136,0.0005750885149100214
820,910,90,0.09,0.000507407296277961
748,874,126,0.126,0.000561681723136644
764,882,118,0.118,0.0004541271306406998
776,888,112,0.112,0.000453851180649508
692,846,154,0.154,0.0006411883825603582
780,890,110,0.11,0.0005175494084451202
816,908,92,0.092,0.00048689971109706676
750,875,125,0.125,0.0005467772667079771
796,898,102,0.102,0.0005579427874354224
742,871,129,0.129,0.00046777384742563297
742,871,129,0.129,0.00043570082840597025
806,903,97,0.097,0.0003299219105992961
796,898,102,0.102,0.0004471979100853787
748,874,126,0.126,0.0004893075039799442
772,886,114,0.114,0.00035885711704486314
802,901,99,0.099,0.0004555593447184947
708,854,146,0.146,0.0006731491273530992
744,872,128,0.128,0.0005122993507320643
718,859,141,0.141,0.0005077925340774527
720,860,140,0.14,0.00047958844423010304
768,884,116,0.116,0.00042467659442991135
792,896,104,0.104,0.0004289135733633884
724,862,138,0.138,0.0005080393229127366
788,894,106,0.106,0.0003768152372831537
800,900,100,0.1,0.00040706705113188946
776,888,112,0.112,0.0003624223505194095
772,886,114,0.114,0.00040012105920413885
842,921,79,0.079,0.000322471104142096
710,855,145,0.145,0.00048280848630383844
762,881,119,0.119,0.0003687959716826299
804,902,98,0.098,0.0005625769675280026
724,862,138,0.138,0.0004601711337254528
852,926,74,0.074,0.0003304867569131602
778,889,111,0.111,0.00043844585990336784
764,882,118,0.118,0.00047341832700112716
682,841,159,0.159,0.0005654581669077743
812,906,94,0.094,0.00038585389974832654
782,891,109,0.109,0.0005146623150649248
778,889,111,0.111,0.00048197612089279573
808,904,96,0.096,0.00036726931505836545
786,893,107,0.107,0.0004769396339688683
742,871,129,0.129,0.0004216813909188204
786,893,107,0.107,0.0006098370230465662
734,867,133,0.133,0.0005218126431318524
822,911,89,0.089,0.0003931698821070313
678,839,161,0.161,0.0005732367666751088
680,840,160,0.16,0.0006287698087435274
764,882,118,0.118,0.00043583604869672855
806,903,97,0.097,0.0004023946582119606
798,899,101,0.101,0.00042816487807795055
778,889,111,0.111,0.0003609109372901003
776,888,112,0.112,0.00043885944108660625
788,894,106,0.106,0.0005028681948278973
720,860,140,0.14,0.0006978424493536295
782,891,109,0.109,0.0003934983667168126
822,911,89,0.089,0.0003539402660462656
780,890,110,0.11,0.00039570279418603605
748,874,126,0.126,0.00043877557294217696
764,882,118,0.118,0.00045292907971725073
804,902,98,0.098,0.000430086254627895
754,877,123,0.123,0.0005040099473899317
688,844,156,0.156,0.0007261063282057875
786,893,107,0.107,0.0004409158281141572
754,877,123,0.123,0.0003884224696594174
746,873,127,0.127,0.0005510302831444278
758,879,121,0.121,0.0006204877329037118
716,858,142,0.142,0.0005260199444128375
780,890,110,0.11,0.0005620120845105703
784,892,108,0.108,0.0004940300628149998
774,887,113,0.113,0.0005465320329367387
818,909,91,0.091,0.00038857171656854917
826,913,87,0.087,0.00039113671027917005
746,873,127,0.127,0.0005206340294043912
838,919,81,0.081,0.00045035193666444684
720,860,140,0.14,0.00044358837250410945
788,894,106,0.106,0.0004757972631523444
774,887,113,0.113,0.0005480264302768773
746,873,127,0.127,0.00046658181616294315
798,899,101,0.101,0.0005150535509883411
810,905,95,0.095,0.0004289750027874106
702,851,149,0.149,0.0005834136087505612
822,911,89,0.089,0.00039183041877004145
842,921,79,0.079,0.0002986887010929422
736,868,132,0.132,0.0005176562857450336
754,877,123,0.123,0.0005158704714995111
756,878,122,0.122,0.0004422783091731617
802,901,99,0.099,0.00043152970876872133
764,882,118,0.118,0.0004933939993970852
746,873,127,0.127,0.0004755641017036396
810,905,95,0.095,0.000495943589568924
770,885,115,0.115,0.0004875473268812129
744,872,128,0.128,0.0004953464438895025
754,877,123,0.123,0.00037591545616396613
786,893,107,0.107,0.0005176200426940341
818,909,91,0.091,0.0004309235043956505
740,870,130,0.13,0.0005784917334967759
748,874,126,0.126,0.0005062717530490773
744,872,128,0.128,0.00044630229712856815
746,873,127,0.127,0.0005342450781172374
700,850,150,0.15,0.0005931290126682143
792,896,104,0.104,0.0005584634619008284
818,909,91,0.091,0.0004399859434233804
774,887,113,0.113,0.00037317280080606
768,884,116,0.116,0.0004958782859339407
760,880,120,0.12,0.0005069033575273352
750,875,125,0.125,0.000631457389688876
784,892,108,0.108,0.000518047720175673
794,897,103,0.103,0.0005343521350005176
760,880,120,0.12,0.0004880524734217033
790,895,105,0.105,0.0005053529369579337
774,887,113,0.113,0.0004934293074711604
764,882,118,0.118,0.0006346400096954312
798,899,101,0.101,0.0003466396703533974
754,877,123,0.123,0.0005214006540991249
744,872,128,0.128,0.000541241249495215
722,861,139,0.139,0.0005795946797516081
766,883,117,0.117,0.0005037207187633613
734,867,133,0.133,0.000490625857057239
776,888,112,0.112,0.00036165088838424706
820,910,90,0.09,0.0004049309790971165
738,869,131,0.131,0.0004608501369293663
770,885,115,0.115,0.0006063660369436547
670,835,165,0.165,0.0005609832580048533
740,870,130,0.13,0.0005663957646320341
744,872,128,0.128,0.0006696351935679558
812,906,94,0.094,0.0005458357181887549
816,908,92,0.092,0.0004253512596624205
748,874,126,0.126,0.0005038864281450515
750,875,125,0.125,0.0005253556583156751
814,907,93,0.093,0.0005535162226296961
774,887,113,0.113,0.0006349810385363526
706,853,147,0.147,0.0007825007598421508
716,858,142,0.142,0.0005665746020258666
772,886,114,0.114,0.0006511017451193765
702,851,149,0.149,0.0005906864699827566
772,886,114,0.114,0.00048013381097553065
764,882,118,0.118,0.0006480251809507536
762,881,119,0.119,0.0004041994571034593
734,867,133,0.133,0.0005852390121581266
768,884,116,0.116,0.0006036718955365358
778,889,111,0.111,0.0005249527394626057
770,885,115,0.115,0.0006015962379897246
760,880,120,0.12,0.0005806354261567321
732,866,134,0.134,0.0005363256651980919
698,849,151,0.151,0.0006084981465246528
738,869,131,0.131,0.0004508720092890144
754,877,123,0.123,0.0006566510800639663
750,875,125,0.125,0.0005437769292857411
726,863,137,0.137,0.0005770571450539137
786,893,107,0.107,0.00039535033329411815
836,918,82,0.082,0.00046651426763128255
782,891,109,0.109,0.000493832998772632
774,887,113,0.113,0.0005840786669632507
800,900,100,0.1,0.0005778509466981632
758,879,121,0.121,0.0004987656820030679
764,882,118,0.118,0.0005809885473081522
826,913,87,0.087,0.00043358535343941186
790,895,105,0.105,0.0005803407438615977
800,900,100,0.1,0.0004602667204999307
766,883,117,0.117,0.0004404157686749386
702,851,149,0.149,0.0006920987726480234
758,879,121,0.121,0.00045068833887853545
770,885,115,0.115,0.0005319677732750278
766,883,117,0.117,0.0004411491408973234
746,873,127,0.127,0.0004970835361509671
762,881,119,0.119,0.0004589120990031006
784,892,108,0.108,0.0005728206550202231
738,869,131,0.131,0.0005038536451993423
762,881,119,0.119,0.0006398405865984387
800,900,100,0.1,0.0004230283502329257
812,906,94,0.094,0.00036357366041829667
832,916,84,0.084,0.0006146631165102008
796,898,102,0.102,0.00047470969601454274
764,882,118,0.118,0.0006031704462620837
764,882,118,0.118,0.0005263073673668259
748,874,126,0.126,0.0006577363163760311
788,894,106,0.106,0.000576214740613068
788,894,106,0.106,0.0006456840128776093
774,887,113,0.113,0.0005570900633611017
794,897,103,0.103,0.0005425603395315193
790,895,105,0.105,0.0005401879424043728
822,911,89,0.089,0.0005511226526505197
744,872,128,0.128,0.0005696851154625619
730,865,135,0.135,0.0005348335969374603
802,901,99,0.099,0.00046586308145742805
808,904,96,0.096,0.00047959344211631106
682,841,159,0.159,0.0006745876174536533
788,894,106,0.106,0.00046502740170944887
834,917,83,0.083,0.0003251412145436916
812,906,94,0.094,0.0003720578080719861
720,860,140,0.14,0.0005142208855249919
756,878,122,0.122,0.0004802903233503457
826,913,87,0.087,0.0003312845886503055
756,878,122,0.122,0.000519717565846804
794,897,103,0.103,0.0004539746162772644
740,870,130,0.13,0.0007007268907946127
814,907,93,0.093,0.0004442239918134874
692,846,154,0.154,0.0006313981113271438
776,888,112,0.112,0.0006427931179168809
766,883,117,0.117,0.0005359595241352508
804,902,98,0.098,0.000516223065671511
718,859,141,0.141,0.0004958680042855122
750,875,125,0.125,0.0006067369924348896
792,896,104,0.104,0.0004445679617874703
774,887,113,0.113,0.0004701489865692565
746,873,127,0.127,0.0005223972593685175
800,900,100,0.1,0.000422551201614624
716,858,142,0.142,0.0005142410388507414
780,890,110,0.11,0.00047224489182372053
772,886,114,0.114,0.0006372936317966378
716,858,142,0.142,0.0007165785499691992
774,887,113,0.113,0.0005279310261685168
766,883,117,0.117,0.0005578083643649734
756,878,122,0.122,0.0006307943516476371
762,881,119,0.119,0.000614075992420112
808,904,96,0.096,0.0004296607093583589
746,873,127,0.127,0.0006861669746831467
764,882,118,0.118,0.000580597460953868
764,882,118,0.118,0.00047166228890091586
762,881,119,0.119,0.0006617358232833794
742,871,129,0.129,0.0005139101349031989
758,879,121,0.121,0.0006021859509946808
762,881,119,0.119,0.0005004158230076428
792,896,104,0.104,0.0004184448144360431
806,903,97,0.097,0.0004909360626406852
706,853,147,0.147,0.0006247093672045594
848,924,76,0.076,0.00045528255850149434
764,882,118,0.118,0.0005846987546065065
748,874,126,0.126,0.0007402305327541399
788,894,106,0.106,0.0006728338248449291
796,898,102,0.102,0.0006359800771624577
770,885,115,0.115,0.0005889328148878121
760,880,120,0.12,0.0007261671907926938
794,897,103,0.103,0.00046868739680394356
790,895,105,0.105,0.0005208360388733127
766,883,117,0.117,0.0006238925700927211
784,892,108,0.108,0.00048724521892108897
730,865,135,0.135,0.0007966749795759824
822,911,89,0.089,0.00038679357121509386
708,854,146,0.146,0.0007069970930861018
834,917,83,0.083,0.0005305086792232032
796,898,102,0.102,0.0005249879773418797
718,859,141,0.141,0.0005799223367066588
754,877,123,0.123,0.0007228998104856145
754,877,123,0.123,0.0005884634485264542
802,901,99,0.099,0.0006281020878013806
800,900,100,0.1,0.0004128693246120747
788,894,106,0.106,0.0006748012056086736
714,857,143,0.143,0.0009466373647355795
790,895,105,0.105,0.0006381229216240172
796,898,102,0.102,0.0006289976796906558
738,869,131,0.131,0.000672394730259839
770,885,115,0.115,0.000623886808352836
742,871,129,0.129,0.000808144077356701
720,860,140,0.14,0.0006564449312172656
742,871,129,0.129,0.0006387580243135744
700,850,150,0.15,0.0007640618925179297
768,884,116,0.116,0.0006127354454329179
814,907,93,0.093,0.0004939308273296774
826,913,87,0.087,0.0004602538907893177
754,877,123,0.123,0.0004122802069578029
760,880,120,0.12,0.00046580865811665715
772,886,114,0.114,0.000661561995100783
720,860,140,0.14,0.0005109357448745868
690,845,155,0.155,0.0005578455140057485
760,880,120,0.12,0.0005455034593651362
810,905,95,0.095,0.0005074153242603643
768,884,116,0.116,0.0004839756027868134
760,880,120,0.12,0.0005937630321350297
788,894,106,0.106,0.0005278724887648423
766,883,117,0.117,0.000770692034370768
764,882,118,0.118,0.0006356681069846673
762,881,119,0.119,0.000688508908606309
774,887,113,0.113,0.0006192174909301684
754,877,123,0.123,0.0007168265784566756
680,840,160,0.16,0.0009353828829734993
766,883,117,0.117,0.0006905235702906793
734,867,133,0.133,0.0008536184344920912
744,872,128,0.128,0.0007339984366371937
764,882,118,0.118,0.0006953461286830134
768,884,116,0.116,0.0007976981875981437
766,883,117,0.117,0.000536718907967952
688,844,156,0.156,0.0006496538495375716
766,883,117,0.117,0.0006143629565449374
842,921,79,0.079,0.00040914625619006985
748,874,126,0.126,0.0005846553420269629
742,871,129,0.129,0.000557506696706696
778,889,111,0.111,0.00047903758942629795
744,872,128,0.128,0.00046866781761673335
798,899,101,0.101,0.0004216345560089394
736,868,132,0.132,0.000463279570616578
774,887,113,0.113,0.00045491773310277493
756,878,122,0.122,0.0004218469901188655
756,878,122,0.122,0.00045140297913894755
840,920,80,0.08,0.0003756257700115384
768,884,116,0.116,0.0005975222065535491
778,889,111,0.111,0.0005212801443249191
748,874,126,0.126,0.0006988969650938089
744,872,128,0.128,0.0006736271745248814
754,877,123,0.123,0.0005429137142455147
722,861,139,0.139,0.0005775459157339356
764,882,118,0.118,0.0010077753018395016
838,919,81,0.081,0.0003493094692057639
796,898,102,0.102,0.00047974192702531583
738,869,131,0.131,0.000536134041423793
780,890,110,0.11,0.0004680099865772718
818,909,91,0.091,0.0004063398012485777
754,877,123,0.123,0.0004862134310678812
772,886,114,0.114,0.000559818349123816
798,899,101,0.101,0.00044934334571917133
790,895,105,0.105,0.0004948608427912404
772,886,114,0.114,0.0004763335361440113
786,893,107,0.107,0.00042730531899724155
694,847,153,0.153,0.0006145757896647411
818,909,91,0.091,0.0005370549639501405
748,874,126,0.126,0.0005862624034998589
734,867,133,0.133,0.0007132206425831101
708,854,146,0.146,0.0007142926863689354
760,880,120,0.12,0.0006016296180459904
748,874,126,0.126,0.0005356679454162076
754,877,123,0.123,0.0005242201001765352
766,883,117,0.117,0.0006212668418320391
724,862,138,0.138,0.0006723572222035728
716,858,142,0.142,0.0005891612184477708
782,891,109,0.109,0.00044740608155007064
782,891,109,0.109,0.0005346213284483383
754,877,123,0.123,0.0005526033422320325
782,891,109,0.109,0.0004226130611314147
762,881,119,0.119,0.0004978505120179762
762,881,119,0.119,0.0005409004225584795
784,892,108,0.108,0.0005060539304304256
768,884,116,0.116,0.0005545947835962579
748,874,126,0.126,0.0006008321915578563
776,888,112,0.112,0.0004457167396658406
820,910,90,0.09,0.000458899105200544
782,891,109,0.109,0.0005035068795259576
738,869,131,0.131,0.0006065922764410061
764,882,118,0.118,0.0005475853145981091
796,898,102,0.102,0.0004605465471213392
786,893,107,0.107,0.0005093637349673372
734,867,133,0.133,0.0005559595517443085
752,876,124,0.124,0.0006001168446582596
738,869,131,0.131,0.0006191999951752223
742,871,129,0.129,0.0004366663136079296
810,905,95,0.095,0.0003894445722526143
664,832,168,0.168,0.0006245347190579196
816,908,92,0.092,0.00031410488737401465
790,895,105,0.105,0.0003183634744618757
764,882,118,0.118,0.00042636638691328696
754,877,123,0.123,0.00040253726665469004
748,874,126,0.126,0.00044052862719399854
758,879,121,0.121,0.0004422779559772607
772,886,114,0.114,0.00043313820417461104
816,908,92,0.092,0.00029789699119555735
834,917,83,0.083,0.0002734863715495521
768,884,116,0.116,0.0003072776859244186
808,904,96,0.096,0.00038825555004223133
782,891,109,0.109,0.0003840324641832922
788,894,106,0.106,0.0003721086476452911
744,872,128,0.128,0.0004859687896205287
756,878,122,0.122,0.00042451645169239784
770,885,115,0.115,0.00040899926599922764
828,914,86,0.086,0.00027777659454659444
734,867,133,0.133,0.00036602212018442516
728,864,136,0.136,0.0004222188764078965
764,882,118,0.118,0.0004196459389422671
754,877,123,0.123,0.00039230237084302645
728,864,136,0.136,0.0004749725270248746
768,884,116,0.116,0.00039496953265006593
754,877,123,0.123,0.0005076672032946589
784,892,108,0.108,0.0004395354416756163
780,890,110,0.11,0.0006451182862147106
728,864,136,0.136,0.0007688206746934156
706,853,147,0.147,0.0006379250430782122
696,848,152,0.152,0.0008423117554339115
700,850,150,0.15,0.0008563038251631951
770,885,115,0.115,0.0007984521056023368
722,861,139,0.139,0.0007748769319368875
744,872,128,0.128,0.0008239394389565859
758,879,121,0.121,0.0006294826382309112
738,869,131,0.131,0.0009093566985575308
754,877,123,0.123,0.0007789516293969427
780,890,110,0.11,0.0007190437125427707
738,869,131,0.131,0.0008271436137220008
772,886,114,0.114,0.0006766572790911596
752,876,124,0.124,0.00045136969847317233
828,914,86,0.086,0.0003856030107217521
742,871,129,0.129,0.0004726166730033583
764,882,118,0.118,0.0003648006237599475
714,857,143,0.143,0.0004513461059286783
742,871,129,0.129,0.00048453090791372234
738,869,131,0.131,0.0004981509322569764
770,885,115,0.115,0.00044658737517602276
728,864,136,0.136,0.000534731120817014
742,871,129,0.129,0.0005230865673856897
680,840,160,0.16,0.0007271691129208193
784,892,108,0.108,0.0004712327234683471
688,844,156,0.156,0.0007169391989955329
788,894,106,0.106,0.0005923505662922253
782,891,109,0.109,0.0005349703358533589
824,912,88,0.088,0.00045746073694135703
758,879,121,0.121,0.0006758480958214932
756,878,122,0.122,0.00046503269909771916
762,881,119,0.119,0.0006012728596724628
788,894,106,0.106,0.0006528181330877487
800,900,100,0.1,0.00039238222237145235
784,892,108,0.108,0.0004676378470394411
728,864,136,0.136,0.0005083986452864337
746,873,127,0.127,0.000371985070674782
786,893,107,0.107,0.0004247346018855751
818,909,91,0.091,0.0005983639960550135
756,878,122,0.122,0.0004543631044198264
806,903,97,0.097,0.000461391795065083
750,875,125,0.125,0.0005493676579244493
720,860,140,0.14,0.0005103316306858687
772,886,114,0.114,0.0004659534051424998
758,879,121,0.121,0.00038466762439202284
764,882,118,0.118,0.0004635827829843038
732,866,134,0.134,0.0006058689511392004
786,893,107,0.107,0.0006050937267518747
776,888,112,0.112,0.0004617142883580527
734,867,133,0.133,0.0005356831162043819
766,883,117,0.117,0.0005246794112917997
718,859,141,0.141,0.0008585332401235064
738,869,131,0.131,0.0005851689595947391
774,887,113,0.113,0.0005075445487345859
778,889,111,0.111,0.0006133731080517464
684,842,158,0.158,0.0005687491797580151
782,891,109,0.109,0.0003752241481670353
768,884,116,0.116,0.00047827414310813764
732,866,134,0.134,0.0005169328939900879
812,906,94,0.094,0.00041715806065985815
810,905,95,0.095,0.0003660338189292816
738,869,131,0.131,0.00041606376977506443
816,908,92,0.092,0.00036757840633254093
792,896,104,0.104,0.0003223734368184523
788,894,106,0.106,0.000390241416365825
784,892,108,0.108,0.0003935924468041776
760,880,120,0.12,0.00046237669170295703
780,890,110,0.11,0.00040902685876062603
706,853,147,0.147,0.0005320322535953891
708,854,146,0.146,0.000504270929201084
790,895,105,0.105,0.000408834320398455
798,899,101,0.101,0.0003730790460058415
774,887,113,0.113,0.00043924805106871647
818,909,91,0.091,0.00033008172725931215
778,889,111,0.111,0.0003710901003596518
746,873,127,0.127,0.00043576344918892573
734,867,133,0.133,0.0004068881741004589
696,848,152,0.152,0.0005129581364708429
826,913,87,0.087,0.0003591123797214095
726,863,137,0.137,0.00041562006615549765
770,885,115,0.115,0.0004204674846077978
738,869,131,0.131,0.0005325652110623196
778,889,111,0.111,0.00043540625062814795
744,872,128,0.128,0.0005065807008431875
744,872,128,0.128,0.0007425501788457041
758,879,121,0.121,0.0009139048612851184
704,852,148,0.148,0.0007710017344288644
742,871,129,0.129,0.0009327958550175026
782,891,109,0.109,0.0007443788868731645
714,857,143,0.143,0.0009619793137007946
772,886,114,0.114,0.0006977986692891136
760,880,120,0.12,0.0008760078785089718
790,895,105,0.105,0.0007368850660204771
828,914,86,0.086,0.0005718834127765149
750,875,125,0.125,0.0007942576515142718
710,855,145,0.145,0.0007640160700884735
738,869,131,0.131,0.0009532045375090092
754,877,123,0.123,0.0006781898239878501
768,884,116,0.116,0.0005567243301902636
818,909,91,0.091,0.000551144208153346
730,865,135,0.135,0.0004577856200576207
786,893,107,0.107,0.00036380436544277474
756,878,122,0.122,0.000507011533781224
714,857,143,0.143,0.0005582107048776379
718,859,141,0.141,0.0005169482090204838
812,906,94,0.094,0.0004395867918319709
766,883,117,0.117,0.0004920344248985203
800,900,100,0.1,0.0004101422575295146
776,888,112,0.112,0.0004883970127903013
762,881,119,0.119,0.0004738629759831383
760,880,120,0.12,0.00047716395958741486
694,847,153,0.153,0.0006618092629905732
746,873,127,0.127,0.000543207779794102
786,893,107,0.107,0.0005970575526916946
776,888,112,0.112,0.0006888198312371969
762,881,119,0.119,0.0005521957000692055
760,880,120,0.12,0.0006357033354552187
738,869,131,0.131,0.0006073384266037465
692,846,154,0.154,0.0008105466322449502
766,883,117,0.117,0.0006220848696812027
778,889,111,0.111,0.0006392390442815668
706,853,147,0.147,0.000772220791055588
742,871,129,0.129,0.0007030986188074166
728,864,136,0.136,0.000618486511917581
788,894,106,0.106,0.0006904955707141198
738,869,131,0.131,0.0005502120434648531
764,882,118,0.118,0.0005990376460595143
758,879,121,0.121,0.0005512574167732964
716,858,142,0.142,0.0007078758154602838
734,867,133,0.133,0.0005762554607717902
770,885,115,0.115,0.0004583601366957737
806,903,97,0.097,0.00046373708010651174
772,886,114,0.114,0.000601439685207879
714,857,143,0.143,0.0005584634283113701
804,902,98,0.098,0.0003500755696622946
762,881,119,0.119,0.0004926745899938396
768,884,116,0.116,0.0005272189423230885
790,895,105,0.105,0.0004907595317072264
726,863,137,0.137,0.0006094224833359476
722,861,139,0.139,0.000579067961047258
772,886,114,0.114,0.0004723279657482635
746,873,127,0.127,0.0006057148452237016
756,878,122,0.122,0.0005016315763386956
772,886,114,0.114,0.000488538287121628
816,908,92,0.092,0.000476239822003663
750,875,125,0.125,0.0006277884056398762
756,878,122,0.122,0.0005196478350462712
734,867,133,0.133,0.0006590774855067138
778,889,111,0.111,0.00043908213905342566
716,858,142,0.142,0.000611171065360395
774,887,113,0.113,0.00041998795743711524
732,866,134,0.134,0.000571375142028046
762,881,119,0.119,0.0005716782312229043
744,872,128,0.128,0.0004774857794800482
734,867,133,0.133,0.0004649575028415711
826,913,87,0.087,0.0004582068156978494
778,889,111,0.111,0.000642031727336871
718,859,141,0.141,0.0006798532810389588
812,906,94,0.094,0.00037485008370276773
832,916,84,0.084,0.0005650825832290139
782,891,109,0.109,0.0005520523828890873
762,881,119,0.119,0.0004899623062774481
770,885,115,0.115,0.0005373889070378937
766,883,117,0.117,0.0004219689548317547
772,886,114,0.114,0.00048129131418863833
768,884,116,0.116,0.0005213275030291698
770,885,115,0.115,0.0004943105759975879
702,851,149,0.149,0.0006222461057404871
714,857,143,0.143,0.0005689227292095893
746,873,127,0.127,0.0005350528707185731
764,882,118,0.118,0.0005181727892859271
742,871,129,0.129,0.0006303863360299146
734,867,133,0.133,0.00048404278947418786
774,887,113,0.113,0.0005288837111766042
804,902,98,0.098,0.0004999477982200915
750,875,125,0.125,0.0005884878606739222
792,896,104,0.104,0.0004439940203264996
722,861,139,0.139,0.0006957601833164518
774,887,113,0.113,0.00048587442502685005
794,897,103,0.103,0.00046962812210767877
762,881,119,0.119,0.0004658553483131982
802,901,99,0.099,0.0004577648421036429
682,841,159,0.159,0.0007351285745571659
796,898,102,0.102,0.00046694006165489554
728,864,136,0.136,0.0005143529917240813
796,898,102,0.102,0.000506281533424044
774,887,113,0.113,0.0005562326931176358
768,884,116,0.116,0.00046084263266675405
808,904,96,0.096,0.0003919283368904871
812,906,94,0.094,0.00038870423178377677
766,883,117,0.117,0.0004852540007650532
748,874,126,0.126,0.0004900034485526703
770,885,115,0.115,0.0004134009936133225
812,906,94,0.094,0.00035517702243305393
828,914,86,0.086,0.0003295835855551559
768,884,116,0.116,0.00042989965635570115
756,878,122,0.122,0.0003667658019112423
782,891,109,0.109,0.0004904961175843709
752,876,124,0.124,0.0004292966610610165
756,878,122,0.122,0.0004007012172478426
762,881,119,0.119,0.00042629867977302636
776,888,112,0.112,0.00040554996122409647
812,906,94,0.094,0.00030462362540765753
766,883,117,0.117,0.0004019784414995229
742,871,129,0.129,0.00047426739430011367
786,893,107,0.107,0.0003569767888784554
788,894,106,0.106,0.00039735914293942187
714,857,143,0.143,0.000643984916365298
796,898,102,0.102,0.0004187311093264725
758,879,121,0.121,0.0006405311151520437
812,906,94,0.094,0.00045772403609225875
698,849,151,0.151,0.0007128156489852699
736,868,132,0.132,0.0005237119370322034
796,898,102,0.102,0.0005173177234137256
792,896,104,0.104,0.0003829587139871364
774,887,113,0.113,0.0005440605725780188
800,900,100,0.1,0.00043660376917978284
762,881,119,0.119,0.00039481176192566634
790,895,105,0.105,0.0003800773430048139
810,905,95,0.095,0.00041369302118800987
806,903,97,0.097,0.00042440181668462176
782,891,109,0.109,0.00033170399567279674
742,871,129,0.129,0.00040390195203144686
778,889,111,0.111,0.00031735642138846744
736,868,132,0.132,0.0005427169641761793
754,877,123,0.123,0.0005155143912088533
798,899,101,0.101,0.0004749487295084691
702,851,149,0.149,0.0007732795263782464
742,871,129,0.129,0.0007664411558871507
704,852,148,0.148,0.0010285379307060794
744,872,128,0.128,0.0008748242243818823
782,891,109,0.109,0.0008608892889496928
778,889,111,0.111,0.0009260018390559707
786,893,107,0.107,0.0010607804024111828
732,866,134,0.134,0.0008156656900791859
780,890,110,0.11,0.000726923603859177
758,879,121,0.121,0.0005680779188078304
750,875,125,0.125,0.0009594749543684884
776,888,112,0.112,0.0007443091234636086
772,886,114,0.114,0.0005907449280803121
772,886,114,0.114,0.0007986840574485541
710,855,145,0.145,0.0008979161503630166
792,896,104,0.104,0.0005653172928541608
790,895,105,0.105,0.0005825707545664045
760,880,120,0.12,0.0005387539929270133
756,878,122,0.122,0.0005648851846908656
724,862,138,0.138,0.0006544776281643863
818,909,91,0.091,0.00040409503857608795
792,896,104,0.104,0.0003921855789358233
788,894,106,0.106,0.0005334380316635361
704,852,148,0.148,0.0006845991212794616
780,890,110,0.11,0.0005799438483300037
768,884,116,0.116,0.00042550561811185615
718,859,141,0.141,0.0008338967826312001
786,893,107,0.107,0.0005015797593114257
816,908,92,0.092,0.0005324177126221912
698,849,151,0.151,0.0007164710652250505
798,899,101,0.101,0.0005495341592759359
724,862,138,0.138,0.0005656519632029813
736,868,132,0.132,0.0006668225965659076
782,891,109,0.109,0.0005046768229985901
732,866,134,0.134,0.0005889977206788899
764,882,118,0.118,0.00042691428948091924
806,903,97,0.097,0.00045449824767729297
780,890,110,0.11,0.00037123763881209015
786,893,107,0.107,0.0004357787322223885
808,904,96,0.096,0.00039798110419906154
750,875,125,0.125,0.0005205801457559573
754,877,123,0.123,0.00043903424826021364
716,858,142,0.142,0.00040411043675521793
794,897,103,0.103,0.00038367356048729564
738,869,131,0.131,0.0005344340388674028
752,876,124,0.124,0.0004944192415659928
746,873,127,0.127,0.0004859088974662882
746,873,127,0.127,0.00042120204648017536
680,840,160,0.16,0.0006648426522588124
794,897,103,0.103,0.0003978290154827846
814,907,93,0.093,0.00029581861496171766
822,911,89,0.089,0.00047511693111391653
738,869,131,0.131,0.0006892993927540374
716,858,142,0.142,0.0007532511518329556
784,892,108,0.108,0.0005183722531783133
700,850,150,0.15,0.0007240006105312204
768,884,116,0.116,0.000549063286769524
752,876,124,0.124,0.0007214271535376611
762,881,119,0.119,0.0004632369301361905
746,873,127,0.127,0.0005206489732536284
780,890,110,0.11,0.0005953998593249707
806,903,97,0.097,0.000555317854275927
750,875,125,0.125,0.0005551405337864707
798,899,101,0.101,0.0005621273208980711
774,887,113,0.113,0.0005171170966132195
782,891,109,0.109,0.0005654069982547298
748,874,126,0.126,0.0005615056634087523
746,873,127,0.127,0.0006318789204087807
758,879,121,0.121,0.00046530925092247346
692,846,154,0.154,0.000492167947226335
744,872,128,0.128,0.0006815522953493201
750,875,125,0.125,0.0005490952105246834
812,906,94,0.094,0.0004473809812352556
744,872,128,0.128,0.0005007718011638644
818,909,91,0.091,0.00046374231343361316
770,885,115,0.115,0.0007908141011175758
764,882,118,0.118,0.0006441565596396686
748,874,126,0.126,0.0007113952190666168
736,868,132,0.132,0.0007312685064352991
772,886,114,0.114,0.0005139132402509858
766,883,117,0.117,0.0007190396517980843
746,873,127,0.127,0.0006742192844412785
752,876,124,0.124,0.0006891698079471098
756,878,122,0.122,0.000677309082573629
738,869,131,0.131,0.0005648292143996514
752,876,124,0.124,0.0006682756116133532
764,882,118,0.118,0.0005922183785733069
748,874,126,0.126,0.0007268589074628835
768,884,116,0.116,0.0005288472592965263
752,876,124,0.124,0.0007684415213152534
802,901,99,0.099,0.0006701064762855822
770,885,115,0.115,0.0007398214344320877
724,862,138,0.138,0.0009131945539029402
764,882,118,0.118,0.0007540906923313742
750,875,125,0.125,0.000824415710838366
812,906,94,0.094,0.0007677379440601726
794,897,103,0.103,0.0007653566124063217
674,837,163,0.163,0.0010908179478865349
700,850,150,0.15,0.0009115177104904433
746,873,127,0.127,0.0006765974438749253
782,891,109,0.109,0.0006800810586937586
730,865,135,0.135,0.0008172396525642398
764,882,118,0.118,0.0005646717916242778
726,863,137,0.137,0.0007673216306538961
774,887,113,0.113,0.0007047149806930974
770,885,115,0.115,0.0005269023971304705
714,857,143,0.143,0.0006171639128515381
790,895,105,0.105,0.0005961704794535763
724,862,138,0.138,0.0006380408127115516
774,887,113,0.113,0.0006317212924586784
770,885,115,0.115,0.0007906991948657378
742,871,129,0.129,0.0009606070206391451
698,849,151,0.151,0.0007925013897947793
732,866,134,0.134,0.0008140757161891088
706,853,147,0.147,0.0008020278395124478
718,859,141,0.141,0.0007264713768563525
762,881,119,0.119,0.0005456856860764674
762,881,119,0.119,0.0007249877617432503
814,907,93,0.093,0.0006068517236381012
816,908,92,0.092,0.0006212213153412449
692,846,154,0.154,0.0008613662773459509
698,849,151,0.151,0.0009210678797026048
736,868,132,0.132,0.0007611860551805876
766,883,117,0.117,0.0005302026062745426
776,888,112,0.112,0.0006041163538575347
762,881,119,0.119,0.0005407532538301893
790,895,105,0.105,0.0006218485512945335
808,904,96,0.096,0.0005922882563263556
700,850,150,0.15,0.0008399737489198742
770,885,115,0.115,0.0005812168400407244
782,891,109,0.109,0.0005489339897430909
784,892,108,0.108,0.0005667999113575206
704,852,148,0.148,0.0007727964732366673
780,890,110,0.11,0.0005292262038819899
796,898,102,0.102,0.00048644788858655377
772,886,114,0.114,0.000522691811023833
776,888,112,0.112,0.00067741520582058
700,850,150,0.15,0.000739078734521172
754,877,123,0.123,0.0006786781629580219
760,880,120,0.12,0.0006610556560990517
770,885,115,0.115,0.000647402912913094
768,884,116,0.116,0.000595809444805127
762,881,119,0.119,0.0006164877948940557
814,907,93,0.093,0.0005477986470705218
748,874,126,0.126,0.0005901254297550622
676,838,162,0.162,0.0007970050543917751
804,902,98,0.098,0.0006162156104437599
754,877,123,0.123,0.0007998235166287486
768,884,116,0.116,0.0007483439299576276
824,912,88,0.088,0.0005474138533554651
690,845,155,0.155,0.0008679694817801646
778,889,111,0.111,0.0007731965144394053
780,890,110,0.11,0.0005693593455362133
754,877,123,0.123,0.0008018518054741435
776,888,112,0.112,0.001000071809939982
730,865,135,0.135,0.0008512073540259735
730,865,135,0.135,0.0008691839835992142
762,881,119,0.119,0.0009027546471479581
832,916,84,0.084,0.00048742594641589676
782,891,109,0.109,0.0006703653802942426
794,897,103,0.103,0.0005052460388997133
770,885,115,0.115,0.0006145841138859396
754,877,123,0.123,0.0006627029632627454
798,899,101,0.101,0.0006516607289468084
736,868,132,0.132,0.0006828393193063676
794,897,103,0.103,0.0005327273092552787
726,863,137,0.137,0.0008242072282264416
766,883,117,0.117,0.0007441991171144764
778,889,111,0.111,0.000555665907673756
794,897,103,0.103,0.0005871689964878897
812,906,94,0.094,0.0005912608939688653
748,874,126,0.126,0.0008322036607514747
712,856,144,0.144,0.0008203306632385647
738,869,131,0.131,0.0006797326395608251
778,889,111,0.111,0.0006688127069537586
726,863,137,0.137,0.0006978876022549229
790,895,105,0.105,0.0005935310061704513
734,867,133,0.133,0.0006378894432564266
760,880,120,0.12,0.0006276174430822721
754,877,123,0.123,0.0007359566988016013
776,888,112,0.112,0.0006768121986788174
740,870,130,0.13,0.000765375273720565
790,895,105,0.105,0.0006383841097594995
800,900,100,0.1,0.0005651242206185997
764,882,118,0.118,0.0007007228093971207
748,874,126,0.126,0.0006520931432478392
742,871,129,0.129,0.0006181780412298395
796,898,102,0.102,0.000632744576640107
822,911,89,0.089,0.0006156291376883019
740,870,130,0.13,0.0007000648084249405
802,901,99,0.099,0.0004924485582123452
774,887,113,0.113,0.0005977423344702402
798,899,101,0.101,0.0005634830829603743
740,870,130,0.13,0.0008600724609859753
786,893,107,0.107,0.0005973324136175506
722,861,139,0.139,0.0007831904254671827
742,871,129,0.129,0.0007157252830620564
738,869,131,0.131,0.00069823894140427
720,860,140,0.14,0.0007072130435753933
768,884,116,0.116,0.0006505884316720767
732,866,134,0.134,0.0009831197840285313
766,883,117,0.117,0.0008541178309023962
786,893,107,0.107,0.0006710134682434728
744,872,128,0.128,0.0009429939121691859
764,882,118,0.118,0.0009415737060480751
804,902,98,0.098,0.0006986783657193883
748,874,126,0.126,0.0008397283156991762
742,871,129,0.129,0.0008333624061815499
738,869,131,0.131,0.0009464396344628768
754,877,123,0.123,0.0009454570987472835
774,887,113,0.113,0.0008618621570931282
776,888,112,0.112,0.0009217340127852367
668,834,166,0.166,0.0010368628207725124
730,865,135,0.135,0.0007963890406026622
750,875,125,0.125,0.0009380076433262729
776,888,112,0.112,0.0007784644530656805
742,871,129,0.129,0.0007945898991820286
692,846,154,0.154,0.0008835466110467678
736,868,132,0.132,0.0009819694812103989
742,871,129,0.129,0.0009012849357968662
786,893,107,0.107,0.0008585779669301701
744,872,128,0.128,0.0010652032438847527
752,876,124,0.124,0.0009045046907995128
794,897,103,0.103,0.0007657929941706242
760,880,120,0.12,0.0006830145385611104
802,901,99,0.099,0.0006990631972730626
792,896,104,0.104,0.0007151742899914097
764,882,118,0.118,0.0008613702041257057
746,873,127,0.127,0.000937024125661992
760,880,120,0.12,0.0008894790208141785
648,824,176,0.176,0.00105450919449504
762,881,119,0.119,0.0007751084610208636
758,879,121,0.121,0.0008074849744516542
792,896,104,0.104,0.0007623877951482427
834,917,83,0.083,0.0006788475330613438
774,887,113,0.113,0.0007052261311473558
762,881,119,0.119,0.0006313874105835566
776,888,112,0.112,0.0005983471473955433
806,903,97,0.097,0.0005667678750960476
790,895,105,0.105,0.0006684857734653633
782,891,109,0.109,0.0005410847674138494
756,878,122,0.122,0.0007443089234875515
752,876,124,0.124,0.0006545984055228473
720,860,140,0.14,0.0006942085820046487
768,884,116,0.116,0.0005658913636689248
768,884,116,0.116,0.0006444453225594771
772,886,114,0.114,0.0005110061212726578
752,876,124,0.124,0.0007300275153538678
782,891,109,0.109,0.0005197457114918506
742,871,129,0.129,0.0006479467684985139
776,888,112,0.112,0.0006006734569273249
788,894,106,0.106,0.0006068421820054937
734,867,133,0.133,0.0007740241212741239
758,879,121,0.121,0.0006293688964797184
784,892,108,0.108,0.0005748793641250814
792,896,104,0.104,0.0006571391842371668
806,903,97,0.097,0.00044241051244171104
718,859,141,0.141,0.0007480847733204427
738,869,131,0.131,0.0006768812517366314
760,880,120,0.12,0.0006586615315645758
820,910,90,0.09,0.000636937402690819
704,852,148,0.148,0.0007362068816910323
784,892,108,0.108,0.0006707953575496503
746,873,127,0.127,0.0007566968958999496
754,877,123,0.123,0.0007126387250536937
718,859,141,0.141,0.0009544451034034865
762,881,119,0.119,0.0007703504135570256
828,914,86,0.086,0.0005031238608025888
760,880,120,0.12,0.0007796214026457164
700,850,150,0.15,0.0009930427905128455
804,902,98,0.098,0.0007228891947379452
822,911,89,0.089,0.0007465034364431631
744,872,128,0.128,0.0008494898519784328
730,865,135,0.135,0.0009684701453679735
758,879,121,0.121,0.0008628000063399668
800,900,100,0.1,0.0007086319918416848
790,895,105,0.105,0.0008187721258273086
774,887,113,0.113,0.0008269367215834791
772,886,114,0.114,0.0008615444554525312
744,872,128,0.128,0.0007778098861235776
792,896,104,0.104,0.0009019192862724595
796,898,102,0.102,0.0008833029461820843
764,882,118,0.118,0.0007044984730091528
798,899,101,0.101,0.0007563266839060816
708,854,146,0.146,0.0010027267080586172
750,875,125,0.125,0.0007178161710980931
776,888,112,0.112,0.0005663930346236157
794,897,103,0.103,0.000697043451553327
792,896,104,0.104,0.0007160401040091529
734,867,133,0.133,0.0008607353172628791
722,861,139,0.139,0.0009312145859948942
744,872,128,0.128,0.0010580063604866154
754,877,123,0.123,0.0008933335398069175
816,908,92,0.092,0.0005747769435147347
794,897,103,0.103,0.0007165181797900005
794,897,103,0.103,0.0007017576142861799
802,901,99,0.099,0.0007479209275370522
736,868,132,0.132,0.0009608065118991363
730,865,135,0.135,0.000798601948950818
734,867,133,0.133,0.0008977730230690213
804,902,98,0.098,0.0007328995675020451
772,886,114,0.114,0.0008080417957171449
808,904,96,0.096,0.0006853580631614023
750,875,125,0.125,0.0008389984081331931
692,846,154,0.154,0.000951777921851317
760,880,120,0.12,0.0006657206913369009
770,885,115,0.115,0.0007592491434443218
756,878,122,0.122,0.0008223855510368594
740,870,130,0.13,0.001060722462112608
740,870,130,0.13,0.0012862801110750297
794,897,103,0.103,0.0008719860201490519
732,866,134,0.134,0.001123286905210989
750,875,125,0.125,0.0010263066594343399
770,885,115,0.115,0.0008801130856390955
782,891,109,0.109,0.0008809612892982841
702,851,149,0.149,0.0013053205425239867
736,868,132,0.132,0.0011723962399373703
734,867,133,0.133,0.001177307172867586
786,893,107,0.107,0.0011062637747163535
802,901,99,0.099,0.0009070489865189302
764,882,118,0.118,0.0012786888078553601
788,894,106,0.106,0.0009540751838139841
768,884,116,0.116,0.0009078770191736112
770,885,115,0.115,0.0009650342784952954
722,861,139,0.139,0.000777501902586664
804,902,98,0.098,0.0005502468651829986
692,846,154,0.154,0.0008639771992020542
822,911,89,0.089,0.0007638055143306702
784,892,108,0.108,0.0007169551567058079
762,881,119,0.119,0.0007399475904639985
820,910,90,0.09,0.0006180058769823518
754,877,123,0.123,0.0006696440907326178
696,848,152,0.152,0.0009639935255145247
776,888,112,0.112,0.0006611145487440809
792,896,104,0.104,0.0007278519210813101
750,875,125,0.125,0.000817390450869425
734,867,133,0.133,0.0009588984153742785
764,882,118,0.118,0.0008237807734294619
846,923,77,0.077,0.0008414972571335966
790,895,105,0.105,0.0008304584123288805
770,885,115,0.115,0.0009097896073781157
756,878,122,0.122,0.0008945904637657805
706,853,147,0.147,0.000975179518078221
760,880,120,0.12,0.0009523336447164184
776,888,112,0.112,0.0008178901451792626
756,878,122,0.122,0.0008918495312282176
762,881,119,0.119,0.0009223698550631525
758,879,121,0.121,0.0007556868324172683
792,896,104,0.104,0.0007250171217383467
710,855,145,0.145,0.001278796343209251
764,882,118,0.118,0.0007836284213335602
796,898,102,0.102,0.0009585513831516436
754,877,123,0.123,0.0009738668211066397
750,875,125,0.125,0.0008943376715615159
752,876,124,0.124,0.0009157245246533421
762,881,119,0.119,0.000873602140971343
772,886,114,0.114,0.000984943856325117
782,891,109,0.109,0.0008793591690991889
808,904,96,0.096,0.0008050764025210811
796,898,102,0.102,0.0008923905300471233
796,898,102,0.102,0.0007397257991106017
726,863,137,0.137,0.0009142622136205318
768,884,116,0.116,0.0008164415286300937
710,855,145,0.145,0.0009329092819971265
730,865,135,0.135,0.0009231888984177203
772,886,114,0.114,0.0008548312919847376
790,895,105,0.105,0.0008248908245077473
698,849,151,0.151,0.0009756751793829608
762,881,119,0.119,0.0008006461799886892
734,867,133,0.133,0.0008574645963308285
794,897,103,0.103,0.0006969551793154096
796,898,102,0.102,0.0006484805839972978
770,885,115,0.115,0.000860271206991456
748,874,126,0.126,0.001051025606397161
794,897,103,0.103,0.0008439704164848081
784,892,108,0.108,0.0008400385692293639
762,881,119,0.119,0.000802280833469922
728,864,136,0.136,0.00090542522321266
730,865,135,0.135,0.0009589541025779908
730,865,135,0.135,0.0008805166288293549
722,861,139,0.139,0.0008468021772569046
762,881,119,0.119,0.0008462543628629647
854,927,73,0.073,0.0006811942349959281
768,884,116,0.116,0.0006810155191396916
760,880,120,0.12,0.0008545308500397368
752,876,124,0.124,0.0008562512612570572
776,888,112,0.112,0.000726547374491929
782,891,109,0.109,0.0009757003592603723
782,891,109,0.109,0.0006745954500947846
806,903,97,0.097,0.000885186498206167
772,886,114,0.114,0.0008067416748817778
770,885,115,0.115,0.0008585647532236181
728,864,136,0.136,0.0008884028173633851
732,866,134,0.134,0.0008508722928600036
788,894,106,0.106,0.0008420696782632149
780,890,110,0.11,0.0006980164104716096
758,879,121,0.121,0.0008756245218173717
730,865,135,0.135,0.0009758975120057585
806,903,97,0.097,0.0007408207111948286
756,878,122,0.122,0.0008907571296858805
850,925,75,0.075,0.000667058821867613
820,910,90,0.09,0.0006787859080832276
820,910,90,0.09,0.0007330975079130439
668,834,166,0.166,0.0011286500544156297
782,891,109,0.109,0.0008424572031472053
760,880,120,0.12,0.0008628658997404272
740,870,130,0.13,0.0007009257335630536
762,881,119,0.119,0.0007293709395762562
760,880,120,0.12,0.0006722045045808045
792,896,104,0.104,0.0007710368571642903
778,889,111,0.111,0.0007475339500888367
808,904,96,0.096,0.0007190935461112531
782,891,109,0.109,0.0010291650963372375
752,876,124,0.124,0.0008620325750962366
832,916,84,0.084,0.0009588784363259037
768,884,116,0.116,0.0010036274126250645
830,915,85,0.085,0.0008944347718497738
748,874,126,0.126,0.0010939781103661518
800,900,100,0.1,0.0007937937110618805
758,879,121,0.121,0.0010421320031709911
830,915,85,0.085,0.0007727732769963041
738,869,131,0.131,0.0011054881008058146
768,884,116,0.116,0.00108905089619293
728,864,136,0.136,0.0010432938727863075
778,889,111,0.111,0.0008881763538811356
732,866,134,0.134,0.0010578684794018045
718,859,141,0.141,0.0011663727138693503
774,887,113,0.113,0.0009114869948280102
760,880,120,0.12,0.0009636690672450641
770,885,115,0.115,0.0007702505807937995
724,862,138,0.138,0.001261950559055549
744,872,128,0.128,0.0011720001847897947
850,925,75,0.075,0.0008356162705658789
716,858,142,0.142,0.0015480091350873408
820,910,90,0.09,0.000997815964037727
722,861,139,0.139,0.0014830575518790282
734,867,133,0.133,0.0011322156016976806
744,872,128,0.128,0.001313098566773988
748,874,126,0.126,0.0013181636683657417
748,874,126,0.126,0.0012676804180809995
816,908,92,0.092,0.0008609528655942995
774,887,113,0.113,0.0011311065265908837
710,855,145,0.145,0.0012749839302996406
756,878,122,0.122,0.0009416377300876774
800,900,100,0.1,0.000831619589454931
726,863,137,0.137,0.0010190114242213894
742,871,129,0.129,0.0010394675805437145
822,911,89,0.089,0.0007883426631378825
772,886,114,0.114,0.0008513289086695295
820,910,90,0.09,0.0007049589022644796
780,890,110,0.11,0.0007966443055847776
738,869,131,0.131,0.000852624835613824
832,916,84,0.084,0.0007823034556895436
794,897,103,0.103,0.0007862321834472823
784,892,108,0.108,0.0008673525829071877
736,868,132,0.132,0.0011311112556941225
736,868,132,0.132,0.0010056137202700483
710,855,145,0.145,0.0013308745027461556
764,882,118,0.118,0.0011267619623758947
698,849,151,0.151,0.001364224663389905
742,871,129,0.129,0.0013608275398510159
794,897,103,0.103,0.00104899460620436
800,900,100,0.1,0.001229350225723465
788,894,106,0.106,0.0011560582220554352
720,860,140,0.14,0.0013493686852161773
726,863,137,0.137,0.0015356453398344457
860,930,70,0.07,0.0010285503608247382
776,888,112,0.112,0.0011747388389412663
684,842,158,0.158,0.0015412983119749697
752,876,124,0.124,0.001273977996672329
748,874,126,0.126,0.0010891742141575379
702,851,149,0.149,0.0012106502154056215
782,891,109,0.109,0.0010425531107321148
750,875,125,0.125,0.0011477909267996439
758,879,121,0.121,0.0010666199781699105
714,857,143,0.143,0.0012465863332181471
850,925,75,0.075,0.0006288207348006836
790,895,105,0.105,0.0011492305999163364
752,876,124,0.124,0.0009335255368350772
780,890,110,0.11,0.0008949059460210265
728,864,136,0.136,0.001254626015215763
778,889,111,0.111,0.0008554805016028695
792,896,104,0.104,0.0008137289225051063
768,884,116,0.116,0.0010505376763248933
814,907,93,0.093,0.0007164510873808467
816,908,92,0.092,0.0009228348791075404
750,875,125,0.125,0.0010209409902236074
784,892,108,0.108,0.0008884673149586888
760,880,120,0.12,0.0009386394016255509
798,899,101,0.101,0.000891763024032116
714,857,143,0.143,0.0011068402322234761
790,895,105,0.105,0.000922794664511457
798,899,101,0.101,0.0009684245640019071
744,872,128,0.128,0.0011784338824290899
800,900,100,0.1,0.0009596474752324866
744,872,128,0.128,0.0010654382457541943
774,887,113,0.113,0.001006509268459922
780,890,110,0.11,0.0010810103084186267
812,906,94,0.094,0.0009706956658919807
764,882,118,0.118,0.0010685648536564259
788,894,106,0.106,0.001038355502390914
806,903,97,0.097,0.0012426069497596473
732,866,134,0.134,0.0014109376309643267
744,872,128,0.128,0.001524537125333154
770,885,115,0.115,0.0015262269257800653
778,889,111,0.111,0.0014097203667697614
752,876,124,0.124,0.0013933570527296978
728,864,136,0.136,0.001662404058573884
784,892,108,0.108,0.0013405210556229577
820,910,90,0.09,0.0012373088092826948
684,842,158,0.158,0.0015455365684010757
796,898,102,0.102,0.0010075537526936388
724,862,138,0.138,0.0014559462568140588
778,889,111,0.111,0.001381603854999412
778,889,111,0.111,0.001189198381434835
748,874,126,0.126,0.0012264745905231393
728,864,136,0.136,0.001187826261979353
772,886,114,0.114,0.0011784387255902402
750,875,125,0.125,0.00115335674083326
810,905,95,0.095,0.0008686118423211156
786,893,107,0.107,0.0011987875481136144
750,875,125,0.125,0.0013734488880945718
762,881,119,0.119,0.0011327714145736537
828,914,86,0.086,0.0010009995079090005
816,908,92,0.092,0.000938900242173986
802,901,99,0.099,0.001225110753424815
756,878,122,0.122,0.001145455082099943
766,883,117,0.117,0.001082654259611445
756,878,122,0.122,0.0011916469956195215
772,886,114,0.114,0.0012095642515778308
740,870,130,0.13,0.0014695765420619864
752,876,124,0.124,0.0012293308960361173
772,886,114,0.114,0.0012395246837404556
712,856,144,0.144,0.00117774383728829
770,885,115,0.115,0.001360247557880939
730,865,135,0.135,0.001083397268470435
820,910,90,0.09,0.0009233748161859694
674,837,163,0.163,0.0016892331059061689
742,871,129,0.129,0.0012259210514166624
748,874,126,0.126,0.0010961531489738262
772,886,114,0.114,0.001047284976204537
788,894,106,0.106,0.0008395957553311746
772,886,114,0.114,0.0009919052036566427
762,881,119,0.119,0.0011423861587427381
816,908,92,0.092,0.0007748879430637316
722,861,139,0.139,0.0010651916224960587
744,872,128,0.128,0.0009219855442806874
806,903,97,0.097,0.0007992989282647613
816,908,92,0.092,0.000810870244873513
770,885,115,0.115,0.0008884981088340282
734,867,133,0.133,0.0011605802181438776
752,876,124,0.124,0.0009001253167407413
842,921,79,0.079,0.000694966835071682
830,915,85,0.085,0.0006617540095285221
786,893,107,0.107,0.001023072791420418
750,875,125,0.125,0.0013212736817949918
756,878,122,0.122,0.0013744475458806846
736,868,132,0.132,0.0012202341498268653
716,858,142,0.142,0.0017758833378829877
748,874,126,0.126,0.0014614231734958593
734,867,133,0.133,0.0013362923075183062
734,867,133,0.133,0.0013346975219101296
774,887,113,0.113,0.0013271761844080175
766,883,117,0.117,0.0015952858063828898
802,901,99,0.099,0.0010988596805764246
772,886,114,0.114,0.0012826681038131938
718,859,141,0.141,0.0013795293335133465
752,876,124,0.124,0.0014662301479256713
748,874,126,0.126,0.0008247580774477683
756,878,122,0.122,0.0013088897343004645
776,888,112,0.112,0.0009508231754371081
760,880,120,0.12,0.0008733959115561447
778,889,111,0.111,0.0007801511116413167
738,869,131,0.131,0.000849312034977629
826,913,87,0.087,0.0010382357634371147
778,889,111,0.111,0.0010165339279701584
756,878,122,0.122,0.001212914221090614
762,881,119,0.119,0.0011414423330297723
664,832,168,0.168,0.0016257651702180737
714,857,143,0.143,0.0012934773540546304
808,904,96,0.096,0.0009150192736997269
730,865,135,0.135,0.0011906985476671252
774,887,113,0.113,0.001100342215897399
726,863,137,0.137,0.0011858663668390364
746,873,127,0.127,0.001274692017759662
792,896,104,0.104,0.0010640340048339567
770,885,115,0.115,0.001069227488253091
774,887,113,0.113,0.0010930436099515647
724,862,138,0.138,0.0013657330906426068
810,905,95,0.095,0.0008825712934485637
802,901,99,0.099,0.0007939845718065043
762,881,119,0.119,0.0009931710836826825
756,878,122,0.122,0.0009351169034198392
790,895,105,0.105,0.0007826278412867395
766,883,117,0.117,0.0009661860820488073
792,896,104,0.104,0.0008641262581440969
766,883,117,0.117,0.0008653096271955292
758,879,121,0.121,0.0008896475398360054
780,890,110,0.11,0.000882493986739064
756,878,122,0.122,0.001031381699940539
728,864,136,0.136,0.000966836414347199
816,908,92,0.092,0.0008686836121451051
734,867,133,0.133,0.0012902659869214403
808,904,96,0.096,0.0008735501072587795
776,888,112,0.112,0.0009163180402683793
842,921,79,0.079,0.0006835033505376486
694,847,153,0.153,0.0013085865845132503
784,892,108,0.108,0.000823129071144649
810,905,95,0.095,0.0008022862279904075
812,906,94,0.094,0.001090266034269007
742,871,129,0.129,0.0009568750945836655
754,877,123,0.123,0.0009716881979475147
794,897,103,0.103,0.0009212550442607608
776,888,112,0.112,0.0008731786354692304
832,916,84,0.084,0.0007677572764296201
784,892,108,0.108,0.0007332821161471657
738,869,131,0.131,0.001056652503364603
750,875,125,0.125,0.000907825500027684
818,909,91,0.091,0.0006600132338353433
800,900,100,0.1,0.000888805368958856
776,888,112,0.112,0.0009627955548276077
702,851,149,0.149,0.000890442498443008
770,885,115,0.115,0.0009111216186647652
722,861,139,0.139,0.0010560759695144952
828,914,86,0.086,0.0008445527245057746
764,882,118,0.118,0.0008775785499965423
712,856,144,0.144,0.0013996420278563164
782,891,109,0.109,0.0012985618303791853
722,861,139,0.139,0.0015987268316821428
770,885,115,0.115,0.001227837034704862
814,907,93,0.093,0.001091778182089911
796,898,102,0.102,0.0010909917764256533
794,897,103,0.103,0.0010225908766151406
818,909,91,0.091,0.0009845513066757121
760,880,120,0.12,0.0008658160347258672
768,884,116,0.116,0.0014272618141403656
704,852,148,0.148,0.0010747654300503199
726,863,137,0.137,0.0014386330779234413
784,892,108,0.108,0.0011422712385610794
708,854,146,0.146,0.0012975930402899395
772,886,114,0.114,0.0011509193359415804
756,878,122,0.122,0.0010425196768774185
792,896,104,0.104,0.0011042245183853084
778,889,111,0.111,0.0010724683752923738
688,844,156,0.156,0.001188181185760186
836,918,82,0.082,0.0006693798881024123
766,883,117,0.117,0.0010455772515924765
826,913,87,0.087,0.0010219363811338554
770,885,115,0.115,0.001164982171394513
802,901,99,0.099,0.0010697915455893962
790,895,105,0.105,0.0012776643876713934
730,865,135,0.135,0.0012981506021460519
730,865,135,0.135,0.0011510160020698095
782,891,109,0.109,0.0010993426776185514
744,872,128,0.128,0.0013315909970842768
758,879,121,0.121,0.0012992149784986395
766,883,117,0.117,0.0012509359008618048
804,902,98,0.098,0.0010269896288591554
750,875,125,0.125,0.0014940719196238205
704,852,148,0.148,0.0011169687131114187
782,891,109,0.109,0.0012320144959958271
752,876,124,0.124,0.001389804393897066
784,892,108,0.108,0.0013239633825287455
798,899,101,0.101,0.0011109565149308763
816,908,92,0.092,0.0011052795529249125
760,880,120,0.12,0.0013096033341207659
724,862,138,0.138,0.0014045400702016196
800,900,100,0.1,0.0011217329501814674
744,872,128,0.128,0.001048942735455057
804,902,98,0.098,0.0011002129758926457
804,902,98,0.098,0.0011981451220926828
748,874,126,0.126,0.0011469729490054307
700,850,150,0.15,0.0014868200311029796
770,885,115,0.115,0.0011648079881633748
802,901,99,0.099,0.0009632824011059711
794,897,103,0.103,0.0009756550086240167
778,889,111,0.111,0.0013142787153992686
770,885,115,0.115,0.0011734902337484528
798,899,101,0.101,0.0009606350703979843
732,866,134,0.134,0.0018667558419256237
770,885,115,0.115,0.0014592516767734196
786,893,107,0.107,0.0015043757206876763
788,894,106,0.106,0.0015313738563709194
762,881,119,0.119,0.001435581311423448
820,910,90,0.09,0.0010980650678175151
690,845,155,0.155,0.0016103530695254448
774,887,113,0.113,0.0015398396617383697
782,891,109,0.109,0.001508254176194896
792,896,104,0.104,0.0010445340710430173
774,887,113,0.113,0.0014297886225103865
796,898,102,0.102,0.0014246234721067594
772,886,114,0.114,0.001125341975974152
786,893,107,0.107,0.001369573961099377
766,883,117,0.117,0.0015119811420881888
810,905,95,0.095,0.001003681628004415
816,908,92,0.092,0.0012141570423118537
728,864,136,0.136,0.00153800336002314
790,895,105,0.105,0.0011505740315915318
736,868,132,0.132,0.0012315287070960039
720,860,140,0.14,0.0012732052873798238
798,899,101,0.101,0.0009595081326842774
762,881,119,0.119,0.001190096789105155
792,896,104,0.104,0.001029042096757621
722,861,139,0.139,0.0014605470402020728
740,870,130,0.13,0.0011005418766799266
728,864,136,0.136,0.0014651955030567478
764,882,118,0.118,0.001173611047277518
796,898,102,0.102,0.0013626249429071321
788,894,106,0.106,0.0013623924811618053
826,913,87,0.087,0.0010849761734134519
816,908,92,0.092,0.001045919355856313
758,879,121,0.121,0.0014150126194581389
706,853,147,0.147,0.0015105940335415652
724,862,138,0.138,0.0014965373590093804
790,895,105,0.105,0.001334390738440561
800,900,100,0.1,0.0013727342114434578
800,900,100,0.1,0.001508719880162971
686,843,157,0.157,0.0017349339361753663
718,859,141,0.141,0.0018968794519314543
724,862,138,0.138,0.0014959496980591212
750,875,125,0.125,0.0017285801282996545
790,895,105,0.105,0.0014326172760993358
776,888,112,0.112,0.0014189025867090094
736,868,132,0.132,0.0017598647250415525
734,867,133,0.133,0.0016296393567317865
798,899,101,0.101,0.0011780238146311603
814,907,93,0.093,0.0013996036474709398
788,894,106,0.106,0.0011656605061289157
808,904,96,0.096,0.0012899972341547255
792,896,104,0.104,0.001271614860597765
774,887,113,0.113,0.0015760159148921957
800,900,100,0.1,0.0012870188852684805
746,873,127,0.127,0.001493666795140598
772,886,114,0.114,0.0013867598309516324
756,878,122,0.122,0.0015714172764419345
872,936,64,0.064,0.0012521982051912346
760,880,120,0.12,0.0018029972637013999
790,895,105,0.105,0.0016056076382519678
750,875,125,0.125,0.0019204538624617272
730,865,135,0.135,0.0018691536176484078
762,881,119,0.119,0.0018221067805570784
788,894,106,0.106,0.0016687003668339458
704,852,148,0.148,0.002070794580402435
776,888,112,0.112,0.0018468609236733755
820,910,90,0.09,0.0017797065208142158
786,893,107,0.107,0.0017839825497067067
822,911,89,0.089,0.0015019414853304624
820,910,90,0.09,0.0018731305644323585
816,908,92,0.092,0.0014967024446668803
742,871,129,0.129,0.002175430021365173
786,893,107,0.107,0.0020652887552132597
752,876,124,0.124,0.002275468992884271
774,887,113,0.113,0.0017591904940491077
764,882,118,0.118,0.0022554609862563664
732,866,134,0.134,0.0026399942163552624
784,892,108,0.108,0.0019587001067702657
728,864,136,0.136,0.002673097220118507
796,898,102,0.102,0.002066957971750526
770,885,115,0.115,0.0023664930931845446
812,906,94,0.094,0.0022541617920069255
806,903,97,0.097,0.001992338925527292
806,903,97,0.097,0.0018830438444274477
780,890,110,0.11,0.0024418388178164604
742,871,129,0.129,0.002404135947901523
802,901,99,0.099,0.0023514764317660595
800,900,100,0.1,0.0021484703231544697
794,897,103,0.103,0.002125366447289707
792,896,104,0.104,0.002076487069381983
692,846,154,0.154,0.002967363000148907
692,846,154,0.154,0.0028636392809567044
802,901,99,0.099,0.0028465736965008546
742,871,129,0.129,0.003325585226295516
790,895,105,0.105,0.002326594587386353
802,901,99,0.099,0.002547796637212741
714,857,143,0.143,0.002588960339417099
814,907,93,0.093,0.0025380456703715027
810,905,95,0.095,0.002079128771845717
784,892,108,0.108,0.0025031824953621255
742,871,129,0.129,0.0024595367933579835
812,906,94,0.094,0.00230704383039847
788,894,106,0.106,0.0021197805401461664
810,905,95,0.095,0.002127638642225065
762,881,119,0.119,0.002059651390882209
850,925,75,0.075,0.0022029747069027506
752,876,124,0.124,0.0025773888945186626
724,862,138,0.138,0.0029632772404365824
756,878,122,0.122,0.0018727282674371962
748,874,126,0.126,0.0021072371369227766
798,899,101,0.101,0.0014609002405049979
760,880,120,0.12,0.0024484189292998055
802,901,99,0.099,0.002163412670881371
718,859,141,0.141,0.0026789653414089117
776,888,112,0.112,0.001769413064001128
718,859,141,0.141,0.002170419731846778
762,881,119,0.119,0.002084849564926117
806,903,97,0.097,0.0019996925891318826
782,891,109,0.109,0.002136582038438064
764,882,118,0.118,0.0022723226146481464
798,899,101,0.101,0.001950171102740569
730,865,135,0.135,0.0021066224944224815
796,898,102,0.102,0.0019456764944334281
790,895,105,0.105,0.0014921612058315077
766,883,117,0.117,0.0020644790037476924
726,863,137,0.137,0.0017314901997015112
780,890,110,0.11,0.0019229198413522682
794,897,103,0.103,0.0017026741125882837
784,892,108,0.108,0.0018624510816298424
794,897,103,0.103,0.0013269256146159023
732,866,134,0.134,0.0017328795001230902
766,883,117,0.117,0.0017705082626926015
730,865,135,0.135,0.0016636904525657882
780,890,110,0.11,0.001469844962019124
726,863,137,0.137,0.0019488906119950115
790,895,105,0.105,0.0013881483729055618
736,868,132,0.132,0.001743587565040798
716,858,142,0.142,0.0016769805067306152
760,880,120,0.12,0.0016231026606401428
760,880,120,0.12,0.0014559571800782578
804,902,98,0.098,0.0011933793642092496
772,886,114,0.114,0.0013283001293748385
806,903,97,0.097,0.001608549411095737
742,871,129,0.129,0.0017090022675765794
760,880,120,0.12,0.0016319531238405034
750,875,125,0.125,0.00170532870804891
692,846,154,0.154,0.0025122728461865335
738,869,131,0.131,0.002197682660247665
790,895,105,0.105,0.001666144401213387
756,878,122,0.122,0.0015533889494545293
808,904,96,0.096,0.0015750162546610228
772,886,114,0.114,0.0015863566014631943
750,875,125,0.125,0.0015747519260912667
762,881,119,0.119,0.0013872224040387664
772,886,114,0.114,0.0014857914142485241
786,893,107,0.107,0.0014953116310207407
760,880,120,0.12,0.0012350440708178213
810,905,95,0.095,0.0011416834151750663
760,880,120,0.12,0.0010744589733949397
800,900,100,0.1,0.0010449071261136851
742,871,129,0.129,0.001512995785480598
772,886,114,0.114,0.0013710173192594084
760,880,120,0.12,0.0013122235100054241
762,881,119,0.119,0.0012243940982662024
768,884,116,0.116,0.0014757231637922814
756,878,122,0.122,0.0015589980544318679
682,841,159,0.159,0.002152742308971938
770,885,115,0.115,0.001667837277011131
750,875,125,0.125,0.0018276194124046015
762,881,119,0.119,0.0019484397664564313
720,860,140,0.14,0.002171272921201307
780,890,110,0.11,0.00185320647667686
718,859,141,0.141,0.0017393770311027765
786,893,107,0.107,0.0019566617899981795
750,875,125,0.125,0.0017802534810616635
718,859,141,0.141,0.0019209037633554544
786,893,107,0.107,0.0018184554484250838
716,858,142,0.142,0.002011135378590552
734,867,133,0.133,0.0017804594111366897
704,852,148,0.148,0.0022142327730252875
706,853,147,0.147,0.0017169995952717727
726,863,137,0.137,0.0020041734086262294
794,897,103,0.103,0.0015488561154197668
756,878,122,0.122,0.0018161279597261454
768,884,116,0.116,0.00164263860572828
748,874,126,0.126,0.001799806670525868
698,849,151,0.151,0.0018079059362280533
790,895,105,0.105,0.0014518137680570363
768,884,116,0.116,0.001311982798826648
770,885,115,0.115,0.0015010325654075131
750,875,125,0.125,0.0015465496261167573
706,853,147,0.147,0.0016825544209423241
786,893,107,0.107,0.0011902786544087576
774,887,113,0.113,0.001316703735756164
720,860,140,0.14,0.001518648202159966
804,902,98,0.098,0.0011477098166942595
762,881,119,0.119,0.0012714541121094953
764,882,118,0.118,0.0012230221865356726
732,866,134,0.134,0.0014396754775953013
750,875,125,0.125,0.0013695312833260686
774,887,113,0.113,0.0014901229161550873
768,884,116,0.116,0.0013865718130837196
770,885,115,0.115,0.0012915950641254313
736,868,132,0.132,0.0014861942617280875
818,909,91,0.091,0.001090724590481841
742,871,129,0.129,0.00123023698470206
812,906,94,0.094,0.0011702346798483632
848,924,76,0.076,0.0009981170277605998
762,881,119,0.119,0.0013406387178547447
746,873,127,0.127,0.0015689182999631156
742,871,129,0.129,0.0012380285588878906
744,872,128,0.128,0.0012943538474100933
760,880,120,0.12,0.0011447825482464396
748,874,126,0.126,0.0015797275286677176
748,874,126,0.126,0.0012806844329097658
764,882,118,0.118,0.0014576907251539523
800,900,100,0.1,0.0012628480314306216
768,884,116,0.116,0.0015044627192182815
774,887,113,0.113,0.001753159952124406
768,884,116,0.116,0.0015619521643457119
794,897,103,0.103,0.001597087428512168
740,870,130,0.13,0.001590727591945324
788,894,106,0.106,0.0018468567005184013
746,873,127,0.127,0.0018605400551314232
698,849,151,0.151,0.0016170692700106883
660,830,170,0.17,0.0017338904718199046
726,863,137,0.137,0.0018357484009611654
756,878,122,0.122,0.0016483734482244472
752,876,124,0.124,0.0018236600011732663
766,883,117,0.117,0.0015668124571238877
700,850,150,0.15,0.001599366611961159
722,861,139,0.139,0.0019232956351042958
738,869,131,0.131,0.0014784549282703665
776,888,112,0.112,0.001358574034049525
820,910,90,0.09,0.0011680577269289642
784,892,108,0.108,0.0012929598254268057
804,902,98,0.098,0.00114710638368706
774,887,113,0.113,0.0014809445300052175
776,888,112,0.112,0.001524416564614512
740,870,130,0.13,0.0016887328449374764
738,869,131,0.131,0.0018327022843368469
708,854,146,0.146,0.0018733356754964917
768,884,116,0.116,0.0015950411579397042
702,851,149,0.149,0.002075527198830969
748,874,126,0.126,0.0017525294237420894
774,887,113,0.113,0.0017500360113626811
768,884,116,0.116,0.0016238536517194006
798,899,101,0.101,0.0014101499381067696
708,854,146,0.146,0.001829663141426863
768,884,116,0.116,0.0015244746606840635
754,877,123,0.123,0.0016399663915944984
778,889,111,0.111,0.0014983699738513679
828,914,86,0.086,0.0014354809925207518
758,879,121,0.121,0.0017238790148403496
758,879,121,0.121,0.0018147855136048747
742,871,129,0.129,0.0017969618873175932
738,869,131,0.131,0.0015669364880159264
766,883,117,0.117,0.0019848380989569707
744,872,128,0.128,0.0017912927122233668
838,919,81,0.081,0.0015800997303158512
784,892,108,0.108,0.00155745944652881
750,875,125,0.125,0.001627196171641117
754,877,123,0.123,0.0020471285863604863
750,875,125,0.125,0.001817193321607192
732,866,134,0.134,0.0018124313834850909
752,876,124,0.124,0.001969781514228089
754,877,123,0.123,0.0018775524622469675
730,865,135,0.135,0.0020125912674557184
796,898,102,0.102,0.0016225854455988156
758,879,121,0.121,0.0018340907510428224
754,877,123,0.123,0.0017736227393615992
758,879,121,0.121,0.0015765836896025577
742,871,129,0.129,0.001681494345626561
768,884,116,0.116,0.0016305349412432406
784,892,108,0.108,0.0016391834461683174
744,872,128,0.128,0.0017103533529880225
776,888,112,0.112,0.0017271611592150292
768,884,116,0.116,0.0020261610060260866
774,887,113,0.113,0.0021743707648274723
760,880,120,0.12,0.0016270571043132803
816,908,92,0.092,0.0016377239222347272
750,875,125,0.125,0.0018874230451037875
766,883,117,0.117,0.0017291888122999807
796,898,102,0.102,0.0015352950455708196
782,891,109,0.109,0.0016108546375326114
666,833,167,0.167,0.0020289329590887062
806,903,97,0.097,0.0016152257131616353
766,883,117,0.117,0.001808328079088824
760,880,120,0.12,0.0015790482775191776
784,892,108,0.108,0.001643659634544747
782,891,109,0.109,0.0016599197885225293
752,876,124,0.124,0.0017732236619485775
754,877,123,0.123,0.0018699687128100777
712,856,144,0.144,0.0023243598942499374
820,910,90,0.09,0.001634718979606987
736,868,132,0.132,0.002119011436108849
770,885,115,0.115,0.002109637614834355
774,887,113,0.113,0.0018976167668733979
824,912,88,0.088,0.0015558637808499043
760,880,120,0.12,0.002004428148837178
704,852,148,0.148,0.0027183871677843854
740,870,130,0.13,0.002111465811060043
746,873,127,0.127,0.002203215650981292
794,897,103,0.103,0.0019440004030475393
738,869,131,0.131,0.002396123347745743
756,878,122,0.122,0.0022142915053118485
812,906,94,0.094,0.0018983819032728207
692,846,154,0.154,0.002776216043770546
806,903,97,0.097,0.0022949621616571675
720,860,140,0.14,0.002922252431482775
784,892,108,0.108,0.002459046586853219
778,889,111,0.111,0.002528528051421745
784,892,108,0.108,0.002173453726893058
698,849,151,0.151,0.0032759360715863294
766,883,117,0.117,0.0026320585144567303
728,864,136,0.136,0.0027916933831293135
780,890,110,0.11,0.0021446212414157344
762,881,119,0.119,0.002556593203218654
792,896,104,0.104,0.0023830651487223805
800,900,100,0.1,0.0027324071122566238
744,872,128,0.128,0.0026515772718412336
866,933,67,0.067,0.0016983202396222623
814,907,93,0.093,0.0022787830854795175
762,881,119,0.119,0.002361647927100421
770,885,115,0.115,0.002494772116362583
766,883,117,0.117,0.0026779052590718494
782,891,109,0.109,0.002547277367935749
710,855,145,0.145,0.0035111089006531985
792,896,104,0.104,0.002154064172456856
736,868,132,0.132,0.0030396614507917545
714,857,143,0.143,0.0031334406428504737
726,863,137,0.137,0.0037404811681481078
736,868,132,0.132,0.0028953696185199077
786,893,107,0.107,0.0020578059044783
802,901,99,0.099,0.0026582395026634913
724,862,138,0.138,0.002958775121689541
766,883,117,0.117,0.0021951922683947486
792,896,104,0.104,0.0026999853324959984
806,903,97,0.097,0.002629399350786116
758,879,121,0.121,0.0027068483684270176
858,929,71,0.071,0.0016481523218826624
766,883,117,0.117,0.0019633977295452497
728,864,136,0.136,0.0022703684868174605
768,884,116,0.116,0.001995814872410847
790,895,105,0.105,0.0020972747108608017
802,901,99,0.099,0.001859067354525905
728,864,136,0.136,0.0021291996908112194
756,878,122,0.122,0.002178306333400542
730,865,135,0.135,0.0029736600118048955
842,921,79,0.079,0.0019145181653875624
744,872,128,0.128,0.0028418612622190267
800,900,100,0.1,0.002070640952399117
790,895,105,0.105,0.0023347004674142227
704,852,148,0.148,0.0032994291522336423
770,885,115,0.115,0.0026604231436213014
758,879,121,0.121,0.002660461471736198
746,873,127,0.127,0.0026089864278037566
746,873,127,0.127,0.002154281890791026
762,881,119,0.119,0.0024094620744581335
748,874,126,0.126,0.0024122892064624467
764,882,118,0.118,0.002562685491517186
750,875,125,0.125,0.002045128477628168
746,873,127,0.127,0.0020144892380340026
814,907,93,0.093,0.0019211525573045946
786,893,107,0.107,0.001855788234010106
826,913,87,0.087,0.0015757079253671692
770,885,115,0.115,0.0018089327931957086
782,891,109,0.109,0.0018778194099577377
794,897,103,0.103,0.0017257207249786006
814,907,93,0.093,0.00170444409083575
816,908,92,0.092,0.0017088812082947697
740,870,130,0.13,0.0024541205594869097
734,867,133,0.133,0.0021044057703693397
756,878,122,0.122,0.0020518573661975096
792,896,104,0.104,0.0017355465670843841
718,859,141,0.141,0.002081096638677991
786,893,107,0.107,0.0014957840169081465
726,863,137,0.137,0.002003045062767342
804,902,98,0.098,0.0018633605421637185
748,874,126,0.126,0.0022995594286185222
856,928,72,0.072,0.0015493926214257953
802,901,99,0.099,0.0015222194197922363
816,908,92,0.092,0.0013572434572852216
778,889,111,0.111,0.0019167273474449758
788,894,106,0.106,0.0017509525458008284
722,861,139,0.139,0.002262097689934308
730,865,135,0.135,0.002359819259465439
736,868,132,0.132,0.0021680397140153218
796,898,102,0.102,0.0020431848821317543
734,867,133,0.133,0.0019519189339189324
790,895,105,0.105,0.0019422569983435097
766,883,117,0.117,0.0019552257329632995
742,871,129,0.129,0.0021450216638622807
818,909,91,0.091,0.0019255918221024332
852,926,74,0.074,0.0014652897292835405
704,852,148,0.148,0.002545354238041909
750,875,125,0.125,0.0022749795682611876
768,884,116,0.116,0.0020622930051467847
794,897,103,0.103,0.002104815089260228
816,908,92,0.092,0.0020550427613197824
828,914,86,0.086,0.0020490699795773252
742,871,129,0.129,0.0024947998931602344
726,863,137,0.137,0.002558732191013405
656,828,172,0.172,0.003449806094635278
716,858,142,0.142,0.002815360783977667
784,892,108,0.108,0.002703581530484371
736,868,132,0.132,0.0033441496202722193
748,874,126,0.126,0.002723140515969135
784,892,108,0.108,0.002536096959374845
686,843,157,0.157,0.003089646755164722
712,856,144,0.144,0.0032564430996135344
788,894,106,0.106,0.0025470000366913156
806,903,97,0.097,0.0024022174957790414
732,866,134,0.134,0.002885287607292412
730,865,135,0.135,0.002772852808906464
716,858,142,0.142,0.0027473534048040164
820,910,90,0.09,0.0022064036590309115
808,904,96,0.096,0.0016879559734516078
792,896,104,0.104,0.0022101378659863257
740,870,130,0.13,0.0023371209583128803
748,874,126,0.126,0.002188147934401059
792,896,104,0.104,0.0019578136269556125
780,890,110,0.11,0.002065012682811357
760,880,120,0.12,0.002204402868883335
804,902,98,0.098,0.0023688742717495187
774,887,113,0.113,0.0024645497228484602
788,894,106,0.106,0.0021442832184111467
778,889,111,0.111,0.0020140912989882053
798,899,101,0.101,0.002189872473711148
750,875,125,0.125,0.002527580668393057
710,855,145,0.145,0.002650244587857742
830,915,85,0.085,0.00231808809901122
780,890,110,0.11,0.003073425711627351
790,895,105,0.105,0.00284449255670188
770,885,115,0.115,0.0031063183004444
726,863,137,0.137,0.00361577253593714
738,869,131,0.131,0.00312653587848763
728,864,136,0.136,0.002862992927475716
766,883,117,0.117,0.003093741793418303
802,901,99,0.099,0.0029065724381653127
740,870,130,0.13,0.003042343925568275
748,874,126,0.126,0.003067373496174696
804,902,98,0.098,0.00287718314868107
764,882,118,0.118,0.0027365870468784126
810,905,95,0.095,0.0026636685503472106
726,863,137,0.137,0.00309348368740757
808,904,96,0.096,0.0032032236501690933
738,869,131,0.131,0.0028157998786555254
772,886,114,0.114,0.0034343746514350643
768,884,116,0.116,0.0028230512113659643
742,871,129,0.129,0.003605945986957522
734,867,133,0.133,0.0034115637659851926
806,903,97,0.097,0.003556675697735045
710,855,145,0.145,0.004911022788757691
738,869,131,0.131,0.0037233700701617637
720,860,140,0.14,0.004037161458283663
776,888,112,0.112,0.004060593022251851
756,878,122,0.122,0.004252375859534368
824,912,88,0.088,0.0032526471479795874
784,892,108,0.108,0.003983525536285015
810,905,95,0.095,0.003948734675563174
782,891,109,0.109,0.004028315091796685
750,875,125,0.125,0.0037502449042804073
736,868,132,0.132,0.004099924750538776
796,898,102,0.102,0.003438188827072736
796,898,102,0.102,0.004306020098447334
740,870,130,0.13,0.004529976563935634
826,913,87,0.087,0.0034337711980042514
738,869,131,0.131,0.006109932352905162
796,898,102,0.102,0.005131484393205028
728,864,136,0.136,0.006003213072719518
712,856,144,0.144,0.006484947266813834
734,867,133,0.133,0.006214033232594374
758,879,121,0.121,0.006877739110263064
794,897,103,0.103,0.006034748409176245
790,895,105,0.105,0.007045055904658511
792,896,104,0.104,0.00645540592254838
728,864,136,0.136,0.008874528357177041
720,860,140,0.14,0.0077726139507140034
766,883,117,0.117,0.006708792331570294
774,887,113,0.113,0.006758217633585446
738,869,131,0.131,0.00843536127556581
778,889,111,0.111,0.007308443103916943
758,879,121,0.121,0.008218509312719106
790,895,105,0.105,0.009018000996438786
790,895,105,0.105,0.0086066335021751
756,878,122,0.122,0.00925237348198425
728,864,136,0.136,0.011807392937946134
738,869,131,0.131,0.011853930520126597
774,887,113,0.113,0.011427855448797345
776,888,112,0.112,0.012139613549807108
782,891,109,0.109,0.011184941867832095
742,871,129,0.129,0.011007988277473487
796,898,102,0.102,0.01111340736085549
760,880,120,0.12,0.012556534571107477
770,885,115,0.115,0.011447962892474607
778,889,111,0.111,0.01104893508530222
714,857,143,0.143,0.013052964823553339
724,862,138,0.138,0.012783215540926903
772,886,114,0.114,0.013042234787950292
766,883,117,0.117,0.013526523298351094
776,888,112,0.112,0.011424187112832442
758,879,121,0.121,0.012568943044869229
792,896,104,0.104,0.01063461577356793
786,893,107,0.107,0.013119196711108089
746,873,127,0.127,0.011831826404901222
772,886,114,0.114,0.012128801114158705
806,903,97,0.097,0.010367191471974365
786,893,107,0.107,0.010158685850678011
768,884,116,0.116,0.00874657523224596
768,884,116,0.116,0.00963873866398353
790,895,105,0.105,0.00913607675267849
732,866,134,0.134,0.011218776135938241
726,863,137,0.137,0.010332679609884508
780,890,110,0.11,0.008639614390442148
724,862,138,0.138,0.00969514176202938
770,885,115,0.115,0.010053572878241539
728,864,136,0.136,0.009698423461755737
750,875,125,0.125,0.009995151744224131
740,870,130,0.13,0.010271202933276073
756,878,122,0.122,0.008765150793362408
764,882,118,0.118,0.007682388632907532
722,861,139,0.139,0.008742457846179604
758,879,121,0.121,0.006954737148946151
786,893,107,0.107,0.006170775271195452
772,886,114,0.114,0.005731009552837349
772,886,114,0.114,0.005601507483574096
774,887,113,0.113,0.004842693085316568
762,881,119,0.119,0.005174150356906466
794,897,103,0.103,0.004319445403525606
750,875,125,0.125,0.004389480346115306
768,884,116,0.116,0.004691101287084166
780,890,110,0.11,0.0040228988426970315
804,902,98,0.098,0.004118481789133511
786,893,107,0.107,0.004784426518948749
