log_avg_ept_score,log_avg_succ_req,log_avg_blk_req,log_avg_BP_req,log_avg_entropy
-426,37,463,0.926,2.9943123602867128
-414,43,457,0.914,2.994239076137543
-426,37,463,0.926,2.9941716532707217
-434,33,467,0.934,2.9941744103431702
-434,33,467,0.934,2.993705892562866
-422,39,461,0.922,2.9938014054298403
-438,31,469,0.938,2.9934870319366453
-436,32,468,0.936,2.993482181072235
-450,25,475,0.95,2.992064863204956
-408,46,454,0.908,2.992175934791565
-446,27,473,0.946,2.9912171664237976
-434,33,467,0.934,2.990795154571533
-436,32,468,0.936,2.9872865386009217
-384,58,442,0.884,2.9873984169960024
-436,32,468,0.936,2.9843498697280886
-408,46,454,0.908,2.9835184679031372
-416,42,458,0.916,2.975998935699463
-418,41,459,0.918,2.9726076316833496
-416,42,458,0.916,2.9686083736419677
-428,36,464,0.928,2.9650567188262937
-396,52,448,0.896,2.9296860365867614
-392,54,446,0.892,2.919817042827606
-380,60,440,0.88,2.8932464179992676
-376,62,438,0.876,2.880085650444031
-232,134,366,0.732,2.744152243852615
-224,138,362,0.724,2.6866939783096315
-160,170,330,0.66,2.596614349812269
-128,186,314,0.628,2.553495986610651
-24,238,262,0.524,2.2186726949214934
8,254,246,0.492,2.190708577096462
4,252,248,0.496,2.1741398096382616
30,265,235,0.47,2.1535570110082625
18,259,241,0.482,2.2808219010829927
10,255,245,0.49,2.2880676126033066
4,252,248,0.496,2.313673932135105
-6,247,253,0.506,2.352417497321963
-26,237,263,0.526,2.4506993452310564
-40,230,270,0.54,2.467472796678543
-48,226,274,0.548,2.494299292564392
-46,227,273,0.546,2.497780572414398
-6,247,253,0.506,2.4516484092473982
-24,238,262,0.524,2.4678551326893503
14,257,243,0.486,2.392780672580004
14,257,243,0.486,2.342322325274348
34,267,233,0.466,2.2952592187523844
38,269,231,0.462,2.2052310439944267
72,286,214,0.428,2.1743869984149935
48,274,226,0.452,2.200148418009281
70,285,215,0.43,2.028717915713787
64,282,218,0.436,2.0252318418622015
56,278,222,0.444,2.0284115847051143
92,296,204,0.408,1.950524643868208
42,271,229,0.458,1.9972492284849286
78,289,211,0.422,1.9974837845936417
62,281,219,0.438,1.9729046079535038
112,306,194,0.388,1.8834838007986545
136,318,182,0.364,1.8175563364988192
106,303,197,0.394,1.7600895585492253
154,327,173,0.346,1.726657928628847
174,337,163,0.326,1.4141688562631607
204,352,148,0.296,1.3344287113553728
274,387,113,0.226,1.1094268702417611
294,397,103,0.206,1.081998300109757
304,402,98,0.196,0.7185764574088834
330,415,85,0.17,0.676424216188374
328,414,86,0.172,0.5040984738032276
346,423,77,0.154,0.40669561209009125
382,441,59,0.118,0.181678865813894
380,440,60,0.12,0.12336011471371967
370,435,65,0.13,0.06618532631389072
384,442,58,0.116,0.0766744998754987
378,439,61,0.122,0.032561276711775604
370,435,65,0.13,0.02866656538158307
374,437,63,0.126,0.027562704887142075
380,440,60,0.12,0.0460193371756971
446,473,27,0.054,0.03471819776783832
356,428,72,0.144,0.03616200035882372
366,433,67,0.134,0.04423323718096384
360,430,70,0.14,0.04637578438570512
384,442,58,0.116,0.037545514506013775
420,460,40,0.08,0.02064066147372637
420,460,40,0.08,0.03782130401022718
430,465,35,0.07,0.02356479610094803
358,429,71,0.142,0.018972941777495235
398,449,51,0.102,0.020196543067401932
380,440,60,0.12,0.011719246813413946
340,420,80,0.16,0.025986289437616505
348,424,76,0.152,0.02756909126921451
388,444,56,0.112,0.036191420237969736
372,436,64,0.128,0.027967712962912627
370,435,65,0.13,0.035619829081229
376,438,62,0.124,0.03049218370577364
356,428,72,0.144,0.07359796584162519
420,460,40,0.08,0.02690949676880271
372,436,64,0.128,0.038163353048596124
362,431,69,0.138,0.022306869627751438
436,468,32,0.064,0.019710548308657393
360,430,70,0.14,0.0211761542224682
368,434,66,0.132,0.02440826021276433
400,450,50,0.1,0.033337561215225436
436,468,32,0.064,0.0080577823110346
380,440,60,0.12,0.025214506227576292
406,453,47,0.094,0.02129532156123912
412,456,44,0.088,0.027550410131418176
402,451,49,0.098,0.022634750599572727
404,452,48,0.096,0.019146309473475412
388,444,56,0.112,0.012358623289741218
376,438,62,0.124,0.04288833207005013
384,442,58,0.116,0.026367092136186102
360,430,70,0.14,0.014711464986793828
342,421,79,0.158,0.02004526289721207
360,430,70,0.14,0.03010158319772745
382,441,59,0.118,0.036683523755789794
372,436,64,0.128,0.029178378959189104
364,432,68,0.136,0.026515177022076387
410,455,45,0.09,0.0318852431586638
330,415,85,0.17,0.03706059817031201
362,431,69,0.138,0.032236988002714496
372,436,64,0.128,0.03379431484008273
376,438,62,0.124,0.023886476434269808
348,424,76,0.152,0.03541348991987797
396,448,52,0.104,0.02213897418419583
392,446,54,0.108,0.027812205193280534
364,432,68,0.136,0.03658350856753796
360,430,70,0.14,0.03293233831473117
408,454,46,0.092,0.018511510865126184
404,452,48,0.096,0.01611256967361305
384,442,58,0.116,0.013983151527067094
438,469,31,0.062,0.00913089835287542
420,460,40,0.08,0.014957002635198478
382,441,59,0.118,0.015048271901227053
374,437,63,0.126,0.018423741210922343
368,434,66,0.132,0.018975136198359905
398,449,51,0.102,0.016155129561425723
392,446,54,0.108,0.017562093554977763
416,458,42,0.084,0.0194778950464447
380,440,60,0.12,0.02512242989486549
330,415,85,0.17,0.052352159587388994
400,450,50,0.1,0.016861988636551813
424,462,38,0.076,0.017140780656856806
390,445,55,0.11,0.04114543490312644
350,425,75,0.15,0.02044208115091169
382,441,59,0.118,0.028220947365696702
404,452,48,0.096,0.027026056653128763
378,439,61,0.122,0.021203060693202134
366,433,67,0.134,0.03113470205934982
410,455,45,0.09,0.011665771897372905
364,432,68,0.136,0.025800375400978737
404,452,48,0.096,0.01791694930833728
424,462,38,0.076,0.017662502299235713
356,428,72,0.144,0.020218291323181804
370,435,65,0.13,0.022559666060818016
360,430,70,0.14,0.0202699440600245
400,450,50,0.1,0.008340366932247888
414,457,43,0.086,0.025134368376706902
376,438,62,0.124,0.01902351857344911
382,441,59,0.118,0.03578092766342121
330,415,85,0.17,0.03637350856037665
368,434,66,0.132,0.01611344364096294
416,458,42,0.084,0.011726493558577203
356,428,72,0.144,0.01854201990013098
392,446,54,0.108,0.013043605504801235
386,443,57,0.114,0.019374554588549017
348,424,76,0.152,0.03303656867579412
386,443,57,0.114,0.026287434464524268
390,445,55,0.11,0.035288145306607475
352,426,74,0.148,0.028447781795613993
364,432,68,0.136,0.0337999372964332
404,452,48,0.096,0.02246478551394739
398,449,51,0.102,0.016996791818923156
366,433,67,0.134,0.02652092635282497
396,448,52,0.104,0.014796369298278022
356,428,72,0.144,0.025665379597921856
388,444,56,0.112,0.022472521435389352
404,452,48,0.096,0.020901766734281638
394,447,53,0.106,0.03188115993354586
390,445,55,0.11,0.006965102555130898
374,437,63,0.126,0.030146362052117185
364,432,68,0.136,0.022622946961362685
436,468,32,0.064,0.0066656252337852495
354,427,73,0.146,0.032713777322944226
394,447,53,0.106,0.009742143687141947
344,422,78,0.156,0.02558928423492034
402,451,49,0.098,0.009272940082155401
372,436,64,0.128,0.033215953423830796
336,418,82,0.164,0.028273033333160127
382,441,59,0.118,0.04583491295116255
366,433,67,0.134,0.02491231161895121
382,441,59,0.118,0.040679203224295635
356,428,72,0.144,0.042782679867028495
388,444,56,0.112,0.033008168829837814
384,442,58,0.116,0.040773745391760256
378,439,61,0.122,0.026462100635457318
400,450,50,0.1,0.028556030862680472
410,455,45,0.09,0.005775113416209933
414,457,43,0.086,0.007140447818077518
378,439,61,0.122,0.012350279768435939
310,405,95,0.19,0.02577083464891621
372,436,64,0.128,0.019761272825926424
404,452,48,0.096,0.011126687394193141
374,437,63,0.126,0.014212625722546363
420,460,40,0.08,0.017749953173537506
380,440,60,0.12,0.029748889463495288
420,460,40,0.08,0.014432807349010545
400,450,50,0.1,0.016295258064310474
362,431,69,0.138,0.046041988025761385
374,437,63,0.126,0.023108974306920573
414,457,43,0.086,0.010519149517047481
384,442,58,0.116,0.0188118130754483
374,437,63,0.126,0.025451428792468506
372,436,64,0.128,0.016531869192549495
368,434,66,0.132,0.01499016255655897
366,433,67,0.134,0.02854015302622065
362,431,69,0.138,0.03771775149738096
338,419,81,0.162,0.025822691641835264
400,450,50,0.1,0.013585619446937926
430,465,35,0.07,0.011285650394158438
408,454,46,0.092,0.010576841154281282
414,457,43,0.086,0.01859762476988817
376,438,62,0.124,0.01527469234346063
378,439,61,0.122,0.007713410862592809
374,437,63,0.126,0.017032675635905433
344,422,78,0.156,0.013473529706730915
394,447,53,0.106,0.009862604817732063
388,444,56,0.112,0.0161035758490616
414,457,43,0.086,0.019207175819399708
406,453,47,0.094,0.013017955744682695
378,439,61,0.122,0.02719539097842062
378,439,61,0.122,0.016776175890623562
394,447,53,0.106,0.01119006513223576
360,430,70,0.14,0.017075690697398387
360,430,70,0.14,0.044785114908823746
360,430,70,0.14,0.023493803367979127
378,439,61,0.122,0.021389972435703383
374,437,63,0.126,0.025042091354378498
374,437,63,0.126,0.027581242007639957
370,435,65,0.13,0.028564777247884195
386,443,57,0.114,0.02628394603007473
414,457,43,0.086,0.007517669435532298
400,450,50,0.1,0.02086356321248968
362,431,69,0.138,0.02050576469042426
398,449,51,0.102,0.008872955954255303
366,433,67,0.134,0.014657402673372417
396,448,52,0.104,0.006758616557878213
420,460,40,0.08,0.009760403127456812
362,431,69,0.138,0.014357671728526838
346,423,77,0.154,0.03450153107817096
384,442,58,0.116,0.01964026368240593
430,465,35,0.07,0.013779345564500545
438,469,31,0.062,0.008920841633997043
378,439,61,0.122,0.013959002637948288
400,450,50,0.1,0.008241393165204499
390,445,55,0.11,0.027572032205061988
414,457,43,0.086,0.008212666237355734
382,441,59,0.118,0.016708687651891523
402,451,49,0.098,0.015181181755813669
360,430,70,0.14,0.01486261018049845
416,458,42,0.084,0.010177659477500128
382,441,59,0.118,0.021326502678291944
360,430,70,0.14,0.012649441131123694
374,437,63,0.126,0.016903672573733274
368,434,66,0.132,0.016178221863250655
354,427,73,0.146,0.019274213440003223
358,429,71,0.142,0.017903242330023203
404,452,48,0.096,0.011111831055779476
346,423,77,0.154,0.026421286880315167
388,444,56,0.112,0.01607849813789653
386,443,57,0.114,0.027334309388704695
414,457,43,0.086,0.01086483076766308
354,427,73,0.146,0.02176859401132242
422,461,39,0.078,0.016589577390332125
378,439,61,0.122,0.017003595604262955
364,432,68,0.136,0.012654937831393908
408,454,46,0.092,0.014120317312678708
380,440,60,0.12,0.015909922896767965
410,455,45,0.09,0.011310516381257912
402,451,49,0.098,0.021263014985892368
354,427,73,0.146,0.02195548660433269
364,432,68,0.136,0.029853983288448946
420,460,40,0.08,0.02699319661089976
354,427,73,0.146,0.0165808166252682
384,442,58,0.116,0.023031575659268128
380,440,60,0.12,0.015981947901876993
416,458,42,0.084,0.014608275136379235
398,449,51,0.102,0.013730882821691921
412,456,44,0.088,0.006411424546869967
388,444,56,0.112,0.009730959574109875
416,458,42,0.084,0.011081220488049439
376,438,62,0.124,0.034795707427187156
376,438,62,0.124,0.012387736677832436
374,437,63,0.126,0.011659000749939879
338,419,81,0.162,0.03231343272455706
380,440,60,0.12,0.02014371871748881
412,456,44,0.088,0.006065669101619278
452,476,24,0.048,0.009838292237429413
394,447,53,0.106,0.01880130451885634
378,439,61,0.122,0.007614891762612388
360,430,70,0.14,0.023039480729596107
406,453,47,0.094,0.013935587645537453
342,421,79,0.158,0.021719364330041572
386,443,57,0.114,0.02141971527149144
392,446,54,0.108,0.01602848374583118
386,443,57,0.114,0.011443335659976583
352,426,74,0.148,0.013751601802563528
400,450,50,0.1,0.013663303395325784
382,441,59,0.118,0.013589739380673564
396,448,52,0.104,0.01253212697710842
382,441,59,0.118,0.018530064396953094
374,437,63,0.126,0.0262232448203722
360,430,70,0.14,0.028671157061326086
388,444,56,0.112,0.008663721854714822
406,453,47,0.094,0.013771114867678989
384,442,58,0.116,0.025267010599363857
402,451,49,0.098,0.011923477930933585
384,442,58,0.116,0.01095623713978057
360,430,70,0.14,0.03217898525421333
384,442,58,0.116,0.005672452920291107
416,458,42,0.084,0.01210846325060993
364,432,68,0.136,0.026372281253323308
318,409,91,0.182,0.028547006690059787
376,438,62,0.124,0.024043310054636096
354,427,73,0.146,0.020596866035324637
370,435,65,0.13,0.026004766101701535
420,460,40,0.08,0.016886932476249058
324,412,88,0.176,0.014359537472795636
374,437,63,0.126,0.0227414285196719
374,437,63,0.126,0.015145595758571289
408,454,46,0.092,0.01029114064555688
410,455,45,0.09,0.008338625379175027
398,449,51,0.102,0.01035767656203825
374,437,63,0.126,0.011677371804471476
412,456,44,0.088,0.007362950113565603
352,426,74,0.148,0.03719175133699901
374,437,63,0.126,0.011598237961923587
374,437,63,0.126,0.011577388974794304
388,444,56,0.112,0.012229457410721806
388,444,56,0.112,0.010371019413185422
352,426,74,0.148,0.0096549535960512
380,440,60,0.12,0.03982075168318988
404,452,48,0.096,0.0253944997904764
366,433,67,0.134,0.021123938044096575
370,435,65,0.13,0.016477970148640452
366,433,67,0.134,0.012828135914183804
398,449,51,0.102,0.009890735002118163
372,436,64,0.128,0.017885362195745984
380,440,60,0.12,0.011728127080800278
416,458,42,0.084,0.0066811384104512395
366,433,67,0.134,0.024094648970453818
392,446,54,0.108,0.023684882661356824
382,441,59,0.118,0.03432033679948654
380,440,60,0.12,0.023635162309059522
422,461,39,0.078,0.010253499374724924
386,443,57,0.114,0.016811856321655796
414,457,43,0.086,0.021034362422622507
408,454,46,0.092,0.01307658743045613
428,464,36,0.072,0.01307238433524617
350,425,75,0.15,0.021813391382755072
414,457,43,0.086,0.016831109672832044
386,443,57,0.114,0.03936260566800775
360,430,70,0.14,0.013251657398737734
376,438,62,0.124,0.02343123925747932
386,443,57,0.114,0.03117734650839702
394,447,53,0.106,0.018336326762786483
400,450,50,0.1,0.01771853077180276
386,443,57,0.114,0.015953789048755426
392,446,54,0.108,0.011785095776664093
400,450,50,0.1,0.009883159752833309
406,453,47,0.094,0.010006236325833015
386,443,57,0.114,0.011414259591103473
388,444,56,0.112,0.015799680265102325
368,434,66,0.132,0.0244960579508479
424,462,38,0.076,0.0338662295960894
402,451,49,0.098,0.013364615010505076
386,443,57,0.114,0.013373244789720047
396,448,52,0.104,0.014299761740257964
428,464,36,0.072,0.014583101665601134
380,440,60,0.12,0.010159038954647258
362,431,69,0.138,0.03127529194217641
348,424,76,0.152,0.028361512302304617
362,431,69,0.138,0.020565682285348885
374,437,63,0.126,0.023242287201341243
412,456,44,0.088,0.012310579373210203
382,441,59,0.118,0.033585186690557746
410,455,45,0.09,0.014948629552585772
378,439,61,0.122,0.02537721988087287
348,424,76,0.152,0.030332910226570677
364,432,68,0.136,0.01848423449503025
374,437,63,0.126,0.015473546858644114
370,435,65,0.13,0.029273938490427098
338,419,81,0.162,0.025478639568551443
420,460,40,0.08,0.018558280861354432
396,448,52,0.104,0.01933106987044448
340,420,80,0.16,0.03979462811595295
404,452,48,0.096,0.020615693280575213
372,436,64,0.128,0.01753330553273554
374,437,63,0.126,0.013265798367210663
316,408,92,0.184,0.04111987344245426
378,439,61,0.122,0.01788124173344113
390,445,55,0.11,0.03668539543566294
376,438,62,0.124,0.018251385430456138
388,444,56,0.112,0.019910724895249587
410,455,45,0.09,0.013529619340333738
356,428,72,0.144,0.027237042773282157
384,442,58,0.116,0.01716093532484956
370,435,65,0.13,0.026492593127230065
356,428,72,0.144,0.014491783789591864
418,459,41,0.082,0.016057109484256215
390,445,55,0.11,0.02364961339657748
360,430,70,0.14,0.032695507253083636
396,448,52,0.104,0.024574739429954206
426,463,37,0.074,0.012654103497799952
348,424,76,0.152,0.01444456135420478
374,437,63,0.126,0.025585287744936066
402,451,49,0.098,0.015183718804939418
320,410,90,0.18,0.03870408003254852
354,427,73,0.146,0.02224697265564464
400,450,50,0.1,0.017064817335922272
344,422,78,0.156,0.03356897820660379
386,443,57,0.114,0.01768799911136739
326,413,87,0.174,0.020723006197076756
388,444,56,0.112,0.01633908352430444
398,449,51,0.102,0.05460818863660097
386,443,57,0.114,0.022134604744613172
416,458,42,0.084,0.016121528166055214
342,421,79,0.158,0.02306099977984559
392,446,54,0.108,0.014703261494752951
386,443,57,0.114,0.018708740882895654
402,451,49,0.098,0.010601168270630297
410,455,45,0.09,0.009656038526249177
390,445,55,0.11,0.013641300494025926
364,432,68,0.136,0.020992912241752492
408,454,46,0.092,0.019166059333947487
332,416,84,0.168,0.025070099768898218
382,441,59,0.118,0.026984675783198325
376,438,62,0.124,0.02585491401251056
382,441,59,0.118,0.012388986138394103
360,430,70,0.14,0.01983042266778648
396,448,52,0.104,0.01504860371001996
376,438,62,0.124,0.018590563564910553
386,443,57,0.114,0.026692409894312732
372,436,64,0.128,0.021753386314812814
368,434,66,0.132,0.02610247576405527
376,438,62,0.124,0.02634568872762611
368,434,66,0.132,0.02574672039761208
388,444,56,0.112,0.025359720082604325
396,448,52,0.104,0.013688524291414069
384,442,58,0.116,0.01885038475051988
368,434,66,0.132,0.019146544299204833
416,458,42,0.084,0.009856625392741989
382,441,59,0.118,0.013241532656335039
398,449,51,0.102,0.009044387181726052
396,448,52,0.104,0.006392396536190063
404,452,48,0.096,0.020317345507763093
372,436,64,0.128,0.013626760927334544
404,452,48,0.096,0.016287821160047317
378,439,61,0.122,0.02191958449908998
344,422,78,0.156,0.038811768853629476
374,437,63,0.126,0.01846839554538019
344,422,78,0.156,0.03995215462124906
348,424,76,0.152,0.03893062463105889
352,426,74,0.148,0.044785221981350334
402,451,49,0.098,0.03623146349261515
382,441,59,0.118,0.024022979772184046
362,431,69,0.138,0.036747967258736025
388,444,56,0.112,0.027898569260258226
396,448,52,0.104,0.03199932522769086
400,450,50,0.1,0.021441393265748048
394,447,53,0.106,0.014969476560567272
358,429,71,0.142,0.017770307792932725
386,443,57,0.114,0.00829112511134008
390,445,55,0.11,0.016269260368455433
372,436,64,0.128,0.022570488858968018
388,444,56,0.112,0.020736965279706056
382,441,59,0.118,0.03669176013616379
382,441,59,0.118,0.019634387503785548
382,441,59,0.118,0.020629359265120002
388,444,56,0.112,0.024685850725742055
394,447,53,0.106,0.0284312526510912
366,433,67,0.134,0.026754713534959593
400,450,50,0.1,0.014993108919346923
370,435,65,0.13,0.013381016957922839
372,436,64,0.128,0.02494455177054624
402,451,49,0.098,0.008714191772101913
400,450,50,0.1,0.01037594462139532
370,435,65,0.13,0.013732228795066475
404,452,48,0.096,0.009280323964583658
364,432,68,0.136,0.015269882508728188
406,453,47,0.094,0.00983966635967954
392,446,54,0.108,0.010766547226521652
362,431,69,0.138,0.0258456436971901
396,448,52,0.104,0.010015077367861523
374,437,63,0.126,0.02344996822194662
374,437,63,0.126,0.015716993076319342
362,431,69,0.138,0.0211671403903747
372,436,64,0.128,0.028949758615985047
398,449,51,0.102,0.016959018837485927
390,445,55,0.11,0.00954304421512643
354,427,73,0.146,0.017898961357364896
360,430,70,0.14,0.016392062568222173
384,442,58,0.116,0.02235144758026581
368,434,66,0.132,0.017138324579704205
406,453,47,0.094,0.012202772656870366
368,434,66,0.132,0.023693593978998253
386,443,57,0.114,0.023271234385843855
358,429,71,0.142,0.01495136393266148
410,455,45,0.09,0.009894888962211553
362,431,69,0.138,0.01874861948794569
384,442,58,0.116,0.0266199236176908
388,444,56,0.112,0.021621663008409085
364,432,68,0.136,0.015211730225826614
408,454,46,0.092,0.005751750111216097
382,441,59,0.118,0.012987195150431945
370,435,65,0.13,0.012043084347154944
388,444,56,0.112,0.017031161709703157
406,453,47,0.094,0.010889328335877508
374,437,63,0.126,0.009824624431203119
418,459,41,0.082,0.006914645402866881
340,420,80,0.16,0.040457753747148675
362,431,69,0.138,0.017633798897411908
366,433,67,0.134,0.02009778084780555
400,450,50,0.1,0.0116922607695451
310,405,95,0.19,0.027161224497060175
370,435,65,0.13,0.03172624514187919
378,439,61,0.122,0.024973990613827483
352,426,74,0.148,0.02510933678771835
402,451,49,0.098,0.018424361467477866
382,441,59,0.118,0.02397361322463257
360,430,70,0.14,0.0274659981050645
388,444,56,0.112,0.014312490158714355
330,415,85,0.17,0.016142306156587436
426,463,37,0.074,0.013730558656985522
402,451,49,0.098,0.008266246781920927
382,441,59,0.118,0.020251882892800496
360,430,70,0.14,0.018400636067657274
378,439,61,0.122,0.012312155902220184
384,442,58,0.116,0.016111965805393993
376,438,62,0.124,0.015443113970162813
412,456,44,0.088,0.005676084579543385
392,446,54,0.108,0.005559741976016085
400,450,50,0.1,0.007290105143940309
394,447,53,0.106,0.007815755813906434
380,440,60,0.12,0.007621819611027604
378,439,61,0.122,0.010837991743726889
386,443,57,0.114,0.010433992021113227
376,438,62,0.124,0.011395296995397075
394,447,53,0.106,0.008359485400636914
374,437,63,0.126,0.011808569800603436
380,440,60,0.12,0.012161618590718718
396,448,52,0.104,0.007648525832380983
380,440,60,0.12,0.010020958563189197
380,440,60,0.12,0.008635229028266621
382,441,59,0.118,0.007363726850831881
386,443,57,0.114,0.01292732356624765
392,446,54,0.108,0.010480486631335224
386,443,57,0.114,0.011230492652095563
334,417,83,0.166,0.012388253421668195
356,428,72,0.144,0.010447017507103737
402,451,49,0.098,0.012940183644204808
406,453,47,0.094,0.00725451883826463
394,447,53,0.106,0.007567901409900515
364,432,68,0.136,0.006568378741962078
376,438,62,0.124,0.016265014832795716
372,436,64,0.128,0.010428362727740023
342,421,79,0.158,0.016224907645751956
420,460,40,0.08,0.008396653420692018
382,441,59,0.118,0.00941488412149556
356,428,72,0.144,0.009160452168725897
358,429,71,0.142,0.016307324268738738
386,443,57,0.114,0.01317763605096843
362,431,69,0.138,0.01651090902055148
424,462,38,0.076,0.02368933393017505
416,458,42,0.084,0.004979550932992425
368,434,66,0.132,0.008406540531505016
374,437,63,0.126,0.01143109196018122
364,432,68,0.136,0.00836307161769946
380,440,60,0.12,0.013299002445943188
398,449,51,0.102,0.00737924550403477
416,458,42,0.084,0.02031607419802458
424,462,38,0.076,0.007181897821370512
400,450,50,0.1,0.007994459867484692
402,451,49,0.098,0.005258983791580249
404,452,48,0.096,0.012592680133915565
406,453,47,0.094,0.009297285257009662
390,445,55,0.11,0.011544672405507298
352,426,74,0.148,0.007981472472434688
396,448,52,0.104,0.016238151317636947
398,449,51,0.102,0.028138013571151532
394,447,53,0.106,0.009389199107215973
378,439,61,0.122,0.011767257878789678
348,424,76,0.152,0.010558968024270143
380,440,60,0.12,0.010101278926216765
396,448,52,0.104,0.007700872908670135
406,453,47,0.094,0.010217230771901085
420,460,40,0.08,0.005909236307503307
378,439,61,0.122,0.015865591200650668
396,448,52,0.104,0.006210156004861346
398,449,51,0.102,0.017401399700309413
406,453,47,0.094,0.007473271850707533
382,441,59,0.118,0.006969860971730668
396,448,52,0.104,0.007173265798030911
388,444,56,0.112,0.014725638421426993
376,438,62,0.124,0.008286258674328565
424,462,38,0.076,0.008126413118618074
368,434,66,0.132,0.01541931844894134
404,452,48,0.096,0.01295769835158717
390,445,55,0.11,0.008783879464855999
374,437,63,0.126,0.01429405683244113
386,443,57,0.114,0.01246695873480462
388,444,56,0.112,0.008168509150491445
392,446,54,0.108,0.013699477268368355
332,416,84,0.168,0.01460024715027248
388,444,56,0.112,0.009490830709430156
362,431,69,0.138,0.017792218247632264
406,453,47,0.094,0.014423612978105666
360,430,70,0.14,0.020105574865709058
362,431,69,0.138,0.01491062179612345
382,441,59,0.118,0.01865151248278562
400,450,50,0.1,0.009665517639485187
366,433,67,0.134,0.007655507140094414
424,462,38,0.076,0.005520698520005681
380,440,60,0.12,0.005032434842825751
412,456,44,0.088,0.003624707380695327
394,447,53,0.106,0.0108732861256849
390,445,55,0.11,0.004166243764222599
402,451,49,0.098,0.0094045827586815
410,455,45,0.09,0.0027167945484106895
390,445,55,0.11,0.0059095054259087195
390,445,55,0.11,0.00996913606308226
374,437,63,0.126,0.008251349993108305
388,444,56,0.112,0.005825511949064094
376,438,62,0.124,0.007934016333296313
350,425,75,0.15,0.017790055654448224
370,435,65,0.13,0.01226733886852162
364,432,68,0.136,0.01579312242110609
360,430,70,0.14,0.009101548091566656
402,451,49,0.098,0.015215486719855108
354,427,73,0.146,0.013620035861298676
366,433,67,0.134,0.013856592271535191
396,448,52,0.104,0.003518401278683086
402,451,49,0.098,0.008106040115168071
354,427,73,0.146,0.012570964892740448
378,439,61,0.122,0.010701929688635573
386,443,57,0.114,0.008757707044751442
382,441,59,0.118,0.006873766689517652
400,450,50,0.1,0.018129452877154107
392,446,54,0.108,0.01674805387806191
362,431,69,0.138,0.016386772569880123
408,454,46,0.092,0.007869207867413934
382,441,59,0.118,0.01267160679299559
364,432,68,0.136,0.008566944430383956
364,432,68,0.136,0.009345518690141035
394,447,53,0.106,0.008405043128426768
352,426,74,0.148,0.011114229800266912
396,448,52,0.104,0.005045508903436712
378,439,61,0.122,0.012004762551630847
390,445,55,0.11,0.012192315699125175
424,462,38,0.076,0.01078354064033192
394,447,53,0.106,0.0070710144179302005
380,440,60,0.12,0.00759259176312662
378,439,61,0.122,0.004706026452586229
410,455,45,0.09,0.00895966586292343
328,414,86,0.172,0.006582755094332243
358,429,71,0.142,0.007743779551004991
378,439,61,0.122,0.008200587169456413
394,447,53,0.106,0.006220875788480043
404,452,48,0.096,0.011859868810737681
370,435,65,0.13,0.016050650626362767
410,455,45,0.09,0.00847552056913264
404,452,48,0.096,0.014344589850072226
416,458,42,0.084,0.005568249379779445
368,434,66,0.132,0.0064203217824033345
402,451,49,0.098,0.005873141795389529
380,440,60,0.12,0.008628340706847665
384,442,58,0.116,0.005274658494199684
346,423,77,0.154,0.009455428527169716
366,433,67,0.134,0.018784480929462007
382,441,59,0.118,0.010404900981899117
406,453,47,0.094,0.007376361351023661
374,437,63,0.126,0.014547509247582639
412,456,44,0.088,0.011633719450997887
404,452,48,0.096,0.006928518568078289
386,443,57,0.114,0.006101710724553414
348,424,76,0.152,0.013950399412766273
402,451,49,0.098,0.004009149804242043
382,441,59,0.118,0.00838489181390105
356,428,72,0.144,0.0043362045210715225
372,436,64,0.128,0.005719228908942114
416,458,42,0.084,0.004938713003473822
378,439,61,0.122,0.013372721999825444
368,434,66,0.132,0.016263585981389043
360,430,70,0.14,0.010402695736265741
390,445,55,0.11,0.025758547693374566
434,467,33,0.066,0.00844429105934978
378,439,61,0.122,0.005580043973619468
378,439,61,0.122,0.009953889466720284
410,455,45,0.09,0.010623670023007434
376,438,62,0.124,0.011677346311014844
350,425,75,0.15,0.010643164433055062
378,439,61,0.122,0.0037168747075265857
442,471,29,0.058,0.00830397150281351
388,444,56,0.112,0.006453235763350676
388,444,56,0.112,0.006477307454813854
368,434,66,0.132,0.007918237065729045
358,429,71,0.142,0.00922696329584869
388,444,56,0.112,0.008429269056156045
336,418,82,0.164,0.015594786970148562
388,444,56,0.112,0.010261016537697287
364,432,68,0.136,0.015568997086404125
374,437,63,0.126,0.004745313540712232
384,442,58,0.116,0.008997651853873322
368,434,66,0.132,0.012829512557887938
420,460,40,0.08,0.0061812204112575275
392,446,54,0.108,0.008372926918324083
384,442,58,0.116,0.00753603098775784
380,440,60,0.12,0.013130457697436213
408,454,46,0.092,0.005806676431922824
414,457,43,0.086,0.0095288905938869
344,422,78,0.156,0.009578686562665098
366,433,67,0.134,0.00600885442404251
392,446,54,0.108,0.005426201199217758
356,428,72,0.144,0.017262151855480624
436,468,32,0.064,0.0031547200234999765
348,424,76,0.152,0.010307183754441212
384,442,58,0.116,0.007657497675216291
430,465,35,0.07,0.0032337091148801848
366,433,67,0.134,0.0107784035174991
410,455,45,0.09,0.00295108874241123
372,436,64,0.128,0.009966390204812341
374,437,63,0.126,0.006091647028779334
358,429,71,0.142,0.008884094887034734
402,451,49,0.098,0.007809371498049586
402,451,49,0.098,0.005618814673187444
398,449,51,0.102,0.005274426029616734
410,455,45,0.09,0.005057224091504395
402,451,49,0.098,0.004971959149572285
378,439,61,0.122,0.0072717692668175
366,433,67,0.134,0.0046163088206376416
404,452,48,0.096,0.0076171601818787165
376,438,62,0.124,0.00676118240316282
364,432,68,0.136,0.008038168485029019
358,429,71,0.142,0.008331495899401489
386,443,57,0.114,0.0027032813768601044
410,455,45,0.09,0.010705450018227565
368,434,66,0.132,0.007007224939748994
378,439,61,0.122,0.012191856359320808
410,455,45,0.09,0.005664682442326012
374,437,63,0.126,0.005472584595714579
410,455,45,0.09,0.0036621060839534037
368,434,66,0.132,0.006252838138045263
376,438,62,0.124,0.005235696740375715
390,445,55,0.11,0.008857302911586885
366,433,67,0.134,0.006103095303165901
398,449,51,0.102,0.008903634748632611
442,471,29,0.058,0.006698843032790137
390,445,55,0.11,0.0058903603263097465
370,435,65,0.13,0.009926020386534219
362,431,69,0.138,0.015649407239623544
376,438,62,0.124,0.007608114521062816
396,448,52,0.104,0.00733371700978023
390,445,55,0.11,0.0054669510421590534
374,437,63,0.126,0.005980004146287683
402,451,49,0.098,0.0044612288122370955
378,439,61,0.122,0.009920152463833801
424,462,38,0.076,0.004067422562817228
386,443,57,0.114,0.006031611868598702
402,451,49,0.098,0.005107380896428367
408,454,46,0.092,0.007222480724354682
374,437,63,0.126,0.011528297365381149
356,428,72,0.144,0.00933908276337752
370,435,65,0.13,0.016857852750363236
380,440,60,0.12,0.007432694740844454
362,431,69,0.138,0.01341330426147033
358,429,71,0.142,0.007232463473985263
356,428,72,0.144,0.017615495909296442
402,451,49,0.098,0.003076743850222556
386,443,57,0.114,0.014757871830675867
396,448,52,0.104,0.003909839300074964
386,443,57,0.114,0.003577190376336148
348,424,76,0.152,0.008182141006182064
368,434,66,0.132,0.00426612828609359
390,445,55,0.11,0.007372418854036368
392,446,54,0.108,0.006752081565762637
394,447,53,0.106,0.005245727814006386
374,437,63,0.126,0.008182267583775684
344,422,78,0.156,0.007991530482435337
366,433,67,0.134,0.003475643786305227
410,455,45,0.09,0.0058247768066285064
382,441,59,0.118,0.0026387731604154397
318,409,91,0.182,0.004456621196550259
432,466,34,0.068,0.003385724026724347
360,430,70,0.14,0.010591944929954479
364,432,68,0.136,0.02056475617415708
422,461,39,0.078,0.005553956175135682
412,456,44,0.088,0.00791831113754597
394,447,53,0.106,0.006388203997346863
376,438,62,0.124,0.002137565744407766
420,460,40,0.08,0.002873889985399728
364,432,68,0.136,0.003955255415101419
424,462,38,0.076,0.0032360267312105864
428,464,36,0.072,0.004980111966411641
370,435,65,0.13,0.009264732639316207
396,448,52,0.104,0.0022610164353318394
398,449,51,0.102,0.005135294479368895
392,446,54,0.108,0.009180269114026885
376,438,62,0.124,0.008891988541930913
376,438,62,0.124,0.011205838772038988
380,440,60,0.12,0.009707553125030246
334,417,83,0.166,0.005856745272118133
410,455,45,0.09,0.00263221025630628
356,428,72,0.144,0.019966008128489192
370,435,65,0.13,0.00808361993887229
408,454,46,0.092,0.007547670826577814
368,434,66,0.132,0.008091182805845165
374,437,63,0.126,0.010606139677795
410,455,45,0.09,0.005414886537903385
366,433,67,0.134,0.008980651446341654
364,432,68,0.136,0.005588516236355644
422,461,39,0.078,0.004203847558004781
372,436,64,0.128,0.003991655944402737
360,430,70,0.14,0.01094383897978696
388,444,56,0.112,0.011586202440194029
340,420,80,0.16,0.01133448530134774
398,449,51,0.102,0.006039066420336894
420,460,40,0.08,0.0035328335404919927
394,447,53,0.106,0.008943853252305416
420,460,40,0.08,0.004178539776941761
396,448,52,0.104,0.005590272704357631
394,447,53,0.106,0.0033475729552264965
376,438,62,0.124,0.007472238366775855
356,428,72,0.144,0.0124953571995502
392,446,54,0.108,0.0035228628631302854
386,443,57,0.114,0.004311616372659046
374,437,63,0.126,0.011662315649431548
410,455,45,0.09,0.005091402823338285
394,447,53,0.106,0.006536010252457345
320,410,90,0.18,0.011466835552375414
368,434,66,0.132,0.00658644828145043
408,454,46,0.092,0.005211208373628324
358,429,71,0.142,0.005710250147356419
382,441,59,0.118,0.004451195726665901
408,454,46,0.092,0.004140862436106545
360,430,70,0.14,0.007933548931803671
352,426,74,0.148,0.009346958274294593
428,464,36,0.072,0.001662554775903118
424,462,38,0.076,0.006465264682208726
402,451,49,0.098,0.0023995477545831817
364,432,68,0.136,0.003688279699352279
380,440,60,0.12,0.004747525498667528
368,434,66,0.132,0.004862412946502445
426,463,37,0.074,0.0028371076961630024
424,462,38,0.076,0.0024286269252188505
372,436,64,0.128,0.003867517635070726
392,446,54,0.108,0.0033849156269861853
380,440,60,0.12,0.0069846809797381865
358,429,71,0.142,0.00887696187308029
388,444,56,0.112,0.009008283070322705
404,452,48,0.096,0.005498493498787866
356,428,72,0.144,0.010111742314329604
360,430,70,0.14,0.010362365658191265
378,439,61,0.122,0.006671464397950331
400,450,50,0.1,0.012435435628285632
416,458,42,0.084,0.0038865585408420886
384,442,58,0.116,0.007537373333892901
340,420,80,0.16,0.006339889746719564
418,459,41,0.082,0.002739628133818769
370,435,65,0.13,0.007382922662181954
414,457,43,0.086,0.004428355369588189
422,461,39,0.078,0.0023504967106709957
358,429,71,0.142,0.008085416514823009
368,434,66,0.132,0.008857481722301599
358,429,71,0.142,0.0032101103050081294
368,434,66,0.132,0.0070930061585677325
372,436,64,0.128,0.004142418437550077
358,429,71,0.142,0.00840478275251371
420,460,40,0.08,0.006912029719329439
360,430,70,0.14,0.004666231547351345
378,439,61,0.122,0.008633275593048892
392,446,54,0.108,0.007303427380062203
436,468,32,0.064,0.003669771702028811
374,437,63,0.126,0.0040412987448980855
404,452,48,0.096,0.002567071216468321
396,448,52,0.104,0.0015382344617755734
352,426,74,0.148,0.017288204580378077
376,438,62,0.124,0.0026802615398482887
414,457,43,0.086,0.004340829666398349
400,450,50,0.1,0.006189180395100266
376,438,62,0.124,0.00724875891157717
378,439,61,0.122,0.01232939155230997
402,451,49,0.098,0.00554267045474262
374,437,63,0.126,0.006816493878162874
398,449,51,0.102,0.007084924520400818
370,435,65,0.13,0.005928590756302583
404,452,48,0.096,0.008206846895307535
382,441,59,0.118,0.0037917779660783706
356,428,72,0.144,0.0067850473539583615
386,443,57,0.114,0.0031140497535852773
398,449,51,0.102,0.007318765633623115
384,442,58,0.116,0.009384747990545292
346,423,77,0.154,0.01199031186378852
350,425,75,0.15,0.011889482555678114
370,435,65,0.13,0.010536796809610678
344,422,78,0.156,0.00844679912373249
388,444,56,0.112,0.007843211122846697
396,448,52,0.104,0.00862409160286188
384,442,58,0.116,0.009963296833535423
376,438,62,0.124,0.010108616363671899
404,452,48,0.096,0.004448717115585169
390,445,55,0.11,0.0026385261213217747
396,448,52,0.104,0.006055213050626662
392,446,54,0.108,0.0029629793064232216
386,443,57,0.114,0.0037138360146909692
364,432,68,0.136,0.010319979698135284
386,443,57,0.114,0.009570710459694964
344,422,78,0.156,0.008999477392877452
410,455,45,0.09,0.00537104135521804
388,444,56,0.112,0.004156688699484221
396,448,52,0.104,0.004667836681503104
380,440,60,0.12,0.00352797174378793
392,446,54,0.108,0.006437464039721817
352,426,74,0.148,0.00790912741703528
398,449,51,0.102,0.004808825619533308
334,417,83,0.166,0.009433736469378345
354,427,73,0.146,0.007109233182665775
366,433,67,0.134,0.017952773130789863
386,443,57,0.114,0.008308266075327992
352,426,74,0.148,0.020798699605686123
342,421,79,0.158,0.012454411989921936
390,445,55,0.11,0.005815405097324401
410,455,45,0.09,0.0029217729788360886
358,429,71,0.142,0.008300291392733925
410,455,45,0.09,0.009607412268895133
376,438,62,0.124,0.011782834263112819
396,448,52,0.104,0.007638725349112065
384,442,58,0.116,0.005501865150792582
350,425,75,0.15,0.009208661708311411
366,433,67,0.134,0.013300028474619467
426,463,37,0.074,0.004168217262427788
370,435,65,0.13,0.016523624512250534
388,444,56,0.112,0.006378795305907261
390,445,55,0.11,0.003353046683318098
364,432,68,0.136,0.009789580510609085
370,435,65,0.13,0.02150493295006163
438,469,31,0.062,0.003863103872325155
340,420,80,0.16,0.009036011765267176
384,442,58,0.116,0.01037103313555781
404,452,48,0.096,0.003812238885777333
398,449,51,0.102,0.003726742991998435
362,431,69,0.138,0.00998328652525379
332,416,84,0.168,0.00997142002559849
400,450,50,0.1,0.00728048741078237
374,437,63,0.126,0.007870929193915799
390,445,55,0.11,0.007666492549469694
406,453,47,0.094,0.00924934399331687
406,453,47,0.094,0.005738013956168288
402,451,49,0.098,0.006173929901997326
356,428,72,0.144,0.004723073974411818
362,431,69,0.138,0.0037379345813533292
378,439,61,0.122,0.0057622806613362625
396,448,52,0.104,0.004683699752989923
402,451,49,0.098,0.002222355438876548
346,423,77,0.154,0.00987180617688864
412,456,44,0.088,0.006904254448425491
388,444,56,0.112,0.0024646261790730933
374,437,63,0.126,0.004246270619143616
384,442,58,0.116,0.0046978315124142685
340,420,80,0.16,0.007488257281780534
390,445,55,0.11,0.004935827406297904
366,433,67,0.134,0.013355683857007535
406,453,47,0.094,0.0029396873444275115
376,438,62,0.124,0.008040792135274387
392,446,54,0.108,0.003986833991068125
398,449,51,0.102,0.009627344884662306
394,447,53,0.106,0.0036967282530276863
388,444,56,0.112,0.004248377947384143
332,416,84,0.168,0.008645828254615481
358,429,71,0.142,0.013757100795090082
384,442,58,0.116,0.007184925526176812
372,436,64,0.128,0.013079653954235255
396,448,52,0.104,0.011324228211742593
370,435,65,0.13,0.006621965175305377
360,430,70,0.14,0.008192829396284651
378,439,61,0.122,0.005649926493842941
408,454,46,0.092,0.003966323636181187
372,436,64,0.128,0.008681326808946323
360,430,70,0.14,0.0075959798106996455
390,445,55,0.11,0.0076041089195787205
394,447,53,0.106,0.0028380973851599265
418,459,41,0.082,0.0024376548278919473
400,450,50,0.1,0.0056893584989738885
428,464,36,0.072,0.0045994805208028995
398,449,51,0.102,0.008154023957660683
358,429,71,0.142,0.004168353654167731
436,468,32,0.064,0.0009139005493725563
406,453,47,0.094,0.0020297004487547384
404,452,48,0.096,0.0054087469742480606
384,442,58,0.116,0.004234152617587824
424,462,38,0.076,0.0020244997103873175
380,440,60,0.12,0.0033624917374618234
392,446,54,0.108,0.006562293927745486
398,449,51,0.102,0.0029096907278435536
386,443,57,0.114,0.004327763950670487
424,462,38,0.076,0.0028742582332342862
368,434,66,0.132,0.005487463611163548
342,421,79,0.158,0.016349032980960146
370,435,65,0.13,0.007428732358515845
374,437,63,0.126,0.011321613929001615
390,445,55,0.11,0.008093537454406032
386,443,57,0.114,0.005181217349076178
390,445,55,0.11,0.005992880608537234
344,422,78,0.156,0.01482274310017965
408,454,46,0.092,0.007086533803354542
380,440,60,0.12,0.004430380103818607
406,453,47,0.094,0.006085305388320194
314,407,93,0.186,0.010296587300930696
404,452,48,0.096,0.00286514726601672
340,420,80,0.16,0.008291141113473713
414,457,43,0.086,0.0028893716690072324
404,452,48,0.096,0.006954152132209856
418,459,41,0.082,0.0032687741913869106
370,435,65,0.13,0.0035814979840652086
404,452,48,0.096,0.004843443792706239
388,444,56,0.112,0.001908034298219718
348,424,76,0.152,0.0038680981190555032
416,458,42,0.084,0.006617790611635428
358,429,71,0.142,0.004820589762341115
358,429,71,0.142,0.0053548097096208945
338,419,81,0.162,0.010262479181401432
328,414,86,0.172,0.010294997914519627
392,446,54,0.108,0.011311700936988927
312,406,94,0.188,0.011506031400611391
386,443,57,0.114,0.010603493152477312
408,454,46,0.092,0.0054927080258203205
356,428,72,0.144,0.012241572728613391
346,423,77,0.154,0.006055696184252156
394,447,53,0.106,0.0054052780413185245
406,453,47,0.094,0.003690799814135971
388,444,56,0.112,0.004451732827554224
344,422,78,0.156,0.007600716720437049
366,433,67,0.134,0.0070246020979302555
408,454,46,0.092,0.005070776953914901
370,435,65,0.13,0.011277122864757985
332,416,84,0.168,0.012156398819308379
364,432,68,0.136,0.006751448696304578
352,426,74,0.148,0.006473127261066111
412,456,44,0.088,0.004524842797429301
354,427,73,0.146,0.007409793364349753
378,439,61,0.122,0.005348574171213841
382,441,59,0.118,0.006487540225542034
372,436,64,0.128,0.0063615724255796525
378,439,61,0.122,0.0055005869612141396
356,428,72,0.144,0.007370827846178145
420,460,40,0.08,0.004268547143241449
412,456,44,0.088,0.0022594052557178656
312,406,94,0.188,0.013794327006820822
372,436,64,0.128,0.004330066603484738
388,444,56,0.112,0.004057615879437435
404,452,48,0.096,0.003888682737793715
406,453,47,0.094,0.005723891329718754
408,454,46,0.092,0.004605583009513793
354,427,73,0.146,0.010147896795395354
392,446,54,0.108,0.008012947135022841
380,440,60,0.12,0.007968379762984115
386,443,57,0.114,0.004131655918303295
380,440,60,0.12,0.0056060273473558485
400,450,50,0.1,0.006094925811761641
390,445,55,0.11,0.0020701203015778447
358,429,71,0.142,0.003608162028991501
384,442,58,0.116,0.0025102467652104677
346,423,77,0.154,0.0033547824037050305
368,434,66,0.132,0.010150620354354033
400,450,50,0.1,0.004680494960208307
382,441,59,0.118,0.006834655447091791
384,442,58,0.116,0.00646886167768389
388,444,56,0.112,0.0045212305776803985
398,449,51,0.102,0.002193964594305726
374,437,63,0.126,0.005609258299475187
392,446,54,0.108,0.004763505250240997
388,444,56,0.112,0.00302259760373272
414,457,43,0.086,0.0030036200437357366
366,433,67,0.134,0.0020989890560449568
416,458,42,0.084,0.003545155247702496
376,438,62,0.124,0.0031671435154567006
386,443,57,0.114,0.003345941363508132
394,447,53,0.106,0.003369453551640618
396,448,52,0.104,0.004487199758921634
364,432,68,0.136,0.007925291248597205
392,446,54,0.108,0.005475334773305803
428,464,36,0.072,0.002547754961939063
358,429,71,0.142,0.006147867804102134
390,445,55,0.11,0.007119054448790848
380,440,60,0.12,0.007988930390085443
340,420,80,0.16,0.008153796636863263
360,430,70,0.14,0.0043643903277697975
396,448,52,0.104,0.0071294716965931
354,427,73,0.146,0.0080047672939545
382,441,59,0.118,0.005966535941795883
406,453,47,0.094,0.003959052849902946
380,440,60,0.12,0.004150067528025829
370,435,65,0.13,0.003810714981595083
356,428,72,0.144,0.010012997669422475
366,433,67,0.134,0.004751552820314828
386,443,57,0.114,0.006900146211730317
360,430,70,0.14,0.0065280179377587046
402,451,49,0.098,0.008470424091181485
346,423,77,0.154,0.015716715426766312
396,448,52,0.104,0.009226595380110666
380,440,60,0.12,0.011022840881109004
388,444,56,0.112,0.003951361082406947
378,439,61,0.122,0.006809742263751105
398,449,51,0.102,0.0035314206833572826
406,453,47,0.094,0.0018394880016494425
386,443,57,0.114,0.0023809238203339194
376,438,62,0.124,0.004142958035754418
386,443,57,0.114,0.005139333100676595
418,459,41,0.082,0.0020531319706497014
384,442,58,0.116,0.004781792470239452
398,449,51,0.102,0.003952797459933208
396,448,52,0.104,0.004890567720096442
398,449,51,0.102,0.004106913794856155
360,430,70,0.14,0.006730978951654833
382,441,59,0.118,0.003228656889114063
382,441,59,0.118,0.005734889473897056
400,450,50,0.1,0.003935161228131619
412,456,44,0.088,0.00421690454945201
388,444,56,0.112,0.006211427505393658
400,450,50,0.1,0.004074213920321199
372,436,64,0.128,0.006190813985856948
342,421,79,0.158,0.012401546845212578
416,458,42,0.084,0.003149633124092361
386,443,57,0.114,0.006283524623489939
374,437,63,0.126,0.003187052637280431
394,447,53,0.106,0.0056001065928867316
372,436,64,0.128,0.004871132070737076
430,465,35,0.07,0.002108831818710314
358,429,71,0.142,0.005553292759474061
344,422,78,0.156,0.007428244742623064
390,445,55,0.11,0.0048859408239150075
444,472,28,0.056,0.003176434418739518
380,440,60,0.12,0.006916821915656329
372,436,64,0.128,0.00576340392651764
402,451,49,0.098,0.0030374836280097953
366,433,67,0.134,0.004767454157437896
380,440,60,0.12,0.005042664343025536
398,449,51,0.102,0.0036434133246948477
378,439,61,0.122,0.006951838163397042
400,450,50,0.1,0.004509562167106196
342,421,79,0.158,0.006901549457771353
414,457,43,0.086,0.0033883739997836526
406,453,47,0.094,0.003642437780974433
416,458,42,0.084,0.002359702123096213
386,443,57,0.114,0.009727239912594086
372,436,64,0.128,0.005780257551901741
384,442,58,0.116,0.004484134448270197
382,441,59,0.118,0.0036234976535779425
388,444,56,0.112,0.0037725909894652434
398,449,51,0.102,0.008450396192609332
368,434,66,0.132,0.005962993580091279
384,442,58,0.116,0.004483494382686331
406,453,47,0.094,0.002905558472004486
408,454,46,0.092,0.007103930804063566
396,448,52,0.104,0.004502441982287564
364,432,68,0.136,0.0058299366639112124
396,448,52,0.104,0.00304393830357003
346,423,77,0.154,0.009224275254411623
388,444,56,0.112,0.005724628042516997
334,417,83,0.166,0.009354383276746375
392,446,54,0.108,0.011991153809300157
410,455,45,0.09,0.005837594797019847
390,445,55,0.11,0.00616695948666893
396,448,52,0.104,0.004919007985619828
400,450,50,0.1,0.004153664186305832
390,445,55,0.11,0.003152622393405181
412,456,44,0.088,0.004735764092285535
348,424,76,0.152,0.005658362337446306
382,441,59,0.118,0.0036930653449817326
354,427,73,0.146,0.012129952392308041
388,444,56,0.112,0.009308195028861519
378,439,61,0.122,0.007990315768984147
372,436,64,0.128,0.012612012640660395
388,444,56,0.112,0.011409808663360308
402,451,49,0.098,0.005925154709271737
318,409,91,0.182,0.016499872890199184
418,459,41,0.082,0.004575749508105218
362,431,69,0.138,0.006865794636760256
402,451,49,0.098,0.0036452621064672714
346,423,77,0.154,0.0053322946434564075
430,465,35,0.07,0.003668227633330389
416,458,42,0.084,0.0019808089017751625
368,434,66,0.132,0.003417553356150165
430,465,35,0.07,0.004172421625669813
388,444,56,0.112,0.006339621011022246
366,433,67,0.134,0.006688005029020132
402,451,49,0.098,0.0054390439667622555
368,434,66,0.132,0.011743844137410633
362,431,69,0.138,0.008168180614389712
376,438,62,0.124,0.010858892945143452
406,453,47,0.094,0.00640586564183468
372,436,64,0.128,0.004681767716137983
418,459,41,0.082,0.004122095435741357
352,426,74,0.148,0.005373925953594153
372,436,64,0.128,0.006601221339005861
396,448,52,0.104,0.0033424976804453765
408,454,46,0.092,0.0022153082379954866
378,439,61,0.122,0.006912136628932785
388,444,56,0.112,0.004394312856107718
372,436,64,0.128,0.005495125991146778
392,446,54,0.108,0.005893696022074436
392,446,54,0.108,0.003464138391194865
402,451,49,0.098,0.003180076929653296
374,437,63,0.126,0.006481820239830995
374,437,63,0.126,0.006114605761162238
428,464,36,0.072,0.0058945211413665675
400,450,50,0.1,0.0036144031485309826
404,452,48,0.096,0.0022378643422562164
366,433,67,0.134,0.004697886035457486
404,452,48,0.096,0.005989026997747715
366,433,67,0.134,0.004843751814711141
388,444,56,0.112,0.003848633448273176
408,454,46,0.092,0.003388371753026149
388,444,56,0.112,0.004950867268140428
366,433,67,0.134,0.005267790630197851
414,457,43,0.086,0.003877151964319637
336,418,82,0.164,0.012409640984813449
430,465,35,0.07,0.002943527705152519
400,450,50,0.1,0.0034762791911198293
370,435,65,0.13,0.004244258933118544
360,430,70,0.14,0.00496025839925278
400,450,50,0.1,0.0032843583264184416
348,424,76,0.152,0.005116639392275829
428,464,36,0.072,0.005441223289177287
404,452,48,0.096,0.004504281168221496
362,431,69,0.138,0.008762606352975126
390,445,55,0.11,0.005678926176158712
386,443,57,0.114,0.009232200709637255
404,452,48,0.096,0.007324036098842044
400,450,50,0.1,0.0024769940999976826
402,451,49,0.098,0.003323441262673441
416,458,42,0.084,0.0017891649787561618
388,444,56,0.112,0.0028591449113591805
364,432,68,0.136,0.005205982905958081
376,438,62,0.124,0.0036693679407908348
392,446,54,0.108,0.0032774892896122766
402,451,49,0.098,0.0032453724264050834
370,435,65,0.13,0.006077806903107557
348,424,76,0.152,0.008460882335959468
394,447,53,0.106,0.00396245179802645
402,451,49,0.098,0.006870662379544228
328,414,86,0.172,0.007819760197075084
338,419,81,0.162,0.006603477353608469
390,445,55,0.11,0.004548485571547644
390,445,55,0.11,0.0055535070234327575
422,461,39,0.078,0.002671602489950601
370,435,65,0.13,0.010554123680289195
408,454,46,0.092,0.003192055265273666
392,446,54,0.108,0.0022307279379601822
418,459,41,0.082,0.001840930099846446
384,442,58,0.116,0.0032410195807751735
354,427,73,0.146,0.0039410141842381565
390,445,55,0.11,0.007248110735439696
388,444,56,0.112,0.005058222024585121
428,464,36,0.072,0.0023560699998342897
410,455,45,0.09,0.0033436879711953226
340,420,80,0.16,0.005942366472649155
392,446,54,0.108,0.0033549678701965606
376,438,62,0.124,0.0023812797664577376
354,427,73,0.146,0.005055253500548133
418,459,41,0.082,0.003571765307802707
394,447,53,0.106,0.0059498621742241084
392,446,54,0.108,0.007619796788552776
368,434,66,0.132,0.008066063444304746
348,424,76,0.152,0.008018041245435597
400,450,50,0.1,0.00421067524625687
420,460,40,0.08,0.0018072518602275523
358,429,71,0.142,0.006678880522260442
378,439,61,0.122,0.0058782395752641605
380,440,60,0.12,0.004962221501336898
380,440,60,0.12,0.004569002676522359
358,429,71,0.142,0.007326594701153226
392,446,54,0.108,0.0041342846955813
394,447,53,0.106,0.005346968783036573
432,466,34,0.068,0.0024074900770938257
382,441,59,0.118,0.0025447231368307256
372,436,64,0.128,0.005914627253470826
400,450,50,0.1,0.004627669417663128
348,424,76,0.152,0.003382346553582465
386,443,57,0.114,0.004333358598407358
376,438,62,0.124,0.0034582169479690492
404,452,48,0.096,0.0034397525833337566
378,439,61,0.122,0.008222719738259911
368,434,66,0.132,0.004556539677549153
384,442,58,0.116,0.006877349492686335
394,447,53,0.106,0.006218872428056784
404,452,48,0.096,0.0026484820283949376
374,437,63,0.126,0.005415412438975181
390,445,55,0.11,0.003344026863007457
394,447,53,0.106,0.0030144739256502363
404,452,48,0.096,0.008000322958534525
414,457,43,0.086,0.003739391603266995
374,437,63,0.126,0.002300436470293789
370,435,65,0.13,0.006436244647455169
354,427,73,0.146,0.003672378916075104
392,446,54,0.108,0.004307860122877173
382,441,59,0.118,0.006244382650067564
368,434,66,0.132,0.010577456943923607
420,460,40,0.08,0.004144015610218048
388,444,56,0.112,0.003234519987003296
400,450,50,0.1,0.003165525162796257
362,431,69,0.138,0.007150221884621714
358,429,71,0.142,0.004633337589060829
404,452,48,0.096,0.002870826723461505
416,458,42,0.084,0.00197533275616297
368,434,66,0.132,0.00440769212027044
396,448,52,0.104,0.005022830731773865
392,446,54,0.108,0.0049322645064094105
412,456,44,0.088,0.0027141612399136645
338,419,81,0.162,0.005861795135628199
376,438,62,0.124,0.004235727149643935
386,443,57,0.114,0.005208784667047439
434,467,33,0.066,0.0017641986999951769
378,439,61,0.122,0.0032943554334924556
400,450,50,0.1,0.003425468115368858
384,442,58,0.116,0.0035384100147057324
394,447,53,0.106,0.00483702663355507
372,436,64,0.128,0.004431988839496625
384,442,58,0.116,0.0034256569673889316
370,435,65,0.13,0.005345999709155876
404,452,48,0.096,0.005813308821205282
396,448,52,0.104,0.003368060674110893
346,423,77,0.154,0.005437490188443917
402,451,49,0.098,0.005521193168126047
388,444,56,0.112,0.003033601004019147
390,445,55,0.11,0.004675935822444899
382,441,59,0.118,0.003056461102238245
418,459,41,0.082,0.0031507537196448538
422,461,39,0.078,0.0012873924372252077
362,431,69,0.138,0.00763429774971155
370,435,65,0.13,0.004631213147527888
394,447,53,0.106,0.004230964525268064
382,441,59,0.118,0.0025359330977662467
410,455,45,0.09,0.002075104671966983
386,443,57,0.114,0.0029933486541413004
332,416,84,0.168,0.008162106810021214
370,435,65,0.13,0.005485305283895286
388,444,56,0.112,0.004552023267897312
376,438,62,0.124,0.007058538112643873
384,442,58,0.116,0.006376261160010472
400,450,50,0.1,0.006070337930927053
396,448,52,0.104,0.007083512059121859
374,437,63,0.126,0.006502223638068245
400,450,50,0.1,0.002373480179478065
434,467,33,0.066,0.002704095195418631
360,430,70,0.14,0.004455386933324917
414,457,43,0.086,0.001642780950940505
408,454,46,0.092,0.0015168075008950837
386,443,57,0.114,0.0017997249054751592
402,451,49,0.098,0.0011048120724590263
380,440,60,0.12,0.004638207874682848
404,452,48,0.096,0.0025762117314443458
342,421,79,0.158,0.004205124341708142
382,441,59,0.118,0.002493130283022765
376,438,62,0.124,0.004166133330203593
382,441,59,0.118,0.005624985161586665
402,451,49,0.098,0.006389657629304566
376,438,62,0.124,0.00591070259665139
394,447,53,0.106,0.002600287456298247
386,443,57,0.114,0.004237744238067534
326,413,87,0.174,0.005895789811576833
362,431,69,0.138,0.006874600539429594
358,429,71,0.142,0.004854041032798705
352,426,74,0.148,0.003272500002523884
388,444,56,0.112,0.0030067461146973075
414,457,43,0.086,0.0022488437802385304
384,442,58,0.116,0.0044720193271350584
372,436,64,0.128,0.004414550408604554
390,445,55,0.11,0.0031341127775376663
406,453,47,0.094,0.0034613508499751334
398,449,51,0.102,0.0017993112645272049
374,437,63,0.126,0.0074417838428198595
402,451,49,0.098,0.003488743190671812
316,408,92,0.184,0.005293766213348135
358,429,71,0.142,0.007013963124714792
390,445,55,0.11,0.003692651493365702
400,450,50,0.1,0.004626691784069408
350,425,75,0.15,0.00661353637475986
402,451,49,0.098,0.0027528480341134126
394,447,53,0.106,0.005531883325485978
384,442,58,0.116,0.004848521479027113
354,427,73,0.146,0.008570202523100307
368,434,66,0.132,0.004171214838483138
362,431,69,0.138,0.005337598094571149
360,430,70,0.14,0.004120533572975546
350,425,75,0.15,0.007189835527156219
378,439,61,0.122,0.003636932592547964
354,427,73,0.146,0.005038671047950629
378,439,61,0.122,0.006198861688855686
372,436,64,0.128,0.006424074008624302
408,454,46,0.092,0.002361132642166922
358,429,71,0.142,0.0038070313260832335
384,442,58,0.116,0.0036798609870893413
366,433,67,0.134,0.007357807698892429
368,434,66,0.132,0.0069826671276969135
378,439,61,0.122,0.0027866892323945647
378,439,61,0.122,0.0061446538018062715
376,438,62,0.124,0.004548820158313901
352,426,74,0.148,0.00502289396271226
424,462,38,0.076,0.0033555860662745547
372,436,64,0.128,0.002227847132679017
370,435,65,0.13,0.0061749866376922
380,440,60,0.12,0.0025521767051977806
370,435,65,0.13,0.0027647046027122995
370,435,65,0.13,0.005635400935920188
394,447,53,0.106,0.003946614550895902
364,432,68,0.136,0.006468019705440383
406,453,47,0.094,0.005371589400980156
388,444,56,0.112,0.003387101631087717
386,443,57,0.114,0.004020989789351006
394,447,53,0.106,0.004533690316340653
404,452,48,0.096,0.003992371455577085
406,453,47,0.094,0.002359183634413057
358,429,71,0.142,0.002189595709205605
364,432,68,0.136,0.00460222205867467
370,435,65,0.13,0.003543471540469909
358,429,71,0.142,0.005063052577839699
350,425,75,0.15,0.00484194484402542
412,456,44,0.088,0.003901362648815848
410,455,45,0.09,0.005908291125640972
380,440,60,0.12,0.003480880323375459
380,440,60,0.12,0.006250871754091349
432,466,34,0.068,0.0014209442407955067
364,432,68,0.136,0.0020318840476684272
392,446,54,0.108,0.0023005826871740284
380,440,60,0.12,0.0034054224077553954
392,446,54,0.108,0.005760664112814993
364,432,68,0.136,0.00498387872974854
376,438,62,0.124,0.006934812073392095
394,447,53,0.106,0.0036937158284854376
340,420,80,0.16,0.00506606951559661
390,445,55,0.11,0.003669290132529568
374,437,63,0.126,0.003955153362156125
408,454,46,0.092,0.0024097598128573735
360,430,70,0.14,0.005025736459458131
400,450,50,0.1,0.0023521015957921917
370,435,65,0.13,0.002939211403951049
400,450,50,0.1,0.004171151801259839
392,446,54,0.108,0.0020647572126617888
372,436,64,0.128,0.0029182067408255533
390,445,55,0.11,0.004912720848282334
372,436,64,0.128,0.003269869088820997
392,446,54,0.108,0.0023307760773896005
436,468,32,0.064,0.0018011141145398142
380,440,60,0.12,0.0015340929904195946
382,441,59,0.118,0.0022358754739834692
342,421,79,0.158,0.004090910075843567
380,440,60,0.12,0.002312898884567403
388,444,56,0.112,0.0025436583675982546
388,444,56,0.112,0.00280359477266029
350,425,75,0.15,0.003008416973112617
330,415,85,0.17,0.005367059025105846
368,434,66,0.132,0.004147580527700484
424,462,38,0.076,0.004116543409225414
362,431,69,0.138,0.004202691498154308
378,439,61,0.122,0.005348133088074974
386,443,57,0.114,0.002629070528608281
410,455,45,0.09,0.0018851031912636245
368,434,66,0.132,0.0031595362660882527
354,427,73,0.146,0.003005227371082583
384,442,58,0.116,0.0015529021194961388
388,444,56,0.112,0.0023626353137733533
362,431,69,0.138,0.0029526234132936226
398,449,51,0.102,0.0016570575260702754
376,438,62,0.124,0.001819919723973726
362,431,69,0.138,0.0020639433857577386
400,450,50,0.1,0.0019996349370067037
394,447,53,0.106,0.0013417476495087613
396,448,52,0.104,0.002073631648665469
414,457,43,0.086,0.001886350755532476
342,421,79,0.158,0.003064540712031885
378,439,61,0.122,0.0014954156543190039
350,425,75,0.15,0.007026799396204296
394,447,53,0.106,0.002999941811620374
378,439,61,0.122,0.004906818549265154
396,448,52,0.104,0.0031961674299091102
360,430,70,0.14,0.0023312082334305158
414,457,43,0.086,0.0009924995281908196
380,440,60,0.12,0.0033188522134951198
368,434,66,0.132,0.002014324216077512
390,445,55,0.11,0.0030513448611236525
376,438,62,0.124,0.0023548659875923476
382,441,59,0.118,0.001985283418351173
394,447,53,0.106,0.0015997450365539407
360,430,70,0.14,0.004307281792687718
360,430,70,0.14,0.003653604700608412
368,434,66,0.132,0.004252227953184046
396,448,52,0.104,0.0028322471340361515
358,429,71,0.142,0.005187392704494414
378,439,61,0.122,0.003926829347212333
358,429,71,0.142,0.006590611114806961
366,433,67,0.134,0.005980576397414552
342,421,79,0.158,0.004612607103161281
410,455,45,0.09,0.0021191625699866564
426,463,37,0.074,0.0014941988659120397
384,442,58,0.116,0.0025193053923139815
350,425,75,0.15,0.004366748619919235
420,460,40,0.08,0.0015373243433168683
384,442,58,0.116,0.003492566427215934
390,445,55,0.11,0.0018177876204426866
402,451,49,0.098,0.0026305376331147274
348,424,76,0.152,0.005650680766018923
380,440,60,0.12,0.0021500590473879128
348,424,76,0.152,0.005040088056543027
344,422,78,0.156,0.010283305999095318
380,440,60,0.12,0.0047910265533719215
388,444,56,0.112,0.003938489059277344
406,453,47,0.094,0.003231279416650068
352,426,74,0.148,0.003270104482129682
398,449,51,0.102,0.003601693810283905
396,448,52,0.104,0.0020091334776807346
390,445,55,0.11,0.002234860265340103
368,434,66,0.132,0.0019138352317895624
404,452,48,0.096,0.0018304782044579041
418,459,41,0.082,0.0009193698110611877
394,447,53,0.106,0.0013465917654139048
398,449,51,0.102,0.0011803030172141008
410,455,45,0.09,0.0014476377296050486
410,455,45,0.09,0.0026041526145490932
366,433,67,0.134,0.00188218229731865
420,460,40,0.08,0.0009520894762063108
368,434,66,0.132,0.002026749426186143
380,440,60,0.12,0.0024418216759659116
376,438,62,0.124,0.003921697056895937
408,454,46,0.092,0.002672989655242418
424,462,38,0.076,0.002604351728063193
410,455,45,0.09,0.0024477893388830125
380,440,60,0.12,0.004107115936873015
346,423,77,0.154,0.002911989723346778
400,450,50,0.1,0.0013537836340328795
392,446,54,0.108,0.001586291526298737
390,445,55,0.11,0.0015587960100492638
402,451,49,0.098,0.001766519363554835
402,451,49,0.098,0.0034079402200004553
414,457,43,0.086,0.0018050638765344047
382,441,59,0.118,0.002713781364407623
412,456,44,0.088,0.0028567369282391157
380,440,60,0.12,0.002963735160214128
358,429,71,0.142,0.002339446772915835
394,447,53,0.106,0.0016253813465732492
396,448,52,0.104,0.0030008455439237878
374,437,63,0.126,0.0027624733796110376
354,427,73,0.146,0.0044206051696965
386,443,57,0.114,0.0020500278002873527
380,440,60,0.12,0.0028474951289535967
368,434,66,0.132,0.004149268766588648
384,442,58,0.116,0.002556477548816474
370,435,65,0.13,0.004767628928355407
400,450,50,0.1,0.0017240198476210936
402,451,49,0.098,0.0012541623365250416
398,449,51,0.102,0.00148489712576702
370,435,65,0.13,0.0022513724109908253
410,455,45,0.09,0.0014404051714118397
396,448,52,0.104,0.0013204117732020678
408,454,46,0.092,0.0018447751975054416
394,447,53,0.106,0.00195987475621223
366,433,67,0.134,0.0038504612607939636
418,459,41,0.082,0.002049405351433961
430,465,35,0.07,0.0011949071358321817
406,453,47,0.094,0.000887840093113482
362,431,69,0.138,0.0017365032909110597
380,440,60,0.12,0.001379493515491049
422,461,39,0.078,0.0020851766698069697
392,446,54,0.108,0.0018483618517493596
412,456,44,0.088,0.0022346464557631406
392,446,54,0.108,0.0029710047640110135
332,416,84,0.168,0.007794338642299408
348,424,76,0.152,0.004240865934320027
386,443,57,0.114,0.0027901334183989095
372,436,64,0.128,0.0035575396075146273
344,422,78,0.156,0.006262929662596435
370,435,65,0.13,0.0031971392600389664
390,445,55,0.11,0.0026902042070578317
404,452,48,0.096,0.0026611571624234782
388,444,56,0.112,0.0032651903212536125
352,426,74,0.148,0.004679525595449377
362,431,69,0.138,0.0031747977447521406
384,442,58,0.116,0.0026501769383612556
386,443,57,0.114,0.002314093375156517
358,429,71,0.142,0.0032857441419619137
366,433,67,0.134,0.004593065579771064
386,443,57,0.114,0.004704220258718124
358,429,71,0.142,0.003930721442156937
358,429,71,0.142,0.004076955741998972
344,422,78,0.156,0.005477361654455308
382,441,59,0.118,0.002746937995601911
398,449,51,0.102,0.0039214367019303606
360,430,70,0.14,0.004956088366714539
390,445,55,0.11,0.004163748020946514
406,453,47,0.094,0.0017794192634464708
394,447,53,0.106,0.0018499574639972707
370,435,65,0.13,0.0022280462270282443
386,443,57,0.114,0.0016571921366121387
390,445,55,0.11,0.0012751361678238027
376,438,62,0.124,0.0021856741123774553
380,440,60,0.12,0.00339483643398853
386,443,57,0.114,0.00324991426122142
398,449,51,0.102,0.003143577052396722
378,439,61,0.122,0.0033814544660272076
362,431,69,0.138,0.0037002200810820796
372,436,64,0.128,0.0037971565995248966
364,432,68,0.136,0.0030929079263005404
398,449,51,0.102,0.002875999650263111
412,456,44,0.088,0.0018001308970269747
364,432,68,0.136,0.0043245067466414185
366,433,67,0.134,0.002207302617098321
416,458,42,0.084,0.0015410787778055237
378,439,61,0.122,0.001407331609967514
414,457,43,0.086,0.001153680421804893
390,445,55,0.11,0.002718346667032165
390,445,55,0.11,0.0022514054643397686
368,434,66,0.132,0.0034829739915730896
396,448,52,0.104,0.0014342970080615488
380,440,60,0.12,0.0015910019350412767
416,458,42,0.084,0.001754088349378435
326,413,87,0.174,0.005666427513759118
384,442,58,0.116,0.004350195119273849
380,440,60,0.12,0.0036059897134255153
356,428,72,0.144,0.00448794058006024
394,447,53,0.106,0.0028065602141432466
392,446,54,0.108,0.0013730496105690691
404,452,48,0.096,0.0016963175986275019
380,440,60,0.12,0.0021134963513213733
364,432,68,0.136,0.0013964461839641445
338,419,81,0.162,0.0018961145758294151
334,417,83,0.166,0.003691414709901437
416,458,42,0.084,0.0034597503028053326
366,433,67,0.134,0.005737151337321848
396,448,52,0.104,0.004041921273485059
398,449,51,0.102,0.00325612089659262
388,444,56,0.112,0.0016926288143040437
424,462,38,0.076,0.0015117505540420098
342,421,79,0.158,0.002187583059661847
368,434,66,0.132,0.0014742852770505124
402,451,49,0.098,0.001977914628405415
410,455,45,0.09,0.0018176420330419205
384,442,58,0.116,0.004245763755956432
392,446,54,0.108,0.0020580325983464718
392,446,54,0.108,0.0019731044352520257
440,470,30,0.06,0.0013626772065035767
362,431,69,0.138,0.003133796148162219
372,436,64,0.128,0.002328700780744839
410,455,45,0.09,0.0014750965357216046
334,417,83,0.166,0.0019100697098183446
360,430,70,0.14,0.0024720003945039935
404,452,48,0.096,0.002054057329587522
388,444,56,0.112,0.002951275931118289
404,452,48,0.096,0.0024889341992384286
390,445,55,0.11,0.002981678088020999
328,414,86,0.172,0.0028240985123193243
342,421,79,0.158,0.0023510991815564922
362,431,69,0.138,0.002143738101076451
384,442,58,0.116,0.002960709271093947
386,443,57,0.114,0.0034733927590423264
364,432,68,0.136,0.003743510444415733
436,468,32,0.064,0.002068110980268102
368,434,66,0.132,0.0036003633373766207
392,446,54,0.108,0.0028304548304440686
392,446,54,0.108,0.002369914102804614
402,451,49,0.098,0.0018916396114509553
370,435,65,0.13,0.0027151172252633843
394,447,53,0.106,0.0010530871668379405
404,452,48,0.096,0.0021251194836950163
350,425,75,0.15,0.002171080295498541
410,455,45,0.09,0.0025686021988949505
366,433,67,0.134,0.005105796382937114
400,450,50,0.1,0.0023485156206879765
388,444,56,0.112,0.0034507031242828816
372,436,64,0.128,0.0034366080322361086
394,447,53,0.106,0.0016813334507896798
408,454,46,0.092,0.0010457756526302546
400,450,50,0.1,0.0007583931468143419
404,452,48,0.096,0.0011694480391888646
414,457,43,0.086,0.001396931801835308
392,446,54,0.108,0.00167866606451571
368,434,66,0.132,0.002330969454385922
410,455,45,0.09,0.0011937217906815931
386,443,57,0.114,0.0021810896116367076
398,449,51,0.102,0.0029493274903070413
396,448,52,0.104,0.0017778757089690772
358,429,71,0.142,0.002323429927939287
422,461,39,0.078,0.0015804063543473604
346,423,77,0.154,0.0031234613141314185
366,433,67,0.134,0.0027862700740733997
378,439,61,0.122,0.0012233828289754457
366,433,67,0.134,0.002329419174871873
422,461,39,0.078,0.0011804672416183166
378,439,61,0.122,0.0034992207616451197
378,439,61,0.122,0.0025835712706466438
404,452,48,0.096,0.0024074124563048826
410,455,45,0.09,0.0014788477693964523
354,427,73,0.146,0.0023953809518134223
366,433,67,0.134,0.002913669273719279
418,459,41,0.082,0.001585644280188717
394,447,53,0.106,0.0018094718391366768
378,439,61,0.122,0.001510567086384981
358,429,71,0.142,0.0026435307058563923
378,439,61,0.122,0.002072162695170846
410,455,45,0.09,0.0017794390348135495
364,432,68,0.136,0.0028391860874544365
388,444,56,0.112,0.0023577167337643914
378,439,61,0.122,0.0013003758729901165
382,441,59,0.118,0.0013022283992468148
400,450,50,0.1,0.001526131497055758
402,451,49,0.098,0.0011261933774367207
394,447,53,0.106,0.0010727401228868986
390,445,55,0.11,0.00156202480441425
372,436,64,0.128,0.001741297128421138
436,468,32,0.064,0.0009199164358142298
396,448,52,0.104,0.001353912477308768
392,446,54,0.108,0.003092869853207958
412,456,44,0.088,0.0018546922088571592
372,436,64,0.128,0.002250989499661955
364,432,68,0.136,0.001533690164607833
382,441,59,0.118,0.0017547683838056401
416,458,42,0.084,0.00254288371707662
342,421,79,0.158,0.003923930453689536
354,427,73,0.146,0.0045539262584643435
394,447,53,0.106,0.002950271591631463
392,446,54,0.108,0.0031788888614973985
398,449,51,0.102,0.0023736242579179816
368,434,66,0.132,0.0019144565765745938
376,438,62,0.124,0.001704400623741094
398,449,51,0.102,0.0029020704311842564
372,436,64,0.128,0.0013843858869222458
356,428,72,0.144,0.0021646658792305973
340,420,80,0.16,0.0023577681350870987
396,448,52,0.104,0.0021286188590456732
376,438,62,0.124,0.0025313069797703066
378,439,61,0.122,0.0020494286467146595
412,456,44,0.088,0.001698693243903108
378,439,61,0.122,0.0011930936462886165
428,464,36,0.072,0.001366277268891281
388,444,56,0.112,0.0016462140434596222
348,424,76,0.152,0.003107460686878767
354,427,73,0.146,0.0026008710743917617
406,453,47,0.094,0.0025163368197972887
358,429,71,0.142,0.004928258795669535
378,439,61,0.122,0.0038750016555713957
418,459,41,0.082,0.0017812345168495085
378,439,61,0.122,0.0020228067587449916
332,416,84,0.168,0.004028728384844726
388,444,56,0.112,0.0016709022118593566
388,444,56,0.112,0.001906870465281827
394,447,53,0.106,0.0016316084650461562
406,453,47,0.094,0.0019974587094038726
382,441,59,0.118,0.0023600311722257175
442,471,29,0.058,0.001232067900178663
338,419,81,0.162,0.002008018031323445
326,413,87,0.174,0.0035720777129172347
390,445,55,0.11,0.001809752502158517
402,451,49,0.098,0.0030525238874834033
376,438,62,0.124,0.0026597061908105388
396,448,52,0.104,0.002919999022007687
370,435,65,0.13,0.0032199308114941234
398,449,51,0.102,0.0017953945428598672
392,446,54,0.108,0.0014101930971228286
402,451,49,0.098,0.001266887687932467
362,431,69,0.138,0.001265981609118171
374,437,63,0.126,0.0029530048082524445
420,460,40,0.08,0.0012506471879023594
360,430,70,0.14,0.003030889077432221
384,442,58,0.116,0.0026092220243881456
378,439,61,0.122,0.002242914314963855
400,450,50,0.1,0.0013147971850121394
396,448,52,0.104,0.0016915349642076763
416,458,42,0.084,0.0014071020285773557
424,462,38,0.076,0.0009507575968855235
394,447,53,0.106,0.0011832524010678754
374,437,63,0.126,0.0011386594735486141
416,458,42,0.084,0.0012378619916416937
364,432,68,0.136,0.002408964663074585
416,458,42,0.084,0.0014633879427419744
380,440,60,0.12,0.002067657993087778
364,432,68,0.136,0.001979074093076633
398,449,51,0.102,0.0019938486710598226
348,424,76,0.152,0.00359881715256779
388,444,56,0.112,0.0021140136076137424
382,441,59,0.118,0.0022477946990402415
370,435,65,0.13,0.002342792387789814
390,445,55,0.11,0.0019624822389741896
408,454,46,0.092,0.0017128615092879046
396,448,52,0.104,0.0009547350642387755
374,437,63,0.126,0.001668063570657978
392,446,54,0.108,0.0014093062759638997
406,453,47,0.094,0.0013553236505540554
414,457,43,0.086,0.001790014376922045
386,443,57,0.114,0.002454249650123529
396,448,52,0.104,0.0022437050129228736
348,424,76,0.152,0.002809729439235525
360,430,70,0.14,0.0029546147121000104
416,458,42,0.084,0.0018946910583908902
396,448,52,0.104,0.001660878994880477
378,439,61,0.122,0.003329088653539657
428,464,36,0.072,0.0010680565506627317
402,451,49,0.098,0.0009198912895153626
418,459,41,0.082,0.0009655832229364023
384,442,58,0.116,0.001147987366261077
386,443,57,0.114,0.0015241691604460357
416,458,42,0.084,0.001205142244180024
372,436,64,0.128,0.0020820829595177203
386,443,57,0.114,0.0023949730965396156
388,444,56,0.112,0.003399155956954928
370,435,65,0.13,0.0031026788163289894
360,430,70,0.14,0.003594551783578936
310,405,95,0.19,0.005007191927725216
386,443,57,0.114,0.00352472394797951
390,445,55,0.11,0.0034212848211172967
348,424,76,0.152,0.005176058268349152
364,432,68,0.136,0.004149399347166764
402,451,49,0.098,0.0029849214850983115
412,456,44,0.088,0.0020836272253000063
390,445,55,0.11,0.00205566444219221
348,424,76,0.152,0.0016958843343963964
412,456,44,0.088,0.001130665252716426
376,438,62,0.124,0.0014253789791982853
398,449,51,0.102,0.00161016644519259
398,449,51,0.102,0.002766338105531759
352,426,74,0.148,0.005349023494112771
416,458,42,0.084,0.0029923003630246965
360,430,70,0.14,0.005386903574399185
368,434,66,0.132,0.003555033899436239
360,430,70,0.14,0.004221413170540473
390,445,55,0.11,0.0036077565164887348
396,448,52,0.104,0.0018727772933998495
398,449,51,0.102,0.001922266744513763
404,452,48,0.096,0.001153615120681934
400,450,50,0.1,0.0012448362384020583
400,450,50,0.1,0.0012747819805372274
394,447,53,0.106,0.0011349267700206838
414,457,43,0.086,0.0011113301085133572
380,440,60,0.12,0.0013564241351705277
412,456,44,0.088,0.0009083220377069665
384,442,58,0.116,0.0030153498023428255
374,437,63,0.126,0.0030322555023012685
380,440,60,0.12,0.0030618466143496332
398,449,51,0.102,0.002487770272477064
420,460,40,0.08,0.0021334543676348404
412,456,44,0.088,0.001957960789848585
398,449,51,0.102,0.0014454263918305514
398,449,51,0.102,0.0012067559497518233
356,428,72,0.144,0.0018864965860266238
402,451,49,0.098,0.001075708156291512
406,453,47,0.094,0.0014070415985770524
332,416,84,0.168,0.00219689936672512
378,439,61,0.122,0.002210360779252369
402,451,49,0.098,0.0019157584232161753
418,459,41,0.082,0.0014712611870345428
434,467,33,0.066,0.0011973771963021136
412,456,44,0.088,0.001835034687013831
332,416,84,0.168,0.0027877899617742515
360,430,70,0.14,0.0021313355694001076
376,438,62,0.124,0.002380516276534763
366,433,67,0.134,0.003062764887283265
408,454,46,0.092,0.0025895297885872425
426,463,37,0.074,0.0018617909016466001
390,445,55,0.11,0.0019659968858177306
372,436,64,0.128,0.002208545847184723
368,434,66,0.132,0.002607760489190696
372,436,64,0.128,0.002321053582287277
386,443,57,0.114,0.0022313480083830653
362,431,69,0.138,0.00249010370040196
380,440,60,0.12,0.0023793765861773865
392,446,54,0.108,0.0019976376757840624
376,438,62,0.124,0.0036691737028304488
402,451,49,0.098,0.0015481681842938997
362,431,69,0.138,0.0027536460203118622
386,443,57,0.114,0.0013535261233337224
294,397,103,0.206,0.003355950095341541
342,421,79,0.158,0.005754546802956611
398,449,51,0.102,0.004932094895513728
392,446,54,0.108,0.0036644781024660917
362,431,69,0.138,0.0042300740040373055
368,434,66,0.132,0.002863365699071437
404,452,48,0.096,0.0021363997882872356
364,432,68,0.136,0.002540233248844743
372,436,64,0.128,0.002557146609455231
372,436,64,0.128,0.002257711914629908
356,428,72,0.144,0.0024090511510003127
392,446,54,0.108,0.001774457710853312
366,433,67,0.134,0.00241361774073448
410,455,45,0.09,0.001729828895884566
408,454,46,0.092,0.00201186782422883
402,451,49,0.098,0.002121690211890382
364,432,68,0.136,0.0025340130592958303
346,423,77,0.154,0.0019134775247075595
404,452,48,0.096,0.0008818266358939582
380,440,60,0.12,0.001528966826492251
406,453,47,0.094,0.0015954268640634836
410,455,45,0.09,0.004424669302912662
334,417,83,0.166,0.005570690867840312
396,448,52,0.104,0.004145404451875947
356,428,72,0.144,0.00560036253038561
388,444,56,0.112,0.00303493262102711
384,442,58,0.116,0.0029410006300240638
404,452,48,0.096,0.0023612819277623203
354,427,73,0.146,0.002739780064090155
392,446,54,0.108,0.001861220110207796
370,435,65,0.13,0.002314913359172351
386,443,57,0.114,0.0016990419012436178
380,440,60,0.12,0.002000199021655135
382,441,59,0.118,0.0014889048198238016
390,445,55,0.11,0.0016942222600919194
418,459,41,0.082,0.001324628898029914
380,440,60,0.12,0.0026072019352723144
356,428,72,0.144,0.001970145425395458
408,454,46,0.092,0.0012842759194027166
386,443,57,0.114,0.0014034241404442581
398,449,51,0.102,0.0020204503385321004
406,453,47,0.094,0.0014246411810308927
402,451,49,0.098,0.0013435658742382657
404,452,48,0.096,0.0017737594654608983
398,449,51,0.102,0.0015155083650897723
352,426,74,0.148,0.0018446183230698807
394,447,53,0.106,0.002324690353416372
340,420,80,0.16,0.0034636784205504226
338,419,81,0.162,0.003912855482369196
432,466,34,0.068,0.001688031946803676
382,441,59,0.118,0.002053207528835628
382,441,59,0.118,0.002578429280198179
400,450,50,0.1,0.0018760594390769257
400,450,50,0.1,0.0016186720464320388
368,434,66,0.132,0.0017643156605117837
362,431,69,0.138,0.002265175289197941
384,442,58,0.116,0.0020545183217036537
398,449,51,0.102,0.0015566991783853156
298,399,101,0.202,0.003372610725782579
372,436,64,0.128,0.003222481415286893
392,446,54,0.108,0.001762002243718598
412,456,44,0.088,0.0018884322604717453
410,455,45,0.09,0.0013733119840617291
394,447,53,0.106,0.0008372107425529975
378,439,61,0.122,0.0010371395653128274
352,426,74,0.148,0.0015705338280968136
346,423,77,0.154,0.0009821760993218049
384,442,58,0.116,0.0022167661188796047
404,452,48,0.096,0.0023521870663098525
364,432,68,0.136,0.0033689672033360694
396,448,52,0.104,0.003558561463258229
372,436,64,0.128,0.0030308994695951697
398,449,51,0.102,0.0023168000032310373
410,455,45,0.09,0.0016436924294976052
408,454,46,0.092,0.002062247696117993
350,425,75,0.15,0.0012047330784334918
424,462,38,0.076,0.001007345372257987
386,443,57,0.114,0.0008720633244156488
398,449,51,0.102,0.0010876738019214827
356,428,72,0.144,0.0023133287316159114
360,430,70,0.14,0.0026596338027884484
364,432,68,0.136,0.0033082231983134988
412,456,44,0.088,0.0018665771661326288
392,446,54,0.108,0.0018521430005785078
376,438,62,0.124,0.0029362693963339553
384,442,58,0.116,0.0017994100009527756
402,451,49,0.098,0.0017154174879105994
364,432,68,0.136,0.001725222769237007
350,425,75,0.15,0.0021527368697716156
362,431,69,0.138,0.0018896470462204887
382,441,59,0.118,0.0013305398424272425
404,452,48,0.096,0.003143532444257289
394,447,53,0.106,0.00222283673734637
380,440,60,0.12,0.002966175739638857
406,453,47,0.094,0.0023016022167576013
406,453,47,0.094,0.001517742901807651
382,441,59,0.118,0.0014246655590832234
364,432,68,0.136,0.0013700159002401052
370,435,65,0.13,0.00120186505879974
384,442,58,0.116,0.0027356291324540506
412,456,44,0.088,0.0018595347082882654
356,428,72,0.144,0.00219385453267023
380,440,60,0.12,0.0018849609271856026
380,440,60,0.12,0.002491069406591123
392,446,54,0.108,0.0016558651847881265
362,431,69,0.138,0.0021813667931419333
368,434,66,0.132,0.0017221558167075273
382,441,59,0.118,0.0018027938546438236
400,450,50,0.1,0.001984705523500452
382,441,59,0.118,0.0027659063720493577
368,434,66,0.132,0.0028349842725729105
388,444,56,0.112,0.0021400691457965876
412,456,44,0.088,0.001345946603018092
384,442,58,0.116,0.001532418120346847
400,450,50,0.1,0.0021771838762942933
372,436,64,0.128,0.001348462466179626
374,437,63,0.126,0.0013709452768089249
372,436,64,0.128,0.0015529712417919654
444,472,28,0.056,0.0010309358573285863
402,451,49,0.098,0.0010778885168401756
338,419,81,0.162,0.001586576819769107
398,449,51,0.102,0.0022632273012277437
386,443,57,0.114,0.0013846209763141814
378,439,61,0.122,0.0029803867037408054
388,444,56,0.112,0.0028958958979928865
398,449,51,0.102,0.0027499192590767054
386,443,57,0.114,0.0031361483955988662
362,431,69,0.138,0.0022704585247847716
396,448,52,0.104,0.0015228808871324872
356,428,72,0.144,0.0018675937905200043
376,438,62,0.124,0.0017464328971327633
416,458,42,0.084,0.0011242126785800791
358,429,71,0.142,0.0013159580501232995
412,456,44,0.088,0.0010062201799446483
380,440,60,0.12,0.0015383981115883215
360,430,70,0.14,0.001855900836759247
388,444,56,0.112,0.0022508549369231333
368,434,66,0.132,0.0022761496779858136
418,459,41,0.082,0.0018660015034547542
392,446,54,0.108,0.0011278902419435326
372,436,64,0.128,0.001944002392643597
394,447,53,0.106,0.0016856102848396403
394,447,53,0.106,0.0015344044559460598
422,461,39,0.078,0.0008201785429409938
402,451,49,0.098,0.001159486179414671
368,434,66,0.132,0.0012924076864146627
356,428,72,0.144,0.0016697201304777991
432,466,34,0.068,0.0008663548540789634
428,464,36,0.072,0.0007722128979949048
398,449,51,0.102,0.0013218036988837411
374,437,63,0.126,0.0012003911525316653
416,458,42,0.084,0.0009145717137289466
428,464,36,0.072,0.0007558132521226071
358,429,71,0.142,0.0014148462587181712
380,440,60,0.12,0.0012359107522133853
400,450,50,0.1,0.0017057487470156047
410,455,45,0.09,0.0015976661212334874
410,455,45,0.09,0.0013894951504044002
350,425,75,0.15,0.0019518047721212497
392,446,54,0.108,0.0012718507334793685
406,453,47,0.094,0.001247435958328424
366,433,67,0.134,0.0018673132910626009
404,452,48,0.096,0.001546383805005462
380,440,60,0.12,0.001689066264370922
362,431,69,0.138,0.0023219612102839166
340,420,80,0.16,0.00253855322918389
396,448,52,0.104,0.0019523786648060195
394,447,53,0.106,0.002045038394920994
396,448,52,0.104,0.0024560446024988777
388,444,56,0.112,0.0021186728851753287
384,442,58,0.116,0.0015863969589554473
392,446,54,0.108,0.002032615953445202
392,446,54,0.108,0.0015320576931699178
378,439,61,0.122,0.0014034310570859817
374,437,63,0.126,0.001665513003768865
400,450,50,0.1,0.0010034405006736052
374,437,63,0.126,0.001653688578895526
378,439,61,0.122,0.0018702194555226014
388,444,56,0.112,0.00166089214591193
396,448,52,0.104,0.0017503358012472745
346,423,77,0.154,0.002547167874436127
394,447,53,0.106,0.0015868578299123328
412,456,44,0.088,0.0009652755207935115
408,454,46,0.092,0.0011804969620134217
398,449,51,0.102,0.001202556438925967
374,437,63,0.126,0.0013413272768084425
336,418,82,0.164,0.002123908712994307
380,440,60,0.12,0.0018193245893344282
334,417,83,0.166,0.002667895482023596
412,456,44,0.088,0.0028223717383807525
374,437,63,0.126,0.0032211886288132517
398,449,51,0.102,0.002304905850207433
376,438,62,0.124,0.0024657628535642287
418,459,41,0.082,0.0010490309970118687
368,434,66,0.132,0.0013138525555841626
386,443,57,0.114,0.0007672822267122683
362,431,69,0.138,0.001240760370681528
342,421,79,0.158,0.00220342015530332
408,454,46,0.092,0.0019603757879231125
372,436,64,0.128,0.002941687252066913
392,446,54,0.108,0.0033844665049109607
398,449,51,0.102,0.002052974860504037
374,437,63,0.126,0.002260754773305962
378,439,61,0.122,0.0029084714658674784
366,433,67,0.134,0.001895826257619774
384,442,58,0.116,0.001489701650221832
394,447,53,0.106,0.001437012936163228
354,427,73,0.146,0.002080452391310246
396,448,52,0.104,0.002690505251608556
392,446,54,0.108,0.0025345311831333674
408,454,46,0.092,0.0018674700905685314
352,426,74,0.148,0.0036993982835265343
416,458,42,0.084,0.001506763237179257
416,458,42,0.084,0.0010395415015882464
396,448,52,0.104,0.0012036147192920907
428,464,36,0.072,0.0008939885619402048
376,438,62,0.124,0.0008634560640930431
350,425,75,0.15,0.0016279410949500744
384,442,58,0.116,0.0029956792622469947
376,438,62,0.124,0.002528169108307338
402,451,49,0.098,0.0029007797367521563
332,416,84,0.168,0.0036830879051995
396,448,52,0.104,0.0021757782920612955
384,442,58,0.116,0.0023029054406215436
378,439,61,0.122,0.0021800488367443903
416,458,42,0.084,0.0016308849854685832
354,427,73,0.146,0.002933481829270022
340,420,80,0.16,0.0028300788371125236
402,451,49,0.098,0.0023787205858388917
404,452,48,0.096,0.001634501213193289
386,443,57,0.114,0.001785918919282267
394,447,53,0.106,0.0014358073130133562
376,438,62,0.124,0.00149678397126263
420,460,40,0.08,0.0014263669871725142
336,418,82,0.164,0.0025590162674925523
388,444,56,0.112,0.0011672932985675288
406,453,47,0.094,0.0014714284749352373
378,439,61,0.122,0.0017133048294344917
416,458,42,0.084,0.0014091617452795617
394,447,53,0.106,0.001703259026297019
410,455,45,0.09,0.0013872710916039068
366,433,67,0.134,0.0017125665749190375
376,438,62,0.124,0.0012043305714323652
386,443,57,0.114,0.0013231190344813514
394,447,53,0.106,0.001876467931404477
366,433,67,0.134,0.002530007318186108
384,442,58,0.116,0.002547370543703437
350,425,75,0.15,0.003148925680667162
362,431,69,0.138,0.0033765217222971843
406,453,47,0.094,0.0018981021794461411
450,475,25,0.05,0.0016787239641853375
428,464,36,0.072,0.0013161776759807254
364,432,68,0.136,0.0014223875630050315
402,451,49,0.098,0.0009690955470705375
388,444,56,0.112,0.0013749979680942488
404,452,48,0.096,0.0010402245525619946
366,433,67,0.134,0.002541769898831262
408,454,46,0.092,0.0022751926071068736
392,446,54,0.108,0.0025291334257344714
368,434,66,0.132,0.0024495217911317015
342,421,79,0.158,0.0039026486488874072
378,439,61,0.122,0.003139482406026218
394,447,53,0.106,0.0030979196992120704
374,437,63,0.126,0.002560192609031219
406,453,47,0.094,0.0014582353624573443
390,445,55,0.11,0.0011137953651195857
408,454,46,0.092,0.001133402029183344
386,443,57,0.114,0.0012927345283678734
368,434,66,0.132,0.0015293347389597328
396,448,52,0.104,0.0010361108271463308
404,452,48,0.096,0.001673088493713294
344,422,78,0.156,0.0030915993939561303
364,432,68,0.136,0.002965474050492048
420,460,40,0.08,0.0016370624863193371
332,416,84,0.168,0.004114323097688612
372,436,64,0.128,0.0024058858050848356
406,453,47,0.094,0.0018964659087941983
388,444,56,0.112,0.0017470769303618
370,435,65,0.13,0.0025237170330947266
400,450,50,0.1,0.0016614377520600102
398,449,51,0.102,0.0008050352468853817
400,450,50,0.1,0.0009853467578941491
376,438,62,0.124,0.0013974450197129045
382,441,59,0.118,0.0006712488207340357
364,432,68,0.136,0.0018123519011387544
334,417,83,0.166,0.002282958582516585
376,438,62,0.124,0.0017003763263128348
422,461,39,0.078,0.003062726943840971
338,419,81,0.162,0.006174798653635662
374,437,63,0.126,0.005577108427649364
368,434,66,0.132,0.004808300128788687
430,465,35,0.07,0.001816970790794585
382,441,59,0.118,0.0013452529208152555
402,451,49,0.098,0.0014195607404926705
422,461,39,0.078,0.0009602056964004077
360,430,70,0.14,0.0013119725188371375
380,440,60,0.12,0.002488331809610827
382,441,59,0.118,0.001991771837769193
360,430,70,0.14,0.0028110475510766263
382,441,59,0.118,0.003885018249740824
350,425,75,0.15,0.004681181709165685
376,438,62,0.124,0.004009126175544225
368,434,66,0.132,0.005510997502482496
356,428,72,0.144,0.00451940458372701
362,431,69,0.138,0.0024616984346794196
390,445,55,0.11,0.002314146784017794
426,463,37,0.074,0.0020512787153711544
348,424,76,0.152,0.0018584991475727292
368,434,66,0.132,0.0022427894480642864
382,441,59,0.118,0.002303104902559426
364,432,68,0.136,0.0025372821255004964
352,426,74,0.148,0.004142368641973007
352,426,74,0.148,0.004580861460766755
394,447,53,0.106,0.0033226560848997905
404,452,48,0.096,0.004955316173145548
392,446,54,0.108,0.0034098736371379348
400,450,50,0.1,0.0015397737945604603
426,463,37,0.074,0.0015816282102605328
358,429,71,0.142,0.002279450561996782
344,422,78,0.156,0.0019316954243258806
372,436,64,0.128,0.0035676729516126216
400,450,50,0.1,0.002567288558668224
428,464,36,0.072,0.002288727891864255
414,457,43,0.086,0.002719883546640631
388,444,56,0.112,0.0023202451320248657
396,448,52,0.104,0.002496155002794694
328,414,86,0.172,0.003168004457183997
356,428,72,0.144,0.003823423908208497
386,443,57,0.114,0.003705663246684708
372,436,64,0.128,0.004018393436213955
402,451,49,0.098,0.003448118432890624
336,418,82,0.164,0.004039469500945416
378,439,61,0.122,0.0023205471278633922
362,431,69,0.138,0.0030845416705415117
406,453,47,0.094,0.0017818790059245656
396,448,52,0.104,0.0019143428175884764
352,426,74,0.148,0.0025567343811271712
412,456,44,0.088,0.002028389069600962
386,443,57,0.114,0.0027310149237746374
394,447,53,0.106,0.0023739548773155546
384,442,58,0.116,0.002213140060543083
410,455,45,0.09,0.0023880078262882307
394,447,53,0.106,0.002089130762935383
362,431,69,0.138,0.0013367051285022172
434,467,33,0.066,0.0009806939379195683
446,473,27,0.054,0.0009131567892909515
384,442,58,0.116,0.0012752744257159066
420,460,40,0.08,0.0017588556266855447
342,421,79,0.158,0.002205277257704438
420,460,40,0.08,0.0019598831950570455
374,437,63,0.126,0.0029019410589826294
372,436,64,0.128,0.0026818287998321465
386,443,57,0.114,0.002687141695583705
386,443,57,0.114,0.0029789108104887416
406,453,47,0.094,0.0020456632190616803
374,437,63,0.126,0.002368177157477476
398,449,51,0.102,0.0019404456485062837
376,438,62,0.124,0.001747258017247077
418,459,41,0.082,0.002423927971685771
366,433,67,0.134,0.0031671689221984705
386,443,57,0.114,0.0033730065718409604
394,447,53,0.106,0.0030238449180615135
376,438,62,0.124,0.0029324448448605836
346,423,77,0.154,0.0034168825966480656
402,451,49,0.098,0.0027183920013485476
414,457,43,0.086,0.00200528045304236
378,439,61,0.122,0.001994009764806833
372,436,64,0.128,0.0014589375625364482
424,462,38,0.076,0.0010053314425022108
394,447,53,0.106,0.0013111015531176236
390,445,55,0.11,0.0012303196718858088
376,438,62,0.124,0.0028314199079177344
394,447,53,0.106,0.002520160935440799
352,426,74,0.148,0.004396232227038126
354,427,73,0.146,0.005579054977511987
378,439,61,0.122,0.007000345481326804
396,448,52,0.104,0.006862089647678658
388,444,56,0.112,0.006890512900310569
376,438,62,0.124,0.005013440024573356
340,420,80,0.16,0.0035479154688655397
374,437,63,0.126,0.00335745136172045
380,440,60,0.12,0.003524262895924039
392,446,54,0.108,0.0020884503942506854
374,437,63,0.126,0.0021402199971489607
370,435,65,0.13,0.0033255917381320613
386,443,57,0.114,0.0027850981988594868
382,441,59,0.118,0.0031676309530157595
386,443,57,0.114,0.0033905301050981508
364,432,68,0.136,0.0029305164951947517
350,425,75,0.15,0.0035427260001888498
406,453,47,0.094,0.0020994914684561083
404,452,48,0.096,0.0022477002618834377
374,437,63,0.126,0.0020343775468390957
416,458,42,0.084,0.0014163450856140116
372,436,64,0.128,0.001903775141967344
400,450,50,0.1,0.001847651992633473
402,451,49,0.098,0.0019153760264453013
360,430,70,0.14,0.0038294859742163683
390,445,55,0.11,0.0035852401230949908
364,432,68,0.136,0.0048327013368252665
358,429,71,0.142,0.004645716900355182
444,472,28,0.056,0.002473190008662641
336,418,82,0.164,0.0029811539156362416
432,466,34,0.068,0.0016809078272781335
378,439,61,0.122,0.00219941620004829
398,449,51,0.102,0.0026015608178277033
374,437,63,0.126,0.0029310726028634235
400,450,50,0.1,0.0023491316222352906
364,432,68,0.136,0.003609126092167571
396,448,52,0.104,0.003131101185688749
394,447,53,0.106,0.002767453184409533
352,426,74,0.148,0.0030608570798067378
412,456,44,0.088,0.002554698787396774
310,405,95,0.19,0.004352737407549284
380,440,60,0.12,0.0037632640227675436
394,447,53,0.106,0.0025398451121291144
370,435,65,0.13,0.0034409236083738507
388,444,56,0.112,0.004596021584351547
376,438,62,0.124,0.0041179859304102135
400,450,50,0.1,0.0032466766636352986
346,423,77,0.154,0.0049058996246894825
420,460,40,0.08,0.0019977434188476763
384,442,58,0.116,0.002661993701272877
372,436,64,0.128,0.0023007790404808476
398,449,51,0.102,0.001992587584776629
380,440,60,0.12,0.002463759993086569
386,443,57,0.114,0.00322205550520448
382,441,59,0.118,0.003166387742967345
404,452,48,0.096,0.002653388892591465
392,446,54,0.108,0.0033899057362577877
396,448,52,0.104,0.0027326048568938857
378,439,61,0.122,0.0025415868686395698
380,440,60,0.12,0.0030661002113483845
392,446,54,0.108,0.0014933767094626091
382,441,59,0.118,0.0016447231437196025
366,433,67,0.134,0.0018213957044645212
344,422,78,0.156,0.002057144464983139
364,432,68,0.136,0.00364969022286823
410,455,45,0.09,0.003937030787230469
378,439,61,0.122,0.003434816287714057
388,444,56,0.112,0.0033555488222045825
400,450,50,0.1,0.0022324461427051575
384,442,58,0.116,0.0021166925845318473
374,437,63,0.126,0.00232930596722872
340,420,80,0.16,0.002122077960317256
360,430,70,0.14,0.0029999283285578712
346,423,77,0.154,0.0036866684626438656
356,428,72,0.144,0.003983448076440254
376,438,62,0.124,0.0050136382317868995
394,447,53,0.106,0.003693518931278959
380,440,60,0.12,0.003444988898700103
382,441,59,0.118,0.0035808591252425685
366,433,67,0.134,0.0033340302961878477
408,454,46,0.092,0.0018961170553229748
380,440,60,0.12,0.0022057304430636577
386,443,57,0.114,0.0022296440152567813
358,429,71,0.142,0.0026688697661156765
426,463,37,0.074,0.0015612805638229475
376,438,62,0.124,0.0022785174573946277
320,410,90,0.18,0.0029185070857929533
348,424,76,0.152,0.0032444455900695174
348,424,76,0.152,0.004468372789211571
372,436,64,0.128,0.005509782040026039
368,434,66,0.132,0.004997696027043276
400,450,50,0.1,0.004333556661498733
406,453,47,0.094,0.002978852220112458
314,407,93,0.186,0.0033911125265294684
394,447,53,0.106,0.0028159506166703066
346,423,77,0.154,0.003731556239130441
426,463,37,0.074,0.0017299408465332817
412,456,44,0.088,0.0011716601729567628
366,433,67,0.134,0.0018198746039997785
388,444,56,0.112,0.0015736497926991432
384,442,58,0.116,0.0015741676717007068
390,445,55,0.11,0.0021078941010055133
356,428,72,0.144,0.003143358081462793
388,444,56,0.112,0.002202152950456366
370,435,65,0.13,0.003551713456399739
360,430,70,0.14,0.004068397494091187
364,432,68,0.136,0.0037822911280672995
398,449,51,0.102,0.0022980559592833743
404,452,48,0.096,0.0019299370486987755
394,447,53,0.106,0.002287852850742638
406,453,47,0.094,0.001833280791703146
358,429,71,0.142,0.00257324654283002
392,446,54,0.108,0.002012308233650401
376,438,62,0.124,0.001954415392858209
382,441,59,0.118,0.0015321389503078536
392,446,54,0.108,0.0016340388854732737
362,431,69,0.138,0.0025602549482719042
374,437,63,0.126,0.0027190493474481625
364,432,68,0.136,0.0038996754813706504
348,424,76,0.152,0.0055554061535513025
370,435,65,0.13,0.0043431720212101935
420,460,40,0.08,0.0031275845827767627
386,443,57,0.114,0.0022945087799744216
422,461,39,0.078,0.0018321920425223653
352,426,74,0.148,0.0016700258027703967
364,432,68,0.136,0.0015247023540141526
374,437,63,0.126,0.002414396606880473
392,446,54,0.108,0.0014365293177834245
388,444,56,0.112,0.002783189698588103
380,440,60,0.12,0.0024476394752273338
424,462,38,0.076,0.003116513300104998
350,425,75,0.15,0.0034857976021012292
408,454,46,0.092,0.0026215266322833484
406,453,47,0.094,0.002087526330666151
428,464,36,0.072,0.001307811050064629
436,468,32,0.064,0.0015289974990737392
360,430,70,0.14,0.0017621631997753865
374,437,63,0.126,0.0015310871285037137
358,429,71,0.142,0.002715947979129851
396,448,52,0.104,0.001852597783872625
380,440,60,0.12,0.0029514810533146376
372,436,64,0.128,0.003122358998982236
384,442,58,0.116,0.003386757343891077
398,449,51,0.102,0.003487279625085648
378,439,61,0.122,0.004156111843883991
428,464,36,0.072,0.0025572763765230773
416,458,42,0.084,0.0022106385710067115
390,445,55,0.11,0.0022009562750172334
386,443,57,0.114,0.0015009936383576132
378,439,61,0.122,0.0017068402677032281
388,444,56,0.112,0.002263213442347478
364,432,68,0.136,0.0021146274738712235
386,443,57,0.114,0.0030415616348036566
370,435,65,0.13,0.004097430063411594
396,448,52,0.104,0.005146945121116005
422,461,39,0.078,0.00461902710434515
360,430,70,0.14,0.005683895793859847
344,422,78,0.156,0.005290789851802401
392,446,54,0.108,0.002765177948283963
372,436,64,0.128,0.003723536050703842
372,436,64,0.128,0.0034210062731872314
396,448,52,0.104,0.0029021767041413115
360,430,70,0.14,0.002712512933067046
408,454,46,0.092,0.0024493551282794217
386,443,57,0.114,0.0027314450425910764
396,448,52,0.104,0.002751623749383725
378,439,61,0.122,0.002697047574794851
394,447,53,0.106,0.0025939347514067775
372,436,64,0.128,0.003217316875467077
344,422,78,0.156,0.0040007120448863134
394,447,53,0.106,0.0034995500169461595
372,436,64,0.128,0.0038470203381730243
386,443,57,0.114,0.00411441028804984
400,450,50,0.1,0.0036633136770687995
400,450,50,0.1,0.002403495049162302
392,446,54,0.108,0.0021167930184165015
400,450,50,0.1,0.002386669552477542
346,423,77,0.154,0.002734615261666477
288,394,106,0.212,0.0054052978825056925
378,439,61,0.122,0.006420365329831839
346,423,77,0.154,0.008340275745140388
348,424,76,0.152,0.008399918107083067
386,443,57,0.114,0.008565444561420008
380,440,60,0.12,0.008018307334161364
374,437,63,0.126,0.006596982680959627
396,448,52,0.104,0.005353071494144388
368,434,66,0.132,0.002561790510517312
394,447,53,0.106,0.001936596878360433
352,426,74,0.148,0.002103668935946189
408,454,46,0.092,0.0018480019258277024
372,436,64,0.128,0.004111946030170657
396,448,52,0.104,0.004023402119288221
380,440,60,0.12,0.0044783286969177424
386,443,57,0.114,0.005477796508115716
382,441,59,0.118,0.006555078584002331
382,441,59,0.118,0.005118367296643555
402,451,49,0.098,0.004232866189209744
392,446,54,0.108,0.004607755742617883
408,454,46,0.092,0.003029152834438719
388,444,56,0.112,0.003209889350924641
392,446,54,0.108,0.0032625699770869685
390,445,55,0.11,0.0031746642200741917
370,435,65,0.13,0.0038129965423140673
390,445,55,0.11,0.005724657058017328
388,444,56,0.112,0.005897183220367879
418,459,41,0.082,0.005442604538518935
404,452,48,0.096,0.004542498355585849
390,445,55,0.11,0.004280379905831069
370,435,65,0.13,0.003997121303691529
376,438,62,0.124,0.004375554645201191
378,439,61,0.122,0.005884049892425537
398,449,51,0.102,0.00681750379037112
394,447,53,0.106,0.007850459535606206
358,429,71,0.142,0.0088875389425084
378,439,61,0.122,0.0074361378366593275
352,426,74,0.148,0.006647147441050038
368,434,66,0.132,0.006201983155449852
390,445,55,0.11,0.006928050722461194
388,444,56,0.112,0.005015895509161055
358,429,71,0.142,0.004437650174601003
354,427,73,0.146,0.005577047857223079
386,443,57,0.114,0.0049756151740439234
402,451,49,0.098,0.004698862293851562
396,448,52,0.104,0.005739273916697129
354,427,73,0.146,0.007054895294597373
412,456,44,0.088,0.004952228836948052
388,444,56,0.112,0.0047007569330744445
410,455,45,0.09,0.004984861407894641
406,453,47,0.094,0.00466402706131339
386,443,57,0.114,0.004618366663111374
404,452,48,0.096,0.004365658417344093
434,467,33,0.066,0.006767015872057527
382,441,59,0.118,0.00486288606247399
352,426,74,0.148,0.0045414303094148635
412,456,44,0.088,0.0038952806668821724
390,445,55,0.11,0.004696800251607783
344,422,78,0.156,0.005214418084942735
362,431,69,0.138,0.0039019836004590617
406,453,47,0.094,0.00448836831364315
420,460,40,0.08,0.0058947059705387805
394,447,53,0.106,0.005823620741488412
406,453,47,0.094,0.006941575129050762
356,428,72,0.144,0.007888218569103628
360,430,70,0.14,0.006643463168526069
416,458,42,0.084,0.00498537278897129
382,441,59,0.118,0.006004512482555583
394,447,53,0.106,0.0053353362486232075
362,431,69,0.138,0.005593914912780747
378,439,61,0.122,0.005093639492755756
426,463,37,0.074,0.0046773865649010985
388,444,56,0.112,0.004990696284512524
374,437,63,0.126,0.007513144188560545
350,425,75,0.15,0.007900440718280152
396,448,52,0.104,0.0069729097404051575
402,451,49,0.098,0.007163888632552698
358,429,71,0.142,0.007092416727449745
404,452,48,0.096,0.007261108289007097
336,418,82,0.164,0.008003085043746978
374,437,63,0.126,0.007228105815127492
390,445,55,0.11,0.006189630673965439
390,445,55,0.11,0.005964140522293746
380,440,60,0.12,0.006297233447432518
376,438,62,0.124,0.0073904459255281834
394,447,53,0.106,0.007189303208142519
338,419,81,0.162,0.009776081494754181
348,424,76,0.152,0.010049418634036555
368,434,66,0.132,0.008825842675752938
366,433,67,0.134,0.012947455800604074
386,443,57,0.114,0.011809779931325466
378,439,61,0.122,0.011448058409616352
398,449,51,0.102,0.011574923720210791
404,452,48,0.096,0.007986206600442528
400,450,50,0.1,0.006577248789835721
378,439,61,0.122,0.007667283792980015
354,427,73,0.146,0.00853139278362505
386,443,57,0.114,0.007365541871171445
364,432,68,0.136,0.009533143382985144
400,450,50,0.1,0.007667773217894137
398,449,51,0.102,0.009766684336587787
380,440,60,0.12,0.00960436363471672
398,449,51,0.102,0.009214506104588509
390,445,55,0.11,0.009715531192254274
370,435,65,0.13,0.012637292753439397
384,442,58,0.116,0.008968621066771447
356,428,72,0.144,0.008573324735742063
388,444,56,0.112,0.008437767424387857
406,453,47,0.094,0.008005841147620232
382,441,59,0.118,0.008556408030213788
414,457,43,0.086,0.00629286728403531
408,454,46,0.092,0.006646996141411364
422,461,39,0.078,0.005830313033424318
400,450,50,0.1,0.006078089298214764
378,439,61,0.122,0.006459050627425313
398,449,51,0.102,0.006365944751771167
418,459,41,0.082,0.005846931132720784
436,468,32,0.064,0.0060800867760553955
336,418,82,0.164,0.007330559703055769
406,453,47,0.094,0.0057588838681112975
422,461,39,0.078,0.005805247983429581
414,457,43,0.086,0.005946411176119
394,447,53,0.106,0.005663489544065669
368,434,66,0.132,0.005486242277547717
414,457,43,0.086,0.00557626297371462
398,449,51,0.102,0.005192315219668672
390,445,55,0.11,0.005686269735218957
368,434,66,0.132,0.005839046631474048
404,452,48,0.096,0.005478311427636072
368,434,66,0.132,0.006453915680525824
356,428,72,0.144,0.007116119164507836
398,449,51,0.102,0.006416002615587786
386,443,57,0.114,0.0067698695603758095
356,428,72,0.144,0.010029674934456124
342,421,79,0.158,0.015607695822604
382,441,59,0.118,0.01573069238383323
364,432,68,0.136,0.016044471099739895
374,437,63,0.126,0.017076385765336453
354,427,73,0.146,0.01785859101405367
350,425,75,0.15,0.015617240856867283
366,433,67,0.134,0.016045351041480898
358,429,71,0.142,0.01644309891294688
328,414,86,0.172,0.01613127754861489
368,434,66,0.132,0.014146714364178479
370,435,65,0.13,0.014607411564793438
358,429,71,0.142,0.015106335900723935
364,432,68,0.136,0.014330163339152931
336,418,82,0.164,0.015554192681331187
386,443,57,0.114,0.013112111430615187
364,432,68,0.136,0.015561888903845102
388,444,56,0.112,0.009082994722062723
406,453,47,0.094,0.007632919601630419
426,463,37,0.074,0.00559756615711376
352,426,74,0.148,0.006719030616572127
378,439,61,0.122,0.006568098140414804
350,425,75,0.15,0.008476578658446669
388,444,56,0.112,0.008478173043113203
422,461,39,0.078,0.006316388405393809
346,423,77,0.154,0.009416532478760928
388,444,56,0.112,0.008434312819037587
400,450,50,0.1,0.00809279750357382
360,430,70,0.14,0.008605109286028891
370,435,65,0.13,0.008174734064843505
382,441,59,0.118,0.00731839717598632
380,440,60,0.12,0.007844637871487066
392,446,54,0.108,0.007109711970668286
406,453,47,0.094,0.008393385637551546
374,437,63,0.126,0.010096434869337827
324,412,88,0.176,0.013566001067403704
400,450,50,0.1,0.010604240181855858
398,449,51,0.102,0.010831323239021003
408,454,46,0.092,0.009532277406658978
378,439,61,0.122,0.009141419323626906
370,435,65,0.13,0.012055486163124442
394,447,53,0.106,0.006721323912264779
416,458,42,0.084,0.0057951733372174205
430,465,35,0.07,0.0053340410680975765
366,433,67,0.134,0.006979726835852489
402,451,49,0.098,0.005541953794658184
376,438,62,0.124,0.0071548411117400975
402,451,49,0.098,0.006376070467988029
394,447,53,0.106,0.006734773827716708
394,447,53,0.106,0.0076308779863175
354,427,73,0.146,0.012543906842824071
424,462,38,0.076,0.010345484375022352
372,436,64,0.128,0.012325922544579954
382,441,59,0.118,0.012162879345007241
416,458,42,0.084,0.00834168729558587
356,428,72,0.144,0.00967537385923788
386,443,57,0.114,0.007667115885997191
418,459,41,0.082,0.0075171759920194745
366,433,67,0.134,0.010377847308292986
396,448,52,0.104,0.010391394503414631
390,445,55,0.11,0.011138478399254382
360,430,70,0.14,0.012907863666769118
378,439,61,0.122,0.011180618934798986
368,434,66,0.132,0.010659981525503098
414,457,43,0.086,0.008092910152161494
406,453,47,0.094,0.008633755742572248
378,439,61,0.122,0.006657884187763557
392,446,54,0.108,0.006404582525603473
378,439,61,0.122,0.007323030047584325
408,454,46,0.092,0.006481206845957786
368,434,66,0.132,0.008731253495905549
404,452,48,0.096,0.007693336193216964
376,438,62,0.124,0.00708352371561341
388,444,56,0.112,0.007733047878369689
362,431,69,0.138,0.007719101214315742
330,415,85,0.17,0.009112586981616915
410,455,45,0.09,0.008389008925296365
414,457,43,0.086,0.008945703245699406
352,426,74,0.148,0.013807333066593855
364,432,68,0.136,0.013264216631185263
386,443,57,0.114,0.013033458123914897
360,430,70,0.14,0.012344853453803808
370,435,65,0.13,0.011866523609496653
386,443,57,0.114,0.011246426912024618
400,450,50,0.1,0.00798679929599166
368,434,66,0.132,0.008619279860053211
384,442,58,0.116,0.0071409768543671814
386,443,57,0.114,0.008031656704610214
406,453,47,0.094,0.006473927940707654
370,435,65,0.13,0.007187034812988714
398,449,51,0.102,0.007321192190982402
344,422,78,0.156,0.009093549056909978
426,463,37,0.074,0.0060949503667652605
376,438,62,0.124,0.007998126623919233
410,455,45,0.09,0.006157228471944109
340,420,80,0.16,0.00874007482919842
378,439,61,0.122,0.00763672816962935
384,442,58,0.116,0.00825897492072545
350,425,75,0.15,0.011238757834769785
384,442,58,0.116,0.01116943103214726
400,450,50,0.1,0.011010797218885272
380,440,60,0.12,0.010490191351156681
442,471,29,0.058,0.0071835420490242545
398,449,51,0.102,0.006546324203955009
360,430,70,0.14,0.007770280989119783
346,423,77,0.154,0.00848676440177951
388,444,56,0.112,0.009274764687754214
360,430,70,0.14,0.012388716770801693
386,443,57,0.114,0.010473448160337285
394,447,53,0.106,0.013827705987729132
376,438,62,0.124,0.013193572705611587
372,436,64,0.128,0.012261747946962715
350,425,75,0.15,0.014774737609550358
390,445,55,0.11,0.010981570087838918
392,446,54,0.108,0.009941543320193886
416,458,42,0.084,0.00692020322359167
396,448,52,0.104,0.00791508106328547
372,436,64,0.128,0.005699117408832535
388,444,56,0.112,0.0053495171042159196
406,453,47,0.094,0.006758740899618715
392,446,54,0.108,0.007305483614443801
396,448,52,0.104,0.011687054320704191
382,441,59,0.118,0.013284865496680141
330,415,85,0.17,0.01455972773535177
390,445,55,0.11,0.011352851897478103
360,430,70,0.14,0.011013052088674157
404,452,48,0.096,0.009628063367679716
404,452,48,0.096,0.008245608870638535
378,439,61,0.122,0.008071259129792452
402,451,49,0.098,0.006829890249297023
382,441,59,0.118,0.00826754636853002
374,437,63,0.126,0.009924226548057049
372,436,64,0.128,0.010048338213004172
388,444,56,0.112,0.010099417069926857
380,440,60,0.12,0.010407589955721051
394,447,53,0.106,0.010415888472925872
400,450,50,0.1,0.010499996277969331
392,446,54,0.108,0.00992565222689882
398,449,51,0.102,0.01096672857599333
362,431,69,0.138,0.01041608202829957
412,456,44,0.088,0.009256449081469328
352,426,74,0.148,0.011215733580756932
376,438,62,0.124,0.012518919535912573
392,446,54,0.108,0.012405650691129267
378,439,61,0.122,0.014063241882249713
382,441,59,0.118,0.014732336753048003
390,445,55,0.11,0.012998648619279265
412,456,44,0.088,0.012261551341041923
404,452,48,0.096,0.012290034026838838
350,425,75,0.15,0.012352053564507514
424,462,38,0.076,0.010940308942459523
392,446,54,0.108,0.011692745380569249
352,426,74,0.148,0.012759594737552107
416,458,42,0.084,0.01381434227526188
392,446,54,0.108,0.014531478388234972
394,447,53,0.106,0.015620841055177153
366,433,67,0.134,0.014742259356193244
390,445,55,0.11,0.012506634429097175
412,456,44,0.088,0.012716222241520882
416,458,42,0.084,0.013458061524666845
390,445,55,0.11,0.014543285131454468
386,443,57,0.114,0.016936006423085927
386,443,57,0.114,0.018934494433924556
396,448,52,0.104,0.020812535451725126
342,421,79,0.158,0.029546880207955838
378,439,61,0.122,0.031548992468044164
386,443,57,0.114,0.033501078082248566
402,451,49,0.098,0.03267851693369448
382,441,59,0.118,0.031236038379371167
388,444,56,0.112,0.02734705621562898
350,425,75,0.15,0.02845245715044439
410,455,45,0.09,0.026776365898549558
414,457,43,0.086,0.025481318393722176
398,449,51,0.102,0.027537540944293143
440,470,30,0.06,0.026448872823268174
392,446,54,0.108,0.029221936728805305
360,430,70,0.14,0.03519429451040924
386,443,57,0.114,0.04469248808734119
374,437,63,0.126,0.04674865217879415
410,455,45,0.09,0.048379130236804485
358,429,71,0.142,0.061759155862033364
374,437,63,0.126,0.0694328472390771
370,435,65,0.13,0.08078658839315175
424,462,38,0.076,0.07781926875561476
362,431,69,0.138,0.08953016243875027
430,465,35,0.07,0.081683574013412
388,444,56,0.112,0.08483209653198719
394,447,53,0.106,0.08587429501861334
396,448,52,0.104,0.07620168676227332
356,428,72,0.144,0.08103404338657856
348,424,76,0.152,0.09337024690955878
404,452,48,0.096,0.09085893765836954
402,451,49,0.098,0.09391977375745773
408,454,46,0.092,0.08888086700439453
392,446,54,0.108,0.07850640412792563
386,443,57,0.114,0.07945648975670337
386,443,57,0.114,0.05789096806570888
396,448,52,0.104,0.05126589496061206
390,445,55,0.11,0.048133165281265974
362,431,69,0.138,0.052085927065461876
382,441,59,0.118,0.06023153252527118
364,432,68,0.136,0.06353918034583331
374,437,63,0.126,0.07409716820716858
400,450,50,0.1,0.06950844588130713
384,442,58,0.116,0.06462536845356226
412,456,44,0.088,0.060085881918668746
410,455,45,0.09,0.04584800628572702
400,450,50,0.1,0.04560996741615236
410,455,45,0.09,0.04164612541347742
384,442,58,0.116,0.04026667993143201
432,466,34,0.068,0.04142340252175927
398,449,51,0.102,0.047277257539331916
408,454,46,0.092,0.047388907596468924
418,459,41,0.082,0.0479970923922956
380,440,60,0.12,0.053968588717281815
378,439,61,0.122,0.05304226269945502
356,428,72,0.144,0.054994745023548605
402,451,49,0.098,0.05058881740644574
364,432,68,0.136,0.048497178975492716
362,431,69,0.138,0.05650249451026321
372,436,64,0.128,0.06223890595138073
390,445,55,0.11,0.06313354725763201
372,436,64,0.128,0.07037338767200708
396,448,52,0.104,0.06598344587534666
368,434,66,0.132,0.06986791505292057
420,460,40,0.08,0.061519688330590724
398,449,51,0.102,0.06050837397575379
354,427,73,0.146,0.06423981436342001
370,435,65,0.13,0.06704538933932781
402,451,49,0.098,0.06309073933959007
380,440,60,0.12,0.06708443331345916
404,452,48,0.096,0.06467943941801786
368,434,66,0.132,0.06389871765673161
378,439,61,0.122,0.06630981317907572
380,440,60,0.12,0.06556565740704537
372,436,64,0.128,0.07502312228828668
364,432,68,0.136,0.07746449892222881
358,429,71,0.142,0.078627840295434
376,438,62,0.124,0.07606482168287039
412,456,44,0.088,0.07094826105237007
352,426,74,0.148,0.07499225303530693
382,441,59,0.118,0.06783801958337426
374,437,63,0.126,0.06819783877581358
382,441,59,0.118,0.07036822471767663
402,451,49,0.098,0.07621813429147005
378,439,61,0.122,0.08066792907565833
366,433,67,0.134,0.08298420529812574
412,456,44,0.088,0.06851440073922277
386,443,57,0.114,0.06665146297961473
412,456,44,0.088,0.06092588022351265
348,424,76,0.152,0.0590752784833312
400,450,50,0.1,0.04360268435254693
406,453,47,0.094,0.043214108539745215
396,448,52,0.104,0.037858874816447494
396,448,52,0.104,0.03547473468072712
416,458,42,0.084,0.030983973126858473
370,435,65,0.13,0.033490953404456375
386,443,57,0.114,0.03464865560829639
406,453,47,0.094,0.0322115386556834
372,436,64,0.128,0.032697282046079634
344,422,78,0.156,0.036680008325725794
404,452,48,0.096,0.03240639478899539
376,438,62,0.124,0.03695747289806604
378,439,61,0.122,0.037877071801573035
362,431,69,0.138,0.037395889945328234
358,429,71,0.142,0.039379419375211
408,454,46,0.092,0.03756613802164793
404,452,48,0.096,0.03403939892165363
412,456,44,0.088,0.03262501889467239
388,444,56,0.112,0.03191881470754743
388,444,56,0.112,0.03320493908971548
352,426,74,0.148,0.03320999941602349
438,469,31,0.062,0.03162662763521075
398,449,51,0.102,0.03398493586480617
362,431,69,0.138,0.03699626132659614
380,440,60,0.12,0.043374035224318506
346,423,77,0.154,0.05792268900573254
366,433,67,0.134,0.059570545215159657
372,436,64,0.128,0.060967427860945465
360,430,70,0.14,0.07031252484023572
380,440,60,0.12,0.07340958599746228
404,452,48,0.096,0.06302206528186798
394,447,53,0.106,0.06224404158443213
384,442,58,0.116,0.052637668162584306
396,448,52,0.104,0.053280257277190685
384,442,58,0.116,0.054922918055206535
410,455,45,0.09,0.052540598433464765
408,454,46,0.092,0.06328931982070207
368,434,66,0.132,0.07329609310626983
404,452,48,0.096,0.07265685517340899
378,439,61,0.122,0.07608916482329368
388,444,56,0.112,0.07556626871973277
368,434,66,0.132,0.07601576675474643
376,438,62,0.124,0.0786293597072363
382,441,59,0.118,0.08066424869000911
384,442,58,0.116,0.07844720638543368
400,450,50,0.1,0.07644849570840598
384,442,58,0.116,0.07826130095869303
376,438,62,0.124,0.07775134839862585
374,437,63,0.126,0.09154394497722387
374,437,63,0.126,0.09648679468035698
348,424,76,0.152,0.11653417952358723
374,437,63,0.126,0.11714026641845703
382,441,59,0.118,0.12091876097023486
388,444,56,0.112,0.1191584812477231
400,450,50,0.1,0.1033677607551217
428,464,36,0.072,0.08059194082021713
364,432,68,0.136,0.05468771777302027
394,447,53,0.106,0.05096220999956131
378,439,61,0.122,0.05261845365166664
360,430,70,0.14,0.052544967237859966
410,455,45,0.09,0.04996377009525895
438,469,31,0.062,0.05050293700024486
320,410,90,0.18,0.059843290247023104
360,430,70,0.14,0.05553500881046057
426,463,37,0.074,0.0365441472157836
386,443,57,0.114,0.039327679865062234
414,457,43,0.086,0.034002792786806825
356,428,72,0.144,0.03206333288177848
382,441,59,0.118,0.032475551329553126
372,436,64,0.128,0.034352009711787104
376,438,62,0.124,0.033724116509780286
432,466,34,0.068,0.03109632132574916
380,440,60,0.12,0.03231478718668222
378,439,61,0.122,0.03252430674992502
408,454,46,0.092,0.028785870788618922
392,446,54,0.108,0.02424668986722827
384,442,58,0.116,0.02535181223042309
426,463,37,0.074,0.024203248016536234
362,431,69,0.138,0.02734257729537785
374,437,63,0.126,0.028846149936318396
340,420,80,0.16,0.03932779161259532
410,455,45,0.09,0.03494551732391119
362,431,69,0.138,0.04339917567744851
342,421,79,0.158,0.04200379209965467
370,435,65,0.13,0.0367228902708739
396,448,52,0.104,0.03228060874901712
420,460,40,0.08,0.030335341703146695
368,434,66,0.132,0.029299286533147097
378,439,61,0.122,0.023745943766087293
398,449,51,0.102,0.020044601095840334
396,448,52,0.104,0.021237847373820843
402,451,49,0.098,0.019587543761357663
390,445,55,0.11,0.02323113408125937
348,424,76,0.152,0.02645601791329682
408,454,46,0.092,0.02477213560603559
378,439,61,0.122,0.028705208322033285
402,451,49,0.098,0.025968403417617084
344,422,78,0.156,0.03244379353150725
400,450,50,0.1,0.02963955644890666
368,434,66,0.132,0.03473777489736676
370,435,65,0.13,0.03258369114249945
382,441,59,0.118,0.03137113438546658
380,440,60,0.12,0.03149832659587264
348,424,76,0.152,0.03160112739354372
388,444,56,0.112,0.03215493656136095
398,449,51,0.102,0.030717814054340126
404,452,48,0.096,0.03354856015555561
374,437,63,0.126,0.03910916338860988
362,431,69,0.138,0.04080353170260787
352,426,74,0.148,0.04248489696905017
372,436,64,0.128,0.04142496839165687
346,423,77,0.154,0.0389110791310668
404,452,48,0.096,0.03372051477059722
382,441,59,0.118,0.034923292415216564
354,427,73,0.146,0.03402314536832273
384,442,58,0.116,0.034622680962085726
348,424,76,0.152,0.03594383775256574
350,425,75,0.15,0.037778811305761335
372,436,64,0.128,0.036688368234783414
392,446,54,0.108,0.03622654200717807
380,440,60,0.12,0.03642738610506058
402,451,49,0.098,0.03149729032441974
354,427,73,0.146,0.03453424620814621
382,441,59,0.118,0.032610389091074464
392,446,54,0.108,0.02798557641915977
416,458,42,0.084,0.027373243721202017
374,437,63,0.126,0.02958502274751663
374,437,63,0.126,0.03211565285921097
404,452,48,0.096,0.030261980732902885
378,439,61,0.122,0.02776529624313116
406,453,47,0.094,0.029396569538861512
396,448,52,0.104,0.030523242333903907
402,451,49,0.098,0.028408921612426637
368,434,66,0.132,0.033353261787444355
360,430,70,0.14,0.03769581575319171
360,430,70,0.14,0.04454585173353553
374,437,63,0.126,0.04526748866587877
350,425,75,0.15,0.0472750387378037
396,448,52,0.104,0.044957651887089015
372,436,64,0.128,0.041896565500646826
386,443,57,0.114,0.044118069019168614
374,437,63,0.126,0.03930232904851436
370,435,65,0.13,0.04059748901054263
336,418,82,0.164,0.0431498005874455
408,454,46,0.092,0.03643111690878868
410,455,45,0.09,0.03656686056405306
336,418,82,0.164,0.04499361851811409
370,435,65,0.13,0.04100060798972845
378,439,61,0.122,0.04150334693863988
396,448,52,0.104,0.03864039447158575
296,398,102,0.204,0.04784642592072487
342,421,79,0.158,0.04896684788540006
372,436,64,0.128,0.044016056083142754
394,447,53,0.106,0.043630460679531094
390,445,55,0.11,0.047059120621532204
398,449,51,0.102,0.04518688866868615
404,452,48,0.096,0.04046298386901617
386,443,57,0.114,0.037832475241273644
352,426,74,0.148,0.026752855237573384
398,449,51,0.102,0.02607806025259197
360,430,70,0.14,0.03077356008812785
372,436,64,0.128,0.037299083264544605
358,429,71,0.142,0.050390796337276694
414,457,43,0.086,0.043804229494184256
330,415,85,0.17,0.05646917152032256
382,441,59,0.118,0.049215791162103416
328,414,86,0.172,0.0501635242626071
398,449,51,0.102,0.03952043738774955
402,451,49,0.098,0.03813731721416116
352,426,74,0.148,0.03938306459970772
404,452,48,0.096,0.028469325622543694
370,435,65,0.13,0.032563311155885455
406,453,47,0.094,0.02985754163376987
382,441,59,0.118,0.03003354005329311
386,443,57,0.114,0.030290046006441116
382,441,59,0.118,0.031057951560243963
406,453,47,0.094,0.02670301157049835
362,431,69,0.138,0.03211016481276602
366,433,67,0.134,0.04228019335493445
388,444,56,0.112,0.04170005046203733
348,424,76,0.152,0.05083727251365781
350,425,75,0.15,0.049237325932830575
416,458,42,0.084,0.03486181402020156
400,450,50,0.1,0.03350983399152756
386,443,57,0.114,0.03246973622590303
372,436,64,0.128,0.030855817354284228
416,458,42,0.084,0.028301112683489917
370,435,65,0.13,0.03027561896853149
360,430,70,0.14,0.03204943194426596
396,448,52,0.104,0.03040139970369637
386,443,57,0.114,0.029995467435568572
378,439,61,0.122,0.02859523144364357
366,433,67,0.134,0.029287782926112414
414,457,43,0.086,0.02686818909458816
384,442,58,0.116,0.02682068903185427
368,434,66,0.132,0.027237197742797436
382,441,59,0.118,0.027090100683271886
382,441,59,0.118,0.023668152069672942
390,445,55,0.11,0.02467471067607403
344,422,78,0.156,0.0271446136739105
386,443,57,0.114,0.02714928369782865
388,444,56,0.112,0.03021861989237368
388,444,56,0.112,0.02967721243388951
372,436,64,0.128,0.029462998734787107
412,456,44,0.088,0.02452803734317422
354,427,73,0.146,0.025767919627949595
370,435,65,0.13,0.023358363799750804
356,428,72,0.144,0.02461276411265135
354,427,73,0.146,0.02792456876300275
344,422,78,0.156,0.03884377587772906
372,436,64,0.128,0.037907994421198965
376,438,62,0.124,0.04142455843091011
406,453,47,0.094,0.0405267185382545
382,441,59,0.118,0.036378269758075475
384,442,58,0.116,0.030312281738966704
382,441,59,0.118,0.024220557591877877
384,442,58,0.116,0.018390339458361268
386,443,57,0.114,0.018926199787296354
396,448,52,0.104,0.01840148061979562
452,476,24,0.048,0.018430163201875984
400,450,50,0.1,0.022436813166365026
416,458,42,0.084,0.020414002073928714
414,457,43,0.086,0.017443936983123423
420,460,40,0.08,0.017073240251280368
412,456,44,0.088,0.015626944430172443
372,436,64,0.128,0.01601207987964153
344,422,78,0.156,0.02080928344838321
418,459,41,0.082,0.021409766808152198
356,428,72,0.144,0.028342609768733384
368,434,66,0.132,0.03441933060437441
398,449,51,0.102,0.0346341643370688
400,450,50,0.1,0.030490289272740483
374,437,63,0.126,0.03110941553674638
356,428,72,0.144,0.026824221095070242
386,443,57,0.114,0.023338890448212624
344,422,78,0.156,0.024815469967201353
400,450,50,0.1,0.021425488064065575
370,435,65,0.13,0.02194917850010097
344,422,78,0.156,0.024045620989054443
384,442,58,0.116,0.026002371843904255
374,437,63,0.126,0.02955512166582048
384,442,58,0.116,0.029088618593290448
392,446,54,0.108,0.027494904095306992
352,426,74,0.148,0.03340400111116469
354,427,73,0.146,0.028825945910066365
364,432,68,0.136,0.030118195213377476
422,461,39,0.078,0.022618600636720658
394,447,53,0.106,0.023222541201859712
430,465,35,0.07,0.016873925797641277
414,457,43,0.086,0.016126114134211094
376,438,62,0.124,0.016171739653684198
412,456,44,0.088,0.01516526892501861
378,439,61,0.122,0.02082154008746147
418,459,41,0.082,0.019107190943323075
420,460,40,0.08,0.022937810270115735
398,449,51,0.102,0.023941740764304994
420,460,40,0.08,0.023134800635278226
376,438,62,0.124,0.026262905057519673
386,443,57,0.114,0.02546367949433625
386,443,57,0.114,0.024659530529752373
372,436,64,0.128,0.024345159363001585
380,440,60,0.12,0.026878272231668235
336,418,82,0.164,0.0331119396481663
358,429,71,0.142,0.03164463849365711
388,444,56,0.112,0.03275818300060928
410,455,45,0.09,0.03373183908686042
364,432,68,0.136,0.03499617519602179
364,432,68,0.136,0.032098667569458485
366,433,67,0.134,0.027816799198277294
394,447,53,0.106,0.025855515524744986
366,433,67,0.134,0.02419101087283343
350,425,75,0.15,0.024646695306524635
410,455,45,0.09,0.022367243919521572
382,441,59,0.118,0.023036261569708585
428,464,36,0.072,0.020534907727502286
366,433,67,0.134,0.023357920026406645
384,442,58,0.116,0.022731163708493114
358,429,71,0.142,0.025634028416126966
382,441,59,0.118,0.026363412261009217
382,441,59,0.118,0.027262744879350067
378,439,61,0.122,0.03260805514454842
354,427,73,0.146,0.036378760397434234
362,431,69,0.138,0.036252045448869466
406,453,47,0.094,0.03403472229838371
412,456,44,0.088,0.0286733493860811
382,441,59,0.118,0.021242270397022367
384,442,58,0.116,0.023075506093911825
408,454,46,0.092,0.02577974021062255
414,457,43,0.086,0.019124211933463812
358,429,71,0.142,0.025328073596581818
408,454,46,0.092,0.023393089301884173
396,448,52,0.104,0.02434913077764213
388,444,56,0.112,0.028007771508768202
370,435,65,0.13,0.028352526703849436
354,427,73,0.146,0.029302715379744767
382,441,59,0.118,0.027676008736714722
400,450,50,0.1,0.022972679661586882
372,436,64,0.128,0.026129872273653744
366,433,67,0.134,0.02178817602992058
380,440,60,0.12,0.019717462566681207
378,439,61,0.122,0.020527708711102606
376,438,62,0.124,0.02334652163274586
370,435,65,0.13,0.02165533118881285
396,448,52,0.104,0.021578644739463925
374,437,63,0.126,0.023219268964603544
378,439,61,0.122,0.024172534437850116
330,415,85,0.17,0.023684542156755924
378,439,61,0.122,0.02099976325593889
390,445,55,0.11,0.02116254933644086
400,450,50,0.1,0.018316538708284497
356,428,72,0.144,0.018422208238393068
368,434,66,0.132,0.019016654208302498
340,420,80,0.16,0.017436256235465408
410,455,45,0.09,0.016500373620539903
378,439,61,0.122,0.014971154214814306
400,450,50,0.1,0.014008154699578881
384,442,58,0.116,0.013247396651655436
424,462,38,0.076,0.011663702173158527
396,448,52,0.104,0.013387814267538488
366,433,67,0.134,0.013157081260345876
368,434,66,0.132,0.014980659860186278
398,449,51,0.102,0.013162181326188148
424,462,38,0.076,0.012641501657664776
386,443,57,0.114,0.015299216593615711
352,426,74,0.148,0.018416713014245033
368,434,66,0.132,0.018108207220211624
408,454,46,0.092,0.015527620213106275
396,448,52,0.104,0.015796802799217403
358,429,71,0.142,0.01896901942975819
390,445,55,0.11,0.017540210865437986
372,436,64,0.128,0.020407748498022557
374,437,63,0.126,0.020257281489670275
444,472,28,0.056,0.017816328243352473
404,452,48,0.096,0.016500928095541895
404,452,48,0.096,0.014104652389418333
392,446,54,0.108,0.012644864547997714
382,441,59,0.118,0.012966858049854636
374,437,63,0.126,0.014704575094394386
426,463,37,0.074,0.01460296015162021
406,453,47,0.094,0.016699012739583848
380,440,60,0.12,0.018452946928329765
352,426,74,0.148,0.02071220974251628
390,445,55,0.11,0.01795091233495623
384,442,58,0.116,0.017613393956795335
422,461,39,0.078,0.014758315358310937
390,445,55,0.11,0.016039853080175817
372,436,64,0.128,0.014662028661929071
350,425,75,0.15,0.018408263648860158
406,453,47,0.094,0.01735860210750252
390,445,55,0.11,0.019335285059176387
342,421,79,0.158,0.022120243553072214
326,413,87,0.174,0.03064174434915185
408,454,46,0.092,0.026983466062694788
372,436,64,0.128,0.03065198210440576
376,438,62,0.124,0.030638683453202246
400,450,50,0.1,0.023339942717924715
392,446,54,0.108,0.018987328841350973
390,445,55,0.11,0.016485644094645976
426,463,37,0.074,0.014746343592647463
416,458,42,0.084,0.01267539422819391
362,431,69,0.138,0.015821065970696508
394,447,53,0.106,0.01625787728652358
344,422,78,0.156,0.017619122276082633
402,451,49,0.098,0.024574329478666185
374,437,63,0.126,0.027481438562273978
386,443,57,0.114,0.026387659756466748
382,441,59,0.118,0.025228775132447482
366,433,67,0.134,0.023597466885112228
396,448,52,0.104,0.018535644496791064
390,445,55,0.11,0.017721539843827485
382,441,59,0.118,0.019268714596517383
386,443,57,0.114,0.019453154197894038
328,414,86,0.172,0.023322831554338334
366,433,67,0.134,0.02431499803904444
344,422,78,0.156,0.02623043424729258
388,444,56,0.112,0.03576751317083836
362,431,69,0.138,0.03723400491662324
398,449,51,0.102,0.03468274552002549
328,414,86,0.172,0.04564230489730835
412,456,44,0.088,0.02805526071973145
404,452,48,0.096,0.023867601172067224
362,431,69,0.138,0.02247654418554157
378,439,61,0.122,0.020999481622129678
404,452,48,0.096,0.017899294852279125
386,443,57,0.114,0.021067113215103746
342,421,79,0.158,0.02412815229408443
388,444,56,0.112,0.02036406479217112
412,456,44,0.088,0.021696993209421634
426,463,37,0.074,0.016924807823263107
370,435,65,0.13,0.02052204004768282
426,463,37,0.074,0.016066686047241093
366,433,67,0.134,0.013138768322300166
376,438,62,0.124,0.01315617637289688
402,451,49,0.098,0.012593472568318248
386,443,57,0.114,0.013306257060728967
412,456,44,0.088,0.020733703104779126
366,433,67,0.134,0.026658607633784415
410,455,45,0.09,0.02310932458844036
372,436,64,0.128,0.027483189975842835
362,431,69,0.138,0.019745480589568615
410,455,45,0.09,0.015556730366311968
420,460,40,0.08,0.013220206608064472
366,433,67,0.134,0.01438646809849888
384,442,58,0.116,0.015531634979881347
392,446,54,0.108,0.015256092241033912
420,460,40,0.08,0.014952948642894625
400,450,50,0.1,0.015866232883185147
368,434,66,0.132,0.021023727018386125
366,433,67,0.134,0.01933395144622773
368,434,66,0.132,0.0217813551556319
376,438,62,0.124,0.022639900343492628
322,411,89,0.178,0.026940940706059336
364,432,68,0.136,0.02538533349148929
348,424,76,0.152,0.023517357437871398
386,443,57,0.114,0.021337399003095926
374,437,63,0.126,0.02140391184948385
348,424,76,0.152,0.023719026574864983
360,430,70,0.14,0.022761973200365902
332,416,84,0.168,0.02282794293947518
362,431,69,0.138,0.026569089882075788
356,428,72,0.144,0.030129071593284606
362,431,69,0.138,0.03287585703097284
344,422,78,0.156,0.03333040791936219
364,432,68,0.136,0.030577138029038907
402,451,49,0.098,0.028756181405857204
374,437,63,0.126,0.02463831671141088
320,410,90,0.18,0.027063743460923433
406,453,47,0.094,0.0183857491761446
380,440,60,0.12,0.01859108715131879
392,446,54,0.108,0.01680609192699194
356,428,72,0.144,0.017382597494870426
440,470,30,0.06,0.012115499507635831
384,442,58,0.116,0.012935377702116967
386,443,57,0.114,0.012894537947140634
384,442,58,0.116,0.012836652862839401
364,432,68,0.136,0.014611164674162864
400,450,50,0.1,0.018009923630394043
364,432,68,0.136,0.023912807125598193
366,433,67,0.134,0.023145569523796438
384,442,58,0.116,0.029184294937178494
386,443,57,0.114,0.028248811462894083
368,434,66,0.132,0.024155848778784274
378,439,61,0.122,0.023359275732189416
382,441,59,0.118,0.01958946894016117
382,441,59,0.118,0.01712912105768919
374,437,63,0.126,0.01853417645627633
366,433,67,0.134,0.021053025428205727
388,444,56,0.112,0.020719629753381014
394,447,53,0.106,0.021930082762613892
380,440,60,0.12,0.023501753894612194
372,436,64,0.128,0.02320482666604221
374,437,63,0.126,0.021786791675724088
412,456,44,0.088,0.02089966481924057
364,432,68,0.136,0.020652464114129545
364,432,68,0.136,0.01992179511114955
366,433,67,0.134,0.019741135988384485
352,426,74,0.148,0.020073102235794067
370,435,65,0.13,0.020864283528178932
394,447,53,0.106,0.022127333618700503
370,435,65,0.13,0.024478131163865328
322,411,89,0.178,0.025701560102403164
414,457,43,0.086,0.027439166728407145
412,456,44,0.088,0.02491016730852425
392,446,54,0.108,0.025848661430180074
352,426,74,0.148,0.025203578958287835
398,449,51,0.102,0.020838428499177098
352,426,74,0.148,0.023586923845112323
418,459,41,0.082,0.01983624287880957
352,426,74,0.148,0.02638221642188728
374,437,63,0.126,0.02587484637647867
386,443,57,0.114,0.026852458944544196
408,454,46,0.092,0.025916153812780975
388,444,56,0.112,0.02581928964331746
398,449,51,0.102,0.02475062339566648
358,429,71,0.142,0.02533339523524046
410,455,45,0.09,0.02422058032080531
378,439,61,0.122,0.024501227693632246
378,439,61,0.122,0.02480241342820227
376,438,62,0.124,0.027921286107972263
358,429,71,0.142,0.029320638177916407
412,456,44,0.088,0.025209944274276495
364,432,68,0.136,0.029995772941038012
398,449,51,0.102,0.02449130809120834
376,438,62,0.124,0.025773066252470018
420,460,40,0.08,0.023410998607054354
352,426,74,0.148,0.02394928613677621
342,421,79,0.158,0.026419980792328716
372,436,64,0.128,0.025942135302349924
396,448,52,0.104,0.025942803625017406
414,457,43,0.086,0.030684145703911783
400,450,50,0.1,0.029003652609884738
368,434,66,0.132,0.029809327732771635
410,455,45,0.09,0.028161952758207917
418,459,41,0.082,0.018042871992103755
336,418,82,0.164,0.01974507891573012
354,427,73,0.146,0.01783065824303776
400,450,50,0.1,0.017122282477095723
356,428,72,0.144,0.026224151122383774
380,440,60,0.12,0.028044436659663916
422,461,39,0.078,0.024890662437304853
378,439,61,0.122,0.02906122467853129
408,454,46,0.092,0.02274422697070986
352,426,74,0.148,0.022774425447918474
410,455,45,0.09,0.01818489454407245
374,437,63,0.126,0.01916053428221494
376,438,62,0.124,0.018363808952271937
380,440,60,0.12,0.01988492077216506
394,447,53,0.106,0.02036765264067799
424,462,38,0.076,0.020481437800452112
384,442,58,0.116,0.023906559025868773
376,438,62,0.124,0.02437169695086777
406,453,47,0.094,0.023741188865154982
384,442,58,0.116,0.02413469571620226
358,429,71,0.142,0.027726238775998353
314,407,93,0.186,0.02897003370709717
446,473,27,0.054,0.022789270833134652
382,441,59,0.118,0.02445215633325279
358,429,71,0.142,0.025811194272711873
414,457,43,0.086,0.0238650393858552
372,436,64,0.128,0.026075312826782465
376,438,62,0.124,0.027051267523318528
426,463,37,0.074,0.027131340021267533
388,444,56,0.112,0.031096902273595333
398,449,51,0.102,0.027884230852127077
354,427,73,0.146,0.02831493563950062
362,431,69,0.138,0.02632799254357815
426,463,37,0.074,0.02410031408444047
386,443,57,0.114,0.025895525142550467
394,447,53,0.106,0.025873113937675954
416,458,42,0.084,0.030807855267077685
352,426,74,0.148,0.03282714493945241
372,436,64,0.128,0.03304062849283219
384,442,58,0.116,0.034374661449342966
382,441,59,0.118,0.027702308299019932
410,455,45,0.09,0.02828046704828739
396,448,52,0.104,0.02653874395415187
396,448,52,0.104,0.024015844406560065
378,439,61,0.122,0.026165924748405813
404,452,48,0.096,0.026518517676740884
352,426,74,0.148,0.03064708049222827
372,436,64,0.128,0.0343690539393574
372,436,64,0.128,0.043628967706114054
390,445,55,0.11,0.04116841486468911
380,440,60,0.12,0.037846241880208256
386,443,57,0.114,0.03899806405603885
420,460,40,0.08,0.02757832474447787
390,445,55,0.11,0.028986487716436388
418,459,41,0.082,0.02705747636500746
356,428,72,0.144,0.024325268876738845
380,440,60,0.12,0.024459862739779056
376,438,62,0.124,0.027681736651808023
378,439,61,0.122,0.028783297379501162
374,437,63,0.126,0.048035265307873484
380,440,60,0.12,0.045953036095947024
428,464,36,0.072,0.04089030674099922
394,447,53,0.106,0.0418511295132339
346,423,77,0.154,0.0317170343734324
408,454,46,0.092,0.027561496440321208
388,444,56,0.112,0.02553125091828406
352,426,74,0.148,0.025729623075574637
396,448,52,0.104,0.026658786553889514
376,438,62,0.124,0.02702799811400473
354,427,73,0.146,0.0314997920524329
400,450,50,0.1,0.031737799316644666
394,447,53,0.106,0.03176478634029627
374,437,63,0.126,0.03201050139218569
344,422,78,0.156,0.03419798662140965
378,439,61,0.122,0.03271802295744419
412,456,44,0.088,0.02595509609207511
378,439,61,0.122,0.02876881160773337
366,433,67,0.134,0.024822199559770525
408,454,46,0.092,0.021757895912975073
410,455,45,0.09,0.01902979840617627
358,429,71,0.142,0.019856337181292476
398,449,51,0.102,0.020625253633596
386,443,57,0.114,0.021769090821035206
346,423,77,0.154,0.03134664009138942
378,439,61,0.122,0.029856119548901914
312,406,94,0.188,0.03867150463722646
342,421,79,0.158,0.04024878564476967
412,456,44,0.088,0.0401772714741528
376,438,62,0.124,0.04153436967357993
320,410,90,0.18,0.044855829164385796
374,437,63,0.126,0.034426102306693795
370,435,65,0.13,0.03204219539836049
394,447,53,0.106,0.028761356830596923
348,424,76,0.152,0.02987534325569868
340,420,80,0.16,0.027641094792634248
394,447,53,0.106,0.02424660813808441
388,444,56,0.112,0.02511625902540982
380,440,60,0.12,0.025382325815036893
384,442,58,0.116,0.02498012338578701
402,451,49,0.098,0.021062429731711744
414,457,43,0.086,0.021651067714206874
392,446,54,0.108,0.02020859397947788
348,424,76,0.152,0.017950891089625658
376,438,62,0.124,0.01722388277668506
362,431,69,0.138,0.019777093823999167
358,429,71,0.142,0.022293117651715873
354,427,73,0.146,0.027604171708226204
394,447,53,0.106,0.028068720562383534
390,445,55,0.11,0.028164457473903896
368,434,66,0.132,0.029719034783542157
400,450,50,0.1,0.02243084742221981
372,436,64,0.128,0.020051923774182797
434,467,33,0.066,0.014587261164560914
418,459,41,0.082,0.01276982792885974
404,452,48,0.096,0.011463268800172954
360,430,70,0.14,0.013135543411131947
378,439,61,0.122,0.015321069154888392
408,454,46,0.092,0.018304491356946527
378,439,61,0.122,0.02871050446666777
374,437,63,0.126,0.032602911315858366
378,439,61,0.122,0.031504595719277856
412,456,44,0.088,0.028734944619238378
408,454,46,0.092,0.02471318559907377
364,432,68,0.136,0.02498671559430659
400,450,50,0.1,0.021956873405724765
368,434,66,0.132,0.020292076986283065
396,448,52,0.104,0.018549145421013238
362,431,69,0.138,0.020171185890212655
380,440,60,0.12,0.020506133012473584
400,450,50,0.1,0.020825525971129535
386,443,57,0.114,0.026547876313328743
412,456,44,0.088,0.023473199747502803
400,450,50,0.1,0.026808834543451666
410,455,45,0.09,0.024566271889954805
426,463,37,0.074,0.022128297239542006
378,439,61,0.122,0.023246881283819677
400,450,50,0.1,0.02248566493578255
398,449,51,0.102,0.023560880156233907
380,440,60,0.12,0.028664293458685278
396,448,52,0.104,0.027134374482557178
378,439,61,0.122,0.030678970880806445
394,447,53,0.106,0.033260418443009254
352,426,74,0.148,0.043202315978705885
436,468,32,0.064,0.03629069623351097
388,444,56,0.112,0.03611080568470061
362,431,69,0.138,0.03291904968768358
362,431,69,0.138,0.03092766083776951
386,443,57,0.114,0.02922628365457058
378,439,61,0.122,0.031342468626797196
382,441,59,0.118,0.03381856743618846
400,450,50,0.1,0.03072877146676183
384,442,58,0.116,0.032983405414968726
344,422,78,0.156,0.036911817833781245
348,424,76,0.152,0.03695184676349163
372,436,64,0.128,0.03717906817793846
372,436,64,0.128,0.035107868704944846
432,466,34,0.068,0.031491939751431344
384,442,58,0.116,0.031834556149318814
350,425,75,0.15,0.03170690653473139
434,467,33,0.066,0.02447679428756237
384,442,58,0.116,0.027845320044085384
416,458,42,0.084,0.023334989862516524
390,445,55,0.11,0.02337929660268128
394,447,53,0.106,0.023435276983305813
404,452,48,0.096,0.023386219810694456
400,450,50,0.1,0.022540863687172532
390,445,55,0.11,0.02647037454508245
378,439,61,0.122,0.036010787477716806
376,438,62,0.124,0.039841710578650234
414,457,43,0.086,0.03775369762629271
394,447,53,0.106,0.045391107197850944
370,435,65,0.13,0.04711808202415705
416,458,42,0.084,0.04056505738943815
380,440,60,0.12,0.04234450113028288
410,455,45,0.09,0.03652019520290196
372,436,64,0.128,0.030952646858990192
396,448,52,0.104,0.026961476538330316
382,441,59,0.118,0.027439039850607513
400,450,50,0.1,0.026756245171651243
350,425,75,0.15,0.035179892545565965
366,433,67,0.134,0.037586528869345784
354,427,73,0.146,0.043759123057127
406,453,47,0.094,0.0464318836517632
372,436,64,0.128,0.04696186212822795
366,433,67,0.134,0.04365588684380055
374,437,63,0.126,0.04146305852755904
388,444,56,0.112,0.03377091059088707
332,416,84,0.168,0.03363803716748953
358,429,71,0.142,0.03325908595323562
382,441,59,0.118,0.03021341950632632
408,454,46,0.092,0.032759945290163156
360,430,70,0.14,0.03953904374688864
406,453,47,0.094,0.036333611387759444
370,435,65,0.13,0.03711370280198753
406,453,47,0.094,0.03201892827823758
374,437,63,0.126,0.02781146903708577
408,454,46,0.092,0.026874072086066007
364,432,68,0.136,0.024651009825989605
326,413,87,0.174,0.030886593502014874
414,457,43,0.086,0.02926369813643396
382,441,59,0.118,0.031787603482604024
354,427,73,0.146,0.03397373090311885
414,457,43,0.086,0.03306674468889832
408,454,46,0.092,0.02757459324412048
376,438,62,0.124,0.029328994380310176
380,440,60,0.12,0.027718172922730447
368,434,66,0.132,0.03218051582947373
406,453,47,0.094,0.03326253798604011
340,420,80,0.16,0.03858596582151949
400,450,50,0.1,0.03504818992316723
386,443,57,0.114,0.03526090514659882
364,432,68,0.136,0.03406098529882729
382,441,59,0.118,0.030247290344908834
398,449,51,0.102,0.02976810381002724
388,444,56,0.112,0.03116213498264551
394,447,53,0.106,0.03719748964905739
356,428,72,0.144,0.04004139826446772
338,419,81,0.162,0.040583020940423015
422,461,39,0.078,0.037633729495108126
350,425,75,0.15,0.03396675637550652
378,439,61,0.122,0.0305860913656652
380,440,60,0.12,0.030760018587112428
386,443,57,0.114,0.030039129611104727
374,437,63,0.126,0.035362972410395745
376,438,62,0.124,0.03290017557516694
392,446,54,0.108,0.036204082451760766
420,460,40,0.08,0.030907320668920876
366,433,67,0.134,0.03215472075156867
394,447,53,0.106,0.029432023007422686
338,419,81,0.162,0.03187998842727393
402,451,49,0.098,0.026138980904594065
376,438,62,0.124,0.03541877060011029
372,436,64,0.128,0.03571508309990168
412,456,44,0.088,0.03516276581957936
366,433,67,0.134,0.03948424494639039
380,440,60,0.12,0.03943891075626016
382,441,59,0.118,0.03748502954468131
392,446,54,0.108,0.04034012891352177
374,437,63,0.126,0.03966976575180888
422,461,39,0.078,0.03833304891362786
354,427,73,0.146,0.04583625273033977
370,435,65,0.13,0.04190154394134879
368,434,66,0.132,0.04256412617862224
404,452,48,0.096,0.03662065798602998
390,445,55,0.11,0.03628571387566626
404,452,48,0.096,0.032520811766386035
398,449,51,0.102,0.03153245534747839
378,439,61,0.122,0.030194470901042225
362,431,69,0.138,0.033149713937193154
370,435,65,0.13,0.032193267239257695
420,460,40,0.08,0.0322867283988744
374,437,63,0.126,0.036586665062233806
354,427,73,0.146,0.03591446184925735
424,462,38,0.076,0.030504875419661404
372,436,64,0.128,0.02894500816054642
402,451,49,0.098,0.023365302005782723
374,437,63,0.126,0.02557806255482137
372,436,64,0.128,0.02740238025225699
348,424,76,0.152,0.033268357573077084
374,437,63,0.126,0.03774552209302783
368,434,66,0.132,0.03599550180695951
378,439,61,0.122,0.03782675671577453
364,432,68,0.136,0.042191461551934484
370,435,65,0.13,0.03496036219038069
390,445,55,0.11,0.03587316684052348
322,411,89,0.178,0.037951964408159254
416,458,42,0.084,0.021753529639914632
362,431,69,0.138,0.019315347726456822
332,416,84,0.168,0.021977482268586753
372,436,64,0.128,0.021647362601943314
386,443,57,0.114,0.023724832210689783
394,447,53,0.106,0.023971819322556258
418,459,41,0.082,0.021298515297472478
372,436,64,0.128,0.023613991836085917
380,440,60,0.12,0.02027096241340041
382,441,59,0.118,0.01779061801917851
376,438,62,0.124,0.019324407720007004
376,438,62,0.124,0.016778713879175483
384,442,58,0.116,0.015933771994896234
394,447,53,0.106,0.015259286556392908
412,456,44,0.088,0.014802928879857064
378,439,61,0.122,0.01708103745803237
394,447,53,0.106,0.018279516911134122
376,438,62,0.124,0.018276269389316438
362,431,69,0.138,0.018874239762313665
384,442,58,0.116,0.016843468013219537
370,435,65,0.13,0.016920601068995893
402,451,49,0.098,0.014600369900465012
392,446,54,0.108,0.015343775365501642
364,432,68,0.136,0.01797687903884798
388,444,56,0.112,0.015304178983904421
354,427,73,0.146,0.017988487990573048
410,455,45,0.09,0.015363277870230377
346,423,77,0.154,0.020789041679352523
418,459,41,0.082,0.018719466814771296
364,432,68,0.136,0.022381956212222578
374,437,63,0.126,0.020975506216287614
358,429,71,0.142,0.02373798112757504
396,448,52,0.104,0.020424774889834227
390,445,55,0.11,0.01927276559174061
448,474,26,0.052,0.01667287231516093
366,433,67,0.134,0.01880787424836308
364,432,68,0.136,0.013502441264688969
370,435,65,0.13,0.01342223326396197
372,436,64,0.128,0.013786448196973652
402,451,49,0.098,0.016212022066116334
384,442,58,0.116,0.01941851467639208
402,451,49,0.098,0.02007036792114377
362,431,69,0.138,0.022731251634657383
388,444,56,0.112,0.020237380627542736
404,452,48,0.096,0.016053275933489205
348,424,76,0.152,0.01690005398914218
340,420,80,0.16,0.018666431890800594
318,409,91,0.182,0.026409579511731864
380,440,60,0.12,0.03235569504089653
408,454,46,0.092,0.02672332413494587
414,457,43,0.086,0.028298456685617566
418,459,41,0.082,0.022031913936138153
406,453,47,0.094,0.014909462165087461
450,475,25,0.05,0.012426114208996296
380,440,60,0.12,0.012907986867474392
362,431,69,0.138,0.012290887764189393
380,440,60,0.12,0.019228926921729
346,423,77,0.154,0.02354793898947537
410,455,45,0.09,0.0226286106640473
404,452,48,0.096,0.02933542694710195
438,469,31,0.062,0.02438947455585003
362,431,69,0.138,0.029715976744890214
368,434,66,0.132,0.025839523119851947
408,454,46,0.092,0.018760295785963534
400,450,50,0.1,0.014891169033013284
368,434,66,0.132,0.016701517179142682
384,442,58,0.116,0.014716292580123991
366,433,67,0.134,0.016160235323943197
366,433,67,0.134,0.018081016815267505
408,454,46,0.092,0.01665682631637901
362,431,69,0.138,0.019457483458332717
350,425,75,0.15,0.022416812349110842
322,411,89,0.178,0.028979950182139873
424,462,38,0.076,0.023502496019005774
394,447,53,0.106,0.02693108974955976
410,455,45,0.09,0.022737012688070535
416,458,42,0.084,0.01843073168536648
384,442,58,0.116,0.01981328484416008
364,432,68,0.136,0.018342251016758383
378,439,61,0.122,0.014609871487133205
408,454,46,0.092,0.011602833808399738
386,443,57,0.114,0.013347199800424278
410,455,45,0.09,0.013157334461342544
430,465,35,0.07,0.012316731505095959
390,445,55,0.11,0.015252519752830268
342,421,79,0.158,0.01836734827980399
398,449,51,0.102,0.017311354506760836
382,441,59,0.118,0.018590819772332907
394,447,53,0.106,0.018138284398242832
406,453,47,0.094,0.01691660606302321
392,446,54,0.108,0.017493174327537418
400,450,50,0.1,0.015709004127420486
374,437,63,0.126,0.017864764236845077
402,451,49,0.098,0.016665927269496023
394,447,53,0.106,0.013666521729901434
364,432,68,0.136,0.014136763161048293
382,441,59,0.118,0.013078725589439273
406,453,47,0.094,0.011854292798787355
358,429,71,0.142,0.015670895897783338
416,458,42,0.084,0.01527664332743734
372,436,64,0.128,0.015598087831400334
402,451,49,0.098,0.014974972541444004
402,451,49,0.098,0.012544241471216083
376,438,62,0.124,0.013284410504624247
362,431,69,0.138,0.014920341465622187
374,437,63,0.126,0.014394258501008153
362,431,69,0.138,0.02057832458149642
428,464,36,0.072,0.017743224004283548
404,452,48,0.096,0.019874378758482636
406,453,47,0.094,0.017839815981686116
360,430,70,0.14,0.01676050282642245
382,441,59,0.118,0.014363122913055122
376,438,62,0.124,0.014589070100337267
350,425,75,0.15,0.01627144870068878
344,422,78,0.156,0.016660233223810793
382,441,59,0.118,0.017391687866300343
374,437,63,0.126,0.01630637382622808
444,472,28,0.056,0.014603552824817598
348,424,76,0.152,0.015961935557425023
358,429,71,0.142,0.014433225204236805
396,448,52,0.104,0.013412912810221314
376,438,62,0.124,0.012407804174348712
382,441,59,0.118,0.010580662613268942
336,418,82,0.164,0.012189377328846604
362,431,69,0.138,0.012104852927848696
358,429,71,0.142,0.012676421863492578
384,442,58,0.116,0.017697272073477505
416,458,42,0.084,0.016800511928275228
354,427,73,0.146,0.021541917563416065
362,431,69,0.138,0.018267504437826574
434,467,33,0.066,0.010905035571195185
382,441,59,0.118,0.011538543262518942
362,431,69,0.138,0.013196333957836032
364,432,68,0.136,0.010482369875535368
356,428,72,0.144,0.01057638566987589
394,447,53,0.106,0.009320569390431046
364,432,68,0.136,0.011444492713548244
378,439,61,0.122,0.010502847496885806
344,422,78,0.156,0.017765848645940423
364,432,68,0.136,0.0184289143467322
350,425,75,0.15,0.021030384005978703
370,435,65,0.13,0.019449836605228484
380,440,60,0.12,0.017432359685655683
332,416,84,0.168,0.01601952370768413
424,462,38,0.076,0.012553686734288931
348,424,76,0.152,0.013129739318508655
382,441,59,0.118,0.010862146934494376
400,450,50,0.1,0.010479709217324853
392,446,54,0.108,0.011305149855092168
366,433,67,0.134,0.011445155740715564
372,436,64,0.128,0.013843383630737663
376,438,62,0.124,0.016329313253983856
382,441,59,0.118,0.015394929516129195
388,444,56,0.112,0.01382468187622726
364,432,68,0.136,0.015310104606673121
398,449,51,0.102,0.01168653871677816
386,443,57,0.114,0.012194730433635413
424,462,38,0.076,0.011161582482978702
378,439,61,0.122,0.008024450929369778
404,452,48,0.096,0.007471223030472174
404,452,48,0.096,0.007887928245123476
390,445,55,0.11,0.00962863631453365
382,441,59,0.118,0.016972337732091548
386,443,57,0.114,0.017066516528837384
348,424,76,0.152,0.019817105770111084
434,467,33,0.066,0.015588482215069234
352,426,74,0.148,0.017984055870212616
392,446,54,0.108,0.014829634845256805
400,450,50,0.1,0.014752553056925535
412,456,44,0.088,0.013892908995971084
406,453,47,0.094,0.011196534624323249
366,433,67,0.134,0.011810413162689656
384,442,58,0.116,0.011448591403663158
364,432,68,0.136,0.013158954530023038
386,443,57,0.114,0.012131815375760198
388,444,56,0.112,0.011676747303456069
408,454,46,0.092,0.012554103982634842
350,425,75,0.15,0.013648117386735976
394,447,53,0.106,0.013890004341490566
396,448,52,0.104,0.014430825345218182
350,425,75,0.15,0.015373083842918276
392,446,54,0.108,0.013557710602879525
362,431,69,0.138,0.016187491110526024
406,453,47,0.094,0.014915736455470324
360,430,70,0.14,0.01594760864507407
362,431,69,0.138,0.015931219439022242
360,430,70,0.14,0.015332674639299512
366,433,67,0.134,0.012067299157381058
382,441,59,0.118,0.011972228206694127
368,434,66,0.132,0.011982256102375686
396,448,52,0.104,0.01227819059509784
402,451,49,0.098,0.011173842400312424
402,451,49,0.098,0.010696079223416746
320,410,90,0.18,0.013045813943259418
398,449,51,0.102,0.011288471839390695
384,442,58,0.116,0.011642519778572023
380,440,60,0.12,0.012135563743300735
372,436,64,0.128,0.014575377510860563
342,421,79,0.158,0.014500786075368524
358,429,71,0.142,0.01383250625897199
406,453,47,0.094,0.012629362202249467
376,438,62,0.124,0.013232163317967206
446,473,27,0.054,0.010683824339415879
376,438,62,0.124,0.01031919597974047
356,428,72,0.144,0.0073588599977083505
374,437,63,0.126,0.007322482767282054
422,461,39,0.078,0.0061782127888873216
332,416,84,0.168,0.010063000911381096
396,448,52,0.104,0.013470187029801309
392,446,54,0.108,0.013935773881152273
374,437,63,0.126,0.013879629467613995
418,459,41,0.082,0.013997001997195184
390,445,55,0.11,0.01056969589786604
378,439,61,0.122,0.009165521937422455
370,435,65,0.13,0.010975932001136243
384,442,58,0.116,0.008398130906745791
370,435,65,0.13,0.009787272496614605
380,440,60,0.12,0.01113408493855968
390,445,55,0.11,0.010171568920835853
384,442,58,0.116,0.011426355424802751
386,443,57,0.114,0.010906705737113952
392,446,54,0.108,0.010152528326027095
376,438,62,0.124,0.011183263275306672
358,429,71,0.142,0.010303236379753798
404,452,48,0.096,0.006814817573875189
364,432,68,0.136,0.008064117774367333
398,449,51,0.102,0.0074706232906319205
344,422,78,0.156,0.008383608090225607
394,447,53,0.106,0.00973080467712134
408,454,46,0.092,0.00882120768725872
406,453,47,0.094,0.009329268676694483
378,439,61,0.122,0.010535090285353363
394,447,53,0.106,0.008522710347082466
438,469,31,0.062,0.00758997013233602
388,444,56,0.112,0.008633712016046046
392,446,54,0.108,0.007502728291088715
360,430,70,0.14,0.007972108661662787
380,440,60,0.12,0.0077091546801384535
388,444,56,0.112,0.009077140490990131
420,460,40,0.08,0.007474684604443609
338,419,81,0.162,0.014134012883529067
390,445,55,0.11,0.012367460726760328
390,445,55,0.11,0.012907047622837127
390,445,55,0.11,0.011933894947171212
412,456,44,0.088,0.009455762503203005
368,434,66,0.132,0.009359904413111507
396,448,52,0.104,0.007346384511329233
418,459,41,0.082,0.006514821224613115
348,424,76,0.152,0.008129017248516902
372,436,64,0.128,0.00850781989051029
376,438,62,0.124,0.008856182547751813
398,449,51,0.102,0.009645546138752252
390,445,55,0.11,0.011499547223560513
408,454,46,0.092,0.011512051383499056
384,442,58,0.116,0.012888016092590987
376,438,62,0.124,0.012396993041038513
374,437,63,0.126,0.00829227270744741
392,446,54,0.108,0.0077176407788647336
378,439,61,0.122,0.00777846205001697
406,453,47,0.094,0.0061983592803589995
394,447,53,0.106,0.007408625441836193
374,437,63,0.126,0.007896914272336289
306,403,97,0.194,0.009688645616639405
378,439,61,0.122,0.011321688302559777
364,432,68,0.136,0.018023366514593363
370,435,65,0.13,0.015630961217917502
374,437,63,0.126,0.015818387570790945
416,458,42,0.084,0.012447659980505704
378,439,61,0.122,0.012397694006562232
384,442,58,0.116,0.01147906759660691
378,439,61,0.122,0.010782514876220376
370,435,65,0.13,0.010120919959619641
392,446,54,0.108,0.007702309038024395
398,449,51,0.102,0.007017565425019711
408,454,46,0.092,0.006882466341834515
360,430,70,0.14,0.008234857157804072
390,445,55,0.11,0.007494676591828465
424,462,38,0.076,0.0067681521829217675
398,449,51,0.102,0.007386092262808234
398,449,51,0.102,0.00804146486055106
314,407,93,0.186,0.012360670836642385
374,437,63,0.126,0.011585517562925815
386,443,57,0.114,0.01328109121788293
354,427,73,0.146,0.014881059142760932
350,425,75,0.15,0.01777920186985284
402,451,49,0.098,0.014758595783263445
376,438,62,0.124,0.01660649267118424
382,441,59,0.118,0.014460561752319336
396,448,52,0.104,0.010110488330945373
360,430,70,0.14,0.008856457016197965
400,450,50,0.1,0.00825367700168863
386,443,57,0.114,0.007349578477442264
408,454,46,0.092,0.006935946998652071
404,452,48,0.096,0.009522553182207048
396,448,52,0.104,0.009987772706197575
408,454,46,0.092,0.01039110901625827
438,469,31,0.062,0.009435563353821634
400,450,50,0.1,0.009252232752740383
408,454,46,0.092,0.00952416336722672
346,423,77,0.154,0.01210342546319589
370,435,65,0.13,0.011161701784469187
320,410,90,0.18,0.021411919789388775
368,434,66,0.132,0.01988005746062845
412,456,44,0.088,0.019451302489265798
386,443,57,0.114,0.02148191514145583
416,458,42,0.084,0.015127504498697817
380,440,60,0.12,0.01818038972094655
392,446,54,0.108,0.011835378281306475
388,444,56,0.112,0.011243124948814512
436,468,32,0.064,0.005562221267260611
362,431,69,0.138,0.006159168853191659
444,472,28,0.056,0.004929012782638893
370,435,65,0.13,0.0063793648337014015
390,445,55,0.11,0.009335642626974732
386,443,57,0.114,0.008650670462287962
360,430,70,0.14,0.01245291145471856
400,450,50,0.1,0.011205310202669353
392,446,54,0.108,0.0156471533710137
380,440,60,0.12,0.015209400810301303
410,455,45,0.09,0.013077339339070022
388,444,56,0.112,0.015282837390899659
372,436,64,0.128,0.010650039073545486
428,464,36,0.072,0.009369928877335041
374,437,63,0.126,0.010187565731815994
386,443,57,0.114,0.01023758933134377
358,429,71,0.142,0.01110977778956294
390,445,55,0.11,0.011033216288778932
360,430,70,0.14,0.016185883484315128
356,428,72,0.144,0.016235489916987717
350,425,75,0.15,0.024703654567711054
410,455,45,0.09,0.01985085833631456
384,442,58,0.116,0.02135691267065704
390,445,55,0.11,0.01707898843847215
392,446,54,0.108,0.01506116458401084
360,430,70,0.14,0.015468844290357083
346,423,77,0.154,0.01193512531556189
380,440,60,0.12,0.012471899347845466
396,448,52,0.104,0.01284578381339088
352,426,74,0.148,0.015126129970420153
346,423,77,0.154,0.023076450107619165
382,441,59,0.118,0.02518298602476716
348,424,76,0.152,0.02360840365104377
406,453,47,0.094,0.022621178369037806
416,458,42,0.084,0.01581599927973002
396,448,52,0.104,0.015029263576492667
380,440,60,0.12,0.015669513668864966
404,452,48,0.096,0.013464421911165118
380,440,60,0.12,0.011849408727604895
402,451,49,0.098,0.012050835513975471
384,442,58,0.116,0.015245676633901894
338,419,81,0.162,0.016668254242045804
378,439,61,0.122,0.02152463135868311
404,452,48,0.096,0.02081686595082283
412,456,44,0.088,0.022554199856705964
402,451,49,0.098,0.023621307421475647
378,439,61,0.122,0.01715643645916134
366,433,67,0.134,0.01485235749464482
396,448,52,0.104,0.012557407999411225
408,454,46,0.092,0.012335769002325832
408,454,46,0.092,0.012667088275775314
390,445,55,0.11,0.012782742138486356
358,429,71,0.142,0.01483470276556909
436,468,32,0.064,0.01129372015595436
390,445,55,0.11,0.01208130888082087
420,460,40,0.08,0.010181811641901732
430,465,35,0.07,0.009459312554448844
402,451,49,0.098,0.009846062107943
332,416,84,0.168,0.014314443631097674
410,455,45,0.09,0.01464350509364158
338,419,81,0.162,0.021233962090685964
410,455,45,0.09,0.017499700804241
370,435,65,0.13,0.03292381951212883
380,440,60,0.12,0.03479412738420069
406,453,47,0.094,0.03247340876609087
384,442,58,0.116,0.03415007537975907
426,463,37,0.074,0.02699085090495646
362,431,69,0.138,0.023172403924167157
382,441,59,0.118,0.018419269755482675
376,438,62,0.124,0.01862503021210432
350,425,75,0.15,0.017166306708939375
396,448,52,0.104,0.018955206780694425
398,449,51,0.102,0.0213836701316759
400,450,50,0.1,0.022878666831180453
346,423,77,0.154,0.028127129133790733
396,448,52,0.104,0.02732665393874049
382,441,59,0.118,0.0264470771048218
364,432,68,0.136,0.02412264196947217
376,438,62,0.124,0.02198697536252439
418,459,41,0.082,0.019002381578087806
388,444,56,0.112,0.018091557945124806
402,451,49,0.098,0.01963246679864824
390,445,55,0.11,0.020843510692939164
352,426,74,0.148,0.022421291582286357
364,432,68,0.136,0.0263440869692713
360,430,70,0.14,0.027150793362408877
412,456,44,0.088,0.023823150807991623
398,449,51,0.102,0.023964832846075295
402,451,49,0.098,0.02041425077104941
366,433,67,0.134,0.019136432629078628
374,437,63,0.126,0.018120090048760175
386,443,57,0.114,0.017735212903469803
352,426,74,0.148,0.02294951839465648
382,441,59,0.118,0.025156047433614732
352,426,74,0.148,0.02936912247724831
436,468,32,0.064,0.02333168131299317
364,432,68,0.136,0.027451443990692496
364,432,68,0.136,0.025412354074418546
398,449,51,0.102,0.022636058571748434
382,441,59,0.118,0.023506823515519498
390,445,55,0.11,0.02059813975356519
398,449,51,0.102,0.0215749182254076
382,441,59,0.118,0.020192892095074057
364,432,68,0.136,0.021231463119387627
390,445,55,0.11,0.02806092851422727
362,431,69,0.138,0.03248770123906434
348,424,76,0.152,0.034499373752623796
356,428,72,0.144,0.035038515944033864
402,451,49,0.098,0.032338810762390494
418,459,41,0.082,0.027267833707854152
352,426,74,0.148,0.02902879705838859
396,448,52,0.104,0.025417937526479365
348,424,76,0.152,0.027023715211078523
372,436,64,0.128,0.027723740389570595
376,438,62,0.124,0.027597891699522734
392,446,54,0.108,0.028445046603679656
388,444,56,0.112,0.03252181957103312
378,439,61,0.122,0.03199621006846428
376,438,62,0.124,0.031768102474510666
376,438,62,0.124,0.032044700235128405
386,443,57,0.114,0.026726094104349615
426,463,37,0.074,0.02315342046879232
410,455,45,0.09,0.024303026186302305
390,445,55,0.11,0.023331561136990784
402,451,49,0.098,0.016604651865549387
390,445,55,0.11,0.018135955416597425
396,448,52,0.104,0.019105432563461363
412,456,44,0.088,0.019514836200512947
404,452,48,0.096,0.025971874376758932
392,446,54,0.108,0.02737555630505085
398,449,51,0.102,0.03061700432188809
372,436,64,0.128,0.031657820366322996
382,441,59,0.118,0.027277888111770152
374,437,63,0.126,0.030064074290916322
404,452,48,0.096,0.028250213608145714
392,446,54,0.108,0.029090489538386465
370,435,65,0.13,0.03064749567769468
400,450,50,0.1,0.0306462123952806
394,447,53,0.106,0.03426283524557948
376,438,62,0.124,0.040199976392090324
350,425,75,0.15,0.04225891632214188
378,439,61,0.122,0.04085190721228719
374,437,63,0.126,0.05199662816524506
398,449,51,0.102,0.04703646159917116
370,435,65,0.13,0.04439599948003888
408,454,46,0.092,0.04165816356614232
386,443,57,0.114,0.03005642298422754
386,443,57,0.114,0.02769720108062029
406,453,47,0.094,0.02832302005589008
314,407,93,0.186,0.03223388190753758
368,434,66,0.132,0.03973233196884394
386,443,57,0.114,0.037668675776571035
394,447,53,0.106,0.03902715687453747
370,435,65,0.13,0.03893407704681158
370,435,65,0.13,0.03963033657893539
412,456,44,0.088,0.03545017108693719
370,435,65,0.13,0.036854694245383145
376,438,62,0.124,0.03656693592853844
330,415,85,0.17,0.03448820338584482
372,436,64,0.128,0.029539892122149466
388,444,56,0.112,0.033446093859151
382,441,59,0.118,0.03287716864049434
378,439,61,0.122,0.038629506736993786
400,450,50,0.1,0.03498802582174539
378,439,61,0.122,0.03643023816868663
372,436,64,0.128,0.03856280119344592
422,461,39,0.078,0.029557694574818015
342,421,79,0.158,0.03149986770562828
406,453,47,0.094,0.027796051705256106
404,452,48,0.096,0.02746136397868395
414,457,43,0.086,0.02368568812124431
380,440,60,0.12,0.029005649058148265
356,428,72,0.144,0.032085944455116984
370,435,65,0.13,0.03111289434507489
356,428,72,0.144,0.04874470430612564
338,419,81,0.162,0.05739176038652658
376,438,62,0.124,0.05232619643583894
396,448,52,0.104,0.05103722496330738
340,420,80,0.16,0.04186306298896671
414,457,43,0.086,0.03667123042233288
404,452,48,0.096,0.03337167414836586
426,463,37,0.074,0.03549502646364271
398,449,51,0.102,0.02505142574571073
376,438,62,0.124,0.02464779809117317
416,458,42,0.084,0.022964147318154573
402,451,49,0.098,0.025239191226661205
390,445,55,0.11,0.02864464352838695
380,440,60,0.12,0.031208799112588167
400,450,50,0.1,0.03327009214833379
410,455,45,0.09,0.03373467642068863
384,442,58,0.116,0.03902519467100501
386,443,57,0.114,0.040905379448086025
370,435,65,0.13,0.04058470366895199
408,454,46,0.092,0.03499745035544038
356,428,72,0.144,0.03153344787470996
418,459,41,0.082,0.02828426923416555
362,431,69,0.138,0.031111251944676042
424,462,38,0.076,0.025004844032227993
424,462,38,0.076,0.024731911279261113
402,451,49,0.098,0.026434402618557215
358,429,71,0.142,0.02887648282200098
384,442,58,0.116,0.02529817381873727
408,454,46,0.092,0.024596457911655305
400,450,50,0.1,0.02599564260430634
356,428,72,0.144,0.027608910840004684
416,458,42,0.084,0.025382976591587066
344,422,78,0.156,0.026235637124627828
376,438,62,0.124,0.02594659138470888
420,460,40,0.08,0.0240343500059098
392,446,54,0.108,0.025501704486086966
414,457,43,0.086,0.01891810254286975
404,452,48,0.096,0.019401775198057292
428,464,36,0.072,0.01754197821766138
356,428,72,0.144,0.01811443109344691
360,430,70,0.14,0.017958455505780877
404,452,48,0.096,0.0169527819911018
376,438,62,0.124,0.018939813101664184
402,451,49,0.098,0.02203367321006954
394,447,53,0.106,0.02634466656111181
358,429,71,0.142,0.029041625881567598
418,459,41,0.082,0.027227652084082364
410,455,45,0.09,0.026426241958513855
326,413,87,0.174,0.026656298629939557
434,467,33,0.066,0.020558880856260658
382,441,59,0.118,0.019402595300227404
384,442,58,0.116,0.01778950096294284
410,455,45,0.09,0.015645248061046006
398,449,51,0.102,0.017314896843396127
356,428,72,0.144,0.0194099963568151
372,436,64,0.128,0.02705257906205952
334,417,83,0.166,0.034296151880174874
384,442,58,0.116,0.04148147560656071
354,427,73,0.146,0.04097109966352582
396,448,52,0.104,0.045928652131929995
382,441,59,0.118,0.0438215099349618
382,441,59,0.118,0.031844616493210194
414,457,43,0.086,0.02734768785908818
354,427,73,0.146,0.02455750617105514
396,448,52,0.104,0.020076391813345255
364,432,68,0.136,0.01395159946149215
390,445,55,0.11,0.015429777646902948
374,437,63,0.126,0.01650517428666353
370,435,65,0.13,0.016219762567430733
400,450,50,0.1,0.021659841381013394
358,429,71,0.142,0.02582860904932022
372,436,64,0.128,0.025808451188728213
362,431,69,0.138,0.027293669961392878
432,466,34,0.068,0.021424155990593136
342,421,79,0.158,0.024534133926033975
380,440,60,0.12,0.020774583142250776
382,441,59,0.118,0.019378259018994867
408,454,46,0.092,0.01407386937085539
400,450,50,0.1,0.015342611480038614
406,453,47,0.094,0.013750206435099244
382,441,59,0.118,0.015155682989396155
352,426,74,0.148,0.017847672176547348
400,450,50,0.1,0.0177390443617478
338,419,81,0.162,0.02285045344568789
366,433,67,0.134,0.02212302090693265
384,442,58,0.116,0.029265497371554375
374,437,63,0.126,0.03142161602340639
394,447,53,0.106,0.027868129590526224
384,442,58,0.116,0.02729258670657873
382,441,59,0.118,0.023070364166982472
390,445,55,0.11,0.020796737862750887
400,450,50,0.1,0.018086355301551522
396,448,52,0.104,0.01817683205846697
366,433,67,0.134,0.015600509729236364
432,466,34,0.068,0.012837527948431671
384,442,58,0.116,0.013451808759942651
378,439,61,0.122,0.014302431667223572
434,467,33,0.066,0.013827534669078887
398,449,51,0.102,0.01343287420924753
400,450,50,0.1,0.015157506094314158
356,428,72,0.144,0.015475651475600899
390,445,55,0.11,0.017591081455349922
364,432,68,0.136,0.02029516511131078
380,440,60,0.12,0.02255089613609016
406,453,47,0.094,0.022464315202087165
352,426,74,0.148,0.02879970166273415
418,459,41,0.082,0.02643883072398603
396,448,52,0.104,0.029508172675967215
394,447,53,0.106,0.021776523360982538
412,456,44,0.088,0.022303347060456873
378,439,61,0.122,0.021713008059188722
342,421,79,0.158,0.021652417281642557
358,429,71,0.142,0.02100129487924278
398,449,51,0.102,0.020323127379640937
400,450,50,0.1,0.019750637650489806
386,443,57,0.114,0.0215590851418674
362,431,69,0.138,0.026986502379179
382,441,59,0.118,0.025254971152171492
374,437,63,0.126,0.026290250750258565
370,435,65,0.13,0.028040158083662392
424,462,38,0.076,0.02325014272984117
358,429,71,0.142,0.025520061591640116
394,447,53,0.106,0.024319054145365955
422,461,39,0.078,0.02088484590873122
390,445,55,0.11,0.020103708310052752
402,451,49,0.098,0.020852011989802122
404,452,48,0.096,0.02166810663882643
396,448,52,0.104,0.021912112521007658
408,454,46,0.092,0.021421046413481235
398,449,51,0.102,0.02074840983748436
368,434,66,0.132,0.0207397005520761
408,454,46,0.092,0.02054723995178938
366,433,67,0.134,0.02575698673631996
386,443,57,0.114,0.026670453349128365
390,445,55,0.11,0.02681158845871687
394,447,53,0.106,0.02606529038399458
426,463,37,0.074,0.023861737184226513
408,454,46,0.092,0.024721765844151377
404,452,48,0.096,0.023867084957659244
378,439,61,0.122,0.025216452052816748
374,437,63,0.126,0.023921622114256025
380,440,60,0.12,0.02537882278487086
390,445,55,0.11,0.02449096589535475
398,449,51,0.102,0.025029868816956877
404,452,48,0.096,0.030512118343263863
380,440,60,0.12,0.03485195630043745
358,429,71,0.142,0.034392638154327866
392,446,54,0.108,0.03270116906054318
364,432,68,0.136,0.025959161080420016
404,452,48,0.096,0.025305749332532285
420,460,40,0.08,0.024037811575457455
360,430,70,0.14,0.027329209031537176
362,431,69,0.138,0.030321566650643946
358,429,71,0.142,0.034024662567302584
340,420,80,0.16,0.03461903931759298
402,451,49,0.098,0.0332814310491085
366,433,67,0.134,0.04232339076325297
414,457,43,0.086,0.03612979045882821
374,437,63,0.126,0.04005729383416474
376,438,62,0.124,0.037638291761279107
378,439,61,0.122,0.036477577853947875
420,460,40,0.08,0.03380156305059791
372,436,64,0.128,0.034226205140352246
414,457,43,0.086,0.036279062777757644
344,422,78,0.156,0.032960139537230135
346,423,77,0.154,0.03664827828854322
340,420,80,0.16,0.03996083620190621
414,457,43,0.086,0.036034094657748934
352,426,74,0.148,0.040680101126432416
378,439,61,0.122,0.037796041421592236
396,448,52,0.104,0.03375727074593306
374,437,63,0.126,0.0321085814833641
364,432,68,0.136,0.03275915798358619
396,448,52,0.104,0.027897416640073062
396,448,52,0.104,0.026096862822771072
374,437,63,0.126,0.026509574569761753
376,438,62,0.124,0.027352090442553163
376,438,62,0.124,0.02822394611313939
406,453,47,0.094,0.02674054619856179
394,447,53,0.106,0.026438967244699598
384,442,58,0.116,0.023407240450382234
410,455,45,0.09,0.019945830799639224
404,452,48,0.096,0.019700772189535202
404,452,48,0.096,0.01959790590032935
398,449,51,0.102,0.018722390589304267
376,438,62,0.124,0.0209217793866992
416,458,42,0.084,0.02169172547571361
332,416,84,0.168,0.026294456055387855
390,445,55,0.11,0.027389738887548448
370,435,65,0.13,0.03158826328255236
396,448,52,0.104,0.030900552386417986
392,446,54,0.108,0.030311494940891862
370,435,65,0.13,0.029624337833374738
398,449,51,0.102,0.023580320671200753
394,447,53,0.106,0.02330630274862051
394,447,53,0.106,0.022177292173728345
408,454,46,0.092,0.020087776817381383
352,426,74,0.148,0.025599686754867436
402,451,49,0.098,0.028133743450045587
408,454,46,0.092,0.03144415172562003
352,426,74,0.148,0.03997214138880372
362,431,69,0.138,0.04641506708785891
360,430,70,0.14,0.04873253659904003
374,437,63,0.126,0.04520116118714213
406,453,47,0.094,0.04016872277855873
366,433,67,0.134,0.0365703482478857
384,442,58,0.116,0.03318662119843066
356,428,72,0.144,0.032162208599969745
418,459,41,0.082,0.02607742271758616
386,443,57,0.114,0.026007808240130544
388,444,56,0.112,0.022994033647701143
436,468,32,0.064,0.021705797677859663
390,445,55,0.11,0.022595071196556092
382,441,59,0.118,0.021096461066044868
416,458,42,0.084,0.01774659691005945
404,452,48,0.096,0.017885537914931773
408,454,46,0.092,0.01793181996047497
398,449,51,0.102,0.022176034899428487
384,442,58,0.116,0.026126845959573985
388,444,56,0.112,0.025945126738399268
412,456,44,0.088,0.02574296547099948
406,453,47,0.094,0.027885784193873407
376,438,62,0.124,0.02718341447226703
378,439,61,0.122,0.025352861027233303
360,430,70,0.14,0.02556718414835632
426,463,37,0.074,0.01905481991544366
380,440,60,0.12,0.019488792812451722
364,432,68,0.136,0.020448596253991126
388,444,56,0.112,0.021510296331718564
346,423,77,0.154,0.033995118398219344
370,435,65,0.13,0.038695123469457034
404,452,48,0.096,0.04108839689940214
332,416,84,0.168,0.048389174554497004
410,455,45,0.09,0.044824576295912265
382,441,59,0.118,0.042121897649019954
350,425,75,0.15,0.043230328470468524
372,436,64,0.128,0.03983870089612901
388,444,56,0.112,0.035356144584715365
360,430,70,0.14,0.03275367093086243
424,462,38,0.076,0.029575525732710956
392,446,54,0.108,0.030188979994505642
332,416,84,0.168,0.033747838949784635
396,448,52,0.104,0.032249932268634436
424,462,38,0.076,0.029637365018948914
356,428,72,0.144,0.03594474785216153
410,455,45,0.09,0.03502068546041846
378,439,61,0.122,0.0407151096239686
376,438,62,0.124,0.04160220195353031
388,444,56,0.112,0.04364507438987494
330,415,85,0.17,0.052207337953150273
386,443,57,0.114,0.051468685302883385
402,451,49,0.098,0.04751977097243071
384,442,58,0.116,0.05154057262837887
342,421,79,0.158,0.05883915800601244
350,425,75,0.15,0.056581311382353304
384,442,58,0.116,0.055689747143536805
366,433,67,0.134,0.05498889823630452
380,440,60,0.12,0.051204604741185905
400,450,50,0.1,0.04171850325912237
406,453,47,0.094,0.03849019274115562
400,450,50,0.1,0.039917307879775765
364,432,68,0.136,0.03738581056147814
390,445,55,0.11,0.04274407580494881
388,444,56,0.112,0.04435740972822532
350,425,75,0.15,0.05301167068257928
376,438,62,0.124,0.05702571834251285
412,456,44,0.088,0.06532692036777735
342,421,79,0.158,0.07293664621561766
334,417,83,0.166,0.07590382498502732
366,433,67,0.134,0.07176995218545199
382,441,59,0.118,0.06487819009274244
374,437,63,0.126,0.06534733434021472
432,466,34,0.068,0.05885442614555359
382,441,59,0.118,0.0589449869133532
396,448,52,0.104,0.04638884857669473
412,456,44,0.088,0.044431282714009285
360,430,70,0.14,0.048914265118539337
412,456,44,0.088,0.04661618798039854
378,439,61,0.122,0.052392279073596
342,421,79,0.158,0.057281144566833975
342,421,79,0.158,0.0621464963555336
412,456,44,0.088,0.05720192737132311
370,435,65,0.13,0.07352698203921318
378,439,61,0.122,0.07914820235967636
374,437,63,0.126,0.08301133816689253
350,425,75,0.15,0.08280645176023245
352,426,74,0.148,0.07926650447398424
350,425,75,0.15,0.07168709726631642
378,439,61,0.122,0.06800274107605218
362,431,69,0.138,0.06949205543845892
346,423,77,0.154,0.0776442152261734
382,441,59,0.118,0.07262704885751009
414,457,43,0.086,0.06462964770197868
362,431,69,0.138,0.07332258194684982
384,442,58,0.116,0.06421485913544893
378,439,61,0.122,0.06759657448157669
368,434,66,0.132,0.06358436651527882
380,440,60,0.12,0.05657609941065311
406,453,47,0.094,0.05218877073004842
370,435,65,0.13,0.054232874259352686
380,440,60,0.12,0.05052666688710451
398,449,51,0.102,0.047322263665497306
342,421,79,0.158,0.04613425821065903
440,470,30,0.06,0.04449290680512786
380,440,60,0.12,0.048688628945499655
386,443,57,0.114,0.051175636030733586
382,441,59,0.118,0.054467786855995654
358,429,71,0.142,0.059303405944257974
396,448,52,0.104,0.05138023471832275
398,449,51,0.102,0.050461894784122704
376,438,62,0.124,0.04727100654691458
392,446,54,0.108,0.043146212551742794
414,457,43,0.086,0.04344449622556567
348,424,76,0.152,0.048726197969168425
308,404,96,0.192,0.052815825868397955
394,447,53,0.106,0.061265440795570614
386,443,57,0.114,0.062004896067082885
336,418,82,0.164,0.07047657050937414
362,431,69,0.138,0.0679019138738513
410,455,45,0.09,0.05333377575315535
396,448,52,0.104,0.05264256999269128
402,451,49,0.098,0.04753554843552411
380,440,60,0.12,0.04096134647540748
436,468,32,0.064,0.027525036541745068
362,431,69,0.138,0.032030699925497175
352,426,74,0.148,0.03020965113118291
382,441,59,0.118,0.033435625951737165
378,439,61,0.122,0.04754168379679322
364,432,68,0.136,0.048056383315473794
390,445,55,0.11,0.050767346661537885
358,429,71,0.142,0.05868501982092857
378,439,61,0.122,0.053099962797015905
368,434,66,0.132,0.052166655518114564
426,463,37,0.074,0.04088609239086509
362,431,69,0.138,0.03995537870377302
366,433,67,0.134,0.03161814212054014
348,424,76,0.152,0.031782042324543
410,455,45,0.09,0.02912208873219788
398,449,51,0.102,0.03192963374592364
366,433,67,0.134,0.04294271986559033
354,427,73,0.146,0.04220544929802418
370,435,65,0.13,0.04693509000167251
388,444,56,0.112,0.04619648629054427
382,441,59,0.118,0.044514002952724695
376,438,62,0.124,0.04446205249428749
360,430,70,0.14,0.04371724787540734
336,418,82,0.164,0.04361983631551266
436,468,32,0.064,0.03522542697563767
352,426,74,0.148,0.04217903117835522
400,450,50,0.1,0.039243573375046255
364,432,68,0.136,0.0403405724875629
390,445,55,0.11,0.03366946366429329
406,453,47,0.094,0.03193913161568344
372,436,64,0.128,0.033208759129047395
408,454,46,0.092,0.030097383955493568
416,458,42,0.084,0.02899646663106978
364,432,68,0.136,0.03092992201820016
368,434,66,0.132,0.030586484238505362
420,460,40,0.08,0.027468400107696654
378,439,61,0.122,0.02526598389633
394,447,53,0.106,0.026238544614985586
378,439,61,0.122,0.02708997594565153
356,428,72,0.144,0.030084926683455707
414,457,43,0.086,0.03367762058973312
386,443,57,0.114,0.042451741125434636
362,431,69,0.138,0.04192120051011443
334,417,83,0.166,0.0464962623976171
422,461,39,0.078,0.03465213757194579
406,453,47,0.094,0.03395308111049235
362,431,69,0.138,0.035541344057768584
362,431,69,0.138,0.030591399367898703
350,425,75,0.15,0.030481468999758364
378,439,61,0.122,0.03300355555489659
378,439,61,0.122,0.03445092714205384
386,443,57,0.114,0.038560816451907155
404,452,48,0.096,0.041369380559772254
372,436,64,0.128,0.04361797777190805
354,427,73,0.146,0.04486276549100876
368,434,66,0.132,0.0412866518124938
388,444,56,0.112,0.03196297525428236
388,444,56,0.112,0.03346683012507856
392,446,54,0.108,0.0310240102596581
350,425,75,0.15,0.03319804186932743
402,451,49,0.098,0.02728642806597054
396,448,52,0.104,0.028695180973038078
386,443,57,0.114,0.026695444341748954
424,462,38,0.076,0.026033746482804418
384,442,58,0.116,0.027923343716189264
408,454,46,0.092,0.026769593104720116
386,443,57,0.114,0.02712921373359859
388,444,56,0.112,0.02760923695191741
362,431,69,0.138,0.02937891816906631
392,446,54,0.108,0.02777728027291596
380,440,60,0.12,0.028831172205507755
390,445,55,0.11,0.030060712683945893
370,435,65,0.13,0.03548158266395331
384,442,58,0.116,0.03518093338608742
406,453,47,0.094,0.034927928423509
370,435,65,0.13,0.03548082263022661
416,458,42,0.084,0.029837470330297947
380,440,60,0.12,0.030761313043534754
378,439,61,0.122,0.030158790439367294
358,429,71,0.142,0.029362627416849137
402,451,49,0.098,0.026051078621298074
370,435,65,0.13,0.03116838132403791
366,433,67,0.134,0.03321244708634913
420,460,40,0.08,0.035849212311208245
392,446,54,0.108,0.03716816719248891
394,447,53,0.106,0.03801466537639499
382,441,59,0.118,0.036348569720983506
396,448,52,0.104,0.03566945381835103
380,440,60,0.12,0.035544264294207095
372,436,64,0.128,0.038072021830826995
398,449,51,0.102,0.0380069436095655
384,442,58,0.116,0.041208880703896285
382,441,59,0.118,0.04249713744223118
384,442,58,0.116,0.040150955010205505
368,434,66,0.132,0.040108671363443135
374,437,63,0.126,0.03879439699277282
402,451,49,0.098,0.038039542756974694
360,430,70,0.14,0.04005801777541637
424,462,38,0.076,0.03949087513238191
374,437,63,0.126,0.04499927964434028
396,448,52,0.104,0.04594065232202411
356,428,72,0.144,0.0489521771967411
372,436,64,0.128,0.04902287244051695
388,444,56,0.112,0.04849298252537847
380,440,60,0.12,0.049736389093101026
364,432,68,0.136,0.05234681510925293
380,440,60,0.12,0.048594666544348
392,446,54,0.108,0.04458490863442421
440,470,30,0.06,0.04310506640002131
368,434,66,0.132,0.04403376030176878
396,448,52,0.104,0.03908341347426176
334,417,83,0.166,0.04670166964828968
390,445,55,0.11,0.044462772946804764
368,434,66,0.132,0.04942928792908788
384,442,58,0.116,0.05979279299080372
410,455,45,0.09,0.06871582121402026
370,435,65,0.13,0.0763114243298769
376,438,62,0.124,0.07499175153672695
372,436,64,0.128,0.07197689473628997
394,447,53,0.106,0.06335938467085361
384,442,58,0.116,0.06313055298477412
356,428,72,0.144,0.06218439053744078
342,421,79,0.158,0.07019393264502287
366,433,67,0.134,0.07612505327165127
416,458,42,0.084,0.0732363075092435
374,437,63,0.126,0.08107423754781484
392,446,54,0.108,0.08576101583242417
348,424,76,0.152,0.08138767087459564
378,439,61,0.122,0.08211893696337938
342,421,79,0.158,0.08154007767140865
408,454,46,0.092,0.08239114899933338
368,434,66,0.132,0.08824508730322123
330,415,85,0.17,0.0986201498284936
322,411,89,0.178,0.0984073180258274
422,461,39,0.078,0.09058281927555799
404,452,48,0.096,0.0936106987670064
424,462,38,0.076,0.08424219615012407
390,445,55,0.11,0.07764485604688526
324,412,88,0.176,0.06144815802201629
350,425,75,0.15,0.0569180652461946
406,453,47,0.094,0.05648898309096694
344,422,78,0.156,0.06976805874332785
336,418,82,0.164,0.10534943109750748
370,435,65,0.13,0.10516398055106402
334,417,83,0.166,0.11279120218008756
402,451,49,0.098,0.10583644112944603
374,437,63,0.126,0.09267294801026582
374,437,63,0.126,0.08329038109630346
404,452,48,0.096,0.07823025113344192
410,455,45,0.09,0.06669653594866395
366,433,67,0.134,0.05731732368841767
382,441,59,0.118,0.05369021462649107
374,437,63,0.126,0.05652698206156492
368,434,66,0.132,0.06086340935528278
380,440,60,0.12,0.06754183582961559
408,454,46,0.092,0.06315812489017844
402,451,49,0.098,0.06579853573441505
396,448,52,0.104,0.062026897259056565
346,423,77,0.154,0.05607897138223052
408,454,46,0.092,0.04933445339649916
326,413,87,0.174,0.0545517029799521
390,445,55,0.11,0.04888793903961778
436,468,32,0.064,0.050651212632656095
392,446,54,0.108,0.05605157000944019
378,439,61,0.122,0.05406353659182787
400,450,50,0.1,0.05123717985674739
380,440,60,0.12,0.0450514020100236
376,438,62,0.124,0.04393315038830042
410,455,45,0.09,0.045290374401956796
388,444,56,0.112,0.04593767737224698
390,445,55,0.11,0.04563751280680299
362,431,69,0.138,0.04594688861072063
412,456,44,0.088,0.042892890062183144
408,454,46,0.092,0.04548324052989483
408,454,46,0.092,0.052288540117442606
334,417,83,0.166,0.05656189916282892
408,454,46,0.092,0.05051619951054454
406,453,47,0.094,0.05306518117710948
360,430,70,0.14,0.056485004194080826
394,447,53,0.106,0.05298886006325483
410,455,45,0.09,0.04966609308868647
380,440,60,0.12,0.05782927346974611
404,452,48,0.096,0.06798682747781276
366,433,67,0.134,0.07282958094030619
368,434,66,0.132,0.0723767072558403
354,427,73,0.146,0.08350753197818994
420,460,40,0.08,0.07778821165859699
386,443,57,0.114,0.07730187618732452
356,428,72,0.144,0.07808942209184169
370,435,65,0.13,0.0739511941894889
392,446,54,0.108,0.07450632694363594
350,425,75,0.15,0.07803773134946823
388,444,56,0.112,0.07457257826626301
356,428,72,0.144,0.08287300238758326
366,433,67,0.134,0.0768816064670682
380,440,60,0.12,0.07417920511215925
362,431,69,0.138,0.0772474239245057
364,432,68,0.136,0.06568084550648928
418,459,41,0.082,0.054825504776090384
382,441,59,0.118,0.053643149141222236
372,436,64,0.128,0.05260895384848118
372,436,64,0.128,0.04668009454756975
396,448,52,0.104,0.048501268040388824
388,444,56,0.112,0.048728253476321697
358,429,71,0.142,0.05212767335772514
396,448,52,0.104,0.05254198269918561
392,446,54,0.108,0.057315328694880006
386,443,57,0.114,0.05709484381973744
396,448,52,0.104,0.05353971067070961
358,429,71,0.142,0.055452031895518304
408,454,46,0.092,0.044076672557741406
390,445,55,0.11,0.04395533925667405
372,436,64,0.128,0.04527330644056201
382,441,59,0.118,0.04653195900470018
404,452,48,0.096,0.04563553525879979
378,439,61,0.122,0.049713693764060735
364,432,68,0.136,0.050586405314505103
390,445,55,0.11,0.05363238129019737
402,451,49,0.098,0.04754466509819031
366,433,67,0.134,0.05142394112423063
416,458,42,0.084,0.04668655130639672
380,440,60,0.12,0.041057139351964
358,429,71,0.142,0.03628827915713191
402,451,49,0.098,0.03174146787077189
376,438,62,0.124,0.03302334357053041
430,465,35,0.07,0.02849090825021267
404,452,48,0.096,0.02962648836709559
394,447,53,0.106,0.028834264554083347
374,437,63,0.126,0.03213355335965753
384,442,58,0.116,0.03152382827736437
380,440,60,0.12,0.033955684337764976
398,449,51,0.102,0.033522940158843995
382,441,59,0.118,0.03621293892711401
348,424,76,0.152,0.045813267171382906
364,432,68,0.136,0.04487344421818852
358,429,71,0.142,0.04914485624432564
394,447,53,0.106,0.05150323825329542
348,424,76,0.152,0.047359580732882024
440,470,30,0.06,0.039891192626208063
352,426,74,0.148,0.040524807069450615
412,456,44,0.088,0.03029867358878255
384,442,58,0.116,0.02489918707124889
380,440,60,0.12,0.02449084122851491
376,438,62,0.124,0.02614511752128601
360,430,70,0.14,0.032423623399809004
390,445,55,0.11,0.03335965389385819
396,448,52,0.104,0.03411815046146512
404,452,48,0.096,0.03267242749035358
378,439,61,0.122,0.03818402444943786
384,442,58,0.116,0.031583711499348285
356,428,72,0.144,0.03379468354582787
396,448,52,0.104,0.030687552567571403
334,417,83,0.166,0.031091555751860143
388,444,56,0.112,0.0334841628074646
380,440,60,0.12,0.03502521246112883
424,462,38,0.076,0.030723648868501187
334,417,83,0.166,0.04366733704134822
408,454,46,0.092,0.043250638611614704
342,421,79,0.158,0.04748842753469944
320,410,90,0.18,0.051456721913069485
376,438,62,0.124,0.04483260224759579
374,437,63,0.126,0.042054498888552186
400,450,50,0.1,0.043231067989021536
344,422,78,0.156,0.04737413128092885
366,433,67,0.134,0.04582644223421812
364,432,68,0.136,0.04659948971495032
402,451,49,0.098,0.04232642935961485
390,445,55,0.11,0.04402655666321516
394,447,53,0.106,0.036748307358473536
404,452,48,0.096,0.03129155270010233
388,444,56,0.112,0.033207659741863606
384,442,58,0.116,0.032739169664680955
394,447,53,0.106,0.03181642584502697
384,442,58,0.116,0.0347104239910841
412,456,44,0.088,0.03440810412913561
398,449,51,0.102,0.036142151333391666
362,431,69,0.138,0.03639526535198093
424,462,38,0.076,0.03196542461961508
342,421,79,0.158,0.036482458733022215
384,442,58,0.116,0.03532212239131331
346,423,77,0.154,0.04490456067398191
392,446,54,0.108,0.046473729152232406
408,454,46,0.092,0.04515985923632979
372,436,64,0.128,0.04567263836786151
416,458,42,0.084,0.03664237995259464
414,457,43,0.086,0.03507774735614658
400,450,50,0.1,0.03374467490054667
376,438,62,0.124,0.03346800818666816
434,467,33,0.066,0.02083715488947928
384,442,58,0.116,0.02387197167146951
332,416,84,0.168,0.02497695759125054
414,457,43,0.086,0.024108062321320175
362,431,69,0.138,0.0384098643194884
378,439,61,0.122,0.04123653259128332
386,443,57,0.114,0.04097333252057433
404,452,48,0.096,0.042912223480641845
360,430,70,0.14,0.04590164954587817
400,450,50,0.1,0.042265816986560824
374,437,63,0.126,0.04215675764903426
374,437,63,0.126,0.042122012317180636
440,470,30,0.06,0.030308906316757204
434,467,33,0.066,0.028113447695970534
382,441,59,0.118,0.029070626681670545
330,415,85,0.17,0.02729059945046902
378,439,61,0.122,0.02971764264255762
378,439,61,0.122,0.029454792806878686
362,431,69,0.138,0.03028002591058612
400,450,50,0.1,0.03287379587069154
346,423,77,0.154,0.04449320490285754
394,447,53,0.106,0.04059255597740412
392,446,54,0.108,0.04026039618998766
406,453,47,0.094,0.03889606677368283
414,457,43,0.086,0.030818699292838574
400,450,50,0.1,0.02819068866968155
372,436,64,0.128,0.02840539186820388
412,456,44,0.088,0.024988842722028493
368,434,66,0.132,0.029914031418040395
382,441,59,0.118,0.030642046440392732
374,437,63,0.126,0.03313031499274075
406,453,47,0.094,0.03484615271538496
364,432,68,0.136,0.04441434205695987
370,435,65,0.13,0.0435539161413908
396,448,52,0.104,0.04031851176917553
384,442,58,0.116,0.04105715785548091
398,449,51,0.102,0.0309095960278064
418,459,41,0.082,0.029055196890607475
406,453,47,0.094,0.02786812624707818
422,461,39,0.078,0.0232669611107558
382,441,59,0.118,0.019865389818325637
360,430,70,0.14,0.022466136325150727
410,455,45,0.09,0.0194677445217967
318,409,91,0.182,0.0264276864528656
408,454,46,0.092,0.030351592626422643
376,438,62,0.124,0.033892294380813835
386,443,57,0.114,0.03455024468898773
374,437,63,0.126,0.03694717222638428
428,464,36,0.072,0.02734525434859097
356,428,72,0.144,0.030247848808765413
362,431,69,0.138,0.023788584575988352
402,451,49,0.098,0.01850491926446557
380,440,60,0.12,0.016297375101596116
408,454,46,0.092,0.015509065479040145
380,440,60,0.12,0.01887931132968515
360,430,70,0.14,0.021162879102863373
392,446,54,0.108,0.025207165624946355
398,449,51,0.102,0.02588415864482522
384,442,58,0.116,0.02792874918319285
378,439,61,0.122,0.029814825870096682
348,424,76,0.152,0.027035729167982935
394,447,53,0.106,0.02497873299382627
366,433,67,0.134,0.026013359082862734
390,445,55,0.11,0.0241535716522485
408,454,46,0.092,0.022138336664065717
374,437,63,0.126,0.023592892592772842
356,428,72,0.144,0.02283372722193599
398,449,51,0.102,0.01966589927300811
348,424,76,0.152,0.022384592128917576
384,442,58,0.116,0.020854990435764192
372,436,64,0.128,0.02517656467668712
384,442,58,0.116,0.025469620563089847
348,424,76,0.152,0.02856883739680052
390,445,55,0.11,0.02819664057530463
390,445,55,0.11,0.026357381207868458
394,447,53,0.106,0.023809301644563675
418,459,41,0.082,0.016761228201910852
396,448,52,0.104,0.01741681115794927
380,440,60,0.12,0.016481628146022557
350,425,75,0.15,0.016620518806390466
410,455,45,0.09,0.02283794647268951
334,417,83,0.166,0.024865823180414737
378,439,61,0.122,0.027385507868602874
434,467,33,0.066,0.025460909578949212
342,421,79,0.158,0.030284239066764713
374,437,63,0.126,0.027871917491778732
368,434,66,0.132,0.025764332057908176
418,459,41,0.082,0.022973522920161485
348,424,76,0.152,0.024786775924265383
410,455,45,0.09,0.021269928483292462
394,447,53,0.106,0.023204984847456218
382,441,59,0.118,0.027182011257857085
368,434,66,0.132,0.027155835308134556
354,427,73,0.146,0.02880338302999735
344,422,78,0.156,0.028282488465309143
416,458,42,0.084,0.02306513078697026
406,453,47,0.094,0.021384792977944017
376,438,62,0.124,0.02172498696297407
380,440,60,0.12,0.02222439737804234
432,466,34,0.068,0.020233163487166167
370,435,65,0.13,0.021567291401326655
340,420,80,0.16,0.021692307230085136
376,438,62,0.124,0.017870112784206867
376,438,62,0.124,0.017770068769343197
396,448,52,0.104,0.01712574356049299
382,441,59,0.118,0.01661079730000347
340,420,80,0.16,0.020378618783317506
382,441,59,0.118,0.0180459896158427
378,439,61,0.122,0.01948584721982479
326,413,87,0.174,0.021962252672761678
424,462,38,0.076,0.020254496056586503
364,432,68,0.136,0.022025764724239706
412,456,44,0.088,0.019944835789501666
366,433,67,0.134,0.022143542893230915
396,448,52,0.104,0.017667238887399433
388,444,56,0.112,0.019088416604325174
386,443,57,0.114,0.01862053228635341
388,444,56,0.112,0.01825433917529881
376,438,62,0.124,0.01829649157077074
406,453,47,0.094,0.017403134111315013
392,446,54,0.108,0.01891027058660984
394,447,53,0.106,0.017569505685940384
384,442,58,0.116,0.018808535080403088
392,446,54,0.108,0.016593250177800657
376,438,62,0.124,0.016688945767469703
416,458,42,0.084,0.015039749379269779
386,443,57,0.114,0.015927060712128877
406,453,47,0.094,0.015899632398039102
366,433,67,0.134,0.01674923820979893
406,453,47,0.094,0.015169241704978048
432,466,34,0.068,0.01312635653745383
378,439,61,0.122,0.014542957582511009
374,437,63,0.126,0.014203743172809482
374,437,63,0.126,0.01594102087058127
400,450,50,0.1,0.015889200667850673
338,419,81,0.162,0.019187498768791555
380,440,60,0.12,0.01833979236613959
384,442,58,0.116,0.019438812041655183
384,442,58,0.116,0.01941294869594276
400,450,50,0.1,0.016814928986132145
386,443,57,0.114,0.018456627533771097
386,443,57,0.114,0.012915276811923832
398,449,51,0.102,0.012112724679056556
390,445,55,0.11,0.010886334786191583
366,433,67,0.134,0.01311030768044293
322,411,89,0.178,0.02294431756436825
366,433,67,0.134,0.026166406062431632
356,428,72,0.144,0.02804458171874285
378,439,61,0.122,0.035626239616423847
358,429,71,0.142,0.039143239064142105
410,455,45,0.09,0.03370221271552146
354,427,73,0.146,0.03461695921421051
356,428,72,0.144,0.02102706544753164
374,437,63,0.126,0.018018637150526047
380,440,60,0.12,0.014760928909294308
376,438,62,0.124,0.014520614142529666
426,463,37,0.074,0.012492338998243212
394,447,53,0.106,0.011987738717347384
380,440,60,0.12,0.012431582635268569
378,439,61,0.122,0.012544500355608761
398,449,51,0.102,0.013644139035604894
316,408,92,0.184,0.016840557280927898
386,443,57,0.114,0.015688249039463698
358,429,71,0.142,0.017916449326090513
390,445,55,0.11,0.017060566782951356
436,468,32,0.064,0.015669558639638127
416,458,42,0.084,0.014625674824230373
394,447,53,0.106,0.013163932860828936
364,432,68,0.136,0.012249560253694653
422,461,39,0.078,0.010915283061563969
398,449,51,0.102,0.012896888816729188
364,432,68,0.136,0.013998917409218848
408,454,46,0.092,0.013996718112379312
386,443,57,0.114,0.01578988595120609
358,429,71,0.142,0.019923228725790977
398,449,51,0.102,0.019792644720524548
354,427,73,0.146,0.021938535621389747
376,438,62,0.124,0.021075616171583534
374,437,63,0.126,0.01853083750978112
412,456,44,0.088,0.017465008402243257
352,426,74,0.148,0.018313151374459265
424,462,38,0.076,0.016147736919112504
390,445,55,0.11,0.01387474684137851
348,424,76,0.152,0.014076361541636289
384,442,58,0.116,0.013520918273366987
342,421,79,0.158,0.01503795646969229
366,433,67,0.134,0.019196310065686704
396,448,52,0.104,0.020533986058086158
360,430,70,0.14,0.02426819481141865
394,447,53,0.106,0.021731712529435752
376,438,62,0.124,0.023616943493485452
350,425,75,0.15,0.024741377333179115
370,435,65,0.13,0.023613712875172495
392,446,54,0.108,0.021063703780062497
384,442,58,0.116,0.020316274920478463
408,454,46,0.092,0.016707770748063924
412,456,44,0.088,0.01731860109977424
334,417,83,0.166,0.01614066461659968
354,427,73,0.146,0.01356463585421443
362,431,69,0.138,0.012865285519510508
426,463,37,0.074,0.011071108658798038
386,443,57,0.114,0.013811279218178242
420,460,40,0.08,0.013630384569987655
354,427,73,0.146,0.01590952350758016
416,458,42,0.084,0.01428796329163015
374,437,63,0.126,0.01408262714277953
374,437,63,0.126,0.012791398032568395
372,436,64,0.128,0.01173066698666662
410,455,45,0.09,0.00960180928884074
394,447,53,0.106,0.010185971986036747
368,434,66,0.132,0.011288586689159275
378,439,61,0.122,0.011853339437395334
360,430,70,0.14,0.014474971898831427
408,454,46,0.092,0.01276264918781817
382,441,59,0.118,0.013933980837464333
402,451,49,0.098,0.012059209734201432
340,420,80,0.16,0.012296630482189357
378,439,61,0.122,0.011481997950002551
394,447,53,0.106,0.011021160431206226
364,432,68,0.136,0.012978099243715405
392,446,54,0.108,0.01262670736387372
344,422,78,0.156,0.013643574437126518
398,449,51,0.102,0.011499980458058418
340,420,80,0.16,0.013718601919710636
360,430,70,0.14,0.01264090902544558
418,459,41,0.082,0.0104369385400787
372,436,64,0.128,0.012492587057873606
404,452,48,0.096,0.01062229080311954
356,428,72,0.144,0.011320191462524234
414,457,43,0.086,0.009507318611256779
398,449,51,0.102,0.009709161601029337
356,428,72,0.144,0.010119386883452534
390,445,55,0.11,0.010033092657104135
398,449,51,0.102,0.010526782497763634
392,446,54,0.108,0.010870739066042006
406,453,47,0.094,0.01065282639488578
386,443,57,0.114,0.01176507542002946
386,443,57,0.114,0.010448954591527582
384,442,58,0.116,0.009248172734864056
432,466,34,0.068,0.0076157858669757845
408,454,46,0.092,0.006743542533833534
442,471,29,0.058,0.005866989822126925
386,443,57,0.114,0.00712490580859594
394,447,53,0.106,0.006970561400521547
362,431,69,0.138,0.016878268065396697
354,427,73,0.146,0.021266534083522855
368,434,66,0.132,0.0198697318052873
352,426,74,0.148,0.026202774446457626
352,426,74,0.148,0.03473645640909672
362,431,69,0.138,0.034072763964533806
386,443,57,0.114,0.03155155281722546
348,424,76,0.152,0.03012327315285802
422,461,39,0.078,0.014137326227501034
348,424,76,0.152,0.016801417278591545
368,434,66,0.132,0.015003862965852021
416,458,42,0.084,0.012333948110230267
398,449,51,0.102,0.011280893684830517
414,457,43,0.086,0.011038655639626086
362,431,69,0.138,0.01317219150532037
340,420,80,0.16,0.013823529716581106
390,445,55,0.11,0.017754218640737236
378,439,61,0.122,0.017426662420853972
384,442,58,0.116,0.017720547755248846
414,457,43,0.086,0.017206636572256684
396,448,52,0.104,0.013803960823453964
402,451,49,0.098,0.014682062744162977
346,423,77,0.154,0.015098564037121832
442,471,29,0.058,0.011331951101776212
386,443,57,0.114,0.011365980675909668
368,434,66,0.132,0.011939725209027528
380,440,60,0.12,0.01210311473440379
358,429,71,0.142,0.013078662739135325
398,449,51,0.102,0.016970327757298946
390,445,55,0.11,0.017070431743748487
408,454,46,0.092,0.01585548886470497
396,448,52,0.104,0.01727783293556422
352,426,74,0.148,0.013447201016359031
356,428,72,0.144,0.013757295497693122
440,470,30,0.06,0.012022505645640195
396,448,52,0.104,0.015309726485982538
356,428,72,0.144,0.018042734084650874
362,431,69,0.138,0.018346432643011213
386,443,57,0.114,0.018667406501248478
386,443,57,0.114,0.02056714686565101
396,448,52,0.104,0.020827666137367487
342,421,79,0.158,0.022402600942179562
398,449,51,0.102,0.021180111210793256
288,394,106,0.212,0.027043324334546922
388,444,56,0.112,0.025462207358330487
378,439,61,0.122,0.025214661674574017
394,447,53,0.106,0.024126403864473105
374,437,63,0.126,0.020194607747718692
398,449,51,0.102,0.016515186603181065
384,442,58,0.116,0.0171267877202481
384,442,58,0.116,0.016336347179487346
396,448,52,0.104,0.01844179823063314
400,450,50,0.1,0.018340595852583647
358,429,71,0.142,0.021092809917405246
374,437,63,0.126,0.020120971027761697
350,425,75,0.15,0.024025066550821067
400,450,50,0.1,0.022892694268375636
380,440,60,0.12,0.022311538751237096
406,453,47,0.094,0.02093839157745242
370,435,65,0.13,0.020133514330722392
388,444,56,0.112,0.01968633977137506
398,449,51,0.102,0.019304402148351073
376,438,62,0.124,0.019851610846817493
306,403,97,0.194,0.02384742554090917
406,453,47,0.094,0.02003836663812399
378,439,61,0.122,0.022529147831723093
372,436,64,0.128,0.023150934806093572
342,421,79,0.158,0.025773055374622347
392,446,54,0.108,0.023653133930638434
382,441,59,0.118,0.02370131012611091
420,460,40,0.08,0.021046149466186763
328,414,86,0.172,0.02309395246952772
420,460,40,0.08,0.018386382158845662
406,453,47,0.094,0.018197655119001864
398,449,51,0.102,0.018379042629152537
388,444,56,0.112,0.014527438286691905
394,447,53,0.106,0.013425329514779151
380,440,60,0.12,0.015216081202961505
390,445,55,0.11,0.014364863574504852
338,419,81,0.162,0.022797388228587807
382,441,59,0.118,0.023330600749701263
382,441,59,0.118,0.02626379067823291
358,429,71,0.142,0.026266954680904744
402,451,49,0.098,0.024078250983729958
384,442,58,0.116,0.021052222182042897
394,447,53,0.106,0.017810544024221598
408,454,46,0.092,0.0170174393421039
384,442,58,0.116,0.012126440774649382
354,427,73,0.146,0.013974723263643681
366,433,67,0.134,0.013431685238145292
384,442,58,0.116,0.013003729390446096
388,444,56,0.112,0.017323305286467076
366,433,67,0.134,0.01992350925691426
360,430,70,0.14,0.02143392578139901
