log_avg_ept_score,log_avg_succ_req,log_avg_blk_req,log_avg_BP_req,log_avg_entropy
110,555,445,0.445,1.6068121851682664
90,545,455,0.455,1.606732216835022
118,559,441,0.441,1.6064806690216065
134,567,433,0.433,1.606370686173439
138,569,431,0.431,1.60189652633667
108,554,446,0.446,1.6011084115505219
116,558,442,0.442,1.600627589583397
104,552,448,0.448,1.5999425328969956
152,576,424,0.424,1.5824885969161988
168,584,416,0.416,1.5782080008983612
168,584,416,0.416,1.5795590224266052
164,582,418,0.418,1.576259461402893
300,650,350,0.35,1.4730139402747153
322,661,339,0.339,1.438000411748886
306,653,347,0.347,1.440152067810297
338,669,331,0.331,1.4165826666653156
512,756,244,0.244,0.8703152178321034
592,796,204,0.204,0.7596397923825134
642,821,179,0.179,0.7607638625795953
630,815,185,0.185,0.6730118116763187
734,867,133,0.133,0.2036196222725007
758,879,121,0.121,0.1899595080024638
710,855,145,0.145,0.1790162779286593
700,850,150,0.15,0.15639179456672173
788,894,106,0.106,0.08355170696485999
742,871,129,0.129,0.09413764852920606
778,889,111,0.111,0.07612896769464639
804,902,98,0.098,0.08015477513169993
774,887,113,0.113,0.07356096518462073
708,854,146,0.146,0.07436709350852509
700,850,150,0.15,0.0687515509072859
758,879,121,0.121,0.07363491750173222
742,871,129,0.129,0.06541289144191172
766,883,117,0.117,0.05498450293299253
696,848,152,0.152,0.058010010797351
752,876,124,0.124,0.0510520813547173
812,906,94,0.094,0.056804538384080845
838,919,81,0.081,0.05180402326814031
748,874,126,0.126,0.0553339152194051
712,856,144,0.144,0.046632319463343834
692,846,154,0.154,0.06653075147693686
740,870,130,0.13,0.05704598630163502
778,889,111,0.111,0.04864617118859314
732,866,134,0.134,0.069450706204293
710,855,145,0.145,0.06054974438555837
738,869,131,0.131,0.057360954801412394
748,874,126,0.126,0.045143899397789025
756,878,122,0.122,0.07768258224382675
794,897,103,0.103,0.05154091821120511
730,865,135,0.135,0.05105713289638814
778,889,111,0.111,0.05254368431670912
758,879,121,0.121,0.04470132286776755
710,855,145,0.145,0.048105343332169585
794,897,103,0.103,0.04405752753808565
758,879,121,0.121,0.037326491742981485
764,882,118,0.118,0.05148987571269572
750,875,125,0.125,0.05512451564406411
762,881,119,0.119,0.04799539806312049
784,892,108,0.108,0.041408610688915416
754,877,123,0.123,0.051422963066956526
756,878,122,0.122,0.04090347328196276
786,893,107,0.107,0.04369854180998522
772,886,114,0.114,0.03661096108432959
742,871,129,0.129,0.05342635437228978
758,879,121,0.121,0.04300469798774509
750,875,125,0.125,0.040536099860416015
770,885,115,0.115,0.03492242503575244
704,852,148,0.148,0.043525308861727355
752,876,124,0.124,0.038582236997609695
794,897,103,0.103,0.0494620541716741
754,877,123,0.123,0.044483027945877156
748,874,126,0.126,0.04234946291321376
762,881,119,0.119,0.05509655502672228
742,871,129,0.129,0.05287540596511462
824,912,88,0.088,0.040093059366937495
722,861,139,0.139,0.03514626294183077
776,888,112,0.112,0.03984955011145366
786,893,107,0.107,0.029521078049664654
790,895,105,0.105,0.026484220339049812
786,893,107,0.107,0.029119432780123248
758,879,121,0.121,0.03297309967497395
760,880,120,0.12,0.03468023121897839
770,885,115,0.115,0.03483932642371718
662,831,169,0.169,0.03286832208911016
688,844,156,0.156,0.04563077828830683
696,848,152,0.152,0.03954662438150729
778,889,111,0.111,0.03624324518945537
676,838,162,0.162,0.044326498888976405
772,886,114,0.114,0.025767387445184115
762,881,119,0.119,0.027590210253256375
736,868,132,0.132,0.02756300916757755
790,895,105,0.105,0.02387144356857482
792,896,104,0.104,0.02897888796560045
806,903,97,0.097,0.030639195672930584
770,885,115,0.115,0.026677494702124535
780,890,110,0.11,0.0275140524825367
718,859,141,0.141,0.028812714555446064
744,872,128,0.128,0.030338488680155932
724,862,138,0.138,0.03663853638626006
780,890,110,0.11,0.030559142736177762
776,888,112,0.112,0.028338947239472872
756,878,122,0.122,0.03919445566235777
704,852,148,0.148,0.044162010393007975
754,877,123,0.123,0.03456804370706027
708,854,146,0.146,0.03967140744015397
792,896,104,0.104,0.037120652412648496
792,896,104,0.104,0.037707040511227204
782,891,109,0.109,0.030189408476982635
772,886,114,0.114,0.044317830730481435
784,892,108,0.108,0.03947776110260031
742,871,129,0.129,0.029126482306680145
732,866,134,0.134,0.03226415705231602
800,900,100,0.1,0.02844307957294437
816,908,92,0.092,0.019012127694408378
758,879,121,0.121,0.021621664979046898
806,903,97,0.097,0.02932828269563879
782,891,109,0.109,0.02718799161845527
724,862,138,0.138,0.028073316243802566
778,889,111,0.111,0.03172026154005006
732,866,134,0.134,0.0271675685934332
760,880,120,0.12,0.03752465159625532
776,888,112,0.112,0.03133495021907045
736,868,132,0.132,0.031488261177717615
752,876,124,0.124,0.03159249748140576
744,872,128,0.128,0.033851706329882915
768,884,116,0.116,0.02446975453972459
708,854,146,0.146,0.03553331320150596
784,892,108,0.108,0.02719492472798015
664,832,168,0.168,0.03675816404567968
780,890,110,0.11,0.031947935858417965
710,855,145,0.145,0.027679786652146505
776,888,112,0.112,0.02130920589837939
784,892,108,0.108,0.017981121714357017
816,908,92,0.092,0.025419696152329578
780,890,110,0.11,0.026077974306622308
840,920,80,0.08,0.0207941681534995
790,895,105,0.105,0.027826389214899307
764,882,118,0.118,0.013083000192836779
758,879,121,0.121,0.018436714805761086
754,877,123,0.123,0.023470338608089805
766,883,117,0.117,0.0225440087361754
714,857,143,0.143,0.023729632806952394
740,870,130,0.13,0.028394178942683937
760,880,120,0.12,0.02625397063392147
778,889,111,0.111,0.02150544689831891
806,903,97,0.097,0.02431693703403056
748,874,126,0.126,0.021339758889187408
792,896,104,0.104,0.026282716382640615
780,890,110,0.11,0.023172724480768864
758,879,121,0.121,0.025683590056053675
760,880,120,0.12,0.018630529751193677
762,881,119,0.119,0.022759432650794637
784,892,108,0.108,0.018701631043569592
758,879,121,0.121,0.02406159567048752
736,868,132,0.132,0.01982823380610725
776,888,112,0.112,0.01830579650098619
766,883,117,0.117,0.024200992834475868
798,899,101,0.101,0.01887270371239157
764,882,118,0.118,0.02720826737200815
778,889,111,0.111,0.017265822773691285
818,909,91,0.091,0.016036872594307795
772,886,114,0.114,0.020115924293097463
782,891,109,0.109,0.01965120147951369
776,888,112,0.112,0.021726567744675095
770,885,115,0.115,0.018456011604058686
842,921,79,0.079,0.014961879423958577
764,882,118,0.118,0.021938441508979053
760,880,120,0.12,0.018889059246815193
810,905,95,0.095,0.017754620540620634
756,878,122,0.122,0.021573783657157945
724,862,138,0.138,0.017273988918717436
750,875,125,0.125,0.02240621805737531
782,891,109,0.109,0.01842894246075207
770,885,115,0.115,0.020328818730927053
818,909,91,0.091,0.019212990105713174
764,882,118,0.118,0.018492493225193526
798,899,101,0.101,0.01978470557652517
836,918,82,0.082,0.01718092813936488
734,867,133,0.133,0.021334594490518156
744,872,128,0.128,0.02315988949345835
674,837,163,0.163,0.023134207585169632
842,921,79,0.079,0.014792192742178613
734,867,133,0.133,0.0166127920013663
772,886,114,0.114,0.023464125895764652
748,874,126,0.126,0.023496987105024573
746,873,127,0.127,0.019617767446571947
800,900,100,0.1,0.0176902228152353
746,873,127,0.127,0.019414663238409447
780,890,110,0.11,0.015535463295841368
720,860,140,0.14,0.01883680055945439
750,875,125,0.125,0.023815648125293933
756,878,122,0.122,0.020153731305326404
764,882,118,0.118,0.018721051445321563
792,896,104,0.104,0.012715805928482381
778,889,111,0.111,0.023785847808856942
752,876,124,0.124,0.02220621206372516
808,904,96,0.096,0.018316742050468293
702,851,149,0.149,0.0212020640887863
782,891,109,0.109,0.017560037867679967
750,875,125,0.125,0.02326041404791232
804,902,98,0.098,0.023615113895532204
746,873,127,0.127,0.018302526604166133
748,874,126,0.126,0.014805004505658474
768,884,116,0.116,0.01631849478649997
770,885,115,0.115,0.018363915485995107
828,914,86,0.086,0.016432639293311808
754,877,123,0.123,0.014824283845272816
776,888,112,0.112,0.01261077713362937
794,897,103,0.103,0.015014903582624754
756,878,122,0.122,0.015107476863734235
740,870,130,0.13,0.01605765742456549
708,854,146,0.146,0.021985963424832677
778,889,111,0.111,0.015389975824914245
756,878,122,0.122,0.01467066898582209
754,877,123,0.123,0.013893841926251753
740,870,130,0.13,0.02118665326801295
746,873,127,0.127,0.01547849202980774
802,901,99,0.099,0.01068533414990182
826,913,87,0.087,0.016298314098662132
764,882,118,0.118,0.013580542329641204
756,878,122,0.122,0.0175472050002233
764,882,118,0.118,0.019299113134983857
804,902,98,0.098,0.01613891098579279
784,892,108,0.108,0.015425480306650741
760,880,120,0.12,0.010925466228121081
764,882,118,0.118,0.017225724491641073
746,873,127,0.127,0.017969319455415644
826,913,87,0.087,0.00828246854813696
724,862,138,0.138,0.020801891032429184
792,896,104,0.104,0.014546859551163919
816,908,92,0.092,0.01641564191133169
798,899,101,0.101,0.01688077366081609
746,873,127,0.127,0.019135735355960377
766,883,117,0.117,0.012064837838997476
756,878,122,0.122,0.018893188754762192
832,916,84,0.084,0.01556891807585032
738,869,131,0.131,0.017974610441609088
786,893,107,0.107,0.012431689196881507
752,876,124,0.124,0.014497452718321938
796,898,102,0.102,0.012423656317571726
724,862,138,0.138,0.017473314710107785
800,900,100,0.1,0.010891837935888389
852,926,74,0.074,0.010949557719318307
748,874,126,0.126,0.012600397824182834
734,867,133,0.133,0.015746247130743143
720,860,140,0.14,0.015243529105513772
756,878,122,0.122,0.015165610654854845
746,873,127,0.127,0.016388873899343452
762,881,119,0.119,0.012517741608032451
714,857,143,0.143,0.012008266823742588
818,909,91,0.091,0.013776747601775455
804,902,98,0.098,0.009970569675496407
758,879,121,0.121,0.01623018574275244
760,880,120,0.12,0.012354985132063007
738,869,131,0.131,0.017587276709456957
742,871,129,0.129,0.013990798615686686
774,887,113,0.113,0.021929044851320356
800,900,100,0.1,0.015358198180315072
786,893,107,0.107,0.015335303136589474
736,868,132,0.132,0.014227771049387628
714,857,143,0.143,0.013009678518053206
750,875,125,0.125,0.012388058591413483
832,916,84,0.084,0.011807484237750401
810,905,95,0.095,0.011678479004061187
702,851,149,0.149,0.021570561343499463
802,901,99,0.099,0.013341190043062013
776,888,112,0.112,0.008766433786975369
752,876,124,0.124,0.0149298354521718
732,866,134,0.134,0.016204932205078394
766,883,117,0.117,0.014160513649197654
784,892,108,0.108,0.009267992519797232
774,887,113,0.113,0.011316743149221337
778,889,111,0.111,0.012731142542757397
754,877,123,0.123,0.013421793886924974
818,909,91,0.091,0.012109329520848405
786,893,107,0.107,0.010091702481567011
752,876,124,0.124,0.014525537554090277
796,898,102,0.102,0.013387115598794594
782,891,109,0.109,0.009143949389136083
712,856,144,0.144,0.017783955603750356
772,886,114,0.114,0.01460805764315171
766,883,117,0.117,0.016497452510875973
732,866,134,0.134,0.014482749411294436
732,866,134,0.134,0.015207266385566982
780,890,110,0.11,0.02298986461095069
738,869,131,0.131,0.01692934686135891
724,862,138,0.138,0.019070710820536647
730,865,135,0.135,0.014376075863999688
788,894,106,0.106,0.012923503892687734
748,874,126,0.126,0.01301728558775278
766,883,117,0.117,0.017773143918457662
742,871,129,0.129,0.017632055379485565
786,893,107,0.107,0.011584820919029994
764,882,118,0.118,0.015279065418495292
792,896,104,0.104,0.017312819995766972
800,900,100,0.1,0.014468595111791046
742,871,129,0.129,0.015423451183330486
770,885,115,0.115,0.019235990985671775
784,892,108,0.108,0.015513011971725717
746,873,127,0.127,0.015657504075799637
776,888,112,0.112,0.0185763883785624
816,908,92,0.092,0.01482249671724881
776,888,112,0.112,0.01632156381174022
796,898,102,0.102,0.012014211718827597
772,886,114,0.114,0.010876936735694016
762,881,119,0.119,0.01574297132894759
736,868,132,0.132,0.02073671757609071
726,863,137,0.137,0.014315427913035307
800,900,100,0.1,0.014124898070795552
792,896,104,0.104,0.017734886247813848
820,910,90,0.09,0.011268687615822358
768,884,116,0.116,0.018291045455627
744,872,128,0.128,0.016549399528916865
716,858,142,0.142,0.02306092001168963
796,898,102,0.102,0.014689829023868612
782,891,109,0.109,0.01876941743155578
716,858,142,0.142,0.020411141600882275
744,872,128,0.128,0.018428490446438274
782,891,109,0.109,0.020508701280316927
790,895,105,0.105,0.013644361044051265
710,855,145,0.145,0.02232225959932748
820,910,90,0.09,0.01380028079269698
712,856,144,0.144,0.01768616915987309
760,880,120,0.12,0.016510740023957624
782,891,109,0.109,0.01734775575285971
738,869,131,0.131,0.016467784046578574
818,909,91,0.091,0.01659974906428579
756,878,122,0.122,0.01862891219619951
778,889,111,0.111,0.014158835452039796
766,883,117,0.117,0.016742195261750567
796,898,102,0.102,0.014638698271373186
742,871,129,0.129,0.011761067618040442
732,866,134,0.134,0.012980451435646388
796,898,102,0.102,0.01641830110306728
764,882,118,0.118,0.015452422853551525
784,892,108,0.108,0.011452893734678555
752,876,124,0.124,0.02037517617113552
782,891,109,0.109,0.016259411992828064
724,862,138,0.138,0.022170816762758477
738,869,131,0.131,0.0133761736845329
762,881,119,0.119,0.015189629788315414
766,883,117,0.117,0.015813954433497885
778,889,111,0.111,0.01786157700546056
776,888,112,0.112,0.01083061353961078
740,870,130,0.13,0.016084178628355858
772,886,114,0.114,0.010662543699884054
792,896,104,0.104,0.011609230852746805
710,855,145,0.145,0.019240992459300856
770,885,115,0.115,0.016888169725253647
782,891,109,0.109,0.0191792231457016
764,882,118,0.118,0.015531807294334385
752,876,124,0.124,0.016225581037230766
688,844,156,0.156,0.015062893630990174
726,863,137,0.137,0.019234982014730406
754,877,123,0.123,0.01932423152499723
780,890,110,0.11,0.019746931322745694
798,899,101,0.101,0.01751787357818739
744,872,128,0.128,0.014653193756323162
712,856,144,0.144,0.016204025074166566
768,884,116,0.116,0.019128619634208918
766,883,117,0.117,0.01663726512357289
802,901,99,0.099,0.01207126712606373
788,894,106,0.106,0.01456910590327243
758,879,121,0.121,0.015066786705571303
780,890,110,0.11,0.017548750451579734
732,866,134,0.134,0.01632010335229461
782,891,109,0.109,0.018960687096187485
814,907,93,0.093,0.015893523302928314
706,853,147,0.147,0.01738065494972716
780,890,110,0.11,0.01953408650743904
778,889,111,0.111,0.015181856498888237
730,865,135,0.135,0.017021006270127204
744,872,128,0.128,0.01601854206166172
786,893,107,0.107,0.01989787418614833
798,899,101,0.101,0.016900008957301905
750,875,125,0.125,0.01843445751649233
750,875,125,0.125,0.020466494413084093
720,860,140,0.14,0.019072273091142053
764,882,118,0.118,0.0169425771160295
746,873,127,0.127,0.02236905859195815
738,869,131,0.131,0.019951005132780666
736,868,132,0.132,0.02285366079166579
768,884,116,0.116,0.025686448600584298
676,838,162,0.162,0.023729045552248862
774,887,113,0.113,0.017155039248533285
770,885,115,0.115,0.01843913257159329
788,894,106,0.106,0.017341979896578777
798,899,101,0.101,0.019219854332935028
768,884,116,0.116,0.016198609099454187
778,889,111,0.111,0.01859369433872007
776,888,112,0.112,0.021110392374942492
762,881,119,0.119,0.01733322878629224
738,869,131,0.131,0.024528521309516237
794,897,103,0.103,0.015136183897709998
760,880,120,0.12,0.015590593554183215
802,901,99,0.099,0.019222620959710186
808,904,96,0.096,0.021935738556841215
692,846,154,0.154,0.022002315985379935
790,895,105,0.105,0.02509085206956297
762,881,119,0.119,0.0219976645426691
756,878,122,0.122,0.023062407625155174
796,898,102,0.102,0.01773033364609546
732,866,134,0.134,0.019697181147627363
832,916,84,0.084,0.013712623624620847
784,892,108,0.108,0.019019553558910503
704,852,148,0.148,0.01965337640926009
764,882,118,0.118,0.019207329549688096
750,875,125,0.125,0.015529608770080814
810,905,95,0.095,0.014751058149765867
730,865,135,0.135,0.020070068954271846
706,853,147,0.147,0.02767829415529377
732,866,134,0.134,0.022038204315651455
734,867,133,0.133,0.01969432627180231
770,885,115,0.115,0.018478651436476867
776,888,112,0.112,0.018191771920577592
724,862,138,0.138,0.020490863343242835
814,907,93,0.093,0.019612903069226945
726,863,137,0.137,0.02108012014052656
802,901,99,0.099,0.02021211142568063
798,899,101,0.101,0.021157914234605415
752,876,124,0.124,0.02228859687390286
744,872,128,0.128,0.023186150277206254
728,864,136,0.136,0.023130793327860374
856,928,72,0.072,0.015501292763079733
732,866,134,0.134,0.02792737885563656
784,892,108,0.108,0.01732315641976038
732,866,134,0.134,0.020145366830744024
730,865,135,0.135,0.01801775962958436
740,870,130,0.13,0.015626007698025204
822,911,89,0.089,0.01860538586678473
766,883,117,0.117,0.01623829712978386
770,885,115,0.115,0.02164851815714246
750,875,125,0.125,0.01896572773517164
730,865,135,0.135,0.01760052745686403
724,862,138,0.138,0.020048816276351772
758,879,121,0.121,0.024313118858488452
790,895,105,0.105,0.022749530545885136
804,902,98,0.098,0.014411445884692512
770,885,115,0.115,0.015153415001688245
760,880,120,0.12,0.014200056278166584
808,904,96,0.096,0.017938727875889526
720,860,140,0.14,0.01658000189114682
756,878,122,0.122,0.02419175283599361
746,873,127,0.127,0.022451444774067568
748,874,126,0.126,0.03119417191913601
742,871,129,0.129,0.02507155914127884
768,884,116,0.116,0.025419811666608127
798,899,101,0.101,0.022346009837207477
732,866,134,0.134,0.0223053532277263
784,892,108,0.108,0.02012097788506071
750,875,125,0.125,0.018847241075538135
700,850,150,0.15,0.022544107440042354
774,887,113,0.113,0.01732151556580743
796,898,102,0.102,0.01518710504032424
802,901,99,0.099,0.014245785592082939
750,875,125,0.125,0.020833649255666387
784,892,108,0.108,0.020929434755580588
800,900,100,0.1,0.01588220866757183
746,873,127,0.127,0.020149486050412634
724,862,138,0.138,0.01940601285431694
766,883,117,0.117,0.02039421620430494
786,893,107,0.107,0.017378134819475234
808,904,96,0.096,0.01522484032801549
790,895,105,0.105,0.02196220958662252
714,857,143,0.143,0.015893535445378804
760,880,120,0.12,0.02052996811936282
754,877,123,0.123,0.018233676177369488
688,844,156,0.156,0.021200930498318483
796,898,102,0.102,0.020073133977071847
746,873,127,0.127,0.01855347269737831
766,883,117,0.117,0.02321952746618581
796,898,102,0.102,0.016303137226652324
812,906,94,0.094,0.016302486661694274
744,872,128,0.128,0.017971375194123538
742,871,129,0.129,0.01535285553966969
758,879,121,0.121,0.018003457406231972
796,898,102,0.102,0.014466698501866632
780,890,110,0.11,0.01744686656779231
764,882,118,0.118,0.012260973890439118
790,895,105,0.105,0.014936866368539995
822,911,89,0.089,0.015489630965640572
754,877,123,0.123,0.01658581210376724
720,860,140,0.14,0.01800059326277551
850,925,75,0.075,0.01435189728612204
732,866,134,0.134,0.0161628247237486
780,890,110,0.11,0.011719472642182155
780,890,110,0.11,0.015051605720840598
798,899,101,0.101,0.015424998751979729
756,878,122,0.122,0.01373157226301305
762,881,119,0.119,0.01770965453622921
790,895,105,0.105,0.015484787339355535
714,857,143,0.143,0.01678711917545297
750,875,125,0.125,0.014895949824040144
742,871,129,0.129,0.01453088684445538
724,862,138,0.138,0.019919401710842066
678,839,161,0.161,0.017867525107747497
706,853,147,0.147,0.021868296109205404
730,865,135,0.135,0.025532335603026694
762,881,119,0.119,0.021255466830341904
782,891,109,0.109,0.017777619250169664
736,868,132,0.132,0.016436005660878435
720,860,140,0.14,0.01638500272151032
826,913,87,0.087,0.015197177310590632
742,871,129,0.129,0.017404106218175
732,866,134,0.134,0.018781958405759722
758,879,121,0.121,0.0169804366826138
832,916,84,0.084,0.013219791466741298
752,876,124,0.124,0.014728034193254644
774,887,113,0.113,0.013377774643773592
772,886,114,0.114,0.011400083283367621
732,866,134,0.134,0.01611074211395521
754,877,123,0.123,0.018857109445993045
790,895,105,0.105,0.01609674550651289
734,867,133,0.133,0.011688192820802214
748,874,126,0.126,0.015938491234159302
772,886,114,0.114,0.012164185931538668
734,867,133,0.133,0.012798506464470847
776,888,112,0.112,0.015286335251427545
794,897,103,0.103,0.010223824107195014
688,844,156,0.156,0.013615750698350894
770,885,115,0.115,0.016680400852095774
754,877,123,0.123,0.013092943930150796
728,864,136,0.136,0.013745492025856947
740,870,130,0.13,0.012760027541575255
746,873,127,0.127,0.014815117313404699
736,868,132,0.132,0.012855648050059244
756,878,122,0.122,0.01137808641812444
760,880,120,0.12,0.009597529175950399
836,918,82,0.082,0.008041869260507156
772,886,114,0.114,0.011837731387247913
810,905,95,0.095,0.008244633890169098
762,881,119,0.119,0.009990424803301722
796,898,102,0.102,0.008593139023287677
762,881,119,0.119,0.012174140195656945
766,883,117,0.117,0.013896956938866539
798,899,101,0.101,0.012687648389157402
766,883,117,0.117,0.013064908436283076
808,904,96,0.096,0.0111609320327575
754,877,123,0.123,0.009068466412472276
780,890,110,0.11,0.010703279755837684
780,890,110,0.11,0.010390624177342033
718,859,141,0.141,0.011263468349536197
724,862,138,0.138,0.015592604665347608
754,877,123,0.123,0.012381932990476343
756,878,122,0.122,0.012919858057105785
764,882,118,0.118,0.010961100872813405
840,920,80,0.08,0.007443606696924462
794,897,103,0.103,0.008137051825833623
814,907,93,0.093,0.006761728131963764
728,864,136,0.136,0.011574865847932188
764,882,118,0.118,0.009697985490251994
756,878,122,0.122,0.00963892241168469
756,878,122,0.122,0.011198072792820313
778,889,111,0.111,0.009153227853201315
788,894,106,0.106,0.00980342948651014
784,892,108,0.108,0.011088826119519354
744,872,128,0.128,0.011110478010094084
822,911,89,0.089,0.009414840451721829
764,882,118,0.118,0.009563730536029198
714,857,143,0.143,0.011000516252102898
754,877,123,0.123,0.01277289413604376
706,853,147,0.147,0.013064838986072573
738,869,131,0.131,0.01249589543264301
768,884,116,0.116,0.01228663025424612
768,884,116,0.116,0.01045989289724821
742,871,129,0.129,0.009707372976574334
718,859,141,0.141,0.011927437694297624
824,912,88,0.088,0.01378874249411092
812,906,94,0.094,0.009717258442358798
746,873,127,0.127,0.011671434393749153
756,878,122,0.122,0.010918807927173474
798,899,101,0.101,0.011123290891227568
780,890,110,0.11,0.009990503035540315
736,868,132,0.132,0.011948719513650757
756,878,122,0.122,0.015254195700566924
698,849,151,0.151,0.0126693549644624
760,880,120,0.12,0.014691324150423497
798,899,101,0.101,0.011420724608808086
752,876,124,0.124,0.012600387536294874
814,907,93,0.093,0.010993365244816231
814,907,93,0.093,0.01169013067954802
722,861,139,0.139,0.017415438702927985
780,890,110,0.11,0.012319304178039602
752,876,124,0.124,0.01304479291613461
786,893,107,0.107,0.014190194087934288
752,876,124,0.124,0.015244396918376878
744,872,128,0.128,0.014515538653372006
682,841,159,0.159,0.014401469249030924
714,857,143,0.143,0.014736290512111736
756,878,122,0.122,0.014777243968719631
780,890,110,0.11,0.011966909556780593
776,888,112,0.112,0.014181912609639767
746,873,127,0.127,0.009977773023674672
802,901,99,0.099,0.014810413181243348
836,918,82,0.082,0.012818719610677362
724,862,138,0.138,0.013165447052765558
798,899,101,0.101,0.012546647153813865
812,906,94,0.094,0.013652471634755784
812,906,94,0.094,0.013619579946054727
780,890,110,0.11,0.010954855218060403
846,923,77,0.077,0.012104012124436849
726,863,137,0.137,0.01461008332860024
786,893,107,0.107,0.013060018975504135
790,895,105,0.105,0.015958861509845518
686,843,157,0.157,0.01761509160172136
784,892,108,0.108,0.015213295265595662
802,901,99,0.099,0.013707992589748755
788,894,106,0.106,0.01676969367006677
798,899,101,0.101,0.01439283695466338
804,902,98,0.098,0.011515621107249898
754,877,123,0.123,0.01594826691118942
754,877,123,0.123,0.011355884735170548
772,886,114,0.114,0.01954553626973211
680,840,160,0.16,0.02369199189907522
702,851,149,0.149,0.021717098400520628
756,878,122,0.122,0.018609533016278875
700,850,150,0.15,0.018214731508895056
770,885,115,0.115,0.01625293828897338
782,891,109,0.109,0.016344243872699737
742,871,129,0.129,0.018300598438218005
840,920,80,0.08,0.013842527869623155
796,898,102,0.102,0.014135263587071676
776,888,112,0.112,0.015638255235069665
740,870,130,0.13,0.01508018645086122
746,873,127,0.127,0.018346660962692114
762,881,119,0.119,0.019045299333898584
786,893,107,0.107,0.017961637333864928
768,884,116,0.116,0.015405292055365862
740,870,130,0.13,0.013863183477253188
764,882,118,0.118,0.013310935417441215
802,901,99,0.099,0.014420275388525625
770,885,115,0.115,0.01290514984528363
760,880,120,0.12,0.0211121811294106
762,881,119,0.119,0.01897029546466365
786,893,107,0.107,0.018449263364076613
804,902,98,0.098,0.018232143057248323
800,900,100,0.1,0.015955987380119042
802,901,99,0.099,0.012605255554095493
756,878,122,0.122,0.014272992915266968
822,911,89,0.089,0.01581489110390612
790,895,105,0.105,0.015432756952186991
798,899,101,0.101,0.011250642348008114
742,871,129,0.129,0.016371625939755177
812,906,94,0.094,0.014198956398991868
730,865,135,0.135,0.019205643989647796
736,868,132,0.132,0.01899464385266765
792,896,104,0.104,0.019201900890737308
788,894,106,0.106,0.01969602613389725
788,894,106,0.106,0.017583718479778326
746,873,127,0.127,0.019092857056937647
742,871,129,0.129,0.018367757814994546
776,888,112,0.112,0.01885318087687483
744,872,128,0.128,0.01875951981425169
836,918,82,0.082,0.013429833470523591
752,876,124,0.124,0.01781044727214612
780,890,110,0.11,0.019761008978559404
802,901,99,0.099,0.015517612995798118
786,893,107,0.107,0.01759022996589192
824,912,88,0.088,0.017802451040624875
756,878,122,0.122,0.016365778701256203
800,900,100,0.1,0.018319205553765643
734,867,133,0.133,0.021113662884687072
774,887,113,0.113,0.02027560848838766
800,900,100,0.1,0.015683092189341552
762,881,119,0.119,0.017701072528230725
756,878,122,0.122,0.0225918305592495
792,896,104,0.104,0.018818458982743324
808,904,96,0.096,0.01849409338098485
784,892,108,0.108,0.01759587331765215
756,878,122,0.122,0.01912646790326107
732,866,134,0.134,0.019541690461759572
788,894,106,0.106,0.01904834809114982
768,884,116,0.116,0.020629428676445967
758,879,121,0.121,0.021553548644966215
776,888,112,0.112,0.01970871695072856
776,888,112,0.112,0.015692131504707503
718,859,141,0.141,0.01876541187552357
714,857,143,0.143,0.017896843332389837
752,876,124,0.124,0.017565790545493655
794,897,103,0.103,0.01516390837894869
736,868,132,0.132,0.018808530419133603
816,908,92,0.092,0.015171980073304439
728,864,136,0.136,0.02108104342612205
814,907,93,0.093,0.020057926453333493
754,877,123,0.123,0.017968613885885134
788,894,106,0.106,0.02013098800116859
752,876,124,0.124,0.02045770645585435
734,867,133,0.133,0.022526089121529366
748,874,126,0.126,0.016923547469836195
760,880,120,0.12,0.01706537447462324
710,855,145,0.145,0.02282784631584218
754,877,123,0.123,0.021281293385320168
778,889,111,0.111,0.02053918297972268
776,888,112,0.112,0.021359997585328527
704,852,148,0.148,0.02045762561322772
716,858,142,0.142,0.0182419347432151
750,875,125,0.125,0.020097142669110325
796,898,102,0.102,0.01831927272788016
720,860,140,0.14,0.017724206572922414
792,896,104,0.104,0.015857239678152838
788,894,106,0.106,0.016045663245895413
728,864,136,0.136,0.019187338803574677
772,886,114,0.114,0.01584021723413025
804,902,98,0.098,0.015479559974686708
714,857,143,0.143,0.014849351292754363
768,884,116,0.116,0.013011092058208305
768,884,116,0.116,0.014892004758294206
802,901,99,0.099,0.013994057221207185
772,886,114,0.114,0.015538386805070331
734,867,133,0.133,0.01583390587460599
768,884,116,0.116,0.014015109209969524
774,887,113,0.113,0.016847239602997433
812,906,94,0.094,0.01567647658617352
758,879,121,0.121,0.018758739571087063
792,896,104,0.104,0.013835595312906662
762,881,119,0.119,0.014348181167675647
852,926,74,0.074,0.014407799723383505
728,864,136,0.136,0.013734568128624232
756,878,122,0.122,0.018821951086458285
738,869,131,0.131,0.01893464871228207
726,863,137,0.137,0.020176872321302653
722,861,139,0.139,0.021248221085275874
772,886,114,0.114,0.01686984263136401
746,873,127,0.127,0.020161023361310072
770,885,115,0.115,0.017989726297702874
738,869,131,0.131,0.01603936184081249
752,876,124,0.124,0.01675465207626985
808,904,96,0.096,0.015130293174748658
768,884,116,0.116,0.013911306815338321
820,910,90,0.09,0.013397940348324483
794,897,103,0.103,0.01474203686809051
758,879,121,0.121,0.01481234056338144
762,881,119,0.119,0.013604072742033168
742,871,129,0.129,0.0170989810294559
722,861,139,0.139,0.014212448500751634
776,888,112,0.112,0.014558243575302186
734,867,133,0.133,0.013595685203923494
798,899,101,0.101,0.015463240602915903
760,880,120,0.12,0.01876096736380714
702,851,149,0.149,0.019029711879906243
742,871,129,0.129,0.02154439282766543
746,873,127,0.127,0.018318788647127802
696,848,152,0.152,0.02063762419455452
710,855,145,0.145,0.021276974485284882
824,912,88,0.088,0.013720437358104392
768,884,116,0.116,0.01605270832615497
764,882,118,0.118,0.016666200791456504
780,890,110,0.11,0.013938602722075302
802,901,99,0.099,0.015014597543049603
810,905,95,0.095,0.013024332433065866
744,872,128,0.128,0.01758332146682369
738,869,131,0.131,0.018555287019058595
778,889,111,0.111,0.017634625506121666
798,899,101,0.101,0.016821828240470495
718,859,141,0.141,0.016024241717066616
750,875,125,0.125,0.01849143453023862
742,871,129,0.129,0.016591169916180662
804,902,98,0.098,0.01594220966368448
848,924,76,0.076,0.014702646232850385
822,911,89,0.089,0.016019610422721597
752,876,124,0.124,0.016060352335247444
802,901,99,0.099,0.016439267731970176
746,873,127,0.127,0.01739323078916641
818,909,91,0.091,0.015564976826484781
728,864,136,0.136,0.0197636870390852
802,901,99,0.099,0.01542635170504218
758,879,121,0.121,0.01675551117316354
768,884,116,0.116,0.01623271622636821
762,881,119,0.119,0.015633231315296144
808,904,96,0.096,0.020522512200986966
722,861,139,0.139,0.019433129865210504
764,882,118,0.118,0.01891289336065529
750,875,125,0.125,0.018936053934769007
802,901,99,0.099,0.0180202296204443
804,902,98,0.098,0.016675260237039767
780,890,110,0.11,0.018645197220204864
718,859,141,0.141,0.020617196943450836
790,895,105,0.105,0.020133541685238013
728,864,136,0.136,0.021449357532081194
740,870,130,0.13,0.020917697652825154
764,882,118,0.118,0.01994681087534991
786,893,107,0.107,0.017267702228396957
804,902,98,0.098,0.01574837129662046
720,860,140,0.14,0.01853750457900878
810,905,95,0.095,0.01311811712438066
762,881,119,0.119,0.01689159351712442
740,870,130,0.13,0.017739305467694068
750,875,125,0.125,0.01650267964351224
744,872,128,0.128,0.01712186953582568
778,889,111,0.111,0.017506543351060826
812,906,94,0.094,0.015267829534965131
766,883,117,0.117,0.015496720648894553
730,865,135,0.135,0.015998787372314836
744,872,128,0.128,0.019468091374379583
774,887,113,0.113,0.01922330803342629
812,906,94,0.094,0.020457782133686122
776,888,112,0.112,0.017299718365218722
790,895,105,0.105,0.01518455018950408
780,890,110,0.11,0.01465103995805839
776,888,112,0.112,0.01617522883565107
746,873,127,0.127,0.014264374360514922
758,879,121,0.121,0.016230884238990256
710,855,145,0.145,0.014539606853722943
716,858,142,0.142,0.01465000448023784
818,909,91,0.091,0.013000940046011237
748,874,126,0.126,0.013758628503244837
808,904,96,0.096,0.010720571747224312
812,906,94,0.094,0.012143028639547993
776,888,112,0.112,0.01177651840368344
772,886,114,0.114,0.01443910534871975
738,869,131,0.131,0.015135349295043852
732,866,134,0.134,0.01568958583229687
784,892,108,0.108,0.015895683618378825
780,890,110,0.11,0.012498587220849004
728,864,136,0.136,0.01580650076502934
764,882,118,0.118,0.015511451097001555
762,881,119,0.119,0.016019170939704053
780,890,110,0.11,0.017947746395482682
756,878,122,0.122,0.018374261838762323
768,884,116,0.116,0.017402532476524357
780,890,110,0.11,0.01584057509287959
786,893,107,0.107,0.014874301335541532
752,876,124,0.124,0.014760902131616604
734,867,133,0.133,0.014596596078888979
780,890,110,0.11,0.01503141860361211
748,874,126,0.126,0.017070045054133516
744,872,128,0.128,0.016967992706398944
788,894,106,0.106,0.01748661894124234
762,881,119,0.119,0.018041371937327313
798,899,101,0.101,0.016624505060375667
754,877,123,0.123,0.01586674457648769
778,889,111,0.111,0.016361008349922487
790,895,105,0.105,0.015803747303027194
800,900,100,0.1,0.015102584471111185
746,873,127,0.127,0.016588466678746045
750,875,125,0.125,0.016253760213265196
778,889,111,0.111,0.01284283075851272
730,865,135,0.135,0.012416571231764465
832,916,84,0.084,0.01070302723252098
774,887,113,0.113,0.011671576698761782
786,893,107,0.107,0.01311930545938958
714,857,143,0.143,0.012856241326820964
736,868,132,0.132,0.015439651201828383
808,904,96,0.096,0.01264687143341871
728,864,136,0.136,0.012481894939759514
736,868,132,0.132,0.013268712608492933
750,875,125,0.125,0.013397982260539721
784,892,108,0.108,0.01316556194734585
752,876,124,0.124,0.011284000359417404
734,867,133,0.133,0.013149398053661571
742,871,129,0.129,0.012707916651765117
784,892,108,0.108,0.012695905232889345
748,874,126,0.126,0.01632771382277133
766,883,117,0.117,0.016371876492048614
770,885,115,0.115,0.016602213619713438
796,898,102,0.102,0.013427959767919674
872,936,64,0.064,0.008728793882095487
784,892,108,0.108,0.01124990928848274
774,887,113,0.113,0.012406234781639797
772,886,114,0.114,0.012040017903549596
756,878,122,0.122,0.012530709020182258
722,861,139,0.139,0.014687921285745687
806,903,97,0.097,0.01369021869788412
742,871,129,0.129,0.014338282115350012
816,908,92,0.092,0.013111648748687003
768,884,116,0.116,0.012848657445196296
730,865,135,0.135,0.014031343626485978
730,865,135,0.135,0.01349160042044241
790,895,105,0.105,0.013066766421077774
784,892,108,0.108,0.01252582660643384
784,892,108,0.108,0.013430702525773086
790,895,105,0.105,0.01383141418924788
764,882,118,0.118,0.012935246603563428
726,863,137,0.137,0.013369659512885846
798,899,101,0.101,0.014135476058698259
764,882,118,0.118,0.012851066444069147
774,887,113,0.113,0.013233876935904845
760,880,120,0.12,0.013159594065335114
778,889,111,0.111,0.013997839491348713
722,861,139,0.139,0.016805493158492026
740,870,130,0.13,0.01666148812766187
750,875,125,0.125,0.01585933087975718
750,875,125,0.125,0.01699050424527377
786,893,107,0.107,0.014396654724900145
818,909,91,0.091,0.010635519966715946
768,884,116,0.116,0.011716366631764686
816,908,92,0.092,0.012581144443247467
760,880,120,0.12,0.012408123992587207
736,868,132,0.132,0.01371841128100641
832,916,84,0.084,0.013926926051892224
828,914,86,0.086,0.01328417490049469
738,869,131,0.131,0.013566729221347487
756,878,122,0.122,0.01562449718482094
780,890,110,0.11,0.013717815923169837
774,887,113,0.113,0.014847966206929413
726,863,137,0.137,0.013836262372147757
782,891,109,0.109,0.014521729397878517
744,872,128,0.128,0.014294541897339514
780,890,110,0.11,0.014591175241454039
746,873,127,0.127,0.014917727726278827
758,879,121,0.121,0.01760249377740547
690,845,155,0.155,0.01588325300277211
778,889,111,0.111,0.017259761218258063
696,848,152,0.152,0.018683044431090822
738,869,131,0.131,0.017714387591928244
824,912,88,0.088,0.015060190531949047
744,872,128,0.128,0.018058389595447807
760,880,120,0.12,0.01602348639792763
656,828,172,0.172,0.02314087523473427
758,879,121,0.121,0.02220604747295147
810,905,95,0.095,0.02276053004100686
710,855,145,0.145,0.02087325661140494
730,865,135,0.135,0.015193283836590125
784,892,108,0.108,0.013440097920072731
790,895,105,0.105,0.013336899535162957
770,885,115,0.115,0.013199870720214677
766,883,117,0.117,0.013747216339485021
754,877,123,0.123,0.013569969251053408
776,888,112,0.112,0.014233267190516926
782,891,109,0.109,0.013968464937410318
786,893,107,0.107,0.017633881732414012
770,885,115,0.115,0.017751730429183227
742,871,129,0.129,0.01637382541745319
762,881,119,0.119,0.01731120012671454
770,885,115,0.115,0.017316747726406904
770,885,115,0.115,0.019783868658123538
800,900,100,0.1,0.01965683393593645
730,865,135,0.135,0.019654966616013552
758,879,121,0.121,0.016984671282116323
760,880,120,0.12,0.018332464491424616
730,865,135,0.135,0.01961757583974395
776,888,112,0.112,0.018357916696346364
758,879,121,0.121,0.02109516925731441
768,884,116,0.116,0.021629560710745864
776,888,112,0.112,0.019860578675114083
730,865,135,0.135,0.02213921083282912
802,901,99,0.099,0.016370099971885793
798,899,101,0.101,0.016173051481790025
780,890,110,0.11,0.017214965271065013
760,880,120,0.12,0.01678318681672681
752,876,124,0.124,0.020032095766975545
780,890,110,0.11,0.017128591408370995
784,892,108,0.108,0.018235611400334164
768,884,116,0.116,0.016852587651577777
820,910,90,0.09,0.016192283317388503
760,880,120,0.12,0.017368010670877992
738,869,131,0.131,0.018706099715200254
794,897,103,0.103,0.018350334461778403
828,914,86,0.086,0.015057300556596601
764,882,118,0.118,0.017171005460200832
718,859,141,0.141,0.018113480950472875
754,877,123,0.123,0.01892192949370292
688,844,156,0.156,0.021109173150907736
778,889,111,0.111,0.020136958306306043
736,868,132,0.132,0.018220689002948348
752,876,124,0.124,0.01941323452570941
766,883,117,0.117,0.017515218049346002
754,877,123,0.123,0.016910255104652605
742,871,129,0.129,0.017747789502260275
812,906,94,0.094,0.015359378492867108
834,917,83,0.083,0.017351572610466975
714,857,143,0.143,0.017849086365662514
786,893,107,0.107,0.01633398766757455
756,878,122,0.122,0.016488397313980385
806,903,97,0.097,0.014780773364880588
774,887,113,0.113,0.017178948662982294
796,898,102,0.102,0.015548099572130013
794,897,103,0.103,0.0161977178848756
758,879,121,0.121,0.0183572766125435
762,881,119,0.119,0.015558475435245783
760,880,120,0.12,0.019375505801173858
786,893,107,0.107,0.01904055221390445
772,886,114,0.114,0.016813227164559068
802,901,99,0.099,0.016787564579746686
744,872,128,0.128,0.01968417059374042
822,911,89,0.089,0.021060737407649868
792,896,104,0.104,0.019678091157227753
702,851,149,0.149,0.021579897869116394
770,885,115,0.115,0.017470919513492843
792,896,104,0.104,0.01790859817303135
704,852,148,0.148,0.020951058270176872
754,877,123,0.123,0.018589117653202265
762,881,119,0.119,0.01940813973528566
792,896,104,0.104,0.018683713188627736
722,861,139,0.139,0.018306089301942847
754,877,123,0.123,0.018862826405558735
828,914,86,0.086,0.01869313597411383
750,875,125,0.125,0.020012987569440158
748,874,126,0.126,0.019875869745505044
794,897,103,0.103,0.018857144863228315
726,863,137,0.137,0.021360105001949705
774,887,113,0.113,0.019772841500933284
750,875,125,0.125,0.0209800821201643
748,874,126,0.126,0.021133592791156845
768,884,116,0.116,0.02195316993317101
772,886,114,0.114,0.021881882148911246
732,866,134,0.134,0.02143622317665722
768,884,116,0.116,0.020895897396141665
768,884,116,0.116,0.02409350228740368
770,885,115,0.115,0.022405658569419756
772,886,114,0.114,0.022273101227823645
796,898,102,0.102,0.023749032845546025
774,887,113,0.113,0.025779920483939348
748,874,126,0.126,0.026591773254796863
796,898,102,0.102,0.025545691428589635
724,862,138,0.138,0.02755088605452329
730,865,135,0.135,0.02974494502134621
704,852,148,0.148,0.03144339168444276
840,920,80,0.08,0.02706035120179877
782,891,109,0.109,0.026897115702042357
736,868,132,0.132,0.030027827990241347
782,891,109,0.109,0.030568879870465027
724,862,138,0.138,0.031968759029754434
774,887,113,0.113,0.030913273146143182
802,901,99,0.099,0.02998057002737187
748,874,126,0.126,0.03147627162840217
780,890,110,0.11,0.035402529585408044
776,888,112,0.112,0.031017983991419897
750,875,125,0.125,0.034413567875046285
730,865,135,0.135,0.036597975499695165
738,869,131,0.131,0.0376548392388504
736,868,132,0.132,0.03573953307140618
700,850,150,0.15,0.0433689621752128
786,893,107,0.107,0.03958124348556157
780,890,110,0.11,0.04170067483885214
734,867,133,0.133,0.04399001398053952
754,877,123,0.123,0.036983101251535117
820,910,90,0.09,0.03365235933754593
794,897,103,0.103,0.028967215408571063
764,882,118,0.118,0.03598158196802251
746,873,127,0.127,0.03342561238538474
778,889,111,0.111,0.03239824896963546
816,908,92,0.092,0.031678742092801256
734,867,133,0.133,0.03407190566137433
686,843,157,0.157,0.041282483223360034
792,896,104,0.104,0.03628560241870582
740,870,130,0.13,0.038546944487839935
774,887,113,0.113,0.038571589703438804
760,880,120,0.12,0.032254136715782804
728,864,136,0.136,0.03614814963378012
832,916,84,0.084,0.0331863510600524
776,888,112,0.112,0.03205911071738228
804,902,98,0.098,0.03410014990519267
754,877,123,0.123,0.03514601608598605
806,903,97,0.097,0.034427337205735965
776,888,112,0.112,0.03542679530824534
784,892,108,0.108,0.030268905125092716
782,891,109,0.109,0.034284145435784015
796,898,102,0.102,0.03286802840488963
804,902,98,0.098,0.03331061342824251
792,896,104,0.104,0.03902016228996217
814,907,93,0.093,0.04248496955959127
764,882,118,0.118,0.044655611260794106
740,870,130,0.13,0.04758707484090701
748,874,126,0.126,0.04837366354931146
800,900,100,0.1,0.042795556948054585
806,903,97,0.097,0.040178864073008295
764,882,118,0.118,0.04310342207690701
778,889,111,0.111,0.04201197586976923
750,875,125,0.125,0.03952233848907054
760,880,120,0.12,0.04221998905390501
812,906,94,0.094,0.0410075121964328
754,877,123,0.123,0.042657156184432096
772,886,114,0.114,0.04799256412684917
810,905,95,0.095,0.045612725729122755
764,882,118,0.118,0.04807056281529367
786,893,107,0.107,0.04985523708956316
718,859,141,0.141,0.057037738145561886
766,883,117,0.117,0.05504336598189548
726,863,137,0.137,0.055801117307972166
806,903,97,0.097,0.05247536696959287
706,853,147,0.147,0.060877769442275166
774,887,113,0.113,0.05389651079569012
754,877,123,0.123,0.054225860421080144
770,885,115,0.115,0.05406959455367178
772,886,114,0.114,0.053474912116769704
766,883,117,0.117,0.059793324880767613
770,885,115,0.115,0.05694717150554061
748,874,126,0.126,0.06272183172870427
816,908,92,0.092,0.05600353504298255
758,879,121,0.121,0.0697899706112221
726,863,137,0.137,0.06899469718476757
810,905,95,0.095,0.07004389398731291
708,854,146,0.146,0.07719904021732509
846,923,77,0.077,0.06532850746624172
744,872,128,0.128,0.06527101924736053
740,870,130,0.13,0.06964573376160114
716,858,142,0.142,0.07111628705076874
706,853,147,0.147,0.07076996102835983
844,922,78,0.078,0.06325696089770645
768,884,116,0.116,0.0671432729344815
760,880,120,0.12,0.06885242047533392
708,854,146,0.146,0.06851739962864667
762,881,119,0.119,0.06719795169681311
790,895,105,0.105,0.06690788973867894
730,865,135,0.135,0.0786651387643069
740,870,130,0.13,0.08454693305306137
712,856,144,0.144,0.08917977081425488
772,886,114,0.114,0.07943950203619897
754,877,123,0.123,0.0843855641875416
830,915,85,0.085,0.07403051422163844
740,870,130,0.13,0.08032590422499924
748,874,126,0.126,0.08310535906534643
774,887,113,0.113,0.08254065077658743
794,897,103,0.103,0.08401739514339715
712,856,144,0.144,0.08890473313536496
772,886,114,0.114,0.0845453249644488
672,836,164,0.164,0.0938949621990323
792,896,104,0.104,0.0918610378690064
808,904,96,0.096,0.09246005265787244
744,872,128,0.128,0.0967168904300779
742,871,129,0.129,0.09601497620902956
764,882,118,0.118,0.1080468107368797
792,896,104,0.104,0.10596766833215952
730,865,135,0.135,0.10922556017525493
758,879,121,0.121,0.11452003457956016
726,863,137,0.137,0.1199635890442878
726,863,137,0.137,0.13157276864908635
728,864,136,0.136,0.1314672628082335
744,872,128,0.128,0.13093026031181215
764,882,118,0.118,0.11309104853495955
764,882,118,0.118,0.10529132014513015
768,884,116,0.116,0.10809709752164781
734,867,133,0.133,0.1079454304650426
730,865,135,0.135,0.10299073160253465
802,901,99,0.099,0.10029869450442493
766,883,117,0.117,0.10296325977705419
750,875,125,0.125,0.10341403775662183
810,905,95,0.095,0.10048504986986517
754,877,123,0.123,0.10367211035080254
778,889,111,0.111,0.10416704069823027
762,881,119,0.119,0.10643638078123331
726,863,137,0.137,0.12304009070619941
786,893,107,0.107,0.11885033443197608
802,901,99,0.099,0.12357372829504311
780,890,110,0.11,0.12094846962019801
786,893,107,0.107,0.10585882712155581
720,860,140,0.14,0.1071652171406895
778,889,111,0.111,0.10389433686062693
788,894,106,0.106,0.10315294489450753
718,859,141,0.141,0.1102685573529452
820,910,90,0.09,0.09770545607991517
782,891,109,0.109,0.10515911249816418
778,889,111,0.111,0.10475647580623627
768,884,116,0.116,0.10723166675120592
720,860,140,0.14,0.11380635225400329
802,901,99,0.099,0.11029172261618078
698,849,151,0.151,0.11294833988510072
668,834,166,0.166,0.11770595146901905
784,892,108,0.108,0.1062269203439355
788,894,106,0.106,0.10797297121584415
744,872,128,0.128,0.10502804046310485
746,873,127,0.127,0.09926722500659525
770,885,115,0.115,0.09769589494541288
754,877,123,0.123,0.10120982516743243
780,890,110,0.11,0.09815433591231704
776,888,112,0.112,0.09296535079553724
754,877,123,0.123,0.09234941778331995
746,873,127,0.127,0.08846267769113184
670,835,165,0.165,0.08635737940203399
804,902,98,0.098,0.08385569913499057
730,865,135,0.135,0.08002230667881667
788,894,106,0.106,0.07461820850754157
736,868,132,0.132,0.07551059647649526
804,902,98,0.098,0.07623512498475611
738,869,131,0.131,0.08060877249669283
762,881,119,0.119,0.08136972073838114
744,872,128,0.128,0.08287483391072602
740,870,130,0.13,0.08096263389568775
772,886,114,0.114,0.06948700686357916
760,880,120,0.12,0.0711448914129287
744,872,128,0.128,0.07343975619599223
796,898,102,0.102,0.06903480033297092
662,831,169,0.169,0.08267646886780858
754,877,123,0.123,0.08038965859264136
754,877,123,0.123,0.08019131377898156
794,897,103,0.103,0.07972023527137935
702,851,149,0.149,0.0800066780988127
724,862,138,0.138,0.08397979394719005
670,835,165,0.165,0.08558743129670619
752,876,124,0.124,0.08070777175016701
784,892,108,0.108,0.08461487255990505
744,872,128,0.128,0.08725927704013885
728,864,136,0.136,0.0916458197440952
728,864,136,0.136,0.08627605775091797
810,905,95,0.095,0.07029451226908713
814,907,93,0.093,0.06764087387640029
802,901,99,0.099,0.07232348017487675
736,868,132,0.132,0.08138174093514682
724,862,138,0.138,0.08293050067406148
822,911,89,0.089,0.07421579089388251
838,919,81,0.081,0.07971491900458932
740,870,130,0.13,0.08331842194404453
732,866,134,0.134,0.0949202467771247
762,881,119,0.119,0.09679588376358152
750,875,125,0.125,0.09672605919279158
750,875,125,0.125,0.09711642268486322
766,883,117,0.117,0.09881097064726055
742,871,129,0.129,0.1039698418714106
786,893,107,0.107,0.10304827701114118
790,895,105,0.105,0.10597429084964097
790,895,105,0.105,0.11029209103994071
728,864,136,0.136,0.11199901092983783
744,872,128,0.128,0.11054508968442678
750,875,125,0.125,0.10851804345101118
758,879,121,0.121,0.10369148072600365
818,909,91,0.091,0.0965201374348253
788,894,106,0.106,0.09853395795077086
714,857,143,0.143,0.0977037118151784
786,893,107,0.107,0.1084693713542074
714,857,143,0.143,0.11830965832807123
734,867,133,0.133,0.11754090424254536
760,880,120,0.12,0.12122638192400337
716,858,142,0.142,0.10840425609238445
740,870,130,0.13,0.11189998350292445
746,873,127,0.127,0.10277501402236522
722,861,139,0.139,0.10653209584578872
762,881,119,0.119,0.10840424519032239
788,894,106,0.106,0.11061691403761506
730,865,135,0.135,0.11413150233589113
754,877,123,0.123,0.1123357852846384
764,882,118,0.118,0.10687437257729471
740,870,130,0.13,0.11436113612912595
776,888,112,0.112,0.1102683420125395
802,901,99,0.099,0.10909948514588177
764,882,118,0.118,0.11827998780086636
784,892,108,0.108,0.1118504166379571
786,893,107,0.107,0.11419656504318118
702,851,149,0.149,0.11206883910298347
774,887,113,0.113,0.13206636115163564
726,863,137,0.137,0.12783857775107027
794,897,103,0.103,0.13318204655125737
720,860,140,0.14,0.1380601714886725
744,872,128,0.128,0.13989516007527708
754,877,123,0.123,0.14693626476451754
778,889,111,0.111,0.14826373651996255
810,905,95,0.095,0.1449030642285943
730,865,135,0.135,0.14969066362455488
770,885,115,0.115,0.14228309950791299
730,865,135,0.135,0.1463533010222018
752,876,124,0.124,0.1420929584633559
742,871,129,0.129,0.13570193555206062
734,867,133,0.133,0.13936746564507485
650,825,175,0.175,0.14551208391226828
738,869,131,0.131,0.13797161675617098
744,872,128,0.128,0.13658790650218725
832,916,84,0.084,0.1225191210769117
806,903,97,0.097,0.12623335092514754
746,873,127,0.127,0.1328954694829881
750,875,125,0.125,0.13812904932908715
784,892,108,0.108,0.13006806381046773
724,862,138,0.138,0.12890277468785644
756,878,122,0.122,0.1282460910230875
774,887,113,0.113,0.12016532789170742
774,887,113,0.113,0.12335096912831069
690,845,155,0.155,0.12860724815353752
834,917,83,0.083,0.11258051603101193
798,899,101,0.101,0.12485418275743723
720,860,140,0.14,0.13671506452932955
766,883,117,0.117,0.142541135083884
778,889,111,0.111,0.14194658952578904
746,873,127,0.127,0.13994668813422323
742,871,129,0.129,0.1482571465857327
762,881,119,0.119,0.14804913617670537
762,881,119,0.119,0.14976739030703903
716,858,142,0.142,0.1675694936905056
766,883,117,0.117,0.16366566013172268
738,869,131,0.131,0.160543206050992
672,836,164,0.164,0.15550279615074397
768,884,116,0.116,0.13991733721271157
780,890,110,0.11,0.13304023292846978
798,899,101,0.101,0.1325369580425322
774,887,113,0.113,0.13942878190800548
730,865,135,0.135,0.1404367212690413
744,872,128,0.128,0.14858347611874342
794,897,103,0.103,0.14982593617215753
848,924,76,0.076,0.14522823171690105
770,885,115,0.115,0.15908080472797156
768,884,116,0.116,0.16428843164816498
718,859,141,0.141,0.1752158269137144
758,879,121,0.121,0.1707448513582349
818,909,91,0.091,0.1722177816145122
756,878,122,0.122,0.1717826775610447
796,898,102,0.102,0.1605672293305397
720,860,140,0.14,0.16515052496641874
734,867,133,0.133,0.16096439342200755
788,894,106,0.106,0.16520649921149017
766,883,117,0.117,0.1755529627688229
802,901,99,0.099,0.1714470242150128
722,861,139,0.139,0.17901560556143523
748,874,126,0.126,0.16955924830585717
724,862,138,0.138,0.16205533077567816
750,875,125,0.125,0.15569768500700593
772,886,114,0.114,0.1590521997138858
744,872,128,0.128,0.14580524925887584
818,909,91,0.091,0.13960971313714982
834,917,83,0.083,0.14801958506181837
744,872,128,0.128,0.15056438133865596
702,851,149,0.149,0.16322044998407365
770,885,115,0.115,0.1608532860353589
816,908,92,0.092,0.15528732664883138
798,899,101,0.101,0.1568189764916897
708,854,146,0.146,0.153386642485857
858,929,71,0.071,0.14307292394340038
712,856,144,0.144,0.15162296405062078
782,891,109,0.109,0.14255318573489786
762,881,119,0.119,0.1396213739272207
698,849,151,0.151,0.14794115725159646
794,897,103,0.103,0.13452588134258986
782,891,109,0.109,0.13799768325686454
732,866,134,0.134,0.14350300270691513
802,901,99,0.099,0.14273419330641626
728,864,136,0.136,0.13976510348170995
740,870,130,0.13,0.15058467312529683
738,869,131,0.131,0.1736426370367408
744,872,128,0.128,0.17476889134198428
698,849,151,0.151,0.17107746256515383
748,874,126,0.126,0.15901561716198923
796,898,102,0.102,0.13281140244379638
768,884,116,0.116,0.12781729670986533
714,857,143,0.143,0.13084436563774943
714,857,143,0.143,0.13634682357311248
772,886,114,0.114,0.12852668165042996
740,870,130,0.13,0.13550984927639365
794,897,103,0.103,0.12257407995127141
768,884,116,0.116,0.12299396665766835
730,865,135,0.135,0.12703092851489783
738,869,131,0.131,0.12701289400458335
824,912,88,0.088,0.12178131754137575
736,868,132,0.132,0.13020610002055763
830,915,85,0.085,0.12635769200697541
736,868,132,0.132,0.1324920833557844
730,865,135,0.135,0.1229355189204216
760,880,120,0.12,0.13013436978310347
736,868,132,0.132,0.14707564079388977
752,876,124,0.124,0.1419659826681018
738,869,131,0.131,0.151434645190835
772,886,114,0.114,0.15004874762520193
724,862,138,0.138,0.15488029900752007
706,853,147,0.147,0.15151436445116997
744,872,128,0.128,0.15471115678548814
784,892,108,0.108,0.14775853315368295
794,897,103,0.103,0.14614728107303382
742,871,129,0.129,0.14697558963671326
718,859,141,0.141,0.15475086634978652
732,866,134,0.134,0.14780667125433683
796,898,102,0.102,0.15049867109954357
756,878,122,0.122,0.15448875544965268
688,844,156,0.156,0.15275539277866482
698,849,151,0.151,0.16104983415454627
730,865,135,0.135,0.15063567208498715
796,898,102,0.102,0.14279049518704415
812,906,94,0.094,0.13359893075749277
764,882,118,0.118,0.13511587657779456
786,893,107,0.107,0.13976167684048416
720,860,140,0.14,0.1423783650174737
794,897,103,0.103,0.1372641705982387
768,884,116,0.116,0.13839468382298947
778,889,111,0.111,0.13388231029734016
768,884,116,0.116,0.1324427647329867
716,858,142,0.142,0.14841098254546523
818,909,91,0.091,0.13037060634419323
772,886,114,0.114,0.13980907788872718
740,870,130,0.13,0.13771297421678902
724,862,138,0.138,0.15242188887670635
758,879,121,0.121,0.1526220413558185
706,853,147,0.147,0.15896425504982473
760,880,120,0.12,0.15578170271590353
740,870,130,0.13,0.16032043104618787
742,871,129,0.129,0.1499076090566814
730,865,135,0.135,0.15319046786800028
698,849,151,0.151,0.15461012343503536
790,895,105,0.105,0.13299186849966646
754,877,123,0.123,0.1278881574496627
710,855,145,0.145,0.13954314225912093
792,896,104,0.104,0.12774995613470674
830,915,85,0.085,0.1464314299337566
716,858,142,0.142,0.14978197989240288
748,874,126,0.126,0.147008257932961
726,863,137,0.137,0.14790413925796747
706,853,147,0.147,0.1541613875478506
842,921,79,0.079,0.14515951828286053
746,873,127,0.127,0.1593465628437698
712,856,144,0.144,0.15410414687544108
770,885,115,0.115,0.1416524894759059
780,890,110,0.11,0.13544219502806665
720,860,140,0.14,0.13695146999135613
806,903,97,0.097,0.12904170088097452
760,880,120,0.12,0.12657750852778554
726,863,137,0.137,0.1317837997879833
788,894,106,0.106,0.1248137736581266
802,901,99,0.099,0.12190339759737254
744,872,128,0.128,0.12455759045481682
778,889,111,0.111,0.1235138871781528
780,890,110,0.11,0.12745286424085497
770,885,115,0.115,0.1215194944664836
774,887,113,0.113,0.10630948229134082
774,887,113,0.113,0.11171216520294547
704,852,148,0.148,0.11577900778874754
824,912,88,0.088,0.11167223256267607
768,884,116,0.116,0.10750103837624192
812,906,94,0.094,0.10337371493503451
786,893,107,0.107,0.09957977998815477
742,871,129,0.129,0.10371967796236277
786,893,107,0.107,0.1037564690709114
766,883,117,0.117,0.10703848928026855
790,895,105,0.105,0.10648438068851829
740,870,130,0.13,0.1075992477349937
782,891,109,0.109,0.11718991396948696
730,865,135,0.135,0.11811691511049867
722,861,139,0.139,0.11924569192901253
760,880,120,0.12,0.12009465907141566
850,925,75,0.075,0.0890186021272093
776,888,112,0.112,0.09715054618194699
788,894,106,0.106,0.08803410004451871
790,895,105,0.105,0.08859010695992038
804,902,98,0.098,0.08835188519861549
832,916,84,0.084,0.09012568858079613
782,891,109,0.109,0.0893733988199383
808,904,96,0.096,0.08869110818579792
742,871,129,0.129,0.11218447963520885
702,851,149,0.149,0.11472654464095831
692,846,154,0.154,0.11462374425306916
722,861,139,0.139,0.11333783761225641
770,885,115,0.115,0.09899335647933186
724,862,138,0.138,0.10153439088352025
756,878,122,0.122,0.09877263115905226
772,886,114,0.114,0.0971320386826992
794,897,103,0.103,0.09464186571352184
772,886,114,0.114,0.08976715589500964
758,879,121,0.121,0.0896996755246073
742,871,129,0.129,0.09032408026978374
754,877,123,0.123,0.10450693984515964
758,879,121,0.121,0.1063673026394099
760,880,120,0.12,0.10843548209965229
686,843,157,0.157,0.11349946626648307
714,857,143,0.143,0.0952325057387352
752,876,124,0.124,0.09645564060099424
816,908,92,0.092,0.08471766011416912
800,900,100,0.1,0.087965740644373
764,882,118,0.118,0.09580416477099062
774,887,113,0.113,0.09463467895425856
740,870,130,0.13,0.09548933934979141
762,881,119,0.119,0.09427832271158695
742,871,129,0.129,0.09188698264211416
786,893,107,0.107,0.08451741916872561
734,867,133,0.133,0.08988907842338086
770,885,115,0.115,0.08615480923838914
838,919,81,0.081,0.07919659284874797
736,868,132,0.132,0.0846046253158711
806,903,97,0.097,0.08204025617614388
670,835,165,0.165,0.08832045688852667
718,859,141,0.141,0.08695042447187007
710,855,145,0.145,0.09226629544235766
746,873,127,0.127,0.0857442733719945
806,903,97,0.097,0.07969771472364665
760,880,120,0.12,0.08505902926251292
728,864,136,0.136,0.08338138036802412
776,888,112,0.112,0.08089512574486435
718,859,141,0.141,0.08625968587398529
728,864,136,0.136,0.08400778036937118
782,891,109,0.109,0.0753902237508446
762,881,119,0.119,0.07497868725005537
792,896,104,0.104,0.0726464818008244
780,890,110,0.11,0.06420941565278918
790,895,105,0.105,0.06408313980977982
800,900,100,0.1,0.0664252475677058
712,856,144,0.144,0.07307952431216835
796,898,102,0.102,0.07336444394476711
798,899,101,0.101,0.0696302861860022
776,888,112,0.112,0.07125513062439859
764,882,118,0.118,0.06938451529480517
738,869,131,0.131,0.06792047807574272
754,877,123,0.123,0.06789673797506839
820,910,90,0.09,0.06266157478652895
768,884,116,0.116,0.06014879472926259
754,877,123,0.123,0.06843474081391468
776,888,112,0.112,0.06308614151086658
736,868,132,0.132,0.061779530186206105
714,857,143,0.143,0.06545791470538825
744,872,128,0.128,0.06834176987688989
742,871,129,0.129,0.06721690113749355
800,900,100,0.1,0.06470158067625016
718,859,141,0.141,0.07352016267273576
758,879,121,0.121,0.06676326602883637
808,904,96,0.096,0.06604050659108907
712,856,144,0.144,0.06557033604290337
714,857,143,0.143,0.0676257320670411
818,909,91,0.091,0.06105073458375409
802,901,99,0.099,0.05549516266211867
724,862,138,0.138,0.060874294236302376
776,888,112,0.112,0.06355826643668115
728,864,136,0.136,0.06941743406560272
754,877,123,0.123,0.07106366903334856
778,889,111,0.111,0.07070882606133819
748,874,126,0.126,0.0673086134251207
746,873,127,0.127,0.0632561764381826
812,906,94,0.094,0.06365883958525956
716,858,142,0.142,0.06999384303484112
712,856,144,0.144,0.0714345264993608
818,909,91,0.091,0.06420539551880211
842,921,79,0.079,0.059823937478475274
734,867,133,0.133,0.06602129239216446
748,874,126,0.126,0.06422033573687076
708,854,146,0.146,0.0671532334741205
786,893,107,0.107,0.064853760429658
762,881,119,0.119,0.06477265024930239
794,897,103,0.103,0.06108763985801488
748,874,126,0.126,0.063494106085971
796,898,102,0.102,0.0637070322735235
762,881,119,0.119,0.062101317657157776
778,889,111,0.111,0.06455277564749122
726,863,137,0.137,0.06977858112566174
796,898,102,0.102,0.06666003235802054
786,893,107,0.107,0.06560614705178887
758,879,121,0.121,0.0689435003567487
782,891,109,0.109,0.0677795351697132
762,881,119,0.119,0.06661232204083353
770,885,115,0.115,0.07122476060595363
742,871,129,0.129,0.07442441636882723
690,845,155,0.155,0.08104770058766007
748,874,126,0.126,0.08140574582852424
732,866,134,0.134,0.07119303433503955
702,851,149,0.149,0.07270346030592918
764,882,118,0.118,0.07183143869135529
774,887,113,0.113,0.06386789067275822
744,872,128,0.128,0.06750737230200321
798,899,101,0.101,0.06156670428160578
770,885,115,0.115,0.06548763598315417
812,906,94,0.094,0.06412838468141854
746,873,127,0.127,0.07454591177403927
774,887,113,0.113,0.07094713353738188
728,864,136,0.136,0.07567396478820593
794,897,103,0.103,0.07059700243547559
766,883,117,0.117,0.0678437462337315
812,906,94,0.094,0.06914227373432368
720,860,140,0.14,0.07144330687262118
784,892,108,0.108,0.07206788565311581
756,878,122,0.122,0.07532696929015219
760,880,120,0.12,0.06798990665376187
814,907,93,0.093,0.07257153225596995
734,867,133,0.133,0.07992568523902446
752,876,124,0.124,0.07632788257393985
742,871,129,0.129,0.08339554591290653
816,908,92,0.092,0.07223899744823575
846,923,77,0.077,0.07269320700597018
734,867,133,0.133,0.08514685415662825
718,859,141,0.141,0.08903159126080573
774,887,113,0.113,0.07598964835237712
724,862,138,0.138,0.07905296478047967
794,897,103,0.103,0.06933147967839613
662,831,169,0.169,0.07614792581181973
760,880,120,0.12,0.07678654714114964
798,899,101,0.101,0.07486878681182861
792,896,104,0.104,0.08207338813133538
748,874,126,0.126,0.08092633352614939
786,893,107,0.107,0.0769427047111094
772,886,114,0.114,0.0717753468574956
702,851,149,0.149,0.078492566710338
756,878,122,0.122,0.0770296421945095
748,874,126,0.126,0.07789936969615519
714,857,143,0.143,0.08513391953147947
764,882,118,0.118,0.08220041891001165
754,877,123,0.123,0.08121335289627314
746,873,127,0.127,0.08452517349645496
730,865,135,0.135,0.08797340522520244
780,890,110,0.11,0.08302782956510782
748,874,126,0.126,0.08726266310550272
796,898,102,0.102,0.08146020145900547
754,877,123,0.123,0.08285366474464535
696,848,152,0.152,0.09003561007604002
734,867,133,0.133,0.08499517856165767
818,909,91,0.091,0.07989758512191475
748,874,126,0.126,0.08573755243048072
728,864,136,0.136,0.08714291236922145
780,890,110,0.11,0.0845304434634745
730,865,135,0.135,0.08886714865732938
798,899,101,0.101,0.08385582154989242
760,880,120,0.12,0.08916119582112879
750,875,125,0.125,0.08625704745948315
786,893,107,0.107,0.08019046551734209
800,900,100,0.1,0.07685607935674489
800,900,100,0.1,0.08539214445091783
720,860,140,0.14,0.0919854040062055
780,890,110,0.11,0.08902260370738804
802,901,99,0.099,0.08868427010066807
810,905,95,0.095,0.08087722322158515
760,880,120,0.12,0.08635134055092931
814,907,93,0.093,0.09061394059844315
734,867,133,0.133,0.0922291141692549
740,870,130,0.13,0.09766186658665538
796,898,102,0.102,0.09998065146338195
806,903,97,0.097,0.10441148776747286
738,869,131,0.131,0.10781690860912203
762,881,119,0.119,0.13135672545805574
782,891,109,0.109,0.1306694934219122
756,878,122,0.122,0.1304439554065466
790,895,105,0.105,0.13094372947886587
784,892,108,0.108,0.1301398269198835
744,872,128,0.128,0.13720926999300717
800,900,100,0.1,0.13548599508404732
730,865,135,0.135,0.14159730357676745
720,860,140,0.14,0.15186235682293772
712,856,144,0.144,0.1538914090357721
780,890,110,0.11,0.14936688302084802
746,873,127,0.127,0.1488899181112647
754,877,123,0.123,0.15890476281940938
678,839,161,0.161,0.16412282487750054
748,874,126,0.126,0.15904182850196957
762,881,119,0.119,0.16221808296069504
754,877,123,0.123,0.16133181666582821
740,870,130,0.13,0.1603906915448606
742,871,129,0.129,0.16278426058217882
750,875,125,0.125,0.1483891896083951
758,879,121,0.121,0.15241413126885892
756,878,122,0.122,0.15287730438262223
738,869,131,0.131,0.1535889659114182
746,873,127,0.127,0.1492600737735629
816,908,92,0.092,0.14892197572439908
802,901,99,0.099,0.14432540679350495
748,874,126,0.126,0.15007750002853573
754,877,123,0.123,0.15734644951671362
754,877,123,0.123,0.154944668546319
806,903,97,0.097,0.1387255155853927
766,883,117,0.117,0.14569985122978688
784,892,108,0.108,0.13481535075977444
756,878,122,0.122,0.13470992787927388
748,874,126,0.126,0.1313823287859559
798,899,101,0.101,0.12914095174893736
816,908,92,0.092,0.12745838810876012
760,880,120,0.12,0.12991407740488647
772,886,114,0.114,0.13394672280550002
798,899,101,0.101,0.12895335171744227
798,899,101,0.101,0.11990527290478349
796,898,102,0.102,0.12546999671310186
718,859,141,0.141,0.12306325232982636
766,883,117,0.117,0.12221564224362373
714,857,143,0.143,0.1286893707178533
732,866,134,0.134,0.12560592360049486
814,907,93,0.093,0.12065525712445378
812,906,94,0.094,0.11750788450613618
724,862,138,0.138,0.12567649638280273
756,878,122,0.122,0.12583308636024595
744,872,128,0.128,0.12656642676889895
762,881,119,0.119,0.12014935152232648
764,882,118,0.118,0.11203996494505554
798,899,101,0.101,0.10608896734565497
772,886,114,0.114,0.10381233022175729
760,880,120,0.12,0.10236256201937795
776,888,112,0.112,0.11284256457909941
772,886,114,0.114,0.11277636281214655
706,853,147,0.147,0.1170792216155678
784,892,108,0.108,0.11030472426302732
798,899,101,0.101,0.10746218933165073
774,887,113,0.113,0.10885852617397905
760,880,120,0.12,0.1088572840616107
742,871,129,0.129,0.11673640433326364
740,870,130,0.13,0.1284827557578683
766,883,117,0.117,0.123086321875453
732,866,134,0.134,0.12942564263939857
718,859,141,0.141,0.1243774092309177
816,908,92,0.092,0.0982056603152305
746,873,127,0.127,0.11009324564784766
738,869,131,0.131,0.10863735765311867
766,883,117,0.117,0.11079271937720478
786,893,107,0.107,0.10703305481374263
800,900,100,0.1,0.10781365401297807
744,872,128,0.128,0.10017030274495482
760,880,120,0.12,0.0972760854754597
804,902,98,0.098,0.09157940977439284
864,932,68,0.068,0.09263412223570049
688,844,156,0.156,0.11334112823009491
734,867,133,0.133,0.11500315498001873
748,874,126,0.126,0.12742722313851118
684,842,158,0.158,0.13433074638620018
708,854,146,0.146,0.13670224812999368
754,877,123,0.123,0.12988405655696988
760,880,120,0.12,0.11745389699190854
720,860,140,0.14,0.12286742564290762
724,862,138,0.138,0.12348706501722335
720,860,140,0.14,0.12013358249142767
786,893,107,0.107,0.11290539929270745
758,879,121,0.121,0.11678311971202493
760,880,120,0.12,0.1188618458174169
768,884,116,0.116,0.10429673810862004
756,878,122,0.122,0.1026301639340818
798,899,101,0.101,0.09447054365277291
744,872,128,0.128,0.09790804227069021
704,852,148,0.148,0.1005532523021102
804,902,98,0.098,0.09637651596963405
724,862,138,0.138,0.1033115155659616
752,876,124,0.124,0.10064789548888803
744,872,128,0.128,0.10192920184507966
764,882,118,0.118,0.09639674788340927
792,896,104,0.104,0.09214620076306164
788,894,106,0.106,0.09526848831400275
766,883,117,0.117,0.09963061668165028
784,892,108,0.108,0.11532136059552431
694,847,153,0.153,0.11615694207698107
768,884,116,0.116,0.11927058045566082
726,863,137,0.137,0.11768239120952785
768,884,116,0.116,0.10787495156005025
752,876,124,0.124,0.10492066994123161
768,884,116,0.116,0.107286958117038
798,899,101,0.101,0.10657070594280958
830,915,85,0.085,0.1029284257888794
698,849,151,0.151,0.11633607621863484
732,866,134,0.134,0.11648862047120928
730,865,135,0.135,0.10999932180717588
750,875,125,0.125,0.10434007813408971
778,889,111,0.111,0.09756648956425489
772,886,114,0.114,0.09870157490670681
850,925,75,0.075,0.08880326217971742
764,882,118,0.118,0.09113854738138616
754,877,123,0.123,0.09786554569937289
756,878,122,0.122,0.09556956443935632
772,886,114,0.114,0.10085974590107799
792,896,104,0.104,0.10189693242311477
774,887,113,0.113,0.10762558984011411
738,869,131,0.131,0.10747860446199775
776,888,112,0.112,0.1118611636608839
780,890,110,0.11,0.11097104753740132
716,858,142,0.142,0.11757298826426267
762,881,119,0.119,0.11292798230797052
744,872,128,0.128,0.11795471452921628
722,861,139,0.139,0.11994088577479124
800,900,100,0.1,0.11033237815648317
770,885,115,0.115,0.11874284932762384
796,898,102,0.102,0.1192231326662004
778,889,111,0.111,0.12129366724193096
702,851,149,0.149,0.12762012057378888
812,906,94,0.094,0.11851624397560954
736,868,132,0.132,0.1476367157176137
742,871,129,0.129,0.15156640774384142
720,860,140,0.14,0.14487788762897252
758,879,121,0.121,0.13988133220002055
802,901,99,0.099,0.127342524478212
782,891,109,0.109,0.1286363167092204
750,875,125,0.125,0.12797173449769617
744,872,128,0.128,0.1290657661370933
732,866,134,0.134,0.11920834131911397
822,911,89,0.089,0.11252256337925792
740,870,130,0.13,0.12431039741449058
772,886,114,0.114,0.12783723919838666
722,861,139,0.139,0.1367601657770574
792,896,104,0.104,0.12669577027857304
802,901,99,0.099,0.12541437852010132
746,873,127,0.127,0.12195848340913654
738,869,131,0.131,0.12623762748762965
822,911,89,0.089,0.1179828625023365
814,907,93,0.093,0.11945261058583856
776,888,112,0.112,0.1223212616853416
748,874,126,0.126,0.12286285638064146
754,877,123,0.123,0.11875028683617711
750,875,125,0.125,0.12132268646731972
766,883,117,0.117,0.11868604307621718
722,861,139,0.139,0.11841659021377564
832,916,84,0.084,0.11459838636219502
784,892,108,0.108,0.1183466223552823
742,871,129,0.129,0.12671290804445742
750,875,125,0.125,0.13537468510121106
768,884,116,0.116,0.13823268707096575
622,811,189,0.189,0.14631327978894115
742,871,129,0.129,0.14295199260115624
706,853,147,0.147,0.15264303328841924
802,901,99,0.099,0.13589488529786467
752,876,124,0.124,0.14008350145071746
730,865,135,0.135,0.13385919222608209
790,895,105,0.105,0.12021149262413383
864,932,68,0.068,0.11659876805543899
788,894,106,0.106,0.12261018841341138
742,871,129,0.129,0.11805834807083011
784,892,108,0.108,0.12092917317524553
710,855,145,0.145,0.13750083645433187
738,869,131,0.131,0.1350025393590331
740,870,130,0.13,0.13637844762206078
768,884,116,0.116,0.1365002474337816
774,887,113,0.113,0.1355993673875928
744,872,128,0.128,0.14102999105677008
778,889,111,0.111,0.12998542232066393
786,893,107,0.107,0.12987160352244972
820,910,90,0.09,0.12472831534594297
778,889,111,0.111,0.12479980084858834
720,860,140,0.14,0.13322734882310033
808,904,96,0.096,0.12893224200978876
792,896,104,0.104,0.1316709132231772
776,888,112,0.112,0.12990343049541117
834,917,83,0.083,0.1318260557092726
742,871,129,0.129,0.14495652265846729
742,871,129,0.129,0.1508954575881362
766,883,117,0.117,0.15034080869331956
762,881,119,0.119,0.1489503739513457
684,842,158,0.158,0.15845038928836583
694,847,153,0.153,0.16203415149077774
760,880,120,0.12,0.15759772384539247
784,892,108,0.108,0.1582579031176865
702,851,149,0.149,0.16199693930894135
776,888,112,0.112,0.1491174296028912
808,904,96,0.096,0.14065743996575475
756,878,122,0.122,0.15574192610383034
740,870,130,0.13,0.15721916592866184
804,902,98,0.098,0.14946774013713002
752,876,124,0.124,0.1532642860598862
736,868,132,0.132,0.15462362675741315
808,904,96,0.096,0.14562181003019214
792,896,104,0.104,0.14825682223960757
764,882,118,0.118,0.15399631848186254
796,898,102,0.102,0.15356475396826863
716,858,142,0.142,0.16037196585536004
700,850,150,0.15,0.17526452030986547
750,875,125,0.125,0.1710312814116478
772,886,114,0.114,0.17501649330556393
766,883,117,0.117,0.17365450179576875
728,864,136,0.136,0.17417020718753337
788,894,106,0.106,0.15823591470718384
792,896,104,0.104,0.15224890130013227
752,876,124,0.124,0.1503958163894713
740,870,130,0.13,0.1598369202800095
808,904,96,0.096,0.15774975927174092
768,884,116,0.116,0.1584147617854178
762,881,119,0.119,0.1612823447845876
776,888,112,0.112,0.1521258405596018
804,902,98,0.098,0.15857202639058232
740,870,130,0.13,0.1587334636002779
746,873,127,0.127,0.16127256832271814
748,874,126,0.126,0.15750485265627504
782,891,109,0.109,0.15965902614593505
796,898,102,0.102,0.1588579655252397
772,886,114,0.114,0.16744685017317534
692,846,154,0.154,0.179289288751781
706,853,147,0.147,0.17548352934792638
804,902,98,0.098,0.17163677205890418
786,893,107,0.107,0.1695499994419515
800,900,100,0.1,0.14965331549942493
786,893,107,0.107,0.15405826826766134
750,875,125,0.125,0.15711321225762367
738,869,131,0.131,0.15513230200484396
786,893,107,0.107,0.1517101205699146
756,878,122,0.122,0.14471616942808033
760,880,120,0.12,0.14229837795346975
844,922,78,0.078,0.1369654994048178
752,876,124,0.124,0.15071645645797252
816,908,92,0.092,0.14601443200558423
746,873,127,0.127,0.15225567308068275
774,887,113,0.113,0.15328916136175394
714,857,143,0.143,0.16699193860962988
798,899,101,0.101,0.1726996538862586
800,900,100,0.1,0.17842377335578202
736,868,132,0.132,0.18262201807647943
730,865,135,0.135,0.1846475515589118
722,861,139,0.139,0.18658584369719028
770,885,115,0.115,0.1878516595736146
778,889,111,0.111,0.18342375934123992
784,892,108,0.108,0.17922527262568475
774,887,113,0.113,0.18902944788709283
752,876,124,0.124,0.1965508386194706
756,878,122,0.122,0.18705354108661412
752,876,124,0.124,0.1856985613182187
746,873,127,0.127,0.17481715800613165
814,907,93,0.093,0.16295977649092674
804,902,98,0.098,0.1675193477794528
720,860,140,0.14,0.169225929453969
724,862,138,0.138,0.16029779939353467
748,874,126,0.126,0.15746019306778908
752,876,124,0.124,0.15437765131518244
710,855,145,0.145,0.16362146496027707
816,908,92,0.092,0.13548147494718432
774,887,113,0.113,0.1348449360318482
760,880,120,0.12,0.13368958656862379
732,866,134,0.134,0.13446971279382705
788,894,106,0.106,0.11957611931674182
738,869,131,0.131,0.1282930025495589
770,885,115,0.115,0.12939549365080893
782,891,109,0.109,0.1254375243578106
762,881,119,0.119,0.1371020918674767
756,878,122,0.122,0.13791090369224548
770,885,115,0.115,0.13585103260166942
748,874,126,0.126,0.14223905207589269
774,887,113,0.113,0.13767643246799707
798,899,101,0.101,0.13489885418489575
774,887,113,0.113,0.13887765782698988
780,890,110,0.11,0.13864910597354174
760,880,120,0.12,0.13853997691348194
772,886,114,0.114,0.13197059553861618
740,870,130,0.13,0.1350033003129065
772,886,114,0.114,0.1352229620013386
762,881,119,0.119,0.13336871717870236
742,871,129,0.129,0.13934717953950165
720,860,140,0.14,0.1374349855221808
740,870,130,0.13,0.13810385041683912
786,893,107,0.107,0.133249668315053
774,887,113,0.113,0.13604711996763943
768,884,116,0.116,0.13747036784142255
756,878,122,0.122,0.1385383193306625
722,861,139,0.139,0.12957354981079697
742,871,129,0.129,0.12479790095612407
802,901,99,0.099,0.11901518937200307
764,882,118,0.118,0.12249129711836576
744,872,128,0.128,0.12726065313071014
800,900,100,0.1,0.12422023552283645
784,892,108,0.108,0.12784215324744583
738,869,131,0.131,0.13400715668871999
746,873,127,0.127,0.14286077918112278
776,888,112,0.112,0.13786566000431777
730,865,135,0.135,0.1381693485453725
814,907,93,0.093,0.13157895433902742
768,884,116,0.116,0.13095892954990268
756,878,122,0.122,0.13805162284523248
756,878,122,0.122,0.13873487556725742
734,867,133,0.133,0.13843130372092127
748,874,126,0.126,0.14079703406989574
838,919,81,0.081,0.13612226095795632
722,861,139,0.139,0.14309842469543219
780,890,110,0.11,0.14122608131542802
734,867,133,0.133,0.14948136994615197
736,868,132,0.132,0.1485529356710613
766,883,117,0.117,0.14100922179594635
722,861,139,0.139,0.15216759463772178
776,888,112,0.112,0.1439572595320642
722,861,139,0.139,0.14586479706689714
716,858,142,0.142,0.14902905252948404
790,895,105,0.105,0.13351835928484798
736,868,132,0.132,0.14562646372616292
748,874,126,0.126,0.15122658336162567
730,865,135,0.135,0.1396576589345932
748,874,126,0.126,0.1475944950208068
808,904,96,0.096,0.1441250735707581
750,875,125,0.125,0.15344477824121713
730,865,135,0.135,0.15358843895792962
846,923,77,0.077,0.13854073397628963
742,871,129,0.129,0.14476325926184655
714,857,143,0.143,0.13446208162605763
730,865,135,0.135,0.14490557343512772
810,905,95,0.095,0.13708404975757002
722,861,139,0.139,0.14468175411596895
774,887,113,0.113,0.13835707949101925
762,881,119,0.119,0.12875999538972974
740,870,130,0.13,0.12007076033204794
794,897,103,0.103,0.11604760993272066
758,879,121,0.121,0.1273900963626802
728,864,136,0.136,0.12771097150817515
770,885,115,0.115,0.12808699768781662
770,885,115,0.115,0.1287375240549445
676,838,162,0.162,0.13016558315604926
768,884,116,0.116,0.12097543894872069
798,899,101,0.101,0.1178553835246712
752,876,124,0.124,0.1166597112044692
710,855,145,0.145,0.12371366003341973
730,865,135,0.135,0.10733600140176713
752,876,124,0.124,0.09968956632725895
782,891,109,0.109,0.09798829164728522
796,898,102,0.102,0.09610446644388139
810,905,95,0.095,0.10763350500352681
732,866,134,0.134,0.10828651232644916
724,862,138,0.138,0.11407643416896462
822,911,89,0.089,0.10968873662129044
770,885,115,0.115,0.10545029879361391
716,858,142,0.142,0.10877766312099993
804,902,98,0.098,0.0993998216446489
726,863,137,0.137,0.10395727889798581
788,894,106,0.106,0.1010051481872797
714,857,143,0.143,0.10977483884990215
820,910,90,0.09,0.11101803411915899
716,858,142,0.142,0.11730996448174119
776,888,112,0.112,0.11095243087410926
764,882,118,0.118,0.10974171443097293
774,887,113,0.113,0.10687691052816808
756,878,122,0.122,0.11109963469207287
760,880,120,0.12,0.11153488102182746
776,888,112,0.112,0.11052506102994085
764,882,118,0.118,0.1099042890574783
780,890,110,0.11,0.105329798579216
822,911,89,0.089,0.09731053644791246
838,919,81,0.081,0.0867819147836417
748,874,126,0.126,0.09631321998871863
766,883,117,0.117,0.09394120486825705
730,865,135,0.135,0.1005263192281127
716,858,142,0.142,0.11047699443250894
762,881,119,0.119,0.11067531581409276
786,893,107,0.107,0.11040608029067517
712,856,144,0.144,0.1068866655267775
766,883,117,0.117,0.09426801209896803
794,897,103,0.103,0.09071450323238969
810,905,95,0.095,0.08431017296761274
704,852,148,0.148,0.09301293011009693
814,907,93,0.093,0.08808160093985498
806,903,97,0.097,0.08542359311506152
800,900,100,0.1,0.08895096018351614
736,868,132,0.132,0.10603295122645795
688,844,156,0.156,0.10665552772581577
732,866,134,0.134,0.10594236395508051
756,878,122,0.122,0.10985663550719618
682,841,159,0.159,0.11462163541279734
784,892,108,0.108,0.10552631402015686
796,898,102,0.102,0.09979434183426202
704,852,148,0.148,0.10857471833005547
724,862,138,0.138,0.11870415309816598
786,893,107,0.107,0.11672216500341892
712,856,144,0.144,0.12692222126573324
756,878,122,0.122,0.1235653204061091
744,872,128,0.128,0.11809073703736067
724,862,138,0.138,0.12255722930282355
808,904,96,0.096,0.12119636648520828
818,909,91,0.091,0.11362283472716808
798,899,101,0.101,0.11758100154995918
754,877,123,0.123,0.1223098654076457
706,853,147,0.147,0.1267962427288294
716,858,142,0.142,0.1217379776276648
758,879,121,0.121,0.10936911676824093
766,883,117,0.117,0.10598803986236453
766,883,117,0.117,0.10444443608820439
764,882,118,0.118,0.10686697790771722
772,886,114,0.114,0.10058931284956633
746,873,127,0.127,0.10115193480253219
802,901,99,0.099,0.0978563295789063
790,895,105,0.105,0.10128368342109025
718,859,141,0.141,0.1096963995397091
740,870,130,0.13,0.1103066089823842
730,865,135,0.135,0.11186825355514884
718,859,141,0.141,0.10727728392928838
728,864,136,0.136,0.10093915575370192
814,907,93,0.093,0.09256267488002777
794,897,103,0.103,0.09131448051147163
772,886,114,0.114,0.0912503753490746
788,894,106,0.106,0.08978252385929227
802,901,99,0.099,0.0862567159421742
750,875,125,0.125,0.08911688364110887
730,865,135,0.135,0.09330691962689161
780,890,110,0.11,0.09243607586435974
724,862,138,0.138,0.09433746168017387
794,897,103,0.103,0.09269055917486549
748,874,126,0.126,0.0963666893467307
740,870,130,0.13,0.10485034300759434
798,899,101,0.101,0.09614267568290234
762,881,119,0.119,0.10143728942610324
664,832,168,0.168,0.12073255065456033
746,873,127,0.127,0.11536164641007782
734,867,133,0.133,0.11770897365361452
744,872,128,0.128,0.11790871962532401
792,896,104,0.104,0.10646279993280769
744,872,128,0.128,0.10912234232574701
800,900,100,0.1,0.10276297141984105
786,893,107,0.107,0.10290772444009781
782,891,109,0.109,0.10508251566812396
734,867,133,0.133,0.11461749900132417
780,890,110,0.11,0.1136865146420896
688,844,156,0.156,0.1207370145674795
750,875,125,0.125,0.11275083905458451
744,872,128,0.128,0.10910705005191267
722,861,139,0.139,0.1074985249452293
720,860,140,0.14,0.10837272908166051
752,876,124,0.124,0.10280660925060511
788,894,106,0.106,0.10159029006958008
732,866,134,0.134,0.10662739280983806
750,875,125,0.125,0.10102649108320474
714,857,143,0.143,0.1083529192879796
776,888,112,0.112,0.09547825686633588
722,861,139,0.139,0.09920009407401086
810,905,95,0.095,0.08627621489576995
736,868,132,0.132,0.09214833748899401
748,874,126,0.126,0.08656325816735626
738,869,131,0.131,0.09616107989475131
766,883,117,0.117,0.09380923167429864
750,875,125,0.125,0.09839089331962168
764,882,118,0.118,0.09924010062403978
730,865,135,0.135,0.09858416110649705
834,917,83,0.083,0.0844226634632796
776,888,112,0.112,0.08627846477460116
754,877,123,0.123,0.08614706324320287
752,876,124,0.124,0.08985927240550518
718,859,141,0.141,0.09026686725020408
788,894,106,0.106,0.08136551708728075
722,861,139,0.139,0.08232890837825835
768,884,116,0.116,0.08065800923109055
822,911,89,0.089,0.0749276414513588
724,862,138,0.138,0.07978359292633831
722,861,139,0.139,0.09115853015333414
738,869,131,0.131,0.08999424631334842
766,883,117,0.117,0.09910742066800594
734,867,133,0.133,0.10085735704377294
750,875,125,0.125,0.09490548361465335
794,897,103,0.103,0.09042639603838325
774,887,113,0.113,0.07795899195503443
718,859,141,0.141,0.08537082265224308
788,894,106,0.106,0.06834821331128478
742,871,129,0.129,0.0728420972712338
776,888,112,0.112,0.07483249327912926
770,885,115,0.115,0.07766065713949502
798,899,101,0.101,0.07650121933035553
820,910,90,0.09,0.06958495572023093
796,898,102,0.102,0.0777956798132509
772,886,114,0.114,0.07784259541332722
712,856,144,0.144,0.08414612262137235
752,876,124,0.124,0.0797393007054925
706,853,147,0.147,0.08991796946525574
788,894,106,0.106,0.08337233548797666
774,887,113,0.113,0.09288626493699849
758,879,121,0.121,0.1024360650535673
768,884,116,0.116,0.0991345941964537
748,874,126,0.126,0.1019119315110147
740,870,130,0.13,0.09994868345558644
746,873,127,0.127,0.09304800760373473
726,863,137,0.137,0.09805601502023638
750,875,125,0.125,0.09325540593080223
794,897,103,0.103,0.09689306570030749
746,873,127,0.127,0.09472074105590582
708,854,146,0.146,0.08958226282335818
772,886,114,0.114,0.09200798691064119
782,891,109,0.109,0.08758556845691055
712,856,144,0.144,0.09577921634912491
766,883,117,0.117,0.08041047387011349
766,883,117,0.117,0.07800221262220293
800,900,100,0.1,0.07708962478023022
712,856,144,0.144,0.08304647510871291
758,879,121,0.121,0.08239820697717369
716,858,142,0.142,0.08455077201686799
734,867,133,0.133,0.08825314337387681
780,890,110,0.11,0.08338087708503007
752,876,124,0.124,0.07153849326819181
762,881,119,0.119,0.06641358724981547
822,911,89,0.089,0.06601334131415934
814,907,93,0.093,0.06329726597107947
754,877,123,0.123,0.06448067587800324
764,882,118,0.118,0.06145860281120986
726,863,137,0.137,0.06454180423356592
800,900,100,0.1,0.06371696655265988
770,885,115,0.115,0.06277033202257007
760,880,120,0.12,0.06369927481934429
784,892,108,0.108,0.05912521966453642
760,880,120,0.12,0.06192567645944655
786,893,107,0.107,0.05567671741731465
740,870,130,0.13,0.0565941505478695
720,860,140,0.14,0.05823744304757565
710,855,145,0.145,0.05868279608618468
710,855,145,0.145,0.06108916256390512
728,864,136,0.136,0.06121999716293067
700,850,150,0.15,0.05993365680146962
810,905,95,0.095,0.056206244581378996
722,861,139,0.139,0.06262139848526567
768,884,116,0.116,0.055584230192936956
818,909,91,0.091,0.055813794429413977
772,886,114,0.114,0.059251652386039494
776,888,112,0.112,0.057834674812853336
786,893,107,0.107,0.06126236711628735
716,858,142,0.142,0.06401105617545545
772,886,114,0.114,0.062380195590667424
788,894,106,0.106,0.05513799752295017
784,892,108,0.108,0.05508322091307491
742,871,129,0.129,0.058793088364414874
846,923,77,0.077,0.05271012020856142
748,874,126,0.126,0.061508746083825824
766,883,117,0.117,0.05840839711390436
778,889,111,0.111,0.05817293065227568
772,886,114,0.114,0.05831620366405696
774,887,113,0.113,0.06234007534943521
804,902,98,0.098,0.05986045795679092
728,864,136,0.136,0.06678579265065492
722,861,139,0.139,0.06727985721081495
818,909,91,0.091,0.05849223114643246
814,907,93,0.093,0.06246292118728161
752,876,124,0.124,0.06230391563009471
806,903,97,0.097,0.05767106795590371
764,882,118,0.118,0.06491684877965599
766,883,117,0.117,0.06205863671284169
734,867,133,0.133,0.06748204613476992
742,871,129,0.129,0.06973927982151508
792,896,104,0.104,0.05713986699422821
818,909,91,0.091,0.05274970711348578
808,904,96,0.096,0.05220059096207842
812,906,94,0.094,0.05369203163636848
748,874,126,0.126,0.06439799567312002
702,851,149,0.149,0.0695230241343379
696,848,152,0.152,0.06825351384468377
746,873,127,0.127,0.06669176468253135
740,870,130,0.13,0.05859419556893408
770,885,115,0.115,0.056882707144133744
834,917,83,0.083,0.05648617198318243
712,856,144,0.144,0.06147150995582342
776,888,112,0.112,0.05897306483378634
782,891,109,0.109,0.05713429831713438
778,889,111,0.111,0.057291565215215084
774,887,113,0.113,0.06027789299190044
702,851,149,0.149,0.07534885707963258
782,891,109,0.109,0.07110617931932212
712,856,144,0.144,0.07475142806395889
740,870,130,0.13,0.07216372954100371
798,899,101,0.101,0.05273472997639328
752,876,124,0.124,0.0525418927995488
744,872,128,0.128,0.053954039436765015
808,904,96,0.096,0.05145585388503969
828,914,86,0.086,0.04673512661643326
806,903,97,0.097,0.047667076475918294
770,885,115,0.115,0.052572178734466436
756,878,122,0.122,0.05307772989710793
750,875,125,0.125,0.06055198158975691
708,854,146,0.146,0.06341192164458334
754,877,123,0.123,0.06139886981621385
718,859,141,0.141,0.06331002302654087
786,893,107,0.107,0.05328083297424018
736,868,132,0.132,0.05689756761211902
768,884,116,0.116,0.05735661808680743
756,878,122,0.122,0.059877886581234635
744,872,128,0.128,0.06663372582290322
750,875,125,0.125,0.06563683747127652
820,910,90,0.09,0.06125726001523435
804,902,98,0.098,0.06058366103470326
752,876,124,0.124,0.06378856817353516
816,908,92,0.092,0.062464583802968265
778,889,111,0.111,0.06491638382151722
730,865,135,0.135,0.06496798627264798
802,901,99,0.099,0.06487623070552945
780,890,110,0.11,0.06723712797649205
724,862,138,0.138,0.07007136088237166
704,852,148,0.148,0.07124103759415448
830,915,85,0.085,0.06117083789687604
736,868,132,0.132,0.06852091837488115
720,860,140,0.14,0.07188923757523298
780,890,110,0.11,0.06834591581486166
734,867,133,0.133,0.07296172353625298
798,899,101,0.101,0.07023663361277431
822,911,89,0.089,0.07101226778887212
826,913,87,0.087,0.07307030078396201
754,877,123,0.123,0.07727374206110835
730,865,135,0.135,0.08386326822638511
810,905,95,0.095,0.08046722820214927
822,911,89,0.089,0.07510326987691224
752,876,124,0.124,0.07721099948510528
752,876,124,0.124,0.07936669571511447
780,890,110,0.11,0.06848126141168177
792,896,104,0.104,0.07088955084048211
770,885,115,0.115,0.0653581915423274
752,876,124,0.124,0.06562974949367345
782,891,109,0.109,0.05951451625674963
748,874,126,0.126,0.06457475179061294
782,891,109,0.109,0.06147473918180913
808,904,96,0.096,0.06123273545689881
780,890,110,0.11,0.06551123318634927
710,855,145,0.145,0.06571243922505528
784,892,108,0.108,0.06643924873135984
732,866,134,0.134,0.06806684257183224
766,883,117,0.117,0.069546535493806
802,901,99,0.099,0.07126289238780736
786,893,107,0.107,0.06824534296244383
742,871,129,0.129,0.07202808559499681
772,886,114,0.114,0.07213572508655489
752,876,124,0.124,0.0704588774619624
740,870,130,0.13,0.07526490064710378
790,895,105,0.105,0.07296601166203619
788,894,106,0.106,0.07255894950032234
794,897,103,0.103,0.06926968285441398
836,918,82,0.082,0.06788131160102785
754,877,123,0.123,0.07502977314312011
776,888,112,0.112,0.07209636822901666
790,895,105,0.105,0.07366227527707815
724,862,138,0.138,0.08005300905182958
776,888,112,0.112,0.07420661432296037
702,851,149,0.149,0.08119087940268219
744,872,128,0.128,0.08556461530551314
770,885,115,0.115,0.08448077159747482
772,886,114,0.114,0.08437557923048734
794,897,103,0.103,0.07985930551029742
748,874,126,0.126,0.08571023833192885
742,871,129,0.129,0.08015908690728248
766,883,117,0.117,0.081942434232682
786,893,107,0.107,0.08239714529179036
778,889,111,0.111,0.07975508335232735
816,908,92,0.092,0.08023908115830272
776,888,112,0.112,0.08513714124448597
728,864,136,0.136,0.09338166187517345
754,877,123,0.123,0.09524226912483573
754,877,123,0.123,0.10094915959239006
772,886,114,0.114,0.10172962870448828
782,891,109,0.109,0.09593491239473223
756,878,122,0.122,0.09769858364760876
788,894,106,0.106,0.09832933813892306
760,880,120,0.12,0.09925532191246748
722,861,139,0.139,0.10287067595124244
728,864,136,0.136,0.10463561912998558
788,894,106,0.106,0.0996263090800494
770,885,115,0.115,0.0963305507004261
786,893,107,0.107,0.0959790266547352
796,898,102,0.102,0.099365130815655
808,904,96,0.096,0.09448799525946379
742,871,129,0.129,0.10059885606914759
772,886,114,0.114,0.11263105199858546
714,857,143,0.143,0.11817354290559888
846,923,77,0.077,0.11243702277168631
748,874,126,0.126,0.11802959606051446
786,893,107,0.107,0.117566182307899
756,878,122,0.122,0.11974254567548633
766,883,117,0.117,0.11662253318354487
718,859,141,0.141,0.12236030077934265
758,879,121,0.121,0.1181423457376659
812,906,94,0.094,0.11386765797063708
726,863,137,0.137,0.11760344244539737
730,865,135,0.135,0.11910898310318589
762,881,119,0.119,0.09682405262626707
756,878,122,0.122,0.10154512417316437
766,883,117,0.117,0.09651794507354498
788,894,106,0.106,0.1006437210291624
792,896,104,0.104,0.10320817289501429
790,895,105,0.105,0.10093317994475365
710,855,145,0.145,0.10466952577605844
788,894,106,0.106,0.09581928588077426
792,896,104,0.104,0.09076176406443119
770,885,115,0.115,0.09428826958872377
762,881,119,0.119,0.09551334641128778
778,889,111,0.111,0.09818179617077112
714,857,143,0.143,0.08778281828202307
772,886,114,0.114,0.08276155291497707
792,896,104,0.104,0.08539692486450076
812,906,94,0.094,0.0791476832833141
736,868,132,0.132,0.08721718836762012
786,893,107,0.107,0.0829941814430058
676,838,162,0.162,0.08805111937224865
720,860,140,0.14,0.08818671695515513
680,840,160,0.16,0.0941830078996718
814,907,93,0.093,0.0871713029500097
672,836,164,0.164,0.09492541268467904
780,890,110,0.11,0.09354430526494979
812,906,94,0.094,0.08231233845837414
748,874,126,0.126,0.08302243915386498
806,903,97,0.097,0.07665385681879706
756,878,122,0.122,0.08375073988549411
798,899,101,0.101,0.07687259523756802
818,909,91,0.091,0.07413685945980251
768,884,116,0.116,0.07660100952722132
750,875,125,0.125,0.07721941875107587
760,880,120,0.12,0.07198894684016705
710,855,145,0.145,0.0760193988494575
764,882,118,0.118,0.07211379342712462
764,882,118,0.118,0.07297633130289614
704,852,148,0.148,0.07787884844653309
756,878,122,0.122,0.07598173194564879
802,901,99,0.099,0.07518734844401478
774,887,113,0.113,0.07749217370152474
806,903,97,0.097,0.07828170556202531
754,877,123,0.123,0.07738673654012382
818,909,91,0.091,0.073939092900604
770,885,115,0.115,0.0798492573723197
760,880,120,0.12,0.07967402135394513
754,877,123,0.123,0.0783744659498334
786,893,107,0.107,0.07670035613328219
772,886,114,0.114,0.08082642068527639
736,868,132,0.132,0.10088528004288673
768,884,116,0.116,0.0968178383000195
750,875,125,0.125,0.09911407943442464
684,842,158,0.158,0.10840955347195268
766,883,117,0.117,0.09577019709348679
760,880,120,0.12,0.09521909767761827
772,886,114,0.114,0.09833957031182945
794,897,103,0.103,0.08525012857653201
770,885,115,0.115,0.08523363793455065
708,854,146,0.146,0.08749611238390208
724,862,138,0.138,0.08582477989047765
746,873,127,0.127,0.08444343211874365
794,897,103,0.103,0.07788599152676762
666,833,167,0.167,0.07944014632329345
766,883,117,0.117,0.07271360770054161
782,891,109,0.109,0.07636919844336808
776,888,112,0.112,0.07377371910773217
714,857,143,0.143,0.07725516654364764
762,881,119,0.119,0.0820019540823996
734,867,133,0.133,0.08269773402996361
700,850,150,0.15,0.09280749444663525
740,870,130,0.13,0.08525288334861397
740,870,130,0.13,0.08385614471510053
748,874,126,0.126,0.08801519916392862
756,878,122,0.122,0.08669194358587265
716,858,142,0.142,0.08290365291386843
750,875,125,0.125,0.08220926398597658
786,893,107,0.107,0.07947632227838039
768,884,116,0.116,0.07428782088123262
698,849,151,0.151,0.0844342764057219
718,859,141,0.141,0.07903936776518822
798,899,101,0.101,0.07290099352411926
756,878,122,0.122,0.077512625195086
750,875,125,0.125,0.07671781899407507
734,867,133,0.133,0.07366798137687147
784,892,108,0.108,0.06550654690898955
744,872,128,0.128,0.0671747903637588
766,883,117,0.117,0.074339820465073
792,896,104,0.104,0.07262173628713936
740,870,130,0.13,0.08070431269519031
742,871,129,0.129,0.07803464716859163
800,900,100,0.1,0.0756793604446575
744,872,128,0.128,0.07983028385229408
780,890,110,0.11,0.07865932690910996
766,883,117,0.117,0.07756915284506977
776,888,112,0.112,0.0802907148078084
764,882,118,0.118,0.08358886983245611
784,892,108,0.108,0.08350925627723337
718,859,141,0.141,0.0809838790576905
796,898,102,0.102,0.07719112912565469
774,887,113,0.113,0.07885066672042013
864,932,68,0.068,0.07047244692128152
730,865,135,0.135,0.07656767999567092
760,880,120,0.12,0.07485062821768224
808,904,96,0.096,0.0685106036029756
808,904,96,0.096,0.07293338861316442
802,901,99,0.099,0.07564163740724325
798,899,101,0.101,0.07441850068047642
738,869,131,0.131,0.07630737600848078
748,874,126,0.126,0.07867099250480533
736,868,132,0.132,0.08387294117733836
764,882,118,0.118,0.0854056542199105
710,855,145,0.145,0.09642888364754618
790,895,105,0.105,0.0945064211525023
750,875,125,0.125,0.0977931678853929
762,881,119,0.119,0.09502232459932566
770,885,115,0.115,0.09222802294418216
780,890,110,0.11,0.09796023122593761
700,850,150,0.15,0.10151251561194659
784,892,108,0.108,0.09641064043343067
760,880,120,0.12,0.10376679087802768
770,885,115,0.115,0.10027793622948229
768,884,116,0.116,0.09344048024527729
818,909,91,0.091,0.09222089311107994
760,880,120,0.12,0.08074499896168709
826,913,87,0.087,0.07689478466659784
812,906,94,0.094,0.07461537484452128
744,872,128,0.128,0.08116769072972238
768,884,116,0.116,0.08967517152614891
836,918,82,0.082,0.08498875014856458
730,865,135,0.135,0.08958774721249937
768,884,116,0.116,0.0901133782695979
754,877,123,0.123,0.09510479993931949
728,864,136,0.136,0.0915517347380519
758,879,121,0.121,0.0869424529131502
772,886,114,0.114,0.09018589888885617
784,892,108,0.108,0.0954733813945204
744,872,128,0.128,0.10331242725253105
680,840,160,0.16,0.11484122848883271
740,870,130,0.13,0.11428946011140942
706,853,147,0.147,0.10610391013696789
758,879,121,0.121,0.10292463444173336
812,906,94,0.094,0.09751082143187523
812,906,94,0.094,0.09512106832303106
824,912,88,0.088,0.09385760142095387
774,887,113,0.113,0.09835926048085093
792,896,104,0.104,0.1007554422095418
822,911,89,0.089,0.10240151219069958
786,893,107,0.107,0.11310073797777295
748,874,126,0.126,0.1232715192399919
772,886,114,0.114,0.12061372262239456
724,862,138,0.138,0.12429472637549042
764,882,118,0.118,0.12051444095373154
726,863,137,0.137,0.12572546609863638
752,876,124,0.124,0.12221888530626893
772,886,114,0.114,0.12765594170987607
740,870,130,0.13,0.136833397064358
722,861,139,0.139,0.1466663439050317
750,875,125,0.125,0.14507679083943367
700,850,150,0.15,0.14553363709896802
814,907,93,0.093,0.13326131438463926
716,858,142,0.142,0.13987639447301625
808,904,96,0.096,0.1316819627135992
774,887,113,0.113,0.1372067165784538
788,894,106,0.106,0.14771326201781632
686,843,157,0.157,0.1573175222054124
786,893,107,0.107,0.15007333867624403
802,901,99,0.099,0.14573860961198806
796,898,102,0.102,0.13135883698612452
738,869,131,0.131,0.13039502250775695
800,900,100,0.1,0.13169749477878212
802,901,99,0.099,0.12689330081269146
796,898,102,0.102,0.123886815097183
754,877,123,0.123,0.12413499070703983
776,888,112,0.112,0.1276769208945334
762,881,119,0.119,0.12682568980380893
760,880,120,0.12,0.12839321244694293
738,869,131,0.131,0.1278106909058988
786,893,107,0.107,0.12153241848200559
790,895,105,0.105,0.12427810981497169
712,856,144,0.144,0.11659919625520707
762,881,119,0.119,0.11343494779057801
796,898,102,0.102,0.10904674297571182
766,883,117,0.117,0.10853745342046023
744,872,128,0.128,0.10568268246389925
834,917,83,0.083,0.09547062302567065
720,860,140,0.14,0.11347973567992449
748,874,126,0.126,0.11049802299961448
718,859,141,0.141,0.11927861893549561
804,902,98,0.098,0.11290125827118755
712,856,144,0.144,0.11312118439376354
796,898,102,0.102,0.11169490612484514
744,872,128,0.128,0.11391846103593707
764,882,118,0.118,0.11300965822860598
746,873,127,0.127,0.09638046877644955
800,900,100,0.1,0.10153856487013399
786,893,107,0.107,0.0903012968748808
764,882,118,0.118,0.0871494293352589
782,891,109,0.109,0.08485154340043664
800,900,100,0.1,0.08222013981826604
774,887,113,0.113,0.08648954643309116
738,869,131,0.131,0.09566387753747403
782,891,109,0.109,0.09787586100026965
762,881,119,0.119,0.10689007049798965
780,890,110,0.11,0.10518942651711405
690,845,155,0.155,0.11303115512058139
734,867,133,0.133,0.10968494560196995
756,878,122,0.122,0.0984951505549252
800,900,100,0.1,0.09518872422538698
826,913,87,0.087,0.0975330246090889
726,863,137,0.137,0.10320760994032026
764,882,118,0.118,0.10756132630631328
762,881,119,0.119,0.10977321606501937
768,884,116,0.116,0.10572212846949697
712,856,144,0.144,0.11790673856064678
754,877,123,0.123,0.11339528970420361
796,898,102,0.102,0.1114780154004693
800,900,100,0.1,0.11469941921159625
790,895,105,0.105,0.11736811213009059
754,877,123,0.123,0.12475608751177787
780,890,110,0.11,0.12261093002557755
768,884,116,0.116,0.12403845424577593
728,864,136,0.136,0.12862466946989298
756,878,122,0.122,0.11945509576424956
794,897,103,0.103,0.1193222330287099
792,896,104,0.104,0.10653777336329222
790,895,105,0.105,0.1020259806662798
724,862,138,0.138,0.11273300159163772
776,888,112,0.112,0.11019696141406894
676,838,162,0.162,0.11839254284650087
738,869,131,0.131,0.1175254169255495
728,864,136,0.136,0.12071849109604954
748,874,126,0.126,0.12000491487607359
738,869,131,0.131,0.11663672195374966
762,881,119,0.119,0.1101222564894706
716,858,142,0.142,0.10177367324754595
804,902,98,0.098,0.09973337638750672
758,879,121,0.121,0.09525748279318214
848,924,76,0.076,0.09437709151767194
804,902,98,0.098,0.09797245668619871
748,874,126,0.126,0.10041925564967095
752,876,124,0.124,0.09795189252495766
756,878,122,0.122,0.09744843614473939
738,869,131,0.131,0.09853122044727206
770,885,115,0.115,0.09645487554371357
764,882,118,0.118,0.10137407390400767
800,900,100,0.1,0.09873770815134049
744,872,128,0.128,0.0962270918302238
718,859,141,0.141,0.10014401379972697
750,875,125,0.125,0.09516921632736922
742,871,129,0.129,0.097395732101053
772,886,114,0.114,0.0926787776555866
748,874,126,0.126,0.09410481719486416
744,872,128,0.128,0.09821418721415102
768,884,116,0.116,0.09843195118010044
760,880,120,0.12,0.10072783553600312
734,867,133,0.133,0.09416008965671062
752,876,124,0.124,0.09679565245658159
766,883,117,0.117,0.09755703569203615
688,844,156,0.156,0.10189399494975805
808,904,96,0.096,0.09716388130001724
794,897,103,0.103,0.09543014019541442
732,866,134,0.134,0.09722185770794749
752,876,124,0.124,0.0957020657863468
750,875,125,0.125,0.09917852016165853
754,877,123,0.123,0.10307688370533287
758,879,121,0.121,0.10485370354540646
772,886,114,0.114,0.10084871136210859
804,902,98,0.098,0.09789970306307078
794,897,103,0.103,0.0909995828885585
758,879,121,0.121,0.09012619898468256
752,876,124,0.124,0.09403467016667127
710,855,145,0.145,0.10265098439902068
724,862,138,0.138,0.10775393476337194
742,871,129,0.129,0.11011298060789704
752,876,124,0.124,0.11108638916909695
762,881,119,0.119,0.10353929719701409
762,881,119,0.119,0.10312449954077602
754,877,123,0.123,0.10081054887734353
776,888,112,0.112,0.09467721435055136
716,858,142,0.142,0.09598907114937902
788,894,106,0.106,0.09259340878017247
752,876,124,0.124,0.09856041349284352
786,893,107,0.107,0.09179733135644347
728,864,136,0.136,0.10443802753649652
834,917,83,0.083,0.09915911114960908
748,874,126,0.126,0.10190392227470875
772,886,114,0.114,0.10183842770382762
816,908,92,0.092,0.1015846569277346
742,871,129,0.129,0.10677480460330845
786,893,107,0.107,0.1050238813497126
750,875,125,0.125,0.1074136671051383
784,892,108,0.108,0.09977952319011092
806,903,97,0.097,0.09238489537499844
830,915,85,0.085,0.0886435283869505
728,864,136,0.136,0.09788932646811009
724,862,138,0.138,0.10106721514090895
770,885,115,0.115,0.09646218295581639
724,862,138,0.138,0.10000838099047542
734,867,133,0.133,0.10427954321727156
746,873,127,0.127,0.10110422710329295
720,860,140,0.14,0.10373830113559962
722,861,139,0.139,0.10599849350377917
754,877,123,0.123,0.10166281340830029
754,877,123,0.123,0.09347737631946802
734,867,133,0.133,0.09877890702523291
698,849,151,0.151,0.09895463702268899
798,899,101,0.101,0.09403700590319931
770,885,115,0.115,0.09345967127941548
780,890,110,0.11,0.09195445936545729
768,884,116,0.116,0.09070118186064065
766,883,117,0.117,0.09222658095136285
778,889,111,0.111,0.1053093008287251
750,875,125,0.125,0.10784978114813566
768,884,116,0.116,0.10966013889946044
794,897,103,0.103,0.10109397359378636
678,839,161,0.161,0.11817383458837867
764,882,118,0.118,0.11467747880890966
746,873,127,0.127,0.11605490581318736
762,881,119,0.119,0.12084537152200937
794,897,103,0.103,0.11385507632419467
782,891,109,0.109,0.11730350628495216
768,884,116,0.116,0.11957451133057476
782,891,109,0.109,0.12517497769370675
766,883,117,0.117,0.13590925377607346
724,862,138,0.138,0.1439726750329137
732,866,134,0.134,0.13873363484814763
766,883,117,0.117,0.12884785173088312
802,901,99,0.099,0.11969118954241276
790,895,105,0.105,0.11979376513883472
768,884,116,0.116,0.1225756931975484
762,881,119,0.119,0.1229013468530029
794,897,103,0.103,0.12628838489577174
716,858,142,0.142,0.13234814455360175
784,892,108,0.108,0.13125705448165537
754,877,123,0.123,0.1305222346968949
774,887,113,0.113,0.13872988677769899
762,881,119,0.119,0.1362603897191584
762,881,119,0.119,0.13373815252259375
700,850,150,0.15,0.12998938334360718
748,874,126,0.126,0.13012188295647503
750,875,125,0.125,0.13900641184672713
768,884,116,0.116,0.13933104511350394
716,858,142,0.142,0.14974598393961788
764,882,118,0.118,0.15137967280671
808,904,96,0.096,0.1431216432824731
718,859,141,0.141,0.15373260794579982
800,900,100,0.1,0.14321578727662562
772,886,114,0.114,0.1386628630235791
754,877,123,0.123,0.14068797419965268
736,868,132,0.132,0.14246154879406095
768,884,116,0.116,0.14455711244791747
746,873,127,0.127,0.1548371951878071
788,894,106,0.106,0.14808883480727672
838,919,81,0.081,0.14203757456690072
722,861,139,0.139,0.15963331486657262
738,869,131,0.131,0.16387133609503507
726,863,137,0.137,0.17332341052591801
716,858,142,0.142,0.16968975783139467
680,840,160,0.16,0.1549322517104447
794,897,103,0.103,0.14673540664836765
672,836,164,0.164,0.15719281306117774
716,858,142,0.142,0.15098122790455817
768,884,116,0.116,0.1571849126033485
726,863,137,0.137,0.1642395141236484
752,876,124,0.124,0.1735645733140409
744,872,128,0.128,0.17400128761678935
712,856,144,0.144,0.18883882042765618
750,875,125,0.125,0.194342486217618
734,867,133,0.133,0.20506115075945855
786,893,107,0.107,0.20204921343922616
712,856,144,0.144,0.21455878541618587
738,869,131,0.131,0.2055460881665349
716,858,142,0.142,0.19961498893797397
778,889,111,0.111,0.19240510726720095
696,848,152,0.152,0.1896861739307642
726,863,137,0.137,0.17932392016798257
746,873,127,0.127,0.17409326284378768
792,896,104,0.104,0.16709078197926283
792,896,104,0.104,0.1726774293407798
754,877,123,0.123,0.1768292780444026
778,889,111,0.111,0.17942941151559352
748,874,126,0.126,0.18103088883310556
760,880,120,0.12,0.18277356844395398
704,852,148,0.148,0.18629645263403655
732,866,134,0.134,0.18803529550880194
754,877,123,0.123,0.1915418233126402
766,883,117,0.117,0.1810973953306675
754,877,123,0.123,0.17482842259109022
714,857,143,0.143,0.16432605561614036
726,863,137,0.137,0.16646947171911597
830,915,85,0.085,0.15463316582143308
692,846,154,0.154,0.16694785355776548
734,867,133,0.133,0.16371922362595798
774,887,113,0.113,0.15756058176979423
790,895,105,0.105,0.15713013934344053
752,876,124,0.124,0.15710206326842308
734,867,133,0.133,0.17535966154560448
768,884,116,0.116,0.1732387271374464
776,888,112,0.112,0.18793918908387422
742,871,129,0.129,0.19228500007092952
758,879,121,0.121,0.18312822800129652
788,894,106,0.106,0.17909924413263797
772,886,114,0.114,0.17448636711388826
724,862,138,0.138,0.17893859581649305
766,883,117,0.117,0.1760941229313612
778,889,111,0.111,0.17002120817452668
756,878,122,0.122,0.17067452497780322
734,867,133,0.133,0.1682276152819395
770,885,115,0.115,0.15988749039545655
814,907,93,0.093,0.1540384654253721
762,881,119,0.119,0.17399071076512337
762,881,119,0.119,0.17680926857143642
762,881,119,0.119,0.18797152953594923
766,883,117,0.117,0.18123803813010453
778,889,111,0.111,0.17335388176143168
694,847,153,0.153,0.1857380789667368
762,881,119,0.119,0.18827210288494825
782,891,109,0.109,0.18831405498832465
740,870,130,0.13,0.19460378873348236
742,871,129,0.129,0.19769832798838616
766,883,117,0.117,0.18285575445741414
726,863,137,0.137,0.18765053413808347
782,891,109,0.109,0.19164739790558816
782,891,109,0.109,0.1872974513620138
798,899,101,0.101,0.18624558230489494
742,871,129,0.129,0.1907247345149517
752,876,124,0.124,0.18712208597362043
788,894,106,0.106,0.18551065973192454
740,870,130,0.13,0.19055770748853684
774,887,113,0.113,0.19216087722033262
774,887,113,0.113,0.19548661080747842
770,885,115,0.115,0.19108913981914522
770,885,115,0.115,0.19084734728932382
770,885,115,0.115,0.18257899406552314
736,868,132,0.132,0.18529302296042444
770,885,115,0.115,0.18200034833699466
754,877,123,0.123,0.18410228975117207
776,888,112,0.112,0.18055528470128773
706,853,147,0.147,0.1839115369915962
778,889,111,0.111,0.1804506626725197
682,841,159,0.159,0.18302213163673878
748,874,126,0.126,0.17956407307088376
788,894,106,0.106,0.16935897763073443
802,901,99,0.099,0.1690919965803623
788,894,106,0.106,0.15542871601879596
756,878,122,0.122,0.1560151948221028
786,893,107,0.107,0.14997702785581352
770,885,115,0.115,0.1509795779362321
736,868,132,0.132,0.15377320485562085
750,875,125,0.125,0.14825583277642726
732,866,134,0.134,0.14586994501948355
724,862,138,0.138,0.14213051956892014
764,882,118,0.118,0.14950465946272015
772,886,114,0.114,0.15106017344072462
728,864,136,0.136,0.1513557973764837
724,862,138,0.138,0.1530101656988263
796,898,102,0.102,0.14701408360525967
754,877,123,0.123,0.14714542017504573
726,863,137,0.137,0.15658447083830834
756,878,122,0.122,0.14766032679751515
794,897,103,0.103,0.13223908330872655
762,881,119,0.119,0.13856570444256067
722,861,139,0.139,0.1402515329644084
674,837,163,0.163,0.14973684050887823
726,863,137,0.137,0.15216716378182174
776,888,112,0.112,0.14009113623946906
742,871,129,0.129,0.13843016112223266
764,882,118,0.118,0.12451177183911204
776,888,112,0.112,0.11516120252013207
782,891,109,0.109,0.11293704633042216
764,882,118,0.118,0.1158552979528904
788,894,106,0.106,0.10998023255541921
786,893,107,0.107,0.10497065740823745
748,874,126,0.126,0.11457201210036874
750,875,125,0.125,0.11482969503477215
722,861,139,0.139,0.11214324630051851
772,886,114,0.114,0.11107820590212941
802,901,99,0.099,0.10418246284872293
734,867,133,0.133,0.10664997477643191
744,872,128,0.128,0.10183207830414176
790,895,105,0.105,0.09240401439182461
772,886,114,0.114,0.10368717873096465
740,870,130,0.13,0.10955669596418738
736,868,132,0.132,0.11164449234865606
698,849,151,0.151,0.12205563592165708
754,877,123,0.123,0.12636909591406584
790,895,105,0.105,0.12218463811650872
740,870,130,0.13,0.12294753054901958
702,851,149,0.149,0.1228112440034747
762,881,119,0.119,0.11653190747648477
774,887,113,0.113,0.1141557875946164
732,866,134,0.134,0.10957778587192298
722,861,139,0.139,0.11552733290195465
742,871,129,0.129,0.10916901874914765
768,884,116,0.116,0.10574810789898038
740,870,130,0.13,0.1070527664590627
748,874,126,0.126,0.10671767076477408
790,895,105,0.105,0.10835911169275642
722,861,139,0.139,0.11389196376502514
706,853,147,0.147,0.10798560953140258
774,887,113,0.113,0.09968742640689016
758,879,121,0.121,0.09972765182703733
746,873,127,0.127,0.1023338635340333
838,919,81,0.081,0.09601344553381205
698,849,151,0.151,0.10878909155726432
742,871,129,0.129,0.10205389546975493
794,897,103,0.103,0.09294916209764778
710,855,145,0.145,0.09506099500879646
780,890,110,0.11,0.09511801820807159
780,890,110,0.11,0.08514712286368012
822,911,89,0.089,0.08593837191537022
800,900,100,0.1,0.08058541743084788
752,876,124,0.124,0.08351506836153567
806,903,97,0.097,0.08426947623305023
734,867,133,0.133,0.09362269242666661
752,876,124,0.124,0.10067912549898028
720,860,140,0.14,0.1066010699737817
744,872,128,0.128,0.10263482053764164
814,907,93,0.093,0.09891887488216161
766,883,117,0.117,0.09202896009013056
720,860,140,0.14,0.09362595567293465
790,895,105,0.105,0.0890063541457057
774,887,113,0.113,0.0915935276299715
748,874,126,0.126,0.09173499919846653
778,889,111,0.111,0.09402926603518426
796,898,102,0.102,0.09171926374919713
736,868,132,0.132,0.09652792360074818
756,878,122,0.122,0.09973611919209362
798,899,101,0.101,0.10021361321210862
760,880,120,0.12,0.10070567567832768
744,872,128,0.128,0.10434881886094809
736,868,132,0.132,0.10431519930809736
774,887,113,0.113,0.10320794462412596
780,890,110,0.11,0.10119452550821006
774,887,113,0.113,0.09893980284035206
728,864,136,0.136,0.11184749930724501
722,861,139,0.139,0.1159327738918364
764,882,118,0.118,0.11914084318652748
762,881,119,0.119,0.11498169953748584
736,868,132,0.132,0.11640050481259823
698,849,151,0.151,0.11788731408305467
798,899,101,0.101,0.11398844311013817
776,888,112,0.112,0.10437211329117417
798,899,101,0.101,0.09430565315112471
762,881,119,0.119,0.09767668091878295
744,872,128,0.128,0.09930721472203731
734,867,133,0.133,0.10373499312624335
704,852,148,0.148,0.10660947822779417
776,888,112,0.112,0.11028045891970396
708,854,146,0.146,0.11139852815493942
688,844,156,0.156,0.11003240465000272
824,912,88,0.088,0.09543361684400588
734,867,133,0.133,0.10177221934683621
710,855,145,0.145,0.0978786502406001
762,881,119,0.119,0.09154423962160944
752,876,124,0.124,0.09902506599761546
730,865,135,0.135,0.09726070181280375
764,882,118,0.118,0.10066506707668305
762,881,119,0.119,0.10344728164747358
760,880,120,0.12,0.10482054223120213
736,868,132,0.132,0.10659373781457543
714,857,143,0.143,0.11051455723494291
764,882,118,0.118,0.09766958330571651
756,878,122,0.122,0.09742535572871566
718,859,141,0.141,0.09998056456074118
754,877,123,0.123,0.0944825330618769
770,885,115,0.115,0.09354647719487548
804,902,98,0.098,0.09587742299214005
706,853,147,0.147,0.10014880325272679
768,884,116,0.116,0.09443293528817594
784,892,108,0.108,0.08586178297363221
828,914,86,0.086,0.08069439701735974
694,847,153,0.153,0.0875725922305137
832,916,84,0.084,0.0760318889580667
778,889,111,0.111,0.07982572076842188
714,857,143,0.143,0.0774221504703164
808,904,96,0.096,0.07548959095589816
754,877,123,0.123,0.08063307780586183
754,877,123,0.123,0.07108506135828793
776,888,112,0.112,0.0699705109577626
744,872,128,0.128,0.07440568221546709
780,890,110,0.11,0.0696472652591765
750,875,125,0.125,0.07757922076247632
722,861,139,0.139,0.07597474124282598
774,887,113,0.113,0.07549195178598166
754,877,123,0.123,0.07454464616253972
760,880,120,0.12,0.0664607555102557
688,844,156,0.156,0.06861361094750464
792,896,104,0.104,0.06432738335430623
786,893,107,0.107,0.0590325479246676
740,870,130,0.13,0.06272660004533827
794,897,103,0.103,0.06364402946829796
762,881,119,0.119,0.06539280491508544
716,858,142,0.142,0.06766823555529118
794,897,103,0.103,0.07091936818510294
768,884,116,0.116,0.07022057340666651
714,857,143,0.143,0.07030775837413966
840,920,80,0.08,0.06632525511831046
784,892,108,0.108,0.0679294908400625
778,889,111,0.111,0.06313103353232145
706,853,147,0.147,0.07098766262084245
792,896,104,0.104,0.06708445736207068
706,853,147,0.147,0.07411387623474001
720,860,140,0.14,0.07240950413327664
786,893,107,0.107,0.07164970625005662
702,851,149,0.149,0.0768665589094162
800,900,100,0.1,0.07869339144043624
744,872,128,0.128,0.0773006430529058
738,869,131,0.131,0.07576927181519567
772,886,114,0.114,0.07656696192361415
788,894,106,0.106,0.07526640962064267
742,871,129,0.129,0.08138270782493055
748,874,126,0.126,0.08367022545076906
732,866,134,0.134,0.08625789705291391
724,862,138,0.138,0.0879736101180315
712,856,144,0.144,0.0922965202666819
844,922,78,0.078,0.0812293183580041
742,871,129,0.129,0.09914455995522439
754,877,123,0.123,0.09407325525768101
742,871,129,0.129,0.09251603271625936
802,901,99,0.099,0.09066938427276909
778,889,111,0.111,0.08514977204799652
800,900,100,0.1,0.0866742576509714
780,890,110,0.11,0.08742464261874557
694,847,153,0.153,0.0937276143785566
768,884,116,0.116,0.08704381908103824
746,873,127,0.127,0.0881813840996474
804,902,98,0.098,0.07740719014219939
736,868,132,0.132,0.08370840232633055
756,878,122,0.122,0.08541992389969527
782,891,109,0.109,0.08399521490558982
800,900,100,0.1,0.08533369973674416
762,881,119,0.119,0.08374762385524809
804,902,98,0.098,0.07695171021856367
798,899,101,0.101,0.07563225475139916
746,873,127,0.127,0.08355356310680509
774,887,113,0.113,0.08366939532198012
788,894,106,0.106,0.08240053404122591
794,897,103,0.103,0.08829698642343282
790,895,105,0.105,0.09049878597259521
842,921,79,0.079,0.0841233593467623
744,872,128,0.128,0.09200695921480656
698,849,151,0.151,0.0938862383775413
808,904,96,0.096,0.08624130114354193
828,914,86,0.086,0.08303514293953776
770,885,115,0.115,0.0876859898697585
810,905,95,0.095,0.08925358587689698
760,880,120,0.12,0.09687671908736228
812,906,94,0.094,0.093653922310099
762,881,119,0.119,0.09612160199321806
798,899,101,0.101,0.09324147853534669
798,899,101,0.101,0.09792538615874946
752,876,124,0.124,0.10052155628800392
762,881,119,0.119,0.09823554807528853
692,846,154,0.154,0.10449110290966929
736,868,132,0.132,0.1036752289570868
736,868,132,0.132,0.09978059925697744
754,877,123,0.123,0.0937334826439619
800,900,100,0.1,0.08662827777303755
782,891,109,0.109,0.08339152904227376
808,904,96,0.096,0.0811857672324404
788,894,106,0.106,0.07826023071072996
778,889,111,0.111,0.08317699892260134
786,893,107,0.107,0.08196179460547864
810,905,95,0.095,0.07773551002517343
766,883,117,0.117,0.08241352123767137
744,872,128,0.128,0.07774961223825812
736,868,132,0.132,0.07863419929519296
720,860,140,0.14,0.07659386842884124
830,915,85,0.085,0.06974417515099049
748,874,126,0.126,0.0723857070384547
704,852,148,0.148,0.07451407236419619
776,888,112,0.112,0.07031200867332518
758,879,121,0.121,0.07043025341443718
722,861,139,0.139,0.059846818300895395
778,889,111,0.111,0.057953231462277474
790,895,105,0.105,0.050009428267367186
818,909,91,0.091,0.04799459709599614
764,882,118,0.118,0.05238684320356697
760,880,120,0.12,0.05458636007364839
748,874,126,0.126,0.055857906349934636
764,882,118,0.118,0.055557455521076916
790,895,105,0.105,0.057225766235031186
722,861,139,0.139,0.05942357211653143
744,872,128,0.128,0.0661652223393321
742,871,129,0.129,0.06700017790682614
776,888,112,0.112,0.06360203461162746
744,872,128,0.128,0.0683913238234818
716,858,142,0.142,0.06781110544875264
810,905,95,0.095,0.06400795942172408
782,891,109,0.109,0.06713516782782972
776,888,112,0.112,0.06433996551763266
772,886,114,0.114,0.07046982614416629
788,894,106,0.106,0.07502004403248429
794,897,103,0.103,0.07536639195401222
752,876,124,0.124,0.08178304201737047
742,871,129,0.129,0.08410822981968522
718,859,141,0.141,0.08497653496265412
744,872,128,0.128,0.08595081504434347
794,897,103,0.103,0.08279953186772764
718,859,141,0.141,0.08827782796137035
768,884,116,0.116,0.08993025270104409
698,849,151,0.151,0.08949023740924895
792,896,104,0.104,0.08658512139692903
716,858,142,0.142,0.10140366514399647
774,887,113,0.113,0.09509652673825622
808,904,96,0.096,0.09137955963052809
764,882,118,0.118,0.09678908878564835
692,846,154,0.154,0.10760929439216853
760,880,120,0.12,0.10676459678635002
756,878,122,0.122,0.1064052594061941
796,898,102,0.102,0.10221157510764897
770,885,115,0.115,0.10179872005246579
776,888,112,0.112,0.10516435315459967
808,904,96,0.096,0.10218023684248329
752,876,124,0.124,0.10799178313091397
770,885,115,0.115,0.11387995331734418
686,843,157,0.157,0.1235506747663021
794,897,103,0.103,0.11401923794671893
754,877,123,0.123,0.12583959598839284
754,877,123,0.123,0.13080494213849306
788,894,106,0.106,0.1276251046732068
752,876,124,0.124,0.12693646885454654
762,881,119,0.119,0.12273227949813008
700,850,150,0.15,0.12928575575351714
824,912,88,0.088,0.12548429336026312
694,847,153,0.153,0.1281068065315485
808,904,96,0.096,0.12636848852410912
762,881,119,0.119,0.15200933986157178
732,866,134,0.134,0.15742002764344215
736,868,132,0.132,0.1533358374647796
686,843,157,0.157,0.15920535634085536
804,902,98,0.098,0.12927393713966012
742,871,129,0.129,0.14036774661391974
796,898,102,0.102,0.1353796193934977
742,871,129,0.129,0.13676725468039513
776,888,112,0.112,0.12571285584941505
764,882,118,0.118,0.1181003958657384
826,913,87,0.087,0.10636837446317077
782,891,109,0.109,0.11182472608238458
720,860,140,0.14,0.11467891536653042
774,887,113,0.113,0.11412163378298283
788,894,106,0.106,0.1112298239171505
760,880,120,0.12,0.11002418295666576
728,864,136,0.136,0.13000424119085074
794,897,103,0.103,0.12866817846894263
734,867,133,0.133,0.13116242311894893
730,865,135,0.135,0.130049397662282
762,881,119,0.119,0.10929565395787358
740,870,130,0.13,0.11748945544660092
768,884,116,0.116,0.10420666048303247
794,897,103,0.103,0.10636901838704943
780,890,110,0.11,0.11103799674287439
804,902,98,0.098,0.1061205016411841
744,872,128,0.128,0.12269054428488016
762,881,119,0.119,0.12136512804031373
768,884,116,0.116,0.12236436881497502
800,900,100,0.1,0.11543062599375845
746,873,127,0.127,0.11942061074450612
698,849,151,0.151,0.12451045913249255
772,886,114,0.114,0.1232787551805377
746,873,127,0.127,0.12318676952272653
762,881,119,0.119,0.12024251674115657
782,891,109,0.109,0.11484574301540852
798,899,101,0.101,0.12406723774597049
698,849,151,0.151,0.13244051353260874
772,886,114,0.114,0.12517441698536277
790,895,105,0.105,0.1201245211660862
736,868,132,0.132,0.11654156471043825
806,903,97,0.097,0.12005258316546678
756,878,122,0.122,0.1246160166375339
758,879,121,0.121,0.12417579858750105
798,899,101,0.101,0.13366710057482123
730,865,135,0.135,0.13475427104905247
746,873,127,0.127,0.12917401744797827
764,882,118,0.118,0.14250449337810278
764,882,118,0.118,0.15910071488842367
724,862,138,0.138,0.16993164829164745
712,856,144,0.144,0.1725745176523924
768,884,116,0.116,0.17235911651700736
740,870,130,0.13,0.17126920983940364
794,897,103,0.103,0.16444074156880378
756,878,122,0.122,0.16262137596681714
732,866,134,0.134,0.16495083148032427
802,901,99,0.099,0.1491935549788177
798,899,101,0.101,0.15209829937666655
768,884,116,0.116,0.1617539807409048
832,916,84,0.084,0.1468822332881391
756,878,122,0.122,0.14998681058734656
746,873,127,0.127,0.15211170768737792
758,879,121,0.121,0.16674914643168448
678,839,161,0.161,0.1760318312831223
724,862,138,0.138,0.16775011107698082
738,869,131,0.131,0.16957507453486323
794,897,103,0.103,0.15013844392448664
770,885,115,0.115,0.15950770077481866
776,888,112,0.112,0.1612530446536839
744,872,128,0.128,0.17239687236398457
768,884,116,0.116,0.18887651862204075
722,861,139,0.139,0.19427060794085263
736,868,132,0.132,0.1951302602365613
748,874,126,0.126,0.1886211944743991
756,878,122,0.122,0.2058165358453989
766,883,117,0.117,0.2152186943665147
740,870,130,0.13,0.21881118649244308
694,847,153,0.153,0.2194587170481682
752,876,124,0.124,0.21491019736230374
776,888,112,0.112,0.21119442492723464
788,894,106,0.106,0.21884733387082816
720,860,140,0.14,0.23076867016404867
844,922,78,0.078,0.22484619696438313
696,848,152,0.152,0.24264750892668963
792,896,104,0.104,0.24076596365123987
674,837,163,0.163,0.2537913731262088
756,878,122,0.122,0.24486408807337284
752,876,124,0.124,0.24788377244770526
788,894,106,0.106,0.22861499416083098
780,890,110,0.11,0.2294267085045576
798,899,101,0.101,0.20347341305017472
752,876,124,0.124,0.2000309086292982
784,892,108,0.108,0.1974556867480278
746,873,127,0.127,0.2088382086530328
738,869,131,0.131,0.21584066125750542
794,897,103,0.103,0.2148838942795992
742,871,129,0.129,0.22672728569805622
680,840,160,0.16,0.2263026202172041
770,885,115,0.115,0.2182849221378565
760,880,120,0.12,0.21292140585184097
684,842,158,0.158,0.21258694127947092
782,891,109,0.109,0.2026479972526431
760,880,120,0.12,0.19717301423847675
802,901,99,0.099,0.19990062890946866
778,889,111,0.111,0.2058965192735195
798,899,101,0.101,0.20983596511930228
716,858,142,0.142,0.23056714365631342
760,880,120,0.12,0.23365764796733857
720,860,140,0.14,0.23924134212732315
776,888,112,0.112,0.23054312556236983
716,858,142,0.142,0.24250043061375617
732,866,134,0.134,0.2425603257417679
746,873,127,0.127,0.23378616527467966
788,894,106,0.106,0.22619471897184848
758,879,121,0.121,0.20739538349211217
822,911,89,0.089,0.19229640753567218
742,871,129,0.129,0.19758677794784307
734,867,133,0.133,0.19910295213758947
786,893,107,0.107,0.19170722670853138
734,867,133,0.133,0.1939065318405628
736,868,132,0.132,0.19547016252577304
780,890,110,0.11,0.1784272662140429
826,913,87,0.087,0.16370391441136597
714,857,143,0.143,0.1774724785089493
760,880,120,0.12,0.17698234924674033
760,880,120,0.12,0.1748019032254815
736,868,132,0.132,0.17941460105776788
826,913,87,0.087,0.17435154241323472
706,853,147,0.147,0.18773832479864358
752,876,124,0.124,0.18855615952610968
666,833,167,0.167,0.20374418157339097
730,865,135,0.135,0.20189905999600888
706,853,147,0.147,0.20803035096824168
798,899,101,0.101,0.20313951969891786
716,858,142,0.142,0.2160972980707884
802,901,99,0.099,0.22221679862588645
742,871,129,0.129,0.23113693137466906
696,848,152,0.152,0.2241470929682255
840,920,80,0.08,0.2145974170267582
776,888,112,0.112,0.20155804309248923
790,895,105,0.105,0.19363804601877926
698,849,151,0.151,0.2096269999742508
726,863,137,0.137,0.21747886102646588
714,857,143,0.143,0.24215980726480485
690,845,155,0.155,0.24284377598762513
722,861,139,0.139,0.24550997626781462
742,871,129,0.129,0.24283675777167082
724,862,138,0.138,0.2172108132764697
766,883,117,0.117,0.2130225758999586
768,884,116,0.116,0.21484224832057952
758,879,121,0.121,0.21768113912642
732,866,134,0.134,0.21806572514027356
732,866,134,0.134,0.21660130970180036
744,872,128,0.128,0.2055863618478179
818,909,91,0.091,0.19600681697577238
742,871,129,0.129,0.22054933091253043
768,884,116,0.116,0.2217144923955202
750,875,125,0.125,0.22576985484361647
758,879,121,0.121,0.2204723106995225
682,841,159,0.159,0.2275108833760023
758,879,121,0.121,0.2176158588156104
806,903,97,0.097,0.20667946968227624
772,886,114,0.114,0.21096933221817016
764,882,118,0.118,0.22073343108594418
732,866,134,0.134,0.22138817982375622
758,879,121,0.121,0.22301469207555055
770,885,115,0.115,0.22863413919508457
758,879,121,0.121,0.2304995002672076
704,852,148,0.148,0.2344218701198697
774,887,113,0.113,0.2326741011068225
730,865,135,0.135,0.22574721863120795
780,890,110,0.11,0.2144468383193016
810,905,95,0.095,0.21617324762791396
776,888,112,0.112,0.2071129810512066
748,874,126,0.126,0.20632359137386083
722,861,139,0.139,0.21707072298973798
694,847,153,0.153,0.21569492166489362
748,874,126,0.126,0.20983407976478338
764,882,118,0.118,0.21630694035440684
762,881,119,0.119,0.18724037739634514
738,869,131,0.131,0.1885348240286112
744,872,128,0.128,0.19259039513021708
766,883,117,0.117,0.18932586992532016
778,889,111,0.111,0.18744884081184865
764,882,118,0.118,0.19049199275672435
788,894,106,0.106,0.19418275835365056
766,883,117,0.117,0.17881441597640516
754,877,123,0.123,0.17912061782926322
784,892,108,0.108,0.1729292137026787
846,923,77,0.077,0.16958825033158065
722,861,139,0.139,0.18738369663059712
700,850,150,0.15,0.19606397807598114
732,866,134,0.134,0.19367527010291816
724,862,138,0.138,0.2018418357372284
724,862,138,0.138,0.19942210087925197
786,893,107,0.107,0.17900165252387523
734,867,133,0.133,0.17248144761472942
798,899,101,0.101,0.17024945380538703
796,898,102,0.102,0.16954476246237754
756,878,122,0.122,0.1678422228693962
766,883,117,0.117,0.16210002138465643
782,891,109,0.109,0.16511411659792066
774,887,113,0.113,0.16406390817835928
766,883,117,0.117,0.1692838599830866
700,850,150,0.15,0.17361356979608536
728,864,136,0.136,0.16742152528837323
778,889,111,0.111,0.1551439995728433
694,847,153,0.153,0.16522924653068186
736,868,132,0.132,0.16116860299184918
834,917,83,0.083,0.1459532673843205
768,884,116,0.116,0.1517293580137193
762,881,119,0.119,0.16656886138767005
726,863,137,0.137,0.17018756810203195
714,857,143,0.143,0.175558978959918
772,886,114,0.114,0.16787896851450204
774,887,113,0.113,0.17991094772517682
754,877,123,0.123,0.18187379979342222
752,876,124,0.124,0.19064740419015289
726,863,137,0.137,0.1926648836582899
774,887,113,0.113,0.18212794049084186
754,877,123,0.123,0.18386964995414018
790,895,105,0.105,0.18174195358902215
762,881,119,0.119,0.18592841015011072
762,881,119,0.119,0.19437344474345444
780,890,110,0.11,0.19291154520213605
804,902,98,0.098,0.19559782005101442
756,878,122,0.122,0.20554787504673006
782,891,109,0.109,0.20365076863765716
792,896,104,0.104,0.20052530714124442
702,851,149,0.149,0.20541371290385724
754,877,123,0.123,0.2060727065652609
716,858,142,0.142,0.20589649506658317
730,865,135,0.135,0.21072260357439518
768,884,116,0.116,0.20737329921871422
764,882,118,0.118,0.19234748496860266
754,877,123,0.123,0.20018120884150267
728,864,136,0.136,0.20319403371214867
704,852,148,0.148,0.19929067900031805
752,876,124,0.124,0.19098944007605315
806,903,97,0.097,0.1804453614577651
736,868,132,0.132,0.182623611189425
736,868,132,0.132,0.1780657634884119
730,865,135,0.135,0.17861753833666444
788,894,106,0.106,0.17640151754766703
798,899,101,0.101,0.17896801778674126
740,870,130,0.13,0.17817378786951305
828,914,86,0.086,0.17277856556326152
802,901,99,0.099,0.16429301143437625
776,888,112,0.112,0.16301574762910603
794,897,103,0.103,0.1757141008526087
750,875,125,0.125,0.17091091619431972
744,872,128,0.128,0.1703322197124362
710,855,145,0.145,0.17518462089449166
756,878,122,0.122,0.17471137268841266
754,877,123,0.123,0.1878190836533904
718,859,141,0.141,0.18963796883821488
788,894,106,0.106,0.18627439976483584
710,855,145,0.145,0.19180879379063845
802,901,99,0.099,0.17387266128510237
746,873,127,0.127,0.17634856065362692
738,869,131,0.131,0.1749328027293086
796,898,102,0.102,0.17366579254716635
724,862,138,0.138,0.17056720904260875
762,881,119,0.119,0.17984406649693846
734,867,133,0.133,0.18255275327712298
774,887,113,0.113,0.17846162139996885
772,886,114,0.114,0.18315300032123924
774,887,113,0.113,0.17987858476489782
840,920,80,0.08,0.16987792251259087
758,879,121,0.121,0.17413673447817565
780,890,110,0.11,0.1887701150998473
774,887,113,0.113,0.183429572917521
770,885,115,0.115,0.18831523590534927
784,892,108,0.108,0.18593001710623502
748,874,126,0.126,0.18634453116357327
702,851,149,0.149,0.1794639469012618
730,865,135,0.135,0.18386196115612985
728,864,136,0.136,0.19091258447617293
758,879,121,0.121,0.18096272112429143
764,882,118,0.118,0.17574022825807334
744,872,128,0.128,0.1768107698187232
828,914,86,0.086,0.16755150409042835
738,869,131,0.131,0.18624695587158202
710,855,145,0.145,0.18733714784681796
752,876,124,0.124,0.18948508170247078
694,847,153,0.153,0.18329606423527003
720,860,140,0.14,0.19214329705387354
714,857,143,0.143,0.18984704165905714
734,867,133,0.133,0.1915253197029233
716,858,142,0.142,0.17537583439052104
822,911,89,0.089,0.15729823462292553
742,871,129,0.129,0.1658445468880236
820,910,90,0.09,0.15639023784175515
720,860,140,0.14,0.17281732005625963
756,878,122,0.122,0.17354310056567193
734,867,133,0.133,0.17607123385742307
722,861,139,0.139,0.17826434633880853
782,891,109,0.109,0.167669820509851
732,866,134,0.134,0.1643731791526079
700,850,150,0.15,0.17318022322654725
742,871,129,0.129,0.1706349173411727
702,851,149,0.149,0.16552514664828777
746,873,127,0.127,0.16826839400827884
718,859,141,0.141,0.16839604088664054
732,866,134,0.134,0.1716256548911333
718,859,141,0.141,0.1839756744429469
812,906,94,0.094,0.1848343556970358
754,877,123,0.123,0.18682144353166222
656,828,172,0.172,0.20184700432419778
756,878,122,0.122,0.20216235591471196
670,835,165,0.165,0.2180068289935589
766,883,117,0.117,0.2081184078976512
720,860,140,0.14,0.21208918806165455
818,909,91,0.091,0.20459615138173104
742,871,129,0.129,0.21387207797169686
704,852,148,0.148,0.21848678471148014
766,883,117,0.117,0.21335988841205836
818,909,91,0.091,0.20189248580485583
772,886,114,0.114,0.202339028313756
752,876,124,0.124,0.20572965700179338
778,889,111,0.111,0.19898440103977919
806,903,97,0.097,0.20062205546349288
668,834,166,0.166,0.21337887854874135
702,851,149,0.149,0.2095865112170577
748,874,126,0.126,0.19603011525422334
754,877,123,0.123,0.19228409298509358
790,895,105,0.105,0.1813902216590941
766,883,117,0.117,0.1772368955463171
784,892,108,0.108,0.17743925653398038
820,910,90,0.09,0.1698959840349853
768,884,116,0.116,0.172399831071496
770,885,115,0.115,0.17452873362600804
770,885,115,0.115,0.173970289144665
802,901,99,0.099,0.1711549331024289
764,882,118,0.118,0.16850476632267236
778,889,111,0.111,0.1768711169883609
764,882,118,0.118,0.1855652370005846
770,885,115,0.115,0.17925624435395002
780,890,110,0.11,0.1719581203982234
792,896,104,0.104,0.17650993778556584
742,871,129,0.129,0.17311977463588119
762,881,119,0.119,0.1856595562249422
680,840,160,0.16,0.180285602979362
754,877,123,0.123,0.1840788769721985
710,855,145,0.145,0.18328186170756816
708,854,146,0.146,0.16472740368545055
786,893,107,0.107,0.16759196320176126
774,887,113,0.113,0.16373887849599122
704,852,148,0.148,0.1556256720945239
774,887,113,0.113,0.13411359030380846
804,902,98,0.098,0.1340242760051042
746,873,127,0.127,0.14329003306105734
774,887,113,0.113,0.13640189615637063
792,896,104,0.104,0.11717545416764916
768,884,116,0.116,0.12728269796445965
746,873,127,0.127,0.12805883114039898
768,884,116,0.116,0.13667589906230568
766,883,117,0.117,0.14872844897583126
730,865,135,0.135,0.15506428594514726
760,880,120,0.12,0.1523885673061013
730,865,135,0.135,0.15448048716038465
772,886,114,0.114,0.15600444203987718
762,881,119,0.119,0.15121787720918656
806,903,97,0.097,0.1481569839976728
778,889,111,0.111,0.15672410414740442
746,873,127,0.127,0.16067806676402688
804,902,98,0.098,0.15512761541455983
724,862,138,0.138,0.16553956013172866
826,913,87,0.087,0.1605360133871436
744,872,128,0.128,0.17943195886164903
710,855,145,0.145,0.1760360997542739
720,860,140,0.14,0.18058817159384488
744,872,128,0.128,0.16714892407134174
762,881,119,0.119,0.1631548978164792
754,877,123,0.123,0.16389953004941343
792,896,104,0.104,0.1551319525167346
744,872,128,0.128,0.1547425681091845
726,863,137,0.137,0.1630112896338105
724,862,138,0.138,0.15867241346463562
766,883,117,0.117,0.15148557352274655
762,881,119,0.119,0.15132053845375776
782,891,109,0.109,0.14441606794670225
768,884,116,0.116,0.1421314449161291
694,847,153,0.153,0.14587464741244913
792,896,104,0.104,0.1365645896680653
740,870,130,0.13,0.14196128941327332
774,887,113,0.113,0.1376463644579053
720,860,140,0.14,0.1488596994392574
786,893,107,0.107,0.15764529451355339
696,848,152,0.152,0.16788301829621197
726,863,137,0.137,0.16350593585520984
764,882,118,0.118,0.1587705656886101
780,890,110,0.11,0.15165086586773396
774,887,113,0.113,0.15702965511754155
808,904,96,0.096,0.15138507010415198
694,847,153,0.153,0.16577038294821977
718,859,141,0.141,0.14763756393268704
812,906,94,0.094,0.1430763987414539
766,883,117,0.117,0.13652879336848855
802,901,99,0.099,0.13617536390945315
782,891,109,0.109,0.16161130444332958
702,851,149,0.149,0.16306873566284777
718,859,141,0.141,0.16597766300663352
730,865,135,0.135,0.168147237803787
768,884,116,0.116,0.16648120206966996
748,874,126,0.126,0.18018975349515676
754,877,123,0.123,0.17701825393736362
728,864,136,0.136,0.1805359971858561
774,887,113,0.113,0.15725153421610594
838,919,81,0.081,0.1524504771567881
798,899,101,0.101,0.15143773532286287
822,911,89,0.089,0.15361672781035304
752,876,124,0.124,0.17112451113387941
788,894,106,0.106,0.16048570702970028
808,904,96,0.096,0.16578839081153274
768,884,116,0.116,0.17024905904382467
750,875,125,0.125,0.1645597108155489
758,879,121,0.121,0.1686738603450358
728,864,136,0.136,0.16456932147592307
776,888,112,0.112,0.16462406864017248
760,880,120,0.12,0.1590682516284287
716,858,142,0.142,0.1626129508204758
754,877,123,0.123,0.1536225621961057
732,866,134,0.134,0.14854760555550456
756,878,122,0.122,0.14547491109371186
782,891,109,0.109,0.14988717310875654
790,895,105,0.105,0.14490926103666424
720,860,140,0.14,0.15048560773581265
796,898,102,0.102,0.14049972632154822
770,885,115,0.115,0.14245182939618825
778,889,111,0.111,0.14096539129689337
798,899,101,0.101,0.12241444065794349
826,913,87,0.087,0.12193330432474613
780,890,110,0.11,0.13212278705462813
726,863,137,0.137,0.12592926411703229
746,873,127,0.127,0.13136659138649703
802,901,99,0.099,0.11667380079999566
706,853,147,0.147,0.1202905422411859
738,869,131,0.131,0.12514627639576792
756,878,122,0.122,0.12198752059414983
818,909,91,0.091,0.11652403085306287
728,864,136,0.136,0.11634297981113195
782,891,109,0.109,0.11389335205405951
754,877,123,0.123,0.11034389126300811
742,871,129,0.129,0.11571637131087482
704,852,148,0.148,0.1195561874806881
818,909,91,0.091,0.10867648543417453
724,862,138,0.138,0.1254076448827982
766,883,117,0.117,0.11845267890393733
700,850,150,0.15,0.12848889531381427
720,860,140,0.14,0.13076783066615463
810,905,95,0.095,0.11418874505907298
760,880,120,0.12,0.1234362245760858
790,895,105,0.105,0.11842423636093735
700,850,150,0.15,0.1200400238800794
758,879,121,0.121,0.13234223507344722
778,889,111,0.111,0.1285688947979361
732,866,134,0.134,0.134493205614388
736,868,132,0.132,0.1374327397570014
712,856,144,0.144,0.1383730052895844
784,892,108,0.108,0.12911798491328955
816,908,92,0.092,0.13150128986686468
728,864,136,0.136,0.14345050295442344
718,859,141,0.141,0.14942016251012682
760,880,120,0.12,0.14957404707744718
718,859,141,0.141,0.1587605689316988
732,866,134,0.134,0.1511365219950676
774,887,113,0.113,0.14794381968677045
774,887,113,0.113,0.1475424922555685
768,884,116,0.116,0.14519343849644065
814,907,93,0.093,0.13802101618796586
708,854,146,0.146,0.14180391715094448
648,824,176,0.176,0.15041723294556142
818,909,91,0.091,0.13955450491979718
824,912,88,0.088,0.13179275743290783
784,892,108,0.108,0.12912686217203737
730,865,135,0.135,0.13184176506474615
746,873,127,0.127,0.12973988642916084
748,874,126,0.126,0.12875728387013077
836,918,82,0.082,0.11896206667646765
740,870,130,0.13,0.12846812877431513
740,870,130,0.13,0.1293992970958352
822,911,89,0.089,0.12585671846196056
736,868,132,0.132,0.1302071045599878
708,854,146,0.146,0.1472117507867515
736,868,132,0.132,0.14699463982880115
734,867,133,0.133,0.15178597753867507
762,881,119,0.119,0.1589170790538192
716,858,142,0.142,0.15860486701503396
792,896,104,0.104,0.1535353740900755
758,879,121,0.121,0.1482863019183278
790,895,105,0.105,0.14621168249472977
740,870,130,0.13,0.14757215659320355
762,881,119,0.119,0.15136162850260734
724,862,138,0.138,0.1570796591192484
732,866,134,0.134,0.15935953899100422
798,899,101,0.101,0.15005348406359553
754,877,123,0.123,0.15021333322301508
774,887,113,0.113,0.14826301319524646
750,875,125,0.125,0.15465701975673438
752,876,124,0.124,0.1610292400494218
754,877,123,0.123,0.15437279230728745
748,874,126,0.126,0.15521915594488384
792,896,104,0.104,0.14849104152992368
748,874,126,0.126,0.14552585200220347
740,870,130,0.13,0.14804233976453543
802,901,99,0.099,0.14689301077276468
698,849,151,0.151,0.15448083320632577
714,857,143,0.143,0.1563879685252905
740,870,130,0.13,0.1468310120254755
750,875,125,0.125,0.13549887800589203
766,883,117,0.117,0.13556647476553918
788,894,106,0.106,0.12222791697457433
804,902,98,0.098,0.11943486089259386
812,906,94,0.094,0.10796185547672212
746,873,127,0.127,0.11642986135557294
774,887,113,0.113,0.11756507648155093
720,860,140,0.14,0.1199076703004539
748,874,126,0.126,0.12754673477634787
744,872,128,0.128,0.12795463566109538
748,874,126,0.126,0.12590569342300295
802,901,99,0.099,0.11981935631483794
784,892,108,0.108,0.12340823724493384
756,878,122,0.122,0.12470511962100864
764,882,118,0.118,0.13825439184904098
658,829,171,0.171,0.1383287883400917
734,867,133,0.133,0.14343282815814018
728,864,136,0.136,0.14387396712973713
752,876,124,0.124,0.14338724318519236
772,886,114,0.114,0.13451520533487202
764,882,118,0.118,0.1472338738553226
766,883,117,0.117,0.13633155937492847
734,867,133,0.133,0.14900014208257198
780,890,110,0.11,0.14897118109092117
704,852,148,0.148,0.15889267675578594
810,905,95,0.095,0.1492281382754445
730,865,135,0.135,0.14818527975678444
784,892,108,0.108,0.1421130156032741
762,881,119,0.119,0.1426616702452302
734,867,133,0.133,0.1525145492888987
732,866,134,0.134,0.15671735135838388
724,862,138,0.138,0.16147888122871518
730,865,135,0.135,0.17074387832731008
708,854,146,0.146,0.17454361465573312
770,885,115,0.115,0.1589926745519042
758,879,121,0.121,0.15542820778116584
758,879,121,0.121,0.14216077993810178
738,869,131,0.131,0.1407406668663025
790,895,105,0.105,0.1277424845136702
746,873,127,0.127,0.13222266853228212
752,876,124,0.124,0.13161340490728618
796,898,102,0.102,0.1329105636626482
794,897,103,0.103,0.12942352078482508
804,902,98,0.098,0.1361047973781824
742,871,129,0.129,0.1428557616509497
754,877,123,0.123,0.15953534962609411
820,910,90,0.09,0.15015018260106444
764,882,118,0.118,0.15688273436576128
694,847,153,0.153,0.1673850950933993
712,856,144,0.144,0.17070624196901918
788,894,106,0.106,0.16461427149176597
712,856,144,0.144,0.16976304522529245
760,880,120,0.12,0.16488993545621633
808,904,96,0.096,0.14557734794169663
794,897,103,0.103,0.14998867977783084
776,888,112,0.112,0.1487661006860435
786,893,107,0.107,0.15293114210292696
682,841,159,0.159,0.16380307471379638
862,931,69,0.069,0.1456257913671434
740,870,130,0.13,0.15314118029922247
800,900,100,0.1,0.14434582221135497
728,864,136,0.136,0.14856923185288906
716,858,142,0.142,0.1551651311777532
736,868,132,0.132,0.15735877177119256
752,876,124,0.124,0.1532300116084516
786,893,107,0.107,0.14715103186666967
760,880,120,0.12,0.1470357330366969
806,903,97,0.097,0.14640192407742142
764,882,118,0.118,0.15587738918513058
686,843,157,0.157,0.17130124039947986
794,897,103,0.103,0.16082779898121952
706,853,147,0.147,0.16692789899557828
764,882,118,0.118,0.16668211482465267
736,868,132,0.132,0.17183416578173638
686,843,157,0.157,0.17182754282280802
776,888,112,0.112,0.16545528146997093
780,890,110,0.11,0.16364160414412618
728,864,136,0.136,0.17666083858907222
778,889,111,0.111,0.16898105826973914
814,907,93,0.093,0.17331188724189997
746,873,127,0.127,0.17820815961062908
720,860,140,0.14,0.18423910336941482
782,891,109,0.109,0.17138725017011167
762,881,119,0.119,0.1666679728925228
742,871,129,0.129,0.16914823183789848
784,892,108,0.108,0.1656358092725277
736,868,132,0.132,0.17351289018988608
752,876,124,0.124,0.17195856574177742
778,889,111,0.111,0.1701576565988362
762,881,119,0.119,0.1731160496175289
808,904,96,0.096,0.17460416961088776
722,861,139,0.139,0.18147610150277615
722,861,139,0.139,0.17820038828998805
772,886,114,0.114,0.17413430866599083
788,894,106,0.106,0.17001433516293765
786,893,107,0.107,0.16731510875746608
756,878,122,0.122,0.17402979316189884
772,886,114,0.114,0.16951893236860632
754,877,123,0.123,0.16073030605167152
770,885,115,0.115,0.15859529253840446
772,886,114,0.114,0.15373878514394165
746,873,127,0.127,0.1394370863363147
788,894,106,0.106,0.1345744175799191
746,873,127,0.127,0.13834074261784554
740,870,130,0.13,0.14721929830685257
780,890,110,0.11,0.14118998970091343
752,876,124,0.124,0.15008470895886422
806,903,97,0.097,0.14027052757516503
790,895,105,0.105,0.13723363336920738
798,899,101,0.101,0.14133061261847615
812,906,94,0.094,0.13590521894395352
824,912,88,0.088,0.13760671727731824
758,879,121,0.121,0.1419186373539269
780,890,110,0.11,0.1416848407238722
748,874,126,0.126,0.14569969134777785
758,879,121,0.121,0.15519101632758975
782,891,109,0.109,0.15648075748980045
662,831,169,0.169,0.168619864448905
792,896,104,0.104,0.1489369304291904
754,877,123,0.123,0.14817232708632946
832,916,84,0.084,0.12556944117508828
760,880,120,0.12,0.13068036893755197
764,882,118,0.118,0.13987719091400505
750,875,125,0.125,0.1440868285521865
710,855,145,0.145,0.1561309953853488
796,898,102,0.102,0.15757081508636475
730,865,135,0.135,0.16393265496566892
710,855,145,0.145,0.16524807243421674
748,874,126,0.126,0.1576080003082752
794,897,103,0.103,0.1591462789028883
792,896,104,0.104,0.15902828372642397
820,910,90,0.09,0.1617529763355851
796,898,102,0.102,0.1631513718664646
788,894,106,0.106,0.1644465691037476
754,877,123,0.123,0.1682865391895175
776,888,112,0.112,0.1677266651019454
752,876,124,0.124,0.18280080900341272
772,886,114,0.114,0.1727320646867156
758,879,121,0.121,0.18552811835706234
700,850,150,0.15,0.1905706775635481
768,884,116,0.116,0.19228635577112435
788,894,106,0.106,0.18926920824870466
764,882,118,0.118,0.19744691255688668
764,882,118,0.118,0.1911882952079177
722,861,139,0.139,0.1926478048786521
830,915,85,0.085,0.18612492231279612
776,888,112,0.112,0.1886609392091632
736,868,132,0.132,0.19282985865324737
692,846,154,0.154,0.1901586502790451
766,883,117,0.117,0.1867414748892188
824,912,88,0.088,0.1805472864359617
764,882,118,0.118,0.18488713470101356
706,853,147,0.147,0.1972118502035737
828,914,86,0.086,0.18369296400249005
724,862,138,0.138,0.193363097012043
768,884,116,0.116,0.19691105266660452
792,896,104,0.104,0.18784416246414185
706,853,147,0.147,0.19539156844466923
766,883,117,0.117,0.19146027947217226
704,852,148,0.148,0.19092491889744997
806,903,97,0.097,0.1750873937793076
772,886,114,0.114,0.17490090964734553
782,891,109,0.109,0.1704510642848909
772,886,114,0.114,0.17318218551576137
786,893,107,0.107,0.16526596238464117
790,895,105,0.105,0.16887040150165558
758,879,121,0.121,0.1829295229613781
760,880,120,0.12,0.19055939726531507
760,880,120,0.12,0.19224623300135135
772,886,114,0.114,0.19410189220309257
772,886,114,0.114,0.19557973403856158
794,897,103,0.103,0.19001449229195713
836,918,82,0.082,0.18881416517496108
804,902,98,0.098,0.18832123332470654
770,885,115,0.115,0.19401260062679648
770,885,115,0.115,0.19886385215818883
726,863,137,0.137,0.1993176932707429
778,889,111,0.111,0.1972248340845108
800,900,100,0.1,0.18476840825006366
790,895,105,0.105,0.1856478284560144
852,926,74,0.074,0.17666892533376813
660,830,170,0.17,0.18573418685048818
776,888,112,0.112,0.1753288944363594
798,899,101,0.101,0.16878001241013407
768,884,116,0.116,0.17294541868939997
790,895,105,0.105,0.1686589135751128
768,884,116,0.116,0.1779206385910511
750,875,125,0.125,0.18335993022471667
740,870,130,0.13,0.1831795190870762
788,894,106,0.106,0.169771391056478
768,884,116,0.116,0.16306662122905255
778,889,111,0.111,0.1612621762268245
792,896,104,0.104,0.1510375396348536
720,860,140,0.14,0.15649661553651095
764,882,118,0.118,0.14334656703099607
804,902,98,0.098,0.1472954222559929
754,877,123,0.123,0.14671751302853225
746,873,127,0.127,0.1449789662361145
810,905,95,0.095,0.1471650644801557
786,893,107,0.107,0.1451371162980795
742,871,129,0.129,0.1470590578354895
790,895,105,0.105,0.13950397405028342
746,873,127,0.127,0.14727700418978928
780,890,110,0.11,0.14796664391085507
756,878,122,0.122,0.15419371255114675
764,882,118,0.118,0.15342425366863607
772,886,114,0.114,0.15892659622430802
748,874,126,0.126,0.16289355720207094
742,871,129,0.129,0.16855974634736776
740,870,130,0.13,0.17504818328469993
780,890,110,0.11,0.15737424917146564
736,868,132,0.132,0.16484215357154608
738,869,131,0.131,0.15974706687778234
760,880,120,0.12,0.1622524614557624
742,871,129,0.129,0.163242522187531
756,878,122,0.122,0.1679984422326088
752,876,124,0.124,0.15923116549849511
742,871,129,0.129,0.15809382797405125
758,879,121,0.121,0.15648643289506436
740,870,130,0.13,0.15725928028672934
764,882,118,0.118,0.1613910863325
772,886,114,0.114,0.1551883250400424
802,901,99,0.099,0.15271486962586642
712,856,144,0.144,0.16496575374156236
762,881,119,0.119,0.18288582279533147
754,877,123,0.123,0.18410303078219295
724,862,138,0.138,0.18806349517405033
712,856,144,0.144,0.1849382749646902
714,857,143,0.143,0.16470621860027312
754,877,123,0.123,0.1599822824075818
786,893,107,0.107,0.1518699786402285
808,904,96,0.096,0.14304883942753077
786,893,107,0.107,0.1600167075842619
778,889,111,0.111,0.15445547814667224
738,869,131,0.131,0.16797570921108126
758,879,121,0.121,0.1638778617233038
752,876,124,0.124,0.16224938992410898
788,894,106,0.106,0.15274917518347503
762,881,119,0.119,0.15096067751199008
758,879,121,0.121,0.15376086682453752
844,922,78,0.078,0.1444620349481702
774,887,113,0.113,0.15070680237561465
734,867,133,0.133,0.16021135666593908
722,861,139,0.139,0.16059123655408622
776,888,112,0.112,0.16242070787400006
710,855,145,0.145,0.16613419471308588
788,894,106,0.106,0.15821540689095856
740,870,130,0.13,0.15046300634741783
774,887,113,0.113,0.1395321029089391
750,875,125,0.125,0.1467642622962594
772,886,114,0.114,0.1496049778200686
726,863,137,0.137,0.15455415677651763
742,871,129,0.129,0.14576733487844468
748,874,126,0.126,0.14542021492496132
830,915,85,0.085,0.13360337148234247
728,864,136,0.136,0.14765043677762152
772,886,114,0.114,0.14274845009669662
774,887,113,0.113,0.14282406502589584
722,861,139,0.139,0.14510148052498698
728,864,136,0.136,0.13890469947084785
798,899,101,0.101,0.13371743866056204
826,913,87,0.087,0.13838816556707026
768,884,116,0.116,0.14694715692475438
810,905,95,0.095,0.15169364186376333
776,888,112,0.112,0.16993102541565894
748,874,126,0.126,0.17707196724042296
756,878,122,0.122,0.18221686751022934
812,906,94,0.094,0.1917859509140253
746,873,127,0.127,0.19966557089984416
808,904,96,0.096,0.18677399601787328
816,908,92,0.092,0.18755935322493314
782,891,109,0.109,0.17691983988136054
762,881,119,0.119,0.18108293673396111
732,866,134,0.134,0.18158959747850895
800,900,100,0.1,0.18078291689231993
722,861,139,0.139,0.18988737865537406
778,889,111,0.111,0.18614610327780245
768,884,116,0.116,0.19004576528072356
782,891,109,0.109,0.192289083853364
744,872,128,0.128,0.19158694995194672
760,880,120,0.12,0.1817394052632153
792,896,104,0.104,0.18504695400595664
760,880,120,0.12,0.17814160608500243
718,859,141,0.141,0.18344692232832313
716,858,142,0.142,0.18399125034362077
776,888,112,0.112,0.1782242634743452
756,878,122,0.122,0.1694583977907896
810,905,95,0.095,0.16096463522315024
770,885,115,0.115,0.15586104944720863
762,881,119,0.119,0.15506200874224305
772,886,114,0.114,0.1490460369065404
762,881,119,0.119,0.149693663533777
726,863,137,0.137,0.15530858451500534
768,884,116,0.116,0.15418869269266725
710,855,145,0.145,0.14481563452258706
800,900,100,0.1,0.14006422661989928
780,890,110,0.11,0.13590862491726877
802,901,99,0.099,0.13643435778468846
722,861,139,0.139,0.15820676084980367
740,870,130,0.13,0.15722404020279646
756,878,122,0.122,0.15309656527638435
772,886,114,0.114,0.15142057569697498
804,902,98,0.098,0.1400259348526597
812,906,94,0.094,0.13727245273068547
784,892,108,0.108,0.14024444146826864
762,881,119,0.119,0.14719574247673153
724,862,138,0.138,0.15838943097740413
762,881,119,0.119,0.15560344801098108
766,883,117,0.117,0.1513018446750939
766,883,117,0.117,0.15614500446245075
740,870,130,0.13,0.17794945209473373
752,876,124,0.124,0.17545812845975162
718,859,141,0.141,0.18049711481109262
744,872,128,0.128,0.17786789618805052
732,866,134,0.134,0.17772275710478425
686,843,157,0.157,0.17865745574235917
800,900,100,0.1,0.1734673915579915
824,912,88,0.088,0.16974735843762756
772,886,114,0.114,0.1733825051113963
734,867,133,0.133,0.17677222507819534
774,887,113,0.113,0.16610077541694046
714,857,143,0.143,0.17443185649067164
738,869,131,0.131,0.16991160079464315
702,851,149,0.149,0.16881611101329327
736,868,132,0.132,0.1690564649440348
782,891,109,0.109,0.1603516437970102
670,835,165,0.165,0.15519752687588334
800,900,100,0.1,0.1436135126389563
776,888,112,0.112,0.13838685480877758
758,879,121,0.121,0.1310576189085841
750,875,125,0.125,0.13496100076287984
750,875,125,0.125,0.13128395186550915
774,887,113,0.113,0.13297266126424073
764,882,118,0.118,0.1345540529191494
668,834,166,0.166,0.1478251606822014
756,878,122,0.122,0.15154927959293127
818,909,91,0.091,0.14505854185670614
778,889,111,0.111,0.13816727216914296
706,853,147,0.147,0.1457318088375032
784,892,108,0.108,0.13548874428868293
728,864,136,0.136,0.1421552545130253
752,876,124,0.124,0.14675970297679305
690,845,155,0.155,0.1488956513851881
776,888,112,0.112,0.1449356018975377
706,853,147,0.147,0.15272739851474762
758,879,121,0.121,0.1426090912260115
720,860,140,0.14,0.13753802816569805
740,870,130,0.13,0.13950744272023438
774,887,113,0.113,0.1278956926204264
780,890,110,0.11,0.13451535499095918
718,859,141,0.141,0.150194853246212
762,881,119,0.119,0.1387963497210294
750,875,125,0.125,0.13448982723802327
806,903,97,0.097,0.12386109018325805
800,900,100,0.1,0.12437524580582976
778,889,111,0.111,0.12548054249957205
752,876,124,0.124,0.1321929124109447
756,878,122,0.122,0.13134473460540175
738,869,131,0.131,0.13358168289810418
742,871,129,0.129,0.1292775352522731
810,905,95,0.095,0.12189044285565614
766,883,117,0.117,0.1228961684294045
782,891,109,0.109,0.12286565750464797
754,877,123,0.123,0.13316975475475193
748,874,126,0.126,0.12619690566137434
750,875,125,0.125,0.1197959462068975
770,885,115,0.115,0.12097103495895863
766,883,117,0.117,0.11865029626712204
806,903,97,0.097,0.11923198594152927
764,882,118,0.118,0.12415975688397884
796,898,102,0.102,0.12738121121749282
782,891,109,0.109,0.12776901561394333
720,860,140,0.14,0.12935121065750718
798,899,101,0.101,0.12934551728516816
700,850,150,0.15,0.13863506635278464
810,905,95,0.095,0.13290954457595944
810,905,95,0.095,0.14091640566661953
734,867,133,0.133,0.13593519370257853
796,898,102,0.102,0.13073862010240556
710,855,145,0.145,0.1368826940841973
790,895,105,0.105,0.1328833839353174
748,874,126,0.126,0.13476133597642184
732,866,134,0.134,0.13276530987396837
788,894,106,0.106,0.13420735919103027
830,915,85,0.085,0.12498345564678312
810,905,95,0.095,0.12633573969826103
708,854,146,0.146,0.12577026231959462
770,885,115,0.115,0.12939421909302473
760,880,120,0.12,0.13528061453253032
690,845,155,0.155,0.14512916009128093
822,911,89,0.089,0.13984234645962715
708,854,146,0.146,0.14440880701318384
698,849,151,0.151,0.1460954653248191
814,907,93,0.093,0.14324541912972927
790,895,105,0.105,0.13626929278671743
752,876,124,0.124,0.14232906608656049
754,877,123,0.123,0.13847642727568746
744,872,128,0.128,0.13399027999490498
680,840,160,0.16,0.13849145097471774
738,869,131,0.131,0.12869510135985912
702,851,149,0.149,0.13093419226258993
762,881,119,0.119,0.1171209823563695
760,880,120,0.12,0.12118058788776398
810,905,95,0.095,0.11883378390967846
748,874,126,0.126,0.12142000341974199
740,870,130,0.13,0.12559173549711705
726,863,137,0.137,0.12109687822312117
792,896,104,0.104,0.12041007638163864
708,854,146,0.146,0.1324484266936779
724,862,138,0.138,0.1333280928619206
786,893,107,0.107,0.12265358958952129
734,867,133,0.133,0.13270637780800462
762,881,119,0.119,0.12747802026569843
772,886,114,0.114,0.12616954242996872
744,872,128,0.128,0.12229182627424598
702,851,149,0.149,0.12264199771359563
768,884,116,0.116,0.11443560346029699
742,871,129,0.129,0.11791153432056307
814,907,93,0.093,0.1101728033889085
742,871,129,0.129,0.12368099913746118
718,859,141,0.141,0.12973531172424554
726,863,137,0.137,0.13007834981381894
742,871,129,0.129,0.12857319104671477
766,883,117,0.117,0.12901341993361712
768,884,116,0.116,0.11768807674013078
782,891,109,0.109,0.11821586111187934
808,904,96,0.096,0.11247011184878647
764,882,118,0.118,0.11712320411205292
770,885,115,0.115,0.11582297954708337
784,892,108,0.108,0.11642600675486028
758,879,121,0.121,0.12099697084724903
718,859,141,0.141,0.12205717111378908
776,888,112,0.112,0.12589790572598578
762,881,119,0.119,0.12780909430608153
784,892,108,0.108,0.1219656937867403
746,873,127,0.127,0.1171806558482349
792,896,104,0.104,0.12323525571078062
768,884,116,0.116,0.1229509525410831
790,895,105,0.105,0.12363101607188583
784,892,108,0.108,0.12326429109275341
770,885,115,0.115,0.1174918021876365
768,884,116,0.116,0.1250996317304671
770,885,115,0.115,0.11739703810960055
744,872,128,0.128,0.12258908513374626
726,863,137,0.137,0.12474245250970126
728,864,136,0.136,0.13346652618423105
750,875,125,0.125,0.11988261047750712
792,896,104,0.104,0.12703976164013148
734,867,133,0.133,0.13227552742138504
710,855,145,0.145,0.13514556843042375
792,896,104,0.104,0.1256868122369051
764,882,118,0.118,0.12866677742637694
794,897,103,0.103,0.11726039276272059
730,865,135,0.135,0.11521287379786373
822,911,89,0.089,0.1132311852965504
784,892,108,0.108,0.12065237075090408
734,867,133,0.133,0.12236727966740728
746,873,127,0.127,0.13112603390589356
778,889,111,0.111,0.13024826807528733
778,889,111,0.111,0.1319211874268949
766,883,117,0.117,0.13309736206009984
720,860,140,0.14,0.1463647099286318
770,885,115,0.115,0.13316399579122662
766,883,117,0.117,0.1345383983515203
776,888,112,0.112,0.12260239446163178
730,865,135,0.135,0.12224832445010543
756,878,122,0.122,0.11823245221376419
742,871,129,0.129,0.12128943200595677
740,870,130,0.13,0.12230154432915151
820,910,90,0.09,0.12317547668144106
716,858,142,0.142,0.12595911636203527
760,880,120,0.12,0.12304120083525777
792,896,104,0.104,0.12526186938025058
766,883,117,0.117,0.1371950526945293
708,854,146,0.146,0.14240076057240367
772,886,114,0.114,0.13269577287882567
782,891,109,0.109,0.14513851518183946
792,896,104,0.104,0.14426808178797365
798,899,101,0.101,0.14022777632251382
792,896,104,0.104,0.14650300573557615
732,866,134,0.134,0.1447080734819174
754,877,123,0.123,0.1408975092098117
804,902,98,0.098,0.1289920616708696
814,907,93,0.093,0.12868850504420698
740,870,130,0.13,0.13262906053289772
788,894,106,0.106,0.12782850551232697
746,873,127,0.127,0.13160087525099515
742,871,129,0.129,0.13321661694347858
734,867,133,0.133,0.13637305603548885
800,900,100,0.1,0.1386323059387505
758,879,121,0.121,0.13845705997943877
844,922,78,0.078,0.12508270535618066
722,861,139,0.139,0.13946684051305056
788,894,106,0.106,0.13905812987685204
766,883,117,0.117,0.14281131011992693
786,893,107,0.107,0.1406072252355516
742,871,129,0.129,0.14380841002613307
768,884,116,0.116,0.13650046541914343
768,884,116,0.116,0.1366194281131029
754,877,123,0.123,0.14155223379656673
736,868,132,0.132,0.13512787295877934
730,865,135,0.135,0.13125168028846382
750,875,125,0.125,0.13200317746773363
806,903,97,0.097,0.12995635601505637
788,894,106,0.106,0.1326896989941597
782,891,109,0.109,0.14043506801873445
746,873,127,0.127,0.13626616415381432
756,878,122,0.122,0.13969503193348645
802,901,99,0.099,0.1350717687793076
754,877,123,0.123,0.12743024079501628
758,879,121,0.121,0.12658137656748294
734,867,133,0.133,0.12766013905778528
798,899,101,0.101,0.12729472272098064
802,901,99,0.099,0.10752603963576257
788,894,106,0.106,0.10638578302413225
782,891,109,0.109,0.10683893210999668
768,884,116,0.116,0.10730754792317748
830,915,85,0.085,0.11032320646382868
772,886,114,0.114,0.11674935147166252
772,886,114,0.114,0.1179543678611517
732,866,134,0.134,0.120526013456285
774,887,113,0.113,0.1166335120704025
784,892,108,0.108,0.12123552850633859
776,888,112,0.112,0.11493843223154544
766,883,117,0.117,0.11913670250959695
732,866,134,0.134,0.12135981674678624
754,877,123,0.123,0.12219217612221837
732,866,134,0.134,0.12508803978934885
770,885,115,0.115,0.130968665599823
730,865,135,0.135,0.12648341407254338
778,889,111,0.111,0.12339929178729653
780,890,110,0.11,0.1187039817161858
800,900,100,0.1,0.11937643314898014
746,873,127,0.127,0.13147611904144288
746,873,127,0.127,0.1330651751048863
766,883,117,0.117,0.13519025533646345
824,912,88,0.088,0.12807804525643587
764,882,118,0.118,0.13295964847877623
770,885,115,0.115,0.1295861095134169
732,866,134,0.134,0.12921087124198674
720,860,140,0.14,0.13059962235949935
762,881,119,0.119,0.12958018952235578
736,868,132,0.132,0.1320195511840284
732,866,134,0.134,0.1346020764634013
734,867,133,0.133,0.14047637095674873
776,888,112,0.112,0.1378591019771993
770,885,115,0.115,0.14493918725475669
722,861,139,0.139,0.1395007930919528
762,881,119,0.119,0.14748056307062507
800,900,100,0.1,0.16198995104804634
660,830,170,0.17,0.1693859139159322
772,886,114,0.114,0.1585744999460876
822,911,89,0.089,0.15750019235163928
844,922,78,0.078,0.14085395734012127
710,855,145,0.145,0.1590323062799871
698,849,151,0.151,0.16261186166480185
722,861,139,0.139,0.16607637033239006
710,855,145,0.145,0.15590667349845172
774,887,113,0.113,0.15744781635701657
766,883,117,0.117,0.14518020191416145
718,859,141,0.141,0.15014705307409168
752,876,124,0.124,0.15156857866421342
694,847,153,0.153,0.16149886871129274
750,875,125,0.125,0.14589188803732395
716,858,142,0.142,0.1462509497664869
718,859,141,0.141,0.14955447582155465
734,867,133,0.133,0.15242125030979514
756,878,122,0.122,0.14963057094812393
782,891,109,0.109,0.14528865262120963
778,889,111,0.111,0.13551654894649984
788,894,106,0.106,0.1339487869106233
756,878,122,0.122,0.14418668014556169
792,896,104,0.104,0.14020331468805672
768,884,116,0.116,0.14750327982008457
752,876,124,0.124,0.14519704838842154
768,884,116,0.116,0.138033370308578
768,884,116,0.116,0.13894681810587645
730,865,135,0.135,0.14339869115129114
728,864,136,0.136,0.14254673178866506
766,883,117,0.117,0.1422608858011663
764,882,118,0.118,0.14326885377243162
716,858,142,0.142,0.14298453593999147
762,881,119,0.119,0.1356819615699351
724,862,138,0.138,0.15250264951959253
750,875,125,0.125,0.16135858879610895
792,896,104,0.104,0.15985636543482543
764,882,118,0.118,0.16659216506406666
750,875,125,0.125,0.18607307064533235
772,886,114,0.114,0.1909909786209464
764,882,118,0.118,0.19606682807952167
734,867,133,0.133,0.1974191605374217
690,845,155,0.155,0.22754846773296594
770,885,115,0.115,0.2287143258228898
758,879,121,0.121,0.2330586458146572
738,869,131,0.131,0.23572676464915276
742,871,129,0.129,0.25007613135129214
764,882,118,0.118,0.2418860903456807
732,866,134,0.134,0.23972651302441955
748,874,126,0.126,0.24196079497784376
784,892,108,0.108,0.23532874082028865
738,869,131,0.131,0.2429826517701149
770,885,115,0.115,0.24051390412449836
732,866,134,0.134,0.2452403912320733
736,868,132,0.132,0.24978872874379157
732,866,134,0.134,0.24037857817858457
738,869,131,0.131,0.2479339055866003
778,889,111,0.111,0.24203937369585038
760,880,120,0.12,0.21684830967336893
772,886,114,0.114,0.21946395765990018
814,907,93,0.093,0.21544522663205862
736,868,132,0.132,0.21872846857458353
780,890,110,0.11,0.2182364441677928
760,880,120,0.12,0.2262048205435276
720,860,140,0.14,0.2280451493039727
728,864,136,0.136,0.23330812830477954
736,868,132,0.132,0.24226412612199782
726,863,137,0.137,0.2533619630038738
718,859,141,0.141,0.24594178497046232
760,880,120,0.12,0.23953651322424413
798,899,101,0.101,0.20952066364139318
764,882,118,0.118,0.2019527528733015
830,915,85,0.085,0.2003537033870816
764,882,118,0.118,0.2037610943838954
798,899,101,0.101,0.20529798184335232
762,881,119,0.119,0.21299134958535432
770,885,115,0.115,0.20689118181169033
706,853,147,0.147,0.21624339938908815
806,903,97,0.097,0.2017152928262949
792,896,104,0.104,0.1898407946191728
704,852,148,0.148,0.19880539501458405
780,890,110,0.11,0.19305997080355883
744,872,128,0.128,0.19886619040369988
692,846,154,0.154,0.1992214790135622
732,866,134,0.134,0.1926398934610188
800,900,100,0.1,0.1861287078782916
742,871,129,0.129,0.19681413044035434
772,886,114,0.114,0.20821741133928298
706,853,147,0.147,0.20607808972895145
772,886,114,0.114,0.20461046168953181
718,859,141,0.141,0.2034400260001421
712,856,144,0.144,0.19268590243160724
754,877,123,0.123,0.18982529418542982
806,903,97,0.097,0.18228537376224996
784,892,108,0.108,0.1716124388948083
750,875,125,0.125,0.1656368797942996
748,874,126,0.126,0.1686603278182447
774,887,113,0.113,0.16833966344222426
808,904,96,0.096,0.1557111634761095
780,890,110,0.11,0.16491072355955838
760,880,120,0.12,0.16116464234143496
808,904,96,0.096,0.16392615413293243
798,899,101,0.101,0.15855287908017635
764,882,118,0.118,0.16564755113236607
780,890,110,0.11,0.16506855901703238
668,834,166,0.166,0.17848532908409834
768,884,116,0.116,0.1618674809485674
808,904,96,0.096,0.14394628127291798
786,893,107,0.107,0.14239973099529743
764,882,118,0.118,0.14400783513858914
776,888,112,0.112,0.1373580193221569
798,899,101,0.101,0.1355647593662143
740,870,130,0.13,0.13625235779583453
760,880,120,0.12,0.136940303504467
818,909,91,0.091,0.13037027202919124
758,879,121,0.121,0.14474373306334018
762,881,119,0.119,0.15121005104109644
796,898,102,0.102,0.14746207980439066
740,870,130,0.13,0.15912002354487778
778,889,111,0.111,0.15732104974985123
782,891,109,0.109,0.1602376635670662
730,865,135,0.135,0.16403307554498314
752,876,124,0.124,0.16205780636519193
782,891,109,0.109,0.15241210763528942
770,885,115,0.115,0.16524350445345043
806,903,97,0.097,0.15687893809750675
720,860,140,0.14,0.1784963579326868
752,876,124,0.124,0.189408126629889
730,865,135,0.135,0.20695613671839236
758,879,121,0.121,0.19391720381751656
746,873,127,0.127,0.2081584301367402
792,896,104,0.104,0.20441014704108237
766,883,117,0.117,0.22014207984507084
708,854,146,0.146,0.2220720851495862
716,858,142,0.142,0.2341418407037854
786,893,107,0.107,0.23075306463986636
688,844,156,0.156,0.25419196735322475
734,867,133,0.133,0.24426852881163358
726,863,137,0.137,0.2506071831882
730,865,135,0.135,0.2580297459587455
686,843,157,0.157,0.25530340903252363
738,869,131,0.131,0.25021958981454373
806,903,97,0.097,0.24566237608343364
750,875,125,0.125,0.23661115591973067
700,850,150,0.15,0.25270334520190957
748,874,126,0.126,0.24947191543877126
710,855,145,0.145,0.2535435516759753
758,879,121,0.121,0.23529606886208057
800,900,100,0.1,0.2243194147720933
802,901,99,0.099,0.2234981027841568
776,888,112,0.112,0.21703280516713858
718,859,141,0.141,0.23525298991799354
806,903,97,0.097,0.21819490541517733
776,888,112,0.112,0.21433754827082158
710,855,145,0.145,0.2223382442370057
762,881,119,0.119,0.21442203127592802
780,890,110,0.11,0.227558837197721
762,881,119,0.119,0.23155989941954613
750,875,125,0.125,0.22749662360548972
752,876,124,0.124,0.22908592290431262
720,860,140,0.14,0.245558918684721
720,860,140,0.14,0.23793062391132117
730,865,135,0.135,0.23804988258332013
758,879,121,0.121,0.24045616891235114
752,876,124,0.124,0.22399922127276659
750,875,125,0.125,0.22057637402415275
778,889,111,0.111,0.21998867062106728
752,876,124,0.124,0.22467840608954429
692,846,154,0.154,0.2667828097566962
702,851,149,0.149,0.27499612091481684
732,866,134,0.134,0.26864956970512865
724,862,138,0.138,0.266702997431159
676,838,162,0.162,0.2698838196769357
726,863,137,0.137,0.2694675992280245
730,865,135,0.135,0.26655067748576405
720,860,140,0.14,0.26510778134316204
746,873,127,0.127,0.2394542044326663
716,858,142,0.142,0.23781042466312646
762,881,119,0.119,0.23300751911103726
706,853,147,0.147,0.23248075515031816
778,889,111,0.111,0.20814764054864646
792,896,104,0.104,0.2058111831098795
772,886,114,0.114,0.20104450921714306
738,869,131,0.131,0.19741559513658286
780,890,110,0.11,0.1971523307338357
670,835,165,0.165,0.20648978735506535
786,893,107,0.107,0.20109016808122396
768,884,116,0.116,0.1967801529802382
760,880,120,0.12,0.21137337667122483
738,869,131,0.131,0.21258983321487904
738,869,131,0.131,0.21634977696835994
726,863,137,0.137,0.2268627008497715
674,837,163,0.163,0.24139307426661252
774,887,113,0.113,0.2342025030553341
780,890,110,0.11,0.23699917821586133
790,895,105,0.105,0.23196322271972894
786,893,107,0.107,0.2248524742424488
670,835,165,0.165,0.23937137777358294
754,877,123,0.123,0.22464304349571468
740,870,130,0.13,0.22511699221283196
778,889,111,0.111,0.18486843900382519
798,899,101,0.101,0.18110115534812213
800,900,100,0.1,0.18096541099995375
758,879,121,0.121,0.18381120105087756
754,877,123,0.123,0.17915180133283137
670,835,165,0.165,0.18819132267311214
686,843,157,0.157,0.18775317361205815
716,858,142,0.142,0.18607528888061642
734,867,133,0.133,0.1744702189490199
802,901,99,0.099,0.16634041169285774
784,892,108,0.108,0.16501979165524244
772,886,114,0.114,0.16640885116532445
802,901,99,0.099,0.15856017587706447
818,909,91,0.091,0.15861973084881903
808,904,96,0.096,0.15689347334206105
718,859,141,0.141,0.16579685995355248
778,889,111,0.111,0.16030017755925655
750,875,125,0.125,0.17122386906668544
800,900,100,0.1,0.16314569568261506
762,881,119,0.119,0.16803907344862817
720,860,140,0.14,0.17481065106764435
790,895,105,0.105,0.16822036315500735
764,882,118,0.118,0.1729314454011619
758,879,121,0.121,0.1739774643778801
748,874,126,0.126,0.17085684181377292
744,872,128,0.128,0.17427843157947062
730,865,135,0.135,0.17474946870282293
738,869,131,0.131,0.17390467024967074
776,888,112,0.112,0.16277810088172556
732,866,134,0.134,0.16204224367439746
772,886,114,0.114,0.15995242615044117
742,871,129,0.129,0.1621656444221735
742,871,129,0.129,0.1571603383384645
720,860,140,0.14,0.16698350861668587
772,886,114,0.114,0.16597579669579862
774,887,113,0.113,0.1586943020373583
764,882,118,0.118,0.15876166168227793
760,880,120,0.12,0.1583445359505713
784,892,108,0.108,0.15633339136838914
756,878,122,0.122,0.16308166961744427
792,896,104,0.104,0.15955647064745426
752,876,124,0.124,0.16655275877192616
706,853,147,0.147,0.16970070250704886
794,897,103,0.103,0.1612148490026593
812,906,94,0.094,0.16614859941229224
704,852,148,0.148,0.17555770824477077
778,889,111,0.111,0.16816286123171448
722,861,139,0.139,0.17867486794292928
728,864,136,0.136,0.17929492473602296
798,899,101,0.101,0.1727945586591959
790,895,105,0.105,0.17654542845115065
762,881,119,0.119,0.18519665621593595
726,863,137,0.137,0.1931364092975855
790,895,105,0.105,0.1833398864492774
742,871,129,0.129,0.19225094577670096
784,892,108,0.108,0.18982937640696765
736,868,132,0.132,0.18910114201530814
756,878,122,0.122,0.20082794281840324
756,878,122,0.122,0.18272536948695778
684,842,158,0.158,0.1984141768142581
764,882,118,0.118,0.17117807851359249
714,857,143,0.143,0.173725324947387
824,912,88,0.088,0.14998400945588947
752,876,124,0.124,0.15757366479560733
776,888,112,0.112,0.15680944499373436
740,870,130,0.13,0.1634104295037687
752,876,124,0.124,0.14800899730622769
818,909,91,0.091,0.13930968172848224
830,915,85,0.085,0.14572605020180346
694,847,153,0.153,0.1523354303035885
748,874,126,0.126,0.15564437095820904
680,840,160,0.16,0.16449330430477857
818,909,91,0.091,0.14232698988914488
772,886,114,0.114,0.14221106607839465
714,857,143,0.143,0.15195104003325105
742,871,129,0.129,0.15564323665946722
770,885,115,0.115,0.16007078832760452
724,862,138,0.138,0.16385160760581494
740,870,130,0.13,0.16325116296857595
756,878,122,0.122,0.1613683570213616
732,866,134,0.134,0.16291132843121886
794,897,103,0.103,0.15696712232381105
760,880,120,0.12,0.17999519381672144
758,879,121,0.121,0.17893391733244063
698,849,151,0.151,0.18000324187800287
698,849,151,0.151,0.17870828341320158
778,889,111,0.111,0.15151698460057378
768,884,116,0.116,0.1552306274957955
724,862,138,0.138,0.1619588196054101
798,899,101,0.101,0.15482475123554468
770,885,115,0.115,0.14719798024371267
788,894,106,0.106,0.14901638024672867
820,910,90,0.09,0.13800988675653936
798,899,101,0.101,0.13765067326650024
758,879,121,0.121,0.13701948350295423
786,893,107,0.107,0.1377192273065448
772,886,114,0.114,0.1481984585262835
802,901,99,0.099,0.14327384320646525
768,884,116,0.116,0.15173648148402571
776,888,112,0.112,0.14979718585312365
778,889,111,0.111,0.1520856253877282
754,877,123,0.123,0.1514592678360641
684,842,158,0.158,0.1576748620159924
748,874,126,0.126,0.15049177265539765
726,863,137,0.137,0.1442424968071282
750,875,125,0.125,0.14947231882065534
736,868,132,0.132,0.14818667601048946
766,883,117,0.117,0.1462195553854108
738,869,131,0.131,0.15393575156480074
720,860,140,0.14,0.14805860945954918
774,887,113,0.113,0.15339107440039515
724,862,138,0.138,0.1519763443414122
802,901,99,0.099,0.15024138110503554
732,866,134,0.134,0.15606779495254158
752,876,124,0.124,0.14460503098741173
782,891,109,0.109,0.1478374461494386
742,871,129,0.129,0.1504073390364647
752,876,124,0.124,0.15579944851994515
764,882,118,0.118,0.1522601606324315
744,872,128,0.128,0.14686346307769418
732,866,134,0.134,0.15282830568030475
772,886,114,0.114,0.1472006162777543
794,897,103,0.103,0.14052959482744337
768,884,116,0.116,0.14668401695415378
738,869,131,0.131,0.15288160528615116
778,889,111,0.111,0.14910510417073966
726,863,137,0.137,0.14582109308242797
760,880,120,0.12,0.14278697201237084
800,900,100,0.1,0.13675772568583489
740,870,130,0.13,0.14749654091522096
742,871,129,0.129,0.16724663428217174
700,850,150,0.15,0.17149790569394827
772,886,114,0.114,0.16237823064997792
778,889,111,0.111,0.1651969755515456
770,885,115,0.115,0.17416446639969946
754,877,123,0.123,0.17143182702735066
754,877,123,0.123,0.16944097674265504
772,886,114,0.114,0.16867626309767367
780,890,110,0.11,0.19501701460033655
680,840,160,0.16,0.20119789104908706
746,873,127,0.127,0.19713605576753615
782,891,109,0.109,0.18681872341781855
758,879,121,0.121,0.1880280608125031
768,884,116,0.116,0.18727679400146008
698,849,151,0.151,0.19427654505893588
732,866,134,0.134,0.19070312516391277
778,889,111,0.111,0.19438294944167137
756,878,122,0.122,0.2006192736364901
730,865,135,0.135,0.2021850196644664
766,883,117,0.117,0.19299569253996016
786,893,107,0.107,0.1760129495114088
710,855,145,0.145,0.18588900570571423
776,888,112,0.112,0.1764357973113656
820,910,90,0.09,0.1770892842411995
732,866,134,0.134,0.19047237905859948
748,874,126,0.126,0.18806558483839034
778,889,111,0.111,0.18711398030817508
788,894,106,0.106,0.18348794489726425
704,852,148,0.148,0.1711766304075718
758,879,121,0.121,0.17287258249148726
800,900,100,0.1,0.17029023096710444
716,858,142,0.142,0.17278924157842993
760,880,120,0.12,0.17944139581918717
774,887,113,0.113,0.1801426797658205
740,870,130,0.13,0.18599142791330814
756,878,122,0.122,0.188150199431926
772,886,114,0.114,0.19799387598782778
702,851,149,0.149,0.20346923186630012
794,897,103,0.103,0.20153211464732884
784,892,108,0.108,0.20212505799904465
774,887,113,0.113,0.21776568492501974
812,906,94,0.094,0.2305846560075879
720,860,140,0.14,0.25009508174657824
776,888,112,0.112,0.2392464111596346
808,904,96,0.096,0.26774245050549506
690,845,155,0.155,0.2761464378759265
762,881,119,0.119,0.26950882444530727
788,894,106,0.106,0.26200514021515847
788,894,106,0.106,0.27067728897929194
722,861,139,0.139,0.29687047699838875
714,857,143,0.143,0.2919566313177347
704,852,148,0.148,0.29875497839599846
782,891,109,0.109,0.2906363048106432
754,877,123,0.123,0.2870244826450944
768,884,116,0.116,0.28532439418882133
738,869,131,0.131,0.2905208057835698
760,880,120,0.12,0.28081515891849995
724,862,138,0.138,0.27708746541291474
776,888,112,0.112,0.254528387285769
738,869,131,0.131,0.26344489786028863
750,875,125,0.125,0.24580912958830595
760,880,120,0.12,0.22348408684879542
718,859,141,0.141,0.2176335782930255
770,885,115,0.115,0.21479051719605924
768,884,116,0.116,0.2001477324217558
750,875,125,0.125,0.1934791060090065
726,863,137,0.137,0.2005392857119441
796,898,102,0.102,0.19422181547433137
800,900,100,0.1,0.20149467795342207
792,896,104,0.104,0.20858877810835838
730,865,135,0.135,0.22303872732818128
734,867,133,0.133,0.22210426884889603
770,885,115,0.115,0.2344180000424385
762,881,119,0.119,0.24163176956027746
722,861,139,0.139,0.2498807837218046
746,873,127,0.127,0.25043963541835546
728,864,136,0.136,0.2541393628418446
742,871,129,0.129,0.2474171531572938
750,875,125,0.125,0.24714259082823992
732,866,134,0.134,0.25186387727409604
750,875,125,0.125,0.24655566798895598
750,875,125,0.125,0.2636943189874291
692,846,154,0.154,0.27179153738170864
804,902,98,0.098,0.2643133478015661
772,886,114,0.114,0.2581148028448224
786,893,107,0.107,0.24934605970978738
718,859,141,0.141,0.2621538525894284
756,878,122,0.122,0.25345367327332496
776,888,112,0.112,0.25138539162278173
764,882,118,0.118,0.24865508085489274
764,882,118,0.118,0.24874463422596454
758,879,121,0.121,0.2485140350162983
816,908,92,0.092,0.23584333623200654
692,846,154,0.154,0.2462973514571786
788,894,106,0.106,0.23259657271951437
756,878,122,0.122,0.23258721289038659
786,893,107,0.107,0.23633196245133878
818,909,91,0.091,0.2184184649065137
766,883,117,0.117,0.22286452680826188
790,895,105,0.105,0.21533121433109045
796,898,102,0.102,0.21349306942522525
778,889,111,0.111,0.21882812871783971
726,863,137,0.137,0.2234724622964859
776,888,112,0.112,0.2218164557814598
698,849,151,0.151,0.2298175131082535
746,873,127,0.127,0.2319832465276122
794,897,103,0.103,0.23368076974153518
758,879,121,0.121,0.23405634484440088
744,872,128,0.128,0.23651084819436075
762,881,119,0.119,0.22321243661642073
784,892,108,0.108,0.21617167437076568
762,881,119,0.119,0.21720526561886072
772,886,114,0.114,0.21587585029006004
784,892,108,0.108,0.2147151111662388
806,903,97,0.097,0.20051799289137126
852,926,74,0.074,0.1941755507439375
810,905,95,0.095,0.19123631566390395
740,870,130,0.13,0.19831028551608323
792,896,104,0.104,0.1938310348019004
826,913,87,0.087,0.18406155678629876
780,890,110,0.11,0.1976656624004245
692,846,154,0.154,0.20948489692807198
740,870,130,0.13,0.23092766321450472
796,898,102,0.102,0.23060349601507188
744,872,128,0.128,0.22594537402689457
776,888,112,0.112,0.21776079937815665
788,894,106,0.106,0.22159231377393007
714,857,143,0.143,0.23430306380242108
768,884,116,0.116,0.22419652718305588
788,894,106,0.106,0.2177467545568943
810,905,95,0.095,0.20572926626354457
730,865,135,0.135,0.21195823810249567
726,863,137,0.137,0.20921709997951984
798,899,101,0.101,0.20777701237797738
764,882,118,0.118,0.22638012740015984
746,873,127,0.127,0.2376192884966731
760,880,120,0.12,0.23600963491201402
726,863,137,0.137,0.24409626565128564
786,893,107,0.107,0.2364781403169036
752,876,124,0.124,0.2407273678854108
736,868,132,0.132,0.23490230298042297
752,876,124,0.124,0.2380090488344431
776,888,112,0.112,0.21670321480929852
780,890,110,0.11,0.20727928092330694
738,869,131,0.131,0.20985281799733638
738,869,131,0.131,0.21101607213169335
732,866,134,0.134,0.21918647691607476
764,882,118,0.118,0.22445106058567763
756,878,122,0.122,0.22828281670808792
750,875,125,0.125,0.22334596528857947
782,891,109,0.109,0.217994161516428
744,872,128,0.128,0.21394538343697786
766,883,117,0.117,0.20831986264139413
762,881,119,0.119,0.2026339321024716
670,835,165,0.165,0.2003407876752317
726,863,137,0.137,0.20784633235633374
732,866,134,0.134,0.193437485024333
738,869,131,0.131,0.19928190683573485
774,887,113,0.113,0.18540642511844635
772,886,114,0.114,0.19629028370976448
802,901,99,0.099,0.1898225434459746
738,869,131,0.131,0.19406054977327586
698,849,151,0.151,0.20798561125993728
780,890,110,0.11,0.2014063878171146
790,895,105,0.105,0.20459531497955322
750,875,125,0.125,0.2154456302076578
714,857,143,0.143,0.22279858579486608
768,884,116,0.116,0.22075481632351876
724,862,138,0.138,0.23695899695903064
740,870,130,0.13,0.2232014064155519
744,872,128,0.128,0.21389864054322244
740,870,130,0.13,0.21466383102908732
840,920,80,0.08,0.18586795564368366
702,851,149,0.149,0.19737744619324804
798,899,101,0.101,0.1850695974007249
712,856,144,0.144,0.19350647253543138
802,901,99,0.099,0.18187421847879887
698,849,151,0.151,0.19876114049553872
724,862,138,0.138,0.20564631041884424
820,910,90,0.09,0.2029068581648171
760,880,120,0.12,0.20685160521790386
770,885,115,0.115,0.197174601983279
744,872,128,0.128,0.19982107803970575
722,861,139,0.139,0.20503348175808786
788,894,106,0.106,0.2184267356619239
774,887,113,0.113,0.22884139832854272
708,854,146,0.146,0.23062158649414777
774,887,113,0.113,0.22387218187749386
738,869,131,0.131,0.22103701124340297
716,858,142,0.142,0.2125171519741416
790,895,105,0.105,0.20602632984519004
748,874,126,0.126,0.21777881909161806
732,866,134,0.134,0.22370984361320734
686,843,157,0.157,0.22998307805508375
768,884,116,0.116,0.22833257125318052
804,902,98,0.098,0.22189928286522626
760,880,120,0.12,0.2226212989538908
736,868,132,0.132,0.228136635042727
780,890,110,0.11,0.21824472890049218
694,847,153,0.153,0.23547513759881258
728,864,136,0.136,0.23006470212340355
740,870,130,0.13,0.22990644237399102
762,881,119,0.119,0.2251485521271825
728,864,136,0.136,0.22476172371208666
718,859,141,0.141,0.2208343563079834
760,880,120,0.12,0.21805758798122407
786,893,107,0.107,0.21742837961018086
740,870,130,0.13,0.2001899375282228
794,897,103,0.103,0.1876681190058589
712,856,144,0.144,0.1923005034662783
838,919,81,0.081,0.1719151937663555
782,891,109,0.109,0.1691558301001787
726,863,137,0.137,0.18798394476994873
776,888,112,0.112,0.1832369728423655
740,870,130,0.13,0.18333174574375152
676,838,162,0.162,0.19770700772479177
750,875,125,0.125,0.19371186938136817
714,857,143,0.143,0.19203273739293217
812,906,94,0.094,0.18152712301537394
854,927,73,0.073,0.1645794724188745
730,865,135,0.135,0.1729192467108369
772,886,114,0.114,0.17157980377599596
730,865,135,0.135,0.17879405827075243
802,901,99,0.099,0.1767304649055004
754,877,123,0.123,0.1789296281337738
794,897,103,0.103,0.17905286703631282
752,876,124,0.124,0.1841808324381709
752,876,124,0.124,0.1853635713979602
722,861,139,0.139,0.19459348595142364
694,847,153,0.153,0.20309422213211656
794,897,103,0.103,0.1919727079719305
760,880,120,0.12,0.18077412199229
808,904,96,0.096,0.1743386278860271
696,848,152,0.152,0.17460843607783316
824,912,88,0.088,0.15594828516244888
790,895,105,0.105,0.15051529962569477
816,908,92,0.092,0.1462957203425467
722,861,139,0.139,0.15449834257364273
754,877,123,0.123,0.14460523539409043
764,882,118,0.118,0.13235757255926728
782,891,109,0.109,0.13926917094178498
748,874,126,0.126,0.138250859670341
762,881,119,0.119,0.14194390111975372
692,846,154,0.154,0.15739478177204727
730,865,135,0.135,0.14896195229142906
792,896,104,0.104,0.14746878986805678
774,887,113,0.113,0.14551329554244877
778,889,111,0.111,0.15651436565443874
730,865,135,0.135,0.1590920909643173
752,876,124,0.124,0.15038381499797107
748,874,126,0.126,0.14859590700641273
804,902,98,0.098,0.14617656861431896
820,910,90,0.09,0.14674799087643622
744,872,128,0.128,0.1527619944475591
796,898,102,0.102,0.14735489634796978
766,883,117,0.117,0.1462980620432645
758,879,121,0.121,0.1532973501086235
756,878,122,0.122,0.15281200416758656
794,897,103,0.103,0.15187251429259777
644,822,178,0.178,0.17372192799672484
770,885,115,0.115,0.16079252933338284
820,910,90,0.09,0.1557540479656309
770,885,115,0.115,0.16167948089540005
748,874,126,0.126,0.15982134579122068
766,883,117,0.117,0.15170258744060994
796,898,102,0.102,0.1602825518064201
748,874,126,0.126,0.16240015610679984
772,886,114,0.114,0.15475076420977713
732,866,134,0.134,0.1623038421086967
824,912,88,0.088,0.14321699729189277
818,909,91,0.091,0.1487142885401845
742,871,129,0.129,0.1601014497168362
800,900,100,0.1,0.14806148731335997
742,871,129,0.129,0.15441075629740952
736,868,132,0.132,0.16028260676935316
780,890,110,0.11,0.14981699518859387
774,887,113,0.113,0.14746683432906865
734,867,133,0.133,0.15113843416795134
754,877,123,0.123,0.14726894379779695
740,870,130,0.13,0.13368441520258784
760,880,120,0.12,0.13054759852215647
790,895,105,0.105,0.13473149967193604
780,890,110,0.11,0.1320609456524253
748,874,126,0.126,0.1387925576083362
780,890,110,0.11,0.1411139978840947
838,919,81,0.081,0.139874917589128
708,854,146,0.146,0.14192753511294723
776,888,112,0.112,0.1411773269176483
762,881,119,0.119,0.14581324116140604
740,870,130,0.13,0.15660667331889272
750,875,125,0.125,0.1542271241545677
670,835,165,0.165,0.16572446197271348
758,879,121,0.121,0.1582599820382893
758,879,121,0.121,0.16784038814529775
736,868,132,0.132,0.16960705067403614
782,891,109,0.109,0.16740001141652464
734,867,133,0.133,0.1678773611150682
722,861,139,0.139,0.16229297309741378
820,910,90,0.09,0.15135001492872835
814,907,93,0.093,0.15383885058015584
788,894,106,0.106,0.16360424958169462
682,841,159,0.159,0.18907969335839153
716,858,142,0.142,0.18850978231802581
722,861,139,0.139,0.18661983216926456
736,868,132,0.132,0.18636413306742908
730,865,135,0.135,0.17471166483685374
732,866,134,0.134,0.17788657807931305
852,926,74,0.074,0.1638516843803227
818,909,91,0.091,0.16740090809762478
768,884,116,0.116,0.14617739947512745
770,885,115,0.115,0.15497647045925259
808,904,96,0.096,0.15591884977370501
740,870,130,0.13,0.1557280709631741
734,867,133,0.133,0.1426786057204008
766,883,117,0.117,0.1408390848301351
766,883,117,0.117,0.13742173907905816
718,859,141,0.141,0.14413659090921283
722,861,139,0.139,0.1545565941594541
688,844,156,0.156,0.15252049156278372
730,865,135,0.135,0.14964169919863343
822,911,89,0.089,0.14567721327394248
662,831,169,0.169,0.13770712972059845
828,914,86,0.086,0.12560726741142572
736,868,132,0.132,0.12650593584403397
772,886,114,0.114,0.12360726419277489
700,850,150,0.15,0.13446059846691788
816,908,92,0.092,0.12515379209816455
712,856,144,0.144,0.13227965045534074
756,878,122,0.122,0.13075647994689643
810,905,95,0.095,0.13159965450689196
750,875,125,0.125,0.14490135361254214
772,886,114,0.114,0.13789522587880493
724,862,138,0.138,0.14430082077533007
808,904,96,0.096,0.1311517726331949
694,847,153,0.153,0.13760599939338863
814,907,93,0.093,0.1298240452837199
768,884,116,0.116,0.12782970840111374
792,896,104,0.104,0.12242537623271346
800,900,100,0.1,0.12412488017231225
740,870,130,0.13,0.12806164924427868
750,875,125,0.125,0.11914523539692164
814,907,93,0.093,0.12282552596367896
760,880,120,0.12,0.12524403119459748
760,880,120,0.12,0.12734915867075325
718,859,141,0.141,0.13006421332806348
744,872,128,0.128,0.14513297494128347
752,876,124,0.124,0.14725024573877454
744,872,128,0.128,0.14184150019288064
750,875,125,0.125,0.14801881472021342
776,888,112,0.112,0.14940855973213912
698,849,151,0.151,0.15644622891768814
730,865,135,0.135,0.1553265404291451
716,858,142,0.142,0.1578176374770701
778,889,111,0.111,0.14376569887623192
698,849,151,0.151,0.1506752533875406
704,852,148,0.148,0.15234890942275525
732,866,134,0.134,0.14987388045340777
752,876,124,0.124,0.15654559845849872
794,897,103,0.103,0.15184838159009814
716,858,142,0.142,0.15938788827136158
798,899,101,0.101,0.14912058774381876
782,891,109,0.109,0.13345466059073804
772,886,114,0.114,0.13239660081639887
780,890,110,0.11,0.13434616574272512
790,895,105,0.105,0.13328282152675092
762,881,119,0.119,0.1307400648780167
790,895,105,0.105,0.12798799775540828
816,908,92,0.092,0.12974147188290955
738,869,131,0.131,0.13544527740776538
718,859,141,0.141,0.1252297348510474
728,864,136,0.136,0.12535521801933647
770,885,115,0.115,0.11887165974639356
838,919,81,0.081,0.11649965236522257
770,885,115,0.115,0.13279862507618964
748,874,126,0.126,0.14336523709446192
808,904,96,0.096,0.13602996890246868
730,865,135,0.135,0.14259079755842685
774,887,113,0.113,0.13056259075179696
788,894,106,0.106,0.12657098050974308
760,880,120,0.12,0.13378452121838927
762,881,119,0.119,0.13599133002758027
764,882,118,0.118,0.14535115836933254
744,872,128,0.128,0.14918387733027338
780,890,110,0.11,0.152073646992445
730,865,135,0.135,0.1489701731801033
738,869,131,0.131,0.15174415286257864
814,907,93,0.093,0.152039368391037
726,863,137,0.137,0.16160587649792432
756,878,122,0.122,0.1608526441268623
734,867,133,0.133,0.16345616369321941
812,906,94,0.094,0.1651019941456616
796,898,102,0.102,0.1653807942532003
752,876,124,0.124,0.1672119554169476
778,889,111,0.111,0.1689115567021072
766,883,117,0.117,0.17152202263474464
730,865,135,0.135,0.17904527276754378
774,887,113,0.113,0.1766799650862813
780,890,110,0.11,0.17815418631583452
774,887,113,0.113,0.18431070697307586
678,839,161,0.161,0.1936847742423415
774,887,113,0.113,0.18806947569921612
764,882,118,0.118,0.17930425494536759
762,881,119,0.119,0.16800510628893972
710,855,145,0.145,0.16841554651036858
802,901,99,0.099,0.1597135349214077
808,904,96,0.096,0.1541252056621015
794,897,103,0.103,0.14949235317111015
784,892,108,0.108,0.15676026133447885
770,885,115,0.115,0.15391704964265226
760,880,120,0.12,0.164195120152086
704,852,148,0.148,0.17544650465622544
772,886,114,0.114,0.1644685101956129
784,892,108,0.108,0.16631157878413796
756,878,122,0.122,0.17493907726183533
690,845,155,0.155,0.1885532670095563
782,891,109,0.109,0.19102339503914118
736,868,132,0.132,0.19711052986234426
754,877,123,0.123,0.18901147050410508
800,900,100,0.1,0.1861369913034141
814,907,93,0.093,0.1842565400823951
806,903,97,0.097,0.1789781459644437
786,893,107,0.107,0.1762346366532147
780,890,110,0.11,0.17587049789726733
740,870,130,0.13,0.19524222545698286
762,881,119,0.119,0.20146872210502625
742,871,129,0.129,0.2007853212878108
752,876,124,0.124,0.20652241588383913
696,848,152,0.152,0.21384624743834138
818,909,91,0.091,0.20367585058137774
742,871,129,0.129,0.20982646989449857
722,861,139,0.139,0.21162142107635737
792,896,104,0.104,0.1923299166969955
774,887,113,0.113,0.1881656236872077
758,879,121,0.121,0.18462960939481854
740,870,130,0.13,0.1816912400238216
730,865,135,0.135,0.18521428771689535
714,857,143,0.143,0.1911010113991797
756,878,122,0.122,0.18294040594249963
810,905,95,0.095,0.18454041159898044
726,863,137,0.137,0.18178433682397008
714,857,143,0.143,0.19455770943686365
774,887,113,0.113,0.1845828746892512
738,869,131,0.131,0.18917262116074562
754,877,123,0.123,0.1852327032610774
810,905,95,0.095,0.1824488324522972
722,861,139,0.139,0.18158592988923192
742,871,129,0.129,0.18618277945742012
792,896,104,0.104,0.18129715390503406
774,887,113,0.113,0.18396695426851511
738,869,131,0.131,0.19095047022774816
728,864,136,0.136,0.18690102495253086
756,878,122,0.122,0.17683925587311386
774,887,113,0.113,0.17596709725260734
722,861,139,0.139,0.17639639434218407
666,833,167,0.167,0.18289869252219795
788,894,106,0.106,0.15794796057604255
748,874,126,0.126,0.1644929759912193
762,881,119,0.119,0.15608199886977672
772,886,114,0.114,0.15700027671642602
800,900,100,0.1,0.1587148849479854
794,897,103,0.103,0.15422177666053177
742,871,129,0.129,0.16250975867733358
756,878,122,0.122,0.15718043299764395
706,853,147,0.147,0.1866028959080577
770,885,115,0.115,0.18223440008237957
716,858,142,0.142,0.18588878915458917
744,872,128,0.128,0.18494067598134278
816,908,92,0.092,0.1560182694271207
752,876,124,0.124,0.16256092451512813
774,887,113,0.113,0.15915334358066321
772,886,114,0.114,0.1641208859346807
792,896,104,0.104,0.17387867613881827
744,872,128,0.128,0.18018651686236262
762,881,119,0.119,0.17392633883282543
746,873,127,0.127,0.18067945143580436
770,885,115,0.115,0.21229076325148344
712,856,144,0.144,0.2088316347450018
730,865,135,0.135,0.20798246888071298
718,859,141,0.141,0.21853097603470087
762,881,119,0.119,0.20471142000705003
778,889,111,0.111,0.20595336277782916
774,887,113,0.113,0.20306923875585198
828,914,86,0.086,0.19521021934226154
768,884,116,0.116,0.20313393883779646
750,875,125,0.125,0.21115603578090666
752,876,124,0.124,0.2128527644984424
774,887,113,0.113,0.2088202843219042
800,900,100,0.1,0.20491463746130467
778,889,111,0.111,0.20175642405822874
698,849,151,0.151,0.20780992224812508
732,866,134,0.134,0.1964202793687582
830,915,85,0.085,0.18860654217004777
714,857,143,0.143,0.20053014997020363
760,880,120,0.12,0.19643334005773067
740,870,130,0.13,0.19980404944717883
816,908,92,0.092,0.18230838138982652
818,909,91,0.091,0.18746316726878284
802,901,99,0.099,0.18711465648934245
726,863,137,0.137,0.19196037266775964
762,881,119,0.119,0.18982846356928348
814,907,93,0.093,0.19458301252126695
836,918,82,0.082,0.19518746185675265
762,881,119,0.119,0.20926840732246638
804,902,98,0.098,0.20872447733953595
760,880,120,0.12,0.21815633434802295
746,873,127,0.127,0.22738909497857093
796,898,102,0.102,0.2200475010946393
714,857,143,0.143,0.2157428713850677
748,874,126,0.126,0.21498937990516423
742,871,129,0.129,0.2125822048857808
746,873,127,0.127,0.21073440878093241
704,852,148,0.148,0.23040625452250243
734,867,133,0.133,0.23317429592460395
724,862,138,0.138,0.22455397203564645
772,886,114,0.114,0.2174491198770702
786,893,107,0.107,0.21394461956247687
764,882,118,0.118,0.21553312816470863
758,879,121,0.121,0.21084347066655756
808,904,96,0.096,0.20746065674349665
806,903,97,0.097,0.22721158238500358
742,871,129,0.129,0.22319014815241098
688,844,156,0.156,0.2390185443609953
704,852,148,0.148,0.24886641006171703
758,879,121,0.121,0.2401956942975521
698,849,151,0.151,0.24366218969225883
756,878,122,0.122,0.23689468321949245
800,900,100,0.1,0.23500211356580258
680,840,160,0.16,0.2455064491480589
780,890,110,0.11,0.23446358793973923
796,898,102,0.102,0.21954644095152617
718,859,141,0.141,0.22281451009586453
728,864,136,0.136,0.23425962939858436
686,843,157,0.157,0.23774877413362264
770,885,115,0.115,0.2309191933274269
738,869,131,0.131,0.23858490433543922
740,870,130,0.13,0.2361655410900712
736,868,132,0.132,0.2230762707516551
836,918,82,0.082,0.21018239775300027
780,890,110,0.11,0.2264161252975464
720,860,140,0.14,0.23509038630127907
788,894,106,0.106,0.23274565833806993
780,890,110,0.11,0.234102535456419
768,884,116,0.116,0.24819945845752955
718,859,141,0.141,0.26619121033698323
788,894,106,0.106,0.26337837494909766
742,871,129,0.129,0.26482694964110853
794,897,103,0.103,0.25956928000599144
758,879,121,0.121,0.2557784737348556
738,869,131,0.131,0.2645941174775362
750,875,125,0.125,0.2701868884786963
780,890,110,0.11,0.26465149753540756
724,862,138,0.138,0.27593535160273314
798,899,101,0.101,0.2659253646209836
816,908,92,0.092,0.26204672921448946
802,901,99,0.099,0.24669116158783436
754,877,123,0.123,0.25891532108932735
752,876,124,0.124,0.2565946400985122
774,887,113,0.113,0.24316658771038055
758,879,121,0.121,0.25125984428822995
746,873,127,0.127,0.24857880900800228
760,880,120,0.12,0.2573134741932154
778,889,111,0.111,0.25903782723098995
724,862,138,0.138,0.2642197602465749
790,895,105,0.105,0.2515757162719965
706,853,147,0.147,0.26910369595885275
828,914,86,0.086,0.24947914176434277
738,869,131,0.131,0.2609313285574317
764,882,118,0.118,0.26343488895893097
738,869,131,0.131,0.2603200795277953
736,868,132,0.132,0.26551775785535575
710,855,145,0.145,0.2712080908641219
806,903,97,0.097,0.26024148520082235
746,873,127,0.127,0.2672027694433928
782,891,109,0.109,0.2634883381202817
784,892,108,0.108,0.25418927896022797
766,883,117,0.117,0.2611731764897704
774,887,113,0.113,0.25286573960632086
750,875,125,0.125,0.26469578916579484
772,886,114,0.114,0.2662583669051528
790,895,105,0.105,0.2638307046368718
790,895,105,0.105,0.27214464753866197
732,866,134,0.134,0.29209707349538805
688,844,156,0.156,0.2953408114910126
710,855,145,0.145,0.29130848854780195
772,886,114,0.114,0.2825462646409869
764,882,118,0.118,0.3190083252713084
780,890,110,0.11,0.3187024249508977
736,868,132,0.132,0.3210571307390928
