log_avg_ept_score,log_avg_succ_req,log_avg_blk_req,log_avg_BP_req,log_avg_entropy
6806,8403,1597,0.1597,1.6081122988104821
6696,8348,1652,0.1652,1.6079881637096405
6614,8307,1693,0.1693,1.607955506978929
6780,8390,1610,0.161,1.6081045637249947
6730,8365,1635,0.1635,1.6078634146928787
6836,8418,1582,0.1582,1.6077960724771023
7020,8510,1490,0.149,1.607865435385704
6826,8413,1587,0.1587,1.6078938643097878
6594,8297,1703,0.1703,1.6078413195967673
6622,8311,1689,0.1689,1.607684199845791
6794,8397,1603,0.1603,1.607792428100109
6854,8427,1573,0.1573,1.6078195394754409
6754,8377,1623,0.1623,1.6077415601253509
6792,8396,1604,0.1604,1.6074522074192763
6774,8387,1613,0.1613,1.607644680070877
6744,8372,1628,0.1628,1.6076133022904395
6816,8408,1592,0.1592,1.607440590979159
6810,8405,1595,0.1595,1.6074724811673164
6680,8340,1660,0.166,1.6074558457136154
6830,8415,1585,0.1585,1.6074945546030999
6742,8371,1629,0.1629,1.6069251446962356
6708,8354,1646,0.1646,1.6071877427875996
6782,8391,1609,0.1609,1.6073508312821387
6750,8375,1625,0.1625,1.6069429176294507
6700,8350,1650,0.165,1.6066844535384328
6828,8414,1586,0.1586,1.6066490570828318
6684,8342,1658,0.1658,1.6068512331306934
6814,8407,1593,0.1593,1.606814931744337
6984,8492,1508,0.1508,1.606589968574047
6768,8384,1616,0.1616,1.6065300120824915
6816,8408,1592,0.1592,1.606496253579855
6734,8367,1633,0.1633,1.6066401061058044
6986,8493,1507,0.1507,1.6058428895932797
6784,8392,1608,0.1608,1.6056469849288464
6780,8390,1610,0.161,1.6058654013872147
6782,8391,1609,0.1609,1.605150318197161
6766,8383,1617,0.1617,1.6037285857841754
6994,8497,1503,0.1503,1.6042683334261179
6584,8292,1708,0.1708,1.6034517558097838
6740,8370,1630,0.163,1.6038955189734698
6730,8365,1635,0.1635,1.6003046042114497
6718,8359,1641,0.1641,1.5999368086762955
6728,8364,1636,0.1636,1.599318172257766
6700,8350,1650,0.165,1.599847250339409
6824,8412,1588,0.1588,1.592129089060239
6808,8404,1596,0.1596,1.5918118413303048
6820,8410,1590,0.159,1.5919826713548342
6918,8459,1541,0.1541,1.592553730372945
6784,8392,1608,0.1608,1.5770460264038553
6808,8404,1596,0.1596,1.5757334766890854
7096,8548,1452,0.1452,1.5757717854275368
6664,8332,1668,0.1668,1.573872295941639
6862,8431,1569,0.1569,1.5352577079245158
6774,8387,1613,0.1613,1.5310006182733182
7026,8513,1487,0.1487,1.531375820435779
6838,8419,1581,0.1581,1.5274993012853026
7082,8541,1459,0.1459,1.4564571698625595
6858,8429,1571,0.1571,1.4495091527149722
6966,8483,1517,0.1517,1.43908861903315
6998,8499,1501,0.1501,1.4358691225193085
6850,8425,1575,0.1575,1.312102900863607
6960,8480,1520,0.152,1.3087496421992946
6956,8478,1522,0.1522,1.2940228812621843
6938,8469,1531,0.1531,1.287020450497109
6824,8412,1588,0.1588,1.1344851389647321
6892,8446,1554,0.1554,1.1249795977073629
6928,8464,1536,0.1536,1.1211443918409143
6714,8357,1643,0.1643,1.1075234065142185
6946,8473,1527,0.1527,1.0496794257359598
6902,8451,1549,0.1549,1.0500191184334464
6754,8377,1623,0.1623,1.0569921346536326
7064,8532,1468,0.1468,1.0550597500693537
7004,8502,1498,0.1498,1.1409241739727274
6868,8434,1566,0.1566,1.1491511386477724
7018,8509,1491,0.1491,1.1510861721917316
7050,8525,1475,0.1475,1.1612450737176463
6976,8488,1512,0.1512,1.2344832715020106
6832,8416,1584,0.1584,1.2411991162154823
7080,8540,1460,0.146,1.2408452930490559
7088,8544,1456,0.1456,1.2422190347992093
7294,8647,1353,0.1353,1.246860428473237
7264,8632,1368,0.1368,1.2458020759794861
7190,8595,1405,0.1405,1.2432815654695033
7108,8554,1446,0.1446,1.2434981399918017
7242,8621,1379,0.1379,1.2030749255711213
7068,8534,1466,0.1466,1.2030845779150725
7296,8648,1352,0.1352,1.2000021177202462
7230,8615,1385,0.1385,1.197598266906105
7138,8569,1431,0.1431,1.152117140585184
7278,8639,1361,0.1361,1.142934774060627
7258,8629,1371,0.1371,1.142765402047179
7190,8595,1405,0.1405,1.1389286938029557
7252,8626,1374,0.1374,1.098190651618639
7234,8617,1383,0.1383,1.0896134645264857
7298,8649,1351,0.1351,1.0870630786284805
7024,8512,1488,0.1488,1.0900759859342595
7204,8602,1398,0.1398,1.0550308370530606
7240,8620,1380,0.138,1.0521196888276683
7298,8649,1351,0.1351,1.0520501721157227
7356,8678,1322,0.1322,1.045340912643225
7226,8613,1387,0.1387,1.0095208073021167
7294,8647,1353,0.1353,1.000930485759511
7340,8670,1330,0.133,0.9980461353182792
7446,8723,1277,0.1277,0.9897124778412283
7312,8656,1344,0.1344,0.9302964376731517
7100,8550,1450,0.145,0.924956049240008
7194,8597,1403,0.1403,0.9221249208339101
7302,8651,1349,0.1349,0.9123168947570026
7406,8703,1297,0.1297,0.8472187629607167
7298,8649,1351,0.1351,0.8383108884604178
7534,8767,1233,0.1233,0.8333856907717796
7144,8572,1428,0.1428,0.8384171440988779
7304,8652,1348,0.1348,0.7951382159939734
7492,8746,1254,0.1254,0.7894338380014524
7322,8661,1339,0.1339,0.7896216834228794
7242,8621,1379,0.1379,0.7903911244992406
7326,8663,1337,0.1337,0.7664993422039725
7454,8727,1273,0.1273,0.7600364176740719
7222,8611,1389,0.1389,0.7602342276530318
7358,8679,1321,0.1321,0.7556516234308376
7386,8693,1307,0.1307,0.7251502058313625
7630,8815,1185,0.1185,0.7091436298730114
7284,8642,1358,0.1358,0.7244829007394612
7388,8694,1306,0.1306,0.7143351191829119
7530,8765,1235,0.1235,0.6708309426846949
7564,8782,1218,0.1218,0.6613762554971854
7386,8693,1307,0.1307,0.6614828556018785
7532,8766,1234,0.1234,0.6524736863434004
7700,8850,1150,0.115,0.6394445394057547
7296,8648,1352,0.1352,0.6486481080695987
7462,8731,1269,0.1269,0.6440395657843212
7470,8735,1265,0.1265,0.6419777471054308
7594,8797,1203,0.1203,0.6421386777234735
7498,8749,1251,0.1251,0.6420376215958735
7582,8791,1209,0.1209,0.6394871258089327
7688,8844,1156,0.1156,0.6363602110529318
7386,8693,1307,0.1307,0.6306238190973876
7428,8714,1286,0.1286,0.6223411232818428
7464,8732,1268,0.1268,0.6241140351849378
7374,8687,1313,0.1313,0.624150710888207
7486,8743,1257,0.1257,0.6091049906238913
7434,8717,1283,0.1283,0.6026857349947095
7536,8768,1232,0.1232,0.6044398877851666
7422,8711,1289,0.1289,0.6064210754945875
7368,8684,1316,0.1316,0.6013740356887683
7230,8615,1385,0.1385,0.5982823197147643
7472,8736,1264,0.1264,0.5935335416156798
7496,8748,1252,0.1252,0.5909468053624034
7436,8718,1282,0.1282,0.5808979865198346
7564,8782,1218,0.1218,0.5744815492165216
7466,8733,1267,0.1267,0.5662487099796534
7536,8768,1232,0.1232,0.5675174233715106
7700,8850,1150,0.115,0.5242446631272898
7530,8765,1235,0.1235,0.5210100638359747
7388,8694,1306,0.1306,0.5176249089875841
7500,8750,1250,0.125,0.5127588122676767
7514,8757,1243,0.1243,0.510646919979155
7492,8746,1254,0.1254,0.5147191162766889
7528,8764,1236,0.1236,0.5131685408029123
7382,8691,1309,0.1309,0.5209774910897017
7280,8640,1360,0.136,0.5261572140546515
7504,8752,1248,0.1248,0.5260367860629587
7598,8799,1201,0.1201,0.5216118074159138
7340,8670,1330,0.133,0.5250199372194242
7498,8749,1251,0.1251,0.48895775196701285
7720,8860,1140,0.114,0.4788434059034189
7322,8661,1339,0.1339,0.48137644215426334
7516,8758,1242,0.1242,0.4756023455415854
7636,8818,1182,0.1182,0.4563843330590349
7536,8768,1232,0.1232,0.46604071604765485
7256,8628,1372,0.1372,0.4698841412613547
7502,8751,1249,0.1249,0.47388967428952455
7380,8690,1310,0.131,0.4856709362000565
7702,8851,1149,0.1149,0.47925431846965383
7388,8694,1306,0.1306,0.49160767055832694
7586,8793,1207,0.1207,0.4860596566918246
7500,8750,1250,0.125,0.4653559668268438
7524,8762,1238,0.1238,0.46021328796893357
7560,8780,1220,0.122,0.4587571082691402
7510,8755,1245,0.1245,0.4565577273521675
7642,8821,1179,0.1179,0.4467883873259649
7482,8741,1259,0.1259,0.45310950442464093
7436,8718,1282,0.1282,0.45966490372344854
7394,8697,1303,0.1303,0.46271509427511665
7494,8747,1253,0.1253,0.48726732257688365
7564,8782,1218,0.1218,0.49049207476228474
7424,8712,1288,0.1288,0.4966528172869235
7502,8751,1249,0.1249,0.49989115718476823
7442,8721,1279,0.1279,0.49306430117826094
7546,8773,1227,0.1227,0.4901926138509856
7426,8713,1287,0.1287,0.49144839002341034
7508,8754,1246,0.1246,0.49118523824885485
7570,8785,1215,0.1215,0.47797119516953823
7542,8771,1229,0.1229,0.47479506325274706
7536,8768,1232,0.1232,0.4735454081272871
7674,8837,1163,0.1163,0.4733811074525118
7496,8748,1252,0.1252,0.4696722385495901
7584,8792,1208,0.1208,0.47195914434492586
7512,8756,1244,0.1244,0.47573781879767774
7470,8735,1265,0.1265,0.47360719215708086
7540,8770,1230,0.123,0.4773145509986701
7534,8767,1233,0.1233,0.4794810441170819
7310,8655,1345,0.1345,0.48353584057571136
7570,8785,1215,0.1215,0.47787154152430594
7552,8776,1224,0.1224,0.46164812492355706
7528,8764,1236,0.1236,0.4608055886263028
7434,8717,1283,0.1283,0.45846366258333726
7734,8867,1133,0.1133,0.4491152594568417
7308,8654,1346,0.1346,0.4408126927163452
7412,8706,1294,0.1294,0.43893126984096237
7284,8642,1358,0.1358,0.4481540439752691
7656,8828,1172,0.1172,0.4412916340844538
7576,8788,1212,0.1212,0.4726451976388693
7388,8694,1306,0.1306,0.477803403664699
7604,8802,1198,0.1198,0.4764527229949832
7258,8629,1371,0.1371,0.4816768640259281
7484,8742,1258,0.1258,0.4595880145814252
7510,8755,1245,0.1245,0.4512652469485998
7430,8715,1285,0.1285,0.44904159050061715
7440,8720,1280,0.128,0.4397179383173594
7536,8768,1232,0.1232,0.4107222791547843
7774,8887,1113,0.1113,0.40532359805312007
7484,8742,1258,0.1258,0.40982144778484947
7700,8850,1150,0.115,0.4094230708017945
7588,8794,1206,0.1206,0.4374539623849094
7460,8730,1270,0.127,0.4417791003640741
7514,8757,1243,0.1243,0.4469617890883528
7508,8754,1246,0.1246,0.4492969939440489
7648,8824,1176,0.1176,0.45765351328489035
7444,8722,1278,0.1278,0.46217641968492096
7642,8821,1179,0.1179,0.45270647322172
7654,8827,1173,0.1173,0.44829440691283234
7566,8783,1217,0.1217,0.4188176511280239
7466,8733,1267,0.1267,0.4205407601026818
7338,8669,1331,0.1331,0.41989960212984007
7688,8844,1156,0.1156,0.4117736970171798
7420,8710,1290,0.129,0.4419028820037842
7574,8787,1213,0.1213,0.4477374613061547
7538,8769,1231,0.1231,0.4592165529601276
7576,8788,1212,0.1212,0.45534602612406017
7562,8781,1219,0.1219,0.47191717281043527
7532,8766,1234,0.1234,0.46922916832566264
7620,8810,1190,0.119,0.46143266588430853
7670,8835,1165,0.1165,0.45445567321628333
7408,8704,1296,0.1296,0.42993601515740154
7694,8847,1153,0.1153,0.4238035883635176
7408,8704,1296,0.1296,0.4291223238012637
7588,8794,1206,0.1206,0.4207272516183555
7548,8774,1226,0.1226,0.4334579769511556
7524,8762,1238,0.1238,0.4390099864721298
7648,8824,1176,0.1176,0.4426402396008372
7580,8790,1210,0.121,0.4488901656521484
7650,8825,1175,0.1175,0.4543718289251172
7320,8660,1340,0.134,0.4577691223918604
7302,8651,1349,0.1349,0.45490994064935947
7878,8939,1061,0.1061,0.44208865487966686
7614,8807,1193,0.1193,0.433162116526645
7546,8773,1227,0.1227,0.4307261112064123
7578,8789,1211,0.1211,0.4283788250617683
7488,8744,1256,0.1256,0.4233453114718663
7668,8834,1166,0.1166,0.4258787471201271
7536,8768,1232,0.1232,0.43100125095844266
7546,8773,1227,0.1227,0.4288738855230158
7696,8848,1152,0.1152,0.43087439153268936
7398,8699,1301,0.1301,0.4473692918883753
7556,8778,1222,0.1222,0.442846682344377
7926,8963,1037,0.1037,0.43630616116821763
7576,8788,1212,0.1212,0.44304241231679914
7618,8809,1191,0.1191,0.430887610090206
7552,8776,1224,0.1224,0.42913285948485136
7654,8827,1173,0.1173,0.4240415463669731
7636,8818,1182,0.1182,0.420745908972621
7678,8839,1161,0.1161,0.41840130757689475
7552,8776,1224,0.1224,0.4214795408770442
7302,8651,1349,0.1349,0.4274489985153079
7536,8768,1232,0.1232,0.42629530181586905
7504,8752,1248,0.1248,0.4434018845647573
7602,8801,1199,0.1199,0.4419065506160259
7666,8833,1167,0.1167,0.44187199597768484
7580,8790,1210,0.121,0.4433359692882746
7722,8861,1139,0.1139,0.4213874464603141
7694,8847,1153,0.1153,0.42021198362485446
7696,8848,1152,0.1152,0.4151170805870497
7384,8692,1308,0.1308,0.4165613618729636
7506,8753,1247,0.1247,0.416009424988928
7910,8955,1045,0.1045,0.40543481561020017
7642,8821,1179,0.1179,0.416704280901148
7442,8721,1279,0.1279,0.4230185456752777
7490,8745,1255,0.1255,0.4330588787943125
7818,8909,1091,0.1091,0.4220967843429811
7654,8827,1173,0.1173,0.42785467416346074
7462,8731,1269,0.1269,0.42882409803271293
7392,8696,1304,0.1304,0.4330538878530264
7480,8740,1260,0.126,0.42534144051969053
7608,8804,1196,0.1196,0.42445774004757403
7532,8766,1234,0.1234,0.4277027402639389
7592,8796,1204,0.1204,0.4284672118484974
7352,8676,1324,0.1324,0.4271736043165496
7596,8798,1202,0.1202,0.4186698868453503
7572,8786,1214,0.1214,0.4199669809284736
7712,8856,1144,0.1144,0.3964470033958554
7768,8884,1116,0.1116,0.39249073207761687
7596,8798,1202,0.1202,0.38941491141170265
7692,8846,1154,0.1154,0.3888821439979907
7656,8828,1172,0.1172,0.3998105246244927
7558,8779,1221,0.1221,0.40409925556480886
7558,8779,1221,0.1221,0.40543420882813214
7656,8828,1172,0.1172,0.4106849336721003
7786,8893,1107,0.1107,0.4211373657405376
7622,8811,1189,0.1189,0.42541133399350217
7532,8766,1234,0.1234,0.42255825512088696
7490,8745,1255,0.1255,0.42198591498881577
7376,8688,1312,0.1312,0.3972273821011186
7400,8700,1300,0.13,0.4001318910337985
7560,8780,1220,0.122,0.3927871100759345
7700,8850,1150,0.115,0.3940697179689085
7538,8769,1231,0.1231,0.40420781625107777
7562,8781,1219,0.1219,0.41117544246315957
7612,8806,1194,0.1194,0.41390199131667615
7400,8700,1300,0.13,0.4185682200971525
7570,8785,1215,0.1215,0.4153936542019248
7476,8738,1262,0.1262,0.4180863081943709
7430,8715,1285,0.1285,0.41064755081012844
7830,8915,1085,0.1085,0.4041621918176301
7526,8763,1237,0.1237,0.3870233504521661
7624,8812,1188,0.1188,0.3883802242218051
7662,8831,1169,0.1169,0.38386206334837714
7692,8846,1154,0.1154,0.37952017349194084
7480,8740,1260,0.126,0.39296826045308264
7436,8718,1282,0.1282,0.3984363452374935
7554,8777,1223,0.1223,0.4044388408392668
7602,8801,1199,0.1199,0.40628088971227405
7454,8727,1273,0.1273,0.43246505996100604
7472,8736,1264,0.1264,0.43026910867877305
7438,8719,1281,0.1281,0.4283591872620629
7546,8773,1227,0.1227,0.4203108565866947
7502,8751,1249,0.1249,0.394092303632386
7612,8806,1194,0.1194,0.388512254571903
7584,8792,1208,0.1208,0.3808348897250185
7686,8843,1157,0.1157,0.3753623376868665
7630,8815,1185,0.1185,0.36981747162267564
7666,8833,1167,0.1167,0.37131007753629236
7498,8749,1251,0.1251,0.3787696938144043
7444,8722,1278,0.1278,0.3821927045693621
7406,8703,1297,0.1297,0.41437779520159895
7614,8807,1193,0.1193,0.41239615923762396
7720,8860,1140,0.114,0.41631770498454573
7696,8848,1152,0.1152,0.41348999347239734
7662,8831,1169,0.1169,0.39881710999213976
7240,8620,1380,0.138,0.39900602497160437
7534,8767,1233,0.1233,0.38985055817365644
7572,8786,1214,0.1214,0.38347492178596687
7602,8801,1199,0.1199,0.37907103892564775
7698,8849,1151,0.1151,0.37857344660499803
7696,8848,1152,0.1152,0.38256271405518055
7524,8762,1238,0.1238,0.3882644033148885
7486,8743,1257,0.1257,0.41314851377606393
7410,8705,1295,0.1295,0.41720935984402896
7454,8727,1273,0.1273,0.4175381767213345
7560,8780,1220,0.122,0.4191452568906825
7596,8798,1202,0.1202,0.41862595934383573
7534,8767,1233,0.1233,0.41793877630592324
7614,8807,1193,0.1193,0.4078524830248556
7538,8769,1231,0.1231,0.4040911329707218
7560,8780,1220,0.122,0.39475799361392855
7430,8715,1285,0.1285,0.3941478716254234
7334,8667,1333,0.1333,0.398513432300475
7680,8840,1160,0.116,0.39737685043662785
7598,8799,1201,0.1201,0.41200568619519473
7498,8749,1251,0.1251,0.4130957963631885
7562,8781,1219,0.1219,0.4130981995910406
7602,8801,1199,0.1199,0.41136571997669524
7644,8822,1178,0.1178,0.4080970158323646
7334,8667,1333,0.1333,0.4112063322082162
7568,8784,1216,0.1216,0.4048750147268176
7710,8855,1145,0.1145,0.3983118268206727
7510,8755,1245,0.1245,0.3905968700453639
7716,8858,1142,0.1142,0.38737695729583504
7562,8781,1219,0.1219,0.38744714140705766
7496,8748,1252,0.1252,0.38723125309693196
7444,8722,1278,0.1278,0.3920444128618925
7592,8796,1204,0.1204,0.39139917996753937
7480,8740,1260,0.126,0.3956443068668246
7632,8816,1184,0.1184,0.39539734653560443
7784,8892,1108,0.1108,0.39276518418000195
7620,8810,1190,0.119,0.3927983404293656
7630,8815,1185,0.1185,0.38798231334388256
7492,8746,1254,0.1254,0.38717328650355337
7556,8778,1222,0.1222,0.37182751228901906
7642,8821,1179,0.1179,0.3699549301208928
7652,8826,1174,0.1174,0.36960184896146864
7542,8771,1229,0.1229,0.370703949271568
7382,8691,1309,0.1309,0.3879007948562503
7444,8722,1278,0.1278,0.3943038346998394
7544,8772,1228,0.1228,0.4003773787325248
7568,8784,1216,0.1216,0.4039835824534297
7522,8761,1239,0.1239,0.4082024995997548
7654,8827,1173,0.1173,0.3989226302227005
7644,8822,1178,0.1178,0.39506134826726047
7578,8789,1211,0.1211,0.38522672676409675
7530,8765,1235,0.1235,0.35648143109462926
7636,8818,1182,0.1182,0.349368119555898
7576,8788,1212,0.1212,0.3528293019423421
7404,8702,1298,0.1298,0.3524616277556061
7630,8815,1185,0.1185,0.3674487807222001
7380,8690,1310,0.131,0.37905950846001507
7686,8843,1157,0.1157,0.38171734189540146
7578,8789,1211,0.1211,0.3891334303706884
7576,8788,1212,0.1212,0.39525771045219155
7574,8787,1213,0.1213,0.3887949940288852
7656,8828,1172,0.1172,0.3813156478010704
7452,8726,1274,0.1274,0.3798160554818809
7498,8749,1251,0.1251,0.3639310849420726
7616,8808,1192,0.1192,0.3564502896249294
7518,8759,1241,0.1241,0.36196381983193116
7760,8880,1120,0.112,0.3621161026399117
7438,8719,1281,0.1281,0.3815427020578645
7674,8837,1163,0.1163,0.388475168736279
7634,8817,1183,0.1183,0.3862523030684973
7658,8829,1171,0.1171,0.3923212010622025
7564,8782,1218,0.1218,0.3971113429889877
7468,8734,1266,0.1266,0.39680460068657997
7670,8835,1165,0.1165,0.388423020553212
7712,8856,1144,0.1144,0.387979740782833
7542,8771,1229,0.1229,0.37878025089725853
7512,8756,1244,0.1244,0.3788742859670892
7612,8806,1194,0.1194,0.37516989736109974
7376,8688,1312,0.1312,0.3840721865715459
7614,8807,1193,0.1193,0.3955824291959405
7564,8782,1218,0.1218,0.40171374086141604
7724,8862,1138,0.1138,0.3942830527480226
7742,8871,1129,0.1129,0.39550290980637076
7706,8853,1147,0.1147,0.3743217030085623
7654,8827,1173,0.1173,0.3614011517929146
7602,8801,1199,0.1199,0.3529672557576263
7666,8833,1167,0.1167,0.34616645541265606
7498,8749,1251,0.1251,0.3454970062413133
7558,8779,1221,0.1221,0.3527153333244727
7596,8798,1202,0.1202,0.35297814984470605
7506,8753,1247,0.1247,0.36241673503903404
7498,8749,1251,0.1251,0.38119300687443103
7800,8900,1100,0.11,0.3790034948259592
7726,8863,1137,0.1137,0.37817115817815167
7502,8751,1249,0.1249,0.3793102732318686
7694,8847,1153,0.1153,0.3499103920034613
7852,8926,1074,0.1074,0.33001597135663263
7640,8820,1180,0.118,0.3277063435323536
7522,8761,1239,0.1239,0.32257013263544065
7608,8804,1196,0.1196,0.3154597546086391
7728,8864,1136,0.1136,0.3151225900247697
7608,8804,1196,0.1196,0.3227941910803318
7712,8856,1144,0.1144,0.32758032942414284
7402,8701,1299,0.1299,0.3613248832489033
7482,8741,1259,0.1259,0.36657857844121755
7528,8764,1236,0.1236,0.3670607627220469
7526,8763,1237,0.1237,0.3692715569153428
7408,8704,1296,0.1296,0.3579444833210541
7600,8800,1200,0.12,0.3421620819620658
7670,8835,1165,0.1165,0.3353967661206028
7660,8830,1170,0.117,0.3260454369006562
7670,8835,1165,0.1165,0.3047527173393406
7656,8828,1172,0.1172,0.30032375510325654
7668,8834,1166,0.1166,0.2984675288342376
7694,8847,1153,0.1153,0.2995373259719461
7678,8839,1161,0.1161,0.3101734942149313
7614,8807,1193,0.1193,0.32027977257880685
7574,8787,1213,0.1213,0.3219229032427072
7676,8838,1162,0.1162,0.3167370844095945
7708,8854,1146,0.1146,0.32198456037200524
7634,8817,1183,0.1183,0.3197647374782711
7768,8884,1116,0.1116,0.31626011493578554
7602,8801,1199,0.1199,0.31481652508080005
7500,8750,1250,0.125,0.29573355291485787
7652,8826,1174,0.1174,0.2891071979049806
7452,8726,1274,0.1274,0.29013939622193574
7612,8806,1194,0.1194,0.28642150305882097
7518,8759,1241,0.1241,0.29522594748958947
7592,8796,1204,0.1204,0.29839545674321205
7502,8751,1249,0.1249,0.3031874976683606
7604,8802,1198,0.1198,0.3028278748944402
7576,8788,1212,0.1212,0.3063611959990204
7568,8784,1216,0.1216,0.30566042746173344
7552,8776,1224,0.1224,0.30231734203920557
7800,8900,1100,0.11,0.29399039804882
7594,8797,1203,0.1203,0.2801920034828696
7550,8775,1225,0.1225,0.2736904330445665
7394,8697,1303,0.1303,0.2762729118779302
7330,8665,1335,0.1335,0.2703598996073008
7752,8876,1124,0.1124,0.27013520875424146
7582,8791,1209,0.1209,0.27877947056889535
7564,8782,1218,0.1218,0.28308570061549543
7552,8776,1224,0.1224,0.2810593545077173
7606,8803,1197,0.1197,0.2813223538185106
7628,8814,1186,0.1186,0.27678251583101227
7616,8808,1192,0.1192,0.2774993968101323
7616,8808,1192,0.1192,0.27505707595684215
7492,8746,1254,0.1254,0.2620799809977412
7524,8762,1238,0.1238,0.25494090513661505
7780,8890,1110,0.111,0.24895203683935105
7688,8844,1156,0.1156,0.24873925393521787
7766,8883,1117,0.1117,0.24370690098271233
7760,8880,1120,0.112,0.24570228740219027
7528,8764,1236,0.1236,0.24861291508974973
7618,8809,1191,0.1191,0.25081561334454455
7674,8837,1163,0.1163,0.25568192979097365
7628,8814,1186,0.1186,0.25853421704098584
7620,8810,1190,0.119,0.26207165510701014
7506,8753,1247,0.1247,0.2635814226943345
7554,8777,1223,0.1223,0.2638799521472924
7428,8714,1286,0.1286,0.26574116584146396
7766,8883,1117,0.1117,0.26106698699593545
7740,8870,1130,0.113,0.25982451876754203
7574,8787,1213,0.1213,0.24928166212800387
7704,8852,1148,0.1148,0.24062901599258185
7472,8736,1264,0.1264,0.24025886693116336
7492,8746,1254,0.1254,0.23853743619993328
7692,8846,1154,0.1154,0.2412702075448849
7438,8719,1281,0.1281,0.2500033881224692
7558,8779,1221,0.1221,0.25439412683595436
7466,8733,1267,0.1267,0.2576572157934308
7438,8719,1281,0.1281,0.27494856534190476
7654,8827,1173,0.1173,0.275524187541008
7534,8767,1233,0.1233,0.2786516714990139
7484,8742,1258,0.1258,0.2783988767873496
7572,8786,1214,0.1214,0.2673781337812543
7656,8828,1172,0.1172,0.24499682641006074
7818,8909,1091,0.1091,0.23898727741241454
7572,8786,1214,0.1214,0.23597421029955176
7670,8835,1165,0.1165,0.2270295127237998
7772,8886,1114,0.1114,0.22880792460814117
7484,8742,1258,0.1258,0.2369404839873314
7666,8833,1167,0.1167,0.24355734628979325
7614,8807,1193,0.1193,0.27121363541745813
7576,8788,1212,0.1212,0.27559811350926755
7648,8824,1176,0.1176,0.27529540615116127
7746,8873,1127,0.1127,0.2770825791658368
7328,8664,1336,0.1336,0.2687230020816438
7578,8789,1211,0.1211,0.25901698823086916
7406,8703,1297,0.1297,0.2591432321300665
7768,8884,1116,0.1116,0.25298787704482456
7536,8768,1232,0.1232,0.26558345114775
7608,8804,1196,0.1196,0.27094238143417987
7606,8803,1197,0.1197,0.272342383365985
7588,8794,1206,0.1206,0.27367569957353927
7560,8780,1220,0.122,0.2792076518486952
7600,8800,1200,0.12,0.2737066428937018
7682,8841,1159,0.1159,0.2699407411977649
7544,8772,1228,0.1228,0.26652085374966267
7444,8722,1278,0.1278,0.26105438708718864
7614,8807,1193,0.1193,0.2572823481075466
7674,8837,1163,0.1163,0.2559979098210402
7746,8873,1127,0.1127,0.2563715289781402
7674,8837,1163,0.1163,0.26346963926889
7644,8822,1178,0.1178,0.26457454008081605
7666,8833,1167,0.1167,0.26252391528747976
7444,8722,1278,0.1278,0.26760941216516076
7590,8795,1205,0.1205,0.27024621612669
7360,8680,1320,0.132,0.2778248442903161
7602,8801,1199,0.1199,0.2722442759118974
7570,8785,1215,0.1215,0.27634913378208875
7884,8942,1058,0.1058,0.2612771266490221
7760,8880,1120,0.112,0.25199551755990834
7638,8819,1181,0.1181,0.25583469114307056
7602,8801,1199,0.1199,0.2450988063051351
7622,8811,1189,0.1189,0.23683545470820971
7744,8872,1128,0.1128,0.2341048741653707
7814,8907,1093,0.1093,0.23701721605333714
7514,8757,1243,0.1243,0.2431958048850298
7692,8846,1154,0.1154,0.2561301978677511
7388,8694,1306,0.1306,0.2704842702552676
7528,8764,1236,0.1236,0.2708278933048248
7382,8691,1309,0.1309,0.27523601377850954
7558,8779,1221,0.1221,0.27418774314373734
7608,8804,1196,0.1196,0.2675910240133817
7546,8773,1227,0.1227,0.26694894953519105
7662,8831,1169,0.1169,0.26112788359820843
7558,8779,1221,0.1221,0.24669001873542729
7682,8841,1159,0.1159,0.2430902430122136
7844,8922,1078,0.1078,0.23942182007143273
7594,8797,1203,0.1203,0.24480714485721256
7500,8750,1250,0.125,0.24952210112065076
7668,8834,1166,0.1166,0.2521211038991809
7734,8867,1133,0.1133,0.2534009758470162
7460,8730,1270,0.127,0.2616220123484731
7538,8769,1231,0.1231,0.2692263463030569
7606,8803,1197,0.1197,0.27278916531018915
7526,8763,1237,0.1237,0.27852905217558144
7622,8811,1189,0.1189,0.27526978578029876
7468,8734,1266,0.1266,0.2724346248758957
7720,8860,1140,0.114,0.26142437969655796
7566,8783,1217,0.1217,0.258877420078963
7820,8910,1090,0.109,0.25005065833752715
7586,8793,1207,0.1207,0.24647143834158777
7422,8711,1289,0.1289,0.25009982877783477
7646,8823,1177,0.1177,0.25005905300522574
7324,8662,1338,0.1338,0.26005729251876475
7678,8839,1161,0.1161,0.2805849364881553
7640,8820,1180,0.118,0.28868378391116856
7480,8740,1260,0.126,0.2946027001508024
7662,8831,1169,0.1169,0.2927747419111324
7770,8885,1115,0.1115,0.2837430425664701
7768,8884,1116,0.1116,0.27650265282914044
7592,8796,1204,0.1204,0.2757772731706973
7502,8751,1249,0.1249,0.27076989923746153
7490,8745,1255,0.1255,0.2655351292140549
7690,8845,1155,0.1155,0.27143684510115246
7648,8824,1176,0.1176,0.2780043132171035
7248,8624,1376,0.1376,0.29220364498347046
7682,8841,1159,0.1159,0.30870241558998823
7630,8815,1185,0.1185,0.3186121874306351
7522,8761,1239,0.1239,0.3182403772452084
7798,8899,1101,0.1101,0.3146928763538599
7580,8790,1210,0.121,0.30396523979604245
7556,8778,1222,0.1222,0.295110741059364
7570,8785,1215,0.1215,0.28789501814693214
7652,8826,1174,0.1174,0.28525215730044584
7608,8804,1196,0.1196,0.2898659430127766
7688,8844,1156,0.1156,0.2947901754617691
7534,8767,1233,0.1233,0.3064276157602668
7628,8814,1186,0.1186,0.30765075482638965
7692,8846,1154,0.1154,0.32706560711413624
7690,8845,1155,0.1155,0.32398569118279846
7650,8825,1175,0.1175,0.3269859501436353
7522,8761,1239,0.1239,0.32779410268995385
7686,8843,1157,0.1157,0.3061665345033459
7792,8896,1104,0.1104,0.29347296761089237
7500,8750,1250,0.125,0.29234217017516495
7668,8834,1166,0.1166,0.28639129512113615
7714,8857,1143,0.1143,0.2789659490913181
7520,8760,1240,0.124,0.2869685865968466
7696,8848,1152,0.1152,0.28920287636071446
7358,8679,1321,0.1321,0.2950662277295875
7352,8676,1324,0.1324,0.30920292958989737
7684,8842,1158,0.1158,0.3092779180492808
7632,8816,1184,0.1184,0.3107203474722803
7564,8782,1218,0.1218,0.30757584103867414
7516,8758,1242,0.1242,0.2931974136759993
7432,8716,1284,0.1284,0.2815398343259762
7574,8787,1213,0.1213,0.27484143736041095
7828,8914,1086,0.1086,0.2694628802316729
7722,8861,1139,0.1139,0.26599183030189016
7592,8796,1204,0.1204,0.2739834508664906
7658,8829,1171,0.1171,0.2733406376903644
7534,8767,1233,0.1233,0.2761490392236854
7646,8823,1177,0.1177,0.28712027172371746
7482,8741,1259,0.1259,0.2969124200065329
7508,8754,1246,0.1246,0.2965271049544885
7622,8811,1189,0.1189,0.29593541090637443
7788,8894,1106,0.1106,0.28323072340637445
7646,8823,1177,0.1177,0.2775887313634157
7678,8839,1161,0.1161,0.2750538090752263
7480,8740,1260,0.126,0.2725294138975209
7854,8927,1073,0.1073,0.2573810675043613
7448,8724,1276,0.1276,0.2640712357223034
7654,8827,1173,0.1173,0.2636620152992196
7776,8888,1112,0.1112,0.26434051750525833
7564,8782,1218,0.1218,0.2812221215021509
7516,8758,1242,0.1242,0.2911930442750454
7424,8712,1288,0.1288,0.29545648947805164
7638,8819,1181,0.1181,0.2916941236903891
7544,8772,1228,0.1228,0.29403367842175065
7588,8794,1206,0.1206,0.287114163819327
7666,8833,1167,0.1167,0.2806191763713956
7648,8824,1176,0.1176,0.2769649727120996
7724,8862,1138,0.1138,0.25213291215449574
7576,8788,1212,0.1212,0.24758513133823873
7558,8779,1221,0.1221,0.24453176836435633
7848,8924,1076,0.1076,0.24038154919929802
7592,8796,1204,0.1204,0.2493273819193244
7502,8751,1249,0.1249,0.2650480279035866
7886,8943,1057,0.1057,0.2607495748238083
7472,8736,1264,0.1264,0.2689732712812722
7380,8690,1310,0.131,0.27928753121941347
7770,8885,1115,0.1115,0.2711838253580034
7528,8764,1236,0.1236,0.2695295392431309
7504,8752,1248,0.1248,0.26762305737503045
7888,8944,1056,0.1056,0.24805256955325602
7150,8575,1425,0.1425,0.24666018209043686
7568,8784,1216,0.1216,0.2387834839397169
7654,8827,1173,0.1173,0.23546111526270397
7542,8771,1229,0.1229,0.24199314975892194
7758,8879,1121,0.1121,0.25093147084210066
7414,8707,1293,0.1293,0.25741282660281284
7650,8825,1175,0.1175,0.25883674768038
7518,8759,1241,0.1241,0.266807999825757
7726,8863,1137,0.1137,0.26512921570800224
7312,8656,1344,0.1344,0.2714353881346993
7584,8792,1208,0.1208,0.2647774048924446
7628,8814,1186,0.1186,0.26445855141887814
7388,8694,1306,0.1306,0.2718850882807747
7698,8849,1151,0.1151,0.26556673311442136
7378,8689,1311,0.1311,0.2722551452703774
7464,8732,1268,0.1268,0.2773976483181119
7666,8833,1167,0.1167,0.2766199590143009
7682,8841,1159,0.1159,0.27413304344937206
7502,8751,1249,0.1249,0.27729760544016013
7518,8759,1241,0.1241,0.27824401010554695
7644,8822,1178,0.1178,0.2718169346749317
7588,8794,1206,0.1206,0.27500960393548013
7474,8737,1263,0.1263,0.2792353524289356
7650,8825,1175,0.1175,0.2836014791890979
7648,8824,1176,0.1176,0.28752379099056125
7550,8775,1225,0.1225,0.2926177411128767
7546,8773,1227,0.1227,0.2964815474802955
7756,8878,1122,0.1122,0.2999587269600481
7566,8783,1217,0.1217,0.30710566992908717
7418,8709,1291,0.1291,0.3073784840434615
7646,8823,1177,0.1177,0.3077276222892555
7562,8781,1219,0.1219,0.31349246891140936
7538,8769,1231,0.1231,0.3170671575996792
7634,8817,1183,0.1183,0.3193857898569491
7488,8744,1256,0.1256,0.3216532444726676
7638,8819,1181,0.1181,0.32096319163292647
7778,8889,1111,0.1111,0.3154491703773114
7532,8766,1234,0.1234,0.3175843270531681
7640,8820,1180,0.118,0.317524286946957
7510,8755,1245,0.1245,0.31880127185882884
7638,8819,1181,0.1181,0.32269305186167935
7628,8814,1186,0.1186,0.32356129014603796
7542,8771,1229,0.1229,0.32765348495450247
7566,8783,1217,0.1217,0.3359606202802339
7498,8749,1251,0.1251,0.3372772661826083
7546,8773,1227,0.1227,0.3368838185738772
7608,8804,1196,0.1196,0.3366463062203255
7528,8764,1236,0.1236,0.33494386164150786
7622,8811,1189,0.1189,0.33108148835624873
7622,8811,1189,0.1189,0.33130157785327174
7622,8811,1189,0.1189,0.326817432397653
7636,8818,1182,0.1182,0.3206993022993207
7602,8801,1199,0.1199,0.31955079661313357
7482,8741,1259,0.1259,0.3193127033726358
7816,8908,1092,0.1092,0.31413916242141277
7582,8791,1209,0.1209,0.32222801349656655
7514,8757,1243,0.1243,0.33117977715404706
7722,8861,1139,0.1139,0.32982089903369066
7734,8867,1133,0.1133,0.33212364434301855
7450,8725,1275,0.1275,0.34216515227928757
7492,8746,1254,0.1254,0.3447210026049905
7428,8714,1286,0.1286,0.3482765599414706
7550,8775,1225,0.1225,0.3495449361076113
7590,8795,1205,0.1205,0.36537845998864116
7754,8877,1123,0.1123,0.3732156392560807
7572,8786,1214,0.1214,0.3772218282923189
7592,8796,1204,0.1204,0.3747198446061462
7446,8723,1277,0.1277,0.36851644955384544
7768,8884,1116,0.1116,0.35373001080192634
7504,8752,1248,0.1248,0.3610263778956501
7656,8828,1172,0.1172,0.35992931918725374
7444,8722,1278,0.1278,0.3640048409753409
7522,8761,1239,0.1239,0.37737656032918004
7630,8815,1185,0.1185,0.3675166276938748
7564,8782,1218,0.1218,0.38227187685274405
7602,8801,1199,0.1199,0.396237230951092
7530,8765,1235,0.1235,0.4037830260385029
7612,8806,1194,0.1194,0.4003653913580139
7284,8642,1358,0.1358,0.40739320319004996
7530,8765,1235,0.1235,0.40475265697538854
7506,8753,1247,0.1247,0.4012227076411247
7456,8728,1272,0.1272,0.40348534899471267
7434,8717,1283,0.1283,0.4025958477497101
7400,8700,1300,0.13,0.40809676472164286
7626,8813,1187,0.1187,0.4059251437789232
7508,8754,1246,0.1246,0.4101154766513732
7500,8750,1250,0.125,0.40628427166645437
7378,8689,1311,0.1311,0.4065990474201422
7492,8746,1254,0.1254,0.40379774747909397
7486,8743,1257,0.1257,0.40719535676165314
7594,8797,1203,0.1203,0.40558793401434085
7466,8733,1267,0.1267,0.41091889173984525
7428,8714,1286,0.1286,0.4116270717186986
7580,8790,1210,0.121,0.4124972818401584
7690,8845,1155,0.1155,0.40942456360767837
7578,8789,1211,0.1211,0.40656202941201625
7588,8794,1206,0.1206,0.4035529732109426
7728,8864,1136,0.1136,0.4002239741791453
7492,8746,1254,0.1254,0.39793131613779625
7660,8830,1170,0.117,0.39350650117844344
7738,8869,1131,0.1131,0.3883579774811864
7666,8833,1167,0.1167,0.3912836966305971
7718,8859,1141,0.1141,0.38886443123389036
7548,8774,1226,0.1226,0.39293841024359905
7758,8879,1121,0.1121,0.39166552151441575
7546,8773,1227,0.1227,0.3946831478380598
7464,8732,1268,0.1268,0.39766126739084723
7686,8843,1157,0.1157,0.39326125469878315
7610,8805,1195,0.1195,0.3877495699404666
7478,8739,1261,0.1261,0.38666653476777146
7428,8714,1286,0.1286,0.38783828372678253
7508,8754,1246,0.1246,0.3832951689242049
7528,8764,1236,0.1236,0.38454186387548106
7658,8829,1171,0.1171,0.38464343557105224
7634,8817,1183,0.1183,0.38595094831543975
7668,8834,1166,0.1166,0.3835235531955957
7606,8803,1197,0.1197,0.3846030675692484
7550,8775,1225,0.1225,0.38543941283524036
7654,8827,1173,0.1173,0.38187358333240834
7542,8771,1229,0.1229,0.3814279872578456
7604,8802,1198,0.1198,0.37940191070528206
7586,8793,1207,0.1207,0.3801633654400706
7530,8765,1235,0.1235,0.3771714764424128
7624,8812,1188,0.1188,0.3738546443983912
7518,8759,1241,0.1241,0.37078526028399356
7490,8745,1255,0.1255,0.3698461507914937
7526,8763,1237,0.1237,0.3664716297910054
7612,8806,1194,0.1194,0.35898546527187575
7632,8816,1184,0.1184,0.3566676508888602
7648,8824,1176,0.1176,0.35749761079363523
7350,8675,1325,0.1325,0.3584649322438054
7752,8876,1124,0.1124,0.352231051954519
7628,8814,1186,0.1186,0.35014643243327737
7728,8864,1136,0.1136,0.3441686528809607
7608,8804,1196,0.1196,0.3420734484453686
7666,8833,1167,0.1167,0.3287283442527085
7720,8860,1140,0.114,0.3255882461540401
7394,8697,1303,0.1303,0.33439516664397306
7496,8748,1252,0.1252,0.33498187277913277
7516,8758,1242,0.1242,0.34921637306498526
7530,8765,1235,0.1235,0.3666315707191825
7594,8797,1203,0.1203,0.3757551090255729
7570,8785,1215,0.1215,0.3802727005586028
7618,8809,1191,0.1191,0.3798204230333678
7546,8773,1227,0.1227,0.37673264687028757
7512,8756,1244,0.1244,0.37242207359820606
7510,8755,1245,0.1245,0.36338438007086515
7704,8852,1148,0.1148,0.3482604011580596
7638,8819,1181,0.1181,0.3477586667478085
7594,8797,1203,0.1203,0.35035843412429096
7718,8859,1141,0.1141,0.35061102236896163
7576,8788,1212,0.1212,0.3617144095744125
7524,8762,1238,0.1238,0.3770397246748209
7534,8767,1233,0.1233,0.38340331522978377
7562,8781,1219,0.1219,0.38924297257189117
7630,8815,1185,0.1185,0.39705448412569205
7568,8784,1216,0.1216,0.40093508066123457
7460,8730,1270,0.127,0.40027782323881983
7456,8728,1272,0.1272,0.40085698549477383
7598,8799,1201,0.1201,0.395689945138684
7658,8829,1171,0.1171,0.39511747885495424
7412,8706,1294,0.1294,0.3982719358889386
7642,8821,1179,0.1179,0.396541228866126
7616,8808,1192,0.1192,0.39950058891177176
7446,8723,1277,0.1277,0.4075391122100409
7528,8764,1236,0.1236,0.4095001279085875
7388,8694,1306,0.1306,0.4124280783265829
7336,8668,1332,0.1332,0.42256388389766214
7454,8727,1273,0.1273,0.42791722888350486
7510,8755,1245,0.1245,0.4284002604796551
7518,8759,1241,0.1241,0.42985548153398556
7492,8746,1254,0.1254,0.4251704933792353
7764,8882,1118,0.1118,0.4086026547585299
7616,8808,1192,0.1192,0.40211387331914156
7478,8739,1261,0.1261,0.3974950754152087
7578,8789,1211,0.1211,0.3830496190978447
7618,8809,1191,0.1191,0.3756658819497563
7636,8818,1182,0.1182,0.3769175189817821
7492,8746,1254,0.1254,0.38139330158039897
7566,8783,1217,0.1217,0.39364964820034803
7536,8768,1232,0.1232,0.407471191685088
7700,8850,1150,0.115,0.4100469600263983
7730,8865,1135,0.1135,0.4140099754329298
7658,8829,1171,0.1171,0.4120752640604981
7588,8794,1206,0.1206,0.40234282603670146
7628,8814,1186,0.1186,0.3933373635739088
7616,8808,1192,0.1192,0.38802979693263767
7632,8816,1184,0.1184,0.37515067285404075
7762,8881,1119,0.1119,0.36702920313477516
7674,8837,1163,0.1163,0.36964023589834977
7628,8814,1186,0.1186,0.3711690154261887
7474,8737,1263,0.1263,0.3838273007607596
7648,8824,1176,0.1176,0.39234605069458484
7674,8837,1163,0.1163,0.38909513368913906
7462,8731,1269,0.1269,0.3977152618727647
7602,8801,1199,0.1199,0.3977204839259386
7608,8804,1196,0.1196,0.3931884638979114
7502,8751,1249,0.1249,0.3927385902038659
7602,8801,1199,0.1199,0.38043630938455464
7548,8774,1226,0.1226,0.36595322027765215
7652,8826,1174,0.1174,0.347501613340521
7878,8939,1061,0.1061,0.34618751788288354
7786,8893,1107,0.1107,0.3414898860037327
7672,8836,1164,0.1164,0.3392692937685203
7596,8798,1202,0.1202,0.33912963062971835
7706,8853,1147,0.1147,0.3374805465981364
7528,8764,1236,0.1236,0.3480000565320253
7594,8797,1203,0.1203,0.34807536128079664
7680,8840,1160,0.116,0.34215030712289735
7584,8792,1208,0.1208,0.3408935687666884
7594,8797,1203,0.1203,0.3377094111075625
7404,8702,1298,0.1298,0.3349319807305932
7678,8839,1161,0.1161,0.32124702014706175
7686,8843,1157,0.1157,0.3191587363291943
7438,8719,1281,0.1281,0.32064412183205193
7632,8816,1184,0.1184,0.31516289213374254
7596,8798,1202,0.1202,0.30670228441641884
7640,8820,1180,0.118,0.30544767441693693
7546,8773,1227,0.1227,0.30833920969124884
7580,8790,1210,0.121,0.3105962990269065
7544,8772,1228,0.1228,0.31134481674432757
7580,8790,1210,0.121,0.31171420975625513
7610,8805,1195,0.1195,0.3114921539564227
7224,8612,1388,0.1388,0.3101642971890928
7806,8903,1097,0.1097,0.28937930453455935
7478,8739,1261,0.1261,0.29024365724772216
7634,8817,1183,0.1183,0.2843884962283075
7542,8771,1229,0.1229,0.282287273418206
7394,8697,1303,0.1303,0.27954289285743145
7594,8797,1203,0.1203,0.27586862652599814
7554,8777,1223,0.1223,0.27822150039710103
7534,8767,1233,0.1233,0.2824277621231974
7738,8869,1131,0.1131,0.2787409831911331
7576,8788,1212,0.1212,0.27918572842134165
7654,8827,1173,0.1173,0.2764731225787717
7782,8891,1109,0.1109,0.27299047993798015
7426,8713,1287,0.1287,0.2768957680961379
7772,8886,1114,0.1114,0.26985847541615365
7670,8835,1165,0.1165,0.27301616050698796
7598,8799,1201,0.1201,0.27571088437272406
7618,8809,1191,0.1191,0.2888501871527755
7510,8755,1245,0.1245,0.2883978250180138
7666,8833,1167,0.1167,0.2920855109740922
7648,8824,1176,0.1176,0.29539173910319805
7410,8705,1295,0.1295,0.30280087197870015
7702,8851,1149,0.1149,0.29375247258618475
7528,8764,1236,0.1236,0.2947773087058406
7820,8910,1090,0.109,0.2860952690169215
7704,8852,1148,0.1148,0.27992518162578345
7906,8953,1047,0.1047,0.2737485081232945
7706,8853,1147,0.1147,0.27639832304641604
7620,8810,1190,0.119,0.27168183219535375
7596,8798,1202,0.1202,0.28238389967813654
7796,8898,1102,0.1102,0.27979298188519314
7632,8816,1184,0.1184,0.2898889449435286
7428,8714,1286,0.1286,0.30353438757174805
7570,8785,1215,0.1215,0.3164716586843133
7510,8755,1245,0.1245,0.31634964688746625
7674,8837,1163,0.1163,0.3168429760543164
7496,8748,1252,0.1252,0.3155442781046033
7626,8813,1187,0.1187,0.3026994866408408
7774,8887,1113,0.1113,0.29439808759763836
7724,8862,1138,0.1138,0.2922512734040618
7652,8826,1174,0.1174,0.28588401962853965
7592,8796,1204,0.1204,0.2817825293921198
7390,8695,1305,0.1305,0.2839386546786409
7508,8754,1246,0.1246,0.2861521435242183
7656,8828,1172,0.1172,0.29775966524678515
7482,8741,1259,0.1259,0.3196155012100935
7686,8843,1157,0.1157,0.3186810914233327
7562,8781,1219,0.1219,0.3228099205121398
7612,8806,1194,0.1194,0.31651090636998414
7396,8698,1302,0.1302,0.3037506784802061
7674,8837,1163,0.1163,0.29214569723866063
7474,8737,1263,0.1263,0.287649321372807
7504,8752,1248,0.1248,0.2721015344589949
7554,8777,1223,0.1223,0.2650443036288023
7476,8738,1262,0.1262,0.266572316737369
7474,8737,1263,0.1263,0.26823731180615723
7502,8751,1249,0.1249,0.27406273847892915
7448,8724,1276,0.1276,0.28314218447206074
7634,8817,1183,0.1183,0.2791919009170495
7540,8770,1230,0.123,0.28049481888040967
7470,8735,1265,0.1265,0.27075419329091527
7742,8871,1129,0.1129,0.2500677285185084
7510,8755,1245,0.1245,0.24711914328073717
7688,8844,1156,0.1156,0.23885302267305086
7654,8827,1173,0.1173,0.23305653073714197
7464,8732,1268,0.1268,0.22860767685612662
7680,8840,1160,0.116,0.22671246976055554
7530,8765,1235,0.1235,0.23178957270607353
7644,8822,1178,0.1178,0.24118381188843752
7478,8739,1261,0.1261,0.2586085234001279
7468,8734,1266,0.1266,0.2602644097504786
7598,8799,1201,0.1201,0.2618379587135161
7408,8704,1296,0.1296,0.26865480318516494
7750,8875,1125,0.1125,0.2612551127165556
7566,8783,1217,0.1217,0.26213135135327237
7540,8770,1230,0.123,0.25740500969148405
7426,8713,1287,0.1287,0.25652772864587603
7562,8781,1219,0.1219,0.25212496009332824
7636,8818,1182,0.1182,0.25313469517259685
7656,8828,1172,0.1172,0.25393753984251527
7726,8863,1137,0.1137,0.2629314872738323
7630,8815,1185,0.1185,0.26806874737143516
7692,8846,1154,0.1154,0.2678750827409327
7734,8867,1133,0.1133,0.26729949131458997
7600,8800,1200,0.12,0.26981779815764045
7518,8759,1241,0.1241,0.27124420081591233
7522,8761,1239,0.1239,0.27013279852690464
7654,8827,1173,0.1173,0.26892187572661785
7448,8724,1276,0.1276,0.27682243972197174
7674,8837,1163,0.1163,0.2830743317693472
7474,8737,1263,0.1263,0.28452630699445725
7540,8770,1230,0.123,0.28682647110257575
7672,8836,1164,0.1164,0.2883978812882211
7802,8901,1099,0.1099,0.2845705288179219
7494,8747,1253,0.1253,0.2894179547923792
7352,8676,1324,0.1324,0.2891817062580633
7626,8813,1187,0.1187,0.28602291844892824
7358,8679,1321,0.1321,0.2926988338782946
7524,8762,1238,0.1238,0.29528711811043323
7712,8856,1144,0.1144,0.29345819035694004
7600,8800,1200,0.12,0.30117186306165383
7730,8865,1135,0.1135,0.3003969645052347
7532,8766,1234,0.1234,0.30331232709229833
7694,8847,1153,0.1153,0.294504719632864
7542,8771,1229,0.1229,0.29547643390290906
7642,8821,1179,0.1179,0.2842190770804108
7672,8836,1164,0.1164,0.2853551280531403
7756,8878,1122,0.1122,0.2822093826772169
7646,8823,1177,0.1177,0.28799523103851826
7514,8757,1243,0.1243,0.2935618520349264
7586,8793,1207,0.1207,0.29347069226882194
7634,8817,1183,0.1183,0.2971047136679292
7594,8797,1203,0.1203,0.3012895152635872
7742,8871,1129,0.1129,0.29874376147939546
7506,8753,1247,0.1247,0.3022087547272444
7648,8824,1176,0.1176,0.29754606507401915
7680,8840,1160,0.116,0.29257273468410133
7654,8827,1173,0.1173,0.2884714024305631
7618,8809,1191,0.1191,0.2898204431486316
7604,8802,1198,0.1198,0.28819919502856467
7506,8753,1247,0.1247,0.292599429363254
7472,8736,1264,0.1264,0.29557555000437424
7594,8797,1203,0.1203,0.29593308598920703
7572,8786,1214,0.1214,0.2954042915728423
7500,8750,1250,0.125,0.29499205194618555
7616,8808,1192,0.1192,0.2838964755500667
7542,8771,1229,0.1229,0.280128843566319
7544,8772,1228,0.1228,0.27714820788400246
7610,8805,1195,0.1195,0.2711588458750397
7538,8769,1231,0.1231,0.2703256945770234
7342,8671,1329,0.1329,0.2749097689213697
7632,8816,1184,0.1184,0.27307608288901103
7562,8781,1219,0.1219,0.27693886901885273
7726,8863,1137,0.1137,0.28252723070080477
7664,8832,1168,0.1168,0.2829852755909786
7574,8787,1213,0.1213,0.28174399303641257
7598,8799,1201,0.1201,0.2810058621788543
7748,8874,1126,0.1126,0.27542746844887733
7568,8784,1216,0.1216,0.279204184127599
7564,8782,1218,0.1218,0.2783989898310974
7590,8795,1205,0.1205,0.2778484993797727
7764,8882,1118,0.1118,0.2781349070608616
7574,8787,1213,0.1213,0.28396648005722097
7428,8714,1286,0.1286,0.28706993984766305
7508,8754,1246,0.1246,0.28798325603609265
7588,8794,1206,0.1206,0.29023321460932494
7736,8868,1132,0.1132,0.28942372496593377
7478,8739,1261,0.1261,0.29510395503053444
7544,8772,1228,0.1228,0.2933615313666465
7440,8720,1280,0.128,0.2947782809988557
7604,8802,1198,0.1198,0.2932762067483738
7948,8974,1026,0.1026,0.28953384258515724
7374,8687,1313,0.1313,0.2964808983370662
7590,8795,1205,0.1205,0.2942468753117892
7606,8803,1197,0.1197,0.29373465041978086
7698,8849,1151,0.1151,0.2916608033709228
7732,8866,1134,0.1134,0.2933740750573576
7600,8800,1200,0.12,0.29212513134435286
7686,8843,1157,0.1157,0.2893860986201556
7382,8691,1309,0.1309,0.29345040179491044
7768,8884,1116,0.1116,0.29000920931075685
7526,8763,1237,0.1237,0.30316368358060725
7504,8752,1248,0.1248,0.3055034497914002
7524,8762,1238,0.1238,0.30633677281487615
7594,8797,1203,0.1203,0.31016723379386824
7534,8767,1233,0.1233,0.31809748384580017
7446,8723,1277,0.1277,0.3176661345611792
7646,8823,1177,0.1177,0.3154607386108488
7648,8824,1176,0.1176,0.30730834902939386
7468,8734,1266,0.1266,0.288481140706139
7504,8752,1248,0.1248,0.2861686942949076
7516,8758,1242,0.1242,0.2839546757751098
7664,8832,1168,0.1168,0.27466052011228165
7602,8801,1199,0.1199,0.27028837907537817
7688,8844,1156,0.1156,0.26952688147723675
7546,8773,1227,0.1227,0.27051553602516654
7592,8796,1204,0.1204,0.2668700950691125
7676,8838,1162,0.1162,0.26395508189089595
7454,8727,1273,0.1273,0.26745517448857437
7574,8787,1213,0.1213,0.26639882522616537
7276,8638,1362,0.1362,0.2728802599810064
7478,8739,1261,0.1261,0.2838789471656084
7570,8785,1215,0.1215,0.28389947292529977
7532,8766,1234,0.1234,0.28637640872802583
7530,8765,1235,0.1235,0.2843440773740411
7684,8842,1158,0.1158,0.2592701755609365
7668,8834,1166,0.1166,0.256794137286605
7728,8864,1136,0.1136,0.25134059095292133
7756,8878,1122,0.1122,0.24526280165947975
7702,8851,1149,0.1149,0.23760339542140718
7710,8855,1145,0.1145,0.24026920929923654
7444,8722,1278,0.1278,0.24493588575394823
7782,8891,1109,0.1109,0.24618612595892136
7528,8764,1236,0.1236,0.2854132977309637
7376,8688,1312,0.1312,0.2872332906471565
7624,8812,1188,0.1188,0.28760837595943595
7586,8793,1207,0.1207,0.2885770357426838
7532,8766,1234,0.1234,0.2819381053779274
7632,8816,1184,0.1184,0.28155073452442886
7710,8855,1145,0.1145,0.2777309409126639
7506,8753,1247,0.1247,0.2766302125533957
7392,8696,1304,0.1304,0.2572642181099858
7630,8815,1185,0.1185,0.25410930292871436
7580,8790,1210,0.121,0.25856312003216897
7528,8764,1236,0.1236,0.2591292887985706
7606,8803,1197,0.1197,0.2748504956852645
7682,8841,1159,0.1159,0.2729148482039338
7642,8821,1179,0.1179,0.2742866278659364
7688,8844,1156,0.1156,0.27439577867463233
7494,8747,1253,0.1253,0.2613694819777207
7672,8836,1164,0.1164,0.2579999657945246
7448,8724,1276,0.1276,0.25877996159405325
7492,8746,1254,0.1254,0.2566951794460396
7692,8846,1154,0.1154,0.2540495833799243
7658,8829,1171,0.1171,0.2512386686263795
7584,8792,1208,0.1208,0.2542720515295863
7540,8770,1230,0.123,0.25072831852239325
7736,8868,1132,0.1132,0.23615876313271
7584,8792,1208,0.1208,0.23666571128293873
7746,8873,1127,0.1127,0.2343070898950101
7546,8773,1227,0.1227,0.23123042830824853
7626,8813,1187,0.1187,0.22298041154472167
7700,8850,1150,0.115,0.2197185562209792
7602,8801,1199,0.1199,0.22201329552950674
7524,8762,1238,0.1238,0.22319687716399786
7540,8770,1230,0.123,0.2281170878051844
7574,8787,1213,0.1213,0.22848712467599536
7528,8764,1236,0.1236,0.23190187105238438
7586,8793,1207,0.1207,0.2319597187275067
7760,8880,1120,0.112,0.22547254992797972
7618,8809,1191,0.1191,0.22557263949454573
7606,8803,1197,0.1197,0.2254394004382193
7510,8755,1245,0.1245,0.2226891853129957
7492,8746,1254,0.1254,0.21114433654397727
7568,8784,1216,0.1216,0.20917269642879255
7576,8788,1212,0.1212,0.2097789094451815
7490,8745,1255,0.1255,0.21073179259423142
7716,8858,1142,0.1142,0.21973651662888005
7724,8862,1138,0.1138,0.21936607756693893
7632,8816,1184,0.1184,0.22025160338953137
7688,8844,1156,0.1156,0.2211798108920455
7630,8815,1185,0.1185,0.21577492364950013
7636,8818,1182,0.1182,0.2155186613259837
7716,8858,1142,0.1142,0.2135417963828758
7506,8753,1247,0.1247,0.21496042963154705
7686,8843,1157,0.1157,0.21439115450754762
7564,8782,1218,0.1218,0.21905558481141923
7658,8829,1171,0.1171,0.21950431842462753
7514,8757,1243,0.1243,0.227416149268765
7504,8752,1248,0.1248,0.23876925917005865
7730,8865,1135,0.1135,0.23765404091694764
7752,8876,1124,0.1124,0.23765005836263298
7762,8881,1119,0.1119,0.23833575326874853
7624,8812,1188,0.1188,0.22209089303889779
7546,8773,1227,0.1227,0.2222314580824692
7512,8756,1244,0.1244,0.21906568108414684
7596,8798,1202,0.1202,0.21726322246372315
7438,8719,1281,0.1281,0.23756601230455418
7660,8830,1170,0.117,0.2371866910471581
7784,8892,1108,0.1108,0.23948887636413274
7356,8678,1322,0.1322,0.250539265138999
7480,8740,1260,0.126,0.2605989064727488
7530,8765,1235,0.1235,0.26063264131283503
7770,8885,1115,0.1115,0.25337335481923073
7422,8711,1289,0.1289,0.2581928630515933
7658,8829,1171,0.1171,0.22378744291549083
7804,8902,1098,0.1098,0.22619979997783912
7528,8764,1236,0.1236,0.22145625489205123
7566,8783,1217,0.1217,0.21071765555973399
7442,8721,1279,0.1279,0.2134670849589864
7526,8763,1237,0.1237,0.2223271155426192
7742,8871,1129,0.1129,0.223079377719271
7560,8780,1220,0.122,0.22913717149160803
7420,8710,1290,0.129,0.24845888181963238
7508,8754,1246,0.1246,0.24778815921274946
7466,8733,1267,0.1267,0.2463620708607137
7758,8879,1121,0.1121,0.24292162866849468
7590,8795,1205,0.1205,0.22201572532777208
7712,8856,1144,0.1144,0.21339033203618601
7702,8851,1149,0.1149,0.21210189200775495
7534,8767,1233,0.1233,0.20900623241199645
7772,8886,1114,0.1114,0.19890323651006403
7640,8820,1180,0.118,0.20100590841732918
7552,8776,1224,0.1224,0.20366230235275942
7578,8789,1211,0.1211,0.20621254941895603
7740,8870,1130,0.113,0.22699769056662916
7650,8825,1175,0.1175,0.22881415727138518
7468,8734,1266,0.1266,0.230803188898647
7452,8726,1274,0.1274,0.2367020906098096
7514,8757,1243,0.1243,0.2226071469813638
7728,8864,1136,0.1136,0.2195501218946054
7592,8796,1204,0.1204,0.22537158076018096
7592,8796,1204,0.1204,0.21999687168607487
7548,8774,1226,0.1226,0.20512545394324697
7662,8831,1169,0.1169,0.203208692100776
7626,8813,1187,0.1187,0.20639241256304086
7600,8800,1200,0.12,0.20444941426441074
7652,8826,1174,0.1174,0.2151615622505895
7788,8894,1106,0.1106,0.21292382488096864
7606,8803,1197,0.1197,0.21394154619272013
7596,8798,1202,0.1202,0.21528995467871428
7506,8753,1247,0.1247,0.20453921301104128
7610,8805,1195,0.1195,0.20209550048001892
7622,8811,1189,0.1189,0.1999911340522916
7450,8725,1275,0.1275,0.20279035781081767
7486,8743,1257,0.1257,0.20893450362272561
7586,8793,1207,0.1207,0.20719613236039877
7526,8763,1237,0.1237,0.21030406318625902
7636,8818,1182,0.1182,0.20959024719059816
7660,8830,1170,0.117,0.21535172689675783
7744,8872,1128,0.1128,0.21304561864435673
7628,8814,1186,0.1186,0.21342040018141326
7580,8790,1210,0.121,0.21294267120882868
7712,8856,1144,0.1144,0.19893673778539522
7560,8780,1220,0.122,0.19954086062787102
7752,8876,1124,0.1124,0.19811899251043796
7806,8903,1097,0.1097,0.19716284290589392
7612,8806,1194,0.1194,0.20614960750626674
7588,8794,1206,0.1206,0.208007228976025
7528,8764,1236,0.1236,0.20905362142678624
7826,8913,1087,0.1087,0.20602022422999144
7674,8837,1163,0.1163,0.20961824589762837
7706,8853,1147,0.1147,0.20899531366803184
7714,8857,1143,0.1143,0.20912694352027028
7448,8724,1276,0.1276,0.21034164165568117
7634,8817,1183,0.1183,0.20160921535040252
7600,8800,1200,0.12,0.20307974034036821
7696,8848,1152,0.1152,0.2025635418346468
7596,8798,1202,0.1202,0.20134669319172066
7628,8814,1186,0.1186,0.19803817165978252
7730,8865,1135,0.1135,0.19776771755565717
7598,8799,1201,0.1201,0.19928929304257034
7442,8721,1279,0.1279,0.20136496199407178
7712,8856,1144,0.1144,0.19862997886976846
7608,8804,1196,0.1196,0.19876936804803233
7654,8827,1173,0.1173,0.1983327992349863
7700,8850,1150,0.115,0.19807104117847046
7592,8796,1204,0.1204,0.1899235686494969
7610,8805,1195,0.1195,0.19112867177408188
7478,8739,1261,0.1261,0.192714797658287
7788,8894,1106,0.1106,0.1886692810192704
7828,8914,1086,0.1086,0.18873346465695068
7768,8884,1116,0.1116,0.18981334327678479
7530,8765,1235,0.1235,0.19298857577810996
7538,8769,1231,0.1231,0.19194459213614465
7724,8862,1138,0.1138,0.18936017891298978
7652,8826,1174,0.1174,0.1916747251830995
7832,8916,1084,0.1084,0.1904831011757582
7560,8780,1220,0.122,0.19227493057277753
7666,8833,1167,0.1167,0.1800232544118262
7630,8815,1185,0.1185,0.1799357214488089
7696,8848,1152,0.1152,0.18026943905086956
7676,8838,1162,0.1162,0.17925936912298202
7712,8856,1144,0.1144,0.18399308420047164
7326,8663,1337,0.1337,0.19113130226098002
7666,8833,1167,0.1167,0.18772356350133196
7688,8844,1156,0.1156,0.1870814174240426
7450,8725,1275,0.1275,0.19597517428547143
7574,8787,1213,0.1213,0.19699285369608843
7770,8885,1115,0.1115,0.1937483797084087
7638,8819,1181,0.1181,0.1932752578402964
7366,8683,1317,0.1317,0.18380831090243552
7622,8811,1189,0.1189,0.1814143606685102
7770,8885,1115,0.1115,0.17622231041158093
7598,8799,1201,0.1201,0.17854044885982293
7736,8868,1132,0.1132,0.18436092981453986
7732,8866,1134,0.1134,0.18483211371814628
7448,8724,1276,0.1276,0.18740948032084853
7644,8822,1178,0.1178,0.18631778473481536
7588,8794,1206,0.1206,0.19679203338101506
7696,8848,1152,0.1152,0.198542887148944
7530,8765,1235,0.1235,0.20137230713665485
7556,8778,1222,0.1222,0.20059656065106393
7520,8760,1240,0.124,0.19951479955092072
7672,8836,1164,0.1164,0.19827225743979215
7634,8817,1183,0.1183,0.1966101657211315
7504,8752,1248,0.1248,0.19879780560111082
7448,8724,1276,0.1276,0.21047618998407203
7524,8762,1238,0.1238,0.20851794886671704
7698,8849,1151,0.1151,0.20343961036503316
7548,8774,1226,0.1226,0.20626803115977033
7666,8833,1167,0.1167,0.21223464796103073
7740,8870,1130,0.113,0.21086279982488013
7964,8982,1018,0.1018,0.2056611350214109
7456,8728,1272,0.1272,0.2118619021087885
7594,8797,1203,0.1203,0.20286598583953527
7622,8811,1189,0.1189,0.20111114281873743
7640,8820,1180,0.118,0.1998734821377322
7648,8824,1176,0.1176,0.20035516382814658
7518,8759,1241,0.1241,0.22336451317473466
7620,8810,1190,0.119,0.2222965871412307
7532,8766,1234,0.1234,0.22273879631385626
7620,8810,1190,0.119,0.22467681829995453
7386,8693,1307,0.1307,0.24436362101825362
7748,8874,1126,0.1126,0.23905456755254417
7436,8718,1282,0.1282,0.24351174888764393
7480,8740,1260,0.126,0.2417094150127076
7610,8805,1195,0.1195,0.24948679578751326
7866,8933,1067,0.1067,0.24371418998986483
7720,8860,1140,0.114,0.24511940656471998
7708,8854,1146,0.1146,0.24591934134929275
7580,8790,1210,0.121,0.2582156614201143
7796,8898,1102,0.1102,0.2543675015921754
7568,8784,1216,0.1216,0.26020724870055567
7702,8851,1149,0.1149,0.26072323341005776
7696,8848,1152,0.1152,0.2928051769517362
7782,8891,1109,0.1109,0.2889257808011275
7808,8904,1096,0.1096,0.2891151202429086
7532,8766,1234,0.1234,0.29461063075323546
7552,8776,1224,0.1224,0.29312068862672896
7576,8788,1212,0.1212,0.29079892122081535
7808,8904,1096,0.1096,0.2876471742849797
7362,8681,1319,0.1319,0.2947296922623238
7534,8767,1233,0.1233,0.3117348934020854
7838,8919,1081,0.1081,0.30893547669537363
7610,8805,1195,0.1195,0.3120026795176651
7748,8874,1126,0.1126,0.3132600758808898
7634,8817,1183,0.1183,0.3208730421370361
7584,8792,1208,0.1208,0.3192323084228165
7574,8787,1213,0.1213,0.3190158252435969
7632,8816,1184,0.1184,0.31905891499352146
7756,8878,1122,0.1122,0.3126619137963947
7668,8834,1166,0.1166,0.31427344962445786
7466,8733,1267,0.1267,0.31717136248648164
7686,8843,1157,0.1157,0.3162009419240058
7580,8790,1210,0.121,0.3349132160872221
7578,8789,1211,0.1211,0.3344261921932503
7614,8807,1193,0.1193,0.33948230098879156
7550,8775,1225,0.1225,0.34028901035748665
7666,8833,1167,0.1167,0.3449487385507848
7318,8659,1341,0.1341,0.34835241876226847
7454,8727,1273,0.1273,0.34657973788529634
7898,8949,1051,0.1051,0.33689419743815563
7536,8768,1232,0.1232,0.3283837748232225
7558,8779,1221,0.1221,0.32554143445640804
7534,8767,1233,0.1233,0.32848771268027216
7634,8817,1183,0.1183,0.3223366351364887
7570,8785,1215,0.1215,0.3322654240615666
7638,8819,1181,0.1181,0.331897731859982
7676,8838,1162,0.1162,0.3325325307198567
7656,8828,1172,0.1172,0.33181318464167414
7496,8748,1252,0.1252,0.34433297507315874
7690,8845,1155,0.1155,0.3420014918848872
7542,8771,1229,0.1229,0.34516855526815887
7568,8784,1216,0.1216,0.34369022328414833
7604,8802,1198,0.1198,0.3530295698329806
7458,8729,1271,0.1271,0.3565454783482477
7800,8900,1100,0.11,0.3537236299147844
7502,8751,1249,0.1249,0.3595739191361412
7676,8838,1162,0.1162,0.3678867965288926
7572,8786,1214,0.1214,0.3737475984143922
7590,8795,1205,0.1205,0.3772684431573245
7704,8852,1148,0.1148,0.3724567841932003
7560,8780,1220,0.122,0.3915534983622987
7488,8744,1256,0.1256,0.40031228980123995
7732,8866,1134,0.1134,0.3981221032262916
7910,8955,1045,0.1045,0.3972678687158972
7542,8771,1229,0.1229,0.4217391842538491
7304,8652,1348,0.1348,0.43011112032094234
7662,8831,1169,0.1169,0.4250912022812141
7556,8778,1222,0.1222,0.42593850365281105
7676,8838,1162,0.1162,0.4345708856644077
7676,8838,1162,0.1162,0.43641123327184467
7576,8788,1212,0.1212,0.43533769337683914
7550,8775,1225,0.1225,0.4350291574627161
7684,8842,1158,0.1158,0.41488039422963047
7472,8736,1264,0.1264,0.41636370969955844
7462,8731,1269,0.1269,0.4135666021347694
7548,8774,1226,0.1226,0.40976148377672655
7552,8776,1224,0.1224,0.4123430765049765
7714,8857,1143,0.1143,0.4130651359410973
7634,8817,1183,0.1183,0.41401403192202596
7618,8809,1191,0.1191,0.41652581194639204
7540,8770,1230,0.123,0.42357447998421266
7482,8741,1259,0.1259,0.42184205176383255
7608,8804,1196,0.1196,0.4170514228974935
7724,8862,1138,0.1138,0.41693062722185714
7780,8890,1110,0.111,0.40019691790034995
7388,8694,1306,0.1306,0.405118398867175
7654,8827,1173,0.1173,0.4009804830776658
7256,8628,1372,0.1372,0.40228376279805345
7566,8783,1217,0.1217,0.4108396899969317
7484,8742,1258,0.1258,0.4195273547176217
7510,8755,1245,0.1245,0.41824528530744753
7438,8719,1281,0.1281,0.42285242970325054
7500,8750,1250,0.125,0.43322263146778567
7308,8654,1346,0.1346,0.43836599166310025
7630,8815,1185,0.1185,0.42921892536878586
7542,8771,1229,0.1229,0.431844780777091
7440,8720,1280,0.128,0.4036715760946274
7726,8863,1137,0.1137,0.3986554594486952
7530,8765,1235,0.1235,0.39607866145770787
7502,8751,1249,0.1249,0.39406465374976085
7594,8797,1203,0.1203,0.37486420043870566
7814,8907,1093,0.1093,0.3718283940760601
7748,8874,1126,0.1126,0.3708559624299407
7588,8794,1206,0.1206,0.3749909915074706
7454,8727,1273,0.1273,0.36952103847702966
7552,8776,1224,0.1224,0.3675864475538954
7720,8860,1140,0.114,0.36301371908179053
7442,8721,1279,0.1279,0.37019377460439745
7604,8802,1198,0.1198,0.3658670393438078
7564,8782,1218,0.1218,0.3661389713391078
7614,8807,1193,0.1193,0.36310797137732587
7524,8762,1238,0.1238,0.3670039513193071
7530,8765,1235,0.1235,0.35698129119724037
7644,8822,1178,0.1178,0.3541070931267226
7652,8826,1174,0.1174,0.3513920830444898
7544,8772,1228,0.1228,0.35536760718673466
7554,8777,1223,0.1223,0.3419558796414785
7690,8845,1155,0.1155,0.3378283261887729
7550,8775,1225,0.1225,0.33741337891221046
7536,8768,1232,0.1232,0.34171976887136696
7502,8751,1249,0.1249,0.33841616286300125
7670,8835,1165,0.1165,0.3340402783600907
7710,8855,1145,0.1145,0.3333616107885893
7448,8724,1276,0.1276,0.339288038820286
7656,8828,1172,0.1172,0.3248532219349419
7550,8775,1225,0.1225,0.32245592123894024
7624,8812,1188,0.1188,0.31853731570333477
7826,8913,1087,0.1087,0.31596813179403543
7640,8820,1180,0.118,0.29392581586161004
7562,8781,1219,0.1219,0.2916851338174194
7708,8854,1146,0.1146,0.28805181155204773
7690,8845,1155,0.1155,0.28612806214602454
7474,8737,1263,0.1263,0.29303744850703517
7624,8812,1188,0.1188,0.29422912211567165
7730,8865,1135,0.1135,0.2932983087207133
7666,8833,1167,0.1167,0.29559354075357325
7568,8784,1216,0.1216,0.2972350463464856
7564,8782,1218,0.1218,0.29553799920008605
7422,8711,1289,0.1289,0.2937847838744521
7720,8860,1140,0.114,0.2885911144595917
7578,8789,1211,0.1211,0.2747293841373527
7638,8819,1181,0.1181,0.27025533888912434
7560,8780,1220,0.122,0.2716821152554109
7718,8859,1141,0.1141,0.2677857094730134
7540,8770,1230,0.123,0.27463780299084756
7486,8743,1257,0.1257,0.2777532688293606
7582,8791,1209,0.1209,0.27907915705889463
7426,8713,1287,0.1287,0.2802340582832694
7660,8830,1170,0.117,0.2838082636943275
7724,8862,1138,0.1138,0.28543135031358396
7754,8877,1123,0.1123,0.2822899679042399
7446,8723,1277,0.1277,0.28474368483738083
7536,8768,1232,0.1232,0.2657680179014802
7596,8798,1202,0.1202,0.26509360073059796
7620,8810,1190,0.119,0.2633758720523678
7560,8780,1220,0.122,0.2646145751312375
7448,8724,1276,0.1276,0.28082546787355056
7698,8849,1151,0.1151,0.281180613410785
7624,8812,1188,0.1188,0.28100517890050597
7756,8878,1122,0.1122,0.2852435403442271
7690,8845,1155,0.1155,0.27664869841141626
7614,8807,1193,0.1193,0.2734823056343943
7282,8641,1359,0.1359,0.27637876749426943
7468,8734,1266,0.1266,0.2700132747043041
7558,8779,1221,0.1221,0.25038954177387057
7692,8846,1154,0.1154,0.24803649814636378
7600,8800,1200,0.12,0.2493317020907998
7798,8899,1101,0.1101,0.2488463917836547
7614,8807,1193,0.1193,0.26349860090413524
7468,8734,1266,0.1266,0.2668492495704908
7582,8791,1209,0.1209,0.26653474255027976
7658,8829,1171,0.1171,0.26589317375570537
7554,8777,1223,0.1223,0.27352968536913397
7650,8825,1175,0.1175,0.2701812016800046
7716,8858,1142,0.1142,0.26810604156032203
7642,8821,1179,0.1179,0.26556279405072925
7502,8751,1249,0.1249,0.245613767296936
7702,8851,1149,0.1149,0.24251627135921516
7482,8741,1259,0.1259,0.2462442161785264
7790,8895,1105,0.1105,0.2409487622693181
7692,8846,1154,0.1154,0.25639168640077115
7602,8801,1199,0.1199,0.25870082990601656
7366,8683,1317,0.1317,0.26498201365139296
7758,8879,1121,0.1121,0.26127583426237105
7666,8833,1167,0.1167,0.26488058402296155
7630,8815,1185,0.1185,0.25957996061178956
7536,8768,1232,0.1232,0.2625162233415428
7526,8763,1237,0.1237,0.2574525027669617
7450,8725,1275,0.1275,0.24037378421266886
7742,8871,1129,0.1129,0.23618572489322395
7660,8830,1170,0.117,0.23812382085439748
7786,8893,1107,0.1107,0.23623744282387196
7568,8784,1216,0.1216,0.2511565610529795
7520,8760,1240,0.124,0.25279282120914265
7482,8741,1259,0.1259,0.2546280591306742
7522,8761,1239,0.1239,0.25815063336435706
7616,8808,1192,0.1192,0.2692531470415185
7568,8784,1216,0.1216,0.26947791509479285
7678,8839,1161,0.1161,0.26858808689266445
7772,8886,1114,0.1114,0.2661028889685869
7784,8892,1108,0.1108,0.24774122403342053
7632,8816,1184,0.1184,0.24675373621229083
7698,8849,1151,0.1151,0.24569418759568407
7660,8830,1170,0.117,0.24252845882851398
7346,8673,1327,0.1327,0.2580324067376575
7590,8795,1205,0.1205,0.26098887149095534
7700,8850,1150,0.115,0.26267668446580994
7656,8828,1172,0.1172,0.2675312722809613
7638,8819,1181,0.1181,0.29525558154422327
7676,8838,1162,0.1162,0.29455704752802847
7574,8787,1213,0.1213,0.29467668879330156
7524,8762,1238,0.1238,0.29494360659460067
7746,8873,1127,0.1127,0.2665408390324563
7642,8821,1179,0.1179,0.2626729585915804
7662,8831,1169,0.1169,0.26242165514044463
7620,8810,1190,0.119,0.26369177503213287
7780,8890,1110,0.111,0.26734260785106817
7554,8777,1223,0.1223,0.2757297618025681
7602,8801,1199,0.1199,0.2750679476395249
7520,8760,1240,0.124,0.2815518255160263
7648,8824,1176,0.1176,0.3005190942224659
7500,8750,1250,0.125,0.3052065527216997
7668,8834,1166,0.1166,0.30131368705458006
7742,8871,1129,0.1129,0.3005764017859265
7412,8706,1294,0.1294,0.2846934972949326
7462,8731,1269,0.1269,0.2832243494578521
7658,8829,1171,0.1171,0.27824684607042
7478,8739,1261,0.1261,0.2798272836099612
7502,8751,1249,0.1249,0.28840574697418436
7604,8802,1198,0.1198,0.29368371222093703
7882,8941,1059,0.1059,0.2889594894677401
7512,8756,1244,0.1244,0.29868212156295937
7636,8818,1182,0.1182,0.3124355056889535
7494,8747,1253,0.1253,0.31769798661907706
7592,8796,1204,0.1204,0.31314397195783433
7462,8731,1269,0.1269,0.3166886775366962
7634,8817,1183,0.1183,0.30891451189897673
7526,8763,1237,0.1237,0.30975191732503116
7678,8839,1161,0.1161,0.30844424528438247
7466,8733,1267,0.1267,0.3141689452552782
7576,8788,1212,0.1212,0.31833605447076263
7550,8775,1225,0.1225,0.31988605643361806
7564,8782,1218,0.1218,0.3213383654942183
7646,8823,1177,0.1177,0.32114817811921237
7540,8770,1230,0.123,0.3275452879369259
7434,8717,1283,0.1283,0.32987752285217137
7678,8839,1161,0.1161,0.32721277565788476
7522,8761,1239,0.1239,0.32692923922461925
7534,8767,1233,0.1233,0.32287699562284033
7640,8820,1180,0.118,0.31966628145529513
7784,8892,1108,0.1108,0.31677680132985114
7664,8832,1168,0.1168,0.31464191932014657
7848,8924,1076,0.1076,0.3039705748334527
7474,8737,1263,0.1263,0.31072059091180565
7640,8820,1180,0.118,0.30765104188788617
7794,8897,1103,0.1103,0.30613615262085514
7530,8765,1235,0.1235,0.3185576864924951
7476,8738,1262,0.1262,0.31990154095739126
7638,8819,1181,0.1181,0.31848082133373246
7676,8838,1162,0.1162,0.32198629117902794
7518,8759,1241,0.1241,0.3190965186304526
7644,8822,1178,0.1178,0.31839946615040154
7628,8814,1186,0.1186,0.31277468412239107
7572,8786,1214,0.1214,0.3088548664237373
7612,8806,1194,0.1194,0.29496810522656886
7452,8726,1274,0.1274,0.2968127560909934
7594,8797,1203,0.1203,0.2950629018243635
7432,8716,1284,0.1284,0.2988960980373326
7544,8772,1228,0.1228,0.3046331049941946
7500,8750,1250,0.125,0.3055361660608654
7628,8814,1186,0.1186,0.3025143137246764
7660,8830,1170,0.117,0.3028560909105465
7608,8804,1196,0.1196,0.2883613855722428
7760,8880,1120,0.112,0.2775651428202449
7518,8759,1241,0.1241,0.2810426083737053
7670,8835,1165,0.1165,0.27109461147142166
7612,8806,1194,0.1194,0.26365319028612577
7896,8948,1052,0.1052,0.2598000353075564
7632,8816,1184,0.1184,0.264834545374068
7562,8781,1219,0.1219,0.2652829816598212
7546,8773,1227,0.1227,0.27040117711611084
7618,8809,1191,0.1191,0.273344034534134
7618,8809,1191,0.1191,0.2778195116571342
7442,8721,1279,0.1279,0.28080720651447816
7490,8745,1255,0.1255,0.2770227059887547
7638,8819,1181,0.1181,0.2733082137361169
7520,8760,1240,0.124,0.2739178488312404
7688,8844,1156,0.1156,0.26809891983270645
7632,8816,1184,0.1184,0.25301764998997867
7646,8823,1177,0.1177,0.25339102277125203
7590,8795,1205,0.1205,0.25107289319835036
7580,8790,1210,0.121,0.25127784379571677
7704,8852,1148,0.1148,0.25694864193235134
7524,8762,1238,0.1238,0.2587879391670227
7754,8877,1123,0.1123,0.25753795584881417
7648,8824,1176,0.1176,0.2601425024249231
7546,8773,1227,0.1227,0.2561311230435211
7776,8888,1112,0.1112,0.25306285511217574
7848,8924,1076,0.1076,0.2482523866669653
7742,8871,1129,0.1129,0.25089679687470196
7676,8838,1162,0.1162,0.24477027806341647
7664,8832,1168,0.1168,0.24969501803459135
7504,8752,1248,0.1248,0.24856973376878877
7508,8754,1246,0.1246,0.25195323009490966
7626,8813,1187,0.1187,0.2587358829498648
7770,8885,1115,0.1115,0.25568654802683743
7588,8794,1206,0.1206,0.2568311572770981
7492,8746,1254,0.1254,0.25846568585447965
7500,8750,1250,0.125,0.2471035391613841
7626,8813,1187,0.1187,0.24371858879912325
7486,8743,1257,0.1257,0.2456660844818451
7692,8846,1154,0.1154,0.23961216847226025
7692,8846,1154,0.1154,0.22410157249467447
7608,8804,1196,0.1196,0.22465865075383334
7884,8942,1058,0.1058,0.21931970894374153
7612,8806,1194,0.1194,0.22246654426488094
7524,8762,1238,0.1238,0.22085732192397117
7612,8806,1194,0.1194,0.2206829007003766
7428,8714,1286,0.1286,0.22626189411695932
7518,8759,1241,0.1241,0.22871015340898884
7684,8842,1158,0.1158,0.24422479087859406
7630,8815,1185,0.1185,0.2430526125868865
7728,8864,1136,0.1136,0.24390666179656983
7694,8847,1153,0.1153,0.2431186556941441
7738,8869,1131,0.1131,0.21768096019301356
7896,8948,1052,0.1052,0.2135298975369677
7568,8784,1216,0.1216,0.2132253258448547
7688,8844,1156,0.1156,0.20624528525839386
7660,8830,1170,0.117,0.21350626149587335
7412,8706,1294,0.1294,0.2186791545418091
7440,8720,1280,0.128,0.22384646560945193
7546,8773,1227,0.1227,0.2316029158673231
7670,8835,1165,0.1165,0.2622638390094876
7328,8664,1336,0.1336,0.27064563426077365
7628,8814,1186,0.1186,0.265931376663968
7688,8844,1156,0.1156,0.2649881687698562
7570,8785,1215,0.1215,0.23487917251255955
7570,8785,1215,0.1215,0.23521786038801074
7770,8885,1115,0.1115,0.22628153574848547
7580,8790,1210,0.121,0.22163981424857615
7626,8813,1187,0.1187,0.21144635286182165
7672,8836,1164,0.1164,0.2152356140859425
7502,8751,1249,0.1249,0.2177669662141143
7812,8906,1094,0.1094,0.22051822955902153
7694,8847,1153,0.1153,0.2563189053681446
7582,8791,1209,0.1209,0.25947590268401544
7562,8781,1219,0.1219,0.26365475799614213
7664,8832,1168,0.1168,0.262135899472062
7460,8730,1270,0.127,0.25646300316117704
7650,8825,1175,0.1175,0.25318758905250577
7720,8860,1140,0.114,0.24927233895908862
7622,8811,1189,0.1189,0.24447020234567016
7482,8741,1259,0.1259,0.23625442420989276
7826,8913,1087,0.1087,0.23236549536786041
7638,8819,1181,0.1181,0.23351271346555405
7592,8796,1204,0.1204,0.23692109472602607
7728,8864,1136,0.1136,0.26918571506447886
7590,8795,1205,0.1205,0.27194559631943704
7596,8798,1202,0.1202,0.27726053234487774
7444,8722,1278,0.1278,0.28394084674012704
7642,8821,1179,0.1179,0.28132391589656475
7552,8776,1224,0.1224,0.2798546388611197
7624,8812,1188,0.1188,0.275889320751396
7792,8896,1104,0.1104,0.26788215225815454
7522,8761,1239,0.1239,0.2429427747995177
7614,8807,1193,0.1193,0.24270715389919933
7480,8740,1260,0.126,0.2448517753607211
7576,8788,1212,0.1212,0.24566015595861887
7420,8710,1290,0.129,0.2820638047675505
7628,8814,1186,0.1186,0.28289141103642346
7276,8638,1362,0.1362,0.2955012355247858
7524,8762,1238,0.1238,0.2958432356676501
7524,8762,1238,0.1238,0.31113192687556146
7660,8830,1170,0.117,0.3053758955507539
7492,8746,1254,0.1254,0.30599738487121647
7640,8820,1180,0.118,0.2934349556906149
7654,8827,1173,0.1173,0.25708575065452605
7716,8858,1142,0.1142,0.25451136869341134
7588,8794,1206,0.1206,0.2549158446720801
7584,8792,1208,0.1208,0.252208382698588
7504,8752,1248,0.1248,0.2804954697321169
7648,8824,1176,0.1176,0.27952571059937503
7822,8911,1089,0.1089,0.2810011323418346
7622,8811,1189,0.1189,0.29221174446021986
7452,8726,1274,0.1274,0.3196766698783001
7332,8666,1334,0.1334,0.31827126163118663
7516,8758,1242,0.1242,0.3188120133823395
7582,8791,1209,0.1209,0.3230859212072865
7648,8824,1176,0.1176,0.3178432233486476
7708,8854,1146,0.1146,0.31797513771146685
7544,8772,1228,0.1228,0.316246208137487
7578,8789,1211,0.1211,0.3151688432566989
7550,8775,1225,0.1225,0.2889636870087248
7536,8768,1232,0.1232,0.287423164799129
7606,8803,1197,0.1197,0.2851235370779604
7648,8824,1176,0.1176,0.2793425461793445
7622,8811,1189,0.1189,0.2909393941255855
7560,8780,1220,0.122,0.29314096055477856
7442,8721,1279,0.1279,0.29543535484075545
7534,8767,1233,0.1233,0.2946855982951384
7632,8816,1184,0.1184,0.28975776014449073
7740,8870,1130,0.113,0.2791422264954144
7312,8656,1344,0.1344,0.28693067269927414
7536,8768,1232,0.1232,0.2802721968002617
7698,8849,1151,0.1151,0.2500054335672212
7604,8802,1198,0.1198,0.24559962263097987
7452,8726,1274,0.1274,0.2502047572969459
7498,8749,1251,0.1251,0.24344190310837563
7414,8707,1293,0.1293,0.25022386121296525
7470,8735,1265,0.1265,0.24746550548910262
7722,8861,1139,0.1139,0.2513626184617706
7520,8760,1240,0.124,0.25530015125276195
7714,8857,1143,0.1143,0.2644881742110665
7582,8791,1209,0.1209,0.26399856506237046
7512,8756,1244,0.1244,0.26383455214435236
7532,8766,1234,0.1234,0.26215840061230117
7612,8806,1194,0.1194,0.24751195971202106
7472,8736,1264,0.1264,0.25092222649604085
7374,8687,1313,0.1313,0.24915905992612242
7492,8746,1254,0.1254,0.246695883911103
7622,8811,1189,0.1189,0.23848452927234845
7780,8890,1110,0.111,0.2365293784454465
7732,8866,1134,0.1134,0.23728748964443866
7658,8829,1171,0.1171,0.23706497904136778
7612,8806,1194,0.1194,0.22963703870036697
7744,8872,1128,0.1128,0.22757816834286787
7562,8781,1219,0.1219,0.22981124836464029
7700,8850,1150,0.115,0.22892255950928667
7554,8777,1223,0.1223,0.24131678381988894
7612,8806,1194,0.1194,0.24065491398907474
7722,8861,1139,0.1139,0.24158479150850326
7706,8853,1147,0.1147,0.24078294651018373
7508,8754,1246,0.1246,0.2521266450385523
7652,8826,1174,0.1174,0.2485892202889372
7452,8726,1274,0.1274,0.25301575064250287
7564,8782,1218,0.1218,0.2527365704525029
7628,8814,1186,0.1186,0.2567850249364041
7606,8803,1197,0.1197,0.257070336191915
7658,8829,1171,0.1171,0.25506865016669034
7830,8915,1085,0.1085,0.2511606591646193
7722,8861,1139,0.1139,0.24585827804878355
7802,8901,1099,0.1099,0.24519553839340805
7678,8839,1161,0.1161,0.2470242175276916
7704,8852,1148,0.1148,0.24348849841977935
7364,8682,1318,0.1318,0.2578666348984382
7398,8699,1301,0.1301,0.260158501522243
7604,8802,1198,0.1198,0.261170223578898
7590,8795,1205,0.1205,0.26579240349218825
7622,8811,1189,0.1189,0.28446313520273686
7482,8741,1259,0.1259,0.2878761439405382
7506,8753,1247,0.1247,0.2872360661056879
7474,8737,1263,0.1263,0.28613395019793175
7642,8821,1179,0.1179,0.2633459727775305
7588,8794,1206,0.1206,0.26075574235767124
7576,8788,1212,0.1212,0.25680628083646295
7648,8824,1176,0.1176,0.2530650610886533
7696,8848,1152,0.1152,0.25214975040024146
7592,8796,1204,0.1204,0.2548461666660383
7676,8838,1162,0.1162,0.25646779767576894
7634,8817,1183,0.1183,0.2599619368962944
7620,8810,1190,0.119,0.26949602230944486
7556,8778,1222,0.1222,0.2712412071213126
7568,8784,1216,0.1216,0.27118305803603726
7544,8772,1228,0.1228,0.27235741615148146
7538,8769,1231,0.1231,0.2608359831929207
7636,8818,1182,0.1182,0.2567481534538791
7730,8865,1135,0.1135,0.2538423221409321
7684,8842,1158,0.1158,0.252632446486733
7504,8752,1248,0.1248,0.24593905974961816
7590,8795,1205,0.1205,0.24302054465333076
7408,8704,1296,0.1296,0.24580634175278246
7316,8658,1342,0.1342,0.24934460328762653
7526,8763,1237,0.1237,0.2619437243901193
7560,8780,1220,0.122,0.2617449981776153
7566,8783,1217,0.1217,0.2649669781902444
7450,8725,1275,0.1275,0.266054334634915
7560,8780,1220,0.122,0.25338552301526657
7554,8777,1223,0.1223,0.2510752226432436
7518,8759,1241,0.1241,0.24688574838147034
7560,8780,1220,0.122,0.24402149495705963
7596,8798,1202,0.1202,0.23159830622161617
7520,8760,1240,0.124,0.23130748383728789
7574,8787,1213,0.1213,0.23067941585337684
7510,8755,1245,0.1245,0.23401445635111304
7704,8852,1148,0.1148,0.23426160048996636
7448,8724,1276,0.1276,0.23860749368146061
7624,8812,1188,0.1188,0.23578068676553668
7844,8922,1078,0.1078,0.23275022637922083
7566,8783,1217,0.1217,0.2225874652173562
7396,8698,1302,0.1302,0.2262726101046428
7448,8724,1276,0.1276,0.22461946493028664
7502,8751,1249,0.1249,0.22172940612938255
7420,8710,1290,0.129,0.22773429838195444
7700,8850,1150,0.115,0.22786395320668817
7680,8840,1160,0.116,0.2293331586953796
7610,8805,1195,0.1195,0.230448774304986
7590,8795,1205,0.1205,0.23151211282648146
7688,8844,1156,0.1156,0.23044826707660104
7676,8838,1162,0.1162,0.2276177755072713
7538,8769,1231,0.1231,0.2285261285025629
7652,8826,1174,0.1174,0.2297080184781834
7620,8810,1190,0.119,0.23123373681999473
7524,8762,1238,0.1238,0.23608337290438186
7514,8757,1243,0.1243,0.2379614266304162
7732,8866,1134,0.1134,0.2505274836197495
7514,8757,1243,0.1243,0.2545928594000675
7524,8762,1238,0.1238,0.25672197735384106
7440,8720,1280,0.128,0.2590497300759074
7654,8827,1173,0.1173,0.2514842409346492
7450,8725,1275,0.1275,0.25333306930176913
7492,8746,1254,0.1254,0.2526139936815947
7390,8695,1305,0.1305,0.25535882534570153
7610,8805,1195,0.1195,0.24469218720117297
7540,8770,1230,0.123,0.24607800716849043
7542,8771,1229,0.1229,0.2464972530219704
7324,8662,1338,0.1338,0.24882887527655695
7640,8820,1180,0.118,0.24370895489787217
7366,8683,1317,0.1317,0.24796171614880586
7602,8801,1199,0.1199,0.2442532194950036
7582,8791,1209,0.1209,0.24651983734021196
7470,8735,1265,0.1265,0.24137321968805045
7500,8750,1250,0.125,0.2408330429114403
7362,8681,1319,0.1319,0.24620056498348714
7560,8780,1220,0.122,0.24176601526073865
7662,8831,1169,0.1169,0.24125779406279327
7688,8844,1156,0.1156,0.24508102002292873
7442,8721,1279,0.1279,0.24997287187783587
7548,8774,1226,0.1226,0.24671261370514985
7548,8774,1226,0.1226,0.24384911543042398
7814,8907,1093,0.1093,0.23818616918884217
7646,8823,1177,0.1177,0.24157073719883337
7376,8688,1312,0.1312,0.24561165101566984
7592,8796,1204,0.1204,0.2421649484253121
7562,8781,1219,0.1219,0.24234557641885607
7314,8657,1343,0.1343,0.25083898611566663
7666,8833,1167,0.1167,0.24760885967937757
7610,8805,1195,0.1195,0.2517641300682815
7500,8750,1250,0.125,0.253827444318682
7744,8872,1128,0.1128,0.2540202789505183
7580,8790,1210,0.121,0.25429043610543706
7714,8857,1143,0.1143,0.24908055990785982
7646,8823,1177,0.1177,0.24865340916530163
7544,8772,1228,0.1228,0.2496797563960794
7570,8785,1215,0.1215,0.24958270524921636
7758,8879,1121,0.1121,0.24391400810331107
7536,8768,1232,0.1232,0.24754071642495692
7762,8881,1119,0.1119,0.24646770173162222
7394,8697,1303,0.1303,0.2520108786076307
7796,8898,1102,0.1102,0.24549859332889318
7624,8812,1188,0.1188,0.24977906912637335
7558,8779,1221,0.1221,0.24982350563269423
7460,8730,1270,0.127,0.25259540462008734
7696,8848,1152,0.1152,0.24194981207535166
7560,8780,1220,0.122,0.2451266677699983
7786,8893,1107,0.1107,0.24054512909313466
7520,8760,1240,0.124,0.24423421376943588
7472,8736,1264,0.1264,0.23753857510285603
7674,8837,1163,0.1163,0.2359323490794748
7544,8772,1228,0.1228,0.23611334672491066
7632,8816,1184,0.1184,0.23659194148225943
7666,8833,1167,0.1167,0.2397192711977066
7794,8897,1103,0.1103,0.2402924937082149
7496,8748,1252,0.1252,0.2428007796213031
7494,8747,1253,0.1253,0.2446942684337499
7720,8860,1140,0.114,0.2476385150226177
7590,8795,1205,0.1205,0.2472659528724384
7724,8862,1138,0.1138,0.24918623282186453
7554,8777,1223,0.1223,0.253124380796853
7604,8802,1198,0.1198,0.24936519417995587
7660,8830,1170,0.117,0.24892786831277308
7686,8843,1157,0.1157,0.24830368640907108
7660,8830,1170,0.117,0.24853164506544537
7706,8853,1147,0.1147,0.25618252635472455
7390,8695,1305,0.1305,0.2629672702796757
7618,8809,1191,0.1191,0.26880106262653136
7734,8867,1133,0.1133,0.2691882565036416
7694,8847,1153,0.1153,0.2914674261949098
7574,8787,1213,0.1213,0.2972777866902761
7558,8779,1221,0.1221,0.3028092467301991
7540,8770,1230,0.123,0.30228332049315176
7618,8809,1191,0.1191,0.3125874178290367
7306,8653,1347,0.1347,0.31828487438970954
7546,8773,1227,0.1227,0.32132355573655075
7492,8746,1254,0.1254,0.32165479402048514
7576,8788,1212,0.1212,0.32460179214448437
7494,8747,1253,0.1253,0.32892441801540556
7474,8737,1263,0.1263,0.32668798929452897
7706,8853,1147,0.1147,0.32368015281962
7328,8664,1336,0.1336,0.32510091346564784
7566,8783,1217,0.1217,0.3255296570971608
7636,8818,1182,0.1182,0.323280086613603
7592,8796,1204,0.1204,0.3227964010069147
7598,8799,1201,0.1201,0.31622544744441977
7420,8710,1290,0.129,0.3160068692656234
7712,8856,1144,0.1144,0.3064576980617292
7774,8887,1113,0.1113,0.3047782194151543
7582,8791,1209,0.1209,0.2953673048215453
7566,8783,1217,0.1217,0.2944633618197433
7374,8687,1313,0.1313,0.29439008917631543
7492,8746,1254,0.1254,0.29346815498173234
7404,8702,1298,0.1298,0.30225874966262317
7716,8858,1142,0.1142,0.2986457731654472
7676,8838,1162,0.1162,0.2988566565857509
7658,8829,1171,0.1171,0.2977791315323382
7484,8742,1258,0.1258,0.2863111858847056
7830,8915,1085,0.1085,0.27919497005738575
7702,8851,1149,0.1149,0.27367083771452305
7608,8804,1196,0.1196,0.27447944066748026
7470,8735,1265,0.1265,0.27408974511791023
7486,8743,1257,0.1257,0.27255399975839245
7624,8812,1188,0.1188,0.2761610958084495
7574,8787,1213,0.1213,0.27880755518215594
7594,8797,1203,0.1203,0.28920294576899014
7578,8789,1211,0.1211,0.28747414676845073
7718,8859,1141,0.1141,0.28158253489732743
7542,8771,1229,0.1229,0.28441559662033944
7656,8828,1172,0.1172,0.2655500300978776
7418,8709,1291,0.1291,0.26540215070322154
7534,8767,1233,0.1233,0.2562396621413623
7616,8808,1192,0.1192,0.25570284248813985
7542,8771,1229,0.1229,0.25914933708983745
7588,8794,1206,0.1206,0.25948240034570935
7670,8835,1165,0.1165,0.2642647318575531
7574,8787,1213,0.1213,0.26717238689396033
7776,8888,1112,0.1112,0.2788259900806472
7580,8790,1210,0.121,0.2803258748830036
7686,8843,1157,0.1157,0.27837323743353865
7770,8885,1115,0.1115,0.27721010535769164
7690,8845,1155,0.1155,0.2635517615044534
7580,8790,1210,0.121,0.26631648245893885
7470,8735,1265,0.1265,0.26583324186273677
7562,8781,1219,0.1219,0.2647445288136612
7772,8886,1114,0.1114,0.28130586915312394
7680,8840,1160,0.116,0.28548889980446546
7540,8770,1230,0.123,0.3001480024398305
7576,8788,1212,0.1212,0.3016002319276333
7596,8798,1202,0.1202,0.3059271731388453
7572,8786,1214,0.1214,0.3032069930001977
7722,8861,1139,0.1139,0.30322326069511474
7742,8871,1129,0.1129,0.3068604430958007
7612,8806,1194,0.1194,0.3015251898139804
7558,8779,1221,0.1221,0.30048405657824623
7386,8693,1307,0.1307,0.30721447801891116
7470,8735,1265,0.1265,0.30909958933081944
7496,8748,1252,0.1252,0.3346295440533433
7662,8831,1169,0.1169,0.33260488324988263
7452,8726,1274,0.1274,0.3399141722609929
7440,8720,1280,0.128,0.3388140592163894
7462,8731,1269,0.1269,0.3287339860019277
7668,8834,1166,0.1166,0.32053985876254737
7746,8873,1127,0.1127,0.3066868852585697
7682,8841,1159,0.1159,0.30778210813589396
7820,8910,1090,0.109,0.27253391494289975
7406,8703,1297,0.1297,0.2794519945492153
7502,8751,1249,0.1249,0.2718054975388922
7402,8701,1299,0.1299,0.2788309019454996
7408,8704,1296,0.1296,0.3014515448638879
7588,8794,1206,0.1206,0.2976426890289814
7880,8940,1060,0.106,0.30587666405441705
7660,8830,1170,0.117,0.3104730211757124
7744,8872,1128,0.1128,0.30696515048762796
7384,8692,1308,0.1308,0.3107983086235821
7880,8940,1060,0.106,0.2885267713272839
7746,8873,1127,0.1127,0.2896213519208963
7626,8813,1187,0.1187,0.24671876501969092
7576,8788,1212,0.1212,0.25004828481002506
7596,8798,1202,0.1202,0.23981714520748593
7552,8776,1224,0.1224,0.24142194846980275
7674,8837,1163,0.1163,0.26591094054505227
7644,8822,1178,0.1178,0.26286690063411144
7448,8724,1276,0.1276,0.28266247735871003
7504,8752,1248,0.1248,0.2849103849990411
7494,8747,1253,0.1253,0.2964937422528281
7766,8883,1117,0.1117,0.28924015619978544
7588,8794,1206,0.1206,0.28383289377500187
7812,8906,1094,0.1094,0.27972734242737624
7530,8765,1235,0.1235,0.24554963902593008
7634,8817,1183,0.1183,0.23991910912096964
7800,8900,1100,0.11,0.23183973585789122
7652,8826,1174,0.1174,0.23331774203857494
7584,8792,1208,0.1208,0.24781400711279758
7616,8808,1192,0.1192,0.2497212317544967
7576,8788,1212,0.1212,0.2598139737764678
7588,8794,1206,0.1206,0.26392295490528844
7444,8722,1278,0.1278,0.28726156651768836
7530,8765,1235,0.1235,0.2849238426685886
7746,8873,1127,0.1127,0.2822753507071029
7660,8830,1170,0.117,0.2777839479327202
7634,8817,1183,0.1183,0.25208716340661047
7664,8832,1168,0.1168,0.24658408320033923
7530,8765,1235,0.1235,0.23746830272115793
7956,8978,1022,0.1022,0.2283580859122565
7354,8677,1323,0.1323,0.2321922199250037
7390,8695,1305,0.1305,0.2343479250077158
7822,8911,1089,0.1089,0.23972589828701638
7608,8804,1196,0.1196,0.24812914020717144
7554,8777,1223,0.1223,0.282428877467145
7370,8685,1315,0.1315,0.28686785611142257
7580,8790,1210,0.121,0.28775068833678963
7706,8853,1147,0.1147,0.28677201668478663
7568,8784,1216,0.1216,0.2790033463917312
7586,8793,1207,0.1207,0.2773972560343721
7582,8791,1209,0.1209,0.2663134842477739
7708,8854,1146,0.1146,0.26483078828976697
7578,8789,1211,0.1211,0.2599237520172512
7592,8796,1204,0.1204,0.26050040410496295
7660,8830,1170,0.117,0.2650569179963321
7832,8916,1084,0.1084,0.2678621165268123
7668,8834,1166,0.1166,0.310430932931602
7678,8839,1161,0.1161,0.31698415334132707
7438,8719,1281,0.1281,0.3390585130970925
7554,8777,1223,0.1223,0.34333868950642643
7654,8827,1173,0.1173,0.35430695942789314
7596,8798,1202,0.1202,0.3520792792975145
7408,8704,1296,0.1296,0.34941784876614357
7430,8715,1285,0.1285,0.3478652583274059
7498,8749,1251,0.1251,0.33661281275972726
7450,8725,1275,0.1275,0.33631388046434924
7496,8748,1252,0.1252,0.3387907670086073
7472,8736,1264,0.1264,0.3415269136033111
7566,8783,1217,0.1217,0.36503799959283084
7656,8828,1172,0.1172,0.36926248692501396
7614,8807,1193,0.1193,0.3832923368610442
7492,8746,1254,0.1254,0.3877884316906333
7706,8853,1147,0.1147,0.39123011571988464
7744,8872,1128,0.1128,0.39069678814654907
7590,8795,1205,0.1205,0.38309986004590246
7700,8850,1150,0.115,0.37850682469485036
7734,8867,1133,0.1133,0.3533977508853223
7670,8835,1165,0.1165,0.3522751226830704
7382,8691,1309,0.1309,0.3566625111822395
7514,8757,1243,0.1243,0.3557684483116493
7630,8815,1185,0.1185,0.3827648610076185
7686,8843,1157,0.1157,0.3889042137161309
7488,8744,1256,0.1256,0.4058548509038985
7630,8815,1185,0.1185,0.4058221519175469
7554,8777,1223,0.1223,0.4126286104144787
7680,8840,1160,0.116,0.40700929623327525
7696,8848,1152,0.1152,0.4010626001207356
7650,8825,1175,0.1175,0.39664500592518087
7372,8686,1314,0.1314,0.37896529600338924
7600,8800,1200,0.12,0.37297195875644684
7582,8791,1209,0.1209,0.36750406840791466
7572,8786,1214,0.1214,0.36833284674611644
7534,8767,1233,0.1233,0.38561668157577517
7444,8722,1278,0.1278,0.39019825042268497
7678,8839,1161,0.1161,0.3960170769364602
7568,8784,1216,0.1216,0.40518503069420114
7662,8831,1169,0.1169,0.408493646333414
7442,8721,1279,0.1279,0.4095024295739364
7682,8841,1159,0.1159,0.39887201061597527
7546,8773,1227,0.1227,0.3969971873983275
7830,8915,1085,0.1085,0.3665415996074676
7512,8756,1244,0.1244,0.3651542756792405
7796,8898,1102,0.1102,0.3523897188313305
7678,8839,1161,0.1161,0.34867863421030343
7734,8867,1133,0.1133,0.3376758168874475
7724,8862,1138,0.1138,0.3390126872136374
7510,8755,1245,0.1245,0.3447688658842817
7578,8789,1211,0.1211,0.34288931118372196
7354,8677,1323,0.1323,0.35274832489256003
7760,8880,1120,0.112,0.35063977745994923
7678,8839,1161,0.1161,0.35380280394256114
7538,8769,1231,0.1231,0.35454429835276785
7544,8772,1228,0.1228,0.3493848426416436
7554,8777,1223,0.1223,0.34592400513094546
7644,8822,1178,0.1178,0.33699764653928577
7736,8868,1132,0.1132,0.33761397191384074
7638,8819,1181,0.1181,0.32511445130248323
7548,8774,1226,0.1226,0.32088706100955605
7590,8795,1205,0.1205,0.3225780520324235
7716,8858,1142,0.1142,0.32071435397118336
7732,8866,1134,0.1134,0.32955958178881556
7680,8840,1160,0.116,0.33122881540134547
7678,8839,1161,0.1161,0.33568672121316195
7884,8942,1058,0.1058,0.3320951998060569
7640,8820,1180,0.118,0.3370126959315865
7638,8819,1181,0.1181,0.3348631765415965
7662,8831,1169,0.1169,0.3387796521667391
7590,8795,1205,0.1205,0.3385287158289924
7338,8669,1331,0.1331,0.34669368315786125
7626,8813,1187,0.1187,0.3441992946589948
7682,8841,1159,0.1159,0.3518167908533601
7676,8838,1162,0.1162,0.352411445449899
7734,8867,1133,0.1133,0.35388944292996094
7516,8758,1242,0.1242,0.35446765521019696
7528,8764,1236,0.1236,0.3498000817636959
7772,8886,1114,0.1114,0.3471511798768439
7640,8820,1180,0.118,0.34137030877023933
7556,8778,1222,0.1222,0.34053715902790427
7794,8897,1103,0.1103,0.3332488693475723
7712,8856,1144,0.1144,0.3354816200455185
7494,8747,1253,0.1253,0.33803049920499323
7576,8788,1212,0.1212,0.33728195624875207
7610,8805,1195,0.1195,0.338236012549694
7714,8857,1143,0.1143,0.3347710559755913
7742,8871,1129,0.1129,0.3465390568114817
7574,8787,1213,0.1213,0.3458185246576846
7524,8762,1238,0.1238,0.35200122063285816
7494,8747,1253,0.1253,0.35153649716265206
7532,8766,1234,0.1234,0.3477923311805782
7528,8764,1236,0.1236,0.3445028220472115
7618,8809,1191,0.1191,0.34266154025048234
7560,8780,1220,0.122,0.3414188330545896
7418,8709,1291,0.1291,0.3371298043072224
7554,8777,1223,0.1223,0.33245660496858126
7460,8730,1270,0.127,0.330528627839731
7638,8819,1181,0.1181,0.32915080653131007
7734,8867,1133,0.1133,0.325667202234501
7618,8809,1191,0.1191,0.32340375155396767
7580,8790,1210,0.121,0.31148306422587485
7452,8726,1274,0.1274,0.3107504076132318
7660,8830,1170,0.117,0.302669254379403
7708,8854,1146,0.1146,0.29772739181594665
7550,8775,1225,0.1225,0.2935322388667146
7924,8962,1038,0.1038,0.2901832208529115
7414,8707,1293,0.1293,0.29537965679757183
7650,8825,1175,0.1175,0.2942666323198392
7666,8833,1167,0.1167,0.3013415500340998
7466,8733,1267,0.1267,0.30464982281029224
7726,8863,1137,0.1137,0.30926870271912776
7638,8819,1181,0.1181,0.3121763309955597
7470,8735,1265,0.1265,0.3202785033483058
7688,8844,1156,0.1156,0.316378910725451
7674,8837,1163,0.1163,0.3124374824048951
7732,8866,1134,0.1134,0.3120725191248161
7666,8833,1167,0.1167,0.30287944814553486
7582,8791,1209,0.1209,0.30113882416984233
7480,8740,1260,0.126,0.29480284653481503
7724,8862,1138,0.1138,0.29249043047583617
7608,8804,1196,0.1196,0.29544890380960426
7692,8846,1154,0.1154,0.2933947686945095
7538,8769,1231,0.1231,0.30093541178977223
7536,8768,1232,0.1232,0.29966849725544453
7832,8916,1084,0.1084,0.2958953564658761
7532,8766,1234,0.1234,0.2962212720670567
7484,8742,1258,0.1258,0.29045152619704606
7582,8791,1209,0.1209,0.28983022062638386
7574,8787,1213,0.1213,0.2827227606998138
7602,8801,1199,0.1199,0.28111424379342936
7526,8763,1237,0.1237,0.2797012598688132
7632,8816,1184,0.1184,0.27675692240432836
7720,8860,1140,0.114,0.2736466190358624
7572,8786,1214,0.1214,0.27467716842621276
7478,8739,1261,0.1261,0.2765006512044314
7676,8838,1162,0.1162,0.2733624755541794
7568,8784,1216,0.1216,0.27474626883687453
7574,8787,1213,0.1213,0.2743122095033726
7660,8830,1170,0.117,0.2785049057736993
7504,8752,1248,0.1248,0.2785985869660691
7596,8798,1202,0.1202,0.27840228092525354
7442,8721,1279,0.1279,0.2797873853906193
7490,8745,1255,0.1255,0.278326239665084
7486,8743,1257,0.1257,0.2779041686460871
7652,8826,1174,0.1174,0.2751038994550705
7784,8892,1108,0.1108,0.27262123670466243
7614,8807,1193,0.1193,0.2738267956927419
7434,8717,1283,0.1283,0.275289746055007
7514,8757,1243,0.1243,0.27554981420263647
7586,8793,1207,0.1207,0.27529431883767247
7648,8824,1176,0.1176,0.2752686239562947
7662,8831,1169,0.1169,0.2748862052115073
7698,8849,1151,0.1151,0.2726349312700484
7506,8753,1247,0.1247,0.27321678021140394
7678,8839,1161,0.1161,0.2668731471434236
7686,8843,1157,0.1157,0.26525192903402234
7720,8860,1140,0.114,0.26077585100014694
7444,8722,1278,0.1278,0.26348764410167935
7474,8737,1263,0.1263,0.2620924878032878
7818,8909,1091,0.1091,0.25441919037736954
7722,8861,1139,0.1139,0.25744969077128915
7556,8778,1222,0.1222,0.2614506882350962
7784,8892,1108,0.1108,0.2625461846283937
7634,8817,1183,0.1183,0.26165913437523997
7736,8868,1132,0.1132,0.26400935299396516
7770,8885,1115,0.1115,0.26428322053235026
7718,8859,1141,0.1141,0.26072639938164505
7672,8836,1164,0.1164,0.25916680167093875
7452,8726,1274,0.1274,0.2573682296976447
7944,8972,1028,0.1028,0.2510319859482348
7660,8830,1170,0.117,0.250694591356616
7628,8814,1186,0.1186,0.25309985353499653
7558,8779,1221,0.1221,0.2572949165813625
7888,8944,1056,0.1056,0.2535089914111886
7594,8797,1203,0.1203,0.2643505394261532
7420,8710,1290,0.129,0.2681024652541359
7518,8759,1241,0.1241,0.2683030952525453
7684,8842,1158,0.1158,0.2674355016891242
7572,8786,1214,0.1214,0.26627602711011555
7580,8790,1210,0.121,0.2682651236736583
7596,8798,1202,0.1202,0.2652136213323055
7626,8813,1187,0.1187,0.26214746875294076
7452,8726,1274,0.1274,0.2622486517114111
7658,8829,1171,0.1171,0.26260808954481035
7654,8827,1173,0.1173,0.264895623825863
7640,8820,1180,0.118,0.2642513466324075
7738,8869,1131,0.1131,0.27239895482843274
7578,8789,1211,0.1211,0.27344013458244737
7588,8794,1206,0.1206,0.2773105438747676
7624,8812,1188,0.1188,0.2758293100103736
7532,8766,1234,0.1234,0.2801223190522014
7766,8883,1117,0.1117,0.2774802478897651
7712,8856,1144,0.1144,0.27879308682233095
7614,8807,1193,0.1193,0.2791108306273601
7734,8867,1133,0.1133,0.2784799231514335
7572,8786,1214,0.1214,0.2808197708072735
7522,8761,1239,0.1239,0.2787837250575947
7776,8888,1112,0.1112,0.2743376944253687
7744,8872,1128,0.1128,0.2693111964430835
7594,8797,1203,0.1203,0.2695090393829236
7570,8785,1215,0.1215,0.2652393734820187
7670,8835,1165,0.1165,0.2614458647117019
7480,8740,1260,0.126,0.2597207335841842
7534,8767,1233,0.1233,0.26092909297979205
7632,8816,1184,0.1184,0.2623610298886105
7916,8958,1042,0.1042,0.2585674426112324
7808,8904,1096,0.1096,0.262147117985785
7634,8817,1183,0.1183,0.2659436394127086
7670,8835,1165,0.1165,0.26274968159443307
7628,8814,1186,0.1186,0.2622090954618277
7300,8650,1350,0.135,0.26649357086743175
7756,8878,1122,0.1122,0.2631684965260327
7590,8795,1205,0.1205,0.27220661753886377
7480,8740,1260,0.126,0.27412896108154383
7584,8792,1208,0.1208,0.2910886997586116
7514,8757,1243,0.1243,0.29305302786332277
7586,8793,1207,0.1207,0.3060038283541799
7574,8787,1213,0.1213,0.307113046970265
7542,8771,1229,0.1229,0.31175634241247163
7648,8824,1176,0.1176,0.3083755121199647
7798,8899,1101,0.1101,0.30243621570854445
7602,8801,1199,0.1199,0.30286905412310733
7628,8814,1186,0.1186,0.30378933370599986
7558,8779,1221,0.1221,0.3024167257733643
7432,8716,1284,0.1284,0.30746267451827974
7748,8874,1126,0.1126,0.307014898351794
7464,8732,1268,0.1268,0.31728965366259215
7564,8782,1218,0.1218,0.3158287706136704
7628,8814,1186,0.1186,0.3197633466718602
7698,8849,1151,0.1151,0.31618918223790826
7738,8869,1131,0.1131,0.30995951927850074
7676,8838,1162,0.1162,0.3082152783495703
7690,8845,1155,0.1155,0.29840890145918203
7522,8761,1239,0.1239,0.2982966795860448
7644,8822,1178,0.1178,0.29260876307123107
7696,8848,1152,0.1152,0.28898948979130945
7658,8829,1171,0.1171,0.2947765846874498
7506,8753,1247,0.1247,0.2964400935074421
7592,8796,1204,0.1204,0.30090850059446284
7472,8736,1264,0.1264,0.30361850504838434
7636,8818,1182,0.1182,0.30732603476980586
7442,8721,1279,0.1279,0.30849301251750005
7464,8732,1268,0.1268,0.30363383418442946
7734,8867,1133,0.1133,0.29964772138218765
7600,8800,1200,0.12,0.2958228988097049
7426,8713,1287,0.1287,0.29729763246718793
7528,8764,1236,0.1236,0.2923751748256385
7706,8853,1147,0.1147,0.2889399047593352
7458,8729,1271,0.1271,0.29951003124404085
7670,8835,1165,0.1165,0.29918705527238715
7680,8840,1160,0.116,0.3091615958644361
7598,8799,1201,0.1201,0.311145422165934
7622,8811,1189,0.1189,0.3164560244284127
7634,8817,1183,0.1183,0.31727328587382253
7590,8795,1205,0.1205,0.3146605773125775
7456,8728,1272,0.1272,0.31520853944557625
7562,8781,1219,0.1219,0.31199728268226606
7632,8816,1184,0.1184,0.31040912253931163
7494,8747,1253,0.1253,0.3079824591118842
7510,8755,1245,0.1245,0.30795505243278604
7522,8761,1239,0.1239,0.3098538988563581
7616,8808,1192,0.1192,0.3102635167633183
7730,8865,1135,0.1135,0.31320901458282024
7768,8884,1116,0.1116,0.3134946493410971
7880,8940,1060,0.106,0.31021100438776855
7456,8728,1272,0.1272,0.31276950345796883
7864,8932,1068,0.1068,0.30021944344490764
7662,8831,1169,0.1169,0.29923699760939615
7580,8790,1210,0.121,0.2964720897350664
7654,8827,1173,0.1173,0.2974886122092605
7698,8849,1151,0.1151,0.29933939455897635
7464,8732,1268,0.1268,0.3055965737661041
7490,8745,1255,0.1255,0.31273280002624404
7618,8809,1191,0.1191,0.3146694827805498
7514,8757,1243,0.1243,0.31791630760794504
7490,8745,1255,0.1255,0.3191914365158247
7620,8810,1190,0.119,0.31345506296653763
7686,8843,1157,0.1157,0.3082885851598345
7416,8708,1292,0.1292,0.30082940877340736
7684,8842,1158,0.1158,0.29193780319616197
7698,8849,1151,0.1151,0.2790653137037468
7680,8840,1160,0.116,0.27582322717090246
7522,8761,1239,0.1239,0.27476578289068243
7474,8737,1263,0.1263,0.2724700785752189
7678,8839,1161,0.1161,0.269495510532707
7708,8854,1146,0.1146,0.2703544851608574
7810,8905,1095,0.1095,0.26655049293025607
7812,8906,1094,0.1094,0.26539956721365454
7528,8764,1236,0.1236,0.25962812029961446
7468,8734,1266,0.1266,0.25703817512243987
7454,8727,1273,0.1273,0.25141674862028224
7492,8746,1254,0.1254,0.25066615464512726
7648,8824,1176,0.1176,0.2509980222076368
7438,8719,1281,0.1281,0.25848487932048736
7564,8782,1218,0.1218,0.26471228536218405
7524,8762,1238,0.1238,0.2687611632768716
7662,8831,1169,0.1169,0.26801968973334767
7734,8867,1133,0.1133,0.26630959725566206
7622,8811,1189,0.1189,0.2602442122656852
7686,8843,1157,0.1157,0.25508090871647
7380,8690,1310,0.131,0.25383501239389933
7608,8804,1196,0.1196,0.2504903095063054
7712,8856,1144,0.1144,0.2523545170663856
7490,8745,1255,0.1255,0.2585556631594696
7464,8732,1268,0.1268,0.270605981043077
7662,8831,1169,0.1169,0.27364165866188706
7460,8730,1270,0.127,0.2927549894550146
7626,8813,1187,0.1187,0.29528038855195043
7636,8818,1182,0.1182,0.3029358679173447
7690,8845,1155,0.1155,0.30238898569783196
7650,8825,1175,0.1175,0.2971255438699423
7550,8775,1225,0.1225,0.2923948977966473
7568,8784,1216,0.1216,0.28092820028364657
7698,8849,1151,0.1151,0.27636110902867295
7494,8747,1253,0.1253,0.2780266409073025
7692,8846,1154,0.1154,0.28103974412195387
7640,8820,1180,0.118,0.29428034175318724
7576,8788,1212,0.1212,0.30290269357850774
7432,8716,1284,0.1284,0.31922725466583735
7698,8849,1151,0.1151,0.3217672335176936
7646,8823,1177,0.1177,0.33117903257943687
7422,8711,1289,0.1289,0.33826766090933236
7414,8707,1293,0.1293,0.33855996361523866
7518,8759,1241,0.1241,0.3354007569118403
7576,8788,1212,0.1212,0.3332496125142194
7500,8750,1250,0.125,0.3338131598290056
7598,8799,1201,0.1201,0.32797093736691685
7380,8690,1310,0.131,0.32862354362568147
7600,8800,1200,0.12,0.31904995431923516
7660,8830,1170,0.117,0.31903800315784103
7574,8787,1213,0.1213,0.31580499789863936
7626,8813,1187,0.1187,0.31604673584066334
7542,8771,1229,0.1229,0.31601936804023845
7548,8774,1226,0.1226,0.3189459463076764
7758,8879,1121,0.1121,0.316019811111048
7636,8818,1182,0.1182,0.31822852405970287
7506,8753,1247,0.1247,0.3158829529911061
7534,8767,1233,0.1233,0.3146835753908828
7558,8779,1221,0.1221,0.3115118653506637
7540,8770,1230,0.123,0.3127647051309352
7648,8824,1176,0.1176,0.3152934758469462
7360,8680,1320,0.132,0.3210769367299974
7474,8737,1263,0.1263,0.32366230061820245
7498,8749,1251,0.1251,0.32670261718444527
7404,8702,1298,0.1298,0.33174338350871113
7700,8850,1150,0.115,0.33058334237029796
7696,8848,1152,0.1152,0.3287386843034532
7764,8882,1118,0.1118,0.3237381308826618
7410,8705,1295,0.1295,0.3258298152275616
7586,8793,1207,0.1207,0.32014512037649573
7604,8802,1198,0.1198,0.320183694706636
7714,8857,1143,0.1143,0.31944766794907625
7534,8767,1233,0.1233,0.3283912552624941
7618,8809,1191,0.1191,0.33255311132462206
7654,8827,1173,0.1173,0.3353510621346533
7496,8748,1252,0.1252,0.34437823989205063
7544,8772,1228,0.1228,0.35113871612846853
7616,8808,1192,0.1192,0.34958215734038384
7536,8768,1232,0.1232,0.3497223687890917
7592,8796,1204,0.1204,0.3453309334947087
7694,8847,1153,0.1153,0.33565986326485875
7462,8731,1269,0.1269,0.32638888512018605
7658,8829,1171,0.1171,0.31605622939120875
7748,8874,1126,0.1126,0.3085897491529584
7650,8825,1175,0.1175,0.30555576456553624
7374,8687,1313,0.1313,0.30866253378260883
7622,8811,1189,0.1189,0.3064463690285298
7520,8760,1240,0.124,0.31023232307881116
7484,8742,1258,0.1258,0.3097855493277835
7774,8887,1113,0.1113,0.30714052354933025
7816,8908,1092,0.1092,0.2980668198570126
7518,8759,1241,0.1241,0.2949551975756884
7542,8771,1229,0.1229,0.2853755350828171
7664,8832,1168,0.1168,0.2794346224952489
7640,8820,1180,0.118,0.26572519925851373
7562,8781,1219,0.1219,0.2630099352038832
7576,8788,1212,0.1212,0.25952856264486907
7640,8820,1180,0.118,0.2570265577301383
7554,8777,1223,0.1223,0.2602332732080293
7572,8786,1214,0.1214,0.26514282373203607
7560,8780,1220,0.122,0.27495782145086706
7542,8771,1229,0.1229,0.278393761771242
7546,8773,1227,0.1227,0.28400936761447704
7636,8818,1182,0.1182,0.28381767262867597
7596,8798,1202,0.1202,0.2785301388716325
7296,8648,1352,0.1352,0.27785349309213925
7582,8791,1209,0.1209,0.26403680756872927
7356,8678,1322,0.1322,0.25850591300745257
7398,8699,1301,0.1301,0.25392228085115787
7542,8771,1229,0.1229,0.2542758027488999
7634,8817,1183,0.1183,0.252080352377845
7548,8774,1226,0.1226,0.25418774120807647
7374,8687,1313,0.1313,0.25848921938613056
7568,8784,1216,0.1216,0.25789611568692344
7654,8827,1173,0.1173,0.2543518493480983
7638,8819,1181,0.1181,0.25343767058253286
7492,8746,1254,0.1254,0.2471538486033678
7738,8869,1131,0.1131,0.24223774168007076
7604,8802,1198,0.1198,0.23271282739561558
7564,8782,1218,0.1218,0.2287311210565269
7374,8687,1313,0.1313,0.2263820043857687
7458,8729,1271,0.1271,0.22520358156955772
7502,8751,1249,0.1249,0.23050944300871634
7578,8789,1211,0.1211,0.23565619022709253
7590,8795,1205,0.1205,0.24398487955919404
7438,8719,1281,0.1281,0.24862034906446934
7614,8807,1193,0.1193,0.2474985732755802
7564,8782,1218,0.1218,0.24334289243221283
7802,8901,1099,0.1099,0.22958554734209424
7644,8822,1178,0.1178,0.2258815623037517
7702,8851,1149,0.1149,0.20234006589688652
7640,8820,1180,0.118,0.21552091072096954
7704,8852,1148,0.1148,0.19585105601213873
7752,8876,1124,0.1124,0.19627163574434817
7520,8760,1240,0.124,0.21053302883984287
7546,8773,1227,0.1227,0.222251509482821
7718,8859,1141,0.1141,0.23284941557198763
7362,8681,1319,0.1319,0.22923028677656385
7566,8783,1217,0.1217,0.24931405062949052
7552,8776,1224,0.1224,0.24924277269467712
7744,8872,1128,0.1128,0.23369490445546107
7514,8757,1243,0.1243,0.2341239605602006
7638,8819,1181,0.1181,0.22745323416665214
7570,8785,1215,0.1215,0.21678883287497328
7572,8786,1214,0.1214,0.2021881863598828
7758,8879,1121,0.1121,0.20103275603149087
7562,8781,1219,0.1219,0.20183085904233158
7532,8766,1234,0.1234,0.20793879135055468
7436,8718,1282,0.1282,0.23732250570635346
7718,8859,1141,0.1141,0.2360529256098438
7464,8732,1268,0.1268,0.23957292206677444
7800,8900,1100,0.11,0.2420463141294521
7732,8866,1134,0.1134,0.24130734597444534
7614,8807,1193,0.1193,0.2402969876994961
7642,8821,1179,0.1179,0.238846792753525
7652,8826,1174,0.1174,0.22824082944071733
7648,8824,1176,0.1176,0.2049602087303996
7646,8823,1177,0.1177,0.20321316250225058
7646,8823,1177,0.1177,0.20271009915210306
7392,8696,1304,0.1304,0.2106570507848751
7722,8861,1139,0.1139,0.22025842190285913
7736,8868,1132,0.1132,0.22378778689348255
7708,8854,1146,0.1146,0.2356841844972223
7454,8727,1273,0.1273,0.2485050916865308
7800,8900,1100,0.11,0.25153729389831425
7466,8733,1267,0.1267,0.25569891944098183
7562,8781,1219,0.1219,0.2554921361520656
7476,8738,1262,0.1262,0.25627094323518834
7786,8893,1107,0.1107,0.24642924112246078
7602,8801,1199,0.1199,0.25106795905898704
7884,8942,1058,0.1058,0.24865347850474062
7616,8808,1192,0.1192,0.25406809163927757
7624,8812,1188,0.1188,0.2618349162664279
7554,8777,1223,0.1223,0.26623449091044465
7586,8793,1207,0.1207,0.27497759350588313
7546,8773,1227,0.1227,0.28887014900324864
7740,8870,1130,0.113,0.30092828817516565
7904,8952,1048,0.1048,0.30327795667797325
7834,8917,1083,0.1083,0.30447220447110046
7784,8892,1108,0.1108,0.3019518366171978
7528,8764,1236,0.1236,0.2897282066415315
7416,8708,1292,0.1292,0.2902782502129674
7434,8717,1283,0.1283,0.28453479786688174
7574,8787,1213,0.1213,0.2839868972168748
7536,8768,1232,0.1232,0.29468605933657016
7700,8850,1150,0.115,0.2958966356909368
7698,8849,1151,0.1151,0.30586928390911705
7616,8808,1192,0.1192,0.315826561478031
7452,8726,1274,0.1274,0.32509394097527256
7610,8805,1195,0.1195,0.32404264267154387
7500,8750,1250,0.125,0.329506498402264
7570,8785,1215,0.1215,0.3261597974650562
7628,8814,1186,0.1186,0.32373714978210627
7660,8830,1170,0.117,0.3243138812229037
7608,8804,1196,0.1196,0.32505990057820455
7644,8822,1178,0.1178,0.32611055552847684
7638,8819,1181,0.1181,0.3368537255808711
7702,8851,1149,0.1149,0.34099903844101354
7460,8730,1270,0.127,0.3473474534854293
7594,8797,1203,0.1203,0.3581413487154059
7548,8774,1226,0.1226,0.3706584286834973
7738,8869,1131,0.1131,0.37307316015737174
7656,8828,1172,0.1172,0.3734582240225439
7438,8719,1281,0.1281,0.3739538206772879
7564,8782,1218,0.1218,0.3708614525564015
7712,8856,1144,0.1144,0.36831722369790076
7634,8817,1183,0.1183,0.36862804122665854
7530,8765,1235,0.1235,0.3679155811076984
7592,8796,1204,0.1204,0.36769576587080954
7514,8757,1243,0.1243,0.36749579578638075
7610,8805,1195,0.1195,0.3667680318809347
7522,8761,1239,0.1239,0.37223309463427867
7724,8862,1138,0.1138,0.3725866537034512
7658,8829,1171,0.1171,0.37261332941390574
7442,8721,1279,0.1279,0.3754811144160107
7490,8745,1255,0.1255,0.37323542009477967
7608,8804,1196,0.1196,0.35640209585951904
7548,8774,1226,0.1226,0.35432683566357354
7578,8789,1211,0.1211,0.34949671697728335
7298,8649,1351,0.1351,0.34628520321398976
7662,8831,1169,0.1169,0.33694071980416773
7526,8763,1237,0.1237,0.34033928097337485
7604,8802,1198,0.1198,0.3360582233089488
7488,8744,1256,0.1256,0.3393985835418105
7534,8767,1233,0.1233,0.3315765782201346
7728,8864,1136,0.1136,0.32792683291248975
7782,8891,1109,0.1109,0.3242875832725062
7856,8928,1072,0.1072,0.31652900195476597
7324,8662,1338,0.1338,0.30544874099223523
7618,8809,1191,0.1191,0.29834682363394516
7704,8852,1148,0.1148,0.2956056068103295
7578,8789,1211,0.1211,0.2944261318195611
7520,8760,1240,0.124,0.3011306319457079
7808,8904,1096,0.1096,0.3010253296419978
7710,8855,1145,0.1145,0.30395786314085127
7474,8737,1263,0.1263,0.30757210304364563
7714,8857,1143,0.1143,0.2981894281417131
7454,8727,1273,0.1273,0.29401628988462036
7416,8708,1292,0.1292,0.2926830619359389
7580,8790,1210,0.121,0.28528564709573984
7628,8814,1186,0.1186,0.2731563807286322
7670,8835,1165,0.1165,0.2718601813036952
7450,8725,1275,0.1275,0.2761930105682636
7568,8784,1216,0.1216,0.2752052086957032
7650,8825,1175,0.1175,0.27956067903735676
7640,8820,1180,0.118,0.2822520199877472
7576,8788,1212,0.1212,0.2847165623769453
7672,8836,1164,0.1164,0.2830502113705501
7554,8777,1223,0.1223,0.2806477814324062
7722,8861,1139,0.1139,0.2771350485800581
7438,8719,1281,0.1281,0.2802965991433157
7540,8770,1230,0.123,0.27566666278280316
7518,8759,1241,0.1241,0.27348579118847427
7688,8844,1156,0.1156,0.26994451649971307
7566,8783,1217,0.1217,0.27345327672678105
7430,8715,1285,0.1285,0.27539573886097435
7676,8838,1162,0.1162,0.27327095700575726
7552,8776,1224,0.1224,0.27387528905272485
7552,8776,1224,0.1224,0.27484306017568405
7432,8716,1284,0.1284,0.27599828781882724
7776,8888,1112,0.1112,0.2652929576890543
7436,8718,1282,0.1282,0.26379613318746814
7658,8829,1171,0.1171,0.2614419700741768
7618,8809,1191,0.1191,0.2577936829261016
7492,8746,1254,0.1254,0.2550526134464728
7704,8852,1148,0.1148,0.2555953818914248
7540,8770,1230,0.123,0.25717525475492387
7642,8821,1179,0.1179,0.26206569544833563
7654,8827,1173,0.1173,0.26597809653049337
7480,8740,1260,0.126,0.26374083997700365
7760,8880,1120,0.112,0.2614033557251096
7644,8822,1178,0.1178,0.25648140170615513
7466,8733,1267,0.1267,0.24209449306689204
7560,8780,1220,0.122,0.24036213785939117
7612,8806,1194,0.1194,0.2360809908200157
7470,8735,1265,0.1265,0.23558474701941012
7526,8763,1237,0.1237,0.24124947094090457
7784,8892,1108,0.1108,0.24504588287666787
7474,8737,1263,0.1263,0.2533808669793427
7612,8806,1194,0.1194,0.25716863058507444
7664,8832,1168,0.1168,0.2690421741858125
7586,8793,1207,0.1207,0.2714955970555815
7660,8830,1170,0.117,0.2698475956177996
7574,8787,1213,0.1213,0.26956047598046146
7590,8795,1205,0.1205,0.2670092296670756
7482,8741,1259,0.1259,0.268418892387615
7614,8807,1193,0.1193,0.26838766438513995
7534,8767,1233,0.1233,0.2732917810689658
7718,8859,1141,0.1141,0.2908676262095571
7684,8842,1158,0.1158,0.30002863636761906
7712,8856,1144,0.1144,0.30107249658852814
7592,8796,1204,0.1204,0.31245061331984403
7632,8816,1184,0.1184,0.3177481707572915
7758,8879,1121,0.1121,0.31714753750796665
7590,8795,1205,0.1205,0.3166326940302045
7456,8728,1272,0.1272,0.32310845823783896
7578,8789,1211,0.1211,0.32286093842515773
7562,8781,1219,0.1219,0.3254994260763051
7566,8783,1217,0.1217,0.32558094404599397
7560,8780,1220,0.122,0.33071643145531415
7736,8868,1132,0.1132,0.33569221112109704
7442,8721,1279,0.1279,0.3458289178964987
7518,8759,1241,0.1241,0.3453751071260311
7580,8790,1210,0.121,0.34852133885510267
7622,8811,1189,0.1189,0.3528197079718113
7796,8898,1102,0.1102,0.35695952944872245
7644,8822,1178,0.1178,0.3569786184997065
7594,8797,1203,0.1203,0.35725089384378517
7490,8745,1255,0.1255,0.36155968154519796
7460,8730,1270,0.127,0.36882006166528797
7718,8859,1141,0.1141,0.3653647397240012
7622,8811,1189,0.1189,0.37370656358639825
7564,8782,1218,0.1218,0.38979533347338435
7526,8763,1237,0.1237,0.39655375320985914
7560,8780,1220,0.122,0.39576379415653645
7578,8789,1211,0.1211,0.3970569043970187
7512,8756,1244,0.1244,0.40570203161016105
7680,8840,1160,0.116,0.40652908545525496
7362,8681,1319,0.1319,0.4120686647117138
7508,8754,1246,0.1246,0.40998555551575994
7576,8788,1212,0.1212,0.4121533086359609
7544,8772,1228,0.1228,0.414585913316533
7542,8771,1229,0.1229,0.4128919259041548
7518,8759,1241,0.1241,0.4160832249625209
7466,8733,1267,0.1267,0.42005066513419154
7292,8646,1354,0.1354,0.4260713771060109
7628,8814,1186,0.1186,0.4216812292594463
7562,8781,1219,0.1219,0.4229819489151239
7624,8812,1188,0.1188,0.42156631002873207
7586,8793,1207,0.1207,0.4196485673457677
7490,8745,1255,0.1255,0.4194738050992426
7554,8777,1223,0.1223,0.4119343248213161
7682,8841,1159,0.1159,0.39336555171012877
7414,8707,1293,0.1293,0.3912812035845755
7594,8797,1203,0.1203,0.3873048922960925
7564,8782,1218,0.1218,0.3779456754209008
7646,8823,1177,0.1177,0.36536605261932054
7546,8773,1227,0.1227,0.3620732774939388
7408,8704,1296,0.1296,0.3630028309476562
7510,8755,1245,0.1245,0.3582389777976947
7546,8773,1227,0.1227,0.34650191933815366
7594,8797,1203,0.1203,0.3399043504061864
7520,8760,1240,0.124,0.3416578239390535
7540,8770,1230,0.123,0.33783850424521644
7708,8854,1146,0.1146,0.31939801183203237
7676,8838,1162,0.1162,0.31665335954516205
7648,8824,1176,0.1176,0.31815564015657605
7642,8821,1179,0.1179,0.31020871090472746
7672,8836,1164,0.1164,0.291938519478079
7470,8735,1265,0.1265,0.2883958106994629
7674,8837,1163,0.1163,0.28512396366698667
7512,8756,1244,0.1244,0.27809095604611755
7638,8819,1181,0.1181,0.26383589098325555
7708,8854,1146,0.1146,0.2601079288606001
7632,8816,1184,0.1184,0.26097804450625556
7432,8716,1284,0.1284,0.25982537868497185
7730,8865,1135,0.1135,0.2517698353951027
7512,8756,1244,0.1244,0.25025169153612614
7658,8829,1171,0.1171,0.24801235438295463
7584,8792,1208,0.1208,0.2440000614913035
7674,8837,1163,0.1163,0.2317368561794262
7594,8797,1203,0.1203,0.22989418875093015
7510,8755,1245,0.1245,0.2306202770754695
7670,8835,1165,0.1165,0.22557550135478377
7494,8747,1253,0.1253,0.2212867927620886
7592,8796,1204,0.1204,0.2197728619594127
7738,8869,1131,0.1131,0.21896775921583175
7374,8687,1313,0.1313,0.221676458992064
7618,8809,1191,0.1191,0.2195218752591667
7450,8725,1275,0.1275,0.2193276534255594
7768,8884,1116,0.1116,0.21684560825342777
7554,8777,1223,0.1223,0.2156219123611445
7522,8761,1239,0.1239,0.20483121247528524
7786,8893,1107,0.1107,0.1941292842840084
7634,8817,1183,0.1183,0.19300949181299656
7696,8848,1152,0.1152,0.18676124581673065
7804,8902,1098,0.1098,0.18142203236766272
7452,8726,1274,0.1274,0.18716761488132178
7522,8761,1239,0.1239,0.18572137296106667
7822,8911,1089,0.1089,0.18774233430773019
7738,8869,1131,0.1131,0.19467561877560025
7636,8818,1182,0.1182,0.20081631694395036
7500,8750,1250,0.125,0.20229927945509554
7636,8818,1182,0.1182,0.2021409598604776
7656,8828,1172,0.1172,0.20129824754446746
7662,8831,1169,0.1169,0.2018212819269471
7600,8800,1200,0.12,0.20191251604084973
7550,8775,1225,0.1225,0.19940903586451914
7398,8699,1301,0.1301,0.19763342372961343
7442,8721,1279,0.1279,0.19729383048783056
7676,8838,1162,0.1162,0.19463755381992087
7592,8796,1204,0.1204,0.19764920406578512
7586,8793,1207,0.1207,0.20184748716279866
7840,8920,1080,0.108,0.19949682655564263
7682,8841,1159,0.1159,0.19955673542171717
7564,8782,1218,0.1218,0.19894682129845023
7620,8810,1190,0.119,0.19686959860794595
7432,8716,1284,0.1284,0.1992098410183382
7716,8858,1142,0.1142,0.1955651408108417
7620,8810,1190,0.119,0.19830295281964355
7614,8807,1193,0.1193,0.20807699146587402
7540,8770,1230,0.123,0.2128307575060986
7402,8701,1299,0.1299,0.21365072689014486
7698,8849,1151,0.1151,0.2166804577946663
7636,8818,1182,0.1182,0.22686501802206038
7608,8804,1196,0.1196,0.2269903535271398
7618,8809,1191,0.1191,0.22831302966997027
7762,8881,1119,0.1119,0.22286639526527066
7660,8830,1170,0.117,0.21825845884954323
7612,8806,1194,0.1194,0.21602382618710397
7572,8786,1214,0.1214,0.21721355952546
7580,8790,1210,0.121,0.2133792954967561
7542,8771,1229,0.1229,0.2196148727455642
7882,8941,1059,0.1059,0.21852312416136266
7820,8910,1090,0.109,0.22104725665587685
7544,8772,1228,0.1228,0.22494903938961217
7576,8788,1212,0.1212,0.23238403107018676
7522,8761,1239,0.1239,0.23405170760078617
7546,8773,1227,0.1227,0.23503362291223603
7698,8849,1151,0.1151,0.23695573779265397
7656,8828,1172,0.1172,0.24028663253337146
7606,8803,1197,0.1197,0.23999794184938678
7584,8792,1208,0.1208,0.2393195432882756
7468,8734,1266,0.1266,0.24201477332823024
7656,8828,1172,0.1172,0.24173618865764002
7676,8838,1162,0.1162,0.24298923498541117
7344,8672,1328,0.1328,0.2456416374720633
7384,8692,1308,0.1308,0.2467826602514549
7640,8820,1180,0.118,0.24869291734844445
7592,8796,1204,0.1204,0.25135882181366903
7782,8891,1109,0.1109,0.24937833131138476
7626,8813,1187,0.1187,0.2521738953495515
7382,8691,1309,0.1309,0.2541892294902354
7620,8810,1190,0.119,0.2520191847106151
7598,8799,1201,0.1201,0.25316459246795747
7742,8871,1129,0.1129,0.2514112418156117
7506,8753,1247,0.1247,0.25641774222254754
7596,8798,1202,0.1202,0.254858573843725
7566,8783,1217,0.1217,0.25438468819637783
7398,8699,1301,0.1301,0.26035489534728556
7678,8839,1161,0.1161,0.2684249031409621
7560,8780,1220,0.122,0.27081035078018906
7426,8713,1287,0.1287,0.27349497983021803
7506,8753,1247,0.1247,0.2744759897468117
7764,8882,1118,0.1118,0.2666576281093061
7636,8818,1182,0.1182,0.26632196367308497
7658,8829,1171,0.1171,0.2619054102455266
7486,8743,1257,0.1257,0.26192725402861833
7368,8684,1316,0.1316,0.2599135971199721
7504,8752,1248,0.1248,0.26011612576440674
7440,8720,1280,0.128,0.26071599275480867
7728,8864,1136,0.1136,0.2642664172003053
7676,8838,1162,0.1162,0.2717579516384285
7698,8849,1151,0.1151,0.27116526866704227
7588,8794,1206,0.1206,0.2733086872691172
7528,8764,1236,0.1236,0.27023752584080496
7474,8737,1263,0.1263,0.2663710031910392
7516,8758,1242,0.1242,0.2641516887664213
7448,8724,1276,0.1276,0.2663024221882224
7586,8793,1207,0.1207,0.2660228022307157
7574,8787,1213,0.1213,0.27426902558198196
7558,8779,1221,0.1221,0.2757600685729296
7690,8845,1155,0.1155,0.2748257218853221
7588,8794,1206,0.1206,0.2747658474746626
7696,8848,1152,0.1152,0.2657435655839741
7572,8786,1214,0.1214,0.264588501162827
7610,8805,1195,0.1195,0.26313036878866186
7584,8792,1208,0.1208,0.25609585059061646
7642,8821,1179,0.1179,0.24543446360834706
7600,8800,1200,0.12,0.24701972531154764
7486,8743,1257,0.1257,0.24689505903459336
7582,8791,1209,0.1209,0.24647481426149606
7476,8738,1262,0.1262,0.2556673309728503
7522,8761,1239,0.1239,0.2587917760722543
7648,8824,1176,0.1176,0.25503529484625903
7440,8720,1280,0.128,0.26069473756019895
7548,8774,1226,0.1226,0.25644504722599043
7560,8780,1220,0.122,0.254676679350605
7558,8779,1221,0.1221,0.2512838609706905
7578,8789,1211,0.1211,0.24646044425371183
7702,8851,1149,0.1149,0.23393035642504692
7480,8740,1260,0.126,0.2354051466778037
7628,8814,1186,0.1186,0.2332328815246001
7636,8818,1182,0.1182,0.23114935450467164
7372,8686,1314,0.1314,0.23689125999972022
7658,8829,1171,0.1171,0.2340610773451498
7546,8773,1227,0.1227,0.2355313902380477
7440,8720,1280,0.128,0.2385863291710615
7546,8773,1227,0.1227,0.23346103528733364
7592,8796,1204,0.1204,0.22968683033017878
7442,8721,1279,0.1279,0.23186090460745618
7736,8868,1132,0.1132,0.22361906518872238
7514,8757,1243,0.1243,0.2120207096667029
7786,8893,1107,0.1107,0.20474967162966787
7470,8735,1265,0.1265,0.20688953617388492
7604,8802,1198,0.1198,0.2017205958560109
7604,8802,1198,0.1198,0.19759507443495095
7558,8779,1221,0.1221,0.19685652602650225
7456,8728,1272,0.1272,0.19977221483218963
7478,8739,1261,0.1261,0.2037241893833298
7782,8891,1109,0.1109,0.2105250789280195
7574,8787,1213,0.1213,0.21273194649537908
7524,8762,1238,0.1238,0.2151039349602346
7606,8803,1197,0.1197,0.21667983503043653
7570,8785,1215,0.1215,0.2147119780681579
7562,8781,1219,0.1219,0.21442564718391513
7510,8755,1245,0.1245,0.21541782333371062
7646,8823,1177,0.1177,0.21595475908503867
7554,8777,1223,0.1223,0.21948280508619436
7666,8833,1167,0.1167,0.21827437129226163
7552,8776,1224,0.1224,0.22039688022620976
7724,8862,1138,0.1138,0.22143648291584103
7624,8812,1188,0.1188,0.23152765874558828
7600,8800,1200,0.12,0.23226238636299967
7556,8778,1222,0.1222,0.23410917375832796
7628,8814,1186,0.1186,0.2368014704272151
7548,8774,1226,0.1226,0.23947139238119125
7844,8922,1078,0.1078,0.23648937398344277
7448,8724,1276,0.1276,0.23727759758681058
7720,8860,1140,0.114,0.23267322835707674
7708,8854,1146,0.1146,0.22498441178500653
7838,8919,1081,0.1081,0.22326732914173045
7448,8724,1276,0.1276,0.22576365410946309
7614,8807,1193,0.1193,0.2241787872750312
7514,8757,1243,0.1243,0.23402133993567742
7636,8818,1182,0.1182,0.2330500048202366
7536,8768,1232,0.1232,0.23588838486822733
7402,8701,1299,0.1299,0.23390153523981572
7566,8783,1217,0.1217,0.24357830008864406
7780,8890,1110,0.111,0.2405128637390444
7704,8852,1148,0.1148,0.24009773910716176
7634,8817,1183,0.1183,0.24020195305883166
7670,8835,1165,0.1165,0.2193805383367675
7464,8732,1268,0.1268,0.21955413525926415
7508,8754,1246,0.1246,0.21813707324322312
7514,8757,1243,0.1243,0.21797955515664072
7680,8840,1160,0.116,0.2240305979911238
7550,8775,1225,0.1225,0.2260538727596362
7572,8786,1214,0.1214,0.22847129439562558
7530,8765,1235,0.1235,0.22861980511629953
7606,8803,1197,0.1197,0.2213822434026748
7552,8776,1224,0.1224,0.2223655238635838
7402,8701,1299,0.1299,0.22243211876613744
7652,8826,1174,0.1174,0.2184616846444241
7764,8882,1118,0.1118,0.20067374561808538
7650,8825,1175,0.1175,0.20176139200199394
7556,8778,1222,0.1222,0.20243657937049866
7526,8763,1237,0.1237,0.20028707733852788
7658,8829,1171,0.1171,0.1968999587096274
7594,8797,1203,0.1203,0.19797769260015338
7650,8825,1175,0.1175,0.19865597191676498
7598,8799,1201,0.1201,0.2019212184268981
7784,8892,1108,0.1108,0.2014113916024567
7586,8793,1207,0.1207,0.20359717317570467
7730,8865,1135,0.1135,0.20360869290940464
7550,8775,1225,0.1225,0.2029930663432926
7598,8799,1201,0.1201,0.19968100877510186
7656,8828,1172,0.1172,0.19959838818870485
7576,8788,1212,0.1212,0.20112891440428793
7640,8820,1180,0.118,0.2030175438598031
7694,8847,1153,0.1153,0.20926970707038273
7760,8880,1120,0.112,0.20771835610299078
7834,8917,1083,0.1083,0.20937498589232564
7780,8890,1110,0.111,0.21142337880465767
7608,8804,1196,0.1196,0.21667057650908828
7698,8849,1151,0.1151,0.21642262030225248
7614,8807,1193,0.1193,0.21594629587773112
7516,8758,1242,0.1242,0.21975320501079196
7640,8820,1180,0.118,0.2211396508216625
7456,8728,1272,0.1272,0.2236237186157683
7786,8893,1107,0.1107,0.21948445231955793
7612,8806,1194,0.1194,0.22182013707155712
7558,8779,1221,0.1221,0.22198925785716855
7674,8837,1163,0.1163,0.2235288281407906
7720,8860,1140,0.114,0.22203995366846066
7470,8735,1265,0.1265,0.23178206313719274
7766,8883,1117,0.1117,0.23784075216847958
7360,8680,1320,0.132,0.24500154552769005
7544,8772,1228,0.1228,0.24413442277744543
7672,8836,1164,0.1164,0.2508722209117547
7536,8768,1232,0.1232,0.2590327905474389
7458,8729,1271,0.1271,0.2638105600204297
7718,8859,1141,0.1141,0.2586578150335567
7538,8769,1231,0.1231,0.26161087526478805
7386,8693,1307,0.1307,0.2577785761337157
7772,8886,1114,0.1114,0.255914745447843
7728,8864,1136,0.1136,0.2521955627830456
7672,8836,1164,0.1164,0.2497813451960683
7494,8747,1253,0.1253,0.24023657379169017
7506,8753,1247,0.1247,0.23970195957132137
7658,8829,1171,0.1171,0.23398343799341237
7726,8863,1137,0.1137,0.2304841261750087
7704,8852,1148,0.1148,0.22802903546491307
7518,8759,1241,0.1241,0.23120604156851768
7620,8810,1190,0.119,0.2250115275691147
7516,8758,1242,0.1242,0.22697036516492952
7854,8927,1073,0.1073,0.2214916913226247
7774,8887,1113,0.1113,0.22166409810632468
7622,8811,1189,0.1189,0.22028444543629486
7664,8832,1168,0.1168,0.2157868028034398
7494,8747,1253,0.1253,0.21243629794865845
7598,8799,1201,0.1201,0.2107039053125307
7640,8820,1180,0.118,0.2090469346815893
7554,8777,1223,0.1223,0.2111602719227378
7574,8787,1213,0.1213,0.21527799188108784
7734,8867,1133,0.1133,0.21382305373786947
7642,8821,1179,0.1179,0.21689550914093852
7700,8850,1150,0.115,0.21374041060018498
7638,8819,1181,0.1181,0.20863662079386414
7526,8763,1237,0.1237,0.20767625096524134
7686,8843,1157,0.1157,0.2050609392167349
7640,8820,1180,0.118,0.20455739864837377
7588,8794,1206,0.1206,0.20472637841136562
7762,8881,1119,0.1119,0.20163086324839968
7584,8792,1208,0.1208,0.2042361022949317
7518,8759,1241,0.1241,0.20519449383026714
7582,8791,1209,0.1209,0.20612455489039422
7542,8771,1229,0.1229,0.2063699769318104
7690,8845,1155,0.1155,0.20774614225233673
7362,8681,1319,0.1319,0.2136150157576776
7522,8761,1239,0.1239,0.21779342086998113
7628,8814,1186,0.1186,0.21643060547907372
7600,8800,1200,0.12,0.21813231958536652
7548,8774,1226,0.1226,0.21928438815318263
7428,8714,1286,0.1286,0.21877337512160558
7558,8779,1221,0.1221,0.21744435597285627
7504,8752,1248,0.1248,0.2198313773915769
7646,8823,1177,0.1177,0.22318844685330988
7514,8757,1243,0.1243,0.2368468644955661
7542,8771,1229,0.1229,0.23962827122807503
7406,8703,1297,0.1297,0.24584779367816745
7592,8796,1204,0.1204,0.2514385136478273
7750,8875,1125,0.1125,0.2556574717774987
7598,8799,1201,0.1201,0.2548853188514709
7868,8934,1066,0.1066,0.2526416490325748
7624,8812,1188,0.1188,0.25179885022193194
7578,8789,1211,0.1211,0.244201675786078
7780,8890,1110,0.111,0.24043530932890134
7716,8858,1142,0.1142,0.2416024345298141
7758,8879,1121,0.1121,0.24367142751743084
7544,8772,1228,0.1228,0.25741573124974965
7654,8827,1173,0.1173,0.25732031311243775
7536,8768,1232,0.1232,0.2640768722719513
7764,8882,1118,0.1118,0.2678253002103644
7520,8760,1240,0.124,0.2746496208024282
7666,8833,1167,0.1167,0.27284060612151445
7500,8750,1250,0.125,0.2731790504865355
7606,8803,1197,0.1197,0.26563921308666466
7632,8816,1184,0.1184,0.2539244737725705
7782,8891,1109,0.1109,0.25033424477279187
7648,8824,1176,0.1176,0.24772465737841595
7786,8893,1107,0.1107,0.2392256653208394
7684,8842,1158,0.1158,0.23836972009520976
7658,8829,1171,0.1171,0.2410649840723723
7720,8860,1140,0.114,0.2425226135611534
7580,8790,1210,0.121,0.2518166833207011
7722,8861,1139,0.1139,0.26429791003763675
7578,8789,1211,0.1211,0.2663109775927736
7604,8802,1198,0.1198,0.2681810617722571
7576,8788,1212,0.1212,0.26766889255842385
7538,8769,1231,0.1231,0.2618789518860634
7616,8808,1192,0.1192,0.25953059351646807
7520,8760,1240,0.124,0.2592358351826668
7604,8802,1198,0.1198,0.2541640820041299
7624,8812,1188,0.1188,0.25629632844626904
7644,8822,1178,0.1178,0.254528969027102
7636,8818,1182,0.1182,0.25792641158109775
7560,8780,1220,0.122,0.2652401457631
7610,8805,1195,0.1195,0.2684568742454052
7638,8819,1181,0.1181,0.26979078247920113
7604,8802,1198,0.1198,0.2702448359556729
7664,8832,1168,0.1168,0.2692977600282524
7524,8762,1238,0.1238,0.2685926011968637
7706,8853,1147,0.1147,0.2674152946516871
7682,8841,1159,0.1159,0.2660373887554516
7668,8834,1166,0.1166,0.2648216753640438
7760,8880,1120,0.112,0.26454887677431105
7592,8796,1204,0.1204,0.2666726067713229
7686,8843,1157,0.1157,0.26507630513138136
7686,8843,1157,0.1157,0.2649972032118589
7462,8731,1269,0.1269,0.2698251236040933
7572,8786,1214,0.1214,0.26974785519838335
7724,8862,1138,0.1138,0.266988576233387
7680,8840,1160,0.116,0.2657221920771524
7618,8809,1191,0.1191,0.25708926185860453
7616,8808,1192,0.1192,0.2562771849071025
7590,8795,1205,0.1205,0.252591078319028
7578,8789,1211,0.1211,0.2451748093876344
7652,8826,1174,0.1174,0.23852600923742792
7412,8706,1294,0.1294,0.2409457702100277
7610,8805,1195,0.1195,0.23895939150425244
7524,8762,1238,0.1238,0.241248749837652
7426,8713,1287,0.1287,0.248653511855773
7708,8854,1146,0.1146,0.24559477677103458
7610,8805,1195,0.1195,0.2455042667169124
7322,8661,1339,0.1339,0.24854115171581506
7436,8718,1282,0.1282,0.24479299190044404
7718,8859,1141,0.1141,0.24026720420397796
7742,8871,1129,0.1129,0.2360668326581365
7560,8780,1220,0.122,0.23676487307698654
7492,8746,1254,0.1254,0.23309678602195272
7558,8779,1221,0.1221,0.23254194914122928
7586,8793,1207,0.1207,0.23208368429811757
7684,8842,1158,0.1158,0.2363186264746316
7380,8690,1310,0.131,0.25036505217844107
7666,8833,1167,0.1167,0.24852558733075858
7774,8887,1113,0.1113,0.25003767816349864
7634,8817,1183,0.1183,0.253420861997295
7614,8807,1193,0.1193,0.25384402431678027
7216,8608,1392,0.1392,0.25720897433313367
7552,8776,1224,0.1224,0.24887750688896632
7540,8770,1230,0.123,0.24681505358474096
7650,8825,1175,0.1175,0.24434377124135698
7622,8811,1189,0.1189,0.24543961277021953
7548,8774,1226,0.1226,0.24495431760268402
7402,8701,1299,0.1299,0.24786432807438108
7776,8888,1112,0.1112,0.24457922357222042
7778,8889,1111,0.1111,0.24534274939447642
7894,8947,1053,0.1053,0.24146825729757548
7610,8805,1195,0.1195,0.2407208047084378
7564,8782,1218,0.1218,0.23304462172938512
7682,8841,1159,0.1159,0.23161693879189843
7646,8823,1177,0.1177,0.22785035932213069
7544,8772,1228,0.1228,0.22945037125727394
7392,8696,1304,0.1304,0.2332320535733582
7564,8782,1218,0.1218,0.23194533147936744
7444,8722,1278,0.1278,0.23490133542888797
7672,8836,1164,0.1164,0.23750209925175905
7648,8824,1176,0.1176,0.24340682805911637
7584,8792,1208,0.1208,0.24217143886054354
7670,8835,1165,0.1165,0.23834830533713103
7736,8868,1132,0.1132,0.23103218499884826
7604,8802,1198,0.1198,0.22379389316265005
7678,8839,1161,0.1161,0.22178820755819412
7620,8810,1190,0.119,0.2203191622339189
7438,8719,1281,0.1281,0.22607903580721467
7524,8762,1238,0.1238,0.24005258884835057
7494,8747,1253,0.1253,0.24292613703813404
7586,8793,1207,0.1207,0.2512694936275482
7698,8849,1151,0.1151,0.2583467797121033
7696,8848,1152,0.1152,0.2593655285231769
7574,8787,1213,0.1213,0.2603921288467953
7550,8775,1225,0.1225,0.256208038424328
7756,8878,1122,0.1122,0.24589487143891164
7770,8885,1115,0.1115,0.22584158615352934
7722,8861,1139,0.1139,0.227792811752711
7676,8838,1162,0.1162,0.2220761725177057
7734,8867,1133,0.1133,0.22143366571227388
7736,8868,1132,0.1132,0.2352603717099206
7664,8832,1168,0.1168,0.23899302044400247
7696,8848,1152,0.1152,0.2508769553646762
7828,8914,1086,0.1086,0.2608055522825249
7678,8839,1161,0.1161,0.26932230208963154
7658,8829,1171,0.1171,0.2672786260977387
7568,8784,1216,0.1216,0.26634049881949207
7408,8704,1296,0.1296,0.26244808368831873
7858,8929,1071,0.1071,0.24855204001861858
7646,8823,1177,0.1177,0.25177106131353055
7682,8841,1159,0.1159,0.24580314461453817
7822,8911,1089,0.1089,0.2436288476634305
7692,8846,1154,0.1154,0.25094017414082775
7402,8701,1299,0.1299,0.25532417230457066
7470,8735,1265,0.1265,0.2653327610954783
7532,8766,1234,0.1234,0.27453409570325166
7478,8739,1261,0.1261,0.289909955483675
7654,8827,1173,0.1173,0.2885623260348515
7836,8918,1082,0.1082,0.2889158080025576
7406,8703,1297,0.1297,0.2878327135543237
7622,8811,1189,0.1189,0.2676051310269162
7632,8816,1184,0.1184,0.2645048841606826
7512,8756,1244,0.1244,0.25440849895011636
7634,8817,1183,0.1183,0.24403719790624454
7654,8827,1173,0.1173,0.23459441834783712
7684,8842,1158,0.1158,0.23398181455414743
7538,8769,1231,0.1231,0.2353139094263969
7498,8749,1251,0.1251,0.23981942254176047
7608,8804,1196,0.1196,0.24675771446630823
7636,8818,1182,0.1182,0.24751175110687995
7692,8846,1154,0.1154,0.24873850215135607
7538,8769,1231,0.1231,0.2515034064215531
7624,8812,1188,0.1188,0.24479608243312687
7594,8797,1203,0.1203,0.24515711581856012
7600,8800,1200,0.12,0.23835121216923
7348,8674,1326,0.1326,0.2384946851312183
7700,8850,1150,0.115,0.2304205055535771
7710,8855,1145,0.1145,0.2313493233463923
7846,8923,1077,0.1077,0.22954286267608404
7744,8872,1128,0.1128,0.2334067851456618
7588,8794,1206,0.1206,0.2383064768023789
7572,8786,1214,0.1214,0.23959792149588466
7578,8789,1211,0.1211,0.2395721729202196
7844,8922,1078,0.1078,0.237720101728593
7566,8783,1217,0.1217,0.2380613655895948
7650,8825,1175,0.1175,0.23711879700761054
7622,8811,1189,0.1189,0.2351393059836875
7394,8697,1303,0.1303,0.23240936914058402
7682,8841,1159,0.1159,0.22645378315374254
7580,8790,1210,0.121,0.22967094643190503
7548,8774,1226,0.1226,0.22839591760152544
7660,8830,1170,0.117,0.2248674141865922
7460,8730,1270,0.127,0.22355892085805534
7736,8868,1132,0.1132,0.2203993316059874
7748,8874,1126,0.1126,0.2179081119119687
7312,8656,1344,0.1344,0.22044303766456214
7694,8847,1153,0.1153,0.21603247203519568
7644,8822,1178,0.1178,0.21525390116979834
7710,8855,1145,0.1145,0.21327677935920655
7406,8703,1297,0.1297,0.21926023059538566
7560,8780,1220,0.122,0.22009000123773004
7654,8827,1173,0.1173,0.2166888821825385
7596,8798,1202,0.1202,0.21609069721996785
7558,8779,1221,0.1221,0.21692794746583677
7510,8755,1245,0.1245,0.2108130748342275
7768,8884,1116,0.1116,0.20546867555114878
7570,8785,1215,0.1215,0.2049642874641344
7658,8829,1171,0.1171,0.20192004310190678
7760,8880,1120,0.112,0.1988864489120111
7708,8854,1146,0.1146,0.19687627920256928
7578,8789,1211,0.1211,0.1998452388310805
7614,8807,1193,0.1193,0.20382077214866876
7596,8798,1202,0.1202,0.21086951051838695
7756,8878,1122,0.1122,0.20824588358346374
7392,8696,1304,0.1304,0.21619153352230788
7498,8749,1251,0.1251,0.21843530963438315
7854,8927,1073,0.1073,0.21895204163154613
7476,8738,1262,0.1262,0.22062338553364388
7788,8894,1106,0.1106,0.2176669879456421
7612,8806,1194,0.1194,0.21780633301585914
7726,8863,1137,0.1137,0.20714833392205756
7592,8796,1204,0.1204,0.20807902210354806
7798,8899,1101,0.1101,0.20389561236722636
7502,8751,1249,0.1249,0.20916881557861916
7438,8719,1281,0.1281,0.21406870949938894
7642,8821,1179,0.1179,0.21459674032628537
7706,8853,1147,0.1147,0.21946875141388444
7464,8732,1268,0.1268,0.23060157665582373
7650,8825,1175,0.1175,0.2286598706498742
7662,8831,1169,0.1169,0.23092494940839242
7684,8842,1158,0.1158,0.22544624886885287
7562,8781,1219,0.1219,0.222512293497473
7656,8828,1172,0.1172,0.21143497637836262
7572,8786,1214,0.1214,0.21255891081675654
7720,8860,1140,0.114,0.20859047316499055
7580,8790,1210,0.121,0.21161367177814244
7560,8780,1220,0.122,0.2140520550519228
7638,8819,1181,0.1181,0.2176697452738881
7480,8740,1260,0.126,0.22388752839699447
7558,8779,1221,0.1221,0.2282449970510788
7560,8780,1220,0.122,0.22807159565296023
7748,8874,1126,0.1126,0.22625143065221273
7478,8739,1261,0.1261,0.22345800894126297
7688,8844,1156,0.1156,0.21300582835674287
7736,8868,1132,0.1132,0.19920082979612053
7622,8811,1189,0.1189,0.19782145565152168
7738,8869,1131,0.1131,0.19078147054612637
7688,8844,1156,0.1156,0.18911199958355865
7546,8773,1227,0.1227,0.19248144412746868
7744,8872,1128,0.1128,0.19215479425427037
7508,8754,1246,0.1246,0.19985067793244962
7828,8914,1086,0.1086,0.20267844558376819
7510,8755,1245,0.1245,0.20948232747670262
7658,8829,1171,0.1171,0.20764911921032908
7850,8925,1075,0.1075,0.2047581941269338
7526,8763,1237,0.1237,0.20400455060446449
7520,8760,1240,0.124,0.19665619585136224
7704,8852,1148,0.1148,0.19153914866331034
7744,8872,1128,0.1128,0.1861146428439155
7588,8794,1206,0.1206,0.18766869944107603
7406,8703,1297,0.1297,0.1940913601038279
7668,8834,1166,0.1166,0.193134389496815
7570,8785,1215,0.1215,0.19991643252322683
7760,8880,1120,0.112,0.20383154907720163
7640,8820,1180,0.118,0.20705761440750212
7808,8904,1096,0.1096,0.2034459295243025
7668,8834,1166,0.1166,0.20093584671504797
7428,8714,1286,0.1286,0.19628076976537703
7658,8829,1171,0.1171,0.18525107441991567
7450,8725,1275,0.1275,0.18686253239233047
7554,8777,1223,0.1223,0.18322944586202503
7594,8797,1203,0.1203,0.18929845679671126
7764,8882,1118,0.1118,0.19668135336615813
7706,8853,1147,0.1147,0.20073273250139317
7728,8864,1136,0.1136,0.2054692499473691
7628,8814,1186,0.1186,0.21184755084738136
7524,8762,1238,0.1238,0.2128351981476022
7634,8817,1183,0.1183,0.21110662367343902
7692,8846,1154,0.1154,0.20910486629144975
7710,8855,1145,0.1145,0.20644199104612818
7666,8833,1167,0.1167,0.2047774066971929
7692,8846,1154,0.1154,0.2011586561052073
7680,8840,1160,0.116,0.20318962804113763
7726,8863,1137,0.1137,0.20541035807203734
7660,8830,1170,0.117,0.2107312514996738
7600,8800,1200,0.12,0.21125721629410982
7802,8901,1099,0.1099,0.21078257782831789
7566,8783,1217,0.1217,0.2132580938803032
7368,8684,1316,0.1316,0.21510447134124114
7536,8768,1232,0.1232,0.21158863330334424
7656,8828,1172,0.1172,0.20905343863756862
7480,8740,1260,0.126,0.2067774618268013
7904,8952,1048,0.1048,0.1983474733300507
7408,8704,1296,0.1296,0.2022615063741803
7480,8740,1260,0.126,0.1966084027417539
7630,8815,1185,0.1185,0.19008844412900508
7498,8749,1251,0.1251,0.19167576404735445
7512,8756,1244,0.1244,0.19429029963267966
7672,8836,1164,0.1164,0.19648023508307233
7586,8793,1207,0.1207,0.20337142077535392
7514,8757,1243,0.1243,0.21258745480030775
7582,8791,1209,0.1209,0.2141962783791221
7646,8823,1177,0.1177,0.21456382198138163
7528,8764,1236,0.1236,0.2136087876705802
7622,8811,1189,0.1189,0.2072931800596416
7914,8957,1043,0.1043,0.20361887106820942
7628,8814,1186,0.1186,0.20063825483891415
7524,8762,1238,0.1238,0.1968379294515913
7482,8741,1259,0.1259,0.19682027396012794
7654,8827,1173,0.1173,0.19587653139941394
7498,8749,1251,0.1251,0.20474307678857617
7490,8745,1255,0.1255,0.22007040157384472
7642,8821,1179,0.1179,0.23434503492829398
7772,8886,1114,0.1114,0.23609790263026953
7668,8834,1166,0.1166,0.24255238331856052
7780,8890,1110,0.111,0.24043079156781605
7794,8897,1103,0.1103,0.23042376461595995
7426,8713,1287,0.1287,0.2313013724900138
7612,8806,1194,0.1194,0.2282641633424617
7660,8830,1170,0.117,0.2261223585283591
7620,8810,1190,0.119,0.2353120158545673
7634,8817,1183,0.1183,0.23655323664546013
7670,8835,1165,0.1165,0.24631185353696347
7672,8836,1164,0.1164,0.2580323276833631
7602,8801,1199,0.1199,0.270816554158926
7618,8809,1191,0.1191,0.2727436023592949
7600,8800,1200,0.12,0.2784899387426674
7682,8841,1159,0.1159,0.27953760615699286
7548,8774,1226,0.1226,0.27987834842037407
7646,8823,1177,0.1177,0.2759527380471118
7736,8868,1132,0.1132,0.27256926163746914
7510,8755,1245,0.1245,0.2693706662014476
7720,8860,1140,0.114,0.2645934570561512
7518,8759,1241,0.1241,0.26752720816619696
7572,8786,1214,0.1214,0.2688417874431616
7570,8785,1215,0.1215,0.2729004308730364
7564,8782,1218,0.1218,0.27822427805513145
7654,8827,1173,0.1173,0.2801783203404804
7612,8806,1194,0.1194,0.28416229624897243
7396,8698,1302,0.1302,0.28629253896850276
7484,8742,1258,0.1258,0.2793040675511747
7530,8765,1235,0.1235,0.27978736154586076
7618,8809,1191,0.1191,0.2716605539277196
7502,8751,1249,0.1249,0.27011084726721857
7556,8778,1222,0.1222,0.2676388536758881
7720,8860,1140,0.114,0.26811178665980695
7502,8751,1249,0.1249,0.27037031631959324
7550,8775,1225,0.1225,0.2747960215388797
7522,8761,1239,0.1239,0.276201318901591
7490,8745,1255,0.1255,0.27435316998905035
7550,8775,1225,0.1225,0.27036171361273154
7708,8854,1146,0.1146,0.2696028048342745
7624,8812,1188,0.1188,0.26465849181421
7620,8810,1190,0.119,0.26342098597586155
7610,8805,1195,0.1195,0.2617470087592024
7488,8744,1256,0.1256,0.2648054756359314
7710,8855,1145,0.1145,0.2750208575792611
7638,8819,1181,0.1181,0.2773570246546064
7570,8785,1215,0.1215,0.2772364428733941
7756,8878,1122,0.1122,0.27416294280447234
7506,8753,1247,0.1247,0.28390887929201125
7652,8826,1174,0.1174,0.2839649003482889
7628,8814,1186,0.1186,0.28360830426647154
7546,8773,1227,0.1227,0.28502352608870135
7508,8754,1246,0.1246,0.2816323752084339
7662,8831,1169,0.1169,0.2789646731645119
7392,8696,1304,0.1304,0.280061559206777
7660,8830,1170,0.117,0.2791587851616554
7544,8772,1228,0.1228,0.28639359462154096
7488,8744,1256,0.1256,0.2845688322170754
7704,8852,1148,0.1148,0.287289314628714
7652,8826,1174,0.1174,0.28036240263134243
7586,8793,1207,0.1207,0.2804826596031786
7754,8877,1123,0.1123,0.2714246766564147
7536,8768,1232,0.1232,0.2778574444953352
7642,8821,1179,0.1179,0.2687339577809655
7674,8837,1163,0.1163,0.2626721568801146
7494,8747,1253,0.1253,0.2651140536081801
7490,8745,1255,0.1255,0.26504202980296687
7302,8651,1349,0.1349,0.2729413489213126
7660,8830,1170,0.117,0.27229426847410504
7562,8781,1219,0.1219,0.2770913775155321
7828,8914,1086,0.1086,0.26734673122763636
7544,8772,1228,0.1228,0.27115713863210983
7690,8845,1155,0.1155,0.26160798619166015
7324,8662,1338,0.1338,0.26291665559688315
7626,8813,1187,0.1187,0.25409350260263164
7650,8825,1175,0.1175,0.25093856574082746
7662,8831,1169,0.1169,0.2518591361639489
7672,8836,1164,0.1164,0.251562402063905
7692,8846,1154,0.1154,0.25310506319282267
7512,8756,1244,0.1244,0.25988892464549807
7870,8935,1065,0.1065,0.2580705128871588
7602,8801,1199,0.1199,0.2653168565377347
7734,8867,1133,0.1133,0.2632794440967322
7912,8956,1044,0.1044,0.2657014180668164
7546,8773,1227,0.1227,0.26765139491260054
7678,8839,1161,0.1161,0.2664461272636645
7680,8840,1160,0.116,0.2637899715874344
7456,8728,1272,0.1272,0.2683289771535896
7704,8852,1148,0.1148,0.2699326887808066
7632,8816,1184,0.1184,0.2707853261012191
7610,8805,1195,0.1195,0.2790518093407154
7540,8770,1230,0.123,0.28603103102698973
7636,8818,1182,0.1182,0.2897399547554553
7560,8780,1220,0.122,0.2915567370958542
7602,8801,1199,0.1199,0.2929846611239531
7564,8782,1218,0.1218,0.2950065986316642
7728,8864,1136,0.1136,0.2938418160238043
7618,8809,1191,0.1191,0.2934794255234301
7588,8794,1206,0.1206,0.29533727869605647
7662,8831,1169,0.1169,0.29509590315000256
7526,8763,1237,0.1237,0.29744845608953413
7796,8898,1102,0.1102,0.29530384083166716
7902,8951,1049,0.1049,0.2945808321575576
7708,8854,1146,0.1146,0.29702553208287424
7476,8738,1262,0.1262,0.30084548467844724
7588,8794,1206,0.1206,0.2965686514803505
7736,8868,1132,0.1132,0.2966594784570858
7510,8755,1245,0.1245,0.3005239150345326
7512,8756,1244,0.1244,0.30644515855081816
7670,8835,1165,0.1165,0.3019061688005924
7564,8782,1218,0.1218,0.3043660680740664
7396,8698,1302,0.1302,0.30812228014320137
7528,8764,1236,0.1236,0.30659598313011227
7510,8755,1245,0.1245,0.30483857536774495
7708,8854,1146,0.1146,0.30344311986863615
7386,8693,1307,0.1307,0.30710970384441316
7648,8824,1176,0.1176,0.30101482751923614
7530,8765,1235,0.1235,0.30177684693042756
7632,8816,1184,0.1184,0.2958989675900368
7506,8753,1247,0.1247,0.28926547440214345
7702,8851,1149,0.1149,0.28270061058209883
7600,8800,1200,0.12,0.28302207158320813
7598,8799,1201,0.1201,0.27547547761835856
7578,8789,1211,0.1211,0.27569378199040656
7666,8833,1167,0.1167,0.27628751501881427
7482,8741,1259,0.1259,0.2803106807925984
7626,8813,1187,0.1187,0.27680452901795505
7488,8744,1256,0.1256,0.2814234817617573
7664,8832,1168,0.1168,0.2798061605670257
7592,8796,1204,0.1204,0.2820814672732811
7564,8782,1218,0.1218,0.277696681135429
7674,8837,1163,0.1163,0.27536842917054893
7536,8768,1232,0.1232,0.27497903384765887
7658,8829,1171,0.1171,0.27196369240072443
7708,8854,1146,0.1146,0.26806086221750963
7618,8809,1191,0.1191,0.2680762125387788
7430,8715,1285,0.1285,0.26695951610803603
7702,8851,1149,0.1149,0.26604678578451274
7402,8701,1299,0.1299,0.2697106950719602
7576,8788,1212,0.1212,0.27374699543963815
7470,8735,1265,0.1265,0.2785350825489848
7494,8747,1253,0.1253,0.28289572230705523
7560,8780,1220,0.122,0.2904870097655803
7560,8780,1220,0.122,0.29728985290080306
7466,8733,1267,0.1267,0.29981405468902805
7594,8797,1203,0.1203,0.30090089581840296
7616,8808,1192,0.1192,0.30040465516000986
7800,8900,1100,0.11,0.2909861155204475
7516,8758,1242,0.1242,0.2924287066102959
7688,8844,1156,0.1156,0.28516074288655024
7666,8833,1167,0.1167,0.27975862017066727
7732,8866,1134,0.1134,0.274689099706598
7936,8968,1032,0.1032,0.27497067438960077
7642,8821,1179,0.1179,0.28133830451369285
7604,8802,1198,0.1198,0.2867967215250072
7488,8744,1256,0.1256,0.29919091363546907
7662,8831,1169,0.1169,0.3005622591868043
7434,8717,1283,0.1283,0.3147643216518423
7382,8691,1309,0.1309,0.32907676452388984
7698,8849,1151,0.1151,0.33399176730513574
7638,8819,1181,0.1181,0.3358610065037097
7544,8772,1228,0.1228,0.3362217680636793
7456,8728,1272,0.1272,0.33483413571454584
7642,8821,1179,0.1179,0.3255427941552919
7560,8780,1220,0.122,0.3252002893649973
7598,8799,1201,0.1201,0.3234185445856303
7526,8763,1237,0.1237,0.32862640866023723
7372,8686,1314,0.1314,0.3369984925576742
7388,8694,1306,0.1306,0.3414143240980804
7502,8751,1249,0.1249,0.34886723888730553
7436,8718,1282,0.1282,0.36348593452033984
7624,8812,1188,0.1188,0.3663700805696251
7368,8684,1316,0.1316,0.3714565382344415
7398,8699,1301,0.1301,0.36979123962133165
7592,8796,1204,0.1204,0.3562912549329136
7614,8807,1193,0.1193,0.33982645711881343
7566,8783,1217,0.1217,0.33766368766957894
7558,8779,1221,0.1221,0.32640439591616305
7300,8650,1350,0.135,0.3253451198041439
7782,8891,1109,0.1109,0.32315716639287273
7526,8763,1237,0.1237,0.3323086585111916
7622,8811,1189,0.1189,0.3432652112613701
7606,8803,1197,0.1197,0.35844841670612804
7634,8817,1183,0.1183,0.37081981182545426
7478,8739,1261,0.1261,0.3803904946993649
7502,8751,1249,0.1249,0.38723538687825204
7672,8836,1164,0.1164,0.3821735970402281
7296,8648,1352,0.1352,0.37725741962492465
7612,8806,1194,0.1194,0.37105911853468426
7704,8852,1148,0.1148,0.3644471549685404
7444,8722,1278,0.1278,0.3662189177621702
7680,8840,1160,0.116,0.3655355850031599
7706,8853,1147,0.1147,0.36730331781430264
7560,8780,1220,0.122,0.370706400620169
7726,8863,1137,0.1137,0.37676460277321455
7546,8773,1227,0.1227,0.37807202326676925
7822,8911,1089,0.1089,0.37553590797111774
7564,8782,1218,0.1218,0.37688521245904266
7528,8764,1236,0.1236,0.3794265939461067
7644,8822,1178,0.1178,0.37451305452883243
7634,8817,1183,0.1183,0.3757309873689359
7458,8729,1271,0.1271,0.37351459295600653
7754,8877,1123,0.1123,0.37114341918826105
7438,8719,1281,0.1281,0.37006990502068876
7588,8794,1206,0.1206,0.3684321526577114
7486,8743,1257,0.1257,0.36826386543139816
7718,8859,1141,0.1141,0.36220007846951485
7196,8598,1402,0.1402,0.36542826042626403
7872,8936,1064,0.1064,0.356835879864858
7744,8872,1128,0.1128,0.35248196553717137
7492,8746,1254,0.1254,0.34757020332962274
7644,8822,1178,0.1178,0.3339872062527065
7670,8835,1165,0.1165,0.32711196636236944
7502,8751,1249,0.1249,0.3209130980614573
7710,8855,1145,0.1145,0.31293273280374706
7752,8876,1124,0.1124,0.3072910977610678
7638,8819,1181,0.1181,0.3067397582439706
7570,8785,1215,0.1215,0.3081555177244358
7492,8746,1254,0.1254,0.3049795989975333
7586,8793,1207,0.1207,0.30515408167093994
7354,8677,1323,0.1323,0.30511959290988744
7524,8762,1238,0.1238,0.3067296289943164
7694,8847,1153,0.1153,0.30349768514424974
7690,8845,1155,0.1155,0.3045834713703414
7768,8884,1116,0.1116,0.30308841375112533
7582,8791,1209,0.1209,0.3029812010612339
7532,8766,1234,0.1234,0.29620060062883424
7624,8812,1188,0.1188,0.29149381706789135
7656,8828,1172,0.1172,0.28906701201531176
7472,8736,1264,0.1264,0.2925762019381099
7434,8717,1283,0.1283,0.2972004585224204
7650,8825,1175,0.1175,0.30286248681903233
7598,8799,1201,0.1201,0.3022617413975298
7484,8742,1258,0.1258,0.3098092493313705
7528,8764,1236,0.1236,0.30896821133182384
7634,8817,1183,0.1183,0.3008719551707618
7666,8833,1167,0.1167,0.29736236219165624
7566,8783,1217,0.1217,0.292683577818051
7658,8829,1171,0.1171,0.2800088498294019
7642,8821,1179,0.1179,0.26694809375257184
7708,8854,1146,0.1146,0.26312491347661915
7516,8758,1242,0.1242,0.2628043909070614
7534,8767,1233,0.1233,0.25984947039186956
7724,8862,1138,0.1138,0.25786735457144677
7492,8746,1254,0.1254,0.25819671812914313
7632,8816,1184,0.1184,0.25672162613922844
7576,8788,1212,0.1212,0.2501556105554104
7370,8685,1315,0.1315,0.2430484400701709
7586,8793,1207,0.1207,0.2370128336594571
7646,8823,1177,0.1177,0.23061313987316098
7574,8787,1213,0.1213,0.2267128371593012
7352,8676,1324,0.1324,0.22698846254131422
7570,8785,1215,0.1215,0.22512104977592826
7526,8763,1237,0.1237,0.22413486070105282
7494,8747,1253,0.1253,0.22185291840331628
7602,8801,1199,0.1199,0.21882740994958008
7574,8787,1213,0.1213,0.21874251404958667
7598,8799,1201,0.1201,0.21568962023183702
7524,8762,1238,0.1238,0.209922175178802
7698,8849,1151,0.1151,0.2028401104988534
7524,8762,1238,0.1238,0.20353382992225233
7560,8780,1220,0.122,0.201337780089007
7512,8756,1244,0.1244,0.2006008882566744
7608,8804,1196,0.1196,0.19933824745902096
7608,8804,1196,0.1196,0.20117252821973525
7630,8815,1185,0.1185,0.2062047838639639
7676,8838,1162,0.1162,0.21462603769223207
7820,8910,1090,0.109,0.22414265493813437
7530,8765,1235,0.1235,0.2294521412592905
7482,8741,1259,0.1259,0.2422984057907015
7406,8703,1297,0.1297,0.2563301520060748
7566,8783,1217,0.1217,0.2645662157812156
7594,8797,1203,0.1203,0.26521027209060705
7504,8752,1248,0.1248,0.2760633835093471
7488,8744,1256,0.1256,0.28181847509639335
7612,8806,1194,0.1194,0.28140711690578174
7740,8870,1130,0.113,0.2772112634583787
7492,8746,1254,0.1254,0.28082235804887407
7698,8849,1151,0.1151,0.27772021021302024
7374,8687,1313,0.1313,0.28457732073512504
7548,8774,1226,0.1226,0.2807017415497781
7526,8763,1237,0.1237,0.28502982973605395
7632,8816,1184,0.1184,0.28897002009386197
7674,8837,1163,0.1163,0.2934033571239561
7736,8868,1132,0.1132,0.2913872309795407
7452,8726,1274,0.1274,0.2918053414732218
7616,8808,1192,0.1192,0.2822051637073987
7894,8947,1053,0.1053,0.2716919213820016
7766,8883,1117,0.1117,0.2717013430958912
7818,8909,1091,0.1091,0.2608676351723048
7648,8824,1176,0.1176,0.25615926453769206
7498,8749,1251,0.1251,0.26282106899917124
7724,8862,1138,0.1138,0.2602861950337887
7598,8799,1201,0.1201,0.2717915051283315
7616,8808,1192,0.1192,0.28631826022255435
7768,8884,1116,0.1116,0.29929926487499975
7512,8756,1244,0.1244,0.30107941745645367
7748,8874,1126,0.1126,0.30365547459213993
7508,8754,1246,0.1246,0.30331574595570565
7626,8813,1187,0.1187,0.2918774998947019
7290,8645,1355,0.1355,0.2967011394094264
7772,8886,1114,0.1114,0.27817146367699463
7372,8686,1314,0.1314,0.2740463192202271
7476,8738,1262,0.1262,0.2690807790907654
7806,8903,1097,0.1097,0.266900453482382
7560,8780,1220,0.122,0.27057355925180016
7812,8906,1094,0.1094,0.27877877464485756
7710,8855,1145,0.1145,0.28684632705337904
7582,8791,1209,0.1209,0.2885821151793003
7520,8760,1240,0.124,0.2948935537356883
7518,8759,1241,0.1241,0.2962988550066948
7556,8778,1222,0.1222,0.295719347457937
7564,8782,1218,0.1218,0.2961643070008955
7764,8882,1118,0.1118,0.2938831857483952
7628,8814,1186,0.1186,0.29522704011240675
7434,8717,1283,0.1283,0.30340675024079394
7520,8760,1240,0.124,0.30288969321073383
7546,8773,1227,0.1227,0.31104300031526944
7334,8667,1333,0.1333,0.327192362745458
7546,8773,1227,0.1227,0.33889828722774984
7290,8645,1355,0.1355,0.3454264283316326
7420,8710,1290,0.129,0.3527350009284126
7714,8857,1143,0.1143,0.35705588168808333
7670,8835,1165,0.1165,0.36246687207900735
7420,8710,1290,0.129,0.3649588686302304
7492,8746,1254,0.1254,0.3621400461486186
7518,8759,1241,0.1241,0.35820993829755887
7728,8864,1136,0.1136,0.35996525712572036
7774,8887,1113,0.1113,0.35901785380082
7584,8792,1208,0.1208,0.3640002765108877
7390,8695,1305,0.1305,0.37330656808940704
7582,8791,1209,0.1209,0.38229902618303896
7454,8727,1273,0.1273,0.3840555265277624
7636,8818,1182,0.1182,0.3931098647924909
7400,8700,1300,0.13,0.4042816777269356
7538,8769,1231,0.1231,0.4032596365404315
7534,8767,1233,0.1233,0.4029471176573682
7558,8779,1221,0.1221,0.3958063894794905
7708,8854,1146,0.1146,0.3816355792859569
7514,8757,1243,0.1243,0.36782963505930094
7598,8799,1201,0.1201,0.3632310830304632
7658,8829,1171,0.1171,0.3500571162238717
7702,8851,1149,0.1149,0.34557082061522526
7504,8752,1248,0.1248,0.34834259620802477
7630,8815,1185,0.1185,0.34843869231790303
7468,8734,1266,0.1266,0.35369276452623305
7720,8860,1140,0.114,0.360611172837019
7586,8793,1207,0.1207,0.3635201449247077
7544,8772,1228,0.1228,0.3622132587884822
7600,8800,1200,0.12,0.34885779659599064
7598,8799,1201,0.1201,0.32997542069037444
7668,8834,1166,0.1166,0.3120268580276985
7614,8807,1193,0.1193,0.3080549674101174
7642,8821,1179,0.1179,0.2885980456109741
7532,8766,1234,0.1234,0.2774082555335015
7596,8798,1202,0.1202,0.2730014003656656
7560,8780,1220,0.122,0.27331807867343305
7506,8753,1247,0.1247,0.27785972521226504
7758,8879,1121,0.1121,0.2839174171802188
7490,8745,1255,0.1255,0.29007112374901806
7546,8773,1227,0.1227,0.2912087338029407
7506,8753,1247,0.1247,0.28948189325947316
7696,8848,1152,0.1152,0.2799679411370803
7646,8823,1177,0.1177,0.27113519914336504
7554,8777,1223,0.1223,0.2706185746289906
7630,8815,1185,0.1185,0.25986924760830443
7556,8778,1222,0.1222,0.25785428434666363
7534,8767,1233,0.1233,0.26109698235899487
7678,8839,1161,0.1161,0.262121556955429
7640,8820,1180,0.118,0.2710055048945001
7778,8889,1111,0.1111,0.27795325583592057
7578,8789,1211,0.1211,0.2878821527513302
7674,8837,1163,0.1163,0.28869548695567065
7648,8824,1176,0.1176,0.2906555850333543
7562,8781,1219,0.1219,0.28931619468675707
7628,8814,1186,0.1186,0.28543037102222474
7622,8811,1189,0.1189,0.2860390045917596
7500,8750,1250,0.125,0.28068657074011866
7502,8751,1249,0.1249,0.27706186354234813
7590,8795,1205,0.1205,0.27635692823277785
7612,8806,1194,0.1194,0.2783697906445712
7540,8770,1230,0.123,0.2864246514259583
7630,8815,1185,0.1185,0.2911120421779611
7582,8791,1209,0.1209,0.2950641287000093
7408,8704,1296,0.1296,0.30055345555880925
7766,8883,1117,0.1117,0.29125736512492584
7644,8822,1178,0.1178,0.28292523325017616
7526,8763,1237,0.1237,0.27237193682044747
7622,8811,1189,0.1189,0.2684696894018678
7784,8892,1108,0.1108,0.2500535772074014
7718,8859,1141,0.1141,0.2454184238916845
7642,8821,1179,0.1179,0.24647097591534256
7490,8745,1255,0.1255,0.24869666141988708
7684,8842,1158,0.1158,0.2530758243300952
7614,8807,1193,0.1193,0.2618815310447942
7586,8793,1207,0.1207,0.26883335582464934
7500,8750,1250,0.125,0.2768951487458881
7632,8816,1184,0.1184,0.2788228121825494
7570,8785,1215,0.1215,0.28263981328406773
7640,8820,1180,0.118,0.2829812043200363
7706,8853,1147,0.1147,0.2855548011636023
7594,8797,1203,0.1203,0.28550480275955054
7598,8799,1201,0.1201,0.28769326544914436
7646,8823,1177,0.1177,0.2863491652070242
7424,8712,1288,0.1288,0.2926742237295607
7572,8786,1214,0.1214,0.29917821826119906
7568,8784,1216,0.1216,0.3138411995910108
7642,8821,1179,0.1179,0.325474725215591
7562,8781,1219,0.1219,0.3326012554165119
7632,8816,1184,0.1184,0.3390802666049482
7682,8841,1159,0.1159,0.3382749832302332
7532,8766,1234,0.1234,0.33305191485285757
7562,8781,1219,0.1219,0.3282581668804813
7834,8917,1083,0.1083,0.30458104213811454
7718,8859,1141,0.1141,0.2880532084811479
7626,8813,1187,0.1187,0.2769828463107348
7566,8783,1217,0.1217,0.2734871608206272
7738,8869,1131,0.1131,0.2686591327077623
7436,8718,1282,0.1282,0.2800041891961643
7480,8740,1260,0.126,0.28758798646777867
7420,8710,1290,0.129,0.28980139340568567
7664,8832,1168,0.1168,0.2963094366470051
7692,8846,1154,0.1154,0.30179047136232257
7428,8714,1286,0.1286,0.30244233295287787
7592,8796,1204,0.1204,0.29585825182794945
7478,8739,1261,0.1261,0.28799557808478105
7710,8855,1145,0.1145,0.2735754565630508
7942,8971,1029,0.1029,0.26540396566513214
7440,8720,1280,0.128,0.268334139090605
7406,8703,1297,0.1297,0.2657523083398784
7472,8736,1264,0.1264,0.27177650463897735
7846,8923,1077,0.1077,0.2724233055422082
7666,8833,1167,0.1167,0.28082348728254436
7520,8760,1240,0.124,0.29330859474417587
7510,8755,1245,0.1245,0.3003692338950001
7560,8780,1220,0.122,0.3035712311336894
7718,8859,1141,0.1141,0.30232173233211507
7532,8766,1234,0.1234,0.3025528815820813
7602,8801,1199,0.1199,0.29580014170460744
7608,8804,1196,0.1196,0.2868771998118612
7776,8888,1112,0.1112,0.280319035215019
7534,8767,1233,0.1233,0.28001773198964075
7638,8819,1181,0.1181,0.2755926063912536
7654,8827,1173,0.1173,0.27849315672433006
7666,8833,1167,0.1167,0.27690226191522777
7566,8783,1217,0.1217,0.2854759132711846
7638,8819,1181,0.1181,0.2905849598035216
7462,8731,1269,0.1269,0.29401835098043083
7728,8864,1136,0.1136,0.2900721554366406
7730,8865,1135,0.1135,0.29276176357287914
7592,8796,1204,0.1204,0.2910811155177653
7574,8787,1213,0.1213,0.2875885708492766
7502,8751,1249,0.1249,0.28506893909067155
7600,8800,1200,0.12,0.28080020922961674
7648,8824,1176,0.1176,0.2812976336635649
7754,8877,1123,0.1123,0.2798792660410516
7440,8720,1280,0.128,0.2863542214214214
7460,8730,1270,0.127,0.28641276766177326
7588,8794,1206,0.1206,0.2916948932243223
7628,8814,1186,0.1186,0.2899740380401257
7596,8798,1202,0.1202,0.29187749028239635
7708,8854,1146,0.1146,0.28678690258339085
7510,8755,1245,0.1245,0.29022642167778684
7546,8773,1227,0.1227,0.2860840690967627
7508,8754,1246,0.1246,0.28484574833940146
7682,8841,1159,0.1159,0.2738267662731264
7772,8886,1114,0.1114,0.2685010906420561
7622,8811,1189,0.1189,0.26361366531134955
7586,8793,1207,0.1207,0.2628691125421319
7598,8799,1201,0.1201,0.2547166174526806
7510,8755,1245,0.1245,0.25534076944249684
7464,8732,1268,0.1268,0.25729699885940155
7732,8866,1134,0.1134,0.2559263894915583
7648,8824,1176,0.1176,0.2586377647849615
7712,8856,1144,0.1144,0.2546534379471093
7408,8704,1296,0.1296,0.25583820070922375
7462,8731,1269,0.1269,0.25069005848011
7616,8808,1192,0.1192,0.24485393623602286
7598,8799,1201,0.1201,0.23819125460502955
7674,8837,1163,0.1163,0.23678494324637578
7792,8896,1104,0.1104,0.2338195160793759
7634,8817,1183,0.1183,0.23591564308553933
7586,8793,1207,0.1207,0.24042044901257642
7612,8806,1194,0.1194,0.2466661586843431
7610,8805,1195,0.1195,0.24944059115744313
7490,8745,1255,0.1255,0.26427639292151434
7570,8785,1215,0.1215,0.2691760985037331
7582,8791,1209,0.1209,0.268926613642741
7686,8843,1157,0.1157,0.2669375372901489
7590,8795,1205,0.1205,0.26586379120232306
7378,8689,1311,0.1311,0.26293177527190253
7596,8798,1202,0.1202,0.25667639882774984
7702,8851,1149,0.1149,0.2531184095710516
7482,8741,1259,0.1259,0.2530893837534404
7474,8737,1263,0.1263,0.25321208619938695
7516,8758,1242,0.1242,0.25061508604274096
7732,8866,1134,0.1134,0.2481153949403627
7614,8807,1193,0.1193,0.25396523272411725
7658,8829,1171,0.1171,0.2542668004433624
7488,8744,1256,0.1256,0.25456878932674715
7640,8820,1180,0.118,0.24905698435228552
7800,8900,1100,0.11,0.24339014647360271
7680,8840,1160,0.116,0.23935533599216724
7452,8726,1274,0.1274,0.2350417443200946
7524,8762,1238,0.1238,0.23094733890360222
7672,8836,1164,0.1164,0.22549164982372605
7622,8811,1189,0.1189,0.22676379257291557
7618,8809,1191,0.1191,0.2291172683471773
7576,8788,1212,0.1212,0.22817781879603863
7568,8784,1216,0.1216,0.23183028949666767
7704,8852,1148,0.1148,0.23216940368511033
7598,8799,1201,0.1201,0.2350176147257951
7480,8740,1260,0.126,0.23385727472135331
7478,8739,1261,0.1261,0.2342813429646194
7712,8856,1144,0.1144,0.23113249782987405
7654,8827,1173,0.1173,0.23349199578434854
7560,8780,1220,0.122,0.2335564102116972
7568,8784,1216,0.1216,0.23067700025970117
7618,8809,1191,0.1191,0.22830344563238322
7570,8785,1215,0.1215,0.22938929839730263
7582,8791,1209,0.1209,0.2291663902012864
7606,8803,1197,0.1197,0.23206322886589914
7776,8888,1112,0.1112,0.23343993670549243
7536,8768,1232,0.1232,0.23802820480986844
7474,8737,1263,0.1263,0.23894508910886944
7664,8832,1168,0.1168,0.2332218874921955
7650,8825,1175,0.1175,0.23036640535220504
7498,8749,1251,0.1251,0.23331600971147418
7340,8670,1330,0.133,0.23511448276584573
7450,8725,1275,0.1275,0.23436903703122103
7648,8824,1176,0.1176,0.23835758932260798
7564,8782,1218,0.1218,0.2432572455102578
7586,8793,1207,0.1207,0.24436607054917667
7578,8789,1211,0.1211,0.2450592410326004
7524,8762,1238,0.1238,0.24512603145928588
7720,8860,1140,0.114,0.241876651223919
7480,8740,1260,0.126,0.2424826532393694
7584,8792,1208,0.1208,0.22991970005803158
7690,8845,1155,0.1155,0.21711842666467474
7566,8783,1217,0.1217,0.2152581404117868
7444,8722,1278,0.1278,0.2133415122654289
7660,8830,1170,0.117,0.21768691117698327
7610,8805,1195,0.1195,0.21226206115688584
7626,8813,1187,0.1187,0.2156406837571267
7450,8725,1275,0.1275,0.22001983497699285
7846,8923,1077,0.1077,0.21421588777894598
7732,8866,1134,0.1134,0.21471908062925912
7568,8784,1216,0.1216,0.21035199619873365
7560,8780,1220,0.122,0.1928741446181666
7628,8814,1186,0.1186,0.18343292738258382
7736,8868,1132,0.1132,0.19984958941773512
7606,8803,1197,0.1197,0.18951089719818182
7506,8753,1247,0.1247,0.18378950372997788
7586,8793,1207,0.1207,0.1887841060452163
7708,8854,1146,0.1146,0.18589587236616395
7774,8887,1113,0.1113,0.18733531746715307
7598,8799,1201,0.1201,0.19007710530539298
7658,8829,1171,0.1171,0.18594166957116945
7624,8812,1188,0.1188,0.18419989793128333
7630,8815,1185,0.1185,0.17779907302111386
7584,8792,1208,0.1208,0.1763955680107504
7684,8842,1158,0.1158,0.16795081015182667
7652,8826,1174,0.1174,0.16829345390775155
7636,8818,1182,0.1182,0.16846647090203115
7526,8763,1237,0.1237,0.1702406353861094
7604,8802,1198,0.1198,0.18191745574511586
7728,8864,1136,0.1136,0.1784589824654162
7712,8856,1144,0.1144,0.18593831695197333
7704,8852,1148,0.1148,0.18957189029678703
7660,8830,1170,0.117,0.1841833713520024
7606,8803,1197,0.1197,0.18535382070337866
7460,8730,1270,0.127,0.18565981207629814
7588,8794,1206,0.1206,0.18212096958541293
7614,8807,1193,0.1193,0.1781108326336369
7556,8778,1222,0.1222,0.17830337961590847
7316,8658,1342,0.1342,0.18127320725247267
7614,8807,1193,0.1193,0.17848326165731995
7702,8851,1149,0.1149,0.1806384490453638
7522,8761,1239,0.1239,0.18742389360228554
7528,8764,1236,0.1236,0.18689448652160354
7576,8788,1212,0.1212,0.18247740044537933
7602,8801,1199,0.1199,0.18407756359048216
7650,8825,1175,0.1175,0.1849718461706107
7640,8820,1180,0.118,0.18360881533841603
7374,8687,1313,0.1313,0.18587645246171777
7954,8977,1023,0.1023,0.174461400267281
7734,8867,1133,0.1133,0.1759007132047316
7628,8814,1186,0.1186,0.17234945975765587
7520,8760,1240,0.124,0.17438665394186972
7842,8921,1079,0.1079,0.1688735062852518
7682,8841,1159,0.1159,0.17517889211932278
7492,8746,1254,0.1254,0.17654400877026036
7548,8774,1226,0.1226,0.1812866074826713
7546,8773,1227,0.1227,0.1844513083986938
7522,8761,1239,0.1239,0.19176068733260035
7510,8755,1245,0.1245,0.19245069851357258
7732,8866,1134,0.1134,0.1919435028445705
7526,8763,1237,0.1237,0.19379026193122728
7582,8791,1209,0.1209,0.19453170215514257
7662,8831,1169,0.1169,0.19232192998947867
7710,8855,1145,0.1145,0.1915292389917653
7674,8837,1163,0.1163,0.1921859325488098
7516,8758,1242,0.1242,0.19729920238331142
7562,8781,1219,0.1219,0.197296744509181
7668,8834,1166,0.1166,0.20067651331303085
7486,8743,1257,0.1257,0.21253470991473877
7672,8836,1164,0.1164,0.2212423402003944
7710,8855,1145,0.1145,0.2236431190024111
7398,8699,1301,0.1301,0.2326014460751554
7648,8824,1176,0.1176,0.2349526078792527
7648,8824,1176,0.1176,0.23375429136209896
7574,8787,1213,0.1213,0.23143740538121202
7646,8823,1177,0.1177,0.22775569093367085
7592,8796,1204,0.1204,0.2240032028590067
7670,8835,1165,0.1165,0.22338715909570456
7648,8824,1176,0.1176,0.22263358769748592
7586,8793,1207,0.1207,0.22746649049204393
7666,8833,1167,0.1167,0.23735279856736743
7660,8830,1170,0.117,0.25100019430965187
7566,8783,1217,0.1217,0.25717029851525147
7654,8827,1173,0.1173,0.26907643199939396
7492,8746,1254,0.1254,0.2862388827127479
7316,8658,1342,0.1342,0.29502547500531656
7738,8869,1131,0.1131,0.2909837777446381
7550,8775,1225,0.1225,0.2887621067148168
7662,8831,1169,0.1169,0.28447291993888213
7596,8798,1202,0.1202,0.2739129944909983
7618,8809,1191,0.1191,0.2684843604854069
7758,8879,1121,0.1121,0.26225538925370784
7672,8836,1164,0.1164,0.26249884736143286
7716,8858,1142,0.1142,0.2575012985283975
7694,8847,1153,0.1153,0.25657469466908367
7526,8763,1237,0.1237,0.2575995115892996
7742,8871,1129,0.1129,0.2603457367698895
7636,8818,1182,0.1182,0.2654014418168183
7642,8821,1179,0.1179,0.2643082664001365
7490,8745,1255,0.1255,0.2684243860000279
7666,8833,1167,0.1167,0.266315016594436
7476,8738,1262,0.1262,0.2627619382491
7644,8822,1178,0.1178,0.2589029666595734
7816,8908,1092,0.1092,0.25541934570169544
7682,8841,1159,0.1159,0.25249018442694504
7706,8853,1147,0.1147,0.25015576102555204
7602,8801,1199,0.1199,0.24981336890368255
7612,8806,1194,0.1194,0.25247862385261105
7690,8845,1155,0.1155,0.25766457521617414
7834,8917,1083,0.1083,0.26128680950629934
7560,8780,1220,0.122,0.2653861856282689
7550,8775,1225,0.1225,0.2662781899444759
7498,8749,1251,0.1251,0.2646691165407976
7572,8786,1214,0.1214,0.26390625363096987
7536,8768,1232,0.1232,0.26600587210108934
7808,8904,1096,0.1096,0.26650597469410114
7652,8826,1174,0.1174,0.2673548047749558
7422,8711,1289,0.1289,0.27185219629909846
7528,8764,1236,0.1236,0.27382922182530167
7506,8753,1247,0.1247,0.27761522633291313
7630,8815,1185,0.1185,0.2842858890844123
7464,8732,1268,0.1268,0.29717520384339396
7586,8793,1207,0.1207,0.30040212817416156
7600,8800,1200,0.12,0.30689197854607325
7610,8805,1195,0.1195,0.30760172088583365
7580,8790,1210,0.121,0.3103582815917014
7492,8746,1254,0.1254,0.31131790171274915
7532,8766,1234,0.1234,0.31052037003617733
7572,8786,1214,0.1214,0.31142212370298805
7572,8786,1214,0.1214,0.31570599356460444
7684,8842,1158,0.1158,0.31429074258309847
7526,8763,1237,0.1237,0.32039065524614896
7480,8740,1260,0.126,0.32290463788211343
7788,8894,1106,0.1106,0.32389730673134326
7410,8705,1295,0.1295,0.32983165623545646
7634,8817,1183,0.1183,0.3262845136061311
7420,8710,1290,0.129,0.329292215667011
7800,8900,1100,0.11,0.3211221642526855
7532,8766,1234,0.1234,0.32281253802626064
7684,8842,1158,0.1158,0.3161930339831859
7714,8857,1143,0.1143,0.3073641108919441
7468,8734,1266,0.1266,0.3022251621982982
7494,8747,1253,0.1253,0.3017460112711955
7516,8758,1242,0.1242,0.3008564655162394
7626,8813,1187,0.1187,0.29923271994404493
7656,8828,1172,0.1172,0.2997235118726501
7686,8843,1157,0.1157,0.3007502576880157
7540,8770,1230,0.123,0.3038251247354736
7650,8825,1175,0.1175,0.297814184548147
7688,8844,1156,0.1156,0.2923702018680819
7500,8750,1250,0.125,0.2914421004623397
7672,8836,1164,0.1164,0.2838129143754486
7644,8822,1178,0.1178,0.2713996334671974
7464,8732,1268,0.1268,0.2629222029796336
7646,8823,1177,0.1177,0.25950469588320985
7512,8756,1244,0.1244,0.2552773621911183
7626,8813,1187,0.1187,0.25068813906053544
7598,8799,1201,0.1201,0.2522415346607566
7546,8773,1227,0.1227,0.25619335571685814
7738,8869,1131,0.1131,0.2582890027374029
7522,8761,1239,0.1239,0.26108792961899774
7606,8803,1197,0.1197,0.2609915545473322
7548,8774,1226,0.1226,0.25944044198691846
7676,8838,1162,0.1162,0.2517104154534638
7310,8655,1345,0.1345,0.24912438804269768
7458,8729,1271,0.1271,0.24152664861479425
7492,8746,1254,0.1254,0.23968304806430601
7578,8789,1211,0.1211,0.2352816526072973
7804,8902,1098,0.1098,0.23624259351938964
7550,8775,1225,0.1225,0.23813208422362941
7728,8864,1136,0.1136,0.23750457817750753
7432,8716,1284,0.1284,0.23772378849638406
7598,8799,1201,0.1201,0.23456498708687723
7636,8818,1182,0.1182,0.23176995882821794
7590,8795,1205,0.1205,0.2361142729125655
7710,8855,1145,0.1145,0.2309061971762083
7584,8792,1208,0.1208,0.23479714659815945
7670,8835,1165,0.1165,0.2367178748190403
7312,8656,1344,0.1344,0.2411002268782501
7590,8795,1205,0.1205,0.24358275930061937
7680,8840,1160,0.116,0.24762803477528145
7538,8769,1231,0.1231,0.2539617022997234
7636,8818,1182,0.1182,0.25774149970051974
7524,8762,1238,0.1238,0.2599758869207482
7644,8822,1178,0.1178,0.2601576963397918
7662,8831,1169,0.1169,0.25755331078679394
7586,8793,1207,0.1207,0.2594348865130151
7594,8797,1203,0.1203,0.2533506341934204
7730,8865,1135,0.1135,0.2514628906233702
7524,8762,1238,0.1238,0.2558751546528019
7578,8789,1211,0.1211,0.26050486322154937
7474,8737,1263,0.1263,0.26946041042208674
7442,8721,1279,0.1279,0.2794719548144132
7512,8756,1244,0.1244,0.2850300669797696
7752,8876,1124,0.1124,0.2855612648716633
7808,8904,1096,0.1096,0.286282667167654
7444,8722,1278,0.1278,0.28483007221644513
7776,8888,1112,0.1112,0.27475150850128016
7604,8802,1198,0.1198,0.2719927544698119
7588,8794,1206,0.1206,0.2606640570772588
7780,8890,1110,0.111,0.25235688882712276
7802,8901,1099,0.1099,0.2491484796907811
7630,8815,1185,0.1185,0.25114498675485586
7586,8793,1207,0.1207,0.2521835766402447
7554,8777,1223,0.1223,0.2617055187185644
7622,8811,1189,0.1189,0.26460603517303244
7340,8670,1330,0.133,0.2715916291237809
7740,8870,1130,0.113,0.2712378504870023
7632,8816,1184,0.1184,0.26962740595373325
7562,8781,1219,0.1219,0.26571413473025357
7546,8773,1227,0.1227,0.259859012078261
7576,8788,1212,0.1212,0.24406221766199304
7550,8775,1225,0.1225,0.23349727526884526
7692,8846,1154,0.1154,0.22980776924591387
7408,8704,1296,0.1296,0.23379476922338835
7790,8895,1105,0.1105,0.23386745478399099
7562,8781,1219,0.1219,0.2482706306719454
7474,8737,1263,0.1263,0.2539462065708591
7470,8735,1265,0.1265,0.26237257295140587
7406,8703,1297,0.1297,0.27380646891742944
7616,8808,1192,0.1192,0.2816171205163453
7636,8818,1182,0.1182,0.2862715203494416
7346,8673,1327,0.1327,0.2890823364630342
7676,8838,1162,0.1162,0.2782569280560849
7566,8783,1217,0.1217,0.27495479784458876
7520,8760,1240,0.124,0.27671502925492825
7472,8736,1264,0.1264,0.27905678185611177
7666,8833,1167,0.1167,0.28025350636549556
7668,8834,1166,0.1166,0.29007874127477407
7508,8754,1246,0.1246,0.2988516006395221
7584,8792,1208,0.1208,0.30237503361813434
7562,8781,1219,0.1219,0.3106392850266769
7688,8844,1156,0.1156,0.3170613231197
7614,8807,1193,0.1193,0.3182758530317165
7548,8774,1226,0.1226,0.317951433235663
7546,8773,1227,0.1227,0.3133554561807774
7694,8847,1153,0.1153,0.30604840978653125
7868,8934,1066,0.1066,0.30104065013714176
7606,8803,1197,0.1197,0.30045053674605027
7700,8850,1150,0.115,0.2959646202667237
7632,8816,1184,0.1184,0.2988616720104044
7470,8735,1265,0.1265,0.30237227669543354
7606,8803,1197,0.1197,0.3018112267434597
7492,8746,1254,0.1254,0.3068174814246828
7456,8728,1272,0.1272,0.30825071060806514
7630,8815,1185,0.1185,0.31044610993745736
7746,8873,1127,0.1127,0.2999624579872936
7674,8837,1163,0.1163,0.30372062755987217
7644,8822,1178,0.1178,0.2935369975527283
7588,8794,1206,0.1206,0.3001969121847363
7628,8814,1186,0.1186,0.2896496550503187
7418,8709,1291,0.1291,0.295258129573197
7566,8783,1217,0.1217,0.2883968277381733
7680,8840,1160,0.116,0.291037859426828
7646,8823,1177,0.1177,0.2950212973637856
7528,8764,1236,0.1236,0.30520085807918595
7250,8625,1375,0.1375,0.30736838934123517
7648,8824,1176,0.1176,0.2968095282814482
7526,8763,1237,0.1237,0.2969352268176587
7422,8711,1289,0.1289,0.2933735260252481
7620,8810,1190,0.119,0.2822521738164127
7570,8785,1215,0.1215,0.2722645589225558
7582,8791,1209,0.1209,0.26955974709541053
7776,8888,1112,0.1112,0.25671414939071985
7638,8819,1181,0.1181,0.2475054460625921
7508,8754,1246,0.1246,0.2458204319436074
7456,8728,1272,0.1272,0.24390567321982234
7410,8705,1295,0.1295,0.24427299247816706
7630,8815,1185,0.1185,0.2449494858725033
7522,8761,1239,0.1239,0.25008971310546624
7672,8836,1164,0.1164,0.2521052341305069
7610,8805,1195,0.1195,0.25111242628097535
7434,8717,1283,0.1283,0.2490367019296551
7772,8886,1114,0.1114,0.2406325051038546
7604,8802,1198,0.1198,0.23694584454754367
7536,8768,1232,0.1232,0.22450011859232363
7478,8739,1261,0.1261,0.20880123766826236
7674,8837,1163,0.1163,0.203204240014822
7678,8839,1161,0.1161,0.19882193356278585
7590,8795,1205,0.1205,0.1936539819251825
7782,8891,1109,0.1109,0.1903539038249428
7570,8785,1215,0.1215,0.1959491253017464
7428,8714,1286,0.1286,0.19794547723374561
7724,8862,1138,0.1138,0.1971048730987599
7770,8885,1115,0.1115,0.19612893294974218
7368,8684,1316,0.1316,0.20252992799655228
7416,8708,1292,0.1292,0.2044567724833072
7642,8821,1179,0.1179,0.19791858164746473
7654,8827,1173,0.1173,0.19299881433669444
7794,8897,1103,0.1103,0.19088933966820332
7530,8765,1235,0.1235,0.19105434252691908
7506,8753,1247,0.1247,0.18472263357477495
7640,8820,1180,0.118,0.18004124756124557
7772,8886,1114,0.1114,0.18252706494412851
7680,8840,1160,0.116,0.18847970805097067
7850,8925,1075,0.1075,0.19088291917569586
7668,8834,1166,0.1166,0.19728896061134873
7526,8763,1237,0.1237,0.20222580291339626
7564,8782,1218,0.1218,0.2039588982488486
7604,8802,1198,0.1198,0.20712820354399797
7620,8810,1190,0.119,0.2124112459903452
7612,8806,1194,0.1194,0.21292252731312183
7520,8760,1240,0.124,0.21618523481562735
7700,8850,1150,0.115,0.21777295460158963
7482,8741,1259,0.1259,0.22765399162224098
7756,8878,1122,0.1122,0.22522564128953965
7510,8755,1245,0.1245,0.23029814838721774
7550,8775,1225,0.1225,0.23273194195953548
7676,8838,1162,0.1162,0.23872282137746234
7524,8762,1238,0.1238,0.24029208953386189
7496,8748,1252,0.1252,0.24477473655706322
7660,8830,1170,0.117,0.24543931317596143
7444,8722,1278,0.1278,0.2508656817633169
7604,8802,1198,0.1198,0.24956699188046913
7550,8775,1225,0.1225,0.25703449126246053
7778,8889,1111,0.1111,0.2556181331287468
7724,8862,1138,0.1138,0.2619916406679718
7528,8764,1236,0.1236,0.2659981836029634
7512,8756,1244,0.1244,0.2704529263642736
7490,8745,1255,0.1255,0.27383102254867553
7460,8730,1270,0.127,0.2760514153546034
7712,8856,1144,0.1144,0.2740634084189529
7482,8741,1259,0.1259,0.27882151302932767
7550,8775,1225,0.1225,0.2782936152179915
7612,8806,1194,0.1194,0.2792200005771234
7596,8798,1202,0.1202,0.28115397855639457
7640,8820,1180,0.118,0.2834783983369125
7474,8737,1263,0.1263,0.2873321771213321
7656,8828,1172,0.1172,0.28413236262603386
7742,8871,1129,0.1129,0.28139676867465024
7812,8906,1094,0.1094,0.27696827969459054
7642,8821,1179,0.1179,0.27365470651942153
7404,8702,1298,0.1298,0.27670047117713836
7688,8844,1156,0.1156,0.2733657471266648
7610,8805,1195,0.1195,0.2730260776723904
7638,8819,1181,0.1181,0.2772048071686848
7560,8780,1220,0.122,0.27578626369726844
7804,8902,1098,0.1098,0.2672845340733402
7568,8784,1216,0.1216,0.26953488375619056
7464,8732,1268,0.1268,0.25406641500084554
7558,8779,1221,0.1221,0.24422804207601584
7708,8854,1146,0.1146,0.23275370841495496
7732,8866,1134,0.1134,0.2323686656135955
7646,8823,1177,0.1177,0.22255392878156854
7612,8806,1194,0.1194,0.21622452905651457
7612,8806,1194,0.1194,0.21289690934717656
7504,8752,1248,0.1248,0.21364054422110568
7588,8794,1206,0.1206,0.21139223148088798
7552,8776,1224,0.1224,0.21270674417162808
7524,8762,1238,0.1238,0.20979964133703097
7724,8862,1138,0.1138,0.21080007649566979
7806,8903,1097,0.1097,0.20520387980601887
7494,8747,1253,0.1253,0.20743564627055822
7554,8777,1223,0.1223,0.20430199694449702
7444,8722,1278,0.1278,0.20554323021754006
7676,8838,1162,0.1162,0.20164937294912524
7668,8834,1166,0.1166,0.2058509603735061
7608,8804,1196,0.1196,0.20934508343692068
7686,8843,1157,0.1157,0.20877866278553212
7484,8742,1258,0.1258,0.21538068205148447
7710,8855,1145,0.1145,0.21732958839610728
7728,8864,1136,0.1136,0.2193532204569748
7640,8820,1180,0.118,0.22012589065835345
7534,8767,1233,0.1233,0.21866694069914538
7566,8783,1217,0.1217,0.21340926047036857
7764,8882,1118,0.1118,0.20831374275514392
7412,8706,1294,0.1294,0.21122195293042342
7556,8778,1222,0.1222,0.21420065029087418
7508,8754,1246,0.1246,0.22178354441509524
7670,8835,1165,0.1165,0.225751022987091
7538,8769,1231,0.1231,0.22771175885144038
7690,8845,1155,0.1155,0.23901165128126742
7616,8808,1192,0.1192,0.2433564176557868
7698,8849,1151,0.1151,0.24155157647434472
7742,8871,1129,0.1129,0.2410438548467355
7672,8836,1164,0.1164,0.23367915193972025
7572,8786,1214,0.1214,0.22976848837995184
7476,8738,1262,0.1262,0.2265669771569781
7538,8769,1231,0.1231,0.22628485755282474
7568,8784,1216,0.1216,0.2310066541582346
7584,8792,1208,0.1208,0.23943818222748814
7834,8917,1083,0.1083,0.24236743752130052
7700,8850,1150,0.115,0.24483567099056436
7750,8875,1125,0.1125,0.24872459355145693
7586,8793,1207,0.1207,0.24928328196565008
7612,8806,1194,0.1194,0.2422543372169137
7634,8817,1183,0.1183,0.24176782122328877
7590,8795,1205,0.1205,0.23331902782976996
7516,8758,1242,0.1242,0.23630093364835347
7686,8843,1157,0.1157,0.2385371123157558
7532,8766,1234,0.1234,0.23965579124055802
7872,8936,1064,0.1064,0.2489123191012244
7682,8841,1159,0.1159,0.25903993995167846
7686,8843,1157,0.1157,0.26243631045422516
7622,8811,1189,0.1189,0.2665156184237512
7570,8785,1215,0.1215,0.2663683591529727
7732,8866,1134,0.1134,0.2641083279867822
7596,8798,1202,0.1202,0.2638548993245441
7488,8744,1256,0.1256,0.26726782182454434
7664,8832,1168,0.1168,0.2693878664547629
7650,8825,1175,0.1175,0.2712883936052538
7862,8931,1069,0.1069,0.2729015347389635
7716,8858,1142,0.1142,0.2788851800640608
7704,8852,1148,0.1148,0.2843464596556702
7538,8769,1231,0.1231,0.2844048844906483
7392,8696,1304,0.1304,0.2850549345236028
7756,8878,1122,0.1122,0.27942744200503783
7686,8843,1157,0.1157,0.27559481638073924
7680,8840,1160,0.116,0.2738800731293857
7378,8689,1311,0.1311,0.2752518112674349
7502,8751,1249,0.1249,0.2722136181146954
7668,8834,1166,0.1166,0.2647190678977175
7726,8863,1137,0.1137,0.2582443344079773
7420,8710,1290,0.129,0.25989627851247793
7494,8747,1253,0.1253,0.2565219714299951
7506,8753,1247,0.1247,0.24528475544536485
7622,8811,1189,0.1189,0.23775852314447984
7618,8809,1191,0.1191,0.23623327644849795
7652,8826,1174,0.1174,0.2331777508497238
7628,8814,1186,0.1186,0.22406264309804005
7782,8891,1109,0.1109,0.2210619301334484
7616,8808,1192,0.1192,0.22115489078549302
7854,8927,1073,0.1073,0.21816270116578076
7714,8857,1143,0.1143,0.22146418624603248
7582,8791,1209,0.1209,0.2249205719929241
7596,8798,1202,0.1202,0.2280778949843344
7566,8783,1217,0.1217,0.2293379890674958
7670,8835,1165,0.1165,0.23360405194500616
7746,8873,1127,0.1127,0.23502356871027513
7658,8829,1171,0.1171,0.2351620247822293
7590,8795,1205,0.1205,0.2353649118824991
7442,8721,1279,0.1279,0.23385822152345917
7596,8798,1202,0.1202,0.23005106818650892
7602,8801,1199,0.1199,0.22598107157971395
7500,8750,1250,0.125,0.22728569896223488
7788,8894,1106,0.1106,0.22202277690651825
7616,8808,1192,0.1192,0.2206318798152148
7564,8782,1218,0.1218,0.22213008765010164
7706,8853,1147,0.1147,0.2208402098209719
7538,8769,1231,0.1231,0.2266071077478401
7442,8721,1279,0.1279,0.23020386738439347
7590,8795,1205,0.1205,0.2321528159522847
7484,8742,1258,0.1258,0.233015984064612
7846,8923,1077,0.1077,0.23492058088239282
7692,8846,1154,0.1154,0.23769044245843543
7596,8798,1202,0.1202,0.23809445321363745
7678,8839,1161,0.1161,0.23707641700921175
7638,8819,1181,0.1181,0.22695147958475895
7780,8890,1110,0.111,0.22067720183240289
7524,8762,1238,0.1238,0.22075773859526962
7532,8766,1234,0.1234,0.22144720250493266
7820,8910,1090,0.109,0.2149953610721046
7606,8803,1197,0.1197,0.2181207030771824
7750,8875,1125,0.1125,0.21976305647939443
7774,8887,1113,0.1113,0.2198220953852549
7526,8763,1237,0.1237,0.22115339522948835
7650,8825,1175,0.1175,0.22000507275885903
7572,8786,1214,0.1214,0.21607112870710699
7574,8787,1213,0.1213,0.2162194961631253
7634,8817,1183,0.1183,0.21291404905691744
7416,8708,1292,0.1292,0.2134644292704323
7642,8821,1179,0.1179,0.2115295711055398
7490,8745,1255,0.1255,0.2142953300696099
7356,8678,1322,0.1322,0.21787325636993873
7504,8752,1248,0.1248,0.2180828546360768
7618,8809,1191,0.1191,0.21519187632362083
7452,8726,1274,0.1274,0.2190478609540638
7776,8888,1112,0.1112,0.20923684160723205
7568,8784,1216,0.1216,0.20560755341705908
7652,8826,1174,0.1174,0.1997799400359392
7672,8836,1164,0.1164,0.19886652417381265
7780,8890,1110,0.111,0.19460836786856817
7436,8718,1282,0.1282,0.20138680465483338
7700,8850,1150,0.115,0.20322676627892725
7738,8869,1131,0.1131,0.20349763235785068
7492,8746,1254,0.1254,0.21628718569282573
7634,8817,1183,0.1183,0.22309944275838797
7512,8756,1244,0.1244,0.2289478465795517
7496,8748,1252,0.1252,0.22942270027080086
7508,8754,1246,0.1246,0.23580264363334344
7404,8702,1298,0.1298,0.23562313190286058
7682,8841,1159,0.1159,0.2321632941457139
7514,8757,1243,0.1243,0.23386910632961955
7692,8846,1154,0.1154,0.22984456629111683
7534,8767,1233,0.1233,0.23214264758122355
7524,8762,1238,0.1238,0.23284102654315028
7674,8837,1163,0.1163,0.23187961051091552
7540,8770,1230,0.123,0.23913365113548934
7420,8710,1290,0.129,0.24851456662387644
7648,8824,1176,0.1176,0.25141490812301637
7450,8725,1275,0.1275,0.2540166360408074
7512,8756,1244,0.1244,0.2639750242571785
7498,8749,1251,0.1251,0.26773787940833715
7460,8730,1270,0.127,0.2645151764820323
7722,8861,1139,0.1139,0.26024127121653945
7556,8778,1222,0.1222,0.25295063565666204
7786,8893,1107,0.1107,0.24505335154839958
7662,8831,1169,0.1169,0.24175264163874088
7546,8773,1227,0.1227,0.24139786875613048
7590,8795,1205,0.1205,0.23818649458599206
7638,8819,1181,0.1181,0.23498024741294793
7570,8785,1215,0.1215,0.23978220931461589
7586,8793,1207,0.1207,0.24082639351067883
7676,8838,1162,0.1162,0.24883169832365912
7664,8832,1168,0.1168,0.24908902852144094
7646,8823,1177,0.1177,0.25341336012929677
7718,8859,1141,0.1141,0.252403616762624
7602,8801,1199,0.1199,0.25398436502967964
7548,8774,1226,0.1226,0.25316610308419185
7544,8772,1228,0.1228,0.25339352241552515
7602,8801,1199,0.1199,0.2524380568344379
7718,8859,1141,0.1141,0.2536780516296625
7646,8823,1177,0.1177,0.25597133412759865
7558,8779,1221,0.1221,0.2594126341545491
7582,8791,1209,0.1209,0.2604099471374
7694,8847,1153,0.1153,0.26365798236487825
7530,8765,1235,0.1235,0.2717545269846774
7342,8671,1329,0.1329,0.2771686398306861
7762,8881,1119,0.1119,0.27049447651602315
7534,8767,1233,0.1233,0.2872544817438236
7590,8795,1205,0.1205,0.2981191556304699
7620,8810,1190,0.119,0.30748863971150103
7766,8883,1117,0.1117,0.3026715579565997
7676,8838,1162,0.1162,0.30660819595087413
7420,8710,1290,0.129,0.3107795129124949
7778,8889,1111,0.1111,0.29864253693744774
7766,8883,1117,0.1117,0.29635331578609103
7698,8849,1151,0.1151,0.2958348780434949
7566,8783,1217,0.1217,0.2986545337700114
7780,8890,1110,0.111,0.30293977267742156
7510,8755,1245,0.1245,0.3044653267443967
7476,8738,1262,0.1262,0.31976940622527344
7720,8860,1140,0.114,0.3218937907083579
7534,8767,1233,0.1233,0.32583720997273924
7632,8816,1184,0.1184,0.3228032497284585
7490,8745,1255,0.1255,0.32466639370652844
7434,8717,1283,0.1283,0.3233042385382112
7642,8821,1179,0.1179,0.32059600889231377
7402,8701,1299,0.1299,0.3217411971242458
7462,8731,1269,0.1269,0.3287547592190327
7422,8711,1289,0.1289,0.3378734936289489
7710,8855,1145,0.1145,0.3391485364208565
7394,8697,1303,0.1303,0.3439780396185328
7734,8867,1133,0.1133,0.35296874083497987
7628,8814,1186,0.1186,0.35636099200621246
7534,8767,1233,0.1233,0.3516360798637181
7590,8795,1205,0.1205,0.35166859115130483
7480,8740,1260,0.126,0.35378637952111963
7612,8806,1194,0.1194,0.35400584715995354
7636,8818,1182,0.1182,0.35915014452034644
7606,8803,1197,0.1197,0.36393334593158216
7460,8730,1270,0.127,0.3843579732113518
7712,8856,1144,0.1144,0.38687651877045726
7368,8684,1316,0.1316,0.3969936366259555
7600,8800,1200,0.12,0.397763331186424
7582,8791,1209,0.1209,0.39501552571805176
7660,8830,1170,0.117,0.38449235413905997
7692,8846,1154,0.1154,0.3783682982903795
7554,8777,1223,0.1223,0.38154381178705954
7570,8785,1215,0.1215,0.3716212015749541
7514,8757,1243,0.1243,0.3694452336937189
7606,8803,1197,0.1197,0.37372017870726487
7562,8781,1219,0.1219,0.37543322761059356
7602,8801,1199,0.1199,0.38774725357153256
7564,8782,1218,0.1218,0.3967551428488958
7458,8729,1271,0.1271,0.4021895373487845
7702,8851,1149,0.1149,0.39844693796485664
7528,8764,1236,0.1236,0.3915604827999726
7568,8784,1216,0.1216,0.3803652219493873
7730,8865,1135,0.1135,0.36963928884079456
7690,8845,1155,0.1155,0.36589515914693477
7602,8801,1199,0.1199,0.351253286550194
7528,8764,1236,0.1236,0.35160269732867655
7630,8815,1185,0.1185,0.3527644258327287
7504,8752,1248,0.1248,0.3538857194297481
7568,8784,1216,0.1216,0.37375016538230704
7634,8817,1183,0.1183,0.38666633889401836
7452,8726,1274,0.1274,0.39727511726370884
7624,8812,1188,0.1188,0.39432081580847106
7764,8882,1118,0.1118,0.3930661598224514
7574,8787,1213,0.1213,0.3886680912666023
7542,8771,1229,0.1229,0.3827586614536587
7578,8789,1211,0.1211,0.37695525506846606
7656,8828,1172,0.1172,0.37765056125633417
7568,8784,1216,0.1216,0.3832814308351985
7750,8875,1125,0.1125,0.37900399663791784
7622,8811,1189,0.1189,0.3869801913275733
7584,8792,1208,0.1208,0.3972537697687745
7406,8703,1297,0.1297,0.3991193268880248
7742,8871,1129,0.1129,0.39919380746781824
7584,8792,1208,0.1208,0.4053098809061688
7490,8745,1255,0.1255,0.4004310637857028
7522,8761,1239,0.1239,0.38963440294377505
7552,8776,1224,0.1224,0.39662202948550696
7560,8780,1220,0.122,0.38554312190685125
7548,8774,1226,0.1226,0.39893010808933177
7688,8844,1156,0.1156,0.3843387435176741
7368,8684,1316,0.1316,0.3898820671156574
7446,8723,1277,0.1277,0.390463400528643
7524,8762,1238,0.1238,0.3903421793311834
7320,8660,1340,0.134,0.40493847122095683
7506,8753,1247,0.1247,0.4034351341834752
7564,8782,1218,0.1218,0.4040819170803322
7394,8697,1303,0.1303,0.40388747910489764
7432,8716,1284,0.1284,0.39887195640094303
7444,8722,1278,0.1278,0.39657698770085664
7598,8799,1201,0.1201,0.3898672012008745
7522,8761,1239,0.1239,0.3866560212674478
7424,8712,1288,0.1288,0.37524159952155317
7444,8722,1278,0.1278,0.3786206686967562
7360,8680,1320,0.132,0.37606247186347025
7664,8832,1168,0.1168,0.36827578682880885
7448,8724,1276,0.1276,0.3735446306414189
7742,8871,1129,0.1129,0.37133453814728634
7454,8727,1273,0.1273,0.376302947250265
7738,8869,1131,0.1131,0.370042470626896
7650,8825,1175,0.1175,0.36982535393005567
7590,8795,1205,0.1205,0.36724951039768516
7686,8843,1157,0.1157,0.36441772328129934
7522,8761,1239,0.1239,0.3612314103261102
7472,8736,1264,0.1264,0.35779171414261546
7638,8819,1181,0.1181,0.35551667351099364
7510,8755,1245,0.1245,0.36031664202302927
7488,8744,1256,0.1256,0.35977735437958036
7762,8881,1119,0.1119,0.3746989167172811
7592,8796,1204,0.1204,0.37449532751281983
7536,8768,1232,0.1232,0.3779480029665092
7566,8783,1217,0.1217,0.3724828633095138
7612,8806,1194,0.1194,0.37278644257502047
7808,8904,1096,0.1096,0.36224940994248517
7450,8725,1275,0.1275,0.36734399603759776
7574,8787,1213,0.1213,0.3536637671241453
7634,8817,1183,0.1183,0.349808247125096
7400,8700,1300,0.13,0.349740511571127
7640,8820,1180,0.118,0.346630810553208
7692,8846,1154,0.1154,0.34116015119772863
7542,8771,1229,0.1229,0.33994933451099785
7592,8796,1204,0.1204,0.3412714292146472
7600,8800,1200,0.12,0.33792761013306527
7390,8695,1305,0.1305,0.33145884190559444
7682,8841,1159,0.1159,0.320512011279838
7574,8787,1213,0.1213,0.31785321379816367
7348,8674,1326,0.1326,0.3165112675548065
7602,8801,1199,0.1199,0.3019854411126382
7560,8780,1220,0.122,0.2943659535889403
7512,8756,1244,0.1244,0.29466857858284495
7506,8753,1247,0.1247,0.2938842473322991
7530,8765,1235,0.1235,0.29803434631845155
7468,8734,1266,0.1266,0.2975804717862979
7564,8782,1218,0.1218,0.2985285325664537
7560,8780,1220,0.122,0.29910495674302584
7462,8731,1269,0.1269,0.2946388180745191
7904,8952,1048,0.1048,0.28571735268220766
7666,8833,1167,0.1167,0.2883687306132236
7642,8821,1179,0.1179,0.28551685446032204
7524,8762,1238,0.1238,0.279181326039516
7488,8744,1256,0.1256,0.27290104050329334
7642,8821,1179,0.1179,0.2713964277323452
7570,8785,1215,0.1215,0.2718126089381287
7550,8775,1225,0.1225,0.28477519556820113
7458,8729,1271,0.1271,0.2920845515721943
7810,8905,1095,0.1095,0.29291896137943907
7484,8742,1258,0.1258,0.29922165865997097
7632,8816,1184,0.1184,0.3096032094033924
7524,8762,1238,0.1238,0.3130950830097987
7686,8843,1157,0.1157,0.31546146003559844
7396,8698,1302,0.1302,0.32258990131764814
7604,8802,1198,0.1198,0.32226106189701276
7548,8774,1226,0.1226,0.3223638180624694
7656,8828,1172,0.1172,0.3213564634641564
7570,8785,1215,0.1215,0.32378847760202345
7632,8816,1184,0.1184,0.32044675390115007
7632,8816,1184,0.1184,0.3226446706791378
7474,8737,1263,0.1263,0.32238665022304386
7570,8785,1215,0.1215,0.32483673020160947
7804,8902,1098,0.1098,0.3327454715977483
7582,8791,1209,0.1209,0.3450434080895698
7522,8761,1239,0.1239,0.3452332491616132
7462,8731,1269,0.1269,0.3493248791453992
7438,8719,1281,0.1281,0.3466358450163262
7402,8701,1299,0.1299,0.34404377823993565
7498,8749,1251,0.1251,0.3422164509203285
7538,8769,1231,0.1231,0.34040951173901557
7574,8787,1213,0.1213,0.3377310679706745
7478,8739,1261,0.1261,0.33631096234382474
7804,8902,1098,0.1098,0.3343354546538554
7528,8764,1236,0.1236,0.33557221615435556
7614,8807,1193,0.1193,0.32173521057367327
7544,8772,1228,0.1228,0.31860312693291193
7838,8919,1081,0.1081,0.31494684524823097
7596,8798,1202,0.1202,0.31727392909764895
7482,8741,1259,0.1259,0.31225880606002177
7592,8796,1204,0.1204,0.31469050294660283
7706,8853,1147,0.1147,0.3103854040916667
7566,8783,1217,0.1217,0.31532423351281325
7614,8807,1193,0.1193,0.31586203338629565
7658,8829,1171,0.1171,0.31309430574682967
7564,8782,1218,0.1218,0.31266631054979516
7412,8706,1294,0.1294,0.3139478585213955
7676,8838,1162,0.1162,0.30327327227895146
7740,8870,1130,0.113,0.29503350542309165
7754,8877,1123,0.1123,0.28993187493669365
7700,8850,1150,0.115,0.2874179770766358
7370,8685,1315,0.1315,0.2806917910339311
7626,8813,1187,0.1187,0.2811175535106237
7490,8745,1255,0.1255,0.2822366147881755
7630,8815,1185,0.1185,0.2871492126827434
7624,8812,1188,0.1188,0.3049601393995201
7510,8755,1245,0.1245,0.3123325507082191
7696,8848,1152,0.1152,0.30738822002978994
7798,8899,1101,0.1101,0.30755486348818156
7478,8739,1261,0.1261,0.3011845638894769
7584,8792,1208,0.1208,0.2950163938665327
7554,8777,1223,0.1223,0.2912850895788521
7494,8747,1253,0.1253,0.28946762442318724
7632,8816,1184,0.1184,0.28774700274535064
7790,8895,1105,0.1105,0.28522440256173487
7702,8851,1149,0.1149,0.28777729424472964
7442,8721,1279,0.1279,0.29201956657357514
7618,8809,1191,0.1191,0.2965651666581718
7692,8846,1154,0.1154,0.2995091461493546
7622,8811,1189,0.1189,0.3034513547678439
7606,8803,1197,0.1197,0.3070088714443773
7668,8834,1166,0.1166,0.3084247933566745
7664,8832,1168,0.1168,0.30495030111353844
7668,8834,1166,0.1166,0.3036473000429013
7686,8843,1157,0.1157,0.29985371059137805
7616,8808,1192,0.1192,0.29478201553792666
7670,8835,1165,0.1165,0.2910272408879362
7588,8794,1206,0.1206,0.29344143395297034
7628,8814,1186,0.1186,0.29429180582066483
7678,8839,1161,0.1161,0.30725348669904284
7438,8719,1281,0.1281,0.31569188351928634
7702,8851,1149,0.1149,0.31581363702109083
7704,8852,1148,0.1148,0.3177193512979744
7480,8740,1260,0.126,0.3263659212658398
7696,8848,1152,0.1152,0.3214509427377366
7396,8698,1302,0.1302,0.32433503209257064
7596,8798,1202,0.1202,0.3189493750859052
7458,8729,1271,0.1271,0.31374846091891084
7734,8867,1133,0.1133,0.304559071456474
7700,8850,1150,0.115,0.3065542869813105
7656,8828,1172,0.1172,0.3050545786334824
7652,8826,1174,0.1174,0.3128328650929261
7750,8875,1125,0.1125,0.3134982940736918
7744,8872,1128,0.1128,0.31630483953726846
7586,8793,1207,0.1207,0.3219044633042909
7740,8870,1130,0.113,0.3327201898979489
7746,8873,1127,0.1127,0.33203442430098074
7886,8943,1057,0.1057,0.3305149357426679
7418,8709,1291,0.1291,0.33791175714743893
7598,8799,1201,0.1201,0.3356508961789565
7658,8829,1171,0.1171,0.33469378968440433
7592,8796,1204,0.1204,0.3336832552511384
7516,8758,1242,0.1242,0.3416922115963874
7680,8840,1160,0.116,0.3342285423139576
7764,8882,1118,0.1118,0.32679960321846513
7474,8737,1263,0.1263,0.3291670594232448
7632,8816,1184,0.1184,0.3274395448821335
7560,8780,1220,0.122,0.3182123162602511
7556,8778,1222,0.1222,0.3159647450124845
7716,8858,1142,0.1142,0.3131673608139157
7608,8804,1196,0.1196,0.31694629099583255
7660,8830,1170,0.117,0.3167429397153628
7442,8721,1279,0.1279,0.32210574492768446
7812,8906,1094,0.1094,0.31920615697279575
7640,8820,1180,0.118,0.32821350637376306
7398,8699,1301,0.1301,0.33752303614296253
7614,8807,1193,0.1193,0.33993840926044433
7550,8775,1225,0.1225,0.33980032696695517
7676,8838,1162,0.1162,0.34241400543608896
7506,8753,1247,0.1247,0.34076419707238675
7456,8728,1272,0.1272,0.34215966432838046
7428,8714,1286,0.1286,0.3342470705166459
7806,8903,1097,0.1097,0.3293884704814451
7594,8797,1203,0.1203,0.32807714840173735
7528,8764,1236,0.1236,0.3345485778741539
7212,8606,1394,0.1394,0.33192368145361545
7498,8749,1251,0.1251,0.3312201518223923
7568,8784,1216,0.1216,0.3382095016384497
7562,8781,1219,0.1219,0.3440954226211994
7626,8813,1187,0.1187,0.34024621738493444
7668,8834,1166,0.1166,0.341071120892718
7550,8775,1225,0.1225,0.34469570892453194
7520,8760,1240,0.124,0.34984604575009015
7544,8772,1228,0.1228,0.3472170781265944
7568,8784,1216,0.1216,0.34931443790234623
7590,8795,1205,0.1205,0.3622615984679594
7590,8795,1205,0.1205,0.37308147779518874
7596,8798,1202,0.1202,0.37246678473428674
7580,8790,1210,0.121,0.3771485790705767
7700,8850,1150,0.115,0.38491350268141244
7480,8740,1260,0.126,0.39058066981334943
7556,8778,1222,0.1222,0.3896019071987248
7434,8717,1283,0.1283,0.3893096346667502
7640,8820,1180,0.118,0.3835643611302124
7560,8780,1220,0.122,0.38052775832113694
7456,8728,1272,0.1272,0.38196358279607145
7732,8866,1134,0.1134,0.37406094558467123
7674,8837,1163,0.1163,0.3680747420994565
7692,8846,1154,0.1154,0.36185049980149114
7768,8884,1116,0.1116,0.36368446145957717
7624,8812,1188,0.1188,0.3636134489827178
7644,8822,1178,0.1178,0.36340372627286466
7474,8737,1263,0.1263,0.3618886542238302
7610,8805,1195,0.1195,0.36062436811875087
7472,8736,1264,0.1264,0.3612569931318576
7652,8826,1174,0.1174,0.35401354955167735
7576,8788,1212,0.1212,0.35147543761284067
7652,8826,1174,0.1174,0.3468150231521902
7740,8870,1130,0.113,0.33996024040281775
7546,8773,1227,0.1227,0.31973477661568694
7666,8833,1167,0.1167,0.3071736156359315
7410,8705,1295,0.1295,0.3044922671670094
7620,8810,1190,0.119,0.2941553026631882
7772,8886,1114,0.1114,0.27656865234076977
7678,8839,1161,0.1161,0.26936553252357387
7492,8746,1254,0.1254,0.2718296615783125
7716,8858,1142,0.1142,0.26406606237249314
7678,8839,1161,0.1161,0.25446148955812675
7508,8754,1246,0.1246,0.25035119486770924
7490,8745,1255,0.1255,0.2515044891564496
7662,8831,1169,0.1169,0.24669227578922873
7632,8816,1184,0.1184,0.24982721625369805
7636,8818,1182,0.1182,0.2506807302301084
7596,8798,1202,0.1202,0.2526778709884093
7756,8878,1122,0.1122,0.24914268246870655
7520,8760,1240,0.124,0.25271882833056153
7710,8855,1145,0.1145,0.25049401203341115
7720,8860,1140,0.114,0.2512127567245072
7580,8790,1210,0.121,0.2511787462551312
7602,8801,1199,0.1199,0.25561258876727616
7674,8837,1163,0.1163,0.25312554265113724
7546,8773,1227,0.1227,0.2567111054404726
7762,8881,1119,0.1119,0.25364775183539967
7564,8782,1218,0.1218,0.2591596840317948
7474,8737,1263,0.1263,0.25977044224984713
7658,8829,1171,0.1171,0.257647936771065
7644,8822,1178,0.1178,0.25819884523488507
7770,8885,1115,0.1115,0.2515708564293743
7756,8878,1122,0.1122,0.2483180596002852
7480,8740,1260,0.126,0.24914671467253646
7506,8753,1247,0.1247,0.24762039763721078
7676,8838,1162,0.1162,0.24329240129218851
7630,8815,1185,0.1185,0.24353897943574185
7540,8770,1230,0.123,0.24559666510743555
7452,8726,1274,0.1274,0.24752445092977723
7536,8768,1232,0.1232,0.25092687239749567
7640,8820,1180,0.118,0.2521696590670228
7686,8843,1157,0.1157,0.2523642949871719
7670,8835,1165,0.1165,0.2543519039199117
7502,8751,1249,0.1249,0.2546356027410191
7618,8809,1191,0.1191,0.2509450694378218
7544,8772,1228,0.1228,0.24992198154252593
7494,8747,1253,0.1253,0.2503959772487608
7726,8863,1137,0.1137,0.2397701586317271
7734,8867,1133,0.1133,0.23283246938306837
7538,8769,1231,0.1231,0.23421129029308796
7502,8751,1249,0.1249,0.23132072166517273
7682,8841,1159,0.1159,0.22443368140008824
7632,8816,1184,0.1184,0.2212087006990143
7678,8839,1161,0.1161,0.22132420121545537
7366,8683,1317,0.1317,0.2232730823736434
7558,8779,1221,0.1221,0.21583713103984659
7534,8767,1233,0.1233,0.21463020137291977
7672,8836,1164,0.1164,0.21324892667958883
7556,8778,1222,0.1222,0.21476343096094283
7704,8852,1148,0.1148,0.21610769296252694
7508,8754,1246,0.1246,0.22360091520572078
7554,8777,1223,0.1223,0.2231415127141634
7774,8887,1113,0.1113,0.2216387874351698
7732,8866,1134,0.1134,0.22773491220995784
7654,8827,1173,0.1173,0.2344549836252547
7640,8820,1180,0.118,0.23518705342553026
7442,8721,1279,0.1279,0.23835782186939833
7530,8765,1235,0.1235,0.245193611508701
7382,8691,1309,0.1309,0.2549435259316753
7660,8830,1170,0.117,0.2555507318685533
7446,8723,1277,0.1277,0.26208038161248826
7498,8749,1251,0.1251,0.2716928879385263
7732,8866,1134,0.1134,0.2693842291450037
7670,8835,1165,0.1165,0.2697031671533252
7788,8894,1106,0.1106,0.2637654272528307
7542,8771,1229,0.1229,0.25560752198537956
7736,8868,1132,0.1132,0.2508115600638834
7756,8878,1122,0.1122,0.24845590146657823
7674,8837,1163,0.1163,0.25000502669364216
7568,8784,1216,0.1216,0.2549792736977339
7774,8887,1113,0.1113,0.2571660633487362
7608,8804,1196,0.1196,0.25923068732467947
7394,8697,1303,0.1303,0.2693642377088632
7712,8856,1144,0.1144,0.2719421256083198
7410,8705,1295,0.1295,0.2737907174747903
7540,8770,1230,0.123,0.2709578346022274
7706,8853,1147,0.1147,0.2675446287335828
7654,8827,1173,0.1173,0.25003665501338584
7512,8756,1244,0.1244,0.24526429331254057
7564,8782,1218,0.1218,0.242694017473535
7788,8894,1106,0.1106,0.2365181231105671
7666,8833,1167,0.1167,0.2226163472689688
7714,8857,1143,0.1143,0.21881211632178166
7586,8793,1207,0.1207,0.21900074173248432
7644,8822,1178,0.1178,0.21599036552772322
7404,8702,1298,0.1298,0.21931531110466604
7602,8801,1199,0.1199,0.22344258933111272
7470,8735,1265,0.1265,0.22606477242973633
7760,8880,1120,0.112,0.22449271343871968
7430,8715,1285,0.1285,0.2342060901381507
7728,8864,1136,0.1136,0.23032207769784144
7736,8868,1132,0.1132,0.231366898426339
7404,8702,1298,0.1298,0.23237115991950258
7638,8819,1181,0.1181,0.22469245739467442
7638,8819,1181,0.1181,0.22212533109635116
7554,8777,1223,0.1223,0.22390951095758063
7506,8753,1247,0.1247,0.22454089840523667
7682,8841,1159,0.1159,0.23519224634017447
7682,8841,1159,0.1159,0.2428633856206476
7510,8755,1245,0.1245,0.2495102404735924
7726,8863,1137,0.1137,0.2510694119443732
7778,8889,1111,0.1111,0.2577872965358256
7718,8859,1141,0.1141,0.2580834732506508
7656,8828,1172,0.1172,0.26010294383326543
7718,8859,1141,0.1141,0.25750894462059687
7554,8777,1223,0.1223,0.2536824658922851
7626,8813,1187,0.1187,0.2543424918921657
7584,8792,1208,0.1208,0.25454378455867993
7630,8815,1185,0.1185,0.256404247993778
7524,8762,1238,0.1238,0.26206572954476287
7594,8797,1203,0.1203,0.26737126203869527
7504,8752,1248,0.1248,0.2688185596397172
7690,8845,1155,0.1155,0.26871439796445346
7582,8791,1209,0.1209,0.2736474615069106
7628,8814,1186,0.1186,0.27115735569484534
7724,8862,1138,0.1138,0.2683575602110359
7658,8829,1171,0.1171,0.2683710510910023
7694,8847,1153,0.1153,0.26157043322931334
7528,8764,1236,0.1236,0.26735720210268626
7702,8851,1149,0.1149,0.26784291967898605
7406,8703,1297,0.1297,0.27180919422619043
7686,8843,1157,0.1157,0.2922490826882189
7600,8800,1200,0.12,0.3060078894101083
7792,8896,1104,0.1104,0.3042856345046386
7566,8783,1217,0.1217,0.3091653853769588
7658,8829,1171,0.1171,0.3113202375709065
7612,8806,1194,0.1194,0.3122468237070667
7416,8708,1292,0.1292,0.31037303157866336
7752,8876,1124,0.1124,0.3051535161454369
7662,8831,1169,0.1169,0.30473476526191096
7646,8823,1177,0.1177,0.3056929241507551
7720,8860,1140,0.114,0.3076462267833878
7496,8748,1252,0.1252,0.3091388583678694
7514,8757,1243,0.1243,0.31536557293936496
7698,8849,1151,0.1151,0.3124621429492525
7662,8831,1169,0.1169,0.3120791959919639
7566,8783,1217,0.1217,0.31000976426675597
7522,8761,1239,0.1239,0.2983795348043728
7668,8834,1166,0.1166,0.284171348966565
7590,8795,1205,0.1205,0.2852482264846563
7746,8873,1127,0.1127,0.27851734972555
7810,8905,1095,0.1095,0.25903725576139985
7370,8685,1315,0.1315,0.2544570060894418
7568,8784,1216,0.1216,0.25314636482144703
7632,8816,1184,0.1184,0.24996635028189468
7832,8916,1084,0.1084,0.2515433208659316
7594,8797,1203,0.1203,0.25828501811299687
7524,8762,1238,0.1238,0.26026924799744555
7708,8854,1146,0.1146,0.25798826797928015
7546,8773,1227,0.1227,0.26074305469788867
7664,8832,1168,0.1168,0.25739562937419497
7572,8786,1214,0.1214,0.2585099473048467
7492,8746,1254,0.1254,0.25717948131119744
7588,8794,1206,0.1206,0.24356196004599331
7478,8739,1261,0.1261,0.24060698566543642
7668,8834,1166,0.1166,0.238641687318217
7746,8873,1127,0.1127,0.23661664413643885
7756,8878,1122,0.1122,0.2319835089299595
7638,8819,1181,0.1181,0.23477332971170575
7442,8721,1279,0.1279,0.2390950428205455
7702,8851,1149,0.1149,0.2348736505062574
7568,8784,1216,0.1216,0.2337858429334796
7780,8890,1110,0.111,0.22623394538704306
7332,8666,1334,0.1334,0.23012115384401013
7624,8812,1188,0.1188,0.22341301629717783
7594,8797,1203,0.1203,0.2110460834576462
7680,8840,1160,0.116,0.198444636797792
7548,8774,1226,0.1226,0.20173244387724948
7814,8907,1093,0.1093,0.19509356415484871
7702,8851,1149,0.1149,0.18488804396019304
7776,8888,1112,0.1112,0.17851123678632422
7666,8833,1167,0.1167,0.18289893463253976
7652,8826,1174,0.1174,0.18014832571584347
7504,8752,1248,0.1248,0.1854434733750094
7518,8759,1241,0.1241,0.18169631365832756
7690,8845,1155,0.1155,0.18735817292364507
7654,8827,1173,0.1173,0.18727014473932307
7566,8783,1217,0.1217,0.1816579917449127
7532,8766,1234,0.1234,0.17400925607662693
7428,8714,1286,0.1286,0.18493170147473956
7564,8782,1218,0.1218,0.17485733723733574
7658,8829,1171,0.1171,0.1742346070495997
7590,8795,1205,0.1205,0.17173633463995602
7544,8772,1228,0.1228,0.17611603011308874
7738,8869,1131,0.1131,0.16809790339920924
7708,8854,1146,0.1146,0.17370836750995367
7664,8832,1168,0.1168,0.17964872393409992
7624,8812,1188,0.1188,0.17461557279969567
7644,8822,1178,0.1178,0.1761531571599784
7528,8764,1236,0.1236,0.1770050797209556
7558,8779,1221,0.1221,0.1799546375830658
7614,8807,1193,0.1193,0.1810516977360472
7660,8830,1170,0.117,0.17871453940020843
7512,8756,1244,0.1244,0.1902814570951488
7684,8842,1158,0.1158,0.18780784018561245
7640,8820,1180,0.118,0.19017325133252233
7494,8747,1253,0.1253,0.19482400671638606
7640,8820,1180,0.118,0.19543717879398412
7572,8786,1214,0.1214,0.1972017088706744
7640,8820,1180,0.118,0.19510730447311803
7684,8842,1158,0.1158,0.19402984908525758
7750,8875,1125,0.1125,0.19449518224475573
7652,8826,1174,0.1174,0.19288845975662777
7506,8753,1247,0.1247,0.19560266758724928
7544,8772,1228,0.1228,0.19586941367719554
7450,8725,1275,0.1275,0.21329842908365923
7336,8668,1332,0.1332,0.22110349443750457
7652,8826,1174,0.1174,0.22220353891801387
7518,8759,1241,0.1241,0.22629136323850807
7834,8917,1083,0.1083,0.22839776572627835
7654,8827,1173,0.1173,0.22709314292757107
7750,8875,1125,0.1125,0.22264899115590378
7538,8769,1231,0.1231,0.22400172873997826
7618,8809,1191,0.1191,0.20524408204422945
7694,8847,1153,0.1153,0.20226193737939346
7494,8747,1253,0.1253,0.20287193448113783
7580,8790,1210,0.121,0.20183615579530598
7540,8770,1230,0.123,0.21116213097214878
7602,8801,1199,0.1199,0.21838921247342513
7638,8819,1181,0.1181,0.21996450975686313
7492,8746,1254,0.1254,0.2227408268022825
7544,8772,1228,0.1228,0.21802495340619957
7694,8847,1153,0.1153,0.21018573710580749
7664,8832,1168,0.1168,0.2085644443165438
7554,8777,1223,0.1223,0.20792753062795227
7584,8792,1208,0.1208,0.1904905686497825
7574,8787,1213,0.1213,0.1875587490414766
7532,8766,1234,0.1234,0.18763726900182665
7414,8707,1293,0.1293,0.19038176449742167
7484,8742,1258,0.1258,0.20350679409233854
7642,8821,1179,0.1179,0.20900992003676946
7596,8798,1202,0.1202,0.20923379890335472
7582,8791,1209,0.1209,0.21094638636062682
7606,8803,1197,0.1197,0.214190732785239
7738,8869,1131,0.1131,0.21375326258213417
7512,8756,1244,0.1244,0.21464199135174275
7568,8784,1216,0.1216,0.21553098627308445
7532,8766,1234,0.1234,0.2253756168405911
7436,8718,1282,0.1282,0.23232989934442339
7454,8727,1273,0.1273,0.23286828350242303
7442,8721,1279,0.1279,0.23453908962477
7464,8732,1268,0.1268,0.2566488323212601
7636,8818,1182,0.1182,0.25702408079532096
7724,8862,1138,0.1138,0.25462921099600555
7664,8832,1168,0.1168,0.2560124528463676
7638,8819,1181,0.1181,0.24312544968247457
7618,8809,1191,0.1191,0.23457004495679867
7426,8713,1287,0.1287,0.23322343994502398
7746,8873,1127,0.1127,0.22944037514073426
7430,8715,1285,0.1285,0.2290590195540859
7644,8822,1178,0.1178,0.23093833290125132
7648,8824,1176,0.1176,0.23120337861783627
7526,8763,1237,0.1237,0.23200620226663676
7666,8833,1167,0.1167,0.24846086638824308
7774,8887,1113,0.1113,0.2445549246716182
7538,8769,1231,0.1231,0.24816065787996922
7706,8853,1147,0.1147,0.2448759710147977
7516,8758,1242,0.1242,0.23233821816071867
7470,8735,1265,0.1265,0.22577213515620764
7620,8810,1190,0.119,0.2237400401908637
7678,8839,1161,0.1161,0.22023513573786763
7504,8752,1248,0.1248,0.23059071885608137
7580,8790,1210,0.121,0.23316081767664582
7684,8842,1158,0.1158,0.2365427908922202
7912,8956,1044,0.1044,0.2336629267331562
7472,8736,1264,0.1264,0.24945613589325805
7668,8834,1166,0.1166,0.24291520077421463
7588,8794,1206,0.1206,0.24585135163725355
7572,8786,1214,0.1214,0.24436106647306596
7582,8791,1209,0.1209,0.23282150320099462
7448,8724,1276,0.1276,0.23077768654512948
7614,8807,1193,0.1193,0.2299579929622572
7782,8891,1109,0.1109,0.22658210803866385
7478,8739,1261,0.1261,0.23293182263605558
7622,8811,1189,0.1189,0.22874009961680558
7714,8857,1143,0.1143,0.22816218504724967
7606,8803,1197,0.1197,0.2296301266586408
7438,8719,1281,0.1281,0.22823557429200728
7542,8771,1229,0.1229,0.2265279516698938
7550,8775,1225,0.1225,0.22418317712727004
7572,8786,1214,0.1214,0.2238680712731515
7746,8873,1127,0.1127,0.22238872040510177
7618,8809,1191,0.1191,0.22299983288384975
7662,8831,1169,0.1169,0.22139965625834374
7592,8796,1204,0.1204,0.22114388334923424
7774,8887,1113,0.1113,0.20757275909403824
7668,8834,1166,0.1166,0.20735188604872581
7576,8788,1212,0.1212,0.20718648824641642
7550,8775,1225,0.1225,0.20480705775988226
7556,8778,1222,0.1222,0.20598460146680883
7618,8809,1191,0.1191,0.2089417239965067
7662,8831,1169,0.1169,0.2091675893234228
7706,8853,1147,0.1147,0.21064342443225906
7842,8921,1079,0.1079,0.22155830453565287
7626,8813,1187,0.1187,0.22565862298780384
7412,8706,1294,0.1294,0.22724589833766223
7516,8758,1242,0.1242,0.22440584903481067
7500,8750,1250,0.125,0.2068271611633968
7674,8837,1163,0.1163,0.20488436311704572
7552,8776,1224,0.1224,0.20569930280765403
7722,8861,1139,0.1139,0.20242269804623428
7640,8820,1180,0.118,0.20138819902658514
7700,8850,1150,0.115,0.20124212334114053
7628,8814,1186,0.1186,0.20244786087026895
7750,8875,1125,0.1125,0.20143398760934653
7666,8833,1167,0.1167,0.19765221501862953
7816,8908,1092,0.1092,0.19624547468060646
7760,8880,1120,0.112,0.1965628996634063
7438,8719,1281,0.1281,0.1968205667658709
7642,8821,1179,0.1179,0.19262284000583832
7526,8763,1237,0.1237,0.1951098461833311
7732,8866,1134,0.1134,0.19420129716739903
7554,8777,1223,0.1223,0.19799857585338787
7752,8876,1124,0.1124,0.20638754491247235
7558,8779,1221,0.1221,0.21127384287821516
7528,8764,1236,0.1236,0.2122141569845458
7606,8803,1197,0.1197,0.21215619083837436
7598,8799,1201,0.1201,0.2052420179710307
7742,8871,1129,0.1129,0.20319170899576675
7826,8913,1087,0.1087,0.20252749302461742
7664,8832,1168,0.1168,0.2027568191310972
7626,8813,1187,0.1187,0.19989373267812188
7704,8852,1148,0.1148,0.1995312540310808
7648,8824,1176,0.1176,0.2004545814873476
7784,8892,1108,0.1108,0.20015623679090983
7736,8868,1132,0.1132,0.20920033650654976
7622,8811,1189,0.1189,0.2100813744766339
7572,8786,1214,0.1214,0.20946932978651867
7564,8782,1218,0.1218,0.2110576722901142
7314,8657,1343,0.1343,0.21516946160772987
7484,8742,1258,0.1258,0.21306736849195376
7678,8839,1161,0.1161,0.2118363058644565
7668,8834,1166,0.1166,0.21353823289224566
7374,8687,1313,0.1313,0.2162878753878789
7752,8876,1124,0.1124,0.2109881373382723
7538,8769,1231,0.1231,0.2120751201938605
7724,8862,1138,0.1138,0.20984926906044712
7634,8817,1183,0.1183,0.2009185921134369
7766,8883,1117,0.1117,0.19726274639672775
7708,8854,1146,0.1146,0.1980919869232399
7594,8797,1203,0.1203,0.19906206480477803
7590,8795,1205,0.1205,0.2054697259220151
7584,8792,1208,0.1208,0.20552375439097914
7750,8875,1125,0.1125,0.20487852155622094
7730,8865,1135,0.1135,0.2080306794040319
7418,8709,1291,0.1291,0.22787701257461168
7658,8829,1171,0.1171,0.22226163301074267
7682,8841,1159,0.1159,0.22166237279120832
7538,8769,1231,0.1231,0.22379094100110233
7718,8859,1141,0.1141,0.21978797611605952
7574,8787,1213,0.1213,0.21572078314610743
7642,8821,1179,0.1179,0.21393198849310055
7734,8867,1133,0.1133,0.21366651996540537
7556,8778,1222,0.1222,0.2114023698836565
7388,8694,1306,0.1306,0.21320482410481992
7652,8826,1174,0.1174,0.21284943742607726
7472,8736,1264,0.1264,0.21821863754604065
7470,8735,1265,0.1265,0.24198301366261712
7794,8897,1103,0.1103,0.2378565186646331
7490,8745,1255,0.1255,0.2401510416851337
7710,8855,1145,0.1145,0.2411326351236731
7512,8756,1244,0.1244,0.22471047289223933
7650,8825,1175,0.1175,0.21626253068656662
7628,8814,1186,0.1186,0.21541090193889303
7730,8865,1135,0.1135,0.21288615032374245
7526,8763,1237,0.1237,0.2151250022462641
7666,8833,1167,0.1167,0.21464123236809618
7598,8799,1201,0.1201,0.21576187370490515
7626,8813,1187,0.1187,0.21904348549405112
7692,8846,1154,0.1154,0.23943150676898667
7660,8830,1170,0.117,0.2375546802701466
7690,8845,1155,0.1155,0.23885195207039397
7812,8906,1094,0.1094,0.23707609078660608
7560,8780,1220,0.122,0.2238285227444052
7616,8808,1192,0.1192,0.21961830598039234
7644,8822,1178,0.1178,0.219891877779283
7390,8695,1305,0.1305,0.2196706849256385
7640,8820,1180,0.118,0.222197090264196
7548,8774,1226,0.1226,0.22515582153216537
7662,8831,1169,0.1169,0.22583043966330588
7668,8834,1166,0.1166,0.2267141425317517
7654,8827,1173,0.1173,0.25037635661624374
7532,8766,1234,0.1234,0.2529926816613413
7720,8860,1140,0.114,0.2518803701924281
7758,8879,1121,0.1121,0.2499831702438416
7794,8897,1103,0.1103,0.2448022607966197
7574,8787,1213,0.1213,0.24462758183697733
7618,8809,1191,0.1191,0.2433846143811941
7606,8803,1197,0.1197,0.24008841670861908
7662,8831,1169,0.1169,0.2626811432087794
7708,8854,1146,0.1146,0.2734795021131482
7712,8856,1144,0.1144,0.27307279931199746
7728,8864,1136,0.1136,0.279794971579127
7340,8670,1330,0.133,0.344701890187476
7418,8709,1291,0.1291,0.3477315652088572
7730,8865,1135,0.1135,0.34719119621019
7526,8763,1237,0.1237,0.35389252764554696
7610,8805,1195,0.1195,0.36175520357545465
7700,8850,1150,0.115,0.358895878273563
7572,8786,1214,0.1214,0.3554074833943101
7616,8808,1192,0.1192,0.3532010545342936
7674,8837,1163,0.1163,0.3202766355529428
7560,8780,1220,0.122,0.3164000352726779
7680,8840,1160,0.116,0.31661910705723
7744,8872,1128,0.1128,0.3165912424328612
7602,8801,1199,0.1199,0.3338824338270235
7530,8765,1235,0.1235,0.33349699373358316
7784,8892,1108,0.1108,0.3319223178596527
7592,8796,1204,0.1204,0.3336599023564769
7714,8857,1143,0.1143,0.312036675934081
7582,8791,1209,0.1209,0.30853971136572206
7668,8834,1166,0.1166,0.30461807184470163
7668,8834,1166,0.1166,0.29930061751097803
7622,8811,1189,0.1189,0.26922230622377435
7730,8865,1135,0.1135,0.265415566424194
7514,8757,1243,0.1243,0.2663994951265864
7630,8815,1185,0.1185,0.2653948495549635
7590,8795,1205,0.1205,0.28111892630588264
7536,8768,1232,0.1232,0.28481528190852695
7484,8742,1258,0.1258,0.28740034950598353
7610,8805,1195,0.1195,0.28970904661485947
7578,8789,1211,0.1211,0.29843631539800264
7550,8775,1225,0.1225,0.29809274883349307
7492,8746,1254,0.1254,0.29586785714473807
7650,8825,1175,0.1175,0.2940051090690773
7438,8719,1281,0.1281,0.26492505027246
7846,8923,1077,0.1077,0.25808383376682176
7392,8696,1304,0.1304,0.25921713525159973
7704,8852,1148,0.1148,0.25406408953926285
7686,8843,1157,0.1157,0.24860648728241586
7748,8874,1126,0.1126,0.24634220357565267
7712,8856,1144,0.1144,0.2499296530172229
7658,8829,1171,0.1171,0.249360064857801
7474,8737,1263,0.1263,0.24945125394067608
7542,8771,1229,0.1229,0.24777903434095974
7600,8800,1200,0.12,0.24681636924881795
7808,8904,1096,0.1096,0.24422794023698458
7456,8728,1272,0.1272,0.24537257125302495
7916,8958,1042,0.1042,0.23850970621310408
7456,8728,1272,0.1272,0.24429529689044865
7426,8713,1287,0.1287,0.24479195433952847
7820,8910,1090,0.109,0.2451533454643395
