log_avg_ept_score,log_avg_succ_req,log_avg_blk_req,log_avg_BP_req,log_avg_entropy
-58,471,529,0.529,3.9068182699456813
-30,485,515,0.515,3.9073610461950303
-68,466,534,0.534,3.9106526165008546
-58,471,529,0.529,3.9106296837329864
-36,482,518,0.518,3.9089667937755586
-48,476,524,0.524,3.910389791250229
-88,456,544,0.544,3.910559059381485
-104,448,552,0.552,3.907778717279434
-92,454,546,0.546,3.9106217205524443
-120,440,560,0.56,3.9105683763027193
-104,448,552,0.552,3.906075033048401
-118,441,559,0.559,3.910345498800278
-54,473,527,0.527,3.9061832416057585
-58,471,529,0.529,3.907055142521858
-58,471,529,0.529,3.9105033977031707
-116,442,558,0.558,3.9104200932979585
-74,463,537,0.537,3.9104731957912446
-42,479,521,0.521,3.9075551471710206
-82,459,541,0.541,3.9100070610046385
-74,463,537,0.537,3.9066894416809084
-94,453,547,0.547,3.910477857351303
-94,453,547,0.547,3.9104155769348146
-46,477,523,0.523,3.9104599041938783
-46,477,523,0.523,3.9103676352500916
-60,470,530,0.53,3.9051898518181405
16,508,492,0.492,3.906015098422766
-98,451,549,0.549,3.908949882745743
-82,459,541,0.541,3.9054381486177445
-60,470,530,0.53,3.9086670212745664
-68,466,534,0.534,3.909229038000107
-60,470,530,0.53,3.903981313943863
-124,438,562,0.562,3.9100730752944948
-120,440,560,0.56,3.909626708984375
-64,468,532,0.532,3.906889913082123
-120,440,560,0.56,3.9078708312511443
-118,441,559,0.559,3.9084529705047606
-32,484,516,0.516,3.9017200527489186
-102,449,551,0.551,3.908337744951248
-94,453,547,0.547,3.90425102961092
-68,466,534,0.534,3.904729238398373
-106,447,553,0.553,3.9006459831297398
-80,460,540,0.54,3.9001951968818904
-82,459,541,0.541,3.9068656404018403
-126,437,563,0.563,3.9009664781987667
-94,453,547,0.547,3.9075880846977236
-94,453,547,0.547,3.9031747828774606
-84,458,542,0.542,3.903681818271696
-88,456,544,0.544,3.9059881191253663
-66,467,533,0.533,3.8985880873985588
-84,458,542,0.542,3.8958795465116856
-62,469,531,0.531,3.9029633902311325
-58,471,529,0.529,3.904379815578461
-160,420,580,0.58,3.905072104215622
-66,467,533,0.533,3.8988203740962883
-70,465,535,0.535,3.9016062947232277
-64,468,532,0.532,3.90585595870018
-76,462,538,0.538,3.8933810996115206
-12,494,506,0.506,3.888766849920154
-88,456,544,0.544,3.894150110244751
-64,468,532,0.532,3.897067013502121
-58,471,529,0.529,3.8985542364120485
-24,488,512,0.512,3.895286397576332
-52,474,526,0.526,3.894613909840584
-26,487,513,0.513,3.896148067355156
-56,472,528,0.528,3.897282695889473
-112,444,556,0.556,3.889444845639169
-100,450,550,0.55,3.8993033521175384
-60,470,530,0.53,3.884060105226934
-56,472,528,0.528,3.885402433218681
-80,460,540,0.54,3.889928558945656
-14,493,507,0.507,3.8880470383604955
-42,479,521,0.521,3.8919208238124847
-20,490,510,0.51,3.875921767696738
-46,477,523,0.523,3.870717912814526
-12,494,506,0.506,3.875852842465043
-4,498,502,0.502,3.8751010002812256
10,505,495,0.495,3.8834361503124235
-42,479,521,0.521,3.8834987349510195
8,504,496,0.496,3.8792090876102447
-66,467,533,0.533,3.856910729529147
2,501,499,0.499,3.860946247369051
8,504,496,0.496,3.8728415963146836
-42,479,521,0.521,3.883379490375519
-32,484,516,0.516,3.8770215109586714
0,500,500,0.5,3.882811849594116
10,505,495,0.495,3.8824361844062807
-32,484,516,0.516,3.8702685796619467
-6,497,503,0.503,3.872974704399705
28,514,486,0.486,3.865603395342827
-32,484,516,0.516,3.857810993567109
18,509,491,0.491,3.8540218639820814
28,514,486,0.486,3.852140022823783
-18,491,509,0.509,3.855880554305986
34,517,483,0.483,3.8632872510128653
32,516,484,0.484,3.8630859848856924
-36,482,518,0.518,3.8557032083030864
-8,496,504,0.504,3.8543324995040895
-14,493,507,0.507,3.839596858451785
18,509,491,0.491,3.8475309543609617
72,536,464,0.464,3.8400191954802065
48,524,476,0.476,3.8477052503824236
8,504,496,0.496,3.8559823763370513
52,526,474,0.474,3.8385493529625236
26,513,487,0.487,3.8281259473157774
52,526,474,0.474,3.81528307867051
8,504,496,0.496,3.813146416538395
44,522,478,0.478,3.806076731936075
50,525,475,0.475,3.8188192789554596
52,526,474,0.474,3.8087799197882415
70,535,465,0.465,3.806792928338051
52,526,474,0.474,3.776597081503889
102,551,449,0.449,3.8013871831297874
90,545,455,0.455,3.700017325043678
136,568,432,0.432,3.713828203633428
138,569,431,0.431,3.69140087556839
142,571,429,0.429,3.6713191037401556
154,577,423,0.423,3.6458991250946773
128,564,436,0.436,3.665359055753797
142,571,429,0.429,3.646274370165373
126,563,437,0.437,3.6497296941280366
122,561,439,0.439,3.610959024704016
178,589,411,0.411,3.5983492826223373
176,588,412,0.412,3.5597313839488343
238,619,381,0.381,3.553658260242548
200,600,400,0.4,3.559951275706291
218,609,391,0.391,3.5186187001466753
282,641,359,0.359,3.450936666816473
240,620,380,0.38,3.413322185652796
514,757,243,0.243,1.7528485713075042
502,751,249,0.249,1.717865374767352
462,731,269,0.269,1.735856768693775
504,752,248,0.248,1.60851572227629
478,739,261,0.261,1.9292791338664028
520,760,240,0.24,1.8356986778433515
478,739,261,0.261,1.4878427341893548
448,724,276,0.276,1.84002371572447
588,794,206,0.206,1.203458446723905
542,771,229,0.229,1.7345402555300389
512,756,244,0.244,1.7514533882929828
458,729,271,0.271,1.6584037168422832
534,767,233,0.233,1.5954397043361095
522,761,239,0.239,1.2542883696486242
512,756,244,0.244,1.0478219730592944
540,770,230,0.23,1.483228714196477
682,841,159,0.159,0.24729718132425388
622,811,189,0.189,0.2414834326939456
618,809,191,0.191,0.3345288823992305
614,807,193,0.193,0.2884060928585968
606,803,197,0.197,0.3459673290319156
612,806,194,0.194,0.3276808741623945
572,786,214,0.214,0.43375401354289017
558,779,221,0.221,0.35939506728213744
630,815,185,0.185,0.4010737533761421
692,846,154,0.154,0.360486778150429
652,826,174,0.174,0.33685498694243604
610,805,195,0.195,0.36285674200317225
668,834,166,0.166,0.42585835528338795
616,808,192,0.192,0.41255467431689247
616,808,192,0.192,0.3856859718505912
636,818,182,0.182,0.43673010273743423
630,815,185,0.185,0.5824167797714472
638,819,181,0.181,0.551948987985944
602,801,199,0.199,0.6278855093626771
630,815,185,0.185,0.6007057844201386
578,789,211,0.211,0.6204484566864558
600,800,200,0.2,0.6603573309264403
620,810,190,0.19,0.6171589447306469
616,808,192,0.192,0.5645840892549604
560,780,220,0.22,0.6261735050707141
568,784,216,0.216,0.5867841904223896
622,811,189,0.189,0.519164552443879
568,784,216,0.216,0.5639487890157434
662,831,169,0.169,0.5302274228443276
604,802,198,0.198,0.4925758115294728
636,818,182,0.182,0.4536834503253922
654,827,173,0.173,0.5424668852624017
596,798,202,0.202,0.3982606033936609
590,795,205,0.205,0.48125027421070266
604,802,198,0.198,0.5020735113725536
636,818,182,0.182,0.4397188095413148
580,790,210,0.21,0.5250271040617954
642,821,179,0.179,0.4831092129393176
618,809,191,0.191,0.4805846723904833
684,842,158,0.158,0.45429376915867303
584,792,208,0.208,0.6754650113137244
568,784,216,0.216,0.7244580836571307
626,813,187,0.187,0.6388952864143903
642,821,179,0.179,0.6677819131957367
586,793,207,0.207,0.72751551826713
608,804,196,0.196,0.8289171068587543
570,785,215,0.215,0.7941856414171052
588,794,206,0.206,0.7300663185080047
640,820,180,0.18,0.7445293857734651
644,822,178,0.178,0.7428471523110347
636,818,182,0.182,0.8235673397516367
616,808,192,0.192,0.8634462277926505
596,798,202,0.202,0.898396335683763
592,796,204,0.204,0.9476204461455345
584,792,208,0.208,0.8641029594915308
628,814,186,0.186,0.9126051477342844
622,811,189,0.189,1.004140021242434
598,799,201,0.201,1.1517014719159342
608,804,196,0.196,0.9999140203595162
634,817,183,0.183,1.1023795812461339
658,829,171,0.171,0.9902695695310831
616,808,192,0.192,1.0254593270421029
628,814,186,0.186,1.0470159861299326
574,787,213,0.213,1.117330203577876
630,815,185,0.185,1.083596158504486
538,769,231,0.231,1.213337132960558
652,826,174,0.174,1.0875436322540044
638,819,181,0.181,1.068607100814581
572,786,214,0.214,1.1212563247680665
604,802,198,0.198,1.1136051988824405
650,825,175,0.175,1.1091977801932371
556,778,222,0.222,1.188377306342125
672,836,164,0.164,1.2817703701066785
636,818,182,0.182,1.3004273661694605
680,840,160,0.16,1.2669003929104656
666,833,167,0.167,1.2592362696528434
680,840,160,0.16,1.2994402624033392
676,838,162,0.162,1.2126007586717606
660,830,170,0.17,1.2217173649668693
646,823,177,0.177,1.273250670015812
626,813,187,0.187,1.268497825473547
708,854,146,0.146,1.223868701800704
654,827,173,0.173,1.2121241958141327
678,839,161,0.161,1.2227412662114947
672,836,164,0.164,1.2193765083402395
672,836,164,0.164,1.2628074089847505
644,822,178,0.178,1.245834363847971
672,836,164,0.164,1.1508813883960247
736,868,132,0.132,0.8091647820845246
738,869,131,0.131,0.8232576031833887
692,846,154,0.154,0.793209916587919
726,863,137,0.137,0.6604576835885376
792,896,104,0.104,0.6176087737828493
752,876,124,0.124,0.7660437477231026
738,869,131,0.131,0.6906528932284564
742,871,129,0.129,0.6667092874199152
754,877,123,0.123,0.5548384364843368
744,872,128,0.128,0.5820451450459659
748,874,126,0.126,0.5707503661029041
702,851,149,0.149,0.5837830752029313
816,908,92,0.092,0.486491624670336
768,884,116,0.116,0.5860226407945156
764,882,118,0.118,0.5527264428744926
764,882,118,0.118,0.5067372431084748
774,887,113,0.113,0.42814826980233195
758,879,121,0.121,0.45929650889895857
714,857,143,0.143,0.45521917776524384
762,881,119,0.119,0.4124830271627561
748,874,126,0.126,0.439505377618596
700,850,150,0.15,0.46207630601525307
758,879,121,0.121,0.44316334040893346
704,852,148,0.148,0.44267645661306326
804,902,98,0.098,0.3218698401126749
786,893,107,0.107,0.30429078184595165
724,862,138,0.138,0.3179381848163903
804,902,98,0.098,0.29543261545267885
714,857,143,0.143,0.3530252323063056
786,893,107,0.107,0.3091005517002195
734,867,133,0.133,0.3471785633772379
716,858,142,0.142,0.38357231686764054
726,863,137,0.137,0.3333801200924005
806,903,97,0.097,0.28120537782370186
742,871,129,0.129,0.25617905550356956
768,884,116,0.116,0.25831260688137264
734,867,133,0.133,0.32496107406991465
750,875,125,0.125,0.2729852779468523
772,886,114,0.114,0.2877579310066067
710,855,145,0.145,0.2837671047225704
792,896,104,0.104,0.210312884258572
738,869,131,0.131,0.29395999093120917
824,912,88,0.088,0.1961049438752234
720,860,140,0.14,0.25038521431386473
726,863,137,0.137,0.22252207271568533
744,872,128,0.128,0.26219426934141665
756,878,122,0.122,0.2663522809285205
734,867,133,0.133,0.26771895486708946
792,896,104,0.104,0.21976345424633473
686,843,157,0.157,0.2626294476632029
764,882,118,0.118,0.21881007363088428
790,895,105,0.105,0.18807516153572215
788,894,106,0.106,0.2412175175521804
810,905,95,0.095,0.2040172881247312
734,867,133,0.133,0.21965451429138444
770,885,115,0.115,0.25170379090501394
736,868,132,0.132,0.17947274327360718
756,878,122,0.122,0.18972478567835788
774,887,113,0.113,0.1848280888644148
778,889,111,0.111,0.1381152889591176
722,861,139,0.139,0.17418596159905086
710,855,145,0.145,0.16910295850248075
726,863,137,0.137,0.199619984243515
752,876,124,0.124,0.1868973599669989
734,867,133,0.133,0.20111011603020598
708,854,146,0.146,0.17624970716214738
748,874,126,0.126,0.15782646954571827
802,901,99,0.099,0.16975845881039275
650,825,175,0.175,0.2453519845138653
734,867,133,0.133,0.16190532927250023
796,898,102,0.102,0.1449692112361081
760,880,120,0.12,0.16490763334557415
756,878,122,0.122,0.21502773160557262
716,858,142,0.142,0.2511308346928272
754,877,123,0.123,0.220162872553803
726,863,137,0.137,0.21807832686282927
752,876,124,0.124,0.1791366648366675
770,885,115,0.115,0.19059890423715115
772,886,114,0.114,0.143990908038355
764,882,118,0.118,0.16907094710180542
750,875,125,0.125,0.18348973801638932
698,849,151,0.151,0.22770891530977677
756,878,122,0.122,0.16242408408503986
746,873,127,0.127,0.16323247644549702
718,859,141,0.141,0.19278041382705852
830,915,85,0.085,0.16479606531170526
758,879,121,0.121,0.18823114915657788
732,866,134,0.134,0.18718709205742926
704,852,148,0.148,0.16013223169115373
782,891,109,0.109,0.1648862077128142
804,902,98,0.098,0.15332403620612878
820,910,90,0.09,0.1347210884685968
754,877,123,0.123,0.15331106509770343
780,890,110,0.11,0.15716027564881369
724,862,138,0.138,0.16150857527181506
778,889,111,0.111,0.17759731564903633
796,898,102,0.102,0.1498562627620995
804,902,98,0.098,0.17039454981183524
744,872,128,0.128,0.17978990996535868
752,876,124,0.124,0.18790795734198765
718,859,141,0.141,0.23930898741226703
796,898,102,0.102,0.15498961184560925
772,886,114,0.114,0.1489283238928765
850,925,75,0.075,0.15671432082238607
712,856,144,0.144,0.214847836202709
790,895,105,0.105,0.16764128605177392
746,873,127,0.127,0.19864717168561766
766,883,117,0.117,0.18215351484702477
782,891,109,0.109,0.16244802617120538
766,883,117,0.117,0.18579663568548857
762,881,119,0.119,0.16840066056884825
720,860,140,0.14,0.20265498781390487
794,897,103,0.103,0.1544010455367388
756,878,122,0.122,0.16516191316209733
766,883,117,0.117,0.1413502570083731
746,873,127,0.127,0.16859465309401275
792,896,104,0.104,0.12399424333666684
680,840,160,0.16,0.22796448473619602
778,889,111,0.111,0.1725693513629958
736,868,132,0.132,0.1642469407939352
722,861,139,0.139,0.16986203767789992
792,896,104,0.104,0.14756485533784144
730,865,135,0.135,0.2056769581940025
806,903,97,0.097,0.1445649587395601
722,861,139,0.139,0.2069545368393883
760,880,120,0.12,0.15646521943435074
744,872,128,0.128,0.13265537909656144
770,885,115,0.115,0.17133243294545536
728,864,136,0.136,0.14785281404759734
710,855,145,0.145,0.18353932002600049
728,864,136,0.136,0.13465545224864037
738,869,131,0.131,0.15457479923497885
776,888,112,0.112,0.15730505030438496
802,901,99,0.099,0.12039911187393591
832,916,84,0.084,0.11323773781722411
796,898,102,0.102,0.14267112941620871
738,869,131,0.131,0.16322998829372226
750,875,125,0.125,0.13072066561412066
804,902,98,0.098,0.1034995307251811
734,867,133,0.133,0.16238579847710208
746,873,127,0.127,0.1491206688680686
820,910,90,0.09,0.10901542168157177
768,884,116,0.116,0.1284611774748191
724,862,138,0.138,0.12799582302337512
730,865,135,0.135,0.14151753584947438
742,871,129,0.129,0.11287282078992575
748,874,126,0.126,0.11393835468403997
820,910,90,0.09,0.12378239410649985
748,874,126,0.126,0.12740111370066873
762,881,119,0.119,0.11000748563802336
820,910,90,0.09,0.12140561540424824
778,889,111,0.111,0.10981604853551838
760,880,120,0.12,0.14443433127269417
790,895,105,0.105,0.10795614648054548
768,884,116,0.116,0.12084587554680183
742,871,129,0.129,0.15608699821085287
748,874,126,0.126,0.15611210928903893
738,869,131,0.131,0.13956936993266209
676,838,162,0.162,0.1799658392900601
730,865,135,0.135,0.16046578827966004
754,877,123,0.123,0.14278299066657202
696,848,152,0.152,0.15503404598683249
752,876,124,0.124,0.12127095104660839
792,896,104,0.104,0.11705494674097282
694,847,153,0.153,0.1274052894100896
758,879,121,0.121,0.11414699440682306
736,868,132,0.132,0.15504620292643084
732,866,134,0.134,0.13133178791496902
710,855,145,0.145,0.13038358550216073
798,899,101,0.101,0.0989950794212145
700,850,150,0.15,0.15220498153101653
744,872,128,0.128,0.13557303981529548
750,875,125,0.125,0.12267983342101797
844,922,78,0.078,0.0997690392639488
760,880,120,0.12,0.11263616512902082
712,856,144,0.144,0.13233297112165018
766,883,117,0.117,0.12532431281399123
736,868,132,0.132,0.13892871794570238
756,878,122,0.122,0.1345920543516986
828,914,86,0.086,0.09595555156748742
754,877,123,0.123,0.1178005631151609
774,887,113,0.113,0.10859655728517101
782,891,109,0.109,0.12610967099337175
772,886,114,0.114,0.09732343742623925
734,867,133,0.133,0.13345625619203202
736,868,132,0.132,0.13837681582599196
758,879,121,0.121,0.11243505762610584
628,814,186,0.186,0.16364653139840812
790,895,105,0.105,0.10904284765478224
774,887,113,0.113,0.10796883551221162
822,911,89,0.089,0.09955614612670616
822,911,89,0.089,0.10614554578531533
790,895,105,0.105,0.10222433900926262
764,882,118,0.118,0.13055355625599624
812,906,94,0.094,0.11000528143404517
734,867,133,0.133,0.10368222853919505
748,874,126,0.126,0.0962001301611308
778,889,111,0.111,0.12328417002717469
758,879,121,0.121,0.10559977572168555
744,872,128,0.128,0.12189190158806741
754,877,123,0.123,0.12062851770705312
732,866,134,0.134,0.11008822450299667
670,835,165,0.165,0.1513638458782807
772,886,114,0.114,0.11112476808903739
762,881,119,0.119,0.11913911114726215
764,882,118,0.118,0.11323630887363106
740,870,130,0.13,0.11309981683240039
766,883,117,0.117,0.08786827851281125
738,869,131,0.131,0.1014465760251187
764,882,118,0.118,0.11708644837141037
792,896,104,0.104,0.08576048789115298
794,897,103,0.103,0.10375203602481634
736,868,132,0.132,0.11417045516194775
768,884,116,0.116,0.12053793049283558
836,918,82,0.082,0.09021813161857427
666,833,167,0.167,0.1321338828857988
750,875,125,0.125,0.09808349262494477
798,899,101,0.101,0.08473886521533132
772,886,114,0.114,0.08706113065028034
730,865,135,0.135,0.10043392807221971
778,889,111,0.111,0.08353444230067544
710,855,145,0.145,0.10847824070695787
756,878,122,0.122,0.10190392685559345
762,881,119,0.119,0.08392254917729225
708,854,146,0.146,0.09645298215793446
760,880,120,0.12,0.0890452303985694
730,865,135,0.135,0.10190791233660065
770,885,115,0.115,0.08543468711548485
790,895,105,0.105,0.09110541414981708
774,887,113,0.113,0.0878432841746253
768,884,116,0.116,0.08153546817228204
710,855,145,0.145,0.11838350519689265
800,900,100,0.1,0.07456509351544083
700,850,150,0.15,0.09439825627484243
758,879,121,0.121,0.09155650410568343
718,859,141,0.141,0.11678170308633708
812,906,94,0.094,0.08331127548599465
806,903,97,0.097,0.07437778111899505
728,864,136,0.136,0.08554317239937746
766,883,117,0.117,0.0822672238885425
746,873,127,0.127,0.09469614594618267
766,883,117,0.117,0.08987788345245644
726,863,137,0.137,0.09920691047143193
742,871,129,0.129,0.07243682691268623
844,922,78,0.078,0.0728762020925107
780,890,110,0.11,0.08061681635724383
732,866,134,0.134,0.07434157874248921
764,882,118,0.118,0.07622202387847939
728,864,136,0.136,0.07712599656963721
784,892,108,0.108,0.07997187954606488
694,847,153,0.153,0.08853651953488592
796,898,102,0.102,0.06496324857184664
766,883,117,0.117,0.0801331371946726
724,862,138,0.138,0.08391100492118858
708,854,146,0.146,0.09698649622078845
810,905,95,0.095,0.06460173030137699
754,877,123,0.123,0.076048653279664
768,884,116,0.116,0.06796627786800673
750,875,125,0.125,0.060727310655871405
806,903,97,0.097,0.06408401584578678
734,867,133,0.133,0.08876924615958706
694,847,153,0.153,0.07030172217833429
746,873,127,0.127,0.07443503490881995
704,852,148,0.148,0.08390926704439335
792,896,104,0.104,0.05978781509830856
686,843,157,0.157,0.09878850324917586
740,870,130,0.13,0.07420987072587014
798,899,101,0.101,0.05396183265049732
778,889,111,0.111,0.06976372606078075
784,892,108,0.108,0.06551349107600624
776,888,112,0.112,0.0647748461291194
798,899,101,0.101,0.060207886757812586
766,883,117,0.117,0.05549109464685171
722,861,139,0.139,0.05804006136753014
734,867,133,0.133,0.0691294345993083
770,885,115,0.115,0.06695622587902471
720,860,140,0.14,0.06953862777957692
740,870,130,0.13,0.06774670088615517
790,895,105,0.105,0.07700058833112758
760,880,120,0.12,0.06661211757967249
768,884,116,0.116,0.07545934196561575
784,892,108,0.108,0.05334251946932636
750,875,125,0.125,0.07523964015247112
798,899,101,0.101,0.058841331034898775
806,903,97,0.097,0.05937897277357547
680,840,160,0.16,0.08322899694659366
762,881,119,0.119,0.06158347051788589
742,871,129,0.129,0.06759614983285428
734,867,133,0.133,0.05674627758334145
754,877,123,0.123,0.07074309415230527
760,880,120,0.12,0.06029479104978964
798,899,101,0.101,0.06199222196157541
712,856,144,0.144,0.06180172186085744
754,877,123,0.123,0.07863756463630125
704,852,148,0.148,0.07422396143060715
752,876,124,0.124,0.07374601695663296
784,892,108,0.108,0.06418997945776209
806,903,97,0.097,0.07044437121774536
710,855,145,0.145,0.07965637581888586
788,894,106,0.106,0.06545117156673372
754,877,123,0.123,0.0657657329919748
758,879,121,0.121,0.07613498471727326
808,904,96,0.096,0.07091416522480767
790,895,105,0.105,0.0692048731315881
778,889,111,0.111,0.05405108344159089
728,864,136,0.136,0.07796822622028413
790,895,105,0.105,0.05485250142682345
752,876,124,0.124,0.0651860494897701
774,887,113,0.113,0.05603977142088115
746,873,127,0.127,0.06072824630613286
712,856,144,0.144,0.07179951302501222
780,890,110,0.11,0.06791764623581548
828,914,86,0.086,0.0592014564673882
776,888,112,0.112,0.08266284552585745
740,870,130,0.13,0.07049624289558913
758,879,121,0.121,0.07025498573901132
734,867,133,0.133,0.0745477477080734
768,884,116,0.116,0.08195924461534379
750,875,125,0.125,0.06831958487071096
808,904,96,0.096,0.0660968292194885
788,894,106,0.106,0.05551803605386522
716,858,142,0.142,0.08059362695133314
774,887,113,0.113,0.06819076129747555
748,874,126,0.126,0.06114105863310397
796,898,102,0.102,0.059818797492887855
776,888,112,0.112,0.06361815367173404
746,873,127,0.127,0.06469296672227788
812,906,94,0.094,0.0592622773559051
790,895,105,0.105,0.047370625113660934
766,883,117,0.117,0.06170372084062546
750,875,125,0.125,0.05656219948176294
774,887,113,0.113,0.04252749831217079
732,866,134,0.134,0.0639063910949044
772,886,114,0.114,0.05996570506412536
722,861,139,0.139,0.05841132009364476
822,911,89,0.089,0.04274217016948388
762,881,119,0.119,0.05277954667665473
738,869,131,0.131,0.05427663784660399
766,883,117,0.117,0.07140463963876392
746,873,127,0.127,0.06776702689057064
738,869,131,0.131,0.06030844659865966
806,903,97,0.097,0.050368029558212055
796,898,102,0.102,0.06287316406634637
756,878,122,0.122,0.06996942732995376
764,882,118,0.118,0.04940808082215699
764,882,118,0.118,0.055254450792400135
780,890,110,0.11,0.04349091510606377
736,868,132,0.132,0.06159535033116117
740,870,130,0.13,0.047318915793609466
714,857,143,0.143,0.07685406689462251
742,871,129,0.129,0.06507990962872282
790,895,105,0.105,0.05111655472125858
762,881,119,0.119,0.0601261460131816
750,875,125,0.125,0.06534045814210548
758,879,121,0.121,0.05800339472823544
752,876,124,0.124,0.0568434901216533
746,873,127,0.127,0.045674235900274654
808,904,96,0.096,0.06324540754780174
728,864,136,0.136,0.06837043946133013
752,876,124,0.124,0.06126703169060056
756,878,122,0.122,0.040275586881886115
794,897,103,0.103,0.047471409575607484
738,869,131,0.131,0.053388965385500343
756,878,122,0.122,0.05088659717208151
798,899,101,0.101,0.04563322045438882
766,883,117,0.117,0.047685886641964347
814,907,93,0.093,0.045458510586759086
778,889,111,0.111,0.04553749402961694
742,871,129,0.129,0.06382288485445843
788,894,106,0.106,0.03857300023222344
758,879,121,0.121,0.04597427241690457
766,883,117,0.117,0.042884246154048025
744,872,128,0.128,0.043630864430218935
784,892,108,0.108,0.04214511042158119
734,867,133,0.133,0.04903019926336128
758,879,121,0.121,0.04307269572255609
740,870,130,0.13,0.050276575066309545
800,900,100,0.1,0.04244119670365464
754,877,123,0.123,0.04296460437306086
758,879,121,0.121,0.05043288553180173
826,913,87,0.087,0.03764505085810498
776,888,112,0.112,0.03259949390531983
706,853,147,0.147,0.049822172668529674
786,893,107,0.107,0.0452307959183114
786,893,107,0.107,0.05000958910217741
778,889,111,0.111,0.03902405292139164
768,884,116,0.116,0.052855858415742106
806,903,97,0.097,0.04565920616054609
768,884,116,0.116,0.04780626670345828
748,874,126,0.126,0.06012795150885358
830,915,85,0.085,0.037107107931728424
774,887,113,0.113,0.05310149783967063
756,878,122,0.122,0.04193020399938463
764,882,118,0.118,0.0617660238091305
768,884,116,0.116,0.04232505900768116
764,882,118,0.118,0.050233189168386164
704,852,148,0.148,0.04623562797762861
752,876,124,0.124,0.042985928785055874
766,883,117,0.117,0.0398492916965538
754,877,123,0.123,0.05288096705637875
724,862,138,0.138,0.060960062178084626
784,892,108,0.108,0.041567563719989264
780,890,110,0.11,0.0488058788608764
756,878,122,0.122,0.05184096354083158
776,888,112,0.112,0.04149865619232878
758,879,121,0.121,0.05026051573344739
820,910,90,0.09,0.039542665827743136
756,878,122,0.122,0.05505218951497227
802,901,99,0.099,0.03745381573797205
752,876,124,0.124,0.05173379814438522
732,866,134,0.134,0.054901541684754196
738,869,131,0.131,0.047405603409362174
786,893,107,0.107,0.040028464761562646
776,888,112,0.112,0.038694064969051395
752,876,124,0.124,0.05149386172229424
816,908,92,0.092,0.040449031851021576
780,890,110,0.11,0.04160732447355986
788,894,106,0.106,0.0322779418323189
684,842,158,0.158,0.0496850041006214
760,880,120,0.12,0.04273349458223674
774,887,113,0.113,0.03805539971473627
742,871,129,0.129,0.04197509735701985
764,882,118,0.118,0.04587820914888289
790,895,105,0.105,0.04754981515207328
780,890,110,0.11,0.031393537697913414
784,892,108,0.108,0.05092927824822255
760,880,120,0.12,0.04019922293414129
770,885,115,0.115,0.04558007355500013
788,894,106,0.106,0.0396672026160049
720,860,140,0.14,0.04959883601439651
710,855,145,0.145,0.054786491602193566
810,905,95,0.095,0.03647881634067744
772,886,114,0.114,0.05709839074485402
752,876,124,0.124,0.04880213451271993
804,902,98,0.098,0.04481915332656354
756,878,122,0.122,0.05493964148894884
752,876,124,0.124,0.043856795106548815
802,901,99,0.099,0.04324208946185263
732,866,134,0.134,0.05459236333682202
786,893,107,0.107,0.04010894035645566
808,904,96,0.096,0.04600211086164927
840,920,80,0.08,0.04440766734932549
760,880,120,0.12,0.03610831442428753
746,873,127,0.127,0.04662633501354141
782,891,109,0.109,0.04547163365036249
756,878,122,0.122,0.04333989110123366
780,890,110,0.11,0.03680607477102251
794,897,103,0.103,0.03913907640987361
796,898,102,0.102,0.04650224244862329
758,879,121,0.121,0.04504853036808356
780,890,110,0.11,0.046924865685170514
778,889,111,0.111,0.05559660890827183
780,890,110,0.11,0.04730858167330734
798,899,101,0.101,0.04765699833444343
760,880,120,0.12,0.05956770696328023
756,878,122,0.122,0.056970594189828264
804,902,98,0.098,0.05146881424140884
834,917,83,0.083,0.04050819801401667
754,877,123,0.123,0.047923155682627123
786,893,107,0.107,0.047135532705113295
752,876,124,0.124,0.057598383102954814
764,882,118,0.118,0.057116179998964074
804,902,98,0.098,0.05008910224610008
764,882,118,0.118,0.039079288232605904
790,895,105,0.105,0.04375205073600653
768,884,116,0.116,0.049804571215063334
814,907,93,0.093,0.05296013931476046
742,871,129,0.129,0.056763632874703034
788,894,106,0.106,0.0442926630130969
784,892,108,0.108,0.04232060776278376
796,898,102,0.102,0.044886348282685506
710,855,145,0.145,0.05834120694361628
782,891,109,0.109,0.05484887337731199
752,876,124,0.124,0.06421744651570012
792,896,104,0.104,0.04941473979363218
802,901,99,0.099,0.059239351878939486
738,869,131,0.131,0.0698654005683655
770,885,115,0.115,0.07411776023381399
756,878,122,0.122,0.06643369173654355
788,894,106,0.106,0.05605574170406908
830,915,85,0.085,0.04865405802370515
710,855,145,0.145,0.06743103566655395
756,878,122,0.122,0.06618659558101378
764,882,118,0.118,0.07068684050627053
768,884,116,0.116,0.05566832303491776
770,885,115,0.115,0.05315485585845272
752,876,124,0.124,0.05877442916668951
736,868,132,0.132,0.05331512352428399
756,878,122,0.122,0.04805974403801883
706,853,147,0.147,0.06251857990492135
794,897,103,0.103,0.04144547210560996
758,879,121,0.121,0.04952823739201996
800,900,100,0.1,0.05223284093019175
630,815,185,0.185,0.07393538893980009
758,879,121,0.121,0.05626790281896683
790,895,105,0.105,0.05875198565565191
744,872,128,0.128,0.06693491688553513
712,856,144,0.144,0.06540155108916225
780,890,110,0.11,0.06166681621578755
752,876,124,0.124,0.06330050868621447
750,875,125,0.125,0.07502125804144455
758,879,121,0.121,0.05835264943879015
796,898,102,0.102,0.06661596877966076
742,871,129,0.129,0.06684583841799759
770,885,115,0.115,0.05761998590128496
700,850,150,0.15,0.054343837236500124
822,911,89,0.089,0.052158987638074916
776,888,112,0.112,0.07108300687372686
726,863,137,0.137,0.04850164414284518
790,895,105,0.105,0.060739740698598325
754,877,123,0.123,0.05121824640504281
738,869,131,0.131,0.06148606746131554
740,870,130,0.13,0.04826299594552256
704,852,148,0.148,0.06396337275727718
792,896,104,0.104,0.04757014463748783
734,867,133,0.133,0.058966425908729435
764,882,118,0.118,0.05895738284103572
746,873,127,0.127,0.05665414969869016
782,891,109,0.109,0.04614798134774901
724,862,138,0.138,0.05268650588300079
784,892,108,0.108,0.061359312227581425
832,916,84,0.084,0.04994422047413106
758,879,121,0.121,0.054387925026938316
754,877,123,0.123,0.05405386242968963
752,876,124,0.124,0.06713232674403116
808,904,96,0.096,0.047640237985226125
826,913,87,0.087,0.04109526249731425
744,872,128,0.128,0.0678883707894638
738,869,131,0.131,0.058087949514563676
848,924,76,0.076,0.04046797412342879
796,898,102,0.102,0.04572692275187001
768,884,116,0.116,0.049538733077473966
742,871,129,0.129,0.05702575801033526
764,882,118,0.118,0.06405092884617523
746,873,127,0.127,0.047543359772580944
766,883,117,0.117,0.04445599202392626
742,871,129,0.129,0.055147744910209455
748,874,126,0.126,0.04728319275823586
702,851,149,0.149,0.07049123233924827
784,892,108,0.108,0.04534152436663862
818,909,91,0.091,0.04420604292559437
796,898,102,0.102,0.05715950391402204
732,866,134,0.134,0.06637104941427244
774,887,113,0.113,0.06793893819536882
832,916,84,0.084,0.06409443134309549
760,880,120,0.12,0.06558281170111149
754,877,123,0.123,0.06027729238383472
772,886,114,0.114,0.07198774816282094
704,852,148,0.148,0.07137312774499878
740,870,130,0.13,0.08164952504200892
770,885,115,0.115,0.07502819879772142
748,874,126,0.126,0.07073735883552582
796,898,102,0.102,0.0600504657602869
762,881,119,0.119,0.06744635723084823
800,900,100,0.1,0.06900740607827902
790,895,105,0.105,0.08164042868791148
746,873,127,0.127,0.06785764427809932
738,869,131,0.131,0.06747155998658855
704,852,148,0.148,0.08242107062321156
772,886,114,0.114,0.07331954473609585
748,874,126,0.126,0.053515776831656696
774,887,113,0.113,0.06092493448825553
726,863,137,0.137,0.06863254128652625
794,897,103,0.103,0.06025552441299078
800,900,100,0.1,0.05169004280003719
776,888,112,0.112,0.05889174799062313
818,909,91,0.091,0.05336743511399254
756,878,122,0.122,0.07207118604378775
770,885,115,0.115,0.0634457560821902
764,882,118,0.118,0.0612680841301044
782,891,109,0.109,0.0727226632745025
728,864,136,0.136,0.07875559609092306
782,891,109,0.109,0.05903511062753387
794,897,103,0.103,0.05468487889599055
748,874,126,0.126,0.08266103405242028
838,919,81,0.081,0.06081514288594193
772,886,114,0.114,0.061842691443235294
750,875,125,0.125,0.07517627306794458
714,857,143,0.143,0.08775062444210027
748,874,126,0.126,0.07699767749011517
752,876,124,0.124,0.08367400623041811
762,881,119,0.119,0.06857997952669394
678,839,161,0.161,0.07487946953583742
736,868,132,0.132,0.07123625170532615
762,881,119,0.119,0.07804842254193745
758,879,121,0.121,0.0601314155679145
768,884,116,0.116,0.061662479748743865
768,884,116,0.116,0.06536033722897991
780,890,110,0.11,0.07392553767292702
702,851,149,0.149,0.09662819159310311
772,886,114,0.114,0.08469753825897351
778,889,111,0.111,0.07287992720212787
792,896,104,0.104,0.07828002264443785
732,866,134,0.134,0.09060516876867564
736,868,132,0.132,0.08934990003006532
786,893,107,0.107,0.08156360069505901
736,868,132,0.132,0.09636089137045838
812,906,94,0.094,0.07414411423902494
750,875,125,0.125,0.09300186499208211
728,864,136,0.136,0.11048181867972016
770,885,115,0.115,0.08223473489051684
774,887,113,0.113,0.1012018368691206
716,858,142,0.142,0.10900659791007639
792,896,104,0.104,0.08936335411025356
770,885,115,0.115,0.08549941094631301
748,874,126,0.126,0.09315990600921213
782,891,109,0.109,0.08691230209544303
764,882,118,0.118,0.08588092701711264
660,830,170,0.17,0.12079511481244116
760,880,120,0.12,0.10060366893956961
776,888,112,0.112,0.08210638513445565
734,867,133,0.133,0.09707260710559786
784,892,108,0.108,0.08085636631773757
812,906,94,0.094,0.08256692871917039
764,882,118,0.118,0.10201794305071235
726,863,137,0.137,0.09091047563776374
818,909,91,0.091,0.07848811784441932
736,868,132,0.132,0.0973881680201739
828,914,86,0.086,0.07073333700653167
758,879,121,0.121,0.09153313172893832
744,872,128,0.128,0.09149259822815657
762,881,119,0.119,0.09658652627095592
744,872,128,0.128,0.08344497443735599
800,900,100,0.1,0.0735007591577014
826,913,87,0.087,0.07033066178951412
770,885,115,0.115,0.08934648182170986
758,879,121,0.121,0.08794714961526916
814,907,93,0.093,0.0801314208508439
788,894,106,0.106,0.08882842322206125
758,879,121,0.121,0.08646970505984064
764,882,118,0.118,0.07009009195957333
780,890,110,0.11,0.07813977590466312
750,875,125,0.125,0.06556213830970228
794,897,103,0.103,0.07890485589723643
774,887,113,0.113,0.07792428639657352
750,875,125,0.125,0.08461656720866449
778,889,111,0.111,0.06546399977314286
816,908,92,0.092,0.06436876156041399
788,894,106,0.106,0.07205172508396208
698,849,151,0.151,0.09138936587655917
832,916,84,0.084,0.056646685504936616
714,857,143,0.143,0.07647298486053478
714,857,143,0.143,0.08514766602683813
778,889,111,0.111,0.07303895529499277
824,912,88,0.088,0.0689953741977224
780,890,110,0.11,0.07688018653385008
790,895,105,0.105,0.06347195821255446
754,877,123,0.123,0.06867261078611774
796,898,102,0.102,0.07700727900907425
762,881,119,0.119,0.07763865422504022
802,901,99,0.099,0.07483456999436021
784,892,108,0.108,0.06527902421937325
710,855,145,0.145,0.0941802201832179
768,884,116,0.116,0.07432813239091775
704,852,148,0.148,0.09581184141151607
780,890,110,0.11,0.07107310687005522
804,902,98,0.098,0.08340487124025824
762,881,119,0.119,0.08282697714411189
760,880,120,0.12,0.08172232751594856
746,873,127,0.127,0.10965305876452476
848,924,76,0.076,0.07411092849029229
714,857,143,0.143,0.09758585927914828
748,874,126,0.126,0.0856159588219598
778,889,111,0.111,0.08084219257673249
762,881,119,0.119,0.10426991534029366
778,889,111,0.111,0.100083186943084
790,895,105,0.105,0.08993047393206507
690,845,155,0.155,0.10642324674709414
746,873,127,0.127,0.09817805463820706
780,890,110,0.11,0.09981852498464286
776,888,112,0.112,0.10004427023045719
702,851,149,0.149,0.11550538478011732
802,901,99,0.099,0.09647047071531414
718,859,141,0.141,0.11052519828060758
762,881,119,0.119,0.1036253691520542
810,905,95,0.095,0.07901211565174163
738,869,131,0.131,0.10122011286282213
722,861,139,0.139,0.10662650928739459
734,867,133,0.133,0.0988991521180142
736,868,132,0.132,0.10490845295973122
780,890,110,0.11,0.08437076224014163
780,890,110,0.11,0.11037515817181329
774,887,113,0.113,0.09401613454148174
722,861,139,0.139,0.12273833647908321
768,884,116,0.116,0.12311878882534802
732,866,134,0.134,0.11817326575517655
722,861,139,0.139,0.14622667808344705
726,863,137,0.137,0.10501032545976342
738,869,131,0.131,0.12125333802076056
784,892,108,0.108,0.11451515389047563
752,876,124,0.124,0.11415148411272094
806,903,97,0.097,0.1120129410047084
748,874,126,0.126,0.14462348221614957
724,862,138,0.138,0.11635781450476497
780,890,110,0.11,0.11562973090297965
752,876,124,0.124,0.10008089814626146
712,856,144,0.144,0.1320996298212558
784,892,108,0.108,0.10560392491761707
760,880,120,0.12,0.10977655051276088
724,862,138,0.138,0.14047805062448607
706,853,147,0.147,0.11076688727317632
766,883,117,0.117,0.09864864819066134
764,882,118,0.118,0.10040400658382714
796,898,102,0.102,0.10543437934760004
786,893,107,0.107,0.09095664396365052
774,887,113,0.113,0.09335956754040226
748,874,126,0.126,0.11861327936779707
766,883,117,0.117,0.09652959655303857
740,870,130,0.13,0.111382002965677
800,900,100,0.1,0.09530383197518487
774,887,113,0.113,0.09452516568153169
714,857,143,0.143,0.11319455976143947
766,883,117,0.117,0.09610330326959957
792,896,104,0.104,0.09959182141907513
824,912,88,0.088,0.0966565887046745
838,919,81,0.081,0.0886817679964006
772,886,114,0.114,0.11341174756735563
738,869,131,0.131,0.12925043094513786
760,880,120,0.12,0.09853572788694874
714,857,143,0.143,0.13540842332877218
682,841,159,0.159,0.18281351702846588
750,875,125,0.125,0.13345788317313417
754,877,123,0.123,0.1234304308667779
776,888,112,0.112,0.12721857373043896
742,871,129,0.129,0.15078840687870979
796,898,102,0.102,0.1180179441087988
768,884,116,0.116,0.13402386581374492
728,864,136,0.136,0.1253397392751649
798,899,101,0.101,0.12996789449453353
808,904,96,0.096,0.10293899520114064
776,888,112,0.112,0.12934357162564994
728,864,136,0.136,0.12701723844006904
780,890,110,0.11,0.10544180575571954
776,888,112,0.112,0.11278510953485965
764,882,118,0.118,0.12018230394646527
760,880,120,0.12,0.11728182802721858
728,864,136,0.136,0.10437250815704464
738,869,131,0.131,0.12237186471931637
796,898,102,0.102,0.10934899284504354
754,877,123,0.123,0.12782541293745636
780,890,110,0.11,0.1123125563673675
726,863,137,0.137,0.12272260691411793
742,871,129,0.129,0.14460881944407766
782,891,109,0.109,0.11611595970834339
734,867,133,0.133,0.14013486277870835
794,897,103,0.103,0.11557121362444013
810,905,95,0.095,0.12310540409106761
790,895,105,0.105,0.11311835929527296
710,855,145,0.145,0.1373801792934537
738,869,131,0.131,0.13524137985054405
740,870,130,0.13,0.13297210446652025
782,891,109,0.109,0.12267361392813
816,908,92,0.092,0.12374571100249887
762,881,119,0.119,0.1296551581956446
828,914,86,0.086,0.10902525283506292
756,878,122,0.122,0.12607349429710302
796,898,102,0.102,0.13936333361361175
752,876,124,0.124,0.12887442282836856
764,882,118,0.118,0.12455217094410911
732,866,134,0.134,0.13838640659677548
732,866,134,0.134,0.1294135155643287
748,874,126,0.126,0.13551370810620494
834,917,83,0.083,0.11789536432363093
762,881,119,0.119,0.12479208850049327
798,899,101,0.101,0.12363203008711571
746,873,127,0.127,0.15790312957391142
704,852,148,0.148,0.15635458252765239
726,863,137,0.137,0.1481865969087521
814,907,93,0.093,0.12515873814746736
736,868,132,0.132,0.15534245686384385
650,825,175,0.175,0.16860539102181793
698,849,151,0.151,0.15030098539451137
722,861,139,0.139,0.14957113124988974
768,884,116,0.116,0.14529533283319324
770,885,115,0.115,0.1401928214840591
754,877,123,0.123,0.1285159407798201
724,862,138,0.138,0.1646799786677584
764,882,118,0.118,0.1426045402418822
740,870,130,0.13,0.15346996498527005
766,883,117,0.117,0.14889753362536431
754,877,123,0.123,0.13390180658176543
742,871,129,0.129,0.14365982970017926
754,877,123,0.123,0.12986479546129703
722,861,139,0.139,0.1442148179728538
762,881,119,0.119,0.1272172724717821
756,878,122,0.122,0.1397576791299416
760,880,120,0.12,0.13403349642828108
778,889,111,0.111,0.11298842874815819
818,909,91,0.091,0.1224953679344035
812,906,94,0.094,0.09753518660925328
744,872,128,0.128,0.1507461528517306
770,885,115,0.115,0.11974041805509478
786,893,107,0.107,0.12315247115312514
772,886,114,0.114,0.15874710850790144
802,901,99,0.099,0.1365349472365342
740,870,130,0.13,0.15606638729572297
700,850,150,0.15,0.15316615271980116
714,857,143,0.143,0.14394904409348966
774,887,113,0.113,0.14133531624823809
726,863,137,0.137,0.15286064986512066
728,864,136,0.136,0.15079278317373246
798,899,101,0.101,0.15540533405070892
718,859,141,0.141,0.15814114368933951
760,880,120,0.12,0.15768449917063118
796,898,102,0.102,0.12844331899285316
820,910,90,0.09,0.12415374442034713
756,878,122,0.122,0.1437958941720426
776,888,112,0.112,0.14925704466924072
732,866,134,0.134,0.14828451876534382
744,872,128,0.128,0.1550677071926184
702,851,149,0.149,0.17280824349075555
746,873,127,0.127,0.14973778080230113
714,857,143,0.143,0.16662556559525546
740,870,130,0.13,0.19100730396044896
752,876,124,0.124,0.16971287027955986
804,902,98,0.098,0.16337463149800896
768,884,116,0.116,0.15680431481660362
744,872,128,0.128,0.17232660556376506
770,885,115,0.115,0.15233369608968497
796,898,102,0.102,0.1553496911465918
774,887,113,0.113,0.1743186090272211
834,917,83,0.083,0.14875619174167515
718,859,141,0.141,0.19548256466537714
790,895,105,0.105,0.16696891208227316
796,898,102,0.102,0.16655189004912974
802,901,99,0.099,0.17436305624223314
742,871,129,0.129,0.17144523638939427
766,883,117,0.117,0.19537544595822692
754,877,123,0.123,0.16597371354699134
798,899,101,0.101,0.1727187026373655
772,886,114,0.114,0.1737984365151201
766,883,117,0.117,0.17867381201451643
714,857,143,0.143,0.19734199353680015
760,880,120,0.12,0.1929908258006326
760,880,120,0.12,0.19939632085841913
750,875,125,0.125,0.19772584104957058
750,875,125,0.125,0.19128995075821875
764,882,118,0.118,0.17860220642434432
850,925,75,0.075,0.1670461013908498
806,903,97,0.097,0.18580257016047835
720,860,140,0.14,0.203103423201479
716,858,142,0.142,0.22461751963570714
768,884,116,0.116,0.20523391020194415
790,895,105,0.105,0.20360587403271346
764,882,118,0.118,0.2100769229270518
744,872,128,0.128,0.2062019277295767
790,895,105,0.105,0.1903417432452552
810,905,95,0.095,0.2011885898038745
770,885,115,0.115,0.19762780545838177
696,848,152,0.152,0.22139261074364186
770,885,115,0.115,0.1709003627076745
750,875,125,0.125,0.20086876064211537
786,893,107,0.107,0.1847637988571296
770,885,115,0.115,0.19509913405030965
762,881,119,0.119,0.200278128660284
776,888,112,0.112,0.17526752332360548
718,859,141,0.141,0.20680537596624343
808,904,96,0.096,0.17517374354694037
706,853,147,0.147,0.21719081630910989
798,899,101,0.101,0.18188808799535036
800,900,100,0.1,0.19115755718015134
790,895,105,0.105,0.1958263135086745
806,903,97,0.097,0.19682239747792482
712,856,144,0.144,0.23117539184113411
772,886,114,0.114,0.24314753671758807
742,871,129,0.129,0.25377121882140635
786,893,107,0.107,0.23159195676608987
790,895,105,0.105,0.25467509167641406
794,897,103,0.103,0.24678854196885658
774,887,113,0.113,0.2751398390904069
742,871,129,0.129,0.26048487606915294
724,862,138,0.138,0.2242500964552164
790,895,105,0.105,0.23531863371282816
760,880,120,0.12,0.2544320313593046
764,882,118,0.118,0.22609566528726355
764,882,118,0.118,0.2536816210625693
806,903,97,0.097,0.21838632286619394
760,880,120,0.12,0.24269801485165954
744,872,128,0.128,0.23791421513259411
730,865,135,0.135,0.22200443901023664
742,871,129,0.129,0.20752995647030184
752,876,124,0.124,0.2223672880115919
760,880,120,0.12,0.20900068402756006
800,900,100,0.1,0.218322719078511
750,875,125,0.125,0.2158665602991593
766,883,117,0.117,0.21653960621356963
730,865,135,0.135,0.23790912829598118
746,873,127,0.127,0.20577898002730555
774,887,113,0.113,0.2074728973992169
744,872,128,0.128,0.23608836382627488
776,888,112,0.112,0.21694691243056893
774,887,113,0.113,0.23806761345593258
768,884,116,0.116,0.23750279856473208
820,910,90,0.09,0.2301486549153924
772,886,114,0.114,0.2241947243923787
680,840,160,0.16,0.25147425558418035
782,891,109,0.109,0.22775715236359975
694,847,153,0.153,0.2540414896607399
794,897,103,0.103,0.21878767788782716
720,860,140,0.14,0.2258577264388441
708,854,146,0.146,0.21441064532566817
738,869,131,0.131,0.19728603147342802
744,872,128,0.128,0.2048446215391159
726,863,137,0.137,0.20054607179109007
728,864,136,0.136,0.20965766476971293
772,886,114,0.114,0.19206148605421186
774,887,113,0.113,0.17748981165237002
786,893,107,0.107,0.1824984627664089
762,881,119,0.119,0.19645016951714656
736,868,132,0.132,0.1998356000483036
740,870,130,0.13,0.19783576078806073
796,898,102,0.102,0.1977398541495204
760,880,120,0.12,0.1867591289933771
742,871,129,0.129,0.21305957759440936
724,862,138,0.138,0.19066152346128365
758,879,121,0.121,0.19345564314985403
766,883,117,0.117,0.20504534578323363
744,872,128,0.128,0.21907120110879624
800,900,100,0.1,0.20147150714695453
692,846,154,0.154,0.21924873257428407
722,861,139,0.139,0.2165694666271447
712,856,144,0.144,0.21314880042150616
752,876,124,0.124,0.21315704253688456
702,851,149,0.149,0.2128281511164969
772,886,114,0.114,0.21391440453706467
774,887,113,0.113,0.19133749683271162
720,860,140,0.14,0.21091469404660165
784,892,108,0.108,0.1699881451643887
818,909,91,0.091,0.16954241441289195
694,847,153,0.153,0.21116580702063947
734,867,133,0.133,0.19720572089412838
784,892,108,0.108,0.18422429536283016
754,877,123,0.123,0.17609779758006333
732,866,134,0.134,0.16700281249079854
734,867,133,0.133,0.16157263498951216
774,887,113,0.113,0.16104343488812448
838,919,81,0.081,0.15202471963502467
712,856,144,0.144,0.1677337229080157
730,865,135,0.135,0.17921218657121063
828,914,86,0.086,0.15214491634815933
742,871,129,0.129,0.15749567942414433
690,845,155,0.155,0.2213655604846572
768,884,116,0.116,0.1671656902185059
720,860,140,0.14,0.1796197227546945
756,878,122,0.122,0.18030573846772313
748,874,126,0.126,0.17833216757976333
680,840,160,0.16,0.20585921228677034
758,879,121,0.121,0.19254041019827128
718,859,141,0.141,0.20379583399742843
768,884,116,0.116,0.17582166595125123
834,917,83,0.083,0.17868324749383568
716,858,142,0.142,0.1969871324491687
754,877,123,0.123,0.21094916673113404
780,890,110,0.11,0.2000578671565163
800,900,100,0.1,0.19882356011638297
742,871,129,0.129,0.20342424868699163
728,864,136,0.136,0.19641978023573756
794,897,103,0.103,0.1943552020341158
758,879,121,0.121,0.19973249605675994
724,862,138,0.138,0.19832006660047774
774,887,113,0.113,0.18612934550283922
784,892,108,0.108,0.18825657186194622
762,881,119,0.119,0.19885176325868814
814,907,93,0.093,0.17729078966379166
784,892,108,0.108,0.20566096826270222
768,884,116,0.116,0.19293586028574283
782,891,109,0.109,0.19335391826927661
774,887,113,0.113,0.18245481843184952
792,896,104,0.104,0.2162723837867379
754,877,123,0.123,0.229946612381281
716,858,142,0.142,0.23529284969717265
746,873,127,0.127,0.26855032830685377
804,902,98,0.098,0.23221746093034745
730,865,135,0.135,0.2540877929491962
740,870,130,0.13,0.2543835235387087
734,867,133,0.133,0.27371653262486506
746,873,127,0.127,0.28499584577977655
748,874,126,0.126,0.28693073216080667
788,894,106,0.106,0.26130970993638036
842,921,79,0.079,0.24288836149871348
778,889,111,0.111,0.2911376491189003
784,892,108,0.108,0.2542979533076286
724,862,138,0.138,0.2654218770712614
728,864,136,0.136,0.2740813524276018
764,882,118,0.118,0.2544468342930195
744,872,128,0.128,0.2660707383356309
734,867,133,0.133,0.24552503002621234
802,901,99,0.099,0.2230768848732114
790,895,105,0.105,0.23333740657009183
796,898,102,0.102,0.22533678608387708
836,918,82,0.082,0.20453211463987828
800,900,100,0.1,0.21539900939133258
702,851,149,0.149,0.22844693198243476
802,901,99,0.099,0.2076398960799129
788,894,106,0.106,0.20726989587862044
764,882,118,0.118,0.21262975635379552
746,873,127,0.127,0.23435497071081773
710,855,145,0.145,0.2396057317017112
804,902,98,0.098,0.22601105614658445
762,881,119,0.119,0.24044644315540792
786,893,107,0.107,0.22199462387035981
748,874,126,0.126,0.26129073501378297
730,865,135,0.135,0.2697396531233244
762,881,119,0.119,0.24233527167013877
780,890,110,0.11,0.2458643166925758
714,857,143,0.143,0.2861360455756822
814,907,93,0.093,0.25180971854180095
678,839,161,0.161,0.2933029418811202
726,863,137,0.137,0.2767153906002647
728,864,136,0.136,0.258700311198656
746,873,127,0.127,0.27930369547491135
742,871,129,0.129,0.25102823840640487
736,868,132,0.132,0.26986159955803307
826,913,87,0.087,0.24314818002283572
714,857,143,0.143,0.2617710581347346
742,871,129,0.129,0.23867296948283911
792,896,104,0.104,0.232381559997797
810,905,95,0.095,0.21306055595725776
732,866,134,0.134,0.2347838187776506
748,874,126,0.126,0.24876274631358683
718,859,141,0.141,0.2232436020076275
806,903,97,0.097,0.2202498841807246
778,889,111,0.111,0.19717966509982943
828,914,86,0.086,0.17888251017034054
696,848,152,0.152,0.19993820391763256
802,901,99,0.099,0.19112339344248175
754,877,123,0.123,0.18832645603083073
794,897,103,0.103,0.17750225470969144
854,927,73,0.073,0.14807791211083532
778,889,111,0.111,0.16189895593374967
792,896,104,0.104,0.1689974485859275
790,895,105,0.105,0.17075262424349785
716,858,142,0.142,0.19859195589647924
712,856,144,0.144,0.17472706722347778
836,918,82,0.082,0.15695959358289838
808,904,96,0.096,0.14670329503715038
776,888,112,0.112,0.1648574096560478
772,886,114,0.114,0.1708961011301494
738,869,131,0.131,0.17292391536012292
746,873,127,0.127,0.17883322790614328
794,897,103,0.103,0.1888874071813855
786,893,107,0.107,0.18816866867244245
762,881,119,0.119,0.16606490460783244
750,875,125,0.125,0.17423173157696145
752,876,124,0.124,0.19460811530798675
808,904,96,0.096,0.15053993992507458
790,895,105,0.105,0.16575845455750823
748,874,126,0.126,0.18261400324851274
742,871,129,0.129,0.17757063304632903
744,872,128,0.128,0.17357091549038886
720,860,140,0.14,0.1948415943905711
702,851,149,0.149,0.21132559501589276
782,891,109,0.109,0.1777065625762188
782,891,109,0.109,0.1736121734827757
720,860,140,0.14,0.20349408187969942
782,891,109,0.109,0.17928747982159257
786,893,107,0.107,0.18605867184698582
766,883,117,0.117,0.19188170542940497
724,862,138,0.138,0.21049165537190856
762,881,119,0.119,0.1921380654722452
726,863,137,0.137,0.19292502054997243
732,866,134,0.134,0.17940921354293823
746,873,127,0.127,0.2161762069389224
766,883,117,0.117,0.21177588920295237
750,875,125,0.125,0.20109835684485733
752,876,124,0.124,0.20585047959842226
740,870,130,0.13,0.20567500481754541
746,873,127,0.127,0.21124338100571186
722,861,139,0.139,0.21312120452523237
744,872,128,0.128,0.21047690674629121
764,882,118,0.118,0.21535779813677072
714,857,143,0.143,0.23905995840579272
738,869,131,0.131,0.22305466996878384
774,887,113,0.113,0.20681665669449165
796,898,102,0.102,0.21859652725519846
758,879,121,0.121,0.2201346952840686
808,904,96,0.096,0.20520049505680799
744,872,128,0.128,0.236672380506996
732,866,134,0.134,0.24177883307370118
784,892,108,0.108,0.25329179887007924
778,889,111,0.111,0.2353791475109756
742,871,129,0.129,0.25899094410985707
762,881,119,0.119,0.2606095260977745
692,846,154,0.154,0.2770808094963431
816,908,92,0.092,0.24631815458089112
786,893,107,0.107,0.24876240263134242
824,912,88,0.088,0.22936801412701607
758,879,121,0.121,0.23171449214965106
760,880,120,0.12,0.26856893172487617
758,879,121,0.121,0.25386471792671467
784,892,108,0.108,0.2408656198801473
828,914,86,0.086,0.2544647918525152
750,875,125,0.125,0.2673134969467064
738,869,131,0.131,0.2770618349762303
740,870,130,0.13,0.2782861121483147
762,881,119,0.119,0.25184085050950716
850,925,75,0.075,0.2629356687515974
726,863,137,0.137,0.28485054755210876
726,863,137,0.137,0.2996578789278865
802,901,99,0.099,0.26747217038273813
768,884,116,0.116,0.2752269140556455
764,882,118,0.118,0.2840232983923341
754,877,123,0.123,0.25991341990605
798,899,101,0.101,0.2590094056366098
818,909,91,0.091,0.25617551742091016
796,898,102,0.102,0.25486476821181714
732,866,134,0.134,0.2768049210757669
772,886,114,0.114,0.2798012383580208
796,898,102,0.102,0.2759391153183533
806,903,97,0.097,0.2624853638112545
762,881,119,0.119,0.2912875432783886
822,911,89,0.089,0.2862312828326976
718,859,141,0.141,0.3065925523135811
792,896,104,0.104,0.3070627144943719
768,884,116,0.116,0.3003763622641563
718,859,141,0.141,0.3098679327443242
734,867,133,0.133,0.3001549646153516
800,900,100,0.1,0.30433823574334384
762,881,119,0.119,0.3329951539635659
750,875,125,0.125,0.3217101856246591
768,884,116,0.116,0.3304201090708375
730,865,135,0.135,0.34470314141362907
640,820,180,0.18,0.37671970777213576
740,870,130,0.13,0.323530945488189
750,875,125,0.125,0.32438274352252483
758,879,121,0.121,0.33557117550075055
812,906,94,0.094,0.32273556902562267
758,879,121,0.121,0.33190525118261577
688,844,156,0.156,0.3404666922570909
776,888,112,0.112,0.3290011780261993
798,899,101,0.101,0.3177625285424292
732,866,134,0.134,0.3532743230430793
788,894,106,0.106,0.3470302681773901
780,890,110,0.11,0.33000509163737296
748,874,126,0.126,0.35184312538802626
766,883,117,0.117,0.341273120492728
722,861,139,0.139,0.3572239066120237
732,866,134,0.134,0.39051871648430825
798,899,101,0.101,0.3664424491622485
740,870,130,0.13,0.3788580267969519
788,894,106,0.106,0.3702154378981868
788,894,106,0.106,0.38838304151408376
736,868,132,0.132,0.40016895707324146
746,873,127,0.127,0.41325676108151677
782,891,109,0.109,0.4198854369111359
744,872,128,0.128,0.4094695719722614
756,878,122,0.122,0.42685654896497727
770,885,115,0.115,0.44699828629745325
770,885,115,0.115,0.41887681587040426
790,895,105,0.105,0.46252501220069825
666,833,167,0.167,0.4937147220597226
716,858,142,0.142,0.47993233012344355
726,863,137,0.137,0.46763442641496716
806,903,97,0.097,0.4861529427319765
726,863,137,0.137,0.5055008154660463
742,871,129,0.129,0.493148686837405
758,879,121,0.121,0.4950020533739589
748,874,126,0.126,0.47876937700818645
758,879,121,0.121,0.4664696986079216
742,871,129,0.129,0.4828953561467902
812,906,94,0.094,0.4634719197899103
770,885,115,0.115,0.4768419260444498
758,879,121,0.121,0.4805632520318031
744,872,128,0.128,0.48093687792096806
712,856,144,0.144,0.47409663105383515
736,868,132,0.132,0.4603439504751004
754,877,123,0.123,0.47020430213757297
774,887,113,0.113,0.46520703768730737
778,889,111,0.111,0.45921911220252515
738,869,131,0.131,0.45882271783798934
748,874,126,0.126,0.47822698996169494
810,905,95,0.095,0.44787183869805564
806,903,97,0.097,0.42954856165484395
788,894,106,0.106,0.477092137850821
778,889,111,0.111,0.4668444322049618
786,893,107,0.107,0.46664128768444063
748,874,126,0.126,0.45623591725320145
736,868,132,0.132,0.47002110588550566
734,867,133,0.133,0.46505468627810476
806,903,97,0.097,0.4480949461758137
786,893,107,0.107,0.44252249228302387
766,883,117,0.117,0.4569387378692627
758,879,121,0.121,0.48209703521837943
810,905,95,0.095,0.4426181888282299
742,871,129,0.129,0.4728980771750212
710,855,145,0.145,0.4576669390143361
756,878,122,0.122,0.46308556163683534
770,885,115,0.115,0.43298518657311796
780,890,110,0.11,0.39539921182536125
728,864,136,0.136,0.41044091568064456
734,867,133,0.133,0.3859847278910238
720,860,140,0.14,0.3974453222826123
746,873,127,0.127,0.412116151958704
750,875,125,0.125,0.37052925206720827
816,908,92,0.092,0.35765326890349386
830,915,85,0.085,0.3393515669554472
728,864,136,0.136,0.38865980350971224
740,870,130,0.13,0.38129637131094934
732,866,134,0.134,0.32586995349267184
768,884,116,0.116,0.31977277525609815
772,886,114,0.114,0.31781589330313537
796,898,102,0.102,0.2884328631963581
754,877,123,0.123,0.2965788287332448
758,879,121,0.121,0.2836602354873439
784,892,108,0.108,0.24937731852382422
758,879,121,0.121,0.22743922517178464
736,868,132,0.132,0.250062911286471
768,884,116,0.116,0.22234756078384815
780,890,110,0.11,0.22080450361408294
726,863,137,0.137,0.23528024347870086
736,868,132,0.132,0.2011843566385462
782,891,109,0.109,0.1869392290324904
758,879,121,0.121,0.1982292116303861
768,884,116,0.116,0.1965786587181709
746,873,127,0.127,0.18727730207378046
714,857,143,0.143,0.20052072168514132
788,894,106,0.106,0.20115186129766516
814,907,93,0.093,0.18815860310196877
702,851,149,0.149,0.18641508603841067
764,882,118,0.118,0.17203628396895784
792,896,104,0.104,0.16513558107987047
786,893,107,0.107,0.16655878907814622
774,887,113,0.113,0.16947995715923161
740,870,130,0.13,0.18510959038278088
836,918,82,0.082,0.14407792644878692
810,905,95,0.095,0.15492563490277098
778,889,111,0.111,0.1781014417648014
754,877,123,0.123,0.1505770495635079
712,856,144,0.144,0.17172411086782813
746,873,127,0.127,0.14629337962803435
714,857,143,0.143,0.1544272439489141
750,875,125,0.125,0.16469700774959348
748,874,126,0.126,0.14909914887696504
746,873,127,0.127,0.14270404398304926
822,911,89,0.089,0.13854959910549222
794,897,103,0.103,0.13535480540021672
802,901,99,0.099,0.12767691631428899
766,883,117,0.117,0.14875807978585362
762,881,119,0.119,0.12862824744358659
740,870,130,0.13,0.1557574587983254
740,870,130,0.13,0.1451816288821865
746,873,127,0.127,0.15971294538956135
734,867,133,0.133,0.14042830258820557
820,910,90,0.09,0.15313098132235065
826,913,87,0.087,0.12886685129627584
770,885,115,0.115,0.150154510255903
732,866,134,0.134,0.16843516352470034
682,841,159,0.159,0.1657699904756537
812,906,94,0.094,0.14479011415177956
794,897,103,0.103,0.14964138413220643
734,867,133,0.133,0.1613904440366274
778,889,111,0.111,0.1510710309036076
766,883,117,0.117,0.1561077389679849
802,901,99,0.099,0.13680264749568607
752,876,124,0.124,0.15857357937344932
786,893,107,0.107,0.14692624258436263
744,872,128,0.128,0.15005147041752934
770,885,115,0.115,0.1465545618981123
708,854,146,0.146,0.17489245764911174
788,894,106,0.106,0.14948283453297992
838,919,81,0.081,0.12499539237126013
752,876,124,0.124,0.1653426950746985
710,855,145,0.145,0.19068770580738784
768,884,116,0.116,0.14676829424872995
702,851,149,0.149,0.15596066556870938
768,884,116,0.116,0.15869961928017437
742,871,129,0.129,0.15610817420916281
724,862,138,0.138,0.16417218664926844
754,877,123,0.123,0.14905505310860462
822,911,89,0.089,0.14051550583250355
728,864,136,0.136,0.16306853415595834
758,879,121,0.121,0.16347561943592154
792,896,104,0.104,0.151224319115831
810,905,95,0.095,0.13653617736553134
834,917,83,0.083,0.13145712802931667
786,893,107,0.107,0.1433728683316149
788,894,106,0.106,0.12764897250750437
712,856,144,0.144,0.15156923787738197
784,892,108,0.108,0.1346565704382956
726,863,137,0.137,0.14102529245859477
758,879,121,0.121,0.14519293540436776
690,845,155,0.155,0.15501214577850544
778,889,111,0.111,0.13498756691999733
802,901,99,0.099,0.13377543932572006
792,896,104,0.104,0.13260491766408086
730,865,135,0.135,0.1495415217534749
734,867,133,0.133,0.14907803157786112
734,867,133,0.133,0.14698679475541349
804,902,98,0.098,0.13219231216647176
780,890,110,0.11,0.14103173979054553
754,877,123,0.123,0.1526610736269504
816,908,92,0.092,0.140546828542836
810,905,95,0.095,0.1489340936581957
788,894,106,0.106,0.1557925221421756
770,885,115,0.115,0.1517226390428841
750,875,125,0.125,0.14752623126655817
786,893,107,0.107,0.14008751159161328
758,879,121,0.121,0.15035154048167168
676,838,162,0.162,0.1599237066730857
764,882,118,0.118,0.16012934469501489
792,896,104,0.104,0.1443761525642949
762,881,119,0.119,0.14521781522933241
756,878,122,0.122,0.14450872641429305
814,907,93,0.093,0.14926068628579378
758,879,121,0.121,0.15551228086277843
720,860,140,0.14,0.17052149814739823
804,902,98,0.098,0.1473349821814336
768,884,116,0.116,0.157042327683419
738,869,131,0.131,0.1624761866107583
654,827,173,0.173,0.17819419598229252
810,905,95,0.095,0.1594050094783306
792,896,104,0.104,0.1621031959541142
738,869,131,0.131,0.18576791145605967
780,890,110,0.11,0.1871842149980366
764,882,118,0.118,0.1869726665392518
784,892,108,0.108,0.1857459674056154
788,894,106,0.106,0.1931214976757765
762,881,119,0.119,0.1997636424023658
728,864,136,0.136,0.20510897252336144
790,895,105,0.105,0.19674704567342996
732,866,134,0.134,0.20383205072875535
798,899,101,0.101,0.18530578134794268
758,879,121,0.121,0.2207393560563994
766,883,117,0.117,0.20444386934861541
758,879,121,0.121,0.20461613862133526
746,873,127,0.127,0.19944056873768568
692,846,154,0.154,0.21441297886148095
768,884,116,0.116,0.1929763441507239
736,868,132,0.132,0.19816000278213494
734,867,133,0.133,0.19913849947538984
702,851,149,0.149,0.18762315979227423
774,887,113,0.113,0.1742808599389391
774,887,113,0.113,0.18377810779958964
698,849,151,0.151,0.20700209233351052
778,889,111,0.111,0.18054970434494316
800,900,100,0.1,0.17999580285325648
716,858,142,0.142,0.21233576120063663
740,870,130,0.13,0.19769892827472357
740,870,130,0.13,0.17399639520511845
760,880,120,0.12,0.19820668540149927
762,881,119,0.119,0.17130709084784035
782,891,109,0.109,0.18454367523306703
810,905,95,0.095,0.16729336546361445
808,904,96,0.096,0.18218501857092
756,878,122,0.122,0.17651014445885604
700,850,150,0.15,0.19110306279203962
702,851,149,0.149,0.17554621526794298
762,881,119,0.119,0.17121906228363515
742,871,129,0.129,0.1569626765064895
812,906,94,0.094,0.14922599802353792
830,915,85,0.085,0.15103609065711499
764,882,118,0.118,0.14440723196417093
796,898,102,0.102,0.1650933648908913
784,892,108,0.108,0.16135117032380006
788,894,106,0.106,0.1582932019154181
740,870,130,0.13,0.18006092400463444
824,912,88,0.088,0.1491243305038661
810,905,95,0.095,0.15903535525128246
726,863,137,0.137,0.18005402336642146
702,851,149,0.149,0.1833376374579966
776,888,112,0.112,0.18401434256881474
684,842,158,0.158,0.20926247333089124
750,875,125,0.125,0.18620763908251353
760,880,120,0.12,0.19416842478513718
842,921,79,0.079,0.17477851869910954
728,864,136,0.136,0.23317195019746254
712,856,144,0.144,0.2095827970706232
730,865,135,0.135,0.22616802325170374
762,881,119,0.119,0.2080543599757948
782,891,109,0.109,0.2152657087352127
734,867,133,0.133,0.21892848105356097
748,874,126,0.126,0.21417352676045628
734,867,133,0.133,0.22222143660018265
754,877,123,0.123,0.20800668492913246
764,882,118,0.118,0.22210917237727257
766,883,117,0.117,0.22211238419264556
722,861,139,0.139,0.2288200567772391
746,873,127,0.127,0.2197202158216779
800,900,100,0.1,0.20409661849218538
828,914,86,0.086,0.22184845136851072
760,880,120,0.12,0.22568553575430997
800,900,100,0.1,0.22095415036194027
710,855,145,0.145,0.2610214938595891
726,863,137,0.137,0.24186630894616246
754,877,123,0.123,0.2504504633690804
786,893,107,0.107,0.24498696424812078
732,866,134,0.134,0.2739097849391401
728,864,136,0.136,0.3086628751102835
702,851,149,0.149,0.26929738681606535
726,863,137,0.137,0.3062244360954501
744,872,128,0.128,0.2866201210618019
712,856,144,0.144,0.28325209561261
750,875,125,0.125,0.3179846783280373
790,895,105,0.105,0.2974837461709976
744,872,128,0.128,0.3107866560406983
806,903,97,0.097,0.31136255293339493
766,883,117,0.117,0.32640005107223985
788,894,106,0.106,0.34652049086987974
778,889,111,0.111,0.34599977215323086
788,894,106,0.106,0.32725663538353544
780,890,110,0.11,0.3285561109557748
790,895,105,0.105,0.3232531254490121
744,872,128,0.128,0.3175899863615632
742,871,129,0.129,0.32966495431130577
770,885,115,0.115,0.3195939506765426
782,891,109,0.109,0.3015887380706258
822,911,89,0.089,0.319124791495502
752,876,124,0.124,0.34420596294105055
710,855,145,0.145,0.3601836957084015
734,867,133,0.133,0.36105791494995354
730,865,135,0.135,0.3506371751541155
790,895,105,0.105,0.3314313472965991
778,889,111,0.111,0.3386725309789181
788,894,106,0.106,0.3391512738764286
742,871,129,0.129,0.38401753288419843
812,906,94,0.094,0.36255233581364155
742,871,129,0.129,0.4193664811573144
746,873,127,0.127,0.41115151011850687
730,865,135,0.135,0.419107779443264
814,907,93,0.093,0.36931303280591965
774,887,113,0.113,0.4195280398645924
792,896,104,0.104,0.39616184808786603
756,878,122,0.122,0.43281702369824054
760,880,120,0.12,0.3994007900506258
788,894,106,0.106,0.4180099840015173
784,892,108,0.108,0.3898727753646672
748,874,126,0.126,0.418468163382262
758,879,121,0.121,0.4215585379665717
748,874,126,0.126,0.41940556177627875
806,903,97,0.097,0.4065236240774393
742,871,129,0.129,0.42887422029991285
752,876,124,0.124,0.3865513272434473
730,865,135,0.135,0.4018260433971882
794,897,103,0.103,0.3704492804259062
814,907,93,0.093,0.38292334342747925
708,854,146,0.146,0.4136606332913452
820,910,90,0.09,0.36443818820971124
750,875,125,0.125,0.3997948234441038
754,877,123,0.123,0.40263966538757084
770,885,115,0.115,0.413500169087667
824,912,88,0.088,0.3875307500070139
772,886,114,0.114,0.4168768098484725
792,896,104,0.104,0.43038833847641944
760,880,120,0.12,0.4367813916034256
720,860,140,0.14,0.45660808146838827
700,850,150,0.15,0.46206119707226756
770,885,115,0.115,0.44795542128384114
752,876,124,0.124,0.4375217775404453
802,901,99,0.099,0.43033328002253984
738,869,131,0.131,0.4616601795256138
720,860,140,0.14,0.4610547478199005
722,861,139,0.139,0.4754341294573537
748,874,126,0.126,0.4614110086634755
762,881,119,0.119,0.4777415851280093
702,851,149,0.149,0.52733716532588
754,877,123,0.123,0.49424893015623095
822,911,89,0.089,0.5004528653025627
706,853,147,0.147,0.49097819793224334
784,892,108,0.108,0.4819312584247746
716,858,142,0.142,0.5089990853071212
794,897,103,0.103,0.4963846651315689
658,829,171,0.171,0.5424273951351642
816,908,92,0.092,0.49168294298648835
806,903,97,0.097,0.46043184830248357
736,868,132,0.132,0.5074581977709263
792,896,104,0.104,0.48188999873399735
762,881,119,0.119,0.5129950664341449
708,854,146,0.146,0.5069303943070117
772,886,114,0.114,0.4566820834549144
764,882,118,0.118,0.4746536008417606
788,894,106,0.106,0.4579971030652523
744,872,128,0.128,0.48214245760440827
758,879,121,0.121,0.46679230966430624
774,887,113,0.113,0.4662840509340167
734,867,133,0.133,0.4911746234446764
718,859,141,0.141,0.4724060615082271
690,845,155,0.155,0.47893759827284155
754,877,123,0.123,0.4839271993637085
736,868,132,0.132,0.4671675453335047
754,877,123,0.123,0.4640118610858917
724,862,138,0.138,0.49888941390730906
730,865,135,0.135,0.4923218366641959
740,870,130,0.13,0.4786133892465987
728,864,136,0.136,0.4915501327815
814,907,93,0.093,0.4700337263084948
798,899,101,0.101,0.4593413446173072
752,876,124,0.124,0.49922355183959005
782,891,109,0.109,0.482355139343068
800,900,100,0.1,0.45130520883831193
732,866,134,0.134,0.4760245555266741
778,889,111,0.111,0.46100628973019775
806,903,97,0.097,0.44657439506053925
776,888,112,0.112,0.4391569284637808
800,900,100,0.1,0.4361702304473147
698,849,151,0.151,0.44601271678507326
780,890,110,0.11,0.4396651546873618
754,877,123,0.123,0.42491161298449154
750,875,125,0.125,0.4122194001611788
780,890,110,0.11,0.41335961838066576
748,874,126,0.126,0.41208278378834073
726,863,137,0.137,0.4521574337333441
766,883,117,0.117,0.3972677261829376
732,866,134,0.134,0.4258587836064398
700,850,150,0.15,0.4320906654046848
788,894,106,0.106,0.4048513553662633
780,890,110,0.11,0.39687229834496973
716,858,142,0.142,0.418775600977242
756,878,122,0.122,0.41774517896238605
680,840,160,0.16,0.42782060644256886
750,875,125,0.125,0.40137307124771177
768,884,116,0.116,0.4193333266137633
766,883,117,0.117,0.43750017298758237
752,876,124,0.124,0.4412356051169336
722,861,139,0.139,0.4539366463941988
814,907,93,0.093,0.44581370705366136
760,880,120,0.12,0.4354100402295589
774,887,113,0.113,0.446156211823225
714,857,143,0.143,0.47290271800756456
720,860,140,0.14,0.4891669830232859
732,866,134,0.134,0.5078695447008383
776,888,112,0.112,0.4748958288616753
734,867,133,0.133,0.48877788772806524
722,861,139,0.139,0.5210725293457508
764,882,118,0.118,0.521185824662447
794,897,103,0.103,0.4975377110540867
768,884,116,0.116,0.5384091078191996
764,882,118,0.118,0.5104128288030625
782,891,109,0.109,0.5321502772271633
772,886,114,0.114,0.5298216741681101
758,879,121,0.121,0.5428489088307479
726,863,137,0.137,0.5487811012119055
692,846,154,0.154,0.5747925487011671
784,892,108,0.108,0.5442718055397272
768,884,116,0.116,0.5362161141335964
764,882,118,0.118,0.5341843693281989
690,845,155,0.155,0.576116581261158
780,890,110,0.11,0.5572167596369981
726,863,137,0.137,0.5593254513144493
746,873,127,0.127,0.5662113172262907
764,882,118,0.118,0.5332007061969489
718,859,141,0.141,0.5467600979059934
738,869,131,0.131,0.5435912595605478
724,862,138,0.138,0.5777153318077326
738,869,131,0.131,0.5420107244988903
774,887,113,0.113,0.5621203347296196
794,897,103,0.103,0.5407546814978123
706,853,147,0.147,0.5622903262877138
696,848,152,0.152,0.557072930291295
774,887,113,0.113,0.5564952059984207
742,871,129,0.129,0.5514085076273696
786,893,107,0.107,0.5542354227602482
710,855,145,0.145,0.552095289581921
788,894,106,0.106,0.5346253153830767
754,877,123,0.123,0.5337934261395846
710,855,145,0.145,0.5487719200719675
710,855,145,0.145,0.5337482242817059
796,898,102,0.102,0.5039416979104281
680,840,160,0.16,0.5168890954852104
738,869,131,0.131,0.5309665528982878
690,845,155,0.155,0.5122650851011277
756,878,122,0.122,0.5054064289206198
748,874,126,0.126,0.4921337815374136
716,858,142,0.142,0.46884667333002517
732,866,134,0.134,0.48026852820813654
794,897,103,0.103,0.4576696250736713
758,879,121,0.121,0.47557072578370574
726,863,137,0.137,0.4811459573564352
748,874,126,0.126,0.463008791891858
734,867,133,0.133,0.4671016210913658
804,902,98,0.098,0.4520175318885595
774,887,113,0.113,0.4764759948849678
794,897,103,0.103,0.4558343989895657
714,857,143,0.143,0.48568022504448893
732,866,134,0.134,0.4672120006084442
778,889,111,0.111,0.45558151765274674
814,907,93,0.093,0.4668706366717815
766,883,117,0.117,0.46774034163355827
754,877,123,0.123,0.5115722158626449
778,889,111,0.111,0.494434698196128
740,870,130,0.13,0.491677743594948
790,895,105,0.105,0.47630075756460427
718,859,141,0.141,0.48134248387813566
696,848,152,0.152,0.48647180990129707
688,844,156,0.156,0.48281739848852157
776,888,112,0.112,0.46212180814146997
714,857,143,0.143,0.47647801125049594
754,877,123,0.123,0.45632525745459135
786,893,107,0.107,0.44824834585934875
796,898,102,0.102,0.44931038410961627
820,910,90,0.09,0.4550151975005865
734,867,133,0.133,0.46353223149478434
736,868,132,0.132,0.46337050418928266
778,889,111,0.111,0.4545009552836418
798,899,101,0.101,0.4428339269347489
724,862,138,0.138,0.4469445120813327
758,879,121,0.121,0.4670992235839367
708,854,146,0.146,0.5051566779073328
762,881,119,0.119,0.4708995998446688
728,864,136,0.136,0.5119045106398906
742,871,129,0.129,0.5246679240688682
732,866,134,0.134,0.531838562220335
756,878,122,0.122,0.5217108416934497
738,869,131,0.131,0.5161859177723527
710,855,145,0.145,0.5587784762978554
824,912,88,0.088,0.5491161389052868
796,898,102,0.102,0.5525557434856891
732,866,134,0.134,0.5559058236697311
736,868,132,0.132,0.5633368379105814
734,867,133,0.133,0.5805240689907223
730,865,135,0.135,0.5450734459600844
734,867,133,0.133,0.5746886525154113
780,890,110,0.11,0.5734312830716372
714,857,143,0.143,0.5951051413416862
752,876,124,0.124,0.6134812218844891
818,909,91,0.091,0.601382226921618
758,879,121,0.121,0.6078319368064403
696,848,152,0.152,0.6338689672898036
796,898,102,0.102,0.6295346609950065
746,873,127,0.127,0.6395611561108201
760,880,120,0.12,0.6172171922731068
694,847,153,0.153,0.6619457139596343
744,872,128,0.128,0.6658421221673488
760,880,120,0.12,0.6693698947944212
756,878,122,0.122,0.6574312912374735
800,900,100,0.1,0.6351109837690005
750,875,125,0.125,0.668521884915739
732,866,134,0.134,0.6671422585937646
790,895,105,0.105,0.6595369030684233
746,873,127,0.127,0.6943802252976456
712,856,144,0.144,0.6775460840285792
736,868,132,0.132,0.6772115878164768
724,862,138,0.138,0.6713523835539817
784,892,108,0.108,0.6705817051380872
726,863,137,0.137,0.691741810888052
774,887,113,0.113,0.6680670320689678
820,910,90,0.09,0.6484023532569408
800,900,100,0.1,0.6667019027091864
730,865,135,0.135,0.65393461099267
762,881,119,0.119,0.6655488367686997
726,863,137,0.137,0.6419783274829388
762,881,119,0.119,0.6237125315815211
802,901,99,0.099,0.5995717042684555
718,859,141,0.141,0.6180040512355481
712,856,144,0.144,0.6144592828638852
760,880,120,0.12,0.5825480466932058
738,869,131,0.131,0.5658173972219229
770,885,115,0.115,0.558750365478798
734,867,133,0.133,0.5893297298699618
782,891,109,0.109,0.5143027993729338
704,852,148,0.148,0.5567873164117336
746,873,127,0.127,0.5019495955654419
744,872,128,0.128,0.49126267768442633
760,880,120,0.12,0.47301844926737246
750,875,125,0.125,0.5047209261921235
744,872,128,0.128,0.44626031365245583
728,864,136,0.136,0.4215516643822193
796,898,102,0.102,0.40446400810778144
810,905,95,0.095,0.3706315331980586
788,894,106,0.106,0.40184853508960805
746,873,127,0.127,0.39500927595703084
772,886,114,0.114,0.38183617516607044
728,864,136,0.136,0.41538603089004755
698,849,151,0.151,0.38922954836681223
732,866,134,0.134,0.3833723628333537
792,896,104,0.104,0.3332121810093522
758,879,121,0.121,0.3228620110193733
820,910,90,0.09,0.3157506572380662
730,865,135,0.135,0.3102224480020814
738,869,131,0.131,0.31121308958530425
736,868,132,0.132,0.30397012693434955
746,873,127,0.127,0.23463428423553706
732,866,134,0.134,0.2751074897646904
712,856,144,0.144,0.25082786379118627
768,884,116,0.116,0.24269667288755598
712,856,144,0.144,0.266616281658411
706,853,147,0.147,0.24542094879131765
744,872,128,0.128,0.24475827426090838
812,906,94,0.094,0.21373931157309561
700,850,150,0.15,0.2417497538179159
784,892,108,0.108,0.23377925469155889
828,914,86,0.086,0.22759137170016766
762,881,119,0.119,0.24705710583925247
800,900,100,0.1,0.22142851636372507
784,892,108,0.108,0.2291655096448958
752,876,124,0.124,0.2496363271858611
764,882,118,0.118,0.2566839671358466
728,864,136,0.136,0.2502596037015319
734,867,133,0.133,0.24528948808740825
770,885,115,0.115,0.24736529957770836
728,864,136,0.136,0.26911006796360015
710,855,145,0.145,0.2565426483117044
812,906,94,0.094,0.21727570804953575
792,896,104,0.104,0.2316935058273375
708,854,146,0.146,0.24394874738927774
736,868,132,0.132,0.23334351617097854
746,873,127,0.127,0.24100529136705837
796,898,102,0.102,0.23233761717192827
794,897,103,0.103,0.2099920222684741
740,870,130,0.13,0.23578967231325806
752,876,124,0.124,0.22303035815927433
726,863,137,0.137,0.21723710766807197
812,906,94,0.094,0.20836567326567798
808,904,96,0.096,0.17932820643670858
732,866,134,0.134,0.2156803665161221
776,888,112,0.112,0.19044944658875465
768,884,116,0.116,0.1927846749611199
744,872,128,0.128,0.21045866922693676
790,895,105,0.105,0.18896481743827462
794,897,103,0.103,0.19288949613273143
804,902,98,0.098,0.18727068687789142
752,876,124,0.124,0.19746482004597782
790,895,105,0.105,0.21384549575299025
792,896,104,0.104,0.19816592115536333
710,855,145,0.145,0.21516385290026666
784,892,108,0.108,0.19471333087236417
766,883,117,0.117,0.2098996353491675
712,856,144,0.144,0.21613366138003767
826,913,87,0.087,0.2040814193618753
734,867,133,0.133,0.2114641038956871
722,861,139,0.139,0.2300898547571851
774,887,113,0.113,0.2203039580608165
812,906,94,0.094,0.22005387897521722
794,897,103,0.103,0.2021395967565477
782,891,109,0.109,0.22848361335071968
674,837,163,0.163,0.23462368635088204
720,860,140,0.14,0.23277499091118806
734,867,133,0.133,0.22604874407872558
708,854,146,0.146,0.23115689929388464
770,885,115,0.115,0.22588501007146095
724,862,138,0.138,0.21541968364776745
748,874,126,0.126,0.22574202652275563
776,888,112,0.112,0.20859910330903306
708,854,146,0.146,0.2189514035343891
784,892,108,0.108,0.20299804047235534
740,870,130,0.13,0.22099076250879482
740,870,130,0.13,0.21916949029732496
780,890,110,0.11,0.20151666094593046
772,886,114,0.114,0.19676181042939425
812,906,94,0.094,0.18367875929921865
744,872,128,0.128,0.2101885478477925
780,890,110,0.11,0.18881814344786108
742,871,129,0.129,0.19727489107474686
754,877,123,0.123,0.20319938013784122
830,915,85,0.085,0.16775324568897484
716,858,142,0.142,0.21047844557091594
722,861,139,0.139,0.19228881985321641
726,863,137,0.137,0.19690026084967394
786,893,107,0.107,0.18775309405103327
760,880,120,0.12,0.2056310165822235
744,872,128,0.128,0.20563751983828865
724,862,138,0.138,0.2057361960541457
788,894,106,0.106,0.18996148688346148
724,862,138,0.138,0.2024018099755049
776,888,112,0.112,0.17905371710727921
768,884,116,0.116,0.19463247756353372
784,892,108,0.108,0.17879907664568379
732,866,134,0.134,0.18530870493501425
798,899,101,0.101,0.18908850160287693
796,898,102,0.102,0.1678394270837307
818,909,91,0.091,0.16843952481634916
752,876,124,0.124,0.19193987807631493
786,893,107,0.107,0.18642712966725805
778,889,111,0.111,0.17861583323906643
842,921,79,0.079,0.1819386365661656
714,857,143,0.143,0.2230039667636156
716,858,142,0.142,0.2035964789763093
806,903,97,0.097,0.18519929289701395
748,874,126,0.126,0.19480919204295777
766,883,117,0.117,0.20392203062027692
728,864,136,0.136,0.1956986581215715
756,878,122,0.122,0.1970053869915335
746,873,127,0.127,0.20241394569733528
802,901,99,0.099,0.19663971558213234
726,863,137,0.137,0.20039756455303176
780,890,110,0.11,0.19285314355790614
770,885,115,0.115,0.1964851592630148
798,899,101,0.101,0.19801697770133614
796,898,102,0.102,0.19350792598488534
730,865,135,0.135,0.20791027825797262
752,876,124,0.124,0.20930799908936024
842,921,79,0.079,0.18235389997065068
756,878,122,0.122,0.20067077150940896
780,890,110,0.11,0.20279146492108702
766,883,117,0.117,0.20528965926915407
772,886,114,0.114,0.2032918813186907
806,903,97,0.097,0.20413368440307533
762,881,119,0.119,0.22122009539231657
760,880,120,0.12,0.20851599553227423
748,874,126,0.126,0.23180331533402268
782,891,109,0.109,0.21597937728464603
752,876,124,0.124,0.21365922028152273
698,849,151,0.151,0.2522492742835575
798,899,101,0.101,0.2261926292926073
792,896,104,0.104,0.22567787367291747
790,895,105,0.105,0.24177706550743874
704,852,148,0.148,0.265362164284334
790,895,105,0.105,0.24074195338413118
710,855,145,0.145,0.25047203947615343
676,838,162,0.162,0.2913764096852392
770,885,115,0.115,0.2615974185857928
788,894,106,0.106,0.2543942584320903
834,917,83,0.083,0.23473172787204385
824,912,88,0.088,0.24519302842766047
762,881,119,0.119,0.2616909028640221
712,856,144,0.144,0.2519847399815917
726,863,137,0.137,0.2624811666784503
802,901,99,0.099,0.24248642779655732
772,886,114,0.114,0.25945771524533734
772,886,114,0.114,0.25832466327218573
752,876,124,0.124,0.26558812357608536
764,882,118,0.118,0.2486684302985668
800,900,100,0.1,0.24349513177620247
758,879,121,0.121,0.2611715756659396
786,893,107,0.107,0.26395988323831965
716,858,142,0.142,0.29075550808012485
718,859,141,0.141,0.3047986987966724
736,868,132,0.132,0.2909770135805011
742,871,129,0.129,0.28771021649148315
800,900,100,0.1,0.30304802917130574
758,879,121,0.121,0.2951368933841586
786,893,107,0.107,0.2843868324831128
802,901,99,0.099,0.29864938660978807
754,877,123,0.123,0.3035725704729557
736,868,132,0.132,0.30183521668426694
754,877,123,0.123,0.3080371959276963
748,874,126,0.126,0.33712154896371066
752,876,124,0.124,0.3166315390872774
808,904,96,0.096,0.31742612123116853
792,896,104,0.104,0.31775828027073294
726,863,137,0.137,0.3297073732391045
810,905,95,0.095,0.29971909990161655
738,869,131,0.131,0.3139383515253412
744,872,128,0.128,0.30758222545683384
754,877,123,0.123,0.3070999324694276
810,905,95,0.095,0.3004784732982516
766,883,117,0.117,0.2944989184990966
778,889,111,0.111,0.2925847701355815
704,852,148,0.148,0.3418376508442677
772,886,114,0.114,0.31527927458883487
758,879,121,0.121,0.3128715815991163
814,907,93,0.093,0.29800319475773723
798,899,101,0.101,0.3108454581006372
706,853,147,0.147,0.34303365555191884
780,890,110,0.11,0.32194863618165254
756,878,122,0.122,0.34939733842760323
760,880,120,0.12,0.3413849079459906
706,853,147,0.147,0.3709478504044928
776,888,112,0.112,0.3461137896922883
746,873,127,0.127,0.3762902865856886
738,869,131,0.131,0.35037539815157653
754,877,123,0.123,0.3961372591489926
804,902,98,0.098,0.39274645972345024
738,869,131,0.131,0.3764402757801592
720,860,140,0.14,0.3748510596525157
790,895,105,0.105,0.3759442573506385
738,869,131,0.131,0.36659564905660225
748,874,126,0.126,0.3833350992463529
760,880,120,0.12,0.37884785097680385
748,874,126,0.126,0.38964798229932784
764,882,118,0.118,0.37370672188699244
804,902,98,0.098,0.367796656168129
670,835,165,0.165,0.40112468455383754
784,892,108,0.108,0.3710606443211436
768,884,116,0.116,0.3617229434922338
768,884,116,0.116,0.3867324868013571
752,876,124,0.124,0.39198520669341086
752,876,124,0.124,0.3972634138688445
760,880,120,0.12,0.3646843791559804
736,868,132,0.132,0.3894155001565814
752,876,124,0.124,0.3776644562780857
822,911,89,0.089,0.37197189407423137
672,836,164,0.164,0.4378296635448933
762,881,119,0.119,0.425083511076878
770,885,115,0.115,0.38993599243462085
718,859,141,0.141,0.43097098244726656
770,885,115,0.115,0.41019458338432013
738,869,131,0.131,0.4095336778908968
718,859,141,0.141,0.4014149802675689
824,912,88,0.088,0.39001975940167904
810,905,95,0.095,0.379636368510503
768,884,116,0.116,0.43258238045871256
792,896,104,0.104,0.39451953779906035
728,864,136,0.136,0.4251150298975408
750,875,125,0.125,0.40428055362869053
738,869,131,0.131,0.4115444093346596
744,872,128,0.128,0.41795507582556457
726,863,137,0.137,0.43331429801881316
724,862,138,0.138,0.398904958255589
750,875,125,0.125,0.4125583906546235
792,896,104,0.104,0.3828213800437852
696,848,152,0.152,0.395587475027889
780,890,110,0.11,0.39578575851023196
736,868,132,0.132,0.41140225673723035
770,885,115,0.115,0.40842749001830814
782,891,109,0.109,0.37258218874037263
732,866,134,0.134,0.3960346726849675
736,868,132,0.132,0.4019772682264447
802,901,99,0.099,0.3924251303002238
786,893,107,0.107,0.3795785314403474
782,891,109,0.109,0.3752356267273426
730,865,135,0.135,0.3881840403582901
790,895,105,0.105,0.39511249314815905
748,874,126,0.126,0.39765353018013866
760,880,120,0.12,0.39606104715537366
714,857,143,0.143,0.4157896125333212
778,889,111,0.111,0.40276769753863995
754,877,123,0.123,0.3769280099863612
742,871,129,0.129,0.41023536744713784
796,898,102,0.102,0.380640365952444
776,888,112,0.112,0.39641060128062966
748,874,126,0.126,0.4230954300314188
800,900,100,0.1,0.39499676871299744
724,862,138,0.138,0.43578462906181814
794,897,103,0.103,0.39122258995100856
818,909,91,0.091,0.3865793809964347
808,904,96,0.096,0.37764189771751183
714,857,143,0.143,0.4172779410406947
782,891,109,0.109,0.4039628622301207
794,897,103,0.103,0.41368745698779824
692,846,154,0.154,0.4317327669165097
708,854,146,0.146,0.4419537414163351
676,838,162,0.162,0.45175250629516084
712,856,144,0.144,0.41867120989225803
712,856,144,0.144,0.429613178555137
730,865,135,0.135,0.43912232675403357
790,895,105,0.105,0.44006686328351496
704,852,148,0.148,0.450533137160819
738,869,131,0.131,0.42754859929531813
774,887,113,0.113,0.42453477344848217
764,882,118,0.118,0.42656348338783656
768,884,116,0.116,0.44305289056152103
762,881,119,0.119,0.4411834986880422
784,892,108,0.108,0.41733264914155005
714,857,143,0.143,0.46025671128928664
786,893,107,0.107,0.4430573233995293
798,899,101,0.101,0.4158964795134962
710,855,145,0.145,0.4388081605437558
714,857,143,0.143,0.40529578045582465
770,885,115,0.115,0.4407476665191352
750,875,125,0.125,0.41313835021969864
752,876,124,0.124,0.42892454357817766
796,898,102,0.102,0.40344421827048066
768,884,116,0.116,0.3882849882990122
698,849,151,0.151,0.39968559515299784
774,887,113,0.113,0.4086862554624677
702,851,149,0.149,0.40370637642825025
738,869,131,0.131,0.4130132374364985
774,887,113,0.113,0.39763909377157686
730,865,135,0.135,0.40040015196999823
834,917,83,0.083,0.388279334127903
706,853,147,0.147,0.45946820705384017
772,886,114,0.114,0.4219464793492516
760,880,120,0.12,0.42073931398242714
714,857,143,0.143,0.4246406498402357
758,879,121,0.121,0.44286704803071913
690,845,155,0.155,0.4388473174870014
744,872,128,0.128,0.4413951503634453
704,852,148,0.148,0.4775694344252115
722,861,139,0.139,0.5181704524905231
722,861,139,0.139,0.5073240173012018
726,863,137,0.137,0.5052638783752919
692,846,154,0.154,0.5030373992472887
754,877,123,0.123,0.4943867063969374
758,879,121,0.121,0.4991688197478652
692,846,154,0.154,0.5380738613903523
830,915,85,0.085,0.4806655493080616
756,878,122,0.122,0.5146492029093206
766,883,117,0.117,0.5097012008726597
752,876,124,0.124,0.5129580156840093
762,881,119,0.119,0.5025097806751728
734,867,133,0.133,0.518873411975801
784,892,108,0.108,0.49514566916413605
800,900,100,0.1,0.4923522388339043
762,881,119,0.119,0.5033383402101026
740,870,130,0.13,0.5185619831457734
766,883,117,0.117,0.5006841624388472
796,898,102,0.102,0.502990895792842
774,887,113,0.113,0.4984647622555494
758,879,121,0.121,0.5202297080755234
736,868,132,0.132,0.5196861305866096
776,888,112,0.112,0.5280124263521284
780,890,110,0.11,0.5443048662245273
784,892,108,0.108,0.5203345908112824
734,867,133,0.133,0.5456395886267449
732,866,134,0.134,0.5451326061954606
808,904,96,0.096,0.5553277224600315
718,859,141,0.141,0.5582360231876373
658,829,171,0.171,0.5892446195259691
746,873,127,0.127,0.586568382769823
730,865,135,0.135,0.5750975351631641
742,871,129,0.129,0.6060237829992547
748,874,126,0.126,0.6146326164230704
692,846,154,0.154,0.6131398373022167
732,866,134,0.134,0.6049479007422924
758,879,121,0.121,0.6142855803481038
794,897,103,0.103,0.5932076585496429
776,888,112,0.112,0.6080775661543012
778,889,111,0.111,0.6209864174425602
810,905,95,0.095,0.6015259044577961
712,856,144,0.144,0.6307228614900228
768,884,116,0.116,0.6304313685968518
776,888,112,0.112,0.615099987372756
732,866,134,0.134,0.6072040384650436
780,890,110,0.11,0.6095394668187946
796,898,102,0.102,0.6118027718683484
710,855,145,0.145,0.6314471812322736
736,868,132,0.132,0.604193277284503
790,895,105,0.105,0.6241270152330398
754,877,123,0.123,0.6364041764698922
726,863,137,0.137,0.6177360965758489
746,873,127,0.127,0.61633249373734
782,891,109,0.109,0.5984904999919236
708,854,146,0.146,0.6261414333129014
682,841,159,0.159,0.6149444425124675
754,877,123,0.123,0.5884817643016577
782,891,109,0.109,0.5820091886222363
794,897,103,0.103,0.5909848564981949
738,869,131,0.131,0.5717630855292082
722,861,139,0.139,0.5903311057625833
772,886,114,0.114,0.5754942874908447
740,870,130,0.13,0.5746241329163313
772,886,114,0.114,0.5837228226810693
772,886,114,0.114,0.5654079416692257
724,862,138,0.138,0.575714567122981
742,871,129,0.129,0.563012899518013
750,875,125,0.125,0.5392619527131319
768,884,116,0.116,0.5602971447557211
762,881,119,0.119,0.5364696903079749
734,867,133,0.133,0.5342846853388473
714,857,143,0.143,0.53964317253232
794,897,103,0.103,0.4915802356004715
752,876,124,0.124,0.49110946559160945
782,891,109,0.109,0.5003940267264843
792,896,104,0.104,0.4809349460874155
720,860,140,0.14,0.5005501075983048
782,891,109,0.109,0.47951867107450347
746,873,127,0.127,0.47706860484858044
752,876,124,0.124,0.48463819692691423
760,880,120,0.12,0.4558460881258361
724,862,138,0.138,0.48770241470914333
732,866,134,0.134,0.47672045388817785
788,894,106,0.106,0.4733567175699864
774,887,113,0.113,0.4677944914959371
728,864,136,0.136,0.4804836986884475
692,846,154,0.154,0.4772896883492358
802,901,99,0.099,0.46034543979167936
740,870,130,0.13,0.4742821980714798
778,889,111,0.111,0.45530018557608126
744,872,128,0.128,0.4616587949164932
740,870,130,0.13,0.4579822035965044
732,866,134,0.134,0.4455710299669934
810,905,95,0.095,0.4347195987952873
766,883,117,0.117,0.44430555993002974
784,892,108,0.108,0.45669474034011365
774,887,113,0.113,0.45850393491983416
720,860,140,0.14,0.45933260818058624
816,908,92,0.092,0.3984921958744526
764,882,118,0.118,0.42487033139169217
770,885,115,0.115,0.44017639284842697
768,884,116,0.116,0.4345081937221985
742,871,129,0.129,0.39441340215178206
770,885,115,0.115,0.39821972369775177
764,882,118,0.118,0.39989455795375395
748,874,126,0.126,0.3932493415486533
792,896,104,0.104,0.38187738932669163
874,937,63,0.063,0.33889229639505597
768,884,116,0.116,0.36217363399267194
678,839,161,0.161,0.38410455790334297
792,896,104,0.104,0.33471825143508616
710,855,145,0.145,0.37323113168030975
812,906,94,0.094,0.3371783050827517
758,879,121,0.121,0.3559502048045397
750,875,125,0.125,0.33774391235411166
746,873,127,0.127,0.32917560947919267
752,876,124,0.124,0.3351732497215271
714,857,143,0.143,0.34849607913196085
820,910,90,0.09,0.3246200103903158
758,879,121,0.121,0.3504004206508398
768,884,116,0.116,0.34547354040298694
744,872,128,0.128,0.35051814607391135
726,863,137,0.137,0.3531290101464838
724,862,138,0.138,0.3656869643595008
796,898,102,0.102,0.333761558432132
770,885,115,0.115,0.3724172280270268
748,874,126,0.126,0.34985493978857996
726,863,137,0.137,0.3565733442008495
802,901,99,0.099,0.33827981865406037
766,883,117,0.117,0.3497956597059965
760,880,120,0.12,0.3524308869542458
798,899,101,0.101,0.32531069447100164
724,862,138,0.138,0.3403247359336237
828,914,86,0.086,0.33277786867790926
764,882,118,0.118,0.3322824202775955
780,890,110,0.11,0.3221468989656314
818,909,91,0.091,0.3199970157146454
756,878,122,0.122,0.31930917747318743
740,870,130,0.13,0.3126595563502051
776,888,112,0.112,0.3139345537452741
732,866,134,0.134,0.3181742950713507
664,832,168,0.168,0.33345062351226806
786,893,107,0.107,0.2868665418364936
810,905,95,0.095,0.29973054547607897
734,867,133,0.133,0.30698228116593174
800,900,100,0.1,0.27981779884547
782,891,109,0.109,0.30098205310851334
760,880,120,0.12,0.2937777427434921
798,899,101,0.101,0.26995267874747514
724,862,138,0.138,0.2894442373272041
768,884,116,0.116,0.27132874048198574
756,878,122,0.122,0.27965201840159987
790,895,105,0.105,0.28385112912580374
724,862,138,0.138,0.26990042058180563
772,886,114,0.114,0.2720347288753837
752,876,124,0.124,0.27720909503847363
774,887,113,0.113,0.23522162645152833
758,879,121,0.121,0.2660992009025067
752,876,124,0.124,0.25309481600672007
670,835,165,0.165,0.2716709043257082
748,874,126,0.126,0.22849931955672137
782,891,109,0.109,0.21297408582270144
768,884,116,0.116,0.21400404109572993
820,910,90,0.09,0.20483089644479469
802,901,99,0.099,0.21272019743302303
790,895,105,0.105,0.2099298953972757
738,869,131,0.131,0.2178216632215333
718,859,141,0.141,0.22472005575353757
756,878,122,0.122,0.20704456170851993
760,880,120,0.12,0.21072274113539607
760,880,120,0.12,0.225188407874899
770,885,115,0.115,0.22135597596427398
738,869,131,0.131,0.22808502471633255
774,887,113,0.113,0.20182145269960164
742,871,129,0.129,0.21720683929462392
812,906,94,0.094,0.19822844762727618
794,897,103,0.103,0.21241825756172103
856,928,72,0.072,0.18181761783453113
714,857,143,0.143,0.23391278467892027
726,863,137,0.137,0.20108699758397416
752,876,124,0.124,0.2076460359750199
738,869,131,0.131,0.19976158564165233
788,894,106,0.106,0.18639081731438636
740,870,130,0.13,0.19198286852356977
772,886,114,0.114,0.19245051676914704
742,871,129,0.129,0.18200357676297427
744,872,128,0.128,0.20270809648750582
786,893,107,0.107,0.1861985199674964
798,899,101,0.101,0.16516449385299348
758,879,121,0.121,0.17791404402212316
760,880,120,0.12,0.16467762074247003
740,870,130,0.13,0.17298351018922403
726,863,137,0.137,0.1566398276006221
846,923,77,0.077,0.1459299286529422
750,875,125,0.125,0.16636629943456502
750,875,125,0.125,0.1591795561760664
778,889,111,0.111,0.14688586620474234
788,894,106,0.106,0.1388307856749743
764,882,118,0.118,0.16289096877351403
746,873,127,0.127,0.16875913321971894
758,879,121,0.121,0.16475015456281436
702,851,149,0.149,0.16793700457830005
808,904,96,0.096,0.14758289615102693
750,875,125,0.125,0.17065011193688873
782,891,109,0.109,0.15841125864399147
796,898,102,0.102,0.15705701820924878
754,877,123,0.123,0.16613174803659786
772,886,114,0.114,0.1579575959856243
758,879,121,0.121,0.14823331215418878
702,851,149,0.149,0.17334804151579739
744,872,128,0.128,0.1607571570925138
762,881,119,0.119,0.1591430851314217
780,890,110,0.11,0.15928150140866637
734,867,133,0.133,0.1380359271920054
748,874,126,0.126,0.15712900742569474
800,900,100,0.1,0.13789907884044805
724,862,138,0.138,0.1313022990555619
762,881,119,0.119,0.12430429544392974
740,870,130,0.13,0.11668497157447759
818,909,91,0.091,0.12448217571783143
794,897,103,0.103,0.11970431540344995
786,893,107,0.107,0.12889158545201646
744,872,128,0.128,0.12669873024630385
684,842,158,0.158,0.1305641701668501
808,904,96,0.096,0.12107759589701893
804,902,98,0.098,0.10675080661179202
808,904,96,0.096,0.11684909549567965
792,896,104,0.104,0.11166416046489032
766,883,117,0.117,0.12723775037005544
736,868,132,0.132,0.12433282412216068
770,885,115,0.115,0.13499922903999687
744,872,128,0.128,0.13505404053261735
722,861,139,0.139,0.1568058692533523
774,887,113,0.113,0.16385290376469494
776,888,112,0.112,0.17329805408790708
780,890,110,0.11,0.1616821646466851
732,866,134,0.134,0.17365654562972485
758,879,121,0.121,0.1516187962256372
710,855,145,0.145,0.16776141698285937
734,867,133,0.133,0.1649333529062569
724,862,138,0.138,0.16274537283740936
780,890,110,0.11,0.15139063710719355
796,898,102,0.102,0.14548126403169068
780,890,110,0.11,0.16204870539158583
782,891,109,0.109,0.15509249594900756
744,872,128,0.128,0.1434363903410274
728,864,136,0.136,0.14909350255039489
794,897,103,0.103,0.13562683029472827
720,860,140,0.14,0.15339679759182037
746,873,127,0.127,0.14310776355490087
754,877,123,0.123,0.13972525660134852
778,889,111,0.111,0.13940151365204262
780,890,110,0.11,0.12905468540638684
782,891,109,0.109,0.14404595179855822
762,881,119,0.119,0.14655593544221482
714,857,143,0.143,0.14937027786236284
722,861,139,0.139,0.16305417867260985
792,896,104,0.104,0.13151000062063503
752,876,124,0.124,0.1582016116702289
782,891,109,0.109,0.14102005254104732
788,894,106,0.106,0.12899168008327253
800,900,100,0.1,0.14374377594923135
720,860,140,0.14,0.14290897454228252
780,890,110,0.11,0.134784526553005
796,898,102,0.102,0.12827655315818265
746,873,127,0.127,0.1446382388919592
766,883,117,0.117,0.1358463055824395
760,880,120,0.12,0.15527114728465677
744,872,128,0.128,0.15478715055435896
784,892,108,0.108,0.12906628880859353
814,907,93,0.093,0.11980959211743902
770,885,115,0.115,0.12703054697869812
772,886,114,0.114,0.12488460930919412
762,881,119,0.119,0.13381325073642153
760,880,120,0.12,0.13046206652546244
714,857,143,0.143,0.1366774772972567
748,874,126,0.126,0.13000031451508404
744,872,128,0.128,0.12693845341471025
752,876,124,0.124,0.1251892680193705
704,852,148,0.148,0.14089918484436306
798,899,101,0.101,0.12971283843182027
776,888,112,0.112,0.13971462706383317
732,866,134,0.134,0.1485135601311922
752,876,124,0.124,0.1417081896122545
830,915,85,0.085,0.12684734768723138
812,906,94,0.094,0.13695497526274994
772,886,114,0.114,0.1425579155087471
816,908,92,0.092,0.1455005179521395
732,866,134,0.134,0.1600964186519068
750,875,125,0.125,0.15999846341006924
776,888,112,0.112,0.16310671359766274
784,892,108,0.108,0.1560763495126739
712,856,144,0.144,0.1582465878669609
814,907,93,0.093,0.14640380876604467
730,865,135,0.135,0.15365985393880693
728,864,136,0.136,0.16333828341640766
764,882,118,0.118,0.1617213828121312
718,859,141,0.141,0.16470613589696587
784,892,108,0.108,0.15819110447166534
746,873,127,0.127,0.1548311881907284
792,896,104,0.104,0.14833823800459503
758,879,121,0.121,0.16335775539837777
758,879,121,0.121,0.16071116177132352
798,899,101,0.101,0.15752977272029967
752,876,124,0.124,0.16681279310680838
750,875,125,0.125,0.183235254326637
678,839,161,0.161,0.2051229970266472
768,884,116,0.116,0.19035077053681015
744,872,128,0.128,0.17113707441967155
774,887,113,0.113,0.17578297075163163
750,875,125,0.125,0.18413278430368882
772,886,114,0.114,0.17587924363772617
774,887,113,0.113,0.16753145479783416
772,886,114,0.114,0.17863673002971336
822,911,89,0.089,0.17944626186043025
716,858,142,0.142,0.17944635579630266
732,866,134,0.134,0.18989880682919466
734,867,133,0.133,0.1910205115042627
788,894,106,0.106,0.1706559902634035
742,871,129,0.129,0.19266075210360578
750,875,125,0.125,0.18932781797813003
756,878,122,0.122,0.1900519067781279
728,864,136,0.136,0.20550439607631416
720,860,140,0.14,0.20876362116146346
744,872,128,0.128,0.20206531415879728
770,885,115,0.115,0.21112923307716847
814,907,93,0.093,0.18321918938308954
754,877,123,0.123,0.1941623787470162
780,890,110,0.11,0.20144307650253176
746,873,127,0.127,0.19975791477411986
720,860,140,0.14,0.21572448211011944
718,859,141,0.141,0.2279985500387848
714,857,143,0.143,0.207619752945496
754,877,123,0.123,0.2053976586330682
798,899,101,0.101,0.20589956688680128
758,879,121,0.121,0.21749809543788434
780,890,110,0.11,0.21664753779768944
786,893,107,0.107,0.204824056237936
734,867,133,0.133,0.2269885026998818
786,893,107,0.107,0.21787260530679486
760,880,120,0.12,0.20604062039023513
772,886,114,0.114,0.2180061751869507
782,891,109,0.109,0.1995605402480578
730,865,135,0.135,0.2059725398570299
712,856,144,0.144,0.23051820035949822
792,896,104,0.104,0.21814142282281962
780,890,110,0.11,0.20205976377913615
776,888,112,0.112,0.20429942194782574
716,858,142,0.142,0.23614688835030576
754,877,123,0.123,0.2200004863885051
806,903,97,0.097,0.20947136939549818
768,884,116,0.116,0.24216751335561276
770,885,115,0.115,0.24279970448076166
770,885,115,0.115,0.2335161505509168
752,876,124,0.124,0.23102277653687633
710,855,145,0.145,0.2273404981447384
720,860,140,0.14,0.2538578499366995
768,884,116,0.116,0.22934695378556716
758,879,121,0.121,0.22473451475985348
730,865,135,0.135,0.26629555378109215
754,877,123,0.123,0.24231212575931568
768,884,116,0.116,0.23067672893777488
748,874,126,0.126,0.22247650585723575
746,873,127,0.127,0.21831172105297447
798,899,101,0.101,0.21773500127210263
756,878,122,0.122,0.21051326890116956
748,874,126,0.126,0.21531274111568927
802,901,99,0.099,0.20533697167514406
712,856,144,0.144,0.23499257820856279
770,885,115,0.115,0.20246151825925335
812,906,94,0.094,0.20580914486018265
706,853,147,0.147,0.21420817755186
762,881,119,0.119,0.20198020789911972
766,883,117,0.117,0.2038139028828591
770,885,115,0.115,0.21352549496103138
752,876,124,0.124,0.20124522387283167
754,877,123,0.123,0.20478299424703428
774,887,113,0.113,0.2213925755620003
806,903,97,0.097,0.20856324463710188
762,881,119,0.119,0.22453110963851214
668,834,166,0.166,0.23444688937684122
694,847,153,0.153,0.21552040047401352
752,876,124,0.124,0.21071044492081273
776,888,112,0.112,0.21475373791251332
758,879,121,0.121,0.22010677623195807
768,884,116,0.116,0.19969310503522866
798,899,101,0.101,0.20944197792420163
790,895,105,0.105,0.2144719709106721
716,858,142,0.142,0.22774690556534297
768,884,116,0.116,0.22718325190339236
798,899,101,0.101,0.22044439543926272
764,882,118,0.118,0.21830165041680447
684,842,158,0.158,0.22893700843397527
776,888,112,0.112,0.18900372773833807
768,884,116,0.116,0.20891192033395492
790,895,105,0.105,0.20485039900988342
790,895,105,0.105,0.19151300513371824
816,908,92,0.092,0.19446098554410857
792,896,104,0.104,0.184775645904243
740,870,130,0.13,0.19072626582121519
774,887,113,0.113,0.19589703810685666
754,877,123,0.123,0.19791506303474307
794,897,103,0.103,0.19277503445977345
716,858,142,0.142,0.19572127270046621
778,889,111,0.111,0.1908050678897826
814,907,93,0.093,0.18239725073435842
754,877,123,0.123,0.19440003316104412
774,887,113,0.113,0.20430768353303755
778,889,111,0.111,0.20244074768247083
724,862,138,0.138,0.22421289396933936
750,875,125,0.125,0.25720847861468793
720,860,140,0.14,0.2271332748606801
744,872,128,0.128,0.22451549527265388
820,910,90,0.09,0.21951746611236012
758,879,121,0.121,0.2183719874660456
722,861,139,0.139,0.23626516945670406
762,881,119,0.119,0.21559430310972222
760,880,120,0.12,0.2408220429494977
768,884,116,0.116,0.22123807916790247
782,891,109,0.109,0.22053649984300142
742,871,129,0.129,0.23386842311918735
770,885,115,0.115,0.22048886759352654
776,888,112,0.112,0.22661433046267332
776,888,112,0.112,0.23622957655601204
728,864,136,0.136,0.2419462350000381
802,901,99,0.099,0.22634213709491816
842,921,79,0.079,0.2229473013356328
782,891,109,0.109,0.2422788181900978
744,872,128,0.128,0.24150314676475138
760,880,120,0.12,0.2355862799002789
720,860,140,0.14,0.2357379061107058
734,867,133,0.133,0.2626854476326589
750,875,125,0.125,0.24554258072003723
734,867,133,0.133,0.2744488256518074
782,891,109,0.109,0.2711111091002822
712,856,144,0.144,0.2757187712043524
742,871,129,0.129,0.26991994565249317
730,865,135,0.135,0.27167658890224994
796,898,102,0.102,0.25648410400375726
774,887,113,0.113,0.3019342459344771
736,868,132,0.132,0.3043019514577463
724,862,138,0.138,0.3131590741723776
830,915,85,0.085,0.2897794994041324
724,862,138,0.138,0.29323426686479825
752,876,124,0.124,0.3191684896913357
784,892,108,0.108,0.30687175601787475
712,856,144,0.144,0.3333291584464811
716,858,142,0.142,0.34415942004351074
802,901,99,0.099,0.3236083333130034
790,895,105,0.105,0.37255788906022547
760,880,120,0.12,0.3928180675720796
780,890,110,0.11,0.37873320052912457
770,885,115,0.115,0.3748260374474339
744,872,128,0.128,0.4097463995364542
794,897,103,0.103,0.3673797658383846
770,885,115,0.115,0.40436383508518337
728,864,136,0.136,0.3940248297083126
758,879,121,0.121,0.3861305718049407
678,839,161,0.161,0.4128470637128001
736,868,132,0.132,0.40416251347968135
750,875,125,0.125,0.3937605830281973
756,878,122,0.122,0.40349773655370713
738,869,131,0.131,0.39422130750069573
746,873,127,0.127,0.41853108403344214
744,872,128,0.128,0.40022037834348156
848,924,76,0.076,0.4208241687119007
708,854,146,0.146,0.4900119079761207
770,885,115,0.115,0.4420828005365911
738,869,131,0.131,0.48517634683847427
776,888,112,0.112,0.46151543997228145
822,911,89,0.089,0.46927753365039826
732,866,134,0.134,0.4675839917063713
758,879,121,0.121,0.47467871114611626
800,900,100,0.1,0.4631004557386041
762,881,119,0.119,0.4773283792172151
824,912,88,0.088,0.46793982297554615
768,884,116,0.116,0.4890802675485611
746,873,127,0.127,0.4831708511710167
732,866,134,0.134,0.4935989428225439
722,861,139,0.139,0.5166361317138425
802,901,99,0.099,0.4939447270212695
784,892,108,0.108,0.5440008895546198
724,862,138,0.138,0.5407141411799785
780,890,110,0.11,0.5348396065980195
718,859,141,0.141,0.5351268736124039
710,855,145,0.145,0.5413166397167369
718,859,141,0.141,0.5250222842993064
774,887,113,0.113,0.5198396048095917
748,874,126,0.126,0.5294295449405909
726,863,137,0.137,0.5311572016850113
748,874,126,0.126,0.5304681291803718
742,871,129,0.129,0.5363063790090404
760,880,120,0.12,0.5187762208804488
730,865,135,0.135,0.5175186103060841
734,867,133,0.133,0.5245357536466981
756,878,122,0.122,0.5038918598573658
740,870,130,0.13,0.522719139125099
764,882,118,0.118,0.5205580841163026
780,890,110,0.11,0.519617641654766
758,879,121,0.121,0.5260313881994225
738,869,131,0.131,0.5290274485498667
716,858,142,0.142,0.537740394756198
728,864,136,0.136,0.5285400286135263
746,873,127,0.127,0.5543615405410528
756,878,122,0.122,0.5319623362738639
746,873,127,0.127,0.5363089089877904
738,869,131,0.131,0.5369867105360617
720,860,140,0.14,0.5425925563369706
724,862,138,0.138,0.5132492747455836
720,860,140,0.14,0.5222085731156344
748,874,126,0.126,0.5349895725236274
748,874,126,0.126,0.5296409845650196
744,872,128,0.128,0.5134360473304987
784,892,108,0.108,0.5111095940768718
792,896,104,0.104,0.5213442047834397
782,891,109,0.109,0.5138755307644606
718,859,141,0.141,0.5095181532306451
742,871,129,0.129,0.5305735414773226
800,900,100,0.1,0.5063847212102264
724,862,138,0.138,0.5076435495018959
762,881,119,0.119,0.48636128990584987
780,890,110,0.11,0.48332090555969626
708,854,146,0.146,0.5087378685202811
732,866,134,0.134,0.5091673636969645
708,854,146,0.146,0.5070984946787357
768,884,116,0.116,0.4886619310826063
810,905,95,0.095,0.47476901992817877
764,882,118,0.118,0.47810948395566083
752,876,124,0.124,0.5012627568691969
744,872,128,0.128,0.49758019080088706
766,883,117,0.117,0.4951641113976979
782,891,109,0.109,0.49356534264981744
732,866,134,0.134,0.4882805098425597
716,858,142,0.142,0.5071314490959048
786,893,107,0.107,0.4928086133003235
774,887,113,0.113,0.5007800789745525
710,855,145,0.145,0.5037511741151102
718,859,141,0.141,0.5242511265318608
744,872,128,0.128,0.5292985685374285
810,905,95,0.095,0.5232016158998013
754,877,123,0.123,0.5436885815262794
742,871,129,0.129,0.5270062827337533
798,899,101,0.101,0.5115182422717335
806,903,97,0.097,0.5443858594149351
752,876,124,0.124,0.5286551208496094
718,859,141,0.141,0.5619053206145763
768,884,116,0.116,0.524425054937601
752,876,124,0.124,0.5408053288403899
726,863,137,0.137,0.5589753767531205
764,882,118,0.118,0.5316451487358427
726,863,137,0.137,0.5647038168724102
706,853,147,0.147,0.572417680256447
748,874,126,0.126,0.5696686154901981
754,877,123,0.123,0.5677859530066403
766,883,117,0.117,0.5720192840739328
756,878,122,0.122,0.5929710635691882
732,866,134,0.134,0.5922075266817353
800,900,100,0.1,0.5800801731124521
714,857,143,0.143,0.6207738096867926
716,858,142,0.142,0.6367676681578159
786,893,107,0.107,0.6269866309314966
732,866,134,0.134,0.6344258123636246
772,886,114,0.114,0.6234424621569924
772,886,114,0.114,0.6188763202503323
768,884,116,0.116,0.6297302281111479
722,861,139,0.139,0.6529566834511813
740,870,130,0.13,0.644130206272006
754,877,123,0.123,0.6868268555104733
738,869,131,0.131,0.6761293407976627
740,870,130,0.13,0.6997163752795839
790,895,105,0.105,0.6978402085602283
760,880,120,0.12,0.7213353920894314
730,865,135,0.135,0.7171568635813892
730,865,135,0.135,0.7144955792637897
746,873,127,0.127,0.7271773370810104
756,878,122,0.122,0.754717490502866
784,892,108,0.108,0.7488586367621901
762,881,119,0.119,0.7730970563665033
774,887,113,0.113,0.7769876053336882
756,878,122,0.122,0.8004438705551438
752,876,124,0.124,0.8006251812148694
792,896,104,0.104,0.7810623549837619
794,897,103,0.103,0.7973486323356629
720,860,140,0.14,0.7940530389547348
788,894,106,0.106,0.8108827765043825
734,867,133,0.133,0.8153359192982316
690,845,155,0.155,0.8298743430823088
732,866,134,0.134,0.8185162384137511
750,875,125,0.125,0.8255111789360708
724,862,138,0.138,0.8243627744914518
708,854,146,0.146,0.8352428024923428
734,867,133,0.133,0.8381045235395431
704,852,148,0.148,0.8379068096652627
728,864,136,0.136,0.8456992522478104
690,845,155,0.155,0.8289722625613213
736,868,132,0.132,0.8187865654500202
714,857,143,0.143,0.8207605935917373
772,886,114,0.114,0.8150867813825607
690,845,155,0.155,0.836820485116961
728,864,136,0.136,0.8156137979924679
818,909,91,0.091,0.8184800905883313
758,879,121,0.121,0.8093779014945031
654,827,173,0.173,0.8466609208583832
720,860,140,0.14,0.8155614140294493
714,857,143,0.143,0.799058938388069
762,881,119,0.119,0.773900546445977
774,887,113,0.113,0.7643329991964447
724,862,138,0.138,0.7725535966977477
804,902,98,0.098,0.7543108063181863
748,874,126,0.126,0.718078377366066
804,902,98,0.098,0.6772568433788838
656,828,172,0.172,0.6951098400490417
772,886,114,0.114,0.6760958165824413
744,872,128,0.128,0.6826499338448048
732,866,134,0.134,0.6672560558915138
748,874,126,0.126,0.6762797579200042
752,876,124,0.124,0.6662697270615027
776,888,112,0.112,0.6673489388823509
748,874,126,0.126,0.6619487074613571
770,885,115,0.115,0.6511032388889932
788,894,106,0.106,0.646596458185646
672,836,164,0.164,0.6544778849789727
762,881,119,0.119,0.6695748484343712
768,884,116,0.116,0.6298119671046734
752,876,124,0.124,0.6128581020385027
670,835,165,0.165,0.616876393131003
696,848,152,0.152,0.6013203545697033
770,885,115,0.115,0.5580873406864703
742,871,129,0.129,0.5725985068929149
680,840,160,0.16,0.5658272885475307
764,882,118,0.118,0.5352294637151063
774,887,113,0.113,0.5067859949618578
782,891,109,0.109,0.5156924107968808
782,891,109,0.109,0.49433982890844347
706,853,147,0.147,0.5180342737367682
758,879,121,0.121,0.49406838507950307
786,893,107,0.107,0.4948125413884918
762,881,119,0.119,0.4896418174691362
792,896,104,0.104,0.4769970210939646
752,876,124,0.124,0.452225349551125
746,873,127,0.127,0.4209833869040012
772,886,114,0.114,0.4147858900167048
718,859,141,0.141,0.4337073560208085
762,881,119,0.119,0.4008061401695013
770,885,115,0.115,0.4088356920321803
770,885,115,0.115,0.39636954702442745
776,888,112,0.112,0.40563740432408124
732,866,134,0.134,0.3748627034767893
748,874,126,0.126,0.39511297062986606
756,878,122,0.122,0.36313600660004886
770,885,115,0.115,0.38139866493560837
806,903,97,0.097,0.36343569673318415
776,888,112,0.112,0.366698197114456
736,868,132,0.132,0.36423683543779045
766,883,117,0.117,0.3751592820235528
710,855,145,0.145,0.37905156243219973
742,871,129,0.129,0.3519185413220672
736,868,132,0.132,0.3547219428208617
784,892,108,0.108,0.34857402921440905
796,898,102,0.102,0.35700016776425036
778,889,111,0.111,0.36032785449290533
748,874,126,0.126,0.3419496847614646
796,898,102,0.102,0.3215584987958382
688,844,156,0.156,0.3469996363706887
692,846,154,0.154,0.33443275406118483
706,853,147,0.147,0.31918984834849834
730,865,135,0.135,0.29042997433620804
762,881,119,0.119,0.2917670804709196
744,872,128,0.128,0.2815074392473325
758,879,121,0.121,0.29666365680098533
766,883,117,0.117,0.27609989128424783
706,853,147,0.147,0.29885400739684703
800,900,100,0.1,0.26692060779058374
776,888,112,0.112,0.28815215980634096
784,892,108,0.108,0.2742073135599494
702,851,149,0.149,0.29911069377936655
802,901,99,0.099,0.26511015310622227
796,898,102,0.102,0.2606341379778103
752,876,124,0.124,0.2687395610673126
758,879,121,0.121,0.2638535280218348
748,874,126,0.126,0.25520971810321497
784,892,108,0.108,0.24607222913475288
674,837,163,0.163,0.25885506787279156
792,896,104,0.104,0.23165523817579195
748,874,126,0.126,0.24101323202121785
678,839,161,0.161,0.25106397989578544
734,867,133,0.133,0.23702367517209502
790,895,105,0.105,0.23211274633474682
784,892,108,0.108,0.22699115217477084
756,878,122,0.122,0.24386287084035577
716,858,142,0.142,0.250887355263636
762,881,119,0.119,0.23431239452771843
712,856,144,0.144,0.2401492215518374
722,861,139,0.139,0.2416792893335223
804,902,98,0.098,0.2353428269789808
784,892,108,0.108,0.2257795935794711
838,919,81,0.081,0.21239157477054113
794,897,103,0.103,0.20842558348118892
760,880,120,0.12,0.2201354553052224
804,902,98,0.098,0.21368282954781045
748,874,126,0.126,0.22780198796305376
718,859,141,0.141,0.22371334663778544
744,872,128,0.128,0.2258075279329205
790,895,105,0.105,0.20943698876538183
712,856,144,0.144,0.21145308860810474
798,899,101,0.101,0.20659765096212027
728,864,136,0.136,0.21144413456344047
740,870,130,0.13,0.20792946574175358
770,885,115,0.115,0.20860171101131983
772,886,114,0.114,0.207909843997797
732,866,134,0.134,0.21198954929411412
730,865,135,0.135,0.22050387858780873
780,890,110,0.11,0.20733045637607575
756,878,122,0.122,0.20427589640780205
726,863,137,0.137,0.21038672158005647
778,889,111,0.111,0.21014923222122434
778,889,111,0.111,0.1928134941533208
762,881,119,0.119,0.20330377467828079
714,857,143,0.143,0.20269769136607646
768,884,116,0.116,0.18885265738517046
824,912,88,0.088,0.19807713088020681
746,873,127,0.127,0.19998417106061242
712,856,144,0.144,0.2110229886174202
796,898,102,0.102,0.19760290586476914
760,880,120,0.12,0.20687595870159567
748,874,126,0.126,0.20614843224734142
732,866,134,0.134,0.20672362443477185
804,902,98,0.098,0.18123446635901927
694,847,153,0.153,0.2038362694643438
768,884,116,0.116,0.1864448964074254
744,872,128,0.128,0.18054800168052315
768,884,116,0.116,0.18273806354030966
776,888,112,0.112,0.17378284970523963
786,893,107,0.107,0.17612487097177654
764,882,118,0.118,0.19520826159417629
828,914,86,0.086,0.1773612185139209
742,871,129,0.129,0.1746269129998982
700,850,150,0.15,0.19379190981388092
804,902,98,0.098,0.19209675880521535
790,895,105,0.105,0.1848356866762042
778,889,111,0.111,0.1837663172520697
732,866,134,0.134,0.2083260427415371
730,865,135,0.135,0.19766339612752198
816,908,92,0.092,0.18334741160459817
758,879,121,0.121,0.20175588038191256
796,898,102,0.102,0.18535684851929546
762,881,119,0.119,0.19749514209479094
772,886,114,0.114,0.19378830016404391
822,911,89,0.089,0.19411397513002157
810,905,95,0.095,0.18582124926149846
762,881,119,0.119,0.19455720880164154
796,898,102,0.102,0.19335187360096306
778,889,111,0.111,0.19596939767897129
742,871,129,0.129,0.20705925046047197
778,889,111,0.111,0.19635695012658835
760,880,120,0.12,0.19649147656932472
770,885,115,0.115,0.19084303319081664
800,900,100,0.1,0.18870464445650578
790,895,105,0.105,0.19365939777716995
788,894,106,0.106,0.1866418676227331
792,896,104,0.104,0.183811161378977
772,886,114,0.114,0.19517811487056316
772,886,114,0.114,0.19864642211131286
780,890,110,0.11,0.19567252777531702
762,881,119,0.119,0.19073486721143126
772,886,114,0.114,0.19108837538957596
684,842,158,0.158,0.20069831768982113
800,900,100,0.1,0.19119713972508906
774,887,113,0.113,0.19742750718444585
756,878,122,0.122,0.20240115256712307
790,895,105,0.105,0.1950095848282799
770,885,115,0.115,0.20221368231624365
750,875,125,0.125,0.20176845584838884
770,885,115,0.115,0.19395241150911896
770,885,115,0.115,0.18798898020016588
770,885,115,0.115,0.19097676247311757
748,874,126,0.126,0.18985869302659136
778,889,111,0.111,0.19127525797089373
770,885,115,0.115,0.181242877505254
724,862,138,0.138,0.1889423961439661
778,889,111,0.111,0.18913655271567403
790,895,105,0.105,0.1767660993963039
776,888,112,0.112,0.1873052442847984
704,852,148,0.148,0.18664356583563996
708,854,146,0.146,0.18632968093082308
746,873,127,0.127,0.17687100453302265
804,902,98,0.098,0.18631540155038237
784,892,108,0.108,0.16955907219275831
788,894,106,0.106,0.1793635866598142
768,884,116,0.116,0.17450903562213685
760,880,120,0.12,0.18130762612447143
818,909,91,0.091,0.1628072524704039
786,893,107,0.107,0.15738231582194567
716,858,142,0.142,0.15226118996433796
780,890,110,0.11,0.162763914284762
810,905,95,0.095,0.1536683938931674
748,874,126,0.126,0.15952608013898134
790,895,105,0.105,0.15121789525449275
782,891,109,0.109,0.1590346247804577
818,909,91,0.091,0.15350585232807454
740,870,130,0.13,0.14766636842341074
776,888,112,0.112,0.14536205734469781
808,904,96,0.096,0.14129409472923726
772,886,114,0.114,0.14705774269811808
776,888,112,0.112,0.14158570644680732
716,858,142,0.142,0.15738754082098602
768,884,116,0.116,0.14718034501654648
748,874,126,0.126,0.1451418022401631
720,860,140,0.14,0.15227258428558707
802,901,99,0.099,0.13358138234959915
728,864,136,0.136,0.14629263058118522
764,882,118,0.118,0.1287971647276205
714,857,143,0.143,0.1372851688461378
646,823,177,0.177,0.14200666881570942
820,910,90,0.09,0.12247823719866574
722,861,139,0.139,0.1410595889762044
792,896,104,0.104,0.12777868069894613
788,894,106,0.106,0.12678885411471127
826,913,87,0.087,0.12691105229466476
670,835,165,0.165,0.1474079087113496
796,898,102,0.102,0.11945107337646187
692,846,154,0.154,0.13935190096125008
778,889,111,0.111,0.11329429407953284
700,850,150,0.15,0.12801260797865688
760,880,120,0.12,0.1204862028285861
762,881,119,0.119,0.10898026389628648
756,878,122,0.122,0.11218966868054121
750,875,125,0.125,0.1036276117740199
756,878,122,0.122,0.11265610250271867
794,897,103,0.103,0.10928429631702602
730,865,135,0.135,0.11719284674315715
754,877,123,0.123,0.10929358886741102
830,915,85,0.085,0.10656455386488962
738,869,131,0.131,0.10216047804246312
790,895,105,0.105,0.10897238538158126
812,906,94,0.094,0.09973988395277411
744,872,128,0.128,0.11012786555103958
810,905,95,0.095,0.10064259920094627
762,881,119,0.119,0.10645681135542691
752,876,124,0.124,0.10524289669282734
754,877,123,0.123,0.11906884308136069
778,889,111,0.111,0.10479735479317606
770,885,115,0.115,0.11319431559252555
774,887,113,0.113,0.11392392012942583
780,890,110,0.11,0.11917540006525815
694,847,153,0.153,0.12512443085946143
750,875,125,0.125,0.11191967753297649
786,893,107,0.107,0.11903574060578831
752,876,124,0.124,0.1173849887410179
748,874,126,0.126,0.12332784323208033
666,833,167,0.167,0.1359397772172283
766,883,117,0.117,0.12375757055800612
828,914,86,0.086,0.1140189427807927
734,867,133,0.133,0.12080416682362556
738,869,131,0.131,0.12886235573515295
762,881,119,0.119,0.12595452608168126
828,914,86,0.086,0.10850113227311523
784,892,108,0.108,0.1127986746786628
804,902,98,0.098,0.11166543999602255
834,917,83,0.083,0.1083207905702293
722,861,139,0.139,0.10519922259367585
748,874,126,0.126,0.11746358484216034
752,876,124,0.124,0.1195216552587226
780,890,110,0.11,0.10493045048741624
784,892,108,0.108,0.12155751719605178
808,904,96,0.096,0.1114760153014213
716,858,142,0.142,0.12407927067019045
760,880,120,0.12,0.11167678650942972
806,903,97,0.097,0.12523757095010707
824,912,88,0.088,0.12108409448533894
776,888,112,0.112,0.13744857996259816
700,850,150,0.15,0.13597312465310096
750,875,125,0.125,0.13641835210206005
784,892,108,0.108,0.13865526492031494
720,860,140,0.14,0.14009802927216514
776,888,112,0.112,0.13924412308027967
784,892,108,0.108,0.1452489596903324
764,882,118,0.118,0.13787308973348325
784,892,108,0.108,0.15625096947699785
780,890,110,0.11,0.15925875666224404
718,859,141,0.141,0.152818550508685
730,865,135,0.135,0.17356680360955584
724,862,138,0.138,0.18450227601174266
724,862,138,0.138,0.17906673875078558
740,870,130,0.13,0.17683538293448509
768,884,116,0.116,0.18473868846753613
734,867,133,0.133,0.17857924489915603
782,891,109,0.109,0.1750485765581543
754,877,123,0.123,0.17278411165204943
754,877,123,0.123,0.1767888121567608
782,891,109,0.109,0.17823205854557456
846,923,77,0.077,0.16500008030608296
772,886,114,0.114,0.17745298834517598
750,875,125,0.125,0.1727894779270282
760,880,120,0.12,0.1853770185293397
732,866,134,0.134,0.18038504034432662
782,891,109,0.109,0.1859682212509215
724,862,138,0.138,0.18360006456822156
768,884,116,0.116,0.1970271933331387
778,889,111,0.111,0.19631605962649337
716,858,142,0.142,0.20591326091298834
782,891,109,0.109,0.18874665482901037
728,864,136,0.136,0.20983406599983573
730,865,135,0.135,0.20563141152189182
804,902,98,0.098,0.1933361575715244
776,888,112,0.112,0.19157685762230722
752,876,124,0.124,0.20404892715066672
792,896,104,0.104,0.18175137475878
744,872,128,0.128,0.19439776079705917
722,861,139,0.139,0.19493308347583804
766,883,117,0.117,0.1936384758874774
764,882,118,0.118,0.1875149218402803
698,849,151,0.151,0.20836035555973648
778,889,111,0.111,0.17917671857633105
800,900,100,0.1,0.18527997792168766
766,883,117,0.117,0.18485838311724365
712,856,144,0.144,0.19004836954944768
782,891,109,0.109,0.17742374531984023
768,884,116,0.116,0.18202782922803828
776,888,112,0.112,0.17972636525810232
734,867,133,0.133,0.1932858131539542
786,893,107,0.107,0.1756359538543038
794,897,103,0.103,0.17734361375391017
762,881,119,0.119,0.19419206628017127
740,870,130,0.13,0.18073188742250204
784,892,108,0.108,0.19260683385305674
774,887,113,0.113,0.1868661997143645
810,905,95,0.095,0.18062792118440849
814,907,93,0.093,0.20147384457010775
732,866,134,0.134,0.1937730792015791
774,887,113,0.113,0.21218594677935101
752,876,124,0.124,0.2087945479378104
806,903,97,0.097,0.19874581809859956
806,903,97,0.097,0.20000366442184894
784,892,108,0.108,0.22228769756398128
780,890,110,0.11,0.2215279272050635
738,869,131,0.131,0.22210128478705882
808,904,96,0.096,0.2298007563687861
798,899,101,0.101,0.21943097039893747
788,894,106,0.106,0.2109241759153083
804,902,98,0.098,0.2251699626557529
768,884,116,0.116,0.23112886963027995
822,911,89,0.089,0.2219487421939065
714,857,143,0.143,0.25295289335318377
806,903,97,0.097,0.23865584733352443
734,867,133,0.133,0.24885611436661564
732,866,134,0.134,0.2368456772947759
770,885,115,0.115,0.24982393396438352
814,907,93,0.093,0.24159848592430352
796,898,102,0.102,0.24072441279515625
780,890,110,0.11,0.24829305940200902
738,869,131,0.131,0.26309336274582895
748,874,126,0.126,0.2658785352259874
754,877,123,0.123,0.2955393120785011
740,870,130,0.13,0.31538929986953734
786,893,107,0.107,0.32083360373228786
788,894,106,0.106,0.33490252220630645
748,874,126,0.126,0.32855734660316954
772,886,114,0.114,0.3132582064779272
772,886,114,0.114,0.34314671100702254
676,838,162,0.162,0.3195739058782965
792,896,104,0.104,0.3477953591644764
738,869,131,0.131,0.359632843054831
748,874,126,0.126,0.3390606782212853
790,895,105,0.105,0.3357099640397046
822,911,89,0.089,0.3244710038085468
786,893,107,0.107,0.3265361541337818
748,874,126,0.126,0.3347095234348089
730,865,135,0.135,0.34134451325863563
730,865,135,0.135,0.3438806502744555
760,880,120,0.12,0.33272642323747276
696,848,152,0.152,0.3420757953247733
758,879,121,0.121,0.33948374462581704
786,893,107,0.107,0.3303615733906627
712,856,144,0.144,0.338628333799541
786,893,107,0.107,0.33169992762673794
786,893,107,0.107,0.3412700291676447
712,856,144,0.144,0.3439151428937912
764,882,118,0.118,0.3344339449692056
784,892,108,0.108,0.32090492589585484
796,898,102,0.102,0.32248258998168333
688,844,156,0.156,0.33668736221805234
808,904,96,0.096,0.3307964959859964
800,900,100,0.1,0.32507857376661614
736,868,132,0.132,0.32870018886426394
796,898,102,0.102,0.3096897148731501
778,889,111,0.111,0.3122990815639496
810,905,95,0.095,0.2942762253348592
734,867,133,0.133,0.3033266969099641
820,910,90,0.09,0.2925060866624117
768,884,116,0.116,0.2916112008392811
758,879,121,0.121,0.2858605716161736
794,897,103,0.103,0.27926637401245535
786,893,107,0.107,0.2799911585301161
754,877,123,0.123,0.2802657525908328
758,879,121,0.121,0.2724053215363529
752,876,124,0.124,0.27140279185347027
784,892,108,0.108,0.2683760757674463
764,882,118,0.118,0.2556793962202936
690,845,155,0.155,0.2812528917491436
710,855,145,0.145,0.2646068563431618
754,877,123,0.123,0.2706397087237565
752,876,124,0.124,0.2689348730519414
774,887,113,0.113,0.26636981971026397
740,870,130,0.13,0.27817046643234794
722,861,139,0.139,0.26834537505887734
852,926,74,0.074,0.2520008161589503
708,854,146,0.146,0.27447540616057814
724,862,138,0.138,0.2779132768090496
704,852,148,0.148,0.2817510431241244
754,877,123,0.123,0.27879162209481
774,887,113,0.113,0.2711785593832226
764,882,118,0.118,0.2667628885109443
728,864,136,0.136,0.2841551500085625
784,892,108,0.108,0.2746005131811835
758,879,121,0.121,0.2754975862568244
790,895,105,0.105,0.2608875864893198
774,887,113,0.113,0.2529248517714441
782,891,109,0.109,0.24936851446330546
776,888,112,0.112,0.2376040973272294
770,885,115,0.115,0.24126053778827192
744,872,128,0.128,0.2616538196206093
762,881,119,0.119,0.23665801496244968
742,871,129,0.129,0.23901464135572315
746,873,127,0.127,0.2302540583073394
778,889,111,0.111,0.22282808511145413
784,892,108,0.108,0.22954687004995503
770,885,115,0.115,0.22487154629826545
762,881,119,0.119,0.21640467114117928
780,890,110,0.11,0.22835045628249645
762,881,119,0.119,0.21796708566695452
784,892,108,0.108,0.24080334747582674
836,918,82,0.082,0.22403064933419353
752,876,124,0.124,0.2287262120321393
754,877,123,0.123,0.23108429696783422
748,874,126,0.126,0.23898360007896555
724,862,138,0.138,0.25479392307507803
694,847,153,0.153,0.2590379570630267
810,905,95,0.095,0.23993692982941867
746,873,127,0.127,0.2505715086758137
772,886,114,0.114,0.2514254616349936
772,886,114,0.114,0.24438613986223937
772,886,114,0.114,0.27988668551296
716,858,142,0.142,0.27996358840668834
792,896,104,0.104,0.26896648994833233
740,870,130,0.13,0.28712544366787635
744,872,128,0.128,0.28318842870974914
792,896,104,0.104,0.27412116450816393
756,878,122,0.122,0.29125262546539304
804,902,98,0.098,0.2772176377773285
762,881,119,0.119,0.2694199406819498
762,881,119,0.119,0.28981968901306393
708,854,146,0.146,0.2907686150223069
690,845,155,0.155,0.2950900304298848
720,860,140,0.14,0.27841898533236237
772,886,114,0.114,0.2962774189040065
730,865,135,0.135,0.2977170498520136
720,860,140,0.14,0.3049641155906138
780,890,110,0.11,0.3129333190843463
724,862,138,0.138,0.32313204966671766
744,872,128,0.128,0.3105404133879929
754,877,123,0.123,0.3243443003334105
692,846,154,0.154,0.34240049577449727
760,880,120,0.12,0.3427761133313179
778,889,111,0.111,0.3372981328219175
746,873,127,0.127,0.3247572538219392
812,906,94,0.094,0.32341707401919123
760,880,120,0.12,0.3384886192679405
738,869,131,0.131,0.3447198294713296
768,884,116,0.116,0.33807939413958227
778,889,111,0.111,0.33763331545144337
800,900,100,0.1,0.33403532797843216
726,863,137,0.137,0.3646424225382507
794,897,103,0.103,0.3672916912325891
756,878,122,0.122,0.3653295199461281
738,869,131,0.131,0.3830822044313014
744,872,128,0.128,0.3710320701925084
830,915,85,0.085,0.369626849070497
702,851,149,0.149,0.37013647400587796
776,888,112,0.112,0.38015785548090936
796,898,102,0.102,0.3547530143464019
784,892,108,0.108,0.38483237899098105
746,873,127,0.127,0.3884229864953037
744,872,128,0.128,0.3784903736469197
792,896,104,0.104,0.36197194261290133
808,904,96,0.096,0.37016313763137443
768,884,116,0.116,0.3744983872937239
768,884,116,0.116,0.385871773452498
764,882,118,0.118,0.40271422632038595
788,894,106,0.106,0.3901561035937393
796,898,102,0.102,0.3858187482506037
720,860,140,0.14,0.41357413470908067
740,870,130,0.13,0.40648493465921043
772,886,114,0.114,0.3895889364473114
730,865,135,0.135,0.3991457111085392
722,861,139,0.139,0.4123569582756609
774,887,113,0.113,0.3988115802338439
824,912,88,0.088,0.4026044621020555
766,883,117,0.117,0.4332332586441189
760,880,120,0.12,0.43096657559165485
764,882,118,0.118,0.4171398056447506
762,881,119,0.119,0.43738641347177326
786,893,107,0.107,0.4345724731385708
766,883,117,0.117,0.43892877325415613
752,876,124,0.124,0.44101147924537326
754,877,123,0.123,0.43604116820637134
764,882,118,0.118,0.4346275710701996
700,850,150,0.15,0.4454347993917763
754,877,123,0.123,0.4441726941409361
800,900,100,0.1,0.4409800825789571
734,867,133,0.133,0.44684167070686964
822,911,89,0.089,0.43210591497132556
732,866,134,0.134,0.4555891757914839
772,886,114,0.114,0.46114837892353533
768,884,116,0.116,0.4879557408988482
776,888,112,0.112,0.4946452709436673
778,889,111,0.111,0.47486573312513064
726,863,137,0.137,0.505368688378483
712,856,144,0.144,0.5099222023553448
704,852,148,0.148,0.5217289361879229
730,865,135,0.135,0.5041532828181318
740,870,130,0.13,0.5152381268361641
746,873,127,0.127,0.5125240896480968
808,904,96,0.096,0.5095359674096107
754,877,123,0.123,0.4995219593720758
710,855,145,0.145,0.502688093781042
794,897,103,0.103,0.5041900334749371
748,874,126,0.126,0.5099493357464794
770,885,115,0.115,0.5186453418130986
748,874,126,0.126,0.528974927205396
776,888,112,0.112,0.5411464906326146
762,881,119,0.119,0.5372702045813202
756,878,122,0.122,0.5534008698761463
750,875,125,0.125,0.577277943778783
750,875,125,0.125,0.5665067890814098
712,856,144,0.144,0.5674010323176554
776,888,112,0.112,0.5708390329182148
736,868,132,0.132,0.5643032251371333
752,876,124,0.124,0.562351630806923
784,892,108,0.108,0.5782669137447342
764,882,118,0.118,0.5803719373345375
796,898,102,0.102,0.5770122116059064
770,885,115,0.115,0.5712438011751511
710,855,145,0.145,0.6017872567117156
740,870,130,0.13,0.6490125420987606
762,881,119,0.119,0.6153634053766728
776,888,112,0.112,0.6237732009903375
720,860,140,0.14,0.633814507733977
696,848,152,0.152,0.6433118339553475
754,877,123,0.123,0.6359860945930704
750,875,125,0.125,0.6440904335081996
736,868,132,0.132,0.6432690979242325
660,830,170,0.17,0.6451093813434509
762,881,119,0.119,0.6261662636548281
764,882,118,0.118,0.6497828651219606
706,853,147,0.147,0.6433627903480083
766,883,117,0.117,0.6408448845014209
708,854,146,0.146,0.642333731250169
824,912,88,0.088,0.6195665800869465
714,857,143,0.143,0.637263424638083
718,859,141,0.141,0.6339750146209262
744,872,128,0.128,0.6394895645678044
784,892,108,0.108,0.6339957810391242
734,867,133,0.133,0.6398142188868369
784,892,108,0.108,0.6270484475418925
722,861,139,0.139,0.6411071863807738
730,865,135,0.135,0.644706543564798
730,865,135,0.135,0.6439924320280552
702,851,149,0.149,0.6342330401539803
760,880,120,0.12,0.6407389008142054
662,831,169,0.169,0.6470297521650791
784,892,108,0.108,0.6483475214838982
770,885,115,0.115,0.6408233943132171
802,901,99,0.099,0.6358434944303827
796,898,102,0.102,0.6482360452397261
742,871,129,0.129,0.6543956886678934
782,891,109,0.109,0.6638948806524276
736,868,132,0.132,0.6506885426640511
758,879,121,0.121,0.6536860904917121
682,841,159,0.159,0.6782231305539608
698,849,151,0.151,0.6704713772535325
762,881,119,0.119,0.6571870228871703
768,884,116,0.116,0.6527002794565633
762,881,119,0.119,0.6641526097208261
778,889,111,0.111,0.679975629601162
764,882,118,0.118,0.6752920335941016
744,872,128,0.128,0.717115352191031
720,860,140,0.14,0.7246904946956784
762,881,119,0.119,0.7166062382012606
712,856,144,0.144,0.7135257940613665
752,876,124,0.124,0.7172813769131899
782,891,109,0.109,0.7202976588010788
744,872,128,0.128,0.7190427185510456
764,882,118,0.118,0.7374575434625149
764,882,118,0.118,0.7275263857394457
742,871,129,0.129,0.7324810497915023
668,834,166,0.166,0.7455554208375106
704,852,148,0.148,0.7424134376347065
776,888,112,0.112,0.7128443521261215
732,866,134,0.134,0.7441769398450852
758,879,121,0.121,0.7414412179887295
752,876,124,0.124,0.7487784332409501
742,871,129,0.129,0.7439931733459234
724,862,138,0.138,0.7471959211528302
734,867,133,0.133,0.7520457546114921
718,859,141,0.141,0.7540564857125283
722,861,139,0.139,0.7665052282810211
760,880,120,0.12,0.765615392357111
738,869,131,0.131,0.7661326227001846
662,831,169,0.169,0.7625365213623556
780,890,110,0.11,0.7576753248410165
756,878,122,0.122,0.7543237724751234
702,851,149,0.149,0.7756154468934983
740,870,130,0.13,0.7558598407290121
748,874,126,0.126,0.7629389564862588
828,914,86,0.086,0.746918117851019
738,869,131,0.131,0.7511397426569165
794,897,103,0.103,0.7228420706391334
736,868,132,0.132,0.7509082993865013
706,853,147,0.147,0.7277865553022281
760,880,120,0.12,0.7186827908605337
772,886,114,0.114,0.7055359367977362
692,846,154,0.154,0.7166124434769153
748,874,126,0.126,0.7092121980786323
742,871,129,0.129,0.7214015295952558
806,903,97,0.097,0.6623773645162583
840,920,80,0.08,0.6327347328662872
750,875,125,0.125,0.6541458852599826
734,867,133,0.133,0.6615091271826181
786,893,107,0.107,0.666185272552073
756,878,122,0.122,0.6260208054482936
734,867,133,0.133,0.6381036260426044
784,892,108,0.108,0.5761313580102287
754,877,123,0.123,0.5643103853915381
778,889,111,0.111,0.6011585154831409
782,891,109,0.109,0.5663760134726763
720,860,140,0.14,0.5729731390290498
720,860,140,0.14,0.5604025769555592
704,852,148,0.148,0.5611201279386878
734,867,133,0.133,0.5650592056810856
764,882,118,0.118,0.5647382368885883
690,845,155,0.155,0.5673982772529125
794,897,103,0.103,0.5750622481256723
794,897,103,0.103,0.5650163659453392
764,882,118,0.118,0.5740565711609451
734,867,133,0.133,0.5714392894775001
670,835,165,0.165,0.5980515748065318
722,861,139,0.139,0.614704488940537
740,870,130,0.13,0.5774829472419806
746,873,127,0.127,0.5807993354649515
742,871,129,0.129,0.604124257912464
726,863,137,0.137,0.5793831458315253
798,899,101,0.101,0.5869287832528353
748,874,126,0.126,0.5783796263998374
696,848,152,0.152,0.6025152127444744
720,860,140,0.14,0.585495640077598
744,872,128,0.128,0.5749736750870943
746,873,127,0.127,0.5804629838901281
790,895,105,0.105,0.5492948989123106
778,889,111,0.111,0.5332668979419104
754,877,123,0.123,0.5381316729732789
682,841,159,0.159,0.5535888762176037
746,873,127,0.127,0.5221299934387207
742,871,129,0.129,0.546701329678297
718,859,141,0.141,0.5370163045028458
732,866,134,0.134,0.5484314318767283
730,865,135,0.135,0.5391218738504685
804,902,98,0.098,0.522892974305898
724,862,138,0.138,0.5160248130429536
742,871,129,0.129,0.5325494245529407
672,836,164,0.164,0.519108473288361
800,900,100,0.1,0.5321136043071747
754,877,123,0.123,0.5185178362661973
774,887,113,0.113,0.518265103161335
716,858,142,0.142,0.5128200998441316
770,885,115,0.115,0.5087688350230455
714,857,143,0.143,0.5061979838460684
746,873,127,0.127,0.5010552656702294
780,890,110,0.11,0.494968966498971
688,844,156,0.156,0.48586019591803414
752,876,124,0.124,0.46919084632396696
702,851,149,0.149,0.5022704809377851
734,867,133,0.133,0.4845524441562593
768,884,116,0.116,0.4990002512037754
718,859,141,0.141,0.47321977439522744
748,874,126,0.126,0.47178259964846075
708,854,146,0.146,0.4908040276607499
740,870,130,0.13,0.4502200035532005
716,858,142,0.142,0.40541781119693243
726,863,137,0.137,0.39827274477481844
762,881,119,0.119,0.3809443441927433
736,868,132,0.132,0.34888985807727024
770,885,115,0.115,0.35836844936013224
794,897,103,0.103,0.34197034388780595
750,875,125,0.125,0.34496202263078884
822,911,89,0.089,0.3253707028403878
748,874,126,0.126,0.34071487560362745
770,885,115,0.115,0.34551219990106724
698,849,151,0.151,0.34803817255423086
772,886,114,0.114,0.34783094689249994
750,875,125,0.125,0.31615520983887874
798,899,101,0.101,0.3109044777575136
812,906,94,0.094,0.3196936741975086
762,881,119,0.119,0.3263308970630169
790,895,105,0.105,0.31381206496794767
794,897,103,0.103,0.31256979777384547
756,878,122,0.122,0.32053963279724124
782,891,109,0.109,0.3240083272944898
780,890,110,0.11,0.32069283308810553
744,872,128,0.128,0.3116749827414751
792,896,104,0.104,0.3150869689339762
756,878,122,0.122,0.32279327430877414
836,918,82,0.082,0.3109598496081371
724,862,138,0.138,0.34316756169095763
762,881,119,0.119,0.34316097011975943
740,870,130,0.13,0.35241224711388347
796,898,102,0.102,0.3436714899614453
758,879,121,0.121,0.35031354486197236
820,910,90,0.09,0.3609453553344614
682,841,159,0.159,0.3902393053278211
742,871,129,0.129,0.4012350616175682
774,887,113,0.113,0.4210195705528213
728,864,136,0.136,0.4287784001007676
794,897,103,0.103,0.43068545960215854
734,867,133,0.133,0.43172823210805655
750,875,125,0.125,0.4257491426616907
722,861,139,0.139,0.4247254745766521
786,893,107,0.107,0.44717770713940264
770,885,115,0.115,0.4292820241972804
786,893,107,0.107,0.451801096084062
804,902,98,0.098,0.46071345399604496
736,868,132,0.132,0.49128572823666034
746,873,127,0.127,0.4817720258659683
742,871,129,0.129,0.4671195092438009
742,871,129,0.129,0.47242487727294646
760,880,120,0.12,0.4822209869167533
726,863,137,0.137,0.4958109297454357
728,864,136,0.136,0.5027966411025282
738,869,131,0.131,0.5009281080561877
716,858,142,0.142,0.5109338931993116
718,859,141,0.141,0.5130454339459538
726,863,137,0.137,0.5231417028158903
726,863,137,0.137,0.5234964353591204
680,840,160,0.16,0.5257120927423239
718,859,141,0.141,0.5719768598230938
754,877,123,0.123,0.5290705785790251
750,875,125,0.125,0.5896369095891714
696,848,152,0.152,0.6207945435345172
772,886,114,0.114,0.5979957677125931
698,849,151,0.151,0.5922436215252121
736,868,132,0.132,0.6071677704822035
752,876,124,0.124,0.6059300679999869
712,856,144,0.144,0.609975583255291
766,883,117,0.117,0.6095399482250213
766,883,117,0.117,0.5822157431372182
790,895,105,0.105,0.6006050471661146
686,843,157,0.157,0.6118181667048485
802,901,99,0.099,0.5961253392398358
698,849,151,0.151,0.597644517078334
764,882,118,0.118,0.6018840630427003
702,851,149,0.149,0.6151988742947578
756,878,122,0.122,0.5913220562257339
710,855,145,0.145,0.5883926765881479
764,882,118,0.118,0.5746024730717764
778,889,111,0.111,0.5734701230761129
734,867,133,0.133,0.5827777547116475
756,878,122,0.122,0.5795734259486198
726,863,137,0.137,0.5846828047500457
678,839,161,0.161,0.5819715627282858
732,866,134,0.134,0.5774136258857324
744,872,128,0.128,0.5881900257728994
724,862,138,0.138,0.5800372587588117
730,865,135,0.135,0.57311938973004
726,863,137,0.137,0.5803641194812953
750,875,125,0.125,0.5823004862632264
698,849,151,0.151,0.5857752650223556
734,867,133,0.133,0.5832697946019471
748,874,126,0.126,0.586753312593326
774,887,113,0.113,0.5777923468095812
700,850,150,0.15,0.6048955060318112
746,873,127,0.127,0.581932290896396
796,898,102,0.102,0.5841293009966612
764,882,118,0.118,0.5872640811353922
770,885,115,0.115,0.5780198836934978
806,903,97,0.097,0.5824707951843738
788,894,106,0.106,0.5906573130488396
802,901,99,0.099,0.5833346737833927
712,856,144,0.144,0.581165621631092
700,850,150,0.15,0.5802185890365563
770,885,115,0.115,0.5838661719313822
850,925,75,0.075,0.5780560279693454
752,876,124,0.124,0.5946031467949882
774,887,113,0.113,0.5873771915435791
742,871,129,0.129,0.5952722770865075
708,854,146,0.146,0.6027227401045675
726,863,137,0.137,0.5922280393093824
770,885,115,0.115,0.5978216561228037
720,860,140,0.14,0.6072428090864993
738,869,131,0.131,0.6033138441612609
812,906,94,0.094,0.5869257888793945
710,855,145,0.145,0.5996631343215704
694,847,153,0.153,0.6198800700753927
764,882,118,0.118,0.5944211301091127
738,869,131,0.131,0.6075351612810046
714,857,143,0.143,0.6076947375237942
806,903,97,0.097,0.5835266637951203
734,867,133,0.133,0.5946638934314251
800,900,100,0.1,0.5831411813185768
788,894,106,0.106,0.5785227981451899
774,887,113,0.113,0.5738864173936652
812,906,94,0.094,0.5693382446630858
818,909,91,0.091,0.5644979615475957
728,864,136,0.136,0.5654408315385808
792,896,104,0.104,0.5601419888943128
736,868,132,0.132,0.5784882174776868
698,849,151,0.151,0.5358212449774146
772,886,114,0.114,0.5351169585362077
738,869,131,0.131,0.5017088166298345
728,864,136,0.136,0.49252692217379807
744,872,128,0.128,0.46019636047040696
744,872,128,0.128,0.47131750158965585
820,910,90,0.09,0.45001382351876235
772,886,114,0.114,0.45697563610693326
708,854,146,0.146,0.45118235439842674
710,855,145,0.145,0.4356972186565538
752,876,124,0.124,0.45692453336759353
744,872,128,0.128,0.44892202134430415
760,880,120,0.12,0.43924212002160495
814,907,93,0.093,0.44922395393252373
792,896,104,0.104,0.4521505199404091
738,869,131,0.131,0.44345618113921953
768,884,116,0.116,0.42985043931007383
820,910,90,0.09,0.42203462147253856
774,887,113,0.113,0.4214097264334559
738,869,131,0.131,0.42234561588575953
768,884,116,0.116,0.4214328655786812
756,878,122,0.122,0.38119570378330536
742,871,129,0.129,0.41293684709072115
776,888,112,0.112,0.3994131663888693
702,851,149,0.149,0.4080025779331336
760,880,120,0.12,0.39957164305448534
714,857,143,0.143,0.3940983419952172
738,869,131,0.131,0.3937708697989583
756,878,122,0.122,0.393219086650759
778,889,111,0.111,0.38517812232778903
748,874,126,0.126,0.38973275827047044
746,873,127,0.127,0.3796493005277589
752,876,124,0.124,0.35849392782754147
818,909,91,0.091,0.3465965228676796
710,855,145,0.145,0.36976870711147786
728,864,136,0.136,0.36835383255034687
746,873,127,0.127,0.3666912844223048
750,875,125,0.125,0.36778827346861365
806,903,97,0.097,0.35966822907328605
748,874,126,0.126,0.37011948525276966
682,841,159,0.159,0.36753971537947655
808,904,96,0.096,0.36860400852561
762,881,119,0.119,0.3741823176536709
810,905,95,0.095,0.3869266015096778
748,874,126,0.126,0.3864121170610629
788,894,106,0.106,0.38402966448490045
726,863,137,0.137,0.3933483158613344
762,881,119,0.119,0.3746445960849524
778,889,111,0.111,0.38297927938560494
780,890,110,0.11,0.3977764663355727
742,871,129,0.129,0.3783208237839863
724,862,138,0.138,0.3935282978368923
744,872,128,0.128,0.3905385674387217
752,876,124,0.124,0.393339156413218
762,881,119,0.119,0.3960488235209268
776,888,112,0.112,0.3970512382625179
790,895,105,0.105,0.36753840601071713
760,880,120,0.12,0.37788284788274906
760,880,120,0.12,0.3550122997784056
794,897,103,0.103,0.3470032365333033
758,879,121,0.121,0.3597037366686863
848,924,76,0.076,0.35277858843375
766,883,117,0.117,0.3556857162320521
718,859,141,0.141,0.35340695606569805
746,873,127,0.127,0.3665095100104809
782,891,109,0.109,0.3529384184777737
856,928,72,0.072,0.33843815216002987
752,876,124,0.124,0.34555165569111707
758,879,121,0.121,0.3571348215341568
756,878,122,0.122,0.34277847304940223
766,883,117,0.117,0.3556196701973677
788,894,106,0.106,0.3310121884457767
780,890,110,0.11,0.3365689760679379
756,878,122,0.122,0.3276719634309411
762,881,119,0.119,0.3364624336616798
748,874,126,0.126,0.33159027329588947
808,904,96,0.096,0.31753236137330537
798,899,101,0.101,0.2969689602442086
724,862,138,0.138,0.30884302976727485
744,872,128,0.128,0.2981811024714352
738,869,131,0.131,0.30943584186863154
806,903,97,0.097,0.30743571159709243
716,858,142,0.142,0.30043990513216706
728,864,136,0.136,0.3113923721425235
780,890,110,0.11,0.30600424218922856
748,874,126,0.126,0.304761544406414
768,884,116,0.116,0.2995409357026219
784,892,108,0.108,0.2955570281829811
690,845,155,0.155,0.2925061471971367
806,903,97,0.097,0.28632434165128073
716,858,142,0.142,0.30852790278220144
778,889,111,0.111,0.2850035230014473
718,859,141,0.141,0.2824828253395308
806,903,97,0.097,0.29117659553199104
752,876,124,0.124,0.30450496495200785
698,849,151,0.151,0.3133064945712686
722,861,139,0.139,0.290637280864011
748,874,126,0.126,0.3048030604720122
730,865,135,0.135,0.30603393947518703
754,877,123,0.123,0.3055624126009643
734,867,133,0.133,0.29465633976168465
782,891,109,0.109,0.29992348522954854
752,876,124,0.124,0.30059350215169056
762,881,119,0.119,0.3119475384276957
790,895,105,0.105,0.31106358983835003
762,881,119,0.119,0.3250850198538974
760,880,120,0.12,0.327619640854375
794,897,103,0.103,0.3305938973908677
774,887,113,0.113,0.3307385083467234
762,881,119,0.119,0.32976213402627036
784,892,108,0.108,0.3360660829618573
722,861,139,0.139,0.33097649322148026
754,877,123,0.123,0.33749011229064846
760,880,120,0.12,0.3385756076162395
776,888,112,0.112,0.32893623895943164
734,867,133,0.133,0.3266814007760847
768,884,116,0.116,0.3183368147527799
780,890,110,0.11,0.3229118339213809
732,866,134,0.134,0.34416088031604886
756,878,122,0.122,0.32198764716088774
752,876,124,0.124,0.31983522305404766
800,900,100,0.1,0.2943060179213062
778,889,111,0.111,0.3026764925431344
808,904,96,0.096,0.29932197702676056
742,871,129,0.129,0.29697646272182465
744,872,128,0.128,0.2959837193666572
784,892,108,0.108,0.2945527112774301
796,898,102,0.102,0.28563902821019294
766,883,117,0.117,0.2939342810064554
726,863,137,0.137,0.29629676571840136
722,861,139,0.139,0.3000180850301653
762,881,119,0.119,0.2992957100458443
752,876,124,0.124,0.28389132786728444
784,892,108,0.108,0.28403021007031204
760,880,120,0.12,0.29787378350645305
780,890,110,0.11,0.3026105187339708
766,883,117,0.117,0.30220745581388503
750,875,125,0.125,0.29065216587483883
764,882,118,0.118,0.2848451845542237
748,874,126,0.126,0.29330206161178685
826,913,87,0.087,0.2761587038171128
742,871,129,0.129,0.2877245724953041
774,887,113,0.113,0.27802249683279034
748,874,126,0.126,0.2887383563421654
760,880,120,0.12,0.2826009802510145
762,881,119,0.119,0.2684813415350503
782,891,109,0.109,0.27686678795631
766,883,117,0.117,0.28091001272268407
738,869,131,0.131,0.2886370242457551
820,910,90,0.09,0.2765678720944561
782,891,109,0.109,0.28887946711678836
732,866,134,0.134,0.29734312996575546
762,881,119,0.119,0.29919146338288555
792,896,104,0.104,0.28521106093632986
760,880,120,0.12,0.2796029004845768
778,889,111,0.111,0.28642880810413046
776,888,112,0.112,0.2981451106274908
806,903,97,0.097,0.28826284857094286
700,850,150,0.15,0.29877421756274997
734,867,133,0.133,0.31085576689243316
774,887,113,0.113,0.30550839394144713
808,904,96,0.096,0.30132778946924554
754,877,123,0.123,0.30816197506354254
748,874,126,0.126,0.30773636614970745
744,872,128,0.128,0.28975725868344304
778,889,111,0.111,0.2804801420867443
722,861,139,0.139,0.28392345570772887
786,893,107,0.107,0.2833412876450457
778,889,111,0.111,0.2886758731667651
780,890,110,0.11,0.28023178650438785
800,900,100,0.1,0.2776000943295658
784,892,108,0.108,0.2858447879080195
776,888,112,0.112,0.2820762970771875
768,884,116,0.116,0.2749100607559085
804,902,98,0.098,0.2815491603976116
804,902,98,0.098,0.27907196955755353
762,881,119,0.119,0.2706026209142292
756,878,122,0.122,0.2767533657848835
732,866,134,0.134,0.27607188997371485
788,894,106,0.106,0.2873733579991176
728,864,136,0.136,0.3168559854943305
772,886,114,0.114,0.3089407306984067
792,896,104,0.104,0.2970053910091519
760,880,120,0.12,0.3127237750068307
788,894,106,0.106,0.30452118812920526
722,861,139,0.139,0.3208555534207262
768,884,116,0.116,0.29799002887308595
760,880,120,0.12,0.32061784957145084
718,859,141,0.141,0.32437868202260506
746,873,127,0.127,0.31061648749560117
710,855,145,0.145,0.32078943035751584
774,887,113,0.113,0.3203778843432665
742,871,129,0.129,0.32382413492538037
824,912,88,0.088,0.3174878296311945
814,907,93,0.093,0.3230008914656937
730,865,135,0.135,0.32334597463939396
772,886,114,0.114,0.31518694399483504
730,865,135,0.135,0.32096984299406905
794,897,103,0.103,0.3265133637036215
800,900,100,0.1,0.31257828806265026
734,867,133,0.133,0.3303739154848736
742,871,129,0.129,0.3372907624393702
782,891,109,0.109,0.32875701095163823
760,880,120,0.12,0.3293135096281767
764,882,118,0.118,0.3316330774363887
754,877,123,0.123,0.3323031674499289
744,872,128,0.128,0.32865653688010205
692,846,154,0.154,0.3413057512193989
732,866,134,0.134,0.3376185384336859
780,890,110,0.11,0.3236942056827247
784,892,108,0.108,0.32949785278994226
754,877,123,0.123,0.34183246406167744
796,898,102,0.102,0.3333396519404218
830,915,85,0.085,0.3234120034247171
740,870,130,0.13,0.3380713561153412
794,897,103,0.103,0.3132987267101271
794,897,103,0.103,0.3193666116204113
820,910,90,0.09,0.32202203350549097
764,882,118,0.118,0.31889419308752986
754,877,123,0.123,0.29305382975935934
788,894,106,0.106,0.28942375076495364
784,892,108,0.108,0.28825567375309763
734,867,133,0.133,0.30679904599487784
674,837,163,0.163,0.29214347739630464
792,896,104,0.104,0.2869883783910191
762,881,119,0.119,0.286193718444556
782,891,109,0.109,0.26670423587271946
762,881,119,0.119,0.29083935541115397
754,877,123,0.123,0.2841543557522818
726,863,137,0.137,0.2747043365057616
752,876,124,0.124,0.2901229603771353
718,859,141,0.141,0.27244643814116715
808,904,96,0.096,0.28795710125565527
734,867,133,0.133,0.28834288866072894
788,894,106,0.106,0.28701245818194004
732,866,134,0.134,0.3135814386983793
772,886,114,0.114,0.3179872519150376
738,869,131,0.131,0.3062326870177409
782,891,109,0.109,0.3024350431933999
708,854,146,0.146,0.3223005712915001
794,897,103,0.103,0.29336302004754544
758,879,121,0.121,0.30833319338854304
752,876,124,0.124,0.31756077097251545
762,881,119,0.119,0.3056003509799484
758,879,121,0.121,0.2989607271722057
790,895,105,0.105,0.2937530950186774
776,888,112,0.112,0.28549137262254953
766,883,117,0.117,0.28371969821723175
810,905,95,0.095,0.29165735486894845
762,881,119,0.119,0.2796005914922789
734,867,133,0.133,0.26918696241802537
782,891,109,0.109,0.28335078244190665
816,908,92,0.092,0.2549855315922259
774,887,113,0.113,0.26740569238271567
782,891,109,0.109,0.2623675702601031
764,882,118,0.118,0.25896393179148436
732,866,134,0.134,0.2555349216317651
766,883,117,0.117,0.2580332244199235
794,897,103,0.103,0.2530911106794633
752,876,124,0.124,0.26855981166724086
798,899,101,0.101,0.2580306019578129
726,863,137,0.137,0.2582124825641355
746,873,127,0.127,0.2580469626216218
768,884,116,0.116,0.2658285368084908
754,877,123,0.123,0.2610844743682578
718,859,141,0.141,0.28246707700937984
766,883,117,0.117,0.2903544966397874
738,869,131,0.131,0.27695766706214636
784,892,108,0.108,0.28632387031428513
662,831,169,0.169,0.2908152979744708
720,860,140,0.14,0.2919786271531022
762,881,119,0.119,0.29234016937017443
730,865,135,0.135,0.2932909704911872
800,900,100,0.1,0.27512335912138225
724,862,138,0.138,0.2884558915557169
752,876,124,0.124,0.27074804698137256
776,888,112,0.112,0.26310662688525555
756,878,122,0.122,0.2828214251594618
768,884,116,0.116,0.2716110172795103
758,879,121,0.121,0.2821897209682502
778,889,111,0.111,0.25573083294706883
736,868,132,0.132,0.262614500524635
778,889,111,0.111,0.23937556083181802
762,881,119,0.119,0.251774572648108
794,897,103,0.103,0.25368706984538586
730,865,135,0.135,0.2506049679145217
776,888,112,0.112,0.24472078984603285
768,884,116,0.116,0.23994314239851156
744,872,128,0.128,0.24625834455654327
710,855,145,0.145,0.25042942641628907
772,886,114,0.114,0.251394444903417
802,901,99,0.099,0.25445645743142814
766,883,117,0.117,0.2427923382036388
784,892,108,0.108,0.24747916389591956
790,895,105,0.105,0.24141461882553994
740,870,130,0.13,0.2529790109992027
772,886,114,0.114,0.2555429193787277
736,868,132,0.132,0.24373900706193266
738,869,131,0.131,0.2568844303265214
776,888,112,0.112,0.2534018035783665
790,895,105,0.105,0.2587017202313
740,870,130,0.13,0.2531470944136488
734,867,133,0.133,0.2406889560188283
748,874,126,0.126,0.2580967445615679
786,893,107,0.107,0.24255399326993846
692,846,154,0.154,0.2673776467069984
780,890,110,0.11,0.22563517480529846
802,901,99,0.099,0.20141804450794007
664,832,168,0.168,0.20861038438469404
750,875,125,0.125,0.20307378923427313
756,878,122,0.122,0.1942147830192698
786,893,107,0.107,0.20381311517919604
806,903,97,0.097,0.19762433503288776
680,840,160,0.16,0.21696509155909507
816,908,92,0.092,0.20394434282183646
770,885,115,0.115,0.18830768915172671
746,873,127,0.127,0.19977075745472758
718,859,141,0.141,0.2130281748920679
860,930,70,0.07,0.1953617870705202
766,883,117,0.117,0.2008419499998854
794,897,103,0.103,0.18592314782750327
768,884,116,0.116,0.20232185432920233
778,889,111,0.111,0.20191034651373047
704,852,148,0.148,0.21443919259496033
732,866,134,0.134,0.21362187728611753
736,868,132,0.132,0.20658785403706134
744,872,128,0.128,0.2079209939381474
758,879,121,0.121,0.20911759255081416
782,891,109,0.109,0.19864510614665773
770,885,115,0.115,0.1918756316193503
716,858,142,0.142,0.2106637867599129
762,881,119,0.119,0.19776445583590607
746,873,127,0.127,0.20018606688454746
734,867,133,0.133,0.2025289813601994
746,873,127,0.127,0.2066660867575556
774,887,113,0.113,0.191797354490845
756,878,122,0.122,0.20150618228316308
778,889,111,0.111,0.17897775299765636
734,867,133,0.133,0.1881819803742692
746,873,127,0.127,0.1790294226826518
804,902,98,0.098,0.1725526033961214
770,885,115,0.115,0.17808231680234893
792,896,104,0.104,0.184098657887429
818,909,91,0.091,0.17554299877164886
700,850,150,0.15,0.18258289678030176
784,892,108,0.108,0.16462972925748853
786,893,107,0.107,0.18238600221648812
732,866,134,0.134,0.1696120431703166
706,853,147,0.147,0.17879890583546496
824,912,88,0.088,0.16869875766336917
796,898,102,0.102,0.16751331626204774
788,894,106,0.106,0.16088414708944038
724,862,138,0.138,0.16329038617946207
786,893,107,0.107,0.16521775956411147
754,877,123,0.123,0.16719067954178898
748,874,126,0.126,0.15556607719318707
734,867,133,0.133,0.15907995617998483
708,854,146,0.146,0.15748062975821167
808,904,96,0.096,0.1565385056436062
772,886,114,0.114,0.14600599258823788
804,902,98,0.098,0.1475475398087874
738,869,131,0.131,0.1543680847240612
758,879,121,0.121,0.15444869909302616
748,874,126,0.126,0.14564955888083206
794,897,103,0.103,0.13575312096088543
716,858,142,0.142,0.15081706951465518
716,858,142,0.142,0.14821774875225457
836,918,82,0.082,0.1428760698735714
786,893,107,0.107,0.1308370115441321
720,860,140,0.14,0.14099872007779776
760,880,120,0.12,0.13454643260075683
762,881,119,0.119,0.13276339183980598
826,913,87,0.087,0.13206182880236525
790,895,105,0.105,0.13500661381968532
806,903,97,0.097,0.13383835677496383
762,881,119,0.119,0.14236887013120578
734,867,133,0.133,0.1391430586356446
784,892,108,0.108,0.13982401467681496
766,883,117,0.117,0.14203196957991263
772,886,114,0.114,0.14588469323476694
712,856,144,0.144,0.15525970611353454
718,859,141,0.141,0.14369551927689464
808,904,96,0.096,0.14076899987156502
734,867,133,0.133,0.1568041496615333
786,893,107,0.107,0.13929979108925908
774,887,113,0.113,0.14697460894309916
782,891,109,0.109,0.150875684607774
688,844,156,0.156,0.16114979357547418
694,847,153,0.153,0.15643457406871883
716,858,142,0.142,0.1505920336199779
834,917,83,0.083,0.14116516637825408
850,925,75,0.075,0.13973127065054722
736,868,132,0.132,0.15325433934107424
812,906,94,0.094,0.13900879082207393
782,891,109,0.109,0.13135447939205916
786,893,107,0.107,0.13355124541185795
796,898,102,0.102,0.1178914793562144
800,900,100,0.1,0.10992176326925983
798,899,101,0.101,0.1208396727531217
760,880,120,0.12,0.11252347202909734
848,924,76,0.076,0.10042056868225337
806,903,97,0.097,0.10895144448292503
760,880,120,0.12,0.1087883759383113
736,868,132,0.132,0.11664591307652881
748,874,126,0.126,0.12151345928758384
764,882,118,0.118,0.12184039228470647
738,869,131,0.131,0.11608159950884873
796,898,102,0.102,0.1194898665990695
792,896,104,0.104,0.11000233198516073
788,894,106,0.106,0.11428050476502176
772,886,114,0.114,0.12280224403134037
706,853,147,0.147,0.12907726187013396
720,860,140,0.14,0.13053028262868974
750,875,125,0.125,0.1241054057489414
734,867,133,0.133,0.13621686641529027
756,878,122,0.122,0.12833178165927533
724,862,138,0.138,0.1264608830586076
750,875,125,0.125,0.12397897874144838
786,893,107,0.107,0.12080261377216085
714,857,143,0.143,0.12263544694226584
714,857,143,0.143,0.1221827007085085
718,859,141,0.141,0.1248490343613521
728,864,136,0.136,0.1278014313325184
800,900,100,0.1,0.10578327009780333
766,883,117,0.117,0.11837615795619785
746,873,127,0.127,0.11506956471595914
776,888,112,0.112,0.10835950786806643
762,881,119,0.119,0.10510967506111774
756,878,122,0.122,0.10791072711531241
682,841,159,0.159,0.11972094076033682
750,875,125,0.125,0.10515798413206358
732,866,134,0.134,0.11149245001335185
706,853,147,0.147,0.12642380937677808
764,882,118,0.118,0.10441093755991966
768,884,116,0.116,0.10696102848649025
784,892,108,0.108,0.10838578971274547
768,884,116,0.116,0.11410575360621805
784,892,108,0.108,0.10475554893910886
710,855,145,0.145,0.10890984066389502
800,900,100,0.1,0.09806402604095638
828,914,86,0.086,0.09592844146478456
712,856,144,0.144,0.11483456912450493
722,861,139,0.139,0.10821805223636329
740,870,130,0.13,0.10095556400695843
744,872,128,0.128,0.10734465744532645
768,884,116,0.116,0.1105716045112349
814,907,93,0.093,0.1001557392038725
746,873,127,0.127,0.10746130966795386
816,908,92,0.092,0.09269602155126631
744,872,128,0.128,0.1025849281726405
792,896,104,0.104,0.10404001276801482
750,875,125,0.125,0.10907233558222651
752,876,124,0.124,0.10729309954320343
800,900,100,0.1,0.11000898635929458
718,859,141,0.141,0.11794951182976365
758,879,121,0.121,0.11630991747947178
800,900,100,0.1,0.1094141718763858
730,865,135,0.135,0.11453700344489948
758,879,121,0.121,0.12017690627952106
690,845,155,0.155,0.12828085921732055
762,881,119,0.119,0.11560686488379726
844,922,78,0.078,0.1140653617773205
716,858,142,0.142,0.11817528090734777
802,901,99,0.099,0.11362152896777843
776,888,112,0.112,0.11424684641696514
780,890,110,0.11,0.12145757693052292
768,884,116,0.116,0.12738372622290303
748,874,126,0.126,0.1313690175190568
688,844,156,0.156,0.1387034265614784
742,871,129,0.129,0.1310233811400831
796,898,102,0.102,0.1176328982359524
760,880,120,0.12,0.13104746706364676
712,856,144,0.144,0.13669847522256895
718,859,141,0.141,0.13573391671863125
846,923,77,0.077,0.11841836884234329
766,883,117,0.117,0.126671646567408
758,879,121,0.121,0.12405136710032821
710,855,145,0.145,0.12526710172976777
814,907,93,0.093,0.12464379938994535
786,893,107,0.107,0.12674997577997782
792,896,104,0.104,0.12035725207906216
788,894,106,0.106,0.1348453889004886
764,882,118,0.118,0.13332036902755498
740,870,130,0.13,0.13768512184917936
806,903,97,0.097,0.1334634351221721
768,884,116,0.116,0.1361789019331336
746,873,127,0.127,0.13988982800277883
798,899,101,0.101,0.1355287564043283
764,882,118,0.118,0.14844401798257603
756,878,122,0.122,0.14223337766201438
816,908,92,0.092,0.13211567320488393
762,881,119,0.119,0.140349395244848
820,910,90,0.09,0.1334717066999292
844,922,78,0.078,0.13641814688360318
788,894,106,0.106,0.13719868610613048
768,884,116,0.116,0.1416876985859126
772,886,114,0.114,0.1407767575401813
750,875,125,0.125,0.14883518763817846
790,895,105,0.105,0.14304186148522421
780,890,110,0.11,0.1325451208706945
746,873,127,0.127,0.13943039794259635
818,909,91,0.091,0.1336328866542899
772,886,114,0.114,0.1234550031204708
704,852,148,0.148,0.14558643234916963
786,893,107,0.107,0.14081567714107543
766,883,117,0.117,0.1358688993208634
768,884,116,0.116,0.13995474099220337
778,889,111,0.111,0.14961084958937135
788,894,106,0.106,0.1426256680865772
746,873,127,0.127,0.15264871649240014
804,902,98,0.098,0.14281350546889007
726,863,137,0.137,0.15419328713417052
716,858,142,0.142,0.1486055794423446
796,898,102,0.102,0.13616813008859754
726,863,137,0.137,0.1547956147042963
758,879,121,0.121,0.15711726358253508
798,899,101,0.101,0.15607827412523329
764,882,118,0.118,0.14940987531613792
790,895,105,0.105,0.14006894555108698
740,870,130,0.13,0.15850283896917244
790,895,105,0.105,0.16035069296136498
796,898,102,0.102,0.1519724940281012
742,871,129,0.129,0.14952729617292368
768,884,116,0.116,0.16113171519734898
802,901,99,0.099,0.14962650031549857
792,896,104,0.104,0.1458424125772781
710,855,145,0.145,0.15282722608406268
772,886,114,0.114,0.1495281236353349
736,868,132,0.132,0.16387259129807352
746,873,127,0.127,0.15083057022746651
746,873,127,0.127,0.15037495386708452
796,898,102,0.102,0.14745224972864857
746,873,127,0.127,0.14221980632841588
752,876,124,0.124,0.14352691288664937
792,896,104,0.104,0.14479175914288497
764,882,118,0.118,0.14939360248321465
752,876,124,0.124,0.1503605400202796
762,881,119,0.119,0.1509560791333206
822,911,89,0.089,0.1385200528651476
774,887,113,0.113,0.15065291596138922
778,889,111,0.111,0.15124558486334172
814,907,93,0.093,0.14798651542142036
768,884,116,0.116,0.15775735289976
720,860,140,0.14,0.17073691701923963
682,841,159,0.159,0.16200901476572369
772,886,114,0.114,0.14780658175423741
724,862,138,0.138,0.1545408737193793
828,914,86,0.086,0.14687486003525554
756,878,122,0.122,0.15404853504122
796,898,102,0.102,0.155446254460948
746,873,127,0.127,0.15334206629544497
768,884,116,0.116,0.1604016258425545
752,876,124,0.124,0.15763998584128863
798,899,101,0.101,0.14774872073263395
690,845,155,0.155,0.1640857526396203
786,893,107,0.107,0.15340455660223962
772,886,114,0.114,0.15650544991716742
782,891,109,0.109,0.15261940537812188
758,879,121,0.121,0.15683066996916295
794,897,103,0.103,0.1471656818347784
752,876,124,0.124,0.16285842481232254
746,873,127,0.127,0.16316808270663022
752,876,124,0.124,0.1610028383526951
740,870,130,0.13,0.16325590418842617
732,866,134,0.134,0.15679832191404422
816,908,92,0.092,0.15692253860272468
784,892,108,0.108,0.15439357145223767
772,886,114,0.114,0.1561358758509159
798,899,101,0.101,0.16203497226908803
792,896,104,0.104,0.16407389318197965
778,889,111,0.111,0.17595755724422635
766,883,117,0.117,0.16717605198372984
740,870,130,0.13,0.18096860426757666
756,878,122,0.122,0.18104993366980557
780,890,110,0.11,0.18500439864065266
738,869,131,0.131,0.19407536184042692
736,868,132,0.132,0.19382594044331927
756,878,122,0.122,0.18513147503510116
778,889,111,0.111,0.18436166709475219
762,881,119,0.119,0.1933913036324084
758,879,121,0.121,0.21081532691754
742,871,129,0.129,0.19513469021208585
812,906,94,0.094,0.19966447807796067
736,868,132,0.132,0.2081898081097752
762,881,119,0.119,0.20364649501832446
802,901,99,0.099,0.19927093071948668
760,880,120,0.12,0.20636896100779023
790,895,105,0.105,0.21628150669389465
762,881,119,0.119,0.21117715543762253
768,884,116,0.116,0.20365930574713276
782,891,109,0.109,0.2067976732099854
752,876,124,0.124,0.20349769189953804
736,868,132,0.132,0.22014349805191158
796,898,102,0.102,0.2077843964919448
734,867,133,0.133,0.21180661128088832
742,871,129,0.129,0.24113724773423748
758,879,121,0.121,0.2293018402941525
778,889,111,0.111,0.22115503161649394
754,877,123,0.123,0.23541701733507217
826,913,87,0.087,0.22328502150789428
738,869,131,0.131,0.23097908609360457
740,870,130,0.13,0.24165988110564648
718,859,141,0.141,0.23623205904003497
748,874,126,0.126,0.25354069709437954
792,896,104,0.104,0.24981249721055976
794,897,103,0.103,0.24926686172065107
742,871,129,0.129,0.2571984544003062
748,874,126,0.126,0.2687761788006173
802,901,99,0.099,0.27053534365445375
712,856,144,0.144,0.2733194879621733
722,861,139,0.139,0.2856369821726112
788,894,106,0.106,0.29285475112171844
760,880,120,0.12,0.2814089978692027
762,881,119,0.119,0.29239333237682874
780,890,110,0.11,0.27331522966414923
808,904,96,0.096,0.26655476503397596
788,894,106,0.106,0.2776239222828299
714,857,143,0.143,0.284525188410189
782,891,109,0.109,0.27097679663449525
810,905,95,0.095,0.2701163614541292
790,895,105,0.105,0.2625983442933066
844,922,78,0.078,0.2683114477875788
722,861,139,0.139,0.27581445444526614
768,884,116,0.116,0.28010372292250396
804,902,98,0.098,0.2668309543442447
790,895,105,0.105,0.25016770935058597
720,860,140,0.14,0.25449219366535547
730,865,135,0.135,0.26483660894818606
806,903,97,0.097,0.24003990925906693
724,862,138,0.138,0.25532803954259725
806,903,97,0.097,0.26268387053646436
774,887,113,0.113,0.260757856734097
782,891,109,0.109,0.27334653841576073
774,887,113,0.113,0.2725312720751681
714,857,143,0.143,0.2837726016892775
742,871,129,0.129,0.26709302975685567
740,870,130,0.13,0.26658689618855713
754,877,123,0.123,0.2819426671834663
748,874,126,0.126,0.2810523063614965
696,848,152,0.152,0.2886778821274638
784,892,108,0.108,0.2802847854230063
814,907,93,0.093,0.2751320219403601
732,866,134,0.134,0.29333735009552764
786,893,107,0.107,0.28246705613644046
820,910,90,0.09,0.27452133618446534
730,865,135,0.135,0.2927184926930514
722,861,139,0.139,0.2877782083246857
716,858,142,0.142,0.2937477204041661
760,880,120,0.12,0.2857997173564509
806,903,97,0.097,0.2835485129749868
802,901,99,0.099,0.28097109843511137
750,875,125,0.125,0.2915148472834844
744,872,128,0.128,0.2913847869717416
766,883,117,0.117,0.29612815716024493
774,887,113,0.113,0.3020087649039924
794,897,103,0.103,0.30331848611182066
764,882,118,0.118,0.30763386270403864
762,881,119,0.119,0.30817880901738415
786,893,107,0.107,0.3063656677927356
834,917,83,0.083,0.30083822724455966
730,865,135,0.135,0.3250768089815974
756,878,122,0.122,0.3089290755590191
736,868,132,0.132,0.30983271303772925
734,867,133,0.133,0.3252641806378961
720,860,140,0.14,0.3179025677666068
722,861,139,0.139,0.3294133594110608
766,883,117,0.117,0.32373416228592394
776,888,112,0.112,0.32296649065613803
696,848,152,0.152,0.3276115645415848
798,899,101,0.101,0.3310682625444606
794,897,103,0.103,0.3213559410094007
794,897,103,0.103,0.3245689718089998
738,869,131,0.131,0.33963993637263773
810,905,95,0.095,0.3224169703684747
730,865,135,0.135,0.32989969785004
744,872,128,0.128,0.3396706804037094
812,906,94,0.094,0.31265533074736596
784,892,108,0.108,0.33201975632458924
800,900,100,0.1,0.33059688271372945
720,860,140,0.14,0.3400915148332715
764,882,118,0.118,0.32803357820764356
732,866,134,0.134,0.32604656055259873
716,858,142,0.142,0.3148181281243365
698,849,151,0.151,0.3383717082887888
812,906,94,0.094,0.3217617547959089
790,895,105,0.105,0.3134239183745813
754,877,123,0.123,0.31930709425849363
762,881,119,0.119,0.31064919880591335
732,866,134,0.134,0.3129732023067772
728,864,136,0.136,0.31501729785138743
776,888,112,0.112,0.31050223094969986
726,863,137,0.137,0.31619955535640476
784,892,108,0.108,0.3043264448940754
796,898,102,0.102,0.31251556224189697
746,873,127,0.127,0.303085633225739
848,924,76,0.076,0.30203913923168196
772,886,114,0.114,0.3065109493434429
760,880,120,0.12,0.31133591493591667
770,885,115,0.115,0.30623881982220336
726,863,137,0.137,0.3167807975038886
750,875,125,0.125,0.3124658649081532
686,843,157,0.157,0.32098895306071606
750,875,125,0.125,0.307719500079417
690,845,155,0.155,0.32483789645055006
744,872,128,0.128,0.3094400453317784
806,903,97,0.097,0.3189278821200132
752,876,124,0.124,0.3109373016207973
738,869,131,0.131,0.3245213912234176
712,856,144,0.144,0.31553373140841723
714,857,143,0.143,0.32813198744505645
730,865,135,0.135,0.32279630641639234
730,865,135,0.135,0.3337539236159064
786,893,107,0.107,0.3039747964339331
790,895,105,0.105,0.30494026083126663
770,885,115,0.115,0.3076881920445576
742,871,129,0.129,0.28766209512015734
764,882,118,0.118,0.29952251604944496
818,909,91,0.091,0.28943799662590025
740,870,130,0.13,0.298875930099157
788,894,106,0.106,0.2870948520228267
770,885,115,0.115,0.27904020623117687
834,917,83,0.083,0.28447245627641676
738,869,131,0.131,0.28421606042981146
798,899,101,0.101,0.2841715270243585
764,882,118,0.118,0.28073811374652
728,864,136,0.136,0.27681742405582915
768,884,116,0.116,0.281984115421772
760,880,120,0.12,0.29357271452527495
752,876,124,0.124,0.29164348911494015
748,874,126,0.126,0.2896661608928668
742,871,129,0.129,0.3011819878195947
750,875,125,0.125,0.30726792937517167
744,872,128,0.128,0.31161230000347584
802,901,99,0.099,0.3091909142434597
700,850,150,0.15,0.3346469520904939
790,895,105,0.105,0.3305731925755158
746,873,127,0.127,0.3273147461209228
806,903,97,0.097,0.33365149852633474
764,882,118,0.118,0.33935953115671874
804,902,98,0.098,0.3634136040881276
764,882,118,0.118,0.35552443893998864
754,877,123,0.123,0.3686946550901048
758,879,121,0.121,0.38399039849706607
760,880,120,0.12,0.3721590278409421
716,858,142,0.142,0.36298486157495063
778,889,111,0.111,0.3657097060496265
766,883,117,0.117,0.37740743488445877
746,873,127,0.127,0.38449535527825357
658,829,171,0.171,0.3912121243774891
824,912,88,0.088,0.38365283235907555
786,893,107,0.107,0.39343664519861343
776,888,112,0.112,0.3981982759591192
766,883,117,0.117,0.42446416058575526
800,900,100,0.1,0.4291441011166927
756,878,122,0.122,0.5256805947128159
744,872,128,0.128,0.5317552084773779
738,869,131,0.131,0.5074054262638092
804,902,98,0.098,0.5803395531091393
764,882,118,0.118,0.5845734137369581
742,871,129,0.129,0.6093113386959303
792,896,104,0.104,0.5762654813365461
724,862,138,0.138,0.6060571684613824
670,835,165,0.165,0.6138489184209066
684,842,158,0.158,0.6561742845799672
766,883,117,0.117,0.6136346511766314
700,850,150,0.15,0.6613001428097487
756,878,122,0.122,0.6253737087459303
694,847,153,0.153,0.6919643941043605
760,880,120,0.12,0.6532751720249653
692,846,154,0.154,0.7190460980596836
786,893,107,0.107,0.7348437039256096
784,892,108,0.108,0.7368414560332894
776,888,112,0.112,0.7401234742947854
740,870,130,0.13,0.7384347801971817
670,835,165,0.165,0.7523127114400268
738,869,131,0.131,0.7199492385834455
744,872,128,0.128,0.7238552338145673
770,885,115,0.115,0.7136886121928692
692,846,154,0.154,0.7193033948689699
762,881,119,0.119,0.7214852516949177
764,882,118,0.118,0.7130232346653939
740,870,130,0.13,0.6979639041627197
746,873,127,0.127,0.7095497064591622
798,899,101,0.101,0.712506806910038
728,864,136,0.136,0.701963146420769
782,891,109,0.109,0.6802997086719843
750,875,125,0.125,0.6920242757854319
798,899,101,0.101,0.683032960742712
764,882,118,0.118,0.6749487756276643
672,836,164,0.164,0.6898300771564245
730,865,135,0.135,0.6943354215621949
704,852,148,0.148,0.6917019403874874
790,895,105,0.105,0.7038807074106823
712,856,144,0.144,0.6892440365796211
712,856,144,0.144,0.698778164935502
674,837,163,0.163,0.7175227287709713
760,880,120,0.12,0.6979338095188141
788,894,106,0.106,0.6946857893984622
692,846,154,0.154,0.6882291536505573
770,885,115,0.115,0.6951421262398362
742,871,129,0.129,0.7043979912698269
708,854,146,0.146,0.7016427662009083
798,899,101,0.101,0.6985508699854835
792,896,104,0.104,0.6801193923726678
708,854,146,0.146,0.7038884973809327
768,884,116,0.116,0.690189998537302
772,886,114,0.114,0.6860366394221784
730,865,135,0.135,0.6851101575791836
728,864,136,0.136,0.6818777593285549
738,869,131,0.131,0.6752928857750012
708,854,146,0.146,0.6727940193340183
804,902,98,0.098,0.6463893453627825
740,870,130,0.13,0.6442826899701467
768,884,116,0.116,0.646315212957561
722,861,139,0.139,0.6421773625612259
690,845,155,0.155,0.6473849601801485
788,894,106,0.106,0.6387770529836416
806,903,97,0.097,0.6281319489926099
726,863,137,0.137,0.6345724083185196
710,855,145,0.145,0.6258581931591036
722,861,139,0.139,0.627040746062994
772,886,114,0.114,0.6112623204947449
764,882,118,0.118,0.6151990200579166
772,886,114,0.114,0.6128369412869215
784,892,108,0.108,0.6124147202979036
718,859,141,0.141,0.624133476531133
672,836,164,0.164,0.6418591669425369
724,862,138,0.138,0.6373473822452361
766,883,117,0.117,0.6449019716517393
714,857,143,0.143,0.6577062340866239
780,890,110,0.11,0.6575251552462578
806,903,97,0.097,0.6649194407500326
792,896,104,0.104,0.6597172353714704
728,864,136,0.136,0.6778951949179173
722,861,139,0.139,0.6682518121171742
752,876,124,0.124,0.6649716792519903
768,884,116,0.116,0.6673918851892813
720,860,140,0.14,0.6861322431296358
768,884,116,0.116,0.6777248267483664
758,879,121,0.121,0.689910502821207
766,883,117,0.117,0.685534493053623
812,906,94,0.094,0.6985692248081323
782,891,109,0.109,0.7155737892091274
662,831,169,0.169,0.7136986007411033
712,856,144,0.144,0.712839697546426
786,893,107,0.107,0.7135897261202335
744,872,128,0.128,0.716682962231338
754,877,123,0.123,0.7407296459128876
766,883,117,0.117,0.7429637653687096
732,866,134,0.134,0.7296432043441163
744,872,128,0.128,0.7309463339673821
772,886,114,0.114,0.7391345397894038
700,850,150,0.15,0.7427217810304172
736,868,132,0.132,0.7377420599600301
822,911,89,0.089,0.7420550305824727
792,896,104,0.104,0.7372460746687847
714,857,143,0.143,0.7518783045709133
688,844,156,0.156,0.7685198304653672
762,881,119,0.119,0.7686897723603761
792,896,104,0.104,0.762158501038049
718,859,141,0.141,0.7692300968911059
764,882,118,0.118,0.765856071293354
728,864,136,0.136,0.7518810214565056
742,871,129,0.129,0.7672582678496838
772,886,114,0.114,0.7541210891035734
764,882,118,0.118,0.758278919287026
774,887,113,0.113,0.755725535415113
738,869,131,0.131,0.7589145186319948
794,897,103,0.103,0.7483756338357925
728,864,136,0.136,0.7518349101012572
728,864,136,0.136,0.7473668458871543
702,851,149,0.149,0.7396282315051649
696,848,152,0.152,0.7244519879333675
696,848,152,0.152,0.7063813563381552
758,879,121,0.121,0.7379819396287203
712,856,144,0.144,0.7025527656823397
770,885,115,0.115,0.6983990384042263
742,871,129,0.129,0.705323299895972
688,844,156,0.156,0.6822555477041119
734,867,133,0.133,0.6707451110109687
748,874,126,0.126,0.6482720515020192
804,902,98,0.098,0.64557326779305
732,866,134,0.134,0.6475853322653174
780,890,110,0.11,0.5814154676659146
800,900,100,0.1,0.5637402625530958
718,859,141,0.141,0.5505778593514115
760,880,120,0.12,0.5853376051299274
772,886,114,0.114,0.5870806069374085
748,874,126,0.126,0.5559009606365289
716,858,142,0.142,0.5494590773265808
734,867,133,0.133,0.5157689156383276
732,866,134,0.134,0.5014280016869307
752,876,124,0.124,0.5055918702898058
798,899,101,0.101,0.4992834502607584
714,857,143,0.143,0.4740263318158686
772,886,114,0.114,0.43944219851837263
802,901,99,0.099,0.44413110862858596
752,876,124,0.124,0.4591788002504036
790,895,105,0.105,0.3877702162386856
762,881,119,0.119,0.35604717034101485
798,899,101,0.101,0.3610473232716322
774,887,113,0.113,0.32149366517979155
772,886,114,0.114,0.3526547757349908
782,891,109,0.109,0.34553727313876154
766,883,117,0.117,0.3207416493881028
750,875,125,0.125,0.3384249570481479
778,889,111,0.111,0.3142717437846586
684,842,158,0.158,0.3406554178837687
726,863,137,0.137,0.3093248215643689
802,901,99,0.099,0.32786225495487453
742,871,129,0.129,0.3052241358217244
778,889,111,0.111,0.3052065651553421
796,898,102,0.102,0.31227510654619256
828,914,86,0.086,0.299221184926814
742,871,129,0.129,0.2938878118172288
750,875,125,0.125,0.30064352907575087
770,885,115,0.115,0.2892825258739722
808,904,96,0.096,0.2860281947813928
766,883,117,0.117,0.2941691103465996
776,888,112,0.112,0.29418881425680593
766,883,117,0.117,0.2924329469576478
740,870,130,0.13,0.2953444813443348
774,887,113,0.113,0.2962419918525684
790,895,105,0.105,0.29890394893661143
724,862,138,0.138,0.2870828910898417
772,886,114,0.114,0.29401364726945756
748,874,126,0.126,0.2876563425590345
736,868,132,0.132,0.28542242308005594
718,859,141,0.141,0.3079631690979342
800,900,100,0.1,0.30380706521123646
804,902,98,0.098,0.3106420077253133
792,896,104,0.104,0.2967384170182049
784,892,108,0.108,0.3092666807085572
770,885,115,0.115,0.3194427714327912
814,907,93,0.093,0.3189408453293145
736,868,132,0.132,0.3246163613636745
778,889,111,0.111,0.3157252612540651
778,889,111,0.111,0.3192650316986255
788,894,106,0.106,0.3081190023194067
734,867,133,0.133,0.32880958381845266
768,884,116,0.116,0.32780954061448575
782,891,109,0.109,0.33091817651316524
772,886,114,0.114,0.3393174955639988
772,886,114,0.114,0.3480237421914935
756,878,122,0.122,0.35480607687588783
772,886,114,0.114,0.3440090511091985
708,854,146,0.146,0.35068027394037926
750,875,125,0.125,0.3701172086074948
782,891,109,0.109,0.37921304141740964
794,897,103,0.103,0.38295833618938924
720,860,140,0.14,0.38692626224458215
694,847,153,0.153,0.40420209539681673
776,888,112,0.112,0.42012791556864976
704,852,148,0.148,0.4236599117117906
792,896,104,0.104,0.41757404191832115
818,909,91,0.091,0.4561765451133251
778,889,111,0.111,0.4637120395181701
724,862,138,0.138,0.44651261864602565
772,886,114,0.114,0.4457455584689742
706,853,147,0.147,0.45743932674543974
758,879,121,0.121,0.4620058108497441
786,893,107,0.107,0.45464560366549994
780,890,110,0.11,0.47794978655385784
748,874,126,0.126,0.475008967474103
802,901,99,0.099,0.4702119629617082
774,887,113,0.113,0.47137177288532256
764,882,118,0.118,0.48698573318356647
750,875,125,0.125,0.5072681366708129
730,865,135,0.135,0.5168782993089408
826,913,87,0.087,0.5025277003347873
762,881,119,0.119,0.548569962784648
746,873,127,0.127,0.5611362011543825
772,886,114,0.114,0.5568683334216475
762,881,119,0.119,0.5949850153774023
708,854,146,0.146,0.6032807715683303
770,885,115,0.115,0.5836820873916149
704,852,148,0.148,0.5929004046320915
766,883,117,0.117,0.5915020441333764
730,865,135,0.135,0.6186925684446469
752,876,124,0.124,0.5913268664292991
734,867,133,0.133,0.6174150188204949
750,875,125,0.125,0.6270740429461003
760,880,120,0.12,0.644643800077736
794,897,103,0.103,0.6531363630237624
780,890,110,0.11,0.6395654362567997
720,860,140,0.14,0.6697802322283387
786,893,107,0.107,0.700937456112355
738,869,131,0.131,0.7139308178722859
764,882,118,0.118,0.7278273309469223
754,877,123,0.123,0.7202406470117794
696,848,152,0.152,0.712318311035633
760,880,120,0.12,0.7466086421906948
724,862,138,0.138,0.751151277422905
718,859,141,0.141,0.7395990751679817
744,872,128,0.128,0.7353847113242373
746,873,127,0.127,0.7558840503771511
736,868,132,0.132,0.7568391487666523
728,864,136,0.136,0.7389070178474977
688,844,156,0.156,0.7563581077138665
762,881,119,0.119,0.756260082513094
744,872,128,0.128,0.7561455978453283
750,875,125,0.125,0.7729160878674883
752,876,124,0.124,0.7816422921345803
744,872,128,0.128,0.7805462500751018
686,843,157,0.157,0.7854313734769821
706,853,147,0.147,0.7933125741779804
754,877,123,0.123,0.7902329374244437
782,891,109,0.109,0.7894556968063116
754,877,123,0.123,0.788263188123703
736,868,132,0.132,0.7933233825005591
732,866,134,0.134,0.7863220543770328
762,881,119,0.119,0.7874344908595086
750,875,125,0.125,0.7911116954684257
692,846,154,0.154,0.7950261279642582
716,858,142,0.142,0.788730699647218
764,882,118,0.118,0.7868327047209054
770,885,115,0.115,0.7737348906695842
752,876,124,0.124,0.7740744092550197
780,890,110,0.11,0.7635026462078095
746,873,127,0.127,0.7697112882998772
748,874,126,0.126,0.7605738299954683
752,876,124,0.124,0.7652608436029625
740,870,130,0.13,0.7518411249900236
740,870,130,0.13,0.745426068971632
716,858,142,0.142,0.7428330196671427
750,875,125,0.125,0.7481557481836895
734,867,133,0.133,0.7474732997874962
798,899,101,0.101,0.7486448683142662
752,876,124,0.124,0.7373387862546369
698,849,151,0.151,0.7429410041570663
770,885,115,0.115,0.7412757004218292
768,884,116,0.116,0.7308610783557576
744,872,128,0.128,0.7311077351039276
770,885,115,0.115,0.7477674826681614
782,891,109,0.109,0.7376438424981734
770,885,115,0.115,0.7476956193724008
676,838,162,0.162,0.731760711312294
740,870,130,0.13,0.7356394159056033
750,875,125,0.125,0.7376401997674257
748,874,126,0.126,0.7440367780789812
728,864,136,0.136,0.7432724922597408
776,888,112,0.112,0.7417078525116085
822,911,89,0.089,0.7477691897451878
698,849,151,0.151,0.767921332495287
732,866,134,0.134,0.7593731290120631
718,859,141,0.141,0.749077050647742
728,864,136,0.136,0.751095648214221
740,870,130,0.13,0.7628662975709886
748,874,126,0.126,0.7560581828608854
858,929,71,0.071,0.7564897697269917
802,901,99,0.099,0.7622934494130313
798,899,101,0.101,0.7653239049596013
742,871,129,0.129,0.7670859281327576
746,873,127,0.127,0.7653377626018919
718,859,141,0.141,0.7558795992471278
688,844,156,0.156,0.76379107078982
720,860,140,0.14,0.7672382426146506
732,866,134,0.134,0.7610917392424308
722,861,139,0.139,0.7552061605611816
716,858,142,0.142,0.7565537330508232
770,885,115,0.115,0.7470353606715798
756,878,122,0.122,0.7621501556430158
724,862,138,0.138,0.7457731168861937
720,860,140,0.14,0.7404854567795992
716,858,142,0.142,0.7286386581882834
734,867,133,0.133,0.7437094111112638
734,867,133,0.133,0.7225115624371392
750,875,125,0.125,0.7206248467285186
786,893,107,0.107,0.7279245255227661
814,907,93,0.093,0.7302213072180748
742,871,129,0.129,0.7138252025200054
752,876,124,0.124,0.7258479617732813
708,854,146,0.146,0.7199638380386169
778,889,111,0.111,0.6898020659396424
792,896,104,0.104,0.6631633874207873
736,868,132,0.132,0.6511051124930382
708,854,146,0.146,0.6754823768140736
684,842,158,0.158,0.6174333359897254
778,889,111,0.111,0.6072736507691443
764,882,118,0.118,0.6086401809384759
832,916,84,0.084,0.6334644656561377
738,869,131,0.131,0.5779685456187829
806,903,97,0.097,0.6045645253265247
720,860,140,0.14,0.5795172133060751
790,895,105,0.105,0.56871449928917
730,865,135,0.135,0.5672362542906776
784,892,108,0.108,0.5588513827696443
836,918,82,0.082,0.5712480620933348
788,894,106,0.106,0.5435092709884047
700,850,150,0.15,0.5415655932575464
776,888,112,0.112,0.5463672174839302
798,899,101,0.101,0.564856256194417
764,882,118,0.118,0.5313063042135318
746,873,127,0.127,0.5088251883287448
776,888,112,0.112,0.5060209256857638
746,873,127,0.127,0.4981318315903941
758,879,121,0.121,0.5155223513841629
706,853,147,0.147,0.49538647534326163
780,890,110,0.11,0.5124046682305634
760,880,120,0.12,0.4975998660889636
740,870,130,0.13,0.4937503559142351
746,873,127,0.127,0.48505322117976124
730,865,135,0.135,0.5062250112255373
754,877,123,0.123,0.4906035183194085
724,862,138,0.138,0.48406338671932464
768,884,116,0.116,0.49415895631879414
786,893,107,0.107,0.49610509830101013
768,884,116,0.116,0.4808763439716577
680,840,160,0.16,0.4702195923076943
754,877,123,0.123,0.4648819947848105
762,881,119,0.119,0.4828855591341853
702,851,149,0.149,0.4738478222640988
794,897,103,0.103,0.4657498660683632
818,909,91,0.091,0.4856561044547707
760,880,120,0.12,0.4577928104300663
760,880,120,0.12,0.484539429590106
766,883,117,0.117,0.4612845348389019
804,902,98,0.098,0.5007413185091667
722,861,139,0.139,0.47646679517801305
748,874,126,0.126,0.4683666270445355
738,869,131,0.131,0.48046820909529925
742,871,129,0.129,0.4628820468924896
762,881,119,0.119,0.4764778127465397
794,897,103,0.103,0.4868231940426871
722,861,139,0.139,0.4600552419862361
732,866,134,0.134,0.4837619779035449
726,863,137,0.137,0.45572167079830345
738,869,131,0.131,0.49352722815693356
744,872,128,0.128,0.4666298779625504
716,858,142,0.142,0.4466853007040918
748,874,126,0.126,0.4475820713881294
798,899,101,0.101,0.46529459408973345
776,888,112,0.112,0.4468160515368727
776,888,112,0.112,0.4302799819256179
784,892,108,0.108,0.4302046113116678
730,865,135,0.135,0.40671300383363995
748,874,126,0.126,0.42293766562640667
804,902,98,0.098,0.4202360351458192
702,851,149,0.149,0.37990055074868073
796,898,102,0.102,0.4114226983599365
754,877,123,0.123,0.4004980369722907
694,847,153,0.153,0.39884815587113703
772,886,114,0.114,0.38735089149326085
778,889,111,0.111,0.39353885034867564
732,866,134,0.134,0.3963793201856897
782,891,109,0.109,0.3535122880090494
794,897,103,0.103,0.3741723474636674
736,868,132,0.132,0.35753676316236566
734,867,133,0.133,0.3742843420188874
770,885,115,0.115,0.35350106789135394
760,880,120,0.12,0.3508349011766841
806,903,97,0.097,0.343294364707922
744,872,128,0.128,0.34499665634986015
834,917,83,0.083,0.35816165764909236
722,861,139,0.139,0.3497205944247544
768,884,116,0.116,0.36606268933229147
814,907,93,0.093,0.3428013986529204
756,878,122,0.122,0.3534932559031339
716,858,142,0.142,0.346037861894576
800,900,100,0.1,0.360615174692939
746,873,127,0.127,0.36715329182846473
744,872,128,0.128,0.35789580550789835
808,904,96,0.096,0.3599069691048935
712,856,144,0.144,0.3530623127595259
768,884,116,0.116,0.375054687127471
780,890,110,0.11,0.3685902667467017
758,879,121,0.121,0.3906887730965391
850,925,75,0.075,0.3809962315532612
772,886,114,0.114,0.3703011520206928
688,844,156,0.156,0.3637561926193005
762,881,119,0.119,0.36473863435350357
752,876,124,0.124,0.37287746450820125
736,868,132,0.132,0.3811908558914
738,869,131,0.131,0.37103347819672855
764,882,118,0.118,0.3991971649588086
758,879,121,0.121,0.4065901078693569
704,852,148,0.148,0.38753445275104814
766,883,117,0.117,0.3724927245480203
816,908,92,0.092,0.404786553069059
764,882,118,0.118,0.40379108198173347
762,881,119,0.119,0.3987340537323034
760,880,120,0.12,0.42163996236026285
690,845,155,0.155,0.4046386195597077
786,893,107,0.107,0.4199621993936598
788,894,106,0.106,0.4176004978586248
832,916,84,0.084,0.4292733803223819
798,899,101,0.101,0.4603339727986604
744,872,128,0.128,0.4614551061704844
816,908,92,0.092,0.4627175185903907
796,898,102,0.102,0.48204654414951803
800,900,100,0.1,0.4764669370451457
786,893,107,0.107,0.4845064056368679
806,903,97,0.097,0.4741092607057653
782,891,109,0.109,0.5001744294269197
788,894,106,0.106,0.49190299686044453
728,864,136,0.136,0.49197634049504996
836,918,82,0.082,0.49067959366890135
776,888,112,0.112,0.4830605140944044
754,877,123,0.123,0.5087443352698053
764,882,118,0.118,0.48090813167905433
826,913,87,0.087,0.5029194141179323
762,881,119,0.119,0.5056423310287737
742,871,129,0.129,0.5065581008886766
766,883,117,0.117,0.5115251274574548
688,844,156,0.156,0.533273431032896
774,887,113,0.113,0.5572772770206691
736,868,132,0.132,0.5553533202270046
756,878,122,0.122,0.5522663812900374
698,849,151,0.151,0.5797313013076782
748,874,126,0.126,0.5722342059934726
716,858,142,0.142,0.5961586500196717
748,874,126,0.126,0.5742436762745492
740,870,130,0.13,0.6077040742896497
786,893,107,0.107,0.5997983907163144
816,908,92,0.092,0.6178623734116554
830,915,85,0.085,0.6062435973081738
744,872,128,0.128,0.6249058565348387
794,897,103,0.103,0.6284468349047659
790,895,105,0.105,0.6161296410607174
750,875,125,0.125,0.62503002712648
780,890,110,0.11,0.5941985150041608
756,878,122,0.122,0.6011546809072607
780,890,110,0.11,0.5610434546539187
724,862,138,0.138,0.5232459201067686
776,888,112,0.112,0.5421040323864691
766,883,117,0.117,0.5648837717732718
758,879,121,0.121,0.5307890823967755
748,874,126,0.126,0.4996158187240435
762,881,119,0.119,0.472668140554335
776,888,112,0.112,0.48488907457143066
760,880,120,0.12,0.48053511700584567
810,905,95,0.095,0.48170364420488476
720,860,140,0.14,0.4803671053722501
720,860,140,0.14,0.46849167011678217
766,883,117,0.117,0.46116611029728677
754,877,123,0.123,0.4722673287757207
718,859,141,0.141,0.440041310259141
778,889,111,0.111,0.4540872266878782
796,898,102,0.102,0.4785715123410337
744,872,128,0.128,0.44388813443970865
794,897,103,0.103,0.4481262467752726
712,856,144,0.144,0.45423373228497804
726,863,137,0.137,0.4492771316813305
712,856,144,0.144,0.46504598573592376
778,889,111,0.111,0.4635042478593532
766,883,117,0.117,0.4858523924140801
796,898,102,0.102,0.4845188791830588
814,907,93,0.093,0.47747940458120797
792,896,104,0.104,0.4864676588042858
746,873,127,0.127,0.5025267817527056
726,863,137,0.137,0.48106783599220215
724,862,138,0.138,0.4739785738205537
738,869,131,0.131,0.4771182017176907
706,853,147,0.147,0.46725665506726366
698,849,151,0.151,0.47157315331324934
750,875,125,0.125,0.47508823189837857
724,862,138,0.138,0.4815468594450504
742,871,129,0.129,0.4788199269480723
778,889,111,0.111,0.5117976720951656
782,891,109,0.109,0.4906351029276848
784,892,108,0.108,0.5182209098595194
782,891,109,0.109,0.5003200668788624
722,861,139,0.139,0.5279328372851014
774,887,113,0.113,0.5396833962393713
740,870,130,0.13,0.5471344757934566
772,886,114,0.114,0.5620287593528631
760,880,120,0.12,0.544447383305155
704,852,148,0.148,0.5554283286936921
768,884,116,0.116,0.5390094227324019
720,860,140,0.14,0.5514396429214393
728,864,136,0.136,0.5702770074531436
732,866,134,0.134,0.5388277092357939
760,880,120,0.12,0.5476683923359961
740,870,130,0.13,0.5764872999191284
714,857,143,0.143,0.5792731014054734
716,858,142,0.142,0.5642938709179341
692,846,154,0.154,0.5861613724993077
744,872,128,0.128,0.584503542624414
784,892,108,0.108,0.5997347075887919
764,882,118,0.118,0.5764251495970529
732,866,134,0.134,0.5912026349982539
754,877,123,0.123,0.5919876253660769
722,861,139,0.139,0.6105167485252023
766,883,117,0.117,0.6035200204923749
772,886,114,0.114,0.5852801684382403
748,874,126,0.126,0.6167925310605206
706,853,147,0.147,0.5932240269483882
688,844,156,0.156,0.5772920036764554
772,886,114,0.114,0.6108650454432177
824,912,88,0.088,0.6164735911579337
734,867,133,0.133,0.5915270959526678
700,850,150,0.15,0.5860752238625921
756,878,122,0.122,0.5922867447628196
722,861,139,0.139,0.6031080584451556
800,900,100,0.1,0.6043561048060663
782,891,109,0.109,0.5948868559962138
780,890,110,0.11,0.5896471166512929
694,847,153,0.153,0.5850376257076859
794,897,103,0.103,0.5922421334795653
770,885,115,0.115,0.5945943352878094
808,904,96,0.096,0.5906418358981609
794,897,103,0.103,0.5947273448294748
782,891,109,0.109,0.5898758646249771
726,863,137,0.137,0.5842458507418633
734,867,133,0.133,0.5879403923861682
768,884,116,0.116,0.5898290354036726
794,897,103,0.103,0.5915535667676126
696,848,152,0.152,0.5861857618863905
774,887,113,0.113,0.5932329213432967
770,885,115,0.115,0.6117826874554158
774,887,113,0.113,0.6055376166561618
742,871,129,0.129,0.6002429622624635
768,884,116,0.116,0.5890253384402022
688,844,156,0.156,0.6048978880397045
766,883,117,0.117,0.5950613767956383
722,861,139,0.139,0.6012050153337186
772,886,114,0.114,0.6085472725325235
780,890,110,0.11,0.6129781178310514
800,900,100,0.1,0.6161469305848225
786,893,107,0.107,0.6347910453653081
750,875,125,0.125,0.624896982720762
734,867,133,0.133,0.6185461347470409
748,874,126,0.126,0.6236449144469917
734,867,133,0.133,0.6159843040313572
744,872,128,0.128,0.6275716945528984
780,890,110,0.11,0.6309521590769291
752,876,124,0.124,0.608603471544222
682,841,159,0.159,0.605907107040286
790,895,105,0.105,0.6247327746720984
752,876,124,0.124,0.6291023888532072
742,871,129,0.129,0.6157509116965375
720,860,140,0.14,0.6208315214216709
736,868,132,0.132,0.6403640094289094
758,879,121,0.121,0.6166011146022063
730,865,135,0.135,0.6343645154575351
722,861,139,0.139,0.6292375456988811
802,901,99,0.099,0.6450028186440467
702,851,149,0.149,0.6395679860897362
758,879,121,0.121,0.6239077213067794
726,863,137,0.137,0.6227754202050856
692,846,154,0.154,0.6286884099991968
724,862,138,0.138,0.6261898249786482
748,874,126,0.126,0.6194134966197489
770,885,115,0.115,0.630058823928237
720,860,140,0.14,0.6163961965320632
756,878,122,0.122,0.6166208724509925
784,892,108,0.108,0.6151927651751972
738,869,131,0.131,0.6182100614497936
784,892,108,0.108,0.6233254188895225
752,876,124,0.124,0.619803996540606
740,870,130,0.13,0.6124340962388982
718,859,141,0.141,0.6167093015705083
780,890,110,0.11,0.59114648348636
792,896,104,0.104,0.598215843454469
762,881,119,0.119,0.5972838568016887
796,898,102,0.102,0.5999133460243611
762,881,119,0.119,0.5830368223893456
770,885,115,0.115,0.5826928778858855
762,881,119,0.119,0.5813314855583028
738,869,131,0.131,0.5933224161267281
716,858,142,0.142,0.5779652693718672
780,890,110,0.11,0.590268496632576
770,885,115,0.115,0.5517818621130718
760,880,120,0.12,0.5537707443236141
820,910,90,0.09,0.5483504628241063
720,860,140,0.14,0.5377570538724894
756,878,122,0.122,0.5179240682487843
756,878,122,0.122,0.488053749700628
792,896,104,0.104,0.47811600981443186
768,884,116,0.116,0.4824508500918746
696,848,152,0.152,0.44102248601769856
792,896,104,0.104,0.47005673667120573
752,876,124,0.124,0.4375673676348816
792,896,104,0.104,0.4426606896445155
742,871,129,0.129,0.42445382121019065
766,883,117,0.117,0.4481141916214256
744,872,128,0.128,0.4307230555638671
748,874,126,0.126,0.42177086481829834
710,855,145,0.145,0.41593264654371886
744,872,128,0.128,0.415153034826435
742,871,129,0.129,0.38562649486213924
714,857,143,0.143,0.3614172578062862
754,877,123,0.123,0.3920785238890345
752,876,124,0.124,0.3444752571359277
794,897,103,0.103,0.33884033734031255
790,895,105,0.105,0.31787459161877635
760,880,120,0.12,0.33143633138842415
724,862,138,0.138,0.32195799837783123
788,894,106,0.106,0.3182964094094932
702,851,149,0.149,0.3168807344578381
786,893,107,0.107,0.31416211706772446
706,853,147,0.147,0.30330836481747947
768,884,116,0.116,0.3131318496732424
706,853,147,0.147,0.30586249769106505
678,839,161,0.161,0.30326722878354495
