log_avg_ept_score,log_avg_succ_req,log_avg_blk_req,log_avg_BP_req,log_avg_entropy
40,70,30,0.3,1.6077151119709014
38,69,31,0.31,1.607683036327362
32,66,34,0.34,1.6076347458362579
44,72,28,0.28,1.6076346290111543
36,68,32,0.32,1.6076411783695221
30,65,35,0.35,1.6076536393165588
30,65,35,0.35,1.6075080823898316
32,66,34,0.34,1.607497389316559
28,64,36,0.36,1.607518424987793
14,57,43,0.43,1.60756178855896
18,59,41,0.41,1.607489185333252
24,62,38,0.38,1.6074983835220338
16,58,42,0.42,1.6074944365024566
10,55,45,0.45,1.6074426186084747
12,56,44,0.44,1.60746812582016
34,67,33,0.33,1.607464462518692
24,62,38,0.38,1.6075540030002593
16,58,42,0.42,1.6074445176124572
14,57,43,0.43,1.6074552476406097
52,76,24,0.24,1.6073878026008606
34,67,33,0.33,1.6074841845035552
40,70,30,0.3,1.6073929035663606
32,66,34,0.34,1.607383567094803
36,68,32,0.32,1.6074580204486848
16,58,42,0.42,1.607371941804886
14,57,43,0.43,1.6074084556102752
50,75,25,0.25,1.6073951494693757
50,75,25,0.25,1.6073595416545867
44,72,28,0.28,1.6073478305339812
30,65,35,0.35,1.6073445546627045
42,71,29,0.29,1.6073982334136963
20,60,40,0.4,1.6074067676067352
42,71,29,0.29,1.607379674911499
26,63,37,0.37,1.60727884888649
4,52,48,0.48,1.6074529051780702
16,58,42,0.42,1.6073452568054198
32,66,34,0.34,1.6075025725364684
34,67,33,0.33,1.6073365235328674
58,79,21,0.21,1.607216441631317
34,67,33,0.33,1.6073488783836365
24,62,38,0.38,1.6073763382434845
22,61,39,0.39,1.6073621749877929
38,69,31,0.31,1.6073409640789031
40,70,30,0.3,1.6072935032844544
24,62,38,0.38,1.6073735463619232
32,66,34,0.34,1.607315937280655
50,75,25,0.25,1.6072645354270936
18,59,41,0.41,1.6073750424385072
20,60,40,0.4,1.6073647236824036
36,68,32,0.32,1.6072560274600982
28,64,36,0.36,1.6073316967487334
28,64,36,0.36,1.607433489561081
28,64,36,0.36,1.6073523044586182
24,62,38,0.38,1.607395248413086
46,73,27,0.27,1.6072629415988922
18,59,41,0.41,1.607448490858078
22,61,39,0.39,1.607366361618042
28,64,36,0.36,1.6072895693778992
32,66,34,0.34,1.6073037803173065
30,65,35,0.35,1.6073083972930908
20,60,40,0.4,1.6074923658370972
34,67,33,0.33,1.60737859249115
26,63,37,0.37,1.6073167109489441
32,66,34,0.34,1.6073535907268524
40,70,30,0.3,1.6074043166637422
40,70,30,0.3,1.6072224164009095
20,60,40,0.4,1.6073411226272583
40,70,30,0.3,1.6072476613521576
28,64,36,0.36,1.6074421882629395
50,75,25,0.25,1.6072590589523315
40,70,30,0.3,1.6074068009853364
48,74,26,0.26,1.6071912479400634
46,73,27,0.27,1.607357977628708
60,80,20,0.2,1.6072969031333924
32,66,34,0.34,1.6072457432746887
14,57,43,0.43,1.607174721956253
20,60,40,0.4,1.6071290242671967
26,63,37,0.37,1.6071555376052857
10,55,45,0.45,1.607136034965515
36,68,32,0.32,1.6073128736019135
32,66,34,0.34,1.607227029800415
20,60,40,0.4,1.607233030796051
14,57,43,0.43,1.6070244121551513
34,67,33,0.33,1.6071205532550812
18,59,41,0.41,1.6071528017520904
24,62,38,0.38,1.6071796000003815
32,66,34,0.34,1.6070849549770356
34,67,33,0.33,1.6072192299365997
44,72,28,0.28,1.6070734536647797
30,65,35,0.35,1.6070569682121276
22,61,39,0.39,1.6070706498622895
12,56,44,0.44,1.6070380294322968
38,69,31,0.31,1.6069159770011903
32,66,34,0.34,1.6070641028881072
28,64,36,0.36,1.6070119726657868
32,66,34,0.34,1.6070328843593598
16,58,42,0.42,1.6069935929775239
50,75,25,0.25,1.6070785820484161
42,71,29,0.29,1.606936993598938
42,71,29,0.29,1.6069855308532714
32,66,34,0.34,1.6068678891658783
12,56,44,0.44,1.6070986330509185
28,64,36,0.36,1.6068776834011078
24,62,38,0.38,1.6068358159065246
32,66,34,0.34,1.6068806421756745
28,64,36,0.36,1.6070654702186584
16,58,42,0.42,1.6068581295013429
18,59,41,0.41,1.606973592042923
26,63,37,0.37,1.606940211057663
14,57,43,0.43,1.606976866722107
28,64,36,0.36,1.6069321703910828
24,62,38,0.38,1.6068409371376038
30,65,35,0.35,1.6068228352069855
44,72,28,0.28,1.6065830564498902
12,56,44,0.44,1.60690647482872
22,61,39,0.39,1.6065631532669067
10,55,45,0.45,1.606869579553604
20,60,40,0.4,1.6066695761680603
22,61,39,0.39,1.6066499996185302
22,61,39,0.39,1.606779751777649
30,65,35,0.35,1.606711494922638
38,69,31,0.31,1.606733990907669
36,68,32,0.32,1.6067464566230774
24,62,38,0.38,1.6068221342563629
22,61,39,0.39,1.6067707979679107
40,70,30,0.3,1.6065549349784851
40,70,30,0.3,1.60677344083786
10,55,45,0.45,1.6066436767578125
28,64,36,0.36,1.606507467031479
30,65,35,0.35,1.6065307652950287
38,69,31,0.31,1.6064494371414184
36,68,32,0.32,1.6066117262840272
16,58,42,0.42,1.6065150463581086
52,76,24,0.24,1.6063419032096862
46,73,27,0.27,1.6063360607624053
38,69,31,0.31,1.60656529545784
12,56,44,0.44,1.6066411066055297
32,66,34,0.34,1.6063612127304077
40,70,30,0.3,1.606049301624298
40,70,30,0.3,1.6062401521205902
34,67,33,0.33,1.606427162885666
36,68,32,0.32,1.606167254447937
28,64,36,0.36,1.6063029265403748
12,56,44,0.44,1.6064220368862152
32,66,34,0.34,1.606094207763672
20,60,40,0.4,1.6065884292125703
12,56,44,0.44,1.6063844919204713
34,67,33,0.33,1.606243497133255
22,61,39,0.39,1.6064678275585174
22,61,39,0.39,1.606486403942108
26,63,37,0.37,1.6060183072090148
44,72,28,0.28,1.6063126826286316
52,76,24,0.24,1.6059213602542877
32,66,34,0.34,1.6061372327804566
26,63,37,0.37,1.6060432994365692
32,66,34,0.34,1.6058237588405608
20,60,40,0.4,1.6058781492710112
32,66,34,0.34,1.6056586110591888
22,61,39,0.39,1.6060619831085206
32,66,34,0.34,1.6058768260478973
12,56,44,0.44,1.6060773468017577
54,77,23,0.23,1.6053971183300018
42,71,29,0.29,1.6058594381809235
24,62,38,0.38,1.605781078338623
10,55,45,0.45,1.605752900838852
20,60,40,0.4,1.605974532365799
18,59,41,0.41,1.6057463634014129
32,66,34,0.34,1.60509157538414
26,63,37,0.37,1.6058576250076293
20,60,40,0.4,1.6054696571826934
16,58,42,0.42,1.6056540274620057
30,65,35,0.35,1.6053624761104583
32,66,34,0.34,1.6055948090553285
34,67,33,0.33,1.6051018524169922
24,62,38,0.38,1.6053508341312408
32,66,34,0.34,1.6055120301246644
42,71,29,0.29,1.6051153993606568
16,58,42,0.42,1.6051605319976807
42,71,29,0.29,1.6052038538455964
40,70,30,0.3,1.604686861038208
38,69,31,0.31,1.6048522734642028
14,57,43,0.43,1.6051631081104278
32,66,34,0.34,1.6045032775402068
26,63,37,0.37,1.6041085982322694
30,65,35,0.35,1.6051344442367554
32,66,34,0.34,1.6048140358924865
6,53,47,0.47,1.6049339771270752
26,63,37,0.37,1.6042152798175813
56,78,22,0.22,1.6037189090251922
18,59,41,0.41,1.604681361913681
36,68,32,0.32,1.6043656766414642
52,76,24,0.24,1.6035960793495179
30,65,35,0.35,1.6039608240127563
26,63,37,0.37,1.6040649902820587
38,69,31,0.31,1.604068568944931
28,64,36,0.36,1.603831993341446
26,63,37,0.37,1.6043795514106751
36,68,32,0.32,1.603685851097107
46,73,27,0.27,1.6034579944610596
38,69,31,0.31,1.6033112287521363
20,60,40,0.4,1.6038490509986878
12,56,44,0.44,1.6030554676055908
30,65,35,0.35,1.6033785259723663
12,56,44,0.44,1.6033597123622894
24,62,38,0.38,1.6034292900562286
22,61,39,0.39,1.6030495500564574
48,74,26,0.26,1.6030188953876496
28,64,36,0.36,1.6020358860492707
28,64,36,0.36,1.6027873694896697
32,66,34,0.34,1.602445296049118
18,59,41,0.41,1.6026694941520692
38,69,31,0.31,1.6018291532993316
50,75,25,0.25,1.6015898787975311
12,56,44,0.44,1.6021473896503449
24,62,38,0.38,1.6023957121372223
30,65,35,0.35,1.6017725121974946
22,61,39,0.39,1.60193106174469
28,64,36,0.36,1.6023805677890777
2,51,49,0.49,1.6020010316371918
30,65,35,0.35,1.6022765827178955
18,59,41,0.41,1.6012857961654663
30,65,35,0.35,1.6008198046684265
42,71,29,0.29,1.6012238872051239
28,64,36,0.36,1.6007004880905151
42,71,29,0.29,1.6016412019729613
-8,46,54,0.54,1.6013877081871033
32,66,34,0.34,1.6011057782173157
16,58,42,0.42,1.6010071527957916
18,59,41,0.41,1.601429098844528
46,73,27,0.27,1.6019349527359008
36,68,32,0.32,1.6000010132789613
30,65,35,0.35,1.6002364146709442
34,67,33,0.33,1.6004034101963043
26,63,37,0.37,1.6003705954551697
36,68,32,0.32,1.6002032029628754
26,63,37,0.37,1.6016476249694824
10,55,45,0.45,1.600246341228485
38,69,31,0.31,1.5987492990493775
32,66,34,0.34,1.6003545606136322
28,64,36,0.36,1.6004003751277924
18,59,41,0.41,1.6003341674804688
16,58,42,0.42,1.600401005744934
32,66,34,0.34,1.5993310832977294
36,68,32,0.32,1.5981589472293853
32,66,34,0.34,1.5988073015213013
40,70,30,0.3,1.5990185701847077
20,60,40,0.4,1.5993483138084412
32,66,34,0.34,1.598032797574997
28,64,36,0.36,1.5988506841659547
22,61,39,0.39,1.5992484080791474
18,59,41,0.41,1.5969619584083556
42,71,29,0.29,1.5982769989967347
16,58,42,0.42,1.5982003128528595
44,72,28,0.28,1.5968566179275512
38,69,31,0.31,1.5971104955673219
42,71,29,0.29,1.5946889209747315
26,63,37,0.37,1.5969543886184692
20,60,40,0.4,1.5978130984306336
16,58,42,0.42,1.5962719011306763
28,64,36,0.36,1.59408957362175
20,60,40,0.4,1.5974251449108123
18,59,41,0.41,1.596312631368637
28,64,36,0.36,1.5972026622295379
16,58,42,0.42,1.5968388164043426
32,66,34,0.34,1.5949318516254425
32,66,34,0.34,1.5917110645771027
40,70,30,0.3,1.5930932819843293
48,74,26,0.26,1.593872036933899
46,73,27,0.27,1.593278272151947
38,69,31,0.31,1.5940940761566162
16,58,42,0.42,1.5927246224880218
46,73,27,0.27,1.593571710586548
50,75,25,0.25,1.586806527376175
28,64,36,0.36,1.5920900213718414
26,63,37,0.37,1.5940205585956573
30,65,35,0.35,1.5899556124210357
34,67,33,0.33,1.5932704937458038
32,66,34,0.34,1.5905931651592256
46,73,27,0.27,1.5917133176326752
34,67,33,0.33,1.5927897524833678
22,61,39,0.39,1.592473418712616
0,50,50,0.5,1.592157278060913
18,59,41,0.41,1.5904017531871795
22,61,39,0.39,1.591001580953598
42,71,29,0.29,1.5906070232391358
48,74,26,0.26,1.5873752617836
32,66,34,0.34,1.5876215946674348
40,70,30,0.3,1.5851235938072206
36,68,32,0.32,1.5884194827079774
30,65,35,0.35,1.5841071820259094
44,72,28,0.28,1.5787350285053252
38,69,31,0.31,1.5839078974723817
42,71,29,0.29,1.5774475145339966
34,67,33,0.33,1.5828362250328063
32,66,34,0.34,1.5796104598045348
28,64,36,0.36,1.5812797522544861
50,75,25,0.25,1.5806262290477753
22,61,39,0.39,1.5811696553230286
34,67,33,0.33,1.5729820215702057
12,56,44,0.44,1.5789995324611663
32,66,34,0.34,1.5754316008090974
48,74,26,0.26,1.575251920223236
32,66,34,0.34,1.574012690782547
48,74,26,0.26,1.572002923488617
28,64,36,0.36,1.5791980445384979
20,60,40,0.4,1.573015936613083
36,68,32,0.32,1.5703233230113982
36,68,32,0.32,1.5680505955219268
34,67,33,0.33,1.5710817170143128
12,56,44,0.44,1.5650485813617707
26,63,37,0.37,1.571991171836853
34,67,33,0.33,1.574551795721054
48,74,26,0.26,1.5630461120605468
40,70,30,0.3,1.557734968662262
36,68,32,0.32,1.5708712017536164
42,71,29,0.29,1.5636466646194458
24,62,38,0.38,1.562528612613678
50,75,25,0.25,1.5590526115894319
22,61,39,0.39,1.5674993896484375
32,66,34,0.34,1.5750409734249116
24,62,38,0.38,1.5658067131042481
40,70,30,0.3,1.5524445366859436
50,75,25,0.25,1.545591732263565
26,63,37,0.37,1.5639480912685395
42,71,29,0.29,1.555938789844513
22,61,39,0.39,1.5623895287513734
38,69,31,0.31,1.5448471462726594
26,63,37,0.37,1.5628418362140655
14,57,43,0.43,1.561088308095932
34,67,33,0.33,1.5530863642692565
32,66,34,0.34,1.5447102582454681
34,67,33,0.33,1.5542877721786499
40,70,30,0.3,1.549314558506012
52,76,24,0.24,1.5331717371940612
18,59,41,0.41,1.5450155580043792
12,56,44,0.44,1.5552117335796356
14,57,43,0.43,1.5552515625953673
28,64,36,0.36,1.5472685265541077
32,66,34,0.34,1.5304368114471436
48,74,26,0.26,1.5228626775741576
66,83,17,0.17,1.5270625412464143
48,74,26,0.26,1.5217665767669677
42,71,29,0.29,1.5239892077445985
30,65,35,0.35,1.5400244975090027
44,72,28,0.28,1.5246068048477173
50,75,25,0.25,1.511905801296234
26,63,37,0.37,1.5409673857688904
28,64,36,0.36,1.5340260434150697
34,67,33,0.33,1.5158342278003694
36,68,32,0.32,1.503719608783722
30,65,35,0.35,1.521777505874634
32,66,34,0.34,1.5109209322929382
46,73,27,0.27,1.4945021653175354
18,59,41,0.41,1.5201684737205505
40,70,30,0.3,1.5185452342033385
6,53,47,0.47,1.526752893924713
28,64,36,0.36,1.509104380607605
32,66,34,0.34,1.5167033457756043
32,66,34,0.34,1.4983345091342926
48,74,26,0.26,1.4862496292591094
42,71,29,0.29,1.508273024559021
42,71,29,0.29,1.5217226612567902
22,61,39,0.39,1.508076605796814
34,67,33,0.33,1.482051008939743
46,73,27,0.27,1.4903470081090928
30,65,35,0.35,1.499046151638031
16,58,42,0.42,1.5050782132148743
44,72,28,0.28,1.4679466140270234
34,67,33,0.33,1.503235399723053
30,65,35,0.35,1.4896399569511414
36,68,32,0.32,1.4757392883300782
44,72,28,0.28,1.4722051179409028
28,64,36,0.36,1.4913441133499146
44,72,28,0.28,1.4641315841674805
36,68,32,0.32,1.4767144513130188
48,74,26,0.26,1.482115706205368
60,80,20,0.2,1.4570477348566055
26,63,37,0.37,1.4712271082401276
42,71,29,0.29,1.4532478368282318
52,76,24,0.24,1.453785674571991
28,64,36,0.36,1.4512602829933166
46,73,27,0.27,1.4816153681278228
16,58,42,0.42,1.4697938203811645
36,68,32,0.32,1.4772339653968811
44,72,28,0.28,1.4611345434188843
26,63,37,0.37,1.4636311721801758
34,67,33,0.33,1.4678673028945923
52,76,24,0.24,1.460926856994629
26,63,37,0.37,1.4903117060661315
42,71,29,0.29,1.4624176967144011
50,75,25,0.25,1.4443605256080627
36,68,32,0.32,1.4616708910465241
48,74,26,0.26,1.4378910833597183
24,62,38,0.38,1.4809558057785035
50,75,25,0.25,1.3969274067878723
26,63,37,0.37,1.4599193584918977
40,70,30,0.3,1.4019281244277955
40,70,30,0.3,1.4350427746772767
38,69,31,0.31,1.4088732397556305
50,75,25,0.25,1.4490679049491881
52,76,24,0.24,1.413036318421364
32,66,34,0.34,1.4237668436765671
40,70,30,0.3,1.4549705708026885
42,71,29,0.29,1.4301761919260025
38,69,31,0.31,1.4290076130628586
54,77,23,0.23,1.4006149399280547
46,73,27,0.27,1.434717190861702
30,65,35,0.35,1.4407529616355896
36,68,32,0.32,1.4393660175800322
38,69,31,0.31,1.4314665770530701
20,60,40,0.4,1.4394628810882568
26,63,37,0.37,1.439464123249054
44,72,28,0.28,1.3810656815767288
34,67,33,0.33,1.4131467354297638
32,66,34,0.34,1.4111055874824523
48,74,26,0.26,1.3410263848304749
38,69,31,0.31,1.3825712460279465
42,71,29,0.29,1.3971947014331818
44,72,28,0.28,1.3789588963985444
42,71,29,0.29,1.3700112187862397
42,71,29,0.29,1.4047710227966308
36,68,32,0.32,1.3638529133796693
34,67,33,0.33,1.3932581889629363
34,67,33,0.33,1.3827403962612153
54,77,23,0.23,1.3790969032049178
42,71,29,0.29,1.387721773982048
44,72,28,0.28,1.3990852463245391
28,64,36,0.36,1.3628310495615006
34,67,33,0.33,1.4010107183456422
40,70,30,0.3,1.4022754216194153
20,60,40,0.4,1.4022986912727355
32,66,34,0.34,1.3532343763113022
48,74,26,0.26,1.3569333422183991
34,67,33,0.33,1.3815324592590332
50,75,25,0.25,1.3702365946769715
38,69,31,0.31,1.4049552977085114
40,70,30,0.3,1.344947838783264
36,68,32,0.32,1.3985273551940918
50,75,25,0.25,1.3418196904659272
50,75,25,0.25,1.358573875427246
34,67,33,0.33,1.3849458634853362
32,66,34,0.34,1.3415496253967285
58,79,21,0.21,1.3307173877954483
28,64,36,0.36,1.408222144842148
36,68,32,0.32,1.3628561115264892
32,66,34,0.34,1.3825087285041808
46,73,27,0.27,1.3564577358961105
26,63,37,0.37,1.411939236521721
42,71,29,0.29,1.3596332675218583
54,77,23,0.23,1.3145704233646394
32,66,34,0.34,1.3720512235164641
42,71,29,0.29,1.3792251479625701
44,72,28,0.28,1.3372254806756974
44,72,28,0.28,1.325349319577217
44,72,28,0.28,1.330670200586319
62,81,19,0.19,1.3591962850093842
58,79,21,0.21,1.3515554171800614
52,76,24,0.24,1.3297228235006333
38,69,31,0.31,1.3356116712093353
46,73,27,0.27,1.3749761825799942
30,65,35,0.35,1.3857085192203522
38,69,31,0.31,1.3435014194250108
36,68,32,0.32,1.347690879702568
56,78,22,0.22,1.2845362365245818
56,78,22,0.22,1.3222552198171615
32,66,34,0.34,1.356691901087761
40,70,30,0.3,1.3372841721773148
58,79,21,0.21,1.3287638199329377
36,68,32,0.32,1.345008580684662
44,72,28,0.28,1.336506045460701
46,73,27,0.27,1.3419316023588181
46,73,27,0.27,1.3013095903396605
38,69,31,0.31,1.3145559203624726
42,71,29,0.29,1.3651539635658265
22,61,39,0.39,1.3662908202409745
40,70,30,0.3,1.339713186621666
44,72,28,0.28,1.3181572031974793
42,71,29,0.29,1.3550684607028962
40,70,30,0.3,1.3366152441501618
56,78,22,0.22,1.2954873192310332
62,81,19,0.19,1.2867458206415177
42,71,29,0.29,1.36573100566864
42,71,29,0.29,1.2988743770122528
46,73,27,0.27,1.3189111268520355
40,70,30,0.3,1.323264438509941
30,65,35,0.35,1.4112816631793976
54,77,23,0.23,1.322439385652542
48,74,26,0.26,1.3080965846776962
42,71,29,0.29,1.305992258787155
32,66,34,0.34,1.3313438713550567
48,74,26,0.26,1.3112322050333023
38,69,31,0.31,1.3265501803159714
14,57,43,0.43,1.3748399126529693
52,76,24,0.24,1.3171799403429032
42,71,29,0.29,1.298477281332016
46,73,27,0.27,1.31017147898674
58,79,21,0.21,1.3300947535037995
44,72,28,0.28,1.287534910440445
48,74,26,0.26,1.312886605858803
52,76,24,0.24,1.3162733709812164
40,70,30,0.3,1.3692510724067688
40,70,30,0.3,1.3172726875543594
14,57,43,0.43,1.3461441016197204
42,71,29,0.29,1.3454135137796401
42,71,29,0.29,1.2998645794391632
48,74,26,0.26,1.2893397122621537
48,74,26,0.26,1.3257309341430663
40,70,30,0.3,1.3115952050685882
60,80,20,0.2,1.2235641860961914
44,72,28,0.28,1.2990083038806914
64,82,18,0.18,1.2788200229406357
40,70,30,0.3,1.2854247844219209
56,78,22,0.22,1.2820759254693985
54,77,23,0.23,1.2893372422456741
40,70,30,0.3,1.289258153438568
42,71,29,0.29,1.3103700643777847
64,82,18,0.18,1.2441724300384522
52,76,24,0.24,1.295844879746437
44,72,28,0.28,1.3574420666694642
62,81,19,0.19,1.3075503349304198
32,66,34,0.34,1.2971690249443055
62,81,19,0.19,1.2894287919998169
24,62,38,0.38,1.3309211719036103
52,76,24,0.24,1.3082516080141067
44,72,28,0.28,1.3378596413135528
80,90,10,0.1,1.218208770751953
48,74,26,0.26,1.2962734150886535
32,66,34,0.34,1.3089608591794968
54,77,23,0.23,1.3446993798017501
38,69,31,0.31,1.3510578966140747
42,71,29,0.29,1.2592183935642243
68,84,16,0.16,1.2487789177894593
44,72,28,0.28,1.3030191564559936
46,73,27,0.27,1.2814074462652207
44,72,28,0.28,1.2603335404396057
44,72,28,0.28,1.2611533492803573
64,82,18,0.18,1.2024239748716354
28,64,36,0.36,1.2822600835561753
46,73,27,0.27,1.245779225230217
48,74,26,0.26,1.257947999238968
50,75,25,0.25,1.2530106562376022
46,73,27,0.27,1.2710532534122467
56,78,22,0.22,1.2268419444561005
66,83,17,0.17,1.194708132147789
38,69,31,0.31,1.2605936509370803
70,85,15,0.15,1.2091342836618424
50,75,25,0.25,1.278266550898552
48,74,26,0.26,1.2188290441036225
58,79,21,0.21,1.2266951966285706
58,79,21,0.21,1.1329848539829255
46,73,27,0.27,1.2469287008047103
54,77,23,0.23,1.2088014268875122
50,75,25,0.25,1.2207537484169007
64,82,18,0.18,1.214975978732109
62,81,19,0.19,1.2237905609607695
50,75,25,0.25,1.2311526721715926
36,68,32,0.32,1.2339314687252045
48,74,26,0.26,1.2698157888650894
44,72,28,0.28,1.2177440077066422
48,74,26,0.26,1.240332396030426
60,80,20,0.2,1.2065216797590255
62,81,19,0.19,1.1514848029613496
42,71,29,0.29,1.2230207109451294
54,77,23,0.23,1.243680763244629
46,73,27,0.27,1.2006938081979752
50,75,25,0.25,1.1786318242549896
58,79,21,0.21,1.1580919033288957
56,78,22,0.22,1.21385648727417
56,78,22,0.22,1.2037083530426025
76,88,12,0.12,1.1329222512245178
62,81,19,0.19,1.2000842136144638
42,71,29,0.29,1.2226122623682023
64,82,18,0.18,1.1418475258350371
60,80,20,0.2,1.0822513151168822
50,75,25,0.25,1.1826050525903702
52,76,24,0.24,1.203774945139885
46,73,27,0.27,1.1918752551078797
38,69,31,0.31,1.1926454496383667
44,72,28,0.28,1.188505104780197
34,67,33,0.33,1.1768464970588683
28,64,36,0.36,1.186205894947052
42,71,29,0.29,1.1521185982227324
64,82,18,0.18,1.1202515298128128
32,66,34,0.34,1.2534839773178101
42,71,29,0.29,1.2244315016269685
58,79,21,0.21,1.1883314669132232
52,76,24,0.24,1.1179283648729323
32,66,34,0.34,1.2640575331449508
66,83,17,0.17,1.1574714469909668
50,75,25,0.25,1.1906673628091813
44,72,28,0.28,1.1498430180549621
60,80,20,0.2,1.1637702530622482
52,76,24,0.24,1.2055223393440246
48,74,26,0.26,1.083107414841652
60,80,20,0.2,1.1540684276819229
60,80,20,0.2,1.0737470650672913
60,80,20,0.2,1.1324743270874023
46,73,27,0.27,1.1473868709802628
54,77,23,0.23,1.181840599179268
36,68,32,0.32,1.1677756506204604
48,74,26,0.26,1.1277251261472703
38,69,31,0.31,1.1453177392482758
36,68,32,0.32,1.136786077618599
46,73,27,0.27,1.2051923656463623
50,75,25,0.25,1.1851438999176025
50,75,25,0.25,1.1471928495168686
56,78,22,0.22,1.1401493972539902
56,78,22,0.22,1.1090832376480102
40,70,30,0.3,1.1198764938116073
60,80,20,0.2,1.126011118888855
62,81,19,0.19,1.0724061238765716
44,72,28,0.28,1.15974922478199
70,85,15,0.15,1.0557116270065308
60,80,20,0.2,1.0877839213609695
56,78,22,0.22,1.1199744004011154
46,73,27,0.27,1.1625241363048553
74,87,13,0.13,1.0911684334278107
60,80,20,0.2,1.0994445562362671
38,69,31,0.31,1.1958838891983032
50,75,25,0.25,1.1254995602369309
50,75,25,0.25,1.132917296886444
64,82,18,0.18,1.0178193086385727
50,75,25,0.25,1.122710666656494
58,79,21,0.21,1.1016947770118712
58,79,21,0.21,1.1258207112550735
54,77,23,0.23,1.1785070329904557
60,80,20,0.2,1.1263177543878555
44,72,28,0.28,1.1246603268384934
40,70,30,0.3,1.1434373849630355
72,86,14,0.14,1.018353175520897
52,76,24,0.24,1.1282309418916703
50,75,25,0.25,1.113844528198242
52,76,24,0.24,1.0987237697839738
56,78,22,0.22,1.1005089503526688
62,81,19,0.19,1.0878607356548309
24,62,38,0.38,1.1699774050712586
40,70,30,0.3,1.0660570538043976
44,72,28,0.28,1.1065143257379533
64,82,18,0.18,1.1530366796255112
56,78,22,0.22,1.0855087703466415
66,83,17,0.17,1.0311315804719925
44,72,28,0.28,1.1501971614360809
50,75,25,0.25,1.1063209140300752
50,75,25,0.25,1.0746202647686005
50,75,25,0.25,1.130094916820526
48,74,26,0.26,1.1154450786113739
60,80,20,0.2,1.1130130368471145
62,81,19,0.19,1.06088472366333
56,78,22,0.22,1.0362792229652404
42,71,29,0.29,1.0364249902963638
46,73,27,0.27,1.1243451756238938
52,76,24,0.24,1.0947768819332122
46,73,27,0.27,1.1064827513694764
44,72,28,0.28,1.0737614756822587
66,83,17,0.17,1.0469804608821869
56,78,22,0.22,1.069857228398323
62,81,19,0.19,1.0807533061504364
68,84,16,0.16,1.0968751066923141
62,81,19,0.19,1.112996181845665
48,74,26,0.26,1.0659513396024705
48,74,26,0.26,1.0976435738801955
72,86,14,0.14,1.005125150680542
48,74,26,0.26,1.1447001683712006
62,81,19,0.19,1.0066006460785866
66,83,17,0.17,1.0315789186954498
70,85,15,0.15,1.1001593267917633
72,86,14,0.14,1.1259198516607285
50,75,25,0.25,1.1203871661424636
50,75,25,0.25,1.0569637995958328
64,82,18,0.18,1.0308247661590577
40,70,30,0.3,1.1189308381080627
48,74,26,0.26,1.1331949400901795
64,82,18,0.18,1.1158184510469438
56,78,22,0.22,1.0959817972779273
58,79,21,0.21,1.0471553742885589
44,72,28,0.28,1.0636671102046966
58,79,21,0.21,1.0696423560380937
52,76,24,0.24,1.0782436114549636
64,82,18,0.18,1.000236274600029
68,84,16,0.16,1.0452475541830062
62,81,19,0.19,0.9615131914615631
60,80,20,0.2,0.9440601047873497
60,80,20,0.2,1.0288620510697364
46,73,27,0.27,1.0163346967101097
60,80,20,0.2,1.0089612466096878
46,73,27,0.27,0.9805142217874527
68,84,16,0.16,1.0186652636528015
58,79,21,0.21,0.9408661851286888
48,74,26,0.26,1.0315471744537354
46,73,27,0.27,0.9894750013947486
52,76,24,0.24,0.9580266326665878
72,86,14,0.14,0.974069886803627
62,81,19,0.19,0.9131757089495659
58,79,21,0.21,0.9428406319022179
52,76,24,0.24,0.9857797211408615
50,75,25,0.25,0.9425238034129143
60,80,20,0.2,1.024441446363926
74,87,13,0.13,0.8736277905106544
58,79,21,0.21,0.9313440346717834
56,78,22,0.22,1.0318759450316428
56,78,22,0.22,0.9284776413440704
68,84,16,0.16,0.8556052353978157
68,84,16,0.16,1.0022668343782426
52,76,24,0.24,0.9664343422651291
64,82,18,0.18,0.9812482064962387
42,71,29,0.29,1.0318300592899323
66,83,17,0.17,0.9165991270542144
70,85,15,0.15,0.9075156992673874
60,80,20,0.2,1.0168133768439294
54,77,23,0.23,0.9294580379128456
58,79,21,0.21,0.9247385624051094
46,73,27,0.27,0.9197728765010834
54,77,23,0.23,0.9890258684754372
62,81,19,0.19,0.9598778507113457
48,74,26,0.26,0.9722579562664032
68,84,16,0.16,0.8823227465152741
48,74,26,0.26,0.9297336551547051
54,77,23,0.23,0.9546950852870941
62,81,19,0.19,0.9269065788388252
64,82,18,0.18,0.9071250694990158
56,78,22,0.22,0.8882898345589638
56,78,22,0.22,0.8513508465886116
64,82,18,0.18,0.9007466745376587
74,87,13,0.13,0.8391225272417069
70,85,15,0.15,0.8432797676324845
46,73,27,0.27,0.9780331245064735
70,85,15,0.15,0.9243739712238311
56,78,22,0.22,0.9505951625108718
58,79,21,0.21,0.9459364086389541
68,84,16,0.16,0.8937485617399216
70,85,15,0.15,0.7983081024885178
54,77,23,0.23,0.927064208984375
50,75,25,0.25,0.9634841817617417
62,81,19,0.19,0.9708872431516647
60,80,20,0.2,0.8655604442954064
72,86,14,0.14,0.9162548872828483
68,84,16,0.16,0.8612304562330246
34,67,33,0.33,1.034840812087059
60,80,20,0.2,0.9551126497983933
50,75,25,0.25,0.9619203627109527
62,81,19,0.19,0.9620206069946289
80,90,10,0.1,0.9214114814996719
66,83,17,0.17,0.9494721817970276
56,78,22,0.22,0.9372543767094612
58,79,21,0.21,0.9779523441195488
64,82,18,0.18,0.8955970239639283
64,82,18,0.18,0.8971681901812554
68,84,16,0.16,0.8640067067742347
70,85,15,0.15,0.9461384651064872
70,85,15,0.15,0.8133128467202186
58,79,21,0.21,0.9947679048776626
66,83,17,0.17,0.8615406343340873
62,81,19,0.19,0.9422138184309006
56,78,22,0.22,0.8470855849981308
64,82,18,0.18,0.8733247336745262
56,78,22,0.22,0.9545248210430145
56,78,22,0.22,0.9836745780706405
74,87,13,0.13,0.8508381721377373
58,79,21,0.21,0.9086899641156196
54,77,23,0.23,0.9556682685017586
64,82,18,0.18,0.9251947435736656
52,76,24,0.24,0.9584584659337998
54,77,23,0.23,0.8814312854409218
66,83,17,0.17,0.91126998513937
52,76,24,0.24,0.956149345934391
62,81,19,0.19,0.8222956198453903
54,77,23,0.23,0.8452864360809326
52,76,24,0.24,0.9780382579565048
46,73,27,0.27,0.923435163795948
50,75,25,0.25,0.9172748574614524
42,71,29,0.29,1.0107762375473976
46,73,27,0.27,0.9653184565901757
60,80,20,0.2,1.021780606508255
60,80,20,0.2,0.91220608741045
58,79,21,0.21,0.9165723410248756
66,83,17,0.17,0.9089356458187103
68,84,16,0.16,0.83160309612751
62,81,19,0.19,0.8688741007447243
50,75,25,0.25,0.933896136879921
62,81,19,0.19,0.9752604451775551
60,80,20,0.2,0.9458290296792984
64,82,18,0.18,0.8669129496812821
48,74,26,0.26,0.9377834793925285
56,78,22,0.22,0.9532637862861156
52,76,24,0.24,1.0334692364931106
50,75,25,0.25,0.9803957125544548
66,83,17,0.17,0.841173053085804
72,86,14,0.14,0.8569741225242615
62,81,19,0.19,0.9704686403274536
62,81,19,0.19,1.0621922108531
54,77,23,0.23,0.8592251354455948
38,69,31,0.31,0.9849910685420036
68,84,16,0.16,0.9042922180891036
60,80,20,0.2,0.8844270041584968
72,86,14,0.14,0.8201295071840287
48,74,26,0.26,0.9879338891804218
50,75,25,0.25,0.9313449874520302
76,88,12,0.12,0.7586322577297687
52,76,24,0.24,0.8852038234472275
48,74,26,0.26,1.01876147210598
58,79,21,0.21,0.9421377414464951
68,84,16,0.16,0.8597741773724557
62,81,19,0.19,0.9027675649523735
54,77,23,0.23,0.8974896407127381
58,79,21,0.21,0.9536036792397499
64,82,18,0.18,0.9670502844452858
70,85,15,0.15,0.8915835022926331
70,85,15,0.15,0.8665490692853928
74,87,13,0.13,0.8736053943634033
62,81,19,0.19,0.8526276078820229
58,79,21,0.21,0.9097182956337929
56,78,22,0.22,0.9052520179748536
60,80,20,0.2,0.89554303586483
64,82,18,0.18,0.822694496512413
60,80,20,0.2,0.9411192148923874
48,74,26,0.26,0.9493913200497627
52,76,24,0.24,0.9136549544334411
66,83,17,0.17,0.8799722564220428
48,74,26,0.26,0.9279670190811157
60,80,20,0.2,0.9146454593539238
80,90,10,0.1,0.8472483840584755
54,77,23,0.23,0.885462755560875
68,84,16,0.16,0.9030807161331177
66,83,17,0.17,0.8663942649960518
58,79,21,0.21,0.9270105144381523
66,83,17,0.17,0.9376434302330017
72,86,14,0.14,0.9246492749452591
82,91,9,0.09,0.9333280256390571
58,79,21,0.21,0.995607735812664
48,74,26,0.26,0.9322165530920029
62,81,19,0.19,0.956550672352314
74,87,13,0.13,0.8964799523353577
54,77,23,0.23,1.0054667964577675
62,81,19,0.19,0.863776448071003
66,83,17,0.17,0.9324333924055099
64,82,18,0.18,0.8579211035370826
44,72,28,0.28,0.9689496967196465
70,85,15,0.15,0.8985340243577957
62,81,19,0.19,0.8750500842928887
58,79,21,0.21,0.857186131477356
52,76,24,0.24,0.9602709716558456
70,85,15,0.15,0.9103957855701447
66,83,17,0.17,0.9412750314176083
70,85,15,0.15,0.9239227363467216
56,78,22,0.22,0.9601130759716034
52,76,24,0.24,0.9683572715520858
50,75,25,0.25,1.09522646099329
64,82,18,0.18,0.9645229223370552
68,84,16,0.16,0.8966827562451363
64,82,18,0.18,0.9974227893352509
48,74,26,0.26,1.0408437359333038
44,72,28,0.28,0.9660570220649243
52,76,24,0.24,0.9612269306182861
38,69,31,0.31,1.0095355293154717
64,82,18,0.18,0.9807682424783707
54,77,23,0.23,0.9715861147642135
44,72,28,0.28,0.9834185606241226
62,81,19,0.19,0.9673951458930969
70,85,15,0.15,0.8962342071533204
54,77,23,0.23,0.9462440398335457
40,70,30,0.3,0.9888620257377625
62,81,19,0.19,0.8949648389220237
58,79,21,0.21,0.8494383408129216
56,78,22,0.22,0.9384572353959083
72,86,14,0.14,0.9464435932040215
54,77,23,0.23,0.9390266752243042
58,79,21,0.21,0.9182993859052658
40,70,30,0.3,0.9672101649641991
58,79,21,0.21,0.8554218477010727
72,86,14,0.14,0.8784378027915954
64,82,18,0.18,0.9153991505503655
54,77,23,0.23,0.9896439751982689
68,84,16,0.16,0.8923834334313869
60,80,20,0.2,0.9187622126936913
64,82,18,0.18,0.8648020088672638
56,78,22,0.22,0.9094195526838302
64,82,18,0.18,0.8957431322336197
46,73,27,0.27,0.9004297634959221
68,84,16,0.16,0.8811721614003182
56,78,22,0.22,0.9149547782540322
52,76,24,0.24,1.0450109085440635
68,84,16,0.16,0.803336824476719
58,79,21,0.21,0.9047022789716721
56,78,22,0.22,0.9062489166855812
60,80,20,0.2,0.8907448130846024
66,83,17,0.17,0.8794362205266952
78,89,11,0.11,0.9151830521225929
70,85,15,0.15,0.8832811394333839
50,75,25,0.25,1.0336440756917
72,86,14,0.14,0.8541531193256379
64,82,18,0.18,0.8365317621827125
50,75,25,0.25,0.9173344573378563
54,77,23,0.23,1.0063565221428872
52,76,24,0.24,0.9604858407378196
62,81,19,0.19,0.909551533460617
60,80,20,0.2,0.9136441752314568
54,77,23,0.23,0.9182782030105591
42,71,29,0.29,0.9658889186382293
52,76,24,0.24,0.9920728421211242
58,79,21,0.21,0.9565207019448281
58,79,21,0.21,0.8963621079921722
58,79,21,0.21,0.9454907813668251
74,87,13,0.13,0.9293112602829933
64,82,18,0.18,0.8656928580999375
72,86,14,0.14,0.8283323526382447
46,73,27,0.27,0.8976771742105484
48,74,26,0.26,0.9477468302845955
54,77,23,0.23,0.9797241029143333
60,80,20,0.2,0.8910457569360734
56,78,22,0.22,0.9219608491659165
48,74,26,0.26,0.9494851440191269
58,79,21,0.21,0.8709872126579284
56,78,22,0.22,1.0089868353307248
76,88,12,0.12,0.9516900452971458
42,71,29,0.29,1.0207079395651817
60,80,20,0.2,0.8827931058406829
46,73,27,0.27,1.0533832430839538
62,81,19,0.19,0.9776966863870621
64,82,18,0.18,0.923844404220581
54,77,23,0.23,1.0065791672468185
42,71,29,0.29,1.0401502692699431
72,86,14,0.14,0.9167538911104203
70,85,15,0.15,0.9312774431705475
70,85,15,0.15,0.8627687945961953
50,75,25,0.25,0.9963715444505215
60,80,20,0.2,0.9737445533275604
44,72,28,0.28,0.9563134691119194
46,73,27,0.27,1.0158140003681182
28,64,36,0.36,0.9804299223423004
66,83,17,0.17,0.8512878015637397
64,82,18,0.18,0.9104000109434128
82,91,9,0.09,0.8524867743253708
68,84,16,0.16,0.9608716264367103
66,83,17,0.17,0.8537616884708404
52,76,24,0.24,0.9363060709834099
64,82,18,0.18,0.8895735347270965
76,88,12,0.12,0.819617201089859
44,72,28,0.28,0.9360752019286156
36,68,32,0.32,1.0411639061570168
64,82,18,0.18,0.8961383682489396
46,73,27,0.27,0.957287572324276
44,72,28,0.28,0.9197142699360847
60,80,20,0.2,0.8686538353562355
66,83,17,0.17,0.8861312121152878
62,81,19,0.19,0.8990342366695404
56,78,22,0.22,0.9967506727576256
76,88,12,0.12,0.7981210717558861
56,78,22,0.22,0.9324003905057907
44,72,28,0.28,0.9820204004645348
56,78,22,0.22,0.9452579629421234
70,85,15,0.15,0.8293499565124511
54,77,23,0.23,0.9264421680569649
50,75,25,0.25,0.9528194512426853
80,90,10,0.1,0.8733541515469551
68,84,16,0.16,0.80447409927845
50,75,25,0.25,0.9480546483397484
48,74,26,0.26,0.9665566974878311
42,71,29,0.29,0.8818268349766731
54,77,23,0.23,0.8678596577048302
34,67,33,0.33,1.0009523141384125
56,78,22,0.22,0.9594780984520912
72,86,14,0.14,0.9186097678542137
74,87,13,0.13,0.8353998011350632
60,80,20,0.2,0.9727590283751488
60,80,20,0.2,0.8624924963712692
50,75,25,0.25,0.9245678897202015
70,85,15,0.15,0.7648575405776501
76,88,12,0.12,0.9017918369174004
68,84,16,0.16,0.8954002621769905
78,89,11,0.11,0.7379607206583023
66,83,17,0.17,0.8734125569462776
54,77,23,0.23,0.8738707104325294
50,75,25,0.25,0.9122915294766426
54,77,23,0.23,0.8480802640318871
68,84,16,0.16,0.8340228578448295
66,83,17,0.17,0.8831581795215606
62,81,19,0.19,0.8407028651237488
52,76,24,0.24,0.8917190173268318
68,84,16,0.16,0.7545909401029348
50,75,25,0.25,0.8631178840994835
52,76,24,0.24,0.8731435328722
64,82,18,0.18,0.8272534950077534
44,72,28,0.28,0.9038305674493313
64,82,18,0.18,0.908588527739048
66,83,17,0.17,0.8398203077912331
52,76,24,0.24,0.8648709136247635
54,77,23,0.23,0.912382889688015
52,76,24,0.24,0.953570351600647
44,72,28,0.28,1.004746787250042
60,80,20,0.2,0.8696239498257637
78,89,11,0.11,0.8304150623083114
30,65,35,0.35,0.975321055650711
46,73,27,0.27,0.8419337397813798
52,76,24,0.24,0.9169427374005318
68,84,16,0.16,0.7640060886740685
56,78,22,0.22,0.9237516121566296
78,89,11,0.11,0.7741953222453595
80,90,10,0.1,0.8134349884092807
60,80,20,0.2,0.7314900016784668
68,84,16,0.16,0.8410423791408539
54,77,23,0.23,0.7616237333416939
58,79,21,0.21,0.8043812572956085
46,73,27,0.27,0.9106131401658059
56,78,22,0.22,0.7854048132896423
50,75,25,0.25,0.8688432574272156
72,86,14,0.14,0.8550128424167633
50,75,25,0.25,0.8410200080275536
58,79,21,0.21,0.8484365086257458
58,79,21,0.21,0.8420795525610447
50,75,25,0.25,0.8507862025499344
48,74,26,0.26,0.8315926814079284
64,82,18,0.18,0.7986861729621887
56,78,22,0.22,0.7979023858904839
58,79,21,0.21,0.9204502692818641
56,78,22,0.22,0.8498473896086216
76,88,12,0.12,0.6732087102532387
86,93,7,0.07,0.7062762562930583
64,82,18,0.18,0.8912864834815264
50,75,25,0.25,0.8743493404984474
58,79,21,0.21,0.7206707061827182
64,82,18,0.18,0.8002763056755066
72,86,14,0.14,0.794093127399683
70,85,15,0.15,0.7455695416033268
58,79,21,0.21,0.8091317653656006
56,78,22,0.22,0.8041534751653672
54,77,23,0.23,0.8201671428978443
74,87,13,0.13,0.6865676508843899
60,80,20,0.2,0.8224507500231266
72,86,14,0.14,0.7829212792217731
70,85,15,0.15,0.8138152824342251
58,79,21,0.21,0.8298373846709728
68,84,16,0.16,0.647792077511549
70,85,15,0.15,0.7646052414178848
82,91,9,0.09,0.6442467477917672
52,76,24,0.24,0.8292645165324211
64,82,18,0.18,0.7920914489030838
66,83,17,0.17,0.7438525691628456
62,81,19,0.19,0.7718205924332142
50,75,25,0.25,0.7951976650953293
62,81,19,0.19,0.6921834246814251
72,86,14,0.14,0.7757161526381969
48,74,26,0.26,0.8336819519102573
84,92,8,0.08,0.7012346948683262
58,79,21,0.21,0.71370031863451
28,64,36,0.36,0.8358668005466461
64,82,18,0.18,0.8006573711335659
76,88,12,0.12,0.5433818675577641
70,85,15,0.15,0.6800921387225389
70,85,15,0.15,0.7090565659105778
48,74,26,0.26,0.8367344971001148
68,84,16,0.16,0.7560268063098192
44,72,28,0.28,0.80633395165205
58,79,21,0.21,0.7012936393916607
72,86,14,0.14,0.6235207666456699
58,79,21,0.21,0.7730492502450943
66,83,17,0.17,0.7643582147359848
64,82,18,0.18,0.6848984664678573
60,80,20,0.2,0.6924432566761971
70,85,15,0.15,0.7063431105017662
70,85,15,0.15,0.6787777590751648
38,69,31,0.31,0.7396194122731685
60,80,20,0.2,0.7007984738051891
72,86,14,0.14,0.6080456911772489
58,79,21,0.21,0.7498376782238484
48,74,26,0.26,0.7709375938773155
70,85,15,0.15,0.5792950181663037
72,86,14,0.14,0.6904235666245222
56,78,22,0.22,0.7108137917518615
62,81,19,0.19,0.7244503109902144
80,90,10,0.1,0.5922442837804556
52,76,24,0.24,0.7172719514369965
70,85,15,0.15,0.6794915728271007
62,81,19,0.19,0.6432186119258404
64,82,18,0.18,0.612725725993514
70,85,15,0.15,0.5916726071015
74,87,13,0.13,0.6799375259876251
66,83,17,0.17,0.6817867198586464
64,82,18,0.18,0.7227866218984127
66,83,17,0.17,0.6865968795120716
56,78,22,0.22,0.6875702717900276
58,79,21,0.21,0.6879065781831741
48,74,26,0.26,0.6743959759175777
58,79,21,0.21,0.659503520578146
74,87,13,0.13,0.6081496739387512
68,84,16,0.16,0.6303630765154957
58,79,21,0.21,0.6941216072440147
64,82,18,0.18,0.7072310234606266
68,84,16,0.16,0.6238868833333254
52,76,24,0.24,0.6621134892851114
62,81,19,0.19,0.5519787158817053
76,88,12,0.12,0.658436692506075
64,82,18,0.18,0.6544555928558111
78,89,11,0.11,0.7097362044453621
54,77,23,0.23,0.6084580393135548
60,80,20,0.2,0.6529432651400566
76,88,12,0.12,0.5438995292782783
80,90,10,0.1,0.5896079538017511
58,79,21,0.21,0.5993770507723093
66,83,17,0.17,0.6073893462121487
74,87,13,0.13,0.5281983779370785
68,84,16,0.16,0.5248051614314317
40,70,30,0.3,0.7770652763545514
52,76,24,0.24,0.6961650934070349
90,95,5,0.05,0.5704769470915199
62,81,19,0.19,0.6153782909363508
58,79,21,0.21,0.7764559230208397
60,80,20,0.2,0.6249434597790241
78,89,11,0.11,0.5889006922394038
60,80,20,0.2,0.7149671016633511
66,83,17,0.17,0.6915283785760402
66,83,17,0.17,0.5970168785750866
82,91,9,0.09,0.4893009965121746
72,86,14,0.14,0.5496898609772325
74,87,13,0.13,0.6652733214199543
72,86,14,0.14,0.49253686704847494
74,87,13,0.13,0.49459713846445086
74,87,13,0.13,0.49736480198800564
64,82,18,0.18,0.6855357644706964
54,77,23,0.23,0.6023926063627004
46,73,27,0.27,0.7225663791596889
70,85,15,0.15,0.5335685433447361
70,85,15,0.15,0.5758241820335388
64,82,18,0.18,0.721468905955553
72,86,14,0.14,0.6305570830404759
76,88,12,0.12,0.5254571497440338
72,86,14,0.14,0.5333451913297176
74,87,13,0.13,0.6236501125246287
68,84,16,0.16,0.5929079265147448
62,81,19,0.19,0.6607233192399145
60,80,20,0.2,0.6250087886303664
64,82,18,0.18,0.639963098987937
52,76,24,0.24,0.6903381069004536
76,88,12,0.12,0.5228358032554388
78,89,11,0.11,0.5932507334370166
72,86,14,0.14,0.6013676971197128
56,78,22,0.22,0.7267592321336269
66,83,17,0.17,0.6643667303025722
78,89,11,0.11,0.498882452622056
66,83,17,0.17,0.6883505983650684
60,80,20,0.2,0.5744106918200851
64,82,18,0.18,0.5869334825873375
78,89,11,0.11,0.580963374748826
64,82,18,0.18,0.6213128645904362
84,92,8,0.08,0.49805450547486546
56,78,22,0.22,0.6529701616615057
40,70,30,0.3,0.7312924146465957
62,81,19,0.19,0.6350437282770872
70,85,15,0.15,0.5385182463377715
62,81,19,0.19,0.5904130905121565
58,79,21,0.21,0.5969486745819449
56,78,22,0.22,0.6166388219594956
58,79,21,0.21,0.5341133936494589
66,83,17,0.17,0.45476406648755074
68,84,16,0.16,0.5888821412622929
70,85,15,0.15,0.5811271815001965
32,66,34,0.34,0.7030663930252194
72,86,14,0.14,0.5403206192702055
56,78,22,0.22,0.6539119016006589
72,86,14,0.14,0.5416679500415921
74,87,13,0.13,0.6217376831918955
64,82,18,0.18,0.680774349346757
70,85,15,0.15,0.6451933145523071
48,74,26,0.26,0.7191756954789161
70,85,15,0.15,0.6798720918036998
78,89,11,0.11,0.5297410549223422
68,84,16,0.16,0.559966678302735
66,83,17,0.17,0.5221248465776444
84,92,8,0.08,0.5099703496694565
72,86,14,0.14,0.5117475139349699
64,82,18,0.18,0.5955505394935607
82,91,9,0.09,0.5016280329599977
72,86,14,0.14,0.5204389407858252
56,78,22,0.22,0.5785423292405903
62,81,19,0.19,0.5491499037481844
80,90,10,0.1,0.45113167390227316
80,90,10,0.1,0.5013127600029111
58,79,21,0.21,0.5394677411019803
72,86,14,0.14,0.4704478202573955
82,91,9,0.09,0.5326173364371062
72,86,14,0.14,0.39285801954567434
58,79,21,0.21,0.5759193881973624
64,82,18,0.18,0.5235557447746396
64,82,18,0.18,0.5467971974983812
76,88,12,0.12,0.4608770994469523
58,79,21,0.21,0.563841647580266
68,84,16,0.16,0.5796214174106717
70,85,15,0.15,0.5539438403211534
64,82,18,0.18,0.5621292409487069
66,83,17,0.17,0.5899443519860506
78,89,11,0.11,0.43833789754658936
70,85,15,0.15,0.5108153065294028
74,87,13,0.13,0.5254654098860919
74,87,13,0.13,0.5236830213665962
78,89,11,0.11,0.4448793196678162
72,86,14,0.14,0.47997976060956715
64,82,18,0.18,0.5502193292044103
56,78,22,0.22,0.5879328576102852
66,83,17,0.17,0.5233445955440402
48,74,26,0.26,0.6288490190543234
58,79,21,0.21,0.4752203856036067
72,86,14,0.14,0.6032769102975726
80,90,10,0.1,0.5258680767938495
62,81,19,0.19,0.5996751487441361
52,76,24,0.24,0.5894374363869429
64,82,18,0.18,0.5034501019865274
86,93,7,0.07,0.4363684447854757
70,85,15,0.15,0.5183295504376292
62,81,19,0.19,0.5392355563119053
86,93,7,0.07,0.42354175293818114
54,77,23,0.23,0.45026576563715937
64,82,18,0.18,0.41837263336405156
74,87,13,0.13,0.5531904957070947
74,87,13,0.13,0.47322581201791764
72,86,14,0.14,0.4619925955682993
74,87,13,0.13,0.5515004786290229
70,85,15,0.15,0.3683850428182632
56,78,22,0.22,0.5611897524818779
68,84,16,0.16,0.44554866435006263
78,89,11,0.11,0.46578361123800277
68,84,16,0.16,0.45208404809236524
70,85,15,0.15,0.4756835218332708
60,80,20,0.2,0.5746789956279099
74,87,13,0.13,0.3477169282454997
70,85,15,0.15,0.4590723204612732
60,80,20,0.2,0.5310255612619221
72,86,14,0.14,0.48411946967244146
74,87,13,0.13,0.3795570218004286
72,86,14,0.14,0.4072380927205086
84,92,8,0.08,0.44225132174789905
62,81,19,0.19,0.5348732168599963
66,83,17,0.17,0.424765482544899
80,90,10,0.1,0.4694438771344721
62,81,19,0.19,0.5017944105714559
66,83,17,0.17,0.46781820580363276
60,80,20,0.2,0.4612920208275318
66,83,17,0.17,0.566189219430089
72,86,14,0.14,0.5191956197470426
84,92,8,0.08,0.40786614440381525
56,78,22,0.22,0.5288781816139817
66,83,17,0.17,0.5305263433791697
74,87,13,0.13,0.55926158959046
52,76,24,0.24,0.5579893403127789
70,85,15,0.15,0.497271730620414
64,82,18,0.18,0.5257865795120596
72,86,14,0.14,0.4112702997215092
72,86,14,0.14,0.5920707188546658
60,80,20,0.2,0.4792033125460148
68,84,16,0.16,0.4539993948675692
78,89,11,0.11,0.5011353548802435
58,79,21,0.21,0.5119902559369802
68,84,16,0.16,0.4263674619048834
64,82,18,0.18,0.4430977155640721
72,86,14,0.14,0.456521254517138
52,76,24,0.24,0.6373512176051735
80,90,10,0.1,0.4000287539884448
64,82,18,0.18,0.496984753459692
76,88,12,0.12,0.47464458368718626
50,75,25,0.25,0.5826874591782689
82,91,9,0.09,0.4079065942764282
72,86,14,0.14,0.45963973296806215
64,82,18,0.18,0.5472596776671708
78,89,11,0.11,0.3823436512425542
62,81,19,0.19,0.3672147444076836
72,86,14,0.14,0.41867385955527425
56,78,22,0.22,0.5514400302618742
74,87,13,0.13,0.5396859899908304
60,80,20,0.2,0.4363139445334673
68,84,16,0.16,0.46467247426509856
48,74,26,0.26,0.604599821632728
82,91,9,0.09,0.48241607488133015
90,95,5,0.05,0.4206259076949209
62,81,19,0.19,0.5168620586954057
78,89,11,0.11,0.4626980453450233
56,78,22,0.22,0.41370722744613886
68,84,16,0.16,0.44126334473490714
70,85,15,0.15,0.4946883867867291
64,82,18,0.18,0.4984534651786089
70,85,15,0.15,0.4799628113396466
72,86,14,0.14,0.4699429893121123
84,92,8,0.08,0.4319962604343891
72,86,14,0.14,0.4754376303032041
66,83,17,0.17,0.5616161220706999
90,95,5,0.05,0.32548889677971604
80,90,10,0.1,0.41012848768383264
70,85,15,0.15,0.4690711934119463
60,80,20,0.2,0.4898004547506571
72,86,14,0.14,0.43121300304308535
76,88,12,0.12,0.372738543106243
66,83,17,0.17,0.4417974498809781
80,90,10,0.1,0.4124963208474219
58,79,21,0.21,0.5064213791117073
54,77,23,0.23,0.5215850099548698
82,91,9,0.09,0.3453887816518545
72,86,14,0.14,0.3585412267036736
70,85,15,0.15,0.49835021071136
76,88,12,0.12,0.4813517864979804
64,82,18,0.18,0.3814831098355353
74,87,13,0.13,0.48727078795433043
72,86,14,0.14,0.41873214225284755
56,78,22,0.22,0.47208449445664885
60,80,20,0.2,0.45956518422812226
68,84,16,0.16,0.4387362876720726
64,82,18,0.18,0.342854456435889
80,90,10,0.1,0.37706058859825137
52,76,24,0.24,0.4532076439075172
70,85,15,0.15,0.36499744596891104
62,81,19,0.19,0.388863412681967
70,85,15,0.15,0.3205436815135181
74,87,13,0.13,0.3830728738289326
64,82,18,0.18,0.39838825130835176
52,76,24,0.24,0.5210006282478571
78,89,11,0.11,0.3230816023657098
62,81,19,0.19,0.48635136706754567
70,85,15,0.15,0.36084247756516563
72,86,14,0.14,0.3974174815416336
62,81,19,0.19,0.40275680646300316
48,74,26,0.26,0.4395724020525813
64,82,18,0.18,0.47858536245301364
62,81,19,0.19,0.40098798437044025
64,82,18,0.18,0.4014015382900834
60,80,20,0.2,0.38820867754518984
80,90,10,0.1,0.47997507833875713
72,86,14,0.14,0.3925981458462775
84,92,8,0.08,0.33858079576399175
56,78,22,0.22,0.41161900490522385
86,93,7,0.07,0.3882190995849669
76,88,12,0.12,0.324100937563926
66,83,17,0.17,0.4221511236205697
74,87,13,0.13,0.44906634517014027
74,87,13,0.13,0.49974746473133563
56,78,22,0.22,0.38615901852957907
58,79,21,0.21,0.6144207656383515
72,86,14,0.14,0.4562183692678809
68,84,16,0.16,0.44075573787558825
60,80,20,0.2,0.383760193400085
68,84,16,0.16,0.4242108088731766
58,79,21,0.21,0.5006762858107686
78,89,11,0.11,0.44117603307589887
68,84,16,0.16,0.4453153076022863
56,78,22,0.22,0.40694267125800254
70,85,15,0.15,0.4785445173084736
84,92,8,0.08,0.327795493863523
70,85,15,0.15,0.48779559634625913
66,83,17,0.17,0.45109928272664546
78,89,11,0.11,0.37799759168177843
74,87,13,0.13,0.39844286382198335
56,78,22,0.22,0.48532646499574184
76,88,12,0.12,0.4555362967774272
64,82,18,0.18,0.5329860637709498
72,86,14,0.14,0.48511604927480223
66,83,17,0.17,0.39235265979543327
66,83,17,0.17,0.47511207304894926
68,84,16,0.16,0.47444487587548795
66,83,17,0.17,0.515382809266448
66,83,17,0.17,0.43702237382531167
60,80,20,0.2,0.42029663000255824
72,86,14,0.14,0.45182766273617747
62,81,19,0.19,0.6118410443514586
62,81,19,0.19,0.4273411959968507
86,93,7,0.07,0.4089241515100002
54,77,23,0.23,0.4754952405206859
66,83,17,0.17,0.4764789390936494
60,80,20,0.2,0.4903808849304914
66,83,17,0.17,0.5122861267067492
70,85,15,0.15,0.4648993929103017
72,86,14,0.14,0.586846614331007
78,89,11,0.11,0.5348317947704345
62,81,19,0.19,0.48952696539461615
76,88,12,0.12,0.4775700272060931
70,85,15,0.15,0.4615627478249371
74,87,13,0.13,0.43588718604296445
60,80,20,0.2,0.48260649846866727
62,81,19,0.19,0.46522135064005854
76,88,12,0.12,0.42497912764549256
62,81,19,0.19,0.38632804933935405
72,86,14,0.14,0.4785832963883877
74,87,13,0.13,0.4928350729867816
72,86,14,0.14,0.4913887195661664
64,82,18,0.18,0.49820915495976803
72,86,14,0.14,0.3992660785652697
78,89,11,0.11,0.47748458564281465
84,92,8,0.08,0.43093416159041226
72,86,14,0.14,0.48679546885192393
56,78,22,0.22,0.43659802263602615
80,90,10,0.1,0.5337019545584917
76,88,12,0.12,0.42423114825040104
74,87,13,0.13,0.5417877302691341
64,82,18,0.18,0.50721959233284
66,83,17,0.17,0.42182482393458487
68,84,16,0.16,0.38407991874963043
68,84,16,0.16,0.49260916855186226
76,88,12,0.12,0.5131831964850426
84,92,8,0.08,0.4026399103924632
68,84,16,0.16,0.454347784537822
82,91,9,0.09,0.49005846535786984
74,87,13,0.13,0.426585817374289
78,89,11,0.11,0.492561317384243
82,91,9,0.09,0.5191511679068208
78,89,11,0.11,0.39729049675166606
64,82,18,0.18,0.5155611553601921
66,83,17,0.17,0.4867797277495265
76,88,12,0.12,0.44433542385697367
64,82,18,0.18,0.42426067382097243
56,78,22,0.22,0.49641457498073577
60,80,20,0.2,0.41178374163806436
86,93,7,0.07,0.41301964432001115
56,78,22,0.22,0.4525992181897163
76,88,12,0.12,0.4871323204413056
82,91,9,0.09,0.380532035715878
80,90,10,0.1,0.49594584859907626
66,83,17,0.17,0.46824522588402034
72,86,14,0.14,0.4073661978077143
70,85,15,0.15,0.45353117752820254
58,79,21,0.21,0.43286691879853606
80,90,10,0.1,0.4596862813085318
84,92,8,0.08,0.44716485212557017
68,84,16,0.16,0.4819792185816914
72,86,14,0.14,0.4595820355042815
76,88,12,0.12,0.4533072443678975
66,83,17,0.17,0.4532353508844972
76,88,12,0.12,0.39859744530171154
62,81,19,0.19,0.5255583361862227
90,95,5,0.05,0.42442114021629096
82,91,9,0.09,0.46183527652174233
58,79,21,0.21,0.46845804549753667
66,83,17,0.17,0.46804894238710404
72,86,14,0.14,0.4963201630860567
70,85,15,0.15,0.5337668231874705
66,83,17,0.17,0.4351969937980175
78,89,11,0.11,0.4286061697639525
46,73,27,0.27,0.4692991470918059
50,75,25,0.25,0.5671741399541497
66,83,17,0.17,0.5298581171780825
54,77,23,0.23,0.4473299246933311
60,80,20,0.2,0.4588513550907373
62,81,19,0.19,0.5611692853271961
78,89,11,0.11,0.38995704367756845
80,90,10,0.1,0.3518413892015815
76,88,12,0.12,0.47749580919742585
80,90,10,0.1,0.44627660036087036
68,84,16,0.16,0.423970108255744
76,88,12,0.12,0.38821913582272827
68,84,16,0.16,0.5461440435051919
62,81,19,0.19,0.4808659870736301
82,91,9,0.09,0.4653025399893522
68,84,16,0.16,0.48830882042646406
42,71,29,0.29,0.5104800036922097
66,83,17,0.17,0.47318808499723675
66,83,17,0.17,0.48440013363957407
72,86,14,0.14,0.44744532242417334
68,84,16,0.16,0.5443375429138542
80,90,10,0.1,0.3743984597083181
60,80,20,0.2,0.4028821518085897
70,85,15,0.15,0.5235720342770219
56,78,22,0.22,0.4968469218350947
84,92,8,0.08,0.36365700006484986
56,78,22,0.22,0.45558961607515813
56,78,22,0.22,0.5471750499308109
68,84,16,0.16,0.5541724484413862
78,89,11,0.11,0.38119542941451073
66,83,17,0.17,0.48045372575521467
70,85,15,0.15,0.5449829287454486
68,84,16,0.16,0.4054781852290034
92,96,4,0.04,0.36310654805973175
62,81,19,0.19,0.5126274616178125
66,83,17,0.17,0.4392308308556676
80,90,10,0.1,0.4057759748399258
82,91,9,0.09,0.3484887001104653
70,85,15,0.15,0.45256834020838144
76,88,12,0.12,0.4214208358153701
70,85,15,0.15,0.4008922348544002
68,84,16,0.16,0.4344127057865262
78,89,11,0.11,0.3676012025587261
70,85,15,0.15,0.45717891949228945
68,84,16,0.16,0.4212543446011841
84,92,8,0.08,0.4676213878765702
60,80,20,0.2,0.49404507485218346
68,84,16,0.16,0.4112480928748846
72,86,14,0.14,0.36897452859207985
60,80,20,0.2,0.48225745916366575
50,75,25,0.25,0.439726473307237
70,85,15,0.15,0.5239666513074189
76,88,12,0.12,0.48040262930095196
48,74,26,0.26,0.5100384943559766
78,89,11,0.11,0.43630053274333475
56,78,22,0.22,0.518197129741311
78,89,11,0.11,0.422177005559206
56,78,22,0.22,0.5141041755117476
90,95,5,0.05,0.3337710351124406
64,82,18,0.18,0.539008023366332
68,84,16,0.16,0.40036496276967226
50,75,25,0.25,0.5601147930324077
68,84,16,0.16,0.4273125198110938
78,89,11,0.11,0.41827596677467227
72,86,14,0.14,0.4037496677599847
70,85,15,0.15,0.48775282740592957
56,78,22,0.22,0.5132596046663821
72,86,14,0.14,0.35250847284682096
62,81,19,0.19,0.43412773465272037
68,84,16,0.16,0.5051449862867594
62,81,19,0.19,0.4447687907516956
64,82,18,0.18,0.49548318386077883
74,87,13,0.13,0.41435678824782374
70,85,15,0.15,0.4518345240689814
68,84,16,0.16,0.4325589446537197
64,82,18,0.18,0.45001237677410244
70,85,15,0.15,0.5115939255431294
68,84,16,0.16,0.4044723678380251
80,90,10,0.1,0.38521924258209767
84,92,8,0.08,0.39290553856641053
68,84,16,0.16,0.5688692799210548
56,78,22,0.22,0.3639171731797978
74,87,13,0.13,0.3963307347334921
74,87,13,0.13,0.360865293815732
76,88,12,0.12,0.45733409287407994
46,73,27,0.27,0.562416264489293
84,92,8,0.08,0.3460262844897807
70,85,15,0.15,0.43641183130443095
52,76,24,0.24,0.486618287563324
68,84,16,0.16,0.31037463454529646
80,90,10,0.1,0.39896443389356134
78,89,11,0.11,0.30795255789067594
60,80,20,0.2,0.40832916235551237
64,82,18,0.18,0.4247246894612908
52,76,24,0.24,0.4664680288452655
68,84,16,0.16,0.34756305361166595
58,79,21,0.21,0.45773401390761137
72,86,14,0.14,0.3410022568516433
72,86,14,0.14,0.3884295295504853
78,89,11,0.11,0.38233066777698693
84,92,8,0.08,0.3047302164230496
78,89,11,0.11,0.39821941894479096
64,82,18,0.18,0.39215711774304507
60,80,20,0.2,0.35414619851857426
82,91,9,0.09,0.31852689748629925
80,90,10,0.1,0.35348961867392065
58,79,21,0.21,0.48350663024932145
68,84,16,0.16,0.35928776206448676
66,83,17,0.17,0.3977915292233229
62,81,19,0.19,0.4238268384151161
76,88,12,0.12,0.3577963773906231
74,87,13,0.13,0.35229282890446484
70,85,15,0.15,0.4007122698239982
72,86,14,0.14,0.4373647505044937
72,86,14,0.14,0.45136864576488733
68,84,16,0.16,0.3321419883705676
68,84,16,0.16,0.38129383289255203
62,81,19,0.19,0.4448925746977329
76,88,12,0.12,0.3236450582742691
68,84,16,0.16,0.36739157112315296
80,90,10,0.1,0.4256348667666316
64,82,18,0.18,0.4075994455814362
74,87,13,0.13,0.3212269156333059
64,82,18,0.18,0.4289957711845636
74,87,13,0.13,0.3880798665527254
70,85,15,0.15,0.4355240950267762
86,93,7,0.07,0.3227164752408862
66,83,17,0.17,0.35776438223198054
88,94,6,0.06,0.33616959512233735
68,84,16,0.16,0.32261594019830225
74,87,13,0.13,0.3374470207467675
60,80,20,0.2,0.42248876312747596
86,93,7,0.07,0.2713991631101817
86,93,7,0.07,0.2923314901813865
72,86,14,0.14,0.38743527404032646
66,83,17,0.17,0.3946559065021574
80,90,10,0.1,0.3959023108985275
60,80,20,0.2,0.41832152008544654
74,87,13,0.13,0.4253132617473602
54,77,23,0.23,0.4489943371340632
88,94,6,0.06,0.3259691659733653
72,86,14,0.14,0.3224797057406977
74,87,13,0.13,0.4280570538714528
54,77,23,0.23,0.407444765297696
70,85,15,0.15,0.41305775549262763
54,77,23,0.23,0.44192640367895364
66,83,17,0.17,0.28542042335495355
72,86,14,0.14,0.3480762916058302
62,81,19,0.19,0.45362658323720095
38,69,31,0.31,0.3925759387388825
74,87,13,0.13,0.40971736047416923
72,86,14,0.14,0.34976744999643417
66,83,17,0.17,0.4102329528238624
64,82,18,0.18,0.4125311211775988
86,93,7,0.07,0.312601013276726
66,83,17,0.17,0.3779824299365282
64,82,18,0.18,0.40368489804212004
64,82,18,0.18,0.4301656233333051
76,88,12,0.12,0.3570417028851807
68,84,16,0.16,0.3710593381151557
90,95,5,0.05,0.331244635861367
74,87,13,0.13,0.3232293999381363
76,88,12,0.12,0.35709630336612463
74,87,13,0.13,0.32099598630331455
86,93,7,0.07,0.28331636016722767
78,89,11,0.11,0.46621053147129715
74,87,13,0.13,0.2607799342367798
68,84,16,0.16,0.27056997529231014
64,82,18,0.18,0.35517846334259956
70,85,15,0.15,0.3256480331765488
72,86,14,0.14,0.42739181508310137
74,87,13,0.13,0.3499532259535044
66,83,17,0.17,0.344444156261161
88,94,6,0.06,0.27810967196710407
78,89,11,0.11,0.28626507105305793
82,91,9,0.09,0.3785770092019811
78,89,11,0.11,0.31651702359318734
68,84,16,0.16,0.37837630201131106
84,92,8,0.08,0.30926598092541097
58,79,21,0.21,0.3667696481384337
64,82,18,0.18,0.38286570394411684
54,77,23,0.23,0.38003251356072726
88,94,6,0.06,0.34716123045422137
86,93,7,0.07,0.30117168854456394
66,83,17,0.17,0.3898068425897509
58,79,21,0.21,0.3302820070460439
68,84,16,0.16,0.2751890019606799
76,88,12,0.12,0.30687961826566607
52,76,24,0.24,0.37084967724978923
78,89,11,0.11,0.228774879979901
60,80,20,0.2,0.3680084478110075
76,88,12,0.12,0.30323082335293294
68,84,16,0.16,0.33313260184484533
80,90,10,0.1,0.23023983099497855
78,89,11,0.11,0.23791411256417633
68,84,16,0.16,0.30360810935497284
70,85,15,0.15,0.29167775169946253
82,91,9,0.09,0.3776601549424231
70,85,15,0.15,0.32546631449833513
84,92,8,0.08,0.28837476659566164
84,92,8,0.08,0.259468932505697
72,86,14,0.14,0.3966257914155722
50,75,25,0.25,0.4101108525367454
78,89,11,0.11,0.28405354760121554
62,81,19,0.19,0.318274404797703
66,83,17,0.17,0.4049568736925721
70,85,15,0.15,0.34848944798111914
78,89,11,0.11,0.32214537708088753
76,88,12,0.12,0.300139379799366
60,80,20,0.2,0.38469783547334374
82,91,9,0.09,0.32618540529743767
74,87,13,0.13,0.3062679580412805
78,89,11,0.11,0.3318489975808188
86,93,7,0.07,0.3204289350984618
60,80,20,0.2,0.4481642697378993
76,88,12,0.12,0.3392606961913407
64,82,18,0.18,0.27970336278900504
66,83,17,0.17,0.32529918882995845
64,82,18,0.18,0.45035796545445916
60,80,20,0.2,0.3846286336984485
66,83,17,0.17,0.2835483023943379
56,78,22,0.22,0.4151756527647376
66,83,17,0.17,0.34789709655568
76,88,12,0.12,0.36603586563840507
72,86,14,0.14,0.34362066177651285
80,90,10,0.1,0.405482385836076
50,75,25,0.25,0.3648490788415074
80,90,10,0.1,0.33426225639879703
58,79,21,0.21,0.3166949265636504
70,85,15,0.15,0.32662714555393907
74,87,13,0.13,0.25964867634698746
82,91,9,0.09,0.3852657124353573
72,86,14,0.14,0.350323143126443
76,88,12,0.12,0.3393141730874777
74,87,13,0.13,0.29970704158302397
66,83,17,0.17,0.3629945878125727
78,89,11,0.11,0.3178813347965479
80,90,10,0.1,0.32117027091793715
62,81,19,0.19,0.39540922896005215
68,84,16,0.16,0.40937843281775715
68,84,16,0.16,0.33079106310382483
66,83,17,0.17,0.4002354264818132
60,80,20,0.2,0.37159269405528905
62,81,19,0.19,0.3033259404450655
76,88,12,0.12,0.299307179749012
74,87,13,0.13,0.3376638329960406
68,84,16,0.16,0.3660872687585652
86,93,7,0.07,0.3023847759421915
62,81,19,0.19,0.36631870394572613
66,83,17,0.17,0.34004011694341896
54,77,23,0.23,0.4213238663575612
66,83,17,0.17,0.3997538186982274
58,79,21,0.21,0.3445726155908778
80,90,10,0.1,0.3101251584477723
94,97,3,0.03,0.31075156916398555
66,83,17,0.17,0.3353565846942365
60,80,20,0.2,0.4349729362782091
78,89,11,0.11,0.24226783882826566
86,93,7,0.07,0.2958755908254534
68,84,16,0.16,0.33537960493937136
66,83,17,0.17,0.28639033002778885
86,93,7,0.07,0.2893657501973212
64,82,18,0.18,0.3772059875912964
52,76,24,0.24,0.3863548229634762
66,83,17,0.17,0.33464219834655523
76,88,12,0.12,0.35267970996908843
76,88,12,0.12,0.34981660374440254
56,78,22,0.22,0.3502384978719056
64,82,18,0.18,0.3962868395354599
54,77,23,0.23,0.3530905254953541
76,88,12,0.12,0.2965927610918879
66,83,17,0.17,0.3739488473534584
62,81,19,0.19,0.3570938485302031
52,76,24,0.24,0.3360694205854088
68,84,16,0.16,0.33710955901071427
60,80,20,0.2,0.3077335488796234
58,79,21,0.21,0.3988983087986708
60,80,20,0.2,0.41049683168530465
82,91,9,0.09,0.34241357337567024
68,84,16,0.16,0.3680164523422718
54,77,23,0.23,0.37138411723077297
74,87,13,0.13,0.3507579372171313
84,92,8,0.08,0.3397374072019011
76,88,12,0.12,0.32594410710036753
72,86,14,0.14,0.3757373344246298
66,83,17,0.17,0.2920560734206811
60,80,20,0.2,0.37968415465205907
62,81,19,0.19,0.32827521301805973
44,72,28,0.28,0.4639247020892799
74,87,13,0.13,0.3025252221291885
64,82,18,0.18,0.4377968836762011
84,92,8,0.08,0.38846442257985475
50,75,25,0.25,0.4506879043858498
76,88,12,0.12,0.3443102246336639
70,85,15,0.15,0.31348713708110154
74,87,13,0.13,0.36450782340019944
42,71,29,0.29,0.38447337379679086
82,91,9,0.09,0.33823713910765946
68,84,16,0.16,0.33805050728842617
88,94,6,0.06,0.3669427135726437
72,86,14,0.14,0.4394010032340884
70,85,15,0.15,0.40552081596106293
72,86,14,0.14,0.39247181538725273
82,91,9,0.09,0.4183572724834084
64,82,18,0.18,0.40646242156624796
64,82,18,0.18,0.34097903203219176
86,93,7,0.07,0.3389048400707543
68,84,16,0.16,0.4380142178758979
70,85,15,0.15,0.4725699044764042
60,80,20,0.2,0.45591879369691013
62,81,19,0.19,0.3639411160442978
82,91,9,0.09,0.34143792567774656
62,81,19,0.19,0.4525244434177875
78,89,11,0.11,0.28952315960079433
80,90,10,0.1,0.42936622533015906
66,83,17,0.17,0.3534758321940899
62,81,19,0.19,0.38141508983448147
88,94,6,0.06,0.2681287695840001
78,89,11,0.11,0.3257363989483565
68,84,16,0.16,0.33822237587533893
58,79,21,0.21,0.4190352619253099
64,82,18,0.18,0.2883263608254492
74,87,13,0.13,0.2868874807562679
68,84,16,0.16,0.3585553238913417
76,88,12,0.12,0.325741818677634
78,89,11,0.11,0.3572767476225272
78,89,11,0.11,0.3139454753883183
68,84,16,0.16,0.32617050773464146
64,82,18,0.18,0.38383270824328064
90,95,5,0.05,0.2404298445722088
68,84,16,0.16,0.333984172642231
62,81,19,0.19,0.36228946736082435
64,82,18,0.18,0.3186157318390906
64,82,18,0.18,0.3898188154026866
72,86,14,0.14,0.43106198591180145
84,92,8,0.08,0.32318990157917143
76,88,12,0.12,0.35251921793445945
88,94,6,0.06,0.29897527875378727
64,82,18,0.18,0.2890422800276429
80,90,10,0.1,0.24528953971341252
88,94,6,0.06,0.20244490241631866
76,88,12,0.12,0.3479985086526722
72,86,14,0.14,0.31331501111388205
54,77,23,0.23,0.3801327446987852
58,79,21,0.21,0.3486629768833518
68,84,16,0.16,0.2582606957294047
70,85,15,0.15,0.3686253094486892
70,85,15,0.15,0.3750941497273743
50,75,25,0.25,0.3851157743483782
82,91,9,0.09,0.2556094167008996
68,84,16,0.16,0.2918254555016756
88,94,6,0.06,0.23421150856651365
70,85,15,0.15,0.34824306834489105
50,75,25,0.25,0.32764045655727386
76,88,12,0.12,0.2825588233396411
50,75,25,0.25,0.39654546624049547
78,89,11,0.11,0.3530798928625882
84,92,8,0.08,0.28834455892443656
84,92,8,0.08,0.28977755549363793
80,90,10,0.1,0.28637465769425036
74,87,13,0.13,0.29968477462418375
62,81,19,0.19,0.3489907095953822
84,92,8,0.08,0.26176094928756355
86,93,7,0.07,0.21541558547876774
74,87,13,0.13,0.2694607440708205
76,88,12,0.12,0.3014268264360726
62,81,19,0.19,0.3127469073049724
66,83,17,0.17,0.3332356816157699
50,75,25,0.25,0.34413464246317743
78,89,11,0.11,0.31786097957286985
70,85,15,0.15,0.2838814288377762
70,85,15,0.15,0.296260146163404
78,89,11,0.11,0.4049434571713209
78,89,11,0.11,0.2676136849913746
70,85,15,0.15,0.2313101631682366
76,88,12,0.12,0.36736341954674573
70,85,15,0.15,0.2979037383105606
70,85,15,0.15,0.2791288228519261
70,85,15,0.15,0.3124874796997756
70,85,15,0.15,0.29422278840094807
64,82,18,0.18,0.32865022964775564
72,86,14,0.14,0.29854229169897734
76,88,12,0.12,0.31101827102713286
64,82,18,0.18,0.33549015240743757
82,91,9,0.09,0.2824621593905613
78,89,11,0.11,0.2928648995049298
68,84,16,0.16,0.3328859056532383
76,88,12,0.12,0.27080935223959385
60,80,20,0.2,0.3320482393633574
76,88,12,0.12,0.2769358426285908
68,84,16,0.16,0.25049583471380177
64,82,18,0.18,0.34703337468905376
68,84,16,0.16,0.3081382211227901
58,79,21,0.21,0.3390428758505732
80,90,10,0.1,0.29811657485202886
76,88,12,0.12,0.25840274611953645
78,89,11,0.11,0.28942535404115916
70,85,15,0.15,0.30337823007255793
82,91,9,0.09,0.2545139181567356
80,90,10,0.1,0.2229146792832762
62,81,19,0.19,0.35547690420411526
62,81,19,0.19,0.30929650347679855
68,84,16,0.16,0.2844683456234634
76,88,12,0.12,0.275202764282003
72,86,14,0.14,0.40658998588100076
66,83,17,0.17,0.3443591158092022
80,90,10,0.1,0.3115703168837354
60,80,20,0.2,0.3128608631435782
78,89,11,0.11,0.2531158673716709
68,84,16,0.16,0.34952184051275254
72,86,14,0.14,0.33434249290032314
66,83,17,0.17,0.33982428999152037
42,71,29,0.29,0.3975976464152336
62,81,19,0.19,0.27683983820024877
66,83,17,0.17,0.40286070610862224
80,90,10,0.1,0.28272223972249777
66,83,17,0.17,0.38367795253172515
60,80,20,0.2,0.37983331048395486
50,75,25,0.25,0.37214986523613336
74,87,13,0.13,0.3018329644482583
82,91,9,0.09,0.3142800912144594
64,82,18,0.18,0.35287457288242874
68,84,16,0.16,0.3892915784008801
84,92,8,0.08,0.27206526764668526
74,87,13,0.13,0.30758684416301546
74,87,13,0.13,0.35691149432677777
74,87,13,0.13,0.2895512151159346
68,84,16,0.16,0.32513848811388013
68,84,16,0.16,0.31904547326266763
78,89,11,0.11,0.3407108231633902
70,85,15,0.15,0.297337787123397
66,83,17,0.17,0.29968981247395277
52,76,24,0.24,0.3500788682280108
68,84,16,0.16,0.4022056297585368
64,82,18,0.18,0.24349463623017073
60,80,20,0.2,0.28538204718381166
84,92,8,0.08,0.23663238522596658
58,79,21,0.21,0.3732461268128827
74,87,13,0.13,0.27768585983198135
68,84,16,0.16,0.23541546579450368
74,87,13,0.13,0.34415457715280356
76,88,12,0.12,0.3287907386571169
70,85,15,0.15,0.2892606204748154
68,84,16,0.16,0.26423294295789673
72,86,14,0.14,0.250422510644421
78,89,11,0.11,0.31997831593209414
72,86,14,0.14,0.3389030266110785
62,81,19,0.19,0.34642537859734146
84,92,8,0.08,0.2268891823361628
62,81,19,0.19,0.3089839457999915
80,90,10,0.1,0.36233894592151045
72,86,14,0.14,0.31669885280076415
80,90,10,0.1,0.195773090030998
78,89,11,0.11,0.3135685742134228
62,81,19,0.19,0.34845071895979346
70,85,15,0.15,0.29546264220029117
70,85,15,0.15,0.2698553149029613
54,77,23,0.23,0.2582099622808164
66,83,17,0.17,0.3200531586073339
78,89,11,0.11,0.20679686437826603
66,83,17,0.17,0.29941709090955554
84,92,8,0.08,0.2671975907823071
74,87,13,0.13,0.24262992618605494
74,87,13,0.13,0.2713296341896057
80,90,10,0.1,0.33016806162893775
62,81,19,0.19,0.2852679387293756
68,84,16,0.16,0.3021639950107783
68,84,16,0.16,0.3016313108720351
60,80,20,0.2,0.3230706541996915
80,90,10,0.1,0.27816114701796324
62,81,19,0.19,0.3424137298483402
72,86,14,0.14,0.20856847982853652
70,85,15,0.15,0.23245011536404492
74,87,13,0.13,0.3132903055101633
58,79,21,0.21,0.2630060034431517
80,90,10,0.1,0.23872623416595162
70,85,15,0.15,0.3709449519217014
72,86,14,0.14,0.27918907306157054
80,90,10,0.1,0.2866553569305688
68,84,16,0.16,0.25573377026245
78,89,11,0.11,0.28190662706270814
82,91,9,0.09,0.241510416502133
66,83,17,0.17,0.29214930010959506
58,79,21,0.21,0.27858877171762286
86,93,7,0.07,0.2906948557635769
52,76,24,0.24,0.31258706338703635
84,92,8,0.08,0.2788256208226085
76,88,12,0.12,0.32365479194559155
82,91,9,0.09,0.2970794977992773
62,81,19,0.19,0.294238920127973
72,86,14,0.14,0.2833222226938233
76,88,12,0.12,0.33781635530292986
70,85,15,0.15,0.2802451211819425
64,82,18,0.18,0.23148067250847817
76,88,12,0.12,0.2429807951208204
70,85,15,0.15,0.2758536237105727
80,90,10,0.1,0.29019128405489025
64,82,18,0.18,0.3013408604823053
76,88,12,0.12,0.24534574326360598
80,90,10,0.1,0.26690667431801557
66,83,17,0.17,0.2796547218831256
74,87,13,0.13,0.20609590705949812
58,79,21,0.21,0.30729505454190076
66,83,17,0.17,0.34102552171796563
74,87,13,0.13,0.33039693196304143
74,87,13,0.13,0.2564446274191141
72,86,14,0.14,0.23337177878711374
58,79,21,0.21,0.36701153894886374
82,91,9,0.09,0.2229523889767006
74,87,13,0.13,0.22531406972557305
48,74,26,0.26,0.3659644588455558
82,91,9,0.09,0.28989713536575434
66,83,17,0.17,0.3254575706087053
76,88,12,0.12,0.37414639883674683
68,84,16,0.16,0.3079108333634213
86,93,7,0.07,0.320698602264747
70,85,15,0.15,0.2659977495903149
42,71,29,0.29,0.304167038872838
78,89,11,0.11,0.30318536433391274
70,85,15,0.15,0.322570970011875
74,87,13,0.13,0.31029563895426693
66,83,17,0.17,0.3415793982893229
58,79,21,0.21,0.2511867034155875
60,80,20,0.2,0.28411615481832997
74,87,13,0.13,0.21336190937552602
68,84,16,0.16,0.31236766127869486
76,88,12,0.12,0.31131179416552185
74,87,13,0.13,0.28644228850491343
76,88,12,0.12,0.24956856819801032
76,88,12,0.12,0.29545574471587316
84,92,8,0.08,0.33706353854388
72,86,14,0.14,0.40854728935286405
86,93,7,0.07,0.3011441214615479
82,91,9,0.09,0.25586263633333145
76,88,12,0.12,0.30546815898269414
84,92,8,0.08,0.3150192205235362
82,91,9,0.09,0.3371732074394822
84,92,8,0.08,0.2508066804986447
78,89,11,0.11,0.24268260409822687
94,97,3,0.03,0.2175425942335278
74,87,13,0.13,0.31912576816044746
72,86,14,0.14,0.25694421141408386
56,78,22,0.22,0.32055534433573485
86,93,7,0.07,0.2195396699849516
80,90,10,0.1,0.2679880494251847
74,87,13,0.13,0.2959336109738797
74,87,13,0.13,0.3748664606409147
70,85,15,0.15,0.3838887024857104
72,86,14,0.14,0.3299024148331955
80,90,10,0.1,0.24585224117618054
72,86,14,0.14,0.22979127031750976
54,77,23,0.23,0.3019484163075685
84,92,8,0.08,0.27014338310342284
92,96,4,0.04,0.21460214912891387
80,90,10,0.1,0.3163364069070667
84,92,8,0.08,0.33349906365619975
76,88,12,0.12,0.2900527919176966
82,91,9,0.09,0.1901098395185545
82,91,9,0.09,0.2146883340133354
90,95,5,0.05,0.21842721533495932
58,79,21,0.21,0.28218868726864454
76,88,12,0.12,0.27327730047516524
56,78,22,0.22,0.32587158780544995
62,81,19,0.19,0.3537571130227298
64,82,18,0.18,0.32087028172332793
48,74,26,0.26,0.32044942474924026
72,86,14,0.14,0.32292376072146
72,86,14,0.14,0.23944512258283793
74,87,13,0.13,0.3216548747359775
76,88,12,0.12,0.250406624218449
64,82,18,0.18,0.29060224667191503
54,77,23,0.23,0.3153564085252583
74,87,13,0.13,0.23016900294693188
76,88,12,0.12,0.27517116570845246
76,88,12,0.12,0.2701082982571097
68,84,16,0.16,0.2692932618840132
60,80,20,0.2,0.3421948914439417
70,85,15,0.15,0.32034017904661594
92,96,4,0.04,0.18352680570445956
72,86,14,0.14,0.2580912324041128
68,84,16,0.16,0.25759099432965743
70,85,15,0.15,0.27711403763853015
82,91,9,0.09,0.1773864697245881
80,90,10,0.1,0.2557158659864217
80,90,10,0.1,0.22740240778657608
68,84,16,0.16,0.2299692810047418
82,91,9,0.09,0.2501971045136452
84,92,8,0.08,0.26043867647182195
70,85,15,0.15,0.21397509265691042
78,89,11,0.11,0.28469149785814807
84,92,8,0.08,0.22568627774948255
88,94,6,0.06,0.24847189338877798
74,87,13,0.13,0.25955008654389533
58,79,21,0.21,0.27371506808325646
68,84,16,0.16,0.23628296760376544
78,89,11,0.11,0.270092070447281
74,87,13,0.13,0.2211358832695987
72,86,14,0.14,0.3395774659514427
74,87,13,0.13,0.28486215251497926
74,87,13,0.13,0.19977988120401277
88,94,6,0.06,0.2351024666801095
74,87,13,0.13,0.2635806074854918
84,92,8,0.08,0.26646636946126817
66,83,17,0.17,0.19032896233722568
80,90,10,0.1,0.1945398956676945
60,80,20,0.2,0.2201627643406391
84,92,8,0.08,0.25388770777732134
84,92,8,0.08,0.2578305946756154
72,86,14,0.14,0.23372337082400918
68,84,16,0.16,0.2942434116406366
70,85,15,0.15,0.2324189249239862
78,89,11,0.11,0.23355854847468435
66,83,17,0.17,0.2106646163575351
70,85,15,0.15,0.25707903746515515
84,92,8,0.08,0.17206816893303767
62,81,19,0.19,0.25198348858393727
66,83,17,0.17,0.2413580402173102
78,89,11,0.11,0.22271437967196106
74,87,13,0.13,0.24065398151054979
64,82,18,0.18,0.3348351961560547
56,78,22,0.22,0.33386694082990287
52,76,24,0.24,0.2513530316646211
86,93,7,0.07,0.2922458839789033
58,79,21,0.21,0.33849826084449885
70,85,15,0.15,0.374367959164083
72,86,14,0.14,0.2848647496150807
72,86,14,0.14,0.21630011023487897
68,84,16,0.16,0.2690984729444608
84,92,8,0.08,0.2647465197858401
82,91,9,0.09,0.25504585601040164
64,82,18,0.18,0.3281848088465631
74,87,13,0.13,0.18444561540614812
86,93,7,0.07,0.2629426988307387
74,87,13,0.13,0.243532123635523
86,93,7,0.07,0.2639921505842358
62,81,19,0.19,0.2698813725053333
84,92,8,0.08,0.18772877941606567
46,73,27,0.27,0.36169011317193506
76,88,12,0.12,0.25137480578850957
68,84,16,0.16,0.26596581533551217
80,90,10,0.1,0.22600503223482518
82,91,9,0.09,0.28478614977095273
72,86,14,0.14,0.3052981057483703
74,87,13,0.13,0.2581902214698493
70,85,15,0.15,0.26934680314734577
66,83,17,0.17,0.27120240848511457
76,88,12,0.12,0.2632702862122096
84,92,8,0.08,0.2628811816871166
70,85,15,0.15,0.2830461270920932
76,88,12,0.12,0.29867837304249406
80,90,10,0.1,0.260005388315767
76,88,12,0.12,0.26630637211259456
74,87,13,0.13,0.3073474807292223
62,81,19,0.19,0.2791554174851626
66,83,17,0.17,0.284589558262378
68,84,16,0.16,0.2728030684124678
82,91,9,0.09,0.22255837257020175
72,86,14,0.14,0.27798610996454953
68,84,16,0.16,0.2730774909351021
74,87,13,0.13,0.24753232002258302
68,84,16,0.16,0.23833671868313103
74,87,13,0.13,0.2656263962201774
66,83,17,0.17,0.19201620187493973
80,90,10,0.1,0.2363596501108259
78,89,11,0.11,0.2993121598288417
62,81,19,0.19,0.26864205763675275
68,84,16,0.16,0.315565630691126
70,85,15,0.15,0.21867283636704088
84,92,8,0.08,0.22810457174200566
76,88,12,0.12,0.3254877031268552
74,87,13,0.13,0.23969457991886883
62,81,19,0.19,0.21487610512878746
68,84,16,0.16,0.2678872184734791
82,91,9,0.09,0.22022936871275306
68,84,16,0.16,0.2708275960292667
76,88,12,0.12,0.24304971801117062
80,90,10,0.1,0.2647316763084382
70,85,15,0.15,0.18447791293729096
78,89,11,0.11,0.23744439729489386
72,86,14,0.14,0.2925055439025164
70,85,15,0.15,0.22383149393834173
78,89,11,0.11,0.2647582647204399
64,82,18,0.18,0.2796046910434961
74,87,13,0.13,0.24221325851976871
82,91,9,0.09,0.26257364607416095
78,89,11,0.11,0.25937018082942814
64,82,18,0.18,0.27189212118741124
72,86,14,0.14,0.22198088848032058
70,85,15,0.15,0.27229576433077457
80,90,10,0.1,0.27762176556512713
68,84,16,0.16,0.36692936084931715
74,87,13,0.13,0.26199547813041135
86,93,7,0.07,0.21102813860867173
70,85,15,0.15,0.28485789807047696
70,85,15,0.15,0.25768071265891196
80,90,10,0.1,0.2476660758536309
76,88,12,0.12,0.1905577232502401
86,93,7,0.07,0.21194469028152527
66,83,17,0.17,0.32744625615887346
66,83,17,0.17,0.27953220676630736
70,85,15,0.15,0.21318996895104647
72,86,14,0.14,0.27432177257724105
76,88,12,0.12,0.29355132637545467
62,81,19,0.19,0.31735717590665447
58,79,21,0.21,0.3159497397765517
70,85,15,0.15,0.25356751575134695
70,85,15,0.15,0.2971789797954261
68,84,16,0.16,0.2862294797832146
72,86,14,0.14,0.2973440214432776
64,82,18,0.18,0.2875377303082496
74,87,13,0.13,0.3098497273772955
76,88,12,0.12,0.31084238773677497
86,93,7,0.07,0.2439826047839597
60,80,20,0.2,0.33541252713650466
64,82,18,0.18,0.2500015401095152
76,88,12,0.12,0.31230036727618427
84,92,8,0.08,0.23058535694144666
84,92,8,0.08,0.2511027413327247
82,91,9,0.09,0.27377415938768535
70,85,15,0.15,0.2778520749043673
78,89,11,0.11,0.19855761057231575
70,85,15,0.15,0.2704783925227821
58,79,21,0.21,0.33645911697298286
70,85,15,0.15,0.28743680062703786
68,84,16,0.16,0.30505067474208775
72,86,14,0.14,0.28219759785570203
72,86,14,0.14,0.2970001088362187
76,88,12,0.12,0.21212977182120085
70,85,15,0.15,0.23512129719369113
68,84,16,0.16,0.2768215611530468
76,88,12,0.12,0.2391449717991054
58,79,21,0.21,0.2705889045866206
80,90,10,0.1,0.2433636225340888
82,91,9,0.09,0.24705960189923645
66,83,17,0.17,0.1871527047478594
52,76,24,0.24,0.25840243106242267
80,90,10,0.1,0.23987594636157156
70,85,15,0.15,0.24905176878906787
70,85,15,0.15,0.27644194250926374
72,86,14,0.14,0.27687402100185865
80,90,10,0.1,0.2012618618737906
78,89,11,0.11,0.2769329843111336
66,83,17,0.17,0.29446018220856784
68,84,16,0.16,0.2776590493880212
66,83,17,0.17,0.2731706595700234
76,88,12,0.12,0.24048166461288928
70,85,15,0.15,0.2623561943694949
76,88,12,0.12,0.21022030986845494
62,81,19,0.19,0.2595592105574906
64,82,18,0.18,0.3453341012028977
60,80,20,0.2,0.32338323663920165
60,80,20,0.2,0.3514306215569377
78,89,11,0.11,0.22679718133062124
88,94,6,0.06,0.25935727391391994
82,91,9,0.09,0.20881460247561334
82,91,9,0.09,0.3327819698769599
72,86,14,0.14,0.26820552625693383
80,90,10,0.1,0.28660264347679915
76,88,12,0.12,0.2753955852147192
64,82,18,0.18,0.3066263401508331
80,90,10,0.1,0.2464945125952363
62,81,19,0.19,0.35240332866087554
78,89,11,0.11,0.21477700415998696
72,86,14,0.14,0.30198629503604024
76,88,12,0.12,0.25199829356744885
64,82,18,0.18,0.26692029455676675
72,86,14,0.14,0.249922305168584
62,81,19,0.19,0.23101862229406833
66,83,17,0.17,0.24171796032227577
70,85,15,0.15,0.24351236577145755
66,83,17,0.17,0.2887075299024582
66,83,17,0.17,0.31603245994076135
76,88,12,0.12,0.28846175462007523
70,85,15,0.15,0.2704601263999939
74,87,13,0.13,0.28383587635122237
64,82,18,0.18,0.22099019622430205
64,82,18,0.18,0.3140333504788578
66,83,17,0.17,0.25573640821501614
70,85,15,0.15,0.2767193777114153
72,86,14,0.14,0.263128073643893
72,86,14,0.14,0.35104483349714427
72,86,14,0.14,0.3052400020137429
78,89,11,0.11,0.2691501939576119
62,81,19,0.19,0.3161015104502439
74,87,13,0.13,0.30430446356534957
76,88,12,0.12,0.281364288944751
58,79,21,0.21,0.27577677483670415
82,91,9,0.09,0.29829275758937
68,84,16,0.16,0.2399124796781689
64,82,18,0.18,0.3357369518652558
70,85,15,0.15,0.23388587590306997
76,88,12,0.12,0.22022027930244803
70,85,15,0.15,0.2946798487007618
68,84,16,0.16,0.3097940517310053
72,86,14,0.14,0.3665639436338097
80,90,10,0.1,0.29181019868701696
82,91,9,0.09,0.21114458782598378
70,85,15,0.15,0.28602823022753
64,82,18,0.18,0.28504472502041606
70,85,15,0.15,0.34636140916496516
70,85,15,0.15,0.36905267839320005
70,85,15,0.15,0.28813928784802556
76,88,12,0.12,0.27569754830561577
78,89,11,0.11,0.3208358691819012
74,87,13,0.13,0.36975263740867376
82,91,9,0.09,0.29613058622926475
58,79,21,0.21,0.27466569480486214
72,86,14,0.14,0.28945582615211607
68,84,16,0.16,0.34750812375918033
84,92,8,0.08,0.2906841756775975
86,93,7,0.07,0.31116841808892787
58,79,21,0.21,0.31123619854450224
66,83,17,0.17,0.27774688279256227
72,86,14,0.14,0.32009635956492277
56,78,22,0.22,0.3015359701402485
62,81,19,0.19,0.2894172597629949
72,86,14,0.14,0.3012794405082241
64,82,18,0.18,0.2995885488949716
72,86,14,0.14,0.20508787910919637
78,89,11,0.11,0.21880186113528907
62,81,19,0.19,0.2547659596800804
76,88,12,0.12,0.29021308476105334
72,86,14,0.14,0.3131994058378041
82,91,9,0.09,0.21898865099065007
66,83,17,0.17,0.28575697490014135
66,83,17,0.17,0.34339650047942993
68,84,16,0.16,0.266351643204689
68,84,16,0.16,0.3369948667753488
64,82,18,0.18,0.26693065304309127
62,81,19,0.19,0.3770771589316428
76,88,12,0.12,0.2679067501425743
78,89,11,0.11,0.33504425721243025
82,91,9,0.09,0.27500859984429554
66,83,17,0.17,0.2576250374875963
58,79,21,0.21,0.28361110754311086
82,91,9,0.09,0.2914872623607516
72,86,14,0.14,0.3403906084410846
74,87,13,0.13,0.32365622265264393
66,83,17,0.17,0.3047172274999321
80,90,10,0.1,0.33396456552669407
84,92,8,0.08,0.29376500150188806
72,86,14,0.14,0.2974283280875534
72,86,14,0.14,0.27071905493736265
70,85,15,0.15,0.31354291399009526
70,85,15,0.15,0.2857516411691904
72,86,14,0.14,0.2834687516093254
74,87,13,0.13,0.26585981018841265
54,77,23,0.23,0.30893764399923385
62,81,19,0.19,0.3388412294443697
76,88,12,0.12,0.2876899090409279
74,87,13,0.13,0.31084846566431223
92,96,4,0.04,0.2705692114122212
64,82,18,0.18,0.31054698130115865
76,88,12,0.12,0.33818139184266327
64,82,18,0.18,0.3438233267515898
74,87,13,0.13,0.2973221135698259
70,85,15,0.15,0.2945039087533951
70,85,15,0.15,0.3319730322808027
76,88,12,0.12,0.4125065165385604
64,82,18,0.18,0.34759311225265266
70,85,15,0.15,0.30772037802264096
66,83,17,0.17,0.3192096419632435
86,93,7,0.07,0.247426417991519
76,88,12,0.12,0.284233667217195
78,89,11,0.11,0.3562858856283128
78,89,11,0.11,0.36296190582215787
84,92,8,0.08,0.2646014453843236
76,88,12,0.12,0.34673266123980284
88,94,6,0.06,0.2966311401873827
70,85,15,0.15,0.3132819273881614
72,86,14,0.14,0.3817875158134848
86,93,7,0.07,0.31927220910787585
92,96,4,0.04,0.3574981606565416
68,84,16,0.16,0.27319860647432503
80,90,10,0.1,0.3813488881289959
54,77,23,0.23,0.3518975923769176
74,87,13,0.13,0.286120347250253
76,88,12,0.12,0.23860239144880324
74,87,13,0.13,0.28210977675393223
70,85,15,0.15,0.354184608720243
76,88,12,0.12,0.2994104866869748
74,87,13,0.13,0.23338736932724713
82,91,9,0.09,0.2605789695866406
76,88,12,0.12,0.2726896275579929
80,90,10,0.1,0.327503165435046
64,82,18,0.18,0.24819162232801317
78,89,11,0.11,0.28158423031447455
64,82,18,0.18,0.3782651698775589
72,86,14,0.14,0.2407992092333734
72,86,14,0.14,0.30682583566755056
70,85,15,0.15,0.2658434036374092
74,87,13,0.13,0.2902432743087411
80,90,10,0.1,0.29040667751803995
62,81,19,0.19,0.28192391607910394
54,77,23,0.23,0.29292824025731534
72,86,14,0.14,0.23960528023540972
66,83,17,0.17,0.29485331088304517
88,94,6,0.06,0.2992954698763788
76,88,12,0.12,0.2539048583060503
68,84,16,0.16,0.2437898404058069
82,91,9,0.09,0.3073607542179525
62,81,19,0.19,0.2960367199080065
82,91,9,0.09,0.22740192090626807
76,88,12,0.12,0.21973993421532215
78,89,11,0.11,0.2858459920762107
68,84,16,0.16,0.3047194951027632
88,94,6,0.06,0.2877120304107666
58,79,21,0.21,0.2762391452118754
82,91,9,0.09,0.3341640009917319
74,87,13,0.13,0.2759343498572707
62,81,19,0.19,0.2883571164123714
68,84,16,0.16,0.34295148599892855
74,87,13,0.13,0.25791947963647543
68,84,16,0.16,0.39753174683079123
72,86,14,0.14,0.23126731880009174
70,85,15,0.15,0.30549358114600184
64,82,18,0.18,0.2880655437335372
86,93,7,0.07,0.25313867345452307
70,85,15,0.15,0.3240372961480171
56,78,22,0.22,0.31503776635974645
68,84,16,0.16,0.31022645680233835
68,84,16,0.16,0.3593413072451949
76,88,12,0.12,0.23222022979520263
70,85,15,0.15,0.3573953491076827
70,85,15,0.15,0.33486273212020023
86,93,7,0.07,0.2878079150989652
68,84,16,0.16,0.3077926326356828
66,83,17,0.17,0.40107653414830563
80,90,10,0.1,0.34171790261287244
76,88,12,0.12,0.2680204886198044
62,81,19,0.19,0.2937187032215297
80,90,10,0.1,0.24799644600600004
70,85,15,0.15,0.3248564476147294
76,88,12,0.12,0.24670712104067205
68,84,16,0.16,0.231743209566921
80,90,10,0.1,0.2689943854510784
60,80,20,0.2,0.3234689436480403
62,81,19,0.19,0.27925230856984856
46,73,27,0.27,0.3261016039736569
66,83,17,0.17,0.34788700722157956
72,86,14,0.14,0.33636850280687214
80,90,10,0.1,0.3065467119961977
70,85,15,0.15,0.2709633368626237
72,86,14,0.14,0.3152062676753849
64,82,18,0.18,0.31465022161602973
74,87,13,0.13,0.2756859853491187
66,83,17,0.17,0.21887785961851478
70,85,15,0.15,0.3030950399301946
68,84,16,0.16,0.2142187659163028
56,78,22,0.22,0.2972333045490086
78,89,11,0.11,0.30148490622639657
58,79,21,0.21,0.30818125264719126
82,91,9,0.09,0.30476720940321683
50,75,25,0.25,0.4009845781791955
68,84,16,0.16,0.25595549611840396
46,73,27,0.27,0.38101471005007626
74,87,13,0.13,0.2974369185231626
60,80,20,0.2,0.33067618364468215
66,83,17,0.17,0.26319654783234
70,85,15,0.15,0.31826565781608224
64,82,18,0.18,0.2586920464225113
84,92,8,0.08,0.3742694709450006
66,83,17,0.17,0.2724760608561337
74,87,13,0.13,0.29348880868405103
60,80,20,0.2,0.3614329641172662
86,93,7,0.07,0.33448279183357954
72,86,14,0.14,0.35072749698534605
70,85,15,0.15,0.2949242230318487
74,87,13,0.13,0.34132366290315985
70,85,15,0.15,0.32510275665670635
58,79,21,0.21,0.3432440981641412
68,84,16,0.16,0.30665422189980746
82,91,9,0.09,0.4028523305431008
74,87,13,0.13,0.29451965071260927
66,83,17,0.17,0.4272373155876994
76,88,12,0.12,0.28295972756575793
68,84,16,0.16,0.31996165551245215
82,91,9,0.09,0.2964302737638354
70,85,15,0.15,0.3871027890779078
70,85,15,0.15,0.3794724953919649
78,89,11,0.11,0.28620071700774136
72,86,14,0.14,0.2753443995350972
76,88,12,0.12,0.2829219063743949
48,74,26,0.26,0.3948290118575096
70,85,15,0.15,0.4578769306093454
72,86,14,0.14,0.2770507398620248
60,80,20,0.2,0.31774178735911845
88,94,6,0.06,0.2841456948965788
70,85,15,0.15,0.32537975542247294
62,81,19,0.19,0.336635738350451
66,83,17,0.17,0.38189388712868094
82,91,9,0.09,0.359398672003299
74,87,13,0.13,0.38106150764040647
78,89,11,0.11,0.3091289326176047
70,85,15,0.15,0.36159642558544874
72,86,14,0.14,0.2909866026137024
86,93,7,0.07,0.3481056732684374
68,84,16,0.16,0.3732333218446001
82,91,9,0.09,0.33361768843606115
76,88,12,0.12,0.29497884834650906
74,87,13,0.13,0.3617465372383595
80,90,10,0.1,0.39379801822826266
70,85,15,0.15,0.2892670437810011
72,86,14,0.14,0.2819164188206196
76,88,12,0.12,0.2562951902672648
62,81,19,0.19,0.35150396648794413
72,86,14,0.14,0.30834455374628306
82,91,9,0.09,0.3129256133921444
64,82,18,0.18,0.27398381401784716
78,89,11,0.11,0.3441982236271724
66,83,17,0.17,0.35386342130601406
78,89,11,0.11,0.3107866522297263
68,84,16,0.16,0.2892560467869043
62,81,19,0.19,0.2974832476489246
54,77,23,0.23,0.32281785026192666
74,87,13,0.13,0.28589176655281334
88,94,6,0.06,0.2574870542436838
68,84,16,0.16,0.34342194955796
64,82,18,0.18,0.30861648557707666
72,86,14,0.14,0.28407486133277415
66,83,17,0.17,0.3191818610113114
72,86,14,0.14,0.36166209980845454
78,89,11,0.11,0.29294456707313654
54,77,23,0.23,0.3952698217704892
76,88,12,0.12,0.3435440145805478
74,87,13,0.13,0.31682041112333537
74,87,13,0.13,0.31350114051252603
64,82,18,0.18,0.3481549833342433
58,79,21,0.21,0.3343677950650454
72,86,14,0.14,0.3888638361915946
68,84,16,0.16,0.3347097477503121
82,91,9,0.09,0.3591246096789837
76,88,12,0.12,0.28372666792944073
64,82,18,0.18,0.3299192123301327
76,88,12,0.12,0.39953255049185826
74,87,13,0.13,0.35570341715589165
78,89,11,0.11,0.3097284124419093
72,86,14,0.14,0.3884464431926608
72,86,14,0.14,0.35416712615638973
78,89,11,0.11,0.3425902869552374
54,77,23,0.23,0.3650362171418965
82,91,9,0.09,0.2556090684980154
72,86,14,0.14,0.2923117838427424
78,89,11,0.11,0.3518491781502962
70,85,15,0.15,0.2664672558009624
76,88,12,0.12,0.2822330426797271
80,90,10,0.1,0.30817409861832856
82,91,9,0.09,0.2514513734448701
72,86,14,0.14,0.27563218358904124
60,80,20,0.2,0.28669876486063006
56,78,22,0.22,0.3785557098314166
72,86,14,0.14,0.2300002459809184
54,77,23,0.23,0.37112776421476157
72,86,14,0.14,0.2740183761715889
76,88,12,0.12,0.2532855506427586
74,87,13,0.13,0.34062616132199763
82,91,9,0.09,0.28252926576882603
82,91,9,0.09,0.2467332077305764
66,83,17,0.17,0.2665007119067013
82,91,9,0.09,0.30918862788937984
72,86,14,0.14,0.27372585541568695
82,91,9,0.09,0.2819283459894359
74,87,13,0.13,0.24755256969481707
78,89,11,0.11,0.37808505291119215
70,85,15,0.15,0.33433733355253936
58,79,21,0.21,0.2995737246237695
90,95,5,0.05,0.2666253106668591
66,83,17,0.17,0.29538710590451955
76,88,12,0.12,0.27202739283442495
86,93,7,0.07,0.2529207488335669
70,85,15,0.15,0.27637734851101414
62,81,19,0.19,0.3806158193666488
62,81,19,0.19,0.4034268051479012
70,85,15,0.15,0.262275850083679
70,85,15,0.15,0.32901894886046645
74,87,13,0.13,0.29677738800644876
64,82,18,0.18,0.327458410076797
58,79,21,0.21,0.35471199413761495
68,84,16,0.16,0.3287625924870372
84,92,8,0.08,0.27344424709677695
72,86,14,0.14,0.2899758735578507
62,81,19,0.19,0.34477129247039556
72,86,14,0.14,0.3207725913822651
80,90,10,0.1,0.27759858936071397
56,78,22,0.22,0.32444378297775983
72,86,14,0.14,0.3554037661291659
68,84,16,0.16,0.29557707600295546
64,82,18,0.18,0.38380273383110763
62,81,19,0.19,0.3444380107149482
60,80,20,0.2,0.3405804278329015
68,84,16,0.16,0.3162450807355344
60,80,20,0.2,0.3453703468292952
62,81,19,0.19,0.32548186459578576
72,86,14,0.14,0.3355973503924906
64,82,18,0.18,0.35297708224505187
72,86,14,0.14,0.28771269727498294
70,85,15,0.15,0.33891530472785236
74,87,13,0.13,0.3179928756970912
72,86,14,0.14,0.3497666992340237
58,79,21,0.21,0.27967217375524345
66,83,17,0.17,0.3165061931870878
70,85,15,0.15,0.35975884754210713
84,92,8,0.08,0.3378081521764398
62,81,19,0.19,0.403486667573452
84,92,8,0.08,0.3201404339633882
62,81,19,0.19,0.3927114546298981
76,88,12,0.12,0.32755968833342197
58,79,21,0.21,0.2871722808014601
76,88,12,0.12,0.32102656193077567
64,82,18,0.18,0.28718887113034725
80,90,10,0.1,0.3192329081706703
70,85,15,0.15,0.3164348462037742
76,88,12,0.12,0.326662498190999
58,79,21,0.21,0.3535068219155073
60,80,20,0.2,0.36049827525392175
54,77,23,0.23,0.3952335175871849
80,90,10,0.1,0.33908393688499927
60,80,20,0.2,0.42316925192251803
54,77,23,0.23,0.3638021069765091
74,87,13,0.13,0.3455618754774332
68,84,16,0.16,0.3745466169714928
84,92,8,0.08,0.2929657756537199
76,88,12,0.12,0.36056745432317255
70,85,15,0.15,0.37814657950773833
66,83,17,0.17,0.36982870403677226
60,80,20,0.2,0.3657896329089999
68,84,16,0.16,0.33138272508978844
70,85,15,0.15,0.3948605627566576
60,80,20,0.2,0.38726549193263055
68,84,16,0.16,0.4286635395884514
64,82,18,0.18,0.3707867758348584
70,85,15,0.15,0.33829996788874267
66,83,17,0.17,0.3130907278507948
58,79,21,0.21,0.3696057602763176
66,83,17,0.17,0.37987513553351165
70,85,15,0.15,0.39580678250640633
80,90,10,0.1,0.36491429262794556
66,83,17,0.17,0.3291612466238439
68,84,16,0.16,0.3747008887305856
78,89,11,0.11,0.3630804335325956
72,86,14,0.14,0.3814653514325619
68,84,16,0.16,0.3854301280900836
82,91,9,0.09,0.323703077249229
68,84,16,0.16,0.3453402867168188
68,84,16,0.16,0.3444571679830551
66,83,17,0.17,0.3584418274089694
68,84,16,0.16,0.2666404885239899
52,76,24,0.24,0.349984858892858
68,84,16,0.16,0.35529407812282443
62,81,19,0.19,0.373750084862113
58,79,21,0.21,0.43041682153940203
72,86,14,0.14,0.42581702541559935
64,82,18,0.18,0.25621072301641107
76,88,12,0.12,0.415875150822103
72,86,14,0.14,0.33862403482198716
76,88,12,0.12,0.3838341124728322
80,90,10,0.1,0.3768912649899721
60,80,20,0.2,0.404221421033144
68,84,16,0.16,0.3871921672299504
58,79,21,0.21,0.39229246135801077
72,86,14,0.14,0.3273779971525073
66,83,17,0.17,0.3391944592259824
62,81,19,0.19,0.3202351839095354
74,87,13,0.13,0.44939902985468505
62,81,19,0.19,0.3392154355626553
66,83,17,0.17,0.3869255919754505
90,95,5,0.05,0.33768791854381563
56,78,22,0.22,0.411875115185976
68,84,16,0.16,0.2943292126432061
82,91,9,0.09,0.2248256295733154
88,94,6,0.06,0.29228799941018224
54,77,23,0.23,0.3052364061027765
68,84,16,0.16,0.36087827034294606
54,77,23,0.23,0.3545587061718106
68,84,16,0.16,0.3269720667600632
66,83,17,0.17,0.36869980599731206
74,87,13,0.13,0.3158221206814051
66,83,17,0.17,0.32874439023435115
64,82,18,0.18,0.3325204112008214
72,86,14,0.14,0.29407437589019536
52,76,24,0.24,0.31453801998868586
62,81,19,0.19,0.41447708167135716
66,83,17,0.17,0.350689958371222
92,96,4,0.04,0.2958815896511078
66,83,17,0.17,0.3538562020286918
56,78,22,0.22,0.3852071963623166
72,86,14,0.14,0.3933505245950073
84,92,8,0.08,0.2740031318739057
64,82,18,0.18,0.34584677338600156
74,87,13,0.13,0.41631554152816536
68,84,16,0.16,0.3518820633739233
66,83,17,0.17,0.4229646270722151
84,92,8,0.08,0.31408587757498024
72,86,14,0.14,0.38877640224993226
72,86,14,0.14,0.2952724720537663
62,81,19,0.19,0.4448628069460392
28,64,36,0.36,0.35905500411987307
84,92,8,0.08,0.37512986235320567
48,74,26,0.26,0.4594664377346635
74,87,13,0.13,0.3579174672998488
70,85,15,0.15,0.33001230798661707
84,92,8,0.08,0.29227382816374303
70,85,15,0.15,0.36734225854277613
82,91,9,0.09,0.438905910179019
68,84,16,0.16,0.37449762981384993
68,84,16,0.16,0.33302828188985584
80,90,10,0.1,0.3798070672526956
78,89,11,0.11,0.33398762345314026
60,80,20,0.2,0.38886848717927935
68,84,16,0.16,0.3453877381794155
78,89,11,0.11,0.3499632725305855
64,82,18,0.18,0.26631000032648444
64,82,18,0.18,0.40825451862066986
70,85,15,0.15,0.428465478066355
74,87,13,0.13,0.2941381310671568
90,95,5,0.05,0.31693884046748283
78,89,11,0.11,0.409104432836175
66,83,17,0.17,0.3004279513284564
76,88,12,0.12,0.2987953233718872
90,95,5,0.05,0.3554989886470139
70,85,15,0.15,0.3378825869597495
74,87,13,0.13,0.3534793167002499
64,82,18,0.18,0.334167730435729
70,85,15,0.15,0.2974618833884597
70,85,15,0.15,0.3743859566748142
78,89,11,0.11,0.2915748679637909
70,85,15,0.15,0.37341572508215903
68,84,16,0.16,0.46396938767284157
62,81,19,0.19,0.33181765958666803
82,91,9,0.09,0.3219192222878337
72,86,14,0.14,0.36427898298949
68,84,16,0.16,0.3144752229936421
76,88,12,0.12,0.26551259057596327
58,79,21,0.21,0.3439331718534231
68,84,16,0.16,0.3569425449334085
46,73,27,0.27,0.46980577040463684
68,84,16,0.16,0.31495540641248226
58,79,21,0.21,0.3675605869106948
80,90,10,0.1,0.3017756713181734
70,85,15,0.15,0.34144499991089106
74,87,13,0.13,0.32333079827949407
70,85,15,0.15,0.3199834353849292
82,91,9,0.09,0.2811438248679042
66,83,17,0.17,0.30994938753545287
76,88,12,0.12,0.2811304434388876
70,85,15,0.15,0.30842516843229534
72,86,14,0.14,0.2932061470299959
56,78,22,0.22,0.3394843342900276
68,84,16,0.16,0.3871082036755979
74,87,13,0.13,0.32238760124891996
66,83,17,0.17,0.35688296891748905
72,86,14,0.14,0.32237517546862365
80,90,10,0.1,0.3331063572689891
72,86,14,0.14,0.27955222852528094
58,79,21,0.21,0.33224498711526396
82,91,9,0.09,0.28141839312389494
52,76,24,0.24,0.4274984231032431
68,84,16,0.16,0.33249141404405236
52,76,24,0.24,0.32753115486353634
70,85,15,0.15,0.26913620691746476
84,92,8,0.08,0.3617823468148708
60,80,20,0.2,0.32610034542158245
80,90,10,0.1,0.39101899407804014
76,88,12,0.12,0.35558439932763575
70,85,15,0.15,0.38092515939846633
68,84,16,0.16,0.39877183143049477
64,82,18,0.18,0.3380661914870143
58,79,21,0.21,0.38069650577381253
74,87,13,0.13,0.38400925021618604
68,84,16,0.16,0.31789812102913856
70,85,15,0.15,0.3512285813689232
74,87,13,0.13,0.34626729737501594
78,89,11,0.11,0.34064528313465414
76,88,12,0.12,0.31230108670890333
78,89,11,0.11,0.35584015913307665
78,89,11,0.11,0.3189189672470093
72,86,14,0.14,0.29644767377525566
64,82,18,0.18,0.42509208723902703
56,78,22,0.22,0.39353469233959915
62,81,19,0.19,0.40730762204155324
72,86,14,0.14,0.33380599979311226
68,84,16,0.16,0.3591866880655289
72,86,14,0.14,0.40095115944743154
72,86,14,0.14,0.41774052105844023
62,81,19,0.19,0.31662020441144706
72,86,14,0.14,0.312670558616519
72,86,14,0.14,0.41087477128952743
66,83,17,0.17,0.31956284165382387
62,81,19,0.19,0.4192197900265455
76,88,12,0.12,0.3072043261490762
84,92,8,0.08,0.3453274159133434
70,85,15,0.15,0.39151776280254125
76,88,12,0.12,0.41190106444060803
90,95,5,0.05,0.33262374667450784
82,91,9,0.09,0.30640863988548517
72,86,14,0.14,0.3736735215783119
64,82,18,0.18,0.38420692425221203
84,92,8,0.08,0.2600794322416186
68,84,16,0.16,0.34670294404029844
58,79,21,0.21,0.437057208456099
60,80,20,0.2,0.3653808984160423
78,89,11,0.11,0.30471227869391443
54,77,23,0.23,0.39209897592663767
82,91,9,0.09,0.31775115050375463
80,90,10,0.1,0.36902428904082624
72,86,14,0.14,0.2907196251116693
76,88,12,0.12,0.3590439435094595
86,93,7,0.07,0.27668082162737845
82,91,9,0.09,0.3221890654042363
68,84,16,0.16,0.42033013828098775
70,85,15,0.15,0.32695443235337734
76,88,12,0.12,0.393108589258045
60,80,20,0.2,0.34225268475711346
78,89,11,0.11,0.38117884978652
68,84,16,0.16,0.32833883702754973
76,88,12,0.12,0.31066915605217216
82,91,9,0.09,0.3653474445268512
72,86,14,0.14,0.3568903231993318
76,88,12,0.12,0.3424447779729962
68,84,16,0.16,0.31432431418448686
80,90,10,0.1,0.29007393557578326
66,83,17,0.17,0.30774703592061997
94,97,3,0.03,0.30049400690943
66,83,17,0.17,0.34538255088031294
64,82,18,0.18,0.2980694514419884
64,82,18,0.18,0.32884879799559713
64,82,18,0.18,0.3272157660871744
62,81,19,0.19,0.3166332693211734
74,87,13,0.13,0.3275518289022148
68,84,16,0.16,0.3562237606197596
58,79,21,0.21,0.32371470546349884
72,86,14,0.14,0.3327367594093084
66,83,17,0.17,0.34629640992730853
68,84,16,0.16,0.3525160344690084
70,85,15,0.15,0.33651221476495263
68,84,16,0.16,0.2760729320952669
66,83,17,0.17,0.26986273534595967
78,89,11,0.11,0.31836291270330547
66,83,17,0.17,0.35057146422564983
72,86,14,0.14,0.34991149183362724
74,87,13,0.13,0.3598208351433277
88,94,6,0.06,0.275862726457417
78,89,11,0.11,0.3008047601114959
80,90,10,0.1,0.3115861799847335
66,83,17,0.17,0.2890645597316325
66,83,17,0.17,0.3025658568367362
70,85,15,0.15,0.2393355900933966
74,87,13,0.13,0.30644584524357926
84,92,8,0.08,0.3118849106878042
68,84,16,0.16,0.30967994056642056
76,88,12,0.12,0.28825324453413487
82,91,9,0.09,0.2969837870821357
68,84,16,0.16,0.28302208354696634
82,91,9,0.09,0.2935027129948139
76,88,12,0.12,0.29398228585370817
78,89,11,0.11,0.3647144615836442
66,83,17,0.17,0.342686847965233
76,88,12,0.12,0.293044642880559
84,92,8,0.08,0.2910631627216935
74,87,13,0.13,0.29991798687726257
96,98,2,0.02,0.2365819147787988
78,89,11,0.11,0.24580957619473337
64,82,18,0.18,0.2849294605106115
64,82,18,0.18,0.3234323072806001
64,82,18,0.18,0.25118217229843137
78,89,11,0.11,0.28646943585947154
62,81,19,0.19,0.295453683771193
70,85,15,0.15,0.29450539700686934
60,80,20,0.2,0.37778674336150286
82,91,9,0.09,0.21568375835195183
76,88,12,0.12,0.2898177444934845
80,90,10,0.1,0.30091809639707207
70,85,15,0.15,0.28241471473127605
68,84,16,0.16,0.2900590136833489
72,86,14,0.14,0.31990371584892274
70,85,15,0.15,0.28400178760290146
62,81,19,0.19,0.3513751261495054
76,88,12,0.12,0.26979791317135093
76,88,12,0.12,0.2947588292509317
54,77,23,0.23,0.3227004259265959
76,88,12,0.12,0.29261474979110064
66,83,17,0.17,0.27318103504367175
74,87,13,0.13,0.23388143360614777
66,83,17,0.17,0.27904705999419094
80,90,10,0.1,0.27369954061694446
70,85,15,0.15,0.25110657181590795
64,82,18,0.18,0.25069061712827534
84,92,8,0.08,0.26093418899457904
76,88,12,0.12,0.23003682780079543
76,88,12,0.12,0.24658960351720452
56,78,22,0.22,0.26083532847464086
84,92,8,0.08,0.2437591736204922
72,86,14,0.14,0.34360519162379205
68,84,16,0.16,0.2814995280164294
84,92,8,0.08,0.23585513695143162
86,93,7,0.07,0.28982958018779753
78,89,11,0.11,0.2904066973179579
60,80,20,0.2,0.30818181317299603
68,84,16,0.16,0.26932882333174346
66,83,17,0.17,0.2622711021639407
72,86,14,0.14,0.2595187735557556
78,89,11,0.11,0.24538537364453078
66,83,17,0.17,0.2856300226226449
66,83,17,0.17,0.26445329912938176
82,91,9,0.09,0.252630824605003
82,91,9,0.09,0.3017717431858182
56,78,22,0.22,0.281504445374012
76,88,12,0.12,0.25880027750506995
80,90,10,0.1,0.33440362570807336
88,94,6,0.06,0.2488008406525478
56,78,22,0.22,0.3061164535302669
68,84,16,0.16,0.27379433378577234
60,80,20,0.2,0.29569909278303386
80,90,10,0.1,0.28715621046721934
56,78,22,0.22,0.30180808493867517
80,90,10,0.1,0.2549918858287856
64,82,18,0.18,0.331413343437016
64,82,18,0.18,0.229584776237607
78,89,11,0.11,0.34145416189916433
74,87,13,0.13,0.25467908453196286
60,80,20,0.2,0.32763732608407736
54,77,23,0.23,0.300415181145072
64,82,18,0.18,0.32994850385934116
66,83,17,0.17,0.3137506705708802
80,90,10,0.1,0.24299057433381677
84,92,8,0.08,0.31035950515419247
80,90,10,0.1,0.33166449788026514
78,89,11,0.11,0.26514597848057747
98,99,1,0.01,0.19929264036472888
68,84,16,0.16,0.31280479199020195
62,81,19,0.19,0.2934451299905777
70,85,15,0.15,0.31895877804607153
78,89,11,0.11,0.27075911993160845
68,84,16,0.16,0.28778432892635464
68,84,16,0.16,0.26806425888091323
84,92,8,0.08,0.25652588319033387
76,88,12,0.12,0.2878557489439845
70,85,15,0.15,0.4278420047834516
56,78,22,0.22,0.3320901686325669
64,82,18,0.18,0.22447897508740425
64,82,18,0.18,0.26622270673513415
70,85,15,0.15,0.2466490543447435
56,78,22,0.22,0.27527355023659766
74,87,13,0.13,0.28969814654439685
72,86,14,0.14,0.29249396091327073
62,81,19,0.19,0.28378862857120113
64,82,18,0.18,0.3278603501804173
70,85,15,0.15,0.27909327995963396
78,89,11,0.11,0.3418550138734281
60,80,20,0.2,0.3824031135812402
72,86,14,0.14,0.29202540285885337
86,93,7,0.07,0.27787868508137764
84,92,8,0.08,0.306532733105123
56,78,22,0.22,0.3370998388901353
70,85,15,0.15,0.31952770199626684
84,92,8,0.08,0.2749050514958799
66,83,17,0.17,0.19164536201395094
58,79,21,0.21,0.28329073878005145
66,83,17,0.17,0.29834640143439173
86,93,7,0.07,0.25354304190725085
88,94,6,0.06,0.20676166402176022
64,82,18,0.18,0.3006389079988003
72,86,14,0.14,0.3182669392041862
50,75,25,0.25,0.35443945066072047
82,91,9,0.09,0.23422982769086956
80,90,10,0.1,0.3576376959588379
80,90,10,0.1,0.24235892654396593
70,85,15,0.15,0.3442826189100742
72,86,14,0.14,0.29468301063403485
70,85,15,0.15,0.2888358475640416
56,78,22,0.22,0.26368747977889145
68,84,16,0.16,0.2808479342237115
46,73,27,0.27,0.2693878578208387
78,89,11,0.11,0.32985365472733974
74,87,13,0.13,0.3182570232730359
46,73,27,0.27,0.3213416971452534
70,85,15,0.15,0.25961619429290295
76,88,12,0.12,0.2633392574451864
86,93,7,0.07,0.26542062260210514
70,85,15,0.15,0.3300206249952316
78,89,11,0.11,0.2774701600708067
76,88,12,0.12,0.2541467612609267
62,81,19,0.19,0.29362832945771516
72,86,14,0.14,0.20919913257472217
66,83,17,0.17,0.29823680404573677
68,84,16,0.16,0.2984809396415949
82,91,9,0.09,0.2854700180888176
72,86,14,0.14,0.22374693429097534
74,87,13,0.13,0.282769090058282
92,96,4,0.04,0.1789428209234029
66,83,17,0.17,0.29585547372698784
86,93,7,0.07,0.282519172783941
86,93,7,0.07,0.22802127005532383
84,92,8,0.08,0.2861599472537637
66,83,17,0.17,0.23432088430039585
68,84,16,0.16,0.2464971817471087
70,85,15,0.15,0.2659537658840418
70,85,15,0.15,0.2930375543422997
52,76,24,0.24,0.27112817466259004
82,91,9,0.09,0.278634175369516
68,84,16,0.16,0.21673307585995644
72,86,14,0.14,0.24095003549940885
78,89,11,0.11,0.2775221360637806
76,88,12,0.12,0.23298037952277809
82,91,9,0.09,0.2017044807446655
68,84,16,0.16,0.2643035427108407
56,78,22,0.22,0.28262020848691466
82,91,9,0.09,0.2820322529040277
88,94,6,0.06,0.2700861758552492
84,92,8,0.08,0.26904935739934444
72,86,14,0.14,0.2538188966177404
68,84,16,0.16,0.29095927899703383
54,77,23,0.23,0.2545688414387405
74,87,13,0.13,0.2174745707400143
58,79,21,0.21,0.2322656859550625
82,91,9,0.09,0.21859748204238713
84,92,8,0.08,0.2543526028841734
64,82,18,0.18,0.27063310289755466
80,90,10,0.1,0.22261813402175903
76,88,12,0.12,0.23492333581903949
74,87,13,0.13,0.2681779466499574
68,84,16,0.16,0.2631099860370159
70,85,15,0.15,0.2747180869313888
74,87,13,0.13,0.27712777119129894
74,87,13,0.13,0.2682110673002899
66,83,17,0.17,0.27847640063613655
62,81,19,0.19,0.1801050938293338
90,95,5,0.05,0.28394800949841736
78,89,11,0.11,0.20721285643056034
80,90,10,0.1,0.2665232117474079
72,86,14,0.14,0.23135285498574376
88,94,6,0.06,0.260208834996447
74,87,13,0.13,0.23465823182836176
70,85,15,0.15,0.22958425791934134
78,89,11,0.11,0.21154342994093894
76,88,12,0.12,0.18904146414250136
70,85,15,0.15,0.24217931957915426
80,90,10,0.1,0.22779199770186095
70,85,15,0.15,0.20487710380926727
78,89,11,0.11,0.2676767277345061
70,85,15,0.15,0.2516999342665076
82,91,9,0.09,0.23022311070933937
84,92,8,0.08,0.2279022359289229
76,88,12,0.12,0.21944189770147204
60,80,20,0.2,0.2628727273922414
80,90,10,0.1,0.2525602520816028
74,87,13,0.13,0.22022300338372588
82,91,9,0.09,0.28121213484555485
66,83,17,0.17,0.24305057378485798
82,91,9,0.09,0.22775972098112107
64,82,18,0.18,0.26985033167526123
80,90,10,0.1,0.22938083972781897
68,84,16,0.16,0.3186510059982538
72,86,14,0.14,0.27558671053498984
72,86,14,0.14,0.3228207156807184
80,90,10,0.1,0.27531788144260644
72,86,14,0.14,0.27645748648792506
70,85,15,0.15,0.21375953724607824
76,88,12,0.12,0.36875123616307975
76,88,12,0.12,0.3027649457147345
76,88,12,0.12,0.22488958274014295
64,82,18,0.18,0.2738798252213746
90,95,5,0.05,0.3114504928793758
88,94,6,0.06,0.2236126552335918
84,92,8,0.08,0.24624156102538108
78,89,11,0.11,0.21199620708823205
88,94,6,0.06,0.2171739809215069
84,92,8,0.08,0.2603199908044189
78,89,11,0.11,0.2554830007208511
58,79,21,0.21,0.1906420979462564
68,84,16,0.16,0.2637181361205876
78,89,11,0.11,0.21083957653027027
58,79,21,0.21,0.25707915393635633
64,82,18,0.18,0.2952165695087751
70,85,15,0.15,0.19222893744241445
80,90,10,0.1,0.27321098920423537
68,84,16,0.16,0.28254632983356714
74,87,13,0.13,0.24277331981807948
72,86,14,0.14,0.24041464532725512
66,83,17,0.17,0.16331903173588216
64,82,18,0.18,0.23841415096074342
72,86,14,0.14,0.24034173810854553
64,82,18,0.18,0.30369599103927614
74,87,13,0.13,0.2212243127450347
62,81,19,0.19,0.3085531695652753
68,84,16,0.16,0.28219984685070815
78,89,11,0.11,0.2621328174974769
54,77,23,0.23,0.22901797035709023
66,83,17,0.17,0.28864504309371114
70,85,15,0.15,0.20528927402570843
66,83,17,0.17,0.28948545437306167
74,87,13,0.13,0.21407024912536143
66,83,17,0.17,0.21649945778306573
62,81,19,0.19,0.23968826161697507
62,81,19,0.19,0.29238765241578224
80,90,10,0.1,0.20961187872104348
78,89,11,0.11,0.21826593046542256
76,88,12,0.12,0.28619720810092986
60,80,20,0.2,0.33053768318146465
70,85,15,0.15,0.2460618570446968
74,87,13,0.13,0.2650711199268699
72,86,14,0.14,0.2670264104939997
76,88,12,0.12,0.2585468681715429
42,71,29,0.29,0.27938022337853907
82,91,9,0.09,0.2629316451214254
72,86,14,0.14,0.320136234741658
82,91,9,0.09,0.274332586042583
70,85,15,0.15,0.28331465320661664
82,91,9,0.09,0.20659605137072504
66,83,17,0.17,0.22086819879710673
78,89,11,0.11,0.30770382011309266
62,81,19,0.19,0.2546934953890741
66,83,17,0.17,0.24253844659775495
72,86,14,0.14,0.2532155374577269
78,89,11,0.11,0.23892288899514824
76,88,12,0.12,0.2905895597487688
78,89,11,0.11,0.2615859689749777
82,91,9,0.09,0.2761025549285114
64,82,18,0.18,0.2539789758250117
84,92,8,0.08,0.2209121807385236
78,89,11,0.11,0.2858439332433045
66,83,17,0.17,0.2343135368824005
80,90,10,0.1,0.27520907020196317
64,82,18,0.18,0.2711605928838253
76,88,12,0.12,0.27378651339560744
76,88,12,0.12,0.2290159485116601
76,88,12,0.12,0.2704107561800629
88,94,6,0.06,0.2586313279578462
82,91,9,0.09,0.22593770129140467
68,84,16,0.16,0.19349360514432193
88,94,6,0.06,0.230580366672948
82,91,9,0.09,0.23387314357794822
74,87,13,0.13,0.16033232023008168
74,87,13,0.13,0.18974318855442107
64,82,18,0.18,0.2859175301901996
68,84,16,0.16,0.18160958430729807
64,82,18,0.18,0.2546918724291027
70,85,15,0.15,0.24355214525014163
68,84,16,0.16,0.22464083430357276
72,86,14,0.14,0.2991094393096864
74,87,13,0.13,0.24600715595297515
78,89,11,0.11,0.24034486580640077
86,93,7,0.07,0.2392123688198626
72,86,14,0.14,0.2710068711824715
58,79,21,0.21,0.19839420964941382
70,85,15,0.15,0.22429204611107706
76,88,12,0.12,0.25215599798597393
72,86,14,0.14,0.2212144615757279
78,89,11,0.11,0.18700611051172017
78,89,11,0.11,0.17561488723382354
64,82,18,0.18,0.23094633795320987
70,85,15,0.15,0.23813676133751868
78,89,11,0.11,0.1895064731873572
82,91,9,0.09,0.19220483393408358
52,76,24,0.24,0.3022946969978511
70,85,15,0.15,0.2503820006456226
68,84,16,0.16,0.1870630757883191
64,82,18,0.18,0.2313312217593193
62,81,19,0.19,0.27155431487597526
76,88,12,0.12,0.2163173589948565
80,90,10,0.1,0.2316863734461367
78,89,11,0.11,0.2502422185987234
74,87,13,0.13,0.33782672038301825
66,83,17,0.17,0.24883314616046845
80,90,10,0.1,0.2429278876632452
66,83,17,0.17,0.20054009163752198
76,88,12,0.12,0.27119141597300767
56,78,22,0.22,0.2728460255265236
80,90,10,0.1,0.2639954193867743
68,84,16,0.16,0.19761250522453339
82,91,9,0.09,0.22424012910574675
72,86,14,0.14,0.24726356722414494
80,90,10,0.1,0.18928672035224736
72,86,14,0.14,0.26037575827911497
84,92,8,0.08,0.16963018474169075
58,79,21,0.21,0.21224567773751915
76,88,12,0.12,0.18006685486529023
68,84,16,0.16,0.24047916458919644
76,88,12,0.12,0.24869861441664398
70,85,15,0.15,0.207169446866028
60,80,20,0.2,0.1688105269614607
74,87,13,0.13,0.2487665655463934
74,87,13,0.13,0.1946188397798687
68,84,16,0.16,0.23288831193000079
48,74,26,0.26,0.24059521928429603
80,90,10,0.1,0.21052157887723297
80,90,10,0.1,0.2732917071320117
52,76,24,0.24,0.2732037469185889
70,85,15,0.15,0.19708790709264576
82,91,9,0.09,0.18574356443248688
72,86,14,0.14,0.28035225490108134
66,83,17,0.17,0.2626706542354077
82,91,9,0.09,0.24166306911502033
68,84,16,0.16,0.2862764289136976
64,82,18,0.18,0.21787527898792178
78,89,11,0.11,0.20183462549932302
62,81,19,0.19,0.21043129093945026
74,87,13,0.13,0.24109651550650596
76,88,12,0.12,0.19631566438823939
84,92,8,0.08,0.24665493480861186
72,86,14,0.14,0.22027418195270002
74,87,13,0.13,0.20770754750585183
74,87,13,0.13,0.18783031829167157
72,86,14,0.14,0.20599253912339918
84,92,8,0.08,0.16723864280618728
72,86,14,0.14,0.2165329228900373
84,92,8,0.08,0.22136184628121555
72,86,14,0.14,0.16977885039057583
90,95,5,0.05,0.18185033657122404
92,96,4,0.04,0.15712779900524765
80,90,10,0.1,0.20141657022759318
64,82,18,0.18,0.19145335947163403
80,90,10,0.1,0.17413318125298247
76,88,12,0.12,0.19823838224634527
84,92,8,0.08,0.25378794889431444
74,87,13,0.13,0.21099708385765553
66,83,17,0.17,0.16988181293010712
82,91,9,0.09,0.20691224314272405
86,93,7,0.07,0.22274502521380782
70,85,15,0.15,0.22058708930388093
74,87,13,0.13,0.2416073243599385
60,80,20,0.2,0.18735832658596338
72,86,14,0.14,0.23647303581237794
94,97,3,0.03,0.22028202256187795
66,83,17,0.17,0.23855196494609118
72,86,14,0.14,0.14149191181058995
76,88,12,0.12,0.25418479155749085
74,87,13,0.13,0.2903436020482332
82,91,9,0.09,0.18929102596361191
64,82,18,0.18,0.23158120505977423
72,86,14,0.14,0.31123056224547324
70,85,15,0.15,0.1911691966280341
62,81,19,0.19,0.29338560659438373
78,89,11,0.11,0.2315166772902012
76,88,12,0.12,0.21926184526644646
78,89,11,0.11,0.2925458737835288
80,90,10,0.1,0.18267992967739702
68,84,16,0.16,0.2721144891995937
78,89,11,0.11,0.1960888131801039
76,88,12,0.12,0.2334538010135293
82,91,9,0.09,0.2064231380261481
80,90,10,0.1,0.2943576049990952
88,94,6,0.06,0.2086179921682924
66,83,17,0.17,0.26258724651299414
74,87,13,0.13,0.23469123059883715
82,91,9,0.09,0.2766617753356695
82,91,9,0.09,0.2423026594053954
56,78,22,0.22,0.3110874813515693
70,85,15,0.15,0.2921114580705762
68,84,16,0.16,0.187739633359015
80,90,10,0.1,0.3033623412437737
62,81,19,0.19,0.2296253773290664
70,85,15,0.15,0.2679841266386211
70,85,15,0.15,0.23840095375198872
90,95,5,0.05,0.18930542023852467
76,88,12,0.12,0.21310389527119697
90,95,5,0.05,0.23978786170482635
80,90,10,0.1,0.2389516466856003
54,77,23,0.23,0.21770593781024217
58,79,21,0.21,0.2766578227840364
88,94,6,0.06,0.17649824548978357
54,77,23,0.23,0.20744866922963412
80,90,10,0.1,0.21728669734206052
74,87,13,0.13,0.2715932774357498
80,90,10,0.1,0.15979923556558787
72,86,14,0.14,0.18335579259321094
74,87,13,0.13,0.23991780027747153
84,92,8,0.08,0.2005998655501753
76,88,12,0.12,0.22579628960229456
74,87,13,0.13,0.23087774784071372
84,92,8,0.08,0.2668360306485556
78,89,11,0.11,0.19486762944608926
62,81,19,0.19,0.20640517005696893
82,91,9,0.09,0.200658043269068
76,88,12,0.12,0.19425942935049534
74,87,13,0.13,0.22315251571591943
72,86,14,0.14,0.1758007883094251
70,85,15,0.15,0.22349409597925843
68,84,16,0.16,0.23828400666825472
74,87,13,0.13,0.2170294748339802
72,86,14,0.14,0.20354464394971727
52,76,24,0.24,0.32713644025847316
74,87,13,0.13,0.22273636231198907
70,85,15,0.15,0.18691509997472167
70,85,15,0.15,0.28685446836054324
74,87,13,0.13,0.25506096981465814
82,91,9,0.09,0.208003942547366
72,86,14,0.14,0.22701287360861896
78,89,11,0.11,0.20738699523732065
60,80,20,0.2,0.22047995822504163
80,90,10,0.1,0.23593211391009392
74,87,13,0.13,0.24536990522406996
72,86,14,0.14,0.2795306618977338
68,84,16,0.16,0.23527342468500137
60,80,20,0.2,0.24148647230118514
70,85,15,0.15,0.22862849090248347
64,82,18,0.18,0.21849485460668802
74,87,13,0.13,0.20916829990223051
66,83,17,0.17,0.21161175000481308
60,80,20,0.2,0.21361521387472748
74,87,13,0.13,0.24792952897027135
78,89,11,0.11,0.24424037352902814
64,82,18,0.18,0.2082636795239523
70,85,15,0.15,0.26572285369038584
74,87,13,0.13,0.22627717843279244
80,90,10,0.1,0.19186508083716036
74,87,13,0.13,0.2590915587171912
68,84,16,0.16,0.2611133594345301
70,85,15,0.15,0.23884079916402698
56,78,22,0.22,0.24686893422156572
64,82,18,0.18,0.24781773628666998
78,89,11,0.11,0.1892036386905238
72,86,14,0.14,0.17786877193488182
68,84,16,0.16,0.230362400598824
80,90,10,0.1,0.2407284313533455
66,83,17,0.17,0.25505503106862304
56,78,22,0.22,0.2074326603766531
70,85,15,0.15,0.25368416499346497
66,83,17,0.17,0.2457391214556992
70,85,15,0.15,0.2538403081335127
80,90,10,0.1,0.26728673924691976
64,82,18,0.18,0.19126698802225292
60,80,20,0.2,0.2693397932499647
76,88,12,0.12,0.2058937454689294
70,85,15,0.15,0.2029559494741261
84,92,8,0.08,0.1874679398466833
74,87,13,0.13,0.23074948352761568
72,86,14,0.14,0.26821136094164105
72,86,14,0.14,0.2797163186594844
76,88,12,0.12,0.2204504246311262
74,87,13,0.13,0.24194556321948768
58,79,21,0.21,0.22247106986120344
76,88,12,0.12,0.2890824425779283
60,80,20,0.2,0.21223025040701032
68,84,16,0.16,0.2032594702905044
68,84,16,0.16,0.3250988581217825
78,89,11,0.11,0.25501989366486666
66,83,17,0.17,0.28573369720950725
64,82,18,0.18,0.24132964111864566
70,85,15,0.15,0.19514736894518137
88,94,6,0.06,0.3047610927373171
80,90,10,0.1,0.19355976699851454
82,91,9,0.09,0.33203738239128144
84,92,8,0.08,0.24564050734043122
68,84,16,0.16,0.2783970633149147
90,95,5,0.05,0.2227898790035397
70,85,15,0.15,0.20022413566708563
82,91,9,0.09,0.19611102471593767
74,87,13,0.13,0.2107785487547517
82,91,9,0.09,0.24481114933267237
72,86,14,0.14,0.20701973886229097
72,86,14,0.14,0.20253174704499544
64,82,18,0.18,0.15277314029633998
84,92,8,0.08,0.27137985252775254
76,88,12,0.12,0.29434228426776826
80,90,10,0.1,0.21502283710055053
82,91,9,0.09,0.23811023640446366
68,84,16,0.16,0.19805343463085592
58,79,21,0.21,0.3127073800843209
58,79,21,0.21,0.20438040567561985
58,79,21,0.21,0.2324073704984039
70,85,15,0.15,0.242992262551561
86,93,7,0.07,0.19870864575728775
76,88,12,0.12,0.2211309517454356
64,82,18,0.18,0.24682738656178116
78,89,11,0.11,0.2561907606944442
76,88,12,0.12,0.23659904146566987
80,90,10,0.1,0.29072376227006314
74,87,13,0.13,0.17547225572168826
94,97,3,0.03,0.18669792892411352
74,87,13,0.13,0.20867662951350213
62,81,19,0.19,0.23937579912133514
70,85,15,0.15,0.20318848407361656
76,88,12,0.12,0.2049294732697308
70,85,15,0.15,0.2016957420296967
68,84,16,0.16,0.28000107625499365
60,80,20,0.2,0.22831832939758898
68,84,16,0.16,0.2708517672494054
68,84,16,0.16,0.17136446572840214
84,92,8,0.08,0.20957939559593797
76,88,12,0.12,0.2425598176755011
62,81,19,0.19,0.21574246673379094
78,89,11,0.11,0.20664655744098126
74,87,13,0.13,0.15958854376338422
74,87,13,0.13,0.2555845327489078
74,87,13,0.13,0.22271080244332553
62,81,19,0.19,0.22236338572576642
76,88,12,0.12,0.24926867753267287
72,86,14,0.14,0.23474061027634888
76,88,12,0.12,0.2403409821726382
66,83,17,0.17,0.20293006155639887
74,87,13,0.13,0.23607533412054182
64,82,18,0.18,0.22046477414667606
60,80,20,0.2,0.2728279064968228
60,80,20,0.2,0.2361186800338328
62,81,19,0.19,0.24470941141247748
88,94,6,0.06,0.2069868279621005
60,80,20,0.2,0.3455333455838263
70,85,15,0.15,0.211398300640285
80,90,10,0.1,0.23755631143227218
60,80,20,0.2,0.21159930212888867
70,85,15,0.15,0.2584230677224696
78,89,11,0.11,0.2491771022696048
68,84,16,0.16,0.2768798416480422
66,83,17,0.17,0.24705968355759977
68,84,16,0.16,0.20921777185052634
66,83,17,0.17,0.2223242043145001
86,93,7,0.07,0.2939721890538931
64,82,18,0.18,0.26289952086284757
68,84,16,0.16,0.28978798396419736
70,85,15,0.15,0.31586409682407973
92,96,4,0.04,0.261638261154294
62,81,19,0.19,0.26338310904800893
72,86,14,0.14,0.28059152942150833
82,91,9,0.09,0.29347003490664064
82,91,9,0.09,0.28773707618936895
76,88,12,0.12,0.29578582622110844
80,90,10,0.1,0.2834086860762909
66,83,17,0.17,0.25957047852687537
76,88,12,0.12,0.3192939897626638
76,88,12,0.12,0.3170386619865894
80,90,10,0.1,0.2312582794111222
76,88,12,0.12,0.3117677325569093
68,84,16,0.16,0.28445485558360817
70,85,15,0.15,0.2828755729086697
58,79,21,0.21,0.23411572001874448
76,88,12,0.12,0.19966691391542554
52,76,24,0.24,0.38292627276852725
60,80,20,0.2,0.28850183431059123
56,78,22,0.22,0.2450470383092761
64,82,18,0.18,0.3098343699425459
80,90,10,0.1,0.2711234189197421
70,85,15,0.15,0.23657712271437048
72,86,14,0.14,0.25392109297215937
76,88,12,0.12,0.27173242283985016
68,84,16,0.16,0.27729975985363126
70,85,15,0.15,0.26844842560589316
72,86,14,0.14,0.3210066848061979
76,88,12,0.12,0.218459063495975
72,86,14,0.14,0.2862858235184103
84,92,8,0.08,0.23231829676777124
60,80,20,0.2,0.32077900018543004
68,84,16,0.16,0.2433764423802495
70,85,15,0.15,0.24813154062256218
58,79,21,0.21,0.2836250453814864
60,80,20,0.2,0.27389015413820744
72,86,14,0.14,0.259810676202178
80,90,10,0.1,0.28441659826785326
72,86,14,0.14,0.30957011982798577
78,89,11,0.11,0.2901682175695896
90,95,5,0.05,0.2692643096297979
74,87,13,0.13,0.28943331763148306
64,82,18,0.18,0.30323448905721306
66,83,17,0.17,0.31821545712649824
72,86,14,0.14,0.2884509173594415
84,92,8,0.08,0.27295301798731086
74,87,13,0.13,0.26858878960832955
78,89,11,0.11,0.27464981745928524
74,87,13,0.13,0.2839942041039467
68,84,16,0.16,0.3152860052324831
66,83,17,0.17,0.3033571141958237
80,90,10,0.1,0.22925801360979675
66,83,17,0.17,0.3043431298062205
76,88,12,0.12,0.3461535716801882
66,83,17,0.17,0.18966205816715956
78,89,11,0.11,0.22653791554272174
64,82,18,0.18,0.3251322830282152
74,87,13,0.13,0.2556760037783533
76,88,12,0.12,0.2710174190253019
56,78,22,0.22,0.20663580003427343
54,77,23,0.23,0.34631588716059925
66,83,17,0.17,0.3254750756919384
74,87,13,0.13,0.32387338530272247
76,88,12,0.12,0.3154597986862063
64,82,18,0.18,0.3372116151452065
76,88,12,0.12,0.3041961495950818
68,84,16,0.16,0.23176392555236816
70,85,15,0.15,0.28058247311040757
70,85,15,0.15,0.30700425719376656
84,92,8,0.08,0.29747304424643517
64,82,18,0.18,0.2752240702696145
58,79,21,0.21,0.26570670207962394
68,84,16,0.16,0.26349395168945194
48,74,26,0.26,0.2989954475313425
70,85,15,0.15,0.261997521109879
76,88,12,0.12,0.24292630939511584
68,84,16,0.16,0.32382767837494614
48,74,26,0.26,0.26016154926270246
72,86,14,0.14,0.26022290971130135
70,85,15,0.15,0.26908804710954426
74,87,13,0.13,0.311030265763402
80,90,10,0.1,0.2465943044051528
70,85,15,0.15,0.3271916575729847
64,82,18,0.18,0.2928524405322969
56,78,22,0.22,0.33168011357076466
84,92,8,0.08,0.30905489921569823
62,81,19,0.19,0.318823633082211
66,83,17,0.17,0.3497909227386117
62,81,19,0.19,0.34427607141435146
62,81,19,0.19,0.31963185182539744
82,91,9,0.09,0.2409426032193005
74,87,13,0.13,0.2742451669462025
76,88,12,0.12,0.29440563965588806
76,88,12,0.12,0.3032404244504869
68,84,16,0.16,0.26334665121510625
74,87,13,0.13,0.2992590451892465
60,80,20,0.2,0.30608654985204337
86,93,7,0.07,0.2654916040506214
60,80,20,0.2,0.32807769142091275
68,84,16,0.16,0.2717514402791858
62,81,19,0.19,0.25697890017181635
70,85,15,0.15,0.2459607204888016
64,82,18,0.18,0.22753163188695907
58,79,21,0.21,0.3254034948348999
64,82,18,0.18,0.27962334897369145
74,87,13,0.13,0.2285488848015666
80,90,10,0.1,0.28607489165849986
86,93,7,0.07,0.24825436912477017
76,88,12,0.12,0.25491190392524005
60,80,20,0.2,0.2550045690871775
64,82,18,0.18,0.20754660841077566
76,88,12,0.12,0.22346938906237482
50,75,25,0.25,0.29689168935641647
80,90,10,0.1,0.24407721180468797
70,85,15,0.15,0.3473598464392126
70,85,15,0.15,0.2952737702056766
72,86,14,0.14,0.2964168276265264
54,77,23,0.23,0.25991877434775235
60,80,20,0.2,0.3091320477426052
58,79,21,0.21,0.3032168906694278
80,90,10,0.1,0.27641512379050254
72,86,14,0.14,0.232251577982679
66,83,17,0.17,0.2841269212588668
54,77,23,0.23,0.34867834829026834
72,86,14,0.14,0.33491777919232846
58,79,21,0.21,0.27076300330460074
84,92,8,0.08,0.23419969156384468
64,82,18,0.18,0.33722041167959105
64,82,18,0.18,0.26977143008261917
80,90,10,0.1,0.3189032231271267
70,85,15,0.15,0.24199594970792532
60,80,20,0.2,0.20879193503409624
64,82,18,0.18,0.2869966994971037
62,81,19,0.19,0.28698559302836657
82,91,9,0.09,0.29615334801375864
58,79,21,0.21,0.2626257662847638
78,89,11,0.11,0.2705608129687607
68,84,16,0.16,0.2765701313316822
52,76,24,0.24,0.27306128971278665
80,90,10,0.1,0.2883902192674577
86,93,7,0.07,0.30408544331789017
70,85,15,0.15,0.20926394613459706
62,81,19,0.19,0.23567508969455958
58,79,21,0.21,0.30729258961975575
78,89,11,0.11,0.2874488151818514
72,86,14,0.14,0.2540177671611309
78,89,11,0.11,0.2464824710600078
78,89,11,0.11,0.23081728003919125
62,81,19,0.19,0.35527453768998385
86,93,7,0.07,0.3641070181131363
68,84,16,0.16,0.256137261223048
56,78,22,0.22,0.3028940177708864
82,91,9,0.09,0.3023746303841472
64,82,18,0.18,0.2616895219869912
82,91,9,0.09,0.29441048461943864
62,81,19,0.19,0.25794423222541807
58,79,21,0.21,0.3049934212118387
82,91,9,0.09,0.31233446303755047
84,92,8,0.08,0.31474202290177344
82,91,9,0.09,0.23345984864979982
68,84,16,0.16,0.30140221562236547
60,80,20,0.2,0.2535573858954012
78,89,11,0.11,0.20661191003397106
86,93,7,0.07,0.3010168147087097
88,94,6,0.06,0.26549682185053824
78,89,11,0.11,0.2745812387985643
72,86,14,0.14,0.23405972260981797
76,88,12,0.12,0.23138150919228792
72,86,14,0.14,0.3310382952168584
54,77,23,0.23,0.2837390705570579
58,79,21,0.21,0.2984369377233088
84,92,8,0.08,0.22850213872268796
72,86,14,0.14,0.27077094664797186
74,87,13,0.13,0.2561811451613903
70,85,15,0.15,0.245258684810251
56,78,22,0.22,0.21849197294563055
70,85,15,0.15,0.27116058812476695
68,84,16,0.16,0.20299402572214603
70,85,15,0.15,0.324439900405705
70,85,15,0.15,0.34515226107090713
68,84,16,0.16,0.27247968094423414
52,76,24,0.24,0.23932413892820478
70,85,15,0.15,0.2786595828644931
70,85,15,0.15,0.25145375974476336
76,88,12,0.12,0.2541321720182896
80,90,10,0.1,0.23462604470551013
62,81,19,0.19,0.19842447735369206
80,90,10,0.1,0.24016797505319118
60,80,20,0.2,0.2931513106264174
62,81,19,0.19,0.25381034079939124
78,89,11,0.11,0.19774914594367146
74,87,13,0.13,0.3252055144496262
72,86,14,0.14,0.16609404623508453
70,85,15,0.15,0.1931592837162316
74,87,13,0.13,0.23218789086677133
88,94,6,0.06,0.2110904823243618
76,88,12,0.12,0.21474862207658588
72,86,14,0.14,0.2452363495156169
80,90,10,0.1,0.285083353985101
92,96,4,0.04,0.20480844484642147
60,80,20,0.2,0.21593154422473163
60,80,20,0.2,0.22298368856310843
94,97,3,0.03,0.25067167621105907
72,86,14,0.14,0.20295517528429627
58,79,21,0.21,0.20499251564964652
80,90,10,0.1,0.2986156766302884
70,85,15,0.15,0.22958833139389753
82,91,9,0.09,0.21978095687925817
76,88,12,0.12,0.24025143584236502
80,90,10,0.1,0.24288876520469785
78,89,11,0.11,0.2682270255032927
84,92,8,0.08,0.16553422190248968
64,82,18,0.18,0.2004567613825202
76,88,12,0.12,0.22738809328526258
66,83,17,0.17,0.2320449063833803
78,89,11,0.11,0.24614617752842605
62,81,19,0.19,0.23835311142727733
44,72,28,0.28,0.26119683830067514
74,87,13,0.13,0.2721901879645884
72,86,14,0.14,0.24070399096235634
70,85,15,0.15,0.25169749034568667
76,88,12,0.12,0.23365211334079505
80,90,10,0.1,0.1932974981982261
64,82,18,0.18,0.226669704541564
82,91,9,0.09,0.14618904968723656
76,88,12,0.12,0.31050108294934037
82,91,9,0.09,0.28191407648846506
62,81,19,0.19,0.2467606688477099
64,82,18,0.18,0.21724259818904101
68,84,16,0.16,0.16373119540512562
82,91,9,0.09,0.1929525413736701
80,90,10,0.1,0.2805780559964478
76,88,12,0.12,0.2610881549306214
56,78,22,0.22,0.257142420518212
58,79,21,0.21,0.27100071774795653
82,91,9,0.09,0.2324204770848155
74,87,13,0.13,0.21884208735078572
76,88,12,0.12,0.26132026391103863
68,84,16,0.16,0.23104367326945066
70,85,15,0.15,0.24382675774395465
88,94,6,0.06,0.21318957364186644
84,92,8,0.08,0.22315710172057152
68,84,16,0.16,0.21727006567642093
72,86,14,0.14,0.22304797833319753
68,84,16,0.16,0.20488248312845825
78,89,11,0.11,0.21675125192850828
84,92,8,0.08,0.17410497423261403
72,86,14,0.14,0.1776525316759944
68,84,16,0.16,0.20515948783606291
64,82,18,0.18,0.22154552448540926
86,93,7,0.07,0.21493826889432965
80,90,10,0.1,0.1940445782802999
64,82,18,0.18,0.19732095927000046
60,80,20,0.2,0.21618452476337552
74,87,13,0.13,0.21639671692624687
82,91,9,0.09,0.215761508224532
80,90,10,0.1,0.1997468076646328
60,80,20,0.2,0.24454151996411383
74,87,13,0.13,0.1590757439704612
70,85,15,0.15,0.18381341507658364
90,95,5,0.05,0.2561507275700569
64,82,18,0.18,0.21626503771170974
62,81,19,0.19,0.2869468490034342
64,82,18,0.18,0.24721863178536296
84,92,8,0.08,0.19354705212404952
60,80,20,0.2,0.26879426163621245
62,81,19,0.19,0.24011234652716668
66,83,17,0.17,0.17895208273315802
76,88,12,0.12,0.21198277145624161
70,85,15,0.15,0.24582185396924616
62,81,19,0.19,0.2511865169741213
62,81,19,0.19,0.22900157049298286
60,80,20,0.2,0.22105537030845882
82,91,9,0.09,0.20179580069147052
74,87,13,0.13,0.19630937678273766
78,89,11,0.11,0.2248903295211494
66,83,17,0.17,0.28148548453114924
72,86,14,0.14,0.18916671678423883
82,91,9,0.09,0.2092911411449313
74,87,13,0.13,0.19403904251754284
62,81,19,0.19,0.20519019117578863
86,93,7,0.07,0.19068600015714765
64,82,18,0.18,0.23668334011919798
78,89,11,0.11,0.18485251300036906
74,87,13,0.13,0.21654193172231317
86,93,7,0.07,0.15809728926047684
72,86,14,0.14,0.17694605736993252
70,85,15,0.15,0.15886896646581591
72,86,14,0.14,0.1922114333556965
64,82,18,0.18,0.17379981231410058
80,90,10,0.1,0.224232400842011
62,81,19,0.19,0.22206100955605507
90,95,5,0.05,0.19680013970471918
68,84,16,0.16,0.22279603926464916
48,74,26,0.26,0.24221055291593074
64,82,18,0.18,0.25397305671125653
62,81,19,0.19,0.19816739862784744
76,88,12,0.12,0.162037987774238
74,87,13,0.13,0.18756725390441717
60,80,20,0.2,0.20094950591214
62,81,19,0.19,0.23803252769634128
68,84,16,0.16,0.21417641079984606
86,93,7,0.07,0.21948444170877338
62,81,19,0.19,0.22106475631706415
56,78,22,0.22,0.23739010018296539
58,79,21,0.21,0.25045958162285387
76,88,12,0.12,0.23290143111720682
76,88,12,0.12,0.24862611688673497
82,91,9,0.09,0.13752731788903474
66,83,17,0.17,0.28606847416609527
70,85,15,0.15,0.240851820781827
68,84,16,0.16,0.1886586640495807
80,90,10,0.1,0.18587432784959673
74,87,13,0.13,0.24789752904325724
82,91,9,0.09,0.17962886759545654
90,95,5,0.05,0.17808686949312688
56,78,22,0.22,0.24051188603043555
68,84,16,0.16,0.20945067277178167
70,85,15,0.15,0.19632346213795246
72,86,14,0.14,0.22147932545049115
82,91,9,0.09,0.17573055589571596
84,92,8,0.08,0.21617824693210422
84,92,8,0.08,0.248241825113073
58,79,21,0.21,0.27528788353316486
90,95,5,0.05,0.17684491427615284
70,85,15,0.15,0.2392079484090209
72,86,14,0.14,0.1704705305304378
70,85,15,0.15,0.15476388573646546
74,87,13,0.13,0.17508443108294158
58,79,21,0.21,0.23317782380152494
78,89,11,0.11,0.18817049596458674
80,90,10,0.1,0.19378989366814495
58,79,21,0.21,0.18964452955871822
74,87,13,0.13,0.2123559584841132
84,92,8,0.08,0.19400076833553612
60,80,20,0.2,0.24087666561827065
80,90,10,0.1,0.2164223774522543
78,89,11,0.11,0.28238402657210826
58,79,21,0.21,0.24216414474882186
60,80,20,0.2,0.24471951289102434
62,81,19,0.19,0.14495306837372482
74,87,13,0.13,0.2001973336096853
74,87,13,0.13,0.15595062653534114
86,93,7,0.07,0.23696885565761477
66,83,17,0.17,0.21226559677161277
68,84,16,0.16,0.2350524582900107
70,85,15,0.15,0.20259600974619388
68,84,16,0.16,0.19819797754287719
70,85,15,0.15,0.18762184175197036
66,83,17,0.17,0.24054619763046503
88,94,6,0.06,0.19468380765523763
82,91,9,0.09,0.14629602536559105
64,82,18,0.18,0.19333030224777759
70,85,15,0.15,0.2181927309371531
84,92,8,0.08,0.16919688321650028
80,90,10,0.1,0.1793356126686558
76,88,12,0.12,0.20562903817743064
68,84,16,0.16,0.16099313903599977
76,88,12,0.12,0.17012979086488486
72,86,14,0.14,0.206513066329062
82,91,9,0.09,0.13956002459861339
60,80,20,0.2,0.24071987306699158
62,81,19,0.19,0.1839478523656726
60,80,20,0.2,0.19992550021037458
82,91,9,0.09,0.1686662258487195
90,95,5,0.05,0.2021285078767687
80,90,10,0.1,0.2364542330056429
62,81,19,0.19,0.1660911481222138
74,87,13,0.13,0.2825328726693988
80,90,10,0.1,0.19289029557257892
72,86,14,0.14,0.16319752667099238
76,88,12,0.12,0.1431871315720491
82,91,9,0.09,0.18440349402837455
62,81,19,0.19,0.2185280381841585
72,86,14,0.14,0.18898925233632327
82,91,9,0.09,0.2123254101537168
74,87,13,0.13,0.20596898838877678
78,89,11,0.11,0.1997181973932311
64,82,18,0.18,0.21769746486097574
62,81,19,0.19,0.21379018739797176
66,83,17,0.17,0.17660753841046245
72,86,14,0.14,0.2013221376761794
68,84,16,0.16,0.2235057433694601
62,81,19,0.19,0.19690255731344222
70,85,15,0.15,0.21070525997318326
72,86,14,0.14,0.2482647161744535
90,95,5,0.05,0.26590215862728656
66,83,17,0.17,0.22961088897660376
88,94,6,0.06,0.20582848493941128
80,90,10,0.1,0.19775760841555892
74,87,13,0.13,0.24188361064880154
74,87,13,0.13,0.1942455674521625
80,90,10,0.1,0.18798723419196903
54,77,23,0.23,0.17814358538948
82,91,9,0.09,0.22081084072589874
52,76,24,0.24,0.18236698127351703
74,87,13,0.13,0.22664953395724297
80,90,10,0.1,0.20030613555805757
80,90,10,0.1,0.1777911778073758
64,82,18,0.18,0.20646567570976912
82,91,9,0.09,0.15535049817990512
66,83,17,0.17,0.1950376250781119
58,79,21,0.21,0.24039799526333808
88,94,6,0.06,0.2344277547323145
80,90,10,0.1,0.15218354440294207
62,81,19,0.19,0.24795191157609225
74,87,13,0.13,0.1889741371013224
80,90,10,0.1,0.20054537864401936
72,86,14,0.14,0.16897890810854732
74,87,13,0.13,0.19801470293663442
90,95,5,0.05,0.24874768222682178
78,89,11,0.11,0.1779617247916758
68,84,16,0.16,0.2419565050303936
72,86,14,0.14,0.2360403421893716
62,81,19,0.19,0.20170791762997398
74,87,13,0.13,0.18425883827731013
76,88,12,0.12,0.30129242784343657
84,92,8,0.08,0.154364972114563
74,87,13,0.13,0.19265965245664118
76,88,12,0.12,0.1990144266653806
70,85,15,0.15,0.17576106810942294
72,86,14,0.14,0.13852577161509544
64,82,18,0.18,0.18292383888037875
78,89,11,0.11,0.18735311509110034
68,84,16,0.16,0.19061090715229512
68,84,16,0.16,0.17913919737329706
52,76,24,0.24,0.2058946550823748
86,93,7,0.07,0.1971045864839107
64,82,18,0.18,0.18995013856329024
68,84,16,0.16,0.17949305586516856
70,85,15,0.15,0.1363869505142793
78,89,11,0.11,0.14992631390690803
62,81,19,0.19,0.17912177526857703
60,80,20,0.2,0.24867160121910273
82,91,9,0.09,0.19841438107192516
72,86,14,0.14,0.2268254193244502
74,87,13,0.13,0.21820756394416094
78,89,11,0.11,0.19423173919320105
68,84,16,0.16,0.160216700527817
72,86,14,0.14,0.19964902237057686
54,77,23,0.23,0.23721917239017784
82,91,9,0.09,0.15870359382592142
76,88,12,0.12,0.1911202910542488
78,89,11,0.11,0.2019310084776953
80,90,10,0.1,0.20559966473840177
64,82,18,0.18,0.13772211028262973
94,97,3,0.03,0.22007936876267195
60,80,20,0.2,0.2095836534537375
88,94,6,0.06,0.15512717687990515
62,81,19,0.19,0.24805380210280417
82,91,9,0.09,0.19284291980322452
60,80,20,0.2,0.18349598567932845
82,91,9,0.09,0.12202533706557006
76,88,12,0.12,0.25598761402070525
68,84,16,0.16,0.17487856931053103
74,87,13,0.13,0.15654328487813474
68,84,16,0.16,0.16980336014181374
82,91,9,0.09,0.18118466632673516
60,80,20,0.2,0.22744990677572788
72,86,14,0.14,0.16323936245404183
82,91,9,0.09,0.19433007671381347
56,78,22,0.22,0.22674392052867914
68,84,16,0.16,0.17627642635256052
54,77,23,0.23,0.23757335243746638
58,79,21,0.21,0.17186880805529653
78,89,11,0.11,0.17631135331001133
70,85,15,0.15,0.244448009878397
80,90,10,0.1,0.18759148220531643
58,79,21,0.21,0.20479807606898248
76,88,12,0.12,0.20172824612818657
92,96,4,0.04,0.21322448857827112
80,90,10,0.1,0.23429595096502454
74,87,13,0.13,0.18313020713394507
76,88,12,0.12,0.20421360021457077
74,87,13,0.13,0.17154379739426076
56,78,22,0.22,0.2522758222883567
64,82,18,0.18,0.26023778815753756
84,92,8,0.08,0.23700742684537546
76,88,12,0.12,0.20011744420975447
70,85,15,0.15,0.19261020786128938
62,81,19,0.19,0.20040678655495867
68,84,16,0.16,0.2520711586531252
70,85,15,0.15,0.19891976203769446
80,90,10,0.1,0.18167890598997474
68,84,16,0.16,0.2710144805256277
52,76,24,0.24,0.2008210061211139
80,90,10,0.1,0.1990545038273558
76,88,12,0.12,0.2627846718765795
76,88,12,0.12,0.19005471877753735
74,87,13,0.13,0.19923815279849805
58,79,21,0.21,0.22279486409854143
72,86,14,0.14,0.21033625964075328
82,91,9,0.09,0.18251669457182287
58,79,21,0.21,0.19503534365445374
70,85,15,0.15,0.14795085803605615
66,83,17,0.17,0.20746673492714762
66,83,17,0.17,0.20781161705031992
82,91,9,0.09,0.21188445173203946
76,88,12,0.12,0.19587644414976238
74,87,13,0.13,0.16240635525260586
80,90,10,0.1,0.21276548458263278
88,94,6,0.06,0.21720812395215033
80,90,10,0.1,0.20988018850795925
66,83,17,0.17,0.215965439081192
64,82,18,0.18,0.1867776232212782
74,87,13,0.13,0.18061660198494792
68,84,16,0.16,0.17492066241800786
70,85,15,0.15,0.18332453422830441
70,85,15,0.15,0.15468989871442318
64,82,18,0.18,0.17068932591006158
82,91,9,0.09,0.17025281004607679
62,81,19,0.19,0.2532681203039829
78,89,11,0.11,0.17403920013457536
62,81,19,0.19,0.18715190186165273
82,91,9,0.09,0.15895991801284254
66,83,17,0.17,0.21272662917152046
76,88,12,0.12,0.24176932914648205
86,93,7,0.07,0.16197786698117853
48,74,26,0.26,0.2251077660394367
72,86,14,0.14,0.2101762905344367
72,86,14,0.14,0.20484744358807802
66,83,17,0.17,0.21267238109372555
62,81,19,0.19,0.1954206556454301
60,80,20,0.2,0.20728941802866757
82,91,9,0.09,0.1896876426972449
78,89,11,0.11,0.15738270308822394
80,90,10,0.1,0.1604615750303492
60,80,20,0.2,0.18470082199200988
80,90,10,0.1,0.24692139371298252
64,82,18,0.18,0.2166031520999968
66,83,17,0.17,0.216093992292881
64,82,18,0.18,0.22336384116439148
76,88,12,0.12,0.2809220195002854
68,84,16,0.16,0.20403416181914508
86,93,7,0.07,0.22421977631747722
72,86,14,0.14,0.20872082089073957
80,90,10,0.1,0.20083683948963882
78,89,11,0.11,0.16282865032553673
82,91,9,0.09,0.17367537086829543
78,89,11,0.11,0.1583956504240632
70,85,15,0.15,0.17565632654353977
84,92,8,0.08,0.22017244820483028
78,89,11,0.11,0.20914334630593656
66,83,17,0.17,0.16861149672418832
76,88,12,0.12,0.17373797081410886
60,80,20,0.2,0.20553565775975585
68,84,16,0.16,0.2321823915746063
56,78,22,0.22,0.27023102788254616
78,89,11,0.11,0.22767888817004858
74,87,13,0.13,0.2692809908743948
62,81,19,0.19,0.20786361861974
68,84,16,0.16,0.2237658518180251
70,85,15,0.15,0.20490035484544933
70,85,15,0.15,0.2585823839623481
72,86,14,0.14,0.23625056338962167
54,77,23,0.23,0.21735959405079483
76,88,12,0.12,0.23349896969273687
88,94,6,0.06,0.2726126556098461
56,78,22,0.22,0.2435562084801495
74,87,13,0.13,0.27979664801619947
72,86,14,0.14,0.20999723785091193
80,90,10,0.1,0.2242302161641419
66,83,17,0.17,0.2283487532567233
76,88,12,0.12,0.2575577603653073
84,92,8,0.08,0.21487998785916715
52,76,24,0.24,0.24908636814914645
56,78,22,0.22,0.19883343895897268
64,82,18,0.18,0.2117846005782485
74,87,13,0.13,0.2395575752109289
68,84,16,0.16,0.21145007807761432
84,92,8,0.08,0.2282437950372696
58,79,21,0.21,0.274963692612946
80,90,10,0.1,0.23704338549636306
78,89,11,0.11,0.21554596722126007
82,91,9,0.09,0.22589700942859053
78,89,11,0.11,0.16523549655452371
70,85,15,0.15,0.21418529172427953
86,93,7,0.07,0.19791468262672424
74,87,13,0.13,0.16788546052761377
68,84,16,0.16,0.19236465560272337
56,78,22,0.22,0.25420831426978113
80,90,10,0.1,0.19574902027743518
74,87,13,0.13,0.21930202139541508
70,85,15,0.15,0.24176366670057178
80,90,10,0.1,0.20007341330870987
76,88,12,0.12,0.21955259202048183
82,91,9,0.09,0.27677676059305667
66,83,17,0.17,0.2721767137106508
92,96,4,0.04,0.2793741164728999
86,93,7,0.07,0.3620230217278004
48,74,26,0.26,0.19385599059984088
88,94,6,0.06,0.20379964149557053
74,87,13,0.13,0.290097191426903
78,89,11,0.11,0.27059816182591023
76,88,12,0.12,0.23495621604844927
86,93,7,0.07,0.18916610568761827
74,87,13,0.13,0.15921316765248775
92,96,4,0.04,0.18741197573021054
74,87,13,0.13,0.23894114919705317
70,85,15,0.15,0.1500490055140108
76,88,12,0.12,0.15115694920066744
86,93,7,0.07,0.19544374086894095
50,75,25,0.25,0.23422769284807146
64,82,18,0.18,0.19080820666160433
72,86,14,0.14,0.1404862755583599
82,91,9,0.09,0.21106066863052547
58,79,21,0.21,0.20274384710937737
66,83,17,0.17,0.1958895124308765
58,79,21,0.21,0.21272882881574331
78,89,11,0.11,0.21380613720975816
68,84,16,0.16,0.16289671521633864
66,83,17,0.17,0.1394045904930681
68,84,16,0.16,0.16758563140407204
54,77,23,0.23,0.25936632468365134
70,85,15,0.15,0.19298436491750182
72,86,14,0.14,0.20041352468542756
44,72,28,0.28,0.2023127779783681
50,75,25,0.25,0.2735466822027229
82,91,9,0.09,0.1851714457385242
64,82,18,0.18,0.20348961805924773
72,86,14,0.14,0.20571149578318
90,95,5,0.05,0.1846381981577724
80,90,10,0.1,0.2539630138128996
64,82,18,0.18,0.11932318509556353
70,85,15,0.15,0.16543260619044303
66,83,17,0.17,0.17388939491473138
84,92,8,0.08,0.18724967199377715
78,89,11,0.11,0.16787990460870789
76,88,12,0.12,0.13815906181465834
68,84,16,0.16,0.16345798352733254
84,92,8,0.08,0.16430418150499462
80,90,10,0.1,0.1807137719448656
86,93,7,0.07,0.19931637320667506
80,90,10,0.1,0.21154907792806626
86,93,7,0.07,0.15449681244790553
74,87,13,0.13,0.23193288679234683
78,89,11,0.11,0.18959784920327366
82,91,9,0.09,0.15020369068253786
74,87,13,0.13,0.1834990826435387
80,90,10,0.1,0.1573901971336454
82,91,9,0.09,0.18823409146629275
56,78,22,0.22,0.18387953713536262
78,89,11,0.11,0.16241066111251712
84,92,8,0.08,0.21648353901691736
64,82,18,0.18,0.1833287312183529
78,89,11,0.11,0.23773800157941877
74,87,13,0.13,0.13220255860127508
56,78,22,0.22,0.17059196840971708
80,90,10,0.1,0.166921337969834
66,83,17,0.17,0.19705704594030976
66,83,17,0.17,0.20344803313259036
54,77,23,0.23,0.20342760818079114
74,87,13,0.13,0.15181944548385218
68,84,16,0.16,0.29185923260636626
62,81,19,0.19,0.15735602491535247
72,86,14,0.14,0.15175048175733535
72,86,14,0.14,0.22546779395081104
62,81,19,0.19,0.23999713636934758
86,93,7,0.07,0.21239678198471665
68,84,16,0.16,0.20198185566812754
84,92,8,0.08,0.16251108463387937
70,85,15,0.15,0.14028850006405263
80,90,10,0.1,0.19785836201161147
56,78,22,0.22,0.15466789237223566
90,95,5,0.05,0.1519630524236709
82,91,9,0.09,0.18836606254801155
72,86,14,0.14,0.20226449152454734
66,83,17,0.17,0.19082732933573424
80,90,10,0.1,0.2200718938279897
62,81,19,0.19,0.21931686324998736
66,83,17,0.17,0.17110565728507937
46,73,27,0.27,0.23737468959763647
64,82,18,0.18,0.1619753568433225
84,92,8,0.08,0.19128727887757122
56,78,22,0.22,0.16345904879271983
58,79,21,0.21,0.20684068745933473
64,82,18,0.18,0.20647336557507515
82,91,9,0.09,0.20826700982637703
58,79,21,0.21,0.1893435200676322
58,79,21,0.21,0.21790211943909527
74,87,13,0.13,0.20190267149358987
66,83,17,0.17,0.1476243183389306
58,79,21,0.21,0.23871614582836628
50,75,25,0.25,0.2373579536844045
66,83,17,0.17,0.1595479144155979
68,84,16,0.16,0.250085751847073
58,79,21,0.21,0.24512770654633642
76,88,12,0.12,0.16775704386644066
68,84,16,0.16,0.18416309045627713
76,88,12,0.12,0.25253450780175624
74,87,13,0.13,0.18687629958614707
80,90,10,0.1,0.21626321584917604
86,93,7,0.07,0.23335913049057125
94,97,3,0.03,0.17674983143806458
84,92,8,0.08,0.15707663639448582
66,83,17,0.17,0.2679958106484264
60,80,20,0.2,0.20003717077896
64,82,18,0.18,0.21176336521282793
84,92,8,0.08,0.1612720933649689
64,82,18,0.18,0.18773286510258913
76,88,12,0.12,0.17966198020614685
68,84,16,0.16,0.2362478709453717
82,91,9,0.09,0.2973236311902292
82,91,9,0.09,0.20208587303757666
56,78,22,0.22,0.22323489982634784
64,82,18,0.18,0.19633500169962645
80,90,10,0.1,0.2187310576438904
84,92,8,0.08,0.1938553654961288
64,82,18,0.18,0.2168670136667788
82,91,9,0.09,0.19552621063776315
74,87,13,0.13,0.21367051545530558
86,93,7,0.07,0.21169045558199287
56,78,22,0.22,0.17595426199957728
90,95,5,0.05,0.22575250577181577
72,86,14,0.14,0.2754821181111038
82,91,9,0.09,0.1947844268940389
74,87,13,0.13,0.20351525736041368
86,93,7,0.07,0.20773427587002516
74,87,13,0.13,0.1920610430277884
86,93,7,0.07,0.1698087067808956
70,85,15,0.15,0.19188135728938505
84,92,8,0.08,0.19309024829417468
72,86,14,0.14,0.19366049194708468
78,89,11,0.11,0.1386794449435547
78,89,11,0.11,0.19428841992281376
82,91,9,0.09,0.16880103376694022
76,88,12,0.12,0.20124796625226737
80,90,10,0.1,0.20751919993199408
82,91,9,0.09,0.17958318117074668
56,78,22,0.22,0.16206351573579014
76,88,12,0.12,0.2516329594515264
84,92,8,0.08,0.14532975271344184
78,89,11,0.11,0.17296671849675477
58,79,21,0.21,0.2601019857358187
78,89,11,0.11,0.1719323146622628
78,89,11,0.11,0.22130731745623053
72,86,14,0.14,0.17646867553703488
64,82,18,0.18,0.23267587393522263
70,85,15,0.15,0.17964739206247032
78,89,11,0.11,0.2171911342535168
86,93,7,0.07,0.18863636068068446
72,86,14,0.14,0.19884437962435186
90,95,5,0.05,0.18531629688572138
82,91,9,0.09,0.2506323543610051
74,87,13,0.13,0.25856498329900207
72,86,14,0.14,0.18000381817109884
70,85,15,0.15,0.1711268864478916
66,83,17,0.17,0.24004515327513218
64,82,18,0.18,0.19386634206399322
62,81,19,0.19,0.13132404821924865
72,86,14,0.14,0.16964021092280746
70,85,15,0.15,0.221520012319088
78,89,11,0.11,0.16262868702877312
58,79,21,0.21,0.18476525655016304
66,83,17,0.17,0.18236617263406515
82,91,9,0.09,0.21309164168313147
58,79,21,0.21,0.23517789440229536
72,86,14,0.14,0.2169056281633675
80,90,10,0.1,0.17667925669811665
74,87,13,0.13,0.1655732484906912
62,81,19,0.19,0.18850093795917927
58,79,21,0.21,0.21439310687594115
68,84,16,0.16,0.21957459705881774
70,85,15,0.15,0.17585392538458108
70,85,15,0.15,0.260157930329442
68,84,16,0.16,0.2123896768130362
84,92,8,0.08,0.18677238442935049
76,88,12,0.12,0.19202861650846897
74,87,13,0.13,0.12328514195978642
72,86,14,0.14,0.17345538781955838
80,90,10,0.1,0.25651738261803986
90,95,5,0.05,0.1928495207754895
80,90,10,0.1,0.18218503613956272
66,83,17,0.17,0.23440422498853877
70,85,15,0.15,0.1926421761699021
54,77,23,0.23,0.18629754391033201
82,91,9,0.09,0.27033227127045395
76,88,12,0.12,0.2096825025230646
50,75,25,0.25,0.246138964202255
60,80,20,0.2,0.19561422560364009
64,82,18,0.18,0.24325234511867166
82,91,9,0.09,0.14511681076604874
60,80,20,0.2,0.22598089462146162
88,94,6,0.06,0.17002723613753915
72,86,14,0.14,0.20278438195586204
86,93,7,0.07,0.26548202346079053
80,90,10,0.1,0.2131572094745934
88,94,6,0.06,0.1804332242999226
62,81,19,0.19,0.2108342419937253
76,88,12,0.12,0.24278669094666838
76,88,12,0.12,0.16110276686027647
66,83,17,0.17,0.2926591258775443
60,80,20,0.2,0.2040573474112898
62,81,19,0.19,0.2820340325497091
64,82,18,0.18,0.1852519879117608
80,90,10,0.1,0.20200922522693873
84,92,8,0.08,0.20964032554067671
70,85,15,0.15,0.1844829282257706
78,89,11,0.11,0.1825585216539912
74,87,13,0.13,0.22032067038118838
86,93,7,0.07,0.2363740151654929
72,86,14,0.14,0.24846029751002788
70,85,15,0.15,0.13821684004738927
86,93,7,0.07,0.16384233897551895
78,89,11,0.11,0.19623883597552777
66,83,17,0.17,0.1615957157779485
72,86,14,0.14,0.15119134938344359
78,89,11,0.11,0.1903979593515396
82,91,9,0.09,0.17244401096366346
80,90,10,0.1,0.16418634329922496
80,90,10,0.1,0.1778135739825666
74,87,13,0.13,0.1792302239034325
82,91,9,0.09,0.20573912378866224
80,90,10,0.1,0.2133945005061105
68,84,16,0.16,0.18222209204919637
72,86,14,0.14,0.2442307632463053
88,94,6,0.06,0.23966747719328851
72,86,14,0.14,0.22026150367339142
74,87,13,0.13,0.1427886824030429
64,82,18,0.18,0.15645539945457132
78,89,11,0.11,0.17331055937334894
60,80,20,0.2,0.16875840343534945
58,79,21,0.21,0.1805775213148445
64,82,18,0.18,0.16480649582110346
88,94,6,0.06,0.1452692614402622
64,82,18,0.18,0.15406095852842555
82,91,9,0.09,0.18274162089452148
62,81,19,0.19,0.11042381707578898
76,88,12,0.12,0.16087760898284614
72,86,14,0.14,0.19711056318134068
86,93,7,0.07,0.15915898322593422
78,89,11,0.11,0.14964087687898428
68,84,16,0.16,0.19977035900345072
72,86,14,0.14,0.1789818711951375
78,89,11,0.11,0.1510055241221562
72,86,14,0.14,0.14552715875208377
76,88,12,0.12,0.10049568003043532
68,84,16,0.16,0.14784187234938145
68,84,16,0.16,0.16699790711747484
78,89,11,0.11,0.2205141695169732
74,87,13,0.13,0.17956650349311531
64,82,18,0.18,0.1726263174507767
90,95,5,0.05,0.21086279797833413
78,89,11,0.11,0.1868866242747754
72,86,14,0.14,0.18257379665970802
70,85,15,0.15,0.14652292878367007
78,89,11,0.11,0.1534584144083783
88,94,6,0.06,0.21525420574471354
68,84,16,0.16,0.1732643968425691
66,83,17,0.17,0.14462241574190557
74,87,13,0.13,0.2200002795085311
70,85,15,0.15,0.17491493030451238
66,83,17,0.17,0.15582339773420245
40,70,30,0.3,0.1985142641980201
70,85,15,0.15,0.19785300976713188
58,79,21,0.21,0.20987798269372435
64,82,18,0.18,0.20561406577471644
68,84,16,0.16,0.15548648699186743
60,80,20,0.2,0.23075483670458197
70,85,15,0.15,0.21290611840784548
82,91,9,0.09,0.18319873949512838
64,82,18,0.18,0.20852234317921103
80,90,10,0.1,0.188590692570433
68,84,16,0.16,0.19446381280198693
64,82,18,0.18,0.1779764020908624
58,79,21,0.21,0.24433618254959583
86,93,7,0.07,0.19538130233995615
76,88,12,0.12,0.1689122796896845
64,82,18,0.18,0.20928902102634311
52,76,24,0.24,0.19031631596386434
74,87,13,0.13,0.16868554807268082
78,89,11,0.11,0.10255928816273809
70,85,15,0.15,0.18767438482493162
76,88,12,0.12,0.18054641091730445
78,89,11,0.11,0.13601853469386696
68,84,16,0.16,0.1645649371575564
86,93,7,0.07,0.22762306163087487
78,89,11,0.11,0.2084113411605358
74,87,13,0.13,0.2285077581915539
72,86,14,0.14,0.17912115709856152
72,86,14,0.14,0.20074917598627506
80,90,10,0.1,0.22095066434238106
84,92,8,0.08,0.20184649585047737
62,81,19,0.19,0.17866089719347655
68,84,16,0.16,0.20648944524116813
96,98,2,0.02,0.18472263991832732
68,84,16,0.16,0.191780629795976
76,88,12,0.12,0.1605395492631942
86,93,7,0.07,0.2182873645145446
82,91,9,0.09,0.16968052176991477
82,91,9,0.09,0.2632954680826515
80,90,10,0.1,0.1401722798263654
86,93,7,0.07,0.15766232315450907
76,88,12,0.12,0.22232296423986553
86,93,7,0.07,0.23130795441567897
78,89,11,0.11,0.1304188391333446
80,90,10,0.1,0.14276519569801166
64,82,18,0.18,0.18563689056783914
80,90,10,0.1,0.1561180157959461
78,89,11,0.11,0.19486804855056106
68,84,16,0.16,0.1792250566231087
64,82,18,0.18,0.17135821715928615
94,97,3,0.03,0.20048384786117823
64,82,18,0.18,0.16357260478660465
74,87,13,0.13,0.14010324828792364
80,90,10,0.1,0.15374191401526333
90,95,5,0.05,0.2272599177993834
90,95,5,0.05,0.1172768439585343
82,91,9,0.09,0.1064512845594436
50,75,25,0.25,0.19500743572600185
80,90,10,0.1,0.18417392487172038
66,83,17,0.17,0.17424859939841553
74,87,13,0.13,0.1511638661584584
80,90,10,0.1,0.2349935963191092
74,87,13,0.13,0.18996116942726077
52,76,24,0.24,0.17135294152423738
80,90,10,0.1,0.15128481741528957
86,93,7,0.07,0.23420629424974324
46,73,27,0.27,0.19128610068932175
74,87,13,0.13,0.1736553842294961
80,90,10,0.1,0.1313225089898333
78,89,11,0.11,0.1956354114972055
58,79,21,0.21,0.2023261432349682
76,88,12,0.12,0.15175073811784387
78,89,11,0.11,0.16862030318006874
70,85,15,0.15,0.198860336067155
74,87,13,0.13,0.19975458919536324
74,87,13,0.13,0.1608553830254823
64,82,18,0.18,0.13297333724156488
64,82,18,0.18,0.2605447707884014
68,84,16,0.16,0.23374695815145968
82,91,9,0.09,0.1755558898858726
64,82,18,0.18,0.1981280883960426
84,92,8,0.08,0.15834229245781897
74,87,13,0.13,0.17785451033618302
76,88,12,0.12,0.15992303372360767
70,85,15,0.15,0.20209768627770244
90,95,5,0.05,0.2294571411376819
80,90,10,0.1,0.17039084951858968
68,84,16,0.16,0.16821288873441517
92,96,4,0.04,0.1643406671937555
76,88,12,0.12,0.1823872094252147
70,85,15,0.15,0.185537623539567
78,89,11,0.11,0.17939319615717977
72,86,14,0.14,0.18843951469287276
82,91,9,0.09,0.1398291791463271
72,86,14,0.14,0.14573316547553986
68,84,16,0.16,0.22718442427925767
82,91,9,0.09,0.17661426690407098
68,84,16,0.16,0.17824151645414532
76,88,12,0.12,0.15093625525943935
74,87,13,0.13,0.20242035347037018
70,85,15,0.15,0.2295108827482909
58,79,21,0.21,0.20113489245530217
70,85,15,0.15,0.11399055414833129
78,89,11,0.11,0.14365999209228902
68,84,16,0.16,0.1568329874612391
72,86,14,0.14,0.22702352900058032
80,90,10,0.1,0.13254459297750146
64,82,18,0.18,0.14552979447878897
84,92,8,0.08,0.18235641494393348
64,82,18,0.18,0.21025284349918366
64,82,18,0.18,0.16541689478559418
70,85,15,0.15,0.17035226184874774
68,84,16,0.16,0.16775848934426904
72,86,14,0.14,0.19367345364764332
80,90,10,0.1,0.20322240372188388
76,88,12,0.12,0.16032441488467156
68,84,16,0.16,0.13941909906454383
60,80,20,0.2,0.25499411160475577
62,81,19,0.19,0.15023399198893458
66,83,17,0.17,0.1952680280432105
72,86,14,0.14,0.16205968736554496
78,89,11,0.11,0.11823121289664414
78,89,11,0.11,0.17646819696761668
62,81,19,0.19,0.1720899331383407
68,84,16,0.16,0.1716342994570732
80,90,10,0.1,0.19452863216865807
80,90,10,0.1,0.15198369254765567
68,84,16,0.16,0.23608554094098508
76,88,12,0.12,0.15694336387794464
48,74,26,0.26,0.21295554331503808
82,91,9,0.09,0.1361240157019347
70,85,15,0.15,0.15613578177057208
72,86,14,0.14,0.12602521310094744
86,93,7,0.07,0.18716322287917136
82,91,9,0.09,0.18590286608785392
76,88,12,0.12,0.14347892147488892
80,90,10,0.1,0.1789282940607518
62,81,19,0.19,0.1635743307042867
78,89,11,0.11,0.17213052658364178
70,85,15,0.15,0.21425533026456833
78,89,11,0.11,0.1622032186575234
76,88,12,0.12,0.13651728881523012
78,89,11,0.11,0.14298993699252605
62,81,19,0.19,0.18006912535987796
70,85,15,0.15,0.1548469707928598
72,86,14,0.14,0.17870022647082806
50,75,25,0.25,0.18421780154109002
58,79,21,0.21,0.17702465396840125
54,77,23,0.23,0.19529684070497752
80,90,10,0.1,0.1670893444120884
82,91,9,0.09,0.23221528652124107
62,81,19,0.19,0.2142658624332398
78,89,11,0.11,0.20130344470962883
66,83,17,0.17,0.1627497543953359
66,83,17,0.17,0.1551863399054855
84,92,8,0.08,0.1780289834132418
64,82,18,0.18,0.19637835526373237
68,84,16,0.16,0.1894182560034096
60,80,20,0.2,0.13276329405605794
76,88,12,0.12,0.16082885553129017
66,83,17,0.17,0.15301840305095538
76,88,12,0.12,0.13339676181785762
76,88,12,0.12,0.15817497700452804
64,82,18,0.18,0.21458920405246318
80,90,10,0.1,0.1452737257257104
68,84,16,0.16,0.16766947383992373
68,84,16,0.16,0.13181039288872853
80,90,10,0.1,0.18503247753717006
68,84,16,0.16,0.16327807772904634
78,89,11,0.11,0.21835159913636745
76,88,12,0.12,0.141725494582206
84,92,8,0.08,0.17913924852386118
62,81,19,0.19,0.17991897886851801
68,84,16,0.16,0.1989923479827121
74,87,13,0.13,0.17495986562222243
90,95,5,0.05,0.24421304665505886
92,96,4,0.04,0.16001165949273854
78,89,11,0.11,0.14950807491317392
66,83,17,0.17,0.22276121498085558
70,85,15,0.15,0.16718911431729794
68,84,16,0.16,0.1397343180049211
60,80,20,0.2,0.19254710359498858
74,87,13,0.13,0.21679079943336546
70,85,15,0.15,0.21970519233494998
72,86,14,0.14,0.16477906272280962
80,90,10,0.1,0.20712681827601045
72,86,14,0.14,0.177410550233908
56,78,22,0.22,0.1829699247237295
74,87,13,0.13,0.1616685486957431
66,83,17,0.17,0.1949058380164206
76,88,12,0.12,0.1724402795545757
64,82,18,0.18,0.17528053249698133
66,83,17,0.17,0.18332980588078499
74,87,13,0.13,0.15440588376484812
70,85,15,0.15,0.1985897084698081
78,89,11,0.11,0.21633095022290946
76,88,12,0.12,0.2015158028434962
68,84,16,0.16,0.18939249473623931
72,86,14,0.14,0.13327642313204704
68,84,16,0.16,0.23271622052416205
74,87,13,0.13,0.20285051003098487
82,91,9,0.09,0.16127509335055948
72,86,14,0.14,0.16887598332017661
74,87,13,0.13,0.22843140445649623
54,77,23,0.23,0.1529323691036552
74,87,13,0.13,0.17902077535167338
62,81,19,0.19,0.20920750727877022
82,91,9,0.09,0.22126815336756409
62,81,19,0.19,0.21176171088591217
68,84,16,0.16,0.19309058072045446
64,82,18,0.18,0.2689640856534243
86,93,7,0.07,0.21143611940555274
74,87,13,0.13,0.2332353920210153
74,87,13,0.13,0.2140887183882296
74,87,13,0.13,0.1569479507394135
84,92,8,0.08,0.15991307171992958
78,89,11,0.11,0.2513183710258454
78,89,11,0.11,0.1987114781886339
80,90,10,0.1,0.13641112797427923
84,92,8,0.08,0.15965713263489306
70,85,15,0.15,0.1538148798281327
70,85,15,0.15,0.14832828227430583
82,91,9,0.09,0.1064445179887116
80,90,10,0.1,0.1831092407926917
58,79,21,0.21,0.21096152875572444
60,80,20,0.2,0.1872543302923441
80,90,10,0.1,0.14751537656411529
76,88,12,0.12,0.17339370806701482
72,86,14,0.14,0.17150744009763003
68,84,16,0.16,0.12030693312175572
66,83,17,0.17,0.1475479659345001
70,85,15,0.15,0.14777133114170282
62,81,19,0.19,0.20337571164593102
78,89,11,0.11,0.18816420800052583
78,89,11,0.11,0.15120800368487836
76,88,12,0.12,0.13626081312075258
68,84,16,0.16,0.20504314301535487
78,89,11,0.11,0.14207445652224124
78,89,11,0.11,0.11237798215355724
72,86,14,0.14,0.11864407834596932
74,87,13,0.13,0.15943506628274917
86,93,7,0.07,0.14522015923968865
76,88,12,0.12,0.13627554463688285
66,83,17,0.17,0.11604136267444119
72,86,14,0.14,0.14516600961796938
80,90,10,0.1,0.19830737219192088
58,79,21,0.21,0.1270930740144104
82,91,9,0.09,0.11974871791666374
78,89,11,0.11,0.18298183418810368
70,85,15,0.15,0.15025120639707892
64,82,18,0.18,0.13882455512881278
74,87,13,0.13,0.16465009800624103
76,88,12,0.12,0.12657742814160883
60,80,20,0.2,0.14899876721203328
64,82,18,0.18,0.14122520057484508
70,85,15,0.15,0.11765035620890557
90,95,5,0.05,0.17373807387892157
70,85,15,0.15,0.1759345200750977
76,88,12,0.12,0.1269170839386061
72,86,14,0.14,0.10006679048761725
74,87,13,0.13,0.16520954109728336
72,86,14,0.14,0.13368881369940935
62,81,19,0.19,0.16163687188760378
78,89,11,0.11,0.15261057079769672
74,87,13,0.13,0.1747169152298011
76,88,12,0.12,0.1478655586775858
52,76,24,0.24,0.11377673865412362
82,91,9,0.09,0.11692261459771544
60,80,20,0.2,0.12250036573968828
60,80,20,0.2,0.15628878496587276
60,80,20,0.2,0.11992741557769478
72,86,14,0.14,0.12753528743749484
62,81,19,0.19,0.1262497391107172
48,74,26,0.26,0.1353813558164984
58,79,21,0.21,0.22681273271329702
72,86,14,0.14,0.18520147321280092
60,80,20,0.2,0.13308763332199305
78,89,11,0.11,0.1600961112882942
66,83,17,0.17,0.22575190261006356
68,84,16,0.16,0.18866584704257547
76,88,12,0.12,0.11838704842841252
70,85,15,0.15,0.21580271407030524
72,86,14,0.14,0.14872705307789147
72,86,14,0.14,0.1827059299312532
74,87,13,0.13,0.21140759628731756
58,79,21,0.21,0.20848953710868956
74,87,13,0.13,0.18019291935488582
68,84,16,0.16,0.13278814578428866
66,83,17,0.17,0.16537397338775917
72,86,14,0.14,0.1707765686325729
70,85,15,0.15,0.13204994304920548
72,86,14,0.14,0.1588500270433724
68,84,16,0.16,0.20655384401790797
68,84,16,0.16,0.19214968041516842
82,91,9,0.09,0.12285886264406144
90,95,5,0.05,0.18883027127943933
58,79,21,0.21,0.1865374411456287
72,86,14,0.14,0.21963357419590465
84,92,8,0.08,0.22458756769541652
80,90,10,0.1,0.17575691832262236
86,93,7,0.07,0.19781338912434876
78,89,11,0.11,0.21312767926603557
68,84,16,0.16,0.19399235676974058
78,89,11,0.11,0.1326089150737971
78,89,11,0.11,0.22456737061962484
66,83,17,0.17,0.14108561498112976
76,88,12,0.12,0.18558723805472255
68,84,16,0.16,0.1842952616326511
74,87,13,0.13,0.1485420666472055
54,77,23,0.23,0.21339056348428131
70,85,15,0.15,0.19482582656666636
62,81,19,0.19,0.21811536569148302
82,91,9,0.09,0.11812420663423837
72,86,14,0.14,0.14734208416193723
64,82,18,0.18,0.15274514130316674
72,86,14,0.14,0.19951959271915257
76,88,12,0.12,0.1590514395898208
70,85,15,0.15,0.19414881575852633
68,84,16,0.16,0.14702405356802045
56,78,22,0.22,0.17771473310887814
60,80,20,0.2,0.2485027648322284
68,84,16,0.16,0.17147651406936348
56,78,22,0.22,0.15332467928761617
86,93,7,0.07,0.1788272984046489
86,93,7,0.07,0.2103409319743514
74,87,13,0.13,0.17911962511017918
70,85,15,0.15,0.2016321773082018
48,74,26,0.26,0.20150669502094387
72,86,14,0.14,0.1586569651030004
72,86,14,0.14,0.2519560094177723
72,86,14,0.14,0.1606613222695887
72,86,14,0.14,0.19773453798145055
66,83,17,0.17,0.18929361962829716
70,85,15,0.15,0.22926797495223583
74,87,13,0.13,0.19396533851046116
76,88,12,0.12,0.15659717136528342
56,78,22,0.22,0.22949078208068385
72,86,14,0.14,0.1714606087934226
76,88,12,0.12,0.2530863971123472
74,87,13,0.13,0.17833689406514167
70,85,15,0.15,0.18556092672981322
80,90,10,0.1,0.18639043638482689
70,85,15,0.15,0.1497107997070998
74,87,13,0.13,0.16999486817978324
72,86,14,0.14,0.15239679312799126
76,88,12,0.12,0.1478035057336092
74,87,13,0.13,0.13565113869844936
64,82,18,0.18,0.2027044641273096
84,92,8,0.08,0.20204348933883012
78,89,11,0.11,0.18394388115630136
86,93,7,0.07,0.1696678885538131
74,87,13,0.13,0.22223813639488071
68,84,16,0.16,0.264335010163486
82,91,9,0.09,0.16881791128776968
74,87,13,0.13,0.16002156609669327
78,89,11,0.11,0.20758996431250126
48,74,26,0.26,0.16043464119546116
72,86,14,0.14,0.1660685795918107
78,89,11,0.11,0.1413261554390192
82,91,9,0.09,0.1245194903574884
78,89,11,0.11,0.19252028911374508
50,75,25,0.25,0.1430748232314363
62,81,19,0.19,0.1618805158091709
62,81,19,0.19,0.16313661609077826
62,81,19,0.19,0.17865958159789444
82,91,9,0.09,0.19539692730177194
68,84,16,0.16,0.16133708444423975
88,94,6,0.06,0.16106294805649668
58,79,21,0.21,0.1628978054318577
70,85,15,0.15,0.17198748758994042
66,83,17,0.17,0.18161492476705463
88,94,6,0.06,0.0958338678209111
76,88,12,0.12,0.18321133262943476
68,84,16,0.16,0.18207102875225245
60,80,20,0.2,0.1646591488737613
72,86,14,0.14,0.10449432738125325
86,93,7,0.07,0.16054398196283728
72,86,14,0.14,0.19856007791124283
80,90,10,0.1,0.1543025648733601
66,83,17,0.17,0.17069935430539773
74,87,13,0.13,0.20732304835692048
64,82,18,0.18,0.18654738764278592
72,86,14,0.14,0.13033208237960936
78,89,11,0.11,0.14986205448862167
74,87,13,0.13,0.08549426660407335
58,79,21,0.21,0.17023437815718354
68,84,16,0.16,0.11618939330801367
72,86,14,0.14,0.19841690137516707
66,83,17,0.17,0.2051420520339161
80,90,10,0.1,0.1715175651520258
80,90,10,0.1,0.11811080976040103
72,86,14,0.14,0.21748320154147222
80,90,10,0.1,0.20162725399481132
90,95,5,0.05,0.16841555911116302
76,88,12,0.12,0.1463815418444574
68,84,16,0.16,0.13116834052838386
82,91,9,0.09,0.1455002882797271
66,83,17,0.17,0.13653153200633825
54,77,23,0.23,0.16680890222080053
76,88,12,0.12,0.20086110279080457
54,77,23,0.23,0.20560519022867083
58,79,21,0.21,0.20470687344670296
72,86,14,0.14,0.15370302082505077
72,86,14,0.14,0.17374509198591112
78,89,11,0.11,0.14893485170410714
84,92,8,0.08,0.14793034895788879
74,87,13,0.13,0.12936331788543612
86,93,7,0.07,0.14482698254287243
80,90,10,0.1,0.13965939468704164
72,86,14,0.14,0.16647841978352518
86,93,7,0.07,0.11190456821583211
80,90,10,0.1,0.15967436287086456
78,89,11,0.11,0.15336985159199684
76,88,12,0.12,0.1441933941282332
88,94,6,0.06,0.1420775968208909
78,89,11,0.11,0.1860428256681189
76,88,12,0.12,0.17932023954344914
88,94,6,0.06,0.22070947143714875
78,89,11,0.11,0.181526577482
72,86,14,0.14,0.16138716062530875
68,84,16,0.16,0.15631914565339686
70,85,15,0.15,0.17961070833262055
54,77,23,0.23,0.13989879283471965
82,91,9,0.09,0.20567572858650238
58,79,21,0.21,0.17991508717648685
76,88,12,0.12,0.20820508596487344
78,89,11,0.11,0.11952223025611602
70,85,15,0.15,0.16898616582155226
72,86,14,0.14,0.18872198414057492
82,91,9,0.09,0.17549235938829952
90,95,5,0.05,0.11170435797888785
84,92,8,0.08,0.14231187563389538
86,93,7,0.07,0.1630162180494517
68,84,16,0.16,0.20745664631249383
66,83,17,0.17,0.1841874913033098
80,90,10,0.1,0.11038166398182511
80,90,10,0.1,0.1999158936459571
74,87,13,0.13,0.2132328900229186
64,82,18,0.18,0.14594067799858748
70,85,15,0.15,0.1265003138082102
76,88,12,0.12,0.16912412435747684
80,90,10,0.1,0.14936983191408218
90,95,5,0.05,0.17850005094893276
82,91,9,0.09,0.1662920349277556
78,89,11,0.11,0.11776474467245862
82,91,9,0.09,0.10335394323337824
82,91,9,0.09,0.15775605079717933
80,90,10,0.1,0.14761212111916394
68,84,16,0.16,0.1699158458132297
54,77,23,0.23,0.1559273129934445
70,85,15,0.15,0.16515957785770297
84,92,8,0.08,0.19440740628167988
70,85,15,0.15,0.08522921255789698
52,76,24,0.24,0.18189563575200737
92,96,4,0.04,0.1423406262753997
86,93,7,0.07,0.18573027315316723
72,86,14,0.14,0.1623403902258724
70,85,15,0.15,0.1841496740625007
76,88,12,0.12,0.13041447841562331
82,91,9,0.09,0.15294328766874968
80,90,10,0.1,0.12892083230894058
72,86,14,0.14,0.17203424575040116
88,94,6,0.06,0.15704894977156073
74,87,13,0.13,0.14147900892421603
60,80,20,0.2,0.1267375301523134
72,86,14,0.14,0.18402147870510815
82,91,9,0.09,0.13783554984722288
88,94,6,0.06,0.1545621786173433
74,87,13,0.13,0.13508020465262235
60,80,20,0.2,0.25711636455729603
84,92,8,0.08,0.16546903353650122
74,87,13,0.13,0.13353845790028573
66,83,17,0.17,0.14221173549536614
58,79,21,0.21,0.16362632353790105
82,91,9,0.09,0.18233494736254216
76,88,12,0.12,0.2249640617426485
72,86,14,0.14,0.20531254348345102
90,95,5,0.05,0.14239083988592027
70,85,15,0.15,0.2292244138661772
64,82,18,0.18,0.1907766372524202
70,85,15,0.15,0.15552551188506186
70,85,15,0.15,0.14860896163154394
76,88,12,0.12,0.16287348626181483
72,86,14,0.14,0.24275752565823494
68,84,16,0.16,0.14995676243677736
72,86,14,0.14,0.17039967220276594
66,83,17,0.17,0.16356199879199265
84,92,8,0.08,0.2330968345887959
70,85,15,0.15,0.18843735430855305
74,87,13,0.13,0.1362332331109792
74,87,13,0.13,0.15734789301874116
82,91,9,0.09,0.1789753622561693
70,85,15,0.15,0.189107867537532
80,90,10,0.1,0.1392765247169882
84,92,8,0.08,0.17659983664751053
66,83,17,0.17,0.1255858230125159
74,87,13,0.13,0.10774842935614287
74,87,13,0.13,0.1604221963416785
68,84,16,0.16,0.1580394258722663
72,86,14,0.14,0.13969300446100533
62,81,19,0.19,0.15567430994007736
88,94,6,0.06,0.20478049871511758
84,92,8,0.08,0.10829528853995725
72,86,14,0.14,0.13674797399900854
58,79,21,0.21,0.16292128053028138
76,88,12,0.12,0.20286461611278356
80,90,10,0.1,0.14851039978442715
64,82,18,0.18,0.15869576968252658
66,83,17,0.17,0.18044712211936711
58,79,21,0.21,0.14930462120682933
72,86,14,0.14,0.1975664622709155
62,81,19,0.19,0.14848605751991273
82,91,9,0.09,0.12647785036824644
72,86,14,0.14,0.15373537245206534
76,88,12,0.12,0.1405881019192748
66,83,17,0.17,0.17921470425091685
84,92,8,0.08,0.101698656254448
80,90,10,0.1,0.1605650389753282
70,85,15,0.15,0.19912425592541694
74,87,13,0.13,0.18023748311854434
82,91,9,0.09,0.0889268468413502
58,79,21,0.21,0.17131975595839322
66,83,17,0.17,0.1810453840252012
62,81,19,0.19,0.15963839667849242
78,89,11,0.11,0.1481255827471614
72,86,14,0.14,0.17870742414146662
70,85,15,0.15,0.10032904914580286
70,85,15,0.15,0.21442915440537036
62,81,19,0.19,0.15123299621045588
78,89,11,0.11,0.18305694174021483
68,84,16,0.16,0.18073428200557828
82,91,9,0.09,0.20683323413133622
82,91,9,0.09,0.18137690795585512
72,86,14,0.14,0.1513742125313729
90,95,5,0.05,0.17246776360087096
78,89,11,0.11,0.1054995308816433
70,85,15,0.15,0.1727992900647223
66,83,17,0.17,0.15432741777040065
64,82,18,0.18,0.17871931459754706
74,87,13,0.13,0.12075731703080236
88,94,6,0.06,0.1405494585260749
82,91,9,0.09,0.2066665919078514
88,94,6,0.06,0.14771376692457125
68,84,16,0.16,0.12370907695032657
74,87,13,0.13,0.14123673136346043
74,87,13,0.13,0.1237636664416641
66,83,17,0.17,0.13726578760892152
82,91,9,0.09,0.11130375129519962
88,94,6,0.06,0.12149709776043892
72,86,14,0.14,0.13086195904761552
72,86,14,0.14,0.18307875212281943
76,88,12,0.12,0.14769637781195344
68,84,16,0.16,0.14736982267349957
66,83,17,0.17,0.13437845515087246
66,83,17,0.17,0.19347750650253148
76,88,12,0.12,0.17440859404858203
68,84,16,0.16,0.1362613652134314
70,85,15,0.15,0.15604427627287806
80,90,10,0.1,0.13389509376138448
84,92,8,0.08,0.15495756187243387
70,85,15,0.15,0.22113371917512267
68,84,16,0.16,0.15373535542283207
68,84,16,0.16,0.17118236215785146
80,90,10,0.1,0.1260281662782654
80,90,10,0.1,0.15035906655626605
62,81,19,0.19,0.1682158865686506
74,87,13,0.13,0.1519502491923049
90,95,5,0.05,0.1508162283618003
88,94,6,0.06,0.1786185616068542
62,81,19,0.19,0.18383778410265222
76,88,12,0.12,0.19098160276189446
66,83,17,0.17,0.17237409016117453
74,87,13,0.13,0.15992275514174253
68,84,16,0.16,0.19802903836593033
82,91,9,0.09,0.15171144655440003
58,79,21,0.21,0.15178358959965407
82,91,9,0.09,0.2268629517732188
68,84,16,0.16,0.14887216905597597
78,89,11,0.11,0.12188824892044067
56,78,22,0.22,0.16859462177380918
82,91,9,0.09,0.15882178007625045
86,93,7,0.07,0.13858531795442106
78,89,11,0.11,0.1419343479303643
70,85,15,0.15,0.1392486995831132
76,88,12,0.12,0.13867828348651529
78,89,11,0.11,0.09359042084310204
66,83,17,0.17,0.12728935307823122
76,88,12,0.12,0.14896051694639026
50,75,25,0.25,0.14992750600911678
82,91,9,0.09,0.13538200077600776
68,84,16,0.16,0.17835636445321143
70,85,15,0.15,0.0833021152112633
62,81,19,0.19,0.18620131651870905
70,85,15,0.15,0.0973558832705021
66,83,17,0.17,0.14735401392448694
74,87,13,0.13,0.16300365944276562
82,91,9,0.09,0.17544286685064436
58,79,21,0.21,0.09228664617519826
82,91,9,0.09,0.13791063237469645
76,88,12,0.12,0.19863892057910562
74,87,13,0.13,0.13176213414408267
72,86,14,0.14,0.16853193044662476
74,87,13,0.13,0.1374980134004727
80,90,10,0.1,0.20071379656903446
80,90,10,0.1,0.14695860689505935
72,86,14,0.14,0.1975375732127577
74,87,13,0.13,0.13973232181859202
82,91,9,0.09,0.16514745351392776
78,89,11,0.11,0.12092010010499507
70,85,15,0.15,0.12732726687565446
78,89,11,0.11,0.17677202806808054
68,84,16,0.16,0.14358049002476037
80,90,10,0.1,0.12552544116973877
74,87,13,0.13,0.09457518157665618
84,92,8,0.08,0.09358602914493531
76,88,12,0.12,0.12388229752890766
66,83,17,0.17,0.15599137597251683
70,85,15,0.15,0.11792654632357881
76,88,12,0.12,0.12851737160235643
60,80,20,0.2,0.12267621521605179
74,87,13,0.13,0.18661517379805445
72,86,14,0.14,0.12608510559657587
62,81,19,0.19,0.200049875988625
58,79,21,0.21,0.16389839266892522
66,83,17,0.17,0.14314203918911517
68,84,16,0.16,0.16562952522188426
56,78,22,0.22,0.19299061360768974
78,89,11,0.11,0.21255761893466116
66,83,17,0.17,0.18099497796967626
80,90,10,0.1,0.1544319663848728
84,92,8,0.08,0.1406321426993236
80,90,10,0.1,0.17678454536478966
76,88,12,0.12,0.12856346177868544
70,85,15,0.15,0.12716030463110656
80,90,10,0.1,0.19820939666591586
88,94,6,0.06,0.10519936257507652
80,90,10,0.1,0.13602175454143434
82,91,9,0.09,0.1569890774670057
78,89,11,0.11,0.15017841840628535
80,90,10,0.1,0.1294277617521584
78,89,11,0.11,0.15028053645044565
80,90,10,0.1,0.18105414383113383
72,86,14,0.14,0.11264045773074031
70,85,15,0.15,0.16648458156967536
74,87,13,0.13,0.12338785986416041
82,91,9,0.09,0.17232806478161364
86,93,7,0.07,0.1471786936512217
78,89,11,0.11,0.2049212617520243
64,82,18,0.18,0.16262673750985412
90,95,5,0.05,0.1636412360658869
70,85,15,0.15,0.13575689512770622
72,86,14,0.14,0.1298026737384498
62,81,19,0.19,0.1350443163793534
74,87,13,0.13,0.08462731345091015
78,89,11,0.11,0.15865377933252603
68,84,16,0.16,0.145085034891963
86,93,7,0.07,0.15314827365800737
68,84,16,0.16,0.14729391805827619
76,88,12,0.12,0.19246029310859739
68,84,16,0.16,0.12550761127262378
76,88,12,0.12,0.16198021605378016
66,83,17,0.17,0.18735110922716558
72,86,14,0.14,0.16819820219883697
78,89,11,0.11,0.12283928034827113
62,81,19,0.19,0.1315017434908077
92,96,4,0.04,0.1508228626102209
72,86,14,0.14,0.11759029981214553
58,79,21,0.21,0.14970671373419464
82,91,9,0.09,0.18298363512847574
80,90,10,0.1,0.10806793977040798
70,85,15,0.15,0.1329116579471156
72,86,14,0.14,0.17828852514736354
70,85,15,0.15,0.20966708972118794
72,86,14,0.14,0.14914598542964086
70,85,15,0.15,0.1470876860897988
68,84,16,0.16,0.1674130478175357
74,87,13,0.13,0.13198980072513222
84,92,8,0.08,0.1530139239458367
66,83,17,0.17,0.13574876209720968
64,82,18,0.18,0.24082374847494065
68,84,16,0.16,0.14131533464416862
82,91,9,0.09,0.21676805747440084
92,96,4,0.04,0.1293828283576295
66,83,17,0.17,0.1678683020081371
52,76,24,0.24,0.14772530484944582
64,82,18,0.18,0.16156056448817252
80,90,10,0.1,0.15088152057956905
82,91,9,0.09,0.15503051151521505
76,88,12,0.12,0.1664410469122231
62,81,19,0.19,0.14313110197428613
66,83,17,0.17,0.12184722347185016
78,89,11,0.11,0.11954354417510331
66,83,17,0.17,0.1422667864477262
72,86,14,0.14,0.14675264307763428
72,86,14,0.14,0.11689951039850711
58,79,21,0.21,0.1731315144058317
44,72,28,0.28,0.17232838687486945
66,83,17,0.17,0.11611239534569905
76,88,12,0.12,0.1274873095192015
66,83,17,0.17,0.13853911303915084
60,80,20,0.2,0.19985032875090838
70,85,15,0.15,0.10756892807781697
68,84,16,0.16,0.10903382848482579
66,83,17,0.17,0.16320147392340004
80,90,10,0.1,0.18973753187339754
64,82,18,0.18,0.17997507755178957
78,89,11,0.11,0.13046336836297998
78,89,11,0.11,0.23314442117232828
62,81,19,0.19,0.1530323771480471
74,87,13,0.13,0.1498892310541123
82,91,9,0.09,0.1511450241971761
72,86,14,0.14,0.17684714481700212
76,88,12,0.12,0.23056352259591223
72,86,14,0.14,0.1490165942243766
68,84,16,0.16,0.16054478397360072
80,90,10,0.1,0.11261014610063284
72,86,14,0.14,0.18780531035736203
60,80,20,0.2,0.18287479594349862
80,90,10,0.1,0.17271319419611245
66,83,17,0.17,0.1805911072064191
80,90,10,0.1,0.18881705364212395
80,90,10,0.1,0.180214629098773
66,83,17,0.17,0.1954335329402238
68,84,16,0.16,0.21623216284438967
70,85,15,0.15,0.15812175013124943
82,91,9,0.09,0.17374960476532578
74,87,13,0.13,0.170079703242518
70,85,15,0.15,0.2010328659461811
66,83,17,0.17,0.17809724980965258
64,82,18,0.18,0.2000278182234615
62,81,19,0.19,0.16589040849357845
70,85,15,0.15,0.19743216283619403
76,88,12,0.12,0.18834353200159967
76,88,12,0.12,0.135430258391425
66,83,17,0.17,0.18528083099517972
74,87,13,0.13,0.1893001921940595
82,91,9,0.09,0.15012375675141812
80,90,10,0.1,0.155757648749277
70,85,15,0.15,0.17633909565396608
70,85,15,0.15,0.17662985210306942
80,90,10,0.1,0.12653363297693432
74,87,13,0.13,0.14397371294908226
70,85,15,0.15,0.18590509782079606
74,87,13,0.13,0.12075209674891084
76,88,12,0.12,0.18584707691334187
84,92,8,0.08,0.15065365559537894
70,85,15,0.15,0.13785217267461122
84,92,8,0.08,0.13374596961773932
72,86,14,0.14,0.1486488795792684
76,88,12,0.12,0.14942640346474945
70,85,15,0.15,0.12289498592726886
82,91,9,0.09,0.1615898798534181
80,90,10,0.1,0.13327397980727254
74,87,13,0.13,0.162668973878026
72,86,14,0.14,0.1306608333904296
68,84,16,0.16,0.19367259323596955
70,85,15,0.15,0.16531582292169333
74,87,13,0.13,0.18954947390593588
84,92,8,0.08,0.10968677926808595
66,83,17,0.17,0.17079193726647646
72,86,14,0.14,0.11807046397123486
84,92,8,0.08,0.20757237476296722
76,88,12,0.12,0.11936640367843211
74,87,13,0.13,0.17364320124033839
84,92,8,0.08,0.10975674228742718
88,94,6,0.06,0.16069055740721525
62,81,19,0.19,0.14133700185921044
82,91,9,0.09,0.2205953146517277
68,84,16,0.16,0.15183247035369277
78,89,11,0.11,0.18774010508321226
56,78,22,0.22,0.18742861420847476
82,91,9,0.09,0.13169406458968297
76,88,12,0.12,0.16269126540981232
76,88,12,0.12,0.16380086689256132
92,96,4,0.04,0.19287344607058912
70,85,15,0.15,0.1715569576341659
84,92,8,0.08,0.13338273514062166
80,90,10,0.1,0.22440670175477861
84,92,8,0.08,0.10734848041087389
66,83,17,0.17,0.13213563521509059
74,87,13,0.13,0.12281836067326367
60,80,20,0.2,0.17068118900060653
62,81,19,0.19,0.1449635654920712
64,82,18,0.18,0.13682945284992457
90,95,5,0.05,0.14459686493966728
68,84,16,0.16,0.12626369265606627
66,83,17,0.17,0.19233952882699668
72,86,14,0.14,0.12188623819500208
72,86,14,0.14,0.11600360214710236
76,88,12,0.12,0.1472447798633948
58,79,21,0.21,0.14501267179846763
68,84,16,0.16,0.1459954359824769
64,82,18,0.18,0.11848682850366458
66,83,17,0.17,0.13883683599065988
66,83,17,0.17,0.15731134532019497
70,85,15,0.15,0.1507657945062965
70,85,15,0.15,0.16008903108304368
76,88,12,0.12,0.1434622146980837
76,88,12,0.12,0.18803197084460407
72,86,14,0.14,0.1584422794682905
64,82,18,0.18,0.17022120079025627
66,83,17,0.17,0.11338867165148259
76,88,12,0.12,0.1784782688925043
62,81,19,0.19,0.11432749503292143
70,85,15,0.15,0.17411961331032216
74,87,13,0.13,0.17587692343629896
76,88,12,0.12,0.14385309527628123
84,92,8,0.08,0.14520222771447153
74,87,13,0.13,0.1433569642016664
66,83,17,0.17,0.1816613370948471
70,85,15,0.15,0.13672705470584334
76,88,12,0.12,0.14333346533589064
74,87,13,0.13,0.17995643335860223
64,82,18,0.18,0.17034890327136964
76,88,12,0.12,0.11247179415542632
82,91,9,0.09,0.1164988101972267
66,83,17,0.17,0.16957200659438967
76,88,12,0.12,0.1190113438363187
72,86,14,0.14,0.13281403022352606
66,83,17,0.17,0.19978813969064504
78,89,11,0.11,0.11955764501355588
78,89,11,0.11,0.1292649459419772
90,95,5,0.05,0.18820195974316448
80,90,10,0.1,0.1886029906803742
78,89,11,0.11,0.1369621047563851
84,92,8,0.08,0.16053618393372746
72,86,14,0.14,0.15139297651592643
78,89,11,0.11,0.18914560755714774
64,82,18,0.18,0.17079215275123716
78,89,11,0.11,0.16502973064780235
68,84,16,0.16,0.1704320063535124
76,88,12,0.12,0.20381821333197878
70,85,15,0.15,0.13075731014367192
68,84,16,0.16,0.12210364592261612
82,91,9,0.09,0.12771184818266193
84,92,8,0.08,0.13033897725865246
82,91,9,0.09,0.13369666930288077
68,84,16,0.16,0.14385769007261842
84,92,8,0.08,0.11410608392208815
90,95,5,0.05,0.20892871930031107
72,86,14,0.14,0.10463740892708301
72,86,14,0.14,0.14538712308974935
74,87,13,0.13,0.12084063320886344
88,94,6,0.06,0.16183942187344655
86,93,7,0.07,0.12521406704210677
64,82,18,0.18,0.12396669172216207
68,84,16,0.16,0.13869836589787155
80,90,10,0.1,0.08660575227579102
76,88,12,0.12,0.12909259068546816
78,89,11,0.11,0.09462770973332227
76,88,12,0.12,0.15773124393541366
78,89,11,0.11,0.13365534231066703
74,87,13,0.13,0.14581213416066022
80,90,10,0.1,0.183409762266092
70,85,15,0.15,0.10837951570283622
70,85,15,0.15,0.11553366578649729
72,86,14,0.14,0.14963733651442454
80,90,10,0.1,0.13202853132039308
54,77,23,0.23,0.13541132043115794
64,82,18,0.18,0.09279524421319366
72,86,14,0.14,0.12280322297941894
78,89,11,0.11,0.11694048548582942
72,86,14,0.14,0.1396992767229676
70,85,15,0.15,0.1377337315294426
66,83,17,0.17,0.09399523866130038
52,76,24,0.24,0.14677950545214116
66,83,17,0.17,0.15137164057698102
70,85,15,0.15,0.09449332969728858
66,83,17,0.17,0.11392008289229125
66,83,17,0.17,0.12851231632987037
72,86,14,0.14,0.09592946064192802
60,80,20,0.2,0.13668722365473512
76,88,12,0.12,0.13481424736091868
78,89,11,0.11,0.18665319263469426
56,78,22,0.22,0.06915495499037207
64,82,18,0.18,0.11609752682736144
70,85,15,0.15,0.17007140032947063
72,86,14,0.14,0.10051870663650334
88,94,6,0.06,0.10178425817284734
64,82,18,0.18,0.12826251332182437
70,85,15,0.15,0.11534228598698974
82,91,9,0.09,0.16103153224219569
78,89,11,0.11,0.13526262146420776
72,86,14,0.14,0.16143198854057117
78,89,11,0.11,0.11053910702816211
68,84,16,0.16,0.10549038425087928
86,93,7,0.07,0.10874408809933811
74,87,13,0.13,0.18937254163669423
68,84,16,0.16,0.17432461037300528
64,82,18,0.18,0.15820045121945442
70,85,15,0.15,0.1548203174979426
70,85,15,0.15,0.13881768052931875
86,93,7,0.07,0.17160454541444778
74,87,13,0.13,0.1649058771925047
82,91,9,0.09,0.2548914707265794
84,92,8,0.08,0.1082125281728804
76,88,12,0.12,0.15571014441084116
68,84,16,0.16,0.13324395562522112
70,85,15,0.15,0.14781030831858516
74,87,13,0.13,0.15902674243785442
66,83,17,0.17,0.0920097354450263
64,82,18,0.18,0.18346957119181753
84,92,8,0.08,0.1665181889059022
78,89,11,0.11,0.1866944721248001
66,83,17,0.17,0.1284511513542384
58,79,21,0.21,0.11737277501728385
60,80,20,0.2,0.17455754244700075
58,79,21,0.21,0.15632452484220266
76,88,12,0.12,0.1861294396966696
68,84,16,0.16,0.19881614712998272
70,85,15,0.15,0.18763624124927447
68,84,16,0.16,0.19473847026005386
58,79,21,0.21,0.18088854526169598
72,86,14,0.14,0.18806793102063238
56,78,22,0.22,0.1684662987012416
70,85,15,0.15,0.14028265325352549
76,88,12,0.12,0.11184546797070652
60,80,20,0.2,0.17261175075545906
66,83,17,0.17,0.14722040425986052
80,90,10,0.1,0.09791237741010264
78,89,11,0.11,0.13927230451721698
84,92,8,0.08,0.14381089944858105
74,87,13,0.13,0.1448537210561335
54,77,23,0.23,0.15289561638375745
76,88,12,0.12,0.16881557507440448
74,87,13,0.13,0.15601414986886084
70,85,15,0.15,0.2125394964357838
66,83,17,0.17,0.17697591980337166
54,77,23,0.23,0.12472319526830689
52,76,24,0.24,0.14590742234140636
70,85,15,0.15,0.201814480535686
62,81,19,0.19,0.1686362175643444
74,87,13,0.13,0.16363194002769887
84,92,8,0.08,0.1506349262036383
78,89,11,0.11,0.11205294721759856
72,86,14,0.14,0.14648487467784435
76,88,12,0.12,0.19754583921749144
64,82,18,0.18,0.19252381811384112
68,84,16,0.16,0.15739675315096974
70,85,15,0.15,0.13602099186740815
72,86,14,0.14,0.14712653189897537
66,83,17,0.17,0.19971702796407043
82,91,9,0.09,0.15017654308117925
78,89,11,0.11,0.17774415676482022
76,88,12,0.12,0.15009517090627925
74,87,13,0.13,0.08872562748612836
68,84,16,0.16,0.17692638086155058
82,91,9,0.09,0.13952610806212762
52,76,24,0.24,0.12167479456402361
54,77,23,0.23,0.10068335871212185
76,88,12,0.12,0.16175954863894731
80,90,10,0.1,0.1426053195516579
66,83,17,0.17,0.1801560029014945
60,80,20,0.2,0.155267183361575
74,87,13,0.13,0.17707195640774442
80,90,10,0.1,0.1460451220627874
62,81,19,0.19,0.1529679696029052
62,81,19,0.19,0.1247418184671551
60,80,20,0.2,0.2085975200450048
66,83,17,0.17,0.17921412453986704
72,86,14,0.14,0.19240895399358124
68,84,16,0.16,0.2042895364901051
78,89,11,0.11,0.1914433698868379
62,81,19,0.19,0.16212553434888832
94,97,3,0.03,0.17136379995383322
88,94,6,0.06,0.13034721666947008
76,88,12,0.12,0.16003155907150357
78,89,11,0.11,0.15482052528299392
74,87,13,0.13,0.14852911745198072
68,84,16,0.16,0.13285154521930964
74,87,13,0.13,0.12497955098748208
72,86,14,0.14,0.12925872570369393
70,85,15,0.15,0.15056178226601333
82,91,9,0.09,0.14770969912409782
74,87,13,0.13,0.1627218037005514
64,82,18,0.18,0.1386142317694612
76,88,12,0.12,0.15186321491375565
86,93,7,0.07,0.18254224744625389
62,81,19,0.19,0.12081541359890252
60,80,20,0.2,0.1351380691723898
66,83,17,0.17,0.16743255936075002
72,86,14,0.14,0.16172718317247928
74,87,13,0.13,0.17914831887930632
72,86,14,0.14,0.13039032814558596
78,89,11,0.11,0.13185048568993807
62,81,19,0.19,0.12618291379883886
46,73,27,0.27,0.19156637323088943
80,90,10,0.1,0.11761409662663937
70,85,15,0.15,0.1864317864878103
70,85,15,0.15,0.22235313745681196
52,76,24,0.24,0.16649416739121078
82,91,9,0.09,0.13388380930759014
80,90,10,0.1,0.11754704685416073
82,91,9,0.09,0.1861564180464484
68,84,16,0.16,0.1363309697760269
72,86,14,0.14,0.1368103686766699
78,89,11,0.11,0.11494484332855791
72,86,14,0.14,0.14476621384732424
62,81,19,0.19,0.18588601227849721
82,91,9,0.09,0.09562545131891965
72,86,14,0.14,0.20703696167562158
84,92,8,0.08,0.0995083313062787
66,83,17,0.17,0.1006069989525713
76,88,12,0.12,0.10648575717583299
74,87,13,0.13,0.13982053715502843
62,81,19,0.19,0.15683779292739927
90,95,5,0.05,0.0727522540744394
64,82,18,0.18,0.15110767163336278
76,88,12,0.12,0.15210110699292273
86,93,7,0.07,0.09794426074251533
72,86,14,0.14,0.1336782164342003
64,82,18,0.18,0.1627773820841685
78,89,11,0.11,0.09571102379471995
66,83,17,0.17,0.1353025552816689
76,88,12,0.12,0.15951317857950925
74,87,13,0.13,0.14157996750902385
78,89,11,0.11,0.09423456857854035
88,94,6,0.06,0.08036643312079832
78,89,11,0.11,0.1395338301290758
84,92,8,0.08,0.0893680064799264
78,89,11,0.11,0.13492065079975873
84,92,8,0.08,0.0841977810568642
86,93,7,0.07,0.12536853899015113
72,86,14,0.14,0.09907271988689899
72,86,14,0.14,0.16526377480942755
64,82,18,0.18,0.13159953518770634
80,90,10,0.1,0.10659080488607288
80,90,10,0.1,0.1259591446077684
70,85,15,0.15,0.1516651247651316
66,83,17,0.17,0.1165119682624936
70,85,15,0.15,0.18756931170471944
84,92,8,0.08,0.1398690300877206
60,80,20,0.2,0.1432102900472819
72,86,14,0.14,0.09251590498723089
86,93,7,0.07,0.13098751746292692
80,90,10,0.1,0.1450955801794771
78,89,11,0.11,0.10070384413003922
82,91,9,0.09,0.10368045955896378
66,83,17,0.17,0.13426367530133576
86,93,7,0.07,0.10995150947012007
70,85,15,0.15,0.12064795031677931
72,86,14,0.14,0.10567487104330212
70,85,15,0.15,0.10765572489093757
86,93,7,0.07,0.09066953550558537
62,81,19,0.19,0.10804271703120322
76,88,12,0.12,0.0939713131741155
62,81,19,0.19,0.16413343688007445
62,81,19,0.19,0.11426887358538806
88,94,6,0.06,0.15950080379610881
78,89,11,0.11,0.09512101046042516
50,75,25,0.25,0.12744770891964435
78,89,11,0.11,0.14464970202650876
70,85,15,0.15,0.1275731511239428
82,91,9,0.09,0.1047867584740743
74,87,13,0.13,0.1489322211034596
76,88,12,0.12,0.10853165830019862
80,90,10,0.1,0.1458412596723065
68,84,16,0.16,0.07359240350546316
64,82,18,0.18,0.13838492250593845
78,89,11,0.11,0.11667371921474114
80,90,10,0.1,0.10123916044132784
68,84,16,0.16,0.10468196921428899
80,90,10,0.1,0.13957808216684497
82,91,9,0.09,0.11208724043914117
60,80,20,0.2,0.10207632051897235
94,97,3,0.03,0.1061644637864083
92,96,4,0.04,0.1190085150836967
62,81,19,0.19,0.11345259643858299
72,86,14,0.14,0.15605087253963576
72,86,14,0.14,0.10249829938169569
74,87,13,0.13,0.10165253364946693
72,86,14,0.14,0.11280855486169457
76,88,12,0.12,0.1295137694198638
80,90,10,0.1,0.10346764234360308
68,84,16,0.16,0.14766095618717373
62,81,19,0.19,0.11966439232928679
58,79,21,0.21,0.16570507729426026
62,81,19,0.19,0.15582864831434562
60,80,20,0.2,0.13652731185313313
72,86,14,0.14,0.12959307965771585
72,86,14,0.14,0.15152970859548076
86,93,7,0.07,0.13085224729496986
60,80,20,0.2,0.15623975383583455
58,79,21,0.21,0.1362882629968226
74,87,13,0.13,0.13742530327057467
64,82,18,0.18,0.16460671301931143
80,90,10,0.1,0.11201607316266746
78,89,11,0.11,0.11868640484753996
84,92,8,0.08,0.12471633111359552
70,85,15,0.15,0.13709317624452524
66,83,17,0.17,0.12561990696005523
80,90,10,0.1,0.10833006041822955
64,82,18,0.18,0.13280873753828928
64,82,18,0.18,0.1178277311992133
70,85,15,0.15,0.12974382364656775
74,87,13,0.13,0.17766269646934232
92,96,4,0.04,0.11628483955282717
82,91,9,0.09,0.158105411301367
68,84,16,0.16,0.130116237483453
76,88,12,0.12,0.08646009056130424
74,87,13,0.13,0.16932395099196584
66,83,17,0.17,0.13671257723122834
76,88,12,0.12,0.15507944711484015
68,84,16,0.16,0.1618704655393958
78,89,11,0.11,0.07566289340844377
74,87,13,0.13,0.11298109928146005
82,91,9,0.09,0.16042977724806406
78,89,11,0.11,0.10443324089050293
60,80,20,0.2,0.13522844191640615
82,91,9,0.09,0.13830272282939404
48,74,26,0.26,0.14955878156935795
72,86,14,0.14,0.15471394000109284
82,91,9,0.09,0.15591945237945765
74,87,13,0.13,0.12427143551874906
58,79,21,0.21,0.18168220330495388
60,80,20,0.2,0.15471268684137612
70,85,15,0.15,0.12537415240658448
78,89,11,0.11,0.10003511039423757
56,78,22,0.22,0.14629331500735135
92,96,4,0.04,0.13367110633291304
74,87,13,0.13,0.17755030651111156
64,82,18,0.18,0.13285329907899723
58,79,21,0.21,0.13854434594977647
82,91,9,0.09,0.08143044946482406
70,85,15,0.15,0.12257297082571313
62,81,19,0.19,0.12440951536409557
86,93,7,0.07,0.10407591441296972
78,89,11,0.11,0.14470304128713907
64,82,18,0.18,0.10198615344939753
52,76,24,0.24,0.1136672889906913
72,86,14,0.14,0.09719721235800534
82,91,9,0.09,0.08963838957482949
76,88,12,0.12,0.1792090617294889
76,88,12,0.12,0.1445388936297968
54,77,23,0.23,0.15273567924741654
84,92,8,0.08,0.11355956485494971
82,91,9,0.09,0.10744468207471072
66,83,17,0.17,0.12394255964900366
66,83,17,0.17,0.12219938508002087
82,91,9,0.09,0.14300010960549117
86,93,7,0.07,0.07499612275802064
76,88,12,0.12,0.10198892099782825
84,92,8,0.08,0.1555139821348712
72,86,14,0.14,0.12677509613335133
70,85,15,0.15,0.10008860505069606
76,88,12,0.12,0.12862908693088684
76,88,12,0.12,0.17510866780299694
72,86,14,0.14,0.1476639754953794
74,87,13,0.13,0.06619996934663504
74,87,13,0.13,0.14107022868702188
72,86,14,0.14,0.08314287854824215
74,87,13,0.13,0.12557290963246487
80,90,10,0.1,0.13505875339964404
76,88,12,0.12,0.16526323126628994
72,86,14,0.14,0.17655072911758907
66,83,17,0.17,0.149983805376105
74,87,13,0.13,0.15103802333585917
58,79,21,0.21,0.11897310353815556
80,90,10,0.1,0.1868560485483613
68,84,16,0.16,0.1545454997755587
82,91,9,0.09,0.1395999318594113
64,82,18,0.18,0.12116788091603667
74,87,13,0.13,0.18463479654397816
70,85,15,0.15,0.13509365268750118
72,86,14,0.14,0.12524352207779885
62,81,19,0.19,0.13638073297450318
76,88,12,0.12,0.11252495938912034
76,88,12,0.12,0.09409783131675795
76,88,12,0.12,0.13210646432009526
64,82,18,0.18,0.1840638435166329
78,89,11,0.11,0.09313868411816656
72,86,14,0.14,0.08041730210883542
80,90,10,0.1,0.1720931706018746
80,90,10,0.1,0.09145649326732382
72,86,14,0.14,0.13558833090821282
84,92,8,0.08,0.10538181085139513
68,84,16,0.16,0.10904901924077422
72,86,14,0.14,0.12866740933153778
92,96,4,0.04,0.11714380588382482
72,86,14,0.14,0.14071055502165108
72,86,14,0.14,0.07577714426908642
74,87,13,0.13,0.11573965215589851
74,87,13,0.13,0.08260216373484582
68,84,16,0.16,0.11595250273589044
80,90,10,0.1,0.06359534432762302
80,90,10,0.1,0.0983082458563149
74,87,13,0.13,0.1371978120552376
68,84,16,0.16,0.12079749148804694
70,85,15,0.15,0.08578599906875752
74,87,13,0.13,0.1079190060379915
70,85,15,0.15,0.1276219380553812
72,86,14,0.14,0.08406060941517353
76,88,12,0.12,0.12608353189134505
66,83,17,0.17,0.09050165449036285
70,85,15,0.15,0.08286965028266423
64,82,18,0.18,0.09333260440500453
78,89,11,0.11,0.10609427527990192
64,82,18,0.18,0.11153008107095957
82,91,9,0.09,0.08847638809063937
74,87,13,0.13,0.12663528315955774
82,91,9,0.09,0.0937835360178724
78,89,11,0.11,0.0925676142773591
90,95,5,0.05,0.11907130375038832
84,92,8,0.08,0.11873680625110865
50,75,25,0.25,0.1147882434539497
64,82,18,0.18,0.09984656402142718
72,86,14,0.14,0.123362498995848
86,93,7,0.07,0.10816030673915521
76,88,12,0.12,0.17038269385928287
76,88,12,0.12,0.13886048793094233
70,85,15,0.15,0.11142345380270853
82,91,9,0.09,0.14046692815143616
78,89,11,0.11,0.12559571525722277
72,86,14,0.14,0.0714703912078403
76,88,12,0.12,0.10944550779182464
90,95,5,0.05,0.11600900979014113
74,87,13,0.13,0.11807338842656463
86,93,7,0.07,0.13204063032055274
76,88,12,0.12,0.1730982195865363
68,84,16,0.16,0.163560330029577
52,76,24,0.24,0.15055313577177004
58,79,21,0.21,0.09255782179068774
64,82,18,0.18,0.13222270502708852
76,88,12,0.12,0.16232171480776741
68,84,16,0.16,0.09471993834129534
66,83,17,0.17,0.11453212113119662
66,83,17,0.17,0.10111687020864338
78,89,11,0.11,0.11645818934310227
64,82,18,0.18,0.07940366705413908
90,95,5,0.05,0.11813623392954468
62,81,19,0.19,0.14162812381051482
76,88,12,0.12,0.1192772661577328
62,81,19,0.19,0.15694129877723753
86,93,7,0.07,0.0980565320304595
76,88,12,0.12,0.14605508403852582
64,82,18,0.18,0.12273163358680904
62,81,19,0.19,0.1466530127916485
76,88,12,0.12,0.13758553287480027
82,91,9,0.09,0.09974489849759266
78,89,11,0.11,0.12141370516968891
72,86,14,0.14,0.12163015895988792
82,91,9,0.09,0.1492741833254695
76,88,12,0.12,0.13511319063603877
86,93,7,0.07,0.1380807833513245
80,90,10,0.1,0.147172583299689
82,91,9,0.09,0.12727842330699787
82,91,9,0.09,0.17781444194726645
84,92,8,0.08,0.14649564819410443
80,90,10,0.1,0.09198184659704566
88,94,6,0.06,0.09764333752216771
70,85,15,0.15,0.12952032612171024
72,86,14,0.14,0.10029710734263063
66,83,17,0.17,0.13342567320447415
78,89,11,0.11,0.15187187144882044
70,85,15,0.15,0.12563501532655208
70,85,15,0.15,0.10484077687026001
82,91,9,0.09,0.11510864039417357
62,81,19,0.19,0.12075869651976973
64,82,18,0.18,0.17552928745746613
74,87,13,0.13,0.1601958589628339
82,91,9,0.09,0.10992014906136319
76,88,12,0.12,0.12265568765811623
78,89,11,0.11,0.12434943900443614
82,91,9,0.09,0.14543109810445456
82,91,9,0.09,0.0879222914739512
94,97,3,0.03,0.14442776476265862
76,88,12,0.12,0.1618197192531079
84,92,8,0.08,0.17615867198910565
68,84,16,0.16,0.08186553741339594
84,92,8,0.08,0.10336880474817008
72,86,14,0.14,0.1288207474682713
72,86,14,0.14,0.10832565770018845
68,84,16,0.16,0.17227571515366435
78,89,11,0.11,0.12764926632866264
68,84,16,0.16,0.10689118307083845
78,89,11,0.11,0.16312796553596853
82,91,9,0.09,0.150652918824926
82,91,9,0.09,0.11923693627642934
70,85,15,0.15,0.16556245674612
66,83,17,0.17,0.1002936612535268
86,93,7,0.07,0.09762167841894552
64,82,18,0.18,0.10971863583428786
78,89,11,0.11,0.15360329525050476
64,82,18,0.18,0.1438922922103666
78,89,11,0.11,0.1502403340837918
94,97,3,0.03,0.13912427600240335
64,82,18,0.18,0.10756053687422536
64,82,18,0.18,0.11680142415105366
68,84,16,0.16,0.11601261660456658
76,88,12,0.12,0.15321623655036093
88,94,6,0.06,0.13337427879392635
78,89,11,0.11,0.1219068986363709
72,86,14,0.14,0.16600822053384034
62,81,19,0.19,0.1214986369665712
74,87,13,0.13,0.12331436483655125
58,79,21,0.21,0.153318013146054
66,83,17,0.17,0.16006009883247316
68,84,16,0.16,0.11711079491768032
78,89,11,0.11,0.15186037380015477
62,81,19,0.19,0.10744632931426168
62,81,19,0.19,0.1553298955084756
72,86,14,0.14,0.08140466996264877
78,89,11,0.11,0.10797332760412245
72,86,14,0.14,0.14112536319997163
58,79,21,0.21,0.12961290331557393
68,84,16,0.16,0.15559623696724884
72,86,14,0.14,0.11803376551601104
72,86,14,0.14,0.1027786417864263
70,85,15,0.15,0.14879642264219
68,84,16,0.16,0.15600238657090812
86,93,7,0.07,0.11724818978458643
74,87,13,0.13,0.1416185492047225
78,89,11,0.11,0.09922955807996914
58,79,21,0.21,0.1268008706625551
86,93,7,0.07,0.1096324595308397
86,93,7,0.07,0.12863173874095082
72,86,14,0.14,0.12913788783131167
74,87,13,0.13,0.12281079487176612
80,90,10,0.1,0.09713014228735119
82,91,9,0.09,0.12723645488265903
76,88,12,0.12,0.20121793809812516
78,89,11,0.11,0.07241755502764136
64,82,18,0.18,0.1270895872078836
66,83,17,0.17,0.07111323989840457
68,84,16,0.16,0.11140675382688642
74,87,13,0.13,0.12427521928679199
70,85,15,0.15,0.09657476693158969
74,87,13,0.13,0.1512482426315546
82,91,9,0.09,0.13139117183862253
80,90,10,0.1,0.12808132339268924
68,84,16,0.16,0.11022536423290148
76,88,12,0.12,0.13156985061243176
68,84,16,0.16,0.12085247044917197
68,84,16,0.16,0.14667629680363461
76,88,12,0.12,0.1428988560382277
68,84,16,0.16,0.11261039335746319
68,84,16,0.16,0.1520728493761271
72,86,14,0.14,0.18095102386199868
84,92,8,0.08,0.17096489233721512
66,83,17,0.17,0.10904441605089232
80,90,10,0.1,0.1663052003388293
74,87,13,0.13,0.11914787954185158
60,80,20,0.2,0.14850691349070985
66,83,17,0.17,0.1312690991559066
76,88,12,0.12,0.11589924992993474
74,87,13,0.13,0.13167004366405308
74,87,13,0.13,0.14250663568498567
68,84,16,0.16,0.09365244068292668
64,82,18,0.18,0.1247101611411199
74,87,13,0.13,0.11178367633372545
68,84,16,0.16,0.1356458249455318
56,78,22,0.22,0.08915078810183331
88,94,6,0.06,0.11843211050145327
76,88,12,0.12,0.09244159552385099
78,89,11,0.11,0.11956622472498565
64,82,18,0.18,0.12799814311787486
74,87,13,0.13,0.057741333607118576
70,85,15,0.15,0.1428174856537953
84,92,8,0.08,0.12753684273688123
72,86,14,0.14,0.12338535412680357
60,80,20,0.2,0.12021227300167084
62,81,19,0.19,0.06980854964349419
64,82,18,0.18,0.14306130374781786
76,88,12,0.12,0.0929628264089115
68,84,16,0.16,0.09822246258263476
70,85,15,0.15,0.1467579041328281
74,87,13,0.13,0.10593725074548274
78,89,11,0.11,0.1048820117674768
68,84,16,0.16,0.16124729172326624
62,81,19,0.19,0.07931852790294215
80,90,10,0.1,0.10734405010400223
58,79,21,0.21,0.12034900262253359
60,80,20,0.2,0.09483789684716612
60,80,20,0.2,0.09807700110832229
74,87,13,0.13,0.11820851233322173
66,83,17,0.17,0.11741806655190885
70,85,15,0.15,0.11007292374037206
76,88,12,0.12,0.1196968558523804
68,84,16,0.16,0.1056225037225522
60,80,20,0.2,0.14264325766591354
82,91,9,0.09,0.13061170579865575
82,91,9,0.09,0.08382516353623942
84,92,8,0.08,0.11907997059985063
78,89,11,0.11,0.10613854126771911
78,89,11,0.11,0.13283980881329627
74,87,13,0.13,0.10658433645963669
76,88,12,0.12,0.13992260255618022
68,84,16,0.16,0.09666485016234219
72,86,14,0.14,0.08809234198648483
82,91,9,0.09,0.13403624243102968
64,82,18,0.18,0.10592853834386914
72,86,14,0.14,0.1413246302260086
74,87,13,0.13,0.12567594838968943
92,96,4,0.04,0.150119038997218
76,88,12,0.12,0.1451312331506051
80,90,10,0.1,0.1202347249723971
76,88,12,0.12,0.1541943991743028
82,91,9,0.09,0.07654573790961877
76,88,12,0.12,0.16200141244800761
78,89,11,0.11,0.10325043750635814
62,81,19,0.19,0.13990893313661218
66,83,17,0.17,0.09976452134607826
66,83,17,0.17,0.11892734775319695
68,84,16,0.16,0.12874862220371142
80,90,10,0.1,0.1383844224049244
74,87,13,0.13,0.08358853568788618
56,78,22,0.22,0.14754343342967333
68,84,16,0.16,0.13412822526646778
90,95,5,0.05,0.15582575533073395
88,94,6,0.06,0.09163213917287066
72,86,14,0.14,0.1220628790964838
78,89,11,0.11,0.1523562069819309
86,93,7,0.07,0.1367165933875367
84,92,8,0.08,0.14693451748928055
68,84,16,0.16,0.0837147201562766
72,86,14,0.14,0.10791564660379663
90,95,5,0.05,0.10659176461034804
84,92,8,0.08,0.11216647032299079
80,90,10,0.1,0.07271409098990261
82,91,9,0.09,0.1045202943426557
70,85,15,0.15,0.13330615539918653
70,85,15,0.15,0.11367790406220593
78,89,11,0.11,0.10023591288132593
74,87,13,0.13,0.08293636876158417
60,80,20,0.2,0.11487758624833078
48,74,26,0.26,0.12372111566481181
82,91,9,0.09,0.12071845619939267
62,81,19,0.19,0.0991554773855023
80,90,10,0.1,0.14689144572068472
72,86,14,0.14,0.09770002701319754
70,85,15,0.15,0.069491784874117
62,81,19,0.19,0.0674559184606187
74,87,13,0.13,0.11969569369684904
74,87,13,0.13,0.0638401974143926
80,90,10,0.1,0.09394569220108678
66,83,17,0.17,0.10907774660270661
68,84,16,0.16,0.0995425384741975
94,97,3,0.03,0.09277306457050144
78,89,11,0.11,0.06984714302467182
82,91,9,0.09,0.10319142452441156
72,86,14,0.14,0.13792286328272893
84,92,8,0.08,0.09044297717045993
84,92,8,0.08,0.0926880338205956
74,87,13,0.13,0.09421872573322616
62,81,19,0.19,0.15004014629870654
72,86,14,0.14,0.05272034381865524
82,91,9,0.09,0.10863531414186582
76,88,12,0.12,0.08865199284860864
80,90,10,0.1,0.12636061791097744
44,72,28,0.28,0.10778442827053368
86,93,7,0.07,0.10063462251797319
66,83,17,0.17,0.16454280968522653
68,84,16,0.16,0.09821445290523116
78,89,11,0.11,0.07037277658237144
80,90,10,0.1,0.09910315064131282
80,90,10,0.1,0.07491363320841629
62,81,19,0.19,0.0725683877558913
76,88,12,0.12,0.06539974996470846
84,92,8,0.08,0.10215806609368883
50,75,25,0.25,0.07078254351625218
74,87,13,0.13,0.08543092258973047
72,86,14,0.14,0.1226941808743868
56,78,22,0.22,0.10270168897695839
68,84,16,0.16,0.08710259627667255
66,83,17,0.17,0.07878512256778776
80,90,10,0.1,0.06155767749660299
80,90,10,0.1,0.10392304621753283
62,81,19,0.19,0.0730080760922283
68,84,16,0.16,0.09098702034942108
80,90,10,0.1,0.0947961944853887
60,80,20,0.2,0.08220508371014149
72,86,14,0.14,0.10433448374504223
48,74,26,0.26,0.10956835307879373
54,77,23,0.23,0.09656036822823807
82,91,9,0.09,0.1115474177210126
86,93,7,0.07,0.0649084908911027
74,87,13,0.13,0.12248488282202744
74,87,13,0.13,0.14516301344614477
70,85,15,0.15,0.06448795354692266
72,86,14,0.14,0.12977039788267575
80,90,10,0.1,0.07484598108567297
72,86,14,0.14,0.10322954429313541
64,82,18,0.18,0.12755567937434534
74,87,13,0.13,0.06954101937706582
52,76,24,0.24,0.0961725502833724
80,90,10,0.1,0.0987283209466841
82,91,9,0.09,0.0999632707820274
86,93,7,0.07,0.0938412880396936
68,84,16,0.16,0.12335875805816614
74,87,13,0.13,0.08122818513889797
84,92,8,0.08,0.09341083951061592
64,82,18,0.18,0.12343124427599833
74,87,13,0.13,0.11098993481020443
82,91,9,0.09,0.06741962642408908
84,92,8,0.08,0.09551801386405714
72,86,14,0.14,0.11255714860744774
68,84,16,0.16,0.14124995145481078
74,87,13,0.13,0.09640098894597031
78,89,11,0.11,0.10233047789894044
82,91,9,0.09,0.07200726729352028
92,96,4,0.04,0.10307513825595378
62,81,19,0.19,0.11225214230827987
76,88,12,0.12,0.11248889664420858
84,92,8,0.08,0.09108000984648243
74,87,13,0.13,0.0923962311190553
78,89,11,0.11,0.09888453202322126
72,86,14,0.14,0.11566709398292005
76,88,12,0.12,0.11787357262684964
62,81,19,0.19,0.1303900457220152
76,88,12,0.12,0.08736357136396691
66,83,17,0.17,0.11593503724550829
64,82,18,0.18,0.096719944026554
76,88,12,0.12,0.12992646175436676
78,89,11,0.11,0.0769060513889417
80,90,10,0.1,0.10678735496709123
84,92,8,0.08,0.09115244760061614
82,91,9,0.09,0.08834838228620356
80,90,10,0.1,0.07383835534186801
90,95,5,0.05,0.08361448642215691
74,87,13,0.13,0.07484683311777189
78,89,11,0.11,0.08401115871034563
84,92,8,0.08,0.06824541551992297
80,90,10,0.1,0.13084206903586165
84,92,8,0.08,0.0750519567268202
80,90,10,0.1,0.057427443106425925
70,85,15,0.15,0.08355824877973646
64,82,18,0.18,0.11541836962918751
86,93,7,0.07,0.08241453947906847
74,87,13,0.13,0.10997412898112088
80,90,10,0.1,0.08843168635416078
66,83,17,0.17,0.06272685450036079
66,83,17,0.17,0.08981498310575262
72,86,14,0.14,0.1093079568783287
80,90,10,0.1,0.1023074990697205
82,91,9,0.09,0.059973922487115486
72,86,14,0.14,0.07457994058728218
80,90,10,0.1,0.0793140937469434
78,89,11,0.11,0.0678014883887954
84,92,8,0.08,0.09863994478713721
76,88,12,0.12,0.07459473691647872
78,89,11,0.11,0.15947335817851127
84,92,8,0.08,0.04866414575371891
66,83,17,0.17,0.07750580566935242
64,82,18,0.18,0.08792572102043777
78,89,11,0.11,0.1065189678320894
82,91,9,0.09,0.08401393264066429
70,85,15,0.15,0.11968695833580568
70,85,15,0.15,0.1113793803419685
80,90,10,0.1,0.1116174599097576
70,85,15,0.15,0.0914509410993196
80,90,10,0.1,0.10867421215982176
72,86,14,0.14,0.11921969180257293
84,92,8,0.08,0.08686264845833648
76,88,12,0.12,0.10026969697675668
68,84,16,0.16,0.053565497439849424
88,94,6,0.06,0.08680790329584852
78,89,11,0.11,0.09754297002451494
72,86,14,0.14,0.09507917263836134
74,87,13,0.13,0.09939819789258764
72,86,14,0.14,0.09334148884518072
64,82,18,0.18,0.08641190228750929
78,89,11,0.11,0.09456019895151258
68,84,16,0.16,0.08078270144411363
58,79,21,0.21,0.083893991636578
76,88,12,0.12,0.10668070638261269
80,90,10,0.1,0.07586238041636534
82,91,9,0.09,0.1453619644662831
60,80,20,0.2,0.11303799221524968
72,86,14,0.14,0.09503838000702672
76,88,12,0.12,0.10288775060325861
78,89,11,0.11,0.12625303467939375
82,91,9,0.09,0.11671463001286611
64,82,18,0.18,0.14972384549677373
76,88,12,0.12,0.09235128449043259
72,86,14,0.14,0.08160669643548317
80,90,10,0.1,0.08252663596067578
88,94,6,0.06,0.054808155624195935
68,84,16,0.16,0.07166477819904685
64,82,18,0.18,0.09995195644325577
78,89,11,0.11,0.10485230207908898
76,88,12,0.12,0.07758140378631652
72,86,14,0.14,0.07694259554846213
84,92,8,0.08,0.06941384363686666
62,81,19,0.19,0.1260154633433558
66,83,17,0.17,0.08843782813055441
80,90,10,0.1,0.0681193389953114
76,88,12,0.12,0.1268601230229251
70,85,15,0.15,0.11159945319639519
68,84,16,0.16,0.09939603853039443
72,86,14,0.14,0.08254794953973033
78,89,11,0.11,0.10279012049082667
86,93,7,0.07,0.0904421752782946
68,84,16,0.16,0.099564518063562
80,90,10,0.1,0.10233294148056302
70,85,15,0.15,0.08236300831849803
78,89,11,0.11,0.08735367578512523
84,92,8,0.08,0.06544349674019032
62,81,19,0.19,0.10658215317409486
66,83,17,0.17,0.14179994410602376
84,92,8,0.08,0.08910765866050496
68,84,16,0.16,0.1056278068482061
68,84,16,0.16,0.10417712624766864
76,88,12,0.12,0.11495881943264977
70,85,15,0.15,0.10204204470152035
72,86,14,0.14,0.14293534244876355
58,79,21,0.21,0.1537964090076275
84,92,8,0.08,0.09496606770611833
78,89,11,0.11,0.10893860030686482
74,87,13,0.13,0.126234322526725
76,88,12,0.12,0.12085828090785071
74,87,13,0.13,0.09569687229115516
68,84,16,0.16,0.0881758403754793
70,85,15,0.15,0.0852173157793004
86,93,7,0.07,0.09369092196924612
80,90,10,0.1,0.12131076270947233
78,89,11,0.11,0.08000089741311968
76,88,12,0.12,0.13100736407737712
70,85,15,0.15,0.1130922316852957
78,89,11,0.11,0.1048037906049285
58,79,21,0.21,0.09681945657357574
96,98,2,0.02,0.0928793260967359
74,87,13,0.13,0.09218067384790629
80,90,10,0.1,0.07403627338586376
74,87,13,0.13,0.1174265240621753
58,79,21,0.21,0.10874855544650927
80,90,10,0.1,0.08140756627573864
70,85,15,0.15,0.08568215036881156
84,92,8,0.08,0.09597660561092197
44,72,28,0.28,0.1177610912779346
88,94,6,0.06,0.10012914261547849
76,88,12,0.12,0.07681332360953093
50,75,25,0.25,0.1133004227373749
88,94,6,0.06,0.09642947813495993
88,94,6,0.06,0.11114074002951384
60,80,20,0.2,0.09809343750966945
72,86,14,0.14,0.09963205953594297
72,86,14,0.14,0.13303956859279423
70,85,15,0.15,0.09256365300621837
78,89,11,0.11,0.0922031876211986
72,86,14,0.14,0.08653961536008864
82,91,9,0.09,0.10685485100955702
58,79,21,0.21,0.0952395279193297
56,78,22,0.22,0.12949158281087875
80,90,10,0.1,0.09892561268003192
66,83,17,0.17,0.11201909709954634
70,85,15,0.15,0.15600366928614676
62,81,19,0.19,0.0831145517877303
82,91,9,0.09,0.1291946773370728
72,86,14,0.14,0.08321029343409464
74,87,13,0.13,0.082288975546835
68,84,16,0.16,0.06792101984843611
68,84,16,0.16,0.09756705774925649
72,86,14,0.14,0.11920844368403777
60,80,20,0.2,0.10956611047964543
66,83,17,0.17,0.08602766557713039
80,90,10,0.1,0.16692683305591344
76,88,12,0.12,0.11446844852762297
70,85,15,0.15,0.11658818748459453
62,81,19,0.19,0.18904742681421338
62,81,19,0.19,0.10569398040592205
76,88,12,0.12,0.11677468514069915
64,82,18,0.18,0.14911568301249645
68,84,16,0.16,0.10846316433278844
86,93,7,0.07,0.10762694906443357
78,89,11,0.11,0.11173192505026236
78,89,11,0.11,0.15468970556976275
78,89,11,0.11,0.1368294924357906
78,89,11,0.11,0.10924053768685553
76,88,12,0.12,0.1130781350878533
80,90,10,0.1,0.11371448470512405
72,86,14,0.14,0.12773699878249317
64,82,18,0.18,0.16341513675171881
68,84,16,0.16,0.12471077773720025
80,90,10,0.1,0.13238959802896716
88,94,6,0.06,0.10117176260333509
72,86,14,0.14,0.13944102983456105
70,85,15,0.15,0.11718829853227362
72,86,14,0.14,0.0843056944059208
76,88,12,0.12,0.10874953719554468
72,86,14,0.14,0.11418533983640372
66,83,17,0.17,0.14043703656992876
64,82,18,0.18,0.14106469824677334
80,90,10,0.1,0.09375802841386757
74,87,13,0.13,0.09819773389957845
62,81,19,0.19,0.13385861732065676
72,86,14,0.14,0.05887004114367301
64,82,18,0.18,0.12622734241187572
60,80,20,0.2,0.12888792987563646
74,87,13,0.13,0.07561844256008043
62,81,19,0.19,0.13845137905096636
64,82,18,0.18,0.11572534296195953
68,84,16,0.16,0.19298171053174884
88,94,6,0.06,0.09865629842272028
66,83,17,0.17,0.08904756222851574
80,90,10,0.1,0.10248017904581502
62,81,19,0.19,0.12447399361757562
66,83,17,0.17,0.10476993799209594
86,93,7,0.07,0.08322235746541992
80,90,10,0.1,0.10903043513302692
76,88,12,0.12,0.1385921458993107
48,74,26,0.26,0.1873846319457516
82,91,9,0.09,0.0846043467381969
70,85,15,0.15,0.13194833359681069
64,82,18,0.18,0.09408386260503904
58,79,21,0.21,0.09962892014882527
82,91,9,0.09,0.07614948467584327
80,90,10,0.1,0.08303377280011773
70,85,15,0.15,0.14146955212578177
82,91,9,0.09,0.13295406454708428
66,83,17,0.17,0.08625462254276499
74,87,13,0.13,0.11214121232507751
78,89,11,0.11,0.1425495499605313
70,85,15,0.15,0.10819233564427122
56,78,22,0.22,0.09801316995071829
70,85,15,0.15,0.0963699778681621
90,95,5,0.05,0.10829681251081638
70,85,15,0.15,0.1459036947088316
38,69,31,0.31,0.1279168220993597
84,92,8,0.08,0.11098477502819151
74,87,13,0.13,0.13481096779927612
78,89,11,0.11,0.09711735447635875
70,85,15,0.15,0.14738309926353396
88,94,6,0.06,0.10163516756379977
76,88,12,0.12,0.0984709384269081
66,83,17,0.17,0.10548468884662725
64,82,18,0.18,0.14091190798906608
78,89,11,0.11,0.10113829867215827
56,78,22,0.22,0.0807094937376678
82,91,9,0.09,0.11271458176430314
86,93,7,0.07,0.1016544485092163
68,84,16,0.16,0.13759168154094367
70,85,15,0.15,0.1055773959448561
56,78,22,0.22,0.1057150818919763
84,92,8,0.08,0.12025684196152725
82,91,9,0.09,0.11774157688720152
74,87,13,0.13,0.1703733294410631
82,91,9,0.09,0.16400222952011972
76,88,12,0.12,0.13741427133791148
74,87,13,0.13,0.11529797350522131
80,90,10,0.1,0.10529032645863481
80,90,10,0.1,0.11817460032529198
66,83,17,0.17,0.1583590462768916
80,90,10,0.1,0.12860782076139002
80,90,10,0.1,0.15461996657773852
78,89,11,0.11,0.11216371182352304
62,81,19,0.19,0.11239630259107798
66,83,17,0.17,0.09953569260891527
76,88,12,0.12,0.18052542813355102
74,87,13,0.13,0.12745659616077318
66,83,17,0.17,0.14230718341423199
80,90,10,0.1,0.13446219485718758
70,85,15,0.15,0.13482592800166457
78,89,11,0.11,0.13468136602663436
60,80,20,0.2,0.12591018712962979
74,87,13,0.13,0.11406563367927447
84,92,8,0.08,0.12069862586678937
76,88,12,0.12,0.11689945176476613
74,87,13,0.13,0.11175366399576887
72,86,14,0.14,0.1132714616227895
76,88,12,0.12,0.11754236354725435
82,91,9,0.09,0.12068739959504456
72,86,14,0.14,0.10415950749884359
78,89,11,0.11,0.10250322370324284
78,89,11,0.11,0.12081069645937532
62,81,19,0.19,0.1205882388819009
86,93,7,0.07,0.0653610079200007
78,89,11,0.11,0.1116461924277246
82,91,9,0.09,0.15154126305831597
82,91,9,0.09,0.10367474677972495
76,88,12,0.12,0.11534947461914272
78,89,11,0.11,0.1006433027354069
78,89,11,0.11,0.090237701672595
92,96,4,0.04,0.07695823832094902
82,91,9,0.09,0.11027270503982436
90,95,5,0.05,0.12816772009944544
68,84,16,0.16,0.07757431769394316
82,91,9,0.09,0.09341985369770554
68,84,16,0.16,0.12804755018325523
70,85,15,0.15,0.08174673406407237
78,89,11,0.11,0.12166556760668755
82,91,9,0.09,0.0850760197773343
70,85,15,0.15,0.10066881884413306
80,90,10,0.1,0.07170867600943893
66,83,17,0.17,0.0761191981320735
70,85,15,0.15,0.11094812874216586
84,92,8,0.08,0.1159840450109914
74,87,13,0.13,0.11019372805312741
62,81,19,0.19,0.1855546807486098
70,85,15,0.15,0.11789614405715838
72,86,14,0.14,0.08148093007737771
68,84,16,0.16,0.10272104767296696
74,87,13,0.13,0.12884202787652613
80,90,10,0.1,0.10092059813905507
76,88,12,0.12,0.06630779756116681
78,89,11,0.11,0.0863993268716149
58,79,21,0.21,0.16092705127084628
74,87,13,0.13,0.06690681744599715
68,84,16,0.16,0.14902436085510998
86,93,7,0.07,0.07493204814614728
64,82,18,0.18,0.0939058614813257
72,86,14,0.14,0.12210382454097271
66,83,17,0.17,0.09419256096356549
62,81,19,0.19,0.12335892935050652
92,96,4,0.04,0.1037405921111349
70,85,15,0.15,0.19128554914379492
78,89,11,0.11,0.1312877981318161
74,87,13,0.13,0.11440826862119138
80,90,10,0.1,0.0768906264496036
66,83,17,0.17,0.13280254392884672
78,89,11,0.11,0.12469063468975947
76,88,12,0.12,0.10053143207682297
72,86,14,0.14,0.09446256061666645
74,87,13,0.13,0.18320295418263413
72,86,14,0.14,0.08694791762041859
86,93,7,0.07,0.09467293894384056
88,94,6,0.06,0.0797188305243617
78,89,11,0.11,0.10048660858068616
78,89,11,0.11,0.08947549543576315
66,83,17,0.17,0.07552410717122257
58,79,21,0.21,0.12712507232790812
64,82,18,0.18,0.1456656173837837
76,88,12,0.12,0.10750487690092995
68,84,16,0.16,0.10911095717921854
80,90,10,0.1,0.08632528653834015
76,88,12,0.12,0.15465126131428406
80,90,10,0.1,0.08072398477699608
76,88,12,0.12,0.10211932446458377
72,86,14,0.14,0.08573254444345366
86,93,7,0.07,0.1390269880834967
74,87,13,0.13,0.09101134031545371
84,92,8,0.08,0.09653578655328601
68,84,16,0.16,0.10005513664102182
76,88,12,0.12,0.10181581851036753
74,87,13,0.13,0.06988040017546154
74,87,13,0.13,0.11413332651834934
84,92,8,0.08,0.11305608991533518
84,92,8,0.08,0.0700298051838763
66,83,17,0.17,0.10671989008784294
74,87,13,0.13,0.09148441866389476
58,79,21,0.21,0.1390206963021774
80,90,10,0.1,0.12925328908488154
66,83,17,0.17,0.09653258747886867
72,86,14,0.14,0.15056859648320825
66,83,17,0.17,0.09886488877236843
70,85,15,0.15,0.11367787526687607
76,88,12,0.12,0.09961236420902424
70,85,15,0.15,0.1224937935709022
84,92,8,0.08,0.09273568050237373
74,87,13,0.13,0.10302053961044294
68,84,16,0.16,0.10586766024585813
60,80,20,0.2,0.11449781011324375
78,89,11,0.11,0.08589679482858628
74,87,13,0.13,0.11433012980036437
66,83,17,0.17,0.10286846530158072
78,89,11,0.11,0.11916059363633394
72,86,14,0.14,0.11793041548458859
76,88,12,0.12,0.09371154292719439
64,82,18,0.18,0.158646813321393
78,89,11,0.11,0.0982647339720279
72,86,14,0.14,0.1402410554967355
68,84,16,0.16,0.09884110806975514
62,81,19,0.19,0.121782050691545
82,91,9,0.09,0.13505996367137413
66,83,17,0.17,0.13992568518966436
76,88,12,0.12,0.09521703955542762
56,78,22,0.22,0.11900161401368678
64,82,18,0.18,0.11791833097115159
80,90,10,0.1,0.07313295582309365
90,95,5,0.05,0.054715301528340206
72,86,14,0.14,0.1317152895615436
76,88,12,0.12,0.14672255398705603
88,94,6,0.06,0.12639806698309258
54,77,23,0.23,0.0829292775131762
54,77,23,0.23,0.11395071728620679
64,82,18,0.18,0.18526859573787077
78,89,11,0.11,0.1289313981216401
72,86,14,0.14,0.07645929383579642
84,92,8,0.08,0.13891261917771772
80,90,10,0.1,0.11503634804510511
76,88,12,0.12,0.10373207855038345
60,80,20,0.2,0.06730729669798166
80,90,10,0.1,0.17482413250836543
78,89,11,0.11,0.16912009025458247
86,93,7,0.07,0.07476664373883977
76,88,12,0.12,0.09879159064264968
70,85,15,0.15,0.12522884588688613
68,84,16,0.16,0.18589028507936745
84,92,8,0.08,0.10787072008533868
70,85,15,0.15,0.13218196840025484
70,85,15,0.15,0.13261045945808292
76,88,12,0.12,0.13728029101621358
42,71,29,0.29,0.12285905186552554
58,79,21,0.21,0.1267957508005202
74,87,13,0.13,0.1321226856089197
68,84,16,0.16,0.11310146047035233
78,89,11,0.11,0.15094060201197862
72,86,14,0.14,0.09759117301553488
78,89,11,0.11,0.13993776398012414
72,86,14,0.14,0.12137101197149605
82,91,9,0.09,0.1407665246736724
66,83,17,0.17,0.10365729208569974
70,85,15,0.15,0.12333024118095637
74,87,13,0.13,0.1277198422374204
80,90,10,0.1,0.11956406976561994
64,82,18,0.18,0.107987558869645
66,83,17,0.17,0.10316843280568719
82,91,9,0.09,0.1355797051358968
84,92,8,0.08,0.13978837268892674
52,76,24,0.24,0.1395263636719028
74,87,13,0.13,0.06067717854632065
66,83,17,0.17,0.13635214968118817
62,81,19,0.19,0.10381878494750708
68,84,16,0.16,0.14989936623256653
80,90,10,0.1,0.08878959354944527
82,91,9,0.09,0.11459282006369903
76,88,12,0.12,0.10784087216481567
60,80,20,0.2,0.13707618917804212
80,90,10,0.1,0.13474231142550708
82,91,9,0.09,0.14496769780875185
66,83,17,0.17,0.1252665896108374
56,78,22,0.22,0.10688324602320791
78,89,11,0.11,0.14182535094907509
74,87,13,0.13,0.11290441844845191
76,88,12,0.12,0.2234545868448913
64,82,18,0.18,0.09862320366315544
62,81,19,0.19,0.10587622990831733
68,84,16,0.16,0.16284001033753157
68,84,16,0.16,0.10169637392042205
74,87,13,0.13,0.18366532308980824
72,86,14,0.14,0.12787219524616375
66,83,17,0.17,0.20412043306510896
64,82,18,0.18,0.1163037008838728
80,90,10,0.1,0.1473031785339117
72,86,14,0.14,0.07630064093507827
70,85,15,0.15,0.08554976249462926
76,88,12,0.12,0.09893685651011765
84,92,8,0.08,0.08783432548865676
62,81,19,0.19,0.11477858039084822
64,82,18,0.18,0.09405964643112384
80,90,10,0.1,0.11247755490243434
82,91,9,0.09,0.14226643599569797
66,83,17,0.17,0.15867713187355548
74,87,13,0.13,0.09541666060918942
76,88,12,0.12,0.09855866773519666
72,86,14,0.14,0.09073691042372957
80,90,10,0.1,0.10223856360651552
76,88,12,0.12,0.12762254225555808
72,86,14,0.14,0.10306016738992184
84,92,8,0.08,0.13185577594675124
76,88,12,0.12,0.10135544847231358
76,88,12,0.12,0.13592722473666072
82,91,9,0.09,0.08710148370359093
84,92,8,0.08,0.08231477307737806
72,86,14,0.14,0.1178395178122446
84,92,8,0.08,0.1071712446049787
72,86,14,0.14,0.1123524357797578
82,91,9,0.09,0.06845247896155343
78,89,11,0.11,0.1252974241685115
68,84,16,0.16,0.08656054205901455
80,90,10,0.1,0.1298406995856203
64,82,18,0.18,0.10849724584724754
72,86,14,0.14,0.09707065711729229
82,91,9,0.09,0.1287842517462559
72,86,14,0.14,0.12981760410300922
54,77,23,0.23,0.1587646038015373
76,88,12,0.12,0.06628005488368217
76,88,12,0.12,0.05872762005776167
84,92,8,0.08,0.07828568512108176
82,91,9,0.09,0.10405838850070723
78,89,11,0.11,0.11607844509650021
72,86,14,0.14,0.15365155269857497
74,87,13,0.13,0.14862000644905493
84,92,8,0.08,0.09912598345428705
72,86,14,0.14,0.13450279857264832
68,84,16,0.16,0.11860399043653161
80,90,10,0.1,0.12011548931128345
78,89,11,0.11,0.07485302914399654
66,83,17,0.17,0.12312536528799684
82,91,9,0.09,0.09815211860579438
72,86,14,0.14,0.07435767958406359
80,90,10,0.1,0.10765693272463978
42,71,29,0.29,0.10035598321352154
80,90,10,0.1,0.1314147401181981
66,83,17,0.17,0.07831667664926499
68,84,16,0.16,0.12059906721347943
72,86,14,0.14,0.1276944735564757
66,83,17,0.17,0.11893047333345748
94,97,3,0.03,0.09348027001600713
82,91,9,0.09,0.08990310202352703
80,90,10,0.1,0.11045379523886367
72,86,14,0.14,0.1100998608255759
74,87,13,0.13,0.13261710421647877
84,92,8,0.08,0.11825638501439244
64,82,18,0.18,0.12924987799022347
82,91,9,0.09,0.10270048371749
74,87,13,0.13,0.12763802700908855
84,92,8,0.08,0.08725688846083358
82,91,9,0.09,0.14148101886268705
66,83,17,0.17,0.0888133363937959
70,85,15,0.15,0.1242546685319394
80,90,10,0.1,0.12579173319973053
76,88,12,0.12,0.11254170278087258
74,87,13,0.13,0.09671372313750908
80,90,10,0.1,0.09504196339752526
86,93,7,0.07,0.1021747257374227
68,84,16,0.16,0.14643119550310074
78,89,11,0.11,0.0753002907242626
86,93,7,0.07,0.11461943921865896
68,84,16,0.16,0.12412779412698001
86,93,7,0.07,0.11244436347624287
72,86,14,0.14,0.07843043973203749
68,84,16,0.16,0.07595289061078801
70,85,15,0.15,0.15735515560023486
74,87,13,0.13,0.11200576359406114
74,87,13,0.13,0.11648287137039005
58,79,21,0.21,0.101116884300136
90,95,5,0.05,0.11600453537423164
92,96,4,0.04,0.12814285296713934
76,88,12,0.12,0.10755503411404789
64,82,18,0.18,0.1634468421433121
72,86,14,0.14,0.10606433189706876
72,86,14,0.14,0.15927884782198817
68,84,16,0.16,0.13641648017801344
76,88,12,0.12,0.18184163801372052
78,89,11,0.11,0.09576832830789499
88,94,6,0.06,0.11652143367566169
70,85,15,0.15,0.12339785604388454
88,94,6,0.06,0.09262742814142257
90,95,5,0.05,0.09963290637359024
70,85,15,0.15,0.07707690531620756
76,88,12,0.12,0.08850018979050218
66,83,17,0.17,0.10004078523081261
80,90,10,0.1,0.15960715428751426
66,83,17,0.17,0.10802095671882853
70,85,15,0.15,0.08248902332503348
66,83,17,0.17,0.1483874055650085
66,83,17,0.17,0.121049545686692
62,81,19,0.19,0.10602122971788049
86,93,7,0.07,0.07781537742121145
74,87,13,0.13,0.16660913644824177
70,85,15,0.15,0.1658459817012772
56,78,22,0.22,0.10194508502259851
86,93,7,0.07,0.1368653234699741
72,86,14,0.14,0.11322264392278157
68,84,16,0.16,0.13274386207107455
72,86,14,0.14,0.11357100837631151
90,95,5,0.05,0.13714603623142466
60,80,20,0.2,0.09683408854296431
70,85,15,0.15,0.11219232728646603
66,83,17,0.17,0.12446846439037472
80,90,10,0.1,0.08919318946776912
62,81,19,0.19,0.10883001285605133
60,80,20,0.2,0.11002475428162142
72,86,14,0.14,0.1365896682674065
66,83,17,0.17,0.09254871690645813
74,87,13,0.13,0.1500833215704188
86,93,7,0.07,0.13775768417399376
60,80,20,0.2,0.11864794408436864
50,75,25,0.25,0.11082206010818481
74,87,13,0.13,0.1639207911910489
68,84,16,0.16,0.13087666337843984
88,94,6,0.06,0.16499474508222192
80,90,10,0.1,0.122279217162868
86,93,7,0.07,0.08228144119275385
70,85,15,0.15,0.149482638098998
86,93,7,0.07,0.1686898673279211
64,82,18,0.18,0.11721559978090226
68,84,16,0.16,0.10312254337593912
72,86,14,0.14,0.14226471675094218
88,94,6,0.06,0.10169085387839004
76,88,12,0.12,0.15856354129384273
78,89,11,0.11,0.09488190781790763
82,91,9,0.09,0.10761483585229144
78,89,11,0.11,0.1206984977517277
70,85,15,0.15,0.10989183717174456
60,80,20,0.2,0.11491431047557853
68,84,16,0.16,0.16686755020637065
70,85,15,0.15,0.09907215404091403
74,87,13,0.13,0.1025123493699357
62,81,19,0.19,0.13697821762878448
52,76,24,0.24,0.1043360724626109
80,90,10,0.1,0.14930363920982928
68,84,16,0.16,0.12698708227835595
68,84,16,0.16,0.14115324050886557
70,85,15,0.15,0.12264406011905521
56,78,22,0.22,0.12023810078855604
78,89,11,0.11,0.107580208000727
80,90,10,0.1,0.11345169106498361
80,90,10,0.1,0.09826149958651513
52,76,24,0.24,0.10264574533794076
80,90,10,0.1,0.11878865012899041
70,85,15,0.15,0.11501540601719171
72,86,14,0.14,0.09144820445682854
58,79,21,0.21,0.13369679308496416
68,84,16,0.16,0.17958862039260567
84,92,8,0.08,0.10555245534749702
62,81,19,0.19,0.13500599811784922
76,88,12,0.12,0.11791800550883635
68,84,16,0.16,0.16016500315861776
74,87,13,0.13,0.0915948809008114
64,82,18,0.18,0.18295522570610045
82,91,9,0.09,0.12919184350350407
74,87,13,0.13,0.14597699445206672
82,91,9,0.09,0.09594811286311597
80,90,10,0.1,0.12734051375649869
82,91,9,0.09,0.12013002771884203
78,89,11,0.11,0.10213462639367207
74,87,13,0.13,0.1211071765050292
66,83,17,0.17,0.154058726944495
76,88,12,0.12,0.14049529899843038
56,78,22,0.22,0.11215216248296202
66,83,17,0.17,0.09895600938121789
72,86,14,0.14,0.17243059735686983
74,87,13,0.13,0.17557648869697004
58,79,21,0.21,0.17029562257230282
80,90,10,0.1,0.13260609407443552
82,91,9,0.09,0.15239033930003643
78,89,11,0.11,0.1186359683680348
74,87,13,0.13,0.13272687039338052
70,85,15,0.15,0.10444210442714393
76,88,12,0.12,0.12363704415969551
86,93,7,0.07,0.07445966237690299
72,86,14,0.14,0.12642801815643906
74,87,13,0.13,0.1350186802400276
62,81,19,0.19,0.1333409875887446
84,92,8,0.08,0.08679002918303012
74,87,13,0.13,0.17440535057452508
86,93,7,0.07,0.14020853691268712
56,78,22,0.22,0.1226034972560592
82,91,9,0.09,0.08163362622726708
76,88,12,0.12,0.13789519476704298
82,91,9,0.09,0.12183088963967748
82,91,9,0.09,0.10667541881703073
56,78,22,0.22,0.11674596614204347
80,90,10,0.1,0.1459291012538597
92,96,4,0.04,0.13291018160525708
66,83,17,0.17,0.12484942959621549
80,90,10,0.1,0.15670138963498176
72,86,14,0.14,0.0969501742022112
76,88,12,0.12,0.17716964805033059
62,81,19,0.19,0.13312676520552486
76,88,12,0.12,0.17295938810799272
82,91,9,0.09,0.1025229906621098
80,90,10,0.1,0.10277118118014186
66,83,17,0.17,0.10966653489973396
78,89,11,0.11,0.12582442083163187
70,85,15,0.15,0.1395169707457535
76,88,12,0.12,0.08843430654145777
82,91,9,0.09,0.14495874166139402
84,92,8,0.08,0.12116120022081305
70,85,15,0.15,0.13471228431444615
74,87,13,0.13,0.05021525375079364
74,87,13,0.13,0.0766081039281562
76,88,12,0.12,0.08580117181874812
62,81,19,0.19,0.09751906304387375
78,89,11,0.11,0.08953185026184655
80,90,10,0.1,0.08522584714461118
68,84,16,0.16,0.06662609786726534
68,84,16,0.16,0.06967553634662181
74,87,13,0.13,0.12457983955275267
82,91,9,0.09,0.07046476123156026
82,91,9,0.09,0.09157149738166481
80,90,10,0.1,0.052531123518710955
72,86,14,0.14,0.10416714009130373
86,93,7,0.07,0.12012250982690603
54,77,23,0.23,0.10460990565363318
66,83,17,0.17,0.12881335743702949
72,86,14,0.14,0.10156420644838363
62,81,19,0.19,0.16842268516309558
64,82,18,0.18,0.14183471469674258
72,86,14,0.14,0.11339929634705186
68,84,16,0.16,0.13888215514365584
84,92,8,0.08,0.13572787603829056
82,91,9,0.09,0.10616691841278225
72,86,14,0.14,0.11125264255795628
60,80,20,0.2,0.11744854667689651
86,93,7,0.07,0.07224336043931544
80,90,10,0.1,0.10692261088872329
88,94,6,0.06,0.0865785303193843
66,83,17,0.17,0.09783227967564016
66,83,17,0.17,0.08595264240633696
70,85,15,0.15,0.10077233682386577
92,96,4,0.04,0.11259887852065731
62,81,19,0.19,0.08907029797323048
60,80,20,0.2,0.1040139994956553
84,92,8,0.08,0.1175035083736293
72,86,14,0.14,0.12363250834401697
64,82,18,0.18,0.12004048098591738
76,88,12,0.12,0.14213604469783603
72,86,14,0.14,0.1487032720306888
82,91,9,0.09,0.11666165029280819
78,89,11,0.11,0.1090325212595053
82,91,9,0.09,0.10326097015698905
80,90,10,0.1,0.11784137892303988
72,86,14,0.14,0.14958555079443614
76,88,12,0.12,0.14154862995259465
80,90,10,0.1,0.13165191078092903
76,88,12,0.12,0.1388213662384078
80,90,10,0.1,0.09813072463992284
56,78,22,0.22,0.14801860318519175
62,81,19,0.19,0.10022737764636985
76,88,12,0.12,0.1251589028444141
78,89,11,0.11,0.09698226089123636
80,90,10,0.1,0.1097763979807496
82,91,9,0.09,0.17495705146808177
72,86,14,0.14,0.12693887585774064
70,85,15,0.15,0.12325783531181514
78,89,11,0.11,0.09198881750460713
82,91,9,0.09,0.14395055426750333
82,91,9,0.09,0.09945579933468253
70,85,15,0.15,0.11383922296110541
80,90,10,0.1,0.13984357330482453
84,92,8,0.08,0.08341254611033946
74,87,13,0.13,0.11173288447316736
70,85,15,0.15,0.1508478953060694
82,91,9,0.09,0.09321669115452096
78,89,11,0.11,0.10104660427197815
72,86,14,0.14,0.07161830149416346
62,81,19,0.19,0.09933350969338789
82,91,9,0.09,0.14948845873819663
76,88,12,0.12,0.11877546465955674
64,82,18,0.18,0.10091633615083992
82,91,9,0.09,0.11155592227121815
82,91,9,0.09,0.11032677700743079
78,89,11,0.11,0.12418774167075754
70,85,15,0.15,0.13502532926853747
88,94,6,0.06,0.12222259202506393
66,83,17,0.17,0.1110030165943317
60,80,20,0.2,0.11697242519119755
64,82,18,0.18,0.1413758231792599
84,92,8,0.08,0.05691845660330728
72,86,14,0.14,0.0936175283510238
72,86,14,0.14,0.136571989050135
74,87,13,0.13,0.09219134377548471
74,87,13,0.13,0.10270839902805165
66,83,17,0.17,0.10660784075502307
72,86,14,0.14,0.16062731538899244
72,86,14,0.14,0.09360101859783754
74,87,13,0.13,0.08265040984377264
82,91,9,0.09,0.10779566594865173
80,90,10,0.1,0.11603330641752109
84,92,8,0.08,0.08410398002248258
70,85,15,0.15,0.10021903416607529
72,86,14,0.14,0.14906589804217218
78,89,11,0.11,0.11130314263980835
80,90,10,0.1,0.13264354151673616
68,84,16,0.16,0.17124657621840014
76,88,12,0.12,0.09022119687404484
76,88,12,0.12,0.09431888913735748
76,88,12,0.12,0.07769661002079374
72,86,14,0.14,0.0941304930311162
78,89,11,0.11,0.11531861025840044
78,89,11,0.11,0.09712971485219896
72,86,14,0.14,0.13959195372182875
68,84,16,0.16,0.10116683099651709
76,88,12,0.12,0.1513249232247472
66,83,17,0.17,0.09187223008135334
80,90,10,0.1,0.11722359012695961
78,89,11,0.11,0.12534603476524353
82,91,9,0.09,0.16648159151664005
68,84,16,0.16,0.11627860276959837
80,90,10,0.1,0.10990152398182546
82,91,9,0.09,0.12307461133692414
74,87,13,0.13,0.15042660464416258
80,90,10,0.1,0.13651252354262397
74,87,13,0.13,0.12624912159051746
58,79,21,0.21,0.11400817304733209
70,85,15,0.15,0.13689069129526615
80,90,10,0.1,0.12576219469774513
60,80,20,0.2,0.13611804671236313
70,85,15,0.15,0.11206034660805017
72,86,14,0.14,0.08352223963942379
80,90,10,0.1,0.07695702274795621
70,85,15,0.15,0.11870535535272211
68,84,16,0.16,0.135174596052384
68,84,16,0.16,0.09328746198676527
56,78,22,0.22,0.1623089139914373
62,81,19,0.19,0.08607106748968363
68,84,16,0.16,0.09841583858476952
60,80,20,0.2,0.15097944512963296
66,83,17,0.17,0.1137307057180442
76,88,12,0.12,0.07908222079277039
74,87,13,0.13,0.09334779548458755
78,89,11,0.11,0.10675430282368324
72,86,14,0.14,0.13456685919780284
66,83,17,0.17,0.12068776211584918
66,83,17,0.17,0.13054212778341026
88,94,6,0.06,0.1072828285349533
80,90,10,0.1,0.07671726852189749
76,88,12,0.12,0.09930581138934941
84,92,8,0.08,0.12099232617300004
56,78,22,0.22,0.09115855720359832
82,91,9,0.09,0.14328971127979456
74,87,13,0.13,0.14134764956543222
72,86,14,0.14,0.11933605937287212
62,81,19,0.19,0.1484525610646233
66,83,17,0.17,0.1458581274235621
82,91,9,0.09,0.10512709599919617
76,88,12,0.12,0.08926617224002258
82,91,9,0.09,0.12134474302874879
76,88,12,0.12,0.0997601144015789
82,91,9,0.09,0.09408916334155946
70,85,15,0.15,0.10782769810408353
80,90,10,0.1,0.13529397340957075
54,77,23,0.23,0.10470136725343764
74,87,13,0.13,0.14074619846884162
78,89,11,0.11,0.11618800281547009
86,93,7,0.07,0.10074138587922789
68,84,16,0.16,0.1280160523438826
76,88,12,0.12,0.13204119748435914
72,86,14,0.14,0.16885313785169273
70,85,15,0.15,0.09303070197347552
80,90,10,0.1,0.10275701495353133
76,88,12,0.12,0.10503370797727257
68,84,16,0.16,0.14211214461131022
76,88,12,0.12,0.09654686117777601
74,87,13,0.13,0.12639505609171464
84,92,8,0.08,0.11536881999229082
80,90,10,0.1,0.12366096076089889
70,85,15,0.15,0.17330119005404412
68,84,16,0.16,0.12075905065517872
66,83,17,0.17,0.1081477744015865
82,91,9,0.09,0.14115781820844858
74,87,13,0.13,0.15129255413077772
70,85,15,0.15,0.15003338371636346
72,86,14,0.14,0.08829966963734477
88,94,6,0.06,0.12400647182483227
76,88,12,0.12,0.059586916422704236
86,93,7,0.07,0.11754478366579861
74,87,13,0.13,0.10515927492175252
74,87,13,0.13,0.10916164956055581
68,84,16,0.16,0.1297628729941789
78,89,11,0.11,0.0967563278414309
68,84,16,0.16,0.13844570385292174
70,85,15,0.15,0.1337513210857287
80,90,10,0.1,0.07541929879691452
64,82,18,0.18,0.07398925265064463
72,86,14,0.14,0.10752957327407785
78,89,11,0.11,0.1387114521046169
76,88,12,0.12,0.14044769353582523
50,75,25,0.25,0.13522614441346378
84,92,8,0.08,0.11274833326693624
76,88,12,0.12,0.11833423304371536
58,79,21,0.21,0.1327286857724539
70,85,15,0.15,0.08863463899353519
72,86,14,0.14,0.093855708274059
72,86,14,0.14,0.10029101044405252
56,78,22,0.22,0.12145266823936254
78,89,11,0.11,0.1074813712015748
68,84,16,0.16,0.12386232846882195
82,91,9,0.09,0.12394025224260986
70,85,15,0.15,0.13753931093961
54,77,23,0.23,0.07676513697020709
68,84,16,0.16,0.11189287926070392
66,83,17,0.17,0.11309168933425098
74,87,13,0.13,0.1105211787763983
80,90,10,0.1,0.10090189757756889
74,87,13,0.13,0.1516415390558541
76,88,12,0.12,0.11898947003297508
66,83,17,0.17,0.10590924828313292
50,75,25,0.25,0.10952403185190633
70,85,15,0.15,0.07526522732339799
78,89,11,0.11,0.14932244820985943
70,85,15,0.15,0.13381473225075752
78,89,11,0.11,0.11123716596979648
66,83,17,0.17,0.0791745728859678
66,83,17,0.17,0.14289744545938446
76,88,12,0.12,0.11949260736582801
64,82,18,0.18,0.12893936964683234
70,85,15,0.15,0.1185620392486453
84,92,8,0.08,0.14057072353316472
70,85,15,0.15,0.12823935966473074
76,88,12,0.12,0.10949676331947558
62,81,19,0.19,0.1707074159977492
74,87,13,0.13,0.17602086000842973
84,92,8,0.08,0.1154415817395784
82,91,9,0.09,0.07409962922800332
78,89,11,0.11,0.15618591034784912
76,88,12,0.12,0.17338387731928379
68,84,16,0.16,0.10075748490169645
78,89,11,0.11,0.11792071212548763
72,86,14,0.14,0.13217964388430117
74,87,13,0.13,0.10805061231832952
64,82,18,0.18,0.14980908804107457
84,92,8,0.08,0.10206520753155929
76,88,12,0.12,0.1501716909557581
80,90,10,0.1,0.08812748475000262
80,90,10,0.1,0.11719720911700278
72,86,14,0.14,0.11494023872539401
84,92,8,0.08,0.09591502819675952
78,89,11,0.11,0.09946125476621091
64,82,18,0.18,0.08174088011262938
68,84,16,0.16,0.17612386831548066
72,86,14,0.14,0.09043171998579055
66,83,17,0.17,0.1042900961264968
52,76,24,0.24,0.13750762524548918
78,89,11,0.11,0.11639937498606741
78,89,11,0.11,0.12223785364534706
64,82,18,0.18,0.11662567284889519
88,94,6,0.06,0.11911170687992126
70,85,15,0.15,0.15748582173371686
70,85,15,0.15,0.10474298269487918
62,81,19,0.19,0.1120665727125015
58,79,21,0.21,0.1383706497726962
76,88,12,0.12,0.08210218633990735
60,80,20,0.2,0.1815164418471977
72,86,14,0.14,0.13771716997493058
52,76,24,0.24,0.10876373562961816
64,82,18,0.18,0.15006210998166353
80,90,10,0.1,0.06413108662702144
64,82,18,0.18,0.12583890228066594
74,87,13,0.13,0.1174064513342455
70,85,15,0.15,0.06092926454497501
78,89,11,0.11,0.12587014900986104
64,82,18,0.18,0.13721185168251396
70,85,15,0.15,0.1372799636120908
82,91,9,0.09,0.14110318247810938
70,85,15,0.15,0.1468605320388451
82,91,9,0.09,0.14275600945111364
36,68,32,0.32,0.12860854754690082
76,88,12,0.12,0.1150141572067514
82,91,9,0.09,0.10293214758392423
74,87,13,0.13,0.13259785427479073
74,87,13,0.13,0.15853078568354248
72,86,14,0.14,0.11496015860233456
78,89,11,0.11,0.12390167351812124
66,83,17,0.17,0.18728159158490598
72,86,14,0.14,0.12099241527728737
86,93,7,0.07,0.1422920586867258
64,82,18,0.18,0.1313448946364224
76,88,12,0.12,0.134856239836663
60,80,20,0.2,0.1274163537856657
80,90,10,0.1,0.11574318827362731
66,83,17,0.17,0.11137654279824347
72,86,14,0.14,0.1278152420837432
64,82,18,0.18,0.1208722415822558
76,88,12,0.12,0.0955330029153265
66,83,17,0.17,0.12766591310035438
64,82,18,0.18,0.1528816457418725
88,94,6,0.06,0.1322845404688269
66,83,17,0.17,0.12916934896726162
82,91,9,0.09,0.13581950886640698
74,87,13,0.13,0.14989100764243632
72,86,14,0.14,0.1391810567257926
68,84,16,0.16,0.10777852826751769
62,81,19,0.19,0.11968119804281742
76,88,12,0.12,0.13189436920569278
66,83,17,0.17,0.14912462186068295
78,89,11,0.11,0.1917797854542732
82,91,9,0.09,0.13058335501002147
76,88,12,0.12,0.15185166838113218
66,83,17,0.17,0.12426942169084214
68,84,16,0.16,0.16725666041485965
92,96,4,0.04,0.14743572260718793
66,83,17,0.17,0.09327371174003929
76,88,12,0.12,0.09482136174337938
78,89,11,0.11,0.15812697558663785
72,86,14,0.14,0.14531616297084837
80,90,10,0.1,0.12950168996118008
64,82,18,0.18,0.15973686524201183
78,89,11,0.11,0.11497697319369764
78,89,11,0.11,0.13394272626494058
76,88,12,0.12,0.10120070883305743
76,88,12,0.12,0.12999713675279054
66,83,17,0.17,0.10089811047539116
76,88,12,0.12,0.14439413646236063
82,91,9,0.09,0.1218139349669218
74,87,13,0.13,0.12719279917422682
72,86,14,0.14,0.09719835137948393
82,91,9,0.09,0.08737206157878973
68,84,16,0.16,0.07951982816797681
64,82,18,0.18,0.12118466420099139
80,90,10,0.1,0.111825494854711
76,88,12,0.12,0.0827436119923368
82,91,9,0.09,0.08144617563346401
72,86,14,0.14,0.1590363036422059
74,87,13,0.13,0.09079374152002856
78,89,11,0.11,0.11617892182897777
86,93,7,0.07,0.1075260778144002
72,86,14,0.14,0.15976251488551496
78,89,11,0.11,0.11408131369578768
78,89,11,0.11,0.12786600906401874
84,92,8,0.08,0.09791805705055595
58,79,21,0.21,0.13992398045025767
76,88,12,0.12,0.10451764833647757
78,89,11,0.11,0.12867711699102075
78,89,11,0.11,0.14303973694331945
88,94,6,0.06,0.13156547504244373
78,89,11,0.11,0.08097044498659671
78,89,11,0.11,0.07500206843018532
74,87,13,0.13,0.10047805392183363
58,79,21,0.21,0.09084258974064141
80,90,10,0.1,0.08855999235529452
82,91,9,0.09,0.07753081733593717
80,90,10,0.1,0.08134863278828561
76,88,12,0.12,0.10269734522444196
82,91,9,0.09,0.07087922032922506
86,93,7,0.07,0.07399516123230569
82,91,9,0.09,0.08404659444466234
72,86,14,0.14,0.12313183566788212
86,93,7,0.07,0.09296880014240742
76,88,12,0.12,0.10490438441978768
66,83,17,0.17,0.08411591453943401
82,91,9,0.09,0.08552693660371005
86,93,7,0.07,0.08681793384253979
64,82,18,0.18,0.10119408099213616
80,90,10,0.1,0.09044167236890643
58,79,21,0.21,0.12782283832493704
60,80,20,0.2,0.09903850948438048
84,92,8,0.08,0.11413547910575289
70,85,15,0.15,0.1440394332923461
74,87,13,0.13,0.06696446841000579
78,89,11,0.11,0.1008653698136186
66,83,17,0.17,0.07047606447478756
60,80,20,0.2,0.11524708202108741
82,91,9,0.09,0.08463744638604112
68,84,16,0.16,0.11870894861640409
62,81,19,0.19,0.0866214416641742
78,89,11,0.11,0.04787694654078223
66,83,17,0.17,0.09438898937078193
62,81,19,0.19,0.11282631788868457
68,84,16,0.16,0.07740944773715455
70,85,15,0.15,0.08942647906020283
64,82,18,0.18,0.0901385838072747
66,83,17,0.17,0.12075965107418597
72,86,14,0.14,0.09189054609159938
82,91,9,0.09,0.09166177350329235
82,91,9,0.09,0.13681090861558914
74,87,13,0.13,0.08490640762727708
78,89,11,0.11,0.07904970530420542
68,84,16,0.16,0.142110690951813
76,88,12,0.12,0.0642925931524951
66,83,17,0.17,0.11882864674553276
56,78,22,0.22,0.11010063921101391
74,87,13,0.13,0.13329569332068786
70,85,15,0.15,0.10253035634290426
80,90,10,0.1,0.1085584491211921
82,91,9,0.09,0.12670455646701156
66,83,17,0.17,0.1299494636588497
62,81,19,0.19,0.13234052016283385
68,84,16,0.16,0.1227334235922899
74,87,13,0.13,0.09057695605442859
70,85,15,0.15,0.1706463229423389
76,88,12,0.12,0.11062764543341473
70,85,15,0.15,0.12689112071879208
60,80,20,0.2,0.1108237523958087
76,88,12,0.12,0.11497192110866308
76,88,12,0.12,0.12608805732277686
84,92,8,0.08,0.18719062208663673
76,88,12,0.12,0.11724376262631267
66,83,17,0.17,0.15278143453411758
78,89,11,0.11,0.14205815087538212
74,87,13,0.13,0.12028128662554081
86,93,7,0.07,0.12138757235137745
66,83,17,0.17,0.1653608627419453
72,86,14,0.14,0.13877893635770305
68,84,16,0.16,0.08979296246077866
78,89,11,0.11,0.1395358312036842
70,85,15,0.15,0.11410118039697409
80,90,10,0.1,0.11979660106357187
80,90,10,0.1,0.1259191333502531
74,87,13,0.13,0.11003314902540297
66,83,17,0.17,0.1389924770500511
64,82,18,0.18,0.16382231538183986
50,75,25,0.25,0.11949361841194332
58,79,21,0.21,0.1589346826914698
64,82,18,0.18,0.12794590801000594
72,86,14,0.14,0.1490242591686547
84,92,8,0.08,0.12035856351722032
68,84,16,0.16,0.1360164875339251
78,89,11,0.11,0.17083991059218534
72,86,14,0.14,0.11235372667200863
68,84,16,0.16,0.1097805383137893
68,84,16,0.16,0.14480765949352645
68,84,16,0.16,0.12653011939954012
72,86,14,0.14,0.1161814098781906
72,86,14,0.14,0.09570479049347341
74,87,13,0.13,0.12669702786952258
60,80,20,0.2,0.132757332760375
92,96,4,0.04,0.09054003663361072
76,88,12,0.12,0.08847506816266104
74,87,13,0.13,0.09042897918494418
68,84,16,0.16,0.11604922496480867
58,79,21,0.21,0.11695988662075252
76,88,12,0.12,0.10879535921383648
78,89,11,0.11,0.10874871515668928
64,82,18,0.18,0.1422759585874155
60,80,20,0.2,0.12438012729864567
76,88,12,0.12,0.1361828051507473
80,90,10,0.1,0.08897769576171413
70,85,15,0.15,0.15847985173109919
80,90,10,0.1,0.12490182211855426
74,87,13,0.13,0.13038172032218426
76,88,12,0.12,0.09739175107795744
80,90,10,0.1,0.1120293216756545
78,89,11,0.11,0.12014241881435737
90,95,5,0.05,0.1279269466898404
82,91,9,0.09,0.09793626628350466
80,90,10,0.1,0.10837360128760337
72,86,14,0.14,0.17115498144645244
80,90,10,0.1,0.12927554319612683
56,78,22,0.22,0.07087931503076106
66,83,17,0.17,0.15220439991913737
66,83,17,0.17,0.16644614397082477
86,93,7,0.07,0.09667032003053463
66,83,17,0.17,0.11542615788988769
78,89,11,0.11,0.127653408969054
56,78,22,0.22,0.21017019247577992
68,84,16,0.16,0.12550650374265387
60,80,20,0.2,0.146053443304736
60,80,20,0.2,0.09563303604081738
64,82,18,0.18,0.13809746355575045
70,85,15,0.15,0.1274106116092298
74,87,13,0.13,0.11019508714787662
84,92,8,0.08,0.12469241145532578
82,91,9,0.09,0.11419535401742906
78,89,11,0.11,0.1554077980108559
50,75,25,0.25,0.10968319478444755
70,85,15,0.15,0.08999118098989128
72,86,14,0.14,0.16373863485176116
84,92,8,0.08,0.1270414796564728
76,88,12,0.12,0.104250829013763
80,90,10,0.1,0.125265710260137
88,94,6,0.06,0.08945911533548496
78,89,11,0.11,0.06279233772424049
74,87,13,0.13,0.13344428206793965
76,88,12,0.12,0.12470192274311558
76,88,12,0.12,0.14651330088614486
78,89,11,0.11,0.07966305484995245
82,91,9,0.09,0.10735925698420033
78,89,11,0.11,0.14739665755070747
58,79,21,0.21,0.12706061895703896
74,87,13,0.13,0.09446608627331443
92,96,4,0.04,0.10029275577166118
82,91,9,0.09,0.10903222458437085
72,86,14,0.14,0.13061054564546792
80,90,10,0.1,0.1298426994262263
70,85,15,0.15,0.1266975921392441
66,83,17,0.17,0.13787443006876857
70,85,15,0.15,0.11283006480894983
80,90,10,0.1,0.07560890516266226
80,90,10,0.1,0.08790962098166347
78,89,11,0.11,0.09919958089943975
76,88,12,0.12,0.10698004427133129
58,79,21,0.21,0.09600555009907112
82,91,9,0.09,0.08508768764091655
84,92,8,0.08,0.0981358538218774
76,88,12,0.12,0.11041890594176948
48,74,26,0.26,0.09663136465707794
70,85,15,0.15,0.07432021548971533
72,86,14,0.14,0.09481286438647657
58,79,21,0.21,0.08759991392144002
80,90,10,0.1,0.1514151884056628
62,81,19,0.19,0.0999726406717673
70,85,15,0.15,0.11045101602154318
72,86,14,0.14,0.11232291013351642
86,93,7,0.07,0.08318558429426048
82,91,9,0.09,0.07556405653711408
70,85,15,0.15,0.11580864425282926
72,86,14,0.14,0.13545033971546216
78,89,11,0.11,0.09150760508375243
84,92,8,0.08,0.15435293885180726
82,91,9,0.09,0.07416412246180698
70,85,15,0.15,0.11309995842399076
78,89,11,0.11,0.10962877315469086
70,85,15,0.15,0.09760508308652788
70,85,15,0.15,0.10187619818141684
82,91,9,0.09,0.0730873952060938
86,93,7,0.07,0.07660505731822922
80,90,10,0.1,0.08709679157473146
76,88,12,0.12,0.0825346907984931
66,83,17,0.17,0.10177660564542748
72,86,14,0.14,0.07190555896610022
84,92,8,0.08,0.09576378987636418
68,84,16,0.16,0.112201171903871
76,88,12,0.12,0.10158024366712198
54,77,23,0.23,0.11099160342244431
90,95,5,0.05,0.054931007644627244
84,92,8,0.08,0.1756036476790905
78,89,11,0.11,0.08360891225049272
84,92,8,0.08,0.11252463284879922
80,90,10,0.1,0.11825969619327224
60,80,20,0.2,0.08752107251668349
76,88,12,0.12,0.13133884793845937
78,89,11,0.11,0.08249931861762888
74,87,13,0.13,0.09509871689369902
70,85,15,0.15,0.1197748434706591
92,96,4,0.04,0.12073974202416139
76,88,12,0.12,0.14016043964307756
84,92,8,0.08,0.06805701714707539
68,84,16,0.16,0.09292483483208343
78,89,11,0.11,0.08878984061884694
76,88,12,0.12,0.11971873222850263
74,87,13,0.13,0.10312009615590796
66,83,17,0.17,0.08914543439634144
84,92,8,0.08,0.1290908920962829
50,75,25,0.25,0.07051141174510121
44,72,28,0.28,0.10066738991299644
84,92,8,0.08,0.06734252377180383
82,91,9,0.09,0.06953366562258452
58,79,21,0.21,0.08388321432517841
72,86,14,0.14,0.14031028078403324
76,88,12,0.12,0.11690451263217255
68,84,16,0.16,0.09225551767274737
70,85,15,0.15,0.07805119614116847
70,85,15,0.15,0.12260182759724557
82,91,9,0.09,0.08366379264218267
76,88,12,0.12,0.10666828790504951
70,85,15,0.15,0.13915971046546474
74,87,13,0.13,0.11196241231169551
72,86,14,0.14,0.07383096227888018
78,89,11,0.11,0.08711420766077936
80,90,10,0.1,0.1533691351953894
82,91,9,0.09,0.09832538648624904
76,88,12,0.12,0.09675736082717776
76,88,12,0.12,0.14779510367196053
72,86,14,0.14,0.1440200820681639
74,87,13,0.13,0.0884371619974263
78,89,11,0.11,0.0727735614636913
82,91,9,0.09,0.08050396356964484
54,77,23,0.23,0.08736949682468548
84,92,8,0.08,0.10112954530166463
78,89,11,0.11,0.07004844972514547
90,95,5,0.05,0.11966049224487506
68,84,16,0.16,0.07719957526773215
82,91,9,0.09,0.11051900204736739
74,87,13,0.13,0.1020651285839267
72,86,14,0.14,0.0990894918271806
76,88,12,0.12,0.11180370906833559
78,89,11,0.11,0.0831645752955228
80,90,10,0.1,0.08104209569515661
50,75,25,0.25,0.13897622972261162
74,87,13,0.13,0.09307122061843984
62,81,19,0.19,0.10891709434334189
76,88,12,0.12,0.05232591768319253
84,92,8,0.08,0.1267344058584422
84,92,8,0.08,0.06519609613809735
84,92,8,0.08,0.07987475102883763
62,81,19,0.19,0.11829934631939977
86,93,7,0.07,0.13286985976388677
76,88,12,0.12,0.15180000443244354
66,83,17,0.17,0.09701298492960632
66,83,17,0.17,0.08601798678515479
74,87,13,0.13,0.10330868635559455
66,83,17,0.17,0.0718471171054989
64,82,18,0.18,0.14756086440291255
52,76,24,0.24,0.12119741633534431
68,84,16,0.16,0.1052744975220412
72,86,14,0.14,0.10760522773256526
70,85,15,0.15,0.0912964175385423
54,77,23,0.23,0.11097748039173894
72,86,14,0.14,0.11196230127476156
66,83,17,0.17,0.09904155559837818
66,83,17,0.17,0.10443156337481924
62,81,19,0.19,0.08623291718540713
72,86,14,0.14,0.0992313839669805
80,90,10,0.1,0.1256778398354072
70,85,15,0.15,0.07500925873406232
62,81,19,0.19,0.13342016475333365
66,83,17,0.17,0.0789870309852995
64,82,18,0.18,0.12145118631306104
90,95,5,0.05,0.12602025682572277
62,81,19,0.19,0.11233339625410736
76,88,12,0.12,0.08341064041480423
64,82,18,0.18,0.10645846821833402
62,81,19,0.19,0.10003664607182144
86,93,7,0.07,0.07582188952248543
70,85,15,0.15,0.11648170049069449
80,90,10,0.1,0.14288468627259135
66,83,17,0.17,0.13124960873741656
92,96,4,0.04,0.16035385292721913
86,93,7,0.07,0.11179936948232352
62,81,19,0.19,0.11459986478323117
82,91,9,0.09,0.2237373830875731
76,88,12,0.12,0.0879955995126511
70,85,15,0.15,0.09219058555550873
68,84,16,0.16,0.17363970819860697
80,90,10,0.1,0.10104238198604434
80,90,10,0.1,0.12257816915400327
58,79,21,0.21,0.14544700785540043
74,87,13,0.13,0.16822386529296637
54,77,23,0.23,0.14031562180956825
70,85,15,0.15,0.1430135819897987
72,86,14,0.14,0.10403492538724095
70,85,15,0.15,0.1102316564344801
66,83,17,0.17,0.12857764315325768
76,88,12,0.12,0.12256637946236879
66,83,17,0.17,0.10841642430983484
70,85,15,0.15,0.08319170736707747
82,91,9,0.09,0.11052332242834381
64,82,18,0.18,0.1046676728175953
68,84,16,0.16,0.13020857001654804
78,89,11,0.11,0.10806299257790669
52,76,24,0.24,0.16412824612110855
74,87,13,0.13,0.07816721384879202
62,81,19,0.19,0.0906115456327916
78,89,11,0.11,0.09634087557205931
64,82,18,0.18,0.11812585480511188
68,84,16,0.16,0.0984695757739246
82,91,9,0.09,0.11762371861375868
72,86,14,0.14,0.15198894178960473
68,84,16,0.16,0.15197185306344183
70,85,15,0.15,0.11045306113082916
72,86,14,0.14,0.08502110526198521
80,90,10,0.1,0.14250611703493632
54,77,23,0.23,0.12623894301708788
64,82,18,0.18,0.14095017249695957
68,84,16,0.16,0.09612987533095292
84,92,8,0.08,0.12234808921348303
82,91,9,0.09,0.1019923118269071
76,88,12,0.12,0.13926736609078944
64,82,18,0.18,0.10399330879095942
78,89,11,0.11,0.15220156092196702
78,89,11,0.11,0.10167555699590594
78,89,11,0.11,0.1040211400273256
72,86,14,0.14,0.0815254929382354
68,84,16,0.16,0.15822807590011506
66,83,17,0.17,0.13421806416707113
70,85,15,0.15,0.10914988721488043
72,86,14,0.14,0.09879615216050297
92,96,4,0.04,0.1200202727690339
80,90,10,0.1,0.10008593785576522
62,81,19,0.19,0.13582349868956953
84,92,8,0.08,0.08741266776341945
66,83,17,0.17,0.09129040249623359
74,87,13,0.13,0.0963795773894526
68,84,16,0.16,0.10305326140951365
80,90,10,0.1,0.09382924790144898
78,89,11,0.11,0.11004419663804584
74,87,13,0.13,0.09584856955800206
84,92,8,0.08,0.08884340619493741
58,79,21,0.21,0.08996928371721878
76,88,12,0.12,0.11561951882904395
60,80,20,0.2,0.1386093642236665
80,90,10,0.1,0.08759003642189782
58,79,21,0.21,0.09413177236448973
82,91,9,0.09,0.12182751887012273
66,83,17,0.17,0.12431824085535481
58,79,21,0.21,0.08947803131770343
78,89,11,0.11,0.13084588948870077
70,85,15,0.15,0.10404248179402202
60,80,20,0.2,0.13514615224208681
86,93,7,0.07,0.09164592571556568
80,90,10,0.1,0.11065731483395211
78,89,11,0.11,0.11470387248322368
76,88,12,0.12,0.14650046736467628
76,88,12,0.12,0.11062368767336012
66,83,17,0.17,0.103399126525037
64,82,18,0.18,0.11676220329012722
70,85,15,0.15,0.10281990375835448
88,94,6,0.06,0.14342811416834592
82,91,9,0.09,0.09605442624539137
74,87,13,0.13,0.1250006859144196
78,89,11,0.11,0.080554442233406
66,83,17,0.17,0.09301835365535226
82,91,9,0.09,0.10023192303720861
86,93,7,0.07,0.15510828343220054
68,84,16,0.16,0.10818033800460398
78,89,11,0.11,0.09768229863606394
86,93,7,0.07,0.11735802696319297
86,93,7,0.07,0.10097568693570792
64,82,18,0.18,0.1077740698796697
78,89,11,0.11,0.08951413923641667
76,88,12,0.12,0.10650016803760082
78,89,11,0.11,0.0989156413715682
64,82,18,0.18,0.09512101778527722
80,90,10,0.1,0.07266615234548227
56,78,22,0.22,0.0823120763944462
66,83,17,0.17,0.12291387303033843
66,83,17,0.17,0.09919221571879461
76,88,12,0.12,0.08758874859428033
68,84,16,0.16,0.13532621953170745
82,91,9,0.09,0.08132157001411543
82,91,9,0.09,0.08929999557789416
96,98,2,0.02,0.09830105290864594
88,94,6,0.06,0.12143412705685477
68,84,16,0.16,0.09367919450742193
60,80,20,0.2,0.13563233287539334
64,82,18,0.18,0.07847020832821727
76,88,12,0.12,0.12018265679012984
62,81,19,0.19,0.07821349516976625
74,87,13,0.13,0.1266677584219724
72,86,14,0.14,0.1011275361245498
66,83,17,0.17,0.20084074931772192
56,78,22,0.22,0.09073014125926421
66,83,17,0.17,0.11071586829377339
74,87,13,0.13,0.07755362967029214
68,84,16,0.16,0.16155901827849448
78,89,11,0.11,0.10823336991481483
72,86,14,0.14,0.0768361571058631
76,88,12,0.12,0.07385958849452436
86,93,7,0.07,0.11665956640150398
60,80,20,0.2,0.17570392848923802
74,87,13,0.13,0.11939588712761179
72,86,14,0.14,0.10976962234359235
62,81,19,0.19,0.13141655565937982
68,84,16,0.16,0.13306627187877892
80,90,10,0.1,0.0823268809300498
58,79,21,0.21,0.10750199986621738
64,82,18,0.18,0.11363619755422405
80,90,10,0.1,0.10653010358350003
82,91,9,0.09,0.07522814289899543
74,87,13,0.13,0.1392474197037518
74,87,13,0.13,0.13076698055956512
70,85,15,0.15,0.08194460397353395
80,90,10,0.1,0.13800472936010919
74,87,13,0.13,0.08293585696490481
74,87,13,0.13,0.09057325965259225
84,92,8,0.08,0.12294374309829437
76,88,12,0.12,0.10186790690757334
84,92,8,0.08,0.12945861591724678
78,89,11,0.11,0.10865208046510816
86,93,7,0.07,0.10285087942844257
54,77,23,0.23,0.09858044732362031
68,84,16,0.16,0.1349481508671306
78,89,11,0.11,0.12735655247000977
60,80,20,0.2,0.10846347375074401
70,85,15,0.15,0.09118196027819067
86,93,7,0.07,0.12547446314361876
56,78,22,0.22,0.09837745899800211
70,85,15,0.15,0.09896288496209309
80,90,10,0.1,0.13389040475711225
72,86,14,0.14,0.11999741850420832
60,80,20,0.2,0.1281488220137544
72,86,14,0.14,0.09423004930838942
52,76,24,0.24,0.15775358461309225
68,84,16,0.16,0.12041514423210174
82,91,9,0.09,0.11452459337189794
66,83,17,0.17,0.12814899541437627
88,94,6,0.06,0.11086879106005654
64,82,18,0.18,0.11987408083630725
76,88,12,0.12,0.08385927696246653
68,84,16,0.16,0.07340888678154442
84,92,8,0.08,0.08649028180458117
80,90,10,0.1,0.11478215510491281
72,86,14,0.14,0.15149897603318097
56,78,22,0.22,0.10547962700482458
88,94,6,0.06,0.10147392565268092
78,89,11,0.11,0.10768877974245697
88,94,6,0.06,0.106646154623013
76,88,12,0.12,0.10224432950722985
74,87,13,0.13,0.12998433705884962
78,89,11,0.11,0.11427775886957534
90,95,5,0.05,0.11385191348847001
82,91,9,0.09,0.14312749311327935
64,82,18,0.18,0.09346464448142797
74,87,13,0.13,0.10623913175426423
68,84,16,0.16,0.0849955775635317
66,83,17,0.17,0.12170835037715733
54,77,23,0.23,0.1293379722710233
84,92,8,0.08,0.13087754868436605
76,88,12,0.12,0.07776758246938698
56,78,22,0.22,0.1096727182995528
74,87,13,0.13,0.1526047280151397
80,90,10,0.1,0.08243745786894578
74,87,13,0.13,0.1294276875630021
86,93,7,0.07,0.09143744943430647
84,92,8,0.08,0.10186335529666395
84,92,8,0.08,0.10047432988416403
82,91,9,0.09,0.1444768058648333
76,88,12,0.12,0.06307155903428793
74,87,13,0.13,0.09041391164762899
86,93,7,0.07,0.12820562180364503
88,94,6,0.06,0.07197993505164049
80,90,10,0.1,0.09086263102013618
86,93,7,0.07,0.12851065896917135
80,90,10,0.1,0.0850307618334773
78,89,11,0.11,0.10204945841338485
82,91,9,0.09,0.1282918705744669
64,82,18,0.18,0.0770818317233352
76,88,12,0.12,0.09622999748215079
70,85,15,0.15,0.13277348270639777
78,89,11,0.11,0.10503559412201867
66,83,17,0.17,0.06024949421407655
72,86,14,0.14,0.09825414003746119
72,86,14,0.14,0.09147524044266903
72,86,14,0.14,0.08327732923906296
66,83,17,0.17,0.0747679680492729
68,84,16,0.16,0.09288047674112022
78,89,11,0.11,0.12066350936889648
84,92,8,0.08,0.08588165939087049
68,84,16,0.16,0.0852004143234808
68,84,16,0.16,0.09226682843174785
68,84,16,0.16,0.09254344045592006
70,85,15,0.15,0.11024938318878412
58,79,21,0.21,0.08708285451168195
88,94,6,0.06,0.08456072521163151
62,81,19,0.19,0.13981543026398868
82,91,9,0.09,0.052550129797309636
70,85,15,0.15,0.11560408986639231
78,89,11,0.11,0.11070806371397339
52,76,24,0.24,0.06796330367214978
74,87,13,0.13,0.10366392043557425
74,87,13,0.13,0.10754083270672708
60,80,20,0.2,0.08160210522008128
70,85,15,0.15,0.08999872218613746
82,91,9,0.09,0.10813379103317856
80,90,10,0.1,0.03705330807133578
90,95,5,0.05,0.08771032273652964
74,87,13,0.13,0.12104869403294288
76,88,12,0.12,0.12678370330599137
80,90,10,0.1,0.10301288064336404
80,90,10,0.1,0.05011085494828876
84,92,8,0.08,0.09400000134308356
72,86,14,0.14,0.11302092670928687
80,90,10,0.1,0.10451008829753845
84,92,8,0.08,0.07265652992529795
78,89,11,0.11,0.08568820275948383
62,81,19,0.19,0.07512294164393098
74,87,13,0.13,0.10612942016625311
68,84,16,0.16,0.10221549071604386
70,85,15,0.15,0.10978508203523234
68,84,16,0.16,0.10074521976755932
54,77,23,0.23,0.09546945426845924
74,87,13,0.13,0.13509696423541753
72,86,14,0.14,0.11316292519215494
76,88,12,0.12,0.0886034020758234
64,82,18,0.18,0.17382764806738124
80,90,10,0.1,0.09764663310023025
74,87,13,0.13,0.06589104410028085
68,84,16,0.16,0.12089021007996052
66,83,17,0.17,0.09663198093185202
66,83,17,0.17,0.12296887317905203
88,94,6,0.06,0.0986554617935326
68,84,16,0.16,0.11598209923773538
76,88,12,0.12,0.10015311445109547
74,87,13,0.13,0.15004890335258098
70,85,15,0.15,0.10041138885775582
66,83,17,0.17,0.07925563781755045
70,85,15,0.15,0.06976207909639925
86,93,7,0.07,0.1268433658918366
80,90,10,0.1,0.08252669067587703
82,91,9,0.09,0.11006095604039728
80,90,10,0.1,0.14396067589230369
66,83,17,0.17,0.13322162526892498
84,92,8,0.08,0.09322206887009088
66,83,17,0.17,0.09215769499423913
72,86,14,0.14,0.12796003576833756
80,90,10,0.1,0.13004981799749657
72,86,14,0.14,0.0673317544022575
80,90,10,0.1,0.07269132396730128
74,87,13,0.13,0.1129826322197914
80,90,10,0.1,0.10936743379104882
68,84,16,0.16,0.07587776492000557
76,88,12,0.12,0.08308264227816835
72,86,14,0.14,0.11466207078890875
82,91,9,0.09,0.09573474172386341
62,81,19,0.19,0.08576464320634841
54,77,23,0.23,0.12322743866709061
72,86,14,0.14,0.06130075497203506
70,85,15,0.15,0.11920048596337438
72,86,14,0.14,0.08320056126220152
76,88,12,0.12,0.09578240091563202
74,87,13,0.13,0.0799800875573419
76,88,12,0.12,0.1428913795785047
60,80,20,0.2,0.09654817875707522
82,91,9,0.09,0.08402045156806708
76,88,12,0.12,0.06088444029097445
72,86,14,0.14,0.0830823134467937
68,84,16,0.16,0.0654889881296549
68,84,16,0.16,0.05795669297105633
68,84,16,0.16,0.09919218876108062
72,86,14,0.14,0.09098957336740568
64,82,18,0.18,0.08520502490573563
70,85,15,0.15,0.05773125723644625
70,85,15,0.15,0.11373071015346796
72,86,14,0.14,0.09374413570738398
84,92,8,0.08,0.13125900414539501
64,82,18,0.18,0.06757569084642455
82,91,9,0.09,0.08028282817453146
84,92,8,0.08,0.08854252976365387
88,94,6,0.06,0.07869272751733661
88,94,6,0.06,0.06992570116242859
78,89,11,0.11,0.05986929532868089
84,92,8,0.08,0.11045552643598057
80,90,10,0.1,0.08218741247430444
68,84,16,0.16,0.09663375718519092
64,82,18,0.18,0.09604599764104932
62,81,19,0.19,0.07752930613933132
78,89,11,0.11,0.05480178191093728
70,85,15,0.15,0.1113201772980392
80,90,10,0.1,0.06390693913461291
64,82,18,0.18,0.09814662580611185
62,81,19,0.19,0.06565622565569357
76,88,12,0.12,0.08388796430081129
94,97,3,0.03,0.08218661046470516
70,85,15,0.15,0.1270265728305094
88,94,6,0.06,0.08276748767355457
78,89,11,0.11,0.08071934862979106
88,94,6,0.06,0.07017582811648027
80,90,10,0.1,0.11802802060032264
74,87,13,0.13,0.0902713796631724
72,86,14,0.14,0.08533958957414142
84,92,8,0.08,0.12188235269859433
72,86,14,0.14,0.11778480572160334
82,91,9,0.09,0.06546135815355228
70,85,15,0.15,0.06471573697868735
64,82,18,0.18,0.10085438325419091
74,87,13,0.13,0.0682184961124949
80,90,10,0.1,0.03610136095434427
82,91,9,0.09,0.08705233154294546
78,89,11,0.11,0.09535253504873253
72,86,14,0.14,0.07064289305591956
82,91,9,0.09,0.03853735817130655
84,92,8,0.08,0.11771778558613732
80,90,10,0.1,0.10114524573553353
72,86,14,0.14,0.09217426224029623
84,92,8,0.08,0.06331802140688524
90,95,5,0.05,0.09187066253391095
84,92,8,0.08,0.09473166947020217
88,94,6,0.06,0.07211579042201265
78,89,11,0.11,0.08254829955054448
58,79,21,0.21,0.07261854622629471
62,81,19,0.19,0.10701065601198934
72,86,14,0.14,0.06779653395293281
74,87,13,0.13,0.06733099078643136
64,82,18,0.18,0.08089683331316337
76,88,12,0.12,0.08785222386009992
82,91,9,0.09,0.13524272681446747
68,84,16,0.16,0.10132014387636445
80,90,10,0.1,0.09865660006995312
72,86,14,0.14,0.10823740082443692
76,88,12,0.12,0.13560741004883312
80,90,10,0.1,0.06538187693106011
82,91,9,0.09,0.0643984487419948
56,78,22,0.22,0.07328433311427944
84,92,8,0.08,0.10874370603472926
58,79,21,0.21,0.12632219264050945
70,85,15,0.15,0.06919524209632072
84,92,8,0.08,0.07644302009837702
78,89,11,0.11,0.10568121868767776
62,81,19,0.19,0.08890082391677424
78,89,11,0.11,0.08994377334602177
74,87,13,0.13,0.06273477158450987
74,87,13,0.13,0.06863563347869786
84,92,8,0.08,0.10096022758374602
70,85,15,0.15,0.07031032924423926
70,85,15,0.15,0.07157729486993049
84,92,8,0.08,0.09255359674920328
84,92,8,0.08,0.05601596894324757
82,91,9,0.09,0.09697677535819821
58,79,21,0.21,0.07864054981968366
64,82,18,0.18,0.08467639971175231
68,84,16,0.16,0.07934745380684034
72,86,14,0.14,0.10309241812181426
72,86,14,0.14,0.12015949141699821
84,92,8,0.08,0.10001972631667741
78,89,11,0.11,0.08502769555780106
82,91,9,0.09,0.05609873502980918
82,91,9,0.09,0.11821682340698317
74,87,13,0.13,0.11485998812597245
86,93,7,0.07,0.10290011647739447
38,69,31,0.31,0.0890122771752067
70,85,15,0.15,0.092347843410098
72,86,14,0.14,0.07053873649681919
60,80,20,0.2,0.07245452883187681
64,82,18,0.18,0.09806682175898458
52,76,24,0.24,0.10530168704455718
64,82,18,0.18,0.08365870927460492
72,86,14,0.14,0.09128333424101584
58,79,21,0.21,0.1108418528281618
50,75,25,0.25,0.08193270979216322
76,88,12,0.12,0.08511651853332296
82,91,9,0.09,0.08942428833979647
68,84,16,0.16,0.09268680989043787
70,85,15,0.15,0.10029013143037446
62,81,19,0.19,0.08610723713878542
76,88,12,0.12,0.11689811019226909
82,91,9,0.09,0.0672430249559693
74,87,13,0.13,0.10677677749830763
66,83,17,0.17,0.07665646730427397
56,78,22,0.22,0.10978282118914649
78,89,11,0.11,0.12341878750594333
68,84,16,0.16,0.06799828631570563
66,83,17,0.17,0.11178200524067507
62,81,19,0.19,0.15004463674034924
74,87,13,0.13,0.11675465546431951
74,87,13,0.13,0.10215428436524235
70,85,15,0.15,0.132726960524451
74,87,13,0.13,0.13425121874781326
62,81,19,0.19,0.1105153059028089
54,77,23,0.23,0.11603467578301206
82,91,9,0.09,0.09467720298795029
60,80,20,0.2,0.0613332843198441
84,92,8,0.08,0.10547244330635294
70,85,15,0.15,0.0936743249167921
90,95,5,0.05,0.10416322170873173
78,89,11,0.11,0.06908316831882985
68,84,16,0.16,0.1125020228838548
60,80,20,0.2,0.08832130820956081
74,87,13,0.13,0.1117305183596909
88,94,6,0.06,0.07213372573722154
76,88,12,0.12,0.10996036533266305
64,82,18,0.18,0.15001139425905421
74,87,13,0.13,0.08084119533654302
78,89,11,0.11,0.08390733778709546
70,85,15,0.15,0.10560659501235932
86,93,7,0.07,0.10013081582088489
76,88,12,0.12,0.10202220604987815
78,89,11,0.11,0.06353757719509304
76,88,12,0.12,0.13256968627218157
84,92,8,0.08,0.07946380515117198
74,87,13,0.13,0.11800346608273685
60,80,20,0.2,0.1426181747741066
64,82,18,0.18,0.12984603254823013
72,86,14,0.14,0.11433761193649844
80,90,10,0.1,0.06762560123810545
58,79,21,0.21,0.10803176973480731
72,86,14,0.14,0.09376924429787323
72,86,14,0.14,0.0963000337104313
74,87,13,0.13,0.11776715385727585
80,90,10,0.1,0.08572757223621011
66,83,17,0.17,0.13677135753678157
58,79,21,0.21,0.08308091388549656
76,88,12,0.12,0.1244105871982174
80,90,10,0.1,0.1038569647166878
72,86,14,0.14,0.1021251649898477
66,83,17,0.17,0.11067243793047965
66,83,17,0.17,0.10514678071020171
70,85,15,0.15,0.09018255100236275
62,81,19,0.19,0.07575943562667817
54,77,23,0.23,0.07857835899107159
68,84,16,0.16,0.13087469182442873
74,87,13,0.13,0.07112053471617401
74,87,13,0.13,0.10158397097140551
72,86,14,0.14,0.10350153932871763
66,83,17,0.17,0.10266390469158068
84,92,8,0.08,0.09040319069987163
78,89,11,0.11,0.08807728098356166
86,93,7,0.07,0.06549962392164162
74,87,13,0.13,0.09531839704723097
74,87,13,0.13,0.07065705793444067
84,92,8,0.08,0.15138442397568724
78,89,11,0.11,0.06784181753871962
74,87,13,0.13,0.11374679444590584
72,86,14,0.14,0.07578282992821186
84,92,8,0.08,0.09267083183163777
66,83,17,0.17,0.13159479965921492
72,86,14,0.14,0.11796870465856045
72,86,14,0.14,0.0791131794382818
66,83,17,0.17,0.08128403409617022
84,92,8,0.08,0.09045087978593074
74,87,13,0.13,0.08618224789039232
72,86,14,0.14,0.09318954253336414
48,74,26,0.26,0.10232984216883778
66,83,17,0.17,0.08997751051210798
70,85,15,0.15,0.07216182321193627
56,78,22,0.22,0.08715347010176629
86,93,7,0.07,0.09004066095221788
76,88,12,0.12,0.0725090790563263
78,89,11,0.11,0.07107357560191303
78,89,11,0.11,0.07034143378026783
78,89,11,0.11,0.07103745003929361
90,95,5,0.05,0.09263546324917116
68,84,16,0.16,0.07600039894226938
80,90,10,0.1,0.0420497021486517
66,83,17,0.17,0.09503467278787867
80,90,10,0.1,0.06125361511018127
84,92,8,0.08,0.08614789862476754
86,93,7,0.07,0.045836159031605345
68,84,16,0.16,0.08794062576373107
56,78,22,0.22,0.0986198365164455
72,86,14,0.14,0.12410094215767459
72,86,14,0.14,0.10760305601870641
82,91,9,0.09,0.1216381725273095
76,88,12,0.12,0.1364963332260959
82,91,9,0.09,0.08764249902451411
66,83,17,0.17,0.09377119447104633
74,87,13,0.13,0.07641151550546056
82,91,9,0.09,0.07831397024099715
68,84,16,0.16,0.09644643784733489
88,94,6,0.06,0.07158533449051901
72,86,14,0.14,0.07567155665485188
72,86,14,0.14,0.11593163395882584
90,95,5,0.05,0.09689772797981278
76,88,12,0.12,0.11387044994626194
82,91,9,0.09,0.12528650616761297
76,88,12,0.12,0.06348038173862733
74,87,13,0.13,0.11195734492386691
76,88,12,0.12,0.1270136268856004
72,86,14,0.14,0.16255769086894362
68,84,16,0.16,0.05245375938829966
72,86,14,0.14,0.13370185418898473
72,86,14,0.14,0.14459239069139584
76,88,12,0.12,0.13385288605699316
82,91,9,0.09,0.06652048942400142
74,87,13,0.13,0.10566371800610795
88,94,6,0.06,0.07230898120906204
76,88,12,0.12,0.09188140998361632
80,90,10,0.1,0.08188619238440879
78,89,11,0.11,0.11725235025864095
58,79,21,0.21,0.06385479651973583
76,88,12,0.12,0.0819017807301134
78,89,11,0.11,0.06437985982183818
80,90,10,0.1,0.09481769970385358
60,80,20,0.2,0.12171694515272975
68,84,16,0.16,0.053307358352467415
68,84,16,0.16,0.05534462172421627
68,84,16,0.16,0.08757325829938054
88,94,6,0.06,0.07919120657956227
56,78,22,0.22,0.0923122265742859
80,90,10,0.1,0.06642095132963732
62,81,19,0.19,0.09135367165785283
72,86,14,0.14,0.1033295474818442
78,89,11,0.11,0.09414403176284396
68,84,16,0.16,0.08338028456702887
86,93,7,0.07,0.06647914596484043
66,83,17,0.17,0.09961801578989253
70,85,15,0.15,0.049648366370529405
86,93,7,0.07,0.11291080989991314
86,93,7,0.07,0.07291833982686512
76,88,12,0.12,0.07907364097656683
74,87,13,0.13,0.05980050944257528
76,88,12,0.12,0.08143322938471101
74,87,13,0.13,0.06284439396229573
72,86,14,0.14,0.12786916492739692
76,88,12,0.12,0.04731638153200038
78,89,11,0.11,0.08216403099650052
86,93,7,0.07,0.08641979220788926
58,79,21,0.21,0.06281633878534194
62,81,19,0.19,0.07370828913350123
66,83,17,0.17,0.0739140844810754
60,80,20,0.2,0.08222339772968552
76,88,12,0.12,0.09660936922300607
56,78,22,0.22,0.08133383088861593
64,82,18,0.18,0.12117273893323727
60,80,20,0.2,0.09610086537897587
80,90,10,0.1,0.0942917153739836
76,88,12,0.12,0.07540447142906487
74,87,13,0.13,0.10042043638881296
64,82,18,0.18,0.08702800963073969
86,93,7,0.07,0.06391433875076473
62,81,19,0.19,0.07522025351179763
76,88,12,0.12,0.06914726120056912
74,87,13,0.13,0.12165822473471052
70,85,15,0.15,0.09387042723596097
62,81,19,0.19,0.09831639537238517
90,95,5,0.05,0.1025831140531227
78,89,11,0.11,0.14068519667722285
76,88,12,0.12,0.07602860303304623
58,79,21,0.21,0.0754452818306163
80,90,10,0.1,0.06543535326840356
80,90,10,0.1,0.08835997449234129
72,86,14,0.14,0.061313582081347705
60,80,20,0.2,0.10059126466105227
74,87,13,0.13,0.05290702578378841
72,86,14,0.14,0.10344866354716942
76,88,12,0.12,0.060573033043183386
70,85,15,0.15,0.07506402655388228
82,91,9,0.09,0.07194507249630988
56,78,22,0.22,0.10455863247159869
76,88,12,0.12,0.07926877057878301
74,87,13,0.13,0.05678281680040527
80,90,10,0.1,0.05815669000032358
56,78,22,0.22,0.09278140003443695
80,90,10,0.1,0.08264841067022644
84,92,8,0.08,0.05370626776944846
62,81,19,0.19,0.0834632207499817
80,90,10,0.1,0.09247493753442541
76,88,12,0.12,0.08192988827824593
80,90,10,0.1,0.07399820199236273
84,92,8,0.08,0.06063439507910516
80,90,10,0.1,0.11856590435956604
72,86,14,0.14,0.08797849956899881
58,79,21,0.21,0.0776255696680164
72,86,14,0.14,0.08375248540425673
62,81,19,0.19,0.14151916729402728
80,90,10,0.1,0.0639108468258928
74,87,13,0.13,0.08165934297023342
80,90,10,0.1,0.08094367153535131
80,90,10,0.1,0.10005035414214944
70,85,15,0.15,0.07449068202986382
66,83,17,0.17,0.08329658466391265
78,89,11,0.11,0.09481596929370426
70,85,15,0.15,0.1253227831586264
80,90,10,0.1,0.08550729864975437
64,82,18,0.18,0.10349637586070458
82,91,9,0.09,0.0845702254283242
72,86,14,0.14,0.09532095775939524
64,82,18,0.18,0.07914500003214925
88,94,6,0.06,0.06827463183202781
72,86,14,0.14,0.08712282453896478
68,84,16,0.16,0.06419893546451931
56,78,22,0.22,0.05661465844721533
80,90,10,0.1,0.05907942923833616
82,91,9,0.09,0.09012585281976498
72,86,14,0.14,0.08922372116765473
68,84,16,0.16,0.09577136572799645
64,82,18,0.18,0.07126403085072525
82,91,9,0.09,0.0510631311655743
64,82,18,0.18,0.08075755641795695
70,85,15,0.15,0.08005482317181305
84,92,8,0.08,0.07239820172777399
74,87,13,0.13,0.07199083672370761
70,85,15,0.15,0.11909302416373975
72,86,14,0.14,0.05464979237905936
84,92,8,0.08,0.055825749700161395
64,82,18,0.18,0.09525316258630483
74,87,13,0.13,0.06806391125661321
72,86,14,0.14,0.09902192406138056
84,92,8,0.08,0.0706307317444589
84,92,8,0.08,0.09763455226318911
80,90,10,0.1,0.06510680941311875
64,82,18,0.18,0.05919611334073124
66,83,17,0.17,0.12015906059648841
78,89,11,0.11,0.08826208942686208
76,88,12,0.12,0.047646966315805915
72,86,14,0.14,0.07289197869366035
66,83,17,0.17,0.10990655499190324
76,88,12,0.12,0.06435462851310149
78,89,11,0.11,0.058014918502303774
84,92,8,0.08,0.08545545444125309
74,87,13,0.13,0.11401214658573736
86,93,7,0.07,0.0727851636451669
68,84,16,0.16,0.07518781126360409
74,87,13,0.13,0.06257772013312206
72,86,14,0.14,0.08939770473050884
80,90,10,0.1,0.09591268382035195
58,79,21,0.21,0.057791523534688166
76,88,12,0.12,0.08261979840346612
78,89,11,0.11,0.10135948580689728
78,89,11,0.11,0.0940188907503034
68,84,16,0.16,0.07501081745722331
82,91,9,0.09,0.08746450172679034
74,87,13,0.13,0.051459547224221754
58,79,21,0.21,0.06444932013167999
72,86,14,0.14,0.06824833368969849
66,83,17,0.17,0.11642645705142059
86,93,7,0.07,0.06273908834264148
68,84,16,0.16,0.07619154404615984
90,95,5,0.05,0.05668746819603257
76,88,12,0.12,0.07361557839729357
76,88,12,0.12,0.0915409803634975
78,89,11,0.11,0.08873259312123992
78,89,11,0.11,0.0580296136776451
70,85,15,0.15,0.07916753877885639
74,87,13,0.13,0.07323205122840591
78,89,11,0.11,0.0643300417275168
68,84,16,0.16,0.0629545931267785
72,86,14,0.14,0.07731130168394884
66,83,17,0.17,0.07956068946048617
44,72,28,0.28,0.07183747742092236
68,84,16,0.16,0.08540768162347376
76,88,12,0.12,0.10533392219920643
64,82,18,0.18,0.07672750868368894
54,77,23,0.23,0.10153393956061336
78,89,11,0.11,0.08944169980939477
68,84,16,0.16,0.04115763903595507
74,87,13,0.13,0.08032229113276117
78,89,11,0.11,0.09305467261758167
66,83,17,0.17,0.061921301282709465
78,89,11,0.11,0.055046430595684794
84,92,8,0.08,0.08476611566031352
68,84,16,0.16,0.09415796253364533
56,78,22,0.22,0.09357435988378711
80,90,10,0.1,0.03825210609240457
80,90,10,0.1,0.09201235721062404
80,90,10,0.1,0.11018956996966153
70,85,15,0.15,0.091453535661567
68,84,16,0.16,0.057409378447337074
72,86,14,0.14,0.09188890027930029
82,91,9,0.09,0.08333007089211605
84,92,8,0.08,0.0529710713471286
68,84,16,0.16,0.071419288108591
68,84,16,0.16,0.07106176042521838
66,83,17,0.17,0.06238692408951465
80,90,10,0.1,0.060672710533835925
80,90,10,0.1,0.10099037961219437
86,93,7,0.07,0.04657382059493102
82,91,9,0.09,0.06186485389014706
68,84,16,0.16,0.14003505042172038
74,87,13,0.13,0.06756385877961293
76,88,12,0.12,0.08573855304624885
72,86,14,0.14,0.11300255110603757
84,92,8,0.08,0.08276746415998787
68,84,16,0.16,0.11602898901881417
80,90,10,0.1,0.08390091355191544
86,93,7,0.07,0.060236687212309334
66,83,17,0.17,0.048507907722378146
84,92,8,0.08,0.06908245276732487
82,91,9,0.09,0.07351709224036312
70,85,15,0.15,0.0592736202442029
74,87,13,0.13,0.07574400627985596
78,89,11,0.11,0.0591724711144343
62,81,19,0.19,0.05972621889202855
64,82,18,0.18,0.07511349668377079
60,80,20,0.2,0.10634067385166418
82,91,9,0.09,0.0528485200121213
84,92,8,0.08,0.06471155496546999
76,88,12,0.12,0.09858984571648761
78,89,11,0.11,0.08196843082390842
74,87,13,0.13,0.05084920058608986
50,75,25,0.25,0.0487718521815259
78,89,11,0.11,0.06626832406036556
70,85,15,0.15,0.0706301237862499
68,84,16,0.16,0.07688854233245365
66,83,17,0.17,0.058667652402073146
74,87,13,0.13,0.09387171728274551
46,73,27,0.27,0.07902843660092912
70,85,15,0.15,0.09661518832552246
72,86,14,0.14,0.09952014685841278
78,89,11,0.11,0.09273255916777998
64,82,18,0.18,0.07517695145565086
68,84,16,0.16,0.09069961586035788
82,91,9,0.09,0.12055928071320522
80,90,10,0.1,0.0820596051128814
52,76,24,0.24,0.06633189381274861
74,87,13,0.13,0.05847620890825055
82,91,9,0.09,0.10599167675594799
62,81,19,0.19,0.09197767474222929
66,83,17,0.17,0.09029888257500715
78,89,11,0.11,0.08513010646565818
82,91,9,0.09,0.06483693402027711
66,83,17,0.17,0.09766496302559972
74,87,13,0.13,0.0903053059161175
62,81,19,0.19,0.05963644155042857
72,86,14,0.14,0.11661208737175911
68,84,16,0.16,0.10030631350062322
68,84,16,0.16,0.06503234487958252
78,89,11,0.11,0.09885796348797157
78,89,11,0.11,0.10554996728315018
82,91,9,0.09,0.08747402115215663
72,86,14,0.14,0.07298583488445728
74,87,13,0.13,0.05895871177641311
78,89,11,0.11,0.11295920577365905
84,92,8,0.08,0.08050044596631778
70,85,15,0.15,0.04680679381941445
74,87,13,0.13,0.06903268011868931
68,84,16,0.16,0.10092241247883066
74,87,13,0.13,0.07975776772247628
52,76,24,0.24,0.08263145103235729
70,85,15,0.15,0.07674272729433142
80,90,10,0.1,0.09588165023713373
74,87,13,0.13,0.08758018422406166
78,89,11,0.11,0.06007195211481303
66,83,17,0.17,0.09223383358796128
74,87,13,0.13,0.08808552906790283
70,85,15,0.15,0.057104942365549506
84,92,8,0.08,0.0931264796690084
84,92,8,0.08,0.07271175125148148
88,94,6,0.06,0.07634775013342733
82,91,9,0.09,0.06147509961621836
82,91,9,0.09,0.058502919292077425
76,88,12,0.12,0.0991889516543597
80,90,10,0.1,0.0661562475177925
74,87,13,0.13,0.05106566176866181
64,82,18,0.18,0.10245810747379437
72,86,14,0.14,0.07160598262795247
70,85,15,0.15,0.09467545661842451
70,85,15,0.15,0.07599408312351442
88,94,6,0.06,0.07648735356982797
74,87,13,0.13,0.05511535795405507
72,86,14,0.14,0.07445170118822717
74,87,13,0.13,0.06805418783740606
78,89,11,0.11,0.06472935284429696
70,85,15,0.15,0.0644790066099813
70,85,15,0.15,0.05943413318134844
78,89,11,0.11,0.09696530176559463
58,79,21,0.21,0.0529214546296862
72,86,14,0.14,0.061696676352294165
74,87,13,0.13,0.08992360101809027
72,86,14,0.14,0.09898814034182578
88,94,6,0.06,0.07378796671517193
70,85,15,0.15,0.041576138901291415
78,89,11,0.11,0.08850554130069213
66,83,17,0.17,0.09172739900182933
74,87,13,0.13,0.10163533194339834
76,88,12,0.12,0.0661813599069137
74,87,13,0.13,0.0706245972623583
64,82,18,0.18,0.09846383550320752
86,93,7,0.07,0.08927886783058056
74,87,13,0.13,0.06360326216788963
70,85,15,0.15,0.0740260746650165
76,88,12,0.12,0.09867684635246406
78,89,11,0.11,0.0824330713407835
80,90,10,0.1,0.06430521940405015
78,89,11,0.11,0.0974126371636521
66,83,17,0.17,0.07917891800330835
84,92,8,0.08,0.07913607833674177
90,95,5,0.05,0.04740116268178099
72,86,14,0.14,0.054580974197015165
82,91,9,0.09,0.07137542944517918
74,87,13,0.13,0.06269004530389793
66,83,17,0.17,0.12198400126653723
80,90,10,0.1,0.05636689534643665
90,95,5,0.05,0.07874479656107723
64,82,18,0.18,0.06392116392496973
84,92,8,0.08,0.09029186477302574
76,88,12,0.12,0.10622240970667918
56,78,22,0.22,0.05383084847773716
72,86,14,0.14,0.06487880267668515
78,89,11,0.11,0.06502004238489462
56,78,22,0.22,0.04562097072295728
80,90,10,0.1,0.083194506916916
78,89,11,0.11,0.06646375049254857
78,89,11,0.11,0.06234021864715032
68,84,16,0.16,0.07516319764330547
72,86,14,0.14,0.12131946018838789
68,84,16,0.16,0.08369243363995338
60,80,20,0.2,0.08609513830859214
58,79,21,0.21,0.06221553066279739
68,84,16,0.16,0.07492861685925163
68,84,16,0.16,0.06771934639371466
68,84,16,0.16,0.0959846322867088
70,85,15,0.15,0.06955511618289165
66,83,17,0.17,0.08628441831737291
64,82,18,0.18,0.08014811765751802
66,83,17,0.17,0.08514148724148982
66,83,17,0.17,0.07349525487981737
72,86,14,0.14,0.07517166765639559
70,85,15,0.15,0.08841349245631136
86,93,7,0.07,0.07577388858888298
90,95,5,0.05,0.076317610606784
66,83,17,0.17,0.046981302506756036
76,88,12,0.12,0.05884670055354945
56,78,22,0.22,0.0963814540032763
82,91,9,0.09,0.07274069547653199
66,83,17,0.17,0.07424340909579769
84,92,8,0.08,0.11135982965584844
70,85,15,0.15,0.07401777397026307
68,84,16,0.16,0.07999004271812737
80,90,10,0.1,0.10778979405295104
74,87,13,0.13,0.06960731399653014
78,89,11,0.11,0.11230743503430858
68,84,16,0.16,0.0743576144031249
68,84,16,0.16,0.08997112066252157
66,83,17,0.17,0.09198510940885171
72,86,14,0.14,0.08185008419648511
60,80,20,0.2,0.11908575722016394
86,93,7,0.07,0.12417367676040157
66,83,17,0.17,0.09249838763556908
68,84,16,0.16,0.10674145826895255
82,91,9,0.09,0.06001267065643333
78,89,11,0.11,0.09997274509631097
72,86,14,0.14,0.10265300732338802
68,84,16,0.16,0.08142553549798322
66,83,17,0.17,0.0915998573746765
86,93,7,0.07,0.08805628245929256
78,89,11,0.11,0.1066711754957214
84,92,8,0.08,0.10656017880188301
80,90,10,0.1,0.12041403720621019
82,91,9,0.09,0.09669110871676821
76,88,12,0.12,0.06926579978899099
76,88,12,0.12,0.0591576675279066
70,85,15,0.15,0.06630996952066198
90,95,5,0.05,0.12246157414687332
66,83,17,0.17,0.08779288948979229
76,88,12,0.12,0.08130499815801158
86,93,7,0.07,0.11077387003228069
82,91,9,0.09,0.09859479236300103
76,88,12,0.12,0.09408244287827984
86,93,7,0.07,0.08879856996121817
54,77,23,0.23,0.08634751584701007
76,88,12,0.12,0.10259224758017808
72,86,14,0.14,0.1118917982315179
84,92,8,0.08,0.06544311562087386
64,82,18,0.18,0.07617034501163289
72,86,14,0.14,0.08971385332522913
74,87,13,0.13,0.08176464146788931
72,86,14,0.14,0.09067426297231578
88,94,6,0.06,0.10066624964587391
76,88,12,0.12,0.0844723901420366
74,87,13,0.13,0.08619963542209007
70,85,15,0.15,0.06681906692916527
82,91,9,0.09,0.044142687664716504
86,93,7,0.07,0.057940181841840965
90,95,5,0.05,0.08895108759956201
74,87,13,0.13,0.0746783178113401
70,85,15,0.15,0.10724540783790872
74,87,13,0.13,0.028920419260393827
92,96,4,0.04,0.09732021378975332
76,88,12,0.12,0.09851390009513125
80,90,10,0.1,0.10019992936751805
86,93,7,0.07,0.04985302118468098
94,97,3,0.03,0.02851085333211813
60,80,20,0.2,0.06615883014630526
82,91,9,0.09,0.056490358864539306
78,89,11,0.11,0.0827251210497343
72,86,14,0.14,0.059325192641699685
66,83,17,0.17,0.06549920352379558
78,89,11,0.11,0.09728007850470022
66,83,17,0.17,0.08561268645229575
62,81,19,0.19,0.04824372511531692
76,88,12,0.12,0.08060347629128956
80,90,10,0.1,0.05203736837662291
64,82,18,0.18,0.09972899153653998
70,85,15,0.15,0.0933231257420266
76,88,12,0.12,0.06736805597945932
76,88,12,0.12,0.04339392255409621
70,85,15,0.15,0.07784089171793313
84,92,8,0.08,0.07493213399058732
64,82,18,0.18,0.054352167665492744
70,85,15,0.15,0.05497334099025466
78,89,11,0.11,0.049973283231956885
84,92,8,0.08,0.06519439929397777
80,90,10,0.1,0.05918001989310142
76,88,12,0.12,0.035827362744403214
62,81,19,0.19,0.06725657716742717
72,86,14,0.14,0.07492212133831344
76,88,12,0.12,0.05981426369864493
74,87,13,0.13,0.07160333231353434
66,83,17,0.17,0.07434024220099672
78,89,11,0.11,0.06596238894271664
78,89,11,0.11,0.08459085637819953
74,87,13,0.13,0.07176037209108471
78,89,11,0.11,0.04677624589414336
50,75,25,0.25,0.04827910742838867
76,88,12,0.12,0.0648861046897946
78,89,11,0.11,0.07408040311536751
66,83,17,0.17,0.08074040803825483
68,84,16,0.16,0.08532314436655725
78,89,11,0.11,0.08079266101121903
62,81,19,0.19,0.08218074267846533
76,88,12,0.12,0.08218629654031247
68,84,16,0.16,0.08240919979754835
80,90,10,0.1,0.07914779316663044
80,90,10,0.1,0.06040098607656546
68,84,16,0.16,0.07233009597985074
68,84,16,0.16,0.06804563614074141
84,92,8,0.08,0.09118671351578087
86,93,7,0.07,0.08297554959601257
84,92,8,0.08,0.06519289078773
60,80,20,0.2,0.06490712461163639
72,86,14,0.14,0.060650059541221706
78,89,11,0.11,0.08197865853842813
84,92,8,0.08,0.0583091882057488
78,89,11,0.11,0.06189957747352309
60,80,20,0.2,0.09839815445709973
56,78,22,0.22,0.06334936187166022
64,82,18,0.18,0.08460816956590861
62,81,19,0.19,0.0725948051630985
54,77,23,0.23,0.14310247237212026
66,83,17,0.17,0.06950856473878958
70,85,15,0.15,0.11396518065477722
82,91,9,0.09,0.07580021471017971
70,85,15,0.15,0.0798543622996658
56,78,22,0.22,0.1169068835361395
78,89,11,0.11,0.10433926510508172
82,91,9,0.09,0.06115755845268723
60,80,20,0.2,0.1115094718709588
66,83,17,0.17,0.12404245594516397
72,86,14,0.14,0.09057984137441963
76,88,12,0.12,0.09647492499483633
70,85,15,0.15,0.08113640832481905
86,93,7,0.07,0.07990094411332394
84,92,8,0.08,0.06656521105905995
80,90,10,0.1,0.05351143405074254
76,88,12,0.12,0.06577586538391188
78,89,11,0.11,0.07599207213963383
64,82,18,0.18,0.06189207650022581
62,81,19,0.19,0.08537974375765771
70,85,15,0.15,0.09097171854227781
68,84,16,0.16,0.05720253634033725
92,96,4,0.04,0.05211752199102193
80,90,10,0.1,0.1047825963026844
76,88,12,0.12,0.11152803690638394
74,87,13,0.13,0.044105738033540544
64,82,18,0.18,0.049302324055461214
84,92,8,0.08,0.08705632285913452
76,88,12,0.12,0.06763590949587524
82,91,9,0.09,0.091630519812461
74,87,13,0.13,0.04377621393476147
84,92,8,0.08,0.0508621877070982
76,88,12,0.12,0.0812100641336292
76,88,12,0.12,0.049233651791582816
74,87,13,0.13,0.10860201415256597
74,87,13,0.13,0.06596728358184918
74,87,13,0.13,0.0742002016142942
66,83,17,0.17,0.06740460825210903
74,87,13,0.13,0.08513023350387812
66,83,17,0.17,0.05929198127007112
64,82,18,0.18,0.08421330263721756
78,89,11,0.11,0.09417043806228322
70,85,15,0.15,0.09403566184453666
76,88,12,0.12,0.0739608634565957
66,83,17,0.17,0.07334565741999541
78,89,11,0.11,0.08076851015095599
76,88,12,0.12,0.10536065672989935
82,91,9,0.09,0.06888476724736392
66,83,17,0.17,0.07521042867563665
62,81,19,0.19,0.07116064157802611
76,88,12,0.12,0.0841421442097635
92,96,4,0.04,0.05174193384169484
86,93,7,0.07,0.07595578217413276
76,88,12,0.12,0.06789189336821437
84,92,8,0.08,0.13676549446070566
80,90,10,0.1,0.07491591864265501
78,89,11,0.11,0.0789401703956537
90,95,5,0.05,0.0712111277517397
78,89,11,0.11,0.0757090006256476
84,92,8,0.08,0.09390437265159562
66,83,17,0.17,0.0663251918007154
66,83,17,0.17,0.09484650388360023
92,96,4,0.04,0.0672640237180167
74,87,13,0.13,0.08502779857255519
84,92,8,0.08,0.09733604410663248
70,85,15,0.15,0.06869340640492737
80,90,10,0.1,0.05218082076637074
58,79,21,0.21,0.11858616247307509
88,94,6,0.06,0.09507393065985525
64,82,18,0.18,0.08322731930587907
66,83,17,0.17,0.07181279966200237
76,88,12,0.12,0.06273736164206639
64,82,18,0.18,0.08570205680211075
76,88,12,0.12,0.08311794954024662
78,89,11,0.11,0.07611415000283159
74,87,13,0.13,0.06154098948463797
88,94,6,0.06,0.07883323782472872
68,84,16,0.16,0.06836514195660129
80,90,10,0.1,0.07461994937621057
72,86,14,0.14,0.04340446735848673
68,84,16,0.16,0.11493156023789197
68,84,16,0.16,0.06679490463808178
64,82,18,0.18,0.116849161144346
78,89,11,0.11,0.0486235366584151
68,84,16,0.16,0.10535875489818863
64,82,18,0.18,0.05708380771218799
66,83,17,0.17,0.08959613842773251
58,79,21,0.21,0.10623143626726232
82,91,9,0.09,0.07384257362689822
66,83,17,0.17,0.090445787566714
78,89,11,0.11,0.0936951706650143
86,93,7,0.07,0.07579787517606747
72,86,14,0.14,0.06934331560274586
64,82,18,0.18,0.07055351180664729
78,89,11,0.11,0.0713023053361394
66,83,17,0.17,0.07087119725212687
60,80,20,0.2,0.07299311586422846
68,84,16,0.16,0.08641800002427771
74,87,13,0.13,0.08549847341142595
72,86,14,0.14,0.0735227776755346
76,88,12,0.12,0.06701647589798085
72,86,14,0.14,0.10784879254177213
72,86,14,0.14,0.10484694008657243
62,81,19,0.19,0.0726341916329693
72,86,14,0.14,0.12819634504034183
80,90,10,0.1,0.11593068820191547
84,92,8,0.08,0.11691281737643294
58,79,21,0.21,0.05639644826180302
74,87,13,0.13,0.08423544012533966
86,93,7,0.07,0.078851189565612
78,89,11,0.11,0.11220500083640218
78,89,11,0.11,0.06153062734287232
76,88,12,0.12,0.052256001675268636
78,89,11,0.11,0.05556927256868221
70,85,15,0.15,0.09339180962648243
56,78,22,0.22,0.05766370182158426
84,92,8,0.08,0.08424837434547953
78,89,11,0.11,0.1044154040561989
76,88,12,0.12,0.060553517016523985
78,89,11,0.11,0.07051077029202134
78,89,11,0.11,0.13414352780673652
80,90,10,0.1,0.09387297382694669
78,89,11,0.11,0.06645735826576128
64,82,18,0.18,0.12939224940782879
72,86,14,0.14,0.08560593166854233
72,86,14,0.14,0.10435033413523342
72,86,14,0.14,0.07954185904702171
82,91,9,0.09,0.09133506452199072
76,88,12,0.12,0.09469802544685081
64,82,18,0.18,0.10787044466589578
68,84,16,0.16,0.09078250777442008
72,86,14,0.14,0.10233330559742171
72,86,14,0.14,0.06981166234676493
90,95,5,0.05,0.07073357340297662
88,94,6,0.06,0.06962749164667911
62,81,19,0.19,0.05808392918901518
74,87,13,0.13,0.0802076792740263
82,91,9,0.09,0.07108662108075806
72,86,14,0.14,0.06737654539756477
74,87,13,0.13,0.08985035891528241
80,90,10,0.1,0.028855547140701675
70,85,15,0.15,0.07991292989987414
80,90,10,0.1,0.07915396143624093
76,88,12,0.12,0.09709498026990332
72,86,14,0.14,0.11729068636894226
82,91,9,0.09,0.05510963994427584
72,86,14,0.14,0.08287370215344708
74,87,13,0.13,0.06699427644140087
80,90,10,0.1,0.10503286922699771
66,83,17,0.17,0.06872486181906425
82,91,9,0.09,0.06125180672854185
68,84,16,0.16,0.05849735961877741
78,89,11,0.11,0.07020269005355657
56,78,22,0.22,0.10070105912862345
84,92,8,0.08,0.10380664332653396
80,90,10,0.1,0.052279786608851284
64,82,18,0.18,0.06357041064184159
74,87,13,0.13,0.09361118277767673
74,87,13,0.13,0.04948069899284747
64,82,18,0.18,0.07349056303559337
64,82,18,0.18,0.04696192891540704
70,85,15,0.15,0.08032276253215968
80,90,10,0.1,0.1338408686767798
84,92,8,0.08,0.08808107362361625
88,94,6,0.06,0.08764655698905699
80,90,10,0.1,0.07740018317883368
70,85,15,0.15,0.0625929325708421
76,88,12,0.12,0.052497811927460135
80,90,10,0.1,0.09581578934332356
86,93,7,0.07,0.08412916036788375
90,95,5,0.05,0.06827782123727957
76,88,12,0.12,0.08154884880408644
66,83,17,0.17,0.07377296217542607
80,90,10,0.1,0.06209662462817505
86,93,7,0.07,0.09311540796246845
58,79,21,0.21,0.0840957369748503
86,93,7,0.07,0.10979619237943553
78,89,11,0.11,0.04526071087238961
72,86,14,0.14,0.08587165303877554
78,89,11,0.11,0.04980733191068794
74,87,13,0.13,0.06668087987462058
90,95,5,0.05,0.08452530241454952
70,85,15,0.15,0.07677054075989873
66,83,17,0.17,0.08164807976805605
90,95,5,0.05,0.09935962151444983
74,87,13,0.13,0.06801346374326385
74,87,13,0.13,0.0463712066761218
56,78,22,0.22,0.07714438940165565
82,91,9,0.09,0.07264651209421573
68,84,16,0.16,0.06471502917353064
66,83,17,0.17,0.06695397566421889
82,91,9,0.09,0.07824760813033209
64,82,18,0.18,0.0796267183899181
60,80,20,0.2,0.06576451538341643
78,89,11,0.11,0.06938681696337881
74,87,13,0.13,0.06276766548515297
86,93,7,0.07,0.08264296051755082
76,88,12,0.12,0.06885571575840004
88,94,6,0.06,0.06872860584669979
76,88,12,0.12,0.11153224652865902
60,80,20,0.2,0.06857124642818235
78,89,11,0.11,0.043375445236451926
82,91,9,0.09,0.04546651089505758
80,90,10,0.1,0.05753796820994467
74,87,13,0.13,0.09442313254869078
70,85,15,0.15,0.049693978707073254
70,85,15,0.15,0.07272855523624458
76,88,12,0.12,0.05029300945345312
82,91,9,0.09,0.04876767488080077
72,86,14,0.14,0.08079371287371032
76,88,12,0.12,0.06470602708868682
66,83,17,0.17,0.07296549287682864
74,87,13,0.13,0.04486629588122014
64,82,18,0.18,0.07395176642341539
70,85,15,0.15,0.05856873402954079
48,74,26,0.26,0.07772505972068756
74,87,13,0.13,0.09479658329426456
66,83,17,0.17,0.0724660025164485
66,83,17,0.17,0.08558385848009493
80,90,10,0.1,0.0509592399885878
78,89,11,0.11,0.0678672224006732
84,92,8,0.08,0.08643393891863525
74,87,13,0.13,0.048963451349991374
68,84,16,0.16,0.06667159043630817
52,76,24,0.24,0.08885495168389752
70,85,15,0.15,0.0858404496544972
56,78,22,0.22,0.08061535657034255
58,79,21,0.21,0.12347142294282093
78,89,11,0.11,0.08806658235320355
76,88,12,0.12,0.10064904928964097
62,81,19,0.19,0.10064771693898365
62,81,19,0.19,0.08000321873230859
68,84,16,0.16,0.11179364988813177
62,81,19,0.19,0.07920311205438338
70,85,15,0.15,0.09098098125657998
78,89,11,0.11,0.08145123976864851
72,86,14,0.14,0.10633883137837984
66,83,17,0.17,0.08084635657025502
78,89,11,0.11,0.09525453970301896
62,81,19,0.19,0.09541700508852954
68,84,16,0.16,0.0750971129257232
64,82,18,0.18,0.05936130775051424
62,81,19,0.19,0.1262817527167499
76,88,12,0.12,0.09554693022277207
80,90,10,0.1,0.10026194592413958
78,89,11,0.11,0.08501904552453197
74,87,13,0.13,0.06939655483292881
78,89,11,0.11,0.04624775224132463
72,86,14,0.14,0.091492923363694
80,90,10,0.1,0.11387337133055553
78,89,11,0.11,0.07501631776452995
74,87,13,0.13,0.05924045591033064
68,84,16,0.16,0.06597805969882757
84,92,8,0.08,0.08598608039086685
76,88,12,0.12,0.07231017681653612
58,79,21,0.21,0.11333949147316162
74,87,13,0.13,0.07608022639993578
70,85,15,0.15,0.10534322635736316
78,89,11,0.11,0.11512453915929655
82,91,9,0.09,0.08411020269566506
56,78,22,0.22,0.0832688841324125
88,94,6,0.06,0.09394283598987385
74,87,13,0.13,0.12039403258881066
70,85,15,0.15,0.08253031213505892
68,84,16,0.16,0.0794368375684644
76,88,12,0.12,0.06035670935525559
68,84,16,0.16,0.06958611403591931
70,85,15,0.15,0.07805874947225674
66,83,17,0.17,0.06920680978568271
72,86,14,0.14,0.11633969351882115
76,88,12,0.12,0.08145261694386136
72,86,14,0.14,0.06745391179807485
80,90,10,0.1,0.06273750436666888
56,78,22,0.22,0.05173782204277813
80,90,10,0.1,0.05455470983870327
74,87,13,0.13,0.09038884781883098
84,92,8,0.08,0.07584070313489065
72,86,14,0.14,0.0678467959119007
84,92,8,0.08,0.09975093102199026
70,85,15,0.15,0.08571899577276781
60,80,20,0.2,0.06818555820966139
62,81,19,0.19,0.0934892503276933
78,89,11,0.11,0.08548319429159164
64,82,18,0.18,0.05481782692368142
48,74,26,0.26,0.07140693590510637
74,87,13,0.13,0.08366148800007067
86,93,7,0.07,0.09963550425251015
78,89,11,0.11,0.06638186610711273
74,87,13,0.13,0.09163148362305946
54,77,23,0.23,0.07689584881067275
74,87,13,0.13,0.05205200802360196
78,89,11,0.11,0.08216650184942409
88,94,6,0.06,0.06910835175658576
74,87,13,0.13,0.08354377448325977
66,83,17,0.17,0.0625274202239234
72,86,14,0.14,0.10818624607403762
78,89,11,0.11,0.05004051590920426
76,88,12,0.12,0.08020411428093212
76,88,12,0.12,0.08499632164021023
60,80,20,0.2,0.06455002196249553
72,86,14,0.14,0.05688058370607905
72,86,14,0.14,0.0789013137924485
80,90,10,0.1,0.09704508822032949
64,82,18,0.18,0.06818082385347225
78,89,11,0.11,0.06029218622832559
90,95,5,0.05,0.06347854590916541
64,82,18,0.18,0.06457236257963814
64,82,18,0.18,0.055652710740687325
70,85,15,0.15,0.09067246585851535
78,89,11,0.11,0.09578911866759882
58,79,21,0.21,0.06664093429455534
70,85,15,0.15,0.07885158204531763
62,81,19,0.19,0.07297026008367538
72,86,14,0.14,0.066007424374111
68,84,16,0.16,0.06573367003118619
62,81,19,0.19,0.048982682892819866
80,90,10,0.1,0.043434200652991424
76,88,12,0.12,0.06892258751555345
64,82,18,0.18,0.0911681559556746
56,78,22,0.22,0.06235332897282206
72,86,14,0.14,0.11810615549940849
50,75,25,0.25,0.05989858481916599
68,84,16,0.16,0.06341536334599368
86,93,7,0.07,0.05567071952682454
62,81,19,0.19,0.09165479424176738
82,91,9,0.09,0.0663067987957038
78,89,11,0.11,0.06543188359122723
82,91,9,0.09,0.076904434930766
74,87,13,0.13,0.10045154185732827
78,89,11,0.11,0.05773529412574135
66,83,17,0.17,0.06661651474772952
58,79,21,0.21,0.04440386782691348
56,78,22,0.22,0.09549654098736937
88,94,6,0.06,0.07689927930478006
62,81,19,0.19,0.09601992001524196
80,90,10,0.1,0.05070795220555738
66,83,17,0.17,0.11073430209653452
74,87,13,0.13,0.08600785316200926
56,78,22,0.22,0.10122062120819464
86,93,7,0.07,0.07354920157697052
64,82,18,0.18,0.07665844083530829
68,84,16,0.16,0.08679758788202889
74,87,13,0.13,0.07595806282828561
66,83,17,0.17,0.07374272224260495
74,87,13,0.13,0.08112040486186743
86,93,7,0.07,0.07700909733539447
58,79,21,0.21,0.08001972035504877
70,85,15,0.15,0.05915454788831994
58,79,21,0.21,0.07063056297600269
70,85,15,0.15,0.09100962494616396
78,89,11,0.11,0.08592108378536067
86,93,7,0.07,0.07494057130534201
66,83,17,0.17,0.0472756076339283
74,87,13,0.13,0.06313387319387402
86,93,7,0.07,0.06375060680031311
78,89,11,0.11,0.051442723779473454
80,90,10,0.1,0.04642889279173687
72,86,14,0.14,0.11236591124208645
66,83,17,0.17,0.08127570834360086
68,84,16,0.16,0.07512601065682248
66,83,17,0.17,0.07723690845334204
78,89,11,0.11,0.058257886783685535
86,93,7,0.07,0.07729171731742099
86,93,7,0.07,0.0975419210374821
74,87,13,0.13,0.08734205104279681
84,92,8,0.08,0.036116059198975564
74,87,13,0.13,0.08572908266680315
84,92,8,0.08,0.11677995760634076
70,85,15,0.15,0.060638143290416335
72,86,14,0.14,0.05771916889643762
68,84,16,0.16,0.07498429282801226
90,95,5,0.05,0.11193609718204243
74,87,13,0.13,0.04470450529363006
64,82,18,0.18,0.06638733916333876
78,89,11,0.11,0.09209330965299159
62,81,19,0.19,0.08781001666851808
68,84,16,0.16,0.04721575556090102
64,82,18,0.18,0.06474657772690989
70,85,15,0.15,0.1018733040773077
76,88,12,0.12,0.08682178245508113
74,87,13,0.13,0.07639625962823629
68,84,16,0.16,0.04909337038872764
76,88,12,0.12,0.08151464977185242
74,87,13,0.13,0.06476027162047103
84,92,8,0.08,0.07051744159020018
64,82,18,0.18,0.11080588094861014
76,88,12,0.12,0.053126090396544895
82,91,9,0.09,0.051301068364991806
74,87,13,0.13,0.08677094895218034
76,88,12,0.12,0.030483461883850396
70,85,15,0.15,0.04698456304846332
80,90,10,0.1,0.0690474690469273
66,83,17,0.17,0.08377999439253472
78,89,11,0.11,0.05495393976336345
80,90,10,0.1,0.048680731221102176
82,91,9,0.09,0.0691215018951334
66,83,17,0.17,0.07124877708149142
72,86,14,0.14,0.06382363379292656
76,88,12,0.12,0.10104084196151235
80,90,10,0.1,0.07956637802533806
70,85,15,0.15,0.05682117190794088
90,95,5,0.05,0.07007931013242341
70,85,15,0.15,0.0742895147477975
62,81,19,0.19,0.0604479307976726
78,89,11,0.11,0.04610938369616633
72,86,14,0.14,0.056094205465342384
70,85,15,0.15,0.0724956000468228
90,95,5,0.05,0.05150127346612862
78,89,11,0.11,0.07695794862578623
74,87,13,0.13,0.05187182485242374
64,82,18,0.18,0.05747281982447021
82,91,9,0.09,0.0806046183896251
72,86,14,0.14,0.08277491450600792
58,79,21,0.21,0.05680786944401916
74,87,13,0.13,0.13026588650187476
74,87,13,0.13,0.06738206378497125
78,89,11,0.11,0.05459848274826072
76,88,12,0.12,0.08062754630111157
68,84,16,0.16,0.1086485773458844
76,88,12,0.12,0.06129317804123275
78,89,11,0.11,0.08710746517666848
64,82,18,0.18,0.07292185377358691
68,84,16,0.16,0.09518486705201212
82,91,9,0.09,0.0663328963702952
84,92,8,0.08,0.07961753648763988
74,87,13,0.13,0.06607568120103678
78,89,11,0.11,0.05770428418414667
74,87,13,0.13,0.04277461040794151
90,95,5,0.05,0.08633943195571192
92,96,4,0.04,0.05223470464610727
74,87,13,0.13,0.09669827120553237
78,89,11,0.11,0.09171309110883158
76,88,12,0.12,0.05766473457530083
70,85,15,0.15,0.09317775736795739
66,83,17,0.17,0.06611535796226235
60,80,20,0.2,0.10486413298465777
72,86,14,0.14,0.07836475784279173
78,89,11,0.11,0.0820648369716946
80,90,10,0.1,0.07158985078451224
76,88,12,0.12,0.1078037313115783
82,91,9,0.09,0.06500468364800327
82,91,9,0.09,0.096840688593511
76,88,12,0.12,0.07260111576470081
84,92,8,0.08,0.08555206330376677
76,88,12,0.12,0.08640707466984168
68,84,16,0.16,0.06825278447475285
74,87,13,0.13,0.06114116547221784
80,90,10,0.1,0.05862832512124441
74,87,13,0.13,0.06160907710902393
78,89,11,0.11,0.09414212958421558
64,82,18,0.18,0.050815322475973514
74,87,13,0.13,0.06621922502177767
74,87,13,0.13,0.05404551822808571
74,87,13,0.13,0.05038575828744797
62,81,19,0.19,0.07379537207307293
66,83,17,0.17,0.08044656602549366
76,88,12,0.12,0.05048794245463796
66,83,17,0.17,0.06252571558987256
64,82,18,0.18,0.05942301884875633
86,93,7,0.07,0.07147514438605868
74,87,13,0.13,0.06662617816473357
64,82,18,0.18,0.08388867434085114
80,90,10,0.1,0.08192463258485078
72,86,14,0.14,0.05439133635518374
70,85,15,0.15,0.04132330675376579
60,80,20,0.2,0.0812464972154703
80,90,10,0.1,0.08525429886591156
84,92,8,0.08,0.07277677169302478
84,92,8,0.08,0.056825186550850046
70,85,15,0.15,0.05478587619698374
70,85,15,0.15,0.05590055993176066
68,84,16,0.16,0.08982871080108452
70,85,15,0.15,0.08127350265509449
78,89,11,0.11,0.07563103438209509
78,89,11,0.11,0.039116817229660227
68,84,16,0.16,0.07320778475608676
72,86,14,0.14,0.05968983087921515
46,73,27,0.27,0.051050258248578756
70,85,15,0.15,0.06873260135529563
62,81,19,0.19,0.08835392052598763
84,92,8,0.08,0.0681795461132424
70,85,15,0.15,0.10750573987723328
84,92,8,0.08,0.06449018941726535
68,84,16,0.16,0.1025027607101947
66,83,17,0.17,0.06205711198272183
80,90,10,0.1,0.058961845238227395
70,85,15,0.15,0.08599893193109892
68,84,16,0.16,0.0930118188727647
80,90,10,0.1,0.041789826613385234
70,85,15,0.15,0.047668782756954894
76,88,12,0.12,0.06705529279191978
68,84,16,0.16,0.062224197940668094
66,83,17,0.17,0.07846512268530205
86,93,7,0.07,0.07536116557894275
64,82,18,0.18,0.059652840882481545
88,94,6,0.06,0.09946991485165199
70,85,15,0.15,0.0650030695006717
78,89,11,0.11,0.09558188494156639
82,91,9,0.09,0.06543297777330735
66,83,17,0.17,0.06470834409003146
80,90,10,0.1,0.06986670103156939
68,84,16,0.16,0.102159026338486
86,93,7,0.07,0.09959630903671496
74,87,13,0.13,0.0869132185226772
64,82,18,0.18,0.09279416270896036
84,92,8,0.08,0.07467302638106048
82,91,9,0.09,0.07195420771604404
68,84,16,0.16,0.050179124602000226
60,80,20,0.2,0.09557032767217606
76,88,12,0.12,0.05410919794288929
72,86,14,0.14,0.07012623040820472
66,83,17,0.17,0.06709164719912224
58,79,21,0.21,0.061318895743461325
84,92,8,0.08,0.0746801257194602
74,87,13,0.13,0.08437296780291945
82,91,9,0.09,0.06704931673244573
66,83,17,0.17,0.07035052845894825
70,85,15,0.15,0.0881772396285669
70,85,15,0.15,0.0434147048505838
90,95,5,0.05,0.07685407395096262
74,87,13,0.13,0.057379128049651625
58,79,21,0.21,0.0793332164012827
68,84,16,0.16,0.07993323788861745
78,89,11,0.11,0.08642754330066964
58,79,21,0.21,0.09794182752491906
78,89,11,0.11,0.06301373243855778
74,87,13,0.13,0.06368918003048747
60,80,20,0.2,0.07259545815293678
68,84,16,0.16,0.105573048167862
70,85,15,0.15,0.07111163946916349
82,91,9,0.09,0.0833388222855865
86,93,7,0.07,0.07859867505001603
70,85,15,0.15,0.07058664892334492
68,84,16,0.16,0.0694587341172155
68,84,16,0.16,0.0909144216158893
70,85,15,0.15,0.06179658748209477
74,87,13,0.13,0.06344583890167996
64,82,18,0.18,0.07574581623775885
72,86,14,0.14,0.09787215785996523
74,87,13,0.13,0.09219951992155984
84,92,8,0.08,0.060273417322314345
80,90,10,0.1,0.07985298530664295
80,90,10,0.1,0.05683410599187482
72,86,14,0.14,0.09590679316548631
60,80,20,0.2,0.08959690061863512
80,90,10,0.1,0.09722684764303267
78,89,11,0.11,0.05245751578040654
56,78,22,0.22,0.08502512393984944
66,83,17,0.17,0.066240787038696
90,95,5,0.05,0.08976332293939776
70,85,15,0.15,0.07658775491407141
72,86,14,0.14,0.07832449880894274
78,89,11,0.11,0.08289541042060591
90,95,5,0.05,0.07845437285257503
80,90,10,0.1,0.10434731125518738
74,87,13,0.13,0.07721978802466765
68,84,16,0.16,0.08035744868044276
72,86,14,0.14,0.08082489966764114
74,87,13,0.13,0.13345139582525006
68,84,16,0.16,0.10842883132921997
64,82,18,0.18,0.06864909179043024
80,90,10,0.1,0.06985545859439299
84,92,8,0.08,0.06244611992617138
80,90,10,0.1,0.07297526306007057
72,86,14,0.14,0.07956069159321487
64,82,18,0.18,0.06511314596049488
74,87,13,0.13,0.06150765469763428
72,86,14,0.14,0.11776201062646578
82,91,9,0.09,0.03855298003647476
70,85,15,0.15,0.07061497648479417
82,91,9,0.09,0.08397660065500531
76,88,12,0.12,0.05411140856071142
64,82,18,0.18,0.0489755957107991
68,84,16,0.16,0.06771374046453275
78,89,11,0.11,0.07464693103211176
76,88,12,0.12,0.05818564596003853
78,89,11,0.11,0.05482395472936332
64,82,18,0.18,0.05220509552978911
74,87,13,0.13,0.07854204339906573
74,87,13,0.13,0.05406025915814098
78,89,11,0.11,0.0769317862240132
80,90,10,0.1,0.04341901244246401
58,79,21,0.21,0.04688582664530259
70,85,15,0.15,0.044588672077516094
86,93,7,0.07,0.06930084888532292
96,98,2,0.02,0.0553774610219989
64,82,18,0.18,0.05060509080765769
80,90,10,0.1,0.044224896103842185
88,94,6,0.06,0.04677754741278477
72,86,14,0.14,0.07543770443531685
72,86,14,0.14,0.08885045841278043
68,84,16,0.16,0.057679008331615475
78,89,11,0.11,0.050116161353362255
70,85,15,0.15,0.07283335664193145
84,92,8,0.08,0.08852298894547857
80,90,10,0.1,0.06870577162015251
52,76,24,0.24,0.11771869658259675
76,88,12,0.12,0.052796507735038176
72,86,14,0.14,0.07306453397963196
72,86,14,0.14,0.09347242450457997
80,90,10,0.1,0.06003499046317302
64,82,18,0.18,0.046629391761962326
80,90,10,0.1,0.12718864375376143
74,87,13,0.13,0.05424553874967387
72,86,14,0.14,0.05050244685000507
78,89,11,0.11,0.1016254900326021
86,93,7,0.07,0.10843370591872371
74,87,13,0.13,0.10996667319210246
80,90,10,0.1,0.10118665396003053
70,85,15,0.15,0.07350729519966989
80,90,10,0.1,0.0297709063149523
60,80,20,0.2,0.06440853237989358
68,84,16,0.16,0.06456057908188086
74,87,13,0.13,0.08084632842685097
70,85,15,0.15,0.0683238949259976
66,83,17,0.17,0.05571798911434598
74,87,13,0.13,0.062011315799318255
74,87,13,0.13,0.06603174358373508
78,89,11,0.11,0.07228001031151507
78,89,11,0.11,0.12105791324516758
66,83,17,0.17,0.08174583687192354
66,83,17,0.17,0.06110980180092156
58,79,21,0.21,0.07114050365053118
80,90,10,0.1,0.09839711065054871
94,97,3,0.03,0.12609096810017945
66,83,17,0.17,0.07191956591093912
78,89,11,0.11,0.05222397910198197
84,92,8,0.08,0.07180919801001437
78,89,11,0.11,0.0799976124370005
74,87,13,0.13,0.05871012280578725
78,89,11,0.11,0.07893340220267418
86,93,7,0.07,0.08265924385545077
74,87,13,0.13,0.07476894938736223
78,89,11,0.11,0.06956334425951355
70,85,15,0.15,0.08788178832037374
70,85,15,0.15,0.0806786862219451
66,83,17,0.17,0.07214501531911083
70,85,15,0.15,0.09220395001815632
74,87,13,0.13,0.06259279575868276
76,88,12,0.12,0.06737937117228285
76,88,12,0.12,0.10894993147114292
74,87,13,0.13,0.06318453793413938
80,90,10,0.1,0.04496374378912151
72,86,14,0.14,0.06989623221685179
96,98,2,0.02,0.048577191405347546
68,84,16,0.16,0.08402955334167928
76,88,12,0.12,0.06942615684791235
74,87,13,0.13,0.0800047158478992
82,91,9,0.09,0.06590481571562122
74,87,13,0.13,0.07687578851153376
76,88,12,0.12,0.09632122970186174
80,90,10,0.1,0.08972240170456644
68,84,16,0.16,0.07073674553888849
70,85,15,0.15,0.04974430115136783
78,89,11,0.11,0.0675564707769081
66,83,17,0.17,0.07559504329226911
62,81,19,0.19,0.07041930619627237
66,83,17,0.17,0.08799238415784202
84,92,8,0.08,0.05257246774970554
64,82,18,0.18,0.07136785000795498
78,89,11,0.11,0.07171800151641947
78,89,11,0.11,0.09704977153858635
76,88,12,0.12,0.07736750890588155
76,88,12,0.12,0.07508006091142307
74,87,13,0.13,0.07147908740094863
70,85,15,0.15,0.05607261539204046
76,88,12,0.12,0.056438606262090615
74,87,13,0.13,0.05605119560015737
68,84,16,0.16,0.06952468811767176
76,88,12,0.12,0.05810667161131278
68,84,16,0.16,0.05445000326290028
68,84,16,0.16,0.09446967489093368
68,84,16,0.16,0.04624392115802038
68,84,16,0.16,0.06876491661998443
60,80,20,0.2,0.08431298740440979
50,75,25,0.25,0.074563638784457
76,88,12,0.12,0.05802389018586837
78,89,11,0.11,0.06155728308716789
74,87,13,0.13,0.0733840267569758
66,83,17,0.17,0.10688341054192278
82,91,9,0.09,0.06318906261541997
86,93,7,0.07,0.05702776941812772
68,84,16,0.16,0.07459708280919586
76,88,12,0.12,0.09100935535738244
80,90,10,0.1,0.086666246765526
70,85,15,0.15,0.08655069623375311
76,88,12,0.12,0.04339610479568364
70,85,15,0.15,0.06578311375109479
62,81,19,0.19,0.0511653350526467
74,87,13,0.13,0.06591996335744625
82,91,9,0.09,0.07046447751577943
64,82,18,0.18,0.08711317111970857
76,88,12,0.12,0.08627086453372612
74,87,13,0.13,0.08009417576089618
62,81,19,0.19,0.0836941888713045
80,90,10,0.1,0.08185528216185048
76,88,12,0.12,0.05894771913648583
84,92,8,0.08,0.08756833811814431
76,88,12,0.12,0.09102971923653967
66,83,17,0.17,0.06264594501117245
76,88,12,0.12,0.058231417684582995
70,85,15,0.15,0.078163350658142
90,95,5,0.05,0.09370165185828228
82,91,9,0.09,0.04359263798571192
66,83,17,0.17,0.07495734522701242
78,89,11,0.11,0.06872232999536208
82,91,9,0.09,0.06965514062670991
76,88,12,0.12,0.05457735072064679
42,71,29,0.29,0.06611580512137152
66,83,17,0.17,0.09432627043686807
56,78,22,0.22,0.06638316127355211
82,91,9,0.09,0.09665972343296744
66,83,17,0.17,0.0683269310684409
72,86,14,0.14,0.08409325755594182
80,90,10,0.1,0.08485762601907482
74,87,13,0.13,0.07220332101278473
68,84,16,0.16,0.06511390647385269
70,85,15,0.15,0.062072029936825854
64,82,18,0.18,0.07048992125695804
76,88,12,0.12,0.06581828459980897
72,86,14,0.14,0.06823414189973846
76,88,12,0.12,0.0591878525557695
66,83,17,0.17,0.05308187908609398
72,86,14,0.14,0.10039558678050525
80,90,10,0.1,0.06673488013446331
80,90,10,0.1,0.0682506438641576
56,78,22,0.22,0.07215620124829002
74,87,13,0.13,0.07574735498812515
66,83,17,0.17,0.08788738698232919
78,89,11,0.11,0.07313168151136779
70,85,15,0.15,0.060019553595921024
78,89,11,0.11,0.08616114183270839
68,84,16,0.16,0.054010602280905005
74,87,13,0.13,0.07946323454380036
82,91,9,0.09,0.06199032993245055
82,91,9,0.09,0.06115985618147533
72,86,14,0.14,0.0854854706855258
78,89,11,0.11,0.05034767443168676
68,84,16,0.16,0.05934498132904992
76,88,12,0.12,0.03961242170073092
86,93,7,0.07,0.09142740160968969
64,82,18,0.18,0.06088245243183337
54,77,23,0.23,0.05583126731798984
66,83,17,0.17,0.06882215345220175
48,74,26,0.26,0.06671611540135927
74,87,13,0.13,0.06991613791673444
74,87,13,0.13,0.05552490042289719
70,85,15,0.15,0.05091744075412862
76,88,12,0.12,0.07433345132973045
80,90,10,0.1,0.0482788334810175
76,88,12,0.12,0.07242252414813265
78,89,11,0.11,0.09235502503346651
74,87,13,0.13,0.09070199031848461
58,79,21,0.21,0.07217501159699168
66,83,17,0.17,0.10198506141430698
80,90,10,0.1,0.07740915284492075
66,83,17,0.17,0.08775980640901253
78,89,11,0.11,0.06686081446940079
86,93,7,0.07,0.07785022724070587
80,90,10,0.1,0.06938864314870444
56,78,22,0.22,0.07594736131373793
74,87,13,0.13,0.06181662288727239
80,90,10,0.1,0.0783160888554994
74,87,13,0.13,0.08556421016808599
76,88,12,0.12,0.11210965695790946
68,84,16,0.16,0.09258121006540022
60,80,20,0.2,0.056512063146219586
68,84,16,0.16,0.10447482351912185
68,84,16,0.16,0.09127646181266755
58,79,21,0.21,0.09982293590903282
78,89,11,0.11,0.046113540499063674
70,85,15,0.15,0.09307260216912255
70,85,15,0.15,0.059632271470327396
72,86,14,0.14,0.08530291774426586
78,89,11,0.11,0.06797473545651883
76,88,12,0.12,0.110660556423245
92,96,4,0.04,0.0720979974623242
72,86,14,0.14,0.07538302081928122
80,90,10,0.1,0.07676360439800192
82,91,9,0.09,0.09354644886218011
74,87,13,0.13,0.09168946975143627
76,88,12,0.12,0.067748748594895
68,84,16,0.16,0.0981364500359632
60,80,20,0.2,0.04593534043407999
90,95,5,0.05,0.07937984781339764
76,88,12,0.12,0.05993628286290914
80,90,10,0.1,0.060872528844920455
88,94,6,0.06,0.08486757225822657
74,87,13,0.13,0.09283035354572348
78,89,11,0.11,0.0864095339155756
74,87,13,0.13,0.04633028814860154
64,82,18,0.18,0.07928997947368771
80,90,10,0.1,0.08291782928048633
80,90,10,0.1,0.10317633976228535
56,78,22,0.22,0.11841706129373052
82,91,9,0.09,0.05937992943567224
76,88,12,0.12,0.05714473968691891
68,84,16,0.16,0.07063551256956999
60,80,20,0.2,0.05590718562947586
74,87,13,0.13,0.059904928836622275
68,84,16,0.16,0.07460973688284867
70,85,15,0.15,0.05939384267025161
68,84,16,0.16,0.06845653780095745
80,90,10,0.1,0.05536530086013954
80,90,10,0.1,0.04437179089756683
54,77,23,0.23,0.0802264220471261
66,83,17,0.17,0.039115462520276194
90,95,5,0.05,0.039477641425910405
74,87,13,0.13,0.04811389885260724
78,89,11,0.11,0.060974296330241484
72,86,14,0.14,0.04507497028214857
90,95,5,0.05,0.04867773473379202
70,85,15,0.15,0.061844747501891104
82,91,9,0.09,0.04277961486717686
66,83,17,0.17,0.06595580219640397
68,84,16,0.16,0.049542864324175755
68,84,16,0.16,0.08388011621980695
70,85,15,0.15,0.06343520420137792
76,88,12,0.12,0.0650437524926383
80,90,10,0.1,0.051317596361914186
62,81,19,0.19,0.05897732138226274
74,87,13,0.13,0.0553518433670979
68,84,16,0.16,0.08232813987007831
82,91,9,0.09,0.06797495937324129
66,83,17,0.17,0.054604559863219035
58,79,21,0.21,0.07014947599032893
70,85,15,0.15,0.06382719332992565
60,80,20,0.2,0.05606773823266849
82,91,9,0.09,0.06679219105630181
64,82,18,0.18,0.03785038984380663
62,81,19,0.19,0.05981244806898758
46,73,27,0.27,0.06778717033099384
76,88,12,0.12,0.18813219663337805
60,80,20,0.2,0.03731967630097643
72,86,14,0.14,0.05361314869835041
66,83,17,0.17,0.0693251007120125
86,93,7,0.07,0.11127662861021236
68,84,16,0.16,0.044414433830315826
70,85,15,0.15,0.06550734015996568
68,84,16,0.16,0.06296629537944681
68,84,16,0.16,0.07523090674134437
70,85,15,0.15,0.10476489887107164
76,88,12,0.12,0.06052682319423184
74,87,13,0.13,0.06627598440973088
78,89,11,0.11,0.07131253925152123
84,92,8,0.08,0.048451024311361834
70,85,15,0.15,0.05585101969947573
84,92,8,0.08,0.054712142241187395
84,92,8,0.08,0.05175565206212923
72,86,14,0.14,0.051733222355833275
72,86,14,0.14,0.04841079572448507
70,85,15,0.15,0.09182837083702906
62,81,19,0.19,0.08604107619961723
76,88,12,0.12,0.08411722463788465
76,88,12,0.12,0.1039954056579154
76,88,12,0.12,0.044395899988594466
74,87,13,0.13,0.05371371024288237
78,89,11,0.11,0.09570522765279747
74,87,13,0.13,0.08638373871101067
80,90,10,0.1,0.07881449720356613
68,84,16,0.16,0.07727058425080031
88,94,6,0.06,0.12072570082877064
72,86,14,0.14,0.09778444403316826
80,90,10,0.1,0.10582146497326902
60,80,20,0.2,0.08480058772373013
74,87,13,0.13,0.06725247989408673
66,83,17,0.17,0.08659469453414204
84,92,8,0.08,0.06026877593743848
72,86,14,0.14,0.08742826101835817
54,77,23,0.23,0.0714404267311329
78,89,11,0.11,0.07000392041547457
80,90,10,0.1,0.034162842226214706
78,89,11,0.11,0.06576857448322698
76,88,12,0.12,0.0759607225516811
82,91,9,0.09,0.05326457275310531
94,97,3,0.03,0.04994375630281866
66,83,17,0.17,0.04879234211635776
80,90,10,0.1,0.09447500280919485
80,90,10,0.1,0.05031971468939446
80,90,10,0.1,0.058973372266918886
76,88,12,0.12,0.06267064309271518
80,90,10,0.1,0.0662400644517038
76,88,12,0.12,0.09487206623191013
84,92,8,0.08,0.057772283329395574
70,85,15,0.15,0.06816965392163184
78,89,11,0.11,0.06798268045866279
78,89,11,0.11,0.09378738714498468
76,88,12,0.12,0.059263682488672205
84,92,8,0.08,0.04787993143778294
68,84,16,0.16,0.09664753201417625
76,88,12,0.12,0.06679653976723784
70,85,15,0.15,0.06614401625120081
80,90,10,0.1,0.0837949360131097
64,82,18,0.18,0.08572081892096321
72,86,14,0.14,0.06494510636548512
74,87,13,0.13,0.05683187403716147
58,79,21,0.21,0.06260111103998497
74,87,13,0.13,0.08745955623162445
60,80,20,0.2,0.09233819055254572
74,87,13,0.13,0.0817129692918752
80,90,10,0.1,0.0788930165662896
66,83,17,0.17,0.05807358216727152
68,84,16,0.16,0.04810459178406745
76,88,12,0.12,0.07147851041518152
74,87,13,0.13,0.059949414075817914
80,90,10,0.1,0.07321861071395688
66,83,17,0.17,0.06302493351860904
76,88,12,0.12,0.06461874756030739
78,89,11,0.11,0.05357853607041761
80,90,10,0.1,0.10788014834164641
82,91,9,0.09,0.04886550431507203
74,87,13,0.13,0.08219760720669
80,90,10,0.1,0.07553451473213499
66,83,17,0.17,0.06030906909247278
78,89,11,0.11,0.04222828001598827
84,92,8,0.08,0.03559041112777777
80,90,10,0.1,0.044228637118358165
70,85,15,0.15,0.04467007464088965
78,89,11,0.11,0.0627597365679685
72,86,14,0.14,0.07353014098480344
78,89,11,0.11,0.05415620019368362
66,83,17,0.17,0.06426491817794158
62,81,19,0.19,0.04827700233028736
80,90,10,0.1,0.07638756100758201
84,92,8,0.08,0.0686015408480307
62,81,19,0.19,0.1158801889733877
72,86,14,0.14,0.04835417079506442
76,88,12,0.12,0.07756049314513802
58,79,21,0.21,0.058952622674405576
80,90,10,0.1,0.05425120818224968
76,88,12,0.12,0.06396747718274128
72,86,14,0.14,0.07508293821774714
70,85,15,0.15,0.04690480787423439
82,91,9,0.09,0.04067257585469633
66,83,17,0.17,0.05096794661949389
70,85,15,0.15,0.0754429162456654
66,83,17,0.17,0.08579597814852605
82,91,9,0.09,0.05850006980006583
78,89,11,0.11,0.07864625188522041
68,84,16,0.16,0.06407041970298451
68,84,16,0.16,0.056340380613692106
74,87,13,0.13,0.09535430932504824
72,86,14,0.14,0.07079021263110917
70,85,15,0.15,0.08229384892445524
72,86,14,0.14,0.08499185781227425
60,80,20,0.2,0.07490365224373818
84,92,8,0.08,0.07317566494522908
78,89,11,0.11,0.07928102330653929
80,90,10,0.1,0.06513100929907523
84,92,8,0.08,0.10672702310839668
60,80,20,0.2,0.053164191757095976
68,84,16,0.16,0.0552003145578783
66,83,17,0.17,0.06500050596194341
86,93,7,0.07,0.07466421577613801
62,81,19,0.19,0.05818243665387854
78,89,11,0.11,0.07963199062854982
70,85,15,0.15,0.08071858515788335
76,88,12,0.12,0.08922279755119235
82,91,9,0.09,0.04093950871436391
68,84,16,0.16,0.082193602360785
58,79,21,0.21,0.0656182040355634
74,87,13,0.13,0.0816802352364175
76,88,12,0.12,0.0744370427785907
80,90,10,0.1,0.05609771080198698
70,85,15,0.15,0.054692623980809006
68,84,16,0.16,0.057221919576404615
70,85,15,0.15,0.054453975351061674
60,80,20,0.2,0.04347146362648346
64,82,18,0.18,0.06476489474065601
62,81,19,0.19,0.04634195425955113
76,88,12,0.12,0.06948212909337599
48,74,26,0.26,0.07994588547153399
80,90,10,0.1,0.07320741991745308
68,84,16,0.16,0.10877477052388712
74,87,13,0.13,0.07016987736729789
86,93,7,0.07,0.07929478822275997
80,90,10,0.1,0.0649496273160912
76,88,12,0.12,0.07638885529711842
62,81,19,0.19,0.11115595677896635
72,86,14,0.14,0.0701541373541113
76,88,12,0.12,0.04240458894404583
64,82,18,0.18,0.07804495457210578
72,86,14,0.14,0.07350901285535656
64,82,18,0.18,0.08438366012414918
62,81,19,0.19,0.09636018525576219
76,88,12,0.12,0.058358917838195336
68,84,16,0.16,0.11405963256140239
84,92,8,0.08,0.050456237432081254
90,95,5,0.05,0.04830078172963113
66,83,17,0.17,0.10744205985218286
66,83,17,0.17,0.058914604117162525
70,85,15,0.15,0.06071453457989264
76,88,12,0.12,0.05697028697351925
64,82,18,0.18,0.0938027840317227
68,84,16,0.16,0.07620165314758197
78,89,11,0.11,0.0934612375171855
66,83,17,0.17,0.044471937902271746
70,85,15,0.15,0.11762943249195815
66,83,17,0.17,0.061699006068520246
66,83,17,0.17,0.060456830855691805
76,88,12,0.12,0.0646931985579431
72,86,14,0.14,0.0795384635985829
76,88,12,0.12,0.09239234689506702
72,86,14,0.14,0.05778318280354142
64,82,18,0.18,0.0853069084044546
78,89,11,0.11,0.06903378126473399
62,81,19,0.19,0.06211936564184725
84,92,8,0.08,0.08384529824601486
72,86,14,0.14,0.06348875729599968
76,88,12,0.12,0.06392641564481892
62,81,19,0.19,0.05348111053463071
60,80,20,0.2,0.07944895658758469
84,92,8,0.08,0.047927391497651115
68,84,16,0.16,0.05253980304696597
74,87,13,0.13,0.0988769221655093
76,88,12,0.12,0.09060733798833098
56,78,22,0.22,0.057779906581854446
68,84,16,0.16,0.10642295851459493
64,82,18,0.18,0.06087279049155768
82,91,9,0.09,0.06284942976868478
68,84,16,0.16,0.07047981049399824
70,85,15,0.15,0.06900601139699575
74,87,13,0.13,0.0887295973720029
82,91,9,0.09,0.070668142773211
84,92,8,0.08,0.0994856630754657
82,91,9,0.09,0.08099512455053627
80,90,10,0.1,0.0752253589319298
70,85,15,0.15,0.06081460558925755
88,94,6,0.06,0.0701804926735349
70,85,15,0.15,0.09460717608279083
84,92,8,0.08,0.08932375457487068
76,88,12,0.12,0.09915686382912099
82,91,9,0.09,0.054389279836323114
68,84,16,0.16,0.054018068881705406
82,91,9,0.09,0.08081221223110333
74,87,13,0.13,0.08582657241029665
72,86,14,0.14,0.06607105844770558
80,90,10,0.1,0.047026255957316604
70,85,15,0.15,0.08120870647020638
60,80,20,0.2,0.07727181686321273
66,83,17,0.17,0.05649860983598046
66,83,17,0.17,0.047191267093876374
72,86,14,0.14,0.07461995309102348
68,84,16,0.16,0.07348780013679061
78,89,11,0.11,0.08149879714066628
82,91,9,0.09,0.09121262561762705
68,84,16,0.16,0.0492251463374123
74,87,13,0.13,0.07638838264800142
86,93,7,0.07,0.06396534204919589
70,85,15,0.15,0.06536894565098919
70,85,15,0.15,0.10196024836051948
66,83,17,0.17,0.04834414970275248
72,86,14,0.14,0.08380934261716902
78,89,11,0.11,0.07441053343471139
68,84,16,0.16,0.08331207757000811
84,92,8,0.08,0.06224477665498853
76,88,12,0.12,0.09993429685942828
64,82,18,0.18,0.051621501693734896
72,86,14,0.14,0.07854079861659556
76,88,12,0.12,0.043084859555820004
66,83,17,0.17,0.053540233813691884
72,86,14,0.14,0.07959072500350885
70,85,15,0.15,0.057392053657385984
66,83,17,0.17,0.052505867875297554
74,87,13,0.13,0.06203612313955091
66,83,17,0.17,0.05107217485900037
82,91,9,0.09,0.04236361382994801
66,83,17,0.17,0.10716263460984919
64,82,18,0.18,0.05305895222671097
78,89,11,0.11,0.10005953957443126
80,90,10,0.1,0.06223879884462804
68,84,16,0.16,0.08214840747416019
56,78,22,0.22,0.07605247389059513
74,87,13,0.13,0.055126283566933124
56,78,22,0.22,0.08489296500338242
76,88,12,0.12,0.09071659596404061
86,93,7,0.07,0.06939316754927859
70,85,15,0.15,0.0657512814868096
52,76,24,0.24,0.04970743192592636
70,85,15,0.15,0.05209725497465115
78,89,11,0.11,0.07638052662368863
88,94,6,0.06,0.08618473912065383
64,82,18,0.18,0.08237998169846833
68,84,16,0.16,0.06627868769224733
70,85,15,0.15,0.05556268829968758
90,95,5,0.05,0.0652289994226885
66,83,17,0.17,0.0787862826581113
68,84,16,0.16,0.07041552447422873
82,91,9,0.09,0.0761388257384533
60,80,20,0.2,0.08676801027031615
64,82,18,0.18,0.06718332038028166
80,90,10,0.1,0.0505424916400807
74,87,13,0.13,0.09122245000558905
72,86,14,0.14,0.0660992145119235
64,82,18,0.18,0.07252892360789702
62,81,19,0.19,0.0643538426537998
72,86,14,0.14,0.09072968236985617
58,79,21,0.21,0.062386430077021944
82,91,9,0.09,0.061381977504352106
78,89,11,0.11,0.07738476767903193
88,94,6,0.06,0.06993301331996918
82,91,9,0.09,0.06827868828855571
90,95,5,0.05,0.09608427545477753
78,89,11,0.11,0.0529212342237588
76,88,12,0.12,0.05467485302477144
76,88,12,0.12,0.05314685335266404
66,83,17,0.17,0.07097176749492064
70,85,15,0.15,0.0971376565436367
82,91,9,0.09,0.06728343772760127
64,82,18,0.18,0.05023169919499196
82,91,9,0.09,0.09721603203914128
50,75,25,0.25,0.0757619786937721
72,86,14,0.14,0.062341998586198315
78,89,11,0.11,0.07600053736357949
68,84,16,0.16,0.06242922172212275
78,89,11,0.11,0.05048586913151667
82,91,9,0.09,0.06982422256143764
74,87,13,0.13,0.08184880194370635
88,94,6,0.06,0.06506794041255488
84,92,8,0.08,0.07856322323321364
66,83,17,0.17,0.06816630946210353
86,93,7,0.07,0.05832742670783773
74,87,13,0.13,0.06708891082205809
84,92,8,0.08,0.05930436688470763
58,79,21,0.21,0.09332099707913585
78,89,11,0.11,0.06120740207989002
78,89,11,0.11,0.0751608275983017
76,88,12,0.12,0.05089470487626386
72,86,14,0.14,0.06054700415348634
70,85,15,0.15,0.055420542716892666
84,92,8,0.08,0.06008702166727744
62,81,19,0.19,0.050073104795446854
84,92,8,0.08,0.05945672885369277
88,94,6,0.06,0.052201785126235335
86,93,7,0.07,0.058042703528190034
72,86,14,0.14,0.040392020925064574
52,76,24,0.24,0.05903116988250986
82,91,9,0.09,0.05268440073967213
74,87,13,0.13,0.06947360745398327
74,87,13,0.13,0.05596406192751601
62,81,19,0.19,0.04003246791602578
92,96,4,0.04,0.05516555391834117
60,80,20,0.2,0.027773928275564685
72,86,14,0.14,0.04883771582157351
80,90,10,0.1,0.040165605924921695
76,88,12,0.12,0.04130599921802059
70,85,15,0.15,0.057124015416484326
62,81,19,0.19,0.05288000314991223
84,92,8,0.08,0.06910534037218895
84,92,8,0.08,0.046456990744627544
68,84,16,0.16,0.06989340587548214
54,77,23,0.23,0.0912765426619444
76,88,12,0.12,0.043000958163756875
74,87,13,0.13,0.05826311356271617
74,87,13,0.13,0.033884087936021386
78,89,11,0.11,0.06344648422207683
82,91,9,0.09,0.06601304052455817
72,86,14,0.14,0.07114125915046315
82,91,9,0.09,0.047250377871096136
54,77,23,0.23,0.05685479577863589
70,85,15,0.15,0.05429336905828677
78,89,11,0.11,0.08449203370604665
62,81,19,0.19,0.04660068098339252
80,90,10,0.1,0.051969370059741775
82,91,9,0.09,0.04402250907820417
84,92,8,0.08,0.050272739710635506
80,90,10,0.1,0.03792280005203793
84,92,8,0.08,0.06598952490545344
74,87,13,0.13,0.05751788246445358
70,85,15,0.15,0.05563734628027305
76,88,12,0.12,0.06615489023155532
70,85,15,0.15,0.039838651775498876
78,89,11,0.11,0.08770239296689397
90,95,5,0.05,0.05916045788209885
62,81,19,0.19,0.058769357389683134
66,83,17,0.17,0.08370994923054241
72,86,14,0.14,0.08296618842286989
78,89,11,0.11,0.11355564171797596
74,87,13,0.13,0.060193065657513214
84,92,8,0.08,0.06958756733802147
76,88,12,0.12,0.06739943810040132
66,83,17,0.17,0.05940516542759724
80,90,10,0.1,0.051779150773072616
72,86,14,0.14,0.05627653172239661
66,83,17,0.17,0.07243020955240353
68,84,16,0.16,0.052915975222131234
80,90,10,0.1,0.06626026247977279
66,83,17,0.17,0.07629208046244457
66,83,17,0.17,0.100841163136065
74,87,13,0.13,0.05051354082301259
70,85,15,0.15,0.06692965408437886
82,91,9,0.09,0.0719736400723923
70,85,15,0.15,0.07584034814382903
78,89,11,0.11,0.047400609548203645
72,86,14,0.14,0.10660854948568158
82,91,9,0.09,0.07424093275389168
90,95,5,0.05,0.08049298975965939
52,76,24,0.24,0.05046041216293815
78,89,11,0.11,0.055140978447161614
72,86,14,0.14,0.0896007886622101
78,89,11,0.11,0.06629340216866694
78,89,11,0.11,0.09676794173137751
80,90,10,0.1,0.08270094505045562
66,83,17,0.17,0.05803464958444238
74,87,13,0.13,0.04219725397182628
76,88,12,0.12,0.06868869312922471
78,89,11,0.11,0.05780393497319892
76,88,12,0.12,0.07599503264616941
86,93,7,0.07,0.07736492051277309
84,92,8,0.08,0.0706420231985976
74,87,13,0.13,0.037860331437550486
64,82,18,0.18,0.05578577248263173
62,81,19,0.19,0.06871256150072441
70,85,15,0.15,0.06470144567429088
74,87,13,0.13,0.049124101151246574
74,87,13,0.13,0.0822321787517285
72,86,14,0.14,0.043690301845199425
68,84,16,0.16,0.052924281620653345
72,86,14,0.14,0.049938410012982784
54,77,23,0.23,0.04193296994664706
68,84,16,0.16,0.06459768375498243
52,76,24,0.24,0.05444987924885936
76,88,12,0.12,0.07147203228727449
70,85,15,0.15,0.0803793850512011
70,85,15,0.15,0.043128140038170386
70,85,15,0.15,0.07488435646519065
66,83,17,0.17,0.0815428080863785
64,82,18,0.18,0.049149371394887564
88,94,6,0.06,0.03662440644984599
74,87,13,0.13,0.08328673308787984
76,88,12,0.12,0.10581983694108203
58,79,21,0.21,0.08520900207804516
74,87,13,0.13,0.07524822921259329
56,78,22,0.22,0.05902362165215891
82,91,9,0.09,0.10988357695168816
80,90,10,0.1,0.050570335310767406
74,87,13,0.13,0.07220498362497892
68,84,16,0.16,0.08398897783830762
80,90,10,0.1,0.07383707611006685
82,91,9,0.09,0.06563172507681884
74,87,13,0.13,0.07149892623419873
64,82,18,0.18,0.11024983765208163
68,84,16,0.16,0.10068839364699671
68,84,16,0.16,0.08962717434507794
72,86,14,0.14,0.05751574722555233
72,86,14,0.14,0.07935368113219737
74,87,13,0.13,0.11450883661076659
66,83,17,0.17,0.09670843671745388
76,88,12,0.12,0.07386561385501408
80,90,10,0.1,0.07962543625792023
80,90,10,0.1,0.06414070945844287
76,88,12,0.12,0.08746147081837989
64,82,18,0.18,0.053416291606845336
60,80,20,0.2,0.0906105186115019
82,91,9,0.09,0.0928351332998136
88,94,6,0.06,0.07223345345933922
66,83,17,0.17,0.07114599601132796
70,85,15,0.15,0.0665054323617369
72,86,14,0.14,0.09163501888484461
78,89,11,0.11,0.06913812456361484
78,89,11,0.11,0.07516126488451846
72,86,14,0.14,0.09315023381495849
74,87,13,0.13,0.09076052678516135
74,87,13,0.13,0.05221896081813611
70,85,15,0.15,0.09861701227724552
84,92,8,0.08,0.08361462009372189
72,86,14,0.14,0.07775915842248651
58,79,21,0.21,0.08159563716850243
60,80,20,0.2,0.09983227250049823
86,93,7,0.07,0.07445524102309718
66,83,17,0.17,0.06323561426077504
76,88,12,0.12,0.05853499133372679
60,80,20,0.2,0.07289649910293519
66,83,17,0.17,0.09350649629253895
60,80,20,0.2,0.05356765113305301
72,86,14,0.14,0.07749561903532594
66,83,17,0.17,0.06404482335376088
64,82,18,0.18,0.08916154435370117
78,89,11,0.11,0.06258235340821557
64,82,18,0.18,0.07889634343446232
86,93,7,0.07,0.04265560650208499
74,87,13,0.13,0.08572778521222063
82,91,9,0.09,0.07909764195486786
78,89,11,0.11,0.056661925483494996
62,81,19,0.19,0.06902893091668375
82,91,9,0.09,0.06534723202232272
64,82,18,0.18,0.10476992111303844
74,87,13,0.13,0.06305025914101861
54,77,23,0.23,0.06080266668577679
72,86,14,0.14,0.08558542636805214
56,78,22,0.22,0.10974446845008061
80,90,10,0.1,0.06717822511913255
76,88,12,0.12,0.08621775195992086
72,86,14,0.14,0.06504581961169606
72,86,14,0.14,0.08364196897833608
80,90,10,0.1,0.06933708795928396
74,87,13,0.13,0.05569804851897061
74,87,13,0.13,0.04816316270385869
72,86,14,0.14,0.042020556514398774
74,87,13,0.13,0.08181348504847846
72,86,14,0.14,0.06942036513006315
80,90,10,0.1,0.07281057841551956
74,87,13,0.13,0.07858983607846312
82,91,9,0.09,0.0937360010878183
74,87,13,0.13,0.07968386253342033
76,88,12,0.12,0.07988980035996064
64,82,18,0.18,0.07471383942523971
80,90,10,0.1,0.05720411815098487
78,89,11,0.11,0.04890562782296911
84,92,8,0.08,0.0802968059014529
82,91,9,0.09,0.07255413428938481
66,83,17,0.17,0.057797322904225436
66,83,17,0.17,0.08924174514017068
80,90,10,0.1,0.04387246169964783
60,80,20,0.2,0.08957553020096384
74,87,13,0.13,0.08531838961993345
68,84,16,0.16,0.07027131036156789
66,83,17,0.17,0.05404846713063307
56,78,22,0.22,0.04267170330975205
78,89,11,0.11,0.07531846120138652
70,85,15,0.15,0.07712755883228965
72,86,14,0.14,0.10892006561509333
86,93,7,0.07,0.018997705642832444
64,82,18,0.18,0.06592207561800023
66,83,17,0.17,0.03533923887705896
78,89,11,0.11,0.07113686414435506
78,89,11,0.11,0.04859437715960666
72,86,14,0.14,0.06040871143923141
78,89,11,0.11,0.055018689004937185
82,91,9,0.09,0.03966391387861222
80,90,10,0.1,0.026356415583286434
64,82,18,0.18,0.07487226286903023
62,81,19,0.19,0.06666693288192618
64,82,18,0.18,0.06036055588221643
74,87,13,0.13,0.028275497397407888
68,84,16,0.16,0.07082551087718457
64,82,18,0.18,0.07958385385689326
64,82,18,0.18,0.08031958591484
78,89,11,0.11,0.08646537138381973
74,87,13,0.13,0.05601150769274682
82,91,9,0.09,0.0603900317591615
66,83,17,0.17,0.10474657218204811
78,89,11,0.11,0.07861941559240222
82,91,9,0.09,0.058315269724698734
70,85,15,0.15,0.04434568349388428
68,84,16,0.16,0.06464249151817057
80,90,10,0.1,0.054553584420937114
74,87,13,0.13,0.05698566100152675
58,79,21,0.21,0.05968675049894955
64,82,18,0.18,0.07036502245289739
68,84,16,0.16,0.04775723628059495
72,86,14,0.14,0.08348303291713818
84,92,8,0.08,0.05626954436651431
80,90,10,0.1,0.07212691380176693
58,79,21,0.21,0.10009284026717069
66,83,17,0.17,0.06327084744174499
70,85,15,0.15,0.0816935437580105
82,91,9,0.09,0.060567838229471815
62,81,19,0.19,0.07054746008943766
74,87,13,0.13,0.09610685769468547
74,87,13,0.13,0.0692910707439296
92,96,4,0.04,0.06067040887603071
78,89,11,0.11,0.053832517843402455
72,86,14,0.14,0.08311593002988957
58,79,21,0.21,0.04085555324330926
86,93,7,0.07,0.05903426493227016
86,93,7,0.07,0.08000554531347007
78,89,11,0.11,0.08305512499064208
68,84,16,0.16,0.05601663063978776
66,83,17,0.17,0.04155109172395896
90,95,5,0.05,0.07624745447275927
62,81,19,0.19,0.07144679418765008
88,94,6,0.06,0.0481081686145626
78,89,11,0.11,0.07035972204903373
64,82,18,0.18,0.06259864283259958
84,92,8,0.08,0.05651695112203015
90,95,5,0.05,0.03523453800124116
86,93,7,0.07,0.08318885038781446
50,75,25,0.25,0.06519580345717259
68,84,16,0.16,0.03936163634178229
90,95,5,0.05,0.047194327494071334
74,87,13,0.13,0.0747097861894872
78,89,11,0.11,0.06799404602323193
66,83,17,0.17,0.07366670512594282
76,88,12,0.12,0.04475685019278899
56,78,22,0.22,0.07049865908309584
72,86,14,0.14,0.04229513796861283
90,95,5,0.05,0.06327858606004157
78,89,11,0.11,0.060294319894164804
56,78,22,0.22,0.04745546807534993
78,89,11,0.11,0.07025884387418045
86,93,7,0.07,0.050232217130833305
72,86,14,0.14,0.03561100444640033
66,83,17,0.17,0.04108501718263142
56,78,22,0.22,0.05282289539463818
56,78,22,0.22,0.07513548391216318
74,87,13,0.13,0.05336102003115229
82,91,9,0.09,0.08838687683921308
56,78,22,0.22,0.08452827552166127
82,91,9,0.09,0.06825239671714371
74,87,13,0.13,0.04576248376251897
62,81,19,0.19,0.09536185228207614
80,90,10,0.1,0.09264544035657309
68,84,16,0.16,0.0484775715181604
72,86,14,0.14,0.04886661656026263
58,79,21,0.21,0.04077760882908479
76,88,12,0.12,0.08730315269436688
72,86,14,0.14,0.06559227740741334
68,84,16,0.16,0.060580545897828415
74,87,13,0.13,0.0596122115169419
70,85,15,0.15,0.06565097092534415
70,85,15,0.15,0.06283633718558121
70,85,15,0.15,0.06374953272636048
72,86,14,0.14,0.061261550929557415
70,85,15,0.15,0.08621159979433286
68,84,16,0.16,0.0840504082175903
72,86,14,0.14,0.0774224551516818
70,85,15,0.15,0.05916117037384538
58,79,21,0.21,0.07773703977989499
74,87,13,0.13,0.04230649157092557
80,90,10,0.1,0.08163432488625404
72,86,14,0.14,0.08121750699850963
76,88,12,0.12,0.08398471104039346
58,79,21,0.21,0.032081682664575055
72,86,14,0.14,0.0796089138626121
72,86,14,0.14,0.0704852779651992
80,90,10,0.1,0.05371683030971326
64,82,18,0.18,0.08613410338992253
74,87,13,0.13,0.09586885149590671
80,90,10,0.1,0.10753235118056181
74,87,13,0.13,0.054957599161425605
54,77,23,0.23,0.08605126157402992
74,87,13,0.13,0.06422689592611278
70,85,15,0.15,0.06846983727475163
76,88,12,0.12,0.08988897366041783
58,79,21,0.21,0.05364716824144125
82,91,9,0.09,0.09718970617541345
58,79,21,0.21,0.06647964326082728
64,82,18,0.18,0.09333314543589949
64,82,18,0.18,0.09994528555660509
54,77,23,0.23,0.047087438835587817
72,86,14,0.14,0.037764372043311595
80,90,10,0.1,0.03382621640106663
82,91,9,0.09,0.04045940394222271
68,84,16,0.16,0.05024631691747345
70,85,15,0.15,0.10682880825246684
70,85,15,0.15,0.0887101573234395
80,90,10,0.1,0.04117365817353857
78,89,11,0.11,0.044541445948416365
80,90,10,0.1,0.06735843536560424
92,96,4,0.04,0.06416336674825289
72,86,14,0.14,0.05275439465825912
72,86,14,0.14,0.06866873940220103
78,89,11,0.11,0.08011109028127976
60,80,20,0.2,0.06803022299078293
86,93,7,0.07,0.0784306858695345
60,80,20,0.2,0.06719611555687152
78,89,11,0.11,0.06232875678339042
64,82,18,0.18,0.09021230097365333
78,89,11,0.11,0.08467223733430729
66,83,17,0.17,0.10099597381195054
64,82,18,0.18,0.09692069973898469
84,92,8,0.08,0.08367305557738292
66,83,17,0.17,0.06237696575932205
92,96,4,0.04,0.0483291177864885
82,91,9,0.09,0.04893928946694359
72,86,14,0.14,0.05928825090115424
70,85,15,0.15,0.05130168128758669
70,85,15,0.15,0.04979185788310133
78,89,11,0.11,0.042638795403763655
86,93,7,0.07,0.06037729866475274
48,74,26,0.26,0.049467457620776256
78,89,11,0.11,0.04711851006373763
80,90,10,0.1,0.05034961089448189
60,80,20,0.2,0.04032854209886864
82,91,9,0.09,0.05068488899341901
74,87,13,0.13,0.04940955454891082
80,90,10,0.1,0.05876166969712358
66,83,17,0.17,0.042445869707735256
70,85,15,0.15,0.05226606683107093
64,82,18,0.18,0.07451065289205872
58,79,21,0.21,0.06389193220646121
90,95,5,0.05,0.048725120109738784
72,86,14,0.14,0.05953391348128207
74,87,13,0.13,0.05172867710178252
70,85,15,0.15,0.07113375353917945
70,85,15,0.15,0.04940579738467932
76,88,12,0.12,0.08772835135285277
74,87,13,0.13,0.0634748301008949
74,87,13,0.13,0.07634017707663589
60,80,20,0.2,0.07603104228910525
76,88,12,0.12,0.048747390793287194
78,89,11,0.11,0.04815107928559883
54,77,23,0.23,0.05739265691925539
68,84,16,0.16,0.06599818376242184
76,88,12,0.12,0.04622357944375835
70,85,15,0.15,0.055515315939257445
66,83,17,0.17,0.04696721822954714
78,89,11,0.11,0.06835983898607083
74,87,13,0.13,0.08070436200505356
52,76,24,0.24,0.04475946252350695
80,90,10,0.1,0.06242629949854745
74,87,13,0.13,0.05805965957348235
60,80,20,0.2,0.08097174040420213
64,82,18,0.18,0.0834042366198264
66,83,17,0.17,0.06353272599997581
70,85,15,0.15,0.0571583762881346
80,90,10,0.1,0.05638653026195243
70,85,15,0.15,0.041799527722760105
76,88,12,0.12,0.1355972893012222
72,86,14,0.14,0.08310624597186689
72,86,14,0.14,0.0740123954223236
66,83,17,0.17,0.0592743850313127
74,87,13,0.13,0.05914217029581778
84,92,8,0.08,0.047724429781083016
78,89,11,0.11,0.032735305211972446
66,83,17,0.17,0.049353205097140744
68,84,16,0.16,0.07112157114432194
70,85,15,0.15,0.06647457482831669
62,81,19,0.19,0.05617461917659966
84,92,8,0.08,0.058764489284076266
62,81,19,0.19,0.05361455535690766
66,83,17,0.17,0.06949040186824278
72,86,14,0.14,0.054537423272158776
56,78,22,0.22,0.057566573144868016
50,75,25,0.25,0.058821734726661815
58,79,21,0.21,0.08988914102628769
70,85,15,0.15,0.07190045794472098
62,81,19,0.19,0.10856125329853966
66,83,17,0.17,0.05969071756699122
72,86,14,0.14,0.06224792691587936
64,82,18,0.18,0.07745505923056044
78,89,11,0.11,0.07491241549490951
76,88,12,0.12,0.10124802055885083
64,82,18,0.18,0.09932462362106889
66,83,17,0.17,0.07208860630053096
78,89,11,0.11,0.04866066016256809
72,86,14,0.14,0.08006517935544252
76,88,12,0.12,0.09392803883412854
92,96,4,0.04,0.06255631225882098
72,86,14,0.14,0.058907342219026756
78,89,11,0.11,0.07079371328640263
90,95,5,0.05,0.08886445642565377
60,80,20,0.2,0.08705561750219204
82,91,9,0.09,0.07942903279385063
84,92,8,0.08,0.07580443856189958
80,90,10,0.1,0.08979567012109328
64,82,18,0.18,0.14511011858005077
74,87,13,0.13,0.08266251741908491
78,89,11,0.11,0.08257629599131178
84,92,8,0.08,0.061699515184154737
74,87,13,0.13,0.06249835687573068
80,90,10,0.1,0.08759450641693547
80,90,10,0.1,0.07361483768327162
82,91,9,0.09,0.06623456136090682
88,94,6,0.06,0.05228236897033639
86,93,7,0.07,0.07453581886948087
84,92,8,0.08,0.0673235787107842
78,89,11,0.11,0.05282575423363596
80,90,10,0.1,0.06827353416767437
66,83,17,0.17,0.05281699021990789
76,88,12,0.12,0.05789419468201231
74,87,13,0.13,0.06146376209857408
64,82,18,0.18,0.06370693221921102
82,91,9,0.09,0.08311894559883512
78,89,11,0.11,0.06143021974130534
68,84,16,0.16,0.044062766080605796
70,85,15,0.15,0.06909282113309018
82,91,9,0.09,0.06533259338248172
74,87,13,0.13,0.09815064920097939
86,93,7,0.07,0.04835157688008621
72,86,14,0.14,0.07230242959936732
70,85,15,0.15,0.06125429066014476
82,91,9,0.09,0.06312687062425539
66,83,17,0.17,0.07995885859010742
66,83,17,0.17,0.06680111706329626
62,81,19,0.19,0.05012054670951329
76,88,12,0.12,0.053215287469793114
58,79,21,0.21,0.039735855554463344
74,87,13,0.13,0.07479127899510786
68,84,16,0.16,0.07094743059220492
72,86,14,0.14,0.10364921043626964
70,85,15,0.15,0.05237380352220498
80,90,10,0.1,0.036870376805309205
80,90,10,0.1,0.04970028860727325
64,82,18,0.18,0.06455118393409066
60,80,20,0.2,0.06907372303772717
82,91,9,0.09,0.0735325073164131
82,91,9,0.09,0.05738910775166005
82,91,9,0.09,0.06402330581680872
68,84,16,0.16,0.06010341340326704
70,85,15,0.15,0.07917907384195132
84,92,8,0.08,0.042925330036086964
64,82,18,0.18,0.08801623349951114
72,86,14,0.14,0.09025180288823322
78,89,11,0.11,0.05111392944003455
68,84,16,0.16,0.03164950106220203
64,82,18,0.18,0.06441140355876997
72,86,14,0.14,0.06993776287315995
80,90,10,0.1,0.04693641978141386
50,75,25,0.25,0.0542856853408739
84,92,8,0.08,0.05713712763565127
76,88,12,0.12,0.08339259223546833
76,88,12,0.12,0.08788555159917451
64,82,18,0.18,0.07632615197333507
82,91,9,0.09,0.09167872154434917
78,89,11,0.11,0.09186050806049025
64,82,18,0.18,0.060026037626666945
68,84,16,0.16,0.04356593426549807
78,89,11,0.11,0.0767192402324872
78,89,11,0.11,0.07463378599029966
74,87,13,0.13,0.06957857859204523
70,85,15,0.15,0.0726009104179684
92,96,4,0.04,0.08525322144385428
82,91,9,0.09,0.0707710383067024
74,87,13,0.13,0.11336626206815709
70,85,15,0.15,0.03781008333637146
80,90,10,0.1,0.0630747095157858
94,97,3,0.03,0.04000993052381091
86,93,7,0.07,0.058355966294184325
76,88,12,0.12,0.05123390154272783
68,84,16,0.16,0.052978099628235215
84,92,8,0.08,0.06315430246992036
84,92,8,0.08,0.04505619785515592
52,76,24,0.24,0.06207097474165493
76,88,12,0.12,0.06570834399783053
76,88,12,0.12,0.05439307405904401
78,89,11,0.11,0.08460391699656611
72,86,14,0.14,0.06190077765815658
88,94,6,0.06,0.05803971623536199
84,92,8,0.08,0.03970070003415458
68,84,16,0.16,0.04862725447834237
64,82,18,0.18,0.07103538952302188
68,84,16,0.16,0.0636369077130803
66,83,17,0.17,0.07684300562017597
88,94,6,0.06,0.06650347075774335
72,86,14,0.14,0.05421273517975351
72,86,14,0.14,0.09232395823521074
72,86,14,0.14,0.05109259959499468
90,95,5,0.05,0.04875407751067542
68,84,16,0.16,0.0451916467025876
82,91,9,0.09,0.043080642362256186
76,88,12,0.12,0.06213294688204769
72,86,14,0.14,0.04708658639108762
80,90,10,0.1,0.07176167909296055
72,86,14,0.14,0.0643164447620802
76,88,12,0.12,0.03411464464486926
76,88,12,0.12,0.0780662353599837
60,80,20,0.2,0.0727901172847487
84,92,8,0.08,0.050340681925445094
70,85,15,0.15,0.04877119498079992
82,91,9,0.09,0.09093479975301307
58,79,21,0.21,0.09262289368431084
68,84,16,0.16,0.044340929621976104
54,77,23,0.23,0.07161998454248533
64,82,18,0.18,0.03608300070234691
82,91,9,0.09,0.051051444445329254
54,77,23,0.23,0.07734959796420299
68,84,16,0.16,0.040326710091903806
84,92,8,0.08,0.046722458658041435
94,97,3,0.03,0.07096571760775987
74,87,13,0.13,0.04160022770287469
64,82,18,0.18,0.049571415831451304
88,94,6,0.06,0.07333452834631317
82,91,9,0.09,0.05546870954567566
74,87,13,0.13,0.0545274580433761
78,89,11,0.11,0.05416890682769008
78,89,11,0.11,0.05603968098410405
76,88,12,0.12,0.0529343682830222
86,93,7,0.07,0.04849064703215845
76,88,12,0.12,0.07008644758723676
70,85,15,0.15,0.05567483443475794
78,89,11,0.11,0.06525590939912945
82,91,9,0.09,0.06627545191440731
72,86,14,0.14,0.05998190276150126
72,86,14,0.14,0.04634022097510751
70,85,15,0.15,0.07498174816544634
72,86,14,0.14,0.05764510000648443
92,96,4,0.04,0.07786746455356479
72,86,14,0.14,0.03712803128990345
84,92,8,0.08,0.045378872488508935
70,85,15,0.15,0.024119183880393393
64,82,18,0.18,0.0653254251233011
66,83,17,0.17,0.06257204396999441
72,86,14,0.14,0.0810412186034955
70,85,15,0.15,0.08137969274481292
62,81,19,0.19,0.0649486189588788
94,97,3,0.03,0.10774043819983489
78,89,11,0.11,0.06892967211548238
78,89,11,0.11,0.07094719295564574
56,78,22,0.22,0.04520559870274155
66,83,17,0.17,0.06220855057239533
76,88,12,0.12,0.05966662318329327
66,83,17,0.17,0.040323519842932004
72,86,14,0.14,0.052763852657517415
74,87,13,0.13,0.05195038937439676
60,80,20,0.2,0.07144564173999242
56,78,22,0.22,0.06377675339230336
74,87,13,0.13,0.0634834872977808
60,80,20,0.2,0.10267301686340943
80,90,10,0.1,0.0976851862622425
76,88,12,0.12,0.06863471242191736
76,88,12,0.12,0.046752840232220476
70,85,15,0.15,0.11435939102593692
84,92,8,0.08,0.06906574136955897
66,83,17,0.17,0.058274732987338214
84,92,8,0.08,0.07943972155102529
72,86,14,0.14,0.07308816237869906
76,88,12,0.12,0.07958595060976222
72,86,14,0.14,0.061967408508062365
70,85,15,0.15,0.03999449739756528
64,82,18,0.18,0.05144329368093167
64,82,18,0.18,0.046212383317761126
58,79,21,0.21,0.03572712701614364
70,85,15,0.15,0.0548289979720721
52,76,24,0.24,0.08245281190262176
78,89,11,0.11,0.05275283575814683
58,79,21,0.21,0.04532487747608684
68,84,16,0.16,0.06051627030596137
78,89,11,0.11,0.049386086719459855
86,93,7,0.07,0.0682638251746539
76,88,12,0.12,0.0459579968903563
78,89,11,0.11,0.10028229077870492
84,92,8,0.08,0.05036366615502629
72,86,14,0.14,0.08930056438519386
62,81,19,0.19,0.056392175639630296
82,91,9,0.09,0.057590700944419954
78,89,11,0.11,0.044908414148376326
80,90,10,0.1,0.056325873266905545
66,83,17,0.17,0.05463088762422558
74,87,13,0.13,0.06279652692232048
80,90,10,0.1,0.08862846650648862
86,93,7,0.07,0.06348933332134038
62,81,19,0.19,0.06147801091661677
82,91,9,0.09,0.05577504338114522
72,86,14,0.14,0.06150504889548756
78,89,11,0.11,0.08707745575578883
70,85,15,0.15,0.07266266748658382
66,83,17,0.17,0.07936245981254615
62,81,19,0.19,0.05759971983497962
78,89,11,0.11,0.06304441637068521
74,87,13,0.13,0.08184938290622085
70,85,15,0.15,0.035897204711654924
68,84,16,0.16,0.040176630115602165
82,91,9,0.09,0.06214652333117556
88,94,6,0.06,0.08306635863962583
76,88,12,0.12,0.04988952358296956
72,86,14,0.14,0.07904042157111689
56,78,22,0.22,0.05925184633437311
62,81,19,0.19,0.06996479404799175
68,84,16,0.16,0.07727204833412543
86,93,7,0.07,0.04531675331199949
66,83,17,0.17,0.08621901022852399
82,91,9,0.09,0.06902849901467561
72,86,14,0.14,0.07558824087493121
82,91,9,0.09,0.07313171331392368
70,85,15,0.15,0.03843090758600738
80,90,10,0.1,0.07808685542899184
68,84,16,0.16,0.06469920272007584
74,87,13,0.13,0.0615502825693693
72,86,14,0.14,0.05905525105539709
80,90,10,0.1,0.0727666768815834
72,86,14,0.14,0.07497135034529492
86,93,7,0.07,0.0652610047289636
70,85,15,0.15,0.06619749167963164
88,94,6,0.06,0.07545697643887252
84,92,8,0.08,0.05327919241564814
60,80,20,0.2,0.060949490477796645
72,86,14,0.14,0.07483770293998532
64,82,18,0.18,0.05610360803664662
76,88,12,0.12,0.06137267790385522
80,90,10,0.1,0.06090001189091709
60,80,20,0.2,0.06177065790747292
88,94,6,0.06,0.047277885266812515
74,87,13,0.13,0.03518548999913037
62,81,19,0.19,0.03523681839957135
68,84,16,0.16,0.05933767229900695
76,88,12,0.12,0.08236992374178953
68,84,16,0.16,0.09038575188955292
88,94,6,0.06,0.06145064327167347
80,90,10,0.1,0.06150058644474484
90,95,5,0.05,0.06758634920231998
72,86,14,0.14,0.07500087284483016
68,84,16,0.16,0.06425034750951454
56,78,22,0.22,0.060398548332741483
80,90,10,0.1,0.06619461364796735
82,91,9,0.09,0.07812852860661224
74,87,13,0.13,0.03926979036652483
82,91,9,0.09,0.06781915089377435
84,92,8,0.08,0.06601679983723444
72,86,14,0.14,0.07440367789327866
48,74,26,0.26,0.059079180425032976
92,96,4,0.04,0.05001217300072312
82,91,9,0.09,0.05453072933712974
82,91,9,0.09,0.042370160249702166
78,89,11,0.11,0.08287549109576503
80,90,10,0.1,0.10462968670821284
86,93,7,0.07,0.05702673289604718
68,84,16,0.16,0.05943215773848351
76,88,12,0.12,0.0682052995263075
70,85,15,0.15,0.06829857767676004
78,89,11,0.11,0.0635739913652651
74,87,13,0.13,0.11363161938992562
72,86,14,0.14,0.0738067601073999
68,84,16,0.16,0.04590221286052838
76,88,12,0.12,0.08384630217566155
74,87,13,0.13,0.09412505727697862
52,76,24,0.24,0.10736425789771602
72,86,14,0.14,0.11239401511149481
72,86,14,0.14,0.04313611499688705
90,95,5,0.05,0.051729065093677494
74,87,13,0.13,0.04708744353498332
64,82,18,0.18,0.062418709741323256
54,77,23,0.23,0.08250664603081531
76,88,12,0.12,0.05487261579051847
86,93,7,0.07,0.042096049123210834
76,88,12,0.12,0.06656010804174002
82,91,9,0.09,0.06478576280642301
64,82,18,0.18,0.07104327561333776
62,81,19,0.19,0.04638901719852583
76,88,12,0.12,0.05156916481879307
78,89,11,0.11,0.06378758969833143
74,87,13,0.13,0.06192032128688879
56,78,22,0.22,0.05923900494351983
66,83,17,0.17,0.08078930391580798
64,82,18,0.18,0.0867985827253142
76,88,12,0.12,0.06741137786069885
62,81,19,0.19,0.046512958868406715
66,83,17,0.17,0.05842161556705833
76,88,12,0.12,0.06383957415499025
64,82,18,0.18,0.09730937988148071
74,87,13,0.13,0.0915931851544883
64,82,18,0.18,0.059880301891826096
80,90,10,0.1,0.050143921305425464
50,75,25,0.25,0.06498110599641223
78,89,11,0.11,0.06536533873906591
76,88,12,0.12,0.06679563164303545
78,89,11,0.11,0.05101392655458767
62,81,19,0.19,0.05829336234892253
72,86,14,0.14,0.06870081088680308
70,85,15,0.15,0.05958174465602497
76,88,12,0.12,0.05654446708853356
78,89,11,0.11,0.04539752670447342
58,79,21,0.21,0.05423419316997752
86,93,7,0.07,0.08522923531359992
68,84,16,0.16,0.07065921859815717
68,84,16,0.16,0.10332857231027447
68,84,16,0.16,0.05045044291331578
76,88,12,0.12,0.0728118261671625
64,82,18,0.18,0.04020758872531587
74,87,13,0.13,0.03865422405018762
56,78,22,0.22,0.04285749579023104
82,91,9,0.09,0.057765696028109235
78,89,11,0.11,0.06387095023252186
74,87,13,0.13,0.06385917048435658
78,89,11,0.11,0.05700766976107843
68,84,16,0.16,0.08371535495156422
68,84,16,0.16,0.07743607066106051
76,88,12,0.12,0.10080758954631165
78,89,11,0.11,0.08387382026558043
74,87,13,0.13,0.07090203576459317
68,84,16,0.16,0.06504898360930383
68,84,16,0.16,0.045243384462664835
60,80,20,0.2,0.06272320976131596
66,83,17,0.17,0.06170305336621823
82,91,9,0.09,0.04628585991566069
70,85,15,0.15,0.04893008085375186
72,86,14,0.14,0.103764238958247
66,83,17,0.17,0.08392089631408453
74,87,13,0.13,0.054561411991599015
78,89,11,0.11,0.059184584053000436
66,83,17,0.17,0.05445332115632482
84,92,8,0.08,0.07246815503865946
84,92,8,0.08,0.06176986728038173
68,84,16,0.16,0.057660179546801374
70,85,15,0.15,0.0726626121206209
86,93,7,0.07,0.08138026994769461
78,89,11,0.11,0.07778694066932075
66,83,17,0.17,0.08564018969424068
78,89,11,0.11,0.054900028856936844
78,89,11,0.11,0.0719730532669928
74,87,13,0.13,0.06334399404004216
70,85,15,0.15,0.06467793877498479
62,81,19,0.19,0.0724288188898936
96,98,2,0.02,0.08519911918789148
76,88,12,0.12,0.08501812757458538
62,81,19,0.19,0.06336122913809959
62,81,19,0.19,0.07024913175788243
74,87,13,0.13,0.07759580174344592
86,93,7,0.07,0.0737912588060135
80,90,10,0.1,0.06045233578188345
78,89,11,0.11,0.05391154809389263
62,81,19,0.19,0.07438486599130556
64,82,18,0.18,0.0562669453502167
70,85,15,0.15,0.06782587014196906
56,78,22,0.22,0.07504281914560124
66,83,17,0.17,0.05862293294223491
58,79,21,0.21,0.09487167575280182
66,83,17,0.17,0.0653085352369817
88,94,6,0.06,0.05575118019769434
70,85,15,0.15,0.08445012544281781
76,88,12,0.12,0.0457454246020643
78,89,11,0.11,0.052896478344773644
60,80,20,0.2,0.05753806388165685
76,88,12,0.12,0.03819011685525766
76,88,12,0.12,0.06598478018480819
74,87,13,0.13,0.05017695046393783
76,88,12,0.12,0.058551793773076496
68,84,16,0.16,0.03701741424883949
78,89,11,0.11,0.0915731296678132
86,93,7,0.07,0.05187916713650338
70,85,15,0.15,0.05298023808805738
88,94,6,0.06,0.039877248717239126
86,93,7,0.07,0.04733962227706798
88,94,6,0.06,0.04824798154702876
66,83,17,0.17,0.053160645250754895
76,88,12,0.12,0.05503269171749707
76,88,12,0.12,0.061842548903659915
78,89,11,0.11,0.09013065116014332
86,93,7,0.07,0.06629701376892626
70,85,15,0.15,0.06289497002027929
74,87,13,0.13,0.0626338447269518
64,82,18,0.18,0.05685314427712001
72,86,14,0.14,0.05561035625403747
70,85,15,0.15,0.06733383776969276
88,94,6,0.06,0.09147995808860288
78,89,11,0.11,0.06308477600163315
90,95,5,0.05,0.061485278222244234
76,88,12,0.12,0.05104782584356144
66,83,17,0.17,0.05525635781472374
76,88,12,0.12,0.04970017781117349
70,85,15,0.15,0.056717293852416334
70,85,15,0.15,0.039202666372875686
80,90,10,0.1,0.07408325705851894
78,89,11,0.11,0.05543525819899514
78,89,11,0.11,0.079239266490913
72,86,14,0.14,0.07028007872402668
86,93,7,0.07,0.05288835355837364
66,83,17,0.17,0.10070142164127902
86,93,7,0.07,0.08688119401340373
76,88,12,0.12,0.06599638373940252
70,85,15,0.15,0.08125053992727771
78,89,11,0.11,0.06476147586246953
78,89,11,0.11,0.04077942714975506
76,88,12,0.12,0.05456839696140378
78,89,11,0.11,0.05923350818455219
78,89,11,0.11,0.04441211869823746
84,92,8,0.08,0.0507166120322654
80,90,10,0.1,0.06506200889911269
76,88,12,0.12,0.06586661328525224
86,93,7,0.07,0.04706475779064931
64,82,18,0.18,0.03894149271589413
76,88,12,0.12,0.07175770722911694
88,94,6,0.06,0.05860693353053648
88,94,6,0.06,0.03872604941294412
70,85,15,0.15,0.04697693441354204
72,86,14,0.14,0.06186835836037062
72,86,14,0.14,0.04110627693418792
76,88,12,0.12,0.02987242928829801
68,84,16,0.16,0.0554430000402499
60,80,20,0.2,0.04718668078974588
82,91,9,0.09,0.056362954056239686
78,89,11,0.11,0.07356582093285396
62,81,19,0.19,0.05750126779719721
66,83,17,0.17,0.07440287044163597
66,83,17,0.17,0.05268348860787228
52,76,24,0.24,0.10213596591434908
70,85,15,0.15,0.0786581764370203
86,93,7,0.07,0.0775716136326082
72,86,14,0.14,0.05835299975296948
84,92,8,0.08,0.05624787183129229
76,88,12,0.12,0.06353637424152112
82,91,9,0.09,0.06936386010121169
66,83,17,0.17,0.04890113753732294
94,97,3,0.03,0.08266387252369896
80,90,10,0.1,0.08325010873610154
74,87,13,0.13,0.03836828398198122
74,87,13,0.13,0.05714374221221078
78,89,11,0.11,0.05707764939055778
80,90,10,0.1,0.09098431853984948
70,85,15,0.15,0.06746400828589685
66,83,17,0.17,0.05486452548095258
58,79,21,0.21,0.0597963102592621
82,91,9,0.09,0.0770559097151272
86,93,7,0.07,0.05204234177013859
74,87,13,0.13,0.06358734130684753
74,87,13,0.13,0.09154794699512422
82,91,9,0.09,0.04681514188734582
76,88,12,0.12,0.0497209447901696
78,89,11,0.11,0.04272109549259767
68,84,16,0.16,0.05973942259428441
82,91,9,0.09,0.05367990415194072
82,91,9,0.09,0.07453313321340829
70,85,15,0.15,0.05979274669196457
70,85,15,0.15,0.05254581717308611
76,88,12,0.12,0.04968892929260619
64,82,18,0.18,0.051562553110998124
70,85,15,0.15,0.036594721524743364
62,81,19,0.19,0.07223133450257592
66,83,17,0.17,0.07991457479656675
72,86,14,0.14,0.11933039099909365
66,83,17,0.17,0.03830267876681319
74,87,13,0.13,0.05429925710894167
84,92,8,0.08,0.0785120428049413
78,89,11,0.11,0.03711999887491402
72,86,14,0.14,0.04234173755161464
78,89,11,0.11,0.045634836318204176
74,87,13,0.13,0.08136638134717941
72,86,14,0.14,0.054937390048289673
66,83,17,0.17,0.06896597482147626
70,85,15,0.15,0.0770841164898593
80,90,10,0.1,0.06813017548527568
88,94,6,0.06,0.04202926376310643
88,94,6,0.06,0.04236399070825428
64,82,18,0.18,0.03927390406301129
62,81,19,0.19,0.07976280398492236
72,86,14,0.14,0.06700315659749322
78,89,11,0.11,0.05082332197023789
84,92,8,0.08,0.060077157150954005
80,90,10,0.1,0.04796906840987503
70,85,15,0.15,0.058297412991523745
84,92,8,0.08,0.10594954346190207
62,81,19,0.19,0.05929290080166538
74,87,13,0.13,0.08589980893826578
72,86,14,0.14,0.062375545685135876
76,88,12,0.12,0.05307309250347316
78,89,11,0.11,0.03850483607209753
78,89,11,0.11,0.03907898486126214
78,89,11,0.11,0.05679365662741475
86,93,7,0.07,0.07382856378913857
80,90,10,0.1,0.05073243205435574
96,98,2,0.02,0.06114800436422229
66,83,17,0.17,0.03447170134750195
78,89,11,0.11,0.059148638818478504
70,85,15,0.15,0.036477430176310006
74,87,13,0.13,0.05362617023230996
62,81,19,0.19,0.07438926700735465
72,86,14,0.14,0.06173895670392085
64,82,18,0.18,0.059093131225090474
70,85,15,0.15,0.06886081029311754
68,84,16,0.16,0.062041929148836064
66,83,17,0.17,0.09296672005672008
70,85,15,0.15,0.1010666157770902
60,80,20,0.2,0.0914098996273242
68,84,16,0.16,0.07239870154531673
80,90,10,0.1,0.08698862897290383
76,88,12,0.12,0.08244944198457232
78,89,11,0.11,0.048864590047160164
54,77,23,0.23,0.048827129667624834
76,88,12,0.12,0.046491100171697324
74,87,13,0.13,0.04541823678009678
70,85,15,0.15,0.03766624186420813
94,97,3,0.03,0.062153576960554346
74,87,13,0.13,0.07515396595466882
86,93,7,0.07,0.05398998915450647
62,81,19,0.19,0.07136795432365034
62,81,19,0.19,0.05967443342204206
76,88,12,0.12,0.04545047821287881
86,93,7,0.07,0.06913606712652837
88,94,6,0.06,0.052218914246768694
84,92,8,0.08,0.06357446622569114
66,83,17,0.17,0.04569214080111124
74,87,13,0.13,0.07386692541826051
90,95,5,0.05,0.05505507718451554
72,86,14,0.14,0.07973492151941172
64,82,18,0.18,0.06105786268017255
76,88,12,0.12,0.05989179951837286
88,94,6,0.06,0.05253765424306039
56,78,22,0.22,0.06015008292044513
66,83,17,0.17,0.047579146662028504
72,86,14,0.14,0.08323672749946126
72,86,14,0.14,0.04770009637170006
90,95,5,0.05,0.0607354491413571
76,88,12,0.12,0.04478464956220705
72,86,14,0.14,0.05925638875574805
82,91,9,0.09,0.05876156666112365
74,87,13,0.13,0.08682012043427675
56,78,22,0.22,0.061609859354794023
76,88,12,0.12,0.062231186992721635
82,91,9,0.09,0.04536455996567383
82,91,9,0.09,0.08229004802706186
80,90,10,0.1,0.06035052067891229
64,82,18,0.18,0.05460924227110809
66,83,17,0.17,0.05512709743808955
78,89,11,0.11,0.05864985106833046
74,87,13,0.13,0.07082299094414339
84,92,8,0.08,0.08726688084891066
72,86,14,0.14,0.08215451105788815
70,85,15,0.15,0.054710707086487675
70,85,15,0.15,0.07405568515183404
80,90,10,0.1,0.057055930097121746
68,84,16,0.16,0.05309456495800987
60,80,20,0.2,0.08678073926479556
56,78,22,0.22,0.072930091121234
72,86,14,0.14,0.06623039608355612
92,96,4,0.04,0.058121080322453056
82,91,9,0.09,0.07621363027516054
76,88,12,0.12,0.040199678598437455
82,91,9,0.09,0.07392852688848507
74,87,13,0.13,0.04629683256673161
66,83,17,0.17,0.054891613220097495
58,79,21,0.21,0.06288681609497872
92,96,4,0.04,0.0702034688484855
84,92,8,0.08,0.07091974351380487
78,89,11,0.11,0.051635021446854806
76,88,12,0.12,0.05811465441103792
74,87,13,0.13,0.07636073979665525
68,84,16,0.16,0.07519121413235552
68,84,16,0.16,0.07392805805196985
84,92,8,0.08,0.05456615822215099
82,91,9,0.09,0.10335413967841305
80,90,10,0.1,0.09598564649088076
64,82,18,0.18,0.10146597794489935
90,95,5,0.05,0.06466722303070128
68,84,16,0.16,0.039158687537419606
74,87,13,0.13,0.10079502029111609
78,89,11,0.11,0.08360652522416785
82,91,9,0.09,0.03467760655563325
58,79,21,0.21,0.09450026326463558
84,92,8,0.08,0.0561508325568866
88,94,6,0.06,0.08282001442741603
74,87,13,0.13,0.07745581512281205
68,84,16,0.16,0.059257477464852853
90,95,5,0.05,0.10923707980662584
78,89,11,0.11,0.06268926359596662
58,79,21,0.21,0.0834091953607276
68,84,16,0.16,0.0415657925629057
76,88,12,0.12,0.05373296522651799
78,89,11,0.11,0.060994203934096734
60,80,20,0.2,0.0486009530921001
86,93,7,0.07,0.059630336188711226
46,73,27,0.27,0.06897197026293725
84,92,8,0.08,0.04527425927808508
80,90,10,0.1,0.06607671941863373
78,89,11,0.11,0.056333172304730394
78,89,11,0.11,0.055406512131448836
62,81,19,0.19,0.08814489686279557
84,92,8,0.08,0.09540988630498759
84,92,8,0.08,0.07772165767499245
64,82,18,0.18,0.07922180075081997
68,84,16,0.16,0.05143451646144968
80,90,10,0.1,0.03994690677849576
76,88,12,0.12,0.07957265011500567
70,85,15,0.15,0.049406238733208735
52,76,24,0.24,0.06502923081163317
70,85,15,0.15,0.0798077967694553
78,89,11,0.11,0.0666421916737454
74,87,13,0.13,0.07482938766945153
66,83,17,0.17,0.04195329752285033
64,82,18,0.18,0.03485601243883139
62,81,19,0.19,0.060965526262298224
72,86,14,0.14,0.05419685504748486
80,90,10,0.1,0.06663508851081133
64,82,18,0.18,0.06838691628770903
84,92,8,0.08,0.05186144646489993
80,90,10,0.1,0.08567478213924914
72,86,14,0.14,0.07705070454394444
88,94,6,0.06,0.07312976200133563
62,81,19,0.19,0.07001785488100723
60,80,20,0.2,0.07673663124616724
78,89,11,0.11,0.07700022585515398
80,90,10,0.1,0.07940131640803884
64,82,18,0.18,0.048754819044843314
82,91,9,0.09,0.06430889587849378
50,75,25,0.25,0.07009679303504526
68,84,16,0.16,0.039511709874495864
72,86,14,0.14,0.054857315032277254
70,85,15,0.15,0.04006579336419236
70,85,15,0.15,0.037540551337879154
84,92,8,0.08,0.0375028591987575
76,88,12,0.12,0.038780908662010914
82,91,9,0.09,0.0362833034544019
82,91,9,0.09,0.05923386170819867
82,91,9,0.09,0.11634621144505218
78,89,11,0.11,0.08075803007202921
88,94,6,0.06,0.11022853363290779
70,85,15,0.15,0.06047730039746966
76,88,12,0.12,0.0599244388891384
70,85,15,0.15,0.05698835789604345
82,91,9,0.09,0.05784807343152352
72,86,14,0.14,0.0695686403871514
80,90,10,0.1,0.06168438171851449
68,84,16,0.16,0.08530724644311703
78,89,11,0.11,0.09361859449432813
86,93,7,0.07,0.058290447416657114
82,91,9,0.09,0.049273239988833664
54,77,23,0.23,0.0548279901460046
72,86,14,0.14,0.06506388378096745
66,83,17,0.17,0.05405524654081091
70,85,15,0.15,0.04338384521775879
70,85,15,0.15,0.06255201113875955
70,85,15,0.15,0.059973748304182666
62,81,19,0.19,0.06301484218914993
66,83,17,0.17,0.06835611257934943
70,85,15,0.15,0.0638071618520189
78,89,11,0.11,0.06711143635046028
86,93,7,0.07,0.04781846131314524
64,82,18,0.18,0.04815847418271005
60,80,20,0.2,0.05454378798371181
62,81,19,0.19,0.0693825664211181
80,90,10,0.1,0.04540018439758569
76,88,12,0.12,0.09462453618180007
68,84,16,0.16,0.03566620111378142
76,88,12,0.12,0.08145235123112798
70,85,15,0.15,0.04536163120915262
84,92,8,0.08,0.06837182348201168
62,81,19,0.19,0.03342173635959625
84,92,8,0.08,0.048193716283421964
66,83,17,0.17,0.029077669986872934
70,85,15,0.15,0.03650372947042342
66,83,17,0.17,0.06222519253031351
76,88,12,0.12,0.059407923095859586
74,87,13,0.13,0.055240918774070454
94,97,3,0.03,0.0810059050610289
80,90,10,0.1,0.06710505839902908
84,92,8,0.08,0.07039075176464393
82,91,9,0.09,0.07619356541836168
84,92,8,0.08,0.09958074752052198
98,99,1,0.01,0.10314853509597015
76,88,12,0.12,0.06296320770867168
70,85,15,0.15,0.08621668940526434
72,86,14,0.14,0.050396079398778965
86,93,7,0.07,0.09659163699834608
82,91,9,0.09,0.04338033421197906
76,88,12,0.12,0.05836160083825234
72,86,14,0.14,0.07370554510387592
60,80,20,0.2,0.0774443575940677
78,89,11,0.11,0.07070891688577831
60,80,20,0.2,0.09557810209225863
84,92,8,0.08,0.04738869824592257
44,72,28,0.28,0.04361824307590723
78,89,11,0.11,0.05429097620766697
76,88,12,0.12,0.05558679697220214
68,84,16,0.16,0.06129520232439972
82,91,9,0.09,0.07157518381485715
84,92,8,0.08,0.057572379677149
82,91,9,0.09,0.08558555050753057
64,82,18,0.18,0.0669264864793513
82,91,9,0.09,0.048917984061845346
76,88,12,0.12,0.08802207571803593
78,89,11,0.11,0.0778297884739004
64,82,18,0.18,0.06511073852656409
72,86,14,0.14,0.06186149372486398
68,84,16,0.16,0.05439433415303938
70,85,15,0.15,0.07992648542567622
74,87,13,0.13,0.05931930966384243
70,85,15,0.15,0.08701793766929768
86,93,7,0.07,0.07963337003369815
72,86,14,0.14,0.07286466932913754
58,79,21,0.21,0.07308963825926185
76,88,12,0.12,0.061978714025754014
68,84,16,0.16,0.06121213381062262
74,87,13,0.13,0.05263371134642512
84,92,8,0.08,0.06188316895173557
86,93,7,0.07,0.05130022001452744
80,90,10,0.1,0.06992743980517843
72,86,14,0.14,0.06277705684333341
74,87,13,0.13,0.07345219079870731
74,87,13,0.13,0.06215500283404254
86,93,7,0.07,0.0850709182533319
50,75,25,0.25,0.06982999040570576
66,83,17,0.17,0.06287791260518133
62,81,19,0.19,0.07352216070983558
70,85,15,0.15,0.05670610506320372
82,91,9,0.09,0.059571585506637346
90,95,5,0.05,0.07738356572459452
62,81,19,0.19,0.06203023065580055
74,87,13,0.13,0.05121054974384606
80,90,10,0.1,0.06594292249414138
82,91,9,0.09,0.08028749877936207
68,84,16,0.16,0.08656990511808545
64,82,18,0.18,0.05487287779746111
72,86,14,0.14,0.07202512278221547
84,92,8,0.08,0.039979356502735756
70,85,15,0.15,0.06761392068350687
88,94,6,0.06,0.056089525850838984
62,81,19,0.19,0.05325952859362587
80,90,10,0.1,0.07686990477028303
70,85,15,0.15,0.06316044038278051
80,90,10,0.1,0.04650820744689554
76,88,12,0.12,0.07209176465519704
82,91,9,0.09,0.04810342926764861
68,84,16,0.16,0.06239191097440198
84,92,8,0.08,0.07252868326962926
88,94,6,0.06,0.06192313485313207
72,86,14,0.14,0.04532695092493668
68,84,16,0.16,0.033571036407956854
76,88,12,0.12,0.07086899320827797
68,84,16,0.16,0.052061189797823315
72,86,14,0.14,0.0468924997234717
84,92,8,0.08,0.06385874891944696
90,95,5,0.05,0.05691157222157926
86,93,7,0.07,0.06694976712635253
50,75,25,0.25,0.09083314626826905
88,94,6,0.06,0.06422205752984154
84,92,8,0.08,0.04145450225798413
76,88,12,0.12,0.07457393412129022
62,81,19,0.19,0.07705696480581536
66,83,17,0.17,0.10228531862609089
76,88,12,0.12,0.05566970556916204
84,92,8,0.08,0.035692857700632886
74,87,13,0.13,0.050081830139970404
68,84,16,0.16,0.07564620997814928
76,88,12,0.12,0.08852798940381035
66,83,17,0.17,0.045544082072447055
76,88,12,0.12,0.06624464238644577
72,86,14,0.14,0.09201837034197524
86,93,7,0.07,0.07515166209428571
64,82,18,0.18,0.06559047024464235
78,89,11,0.11,0.10266958352221991
78,89,11,0.11,0.08186739215860143
82,91,9,0.09,0.06779971211799421
70,85,15,0.15,0.07559305904665962
72,86,14,0.14,0.09824340101520647
72,86,14,0.14,0.06635999453923432
68,84,16,0.16,0.07769801778835245
74,87,13,0.13,0.060178393579371915
76,88,12,0.12,0.04859421060325985
74,87,13,0.13,0.08013128711849277
84,92,8,0.08,0.051187528934679
74,87,13,0.13,0.059139734097989276
78,89,11,0.11,0.07935765401925891
70,85,15,0.15,0.03254742334573166
76,88,12,0.12,0.0736748037370853
68,84,16,0.16,0.04424623224302195
54,77,23,0.23,0.06780561384570319
78,89,11,0.11,0.08484993757097982
92,96,4,0.04,0.06487961788778193
80,90,10,0.1,0.07183477105339989
80,90,10,0.1,0.07527740858960896
78,89,11,0.11,0.06690406420384534
66,83,17,0.17,0.03323060286929831
70,85,15,0.15,0.045898352673975754
76,88,12,0.12,0.05238727331685368
82,91,9,0.09,0.056365273719420655
84,92,8,0.08,0.052823601669224444
74,87,13,0.13,0.03607241680962034
60,80,20,0.2,0.05809219201793894
60,80,20,0.2,0.05933395827189088
76,88,12,0.12,0.0581333049479872
60,80,20,0.2,0.06994552876567468
72,86,14,0.14,0.04979672025539912
68,84,16,0.16,0.05742645557038486
58,79,21,0.21,0.05548479821620276
60,80,20,0.2,0.04917831678088987
64,82,18,0.18,0.05348278787103482
70,85,15,0.15,0.05798022903385572
76,88,12,0.12,0.04139553737768438
76,88,12,0.12,0.05539400925801601
76,88,12,0.12,0.08514825003647275
62,81,19,0.19,0.05190899253822863
80,90,10,0.1,0.08317483478109353
62,81,19,0.19,0.045606793811894024
54,77,23,0.23,0.0613054077886045
60,80,20,0.2,0.06681571470864583
66,83,17,0.17,0.06537703498266638
86,93,7,0.07,0.07034030536960927
74,87,13,0.13,0.09053663299971959
88,94,6,0.06,0.042790250090765765
86,93,7,0.07,0.060649414779036306
72,86,14,0.14,0.10769863848690875
90,95,5,0.05,0.05418555668438785
90,95,5,0.05,0.07364199668940273
82,91,9,0.09,0.07219906869751867
82,91,9,0.09,0.08417198775336146
92,96,4,0.04,0.06164877167437226
66,83,17,0.17,0.021834391978918576
60,80,20,0.2,0.06175515641763923
74,87,13,0.13,0.08132058177594445
80,90,10,0.1,0.029137339887529378
74,87,13,0.13,0.0656501196010504
60,80,20,0.2,0.07219611734733916
82,91,9,0.09,0.03273141920246417
78,89,11,0.11,0.06924520286906045
60,80,20,0.2,0.06653637208451983
86,93,7,0.07,0.08766348454111722
72,86,14,0.14,0.060002374936593696
68,84,16,0.16,0.08854370523738908
74,87,13,0.13,0.056058731192024425
72,86,14,0.14,0.0867920393962413
82,91,9,0.09,0.05961273142369464
76,88,12,0.12,0.04918247400870314
86,93,7,0.07,0.058162929733516645
62,81,19,0.19,0.06163643456995487
80,90,10,0.1,0.05551629226087243
74,87,13,0.13,0.07267481458286057
76,88,12,0.12,0.07277569295605645
84,92,8,0.08,0.04266375147504732
68,84,16,0.16,0.04940180305246031
88,94,6,0.06,0.08439754236722365
62,81,19,0.19,0.07037461526924745
66,83,17,0.17,0.06831492959638126
90,95,5,0.05,0.08173925979572232
74,87,13,0.13,0.06269706633873284
62,81,19,0.19,0.05688857843284495
80,90,10,0.1,0.08596461206208915
60,80,20,0.2,0.05204949314240366
62,81,19,0.19,0.0759786615712801
84,92,8,0.08,0.060879850193159654
82,91,9,0.09,0.05904174199560657
82,91,9,0.09,0.07212361108977347
48,74,26,0.26,0.04951216201938223
78,89,11,0.11,0.0794273831837927
76,88,12,0.12,0.07038537795422599
70,85,15,0.15,0.08969849619083106
76,88,12,0.12,0.06949179027462378
62,81,19,0.19,0.05543724741670303
68,84,16,0.16,0.060467418927582915
80,90,10,0.1,0.07114524223026819
58,79,21,0.21,0.05962433883396443
80,90,10,0.1,0.04573667401680723
60,80,20,0.2,0.09520128550677327
60,80,20,0.2,0.09802795181050897
66,83,17,0.17,0.05735747466853354
68,84,16,0.16,0.10540500302100554
78,89,11,0.11,0.07275577076128684
76,88,12,0.12,0.03885249262442812
60,80,20,0.2,0.0647642518710927
82,91,9,0.09,0.10425581146555488
84,92,8,0.08,0.08361452858895063
92,96,4,0.04,0.05573118176165735
66,83,17,0.17,0.06667758791241794
76,88,12,0.12,0.05099072085969965
72,86,14,0.14,0.05353746926295571
72,86,14,0.14,0.07500832700636238
86,93,7,0.07,0.055246677047689444
74,87,13,0.13,0.09108278882165904
68,84,16,0.16,0.07119325020263205
78,89,11,0.11,0.06199698209675262
62,81,19,0.19,0.03856664377002744
64,82,18,0.18,0.0723665395154967
70,85,15,0.15,0.05890279424434994
80,90,10,0.1,0.06442999900085851
68,84,16,0.16,0.07060956027824432
70,85,15,0.15,0.07493701044673799
78,89,11,0.11,0.06020685374882305
82,91,9,0.09,0.10440748228807933
74,87,13,0.13,0.08411855760437902
58,79,21,0.21,0.07278957722824998
76,88,12,0.12,0.05791813533578534
74,87,13,0.13,0.0638966760999756
76,88,12,0.12,0.0462248392845504
86,93,7,0.07,0.0752788548998069
66,83,17,0.17,0.03032584428146947
90,95,5,0.05,0.08811575032028486
72,86,14,0.14,0.06709986522095278
66,83,17,0.17,0.07728783298283816
70,85,15,0.15,0.047117592821596194
82,91,9,0.09,0.05781335599021986
66,83,17,0.17,0.049584220029646534
78,89,11,0.11,0.03930717473296681
78,89,11,0.11,0.0695300667511765
74,87,13,0.13,0.05805159714655019
86,93,7,0.07,0.059132594554830574
92,96,4,0.04,0.06000059648999013
78,89,11,0.11,0.05769412653404288
74,87,13,0.13,0.06881737895950209
88,94,6,0.06,0.033904827183578165
64,82,18,0.18,0.06383311759214848
88,94,6,0.06,0.08747053193626925
80,90,10,0.1,0.05099924097303301
78,89,11,0.11,0.053109239630503
78,89,11,0.11,0.06017960244207643
80,90,10,0.1,0.04791006269166246
74,87,13,0.13,0.04648658761638216
78,89,11,0.11,0.05237869749311358
76,88,12,0.12,0.07854197315115016
78,89,11,0.11,0.06825492767384275
78,89,11,0.11,0.06987997390446253
76,88,12,0.12,0.08620845126220957
70,85,15,0.15,0.0363173839170122
66,83,17,0.17,0.07676435700850562
64,82,18,0.18,0.07876003588055028
76,88,12,0.12,0.05602169422461884
70,85,15,0.15,0.05448666574549861
78,89,11,0.11,0.13213032060477417
62,81,19,0.19,0.04074115967843681
58,79,21,0.21,0.10438314726692624
54,77,23,0.23,0.046770206199144015
76,88,12,0.12,0.07743749677436426
84,92,8,0.08,0.067200177249033
68,84,16,0.16,0.07032683528028429
60,80,20,0.2,0.08265086982864886
72,86,14,0.14,0.08129257321241312
74,87,13,0.13,0.08789102067705244
86,93,7,0.07,0.07739062270964496
84,92,8,0.08,0.0725880710122874
80,90,10,0.1,0.05757735999126453
70,85,15,0.15,0.07779899170156568
82,91,9,0.09,0.05989857833192218
84,92,8,0.08,0.03711145622481126
82,91,9,0.09,0.06829777314793319
88,94,6,0.06,0.07004125909996219
60,80,20,0.2,0.059623539089225235
72,86,14,0.14,0.07297914653245244
86,93,7,0.07,0.07336174849478994
66,83,17,0.17,0.056847372107440605
80,90,10,0.1,0.03868067278948729
68,84,16,0.16,0.07909322615596466
82,91,9,0.09,0.08807101426180453
66,83,17,0.17,0.05987563829141436
84,92,8,0.08,0.07343187338556163
70,85,15,0.15,0.07068445707322098
80,90,10,0.1,0.046892051336471924
76,88,12,0.12,0.07264651266974397
80,90,10,0.1,0.05111336548463442
82,91,9,0.09,0.04355851826025173
68,84,16,0.16,0.0666646256367676
58,79,21,0.21,0.07495873236213811
84,92,8,0.08,0.07136077542207203
74,87,13,0.13,0.07085614274081309
66,83,17,0.17,0.049746182140952444
72,86,14,0.14,0.051820100409095175
64,82,18,0.18,0.07236168019677279
66,83,17,0.17,0.0527506930322852
84,92,8,0.08,0.05226038686087122
74,87,13,0.13,0.04051402780343778
80,90,10,0.1,0.047889133461285385
64,82,18,0.18,0.03933033639797941
70,85,15,0.15,0.05609466448193416
82,91,9,0.09,0.08726281161885709
76,88,12,0.12,0.07750210433732718
76,88,12,0.12,0.05459885570104234
68,84,16,0.16,0.050688520242110825
56,78,22,0.22,0.09136584071675316
76,88,12,0.12,0.056816457362729125
84,92,8,0.08,0.061459253375651314
62,81,19,0.19,0.08502833140781149
72,86,14,0.14,0.04425649379962124
70,85,15,0.15,0.053231885040877384
76,88,12,0.12,0.045665972615825015
90,95,5,0.05,0.05804293257417157
74,87,13,0.13,0.09845770108047873
66,83,17,0.17,0.057656865038443354
72,86,14,0.14,0.06743957486120053
68,84,16,0.16,0.06300930150347994
78,89,11,0.11,0.05177771884846152
82,91,9,0.09,0.06207539186463691
68,84,16,0.16,0.07565667256421875
74,87,13,0.13,0.04548801780096255
74,87,13,0.13,0.05877463623357471
74,87,13,0.13,0.04792260995367542
74,87,13,0.13,0.06366564269643277
48,74,26,0.26,0.08734272925707046
68,84,16,0.16,0.05702371579478495
72,86,14,0.14,0.050807670604262965
84,92,8,0.08,0.06631679349578917
88,94,6,0.06,0.0438533004418423
62,81,19,0.19,0.0547809056614642
78,89,11,0.11,0.06002249008277431
82,91,9,0.09,0.08487520075868815
84,92,8,0.08,0.08949503341224045
68,84,16,0.16,0.06402479146490805
62,81,19,0.19,0.04539525674190372
60,80,20,0.2,0.09124322873714846
68,84,16,0.16,0.04540692939481232
74,87,13,0.13,0.051913142671764945
70,85,15,0.15,0.05325766709516756
80,90,10,0.1,0.0448579447728116
78,89,11,0.11,0.03892850639240351
76,88,12,0.12,0.07343466821417678
74,87,13,0.13,0.07188039577216841
86,93,7,0.07,0.06565933248202782
70,85,15,0.15,0.05406194692768622
76,88,12,0.12,0.05629812813800527
80,90,10,0.1,0.034133554948493836
70,85,15,0.15,0.03170751841174933
80,90,10,0.1,0.0384626497887075
86,93,7,0.07,0.06424553018834558
74,87,13,0.13,0.06304230828071013
74,87,13,0.13,0.05136113130603917
78,89,11,0.11,0.06258483179379254
74,87,13,0.13,0.08045956338988618
84,92,8,0.08,0.041092304371995854
84,92,8,0.08,0.043851099168532526
74,87,13,0.13,0.06408576424466446
44,72,28,0.28,0.06409136786358431
82,91,9,0.09,0.06601899842557031
62,81,19,0.19,0.045931453821831385
78,89,11,0.11,0.0730118432638119
80,90,10,0.1,0.06730049658566713
80,90,10,0.1,0.04759385024488438
80,90,10,0.1,0.07346899550815579
86,93,7,0.07,0.05882926134887384
78,89,11,0.11,0.07202753282152116
76,88,12,0.12,0.06027248691621935
76,88,12,0.12,0.05846465210663155
80,90,10,0.1,0.031110069484129782
82,91,9,0.09,0.0446339207564597
68,84,16,0.16,0.05454911434877431
58,79,21,0.21,0.0698711493378505
72,86,14,0.14,0.05525358004844747
78,89,11,0.11,0.08662533474504017
60,80,20,0.2,0.060506197950744536
72,86,14,0.14,0.06877287672483362
74,87,13,0.13,0.07550436033387087
64,82,18,0.18,0.03589561115135439
82,91,9,0.09,0.044040568454111056
80,90,10,0.1,0.07556685157702304
86,93,7,0.07,0.04498940351535566
64,82,18,0.18,0.04362863262882456
84,92,8,0.08,0.05853153157047927
76,88,12,0.12,0.07002953256655019
72,86,14,0.14,0.05818615240394138
70,85,15,0.15,0.062459720032929905
64,82,18,0.18,0.05701220943534281
52,76,24,0.24,0.03982517407508567
64,82,18,0.18,0.0352639375498984
70,85,15,0.15,0.10694440273102374
82,91,9,0.09,0.09181826186890248
78,89,11,0.11,0.03578977896948345
76,88,12,0.12,0.07613425881601871
70,85,15,0.15,0.08375922176986933
70,85,15,0.15,0.0725726159743499
74,87,13,0.13,0.04527027492877096
64,82,18,0.18,0.06648387020104565
54,77,23,0.23,0.07775425539293793
66,83,17,0.17,0.051604522769048346
66,83,17,0.17,0.0400575324712554
64,82,18,0.18,0.07371596903773024
56,78,22,0.22,0.04938041091314517
66,83,17,0.17,0.0513238529508817
74,87,13,0.13,0.05381802240764955
68,84,16,0.16,0.055964653766714036
72,86,14,0.14,0.05614441001904197
72,86,14,0.14,0.04151305661565857
62,81,19,0.19,0.06053108250722289
68,84,16,0.16,0.062124660243280234
80,90,10,0.1,0.06720660988561576
64,82,18,0.18,0.05461593315791106
74,87,13,0.13,0.07747103461879305
74,87,13,0.13,0.07883728757034987
72,86,14,0.14,0.06249804339604452
78,89,11,0.11,0.0764549076082767
74,87,13,0.13,0.04441621382022277
58,79,21,0.21,0.06716416194918566
56,78,22,0.22,0.07714699848787859
68,84,16,0.16,0.1036891818838194
80,90,10,0.1,0.09183233765776094
82,91,9,0.09,0.05043437461019493
72,86,14,0.14,0.07220931607298553
72,86,14,0.14,0.09054583965335042
78,89,11,0.11,0.09859474287950434
62,81,19,0.19,0.0507667886064155
70,85,15,0.15,0.09138702024210943
70,85,15,0.15,0.05587893517775228
80,90,10,0.1,0.07040785521850922
84,92,8,0.08,0.03299039015575545
78,89,11,0.11,0.054788003141293305
84,92,8,0.08,0.04911067431559786
78,89,11,0.11,0.05905876852106303
76,88,12,0.12,0.050292073340388016
76,88,12,0.12,0.04391944062692346
68,84,16,0.16,0.10804830434033647
72,86,14,0.14,0.08921495993621648
80,90,10,0.1,0.07503573611727915
86,93,7,0.07,0.06290206838981248
76,88,12,0.12,0.0664124501083279
76,88,12,0.12,0.050508657348691484
78,89,11,0.11,0.06642215807922185
74,87,13,0.13,0.05974751938805639
92,96,4,0.04,0.039301092989044266
72,86,14,0.14,0.07156830863037612
62,81,19,0.19,0.049027853340958244
58,79,21,0.21,0.07255329743900801
70,85,15,0.15,0.08270249304099707
80,90,10,0.1,0.07054077352804597
72,86,14,0.14,0.06474944325105753
84,92,8,0.08,0.07511266029323452
76,88,12,0.12,0.055188017853506605
70,85,15,0.15,0.058308688615215945
62,81,19,0.19,0.06498332192655652
76,88,12,0.12,0.07145282737939851
66,83,17,0.17,0.06018352383282036
72,86,14,0.14,0.07216788162244483
82,91,9,0.09,0.09192154307151214
54,77,23,0.23,0.0896707451227121
74,87,13,0.13,0.043593740947544576
64,82,18,0.18,0.06819649053213653
78,89,11,0.11,0.062091603339649734
72,86,14,0.14,0.05013055369025096
80,90,10,0.1,0.0810856843716465
60,80,20,0.2,0.047454183388035746
76,88,12,0.12,0.051367051164852455
86,93,7,0.07,0.08646082270890475
74,87,13,0.13,0.08561381447594613
56,78,22,0.22,0.0562142339698039
82,91,9,0.09,0.06631682290666503
68,84,16,0.16,0.058571147910552096
72,86,14,0.14,0.07198203309671954
76,88,12,0.12,0.05263994134264067
86,93,7,0.07,0.05711328119388782
74,87,13,0.13,0.055142429204424845
78,89,11,0.11,0.06160143358865753
84,92,8,0.08,0.04630612899025437
62,81,19,0.19,0.07740608435473405
68,84,16,0.16,0.05906530707143247
66,83,17,0.17,0.08614775138557888
76,88,12,0.12,0.06255365391494706
72,86,14,0.14,0.08745172021910548
82,91,9,0.09,0.07030115348112304
74,87,13,0.13,0.04379397847136715
76,88,12,0.12,0.0851148650504183
80,90,10,0.1,0.09480366032163147
76,88,12,0.12,0.06552178052879754
82,91,9,0.09,0.11042201486066915
90,95,5,0.05,0.061767905796295965
64,82,18,0.18,0.07370388920186087
84,92,8,0.08,0.07937388288322836
74,87,13,0.13,0.0713414215442026
56,78,22,0.22,0.06937199254374718
82,91,9,0.09,0.07737113093957305
78,89,11,0.11,0.05134791447821044
70,85,15,0.15,0.09981534042395651
92,96,4,0.04,0.06105421042942907
82,91,9,0.09,0.08062098105889164
68,84,16,0.16,0.07365237110017915
68,84,16,0.16,0.0631295541790314
76,88,12,0.12,0.08484741673571988
62,81,19,0.19,0.06993572099650919
54,77,23,0.23,0.04857271396904252
88,94,6,0.06,0.07396793700187118
74,87,13,0.13,0.06494847456458956
76,88,12,0.12,0.056709580270107834
86,93,7,0.07,0.05727660991251469
84,92,8,0.08,0.05029085202724673
72,86,14,0.14,0.08695742219686509
64,82,18,0.18,0.05313465452636592
76,88,12,0.12,0.06901858962140978
56,78,22,0.22,0.11357984810718336
86,93,7,0.07,0.046721515856916085
86,93,7,0.07,0.07503227975044865
62,81,19,0.19,0.0564709216292249
72,86,14,0.14,0.06417882102541625
74,87,13,0.13,0.05221580386045389
80,90,10,0.1,0.045136341742472726
74,87,13,0.13,0.07321464815177023
88,94,6,0.06,0.10245778445940232
80,90,10,0.1,0.06941197239066241
80,90,10,0.1,0.05842732410179451
62,81,19,0.19,0.09097478242125362
70,85,15,0.15,0.09591965166153386
76,88,12,0.12,0.0553503310168162
76,88,12,0.12,0.05003920121584088
88,94,6,0.06,0.0755984281731071
70,85,15,0.15,0.061877898189413826
76,88,12,0.12,0.04525604004767956
84,92,8,0.08,0.07872634462546557
58,79,21,0.21,0.08782710574567318
78,89,11,0.11,0.08612427015788854
76,88,12,0.12,0.058118097122132895
76,88,12,0.12,0.07344940010691062
68,84,16,0.16,0.06143605816272611
72,86,14,0.14,0.06063504932710202
62,81,19,0.19,0.08305441502132453
78,89,11,0.11,0.06360079488251358
82,91,9,0.09,0.10039855289971455
84,92,8,0.08,0.07556690659956075
64,82,18,0.18,0.06848357508031767
60,80,20,0.2,0.07388524554131436
68,84,16,0.16,0.08061606940886122
70,85,15,0.15,0.09626517774886452
76,88,12,0.12,0.09700550387729891
68,84,16,0.16,0.09649415106279775
80,90,10,0.1,0.11812316188821569
66,83,17,0.17,0.09945761572103948
68,84,16,0.16,0.08644683668855578
80,90,10,0.1,0.08473901274381206
68,84,16,0.16,0.07329078061738983
58,79,21,0.21,0.09141314460022841
66,83,17,0.17,0.10731055662501604
78,89,11,0.11,0.06132384429045487
64,82,18,0.18,0.08657299801823683
60,80,20,0.2,0.05728009480342735
68,84,16,0.16,0.10893368567805738
74,87,13,0.13,0.05148662345134653
84,92,8,0.08,0.05956390396924689
68,84,16,0.16,0.08804020162322558
70,85,15,0.15,0.09936936920799781
78,89,11,0.11,0.0578800151089672
74,87,13,0.13,0.07841762480267789
68,84,16,0.16,0.08595686977903824
68,84,16,0.16,0.13938108458183707
72,86,14,0.14,0.0641551113841706
74,87,13,0.13,0.09823447733419016
68,84,16,0.16,0.06929311574509484
78,89,11,0.11,0.1484381453646347
76,88,12,0.12,0.08445364744286053
74,87,13,0.13,0.08500719966483303
66,83,17,0.17,0.049683210222574416
78,89,11,0.11,0.1117761070211418
70,85,15,0.15,0.11782971020322293
68,84,16,0.16,0.07613667391880881
76,88,12,0.12,0.053414580738171936
80,90,10,0.1,0.09355286469683051
70,85,15,0.15,0.08975655839487445
62,81,19,0.19,0.06846043294790434
88,94,6,0.06,0.061795241257350426
56,78,22,0.22,0.07883235188899562
84,92,8,0.08,0.10162100123474374
76,88,12,0.12,0.07019969686807599
60,80,20,0.2,0.1048781423107721
74,87,13,0.13,0.06982954136561602
82,91,9,0.09,0.0739132303732913
76,88,12,0.12,0.06737671203794889
62,81,19,0.19,0.08586822358658537
66,83,17,0.17,0.08333670243155211
80,90,10,0.1,0.07569060111185535
54,77,23,0.23,0.08312546737841331
88,94,6,0.06,0.08383205453166738
78,89,11,0.11,0.089985471930122
68,84,16,0.16,0.09444977139355615
68,84,16,0.16,0.10865601279772819
76,88,12,0.12,0.058982228233944625
86,93,7,0.07,0.09980276789516211
84,92,8,0.08,0.0870959477010183
60,80,20,0.2,0.07304371776524932
80,90,10,0.1,0.0868993279663846
74,87,13,0.13,0.09804042659932748
76,88,12,0.12,0.12509076139889658
60,80,20,0.2,0.09763177952554543
78,89,11,0.11,0.09764972832752392
76,88,12,0.12,0.07267447669059038
76,88,12,0.12,0.11692293564323336
74,87,13,0.13,0.08374963412526995
84,92,8,0.08,0.07566210588614922
76,88,12,0.12,0.07403142875002232
76,88,12,0.12,0.06761232152115554
82,91,9,0.09,0.0860697274787526
46,73,27,0.27,0.09602649851236493
80,90,10,0.1,0.10461858629365452
78,89,11,0.11,0.10083828741451725
62,81,19,0.19,0.08008069596951828
74,87,13,0.13,0.09905599126126617
66,83,17,0.17,0.08696538007352501
72,86,14,0.14,0.08139636964304373
74,87,13,0.13,0.10071180377621204
74,87,13,0.13,0.1289324851986021
68,84,16,0.16,0.07108763638883829
74,87,13,0.13,0.10478985544992611
62,81,19,0.19,0.08648296768777072
60,80,20,0.2,0.08565197725896724
78,89,11,0.11,0.10225516492500901
88,94,6,0.06,0.09578042248031124
82,91,9,0.09,0.08170385486562737
88,94,6,0.06,0.07126294694375247
78,89,11,0.11,0.05364325689382895
62,81,19,0.19,0.08418623514007777
66,83,17,0.17,0.07530071571585722
54,77,23,0.23,0.09640550490701572
54,77,23,0.23,0.08067070556804538
76,88,12,0.12,0.08404036075808108
74,87,13,0.13,0.09551059018122032
86,93,7,0.07,0.06699247232230846
72,86,14,0.14,0.06768112484031008
74,87,13,0.13,0.10280638167634606
80,90,10,0.1,0.07668429247918539
76,88,12,0.12,0.05443494160361297
74,87,13,0.13,0.11764338782872073
76,88,12,0.12,0.10488230793198454
72,86,14,0.14,0.10274299378506839
72,86,14,0.14,0.10489466342609376
82,91,9,0.09,0.096914842792321
82,91,9,0.09,0.0682890880201012
64,82,18,0.18,0.11023233184940182
76,88,12,0.12,0.07283790550136474
86,93,7,0.07,0.06067220643395558
80,90,10,0.1,0.0773351691022981
56,78,22,0.22,0.06503474379889668
80,90,10,0.1,0.08712930530542508
62,81,19,0.19,0.10950639086775482
80,90,10,0.1,0.06269952043658122
54,77,23,0.23,0.14793626813217997
56,78,22,0.22,0.0636576058738865
74,87,13,0.13,0.07354928888380527
74,87,13,0.13,0.10716722682584078
90,95,5,0.05,0.061272109076380726
70,85,15,0.15,0.117581176966778
72,86,14,0.14,0.09042969887028449
62,81,19,0.19,0.04031965322152246
70,85,15,0.15,0.07222044278867543
74,87,13,0.13,0.12004080586135388
58,79,21,0.21,0.07421943377703429
76,88,12,0.12,0.10442419781815261
78,89,11,0.11,0.13585008004680277
76,88,12,0.12,0.09942125791218132
80,90,10,0.1,0.08508528317790479
68,84,16,0.16,0.0949449249356985
86,93,7,0.07,0.07473604887723923
80,90,10,0.1,0.07389388733310626
84,92,8,0.08,0.0692664413107559
70,85,15,0.15,0.06393831651541404
80,90,10,0.1,0.11540675227995961
66,83,17,0.17,0.0839057996775955
84,92,8,0.08,0.08744181652436964
80,90,10,0.1,0.06603302959818393
78,89,11,0.11,0.07965893220156431
90,95,5,0.05,0.057078581257956104
70,85,15,0.15,0.07140907599357887
78,89,11,0.11,0.09147893876768648
82,91,9,0.09,0.09525731495057699
78,89,11,0.11,0.08206584272615146
72,86,14,0.14,0.06356819496722892
74,87,13,0.13,0.07947976602707058
74,87,13,0.13,0.06706011897185818
76,88,12,0.12,0.09088713444420136
76,88,12,0.12,0.07117890397639712
74,87,13,0.13,0.10721967056859284
76,88,12,0.12,0.09762203977676108
62,81,19,0.19,0.07393788097891957
78,89,11,0.11,0.13747906181029976
68,84,16,0.16,0.1062662878097035
74,87,13,0.13,0.1758426877320744
70,85,15,0.15,0.12630178094259464
84,92,8,0.08,0.06821925643715077
82,91,9,0.09,0.13742169862613082
78,89,11,0.11,0.08611110934522002
80,90,10,0.1,0.10758028758689761
76,88,12,0.12,0.07007871716748923
86,93,7,0.07,0.0913031583162956
82,91,9,0.09,0.07247774034971372
74,87,13,0.13,0.11896651921968442
86,93,7,0.07,0.10110097759286873
76,88,12,0.12,0.07459146943991073
78,89,11,0.11,0.07446583895012736
52,76,24,0.24,0.09621785428142175
72,86,14,0.14,0.08320626761764288
82,91,9,0.09,0.10274646037258207
80,90,10,0.1,0.08859322449308821
72,86,14,0.14,0.07755394026171417
76,88,12,0.12,0.09996885897708126
80,90,10,0.1,0.11073360465001315
78,89,11,0.11,0.05838045125827193
64,82,18,0.18,0.0587218038039282
74,87,13,0.13,0.06273716917523416
72,86,14,0.14,0.09302201436366886
62,81,19,0.19,0.14524495314573868
70,85,15,0.15,0.13049387911334634
84,92,8,0.08,0.07940552807180211
72,86,14,0.14,0.07166696137748658
68,84,16,0.16,0.08878028842562344
64,82,18,0.18,0.10541122927796095
72,86,14,0.14,0.08802139634732158
70,85,15,0.15,0.09362123858649284
62,81,19,0.19,0.08652818084927276
72,86,14,0.14,0.06956975433276966
76,88,12,0.12,0.09471059049014002
64,82,18,0.18,0.08313965493347496
86,93,7,0.07,0.08367468389333226
72,86,14,0.14,0.09830791684333234
86,93,7,0.07,0.0955695123365149
74,87,13,0.13,0.10056924283038825
78,89,11,0.11,0.06709292853367516
76,88,12,0.12,0.09413657808210701
70,85,15,0.15,0.1027322951471433
68,84,16,0.16,0.08330900327302515
80,90,10,0.1,0.048295509387971836
76,88,12,0.12,0.07430123937898316
76,88,12,0.12,0.11924890831578523
92,96,4,0.04,0.023129155494680163
90,95,5,0.05,0.08759916226845235
76,88,12,0.12,0.06089325181557797
76,88,12,0.12,0.06392983498983085
74,87,13,0.13,0.0545061300706584
72,86,14,0.14,0.08410130260512233
86,93,7,0.07,0.0972579876362579
80,90,10,0.1,0.07574696474475787
74,87,13,0.13,0.08249776356475196
70,85,15,0.15,0.07813042072579264
84,92,8,0.08,0.0803715199616272
72,86,14,0.14,0.08275653309188784
80,90,10,0.1,0.04674320962076308
50,75,25,0.25,0.103235993264243
66,83,17,0.17,0.09443819306907245
78,89,11,0.11,0.049801437453133986
60,80,20,0.2,0.09321577835653443
74,87,13,0.13,0.06243826815858483
72,86,14,0.14,0.03974465099279769
74,87,13,0.13,0.06302733826451004
74,87,13,0.13,0.07865047437837347
88,94,6,0.06,0.07164975402061828
74,87,13,0.13,0.07121291938819922
72,86,14,0.14,0.09082587033510209
62,81,19,0.19,0.05793739091139287
82,91,9,0.09,0.045872784707025854
74,87,13,0.13,0.06523112167255021
72,86,14,0.14,0.14406196089461445
64,82,18,0.18,0.03856469542486593
84,92,8,0.08,0.10147898229537532
76,88,12,0.12,0.08541261085309088
78,89,11,0.11,0.07471014057751744
80,90,10,0.1,0.0676794238993898
58,79,21,0.21,0.08526442942442372
84,92,8,0.08,0.07847073623212054
86,93,7,0.07,0.059843779332004486
80,90,10,0.1,0.07645275718066841
86,93,7,0.07,0.11541807236382738
76,88,12,0.12,0.08655683714430779
92,96,4,0.04,0.048103716256155164
72,86,14,0.14,0.07398776192450895
66,83,17,0.17,0.07148250094847754
90,95,5,0.05,0.08585632622474805
60,80,20,0.2,0.10795505178626627
72,86,14,0.14,0.07143383787479252
60,80,20,0.2,0.06445572421420366
64,82,18,0.18,0.0748365900106728
62,81,19,0.19,0.07443062091479077
64,82,18,0.18,0.07212335367628839
86,93,7,0.07,0.07852105456171557
58,79,21,0.21,0.06934349002782256
80,90,10,0.1,0.06983999399351887
80,90,10,0.1,0.07219570634420962
86,93,7,0.07,0.0673959316041146
78,89,11,0.11,0.04789960088673979
80,90,10,0.1,0.10134614772396162
82,91,9,0.09,0.07146142105746549
74,87,13,0.13,0.06714356485637836
84,92,8,0.08,0.08638562918291427
82,91,9,0.09,0.08723184843780472
74,87,13,0.13,0.05333588211215101
86,93,7,0.07,0.04794355743681081
86,93,7,0.07,0.08090079121990129
74,87,13,0.13,0.10949762270553037
66,83,17,0.17,0.0515342862601392
72,86,14,0.14,0.09239750136388465
58,79,21,0.21,0.06013790722819976
84,92,8,0.08,0.07826413685223088
68,84,16,0.16,0.06655566625995561
68,84,16,0.16,0.059397571232984774
60,80,20,0.2,0.08863860768964514
76,88,12,0.12,0.0972213648376055
78,89,11,0.11,0.09680567724397406
60,80,20,0.2,0.09092051278217696
62,81,19,0.19,0.07798297239933163
80,90,10,0.1,0.0666784752276726
50,75,25,0.25,0.0756713598407805
90,95,5,0.05,0.05755426528281532
82,91,9,0.09,0.05518582388060168
74,87,13,0.13,0.112377669676207
74,87,13,0.13,0.09604911934351548
70,85,15,0.15,0.06500382490456104
88,94,6,0.06,0.06203651985619217
80,90,10,0.1,0.07774281539663207
68,84,16,0.16,0.08217210119473747
76,88,12,0.12,0.08222565640578977
80,90,10,0.1,0.06741759625147097
74,87,13,0.13,0.08775153958238661
78,89,11,0.11,0.09130298771138769
62,81,19,0.19,0.08646676402539015
86,93,7,0.07,0.07853217323543504
74,87,13,0.13,0.09722488382249139
68,84,16,0.16,0.06825946770957671
72,86,14,0.14,0.09786879756953568
78,89,11,0.11,0.14292507007718086
74,87,13,0.13,0.06661962253972888
86,93,7,0.07,0.1133893035131041
78,89,11,0.11,0.06981790873920544
58,79,21,0.21,0.09588473822455854
82,91,9,0.09,0.07796040948887821
78,89,11,0.11,0.07104722598276567
72,86,14,0.14,0.08770221774000675
60,80,20,0.2,0.13975587022490799
70,85,15,0.15,0.055680000548018145
68,84,16,0.16,0.11462908510584384
64,82,18,0.18,0.13826536428416147
60,80,20,0.2,0.0921608546609059
74,87,13,0.13,0.05644529326120391
74,87,13,0.13,0.1280298385117203
80,90,10,0.1,0.13089953529648482
86,93,7,0.07,0.07315550208091735
72,86,14,0.14,0.09366094784927555
78,89,11,0.11,0.06039521366474219
76,88,12,0.12,0.09466036053840071
76,88,12,0.12,0.06787301142234355
62,81,19,0.19,0.08888005079003052
80,90,10,0.1,0.06573001340322662
74,87,13,0.13,0.09978953747078777
68,84,16,0.16,0.05198975556297228
74,87,13,0.13,0.11755274887662381
74,87,13,0.13,0.11483617722289637
80,90,10,0.1,0.08291938685579225
84,92,8,0.08,0.06804099149245303
90,95,5,0.05,0.07609931114828214
80,90,10,0.1,0.04282151797087863
80,90,10,0.1,0.08889632049249485
74,87,13,0.13,0.08918009190121666
70,85,15,0.15,0.06698879993055015
86,93,7,0.07,0.09490405008662492
78,89,11,0.11,0.08725963730714284
62,81,19,0.19,0.08962692781118677
90,95,5,0.05,0.067551476394583
68,84,16,0.16,0.1087269534333609
72,86,14,0.14,0.09415510192979128
86,93,7,0.07,0.06915041406464298
64,82,18,0.18,0.1143450539978221
66,83,17,0.17,0.11470501392614096
72,86,14,0.14,0.08791296523297205
68,84,16,0.16,0.08073655542684718
72,86,14,0.14,0.11684434607625008
78,89,11,0.11,0.10712391451001167
66,83,17,0.17,0.09061148918117397
68,84,16,0.16,0.07850490945391357
94,97,3,0.03,0.0775543437351007
74,87,13,0.13,0.09511468347511254
76,88,12,0.12,0.07268685178598389
76,88,12,0.12,0.04731154417153448
80,90,10,0.1,0.07141155489989615
74,87,13,0.13,0.08243285240139812
56,78,22,0.22,0.08601789042790188
74,87,13,0.13,0.08187193851452321
70,85,15,0.15,0.07968059923965484
74,87,13,0.13,0.09201454764581285
68,84,16,0.16,0.07563308307901025
68,84,16,0.16,0.0727370459632948
58,79,21,0.21,0.11737947422196157
66,83,17,0.17,0.07213154898956418
64,82,18,0.18,0.09109255047893385
70,85,15,0.15,0.09446430347859859
72,86,14,0.14,0.08539199914317579
78,89,11,0.11,0.10195638831035467
76,88,12,0.12,0.11052139900857583
86,93,7,0.07,0.08013914447976277
80,90,10,0.1,0.08006211671745404
72,86,14,0.14,0.08761304038984236
90,95,5,0.05,0.0828342872223584
74,87,13,0.13,0.08125638863071799
68,84,16,0.16,0.09198198102880269
78,89,11,0.11,0.10502681606682017
74,87,13,0.13,0.07144160780124366
68,84,16,0.16,0.06064027935412014
76,88,12,0.12,0.09068531566648744
78,89,11,0.11,0.062362967308145015
74,87,13,0.13,0.10365851170150563
58,79,21,0.21,0.09410777911078184
72,86,14,0.14,0.056445476417429745
62,81,19,0.19,0.09155503780813888
84,92,8,0.08,0.07475091235595756
82,91,9,0.09,0.06148232091916725
64,82,18,0.18,0.07561292571481318
78,89,11,0.11,0.1067540993867442
76,88,12,0.12,0.09903769026044756
84,92,8,0.08,0.12181738157290965
66,83,17,0.17,0.08549891025293618
62,81,19,0.19,0.09116068507311866
82,91,9,0.09,0.061204215947072954
80,90,10,0.1,0.07896706148050725
76,88,12,0.12,0.08772552696522325
64,82,18,0.18,0.08537905526114628
72,86,14,0.14,0.05689983603078872
80,90,10,0.1,0.07134837260528001
88,94,6,0.06,0.08895864695427008
86,93,7,0.07,0.05480793581344187
82,91,9,0.09,0.0980527421226725
62,81,19,0.19,0.0794680662220344
70,85,15,0.15,0.10104184284573421
62,81,19,0.19,0.07419361578766256
84,92,8,0.08,0.07565149012720213
64,82,18,0.18,0.05972678410093067
82,91,9,0.09,0.06219256638898514
78,89,11,0.11,0.08004407936707139
68,84,16,0.16,0.06474828027319746
78,89,11,0.11,0.11273033051751553
84,92,8,0.08,0.0424776596063748
86,93,7,0.07,0.06895150365307927
56,78,22,0.22,0.051769852441502735
72,86,14,0.14,0.06613443066831678
64,82,18,0.18,0.056883080743718895
60,80,20,0.2,0.06421499596326612
60,80,20,0.2,0.08073183975415305
78,89,11,0.11,0.08909454101580196
72,86,14,0.14,0.06016099103318993
76,88,12,0.12,0.08649757125531324
76,88,12,0.12,0.09878202216117643
62,81,19,0.19,0.05087638037337456
60,80,20,0.2,0.0653968261461705
66,83,17,0.17,0.07118487749015913
72,86,14,0.14,0.10583631457528099
76,88,12,0.12,0.09480550908250734
56,78,22,0.22,0.11452714096754789
70,85,15,0.15,0.07455209152307361
76,88,12,0.12,0.09305049072019755
64,82,18,0.18,0.09511061049997807
80,90,10,0.1,0.0953356810612604
84,92,8,0.08,0.1308785538119264
74,87,13,0.13,0.06940295581240206
64,82,18,0.18,0.07752764892880805
84,92,8,0.08,0.08362770972424187
54,77,23,0.23,0.06805021566571667
90,95,5,0.05,0.06557352389208973
68,84,16,0.16,0.07289322898723186
86,93,7,0.07,0.02797171896439977
78,89,11,0.11,0.05631634453544393
72,86,14,0.14,0.08120510582230053
50,75,25,0.25,0.10551382257603109
58,79,21,0.21,0.1003461477253586
64,82,18,0.18,0.08636081349104643
72,86,14,0.14,0.09136840322520584
56,78,22,0.22,0.10931782378815115
70,85,15,0.15,0.07506908531300724
70,85,15,0.15,0.08570995427668095
70,85,15,0.15,0.09230825189268216
74,87,13,0.13,0.12920859187608585
60,80,20,0.2,0.11921704594045877
76,88,12,0.12,0.07894104442442768
72,86,14,0.14,0.09598122330731712
70,85,15,0.15,0.06620583595242352
74,87,13,0.13,0.10493201466510073
86,93,7,0.07,0.08700179632171057
72,86,14,0.14,0.07924329705681885
76,88,12,0.12,0.05746354645525571
54,77,23,0.23,0.12526631793472917
76,88,12,0.12,0.09976565257646143
84,92,8,0.08,0.11455114495474845
76,88,12,0.12,0.06378521350387018
88,94,6,0.06,0.09969292202498764
62,81,19,0.19,0.09121239608386532
72,86,14,0.14,0.10955514853354544
74,87,13,0.13,0.07242030047113075
72,86,14,0.14,0.1304506428563036
62,81,19,0.19,0.07619899261044338
78,89,11,0.11,0.06364241423085332
76,88,12,0.12,0.11552848687395453
66,83,17,0.17,0.09529047448653728
52,76,24,0.24,0.16337613368406892
90,95,5,0.05,0.10650644465815276
74,87,13,0.13,0.09022507289017084
78,89,11,0.11,0.10541570496861823
72,86,14,0.14,0.08130947444122284
78,89,11,0.11,0.1088982034259243
74,87,13,0.13,0.1072234444017522
64,82,18,0.18,0.06920789035968483
72,86,14,0.14,0.07830950334435328
82,91,9,0.09,0.06321776439668611
74,87,13,0.13,0.07485918849823064
60,80,20,0.2,0.07994350353255868
68,84,16,0.16,0.11112067740177736
78,89,11,0.11,0.10547405527206138
80,90,10,0.1,0.08055724295321852
72,86,14,0.14,0.09633996045216918
86,93,7,0.07,0.07480147769092582
90,95,5,0.05,0.11110149771440775
78,89,11,0.11,0.06849355000827927
70,85,15,0.15,0.07220327784772962
86,93,7,0.07,0.10340429925534408
70,85,15,0.15,0.07803738304646686
86,93,7,0.07,0.09428629128320608
84,92,8,0.08,0.06537729362782557
52,76,24,0.24,0.09207871742779389
84,92,8,0.08,0.05210061657242477
74,87,13,0.13,0.10558228479058016
72,86,14,0.14,0.07923258288763463
74,87,13,0.13,0.08558700104476884
82,91,9,0.09,0.10957752051064745
86,93,7,0.07,0.05185329185682349
76,88,12,0.12,0.10024373614229262
76,88,12,0.12,0.08850726537843003
80,90,10,0.1,0.13029798852163366
70,85,15,0.15,0.10218985555693508
70,85,15,0.15,0.07103972905315459
70,85,15,0.15,0.09462587037938647
80,90,10,0.1,0.0916101081063971
50,75,25,0.25,0.10420833390904591
72,86,14,0.14,0.0917001661285758
66,83,17,0.17,0.07426573705626652
64,82,18,0.18,0.08919985407730564
72,86,14,0.14,0.11507706214208156
70,85,15,0.15,0.07941286601591856
86,93,7,0.07,0.1135812421416631
90,95,5,0.05,0.07537125590723008
72,86,14,0.14,0.07457517551025376
76,88,12,0.12,0.07285042783943936
82,91,9,0.09,0.08307244721916504
70,85,15,0.15,0.06140529977157712
60,80,20,0.2,0.09689260392216965
84,92,8,0.08,0.05833696919260547
84,92,8,0.08,0.08805036804173141
76,88,12,0.12,0.09013886884087696
74,87,13,0.13,0.07632828034751583
70,85,15,0.15,0.10282927853055299
78,89,11,0.11,0.13275367554277182
74,87,13,0.13,0.0892005055770278
64,82,18,0.18,0.11017661307472736
82,91,9,0.09,0.06961558133363724
72,86,14,0.14,0.08583330513560213
62,81,19,0.19,0.08458613641094416
74,87,13,0.13,0.07897432657890022
90,95,5,0.05,0.11922900674398988
70,85,15,0.15,0.10985825759824365
70,85,15,0.15,0.11132638879586011
80,90,10,0.1,0.0868129649432376
68,84,16,0.16,0.11070744247525
62,81,19,0.19,0.10344742262270301
66,83,17,0.17,0.1372359789069742
74,87,13,0.13,0.14299843284767122
86,93,7,0.07,0.137667896496132
84,92,8,0.08,0.12136751452693716
74,87,13,0.13,0.07709748204157223
70,85,15,0.15,0.058704907139763236
74,87,13,0.13,0.09505155015038326
72,86,14,0.14,0.09437440003734082
64,82,18,0.18,0.08179854839108884
84,92,8,0.08,0.059320521652698514
84,92,8,0.08,0.12055046810302883
72,86,14,0.14,0.14047059426899067
76,88,12,0.12,0.06612224846845492
76,88,12,0.12,0.10173414526507259
72,86,14,0.14,0.11142182949930429
84,92,8,0.08,0.058678714336710985
78,89,11,0.11,0.1091411443229299
84,92,8,0.08,0.08916126958560198
80,90,10,0.1,0.09784664057660848
64,82,18,0.18,0.08718585443217307
60,80,20,0.2,0.08015074602095411
74,87,13,0.13,0.0857720196666196
52,76,24,0.24,0.07645315150963143
76,88,12,0.12,0.0823077897739131
68,84,16,0.16,0.07261826908332296
80,90,10,0.1,0.06556612416286953
86,93,7,0.07,0.08619310997542926
82,91,9,0.09,0.06571718885330484
76,88,12,0.12,0.07083293241565115
70,85,15,0.15,0.062167975560296324
66,83,17,0.17,0.05892933987081051
86,93,7,0.07,0.09630778566584923
82,91,9,0.09,0.09202756540151313
74,87,13,0.13,0.07312251576338895
60,80,20,0.2,0.07023229958722368
74,87,13,0.13,0.0835116480756551
64,82,18,0.18,0.1191898627858609
74,87,13,0.13,0.08416888642474078
78,89,11,0.11,0.09939672043081373
84,92,8,0.08,0.08015600477345287
84,92,8,0.08,0.11266584374941885
72,86,14,0.14,0.0976651133573614
66,83,17,0.17,0.0817430521408096
70,85,15,0.15,0.1065849716309458
82,91,9,0.09,0.07466669415822252
62,81,19,0.19,0.07402086999267339
82,91,9,0.09,0.16750313567055855
82,91,9,0.09,0.06774730099830777
80,90,10,0.1,0.08494203406618908
66,83,17,0.17,0.07044622305314988
58,79,21,0.21,0.08484243305167183
84,92,8,0.08,0.042652928058523686
74,87,13,0.13,0.06484686644282192
58,79,21,0.21,0.11191957658389583
66,83,17,0.17,0.06982219944067765
80,90,10,0.1,0.09610502803232521
64,82,18,0.18,0.12906092077493667
72,86,14,0.14,0.10993245054036378
52,76,24,0.24,0.133041649912484
82,91,9,0.09,0.10983930444344878
62,81,19,0.19,0.09746685975347645
78,89,11,0.11,0.07180963563965634
68,84,16,0.16,0.10512127555906772
84,92,8,0.08,0.09617680083494634
62,81,19,0.19,0.06388619395205751
70,85,15,0.15,0.09017358574084938
82,91,9,0.09,0.10158068155869841
64,82,18,0.18,0.12091977356001735
72,86,14,0.14,0.09490854404866696
58,79,21,0.21,0.09049157288391144
86,93,7,0.07,0.07802594996814151
64,82,18,0.18,0.08293161715380848
78,89,11,0.11,0.12321369408164173
60,80,20,0.2,0.08435701357200742
74,87,13,0.13,0.1608591108303517
62,81,19,0.19,0.11947301844600589
68,84,16,0.16,0.12123938684817404
62,81,19,0.19,0.11714870889671147
64,82,18,0.18,0.11090830337721855
86,93,7,0.07,0.11481554086320102
72,86,14,0.14,0.10647475872305222
84,92,8,0.08,0.07709226457867771
84,92,8,0.08,0.12248901710729115
78,89,11,0.11,0.08829025324899703
82,91,9,0.09,0.12089265475049615
64,82,18,0.18,0.09944751631468535
80,90,10,0.1,0.10089020809857174
74,87,13,0.13,0.08818596300203353
58,79,21,0.21,0.08321403923211619
78,89,11,0.11,0.0975566873862408
86,93,7,0.07,0.0998290928080678
70,85,15,0.15,0.08465410945587791
78,89,11,0.11,0.06547295278287493
68,84,16,0.16,0.09689526062458753
70,85,15,0.15,0.0898458756681066
68,84,16,0.16,0.08751611822051927
72,86,14,0.14,0.0692458706360776
80,90,10,0.1,0.06140358764474513
68,84,16,0.16,0.08679431078024208
66,83,17,0.17,0.08484561299206689
82,91,9,0.09,0.08951635126490146
68,84,16,0.16,0.1155927821539808
84,92,8,0.08,0.08835795753751881
82,91,9,0.09,0.08712627736851573
86,93,7,0.07,0.0952600849000737
70,85,15,0.15,0.10967762943124398
72,86,14,0.14,0.10863558770157397
60,80,20,0.2,0.10165397289441898
74,87,13,0.13,0.08939540351580945
80,90,10,0.1,0.10672282177954912
76,88,12,0.12,0.09112431773915887
64,82,18,0.18,0.06227183636801783
72,86,14,0.14,0.08404445644351653
72,86,14,0.14,0.07293233754811808
68,84,16,0.16,0.09912358900997788
76,88,12,0.12,0.10024459389736876
66,83,17,0.17,0.09884362761396914
66,83,17,0.17,0.05053401604644023
76,88,12,0.12,0.06546362697845325
78,89,11,0.11,0.12591991434805094
94,97,3,0.03,0.07258035222475882
86,93,7,0.07,0.0810044151020702
80,90,10,0.1,0.06403864753199741
86,93,7,0.07,0.06612566182389855
86,93,7,0.07,0.09154106061905623
62,81,19,0.19,0.08581812701188028
84,92,8,0.08,0.0962386715458706
68,84,16,0.16,0.09775867166463285
74,87,13,0.13,0.08981863694265485
76,88,12,0.12,0.06339560671243817
62,81,19,0.19,0.07498085352475754
78,89,11,0.11,0.13468173529487104
80,90,10,0.1,0.07262200389523059
78,89,11,0.11,0.07950179972220212
68,84,16,0.16,0.08723676480702125
76,88,12,0.12,0.11300027813762427
72,86,14,0.14,0.10007290274370462
70,85,15,0.15,0.0923326284927316
72,86,14,0.14,0.11097738187992945
72,86,14,0.14,0.08816701099742204
70,85,15,0.15,0.11109052002895624
78,89,11,0.11,0.084407899066573
62,81,19,0.19,0.12344076575012877
62,81,19,0.19,0.0860144582670182
82,91,9,0.09,0.07930581597494893
72,86,14,0.14,0.0929570703022182
78,89,11,0.11,0.08423738110810518
84,92,8,0.08,0.06071352388011292
84,92,8,0.08,0.07905500210472383
80,90,10,0.1,0.09265697114635259
78,89,11,0.11,0.0942141714086756
76,88,12,0.12,0.05417741883604322
74,87,13,0.13,0.08836568116676062
68,84,16,0.16,0.06296245744219049
62,81,19,0.19,0.09283988214563578
68,84,16,0.16,0.07479147656238638
84,92,8,0.08,0.09505805920809507
74,87,13,0.13,0.12146196596790106
76,88,12,0.12,0.14295034284703434
74,87,13,0.13,0.09459416255063843
66,83,17,0.17,0.07794569351244718
64,82,18,0.18,0.0920877855271101
76,88,12,0.12,0.06913117945194244
70,85,15,0.15,0.09254014680627734
58,79,21,0.21,0.09048723965883256
74,87,13,0.13,0.07882652537431568
78,89,11,0.11,0.08628558963071555
64,82,18,0.18,0.0818619588832371
60,80,20,0.2,0.11869383614510298
84,92,8,0.08,0.13408274822868407
66,83,17,0.17,0.14221198729705065
82,91,9,0.09,0.06821579704992473
82,91,9,0.09,0.09406120375031606
76,88,12,0.12,0.08515885083470494
78,89,11,0.11,0.11443693660665304
80,90,10,0.1,0.11410632310900837
78,89,11,0.11,0.09913436844479293
68,84,16,0.16,0.12283312615938485
80,90,10,0.1,0.11843289897078649
62,81,19,0.19,0.082618055799976
72,86,14,0.14,0.11182572775753215
68,84,16,0.16,0.08200082723982632
70,85,15,0.15,0.1241490842588246
78,89,11,0.11,0.07267910891736391
76,88,12,0.12,0.06452034811489284
64,82,18,0.18,0.10531088152900338
60,80,20,0.2,0.1106798634515144
74,87,13,0.13,0.07303039258811622
66,83,17,0.17,0.12696240910328924
68,84,16,0.16,0.12951820616377518
60,80,20,0.2,0.09657739322865382
64,82,18,0.18,0.11957458629040048
54,77,23,0.23,0.08351804547710344
68,84,16,0.16,0.10565617223270238
70,85,15,0.15,0.06633871094556526
74,87,13,0.13,0.140191681208089
68,84,16,0.16,0.10268996146507561
66,83,17,0.17,0.09572860482381657
70,85,15,0.15,0.07724842398427427
78,89,11,0.11,0.07936521965777502
62,81,19,0.19,0.1247371038980782
76,88,12,0.12,0.13586438464466483
86,93,7,0.07,0.09042631181888282
70,85,15,0.15,0.09360861364519224
70,85,15,0.15,0.04804059461937868
72,86,14,0.14,0.14164553517184686
62,81,19,0.19,0.0800831998884678
54,77,23,0.23,0.10273463614983484
72,86,14,0.14,0.17682011680211873
84,92,8,0.08,0.1211953381355852
68,84,16,0.16,0.09197719140909612
86,93,7,0.07,0.09056911763735115
74,87,13,0.13,0.10539273902075365
76,88,12,0.12,0.09173982405802235
68,84,16,0.16,0.09485621623578482
64,82,18,0.18,0.08218628883070778
56,78,22,0.22,0.11340456764213741
80,90,10,0.1,0.10572735394867777
60,80,20,0.2,0.0659147030650638
68,84,16,0.16,0.08724035719642416
72,86,14,0.14,0.06480223841266707
68,84,16,0.16,0.06556450967211276
64,82,18,0.18,0.07415643768850715
72,86,14,0.14,0.08594276176998392
82,91,9,0.09,0.09914915336063132
70,85,15,0.15,0.08584052454913035
78,89,11,0.11,0.08714586597168818
76,88,12,0.12,0.10257452068151907
80,90,10,0.1,0.06416437198757194
76,88,12,0.12,0.0862539256317541
70,85,15,0.15,0.06289129553711974
60,80,20,0.2,0.0987332225521095
76,88,12,0.12,0.0738117749884259
74,87,13,0.13,0.06806230946356663
76,88,12,0.12,0.09377892530988902
82,91,9,0.09,0.06327150580356829
80,90,10,0.1,0.07013622359983857
72,86,14,0.14,0.07006964856409467
84,92,8,0.08,0.11290685851825401
76,88,12,0.12,0.053532023015432056
74,87,13,0.13,0.07989830530597829
54,77,23,0.23,0.07658641029149293
68,84,16,0.16,0.09325758503749966
76,88,12,0.12,0.10838793447124771
60,80,20,0.2,0.09752534240949899
76,88,12,0.12,0.09383387265494093
88,94,6,0.06,0.07178646591080906
86,93,7,0.07,0.05989820531453006
76,88,12,0.12,0.0637419327464886
80,90,10,0.1,0.08531897225300782
66,83,17,0.17,0.08171934466809035
60,80,20,0.2,0.09352148852543905
72,86,14,0.14,0.07445430083665996
60,80,20,0.2,0.08972825705073774
72,86,14,0.14,0.07743779168464243
70,85,15,0.15,0.07686868927208707
72,86,14,0.14,0.08398848606622777
62,81,19,0.19,0.07224391202675179
56,78,22,0.22,0.09531496481969953
60,80,20,0.2,0.06621723874937743
84,92,8,0.08,0.1108508901274763
82,91,9,0.09,0.09166614131536335
74,87,13,0.13,0.08153480110224337
84,92,8,0.08,0.11091660908889026
76,88,12,0.12,0.09240699239075184
74,87,13,0.13,0.13299930499866605
64,82,18,0.18,0.08037735837744549
80,90,10,0.1,0.10436954502831214
78,89,11,0.11,0.09443618882301962
84,92,8,0.08,0.07759446447598747
76,88,12,0.12,0.08923152928240598
70,85,15,0.15,0.07655655406881123
80,90,10,0.1,0.0957768346183002
72,86,14,0.14,0.07785070518148132
76,88,12,0.12,0.1105331363924779
68,84,16,0.16,0.0805497713945806
74,87,13,0.13,0.1251803971757181
74,87,13,0.13,0.08213721248088404
68,84,16,0.16,0.12743413871154188
72,86,14,0.14,0.11015818466199562
62,81,19,0.19,0.1313379713660106
86,93,7,0.07,0.1364406892703846
66,83,17,0.17,0.11891027706034947
86,93,7,0.07,0.08261104381876067
76,88,12,0.12,0.09246369123226032
82,91,9,0.09,0.08381690111244097
74,87,13,0.13,0.0696059240354225
72,86,14,0.14,0.17119522257708014
74,87,13,0.13,0.13273643707856536
76,88,12,0.12,0.08074551622150467
76,88,12,0.12,0.10868659244384617
72,86,14,0.14,0.05190971550531685
62,81,19,0.19,0.16779691723175347
86,93,7,0.07,0.06388095079455525
68,84,16,0.16,0.12701995075680317
62,81,19,0.19,0.1067614898411557
68,84,16,0.16,0.06443989597260952
56,78,22,0.22,0.10390426507685334
60,80,20,0.2,0.0904296390467789
66,83,17,0.17,0.08706226161215454
74,87,13,0.13,0.0974174560327083
62,81,19,0.19,0.0809474493120797
82,91,9,0.09,0.11786344442050904
54,77,23,0.23,0.12916400277987122
60,80,20,0.2,0.11765548308379949
62,81,19,0.19,0.07220457523828372
68,84,16,0.16,0.16465506930369883
68,84,16,0.16,0.06862406312022358
82,91,9,0.09,0.10237770851701498
68,84,16,0.16,0.09362448930973187
80,90,10,0.1,0.12404198582284152
72,86,14,0.14,0.11246008271875325
64,82,18,0.18,0.0848986888770014
66,83,17,0.17,0.11136228307383135
62,81,19,0.19,0.10835339776356705
84,92,8,0.08,0.07215140170883387
64,82,18,0.18,0.09232139400206506
56,78,22,0.22,0.08632057836628519
56,78,22,0.22,0.08197211463702843
62,81,19,0.19,0.07374115958227775
54,77,23,0.23,0.11843949951697141
74,87,13,0.13,0.06797308935085311
68,84,16,0.16,0.08633994531817735
74,87,13,0.13,0.13532150477636606
80,90,10,0.1,0.04963839295087382
70,85,15,0.15,0.09731895897071809
82,91,9,0.09,0.11288003595778719
72,86,14,0.14,0.09191736310953275
72,86,14,0.14,0.07738697038497776
76,88,12,0.12,0.0703102442366071
66,83,17,0.17,0.09923468933440745
72,86,14,0.14,0.06322663736063987
64,82,18,0.18,0.05954948517261073
76,88,12,0.12,0.07912330626888434
64,82,18,0.18,0.09647812555078417
74,87,13,0.13,0.061240053690271454
76,88,12,0.12,0.07274989124387503
78,89,11,0.11,0.06050763395614922
76,88,12,0.12,0.05387462289421819
70,85,15,0.15,0.0675017492461484
82,91,9,0.09,0.09648789286147803
64,82,18,0.18,0.10655358602991327
70,85,15,0.15,0.09319190356880426
82,91,9,0.09,0.07653796448837966
78,89,11,0.11,0.1350079886149615
86,93,7,0.07,0.09876650704769417
82,91,9,0.09,0.061756354155950245
80,90,10,0.1,0.09713263018755242
68,84,16,0.16,0.0795710305380635
90,95,5,0.05,0.07587993801338598
76,88,12,0.12,0.05778349030646496
66,83,17,0.17,0.09013459609705024
74,87,13,0.13,0.08047694024338853
70,85,15,0.15,0.08987808751873672
46,73,27,0.27,0.08682581281289459
66,83,17,0.17,0.0722339361696504
62,81,19,0.19,0.10230396376922726
72,86,14,0.14,0.07885262719588354
76,88,12,0.12,0.09240336132701486
88,94,6,0.06,0.08317087445175275
72,86,14,0.14,0.08140413376269862
80,90,10,0.1,0.16955055044032633
68,84,16,0.16,0.13373898078687488
80,90,10,0.1,0.10973188854753971
64,82,18,0.18,0.11363783319480718
74,87,13,0.13,0.10469711249694229
76,88,12,0.12,0.10722476319875568
88,94,6,0.06,0.0777619309630245
74,87,13,0.13,0.08801908305380493
80,90,10,0.1,0.09432289815042168
82,91,9,0.09,0.11422215176746249
66,83,17,0.17,0.10437765392940491
78,89,11,0.11,0.1050989042641595
74,87,13,0.13,0.07500758440699429
56,78,22,0.22,0.11837409099563956
66,83,17,0.17,0.09121509039774538
72,86,14,0.14,0.10911897102603689
76,88,12,0.12,0.1204398437216878
76,88,12,0.12,0.12672355902846902
76,88,12,0.12,0.14134811689844354
84,92,8,0.08,0.06671230983134592
76,88,12,0.12,0.10368484421633184
64,82,18,0.18,0.13214144483208656
82,91,9,0.09,0.11703633338212967
76,88,12,0.12,0.08841525570809608
72,86,14,0.14,0.13545327849686145
78,89,11,0.11,0.0756688438844867
68,84,16,0.16,0.10192056914325803
78,89,11,0.11,0.10018946026684716
90,95,5,0.05,0.097296075677732
68,84,16,0.16,0.06696700032334775
76,88,12,0.12,0.10222962516825645
58,79,21,0.21,0.08973195282742381
76,88,12,0.12,0.11722132105845957
66,83,17,0.17,0.11356250604614615
74,87,13,0.13,0.0796152369119227
68,84,16,0.16,0.11990285905078053
74,87,13,0.13,0.051123892115429045
84,92,8,0.08,0.09574063348118216
76,88,12,0.12,0.08814413131214678
70,85,15,0.15,0.10954173292964697
78,89,11,0.11,0.08996082268189638
72,86,14,0.14,0.09717265143524856
84,92,8,0.08,0.07369497551117092
78,89,11,0.11,0.06460911380767356
70,85,15,0.15,0.07944843236822635
78,89,11,0.11,0.11040834826417267
92,96,4,0.04,0.06305376180738677
76,88,12,0.12,0.1207631232496351
76,88,12,0.12,0.07902069990173914
60,80,20,0.2,0.07085482938447968
74,87,13,0.13,0.0673153185332194
70,85,15,0.15,0.09102274128934368
88,94,6,0.06,0.08549817108549178
80,90,10,0.1,0.08295326710212976
86,93,7,0.07,0.06000110925961053
78,89,11,0.11,0.08983576873783022
78,89,11,0.11,0.05543897102412302
74,87,13,0.13,0.08393679659813642
72,86,14,0.14,0.10230398556683212
72,86,14,0.14,0.11298481410602107
78,89,11,0.11,0.12832414167933165
76,88,12,0.12,0.10140840975334868
70,85,15,0.15,0.08701688264962286
84,92,8,0.08,0.12690942702349275
82,91,9,0.09,0.08005122994771227
76,88,12,0.12,0.12635612302459776
74,87,13,0.13,0.07447414603899233
74,87,13,0.13,0.05446590974344872
66,83,17,0.17,0.1279688620986417
74,87,13,0.13,0.05728683068649843
78,89,11,0.11,0.08480844403617084
88,94,6,0.06,0.09719878408126532
86,93,7,0.07,0.08822880990104749
74,87,13,0.13,0.10372796472162009
76,88,12,0.12,0.1243244419246912
70,85,15,0.15,0.08273865863680839
84,92,8,0.08,0.11331663572927937
82,91,9,0.09,0.14133620546199382
54,77,23,0.23,0.09858276651939377
76,88,12,0.12,0.07344980963505804
80,90,10,0.1,0.04085464855190366
78,89,11,0.11,0.06484736002748832
66,83,17,0.17,0.14341614064760505
66,83,17,0.17,0.06523500455077738
62,81,19,0.19,0.08436826103832573
86,93,7,0.07,0.12569525909610094
70,85,15,0.15,0.06800267384853215
82,91,9,0.09,0.09072723441990092
84,92,8,0.08,0.14506820910610257
58,79,21,0.21,0.07206910113920457
72,86,14,0.14,0.07947948994056787
86,93,7,0.07,0.1527202077070251
66,83,17,0.17,0.1217403069185093
68,84,16,0.16,0.06343995937670116
78,89,11,0.11,0.06635474602218892
70,85,15,0.15,0.09410437194164842
88,94,6,0.06,0.08880986761068925
80,90,10,0.1,0.07219769867369905
80,90,10,0.1,0.10888010101392866
68,84,16,0.16,0.12179439204512164
86,93,7,0.07,0.07653192548896186
64,82,18,0.18,0.07049044648068957
70,85,15,0.15,0.07546317699132488
64,82,18,0.18,0.10310399268288166
86,93,7,0.07,0.06797229567775503
78,89,11,0.11,0.05163772933286964
66,83,17,0.17,0.08513528744224459
76,88,12,0.12,0.073508687724825
82,91,9,0.09,0.13475205012597144
86,93,7,0.07,0.08115932203829289
76,88,12,0.12,0.0755093842552742
66,83,17,0.17,0.10483198341215029
66,83,17,0.17,0.10242430150043219
72,86,14,0.14,0.09311501242453232
80,90,10,0.1,0.09492945088306443
84,92,8,0.08,0.1335608694073744
72,86,14,0.14,0.060578505357261746
88,94,6,0.06,0.08218089998932555
72,86,14,0.14,0.08045929617714137
66,83,17,0.17,0.08823524363106117
84,92,8,0.08,0.10096389664104208
72,86,14,0.14,0.0844819239107892
76,88,12,0.12,0.06085307557368651
60,80,20,0.2,0.07054562111152336
68,84,16,0.16,0.0910005263099447
68,84,16,0.16,0.07885230072308332
62,81,19,0.19,0.12205906434450299
84,92,8,0.08,0.10750584250316024
74,87,13,0.13,0.06604985712096095
68,84,16,0.16,0.0930528380535543
72,86,14,0.14,0.0808974750014022
76,88,12,0.12,0.1306090800650418
64,82,18,0.18,0.11689074017573148
70,85,15,0.15,0.11893995869904757
60,80,20,0.2,0.1182743400009349
80,90,10,0.1,0.12348735735286027
84,92,8,0.08,0.08547546086134389
66,83,17,0.17,0.10753930488601326
90,95,5,0.05,0.10192456223070621
82,91,9,0.09,0.09519859974505379
82,91,9,0.09,0.08527299304492772
76,88,12,0.12,0.10459501143079251
74,87,13,0.13,0.10811349402181804
74,87,13,0.13,0.09644477298017591
60,80,20,0.2,0.11697442395146936
72,86,14,0.14,0.08403931616805493
86,93,7,0.07,0.0909828126244247
82,91,9,0.09,0.13675797960953787
60,80,20,0.2,0.08184498109738342
70,85,15,0.15,0.15833578982623295
74,87,13,0.13,0.07398362337611615
64,82,18,0.18,0.11210600384511053
76,88,12,0.12,0.12942595950793476
64,82,18,0.18,0.09516695663332939
62,81,19,0.19,0.10224135406315327
70,85,15,0.15,0.09528881399426609
80,90,10,0.1,0.13301106866449117
78,89,11,0.11,0.08195059407036752
88,94,6,0.06,0.08819379384163767
68,84,16,0.16,0.10444483084487728
90,95,5,0.05,0.07770586702041328
66,83,17,0.17,0.12306200697086751
74,87,13,0.13,0.08150823649950326
74,87,13,0.13,0.08992829363560303
58,79,21,0.21,0.14412825167179108
78,89,11,0.11,0.10129618790931999
76,88,12,0.12,0.11940294346772135
60,80,20,0.2,0.08197221919894218
80,90,10,0.1,0.12115118304733187
70,85,15,0.15,0.10278011686401442
72,86,14,0.14,0.11865967443212867
64,82,18,0.18,0.10325999888125807
72,86,14,0.14,0.11241801512427628
64,82,18,0.18,0.0972501637134701
74,87,13,0.13,0.13821843017823995
76,88,12,0.12,0.15238272594637237
78,89,11,0.11,0.0959676985628903
78,89,11,0.11,0.132934859842062
74,87,13,0.13,0.11470165188889951
66,83,17,0.17,0.12185007829684764
66,83,17,0.17,0.1178008758975193
88,94,6,0.06,0.11363705671916251
80,90,10,0.1,0.08041802296414971
78,89,11,0.11,0.11691485428716987
80,90,10,0.1,0.13574018655344844
66,83,17,0.17,0.13570223952643573
76,88,12,0.12,0.1204065925674513
58,79,21,0.21,0.1340341713000089
84,92,8,0.08,0.11862207923317328
70,85,15,0.15,0.11646349269896746
72,86,14,0.14,0.13479970303364097
84,92,8,0.08,0.12549163191812113
78,89,11,0.11,0.09529943638946861
64,82,18,0.18,0.13895954236388205
84,92,8,0.08,0.11253661509836092
90,95,5,0.05,0.10013724806718528
64,82,18,0.18,0.09054256534203887
64,82,18,0.18,0.12249885964673013
68,84,16,0.16,0.07368554761633277
56,78,22,0.22,0.11539230735972524
70,85,15,0.15,0.08699191808700561
70,85,15,0.15,0.0752723463717848
84,92,8,0.08,0.06402787040686235
74,87,13,0.13,0.08053435433190316
70,85,15,0.15,0.05453522669384256
76,88,12,0.12,0.09876802997430786
74,87,13,0.13,0.14428893378935753
74,87,13,0.13,0.0885159167589154
92,96,4,0.04,0.08950034513836727
78,89,11,0.11,0.10388771759346127
88,94,6,0.06,0.06283742524450645
68,84,16,0.16,0.09230295728426427
90,95,5,0.05,0.06107395587372594
62,81,19,0.19,0.11345835084095597
50,75,25,0.25,0.09345762737793847
68,84,16,0.16,0.06604427939397282
70,85,15,0.15,0.06993089615367352
68,84,16,0.16,0.128702963788528
64,82,18,0.18,0.07919397752266377
74,87,13,0.13,0.08269034603144973
62,81,19,0.19,0.0905731260869652
78,89,11,0.11,0.07351010461105034
70,85,15,0.15,0.12245208084816113
70,85,15,0.15,0.08929178083548323
64,82,18,0.18,0.048647443116642534
84,92,8,0.08,0.05513943741563707
80,90,10,0.1,0.079843586278148
70,85,15,0.15,0.0689642977330368
74,87,13,0.13,0.09847808130551129
64,82,18,0.18,0.04971614535781555
70,85,15,0.15,0.08304040985647589
74,87,13,0.13,0.059790868534473705
72,86,14,0.14,0.0790005370520521
56,78,22,0.22,0.08455718222539872
72,86,14,0.14,0.07080984721600543
54,77,23,0.23,0.1496645123884082
78,89,11,0.11,0.12067410451127217
80,90,10,0.1,0.08105012255487963
84,92,8,0.08,0.08882098320580553
70,85,15,0.15,0.07979417563881724
76,88,12,0.12,0.0869582677760627
74,87,13,0.13,0.0910942350968253
68,84,16,0.16,0.08442423049127683
72,86,14,0.14,0.06750050868140534
80,90,10,0.1,0.06699187287551467
58,79,21,0.21,0.06875084749190137
64,82,18,0.18,0.13439522406086327
68,84,16,0.16,0.09469966928474605
60,80,20,0.2,0.09397378955502063
72,86,14,0.14,0.10608869176357985
66,83,17,0.17,0.0939726800104836
86,93,7,0.07,0.1107069276832044
68,84,16,0.16,0.10574863926973194
62,81,19,0.19,0.14824267648160458
60,80,20,0.2,0.13207092749886215
82,91,9,0.09,0.09762107537593692
90,95,5,0.05,0.1233566875429824
66,83,17,0.17,0.14624956211308018
78,89,11,0.11,0.15185178032144905
64,82,18,0.18,0.12118651471566409
84,92,8,0.08,0.10894884518580511
80,90,10,0.1,0.11147057487629354
58,79,21,0.21,0.13906969537958502
54,77,23,0.23,0.17220118971541523
76,88,12,0.12,0.1566876318026334
78,89,11,0.11,0.13826257997192443
64,82,18,0.18,0.12212302347645164
92,96,4,0.04,0.11588932071812451
82,91,9,0.09,0.1273406955692917
76,88,12,0.12,0.14403420017566532
70,85,15,0.15,0.1672221476584673
80,90,10,0.1,0.12340746924281121
88,94,6,0.06,0.11356523431837559
66,83,17,0.17,0.1307972976844758
72,86,14,0.14,0.15246718123555184
80,90,10,0.1,0.13667443296872078
66,83,17,0.17,0.1425151841342449
68,84,16,0.16,0.12867410080507397
76,88,12,0.12,0.1004820203781128
76,88,12,0.12,0.11084015453234315
74,87,13,0.13,0.14609752748161553
66,83,17,0.17,0.16120248823892325
86,93,7,0.07,0.13256365122273564
74,87,13,0.13,0.1407095064409077
72,86,14,0.14,0.14227167129982263
74,87,13,0.13,0.1552500480157323
72,86,14,0.14,0.16004012671299278
72,86,14,0.14,0.11348980450071394
68,84,16,0.16,0.1735005868872395
72,86,14,0.14,0.14360225426033138
78,89,11,0.11,0.13140863595530392
70,85,15,0.15,0.11303671165369451
68,84,16,0.16,0.13440283755771815
80,90,10,0.1,0.11586701299529523
68,84,16,0.16,0.12836440600454807
70,85,15,0.15,0.08692394325975329
80,90,10,0.1,0.1361788663547486
78,89,11,0.11,0.17981175379827619
68,84,16,0.16,0.06123132676817477
68,84,16,0.16,0.0787017963686958
76,88,12,0.12,0.14690600932575762
92,96,4,0.04,0.18269669566303492
70,85,15,0.15,0.07020927317207679
82,91,9,0.09,0.07050934341968969
80,90,10,0.1,0.07869502414367162
76,88,12,0.12,0.09677466765977442
68,84,16,0.16,0.0870767659181729
74,87,13,0.13,0.08754242091439664
72,86,14,0.14,0.06780143104260787
58,79,21,0.21,0.09620901682181283
56,78,22,0.22,0.09068618153221905
76,88,12,0.12,0.07829802236985416
78,89,11,0.11,0.09319850539672188
74,87,13,0.13,0.08809198778122664
70,85,15,0.15,0.0816530988086015
72,86,14,0.14,0.13117684880737215
64,82,18,0.18,0.09049922403180971
72,86,14,0.14,0.12416449246928096
78,89,11,0.11,0.1097872137837112
62,81,19,0.19,0.12595763846766203
82,91,9,0.09,0.1371909284940921
48,74,26,0.26,0.10738875456154347
74,87,13,0.13,0.11622577026952058
82,91,9,0.09,0.1107469383906573
66,83,17,0.17,0.10197927983943372
76,88,12,0.12,0.1424394154222682
52,76,24,0.24,0.15789846925530582
70,85,15,0.15,0.1381657668435946
80,90,10,0.1,0.11320083571597933
84,92,8,0.08,0.12876501093618573
74,87,13,0.13,0.10778438066132366
52,76,24,0.24,0.1578408187464811
68,84,16,0.16,0.11776945594814606
52,76,24,0.24,0.09504459823481738
80,90,10,0.1,0.11550159321166575
84,92,8,0.08,0.08174922436242923
78,89,11,0.11,0.07866652927361428
80,90,10,0.1,0.14992329572793095
74,87,13,0.13,0.06466574031976052
72,86,14,0.14,0.11732183969579638
76,88,12,0.12,0.12295021052472294
78,89,11,0.11,0.10117845332017168
72,86,14,0.14,0.09660460056271404
64,82,18,0.18,0.14869816068559885
70,85,15,0.15,0.06064047670166474
72,86,14,0.14,0.08872120906831697
70,85,15,0.15,0.1244386511715129
68,84,16,0.16,0.12612898714840412
78,89,11,0.11,0.05362830942729488
78,89,11,0.11,0.11193868081143592
66,83,17,0.17,0.12499409275129438
68,84,16,0.16,0.10805322246160358
86,93,7,0.07,0.11565167192369699
88,94,6,0.06,0.12184842187096365
64,82,18,0.18,0.137693082857877
84,92,8,0.08,0.1452931483928114
76,88,12,0.12,0.16205601616762577
80,90,10,0.1,0.12673658675514163
80,90,10,0.1,0.12079817627731244
70,85,15,0.15,0.13678945100866258
76,88,12,0.12,0.12230147453956305
74,87,13,0.13,0.12080927860923112
82,91,9,0.09,0.14426434005144984
88,94,6,0.06,0.10363274179399014
68,84,16,0.16,0.1175432786764577
66,83,17,0.17,0.14943825721391477
72,86,14,0.14,0.13538476318586617
76,88,12,0.12,0.1261451753322035
82,91,9,0.09,0.11195874468889087
62,81,19,0.19,0.1396297014504671
74,87,13,0.13,0.1657888901140541
78,89,11,0.11,0.11984013520530425
64,82,18,0.18,0.10717249813489615
66,83,17,0.17,0.12859619677998124
82,91,9,0.09,0.0878873618907528
68,84,16,0.16,0.116438676440157
74,87,13,0.13,0.12856855007587
84,92,8,0.08,0.1102715335926041
66,83,17,0.17,0.1066037501115352
68,84,16,0.16,0.12363833159208298
78,89,11,0.11,0.08981600330211222
70,85,15,0.15,0.09597447314299642
64,82,18,0.18,0.13375538264401257
84,92,8,0.08,0.1280307675525546
72,86,14,0.14,0.22086327153258026
72,86,14,0.14,0.15696686765179038
80,90,10,0.1,0.12598360672127457
76,88,12,0.12,0.1161876720096916
86,93,7,0.07,0.11218623844906687
66,83,17,0.17,0.17200083040632308
82,91,9,0.09,0.11518056093715132
70,85,15,0.15,0.1502298801485449
78,89,11,0.11,0.139949615560472
70,85,15,0.15,0.09451377774588764
70,85,15,0.15,0.12777074737474323
82,91,9,0.09,0.13424549823161214
74,87,13,0.13,0.0979081617295742
58,79,21,0.21,0.14397061944531742
84,92,8,0.08,0.0935561745474115
70,85,15,0.15,0.06835227817180567
62,81,19,0.19,0.09344750579388346
60,80,20,0.2,0.1515133146988228
64,82,18,0.18,0.15642551929224283
68,84,16,0.16,0.09424500974826515
78,89,11,0.11,0.11416940077207982
64,82,18,0.18,0.14205684700980784
76,88,12,0.12,0.15720526957884431
70,85,15,0.15,0.13197482855990528
72,86,14,0.14,0.07726828621234745
82,91,9,0.09,0.1445001392904669
70,85,15,0.15,0.17123525864444672
78,89,11,0.11,0.08366191924898886
66,83,17,0.17,0.17597032386809588
66,83,17,0.17,0.12287829200737178
82,91,9,0.09,0.13375459604896606
84,92,8,0.08,0.0888841627468355
66,83,17,0.17,0.12002282271161675
82,91,9,0.09,0.1636921815527603
84,92,8,0.08,0.06052049048186745
70,85,15,0.15,0.1258145328424871
68,84,16,0.16,0.13332083181478083
50,75,25,0.25,0.1033794727246277
76,88,12,0.12,0.12488834551535546
68,84,16,0.16,0.09072633032687008
78,89,11,0.11,0.12210033848881721
70,85,15,0.15,0.10396858278196305
72,86,14,0.14,0.1364934315532446
72,86,14,0.14,0.11821546710096299
80,90,10,0.1,0.11444976302795112
72,86,14,0.14,0.12393777614459395
76,88,12,0.12,0.10397540832404047
84,92,8,0.08,0.08791871219407767
68,84,16,0.16,0.1214940142526757
64,82,18,0.18,0.10712026956258341
70,85,15,0.15,0.10485900603234768
64,82,18,0.18,0.11470564405899494
72,86,14,0.14,0.14199376182630657
74,87,13,0.13,0.11827573926653713
76,88,12,0.12,0.10474917312152683
68,84,16,0.16,0.1169893397623673
80,90,10,0.1,0.07798265433288179
64,82,18,0.18,0.10111679374240339
72,86,14,0.14,0.13203478949144482
64,82,18,0.18,0.10315471403300762
74,87,13,0.13,0.11632064101751893
84,92,8,0.08,0.07528137811110355
72,86,14,0.14,0.1607573877228424
78,89,11,0.11,0.127700113337487
72,86,14,0.14,0.09253292006789707
56,78,22,0.22,0.09299292349256576
74,87,13,0.13,0.1812265411950648
74,87,13,0.13,0.1161475525831338
80,90,10,0.1,0.09846142165828496
66,83,17,0.17,0.12372364695183932
72,86,14,0.14,0.10654177154414356
88,94,6,0.06,0.09876024462282658
82,91,9,0.09,0.12192922291113063
64,82,18,0.18,0.10462370466440916
58,79,21,0.21,0.12566306124441326
64,82,18,0.18,0.09378199129365385
78,89,11,0.11,0.1238890216453001
62,81,19,0.19,0.13559673256240784
58,79,21,0.21,0.1195418176066596
52,76,24,0.24,0.14939411886036397
74,87,13,0.13,0.08521483240183443
74,87,13,0.13,0.12573868855368345
84,92,8,0.08,0.11683935852954164
62,81,19,0.19,0.0953429038694594
76,88,12,0.12,0.09912105421419255
62,81,19,0.19,0.08898277827072888
60,80,20,0.2,0.11195192224811762
62,81,19,0.19,0.15298618754372
76,88,12,0.12,0.07158545131795108
70,85,15,0.15,0.14342895147623494
56,78,22,0.22,0.15057255210354925
56,78,22,0.22,0.14222019393928348
70,85,15,0.15,0.13130011414876208
68,84,16,0.16,0.19171591935679316
64,82,18,0.18,0.14147352102212607
90,95,5,0.05,0.18801571236923337
78,89,11,0.11,0.07596130399382674
70,85,15,0.15,0.1330815657787025
62,81,19,0.19,0.1454698872193694
68,84,16,0.16,0.17245393976569176
72,86,14,0.14,0.13000927201472223
74,87,13,0.13,0.0994616491254419
82,91,9,0.09,0.09374039633665233
74,87,13,0.13,0.1726946696266532
78,89,11,0.11,0.10806957261636853
78,89,11,0.11,0.11055292699020355
60,80,20,0.2,0.09949025174602866
58,79,21,0.21,0.10418639462790452
70,85,15,0.15,0.09512692051008344
72,86,14,0.14,0.11119824175722898
68,84,16,0.16,0.08129956483375281
68,84,16,0.16,0.11935233805328607
78,89,11,0.11,0.10207426521694288
48,74,26,0.26,0.14997730078641325
70,85,15,0.15,0.14057970758527516
80,90,10,0.1,0.13117162056267262
60,80,20,0.2,0.09402184483595193
74,87,13,0.13,0.13565655083395542
68,84,16,0.16,0.1305144948605448
70,85,15,0.15,0.14796182878315448
82,91,9,0.09,0.10150649255141615
86,93,7,0.07,0.1232932401727885
76,88,12,0.12,0.14075268638320268
70,85,15,0.15,0.0876132697891444
64,82,18,0.18,0.13786802334710957
64,82,18,0.18,0.16149462238885462
82,91,9,0.09,0.1303011765424162
60,80,20,0.2,0.11119098248891532
66,83,17,0.17,0.1385401946073398
62,81,19,0.19,0.1372012697905302
80,90,10,0.1,0.11204183564521372
70,85,15,0.15,0.1155602452158928
58,79,21,0.21,0.13373396132141352
64,82,18,0.18,0.15152440396137534
76,88,12,0.12,0.1314150799391791
70,85,15,0.15,0.1113114720955491
78,89,11,0.11,0.11621858718339353
62,81,19,0.19,0.14403736772481351
74,87,13,0.13,0.13916550492867827
72,86,14,0.14,0.15844675933942198
50,75,25,0.25,0.15844159489497542
72,86,14,0.14,0.16535175884142517
66,83,17,0.17,0.17116272497922183
70,85,15,0.15,0.16126754791475834
78,89,11,0.11,0.12455649591982365
62,81,19,0.19,0.17006066270172596
60,80,20,0.2,0.13953218694776295
76,88,12,0.12,0.11259979172609746
76,88,12,0.12,0.14522007052786648
86,93,7,0.07,0.12655688899569215
88,94,6,0.06,0.1227225651498884
80,90,10,0.1,0.1628317459532991
88,94,6,0.06,0.18320026342524215
88,94,6,0.06,0.09765938977245242
90,95,5,0.05,0.09676428786478937
68,84,16,0.16,0.14554063814226537
76,88,12,0.12,0.1464522574003786
74,87,13,0.13,0.14295946169644594
74,87,13,0.13,0.1214958578068763
74,87,13,0.13,0.16076514175045303
80,90,10,0.1,0.11212894282478374
80,90,10,0.1,0.1181771553028375
70,85,15,0.15,0.11942125527188181
80,90,10,0.1,0.10501417181454599
62,81,19,0.19,0.10836068106349557
84,92,8,0.08,0.10107637508306652
72,86,14,0.14,0.08764900661073625
70,85,15,0.15,0.13047649456188082
62,81,19,0.19,0.10087244453607128
76,88,12,0.12,0.08582293667830526
78,89,11,0.11,0.0978466214844957
72,86,14,0.14,0.06596873922506347
74,87,13,0.13,0.08909087725216523
80,90,10,0.1,0.06928187538869679
52,76,24,0.24,0.07541618654038756
76,88,12,0.12,0.13042197106406092
64,82,18,0.18,0.10801390593405813
68,84,16,0.16,0.11075830372981726
78,89,11,0.11,0.0952138590021059
80,90,10,0.1,0.09779764347476885
66,83,17,0.17,0.09649408901110292
82,91,9,0.09,0.09326070324517786
72,86,14,0.14,0.10493497803341598
64,82,18,0.18,0.09420926629565657
74,87,13,0.13,0.1079493438010104
84,92,8,0.08,0.09554661185014993
76,88,12,0.12,0.12184543572424446
76,88,12,0.12,0.10726150451693683
80,90,10,0.1,0.11001877765695099
74,87,13,0.13,0.0941482887370512
76,88,12,0.12,0.12769499742425977
80,90,10,0.1,0.09055237840861081
84,92,8,0.08,0.0622611124929972
70,85,15,0.15,0.10741627390030771
72,86,14,0.14,0.05324434593785554
76,88,12,0.12,0.12596383600495756
76,88,12,0.12,0.08686749001033604
82,91,9,0.09,0.08909407631261274
74,87,13,0.13,0.10355776694603264
72,86,14,0.14,0.10691590192029253
70,85,15,0.15,0.1105703666806221
80,90,10,0.1,0.09963389807147906
74,87,13,0.13,0.10611398447304964
70,85,15,0.15,0.13643387464806436
74,87,13,0.13,0.0820533574745059
76,88,12,0.12,0.07611991091631352
78,89,11,0.11,0.12173373199766502
82,91,9,0.09,0.06779409878188744
70,85,15,0.15,0.12269777450710535
72,86,14,0.14,0.08640144143719226
62,81,19,0.19,0.1158253098721616
64,82,18,0.18,0.08819517460651696
84,92,8,0.08,0.11918767672032118
78,89,11,0.11,0.11681079567875713
76,88,12,0.12,0.14694983575493098
70,85,15,0.15,0.1018085251469165
78,89,11,0.11,0.11825280510121956
64,82,18,0.18,0.13347803892102092
72,86,14,0.14,0.1318069536658004
62,81,19,0.19,0.09474770231172443
62,81,19,0.19,0.1325582964066416
68,84,16,0.16,0.15066459316760303
80,90,10,0.1,0.13811064427020028
52,76,24,0.24,0.13687643183395268
64,82,18,0.18,0.11201581432949752
84,92,8,0.08,0.11450321222655475
80,90,10,0.1,0.13152926218695937
60,80,20,0.2,0.1315196936565917
72,86,14,0.14,0.16136052079265936
44,72,28,0.28,0.15002598935738207
84,92,8,0.08,0.09987350886221975
72,86,14,0.14,0.1322249705903232
90,95,5,0.05,0.09867713951389305
64,82,18,0.18,0.12599139587022365
72,86,14,0.14,0.07494737663655542
66,83,17,0.17,0.12419962554704397
78,89,11,0.11,0.09452384773641825
74,87,13,0.13,0.14327894892543555
72,86,14,0.14,0.08815168143250048
78,89,11,0.11,0.15420788558200002
80,90,10,0.1,0.14200458666309715
88,94,6,0.06,0.07277458298951388
72,86,14,0.14,0.08990598749835044
76,88,12,0.12,0.08178756279870868
76,88,12,0.12,0.10647162083070726
82,91,9,0.09,0.14820564582012594
62,81,19,0.19,0.1409068136289716
74,87,13,0.13,0.11419349698349833
70,85,15,0.15,0.12656787692103535
78,89,11,0.11,0.1385124174039811
74,87,13,0.13,0.11193048621527851
60,80,20,0.2,0.19666499732993542
60,80,20,0.2,0.1853069985564798
76,88,12,0.12,0.10594575644470751
78,89,11,0.11,0.16214839644730092
84,92,8,0.08,0.09067091010510922
64,82,18,0.18,0.1500504284352064
74,87,13,0.13,0.12698461445979775
70,85,15,0.15,0.08385368032380938
80,90,10,0.1,0.09557828745804726
86,93,7,0.07,0.08033815192757174
94,97,3,0.03,0.08905079127987847
74,87,13,0.13,0.0878837135899812
70,85,15,0.15,0.19978174269199372
76,88,12,0.12,0.1007146107032895
78,89,11,0.11,0.07194323169533164
66,83,17,0.17,0.15328715328185352
88,94,6,0.06,0.09652006100397557
82,91,9,0.09,0.12260277522727847
84,92,8,0.08,0.08184290163801052
76,88,12,0.12,0.07677060782909394
80,90,10,0.1,0.059965528051834555
60,80,20,0.2,0.07438272199593485
76,88,12,0.12,0.08193845365196467
66,83,17,0.17,0.13136269992217423
80,90,10,0.1,0.11365545253735036
84,92,8,0.08,0.16908183650113642
74,87,13,0.13,0.13160218607634305
74,87,13,0.13,0.15719017568975688
76,88,12,0.12,0.09399934110813774
52,76,24,0.24,0.12736180067062378
72,86,14,0.14,0.08237620366737247
88,94,6,0.06,0.10735383182123769
82,91,9,0.09,0.09676293179392814
76,88,12,0.12,0.07052945082541555
68,84,16,0.16,0.07200868259416893
62,81,19,0.19,0.12334019685920794
62,81,19,0.19,0.07911406946368515
80,90,10,0.1,0.09230360355519224
78,89,11,0.11,0.11967999758198858
66,83,17,0.17,0.12349503369769081
74,87,13,0.13,0.1154807959869504
84,92,8,0.08,0.12242739834684471
72,86,14,0.14,0.08168041762895882
68,84,16,0.16,0.12517870572395623
86,93,7,0.07,0.14929570602718742
76,88,12,0.12,0.11695465997792781
72,86,14,0.14,0.10504940780811012
60,80,20,0.2,0.14310091569088398
78,89,11,0.11,0.12099407892208547
78,89,11,0.11,0.1393134154425934
88,94,6,0.06,0.13245678617851808
68,84,16,0.16,0.08983913559000939
78,89,11,0.11,0.1028501607500948
82,91,9,0.09,0.08758544022450224
72,86,14,0.14,0.09012146105058491
66,83,17,0.17,0.1001815971173346
66,83,17,0.17,0.09370547017548234
66,83,17,0.17,0.12121052476111799
76,88,12,0.12,0.08976290717255324
78,89,11,0.11,0.09158836130984127
82,91,9,0.09,0.08064547234214842
72,86,14,0.14,0.10706996312830597
66,83,17,0.17,0.1256690846802667
72,86,14,0.14,0.10769141219556332
86,93,7,0.07,0.09794001356698573
54,77,23,0.23,0.10130262742750347
80,90,10,0.1,0.10422269145492465
72,86,14,0.14,0.07152632205281406
58,79,21,0.21,0.10010013311170042
80,90,10,0.1,0.12857500135432928
66,83,17,0.17,0.10501823596190661
64,82,18,0.18,0.136377310086973
72,86,14,0.14,0.07969185761874542
76,88,12,0.12,0.11171835956163705
88,94,6,0.06,0.06238486232236028
80,90,10,0.1,0.10321888061240315
72,86,14,0.14,0.08349906057585031
72,86,14,0.14,0.11351277030771598
68,84,16,0.16,0.1057256351551041
80,90,10,0.1,0.11503546064021065
60,80,20,0.2,0.0962969083711505
78,89,11,0.11,0.13007968940539286
78,89,11,0.11,0.08201316748047248
76,88,12,0.12,0.10311390125891194
68,84,16,0.16,0.0909940944495611
72,86,14,0.14,0.06839949472807348
74,87,13,0.13,0.08176357643678785
70,85,15,0.15,0.09935350796207786
64,82,18,0.18,0.10961983997607604
70,85,15,0.15,0.10377285527763888
80,90,10,0.1,0.07015423734905198
76,88,12,0.12,0.11327456253347919
96,98,2,0.02,0.0956650099507533
82,91,9,0.09,0.0812060083891265
64,82,18,0.18,0.08922882274724543
74,87,13,0.13,0.09457974544726312
82,91,9,0.09,0.08284467929042875
62,81,19,0.19,0.1073154000332579
90,95,5,0.05,0.07597613234072924
70,85,15,0.15,0.07685174486599862
74,87,13,0.13,0.06543003729078918
62,81,19,0.19,0.12499658165033907
74,87,13,0.13,0.10707930733449757
84,92,8,0.08,0.08219318510731682
68,84,16,0.16,0.1203410377074033
86,93,7,0.07,0.08045304564526305
62,81,19,0.19,0.10065432893577964
74,87,13,0.13,0.10623387626372277
92,96,4,0.04,0.09619660139083862
74,87,13,0.13,0.11008384637068958
64,82,18,0.18,0.13311670441180468
62,81,19,0.19,0.07677260202355683
80,90,10,0.1,0.11075579497031868
58,79,21,0.21,0.10327214957214892
80,90,10,0.1,0.12965225149877369
72,86,14,0.14,0.06202610156964511
68,84,16,0.16,0.06079879907425493
64,82,18,0.18,0.0821465227054432
78,89,11,0.11,0.12018338389694691
66,83,17,0.17,0.12215505073778331
64,82,18,0.18,0.08637572311330587
70,85,15,0.15,0.093173958635889
82,91,9,0.09,0.09833896792028099
62,81,19,0.19,0.1282762019475922
68,84,16,0.16,0.10157694799781894
68,84,16,0.16,0.06706375882960856
80,90,10,0.1,0.09567927405703813
78,89,11,0.11,0.07858705832622945
74,87,13,0.13,0.11592609433224425
82,91,9,0.09,0.14489658107748254
70,85,15,0.15,0.10121351909823716
78,89,11,0.11,0.10289766164962202
66,83,17,0.17,0.13054854121990503
70,85,15,0.15,0.08596922047901899
80,90,10,0.1,0.09051661600358785
66,83,17,0.17,0.09846866590844001
58,79,21,0.21,0.11934060863219202
68,84,16,0.16,0.10849029554519803
86,93,7,0.07,0.08747398949926719
64,82,18,0.18,0.10306706450181082
70,85,15,0.15,0.10062160345725715
74,87,13,0.13,0.09426836438477039
56,78,22,0.22,0.0902158435806632
64,82,18,0.18,0.10727020545862614
74,87,13,0.13,0.1064858621917665
70,85,15,0.15,0.13065365022979678
84,92,8,0.08,0.10171198821626604
76,88,12,0.12,0.13391696215141566
74,87,13,0.13,0.10888185488060116
86,93,7,0.07,0.07972853424493223
80,90,10,0.1,0.08603884810581804
72,86,14,0.14,0.10510329824872315
80,90,10,0.1,0.12892417521914468
78,89,11,0.11,0.11631722404155881
78,89,11,0.11,0.11225193344987928
86,93,7,0.07,0.11720617848448456
72,86,14,0.14,0.11852905799634755
68,84,16,0.16,0.11137127020716435
76,88,12,0.12,0.15417509590741246
80,90,10,0.1,0.07310318671632558
54,77,23,0.23,0.09076689657522366
62,81,19,0.19,0.1148210780415684
76,88,12,0.12,0.10193030687514693
70,85,15,0.15,0.10571196591481566
84,92,8,0.08,0.11477406479069031
86,93,7,0.07,0.1334111802140251
78,89,11,0.11,0.08404208274558186
64,82,18,0.18,0.090783048174344
82,91,9,0.09,0.12713112357538192
64,82,18,0.18,0.13142081186175347
66,83,17,0.17,0.1260938035091385
62,81,19,0.19,0.1182880995888263
76,88,12,0.12,0.10757034225156531
76,88,12,0.12,0.1303918458847329
80,90,10,0.1,0.11656546585261822
66,83,17,0.17,0.13921434669289737
72,86,14,0.14,0.13340259492397308
80,90,10,0.1,0.1230033583380282
64,82,18,0.18,0.10806393310194835
72,86,14,0.14,0.1389029305859003
68,84,16,0.16,0.10735832969658077
84,92,8,0.08,0.13382598782889546
66,83,17,0.17,0.10050535885617137
80,90,10,0.1,0.09924480579793453
68,84,16,0.16,0.12134080852847547
82,91,9,0.09,0.10310628313571214
76,88,12,0.12,0.1562769430456683
68,84,16,0.16,0.0981197685841471
80,90,10,0.1,0.11283725934568793
76,88,12,0.12,0.11307414738868829
68,84,16,0.16,0.1123169119656086
70,85,15,0.15,0.09068597607314587
76,88,12,0.12,0.0950616092979908
66,83,17,0.17,0.113158514064271
74,87,13,0.13,0.08232857991009951
84,92,8,0.08,0.06881648344453424
64,82,18,0.18,0.09013692269101739
56,78,22,0.22,0.1453892980515957
62,81,19,0.19,0.09659272857941686
62,81,19,0.19,0.13972647335380317
78,89,11,0.11,0.09284082069993019
82,91,9,0.09,0.12724235460162162
86,93,7,0.07,0.09135583890601992
60,80,20,0.2,0.09495783546939492
70,85,15,0.15,0.1333280958607793
64,82,18,0.18,0.12436788037419319
62,81,19,0.19,0.09546239420771599
70,85,15,0.15,0.1278848885372281
74,87,13,0.13,0.07641117025865242
74,87,13,0.13,0.11838585677556694
72,86,14,0.14,0.08495861837465782
80,90,10,0.1,0.09756765399128199
70,85,15,0.15,0.1350299456110224
86,93,7,0.07,0.12032755026128143
80,90,10,0.1,0.0949838689318858
72,86,14,0.14,0.10074001606553792
80,90,10,0.1,0.09889753071125597
50,75,25,0.25,0.09405990398488939
88,94,6,0.06,0.08893374577630311
74,87,13,0.13,0.12076741601806135
74,87,13,0.13,0.09669918404892087
66,83,17,0.17,0.11923615216976031
56,78,22,0.22,0.11654132108204067
74,87,13,0.13,0.1340112044243142
68,84,16,0.16,0.10769878168124705
80,90,10,0.1,0.13537505998276175
86,93,7,0.07,0.08582981918007135
86,93,7,0.07,0.10634532350115478
62,81,19,0.19,0.08745788819389418
76,88,12,0.12,0.12006291021592914
66,83,17,0.17,0.10480790297500789
76,88,12,0.12,0.12145787916146218
76,88,12,0.12,0.13294683958753012
62,81,19,0.19,0.08950393427629023
70,85,15,0.15,0.09652678408194333
68,84,16,0.16,0.11107319383881986
68,84,16,0.16,0.09311737561132759
66,83,17,0.17,0.10502469445578753
78,89,11,0.11,0.1257550015335437
58,79,21,0.21,0.1099308425374329
76,88,12,0.12,0.09972510080551729
76,88,12,0.12,0.09985854036640376
60,80,20,0.2,0.08295278850011528
84,92,8,0.08,0.1363742875214666
62,81,19,0.19,0.09744813448516652
58,79,21,0.21,0.14086292758584024
70,85,15,0.15,0.11145787639543414
80,90,10,0.1,0.15620619911700487
64,82,18,0.18,0.12066426234785467
44,72,28,0.28,0.14372704098932446
68,84,16,0.16,0.08310181122738867
84,92,8,0.08,0.13085210043471307
70,85,15,0.15,0.11163415758404881
78,89,11,0.11,0.11381799222435802
60,80,20,0.2,0.10723749517463148
48,74,26,0.26,0.0934567114408128
72,86,14,0.14,0.09045302241807804
74,87,13,0.13,0.08474630808341317
80,90,10,0.1,0.10504041078500449
76,88,12,0.12,0.07126554196758661
60,80,20,0.2,0.11476084715221077
68,84,16,0.16,0.06903028760221787
70,85,15,0.15,0.09925681357621215
56,78,22,0.22,0.08246918850578368
70,85,15,0.15,0.08595610299613327
66,83,17,0.17,0.15818960387259723
78,89,11,0.11,0.10104865103028715
80,90,10,0.1,0.0850691569270566
72,86,14,0.14,0.13207648414187134
76,88,12,0.12,0.134078355608508
68,84,16,0.16,0.1316623269720003
60,80,20,0.2,0.06543627582490444
64,82,18,0.18,0.0670795600884594
70,85,15,0.15,0.08155554272700101
66,83,17,0.17,0.09940854449290783
80,90,10,0.1,0.11112980250734836
92,96,4,0.04,0.11615887317340821
88,94,6,0.06,0.1480067317839712
82,91,9,0.09,0.12073185014538466
78,89,11,0.11,0.0811275729862973
94,97,3,0.03,0.07050347381795291
68,84,16,0.16,0.07165600823238492
46,73,27,0.27,0.10418023383710534
64,82,18,0.18,0.10490347044542432
64,82,18,0.18,0.08184379560407251
78,89,11,0.11,0.11032898202538491
54,77,23,0.23,0.1126644899683015
80,90,10,0.1,0.10838217600015923
88,94,6,0.06,0.08010540476534515
76,88,12,0.12,0.09063803383149206
74,87,13,0.13,0.10187842471525073
70,85,15,0.15,0.10331304573453963
60,80,20,0.2,0.08083145254291595
66,83,17,0.17,0.10776524254120887
80,90,10,0.1,0.1409331571275834
68,84,16,0.16,0.10241338032647036
74,87,13,0.13,0.08274189125106204
80,90,10,0.1,0.08810058552451665
72,86,14,0.14,0.12496069707442076
78,89,11,0.11,0.08588299218099564
72,86,14,0.14,0.11341821774840355
58,79,21,0.21,0.11161796399625018
84,92,8,0.08,0.10168112749932334
82,91,9,0.09,0.08545390589162707
74,87,13,0.13,0.10046973740216344
80,90,10,0.1,0.09022171346470714
72,86,14,0.14,0.10714326131157577
80,90,10,0.1,0.11541509367991239
74,87,13,0.13,0.07516681806184351
78,89,11,0.11,0.07985102005302906
78,89,11,0.11,0.09138700016774237
60,80,20,0.2,0.13370568790007384
80,90,10,0.1,0.08187987623503432
56,78,22,0.22,0.09982354110572488
80,90,10,0.1,0.1167769792326726
78,89,11,0.11,0.09485848111100495
78,89,11,0.11,0.11196365898940712
76,88,12,0.12,0.10018882226431743
82,91,9,0.09,0.11452995011117309
78,89,11,0.11,0.11801719697192312
72,86,14,0.14,0.1253840356506407
76,88,12,0.12,0.13833494949620218
72,86,14,0.14,0.11467125509865582
68,84,16,0.16,0.14515343158505856
78,89,11,0.11,0.15445420630276202
66,83,17,0.17,0.13488415711093693
76,88,12,0.12,0.15623817656654865
60,80,20,0.2,0.07160607722471468
72,86,14,0.14,0.1668382541486062
88,94,6,0.06,0.09421368372160942
78,89,11,0.11,0.09343911813106388
78,89,11,0.11,0.14196930178441108
74,87,13,0.13,0.13406025191536172
80,90,10,0.1,0.18380371702834963
64,82,18,0.18,0.10847924820147455
84,92,8,0.08,0.15269114230759442
64,82,18,0.18,0.07997159174643458
80,90,10,0.1,0.1176748438552022
76,88,12,0.12,0.07778232658281922
68,84,16,0.16,0.0642874282062985
78,89,11,0.11,0.09227035576943309
82,91,9,0.09,0.07816541320295073
72,86,14,0.14,0.07919540780130774
58,79,21,0.21,0.08359793880255893
50,75,25,0.25,0.1137414252012968
72,86,14,0.14,0.09145398762309924
70,85,15,0.15,0.12943112276028843
72,86,14,0.14,0.13001816822215914
68,84,16,0.16,0.1219477742863819
66,83,17,0.17,0.09256888419389725
62,81,19,0.19,0.1323694015480578
72,86,14,0.14,0.1080040676612407
80,90,10,0.1,0.11440636684186757
60,80,20,0.2,0.10843858169391751
56,78,22,0.22,0.09924448502250016
66,83,17,0.17,0.09430703912512399
80,90,10,0.1,0.09127257294487208
62,81,19,0.19,0.1232603275217116
80,90,10,0.1,0.08126805015373975
70,85,15,0.15,0.14239368197042496
70,85,15,0.15,0.10737269807141274
86,93,7,0.07,0.08705714448587969
72,86,14,0.14,0.14822711874730884
72,86,14,0.14,0.14620793661102652
86,93,7,0.07,0.0750560171250254
70,85,15,0.15,0.10130659993505105
72,86,14,0.14,0.09346316562965512
90,95,5,0.05,0.12673855745233595
68,84,16,0.16,0.10736505263485015
84,92,8,0.08,0.10580272160004825
84,92,8,0.08,0.08247046711388975
82,91,9,0.09,0.1470053509133868
68,84,16,0.16,0.15036419177427887
82,91,9,0.09,0.12460163472220302
86,93,7,0.07,0.12127905027475208
68,84,16,0.16,0.11055205147713423
80,90,10,0.1,0.14359592984430491
92,96,4,0.04,0.11779892432386987
86,93,7,0.07,0.10433985881740228
58,79,21,0.21,0.12250767156481743
58,79,21,0.21,0.09242198078893125
80,90,10,0.1,0.09469211249379442
62,81,19,0.19,0.12805682331323623
80,90,10,0.1,0.09894746716367081
76,88,12,0.12,0.1205905121192336
74,87,13,0.13,0.109144128812477
80,90,10,0.1,0.10102966940845363
70,85,15,0.15,0.09300431624986231
56,78,22,0.22,0.16198605444282294
68,84,16,0.16,0.08419170957058668
68,84,16,0.16,0.15815648549236358
76,88,12,0.12,0.1140306944726035
74,87,13,0.13,0.17462082534097134
78,89,11,0.11,0.11569763577077538
62,81,19,0.19,0.07893337422981858
82,91,9,0.09,0.13674204161856324
70,85,15,0.15,0.08326404397841543
74,87,13,0.13,0.07229818409774452
68,84,16,0.16,0.13059588213451206
54,77,23,0.23,0.07456029806286096
84,92,8,0.08,0.10375114441849291
66,83,17,0.17,0.06595376281999052
70,85,15,0.15,0.15507048342376947
76,88,12,0.12,0.133582338062115
84,92,8,0.08,0.1203740402427502
68,84,16,0.16,0.10659495860338211
80,90,10,0.1,0.1108403883408755
60,80,20,0.2,0.11861323667224496
56,78,22,0.22,0.1136642231233418
68,84,16,0.16,0.12971874835435301
84,92,8,0.08,0.12119553425349296
66,83,17,0.17,0.13791245624888687
78,89,11,0.11,0.09458700707182288
64,82,18,0.18,0.11944366062991321
54,77,23,0.23,0.1433908103313297
78,89,11,0.11,0.09036967406980694
66,83,17,0.17,0.1409760197158903
62,81,19,0.19,0.08112933089025319
64,82,18,0.18,0.101959834669251
70,85,15,0.15,0.10795896157796961
66,83,17,0.17,0.08450627396814525
76,88,12,0.12,0.10341519713401795
64,82,18,0.18,0.10202485190704465
72,86,14,0.14,0.07215166877780575
76,88,12,0.12,0.09784073314280249
62,81,19,0.19,0.13280773744918406
70,85,15,0.15,0.11634355234331452
56,78,22,0.22,0.07811852857470512
74,87,13,0.13,0.11225136012071743
74,87,13,0.13,0.13170820787083357
78,89,11,0.11,0.09284991573542356
74,87,13,0.13,0.14668829857371748
64,82,18,0.18,0.13751733174547554
64,82,18,0.18,0.12498017489910125
72,86,14,0.14,0.124315792969428
68,84,16,0.16,0.1431958899833262
76,88,12,0.12,0.144758633505553
76,88,12,0.12,0.12031851884443313
70,85,15,0.15,0.08955816279165446
88,94,6,0.06,0.1460784753970802
66,83,17,0.17,0.08278366764076055
60,80,20,0.2,0.1487534447479993
76,88,12,0.12,0.09449921394698321
70,85,15,0.15,0.10673199656885117
68,84,16,0.16,0.11844898539537098
56,78,22,0.22,0.11823514726944268
62,81,19,0.19,0.14741288419347257
80,90,10,0.1,0.11716768976300955
86,93,7,0.07,0.1695667076855898
94,97,3,0.03,0.14461451325565577
78,89,11,0.11,0.11751685904338956
68,84,16,0.16,0.1579847658239305
76,88,12,0.12,0.15100400559604168
70,85,15,0.15,0.13524665016215295
88,94,6,0.06,0.0985430099349469
66,83,17,0.17,0.10401982791721821
64,82,18,0.18,0.09992284195381217
66,83,17,0.17,0.09871812744997442
68,84,16,0.16,0.09270507636945695
70,85,15,0.15,0.08708148293197154
78,89,11,0.11,0.10643988157622516
82,91,9,0.09,0.11453543444862589
88,94,6,0.06,0.12137541934964247
74,87,13,0.13,0.07134644555393606
72,86,14,0.14,0.11429242089390755
84,92,8,0.08,0.1425598113797605
82,91,9,0.09,0.07841754388529808
78,89,11,0.11,0.09454540064558387
80,90,10,0.1,0.10065948389936238
80,90,10,0.1,0.07288296037586406
80,90,10,0.1,0.11155893954914063
56,78,22,0.22,0.11469111148966477
50,75,25,0.25,0.08092420120723545
72,86,14,0.14,0.10659656934440136
66,83,17,0.17,0.08330058659659699
84,92,8,0.08,0.129678122298792
68,84,16,0.16,0.07841403711121529
82,91,9,0.09,0.08401940778363497
84,92,8,0.08,0.08858014228520915
78,89,11,0.11,0.07216315357829445
84,92,8,0.08,0.09287278291769326
58,79,21,0.21,0.08304083368042484
72,86,14,0.14,0.14765074951574206
80,90,10,0.1,0.08619301379425451
64,82,18,0.18,0.09313086022622884
80,90,10,0.1,0.09066078084288165
72,86,14,0.14,0.07823993213940411
72,86,14,0.14,0.14500843660905957
72,86,14,0.14,0.06711639842484146
68,84,16,0.16,0.11369979436509312
72,86,14,0.14,0.07899164269212633
72,86,14,0.14,0.08701475189765916
90,95,5,0.05,0.1066542264749296
74,87,13,0.13,0.08853623608127237
66,83,17,0.17,0.08491707909386605
90,95,5,0.05,0.0814887942490168
68,84,16,0.16,0.0641923386324197
82,91,9,0.09,0.0772412783105392
78,89,11,0.11,0.07026911181397737
86,93,7,0.07,0.10642208702396601
62,81,19,0.19,0.06465098869521171
58,79,21,0.21,0.10160137419123202
62,81,19,0.19,0.12610597430728376
78,89,11,0.11,0.11601859470596537
66,83,17,0.17,0.12238808665890247
64,82,18,0.18,0.10021518993191421
86,93,7,0.07,0.10674604544881731
66,83,17,0.17,0.07762335768900812
70,85,15,0.15,0.11043363012373447
80,90,10,0.1,0.0890877055306919
80,90,10,0.1,0.06904654920566827
76,88,12,0.12,0.10067318957298994
72,86,14,0.14,0.08694488164037466
76,88,12,0.12,0.15528813854791224
72,86,14,0.14,0.07296013008570298
70,85,15,0.15,0.10938141141552478
56,78,22,0.22,0.11313310413621366
76,88,12,0.12,0.08944063157308847
78,89,11,0.11,0.07146414144895971
70,85,15,0.15,0.10282742752693594
78,89,11,0.11,0.1041173815075308
72,86,14,0.14,0.08606610365444795
80,90,10,0.1,0.11680443103890865
64,82,18,0.18,0.08991044349502772
56,78,22,0.22,0.061057878180872646
90,95,5,0.05,0.17171258993446828
90,95,5,0.05,0.14264767813496293
82,91,9,0.09,0.12822629837319255
70,85,15,0.15,0.15352755794301629
58,79,21,0.21,0.11031102961860598
74,87,13,0.13,0.11162003809586167
86,93,7,0.07,0.11930791196413339
76,88,12,0.12,0.16296845137141644
66,83,17,0.17,0.06704388992278837
88,94,6,0.06,0.1315662930253893
80,90,10,0.1,0.12795256561599672
88,94,6,0.06,0.12000187763944269
78,89,11,0.11,0.13981511987745762
78,89,11,0.11,0.12173342923168093
66,83,17,0.17,0.10035573408007621
72,86,14,0.14,0.16203825167380273
62,81,19,0.19,0.17781536903232337
70,85,15,0.15,0.1300970767531544
70,85,15,0.15,0.1522357742022723
64,82,18,0.18,0.16592230575159192
74,87,13,0.13,0.1478871132992208
80,90,10,0.1,0.10129720641765744
66,83,17,0.17,0.11543292528018355
80,90,10,0.1,0.12522587346844374
76,88,12,0.12,0.13957495633512734
72,86,14,0.14,0.1676274760067463
80,90,10,0.1,0.15153454404789954
74,87,13,0.13,0.14617240706458687
72,86,14,0.14,0.10778227006085217
62,81,19,0.19,0.15319719536229967
60,80,20,0.2,0.12356295197270811
56,78,22,0.22,0.12045487518422306
72,86,14,0.14,0.1161349797528237
62,81,19,0.19,0.1533409088663757
64,82,18,0.18,0.14312736708903684
60,80,20,0.2,0.13793377610854804
64,82,18,0.18,0.13080064768844749
70,85,15,0.15,0.1418104723840952
90,95,5,0.05,0.0644262595451437
70,85,15,0.15,0.08687820553546771
72,86,14,0.14,0.0992717406898737
64,82,18,0.18,0.1207708708383143
74,87,13,0.13,0.10921931919874624
58,79,21,0.21,0.1408120705001056
74,87,13,0.13,0.06784519989509136
76,88,12,0.12,0.13570057418197393
74,87,13,0.13,0.12699580575921574
60,80,20,0.2,0.10798862874507904
74,87,13,0.13,0.09673364801332354
70,85,15,0.15,0.10439254019176587
60,80,20,0.2,0.15411947514861823
78,89,11,0.11,0.08551116600167007
76,88,12,0.12,0.09861823764629662
86,93,7,0.07,0.08006439816206694
74,87,13,0.13,0.08020234651397913
76,88,12,0.12,0.0763022889662534
64,82,18,0.18,0.13455619444139302
74,87,13,0.13,0.07540715747280047
76,88,12,0.12,0.1269703897414729
80,90,10,0.1,0.12193401305819862
62,81,19,0.19,0.0656874756887555
82,91,9,0.09,0.1247754870238714
72,86,14,0.14,0.10999978956300765
82,91,9,0.09,0.090839971806854
80,90,10,0.1,0.10194843811448663
64,82,18,0.18,0.10228286578319967
78,89,11,0.11,0.11928854237659835
60,80,20,0.2,0.11960373072652146
62,81,19,0.19,0.13594470538198947
74,87,13,0.13,0.09585020274156704
88,94,6,0.06,0.11044376763049513
80,90,10,0.1,0.11554555728565902
72,86,14,0.14,0.08934255508240313
56,78,22,0.22,0.1149191786069423
68,84,16,0.16,0.11141215573064983
78,89,11,0.11,0.09151517167687416
88,94,6,0.06,0.1430066093802452
68,84,16,0.16,0.10965092910453678
54,77,23,0.23,0.10939554900862276
76,88,12,0.12,0.11837467308621853
64,82,18,0.18,0.13300447441171856
82,91,9,0.09,0.11945070235989988
80,90,10,0.1,0.10237037362065166
74,87,13,0.13,0.11860119662247598
70,85,15,0.15,0.07454047372564673
78,89,11,0.11,0.07718874170910567
78,89,11,0.11,0.10714484918862581
82,91,9,0.09,0.11088932807091624
74,87,13,0.13,0.14425724118947983
80,90,10,0.1,0.07702641245094127
90,95,5,0.05,0.12786195259541272
76,88,12,0.12,0.10699161537922919
78,89,11,0.11,0.09309426677413285
68,84,16,0.16,0.11576093705371023
88,94,6,0.06,0.18096596746938304
64,82,18,0.18,0.07317621889058501
70,85,15,0.15,0.1692101162392646
58,79,21,0.21,0.1363254628283903
74,87,13,0.13,0.12067915445193649
78,89,11,0.11,0.08326064198277891
70,85,15,0.15,0.13754848779179155
62,81,19,0.19,0.12190373023040593
80,90,10,0.1,0.12604728830978273
78,89,11,0.11,0.15241376674734056
68,84,16,0.16,0.0924256964540109
78,89,11,0.11,0.12060677418485284
84,92,8,0.08,0.09059345982968807
76,88,12,0.12,0.07216945272870362
60,80,20,0.2,0.1784857859648764
70,85,15,0.15,0.10184158161282539
70,85,15,0.15,0.1864503434021026
74,87,13,0.13,0.07844654173706658
68,84,16,0.16,0.08389625280862674
76,88,12,0.12,0.14655005965381862
64,82,18,0.18,0.10553646226413547
62,81,19,0.19,0.0925177988409996
76,88,12,0.12,0.134742130311206
76,88,12,0.12,0.11276297775097191
58,79,21,0.21,0.13800111507065593
82,91,9,0.09,0.06960131204221398
82,91,9,0.09,0.1190088717918843
72,86,14,0.14,0.0931946278270334
82,91,9,0.09,0.07334023292874918
82,91,9,0.09,0.13608705591410397
74,87,13,0.13,0.09612396235577762
82,91,9,0.09,0.10545892521273345
76,88,12,0.12,0.08897919584531337
78,89,11,0.11,0.07517692101188005
80,90,10,0.1,0.12753215574659407
76,88,12,0.12,0.08804763898951933
66,83,17,0.17,0.10287129376083612
88,94,6,0.06,0.06685315835522487
82,91,9,0.09,0.054400480017066
88,94,6,0.06,0.05388741300324909
66,83,17,0.17,0.13502526508644222
76,88,12,0.12,0.09670300375437364
54,77,23,0.23,0.13277064580935985
58,79,21,0.21,0.08017002862179652
80,90,10,0.1,0.11156914485618472
76,88,12,0.12,0.0967219372629188
76,88,12,0.12,0.10998064091429115
60,80,20,0.2,0.12326767242047935
84,92,8,0.08,0.10741368225309998
58,79,21,0.21,0.12992067103739827
78,89,11,0.11,0.0997112743370235
62,81,19,0.19,0.1270199467148632
62,81,19,0.19,0.10645437373779715
80,90,10,0.1,0.14510569154284894
88,94,6,0.06,0.16073909907601774
84,92,8,0.08,0.1694172742497176
66,83,17,0.17,0.11110411039087921
84,92,8,0.08,0.11427349290810525
84,92,8,0.08,0.1322110601235181
86,93,7,0.07,0.11728759561665356
62,81,19,0.19,0.13269366095773877
68,84,16,0.16,0.16589900239370764
74,87,13,0.13,0.14286388842388986
66,83,17,0.17,0.15296358433552087
54,77,23,0.23,0.13119633548427373
68,84,16,0.16,0.1258626644965261
44,72,28,0.28,0.1788190451823175
76,88,12,0.12,0.14411577936727554
84,92,8,0.08,0.1308266052044928
86,93,7,0.07,0.0976435876917094
88,94,6,0.06,0.09708305953536182
70,85,15,0.15,0.10173419371247291
72,86,14,0.14,0.16981769662350416
68,84,16,0.16,0.11511464461684227
56,78,22,0.22,0.14628984122537075
64,82,18,0.18,0.12589246654766612
82,91,9,0.09,0.09150794124696404
66,83,17,0.17,0.11331829013302923
52,76,24,0.24,0.1413727814424783
70,85,15,0.15,0.09828546228818595
80,90,10,0.1,0.15114359482657164
76,88,12,0.12,0.19850612919777633
62,81,19,0.19,0.11830271262675524
78,89,11,0.11,0.16216139698401094
82,91,9,0.09,0.15555977430194617
70,85,15,0.15,0.16627998598385602
74,87,13,0.13,0.16220734477043153
78,89,11,0.11,0.10113724493421614
60,80,20,0.2,0.1506142126303166
84,92,8,0.08,0.12475436247652397
80,90,10,0.1,0.14457138320431112
86,93,7,0.07,0.10642100720200688
66,83,17,0.17,0.06641386920120568
70,85,15,0.15,0.13873100967146457
62,81,19,0.19,0.0536058876151219
72,86,14,0.14,0.06996782583650202
68,84,16,0.16,0.0934194987535011
44,72,28,0.28,0.20866918547078966
72,86,14,0.14,0.16628295722883193
72,86,14,0.14,0.1534408941678703
74,87,13,0.13,0.11378331610932946
78,89,11,0.11,0.12711522618774324
72,86,14,0.14,0.14123293303884565
88,94,6,0.06,0.19206927196122706
74,87,13,0.13,0.17632049118168652
70,85,15,0.15,0.10411774386186153
76,88,12,0.12,0.13862072605639697
68,84,16,0.16,0.13392950974404813
92,96,4,0.04,0.10964522986731026
72,86,14,0.14,0.12238690602593123
70,85,15,0.15,0.15951708077220247
78,89,11,0.11,0.1224814489390701
68,84,16,0.16,0.13106697089970112
62,81,19,0.19,0.08822298882529139
86,93,7,0.07,0.10662235739873722
90,95,5,0.05,0.1202105359872803
68,84,16,0.16,0.12826551668345929
76,88,12,0.12,0.07584194891154766
80,90,10,0.1,0.09496824750676751
60,80,20,0.2,0.13494838475715368
60,80,20,0.2,0.09491686302237212
70,85,15,0.15,0.13544303537812083
68,84,16,0.16,0.1439452307485044
52,76,24,0.24,0.09301388830877841
72,86,14,0.14,0.12387611622922122
62,81,19,0.19,0.14009596010670067
78,89,11,0.11,0.1697734589409083
76,88,12,0.12,0.12573479599319398
62,81,19,0.19,0.15132620628923177
74,87,13,0.13,0.13213887088000775
76,88,12,0.12,0.14953059945255517
60,80,20,0.2,0.15636913900263608
76,88,12,0.12,0.11105295116081834
84,92,8,0.08,0.09510552980937063
74,87,13,0.13,0.14257460299879313
78,89,11,0.11,0.11456647891318425
60,80,20,0.2,0.1223059042263776
70,85,15,0.15,0.1455241070408374
62,81,19,0.19,0.0668590303743258
68,84,16,0.16,0.17263614932075144
72,86,14,0.14,0.13534815066494046
82,91,9,0.09,0.13870018172077836
70,85,15,0.15,0.08933372354600579
64,82,18,0.18,0.11466371474787593
74,87,13,0.13,0.1790397134050727
64,82,18,0.18,0.08921884016599506
74,87,13,0.13,0.07555790237733163
70,85,15,0.15,0.10749746851623058
60,80,20,0.2,0.1514827487897128
66,83,17,0.17,0.15591704478487373
64,82,18,0.18,0.16009651789441703
82,91,9,0.09,0.05978354397579096
66,83,17,0.17,0.13098325829021631
60,80,20,0.2,0.15661354454234241
86,93,7,0.07,0.05789945081109181
54,77,23,0.23,0.15420302512589842
84,92,8,0.08,0.14013929419219495
78,89,11,0.11,0.05703406502958387
70,85,15,0.15,0.09994111725012772
76,88,12,0.12,0.15279798611998557
88,94,6,0.06,0.057774982776027176
64,82,18,0.18,0.18248026907444
74,87,13,0.13,0.08626617895788513
70,85,15,0.15,0.1596010023728013
70,85,15,0.15,0.14537182772997767
88,94,6,0.06,0.09065516881877557
62,81,19,0.19,0.14295028670690954
54,77,23,0.23,0.09437366078840569
54,77,23,0.23,0.08437029452063144
62,81,19,0.19,0.08260337217710913
68,84,16,0.16,0.11496449136175216
82,91,9,0.09,0.13322842197492718
60,80,20,0.2,0.09021704784128814
84,92,8,0.08,0.12866816616617144
68,84,16,0.16,0.08872783610830083
74,87,13,0.13,0.12228848681785166
84,92,8,0.08,0.05846227729693055
74,87,13,0.13,0.06464176365290769
76,88,12,0.12,0.09218740017153322
74,87,13,0.13,0.08270007500308565
62,81,19,0.19,0.1343478525057435
78,89,11,0.11,0.0700822592061013
68,84,16,0.16,0.12572681557387114
72,86,14,0.14,0.08838168387766927
88,94,6,0.06,0.09600317442789674
62,81,19,0.19,0.10463376722531394
62,81,19,0.19,0.15801301002618856
76,88,12,0.12,0.08450376930850326
80,90,10,0.1,0.08292528874240816
72,86,14,0.14,0.07669821882154793
80,90,10,0.1,0.07598426055628807
70,85,15,0.15,0.13750582795590163
62,81,19,0.19,0.08952214418910444
82,91,9,0.09,0.09008656200545374
82,91,9,0.09,0.09542740527074783
76,88,12,0.12,0.112432367564179
66,83,17,0.17,0.16162780169397592
70,85,15,0.15,0.0539788752165623
82,91,9,0.09,0.08893929119221866
70,85,15,0.15,0.05349249783641426
66,83,17,0.17,0.10798414818011225
80,90,10,0.1,0.07344554501469247
68,84,16,0.16,0.1868837712984532
72,86,14,0.14,0.08240353647153825
64,82,18,0.18,0.11835871669463813
64,82,18,0.18,0.06935574355418794
82,91,9,0.09,0.07063818261958658
64,82,18,0.18,0.08181083167437464
66,83,17,0.17,0.07269542327383532
72,86,14,0.14,0.07220738670788705
88,94,6,0.06,0.09536765283206478
70,85,15,0.15,0.07584514254704118
80,90,10,0.1,0.08623319523991085
70,85,15,0.15,0.06611119413981215
84,92,8,0.08,0.049538654601201416
84,92,8,0.08,0.09409984073136002
78,89,11,0.11,0.06002207987068687
64,82,18,0.18,0.06105417674873024
70,85,15,0.15,0.06049713027197868
78,89,11,0.11,0.10462394088041037
76,88,12,0.12,0.06887504332116805
84,92,8,0.08,0.05616037359810434
82,91,9,0.09,0.08833163735689595
76,88,12,0.12,0.06647557145450264
80,90,10,0.1,0.06363798415637575
78,89,11,0.11,0.07551635253243148
56,78,22,0.22,0.10417767395963892
88,94,6,0.06,0.10064637755043805
66,83,17,0.17,0.08837686541490257
80,90,10,0.1,0.09791020240634679
78,89,11,0.11,0.09181281373370438
66,83,17,0.17,0.16113755167461932
74,87,13,0.13,0.08556791529990733
78,89,11,0.11,0.07327973796520382
62,81,19,0.19,0.14083311709575355
72,86,14,0.14,0.10240779810468666
58,79,21,0.21,0.09571931357262656
76,88,12,0.12,0.1339770564250648
66,83,17,0.17,0.08420097906142474
66,83,17,0.17,0.0991385997273028
76,88,12,0.12,0.09067380358465016
60,80,20,0.2,0.10023107120301575
60,80,20,0.2,0.11323991075158119
82,91,9,0.09,0.11936586041701958
58,79,21,0.21,0.10768489487585611
60,80,20,0.2,0.0751960065588355
74,87,13,0.13,0.16278974073007701
70,85,15,0.15,0.0739550176821649
66,83,17,0.17,0.05250497662695125
62,81,19,0.19,0.09309062715619802
78,89,11,0.11,0.0634630586730782
66,83,17,0.17,0.059098797485930846
66,83,17,0.17,0.0900775861600414
88,94,6,0.06,0.09168468033079989
78,89,11,0.11,0.061546394259203226
70,85,15,0.15,0.0667631677351892
80,90,10,0.1,0.07667867770418525
88,94,6,0.06,0.05597873335704207
72,86,14,0.14,0.08155115514295176
74,87,13,0.13,0.06711341554764658
76,88,12,0.12,0.08302345434203744
66,83,17,0.17,0.09519568448886276
66,83,17,0.17,0.08000320461113006
80,90,10,0.1,0.07381227772682905
78,89,11,0.11,0.10381302500143647
64,82,18,0.18,0.16480435559526085
56,78,22,0.22,0.09629543338902295
44,72,28,0.28,0.10659946788568049
70,85,15,0.15,0.1105338834086433
78,89,11,0.11,0.09216238063963829
70,85,15,0.15,0.06854372397065163
76,88,12,0.12,0.08098042400088161
80,90,10,0.1,0.047818814314669
66,83,17,0.17,0.07831937338924036
86,93,7,0.07,0.06229610667563975
80,90,10,0.1,0.09211642889305949
82,91,9,0.09,0.11762719668913632
78,89,11,0.11,0.10380841358331963
84,92,8,0.08,0.09030883581377566
64,82,18,0.18,0.10388016449753196
78,89,11,0.11,0.12025357619859278
74,87,13,0.13,0.14933469533920288
86,93,7,0.07,0.1174790034070611
68,84,16,0.16,0.1059841506741941
96,98,2,0.02,0.0959410690702498
80,90,10,0.1,0.08973081469535828
80,90,10,0.1,0.1293725725961849
70,85,15,0.15,0.0962927454779856
84,92,8,0.08,0.061149318628013136
82,91,9,0.09,0.11883247265126556
62,81,19,0.19,0.13735678520984948
70,85,15,0.15,0.14645195390097798
72,86,14,0.14,0.09584133742377161
68,84,16,0.16,0.06723804113455117
78,89,11,0.11,0.0849801386287436
60,80,20,0.2,0.12449712387286127
72,86,14,0.14,0.1263181207329035
72,86,14,0.14,0.08600002387771383
72,86,14,0.14,0.0758987318398431
94,97,3,0.03,0.07338224877603353
82,91,9,0.09,0.10286740792267665
86,93,7,0.07,0.07926368412096053
68,84,16,0.16,0.07744130681967362
74,87,13,0.13,0.06250259423395618
70,85,15,0.15,0.07928086287458427
66,83,17,0.17,0.06013676713919267
88,94,6,0.06,0.07936884609982371
88,94,6,0.06,0.07359158184030093
86,93,7,0.07,0.06355921105947346
52,76,24,0.24,0.11650329142808914
78,89,11,0.11,0.08356637775432318
64,82,18,0.18,0.10751921115443111
80,90,10,0.1,0.10264023416675627
74,87,13,0.13,0.13383383787702768
78,89,11,0.11,0.10052540717180819
66,83,17,0.17,0.14480685925576836
78,89,11,0.11,0.11778557505458594
74,87,13,0.13,0.13515537375584244
92,96,4,0.04,0.09387122649350203
82,91,9,0.09,0.0779222924169153
76,88,12,0.12,0.060705742577556523
78,89,11,0.11,0.058510712705319746
72,86,14,0.14,0.062920603742823
60,80,20,0.2,0.06758310493547469
68,84,16,0.16,0.06799503032816574
62,81,19,0.19,0.0603319790144451
68,84,16,0.16,0.08661519188317471
78,89,11,0.11,0.10036799882072955
68,84,16,0.16,0.07973503827815875
86,93,7,0.07,0.0935600190400146
84,92,8,0.08,0.0883966506877914
76,88,12,0.12,0.0937073378637433
66,83,17,0.17,0.08677976253675297
72,86,14,0.14,0.08436713902279734
74,87,13,0.13,0.07445379867916926
66,83,17,0.17,0.09433276016148738
82,91,9,0.09,0.09955429391004145
76,88,12,0.12,0.09818609272362665
80,90,10,0.1,0.12573781435843556
76,88,12,0.12,0.10683303589525167
64,82,18,0.18,0.09450651143677533
76,88,12,0.12,0.10066386471269652
90,95,5,0.05,0.09295095780864358
84,92,8,0.08,0.07417762042721733
56,78,22,0.22,0.07669322239351459
62,81,19,0.19,0.12160451136063784
80,90,10,0.1,0.1657449346408248
76,88,12,0.12,0.056398703109007325
80,90,10,0.1,0.1405354087613523
78,89,11,0.11,0.14575990237761288
66,83,17,0.17,0.11374165986664593
76,88,12,0.12,0.1283090924017597
60,80,20,0.2,0.1108147965092212
76,88,12,0.12,0.12019402639009058
64,82,18,0.18,0.11904457399155945
70,85,15,0.15,0.15737842966802418
86,93,7,0.07,0.10621213175356388
90,95,5,0.05,0.12717855043243617
82,91,9,0.09,0.12041166948154569
66,83,17,0.17,0.13741059996187688
66,83,17,0.17,0.15373713979497552
76,88,12,0.12,0.1129449156112969
72,86,14,0.14,0.14895473761018366
64,82,18,0.18,0.15215384982060642
76,88,12,0.12,0.15633091382682324
70,85,15,0.15,0.1195370066165924
84,92,8,0.08,0.0842154880752787
78,89,11,0.11,0.12613589548505844
82,91,9,0.09,0.14813944090157746
70,85,15,0.15,0.16582781433127822
64,82,18,0.18,0.20776463731192052
66,83,17,0.17,0.17055355550721288
76,88,12,0.12,0.0930475574079901
76,88,12,0.12,0.10173671032302081
86,93,7,0.07,0.10337007832713425
66,83,17,0.17,0.1290918309940025
70,85,15,0.15,0.13285235648043453
70,85,15,0.15,0.0926629946846515
76,88,12,0.12,0.15326315962709486
70,85,15,0.15,0.11550146170891822
46,73,27,0.27,0.14680696356575937
84,92,8,0.08,0.14677431573858485
84,92,8,0.08,0.09309000739594922
64,82,18,0.18,0.11838520295917988
60,80,20,0.2,0.10574879524298013
84,92,8,0.08,0.09383679811609909
66,83,17,0.17,0.07695933015085757
78,89,11,0.11,0.10318597569596022
84,92,8,0.08,0.08711071852594614
70,85,15,0.15,0.06526957815047353
78,89,11,0.11,0.12141590209677816
74,87,13,0.13,0.10149022224359214
74,87,13,0.13,0.10139323074370622
86,93,7,0.07,0.11814172124490142
80,90,10,0.1,0.07470277750704554
72,86,14,0.14,0.09089938757009804
76,88,12,0.12,0.1242519131116569
92,96,4,0.04,0.07590238066855819
68,84,16,0.16,0.0946554751181975
82,91,9,0.09,0.08780025887070224
80,90,10,0.1,0.08411532273777994
60,80,20,0.2,0.09125973273999989
68,84,16,0.16,0.10425512566464022
82,91,9,0.09,0.0960353586776182
74,87,13,0.13,0.05678375955205411
66,83,17,0.17,0.10865242975763977
72,86,14,0.14,0.08292661105282605
54,77,23,0.23,0.07207787833875046
64,82,18,0.18,0.09250406968407333
64,82,18,0.18,0.10246191698126494
82,91,9,0.09,0.06912543777842074
78,89,11,0.11,0.08797933444147929
54,77,23,0.23,0.0931291847024113
74,87,13,0.13,0.09050733046256937
88,94,6,0.06,0.10396963969338685
68,84,16,0.16,0.08389537531184033
66,83,17,0.17,0.09397543413098902
76,88,12,0.12,0.05500017377431504
68,84,16,0.16,0.06483396040974185
70,85,15,0.15,0.10060514284763485
78,89,11,0.11,0.08638243776047602
76,88,12,0.12,0.10642788674682378
56,78,22,0.22,0.10077205327805132
80,90,10,0.1,0.09597671644296497
68,84,16,0.16,0.0926546127628535
82,91,9,0.09,0.07714724326389842
92,96,4,0.04,0.11050814600486775
82,91,9,0.09,0.09818248277530074
86,93,7,0.07,0.06325820997357369
84,92,8,0.08,0.10734872544649988
66,83,17,0.17,0.07370314271887764
68,84,16,0.16,0.0981289287423715
72,86,14,0.14,0.11315022270428017
82,91,9,0.09,0.08834056780673563
70,85,15,0.15,0.13045132578350604
86,93,7,0.07,0.09446372229140251
78,89,11,0.11,0.11863054637797177
86,93,7,0.07,0.07948366751428694
78,89,11,0.11,0.10370300397044048
66,83,17,0.17,0.07598448568489402
70,85,15,0.15,0.10732778683304786
66,83,17,0.17,0.10524080210365355
68,84,16,0.16,0.08656862388539593
72,86,14,0.14,0.07712020938284696
66,83,17,0.17,0.12752427856903523
84,92,8,0.08,0.09037445746129379
78,89,11,0.11,0.09552066614851355
60,80,20,0.2,0.08322628655296285
72,86,14,0.14,0.09199295913567766
86,93,7,0.07,0.061601641825400295
68,84,16,0.16,0.12260706615168601
80,90,10,0.1,0.14010313217993825
76,88,12,0.12,0.14455679085105658
86,93,7,0.07,0.07007733238628135
80,90,10,0.1,0.1181139910663478
68,84,16,0.16,0.07761700293980539
68,84,16,0.16,0.1187324579572305
50,75,25,0.25,0.11993955057114362
62,81,19,0.19,0.062008439316414296
60,80,20,0.2,0.1103619418363087
88,94,6,0.06,0.0791325765766669
70,85,15,0.15,0.0899996788520366
62,81,19,0.19,0.13829106343910097
68,84,16,0.16,0.07442968684248626
76,88,12,0.12,0.08672280648723245
82,91,9,0.09,0.08061373163945973
78,89,11,0.11,0.0963218073733151
74,87,13,0.13,0.10801515573402867
64,82,18,0.18,0.06842538210679777
80,90,10,0.1,0.13062032403890045
86,93,7,0.07,0.0764311548229307
68,84,16,0.16,0.07242703835014254
88,94,6,0.06,0.07210012074559927
88,94,6,0.06,0.10235547181102447
72,86,14,0.14,0.07150610466254875
86,93,7,0.07,0.08048652251716704
80,90,10,0.1,0.07412467839196324
64,82,18,0.18,0.08044997026678175
74,87,13,0.13,0.1010518816486001
82,91,9,0.09,0.10509957677451894
60,80,20,0.2,0.1200864901021123
78,89,11,0.11,0.07221039735130035
70,85,15,0.15,0.10827413184568285
76,88,12,0.12,0.08769757150439546
86,93,7,0.07,0.10154359487816692
76,88,12,0.12,0.055730503611266614
80,90,10,0.1,0.1297528535872698
74,87,13,0.13,0.07516050876234658
84,92,8,0.08,0.12095209965016693
70,85,15,0.15,0.1111288145231083
58,79,21,0.21,0.10200430375523865
68,84,16,0.16,0.10223750784251023
80,90,10,0.1,0.10187581864243839
92,96,4,0.04,0.07952109174570068
58,79,21,0.21,0.09896590971853585
90,95,5,0.05,0.06341588670853525
70,85,15,0.15,0.13382533023133875
74,87,13,0.13,0.07205733034061268
84,92,8,0.08,0.06392427949700505
60,80,20,0.2,0.12124949557706714
58,79,21,0.21,0.15810892918147146
78,89,11,0.11,0.09834818518720567
74,87,13,0.13,0.12695950054563582
74,87,13,0.13,0.10722007853910327
68,84,16,0.16,0.10846484426409006
78,89,11,0.11,0.11562255781143904
74,87,13,0.13,0.1250473141297698
76,88,12,0.12,0.13761832571588456
66,83,17,0.17,0.11133108432404697
66,83,17,0.17,0.10758739094249904
72,86,14,0.14,0.10059767135418951
68,84,16,0.16,0.11827946528792381
64,82,18,0.18,0.10118715181481093
72,86,14,0.14,0.10326543078757823
62,81,19,0.19,0.09260594545630738
76,88,12,0.12,0.12529627252370118
84,92,8,0.08,0.10573222001083195
78,89,11,0.11,0.08014598168432713
82,91,9,0.09,0.1018199317296967
86,93,7,0.07,0.108301648683846
64,82,18,0.18,0.10562729491619394
80,90,10,0.1,0.08885286479024217
86,93,7,0.07,0.0926930351415649
84,92,8,0.08,0.11424219918437302
68,84,16,0.16,0.08045525994617492
72,86,14,0.14,0.11066410874016583
82,91,9,0.09,0.14393269928637892
84,92,8,0.08,0.13873407225124537
72,86,14,0.14,0.11858671206980943
70,85,15,0.15,0.18504228297621012
72,86,14,0.14,0.11724527620710433
74,87,13,0.13,0.11069555900990963
66,83,17,0.17,0.14132939754985274
64,82,18,0.18,0.11236054418608546
72,86,14,0.14,0.10108696057926864
72,86,14,0.14,0.15301550254225732
66,83,17,0.17,0.12669174268841743
80,90,10,0.1,0.139359750719741
66,83,17,0.17,0.16109290938824417
74,87,13,0.13,0.14968144342303277
58,79,21,0.21,0.12515712179243565
82,91,9,0.09,0.09327244249172509
62,81,19,0.19,0.13078385906293988
74,87,13,0.13,0.16422679441981017
74,87,13,0.13,0.05778214327059686
66,83,17,0.17,0.08580452036112547
66,83,17,0.17,0.09003244541119784
90,95,5,0.05,0.06985072022303938
88,94,6,0.06,0.058414240708807484
74,87,13,0.13,0.0979967105994001
94,97,3,0.03,0.08563465833198279
66,83,17,0.17,0.08522975204978138
60,80,20,0.2,0.11145631799008697
76,88,12,0.12,0.09639980335254222
82,91,9,0.09,0.08336365208029747
80,90,10,0.1,0.09051593060139566
62,81,19,0.19,0.12230475437827408
78,89,11,0.11,0.0705120332329534
92,96,4,0.04,0.06319820423494094
92,96,4,0.04,0.07671222632052377
58,79,21,0.21,0.14452185239293613
68,84,16,0.16,0.1148847062792629
80,90,10,0.1,0.1374332920415327
70,85,15,0.15,0.11401698703411967
78,89,11,0.11,0.11543173513840883
72,86,14,0.14,0.1059066267684102
78,89,11,0.11,0.11479856066405773
64,82,18,0.18,0.10910189169691875
74,87,13,0.13,0.07586181873455644
76,88,12,0.12,0.1175855069165118
88,94,6,0.06,0.07156898878514767
78,89,11,0.11,0.11893718269653618
62,81,19,0.19,0.09671667885500938
74,87,13,0.13,0.09499195053707808
64,82,18,0.18,0.10555792917846701
70,85,15,0.15,0.07805804434698076
66,83,17,0.17,0.14362687229877338
86,93,7,0.07,0.06663866167422385
78,89,11,0.11,0.09487985800020397
50,75,25,0.25,0.08896123692858965
76,88,12,0.12,0.10075387705117464
76,88,12,0.12,0.08863350362982601
82,91,9,0.09,0.0710235278098844
74,87,13,0.13,0.07905509700533003
66,83,17,0.17,0.056098482408560815
86,93,7,0.07,0.0788974825758487
86,93,7,0.07,0.11198179825674742
72,86,14,0.14,0.08868402641732245
80,90,10,0.1,0.1052700999751687
66,83,17,0.17,0.09793851308524609
78,89,11,0.11,0.074481112328358
66,83,17,0.17,0.05017127096303739
54,77,23,0.23,0.12046777916140855
74,87,13,0.13,0.11248456513509154
82,91,9,0.09,0.07137964325491339
70,85,15,0.15,0.07232932498445735
68,84,16,0.16,0.09644945537671447
68,84,16,0.16,0.09322555492632091
78,89,11,0.11,0.08456065918784589
74,87,13,0.13,0.10399509161128663
76,88,12,0.12,0.11104524253401905
76,88,12,0.12,0.11678469202015548
54,77,23,0.23,0.07770549890119582
76,88,12,0.12,0.10674850583192892
94,97,3,0.03,0.04393296439899132
72,86,14,0.14,0.06424372351379133
72,86,14,0.14,0.09232123010326176
74,87,13,0.13,0.07131371869007125
76,88,12,0.12,0.06264877007633914
70,85,15,0.15,0.10525584069429897
94,97,3,0.03,0.05546696019853698
66,83,17,0.17,0.08225762880872935
58,79,21,0.21,0.0702541775163263
62,81,19,0.19,0.09427084483206272
76,88,12,0.12,0.10009661776944995
78,89,11,0.11,0.044844127353280784
56,78,22,0.22,0.05133814753033221
54,77,23,0.23,0.07036679711425677
86,93,7,0.07,0.06939545979723334
68,84,16,0.16,0.056112074239645156
78,89,11,0.11,0.059120981136802586
74,87,13,0.13,0.11593043028376997
82,91,9,0.09,0.08245888349600136
76,88,12,0.12,0.0996479174727574
76,88,12,0.12,0.06846369280712679
72,86,14,0.14,0.10794370126910507
52,76,24,0.24,0.12876967882853932
74,87,13,0.13,0.06330296975094825
70,85,15,0.15,0.15131482308730482
74,87,13,0.13,0.08745291220839135
70,85,15,0.15,0.10363073856104166
84,92,8,0.08,0.12122687862720341
78,89,11,0.11,0.11034045815467834
70,85,15,0.15,0.07321264322148636
76,88,12,0.12,0.1356335371127352
80,90,10,0.1,0.06447110813809559
68,84,16,0.16,0.07567684252280742
76,88,12,0.12,0.07372829305473715
66,83,17,0.17,0.09599702982057351
74,87,13,0.13,0.09055889641866088
74,87,13,0.13,0.08065859447233378
84,92,8,0.08,0.0575637314026244
62,81,19,0.19,0.06377711484208703
60,80,20,0.2,0.08654930823948234
76,88,12,0.12,0.07565174665884115
78,89,11,0.11,0.0759963533654809
58,79,21,0.21,0.1261411691457033
54,77,23,0.23,0.0853177501866594
74,87,13,0.13,0.08548081620712765
68,84,16,0.16,0.10611805996508338
70,85,15,0.15,0.10646602857392282
68,84,16,0.16,0.10540823959512637
68,84,16,0.16,0.11479987072292715
72,86,14,0.14,0.09572530110832304
66,83,17,0.17,0.06976482116617262
82,91,9,0.09,0.08635104332410265
86,93,7,0.07,0.09892009085509926
78,89,11,0.11,0.07485926431138068
50,75,25,0.25,0.11379269622731954
70,85,15,0.15,0.08539030537940562
76,88,12,0.12,0.05912292642518878
90,95,5,0.05,0.041422734685475006
68,84,16,0.16,0.0474209517519921
68,84,16,0.16,0.07285496806609444
82,91,9,0.09,0.04980642468843143
74,87,13,0.13,0.10140303269523429
76,88,12,0.12,0.1665916065685451
72,86,14,0.14,0.09003022549441084
70,85,15,0.15,0.055813970346935096
76,88,12,0.12,0.06643508153734728
52,76,24,0.24,0.10757656262721867
66,83,17,0.17,0.1138979224767536
82,91,9,0.09,0.07879196489520837
84,92,8,0.08,0.10386082192882895
74,87,13,0.13,0.07386185997864231
72,86,14,0.14,0.09545565046486444
84,92,8,0.08,0.10680005708709359
64,82,18,0.18,0.06509389050072059
88,94,6,0.06,0.04895451783202589
58,79,21,0.21,0.10650610883720218
78,89,11,0.11,0.10746167833916843
64,82,18,0.18,0.058030069819651545
82,91,9,0.09,0.09793064969591797
66,83,17,0.17,0.09328795810928568
62,81,19,0.19,0.12257570953574032
80,90,10,0.1,0.12274448673124425
74,87,13,0.13,0.11342421878129244
76,88,12,0.12,0.07938592312624677
88,94,6,0.06,0.08275114393094554
88,94,6,0.06,0.07795098037458956
78,89,11,0.11,0.09523619242245332
82,91,9,0.09,0.06469455338083208
72,86,14,0.14,0.08694849845138379
58,79,21,0.21,0.09690177327021957
62,81,19,0.19,0.13776001846417785
86,93,7,0.07,0.11497026576893404
78,89,11,0.11,0.08468882510904223
66,83,17,0.17,0.09778492166893557
70,85,15,0.15,0.08440199700184166
68,84,16,0.16,0.10547852462856099
60,80,20,0.2,0.09104195768246427
86,93,7,0.07,0.0883758850581944
78,89,11,0.11,0.08653844985179603
72,86,14,0.14,0.0971599345933646
72,86,14,0.14,0.11884251909330487
52,76,24,0.24,0.12912296761758627
82,91,9,0.09,0.09530101135140284
76,88,12,0.12,0.11335064146900549
56,78,22,0.22,0.11711102921050041
74,87,13,0.13,0.10634231268428267
84,92,8,0.08,0.09955484744627029
76,88,12,0.12,0.0602586600324139
58,79,21,0.21,0.10873174978652969
74,87,13,0.13,0.06773881514556707
76,88,12,0.12,0.07493373463395983
74,87,13,0.13,0.06474429066758602
84,92,8,0.08,0.08656555684749037
68,84,16,0.16,0.09717994012404234
84,92,8,0.08,0.111595128395129
76,88,12,0.12,0.08693881193641573
66,83,17,0.17,0.08427614701911806
62,81,19,0.19,0.07139366981340572
72,86,14,0.14,0.069817440204788
60,80,20,0.2,0.11733242868445813
80,90,10,0.1,0.06634032497386215
74,87,13,0.13,0.08386137266177685
74,87,13,0.13,0.09068639019969851
76,88,12,0.12,0.09421702132094652
66,83,17,0.17,0.09133979168953374
72,86,14,0.14,0.08414728088770061
36,68,32,0.32,0.10213083794340491
74,87,13,0.13,0.1260158094856888
76,88,12,0.12,0.1366030640527606
76,88,12,0.12,0.13578486161772163
78,89,11,0.11,0.08852625381899998
72,86,14,0.14,0.1030431903898716
86,93,7,0.07,0.0870635586604476
76,88,12,0.12,0.0852853107242845
64,82,18,0.18,0.10960218895925208
60,80,20,0.2,0.08814052980858833
74,87,13,0.13,0.08110096585034626
86,93,7,0.07,0.06998482312541456
92,96,4,0.04,0.05932788577396422
94,97,3,0.03,0.07139241692610085
74,87,13,0.13,0.1251784338289872
82,91,9,0.09,0.1400223179650493
76,88,12,0.12,0.0989875990524888
82,91,9,0.09,0.09411637374665588
82,91,9,0.09,0.1046224187174812
62,81,19,0.19,0.1168601112952456
76,88,12,0.12,0.1230325392074883
66,83,17,0.17,0.09993777784053236
76,88,12,0.12,0.1300254016323015
64,82,18,0.18,0.1396555685903877
74,87,13,0.13,0.13380712613579818
60,80,20,0.2,0.09857474289950914
66,83,17,0.17,0.08906592575833201
76,88,12,0.12,0.09124219294637442
80,90,10,0.1,0.07944154455326498
72,86,14,0.14,0.12650993465445937
84,92,8,0.08,0.12044363848632202
78,89,11,0.11,0.12696594356908464
84,92,8,0.08,0.09730328626465053
86,93,7,0.07,0.09186814425978809
76,88,12,0.12,0.11507188278250396
76,88,12,0.12,0.0841145502938889
72,86,14,0.14,0.07140145073179155
84,92,8,0.08,0.1214940785150975
76,88,12,0.12,0.12715161357074975
60,80,20,0.2,0.10163414367940277
66,83,17,0.17,0.09140043094521388
78,89,11,0.11,0.0705112545134034
80,90,10,0.1,0.09466367319924757
68,84,16,0.16,0.07037973353755661
78,89,11,0.11,0.09294475354254246
76,88,12,0.12,0.09675646699033677
72,86,14,0.14,0.07804644302465022
66,83,17,0.17,0.0809953501727432
58,79,21,0.21,0.102471880891826
86,93,7,0.07,0.09963650159072131
74,87,13,0.13,0.11616468113381416
56,78,22,0.22,0.08993842545081861
80,90,10,0.1,0.08508255218155682
76,88,12,0.12,0.1328206176497042
68,84,16,0.16,0.09891403921646998
60,80,20,0.2,0.10016468568705023
72,86,14,0.14,0.1037609088793397
80,90,10,0.1,0.11962439593859017
78,89,11,0.11,0.1180109189869836
84,92,8,0.08,0.0914979374781251
60,80,20,0.2,0.11944930884987116
78,89,11,0.11,0.09844370781444013
56,78,22,0.22,0.10220233068335802
76,88,12,0.12,0.10942569808568806
76,88,12,0.12,0.06338116879574955
86,93,7,0.07,0.12038381097299862
78,89,11,0.11,0.06680790674407035
66,83,17,0.17,0.0636891748115886
82,91,9,0.09,0.0753298432007432
94,97,3,0.03,0.1193899646634236
82,91,9,0.09,0.12706165277864784
82,91,9,0.09,0.09764461879618466
88,94,6,0.06,0.09671334923245013
74,87,13,0.13,0.12045043795369566
74,87,13,0.13,0.09181914348620922
66,83,17,0.17,0.08493301755283028
84,92,8,0.08,0.08127862644381821
68,84,16,0.16,0.09813098644372076
92,96,4,0.04,0.08090694213518873
84,92,8,0.08,0.10130434779450298
78,89,11,0.11,0.08821571980137378
84,92,8,0.08,0.10262280841823668
76,88,12,0.12,0.10731347983237356
70,85,15,0.15,0.14495711483061313
86,93,7,0.07,0.07190538145019673
68,84,16,0.16,0.13735804349184036
84,92,8,0.08,0.06439095529029146
80,90,10,0.1,0.06454809060916887
80,90,10,0.1,0.1303380921855569
82,91,9,0.09,0.07350858686259017
68,84,16,0.16,0.10126394927036017
60,80,20,0.2,0.08508385384338908
68,84,16,0.16,0.09634366108337417
76,88,12,0.12,0.062332280308473854
74,87,13,0.13,0.10989315258339047
62,81,19,0.19,0.08612501924391835
74,87,13,0.13,0.08304107378004119
70,85,15,0.15,0.175035447916016
64,82,18,0.18,0.06930874432437122
82,91,9,0.09,0.0931889895675704
72,86,14,0.14,0.14095616253092885
78,89,11,0.11,0.12317400043364614
74,87,13,0.13,0.13900462212972342
64,82,18,0.18,0.14760075094876812
60,80,20,0.2,0.09303927175700664
56,78,22,0.22,0.09314673451706768
68,84,16,0.16,0.1620587149146013
72,86,14,0.14,0.09214133260771633
74,87,13,0.13,0.08561273361556232
78,89,11,0.11,0.11961643758229912
54,77,23,0.23,0.11441595217911527
76,88,12,0.12,0.10670459811575711
66,83,17,0.17,0.1067471828032285
68,84,16,0.16,0.08721418478991837
78,89,11,0.11,0.11904554839245975
82,91,9,0.09,0.1088467740919441
74,87,13,0.13,0.07988018857315182
84,92,8,0.08,0.12115129971876741
70,85,15,0.15,0.1378310194052756
68,84,16,0.16,0.08902195113943889
60,80,20,0.2,0.13336856937035918
66,83,17,0.17,0.09998582978034393
62,81,19,0.19,0.09976787787862122
82,91,9,0.09,0.06684524171520025
96,98,2,0.02,0.06756089109228924
76,88,12,0.12,0.07109105144627392
68,84,16,0.16,0.07945608553476631
76,88,12,0.12,0.08625740795396268
68,84,16,0.16,0.08247162459039828
76,88,12,0.12,0.04472979449434206
80,90,10,0.1,0.11537654366344213
78,89,11,0.11,0.10405723880510777
86,93,7,0.07,0.10326216920744628
90,95,5,0.05,0.08653650855412706
74,87,13,0.13,0.08490448421332986
62,81,19,0.19,0.10980373394675552
72,86,14,0.14,0.10768948074895889
68,84,16,0.16,0.09475187797565013
70,85,15,0.15,0.07405595003161579
82,91,9,0.09,0.06383298826171085
74,87,13,0.13,0.09797495109029114
58,79,21,0.21,0.0755779744964093
64,82,18,0.18,0.09173267738893628
74,87,13,0.13,0.06925283430144191
78,89,11,0.11,0.08003293246496469
74,87,13,0.13,0.06407387480605393
74,87,13,0.13,0.08571930831996724
78,89,11,0.11,0.08949842961737886
66,83,17,0.17,0.09733212811872363
72,86,14,0.14,0.10661075316369534
66,83,17,0.17,0.10993677621241658
62,81,19,0.19,0.10581321096979082
76,88,12,0.12,0.12012960961088538
70,85,15,0.15,0.09003239963436499
78,89,11,0.11,0.1029853906063363
82,91,9,0.09,0.09237362460466102
74,87,13,0.13,0.13490077492780983
64,82,18,0.18,0.1432323463167995
82,91,9,0.09,0.12243377724546008
80,90,10,0.1,0.11414652849081904
76,88,12,0.12,0.11432899826206266
70,85,15,0.15,0.09195040841004812
86,93,7,0.07,0.12216535301879049
80,90,10,0.1,0.09128073878120631
66,83,17,0.17,0.10697473072446882
78,89,11,0.11,0.08023728401632979
84,92,8,0.08,0.12857383156660945
66,83,17,0.17,0.111863929675892
72,86,14,0.14,0.1191792797902599
68,84,16,0.16,0.08746480525936931
80,90,10,0.1,0.10648442447418346
88,94,6,0.06,0.09799247040878982
78,89,11,0.11,0.07418055989313871
84,92,8,0.08,0.07783627927303315
76,88,12,0.12,0.11105031294282526
90,95,5,0.05,0.0797651883866638
78,89,11,0.11,0.08284628424793482
74,87,13,0.13,0.09471149576595053
86,93,7,0.07,0.08011835241224617
64,82,18,0.18,0.059547514603473246
74,87,13,0.13,0.05735288890544325
66,83,17,0.17,0.10300692058168352
60,80,20,0.2,0.10925941173918545
64,82,18,0.18,0.10004364715889097
74,87,13,0.13,0.07369025168940425
72,86,14,0.14,0.12226277227513492
68,84,16,0.16,0.11566385011654347
74,87,13,0.13,0.09084480356425047
88,94,6,0.06,0.06964042933890596
88,94,6,0.06,0.08886419841554016
78,89,11,0.11,0.08210750376107172
74,87,13,0.13,0.07499199172249064
86,93,7,0.07,0.08476606380194425
74,87,13,0.13,0.11396039559971541
84,92,8,0.08,0.0678607124532573
62,81,19,0.19,0.06830477210693062
72,86,14,0.14,0.09306776744313539
84,92,8,0.08,0.08366584079572931
62,81,19,0.19,0.09747816287912428
68,84,16,0.16,0.11035942765185609
82,91,9,0.09,0.07877101679703628
58,79,21,0.21,0.09569039126858116
74,87,13,0.13,0.08835647684521973
66,83,17,0.17,0.10889430054463446
62,81,19,0.19,0.10552100724540651
80,90,10,0.1,0.06908787351218053
78,89,11,0.11,0.09286147188860923
68,84,16,0.16,0.08826882051303983
74,87,13,0.13,0.07672189069679007
74,87,13,0.13,0.07841294643934817
84,92,8,0.08,0.08892066616564989
68,84,16,0.16,0.07433802183717489
82,91,9,0.09,0.09590997144114226
86,93,7,0.07,0.09313243254553527
82,91,9,0.09,0.11029940951149911
88,94,6,0.06,0.07055529179575387
78,89,11,0.11,0.09684890703065321
80,90,10,0.1,0.08740514006000012
78,89,11,0.11,0.09504616033285856
82,91,9,0.09,0.13126423369627446
86,93,7,0.07,0.10117656817659736
76,88,12,0.12,0.06334500232478604
88,94,6,0.06,0.09252301004249602
60,80,20,0.2,0.05114722416154109
60,80,20,0.2,0.08457626577466726
82,91,9,0.09,0.09117234991397709
70,85,15,0.15,0.09448690924327821
64,82,18,0.18,0.08387350818142295
64,82,18,0.18,0.09649590954650193
74,87,13,0.13,0.06839144092402422
78,89,11,0.11,0.06830628214171157
78,89,11,0.11,0.06627507391269319
72,86,14,0.14,0.09113366724923253
72,86,14,0.14,0.07651785286609084
78,89,11,0.11,0.10346822185907513
82,91,9,0.09,0.08020283059915528
86,93,7,0.07,0.08364037332765292
82,91,9,0.09,0.08763034862466157
76,88,12,0.12,0.11210997293936088
74,87,13,0.13,0.10860579485248309
60,80,20,0.2,0.10120056797750294
84,92,8,0.08,0.07764474192867056
76,88,12,0.12,0.0790009850799106
64,82,18,0.18,0.1166084616119042
60,80,20,0.2,0.07934715930372477
74,87,13,0.13,0.0835896261408925
72,86,14,0.14,0.09088879055809229
82,91,9,0.09,0.10021356882527471
74,87,13,0.13,0.06875623869011178
80,90,10,0.1,0.10308272838592529
86,93,7,0.07,0.0999623925704509
88,94,6,0.06,0.1223127113841474
80,90,10,0.1,0.08508042395114898
60,80,20,0.2,0.1200292681704741
82,91,9,0.09,0.08998531070537866
72,86,14,0.14,0.09795074863592163
92,96,4,0.04,0.10002801724011079
76,88,12,0.12,0.09468842157162725
80,90,10,0.1,0.11664140259847045
62,81,19,0.19,0.09759063166566193
78,89,11,0.11,0.09752528454875574
72,86,14,0.14,0.0752107647061348
82,91,9,0.09,0.12160238870419562
62,81,19,0.19,0.091959867044352
80,90,10,0.1,0.10312042566016316
84,92,8,0.08,0.07230435607489198
70,85,15,0.15,0.06913230922073126
78,89,11,0.11,0.0974199674022384
80,90,10,0.1,0.07262735316064209
74,87,13,0.13,0.09317361485678703
86,93,7,0.07,0.08984474048949778
76,88,12,0.12,0.0753788109018933
74,87,13,0.13,0.08724796111695468
70,85,15,0.15,0.07229320831596851
74,87,13,0.13,0.10242186809889972
86,93,7,0.07,0.10639312146231532
64,82,18,0.18,0.1360558925429359
68,84,16,0.16,0.09618629563250579
86,93,7,0.07,0.09728099054773338
62,81,19,0.19,0.12540700049139558
66,83,17,0.17,0.11233727734070272
78,89,11,0.11,0.11811622519977391
74,87,13,0.13,0.13021302613196895
68,84,16,0.16,0.05739362223772332
78,89,11,0.11,0.10616593260318041
66,83,17,0.17,0.1021014889376238
64,82,18,0.18,0.0730914730252698
70,85,15,0.15,0.08991023072507233
76,88,12,0.12,0.07166071515530348
68,84,16,0.16,0.12070317268371582
74,87,13,0.13,0.09153458651388063
62,81,19,0.19,0.08936996899545192
68,84,16,0.16,0.11270060754846782
76,88,12,0.12,0.13593153101857752
58,79,21,0.21,0.11997119734762236
78,89,11,0.11,0.11140734403394163
92,96,4,0.04,0.11008544437587262
82,91,9,0.09,0.07106675104005263
82,91,9,0.09,0.08068057322409004
86,93,7,0.07,0.09718565317918547
90,95,5,0.05,0.07384833521442488
76,88,12,0.12,0.052979428775142876
78,89,11,0.11,0.09156360678258352
80,90,10,0.1,0.0727341422974132
68,84,16,0.16,0.1146289154572878
68,84,16,0.16,0.11316886759828776
72,86,14,0.14,0.12867603106889874
74,87,13,0.13,0.1014810374676017
70,85,15,0.15,0.137542434502393
64,82,18,0.18,0.10937811452895403
68,84,16,0.16,0.11657648703083395
84,92,8,0.08,0.11092131972312927
70,85,15,0.15,0.07557171323802322
68,84,16,0.16,0.11031734509000671
76,88,12,0.12,0.09442812249064446
76,88,12,0.12,0.0768383719259873
72,86,14,0.14,0.09098987167933956
80,90,10,0.1,0.09072948801564053
60,80,20,0.2,0.10729232983663678
70,85,15,0.15,0.11435697526205331
82,91,9,0.09,0.08182088644709438
94,97,3,0.03,0.08263866367284209
88,94,6,0.06,0.06716150774620473
88,94,6,0.06,0.11141627449542284
74,87,13,0.13,0.09648776077665389
80,90,10,0.1,0.09276954307337291
74,87,13,0.13,0.07479143266100437
76,88,12,0.12,0.13719021514756605
92,96,4,0.04,0.07853276509558782
74,87,13,0.13,0.07974575501633809
66,83,17,0.17,0.09083665114361793
66,83,17,0.17,0.09659331548959017
66,83,17,0.17,0.09211763084866106
70,85,15,0.15,0.1179936896217987
72,86,14,0.14,0.08927214914001524
66,83,17,0.17,0.13379572937265038
80,90,10,0.1,0.07498489461839199
72,86,14,0.14,0.08602413575397805
78,89,11,0.11,0.09787613483611494
74,87,13,0.13,0.07908005733042955
70,85,15,0.15,0.09622162708081305
66,83,17,0.17,0.08741784368874506
76,88,12,0.12,0.08644963677506894
70,85,15,0.15,0.09667853153310717
66,83,17,0.17,0.10682525520212949
74,87,13,0.13,0.08914784281048924
76,88,12,0.12,0.09906268815509975
64,82,18,0.18,0.14974832041072658
66,83,17,0.17,0.1446972309006378
74,87,13,0.13,0.10666950918806833
76,88,12,0.12,0.12503832080867142
76,88,12,0.12,0.10319364798022435
88,94,6,0.06,0.05658846395555884
70,85,15,0.15,0.11516064992174506
74,87,13,0.13,0.07118346653413027
76,88,12,0.12,0.07454342790413648
72,86,14,0.14,0.10084598625078797
56,78,22,0.22,0.10319370790850371
66,83,17,0.17,0.062182819296140224
80,90,10,0.1,0.07807696679839865
72,86,14,0.14,0.07674386295955628
68,84,16,0.16,0.0638700520968996
80,90,10,0.1,0.07723101647628937
76,88,12,0.12,0.06989504761062562
56,78,22,0.22,0.07494831423740834
60,80,20,0.2,0.08406951237702742
68,84,16,0.16,0.13851053797407076
70,85,15,0.15,0.1538016015384346
78,89,11,0.11,0.11702709252014756
86,93,7,0.07,0.11446920208632946
74,87,13,0.13,0.12274307416286319
60,80,20,0.2,0.13383213172666727
78,89,11,0.11,0.07785158665385097
50,75,25,0.25,0.10928473952692003
74,87,13,0.13,0.08067474701674655
74,87,13,0.13,0.09657945993356407
82,91,9,0.09,0.08012852728366852
72,86,14,0.14,0.09079762334935366
74,87,13,0.13,0.08922872592695058
82,91,9,0.09,0.08494514683727175
78,89,11,0.11,0.08224866008618846
78,89,11,0.11,0.06613002407830208
76,88,12,0.12,0.058647378189489244
72,86,14,0.14,0.10342598613700829
60,80,20,0.2,0.09155970067251473
82,91,9,0.09,0.08444138647522777
88,94,6,0.06,0.08565791214816272
70,85,15,0.15,0.10045594534603879
78,89,11,0.11,0.11012055844767019
70,85,15,0.15,0.10327368023805321
76,88,12,0.12,0.09257658306974918
74,87,13,0.13,0.1079718321794644
66,83,17,0.17,0.17439951598411427
74,87,13,0.13,0.11743327629752458
68,84,16,0.16,0.10027311761863529
76,88,12,0.12,0.12649157676612957
60,80,20,0.2,0.11656380894011818
94,97,3,0.03,0.12340663801180199
82,91,9,0.09,0.09283504125662148
82,91,9,0.09,0.0666719178436324
70,85,15,0.15,0.09205144450155785
64,82,18,0.18,0.12204576374962926
66,83,17,0.17,0.11015086648520082
76,88,12,0.12,0.08661254290025681
82,91,9,0.09,0.07941664779093116
80,90,10,0.1,0.10390050489455462
68,84,16,0.16,0.09806111295009032
72,86,14,0.14,0.11065874905791134
72,86,14,0.14,0.10716603813692928
72,86,14,0.14,0.05565328737255186
72,86,14,0.14,0.07563749516848475
72,86,14,0.14,0.11663418734911829
78,89,11,0.11,0.09711073941551149
74,87,13,0.13,0.06523991578258574
76,88,12,0.12,0.07495722829597071
64,82,18,0.18,0.07313774939626455
58,79,21,0.21,0.09034533943980932
74,87,13,0.13,0.08733151043765247
80,90,10,0.1,0.10994946576654911
68,84,16,0.16,0.14010097393766047
72,86,14,0.14,0.1471135937422514
72,86,14,0.14,0.10036440119380131
60,80,20,0.2,0.10279491058667191
78,89,11,0.11,0.12872742988634855
86,93,7,0.07,0.10148432626388967
66,83,17,0.17,0.10615106842014939
76,88,12,0.12,0.07446513297501951
70,85,15,0.15,0.10175125670852139
62,81,19,0.19,0.08760260900948197
64,82,18,0.18,0.09796874600928276
68,84,16,0.16,0.09301197153050453
86,93,7,0.07,0.1017088540457189
86,93,7,0.07,0.10007955918903462
70,85,15,0.15,0.09542748523876071
74,87,13,0.13,0.06672053499845788
86,93,7,0.07,0.0694251841516234
62,81,19,0.19,0.08421048805583269
80,90,10,0.1,0.09388683449476957
62,81,19,0.19,0.10746990538667887
78,89,11,0.11,0.09032053298782557
68,84,16,0.16,0.056844367417506876
48,74,26,0.26,0.10738815972814336
78,89,11,0.11,0.08629028029041365
70,85,15,0.15,0.10607193348929286
62,81,19,0.19,0.11012213242589496
70,85,15,0.15,0.11246118356473744
84,92,8,0.08,0.08846588974818587
72,86,14,0.14,0.08984459111467004
68,84,16,0.16,0.11201293807243928
70,85,15,0.15,0.1019971857778728
90,95,5,0.05,0.10061192717403174
78,89,11,0.11,0.09700408641248942
66,83,17,0.17,0.08999208454042673
70,85,15,0.15,0.07177225471357815
68,84,16,0.16,0.11154129208996892
76,88,12,0.12,0.12686398564372212
70,85,15,0.15,0.07920306242653169
68,84,16,0.16,0.0721850779862143
86,93,7,0.07,0.06627593982499093
64,82,18,0.18,0.08253865624312312
62,81,19,0.19,0.0947698285896331
80,90,10,0.1,0.0724074645806104
80,90,10,0.1,0.0892549298889935
70,85,15,0.15,0.09853803521487862
80,90,10,0.1,0.09804435330443084
66,83,17,0.17,0.10939167924690991
68,84,16,0.16,0.0835928608942777
62,81,19,0.19,0.11221617224626243
68,84,16,0.16,0.115729436497204
78,89,11,0.11,0.069116788264364
88,94,6,0.06,0.13027639258652926
86,93,7,0.07,0.11029422639403492
70,85,15,0.15,0.09456504712346941
80,90,10,0.1,0.06394871966447681
68,84,16,0.16,0.07407865185290576
86,93,7,0.07,0.0665617376472801
68,84,16,0.16,0.11399260296602734
82,91,9,0.09,0.08655363198602573
80,90,10,0.1,0.07415517197921873
76,88,12,0.12,0.1037540624430403
80,90,10,0.1,0.08309498504037037
70,85,15,0.15,0.05286406520055607
62,81,19,0.19,0.053747937437146905
48,74,26,0.26,0.10264664964750408
64,82,18,0.18,0.07638970178551972
64,82,18,0.18,0.10115942135220393
74,87,13,0.13,0.10727764687500894
76,88,12,0.12,0.07711890136357397
82,91,9,0.09,0.10509714804124087
78,89,11,0.11,0.0988267738930881
58,79,21,0.21,0.08734256941825151
62,81,19,0.19,0.07463204471394419
82,91,9,0.09,0.08042139515979216
78,89,11,0.11,0.056228425113949924
82,91,9,0.09,0.0890935689676553
58,79,21,0.21,0.07157671811059117
82,91,9,0.09,0.09191237737657502
84,92,8,0.08,0.07801831122487783
68,84,16,0.16,0.06790054905461147
56,78,22,0.22,0.07288353074574844
68,84,16,0.16,0.07495678222971038
80,90,10,0.1,0.0535704400902614
82,91,9,0.09,0.07613394159357995
80,90,10,0.1,0.09768718920648098
70,85,15,0.15,0.08698796997399767
80,90,10,0.1,0.07147060753544793
70,85,15,0.15,0.09224602445028722
60,80,20,0.2,0.07722515884786844
80,90,10,0.1,0.06977944679558278
68,84,16,0.16,0.09236271243542432
76,88,12,0.12,0.0826911744219251
62,81,19,0.19,0.06629644008819013
78,89,11,0.11,0.05190066780429334
52,76,24,0.24,0.10757383384276181
74,87,13,0.13,0.09300412227399647
80,90,10,0.1,0.0695911835320294
82,91,9,0.09,0.12137916160747408
88,94,6,0.06,0.08809111322276295
68,84,16,0.16,0.13373759658774362
72,86,14,0.14,0.12928115291520953
82,91,9,0.09,0.07402810979634523
56,78,22,0.22,0.10706528610549867
76,88,12,0.12,0.06981560713145882
60,80,20,0.2,0.09948061327217146
90,95,5,0.05,0.06363614880479872
74,87,13,0.13,0.07448281449265778
74,87,13,0.13,0.05660813472582959
66,83,17,0.17,0.07120035219471901
76,88,12,0.12,0.09554885479854419
72,86,14,0.14,0.10494965571211651
54,77,23,0.23,0.09742614088230767
66,83,17,0.17,0.097077059247531
80,90,10,0.1,0.08385047579184174
66,83,17,0.17,0.12395812630653381
74,87,13,0.13,0.11246606754139066
78,89,11,0.11,0.11789947838522494
68,84,16,0.16,0.12560949602164329
72,86,14,0.14,0.09776813655160367
80,90,10,0.1,0.1054140505194664
90,95,5,0.05,0.057491866392083465
78,89,11,0.11,0.08934142037760466
78,89,11,0.11,0.056951867085881534
74,87,13,0.13,0.074812855059281
72,86,14,0.14,0.08316553893382661
68,84,16,0.16,0.08988737508654594
76,88,12,0.12,0.08027058580541052
64,82,18,0.18,0.09420796653721482
70,85,15,0.15,0.07752701353863813
82,91,9,0.09,0.10446848032064736
70,85,15,0.15,0.11930392937734723
72,86,14,0.14,0.08473856498952954
70,85,15,0.15,0.1132963028177619
76,88,12,0.12,0.08824219879694283
82,91,9,0.09,0.1076846866402775
62,81,19,0.19,0.11204920589923859
76,88,12,0.12,0.10042253294494002
74,87,13,0.13,0.09020743495319039
70,85,15,0.15,0.07692651432822459
72,86,14,0.14,0.1449217510363087
70,85,15,0.15,0.11682551515754312
62,81,19,0.19,0.06291109792771749
86,93,7,0.07,0.11678763690404594
80,90,10,0.1,0.09450336667709053
74,87,13,0.13,0.1283377060480416
62,81,19,0.19,0.08989999211393297
72,86,14,0.14,0.08533647283446044
68,84,16,0.16,0.10293244037980913
84,92,8,0.08,0.06724463894497604
70,85,15,0.15,0.07776133807376027
62,81,19,0.19,0.0851689224364236
74,87,13,0.13,0.1000785885611549
68,84,16,0.16,0.09009007255546748
60,80,20,0.2,0.08737694866489619
68,84,16,0.16,0.10086624128744007
72,86,14,0.14,0.1061896415380761
80,90,10,0.1,0.10357103091664613
82,91,9,0.09,0.09773298378102481
72,86,14,0.14,0.11968410695903003
80,90,10,0.1,0.09384533872362226
76,88,12,0.12,0.0887997985444963
70,85,15,0.15,0.09802025879733264
56,78,22,0.22,0.07936343455687166
70,85,15,0.15,0.09096504779765383
70,85,15,0.15,0.10661474368069321
74,87,13,0.13,0.08655582443345339
76,88,12,0.12,0.10288962341845036
80,90,10,0.1,0.11170793559402227
74,87,13,0.13,0.10432128848508
76,88,12,0.12,0.0984792695636861
78,89,11,0.11,0.09098597972188145
78,89,11,0.11,0.071791598253767
86,93,7,0.07,0.06757836759556085
70,85,15,0.15,0.09638542751781642
74,87,13,0.13,0.09388441319577395
74,87,13,0.13,0.09013653718400746
72,86,14,0.14,0.09332351478748023
78,89,11,0.11,0.09996768983779475
74,87,13,0.13,0.09696531270164996
74,87,13,0.13,0.10109099161345511
70,85,15,0.15,0.11519936834694817
78,89,11,0.11,0.1051276089483872
80,90,10,0.1,0.11442858366295695
86,93,7,0.07,0.12758046325761824
88,94,6,0.06,0.11352595064789056
72,86,14,0.14,0.0739429227123037
80,90,10,0.1,0.09919228293001651
82,91,9,0.09,0.11645171318436041
76,88,12,0.12,0.10410169810056687
84,92,8,0.08,0.11598114090040326
60,80,20,0.2,0.13222841937094926
66,83,17,0.17,0.15292576463893057
62,81,19,0.19,0.10175481099635363
72,86,14,0.14,0.1308426356036216
80,90,10,0.1,0.12046879299916327
86,93,7,0.07,0.07189941982040182
58,79,21,0.21,0.08353228800930083
76,88,12,0.12,0.08150648260489106
68,84,16,0.16,0.10311974162235855
76,88,12,0.12,0.0972914850676898
76,88,12,0.12,0.075366953574121
80,90,10,0.1,0.09080889204633422
92,96,4,0.04,0.11923570449929684
76,88,12,0.12,0.11515149028040468
72,86,14,0.14,0.08158507036801893
82,91,9,0.09,0.09016461533028633
76,88,12,0.12,0.09481099741184153
80,90,10,0.1,0.10722686737775802
88,94,6,0.06,0.09940739358076826
74,87,13,0.13,0.08864642721368
72,86,14,0.14,0.10515765531687066
76,88,12,0.12,0.08248158953152597
70,85,15,0.15,0.11544087692163885
76,88,12,0.12,0.0734868925565388
76,88,12,0.12,0.08378630001097917
80,90,10,0.1,0.07621082943398505
78,89,11,0.11,0.11814300636760891
70,85,15,0.15,0.10167894926853478
70,85,15,0.15,0.10209779451601207
76,88,12,0.12,0.09237804028671234
76,88,12,0.12,0.10190785211045295
84,92,8,0.08,0.09915273749269544
68,84,16,0.16,0.11256174355279654
74,87,13,0.13,0.10770322652766481
70,85,15,0.15,0.10644160071504302
60,80,20,0.2,0.08943196967244148
62,81,19,0.19,0.10860835693427362
74,87,13,0.13,0.08009055136702954
46,73,27,0.27,0.08532850460615009
72,86,14,0.14,0.08191203159745783
74,87,13,0.13,0.09249692610464991
70,85,15,0.15,0.126578136254102
58,79,21,0.21,0.11301515297032892
62,81,19,0.19,0.10573994730133564
76,88,12,0.12,0.10530913019319996
82,91,9,0.09,0.0966527583799325
76,88,12,0.12,0.10093148400075734
68,84,16,0.16,0.1285092677315697
88,94,6,0.06,0.08599569167010486
60,80,20,0.2,0.11733667553402484
62,81,19,0.19,0.11063576919492334
80,90,10,0.1,0.0954303114907816
84,92,8,0.08,0.07164916942594574
84,92,8,0.08,0.08231492927065119
82,91,9,0.09,0.06699164734221995
72,86,14,0.14,0.11384039412252606
68,84,16,0.16,0.10906020919326692
62,81,19,0.19,0.1051015402469784
76,88,12,0.12,0.08819659045897424
76,88,12,0.12,0.13229617775417865
74,87,13,0.13,0.06156525357451756
78,89,11,0.11,0.12195689193438738
68,84,16,0.16,0.08052364944946021
76,88,12,0.12,0.15017419591546058
70,85,15,0.15,0.10731979139149189
76,88,12,0.12,0.09453074875753373
82,91,9,0.09,0.08425362115725875
66,83,17,0.17,0.11720940091647208
62,81,19,0.19,0.07381843514041975
62,81,19,0.19,0.07935029129497707
66,83,17,0.17,0.09429086282849312
74,87,13,0.13,0.069763392242603
60,80,20,0.2,0.11148186530452221
66,83,17,0.17,0.10649670676677488
68,84,16,0.16,0.08471166579052807
76,88,12,0.12,0.08107645746786148
60,80,20,0.2,0.06468139911536128
84,92,8,0.08,0.09262783182319254
74,87,13,0.13,0.08099122195038945
72,86,14,0.14,0.11181516567943618
78,89,11,0.11,0.09167634538374841
52,76,24,0.24,0.12995523879304527
74,87,13,0.13,0.051847822464769704
78,89,11,0.11,0.11055768451653421
68,84,16,0.16,0.04766905445489101
82,91,9,0.09,0.06682662886334584
80,90,10,0.1,0.08036019249586389
62,81,19,0.19,0.04570354441180825
70,85,15,0.15,0.10172214548103511
62,81,19,0.19,0.0893705945648253
62,81,19,0.19,0.11480059346184135
74,87,13,0.13,0.07774810540955514
72,86,14,0.14,0.11973324589431286
54,77,23,0.23,0.12247477365657687
70,85,15,0.15,0.15146576262079178
68,84,16,0.16,0.06489505095989444
78,89,11,0.11,0.1624284773413092
94,97,3,0.03,0.13535373841412365
78,89,11,0.11,0.09728101294022054
78,89,11,0.11,0.07453988067340106
80,90,10,0.1,0.09886600467842072
78,89,11,0.11,0.10437323239631952
74,87,13,0.13,0.12691247647628187
94,97,3,0.03,0.10052748606714886
74,87,13,0.13,0.11124978761188686
78,89,11,0.11,0.07853183020837605
66,83,17,0.17,0.10078485474223271
62,81,19,0.19,0.0806955866748467
74,87,13,0.13,0.07006077383644879
72,86,14,0.14,0.10942873968509957
78,89,11,0.11,0.0864803333976306
82,91,9,0.09,0.051864636310492644
64,82,18,0.18,0.08105354188475758
72,86,14,0.14,0.08496377272997052
88,94,6,0.06,0.09276666434016079
84,92,8,0.08,0.07624670090153814
68,84,16,0.16,0.08337276126258075
78,89,11,0.11,0.0766521371435374
82,91,9,0.09,0.08251910859253257
72,86,14,0.14,0.06878331848885864
88,94,6,0.06,0.034273721126373856
76,88,12,0.12,0.09176789341028779
88,94,6,0.06,0.07777610896155238
64,82,18,0.18,0.09093337273225188
66,83,17,0.17,0.09699654718395323
56,78,22,0.22,0.0929207306727767
68,84,16,0.16,0.10463856381364167
68,84,16,0.16,0.09663030419265851
82,91,9,0.09,0.07620806768070906
72,86,14,0.14,0.09267488417215645
62,81,19,0.19,0.1010631054546684
70,85,15,0.15,0.11702829126734286
76,88,12,0.12,0.09223202779423445
82,91,9,0.09,0.113616673797369
76,88,12,0.12,0.05682250505604316
78,89,11,0.11,0.09931650973856448
68,84,16,0.16,0.11617244805675
78,89,11,0.11,0.1352523746434599
78,89,11,0.11,0.10124774958007038
74,87,13,0.13,0.06731802398106083
90,95,5,0.05,0.08099663777975366
60,80,20,0.2,0.0646418841695413
76,88,12,0.12,0.07289005377562717
78,89,11,0.11,0.09292496347567067
66,83,17,0.17,0.08724344579968601
72,86,14,0.14,0.06745631749741733
78,89,11,0.11,0.07436733209528029
72,86,14,0.14,0.09307501870207488
78,89,11,0.11,0.10932917934842408
66,83,17,0.17,0.07055802801623941
64,82,18,0.18,0.08440702392254025
64,82,18,0.18,0.10528630691580475
76,88,12,0.12,0.12053270000033081
70,85,15,0.15,0.0816517857206054
58,79,21,0.21,0.0930881656659767
74,87,13,0.13,0.09271959814243019
84,92,8,0.08,0.0846161979646422
66,83,17,0.17,0.11513111816719174
58,79,21,0.21,0.09609917143359781
80,90,10,0.1,0.08377813018392771
56,78,22,0.22,0.14082548182457685
58,79,21,0.21,0.08933901211246847
70,85,15,0.15,0.09297346828505397
72,86,14,0.14,0.10533277119509876
72,86,14,0.14,0.120866884632851
68,84,16,0.16,0.1358739536628127
76,88,12,0.12,0.08049245296046138
74,87,13,0.13,0.10070894511416555
78,89,11,0.11,0.10763753443490715
74,87,13,0.13,0.07743672854732722
90,95,5,0.05,0.058148491075262425
76,88,12,0.12,0.10350700919516384
72,86,14,0.14,0.08830363392829894
72,86,14,0.14,0.09103322654613294
84,92,8,0.08,0.1175575791951269
64,82,18,0.18,0.10177811825880781
80,90,10,0.1,0.07954978458117694
82,91,9,0.09,0.0803454450960271
68,84,16,0.16,0.05061468437779695
74,87,13,0.13,0.07617893652990461
72,86,14,0.14,0.09785363684641198
82,91,9,0.09,0.07777840887662023
76,88,12,0.12,0.10196689452277496
82,91,9,0.09,0.060992470165365374
78,89,11,0.11,0.08415928974281997
82,91,9,0.09,0.06714421427750494
72,86,14,0.14,0.0727365353447385
62,81,19,0.19,0.08334089166019112
82,91,9,0.09,0.05723722103517503
70,85,15,0.15,0.10628352175466717
72,86,14,0.14,0.07806670221034437
60,80,20,0.2,0.05818708481034264
58,79,21,0.21,0.07653788692317903
72,86,14,0.14,0.062496331739239394
80,90,10,0.1,0.07088029170176015
74,87,13,0.13,0.058641465989639985
70,85,15,0.15,0.0746854833397083
58,79,21,0.21,0.08418761098524556
74,87,13,0.13,0.07205172109184786
76,88,12,0.12,0.07828095190692692
82,91,9,0.09,0.048071380972396584
76,88,12,0.12,0.0703921988082584
76,88,12,0.12,0.05269055240554735
82,91,9,0.09,0.09905753033352084
80,90,10,0.1,0.07926585681037977
72,86,14,0.14,0.12527713398449122
70,85,15,0.15,0.08799752273131162
70,85,15,0.15,0.09276382690295577
58,79,21,0.21,0.09819242238998413
74,87,13,0.13,0.10085158618167042
70,85,15,0.15,0.13129307014867664
72,86,14,0.14,0.10865792249329388
62,81,19,0.19,0.11140187932178378
60,80,20,0.2,0.11187651161104441
62,81,19,0.19,0.10997807076317258
84,92,8,0.08,0.09117929846048355
72,86,14,0.14,0.12233352391049265
66,83,17,0.17,0.13526289066299796
70,85,15,0.15,0.1147236883547157
68,84,16,0.16,0.1110933927539736
60,80,20,0.2,0.11628392340615391
82,91,9,0.09,0.09320870485156775
72,86,14,0.14,0.0939288869407028
72,86,14,0.14,0.07012100977357477
86,93,7,0.07,0.10466805979609489
76,88,12,0.12,0.1331263392791152
72,86,14,0.14,0.10202394658699632
86,93,7,0.07,0.11127887044101953
74,87,13,0.13,0.08137829581275582
66,83,17,0.17,0.12161851335084066
66,83,17,0.17,0.11483096388867126
72,86,14,0.14,0.09531070082681253
64,82,18,0.18,0.10147768423892557
74,87,13,0.13,0.08670426457189023
76,88,12,0.12,0.08328761642798782
78,89,11,0.11,0.06616115236538463
70,85,15,0.15,0.09489348313072696
62,81,19,0.19,0.10843659426085651
78,89,11,0.11,0.10936731660505757
84,92,8,0.08,0.10393128062132746
70,85,15,0.15,0.11047715144697577
86,93,7,0.07,0.08725517015904188
56,78,22,0.22,0.08700839836616069
68,84,16,0.16,0.07320069946115837
74,87,13,0.13,0.06606522482121363
80,90,10,0.1,0.10577367803314701
74,87,13,0.13,0.08487237128894776
82,91,9,0.09,0.07518276467977557
88,94,6,0.06,0.05997772190719843
74,87,13,0.13,0.0792863390018465
86,93,7,0.07,0.10077887220017147
74,87,13,0.13,0.10077524116262794
76,88,12,0.12,0.09121340215904639
64,82,18,0.18,0.07744209939264693
78,89,11,0.11,0.09887530223466456
82,91,9,0.09,0.06881325953872874
54,77,23,0.23,0.09213758362457156
74,87,13,0.13,0.08140963007870596
64,82,18,0.18,0.1301424244395457
72,86,14,0.14,0.06838505177991465
66,83,17,0.17,0.07600989775499328
68,84,16,0.16,0.11506881951820105
74,87,13,0.13,0.04403770936012734
74,87,13,0.13,0.1035414504725486
60,80,20,0.2,0.06564849352987949
74,87,13,0.13,0.07600397219881415
74,87,13,0.13,0.06285496017429977
76,88,12,0.12,0.06653595975250937
76,88,12,0.12,0.08365528581896797
78,89,11,0.11,0.07341533530503512
88,94,6,0.06,0.07549852019408718
76,88,12,0.12,0.05519440153380856
64,82,18,0.18,0.05456169422250241
74,87,13,0.13,0.07758799934003037
82,91,9,0.09,0.07614803660544567
76,88,12,0.12,0.10403388289734722
74,87,13,0.13,0.05742055469425395
62,81,19,0.19,0.08664689849130809
82,91,9,0.09,0.07545766115770675
80,90,10,0.1,0.08892338042729535
78,89,11,0.11,0.07068954234011471
70,85,15,0.15,0.0969674528343603
66,83,17,0.17,0.07028065418591722
72,86,14,0.14,0.0849570550210774
68,84,16,0.16,0.09675949439872056
84,92,8,0.08,0.07002567524439655
76,88,12,0.12,0.10734238191507757
62,81,19,0.19,0.09411035619676113
82,91,9,0.09,0.050565411320421846
86,93,7,0.07,0.11783895840402693
62,81,19,0.19,0.1138770613912493
76,88,12,0.12,0.0641961045563221
76,88,12,0.12,0.07593540603062138
68,84,16,0.16,0.06306703590555117
68,84,16,0.16,0.09209729242953472
76,88,12,0.12,0.1022128303349018
66,83,17,0.17,0.0664924034057185
78,89,11,0.11,0.09624614303465932
58,79,21,0.21,0.1254376464895904
68,84,16,0.16,0.08519703445956112
78,89,11,0.11,0.10825132634490728
70,85,15,0.15,0.0698794096102938
60,80,20,0.2,0.13898480573669075
52,76,24,0.24,0.1290269018430263
68,84,16,0.16,0.10663245294243097
82,91,9,0.09,0.12678111274261028
78,89,11,0.11,0.1061510843411088
72,86,14,0.14,0.07219514961587264
66,83,17,0.17,0.09311028351075948
76,88,12,0.12,0.10563590039906558
68,84,16,0.16,0.1310238711722195
74,87,13,0.13,0.11024407128337771
62,81,19,0.19,0.12323558541946113
70,85,15,0.15,0.09684876412153244
70,85,15,0.15,0.13837262166664005
72,86,14,0.14,0.0916833635699004
74,87,13,0.13,0.12016515681520104
78,89,11,0.11,0.07334662891691551
74,87,13,0.13,0.05708225448615849
76,88,12,0.12,0.1333312252163887
82,91,9,0.09,0.1217442327644676
86,93,7,0.07,0.1090372435003519
76,88,12,0.12,0.1289446134865284
48,74,26,0.26,0.17810770641081036
66,83,17,0.17,0.12054047669284046
82,91,9,0.09,0.1252656665816903
72,86,14,0.14,0.11135383361019194
82,91,9,0.09,0.09938227231614291
80,90,10,0.1,0.09325063133612276
80,90,10,0.1,0.07439682689495385
86,93,7,0.07,0.07987245523836464
68,84,16,0.16,0.09173342616762965
82,91,9,0.09,0.068227447764948
80,90,10,0.1,0.07316916355863214
48,74,26,0.26,0.08485826524440199
52,76,24,0.24,0.1107306701131165
82,91,9,0.09,0.10660841628909111
64,82,18,0.18,0.10170794131234288
68,84,16,0.16,0.10317623446229846
58,79,21,0.21,0.10472596463747323
78,89,11,0.11,0.13391924737952648
86,93,7,0.07,0.0998700580187142
86,93,7,0.07,0.09360934029100462
94,97,3,0.03,0.0911784137878567
84,92,8,0.08,0.0738824540260248
84,92,8,0.08,0.07261951541993766
64,82,18,0.18,0.09531775561161339
74,87,13,0.13,0.07316397650865838
74,87,13,0.13,0.12838003260781988
72,86,14,0.14,0.11452403731178493
84,92,8,0.08,0.08884913622401655
82,91,9,0.09,0.08657908469438552
86,93,7,0.07,0.07662938364315779
88,94,6,0.06,0.13003274432849138
62,81,19,0.19,0.10370280143339188
66,83,17,0.17,0.08067174689495005
66,83,17,0.17,0.07485109149478376
82,91,9,0.09,0.08427079942077398
68,84,16,0.16,0.14398601944558323
66,83,17,0.17,0.11141321196220816
80,90,10,0.1,0.092984580649063
78,89,11,0.11,0.08910940136294812
66,83,17,0.17,0.1193452992849052
80,90,10,0.1,0.12512631163001062
70,85,15,0.15,0.09932951058261097
78,89,11,0.11,0.13150579744018615
74,87,13,0.13,0.08989741166122257
70,85,15,0.15,0.0915162278257776
80,90,10,0.1,0.09183041157200933
74,87,13,0.13,0.11462997201830148
82,91,9,0.09,0.12281163345091045
78,89,11,0.11,0.11797982258256524
56,78,22,0.22,0.0655213443050161
72,86,14,0.14,0.1082307943352498
74,87,13,0.13,0.0860060173459351
62,81,19,0.19,0.11569384844973683
68,84,16,0.16,0.08348239384125918
58,79,21,0.21,0.10740588052198291
70,85,15,0.15,0.10303305936045945
68,84,16,0.16,0.13767733734101056
72,86,14,0.14,0.12829494632314892
76,88,12,0.12,0.18895397463813424
76,88,12,0.12,0.12447770290076733
64,82,18,0.18,0.11182232364080846
58,79,21,0.21,0.14656237087678164
84,92,8,0.08,0.12712890889495612
74,87,13,0.13,0.12889163080137223
84,92,8,0.08,0.11329442443791776
68,84,16,0.16,0.15770548043772578
86,93,7,0.07,0.12310143830254675
84,92,8,0.08,0.12126369767822326
82,91,9,0.09,0.09819664380513132
58,79,21,0.21,0.10481322600680869
82,91,9,0.09,0.12427698746789247
66,83,17,0.17,0.09264572918415069
86,93,7,0.07,0.07959868132136762
68,84,16,0.16,0.10629755456000567
76,88,12,0.12,0.11071335994638502
78,89,11,0.11,0.10110210315324367
88,94,6,0.06,0.09901925600133836
64,82,18,0.18,0.12554784358479082
82,91,9,0.09,0.09506217076443135
80,90,10,0.1,0.11682309282943606
74,87,13,0.13,0.09321031104773284
90,95,5,0.05,0.11233859689440578
80,90,10,0.1,0.11883496430236846
64,82,18,0.18,0.08242111460538581
78,89,11,0.11,0.07892399814678357
82,91,9,0.09,0.1027070587221533
74,87,13,0.13,0.10611041476950049
70,85,15,0.15,0.11262137470766902
82,91,9,0.09,0.1154938024142757
82,91,9,0.09,0.11692331297323108
80,90,10,0.1,0.0728950310125947
72,86,14,0.14,0.11296253560110926
72,86,14,0.14,0.11497282249853015
74,87,13,0.13,0.12836669092066585
66,83,17,0.17,0.1596054709330201
60,80,20,0.2,0.13351728908717633
80,90,10,0.1,0.17176386749371886
88,94,6,0.06,0.14141435398720203
80,90,10,0.1,0.12280602287501097
80,90,10,0.1,0.11371786171570421
80,90,10,0.1,0.0654992944933474
74,87,13,0.13,0.15144235149025917
72,86,14,0.14,0.055503963958472013
84,92,8,0.08,0.06772003152873367
72,86,14,0.14,0.12636353776790202
44,72,28,0.28,0.1338226074539125
76,88,12,0.12,0.1463617572747171
72,86,14,0.14,0.12671371716074645
58,79,21,0.21,0.07348470852710307
62,81,19,0.19,0.08342695739120246
68,84,16,0.16,0.11886048924643547
86,93,7,0.07,0.09298721168190241
70,85,15,0.15,0.11939815509365871
62,81,19,0.19,0.08734493732452392
68,84,16,0.16,0.10032422203803434
74,87,13,0.13,0.12391210396774113
76,88,12,0.12,0.10472132278606296
70,85,15,0.15,0.05731025409186259
80,90,10,0.1,0.11906324174255133
66,83,17,0.17,0.05086979304905981
74,87,13,0.13,0.10231133309192955
72,86,14,0.14,0.08548187903128564
72,86,14,0.14,0.0885394811630249
60,80,20,0.2,0.10823360590497032
84,92,8,0.08,0.09017703039105981
70,85,15,0.15,0.0966173515887931
76,88,12,0.12,0.10091174710541964
84,92,8,0.08,0.08972777961520478
64,82,18,0.18,0.0723837322439067
68,84,16,0.16,0.09702328336425126
80,90,10,0.1,0.04311569768935442
76,88,12,0.12,0.08012867777142674
76,88,12,0.12,0.11736357026733459
70,85,15,0.15,0.06508130572736263
68,84,16,0.16,0.05650241420837119
68,84,16,0.16,0.08057565994560718
82,91,9,0.09,0.06891159615013748
84,92,8,0.08,0.08065551624633371
90,95,5,0.05,0.08182917833095417
78,89,11,0.11,0.08292104023508727
86,93,7,0.07,0.08799814858706669
62,81,19,0.19,0.07712991254404188
80,90,10,0.1,0.1057322102226317
82,91,9,0.09,0.11085406753001735
82,91,9,0.09,0.09197486958000808
64,82,18,0.18,0.11339425874873996
64,82,18,0.18,0.10142203529365361
76,88,12,0.12,0.11778540966100991
66,83,17,0.17,0.1174664319306612
68,84,16,0.16,0.08138983906945213
72,86,14,0.14,0.1020391240902245
64,82,18,0.18,0.109879603497684
70,85,15,0.15,0.12947530054487288
76,88,12,0.12,0.10839965980499983
78,89,11,0.11,0.09834509070962667
78,89,11,0.11,0.10301095404662192
82,91,9,0.09,0.09249308440834283
90,95,5,0.05,0.08968500248156488
76,88,12,0.12,0.11319912133738398
62,81,19,0.19,0.11634394264779985
76,88,12,0.12,0.10930834636092186
74,87,13,0.13,0.12107208551606163
90,95,5,0.05,0.10426938673481345
78,89,11,0.11,0.10900776734575629
84,92,8,0.08,0.11403937394730747
84,92,8,0.08,0.10531337923370301
66,83,17,0.17,0.1356312352232635
68,84,16,0.16,0.10822875177487731
66,83,17,0.17,0.09220635017380119
52,76,24,0.24,0.10808468562550842
82,91,9,0.09,0.11639397344086319
70,85,15,0.15,0.11555821871384979
64,82,18,0.18,0.06813204924575984
92,96,4,0.04,0.08241284979740157
76,88,12,0.12,0.09729969571344554
76,88,12,0.12,0.0837812493275851
68,84,16,0.16,0.12999823339749128
68,84,16,0.16,0.1524879950005561
78,89,11,0.11,0.1108679923415184
78,89,11,0.11,0.10011190702556633
72,86,14,0.14,0.12214717818424106
72,86,14,0.14,0.09652361989254132
74,87,13,0.13,0.0959146951790899
80,90,10,0.1,0.08173924060538411
80,90,10,0.1,0.06360074151307345
78,89,11,0.11,0.08370109369745478
74,87,13,0.13,0.09466767850448378
70,85,15,0.15,0.12205727942287922
72,86,14,0.14,0.11469349907478317
74,87,13,0.13,0.08965148778865113
84,92,8,0.08,0.14654579186812045
84,92,8,0.08,0.11048423894913867
64,82,18,0.18,0.07325777392368764
86,93,7,0.07,0.09231539213564247
78,89,11,0.11,0.06153610722161829
80,90,10,0.1,0.0704645934747532
72,86,14,0.14,0.10719234731514007
88,94,6,0.06,0.07456169565673917
76,88,12,0.12,0.06595377131598071
68,84,16,0.16,0.10973041979130357
88,94,6,0.06,0.09833593157003634
84,92,8,0.08,0.05886293495539576
70,85,15,0.15,0.1082085839472711
88,94,6,0.06,0.07791829293593765
56,78,22,0.22,0.07628532045753672
82,91,9,0.09,0.1473331842571497
72,86,14,0.14,0.07019070819020272
66,83,17,0.17,0.07399951469153165
84,92,8,0.08,0.11133722740225493
68,84,16,0.16,0.068576180934906
64,82,18,0.18,0.07601786543382331
56,78,22,0.22,0.10772077936679125
78,89,11,0.11,0.07465589267201722
92,96,4,0.04,0.06833897923235782
78,89,11,0.11,0.1237372080120258
74,87,13,0.13,0.08369338150369003
84,92,8,0.08,0.0731855268892832
80,90,10,0.1,0.10168569590430707
88,94,6,0.06,0.052701094929652754
72,86,14,0.14,0.06951052894350142
84,92,8,0.08,0.07213657434564084
78,89,11,0.11,0.042872449459973726
64,82,18,0.18,0.07921608705888503
80,90,10,0.1,0.058302839775569736
66,83,17,0.17,0.07143599723931401
76,88,12,0.12,0.06547076262999325
80,90,10,0.1,0.0859355429187417
76,88,12,0.12,0.07732948368648067
64,82,18,0.18,0.07258226502803154
74,87,13,0.13,0.071981060965918
80,90,10,0.1,0.07587207834934816
80,90,10,0.1,0.09438353174482472
64,82,18,0.18,0.08878898405935615
76,88,12,0.12,0.07537597552000079
64,82,18,0.18,0.09407102728262544
76,88,12,0.12,0.07918261984945275
78,89,11,0.11,0.09826265377923846
66,83,17,0.17,0.07892745080869645
86,93,7,0.07,0.08234966591058765
72,86,14,0.14,0.07808199917664752
82,91,9,0.09,0.07693094133865089
80,90,10,0.1,0.06497121335938573
82,91,9,0.09,0.06405917715514078
78,89,11,0.11,0.07926275521414937
64,82,18,0.18,0.0791386352526024
76,88,12,0.12,0.0905748443864286
72,86,14,0.14,0.08202324453101027
74,87,13,0.13,0.0865642273449339
74,87,13,0.13,0.08167585503775626
70,85,15,0.15,0.09374496936914511
74,87,13,0.13,0.10394385516410694
72,86,14,0.14,0.09306950498837978
86,93,7,0.07,0.06871970907319337
74,87,13,0.13,0.08249865144956857
76,88,12,0.12,0.07293351942207664
82,91,9,0.09,0.05474913565441966
84,92,8,0.08,0.06865591831039637
68,84,16,0.16,0.05976780066033825
64,82,18,0.18,0.11546376693993807
76,88,12,0.12,0.07386123391333968
80,90,10,0.1,0.0722167970170267
82,91,9,0.09,0.10137805954553186
66,83,17,0.17,0.12735560359433293
72,86,14,0.14,0.11866030794102699
72,86,14,0.14,0.08591784493299201
60,80,20,0.2,0.0844820183236152
82,91,9,0.09,0.09182199294213206
60,80,20,0.2,0.08383781435433775
78,89,11,0.11,0.09624697032850235
84,92,8,0.08,0.10102239490952343
82,91,9,0.09,0.07209378865314647
78,89,11,0.11,0.10066325397230685
82,91,9,0.09,0.08265181973343715
82,91,9,0.09,0.12470922093838453
84,92,8,0.08,0.07818047830369323
82,91,9,0.09,0.09329775671474635
90,95,5,0.05,0.09788349111098796
80,90,10,0.1,0.07054161956999451
70,85,15,0.15,0.0795544348238036
72,86,14,0.14,0.07737245879136026
62,81,19,0.19,0.0840176705038175
76,88,12,0.12,0.08747306030942127
78,89,11,0.11,0.13073199182748796
76,88,12,0.12,0.1108241830766201
56,78,22,0.22,0.09787115626968443
78,89,11,0.11,0.14069973086938262
84,92,8,0.08,0.10553380122408271
78,89,11,0.11,0.10575134831946344
72,86,14,0.14,0.10595870533958078
74,87,13,0.13,0.10235773524269462
80,90,10,0.1,0.11474483136087656
86,93,7,0.07,0.10017475998960436
72,86,14,0.14,0.0944560954440385
74,87,13,0.13,0.09579760111868381
64,82,18,0.18,0.1375679120933637
66,83,17,0.17,0.1274240475706756
74,87,13,0.13,0.10376725122332572
74,87,13,0.13,0.11493610452860593
76,88,12,0.12,0.14030825837515296
86,93,7,0.07,0.10923657648265361
62,81,19,0.19,0.1321938111446798
66,83,17,0.17,0.11772156746126711
86,93,7,0.07,0.09402007745578884
84,92,8,0.08,0.10669493549969047
80,90,10,0.1,0.1318694731593132
78,89,11,0.11,0.09790912485215814
84,92,8,0.08,0.10351826444268226
62,81,19,0.19,0.09318896126933396
66,83,17,0.17,0.09984202155843377
60,80,20,0.2,0.07953604381531477
68,84,16,0.16,0.09904883908107877
70,85,15,0.15,0.14247098874300718
72,86,14,0.14,0.1414545027818531
62,81,19,0.19,0.1271885924320668
62,81,19,0.19,0.11431110844947398
60,80,20,0.2,0.13184755483642221
80,90,10,0.1,0.08444384570233524
68,84,16,0.16,0.10836089422926307
74,87,13,0.13,0.08858727625571192
78,89,11,0.11,0.1219729888625443
72,86,14,0.14,0.1019583442993462
78,89,11,0.11,0.10981486653909087
62,81,19,0.19,0.09200307491235435
78,89,11,0.11,0.10419366146903485
76,88,12,0.12,0.07673916978761554
74,87,13,0.13,0.0795164563972503
64,82,18,0.18,0.09897623123601079
70,85,15,0.15,0.07911913473624736
68,84,16,0.16,0.11554240611381829
76,88,12,0.12,0.09427101654931903
70,85,15,0.15,0.11573902471922339
64,82,18,0.18,0.05641610621241853
76,88,12,0.12,0.11706573134288192
80,90,10,0.1,0.10495599242392928
84,92,8,0.08,0.09241322176298127
80,90,10,0.1,0.06556231691967696
72,86,14,0.14,0.09405146674253047
78,89,11,0.11,0.09252233751351013
64,82,18,0.18,0.09108871329342946
86,93,7,0.07,0.06564431037666509
80,90,10,0.1,0.0668679706333205
62,81,19,0.19,0.10031361451605335
58,79,21,0.21,0.07847399128135293
70,85,15,0.15,0.09326863773865625
92,96,4,0.04,0.09002353027928621
66,83,17,0.17,0.10050718555226922
80,90,10,0.1,0.08861690364778042
74,87,13,0.13,0.09036172310821712
72,86,14,0.14,0.09197283315937967
84,92,8,0.08,0.06863463984569534
54,77,23,0.23,0.10053769626189023
72,86,14,0.14,0.101823951950646
68,84,16,0.16,0.08583623381098732
74,87,13,0.13,0.09261378355149645
92,96,4,0.04,0.057578574472572655
84,92,8,0.08,0.10323365939781069
86,93,7,0.07,0.11709167726803571
56,78,22,0.22,0.10365750099066645
80,90,10,0.1,0.08592038550879806
74,87,13,0.13,0.0678038626932539
70,85,15,0.15,0.07365581265068613
52,76,24,0.24,0.10173305590171366
78,89,11,0.11,0.09611484437249601
80,90,10,0.1,0.06308061114628799
88,94,6,0.06,0.05956724852323532
78,89,11,0.11,0.06830844793468714
94,97,3,0.03,0.09447174309752882
64,82,18,0.18,0.08319320274051278
74,87,13,0.13,0.08502229096833616
86,93,7,0.07,0.07350638970732688
76,88,12,0.12,0.0779410923505202
64,82,18,0.18,0.09997430820716545
76,88,12,0.12,0.0955986559111625
58,79,21,0.21,0.09974365497939289
58,79,21,0.21,0.07818308107322082
74,87,13,0.13,0.09180475409142673
74,87,13,0.13,0.07115297842770815
70,85,15,0.15,0.06493409260176122
80,90,10,0.1,0.06724965917179361
90,95,5,0.05,0.05590301280841231
72,86,14,0.14,0.0504116557398811
60,80,20,0.2,0.07504225165583193
60,80,20,0.2,0.1302216395922005
78,89,11,0.11,0.0922759742802009
94,97,3,0.03,0.07601385575952008
60,80,20,0.2,0.12055525587406009
70,85,15,0.15,0.11606350657064468
72,86,14,0.14,0.046843141382560134
84,92,8,0.08,0.09689855315722525
66,83,17,0.17,0.12816925930790604
66,83,17,0.17,0.13242607878288254
86,93,7,0.07,0.08479677862022073
66,83,17,0.17,0.10392463982570917
40,70,30,0.3,0.12046915257349611
80,90,10,0.1,0.08555752435699106
66,83,17,0.17,0.0878080323850736
78,89,11,0.11,0.07168570893118158
54,77,23,0.23,0.0832634475157829
76,88,12,0.12,0.08152175827417522
60,80,20,0.2,0.10946462044958025
72,86,14,0.14,0.06134976768633351
72,86,14,0.14,0.11887427208013833
82,91,9,0.09,0.07800874029286206
80,90,10,0.1,0.06851634056540207
84,92,8,0.08,0.09314091367647052
80,90,10,0.1,0.11280012672301382
76,88,12,0.12,0.06738289851229638
48,74,26,0.26,0.11194602240808309
76,88,12,0.12,0.07973961064126342
84,92,8,0.08,0.06114375750767067
68,84,16,0.16,0.1376441229507327
78,89,11,0.11,0.06197577583952807
68,84,16,0.16,0.0572239498142153
76,88,12,0.12,0.11285197474062443
72,86,14,0.14,0.08289634315297008
70,85,15,0.15,0.07944170362316072
54,77,23,0.23,0.12978843931108713
78,89,11,0.11,0.07521689067594707
68,84,16,0.16,0.09202181949978694
64,82,18,0.18,0.10622446537250653
74,87,13,0.13,0.0829785792529583
60,80,20,0.2,0.10053870522417128
76,88,12,0.12,0.12811125152744351
66,83,17,0.17,0.12145517341792583
74,87,13,0.13,0.11534189242171124
80,90,10,0.1,0.0966288228938356
76,88,12,0.12,0.13115504716988652
60,80,20,0.2,0.08830619044834748
68,84,16,0.16,0.0803403607965447
74,87,13,0.13,0.1198034865828231
64,82,18,0.18,0.11435297160409391
78,89,11,0.11,0.10430932653136551
74,87,13,0.13,0.12172921040095389
72,86,14,0.14,0.09484861188102514
82,91,9,0.09,0.10905156348831951
70,85,15,0.15,0.09994513110956177
70,85,15,0.15,0.08186617157887667
78,89,11,0.11,0.10459727506386116
64,82,18,0.18,0.11074326305650174
66,83,17,0.17,0.13318088334053754
78,89,11,0.11,0.14559780036564918
72,86,14,0.14,0.10948322154115886
76,88,12,0.12,0.08931089161895216
78,89,11,0.11,0.11701866838149727
78,89,11,0.11,0.10254436460789293
70,85,15,0.15,0.08871872387826443
88,94,6,0.06,0.07574383832514286
82,91,9,0.09,0.07691505800932646
80,90,10,0.1,0.08291192254284396
74,87,13,0.13,0.09038719314849004
78,89,11,0.11,0.060037921695038673
72,86,14,0.14,0.08830240877345204
80,90,10,0.1,0.08350224437046563
78,89,11,0.11,0.06899393917294219
60,80,20,0.2,0.0686574850208126
90,95,5,0.05,0.0871844684984535
96,98,2,0.02,0.07302121916087344
84,92,8,0.08,0.05370948592550121
80,90,10,0.1,0.08638466361677274
72,86,14,0.14,0.11296972545795142
82,91,9,0.09,0.05657945880899206
78,89,11,0.11,0.05742387364152819
82,91,9,0.09,0.12805497145280242
74,87,13,0.13,0.08431729648727923
62,81,19,0.19,0.07245637831278146
76,88,12,0.12,0.06265744533011457
74,87,13,0.13,0.10149572955677286
80,90,10,0.1,0.07877776997862383
82,91,9,0.09,0.0935174503410235
66,83,17,0.17,0.09605066924355925
78,89,11,0.11,0.07362381109734997
70,85,15,0.15,0.10000621471088379
80,90,10,0.1,0.08544603896327317
70,85,15,0.15,0.09400950737297535
78,89,11,0.11,0.10014687771443277
64,82,18,0.18,0.07120358545915223
80,90,10,0.1,0.08913860890781507
80,90,10,0.1,0.08475505260576029
80,90,10,0.1,0.07911896602250636
82,91,9,0.09,0.10015287647955119
78,89,11,0.11,0.10394681670702993
86,93,7,0.07,0.08163561696885153
62,81,19,0.19,0.1234042747039348
62,81,19,0.19,0.11597701516002416
66,83,17,0.17,0.08848685300908983
80,90,10,0.1,0.06690212789457291
70,85,15,0.15,0.11090406902134418
84,92,8,0.08,0.10825442696921528
70,85,15,0.15,0.1255199532955885
66,83,17,0.17,0.0996248272061348
72,86,14,0.14,0.119943334646523
70,85,15,0.15,0.09578119386686013
90,95,5,0.05,0.1084864159906283
64,82,18,0.18,0.08192620873451233
54,77,23,0.23,0.08774730939418078
84,92,8,0.08,0.07764176645781845
82,91,9,0.09,0.07660741304978728
66,83,17,0.17,0.06226304462004919
72,86,14,0.14,0.0786630399664864
84,92,8,0.08,0.07630972563521937
66,83,17,0.17,0.0892290762369521
66,83,17,0.17,0.09245558794937096
76,88,12,0.12,0.11145037262700498
68,84,16,0.16,0.09545720932306721
64,82,18,0.18,0.11170994049403817
76,88,12,0.12,0.08080135081429035
76,88,12,0.12,0.1280373699264601
70,85,15,0.15,0.11791514417156577
66,83,17,0.17,0.06987465127836913
64,82,18,0.18,0.11647904954850674
70,85,15,0.15,0.09270590569707565
66,83,17,0.17,0.11137070143595337
70,85,15,0.15,0.08708588943816721
78,89,11,0.11,0.11127003983594477
72,86,14,0.14,0.09442051842808724
66,83,17,0.17,0.1257415828667581
72,86,14,0.14,0.07940610621357337
80,90,10,0.1,0.10583308030385524
64,82,18,0.18,0.07996792600490153
80,90,10,0.1,0.06950549209490418
76,88,12,0.12,0.10362707564840093
74,87,13,0.13,0.11158210062421858
82,91,9,0.09,0.07469181376509368
58,79,21,0.21,0.06411360557191075
80,90,10,0.1,0.0983249945496209
76,88,12,0.12,0.07860968449153007
64,82,18,0.18,0.11131944781169295
84,92,8,0.08,0.06581245681736618
68,84,16,0.16,0.08401325688697397
74,87,13,0.13,0.09959489535540342
62,81,19,0.19,0.12213335202075541
78,89,11,0.11,0.08209484561812133
68,84,16,0.16,0.07851043045520782
64,82,18,0.18,0.08308898700401186
76,88,12,0.12,0.07436150627210736
72,86,14,0.14,0.11793712041922845
82,91,9,0.09,0.09750153120839969
68,84,16,0.16,0.09474821328185498
84,92,8,0.08,0.12722699051722886
78,89,11,0.11,0.11217799645848572
80,90,10,0.1,0.1347004001028836
76,88,12,0.12,0.11010125521570444
76,88,12,0.12,0.11015341978520155
68,84,16,0.16,0.10870479896198958
72,86,14,0.14,0.08757543478161096
74,87,13,0.13,0.08399884972721339
78,89,11,0.11,0.09127678079996258
88,94,6,0.06,0.09309358500875532
74,87,13,0.13,0.09480398624204099
62,81,19,0.19,0.09640973122790455
66,83,17,0.17,0.11876883137971163
90,95,5,0.05,0.09841507015749812
58,79,21,0.21,0.12977372142253443
76,88,12,0.12,0.12226780352182687
50,75,25,0.25,0.1124524785624817
72,86,14,0.14,0.09096186716575176
82,91,9,0.09,0.07561629489529878
72,86,14,0.14,0.07446262787096203
64,82,18,0.18,0.09376422706991434
80,90,10,0.1,0.10139784039463848
78,89,11,0.11,0.08644066862529144
68,84,16,0.16,0.09216668033506721
76,88,12,0.12,0.12845729093067348
60,80,20,0.2,0.10212011752300895
68,84,16,0.16,0.11516976416110992
82,91,9,0.09,0.11076774697285145
86,93,7,0.07,0.09923487887717783
82,91,9,0.09,0.09380302342586219
66,83,17,0.17,0.07901699169538916
86,93,7,0.07,0.08519052364397794
82,91,9,0.09,0.09037631995743141
68,84,16,0.16,0.09058184264693409
70,85,15,0.15,0.10668872386333533
76,88,12,0.12,0.09861403438495472
80,90,10,0.1,0.09971138439956122
74,87,13,0.13,0.09551971063483507
64,82,18,0.18,0.08218026200076566
68,84,16,0.16,0.12244278201367706
80,90,10,0.1,0.09342416023602709
72,86,14,0.14,0.10327719995519147
78,89,11,0.11,0.09269649289082736
72,86,14,0.14,0.07990398117573932
78,89,11,0.11,0.08485471862368285
82,91,9,0.09,0.07959760580211878
64,82,18,0.18,0.10658963375724852
72,86,14,0.14,0.08040261080488563
66,83,17,0.17,0.09060390616767108
78,89,11,0.11,0.0629574147472158
76,88,12,0.12,0.07124520501121878
78,89,11,0.11,0.06363924950826913
84,92,8,0.08,0.08227594994008541
100,100,0,0.0,0.06066583998501301
66,83,17,0.17,0.07787313148379325
72,86,14,0.14,0.09239363115280867
82,91,9,0.09,0.05415797891793773
82,91,9,0.09,0.06571075171697885
66,83,17,0.17,0.09486884201411158
82,91,9,0.09,0.09831146317534149
72,86,14,0.14,0.11075421845074743
72,86,14,0.14,0.08753442300483584
62,81,19,0.19,0.09704184949863702
78,89,11,0.11,0.10572397301904857
72,86,14,0.14,0.11375270164106041
88,94,6,0.06,0.08654350985772907
94,97,3,0.03,0.09267792528728024
72,86,14,0.14,0.10270880833733827
80,90,10,0.1,0.09494681989774108
72,86,14,0.14,0.10434221049770713
70,85,15,0.15,0.10489608637057245
80,90,10,0.1,0.1282390901912004
88,94,6,0.06,0.10816569600487128
70,85,15,0.15,0.15175414061639458
52,76,24,0.24,0.11232438023551367
74,87,13,0.13,0.1490915798349306
80,90,10,0.1,0.1251885233260691
70,85,15,0.15,0.14871586893685163
80,90,10,0.1,0.09883403229294345
72,86,14,0.14,0.14470603714697064
68,84,16,0.16,0.10051004780456424
68,84,16,0.16,0.0959603140829131
52,76,24,0.24,0.08890558514278382
88,94,6,0.06,0.12350365154910832
60,80,20,0.2,0.09370240637101233
72,86,14,0.14,0.09626273007830605
50,75,25,0.25,0.1282380947843194
64,82,18,0.18,0.09875849673524499
66,83,17,0.17,0.08795237977057696
66,83,17,0.17,0.13627249130047858
72,86,14,0.14,0.12358968205749989
72,86,14,0.14,0.07840979969128967
84,92,8,0.08,0.11364137938246131
70,85,15,0.15,0.11473457032814621
70,85,15,0.15,0.09440384632442146
80,90,10,0.1,0.10013300208374858
80,90,10,0.1,0.11010917791631072
74,87,13,0.13,0.11781647305004299
82,91,9,0.09,0.10601119797676802
80,90,10,0.1,0.0667146543553099
66,83,17,0.17,0.09136264271102845
68,84,16,0.16,0.09156715082935989
62,81,19,0.19,0.10287093559280037
78,89,11,0.11,0.09070855712983757
66,83,17,0.17,0.10213644565781578
68,84,16,0.16,0.09687030802015215
76,88,12,0.12,0.09815875449683517
82,91,9,0.09,0.11426987405866385
70,85,15,0.15,0.09381334316916763
86,93,7,0.07,0.07712051127105951
56,78,22,0.22,0.09044111327268184
78,89,11,0.11,0.07280000604689121
72,86,14,0.14,0.0746427313098684
74,87,13,0.13,0.09361706488067284
80,90,10,0.1,0.08357344318181276
78,89,11,0.11,0.05905040701618418
76,88,12,0.12,0.11977446103468538
60,80,20,0.2,0.08210180539172143
74,87,13,0.13,0.07951590431388468
78,89,11,0.11,0.0961271181050688
78,89,11,0.11,0.054738077372312545
76,88,12,0.12,0.06748419800773263
74,87,13,0.13,0.060440458478406074
66,83,17,0.17,0.0679127109842375
88,94,6,0.06,0.0933730057370849
68,84,16,0.16,0.10592591843567789
74,87,13,0.13,0.09120901367627084
62,81,19,0.19,0.115303938947618
80,90,10,0.1,0.1380991432070732
82,91,9,0.09,0.11718470914755016
76,88,12,0.12,0.11093532792292535
74,87,13,0.13,0.10742627060739324
84,92,8,0.08,0.09332201322773472
72,86,14,0.14,0.09396619892679155
78,89,11,0.11,0.08706577649107203
78,89,11,0.11,0.09941046802327037
90,95,5,0.05,0.0744348981929943
58,79,21,0.21,0.08951314350124448
74,87,13,0.13,0.10247793130925857
70,85,15,0.15,0.08647069748025388
74,87,13,0.13,0.12675683968234808
78,89,11,0.11,0.0675207090890035
76,88,12,0.12,0.09155434172600507
52,76,24,0.24,0.0999128016224131
78,89,11,0.11,0.13169728985987603
64,82,18,0.18,0.10315673673991115
74,87,13,0.13,0.07283012019470333
92,96,4,0.04,0.0899645503424108
70,85,15,0.15,0.06737168728606775
72,86,14,0.14,0.08355603683856316
76,88,12,0.12,0.0869811309943907
74,87,13,0.13,0.09463040086906403
86,93,7,0.07,0.09484993925783783
66,83,17,0.17,0.08749985195929184
78,89,11,0.11,0.11723093967884779
80,90,10,0.1,0.1017272600857541
82,91,9,0.09,0.12472309854347259
64,82,18,0.18,0.13493511540815234
68,84,16,0.16,0.08642002423293889
66,83,17,0.17,0.13060302427969872
86,93,7,0.07,0.11555019871331751
86,93,7,0.07,0.15847288589924574
60,80,20,0.2,0.1391585325822234
76,88,12,0.12,0.12876639917492866
74,87,13,0.13,0.10219676211476326
56,78,22,0.22,0.1305762375704944
56,78,22,0.22,0.13249815216287972
82,91,9,0.09,0.1263165499875322
80,90,10,0.1,0.14446154887322338
78,89,11,0.11,0.08156586829572916
94,97,3,0.03,0.07410343206254766
66,83,17,0.17,0.11307762295007706
70,85,15,0.15,0.12266685888636858
82,91,9,0.09,0.11222398997284472
90,95,5,0.05,0.09018625234835781
82,91,9,0.09,0.07676741657778621
88,94,6,0.06,0.10085605110507459
86,93,7,0.07,0.08692536284215749
88,94,6,0.06,0.08442726942244917
88,94,6,0.06,0.09324751001782715
76,88,12,0.12,0.09667366293258965
74,87,13,0.13,0.08746587455272675
84,92,8,0.08,0.0701534438598901
86,93,7,0.07,0.06845158117706887
90,95,5,0.05,0.06318672618828713
82,91,9,0.09,0.060049838880077006
88,94,6,0.06,0.10177770386915654
74,87,13,0.13,0.08063876035623252
64,82,18,0.18,0.09712747310986743
56,78,22,0.22,0.12143677798099815
62,81,19,0.19,0.1099394497461617
74,87,13,0.13,0.07284687438979745
74,87,13,0.13,0.11848832582123578
64,82,18,0.18,0.09868099821731448
74,87,13,0.13,0.08378748395945877
56,78,22,0.22,0.10377892632037401
78,89,11,0.11,0.12602001511491834
80,90,10,0.1,0.09276146412827074
66,83,17,0.17,0.09745511680841445
82,91,9,0.09,0.10165885454043747
78,89,11,0.11,0.09676189269172028
66,83,17,0.17,0.12866946641705
84,92,8,0.08,0.08646316661499441
76,88,12,0.12,0.12372773120179772
72,86,14,0.14,0.09841413320507854
70,85,15,0.15,0.1296558366622776
72,86,14,0.14,0.14400194874964656
76,88,12,0.12,0.11340437299106271
80,90,10,0.1,0.06965939640067517
82,91,9,0.09,0.079173223990947
62,81,19,0.19,0.1258583281747997
68,84,16,0.16,0.10726130718365312
64,82,18,0.18,0.10168696093373
84,92,8,0.08,0.10264145406894386
74,87,13,0.13,0.09340075644664467
76,88,12,0.12,0.11457050889497623
74,87,13,0.13,0.09769880512729287
76,88,12,0.12,0.11652931273449213
72,86,14,0.14,0.1220593624166213
70,85,15,0.15,0.11259127222001553
68,84,16,0.16,0.08051123772980645
70,85,15,0.15,0.1203949896339327
58,79,21,0.21,0.11482974675949663
66,83,17,0.17,0.09917625086382031
62,81,19,0.19,0.1224980722926557
78,89,11,0.11,0.10219542731530964
56,78,22,0.22,0.11920987361576409
86,93,7,0.07,0.07028434199746698
80,90,10,0.1,0.14537117078900338
80,90,10,0.1,0.12096909717656672
78,89,11,0.11,0.08693282153457403
66,83,17,0.17,0.1350849459320307
82,91,9,0.09,0.11494028537534177
72,86,14,0.14,0.11319006131961942
62,81,19,0.19,0.1181551445554942
66,83,17,0.17,0.08509231572970748
70,85,15,0.15,0.12716917939484118
68,84,16,0.16,0.0930669107567519
64,82,18,0.18,0.10558858321979642
70,85,15,0.15,0.10229584495536984
72,86,14,0.14,0.10671033957973122
70,85,15,0.15,0.13003057311289012
80,90,10,0.1,0.09713584717363119
84,92,8,0.08,0.09895127191208303
78,89,11,0.11,0.10604756940621883
66,83,17,0.17,0.11055649632122368
80,90,10,0.1,0.10363555625546723
72,86,14,0.14,0.09566627861000597
68,84,16,0.16,0.09816244252491742
74,87,13,0.13,0.0950547182932496
68,84,16,0.16,0.10056094577535987
74,87,13,0.13,0.09960590366274119
76,88,12,0.12,0.09210464075673372
70,85,15,0.15,0.11622722181491554
72,86,14,0.14,0.11634294234681875
80,90,10,0.1,0.07909477968234568
72,86,14,0.14,0.10637701585888863
82,91,9,0.09,0.09864487594924867
90,95,5,0.05,0.10811304395087064
72,86,14,0.14,0.08625179804861545
64,82,18,0.18,0.12276376405498013
80,90,10,0.1,0.0781611694023013
76,88,12,0.12,0.09697040575556456
88,94,6,0.06,0.10071555334958247
74,87,13,0.13,0.07698141634464264
82,91,9,0.09,0.09370966594666243
66,83,17,0.17,0.12029508982785046
82,91,9,0.09,0.06979782794602216
54,77,23,0.23,0.09337094111833721
76,88,12,0.12,0.10667170554399491
88,94,6,0.06,0.09787889840081335
68,84,16,0.16,0.08291935417946661
74,87,13,0.13,0.09754017597995698
76,88,12,0.12,0.09448566808830947
58,79,21,0.21,0.07445243001449853
82,91,9,0.09,0.10203922079410405
78,89,11,0.11,0.10253967797383666
78,89,11,0.11,0.09909784758463502
76,88,12,0.12,0.08313840426504612
94,97,3,0.03,0.11278640874428675
74,87,13,0.13,0.0861083152203355
60,80,20,0.2,0.10266984031535685
84,92,8,0.08,0.0970999071188271
86,93,7,0.07,0.09662183113396168
76,88,12,0.12,0.08152112670475617
72,86,14,0.14,0.0721843989379704
80,90,10,0.1,0.09238389247853775
78,89,11,0.11,0.08632824263069779
76,88,12,0.12,0.055999171308940277
74,87,13,0.13,0.11072233248502016
68,84,16,0.16,0.09585462440736592
74,87,13,0.13,0.09370048638433218
84,92,8,0.08,0.08985325592104346
74,87,13,0.13,0.08357863029465079
80,90,10,0.1,0.08546215716516599
70,85,15,0.15,0.13091821441426874
80,90,10,0.1,0.0856777291558683
86,93,7,0.07,0.11728257829498034
80,90,10,0.1,0.0877660898619797
84,92,8,0.08,0.07908520549535751
82,91,9,0.09,0.09329236688558012
68,84,16,0.16,0.0687795275892131
78,89,11,0.11,0.09216556900180876
76,88,12,0.12,0.08090371796861291
74,87,13,0.13,0.06912119552900549
84,92,8,0.08,0.08260607603937388
74,87,13,0.13,0.07536730509076733
78,89,11,0.11,0.09446485911961645
70,85,15,0.15,0.08735561296343804
84,92,8,0.08,0.08189649855252355
74,87,13,0.13,0.10075735973776317
72,86,14,0.14,0.06281662841327489
88,94,6,0.06,0.08103408267721533
60,80,20,0.2,0.05833819702587789
72,86,14,0.14,0.07594794047879987
80,90,10,0.1,0.10605926250107586
84,92,8,0.08,0.055428995207184924
72,86,14,0.14,0.06570804097456857
72,86,14,0.14,0.08120429674163461
82,91,9,0.09,0.07012753665447236
82,91,9,0.09,0.0886765187419951
76,88,12,0.12,0.10197180905146525
70,85,15,0.15,0.07279094696044922
74,87,13,0.13,0.0982658410212025
74,87,13,0.13,0.10678258806467056
88,94,6,0.06,0.09082313110353425
64,82,18,0.18,0.11537341908551753
70,85,15,0.15,0.07982416053302586
68,84,16,0.16,0.11148816123371943
64,82,18,0.18,0.0846882639452815
58,79,21,0.21,0.11954692007042468
54,77,23,0.23,0.10553504209034145
64,82,18,0.18,0.1295014612749219
58,79,21,0.21,0.07147680524270981
82,91,9,0.09,0.15005997873842716
74,87,13,0.13,0.07572709193918854
74,87,13,0.13,0.13902938039973378
84,92,8,0.08,0.08541125230491162
80,90,10,0.1,0.10843924477696419
80,90,10,0.1,0.06927595299261156
82,91,9,0.09,0.13175148204434664
84,92,8,0.08,0.062274960407521576
82,91,9,0.09,0.11627290913835168
76,88,12,0.12,0.09237186455866322
62,81,19,0.19,0.09849317951127887
68,84,16,0.16,0.10472914099693298
78,89,11,0.11,0.09136491844663397
64,82,18,0.18,0.12966256297193468
84,92,8,0.08,0.11592162122018636
80,90,10,0.1,0.06514082218520344
68,84,16,0.16,0.09488326784456148
70,85,15,0.15,0.11364491561893374
72,86,14,0.14,0.09977210921002552
58,79,21,0.21,0.10530697921290993
78,89,11,0.11,0.09895187421701848
74,87,13,0.13,0.08220168235944585
62,81,19,0.19,0.11174727971199899
74,87,13,0.13,0.13463860121555626
74,87,13,0.13,0.11151253967080266
80,90,10,0.1,0.09685093074571341
66,83,17,0.17,0.09280278134625405
74,87,13,0.13,0.11679838797077537
74,87,13,0.13,0.131956181563437
86,93,7,0.07,0.08544137534685432
82,91,9,0.09,0.12210666274651885
78,89,11,0.11,0.09680930172093212
76,88,12,0.12,0.08005570332054049
68,84,16,0.16,0.11697712667286396
56,78,22,0.22,0.09395983189577237
82,91,9,0.09,0.0996951706148684
66,83,17,0.17,0.11091784019488841
64,82,18,0.18,0.15456094148568808
64,82,18,0.18,0.1371777493879199
70,85,15,0.15,0.06355784563347697
68,84,16,0.16,0.12325765762478114
60,80,20,0.2,0.13455760311800988
74,87,13,0.13,0.07759984232950956
58,79,21,0.21,0.14536770188249648
72,86,14,0.14,0.10580072321929038
76,88,12,0.12,0.1321645190101117
80,90,10,0.1,0.08864199869334698
70,85,15,0.15,0.07456070162937976
64,82,18,0.18,0.1136761948466301
62,81,19,0.19,0.0810385359171778
76,88,12,0.12,0.1281273034447804
78,89,11,0.11,0.11638259945437313
60,80,20,0.2,0.11897440069820732
86,93,7,0.07,0.08843780391849577
70,85,15,0.15,0.12397259265184403
66,83,17,0.17,0.12063870010897518
72,86,14,0.14,0.09823221531813033
74,87,13,0.13,0.1186923761293292
80,90,10,0.1,0.11276860472746193
68,84,16,0.16,0.08751724157482385
76,88,12,0.12,0.09646549083292484
90,95,5,0.05,0.09512798110721633
76,88,12,0.12,0.10883770064916462
64,82,18,0.18,0.12966911217197777
86,93,7,0.07,0.11655638623982668
90,95,5,0.05,0.09728643846698105
78,89,11,0.11,0.08338746769353747
64,82,18,0.18,0.0971002201968804
64,82,18,0.18,0.095261713671498
66,83,17,0.17,0.1010880656959489
56,78,22,0.22,0.09584464665036649
90,95,5,0.05,0.0809730933373794
64,82,18,0.18,0.09879087479203008
52,76,24,0.24,0.12454646428115666
62,81,19,0.19,0.07857356094493298
74,87,13,0.13,0.10202977017965167
70,85,15,0.15,0.11267803460359574
56,78,22,0.22,0.12003394308965654
66,83,17,0.17,0.10111785340122878
78,89,11,0.11,0.08469571226742119
74,87,13,0.13,0.09758449668064713
62,81,19,0.19,0.09440566550940276
90,95,5,0.05,0.09745005576405674
70,85,15,0.15,0.10489529158454389
74,87,13,0.13,0.14864555969834328
70,85,15,0.15,0.15829073429107665
70,85,15,0.15,0.1307098510209471
70,85,15,0.15,0.12073693166021257
86,93,7,0.07,0.09854257034836338
84,92,8,0.08,0.07407261018641292
58,79,21,0.21,0.09181144656147808
74,87,13,0.13,0.11926611391827464
70,85,15,0.15,0.14096153982914983
62,81,19,0.19,0.11980560978874565
72,86,14,0.14,0.11386314518749714
88,94,6,0.06,0.07775766924954951
56,78,22,0.22,0.12334691843017936
78,89,11,0.11,0.0750876968121156
82,91,9,0.09,0.10251862980891019
72,86,14,0.14,0.14194259952753782
86,93,7,0.07,0.09122681214008481
48,74,26,0.26,0.11587300395593048
62,81,19,0.19,0.10764253270812332
64,82,18,0.18,0.13892837171442807
86,93,7,0.07,0.0661967640905641
62,81,19,0.19,0.11329007444437593
72,86,14,0.14,0.13769153045490384
80,90,10,0.1,0.06393907013814897
74,87,13,0.13,0.11406099691987037
84,92,8,0.08,0.13366265717428177
62,81,19,0.19,0.12298162831924855
64,82,18,0.18,0.09973731351085008
70,85,15,0.15,0.09457401207182556
60,80,20,0.2,0.13656683428213
58,79,21,0.21,0.14418795134872198
76,88,12,0.12,0.15005577193573116
76,88,12,0.12,0.14528341656550764
58,79,21,0.21,0.13357393942773343
80,90,10,0.1,0.12114101151935756
66,83,17,0.17,0.1342078345734626
76,88,12,0.12,0.10467996375635266
60,80,20,0.2,0.13127001320943235
64,82,18,0.18,0.13854073625057936
66,83,17,0.17,0.1235060209222138
78,89,11,0.11,0.09954520366154611
80,90,10,0.1,0.10040426652878523
72,86,14,0.14,0.09544933330267667
84,92,8,0.08,0.09380763814784586
60,80,20,0.2,0.12248512790538371
68,84,16,0.16,0.13272393668070437
76,88,12,0.12,0.08110299376770853
64,82,18,0.18,0.10140018804930151
72,86,14,0.14,0.09581054714508355
54,77,23,0.23,0.12416196371428669
88,94,6,0.06,0.1005791687965393
70,85,15,0.15,0.14365419248584657
70,85,15,0.15,0.13704476897604764
64,82,18,0.18,0.11449752550572156
72,86,14,0.14,0.13213908522855491
70,85,15,0.15,0.12472375351004303
78,89,11,0.11,0.1008103841356933
62,81,19,0.19,0.10573527950793504
82,91,9,0.09,0.10924275007098913
78,89,11,0.11,0.09805046492256224
76,88,12,0.12,0.11751606654375792
58,79,21,0.21,0.11730395801365376
84,92,8,0.08,0.15579388627782464
72,86,14,0.14,0.08508905107853934
82,91,9,0.09,0.13679560245713218
74,87,13,0.13,0.09234181120991707
76,88,12,0.12,0.10533304771408439
72,86,14,0.14,0.11060750375501811
70,85,15,0.15,0.09000036188401282
80,90,10,0.1,0.09274127416312694
62,81,19,0.19,0.11759296823292971
82,91,9,0.09,0.12729678222909568
84,92,8,0.08,0.11386210634373128
80,90,10,0.1,0.13782605492975564
86,93,7,0.07,0.09694804015569389
80,90,10,0.1,0.091566008804366
70,85,15,0.15,0.12121902500744909
66,83,17,0.17,0.13117948280647396
82,91,9,0.09,0.09789970941841603
70,85,15,0.15,0.08863486933056265
68,84,16,0.16,0.10093762489035725
76,88,12,0.12,0.10380570356617681
76,88,12,0.12,0.07956614685244859
74,87,13,0.13,0.10111815248150378
72,86,14,0.14,0.10689495055004955
68,84,16,0.16,0.07413711355766281
74,87,13,0.13,0.10486262111691758
72,86,14,0.14,0.08551004249136895
72,86,14,0.14,0.08005418913671747
80,90,10,0.1,0.14551365446299314
74,87,13,0.13,0.135747465970926
80,90,10,0.1,0.09740241140360012
76,88,12,0.12,0.09042238325229845
84,92,8,0.08,0.09488363159354776
80,90,10,0.1,0.07757503466913476
74,87,13,0.13,0.08018624667078257
84,92,8,0.08,0.11593797330744565
70,85,15,0.15,0.0889699014276266
60,80,20,0.2,0.08864846420940012
80,90,10,0.1,0.08258665622677654
58,79,21,0.21,0.08047928917687386
82,91,9,0.09,0.10423275805078447
64,82,18,0.18,0.09674654513131827
80,90,10,0.1,0.08928513191640378
82,91,9,0.09,0.07696401013527066
64,82,18,0.18,0.10977055200375617
60,80,20,0.2,0.09071459140861407
54,77,23,0.23,0.10999410401564091
60,80,20,0.2,0.10315223956946283
68,84,16,0.16,0.08227919102646411
82,91,9,0.09,0.14867198971565812
78,89,11,0.11,0.10214851830154657
90,95,5,0.05,0.11528585855849087
82,91,9,0.09,0.10651031956076622
76,88,12,0.12,0.15117412753403187
78,89,11,0.11,0.10628367137163877
76,88,12,0.12,0.09695908065477851
92,96,4,0.04,0.09240954934153706
80,90,10,0.1,0.10225457145599648
72,86,14,0.14,0.10696460279868916
80,90,10,0.1,0.08671300886082463
70,85,15,0.15,0.1265421351697296
72,86,14,0.14,0.07971458377433009
60,80,20,0.2,0.06713229968212545
70,85,15,0.15,0.07698070293292403
78,89,11,0.11,0.07636506600305439
78,89,11,0.11,0.10833888771012426
64,82,18,0.18,0.11482023786753416
84,92,8,0.08,0.11696474581956863
68,84,16,0.16,0.06385244478471577
70,85,15,0.15,0.05879067005123943
80,90,10,0.1,0.06918355641886592
60,80,20,0.2,0.08378925938624888
74,87,13,0.13,0.0927502382081002
70,85,15,0.15,0.08958595470059663
92,96,4,0.04,0.09780931119341403
66,83,17,0.17,0.1076592301344499
78,89,11,0.11,0.07589385739527643
76,88,12,0.12,0.1232498052995652
70,85,15,0.15,0.11056174629367888
66,83,17,0.17,0.08523662396240979
56,78,22,0.22,0.12688716522883625
58,79,21,0.21,0.09714851278811693
64,82,18,0.18,0.11827904743142426
82,91,9,0.09,0.08673290967242792
68,84,16,0.16,0.13202940922230483
62,81,19,0.19,0.07584042746108026
74,87,13,0.13,0.12410024684853851
88,94,6,0.06,0.0785778758348897
62,81,19,0.19,0.10008355139289052
66,83,17,0.17,0.14726745054125787
76,88,12,0.12,0.07715356433531269
62,81,19,0.19,0.1017214638274163
70,85,15,0.15,0.13981102469377218
64,82,18,0.18,0.1376488394662738
88,94,6,0.06,0.12611150780692695
78,89,11,0.11,0.11921487035229802
80,90,10,0.1,0.09099061524611898
74,87,13,0.13,0.11733208443969488
66,83,17,0.17,0.10049347375053913
64,82,18,0.18,0.09032159503549338
76,88,12,0.12,0.1321686707995832
74,87,13,0.13,0.08934229195583612
68,84,16,0.16,0.14481091978028415
84,92,8,0.08,0.07577570516150445
72,86,14,0.14,0.08259927320061251
74,87,13,0.13,0.13082096739672125
84,92,8,0.08,0.0886263064108789
74,87,13,0.13,0.10055858496460132
68,84,16,0.16,0.09301909456495196
78,89,11,0.11,0.11075678545050323
64,82,18,0.18,0.0893019961938262
78,89,11,0.11,0.12428574949037284
78,89,11,0.11,0.09644569741096348
66,83,17,0.17,0.09664410868659616
76,88,12,0.12,0.08424926683306694
72,86,14,0.14,0.1069263369590044
76,88,12,0.12,0.08820543886162341
74,87,13,0.13,0.1080079886643216
90,95,5,0.05,0.09567202646867372
84,92,8,0.08,0.09670724475523457
78,89,11,0.11,0.1476693638600409
82,91,9,0.09,0.10002811593934893
84,92,8,0.08,0.09687315573166416
54,77,23,0.23,0.13606101446785032
80,90,10,0.1,0.09066174862906337
68,84,16,0.16,0.10375736318994314
72,86,14,0.14,0.10529649733332917
70,85,15,0.15,0.10568345377221704
78,89,11,0.11,0.13191721436567605
72,86,14,0.14,0.13948059104382993
86,93,7,0.07,0.09532039135694503
74,87,13,0.13,0.12121282801032067
70,85,15,0.15,0.11648668852634728
78,89,11,0.11,0.09653940736083313
74,87,13,0.13,0.09635051268152893
72,86,14,0.14,0.08479261451400816
74,87,13,0.13,0.0730989637132734
66,83,17,0.17,0.0934841914428398
82,91,9,0.09,0.09146151257678867
68,84,16,0.16,0.11220369779039174
74,87,13,0.13,0.07640256786253304
66,83,17,0.17,0.13361302562989294
70,85,15,0.15,0.09517361918929965
86,93,7,0.07,0.1019876734726131
76,88,12,0.12,0.109675488229841
78,89,11,0.11,0.11954760722815991
74,87,13,0.13,0.09989953501615673
82,91,9,0.09,0.13136391539126635
76,88,12,0.12,0.09533614901825786
72,86,14,0.14,0.08974031026475132
80,90,10,0.1,0.08720404348801822
78,89,11,0.11,0.09066101444652304
68,84,16,0.16,0.08780473473481834
64,82,18,0.18,0.08887682319153101
88,94,6,0.06,0.08109023283235729
82,91,9,0.09,0.07765486542135477
72,86,14,0.14,0.11306267469190061
84,92,8,0.08,0.0904149545961991
72,86,14,0.14,0.10500480072572828
84,92,8,0.08,0.0967391353356652
76,88,12,0.12,0.0715381422592327
58,79,21,0.21,0.1033514522947371
86,93,7,0.07,0.0949191565439105
64,82,18,0.18,0.12197864808142185
60,80,20,0.2,0.08628084896830841
74,87,13,0.13,0.08199199725757353
74,87,13,0.13,0.11743839212693274
74,87,13,0.13,0.13397787567228078
76,88,12,0.12,0.11005199987441301
70,85,15,0.15,0.0977956173568964
68,84,16,0.16,0.1579449807293713
80,90,10,0.1,0.12842453465797007
70,85,15,0.15,0.12298224400728941
80,90,10,0.1,0.10061752395704389
70,85,15,0.15,0.11839857474435121
70,85,15,0.15,0.12057702067308128
80,90,10,0.1,0.1144486146606505
78,89,11,0.11,0.10426850628573447
66,83,17,0.17,0.14965347609017043
70,85,15,0.15,0.09199482693336904
78,89,11,0.11,0.11566413891501724
64,82,18,0.18,0.10982241680845618
66,83,17,0.17,0.12433241193182766
76,88,12,0.12,0.08989524282049388
64,82,18,0.18,0.09682493441738188
64,82,18,0.18,0.11239474990405142
66,83,17,0.17,0.1072677104268223
70,85,15,0.15,0.11807161150500178
72,86,14,0.14,0.151462025847286
64,82,18,0.18,0.11215458768419921
68,84,16,0.16,0.09302027677651495
72,86,14,0.14,0.12649395091459156
80,90,10,0.1,0.09650036120321602
88,94,6,0.06,0.13091212697327137
70,85,15,0.15,0.13492214670870453
64,82,18,0.18,0.1413251350261271
68,84,16,0.16,0.08975966006517411
50,75,25,0.25,0.1546624955162406
78,89,11,0.11,0.10209294186439365
72,86,14,0.14,0.11308399171568453
90,95,5,0.05,0.06479315273463726
58,79,21,0.21,0.10292874415405094
74,87,13,0.13,0.098592833224684
68,84,16,0.16,0.09558505520224571
68,84,16,0.16,0.1340211898647249
68,84,16,0.16,0.10367133177816867
88,94,6,0.06,0.11816909015178681
76,88,12,0.12,0.09567825546488166
76,88,12,0.12,0.10603465778753161
78,89,11,0.11,0.11609000399708748
78,89,11,0.11,0.11658690189942718
72,86,14,0.14,0.1373655778169632
76,88,12,0.12,0.16965312319807707
70,85,15,0.15,0.13971528406254946
74,87,13,0.13,0.0949566535744816
98,99,1,0.01,0.09608618788653984
66,83,17,0.17,0.10202999386936426
90,95,5,0.05,0.06423478826880455
68,84,16,0.16,0.08580286793410778
82,91,9,0.09,0.12602747049182653
46,73,27,0.27,0.11998167963931337
82,91,9,0.09,0.09432110059075058
84,92,8,0.08,0.07439476916566491
60,80,20,0.2,0.10787168276496231
74,87,13,0.13,0.08673328976146877
76,88,12,0.12,0.09297366661485285
66,83,17,0.17,0.09671996594406665
76,88,12,0.12,0.08848709425888955
74,87,13,0.13,0.10518104195129126
84,92,8,0.08,0.093318584645167
50,75,25,0.25,0.09849322344176471
82,91,9,0.09,0.09248479614965617
78,89,11,0.11,0.06871778485365213
80,90,10,0.1,0.09922332296147943
58,79,21,0.21,0.11946164971217513
62,81,19,0.19,0.10787489335983992
62,81,19,0.19,0.131190128675662
74,87,13,0.13,0.10170010715723038
80,90,10,0.1,0.08902137083932757
66,83,17,0.17,0.10028878189623355
70,85,15,0.15,0.1048962813988328
86,93,7,0.07,0.09145273450296372
82,91,9,0.09,0.10313993996474892
76,88,12,0.12,0.07727834864053876
86,93,7,0.07,0.07994737912900746
84,92,8,0.08,0.08151979575166479
74,87,13,0.13,0.0909579715738073
80,90,10,0.1,0.08441966442856938
68,84,16,0.16,0.12269048975780607
68,84,16,0.16,0.06855497925076634
78,89,11,0.11,0.070091633470729
74,87,13,0.13,0.11647584862075747
84,92,8,0.08,0.09438481976278126
76,88,12,0.12,0.10681916328612714
76,88,12,0.12,0.0625712232873775
86,93,7,0.07,0.0785646987031214
74,87,13,0.13,0.10394715908914805
74,87,13,0.13,0.05248548135627061
64,82,18,0.18,0.08757288529537618
78,89,11,0.11,0.07392720207688398
78,89,11,0.11,0.09872280831914396
78,89,11,0.11,0.10873124572448432
86,93,7,0.07,0.10355895746033639
80,90,10,0.1,0.09016778720077127
84,92,8,0.08,0.05799618540797383
88,94,6,0.06,0.13415379839017988
68,84,16,0.16,0.08296089661307633
72,86,14,0.14,0.08271143041551113
74,87,13,0.13,0.08687651847489178
66,83,17,0.17,0.13962669614702464
56,78,22,0.22,0.08480142540298402
72,86,14,0.14,0.11682788162957877
54,77,23,0.23,0.08384696832858025
78,89,11,0.11,0.09174496793420986
76,88,12,0.12,0.09550184647901915
74,87,13,0.13,0.08292708054184914
66,83,17,0.17,0.06478221104480326
64,82,18,0.18,0.10654625569470227
78,89,11,0.11,0.11768810343928635
68,84,16,0.16,0.08991592663805932
80,90,10,0.1,0.0708980618964415
88,94,6,0.06,0.06827591295121238
68,84,16,0.16,0.08070601953659207
66,83,17,0.17,0.12728274347260593
64,82,18,0.18,0.11412927492987364
74,87,13,0.13,0.0966537275374867
84,92,8,0.08,0.09657269890420139
64,82,18,0.18,0.1076179293403402
78,89,11,0.11,0.07547432814724743
76,88,12,0.12,0.12562274591065944
74,87,13,0.13,0.08101392280776054
80,90,10,0.1,0.11640444618649781
80,90,10,0.1,0.11069257928989827
82,91,9,0.09,0.11812019038479775
76,88,12,0.12,0.071878426624462
72,86,14,0.14,0.12140546866692603
82,91,9,0.09,0.11270655494183301
80,90,10,0.1,0.07094466012902557
84,92,8,0.08,0.10206840943777934
62,81,19,0.19,0.11712626930326224
72,86,14,0.14,0.06616468890104443
78,89,11,0.11,0.09807138431817293
60,80,20,0.2,0.0884472868591547
80,90,10,0.1,0.11057334640063346
78,89,11,0.11,0.07731466221506707
58,79,21,0.21,0.09647686114534736
72,86,14,0.14,0.0913916044589132
58,79,21,0.21,0.11507772606797516
82,91,9,0.09,0.07888932448811829
70,85,15,0.15,0.09722556959837675
62,81,19,0.19,0.09627947895787656
86,93,7,0.07,0.07553449356928468
82,91,9,0.09,0.11729756696149707
76,88,12,0.12,0.10006604387424886
80,90,10,0.1,0.10867454457096755
68,84,16,0.16,0.12992777494248003
70,85,15,0.15,0.08548840884584934
78,89,11,0.11,0.10538488385267555
80,90,10,0.1,0.09324998009949922
62,81,19,0.19,0.12461251817643643
68,84,16,0.16,0.11349716488271952
68,84,16,0.16,0.07493397331330925
68,84,16,0.16,0.10920104555785656
66,83,17,0.17,0.11832339492626488
74,87,13,0.13,0.08669782471610234
48,74,26,0.26,0.10050302499905228
78,89,11,0.11,0.11978819231968373
64,82,18,0.18,0.09362807503901421
70,85,15,0.15,0.11810692864470183
90,95,5,0.05,0.08927032347768545
78,89,11,0.11,0.1228827374521643
64,82,18,0.18,0.09517145467922092
76,88,12,0.12,0.11004838841967285
84,92,8,0.08,0.08578812822699547
70,85,15,0.15,0.12770835923030974
62,81,19,0.19,0.11052885096054524
74,87,13,0.13,0.08543271173723042
78,89,11,0.11,0.14106289930641652
66,83,17,0.17,0.11238729132339359
68,84,16,0.16,0.10674685935489833
80,90,10,0.1,0.09372854113578796
78,89,11,0.11,0.07244885530322791
78,89,11,0.11,0.08747324457392097
76,88,12,0.12,0.09433127045631409
74,87,13,0.13,0.12137854415923358
76,88,12,0.12,0.13342194920405745
66,83,17,0.17,0.0941072725597769
82,91,9,0.09,0.0932679973822087
76,88,12,0.12,0.11188694117590785
76,88,12,0.12,0.11322183802723884
68,84,16,0.16,0.08897814758121968
84,92,8,0.08,0.10539022416807711
66,83,17,0.17,0.09612473208457231
70,85,15,0.15,0.08816419629380107
48,74,26,0.26,0.1053238298650831
88,94,6,0.06,0.1162706172093749
70,85,15,0.15,0.10193452026695013
80,90,10,0.1,0.112884243526496
90,95,5,0.05,0.0877122239395976
82,91,9,0.09,0.10475066700950265
66,83,17,0.17,0.11829593126196414
70,85,15,0.15,0.12925087995827197
82,91,9,0.09,0.08778125155018643
62,81,19,0.19,0.11837152607738971
90,95,5,0.05,0.11355526834726333
72,86,14,0.14,0.08830289391800761
86,93,7,0.07,0.06978232466382905
88,94,6,0.06,0.11742711550556123
84,92,8,0.08,0.0880610559694469
64,82,18,0.18,0.1294073727540672
100,100,0,0.0,0.09235196029767394
78,89,11,0.11,0.11056272489950061
80,90,10,0.1,0.06872513411100954
72,86,14,0.14,0.08416880306322128
72,86,14,0.14,0.08683675737120211
72,86,14,0.14,0.1103797725494951
80,90,10,0.1,0.0811991234915331
72,86,14,0.14,0.08753215728793293
56,78,22,0.22,0.12095634772442282
72,86,14,0.14,0.1040712457243353
76,88,12,0.12,0.1363377692643553
70,85,15,0.15,0.11271886044181884
84,92,8,0.08,0.08499239303171635
80,90,10,0.1,0.10990968358004466
84,92,8,0.08,0.08772172912955284
68,84,16,0.16,0.09499792979098856
66,83,17,0.17,0.07728110094554723
84,92,8,0.08,0.08819687781855463
62,81,19,0.19,0.06805121437879279
66,83,17,0.17,0.10666934424545615
74,87,13,0.13,0.12103600166738034
80,90,10,0.1,0.10683957100380212
84,92,8,0.08,0.11288160727359355
84,92,8,0.08,0.0954600940598175
90,95,5,0.05,0.0787616419652477
54,77,23,0.23,0.09745595998130739
80,90,10,0.1,0.1145615948503837
80,90,10,0.1,0.0853950150241144
82,91,9,0.09,0.08939420962473378
84,92,8,0.08,0.08708938002120703
76,88,12,0.12,0.09159363572543952
76,88,12,0.12,0.102495299896691
74,87,13,0.13,0.07347481848672033
68,84,16,0.16,0.09144071106333286
66,83,17,0.17,0.08842635585227981
76,88,12,0.12,0.1319401229918003
82,91,9,0.09,0.09324930355185643
78,89,11,0.11,0.10235354929231107
82,91,9,0.09,0.06701418425189332
84,92,8,0.08,0.0895041536912322
66,83,17,0.17,0.09426296908408403
80,90,10,0.1,0.056996025671251116
80,90,10,0.1,0.0954872046224773
80,90,10,0.1,0.09975661770440639
72,86,14,0.14,0.10053062218241393
56,78,22,0.22,0.06932171666994691
80,90,10,0.1,0.11897341364063323
58,79,21,0.21,0.12774486357346176
74,87,13,0.13,0.09235944169107825
82,91,9,0.09,0.10873599940445274
76,88,12,0.12,0.11246476522646845
80,90,10,0.1,0.0933036534965504
74,87,13,0.13,0.0845499302400276
78,89,11,0.11,0.1291054659150541
76,88,12,0.12,0.10962621818296611
72,86,14,0.14,0.10604632647708058
80,90,10,0.1,0.09030730735044927
74,87,13,0.13,0.13587965293787418
64,82,18,0.18,0.0778504094260279
68,84,16,0.16,0.12222180612385274
64,82,18,0.18,0.08024015064584092
82,91,9,0.09,0.1400251520331949
90,95,5,0.05,0.11690535066649317
80,90,10,0.1,0.12835334025323392
68,84,16,0.16,0.09859424643218517
82,91,9,0.09,0.11550084018148482
54,77,23,0.23,0.15140661067329347
74,87,13,0.13,0.11818447772413493
54,77,23,0.23,0.12407665616367013
78,89,11,0.11,0.11016478825360537
50,75,25,0.25,0.10418764956761152
80,90,10,0.1,0.12007421052083372
86,93,7,0.07,0.1244339126907289
72,86,14,0.14,0.10662656941392924
90,95,5,0.05,0.09541768251452595
66,83,17,0.17,0.09662394419312477
64,82,18,0.18,0.1040153155848384
76,88,12,0.12,0.10258574626408518
74,87,13,0.13,0.09794389373390004
74,87,13,0.13,0.08407205561175943
54,77,23,0.23,0.10000944525003433
62,81,19,0.19,0.10194560484029352
74,87,13,0.13,0.09278666259720922
72,86,14,0.14,0.11868451236747206
76,88,12,0.12,0.14094364288263023
60,80,20,0.2,0.12252714556409046
74,87,13,0.13,0.10244309261441231
80,90,10,0.1,0.11725175854749978
82,91,9,0.09,0.11642168395454064
78,89,11,0.11,0.07926420323550701
56,78,22,0.22,0.10880236594006419
56,78,22,0.22,0.09154426385648548
74,87,13,0.13,0.11414227441884578
64,82,18,0.18,0.10398173965513706
74,87,13,0.13,0.11711041782284155
88,94,6,0.06,0.09630157692357898
60,80,20,0.2,0.10594253454357386
88,94,6,0.06,0.10830358869454358
64,82,18,0.18,0.11295187692623586
60,80,20,0.2,0.14371591059025376
68,84,16,0.16,0.1369619439356029
74,87,13,0.13,0.1354129134491086
72,86,14,0.14,0.11948500440455972
60,80,20,0.2,0.12688022754155098
72,86,14,0.14,0.09921604953706264
82,91,9,0.09,0.09256742388941347
66,83,17,0.17,0.15684710616245867
62,81,19,0.19,0.09311790044652297
66,83,17,0.17,0.1288149949698709
70,85,15,0.15,0.12535516874864697
72,86,14,0.14,0.12088277779519557
80,90,10,0.1,0.10168230789713562
82,91,9,0.09,0.10636952045373618
72,86,14,0.14,0.11494320718105883
84,92,8,0.08,0.10376176299410872
88,94,6,0.06,0.11551094238180667
68,84,16,0.16,0.07776350739179179
76,88,12,0.12,0.12443083269055932
68,84,16,0.16,0.09891025248449296
74,87,13,0.13,0.08516156446421519
60,80,20,0.2,0.094832642293768
64,82,18,0.18,0.07877765209646896
72,86,14,0.14,0.08849882279522717
68,84,16,0.16,0.10152531779371202
78,89,11,0.11,0.1272936028148979
84,92,8,0.08,0.09698241881560535
84,92,8,0.08,0.071438096947968
84,92,8,0.08,0.10602933119051158
68,84,16,0.16,0.11275980556383729
88,94,6,0.06,0.10250531858764589
56,78,22,0.22,0.11969905432779342
62,81,19,0.19,0.08671960475679953
66,83,17,0.17,0.11994928155094385
80,90,10,0.1,0.12106450347229838
80,90,10,0.1,0.07715082976734265
72,86,14,0.14,0.13695055034942924
78,89,11,0.11,0.07705833775456995
86,93,7,0.07,0.0974339119065553
78,89,11,0.11,0.07828916753642261
60,80,20,0.2,0.1202884620835539
76,88,12,0.12,0.0709671260137111
78,89,11,0.11,0.1163861702568829
80,90,10,0.1,0.10447540449909866
78,89,11,0.11,0.07627535079605878
80,90,10,0.1,0.08553269788390025
86,93,7,0.07,0.1228249913547188
78,89,11,0.11,0.07757113127736374
68,84,16,0.16,0.09939629262313247
78,89,11,0.11,0.09510739338584244
74,87,13,0.13,0.07108711279695853
68,84,16,0.16,0.09003036689013243
72,86,14,0.14,0.1126909816917032
76,88,12,0.12,0.13991853840649127
74,87,13,0.13,0.12609637250192463
70,85,15,0.15,0.10312719556502997
76,88,12,0.12,0.13543979245238005
52,76,24,0.24,0.12293907392770052
72,86,14,0.14,0.11545890116132795
76,88,12,0.12,0.1148025328759104
68,84,16,0.16,0.13055697133764624
68,84,16,0.16,0.10282486081123351
84,92,8,0.08,0.09395138579886407
76,88,12,0.12,0.11437769730109722
68,84,16,0.16,0.0944488826347515
84,92,8,0.08,0.09251990241929889
58,79,21,0.21,0.09677957536652684
96,98,2,0.02,0.12034838506020605
68,84,16,0.16,0.10082326855976134
66,83,17,0.17,0.10868823353899643
70,85,15,0.15,0.12390536535531282
66,83,17,0.17,0.09434335128637031
76,88,12,0.12,0.09041228641755879
74,87,13,0.13,0.10515710588078946
80,90,10,0.1,0.06906604594318196
56,78,22,0.22,0.08635434388648719
84,92,8,0.08,0.10277219873270951
78,89,11,0.11,0.10049633712973445
78,89,11,0.11,0.07276762661058456
64,82,18,0.18,0.09750701724551618
78,89,11,0.11,0.07335266240872443
66,83,17,0.17,0.0742033807374537
72,86,14,0.14,0.07218327173963189
76,88,12,0.12,0.10319633872248232
84,92,8,0.08,0.08320067371823825
64,82,18,0.18,0.0912779191788286
86,93,7,0.07,0.07881425929721445
72,86,14,0.14,0.12116608506068588
68,84,16,0.16,0.12013723162002861
80,90,10,0.1,0.09577993102371693
76,88,12,0.12,0.08065377540886402
70,85,15,0.15,0.14088182868435978
66,83,17,0.17,0.0761468241456896
78,89,11,0.11,0.15480055720545352
76,88,12,0.12,0.08253927072510123
84,92,8,0.08,0.1180959230940789
60,80,20,0.2,0.11718907755799592
82,91,9,0.09,0.11536011439748109
80,90,10,0.1,0.09975150957703591
76,88,12,0.12,0.13403593843337147
80,90,10,0.1,0.10893817937118001
84,92,8,0.08,0.09126466968096793
70,85,15,0.15,0.08327248387970031
76,88,12,0.12,0.09227179980836808
62,81,19,0.19,0.06985455222893507
74,87,13,0.13,0.08650632379110902
72,86,14,0.14,0.08780742963775992
74,87,13,0.13,0.08927700922824443
72,86,14,0.14,0.108464311263524
76,88,12,0.12,0.06677353070117534
72,86,14,0.14,0.06855002683354541
66,83,17,0.17,0.11174658920615911
70,85,15,0.15,0.0960953777236864
68,84,16,0.16,0.13538776211440562
78,89,11,0.11,0.12981457699090243
82,91,9,0.09,0.1226592705049552
66,83,17,0.17,0.12567579559981823
62,81,19,0.19,0.0906271514389664
82,91,9,0.09,0.12874949424527585
84,92,8,0.08,0.09093255336862058
70,85,15,0.15,0.10961210954119452
78,89,11,0.11,0.10568185538286343
80,90,10,0.1,0.09346976519562304
72,86,14,0.14,0.12841021144762635
54,77,23,0.23,0.13285351630765946
50,75,25,0.25,0.1306269408762455
72,86,14,0.14,0.13246193586848676
64,82,18,0.18,0.15058666544035076
78,89,11,0.11,0.11483375830110162
74,87,13,0.13,0.09444966008886695
82,91,9,0.09,0.1079002752690576
88,94,6,0.06,0.08631728488951922
78,89,11,0.11,0.0718998081702739
74,87,13,0.13,0.11981479841750114
82,91,9,0.09,0.1129475976433605
60,80,20,0.2,0.1016631400771439
62,81,19,0.19,0.10664114769082517
76,88,12,0.12,0.1011113072768785
62,81,19,0.19,0.08475946927443147
66,83,17,0.17,0.10698617065325379
78,89,11,0.11,0.11879458595998585
86,93,7,0.07,0.06443626190535724
72,86,14,0.14,0.11178696162998676
70,85,15,0.15,0.0786654077284038
68,84,16,0.16,0.09383778795599937
56,78,22,0.22,0.10831176359206438
76,88,12,0.12,0.0805697949277237
74,87,13,0.13,0.09414885498583317
78,89,11,0.11,0.10417200014460831
66,83,17,0.17,0.095675735110417
70,85,15,0.15,0.08876430737785995
68,84,16,0.16,0.11106059920974076
74,87,13,0.13,0.07503612757194787
74,87,13,0.13,0.11159662513062357
72,86,14,0.14,0.1258053023926914
68,84,16,0.16,0.09655739406123758
64,82,18,0.18,0.11824113988317549
80,90,10,0.1,0.117922180313617
66,83,17,0.17,0.11999611637555063
74,87,13,0.13,0.11908200127538293
74,87,13,0.13,0.09901884288527071
68,84,16,0.16,0.11561128243803978
68,84,16,0.16,0.12425885431468486
60,80,20,0.2,0.1177828264143318
70,85,15,0.15,0.10619424075819552
70,85,15,0.15,0.11433527008164673
76,88,12,0.12,0.08755188658367842
72,86,14,0.14,0.12080002148635685
60,80,20,0.2,0.11520305681973696
78,89,11,0.11,0.11200951715465635
74,87,13,0.13,0.11549503996968269
70,85,15,0.15,0.11829629089683294
70,85,15,0.15,0.11015775685664267
68,84,16,0.16,0.09751517095603049
64,82,18,0.18,0.08099964736495167
70,85,15,0.15,0.09261272123083472
62,81,19,0.19,0.10372830574400722
74,87,13,0.13,0.08294909906573594
84,92,8,0.08,0.11721739971544594
68,84,16,0.16,0.10387385531328619
70,85,15,0.15,0.11029600684065372
70,85,15,0.15,0.08578524932498112
64,82,18,0.18,0.08119088712148369
74,87,13,0.13,0.10587948653846979
72,86,14,0.14,0.08017149556428194
74,87,13,0.13,0.08532567054498941
78,89,11,0.11,0.09639041206333786
72,86,14,0.14,0.09682607694994658
80,90,10,0.1,0.08858203724492342
84,92,8,0.08,0.1100087370723486
54,77,23,0.23,0.11384538654237986
60,80,20,0.2,0.11964590510353446
62,81,19,0.19,0.10992932301945985
66,83,17,0.17,0.12622005367069505
64,82,18,0.18,0.13360751314088704
80,90,10,0.1,0.09883492128457874
74,87,13,0.13,0.10977653659880161
68,84,16,0.16,0.1519505629967898
88,94,6,0.06,0.10916367616504431
62,81,19,0.19,0.12494488499127328
72,86,14,0.14,0.10311553579755127
76,88,12,0.12,0.09815620151348411
90,95,5,0.05,0.10560174943879247
76,88,12,0.12,0.09464312886353582
82,91,9,0.09,0.10630946222692728
64,82,18,0.18,0.11497612778097391
82,91,9,0.09,0.09400604917376768
60,80,20,0.2,0.08314744350733236
70,85,15,0.15,0.12396544523537159
88,94,6,0.06,0.057549908375367526
80,90,10,0.1,0.10051034985110163
60,80,20,0.2,0.11987330649979412
80,90,10,0.1,0.10836389034055173
70,85,15,0.15,0.10560193073935807
86,93,7,0.07,0.08228478851960971
78,89,11,0.11,0.11308841351419688
84,92,8,0.08,0.10499193505384027
74,87,13,0.13,0.06828099064092384
72,86,14,0.14,0.10532454015221447
72,86,14,0.14,0.08680307411588728
64,82,18,0.18,0.11768963062204421
74,87,13,0.13,0.08384456842206418
56,78,22,0.22,0.11664004584774375
64,82,18,0.18,0.10980575505644083
86,93,7,0.07,0.08403180779423565
80,90,10,0.1,0.08498457835055888
70,85,15,0.15,0.0740984221897088
80,90,10,0.1,0.0979310917435214
84,92,8,0.08,0.09099989157170058
68,84,16,0.16,0.130086403391324
82,91,9,0.09,0.10079348757397383
74,87,13,0.13,0.0924396694265306
64,82,18,0.18,0.10263373969122767
60,80,20,0.2,0.0947739092586562
76,88,12,0.12,0.10055744920391589
78,89,11,0.11,0.06761977630201726
66,83,17,0.17,0.0984281452652067
84,92,8,0.08,0.08051664128433914
78,89,11,0.11,0.0813058863976039
72,86,14,0.14,0.0763595702778548
68,84,16,0.16,0.08911355919903144
68,84,16,0.16,0.09211051036138088
76,88,12,0.12,0.10620773660950363
76,88,12,0.12,0.08245209451299161
80,90,10,0.1,0.08304866032674908
76,88,12,0.12,0.06949421931989491
74,87,13,0.13,0.09754139855969697
72,86,14,0.14,0.09261281922459602
86,93,7,0.07,0.0861710862070322
56,78,22,0.22,0.1021254809293896
70,85,15,0.15,0.10351203344762325
84,92,8,0.08,0.09040126310661435
68,84,16,0.16,0.13306211651768535
80,90,10,0.1,0.12201266279444098
92,96,4,0.04,0.09067698318045586
74,87,13,0.13,0.1081235059723258
76,88,12,0.12,0.09337623320403508
68,84,16,0.16,0.09706386396661401
82,91,9,0.09,0.10000030372291803
70,85,15,0.15,0.06899799378588796
78,89,11,0.11,0.09035839273128658
74,87,13,0.13,0.09505771275609731
84,92,8,0.08,0.09685380764538422
84,92,8,0.08,0.08605594280408696
52,76,24,0.24,0.10791307360399514
82,91,9,0.09,0.10651820569299161
74,87,13,0.13,0.0849653542903252
70,85,15,0.15,0.10743828141130507
74,87,13,0.13,0.08968601878732443
62,81,19,0.19,0.11097325201146305
74,87,13,0.13,0.11012788647785783
70,85,15,0.15,0.10095273709855973
78,89,11,0.11,0.08138516083359719
72,86,14,0.14,0.12279145341366529
62,81,19,0.19,0.10560649640858173
64,82,18,0.18,0.09246419209055602
78,89,11,0.11,0.13873749250546097
72,86,14,0.14,0.13306911207269878
78,89,11,0.11,0.10164048700593412
74,87,13,0.13,0.11104704579804092
74,87,13,0.13,0.06897523129358887
78,89,11,0.11,0.08863473703619093
84,92,8,0.08,0.11033255388960242
82,91,9,0.09,0.1061827250989154
60,80,20,0.2,0.12645252958871425
66,83,17,0.17,0.12357643355499022
58,79,21,0.21,0.10605808927677572
60,80,20,0.2,0.1107798979151994
74,87,13,0.13,0.08823931401595474
52,76,24,0.24,0.1092080401442945
76,88,12,0.12,0.11610960213467479
80,90,10,0.1,0.06173048813303467
66,83,17,0.17,0.10155364419333637
70,85,15,0.15,0.10614084823988378
64,82,18,0.18,0.1254784236382693
78,89,11,0.11,0.09631604534573852
68,84,16,0.16,0.0922853765077889
76,88,12,0.12,0.07800284115597605
86,93,7,0.07,0.07137346955947578
72,86,14,0.14,0.10165417650714517
58,79,21,0.21,0.09161711469758302
80,90,10,0.1,0.098251798087731
82,91,9,0.09,0.09862666580360382
68,84,16,0.16,0.07948897175490856
70,85,15,0.15,0.1240937670506537
76,88,12,0.12,0.10118902034126222
84,92,8,0.08,0.1101081182807684
84,92,8,0.08,0.08350177018903196
72,86,14,0.14,0.09138032650575041
78,89,11,0.11,0.08472852003294974
84,92,8,0.08,0.09556709133088588
72,86,14,0.14,0.10400177933275699
76,88,12,0.12,0.08375206123106181
72,86,14,0.14,0.09010278770001605
72,86,14,0.14,0.09349821202456951
54,77,23,0.23,0.11326541224494577
80,90,10,0.1,0.10231319379992783
90,95,5,0.05,0.1161221132054925
74,87,13,0.13,0.09506585611030459
64,82,18,0.18,0.08990094028413295
84,92,8,0.08,0.09926641192287207
70,85,15,0.15,0.10256976110395044
76,88,12,0.12,0.11856042183469981
62,81,19,0.19,0.09707088295836001
82,91,9,0.09,0.09246218741871416
82,91,9,0.09,0.12633839529007673
86,93,7,0.07,0.07043031788431107
88,94,6,0.06,0.10621701871044933
62,81,19,0.19,0.07754698768723756
74,87,13,0.13,0.0802997405640781
82,91,9,0.09,0.14001115993596613
62,81,19,0.19,0.07048068686854095
80,90,10,0.1,0.11333282029256225
56,78,22,0.22,0.10983459249138833
68,84,16,0.16,0.08969468832015991
80,90,10,0.1,0.10016823437996208
72,86,14,0.14,0.11741622004105011
62,81,19,0.19,0.12008402233943344
68,84,16,0.16,0.10284470347687602
66,83,17,0.17,0.08359318380476907
80,90,10,0.1,0.10053984788246453
72,86,14,0.14,0.08568588452413678
80,90,10,0.1,0.1401039160322398
74,87,13,0.13,0.1191319429455325
76,88,12,0.12,0.09336207556072623
76,88,12,0.12,0.07372316587017849
66,83,17,0.17,0.09524551196023821
72,86,14,0.14,0.09086474212817848
66,83,17,0.17,0.11189272773452102
58,79,21,0.21,0.12166523752268404
78,89,11,0.11,0.11715309869032353
58,79,21,0.21,0.13317235176917167
80,90,10,0.1,0.08458399263210595
72,86,14,0.14,0.1255683693382889
72,86,14,0.14,0.1267947394680232
82,91,9,0.09,0.10030903905630112
70,85,15,0.15,0.10578624310903251
90,95,5,0.05,0.10177281287498773
86,93,7,0.07,0.07445584408938885
66,83,17,0.17,0.115685964981094
80,90,10,0.1,0.09401858374476432
64,82,18,0.18,0.11970851371064782
84,92,8,0.08,0.05451500247931108
66,83,17,0.17,0.12070829443633556
84,92,8,0.08,0.06412264295853674
72,86,14,0.14,0.13659012042917312
74,87,13,0.13,0.08467515506781638
70,85,15,0.15,0.12612316415645183
78,89,11,0.11,0.09075653955806047
82,91,9,0.09,0.08680571893230081
78,89,11,0.11,0.12856900066137314
76,88,12,0.12,0.10612563580740243
72,86,14,0.14,0.1113992176624015
56,78,22,0.22,0.08731610934948549
84,92,8,0.08,0.10009427975863218
68,84,16,0.16,0.07646791015285999
66,83,17,0.17,0.11854614267125725
70,85,15,0.15,0.10180785818491131
68,84,16,0.16,0.10467498005367816
74,87,13,0.13,0.12839879838749765
68,84,16,0.16,0.09182018904946744
58,79,21,0.21,0.13205295411869883
76,88,12,0.12,0.08015852296724915
76,88,12,0.12,0.10635386062436737
82,91,9,0.09,0.11842028041370213
76,88,12,0.12,0.07524690267862752
74,87,13,0.13,0.12988566846121102
54,77,23,0.23,0.13961576855741442
80,90,10,0.1,0.057499030008912086
66,83,17,0.17,0.07684533701278269
54,77,23,0.23,0.11957023016177118
54,77,23,0.23,0.10460303953848779
66,83,17,0.17,0.1051124371914193
72,86,14,0.14,0.12504102859646082
78,89,11,0.11,0.09059307216666639
84,92,8,0.08,0.12828420063015072
70,85,15,0.15,0.14491201184689997
82,91,9,0.09,0.10172310541616753
74,87,13,0.13,0.09961963562294841
66,83,17,0.17,0.14389740208163856
82,91,9,0.09,0.12541363041847944
78,89,11,0.11,0.09666189661249519
76,88,12,0.12,0.10001187175046652
64,82,18,0.18,0.12111921837553381
70,85,15,0.15,0.12850587295368313
60,80,20,0.2,0.12926206261850892
54,77,23,0.23,0.10993951268494129
76,88,12,0.12,0.11055700194556266
68,84,16,0.16,0.10658761500380934
84,92,8,0.08,0.11191935773938894
76,88,12,0.12,0.11745298470370472
76,88,12,0.12,0.10012176329735667
82,91,9,0.09,0.11432289495598524
78,89,11,0.11,0.1019718093983829
82,91,9,0.09,0.06271340636303649
70,85,15,0.15,0.08130116441752762
68,84,16,0.16,0.0945240768790245
76,88,12,0.12,0.08973674061708152
58,79,21,0.21,0.10143998387269676
70,85,15,0.15,0.09378105566371232
76,88,12,0.12,0.08861297454684973
64,82,18,0.18,0.07302947980351746
68,84,16,0.16,0.08893878391943871
72,86,14,0.14,0.10504361469298601
78,89,11,0.11,0.055305843017995356
80,90,10,0.1,0.08854684910038486
70,85,15,0.15,0.1263990038004704
76,88,12,0.12,0.10475436054170131
78,89,11,0.11,0.09679661700502037
90,95,5,0.05,0.1319788952008821
88,94,6,0.06,0.0925664879847318
80,90,10,0.1,0.08682373662944882
84,92,8,0.08,0.08680088503286243
66,83,17,0.17,0.10729210199788212
82,91,9,0.09,0.12437646999955178
78,89,11,0.11,0.0836035532807
76,88,12,0.12,0.11113112866645679
72,86,14,0.14,0.08163365147542208
78,89,11,0.11,0.08726836250512861
72,86,14,0.14,0.08286413340712898
58,79,21,0.21,0.08635770974680781
60,80,20,0.2,0.11692781173624098
66,83,17,0.17,0.12612224457785487
78,89,11,0.11,0.12355309939943254
70,85,15,0.15,0.08603321166709066
62,81,19,0.19,0.07923207236453891
82,91,9,0.09,0.07648283469490708
74,87,13,0.13,0.12682217535562812
78,89,11,0.11,0.11127546437084675
76,88,12,0.12,0.06642863483168185
80,90,10,0.1,0.08574645663611591
72,86,14,0.14,0.11089395798742771
64,82,18,0.18,0.10796263562515378
56,78,22,0.22,0.12514688650146127
80,90,10,0.1,0.10587340018711984
74,87,13,0.13,0.10668148485943675
66,83,17,0.17,0.13479494438506662
58,79,21,0.21,0.1103596244379878
70,85,15,0.15,0.1487961102463305
58,79,21,0.21,0.11942393071018159
68,84,16,0.16,0.14819413032382728
72,86,14,0.14,0.1258047415642068
70,85,15,0.15,0.15336069412063807
72,86,14,0.14,0.14213718084618449
80,90,10,0.1,0.12596889494452626
76,88,12,0.12,0.10745074920356273
74,87,13,0.13,0.05406719357706606
70,85,15,0.15,0.11420304520055652
80,90,10,0.1,0.09997714211232961
74,87,13,0.13,0.0901196359563619
70,85,15,0.15,0.11643427119590342
70,85,15,0.15,0.08626767011359333
76,88,12,0.12,0.09427416606340558
70,85,15,0.15,0.1231826426461339
80,90,10,0.1,0.14476749705150724
76,88,12,0.12,0.12215262261219323
60,80,20,0.2,0.09032707567792386
64,82,18,0.18,0.16449293751269578
64,82,18,0.18,0.08302885928889736
68,84,16,0.16,0.09208812261000275
68,84,16,0.16,0.13191117372363806
66,83,17,0.17,0.14887232171371578
72,86,14,0.14,0.10675814660266042
74,87,13,0.13,0.12324526929296553
78,89,11,0.11,0.10584367983974516
74,87,13,0.13,0.09734236155636608
72,86,14,0.14,0.12733158051036297
76,88,12,0.12,0.12326577609404922
72,86,14,0.14,0.12109930761158466
66,83,17,0.17,0.15232724266126751
78,89,11,0.11,0.13653930395375938
80,90,10,0.1,0.11714130803011358
76,88,12,0.12,0.11106705514714121
80,90,10,0.1,0.1081668857531622
70,85,15,0.15,0.12252161451615393
56,78,22,0.22,0.12035676811821759
84,92,8,0.08,0.11109738743864
72,86,14,0.14,0.10247350964229554
68,84,16,0.16,0.09589650879148394
64,82,18,0.18,0.12340218119323254
80,90,10,0.1,0.08588363696821034
78,89,11,0.11,0.12581375969573855
68,84,16,0.16,0.08193630991969257
68,84,16,0.16,0.1431497273221612
72,86,14,0.14,0.08213217196986079
86,93,7,0.07,0.11625019879546017
74,87,13,0.13,0.10224219380412251
80,90,10,0.1,0.09979987747734413
74,87,13,0.13,0.07660087249008939
82,91,9,0.09,0.08823285976424813
70,85,15,0.15,0.09399687780998647
76,88,12,0.12,0.09438223158940673
76,88,12,0.12,0.0949486034642905
72,86,14,0.14,0.09768709995085373
68,84,16,0.16,0.12856789580546318
52,76,24,0.24,0.11706394819542766
72,86,14,0.14,0.10951635187026114
68,84,16,0.16,0.09907499398570507
82,91,9,0.09,0.1196697052847594
82,91,9,0.09,0.11513753868755884
64,82,18,0.18,0.09552682019770145
60,80,20,0.2,0.10426588506437838
62,81,19,0.19,0.09037516438169405
80,90,10,0.1,0.09157990797422827
72,86,14,0.14,0.08842819943092764
82,91,9,0.09,0.07704525690525771
78,89,11,0.11,0.12637661723420024
76,88,12,0.12,0.0788137897150591
72,86,14,0.14,0.055609438880346716
92,96,4,0.04,0.08572095503099263
88,94,6,0.06,0.09043710628058761
78,89,11,0.11,0.12385879657696933
64,82,18,0.18,0.09841555187478662
70,85,15,0.15,0.09574969894485548
80,90,10,0.1,0.11113496415317059
58,79,21,0.21,0.12789883240126074
74,87,13,0.13,0.13768020351417362
70,85,15,0.15,0.09591628762893378
72,86,14,0.14,0.10533412868622691
64,82,18,0.18,0.13240195802412927
80,90,10,0.1,0.10805473936256021
74,87,13,0.13,0.1225746676698327
68,84,16,0.16,0.12511057075113058
66,83,17,0.17,0.12268136642873287
66,83,17,0.17,0.08127655427902937
68,84,16,0.16,0.12478260623291135
82,91,9,0.09,0.08629820461384952
76,88,12,0.12,0.12247435244265943
84,92,8,0.08,0.1030298577575013
80,90,10,0.1,0.0944300743471831
82,91,9,0.09,0.13532554090954363
78,89,11,0.11,0.10721291947178542
66,83,17,0.17,0.13577252271585166
76,88,12,0.12,0.13615094455424695
80,90,10,0.1,0.13905559836886824
66,83,17,0.17,0.11091940584592522
78,89,11,0.11,0.0989057703409344
60,80,20,0.2,0.13803688857238738
72,86,14,0.14,0.10630956653505563
86,93,7,0.07,0.09405508313328027
78,89,11,0.11,0.06066923147533089
76,88,12,0.12,0.10077154691331089
80,90,10,0.1,0.10149509456939995
54,77,23,0.23,0.11436214732006192
72,86,14,0.14,0.11086575322784484
74,87,13,0.13,0.10210440854541958
68,84,16,0.16,0.10437610542401671
74,87,13,0.13,0.08927426781971008
84,92,8,0.08,0.08953850356861949
78,89,11,0.11,0.1037945711798966
68,84,16,0.16,0.08365031955763698
64,82,18,0.18,0.12168434411287307
74,87,13,0.13,0.12813538962975143
74,87,13,0.13,0.11994371878448874
70,85,15,0.15,0.14679547786712646
94,97,3,0.03,0.12558051145169885
84,92,8,0.08,0.12462340307421982
74,87,13,0.13,0.1461209046188742
54,77,23,0.23,0.11889789717271924
92,96,4,0.04,0.09960227430798113
80,90,10,0.1,0.1396416382584721
72,86,14,0.14,0.13707318846136332
70,85,15,0.15,0.11266965503804385
80,90,10,0.1,0.12535436619538814
70,85,15,0.15,0.11719059057999402
74,87,13,0.13,0.11829868290573359
70,85,15,0.15,0.12836925815790892
72,86,14,0.14,0.11478932803496718
82,91,9,0.09,0.11511467826552689
72,86,14,0.14,0.10238614041358232
78,89,11,0.11,0.09360859263688326
82,91,9,0.09,0.14270026343408973
68,84,16,0.16,0.0761469156621024
74,87,13,0.13,0.10701678792014718
72,86,14,0.14,0.12604211296886206
80,90,10,0.1,0.12704595792107284
78,89,11,0.11,0.1072505072876811
68,84,16,0.16,0.11587615843862295
70,85,15,0.15,0.10083271144889296
64,82,18,0.18,0.12138499276712537
70,85,15,0.15,0.1136662526242435
56,78,22,0.22,0.12910003339871765
58,79,21,0.21,0.13275190404616297
74,87,13,0.13,0.12312099115923048
74,87,13,0.13,0.10183736528735608
68,84,16,0.16,0.15832064111717045
78,89,11,0.11,0.10467023551114835
80,90,10,0.1,0.1212377526331693
86,93,7,0.07,0.10768201539758593
90,95,5,0.05,0.11331609426531941
48,74,26,0.26,0.10936759418807923
82,91,9,0.09,0.1138023285055533
68,84,16,0.16,0.08728643034584821
62,81,19,0.19,0.13762463110033424
76,88,12,0.12,0.10498991970904172
90,95,5,0.05,0.13449411852285265
70,85,15,0.15,0.09959082569577732
80,90,10,0.1,0.11851242380216717
66,83,17,0.17,0.09999436917249113
76,88,12,0.12,0.10494699826464057
76,88,12,0.12,0.10790524770505726
74,87,13,0.13,0.11358133004978299
76,88,12,0.12,0.1255477265641093
62,81,19,0.19,0.11610024701803923
68,84,16,0.16,0.11285021552816034
80,90,10,0.1,0.08946443910710514
78,89,11,0.11,0.1256391634233296
80,90,10,0.1,0.08681168066337705
70,85,15,0.15,0.1110427998425439
84,92,8,0.08,0.09532397576607764
84,92,8,0.08,0.10848069973289967
90,95,5,0.05,0.12253916219808161
88,94,6,0.06,0.10836717613041401
80,90,10,0.1,0.09410966351628304
88,94,6,0.06,0.08594377915840595
62,81,19,0.19,0.13111619925126433
78,89,11,0.11,0.07886087249033152
64,82,18,0.18,0.1455848970543593
68,84,16,0.16,0.08230560821481049
78,89,11,0.11,0.11810092309489846
66,83,17,0.17,0.08825020133052021
68,84,16,0.16,0.12386049555614591
76,88,12,0.12,0.08510977189056575
64,82,18,0.18,0.14044763026759027
72,86,14,0.14,0.10058592432178556
70,85,15,0.15,0.14034627815708517
82,91,9,0.09,0.09060869846027345
74,87,13,0.13,0.12068856569007039
72,86,14,0.14,0.10997728624381126
88,94,6,0.06,0.1436416295170784
76,88,12,0.12,0.11947404475882649
86,93,7,0.07,0.08920131420716643
64,82,18,0.18,0.10743688642978669
72,86,14,0.14,0.1366820735577494
64,82,18,0.18,0.11877131380140782
76,88,12,0.12,0.14060950934886932
84,92,8,0.08,0.10656700090039521
72,86,14,0.14,0.10525061419233679
88,94,6,0.06,0.1204633836587891
74,87,13,0.13,0.12116873549297452
62,81,19,0.19,0.11138663709163665
82,91,9,0.09,0.139036707803607
64,82,18,0.18,0.1168053759727627
78,89,11,0.11,0.1098571895249188
62,81,19,0.19,0.11911669287830591
72,86,14,0.14,0.12766493493691086
84,92,8,0.08,0.09859025122597814
86,93,7,0.07,0.14458223535679282
78,89,11,0.11,0.11971940101590008
64,82,18,0.18,0.13580961925908924
72,86,14,0.14,0.11797778261825442
74,87,13,0.13,0.1177582232747227
76,88,12,0.12,0.13000562218483538
70,85,15,0.15,0.12227364069782197
74,87,13,0.13,0.10391640634275973
74,87,13,0.13,0.10481813028454781
68,84,16,0.16,0.13266321629285813
60,80,20,0.2,0.11261517819017172
80,90,10,0.1,0.11097410681657494
76,88,12,0.12,0.1002785041090101
72,86,14,0.14,0.1043087510438636
76,88,12,0.12,0.09744007740169763
72,86,14,0.14,0.1067831579502672
78,89,11,0.11,0.11839694467373192
80,90,10,0.1,0.09329844623804093
78,89,11,0.11,0.09627022109925747
90,95,5,0.05,0.10577773599885404
60,80,20,0.2,0.09968772261403501
72,86,14,0.14,0.08902557996567338
80,90,10,0.1,0.08923333105631173
70,85,15,0.15,0.12130859963595868
60,80,20,0.2,0.11563139574602246
74,87,13,0.13,0.118346327226609
88,94,6,0.06,0.09577132171485574
74,87,13,0.13,0.12787488713860512
62,81,19,0.19,0.10119232522323728
64,82,18,0.18,0.11723968992941082
74,87,13,0.13,0.11899793428834528
82,91,9,0.09,0.09750692773610353
78,89,11,0.11,0.11785825973376632
62,81,19,0.19,0.11592102123424411
68,84,16,0.16,0.12494462197646498
76,88,12,0.12,0.14718644378706813
78,89,11,0.11,0.1357084340043366
74,87,13,0.13,0.11602243758738041
68,84,16,0.16,0.08888192623853683
66,83,17,0.17,0.14001381038688124
84,92,8,0.08,0.1000245874747634
84,92,8,0.08,0.08698317208327352
72,86,14,0.14,0.10512584576848895
74,87,13,0.13,0.11087904441170394
72,86,14,0.14,0.09650702500948682
84,92,8,0.08,0.07593012698693201
74,87,13,0.13,0.08858385484665632
66,83,17,0.17,0.09823927438817918
78,89,11,0.11,0.09292386659421027
72,86,14,0.14,0.09854719882830977
60,80,20,0.2,0.11301251435419545
82,91,9,0.09,0.08112949437461793
82,91,9,0.09,0.08774482659995556
78,89,11,0.11,0.09484969982877374
70,85,15,0.15,0.08766194803174585
68,84,16,0.16,0.12366721632890404
64,82,18,0.18,0.12280580073595047
72,86,14,0.14,0.1263583226222545
78,89,11,0.11,0.1096089477930218
68,84,16,0.16,0.11048387533985078
68,84,16,0.16,0.10106589456088841
86,93,7,0.07,0.09146743571385742
88,94,6,0.06,0.11732970015145838
74,87,13,0.13,0.0893063435703516
80,90,10,0.1,0.08859640763606876
72,86,14,0.14,0.12692328857257962
76,88,12,0.12,0.13415266100317239
68,84,16,0.16,0.12373659344390035
84,92,8,0.08,0.09625074310228228
96,98,2,0.02,0.09590309999417514
82,91,9,0.09,0.12665972442366183
78,89,11,0.11,0.09417732831090689
70,85,15,0.15,0.13217429760843516
70,85,15,0.15,0.08022097808308899
56,78,22,0.22,0.13473126105964184
74,87,13,0.13,0.07500085377134383
60,80,20,0.2,0.14807167084887624
80,90,10,0.1,0.11060552198439837
70,85,15,0.15,0.12489211769774557
76,88,12,0.12,0.09116759035736323
68,84,16,0.16,0.1052142296731472
70,85,15,0.15,0.09280086196493358
74,87,13,0.13,0.10618908836040646
90,95,5,0.05,0.09490817508660257
66,83,17,0.17,0.1181305240187794
68,84,16,0.16,0.09042593148071319
58,79,21,0.21,0.11471811215393245
72,86,14,0.14,0.10895119953900576
68,84,16,0.16,0.12303993638604879
58,79,21,0.21,0.09122520009987056
82,91,9,0.09,0.1269082440622151
90,95,5,0.05,0.11765892822295428
84,92,8,0.08,0.09904611972160637
76,88,12,0.12,0.12474980284459888
68,84,16,0.16,0.1322453030757606
76,88,12,0.12,0.11686604925896972
70,85,15,0.15,0.13455820608884095
74,87,13,0.13,0.13382760007400066
76,88,12,0.12,0.0962902472820133
80,90,10,0.1,0.10795482341200113
86,93,7,0.07,0.06756312795449049
72,86,14,0.14,0.10692372044548393
72,86,14,0.14,0.10899991830810904
56,78,22,0.22,0.13440921043977141
70,85,15,0.15,0.13023501470452176
60,80,20,0.2,0.11948883297853172
74,87,13,0.13,0.10331037698313594
80,90,10,0.1,0.07751189257018268
66,83,17,0.17,0.12266957923769951
86,93,7,0.07,0.11308720914646983
90,95,5,0.05,0.11543611130677163
84,92,8,0.08,0.08243678664322943
70,85,15,0.15,0.11060209765098988
82,91,9,0.09,0.10086314570391551
70,85,15,0.15,0.12131112141534686
68,84,16,0.16,0.12263734826818108
74,87,13,0.13,0.10814137406647205
84,92,8,0.08,0.11244658881798386
62,81,19,0.19,0.11506545174866915
64,82,18,0.18,0.1378360159881413
88,94,6,0.06,0.11519674383103848
80,90,10,0.1,0.12979092596098782
70,85,15,0.15,0.1396551518701017
80,90,10,0.1,0.10759749700315296
82,91,9,0.09,0.11463078720029443
76,88,12,0.12,0.10952330317348241
62,81,19,0.19,0.1452749157976359
64,82,18,0.18,0.1394863325264305
76,88,12,0.12,0.10995341988280416
70,85,15,0.15,0.1445743899140507
54,77,23,0.23,0.10937760074622929
68,84,16,0.16,0.07347006907686592
74,87,13,0.13,0.08538665278349072
76,88,12,0.12,0.06954725599847734
56,78,22,0.22,0.10809171655680984
46,73,27,0.27,0.10918303622864187
82,91,9,0.09,0.11045803441666066
82,91,9,0.09,0.11549778090789914
90,95,5,0.05,0.13432852250989527
86,93,7,0.07,0.11362500253133476
72,86,14,0.14,0.1440682715550065
68,84,16,0.16,0.11831917466595769
90,95,5,0.05,0.10999589406885207
58,79,21,0.21,0.1199051438830793
68,84,16,0.16,0.11426076369360089
72,86,14,0.14,0.1422434072289616
70,85,15,0.15,0.11997990788891912
82,91,9,0.09,0.09679077566601337
84,92,8,0.08,0.09631870675366372
74,87,13,0.13,0.1100310786627233
76,88,12,0.12,0.10391176735050976
66,83,17,0.17,0.0937346873153001
88,94,6,0.06,0.10710046001709998
90,95,5,0.05,0.09390142913907766
62,81,19,0.19,0.11837920430116355
72,86,14,0.14,0.09373671488836408
82,91,9,0.09,0.09340936545282602
74,87,13,0.13,0.08929220114834607
90,95,5,0.05,0.09595824013464153
72,86,14,0.14,0.09711617471650243
78,89,11,0.11,0.10938451658003032
76,88,12,0.12,0.12883262854069472
64,82,18,0.18,0.13035821268334985
72,86,14,0.14,0.11394837548956276
68,84,16,0.16,0.12886285493150354
90,95,5,0.05,0.1098860058374703
74,87,13,0.13,0.10319089052267373
74,87,13,0.13,0.11296305814757943
82,91,9,0.09,0.10955884576309473
68,84,16,0.16,0.09528473544865847
76,88,12,0.12,0.08914170672651381
70,85,15,0.15,0.08263615140225739
66,83,17,0.17,0.08941396462731063
50,75,25,0.25,0.10921291865408421
66,83,17,0.17,0.10984980023466051
70,85,15,0.15,0.11581347059458494
72,86,14,0.14,0.0919317592587322
78,89,11,0.11,0.10418235848657786
84,92,8,0.08,0.09090778185985983
76,88,12,0.12,0.11090038171038032
72,86,14,0.14,0.1379263228783384
70,85,15,0.15,0.11428402507677675
74,87,13,0.13,0.09545853145886213
76,88,12,0.12,0.11501532742753624
66,83,17,0.17,0.10476935799233615
66,83,17,0.17,0.1509890267252922
52,76,24,0.24,0.11138552633114158
70,85,15,0.15,0.13368523247539998
80,90,10,0.1,0.08066229139221832
72,86,14,0.14,0.1303346135513857
62,81,19,0.19,0.10877570854499936
74,87,13,0.13,0.11507971188984811
82,91,9,0.09,0.08237757847178727
76,88,12,0.12,0.10719991322606802
82,91,9,0.09,0.08856610692106187
80,90,10,0.1,0.09796304666670039
78,89,11,0.11,0.1238331993855536
72,86,14,0.14,0.12750410403124987
76,88,12,0.12,0.09477504909038544
82,91,9,0.09,0.10054604211356491
68,84,16,0.16,0.10378273908048868
74,87,13,0.13,0.08582149352878332
70,85,15,0.15,0.1024322055419907
74,87,13,0.13,0.12002840048633516
64,82,18,0.18,0.0962896363530308
78,89,11,0.11,0.09545981154311449
86,93,7,0.07,0.101023188540712
68,84,16,0.16,0.08330090229399502
68,84,16,0.16,0.09705900082364678
82,91,9,0.09,0.09415757425129413
54,77,23,0.23,0.0995923637226224
76,88,12,0.12,0.11435123483650386
84,92,8,0.08,0.1312402432318777
68,84,16,0.16,0.10982941680354998
82,91,9,0.09,0.10464852213859559
88,94,6,0.06,0.122198059624061
70,85,15,0.15,0.10180639887228608
76,88,12,0.12,0.13454885915853082
68,84,16,0.16,0.09762299038469792
68,84,16,0.16,0.10430679878219962
78,89,11,0.11,0.12024430627236143
82,91,9,0.09,0.12968621434643865
78,89,11,0.11,0.09968434844166041
76,88,12,0.12,0.09438567459117621
82,91,9,0.09,0.09571823130827398
62,81,19,0.19,0.10154077412560582
74,87,13,0.13,0.10687641348689794
80,90,10,0.1,0.08334424300119281
58,79,21,0.21,0.09625344017986208
72,86,14,0.14,0.14647622814401984
66,83,17,0.17,0.15763456019572913
74,87,13,0.13,0.10484110926277936
68,84,16,0.16,0.10509009656496346
76,88,12,0.12,0.10474699577316642
76,88,12,0.12,0.10751809371635318
70,85,15,0.15,0.11522919558454305
74,87,13,0.13,0.11305439879186452
70,85,15,0.15,0.11956114777363837
78,89,11,0.11,0.13715973838232456
52,76,24,0.24,0.1493453288078308
74,87,13,0.13,0.1258179846778512
80,90,10,0.1,0.1270656824298203
70,85,15,0.15,0.12489009054377676
64,82,18,0.18,0.1335364304576069
58,79,21,0.21,0.19017357632517815
62,81,19,0.19,0.1355550845246762
70,85,15,0.15,0.12046645924448968
60,80,20,0.2,0.1396310377307236
66,83,17,0.17,0.13719796639401466
76,88,12,0.12,0.13162843830883503
72,86,14,0.14,0.09766307286918163
72,86,14,0.14,0.1099311051517725
76,88,12,0.12,0.1179468348575756
84,92,8,0.08,0.12759852939285338
80,90,10,0.1,0.1294199404399842
82,91,9,0.09,0.10023468083702028
66,83,17,0.17,0.11844517018646002
82,91,9,0.09,0.09315472919959575
88,94,6,0.06,0.11001011603046208
68,84,16,0.16,0.07941767781041563
72,86,14,0.14,0.08937029968481511
74,87,13,0.13,0.112763874984812
78,89,11,0.11,0.10382654577493668
68,84,16,0.16,0.09498213064623996
62,81,19,0.19,0.11547437000088394
62,81,19,0.19,0.12046549689024687
68,84,16,0.16,0.07902086003217847
54,77,23,0.23,0.13293887794949114
76,88,12,0.12,0.1171680945251137
64,82,18,0.18,0.1587746182642877
76,88,12,0.12,0.10616152231115848
58,79,21,0.21,0.1625478784996085
70,85,15,0.15,0.11768717898987234
80,90,10,0.1,0.1512476094206795
76,88,12,0.12,0.08776809089817107
68,84,16,0.16,0.1073363722767681
72,86,14,0.14,0.1002502902969718
80,90,10,0.1,0.12684508979320527
80,90,10,0.1,0.09556429215706885
66,83,17,0.17,0.13118947768583894
80,90,10,0.1,0.10346942518372089
74,87,13,0.13,0.10235195578308776
74,87,13,0.13,0.11850595659110695
70,85,15,0.15,0.08160360728856177
78,89,11,0.11,0.07496858072467148
72,86,14,0.14,0.07815719879232347
74,87,13,0.13,0.08569968618452549
78,89,11,0.11,0.07785150034353137
64,82,18,0.18,0.1268602024856955
78,89,11,0.11,0.10660205164924264
60,80,20,0.2,0.11244467583019287
64,82,18,0.18,0.09567839358001948
74,87,13,0.13,0.09352289497153833
62,81,19,0.19,0.1288882031198591
64,82,18,0.18,0.11490590975619852
68,84,16,0.16,0.11856221603229641
80,90,10,0.1,0.11256953810341656
82,91,9,0.09,0.14186661104671658
76,88,12,0.12,0.0963450294546783
74,87,13,0.13,0.1398024826962501
78,89,11,0.11,0.10095309123396873
78,89,11,0.11,0.1081449577352032
78,89,11,0.11,0.10591951647773384
72,86,14,0.14,0.11875344921834767
62,81,19,0.19,0.12993278831010685
90,95,5,0.05,0.09683374439831822
68,84,16,0.16,0.13615002450533212
72,86,14,0.14,0.08605200296500698
78,89,11,0.11,0.09293400822207332
68,84,16,0.16,0.07515841444022954
78,89,11,0.11,0.093662319034338
74,87,13,0.13,0.07932682735379785
66,83,17,0.17,0.10500633978284896
76,88,12,0.12,0.10612848911434412
76,88,12,0.12,0.10615296366624534
82,91,9,0.09,0.10655690747313201
84,92,8,0.08,0.10271906440146267
84,92,8,0.08,0.09145622638287022
78,89,11,0.11,0.09371466729091481
74,87,13,0.13,0.07543285159394145
80,90,10,0.1,0.09318220696412027
74,87,13,0.13,0.11762660352978856
88,94,6,0.06,0.07091802986804396
82,91,9,0.09,0.07312687877332792
82,91,9,0.09,0.07710004957392812
74,87,13,0.13,0.07792095883749425
68,84,16,0.16,0.07841471632011235
64,82,18,0.18,0.08461707089096308
54,77,23,0.23,0.11684855051338673
72,86,14,0.14,0.11634086420759558
60,80,20,0.2,0.10584811374545097
88,94,6,0.06,0.08448569628410041
72,86,14,0.14,0.11035306165926158
68,84,16,0.16,0.11866545484168455
74,87,13,0.13,0.11511070382315665
84,92,8,0.08,0.1119845310319215
54,77,23,0.23,0.14092705983668566
60,80,20,0.2,0.12462386062368751
64,82,18,0.18,0.13918936567381024
74,87,13,0.13,0.12663058837875724
82,91,9,0.09,0.10990109076723456
54,77,23,0.23,0.13808178286999465
64,82,18,0.18,0.10337764986790716
66,83,17,0.17,0.13317430106457323
76,88,12,0.12,0.11259257116820663
70,85,15,0.15,0.14657195458654315
60,80,20,0.2,0.1087281870096922
72,86,14,0.14,0.09062558150617406
90,95,5,0.05,0.1090521317301318
70,85,15,0.15,0.09578573204576969
92,96,4,0.04,0.0804565157997422
80,90,10,0.1,0.07717007412342354
58,79,21,0.21,0.12684329294599592
70,85,15,0.15,0.08928760313428938
66,83,17,0.17,0.09678772597573698
82,91,9,0.09,0.10696928053745068
86,93,7,0.07,0.10483827746007592
80,90,10,0.1,0.09084864693693817
58,79,21,0.21,0.08323053447064012
64,82,18,0.18,0.16686480092816056
58,79,21,0.21,0.11349922612775117
80,90,10,0.1,0.11385293878614902
76,88,12,0.12,0.15486664328724145
68,84,16,0.16,0.0740924917627126
74,87,13,0.13,0.1441719411686063
90,95,5,0.05,0.10768710985779763
58,79,21,0.21,0.10460452578961849
72,86,14,0.14,0.1410449789557606
72,86,14,0.14,0.10588138655293733
72,86,14,0.14,0.07411585964262485
80,90,10,0.1,0.13193547525443136
70,85,15,0.15,0.11145031460560859
74,87,13,0.13,0.08905810543335974
64,82,18,0.18,0.11179779614321887
84,92,8,0.08,0.12586074590682983
90,95,5,0.05,0.06787770259194076
70,85,15,0.15,0.09135211728047579
86,93,7,0.07,0.06342057613190263
68,84,16,0.16,0.09193186143878847
74,87,13,0.13,0.09268224542029202
70,85,15,0.15,0.1279337842576206
66,83,17,0.17,0.09721718421205879
74,87,13,0.13,0.12019431648426689
88,94,6,0.06,0.0967435402981937
70,85,15,0.15,0.09565659812651575
78,89,11,0.11,0.07701768193393946
78,89,11,0.11,0.09423965707421303
70,85,15,0.15,0.08283513742964715
60,80,20,0.2,0.12278693940490484
74,87,13,0.13,0.09358704447280615
78,89,11,0.11,0.13689486986026167
94,97,3,0.03,0.10645552044734359
72,86,14,0.14,0.13254604834131897
74,87,13,0.13,0.11874332549050451
74,87,13,0.13,0.12234335128217935
82,91,9,0.09,0.09556296817958355
66,83,17,0.17,0.10953743760474026
60,80,20,0.2,0.12203759673982859
80,90,10,0.1,0.10092411871999502
72,86,14,0.14,0.11783931612968444
62,81,19,0.19,0.09274368843995034
68,84,16,0.16,0.1096347172698006
80,90,10,0.1,0.08932318312115967
80,90,10,0.1,0.09278364739380777
64,82,18,0.18,0.12972228892613202
64,82,18,0.18,0.10593955515418202
90,95,5,0.05,0.0869839771091938
60,80,20,0.2,0.09888139013200999
68,84,16,0.16,0.10311047576367854
80,90,10,0.1,0.10275329516269266
70,85,15,0.15,0.10598128453828394
66,83,17,0.17,0.11248424829915166
66,83,17,0.17,0.12957442638929934
62,81,19,0.19,0.12259438497945667
72,86,14,0.14,0.09674322354607284
84,92,8,0.08,0.10998791466467082
84,92,8,0.08,0.1262806553184055
80,90,10,0.1,0.13232890364713967
72,86,14,0.14,0.13890216259285806
92,96,4,0.04,0.07947333414223977
80,90,10,0.1,0.09886035766918212
74,87,13,0.13,0.12000447425991297
58,79,21,0.21,0.11255101744085551
68,84,16,0.16,0.10052070768550038
84,92,8,0.08,0.10727210186887533
82,91,9,0.09,0.09645171250682325
74,87,13,0.13,0.1022971486672759
82,91,9,0.09,0.0816451260773465
76,88,12,0.12,0.07684487017337233
76,88,12,0.12,0.09999482633080334
84,92,8,0.08,0.09666564734652638
84,92,8,0.08,0.12701029176823794
74,87,13,0.13,0.11352948226034641
70,85,15,0.15,0.11376355582848191
74,87,13,0.13,0.09444886267185211
76,88,12,0.12,0.09805240290239453
70,85,15,0.15,0.11183896197006106
62,81,19,0.19,0.09470076021738351
62,81,19,0.19,0.10989014958497137
56,78,22,0.22,0.10828494258224965
70,85,15,0.15,0.1061473110690713
68,84,16,0.16,0.11612832417245954
78,89,11,0.11,0.10568353208713234
62,81,19,0.19,0.11622974753379822
66,83,17,0.17,0.10068258494138718
78,89,11,0.11,0.11811356513760984
88,94,6,0.06,0.11807039533741773
82,91,9,0.09,0.09698514562565834
74,87,13,0.13,0.09225156005471945
72,86,14,0.14,0.09873444774653763
66,83,17,0.17,0.11010198559612036
72,86,14,0.14,0.09696615832392126
90,95,5,0.05,0.091015515322797
76,88,12,0.12,0.10995299917645752
66,83,17,0.17,0.09873168465681374
70,85,15,0.15,0.07501029424369335
94,97,3,0.03,0.09313495560316369
72,86,14,0.14,0.12023433281108736
58,79,21,0.21,0.09669212291017175
74,87,13,0.13,0.10037744496949016
72,86,14,0.14,0.12276522787287832
52,76,24,0.24,0.10448008981067687
72,86,14,0.14,0.09061217118985951
74,87,13,0.13,0.10734968634322285
78,89,11,0.11,0.09806384354829788
54,77,23,0.23,0.0903441922646016
82,91,9,0.09,0.10368916492909193
64,82,18,0.18,0.08930572282057256
74,87,13,0.13,0.08981193638406694
84,92,8,0.08,0.08241555966436863
74,87,13,0.13,0.09682658131234348
82,91,9,0.09,0.14314420019276441
66,83,17,0.17,0.09152550367638469
98,99,1,0.01,0.09237447353079915
72,86,14,0.14,0.09295259072445333
68,84,16,0.16,0.12426041953265667
68,84,16,0.16,0.10111905416473746
72,86,14,0.14,0.12270682966336607
84,92,8,0.08,0.08048262068303302
74,87,13,0.13,0.11666470248252153
76,88,12,0.12,0.1120372214447707
64,82,18,0.18,0.09223780384287238
76,88,12,0.12,0.10134314482565969
58,79,21,0.21,0.10959160172380507
80,90,10,0.1,0.11850124137476087
78,89,11,0.11,0.11542612720280886
86,93,7,0.07,0.12637841287069024
78,89,11,0.11,0.08757619641721248
80,90,10,0.1,0.14708449520170688
80,90,10,0.1,0.117340605026111
78,89,11,0.11,0.1112515545077622
76,88,12,0.12,0.09437474879436195
84,92,8,0.08,0.06990615291986614
62,81,19,0.19,0.09591338838450611
84,92,8,0.08,0.1056689322926104
80,90,10,0.1,0.1276535270304885
74,87,13,0.13,0.123629219988361
78,89,11,0.11,0.09634232800919562
62,81,19,0.19,0.10707705794367939
58,79,21,0.21,0.11903500409564004
70,85,15,0.15,0.09944144301116467
76,88,12,0.12,0.08682253830134869
82,91,9,0.09,0.08975682797841728
60,80,20,0.2,0.10877625491470098
74,87,13,0.13,0.08484104785602539
60,80,20,0.2,0.1013218733528629
88,94,6,0.06,0.09480410674586892
80,90,10,0.1,0.06803121383069083
74,87,13,0.13,0.1135042408760637
88,94,6,0.06,0.10972850038670004
88,94,6,0.06,0.08976574977859855
74,87,13,0.13,0.08351001195143909
84,92,8,0.08,0.07681284725200385
84,92,8,0.08,0.11085382447112352
82,91,9,0.09,0.11114785901736468
88,94,6,0.06,0.07646642124513164
76,88,12,0.12,0.08839597384445369
64,82,18,0.18,0.1064762325771153
64,82,18,0.18,0.07320843026041984
72,86,14,0.14,0.09079771074233577
72,86,14,0.14,0.0924428239732515
90,95,5,0.05,0.09947913736570627
80,90,10,0.1,0.09532242330722511
64,82,18,0.18,0.10010493000969291
86,93,7,0.07,0.07695974950678647
82,91,9,0.09,0.09511560757644474
78,89,11,0.11,0.10366089685820043
78,89,11,0.11,0.09735204386990517
72,86,14,0.14,0.08088010421255604
74,87,13,0.13,0.11071171236224472
76,88,12,0.12,0.08335599284153432
78,89,11,0.11,0.08339199960231782
86,93,7,0.07,0.08207977193407714
84,92,8,0.08,0.11089392066001892
82,91,9,0.09,0.10487766234204172
70,85,15,0.15,0.10427300039678812
96,98,2,0.02,0.1172913679573685
84,92,8,0.08,0.09016401119530201
84,92,8,0.08,0.10361084980890155
66,83,17,0.17,0.09772602314129472
62,81,19,0.19,0.1281508612027392
74,87,13,0.13,0.11266004459932447
82,91,9,0.09,0.10482693701982498
78,89,11,0.11,0.09792798939626664
72,86,14,0.14,0.09074961030855774
56,78,22,0.22,0.12000126226805151
74,87,13,0.13,0.11594807458110154
90,95,5,0.05,0.10164980449248105
68,84,16,0.16,0.11280744321644307
58,79,21,0.21,0.13756082905456424
64,82,18,0.18,0.12642093046568334
74,87,13,0.13,0.1537426283583045
70,85,15,0.15,0.11475493783131242
74,87,13,0.13,0.10032049471512437
72,86,14,0.14,0.11692387467250227
62,81,19,0.19,0.12966651724651457
72,86,14,0.14,0.10761650417000056
76,88,12,0.12,0.11338842174038291
72,86,14,0.14,0.10659572724252939
76,88,12,0.12,0.11141089793294669
80,90,10,0.1,0.10620093752164393
66,83,17,0.17,0.15495488038286567
76,88,12,0.12,0.0900132155418396
64,82,18,0.18,0.09771366429282352
88,94,6,0.06,0.10261341390665621
62,81,19,0.19,0.11371053459122776
78,89,11,0.11,0.10030768679454923
74,87,13,0.13,0.10541881278157234
54,77,23,0.23,0.14382617073133588
80,90,10,0.1,0.09959028299956117
74,87,13,0.13,0.13050079384818672
82,91,9,0.09,0.14211199041455985
72,86,14,0.14,0.09943420015741139
64,82,18,0.18,0.12191786702722311
80,90,10,0.1,0.13802979794330894
50,75,25,0.25,0.09562215404119342
50,75,25,0.25,0.1494278450123966
80,90,10,0.1,0.13608823695220054
86,93,7,0.07,0.09932359254453331
76,88,12,0.12,0.10633722954429686
72,86,14,0.14,0.11563689244911074
90,95,5,0.05,0.0657702043117024
74,87,13,0.13,0.10433557787910104
78,89,11,0.11,0.09566942100878804
78,89,11,0.11,0.08786266723647713
74,87,13,0.13,0.057341609015129504
76,88,12,0.12,0.0841385907214135
78,89,11,0.11,0.08637356974650175
84,92,8,0.08,0.07735634083859623
78,89,11,0.11,0.07212230674456804
86,93,7,0.07,0.07848392432089896
62,81,19,0.19,0.09809557357802987
62,81,19,0.19,0.11378053897991776
80,90,10,0.1,0.09972409183159471
78,89,11,0.11,0.0943606110010296
68,84,16,0.16,0.09214830072596669
70,85,15,0.15,0.0883208972029388
74,87,13,0.13,0.10567122926004231
78,89,11,0.11,0.11719131394289434
84,92,8,0.08,0.12350158777087927
58,79,21,0.21,0.1405796667188406
90,95,5,0.05,0.10454057356808334
66,83,17,0.17,0.12343188009224831
68,84,16,0.16,0.11438647759146989
62,81,19,0.19,0.13261089276056737
78,89,11,0.11,0.14299855734221636
84,92,8,0.08,0.12728468615561725
70,85,15,0.15,0.09951757968403399
66,83,17,0.17,0.11327944156713783
80,90,10,0.1,0.11184483454562724
68,84,16,0.16,0.11696237161871977
44,72,28,0.28,0.09912718684412539
60,80,20,0.2,0.1049696041457355
66,83,17,0.17,0.12166671239770949
76,88,12,0.12,0.11871421441435814
68,84,16,0.16,0.09633770263753831
80,90,10,0.1,0.09951628477312624
58,79,21,0.21,0.12004675061441958
76,88,12,0.12,0.1270928812585771
82,91,9,0.09,0.10696222013793885
72,86,14,0.14,0.13216321408748627
84,92,8,0.08,0.08895784604828805
82,91,9,0.09,0.13129099381621928
70,85,15,0.15,0.09518565135542303
72,86,14,0.14,0.14657933054491878
68,84,16,0.16,0.15113183053210377
74,87,13,0.13,0.07403625627979636
54,77,23,0.23,0.14301706861704588
76,88,12,0.12,0.14391848843544722
80,90,10,0.1,0.09665482193697245
54,77,23,0.23,0.13896407574415207
74,87,13,0.13,0.11722492839209736
66,83,17,0.17,0.16059026533737777
66,83,17,0.17,0.1382604679837823
68,84,16,0.16,0.1449029692588374
82,91,9,0.09,0.09964163238415495
70,85,15,0.15,0.12185906123369933
86,93,7,0.07,0.06819576324429363
68,84,16,0.16,0.14909851502627133
74,87,13,0.13,0.12493777876719832
80,90,10,0.1,0.08902927937917411
62,81,19,0.19,0.14633355498313905
64,82,18,0.18,0.12937478557229043
56,78,22,0.22,0.10576685431413352
78,89,11,0.11,0.1305988909001462
60,80,20,0.2,0.10380555547308176
76,88,12,0.12,0.09223308701068163
76,88,12,0.12,0.12118788824416697
74,87,13,0.13,0.08910161677515134
70,85,15,0.15,0.09669068588875235
70,85,15,0.15,0.11469526723027229
62,81,19,0.19,0.07909147520549595
64,82,18,0.18,0.1207805285230279
92,96,4,0.04,0.0980989736225456
78,89,11,0.11,0.12147094372659922
82,91,9,0.09,0.08802786582615227
78,89,11,0.11,0.11425367277115583
70,85,15,0.15,0.08664266748353838
82,91,9,0.09,0.09688987139612436
80,90,10,0.1,0.08971793812233955
72,86,14,0.14,0.12234252478927374
74,87,13,0.13,0.13139987683389337
84,92,8,0.08,0.08069993952289224
80,90,10,0.1,0.12136343626305461
76,88,12,0.12,0.09473142495378852
74,87,13,0.13,0.0971855335123837
86,93,7,0.07,0.10908670755103231
76,88,12,0.12,0.09986796704120934
68,84,16,0.16,0.115216030664742
70,85,15,0.15,0.12094719159416854
76,88,12,0.12,0.1070849109813571
64,82,18,0.18,0.11784768896177411
82,91,9,0.09,0.09849397688638419
76,88,12,0.12,0.130208583176136
70,85,15,0.15,0.07591669112443925
76,88,12,0.12,0.08855126109905541
64,82,18,0.18,0.08328576995059848
52,76,24,0.24,0.14775298841297627
78,89,11,0.11,0.0705130639579147
66,83,17,0.17,0.13712512156926096
86,93,7,0.07,0.11006287068128585
80,90,10,0.1,0.1032149347756058
86,93,7,0.07,0.10860013586468995
68,84,16,0.16,0.12505173817276954
76,88,12,0.12,0.13540260331705212
76,88,12,0.12,0.09767490768805147
64,82,18,0.18,0.11925291763618588
80,90,10,0.1,0.09892117775045335
78,89,11,0.11,0.09346872340887785
80,90,10,0.1,0.0933576501859352
86,93,7,0.07,0.08597955818288028
70,85,15,0.15,0.09193160493858159
72,86,14,0.14,0.10774440349079668
76,88,12,0.12,0.11970629727467895
84,92,8,0.08,0.10083370272768662
82,91,9,0.09,0.11530158610083163
86,93,7,0.07,0.10525413975119591
80,90,10,0.1,0.0985907234903425
74,87,13,0.13,0.10294654803350568
76,88,12,0.12,0.1219219627417624
80,90,10,0.1,0.12959222516044974
88,94,6,0.06,0.10748317680321634
62,81,19,0.19,0.12332819750532507
58,79,21,0.21,0.1394209430553019
72,86,14,0.14,0.13858728986233473
88,94,6,0.06,0.14315200731158256
82,91,9,0.09,0.14802587078884244
74,87,13,0.13,0.12433319267816842
78,89,11,0.11,0.12812138559296726
62,81,19,0.19,0.1250029389373958
76,88,12,0.12,0.11831835065037012
90,95,5,0.05,0.10769903786014766
64,82,18,0.18,0.10504094772972167
74,87,13,0.13,0.10042534791864455
72,86,14,0.14,0.08824505955912172
68,84,16,0.16,0.10453078798949718
64,82,18,0.18,0.09536971372552216
66,83,17,0.17,0.09993823094060644
66,83,17,0.17,0.11034205617383122
72,86,14,0.14,0.11256321454420685
56,78,22,0.22,0.11407973233610391
74,87,13,0.13,0.14608288789168
76,88,12,0.12,0.14416785664856435
80,90,10,0.1,0.13385106511414052
76,88,12,0.12,0.09030153464525938
78,89,11,0.11,0.12933749096468092
62,81,19,0.19,0.09245571156032384
68,84,16,0.16,0.1439105829410255
70,85,15,0.15,0.13064276918768883
72,86,14,0.14,0.10925719905877486
82,91,9,0.09,0.08080891029909253
88,94,6,0.06,0.1304770229011774
76,88,12,0.12,0.11025654125958681
78,89,11,0.11,0.08293638372793793
78,89,11,0.11,0.084647844908759
88,94,6,0.06,0.07982310899533332
66,83,17,0.17,0.09091400311328471
62,81,19,0.19,0.0856557893846184
72,86,14,0.14,0.09362153372960165
74,87,13,0.13,0.10051677746698261
64,82,18,0.18,0.09636767374351621
80,90,10,0.1,0.08396374952979385
56,78,22,0.22,0.1195818231254816
60,80,20,0.2,0.11920171892270445
60,80,20,0.2,0.11717759071849286
68,84,16,0.16,0.09965235503390431
74,87,13,0.13,0.09850591417402028
64,82,18,0.18,0.0987134366761893
74,87,13,0.13,0.12040034035220742
88,94,6,0.06,0.10217722334899008
76,88,12,0.12,0.08314575509633869
60,80,20,0.2,0.11860689297085628
80,90,10,0.1,0.09791840354911983
60,80,20,0.2,0.1091294863075018
64,82,18,0.18,0.12257343453122303
70,85,15,0.15,0.09402444025268779
88,94,6,0.06,0.09866864539217204
78,89,11,0.11,0.08033065085299312
64,82,18,0.18,0.07356232143938542
70,85,15,0.15,0.11659528914839029
80,90,10,0.1,0.12148558438755572
68,84,16,0.16,0.10144486859440803
70,85,15,0.15,0.11326860192231834
74,87,13,0.13,0.10238238804973662
76,88,12,0.12,0.13209012432023884
86,93,7,0.07,0.10173840192146599
88,94,6,0.06,0.08021807495970279
64,82,18,0.18,0.09534431002102792
70,85,15,0.15,0.11319715617224574
78,89,11,0.11,0.12848449354991318
68,84,16,0.16,0.11326450263615698
62,81,19,0.19,0.08700684490147978
66,83,17,0.17,0.09009845023043454
78,89,11,0.11,0.09778023345977999
70,85,15,0.15,0.12543818295933307
72,86,14,0.14,0.08898435276467354
82,91,9,0.09,0.086812979192473
66,83,17,0.17,0.07178556563332678
70,85,15,0.15,0.10155388207174837
72,86,14,0.14,0.10506995839066803
88,94,6,0.06,0.10623363417573273
76,88,12,0.12,0.12970325363799928
78,89,11,0.11,0.07297068521846085
74,87,13,0.13,0.07831068900413811
78,89,11,0.11,0.0955577153316699
78,89,11,0.11,0.08903314314316958
96,98,2,0.02,0.0848287477530539
84,92,8,0.08,0.10657036890741438
76,88,12,0.12,0.10898271966259926
76,88,12,0.12,0.07868358523584902
90,95,5,0.05,0.06449081181082875
78,89,11,0.11,0.09825453372672201
82,91,9,0.09,0.07497001422569155
58,79,21,0.21,0.08232634889194741
86,93,7,0.07,0.09173440553247929
68,84,16,0.16,0.08685669739730656
62,81,19,0.19,0.07285824644844979
56,78,22,0.22,0.08949794608633965
62,81,19,0.19,0.10036144639365376
78,89,11,0.11,0.12033648010343313
86,93,7,0.07,0.10046643766574562
70,85,15,0.15,0.10998353361152112
84,92,8,0.08,0.08579142516478896
72,86,14,0.14,0.12760659199208021
74,87,13,0.13,0.14034233395010232
60,80,20,0.2,0.12900875583291055
66,83,17,0.17,0.12044044786132872
70,85,15,0.15,0.1234366498561576
70,85,15,0.15,0.09044489802792668
86,93,7,0.07,0.1037354579102248
72,86,14,0.14,0.09232334276661276
52,76,24,0.24,0.11147321899421513
80,90,10,0.1,0.07864590706303716
74,87,13,0.13,0.11164566203020514
84,92,8,0.08,0.09134965234436095
86,93,7,0.07,0.09041041149292141
82,91,9,0.09,0.11130546250380575
64,82,18,0.18,0.10985551541671157
72,86,14,0.14,0.08405587061773985
80,90,10,0.1,0.09549710285384208
68,84,16,0.16,0.0861455749347806
72,86,14,0.14,0.11986005978658795
68,84,16,0.16,0.10849675251170993
82,91,9,0.09,0.10534001530148089
66,83,17,0.17,0.11792037892155349
74,87,13,0.13,0.0925630751810968
62,81,19,0.19,0.09813500355929136
78,89,11,0.11,0.08844026131555438
76,88,12,0.12,0.09632144997362048
82,91,9,0.09,0.09940914513543248
60,80,20,0.2,0.15329461983405054
68,84,16,0.16,0.11815023028291761
78,89,11,0.11,0.13875231971964241
66,83,17,0.17,0.09980725957080722
76,88,12,0.12,0.11084206460043788
82,91,9,0.09,0.10201166753191501
72,86,14,0.14,0.1272371690534055
86,93,7,0.07,0.12122932894155383
78,89,11,0.11,0.12121089129708708
80,90,10,0.1,0.117628194084391
68,84,16,0.16,0.08743099984712899
82,91,9,0.09,0.08045618686825037
64,82,18,0.18,0.07603928850032389
62,81,19,0.19,0.1130826354213059
74,87,13,0.13,0.09530165357980877
80,90,10,0.1,0.06091604018583894
86,93,7,0.07,0.06751093527302146
76,88,12,0.12,0.11482120950706304
82,91,9,0.09,0.08664443460293114
78,89,11,0.11,0.09550538633018732
70,85,15,0.15,0.11641222757287323
70,85,15,0.15,0.13977667509578168
66,83,17,0.17,0.1287427419796586
68,84,16,0.16,0.10842999999877065
62,81,19,0.19,0.10922201927751303
88,94,6,0.06,0.07787569894455373
76,88,12,0.12,0.11326306646689772
76,88,12,0.12,0.1096403075195849
58,79,21,0.21,0.11036940975114704
76,88,12,0.12,0.10047240726649762
78,89,11,0.11,0.08647685875184834
66,83,17,0.17,0.10757450249046087
68,84,16,0.16,0.1350778524763882
74,87,13,0.13,0.11134420681279153
86,93,7,0.07,0.10603174496442079
74,87,13,0.13,0.11662106344476342
74,87,13,0.13,0.12710851075127721
72,86,14,0.14,0.11915715983137488
86,93,7,0.07,0.08911731911357493
76,88,12,0.12,0.12044453386217356
60,80,20,0.2,0.1275162954814732
72,86,14,0.14,0.11460034451447428
72,86,14,0.14,0.1031039334461093
76,88,12,0.12,0.09294781540520489
72,86,14,0.14,0.1102549643907696
78,89,11,0.11,0.12273675347678363
80,90,10,0.1,0.0935864975117147
70,85,15,0.15,0.09857853791676462
76,88,12,0.12,0.10887606096453965
66,83,17,0.17,0.09493717013392597
76,88,12,0.12,0.10664521716535091
66,83,17,0.17,0.10533783318474889
68,84,16,0.16,0.11435259399469942
76,88,12,0.12,0.10693985952064394
76,88,12,0.12,0.0898168933391571
64,82,18,0.18,0.09696588937193155
68,84,16,0.16,0.08543796341866255
66,83,17,0.17,0.10452350897248834
88,94,6,0.06,0.07756098637357355
78,89,11,0.11,0.07800761104095727
78,89,11,0.11,0.0829297869000584
78,89,11,0.11,0.07629716499708593
74,87,13,0.13,0.08346065963618457
82,91,9,0.09,0.11930076838005334
78,89,11,0.11,0.08069815657101571
76,88,12,0.12,0.08062588957604021
78,89,11,0.11,0.09570411393418908
72,86,14,0.14,0.12119405642384663
60,80,20,0.2,0.0984056920837611
90,95,5,0.05,0.08138712586835027
76,88,12,0.12,0.07370664227753877
74,87,13,0.13,0.08596423958893866
90,95,5,0.05,0.06936253776366356
68,84,16,0.16,0.09643528761342168
60,80,20,0.2,0.12700551662128418
60,80,20,0.2,0.11226408513262869
86,93,7,0.07,0.09968804420437664
80,90,10,0.1,0.10361008771695196
76,88,12,0.12,0.12012747745960951
70,85,15,0.15,0.1288769804686308
74,87,13,0.13,0.1017319107055664
84,92,8,0.08,0.10566567809320987
84,92,8,0.08,0.09299967419356107
58,79,21,0.21,0.11996266282396391
78,89,11,0.11,0.09859199181199074
72,86,14,0.14,0.09334905292838812
72,86,14,0.14,0.1045872496208176
82,91,9,0.09,0.08318386406172067
76,88,12,0.12,0.13865108277648688
70,85,15,0.15,0.10898399839177728
60,80,20,0.2,0.11779632546007633
76,88,12,0.12,0.12892605133354665
66,83,17,0.17,0.13286978887394071
80,90,10,0.1,0.10658702695742249
52,76,24,0.24,0.1294078128458932
72,86,14,0.14,0.1315055202320218
72,86,14,0.14,0.157828755043447
78,89,11,0.11,0.1355968072079122
74,87,13,0.13,0.13333274621516467
76,88,12,0.12,0.09714630281552672
94,97,3,0.03,0.07593205914832651
76,88,12,0.12,0.10897146097384393
82,91,9,0.09,0.11860299287363887
70,85,15,0.15,0.12550443678162992
72,86,14,0.14,0.11721586227882654
74,87,13,0.13,0.09930697624571622
84,92,8,0.08,0.11108644001185894
68,84,16,0.16,0.11349012347869575
76,88,12,0.12,0.08870228486601263
76,88,12,0.12,0.10533449740149081
80,90,10,0.1,0.11717487093992532
80,90,10,0.1,0.10880650248611345
54,77,23,0.23,0.10417830388061702
54,77,23,0.23,0.13206232324242592
60,80,20,0.2,0.09181121359579265
56,78,22,0.22,0.1109963995218277
58,79,21,0.21,0.09336684586014599
76,88,12,0.12,0.1007198907993734
70,85,15,0.15,0.13442264990881087
82,91,9,0.09,0.11932298801839351
74,87,13,0.13,0.09478303985670208
62,81,19,0.19,0.1442770456895232
82,91,9,0.09,0.09287507739849389
66,83,17,0.17,0.11651334814727306
68,84,16,0.16,0.08698135119862854
80,90,10,0.1,0.09271051909774541
68,84,16,0.16,0.09611267453059553
76,88,12,0.12,0.11061352886725218
68,84,16,0.16,0.1167223512288183
78,89,11,0.11,0.10393163445405662
76,88,12,0.12,0.09774597579147666
78,89,11,0.11,0.0911975058214739
60,80,20,0.2,0.10250191730447114
64,82,18,0.18,0.09977744416333735
62,81,19,0.19,0.08686781668104232
66,83,17,0.17,0.12060455948114396
76,88,12,0.12,0.1460168811911717
86,93,7,0.07,0.07837667359039187
70,85,15,0.15,0.10465366618707776
68,84,16,0.16,0.12216923013329506
80,90,10,0.1,0.07928935617674142
86,93,7,0.07,0.06534076891141012
74,87,13,0.13,0.10423335164785386
68,84,16,0.16,0.10391646587988362
60,80,20,0.2,0.10449392662849277
80,90,10,0.1,0.09147288509411737
78,89,11,0.11,0.10388676242902875
72,86,14,0.14,0.09880161609500647
74,87,13,0.13,0.08943376375362277
80,90,10,0.1,0.14317245095968245
66,83,17,0.17,0.12088178385049105
66,83,17,0.17,0.11424727131612598
78,89,11,0.11,0.1100322656519711
68,84,16,0.16,0.1223532630316913
78,89,11,0.11,0.13296452146954835
60,80,20,0.2,0.1155874840170145
64,82,18,0.18,0.11191046433523297
74,87,13,0.13,0.12204695664346218
92,96,4,0.04,0.11932478856295348
58,79,21,0.21,0.12946753449738024
90,95,5,0.05,0.11985396699979901
88,94,6,0.06,0.12319977635517716
86,93,7,0.07,0.1284909561323002
50,75,25,0.25,0.14204942519776523
86,93,7,0.07,0.11647533755283802
88,94,6,0.06,0.12650941998232157
80,90,10,0.1,0.10260716009419411
82,91,9,0.09,0.09991574328392744
80,90,10,0.1,0.10800084628164769
78,89,11,0.11,0.10694787587970495
80,90,10,0.1,0.09457706165965646
56,78,22,0.22,0.11650317798368633
64,82,18,0.18,0.12057035943493247
76,88,12,0.12,0.1294458136241883
84,92,8,0.08,0.09070604420732707
74,87,13,0.13,0.09386280501261353
74,87,13,0.13,0.11180136076174677
74,87,13,0.13,0.10606338681653142
70,85,15,0.15,0.10338784536346793
68,84,16,0.16,0.1215471480647102
80,90,10,0.1,0.09839012114331126
86,93,7,0.07,0.08336457741446793
70,85,15,0.15,0.07806877731345593
72,86,14,0.14,0.07458459843881428
84,92,8,0.08,0.11471435811370612
74,87,13,0.13,0.11567319307476281
74,87,13,0.13,0.14191338028525935
86,93,7,0.07,0.09266465021762997
62,81,19,0.19,0.13510353778488934
66,83,17,0.17,0.10975911702960729
86,93,7,0.07,0.12582975679077207
82,91,9,0.09,0.1222899392619729
76,88,12,0.12,0.11867552722338587
68,84,16,0.16,0.14366800358053297
70,85,15,0.15,0.1300624957101536
76,88,12,0.12,0.12152253402397037
82,91,9,0.09,0.10982103194110096
70,85,15,0.15,0.12070870606228709
68,84,16,0.16,0.1230015010945499
68,84,16,0.16,0.0850913929240778
78,89,11,0.11,0.11700614396482706
66,83,17,0.17,0.14144148422405123
64,82,18,0.18,0.15100825259462
80,90,10,0.1,0.1362634886894375
74,87,13,0.13,0.1261922086030245
82,91,9,0.09,0.10420946131460368
94,97,3,0.03,0.12283835908398032
66,83,17,0.17,0.14132077431306242
72,86,14,0.14,0.11102314434945583
82,91,9,0.09,0.10493647667579353
94,97,3,0.03,0.0969185633584857
86,93,7,0.07,0.12311802545562386
78,89,11,0.11,0.13183030453510583
72,86,14,0.14,0.11122573312139139
80,90,10,0.1,0.1325861497875303
74,87,13,0.13,0.1277517533954233
84,92,8,0.08,0.10170775974169373
66,83,17,0.17,0.0999137814482674
78,89,11,0.11,0.1018961654510349
84,92,8,0.08,0.09371117524802684
74,87,13,0.13,0.08937677933834492
88,94,6,0.06,0.08901817595586181
62,81,19,0.19,0.10580202911049127
68,84,16,0.16,0.08049883344210684
84,92,8,0.08,0.11931035796180367
66,83,17,0.17,0.08639506049454213
86,93,7,0.07,0.1286073604039848
74,87,13,0.13,0.0893701091920957
66,83,17,0.17,0.10628697547595949
84,92,8,0.08,0.12024935903027653
78,89,11,0.11,0.12038461854681373
74,87,13,0.13,0.11253292952664197
82,91,9,0.09,0.11832470329012722
66,83,17,0.17,0.09901178060565144
74,87,13,0.13,0.12320476729422808
78,89,11,0.11,0.08937641028780491
74,87,13,0.13,0.1095086622890085
76,88,12,0.12,0.08311991070397198
76,88,12,0.12,0.07397534258663654
84,92,8,0.08,0.11328143240883946
94,97,3,0.03,0.06769486212637275
88,94,6,0.06,0.11705844730138779
80,90,10,0.1,0.08703766244463623
76,88,12,0.12,0.09898816504515708
76,88,12,0.12,0.09252585060428828
74,87,13,0.13,0.10567973658442498
78,89,11,0.11,0.06772353858686983
64,82,18,0.18,0.1243691966868937
62,81,19,0.19,0.06284979627176654
78,89,11,0.11,0.08497144903987647
58,79,21,0.21,0.112599988123402
82,91,9,0.09,0.08715215677395463
68,84,16,0.16,0.12181198864243925
80,90,10,0.1,0.11645729664247483
74,87,13,0.13,0.1148093919828534
78,89,11,0.11,0.10279675703961402
60,80,20,0.2,0.1323781415261328
60,80,20,0.2,0.14925069961696863
82,91,9,0.09,0.12009543290827424
90,95,5,0.05,0.11583133866079151
80,90,10,0.1,0.0982212093565613
74,87,13,0.13,0.12242858411744237
56,78,22,0.22,0.12129238829016685
80,90,10,0.1,0.12400228003039956
74,87,13,0.13,0.11962681470438838
76,88,12,0.12,0.12503403857117518
84,92,8,0.08,0.1056774646230042
72,86,14,0.14,0.11338635354302823
80,90,10,0.1,0.13503993526101113
80,90,10,0.1,0.10104588065296412
82,91,9,0.09,0.13285086173564195
64,82,18,0.18,0.11676450405269861
78,89,11,0.11,0.11889986718073488
88,94,6,0.06,0.09232390297576785
70,85,15,0.15,0.11172355101443827
76,88,12,0.12,0.1476071099564433
70,85,15,0.15,0.13139409138821065
90,95,5,0.05,0.10002753703854977
78,89,11,0.11,0.09808070143219083
60,80,20,0.2,0.1290613637305796
70,85,15,0.15,0.13272914978675543
72,86,14,0.14,0.12097017504274846
84,92,8,0.08,0.10499889550730586
82,91,9,0.09,0.106919702347368
76,88,12,0.12,0.10682382651139051
66,83,17,0.17,0.11569624681957066
66,83,17,0.17,0.11113331822678446
56,78,22,0.22,0.11979676021263003
88,94,6,0.06,0.09810527961235493
44,72,28,0.28,0.16602869596565142
66,83,17,0.17,0.11547740078531206
72,86,14,0.14,0.1290986683499068
60,80,20,0.2,0.10938374400138855
86,93,7,0.07,0.11006919289007783
68,84,16,0.16,0.1446996509283781
78,89,11,0.11,0.11445845451205969
72,86,14,0.14,0.09132703595794738
82,91,9,0.09,0.12566710328683256
72,86,14,0.14,0.1137008786946535
78,89,11,0.11,0.08398239696398377
62,81,19,0.19,0.09464284129906446
68,84,16,0.16,0.08291635027155281
72,86,14,0.14,0.11307003316469491
86,93,7,0.07,0.09260965188033879
82,91,9,0.09,0.12439444428309798
82,91,9,0.09,0.12295521775260568
82,91,9,0.09,0.13223981635645032
66,83,17,0.17,0.13086140817962588
86,93,7,0.07,0.09215041288174688
70,85,15,0.15,0.08522473597433418
66,83,17,0.17,0.11619558911537751
74,87,13,0.13,0.10154765848536045
60,80,20,0.2,0.1315684724971652
70,85,15,0.15,0.13045031640678645
70,85,15,0.15,0.11242693920619785
74,87,13,0.13,0.1099158970825374
72,86,14,0.14,0.09813125592656434
78,89,11,0.11,0.10497659764252604
68,84,16,0.16,0.10562156267464161
56,78,22,0.22,0.12698316952679306
72,86,14,0.14,0.11017828921787441
66,83,17,0.17,0.11960213754326104
78,89,11,0.11,0.10447584549896419
82,91,9,0.09,0.10870592873543501
88,94,6,0.06,0.08577534887939692
76,88,12,0.12,0.08903759160079062
68,84,16,0.16,0.11730791065841913
72,86,14,0.14,0.12082088369876147
70,85,15,0.15,0.11362402961123735
78,89,11,0.11,0.08728523055557162
78,89,11,0.11,0.09656675383448601
78,89,11,0.11,0.0912660332582891
78,89,11,0.11,0.10939122086390853
68,84,16,0.16,0.1358946784865111
70,85,15,0.15,0.11868555458262563
74,87,13,0.13,0.13624428909271954
68,84,16,0.16,0.13123862175270914
82,91,9,0.09,0.11905617645941674
54,77,23,0.23,0.1411338952369988
70,85,15,0.15,0.13557903362438084
68,84,16,0.16,0.1282844348810613
80,90,10,0.1,0.15886139193549753
62,81,19,0.19,0.1485113463178277
82,91,9,0.09,0.10774847893044352
74,87,13,0.13,0.13804605450481178
76,88,12,0.12,0.1552837515808642
86,93,7,0.07,0.17283791020512582
80,90,10,0.1,0.1098701953701675
74,87,13,0.13,0.11742845315486193
64,82,18,0.18,0.08545320462435484
64,82,18,0.18,0.09251691755373032
76,88,12,0.12,0.12286684593185783
82,91,9,0.09,0.14587897583842277
76,88,12,0.12,0.1290508431661874
72,86,14,0.14,0.12494156327098609
74,87,13,0.13,0.1314817695878446
76,88,12,0.12,0.10650374807417393
74,87,13,0.13,0.08948745283298194
84,92,8,0.08,0.09799855030141771
68,84,16,0.16,0.11746188483200967
86,93,7,0.07,0.11369379666633904
60,80,20,0.2,0.09873275089077652
78,89,11,0.11,0.09883747661486268
74,87,13,0.13,0.13331206399947404
64,82,18,0.18,0.14162290424108506
74,87,13,0.13,0.11556638993322849
58,79,21,0.21,0.14075119208544493
68,84,16,0.16,0.1419658331386745
78,89,11,0.11,0.12412410913035274
70,85,15,0.15,0.15684176426380872
72,86,14,0.14,0.16503027548082172
66,83,17,0.17,0.15064237482845783
92,96,4,0.04,0.12503357721492647
80,90,10,0.1,0.1339715350046754
70,85,15,0.15,0.12738043980672956
76,88,12,0.12,0.11514036124572158
68,84,16,0.16,0.12132770855911076
72,86,14,0.14,0.09784209568053484
80,90,10,0.1,0.12154596197418868
80,90,10,0.1,0.09742695044726134
62,81,19,0.19,0.11774799341335893
76,88,12,0.12,0.09782695289701224
62,81,19,0.19,0.11907755916938186
68,84,16,0.16,0.10936711196787656
72,86,14,0.14,0.11867831447161734
76,88,12,0.12,0.10087089460343122
88,94,6,0.06,0.09021826815791428
62,81,19,0.19,0.10521100647747517
80,90,10,0.1,0.08720033012330532
84,92,8,0.08,0.10579649330116808
66,83,17,0.17,0.12032079750671983
82,91,9,0.09,0.09696224468760192
66,83,17,0.17,0.10009908438660205
68,84,16,0.16,0.11517833806574344
76,88,12,0.12,0.09356534352526069
54,77,23,0.23,0.1297826235741377
68,84,16,0.16,0.11975015853531659
60,80,20,0.2,0.12214557634666562
72,86,14,0.14,0.11231150528416038
64,82,18,0.18,0.15664995472878218
80,90,10,0.1,0.08874011849053204
86,93,7,0.07,0.1165693490486592
68,84,16,0.16,0.09431303650140763
70,85,15,0.15,0.08530122572556138
84,92,8,0.08,0.09055675459094345
68,84,16,0.16,0.06535219639539719
72,86,14,0.14,0.08485724997706712
74,87,13,0.13,0.11057966701686382
72,86,14,0.14,0.1066763264220208
80,90,10,0.1,0.1254502720758319
84,92,8,0.08,0.11348623502068221
86,93,7,0.07,0.09255387307144701
76,88,12,0.12,0.09647719223052263
78,89,11,0.11,0.08821519370656461
78,89,11,0.11,0.11226555813569576
76,88,12,0.12,0.09502049608156085
72,86,14,0.14,0.09763341329991818
66,83,17,0.17,0.11702625231817365
70,85,15,0.15,0.09162488222122192
78,89,11,0.11,0.11272754061035811
80,90,10,0.1,0.09446564816869796
72,86,14,0.14,0.10710740694776177
62,81,19,0.19,0.09106000503525138
70,85,15,0.15,0.12756675735116005
66,83,17,0.17,0.1251275430107489
80,90,10,0.1,0.10154824245721102
84,92,8,0.08,0.12339980978518725
80,90,10,0.1,0.11119219785556197
82,91,9,0.09,0.07798719916027039
70,85,15,0.15,0.12169785354286432
74,87,13,0.13,0.10053782865405082
68,84,16,0.16,0.08892744634766131
72,86,14,0.14,0.126920447666198
82,91,9,0.09,0.10098711087368428
58,79,21,0.21,0.1118397072609514
72,86,14,0.14,0.10007055242545902
72,86,14,0.14,0.11051312878727913
70,85,15,0.15,0.1329811630304903
78,89,11,0.11,0.11071475615724921
56,78,22,0.22,0.14136795401573182
70,85,15,0.15,0.08104766790755093
72,86,14,0.14,0.13708073247224092
78,89,11,0.11,0.09176335469819605
68,84,16,0.16,0.12403426685370506
86,93,7,0.07,0.11517368749715388
62,81,19,0.19,0.11130584429018199
62,81,19,0.19,0.12488605820573867
72,86,14,0.14,0.15438281979411841
78,89,11,0.11,0.11303896709694528
56,78,22,0.22,0.12222891360521317
78,89,11,0.11,0.11075048584491015
78,89,11,0.11,0.10470637965016066
74,87,13,0.13,0.11637158990837633
72,86,14,0.14,0.10881084360182286
80,90,10,0.1,0.08142925783991814
64,82,18,0.18,0.11007321268320083
80,90,10,0.1,0.1160490706935525
74,87,13,0.13,0.1183308396488428
54,77,23,0.23,0.16891428139060735
60,80,20,0.2,0.1721333167888224
74,87,13,0.13,0.12873879993334414
78,89,11,0.11,0.11731161149218679
56,78,22,0.22,0.14510641381144523
82,91,9,0.09,0.13881757022812963
78,89,11,0.11,0.13706253848969938
74,87,13,0.13,0.13031760768964887
68,84,16,0.16,0.11114513258449733
80,90,10,0.1,0.0963500584103167
72,86,14,0.14,0.09954880135133863
66,83,17,0.17,0.08895625157281756
66,83,17,0.17,0.1242340219207108
74,87,13,0.13,0.11911207320750691
92,96,4,0.04,0.10173864197684451
78,89,11,0.11,0.0772215683106333
78,89,11,0.11,0.06485479531344027
64,82,18,0.18,0.09091132039553486
68,84,16,0.16,0.09751529719680548
80,90,10,0.1,0.07789583498612046
80,90,10,0.1,0.11009929061401635
60,80,20,0.2,0.10479023082181811
68,84,16,0.16,0.11590128598734736
64,82,18,0.18,0.1037521074945107
74,87,13,0.13,0.10526801090687514
78,89,11,0.11,0.08170763242989779
62,81,19,0.19,0.11542975471355021
62,81,19,0.19,0.11538452077656984
60,80,20,0.2,0.1211906144209206
86,93,7,0.07,0.10363157406449318
74,87,13,0.13,0.10669166346080601
84,92,8,0.08,0.09864641584455967
80,90,10,0.1,0.0891465805284679
54,77,23,0.23,0.12309903668239713
60,80,20,0.2,0.1386209494434297
78,89,11,0.11,0.10994371889159084
82,91,9,0.09,0.10922992713749409
68,84,16,0.16,0.14981075525283813
80,90,10,0.1,0.11817282939329743
68,84,16,0.16,0.13290377033874393
84,92,8,0.08,0.10744151033461094
60,80,20,0.2,0.12645571264438332
82,91,9,0.09,0.1111135564558208
84,92,8,0.08,0.12235604587942361
76,88,12,0.12,0.12951989604160188
78,89,11,0.11,0.12863512359559537
74,87,13,0.13,0.10348327955231071
80,90,10,0.1,0.09792991209309548
74,87,13,0.13,0.09974259448237717
66,83,17,0.17,0.1055838711000979
70,85,15,0.15,0.11800849169492722
74,87,13,0.13,0.09397765345871449
84,92,8,0.08,0.09601823289878667
70,85,15,0.15,0.09312206968665122
82,91,9,0.09,0.10044338254258037
86,93,7,0.07,0.11529002223163844
68,84,16,0.16,0.09585912816226483
70,85,15,0.15,0.10006276194937527
74,87,13,0.13,0.12323351368308068
76,88,12,0.12,0.11941337585449219
68,84,16,0.16,0.0932812678720802
62,81,19,0.19,0.13874325390905143
78,89,11,0.11,0.09214849677868188
78,89,11,0.11,0.11466134340502322
72,86,14,0.14,0.09668374768458307
68,84,16,0.16,0.10902215752750635
72,86,14,0.14,0.07297998103313148
74,87,13,0.13,0.098809255938977
60,80,20,0.2,0.0964053639350459
60,80,20,0.2,0.09113799560815096
66,83,17,0.17,0.10195408252067864
66,83,17,0.17,0.09476558529771864
78,89,11,0.11,0.09359843086218461
90,95,5,0.05,0.09976821081712842
84,92,8,0.08,0.0952711987355724
56,78,22,0.22,0.0850527885556221
60,80,20,0.2,0.08857245493214577
60,80,20,0.2,0.1118862254731357
84,92,8,0.08,0.1089252384006977
74,87,13,0.13,0.1292720226570964
84,92,8,0.08,0.08995613984763623
82,91,9,0.09,0.11809922955930233
50,75,25,0.25,0.11424644881859422
64,82,18,0.18,0.09455312954261899
58,79,21,0.21,0.12759286328218877
64,82,18,0.18,0.12748695202171803
66,83,17,0.17,0.13677666455507279
80,90,10,0.1,0.09462159774266184
90,95,5,0.05,0.12296032571233809
68,84,16,0.16,0.10016256269067526
60,80,20,0.2,0.10007137588225305
64,82,18,0.18,0.0939916118979454
76,88,12,0.12,0.11433238924480975
60,80,20,0.2,0.13642468300648034
84,92,8,0.08,0.10626412025943864
82,91,9,0.09,0.0931634439714253
72,86,14,0.14,0.09169665028341115
78,89,11,0.11,0.07789594320580363
82,91,9,0.09,0.08853529155254364
74,87,13,0.13,0.09571814646013081
76,88,12,0.12,0.08159303092863411
60,80,20,0.2,0.09142491980455816
72,86,14,0.14,0.10719144794158637
74,87,13,0.13,0.11397592771798372
80,90,10,0.1,0.13087949654087425
80,90,10,0.1,0.10216068277135491
82,91,9,0.09,0.10779969362542033
68,84,16,0.16,0.11455826245713979
64,82,18,0.18,0.10885830255225301
78,89,11,0.11,0.1173366779088974
70,85,15,0.15,0.11594756127800793
72,86,14,0.14,0.0885970274079591
62,81,19,0.19,0.09734239986166358
90,95,5,0.05,0.09942974502919241
64,82,18,0.18,0.1102952198125422
70,85,15,0.15,0.11659618994919584
84,92,8,0.08,0.11735906343907118
58,79,21,0.21,0.10294217150658369
68,84,16,0.16,0.10877452418208122
68,84,16,0.16,0.09510933650191873
68,84,16,0.16,0.11539869925938546
78,89,11,0.11,0.11027126880828292
76,88,12,0.12,0.09503350003622472
72,86,14,0.14,0.11435268329456448
68,84,16,0.16,0.12640592652373017
88,94,6,0.06,0.09705478806048631
80,90,10,0.1,0.0852820937987417
80,90,10,0.1,0.1230481490213424
76,88,12,0.12,0.10271650110371411
70,85,15,0.15,0.11569160557352007
88,94,6,0.06,0.11204000989440828
62,81,19,0.19,0.10160442729247735
84,92,8,0.08,0.08798257572110742
56,78,22,0.22,0.10906214408576488
80,90,10,0.1,0.10797352728433907
82,91,9,0.09,0.09462561110965907
64,82,18,0.18,0.1237891388963908
66,83,17,0.17,0.13733103206381203
70,85,15,0.15,0.08593730174936354
56,78,22,0.22,0.12881934160366654
78,89,11,0.11,0.11858362264931202
74,87,13,0.13,0.10384156099520624
66,83,17,0.17,0.12464574627578258
80,90,10,0.1,0.08810021677985787
68,84,16,0.16,0.09242739298380911
80,90,10,0.1,0.0930456402944401
62,81,19,0.19,0.08929637898690998
64,82,18,0.18,0.06980224838014693
64,82,18,0.18,0.10653800600208342
74,87,13,0.13,0.10559231637977064
70,85,15,0.15,0.09334586642682552
58,79,21,0.21,0.1056669670343399
80,90,10,0.1,0.09193063952028752
70,85,15,0.15,0.10682927599176764
60,80,20,0.2,0.12451642041094602
64,82,18,0.18,0.12511142801493405
94,97,3,0.03,0.08610641708597541
80,90,10,0.1,0.10579678007401526
74,87,13,0.13,0.09043407467892393
78,89,11,0.11,0.07998352589085699
76,88,12,0.12,0.09539982071146369
72,86,14,0.14,0.06581225300207734
50,75,25,0.25,0.08823170992545784
62,81,19,0.19,0.08912845310755074
68,84,16,0.16,0.0908737595193088
74,87,13,0.13,0.0740683434298262
80,90,10,0.1,0.08647653190419077
66,83,17,0.17,0.09075818511890248
70,85,15,0.15,0.1177802694006823
68,84,16,0.16,0.10497889747843146
74,87,13,0.13,0.10109553040005266
62,81,19,0.19,0.12403874876908957
66,83,17,0.17,0.1077475328464061
66,83,17,0.17,0.10652228728868067
76,88,12,0.12,0.11630577433854342
78,89,11,0.11,0.11932265406474471
78,89,11,0.11,0.1119450129615143
78,89,11,0.11,0.0926271525491029
74,87,13,0.13,0.10381572506390511
60,80,20,0.2,0.09692525628954173
68,84,16,0.16,0.09856987107545137
86,93,7,0.07,0.07108580855885521
78,89,11,0.11,0.07259125107433646
62,81,19,0.19,0.08557370603084564
70,85,15,0.15,0.07332513366825878
84,92,8,0.08,0.07718153892084956
84,92,8,0.08,0.10093626384157688
70,85,15,0.15,0.11824819380417466
84,92,8,0.08,0.08047594809439033
84,92,8,0.08,0.09932623689062893
70,85,15,0.15,0.11419917477294803
74,87,13,0.13,0.11991813668049872
86,93,7,0.07,0.13175162625964731
78,89,11,0.11,0.09599154910538346
74,87,13,0.13,0.12258678821846843
82,91,9,0.09,0.11375876981765032
74,87,13,0.13,0.11954740326851607
62,81,19,0.19,0.13948243642691524
74,87,13,0.13,0.12192818897776306
78,89,11,0.11,0.09982465968467295
82,91,9,0.09,0.09171936314553022
68,84,16,0.16,0.11467573974281549
68,84,16,0.16,0.0869948626961559
68,84,16,0.16,0.12068164587952196
78,89,11,0.11,0.10589572499506175
80,90,10,0.1,0.09326395526528358
76,88,12,0.12,0.09140837092883886
72,86,14,0.14,0.11310206459835172
84,92,8,0.08,0.1061916860472411
76,88,12,0.12,0.10035258095827886
74,87,13,0.13,0.12252140023745596
76,88,12,0.12,0.13368167042732237
64,82,18,0.18,0.12989493940025568
74,87,13,0.13,0.11298714363947511
80,90,10,0.1,0.12484459158033133
94,97,3,0.03,0.10481214566156268
74,87,13,0.13,0.13343708539381624
72,86,14,0.14,0.14009576497599482
82,91,9,0.09,0.11694573272950948
72,86,14,0.14,0.11758318077772856
78,89,11,0.11,0.10146003474481403
74,87,13,0.13,0.1191447135899216
88,94,6,0.06,0.08175225880928337
62,81,19,0.19,0.10954693851526827
64,82,18,0.18,0.11337202615104616
68,84,16,0.16,0.1022195789963007
54,77,23,0.23,0.08925979599356651
66,83,17,0.17,0.10938668251968921
66,83,17,0.17,0.11421549556776882
86,93,7,0.07,0.1353549283836037
78,89,11,0.11,0.11133633078075945
68,84,16,0.16,0.10148692898917944
74,87,13,0.13,0.13288214474916457
72,86,14,0.14,0.13283998541533948
82,91,9,0.09,0.12178704157471656
74,87,13,0.13,0.12710997123271228
72,86,14,0.14,0.12279431879054754
72,86,14,0.14,0.10174330771900714
80,90,10,0.1,0.10067302067764103
72,86,14,0.14,0.09889723366126418
54,77,23,0.23,0.11350114293396472
70,85,15,0.15,0.11924311237409711
76,88,12,0.12,0.10474078314378858
66,83,17,0.17,0.11298249221872539
80,90,10,0.1,0.09899393857456744
68,84,16,0.16,0.11601924438029527
70,85,15,0.15,0.10508246661163867
72,86,14,0.14,0.11147176152095199
88,94,6,0.06,0.10635894058039412
72,86,14,0.14,0.07816809387877584
80,90,10,0.1,0.09410538914613426
66,83,17,0.17,0.09667168766260147
74,87,13,0.13,0.11032513540238142
74,87,13,0.13,0.10489581520669163
76,88,12,0.12,0.09011457341490313
64,82,18,0.18,0.10147716835141182
60,80,20,0.2,0.086416384158656
80,90,10,0.1,0.10689250569790602
70,85,15,0.15,0.10225987222976983
72,86,14,0.14,0.10012649619020522
76,88,12,0.12,0.09791566889267415
88,94,6,0.06,0.10267141100019217
68,84,16,0.16,0.08872375130653382
74,87,13,0.13,0.11145695181563496
70,85,15,0.15,0.10267344510182738
76,88,12,0.12,0.10794909847900272
60,80,20,0.2,0.10260580496862531
74,87,13,0.13,0.10967245766893029
66,83,17,0.17,0.11836707502603531
62,81,19,0.19,0.1410892461799085
62,81,19,0.19,0.10415817075408995
66,83,17,0.17,0.11294243373908103
58,79,21,0.21,0.1301764402911067
70,85,15,0.15,0.13048499283380807
76,88,12,0.12,0.10200533593073487
80,90,10,0.1,0.11926371577195823
78,89,11,0.11,0.12388205959461629
72,86,14,0.14,0.10683337762951851
76,88,12,0.12,0.12192453396506607
74,87,13,0.13,0.10765038886107504
68,84,16,0.16,0.11882972348481417
72,86,14,0.14,0.09193866854533553
76,88,12,0.12,0.11566620384342968
72,86,14,0.14,0.11363933917135
62,81,19,0.19,0.10900527114979923
76,88,12,0.12,0.09894813412800431
70,85,15,0.15,0.11172825970686973
64,82,18,0.18,0.1290899490658194
70,85,15,0.15,0.1078588991984725
58,79,21,0.21,0.10340458888560533
84,92,8,0.08,0.10404340511187911
84,92,8,0.08,0.11883918452076614
74,87,13,0.13,0.09814244843146298
86,93,7,0.07,0.10148643999360502
76,88,12,0.12,0.12428322094958276
82,91,9,0.09,0.12134540555998682
84,92,8,0.08,0.12455334430094808
74,87,13,0.13,0.10005412676371633
80,90,10,0.1,0.08838511306792497
48,74,26,0.26,0.13449535185471176
78,89,11,0.11,0.13743151292204858
78,89,11,0.11,0.1273205218091607
74,87,13,0.13,0.10230130759999156
92,96,4,0.04,0.0683906261343509
82,91,9,0.09,0.10287026705220342
84,92,8,0.08,0.11688607275485992
64,82,18,0.18,0.10859496478922664
40,70,30,0.3,0.13268928926438092
78,89,11,0.11,0.12546270253369585
74,87,13,0.13,0.10950899610295892
74,87,13,0.13,0.10071751152630895
82,91,9,0.09,0.09894372913520783
74,87,13,0.13,0.10812565376516431
58,79,21,0.21,0.15392077438533305
88,94,6,0.06,0.09588535479269922
74,87,13,0.13,0.093452360779047
80,90,10,0.1,0.12826193157583476
74,87,13,0.13,0.0926042926684022
86,93,7,0.07,0.1303238979075104
70,85,15,0.15,0.11769381253048777
74,87,13,0.13,0.11058955520391464
82,91,9,0.09,0.12278811526484787
76,88,12,0.12,0.10850215874612332
74,87,13,0.13,0.06967417370527983
84,92,8,0.08,0.13514183537568897
90,95,5,0.05,0.09488229273818433
92,96,4,0.04,0.07862056381534785
76,88,12,0.12,0.09541170465759934
64,82,18,0.18,0.11280113447457552
56,78,22,0.22,0.14022351965308189
56,78,22,0.22,0.13975681269541382
76,88,12,0.12,0.11061575656756759
74,87,13,0.13,0.11720817162655293
74,87,13,0.13,0.1017701699770987
64,82,18,0.18,0.10762989377602934
82,91,9,0.09,0.10799484642222523
76,88,12,0.12,0.08407544588670135
62,81,19,0.19,0.09988743249326944
72,86,14,0.14,0.08811027656309306
72,86,14,0.14,0.10308436395600439
86,93,7,0.07,0.07714452921878547
82,91,9,0.09,0.10548093577846884
80,90,10,0.1,0.09764214976690709
72,86,14,0.14,0.11838782193139195
78,89,11,0.11,0.0798488119407557
68,84,16,0.16,0.11356057586148381
86,93,7,0.07,0.05898944046348333
80,90,10,0.1,0.08263296348042787
80,90,10,0.1,0.08298150443471969
70,85,15,0.15,0.0684364638198167
80,90,10,0.1,0.07569442449137569
60,80,20,0.2,0.08169428545050322
82,91,9,0.09,0.0992119563370943
58,79,21,0.21,0.0948317695345031
68,84,16,0.16,0.07995373546611517
62,81,19,0.19,0.08378775900229812
78,89,11,0.11,0.09458634413778783
82,91,9,0.09,0.08938461568206549
64,82,18,0.18,0.09261203008703887
76,88,12,0.12,0.1211063486430794
70,85,15,0.15,0.09930563225410878
68,84,16,0.16,0.10529561342671513
92,96,4,0.04,0.08046076494501904
68,84,16,0.16,0.1139500541985035
90,95,5,0.05,0.09146028444170952
90,95,5,0.05,0.06262438788777218
78,89,11,0.11,0.10213739638216794
90,95,5,0.05,0.06299844204913825
74,87,13,0.13,0.06928003415465354
84,92,8,0.08,0.08824578632600605
68,84,16,0.16,0.107123839315027
78,89,11,0.11,0.08072197888977825
76,88,12,0.12,0.08274158442392945
64,82,18,0.18,0.11151864334009588
44,72,28,0.28,0.13076016444712876
58,79,21,0.21,0.11519558208063245
80,90,10,0.1,0.10025813044980168
78,89,11,0.11,0.08305176747962832
58,79,21,0.21,0.10048849003389478
82,91,9,0.09,0.09862269560806453
80,90,10,0.1,0.07505187830887734
70,85,15,0.15,0.14834891222417354
68,84,16,0.16,0.08942303028423339
70,85,15,0.15,0.07567527600098402
74,87,13,0.13,0.10425103371962904
82,91,9,0.09,0.12023558161221444
66,83,17,0.17,0.08728004400618375
90,95,5,0.05,0.09823058131616563
82,91,9,0.09,0.14017650671303272
80,90,10,0.1,0.09821902293711901
86,93,7,0.07,0.08788750061998143
66,83,17,0.17,0.11079911295324564
80,90,10,0.1,0.09825991874560713
72,86,14,0.14,0.11785689663141966
82,91,9,0.09,0.0777965874155052
74,87,13,0.13,0.07737929874798283
64,82,18,0.18,0.10591776369139552
80,90,10,0.1,0.11923457820899784
70,85,15,0.15,0.10609535219147802
82,91,9,0.09,0.08720164144411684
72,86,14,0.14,0.09324487932957709
66,83,17,0.17,0.10485867185518145
70,85,15,0.15,0.12782004302367567
64,82,18,0.18,0.10448407666757703
70,85,15,0.15,0.12438201184384524
82,91,9,0.09,0.09894925877451896
88,94,6,0.06,0.11609373832121492
76,88,12,0.12,0.11759898447431624
84,92,8,0.08,0.10642994720488787
70,85,15,0.15,0.09701947749592364
72,86,14,0.14,0.1299324238114059
64,82,18,0.18,0.08105631725862622
70,85,15,0.15,0.12469147065654397
76,88,12,0.12,0.1157174158282578
68,84,16,0.16,0.10252657240256667
70,85,15,0.15,0.10223835897631943
68,84,16,0.16,0.13278781248256563
70,85,15,0.15,0.12246566854417323
76,88,12,0.12,0.10978885440155864
72,86,14,0.14,0.11814085532911121
68,84,16,0.16,0.10126166296191513
96,98,2,0.02,0.09564469241537153
68,84,16,0.16,0.11923428924521431
76,88,12,0.12,0.11104885534383356
64,82,18,0.18,0.11728690611198545
64,82,18,0.18,0.11411956595256925
76,88,12,0.12,0.08914293675683439
50,75,25,0.25,0.1345551080815494
62,81,19,0.19,0.11982660201378166
68,84,16,0.16,0.14881966235116123
64,82,18,0.18,0.08677119368221611
68,84,16,0.16,0.098680239059031
76,88,12,0.12,0.09403226426336914
82,91,9,0.09,0.1169848819077015
78,89,11,0.11,0.09462066317442805
82,91,9,0.09,0.13622751303948463
64,82,18,0.18,0.12673715895041823
82,91,9,0.09,0.10590261688455939
70,85,15,0.15,0.09910354994237423
78,89,11,0.11,0.1273733864258975
64,82,18,0.18,0.13034354728646577
74,87,13,0.13,0.12416914643719792
76,88,12,0.12,0.10060884396545589
62,81,19,0.19,0.1192019687127322
84,92,8,0.08,0.0850775409443304
76,88,12,0.12,0.11164054162800312
64,82,18,0.18,0.10847597821615636
86,93,7,0.07,0.09098279854282737
70,85,15,0.15,0.10730096633546055
64,82,18,0.18,0.11791044671088458
84,92,8,0.08,0.10683554850518703
74,87,13,0.13,0.09604258493520319
66,83,17,0.17,0.11578745694831014
64,82,18,0.18,0.1079839487746358
78,89,11,0.11,0.08816205555573106
70,85,15,0.15,0.08997504697181284
68,84,16,0.16,0.098089065188542
76,88,12,0.12,0.07382793650962412
74,87,13,0.13,0.08769186980091036
72,86,14,0.14,0.10670261447317898
82,91,9,0.09,0.11360428135842085
60,80,20,0.2,0.1146621660143137
74,87,13,0.13,0.08441145032178611
66,83,17,0.17,0.08877262790687382
72,86,14,0.14,0.0941557925194502
72,86,14,0.14,0.08852899460121989
82,91,9,0.09,0.10321790992282331
86,93,7,0.07,0.09086092557758092
78,89,11,0.11,0.10227478354703635
82,91,9,0.09,0.06681211048737168
68,84,16,0.16,0.07180011340416968
70,85,15,0.15,0.12262862242758274
70,85,15,0.15,0.06958881469909102
62,81,19,0.19,0.08641050562728196
66,83,17,0.17,0.12421748869121074
60,80,20,0.2,0.08937863823957741
64,82,18,0.18,0.06205448153661564
78,89,11,0.11,0.07996670534834266
78,89,11,0.11,0.11525446451734751
74,87,13,0.13,0.07278804145753384
74,87,13,0.13,0.1163717892463319
80,90,10,0.1,0.114443937279284
88,94,6,0.06,0.09416762509848922
76,88,12,0.12,0.07985237857792526
80,90,10,0.1,0.07174519988708199
88,94,6,0.06,0.08578632334014401
74,87,13,0.13,0.10300813225563615
72,86,14,0.14,0.11156448815017939
76,88,12,0.12,0.09675879559479654
72,86,14,0.14,0.106283492827788
68,84,16,0.16,0.09775881632231176
66,83,17,0.17,0.08305317756254225
78,89,11,0.11,0.10122750832233578
78,89,11,0.11,0.1272527657262981
78,89,11,0.11,0.09798825419507921
74,87,13,0.13,0.07532309957779944
68,84,16,0.16,0.09980165301123634
78,89,11,0.11,0.11682427894324064
72,86,14,0.14,0.10193325617350638
52,76,24,0.24,0.10960441596806049
72,86,14,0.14,0.08455400099046528
84,92,8,0.08,0.1035092924721539
92,96,4,0.04,0.11037506389897317
84,92,8,0.08,0.09168946838472039
72,86,14,0.14,0.0814107153005898
68,84,16,0.16,0.12039141101762653
60,80,20,0.2,0.10825729709118605
72,86,14,0.14,0.08723151637241244
58,79,21,0.21,0.1232555264979601
60,80,20,0.2,0.11372737650759518
64,82,18,0.18,0.08737060100305825
82,91,9,0.09,0.06939215261023492
68,84,16,0.16,0.09718988061882555
74,87,13,0.13,0.08740847203414887
54,77,23,0.23,0.07994263872504234
72,86,14,0.14,0.08206117707071826
70,85,15,0.15,0.07981373290996999
74,87,13,0.13,0.10021478976123036
62,81,19,0.19,0.10408424480818212
64,82,18,0.18,0.08628661782364361
88,94,6,0.06,0.07994954713270999
74,87,13,0.13,0.09464693567017093
72,86,14,0.14,0.10997628168668598
70,85,15,0.15,0.07934521296992898
82,91,9,0.09,0.0797599901817739
68,84,16,0.16,0.10898552646860481
66,83,17,0.17,0.09930565949063748
62,81,19,0.19,0.11243606891483068
72,86,14,0.14,0.06623670439235867
72,86,14,0.14,0.12984635027125477
64,82,18,0.18,0.12645598718896509
78,89,11,0.11,0.1136601709574461
82,91,9,0.09,0.07838058990426361
70,85,15,0.15,0.133172663487494
76,88,12,0.12,0.11596483593806624
78,89,11,0.11,0.10188753720372916
64,82,18,0.18,0.13676519656553865
74,87,13,0.13,0.08853823845274747
82,91,9,0.09,0.13147760143503548
60,80,20,0.2,0.13056180886924268
70,85,15,0.15,0.1084550988022238
82,91,9,0.09,0.10803198936599073
82,91,9,0.09,0.08355947071686387
82,91,9,0.09,0.13674790106713772
86,93,7,0.07,0.10937518992461265
62,81,19,0.19,0.08283169657923281
68,84,16,0.16,0.09979109254200011
72,86,14,0.14,0.08477056846488268
82,91,9,0.09,0.11680438468232751
86,93,7,0.07,0.1005256266053766
68,84,16,0.16,0.11203182672150433
70,85,15,0.15,0.10233889036811888
74,87,13,0.13,0.10928311435040086
70,85,15,0.15,0.11487197326496243
76,88,12,0.12,0.10964732069522143
66,83,17,0.17,0.09990006343461573
84,92,8,0.08,0.10524211008101701
68,84,16,0.16,0.1000897340849042
74,87,13,0.13,0.0883361449278891
86,93,7,0.07,0.11031370487064124
74,87,13,0.13,0.08608944851439446
76,88,12,0.12,0.12437249789014458
92,96,4,0.04,0.08182991791050881
86,93,7,0.07,0.11388161481358111
76,88,12,0.12,0.09343457590788602
86,93,7,0.07,0.09054514755494893
70,85,15,0.15,0.1018240834865719
86,93,7,0.07,0.09665909219533204
66,83,17,0.17,0.07867145954631269
64,82,18,0.18,0.07865967183373869
66,83,17,0.17,0.09494177030399442
56,78,22,0.22,0.11152472930029035
64,82,18,0.18,0.08170237430022098
76,88,12,0.12,0.09512422984465957
82,91,9,0.09,0.10909491017460823
74,87,13,0.13,0.12149919962292188
78,89,11,0.11,0.09328835004940629
80,90,10,0.1,0.10597809394821525
94,97,3,0.03,0.08918308151420205
86,93,7,0.07,0.0859513089619577
72,86,14,0.14,0.12751890829764306
82,91,9,0.09,0.08052256244700402
82,91,9,0.09,0.11690689202398062
68,84,16,0.16,0.10672362781595439
78,89,11,0.11,0.10548269586637617
74,87,13,0.13,0.084082631689962
74,87,13,0.13,0.09233092082664371
86,93,7,0.07,0.09407239887863397
68,84,16,0.16,0.10252293910831213
54,77,23,0.23,0.12135003163013608
74,87,13,0.13,0.10999971766024828
70,85,15,0.15,0.11270484633743763
68,84,16,0.16,0.09549163069576025
74,87,13,0.13,0.10088848732411862
72,86,14,0.14,0.149326787982136
80,90,10,0.1,0.10213292127475143
72,86,14,0.14,0.10806710075587034
88,94,6,0.06,0.10320070266723633
78,89,11,0.11,0.09239888342097402
76,88,12,0.12,0.08405937301868108
66,83,17,0.17,0.09346314172260463
90,95,5,0.05,0.10239120375365018
66,83,17,0.17,0.0983842881768942
90,95,5,0.05,0.09655666128732264
70,85,15,0.15,0.09937716051936149
82,91,9,0.09,0.08815638138912618
76,88,12,0.12,0.1016958201257512
68,84,16,0.16,0.12453792344778776
82,91,9,0.09,0.13604680225253105
90,95,5,0.05,0.1195502220466733
78,89,11,0.11,0.11780723430216312
76,88,12,0.12,0.08794783095363527
54,77,23,0.23,0.14543461436405777
60,80,20,0.2,0.09152085129637272
78,89,11,0.11,0.11845402961596846
72,86,14,0.14,0.11092732953839005
80,90,10,0.1,0.144703738540411
78,89,11,0.11,0.12385109042748808
76,88,12,0.12,0.1143972779228352
64,82,18,0.18,0.13499633075669407
74,87,13,0.13,0.10008115110453218
76,88,12,0.12,0.15001885063946246
82,91,9,0.09,0.08372705299640075
64,82,18,0.18,0.1273755600862205
70,85,15,0.15,0.13501300435513258
72,86,14,0.14,0.10133724530227482
82,91,9,0.09,0.10967111252713949
72,86,14,0.14,0.08368344821967184
78,89,11,0.11,0.08504045437090099
74,87,13,0.13,0.11416733843274414
78,89,11,0.11,0.08989580124616622
62,81,19,0.19,0.08676118075847626
62,81,19,0.19,0.09900663746520877
74,87,13,0.13,0.08141444858163595
74,87,13,0.13,0.08595612028613686
74,87,13,0.13,0.07947628359310328
74,87,13,0.13,0.09195652700960637
76,88,12,0.12,0.09529701741412282
72,86,14,0.14,0.11238199704326689
60,80,20,0.2,0.1298761139344424
82,91,9,0.09,0.09082318997010588
66,83,17,0.17,0.08390236550942064
82,91,9,0.09,0.112395332865417
74,87,13,0.13,0.11109290894120932
82,91,9,0.09,0.08228369250893593
70,85,15,0.15,0.10043490302748978
64,82,18,0.18,0.1410357006266713
68,84,16,0.16,0.08444653119891882
70,85,15,0.15,0.10662911519408226
54,77,23,0.23,0.08832135102711618
80,90,10,0.1,0.10665404717437924
86,93,7,0.07,0.08231393786147237
86,93,7,0.07,0.09412568473955617
88,94,6,0.06,0.07415082031860948
84,92,8,0.08,0.0851315663009882
92,96,4,0.04,0.07834634211845697
74,87,13,0.13,0.07973492323886604
62,81,19,0.19,0.1179765855660662
82,91,9,0.09,0.10224493501707911
66,83,17,0.17,0.0845171874249354
68,84,16,0.16,0.098462545578368
68,84,16,0.16,0.07554312064312399
68,84,16,0.16,0.12478802262805402
62,81,19,0.19,0.0826372635923326
76,88,12,0.12,0.09662472103256732
70,85,15,0.15,0.0879672565497458
72,86,14,0.14,0.09975163031369448
76,88,12,0.12,0.09058652725070715
76,88,12,0.12,0.09299809835851193
76,88,12,0.12,0.07774063527584076
78,89,11,0.11,0.09567824214696884
78,89,11,0.11,0.07304201972670853
82,91,9,0.09,0.10308353273198008
62,81,19,0.19,0.07990470631979406
74,87,13,0.13,0.0873396724788472
68,84,16,0.16,0.08967470873147249
64,82,18,0.18,0.08983501646667719
70,85,15,0.15,0.08677133553661406
64,82,18,0.18,0.09726818979717791
70,85,15,0.15,0.1170209049899131
84,92,8,0.08,0.0874027429241687
70,85,15,0.15,0.10603870000690221
74,87,13,0.13,0.112729998761788
64,82,18,0.18,0.09657734705135226
94,97,3,0.03,0.0884105503000319
68,84,16,0.16,0.11762777080759407
76,88,12,0.12,0.12316699773538858
68,84,16,0.16,0.0926193386502564
64,82,18,0.18,0.08366518552415073
80,90,10,0.1,0.11001863744109869
76,88,12,0.12,0.08644542482681572
76,88,12,0.12,0.07624413763638586
80,90,10,0.1,0.10817426385357976
76,88,12,0.12,0.10349173012189566
86,93,7,0.07,0.08288706590887158
56,78,22,0.22,0.10560389578808099
74,87,13,0.13,0.07246252808254212
46,73,27,0.27,0.10477261146763339
80,90,10,0.1,0.07886036234907806
72,86,14,0.14,0.08983076631091536
52,76,24,0.24,0.09027310795150698
76,88,12,0.12,0.0841422353219241
86,93,7,0.07,0.08705000765621662
78,89,11,0.11,0.07010851656552404
74,87,13,0.13,0.10322123896796256
66,83,17,0.17,0.09613070494495332
76,88,12,0.12,0.08364806399680674
66,83,17,0.17,0.11829124258831143
66,83,17,0.17,0.08366587657481432
76,88,12,0.12,0.11593046705238522
66,83,17,0.17,0.09284984736703336
78,89,11,0.11,0.089318683790043
72,86,14,0.14,0.10925969300791621
86,93,7,0.07,0.10757561814971268
68,84,16,0.16,0.14040900332853198
80,90,10,0.1,0.09979547963477671
84,92,8,0.08,0.11541742718720344
52,76,24,0.24,0.12320773147977888
76,88,12,0.12,0.12543274528346957
78,89,11,0.11,0.10114092414267362
72,86,14,0.14,0.1112863377854228
78,89,11,0.11,0.11201236253604292
84,92,8,0.08,0.0804857261897996
60,80,20,0.2,0.11005338683724403
84,92,8,0.08,0.10490064632613212
76,88,12,0.12,0.08439973322674632
66,83,17,0.17,0.10413659738376736
70,85,15,0.15,0.10986772626638412
76,88,12,0.12,0.07627726661972702
66,83,17,0.17,0.1393732290714979
70,85,15,0.15,0.09325645704753698
54,77,23,0.23,0.09989116524346173
60,80,20,0.2,0.11222795091569424
64,82,18,0.18,0.08403926260769368
84,92,8,0.08,0.0711043658759445
82,91,9,0.09,0.11874402554705739
88,94,6,0.06,0.0827651625033468
82,91,9,0.09,0.1148987194057554
72,86,14,0.14,0.09831886613043025
70,85,15,0.15,0.10872315800748765
76,88,12,0.12,0.10451388021931052
82,91,9,0.09,0.0921196889365092
70,85,15,0.15,0.09071716924197971
66,83,17,0.17,0.11679093291983009
76,88,12,0.12,0.11957061112858355
80,90,10,0.1,0.10325032003223895
90,95,5,0.05,0.09270148299168796
78,89,11,0.11,0.06619745464995504
74,87,13,0.13,0.09478185522835701
80,90,10,0.1,0.07221334972418844
66,83,17,0.17,0.0832311445940286
62,81,19,0.19,0.08852996720001101
82,91,9,0.09,0.10052492031827569
78,89,11,0.11,0.09295755330473185
50,75,25,0.25,0.09775083119049668
62,81,19,0.19,0.117308434182778
68,84,16,0.16,0.1047196450456977
60,80,20,0.2,0.11437469355762005
54,77,23,0.23,0.15151444122195243
80,90,10,0.1,0.12072798669338226
80,90,10,0.1,0.10897543597966433
76,88,12,0.12,0.1104018724989146
72,86,14,0.14,0.10773103082552553
64,82,18,0.18,0.10558821338228881
64,82,18,0.18,0.09441804893314838
82,91,9,0.09,0.11430226022843272
84,92,8,0.08,0.08869197025429458
56,78,22,0.22,0.08572303364984692
64,82,18,0.18,0.10221313457936049
70,85,15,0.15,0.09086593992076814
82,91,9,0.09,0.08380526243709027
72,86,14,0.14,0.08470739098265767
86,93,7,0.07,0.08412950114347041
72,86,14,0.14,0.10340180106461049
70,85,15,0.15,0.11464997874572873
80,90,10,0.1,0.09082463836297393
76,88,12,0.12,0.12489191870205105
82,91,9,0.09,0.09237498081289232
78,89,11,0.11,0.07850449291989207
78,89,11,0.11,0.08610333618707955
72,86,14,0.14,0.09040998068638145
76,88,12,0.12,0.1005935182981193
66,83,17,0.17,0.08619456648593768
70,85,15,0.15,0.09334516157396137
64,82,18,0.18,0.07444025299046189
68,84,16,0.16,0.08578001709422096
78,89,11,0.11,0.08246916685253382
76,88,12,0.12,0.06810206316411495
80,90,10,0.1,0.0739373095938936
64,82,18,0.18,0.06884911156725139
74,87,13,0.13,0.08111927925609053
80,90,10,0.1,0.10442754344083369
64,82,18,0.18,0.09799657583702355
44,72,28,0.28,0.1299835529923439
52,76,24,0.24,0.11971672975458204
56,78,22,0.22,0.11859257251257077
64,82,18,0.18,0.09493719516322016
66,83,17,0.17,0.11481602703221143
78,89,11,0.11,0.10221658570691944
70,85,15,0.15,0.07681129703298212
74,87,13,0.13,0.08878366880118847
64,82,18,0.18,0.09775514378212392
74,87,13,0.13,0.11963813838083297
64,82,18,0.18,0.10334895240142941
70,85,15,0.15,0.12058601602679118
66,83,17,0.17,0.11681623033247888
72,86,14,0.14,0.1181372377416119
66,83,17,0.17,0.08549592011608183
76,88,12,0.12,0.13401203386485577
68,84,16,0.16,0.10210579527541995
68,84,16,0.16,0.12582776219584046
68,84,16,0.16,0.12652591156773269
62,81,19,0.19,0.09303454217500985
58,79,21,0.21,0.12091439623385668
58,79,21,0.21,0.11735337922349572
68,84,16,0.16,0.08011641514487565
58,79,21,0.21,0.10335557275451719
78,89,11,0.11,0.08047368104103952
64,82,18,0.18,0.09622589737642556
74,87,13,0.13,0.10752443433739245
68,84,16,0.16,0.1037545872759074
82,91,9,0.09,0.10108042653650046
74,87,13,0.13,0.09746798785403371
90,95,5,0.05,0.08450794622302055
84,92,8,0.08,0.10869753261096776
68,84,16,0.16,0.10337314566597343
66,83,17,0.17,0.08420312845846638
84,92,8,0.08,0.1017042912915349
90,95,5,0.05,0.0833745820634067
76,88,12,0.12,0.09417779569979758
78,89,11,0.11,0.070641089649871
62,81,19,0.19,0.09273091710172593
72,86,14,0.14,0.08909475902095437
58,79,21,0.21,0.0938986930064857
74,87,13,0.13,0.09672335880808532
68,84,16,0.16,0.07968125043436886
88,94,6,0.06,0.07028334011789411
76,88,12,0.12,0.08807942506857216
80,90,10,0.1,0.07915490597486496
86,93,7,0.07,0.0820154754118994
84,92,8,0.08,0.061491384506225585
80,90,10,0.1,0.10349412439391018
62,81,19,0.19,0.12801997639238835
70,85,15,0.15,0.10567522591911256
92,96,4,0.04,0.09003319985233248
82,91,9,0.09,0.09419160451740026
62,81,19,0.19,0.10288143907673657
72,86,14,0.14,0.10108258890919387
72,86,14,0.14,0.09570965867955238
62,81,19,0.19,0.10415960700716824
72,86,14,0.14,0.08931078357622027
62,81,19,0.19,0.09884768816642463
66,83,17,0.17,0.11420212585479021
72,86,14,0.14,0.10024929489009082
78,89,11,0.11,0.08344250173307956
74,87,13,0.13,0.0941676288563758
54,77,23,0.23,0.09714726652950048
66,83,17,0.17,0.09613111129030585
82,91,9,0.09,0.13222706113010646
68,84,16,0.16,0.1187470968440175
78,89,11,0.11,0.07281750659924001
76,88,12,0.12,0.09340740438085049
68,84,16,0.16,0.13361589731648565
70,85,15,0.15,0.08770137048326433
66,83,17,0.17,0.11613933566957713
84,92,8,0.08,0.12272884058766068
90,95,5,0.05,0.10915397502481937
62,81,19,0.19,0.10575915342662484
68,84,16,0.16,0.08203622948378325
80,90,10,0.1,0.10006777379661798
62,81,19,0.19,0.1101755110686645
70,85,15,0.15,0.09139863764867187
58,79,21,0.21,0.09886155267246068
84,92,8,0.08,0.1118107414804399
62,81,19,0.19,0.1359288439154625
78,89,11,0.11,0.0875035482714884
90,95,5,0.05,0.09001554691698402
68,84,16,0.16,0.09105785473249853
78,89,11,0.11,0.0945592125877738
76,88,12,0.12,0.09755392233841122
68,84,16,0.16,0.11202613222412765
76,88,12,0.12,0.09323849903419613
70,85,15,0.15,0.13771441772580148
56,78,22,0.22,0.11157548572868109
68,84,16,0.16,0.11948937035165727
54,77,23,0.23,0.10919189602136611
80,90,10,0.1,0.07233312792144715
72,86,14,0.14,0.08997533351648598
68,84,16,0.16,0.09869756241329014
82,91,9,0.09,0.08961848912294954
80,90,10,0.1,0.1133050763234496
72,86,14,0.14,0.09560951369814574
80,90,10,0.1,0.09076290166005492
62,81,19,0.19,0.11917484572157264
72,86,14,0.14,0.09594038932584226
78,89,11,0.11,0.10902485246304422
80,90,10,0.1,0.10052015411667525
88,94,6,0.06,0.07426355214556679
68,84,16,0.16,0.12438604046823457
70,85,15,0.15,0.1280594113934785
72,86,14,0.14,0.08649911736138165
74,87,13,0.13,0.115493508502841
76,88,12,0.12,0.08375816871412098
76,88,12,0.12,0.09592124353162944
70,85,15,0.15,0.11263979932293296
80,90,10,0.1,0.09293032300192863
68,84,16,0.16,0.1227342177554965
90,95,5,0.05,0.07111877205781639
86,93,7,0.07,0.13729565657675266
80,90,10,0.1,0.06336103785783052
92,96,4,0.04,0.11740532275289298
76,88,12,0.12,0.04184317448874936
66,83,17,0.17,0.10561495682224631
84,92,8,0.08,0.043137045288458464
74,87,13,0.13,0.13050920806825161
64,82,18,0.18,0.054042808637022974
76,88,12,0.12,0.11396077923476695
70,85,15,0.15,0.07726196093484759
76,88,12,0.12,0.10568403414916247
70,85,15,0.15,0.09079424903728067
60,80,20,0.2,0.13167628036811949
74,87,13,0.13,0.08398175537586212
86,93,7,0.07,0.08079233351163566
76,88,12,0.12,0.09158644174807705
78,89,11,0.11,0.1013532402459532
72,86,14,0.14,0.07886929739266633
80,90,10,0.1,0.08508125095628202
62,81,19,0.19,0.09684337347745896
78,89,11,0.11,0.07066502984147519
82,91,9,0.09,0.08233043157495558
58,79,21,0.21,0.11796712067909539
74,87,13,0.13,0.09308338275179268
68,84,16,0.16,0.10604209918528795
80,90,10,0.1,0.11169715330470353
74,87,13,0.13,0.12444828211329878
74,87,13,0.13,0.1145729322079569
80,90,10,0.1,0.08685891921631991
68,84,16,0.16,0.09711958047002554
48,74,26,0.26,0.12568000027909876
74,87,13,0.13,0.10638612194219604
92,96,4,0.04,0.0791760903224349
74,87,13,0.13,0.1076597086340189
62,81,19,0.19,0.1085506040789187
60,80,20,0.2,0.07024566375184804
88,94,6,0.06,0.06109049116028473
64,82,18,0.18,0.09560155145823955
88,94,6,0.06,0.05818501371890306
78,89,11,0.11,0.08999063512310386
60,80,20,0.2,0.09321862335316837
82,91,9,0.09,0.07769549150951206
74,87,13,0.13,0.09214832786470652
80,90,10,0.1,0.10230016201734543
78,89,11,0.11,0.08925048690289258
80,90,10,0.1,0.06857483664527536
74,87,13,0.13,0.09641967250034213
80,90,10,0.1,0.0896839520893991
90,95,5,0.05,0.1059997324226424
72,86,14,0.14,0.10238682360854
68,84,16,0.16,0.1049449265934527
82,91,9,0.09,0.07591376647353172
78,89,11,0.11,0.10575814901851117
76,88,12,0.12,0.07141455883393064
84,92,8,0.08,0.08782642432488501
92,96,4,0.04,0.07357181531377137
58,79,21,0.21,0.05766426020069048
62,81,19,0.19,0.09643751694820821
82,91,9,0.09,0.0636845539114438
88,94,6,0.06,0.03557886477326974
56,78,22,0.22,0.10745039595291019
78,89,11,0.11,0.08235225647687912
80,90,10,0.1,0.04453494611661881
72,86,14,0.14,0.07972143987193704
72,86,14,0.14,0.06713991144904867
70,85,15,0.15,0.10916955133434385
58,79,21,0.21,0.07524630288593472
82,91,9,0.09,0.09609532108530403
60,80,20,0.2,0.12542022309266032
84,92,8,0.08,0.1167293800227344
90,95,5,0.05,0.09080378409475089
78,89,11,0.11,0.10155328191816806
74,87,13,0.13,0.0988034434709698
66,83,17,0.17,0.10373747831210495
68,84,16,0.16,0.12382040452212095
66,83,17,0.17,0.13362427813932298
78,89,11,0.11,0.14840204416774214
80,90,10,0.1,0.13105942900292575
88,94,6,0.06,0.10404911451041698
84,92,8,0.08,0.11049390712752938
74,87,13,0.13,0.11220560385845602
64,82,18,0.18,0.09973601921461522
72,86,14,0.14,0.08825025485362857
84,92,8,0.08,0.08490342497825623
74,87,13,0.13,0.08932920624502003
72,86,14,0.14,0.09160056367516517
84,92,8,0.08,0.08620957438834012
74,87,13,0.13,0.1014636336825788
80,90,10,0.1,0.10428280275780707
88,94,6,0.06,0.08643707473762334
76,88,12,0.12,0.0624877525260672
68,84,16,0.16,0.08893455297220498
76,88,12,0.12,0.09360643668100238
80,90,10,0.1,0.08701905662193894
76,88,12,0.12,0.06415609546005725
82,91,9,0.09,0.07161782482173294
72,86,14,0.14,0.1151224946975708
68,84,16,0.16,0.11816962826997042
84,92,8,0.08,0.07748183795250953
74,87,13,0.13,0.10747309625148774
82,91,9,0.09,0.08350090442690998
76,88,12,0.12,0.06849778663832694
84,92,8,0.08,0.09229774257168173
74,87,13,0.13,0.0986592124355957
64,82,18,0.18,0.07715512019582092
92,96,4,0.04,0.07889476152602583
94,97,3,0.03,0.06799586888140766
74,87,13,0.13,0.09160906035918742
60,80,20,0.2,0.06337462941650301
64,82,18,0.18,0.08723577954806387
68,84,16,0.16,0.09297248305752874
78,89,11,0.11,0.06828657504636794
60,80,20,0.2,0.07135890083387494
66,83,17,0.17,0.08538458021823317
86,93,7,0.07,0.05359010400483385
74,87,13,0.13,0.09127812081947922
76,88,12,0.12,0.04923773469636217
72,86,14,0.14,0.1212061465671286
76,88,12,0.12,0.04175624968949705
76,88,12,0.12,0.051305751097388566
72,86,14,0.14,0.056883412981405854
70,85,15,0.15,0.11833174185827375
78,89,11,0.11,0.05614186711609363
76,88,12,0.12,0.11440818504430354
76,88,12,0.12,0.1069691902352497
76,88,12,0.12,0.06374275258742274
82,91,9,0.09,0.07067429468035698
68,84,16,0.16,0.10693692008499056
70,85,15,0.15,0.08005747629329563
80,90,10,0.1,0.06383132699411362
64,82,18,0.18,0.14574143065139653
84,92,8,0.08,0.06094563449732959
74,87,13,0.13,0.08809079664759338
66,83,17,0.17,0.16289701955392957
86,93,7,0.07,0.058126673949882385
58,79,21,0.21,0.10842362836003304
82,91,9,0.09,0.08904848775360734
74,87,13,0.13,0.08373404427431524
76,88,12,0.12,0.05882998500019312
74,87,13,0.13,0.05289520209655166
74,87,13,0.13,0.07312225741334259
68,84,16,0.16,0.059042779305018486
72,86,14,0.14,0.07341268168296665
80,90,10,0.1,0.07090662255883216
88,94,6,0.06,0.0673689225781709
74,87,13,0.13,0.07398774195637088
58,79,21,0.21,0.07988907863385976
82,91,9,0.09,0.0893526049517095
74,87,13,0.13,0.09700484244152903
66,83,17,0.17,0.07374731816351414
90,95,5,0.05,0.07584686925634741
80,90,10,0.1,0.0794875055551529
64,82,18,0.18,0.06847675835248083
66,83,17,0.17,0.08308202042244375
80,90,10,0.1,0.07298417375423014
62,81,19,0.19,0.0787945685442537
82,91,9,0.09,0.08024236115626991
66,83,17,0.17,0.060887867140118034
70,85,15,0.15,0.0733411184232682
72,86,14,0.14,0.08179323145188391
72,86,14,0.14,0.06514079905115068
82,91,9,0.09,0.10589110113214702
74,87,13,0.13,0.08754081297665835
76,88,12,0.12,0.08172411998733878
76,88,12,0.12,0.06802563742734492
78,89,11,0.11,0.05757875561714172
62,81,19,0.19,0.07433144838549197
74,87,13,0.13,0.06864950804971158
72,86,14,0.14,0.06476415754295886
66,83,17,0.17,0.07523736491799354
80,90,10,0.1,0.06077616265974939
78,89,11,0.11,0.06815074172336608
76,88,12,0.12,0.0792335626669228
68,84,16,0.16,0.1027164269424975
76,88,12,0.12,0.07166603331454098
64,82,18,0.18,0.10981723851524293
54,77,23,0.23,0.13082066973671316
82,91,9,0.09,0.07464876142796129
84,92,8,0.08,0.11168832141906022
78,89,11,0.11,0.07498459849040956
72,86,14,0.14,0.12499287089332939
72,86,14,0.14,0.07013079482363536
74,87,13,0.13,0.06695082681719214
70,85,15,0.15,0.1345854600891471
82,91,9,0.09,0.07867738605011254
78,89,11,0.11,0.10465351856313646
64,82,18,0.18,0.11531132638454437
76,88,12,0.12,0.12254730347922305
86,93,7,0.07,0.11774526171386242
76,88,12,0.12,0.10181453635916114
70,85,15,0.15,0.1159598927013576
70,85,15,0.15,0.15147150930017234
82,91,9,0.09,0.08532562081236392
78,89,11,0.11,0.10578052800148725
70,85,15,0.15,0.08380054688081146
76,88,12,0.12,0.09830581868067384
78,89,11,0.11,0.09891217632219196
76,88,12,0.12,0.1075624306872487
80,90,10,0.1,0.09338227745960466
76,88,12,0.12,0.10174466190394015
72,86,14,0.14,0.09493778997100889
60,80,20,0.2,0.10145786894485355
60,80,20,0.2,0.11249149797484279
76,88,12,0.12,0.10945340249687434
78,89,11,0.11,0.14158839990384878
76,88,12,0.12,0.11975169783458113
70,85,15,0.15,0.1165677852369845
46,73,27,0.27,0.15435693288221955
82,91,9,0.09,0.12399357419461011
78,89,11,0.11,0.09014441777020693
54,77,23,0.23,0.11785718807950615
72,86,14,0.14,0.1303622148744762
64,82,18,0.18,0.14099676491692661
72,86,14,0.14,0.08713011059910059
74,87,13,0.13,0.10030301075428724
76,88,12,0.12,0.09013022663071751
64,82,18,0.18,0.1080575073696673
60,80,20,0.2,0.12076958390884102
70,85,15,0.15,0.11674186409451068
68,84,16,0.16,0.11853661885485053
86,93,7,0.07,0.1166048847232014
90,95,5,0.05,0.12609862880781292
94,97,3,0.03,0.10697987116873264
84,92,8,0.08,0.05119658084120601
86,93,7,0.07,0.10252856057835742
78,89,11,0.11,0.06675503443926573
90,95,5,0.05,0.11278796060010791
80,90,10,0.1,0.10959721948951483
76,88,12,0.12,0.09931446769274771
72,86,14,0.14,0.11321156694553793
88,94,6,0.06,0.06750153542030603
84,92,8,0.08,0.1300991230737418
72,86,14,0.14,0.05434540684334934
80,90,10,0.1,0.07653779071290046
70,85,15,0.15,0.1038188811019063
86,93,7,0.07,0.10421739177778364
72,86,14,0.14,0.09558333892375231
76,88,12,0.12,0.12893749937415122
78,89,11,0.11,0.08041004305705428
78,89,11,0.11,0.07485223375959321
72,86,14,0.14,0.09014037695713341
46,73,27,0.27,0.0956918763788417
74,87,13,0.13,0.06527868161909282
62,81,19,0.19,0.07757840538397431
80,90,10,0.1,0.0755664530582726
70,85,15,0.15,0.07240186303853989
54,77,23,0.23,0.10792032788973302
76,88,12,0.12,0.09731527866795658
78,89,11,0.11,0.0849182693939656
84,92,8,0.08,0.11072430170606821
80,90,10,0.1,0.09146075123921037
72,86,14,0.14,0.13370191130787135
56,78,22,0.22,0.13871348924934865
68,84,16,0.16,0.15897011768072844
80,90,10,0.1,0.10342619629576802
62,81,19,0.19,0.14277757027186452
74,87,13,0.13,0.1595895862393081
64,82,18,0.18,0.14354140404611826
58,79,21,0.21,0.11634124051779508
94,97,3,0.03,0.09632008562795819
86,93,7,0.07,0.08621585119049996
70,85,15,0.15,0.10715082288952545
62,81,19,0.19,0.09879538962617516
86,93,7,0.07,0.09855281841941178
82,91,9,0.09,0.11192876503802836
74,87,13,0.13,0.0827086369972676
76,88,12,0.12,0.09108262364286929
76,88,12,0.12,0.0914678680896759
70,85,15,0.15,0.10633810352534055
82,91,9,0.09,0.07887030220590532
76,88,12,0.12,0.10299997818190604
86,93,7,0.07,0.07582912970334292
78,89,11,0.11,0.08712601776234806
74,87,13,0.13,0.10726738912751899
76,88,12,0.12,0.09418390697217546
60,80,20,0.2,0.08742063267156482
72,86,14,0.14,0.09029669326264411
70,85,15,0.15,0.08887652380391955
70,85,15,0.15,0.1070231208205223
64,82,18,0.18,0.11542966799810529
54,77,23,0.23,0.1461324671190232
76,88,12,0.12,0.13026239517144858
70,85,15,0.15,0.1122417461592704
58,79,21,0.21,0.07286579589359463
70,85,15,0.15,0.09499980014748871
70,85,15,0.15,0.11909452708438038
68,84,16,0.16,0.08493106129113585
84,92,8,0.08,0.104392095124349
84,92,8,0.08,0.07692183258011936
70,85,15,0.15,0.09426428309641778
72,86,14,0.14,0.09541610795073212
76,88,12,0.12,0.08155590494628996
74,87,13,0.13,0.09328310592100024
70,85,15,0.15,0.09374205531552433
68,84,16,0.16,0.08912092441692948
68,84,16,0.16,0.08416236690245568
96,98,2,0.02,0.10011080885189585
72,86,14,0.14,0.09130700162146241
88,94,6,0.06,0.09629528427496553
64,82,18,0.18,0.06286867725662887
70,85,15,0.15,0.10949695160612465
80,90,10,0.1,0.10041814591735601
68,84,16,0.16,0.07781748900189996
78,89,11,0.11,0.08745471441186964
70,85,15,0.15,0.0705285126902163
66,83,17,0.17,0.10569841494783759
78,89,11,0.11,0.11336018508300186
66,83,17,0.17,0.08438971288502216
78,89,11,0.11,0.10449696190655232
76,88,12,0.12,0.1207229692209512
74,87,13,0.13,0.08098695209249854
58,79,21,0.21,0.13005386389791965
72,86,14,0.14,0.1215569856762886
66,83,17,0.17,0.0856782955210656
72,86,14,0.14,0.11934617444872857
68,84,16,0.16,0.08194900405593217
84,92,8,0.08,0.10698508923873305
68,84,16,0.16,0.094957325309515
64,82,18,0.18,0.10029954351717606
64,82,18,0.18,0.07411615142598749
86,93,7,0.07,0.056092938715592025
58,79,21,0.21,0.07264945618808269
54,77,23,0.23,0.06323499730788171
76,88,12,0.12,0.06651342072989791
76,88,12,0.12,0.10860033027362079
68,84,16,0.16,0.08021363960579038
74,87,13,0.13,0.06589372973539867
76,88,12,0.12,0.06372484417166561
74,87,13,0.13,0.0660396946966648
84,92,8,0.08,0.09047486143186688
72,86,14,0.14,0.12575740025844426
78,89,11,0.11,0.06567721958737821
72,86,14,0.14,0.12069418183993548
78,89,11,0.11,0.05623735633678734
70,85,15,0.15,0.10619214039295911
82,91,9,0.09,0.09731571037787944
80,90,10,0.1,0.049405491803772746
70,85,15,0.15,0.055516799381002783
66,83,17,0.17,0.07201334860525094
76,88,12,0.12,0.08025243278592825
86,93,7,0.07,0.06129755170084536
72,86,14,0.14,0.06732084539253265
76,88,12,0.12,0.06947083656908944
78,89,11,0.11,0.057053069360554216
88,94,6,0.06,0.045999202914536
74,87,13,0.13,0.06367117304354906
92,96,4,0.04,0.057493961369618776
78,89,11,0.11,0.07003322241827846
60,80,20,0.2,0.07350413573905826
90,95,5,0.05,0.05267820947337896
74,87,13,0.13,0.06466870783362538
66,83,17,0.17,0.08641299281269312
62,81,19,0.19,0.08302838828414678
74,87,13,0.13,0.07371129608713091
62,81,19,0.19,0.0824707006663084
78,89,11,0.11,0.07012128223665058
82,91,9,0.09,0.07383996340446174
90,95,5,0.05,0.06855120081920177
80,90,10,0.1,0.0652920581959188
68,84,16,0.16,0.06294591151061468
80,90,10,0.1,0.06445461982162669
64,82,18,0.18,0.06705017407657579
78,89,11,0.11,0.06203195158857852
74,87,13,0.13,0.06309970254660584
72,86,14,0.14,0.06776914638467132
78,89,11,0.11,0.06078483340330422
66,83,17,0.17,0.08345362623222172
78,89,11,0.11,0.064357397579588
82,91,9,0.09,0.07247395590413362
78,89,11,0.11,0.06766695248894393
60,80,20,0.2,0.0833636676054448
66,83,17,0.17,0.07224645325914025
76,88,12,0.12,0.07549307700246573
84,92,8,0.08,0.054049831717275086
56,78,22,0.22,0.08776036665774882
68,84,16,0.16,0.06398204824887216
76,88,12,0.12,0.07533939683809876
76,88,12,0.12,0.08186101512052119
66,83,17,0.17,0.07779947267845273
86,93,7,0.07,0.08249778484925628
70,85,15,0.15,0.08496761630754918
78,89,11,0.11,0.07484680492430926
78,89,11,0.11,0.07583881847094745
60,80,20,0.2,0.09559489889070391
74,87,13,0.13,0.10021293614991009
74,87,13,0.13,0.11341664835810661
72,86,14,0.14,0.12288452435284852
80,90,10,0.1,0.08995296027511358
78,89,11,0.11,0.1103552139364183
72,86,14,0.14,0.1093626862205565
64,82,18,0.18,0.14663962572813033
72,86,14,0.14,0.12406362227164208
80,90,10,0.1,0.08374988740310073
66,83,17,0.17,0.11773189847357571
78,89,11,0.11,0.09949304061476141
62,81,19,0.19,0.11083068123087286
76,88,12,0.12,0.09431430045515299
78,89,11,0.11,0.09843016871251166
90,95,5,0.05,0.08902917492436245
84,92,8,0.08,0.0973886845819652
64,82,18,0.18,0.08713314367458225
74,87,13,0.13,0.0807153454516083
92,96,4,0.04,0.09000761022325605
76,88,12,0.12,0.07505711306352168
76,88,12,0.12,0.10903736058622598
82,91,9,0.09,0.06588123896159231
72,86,14,0.14,0.09484773451462387
74,87,13,0.13,0.07049943434074521
74,87,13,0.13,0.11570768127799966
70,85,15,0.15,0.0666353339701891
70,85,15,0.15,0.10837697459384799
66,83,17,0.17,0.07182981812395156
72,86,14,0.14,0.07922053955495358
66,83,17,0.17,0.0782380602043122
90,95,5,0.05,0.07312737001106143
80,90,10,0.1,0.07794071533950046
82,91,9,0.09,0.08007835171883926
62,81,19,0.19,0.0998913299292326
78,89,11,0.11,0.07525406749919057
74,87,13,0.13,0.11369931031484157
74,87,13,0.13,0.09940532551612705
68,84,16,0.16,0.09630979785695672
56,78,22,0.22,0.08327140244364273
72,86,14,0.14,0.07721364277414977
74,87,13,0.13,0.08835823779460043
78,89,11,0.11,0.08594717337749898
78,89,11,0.11,0.08007410367950797
74,87,13,0.13,0.07987758907023818
78,89,11,0.11,0.08519237972795964
66,83,17,0.17,0.07616227690596133
76,88,12,0.12,0.06839028627146035
82,91,9,0.09,0.06960210389224812
76,88,12,0.12,0.06501531953923405
78,89,11,0.11,0.10125517629086972
62,81,19,0.19,0.08899792570620775
74,87,13,0.13,0.0998083683475852
78,89,11,0.11,0.0951446324493736
82,91,9,0.09,0.06277310617733747
88,94,6,0.06,0.06881031359313056
80,90,10,0.1,0.07021733958274126
84,92,8,0.08,0.05637094706762582
74,87,13,0.13,0.05921141404658556
74,87,13,0.13,0.06251754520460963
64,82,18,0.18,0.07480228023603558
62,81,19,0.19,0.074619929343462
64,82,18,0.18,0.07910735531244427
74,87,13,0.13,0.07461711667012423
68,84,16,0.16,0.08285575903952122
86,93,7,0.07,0.05114904206013307
78,89,11,0.11,0.0651369525771588
70,85,15,0.15,0.06048733257688582
72,86,14,0.14,0.08804868907667697
72,86,14,0.14,0.0694428934995085
56,78,22,0.22,0.09409183774143458
64,82,18,0.18,0.09247438775375486
70,85,15,0.15,0.087815324049443
56,78,22,0.22,0.08275334285572171
66,83,17,0.17,0.09739830389618874
62,81,19,0.19,0.0948847699072212
70,85,15,0.15,0.09187398209236562
72,86,14,0.14,0.08077160702086986
78,89,11,0.11,0.06996581693645566
80,90,10,0.1,0.07320570793934167
68,84,16,0.16,0.08022776787169278
66,83,17,0.17,0.08461568624712527
74,87,13,0.13,0.10834815417416394
74,87,13,0.13,0.08452906159684062
74,87,13,0.13,0.07867743738461286
72,86,14,0.14,0.09049508427269756
70,85,15,0.15,0.14988023864105343
64,82,18,0.18,0.07583290291018784
68,84,16,0.16,0.09382784459739923
80,90,10,0.1,0.08487409584224224
70,85,15,0.15,0.08793693131301553
88,94,6,0.06,0.06881557879969477
80,90,10,0.1,0.12265897378325462
66,83,17,0.17,0.0691594131104648
86,93,7,0.07,0.11392249774187803
74,87,13,0.13,0.08163190972059965
78,89,11,0.11,0.10294070830568672
78,89,11,0.11,0.06059992128517479
56,78,22,0.22,0.07078608051873743
66,83,17,0.17,0.1393720049969852
62,81,19,0.19,0.06685637271497398
58,79,21,0.21,0.06529122113250196
90,95,5,0.05,0.08358655537944287
76,88,12,0.12,0.07788481455296278
76,88,12,0.12,0.08195700777228922
68,84,16,0.16,0.08890278914477676
68,84,16,0.16,0.09451060930266976
68,84,16,0.16,0.09949755888432264
68,84,16,0.16,0.11135391335003078
74,87,13,0.13,0.10341683955863118
70,85,15,0.15,0.07543935000896454
84,92,8,0.08,0.07571087281219661
68,84,16,0.16,0.1209345802711323
88,94,6,0.06,0.06208037975244224
58,79,21,0.21,0.14336538145318628
74,87,13,0.13,0.07849671726115048
70,85,15,0.15,0.06072542740963399
70,85,15,0.15,0.0687079664785415
74,87,13,0.13,0.12126609494909645
82,91,9,0.09,0.06289869809523224
76,88,12,0.12,0.12132433949969709
90,95,5,0.05,0.05923516293056309
80,90,10,0.1,0.10401838222518563
64,82,18,0.18,0.07568558903411031
78,89,11,0.11,0.10176798288710415
72,86,14,0.14,0.08325870655477047
76,88,12,0.12,0.10144059108570218
82,91,9,0.09,0.08339106817729772
52,76,24,0.24,0.1355865413392894
84,92,8,0.08,0.06656486187130213
80,90,10,0.1,0.11770772871561348
84,92,8,0.08,0.06741428319364787
74,87,13,0.13,0.06643599239643663
70,85,15,0.15,0.0801219445373863
74,87,13,0.13,0.1246272776182741
56,78,22,0.22,0.08965481420047582
80,90,10,0.1,0.11769311253912747
76,88,12,0.12,0.071816227552481
74,87,13,0.13,0.06700069866608828
76,88,12,0.12,0.1090828806348145
56,78,22,0.22,0.09483810131903737
64,82,18,0.18,0.08804005256388336
66,83,17,0.17,0.07411871846998111
68,84,16,0.16,0.10289379496127367
82,91,9,0.09,0.07604575912468135
86,93,7,0.07,0.06714591596275568
66,83,17,0.17,0.0843957242090255
64,82,18,0.18,0.08352295471355319
88,94,6,0.06,0.09656069271732122
56,78,22,0.22,0.08867810894735158
84,92,8,0.08,0.10629362254636363
72,86,14,0.14,0.053690752210095526
66,83,17,0.17,0.12117769576609135
84,92,8,0.08,0.11284493025392293
72,86,14,0.14,0.0972002081759274
72,86,14,0.14,0.10367915710434318
68,84,16,0.16,0.12942804872989655
82,91,9,0.09,0.11450374905019998
84,92,8,0.08,0.11324560159118846
72,86,14,0.14,0.08949259988032282
80,90,10,0.1,0.1362751841917634
76,88,12,0.12,0.08174527286319062
46,73,27,0.27,0.13413320211693644
86,93,7,0.07,0.0773634491674602
62,81,19,0.19,0.09699698221869767
78,89,11,0.11,0.09920488270930945
68,84,16,0.16,0.0849691082816571
76,88,12,0.12,0.08036193134263157
82,91,9,0.09,0.11853124922141432
78,89,11,0.11,0.07836097734048962
72,86,14,0.14,0.11872057596221566
82,91,9,0.09,0.08419778164476156
70,85,15,0.15,0.090725307026878
66,83,17,0.17,0.07404590656049549
76,88,12,0.12,0.0916244316706434
78,89,11,0.11,0.07618234492838383
74,87,13,0.13,0.10959047802723944
76,88,12,0.12,0.07949699285440147
78,89,11,0.11,0.07973444405011833
64,82,18,0.18,0.10804878136143088
64,82,18,0.18,0.12666997179389
78,89,11,0.11,0.0860702600236982
68,84,16,0.16,0.0743445400474593
84,92,8,0.08,0.06084719694685191
70,85,15,0.15,0.07988276181742548
80,90,10,0.1,0.07093207535333931
76,88,12,0.12,0.11231513375416398
78,89,11,0.11,0.10591839005239308
76,88,12,0.12,0.08285387718118727
74,87,13,0.13,0.12531130909919738
74,87,13,0.13,0.08628642154857516
80,90,10,0.1,0.07438832128420472
80,90,10,0.1,0.10553654039278626
88,94,6,0.06,0.08335208524018527
62,81,19,0.19,0.12371196476742626
70,85,15,0.15,0.08471292959526182
72,86,14,0.14,0.07312657671049237
70,85,15,0.15,0.09071985508315265
66,83,17,0.17,0.07912198847159743
68,84,16,0.16,0.1072787819430232
64,82,18,0.18,0.09855942969676107
76,88,12,0.12,0.08797323521226645
86,93,7,0.07,0.08191774049773812
76,88,12,0.12,0.10590831637382507
58,79,21,0.21,0.07991051620803774
90,95,5,0.05,0.06305609975010157
80,90,10,0.1,0.09616900995373726
46,73,27,0.27,0.10107337549328804
68,84,16,0.16,0.08733255261555314
86,93,7,0.07,0.06851494464091956
84,92,8,0.08,0.08045344825834036
86,93,7,0.07,0.0685368417436257
76,88,12,0.12,0.10053839409723878
90,95,5,0.05,0.07360136273317039
78,89,11,0.11,0.06132669692626223
82,91,9,0.09,0.091090646116063
80,90,10,0.1,0.042210845791269096
64,82,18,0.18,0.10027552560903132
80,90,10,0.1,0.057969510247930886
80,90,10,0.1,0.10750193122774362
70,85,15,0.15,0.0577810950903222
58,79,21,0.21,0.06789848047308623
58,79,21,0.21,0.07897561782505363
64,82,18,0.18,0.06834641255554744
76,88,12,0.12,0.10541105705313385
86,93,7,0.07,0.07603023850824683
58,79,21,0.21,0.08637416237033904
68,84,16,0.16,0.0827452102676034
70,85,15,0.15,0.09401690441183747
50,75,25,0.25,0.11029325740411877
86,93,7,0.07,0.07461177253164351
88,94,6,0.06,0.05796873353421688
62,81,19,0.19,0.10739715315401555
82,91,9,0.09,0.07940603704191744
74,87,13,0.13,0.0863568598870188
84,92,8,0.08,0.08654796336311847
76,88,12,0.12,0.07971146287396551
80,90,10,0.1,0.07539312519133091
72,86,14,0.14,0.10428112547844648
76,88,12,0.12,0.07348814583849161
84,92,8,0.08,0.07438811884261667
86,93,7,0.07,0.07667161650024354
82,91,9,0.09,0.07324873985722662
76,88,12,0.12,0.06691544144414366
74,87,13,0.13,0.0956033557653427
64,82,18,0.18,0.0669498954480514
78,89,11,0.11,0.07992605721578001
64,82,18,0.18,0.10550546919927001
80,90,10,0.1,0.061287934789434076
76,88,12,0.12,0.06809837633743882
74,87,13,0.13,0.10616312796249985
70,85,15,0.15,0.06810149020515383
66,83,17,0.17,0.09280352229252457
80,90,10,0.1,0.05908019945491105
82,91,9,0.09,0.05583313571754843
72,86,14,0.14,0.053017902583815155
88,94,6,0.06,0.059689162224531175
88,94,6,0.06,0.0666824280982837
76,88,12,0.12,0.06362249477766455
74,87,13,0.13,0.07164477072888985
70,85,15,0.15,0.06692063155584037
66,83,17,0.17,0.1380351952649653
74,87,13,0.13,0.0643943622848019
80,90,10,0.1,0.0843521404825151
76,88,12,0.12,0.06535301998257637
58,79,21,0.21,0.08154013673309236
64,82,18,0.18,0.11581933059729636
82,91,9,0.09,0.06900035730563105
76,88,12,0.12,0.07099835073575378
68,84,16,0.16,0.1317642392963171
76,88,12,0.12,0.06827494350261987
82,91,9,0.09,0.07609503452433274
62,81,19,0.19,0.13218296689912676
90,95,5,0.05,0.06376769677735865
82,91,9,0.09,0.07333517896011471
64,82,18,0.18,0.11245561491698026
72,86,14,0.14,0.07643402362708002
64,82,18,0.18,0.1299029564578086
82,91,9,0.09,0.0657935699285008
86,93,7,0.07,0.07385936396196485
72,86,14,0.14,0.10369349824264645
54,77,23,0.23,0.06868228010833263
78,89,11,0.11,0.04914059394272044
84,92,8,0.08,0.09668672458268703
58,79,21,0.21,0.09463468172587454
88,94,6,0.06,0.06281243450939655
70,85,15,0.15,0.10056661942973733
60,80,20,0.2,0.08752887850627303
78,89,11,0.11,0.09454761521890759
82,91,9,0.09,0.07852844816632569
78,89,11,0.11,0.06307909049093724
70,85,15,0.15,0.07696165760979057
60,80,20,0.2,0.10200880080577918
82,91,9,0.09,0.07473320463439449
78,89,11,0.11,0.13026951430831105
84,92,8,0.08,0.06035646757110953
76,88,12,0.12,0.08820682730525732
72,86,14,0.14,0.07694312282837927
70,85,15,0.15,0.08537966165691614
70,85,15,0.15,0.05924505399540067
74,87,13,0.13,0.09227564696688205
84,92,8,0.08,0.061739013590849934
76,88,12,0.12,0.13938179543241858
68,84,16,0.16,0.11642386561259627
80,90,10,0.1,0.11729977623559534
68,84,16,0.16,0.11245928822085262
72,86,14,0.14,0.10212822487577795
76,88,12,0.12,0.140219513066113
66,83,17,0.17,0.13712118497118353
70,85,15,0.15,0.1249649169575423
66,83,17,0.17,0.10183232775889337
82,91,9,0.09,0.1241576843522489
72,86,14,0.14,0.12934593226760627
72,86,14,0.14,0.1386091910302639
78,89,11,0.11,0.11410888054408133
64,82,18,0.18,0.11175760925747454
68,84,16,0.16,0.12712746938690545
84,92,8,0.08,0.12952881787903606
80,90,10,0.1,0.1184260666090995
64,82,18,0.18,0.10712443808093668
78,89,11,0.11,0.12801421605050564
92,96,4,0.04,0.10548694470897317
80,90,10,0.1,0.10894281260669231
84,92,8,0.08,0.10546511975117027
88,94,6,0.06,0.12736252862028777
56,78,22,0.22,0.11799669168889522
70,85,15,0.15,0.11620456045027822
70,85,15,0.15,0.12764730695169418
76,88,12,0.12,0.11952048444654792
66,83,17,0.17,0.1144321319181472
66,83,17,0.17,0.1361643415875733
74,87,13,0.13,0.10007623470388353
68,84,16,0.16,0.11703514507040381
84,92,8,0.08,0.11973833003081381
74,87,13,0.13,0.10991536025889218
68,84,16,0.16,0.11052263826830312
78,89,11,0.11,0.10068690994754434
80,90,10,0.1,0.11784409305080772
78,89,11,0.11,0.10029301572591066
70,85,15,0.15,0.13749160764738919
76,88,12,0.12,0.10373641273006796
68,84,16,0.16,0.1440580683387816
72,86,14,0.14,0.09047960583120584
80,90,10,0.1,0.08519291249103844
64,82,18,0.18,0.10320150079205632
84,92,8,0.08,0.17159608295187354
78,89,11,0.11,0.08025831663049758
64,82,18,0.18,0.08524589818902313
76,88,12,0.12,0.13205995394382625
64,82,18,0.18,0.09157025139778853
70,85,15,0.15,0.13185447350144386
68,84,16,0.16,0.06394520150963218
74,87,13,0.13,0.07502939182799309
70,85,15,0.15,0.07318797826301307
72,86,14,0.14,0.05822825889568776
62,81,19,0.19,0.08392356092110276
74,87,13,0.13,0.08074948526918888
74,87,13,0.13,0.07201500021386892
72,86,14,0.14,0.08224430525675416
88,94,6,0.06,0.08444369269069284
80,90,10,0.1,0.05848606250714511
68,84,16,0.16,0.08359111673664302
62,81,19,0.19,0.08488351837731897
78,89,11,0.11,0.07639869192615151
68,84,16,0.16,0.07772002254612743
64,82,18,0.18,0.07517507327254862
64,82,18,0.18,0.06910718406550587
72,86,14,0.14,0.07676476917229592
60,80,20,0.2,0.07249759464524687
68,84,16,0.16,0.12247961513698101
68,84,16,0.16,0.12617536666803061
62,81,19,0.19,0.1295255020260811
76,88,12,0.12,0.13562614077702165
68,84,16,0.16,0.1075461453665048
80,90,10,0.1,0.10901663560420274
86,93,7,0.07,0.14848807419650256
82,91,9,0.09,0.13626508596353232
68,84,16,0.16,0.12936804078519346
80,90,10,0.1,0.15279069369658826
76,88,12,0.12,0.1548844761773944
70,85,15,0.15,0.1502198482118547
78,89,11,0.11,0.11794135207310319
74,87,13,0.13,0.10387902387417852
72,86,14,0.14,0.12089475565124302
58,79,21,0.21,0.12476795833557844
80,90,10,0.1,0.1114428365137428
78,89,11,0.11,0.10823758352082223
76,88,12,0.12,0.10557144915685057
82,91,9,0.09,0.11831096817273647
82,91,9,0.09,0.0829676866182126
76,88,12,0.12,0.09347703880164772
80,90,10,0.1,0.07986831218469888
74,87,13,0.13,0.07932526459917426
66,83,17,0.17,0.09725444249343126
86,93,7,0.07,0.08666777493432164
66,83,17,0.17,0.12456859562080354
72,86,14,0.14,0.10017246840521693
86,93,7,0.07,0.09090544912498444
80,90,10,0.1,0.08583016998134553
76,88,12,0.12,0.06805384719744324
74,87,13,0.13,0.0903269881894812
66,83,17,0.17,0.1446667884476483
84,92,8,0.08,0.05808327795471996
50,75,25,0.25,0.07793552875518799
62,81,19,0.19,0.09827525929547846
62,81,19,0.19,0.10473010069690644
74,87,13,0.13,0.0771554053388536
92,96,4,0.04,0.07865618499927222
86,93,7,0.07,0.1437661367468536
80,90,10,0.1,0.08935417815111578
64,82,18,0.18,0.10065942440647632
86,93,7,0.07,0.0759510625526309
86,93,7,0.07,0.07664454620331526
92,96,4,0.04,0.062117802299326286
86,93,7,0.07,0.09165613544173538
84,92,8,0.08,0.0650783108617179
70,85,15,0.15,0.08405160509748384
70,85,15,0.15,0.04814616101328283
64,82,18,0.18,0.0699287358764559
60,80,20,0.2,0.06701023825909942
76,88,12,0.12,0.10129931493662298
70,85,15,0.15,0.08520156980492175
74,87,13,0.13,0.07520348197780549
72,86,14,0.14,0.07096256520366297
72,86,14,0.14,0.07613360536284745
86,93,7,0.07,0.06098054766189307
66,83,17,0.17,0.07231899713398889
64,82,18,0.18,0.07159094016067684
62,81,19,0.19,0.08659047539811582
70,85,15,0.15,0.08493086403235793
82,91,9,0.09,0.10026978679001332
74,87,13,0.13,0.06944794576615095
74,87,13,0.13,0.07561938116326929
66,83,17,0.17,0.07985377758974209
80,90,10,0.1,0.07410648881690576
84,92,8,0.08,0.05026163638569415
80,90,10,0.1,0.060824012821540235
66,83,17,0.17,0.06045087228529155
52,76,24,0.24,0.060133701185695825
72,86,14,0.14,0.06279045701958239
60,80,20,0.2,0.06744703366421163
62,81,19,0.19,0.08122389005497098
64,82,18,0.18,0.07560694394167512
82,91,9,0.09,0.06085999712813646
74,87,13,0.13,0.06419095548917539
72,86,14,0.14,0.06008681349921972
82,91,9,0.09,0.07143665957264603
72,86,14,0.14,0.08112029732204974
74,87,13,0.13,0.08034380504861474
70,85,15,0.15,0.08803780378308147
68,84,16,0.16,0.15028791612014175
86,93,7,0.07,0.0613528663199395
62,81,19,0.19,0.10198627618141472
74,87,13,0.13,0.0759293919056654
72,86,14,0.14,0.08612475642934442
64,82,18,0.18,0.08179936543107033
68,84,16,0.16,0.07290633927099406
56,78,22,0.22,0.08516676832921803
74,87,13,0.13,0.07008850907441229
80,90,10,0.1,0.06131182784214616
84,92,8,0.08,0.05730987647082657
70,85,15,0.15,0.053242778349667785
64,82,18,0.18,0.06604434941895305
76,88,12,0.12,0.05665900772437453
82,91,9,0.09,0.13068738801404833
72,86,14,0.14,0.054593964768573644
90,95,5,0.05,0.04463017573114485
80,90,10,0.1,0.13707358660642058
76,88,12,0.12,0.05415732584893704
70,85,15,0.15,0.06047497652471066
44,72,28,0.28,0.07663814556784927
58,79,21,0.21,0.127177117979154
70,85,15,0.15,0.07753491705283523
74,87,13,0.13,0.09097284611314535
80,90,10,0.1,0.09863485225476325
84,92,8,0.08,0.06652162000536918
66,83,17,0.17,0.10247211149893701
76,88,12,0.12,0.07212136293528601
66,83,17,0.17,0.11462586957961321
70,85,15,0.15,0.0743339142901823
72,86,14,0.14,0.1430438311584294
74,87,13,0.13,0.07544655613601207
68,84,16,0.16,0.08337975684553385
62,81,19,0.19,0.09749437607824803
82,91,9,0.09,0.1067752720694989
70,85,15,0.15,0.07056381528265775
80,90,10,0.1,0.08299041476566345
78,89,11,0.11,0.08959870983846485
74,87,13,0.13,0.05967771613970399
78,89,11,0.11,0.08425667900592089
64,82,18,0.18,0.06901331950444728
70,85,15,0.15,0.08231662964448333
78,89,11,0.11,0.061393105532042684
72,86,14,0.14,0.1043890773691237
76,88,12,0.12,0.0462363548547728
74,87,13,0.13,0.07187558477278799
80,90,10,0.1,0.1328113603964448
72,86,14,0.14,0.13641327341087162
72,86,14,0.14,0.05618947367649525
86,93,7,0.07,0.07218021228909492
86,93,7,0.07,0.12817806793376804
78,89,11,0.11,0.08828614246100187
72,86,14,0.14,0.06025539443595335
68,84,16,0.16,0.11736265337094665
64,82,18,0.18,0.12253937566652894
76,88,12,0.12,0.1372925853403285
70,85,15,0.15,0.12423466284759342
70,85,15,0.15,0.12026024437509478
82,91,9,0.09,0.09799982345663011
76,88,12,0.12,0.11311159640550614
60,80,20,0.2,0.14379553394392133
54,77,23,0.23,0.12359428625088185
68,84,16,0.16,0.13006507877260445
82,91,9,0.09,0.12410184614360333
72,86,14,0.14,0.13302632408216597
70,85,15,0.15,0.14322167184203863
90,95,5,0.05,0.11688431974034756
82,91,9,0.09,0.09264590470120311
78,89,11,0.11,0.13198880968615412
84,92,8,0.08,0.06042146264226176
68,84,16,0.16,0.1316919370368123
66,83,17,0.17,0.115618243413046
76,88,12,0.12,0.11196627635508775
58,79,21,0.21,0.10982179172337055
56,78,22,0.22,0.11763778078369796
76,88,12,0.12,0.06420237969141454
70,85,15,0.15,0.10289607420563698
62,81,19,0.19,0.13848360603209586
76,88,12,0.12,0.07873301574960351
74,87,13,0.13,0.11623892595991492
70,85,15,0.15,0.11893807688727975
76,88,12,0.12,0.09890179505571722
84,92,8,0.08,0.1062370129674673
56,78,22,0.22,0.08158247729763389
68,84,16,0.16,0.11438596826978027
78,89,11,0.11,0.07560569575522096
90,95,5,0.05,0.11673821118660271
72,86,14,0.14,0.05239969937829301
64,82,18,0.18,0.09490731584490276
86,93,7,0.07,0.10345916445367039
84,92,8,0.08,0.05007146766176447
64,82,18,0.18,0.08708140464499593
74,87,13,0.13,0.05637892734259367
74,87,13,0.13,0.11220847703516483
68,84,16,0.16,0.06581832648254932
64,82,18,0.18,0.11504287775605918
74,87,13,0.13,0.07206088895909488
64,82,18,0.18,0.14629858769476414
78,89,11,0.11,0.11581382993608713
88,94,6,0.06,0.10164545736741275
64,82,18,0.18,0.14811868270859121
56,78,22,0.22,0.08750742290169
68,84,16,0.16,0.07638713203370572
72,86,14,0.14,0.08639925692230463
78,89,11,0.11,0.11006109711714089
60,80,20,0.2,0.12289380462840199
68,84,16,0.16,0.11640156858600675
78,89,11,0.11,0.12677736188285052
78,89,11,0.11,0.11744314748793841
72,86,14,0.14,0.11372874964028597
56,78,22,0.22,0.14845019970089196
80,90,10,0.1,0.08619712760671973
82,91,9,0.09,0.14159782199189067
88,94,6,0.06,0.09496394308283924
86,93,7,0.07,0.1322020931635052
86,93,7,0.07,0.12865122707560658
74,87,13,0.13,0.10176061214879155
80,90,10,0.1,0.13450384330004453
60,80,20,0.2,0.11154337740503252
76,88,12,0.12,0.1126223182119429
66,83,17,0.17,0.13739782456308602
78,89,11,0.11,0.1304505604878068
68,84,16,0.16,0.0936098156310618
76,88,12,0.12,0.1424124631099403
80,90,10,0.1,0.11728512108325959
70,85,15,0.15,0.09939207274466753
70,85,15,0.15,0.11239725396037102
68,84,16,0.16,0.12654858980327843
76,88,12,0.12,0.09263914425857366
74,87,13,0.13,0.10622043396346272
80,90,10,0.1,0.09226121561601758
86,93,7,0.07,0.09296381514519453
72,86,14,0.14,0.08736176362261176
72,86,14,0.14,0.10288713887799532
88,94,6,0.06,0.08122225923463702
74,87,13,0.13,0.05201696556061506
88,94,6,0.06,0.06394838624633849
80,90,10,0.1,0.10285514041781425
68,84,16,0.16,0.06894658357836306
86,93,7,0.07,0.09712710416875779
62,81,19,0.19,0.06791948029771447
84,92,8,0.08,0.1131950542703271
70,85,15,0.15,0.11309705037623644
70,85,15,0.15,0.11014449493959547
56,78,22,0.22,0.14647653678432107
80,90,10,0.1,0.11705350691452622
92,96,4,0.04,0.1198300445638597
74,87,13,0.13,0.13080665247514844
58,79,21,0.21,0.14439540101215242
78,89,11,0.11,0.1171613722294569
76,88,12,0.12,0.07626261079218238
74,87,13,0.13,0.06887762654572725
76,88,12,0.12,0.1292345170211047
80,90,10,0.1,0.05561951323412359
76,88,12,0.12,0.04803451692685485
80,90,10,0.1,0.12123115930706263
44,72,28,0.28,0.12704154087230562
70,85,15,0.15,0.12218936685472727
82,91,9,0.09,0.10484032843261958
70,85,15,0.15,0.12862284678965807
68,84,16,0.16,0.07203114437870681
58,79,21,0.21,0.11053774610860273
78,89,11,0.11,0.043411659956909716
84,92,8,0.08,0.04931727646384388
84,92,8,0.08,0.10764993926044554
60,80,20,0.2,0.1149935075454414
78,89,11,0.11,0.13155853520613164
86,93,7,0.07,0.05465157979808282
70,85,15,0.15,0.1166446090489626
74,87,13,0.13,0.04506612853147089
84,92,8,0.08,0.05211498369812034
32,66,34,0.34,0.07550559731665998
68,84,16,0.16,0.10391484846360982
68,84,16,0.16,0.05133779081981629
62,81,19,0.19,0.0672195976623334
80,90,10,0.1,0.09830704280175269
72,86,14,0.14,0.0674480558373034
80,90,10,0.1,0.06387256734538824
82,91,9,0.09,0.07087928298860788
74,87,13,0.13,0.11318286942318082
80,90,10,0.1,0.04612796664237976
72,86,14,0.14,0.06648988214321434
82,91,9,0.09,0.11496939120814204
70,85,15,0.15,0.05073411390185356
62,81,19,0.19,0.0733112696185708
78,89,11,0.11,0.10993191982619464
68,84,16,0.16,0.05889587768353522
66,83,17,0.17,0.06077591388486326
50,75,25,0.25,0.06542319374391808
82,91,9,0.09,0.1322753955796361
72,86,14,0.14,0.07899331970140339
82,91,9,0.09,0.06177969181910157
78,89,11,0.11,0.06939897209405899
62,81,19,0.19,0.12471820115111769
84,92,8,0.08,0.07599921571556478
86,93,7,0.07,0.14472512171138077
80,90,10,0.1,0.06304697844199836
72,86,14,0.14,0.08318380818702281
74,87,13,0.13,0.1379349994007498
56,78,22,0.22,0.09476758470758796
76,88,12,0.12,0.07406810024287552
76,88,12,0.12,0.12050463081337512
86,93,7,0.07,0.09083840910345316
72,86,14,0.14,0.07625998380593955
76,88,12,0.12,0.09121855272445828
60,80,20,0.2,0.0797875884361565
68,84,16,0.16,0.08554195166565477
84,92,8,0.08,0.04817357199033722
60,80,20,0.2,0.06841392288450152
70,85,15,0.15,0.04949012944241986
64,82,18,0.18,0.0680038495361805
56,78,22,0.22,0.0774900068435818
54,77,23,0.23,0.06484817141667008
56,78,22,0.22,0.08035494454205036
78,89,11,0.11,0.07257505134679378
72,86,14,0.14,0.06755392787745222
92,96,4,0.04,0.05726294279098511
56,78,22,0.22,0.07447102708742022
68,84,16,0.16,0.08642047320492566
72,86,14,0.14,0.0725481014419347
58,79,21,0.21,0.08248872343450785
86,93,7,0.07,0.05925886494573206
60,80,20,0.2,0.09646239798981697
80,90,10,0.1,0.07152521410025656
56,78,22,0.22,0.0790833398140967
74,87,13,0.13,0.07118762833066285
68,84,16,0.16,0.0672185624577105
70,85,15,0.15,0.06381437350530178
62,81,19,0.19,0.08631910283118487
88,94,6,0.06,0.08126862780191005
76,88,12,0.12,0.07602524237241597
88,94,6,0.06,0.07570163164287806
72,86,14,0.14,0.08658580088056624
92,96,4,0.04,0.07491163072176278
78,89,11,0.11,0.07575481360545382
84,92,8,0.08,0.0844501072820276
68,84,16,0.16,0.07422224122099579
62,81,19,0.19,0.08816715711727738
88,94,6,0.06,0.07568698733579367
76,88,12,0.12,0.07643720179796219
82,91,9,0.09,0.07330879724118859
78,89,11,0.11,0.05127571880817414
80,90,10,0.1,0.05154327434953302
68,84,16,0.16,0.06555958215612918
84,92,8,0.08,0.0661435541883111
86,93,7,0.07,0.0543451108969748
68,84,16,0.16,0.0711728652752936
68,84,16,0.16,0.07765760814771056
84,92,8,0.08,0.05730670706368983
76,88,12,0.12,0.07588748867157846
80,90,10,0.1,0.051139430706389245
56,78,22,0.22,0.10766772619448602
94,97,3,0.03,0.11024702984839678
94,97,3,0.03,0.0435495811002329
66,83,17,0.17,0.0663139428384602
76,88,12,0.12,0.05265062401071191
72,86,14,0.14,0.09586824947968126
60,80,20,0.2,0.061566571020521224
80,90,10,0.1,0.10049682952463627
48,74,26,0.26,0.0690285749733448
86,93,7,0.07,0.065024621412158
70,85,15,0.15,0.07749500242527574
64,82,18,0.18,0.13103433266747744
72,86,14,0.14,0.07621471159392967
60,80,20,0.2,0.13886981258168818
74,87,13,0.13,0.11341806961223483
80,90,10,0.1,0.1003877235762775
70,85,15,0.15,0.08611236025579273
70,85,15,0.15,0.08455124460160732
66,83,17,0.17,0.09727696707472205
76,88,12,0.12,0.07047126685269177
68,84,16,0.16,0.11573910703533329
66,83,17,0.17,0.09562767428345978
76,88,12,0.12,0.0808627439942211
70,85,15,0.15,0.06823628993704915
74,87,13,0.13,0.09648474424146115
66,83,17,0.17,0.06955181184224785
58,79,21,0.21,0.07243195335380732
62,81,19,0.19,0.13890874579548837
80,90,10,0.1,0.07629809902049602
80,90,10,0.1,0.10548781344667077
62,81,19,0.19,0.08101100628264249
88,94,6,0.06,0.12030802599154412
84,92,8,0.08,0.08048552663065493
64,82,18,0.18,0.10699405064806342
78,89,11,0.11,0.05428967504762113
54,77,23,0.23,0.06810736423358321
74,87,13,0.13,0.1531430206820369
76,88,12,0.12,0.04730111458338797
74,87,13,0.13,0.06217310355044901
78,89,11,0.11,0.13187462074682116
82,91,9,0.09,0.06668988464865834
72,86,14,0.14,0.1247332144342363
64,82,18,0.18,0.07360049911774695
62,81,19,0.19,0.08797296103090048
78,89,11,0.11,0.08014940805733203
72,86,14,0.14,0.10687490495387465
74,87,13,0.13,0.08242940813302994
88,94,6,0.06,0.10675914444029332
84,92,8,0.08,0.07131868537981063
64,82,18,0.18,0.1307609386369586
88,94,6,0.06,0.08647265499457717
78,89,11,0.11,0.0701757721742615
72,86,14,0.14,0.1109464273415506
66,83,17,0.17,0.14153244208544494
54,77,23,0.23,0.12485436722636223
82,91,9,0.09,0.1369866649620235
72,86,14,0.14,0.12053691988810897
70,85,15,0.15,0.10746105801314115
70,85,15,0.15,0.14518960064277053
62,81,19,0.19,0.09021104114130139
74,87,13,0.13,0.11251376884058117
74,87,13,0.13,0.1032805722951889
90,95,5,0.05,0.11432948438450694
82,91,9,0.09,0.05446680787950754
84,92,8,0.08,0.11442651456221938
80,90,10,0.1,0.101896380642429
86,93,7,0.07,0.07993360632099211
76,88,12,0.12,0.0905309782922268
64,82,18,0.18,0.10698433268349618
78,89,11,0.11,0.08749647982418537
94,97,3,0.03,0.09806242290418594
70,85,15,0.15,0.0990528179705143
66,83,17,0.17,0.08651127606164664
76,88,12,0.12,0.10223646785132587
68,84,16,0.16,0.10290971894748509
74,87,13,0.13,0.11346600262448192
70,85,15,0.15,0.1143842435348779
64,82,18,0.18,0.09221002753823995
76,88,12,0.12,0.08158598771318794
82,91,9,0.09,0.08182832431979477
70,85,15,0.15,0.09673237268812955
58,79,21,0.21,0.12123573990538716
76,88,12,0.12,0.06791836964897811
78,89,11,0.11,0.12249672746285796
84,92,8,0.08,0.10212032337673009
74,87,13,0.13,0.10853317137807608
82,91,9,0.09,0.11902966029942036
62,81,19,0.19,0.11259163191542029
72,86,14,0.14,0.14409761496353896
78,89,11,0.11,0.07258054683916271
76,88,12,0.12,0.0824320213869214
70,85,15,0.15,0.1075408641807735
70,85,15,0.15,0.09006166400387883
76,88,12,0.12,0.08298664886504412
58,79,21,0.21,0.1029325624462217
76,88,12,0.12,0.11440674882382154
78,89,11,0.11,0.1197853322327137
88,94,6,0.06,0.09777443377301097
68,84,16,0.16,0.08450214229524136
78,89,11,0.11,0.12028127245604991
80,90,10,0.1,0.06329652139917016
72,86,14,0.14,0.13411076126620172
74,87,13,0.13,0.1534892126172781
56,78,22,0.22,0.18098812978714704
66,83,17,0.17,0.11568597417324782
60,80,20,0.2,0.14335506105795504
78,89,11,0.11,0.13760120196267964
60,80,20,0.2,0.13497494058683515
76,88,12,0.12,0.14679216735064984
74,87,13,0.13,0.12348909197375178
64,82,18,0.18,0.13501436341553927
82,91,9,0.09,0.13485305281355978
74,87,13,0.13,0.12330257166177035
68,84,16,0.16,0.11336560448631644
68,84,16,0.16,0.11106219040229917
82,91,9,0.09,0.10471036538481712
78,89,11,0.11,0.10657532039098441
82,91,9,0.09,0.12446002194657922
56,78,22,0.22,0.11613304197788238
72,86,14,0.14,0.12989945572800934
74,87,13,0.13,0.10700594318564981
58,79,21,0.21,0.09819369724951685
82,91,9,0.09,0.11876284828409553
78,89,11,0.11,0.1259241447923705
88,94,6,0.06,0.11159827994182706
78,89,11,0.11,0.13262517100200058
62,81,19,0.19,0.13810448452830315
80,90,10,0.1,0.12582897212356328
70,85,15,0.15,0.13111515291035175
74,87,13,0.13,0.1037184807471931
54,77,23,0.23,0.13273601007647812
70,85,15,0.15,0.13911050017923116
70,85,15,0.15,0.12679122624453157
76,88,12,0.12,0.12219721440225839
78,89,11,0.11,0.11319777118042111
76,88,12,0.12,0.12139214550144971
74,87,13,0.13,0.12639816458337008
70,85,15,0.15,0.10742639385163784
86,93,7,0.07,0.09032199871959165
66,83,17,0.17,0.0969474897091277
68,84,16,0.16,0.0920274390373379
72,86,14,0.14,0.08912998496554791
78,89,11,0.11,0.10281770915724336
60,80,20,0.2,0.10386488031595946
66,83,17,0.17,0.14007070977240801
74,87,13,0.13,0.14910437664017082
60,80,20,0.2,0.10504193648695946
86,93,7,0.07,0.1282962075714022
74,87,13,0.13,0.14436888236552478
68,84,16,0.16,0.07221270913258195
68,84,16,0.16,0.13927873981185257
66,83,17,0.17,0.08187048308551312
82,91,9,0.09,0.07743925712071359
80,90,10,0.1,0.08396488514728845
76,88,12,0.12,0.06480155110359193
62,81,19,0.19,0.07428244416601956
62,81,19,0.19,0.08608141991309821
66,83,17,0.17,0.09208469269797206
84,92,8,0.08,0.055460632806643845
78,89,11,0.11,0.05986666387878358
72,86,14,0.14,0.0908232145756483
86,93,7,0.07,0.07138359976932407
90,95,5,0.05,0.06775688383728266
76,88,12,0.12,0.09083522768691182
74,87,13,0.13,0.07188083313405513
66,83,17,0.17,0.08521291771903634
68,84,16,0.16,0.06264726898632944
68,84,16,0.16,0.16457579577341674
76,88,12,0.12,0.1091828429698944
82,91,9,0.09,0.08696281698532403
68,84,16,0.16,0.08441335530951619
66,83,17,0.17,0.07290370567701757
82,91,9,0.09,0.049033444127999246
54,77,23,0.23,0.08011484098620712
66,83,17,0.17,0.07122848518192768
66,83,17,0.17,0.06854960361961275
62,81,19,0.19,0.06832785116508604
84,92,8,0.08,0.06849843189585954
84,92,8,0.08,0.07878638984169811
54,77,23,0.23,0.07759211276657879
76,88,12,0.12,0.07553559273015707
58,79,21,0.21,0.09642676316201687
68,84,16,0.16,0.07655021575279534
70,85,15,0.15,0.08199640887323767
78,89,11,0.11,0.09402941030450165
68,84,16,0.16,0.07975831205025315
76,88,12,0.12,0.0885312836477533
74,87,13,0.13,0.06841175146400928
80,90,10,0.1,0.0780889061652124
74,87,13,0.13,0.09632963525131345
70,85,15,0.15,0.07983290159143508
86,93,7,0.07,0.0836555404169485
78,89,11,0.11,0.08182129797060042
66,83,17,0.17,0.07282106444239617
70,85,15,0.15,0.06331160451751203
54,77,23,0.23,0.07382861986756324
74,87,13,0.13,0.06373001857660711
76,88,12,0.12,0.0752471048431471
68,84,16,0.16,0.06811902894638479
82,91,9,0.09,0.06803663436323404
60,80,20,0.2,0.1242427710443735
72,86,14,0.14,0.13469929832965136
66,83,17,0.17,0.06363518947735429
60,80,20,0.2,0.07176988350227476
66,83,17,0.17,0.08489489615894855
80,90,10,0.1,0.07491555194370449
80,90,10,0.1,0.06665244426578283
76,88,12,0.12,0.09058091601356864
70,85,15,0.15,0.07944421106134542
66,83,17,0.17,0.07128741936758161
76,88,12,0.12,0.06811913882847875
62,81,19,0.19,0.0865088113117963
56,78,22,0.22,0.08051981793250888
76,88,12,0.12,0.06415256879292429
70,85,15,0.15,0.07263216322287917
68,84,16,0.16,0.0707616336364299
74,87,13,0.13,0.07627947926521302
76,88,12,0.12,0.08265980708412826
72,86,14,0.14,0.08075925527606159
76,88,12,0.12,0.07901986093260348
80,90,10,0.1,0.0725484837195836
68,84,16,0.16,0.07564588922774419
68,84,16,0.16,0.06139671256765723
76,88,12,0.12,0.06269252464640886
60,80,20,0.2,0.07218413892667741
82,91,9,0.09,0.06431139232590795
76,88,12,0.12,0.07732003394514322
78,89,11,0.11,0.07865654292516411
82,91,9,0.09,0.14194692658260466
74,87,13,0.13,0.14211747221648693
76,88,12,0.12,0.12887853767722846
64,82,18,0.18,0.13714713964611291
78,89,11,0.11,0.13381093233823776
74,87,13,0.13,0.12322489764541388
76,88,12,0.12,0.1339348474703729
78,89,11,0.11,0.11051268060225994
82,91,9,0.09,0.09875113274902106
58,79,21,0.21,0.0824381915666163
68,84,16,0.16,0.08372749478556216
82,91,9,0.09,0.10240236428566277
70,85,15,0.15,0.09852311138063669
54,77,23,0.23,0.10577982207760214
74,87,13,0.13,0.11168373587541282
66,83,17,0.17,0.08805175771005452
76,88,12,0.12,0.10823024525307119
66,83,17,0.17,0.12664418252184986
64,82,18,0.18,0.11137759036384523
62,81,19,0.19,0.13812096655368805
68,84,16,0.16,0.16170586222782732
70,85,15,0.15,0.0827119161747396
82,91,9,0.09,0.09977791759185493
58,79,21,0.21,0.09201554263476282
70,85,15,0.15,0.12004087443463504
74,87,13,0.13,0.12203289330005646
70,85,15,0.15,0.11737760404124856
72,86,14,0.14,0.13710057971067727
72,86,14,0.14,0.13835594462230802
76,88,12,0.12,0.10882661251351237
72,86,14,0.14,0.1082089534215629
70,85,15,0.15,0.09464798022061587
64,82,18,0.18,0.09721123854629696
74,87,13,0.13,0.09855170946568251
70,85,15,0.15,0.1421568586304784
74,87,13,0.13,0.09885413660667837
82,91,9,0.09,0.08294443455524743
86,93,7,0.07,0.08871704136952757
68,84,16,0.16,0.09813127001747489
78,89,11,0.11,0.09511749311350286
80,90,10,0.1,0.08574498516740277
78,89,11,0.11,0.09027876626234502
72,86,14,0.14,0.09924892887938767
78,89,11,0.11,0.10080124333035201
76,88,12,0.12,0.0916234939545393
90,95,5,0.05,0.0905194025207311
86,93,7,0.07,0.1013161022681743
82,91,9,0.09,0.08631928968708963
78,89,11,0.11,0.10748365220613777
80,90,10,0.1,0.09428216336295009
70,85,15,0.15,0.08975275839678944
66,83,17,0.17,0.0980756070278585
72,86,14,0.14,0.13300363037735224
76,88,12,0.12,0.11871237485669553
76,88,12,0.12,0.13264727592468262
66,83,17,0.17,0.13012722140178085
66,83,17,0.17,0.14283900344744324
74,87,13,0.13,0.09144880360923707
72,86,14,0.14,0.09263608782552182
76,88,12,0.12,0.10004619682207704
50,75,25,0.25,0.11715520866215229
50,75,25,0.25,0.12192563097923995
70,85,15,0.15,0.12541182804852724
58,79,21,0.21,0.14987919300794603
88,94,6,0.06,0.1067773719318211
70,85,15,0.15,0.13145159518346192
66,83,17,0.17,0.12286022316664458
50,75,25,0.25,0.1264213461522013
84,92,8,0.08,0.08852624805644155
50,75,25,0.25,0.1168703132122755
76,88,12,0.12,0.11898355586454272
72,86,14,0.14,0.08109969765879214
64,82,18,0.18,0.09210726415738463
74,87,13,0.13,0.07926817976869643
68,84,16,0.16,0.06728212116286159
68,84,16,0.16,0.08061001237481832
90,95,5,0.05,0.06773419098230078
72,86,14,0.14,0.06462780622241553
80,90,10,0.1,0.06069860368035734
80,90,10,0.1,0.06658337704837322
64,82,18,0.18,0.0651238156016916
76,88,12,0.12,0.068010677639395
76,88,12,0.12,0.0787106721661985
78,89,11,0.11,0.07854471796192229
76,88,12,0.12,0.08883534502238036
64,82,18,0.18,0.09556644851341843
56,78,22,0.22,0.10072158192284406
86,93,7,0.07,0.08212387768551707
80,90,10,0.1,0.06306770828785374
64,82,18,0.18,0.07852020416408777
82,91,9,0.09,0.07724374404875561
76,88,12,0.12,0.07603824433870614
76,88,12,0.12,0.06455821756739169
70,85,15,0.15,0.0862932561058551
70,85,15,0.15,0.07983661166392267
70,85,15,0.15,0.07822231417056173
76,88,12,0.12,0.07281803064048291
78,89,11,0.11,0.07562024299986661
76,88,12,0.12,0.07791908856481314
72,86,14,0.14,0.07622767217457295
70,85,15,0.15,0.0874922020547092
68,84,16,0.16,0.07879169368185103
56,78,22,0.22,0.08452304448932409
88,94,6,0.06,0.0821724396944046
88,94,6,0.06,0.08169485369697213
56,78,22,0.22,0.08535570679232478
84,92,8,0.08,0.08221660261042416
76,88,12,0.12,0.0893010426312685
76,88,12,0.12,0.08983262473717332
74,87,13,0.13,0.07848884961567819
74,87,13,0.13,0.0789048380823806
68,84,16,0.16,0.08636375373229384
62,81,19,0.19,0.06357509120367467
72,86,14,0.14,0.07236137288622559
68,84,16,0.16,0.09404796667397022
76,88,12,0.12,0.06924177863635123
78,89,11,0.11,0.05853652407531627
72,86,14,0.14,0.08210380650125444
86,93,7,0.07,0.07064118845388294
78,89,11,0.11,0.06118460925295949
66,83,17,0.17,0.06841283629648387
68,84,16,0.16,0.07085862238891423
80,90,10,0.1,0.14638000671751797
80,90,10,0.1,0.11295871108770371
74,87,13,0.13,0.0588311990397051
68,84,16,0.16,0.08325045709498227
76,88,12,0.12,0.07249770211754367
66,83,17,0.17,0.08217516793869435
76,88,12,0.12,0.07628370441962033
44,72,28,0.28,0.09637352745980024
78,89,11,0.11,0.0706392174353823
72,86,14,0.14,0.07311105599626899
60,80,20,0.2,0.08320283312350511
64,82,18,0.18,0.09936145352199674
70,85,15,0.15,0.08611038891598582
74,87,13,0.13,0.0989262656122446
64,82,18,0.18,0.09353196306154132
86,93,7,0.07,0.06563291748985649
70,85,15,0.15,0.09282402105629445
82,91,9,0.09,0.07174422178417444
84,92,8,0.08,0.05938023615628481
64,82,18,0.18,0.07496948280371725
72,86,14,0.14,0.07643689624033868
72,86,14,0.14,0.07998988601844757
48,74,26,0.26,0.08930432347115129
76,88,12,0.12,0.07584235966205596
80,90,10,0.1,0.09839739752002061
70,85,15,0.15,0.09924600094556808
74,87,13,0.13,0.07589217530563473
62,81,19,0.19,0.09529592797160148
72,86,14,0.14,0.10051792040467263
70,85,15,0.15,0.0982554567605257
74,87,13,0.13,0.07695352651178837
76,88,12,0.12,0.09075471484102308
56,78,22,0.22,0.08064140718430281
74,87,13,0.13,0.09340732458047568
70,85,15,0.15,0.09208087211474776
56,78,22,0.22,0.09251144387759268
80,90,10,0.1,0.07397013831883668
78,89,11,0.11,0.07551949526648968
72,86,14,0.14,0.07342025808058679
70,85,15,0.15,0.07341720533557236
62,81,19,0.19,0.07967592751607298
74,87,13,0.13,0.08150522218085826
68,84,16,0.16,0.09125135400798172
70,85,15,0.15,0.06703685347456485
82,91,9,0.09,0.055304475927259775
86,93,7,0.07,0.07051370644709096
72,86,14,0.14,0.08090272038243711
76,88,12,0.12,0.060394422630779446
90,95,5,0.05,0.060547680710442364
66,83,17,0.17,0.11531410746276378
88,94,6,0.06,0.08648126223124564
78,89,11,0.11,0.08434185000602155
62,81,19,0.19,0.09464873623102904
78,89,11,0.11,0.10307899709790945
70,85,15,0.15,0.10845086703076959
62,81,19,0.19,0.1089481857419014
60,80,20,0.2,0.08922213353216649
80,90,10,0.1,0.10787642369046807
74,87,13,0.13,0.1111479358933866
84,92,8,0.08,0.08599837520276196
88,94,6,0.06,0.07146256431471557
70,85,15,0.15,0.08593268876429647
76,88,12,0.12,0.07921437645796686
84,92,8,0.08,0.07619344461709261
82,91,9,0.09,0.06901021323166788
82,91,9,0.09,0.07747254371643067
78,89,11,0.11,0.08729377957526595
80,90,10,0.1,0.07929407177260145
86,93,7,0.07,0.0861157048214227
56,78,22,0.22,0.09737043920904398
80,90,10,0.1,0.08580490856431425
66,83,17,0.17,0.08655107903294265
76,88,12,0.12,0.09288592514581978
62,81,19,0.19,0.09127825386822223
82,91,9,0.09,0.11091477435082198
70,85,15,0.15,0.09982101523317397
78,89,11,0.11,0.08993884615600109
52,76,24,0.24,0.11992524426430463
66,83,17,0.17,0.11214936250820756
84,92,8,0.08,0.10704829898197205
78,89,11,0.11,0.10463027050718665
70,85,15,0.15,0.12652426721993834
68,84,16,0.16,0.09648748448118567
86,93,7,0.07,0.09991478968411684
60,80,20,0.2,0.13012219548225404
56,78,22,0.22,0.11722340073436499
68,84,16,0.16,0.11882315491326154
78,89,11,0.11,0.0957153052277863
80,90,10,0.1,0.10140796296298504
78,89,11,0.11,0.09844906359910965
78,89,11,0.11,0.09965061023831367
76,88,12,0.12,0.09177032133564353
88,94,6,0.06,0.13139848044142127
68,84,16,0.16,0.12427379767410457
68,84,16,0.16,0.12347513852640986
58,79,21,0.21,0.13389413326978683
56,78,22,0.22,0.1410922589711845
72,86,14,0.14,0.11056927710771561
72,86,14,0.14,0.1250702558644116
82,91,9,0.09,0.08175482421182095
84,92,8,0.08,0.07945881627500057
64,82,18,0.18,0.08087349210400134
60,80,20,0.2,0.08131782398559154
62,81,19,0.19,0.08098957818001509
74,87,13,0.13,0.09045481658075005
64,82,18,0.18,0.07586832397617399
76,88,12,0.12,0.07237790007144213
78,89,11,0.11,0.0820558092277497
80,90,10,0.1,0.08963956301100552
74,87,13,0.13,0.08085110496729613
64,82,18,0.18,0.08169997888617217
68,84,16,0.16,0.0812977678887546
64,82,18,0.18,0.07418002901598811
80,90,10,0.1,0.09995174964889884
64,82,18,0.18,0.08787313926033676
60,80,20,0.2,0.08122771984897553
72,86,14,0.14,0.09382279949262738
74,87,13,0.13,0.09246940244920551
64,82,18,0.18,0.08827225447632372
58,79,21,0.21,0.09968470579013228
86,93,7,0.07,0.08332539094612003
62,81,19,0.19,0.07669817515648901
80,90,10,0.1,0.06764055426232517
76,88,12,0.12,0.08021250378340483
82,91,9,0.09,0.07136527842842043
70,85,15,0.15,0.05632103620562703
72,86,14,0.14,0.07516406843904405
58,79,21,0.21,0.06681801868602634
80,90,10,0.1,0.06715606135316193
68,84,16,0.16,0.08166795755503699
78,89,11,0.11,0.06052450684364885
76,88,12,0.12,0.0711753962887451
84,92,8,0.08,0.05641619875561446
86,93,7,0.07,0.06016217046417296
82,91,9,0.09,0.06276466968469321
64,82,18,0.18,0.08071011491119862
68,84,16,0.16,0.06679708241485059
46,73,27,0.27,0.08337193855084479
74,87,13,0.13,0.06877248095348477
66,83,17,0.17,0.06902986690402031
84,92,8,0.08,0.0732468420546502
72,86,14,0.14,0.08113822812214494
80,90,10,0.1,0.060751735782250765
74,87,13,0.13,0.07075808280147612
68,84,16,0.16,0.0689769692067057
64,82,18,0.18,0.07506117144599557
70,85,15,0.15,0.0738542995788157
78,89,11,0.11,0.07229860509745777
64,82,18,0.18,0.06639699042425491
92,96,4,0.04,0.08864049230702221
70,85,15,0.15,0.12451908440329135
74,87,13,0.13,0.07488392980769276
70,85,15,0.15,0.06404771619476378
72,86,14,0.14,0.0721298761665821
84,92,8,0.08,0.1079346077516675
80,90,10,0.1,0.07390490160323679
66,83,17,0.17,0.07907296566292643
70,85,15,0.15,0.09048083940520883
66,83,17,0.17,0.08828704487532377
70,85,15,0.15,0.07237473585642874
82,91,9,0.09,0.08096718535758556
64,82,18,0.18,0.08968586122617125
82,91,9,0.09,0.05945603206753731
74,87,13,0.13,0.05730087689589709
76,88,12,0.12,0.05561494441702962
80,90,10,0.1,0.06329195621423424
74,87,13,0.13,0.06864428277127445
72,86,14,0.14,0.07141746556386351
88,94,6,0.06,0.0637495992705226
58,79,21,0.21,0.08528870398178696
58,79,21,0.21,0.07542159417644143
56,78,22,0.22,0.08933650446590036
82,91,9,0.09,0.07394031117670238
62,81,19,0.19,0.06757879392709583
76,88,12,0.12,0.062361575067043304
90,95,5,0.05,0.048279045468661935
76,88,12,0.12,0.052343448307365176
82,91,9,0.09,0.04353664613328874
76,88,12,0.12,0.06453953792341054
68,84,16,0.16,0.06302182746119797
68,84,16,0.16,0.05956296258606017
82,91,9,0.09,0.06875610498711467
76,88,12,0.12,0.056287479950115085
66,83,17,0.17,0.07499495096504688
70,85,15,0.15,0.06767496052430942
72,86,14,0.14,0.06928530123550444
62,81,19,0.19,0.0815084364078939
62,81,19,0.19,0.08619044909253716
88,94,6,0.06,0.06146231604740024
88,94,6,0.06,0.05377491510473192
70,85,15,0.15,0.09032160527072847
88,94,6,0.06,0.06145421680994332
84,92,8,0.08,0.056401794608682394
68,84,16,0.16,0.06929647828452289
78,89,11,0.11,0.06803134825779125
84,92,8,0.08,0.05815530444961041
84,92,8,0.08,0.059174789153039455
72,86,14,0.14,0.06526920378673821
74,87,13,0.13,0.05830624689348042
80,90,10,0.1,0.1364375234209001
80,90,10,0.1,0.09723687921650707
70,85,15,0.15,0.08593733826419339
56,78,22,0.22,0.13498460966162384
64,82,18,0.18,0.11856825262308121
56,78,22,0.22,0.09040736317634583
74,87,13,0.13,0.10694749017246068
72,86,14,0.14,0.09523851652164012
80,90,10,0.1,0.0709518175420817
70,85,15,0.15,0.10869538228958846
74,87,13,0.13,0.08512877223081887
70,85,15,0.15,0.07966373675502837
62,81,19,0.19,0.12223800447303802
78,89,11,0.11,0.07732450005598367
70,85,15,0.15,0.10312120443210006
66,83,17,0.17,0.10018142166547478
74,87,13,0.13,0.11638744357042015
70,85,15,0.15,0.08316290416289121
64,82,18,0.18,0.09403755525127053
74,87,13,0.13,0.11758439293131233
78,89,11,0.11,0.09904052509926259
76,88,12,0.12,0.11394042909145355
76,88,12,0.12,0.08881046566180885
62,81,19,0.19,0.11339804457500577
80,90,10,0.1,0.08640338878147304
78,89,11,0.11,0.11161581569351256
62,81,19,0.19,0.10956614751368761
86,93,7,0.07,0.0934422554820776
84,92,8,0.08,0.0836279814876616
84,92,8,0.08,0.09751026067882776
84,92,8,0.08,0.07938159146346152
76,88,12,0.12,0.11586999683640897
66,83,17,0.17,0.11209081355482339
68,84,16,0.16,0.10306936008855701
80,90,10,0.1,0.0874149033986032
70,85,15,0.15,0.12545255683362483
84,92,8,0.08,0.12593977871350945
82,91,9,0.09,0.09748570894822478
74,87,13,0.13,0.11960298497695476
72,86,14,0.14,0.10988064936362207
76,88,12,0.12,0.13269032550044357
82,91,9,0.09,0.10682680155150592
76,88,12,0.12,0.11796900749206543
88,94,6,0.06,0.11225241418927907
74,87,13,0.13,0.09702876415569335
64,82,18,0.18,0.12320404479280114
56,78,22,0.22,0.11106687430292368
72,86,14,0.14,0.12295498691499233
74,87,13,0.13,0.09993172252550721
76,88,12,0.12,0.10820532390847802
50,75,25,0.25,0.11346354276873172
76,88,12,0.12,0.08913298814091832
76,88,12,0.12,0.06237113860435784
66,83,17,0.17,0.11245775094255805
86,93,7,0.07,0.12659869351424277
82,91,9,0.09,0.07771025981754065
76,88,12,0.12,0.132941104657948
82,91,9,0.09,0.07831737550906837
70,85,15,0.15,0.12112021086737514
92,96,4,0.04,0.0658319881092757
80,90,10,0.1,0.0731201508641243
56,78,22,0.22,0.12221449756994844
80,90,10,0.1,0.058434252445586025
66,83,17,0.17,0.14710871550254523
86,93,7,0.07,0.11601328955963254
60,80,20,0.2,0.09795518357306719
80,90,10,0.1,0.08004516571760177
76,88,12,0.12,0.096518948469311
58,79,21,0.21,0.13161915964446963
86,93,7,0.07,0.0980513770878315
64,82,18,0.18,0.09322193708270789
72,86,14,0.14,0.08977574265561998
70,85,15,0.15,0.12157811822835356
66,83,17,0.17,0.09363885069265962
56,78,22,0.22,0.1048206661362201
76,88,12,0.12,0.12428936048410832
76,88,12,0.12,0.08761462422087789
74,87,13,0.13,0.10663526078686118
62,81,19,0.19,0.09014927770942449
88,94,6,0.06,0.08511427782475949
82,91,9,0.09,0.09777733189985156
54,77,23,0.23,0.10527375683188439
78,89,11,0.11,0.07362630747258664
66,83,17,0.17,0.13000067045912148
78,89,11,0.11,0.0822161909751594
72,86,14,0.14,0.09919427225366234
80,90,10,0.1,0.06979756752960384
74,87,13,0.13,0.13082303679082544
70,85,15,0.15,0.09907798128202558
82,91,9,0.09,0.07358816381543874
68,84,16,0.16,0.12020331103354692
58,79,21,0.21,0.09809150211513043
86,93,7,0.07,0.08575540163554252
70,85,15,0.15,0.0880539976619184
84,92,8,0.08,0.1003151296870783
70,85,15,0.15,0.10137978767976165
62,81,19,0.19,0.10269566630013287
76,88,12,0.12,0.08632277671480551
44,72,28,0.28,0.11008822176605464
76,88,12,0.12,0.10079879353754223
70,85,15,0.15,0.06006233145555598
80,90,10,0.1,0.1173888537241146
78,89,11,0.11,0.1188134317845106
78,89,11,0.11,0.05172209318727255
70,85,15,0.15,0.10037401271983981
82,91,9,0.09,0.06772785156732425
72,86,14,0.14,0.1004904737509787
82,91,9,0.09,0.0992905084323138
78,89,11,0.11,0.05484641197603196
76,88,12,0.12,0.09854276965372265
78,89,11,0.11,0.05621472812257707
76,88,12,0.12,0.10469041172415018
78,89,11,0.11,0.09797266034409403
72,86,14,0.14,0.0716601187735796
76,88,12,0.12,0.1096103784814477
76,88,12,0.12,0.1034972083568573
74,87,13,0.13,0.05686468192841858
70,85,15,0.15,0.0838431212399155
84,92,8,0.08,0.08743448224849999
70,85,15,0.15,0.06079448732547462
86,93,7,0.07,0.08666309510823339
76,88,12,0.12,0.07883089622482657
94,97,3,0.03,0.04883159740595147
76,88,12,0.12,0.08857740347273647
62,81,19,0.19,0.0763026836514473
68,84,16,0.16,0.04939009198918939
72,86,14,0.14,0.09019914635457099
66,83,17,0.17,0.09115166237577796
66,83,17,0.17,0.06296943972352892
74,87,13,0.13,0.08762943398207426
76,88,12,0.12,0.06629382621031255
74,87,13,0.13,0.08822402389720083
74,87,13,0.13,0.06062008950393647
82,91,9,0.09,0.07077338120900095
76,88,12,0.12,0.08837467377074062
68,84,16,0.16,0.05941159467212856
72,86,14,0.14,0.08321778563782573
68,84,16,0.16,0.07289073951775209
64,82,18,0.18,0.09841985731385648
86,93,7,0.07,0.06846874404698611
70,85,15,0.15,0.09126797304488718
80,90,10,0.1,0.10932613083161413
68,84,16,0.16,0.07897205813787878
78,89,11,0.11,0.1392575724516064
72,86,14,0.14,0.06909508525393904
88,94,6,0.06,0.10469636746682226
76,88,12,0.12,0.07284546148730442
78,89,11,0.11,0.12249184990301729
70,85,15,0.15,0.07300074108876288
76,88,12,0.12,0.09675839577801526
60,80,20,0.2,0.08599772408604622
76,88,12,0.12,0.11630013475194573
74,87,13,0.13,0.09554313657805323
66,83,17,0.17,0.09020466558635234
62,81,19,0.19,0.08487812457606196
76,88,12,0.12,0.06255062581971288
84,92,8,0.08,0.051335074782837185
78,89,11,0.11,0.04047914916649461
58,79,21,0.21,0.07947389367967844
80,90,10,0.1,0.05531085875816643
78,89,11,0.11,0.042118702228181065
82,91,9,0.09,0.05650288264267147
62,81,19,0.19,0.06715908419340849
66,83,17,0.17,0.0783580283820629
86,93,7,0.07,0.07295774831436574
68,84,16,0.16,0.07713941583409906
66,83,17,0.17,0.09816502359695732
76,88,12,0.12,0.09308945399709045
74,87,13,0.13,0.08267959859222174
72,86,14,0.14,0.09831718916073441
88,94,6,0.06,0.06734062482602894
78,89,11,0.11,0.08083934153430164
76,88,12,0.12,0.06806557467207312
76,88,12,0.12,0.05936261297669262
74,87,13,0.13,0.07233446622500196
72,86,14,0.14,0.06836781999561936
80,90,10,0.1,0.06310344025027007
50,75,25,0.25,0.07035317254252732
66,83,17,0.17,0.07368302356917411
68,84,16,0.16,0.06304424698464572
76,88,12,0.12,0.07182803184725345
68,84,16,0.16,0.0765076609281823
66,83,17,0.17,0.07280350343324243
56,78,22,0.22,0.07902275308966637
74,87,13,0.13,0.09028809138573707
72,86,14,0.14,0.07165320836938918
76,88,12,0.12,0.07310076158493757
74,87,13,0.13,0.07167450287379325
74,87,13,0.13,0.08473328524269164
74,87,13,0.13,0.07177970943041145
62,81,19,0.19,0.06121974276844412
70,85,15,0.15,0.06143312122672796
84,92,8,0.08,0.057417768971063196
52,76,24,0.24,0.07080396329052746
70,85,15,0.15,0.060959742651320994
72,86,14,0.14,0.08018204014515504
78,89,11,0.11,0.052992984168231484
62,81,19,0.19,0.07623190741054714
74,87,13,0.13,0.08285179939121008
70,85,15,0.15,0.0944738543406129
78,89,11,0.11,0.09713479515165091
70,85,15,0.15,0.07559398667886853
64,82,18,0.18,0.11945199990645052
80,90,10,0.1,0.10781948700547218
72,86,14,0.14,0.10713553599081933
58,79,21,0.21,0.09432349337264895
68,84,16,0.16,0.10355830394662917
68,84,16,0.16,0.10422931109555066
80,90,10,0.1,0.11639338097535074
78,89,11,0.11,0.11041010313667357
76,88,12,0.12,0.10856199834495783
70,85,15,0.15,0.11626728290691972
68,84,16,0.16,0.10532741287723184
60,80,20,0.2,0.11254043120890855
72,86,14,0.14,0.11010052299126982
78,89,11,0.11,0.12898266198113562
72,86,14,0.14,0.0926507374085486
84,92,8,0.08,0.12783510909415782
72,86,14,0.14,0.09650472531095147
76,88,12,0.12,0.10959227133542299
88,94,6,0.06,0.09299131315201521
70,85,15,0.15,0.11518803148064763
80,90,10,0.1,0.11078467338811607
60,80,20,0.2,0.11015466472133995
72,86,14,0.14,0.10208912093192339
70,85,15,0.15,0.10796205466613173
80,90,10,0.1,0.09802408246323466
78,89,11,0.11,0.11213200069963931
80,90,10,0.1,0.12041890859603882
62,81,19,0.19,0.13994762654416262
62,81,19,0.19,0.10351298391819
80,90,10,0.1,0.12141280121635646
72,86,14,0.14,0.12452965587377549
78,89,11,0.11,0.11821856126189231
90,95,5,0.05,0.09921413916163146
80,90,10,0.1,0.08414036041125655
84,92,8,0.08,0.10470689821988344
70,85,15,0.15,0.08670551864430308
62,81,19,0.19,0.09475528735667467
82,91,9,0.09,0.10686510993167758
86,93,7,0.07,0.10287832685746252
62,81,19,0.19,0.0945639617368579
76,88,12,0.12,0.10431680931709707
76,88,12,0.12,0.08089857688173652
70,85,15,0.15,0.11303762668743729
56,78,22,0.22,0.08479260757565499
56,78,22,0.22,0.11623262544162571
64,82,18,0.18,0.09276302348356694
78,89,11,0.11,0.11721113080158829
78,89,11,0.11,0.07876206469722093
68,84,16,0.16,0.09849704905413091
68,84,16,0.16,0.08778037067502736
66,83,17,0.17,0.1149930727109313
76,88,12,0.12,0.07207066837698221
58,79,21,0.21,0.08168712886050343
54,77,23,0.23,0.09292970106005669
74,87,13,0.13,0.10992831723764539
88,94,6,0.06,0.08136963390745222
82,91,9,0.09,0.09097655039280653
76,88,12,0.12,0.10143173671327531
76,88,12,0.12,0.09154561261646449
70,85,15,0.15,0.11199066934641451
74,87,13,0.13,0.09282413642853499
74,87,13,0.13,0.09167526744306087
82,91,9,0.09,0.10032679487485438
82,91,9,0.09,0.06782961627468467
76,88,12,0.12,0.09590167819522322
56,78,22,0.22,0.0841380212455988
68,84,16,0.16,0.07379771827720105
88,94,6,0.06,0.06110608308110386
80,90,10,0.1,0.06968030009418726
88,94,6,0.06,0.11961018923670054
84,92,8,0.08,0.09943496921099722
62,81,19,0.19,0.11430355841293931
70,85,15,0.15,0.09998422959819436
76,88,12,0.12,0.09376742286607623
58,79,21,0.21,0.12368385234614834
72,86,14,0.14,0.11850634600035846
72,86,14,0.14,0.09013896013610065
70,85,15,0.15,0.09113057085778564
74,87,13,0.13,0.08810958496294916
60,80,20,0.2,0.12279765643179416
66,83,17,0.17,0.11227193140424788
64,82,18,0.18,0.10586476107127965
66,83,17,0.17,0.1042295422591269
70,85,15,0.15,0.09902643428184092
80,90,10,0.1,0.1027218743506819
72,86,14,0.14,0.11611436795443296
70,85,15,0.15,0.10265907204709947
70,85,15,0.15,0.0897865561582148
70,85,15,0.15,0.11163876174017787
72,86,14,0.14,0.10883563632145524
68,84,16,0.16,0.0873122289776802
76,88,12,0.12,0.13764477197080852
84,92,8,0.08,0.09803229505661876
78,89,11,0.11,0.13736458703875543
66,83,17,0.17,0.08751863752491772
74,87,13,0.13,0.08236430329270661
74,87,13,0.13,0.08169227275531739
64,82,18,0.18,0.11746002927422523
70,85,15,0.15,0.07935469586402177
76,88,12,0.12,0.08615700818132609
76,88,12,0.12,0.07893840856850147
68,84,16,0.16,0.08115888117812574
68,84,16,0.16,0.07376018590759487
76,88,12,0.12,0.06992292496375739
74,87,13,0.13,0.08109957741573454
68,84,16,0.16,0.08745397965423762
88,94,6,0.06,0.06715806048829108
82,91,9,0.09,0.08403917872346937
80,90,10,0.1,0.07684421893209219
66,83,17,0.17,0.06606852836441249
70,85,15,0.15,0.06091262769885361
88,94,6,0.06,0.06839887753129005
72,86,14,0.14,0.07640754383290187
82,91,9,0.09,0.05929285247810185
66,83,17,0.17,0.08189476878382265
80,90,10,0.1,0.06701037418562919
68,84,16,0.16,0.08974491561762989
84,92,8,0.08,0.07821310456842184
68,84,16,0.16,0.07405094360932708
70,85,15,0.15,0.08113747277762741
80,90,10,0.1,0.07679060684517026
80,90,10,0.1,0.06488071870990098
64,82,18,0.18,0.07469482496380805
70,85,15,0.15,0.1346505781635642
68,84,16,0.16,0.06934311374090613
78,89,11,0.11,0.09409728090278804
74,87,13,0.13,0.07618164394050836
82,91,9,0.09,0.10795419468544423
68,84,16,0.16,0.10525742493569851
82,91,9,0.09,0.07211653966456652
68,84,16,0.16,0.08518636886030435
46,73,27,0.27,0.09983454579953105
78,89,11,0.11,0.08999339369125664
52,76,24,0.24,0.10017709208652377
70,85,15,0.15,0.08273124627768993
74,87,13,0.13,0.08528866476379335
74,87,13,0.13,0.08451455250382424
62,81,19,0.19,0.0899424197524786
82,91,9,0.09,0.07924452536739408
78,89,11,0.11,0.06433233704417944
74,87,13,0.13,0.07981833917088807
84,92,8,0.08,0.06352194077335298
80,90,10,0.1,0.06732540465891361
88,94,6,0.06,0.07223576703108847
90,95,5,0.05,0.06104800405912101
84,92,8,0.08,0.060346733275800944
78,89,11,0.11,0.08139980923384428
86,93,7,0.07,0.09244649349711835
78,89,11,0.11,0.0840406609326601
62,81,19,0.19,0.11984580358490347
82,91,9,0.09,0.06315648840740323
70,85,15,0.15,0.08302848617080599
74,87,13,0.13,0.08899328695610166
76,88,12,0.12,0.09563796483911574
72,86,14,0.14,0.08009089591912925
76,88,12,0.12,0.10703000105917454
60,80,20,0.2,0.08589967711828649
66,83,17,0.17,0.09315813511610031
84,92,8,0.08,0.09410062724724412
78,89,11,0.11,0.09741062692366541
66,83,17,0.17,0.10169832775369286
82,91,9,0.09,0.10341395837720484
88,94,6,0.06,0.08642993303015828
86,93,7,0.07,0.08616598639637232
80,90,10,0.1,0.08728677675826475
66,83,17,0.17,0.07289672683924436
72,86,14,0.14,0.09317259341012686
80,90,10,0.1,0.08722371903713792
74,87,13,0.13,0.07227836907259189
88,94,6,0.06,0.06861137342639267
70,85,15,0.15,0.06856723827309906
78,89,11,0.11,0.0680768588744104
78,89,11,0.11,0.062207138228404804
80,90,10,0.1,0.0669313714466989
58,79,21,0.21,0.07006759162992239
72,86,14,0.14,0.07604913387447595
80,90,10,0.1,0.07034091820474714
78,89,11,0.11,0.0734258210612461
64,82,18,0.18,0.0812160984519869
64,82,18,0.18,0.07527842435985804
62,81,19,0.19,0.10314203462563455
70,85,15,0.15,0.09357538636308163
48,74,26,0.26,0.09007068622857332
74,87,13,0.13,0.07076757436618208
74,87,13,0.13,0.10429835898801684
78,89,11,0.11,0.12891122232191266
64,82,18,0.18,0.10219513900578021
84,92,8,0.08,0.07534202797338367
64,82,18,0.18,0.08487378490157425
78,89,11,0.11,0.0902420481108129
80,90,10,0.1,0.07336757123470307
80,90,10,0.1,0.10166524366475642
84,92,8,0.08,0.0718759282398969
58,79,21,0.21,0.10991627865470946
74,87,13,0.13,0.082905412632972
86,93,7,0.07,0.07950486176647246
78,89,11,0.11,0.07763879754114895
56,78,22,0.22,0.11595081363804638
80,90,10,0.1,0.0751566548179835
82,91,9,0.09,0.0770446995086968
74,87,13,0.13,0.11188982578925788
72,86,14,0.14,0.10837626968510448
52,76,24,0.24,0.1331189980264753
66,83,17,0.17,0.13647828966379166
82,91,9,0.09,0.07056742891669274
76,88,12,0.12,0.11509904099628329
54,77,23,0.23,0.1259133912436664
78,89,11,0.11,0.14194458102807403
74,87,13,0.13,0.10794325531460344
62,81,19,0.19,0.1188336462341249
80,90,10,0.1,0.11488842313643545
58,79,21,0.21,0.1290971790254116
72,86,14,0.14,0.11689569288864732
84,92,8,0.08,0.09939382617361843
72,86,14,0.14,0.12106439432129264
92,96,4,0.04,0.09402679393533617
78,89,11,0.11,0.09842310472391545
78,89,11,0.11,0.05719939577160403
70,85,15,0.15,0.08816305992659182
80,90,10,0.1,0.06182410108391195
74,87,13,0.13,0.09806255782023073
74,87,13,0.13,0.09905567159876227
84,92,8,0.08,0.07168605227954686
84,92,8,0.08,0.08694461319129915
88,94,6,0.06,0.06574504803284072
84,92,8,0.08,0.0788156315498054
92,96,4,0.04,0.04945755764842033
68,84,16,0.16,0.07099262414500117
74,87,13,0.13,0.09814594365656376
70,85,15,0.15,0.07807239449117333
68,84,16,0.16,0.08043796512298286
76,88,12,0.12,0.08476385619957
72,86,14,0.14,0.08019442492164672
56,78,22,0.22,0.08554607045836747
78,89,11,0.11,0.0667411356791854
76,88,12,0.12,0.10490773126482963
60,80,20,0.2,0.11959217465948313
76,88,12,0.12,0.07037029274739325
72,86,14,0.14,0.10464132094755768
66,83,17,0.17,0.09102099152747542
62,81,19,0.19,0.12603520452044903
72,86,14,0.14,0.09792865786701441
76,88,12,0.12,0.09919649946503341
78,89,11,0.11,0.08236700372770428
84,92,8,0.08,0.1080590468365699
56,78,22,0.22,0.07575272692367435
56,78,22,0.22,0.1105101503059268
78,89,11,0.11,0.0732247722800821
76,88,12,0.12,0.0716300864238292
76,88,12,0.12,0.09312040199991316
56,78,22,0.22,0.11418680526316166
76,88,12,0.12,0.07758124340325594
84,92,8,0.08,0.08491947496309876
70,85,15,0.15,0.08295456842519343
80,90,10,0.1,0.09311555245891213
90,95,5,0.05,0.07706400600261987
66,83,17,0.17,0.08881257951725274
82,91,9,0.09,0.07162157493177801
70,85,15,0.15,0.06673278192989528
46,73,27,0.27,0.08718435753136873
68,84,16,0.16,0.06770331871695817
88,94,6,0.06,0.05639867777004838
88,94,6,0.06,0.06581648939056323
76,88,12,0.12,0.07353201837278903
82,91,9,0.09,0.0638815626502037
86,93,7,0.07,0.052514554914087054
74,87,13,0.13,0.06737893020734191
68,84,16,0.16,0.06392535357736051
72,86,14,0.14,0.07724897809326649
68,84,16,0.16,0.09272512671537697
80,90,10,0.1,0.07751726988703013
84,92,8,0.08,0.08450835493393243
72,86,14,0.14,0.10252043411135674
64,82,18,0.18,0.08789216920733452
78,89,11,0.11,0.09802124414592982
82,91,9,0.09,0.08764120355248452
62,81,19,0.19,0.08619662798941136
70,85,15,0.15,0.07845041293185204
76,88,12,0.12,0.07705737457610667
82,91,9,0.09,0.07028744141571223
52,76,24,0.24,0.08057142339181154
78,89,11,0.11,0.07909449475817382
68,84,16,0.16,0.07918821154162288
70,85,15,0.15,0.073292430434376
84,92,8,0.08,0.0750139944255352
74,87,13,0.13,0.05793271746952087
72,86,14,0.14,0.06267894653137773
72,86,14,0.14,0.08904908625409007
70,85,15,0.15,0.0788665911136195
78,89,11,0.11,0.10267271508462728
82,91,9,0.09,0.0876713527366519
62,81,19,0.19,0.09287574699148536
76,88,12,0.12,0.08544768864288926
78,89,11,0.11,0.0876745075173676
68,84,16,0.16,0.08555314319208264
80,90,10,0.1,0.07003614835441113
68,84,16,0.16,0.08874975464306772
58,79,21,0.21,0.10171296585351229
68,84,16,0.16,0.08956758411601186
86,93,7,0.07,0.08439630664885044
78,89,11,0.11,0.09437244663015008
94,97,3,0.03,0.07313466781750322
82,91,9,0.09,0.0722282837331295
72,86,14,0.14,0.07521380472928285
86,93,7,0.07,0.07073631033301353
78,89,11,0.11,0.06535386058501899
92,96,4,0.04,0.09194324273616075
80,90,10,0.1,0.08586361231282354
64,82,18,0.18,0.07559242556802928
60,80,20,0.2,0.08023343814536929
60,80,20,0.2,0.07463731521740556
70,85,15,0.15,0.11204508868977428
72,86,14,0.14,0.07810972688253968
68,84,16,0.16,0.09297771205194294
66,83,17,0.17,0.11571528081782162
78,89,11,0.11,0.07349765321239829
74,87,13,0.13,0.0682708026934415
80,90,10,0.1,0.07003021388314665
80,90,10,0.1,0.0989633052609861
62,81,19,0.19,0.0932231751875952
68,84,16,0.16,0.08209589842241258
68,84,16,0.16,0.10789329135790467
80,90,10,0.1,0.110787238124758
70,85,15,0.15,0.0708534362539649
80,90,10,0.1,0.08727287849411368
78,89,11,0.11,0.09675053426995874
52,76,24,0.24,0.07641862168908119
68,84,16,0.16,0.07290553076192736
74,87,13,0.13,0.1156020530872047
62,81,19,0.19,0.0893288451153785
64,82,18,0.18,0.08555720860138535
66,83,17,0.17,0.09793194017373025
72,86,14,0.14,0.0862739318329841
52,76,24,0.24,0.10298424595966935
78,89,11,0.11,0.09712850010022521
62,81,19,0.19,0.08756024450063705
78,89,11,0.11,0.08829102259129286
74,87,13,0.13,0.07958660329692066
76,88,12,0.12,0.0770965011138469
78,89,11,0.11,0.10558003656566144
66,83,17,0.17,0.09815489455126226
88,94,6,0.06,0.06192936502862722
80,90,10,0.1,0.10889938100706786
76,88,12,0.12,0.08885208488209173
68,84,16,0.16,0.06774561854079365
82,91,9,0.09,0.10669726244173944
54,77,23,0.23,0.11508572217077016
74,87,13,0.13,0.07684293955564499
78,89,11,0.11,0.1057635367102921
82,91,9,0.09,0.09651243004947901
66,83,17,0.17,0.10764245497062802
76,88,12,0.12,0.07090055729728192
66,83,17,0.17,0.08011757280677557
72,86,14,0.14,0.09591754789929836
78,89,11,0.11,0.08264146506320685
70,85,15,0.15,0.09137733331881463
60,80,20,0.2,0.0937126320414245
66,83,17,0.17,0.07624359980225563
80,90,10,0.1,0.07918097756803036
72,86,14,0.14,0.08001309993676842
82,91,9,0.09,0.07682198353111744
58,79,21,0.21,0.08900000805035234
68,84,16,0.16,0.10235879357904196
64,82,18,0.18,0.08433520044200123
90,95,5,0.05,0.0927388321235776
56,78,22,0.22,0.09826512662693858
84,92,8,0.08,0.08895337761379779
70,85,15,0.15,0.08573446252383292
58,79,21,0.21,0.09215338265523315
60,80,20,0.2,0.0992818455118686
78,89,11,0.11,0.07722624502610415
78,89,11,0.11,0.07437148665077985
54,77,23,0.23,0.0921846091747284
84,92,8,0.08,0.06022873188368976
72,86,14,0.14,0.09552396097686142
94,97,3,0.03,0.08025157230906188
72,86,14,0.14,0.09145047784782946
62,81,19,0.19,0.07872453905642032
68,84,16,0.16,0.09912637801840901
60,80,20,0.2,0.08650817656889558
82,91,9,0.09,0.07995873148553073
62,81,19,0.19,0.0884128150343895
74,87,13,0.13,0.08559881321620195
74,87,13,0.13,0.08174187276978045
74,87,13,0.13,0.08658348778262734
80,90,10,0.1,0.07948661118745803
58,79,21,0.21,0.10007750852033497
80,90,10,0.1,0.078475959636271
74,87,13,0.13,0.07375208031851799
74,87,13,0.13,0.08740190803073347
70,85,15,0.15,0.10128848412074148
66,83,17,0.17,0.09928021684288979
76,88,12,0.12,0.09710310228168964
68,84,16,0.16,0.07633807322010398
86,93,7,0.07,0.08889347252435982
76,88,12,0.12,0.09383524178527296
70,85,15,0.15,0.10158327508717775
68,84,16,0.16,0.10172820983454585
64,82,18,0.18,0.08213180049322545
78,89,11,0.11,0.09604694169480353
54,77,23,0.23,0.11158757796511054
64,82,18,0.18,0.11402000915259122
72,86,14,0.14,0.10544578582048417
70,85,15,0.15,0.11794082013890148
68,84,16,0.16,0.11106876802630722
70,85,15,0.15,0.1212438863515854
72,86,14,0.14,0.12083694569766522
68,84,16,0.16,0.11701492799445987
68,84,16,0.16,0.13085432143881917
78,89,11,0.11,0.09620966208167374
80,90,10,0.1,0.11690804824233055
68,84,16,0.16,0.09251794029027223
76,88,12,0.12,0.10981546306982637
48,74,26,0.26,0.12400888268835843
70,85,15,0.15,0.0815273929387331
64,82,18,0.18,0.13035915445536375
72,86,14,0.14,0.09830940363928675
66,83,17,0.17,0.11046003602445126
52,76,24,0.24,0.08424295312725008
70,85,15,0.15,0.11504741152748466
74,87,13,0.13,0.11412996934726834
76,88,12,0.12,0.12803097426891327
66,83,17,0.17,0.087922090459615
86,93,7,0.07,0.10076052091550082
84,92,8,0.08,0.07287669008597732
72,86,14,0.14,0.10251277745701373
70,85,15,0.15,0.09452492208220065
70,85,15,0.15,0.12201760921627283
80,90,10,0.1,0.10346741564571857
90,95,5,0.05,0.08760609783232212
76,88,12,0.12,0.08729298878461123
78,89,11,0.11,0.08299429995939135
76,88,12,0.12,0.08420803577639163
76,88,12,0.12,0.09185480830259621
74,87,13,0.13,0.0787742068991065
74,87,13,0.13,0.08471328178420663
84,92,8,0.08,0.08288769074715674
76,88,12,0.12,0.09145421722903847
56,78,22,0.22,0.11633639975450932
72,86,14,0.14,0.09952819060534239
68,84,16,0.16,0.1019090077932924
60,80,20,0.2,0.0975465594790876
78,89,11,0.11,0.09028938887640833
84,92,8,0.08,0.07830918002873659
58,79,21,0.21,0.10801334949210287
80,90,10,0.1,0.09820183232426644
84,92,8,0.08,0.10058384424075484
68,84,16,0.16,0.11191863676533104
76,88,12,0.12,0.10814851231873035
76,88,12,0.12,0.06966536754742264
46,73,27,0.27,0.09232279574964196
74,87,13,0.13,0.1159480801783502
82,91,9,0.09,0.11585356723517179
80,90,10,0.1,0.10103130018338562
80,90,10,0.1,0.10728076014667749
62,81,19,0.19,0.11939713886007666
60,80,20,0.2,0.11747957790270448
64,82,18,0.18,0.11610317770391702
66,83,17,0.17,0.12441619919613003
64,82,18,0.18,0.11603962048888207
62,81,19,0.19,0.11273950606584549
74,87,13,0.13,0.10233494289219379
90,95,5,0.05,0.1011845031566918
66,83,17,0.17,0.07683865222148598
86,93,7,0.07,0.09221286810934544
78,89,11,0.11,0.08379437941126526
70,85,15,0.15,0.09157227450050413
92,96,4,0.04,0.06838181229308248
88,94,6,0.06,0.07686963276006281
72,86,14,0.14,0.08203002681024373
68,84,16,0.16,0.08698778487741947
84,92,8,0.08,0.07954707812517882
78,89,11,0.11,0.10075413335114718
72,86,14,0.14,0.07248398847877979
90,95,5,0.05,0.06083017991855741
76,88,12,0.12,0.0843148978240788
56,78,22,0.22,0.10313569670543074
78,89,11,0.11,0.09381471997592598
76,88,12,0.12,0.09024948809295892
90,95,5,0.05,0.07606632655486464
68,84,16,0.16,0.11135730601847171
62,81,19,0.19,0.11082972440868616
64,82,18,0.18,0.10897938483394683
68,84,16,0.16,0.12077916450798512
78,89,11,0.11,0.10856900257989764
78,89,11,0.11,0.09221173560246826
68,84,16,0.16,0.11227467800490558
82,91,9,0.09,0.09658551927655935
66,83,17,0.17,0.10591387702152133
60,80,20,0.2,0.11807724410668015
74,87,13,0.13,0.12557947805151343
62,81,19,0.19,0.12465508623048663
90,95,5,0.05,0.10483727290760726
74,87,13,0.13,0.0947773901373148
68,84,16,0.16,0.10853250980377198
54,77,23,0.23,0.09801694774068892
70,85,15,0.15,0.108922068644315
64,82,18,0.18,0.101786969024688
72,86,14,0.14,0.11477204780094326
82,91,9,0.09,0.0826193772489205
62,81,19,0.19,0.09314707890152932
80,90,10,0.1,0.08028205175884068
66,83,17,0.17,0.11344079678878188
76,88,12,0.12,0.10587288081180304
88,94,6,0.06,0.08708831303752959
78,89,11,0.11,0.09592202663421631
78,89,11,0.11,0.1118693206552416
72,86,14,0.14,0.11460846424102783
72,86,14,0.14,0.10251074912026524
74,87,13,0.13,0.12088893922045826
94,97,3,0.03,0.07742254397599027
82,91,9,0.09,0.06280057197669521
74,87,13,0.13,0.06923950855853037
84,92,8,0.08,0.08050693322904408
72,86,14,0.14,0.08094908406026662
78,89,11,0.11,0.08812987714074552
76,88,12,0.12,0.07478823587298393
70,85,15,0.15,0.09045963726937771
72,86,14,0.14,0.11475974902510643
66,83,17,0.17,0.1000597494840622
68,84,16,0.16,0.09872955486178397
70,85,15,0.15,0.10731357151642441
82,91,9,0.09,0.10910205310210586
62,81,19,0.19,0.11056291970424353
84,92,8,0.08,0.08662788030691444
92,96,4,0.04,0.0785393582470715
86,93,7,0.07,0.07752586065791547
92,96,4,0.04,0.08251007918268442
74,87,13,0.13,0.10040134519338607
62,81,19,0.19,0.09801279195584357
66,83,17,0.17,0.09932176200672985
72,86,14,0.14,0.11509999202564358
70,85,15,0.15,0.1258839506842196
78,89,11,0.11,0.09215716159902514
80,90,10,0.1,0.10841282427310944
86,93,7,0.07,0.08641476389020682
76,88,12,0.12,0.10149591105990112
80,90,10,0.1,0.10022397520951927
70,85,15,0.15,0.09158526096260175
84,92,8,0.08,0.0773474857583642
70,85,15,0.15,0.11849326647818088
72,86,14,0.14,0.07739741639234125
76,88,12,0.12,0.07277800838463008
78,89,11,0.11,0.0780106657044962
72,86,14,0.14,0.077628062563017
84,92,8,0.08,0.09109135118778795
48,74,26,0.26,0.10625697074458003
68,84,16,0.16,0.08144113289192319
74,87,13,0.13,0.09487426196224988
74,87,13,0.13,0.08544765715487301
88,94,6,0.06,0.06764336252585053
90,95,5,0.05,0.09469200910069048
66,83,17,0.17,0.08271221088245512
78,89,11,0.11,0.08677447556518018
70,85,15,0.15,0.08095453440211714
86,93,7,0.07,0.07979660799726844
80,90,10,0.1,0.08349418863654137
86,93,7,0.07,0.07345771152933595
84,92,8,0.08,0.08445906326640397
68,84,16,0.16,0.07576701069250703
70,85,15,0.15,0.0907466346397996
74,87,13,0.13,0.10612038746476174
88,94,6,0.06,0.06654267443343997
80,90,10,0.1,0.08353238742798567
66,83,17,0.17,0.10277692321687937
60,80,20,0.2,0.09508670713752508
74,87,13,0.13,0.08864788584411144
80,90,10,0.1,0.08529308464378119
80,90,10,0.1,0.08737022430635989
62,81,19,0.19,0.08081749846227466
82,91,9,0.09,0.08622669292613865
64,82,18,0.18,0.0918603333318606
74,87,13,0.13,0.09271242033690213
90,95,5,0.05,0.08650328664109111
90,95,5,0.05,0.0880144912749529
82,91,9,0.09,0.08678812081925572
82,91,9,0.09,0.07479204900213517
76,88,12,0.12,0.07597539854235948
70,85,15,0.15,0.07465908049605786
70,85,15,0.15,0.07177216502837837
70,85,15,0.15,0.10923851625062525
80,90,10,0.1,0.09791335791815073
66,83,17,0.17,0.10139959669206292
70,85,15,0.15,0.0911228659749031
82,91,9,0.09,0.09026194801554084
66,83,17,0.17,0.09023726992309093
78,89,11,0.11,0.11700620414223523
76,88,12,0.12,0.0899051296338439
82,91,9,0.09,0.08307182028889656
78,89,11,0.11,0.07943425697972999
92,96,4,0.04,0.06433627007994801
90,95,5,0.05,0.05788033925928175
84,92,8,0.08,0.05348961137235165
74,87,13,0.13,0.08438941469881683
78,89,11,0.11,0.10688789053354412
82,91,9,0.09,0.08717084063217044
76,88,12,0.12,0.07434889057185501
80,90,10,0.1,0.09120118603110314
66,83,17,0.17,0.08012775598559528
74,87,13,0.13,0.07243314552586526
62,81,19,0.19,0.09948018351569772
80,90,10,0.1,0.08449736897833646
78,89,11,0.11,0.08231758781708777
82,91,9,0.09,0.069151231222786
74,87,13,0.13,0.09490412542130798
68,84,16,0.16,0.0790861891862005
62,81,19,0.19,0.09303896944969893
68,84,16,0.16,0.09359094301005826
76,88,12,0.12,0.0912865538801998
90,95,5,0.05,0.09646694047376514
88,94,6,0.06,0.09246547884307801
70,85,15,0.15,0.09853543248027563
54,77,23,0.23,0.11463571833446622
64,82,18,0.18,0.11225197908468544
70,85,15,0.15,0.09209388284478337
80,90,10,0.1,0.09300787975080312
76,88,12,0.12,0.09798131198622287
70,85,15,0.15,0.08491178760305047
64,82,18,0.18,0.11011245594359935
86,93,7,0.07,0.09043858826160431
94,97,3,0.03,0.08578250890597701
72,86,14,0.14,0.09797713700681925
80,90,10,0.1,0.07086897943168878
60,80,20,0.2,0.07907370301894844
74,87,13,0.13,0.09807628421112895
68,84,16,0.16,0.08066723370924592
70,85,15,0.15,0.09032670154236257
64,82,18,0.18,0.09136586112901568
74,87,13,0.13,0.10264581544324755
78,89,11,0.11,0.09145721019711345
50,75,25,0.25,0.11809351501986384
86,93,7,0.07,0.08653430023230613
78,89,11,0.11,0.09154628738760948
64,82,18,0.18,0.09699274393729866
72,86,14,0.14,0.11297440780326724
76,88,12,0.12,0.1171416080801282
60,80,20,0.2,0.10505035158246756
64,82,18,0.18,0.10446230478584767
64,82,18,0.18,0.12052099824883043
70,85,15,0.15,0.0958214645087719
66,83,17,0.17,0.11965350575745105
76,88,12,0.12,0.11515022607520223
74,87,13,0.13,0.10301484041847289
78,89,11,0.11,0.11489989766851068
74,87,13,0.13,0.09584444141015411
66,83,17,0.17,0.12676801851019262
70,85,15,0.15,0.1007565354835242
80,90,10,0.1,0.11754045510664582
62,81,19,0.19,0.10378666890785099
80,90,10,0.1,0.08110041898675263
54,77,23,0.23,0.09739127139560878
78,89,11,0.11,0.10511439554393291
78,89,11,0.11,0.0889187700022012
80,90,10,0.1,0.11132156612351536
80,90,10,0.1,0.09315400197170674
74,87,13,0.13,0.09394684235565365
82,91,9,0.09,0.08738180991378613
74,87,13,0.13,0.09563592648133636
66,83,17,0.17,0.12334033179096877
92,96,4,0.04,0.07778420435264706
68,84,16,0.16,0.10771466387435794
98,99,1,0.01,0.0861078701261431
70,85,15,0.15,0.11667611626908184
62,81,19,0.19,0.1108075594343245
84,92,8,0.08,0.11785472300834954
68,84,16,0.16,0.09846533549949527
68,84,16,0.16,0.10415734997019171
74,87,13,0.13,0.08812019679695368
74,87,13,0.13,0.09261624961160124
62,81,19,0.19,0.09247278049588203
60,80,20,0.2,0.13253949793055653
84,92,8,0.08,0.08856281206943095
70,85,15,0.15,0.09628004318103195
72,86,14,0.14,0.1342237900197506
70,85,15,0.15,0.0959912546724081
72,86,14,0.14,0.0966685776039958
72,86,14,0.14,0.13829363007098436
72,86,14,0.14,0.09188787350431085
66,83,17,0.17,0.11075727990828454
64,82,18,0.18,0.14969390489161014
56,78,22,0.22,0.11585150118684397
74,87,13,0.13,0.09029217893257738
76,88,12,0.12,0.14283995747566222
76,88,12,0.12,0.11597409299574793
80,90,10,0.1,0.07474864406511188
66,83,17,0.17,0.15128498245030642
64,82,18,0.18,0.10711522052064539
64,82,18,0.18,0.14610597487539054
68,84,16,0.16,0.08594056555069983
82,91,9,0.09,0.08057183700613678
58,79,21,0.21,0.13798215018585325
70,85,15,0.15,0.08500661543570459
82,91,9,0.09,0.09564111517742276
76,88,12,0.12,0.11495585147291422
90,95,5,0.05,0.07713213830254972
70,85,15,0.15,0.1120711744017899
90,95,5,0.05,0.0777183831203729
82,91,9,0.09,0.09350448639597744
82,91,9,0.09,0.09793649957049638
72,86,14,0.14,0.07619409707840533
78,89,11,0.11,0.07582015248946845
86,93,7,0.07,0.08928095495328307
72,86,14,0.14,0.07991387490183115
40,70,30,0.3,0.09763463254086674
80,90,10,0.1,0.07731229747645557
70,85,15,0.15,0.08840782625600696
72,86,14,0.14,0.10641696086153388
66,83,17,0.17,0.10180425506085157
80,90,10,0.1,0.1012725678831339
76,88,12,0.12,0.11233847236260772
74,87,13,0.13,0.14733412969857454
56,78,22,0.22,0.13071125695481897
54,77,23,0.23,0.12712595097720622
82,91,9,0.09,0.11259491322562099
84,92,8,0.08,0.1473384431935847
72,86,14,0.14,0.13487656673416495
78,89,11,0.11,0.12871127042919397
80,90,10,0.1,0.12101279597729445
60,80,20,0.2,0.12616263460367919
66,83,17,0.17,0.09989694928750396
86,93,7,0.07,0.07981260892935098
74,87,13,0.13,0.09121674770489335
72,86,14,0.14,0.0894397504813969
72,86,14,0.14,0.09192611663369461
80,90,10,0.1,0.08506616683676839
80,90,10,0.1,0.10524661390110851
70,85,15,0.15,0.11335585789754987
70,85,15,0.15,0.10966958133503794
78,89,11,0.11,0.11675947572104634
70,85,15,0.15,0.11680889489129186
76,88,12,0.12,0.12205426666885615
86,93,7,0.07,0.10543472862802446
56,78,22,0.22,0.10311610923148691
76,88,12,0.12,0.10770325930789112
82,91,9,0.09,0.11641110475175083
74,87,13,0.13,0.09256599806249141
76,88,12,0.12,0.09812248457223177
78,89,11,0.11,0.09922230022028089
68,84,16,0.16,0.10023140810430049
68,84,16,0.16,0.11134963368996978
68,84,16,0.16,0.11509741336107254
66,83,17,0.17,0.13059665903449058
64,82,18,0.18,0.11378544108942151
68,84,16,0.16,0.11140780604211614
60,80,20,0.2,0.12194410914555193
70,85,15,0.15,0.12130230665206909
66,83,17,0.17,0.10647256827913225
68,84,16,0.16,0.1241867584362626
70,85,15,0.15,0.12238865919411182
88,94,6,0.06,0.05927991251461208
84,92,8,0.08,0.09534069761866704
82,91,9,0.09,0.10349764940794558
74,87,13,0.13,0.055791783623863014
70,85,15,0.15,0.07343999190256
82,91,9,0.09,0.08841146043385378
68,84,16,0.16,0.11558397982269525
72,86,14,0.14,0.08956206474453211
72,86,14,0.14,0.09153180878609418
60,80,20,0.2,0.08794402856379747
74,87,13,0.13,0.12546878580003976
60,80,20,0.2,0.11448503641411661
66,83,17,0.17,0.11573179196566344
74,87,13,0.13,0.08875510049052536
70,85,15,0.15,0.10115914452821016
76,88,12,0.12,0.11624246454797685
70,85,15,0.15,0.09842292381450533
66,83,17,0.17,0.09666564762592315
58,79,21,0.21,0.10864475031848997
80,90,10,0.1,0.10608862240798772
76,88,12,0.12,0.1052263728249818
60,80,20,0.2,0.10442851679399609
72,86,14,0.14,0.1098046925663948
76,88,12,0.12,0.11804371589794754
68,84,16,0.16,0.10007826486602425
68,84,16,0.16,0.08586429418530316
50,75,25,0.25,0.09429020339623094
68,84,16,0.16,0.09891303362324834
72,86,14,0.14,0.08384702166542411
72,86,14,0.14,0.10217260840348899
62,81,19,0.19,0.09388678559102118
70,85,15,0.15,0.0822100617364049
60,80,20,0.2,0.11377218012697994
72,86,14,0.14,0.09640944650396704
74,87,13,0.13,0.11222530746366828
78,89,11,0.11,0.09374729724600911
82,91,9,0.09,0.07658469431102276
66,83,17,0.17,0.13884111909195782
88,94,6,0.06,0.09627065479755402
80,90,10,0.1,0.09460332941263914
72,86,14,0.14,0.14832552064210178
74,87,13,0.13,0.09290646625682712
60,80,20,0.2,0.07856528696604073
76,88,12,0.12,0.12341462593525648
84,92,8,0.08,0.08559465666301548
70,85,15,0.15,0.09017559254541993
66,83,17,0.17,0.1463240790553391
58,79,21,0.21,0.10359143387526273
72,86,14,0.14,0.14037219499237835
82,91,9,0.09,0.09352656422182917
68,84,16,0.16,0.09621107514947652
72,86,14,0.14,0.07133773349225521
78,89,11,0.11,0.08191771352663636
74,87,13,0.13,0.07941271065734327
72,86,14,0.14,0.06905024002771824
78,89,11,0.11,0.1051955858943984
72,86,14,0.14,0.10723266564309597
84,92,8,0.08,0.08916060570627451
76,88,12,0.12,0.09951249167323112
66,83,17,0.17,0.10501289868727326
86,93,7,0.07,0.09361230306327344
70,85,15,0.15,0.10259218081831932
62,81,19,0.19,0.09980116132646799
68,84,16,0.16,0.10267808841541409
78,89,11,0.11,0.0907586011197418
76,88,12,0.12,0.06934285707306116
64,82,18,0.18,0.09581548273563385
66,83,17,0.17,0.0840472811833024
62,81,19,0.19,0.09526587927248328
84,92,8,0.08,0.06906394088640809
74,87,13,0.13,0.08679125499445944
76,88,12,0.12,0.08235949505120516
80,90,10,0.1,0.09380587993189693
68,84,16,0.16,0.1027045058272779
86,93,7,0.07,0.09770815276540816
70,85,15,0.15,0.07411147300153971
60,80,20,0.2,0.08774257939308881
72,86,14,0.14,0.08460384408012032
52,76,24,0.24,0.09207415563985705
78,89,11,0.11,0.09324425240047277
68,84,16,0.16,0.08763387587852776
70,85,15,0.15,0.0798343744687736
68,84,16,0.16,0.08324557082727552
76,88,12,0.12,0.0800269522331655
72,86,14,0.14,0.09925783973187208
80,90,10,0.1,0.08053887337446212
72,86,14,0.14,0.08171482583507896
74,87,13,0.13,0.06792125208768994
84,92,8,0.08,0.08296405826695263
76,88,12,0.12,0.08585538104176521
80,90,10,0.1,0.06824696802999825
72,86,14,0.14,0.08251637337729335
70,85,15,0.15,0.09808769021183253
82,91,9,0.09,0.07875569970346988
62,81,19,0.19,0.08957378937862813
82,91,9,0.09,0.079615538995713
58,79,21,0.21,0.11524279452860356
72,86,14,0.14,0.07782099900767207
78,89,11,0.11,0.09554188118316233
62,81,19,0.19,0.11139834940433502
70,85,15,0.15,0.12936447992920874
72,86,14,0.14,0.13513304194435477
64,82,18,0.18,0.1189233247935772
74,87,13,0.13,0.12515711970627308
82,91,9,0.09,0.1105609473399818
84,92,8,0.08,0.1044017507880926
76,88,12,0.12,0.11503872634842992
74,87,13,0.13,0.1138907276839018
82,91,9,0.09,0.08888390171341598
70,85,15,0.15,0.09014888851903378
78,89,11,0.11,0.0943032353091985
76,88,12,0.12,0.09278107222169638
70,85,15,0.15,0.09401621107012033
78,89,11,0.11,0.08944416455924512
66,83,17,0.17,0.116565757188946
64,82,18,0.18,0.09071038261987269
58,79,21,0.21,0.10221066024154425
64,82,18,0.18,0.09741451574489474
74,87,13,0.13,0.10230198960751295
82,91,9,0.09,0.09809488616883755
80,90,10,0.1,0.09264156091026962
54,77,23,0.23,0.10703915851190686
58,79,21,0.21,0.07794061900116503
88,94,6,0.06,0.08529449434019626
58,79,21,0.21,0.10042309815064072
78,89,11,0.11,0.09023518743924797
80,90,10,0.1,0.0998925312422216
72,86,14,0.14,0.09866383695974947
80,90,10,0.1,0.06805856977589428
76,88,12,0.12,0.11234426639974117
76,88,12,0.12,0.0856283596623689
54,77,23,0.23,0.12645584994927048
66,83,17,0.17,0.11327603533864021
76,88,12,0.12,0.07844900531228632
70,85,15,0.15,0.10442033688072115
86,93,7,0.07,0.09517935501411558
86,93,7,0.07,0.08833593829534948
76,88,12,0.12,0.0945858403481543
70,85,15,0.15,0.10895780205726624
72,86,14,0.14,0.10435002822428942
82,91,9,0.09,0.090073520578444
58,79,21,0.21,0.13233528124168514
74,87,13,0.13,0.0742533701658249
76,88,12,0.12,0.07930276145227254
68,84,16,0.16,0.11123462271876633
88,94,6,0.06,0.06469527201727032
82,91,9,0.09,0.06840242330916226
78,89,11,0.11,0.10468507837504148
74,87,13,0.13,0.07584948498755693
62,81,19,0.19,0.09692397787235678
60,80,20,0.2,0.11632199543528259
66,83,17,0.17,0.14934933349490165
74,87,13,0.13,0.0975665969029069
72,86,14,0.14,0.11175329324789346
80,90,10,0.1,0.09768833057954908
80,90,10,0.1,0.10761605041101575
84,92,8,0.08,0.09317698017694057
78,89,11,0.11,0.1002394887432456
94,97,3,0.03,0.09961210068315268
70,85,15,0.15,0.09875945523381233
76,88,12,0.12,0.1000614806637168
74,87,13,0.13,0.09541675552725792
78,89,11,0.11,0.07675207507796586
76,88,12,0.12,0.08100100419484078
80,90,10,0.1,0.07715992068871856
76,88,12,0.12,0.08489721145480872
66,83,17,0.17,0.09061693167313933
62,81,19,0.19,0.10235614573583007
80,90,10,0.1,0.09222198041155934
74,87,13,0.13,0.10966401867568493
60,80,20,0.2,0.13562394022010266
84,92,8,0.08,0.0902508344873786
60,80,20,0.2,0.10271611761301756
70,85,15,0.15,0.09122373557649553
84,92,8,0.08,0.08601896302076056
78,89,11,0.11,0.11186838254332543
76,88,12,0.12,0.10737024591304362
68,84,16,0.16,0.10794782837852836
76,88,12,0.12,0.09518338412046433
56,78,22,0.22,0.12342003773897886
72,86,14,0.14,0.12082736063748598
62,81,19,0.19,0.11771120853722096
92,96,4,0.04,0.09238126290030778
80,90,10,0.1,0.09908130632713437
58,79,21,0.21,0.09034931872040033
80,90,10,0.1,0.09950326159596443
84,92,8,0.08,0.10990013930946589
78,89,11,0.11,0.100740139298141
76,88,12,0.12,0.0930238289386034
80,90,10,0.1,0.09335933642461897
68,84,16,0.16,0.08874357558786869
72,86,14,0.14,0.10742314900271595
72,86,14,0.14,0.09176900950726122
88,94,6,0.06,0.0973109324183315
80,90,10,0.1,0.08299650280736387
74,87,13,0.13,0.0819275334617123
86,93,7,0.07,0.06198969176504761
82,91,9,0.09,0.06114602194167674
72,86,14,0.14,0.07118485917337239
74,87,13,0.13,0.08524750913958996
76,88,12,0.12,0.10269475056789816
56,78,22,0.22,0.1430857317522168
66,83,17,0.17,0.06085630044806749
68,84,16,0.16,0.09262642418965697
76,88,12,0.12,0.11838054018095136
72,86,14,0.14,0.07555533864535391
80,90,10,0.1,0.1092901013046503
70,85,15,0.15,0.08904822456650435
66,83,17,0.17,0.12461558600887657
82,91,9,0.09,0.09188266282901168
72,86,14,0.14,0.08416045639663934
78,89,11,0.11,0.08563901194371283
68,84,16,0.16,0.0859189919475466
72,86,14,0.14,0.07805685401428492
76,88,12,0.12,0.10318653794005513
74,87,13,0.13,0.09654806453734636
74,87,13,0.13,0.08737573797814548
42,71,29,0.29,0.14491708656772972
74,87,13,0.13,0.08062519891187549
82,91,9,0.09,0.1291144936159253
76,88,12,0.12,0.12334736861288548
76,88,12,0.12,0.12514077535830437
68,84,16,0.16,0.14028545796871186
72,86,14,0.14,0.10983500899747015
62,81,19,0.19,0.14074684027582407
72,86,14,0.14,0.12269495733082295
56,78,22,0.22,0.11556046371813863
84,92,8,0.08,0.07856179087422788
66,83,17,0.17,0.09575810584239662
64,82,18,0.18,0.08012552956584841
66,83,17,0.17,0.08268807536922396
66,83,17,0.17,0.08128899466246367
74,87,13,0.13,0.10482518941164017
78,89,11,0.11,0.07669458588585258
84,92,8,0.08,0.08504922969266772
84,92,8,0.08,0.09109736599959434
62,81,19,0.19,0.0952934958320111
68,84,16,0.16,0.09723819322884082
70,85,15,0.15,0.093419757951051
76,88,12,0.12,0.09780385403893888
64,82,18,0.18,0.09825133977457881
58,79,21,0.21,0.10806559356860816
70,85,15,0.15,0.10947849124670028
72,86,14,0.14,0.1338735691830516
60,80,20,0.2,0.10991183173842728
82,91,9,0.09,0.10340327434241772
70,85,15,0.15,0.1456939642969519
64,82,18,0.18,0.12118439136072993
74,87,13,0.13,0.11708748219534755
66,83,17,0.17,0.12657275943085552
62,81,19,0.19,0.11874480664730072
62,81,19,0.19,0.07505222118459642
86,93,7,0.07,0.10588976576924324
58,79,21,0.21,0.1282013788074255
84,92,8,0.08,0.08730602755676956
80,90,10,0.1,0.09643573580309749
76,88,12,0.12,0.10358875907957554
74,87,13,0.13,0.09409362580161541
76,88,12,0.12,0.09821262069046498
70,85,15,0.15,0.09727917807176709
62,81,19,0.19,0.08351760868914425
88,94,6,0.06,0.07719574823044241
66,83,17,0.17,0.07740946556907147
80,90,10,0.1,0.11033435182645918
72,86,14,0.14,0.08700614656321705
82,91,9,0.09,0.08207647262141109
74,87,13,0.13,0.08327707009389997
72,86,14,0.14,0.08900829589925706
68,84,16,0.16,0.0764746480435133
68,84,16,0.16,0.09915122419595718
74,87,13,0.13,0.0807955707423389
66,83,17,0.17,0.08996617194265127
74,87,13,0.13,0.08337399423588067
78,89,11,0.11,0.09704993138089776
64,82,18,0.18,0.09069142351858318
80,90,10,0.1,0.09749631856568158
80,90,10,0.1,0.07586335025029257
68,84,16,0.16,0.09293096477165819
80,90,10,0.1,0.07847856523934751
72,86,14,0.14,0.08906026218086481
84,92,8,0.08,0.07274699424393476
74,87,13,0.13,0.0812717720400542
84,92,8,0.08,0.0753642683941871
72,86,14,0.14,0.09962024547625332
74,87,13,0.13,0.07439393141306937
86,93,7,0.07,0.07351502215489746
72,86,14,0.14,0.07891006499528885
72,86,14,0.14,0.08773951423354447
80,90,10,0.1,0.09353024506010116
80,90,10,0.1,0.07977382717654109
72,86,14,0.14,0.09573064923752099
66,83,17,0.17,0.07289688968099654
78,89,11,0.11,0.087286482648924
52,76,24,0.24,0.09393726597540081
60,80,20,0.2,0.07807684698142112
82,91,9,0.09,0.07516257653012871
60,80,20,0.2,0.08008391637355089
82,91,9,0.09,0.07884387874044478
56,78,22,0.22,0.09540594515390693
62,81,19,0.19,0.07663626411929726
66,83,17,0.17,0.12336030922830105
84,92,8,0.08,0.07664687043987214
76,88,12,0.12,0.0878681760467589
80,90,10,0.1,0.08497969828546047
92,96,4,0.04,0.08989811783656478
66,83,17,0.17,0.11377607135102152
72,86,14,0.14,0.09801251387223602
68,84,16,0.16,0.1103994346410036
74,87,13,0.13,0.10068169813603163
84,92,8,0.08,0.08952716140076518
66,83,17,0.17,0.10766175631433725
68,84,16,0.16,0.08889774089679121
66,83,17,0.17,0.08230319157242776
66,83,17,0.17,0.08388447916135192
60,80,20,0.2,0.08877492471598089
56,78,22,0.22,0.1045172257348895
76,88,12,0.12,0.09829924132674933
66,83,17,0.17,0.11342843336984515
82,91,9,0.09,0.09733812179416418
82,91,9,0.09,0.11178806805983185
70,85,15,0.15,0.09752496100962162
80,90,10,0.1,0.10954876022413373
80,90,10,0.1,0.11936260500922799
88,94,6,0.06,0.10454047603998333
80,90,10,0.1,0.10855980176478625
80,90,10,0.1,0.10521019786596299
70,85,15,0.15,0.09409366777166724
62,81,19,0.19,0.09767416920512914
80,90,10,0.1,0.0887696952931583
78,89,11,0.11,0.07752044295892119
68,84,16,0.16,0.08933561291545629
58,79,21,0.21,0.08769408415071667
56,78,22,0.22,0.0935921101924032
60,80,20,0.2,0.10169396614655853
70,85,15,0.15,0.1061381602473557
66,83,17,0.17,0.10616938756778836
60,80,20,0.2,0.11408026706427336
68,84,16,0.16,0.10649949869140983
74,87,13,0.13,0.11139529757201672
78,89,11,0.11,0.06490274420473724
58,79,21,0.21,0.12225860878825187
72,86,14,0.14,0.06627342783845962
82,91,9,0.09,0.1173153858538717
68,84,16,0.16,0.08584126982837915
64,82,18,0.18,0.1461016783863306
78,89,11,0.11,0.1389040122553706
84,92,8,0.08,0.06821828141342849
84,92,8,0.08,0.13500361980870365
70,85,15,0.15,0.0793346015829593
72,86,14,0.14,0.14967439755797385
72,86,14,0.14,0.08917155220173299
68,84,16,0.16,0.096951375734061
76,88,12,0.12,0.1306192595511675
60,80,20,0.2,0.139608046784997
86,93,7,0.07,0.1306984208151698
76,88,12,0.12,0.09338521838188171
78,89,11,0.11,0.10214055480435491
88,94,6,0.06,0.09781915456056595
78,89,11,0.11,0.10959095638245345
78,89,11,0.11,0.09526584325358271
74,87,13,0.13,0.09053788088262081
82,91,9,0.09,0.08548231050604954
70,85,15,0.15,0.09864113373681903
86,93,7,0.07,0.08308490109629929
78,89,11,0.11,0.09241132939234376
76,88,12,0.12,0.09461641790345311
72,86,14,0.14,0.09379140542820096
62,81,19,0.19,0.09550138508901
86,93,7,0.07,0.08657377198338509
68,84,16,0.16,0.08872948998585344
76,88,12,0.12,0.1011307418718934
64,82,18,0.18,0.12481322716921568
50,75,25,0.25,0.13320910349488257
54,77,23,0.23,0.15051922652870417
86,93,7,0.07,0.13633007979020476
86,93,7,0.07,0.11837114509195089
88,94,6,0.06,0.12611951012164355
66,83,17,0.17,0.14414699610322715
82,91,9,0.09,0.11748666509985924
78,89,11,0.11,0.10162627371028066
72,86,14,0.14,0.10306776233017445
54,77,23,0.23,0.09814706766977906
72,86,14,0.14,0.11792231123894453
68,84,16,0.16,0.08892386858351528
72,86,14,0.14,0.08854256631806492
60,80,20,0.2,0.09984936330467463
62,81,19,0.19,0.11194391939789057
70,85,15,0.15,0.10992365512996911
82,91,9,0.09,0.1056145511008799
68,84,16,0.16,0.11695056846365333
68,84,16,0.16,0.11731595227494836
82,91,9,0.09,0.09864982992410659
64,82,18,0.18,0.10876960769295692
76,88,12,0.12,0.1007524181343615
64,82,18,0.18,0.10083308452740311
76,88,12,0.12,0.11120610229671002
72,86,14,0.14,0.10795426761731505
86,93,7,0.07,0.0955187058635056
76,88,12,0.12,0.10869083343073725
62,81,19,0.19,0.0730082096811384
74,87,13,0.13,0.11012646976858377
90,95,5,0.05,0.09728241485077888
88,94,6,0.06,0.10865093978121877
84,92,8,0.08,0.09350468502379954
90,95,5,0.05,0.09590392494574189
80,90,10,0.1,0.10714414734393359
78,89,11,0.11,0.11709526423364877
66,83,17,0.17,0.09664825640618802
88,94,6,0.06,0.10101671578362584
54,77,23,0.23,0.09334127928130329
46,73,27,0.27,0.13136782489717005
74,87,13,0.13,0.09074693599715829
74,87,13,0.13,0.1110045251622796
68,84,16,0.16,0.10630152318626643
80,90,10,0.1,0.10896167803555727
86,93,7,0.07,0.09541258048266173
86,93,7,0.07,0.08129246452823281
68,84,16,0.16,0.08138269891031086
70,85,15,0.15,0.12449169849976897
72,86,14,0.14,0.10186379173770548
66,83,17,0.17,0.12490545243024825
68,84,16,0.16,0.08284571101889014
62,81,19,0.19,0.12811637105420232
82,91,9,0.09,0.0905382720567286
84,92,8,0.08,0.13093760754913092
70,85,15,0.15,0.09664412818849087
86,93,7,0.07,0.12532907189801334
72,86,14,0.14,0.09335107347927987
68,84,16,0.16,0.12044794486835599
70,85,15,0.15,0.1034873928129673
70,85,15,0.15,0.13129999369382858
80,90,10,0.1,0.08509402750991285
72,86,14,0.14,0.10303370457142591
76,88,12,0.12,0.08205614836886525
74,87,13,0.13,0.09408668838441372
78,89,11,0.11,0.0925614950992167
80,90,10,0.1,0.09093313403427601
76,88,12,0.12,0.08618222662247717
70,85,15,0.15,0.10245509127154946
56,78,22,0.22,0.1022079405374825
76,88,12,0.12,0.0844673768710345
76,88,12,0.12,0.07812632694840431
82,91,9,0.09,0.08185155605897307
78,89,11,0.11,0.08408917101100087
80,90,10,0.1,0.0827606220729649
82,91,9,0.09,0.08185897045768797
78,89,11,0.11,0.08057610867545009
72,86,14,0.14,0.09449140477925538
74,87,13,0.13,0.09423026907257735
84,92,8,0.08,0.08807298076339067
74,87,13,0.13,0.07022579888813198
68,84,16,0.16,0.09611807355191558
64,82,18,0.18,0.09212096598930657
72,86,14,0.14,0.10078333862125874
72,86,14,0.14,0.07569075528532267
52,76,24,0.24,0.09306482244282961
72,86,14,0.14,0.08628337172791362
82,91,9,0.09,0.09373249436728656
68,84,16,0.16,0.11186458583921194
72,86,14,0.14,0.12313504565507173
70,85,15,0.15,0.10310474950820207
70,85,15,0.15,0.08865986123681069
72,86,14,0.14,0.10094824416562914
72,86,14,0.14,0.0627433296549134
74,87,13,0.13,0.09269434664398432
68,84,16,0.16,0.09548848063685
82,91,9,0.09,0.0717350400565192
80,90,10,0.1,0.09277945259585976
70,85,15,0.15,0.10880067329853774
46,73,27,0.27,0.06852756961248815
86,93,7,0.07,0.08428930604830384
90,95,5,0.05,0.08201501782983542
62,81,19,0.19,0.07118043913505971
76,88,12,0.12,0.09068655285518616
72,86,14,0.14,0.07103667699266225
76,88,12,0.12,0.06928438960574568
72,86,14,0.14,0.06400900853797793
80,90,10,0.1,0.07082445302046836
76,88,12,0.12,0.07456476381514221
80,90,10,0.1,0.06608918568119407
76,88,12,0.12,0.07938038456253707
76,88,12,0.12,0.09544106725603342
66,83,17,0.17,0.0830070546339266
58,79,21,0.21,0.09303258934989572
86,93,7,0.07,0.07933204766362906
78,89,11,0.11,0.10236917670816183
66,83,17,0.17,0.10847423816099763
66,83,17,0.17,0.08389857954345643
66,83,17,0.17,0.10682071356102824
60,80,20,0.2,0.07819511172361672
70,85,15,0.15,0.07325154669582844
74,87,13,0.13,0.1347594628483057
84,92,8,0.08,0.07583020524121821
76,88,12,0.12,0.13599739896133542
86,93,7,0.07,0.13581116426736117
78,89,11,0.11,0.07267210641410202
76,88,12,0.12,0.13128747129812837
66,83,17,0.17,0.0935095745464787
90,95,5,0.05,0.12269837386906148
80,90,10,0.1,0.06668356047011911
76,88,12,0.12,0.1095616721920669
80,90,10,0.1,0.11155856038443744
86,93,7,0.07,0.11925305744633079
80,90,10,0.1,0.10484656470827758
80,90,10,0.1,0.0970912515744567
84,92,8,0.08,0.07841138421557843
74,87,13,0.13,0.10798666751012206
90,95,5,0.05,0.09015656555071473
82,91,9,0.09,0.06665497546317056
58,79,21,0.21,0.10735978050157428
86,93,7,0.07,0.05569008986465633
82,91,9,0.09,0.10583029674366116
80,90,10,0.1,0.11553978035226464
76,88,12,0.12,0.12402456887066364
78,89,11,0.11,0.09903508206829428
72,86,14,0.14,0.11473348772153258
56,78,22,0.22,0.12677268469706177
64,82,18,0.18,0.13767447296530008
76,88,12,0.12,0.13213342044502496
86,93,7,0.07,0.12448856307193637
84,92,8,0.08,0.11782678849995136
76,88,12,0.12,0.11518915636464953
74,87,13,0.13,0.10669424747116864
72,86,14,0.14,0.09022950027137995
80,90,10,0.1,0.0870913343783468
74,87,13,0.13,0.0887554769590497
78,89,11,0.11,0.09638715889304876
68,84,16,0.16,0.10677368362434209
62,81,19,0.19,0.1269940084591508
72,86,14,0.14,0.10453597059473395
70,85,15,0.15,0.11365035871043801
80,90,10,0.1,0.13030592195689678
60,80,20,0.2,0.1315905503742397
74,87,13,0.13,0.11831486841663719
86,93,7,0.07,0.10677103219553828
76,88,12,0.12,0.10831379195675254
78,89,11,0.11,0.08554450727067887
70,85,15,0.15,0.08211998877115548
82,91,9,0.09,0.07845333870500326
78,89,11,0.11,0.09514745712280273
82,91,9,0.09,0.09063412738963962
64,82,18,0.18,0.10309200601652264
60,80,20,0.2,0.12564617838710546
82,91,9,0.09,0.11897962408140302
62,81,19,0.19,0.14321681017056107
70,85,15,0.15,0.14201394442468881
84,92,8,0.08,0.13285744063556193
68,84,16,0.16,0.14048974495381117
62,81,19,0.19,0.1337029297091067
84,92,8,0.08,0.09761725693941116
84,92,8,0.08,0.062278498391387986
80,90,10,0.1,0.10061281779780984
50,75,25,0.25,0.1265440731868148
76,88,12,0.12,0.10859416907653213
92,96,4,0.04,0.11399530507624149
72,86,14,0.14,0.1190064350515604
68,84,16,0.16,0.11827898375689984
62,81,19,0.19,0.13091877844184638
80,90,10,0.1,0.11996282314881683
60,80,20,0.2,0.1354895364306867
66,83,17,0.17,0.13963973291218282
92,96,4,0.04,0.09654961588792503
84,92,8,0.08,0.1184909038245678
56,78,22,0.22,0.1038389793643728
82,91,9,0.09,0.11035715306177735
74,87,13,0.13,0.1231014217576012
76,88,12,0.12,0.10558023892343044
70,85,15,0.15,0.11061033064499498
76,88,12,0.12,0.11660997653380037
68,84,16,0.16,0.09537753217853606
72,86,14,0.14,0.0926854544505477
66,83,17,0.17,0.10588117878884078
82,91,9,0.09,0.07591940310318022
70,85,15,0.15,0.09385794152040035
54,77,23,0.23,0.09031465153209865
82,91,9,0.09,0.09116882698610425
72,86,14,0.14,0.10188067541457713
76,88,12,0.12,0.10424025899730623
78,89,11,0.11,0.08795342810451984
80,90,10,0.1,0.08227403191849589
66,83,17,0.17,0.09674684424884618
78,89,11,0.11,0.08486559918150306
64,82,18,0.18,0.09247293451800942
70,85,15,0.15,0.10799400417134165
52,76,24,0.24,0.10235376935452223
82,91,9,0.09,0.1029422164708376
80,90,10,0.1,0.10069186434149742
68,84,16,0.16,0.11636522816494108
54,77,23,0.23,0.12763095528818666
74,87,13,0.13,0.10532472474500537
64,82,18,0.18,0.11131347774062306
76,88,12,0.12,0.11596063354052603
80,90,10,0.1,0.10717297308146953
64,82,18,0.18,0.11726064350455999
64,82,18,0.18,0.11047780600376428
64,82,18,0.18,0.12679897680878638
58,79,21,0.21,0.12122567401267588
62,81,19,0.19,0.14257910449057817
58,79,21,0.21,0.14582991641014814
76,88,12,0.12,0.12345881185028702
84,92,8,0.08,0.06189300669415388
66,83,17,0.17,0.11444781433790922
80,90,10,0.1,0.1561105970479548
70,85,15,0.15,0.11475317932665348
62,81,19,0.19,0.10606216970831156
58,79,21,0.21,0.1099323034286499
74,87,13,0.13,0.09913140391930937
76,88,12,0.12,0.11817796856164932
86,93,7,0.07,0.1344787188991904
86,93,7,0.07,0.10646761594340205
84,92,8,0.08,0.1051020423322916
88,94,6,0.06,0.10583706732839346
68,84,16,0.16,0.10605434522032738
82,91,9,0.09,0.1194896218390204
80,90,10,0.1,0.09957850892096758
62,81,19,0.19,0.09837018188089132
62,81,19,0.19,0.09264281537383795
72,86,14,0.14,0.09120693916454911
68,84,16,0.16,0.0812783989822492
66,83,17,0.17,0.09061374315060675
76,88,12,0.12,0.09231375571340322
68,84,16,0.16,0.11143984945490956
78,89,11,0.11,0.09187505566515028
76,88,12,0.12,0.12296101242303849
64,82,18,0.18,0.09536175393499434
74,87,13,0.13,0.09476631754077972
86,93,7,0.07,0.10697441831231118
90,95,5,0.05,0.08448963964823633
88,94,6,0.06,0.11586888588964939
82,91,9,0.09,0.10813872700557113
78,89,11,0.11,0.090339252371341
76,88,12,0.12,0.10769101129844785
84,92,8,0.08,0.10017670549452305
84,92,8,0.08,0.10776306688785553
64,82,18,0.18,0.09719570068642497
62,81,19,0.19,0.12368607927113771
48,74,26,0.26,0.146823946852237
72,86,14,0.14,0.08049393646419048
76,88,12,0.12,0.13650866586714983
74,87,13,0.13,0.08711260540410876
66,83,17,0.17,0.12358190474100411
80,90,10,0.1,0.07876442319713534
74,87,13,0.13,0.12265649566426873
72,86,14,0.14,0.1341135364677757
72,86,14,0.14,0.09364962521009147
70,85,15,0.15,0.10594391738995909
66,83,17,0.17,0.10484494261443615
70,85,15,0.15,0.12913508728146553
68,84,16,0.16,0.13415525075048207
72,86,14,0.14,0.12940621028654278
74,87,13,0.13,0.05147791113937274
66,83,17,0.17,0.11313250862061977
80,90,10,0.1,0.056359820211073386
76,88,12,0.12,0.05153885646257549
68,84,16,0.16,0.06983476566383615
80,90,10,0.1,0.08567155989818274
60,80,20,0.2,0.06711233510635793
80,90,10,0.1,0.06943071065470577
78,89,11,0.11,0.06764390469528735
76,88,12,0.12,0.08393765612971038
74,87,13,0.13,0.07965420951135456
76,88,12,0.12,0.06214414146961644
76,88,12,0.12,0.08096787455491722
74,87,13,0.13,0.061515449294820425
70,85,15,0.15,0.05942996092606336
88,94,6,0.06,0.06183533817064017
76,88,12,0.12,0.05931240087375045
86,93,7,0.07,0.05485932172799948
76,88,12,0.12,0.04507129108067602
70,85,15,0.15,0.062184818941168486
88,94,6,0.06,0.04770300954114646
60,80,20,0.2,0.1504244013503194
74,87,13,0.13,0.11519564590416849
80,90,10,0.1,0.06923385397531093
84,92,8,0.08,0.0845043655578047
84,92,8,0.08,0.09574543134309352
70,85,15,0.15,0.071716882372275
76,88,12,0.12,0.08744916617870331
84,92,8,0.08,0.07438573001883925
76,88,12,0.12,0.09323392771417276
64,82,18,0.18,0.09615070220082998
76,88,12,0.12,0.11513311296701431
68,84,16,0.16,0.1136832925863564
58,79,21,0.21,0.12051605897024274
78,89,11,0.11,0.10507803136482835
84,92,8,0.08,0.07766720914281905
72,86,14,0.14,0.08574909957125783
64,82,18,0.18,0.16011978060007095
80,90,10,0.1,0.09276215852238238
68,84,16,0.16,0.10433220198377967
68,84,16,0.16,0.09824992309324443
70,85,15,0.15,0.08970686546992511
80,90,10,0.1,0.14228619288653135
76,88,12,0.12,0.08431150640361011
78,89,11,0.11,0.08875721270218491
86,93,7,0.07,0.12801807114854455
68,84,16,0.16,0.07627269540913403
62,81,19,0.19,0.10620305450633168
78,89,11,0.11,0.08024506581481546
80,90,10,0.1,0.08277232773602008
88,94,6,0.06,0.11569795548915864
80,90,10,0.1,0.057459376680199056
84,92,8,0.08,0.10537395153194666
74,87,13,0.13,0.09303102515637875
56,78,22,0.22,0.10052936520427465
64,82,18,0.18,0.11034435914829373
84,92,8,0.08,0.08381476292386651
82,91,9,0.09,0.09605190573260187
80,90,10,0.1,0.09386032762005925
82,91,9,0.09,0.08626715190708638
82,91,9,0.09,0.08441309162415564
58,79,21,0.21,0.09967232465744019
84,92,8,0.08,0.07129316171165556
78,89,11,0.11,0.08386610176414251
86,93,7,0.07,0.07717695137485862
50,75,25,0.25,0.09374139090068638
78,89,11,0.11,0.09358605517074466
56,78,22,0.22,0.0985767434630543
80,90,10,0.1,0.09429059471935033
78,89,11,0.11,0.09313703810796142
94,97,3,0.03,0.09877571042627097
72,86,14,0.14,0.10020379912108184
76,88,12,0.12,0.10914459310472012
74,87,13,0.13,0.09371645311824978
70,85,15,0.15,0.11593605374917387
64,82,18,0.18,0.10182234412292018
90,95,5,0.05,0.10548244893550873
60,80,20,0.2,0.10659287086687982
72,86,14,0.14,0.10695942213758826
80,90,10,0.1,0.10844972995109856
74,87,13,0.13,0.10051284853368997
74,87,13,0.13,0.0964643232151866
74,87,13,0.13,0.09987346556037664
76,88,12,0.12,0.09915118658915162
68,84,16,0.16,0.09263402343727649
76,88,12,0.12,0.10260586014017463
68,84,16,0.16,0.09607007084414362
50,75,25,0.25,0.11332794215530156
78,89,11,0.11,0.0867695324588567
70,85,15,0.15,0.11029729183763265
78,89,11,0.11,0.10673277015797794
84,92,8,0.08,0.10986877007875591
74,87,13,0.13,0.09819123292341829
70,85,15,0.15,0.10050827916711569
76,88,12,0.12,0.09800384193658829
74,87,13,0.13,0.09467576110735536
76,88,12,0.12,0.10881134865805507
82,91,9,0.09,0.09223627196624876
84,92,8,0.08,0.09862123182043434
78,89,11,0.11,0.10233873760327697
72,86,14,0.14,0.0531977106560953
84,92,8,0.08,0.07326862927526236
72,86,14,0.14,0.11046922512352467
82,91,9,0.09,0.09081370281986892
62,81,19,0.19,0.11574977986514569
76,88,12,0.12,0.08844996290281415
84,92,8,0.08,0.10406467849388719
84,92,8,0.08,0.08473275858908892
80,90,10,0.1,0.08497238121926784
64,82,18,0.18,0.11668259377591311
68,84,16,0.16,0.08738103377632797
76,88,12,0.12,0.11685947900637984
70,85,15,0.15,0.08580909312702716
82,91,9,0.09,0.11680561041459442
76,88,12,0.12,0.08341008936986327
68,84,16,0.16,0.08470149483531714
72,86,14,0.14,0.07090725157875567
68,84,16,0.16,0.08961107334122062
76,88,12,0.12,0.07064399000257254
74,87,13,0.13,0.10364898188970983
78,89,11,0.11,0.08170643188524991
82,91,9,0.09,0.09894753302447498
86,93,7,0.07,0.08208786922506989
84,92,8,0.08,0.09329184670001268
54,77,23,0.23,0.10590782318264245
74,87,13,0.13,0.09768350018188357
80,90,10,0.1,0.08181245676707477
72,86,14,0.14,0.09621904320083559
60,80,20,0.2,0.0972468361351639
62,81,19,0.19,0.11410213032737375
82,91,9,0.09,0.08146796945948154
78,89,11,0.11,0.10022415190935136
80,90,10,0.1,0.10018842283636331
84,92,8,0.08,0.0729648401774466
70,85,15,0.15,0.12037572216242552
66,83,17,0.17,0.1124889388307929
74,87,13,0.13,0.10430210676044226
80,90,10,0.1,0.09807538418099285
90,95,5,0.05,0.09167243191972375
92,96,4,0.04,0.08391371375415474
84,92,8,0.08,0.10077612398192287
54,77,23,0.23,0.08510097483173013
68,84,16,0.16,0.11008237052708864
60,80,20,0.2,0.08939894168637692
72,86,14,0.14,0.10404592776671052
78,89,11,0.11,0.08362278446555138
82,91,9,0.09,0.10103080712724477
90,95,5,0.05,0.0893436945322901
82,91,9,0.09,0.08393058978021145
68,84,16,0.16,0.08876262926496566
76,88,12,0.12,0.0660601513274014
78,89,11,0.11,0.08515442686155439
66,83,17,0.17,0.08742877123877406
70,85,15,0.15,0.09767512356862426
74,87,13,0.13,0.07731451468542218
66,83,17,0.17,0.09802606598474085
70,85,15,0.15,0.09543580379337073
76,88,12,0.12,0.11664028627797961
80,90,10,0.1,0.0998158367909491
70,85,15,0.15,0.09358526638709008
70,85,15,0.15,0.10818748299032449
86,93,7,0.07,0.08781064772978425
86,93,7,0.07,0.08133561098948121
66,83,17,0.17,0.0830146370595321
74,87,13,0.13,0.0999002131074667
76,88,12,0.12,0.09674004819244146
80,90,10,0.1,0.10155718754976988
70,85,15,0.15,0.0994394919089973
78,89,11,0.11,0.10352823209017516
76,88,12,0.12,0.11002940939739346
76,88,12,0.12,0.0999649566039443
76,88,12,0.12,0.09375234350562095
62,81,19,0.19,0.10108945582062007
80,90,10,0.1,0.09441906524822116
80,90,10,0.1,0.08502576166763902
68,84,16,0.16,0.09677192090079188
66,83,17,0.17,0.11354940675199032
78,89,11,0.11,0.08578488094732166
78,89,11,0.11,0.08879300521686673
66,83,17,0.17,0.109163574334234
76,88,12,0.12,0.10777344520203769
70,85,15,0.15,0.12545144654810428
70,85,15,0.15,0.12558106563985347
70,85,15,0.15,0.12739685725420713
78,89,11,0.11,0.11479377452284098
58,79,21,0.21,0.122381456727162
84,92,8,0.08,0.11661607347428798
70,85,15,0.15,0.11259162150323392
54,77,23,0.23,0.09875750102102757
60,80,20,0.2,0.12151546726003289
68,84,16,0.16,0.09616459738463164
64,82,18,0.18,0.11359146982431412
70,85,15,0.15,0.13733848657459022
82,91,9,0.09,0.11629527490586042
74,87,13,0.13,0.12371740464121103
70,85,15,0.15,0.12864005567505957
86,93,7,0.07,0.12018440213054418
86,93,7,0.07,0.08174989594146609
84,92,8,0.08,0.08755967224016786
70,85,15,0.15,0.07591229747980834
70,85,15,0.15,0.10608644807711244
74,87,13,0.13,0.10176408452913165
86,93,7,0.07,0.07400799079798162
72,86,14,0.14,0.08083295699208976
82,91,9,0.09,0.05873060581739992
80,90,10,0.1,0.07801050388719886
76,88,12,0.12,0.060935181467793885
82,91,9,0.09,0.0537918549310416
70,85,15,0.15,0.07174269659910351
68,84,16,0.16,0.07268289190717042
74,87,13,0.13,0.06303146291989833
76,88,12,0.12,0.05057684295810759
82,91,9,0.09,0.09211588966660202
60,80,20,0.2,0.052841835222207006
62,81,19,0.19,0.09048264178447425
64,82,18,0.18,0.07401027869898825
66,83,17,0.17,0.09929572420194745
76,88,12,0.12,0.07750914903357625
78,89,11,0.11,0.07493110510520637
66,83,17,0.17,0.08163541221525521
76,88,12,0.12,0.07251688737422228
66,83,17,0.17,0.088000798067078
80,90,10,0.1,0.09316634200513363
68,84,16,0.16,0.08492457991465927
82,91,9,0.09,0.0994618015177548
76,88,12,0.12,0.0892612873762846
54,77,23,0.23,0.1152378255687654
58,79,21,0.21,0.11524719373323024
48,74,26,0.26,0.13529419507831336
76,88,12,0.12,0.10397358843591065
58,79,21,0.21,0.15531855989247562
88,94,6,0.06,0.13385428236797453
64,82,18,0.18,0.15662151604890823
82,91,9,0.09,0.14347733959555625
60,80,20,0.2,0.09745523097924888
62,81,19,0.19,0.13105319768190385
78,89,11,0.11,0.07304299870971591
84,92,8,0.08,0.1015422348678112
82,91,9,0.09,0.10297526003792883
58,79,21,0.21,0.08809163275174797
88,94,6,0.06,0.08105254638940096
56,78,22,0.22,0.08345973037881776
74,87,13,0.13,0.10842616010457277
72,86,14,0.14,0.09310967123135924
72,86,14,0.14,0.09266863694414497
80,90,10,0.1,0.10067171908915043
62,81,19,0.19,0.11282924452796578
82,91,9,0.09,0.07490747580304742
68,84,16,0.16,0.12610387076623739
92,96,4,0.04,0.06499568320345134
66,83,17,0.17,0.07707524985074997
84,92,8,0.08,0.09666333151981235
78,89,11,0.11,0.05444687807001174
70,85,15,0.15,0.11000591393560172
84,92,8,0.08,0.05658618420828134
56,78,22,0.22,0.11319567734375596
72,86,14,0.14,0.0663787553133443
86,93,7,0.07,0.0879838387388736
86,93,7,0.07,0.057189268629299475
76,88,12,0.12,0.10375994414091111
74,87,13,0.13,0.05632087467703968
66,83,17,0.17,0.10815254770219326
62,81,19,0.19,0.0761038201674819
82,91,9,0.09,0.08920485676499083
80,90,10,0.1,0.06785502477549016
70,85,15,0.15,0.1009089641738683
66,83,17,0.17,0.07726956863887607
76,88,12,0.12,0.10500685209408403
80,90,10,0.1,0.10402479024603963
60,80,20,0.2,0.09262459781020879
66,83,17,0.17,0.11307742053642869
76,88,12,0.12,0.08276596780866384
76,88,12,0.12,0.10164021300151944
68,84,16,0.16,0.09288786072283983
82,91,9,0.09,0.1058192771859467
72,86,14,0.14,0.08722250392660498
70,85,15,0.15,0.11632717749103903
56,78,22,0.22,0.13799520341679453
66,83,17,0.17,0.07388740871101618
68,84,16,0.16,0.14290750913321973
86,93,7,0.07,0.07068365756655112
64,82,18,0.18,0.1331002715229988
70,85,15,0.15,0.1347963264444843
78,89,11,0.11,0.07700519317295403
78,89,11,0.11,0.1215675531513989
72,86,14,0.14,0.07515466848388314
86,93,7,0.07,0.10920952722430229
78,89,11,0.11,0.07758940012659878
76,88,12,0.12,0.13252582285553216
72,86,14,0.14,0.11762281838804484
76,88,12,0.12,0.1093286094814539
76,88,12,0.12,0.0698677218426019
76,88,12,0.12,0.1144684717990458
78,89,11,0.11,0.05805986225605011
86,93,7,0.07,0.10130639664828778
62,81,19,0.19,0.11904104561544955
72,86,14,0.14,0.07083693465683609
82,91,9,0.09,0.10161717239767314
60,80,20,0.2,0.06209880779962987
86,93,7,0.07,0.09120835384353995
70,85,15,0.15,0.07428591095842421
60,80,20,0.2,0.12763219002634288
76,88,12,0.12,0.11086762208491564
66,83,17,0.17,0.10654952542856336
92,96,4,0.04,0.09375643375329673
62,81,19,0.19,0.10951472667977213
66,83,17,0.17,0.110457684956491
66,83,17,0.17,0.12148499267175794
74,87,13,0.13,0.11681590903550386
62,81,19,0.19,0.15129596944898366
72,86,14,0.14,0.14557653663679956
50,75,25,0.25,0.1633196995779872
76,88,12,0.12,0.16120176188647747
68,84,16,0.16,0.1521870629116893
78,89,11,0.11,0.12696307480335237
80,90,10,0.1,0.10633003841154277
72,86,14,0.14,0.10422938598319888
88,94,6,0.06,0.08852915919385851
64,82,18,0.18,0.09243516210466624
72,86,14,0.14,0.08213918151333928
74,87,13,0.13,0.08056362928822637
72,86,14,0.14,0.09579123249277473
68,84,16,0.16,0.09294606208801269
76,88,12,0.12,0.11287077791988849
74,87,13,0.13,0.13194980572909118
80,90,10,0.1,0.11525576651096343
88,94,6,0.06,0.12486532317474484
74,87,13,0.13,0.13405292257666587
82,91,9,0.09,0.12465575383976102
80,90,10,0.1,0.1082086956501007
90,95,5,0.05,0.09251763615757227
74,87,13,0.13,0.09927276222035289
74,87,13,0.13,0.09146465331315995
66,83,17,0.17,0.08589854944497347
74,87,13,0.13,0.0865008327551186
82,91,9,0.09,0.07540276201441884
76,88,12,0.12,0.07969031728804112
70,85,15,0.15,0.0893878420162946
82,91,9,0.09,0.08994758006185294
74,87,13,0.13,0.10266376033425331
74,87,13,0.13,0.0994483538903296
72,86,14,0.14,0.1251498202420771
76,88,12,0.12,0.10921663360670208
84,92,8,0.08,0.1124169434607029
78,89,11,0.11,0.11696897065266967
88,94,6,0.06,0.10216722153127193
72,86,14,0.14,0.10757564058527351
64,82,18,0.18,0.11458091046661138
54,77,23,0.23,0.11115720991045236
72,86,14,0.14,0.12839402060955762
72,86,14,0.14,0.07755327340215444
72,86,14,0.14,0.06630793858319521
80,90,10,0.1,0.10322633806616067
74,87,13,0.13,0.12091721035540104
74,87,13,0.13,0.10441077187657356
86,93,7,0.07,0.09052209525369108
84,92,8,0.08,0.11926511216908693
68,84,16,0.16,0.09542637852951884
78,89,11,0.11,0.04779743271763436
70,85,15,0.15,0.1212880189716816
72,86,14,0.14,0.0831770888902247
76,88,12,0.12,0.052002034980105236
74,87,13,0.13,0.11845701010897755
66,83,17,0.17,0.07904999935999513
56,78,22,0.22,0.10404373144730926
70,85,15,0.15,0.11635106394067407
62,81,19,0.19,0.07725252919830382
60,80,20,0.2,0.0949694574251771
82,91,9,0.09,0.0957412926107645
66,83,17,0.17,0.09943459132686257
58,79,21,0.21,0.09635015631094575
76,88,12,0.12,0.08985790140926837
86,93,7,0.07,0.0820880077034235
72,86,14,0.14,0.09721055498346687
62,81,19,0.19,0.11229958732612431
76,88,12,0.12,0.09885885527357459
72,86,14,0.14,0.10776085071265698
80,90,10,0.1,0.08311395708471536
70,85,15,0.15,0.11350430985912681
70,85,15,0.15,0.10480237038806081
62,81,19,0.19,0.0867186706722714
66,83,17,0.17,0.13361493583768605
78,89,11,0.11,0.10548696838319302
76,88,12,0.12,0.08325270144734531
92,96,4,0.04,0.11731891762465238
60,80,20,0.2,0.14300533153116704
76,88,12,0.12,0.08452950526960194
70,85,15,0.15,0.12769013177603483
60,80,20,0.2,0.0960493004322052
78,89,11,0.11,0.1280356438830495
60,80,20,0.2,0.06585907140513882
68,84,16,0.16,0.13842925056815147
68,84,16,0.16,0.05857170495437458
84,92,8,0.08,0.12462572127580643
64,82,18,0.18,0.13723230037838222
68,84,16,0.16,0.052414415765088054
70,85,15,0.15,0.11424513513222337
78,89,11,0.11,0.040963865891098974
74,87,13,0.13,0.10462355107069016
66,83,17,0.17,0.06489017647691071
84,92,8,0.08,0.06401558401994407
86,93,7,0.07,0.12472752910107374
86,93,7,0.07,0.09389407819136977
80,90,10,0.1,0.12384241744875908
66,83,17,0.17,0.1226629285607487
70,85,15,0.15,0.11710757052525878
82,91,9,0.09,0.11694823291152716
70,85,15,0.15,0.10483788426965475
46,73,27,0.27,0.12857548978179692
82,91,9,0.09,0.0912439706735313
86,93,7,0.07,0.08407608096953481
66,83,17,0.17,0.07882302607875318
70,85,15,0.15,0.08726150292903184
78,89,11,0.11,0.07780670059844852
72,86,14,0.14,0.09927173161879183
68,84,16,0.16,0.09575944576412439
66,83,17,0.17,0.10762944373302162
70,85,15,0.15,0.12426379477605223
60,80,20,0.2,0.140255678743124
60,80,20,0.2,0.14345929956063627
86,93,7,0.07,0.1457014287263155
80,90,10,0.1,0.12872403344139458
72,86,14,0.14,0.13383150462061166
68,84,16,0.16,0.1281880484893918
76,88,12,0.12,0.059353263820521536
68,84,16,0.16,0.1113427820801735
82,91,9,0.09,0.09526475567370653
38,69,31,0.31,0.08193185865879059
76,88,12,0.12,0.10419530916959047
70,85,15,0.15,0.10633007532916963
78,89,11,0.11,0.06957804807927459
70,85,15,0.15,0.10941511534154415
82,91,9,0.09,0.07491037784609944
82,91,9,0.09,0.10062433186918497
82,91,9,0.09,0.07235749104176648
74,87,13,0.13,0.10007860821671784
62,81,19,0.19,0.10638203222304582
80,90,10,0.1,0.09109401980414987
86,93,7,0.07,0.08921394955832511
86,93,7,0.07,0.09623030608519911
68,84,16,0.16,0.10414351930841803
48,74,26,0.26,0.13674292899668217
86,93,7,0.07,0.06185586913488805
72,86,14,0.14,0.11968213247135281
60,80,20,0.2,0.08018599648028613
62,81,19,0.19,0.12218604556284846
74,87,13,0.13,0.09678415097296238
84,92,8,0.08,0.06949483460513875
70,85,15,0.15,0.1251531820371747
72,86,14,0.14,0.056339193293824794
86,93,7,0.07,0.0751566253323108
68,84,16,0.16,0.06504418020544107
72,86,14,0.14,0.12553727675229312
68,84,16,0.16,0.12601260982453824
56,78,22,0.22,0.14125403315760196
72,86,14,0.14,0.08116116670891643
74,87,13,0.13,0.1298635863699019
78,89,11,0.11,0.09483843770809472
82,91,9,0.09,0.11738357303664088
74,87,13,0.13,0.09486216597259045
72,86,14,0.14,0.10517201624810696
84,92,8,0.08,0.07909548940137029
66,83,17,0.17,0.12441901408135891
64,82,18,0.18,0.10069335125386715
68,84,16,0.16,0.11421028835698963
76,88,12,0.12,0.0918721092864871
72,86,14,0.14,0.12038398219272495
82,91,9,0.09,0.08915668750181795
74,87,13,0.13,0.11369451060891152
78,89,11,0.11,0.0870423972606659
80,90,10,0.1,0.08964188048616052
70,85,15,0.15,0.11200517678633332
74,87,13,0.13,0.0943506507575512
88,94,6,0.06,0.1031144324876368
66,83,17,0.17,0.09542297268286347
74,87,13,0.13,0.10722517369315028
76,88,12,0.12,0.09792111203074455
82,91,9,0.09,0.10002991184592247
72,86,14,0.14,0.10386065209284424
84,92,8,0.08,0.10390501827001572
60,80,20,0.2,0.1094874712266028
76,88,12,0.12,0.09596314445137978
76,88,12,0.12,0.0996548030525446
80,90,10,0.1,0.10199834365397692
82,91,9,0.09,0.092988666780293
70,85,15,0.15,0.11158270388841629
64,82,18,0.18,0.1101653603091836
66,83,17,0.17,0.1143408372066915
70,85,15,0.15,0.11177781712263822
74,87,13,0.13,0.11368038944900036
76,88,12,0.12,0.13298960793763398
74,87,13,0.13,0.11137081382796168
60,80,20,0.2,0.08186387876048684
82,91,9,0.09,0.12649956921115518
86,93,7,0.07,0.09920720435678959
76,88,12,0.12,0.14033269371837379
70,85,15,0.15,0.07038604895584286
86,93,7,0.07,0.11112995086237788
62,81,19,0.19,0.15918365098536014
84,92,8,0.08,0.05606555929873139
76,88,12,0.12,0.1038512400817126
84,92,8,0.08,0.05327916532754898
74,87,13,0.13,0.11395967017859221
78,89,11,0.11,0.1148616143502295
74,87,13,0.13,0.11151059441268445
56,78,22,0.22,0.13103618059307337
74,87,13,0.13,0.0540262922598049
70,85,15,0.15,0.12347953214310109
72,86,14,0.14,0.12110988307744265
60,80,20,0.2,0.11835487298667431
80,90,10,0.1,0.06125668237917125
74,87,13,0.13,0.11261153617873788
74,87,13,0.13,0.058146511423401534
68,84,16,0.16,0.10566715030930936
70,85,15,0.15,0.10344618763774634
84,92,8,0.08,0.09921608600765466
70,85,15,0.15,0.10364280564710499
64,82,18,0.18,0.05476843482814729
82,91,9,0.09,0.10381845133379101
78,89,11,0.11,0.06543230706825852
84,92,8,0.08,0.09872113659977913
58,79,21,0.21,0.1072704836167395
70,85,15,0.15,0.06652177670039236
76,88,12,0.12,0.09048119559884071
88,94,6,0.06,0.0988460185751319
74,87,13,0.13,0.10736699691042303
62,81,19,0.19,0.07362912415526807
72,86,14,0.14,0.10311663445085287
82,91,9,0.09,0.09495686650276185
74,87,13,0.13,0.09321034817025066
72,86,14,0.14,0.08969291990622878
72,86,14,0.14,0.09325051002204418
84,92,8,0.08,0.07898603805107995
72,86,14,0.14,0.10246758135035634
78,89,11,0.11,0.1399771042726934
66,83,17,0.17,0.08870326505973936
72,86,14,0.14,0.10620108788833021
74,87,13,0.13,0.08215522511862218
58,79,21,0.21,0.13360897954553366
72,86,14,0.14,0.1317686190083623
66,83,17,0.17,0.07834152727387846
82,91,9,0.09,0.12098613487556577
72,86,14,0.14,0.12435297453776002
82,91,9,0.09,0.1017412281781435
78,89,11,0.11,0.10377458654344082
68,84,16,0.16,0.11964141145348549
78,89,11,0.11,0.09980052047874778
62,81,19,0.19,0.1305069193430245
78,89,11,0.11,0.11464781887829303
80,90,10,0.1,0.08127953474409878
80,90,10,0.1,0.1076360878162086
78,89,11,0.11,0.09098131083883346
62,81,19,0.19,0.08245004089549184
60,80,20,0.2,0.12271410539746284
72,86,14,0.14,0.0616648591926787
64,82,18,0.18,0.11648732703179121
78,89,11,0.11,0.07548969752155245
86,93,7,0.07,0.06134527232032269
70,85,15,0.15,0.1279382814094424
84,92,8,0.08,0.05840748468413949
90,95,5,0.05,0.10320457000285387
72,86,14,0.14,0.0684798829862848
70,85,15,0.15,0.07112905586138368
62,81,19,0.19,0.11428764294832945
80,90,10,0.1,0.061233770158141854
76,88,12,0.12,0.11279701011255383
80,90,10,0.1,0.10795247731730342
74,87,13,0.13,0.06123274367069825
78,89,11,0.11,0.10236134378239513
68,84,16,0.16,0.11327446402981878
76,88,12,0.12,0.07154046602547169
84,92,8,0.08,0.09964031773619354
56,78,22,0.22,0.07674846190959216
72,86,14,0.14,0.0992970312666148
76,88,12,0.12,0.1013144120387733
76,88,12,0.12,0.07400192001834512
78,89,11,0.11,0.07290173533605411
78,89,11,0.11,0.08238146218471229
82,91,9,0.09,0.10137553919106722
74,87,13,0.13,0.06177808886393905
80,90,10,0.1,0.06974849982187152
62,81,19,0.19,0.07947319415863603
80,90,10,0.1,0.07916529467329383
86,93,7,0.07,0.08828942847438156
80,90,10,0.1,0.08533279967494309
78,89,11,0.11,0.079393221270293
60,80,20,0.2,0.07434007233474403
78,89,11,0.11,0.07198033767752349
74,87,13,0.13,0.06414331343024969
58,79,21,0.21,0.06218354566488415
78,89,11,0.11,0.061362911274190995
74,87,13,0.13,0.056470914492383596
84,92,8,0.08,0.06056316626723856
64,82,18,0.18,0.07837096297880634
82,91,9,0.09,0.0711006960272789
68,84,16,0.16,0.06657168747857213
84,92,8,0.08,0.05999060552567244
68,84,16,0.16,0.06543145587667823
70,85,15,0.15,0.06687480218708515
64,82,18,0.18,0.0777848843112588
80,90,10,0.1,0.10008063394576311
64,82,18,0.18,0.10047922238707542
80,90,10,0.1,0.08594408479519189
62,81,19,0.19,0.10755244191735983
72,86,14,0.14,0.09104499680921435
64,82,18,0.18,0.09295429388526827
60,80,20,0.2,0.106626081392169
82,91,9,0.09,0.08978285972028971
72,86,14,0.14,0.08156556745991111
68,84,16,0.16,0.08778392012231052
84,92,8,0.08,0.08405600087717176
70,85,15,0.15,0.09898535550571978
72,86,14,0.14,0.08834285384044051
70,85,15,0.15,0.10659541230648756
84,92,8,0.08,0.09974326584488154
68,84,16,0.16,0.11366728230379522
62,81,19,0.19,0.12607898753136396
70,85,15,0.15,0.1205993471853435
84,92,8,0.08,0.10353622132912278
78,89,11,0.11,0.1148751681484282
76,88,12,0.12,0.11056437207385898
76,88,12,0.12,0.09143973951227963
84,92,8,0.08,0.08553767288569361
82,91,9,0.09,0.10758639117702842
78,89,11,0.11,0.09742095548659563
74,87,13,0.13,0.10669892447069287
70,85,15,0.15,0.0994576925970614
76,88,12,0.12,0.11472700664773583
62,81,19,0.19,0.11701593754813075
62,81,19,0.19,0.12677033944055438
88,94,6,0.06,0.08272864446975291
64,82,18,0.18,0.11422919051721692
72,86,14,0.14,0.09958470026031137
58,79,21,0.21,0.10531205777078867
80,90,10,0.1,0.09861781749874353
74,87,13,0.13,0.09463719473220408
76,88,12,0.12,0.08347559528425336
72,86,14,0.14,0.09292411889880896
68,84,16,0.16,0.09595494849607349
54,77,23,0.23,0.1184250496327877
68,84,16,0.16,0.10993061581626534
68,84,16,0.16,0.1323508295044303
68,84,16,0.16,0.14975586134940386
74,87,13,0.13,0.14173032633960247
68,84,16,0.16,0.15456471886485815
68,84,16,0.16,0.13649297632277013
90,95,5,0.05,0.11224656529724598
80,90,10,0.1,0.09414482981897891
90,95,5,0.05,0.0871338813751936
80,90,10,0.1,0.0642251991527155
70,85,15,0.15,0.09846061553806067
74,87,13,0.13,0.08416717123240232
56,78,22,0.22,0.10609147125855088
64,82,18,0.18,0.0854835848044604
80,90,10,0.1,0.09716845983639359
80,90,10,0.1,0.12721267530694605
78,89,11,0.11,0.13593598205596208
60,80,20,0.2,0.14975199704989792
84,92,8,0.08,0.1317110278364271
74,87,13,0.13,0.0732652116380632
90,95,5,0.05,0.11385791812092066
78,89,11,0.11,0.09949065951630473
84,92,8,0.08,0.1003091761097312
68,84,16,0.16,0.0770352123118937
74,87,13,0.13,0.09186209414154291
60,80,20,0.2,0.09055506757460535
76,88,12,0.12,0.09040321914479137
64,82,18,0.18,0.08211096922867
66,83,17,0.17,0.07921839665621519
58,79,21,0.21,0.08833827264606953
80,90,10,0.1,0.08470602671615779
90,95,5,0.05,0.0892754874099046
78,89,11,0.11,0.07547858065925539
78,89,11,0.11,0.07899206776171923
78,89,11,0.11,0.07566389728337526
68,84,16,0.16,0.08102593696676194
88,94,6,0.06,0.08367312233429403
66,83,17,0.17,0.08260512790642678
58,79,21,0.21,0.09876989766955376
76,88,12,0.12,0.07396780351176858
76,88,12,0.12,0.1047443220205605
88,94,6,0.06,0.06836988721974194
74,87,13,0.13,0.10976512720808387
72,86,14,0.14,0.06396894451696426
72,86,14,0.14,0.12021275352686643
76,88,12,0.12,0.12166693205013872
70,85,15,0.15,0.06523009060416371
68,84,16,0.16,0.13530185010284185
72,86,14,0.14,0.06794108153320849
70,85,15,0.15,0.13160891976207495
86,93,7,0.07,0.056740945195779206
84,92,8,0.08,0.12094366172328591
74,87,13,0.13,0.06280260976403952
86,93,7,0.07,0.10036675401497633
92,96,4,0.04,0.04556061575094646
80,90,10,0.1,0.09544503916986287
78,89,11,0.11,0.05395345892757177
80,90,10,0.1,0.09305003553628921
80,90,10,0.1,0.05722967080771923
80,90,10,0.1,0.08403591227717698
70,85,15,0.15,0.09408700196770951
66,83,17,0.17,0.08465051502920687
72,86,14,0.14,0.08629559438675642
74,87,13,0.13,0.08924122916534544
76,88,12,0.12,0.08945484321564436
88,94,6,0.06,0.07063925468828529
82,91,9,0.09,0.07862394897267222
76,88,12,0.12,0.07703347601927817
76,88,12,0.12,0.08292741123586893
76,88,12,0.12,0.09511627869680524
94,97,3,0.03,0.08175699386745691
88,94,6,0.06,0.09235590601339937
70,85,15,0.15,0.1052834240719676
60,80,20,0.2,0.08487678924575448
68,84,16,0.16,0.12029205743223428
74,87,13,0.13,0.1248398064263165
64,82,18,0.18,0.09861072479747236
80,90,10,0.1,0.1062294422648847
58,79,21,0.21,0.11441726537421346
82,91,9,0.09,0.0813058768119663
76,88,12,0.12,0.09158278262242675
54,77,23,0.23,0.10638751316815614
58,79,21,0.21,0.09477830910123884
62,81,19,0.19,0.10215049610473216
72,86,14,0.14,0.09439715501852333
72,86,14,0.14,0.10969271892681717
72,86,14,0.14,0.1156729356944561
64,82,18,0.18,0.10240631660446525
64,82,18,0.18,0.1255690848454833
70,85,15,0.15,0.1024538510479033
58,79,21,0.21,0.1344635671377182
78,89,11,0.11,0.07916412465274333
56,78,22,0.22,0.1398894122801721
66,83,17,0.17,0.10864757388830185
52,76,24,0.24,0.14778280310332775
56,78,22,0.22,0.0985448999516666
70,85,15,0.15,0.12232494309544563
68,84,16,0.16,0.10855846274644136
50,75,25,0.25,0.14340419072657823
58,79,21,0.21,0.11878961738198995
68,84,16,0.16,0.13103940546512605
60,80,20,0.2,0.11647506300359964
68,84,16,0.16,0.1313763165473938
86,93,7,0.07,0.1059585646726191
80,90,10,0.1,0.10632195895537734
76,88,12,0.12,0.10697276946157216
82,91,9,0.09,0.06564535496290773
86,93,7,0.07,0.1049866135790944
50,75,25,0.25,0.11810160670429468
68,84,16,0.16,0.06641143558081239
80,90,10,0.1,0.08928886696696281
64,82,18,0.18,0.09163227740675212
80,90,10,0.1,0.1030539253167808
82,91,9,0.09,0.0882954115793109
68,84,16,0.16,0.08868085308931768
70,85,15,0.15,0.0862443982064724
84,92,8,0.08,0.06769298372790217
64,82,18,0.18,0.1060362434014678
62,81,19,0.19,0.10124028280377388
74,87,13,0.13,0.0711257877200842
70,85,15,0.15,0.09898122130893171
70,85,15,0.15,0.059602847639471296
74,87,13,0.13,0.09688795447349548
60,80,20,0.2,0.09811274060048163
80,90,10,0.1,0.0709754245809745
80,90,10,0.1,0.09969153713434935
80,90,10,0.1,0.09287262068130075
70,85,15,0.15,0.06335352974478155
74,87,13,0.13,0.07522562156431377
68,84,16,0.16,0.06786339838057756
76,88,12,0.12,0.0671637864317745
82,91,9,0.09,0.067871277295053
92,96,4,0.04,0.06258030528435483
72,86,14,0.14,0.05161673216847703
60,80,20,0.2,0.07041504942812025
64,82,18,0.18,0.06171106601599604
72,86,14,0.14,0.06977553871460258
70,85,15,0.15,0.07656635973602534
72,86,14,0.14,0.08600459339097143
80,90,10,0.1,0.0488863666751422
64,82,18,0.18,0.09785237342119217
86,93,7,0.07,0.07356140302494169
64,82,18,0.18,0.10581023938953876
76,88,12,0.12,0.06062053940957412
80,90,10,0.1,0.09578496191650629
78,89,11,0.11,0.08966128131374716
80,90,10,0.1,0.08274986485950649
84,92,8,0.08,0.1102994361333549
80,90,10,0.1,0.10795152720063925
76,88,12,0.12,0.08483934042043983
78,89,11,0.11,0.10518074618652463
70,85,15,0.15,0.10686700584366918
80,90,10,0.1,0.060070067034102975
78,89,11,0.11,0.0933698809146881
82,91,9,0.09,0.0702156355138868
78,89,11,0.11,0.07642606424167753
70,85,15,0.15,0.06258076730184257
80,90,10,0.1,0.08091366915032268
58,79,21,0.21,0.08810520071536303
76,88,12,0.12,0.07066629371140153
68,84,16,0.16,0.06944416871760041
82,91,9,0.09,0.08908601849805564
74,87,13,0.13,0.08595748547464609
78,89,11,0.11,0.08059018718078732
80,90,10,0.1,0.09113391971215606
52,76,24,0.24,0.10089488042518496
82,91,9,0.09,0.09118856580927968
68,84,16,0.16,0.10751913451589644
74,87,13,0.13,0.1053650102391839
70,85,15,0.15,0.11205255053937435
82,91,9,0.09,0.10730694320052862
64,82,18,0.18,0.1282661419734359
62,81,19,0.19,0.12828626278787852
76,88,12,0.12,0.12181371856480837
88,94,6,0.06,0.11375051585957408
66,83,17,0.17,0.11871445250697434
70,85,15,0.15,0.12047033101320266
76,88,12,0.12,0.10697193881496787
68,84,16,0.16,0.10995888713747264
62,81,19,0.19,0.1042858961597085
74,87,13,0.13,0.10164629738777876
80,90,10,0.1,0.08700904209166765
74,87,13,0.13,0.09679912358522415
74,87,13,0.13,0.09247588998638094
74,87,13,0.13,0.08608989932574332
88,94,6,0.06,0.07529944887384772
70,85,15,0.15,0.08644182574003935
84,92,8,0.08,0.08909022288396955
76,88,12,0.12,0.08955928481416776
66,83,17,0.17,0.08840353097766637
68,84,16,0.16,0.09170192386955023
68,84,16,0.16,0.09711003577336669
66,83,17,0.17,0.10005303174257278
76,88,12,0.12,0.1023075694218278
68,84,16,0.16,0.07063889964483679
84,92,8,0.08,0.09795016851276159
82,91,9,0.09,0.09865471083670854
64,82,18,0.18,0.10708208853378892
58,79,21,0.21,0.06780854829121381
64,82,18,0.18,0.07482018857263029
76,88,12,0.12,0.06614929323084652
88,94,6,0.06,0.05193563249427825
76,88,12,0.12,0.04818288851995021
66,83,17,0.17,0.07245154589414597
82,91,9,0.09,0.09062163069844247
66,83,17,0.17,0.07237946851877496
52,76,24,0.24,0.0684955739416182
80,90,10,0.1,0.06665059459861368
72,86,14,0.14,0.06554535511415452
72,86,14,0.14,0.10122189465910196
60,80,20,0.2,0.08277994871139527
74,87,13,0.13,0.09627092277631163
84,92,8,0.08,0.09764262429438532
74,87,13,0.13,0.07182869528885931
64,82,18,0.18,0.11671845765784383
86,93,7,0.07,0.07387165028601884
72,86,14,0.14,0.10045935207977891
76,88,12,0.12,0.08347891312092542
78,89,11,0.11,0.07244538642000407
66,83,17,0.17,0.10595793083310127
58,79,21,0.21,0.07546967356000095
62,81,19,0.19,0.10059001695364714
68,84,16,0.16,0.07909827598370611
76,88,12,0.12,0.09829805279150605
82,91,9,0.09,0.09772776138037444
68,84,16,0.16,0.06316373642534018
82,91,9,0.09,0.07595786165446043
74,87,13,0.13,0.09804877404123545
74,87,13,0.13,0.10998958995565772
80,90,10,0.1,0.05934005931019783
72,86,14,0.14,0.07073676692845765
78,89,11,0.11,0.1112224370520562
62,81,19,0.19,0.11706215620040894
82,91,9,0.09,0.06086965141585097
64,82,18,0.18,0.08905036327429115
86,93,7,0.07,0.09697550605982543
72,86,14,0.14,0.1048687288723886
78,89,11,0.11,0.07375907058361918
66,83,17,0.17,0.061893258183263244
68,84,16,0.16,0.12696191435679793
78,89,11,0.11,0.066930271089077
92,96,4,0.04,0.10300268067047
52,76,24,0.24,0.08229906998574733
82,91,9,0.09,0.08487069379072637
72,86,14,0.14,0.11720320980995894
78,89,11,0.11,0.0725943391956389
82,91,9,0.09,0.06695896429009736
78,89,11,0.11,0.10585860654711723
70,85,15,0.15,0.0658022517990321
80,90,10,0.1,0.08273326989728957
60,80,20,0.2,0.11583819735795259
76,88,12,0.12,0.0796683814516291
78,89,11,0.11,0.07615024434868246
62,81,19,0.19,0.11521232295781374
72,86,14,0.14,0.08550199398770929
64,82,18,0.18,0.07561097363941371
70,85,15,0.15,0.11176911359652877
82,91,9,0.09,0.061004551299847665
78,89,11,0.11,0.09999923422932624
70,85,15,0.15,0.06916600099299103
64,82,18,0.18,0.11040735283866525
64,82,18,0.18,0.0943499222677201
68,84,16,0.16,0.1148852508701384
72,86,14,0.14,0.11427576765418053
84,92,8,0.08,0.09844887552782894
44,72,28,0.28,0.09074014987796546
74,87,13,0.13,0.09204600149765611
70,85,15,0.15,0.09908939067274332
76,88,12,0.12,0.08673514522612095
70,85,15,0.15,0.07397068167105317
78,89,11,0.11,0.08649819182232023
86,93,7,0.07,0.08681325037032366
86,93,7,0.07,0.08066634879447519
68,84,16,0.16,0.09245612627826631
60,80,20,0.2,0.08206301228143274
74,87,13,0.13,0.09231332261115313
66,83,17,0.17,0.08810496769845486
74,87,13,0.13,0.09471205677837133
68,84,16,0.16,0.09842053644359111
68,84,16,0.16,0.08784587148576975
72,86,14,0.14,0.0871549609862268
72,86,14,0.14,0.08405110244639218
74,87,13,0.13,0.08874327510595321
80,90,10,0.1,0.09103498380631209
74,87,13,0.13,0.0945014261547476
64,82,18,0.18,0.10721151441335679
68,84,16,0.16,0.10523060139268636
64,82,18,0.18,0.10223104482516647
76,88,12,0.12,0.10787489589303732
70,85,15,0.15,0.11388551138341427
58,79,21,0.21,0.12372175792232155
76,88,12,0.12,0.11411495104432107
78,89,11,0.11,0.10013814713805914
60,80,20,0.2,0.11539018228650093
76,88,12,0.12,0.10977753860875965
72,86,14,0.14,0.11385462183505296
76,88,12,0.12,0.10153729328885674
88,94,6,0.06,0.08559685679618269
72,86,14,0.14,0.10775759374722839
82,91,9,0.09,0.10961259493604303
66,83,17,0.17,0.10401401542127132
66,83,17,0.17,0.10702828995883465
64,82,18,0.18,0.09716984737664461
76,88,12,0.12,0.09590243458747864
76,88,12,0.12,0.08551886515691877
74,87,13,0.13,0.09174790596589447
74,87,13,0.13,0.09285867195576429
68,84,16,0.16,0.0951692567486316
70,85,15,0.15,0.09814495772123337
80,90,10,0.1,0.11455975476652384
76,88,12,0.12,0.06467015047557652
84,92,8,0.08,0.0691775629343465
62,81,19,0.19,0.13506346836686134
56,78,22,0.22,0.1235798828676343
72,86,14,0.14,0.10995866494253277
72,86,14,0.14,0.07596702048089356
74,87,13,0.13,0.11201047847047448
62,81,19,0.19,0.07980838131159544
58,79,21,0.21,0.12668143836781381
68,84,16,0.16,0.12573452459648252
72,86,14,0.14,0.06818966004997491
82,91,9,0.09,0.12010232655331493
88,94,6,0.06,0.09976377423852682
82,91,9,0.09,0.06773515036329628
80,90,10,0.1,0.06354356211144477
76,88,12,0.12,0.10599207859486341
70,85,15,0.15,0.08446308343671262
78,89,11,0.11,0.09760956782847643
72,86,14,0.14,0.11515371156856417
58,79,21,0.21,0.11375074358657003
76,88,12,0.12,0.0730173673806712
68,84,16,0.16,0.07735201454721391
56,78,22,0.22,0.06951201550662517
70,85,15,0.15,0.06386937978561036
54,77,23,0.23,0.0721631473954767
86,93,7,0.07,0.07555588686838746
70,85,15,0.15,0.05520449790172279
74,87,13,0.13,0.07392651174683124
78,89,11,0.11,0.06091650984250009
62,81,19,0.19,0.0698795074597001
70,85,15,0.15,0.05768984469585121
82,91,9,0.09,0.06623889748007059
72,86,14,0.14,0.07355119961313904
68,84,16,0.16,0.08070770863443613
74,87,13,0.13,0.0669781903270632
74,87,13,0.13,0.10779342137277126
78,89,11,0.11,0.059080947367474435
82,91,9,0.09,0.06259362669661642
66,83,17,0.17,0.07331828991882502
72,86,14,0.14,0.05841065267333761
76,88,12,0.12,0.0829840522352606
78,89,11,0.11,0.05571980884764344
78,89,11,0.11,0.07694411012809724
76,88,12,0.12,0.07238711855374276
84,92,8,0.08,0.06926336651667953
84,92,8,0.08,0.05888609259389341
72,86,14,0.14,0.061062714597210285
72,86,14,0.14,0.05854107625316828
68,84,16,0.16,0.10585654497146607
84,92,8,0.08,0.06358550636097789
74,87,13,0.13,0.09507115792483091
56,78,22,0.22,0.08225552153773606
70,85,15,0.15,0.10168111374601722
86,93,7,0.07,0.09214526422787457
56,78,22,0.22,0.11089158371090889
60,80,20,0.2,0.10845334712415934
68,84,16,0.16,0.10488044101744891
72,86,14,0.14,0.11324640892446042
66,83,17,0.17,0.11844544935971499
80,90,10,0.1,0.10122846160084009
62,81,19,0.19,0.11641636786982418
72,86,14,0.14,0.09095229191705584
58,79,21,0.21,0.10879466539248824
86,93,7,0.07,0.0848885028809309
78,89,11,0.11,0.08706505687907339
82,91,9,0.09,0.08623446844518184
74,87,13,0.13,0.08976530816406011
86,93,7,0.07,0.09406790088862181
68,84,16,0.16,0.09382716642692684
86,93,7,0.07,0.08113770713098348
66,83,17,0.17,0.07991273062303662
78,89,11,0.11,0.08304521394893527
68,84,16,0.16,0.08855501677840948
74,87,13,0.13,0.0739589587971568
68,84,16,0.16,0.07105320162139833
66,83,17,0.17,0.08766475455835461
70,85,15,0.15,0.06989991798065603
82,91,9,0.09,0.07671776265371591
76,88,12,0.12,0.060148384477943184
82,91,9,0.09,0.0539150098641403
68,84,16,0.16,0.05391705959569663
68,84,16,0.16,0.05960606552893296
70,85,15,0.15,0.08524711910635233
76,88,12,0.12,0.05145940674934536
76,88,12,0.12,0.05061643165885471
78,89,11,0.11,0.05389323057141155
74,87,13,0.13,0.049494664464145896
78,89,11,0.11,0.06387401815038174
64,82,18,0.18,0.07478648699820041
86,93,7,0.07,0.07393140248022974
72,86,14,0.14,0.07655208104290068
80,90,10,0.1,0.08907775546889753
76,88,12,0.12,0.08882961634546518
72,86,14,0.14,0.07492911381646991
70,85,15,0.15,0.057970792492851614
56,78,22,0.22,0.0908705336973071
66,83,17,0.17,0.09122429993003607
70,85,15,0.15,0.08579151786863803
90,95,5,0.05,0.08028520462103188
58,79,21,0.21,0.07666880805045366
86,93,7,0.07,0.1016826008632779
76,88,12,0.12,0.08734670381993055
74,87,13,0.13,0.07906926199793815
54,77,23,0.23,0.08742672828957439
76,88,12,0.12,0.08715301541611552
78,89,11,0.11,0.09580966295674444
78,89,11,0.11,0.09580237973481416
68,84,16,0.16,0.10897331263870001
64,82,18,0.18,0.10682745948433876
58,79,21,0.21,0.10469848025590181
68,84,16,0.16,0.09442368600517512
78,89,11,0.11,0.08346265254542232
80,90,10,0.1,0.08237522603943943
66,83,17,0.17,0.08878758238628506
62,81,19,0.19,0.10325903155840933
84,92,8,0.08,0.07477585319429636
74,87,13,0.13,0.0836170500703156
70,85,15,0.15,0.08335233042947948
76,88,12,0.12,0.08352354114875198
64,82,18,0.18,0.10166902733966708
74,87,13,0.13,0.09608458165079355
78,89,11,0.11,0.10343807587400079
76,88,12,0.12,0.11531247958540916
74,87,13,0.13,0.11823292519897223
64,82,18,0.18,0.10357597382739187
76,88,12,0.12,0.09538276122882962
76,88,12,0.12,0.09510644037276507
70,85,15,0.15,0.09870072601363063
64,82,18,0.18,0.10044641979038715
78,89,11,0.11,0.09390227297320962
84,92,8,0.08,0.09758903142064809
68,84,16,0.16,0.10643958799540996
64,82,18,0.18,0.11125124508515
74,87,13,0.13,0.10609765112400055
78,89,11,0.11,0.10848053252324462
72,86,14,0.14,0.09345327116549015
70,85,15,0.15,0.10071039048954844
72,86,14,0.14,0.09000355629250407
70,85,15,0.15,0.0842517239227891
74,87,13,0.13,0.08269558249972761
60,80,20,0.2,0.10874581888318062
68,84,16,0.16,0.10362170811742544
72,86,14,0.14,0.09832958547398447
70,85,15,0.15,0.10781560251489282
80,90,10,0.1,0.09848656430840493
92,96,4,0.04,0.09262344148010015
80,90,10,0.1,0.09568005811423064
72,86,14,0.14,0.09863807294517755
86,93,7,0.07,0.08110763255506753
80,90,10,0.1,0.0731418623495847
80,90,10,0.1,0.10390687490813434
64,82,18,0.18,0.07168453553691506
62,81,19,0.19,0.10033061107620597
74,87,13,0.13,0.09000127730891108
64,82,18,0.18,0.09090516421943903
76,88,12,0.12,0.09752235936000943
88,94,6,0.06,0.09143381891772151
68,84,16,0.16,0.10402825806289911
74,87,13,0.13,0.12164640599861741
84,92,8,0.08,0.043556419336237016
66,83,17,0.17,0.12951399620622397
60,80,20,0.2,0.1063577663898468
78,89,11,0.11,0.11191779989749193
74,87,13,0.13,0.06301006441935897
76,88,12,0.12,0.12206572718918324
68,84,16,0.16,0.10181190082803368
90,95,5,0.05,0.10739171031862497
70,85,15,0.15,0.060278977672569456
84,92,8,0.08,0.09357845021411776
84,92,8,0.08,0.10866503605619073
74,87,13,0.13,0.10722873065620661
70,85,15,0.15,0.07182037592865527
70,85,15,0.15,0.10173795808106662
56,78,22,0.22,0.12349166160449386
74,87,13,0.13,0.07291271128226072
86,93,7,0.07,0.09483636684715747
66,83,17,0.17,0.11741549592465163
76,88,12,0.12,0.07336234621703625
84,92,8,0.08,0.09613106833770871
80,90,10,0.1,0.0899130703881383
62,81,19,0.19,0.09136947862803936
76,88,12,0.12,0.09614173841662704
84,92,8,0.08,0.08761475812643767
60,80,20,0.2,0.09917809367179871
68,84,16,0.16,0.11042833261191845
68,84,16,0.16,0.09396129619795829
84,92,8,0.08,0.09056769736111164
64,82,18,0.18,0.08442775522358716
72,86,14,0.14,0.09835071076638996
78,89,11,0.11,0.09000530591234565
84,92,8,0.08,0.10533585080876946
92,96,4,0.04,0.08783982590306551
84,92,8,0.08,0.09234546966850758
82,91,9,0.09,0.12769987533800303
82,91,9,0.09,0.08962076610885561
74,87,13,0.13,0.10484111713245511
70,85,15,0.15,0.12471313904970885
66,83,17,0.17,0.08557974107563496
72,86,14,0.14,0.09448204356245697
78,89,11,0.11,0.11312661442905664
88,94,6,0.06,0.07266533080954105
86,93,7,0.07,0.05669664938468486
80,90,10,0.1,0.08007667259313166
82,91,9,0.09,0.09733539367094636
88,94,6,0.06,0.10672783514484763
90,95,5,0.05,0.10968194350600242
78,89,11,0.11,0.11548473581671714
70,85,15,0.15,0.12087464358657599
60,80,20,0.2,0.1233780987560749
80,90,10,0.1,0.12111020717769862
76,88,12,0.12,0.11217234116047621
84,92,8,0.08,0.1193886774033308
66,83,17,0.17,0.12218374725431204
64,82,18,0.18,0.12282443165779114
70,85,15,0.15,0.12516135366633535
82,91,9,0.09,0.05692233603680506
76,88,12,0.12,0.1172292846441269
82,91,9,0.09,0.10648310653865338
72,86,14,0.14,0.11820558551698923
70,85,15,0.15,0.057567600226029754
72,86,14,0.14,0.1251839072816074
58,79,21,0.21,0.12396573530510067
62,81,19,0.19,0.1258551049977541
54,77,23,0.23,0.13231881411746144
70,85,15,0.15,0.06701331194955856
62,81,19,0.19,0.13027092527598141
74,87,13,0.13,0.12613612238317728
74,87,13,0.13,0.06570101105142384
72,86,14,0.14,0.12371322821825742
80,90,10,0.1,0.10025480566546321
64,82,18,0.18,0.1381572137773037
72,86,14,0.14,0.0696480498323217
78,89,11,0.11,0.12243702294304967
62,81,19,0.19,0.1073627084121108
64,82,18,0.18,0.140489087253809
76,88,12,0.12,0.10835975803434848
74,87,13,0.13,0.06063325135968625
88,94,6,0.06,0.10207824854180217
74,87,13,0.13,0.13808562977239489
74,87,13,0.13,0.06514234853442759
84,92,8,0.08,0.09146916817873717
78,89,11,0.11,0.07647466445574537
78,89,11,0.11,0.12079030204564332
92,96,4,0.04,0.06165355237200856
88,94,6,0.06,0.08626910775899888
76,88,12,0.12,0.11479411134496331
54,77,23,0.23,0.07954967610538005
60,80,20,0.2,0.09740453510545194
84,92,8,0.08,0.0916962722921744
82,91,9,0.09,0.09530356369912624
68,84,16,0.16,0.06450108170043677
74,87,13,0.13,0.06595052757300436
90,95,5,0.05,0.08671358255669474
82,91,9,0.09,0.07657621655147523
88,94,6,0.06,0.08692554952576756
78,89,11,0.11,0.08011542003601789
92,96,4,0.04,0.08272437525913119
68,84,16,0.16,0.07055397070012986
80,90,10,0.1,0.07306265433318913
58,79,21,0.21,0.09221855839714407
74,87,13,0.13,0.08574928259477019
66,83,17,0.17,0.07493203867226839
80,90,10,0.1,0.07562145272269845
78,89,11,0.11,0.08107071831822395
72,86,14,0.14,0.06316805944312363
76,88,12,0.12,0.10025334751233458
62,81,19,0.19,0.06254497536458076
72,86,14,0.14,0.09189784551039339
82,91,9,0.09,0.09511933410540223
86,93,7,0.07,0.0607022311212495
76,88,12,0.12,0.10130265407264233
74,87,13,0.13,0.06423800094518811
78,89,11,0.11,0.10574663368985057
80,90,10,0.1,0.070279346043244
80,90,10,0.1,0.10614775773137808
68,84,16,0.16,0.06363182251807302
72,86,14,0.14,0.1111539807729423
86,93,7,0.07,0.06131110778078437
76,88,12,0.12,0.07691872972995042
68,84,16,0.16,0.12137918503955007
60,80,20,0.2,0.08375979771837593
88,94,6,0.06,0.11870109771378339
74,87,13,0.13,0.07024299120530486
76,88,12,0.12,0.0962432754598558
62,81,19,0.19,0.09536409132182598
68,84,16,0.16,0.07346736826002598
64,82,18,0.18,0.10851611544378102
74,87,13,0.13,0.07786942709702999
78,89,11,0.11,0.09410114234313369
74,87,13,0.13,0.06351186970248818
90,95,5,0.05,0.09940481802448631
78,89,11,0.11,0.10819731740280986
58,79,21,0.21,0.07804782058112324
76,88,12,0.12,0.10001100002788008
76,88,12,0.12,0.11689635094255209
70,85,15,0.15,0.07071205766405911
60,80,20,0.2,0.10327853791415692
88,94,6,0.06,0.10528659421950579
76,88,12,0.12,0.07434550072997809
76,88,12,0.12,0.1209699372202158
70,85,15,0.15,0.11724726757034659
68,84,16,0.16,0.0870971148647368
58,79,21,0.21,0.12363320084288716
72,86,14,0.14,0.10857720019295812
72,86,14,0.14,0.11815253034234047
90,95,5,0.05,0.10434840206056833
80,90,10,0.1,0.10762884864583612
78,89,11,0.11,0.10107555782422423
68,84,16,0.16,0.1122486157156527
84,92,8,0.08,0.09269508650526405
70,85,15,0.15,0.10391497293487191
68,84,16,0.16,0.08426659693941474
70,85,15,0.15,0.09453061875887216
72,86,14,0.14,0.10520777169615031
78,89,11,0.11,0.07688346995040775
74,87,13,0.13,0.11011671282351017
76,88,12,0.12,0.13105961550027131
80,90,10,0.1,0.08501539223827421
72,86,14,0.14,0.14822056798264385
76,88,12,0.12,0.07394165736157447
72,86,14,0.14,0.1452896871417761
70,85,15,0.15,0.07624841528013349
70,85,15,0.15,0.06647013809531926
64,82,18,0.18,0.0715624659601599
68,84,16,0.16,0.06986867103260011
82,91,9,0.09,0.061835941150784494
94,97,3,0.03,0.052256864737719295
94,97,3,0.03,0.055225974012864755
70,85,15,0.15,0.06972770440857858
80,90,10,0.1,0.055318248234689234
86,93,7,0.07,0.054804243848193435
70,85,15,0.15,0.05043112714774907
76,88,12,0.12,0.05646487214369699
80,90,10,0.1,0.07340507281944156
70,85,15,0.15,0.08658439516089857
62,81,19,0.19,0.08568488832563162
78,89,11,0.11,0.06702501709572971
70,85,15,0.15,0.07011849544011056
72,86,14,0.14,0.0761007817008067
74,87,13,0.13,0.07280690580140799
66,83,17,0.17,0.08153579049743712
80,90,10,0.1,0.07295449886471034
68,84,16,0.16,0.09429870147258043
76,88,12,0.12,0.09705199109390378
84,92,8,0.08,0.0794756562821567
88,94,6,0.06,0.07656067615374923
52,76,24,0.24,0.09636288673616945
66,83,17,0.17,0.0857926179189235
76,88,12,0.12,0.07975072025321424
72,86,14,0.14,0.1510589736700058
68,84,16,0.16,0.12112500991672277
50,75,25,0.25,0.088194844070822
82,91,9,0.09,0.07045611112378537
70,85,15,0.15,0.07396372552029788
66,83,17,0.17,0.07768579350784421
78,89,11,0.11,0.07438890678808092
64,82,18,0.18,0.07780428894795477
78,89,11,0.11,0.08966927077621221
58,79,21,0.21,0.09162825328297913
72,86,14,0.14,0.09018973923288286
76,88,12,0.12,0.0928362394310534
82,91,9,0.09,0.09385225472971798
76,88,12,0.12,0.07859384131617844
80,90,10,0.1,0.0826651013083756
78,89,11,0.11,0.07634243815205992
76,88,12,0.12,0.07280840750318021
54,77,23,0.23,0.07293000420555472
68,84,16,0.16,0.08909213019534945
74,87,13,0.13,0.09183447876945137
74,87,13,0.13,0.07927081127651035
90,95,5,0.05,0.08847796366084366
86,93,7,0.07,0.08761783357709646
70,85,15,0.15,0.13213069945573808
74,87,13,0.13,0.09013385698199272
74,87,13,0.13,0.06953499714843929
74,87,13,0.13,0.13075184755027294
84,92,8,0.08,0.08674238080624491
84,92,8,0.08,0.12187905501574278
80,90,10,0.1,0.06053316062316298
68,84,16,0.16,0.13567282376810907
80,90,10,0.1,0.05767973379697651
84,92,8,0.08,0.11005935363471508
78,89,11,0.11,0.13101953197270633
56,78,22,0.22,0.12392598151229323
76,88,12,0.12,0.09655814113095403
68,84,16,0.16,0.10444160113111138
88,94,6,0.06,0.10357473887503148
80,90,10,0.1,0.09201597966253758
58,79,21,0.21,0.10514791889116168
76,88,12,0.12,0.11682423548772931
78,89,11,0.11,0.10573114717379212
72,86,14,0.14,0.10249283460900188
58,79,21,0.21,0.09495290765538812
76,88,12,0.12,0.09406986616551877
88,94,6,0.06,0.08876688554883003
68,84,16,0.16,0.10656215135008097
74,87,13,0.13,0.10697609236463905
74,87,13,0.13,0.13108125042170285
74,87,13,0.13,0.12460902232676745
72,86,14,0.14,0.15111891305074096
78,89,11,0.11,0.06909603665582836
70,85,15,0.15,0.09199930769391358
64,82,18,0.18,0.11997882060706616
74,87,13,0.13,0.13557974496856331
66,83,17,0.17,0.12157223304733634
62,81,19,0.19,0.08809008813463151
70,85,15,0.15,0.11248318700119853
72,86,14,0.14,0.1204122381657362
82,91,9,0.09,0.07006240574643016
76,88,12,0.12,0.11487314611673355
68,84,16,0.16,0.06765321767888963
82,91,9,0.09,0.09220364099368453
64,82,18,0.18,0.09006022863090038
60,80,20,0.2,0.09572658097371459
54,77,23,0.23,0.09466811135876924
90,95,5,0.05,0.08108409998938441
76,88,12,0.12,0.08592222339473665
60,80,20,0.2,0.08397317454218864
78,89,11,0.11,0.07754282524809242
64,82,18,0.18,0.08608494924381375
62,81,19,0.19,0.08486737714149058
80,90,10,0.1,0.08344141965731978
84,92,8,0.08,0.0853740484919399
80,90,10,0.1,0.10035748615860939
80,90,10,0.1,0.09012585748452694
82,91,9,0.09,0.10517555374652147
78,89,11,0.11,0.07416992716025561
78,89,11,0.11,0.10074923224747181
88,94,6,0.06,0.11536119557917118
74,87,13,0.13,0.09715692469850183
74,87,13,0.13,0.09582650821655989
72,86,14,0.14,0.09869745202362537
74,87,13,0.13,0.089839459490031
74,87,13,0.13,0.11279220301657915
74,87,13,0.13,0.08432214903645217
76,88,12,0.12,0.07212798402644693
78,89,11,0.11,0.09456425118260085
84,92,8,0.08,0.07599419506266714
92,96,4,0.04,0.06337517315987498
58,79,21,0.21,0.09962730078026652
80,90,10,0.1,0.05561765481717885
84,92,8,0.08,0.07832713516429067
72,86,14,0.14,0.10300182618200779
66,83,17,0.17,0.09019406299106776
80,90,10,0.1,0.08644796029664575
74,87,13,0.13,0.09399357326328754
80,90,10,0.1,0.09150339173153042
62,81,19,0.19,0.0992231810837984
72,86,14,0.14,0.08514651163946838
74,87,13,0.13,0.09082791032269596
76,88,12,0.12,0.0673489398136735
68,84,16,0.16,0.11469058386981487
66,83,17,0.17,0.09635670378804206
86,93,7,0.07,0.07789337626192719
80,90,10,0.1,0.0788855180121027
72,86,14,0.14,0.07910097020678222
64,82,18,0.18,0.09511152422055602
84,92,8,0.08,0.08465225896798075
54,77,23,0.23,0.0903669448569417
74,87,13,0.13,0.09064941309392452
60,80,20,0.2,0.09626657706685364
74,87,13,0.13,0.07881460411008448
58,79,21,0.21,0.08728291103616356
66,83,17,0.17,0.09329983021132648
78,89,11,0.11,0.10314818512648344
76,88,12,0.12,0.08715782669372857
60,80,20,0.2,0.09183939332142473
72,86,14,0.14,0.08532907199114562
76,88,12,0.12,0.07937216541264207
84,92,8,0.08,0.07094840850681067
72,86,14,0.14,0.06393287076614797
70,85,15,0.15,0.08596979660913348
76,88,12,0.12,0.07011987110599875
78,89,11,0.11,0.07100181410089135
80,90,10,0.1,0.06703786648577079
64,82,18,0.18,0.07749173757387325
70,85,15,0.15,0.05778740592300892
62,81,19,0.19,0.07099101660773158
78,89,11,0.11,0.05463179594837129
74,87,13,0.13,0.07196327252779156
72,86,14,0.14,0.06796007634606212
70,85,15,0.15,0.07506733516231179
66,83,17,0.17,0.08920161310583354
70,85,15,0.15,0.078412059340626
76,88,12,0.12,0.0770245129126124
88,94,6,0.06,0.0858928369730711
78,89,11,0.11,0.06729102302342653
70,85,15,0.15,0.10058349350467324
84,92,8,0.08,0.0631292134616524
74,87,13,0.13,0.07854106416692958
80,90,10,0.1,0.06915547484531999
76,88,12,0.12,0.10133916275575756
70,85,15,0.15,0.07623569079209119
68,84,16,0.16,0.11370580274611712
72,86,14,0.14,0.11213873716071249
78,89,11,0.11,0.0857382858544588
80,90,10,0.1,0.10393597332760691
68,84,16,0.16,0.06436184551101178
66,83,17,0.17,0.10426341790705919
72,86,14,0.14,0.06723540888167917
74,87,13,0.13,0.10449668820947408
86,93,7,0.07,0.08294134262949228
80,90,10,0.1,0.04920707431621849
66,83,17,0.17,0.06576425819657743
72,86,14,0.14,0.07081516078673303
84,92,8,0.08,0.0680929186148569
68,84,16,0.16,0.10995078274980187
76,88,12,0.12,0.06631979769095779
72,86,14,0.14,0.09914171596989035
64,82,18,0.18,0.07766868281178177
74,87,13,0.13,0.08997681983746589
76,88,12,0.12,0.10042638463899493
74,87,13,0.13,0.06314658074406906
58,79,21,0.21,0.0987968006450683
80,90,10,0.1,0.07530045784078539
72,86,14,0.14,0.10118801739066839
84,92,8,0.08,0.05486304631456733
78,89,11,0.11,0.08258171390742064
52,76,24,0.24,0.09752899380400777
52,76,24,0.24,0.08303666202351451
76,88,12,0.12,0.09953406242653727
80,90,10,0.1,0.08906101193279028
74,87,13,0.13,0.09729706432670354
72,86,14,0.14,0.09626325281336903
52,76,24,0.24,0.08807225777534768
56,78,22,0.22,0.10768554750829935
70,85,15,0.15,0.0748648826405406
86,93,7,0.07,0.09299689241684973
68,84,16,0.16,0.09085099739022554
76,88,12,0.12,0.11347419271245598
80,90,10,0.1,0.10850971831008792
80,90,10,0.1,0.0695661859586835
82,91,9,0.09,0.10943270405754447
64,82,18,0.18,0.10274402966722845
78,89,11,0.11,0.07899973834399134
60,80,20,0.2,0.11594234274700284
74,87,13,0.13,0.07348606391809881
76,88,12,0.12,0.09001329014077783
60,80,20,0.2,0.10257105980068446
78,89,11,0.11,0.0645479475823231
72,86,14,0.14,0.10239493078552186
72,86,14,0.14,0.06853064808994531
72,86,14,0.14,0.0812873443774879
54,77,23,0.23,0.07083665295038372
64,82,18,0.18,0.08851710116490721
66,83,17,0.17,0.09261183628812432
80,90,10,0.1,0.06840615095803514
72,86,14,0.14,0.10171243434771896
86,93,7,0.07,0.07873295461758971
72,86,14,0.14,0.09878230648115277
76,88,12,0.12,0.10542353089898825
82,91,9,0.09,0.07518882173113525
58,79,21,0.21,0.13123556990176438
84,92,8,0.08,0.0838068095035851
64,82,18,0.18,0.12194849526509642
68,84,16,0.16,0.10106752639636397
70,85,15,0.15,0.11096854891628027
66,83,17,0.17,0.09596039259806276
78,89,11,0.11,0.0795373309031129
82,91,9,0.09,0.10448378760367633
64,82,18,0.18,0.11848944902420044
72,86,14,0.14,0.127589600533247
78,89,11,0.11,0.11345835641026497
66,83,17,0.17,0.06898677043151111
76,88,12,0.12,0.13065195202827454
68,84,16,0.16,0.13031491165049375
88,94,6,0.06,0.08530491748359054
66,83,17,0.17,0.07351980350911617
72,86,14,0.14,0.054393429094925526
82,91,9,0.09,0.07823095033876598
70,85,15,0.15,0.0852588773984462
68,84,16,0.16,0.06788166149985045
74,87,13,0.13,0.0756061748880893
66,83,17,0.17,0.05852114517241716
78,89,11,0.11,0.06567778087221086
76,88,12,0.12,0.12623312812298537
58,79,21,0.21,0.12875463094562292
68,84,16,0.16,0.06025200785137713
54,77,23,0.23,0.13820322897285223
82,91,9,0.09,0.12784314315766096
58,79,21,0.21,0.11963597550988198
76,88,12,0.12,0.09862419206649065
82,91,9,0.09,0.08899406971409916
82,91,9,0.09,0.09966163481585681
76,88,12,0.12,0.0955808743648231
70,85,15,0.15,0.09200384103693068
62,81,19,0.19,0.10183250389061868
78,89,11,0.11,0.09968284785747528
84,92,8,0.08,0.08539563342928887
74,87,13,0.13,0.08458061968907714
84,92,8,0.08,0.08467534290626645
86,93,7,0.07,0.07422598652075976
82,91,9,0.09,0.08348758305422961
82,91,9,0.09,0.0814674271363765
74,87,13,0.13,0.10604448529891669
70,85,15,0.15,0.10138380657881499
66,83,17,0.17,0.10876880012452603
64,82,18,0.18,0.10227091884240508
68,84,16,0.16,0.10062768127769232
78,89,11,0.11,0.07246442186646164
86,93,7,0.07,0.07310488050570711
84,92,8,0.08,0.10839587777853012
76,88,12,0.12,0.0706432603765279
88,94,6,0.06,0.11115841936320066
84,92,8,0.08,0.1235815504193306
80,90,10,0.1,0.08203592872014269
78,89,11,0.11,0.13765101186931133
66,83,17,0.17,0.0974474080093205
68,84,16,0.16,0.12840359643101693
78,89,11,0.11,0.0894250381924212
66,83,17,0.17,0.12124750930815935
62,81,19,0.19,0.10441002718871459
68,84,16,0.16,0.11080560885369778
76,88,12,0.12,0.08685267558321356
88,94,6,0.06,0.08570331262424588
68,84,16,0.16,0.08354243999347091
78,89,11,0.11,0.0840234264265746
86,93,7,0.07,0.07123304869048297
82,91,9,0.09,0.08490863943472504
78,89,11,0.11,0.08081136339344085
66,83,17,0.17,0.10073233154602348
68,84,16,0.16,0.08489426597952843
80,90,10,0.1,0.08544241676107049
58,79,21,0.21,0.10387148696929216
64,82,18,0.18,0.0813015275914222
74,87,13,0.13,0.10420378528535366
72,86,14,0.14,0.07701355339959264
74,87,13,0.13,0.11488562878221273
66,83,17,0.17,0.07667986171785741
90,95,5,0.05,0.10015343179926277
84,92,8,0.08,0.06372437631245703
62,81,19,0.19,0.1144931473955512
64,82,18,0.18,0.0738805848453194
88,94,6,0.06,0.10059499909169972
56,78,22,0.22,0.06819997337181122
78,89,11,0.11,0.10566380426287651
80,90,10,0.1,0.07104992651380598
78,89,11,0.11,0.10674302689731122
70,85,15,0.15,0.10504214862361551
76,88,12,0.12,0.06961393420468084
60,80,20,0.2,0.11752520505338908
78,89,11,0.11,0.0798691477905959
74,87,13,0.13,0.11946934083476662
76,88,12,0.12,0.07551666535437107
78,89,11,0.11,0.127274374589324
54,77,23,0.23,0.10691088946536183
88,94,6,0.06,0.09856180593371391
86,93,7,0.07,0.09094217915087938
86,93,7,0.07,0.10081802543252706
90,95,5,0.05,0.07333328559529036
92,96,4,0.04,0.05111645405180752
66,83,17,0.17,0.10605675961822271
92,96,4,0.04,0.09831392018124462
64,82,18,0.18,0.1186744536831975
64,82,18,0.18,0.10153287924826145
66,83,17,0.17,0.1139540165103972
66,83,17,0.17,0.11155803576111793
54,77,23,0.23,0.10768696557730437
80,90,10,0.1,0.09037132647819818
64,82,18,0.18,0.10562868360430003
84,92,8,0.08,0.10258191484957933
76,88,12,0.12,0.10534476900473237
70,85,15,0.15,0.11333434965461492
60,80,20,0.2,0.111847955416888
76,88,12,0.12,0.10504554774612189
74,87,13,0.13,0.10511696575209499
72,86,14,0.14,0.11793652318418026
78,89,11,0.11,0.11182992417365313
70,85,15,0.15,0.10907132774591446
54,77,23,0.23,0.12251845084130764
70,85,15,0.15,0.11258908731862903
78,89,11,0.11,0.1027439570426941
82,91,9,0.09,0.10585869919508696
60,80,20,0.2,0.10607746239751577
64,82,18,0.18,0.11080644343979656
82,91,9,0.09,0.09512185391038656
48,74,26,0.26,0.11459458447992801
62,81,19,0.19,0.11705904560163617
74,87,13,0.13,0.10517566245049238
78,89,11,0.11,0.10109223423525691
72,86,14,0.14,0.09012425808236003
68,84,16,0.16,0.09392731502652168
78,89,11,0.11,0.08830245244316756
76,88,12,0.12,0.08419225830584764
88,94,6,0.06,0.07868952572345733
82,91,9,0.09,0.07650977328419685
72,86,14,0.14,0.08990514914505184
76,88,12,0.12,0.0874017175193876
84,92,8,0.08,0.08842012422159314
68,84,16,0.16,0.09002384085208177
76,88,12,0.12,0.08384670356288552
88,94,6,0.06,0.07953367026522756
58,79,21,0.21,0.1051688262540847
76,88,12,0.12,0.08972856068983674
80,90,10,0.1,0.09403317648917436
88,94,6,0.06,0.10249832846224308
70,85,15,0.15,0.11297273499891163
70,85,15,0.15,0.1259851260855794
74,87,13,0.13,0.1188616343215108
78,89,11,0.11,0.07942644356517121
64,82,18,0.18,0.07014841775409877
72,86,14,0.14,0.10359667882323265
66,83,17,0.17,0.07856687335297466
76,88,12,0.12,0.11391843046993017
78,89,11,0.11,0.07709532631095499
78,89,11,0.11,0.10224100269377231
82,91,9,0.09,0.07283371086232364
68,84,16,0.16,0.12519835703074933
86,93,7,0.07,0.09724929446354508
54,77,23,0.23,0.0782609940879047
80,90,10,0.1,0.0749148071743548
62,81,19,0.19,0.1085766508243978
66,83,17,0.17,0.07612429672386498
66,83,17,0.17,0.10353861305862665
70,85,15,0.15,0.09414780545979738
70,85,15,0.15,0.10825439378619194
74,87,13,0.13,0.06770962812704966
78,89,11,0.11,0.07244742326438428
74,87,13,0.13,0.10398475021123886
78,89,11,0.11,0.06562213425524532
64,82,18,0.18,0.10020962078124285
86,93,7,0.07,0.09035300480201841
60,80,20,0.2,0.10469333811663091
78,89,11,0.11,0.06228947171010077
60,80,20,0.2,0.10225409768521786
82,91,9,0.09,0.05447969080880284
78,89,11,0.11,0.07367494960781187
66,83,17,0.17,0.06254219055175782
80,90,10,0.1,0.09027398897334933
68,84,16,0.16,0.08634525639936327
68,84,16,0.16,0.10069596676155924
64,82,18,0.18,0.10630754040554166
76,88,12,0.12,0.05806826383341104
80,90,10,0.1,0.09665263628587127
84,92,8,0.08,0.06748827686533332
56,78,22,0.22,0.09181422292254865
70,85,15,0.15,0.0926780005171895
52,76,24,0.24,0.09801325130276382
60,80,20,0.2,0.07195290103321896
72,86,14,0.14,0.09873519316315651
58,79,21,0.21,0.07936910782009363
64,82,18,0.18,0.10543922580778599
72,86,14,0.14,0.07811576849780977
70,85,15,0.15,0.09557299772277475
72,86,14,0.14,0.08221042641438543
76,88,12,0.12,0.09947098208591341
54,77,23,0.23,0.08225438150693662
70,85,15,0.15,0.07497748520225286
62,81,19,0.19,0.09957029482349754
72,86,14,0.14,0.09985541880130767
76,88,12,0.12,0.07834746405482292
72,86,14,0.14,0.12031451836228371
68,84,16,0.16,0.0890544279338792
78,89,11,0.11,0.08445064133964479
72,86,14,0.14,0.08681092044804245
68,84,16,0.16,0.09066255554556847
74,87,13,0.13,0.09306665349751711
70,85,15,0.15,0.07149172632023693
70,85,15,0.15,0.0967817921936512
62,81,19,0.19,0.10056116421474144
80,90,10,0.1,0.0756819947808981
52,76,24,0.24,0.09800724745728076
46,73,27,0.27,0.08883858270011842
70,85,15,0.15,0.07733470693230629
62,81,19,0.19,0.12466659339144825
80,90,10,0.1,0.08044939872808754
78,89,11,0.11,0.06345234756357968
72,86,14,0.14,0.0856439885054715
78,89,11,0.11,0.084819419067353
72,86,14,0.14,0.07242069256491959
74,87,13,0.13,0.06436949960887432
70,85,15,0.15,0.06221755092497915
82,91,9,0.09,0.05173438101890497
72,86,14,0.14,0.05004991431720555
88,94,6,0.06,0.06262228946201503
62,81,19,0.19,0.06998122885357588
82,91,9,0.09,0.10182982780039311
84,92,8,0.08,0.06877803683280945
80,90,10,0.1,0.07328294546343386
78,89,11,0.11,0.08778570099733769
74,87,13,0.13,0.06794096000026911
90,95,5,0.05,0.05274623880162835
80,90,10,0.1,0.06331490995828062
70,85,15,0.15,0.07413937943056226
70,85,15,0.15,0.055001532919704915
68,84,16,0.16,0.12524712909013033
68,84,16,0.16,0.07108477146364749
56,78,22,0.22,0.08915429210290313
76,88,12,0.12,0.07916881740093232
78,89,11,0.11,0.07071092252619565
60,80,20,0.2,0.08256880071014167
80,90,10,0.1,0.07190277058631182
66,83,17,0.17,0.06902932941913605
82,91,9,0.09,0.06624485242180526
70,85,15,0.15,0.07149349342565983
80,90,10,0.1,0.06313721769489349
66,83,17,0.17,0.07531040072441102
88,94,6,0.06,0.06492931282147765
78,89,11,0.11,0.0627989589550998
78,89,11,0.11,0.09716840609908103
78,89,11,0.11,0.12983187157660722
82,91,9,0.09,0.08712616737000645
56,78,22,0.22,0.12342789970338344
82,91,9,0.09,0.10341697975993157
70,85,15,0.15,0.10051931988447904
86,93,7,0.07,0.09022685144096614
64,82,18,0.18,0.10031128017231822
74,87,13,0.13,0.08488921080715954
66,83,17,0.17,0.08043053396046161
66,83,17,0.17,0.08407799052540213
82,91,9,0.09,0.07107387988828123
80,90,10,0.1,0.07267106515355408
82,91,9,0.09,0.07720202394761146
72,86,14,0.14,0.11903205605223775
86,93,7,0.07,0.06809450037311762
70,85,15,0.15,0.07462443010881543
62,81,19,0.19,0.08019807704724372
82,91,9,0.09,0.08136753614991904
80,90,10,0.1,0.0828712457511574
84,92,8,0.08,0.08201861005276441
68,84,16,0.16,0.06712591129355133
84,92,8,0.08,0.06330919804051519
78,89,11,0.11,0.06417700621299445
74,87,13,0.13,0.05965619245544076
80,90,10,0.1,0.07896182211115957
92,96,4,0.04,0.05923877224326134
90,95,5,0.05,0.05879372772295028
92,96,4,0.04,0.0530678949248977
62,81,19,0.19,0.06024490215815604
82,91,9,0.09,0.06578392025083303
68,84,16,0.16,0.07257651374209673
72,86,14,0.14,0.06708794498350472
64,82,18,0.18,0.07100859412690624
68,84,16,0.16,0.05349685972556472
92,96,4,0.04,0.04943622490391135
72,86,14,0.14,0.0613695204956457
84,92,8,0.08,0.053676429400220514
80,90,10,0.1,0.12370388355106116
72,86,14,0.14,0.07278793054167182
84,92,8,0.08,0.05804543945007026
62,81,19,0.19,0.06927285744808614
72,86,14,0.14,0.06458586535416544
76,88,12,0.12,0.07972908686846494
66,83,17,0.17,0.0769802361819893
84,92,8,0.08,0.06634607051499188
68,84,16,0.16,0.06264612078666687
76,88,12,0.12,0.07489604562520981
78,89,11,0.11,0.06158882791642099
66,83,17,0.17,0.07075197066180408
62,81,19,0.19,0.12928385727107525
68,84,16,0.16,0.07659429335966707
70,85,15,0.15,0.0978646674565971
76,88,12,0.12,0.08945232445374131
84,92,8,0.08,0.08324590818025172
72,86,14,0.14,0.08530784277245403
78,89,11,0.11,0.0791272035613656
72,86,14,0.14,0.0845485513843596
82,91,9,0.09,0.08147976144216955
74,87,13,0.13,0.08340918524190784
68,84,16,0.16,0.08697322489693761
74,87,13,0.13,0.08605072712525726
78,89,11,0.11,0.10386326044797897
76,88,12,0.12,0.09031635471619666
74,87,13,0.13,0.06624055386520922
78,89,11,0.11,0.1015011784248054
74,87,13,0.13,0.07040812369901688
76,88,12,0.12,0.09815192598849536
84,92,8,0.08,0.08564136164262891
68,84,16,0.16,0.061905107996426526
60,80,20,0.2,0.09600221499800682
82,91,9,0.09,0.059171614442020654
74,87,13,0.13,0.0927614866849035
70,85,15,0.15,0.057652973681688306
76,88,12,0.12,0.0831594628491439
76,88,12,0.12,0.06275462925899773
66,83,17,0.17,0.08414722023531794
68,84,16,0.16,0.06046113627031446
76,88,12,0.12,0.09106370655819773
68,84,16,0.16,0.0855932187475264
66,83,17,0.17,0.09772104035131633
64,82,18,0.18,0.07873516987310722
68,84,16,0.16,0.09365859095007181
72,86,14,0.14,0.08617995544336736
80,90,10,0.1,0.07257323279045522
72,86,14,0.14,0.08762630386278034
78,89,11,0.11,0.0666564111597836
92,96,4,0.04,0.04999407068826258
78,89,11,0.11,0.06843310995027423
64,82,18,0.18,0.06288175651337952
78,89,11,0.11,0.05651967661920935
74,87,13,0.13,0.06370595259824768
86,93,7,0.07,0.05734818808035925
82,91,9,0.09,0.04497278579510748
76,88,12,0.12,0.05809798575472087
76,88,12,0.12,0.06301644577644766
76,88,12,0.12,0.06617770301643759
76,88,12,0.12,0.07000927273184061
64,82,18,0.18,0.09460277343168855
60,80,20,0.2,0.08849331847392022
70,85,15,0.15,0.10548766136169434
80,90,10,0.1,0.12054195761680603
76,88,12,0.12,0.06711881415918469
74,87,13,0.13,0.12159883115440608
74,87,13,0.13,0.10783371796831488
68,84,16,0.16,0.10997334845364094
66,83,17,0.17,0.06730345114134252
70,85,15,0.15,0.13672890089452266
70,85,15,0.15,0.13262902498245238
78,89,11,0.11,0.07303723619319498
58,79,21,0.21,0.1341922113671899
86,93,7,0.07,0.12684634495526553
62,81,19,0.19,0.07457298265304417
82,91,9,0.09,0.12749542266130448
66,83,17,0.17,0.0858232328761369
68,84,16,0.16,0.05861873105168343
70,85,15,0.15,0.07447806177660823
80,90,10,0.1,0.06946306207217276
60,80,20,0.2,0.06368107304908335
74,87,13,0.13,0.07962535241618753
88,94,6,0.06,0.07077275619376451
76,88,12,0.12,0.06157085163751617
68,84,16,0.16,0.0615285818092525
74,87,13,0.13,0.05779023110866546
68,84,16,0.16,0.06839586785063148
76,88,12,0.12,0.04504827316384762
92,96,4,0.04,0.05314666465390474
74,87,13,0.13,0.07706711842678488
86,93,7,0.07,0.06933831091970205
76,88,12,0.12,0.06741336134262382
84,92,8,0.08,0.06550003436859697
56,78,22,0.22,0.06414494566619396
80,90,10,0.1,0.05673019660636783
72,86,14,0.14,0.0562328789755702
52,76,24,0.24,0.07791410237550736
66,83,17,0.17,0.059557711980305614
70,85,15,0.15,0.05143585537094623
78,89,11,0.11,0.06836504196748137
72,86,14,0.14,0.05154486060608179
72,86,14,0.14,0.06369006723165511
68,84,16,0.16,0.0595480196736753
68,84,16,0.16,0.07490983946714551
74,87,13,0.13,0.06789644720032811
60,80,20,0.2,0.06563278019428254
68,84,16,0.16,0.08195977782830596
70,85,15,0.15,0.08642005861736834
84,92,8,0.08,0.07852169242687523
70,85,15,0.15,0.07250617190729827
88,94,6,0.06,0.07573400571011007
78,89,11,0.11,0.07698751845397055
82,91,9,0.09,0.08815985372290015
74,87,13,0.13,0.14253449473530055
78,89,11,0.11,0.10015747657045722
64,82,18,0.18,0.12596267238259315
88,94,6,0.06,0.10564409721642733
78,89,11,0.11,0.1113341855071485
76,88,12,0.12,0.11072148833423853
72,86,14,0.14,0.1031450660713017
72,86,14,0.14,0.10534006867557764
66,83,17,0.17,0.09575563289225102
68,84,16,0.16,0.10168165685608983
66,83,17,0.17,0.10313404101878404
80,90,10,0.1,0.09864107862114907
82,91,9,0.09,0.10994772013276816
76,88,12,0.12,0.10425513286143541
74,87,13,0.13,0.1011362231709063
60,80,20,0.2,0.11523162979632616
68,84,16,0.16,0.1032061999477446
78,89,11,0.11,0.09105426885187626
64,82,18,0.18,0.10359650926664471
78,89,11,0.11,0.09644004514440895
66,83,17,0.17,0.13575654778629542
82,91,9,0.09,0.08136348845437169
74,87,13,0.13,0.09231838021427392
68,84,16,0.16,0.10096241993829608
68,84,16,0.16,0.10745922222733498
74,87,13,0.13,0.10726118760183453
80,90,10,0.1,0.07021825865842402
70,85,15,0.15,0.10225948246195912
80,90,10,0.1,0.10621323032304644
62,81,19,0.19,0.11083165951073169
68,84,16,0.16,0.06492584900464862
76,88,12,0.12,0.09182643814012409
64,82,18,0.18,0.10736440405249596
90,95,5,0.05,0.046928487890399995
70,85,15,0.15,0.08794612746685743
60,80,20,0.2,0.06147656626999378
74,87,13,0.13,0.09367392155341804
84,92,8,0.08,0.04370210811612196
58,79,21,0.21,0.09618033336475491
70,85,15,0.15,0.09536642393097282
68,84,16,0.16,0.0540039704577066
84,92,8,0.08,0.08848028117790818
76,88,12,0.12,0.09001430096104741
92,96,4,0.04,0.07356596594676375
62,81,19,0.19,0.05039223517524079
68,84,16,0.16,0.0615476072113961
66,83,17,0.17,0.08069619056768715
74,87,13,0.13,0.06506311464589089
74,87,13,0.13,0.07427578664384782
46,73,27,0.27,0.1498023465462029
80,90,10,0.1,0.07214349573478103
68,84,16,0.16,0.11683596836403012
74,87,13,0.13,0.11344647344201803
76,88,12,0.12,0.07898438137955964
68,84,16,0.16,0.1319207536801696
68,84,16,0.16,0.06274206732399762
76,88,12,0.12,0.11922090850770474
74,87,13,0.13,0.05501755453646183
76,88,12,0.12,0.1184730201587081
62,81,19,0.19,0.13104150235652923
64,82,18,0.18,0.05213860769756138
76,88,12,0.12,0.05700135559309274
58,79,21,0.21,0.1321020905673504
64,82,18,0.18,0.06600880595855414
78,89,11,0.11,0.11255249314010143
82,91,9,0.09,0.08995435362681746
76,88,12,0.12,0.05286822745809332
64,82,18,0.18,0.10947401156648993
94,97,3,0.03,0.042400448634289205
88,94,6,0.06,0.10439466854557394
66,83,17,0.17,0.1050216368585825
66,83,17,0.17,0.10422644007951021
60,80,20,0.2,0.0860336909070611
82,91,9,0.09,0.08091084734536708
78,89,11,0.11,0.09185131824575364
72,86,14,0.14,0.09254743477329612
80,90,10,0.1,0.06981126893311738
76,88,12,0.12,0.10277674106881023
82,91,9,0.09,0.06802917771972716
64,82,18,0.18,0.08757135727442801
68,84,16,0.16,0.07481377590447665
80,90,10,0.1,0.06586376228369772
66,83,17,0.17,0.06251097518019379
84,92,8,0.08,0.05660844875033945
80,90,10,0.1,0.06730030613951385
82,91,9,0.09,0.06048648701282218
76,88,12,0.12,0.05960783327929676
64,82,18,0.18,0.06241033650003373
64,82,18,0.18,0.05913947631139308
60,80,20,0.2,0.1470688404329121
80,90,10,0.1,0.0595938078337349
70,85,15,0.15,0.07167059249943122
88,94,6,0.06,0.06910552769899368
72,86,14,0.14,0.13793551124632358
78,89,11,0.11,0.06513716524466873
80,90,10,0.1,0.13552620220929384
62,81,19,0.19,0.08526656300295145
80,90,10,0.1,0.08161447258666157
82,91,9,0.09,0.11766348049044609
88,94,6,0.06,0.09623856518417596
82,91,9,0.09,0.09501903926953674
72,86,14,0.14,0.05985956609249115
72,86,14,0.14,0.0872907083760947
80,90,10,0.1,0.06802269242703915
80,90,10,0.1,0.05367352301487699
82,91,9,0.09,0.09983385062776506
80,90,10,0.1,0.058435573833994565
74,87,13,0.13,0.067323760795407
66,83,17,0.17,0.07124449856579304
82,91,9,0.09,0.06698634824715555
80,90,10,0.1,0.069616858526133
74,87,13,0.13,0.06715393400751055
68,84,16,0.16,0.07292381452396512
84,92,8,0.08,0.06579068751074374
72,86,14,0.14,0.06895038196817041
60,80,20,0.2,0.068243487928994
60,80,20,0.2,0.0962033180333674
54,77,23,0.23,0.11515203986316919
78,89,11,0.11,0.107454540617764
68,84,16,0.16,0.12943786934018134
64,82,18,0.18,0.130388660505414
68,84,16,0.16,0.12824930287897587
86,93,7,0.07,0.10866522502154112
84,92,8,0.08,0.1194361923635006
76,88,12,0.12,0.1065937316045165
72,86,14,0.14,0.11812705554068088
66,83,17,0.17,0.11578164177015424
60,80,20,0.2,0.1166881898790598
80,90,10,0.1,0.12052429044619202
74,87,13,0.13,0.12528552398085593
62,81,19,0.19,0.12159309992101043
76,88,12,0.12,0.12708723414689302
78,89,11,0.11,0.10175921820104122
62,81,19,0.19,0.11982153508812189
78,89,11,0.11,0.0936810932122171
56,78,22,0.22,0.12279451694339513
82,91,9,0.09,0.10061220854520797
70,85,15,0.15,0.12040731010958552
86,93,7,0.07,0.09013101575896144
66,83,17,0.17,0.1114782491698861
86,93,7,0.07,0.0922560199163854
72,86,14,0.14,0.11953205123543739
68,84,16,0.16,0.10357725920155644
78,89,11,0.11,0.12189477065578103
58,79,21,0.21,0.11591934237629176
80,90,10,0.1,0.12452274948358535
88,94,6,0.06,0.11397485980764031
68,84,16,0.16,0.1301611702144146
60,80,20,0.2,0.1272962187603116
76,88,12,0.12,0.12110196761786937
64,82,18,0.18,0.07837522041518241
60,80,20,0.2,0.07930568909272552
64,82,18,0.18,0.10004022716544568
72,86,14,0.14,0.09809857839718461
74,87,13,0.13,0.08405283387750387
70,85,15,0.15,0.08371350427158177
82,91,9,0.09,0.07680849416181446
80,90,10,0.1,0.0806092827487737
74,87,13,0.13,0.06668742541223764
82,91,9,0.09,0.05690491138957441
82,91,9,0.09,0.06413327519781888
74,87,13,0.13,0.057019690154120325
84,92,8,0.08,0.059232562268152836
92,96,4,0.04,0.053507637404836716
90,95,5,0.05,0.040794171150773766
68,84,16,0.16,0.06335577100049704
66,83,17,0.17,0.06936906659044326
66,83,17,0.17,0.06428056174889207
58,79,21,0.21,0.07013926540501415
82,91,9,0.09,0.06341851005330681
74,87,13,0.13,0.05875998737523332
76,88,12,0.12,0.06490355396643281
72,86,14,0.14,0.07800874149426817
84,92,8,0.08,0.10995307333767414
70,85,15,0.15,0.07720056773163378
74,87,13,0.13,0.0958097705617547
86,93,7,0.07,0.08013274810742586
60,80,20,0.2,0.11027882588095964
66,83,17,0.17,0.08350380786694586
64,82,18,0.18,0.08702364200726151
50,75,25,0.25,0.09893923986703157
70,85,15,0.15,0.08693299421574921
88,94,6,0.06,0.08101194674149155
58,79,21,0.21,0.12118467716500163
72,86,14,0.14,0.11199508339166642
74,87,13,0.13,0.11184089709073305
64,82,18,0.18,0.1302238343656063
70,85,15,0.15,0.13163527281954884
74,87,13,0.13,0.1262703326717019
62,81,19,0.19,0.14067508466541767
70,85,15,0.15,0.1395780699700117
64,82,18,0.18,0.13704235369339585
70,85,15,0.15,0.11973850635811686
74,87,13,0.13,0.10632486268877983
70,85,15,0.15,0.10396298998966813
80,90,10,0.1,0.09242808751761913
66,83,17,0.17,0.09941064665094018
70,85,15,0.15,0.11049983726814389
66,83,17,0.17,0.10909000862389803
76,88,12,0.12,0.12875890772789716
88,94,6,0.06,0.07407642121426761
84,92,8,0.08,0.08366344236768782
76,88,12,0.12,0.14380667869001626
84,92,8,0.08,0.13229405511170625
72,86,14,0.14,0.10475433330982924
58,79,21,0.21,0.13822942562401294
78,89,11,0.11,0.1278013088926673
60,80,20,0.2,0.11242686025798321
84,92,8,0.08,0.10237613003700971
78,89,11,0.11,0.13449843358248473
82,91,9,0.09,0.12337721168994903
72,86,14,0.14,0.12310922980308532
82,91,9,0.09,0.08404638493433594
76,88,12,0.12,0.10792945869266987
68,84,16,0.16,0.1014570251852274
74,87,13,0.13,0.10824285563081502
82,91,9,0.09,0.10115007568150759
66,83,17,0.17,0.10621269155293703
90,95,5,0.05,0.10045989625155925
82,91,9,0.09,0.10955502388998867
74,87,13,0.13,0.1097310852445662
74,87,13,0.13,0.11757381200790405
58,79,21,0.21,0.12795440988615156
78,89,11,0.11,0.11203027416020632
66,83,17,0.17,0.11983630418777466
64,82,18,0.18,0.11174854278564453
64,82,18,0.18,0.13457063734531402
90,95,5,0.05,0.1135884765163064
66,83,17,0.17,0.12298325258307159
76,88,12,0.12,0.12231187827885151
86,93,7,0.07,0.10742235651239752
58,79,21,0.21,0.1372578749060631
68,84,16,0.16,0.1120299319550395
86,93,7,0.07,0.09675263264216483
72,86,14,0.14,0.12493437394499779
70,85,15,0.15,0.12085933532565832
84,92,8,0.08,0.08659320713952184
62,81,19,0.19,0.1434007168933749
74,87,13,0.13,0.07733931011054665
68,84,16,0.16,0.1376238271780312
60,80,20,0.2,0.11068117383867503
76,88,12,0.12,0.14158049441874027
92,96,4,0.04,0.09432784682139754
52,76,24,0.24,0.14554906819015742
66,83,17,0.17,0.10189907975494862
74,87,13,0.13,0.07855768821202219
74,87,13,0.13,0.10051404110156
74,87,13,0.13,0.1357133037224412
88,94,6,0.06,0.0707181607466191
80,90,10,0.1,0.09679493464995176
72,86,14,0.14,0.13562068201601504
84,92,8,0.08,0.07575189827475697
80,90,10,0.1,0.06997279468458145
68,84,16,0.16,0.06523352488875389
66,83,17,0.17,0.05583911295980215
74,87,13,0.13,0.07680401258170605
82,91,9,0.09,0.06709296073298901
78,89,11,0.11,0.061008060658350585
66,83,17,0.17,0.1052681341022253
72,86,14,0.14,0.0615549328783527
76,88,12,0.12,0.056700343755073844
70,85,15,0.15,0.06500571108423174
72,86,14,0.14,0.07346086354926229
70,85,15,0.15,0.06787313256412744
68,84,16,0.16,0.06188851190730929
70,85,15,0.15,0.09028229648247361
66,83,17,0.17,0.083024370521307
68,84,16,0.16,0.08831552508287131
76,88,12,0.12,0.08718061547726393
66,83,17,0.17,0.07723704080097377
74,87,13,0.13,0.09690402208361774
66,83,17,0.17,0.07669534794054926
70,85,15,0.15,0.07735391814261675
68,84,16,0.16,0.08395983343012631
76,88,12,0.12,0.06500211611215491
74,87,13,0.13,0.059186793216504156
82,91,9,0.09,0.06565632364712655
64,82,18,0.18,0.07829643205739557
76,88,12,0.12,0.08420111365616322
80,90,10,0.1,0.07460993965156376
68,84,16,0.16,0.06262922965921462
86,93,7,0.07,0.05218076114542782
56,78,22,0.22,0.06668543079402298
86,93,7,0.07,0.07232888803817332
76,88,12,0.12,0.05844835127703846
66,83,17,0.17,0.09942403251305222
70,85,15,0.15,0.08160706352442502
56,78,22,0.22,0.08668709119781852
72,86,14,0.14,0.10675887405872345
64,82,18,0.18,0.07309632292948663
68,84,16,0.16,0.07841041700914503
60,80,20,0.2,0.08240265231579542
76,88,12,0.12,0.08534043364226818
76,88,12,0.12,0.12705218326300383
62,81,19,0.19,0.14968210007995367
72,86,14,0.14,0.0783721495512873
80,90,10,0.1,0.12014914859086274
70,85,15,0.15,0.13410927720367907
66,83,17,0.17,0.07053921479731798
58,79,21,0.21,0.14423342809081077
74,87,13,0.13,0.0787577599985525
74,87,13,0.13,0.13608293253928422
94,97,3,0.03,0.05794007197022438
70,85,15,0.15,0.06843234017491341
82,91,9,0.09,0.07372395510785282
84,92,8,0.08,0.06479173067491502
74,87,13,0.13,0.08000755231478252
80,90,10,0.1,0.06706213522702456
80,90,10,0.1,0.06089950719382614
60,80,20,0.2,0.08581751647405327
82,91,9,0.09,0.05907958209398203
72,86,14,0.14,0.07674856889061629
60,80,20,0.2,0.08417421875521541
68,84,16,0.16,0.14321248803287745
74,87,13,0.13,0.08892974167130888
76,88,12,0.12,0.067124597216025
72,86,14,0.14,0.1328725814819336
84,92,8,0.08,0.06304568829014898
64,82,18,0.18,0.14324158404022455
80,90,10,0.1,0.07144897263729945
80,90,10,0.1,0.13233964325860142
70,85,15,0.15,0.0761300967540592
80,90,10,0.1,0.10561700206249952
74,87,13,0.13,0.07126805963926017
94,97,3,0.03,0.08804079522378742
74,87,13,0.13,0.07983094948343933
88,94,6,0.06,0.08234071210026742
80,90,10,0.1,0.07842688092030585
82,91,9,0.09,0.05784045396372676
72,86,14,0.14,0.06385370779782534
76,88,12,0.12,0.0814959737099707
58,79,21,0.21,0.06545792556367815
58,79,21,0.21,0.09125240996479989
68,84,16,0.16,0.07269899372477084
74,87,13,0.13,0.08759269898757338
68,84,16,0.16,0.07472528374055401
72,86,14,0.14,0.09020696045830846
54,77,23,0.23,0.08318270293995739
74,87,13,0.13,0.07709907812066376
74,87,13,0.13,0.10096444867551327
66,83,17,0.17,0.12069812363013625
74,87,13,0.13,0.0679775457875803
74,87,13,0.13,0.07246591154485942
82,91,9,0.09,0.11541184328496457
76,88,12,0.12,0.08095993199385702
62,81,19,0.19,0.12901378396898508
70,85,15,0.15,0.08460446681827306
74,87,13,0.13,0.12278881113976241
68,84,16,0.16,0.11442003179341555
80,90,10,0.1,0.08814560956321657
80,90,10,0.1,0.1317367302440107
84,92,8,0.08,0.0708469054941088
76,88,12,0.12,0.12496947549283505
80,90,10,0.1,0.07658853272907436
72,86,14,0.14,0.09634556468576193
70,85,15,0.15,0.09070662070065737
76,88,12,0.12,0.06693436398170888
72,86,14,0.14,0.07661530791316182
82,91,9,0.09,0.06399176764301956
74,87,13,0.13,0.066018281057477
76,88,12,0.12,0.07233884214889258
68,84,16,0.16,0.06912314754910767
76,88,12,0.12,0.06819925566203892
64,82,18,0.18,0.0788418956566602
66,83,17,0.17,0.07805759558686987
84,92,8,0.08,0.06144401092082262
56,78,22,0.22,0.06695866521447896
74,87,13,0.13,0.09249058555811644
84,92,8,0.08,0.08000907239736989
86,93,7,0.07,0.0638562199473381
78,89,11,0.11,0.07098214207217098
60,80,20,0.2,0.06843065782450139
76,88,12,0.12,0.07126415103208274
64,82,18,0.18,0.060643858155235646
64,82,18,0.18,0.0632604799605906
62,81,19,0.19,0.07973375733941794
82,91,9,0.09,0.07520966534502804
74,87,13,0.13,0.06889662375673651
80,90,10,0.1,0.061213984256610274
86,93,7,0.07,0.06326658087782562
76,88,12,0.12,0.07509850377216935
76,88,12,0.12,0.07907071998342871
56,78,22,0.22,0.07949978231452405
80,90,10,0.1,0.06987132203765213
72,86,14,0.14,0.08712084639817476
60,80,20,0.2,0.08610473259352147
76,88,12,0.12,0.11295873371884227
52,76,24,0.24,0.11468085093423724
70,85,15,0.15,0.11392081122845411
88,94,6,0.06,0.09393779993988574
94,97,3,0.03,0.07772948424331844
84,92,8,0.08,0.08131678527221084
64,82,18,0.18,0.08273366301320494
76,88,12,0.12,0.0770925649534911
82,91,9,0.09,0.06943176087690517
70,85,15,0.15,0.08015788861550391
74,87,13,0.13,0.08332750117871911
68,84,16,0.16,0.08476994595024735
80,90,10,0.1,0.0707985390489921
66,83,17,0.17,0.12725062189623715
78,89,11,0.11,0.11031878400593996
62,81,19,0.19,0.08763281221035868
70,85,15,0.15,0.08297081197146326
66,83,17,0.17,0.1124588282033801
76,88,12,0.12,0.11056774923577904
88,94,6,0.06,0.09860560176894069
84,92,8,0.08,0.07112851396668703
70,85,15,0.15,0.10713905934244394
74,87,13,0.13,0.10242503656074405
76,88,12,0.12,0.06785662636160851
84,92,8,0.08,0.1055069406144321
62,81,19,0.19,0.0749075394216925
54,77,23,0.23,0.07317389990203083
72,86,14,0.14,0.12023713791742921
66,83,17,0.17,0.12261889457702636
70,85,15,0.15,0.12033559374511242
70,85,15,0.15,0.07081098644062876
60,80,20,0.2,0.12013117399066686
60,80,20,0.2,0.12098681313917041
76,88,12,0.12,0.09750800817273557
64,82,18,0.18,0.07933636135421693
66,83,17,0.17,0.06765026117675006
90,95,5,0.05,0.06084757694043219
82,91,9,0.09,0.06506308488547802
78,89,11,0.11,0.07356608361937106
78,89,11,0.11,0.07260748366825283
72,86,14,0.14,0.07582294831983745
76,88,12,0.12,0.08908221608959138
78,89,11,0.11,0.07562342412769794
66,83,17,0.17,0.09983286353759467
76,88,12,0.12,0.08683566940482706
62,81,19,0.19,0.06939983121119439
64,82,18,0.18,0.09482686466537416
70,85,15,0.15,0.0869712751545012
66,83,17,0.17,0.07110412375070155
82,91,9,0.09,0.06561758174560964
74,87,13,0.13,0.06095417358912528
70,85,15,0.15,0.07247525143437088
68,84,16,0.16,0.08461153820157051
72,86,14,0.14,0.08284522981382907
64,82,18,0.18,0.08512208007276058
64,82,18,0.18,0.09679511637194083
76,88,12,0.12,0.07274977614171803
74,87,13,0.13,0.07780810098163783
62,81,19,0.19,0.0947981812711805
72,86,14,0.14,0.07318427111953497
72,86,14,0.14,0.07473787659779191
68,84,16,0.16,0.07096192007884383
58,79,21,0.21,0.08211288353428245
72,86,14,0.14,0.10792973145842552
76,88,12,0.12,0.06997337965294718
48,74,26,0.26,0.13891484189778566
72,86,14,0.14,0.06837422450305894
72,86,14,0.14,0.09484665378928185
78,89,11,0.11,0.06324885501991957
76,88,12,0.12,0.08866196624934673
86,93,7,0.07,0.048598705977201465
90,95,5,0.05,0.08460898810066282
84,92,8,0.08,0.07978607623837888
60,80,20,0.2,0.09282165923155844
84,92,8,0.08,0.08163899458944797
74,87,13,0.13,0.07555271653924138
74,87,13,0.13,0.07172804354690016
74,87,13,0.13,0.06661302661523223
90,95,5,0.05,0.06320857738610357
64,82,18,0.18,0.07755584683269262
74,87,13,0.13,0.13843943528831004
76,88,12,0.12,0.14332820292562246
68,84,16,0.16,0.1443546822294593
64,82,18,0.18,0.14726014176383614
68,84,16,0.16,0.15439645372331143
82,91,9,0.09,0.14470856249332428
92,96,4,0.04,0.12754728237167
66,83,17,0.17,0.13342461485415696
82,91,9,0.09,0.1158487568423152
74,87,13,0.13,0.10480644762516021
80,90,10,0.1,0.0932931830175221
68,84,16,0.16,0.10993566863238811
90,95,5,0.05,0.08845247711986304
74,87,13,0.13,0.11951643688604235
70,85,15,0.15,0.11841751720756293
84,92,8,0.08,0.11957343142479658
78,89,11,0.11,0.11274451199918985
72,86,14,0.14,0.11700136590749026
68,84,16,0.16,0.1302743723988533
68,84,16,0.16,0.11715307254344225
64,82,18,0.18,0.13766041930764913
74,87,13,0.13,0.10888153763487934
48,74,26,0.26,0.15617861106991768
68,84,16,0.16,0.11034827658906579
74,87,13,0.13,0.13460136849433182
76,88,12,0.12,0.09524312153458596
62,81,19,0.19,0.10306385515257716
82,91,9,0.09,0.12609609976410865
84,92,8,0.08,0.1075295952335
82,91,9,0.09,0.11943046718835831
84,92,8,0.08,0.10644905123859644
80,90,10,0.1,0.11842598795890807
82,91,9,0.09,0.09971380412578583
74,87,13,0.13,0.10972666621208191
50,75,25,0.25,0.08089143659919501
74,87,13,0.13,0.0780156759172678
78,89,11,0.11,0.11210049197077751
70,85,15,0.15,0.11196636736392974
72,86,14,0.14,0.11605879813432693
80,90,10,0.1,0.11014390099793672
82,91,9,0.09,0.11025070300325751
70,85,15,0.15,0.11892128622159362
80,90,10,0.1,0.1201347690448165
84,92,8,0.08,0.12100168293341994
88,94,6,0.06,0.11112184757366776
74,87,13,0.13,0.06890559182502329
88,94,6,0.06,0.11456491325050593
78,89,11,0.11,0.11908160030841827
68,84,16,0.16,0.12187856435775757
78,89,11,0.11,0.07345048676244914
66,83,17,0.17,0.11609265882521867
86,93,7,0.07,0.0729679680801928
68,84,16,0.16,0.11858829157426953
62,81,19,0.19,0.07682856623083353
70,85,15,0.15,0.11781294865533709
76,88,12,0.12,0.07558382784947754
80,90,10,0.1,0.11094381568953395
64,82,18,0.18,0.08378376143053173
70,85,15,0.15,0.11785825405269862
86,93,7,0.07,0.06749414085876197
90,95,5,0.05,0.10000970479100943
68,84,16,0.16,0.1044472465198487
66,83,17,0.17,0.08649367406964302
76,88,12,0.12,0.12434272613376379
54,77,23,0.23,0.11753124864771962
70,85,15,0.15,0.07621143566444516
66,83,17,0.17,0.13162787966430187
72,86,14,0.14,0.11431858532130718
80,90,10,0.1,0.09049546560272574
58,79,21,0.21,0.1506219295039773
70,85,15,0.15,0.08299534386955201
70,85,15,0.15,0.0965376131888479
78,89,11,0.11,0.12094640130177141
74,87,13,0.13,0.11104541646316647
72,86,14,0.14,0.0835236644372344
58,79,21,0.21,0.080940116122365
60,80,20,0.2,0.14202961824834348
68,84,16,0.16,0.09290134737268091
72,86,14,0.14,0.12000831982120871
74,87,13,0.13,0.14599155716598033
76,88,12,0.12,0.09366405112668871
80,90,10,0.1,0.13228679336607457
72,86,14,0.14,0.06574347908608616
64,82,18,0.18,0.12920680629089476
76,88,12,0.12,0.10708010291680693
66,83,17,0.17,0.12629707985557614
76,88,12,0.12,0.1343989277817309
94,97,3,0.03,0.13195274766534568
80,90,10,0.1,0.13284426733851432
86,93,7,0.07,0.11334657434374094
60,80,20,0.2,0.13128739865496755
76,88,12,0.12,0.10442690385505557
76,88,12,0.12,0.09677465042099356
82,91,9,0.09,0.09791465871036052
70,85,15,0.15,0.09524074262008071
84,92,8,0.08,0.10273796133697033
88,94,6,0.06,0.09644606033340096
78,89,11,0.11,0.1009446708112955
58,79,21,0.21,0.12355535566806793
82,91,9,0.09,0.1069913823530078
54,77,23,0.23,0.1391506965458393
78,89,11,0.11,0.13797917038202287
52,76,24,0.24,0.15192022781819106
62,81,19,0.19,0.14360773041844369
76,88,12,0.12,0.12792688146233558
54,77,23,0.23,0.15431922495365144
80,90,10,0.1,0.11061086915433407
76,88,12,0.12,0.10717521073296667
72,86,14,0.14,0.10709999475628137
70,85,15,0.15,0.10894664924591779
68,84,16,0.16,0.10851913513615727
74,87,13,0.13,0.11622845282778144
80,90,10,0.1,0.11880347423255444
82,91,9,0.09,0.1192700757831335
66,83,17,0.17,0.1283006196282804
80,90,10,0.1,0.11849183671176433
76,88,12,0.12,0.1297713217884302
66,83,17,0.17,0.13617274597287177
72,86,14,0.14,0.11588849876075984
54,77,23,0.23,0.14046127934008837
62,81,19,0.19,0.13911572007462383
90,95,5,0.05,0.13688199408352375
82,91,9,0.09,0.1319794845022261
70,85,15,0.15,0.13104328468441964
66,83,17,0.17,0.14580220967531204
82,91,9,0.09,0.12842265918850898
62,81,19,0.19,0.13127322982996703
74,87,13,0.13,0.12942349530756472
60,80,20,0.2,0.12693478975445033
70,85,15,0.15,0.11896917566657067
78,89,11,0.11,0.13250897902995348
52,76,24,0.24,0.12631221007555724
84,92,8,0.08,0.10605416417121888
62,81,19,0.19,0.107660379903391
74,87,13,0.13,0.11103161156177521
62,81,19,0.19,0.07026798353996128
72,86,14,0.14,0.07352798006497324
76,88,12,0.12,0.07238764791749418
66,83,17,0.17,0.08647327424027025
74,87,13,0.13,0.07369979225564748
84,92,8,0.08,0.07448899438604713
74,87,13,0.13,0.06569149472285062
82,91,9,0.09,0.07762366630602628
70,85,15,0.15,0.0721307029388845
78,89,11,0.11,0.07339732301421463
92,96,4,0.04,0.06379195956513285
80,90,10,0.1,0.07476384459994734
86,93,7,0.07,0.06745238964562304
86,93,7,0.07,0.0694020007038489
74,87,13,0.13,0.07182848674245179
78,89,11,0.11,0.0782206100737676
62,81,19,0.19,0.1092569928150624
80,90,10,0.1,0.082574227694422
96,98,2,0.02,0.06002033430850133
80,90,10,0.1,0.08648399534635245
68,84,16,0.16,0.07767096384428442
78,89,11,0.11,0.08153080264106392
84,92,8,0.08,0.08282845142297447
66,83,17,0.17,0.08518879782408476
64,82,18,0.18,0.07360130495391787
80,90,10,0.1,0.07706785198301076
76,88,12,0.12,0.07847298769280314
56,78,22,0.22,0.08144030125113204
68,84,16,0.16,0.07173615439794957
74,87,13,0.13,0.07204441370908171
74,87,13,0.13,0.07709078479558229
70,85,15,0.15,0.06286406896077096
76,88,12,0.12,0.08240943990647792
70,85,15,0.15,0.08931732402648777
68,84,16,0.16,0.07976906604133546
78,89,11,0.11,0.07663995684124529
80,90,10,0.1,0.08029508105479181
68,84,16,0.16,0.09530393904075027
90,95,5,0.05,0.05498422953300178
68,84,16,0.16,0.09558856000192463
80,90,10,0.1,0.05106158227659762
84,92,8,0.08,0.09234105321578681
78,89,11,0.11,0.05294117053039372
86,93,7,0.07,0.09656559396535158
64,82,18,0.18,0.062070889314636585
66,83,17,0.17,0.061563738835975525
72,86,14,0.14,0.09799672117456794
72,86,14,0.14,0.09611765526235104
64,82,18,0.18,0.08445645844563841
68,84,16,0.16,0.1230978374183178
82,91,9,0.09,0.10678005464375019
76,88,12,0.12,0.1281005696579814
72,86,14,0.14,0.13785865383222698
80,90,10,0.1,0.1293613126128912
70,85,15,0.15,0.13161784499883653
66,83,17,0.17,0.13824043422937393
76,88,12,0.12,0.13694233331829309
82,91,9,0.09,0.11932017562910914
72,86,14,0.14,0.12038849506527186
54,77,23,0.23,0.12442751906812191
64,82,18,0.18,0.13283176112920045
82,91,9,0.09,0.12265160497277976
78,89,11,0.11,0.11947135355323553
84,92,8,0.08,0.12152414683252573
80,90,10,0.1,0.12937330670654773
66,83,17,0.17,0.1344735587015748
60,80,20,0.2,0.12925421129912137
64,82,18,0.18,0.13150175023823976
76,88,12,0.12,0.12290206853300333
62,81,19,0.19,0.1451198561489582
66,83,17,0.17,0.14198799204081297
70,85,15,0.15,0.12730890469625591
58,79,21,0.21,0.14652682803571224
80,90,10,0.1,0.1488210567086935
82,91,9,0.09,0.13849058028310537
68,84,16,0.16,0.15607378225773572
76,88,12,0.12,0.14710508067160843
86,93,7,0.07,0.14093990102410317
86,93,7,0.07,0.14022735498845576
76,88,12,0.12,0.14464158304035662
64,82,18,0.18,0.17018219254910946
76,88,12,0.12,0.15563157584518195
64,82,18,0.18,0.15013581816107036
80,90,10,0.1,0.10967476557940245
52,76,24,0.24,0.1575426072627306
86,93,7,0.07,0.07744723892305046
76,88,12,0.12,0.14481315162032843
66,83,17,0.17,0.12574699018150567
74,87,13,0.13,0.13352638758718968
86,93,7,0.07,0.06577413072809576
60,80,20,0.2,0.1306093603372574
74,87,13,0.13,0.14207547545433044
78,89,11,0.11,0.1134210879355669
68,84,16,0.16,0.1451476803421974
72,86,14,0.14,0.0821046572457999
64,82,18,0.18,0.12817387890070678
70,85,15,0.15,0.08677635327912867
82,91,9,0.09,0.12626920860260726
72,86,14,0.14,0.07762734140269459
78,89,11,0.11,0.13199284709990025
82,91,9,0.09,0.08548308310098945
76,88,12,0.12,0.1296489574573934
84,92,8,0.08,0.07278240708634258
72,86,14,0.14,0.14025996331125498
68,84,16,0.16,0.07308137595653534
82,91,9,0.09,0.12984588712453843
82,91,9,0.09,0.13033941499888896
78,89,11,0.11,0.07658230054657907
62,81,19,0.19,0.14425435289740562
62,81,19,0.19,0.08241818077862263
80,90,10,0.1,0.1404157333448529
72,86,14,0.14,0.07492861906066536
94,97,3,0.03,0.12528472723439335
78,89,11,0.11,0.07094176988117397
94,97,3,0.03,0.13153408396989108
76,88,12,0.12,0.07717849761247635
72,86,14,0.14,0.14504497580230236
76,88,12,0.12,0.06768999035935849
76,88,12,0.12,0.14767761562019588
76,88,12,0.12,0.07954591051675379
80,90,10,0.1,0.15518145259469748
74,87,13,0.13,0.07769656013697386
64,82,18,0.18,0.17085516914725304
56,78,22,0.22,0.10521153239533305
74,87,13,0.13,0.10720158879645168
62,81,19,0.19,0.0954037190321833
76,88,12,0.12,0.08589624387212097
64,82,18,0.18,0.16307455487549305
62,81,19,0.19,0.09254238773137331
82,91,9,0.09,0.15599647153168916
54,77,23,0.23,0.1505331037193537
84,92,8,0.08,0.07685823970474302
80,90,10,0.1,0.15197388589382171
72,86,14,0.14,0.09067959319800138
78,89,11,0.11,0.14815348464995623
78,89,11,0.11,0.10375145291909575
68,84,16,0.16,0.15018260912969708
82,91,9,0.09,0.06616359170526266
64,82,18,0.18,0.15513263802975416
84,92,8,0.08,0.07493961512111127
80,90,10,0.1,0.13880379162728787
80,90,10,0.1,0.06399342389777303
66,83,17,0.17,0.1702949481457472
86,93,7,0.07,0.05775009323027916
78,89,11,0.11,0.15370658833533526
72,86,14,0.14,0.06890517088584602
72,86,14,0.14,0.16288663245737553
90,95,5,0.05,0.08111195774748921
82,91,9,0.09,0.15028256464749576
74,87,13,0.13,0.1447520550340414
64,82,18,0.18,0.09913391490466893
84,92,8,0.08,0.06897761445492506
82,91,9,0.09,0.07082594648003578
76,88,12,0.12,0.14172692269086837
80,90,10,0.1,0.06007698374800384
80,90,10,0.1,0.058092270130291584
70,85,15,0.15,0.14636710721999407
68,84,16,0.16,0.07419040045700967
72,86,14,0.14,0.14359423279762268
54,77,23,0.23,0.08065101069398224
78,89,11,0.11,0.12541524734348058
70,85,15,0.15,0.07932379363104701
92,96,4,0.04,0.07838856037706136
76,88,12,0.12,0.11512321997433901
86,93,7,0.07,0.06418516436591744
94,97,3,0.03,0.14630151726305485
74,87,13,0.13,0.08626965519040823
46,73,27,0.27,0.11950959611684084
84,92,8,0.08,0.0719321715598926
90,95,5,0.05,0.12806563414633274
78,89,11,0.11,0.0747319034487009
64,82,18,0.18,0.10588119197636843
64,82,18,0.18,0.07421215909998864
82,91,9,0.09,0.12630927950143814
68,84,16,0.16,0.07486208774149418
86,93,7,0.07,0.07362860506400466
76,88,12,0.12,0.1365618847310543
82,91,9,0.09,0.06759445558302105
78,89,11,0.11,0.07380047236569226
84,92,8,0.08,0.08180685480125248
68,84,16,0.16,0.1323946650698781
88,94,6,0.06,0.06832876706495881
66,83,17,0.17,0.08913690887857229
46,73,27,0.27,0.1548021176829934
76,88,12,0.12,0.07899836228229105
70,85,15,0.15,0.0919523693388328
72,86,14,0.14,0.10135429315268993
78,89,11,0.11,0.07368420572951435
72,86,14,0.14,0.07332743588835001
68,84,16,0.16,0.07085802259854973
76,88,12,0.12,0.08444065814837813
92,96,4,0.04,0.06548078912310303
82,91,9,0.09,0.06976196518167853
64,82,18,0.18,0.07426744673401117
78,89,11,0.11,0.08812226647511125
84,92,8,0.08,0.08768034286797047
80,90,10,0.1,0.09075842061080039
52,76,24,0.24,0.09781858557835221
70,85,15,0.15,0.14103488191962243
64,82,18,0.18,0.10233642769977451
84,92,8,0.08,0.08801503153517842
72,86,14,0.14,0.15764401204884051
70,85,15,0.15,0.11375966597348451
80,90,10,0.1,0.11449762998148799
64,82,18,0.18,0.18197237584739923
60,80,20,0.2,0.18186768472194673
90,95,5,0.05,0.16613228529691695
60,80,20,0.2,0.12358139865100384
76,88,12,0.12,0.15324111200869084
76,88,12,0.12,0.12007321190088988
74,87,13,0.13,0.12074253801256418
68,84,16,0.16,0.13594192408025266
78,89,11,0.11,0.1571996644511819
76,88,12,0.12,0.16198187328875066
80,90,10,0.1,0.15743791107088329
70,85,15,0.15,0.12901800498366356
64,82,18,0.18,0.15901357628405094
82,91,9,0.09,0.13061648175120355
76,88,12,0.12,0.14704398665577173
78,89,11,0.11,0.12720820054411888
74,87,13,0.13,0.15482075341045856
74,87,13,0.13,0.1496710653603077
84,92,8,0.08,0.12637699902057647
74,87,13,0.13,0.152562651373446
82,91,9,0.09,0.13720698922872543
74,87,13,0.13,0.14841421633958818
66,83,17,0.17,0.12070508513599634
80,90,10,0.1,0.14405594758689402
92,96,4,0.04,0.12258589018136262
82,91,9,0.09,0.10738727871328592
76,88,12,0.12,0.12135625388473273
66,83,17,0.17,0.11724933743476867
66,83,17,0.17,0.1363047144562006
78,89,11,0.11,0.10390797400847078
66,83,17,0.17,0.14414952252060176
88,94,6,0.06,0.09679053872823715
80,90,10,0.1,0.14525484416633844
86,93,7,0.07,0.10288989704102278
64,82,18,0.18,0.16743918247520923
78,89,11,0.11,0.10324134500697255
80,90,10,0.1,0.16633103866130114
58,79,21,0.21,0.10464022537693381
70,85,15,0.15,0.1762155871093273
72,86,14,0.14,0.11413610566407442
64,82,18,0.18,0.20236663646996023
78,89,11,0.11,0.11342788629233837
74,87,13,0.13,0.19433443516492843
72,86,14,0.14,0.12236342009156942
76,88,12,0.12,0.18223278291523456
62,81,19,0.19,0.0885789622925222
78,89,11,0.11,0.09484108172822743
74,87,13,0.13,0.13881800826638938
72,86,14,0.14,0.18077189691364765
62,81,19,0.19,0.1487861618772149
76,88,12,0.12,0.1329356875270605
96,98,2,0.02,0.10812395107001066
78,89,11,0.11,0.11524466868489981
74,87,13,0.13,0.12843587826937436
74,87,13,0.13,0.11514158960431814
78,89,11,0.11,0.11458051159977913
84,92,8,0.08,0.1060758651793003
62,81,19,0.19,0.13135467041283846
78,89,11,0.11,0.12303558787330986
78,89,11,0.11,0.13230419985949993
66,83,17,0.17,0.1368618565797806
80,90,10,0.1,0.12005567152053118
80,90,10,0.1,0.11632611695677042
72,86,14,0.14,0.12301387447863817
70,85,15,0.15,0.12738871052861214
78,89,11,0.11,0.13319185798987745
80,90,10,0.1,0.12898524567484856
78,89,11,0.11,0.13102448115125298
94,97,3,0.03,0.13146239839494228
74,87,13,0.13,0.14739767745137214
70,85,15,0.15,0.14925590179860593
64,82,18,0.18,0.15049897767603398
44,72,28,0.28,0.17706083174794912
78,89,11,0.11,0.1505919073522091
80,90,10,0.1,0.1486468936689198
74,87,13,0.13,0.14890405770391227
74,87,13,0.13,0.13123166486620902
80,90,10,0.1,0.1477188577875495
64,82,18,0.18,0.15530071597546338
72,86,14,0.14,0.15566476181149483
58,79,21,0.21,0.14694789629429578
78,89,11,0.11,0.14037805631756783
84,92,8,0.08,0.1394866944476962
78,89,11,0.11,0.1366279116086662
70,85,15,0.15,0.13158257987350225
82,91,9,0.09,0.12396408196538687
74,87,13,0.13,0.13729463770985603
78,89,11,0.11,0.13447239734232425
60,80,20,0.2,0.13911826528608798
56,78,22,0.22,0.15825277246534825
68,84,16,0.16,0.16148918271064758
72,86,14,0.14,0.16601213838905096
72,86,14,0.14,0.15961229875683786
80,90,10,0.1,0.16534051656723023
66,83,17,0.17,0.09072881065309048
74,87,13,0.13,0.08369789481163024
78,89,11,0.11,0.17194168265908957
68,84,16,0.16,0.10619722928851844
72,86,14,0.14,0.15022401005029679
66,83,17,0.17,0.15489928796887398
74,87,13,0.13,0.09771648732014
72,86,14,0.14,0.142370019312948
82,91,9,0.09,0.14569016829133033
64,82,18,0.18,0.11663179185241461
56,78,22,0.22,0.14932824458926916
70,85,15,0.15,0.11195566048845648
86,93,7,0.07,0.151410206630826
72,86,14,0.14,0.15750150606036187
68,84,16,0.16,0.10109969016164541
78,89,11,0.11,0.14525528959929943
70,85,15,0.15,0.14589221935719252
68,84,16,0.16,0.15472231190651656
74,87,13,0.13,0.16110598541796206
74,87,13,0.13,0.0992328292131424
74,87,13,0.13,0.165492599979043
84,92,8,0.08,0.09661941887810827
84,92,8,0.08,0.17349268779158591
90,95,5,0.05,0.16946975715458393
68,84,16,0.16,0.09236050201579929
76,88,12,0.12,0.17001556642353535
60,80,20,0.2,0.09447722307406366
64,82,18,0.18,0.18264720968902112
66,83,17,0.17,0.17521586664021016
66,83,17,0.17,0.08230635437183081
66,83,17,0.17,0.17746715631335974
70,85,15,0.15,0.1741186698526144
68,84,16,0.16,0.07273073794320226
92,96,4,0.04,0.14974688984453677
72,86,14,0.14,0.09585421884432435
66,83,17,0.17,0.1714261221140623
70,85,15,0.15,0.08986653334461153
68,84,16,0.16,0.16878204129636287
70,85,15,0.15,0.17260475389659405
56,78,22,0.22,0.19031342778354884
62,81,19,0.19,0.09366835402324795
70,85,15,0.15,0.1815239403769374
74,87,13,0.13,0.0958749976567924
62,81,19,0.19,0.18707862053066493
78,89,11,0.11,0.16940464053303003
78,89,11,0.11,0.1060562214255333
72,86,14,0.14,0.1672709035873413
92,96,4,0.04,0.08281750715337693
88,94,6,0.06,0.16416721925139427
74,87,13,0.13,0.10610663374885916
70,85,15,0.15,0.17537552550435065
48,74,26,0.26,0.18375466533005239
68,84,16,0.16,0.08909754687920213
72,86,14,0.14,0.09090167104266583
78,89,11,0.11,0.08069398676976562
72,86,14,0.14,0.08052719560451806
64,82,18,0.18,0.08454902817029505
76,88,12,0.12,0.08881871462799609
82,91,9,0.09,0.07742608036845923
58,79,21,0.21,0.09158649283461273
76,88,12,0.12,0.10127654071897269
58,79,21,0.21,0.10742055374197662
80,90,10,0.1,0.09018615181557835
68,84,16,0.16,0.11045617207884789
74,87,13,0.13,0.10685526562854647
64,82,18,0.18,0.11415547922253609
72,86,14,0.14,0.15664768360555173
82,91,9,0.09,0.10663463782519102
78,89,11,0.11,0.08988576609641313
80,90,10,0.1,0.16518332205712796
68,84,16,0.16,0.10041390164755284
72,86,14,0.14,0.09145652176812291
78,89,11,0.11,0.07876829412765801
78,89,11,0.11,0.16247287280857564
68,84,16,0.16,0.08517875307239592
76,88,12,0.12,0.15770744267851114
68,84,16,0.16,0.07672767981886863
88,94,6,0.06,0.14956740338355304
62,81,19,0.19,0.09395453643985092
86,93,7,0.07,0.07245737374760211
64,82,18,0.18,0.15641282569617032
74,87,13,0.13,0.08343948421999813
76,88,12,0.12,0.07233241064473987
72,86,14,0.14,0.16471148580312728
70,85,15,0.15,0.09435759153217077
66,83,17,0.17,0.15703920930624007
70,85,15,0.15,0.11853510463610291
62,81,19,0.19,0.154435356259346
72,86,14,0.14,0.10414299787953496
64,82,18,0.18,0.10494696084409952
82,91,9,0.09,0.1592532716318965
82,91,9,0.09,0.10126066831871867
76,88,12,0.12,0.08837772913277149
80,90,10,0.1,0.08357419935055077
70,85,15,0.15,0.15612089548259975
80,90,10,0.1,0.0906441606162116
84,92,8,0.08,0.08342088824138046
76,88,12,0.12,0.15595806922763586
64,82,18,0.18,0.09377750762738288
74,87,13,0.13,0.15698000725358724
62,81,19,0.19,0.10059806618839502
84,92,8,0.08,0.09419458346441388
80,90,10,0.1,0.16008970856666566
74,87,13,0.13,0.14186428792774677
52,76,24,0.24,0.15176720697432755
80,90,10,0.1,0.14343140758574008
82,91,9,0.09,0.14455152429640294
78,89,11,0.11,0.17890243768692016
74,87,13,0.13,0.16093835417181254
64,82,18,0.18,0.17710350550711154
86,93,7,0.07,0.1519146376103163
70,85,15,0.15,0.18506661012768746
64,82,18,0.18,0.1689177444204688
68,84,16,0.16,0.18417346322908998
86,93,7,0.07,0.153042125813663
76,88,12,0.12,0.18245514173060656
64,82,18,0.18,0.17225889917463064
70,85,15,0.15,0.18815861031413078
76,88,12,0.12,0.16408702123910188
80,90,10,0.1,0.184409758746624
80,90,10,0.1,0.14810490015894173
84,92,8,0.08,0.16494381353259085
72,86,14,0.14,0.14616586484946312
82,91,9,0.09,0.16629533499479293
62,81,19,0.19,0.1625032176822424
72,86,14,0.14,0.17093742292374373
78,89,11,0.11,0.15388564638793467
68,84,16,0.16,0.1702230572514236
72,86,14,0.14,0.1480990080907941
80,90,10,0.1,0.1723060456290841
74,87,13,0.13,0.1679027734324336
76,88,12,0.12,0.17508216597139836
70,85,15,0.15,0.18581222612410783
60,80,20,0.2,0.16927581492811442
66,83,17,0.17,0.15209906071424484
74,87,13,0.13,0.17328764874488115
80,90,10,0.1,0.14686430470319464
88,94,6,0.06,0.13086836405098437
58,79,21,0.21,0.1970514440909028
78,89,11,0.11,0.1347414641827345
66,83,17,0.17,0.20404762022197245
86,93,7,0.07,0.12000761395320296
80,90,10,0.1,0.20095452673733236
64,82,18,0.18,0.2304203100502491
84,92,8,0.08,0.11654454682022333
70,85,15,0.15,0.2275721586495638
64,82,18,0.18,0.12162342563271522
66,83,17,0.17,0.22501877576112747
76,88,12,0.12,0.12764053825289012
70,85,15,0.15,0.2346967711299658
80,90,10,0.1,0.13076333921402694
82,91,9,0.09,0.09381587539799512
56,78,22,0.22,0.08914265329018235
64,82,18,0.18,0.1504067500680685
76,88,12,0.12,0.1547293658927083
68,84,16,0.16,0.18465334720909596
66,83,17,0.17,0.10013527045957744
76,88,12,0.12,0.17592410180717707
78,89,11,0.11,0.11275132558308541
66,83,17,0.17,0.19553935706615447
60,80,20,0.2,0.12554372921586038
80,90,10,0.1,0.18918463096022606
82,91,9,0.09,0.1725131094455719
90,95,5,0.05,0.11178122023120522
60,80,20,0.2,0.1925718979537487
78,89,11,0.11,0.1725369431078434
80,90,10,0.1,0.10232394702732563
80,90,10,0.1,0.14580497093498707
64,82,18,0.18,0.1168916939664632
76,88,12,0.12,0.12181025266647338
82,91,9,0.09,0.15418708071112633
76,88,12,0.12,0.11827757880091667
76,88,12,0.12,0.1215982279367745
60,80,20,0.2,0.15946501813828945
68,84,16,0.16,0.11808243969455362
60,80,20,0.2,0.15525112736970187
64,82,18,0.18,0.0964924044534564
84,92,8,0.08,0.13190946750342847
62,81,19,0.19,0.08697061863727867
88,94,6,0.06,0.1313213008083403
64,82,18,0.18,0.10086251500993967
88,94,6,0.06,0.13934724159538747
72,86,14,0.14,0.10063077958300709
86,93,7,0.07,0.12938941091299058
86,93,7,0.07,0.08021466077305377
54,77,23,0.23,0.16632787879556418
80,90,10,0.1,0.08108859653584659
72,86,14,0.14,0.08149917811155319
76,88,12,0.12,0.1599182579666376
84,92,8,0.08,0.07433498475234955
74,87,13,0.13,0.16233722265809775
94,97,3,0.03,0.07491474153473973
78,89,11,0.11,0.15489496245980264
76,88,12,0.12,0.08089220657013357
68,84,16,0.16,0.19033695235848427
74,87,13,0.13,0.08170329159591347
72,86,14,0.14,0.18268605794757606
84,92,8,0.08,0.06962073424831033
66,83,17,0.17,0.08885154116898775
82,91,9,0.09,0.0886597640812397
66,83,17,0.17,0.18580596324056387
80,90,10,0.1,0.0908626913651824
76,88,12,0.12,0.23764723122119905
78,89,11,0.11,0.16879147715866566
56,78,22,0.22,0.18192354317754508
62,81,19,0.19,0.10074615381658077
68,84,16,0.16,0.09739165750332177
68,84,16,0.16,0.16894972447305917
58,79,21,0.21,0.17987812116742133
76,88,12,0.12,0.18650364879518747
74,87,13,0.13,0.1605207484960556
74,87,13,0.13,0.17562034573405982
76,88,12,0.12,0.16512797370553017
78,89,11,0.11,0.18136311396956445
64,82,18,0.18,0.17588122457265853
80,90,10,0.1,0.1678484982997179
78,89,11,0.11,0.09714585215784609
74,87,13,0.13,0.16609210204333066
72,86,14,0.14,0.08269224419258535
72,86,14,0.14,0.18297832038253545
62,81,19,0.19,0.10117928855121136
74,87,13,0.13,0.1572785208001733
72,86,14,0.14,0.10437399994581938
78,89,11,0.11,0.1668739414960146
76,88,12,0.12,0.17280008986592293
66,83,17,0.17,0.10967248514294624
62,81,19,0.19,0.11771384045481682
70,85,15,0.15,0.12243949968367815
74,87,13,0.13,0.17142709132283926
78,89,11,0.11,0.12106943534687162
66,83,17,0.17,0.19774027712643147
66,83,17,0.17,0.11873544462025165
66,83,17,0.17,0.1889563235640526
48,74,26,0.26,0.14721733409911394
80,90,10,0.1,0.18067982230335475
92,96,4,0.04,0.09150588896125555
66,83,17,0.17,0.19266474567353725
88,94,6,0.06,0.10678729427978396
82,91,9,0.09,0.0997980587836355
86,93,7,0.07,0.07144129016436636
60,80,20,0.2,0.08867484979331493
76,88,12,0.12,0.08834789378102868
78,89,11,0.11,0.22159015633165835
86,93,7,0.07,0.07137910936027765
74,87,13,0.13,0.22578373968601226
76,88,12,0.12,0.07609885049052537
76,88,12,0.12,0.20662302821874617
78,89,11,0.11,0.0891933210287243
94,97,3,0.03,0.0720607961481437
58,79,21,0.21,0.21198097482323647
56,78,22,0.22,0.09024232833646238
68,84,16,0.16,0.18559900723397732
72,86,14,0.14,0.09759303878992796
86,93,7,0.07,0.1762858133763075
76,88,12,0.12,0.1712292831018567
72,86,14,0.14,0.1672150233387947
66,83,17,0.17,0.17573151364922523
50,75,25,0.25,0.1954889455065131
72,86,14,0.14,0.16367207065224648
76,88,12,0.12,0.17646218881011008
84,92,8,0.08,0.16806714046746493
78,89,11,0.11,0.17264366440474987
74,87,13,0.13,0.1772335237264633
78,89,11,0.11,0.16894181422889232
66,83,17,0.17,0.1775073105469346
84,92,8,0.08,0.17221954092383385
70,85,15,0.15,0.18949820689857005
62,81,19,0.19,0.18334346286952496
90,95,5,0.05,0.16087943412363528
82,91,9,0.09,0.1561369512975216
86,93,7,0.07,0.14947359055280685
62,81,19,0.19,0.17408703856170177
76,88,12,0.12,0.16474171675741672
86,93,7,0.07,0.14416019745171071
62,81,19,0.19,0.1657614777237177
80,90,10,0.1,0.1850666831433773
68,84,16,0.16,0.19477404184639455
82,91,9,0.09,0.1821758946403861
70,85,15,0.15,0.2011604296416044
70,85,15,0.15,0.21117693245410918
60,80,20,0.2,0.1921757708117366
62,81,19,0.19,0.10187173558399082
74,87,13,0.13,0.09282766908407211
84,92,8,0.08,0.07805657519958914
76,88,12,0.12,0.07728340614587069
70,85,15,0.15,0.09966319732367993
68,84,16,0.16,0.08319898764137179
80,90,10,0.1,0.06469437466003
86,93,7,0.07,0.07011426913551987
78,89,11,0.11,0.06893485803622752
76,88,12,0.12,0.06476891090162099
66,83,17,0.17,0.07959261222742497
78,89,11,0.11,0.0709199820458889
80,90,10,0.1,0.06413516941946
64,82,18,0.18,0.08308100653812289
56,78,22,0.22,0.08724848913028836
60,80,20,0.2,0.0955571891926229
58,79,21,0.21,0.12088771108537913
70,85,15,0.15,0.10186328761279582
76,88,12,0.12,0.10414640616625548
64,82,18,0.18,0.08233845710754395
68,84,16,0.16,0.18185090072453022
90,95,5,0.05,0.1761648230999708
74,87,13,0.13,0.18316243827342987
68,84,16,0.16,0.18208347514271736
70,85,15,0.15,0.17597397856414318
82,91,9,0.09,0.17306549701839685
68,84,16,0.16,0.17099144335836172
76,88,12,0.12,0.17462625425308942
54,77,23,0.23,0.18795210875570775
88,94,6,0.06,0.16142700295895338
72,86,14,0.14,0.1730203614011407
88,94,6,0.06,0.17008784025907517
78,89,11,0.11,0.1860505858063698
72,86,14,0.14,0.19816930055618287
78,89,11,0.11,0.2113842346519232
70,85,15,0.15,0.22286239951848985
60,80,20,0.2,0.22338829949498176
66,83,17,0.17,0.22239003762602805
88,94,6,0.06,0.22293643049895764
78,89,11,0.11,0.21833160921931266
62,81,19,0.19,0.22079506486654282
80,90,10,0.1,0.20827788658440113
76,88,12,0.12,0.19352862026542425
64,82,18,0.18,0.202649602368474
74,87,13,0.13,0.18551383197307586
46,73,27,0.27,0.19287766616791488
64,82,18,0.18,0.18738184563815594
82,91,9,0.09,0.16968901120126248
86,93,7,0.07,0.15826701171696186
70,85,15,0.15,0.15689585119485855
70,85,15,0.15,0.17465731531381606
80,90,10,0.1,0.159939067363739
72,86,14,0.14,0.16740642711520196
72,86,14,0.14,0.17127307668328284
60,80,20,0.2,0.20207741379737854
78,89,11,0.11,0.18778483338654042
82,91,9,0.09,0.16859556324779987
76,88,12,0.12,0.1854803841933608
78,89,11,0.11,0.16864851277321577
60,80,20,0.2,0.19786909744143485
66,83,17,0.17,0.09077500571496784
66,83,17,0.17,0.17816847577691078
64,82,18,0.18,0.08883632371202112
68,84,16,0.16,0.17138116866350173
82,91,9,0.09,0.07448415761697107
66,83,17,0.17,0.1681404922157526
74,87,13,0.13,0.06255333469249308
84,92,8,0.08,0.17560687579214573
72,86,14,0.14,0.09050422918051482
62,81,19,0.19,0.17123903505504132
64,82,18,0.18,0.1693292459845543
64,82,18,0.18,0.10933051520958542
62,81,19,0.19,0.18436003908514975
70,85,15,0.15,0.19135759320110082
70,85,15,0.15,0.20038693115115166
50,75,25,0.25,0.2202680817246437
70,85,15,0.15,0.21427022874355317
78,89,11,0.11,0.1824614079296589
82,91,9,0.09,0.18470527045428753
76,88,12,0.12,0.17188706446439028
74,87,13,0.13,0.16982630886137484
60,80,20,0.2,0.17192345179617405
80,90,10,0.1,0.1735325590521097
84,92,8,0.08,0.16576993774622678
74,87,13,0.13,0.16611900828778745
84,92,8,0.08,0.17136445060372352
72,86,14,0.14,0.16917268846184016
68,84,16,0.16,0.18359116174280643
64,82,18,0.18,0.18751400418579578
66,83,17,0.17,0.18589034952223302
86,93,7,0.07,0.16328657433390617
62,81,19,0.19,0.16335634879767894
80,90,10,0.1,0.16351638216525316
72,86,14,0.14,0.15059383552521466
58,79,21,0.21,0.167692434489727
56,78,22,0.22,0.17149667881429195
88,94,6,0.06,0.152932707965374
68,84,16,0.16,0.16665063742548228
90,95,5,0.05,0.15365582961589097
78,89,11,0.11,0.18053587570786475
84,92,8,0.08,0.1717799697816372
72,86,14,0.14,0.18199622683227062
86,93,7,0.07,0.181518187597394
70,85,15,0.15,0.1821892473101616
70,85,15,0.15,0.1622850040346384
76,88,12,0.12,0.17276000715792178
70,85,15,0.15,0.1774155730009079
68,84,16,0.16,0.17048225775361062
74,87,13,0.13,0.17509024802595377
72,86,14,0.14,0.1938234657049179
76,88,12,0.12,0.1956009377539158
80,90,10,0.1,0.18200828179717063
70,85,15,0.15,0.17468575002625586
64,82,18,0.18,0.18266441378742457
56,78,22,0.22,0.19090862296521663
72,86,14,0.14,0.18339418929070234
50,75,25,0.25,0.19513301454484464
68,84,16,0.16,0.19166266769170762
78,89,11,0.11,0.1881533331423998
72,86,14,0.14,0.1664332615211606
78,89,11,0.11,0.09138859830796718
80,90,10,0.1,0.08463841149583459
68,84,16,0.16,0.18079560704529285
80,90,10,0.1,0.1713081895187497
74,87,13,0.13,0.1742584837973118
76,88,12,0.12,0.1865929424762726
82,91,9,0.09,0.17746415846049785
82,91,9,0.09,0.17605900198221205
74,87,13,0.13,0.09136071973480284
72,86,14,0.14,0.1696697289124131
76,88,12,0.12,0.06923586875200272
80,90,10,0.1,0.06874267596751452
70,85,15,0.15,0.16269479177892207
76,88,12,0.12,0.09253148648887873
72,86,14,0.14,0.1598618697375059
70,85,15,0.15,0.08220002570189536
82,91,9,0.09,0.15647720687091352
70,85,15,0.15,0.08404840981587768
86,93,7,0.07,0.13983906511217356
76,88,12,0.12,0.06788113349932245
82,91,9,0.09,0.1301763616129756
78,89,11,0.11,0.07305716381408274
70,85,15,0.15,0.12810621660202742
74,87,13,0.13,0.07463878190144896
72,86,14,0.14,0.1411612900532782
56,78,22,0.22,0.08730908646248281
76,88,12,0.12,0.07862428064458073
74,87,13,0.13,0.07540700810030103
82,91,9,0.09,0.11997216653078795
62,81,19,0.19,0.08832976968958973
78,89,11,0.11,0.12672644130885602
68,84,16,0.16,0.08845416988246142
84,92,8,0.08,0.12888644997030496
70,85,15,0.15,0.11063198059797287
76,88,12,0.12,0.12676547810435296
76,88,12,0.12,0.10971052965149283
72,86,14,0.14,0.10528970702551305
74,87,13,0.13,0.10016938162967563
56,78,22,0.22,0.09590084898751229
56,78,22,0.22,0.09588594944216311
78,89,11,0.11,0.08933210282120854
64,82,18,0.18,0.09314748298376799
76,88,12,0.12,0.09029743488878011
68,84,16,0.16,0.1026217588596046
90,95,5,0.05,0.0849871446751058
80,90,10,0.1,0.0840083238016814
54,77,23,0.23,0.08657922167330981
78,89,11,0.11,0.07565785719081759
66,83,17,0.17,0.09316480486653746
76,88,12,0.12,0.13192597264423966
72,86,14,0.14,0.17419563077390193
74,87,13,0.13,0.09126772742718459
78,89,11,0.11,0.14700339518487454
86,93,7,0.07,0.14345714796334505
68,84,16,0.16,0.10328713449649513
66,83,17,0.17,0.16165768060833216
84,92,8,0.08,0.16524042773991823
66,83,17,0.17,0.08853056450374425
76,88,12,0.12,0.08473390629515051
74,87,13,0.13,0.09873620938509703
82,91,9,0.09,0.17043064191937446
90,95,5,0.05,0.08828879883512855
72,86,14,0.14,0.17234218880534172
80,90,10,0.1,0.08804492154158652
78,89,11,0.11,0.17638302512466908
74,87,13,0.13,0.08782455176115037
80,90,10,0.1,0.16624506812542678
60,80,20,0.2,0.09756890818476677
62,81,19,0.19,0.1819346994906664
66,83,17,0.17,0.0927703114412725
70,85,15,0.15,0.1811805910617113
68,84,16,0.16,0.08320125969126821
74,87,13,0.13,0.1850655374675989
80,90,10,0.1,0.07578637682832777
64,82,18,0.18,0.18898054227232933
56,78,22,0.22,0.09035848034545779
64,82,18,0.18,0.17972347676753997
68,84,16,0.16,0.1795864414423704
70,85,15,0.15,0.09946503065526485
78,89,11,0.11,0.15977362968027592
66,83,17,0.17,0.10165221109986305
68,84,16,0.16,0.1787678648158908
76,88,12,0.12,0.15580935932695866
86,93,7,0.07,0.1005834122840315
78,89,11,0.11,0.15808361534029244
76,88,12,0.12,0.17338701348751784
82,91,9,0.09,0.0861637450568378
60,80,20,0.2,0.1648972637578845
66,83,17,0.17,0.19271675549447537
74,87,13,0.13,0.09583073793910443
80,90,10,0.1,0.18311147224158048
68,84,16,0.16,0.15915250860154628
72,86,14,0.14,0.08048107085749506
74,87,13,0.13,0.17563270457088948
84,92,8,0.08,0.07593050175346434
70,85,15,0.15,0.16973197288811206
82,91,9,0.09,0.07456788680516184
80,90,10,0.1,0.1473296745494008
80,90,10,0.1,0.13875403650105
86,93,7,0.07,0.0800145842693746
68,84,16,0.16,0.16082538425922394
80,90,10,0.1,0.09063952556811274
74,87,13,0.13,0.145238897241652
82,91,9,0.09,0.13830662257969378
78,89,11,0.11,0.12952500676736237
78,89,11,0.11,0.14733371596783398
70,85,15,0.15,0.14367544941604138
68,84,16,0.16,0.1463210294395685
72,86,14,0.14,0.15055252488702536
60,80,20,0.2,0.1594690388813615
82,91,9,0.09,0.16843882393091916
78,89,11,0.11,0.17163801591843367
86,93,7,0.07,0.1811201474070549
62,81,19,0.19,0.183209630548954
76,88,12,0.12,0.18547448381781578
58,79,21,0.21,0.17275392338633538
74,87,13,0.13,0.168380611166358
76,88,12,0.12,0.15028152268379927
74,87,13,0.13,0.1576486274600029
66,83,17,0.17,0.17475184373557567
70,85,15,0.15,0.17295949187129736
74,87,13,0.13,0.1497038147225976
64,82,18,0.18,0.1741498861089349
76,88,12,0.12,0.1541268175840378
66,83,17,0.17,0.16420418970286846
72,86,14,0.14,0.10533015072345733
74,87,13,0.13,0.16000383913517
64,82,18,0.18,0.16416096661239862
72,86,14,0.14,0.16025993887335063
82,91,9,0.09,0.08781103560701013
66,83,17,0.17,0.1815070464462042
82,91,9,0.09,0.143770910538733
84,92,8,0.08,0.10458878936246037
68,84,16,0.16,0.1914605124294758
54,77,23,0.23,0.16809756632894277
76,88,12,0.12,0.18558302022516726
72,86,14,0.14,0.10482811210677027
86,93,7,0.07,0.13518169101327657
70,85,15,0.15,0.1937490576505661
68,84,16,0.16,0.09737509701400995
80,90,10,0.1,0.1441860968619585
60,80,20,0.2,0.19986574422568082
70,85,15,0.15,0.10137105825357139
82,91,9,0.09,0.1475778054818511
58,79,21,0.21,0.18713310353457926
82,91,9,0.09,0.16076237089931966
68,84,16,0.16,0.09625890193507075
76,88,12,0.12,0.18109691992402077
88,94,6,0.06,0.1620436070114374
74,87,13,0.13,0.0922762693092227
82,91,9,0.09,0.16939879648387432
74,87,13,0.13,0.0805084022693336
88,94,6,0.06,0.07337053881725296
86,93,7,0.07,0.08998223564587533
80,90,10,0.1,0.07433716256637127
76,88,12,0.12,0.07388331760652363
74,87,13,0.13,0.0673556952457875
84,92,8,0.08,0.05569340236485004
72,86,14,0.14,0.07414392373524606
76,88,12,0.12,0.0848943290952593
64,82,18,0.18,0.09019579337909818
72,86,14,0.14,0.09529321633279324
84,92,8,0.08,0.0851144256349653
72,86,14,0.14,0.08054551274515688
82,91,9,0.09,0.09175192654132842
74,87,13,0.13,0.08688548552803695
74,87,13,0.13,0.08169269013218582
82,91,9,0.09,0.07928127645514906
72,86,14,0.14,0.0732638038136065
60,80,20,0.2,0.08825881961733102
78,89,11,0.11,0.1745909870788455
68,84,16,0.16,0.18231128744781017
66,83,17,0.17,0.09603852443397046
66,83,17,0.17,0.18301710296422244
78,89,11,0.11,0.09423575457185507
78,89,11,0.11,0.08935660930350423
74,87,13,0.13,0.09953411491587758
56,78,22,0.22,0.11040341724641621
86,93,7,0.07,0.10316081633791327
80,90,10,0.1,0.09922232814133167
74,87,13,0.13,0.11138185735791922
84,92,8,0.08,0.10734358835965395
74,87,13,0.13,0.1189433174021542
78,89,11,0.11,0.1119384117051959
80,90,10,0.1,0.09611199280247092
80,90,10,0.1,0.0954429180920124
68,84,16,0.16,0.09621469752863049
64,82,18,0.18,0.11165360357612371
74,87,13,0.13,0.09923944413661957
74,87,13,0.13,0.09245698785409331
70,85,15,0.15,0.08409262420609594
56,78,22,0.22,0.09101596213877201
60,80,20,0.2,0.09592391639016569
78,89,11,0.11,0.10359798053279519
82,91,9,0.09,0.08958424929529428
76,88,12,0.12,0.09830809297040105
82,91,9,0.09,0.10959518125280737
86,93,7,0.07,0.0897670323215425
74,87,13,0.13,0.11334215428680182
72,86,14,0.14,0.18586830001324414
78,89,11,0.11,0.17746953353285788
84,92,8,0.08,0.062002274179831146
72,86,14,0.14,0.09518098084256053
74,87,13,0.13,0.1894805321842432
60,80,20,0.2,0.10529729666188359
84,92,8,0.08,0.18239184439182282
80,90,10,0.1,0.18272178031504155
68,84,16,0.16,0.18230669278651476
84,92,8,0.08,0.18644197151064873
44,72,28,0.28,0.20277386650443077
58,79,21,0.21,0.21617226354777813
72,86,14,0.14,0.21779764108359814
74,87,13,0.13,0.22267211094498635
56,78,22,0.22,0.23230414889752865
88,94,6,0.06,0.21347071044147015
82,91,9,0.09,0.2069873593747616
64,82,18,0.18,0.19837448507547378
58,79,21,0.21,0.18713000252842904
76,88,12,0.12,0.1690252538025379
58,79,21,0.21,0.09795138410292566
82,91,9,0.09,0.15374842345714568
76,88,12,0.12,0.16586115781217814
78,89,11,0.11,0.15036333203315735
78,89,11,0.11,0.161897396966815
76,88,12,0.12,0.07254334355238826
78,89,11,0.11,0.08096831592731178
72,86,14,0.14,0.08748900686390698
82,91,9,0.09,0.06986116016283632
90,95,5,0.05,0.0742733892519027
80,90,10,0.1,0.08454252222552895
80,90,10,0.1,0.08031288519501686
80,90,10,0.1,0.06597125504165888
74,87,13,0.13,0.09841654926538468
88,94,6,0.06,0.08317069400101901
84,92,8,0.08,0.07854235704056918
76,88,12,0.12,0.06636049658060074
62,81,19,0.19,0.08315467592328787
74,87,13,0.13,0.08225712249521167
66,83,17,0.17,0.07987336642574519
76,88,12,0.12,0.09821833847090602
74,87,13,0.13,0.10335107687860727
80,90,10,0.1,0.09988468877505512
50,75,25,0.25,0.09152718472294509
64,82,18,0.18,0.12739646542817354
68,84,16,0.16,0.11024962909519673
60,80,20,0.2,0.1195125687122345
84,92,8,0.08,0.15034664805978537
62,81,19,0.19,0.12013759970664978
82,91,9,0.09,0.1479460710287094
60,80,20,0.2,0.11208431635051966
74,87,13,0.13,0.10725384725257754
72,86,14,0.14,0.1818174945563078
72,86,14,0.14,0.15402551412582396
58,79,21,0.21,0.15524697996675968
68,84,16,0.16,0.11451423589140176
88,94,6,0.06,0.1600604997947812
68,84,16,0.16,0.09894490180537105
70,85,15,0.15,0.10087741024792195
70,85,15,0.15,0.16776428066194057
80,90,10,0.1,0.0826682004518807
80,90,10,0.1,0.08583951994776726
74,87,13,0.13,0.17142386369407178
62,81,19,0.19,0.09770498374477028
66,83,17,0.17,0.08301992360502482
72,86,14,0.14,0.17391128815710544
78,89,11,0.11,0.08670376693829894
86,93,7,0.07,0.07296799641102553
50,75,25,0.25,0.1904632107168436
76,88,12,0.12,0.08859125738032163
88,94,6,0.06,0.09243184691295028
86,93,7,0.07,0.1057198928669095
78,89,11,0.11,0.0843207700829953
50,75,25,0.25,0.10482381474226714
56,78,22,0.22,0.1012680985685438
72,86,14,0.14,0.1773648514971137
72,86,14,0.14,0.09252628313377499
66,83,17,0.17,0.09810491346754134
88,94,6,0.06,0.1529433923214674
68,84,16,0.16,0.08478351859375835
70,85,15,0.15,0.10672900548204779
66,83,17,0.17,0.18418652314692735
74,87,13,0.13,0.09644337533041834
66,83,17,0.17,0.1628495180606842
74,87,13,0.13,0.10387076616287232
82,91,9,0.09,0.16720080152153968
62,81,19,0.19,0.10172502599656581
68,84,16,0.16,0.17788426723331213
70,85,15,0.15,0.11148374367505312
72,86,14,0.14,0.16039311081171037
66,83,17,0.17,0.12458557708188892
62,81,19,0.19,0.18286326821893453
72,86,14,0.14,0.1308925801515579
74,87,13,0.13,0.17336283553391696
68,84,16,0.16,0.12016594300046562
72,86,14,0.14,0.15626247972249985
58,79,21,0.21,0.1157400443777442
58,79,21,0.21,0.1690592658892274
60,80,20,0.2,0.11168814323842526
66,83,17,0.17,0.15666753154248
66,83,17,0.17,0.10819400384090841
64,82,18,0.18,0.18357254195958375
56,78,22,0.22,0.11308887841179967
72,86,14,0.14,0.1531916929408908
68,84,16,0.16,0.15832836147397755
74,87,13,0.13,0.13841466408222913
82,91,9,0.09,0.19443787902593612
70,85,15,0.15,0.1911197641119361
62,81,19,0.19,0.18017816569656134
74,87,13,0.13,0.11398169707506894
86,93,7,0.07,0.1695668336376548
80,90,10,0.1,0.16727098740637303
74,87,13,0.13,0.17668844401836395
60,80,20,0.2,0.18250600185245275
82,91,9,0.09,0.16668788507580756
70,85,15,0.15,0.15534792229533195
92,96,4,0.04,0.1534585004672408
76,88,12,0.12,0.15719861540943383
80,90,10,0.1,0.14480547530576587
80,90,10,0.1,0.13858506616204977
86,93,7,0.07,0.1476466079428792
84,92,8,0.08,0.12061653327196836
76,88,12,0.12,0.12919329853728415
74,87,13,0.13,0.11907932460308075
84,92,8,0.08,0.12231280697509646
72,86,14,0.14,0.12799370758235454
70,85,15,0.15,0.14283412516117097
58,79,21,0.21,0.16748833190649748
84,92,8,0.08,0.1529215195402503
78,89,11,0.11,0.16131113775074482
68,84,16,0.16,0.1624206814914942
68,84,16,0.16,0.169801654368639
74,87,13,0.13,0.1678037681058049
72,86,14,0.14,0.17115190766751767
78,89,11,0.11,0.18079286482185125
74,87,13,0.13,0.1828172532096505
64,82,18,0.18,0.18174713492393493
74,87,13,0.13,0.1762877332419157
78,89,11,0.11,0.1742136910557747
82,91,9,0.09,0.15137093422934414
84,92,8,0.08,0.15870166193693877
56,78,22,0.22,0.15554219365119934
62,81,19,0.19,0.15969128534197807
74,87,13,0.13,0.15094609871506692
70,85,15,0.15,0.1485537476837635
74,87,13,0.13,0.14550251878798007
84,92,8,0.08,0.1369240941107273
76,88,12,0.12,0.1379074412956834
78,89,11,0.11,0.1431627778708935
68,84,16,0.16,0.15740012519061566
62,81,19,0.19,0.10716165252029895
60,80,20,0.2,0.15854182004928588
64,82,18,0.18,0.11492782298475504
76,88,12,0.12,0.09841152362525463
70,85,15,0.15,0.127614029571414
64,82,18,0.18,0.1012754314020276
84,92,8,0.08,0.09326974036172032
64,82,18,0.18,0.1409331874921918
80,90,10,0.1,0.14594162799417973
48,74,26,0.26,0.15981896322220565
72,86,14,0.14,0.08224944499321282
56,78,22,0.22,0.14814433928579093
72,86,14,0.14,0.15967129807919264
62,81,19,0.19,0.08733556163497269
66,83,17,0.17,0.17405212856829166
74,87,13,0.13,0.14358063202351332
62,81,19,0.19,0.08766890585422515
74,87,13,0.13,0.18681438110768794
72,86,14,0.14,0.08542388548143208
84,92,8,0.08,0.15463962018489838
80,90,10,0.1,0.18149489030241966
84,92,8,0.08,0.15781634870916605
78,89,11,0.11,0.08458838902413846
68,84,16,0.16,0.18044291246682406
76,88,12,0.12,0.16004984691739083
70,85,15,0.15,0.08474711456336081
50,75,25,0.25,0.1901345656067133
72,86,14,0.14,0.1574173952639103
70,85,15,0.15,0.09863785864785314
70,85,15,0.15,0.17255439091473818
66,83,17,0.17,0.17974766325205566
84,92,8,0.08,0.17333952620625495
62,81,19,0.19,0.10233581904321909
80,90,10,0.1,0.15436999760568143
76,88,12,0.12,0.16697276283055543
68,84,16,0.16,0.10220344236120582
66,83,17,0.17,0.16900541849434375
66,83,17,0.17,0.0903409067215398
68,84,16,0.16,0.1595243028178811
70,85,15,0.15,0.16700030479580164
72,86,14,0.14,0.16753931537270547
70,85,15,0.15,0.0987595532555133
72,86,14,0.14,0.16232451498508454
64,82,18,0.18,0.16888050884008407
74,87,13,0.13,0.16185122206807137
72,86,14,0.14,0.1735223314911127
82,91,9,0.09,0.09226096184924244
82,91,9,0.09,0.138352209366858
68,84,16,0.16,0.11264773583039642
66,83,17,0.17,0.14743711575865745
74,87,13,0.13,0.17717688798904419
76,88,12,0.12,0.11715432494878769
82,91,9,0.09,0.10513416500762104
80,90,10,0.1,0.14219665355980396
64,82,18,0.18,0.1556021259352565
60,80,20,0.2,0.16845235034823416
82,91,9,0.09,0.15992793165147304
72,86,14,0.14,0.1082612182572484
68,84,16,0.16,0.17298744060099125
72,86,14,0.14,0.18760023046284913
74,87,13,0.13,0.18508235715329646
74,87,13,0.13,0.09785055580548942
72,86,14,0.14,0.18579064030200243
64,82,18,0.18,0.19169993571937083
72,86,14,0.14,0.11780257672071456
64,82,18,0.18,0.1981271643936634
68,84,16,0.16,0.10105610074475407
74,87,13,0.13,0.17931822970509528
64,82,18,0.18,0.2027892606705427
60,80,20,0.2,0.11895045800134539
76,88,12,0.12,0.17883049085736274
72,86,14,0.14,0.09300693644210696
84,92,8,0.08,0.19295518390834332
86,93,7,0.07,0.0821991514135152
68,84,16,0.16,0.21204769656062125
82,91,9,0.09,0.08279502074234188
76,88,12,0.12,0.22026665285229682
72,86,14,0.14,0.07649780593812466
84,92,8,0.08,0.20632633306086062
80,90,10,0.1,0.2107027968764305
76,88,12,0.12,0.08587100736796856
70,85,15,0.15,0.20990253135561943
76,88,12,0.12,0.08522382232360542
90,95,5,0.05,0.17889563530683517
56,78,22,0.22,0.17665825579315425
72,86,14,0.14,0.0813578572543338
60,80,20,0.2,0.18012361437082292
62,81,19,0.19,0.08488636398687958
82,91,9,0.09,0.09274320101365446
62,81,19,0.19,0.1690089313685894
76,88,12,0.12,0.08290917346253991
78,89,11,0.11,0.14894092924892902
82,91,9,0.09,0.14613872360438107
82,91,9,0.09,0.08087277876213193
84,92,8,0.08,0.16444155298173427
70,85,15,0.15,0.14609662503004073
62,81,19,0.19,0.10560228129383177
80,90,10,0.1,0.15180383931845426
68,84,16,0.16,0.0936373483762145
68,84,16,0.16,0.15183002829551698
68,84,16,0.16,0.08649883044883609
82,91,9,0.09,0.11997923977673054
88,94,6,0.06,0.15845782103016973
64,82,18,0.18,0.16184679444879294
84,92,8,0.08,0.1552186145633459
82,91,9,0.09,0.15833823174238204
88,94,6,0.06,0.1389349964633584
68,84,16,0.16,0.1792754142358899
62,81,19,0.19,0.14590778071433305
84,92,8,0.08,0.1646649308130145
86,93,7,0.07,0.1406093433126807
78,89,11,0.11,0.15730042710900308
68,84,16,0.16,0.15814452916383742
66,83,17,0.17,0.1698710311576724
70,85,15,0.15,0.16202730875462293
58,79,21,0.21,0.16923253323882817
82,91,9,0.09,0.1521928819641471
56,78,22,0.22,0.17081095617264508
64,82,18,0.18,0.16474597472697497
52,76,24,0.24,0.1795964388549328
66,83,17,0.17,0.16399792961776258
66,83,17,0.17,0.12264746213331819
72,86,14,0.14,0.18124082796275615
72,86,14,0.14,0.16290250979363918
72,86,14,0.14,0.12401416201144456
76,88,12,0.12,0.16929852060973644
74,87,13,0.13,0.1700937145575881
62,81,19,0.19,0.10863099105656147
80,90,10,0.1,0.1649347522854805
68,84,16,0.16,0.12268556656315922
90,95,5,0.05,0.15244722638279198
72,86,14,0.14,0.11925054509192705
74,87,13,0.13,0.15632078725844623
64,82,18,0.18,0.1621702106297016
66,83,17,0.17,0.10849696904420852
76,88,12,0.12,0.15548637423664333
76,88,12,0.12,0.10268577208742499
74,87,13,0.13,0.1539153903722763
82,91,9,0.09,0.10212020424194634
80,90,10,0.1,0.1417459601163864
86,93,7,0.07,0.13146283213049173
86,93,7,0.07,0.13764112029224634
64,82,18,0.18,0.10901398854330183
86,93,7,0.07,0.13191557098180057
76,88,12,0.12,0.08509330845903605
82,91,9,0.09,0.12555119834840298
72,86,14,0.14,0.131800120472908
74,87,13,0.13,0.09336971797980369
66,83,17,0.17,0.1526906181126833
68,84,16,0.16,0.16034897342324256
68,84,16,0.16,0.07645848777610809
84,92,8,0.08,0.14513338599354028
66,83,17,0.17,0.08971296194475144
70,85,15,0.15,0.13812803380191327
78,89,11,0.11,0.14924094572663307
70,85,15,0.15,0.17036314118653537
76,88,12,0.12,0.09649729793891311
78,89,11,0.11,0.1582188642397523
80,90,10,0.1,0.15289833582937717
68,84,16,0.16,0.1674787510931492
76,88,12,0.12,0.08235768610611557
74,87,13,0.13,0.16383057687431574
76,88,12,0.12,0.16795825656503438
92,96,4,0.04,0.07489822335075587
72,86,14,0.14,0.15991843197494746
84,92,8,0.08,0.08150727670639753
66,83,17,0.17,0.17766401540488005
72,86,14,0.14,0.06543354073073715
70,85,15,0.15,0.08077250729314983
52,76,24,0.24,0.08048595716711134
68,84,16,0.16,0.08541148747317492
72,86,14,0.14,0.10823240483179689
80,90,10,0.1,0.08841719576157629
76,88,12,0.12,0.0787815837841481
78,89,11,0.11,0.0843483719509095
74,87,13,0.13,0.09133510794490576
64,82,18,0.18,0.0897182383434847
74,87,13,0.13,0.08643034772016107
64,82,18,0.18,0.09601080527529121
84,92,8,0.08,0.08331035671755671
60,80,20,0.2,0.09211972126737238
84,92,8,0.08,0.08257878124713898
68,84,16,0.16,0.10353119051083923
76,88,12,0.12,0.08677973543759436
68,84,16,0.16,0.10300200330093504
74,87,13,0.13,0.11439185199327767
72,86,14,0.14,0.10190229257568717
72,86,14,0.14,0.10098571879789234
72,86,14,0.14,0.11387190620414912
66,83,17,0.17,0.1179144423827529
66,83,17,0.17,0.12886944599449635
66,83,17,0.17,0.11500551391392946
58,79,21,0.21,0.13342355333268643
76,88,12,0.12,0.11466131297871471
64,82,18,0.18,0.10553926784545183
58,79,21,0.21,0.10217174217104912
66,83,17,0.17,0.09963053114712238
66,83,17,0.17,0.10328656626865268
64,82,18,0.18,0.18049399368464947
72,86,14,0.14,0.08723603043705225
78,89,11,0.11,0.13239170655608176
84,92,8,0.08,0.06383981046266854
84,92,8,0.08,0.15644300375133752
64,82,18,0.18,0.16882537249475718
88,94,6,0.06,0.12204483766108751
72,86,14,0.14,0.12172708818688989
82,91,9,0.09,0.10552502853795886
66,83,17,0.17,0.1127519306447357
74,87,13,0.13,0.11522911123931408
76,88,12,0.12,0.12249073140323162
68,84,16,0.16,0.1415672854706645
60,80,20,0.2,0.14822905484586954
74,87,13,0.13,0.1528942071646452
78,89,11,0.11,0.15796547569334507
82,91,9,0.09,0.1635562527179718
82,91,9,0.09,0.15810748010873796
80,90,10,0.1,0.16016366083174943
78,89,11,0.11,0.1619849769771099
80,90,10,0.1,0.14532902946695686
68,84,16,0.16,0.14001417722553014
84,92,8,0.08,0.12339214965701104
72,86,14,0.14,0.16106367211788894
64,82,18,0.18,0.15200777720659972
78,89,11,0.11,0.11030736969783903
70,85,15,0.15,0.14975087128579617
72,86,14,0.14,0.11924167390912771
86,93,7,0.07,0.11544186253100634
74,87,13,0.13,0.14548422638326883
72,86,14,0.14,0.11808764662593603
66,83,17,0.17,0.15282136179506778
80,90,10,0.1,0.0752084282785654
82,91,9,0.09,0.14188973538577557
86,93,7,0.07,0.12778082886710762
92,96,4,0.04,0.1369302834942937
82,91,9,0.09,0.13136203605681657
78,89,11,0.11,0.07391044172458351
74,87,13,0.13,0.16189033810049294
62,81,19,0.19,0.1593187278136611
72,86,14,0.14,0.17281363636255265
68,84,16,0.16,0.15669708985835315
68,84,16,0.16,0.10349471814930439
64,82,18,0.18,0.17862554419785737
80,90,10,0.1,0.1470939991250634
78,89,11,0.11,0.09128992164507509
72,86,14,0.14,0.15030686728656292
88,94,6,0.06,0.17349776558578014
76,88,12,0.12,0.14215606108307838
64,82,18,0.18,0.09797905718907714
68,84,16,0.16,0.19980149708688258
70,85,15,0.15,0.20515391632914542
90,95,5,0.05,0.11370650798082352
78,89,11,0.11,0.09815730360336601
70,85,15,0.15,0.10344478994607925
70,85,15,0.15,0.21668876618146896
78,89,11,0.11,0.1988788041472435
74,87,13,0.13,0.18486808925867082
82,91,9,0.09,0.12105103811249136
80,90,10,0.1,0.17286065515130758
88,94,6,0.06,0.10769975278526545
74,87,13,0.13,0.18091017492115496
82,91,9,0.09,0.11486815776675939
68,84,16,0.16,0.11299469661898912
76,88,12,0.12,0.17007428739219904
78,89,11,0.11,0.11799610678106547
80,90,10,0.1,0.17421597220003604
72,86,14,0.14,0.12119787262752652
56,78,22,0.22,0.128209666935727
78,89,11,0.11,0.12771402411162852
84,92,8,0.08,0.16934607826173306
72,86,14,0.14,0.11985350176692008
88,94,6,0.06,0.12899435222148894
86,93,7,0.07,0.17590723473578693
66,83,17,0.17,0.1109967796318233
82,91,9,0.09,0.15390124399214983
64,82,18,0.18,0.16859313882887364
60,80,20,0.2,0.12369254203513265
72,86,14,0.14,0.17283272676169872
80,90,10,0.1,0.17148513477295638
64,82,18,0.18,0.1059033525083214
90,95,5,0.05,0.1461520303785801
58,79,21,0.21,0.1741018670424819
80,90,10,0.1,0.09625949583947659
56,78,22,0.22,0.16527246311306953
74,87,13,0.13,0.16546871561557056
56,78,22,0.22,0.16703399322926998
88,94,6,0.06,0.08353722115978598
84,92,8,0.08,0.1661599661409855
72,86,14,0.14,0.1730186976492405
76,88,12,0.12,0.10380286033265293
80,90,10,0.1,0.14968188740313054
82,91,9,0.09,0.16100200220942498
84,92,8,0.08,0.13427165128290652
74,87,13,0.13,0.09207894533872604
68,84,16,0.16,0.17998620808124544
60,80,20,0.2,0.09565239391289651
78,89,11,0.11,0.18612370811402798
56,78,22,0.22,0.2128342492878437
66,83,17,0.17,0.08915980470366776
88,94,6,0.06,0.18780913911759853
78,89,11,0.11,0.09545070021413267
84,92,8,0.08,0.18657235767692326
92,96,4,0.04,0.11936184080317616
90,95,5,0.05,0.09285106049850583
78,89,11,0.11,0.08787233559880406
74,87,13,0.13,0.08505733925849199
82,91,9,0.09,0.08956724673509597
84,92,8,0.08,0.10185792289674282
72,86,14,0.14,0.08704847735352814
76,88,12,0.12,0.10122349970042706
52,76,24,0.24,0.08497307432815432
80,90,10,0.1,0.10982690876349807
78,89,11,0.11,0.0805286181345582
76,88,12,0.12,0.11562911532819271
78,89,11,0.11,0.11452503968030214
72,86,14,0.14,0.10082457010634244
58,79,21,0.21,0.13077221028506755
66,83,17,0.17,0.09238854933530093
74,87,13,0.13,0.13098996909335256
60,80,20,0.2,0.11205422950908542
64,82,18,0.18,0.1463080950640142
72,86,14,0.14,0.1048416652623564
56,78,22,0.22,0.17222071666270494
88,94,6,0.06,0.12610064495354892
80,90,10,0.1,0.08849216407164931
86,93,7,0.07,0.1314585000369698
86,93,7,0.07,0.11828663218766451
72,86,14,0.14,0.10397388121113181
78,89,11,0.11,0.1213602455984801
78,89,11,0.11,0.08036590753123164
82,91,9,0.09,0.10434209259226918
84,92,8,0.08,0.09038176056928933
64,82,18,0.18,0.10992776706814766
80,90,10,0.1,0.10614914360456168
74,87,13,0.13,0.09829902537167072
68,84,16,0.16,0.10280718913301826
88,94,6,0.06,0.08895233097951859
82,91,9,0.09,0.08052677480503917
82,91,9,0.09,0.08328037613071501
86,93,7,0.07,0.0713386756554246
72,86,14,0.14,0.08910727515816688
62,81,19,0.19,0.11526163794100285
84,92,8,0.08,0.1113891139999032
72,86,14,0.14,0.12215754244476557
84,92,8,0.08,0.10917664619162679
88,94,6,0.06,0.10478297716006636
68,84,16,0.16,0.13397100675851106
58,79,21,0.21,0.158458142131567
86,93,7,0.07,0.13696660757996143
72,86,14,0.14,0.14085739398375152
58,79,21,0.21,0.1400715129263699
66,83,17,0.17,0.12247473835945129
82,91,9,0.09,0.17103206302970647
78,89,11,0.11,0.10435302849858999
66,83,17,0.17,0.12048898424953222
76,88,12,0.12,0.17648318387567996
58,79,21,0.21,0.17940945088863372
78,89,11,0.11,0.11860275402665138
78,89,11,0.11,0.1673748065903783
80,90,10,0.1,0.16533151991665362
74,87,13,0.13,0.1737037606909871
66,83,17,0.17,0.11607484556734562
78,89,11,0.11,0.08781299600377679
80,90,10,0.1,0.17215713512152434
74,87,13,0.13,0.13450106125324965
80,90,10,0.1,0.1789313592016697
88,94,6,0.06,0.07960077309049667
76,88,12,0.12,0.15738140733912587
70,85,15,0.15,0.1938616518676281
74,87,13,0.13,0.06740417673718184
56,78,22,0.22,0.16431247644126415
66,83,17,0.17,0.19652531817555427
86,93,7,0.07,0.07437021531630307
68,84,16,0.16,0.17394912093877793
60,80,20,0.2,0.19902778405696153
58,79,21,0.21,0.08842688434757293
62,81,19,0.19,0.1833105681091547
72,86,14,0.14,0.20056115813553332
70,85,15,0.15,0.07674232434481382
62,81,19,0.19,0.18450336687266827
86,93,7,0.07,0.2066987782716751
78,89,11,0.11,0.07326266973279416
78,89,11,0.11,0.20930977411568163
76,88,12,0.12,0.22970571748912336
84,92,8,0.08,0.07264730527531356
74,87,13,0.13,0.2009581371024251
62,81,19,0.19,0.22384194508194924
62,81,19,0.19,0.08520463158376515
66,83,17,0.17,0.20487349100410937
68,84,16,0.16,0.23723548367619515
76,88,12,0.12,0.07476813002489507
70,85,15,0.15,0.20004573695361613
74,87,13,0.13,0.24032303005456923
62,81,19,0.19,0.1958302729204297
82,91,9,0.09,0.09514049710705877
80,90,10,0.1,0.2283024214208126
70,85,15,0.15,0.17490725602954627
66,83,17,0.17,0.11324293999001384
70,85,15,0.15,0.23198861099779605
88,94,6,0.06,0.08744691188214347
66,83,17,0.17,0.239361687079072
68,84,16,0.16,0.18439072027802467
90,95,5,0.05,0.07893887522164732
76,88,12,0.12,0.10929072737693786
74,87,13,0.13,0.18308875806629657
80,90,10,0.1,0.18110632456839085
82,91,9,0.09,0.1687983160838485
72,86,14,0.14,0.17325339794158937
74,87,13,0.13,0.16913297068327665
70,85,15,0.15,0.16646275911480188
70,85,15,0.15,0.15864630419760942
86,93,7,0.07,0.1501952186971903
74,87,13,0.13,0.17621486902236938
58,79,21,0.21,0.18468685247004032
70,85,15,0.15,0.1871069422364235
68,84,16,0.16,0.19622676841914655
70,85,15,0.15,0.21424341417849063
70,85,15,0.15,0.19502234548330308
70,85,15,0.15,0.19964415162801744
62,81,19,0.19,0.19543149590492248
70,85,15,0.15,0.19341435723006725
82,91,9,0.09,0.1758141550421715
78,89,11,0.11,0.1780843386054039
64,82,18,0.18,0.1771747887134552
48,74,26,0.26,0.200195267572999
76,88,12,0.12,0.18000731766223907
62,81,19,0.19,0.19077435601502657
74,87,13,0.13,0.20170600101351738
74,87,13,0.13,0.1847678979486227
76,88,12,0.12,0.18006775468587877
58,79,21,0.21,0.19730970978736878
90,95,5,0.05,0.1866195498779416
72,86,14,0.14,0.20659989781677723
78,89,11,0.11,0.22074731171131134
80,90,10,0.1,0.22409171715378762
70,85,15,0.15,0.23721878066658975
66,83,17,0.17,0.2293452377617359
70,85,15,0.15,0.23995138220489026
68,84,16,0.16,0.2390147652477026
74,87,13,0.13,0.2148161205649376
66,83,17,0.17,0.23183015819638966
76,88,12,0.12,0.20811899825930597
70,85,15,0.15,0.20088113054633142
74,87,13,0.13,0.1953106912225485
78,89,11,0.11,0.18085040755569934
64,82,18,0.18,0.18374676831066608
74,87,13,0.13,0.1851516906172037
64,82,18,0.18,0.1976016478985548
82,91,9,0.09,0.19450094543397425
70,85,15,0.15,0.20536806784570216
80,90,10,0.1,0.2106061288714409
62,81,19,0.19,0.10664963254705072
70,85,15,0.15,0.10516679339110852
70,85,15,0.15,0.22073423117399216
82,91,9,0.09,0.21345821149647237
66,83,17,0.17,0.21004467658698558
70,85,15,0.15,0.10342543101869524
82,91,9,0.09,0.19772395864129066
84,92,8,0.08,0.1815308676660061
76,88,12,0.12,0.17951926358044148
66,83,17,0.17,0.08684937035664916
62,81,19,0.19,0.19679630983620883
76,88,12,0.12,0.18587378770112992
82,91,9,0.09,0.07760426888242364
76,88,12,0.12,0.08451530566439032
84,92,8,0.08,0.17727086197584868
64,82,18,0.18,0.12460747637785971
80,90,10,0.1,0.20153474010527134
80,90,10,0.1,0.08403108990751207
76,88,12,0.12,0.195981904566288
82,91,9,0.09,0.09550539119169116
72,86,14,0.14,0.12566443011164666
92,96,4,0.04,0.11135050820186734
66,83,17,0.17,0.2235120066255331
66,83,17,0.17,0.1166540957801044
74,87,13,0.13,0.1112298246845603
64,82,18,0.18,0.22773803219199182
70,85,15,0.15,0.11762056210078299
80,90,10,0.1,0.20715494692325592
58,79,21,0.21,0.113031552368775
74,87,13,0.13,0.2153127945959568
66,83,17,0.17,0.09891973405145109
68,84,16,0.16,0.23350158981978894
62,81,19,0.19,0.21364775903522967
68,84,16,0.16,0.10067319435067475
70,85,15,0.15,0.21010783746838568
78,89,11,0.11,0.10341390959918499
84,92,8,0.08,0.1947715749591589
70,85,15,0.15,0.0958387990668416
74,87,13,0.13,0.11214868953451514
58,79,21,0.21,0.12689825005829333
70,85,15,0.15,0.09698802937287837
62,81,19,0.19,0.20595754243433476
82,91,9,0.09,0.08641391372308135
82,91,9,0.09,0.18615250259637833
70,85,15,0.15,0.19891606222838162
76,88,12,0.12,0.22097453355789184
80,90,10,0.1,0.22248066581785678
66,83,17,0.17,0.10207405358552933
82,91,9,0.09,0.20968612164258957
70,85,15,0.15,0.10605048211291432
88,94,6,0.06,0.22160085856914521
88,94,6,0.06,0.09787563510239124
78,89,11,0.11,0.20702001202851533
76,88,12,0.12,0.21039971098303795
74,87,13,0.13,0.20197895102202892
70,85,15,0.15,0.20690722621977328
70,85,15,0.15,0.18383152678608894
62,81,19,0.19,0.18396306917071342
70,85,15,0.15,0.194829885289073
66,83,17,0.17,0.2069442180916667
76,88,12,0.12,0.19393571577966212
84,92,8,0.08,0.20925328448414804
80,90,10,0.1,0.20636298712342976
70,85,15,0.15,0.0896965114492923
86,93,7,0.07,0.20689522672444582
78,89,11,0.11,0.08636591681279242
82,91,9,0.09,0.2067927608639002
62,81,19,0.19,0.20641150381416082
70,85,15,0.15,0.20913520894944668
56,78,22,0.22,0.2061271570622921
80,90,10,0.1,0.0749844605382532
76,88,12,0.12,0.09260375222191214
86,93,7,0.07,0.0842116261087358
62,81,19,0.19,0.2315770848095417
64,82,18,0.18,0.19853030145168304
68,84,16,0.16,0.09053136318922043
74,87,13,0.13,0.22192921802401544
74,87,13,0.13,0.09115429382305593
64,82,18,0.18,0.20569722220301628
76,88,12,0.12,0.09603611074388027
70,85,15,0.15,0.20274768982082605
68,84,16,0.16,0.2125649895519018
82,91,9,0.09,0.19592115901410578
72,86,14,0.14,0.21798413641750813
52,76,24,0.24,0.22575672186911105
80,90,10,0.1,0.2148723043873906
84,92,8,0.08,0.21128445588052272
72,86,14,0.14,0.21945324771106242
64,82,18,0.18,0.22492503985762596
80,90,10,0.1,0.2079155483841896
78,89,11,0.11,0.20134828597307206
74,87,13,0.13,0.22495827801525592
66,83,17,0.17,0.2017965992540121
76,88,12,0.12,0.2208522555977106
60,80,20,0.2,0.20869216024875642
94,97,3,0.03,0.20403962284326554
82,91,9,0.09,0.20824964419007302
66,83,17,0.17,0.21100557759404182
60,80,20,0.2,0.23126215793192387
62,81,19,0.19,0.23847705140709877
70,85,15,0.15,0.2231655688583851
78,89,11,0.11,0.10348706137388945
84,92,8,0.08,0.08087513674981892
84,92,8,0.08,0.22544279158115388
72,86,14,0.14,0.23641403794288635
64,82,18,0.18,0.2591122102364898
78,89,11,0.11,0.23110813789069654
78,89,11,0.11,0.2466942311823368
70,85,15,0.15,0.23538878105580807
90,95,5,0.05,0.23036667358130217
68,84,16,0.16,0.09420071240514517
66,83,17,0.17,0.22648429110646248
84,92,8,0.08,0.2327543380111456
84,92,8,0.08,0.07586002140305936
88,94,6,0.06,0.2334519398212433
76,88,12,0.12,0.23982203498482704
86,93,7,0.07,0.07482125411741436
92,96,4,0.04,0.2238703068345785
74,87,13,0.13,0.23236149363219738
76,88,12,0.12,0.2252359738945961
72,86,14,0.14,0.22362202107906343
66,83,17,0.17,0.12103805696591735
82,91,9,0.09,0.2129524151980877
82,91,9,0.09,0.18309376429766416
78,89,11,0.11,0.09021495185792446
82,91,9,0.09,0.1890771972388029
62,81,19,0.19,0.20174315206706525
70,85,15,0.15,0.11150879270397127
62,81,19,0.19,0.194422989115119
90,95,5,0.05,0.21784808963537217
72,86,14,0.14,0.2420611295849085
58,79,21,0.21,0.2843549256026745
70,85,15,0.15,0.10641092176549137
74,87,13,0.13,0.2820664308220148
86,93,7,0.07,0.09731118950992823
58,79,21,0.21,0.2961979478597641
64,82,18,0.18,0.27688994400203226
58,79,21,0.21,0.11194877086207271
72,86,14,0.14,0.300922312438488
76,88,12,0.12,0.270203469991684
56,78,22,0.22,0.10953350001946091
80,90,10,0.1,0.2649011617898941
84,92,8,0.08,0.23000286228954792
72,86,14,0.14,0.22371368914842604
62,81,19,0.19,0.2356523384153843
86,93,7,0.07,0.1946727917343378
74,87,13,0.13,0.20331887431442738
66,83,17,0.17,0.19079741775989534
72,86,14,0.14,0.205161756798625
86,93,7,0.07,0.2052935589104891
78,89,11,0.11,0.23396644450724124
72,86,14,0.14,0.10090586725622415
74,87,13,0.13,0.11546017168089748
74,87,13,0.13,0.22721718974411487
86,93,7,0.07,0.08724748585373163
76,88,12,0.12,0.22161106385290621
76,88,12,0.12,0.08135651303455234
80,90,10,0.1,0.09673163023777306
70,85,15,0.15,0.089686933811754
74,87,13,0.13,0.08923068102449179
72,86,14,0.14,0.09207030262798072
46,73,27,0.27,0.10392683181911706
86,93,7,0.07,0.08073643369134516
84,92,8,0.08,0.09356243297457695
84,92,8,0.08,0.08090485720895231
80,90,10,0.1,0.08259688843041658
76,88,12,0.12,0.08883216861635447
76,88,12,0.12,0.08973725466057658
82,91,9,0.09,0.0770097804814577
76,88,12,0.12,0.0943642627261579
66,83,17,0.17,0.08643340066075325
84,92,8,0.08,0.09782669747248292
76,88,12,0.12,0.08610469467937946
86,93,7,0.07,0.08941979860886931
92,96,4,0.04,0.06856406340375543
58,79,21,0.21,0.10139909096062183
72,86,14,0.14,0.2260889298468828
62,81,19,0.19,0.1040453210612759
84,92,8,0.08,0.07711565279401839
90,95,5,0.05,0.07576245069503784
76,88,12,0.12,0.09422631002962589
68,84,16,0.16,0.09656725041568279
70,85,15,0.15,0.11692122174426914
78,89,11,0.11,0.10576790302991868
84,92,8,0.08,0.09629853427410126
76,88,12,0.12,0.2238951886445284
64,82,18,0.18,0.09584442034363747
70,85,15,0.15,0.24586985230445862
50,75,25,0.25,0.12456416975706816
46,73,27,0.27,0.2929735270142555
68,84,16,0.16,0.10479597369208932
72,86,14,0.14,0.2722450891882181
76,88,12,0.12,0.10197488693520426
74,87,13,0.13,0.2703840810060501
66,83,17,0.17,0.2648368160426617
82,91,9,0.09,0.11351641420274973
76,88,12,0.12,0.09448413718491792
78,89,11,0.11,0.24505306392908097
86,93,7,0.07,0.07169566962867975
76,88,12,0.12,0.243967729434371
78,89,11,0.11,0.11108513629063964
92,96,4,0.04,0.06528169927652926
72,86,14,0.14,0.21909203857183457
94,97,3,0.03,0.11338592190295457
76,88,12,0.12,0.09502658212557435
56,78,22,0.22,0.11219883808400483
82,91,9,0.09,0.10157233949750662
88,94,6,0.06,0.07193585818633437
80,90,10,0.1,0.09463695498183369
50,75,25,0.25,0.0925711383856833
74,87,13,0.13,0.09245810503140092
84,92,8,0.08,0.07687767835333943
68,84,16,0.16,0.09736798046156764
66,83,17,0.17,0.10006522746756673
74,87,13,0.13,0.09501555894501507
56,78,22,0.22,0.11264950569719076
86,93,7,0.07,0.21107907667756082
56,78,22,0.22,0.11464089235290885
58,79,21,0.21,0.1267149506136775
80,90,10,0.1,0.1324587320536375
66,83,17,0.17,0.135586815495044
74,87,13,0.13,0.1273752962052822
56,78,22,0.22,0.16647327426820993
68,84,16,0.16,0.16163879729807376
68,84,16,0.16,0.14118056857958436
86,93,7,0.07,0.1302591341920197
68,84,16,0.16,0.1520534985512495
70,85,15,0.15,0.13913951985538006
74,87,13,0.13,0.13222215324640274
64,82,18,0.18,0.1154495728155598
92,96,4,0.04,0.08292275056242943
72,86,14,0.14,0.09214251549914479
78,89,11,0.11,0.08550078177824616
74,87,13,0.13,0.08265796158928423
72,86,14,0.14,0.08564413667656481
82,91,9,0.09,0.07814329136162997
80,90,10,0.1,0.08662722917273641
62,81,19,0.19,0.08952806289307773
74,87,13,0.13,0.08718861436471342
78,89,11,0.11,0.0968847106397152
64,82,18,0.18,0.1162395156081766
84,92,8,0.08,0.2314180937409401
64,82,18,0.18,0.13240275871008633
74,87,13,0.13,0.11707260264083744
72,86,14,0.14,0.13620436429977417
58,79,21,0.21,0.1375216230750084
68,84,16,0.16,0.13520200986415148
76,88,12,0.12,0.11628418182954192
70,85,15,0.15,0.12595876768231393
62,81,19,0.19,0.129169984459877
84,92,8,0.08,0.2146070959419012
70,85,15,0.15,0.22648278169333935
88,94,6,0.06,0.07284332086332142
46,73,27,0.27,0.24979371048510074
76,88,12,0.12,0.229622625336051
78,89,11,0.11,0.23646598309278488
76,88,12,0.12,0.25487266905605793
72,86,14,0.14,0.25942123897373676
70,85,15,0.15,0.2556158792972565
68,84,16,0.16,0.25539587378501893
82,91,9,0.09,0.2237605035305023
70,85,15,0.15,0.23277819648385048
54,77,23,0.23,0.24380111038684846
78,89,11,0.11,0.2446234831959009
82,91,9,0.09,0.23738144256174565
86,93,7,0.07,0.24093300789594652
62,81,19,0.19,0.2509104656428099
72,86,14,0.14,0.23705192126333713
74,87,13,0.13,0.23196282930672169
92,96,4,0.04,0.21096705462783574
86,93,7,0.07,0.20858903273940085
80,90,10,0.1,0.19314235303550958
74,87,13,0.13,0.19205396212637424
78,89,11,0.11,0.1848436699807644
70,85,15,0.15,0.20623792581260203
58,79,21,0.21,0.22846934586763382
74,87,13,0.13,0.24803154326975346
72,86,14,0.14,0.26155182138085364
76,88,12,0.12,0.26375581659376623
70,85,15,0.15,0.2798908545076847
78,89,11,0.11,0.2856895359605551
64,82,18,0.18,0.29541208103299144
66,83,17,0.17,0.2855487723648548
62,81,19,0.19,0.2734197200834751
58,79,21,0.21,0.27663727089762685
64,82,18,0.18,0.24632450938224792
68,84,16,0.16,0.2225250805914402
74,87,13,0.13,0.2228234852105379
72,86,14,0.14,0.21165553770959378
80,90,10,0.1,0.19986701611429453
86,93,7,0.07,0.18377276074141263
72,86,14,0.14,0.17681382074952126
64,82,18,0.18,0.2099269812181592
54,77,23,0.23,0.22429612286388875
76,88,12,0.12,0.24392394125461578
86,93,7,0.07,0.26384593211114404
82,91,9,0.09,0.26701189927756785
76,88,12,0.12,0.24902785554528237
82,91,9,0.09,0.26650255724787714
82,91,9,0.09,0.2613302229344845
88,94,6,0.06,0.0754126354586333
72,86,14,0.14,0.1487740970030427
66,83,17,0.17,0.25592443652451036
82,91,9,0.09,0.25248165786266324
78,89,11,0.11,0.24032086290419102
90,95,5,0.05,0.1096411438845098
80,90,10,0.1,0.22605874679982663
72,86,14,0.14,0.11299366207793354
82,91,9,0.09,0.22735402949154376
84,92,8,0.08,0.09286674745380878
76,88,12,0.12,0.24318539448082446
74,87,13,0.13,0.08407292746007443
60,80,20,0.2,0.2534653034806251
62,81,19,0.19,0.07646264088340103
66,83,17,0.17,0.28200249791145326
70,85,15,0.15,0.07920952199026943
74,87,13,0.13,0.271161409765482
70,85,15,0.15,0.0843148943502456
58,79,21,0.21,0.2913198897987604
80,90,10,0.1,0.07606427241116762
68,84,16,0.16,0.0856186834629625
64,82,18,0.18,0.28694511905312536
72,86,14,0.14,0.07367140247952193
68,84,16,0.16,0.10467221467755734
52,76,24,0.24,0.09067979183979333
60,80,20,0.2,0.2809402868151665
54,77,23,0.23,0.29861312709748744
72,86,14,0.14,0.09389409127645194
60,80,20,0.2,0.11349608490243554
84,92,8,0.08,0.2841984134912491
56,78,22,0.22,0.11887863069772721
74,87,13,0.13,0.09625655578449369
60,80,20,0.2,0.26682526037096976
76,88,12,0.12,0.11061974359676242
78,89,11,0.11,0.11768453327938914
80,90,10,0.1,0.11825764529407025
64,82,18,0.18,0.10559769852086902
76,88,12,0.12,0.13205184185877442
74,87,13,0.13,0.12041065575554967
64,82,18,0.18,0.13197063449770213
74,87,13,0.13,0.13276044506579637
92,96,4,0.04,0.10949008606374264
72,86,14,0.14,0.10855114308185876
64,82,18,0.18,0.1375308096036315
76,88,12,0.12,0.10885556196328253
70,85,15,0.15,0.2812748499214649
72,86,14,0.14,0.09604992659762501
80,90,10,0.1,0.09027657579630613
68,84,16,0.16,0.10897230198606848
72,86,14,0.14,0.08635777061805129
64,82,18,0.18,0.2961331936717033
70,85,15,0.15,0.28254307821393015
66,83,17,0.17,0.16107635244727134
78,89,11,0.11,0.2779968063533306
74,87,13,0.13,0.28222664579749107
86,93,7,0.07,0.27088302448391915
74,87,13,0.13,0.28683805517852307
60,80,20,0.2,0.29928263776004316
66,83,17,0.17,0.3051834192872047
78,89,11,0.11,0.27230269357562065
78,89,11,0.11,0.268788206577301
74,87,13,0.13,0.2609930744767189
74,87,13,0.13,0.2418310882896185
70,85,15,0.15,0.24725378304719925
84,92,8,0.08,0.23523742653429508
70,85,15,0.15,0.24670105628669262
80,90,10,0.1,0.24093628972768782
74,87,13,0.13,0.25627668261528014
66,83,17,0.17,0.2508532408624887
60,80,20,0.2,0.26379361368715765
54,77,23,0.23,0.27516793698072434
66,83,17,0.17,0.26473084039986133
88,94,6,0.06,0.25166981019079687
86,93,7,0.07,0.2673357875645161
88,94,6,0.06,0.26589828476309774
82,91,9,0.09,0.27200692862272263
72,86,14,0.14,0.26700336948037146
64,82,18,0.18,0.2480342662334442
78,89,11,0.11,0.229437056183815
72,86,14,0.14,0.22671365134418012
86,93,7,0.07,0.2168494363129139
84,92,8,0.08,0.21920040875673294
72,86,14,0.14,0.24470538787543775
82,91,9,0.09,0.23788179203867912
72,86,14,0.14,0.2632066132873297
56,78,22,0.22,0.13967580650001765
78,89,11,0.11,0.2662599717080593
76,88,12,0.12,0.2817156587541103
78,89,11,0.11,0.12219978827983141
66,83,17,0.17,0.2937134538590908
72,86,14,0.14,0.2789709015190601
64,82,18,0.18,0.28102200508117675
44,72,28,0.28,0.2980901716649532
66,83,17,0.17,0.11803796987980604
66,83,17,0.17,0.2719757156074047
56,78,22,0.22,0.13321275357156992
74,87,13,0.13,0.2593730599433184
72,86,14,0.14,0.13308271763846277
72,86,14,0.14,0.26232605323195457
80,90,10,0.1,0.23502526581287383
66,83,17,0.17,0.12600477186962963
70,85,15,0.15,0.2891921602189541
76,88,12,0.12,0.11561080943793059
80,90,10,0.1,0.2676887223124504
78,89,11,0.11,0.2463425637036562
70,85,15,0.15,0.24200610361993313
56,78,22,0.22,0.25422926671803
76,88,12,0.12,0.2397264816239476
80,90,10,0.1,0.25709589950740336
76,88,12,0.12,0.26107391841709615
68,84,16,0.16,0.24514819473028182
48,74,26,0.26,0.27080238483846186
84,92,8,0.08,0.24876492090523242
74,87,13,0.13,0.2552005695551634
76,88,12,0.12,0.25501421973109245
66,83,17,0.17,0.2799171804636717
62,81,19,0.19,0.10727629788219929
88,94,6,0.06,0.09556964371353388
68,84,16,0.16,0.29448040172457696
80,90,10,0.1,0.2651224523037672
58,79,21,0.21,0.12158990556374193
78,89,11,0.11,0.25288536891341207
74,87,13,0.13,0.09505951283499599
62,81,19,0.19,0.26538398884236813
80,90,10,0.1,0.24022907122969628
76,88,12,0.12,0.09935532484203577
72,86,14,0.14,0.10872478304430842
76,88,12,0.12,0.2524786865711212
82,91,9,0.09,0.09610439121723174
70,85,15,0.15,0.24531568750739097
82,91,9,0.09,0.11286191558465361
82,91,9,0.09,0.100130656324327
58,79,21,0.21,0.11708183916285635
74,87,13,0.13,0.232500374391675
72,86,14,0.14,0.12488989504054189
62,81,19,0.19,0.24537954546511173
64,82,18,0.18,0.11730467336252332
62,81,19,0.19,0.2462421627342701
72,86,14,0.14,0.10432050065137446
76,88,12,0.12,0.12148660652339459
80,90,10,0.1,0.2346056081354618
86,93,7,0.07,0.24841436572372913
86,93,7,0.07,0.10583085957914591
72,86,14,0.14,0.11251015210524201
80,90,10,0.1,0.2611634213477373
64,82,18,0.18,0.1341382702998817
58,79,21,0.21,0.1128358007222414
88,94,6,0.06,0.25536690205335616
70,85,15,0.15,0.14089307241141796
74,87,13,0.13,0.26300421118736267
82,91,9,0.09,0.09206393714994192
68,84,16,0.16,0.12675095573067666
78,89,11,0.11,0.2258017812669277
76,88,12,0.12,0.2832294262200594
68,84,16,0.16,0.28101000845432283
76,88,12,0.12,0.2763745714724064
74,87,13,0.13,0.26983995974063874
80,90,10,0.1,0.27624565720558164
78,89,11,0.11,0.27015571132302285
60,80,20,0.2,0.2693426066637039
80,90,10,0.1,0.2672917128354311
84,92,8,0.08,0.24076829370111227
86,93,7,0.07,0.22117576777935027
78,89,11,0.11,0.22103805609047414
62,81,19,0.19,0.23272507712244989
70,85,15,0.15,0.22346566662192344
64,82,18,0.18,0.22056007973849773
72,86,14,0.14,0.2228009783476591
80,90,10,0.1,0.20899101935327052
78,89,11,0.11,0.2148711574077606
72,86,14,0.14,0.211734898686409
68,84,16,0.16,0.22632084999233484
56,78,22,0.22,0.24120549559593202
66,83,17,0.17,0.23406426906585692
76,88,12,0.12,0.24017091043293476
68,84,16,0.16,0.2492406279593706
60,80,20,0.2,0.2660266021639109
68,84,16,0.16,0.2527462461590767
54,77,23,0.23,0.2713720992952585
74,87,13,0.13,0.25372629329562185
64,82,18,0.18,0.26253064006567
78,89,11,0.11,0.252082757204771
92,96,4,0.04,0.2284166133403778
86,93,7,0.07,0.21867289207875729
58,79,21,0.21,0.2264116944745183
78,89,11,0.11,0.2062438141554594
80,90,10,0.1,0.21105089463293553
60,80,20,0.2,0.22463057443499565
80,90,10,0.1,0.21213646300137043
84,92,8,0.08,0.21620576448738574
64,82,18,0.18,0.23081299610435962
76,88,12,0.12,0.22280717879533768
74,87,13,0.13,0.226579050347209
84,92,8,0.08,0.2055304914712906
60,80,20,0.2,0.231004571467638
50,75,25,0.25,0.2401055759191513
74,87,13,0.13,0.21513059988617897
74,87,13,0.13,0.2119095290452242
66,83,17,0.17,0.22148590065538884
82,91,9,0.09,0.20135661713778974
86,93,7,0.07,0.21685741156339644
76,88,12,0.12,0.12685132656246423
64,82,18,0.18,0.10286342145875096
72,86,14,0.14,0.2096662610024214
72,86,14,0.14,0.22122091270983218
76,88,12,0.12,0.2192439339309931
92,96,4,0.04,0.20576206006109715
84,92,8,0.08,0.21632806099951268
76,88,12,0.12,0.08946083914488553
72,86,14,0.14,0.22512833647429942
76,88,12,0.12,0.21670172840356827
80,90,10,0.1,0.09259180863387882
76,88,12,0.12,0.21621973156929017
80,90,10,0.1,0.21367867209017277
86,93,7,0.07,0.0970848667807877
74,87,13,0.13,0.2088928719609976
80,90,10,0.1,0.10009201738983392
58,79,21,0.21,0.22987312637269497
86,93,7,0.07,0.08125749925151467
90,95,5,0.05,0.09414465803653002
80,90,10,0.1,0.08262657228857279
62,81,19,0.19,0.09771580408327281
78,89,11,0.11,0.09463876303285361
72,86,14,0.14,0.08485147613100708
74,87,13,0.13,0.09309486720710992
70,85,15,0.15,0.08935963517054915
62,81,19,0.19,0.096069365888834
86,93,7,0.07,0.094294638838619
60,80,20,0.2,0.0943349427729845
68,84,16,0.16,0.09722755451686681
74,87,13,0.13,0.2141377077996731
78,89,11,0.11,0.08087922238744795
90,95,5,0.05,0.0745520070195198
56,78,22,0.22,0.09748952403664589
80,90,10,0.1,0.0902648681961
74,87,13,0.13,0.08454941605217754
64,82,18,0.18,0.0935099669545889
72,86,14,0.14,0.08509936207905412
68,84,16,0.16,0.0863465079292655
74,87,13,0.13,0.09360307754948735
70,85,15,0.15,0.0970640424080193
72,86,14,0.14,0.0890263863094151
80,90,10,0.1,0.10494121296331287
80,90,10,0.1,0.09942565692588687
86,93,7,0.07,0.07582091934978961
72,86,14,0.14,0.0890416426770389
70,85,15,0.15,0.08757185121998191
64,82,18,0.18,0.08715006496757269
70,85,15,0.15,0.09027389304712415
86,93,7,0.07,0.07133403946645558
84,92,8,0.08,0.12734748447313904
58,79,21,0.21,0.20693941883742809
74,87,13,0.13,0.23604750916361808
72,86,14,0.14,0.20933887489140035
72,86,14,0.14,0.1836289945989847
74,87,13,0.13,0.18729179099202156
66,83,17,0.17,0.2044035419076681
62,81,19,0.19,0.21049496933817863
46,73,27,0.27,0.2184732558578253
62,81,19,0.19,0.23169306248426438
78,89,11,0.11,0.21084993943572045
54,77,23,0.23,0.22796052023768426
68,84,16,0.16,0.21149448692798614
82,91,9,0.09,0.19904635153710842
68,84,16,0.16,0.20797036305069924
68,84,16,0.16,0.20521225310862065
78,89,11,0.11,0.2013398914784193
76,88,12,0.12,0.2005374638736248
76,88,12,0.12,0.18578556578606367
68,84,16,0.16,0.1822920762747526
78,89,11,0.11,0.1725206921994686
74,87,13,0.13,0.1881055650115013
62,81,19,0.19,0.18694236215204
72,86,14,0.14,0.18717183284461497
64,82,18,0.18,0.19982849441468717
56,78,22,0.22,0.216156205534935
76,88,12,0.12,0.22383112914860248
66,83,17,0.17,0.22917631797492505
74,87,13,0.13,0.21529610455036163
88,94,6,0.06,0.19150749452412127
76,88,12,0.12,0.1858702103793621
66,83,17,0.17,0.18650161057710649
82,91,9,0.09,0.1693034175410867
64,82,18,0.18,0.1472145999595523
72,86,14,0.14,0.16866768267005683
56,78,22,0.22,0.1753514924645424
66,83,17,0.17,0.1392292758449912
84,92,8,0.08,0.1620325818657875
88,94,6,0.06,0.15510406309738756
72,86,14,0.14,0.1720801516994834
82,91,9,0.09,0.12237025307491421
72,86,14,0.14,0.1744730059057474
78,89,11,0.11,0.11200141228735447
74,87,13,0.13,0.19038335159420966
66,83,17,0.17,0.11644538685679436
72,86,14,0.14,0.19182805016636847
74,87,13,0.13,0.10244521029293537
70,85,15,0.15,0.18695564225316047
72,86,14,0.14,0.11474433988332748
54,77,23,0.23,0.2085971961170435
88,94,6,0.06,0.07905496351420879
66,83,17,0.17,0.23133725307881833
82,91,9,0.09,0.09566616796888411
54,77,23,0.23,0.2154449187219143
86,93,7,0.07,0.21196255795657634
78,89,11,0.11,0.2036688444763422
78,89,11,0.11,0.08613430055789649
68,84,16,0.16,0.20051511369645594
72,86,14,0.14,0.1779906924813986
70,85,15,0.15,0.07582719980739057
86,93,7,0.07,0.16573686361312867
80,90,10,0.1,0.16583990667015314
92,96,4,0.04,0.15242038894444704
74,87,13,0.13,0.08041408929042518
80,90,10,0.1,0.15723105795681477
68,84,16,0.16,0.08018240659497679
64,82,18,0.18,0.17425211101770402
70,85,15,0.15,0.17517740942537785
74,87,13,0.13,0.08730085825547576
72,86,14,0.14,0.15910757333040237
72,86,14,0.14,0.10048160493373871
86,93,7,0.07,0.15726998090744018
66,83,17,0.17,0.17915742173790933
76,88,12,0.12,0.10323204753920436
48,74,26,0.26,0.19764200814068317
74,87,13,0.13,0.11239559939131141
82,91,9,0.09,0.09184925923123956
82,91,9,0.09,0.17607148010283707
74,87,13,0.13,0.18478918716311454
80,90,10,0.1,0.11885023612529039
52,76,24,0.24,0.2050500028207898
74,87,13,0.13,0.18258354358375073
86,93,7,0.07,0.07939212056342512
78,89,11,0.11,0.10750668070279062
62,81,19,0.19,0.2060978001356125
72,86,14,0.14,0.20421417020261287
70,85,15,0.15,0.11268784964457154
78,89,11,0.11,0.0728522664308548
66,83,17,0.17,0.1075051686912775
76,88,12,0.12,0.19395938448607922
68,84,16,0.16,0.11929587272927165
76,88,12,0.12,0.1089117968454957
76,88,12,0.12,0.18299589604139327
84,92,8,0.08,0.15989267747849226
86,93,7,0.07,0.06735807033255696
74,87,13,0.13,0.07255417024716734
70,85,15,0.15,0.1253567061200738
80,90,10,0.1,0.15141069903969764
56,78,22,0.22,0.09120029230602085
72,86,14,0.14,0.0713318183273077
74,87,13,0.13,0.14854372180998326
64,82,18,0.18,0.13192590741440655
74,87,13,0.13,0.2577162312716246
78,89,11,0.11,0.23956549011170863
72,86,14,0.14,0.25286517329514024
68,84,16,0.16,0.25478080853819846
58,79,21,0.21,0.2654441836476326
76,88,12,0.12,0.24330331653356552
76,88,12,0.12,0.24859767988324166
64,82,18,0.18,0.2505349497497082
70,85,15,0.15,0.24419656544923782
56,78,22,0.22,0.2294520453363657
74,87,13,0.13,0.20733290188014508
78,89,11,0.11,0.21436664558947086
74,87,13,0.13,0.19913002852350473
80,90,10,0.1,0.206739705465734
78,89,11,0.11,0.2180381552875042
82,91,9,0.09,0.2230092453956604
72,86,14,0.14,0.22795795992016793
86,93,7,0.07,0.21266376726329328
58,79,21,0.21,0.22950763545930386
68,84,16,0.16,0.22726576641201973
80,90,10,0.1,0.21507246639579536
74,87,13,0.13,0.2210996627807617
66,83,17,0.17,0.22303775854408742
60,80,20,0.2,0.22484039321541785
82,91,9,0.09,0.21993391446769237
48,74,26,0.26,0.23713002197444438
64,82,18,0.18,0.2258131967484951
64,82,18,0.18,0.22300235159695148
90,95,5,0.05,0.2066701489686966
76,88,12,0.12,0.20186958841979505
62,81,19,0.19,0.19928225375711917
64,82,18,0.18,0.19778010558336973
72,86,14,0.14,0.1900166318565607
68,84,16,0.16,0.18882024817168713
80,90,10,0.1,0.19616976492106913
80,90,10,0.1,0.2121268478780985
72,86,14,0.14,0.19955090321600438
68,84,16,0.16,0.20633509039878845
88,94,6,0.06,0.2059027208760381
70,85,15,0.15,0.2108040690422058
66,83,17,0.17,0.22686630107462405
70,85,15,0.15,0.20526776857674123
72,86,14,0.14,0.20360100492835045
72,86,14,0.14,0.20212280832231044
64,82,18,0.18,0.21572796918451786
72,86,14,0.14,0.19182948589324952
58,79,21,0.21,0.19317630477249623
86,93,7,0.07,0.17427632316946984
72,86,14,0.14,0.14521441288292408
78,89,11,0.11,0.12574012618511915
70,85,15,0.15,0.07181420115754009
62,81,19,0.19,0.15726751040667294
74,87,13,0.13,0.14825201120227574
64,82,18,0.18,0.1648829998448491
72,86,14,0.14,0.1729484808072448
82,91,9,0.09,0.16174737192690372
68,84,16,0.16,0.1848031895235181
80,90,10,0.1,0.18004902422428132
78,89,11,0.11,0.19231538459658623
80,90,10,0.1,0.190751790702343
68,84,16,0.16,0.20139866016805172
70,85,15,0.15,0.19296113725751637
70,85,15,0.15,0.19154858842492103
86,93,7,0.07,0.14823190458118915
68,84,16,0.16,0.15256727568805217
54,77,23,0.23,0.15331007223576307
68,84,16,0.16,0.14089486617594957
68,84,16,0.16,0.14355351958423854
78,89,11,0.11,0.1320064814016223
64,82,18,0.18,0.1435497595742345
72,86,14,0.14,0.1371708371117711
74,87,13,0.13,0.0939479800965637
88,94,6,0.06,0.13036852158606052
60,80,20,0.2,0.167152396813035
84,92,8,0.08,0.11864240672439337
76,88,12,0.12,0.15629118774086237
66,83,17,0.17,0.1097970356978476
84,92,8,0.08,0.10087726773694157
78,89,11,0.11,0.18191408861428499
72,86,14,0.14,0.16688574858009816
72,86,14,0.14,0.12024199798703193
70,85,15,0.15,0.16543420549482107
72,86,14,0.14,0.14179906604811549
70,85,15,0.15,0.1757914473861456
62,81,19,0.19,0.17992836616933347
80,90,10,0.1,0.10766731822863221
88,94,6,0.06,0.10649440232664346
76,88,12,0.12,0.16795544490218162
72,86,14,0.14,0.08534231685101985
66,83,17,0.17,0.19616065181791784
72,86,14,0.14,0.2020099451765418
72,86,14,0.14,0.17008934330195188
62,81,19,0.19,0.14294146846979858
62,81,19,0.19,0.09746684885583817
56,78,22,0.22,0.21787632323801517
72,86,14,0.14,0.17093190908432007
64,82,18,0.18,0.1348175536096096
76,88,12,0.12,0.148820776976645
66,83,17,0.17,0.21887113001197578
76,88,12,0.12,0.1301242322474718
52,76,24,0.24,0.09898386817425489
94,97,3,0.03,0.20209687791764736
80,90,10,0.1,0.20808990240097047
66,83,17,0.17,0.20200812712311744
76,88,12,0.12,0.187719668187201
54,77,23,0.23,0.19238024204969406
64,82,18,0.18,0.17738649230450393
88,94,6,0.06,0.143860488794744
74,87,13,0.13,0.16791950639337302
66,83,17,0.17,0.15943300753831863
70,85,15,0.15,0.17097882948815823
46,73,27,0.27,0.20552206091582775
70,85,15,0.15,0.18527497969567774
70,85,15,0.15,0.1932637182623148
86,93,7,0.07,0.1922913756221533
58,79,21,0.21,0.208846637904644
68,84,16,0.16,0.21684988662600518
80,90,10,0.1,0.20411684960126877
88,94,6,0.06,0.20914642855525017
80,90,10,0.1,0.20002249963581561
86,93,7,0.07,0.1866183687746525
56,78,22,0.22,0.18835016377270222
54,77,23,0.23,0.18765744350850583
66,83,17,0.17,0.18112029813230038
74,87,13,0.13,0.1794448947906494
72,86,14,0.14,0.16635254468768834
62,81,19,0.19,0.17911401450634
82,91,9,0.09,0.17237628772854804
90,95,5,0.05,0.16184705980122088
72,86,14,0.14,0.17333898708224296
66,83,17,0.17,0.17842657655477523
88,94,6,0.06,0.16433439783751966
72,86,14,0.14,0.180050613284111
62,81,19,0.19,0.18555453818291426
64,82,18,0.18,0.19654204487800597
80,90,10,0.1,0.12265787387266755
76,88,12,0.12,0.1980175743997097
52,76,24,0.24,0.20313751503825186
76,88,12,0.12,0.20105937026441098
68,84,16,0.16,0.13980517519637942
82,91,9,0.09,0.19500201746821402
68,84,16,0.16,0.19681850008666515
76,88,12,0.12,0.18597051151096822
84,92,8,0.08,0.0912514628842473
88,94,6,0.06,0.07980137372389436
60,80,20,0.2,0.1775171373784542
84,92,8,0.08,0.09758810602128505
60,80,20,0.2,0.1608862639591098
62,81,19,0.19,0.11326564339920879
68,84,16,0.16,0.10982937026768923
70,85,15,0.15,0.15245084632188083
62,81,19,0.19,0.15954354498535395
58,79,21,0.21,0.14655337866395712
70,85,15,0.15,0.15609997257590294
80,90,10,0.1,0.1374383119866252
68,84,16,0.16,0.14309673380106688
66,83,17,0.17,0.16804026506841183
56,78,22,0.22,0.18576315931975843
82,91,9,0.09,0.13575236091390253
88,94,6,0.06,0.1789307413250208
60,80,20,0.2,0.1392430415377021
68,84,16,0.16,0.1960151644796133
74,87,13,0.13,0.12149762602522969
64,82,18,0.18,0.19471114626154304
70,85,15,0.15,0.13771256478503346
76,88,12,0.12,0.18030775263905524
86,93,7,0.07,0.13427183754742145
74,87,13,0.13,0.18483230143785476
74,87,13,0.13,0.13018034998327493
84,92,8,0.08,0.17316527605056764
84,92,8,0.08,0.17805540962144734
78,89,11,0.11,0.1392269717901945
72,86,14,0.14,0.17163640148937703
66,83,17,0.17,0.14647886089980602
80,90,10,0.1,0.15287341307848692
92,96,4,0.04,0.13561272459104656
68,84,16,0.16,0.14720383543521165
68,84,16,0.16,0.1471586973592639
68,84,16,0.16,0.15448331765830517
66,83,17,0.17,0.12848809419199825
64,82,18,0.18,0.17584479361772537
70,85,15,0.15,0.14547272849828005
66,83,17,0.17,0.1653640988469124
60,80,20,0.2,0.1502909043431282
58,79,21,0.21,0.18071450307965278
84,92,8,0.08,0.1453699627891183
78,89,11,0.11,0.15528170462697743
76,88,12,0.12,0.1692579041980207
62,81,19,0.19,0.17349769856780767
74,87,13,0.13,0.16833492197096347
86,93,7,0.07,0.149863207899034
66,83,17,0.17,0.165284246429801
66,83,17,0.17,0.15977606400847436
86,93,7,0.07,0.14608694516122342
80,90,10,0.1,0.16058499190956355
86,93,7,0.07,0.1545945269241929
76,88,12,0.12,0.16062819436192513
84,92,8,0.08,0.14222432844340802
72,86,14,0.14,0.15937416523694992
82,91,9,0.09,0.09234550119377673
66,83,17,0.17,0.10618161439895629
86,93,7,0.07,0.1337661839276552
76,88,12,0.12,0.12009556101635098
76,88,12,0.12,0.13543815836310386
80,90,10,0.1,0.1288243955001235
88,94,6,0.06,0.13475597009062767
86,93,7,0.07,0.14007831774652005
68,84,16,0.16,0.16410077817738056
74,87,13,0.13,0.1598863023519516
62,81,19,0.19,0.18482566807419062
58,79,21,0.21,0.18207521855831146
86,93,7,0.07,0.16789584498852492
62,81,19,0.19,0.1737354827672243
68,84,16,0.16,0.1982896015793085
72,86,14,0.14,0.19276364125311374
52,76,24,0.24,0.20577647332102061
58,79,21,0.21,0.19586390174925328
76,88,12,0.12,0.09630502597428858
90,95,5,0.05,0.17650804445147514
82,91,9,0.09,0.17359020702540875
86,93,7,0.07,0.16894629061222077
64,82,18,0.18,0.159228827804327
74,87,13,0.13,0.14143939830362798
86,93,7,0.07,0.1199935383349657
78,89,11,0.11,0.11904188578948378
88,94,6,0.06,0.12414350744336844
68,84,16,0.16,0.13570272210985423
84,92,8,0.08,0.12985390938818456
64,82,18,0.18,0.13101840864866973
68,84,16,0.16,0.13868736486881972
86,93,7,0.07,0.13986717008054256
74,87,13,0.13,0.14342840541154145
60,80,20,0.2,0.16844954825937747
82,91,9,0.09,0.15168460458517075
70,85,15,0.15,0.17046616867184639
86,93,7,0.07,0.16254637207835912
76,88,12,0.12,0.16764934308826923
76,88,12,0.12,0.1704671286791563
66,83,17,0.17,0.17803661443293095
70,85,15,0.15,0.1670391645655036
76,88,12,0.12,0.15348407361656427
84,92,8,0.08,0.14148645162582396
76,88,12,0.12,0.13416578682139516
66,83,17,0.17,0.1388039593398571
64,82,18,0.18,0.14685689263045787
74,87,13,0.13,0.150692668966949
70,85,15,0.15,0.15051441594958306
76,88,12,0.12,0.15033767629414796
64,82,18,0.18,0.10163769396953284
70,85,15,0.15,0.16145253613591193
72,86,14,0.14,0.10896759987808764
76,88,12,0.12,0.15314866382628678
70,85,15,0.15,0.15904206357896328
64,82,18,0.18,0.15742299068719148
78,89,11,0.11,0.14847163576632738
66,83,17,0.17,0.12122032819315791
76,88,12,0.12,0.14393171781674027
72,86,14,0.14,0.11159006232395768
86,93,7,0.07,0.14432741440832614
76,88,12,0.12,0.12096198860555887
78,89,11,0.11,0.1627581787854433
74,87,13,0.13,0.11750704081729055
82,91,9,0.09,0.15146948350593448
74,87,13,0.13,0.11061116026714445
60,80,20,0.2,0.18686138458549975
66,83,17,0.17,0.13472021594643593
80,90,10,0.1,0.1604056366533041
82,91,9,0.09,0.1153101053647697
76,88,12,0.12,0.1707149986922741
70,85,15,0.15,0.10961865808814764
84,92,8,0.08,0.15844741005450488
60,80,20,0.2,0.12849994245916604
68,84,16,0.16,0.17551684699952602
72,86,14,0.14,0.14519395262002946
82,91,9,0.09,0.12678857969120144
66,83,17,0.17,0.17170546483248472
70,85,15,0.15,0.138111545778811
86,93,7,0.07,0.1603862950950861
94,97,3,0.03,0.112403333671391
74,87,13,0.13,0.1630855093151331
86,93,7,0.07,0.09816853101714514
78,89,11,0.11,0.16023471001535655
64,82,18,0.18,0.11950467180460692
78,89,11,0.11,0.09475912256166338
76,88,12,0.12,0.15359727397561074
70,85,15,0.15,0.15911746166646482
76,88,12,0.12,0.13367383908480407
78,89,11,0.11,0.09135982787236571
76,88,12,0.12,0.1642785439454019
84,92,8,0.08,0.160405138656497
76,88,12,0.12,0.12543479857966303
80,90,10,0.1,0.06784735608845949
98,99,1,0.01,0.14102272791787981
64,82,18,0.18,0.1734949164837599
78,89,11,0.11,0.12614118384197354
84,92,8,0.08,0.07824412264395506
54,77,23,0.23,0.20536683455109597
80,90,10,0.1,0.12791329454630612
90,95,5,0.05,0.07211929857730866
80,90,10,0.1,0.10388054756447673
70,85,15,0.15,0.1813638898730278
76,88,12,0.12,0.07126792647875846
84,92,8,0.08,0.08561756340321153
80,90,10,0.1,0.09779185879509895
86,93,7,0.07,0.09270233975723385
66,83,17,0.17,0.1077513687312603
78,89,11,0.11,0.12310986515134573
68,84,16,0.16,0.13162975754588843
74,87,13,0.13,0.11924975626170635
58,79,21,0.21,0.1250259207561612
64,82,18,0.18,0.14403329290449618
54,77,23,0.23,0.14933304831385613
58,79,21,0.21,0.1344092720001936
72,86,14,0.14,0.12905384400859476
70,85,15,0.15,0.1438989894092083
74,87,13,0.13,0.12532533299177884
78,89,11,0.11,0.11919062122702599
74,87,13,0.13,0.13252429716289044
70,85,15,0.15,0.13297752993181347
72,86,14,0.14,0.10327696105465294
76,88,12,0.12,0.11614325211383403
70,85,15,0.15,0.09870563630014657
66,83,17,0.17,0.09174146224744618
54,77,23,0.23,0.09103118269704283
66,83,17,0.17,0.184208789691329
82,91,9,0.09,0.09409000858664512
76,88,12,0.12,0.09553308067843318
64,82,18,0.18,0.19954976104199887
78,89,11,0.11,0.1059036622941494
82,91,9,0.09,0.10022022042423487
72,86,14,0.14,0.19142775300890208
66,83,17,0.17,0.1292033076658845
66,83,17,0.17,0.19826981127262117
78,89,11,0.11,0.18490746788680554
68,84,16,0.16,0.1881239442527294
72,86,14,0.14,0.178780134357512
66,83,17,0.17,0.17560408487915993
86,93,7,0.07,0.145154081620276
86,93,7,0.07,0.10975961798802018
86,93,7,0.07,0.1464527863636613
76,88,12,0.12,0.14071818135678768
80,90,10,0.1,0.09421932745724916
70,85,15,0.15,0.13680453591048716
92,96,4,0.04,0.07557106366381049
72,86,14,0.14,0.15646901823580264
70,85,15,0.15,0.16190712176263333
62,81,19,0.19,0.09681720989756286
66,83,17,0.17,0.17092026349157094
82,91,9,0.09,0.0999657103791833
68,84,16,0.16,0.11867111656814813
88,94,6,0.06,0.12117952980101108
72,86,14,0.14,0.12365493185818195
60,80,20,0.2,0.10148790061473846
78,89,11,0.11,0.11961502216756344
72,86,14,0.14,0.11693304918706417
70,85,15,0.15,0.09741824375465512
62,81,19,0.19,0.09706270713359118
74,87,13,0.13,0.09561070097144693
82,91,9,0.09,0.0778226490272209
72,86,14,0.14,0.09235398927237838
66,83,17,0.17,0.10188119852915406
74,87,13,0.13,0.09628782829269766
70,85,15,0.15,0.11508432425558567
52,76,24,0.24,0.11259082909673453
78,89,11,0.11,0.13580161977559327
60,80,20,0.2,0.1054437161795795
86,93,7,0.07,0.13656130246818066
68,84,16,0.16,0.11956847937777638
56,78,22,0.22,0.1581272368505597
80,90,10,0.1,0.17303350448608398
64,82,18,0.18,0.11592377073131502
76,88,12,0.12,0.12068709675222636
78,89,11,0.11,0.173725090585649
64,82,18,0.18,0.17280815105885267
82,91,9,0.09,0.12767904290929435
78,89,11,0.11,0.17432969998568296
84,92,8,0.08,0.1657396162301302
60,80,20,0.2,0.18512229301035404
72,86,14,0.14,0.13331808399409056
60,80,20,0.2,0.20832235634326934
66,83,17,0.17,0.16450554341077805
58,79,21,0.21,0.14106161821633578
60,80,20,0.2,0.18099265459924938
84,92,8,0.08,0.19403063956648112
68,84,16,0.16,0.17002523742616177
84,92,8,0.08,0.1251682195439935
54,77,23,0.23,0.21216024622321128
76,88,12,0.12,0.12247963577508926
84,92,8,0.08,0.18935086604207754
76,88,12,0.12,0.16498779468238353
78,89,11,0.11,0.19702331520617009
88,94,6,0.06,0.10806803125888109
72,86,14,0.14,0.1660864372178912
68,84,16,0.16,0.19118996314704417
66,83,17,0.17,0.16972067853435874
78,89,11,0.11,0.0990472617931664
78,89,11,0.11,0.1634295517578721
60,80,20,0.2,0.18940205238759517
72,86,14,0.14,0.10220848293974996
92,96,4,0.04,0.15933574002236128
86,93,7,0.07,0.12835536934435368
60,80,20,0.2,0.1859753003716469
80,90,10,0.1,0.16753575295209885
80,90,10,0.1,0.1572170646674931
62,81,19,0.19,0.17789495788514614
72,86,14,0.14,0.15350790720432997
70,85,15,0.15,0.15730028819292785
80,90,10,0.1,0.15236404500901699
92,96,4,0.04,0.14668294366449117
58,79,21,0.21,0.16362168796360493
70,85,15,0.15,0.1571121358498931
80,90,10,0.1,0.14281594224274158
74,87,13,0.13,0.16527876261621713
82,91,9,0.09,0.15378861531615257
48,74,26,0.26,0.15988342996686697
84,92,8,0.08,0.1605849565565586
78,89,11,0.11,0.181350302323699
66,83,17,0.17,0.13837819062173368
90,95,5,0.05,0.17104191720485687
74,87,13,0.13,0.13317481033504008
84,92,8,0.08,0.1990917243808508
74,87,13,0.13,0.14848073855042457
74,87,13,0.13,0.19949730850756167
68,84,16,0.16,0.1551417088881135
88,94,6,0.06,0.19028941299766303
58,79,21,0.21,0.1912597881257534
86,93,7,0.07,0.15049655437469484
86,93,7,0.07,0.14535482838749886
88,94,6,0.06,0.13310103807598353
76,88,12,0.12,0.12666915534064174
70,85,15,0.15,0.13497947946190833
78,89,11,0.11,0.13340780194848775
82,91,9,0.09,0.1354088023863733
76,88,12,0.12,0.1457879589498043
64,82,18,0.18,0.16764078222215176
52,76,24,0.24,0.17663085512816906
74,87,13,0.13,0.17944898679852486
82,91,9,0.09,0.17280411280691624
78,89,11,0.11,0.1662945993617177
80,90,10,0.1,0.18264285769313574
92,96,4,0.04,0.1802637480571866
54,77,23,0.23,0.20003733955323696
76,88,12,0.12,0.17710189267992973
68,84,16,0.16,0.18467960745096207
70,85,15,0.15,0.18636967226862908
74,87,13,0.13,0.16666758313775062
58,79,21,0.21,0.1705537125840783
68,84,16,0.16,0.16775738321244715
84,92,8,0.08,0.1253211740963161
70,85,15,0.15,0.16997392706573008
68,84,16,0.16,0.09651774383150041
76,88,12,0.12,0.17454805713146926
66,83,17,0.17,0.14133114220574497
74,87,13,0.13,0.14889671377837657
70,85,15,0.15,0.1338378412462771
72,86,14,0.14,0.13494692444801332
74,87,13,0.13,0.11483888791874051
72,86,14,0.14,0.11749542376026512
66,83,17,0.17,0.11718898568302392
82,91,9,0.09,0.09155374377034604
74,87,13,0.13,0.08373386494815349
90,95,5,0.05,0.07704015160910785
78,89,11,0.11,0.08667805332690477
84,92,8,0.08,0.08142792718484998
86,93,7,0.07,0.07591690838336945
86,93,7,0.07,0.08162494603544473
84,92,8,0.08,0.0753523375466466
84,92,8,0.08,0.07843298290856182
70,85,15,0.15,0.19682480324059726
80,90,10,0.1,0.08001411750912667
76,88,12,0.12,0.0809509211871773
66,83,17,0.17,0.10298836454749108
82,91,9,0.09,0.20157508321106435
76,88,12,0.12,0.09508146757259965
70,85,15,0.15,0.2090353261679411
72,86,14,0.14,0.20791389741003513
68,84,16,0.16,0.11506048292852938
88,94,6,0.06,0.18365263007581234
68,84,16,0.16,0.11240852251648903
64,82,18,0.18,0.11656281748786569
84,92,8,0.08,0.18742166120558978
76,88,12,0.12,0.11159280234016478
88,94,6,0.06,0.09383373513817787
72,86,14,0.14,0.18849020227789878
82,91,9,0.09,0.16996720507740976
78,89,11,0.11,0.09800922762602568
72,86,14,0.14,0.1580599367618561
72,86,14,0.14,0.10897671295329929
82,91,9,0.09,0.15025558516383172
78,89,11,0.11,0.10667415400035679
86,93,7,0.07,0.14654472663998605
78,89,11,0.11,0.14171593826264142
78,89,11,0.11,0.09126539798453451
72,86,14,0.14,0.10235989497974515
80,90,10,0.1,0.15203618992120027
54,77,23,0.23,0.10318038662895561
78,89,11,0.11,0.15087078083306552
62,81,19,0.19,0.10367452304810286
74,87,13,0.13,0.16046973824501037
72,86,14,0.14,0.0845568267069757
76,88,12,0.12,0.16700225025415422
60,80,20,0.2,0.18387918312102555
66,83,17,0.17,0.17078058689832687
66,83,17,0.17,0.17397788755595683
78,89,11,0.11,0.17270534582436084
68,84,16,0.16,0.18416056886315346
68,84,16,0.16,0.20726429041475058
68,84,16,0.16,0.20275950409471988
76,88,12,0.12,0.07984571928158403
80,90,10,0.1,0.1811237272620201
80,90,10,0.1,0.1660086551308632
88,94,6,0.06,0.14835210658609868
70,85,15,0.15,0.08383820068091154
82,91,9,0.09,0.13199495885521173
92,96,4,0.04,0.12046883452683688
76,88,12,0.12,0.07850750426296145
78,89,11,0.11,0.126622108053416
70,85,15,0.15,0.08741640616208315
68,84,16,0.16,0.14316527262330056
82,91,9,0.09,0.09804230077192187
78,89,11,0.11,0.08958754633553326
58,79,21,0.21,0.13974939817562698
76,88,12,0.12,0.0875941839069128
68,84,16,0.16,0.15192813700065017
70,85,15,0.15,0.15376073807477952
72,86,14,0.14,0.10115349844098091
72,86,14,0.14,0.09206873256713152
82,91,9,0.09,0.15337600633502008
66,83,17,0.17,0.16457903139293195
62,81,19,0.19,0.12478005005046726
74,87,13,0.13,0.16809435211122037
84,92,8,0.08,0.08121804325841367
72,86,14,0.14,0.11385084616020322
88,94,6,0.06,0.10784853138029575
78,89,11,0.11,0.1763316911831498
62,81,19,0.19,0.10777330417186022
70,85,15,0.15,0.09745213367044926
74,87,13,0.13,0.17947995666414499
70,85,15,0.15,0.17097823023796083
86,93,7,0.07,0.16790651325136424
66,83,17,0.17,0.0970928775705397
88,94,6,0.06,0.07640617473050952
60,80,20,0.2,0.20274933181703092
76,88,12,0.12,0.18130823075771332
72,86,14,0.14,0.09092699529603124
78,89,11,0.11,0.18805911436676978
78,89,11,0.11,0.09516851423308254
78,89,11,0.11,0.10217740265652538
70,85,15,0.15,0.17588348172605037
82,91,9,0.09,0.07573335577733814
64,82,18,0.18,0.1854053208976984
60,80,20,0.2,0.18757416643202304
68,84,16,0.16,0.18880507230758667
76,88,12,0.12,0.1818105184286833
76,88,12,0.12,0.11081199491396547
82,91,9,0.09,0.18584749214351176
80,90,10,0.1,0.17898202545940875
80,90,10,0.1,0.1519692138209939
70,85,15,0.15,0.17968251552432776
68,84,16,0.16,0.16964205019176007
74,87,13,0.13,0.16146443070843816
86,93,7,0.07,0.1512948940321803
76,88,12,0.12,0.16676336206495762
66,83,17,0.17,0.17367132261395454
82,91,9,0.09,0.16634126126766205
66,83,17,0.17,0.1686582313850522
76,88,12,0.12,0.16888577327132226
78,89,11,0.11,0.17962338030338287
80,90,10,0.1,0.1704779516160488
68,84,16,0.16,0.187033127322793
64,82,18,0.18,0.1944361199438572
76,88,12,0.12,0.1845856625959277
72,86,14,0.14,0.17916561190038918
76,88,12,0.12,0.1894344265013933
84,92,8,0.08,0.17663732677698135
74,87,13,0.13,0.18965991623699666
70,85,15,0.15,0.17846084222197534
72,86,14,0.14,0.18059694714844227
80,90,10,0.1,0.19178741611540318
70,85,15,0.15,0.17646629989147186
80,90,10,0.1,0.16390297755599023
56,78,22,0.22,0.19111736357212067
84,92,8,0.08,0.17464780274778605
80,90,10,0.1,0.15973067179322242
66,83,17,0.17,0.178069566488266
58,79,21,0.21,0.18523236595094203
84,92,8,0.08,0.1391476095840335
66,83,17,0.17,0.17512016411870718
70,85,15,0.15,0.16409890811890362
78,89,11,0.11,0.16040759656578302
88,94,6,0.06,0.1480967990309
82,91,9,0.09,0.1502555041015148
76,88,12,0.12,0.13576790247112513
68,84,16,0.16,0.1642108352854848
72,86,14,0.14,0.1381850618124008
70,85,15,0.15,0.1503162470459938
84,92,8,0.08,0.14230063203722237
62,81,19,0.19,0.15700085606426
72,86,14,0.14,0.15312949549406768
80,90,10,0.1,0.07524360386654734
86,93,7,0.07,0.09842972667887807
86,93,7,0.07,0.13914784034714103
70,85,15,0.15,0.16561596669256687
82,91,9,0.09,0.14833056412637233
72,86,14,0.14,0.1597110866010189
52,76,24,0.24,0.1767422865331173
74,87,13,0.13,0.15428332686424256
62,81,19,0.19,0.1645561720430851
64,82,18,0.18,0.1666118150576949
78,89,11,0.11,0.15346977084875107
70,85,15,0.15,0.16219907317310572
64,82,18,0.18,0.1692292105779052
68,84,16,0.16,0.16415940396487713
78,89,11,0.11,0.1592346466705203
44,72,28,0.28,0.1818553089350462
78,89,11,0.11,0.1418660821020603
76,88,12,0.12,0.16660019867122172
90,95,5,0.05,0.1522032907605171
62,81,19,0.19,0.18397192291915418
72,86,14,0.14,0.16471730753779412
64,82,18,0.18,0.177591098472476
74,87,13,0.13,0.15886357229202985
88,94,6,0.06,0.1405078500509262
72,86,14,0.14,0.13532111279666423
64,82,18,0.18,0.1401107932254672
60,80,20,0.2,0.14901815012097358
70,85,15,0.15,0.15511258475482465
62,81,19,0.19,0.15345338638871908
74,87,13,0.13,0.1586961317434907
80,90,10,0.1,0.1620947900414467
70,85,15,0.15,0.1594037763029337
68,84,16,0.16,0.1710345770791173
64,82,18,0.18,0.18076022647321224
78,89,11,0.11,0.17511945359408856
64,82,18,0.18,0.1974286173284054
80,90,10,0.1,0.1698426330834627
72,86,14,0.14,0.17742908701300622
78,89,11,0.11,0.16753119822591545
72,86,14,0.14,0.1686339808255434
72,86,14,0.14,0.15843485735356808
60,80,20,0.2,0.16166473627090455
88,94,6,0.06,0.14726811997592448
68,84,16,0.16,0.1704869272187352
70,85,15,0.15,0.18429711684584618
80,90,10,0.1,0.14205594271421432
74,87,13,0.13,0.19720575015991926
60,80,20,0.2,0.1498960753902793
80,90,10,0.1,0.09312271563336254
72,86,14,0.14,0.19880941100418567
80,90,10,0.1,0.13612229231745004
88,94,6,0.06,0.08145637664943933
70,85,15,0.15,0.11516876064240933
68,84,16,0.16,0.15555680565536023
68,84,16,0.16,0.11144081795588136
64,82,18,0.18,0.08702815311029553
92,96,4,0.04,0.09284648437052966
88,94,6,0.06,0.08394847826100886
88,94,6,0.06,0.0885814962722361
76,88,12,0.12,0.09895979946479201
74,87,13,0.13,0.0990072673652321
78,89,11,0.11,0.09665884787216783
68,84,16,0.16,0.0925156901217997
74,87,13,0.13,0.0955852035433054
68,84,16,0.16,0.10403508968651294
60,80,20,0.2,0.11284780001267791
82,91,9,0.09,0.09336585130542517
72,86,14,0.14,0.1015147097222507
84,92,8,0.08,0.0960719002597034
74,87,13,0.13,0.11015211082994938
66,83,17,0.17,0.10630040857940912
76,88,12,0.12,0.09986803146079183
74,87,13,0.13,0.10686496095731854
66,83,17,0.17,0.15436629120260478
84,92,8,0.08,0.09182729536667467
62,81,19,0.19,0.10672074316069484
86,93,7,0.07,0.09861898221075535
78,89,11,0.11,0.10073841504752636
78,89,11,0.11,0.08962530685588717
80,90,10,0.1,0.11365336995571852
70,85,15,0.15,0.10379580218344926
74,87,13,0.13,0.10708709053695202
84,92,8,0.08,0.10397795803844928
74,87,13,0.13,0.10978560119867325
68,84,16,0.16,0.10452587209641934
70,85,15,0.15,0.10232836557552219
60,80,20,0.2,0.0945333301089704
72,86,14,0.14,0.09184297440573573
62,81,19,0.19,0.09741597186774015
76,88,12,0.12,0.09280125701799989
60,80,20,0.2,0.0938119731284678
76,88,12,0.12,0.08894512515515089
88,94,6,0.06,0.09511002589017153
72,86,14,0.14,0.0883209237921983
78,89,11,0.11,0.09810998681932688
66,83,17,0.17,0.1020014032535255
62,81,19,0.19,0.10386288939975202
74,87,13,0.13,0.09742258854210377
76,88,12,0.12,0.15563629921525718
72,86,14,0.14,0.09893898287788033
68,84,16,0.16,0.10986575406044721
74,87,13,0.13,0.19298858679831027
72,86,14,0.14,0.17775126103311778
76,88,12,0.12,0.18234992496669292
58,79,21,0.21,0.1876733772456646
82,91,9,0.09,0.16180294439196585
80,90,10,0.1,0.1569043595343828
78,89,11,0.11,0.1474720673635602
70,85,15,0.15,0.15247375313192607
74,87,13,0.13,0.1420471065118909
74,87,13,0.13,0.1437093821167946
68,84,16,0.16,0.15128997445106507
68,84,16,0.16,0.1486395313963294
66,83,17,0.17,0.15845208659768104
80,90,10,0.1,0.1568452649563551
82,91,9,0.09,0.15305274456739426
64,82,18,0.18,0.18370956003665925
68,84,16,0.16,0.16705057285726072
68,84,16,0.16,0.15975069176405668
74,87,13,0.13,0.1830150717496872
70,85,15,0.15,0.17858142144978045
74,87,13,0.13,0.09980665659531951
64,82,18,0.18,0.16082899246364832
84,92,8,0.08,0.1619080363586545
72,86,14,0.14,0.1961610131710768
70,85,15,0.15,0.10500000595115125
56,78,22,0.22,0.1836467971280217
60,80,20,0.2,0.1956485344097018
82,91,9,0.09,0.19469368528574704
72,86,14,0.14,0.17759641721844674
62,81,19,0.19,0.22217320650815964
80,90,10,0.1,0.10839981893077492
52,76,24,0.24,0.1807201499864459
66,83,17,0.17,0.2199095419794321
78,89,11,0.11,0.1624258067831397
70,85,15,0.15,0.10895604277029633
68,84,16,0.16,0.21383452095091343
68,84,16,0.16,0.17462138924747705
58,79,21,0.21,0.119333401825279
74,87,13,0.13,0.17197864092886447
68,84,16,0.16,0.1175246502738446
64,82,18,0.18,0.20019410632550716
64,82,18,0.18,0.1847921632230282
82,91,9,0.09,0.1576020712777972
70,85,15,0.15,0.18516864940524103
80,90,10,0.1,0.14950974129140376
74,87,13,0.13,0.10240569341927767
80,90,10,0.1,0.15206642843782903
78,89,11,0.11,0.17046339381486178
78,89,11,0.11,0.1482546740397811
60,80,20,0.2,0.12017132313922048
70,85,15,0.15,0.11229086954146623
68,84,16,0.16,0.1725499540567398
70,85,15,0.15,0.18183037608861924
66,83,17,0.17,0.185773230753839
72,86,14,0.14,0.18547348231077193
76,88,12,0.12,0.17705145366489888
56,78,22,0.22,0.18474004235118627
76,88,12,0.12,0.1670362112298608
64,82,18,0.18,0.17365057963877917
70,85,15,0.15,0.1678660612180829
74,87,13,0.13,0.16771457470953466
74,87,13,0.13,0.1587166529521346
78,89,11,0.11,0.15803212136030198
72,86,14,0.14,0.16407544292509557
50,75,25,0.25,0.11729665661230683
70,85,15,0.15,0.17550824247300625
76,88,12,0.12,0.17805550925433636
82,91,9,0.09,0.18050569668412209
86,93,7,0.07,0.1645170338638127
68,84,16,0.16,0.11616174396127463
64,82,18,0.18,0.19597455136477948
76,88,12,0.12,0.1800476588308811
74,87,13,0.13,0.10600026547908784
68,84,16,0.16,0.18045740969479085
80,90,10,0.1,0.10369970712810755
70,85,15,0.15,0.18743024684488774
70,85,15,0.15,0.0940092848893255
76,88,12,0.12,0.191851090118289
78,89,11,0.11,0.19734213642776013
70,85,15,0.15,0.19947661601006986
80,90,10,0.1,0.09324881684966385
88,94,6,0.06,0.18298797287046908
78,89,11,0.11,0.09550213517621159
94,97,3,0.03,0.19335106395184995
74,87,13,0.13,0.09442139592021703
66,83,17,0.17,0.2010158345848322
68,84,16,0.16,0.09479980738833546
54,77,23,0.23,0.19711603801697491
76,88,12,0.12,0.19498520873486996
70,85,15,0.15,0.177166753038764
82,91,9,0.09,0.08902786565944552
72,86,14,0.14,0.08557967379689217
66,83,17,0.17,0.18189248822629453
88,94,6,0.06,0.08087922228500247
72,86,14,0.14,0.18777763918042184
84,92,8,0.08,0.18173067472875118
72,86,14,0.14,0.09477096553891898
64,82,18,0.18,0.18304900918155909
76,88,12,0.12,0.10972928822040558
56,78,22,0.22,0.1526776160299778
80,90,10,0.1,0.10418322075158358
72,86,14,0.14,0.1443454799056053
74,87,13,0.13,0.1439461426064372
76,88,12,0.12,0.14151646669954063
82,91,9,0.09,0.1426103462278843
64,82,18,0.18,0.14951773930341006
76,88,12,0.12,0.15497142381966114
82,91,9,0.09,0.14580755354836583
80,90,10,0.1,0.15499403301626444
74,87,13,0.13,0.1855916102230549
84,92,8,0.08,0.14047474237158894
76,88,12,0.12,0.17649255238473416
78,89,11,0.11,0.17808046050369739
72,86,14,0.14,0.18442699499428272
72,86,14,0.14,0.18182956010103227
64,82,18,0.18,0.18113495089113713
74,87,13,0.13,0.17284311592578888
56,78,22,0.22,0.17171756520867348
76,88,12,0.12,0.14990060906857253
58,79,21,0.21,0.16486094180494548
76,88,12,0.12,0.14987521342933177
70,85,15,0.15,0.1581811498850584
58,79,21,0.21,0.18954784505069255
70,85,15,0.15,0.2024068394303322
88,94,6,0.06,0.20051952823996544
84,92,8,0.08,0.1859332549571991
60,80,20,0.2,0.19617994874715805
80,90,10,0.1,0.16252575501799582
80,90,10,0.1,0.17362789891660213
72,86,14,0.14,0.16760788526386022
88,94,6,0.06,0.1553096228465438
84,92,8,0.08,0.13984855614602565
72,86,14,0.14,0.15047049306333066
82,91,9,0.09,0.14335436843335628
72,86,14,0.14,0.13706118762493133
60,80,20,0.2,0.1586415296792984
66,83,17,0.17,0.15856385380029678
80,90,10,0.1,0.1690827200561762
78,89,11,0.11,0.16877345338463784
78,89,11,0.11,0.1721362841874361
60,80,20,0.2,0.2009579635038972
80,90,10,0.1,0.19261871188879012
64,82,18,0.18,0.21258398987352847
78,89,11,0.11,0.21292132556438445
72,86,14,0.14,0.20036709524691104
90,95,5,0.05,0.19084837697446347
84,92,8,0.08,0.18477829203009605
84,92,8,0.08,0.17570791561156512
72,86,14,0.14,0.11276520289480686
74,87,13,0.13,0.10652282830327749
76,88,12,0.12,0.16681833259761333
78,89,11,0.11,0.1661884146556258
66,83,17,0.17,0.1717237077653408
80,90,10,0.1,0.1633737900108099
80,90,10,0.1,0.17179675944149495
72,86,14,0.14,0.17854443319141866
88,94,6,0.06,0.1632687670364976
72,86,14,0.14,0.17421176679432393
70,85,15,0.15,0.17531459048390388
72,86,14,0.14,0.16821213245391844
86,93,7,0.07,0.16342667773365974
70,85,15,0.15,0.16893063828349114
78,89,11,0.11,0.1659726568311453
68,84,16,0.16,0.16787226431071758
76,88,12,0.12,0.1634701220691204
70,85,15,0.15,0.17698770016431808
78,89,11,0.11,0.16545386776328086
64,82,18,0.18,0.18307763822376727
56,78,22,0.22,0.18983236260712147
72,86,14,0.14,0.1839365941658616
54,77,23,0.23,0.1821781488507986
84,92,8,0.08,0.1686664240807295
72,86,14,0.14,0.16896267760545014
72,86,14,0.14,0.18321579720824957
68,84,16,0.16,0.18101612854748964
78,89,11,0.11,0.19200171977281572
80,90,10,0.1,0.17751774773001672
66,83,17,0.17,0.20390567392110825
76,88,12,0.12,0.19733458410948515
74,87,13,0.13,0.1997254976257682
72,86,14,0.14,0.20094674434512855
70,85,15,0.15,0.1969720059633255
60,80,20,0.2,0.1964054599031806
76,88,12,0.12,0.18344555750489236
82,91,9,0.09,0.17609099570661782
88,94,6,0.06,0.16545300163328647
90,95,5,0.05,0.1661476083099842
70,85,15,0.15,0.17616712052375078
84,92,8,0.08,0.16811291672289372
64,82,18,0.18,0.17741461474448442
76,88,12,0.12,0.1683107466995716
66,83,17,0.17,0.17935866206884385
76,88,12,0.12,0.17947771284729241
72,86,14,0.14,0.18843058474361896
64,82,18,0.18,0.20148368529975413
82,91,9,0.09,0.18532604351639748
70,85,15,0.15,0.1891731009632349
76,88,12,0.12,0.1954323536157608
72,86,14,0.14,0.17591425113379955
82,91,9,0.09,0.12403801688924432
68,84,16,0.16,0.1279881639033556
76,88,12,0.12,0.20036221034824847
78,89,11,0.11,0.12406957618892193
70,85,15,0.15,0.12615547206252814
62,81,19,0.19,0.12843262162059546
76,88,12,0.12,0.11288501378148794
78,89,11,0.11,0.11152840919792652
68,84,16,0.16,0.1112970126606524
60,80,20,0.2,0.10678111970424652
68,84,16,0.16,0.10056313270702959
72,86,14,0.14,0.11071051614359022
64,82,18,0.18,0.12852461238391696
78,89,11,0.11,0.1464903011545539
82,91,9,0.09,0.13656415704637767
78,89,11,0.11,0.13750090327113867
68,84,16,0.16,0.13900353852659464
70,85,15,0.15,0.13457533609122038
60,80,20,0.2,0.13256974518299103
68,84,16,0.16,0.12298006970435381
74,87,13,0.13,0.10832740056328476
72,86,14,0.14,0.10141689674928785
84,92,8,0.08,0.08880685358308256
76,88,12,0.12,0.08095516903325915
78,89,11,0.11,0.08914292272180319
94,97,3,0.03,0.18318654861301184
74,87,13,0.13,0.07506827084813267
88,94,6,0.06,0.1832870902866125
66,83,17,0.17,0.09469991834834218
84,92,8,0.08,0.10550072111189365
64,82,18,0.18,0.12768104140646755
82,91,9,0.09,0.12377324771136046
78,89,11,0.11,0.12051049061119556
78,89,11,0.11,0.14319612689316272
82,91,9,0.09,0.14739287298172712
84,92,8,0.08,0.14282986491918565
74,87,13,0.13,0.1366694581694901
64,82,18,0.18,0.13366603545844555
72,86,14,0.14,0.12390134358778596
68,84,16,0.16,0.1188303615897894
82,91,9,0.09,0.1848788195848465
72,86,14,0.14,0.11093057165853679
76,88,12,0.12,0.18592009473592042
66,83,17,0.17,0.10338121138513089
66,83,17,0.17,0.18964972615242004
60,80,20,0.2,0.2014250395447016
80,90,10,0.1,0.09967866651713848
82,91,9,0.09,0.18982619483023883
82,91,9,0.09,0.08604228752665222
72,86,14,0.14,0.19627523310482503
82,91,9,0.09,0.1142453292850405
68,84,16,0.16,0.19625733144581317
74,87,13,0.13,0.21438063956797124
86,93,7,0.07,0.20436993874609471
78,89,11,0.11,0.11645818445831538
82,91,9,0.09,0.11316395154222846
88,94,6,0.06,0.12229479484260082
76,88,12,0.12,0.12098084561526776
84,92,8,0.08,0.0988396806269884
72,86,14,0.14,0.11022096244618297
76,88,12,0.12,0.1069528092071414
64,82,18,0.18,0.11521972950547933
66,83,17,0.17,0.11236642619594932
64,82,18,0.18,0.11853479595854878
76,88,12,0.12,0.18521553255617618
70,85,15,0.15,0.12364796474575997
70,85,15,0.15,0.191372864022851
60,80,20,0.2,0.1413122596219182
70,85,15,0.15,0.20007057711482049
84,92,8,0.08,0.1307978430762887
88,94,6,0.06,0.1289450466632843
64,82,18,0.18,0.21365799009799957
70,85,15,0.15,0.11782495051622391
84,92,8,0.08,0.18975985780358315
74,87,13,0.13,0.21216907300055027
80,90,10,0.1,0.10538833398371934
72,86,14,0.14,0.21032850071787834
78,89,11,0.11,0.11710274936631322
56,78,22,0.22,0.2111862048506737
74,87,13,0.13,0.20886428616940975
70,85,15,0.15,0.20262530833482742
64,82,18,0.18,0.11289785398170352
84,92,8,0.08,0.19222826071083546
66,83,17,0.17,0.10668545689433813
74,87,13,0.13,0.10316509449854493
76,88,12,0.12,0.2071721190959215
38,69,31,0.31,0.22451566897332667
70,85,15,0.15,0.22203165523707866
84,92,8,0.08,0.09101673264056444
56,78,22,0.22,0.2341061206161976
72,86,14,0.14,0.08319478686898947
82,91,9,0.09,0.07817152422852815
58,79,21,0.21,0.25385548882186415
72,86,14,0.14,0.24808847397565842
72,86,14,0.14,0.08636444708332419
70,85,15,0.15,0.25964130833745
58,79,21,0.21,0.10418053517118096
62,81,19,0.19,0.2664438311755657
70,85,15,0.15,0.11079571139067411
72,86,14,0.14,0.24981172926723957
64,82,18,0.18,0.19244860274717213
68,84,16,0.16,0.10443940659984946
64,82,18,0.18,0.10388470354489981
66,83,17,0.17,0.2424964325875044
80,90,10,0.1,0.19789817489683628
58,79,21,0.21,0.1292666618525982
56,78,22,0.22,0.2552562740445137
78,89,11,0.11,0.24427249655127525
76,88,12,0.12,0.1266990433447063
76,88,12,0.12,0.25722250059247015
74,87,13,0.13,0.20706403464078904
76,88,12,0.12,0.11193704506382346
88,94,6,0.06,0.19865703884512187
62,81,19,0.19,0.24692991837859155
64,82,18,0.18,0.12604785095900298
86,93,7,0.07,0.2038059086352587
56,78,22,0.22,0.2680761748552322
70,85,15,0.15,0.1310764388553798
72,86,14,0.14,0.20273156598210335
70,85,15,0.15,0.2496791137754917
66,83,17,0.17,0.2145788200199604
76,88,12,0.12,0.15113550841808318
82,91,9,0.09,0.23811054974794388
66,83,17,0.17,0.21169467188417912
76,88,12,0.12,0.14171732131391765
60,80,20,0.2,0.23719168245792388
68,84,16,0.16,0.19952989540994168
78,89,11,0.11,0.23841280691325664
74,87,13,0.13,0.12449994623661041
70,85,15,0.15,0.22662963062524796
74,87,13,0.13,0.11872704278677702
80,90,10,0.1,0.2152689393609762
66,83,17,0.17,0.12578244581818582
64,82,18,0.18,0.23308176219463347
76,88,12,0.12,0.22781706094741822
68,84,16,0.16,0.12303662428632378
70,85,15,0.15,0.21271245375275613
80,90,10,0.1,0.09746692385524511
80,90,10,0.1,0.2034818694740534
64,82,18,0.18,0.20455547370016575
60,80,20,0.2,0.12079117545858026
70,85,15,0.15,0.1944623029604554
82,91,9,0.09,0.10874732637777924
74,87,13,0.13,0.20348288856446742
78,89,11,0.11,0.10520993141457438
64,82,18,0.18,0.21649020366370678
88,94,6,0.06,0.2026350963115692
80,90,10,0.1,0.2033737937361002
68,84,16,0.16,0.10335421461611986
62,81,19,0.19,0.22311569802463055
78,89,11,0.11,0.2100542576611042
82,91,9,0.09,0.0905502026155591
66,83,17,0.17,0.10078291757032275
78,89,11,0.11,0.2069021527469158
74,87,13,0.13,0.09934023587033153
84,92,8,0.08,0.09851575929671526
68,84,16,0.16,0.11847202012315393
66,83,17,0.17,0.10810006367042661
82,91,9,0.09,0.10742416224442422
72,86,14,0.14,0.0942175412364304
80,90,10,0.1,0.11130300559103488
70,85,15,0.15,0.12137807633727789
72,86,14,0.14,0.12327843585982919
82,91,9,0.09,0.10802843095734715
80,90,10,0.1,0.11512920962646604
78,89,11,0.11,0.12647135633975268
62,81,19,0.19,0.11926730891689657
76,88,12,0.12,0.12125755761750043
64,82,18,0.18,0.12064316367730499
68,84,16,0.16,0.1198265701904893
72,86,14,0.14,0.11313165612518787
68,84,16,0.16,0.11448087844997644
74,87,13,0.13,0.11704805724322796
82,91,9,0.09,0.09471580876037479
72,86,14,0.14,0.09362194826826453
74,87,13,0.13,0.10395208215340972
88,94,6,0.06,0.09371206810697913
72,86,14,0.14,0.10454279252327979
70,85,15,0.15,0.11397702569141983
68,84,16,0.16,0.11724857173860073
68,84,16,0.16,0.11477944176644087
66,83,17,0.17,0.11201717503368855
48,74,26,0.26,0.13646980125457048
76,88,12,0.12,0.1485510179400444
64,82,18,0.18,0.15029421132057905
78,89,11,0.11,0.14328288463875652
68,84,16,0.16,0.1492072143778205
70,85,15,0.15,0.14878734394907953
86,93,7,0.07,0.13000397630035876
66,83,17,0.17,0.12483122037723661
66,83,17,0.17,0.12198728654533625
78,89,11,0.11,0.10383707916364074
70,85,15,0.15,0.0794155702739954
78,89,11,0.11,0.08700430575758218
74,87,13,0.13,0.08544917481020092
74,87,13,0.13,0.08988004069775343
72,86,14,0.14,0.09633606472983956
44,72,28,0.28,0.1141044220328331
74,87,13,0.13,0.12583001051098108
82,91,9,0.09,0.21382672674953937
72,86,14,0.14,0.10184925315901637
76,88,12,0.12,0.21891850624233483
62,81,19,0.19,0.2288221264630556
76,88,12,0.12,0.2417645585536957
78,89,11,0.11,0.2531867700815201
82,91,9,0.09,0.23932339884340764
74,87,13,0.13,0.24593604251742363
78,89,11,0.11,0.24030009265989066
70,85,15,0.15,0.24618033803999423
66,83,17,0.17,0.2448430435359478
76,88,12,0.12,0.2338116455078125
66,83,17,0.17,0.24844017192721368
66,83,17,0.17,0.25432903833687304
80,90,10,0.1,0.23772170454263686
80,90,10,0.1,0.2322460614144802
68,84,16,0.16,0.24754405401647092
84,92,8,0.08,0.23351195063441993
72,86,14,0.14,0.23587258160114288
70,85,15,0.15,0.22825391866266728
58,79,21,0.21,0.234203482568264
70,85,15,0.15,0.22844714283943177
78,89,11,0.11,0.2242434809356928
84,92,8,0.08,0.20798490054905414
86,93,7,0.07,0.20391784127801657
86,93,7,0.07,0.19211854368448258
80,90,10,0.1,0.19565189503133296
82,91,9,0.09,0.1924502059444785
76,88,12,0.12,0.191942499242723
62,81,19,0.19,0.2160080858319998
54,77,23,0.23,0.1519186606630683
76,88,12,0.12,0.2085975033789873
80,90,10,0.1,0.20868012629449367
76,88,12,0.12,0.19821531236171722
50,75,25,0.25,0.22529591493308543
78,89,11,0.11,0.14405665472149848
56,78,22,0.22,0.23600775845348834
60,80,20,0.2,0.24742562644183635
68,84,16,0.16,0.1364648298919201
84,92,8,0.08,0.2350374099612236
76,88,12,0.12,0.13753246139734984
78,89,11,0.11,0.2218380492925644
78,89,11,0.11,0.13239411786198615
74,87,13,0.13,0.23353724852204322
72,86,14,0.14,0.22077931247651578
80,90,10,0.1,0.23588102847337722
78,89,11,0.11,0.11947428930550813
60,80,20,0.2,0.23589911825954915
64,82,18,0.18,0.12075308464467525
92,96,4,0.04,0.23070464454591275
68,84,16,0.16,0.24706343173980713
64,82,18,0.18,0.10497546080499888
84,92,8,0.08,0.09741460777819157
50,75,25,0.25,0.25989981517195704
76,88,12,0.12,0.08588975882157683
80,90,10,0.1,0.08561425633262842
82,91,9,0.09,0.0809807407297194
70,85,15,0.15,0.11132365424185992
74,87,13,0.13,0.0859302401728928
54,77,23,0.23,0.1070897408016026
86,93,7,0.07,0.09071090586483478
76,88,12,0.12,0.08660129128023981
66,83,17,0.17,0.09407071497291326
72,86,14,0.14,0.0871063532307744
68,84,16,0.16,0.09127433856017887
66,83,17,0.17,0.09114828048273921
64,82,18,0.18,0.11960376899689436
64,82,18,0.18,0.1092496613226831
74,87,13,0.13,0.12240707095712423
74,87,13,0.13,0.11448609415441752
64,82,18,0.18,0.12771701775491237
62,81,19,0.19,0.12164017098024488
82,91,9,0.09,0.11664757881313563
72,86,14,0.14,0.11649812810122967
72,86,14,0.14,0.11193370897322893
76,88,12,0.12,0.12688431229442357
76,88,12,0.12,0.1034876836463809
52,76,24,0.24,0.13404353734105826
50,75,25,0.25,0.11977519920095801
78,89,11,0.11,0.1151382502168417
66,83,17,0.17,0.11222685541957617
68,84,16,0.16,0.12148101478815079
82,91,9,0.09,0.09676062369719148
70,85,15,0.15,0.12978340346366168
68,84,16,0.16,0.08486843969672918
70,85,15,0.15,0.12005573455244303
80,90,10,0.1,0.08917169701308011
64,82,18,0.18,0.13375743424519895
72,86,14,0.14,0.07989814022555947
84,92,8,0.08,0.07851066309958696
70,85,15,0.15,0.1301494968868792
82,91,9,0.09,0.0836954071931541
78,89,11,0.11,0.11239732619374991
76,88,12,0.12,0.08609633784741164
68,84,16,0.16,0.12863066140562296
66,83,17,0.17,0.09240922590717673
72,86,14,0.14,0.13085109943524004
76,88,12,0.12,0.07878596453927457
72,86,14,0.14,0.10317179108038545
76,88,12,0.12,0.09090388489887119
84,92,8,0.08,0.10131631915457547
72,86,14,0.14,0.24144223786890506
64,82,18,0.18,0.25671421773731706
72,86,14,0.14,0.2594898707419634
78,89,11,0.11,0.2547339633107185
78,89,11,0.11,0.2411953654140234
82,91,9,0.09,0.2344988314807415
70,85,15,0.15,0.2101823529601097
68,84,16,0.16,0.24979150995612145
76,88,12,0.12,0.19797575958073138
70,85,15,0.15,0.19726764358580112
70,85,15,0.15,0.2413849914819002
78,89,11,0.11,0.18658588912338017
72,86,14,0.14,0.24857229582965373
76,88,12,0.12,0.23445509001612663
86,93,7,0.07,0.19865818209946157
82,91,9,0.09,0.17225135322660207
66,83,17,0.17,0.1885412423312664
70,85,15,0.15,0.2076060588657856
78,89,11,0.11,0.20945658430457115
62,81,19,0.19,0.22778177872300148
76,88,12,0.12,0.2263261154294014
66,83,17,0.17,0.22741406641900538
58,79,21,0.21,0.2369377839565277
70,85,15,0.15,0.22495708718895913
76,88,12,0.12,0.23243191286921502
64,82,18,0.18,0.2352667386084795
70,85,15,0.15,0.21354563727974893
64,82,18,0.18,0.22861760690808297
76,88,12,0.12,0.21379552856087686
72,86,14,0.14,0.20387505806982517
72,86,14,0.14,0.20061890833079815
56,78,22,0.22,0.204079228118062
60,80,20,0.2,0.1999553020298481
72,86,14,0.14,0.18587529961019755
66,83,17,0.17,0.1862820126861334
62,81,19,0.19,0.19322754316031931
54,77,23,0.23,0.1918977726250887
80,90,10,0.1,0.19909472182393073
70,85,15,0.15,0.23478154607117177
78,89,11,0.11,0.2392497578263283
84,92,8,0.08,0.23600995913147926
74,87,13,0.13,0.24410159192979336
70,85,15,0.15,0.2428165578842163
70,85,15,0.15,0.2538953471928835
72,86,14,0.14,0.2208467185497284
66,83,17,0.17,0.2042782452329993
80,90,10,0.1,0.09272303052246571
70,85,15,0.15,0.19239088512957095
78,89,11,0.11,0.18632884599268437
68,84,16,0.16,0.10040422473102809
78,89,11,0.11,0.20118967957794667
90,95,5,0.05,0.09228518606163562
64,82,18,0.18,0.18492881156504154
74,87,13,0.13,0.1741336063668132
74,87,13,0.13,0.18185791566967965
78,89,11,0.11,0.1834649559855461
74,87,13,0.13,0.19480378407984972
76,88,12,0.12,0.20674521043896676
86,93,7,0.07,0.21013269782066346
82,91,9,0.09,0.20439873531460762
64,82,18,0.18,0.23094248153269292
70,85,15,0.15,0.23811274334788324
70,85,15,0.15,0.2510899794101715
58,79,21,0.21,0.2728148564696312
68,84,16,0.16,0.28208502680063247
76,88,12,0.12,0.11212466733530163
70,85,15,0.15,0.28698109298944474
52,76,24,0.24,0.29402893140912056
80,90,10,0.1,0.12767806451767683
62,81,19,0.19,0.27546755731105804
82,91,9,0.09,0.2621633249521256
66,83,17,0.17,0.25124478511512277
70,85,15,0.15,0.23280679509043695
80,90,10,0.1,0.10343953077681363
64,82,18,0.18,0.23568671904504299
78,89,11,0.11,0.13423432946205138
80,90,10,0.1,0.22472700089216233
78,89,11,0.11,0.08182251924881712
72,86,14,0.14,0.2282953818887472
68,84,16,0.16,0.14265979565680026
80,90,10,0.1,0.21529166489839555
64,82,18,0.18,0.13996976746246217
62,81,19,0.19,0.11554489372298121
64,82,18,0.18,0.21079029455780984
66,83,17,0.17,0.21008892133831977
78,89,11,0.11,0.1146291895210743
64,82,18,0.18,0.22203381575644016
78,89,11,0.11,0.11514509793370963
84,92,8,0.08,0.22166528321802617
70,85,15,0.15,0.12928881045430898
82,91,9,0.09,0.22343797259032727
76,88,12,0.12,0.11261131906881928
74,87,13,0.13,0.10496333934366703
74,87,13,0.13,0.22688801527023317
82,91,9,0.09,0.11810018446296454
68,84,16,0.16,0.22913119055330752
76,88,12,0.12,0.10328522972762584
76,88,12,0.12,0.21695744276046752
64,82,18,0.18,0.11631725830957293
94,97,3,0.03,0.085174409635365
54,77,23,0.23,0.22464360602200031
74,87,13,0.13,0.19553928148001432
78,89,11,0.11,0.09283447653055191
74,87,13,0.13,0.21777605690062046
78,89,11,0.11,0.09608250364661217
88,94,6,0.06,0.1974908658862114
54,77,23,0.23,0.09989252673462033
76,88,12,0.12,0.19044420681893826
62,81,19,0.19,0.2050478820502758
60,80,20,0.2,0.21421292655169963
76,88,12,0.12,0.0909058937896043
60,80,20,0.2,0.21973128266632558
78,89,11,0.11,0.09100608101114631
66,83,17,0.17,0.2399183565378189
66,83,17,0.17,0.23813429668545724
78,89,11,0.11,0.09283559689298272
72,86,14,0.14,0.2298172055184841
88,94,6,0.06,0.08388890620321035
76,88,12,0.12,0.24537448085844515
88,94,6,0.06,0.22119872629642487
72,86,14,0.14,0.22566039517521858
80,90,10,0.1,0.08960102040320635
74,87,13,0.13,0.23226927995681762
88,94,6,0.06,0.19406501062214374
66,83,17,0.17,0.09589361973106861
64,82,18,0.18,0.20759540013968944
76,88,12,0.12,0.1018909062910825
62,81,19,0.19,0.19480263657867908
74,87,13,0.13,0.19642103239893913
70,85,15,0.15,0.20693380422890187
72,86,14,0.14,0.09807365416549146
78,89,11,0.11,0.19372179545462132
72,86,14,0.14,0.10988737678155303
86,93,7,0.07,0.20362797759473325
76,88,12,0.12,0.09565282387658954
74,87,13,0.13,0.21232082143425943
70,85,15,0.15,0.1157562143728137
78,89,11,0.11,0.10875223293900489
68,84,16,0.16,0.20580736473202704
76,88,12,0.12,0.17970482215285302
78,89,11,0.11,0.20049677457660436
72,86,14,0.14,0.21771915890276433
78,89,11,0.11,0.2048100697994232
72,86,14,0.14,0.20798619039356708
64,82,18,0.18,0.21812668681144715
56,78,22,0.22,0.22327154479920863
70,85,15,0.15,0.2227748166769743
84,92,8,0.08,0.22401595450937747
68,84,16,0.16,0.22660128742456437
80,90,10,0.1,0.09811324228532613
74,87,13,0.13,0.1816622471436858
72,86,14,0.14,0.11375714339315891
76,88,12,0.12,0.22878973342478276
74,87,13,0.13,0.23380438484251498
78,89,11,0.11,0.1117436745390296
72,86,14,0.14,0.18371980495750903
70,85,15,0.15,0.22124508880078791
78,89,11,0.11,0.11479495562613011
72,86,14,0.14,0.10900863066315651
86,93,7,0.07,0.21035651173442602
76,88,12,0.12,0.20107331976294518
92,96,4,0.04,0.19373038120567798
72,86,14,0.14,0.0985406588949263
64,82,18,0.18,0.11434626664966345
60,80,20,0.2,0.13190068271011113
74,87,13,0.13,0.1927928102761507
70,85,15,0.15,0.13000607306137682
66,83,17,0.17,0.14039851304143666
82,91,9,0.09,0.15883605297654868
82,91,9,0.09,0.13487845331430434
72,86,14,0.14,0.1823835051059723
62,81,19,0.19,0.16531628340482712
64,82,18,0.18,0.1908114615827799
72,86,14,0.14,0.21484654150903226
74,87,13,0.13,0.1860408478230238
74,87,13,0.13,0.1434308864362538
82,91,9,0.09,0.22060433395206927
70,85,15,0.15,0.20532811589539052
76,88,12,0.12,0.13647150365635752
78,89,11,0.11,0.2075216568261385
76,88,12,0.12,0.11557488515973091
74,87,13,0.13,0.13160142419859766
74,87,13,0.13,0.2226989571005106
70,85,15,0.15,0.11568783178925514
54,77,23,0.23,0.24284838669002057
80,90,10,0.1,0.2312149605154991
72,86,14,0.14,0.2578743062913418
78,89,11,0.11,0.24369075134396553
82,91,9,0.09,0.09758721673861145
84,92,8,0.08,0.21665523372590542
74,87,13,0.13,0.09059869978576898
82,91,9,0.09,0.10753882294520736
86,93,7,0.07,0.09935064092278481
72,86,14,0.14,0.2089269231259823
64,82,18,0.18,0.10228095806203782
64,82,18,0.18,0.12100394228473306
80,90,10,0.1,0.19094962552189826
54,77,23,0.23,0.10223177332431078
80,90,10,0.1,0.18362005412578583
78,89,11,0.11,0.09310206755995751
66,83,17,0.17,0.09855967620387673
72,86,14,0.14,0.21682744078338145
72,86,14,0.14,0.2277184248715639
76,88,12,0.12,0.183638938292861
78,89,11,0.11,0.17318994607776403
74,87,13,0.13,0.16841593276709318
74,87,13,0.13,0.10580499621108175
76,88,12,0.12,0.11416127882897854
44,72,28,0.28,0.12302864760160447
64,82,18,0.18,0.12083708379417658
78,89,11,0.11,0.1104710647650063
74,87,13,0.13,0.11818886147812009
62,81,19,0.19,0.11938712740316987
74,87,13,0.13,0.11918936051428318
90,95,5,0.05,0.10370152108371258
84,92,8,0.08,0.10030655955895781
66,83,17,0.17,0.10801733056083322
76,88,12,0.12,0.11307115521281957
62,81,19,0.19,0.12567162139341234
72,86,14,0.14,0.11600419687107205
74,87,13,0.13,0.11887794058769942
80,90,10,0.1,0.09711929589509964
86,93,7,0.07,0.1006173238158226
60,80,20,0.2,0.10809387614950537
76,88,12,0.12,0.10152286369353533
70,85,15,0.15,0.10075288016349077
70,85,15,0.15,0.11105971142649651
82,91,9,0.09,0.09177364878356457
64,82,18,0.18,0.11764128111302853
88,94,6,0.06,0.09787057541310787
76,88,12,0.12,0.10056359368376434
82,91,9,0.09,0.09079569231718779
70,85,15,0.15,0.09975716728717089
70,85,15,0.15,0.10010855134576559
78,89,11,0.11,0.10063631171360612
78,89,11,0.11,0.09831444744719192
74,87,13,0.13,0.09897753477096558
72,86,14,0.14,0.10179068996571004
78,89,11,0.11,0.12227684807032346
76,88,12,0.12,0.11910005738958716
68,84,16,0.16,0.12141190158203244
74,87,13,0.13,0.13712790116667747
58,79,21,0.21,0.1353318488970399
58,79,21,0.21,0.13786901727318765
54,77,23,0.23,0.12687021704390644
76,88,12,0.12,0.12487701619043946
70,85,15,0.15,0.12740082217380405
74,87,13,0.13,0.11303403751924634
72,86,14,0.14,0.11452435286715627
76,88,12,0.12,0.22693730272352697
72,86,14,0.14,0.1708750981092453
70,85,15,0.15,0.09233379721641541
58,79,21,0.21,0.10424213582649827
58,79,21,0.21,0.11194212285801769
64,82,18,0.18,0.11469430973753333
74,87,13,0.13,0.1054795739427209
74,87,13,0.13,0.12596669470891356
80,90,10,0.1,0.13449352433905004
82,91,9,0.09,0.13147081825882195
64,82,18,0.18,0.1389929842017591
70,85,15,0.15,0.13960609558969736
70,85,15,0.15,0.12756482483819126
70,85,15,0.15,0.10585400781594217
70,85,15,0.15,0.11126909024082124
72,86,14,0.14,0.0758045090478845
60,80,20,0.2,0.09380993170663715
74,87,13,0.13,0.09337626369670034
84,92,8,0.08,0.08080136576201767
82,91,9,0.09,0.08592066095210611
78,89,11,0.11,0.08525760149583221
64,82,18,0.18,0.09072922157123685
66,83,17,0.17,0.10078233106061817
58,79,21,0.21,0.1248795816116035
70,85,15,0.15,0.11423174902796746
76,88,12,0.12,0.12258148737251759
66,83,17,0.17,0.1309200475178659
64,82,18,0.18,0.11844796493649483
74,87,13,0.13,0.1285781927779317
68,84,16,0.16,0.11931972183287144
86,93,7,0.07,0.0920092267729342
84,92,8,0.08,0.09154307421296835
80,90,10,0.1,0.0962306359410286
54,77,23,0.23,0.11968570839613676
82,91,9,0.09,0.09945325642824172
86,93,7,0.07,0.09157199889421463
84,92,8,0.08,0.07970295256003737
84,92,8,0.08,0.08407233799109236
80,90,10,0.1,0.0846493914257735
78,89,11,0.11,0.07914783488959073
84,92,8,0.08,0.07947960570454597
74,87,13,0.13,0.1752997839450836
72,86,14,0.14,0.0966659589111805
86,93,7,0.07,0.09942059229128063
80,90,10,0.1,0.189636370241642
72,86,14,0.14,0.12064923441037535
76,88,12,0.12,0.1954830487817526
72,86,14,0.14,0.12904556650668383
62,81,19,0.19,0.22357025537639857
68,84,16,0.16,0.1281267281062901
76,88,12,0.12,0.21238099955022335
78,89,11,0.11,0.22566461078822614
70,85,15,0.15,0.1101893088966608
56,78,22,0.22,0.24801636703312396
64,82,18,0.18,0.2345096617937088
78,89,11,0.11,0.221319834664464
74,87,13,0.13,0.20601810194551945
90,95,5,0.05,0.20826023802161217
86,93,7,0.07,0.19228016026318073
84,92,8,0.08,0.1951015192270279
78,89,11,0.11,0.20333168059587478
80,90,10,0.1,0.18410545479506255
80,90,10,0.1,0.19291789256036282
70,85,15,0.15,0.2001381215453148
80,90,10,0.1,0.1777310498803854
94,97,3,0.03,0.17239276673644782
88,94,6,0.06,0.17259014084935187
80,90,10,0.1,0.17590712927281857
84,92,8,0.08,0.15740640301257372
58,79,21,0.21,0.19272028375416994
68,84,16,0.16,0.16247754402458667
62,81,19,0.19,0.18724362205713987
70,85,15,0.15,0.15754482075572013
56,78,22,0.22,0.18174949534237383
80,90,10,0.1,0.20435012809932232
74,87,13,0.13,0.16220773831009866
72,86,14,0.14,0.16758424084633589
68,84,16,0.16,0.23001304797828198
74,87,13,0.13,0.19256991103291513
80,90,10,0.1,0.1259069211408496
82,91,9,0.09,0.22988247953355312
76,88,12,0.12,0.18187409315258266
68,84,16,0.16,0.25165023319423196
68,84,16,0.16,0.20203659564256668
74,87,13,0.13,0.12902258962392807
60,80,20,0.2,0.24845395050942898
84,92,8,0.08,0.18481860183179377
92,96,4,0.04,0.2335222838819027
70,85,15,0.15,0.18663927882909775
86,93,7,0.07,0.23173648722469806
80,90,10,0.1,0.12402304714545608
72,86,14,0.14,0.18160397998988628
80,90,10,0.1,0.22475763432681561
66,83,17,0.17,0.1847792925685644
84,92,8,0.08,0.10896340526640415
76,88,12,0.12,0.2114481322467327
82,91,9,0.09,0.1826281299442053
86,93,7,0.07,0.10831410573795437
74,87,13,0.13,0.1831041020154953
76,88,12,0.12,0.17637975819408894
78,89,11,0.11,0.1864523645117879
76,88,12,0.12,0.10587780898436903
64,82,18,0.18,0.104241206292063
78,89,11,0.11,0.15760464852675796
78,89,11,0.11,0.163528327383101
74,87,13,0.13,0.14982013434171676
60,80,20,0.2,0.174824083968997
76,88,12,0.12,0.17553512539714575
80,90,10,0.1,0.17593965530395508
74,87,13,0.13,0.172503449767828
78,89,11,0.11,0.1803366505354643
90,95,5,0.05,0.1687990428507328
72,86,14,0.14,0.1726927012205124
76,88,12,0.12,0.11313286270946264
76,88,12,0.12,0.10237757640890777
72,86,14,0.14,0.16744409695267679
66,83,17,0.17,0.16127259358763696
76,88,12,0.12,0.09961393959820271
78,89,11,0.11,0.16747611727565526
80,90,10,0.1,0.15884499289095402
74,87,13,0.13,0.16830241661518813
66,83,17,0.17,0.17692230436950923
76,88,12,0.12,0.09093917380087077
78,89,11,0.11,0.17243334874510766
68,84,16,0.16,0.1595906438678503
78,89,11,0.11,0.14257361639291047
70,85,15,0.15,0.09649855405092239
62,81,19,0.19,0.17684615053236485
74,87,13,0.13,0.15965499453246593
76,88,12,0.12,0.08427216745913028
66,83,17,0.17,0.16739028431475161
72,86,14,0.14,0.18214360993355513
72,86,14,0.14,0.1901299273222685
66,83,17,0.17,0.09542386710643769
66,83,17,0.17,0.19320862125605345
86,93,7,0.07,0.09313600244000554
70,85,15,0.15,0.11082299996167422
52,76,24,0.24,0.20770864933729172
70,85,15,0.15,0.19184040285646917
64,82,18,0.18,0.11366443178616464
76,88,12,0.12,0.1779238434880972
66,83,17,0.17,0.178665439337492
74,87,13,0.13,0.15662567928433418
46,73,27,0.27,0.11006915224716067
74,87,13,0.13,0.1480995698273182
70,85,15,0.15,0.11668287965934723
66,83,17,0.17,0.14945007257163526
76,88,12,0.12,0.11270673267543316
80,90,10,0.1,0.1409227956086397
64,82,18,0.18,0.11624336905777455
80,90,10,0.1,0.14946555376052856
82,91,9,0.09,0.10809014175087213
76,88,12,0.12,0.16911095172166823
70,85,15,0.15,0.12295860402286053
84,92,8,0.08,0.09354711678810418
62,81,19,0.19,0.1293906009942293
78,89,11,0.11,0.1099854290857911
68,84,16,0.16,0.1325300644338131
84,92,8,0.08,0.09680820541456342
68,84,16,0.16,0.11269205395132303
74,87,13,0.13,0.11145782256498933
80,90,10,0.1,0.09784642139449716
70,85,15,0.15,0.09766199503093959
64,82,18,0.18,0.09508620718494058
74,87,13,0.13,0.10752559872344136
72,86,14,0.14,0.11415605559945106
78,89,11,0.11,0.08922726320102811
80,90,10,0.1,0.0916385605558753
64,82,18,0.18,0.12857581436634063
86,93,7,0.07,0.10257140110246837
74,87,13,0.13,0.09548333333805203
74,87,13,0.13,0.11415313821285963
72,86,14,0.14,0.09013489544391633
74,87,13,0.13,0.08336525197140872
64,82,18,0.18,0.11846893908455967
74,87,13,0.13,0.10120641706511378
72,86,14,0.14,0.09274483006447554
76,88,12,0.12,0.08155843500047923
66,83,17,0.17,0.11772054323926567
80,90,10,0.1,0.09849343124777078
82,91,9,0.09,0.09938540820032359
50,75,25,0.25,0.1300273308157921
68,84,16,0.16,0.1223243460804224
72,86,14,0.14,0.09610699553973973
72,86,14,0.14,0.10265433963388204
74,87,13,0.13,0.121262132730335
82,91,9,0.09,0.09988534750416875
80,90,10,0.1,0.09663137754425406
88,94,6,0.06,0.10155289305374027
64,82,18,0.18,0.12532606633380056
82,91,9,0.09,0.10761541727930307
90,95,5,0.05,0.09902542074210942
64,82,18,0.18,0.11817203998565674
86,93,7,0.07,0.10814695874229073
72,86,14,0.14,0.10715985085815191
60,80,20,0.2,0.10466806149110199
76,88,12,0.12,0.15276453260332346
80,90,10,0.1,0.0921164432913065
76,88,12,0.12,0.09726636287756264
78,89,11,0.11,0.16510745540261268
80,90,10,0.1,0.09576904516667127
70,85,15,0.15,0.09982934156432748
78,89,11,0.11,0.18224961251020433
74,87,13,0.13,0.18399909719824792
74,87,13,0.13,0.1892392995581031
62,81,19,0.19,0.20368513111025094
64,82,18,0.18,0.21804751127958297
70,85,15,0.15,0.22028149247169496
76,88,12,0.12,0.2092039757221937
78,89,11,0.11,0.21073573738336562
76,88,12,0.12,0.1997079315036535
92,96,4,0.04,0.17356348693370818
82,91,9,0.09,0.18168211419135333
88,94,6,0.06,0.16967500545084477
80,90,10,0.1,0.18017704416066407
76,88,12,0.12,0.1595025640167296
60,80,20,0.2,0.20213955342769624
64,82,18,0.18,0.16360657081007957
72,86,14,0.14,0.15028377659618855
80,90,10,0.1,0.1529757057875395
66,83,17,0.17,0.16889719136059284
86,93,7,0.07,0.16431738413870334
76,88,12,0.12,0.17860268957912923
68,84,16,0.16,0.17773018278181552
60,80,20,0.2,0.19053515166044235
56,78,22,0.22,0.20074024319648742
