log_avg_ept_score,log_avg_succ_req,log_avg_blk_req,log_avg_BP_req,log_avg_entropy
52,526,474,0.474,2.290214430332184
146,573,427,0.427,2.290217217206955
98,549,451,0.451,2.2900888934135435
100,550,450,0.45,2.290185475349426
74,537,463,0.463,2.287781302690506
90,545,455,0.455,2.2877150111198423
126,563,437,0.437,2.2875273861885073
138,569,431,0.431,2.2873875937461854
198,599,401,0.401,2.2840013148784637
122,561,439,0.439,2.283920897245407
142,571,429,0.429,2.2839131591320037
148,574,426,0.426,2.2840002701282502
130,565,435,0.435,2.279092598438263
128,564,436,0.436,2.2792746369838714
116,558,442,0.442,2.2789827163219454
128,564,436,0.436,2.278861887693405
106,553,447,0.447,2.274859932899475
174,587,413,0.413,2.2747793123722078
106,553,447,0.447,2.274577521562576
122,561,439,0.439,2.273875263929367
164,582,418,0.418,2.269069635629654
136,568,432,0.432,2.2690464117527007
146,573,427,0.427,2.2684149374961855
122,561,439,0.439,2.2672755408287046
124,562,438,0.438,2.2621196966171264
170,585,415,0.415,2.2624322714805603
152,576,424,0.424,2.260797750234604
128,564,436,0.436,2.259158256292343
208,604,396,0.396,2.254995448589325
202,601,399,0.399,2.254761017084122
186,593,407,0.407,2.252961751461029
114,557,443,0.443,2.2510843858718874
164,582,418,0.418,2.247625026702881
166,583,417,0.417,2.247071213722229
232,616,384,0.384,2.2440690629482267
188,594,406,0.406,2.2422827684879305
148,574,426,0.426,2.23720539355278
192,596,404,0.404,2.237998339891434
180,590,410,0.41,2.232173844099045
220,610,390,0.39,2.2305873420238496
218,609,391,0.391,2.226941922426224
212,606,394,0.394,2.226330952644348
186,593,407,0.407,2.2193082182407378
196,598,402,0.402,2.216732377052307
208,604,396,0.396,2.213382837295532
234,617,383,0.383,2.2138225038051607
246,623,377,0.377,2.202309061050415
194,597,403,0.403,2.1989458718299866
204,602,398,0.398,2.1961518323421476
158,579,421,0.421,2.195979329586029
202,601,399,0.399,2.1803998527526853
264,632,368,0.368,2.1789789559841157
270,635,365,0.365,2.176578574419022
282,641,359,0.359,2.177306335926056
212,606,394,0.394,2.1581923744678497
234,617,383,0.383,2.1569414653778076
242,621,379,0.379,2.155625531435013
262,631,369,0.369,2.154316639661789
352,676,324,0.324,2.135748105287552
328,664,336,0.336,2.132348366498947
270,635,365,0.365,2.132708583831787
304,652,348,0.348,2.131588516712189
314,657,343,0.343,2.1049856178760527
350,675,325,0.325,2.1068855419158936
348,674,326,0.326,2.105865193605423
362,681,319,0.319,2.1039638757705688
352,676,324,0.324,2.0747272124290466
324,662,338,0.338,2.074258089542389
322,661,339,0.339,2.0717848927974702
322,661,339,0.339,2.069552187204361
402,701,299,0.299,2.040322310090065
386,693,307,0.307,2.0387753212451933
246,623,377,0.377,2.035292341709137
396,698,302,0.302,2.0349910978078842
346,673,327,0.327,1.9983305888175964
376,688,312,0.312,1.9977512626647949
496,748,252,0.252,1.9942277705669402
428,714,286,0.286,1.9844657657146454
406,703,297,0.297,1.9495732991695405
400,700,300,0.3,1.948724913239479
398,699,301,0.301,1.9383357198238373
448,724,276,0.276,1.9355707372426987
454,727,273,0.273,1.9008133820295334
464,732,268,0.268,1.8999846159219742
436,718,282,0.282,1.8870365002155305
398,699,301,0.301,1.882026509642601
470,735,265,0.265,1.8507016743421554
446,723,277,0.277,1.8473129249811173
476,738,262,0.262,1.8310037816762925
454,727,273,0.273,1.8272505156993866
490,745,255,0.255,1.7952326233386993
528,764,236,0.236,1.7967823547124864
530,765,235,0.235,1.7781062723398209
496,748,252,0.252,1.7702936244010925
560,780,220,0.22,1.7403029851913452
532,766,234,0.234,1.7383333150148392
544,772,228,0.228,1.7167499523162841
542,771,229,0.229,1.7138613307476043
556,778,222,0.222,1.679124135017395
480,740,260,0.26,1.6836087868213654
542,771,229,0.229,1.652698387980461
564,782,218,0.218,1.6481065405607223
582,791,209,0.209,1.6151973195075988
548,774,226,0.226,1.6103697162866593
592,796,204,0.204,1.5870872752666474
582,791,209,0.209,1.5826433227062224
602,801,199,0.199,1.5535609158277512
576,788,212,0.212,1.5527115716934203
574,787,213,0.213,1.523600301027298
580,790,210,0.21,1.5121779168844223
566,783,217,0.217,1.4817158523797989
598,799,201,0.201,1.4850762003660203
614,807,193,0.193,1.450785276055336
598,799,201,0.201,1.4480230575799942
518,759,241,0.241,1.4209847671985627
656,828,172,0.172,1.429316588997841
662,831,169,0.169,1.3955172802209854
632,816,184,0.184,1.3901861927509307
696,848,152,0.152,1.378897168636322
614,807,193,0.193,1.3743915684223176
618,809,191,0.191,1.3476922031641005
670,835,165,0.165,1.34719854927063
604,802,198,0.198,1.3348778225183486
692,846,154,0.154,1.3301912752389908
646,823,177,0.177,1.2977539912462235
712,856,144,0.144,1.295650839447975
626,813,187,0.187,1.2767237734794616
678,839,161,0.161,1.2756000106334686
694,847,153,0.153,1.2427193285226823
690,845,155,0.155,1.2346385184526443
654,827,173,0.173,1.2230787239074707
682,841,159,0.159,1.2206782598495483
676,838,162,0.162,1.2008579553365708
698,849,151,0.151,1.195521679520607
702,851,149,0.149,1.1906297399997712
696,848,152,0.152,1.189325383543968
676,838,162,0.162,1.168318949818611
724,862,138,0.138,1.1670819331407547
638,819,181,0.181,1.1615056878328323
698,849,151,0.151,1.163799108505249
634,817,183,0.183,1.13081023144722
740,870,130,0.13,1.1387680642604827
682,841,159,0.159,1.129546949028969
638,819,181,0.181,1.1311387757062912
688,844,156,0.156,1.107284023463726
698,849,151,0.151,1.1060807572603226
736,868,132,0.132,1.1054813440442086
666,833,167,0.167,1.1042317643761634
724,862,138,0.138,1.067802684545517
686,843,157,0.157,1.0600831092596055
760,880,120,0.12,1.069471150279045
762,881,119,0.119,1.0702058902978897
752,876,124,0.124,1.0418155839443206
638,819,181,0.181,1.0295832232236861
670,835,165,0.165,1.032888813138008
682,841,159,0.159,1.035051257610321
654,827,173,0.173,1.010163824737072
678,839,161,0.161,1.0070955154895782
684,842,158,0.158,1.0029020849466324
694,847,153,0.153,0.9995100335478783
724,862,138,0.138,0.9826254707574844
746,873,127,0.127,0.9777405418157578
688,844,156,0.156,0.9752068684697152
740,870,130,0.13,0.9762553079724312
728,864,136,0.136,0.9574581910967827
678,839,161,0.161,0.9504723806381226
720,860,140,0.14,0.9481699631810189
714,857,143,0.143,0.9498670454621315
700,850,150,0.15,0.9157555260062218
688,844,156,0.156,0.916642493903637
678,839,161,0.161,0.9031360323429107
750,875,125,0.125,0.9079056248664856
724,862,138,0.138,0.8908040129542351
750,875,125,0.125,0.8892868517637252
700,850,150,0.15,0.8840992471575737
722,861,139,0.139,0.8788865690231323
768,884,116,0.116,0.8801503519415855
692,846,154,0.154,0.8718779598474502
720,860,140,0.14,0.8718664209246636
746,873,127,0.127,0.8755660057067871
730,865,135,0.135,0.8839639649391174
714,857,143,0.143,0.8764871676564217
726,863,137,0.137,0.8899928596615791
718,859,141,0.141,0.8870407883524895
716,858,142,0.142,0.8922480991482735
730,865,135,0.135,0.885033566236496
730,865,135,0.135,0.8907054482102394
702,851,149,0.149,0.8830806438922882
726,863,137,0.137,0.8802006966471672
680,840,160,0.16,0.8735918102264404
712,856,144,0.144,0.8703092021346093
724,862,138,0.138,0.8673593118190766
682,841,159,0.159,0.8606728839278222
750,875,125,0.125,0.8604363865256309
746,873,127,0.127,0.8582264682650567
710,855,145,0.145,0.852408582508564
750,875,125,0.125,0.8407293512821198
700,850,150,0.15,0.8354978961348534
712,856,144,0.144,0.8271128350496292
750,875,125,0.125,0.8219044297933579
662,831,169,0.169,0.8092695462703705
722,861,139,0.139,0.8142023757100105
736,868,132,0.132,0.8139080011248588
768,884,116,0.116,0.8146365250349045
722,861,139,0.139,0.815516429066658
754,877,123,0.123,0.8167985345721245
704,852,148,0.148,0.8221671022772788
744,872,128,0.128,0.8187794046998024
720,860,140,0.14,0.8179362429976463
694,847,153,0.153,0.818470652461052
744,872,128,0.128,0.8102414818406105
762,881,119,0.119,0.8140903403162956
710,855,145,0.145,0.802214481830597
674,837,163,0.163,0.7977972673177719
726,863,137,0.137,0.8013669878840447
758,879,121,0.121,0.7993642345666886
746,873,127,0.127,0.7888277872800827
760,880,120,0.12,0.7934748957157135
748,874,126,0.126,0.774978874027729
738,869,131,0.131,0.7721907691955566
718,859,141,0.141,0.7674285947680474
734,867,133,0.133,0.7638556112647057
742,871,129,0.129,0.7430119494199753
768,884,116,0.116,0.7416734324097634
696,848,152,0.152,0.7350250445604324
778,889,111,0.111,0.7383779997825622
786,893,107,0.107,0.7262617966532707
660,830,170,0.17,0.7209883317351341
730,865,135,0.135,0.7240447341799736
732,866,134,0.134,0.7221949911117553
746,873,127,0.127,0.7162613795399666
746,873,127,0.127,0.7146685047149658
760,880,120,0.12,0.7140656175613403
788,894,106,0.106,0.7218874359130859
748,874,126,0.126,0.7031308244466782
728,864,136,0.136,0.703060465335846
778,889,111,0.111,0.7059849866628647
682,841,159,0.159,0.700579245209694
726,863,137,0.137,0.6949320980906486
736,868,132,0.132,0.6923385120630264
716,858,142,0.142,0.6953110567927361
720,860,140,0.14,0.6917104118466377
758,879,121,0.121,0.6953957327604294
730,865,135,0.135,0.6909379130005836
754,877,123,0.123,0.6936659477353097
756,878,122,0.122,0.6922532774806023
696,848,152,0.152,0.680389948964119
738,869,131,0.131,0.6812682427167892
750,875,125,0.125,0.6784138939976693
690,845,155,0.155,0.676747955918312
748,874,126,0.126,0.6805037636756897
730,865,135,0.135,0.6800495893955231
788,894,106,0.106,0.6809393859505654
692,846,154,0.154,0.6737805368900299
724,862,138,0.138,0.6770177171826363
738,869,131,0.131,0.6779415017962456
776,888,112,0.112,0.6771857241392135
732,866,134,0.134,0.6743269921541214
692,846,154,0.154,0.6589264201521874
822,911,89,0.089,0.664001003742218
746,873,127,0.127,0.6518309718966484
720,860,140,0.14,0.6494050988554955
776,888,112,0.112,0.6242128645777703
750,875,125,0.125,0.6240707716345787
736,868,132,0.132,0.6055491161346436
808,904,96,0.096,0.6056130364537239
702,851,149,0.149,0.5949807714819908
786,893,107,0.107,0.5984424468874932
798,899,101,0.101,0.5941824216842652
668,834,166,0.166,0.5901104242801666
750,875,125,0.125,0.588056299328804
728,864,136,0.136,0.5886026948690415
778,889,111,0.111,0.5790834868550301
722,861,139,0.139,0.5743682624995708
746,873,127,0.127,0.5614860176742077
718,859,141,0.141,0.5658722631931304
768,884,116,0.116,0.5486779538989067
768,884,116,0.116,0.5454874758422374
756,878,122,0.122,0.5409236829578876
750,875,125,0.125,0.5430953892469406
766,883,117,0.117,0.5296646964550018
800,900,100,0.1,0.532070287168026
732,866,134,0.134,0.5305351195335388
704,852,148,0.148,0.5276708379685878
680,840,160,0.16,0.5177055013477803
742,871,129,0.129,0.5148512431681156
752,876,124,0.124,0.5091863853931426
804,902,98,0.098,0.5112228224575519
782,891,109,0.109,0.48446796616911886
804,902,98,0.098,0.47851360231637957
818,909,91,0.091,0.4815473915934563
766,883,117,0.117,0.4819742851853371
752,876,124,0.124,0.4783969329595566
688,844,156,0.156,0.4754506172835827
740,870,130,0.13,0.4729253281056881
786,893,107,0.107,0.4794729422032833
792,896,104,0.104,0.49770380175113677
722,861,139,0.139,0.4907861449420452
750,875,125,0.125,0.49699901807308194
730,865,135,0.135,0.4942050153017044
744,872,128,0.128,0.49622288301587103
756,878,122,0.122,0.5008791776895523
724,862,138,0.138,0.5032708078026772
716,858,142,0.142,0.5046303824782371
784,892,108,0.108,0.5104478748142719
778,889,111,0.111,0.5142793797850609
722,861,139,0.139,0.5051795874536037
740,870,130,0.13,0.5077208299934864
774,887,113,0.113,0.509923490434885
756,878,122,0.122,0.5119347956478596
728,864,136,0.136,0.5073307675719261
736,868,132,0.132,0.509666311621666
726,863,137,0.137,0.5042039275169372
788,894,106,0.106,0.5091033053398132
714,857,143,0.143,0.5057078173160553
788,894,106,0.106,0.5113657423257828
754,877,123,0.123,0.5163448849022388
782,891,109,0.109,0.5184339739084244
726,863,137,0.137,0.51896315741539
782,891,109,0.109,0.5205028296411037
806,903,97,0.097,0.5198765894472599
718,859,141,0.141,0.5177406521439553
760,880,120,0.12,0.508276148378849
750,875,125,0.125,0.5091839891970158
766,883,117,0.117,0.5064082545936107
762,881,119,0.119,0.5084788507819176
804,902,98,0.098,0.4987385678589344
764,882,118,0.118,0.496092266947031
758,879,121,0.121,0.49625401917099954
720,860,140,0.14,0.49081773245334626
764,882,118,0.118,0.4989567159116268
748,874,126,0.126,0.49675800251960756
730,865,135,0.135,0.4990420192182064
712,856,144,0.144,0.5008370911478996
796,898,102,0.102,0.5051031170785427
792,896,104,0.104,0.5054084298312664
776,888,112,0.112,0.5072195974886418
748,874,126,0.126,0.5063660615980625
780,890,110,0.11,0.513677198022604
700,850,150,0.15,0.5067492506504059
748,874,126,0.126,0.5073014231324195
804,902,98,0.098,0.511933619171381
780,890,110,0.11,0.5051499536633491
708,854,146,0.146,0.49671238332986833
776,888,112,0.112,0.49643890434503557
746,873,127,0.127,0.4920953304171562
786,893,107,0.107,0.4922633000612259
784,892,108,0.108,0.4916260117888451
764,882,118,0.118,0.4947244634628296
790,895,105,0.105,0.4951790663599968
778,889,111,0.111,0.5026834661066533
772,886,114,0.114,0.5029031139016151
748,874,126,0.126,0.5083979988396168
790,895,105,0.105,0.5119780052304268
832,916,84,0.084,0.5177659050226212
788,894,106,0.106,0.5176567727029323
720,860,140,0.14,0.5143464285731315
736,868,132,0.132,0.5150595020353794
728,864,136,0.136,0.5116871240735054
728,864,136,0.136,0.5119386203289032
748,874,126,0.126,0.5131511504352093
718,859,141,0.141,0.5162748222649097
768,884,116,0.116,0.5240398271977902
734,867,133,0.133,0.5205341133475304
692,846,154,0.154,0.5252431558966637
760,880,120,0.12,0.5240299311280251
778,889,111,0.111,0.5361709119975567
752,876,124,0.124,0.5367230891287327
782,891,109,0.109,0.5346518411934376
746,873,127,0.127,0.5325094191431999
780,890,110,0.11,0.52744284760952
750,875,125,0.125,0.5250256416499615
720,860,140,0.14,0.5234729908108712
708,854,146,0.146,0.5215396876633167
750,875,125,0.125,0.5106979767680169
732,866,134,0.134,0.507811746031046
710,855,145,0.145,0.5064991294145584
768,884,116,0.116,0.5039000373184681
830,915,85,0.085,0.5016992962062359
742,871,129,0.129,0.49498407971858976
768,884,116,0.116,0.49561355212330815
722,861,139,0.139,0.4895163762569428
814,907,93,0.093,0.4700786925852299
794,897,103,0.103,0.4633669071495533
754,877,123,0.123,0.46070917579531667
748,874,126,0.126,0.45605290096998213
758,879,121,0.121,0.43651932021975515
722,861,139,0.139,0.4271116121709347
808,904,96,0.096,0.4364706351161003
804,902,98,0.098,0.4340698166191578
714,857,143,0.143,0.41265326577425004
732,866,134,0.134,0.41492276334762573
758,879,121,0.121,0.4149666589200497
752,876,124,0.124,0.41019615629315376
724,862,138,0.138,0.3991519948244095
730,865,135,0.135,0.40393372175097464
814,907,93,0.093,0.4068678553700447
774,887,113,0.113,0.4008094338774681
726,863,137,0.137,0.3968674399852753
764,882,118,0.118,0.3994726012647152
658,829,171,0.171,0.3921798159778118
754,877,123,0.123,0.40301277324557305
772,886,114,0.114,0.4039313178062439
786,893,107,0.107,0.39991903454065325
746,873,127,0.127,0.4010610424876213
774,887,113,0.113,0.40234376192092897
756,878,122,0.122,0.3773414705991745
762,881,119,0.119,0.37896517011523245
726,863,137,0.137,0.3767964884340763
716,858,142,0.142,0.37131729289889337
726,863,137,0.137,0.35720136064291
746,873,127,0.127,0.35803917807340624
730,865,135,0.135,0.3566851591467857
742,871,129,0.129,0.35272103080153466
748,874,126,0.126,0.35162987023591996
732,866,134,0.134,0.34971195420622825
710,855,145,0.145,0.35115128847956656
730,865,135,0.135,0.3572415238022804
772,886,114,0.114,0.3590769290626049
762,881,119,0.119,0.3580968468487263
802,901,99,0.099,0.36053302147984506
708,854,146,0.146,0.35476165732741355
774,887,113,0.113,0.3564823708236218
696,848,152,0.152,0.35931392905116083
728,864,136,0.136,0.35630492863059043
780,890,110,0.11,0.35634888568520545
766,883,117,0.117,0.3556774291396141
698,849,151,0.151,0.35321080872416494
732,866,134,0.134,0.3523061065673828
710,855,145,0.145,0.3536025203466415
816,908,92,0.092,0.3531925908923149
774,887,113,0.113,0.34944438993930815
700,850,150,0.15,0.3471904143691063
756,878,122,0.122,0.3448767172992229
710,855,145,0.145,0.34307455709576606
758,879,121,0.121,0.3443977988958359
752,876,124,0.124,0.33978771579265593
812,906,94,0.094,0.3416518601477146
712,856,144,0.144,0.33355686235427856
792,896,104,0.104,0.33822813925147055
716,858,142,0.142,0.3369768709242344
774,887,113,0.113,0.339183807104826
744,872,128,0.128,0.33586703962087633
764,882,118,0.118,0.3368188125491142
704,852,148,0.148,0.34208941569924356
746,873,127,0.127,0.34220805898308754
770,885,115,0.115,0.3429589202404022
782,891,109,0.109,0.34054681119322777
758,879,121,0.121,0.3412290261089802
760,880,120,0.12,0.3452913316786289
720,860,140,0.14,0.34271205511689184
708,854,146,0.146,0.341387381196022
772,886,114,0.114,0.34889202654361723
682,841,159,0.159,0.34682435694336894
764,882,118,0.118,0.34835871288180353
808,904,96,0.096,0.34925037720799446
774,887,113,0.113,0.3570033450126648
736,868,132,0.132,0.35822312170267107
728,864,136,0.136,0.3589219906330109
768,884,116,0.116,0.3593356731235981
732,866,134,0.134,0.3540693108737469
724,862,138,0.138,0.35526741814613344
762,881,119,0.119,0.35396658650040624
754,877,123,0.123,0.35688058483600615
784,892,108,0.108,0.357978770583868
766,883,117,0.117,0.35448779129981994
806,903,97,0.097,0.3589323461651802
810,905,95,0.095,0.359576088309288
738,869,131,0.131,0.3544456567466259
686,843,157,0.157,0.35065182361006736
776,888,112,0.112,0.3575362736284733
762,881,119,0.119,0.35631528607010843
738,869,131,0.131,0.35068715915083887
734,867,133,0.133,0.3541033604741097
752,876,124,0.124,0.34952335318922995
762,881,119,0.119,0.3496859111189842
708,854,146,0.146,0.3412853873968124
742,871,129,0.129,0.33975455355644224
736,868,132,0.132,0.34343761348724366
792,896,104,0.104,0.34123293033242225
818,909,91,0.091,0.3352981055080891
784,892,108,0.108,0.3355006908476353
748,874,126,0.126,0.3364056824445725
728,864,136,0.136,0.3323698886334896
838,919,81,0.081,0.327245893150568
716,858,142,0.142,0.32479680550098416
810,905,95,0.095,0.3248078962862492
794,897,103,0.103,0.324111347168684
748,874,126,0.126,0.3109613895714283
768,884,116,0.116,0.31274314361810684
770,885,115,0.115,0.3117392972707748
746,873,127,0.127,0.3065323075056076
808,904,96,0.096,0.3008978789746761
780,890,110,0.11,0.30151005628705024
742,871,129,0.129,0.3017200170457363
758,879,121,0.121,0.2971967839449644
748,874,126,0.126,0.2946858501434326
762,881,119,0.119,0.294092740803957
788,894,106,0.106,0.29708053755760194
752,876,124,0.124,0.2925616915673018
690,845,155,0.155,0.29215825897455217
736,868,132,0.132,0.29248509708046916
798,899,101,0.101,0.2986905433386564
772,886,114,0.114,0.29834739696979523
788,894,106,0.106,0.30511066955327987
764,882,118,0.118,0.3066939816176891
758,879,121,0.121,0.3099362187981606
776,888,112,0.112,0.311603444904089
804,902,98,0.098,0.3169443074762821
796,898,102,0.102,0.31965654730796816
746,873,127,0.127,0.3261308342218399
690,845,155,0.155,0.3215792017579079
790,895,105,0.105,0.32495100957155226
760,880,120,0.12,0.3230715350806713
758,879,121,0.121,0.3225054822564125
740,870,130,0.13,0.3272018735408783
706,853,147,0.147,0.32819176197052
764,882,118,0.118,0.3269678832292557
766,883,117,0.117,0.33250998812913896
798,899,101,0.101,0.33360525703430177
756,878,122,0.122,0.32957791244983675
740,870,130,0.13,0.3275573552250862
750,875,125,0.125,0.33258669698238374
774,887,113,0.113,0.32966309225559237
728,864,136,0.136,0.32750840187072755
754,877,123,0.123,0.32806791889667514
782,891,109,0.109,0.330126168102026
798,899,101,0.101,0.32963742476701735
796,898,102,0.102,0.32681725922226906
788,894,106,0.106,0.32697632762789725
758,879,121,0.121,0.31833759608864787
772,886,114,0.114,0.3197896706461906
734,867,133,0.133,0.3106182985305786
766,883,117,0.117,0.31343028992414473
736,868,132,0.132,0.30533969047665593
770,885,115,0.115,0.3102402095794678
734,867,133,0.133,0.30986292007565497
762,881,119,0.119,0.3071258815228939
770,885,115,0.115,0.31218304055929186
724,862,138,0.138,0.3117588402032852
758,879,121,0.121,0.3128189100921154
782,891,109,0.109,0.31677844119071963
728,864,136,0.136,0.321213802665472
742,871,129,0.129,0.32493198308348653
748,874,126,0.126,0.327170072555542
742,871,129,0.129,0.3234133354127407
698,849,151,0.151,0.3274083541631699
744,872,128,0.128,0.327405199021101
766,883,117,0.117,0.32866551449894904
728,864,136,0.136,0.32622638377547264
758,879,121,0.121,0.32403972497582434
760,880,120,0.12,0.320842748850584
766,883,117,0.117,0.32489250937104225
772,886,114,0.114,0.32403384858369827
786,893,107,0.107,0.3097754312753677
724,862,138,0.138,0.3060301083922386
744,872,128,0.128,0.306309476479888
742,871,129,0.129,0.306027146011591
718,859,141,0.141,0.29571193090081216
742,871,129,0.129,0.2945201085060835
748,874,126,0.126,0.2946141073703766
704,852,148,0.148,0.2921927345991135
788,894,106,0.106,0.29315904319286346
744,872,128,0.128,0.28581115913391114
810,905,95,0.095,0.2908550093770027
766,883,117,0.117,0.28476163290441037
712,856,144,0.144,0.2799220017194748
780,890,110,0.11,0.2801956817060709
756,878,122,0.122,0.2830373757481575
744,872,128,0.128,0.28320289035141466
802,901,99,0.099,0.2847101441025734
706,853,147,0.147,0.28502646781504154
776,888,112,0.112,0.2854587814956904
728,864,136,0.136,0.286480649292469
746,873,127,0.127,0.2889672598987818
768,884,116,0.116,0.29395631650090215
772,886,114,0.114,0.2940008111298084
746,873,127,0.127,0.2928614329695702
690,845,155,0.155,0.294759254693985
774,887,113,0.113,0.2961226693987846
762,881,119,0.119,0.29506179557740686
802,901,99,0.099,0.2965859213471413
818,909,91,0.091,0.2995130680203438
778,889,111,0.111,0.29952350780367853
810,905,95,0.095,0.3002985991239548
772,886,114,0.114,0.3001843513995409
788,894,106,0.106,0.29621976390481
708,854,146,0.146,0.2940943259596825
716,858,142,0.142,0.2942937650680542
786,893,107,0.107,0.2968332716524601
768,884,116,0.116,0.2904103834033012
782,891,109,0.109,0.2915061419159174
756,878,122,0.122,0.29219872124493124
748,874,126,0.126,0.289811855584383
756,878,122,0.122,0.2890782866626978
744,872,128,0.128,0.29022758708894253
762,881,119,0.119,0.29643687802553176
802,901,99,0.099,0.2940228243023157
754,877,123,0.123,0.2898872928619385
792,896,104,0.104,0.29329275238513947
736,868,132,0.132,0.29519620099663735
756,878,122,0.122,0.2902876475453377
816,908,92,0.092,0.292829560354352
778,889,111,0.111,0.2924918266534805
758,879,121,0.121,0.290612888365984
812,906,94,0.094,0.29131398017704485
752,876,124,0.124,0.28366170524060724
796,898,102,0.102,0.2852851875722408
744,872,128,0.128,0.28313132387399675
732,866,134,0.134,0.28235833515226844
736,868,132,0.132,0.28400395353138447
760,880,120,0.12,0.28713750550150874
736,868,132,0.132,0.28684717646241187
766,883,117,0.117,0.2924454025328159
750,875,125,0.125,0.29637312731146814
742,871,129,0.129,0.2960169257223606
752,876,124,0.124,0.3020534511208534
734,867,133,0.133,0.30632307332754133
762,881,119,0.119,0.3092381145954132
714,857,143,0.143,0.3067703487575054
774,887,113,0.113,0.3088802140951157
800,900,100,0.1,0.30890001088380814
712,856,144,0.144,0.3094994081258774
770,885,115,0.115,0.3125517881810665
756,878,122,0.122,0.3128383195400238
802,901,99,0.099,0.3136980993449688
722,861,139,0.139,0.30923496071994305
806,903,97,0.097,0.3091204800605774
790,895,105,0.105,0.3101920675486326
788,894,106,0.106,0.3060304246842861
750,875,125,0.125,0.30405831420421603
760,880,120,0.12,0.3058469267487526
740,870,130,0.13,0.3016647615134716
758,879,121,0.121,0.3009128660857677
734,867,133,0.133,0.300862235635519
764,882,118,0.118,0.3025362991243601
812,906,94,0.094,0.30474967166781425
778,889,111,0.111,0.30341806828975676
842,921,79,0.079,0.30386313784122465
782,891,109,0.109,0.30109518447518346
772,886,114,0.114,0.2999586720764637
780,890,110,0.11,0.2967601559013128
814,907,93,0.093,0.30229844707250597
766,883,117,0.117,0.29721103659272197
752,876,124,0.124,0.2974003165513277
752,876,124,0.124,0.29742015691101553
796,898,102,0.102,0.30028904423117636
794,897,103,0.103,0.3045893646478653
724,862,138,0.138,0.31130793668329715
774,887,113,0.113,0.31671494626998903
814,907,93,0.093,0.316402548879385
754,877,123,0.123,0.31480749517679213
722,861,139,0.139,0.3332920863926411
756,878,122,0.122,0.33597100177407263
780,890,110,0.11,0.33710875651240346
812,906,94,0.094,0.33658136320114135
748,874,126,0.126,0.34684720930457114
710,855,145,0.145,0.34340564468503
748,874,126,0.126,0.34361501497030256
720,860,140,0.14,0.341967433065176
758,879,121,0.121,0.35291230300068854
704,852,148,0.148,0.3496515707373619
784,892,108,0.108,0.3522504665851593
804,902,98,0.098,0.354834077000618
788,894,106,0.106,0.3465195139348507
804,902,98,0.098,0.34435537371039393
718,859,141,0.141,0.3431188925802708
794,897,103,0.103,0.3419391131401062
746,873,127,0.127,0.3231195662915707
794,897,103,0.103,0.32527115988731387
836,918,82,0.082,0.32072185730934144
764,882,118,0.118,0.31784179705381393
736,868,132,0.132,0.3062689312398434
850,925,75,0.075,0.30570497491955756
738,869,131,0.131,0.3019884522259235
742,871,129,0.129,0.3007591049075127
802,901,99,0.099,0.2986583611667156
778,889,111,0.111,0.30002809983491896
734,867,133,0.133,0.30045383566617967
728,864,136,0.136,0.30273917350172996
804,902,98,0.098,0.31561330249905584
758,879,121,0.121,0.3134694777727127
708,854,146,0.146,0.31925421062111853
730,865,135,0.135,0.3178182587325573
790,895,105,0.105,0.32403500872850416
772,886,114,0.114,0.3228409893810749
706,853,147,0.147,0.3231679474711418
732,866,134,0.134,0.32389890180528164
820,910,90,0.09,0.3218121935427189
748,874,126,0.126,0.32043803799152376
726,863,137,0.137,0.3214122757911682
768,884,116,0.116,0.32082794085144994
790,895,105,0.105,0.3190212366878986
750,875,125,0.125,0.31763639143109323
760,880,120,0.12,0.31195348779857157
788,894,106,0.106,0.31335884577035905
760,880,120,0.12,0.30800870910286904
734,867,133,0.133,0.306577324539423
692,846,154,0.154,0.3070802714526653
780,890,110,0.11,0.3052850585579872
724,862,138,0.138,0.3113629002273083
834,917,83,0.083,0.31720894238352776
724,862,138,0.138,0.3131515839397907
776,888,112,0.112,0.31140475741028784
772,886,114,0.114,0.3132256237864494
772,886,114,0.114,0.31250791653990745
738,869,131,0.131,0.31340809106826784
740,870,130,0.13,0.31257400041818617
688,844,156,0.156,0.3169177986383438
734,867,133,0.133,0.32134384408593175
740,870,130,0.13,0.3286273342967033
768,884,116,0.116,0.3308131510913372
774,887,113,0.113,0.3372907795906067
748,874,126,0.126,0.33327299150824546
748,874,126,0.126,0.3404483911395073
796,898,102,0.102,0.3406695837676525
768,884,116,0.116,0.3407382715344429
756,878,122,0.122,0.3428222325444221
780,890,110,0.11,0.3363170815706253
738,869,131,0.131,0.3340501578450203
760,880,120,0.12,0.3337727535068989
792,896,104,0.104,0.33562362733483314
748,874,126,0.126,0.3331180919110775
756,878,122,0.122,0.33318899232149124
772,886,114,0.114,0.33723956921696663
718,859,141,0.141,0.3301784011423588
784,892,108,0.108,0.3373882452249527
794,897,103,0.103,0.3381056036353111
758,879,121,0.121,0.33644925940036774
726,863,137,0.137,0.3372868517935276
790,895,105,0.105,0.33720974320173264
764,882,118,0.118,0.33420091593265533
802,901,99,0.099,0.3351079034209251
816,908,92,0.092,0.3341755839586258
818,909,91,0.091,0.3435645721852779
740,870,130,0.13,0.33922717565298083
784,892,108,0.108,0.3419872182011604
762,881,119,0.119,0.34676801693439485
794,897,103,0.103,0.35200809201598166
736,868,132,0.132,0.3501458365023136
788,894,106,0.106,0.3513492142558098
728,864,136,0.136,0.35137774604558947
730,865,135,0.135,0.35799144795536997
736,868,132,0.132,0.3537951897978783
798,899,101,0.101,0.35370903423428535
818,909,91,0.091,0.3562291726469994
818,909,91,0.091,0.36448438888788226
818,909,91,0.091,0.3604806344509125
746,873,127,0.127,0.35846063813567164
744,872,128,0.128,0.3595103378891945
692,846,154,0.154,0.34302177354693414
718,859,141,0.141,0.34265052518248557
730,865,135,0.135,0.3408438982963562
706,853,147,0.147,0.3414818093776703
716,858,142,0.142,0.33903272333741186
794,897,103,0.103,0.3394197387099266
716,858,142,0.142,0.33862273147702215
788,894,106,0.106,0.33721724620461463
806,903,97,0.097,0.3329817906320095
764,882,118,0.118,0.33499664810299873
782,891,109,0.109,0.3368709294497967
716,858,142,0.142,0.3336956535279751
708,854,146,0.146,0.33423329031467436
698,849,151,0.151,0.3344682084023953
718,859,141,0.141,0.3331959003806114
792,896,104,0.104,0.3361221978664398
706,853,147,0.147,0.33409039250016215
770,885,115,0.115,0.3401374861896038
798,899,101,0.101,0.34111004522442817
806,903,97,0.097,0.3401261655092239
724,862,138,0.138,0.3326287156641483
774,887,113,0.113,0.33542162761092187
752,876,124,0.124,0.33592567875981333
774,887,113,0.113,0.33101204454898836
776,888,112,0.112,0.32283442735671997
778,889,111,0.111,0.32033731403946875
818,909,91,0.091,0.32090678104758263
764,882,118,0.118,0.318351342022419
774,887,113,0.113,0.31366575852036477
798,899,101,0.101,0.3136214433312416
762,881,119,0.119,0.31294381177425384
698,849,151,0.151,0.3082268221974373
732,866,134,0.134,0.3066285786926746
776,888,112,0.112,0.3088042699098587
780,890,110,0.11,0.30259917525947094
792,896,104,0.104,0.30344760394096376
728,864,136,0.136,0.29139902701973913
748,874,126,0.126,0.2899184533059597
762,881,119,0.119,0.2844809188395739
802,901,99,0.099,0.2835918068736792
766,883,117,0.117,0.2754193534255028
790,895,105,0.105,0.27810885445773603
748,874,126,0.126,0.27664222013950346
666,833,167,0.167,0.27430129416286947
766,883,117,0.117,0.27299069477617743
768,884,116,0.116,0.27437190651893617
710,855,145,0.145,0.2738989605009556
772,886,114,0.114,0.2765425401479006
812,906,94,0.094,0.2730698765069246
674,837,163,0.163,0.27647415117919444
752,876,124,0.124,0.27419157852232456
728,864,136,0.136,0.27404594707489016
820,910,90,0.09,0.2746856330037117
758,879,121,0.121,0.274816904142499
758,879,121,0.121,0.2735257165282965
772,886,114,0.114,0.27363423964381217
714,857,143,0.143,0.27378469809889794
814,907,93,0.093,0.2772883434742689
730,865,135,0.135,0.2715147601366043
770,885,115,0.115,0.27420466972887514
654,827,173,0.173,0.26926132744550707
772,886,114,0.114,0.2709291503429413
758,879,121,0.121,0.2688242247402668
796,898,102,0.102,0.27123276102542876
832,916,84,0.084,0.2686871290206909
798,899,101,0.101,0.2671088756471872
768,884,116,0.116,0.2627755701392889
786,893,107,0.107,0.26554277203977106
782,891,109,0.109,0.26430310831964016
766,883,117,0.117,0.2621214521676302
740,870,130,0.13,0.26110177241265775
748,874,126,0.126,0.26135159184038637
738,869,131,0.131,0.25881484968960283
716,858,142,0.142,0.2597029376626015
738,869,131,0.131,0.2593746475279331
728,864,136,0.136,0.2580449783504009
802,901,99,0.099,0.25858589366078377
792,896,104,0.104,0.2586355933099985
778,889,111,0.111,0.2554495794326067
798,899,101,0.101,0.2587516548931599
774,887,113,0.113,0.2540019100010395
712,856,144,0.144,0.25630667580664157
790,895,105,0.105,0.25502197347581385
786,893,107,0.107,0.2513936794400215
794,897,103,0.103,0.253274762570858
792,896,104,0.104,0.2565233917087317
846,923,77,0.077,0.24950883604586124
736,868,132,0.132,0.2437217596322298
714,857,143,0.143,0.24292861883342265
802,901,99,0.099,0.24807122001051904
796,898,102,0.102,0.24074154955148697
664,832,168,0.168,0.2405908633172512
820,910,90,0.09,0.24390801459550857
736,868,132,0.132,0.24292021669447422
816,908,92,0.092,0.2430367299169302
742,871,129,0.129,0.24094881120324135
786,893,107,0.107,0.2444954494535923
762,881,119,0.119,0.24301824639737607
778,889,111,0.111,0.23981949780881404
778,889,111,0.111,0.2393925029784441
770,885,115,0.115,0.2392487038820982
766,883,117,0.117,0.23853792141377925
716,858,142,0.142,0.22864899624884127
776,888,112,0.112,0.22913548417389393
790,895,105,0.105,0.23023967689275743
710,855,145,0.145,0.22939599815011025
726,863,137,0.137,0.2244391808360815
716,858,142,0.142,0.22532882705330848
780,890,110,0.11,0.22593552608788015
768,884,116,0.116,0.22556986157596112
790,895,105,0.105,0.22129530099034309
788,894,106,0.106,0.21981366761028767
820,910,90,0.09,0.2196008925139904
764,882,118,0.118,0.21991111166775226
832,916,84,0.084,0.21661338745057582
762,881,119,0.119,0.21611820428073406
770,885,115,0.115,0.21443818363547326
758,879,121,0.121,0.21497202394902706
782,891,109,0.109,0.2031316391378641
732,866,134,0.134,0.20304751892387868
742,871,129,0.129,0.2015774307847023
754,877,123,0.123,0.20010947032272816
738,869,131,0.131,0.20135971516370774
766,883,117,0.117,0.19935530181229114
800,900,100,0.1,0.20252583096921445
748,874,126,0.126,0.20276978169381618
744,872,128,0.128,0.2093034934848547
778,889,111,0.111,0.20837204997241496
716,858,142,0.142,0.20882639555633067
790,895,105,0.105,0.21296662470698358
750,875,125,0.125,0.21305079644918443
700,850,150,0.15,0.21145233207941055
748,874,126,0.126,0.2167548516690731
842,921,79,0.079,0.22247035835683346
770,885,115,0.115,0.22165708963572978
772,886,114,0.114,0.2225842538625002
738,869,131,0.131,0.219890329182148
834,917,83,0.083,0.22300635094940663
748,874,126,0.126,0.22113565841317176
704,852,148,0.148,0.2205627547800541
790,895,105,0.105,0.21978946702182292
782,891,109,0.109,0.21989065922796727
750,875,125,0.125,0.22080742725729943
782,891,109,0.109,0.22018441654741763
732,866,134,0.134,0.21900482611358166
798,899,101,0.101,0.21931843256950379
750,875,125,0.125,0.2168729122132063
808,904,96,0.096,0.2202773864865303
742,871,129,0.129,0.2177112518697977
762,881,119,0.119,0.21406967917084693
800,900,100,0.1,0.2175374703705311
718,859,141,0.141,0.21494056075811385
728,864,136,0.136,0.22038401241600514
748,874,126,0.126,0.22048265172541143
716,858,142,0.142,0.22220421141386032
720,860,140,0.14,0.22578495396673678
752,876,124,0.124,0.2279335686266422
762,881,119,0.119,0.22737238769233226
736,868,132,0.132,0.22913997818529605
770,885,115,0.115,0.22673133166134357
768,884,116,0.116,0.22845807400345802
750,875,125,0.125,0.22575678162276744
766,883,117,0.117,0.22648775665462018
718,859,141,0.141,0.22382286351919173
756,878,122,0.122,0.22400227907299997
806,903,97,0.097,0.22647158542275428
706,853,147,0.147,0.21819805127382277
734,867,133,0.133,0.2193582956045866
726,863,137,0.137,0.21746116626262665
722,861,139,0.139,0.21708665923774242
766,883,117,0.117,0.21869271497428416
762,881,119,0.119,0.218888857409358
740,870,130,0.13,0.2151527819633484
798,899,101,0.101,0.2155649057328701
772,886,114,0.114,0.21598335441946984
800,900,100,0.1,0.21597495609521866
756,878,122,0.122,0.2121451218277216
788,894,106,0.106,0.2125246869325638
792,896,104,0.104,0.20717157812416553
756,878,122,0.122,0.20646992513537407
740,870,130,0.13,0.20131125847995282
780,890,110,0.11,0.20195830960571765
822,911,89,0.089,0.19998976773023605
800,900,100,0.1,0.1982644599378109
710,855,145,0.145,0.1949126634299755
702,851,149,0.149,0.193761608928442
762,881,119,0.119,0.19588474054634572
802,901,99,0.099,0.19622840419411658
782,891,109,0.109,0.19697946354746818
740,870,130,0.13,0.19750053450465202
762,881,119,0.119,0.20022769202291965
748,874,126,0.126,0.20099798195064067
698,849,151,0.151,0.20516571921110152
780,890,110,0.11,0.20293978260457515
766,883,117,0.117,0.20700745528936387
792,896,104,0.104,0.20788081952929496
814,907,93,0.093,0.2093495195657015
756,878,122,0.122,0.20620366925001143
824,912,88,0.088,0.20993126592040062
808,904,96,0.096,0.21089141735434533
732,866,134,0.134,0.2073006705790758
722,861,139,0.139,0.20985616101324558
678,839,161,0.161,0.20761690779030323
766,883,117,0.117,0.2083131329715252
766,883,117,0.117,0.2112191716581583
720,860,140,0.14,0.21105741818249227
726,863,137,0.137,0.2114521705210209
854,927,73,0.073,0.21644463028013705
734,867,133,0.133,0.217490541189909
806,903,97,0.097,0.2211106852144003
732,866,134,0.134,0.22046882866322995
740,870,130,0.13,0.22342186404764652
766,883,117,0.117,0.22515501476824284
792,896,104,0.104,0.22531771928071975
734,867,133,0.133,0.2263784620165825
812,906,94,0.094,0.22640104870498182
772,886,114,0.114,0.22115089882910252
758,879,121,0.121,0.21269805352389812
770,885,115,0.115,0.21381235891580583
786,893,107,0.107,0.20801146471500398
800,900,100,0.1,0.20674164643883705
690,845,155,0.155,0.2008876422792673
714,857,143,0.143,0.19950028048455715
766,883,117,0.117,0.19831577102839948
752,876,124,0.124,0.1975694654136896
768,884,116,0.116,0.19663570310175418
738,869,131,0.131,0.1993454139828682
740,870,130,0.13,0.19640355604887008
738,869,131,0.131,0.19853090535104276
706,853,147,0.147,0.20058263905346393
704,852,148,0.148,0.20358871251344682
794,897,103,0.103,0.2094819027632475
762,881,119,0.119,0.20891091972589493
828,914,86,0.086,0.21195428863167762
746,873,127,0.127,0.20986793288588523
754,877,123,0.123,0.2115363509953022
698,849,151,0.151,0.21195329892635345
766,883,117,0.117,0.21157443332672118
758,879,121,0.121,0.21318782863020896
694,847,153,0.153,0.20956267768144607
806,903,97,0.097,0.21032831354439258
780,890,110,0.11,0.209676967009902
802,901,99,0.099,0.21170317655801774
754,877,123,0.123,0.2090345095694065
784,892,108,0.108,0.20708463717997075
766,883,117,0.117,0.20390896743535997
818,909,91,0.091,0.20758564123511314
766,883,117,0.117,0.20090892335772514
774,887,113,0.113,0.20200147438049315
726,863,137,0.137,0.200867973446846
