log_avg_ept_score,log_avg_succ_req,log_avg_blk_req,log_avg_BP_req,log_avg_entropy
-820,90,910,0.91,2.9945039303302763
-836,82,918,0.918,2.9944642231464385
-850,75,925,0.925,2.9945215401649476
-880,60,940,0.94,2.994472897768021
-866,67,933,0.933,2.9944077751636504
-880,60,940,0.94,2.9943822638988493
-900,50,950,0.95,2.9943860952854155
-886,57,943,0.943,2.9943722994327544
-866,67,933,0.933,2.994305326461792
-900,50,950,0.95,2.9943455929756166
-872,64,936,0.936,2.9942988002300264
-872,64,936,0.936,2.9942854199409483
-846,77,923,0.923,2.994210095643997
-850,75,925,0.925,2.994214223384857
-814,93,907,0.907,2.994108949422836
-860,70,930,0.93,2.99414449596405
-896,52,948,0.948,2.993979025363922
-886,57,943,0.943,2.994027963876724
-848,76,924,0.924,2.9940043654441832
-850,75,925,0.925,2.993970647096634
-840,80,920,0.92,2.993883741378784
-810,95,905,0.905,2.993850872516632
-836,82,918,0.918,2.9937841477394103
-796,102,898,0.898,2.9937270431518557
-858,71,929,0.929,2.9936381533145906
-876,62,938,0.938,2.9935396559238434
-876,62,938,0.938,2.9935445992946623
-794,103,897,0.897,2.993512530565262
-838,81,919,0.919,2.9933513910770415
-842,79,921,0.921,2.9932330656051636
-872,64,936,0.936,2.993151259660721
-884,58,942,0.942,2.993071098804474
-866,67,933,0.933,2.992895718336105
-850,75,925,0.925,2.9929202642440798
-852,74,926,0.926,2.9927802407741546
-858,71,929,0.929,2.9926200470924376
-824,88,912,0.912,2.992489717960358
-846,77,923,0.923,2.9923111255168915
-820,90,910,0.91,2.9921919939517974
-838,81,919,0.919,2.9920272183418275
-854,73,927,0.927,2.9916854445934296
-866,67,933,0.933,2.991590033531189
-824,88,912,0.912,2.991694514989853
-866,67,933,0.933,2.9914788146018982
-780,110,890,0.89,2.9910539391040802
-808,96,904,0.904,2.9909333312511444
-858,71,929,0.929,2.9907173540592193
-854,73,927,0.927,2.9904999551773073
-828,86,914,0.914,2.989792177438736
-838,81,919,0.919,2.9892568731307985
-766,117,883,0.883,2.9898033671379087
-814,93,907,0.907,2.9892268455028534
-822,89,911,0.911,2.9880677905082704
-832,84,916,0.916,2.987851065158844
-830,85,915,0.915,2.987583025932312
-844,78,922,0.922,2.9870311110019685
-816,92,908,0.908,2.9858605818748476
-876,62,938,0.938,2.984699134349823
-840,80,920,0.92,2.9844734935760497
-836,82,918,0.918,2.9844411861896516
-802,99,901,0.901,2.981929568052292
-802,99,901,0.901,2.9811073546409608
-834,83,917,0.917,2.9799752926826475
-792,104,896,0.896,2.9807187728881837
-766,117,883,0.883,2.976391106367111
-750,125,875,0.875,2.9742812168598176
-736,132,868,0.868,2.9755736289024353
-756,122,878,0.878,2.9752728757858278
-784,108,892,0.892,2.9681776361465455
-740,130,870,0.87,2.9688974530696868
-700,150,850,0.85,2.9673554906845094
-698,151,849,0.849,2.966081576347351
-684,158,842,0.842,2.9579481422901153
-722,139,861,0.861,2.955485138654709
-700,150,850,0.85,2.9577518706321717
-706,147,853,0.853,2.9522780961990356
-654,173,827,0.827,2.9428794004917145
-694,153,847,0.847,2.938165666103363
-654,173,827,0.827,2.9366418929100035
-626,187,813,0.813,2.9296919522285463
-646,177,823,0.823,2.9213714263439177
-594,203,797,0.797,2.9142570432424546
-600,200,800,0.8,2.9116961550712586
-616,192,808,0.808,2.901767706632614
-510,245,755,0.755,2.888948123216629
-438,281,719,0.719,2.879092253923416
-410,295,705,0.705,2.8720235140323638
-500,250,750,0.75,2.860375860571861
-494,253,747,0.747,2.834823793411255
-484,258,742,0.742,2.82065607380867
-472,264,736,0.736,2.8132499474287034
-490,255,745,0.745,2.8071403307914733
-408,296,704,0.704,2.762600954532623
-342,329,671,0.671,2.733961627304554
-394,303,697,0.697,2.748395001411438
-380,310,690,0.69,2.6929037410616874
-200,400,600,0.6,2.666191863119602
-234,383,617,0.617,2.6300486195087434
-228,386,614,0.614,2.617721095323563
-188,406,594,0.594,2.573527027130127
-172,414,586,0.586,2.523844397738576
-184,408,592,0.592,2.4863413787782194
-192,404,596,0.596,2.4991894724965094
-162,419,581,0.581,2.453234801530838
-66,467,533,0.533,2.4357959182560442
-84,458,542,0.542,2.3868316585570573
-12,494,506,0.506,2.3668484279960396
24,512,488,0.488,2.337294989481568
12,506,494,0.494,2.3204721057265996
-18,491,509,0.509,2.325515669612214
-4,498,502,0.502,2.3157705432474613
38,519,481,0.481,2.303111945472658
12,506,494,0.494,2.2750790788158772
10,505,495,0.495,2.2737770578712224
6,503,497,0.497,2.292427495393902
2,501,499,0.499,2.2945782105475665
60,530,470,0.47,2.291445947572589
78,539,461,0.461,2.3170974620878697
42,521,479,0.479,2.3026528286449612
28,514,486,0.486,2.334233698857017
-18,491,509,0.509,2.3472360209822654
-34,483,517,0.517,2.3533837711811065
-26,487,513,0.513,2.3510184863507746
-32,484,516,0.516,2.3809719671718774
-54,473,527,0.527,2.4038856695443394
-94,453,547,0.547,2.40748765039444
-26,487,513,0.513,2.3782643005251884
-44,478,522,0.522,2.4204947754740713
-30,485,515,0.515,2.432620127990842
-120,440,560,0.56,2.4481378217339516
-52,474,526,0.526,2.4419694104343654
-90,455,545,0.545,2.470000882141292
-74,463,537,0.537,2.451263504445553
-116,442,558,0.558,2.4999436220154165
-102,449,551,0.551,2.491804634034634
-100,450,550,0.55,2.505271963775158
-110,445,555,0.555,2.5250689600929617
-90,455,545,0.545,2.5475336663499473
-118,441,559,0.559,2.5193119923621414
-112,444,556,0.556,2.5778628729358317
-86,457,543,0.543,2.5725498625040055
-86,457,543,0.543,2.556438703119755
-54,473,527,0.527,2.5670396883934736
-138,431,569,0.569,2.5974119153022768
-136,432,568,0.568,2.5790296073555945
-166,417,583,0.583,2.575309441357851
-174,413,587,0.587,2.592275713145733
-160,420,580,0.58,2.6011097222566604
-132,434,566,0.566,2.5965741694420577
-146,427,573,0.573,2.585124149143696
-130,435,565,0.565,2.5905556008815767
-134,433,567,0.567,2.6018120143413546
-178,411,589,0.589,2.5927137105464935
-176,412,588,0.588,2.5865503416508435
-168,416,584,0.584,2.59972108232975
-154,423,577,0.577,2.5756681760549545
-144,428,572,0.572,2.579598094075918
-162,419,581,0.581,2.584368170455098
-156,422,578,0.578,2.546187359429896
-78,461,539,0.539,2.5411173629164696
-144,428,572,0.572,2.5605130370259284
-98,451,549,0.549,2.5369288277328015
-112,444,556,0.556,2.5193842956125736
-86,457,543,0.543,2.51446678006649
-66,467,533,0.533,2.5032538277506826
-52,474,526,0.526,2.5011790526509285
-66,467,533,0.533,2.4902698527127503
-42,479,521,0.521,2.4826544283926486
-60,470,530,0.53,2.4843789528012277
-14,493,507,0.507,2.4262134621813893
-26,487,513,0.513,2.467784086793661
-8,496,504,0.504,2.4471557975411415
-30,485,515,0.515,2.419232601195574
-24,488,512,0.512,2.427287159204483
-58,471,529,0.529,2.4093302485905586
-54,473,527,0.527,2.4050754373669623
14,507,493,0.493,2.357220976963639
22,511,489,0.489,2.34462148539722
-30,485,515,0.515,2.3369307962134482
22,511,489,0.489,2.3457070155367257
96,548,452,0.452,2.3143372648283838
110,555,445,0.445,2.334322838768363
126,563,437,0.437,2.3081655743420124
88,544,456,0.456,2.3202881538569926
38,519,481,0.481,2.2872273214757444
62,531,469,0.469,2.299803671374917
70,535,465,0.465,2.2734064095318316
78,539,461,0.461,2.275601258084178
24,512,488,0.488,2.2143006722778082
52,526,474,0.474,2.2261343187242746
32,516,484,0.484,2.2527466069459914
34,517,483,0.483,2.2056097800657155
106,553,447,0.447,2.2345127795934676
152,576,424,0.424,2.210754304289818
132,566,434,0.434,2.219735787499696
146,573,427,0.427,2.1855387352369724
122,561,439,0.439,2.153916856303811
144,572,428,0.428,2.145649113293737
164,582,418,0.418,2.1172142890170216
126,563,437,0.437,2.1733569381684066
204,602,398,0.398,2.1189421487413345
126,563,437,0.437,2.1655686655640602
148,574,426,0.426,2.1086518094977365
164,582,418,0.418,2.141277860879898
182,591,409,0.409,2.126223001345992
158,579,421,0.421,2.123542183972895
172,586,414,0.414,2.102470252238214
140,570,430,0.43,2.109017553292215
128,564,436,0.436,2.076697156187147
182,591,409,0.409,2.0463827391639353
130,565,435,0.435,2.066408455170691
176,588,412,0.412,2.0772102046534417
184,592,408,0.408,2.0225485110469164
186,593,407,0.407,2.0564377700313927
152,576,424,0.424,2.0397166063189505
180,590,410,0.41,1.9958194275274872
158,579,421,0.421,1.9924390780925751
174,587,413,0.413,1.9627036010995507
160,580,420,0.42,1.9803084589466453
216,608,392,0.392,1.9598797781690955
202,601,399,0.399,1.9637103504873812
138,569,431,0.431,1.945868559204042
220,610,390,0.39,1.9388942032568157
190,595,405,0.405,1.9675326219219715
246,623,377,0.377,1.901345323646441
230,615,385,0.385,1.8880933074764907
202,601,399,0.399,1.9078321625944228
262,631,369,0.369,1.8978503919877112
262,631,369,0.369,1.844131338018924
270,635,365,0.365,1.8673465208811686
218,609,391,0.391,1.8316948566772044
232,616,384,0.384,1.8307109777648003
330,665,335,0.335,1.770787316275062
284,642,358,0.358,1.82669194804132
306,653,347,0.347,1.760539613649249
350,675,325,0.325,1.7374643022678793
318,659,341,0.341,1.67487915879488
296,648,352,0.352,1.7257064099856652
356,678,322,0.322,1.6494938726888504
338,669,331,0.331,1.633528898737859
400,700,300,0.3,1.5705899672899395
390,695,305,0.305,1.540592328612227
334,667,333,0.333,1.5533378445673733
364,682,318,0.318,1.5618600195103791
386,693,307,0.307,1.4896955811213701
464,732,268,0.268,1.4217690270617604
396,698,302,0.302,1.4220955559281283
470,735,265,0.265,1.379012734347838
448,724,276,0.276,1.3043496003858746
438,719,281,0.281,1.2751398589261806
466,733,267,0.267,1.239659282130131
454,727,273,0.273,1.2292407834402983
492,746,254,0.254,1.1257607294524787
538,769,231,0.231,1.0785094104253221
506,753,247,0.247,1.098723274182761
604,802,198,0.198,0.9919910275412258
560,780,220,0.22,0.9068502542276692
506,753,247,0.247,0.8950524016656564
572,786,214,0.214,0.8983394423379069
560,780,220,0.22,0.8621997607583181
664,832,168,0.168,0.7050217077507986
582,791,209,0.209,0.7680821967422308
604,802,198,0.198,0.6966125703170838
592,796,204,0.204,0.6897160883922256
706,853,147,0.147,0.5727276389944185
630,815,185,0.185,0.5710295437010936
716,858,142,0.142,0.5323680631517346
654,827,173,0.173,0.5370171878941764
682,841,159,0.159,0.4400196984687282
694,847,153,0.153,0.4018368040392129
672,836,164,0.164,0.3994271808753151
678,839,161,0.161,0.3674562031383393
702,851,149,0.149,0.28655234632019144
686,843,157,0.157,0.26360952445625846
692,846,154,0.154,0.28070510661568643
646,823,177,0.177,0.24377387766635003
716,858,142,0.142,0.20220414728768002
776,888,112,0.112,0.1868714879564659
794,897,103,0.103,0.1721305226344236
764,882,118,0.118,0.1566201722305002
778,889,111,0.111,0.10468067242409407
720,860,140,0.14,0.11738083703483654
756,878,122,0.122,0.10810637464330738
754,877,123,0.123,0.11158336773559051
736,868,132,0.132,0.06018875726744646
768,884,116,0.116,0.0554705488945018
808,904,96,0.096,0.060590998425890094
762,881,119,0.119,0.041156323103341254
810,905,95,0.095,0.02664426719367171
732,866,134,0.134,0.037365277506284884
776,888,112,0.112,0.029197617604816345
758,879,121,0.121,0.039199842739048134
762,881,119,0.119,0.020256842370416805
724,862,138,0.138,0.017992952007484603
740,870,130,0.13,0.01604294435920164
736,868,132,0.132,0.016493245036708758
712,856,144,0.144,0.013144055420018987
820,910,90,0.09,0.01397901392050619
754,877,123,0.123,0.01025921862978369
810,905,95,0.095,0.011167941291393731
754,877,123,0.123,0.011936898336918276
770,885,115,0.115,0.0047262218558176555
756,878,122,0.122,0.006065047049801023
750,875,125,0.125,0.00616701846634497
752,876,124,0.124,0.010651935703256527
766,883,117,0.117,0.010043687313951992
734,867,133,0.133,0.010693182210544137
760,880,120,0.12,0.009336706385186659
808,904,96,0.096,0.009564781831662827
764,882,118,0.118,0.011397952205322455
744,872,128,0.128,0.013075526208933723
746,873,127,0.127,0.021897146956437765
798,899,101,0.101,0.016710801546002827
686,843,157,0.157,0.027409026637262416
718,859,141,0.141,0.017708897025746538
788,894,106,0.106,0.016250154586696184
698,849,151,0.151,0.026285402072617828
810,905,95,0.095,0.014654402400122408
766,883,117,0.117,0.02511155345645511
774,887,113,0.113,0.01622308688583786
798,899,101,0.101,0.023248139824819988
792,896,104,0.104,0.04085887895326027
752,876,124,0.124,0.022026173243506066
802,901,99,0.099,0.02467868216465972
760,880,120,0.12,0.03861042248546711
780,890,110,0.11,0.024851364764944164
776,888,112,0.112,0.03170488458026959
792,896,104,0.104,0.03366737905820386
724,862,138,0.138,0.02726635489381512
808,904,96,0.096,0.023167381488200873
750,875,125,0.125,0.03223721029833234
742,871,129,0.129,0.026263293426776288
682,841,159,0.159,0.03297750369747288
784,892,108,0.108,0.02930766288994934
708,854,146,0.146,0.03920284925120522
776,888,112,0.112,0.026228528293645297
756,878,122,0.122,0.031210345400851793
762,881,119,0.119,0.01821244167500103
748,874,126,0.126,0.017142478242513803
780,890,110,0.11,0.026828171814278136
800,900,100,0.1,0.019917166041166865
742,871,129,0.129,0.023082742254725532
772,886,114,0.114,0.014400043983870148
756,878,122,0.122,0.023088333520075353
770,885,115,0.115,0.020374151779029064
760,880,120,0.12,0.018217364923634734
740,870,130,0.13,0.017480133608365648
772,886,114,0.114,0.014757463021207059
740,870,130,0.13,0.012517413287064414
786,893,107,0.107,0.009836263168070942
770,885,115,0.115,0.012693956249901418
770,885,115,0.115,0.014964570600774522
738,869,131,0.131,0.016762874609771387
802,901,99,0.099,0.009083454781520842
796,898,102,0.102,0.008933640896168328
738,869,131,0.131,0.022045875986970855
718,859,141,0.141,0.00998537443859459
784,892,108,0.108,0.012206891473942279
744,872,128,0.128,0.009533306192786455
786,893,107,0.107,0.014858090394011682
766,883,117,0.117,0.019976353067412588
792,896,104,0.104,0.008999796988189573
754,877,123,0.123,0.015684764419364002
838,919,81,0.081,0.009797281916108787
768,884,116,0.116,0.01775167901560677
742,871,129,0.129,0.015265143304040364
750,875,125,0.125,0.00837963165543188
760,880,120,0.12,0.013192875426196935
770,885,115,0.115,0.015616007686106088
760,880,120,0.12,0.01092850366126379
822,911,89,0.089,0.013264996458899645
712,856,144,0.144,0.02910451716596428
726,863,137,0.137,0.01591640349237247
788,894,106,0.106,0.017265573339746567
774,887,113,0.113,0.02365082371605955
748,874,126,0.126,0.01571937284098246
720,860,140,0.14,0.018563208629453654
788,894,106,0.106,0.01889771796796549
724,862,138,0.138,0.024058634483468466
728,864,136,0.136,0.019062441653553037
804,902,98,0.098,0.03132102861293032
800,900,100,0.1,0.013365799389495493
752,876,124,0.124,0.014261055783634674
716,858,142,0.142,0.0192929130949545
714,857,143,0.143,0.02258631373737299
766,883,117,0.117,0.017316851995299688
754,877,123,0.123,0.02285434026217061
808,904,96,0.096,0.013808689833554794
770,885,115,0.115,0.017021008632378737
794,897,103,0.103,0.017790011205806082
794,897,103,0.103,0.014504096200676756
772,886,114,0.114,0.015144367612493766
812,906,94,0.094,0.01459191345581955
786,893,107,0.107,0.023301063179207476
730,865,135,0.135,0.025322821625531573
766,883,117,0.117,0.018261289593976784
796,898,102,0.102,0.013929147019459635
738,869,131,0.131,0.02049938512566254
750,875,125,0.125,0.016404382174057416
706,853,147,0.147,0.016333699820199513
812,906,94,0.094,0.016827830438591165
708,854,146,0.146,0.027009873399639447
738,869,131,0.131,0.017894451243117372
720,860,140,0.14,0.01335794540897723
754,877,123,0.123,0.01514738644083627
734,867,133,0.133,0.012133135589089192
698,849,151,0.151,0.017739376290799556
752,876,124,0.124,0.01095034789042319
716,858,142,0.142,0.028007913392832064
758,879,121,0.121,0.020451782707036428
766,883,117,0.117,0.009701719647483443
760,880,120,0.12,0.018192329397827948
788,894,106,0.106,0.01253742330262719
770,885,115,0.115,0.02180268623895134
790,895,105,0.105,0.016702885535183214
794,897,103,0.103,0.013916637970455696
798,899,101,0.101,0.011347647200272887
788,894,106,0.106,0.025761734549016792
790,895,105,0.105,0.016236536113094984
758,879,121,0.121,0.024874843035964714
758,879,121,0.121,0.022780593652843892
776,888,112,0.112,0.01783387675255325
728,864,136,0.136,0.021193342231711255
720,860,140,0.14,0.014917399511834673
790,895,105,0.105,0.01075504483173654
800,900,100,0.1,0.012575371785940504
798,899,101,0.101,0.009087467000264497
702,851,149,0.149,0.017534789301532554
772,886,114,0.114,0.012869228301042824
770,885,115,0.115,0.013888975774484606
752,876,124,0.124,0.022221774764687653
806,903,97,0.097,0.012817385890359446
786,893,107,0.107,0.017475430185027223
726,863,137,0.137,0.02502003694826756
782,891,109,0.109,0.01754802900316824
688,844,156,0.156,0.011551479042970414
794,897,103,0.103,0.013722479783281371
800,900,100,0.1,0.017706135227086292
754,877,123,0.123,0.019811685755160596
782,891,109,0.109,0.020756548134294533
750,875,125,0.125,0.01695087217954051
768,884,116,0.116,0.018788687313305217
744,872,128,0.128,0.020789379517028635
808,904,96,0.096,0.004915046835861773
796,898,102,0.102,0.013242896280224074
770,885,115,0.115,0.010306703476412849
772,886,114,0.114,0.039707242561179586
820,910,90,0.09,0.00817668768376386
730,865,135,0.135,0.012428590394383775
676,838,162,0.162,0.025121869781398912
794,897,103,0.103,0.011258901243888175
722,861,139,0.139,0.026825781135206853
758,879,121,0.121,0.02414254038800763
688,844,156,0.156,0.018906824550535703
806,903,97,0.097,0.012628017527501954
780,890,110,0.11,0.011260266866416487
698,849,151,0.151,0.01679034308701584
742,871,129,0.129,0.0158616667599847
814,907,93,0.093,0.013753092322135289
746,873,127,0.127,0.012142832695830691
810,905,95,0.095,0.030265860472337067
738,869,131,0.131,0.02492474066011573
764,882,118,0.118,0.015902156004826112
694,847,153,0.153,0.040047766586649686
770,885,115,0.115,0.023529032856838057
790,895,105,0.105,0.01689132918488187
746,873,127,0.127,0.018313326377879094
740,870,130,0.13,0.020094998274843647
766,883,117,0.117,0.018617858628578687
784,892,108,0.108,0.01561781608473666
714,857,143,0.143,0.015054051828542924
802,901,99,0.099,0.015094074838489064
786,893,107,0.107,0.0159520703995789
806,903,97,0.097,0.022015268277961807
802,901,99,0.099,0.01705215510400376
724,862,138,0.138,0.014911836965833345
738,869,131,0.131,0.011930246650147865
832,916,84,0.084,0.008347839740178642
776,888,112,0.112,0.010672439112587426
800,900,100,0.1,0.011363932664830828
796,898,102,0.102,0.010426568509695585
758,879,121,0.121,0.018332047675026844
750,875,125,0.125,0.01127981656394445
832,916,84,0.084,0.010027018580066013
740,870,130,0.13,0.019898066997800015
732,866,134,0.134,0.012665959712544847
772,886,114,0.114,0.015687196927487206
812,906,94,0.094,0.010255561749953812
784,892,108,0.108,0.01870319589979158
788,894,106,0.106,0.009785489652978867
796,898,102,0.102,0.013268890206120204
794,897,103,0.103,0.011780235383011017
788,894,106,0.106,0.01325031517559266
792,896,104,0.104,0.012085727619164346
704,852,148,0.148,0.015274547787329567
726,863,137,0.137,0.01533497279050448
748,874,126,0.126,0.02560223983197065
760,880,120,0.12,0.011864939932681864
768,884,116,0.116,0.0167139870639719
762,881,119,0.119,0.02063530045876496
758,879,121,0.121,0.016076282141542778
790,895,105,0.105,0.011128189597505809
766,883,117,0.117,0.01946491792557299
748,874,126,0.126,0.0202933969712858
714,857,143,0.143,0.01743041435894105
730,865,135,0.135,0.014791542626541627
788,894,106,0.106,0.016780047595451833
788,894,106,0.106,0.015297706296587193
770,885,115,0.115,0.01941227270445583
744,872,128,0.128,0.01975546093243156
764,882,118,0.118,0.013240972599198457
732,866,134,0.134,0.017173064854706353
774,887,113,0.113,0.012115552002184017
754,877,123,0.123,0.025799071478976657
786,893,107,0.107,0.02189474035038168
784,892,108,0.108,0.011179543240348722
728,864,136,0.136,0.014113356171164923
772,886,114,0.114,0.020459538044775398
746,873,127,0.127,0.021461536032245477
740,870,130,0.13,0.02026883531498953
732,866,134,0.134,0.015854332526955374
742,871,129,0.129,0.015227101143567325
744,872,128,0.128,0.021410829812903556
782,891,109,0.109,0.015526832694365111
810,905,95,0.095,0.016363007896721682
766,883,117,0.117,0.021456053091148307
760,880,120,0.12,0.011931519100994136
804,902,98,0.098,0.01766324920828447
784,892,108,0.108,0.01219792767550416
782,891,109,0.109,0.011579369055097346
772,886,114,0.114,0.011754608447907345
704,852,148,0.148,0.02774785057109466
764,882,118,0.118,0.013856965452904149
734,867,133,0.133,0.030455044044337454
758,879,121,0.121,0.012328020289705364
718,859,141,0.141,0.018116735573387815
770,885,115,0.115,0.014992402935251902
718,859,141,0.141,0.016943330114358716
756,878,122,0.122,0.013588130686643012
758,879,121,0.121,0.01762675794384177
816,908,92,0.092,0.007887299262848955
774,887,113,0.113,0.00734108843237118
720,860,140,0.14,0.013893933925952751
788,894,106,0.106,0.031106560926719793
774,887,113,0.113,0.013677509738767298
724,862,138,0.138,0.01441283330374921
778,889,111,0.111,0.0219462201546894
768,884,116,0.116,0.016362361181301365
752,876,124,0.124,0.01942779203950977
758,879,121,0.121,0.016839007232974837
768,884,116,0.116,0.012513155050800607
772,886,114,0.114,0.018143941863345277
792,896,104,0.104,0.014431534717070009
762,881,119,0.119,0.01375699546902615
776,888,112,0.112,0.01588404745565185
738,869,131,0.131,0.024648297587736578
732,866,134,0.134,0.01707723813360451
720,860,140,0.14,0.017142872415810587
778,889,111,0.111,0.01670830284115982
780,890,110,0.11,0.0114834104154138
708,854,146,0.146,0.013750494556486956
774,887,113,0.113,0.015715652572384244
756,878,122,0.122,0.018640513053275753
786,893,107,0.107,0.023279064162267788
722,861,139,0.139,0.010932814057548966
750,875,125,0.125,0.015894970192896152
784,892,108,0.108,0.01684400629379269
748,874,126,0.126,0.016944030208995174
840,920,80,0.08,0.009049849074188841
760,880,120,0.12,0.0110293584329429
786,893,107,0.107,0.011702015285818107
770,885,115,0.115,0.009392480381751967
800,900,100,0.1,0.010934708077854793
740,870,130,0.13,0.00833807584261217
754,877,123,0.123,0.014164821091562772
688,844,156,0.156,0.02564753257838774
790,895,105,0.105,0.0074427351011872814
764,882,118,0.118,0.011616070153209876
744,872,128,0.128,0.010406511142705995
772,886,114,0.114,0.010014931217334834
802,901,99,0.099,0.01086977190994375
764,882,118,0.118,0.013943759544590194
758,879,121,0.121,0.016838767675854682
790,895,105,0.105,0.010789852912235802
752,876,124,0.124,0.01757752652981617
782,891,109,0.109,0.010525563259394403
714,857,143,0.143,0.0170668817112205
790,895,105,0.105,0.013092426105735286
718,859,141,0.141,0.023029067988372846
760,880,120,0.12,0.014436671729248701
742,871,129,0.129,0.016150331756738523
816,908,92,0.092,0.01394205854046595
714,857,143,0.143,0.019126254871318905
746,873,127,0.127,0.01915467646385696
792,896,104,0.104,0.012120489545705822
718,859,141,0.141,0.022261705189910573
748,874,126,0.126,0.01597835481493712
802,901,99,0.099,0.008331457341051418
702,851,149,0.149,0.01456919226477703
780,890,110,0.11,0.015097620237826504
756,878,122,0.122,0.02027468627102462
768,884,116,0.116,0.008555387957247149
812,906,94,0.094,0.007716336403125751
816,908,92,0.092,0.018851566772600564
788,894,106,0.106,0.015158652219846773
726,863,137,0.137,0.023601942864807823
858,929,71,0.071,0.008227006395685976
760,880,120,0.12,0.015600936812177679
732,866,134,0.134,0.02278335465886994
768,884,116,0.116,0.011120997828214968
722,861,139,0.139,0.018718426075538447
742,871,129,0.129,0.016388371821326016
752,876,124,0.124,0.011936233697713761
788,894,106,0.106,0.012195420120462699
828,914,86,0.086,0.005780140985772959
748,874,126,0.126,0.008987886525521389
736,868,132,0.132,0.0126517636593519
708,854,146,0.146,0.01937324408018503
764,882,118,0.118,0.008245033080407041
780,890,110,0.11,0.01848800989051915
744,872,128,0.128,0.012363660311399145
758,879,121,0.121,0.013485706797841885
762,881,119,0.119,0.02529309114692296
786,893,107,0.107,0.012665728973963269
756,878,122,0.122,0.02119471484874876
694,847,153,0.153,0.01678213433038036
794,897,103,0.103,0.01333181807361143
744,872,128,0.128,0.023909459199323465
784,892,108,0.108,0.017394392264766793
790,895,105,0.105,0.011077521704076389
766,883,117,0.117,0.01892977973935558
796,898,102,0.102,0.020576153047488163
794,897,103,0.103,0.014797598037868738
730,865,135,0.135,0.025978500021927173
800,900,100,0.1,0.008659366588428384
810,905,95,0.095,0.01888765230804711
768,884,116,0.116,0.02244444960166766
768,884,116,0.116,0.012562793332679576
814,907,93,0.093,0.012810055528404519
794,897,103,0.103,0.009114131458547491
752,876,124,0.124,0.013650348496543301
780,890,110,0.11,0.010627668859084224
766,883,117,0.117,0.01270167912544548
802,901,99,0.099,0.00938999068818157
772,886,114,0.114,0.008273768228942685
786,893,107,0.107,0.011821156363634145
772,886,114,0.114,0.011270928379822635
800,900,100,0.1,0.00499883970974588
776,888,112,0.112,0.020260232563367026
764,882,118,0.118,0.012265944289832987
766,883,117,0.117,0.011817961318811285
710,855,145,0.145,0.01338654594430136
804,902,98,0.098,0.007198962448077509
750,875,125,0.125,0.012177613815007135
830,915,85,0.085,0.006843824517902249
764,882,118,0.118,0.015251931150127348
750,875,125,0.125,0.01390206294250953
738,869,131,0.131,0.01860524638238712
738,869,131,0.131,0.017717773907959783
806,903,97,0.097,0.011823112912741636
754,877,123,0.123,0.018330720857222333
718,859,141,0.141,0.01327338289907425
750,875,125,0.125,0.025177450445706198
722,861,139,0.139,0.017998253571557144
744,872,128,0.128,0.013881770750405848
744,872,128,0.128,0.01717971487776231
786,893,107,0.107,0.012479713517106574
758,879,121,0.121,0.02201225083301688
762,881,119,0.119,0.0178901105130426
772,886,114,0.114,0.014525195250169418
674,837,163,0.163,0.03305249175951758
784,892,108,0.108,0.01758148947301015
772,886,114,0.114,0.012277830599472508
796,898,102,0.102,0.021413454382825877
764,882,118,0.118,0.015547497325342193
786,893,107,0.107,0.015005116230604472
846,923,77,0.077,0.006173198483786109
716,858,142,0.142,0.021991161049194487
772,886,114,0.114,0.020784855572223024
784,892,108,0.108,0.010084442938870779
772,886,114,0.114,0.01075381826965895
792,896,104,0.104,0.007782024942567204
752,876,124,0.124,0.017307528681854818
808,904,96,0.096,0.007481101358498563
838,919,81,0.081,0.00794548354640574
752,876,124,0.124,0.01263986089064565
782,891,109,0.109,0.013173020989857832
830,915,85,0.085,0.007883383535345274
772,886,114,0.114,0.012776294619056898
758,879,121,0.121,0.009873107044973836
752,876,124,0.124,0.016976088810644798
776,888,112,0.112,0.009627062002496899
692,846,154,0.154,0.01772698254884699
748,874,126,0.126,0.013359929318341074
700,850,150,0.15,0.019181036963560473
742,871,129,0.129,0.01825065238201205
764,882,118,0.118,0.01338096643657991
770,885,115,0.115,0.016706306498555933
770,885,115,0.115,0.01954402159259189
776,888,112,0.112,0.013585461362668865
718,859,141,0.141,0.02369044956533253
806,903,97,0.097,0.012336622234339302
796,898,102,0.102,0.010905189741059985
780,890,110,0.11,0.015018296911584912
766,883,117,0.117,0.017632468176669136
770,885,115,0.115,0.022938916659086317
748,874,126,0.126,0.016830150969064563
812,906,94,0.094,0.012213103358441004
778,889,111,0.111,0.013288828136011944
764,882,118,0.118,0.01777409100884688
742,871,129,0.129,0.014071675382961986
796,898,102,0.102,0.016470478060116873
756,878,122,0.122,0.02824337386840489
812,906,94,0.094,0.009132939965766126
746,873,127,0.127,0.026907698044706194
712,856,144,0.144,0.023812889094486308
850,925,75,0.075,0.009151479037181161
678,839,161,0.161,0.01944237620558647
740,870,130,0.13,0.012040783300151816
752,876,124,0.124,0.018343596150403756
668,834,166,0.166,0.0135066613224717
820,910,90,0.09,0.009020058125883225
696,848,152,0.152,0.016270245717809304
770,885,115,0.115,0.005653199010262142
770,885,115,0.115,0.00876134515743979
742,871,129,0.129,0.014361529124624212
752,876,124,0.124,0.0124116871863298
724,862,138,0.138,0.01639113103710406
760,880,120,0.12,0.009026395076158223
780,890,110,0.11,0.012500362371818483
734,867,133,0.133,0.020350083781893773
792,896,104,0.104,0.009102337977907155
770,885,115,0.115,0.012497686807480932
784,892,108,0.108,0.010959927269992478
712,856,144,0.144,0.01503052832897788
722,861,139,0.139,0.011184589429409243
772,886,114,0.114,0.012477054738446895
756,878,122,0.122,0.014016717221742511
802,901,99,0.099,0.01513346081772761
796,898,102,0.102,0.008745589842412301
752,876,124,0.124,0.012126573152374476
762,881,119,0.119,0.017160307473735883
676,838,162,0.162,0.020815188663815206
792,896,104,0.104,0.015239203145529701
760,880,120,0.12,0.010829153272794429
804,902,98,0.098,0.01289211198832345
806,903,97,0.097,0.010268647447698186
752,876,124,0.124,0.01540723093627821
818,909,91,0.091,0.014729109009338572
766,883,117,0.117,0.019196450223877035
772,886,114,0.114,0.02209307490908395
780,890,110,0.11,0.012299191770456673
772,886,114,0.114,0.01632576083650201
756,878,122,0.122,0.010415820998357958
778,889,111,0.111,0.012061189523446956
768,884,116,0.116,0.006412339299196901
762,881,119,0.119,0.013659741954642413
750,875,125,0.125,0.01198394551056117
718,859,141,0.141,0.01355915020399334
764,882,118,0.118,0.02271567653808961
760,880,120,0.12,0.013839147371892978
746,873,127,0.127,0.015551681592984095
772,886,114,0.114,0.0109839444767822
744,872,128,0.128,0.01184125507391218
750,875,125,0.125,0.010239780179686932
746,873,127,0.127,0.01640865436002423
754,877,123,0.123,0.014815119293987664
698,849,151,0.151,0.018112855216182652
806,903,97,0.097,0.015056656453565666
800,900,100,0.1,0.012349393166103255
814,907,93,0.093,0.010105241597069835
742,871,129,0.129,0.017067358210159
756,878,122,0.122,0.011570454134554892
772,886,114,0.114,0.013020775335520738
836,918,82,0.082,0.018076803194031526
782,891,109,0.109,0.01959178815986161
780,890,110,0.11,0.008648453581510694
774,887,113,0.113,0.014282657144891346
764,882,118,0.118,0.021544150351255665
830,915,85,0.085,0.006249346674281697
734,867,133,0.133,0.01857917585217001
728,864,136,0.136,0.016783615759419262
822,911,89,0.089,0.010242925185615604
806,903,97,0.097,0.01821853900070164
782,891,109,0.109,0.01755592249323672
754,877,123,0.123,0.018299408428814785
756,878,122,0.122,0.010107682194880908
698,849,151,0.151,0.01531093161717581
752,876,124,0.124,0.011506451314831793
768,884,116,0.116,0.01346770977171036
764,882,118,0.118,0.010665384203461144
766,883,117,0.117,0.008311829780792323
776,888,112,0.112,0.009566978297109016
810,905,95,0.095,0.007839134400615877
744,872,128,0.128,0.012830766149868396
766,883,117,0.117,0.011601363265594045
754,877,123,0.123,0.015075288881540473
770,885,115,0.115,0.012501786327560695
714,857,143,0.143,0.016145273986698953
772,886,114,0.114,0.01345459295092587
758,879,121,0.121,0.017007803152810082
824,912,88,0.088,0.011662443344430357
736,868,132,0.132,0.016112510514438325
794,897,103,0.103,0.015383154506216669
748,874,126,0.126,0.02010846013565606
786,893,107,0.107,0.012617107272108114
646,823,177,0.177,0.02474713849973341
800,900,100,0.1,0.009281407764363394
694,847,153,0.153,0.020587423930628575
820,910,90,0.09,0.014633633137011203
766,883,117,0.117,0.01865549771398946
768,884,116,0.116,0.02403559533974112
778,889,111,0.111,0.017236637229631015
738,869,131,0.131,0.021128188361988577
800,900,100,0.1,0.011016071780977655
784,892,108,0.108,0.015077508558533737
808,904,96,0.096,0.014270651981219998
746,873,127,0.127,0.013798079325166327
720,860,140,0.14,0.015114564653846174
772,886,114,0.114,0.01817242969805011
764,882,118,0.118,0.010667090324208402
706,853,147,0.147,0.030105538650528615
788,894,106,0.106,0.009537620901293849
782,891,109,0.109,0.006725388229471719
876,938,62,0.062,0.005448066412904154
764,882,118,0.118,0.012085637563402998
750,875,125,0.125,0.008672106801610426
778,889,111,0.111,0.007912424556106998
808,904,96,0.096,0.00703745855069792
772,886,114,0.114,0.009724882377201993
816,908,92,0.092,0.009372411016258412
778,889,111,0.111,0.009869512339183985
804,902,98,0.098,0.007826715377909466
758,879,121,0.121,0.013298526318576477
758,879,121,0.121,0.01390416673899017
640,820,180,0.18,0.018205590448465956
802,901,99,0.099,0.012052521988647641
774,887,113,0.113,0.008207872186569147
702,851,149,0.149,0.018557806919121504
784,892,108,0.108,0.015920334079110036
780,890,110,0.11,0.015310178907691806
808,904,96,0.096,0.009743557581856294
744,872,128,0.128,0.013459995861994685
722,861,139,0.139,0.01634126854474016
744,872,128,0.128,0.02110675776253629
844,922,78,0.078,0.006784415636684571
658,829,171,0.171,0.02748012315933829
712,856,144,0.144,0.0203670805894144
760,880,120,0.12,0.014516863682394614
758,879,121,0.121,0.014145100746813114
744,872,128,0.128,0.02038398924788635
832,916,84,0.084,0.014551786993339193
828,914,86,0.086,0.012975313039520188
732,866,134,0.134,0.027588167514215455
742,871,129,0.129,0.012072783617062668
762,881,119,0.119,0.015200315383313864
808,904,96,0.096,0.01626459483810504
686,843,157,0.157,0.025207771283508918
762,881,119,0.119,0.014596161454666799
730,865,135,0.135,0.017646722007974857
808,904,96,0.096,0.018035646456759424
832,916,84,0.084,0.0070725830544834025
730,865,135,0.135,0.013186903857308608
762,881,119,0.119,0.009714001522939724
780,890,110,0.11,0.010002122288977261
746,873,127,0.127,0.01633295274217744
714,857,143,0.143,0.012779295393805115
804,902,98,0.098,0.0119074062260579
722,861,139,0.139,0.011310892984526618
738,869,131,0.131,0.01223259124696051
794,897,103,0.103,0.010340981662900959
784,892,108,0.108,0.007753204808490409
858,929,71,0.071,0.0052907991911561114
750,875,125,0.125,0.012070041247367044
752,876,124,0.124,0.016607996604749133
788,894,106,0.106,0.006607728032737213
750,875,125,0.125,0.011740256824321933
732,866,134,0.134,0.020766834539201227
820,910,90,0.09,0.011641238851312664
784,892,108,0.108,0.009896158087894036
816,908,92,0.092,0.0073059539123132705
804,902,98,0.098,0.009327966052051124
712,856,144,0.144,0.03206837343530788
696,848,152,0.152,0.02466682951244002
768,884,116,0.116,0.008672018394932821
788,894,106,0.106,0.012564323203027016
690,845,155,0.155,0.031736917642802835
770,885,115,0.115,0.024580191244742308
772,886,114,0.114,0.009020630383718526
796,898,102,0.102,0.017438939264517103
762,881,119,0.119,0.007787747702292108
814,907,93,0.093,0.00945730255683884
794,897,103,0.103,0.017555030876406818
840,920,80,0.08,0.008624085634939547
786,893,107,0.107,0.00801633804647463
750,875,125,0.125,0.02201317920976726
768,884,116,0.116,0.015983447509213874
686,843,157,0.157,0.011792356578223917
774,887,113,0.113,0.00801624108870601
760,880,120,0.12,0.00983283366345131
784,892,108,0.108,0.00513452579060322
776,888,112,0.112,0.010501411380420905
730,865,135,0.135,0.00858634324387458
772,886,114,0.114,0.007996237162205943
780,890,110,0.11,0.009020231872964359
772,886,114,0.114,0.012094982959852132
788,894,106,0.106,0.006811172943682322
806,903,97,0.097,0.009942797897343553
774,887,113,0.113,0.011928390203422169
792,896,104,0.104,0.009487609318217438
764,882,118,0.118,0.014821167833964864
744,872,128,0.128,0.008928423751738591
734,867,133,0.133,0.015345091995070106
784,892,108,0.108,0.013218819237728894
738,869,131,0.131,0.011655545424227967
754,877,123,0.123,0.008597016995023295
746,873,127,0.127,0.015301768653309409
746,873,127,0.127,0.017473993252926447
732,866,134,0.134,0.02050030100304866
842,921,79,0.079,0.007597029358998043
732,866,134,0.134,0.009029244242236018
680,840,160,0.16,0.021073957823720776
800,900,100,0.1,0.009082372017458056
704,852,148,0.148,0.01348101140402423
742,871,129,0.129,0.012540686814409127
752,876,124,0.124,0.02024765429067338
786,893,107,0.107,0.01033639048380428
728,864,136,0.136,0.010611676016465935
764,882,118,0.118,0.007962511057462053
766,883,117,0.117,0.019984431517234044
792,896,104,0.104,0.01382718347174523
774,887,113,0.113,0.01360727079865319
750,875,125,0.125,0.014846112056944548
774,887,113,0.113,0.013858001839966164
800,900,100,0.1,0.01106965222521103
782,891,109,0.109,0.01587699358494865
798,899,101,0.101,0.008684764316385554
796,898,102,0.102,0.009983179502043641
768,884,116,0.116,0.008812196097547713
766,883,117,0.117,0.010949519842153676
764,882,118,0.118,0.013698484222855769
764,882,118,0.118,0.01632282659102202
774,887,113,0.113,0.012023330911109952
860,930,70,0.07,0.003778654203375481
736,868,132,0.132,0.008449064711352549
788,894,106,0.106,0.007186901971510452
756,878,122,0.122,0.006071515583131259
734,867,133,0.133,0.010165912538859857
796,898,102,0.102,0.006034287128083633
760,880,120,0.12,0.008678968345659087
684,842,158,0.158,0.011561124997910156
790,895,105,0.105,0.006995591444749152
796,898,102,0.102,0.00733155122281903
808,904,96,0.096,0.007304452357289847
802,901,99,0.099,0.011782059917848527
758,879,121,0.121,0.011751301007556322
710,855,145,0.145,0.014209119503910187
774,887,113,0.113,0.011420927113835204
714,857,143,0.143,0.023646170608204557
808,904,96,0.096,0.007496258554436281
754,877,123,0.123,0.01392664793810036
798,899,101,0.101,0.015292988570363377
742,871,129,0.129,0.012293662359559676
726,863,137,0.137,0.010381621318236285
734,867,133,0.133,0.012965331935771247
780,890,110,0.11,0.011774551192385843
778,889,111,0.111,0.01580622399588492
786,893,107,0.107,0.011130152143188752
740,870,130,0.13,0.016323966103984275
788,894,106,0.106,0.01966072885064932
794,897,103,0.103,0.00884486654311695
798,899,101,0.101,0.009864819876092952
818,909,91,0.091,0.008435121829288619
790,895,105,0.105,0.011633010378172912
752,876,124,0.124,0.012316981754640438
716,858,142,0.142,0.014993663804132666
746,873,127,0.127,0.011080882010632195
772,886,114,0.114,0.0076074780002090845
670,835,165,0.165,0.029704295736688438
786,893,107,0.107,0.00873484551846559
726,863,137,0.137,0.01201451191867818
750,875,125,0.125,0.016265908763150948
762,881,119,0.119,0.009027464039209008
762,881,119,0.119,0.008950888176839726
774,887,113,0.113,0.006807644404743769
730,865,135,0.135,0.011484771955703764
732,866,134,0.134,0.009420934853762447
748,874,126,0.126,0.014964889889044571
772,886,114,0.114,0.011696571721116924
714,857,143,0.143,0.010267505819669167
730,865,135,0.135,0.007617443072420429
766,883,117,0.117,0.018923550000738032
784,892,108,0.108,0.007924799569125753
748,874,126,0.126,0.017223963403033848
802,901,99,0.099,0.006973525148248882
710,855,145,0.145,0.016244349699445593
772,886,114,0.114,0.007185942446965783
766,883,117,0.117,0.011949114571420068
770,885,115,0.115,0.015276610669847287
720,860,140,0.14,0.013405680113704875
780,890,110,0.11,0.015522471369877167
808,904,96,0.096,0.01090001350476814
744,872,128,0.128,0.015006365357461618
736,868,132,0.132,0.014607149778514213
772,886,114,0.114,0.02067995051015805
728,864,136,0.136,0.01874190693555647
738,869,131,0.131,0.015794063481112973
750,875,125,0.125,0.010476313179802674
772,886,114,0.114,0.014370131369927548
798,899,101,0.101,0.014851072273591854
748,874,126,0.126,0.010633308485150338
792,896,104,0.104,0.006882106027660484
760,880,120,0.12,0.008628153126010148
752,876,124,0.124,0.006324967471715354
704,852,148,0.148,0.013907826126269356
746,873,127,0.127,0.012212221974572458
728,864,136,0.136,0.020130539775902435
756,878,122,0.122,0.010278687232679658
752,876,124,0.124,0.017436161036052
746,873,127,0.127,0.017866411472594337
764,882,118,0.118,0.007569194882038574
796,898,102,0.102,0.0066273832246806705
744,872,128,0.128,0.00923384583110601
836,918,82,0.082,0.008162852564961213
768,884,116,0.116,0.016340114792761595
798,899,101,0.101,0.005655815718906524
792,896,104,0.104,0.020149491695141478
782,891,109,0.109,0.008840075005951803
740,870,130,0.13,0.00987854791882637
824,912,88,0.088,0.007867530679344781
786,893,107,0.107,0.009400943466833268
740,870,130,0.13,0.013930380895420967
750,875,125,0.125,0.020269176526417142
744,872,128,0.128,0.010232324387754487
818,909,91,0.091,0.013417593857986503
790,895,105,0.105,0.008645976213301765
744,872,128,0.128,0.009649423927430689
716,858,142,0.142,0.020765949308184643
768,884,116,0.116,0.011135611672143568
808,904,96,0.096,0.007582759407174308
736,868,132,0.132,0.014162972360514687
804,902,98,0.098,0.008775200599564414
736,868,132,0.132,0.015353505634804605
778,889,111,0.111,0.010591892790042039
746,873,127,0.127,0.025044924070753042
730,865,135,0.135,0.0273195607769012
788,894,106,0.106,0.02047817514934286
742,871,129,0.129,0.01203241111090756
772,886,114,0.114,0.022245289415834122
752,876,124,0.124,0.009318162532537826
756,878,122,0.122,0.016218100510068324
724,862,138,0.138,0.008958873955627496
766,883,117,0.117,0.019125009820985726
782,891,109,0.109,0.010169398467158317
752,876,124,0.124,0.012371989259714609
820,910,90,0.09,0.014352180096509983
740,870,130,0.13,0.010793396977620433
728,864,136,0.136,0.013203352968521358
742,871,129,0.129,0.01770498575134843
754,877,123,0.123,0.010398320262782363
824,912,88,0.088,0.01059050218660559
790,895,105,0.105,0.011023976582480827
750,875,125,0.125,0.01204112523868389
688,844,156,0.156,0.013216335925200837
740,870,130,0.13,0.014949325060992124
780,890,110,0.11,0.011031941933852067
722,861,139,0.139,0.011248423378492588
718,859,141,0.141,0.017377929986403615
674,837,163,0.163,0.013092902557385969
774,887,113,0.113,0.009581565181266342
774,887,113,0.113,0.007889173175790347
744,872,128,0.128,0.0110178767993566
772,886,114,0.114,0.010141125147863932
704,852,148,0.148,0.019556240626036014
782,891,109,0.109,0.015060529346592376
786,893,107,0.107,0.007626291337815928
750,875,125,0.125,0.011028972084212
842,921,79,0.079,0.007524133651764714
786,893,107,0.107,0.010229557659024977
740,870,130,0.13,0.014317248965881844
792,896,104,0.104,0.009571782368584535
776,888,112,0.112,0.013014305216973299
710,855,145,0.145,0.014020930156515532
700,850,150,0.15,0.014362677232515124
768,884,116,0.116,0.009534269233481609
702,851,149,0.149,0.011337169579783223
796,898,102,0.102,0.015622116799460855
770,885,115,0.115,0.009916119001500192
756,878,122,0.122,0.009072233678249176
734,867,133,0.133,0.008572349781752564
750,875,125,0.125,0.02015683030289074
826,913,87,0.087,0.008807395665855438
740,870,130,0.13,0.025191172692349936
748,874,126,0.126,0.0176967513262789
712,856,144,0.144,0.013703304086484423
702,851,149,0.149,0.015607415985192347
744,872,128,0.128,0.011598390144914447
684,842,158,0.158,0.020812510754618416
774,887,113,0.113,0.006834783702950517
732,866,134,0.134,0.016712387607603886
778,889,111,0.111,0.016897507449371914
726,863,137,0.137,0.009775038180443516
760,880,120,0.12,0.01055876066100609
806,903,97,0.097,0.009873756211120053
732,866,134,0.134,0.009425262297023437
728,864,136,0.136,0.012917790449166204
798,899,101,0.101,0.02060337351389171
780,890,110,0.11,0.01254685989789141
766,883,117,0.117,0.010318411586500587
824,912,88,0.088,0.011302324070973554
750,875,125,0.125,0.009451307990166241
748,874,126,0.126,0.011046242965690909
760,880,120,0.12,0.012679157858459803
816,908,92,0.092,0.007621631791023901
714,857,143,0.143,0.012719861147881602
764,882,118,0.118,0.006250115123519208
784,892,108,0.108,0.005051868517115963
730,865,135,0.135,0.009121271551848623
788,894,106,0.106,0.006861991555852
746,873,127,0.127,0.009322260838782313
802,901,99,0.099,0.01596977222421265
818,909,91,0.091,0.007924159142799909
774,887,113,0.113,0.008107379307693919
776,888,112,0.112,0.008617447125245235
734,867,133,0.133,0.007691325497755315
796,898,102,0.102,0.014248817429899646
776,888,112,0.112,0.011521523216114972
792,896,104,0.104,0.007306435648250044
778,889,111,0.111,0.011710117121561779
730,865,135,0.135,0.011679576681173785
790,895,105,0.105,0.00503286162518998
770,885,115,0.115,0.00696788673553965
780,890,110,0.11,0.0050568729375827385
762,881,119,0.119,0.008786461166633671
808,904,96,0.096,0.011049549908006157
812,906,94,0.094,0.010020356031134724
768,884,116,0.116,0.00911378721231813
768,884,116,0.116,0.008963042412952291
746,873,127,0.127,0.009726444717583944
780,890,110,0.11,0.006826459803345643
778,889,111,0.111,0.008953331337837881
734,867,133,0.133,0.012139017823581526
820,910,90,0.09,0.007043509914954484
726,863,137,0.137,0.008868514364978182
776,888,112,0.112,0.010368840151040786
788,894,106,0.106,0.010876762949526893
792,896,104,0.104,0.009025759200390894
742,871,129,0.129,0.010861624132066936
800,900,100,0.1,0.006271335901357816
796,898,102,0.102,0.012024626460683066
738,869,131,0.131,0.013192151335491871
768,884,116,0.116,0.013402443361555924
728,864,136,0.136,0.012198382815462537
804,902,98,0.098,0.009481528839336534
758,879,121,0.121,0.00722830866572258
764,882,118,0.118,0.00811284526178497
778,889,111,0.111,0.009180226074200618
748,874,126,0.126,0.010352841849851756
760,880,120,0.12,0.00924835834717669
658,829,171,0.171,0.015633158483135047
782,891,109,0.109,0.013179127855102706
742,871,129,0.129,0.010665308751566044
770,885,115,0.115,0.011063227394144632
774,887,113,0.113,0.006959547418169678
746,873,127,0.127,0.012428645944994059
744,872,128,0.128,0.011748031839510077
792,896,104,0.104,0.013080549383288599
756,878,122,0.122,0.008815450537510514
836,918,82,0.082,0.008498967563828046
762,881,119,0.119,0.017163780748334828
736,868,132,0.132,0.017505869523636648
726,863,137,0.137,0.01174048078515989
720,860,140,0.14,0.012129456222726731
772,886,114,0.114,0.00763996271124779
810,905,95,0.095,0.012212676720933815
786,893,107,0.107,0.006970714705224964
718,859,141,0.141,0.008891070555258921
722,861,139,0.139,0.010859981960937149
800,900,100,0.1,0.011463634972533327
688,844,156,0.156,0.011537598010254441
678,839,161,0.161,0.014474369837254926
786,893,107,0.107,0.008248272683355026
784,892,108,0.108,0.012165509983504307
796,898,102,0.102,0.007240617752671824
742,871,129,0.129,0.009499518128600358
766,883,117,0.117,0.009308292283632908
708,854,146,0.146,0.01517947818263201
712,856,144,0.144,0.018076774522696723
762,881,119,0.119,0.02076694911434606
732,866,134,0.134,0.011496858503654948
786,893,107,0.107,0.01110807551370135
820,910,90,0.09,0.007521406331965409
790,895,105,0.105,0.008221885171540634
750,875,125,0.125,0.008840283385196017
760,880,120,0.12,0.008009177134437778
766,883,117,0.117,0.017424055216280977
762,881,119,0.119,0.010256192291999469
760,880,120,0.12,0.010361488285750965
724,862,138,0.138,0.015681921133288597
738,869,131,0.131,0.011490881894525955
788,894,106,0.106,0.014607088802626095
728,864,136,0.136,0.013527058399391535
696,848,152,0.152,0.012639636633066402
798,899,101,0.101,0.007148311113014643
742,871,129,0.129,0.008432289883756312
762,881,119,0.119,0.01710553681946476
772,886,114,0.114,0.011293210845851718
720,860,140,0.14,0.016695267108414555
748,874,126,0.126,0.018222163875834668
800,900,100,0.1,0.009718921766681888
798,899,101,0.101,0.008363665368313377
724,862,138,0.138,0.011552058789733564
764,882,118,0.118,0.011990244704124051
746,873,127,0.127,0.01229383027314907
784,892,108,0.108,0.009122845882899128
722,861,139,0.139,0.010136719893147529
738,869,131,0.131,0.013485930453447509
734,867,133,0.133,0.006227205330436846
756,878,122,0.122,0.013613797062491358
832,916,84,0.084,0.007990316302268183
760,880,120,0.12,0.01794645675715583
754,877,123,0.123,0.008833079362579157
746,873,127,0.127,0.013874939237597573
688,844,156,0.156,0.012685749155876693
724,862,138,0.138,0.008026509212306791
804,902,98,0.098,0.008819515105968094
742,871,129,0.129,0.01033587048271147
770,885,115,0.115,0.010524996425752761
752,876,124,0.124,0.014287480972212507
790,895,105,0.105,0.012194261401844415
708,854,146,0.146,0.013841639772537747
714,857,143,0.143,0.01951009684630844
744,872,128,0.128,0.012439217603579892
786,893,107,0.107,0.004906592048682796
658,829,171,0.171,0.020332590945108676
712,856,144,0.144,0.016358084890816825
790,895,105,0.105,0.009143414552352624
784,892,108,0.108,0.00914383495243237
694,847,153,0.153,0.010077094879525248
784,892,108,0.108,0.016622467569737637
824,912,88,0.088,0.00578889910797443
724,862,138,0.138,0.010346102432088628
806,903,97,0.097,0.01189296967104201
754,877,123,0.123,0.012537238075128698
796,898,102,0.102,0.006811202947275888
722,861,139,0.139,0.014721355484885863
768,884,116,0.116,0.00601511163647956
756,878,122,0.122,0.011337284140285191
760,880,120,0.12,0.012643438508064719
782,891,109,0.109,0.005766572561428802
788,894,106,0.106,0.00762175338511588
828,914,86,0.086,0.006766348773478967
722,861,139,0.139,0.006804011866586734
798,899,101,0.101,0.005350876921307645
690,845,155,0.155,0.012401581954552966
778,889,111,0.111,0.005218465287689469
778,889,111,0.111,0.0111746402472927
766,883,117,0.117,0.009560367772435711
774,887,113,0.113,0.008196610269216762
754,877,123,0.123,0.013439198935258901
822,911,89,0.089,0.0054427962163536
688,844,156,0.156,0.011992234526750509
746,873,127,0.127,0.011682951723923907
766,883,117,0.117,0.0059070182994673814
788,894,106,0.106,0.015712828819228888
762,881,119,0.119,0.009290294423271917
728,864,136,0.136,0.006192234949987324
744,872,128,0.128,0.013873217414817191
774,887,113,0.113,0.007889791988171056
750,875,125,0.125,0.008449822859423875
758,879,121,0.121,0.008679402457244578
810,905,95,0.095,0.011138313807387022
770,885,115,0.115,0.010633647767681395
772,886,114,0.114,0.008374567864040727
778,889,111,0.111,0.010428577445847622
790,895,105,0.105,0.009976167448687193
818,909,91,0.091,0.008020773883486982
716,858,142,0.142,0.011745340928398946
734,867,133,0.133,0.01085704977795831
752,876,124,0.124,0.007739589804194111
798,899,101,0.101,0.011447590842697537
772,886,114,0.114,0.014270118706990615
688,844,156,0.156,0.011076015028156689
794,897,103,0.103,0.00703475391111715
774,887,113,0.113,0.007194579036862706
786,893,107,0.107,0.005362839841487585
794,897,103,0.103,0.013023182210756204
748,874,126,0.126,0.012091659446228732
696,848,152,0.152,0.010379517264627793
758,879,121,0.121,0.0079758232113345
742,871,129,0.129,0.00798796202435915
684,842,158,0.158,0.012152375773900303
720,860,140,0.14,0.007726979608596593
784,892,108,0.108,0.00744239352092336
768,884,116,0.116,0.010292019993699796
744,872,128,0.128,0.007745784317896323
800,900,100,0.1,0.01026072805126023
776,888,112,0.112,0.011886255829303992
748,874,126,0.126,0.008637246592996235
792,896,104,0.104,0.0077897640678929745
750,875,125,0.125,0.013070389294516644
770,885,115,0.115,0.006499439588813403
814,907,93,0.093,0.008403365031961584
738,869,131,0.131,0.009995743034392945
738,869,131,0.131,0.010270160001095064
760,880,120,0.12,0.007844909700921563
828,914,86,0.086,0.003791417123418796
800,900,100,0.1,0.011854784299242624
758,879,121,0.121,0.008352942789861118
804,902,98,0.098,0.013221007974469103
730,865,135,0.135,0.005882763886304019
800,900,100,0.1,0.005507857831242291
746,873,127,0.127,0.011077284977407544
834,917,83,0.083,0.004263608792440209
730,865,135,0.135,0.008923861361279706
756,878,122,0.122,0.005744679018658644
806,903,97,0.097,0.0037386147158467793
808,904,96,0.096,0.002480945899098515
714,857,143,0.143,0.009213124497031459
808,904,96,0.096,0.01000677684733364
774,887,113,0.113,0.009550148389977494
688,844,156,0.156,0.007677511070396576
802,901,99,0.099,0.006627784244505165
792,896,104,0.104,0.003027158268556377
764,882,118,0.118,0.0056338312577499895
814,907,93,0.093,0.011075126978248591
796,898,102,0.102,0.010767540995802847
800,900,100,0.1,0.006391047330303991
776,888,112,0.112,0.006201570443208084
816,908,92,0.092,0.0035408074560400564
802,901,99,0.099,0.006359764848427403
780,890,110,0.11,0.005960146658093436
754,877,123,0.123,0.0076771915793942755
772,886,114,0.114,0.00482722437474149
758,879,121,0.121,0.0070319726929301395
744,872,128,0.128,0.013074709199827339
750,875,125,0.125,0.006428774244621308
800,900,100,0.1,0.00498722736655327
788,894,106,0.106,0.006475139053083694
772,886,114,0.114,0.010777256349545496
754,877,123,0.123,0.012169032838311977
800,900,100,0.1,0.005439855770520808
726,863,137,0.137,0.010505631110948344
794,897,103,0.103,0.006750895795041288
722,861,139,0.139,0.00885879126591317
736,868,132,0.132,0.011045944697198138
748,874,126,0.126,0.009951925447436224
768,884,116,0.116,0.0109453781696011
810,905,95,0.095,0.011839757894435024
814,907,93,0.093,0.006320766944827483
764,882,118,0.118,0.019585571091076417
754,877,123,0.123,0.0077542631017640815
774,887,113,0.113,0.009471706722310045
714,857,143,0.143,0.011935288076769211
770,885,115,0.115,0.011174035174408346
738,869,131,0.131,0.010108776575791126
766,883,117,0.117,0.005785823599486321
708,854,146,0.146,0.009939821995933016
740,870,130,0.13,0.00809125401889105
688,844,156,0.156,0.010855086459605446
764,882,118,0.118,0.005330590688856319
750,875,125,0.125,0.005458226882736198
714,857,143,0.143,0.010897573907514016
724,862,138,0.138,0.00861258639069274
804,902,98,0.098,0.008350000384329178
738,869,131,0.131,0.005591613955068169
802,901,99,0.099,0.006084552999360312
772,886,114,0.114,0.013770840371173107
790,895,105,0.105,0.006949706037543365
760,880,120,0.12,0.00659911459023715
798,899,101,0.101,0.006375215108579141
786,893,107,0.107,0.009228184583043912
764,882,118,0.118,0.01110532800052897
766,883,117,0.117,0.008726289254904259
774,887,113,0.113,0.007446377678745193
778,889,111,0.111,0.009336628703433235
768,884,116,0.116,0.011615904408485221
834,917,83,0.083,0.00264674796637928
760,880,120,0.12,0.008103445569164251
802,901,99,0.099,0.003968010990749463
784,892,108,0.108,0.00967279453602896
756,878,122,0.122,0.009082408565533115
792,896,104,0.104,0.0045981218100714615
764,882,118,0.118,0.005380852803493326
764,882,118,0.118,0.005824480152849447
738,869,131,0.131,0.007531257951226962
760,880,120,0.12,0.006516696090149708
770,885,115,0.115,0.002626265350466383
734,867,133,0.133,0.01046797152104773
818,909,91,0.091,0.0062883468617765175
798,899,101,0.101,0.005437605681133391
762,881,119,0.119,0.008059636401315743
758,879,121,0.121,0.0043351756430120075
784,892,108,0.108,0.0060119434461375935
756,878,122,0.122,0.009810608089937887
748,874,126,0.126,0.012417129014618694
726,863,137,0.137,0.010717033388267736
798,899,101,0.101,0.008822725519625237
722,861,139,0.139,0.008058699427387182
716,858,142,0.142,0.016708416958164888
784,892,108,0.108,0.013438007938180818
764,882,118,0.118,0.013153220095118741
760,880,120,0.12,0.008463792095630198
736,868,132,0.132,0.01861131172486057
766,883,117,0.117,0.008628495940734865
768,884,116,0.116,0.006456933068562648
778,889,111,0.111,0.008631480790587375
848,924,76,0.076,0.007053462388401386
806,903,97,0.097,0.007696421999076847
778,889,111,0.111,0.014587305852204508
728,864,136,0.136,0.008921077658495051
736,868,132,0.132,0.010279445418389514
764,882,118,0.118,0.00786762944777729
678,839,161,0.161,0.009932870978256687
754,877,123,0.123,0.006416562712060113
764,882,118,0.118,0.005931710036760705
726,863,137,0.137,0.006484126130861113
772,886,114,0.114,0.005965149450559693
786,893,107,0.107,0.0050648856358275225
790,895,105,0.105,0.0054096846530592305
730,865,135,0.135,0.0056060327591803795
806,903,97,0.097,0.0055531111290620175
720,860,140,0.14,0.006740344040263153
676,838,162,0.162,0.009318751264723688
770,885,115,0.115,0.008858707128565584
724,862,138,0.138,0.006255294896938722
720,860,140,0.14,0.012284290638529455
772,886,114,0.114,0.011002579926964245
770,885,115,0.115,0.01569477968376668
770,885,115,0.115,0.006262812090826628
790,895,105,0.105,0.007448208603127568
822,911,89,0.089,0.007218390371181158
728,864,136,0.136,0.01502673577755195
706,853,147,0.147,0.013439179612119915
800,900,100,0.1,0.007579953676497098
704,852,148,0.148,0.015281348904580227
770,885,115,0.115,0.007312056893024419
802,901,99,0.099,0.013750965575047304
782,891,109,0.109,0.004683942424554061
740,870,130,0.13,0.007780378265058971
702,851,149,0.149,0.007966957283206283
784,892,108,0.108,0.010273298128775423
772,886,114,0.114,0.005111934198961535
760,880,120,0.12,0.006243249347797246
798,899,101,0.101,0.006457596333930269
798,899,101,0.101,0.00426718098573474
794,897,103,0.103,0.004861678875091456
776,888,112,0.112,0.006301975382812088
760,880,120,0.12,0.004367966769461418
758,879,121,0.121,0.01034099141113984
720,860,140,0.14,0.007509785540176835
808,904,96,0.096,0.006182396511729167
776,888,112,0.112,0.01700630936834568
738,869,131,0.131,0.008887144681582868
712,856,144,0.144,0.010908054588900996
834,917,83,0.083,0.006328125722506229
804,902,98,0.098,0.00917270758432278
750,875,125,0.125,0.0071128243690909585
744,872,128,0.128,0.013449867065995477
730,865,135,0.135,0.014448817150405375
800,900,100,0.1,0.0052462643916442175
808,904,96,0.096,0.0083147130771722
738,869,131,0.131,0.010342434862548544
726,863,137,0.137,0.008672297573310062
798,899,101,0.101,0.006567995538563991
758,879,121,0.121,0.009417137233091125
752,876,124,0.124,0.006316165840052008
762,881,119,0.119,0.005826291629753541
688,844,156,0.156,0.009041298037453089
758,879,121,0.121,0.008243564887632601
744,872,128,0.128,0.006851016585793332
692,846,154,0.154,0.01172623053372081
780,890,110,0.11,0.0055809272117694495
736,868,132,0.132,0.011370278326107836
740,870,130,0.13,0.010635517371352762
762,881,119,0.119,0.011314262263142154
772,886,114,0.114,0.016156445114131203
808,904,96,0.096,0.007277673480122758
780,890,110,0.11,0.0204039893365989
770,885,115,0.115,0.011164488985748903
802,901,99,0.099,0.008401149601268117
756,878,122,0.122,0.009380899516690988
776,888,112,0.112,0.008309125974337804
742,871,129,0.129,0.00935185241160798
734,867,133,0.133,0.026723338165902534
806,903,97,0.097,0.006872363295962714
748,874,126,0.126,0.00592103281270829
816,908,92,0.092,0.007094412309277686
816,908,92,0.092,0.003952126526615757
774,887,113,0.113,0.007977298440967687
730,865,135,0.135,0.009189853724858721
786,893,107,0.107,0.007510981255086336
758,879,121,0.121,0.00617070016779644
766,883,117,0.117,0.010238175343547483
758,879,121,0.121,0.009185676226901706
838,919,81,0.081,0.004647854008109789
788,894,106,0.106,0.005994609675295578
834,917,83,0.083,0.004887315705674155
756,878,122,0.122,0.006059416799536848
750,875,125,0.125,0.007170495503087296
764,882,118,0.118,0.01011055223951007
736,868,132,0.132,0.009268621084371261
798,899,101,0.101,0.004306986542556842
820,910,90,0.09,0.0054173946490591336
746,873,127,0.127,0.00934604269942065
828,914,86,0.086,0.005819447535401196
784,892,108,0.108,0.008364133981633132
762,881,119,0.119,0.006176648989785463
812,906,94,0.094,0.007207678354534437
792,896,104,0.104,0.006393994704834768
732,866,134,0.134,0.007696689474003506
820,910,90,0.09,0.00783927829519962
792,896,104,0.104,0.012324809998801357
736,868,132,0.132,0.00934531905480253
806,903,97,0.097,0.007792170722914307
812,906,94,0.094,0.006601410469171242
754,877,123,0.123,0.007569647657128371
768,884,116,0.116,0.011410063386458206
754,877,123,0.123,0.010946958133225963
790,895,105,0.105,0.008274583743430413
766,883,117,0.117,0.005691854363227321
738,869,131,0.131,0.020608950649173494
728,864,136,0.136,0.011600914039663622
766,883,117,0.117,0.004426058960918453
698,849,151,0.151,0.012082632356463363
744,872,128,0.128,0.012383720034413272
774,887,113,0.113,0.0055539660087233645
768,884,116,0.116,0.009193359626136953
770,885,115,0.115,0.005830946532851158
790,895,105,0.105,0.00592396360947896
804,902,98,0.098,0.004901565785665298
778,889,111,0.111,0.009434570982662534
784,892,108,0.108,0.005580369984323624
838,919,81,0.081,0.00653884518367704
790,895,105,0.105,0.008769096727097348
770,885,115,0.115,0.010822791640894138
744,872,128,0.128,0.006764573208660295
732,866,134,0.134,0.008086968812291161
724,862,138,0.138,0.0102143968835735
772,886,114,0.114,0.007639462961160462
758,879,121,0.121,0.0074336259209230775
802,901,99,0.099,0.00540173330547259
772,886,114,0.114,0.005867018279612239
786,893,107,0.107,0.0037425854966786575
762,881,119,0.119,0.01038616873335559
762,881,119,0.119,0.012691125346012995
742,871,129,0.129,0.00989116916427156
794,897,103,0.103,0.00714919302839553
810,905,95,0.095,0.008409098094602087
748,874,126,0.126,0.009249591402211082
780,890,110,0.11,0.008763797433639411
844,922,78,0.078,0.008833695895213168
850,925,75,0.075,0.008371804522357706
784,892,108,0.108,0.007984814329931396
804,902,98,0.098,0.010366096221550833
708,854,146,0.146,0.013472530051891226
754,877,123,0.123,0.011211927172284959
768,884,116,0.116,0.004681353595657129
736,868,132,0.132,0.010019909199781978
812,906,94,0.094,0.006165456128845108
708,854,146,0.146,0.013679053882447646
748,874,126,0.126,0.008261537067504833
770,885,115,0.115,0.009709518531133653
762,881,119,0.119,0.006552285699894128
784,892,108,0.108,0.007287658748922695
826,913,87,0.087,0.004526851067184907
770,885,115,0.115,0.006273010237244307
798,899,101,0.101,0.008374506630102587
776,888,112,0.112,0.005976847315192572
776,888,112,0.112,0.008066485994277173
724,862,138,0.138,0.013669695183809382
772,886,114,0.114,0.006494870209426153
792,896,104,0.104,0.00572537539795303
792,896,104,0.104,0.005357785468237126
828,914,86,0.086,0.005490603478436242
768,884,116,0.116,0.006659092659625458
756,878,122,0.122,0.005985809733683709
782,891,109,0.109,0.010010079932180815
796,898,102,0.102,0.005713623157498659
780,890,110,0.11,0.015753705258335686
774,887,113,0.113,0.006779296791595698
810,905,95,0.095,0.007118098255625227
714,857,143,0.143,0.007175409705167112
760,880,120,0.12,0.008598853251325636
776,888,112,0.112,0.011732321727336967
780,890,110,0.11,0.008643087031538016
770,885,115,0.115,0.00693902501703451
764,882,118,0.118,0.007354478635235864
726,863,137,0.137,0.012821853512126837
756,878,122,0.122,0.005686716552183497
718,859,141,0.141,0.008889794509820604
782,891,109,0.109,0.006853007215555408
768,884,116,0.116,0.012675064126437064
728,864,136,0.136,0.012865736257619574
718,859,141,0.141,0.009784527666852227
764,882,118,0.118,0.012055034045246429
736,868,132,0.132,0.013609066205914132
762,881,119,0.119,0.009514308973106381
760,880,120,0.12,0.009573049850718234
780,890,110,0.11,0.012567354130180319
734,867,133,0.133,0.02642389733264281
768,884,116,0.116,0.012972432370122989
740,870,130,0.13,0.009129083288775292
746,873,127,0.127,0.009244117898182594
740,870,130,0.13,0.019095424073144386
766,883,117,0.117,0.007838417757098795
714,857,143,0.143,0.012527679038670612
772,886,114,0.114,0.010675322705297731
778,889,111,0.111,0.01374623432171211
792,896,104,0.104,0.012321003704782925
814,907,93,0.093,0.006835224364476744
776,888,112,0.112,0.011727761395552079
736,868,132,0.132,0.014894693636451848
792,896,104,0.104,0.005072673339600442
828,914,86,0.086,0.007244217561863479
760,880,120,0.12,0.008644136922215693
746,873,127,0.127,0.005988159495973378
738,869,131,0.131,0.007220547922210244
728,864,136,0.136,0.007340576828462872
716,858,142,0.142,0.015350536501966416
838,919,81,0.081,0.003569401551027113
764,882,118,0.118,0.004873637272856285
762,881,119,0.119,0.0070530724419550096
738,869,131,0.131,0.005612105627340497
798,899,101,0.101,0.006604487657969002
778,889,111,0.111,0.01012057402505161
788,894,106,0.106,0.006019193544775248
772,886,114,0.114,0.006497139169056027
788,894,106,0.106,0.007541011492263351
758,879,121,0.121,0.009301479764467331
806,903,97,0.097,0.007523938390299008
758,879,121,0.121,0.008804173836062546
752,876,124,0.124,0.006602048593565996
748,874,126,0.126,0.011749933627746942
798,899,101,0.101,0.01223660339257185
758,879,121,0.121,0.009813187014078722
840,920,80,0.08,0.0056302265816775615
776,888,112,0.112,0.011645871632557828
790,895,105,0.105,0.007499031982450105
838,919,81,0.081,0.007238833523586436
794,897,103,0.103,0.009034167402845924
772,886,114,0.114,0.009864015748200472
792,896,104,0.104,0.008542203844845062
832,916,84,0.084,0.006364180338503502
822,911,89,0.089,0.005538970267953119
754,877,123,0.123,0.008545968390484632
758,879,121,0.121,0.00844605222420796
748,874,126,0.126,0.009291544526844518
716,858,142,0.142,0.015523017390602035
782,891,109,0.109,0.005075259103861754
710,855,145,0.145,0.0065828571780220954
778,889,111,0.111,0.0065825074746608155
758,879,121,0.121,0.00580923793657712
742,871,129,0.129,0.007352871300754487
776,888,112,0.112,0.007985715046001133
788,894,106,0.106,0.0060841682821046565
784,892,108,0.108,0.00441235187224811
774,887,113,0.113,0.004873153717824607
786,893,107,0.107,0.006414294859536312
788,894,106,0.106,0.007771230989208561
784,892,108,0.108,0.008980343425166211
790,895,105,0.105,0.010696376747357135
694,847,153,0.153,0.015072075344833138
790,895,105,0.105,0.005773218231042847
810,905,95,0.095,0.010900503010154352
710,855,145,0.145,0.011872100016262266
778,889,111,0.111,0.007112165784419631
766,883,117,0.117,0.010763246039481601
764,882,118,0.118,0.00693547384077101
784,892,108,0.108,0.011589142543714842
774,887,113,0.113,0.007569186743174214
780,890,110,0.11,0.007242750749268453
814,907,93,0.093,0.006880052116437582
746,873,127,0.127,0.010021342112522688
796,898,102,0.102,0.007615983359326492
758,879,121,0.121,0.008280567361522117
758,879,121,0.121,0.008851087025541347
800,900,100,0.1,0.007743137434772507
724,862,138,0.138,0.008597470490713022
724,862,138,0.138,0.011555004797509809
746,873,127,0.127,0.012095425339641225
802,901,99,0.099,0.010231125853359117
720,860,140,0.14,0.010360638862235646
770,885,115,0.115,0.00867991772244568
792,896,104,0.104,0.0057409493634913815
770,885,115,0.115,0.0062666962143048295
744,872,128,0.128,0.012680854530117358
776,888,112,0.112,0.008127457679118379
740,870,130,0.13,0.00839261191854166
776,888,112,0.112,0.01162201618666586
702,851,149,0.149,0.015077591339329956
756,878,122,0.122,0.005487543304116116
770,885,115,0.115,0.009083553674514406
816,908,92,0.092,0.005054586028680206
788,894,106,0.106,0.009339046935958321
754,877,123,0.123,0.008036772134139027
828,914,86,0.086,0.008533290249964921
716,858,142,0.142,0.013600974408516776
784,892,108,0.108,0.011920839739075746
742,871,129,0.129,0.014014778912140173
792,896,104,0.104,0.006291766067399294
824,912,88,0.088,0.0041018956429034
724,862,138,0.138,0.019760001726430346
752,876,124,0.124,0.008708074059497448
726,863,137,0.137,0.014699528063647448
810,905,95,0.095,0.00784505347853883
754,877,123,0.123,0.010052602650059271
710,855,145,0.145,0.010111976851298096
764,882,118,0.118,0.008143419715663186
764,882,118,0.118,0.005651162003032368
782,891,109,0.109,0.006312592300826509
810,905,95,0.095,0.0044042322601708294
736,868,132,0.132,0.008096211851348926
788,894,106,0.106,0.005573299317744386
800,900,100,0.1,0.006186517952963186
774,887,113,0.113,0.011278791111457395
716,858,142,0.142,0.005443558500497602
702,851,149,0.149,0.009815706295172276
760,880,120,0.12,0.00768958224603739
802,901,99,0.099,0.004455359104111266
718,859,141,0.141,0.012811901847453556
740,870,130,0.13,0.011785734406876145
732,866,134,0.134,0.008978543345860089
760,880,120,0.12,0.007316190223500598
768,884,116,0.116,0.007161370768328197
746,873,127,0.127,0.010706442282447824
744,872,128,0.128,0.010791679305810249
728,864,136,0.136,0.01310782112905872
728,864,136,0.136,0.014219974887018906
754,877,123,0.123,0.021086094974540174
790,895,105,0.105,0.009222514139924897
754,877,123,0.123,0.011511736601984011
824,912,88,0.088,0.008557055013683566
714,857,143,0.143,0.01897578630349017
780,890,110,0.11,0.007454433940467424
738,869,131,0.131,0.011760244533361401
726,863,137,0.137,0.011157632103277138
742,871,129,0.129,0.011109285387428827
800,900,100,0.1,0.008444920089714288
768,884,116,0.116,0.008575715451210272
754,877,123,0.123,0.0076068082658894125
696,848,152,0.152,0.010656508392068645
786,893,107,0.107,0.009158065794501454
776,888,112,0.112,0.009339274860432852
746,873,127,0.127,0.0078110644922271604
790,895,105,0.105,0.006318722849824553
796,898,102,0.102,0.006335884465879644
766,883,117,0.117,0.00450311990553746
738,869,131,0.131,0.005922565498631002
734,867,133,0.133,0.005594257846205437
762,881,119,0.119,0.006953227477486507
776,888,112,0.112,0.007506364835146087
762,881,119,0.119,0.008136487928284624
712,856,144,0.144,0.006518339188936807
788,894,106,0.106,0.009391752279196225
786,893,107,0.107,0.006122597607849457
724,862,138,0.138,0.009739137454860611
768,884,116,0.116,0.004191475958985393
806,903,97,0.097,0.0062375759549759095
756,878,122,0.122,0.00767647388142359
814,907,93,0.093,0.0060412707799114285
810,905,95,0.095,0.008548791713379614
702,851,149,0.149,0.011215515102841892
754,877,123,0.123,0.007718890971402288
798,899,101,0.101,0.00631478095168859
772,886,114,0.114,0.006157135296190972
806,903,97,0.097,0.0060707142724713775
802,901,99,0.099,0.008699298703082604
810,905,95,0.095,0.005103922419599258
780,890,110,0.11,0.0064845522596297086
758,879,121,0.121,0.006745998938815319
778,889,111,0.111,0.00618750717637522
806,903,97,0.097,0.009040581643479527
806,903,97,0.097,0.006985869525997259
746,873,127,0.127,0.009622946703035267
762,881,119,0.119,0.009209405299312494
784,892,108,0.108,0.004406788857748325
760,880,120,0.12,0.003939155960077187
766,883,117,0.117,0.006114146884846605
752,876,124,0.124,0.0066692862010677345
786,893,107,0.107,0.009786072258864806
760,880,120,0.12,0.004982822314057557
770,885,115,0.115,0.005909705246056546
740,870,130,0.13,0.0075687843516134305
778,889,111,0.111,0.007865415027263225
742,871,129,0.129,0.007329005376782334
770,885,115,0.115,0.00419806782516207
676,838,162,0.162,0.014171596752981713
878,939,61,0.061,0.002871398034150843
734,867,133,0.133,0.008354438078546082
788,894,106,0.106,0.008078181334560213
782,891,109,0.109,0.00800180920175626
738,869,131,0.131,0.011261079302130383
768,884,116,0.116,0.00995884846928675
770,885,115,0.115,0.004786855795333395
794,897,103,0.103,0.006018423853282002
712,856,144,0.144,0.0108488521030813
768,884,116,0.116,0.0118252886068949
734,867,133,0.133,0.01006126895340276
770,885,115,0.115,0.006358945569867501
778,889,111,0.111,0.005436926329944981
796,898,102,0.102,0.00605005205910129
810,905,95,0.095,0.0072802847983839455
754,877,123,0.123,0.008012542406657303
820,910,90,0.09,0.006970262838338385
762,881,119,0.119,0.008382234902615892
720,860,140,0.14,0.006889888400815835
704,852,148,0.148,0.012409624357969733
738,869,131,0.131,0.008428560958374874
720,860,140,0.14,0.01029027144020074
760,880,120,0.12,0.006323633419604448
780,890,110,0.11,0.010701845926130773
808,904,96,0.096,0.004245500507277029
738,869,131,0.131,0.0050922557182129825
808,904,96,0.096,0.0030355358243687076
752,876,124,0.124,0.008024822641462379
786,893,107,0.107,0.0038421377796403248
744,872,128,0.128,0.005411254676015232
760,880,120,0.12,0.0064148253058810955
776,888,112,0.112,0.004950141728055314
780,890,110,0.11,0.011646491099385457
772,886,114,0.114,0.00665644477879323
770,885,115,0.115,0.0072852669350813816
764,882,118,0.118,0.004895303876633989
730,865,135,0.135,0.009873423301651202
764,882,118,0.118,0.013157296234188834
772,886,114,0.114,0.004484002648525347
794,897,103,0.103,0.004940667679184116
794,897,103,0.103,0.006883404261418037
806,903,97,0.097,0.0058991087638860336
810,905,95,0.095,0.006389421799991396
826,913,87,0.087,0.007009341908895294
804,902,98,0.098,0.0052766049008932895
810,905,95,0.095,0.0043028459721099355
722,861,139,0.139,0.0077694161109975535
760,880,120,0.12,0.004244114132437971
776,888,112,0.112,0.005124028471145721
776,888,112,0.112,0.004583434965104971
768,884,116,0.116,0.00699964472546344
766,883,117,0.117,0.004809299895980075
828,914,86,0.086,0.002415548187535023
742,871,129,0.129,0.00661493240656273
742,871,129,0.129,0.005806582256336696
824,912,88,0.088,0.003806335567136557
788,894,106,0.106,0.0060386980867879175
770,885,115,0.115,0.0035535174136016394
728,864,136,0.136,0.009288985736358881
774,887,113,0.113,0.0055231183073192365
802,901,99,0.099,0.004225519110619643
778,889,111,0.111,0.003078340756386751
692,846,154,0.154,0.009002431492895993
768,884,116,0.116,0.007248867173965664
754,877,123,0.123,0.008809540324102272
774,887,113,0.113,0.008960189093006193
754,877,123,0.123,0.0063233275953243715
738,869,131,0.131,0.01297340820201498
744,872,128,0.128,0.008902224101038882
820,910,90,0.09,0.006378268494372606
800,900,100,0.1,0.008820487222488736
778,889,111,0.111,0.00832453481912671
818,909,91,0.091,0.005226992455398431
802,901,99,0.099,0.008043696945889679
750,875,125,0.125,0.01799563501123339
772,886,114,0.114,0.010354672763583948
714,857,143,0.143,0.011588603818629053
742,871,129,0.129,0.00818683445356146
800,900,100,0.1,0.006171274173335405
736,868,132,0.132,0.0051572147529223
742,871,129,0.129,0.007079384136377484
794,897,103,0.103,0.004956618243930279
818,909,91,0.091,0.004911946704840375
762,881,119,0.119,0.009309218945702014
862,931,69,0.069,0.005273146079856815
774,887,113,0.113,0.005886097268332378
784,892,108,0.108,0.0067220424694476155
744,872,128,0.128,0.005712204517411465
782,891,109,0.109,0.006118311982987507
748,874,126,0.126,0.006037129804793949
794,897,103,0.103,0.005648067406105838
740,870,130,0.13,0.007148454163572751
766,883,117,0.117,0.004188125951068287
760,880,120,0.12,0.0045090262724879725
832,916,84,0.084,0.0027646631039024215
806,903,97,0.097,0.004406220035358558
736,868,132,0.132,0.005613878074516833
802,901,99,0.099,0.007159635395306395
768,884,116,0.116,0.01103705047868425
708,854,146,0.146,0.006161353588810016
828,914,86,0.086,0.0076184503737895285
794,897,103,0.103,0.006350125871569617
788,894,106,0.106,0.005290664712883881
806,903,97,0.097,0.008704217247839551
778,889,111,0.111,0.008952625265261303
656,828,172,0.172,0.016139120692270807
724,862,138,0.138,0.007833639012096683
804,902,98,0.098,0.007955790368752786
746,873,127,0.127,0.008690425524799138
748,874,126,0.126,0.011473768159368774
744,872,128,0.128,0.01186152522705379
758,879,121,0.121,0.007562900600583816
778,889,111,0.111,0.009977461287868208
764,882,118,0.118,0.006913680991950969
804,902,98,0.098,0.006307853988255374
796,898,102,0.102,0.004411649316069088
790,895,105,0.105,0.004550464323227061
796,898,102,0.102,0.005458615650117281
746,873,127,0.127,0.011586534463342105
790,895,105,0.105,0.005596211373358528
716,858,142,0.142,0.010639466041320702
780,890,110,0.11,0.005228926987226259
734,867,133,0.133,0.006354990476709645
744,872,128,0.128,0.009541775049445278
734,867,133,0.133,0.007261345614064339
714,857,143,0.143,0.010208702030722635
802,901,99,0.099,0.00639109748336341
786,893,107,0.107,0.005348420874375734
784,892,108,0.108,0.003471206433387124
776,888,112,0.112,0.004092619460963761
728,864,136,0.136,0.008099423603976903
734,867,133,0.133,0.007315200000761251
786,893,107,0.107,0.010688059006395634
772,886,114,0.114,0.004286588209921319
732,866,134,0.134,0.006890736860121251
726,863,137,0.137,0.007782861041268916
786,893,107,0.107,0.007259743501359481
788,894,106,0.106,0.008579205666334019
750,875,125,0.125,0.014043556244199862
830,915,85,0.085,0.005384574495634297
772,886,114,0.114,0.009378440504471655
744,872,128,0.128,0.009151403437135741
774,887,113,0.113,0.006489947468944593
750,875,125,0.125,0.006836115746162249
742,871,129,0.129,0.009116013182952883
758,879,121,0.121,0.0080150186582905
752,876,124,0.124,0.011666581761382987
818,909,91,0.091,0.0051632657644368005
830,915,85,0.085,0.0041816713195439665
720,860,140,0.14,0.007005156151033589
816,908,92,0.092,0.004798052407844807
758,879,121,0.121,0.007732954597115167
802,901,99,0.099,0.003784175958346168
806,903,97,0.097,0.010679334997490514
764,882,118,0.118,0.006280344425140356
788,894,106,0.106,0.006809452698769747
804,902,98,0.098,0.004005536132621273
732,866,134,0.134,0.0073047039240645975
760,880,120,0.12,0.005141124412140925
760,880,120,0.12,0.005689908249649307
872,936,64,0.064,0.004505759252650023
808,904,96,0.096,0.004000187184119568
718,859,141,0.141,0.006646405918116215
726,863,137,0.137,0.006178625590368029
776,888,112,0.112,0.005151402573939777
800,900,100,0.1,0.013321461334264314
818,909,91,0.091,0.0033865986844793953
804,902,98,0.098,0.004252145553811715
732,866,134,0.134,0.006033614734697039
756,878,122,0.122,0.009182532405306119
784,892,108,0.108,0.008319607182682376
796,898,102,0.102,0.005203939325889223
800,900,100,0.1,0.006984278638396063
780,890,110,0.11,0.00839532131011947
818,909,91,0.091,0.004594839639496058
742,871,129,0.129,0.007655541408923454
828,914,86,0.086,0.00747211623651674
794,897,103,0.103,0.008661573438468621
770,885,115,0.115,0.007938555735279806
766,883,117,0.117,0.005737896842561895
818,909,91,0.091,0.0062907411086416684
760,880,120,0.12,0.007213675818173215
736,868,132,0.132,0.005882716079548118
802,901,99,0.099,0.006016989214796922
778,889,111,0.111,0.007078557379434642
764,882,118,0.118,0.005106709158158992
778,889,111,0.111,0.003373358981916681
762,881,119,0.119,0.007767378591121087
726,863,137,0.137,0.004989844283554703
750,875,125,0.125,0.0052118153874253035
766,883,117,0.117,0.00631755365565914
782,891,109,0.109,0.0075817172236929764
772,886,114,0.114,0.007681623362579558
702,851,149,0.149,0.008692447638662998
816,908,92,0.092,0.005052944195402233
746,873,127,0.127,0.005057805901611573
818,909,91,0.091,0.0053376603321230506
786,893,107,0.107,0.005757627753739825
778,889,111,0.111,0.0057311279126734
686,843,157,0.157,0.007643769681295453
732,866,134,0.134,0.008863049623847473
722,861,139,0.139,0.011266986184331472
800,900,100,0.1,0.009347177786024986
766,883,117,0.117,0.00759856820726418
734,867,133,0.133,0.014785320690774824
758,879,121,0.121,0.00853175566738355
732,866,134,0.134,0.012038799273199402
766,883,117,0.117,0.008670013807735813
748,874,126,0.126,0.009329410502992687
780,890,110,0.11,0.012270024114812258
806,903,97,0.097,0.004166461986693321
690,845,155,0.155,0.011344566589570605
750,875,125,0.125,0.007431695311504882
788,894,106,0.106,0.008179624987984425
704,852,148,0.148,0.010213797573785996
804,902,98,0.098,0.005037641398186679
648,824,176,0.176,0.011216780577422468
850,925,75,0.075,0.0050461166324239455
766,883,117,0.117,0.0060159350719332
812,906,94,0.094,0.004086606130978908
716,858,142,0.142,0.011434345729896449
778,889,111,0.111,0.004787504846826778
744,872,128,0.128,0.004984568276428036
738,869,131,0.131,0.00711194496745884
756,878,122,0.122,0.007970236443419708
748,874,126,0.126,0.007299538230210601
722,861,139,0.139,0.008086872149739065
694,847,153,0.153,0.008180872313278086
778,889,111,0.111,0.007233687178850232
698,849,151,0.151,0.005771176481437578
710,855,145,0.145,0.008201013386569684
772,886,114,0.114,0.0050572824277405745
746,873,127,0.127,0.01351667498454026
760,880,120,0.12,0.005445192760496866
772,886,114,0.114,0.01744241147954017
742,871,129,0.129,0.01066474444157211
734,867,133,0.133,0.016988984344305208
774,887,113,0.113,0.01342822569073178
790,895,105,0.105,0.011383337652368937
806,903,97,0.097,0.007278484894137364
788,894,106,0.106,0.00972100372177374
764,882,118,0.118,0.009072624705266208
798,899,101,0.101,0.01368730364140356
720,860,140,0.14,0.008032019307749579
794,897,103,0.103,0.006666187653681845
768,884,116,0.116,0.0074961220487530225
758,879,121,0.121,0.006762894735380541
752,876,124,0.124,0.008231923710671253
766,883,117,0.117,0.008336284236778738
752,876,124,0.124,0.007721748402967933
694,847,153,0.153,0.00837016737068916
732,866,134,0.134,0.0055686369142495095
774,887,113,0.113,0.007096856286465481
796,898,102,0.102,0.005054062941417215
732,866,134,0.134,0.006433270312805689
698,849,151,0.151,0.008613653795786377
756,878,122,0.122,0.0050129825246549445
778,889,111,0.111,0.00445667450822475
768,884,116,0.116,0.0067853752585142505
798,899,101,0.101,0.007470859986467985
726,863,137,0.137,0.0050088651239930185
786,893,107,0.107,0.005951262637448963
800,900,100,0.1,0.0050280394560395505
760,880,120,0.12,0.006793664068351063
732,866,134,0.134,0.009923782952944748
758,879,121,0.121,0.005041648779893876
788,894,106,0.106,0.005730109915544745
704,852,148,0.148,0.011784873796998
788,894,106,0.106,0.005555482297553681
774,887,113,0.113,0.008464554014370152
738,869,131,0.131,0.005892104109603679
738,869,131,0.131,0.006323365324482438
772,886,114,0.114,0.006603969919466181
702,851,149,0.149,0.008975267991103465
756,878,122,0.122,0.008333522753149736
796,898,102,0.102,0.007715249248663895
794,897,103,0.103,0.004803215059422655
730,865,135,0.135,0.006839206245538662
780,890,110,0.11,0.00804312814912555
738,869,131,0.131,0.009823930605925853
750,875,125,0.125,0.006837709912273567
752,876,124,0.124,0.010485354615113466
716,858,142,0.142,0.008306556915995316
726,863,137,0.137,0.006864042249537306
796,898,102,0.102,0.004779881941867643
786,893,107,0.107,0.006392620747021283
774,887,113,0.113,0.006712298318452667
764,882,118,0.118,0.009445448427926748
774,887,113,0.113,0.009010874491061258
734,867,133,0.133,0.013512296949702431
784,892,108,0.108,0.006875597280602961
770,885,115,0.115,0.009500989660868072
816,908,92,0.092,0.0030053047106266603
768,884,116,0.116,0.006252358576861298
772,886,114,0.114,0.009444249080988811
740,870,130,0.13,0.004827220790408319
720,860,140,0.14,0.00872527054103557
706,853,147,0.147,0.006151167206047831
808,904,96,0.096,0.004715105458672042
752,876,124,0.124,0.0058768463268643245
792,896,104,0.104,0.003155299865800771
758,879,121,0.121,0.005538171280219103
748,874,126,0.126,0.007827646707417443
804,902,98,0.098,0.007434377942598076
792,896,104,0.104,0.003696358565299306
804,902,98,0.098,0.006205693831579992
736,868,132,0.132,0.00632048178333207
796,898,102,0.102,0.007878134515864076
804,902,98,0.098,0.006265315714292228
756,878,122,0.122,0.005311398372155963
750,875,125,0.125,0.0066034761716691716
752,876,124,0.124,0.005548862904543057
770,885,115,0.115,0.004487246948701795
780,890,110,0.11,0.004756595416591154
810,905,95,0.095,0.004120963294335525
778,889,111,0.111,0.005102958215924445
792,896,104,0.104,0.0041385350446689695
712,856,144,0.144,0.009283607145727728
774,887,113,0.113,0.00534433798873215
730,865,135,0.135,0.007296785466693109
804,902,98,0.098,0.004038071706439951
758,879,121,0.121,0.010656684799250797
718,859,141,0.141,0.012469945256074425
758,879,121,0.121,0.009841787693381775
768,884,116,0.116,0.007269187758633052
780,890,110,0.11,0.005867825174034806
724,862,138,0.138,0.0052620169071597046
780,890,110,0.11,0.005775022235728101
796,898,102,0.102,0.00977355112717487
770,885,115,0.115,0.00990118452787283
730,865,135,0.135,0.011644356518692802
738,869,131,0.131,0.01305515148048289
704,852,148,0.148,0.009926330609683646
794,897,103,0.103,0.005002283457273734
738,869,131,0.131,0.008775527155899908
764,882,118,0.118,0.006830919371626805
794,897,103,0.103,0.005513414777640719
716,858,142,0.142,0.008619985702003759
814,907,93,0.093,0.005815974383091088
790,895,105,0.105,0.005289338410337223
768,884,116,0.116,0.007346218087666784
748,874,126,0.126,0.011058784554290468
770,885,115,0.115,0.011501728591392748
774,887,113,0.113,0.005850112929834722
756,878,122,0.122,0.0071725235008780145
800,900,100,0.1,0.008819267641800252
768,884,116,0.116,0.0043628729540178025
798,899,101,0.101,0.004178514437939157
746,873,127,0.127,0.007100307711049027
804,902,98,0.098,0.005607162711785349
708,854,146,0.146,0.008869621340923914
740,870,130,0.13,0.004106571276533941
754,877,123,0.123,0.005899991596706968
760,880,120,0.12,0.0077443606343877034
792,896,104,0.104,0.005010446006039274
684,842,158,0.158,0.005756588192482013
784,892,108,0.108,0.005879395237148856
772,886,114,0.114,0.006481230169662013
802,901,99,0.099,0.008728400760097428
746,873,127,0.127,0.011444007042242446
820,910,90,0.09,0.006847068660979858
742,871,129,0.129,0.0059924619285447985
768,884,116,0.116,0.007443491034420731
722,861,139,0.139,0.010502216024673544
728,864,136,0.136,0.008497879157890565
734,867,133,0.133,0.009494607154629194
760,880,120,0.12,0.005237844736519037
778,889,111,0.111,0.008092638909321976
748,874,126,0.126,0.006794521920324769
768,884,116,0.116,0.009035399436863371
718,859,141,0.141,0.010603210778703215
772,886,114,0.114,0.00772007817933627
732,866,134,0.134,0.01178997271184926
760,880,120,0.12,0.008204177681327564
750,875,125,0.125,0.009148924662003993
700,850,150,0.15,0.008955011264535642
752,876,124,0.124,0.006385499282187084
806,903,97,0.097,0.006763743454619543
754,877,123,0.123,0.0051168153148028065
812,906,94,0.094,0.006219381934235571
776,888,112,0.112,0.009821135051810415
762,881,119,0.119,0.00789079959240189
784,892,108,0.108,0.008255588143802015
700,850,150,0.15,0.011048310374491848
784,892,108,0.108,0.006265264341624061
752,876,124,0.124,0.010065687063099175
752,876,124,0.124,0.010655209324454518
752,876,124,0.124,0.00781294967526992
732,866,134,0.134,0.008175086711693438
824,912,88,0.088,0.004605448807575158
764,882,118,0.118,0.007609007291728631
740,870,130,0.13,0.009048059566164739
772,886,114,0.114,0.004744442980751046
716,858,142,0.142,0.006651911915512756
738,869,131,0.131,0.010297568122077792
746,873,127,0.127,0.011193281103100161
712,856,144,0.144,0.007203069283059449
732,866,134,0.134,0.008707668814065983
800,900,100,0.1,0.007690473585356813
788,894,106,0.106,0.006858473789034179
670,835,165,0.165,0.01840214898218983
724,862,138,0.138,0.012526184704125627
746,873,127,0.127,0.009639505653642117
776,888,112,0.112,0.009587762035545892
786,893,107,0.107,0.009934629281284288
800,900,100,0.1,0.010532351507776185
766,883,117,0.117,0.007751170361414552
812,906,94,0.094,0.005046537111920771
726,863,137,0.137,0.008554599797396804
764,882,118,0.118,0.008512651968747377
774,887,113,0.113,0.0060921110715135
758,879,121,0.121,0.007287080135633004
694,847,153,0.153,0.009906198347307509
778,889,111,0.111,0.0069529684343724515
706,853,147,0.147,0.005949879285966745
678,839,161,0.161,0.009891772539333033
734,867,133,0.133,0.00995626602343691
778,889,111,0.111,0.006548316817512386
722,861,139,0.139,0.007691296676697676
712,856,144,0.144,0.00866649012060043
796,898,102,0.102,0.004376535020390293
772,886,114,0.114,0.005903148500903626
780,890,110,0.11,0.007740735212675645
720,860,140,0.14,0.0072947057819110345
752,876,124,0.124,0.00684362931222131
730,865,135,0.135,0.008881199271963852
762,881,119,0.119,0.006205910674994811
744,872,128,0.128,0.007987808226476772
738,869,131,0.131,0.006677981860411819
756,878,122,0.122,0.007088872023537988
762,881,119,0.119,0.005469692453392782
724,862,138,0.138,0.008371430454746587
760,880,120,0.12,0.0066270561535202435
754,877,123,0.123,0.007978802241617814
778,889,111,0.111,0.005301617296063341
784,892,108,0.108,0.006247946967108874
746,873,127,0.127,0.007776792429969646
784,892,108,0.108,0.008663379805046134
782,891,109,0.109,0.007879594532540068
740,870,130,0.13,0.009320406286162325
726,863,137,0.137,0.009263846485773684
788,894,106,0.106,0.007013357270610868
802,901,99,0.099,0.00535728948606993
814,907,93,0.093,0.006635215216156212
764,882,118,0.118,0.005721447546187847
750,875,125,0.125,0.006577361240546452
706,853,147,0.147,0.009440487399377162
814,907,93,0.093,0.005087009540118743
714,857,143,0.143,0.00616773142371676
786,893,107,0.107,0.0057709602003014875
778,889,111,0.111,0.00681980339391157
798,899,101,0.101,0.004424109599123767
676,838,162,0.162,0.009642871260912216
834,917,83,0.083,0.00470950842340244
740,870,130,0.13,0.006672469705896219
738,869,131,0.131,0.006739246331897448
802,901,99,0.099,0.005340865883648803
736,868,132,0.132,0.008585503505237284
780,890,110,0.11,0.005915778889655485
750,875,125,0.125,0.007394890736439265
754,877,123,0.123,0.005775846317683317
750,875,125,0.125,0.006483450081024785
758,879,121,0.121,0.010207131847422715
764,882,118,0.118,0.007135886218107771
778,889,111,0.111,0.006171302306873259
758,879,121,0.121,0.005740413037507096
708,854,146,0.146,0.00845352745524724
796,898,102,0.102,0.005234739410341718
824,912,88,0.088,0.0068427733203279785
774,887,113,0.113,0.007899363895878196
734,867,133,0.133,0.009716210593847792
776,888,112,0.112,0.006817046718962956
780,890,110,0.11,0.00882525582308881
720,860,140,0.14,0.012352831749118194
764,882,118,0.118,0.009717643986994517
788,894,106,0.106,0.0058418376580521
812,906,94,0.094,0.006765910607049591
728,864,136,0.136,0.006713940475514392
726,863,137,0.137,0.006321577509705093
772,886,114,0.114,0.005617340661861817
740,870,130,0.13,0.006454934779263568
804,902,98,0.098,0.004450996104133083
766,883,117,0.117,0.0068495931057696
740,870,130,0.13,0.006564969086830388
784,892,108,0.108,0.004413983316364466
742,871,129,0.129,0.005655915399212973
736,868,132,0.132,0.004834991303665447
792,896,104,0.104,0.007220565476032789
772,886,114,0.114,0.005561362951681076
810,905,95,0.095,0.005084365210583201
824,912,88,0.088,0.005218939705955563
754,877,123,0.123,0.006969540140766185
756,878,122,0.122,0.0042564343132835344
754,877,123,0.123,0.006973618046191405
798,899,101,0.101,0.008498691093263915
760,880,120,0.12,0.0056472993607749235
718,859,141,0.141,0.008381038167379302
834,917,83,0.083,0.0036870594177162274
760,880,120,0.12,0.006934751161268651
754,877,123,0.123,0.005633920257896535
750,875,125,0.125,0.008162362551083789
768,884,116,0.116,0.00604259509840631
780,890,110,0.11,0.005620423438725993
760,880,120,0.12,0.00620896475794143
748,874,126,0.126,0.008760395009128842
786,893,107,0.107,0.006391455414835946
830,915,85,0.085,0.004523664411011851
762,881,119,0.119,0.005754481626136112
760,880,120,0.12,0.004367644389792986
692,846,154,0.154,0.007296650417840283
790,895,105,0.105,0.006616395819713944
816,908,92,0.092,0.004819276087497201
722,861,139,0.139,0.01041692527696432
814,907,93,0.093,0.004420450179342879
694,847,153,0.153,0.013671866938886524
684,842,158,0.158,0.008266097178653582
770,885,115,0.115,0.00680013667113235
782,891,109,0.109,0.007117121031173156
824,912,88,0.088,0.004822533704544185
804,902,98,0.098,0.005034279772633454
738,869,131,0.131,0.008561194319918286
682,841,159,0.159,0.011960760124784428
748,874,126,0.126,0.007946998969724518
728,864,136,0.136,0.007747294070614771
716,858,142,0.142,0.010454261613311247
742,871,129,0.129,0.005703532631348935
826,913,87,0.087,0.006338642978706048
742,871,129,0.129,0.01193124522119615
682,841,159,0.159,0.012647281301789918
750,875,125,0.125,0.006524405368763837
842,921,79,0.079,0.004374633685627486
722,861,139,0.139,0.01277446201359271
724,862,138,0.138,0.011281162108221906
804,902,98,0.098,0.0062443559901512345
752,876,124,0.124,0.006728279274640954
768,884,116,0.116,0.007778148381767096
750,875,125,0.125,0.007678610014743754
776,888,112,0.112,0.004657785107876407
768,884,116,0.116,0.006510909481308772
774,887,113,0.113,0.00710809684949345
798,899,101,0.101,0.004479598436446395
762,881,119,0.119,0.00646772133136983
808,904,96,0.096,0.0033330526603385807
756,878,122,0.122,0.006036347105778986
770,885,115,0.115,0.004849421656948834
774,887,113,0.113,0.006099020387715428
758,879,121,0.121,0.006124604286655086
770,885,115,0.115,0.0031158990830590485
770,885,115,0.115,0.005365054606241756
800,900,100,0.1,0.005658441362247686
804,902,98,0.098,0.004521251928330457
790,895,105,0.105,0.004320731452080509
748,874,126,0.126,0.004363581113429973
774,887,113,0.113,0.00523894470561936
826,913,87,0.087,0.0032783839630210424
790,895,105,0.105,0.0032778955897083506
746,873,127,0.127,0.006771020827291068
800,900,100,0.1,0.003395683175200247
750,875,125,0.125,0.006207663694141956
656,828,172,0.172,0.007119547683978453
702,851,149,0.149,0.007649893989975681
730,865,135,0.135,0.004429247572945314
736,868,132,0.132,0.009729601649891265
714,857,143,0.143,0.007396717964307754
816,908,92,0.092,0.006644913030002499
748,874,126,0.126,0.006440878157562111
786,893,107,0.107,0.008342815889773193
756,878,122,0.122,0.01145233268327138
800,900,100,0.1,0.004510473432863364
766,883,117,0.117,0.005762882254755823
772,886,114,0.114,0.007897590604348807
862,931,69,0.069,0.00443748616790981
800,900,100,0.1,0.005073920731709223
814,907,93,0.093,0.005136070313346864
782,891,109,0.109,0.00426737835133099
804,902,98,0.098,0.00848030932087022
754,877,123,0.123,0.004727824901121494
810,905,95,0.095,0.002254113896025956
830,915,85,0.085,0.0032452869618136903
812,906,94,0.094,0.0024765842049309867
740,870,130,0.13,0.0033763604641135316
830,915,85,0.085,0.002462278207497093
788,894,106,0.106,0.001885046214148133
810,905,95,0.095,0.003289994171289436
740,870,130,0.13,0.005129005337619673
694,847,153,0.153,0.006006327849230729
794,897,103,0.103,0.0018614464172342195
770,885,115,0.115,0.0024001886866117273
726,863,137,0.137,0.004466084188559762
744,872,128,0.128,0.0049549608918459855
734,867,133,0.133,0.004110834882965719
776,888,112,0.112,0.0031642398860421963
778,889,111,0.111,0.0034829622378238128
724,862,138,0.138,0.005915326327420189
802,901,99,0.099,0.004034992630127817
762,881,119,0.119,0.005343774180364563
736,868,132,0.132,0.009672338517208117
712,856,144,0.144,0.00897460444358876
734,867,133,0.133,0.008039933959487825
788,894,106,0.106,0.009365617893461603
766,883,117,0.117,0.011337013382057193
686,843,157,0.157,0.016408921667025424
746,873,127,0.127,0.011111252197064459
724,862,138,0.138,0.013883738555421587
834,917,83,0.083,0.00915548655379098
754,877,123,0.123,0.007736335159599548
744,872,128,0.128,0.008236451081582346
772,886,114,0.114,0.007054337631096132
790,895,105,0.105,0.007391872504551429
810,905,95,0.095,0.0043510390428709795
770,885,115,0.115,0.006091111917572562
806,903,97,0.097,0.00722095368540613
720,860,140,0.14,0.005770098021435842
708,854,146,0.146,0.005863117876389879
742,871,129,0.129,0.003312298803048179
790,895,105,0.105,0.0034512585681131898
712,856,144,0.144,0.004101372131865901
798,899,101,0.101,0.0023279763102982544
810,905,95,0.095,0.0027726832293046757
726,863,137,0.137,0.004737222920348358
766,883,117,0.117,0.0026833659013864235
824,912,88,0.088,0.0025614122705846965
762,881,119,0.119,0.003503419673743338
818,909,91,0.091,0.0014713163777323643
786,893,107,0.107,0.0031030290218477603
776,888,112,0.112,0.0038928679820078287
758,879,121,0.121,0.0033019676929216075
832,916,84,0.084,0.002657005491801101
726,863,137,0.137,0.004454148073873512
806,903,97,0.097,0.0037241198463743787
772,886,114,0.114,0.006815705247296137
776,888,112,0.112,0.008615062802826288
736,868,132,0.132,0.008053487222481635
756,878,122,0.122,0.006271886040471145
778,889,111,0.111,0.006531246248880052
752,876,124,0.124,0.007026476311351871
788,894,106,0.106,0.0056037898459471765
804,902,98,0.098,0.006016508000946487
778,889,111,0.111,0.005372095952479867
694,847,153,0.153,0.00872830023545248
750,875,125,0.125,0.0073970134467235766
738,869,131,0.131,0.009202513257550891
800,900,100,0.1,0.006052774069852603
770,885,115,0.115,0.0066071083351853304
732,866,134,0.134,0.005718309658201179
736,868,132,0.132,0.00805203707300825
774,887,113,0.113,0.006099952697773006
746,873,127,0.127,0.005584933062578784
846,923,77,0.077,0.0033527356193517334
806,903,97,0.097,0.00401568746821431
832,916,84,0.084,0.003856829537966405
802,901,99,0.099,0.004178087201114977
688,844,156,0.156,0.010452047623992258
758,879,121,0.121,0.003958328481625358
818,909,91,0.091,0.0030616151915128283
796,898,102,0.102,0.0031618939703621438
798,899,101,0.101,0.0050641327760313284
750,875,125,0.125,0.004653686296936939
700,850,150,0.15,0.0060440954136720395
762,881,119,0.119,0.003698214251504396
742,871,129,0.129,0.0025628111664482275
720,860,140,0.14,0.0028575331113461287
818,909,91,0.091,0.0018037984490038071
808,904,96,0.096,0.0030106949711771447
740,870,130,0.13,0.004754277768319298
780,890,110,0.11,0.0026242652113942313
750,875,125,0.125,0.005198784904874628
726,863,137,0.137,0.006201037372171413
786,893,107,0.107,0.0033491094978526236
728,864,136,0.136,0.005184177787305089
796,898,102,0.102,0.005932384678526432
730,865,135,0.135,0.009704862727288856
758,879,121,0.121,0.007874301655567252
740,870,130,0.13,0.009527881523274119
814,907,93,0.093,0.008132365498531725
776,888,112,0.112,0.007927202350459992
808,904,96,0.096,0.005156391443975735
822,911,89,0.089,0.004998416856775293
846,923,77,0.077,0.004405611428519478
718,859,141,0.141,0.010507906201732113
780,890,110,0.11,0.006428345038089901
788,894,106,0.106,0.003904323295340873
714,857,143,0.143,0.007933977730441256
762,881,119,0.119,0.006290447785875585
718,859,141,0.141,0.005510426726177684
816,908,92,0.092,0.0035121828357696358
766,883,117,0.117,0.004615262352592253
772,886,114,0.114,0.0036882737496780464
764,882,118,0.118,0.00286597946922484
778,889,111,0.111,0.003323781241408142
738,869,131,0.131,0.0036616905605951614
810,905,95,0.095,0.0023276785485941216
794,897,103,0.103,0.002820235101520666
782,891,109,0.109,0.005329790089694143
786,893,107,0.107,0.00392177207556233
756,878,122,0.122,0.003829416363769269
754,877,123,0.123,0.002576382306986488
748,874,126,0.126,0.0019473302557307761
782,891,109,0.109,0.004276566224187263
768,884,116,0.116,0.005176121123437042
766,883,117,0.117,0.003940525395883014
768,884,116,0.116,0.004594592600202304
748,874,126,0.126,0.0048806421829358446
754,877,123,0.123,0.0061033107530529375
838,919,81,0.081,0.005826362226551282
686,843,157,0.157,0.006517766694028978
808,904,96,0.096,0.007667327764909714
766,883,117,0.117,0.004956998887500959
758,879,121,0.121,0.0059611512247356585
808,904,96,0.096,0.004522157787258038
754,877,123,0.123,0.008817321673443075
770,885,115,0.115,0.005626832377252868
730,865,135,0.135,0.005524400491965935
742,871,129,0.129,0.007305725373094901
798,899,101,0.101,0.004559026167626144
768,884,116,0.116,0.006761969567567576
740,870,130,0.13,0.004832789415202569
764,882,118,0.118,0.005081312555106706
800,900,100,0.1,0.0035308735880244056
728,864,136,0.136,0.006997198265744373
800,900,100,0.1,0.004037231901078485
762,881,119,0.119,0.0054619475052531926
798,899,101,0.101,0.002889597171539208
776,888,112,0.112,0.005609933195679332
732,866,134,0.134,0.004779099519924785
766,883,117,0.117,0.0045896855952742045
776,888,112,0.112,0.0028920767571908074
796,898,102,0.102,0.005731291019776108
824,912,88,0.088,0.0030216579559782988
780,890,110,0.11,0.0029876545375809656
724,862,138,0.138,0.005974717885110294
740,870,130,0.13,0.0034846241183404346
738,869,131,0.131,0.004454659405251732
800,900,100,0.1,0.00516863996860775
804,902,98,0.098,0.003344072831401718
792,896,104,0.104,0.004777058765568654
742,871,129,0.129,0.004034430149622494
712,856,144,0.144,0.006904936767037725
752,876,124,0.124,0.0061968302743625825
780,890,110,0.11,0.006666298346914118
812,906,94,0.094,0.005480484250401787
806,903,97,0.097,0.0037781725476670543
708,854,146,0.146,0.0066933655799657574
812,906,94,0.094,0.005373193813371472
768,884,116,0.116,0.00616212660621386
782,891,109,0.109,0.003581395400542533
732,866,134,0.134,0.008532561102547333
770,885,115,0.115,0.005777727396976843
798,899,101,0.101,0.005606348648158018
772,886,114,0.114,0.006067451101102051
722,861,139,0.139,0.011429082086746348
716,858,142,0.142,0.006237918078943039
748,874,126,0.126,0.006842785016458948
746,873,127,0.127,0.005555996645081905
780,890,110,0.11,0.007765250074124197
780,890,110,0.11,0.004521438765325001
666,833,167,0.167,0.00705337418185809
750,875,125,0.125,0.006466316301841289
810,905,95,0.095,0.004732614780412404
778,889,111,0.111,0.004034840642336349
786,893,107,0.107,0.0046172353461734015
766,883,117,0.117,0.005985556761708722
776,888,112,0.112,0.005206249323658994
716,858,142,0.142,0.004865006274209009
776,888,112,0.112,0.004197535661412985
766,883,117,0.117,0.005362233081599698
768,884,116,0.116,0.003853839279290696
798,899,101,0.101,0.004701156847164384
732,866,134,0.134,0.007318723862990737
718,859,141,0.141,0.004581205622773268
794,897,103,0.103,0.0026243035922234414
780,890,110,0.11,0.004278023968392518
752,876,124,0.124,0.00527184219135961
716,858,142,0.142,0.006088625582226086
754,877,123,0.123,0.0031611871835193596
730,865,135,0.135,0.005010556991124759
804,902,98,0.098,0.0031266420632018706
746,873,127,0.127,0.005222672269667782
760,880,120,0.12,0.005749698835817981
760,880,120,0.12,0.004304756175959483
732,866,134,0.134,0.007119386241436587
756,878,122,0.122,0.008838866462028819
786,893,107,0.107,0.004472351209522458
782,891,109,0.109,0.006176168239179788
750,875,125,0.125,0.008251032233994919
754,877,123,0.123,0.005663487793048262
804,902,98,0.098,0.004130336262125638
772,886,114,0.114,0.005800611285478226
736,868,132,0.132,0.005986343458120246
818,909,91,0.091,0.004214244015456643
754,877,123,0.123,0.005011408822610974
748,874,126,0.126,0.0050840226695436285
752,876,124,0.124,0.005402810164116091
766,883,117,0.117,0.005233199839844019
726,863,137,0.137,0.008542834468757064
762,881,119,0.119,0.0036441442033537897
800,900,100,0.1,0.004632018205244094
690,845,155,0.155,0.004668292172456859
778,889,111,0.111,0.0030749515940406125
696,848,152,0.152,0.006592993023317831
744,872,128,0.128,0.004349074353580363
780,890,110,0.11,0.006176866783585865
752,876,124,0.124,0.009690903076931136
756,878,122,0.122,0.005703245483106002
772,886,114,0.114,0.006016990999894915
790,895,105,0.105,0.004705891302641248
762,881,119,0.119,0.005801209054712672
774,887,113,0.113,0.005595219892042223
802,901,99,0.099,0.005977083390927874
716,858,142,0.142,0.007038327209476847
816,908,92,0.092,0.00646006150424364
746,873,127,0.127,0.008524847831518854
784,892,108,0.108,0.003951796729554189
780,890,110,0.11,0.004391507331514731
748,874,126,0.126,0.007816580594953848
702,851,149,0.149,0.006227091829525307
696,848,152,0.152,0.009574609751289244
762,881,119,0.119,0.006581677422233042
812,906,94,0.094,0.0037208253151038663
800,900,100,0.1,0.0043323582362208984
802,901,99,0.099,0.004218345970642986
770,885,115,0.115,0.005530392716915231
744,872,128,0.128,0.004221328026978881
778,889,111,0.111,0.004942682578926906
770,885,115,0.115,0.004872019838963752
762,881,119,0.119,0.00459038326490554
742,871,129,0.129,0.00532231694732036
760,880,120,0.12,0.0048156984116194505
800,900,100,0.1,0.0039797792240424314
770,885,115,0.115,0.0056432962412072815
770,885,115,0.115,0.004597104586893693
724,862,138,0.138,0.008978995488185319
792,896,104,0.104,0.005234764956214348
742,871,129,0.129,0.004334232741726737
756,878,122,0.122,0.00461341161877499
718,859,141,0.141,0.005877051960735116
748,874,126,0.126,0.006792909577896353
800,900,100,0.1,0.004818792154837865
784,892,108,0.108,0.005330290674071875
784,892,108,0.108,0.0053392188911675475
804,902,98,0.098,0.003737565293544321
756,878,122,0.122,0.005963892019142804
804,902,98,0.098,0.005016040130896727
710,855,145,0.145,0.00871382441202877
856,928,72,0.072,0.005186222114280099
670,835,165,0.165,0.007254575495899189
810,905,95,0.095,0.005615313758753473
796,898,102,0.102,0.0044695562562556005
786,893,107,0.107,0.007369768222852144
744,872,128,0.128,0.004273767825798132
806,903,97,0.097,0.005611343083015526
754,877,123,0.123,0.003479489280114649
812,906,94,0.094,0.004209166474014637
750,875,125,0.125,0.0037117591396527132
764,882,118,0.118,0.0037052202134364052
772,886,114,0.114,0.0033337020975995986
776,888,112,0.112,0.004481904984106223
764,882,118,0.118,0.004122388301999308
742,871,129,0.129,0.005108710944488848
810,905,95,0.095,0.0033397185095964234
752,876,124,0.124,0.006140735180146293
718,859,141,0.141,0.004740762713371623
794,897,103,0.103,0.0025182936945493564
804,902,98,0.098,0.0034976351125660587
758,879,121,0.121,0.004382928633145639
796,898,102,0.102,0.005520358418027172
728,864,136,0.136,0.007038375301199266
738,869,131,0.131,0.007858597123398795
754,877,123,0.123,0.0073667371103947514
828,914,86,0.086,0.004091657421580749
774,887,113,0.113,0.005979231845587492
784,892,108,0.108,0.004887652236706345
762,881,119,0.119,0.009234572930436115
792,896,104,0.104,0.004371901245467598
768,884,116,0.116,0.005065578585956246
804,902,98,0.098,0.005789550082175993
730,865,135,0.135,0.006617419620029977
770,885,115,0.115,0.006175849636085332
778,889,111,0.111,0.005304457386024296
826,913,87,0.087,0.003445013975026086
728,864,136,0.136,0.007808966456126654
724,862,138,0.138,0.005220129413180985
742,871,129,0.129,0.005233040277089458
750,875,125,0.125,0.005366694533091504
748,874,126,0.126,0.004760205108657828
774,887,113,0.113,0.004521896605088841
754,877,123,0.123,0.0053944123891415076
734,867,133,0.133,0.006171857385808835
764,882,118,0.118,0.00442218395092641
750,875,125,0.125,0.006425266900128917
822,911,89,0.089,0.004895301277254475
724,862,138,0.138,0.00497912023353274
806,903,97,0.097,0.004763917897493229
778,889,111,0.111,0.006348919424723135
834,917,83,0.083,0.004235351663955953
752,876,124,0.124,0.006095767276710831
748,874,126,0.126,0.006189731042752101
824,912,88,0.088,0.0032278483975314884
810,905,95,0.095,0.004712765358970501
718,859,141,0.141,0.006277603462862317
770,885,115,0.115,0.0046405148282356095
702,851,149,0.149,0.0055382012441841655
678,839,161,0.161,0.006163934509764659
772,886,114,0.114,0.005147747340917704
778,889,111,0.111,0.004603588761827268
736,868,132,0.132,0.004976429086556891
796,898,102,0.102,0.004539324336496065
758,879,121,0.121,0.00538217978281682
738,869,131,0.131,0.006569030702066812
758,879,121,0.121,0.0073476851453597196
770,885,115,0.115,0.006785750167327933
774,887,113,0.113,0.0051285186622408215
754,877,123,0.123,0.006614976190408925
778,889,111,0.111,0.0036639426878537053
724,862,138,0.138,0.006103722400221159
730,865,135,0.135,0.006432233084313338
802,901,99,0.099,0.006993413937394507
736,868,132,0.132,0.007097158864620724
820,910,90,0.09,0.004759948927850928
750,875,125,0.125,0.008089001107036893
750,875,125,0.125,0.007092017435934394
744,872,128,0.128,0.005535584690893301
828,914,86,0.086,0.004040505671437131
746,873,127,0.127,0.005209575994220359
792,896,104,0.104,0.00414380336238537
758,879,121,0.121,0.0044260540310351645
860,930,70,0.07,0.0047361577891497295
824,912,88,0.088,0.004257039986056043
752,876,124,0.124,0.005357611439205357
738,869,131,0.131,0.004984140119311632
790,895,105,0.105,0.005023440716133336
746,873,127,0.127,0.0037388874337048036
746,873,127,0.127,0.004046480588316626
740,870,130,0.13,0.006013254193213925
770,885,115,0.115,0.0037756287160882495
732,866,134,0.134,0.0036020316664798885
758,879,121,0.121,0.00397591576090781
850,925,75,0.075,0.00324588547705207
732,866,134,0.134,0.006205294991668779
778,889,111,0.111,0.0055087731674721
768,884,116,0.116,0.0052126269288419284
788,894,106,0.106,0.0046836695666715965
756,878,122,0.122,0.005673388982191682
778,889,111,0.111,0.005294136113865534
740,870,130,0.13,0.00592712041825871
762,881,119,0.119,0.007524644316494232
804,902,98,0.098,0.00631502617400838
796,898,102,0.102,0.00657313371633063
764,882,118,0.118,0.006997343776602065
802,901,99,0.099,0.007350911885965616
752,876,124,0.124,0.008199781240487937
750,875,125,0.125,0.007210347521191579
720,860,140,0.14,0.009143105190203641
770,885,115,0.115,0.005604922230209922
820,910,90,0.09,0.0051707668512244705
794,897,103,0.103,0.003966054970631376
756,878,122,0.122,0.004805048563255696
774,887,113,0.113,0.0031981090644694634
734,867,133,0.133,0.003899584085214883
734,867,133,0.133,0.005302810224718997
766,883,117,0.117,0.0033390861650259467
762,881,119,0.119,0.004436868795877672
822,911,89,0.089,0.003128886668921041
760,880,120,0.12,0.006097479445510544
770,885,115,0.115,0.005035177088226192
806,903,97,0.097,0.004244453501567477
770,885,115,0.115,0.004100412751067779
768,884,116,0.116,0.0033204433568407694
772,886,114,0.114,0.003870302265000646
832,916,84,0.084,0.003240868270950159
772,886,114,0.114,0.004811627581089851
768,884,116,0.116,0.004805537890380947
732,866,134,0.134,0.005346700243797386
820,910,90,0.09,0.004737234581349185
750,875,125,0.125,0.005365581438294612
796,898,102,0.102,0.004820201338487095
798,899,101,0.101,0.004193620580641436
806,903,97,0.097,0.004409914299263619
766,883,117,0.117,0.004645393445622176
802,901,99,0.099,0.005366570597005193
770,885,115,0.115,0.006676410944899544
768,884,116,0.116,0.0037924527628056238
776,888,112,0.112,0.004746856107194617
758,879,121,0.121,0.004857670102268457
754,877,123,0.123,0.0033548082760971737
792,896,104,0.104,0.004833702767500654
790,895,105,0.105,0.005474416068307618
820,910,90,0.09,0.003813741823323653
796,898,102,0.102,0.0032914087300559914
822,911,89,0.089,0.003193259014413343
802,901,99,0.099,0.004354465300843003
790,895,105,0.105,0.0034915134881593987
724,862,138,0.138,0.005078148979635443
812,906,94,0.094,0.003814716486598627
796,898,102,0.102,0.0038029072015197014
764,882,118,0.118,0.003656604601390427
818,909,91,0.091,0.0027717737897110057
758,879,121,0.121,0.0027586405703768834
720,860,140,0.14,0.004218479756062152
758,879,121,0.121,0.0037824016809026944
724,862,138,0.138,0.004961068412914756
804,902,98,0.098,0.0049620999509497775
732,866,134,0.134,0.007388157278270227
722,861,139,0.139,0.006281751428410644
764,882,118,0.118,0.005640579920756864
740,870,130,0.13,0.0049136512276454596
744,872,128,0.128,0.007426931012916612
752,876,124,0.124,0.006684462029399583
798,899,101,0.101,0.00646286480280105
734,867,133,0.133,0.010226377796265297
774,887,113,0.113,0.010274153415142791
786,893,107,0.107,0.009020906368357827
854,927,73,0.073,0.0058905810955911875
784,892,108,0.108,0.007303537396481261
748,874,126,0.126,0.007445848561008461
754,877,123,0.123,0.006972141529549844
814,907,93,0.093,0.006044752028450603
724,862,138,0.138,0.006118723236199003
768,884,116,0.116,0.005987116825970589
764,882,118,0.118,0.007784504292329074
684,842,158,0.158,0.005112369795810082
746,873,127,0.127,0.0044067628227130624
746,873,127,0.127,0.005762272876891075
760,880,120,0.12,0.005408010004321113
776,888,112,0.112,0.004013130208440998
778,889,111,0.111,0.003869849098438863
776,888,112,0.112,0.0038789717916806695
750,875,125,0.125,0.004630470891406731
862,931,69,0.069,0.002222463566053193
752,876,124,0.124,0.004231847587652738
744,872,128,0.128,0.003676608803201816
722,861,139,0.139,0.006109531491398229
688,844,156,0.156,0.006165435254399199
756,878,122,0.122,0.006060042610683013
770,885,115,0.115,0.0035618194286798827
768,884,116,0.116,0.005138478416629368
740,870,130,0.13,0.006368358491861727
706,853,147,0.147,0.0077134644610923715
792,896,104,0.104,0.009158838904113509
780,890,110,0.11,0.006907832571596373
758,879,121,0.121,0.008453835926775354
716,858,142,0.142,0.01192464696627576
840,920,80,0.08,0.005990590933419298
734,867,133,0.133,0.01212298436369747
720,860,140,0.14,0.007899702285823878
782,891,109,0.109,0.006246143671800383
744,872,128,0.128,0.008846613833797165
790,895,105,0.105,0.005981181441136869
776,888,112,0.112,0.007340902469994035
776,888,112,0.112,0.005167200395517284
810,905,95,0.095,0.0054233111127687155
742,871,129,0.129,0.006660307869111421
790,895,105,0.105,0.0048676863897271685
762,881,119,0.119,0.004332258572885621
742,871,129,0.129,0.005244477507600095
784,892,108,0.108,0.004146544417657424
810,905,95,0.095,0.003705938122002408
748,874,126,0.126,0.002870207699248567
780,890,110,0.11,0.0032302513843278577
756,878,122,0.122,0.0031946936224630917
804,902,98,0.098,0.002695726215250943
756,878,122,0.122,0.0038059855249666726
766,883,117,0.117,0.002721413575862243
798,899,101,0.101,0.0036281337212094515
798,899,101,0.101,0.0032202358893191558
796,898,102,0.102,0.003772275722221821
688,844,156,0.156,0.00450857629760867
738,869,131,0.131,0.004838050336766173
810,905,95,0.095,0.005578619817795697
804,902,98,0.098,0.0073585102460201595
792,896,104,0.104,0.004825532912858762
798,899,101,0.101,0.004569787205691682
832,916,84,0.084,0.003874039612725028
754,877,123,0.123,0.0069473767707240765
772,886,114,0.114,0.005550445027212845
828,914,86,0.086,0.004475864877589629
744,872,128,0.128,0.008457548883801793
734,867,133,0.133,0.005898221995885251
764,882,118,0.118,0.006079701916896738
750,875,125,0.125,0.006880510477058124
758,879,121,0.121,0.00829004631258431
786,893,107,0.107,0.005647776078607421
730,865,135,0.135,0.005871218530577607
782,891,109,0.109,0.006693926517342333
788,894,106,0.106,0.004618756110459799
750,875,125,0.125,0.006075695787614677
754,877,123,0.123,0.006188596970896469
766,883,117,0.117,0.005999660857632989
766,883,117,0.117,0.007001825086656027
806,903,97,0.097,0.004851126519177342
776,888,112,0.112,0.005108335842785891
718,859,141,0.141,0.00614598933616071
786,893,107,0.107,0.0047362979405734225
790,895,105,0.105,0.004600759432621998
756,878,122,0.122,0.004227658623392926
658,829,171,0.171,0.006988718194974353
774,887,113,0.113,0.005319181256767479
798,899,101,0.101,0.006074283033347456
792,896,104,0.104,0.003779280071408721
784,892,108,0.108,0.0043768631209241
748,874,126,0.126,0.006906075226987014
764,882,118,0.118,0.00579738007922424
774,887,113,0.113,0.005951969902889686
806,903,97,0.097,0.005056931276398245
740,870,130,0.13,0.0065150474031979684
746,873,127,0.127,0.005891296097775921
726,863,137,0.137,0.006956402657786384
748,874,126,0.126,0.005801839424311766
844,922,78,0.078,0.0037134602135629395
752,876,124,0.124,0.006349564726726385
790,895,105,0.105,0.004683062852578587
754,877,123,0.123,0.008320960590819595
722,861,139,0.139,0.006225806884584017
794,897,103,0.103,0.006048327149270335
814,907,93,0.093,0.004211410853837151
752,876,124,0.124,0.00775927228105138
750,875,125,0.125,0.006587815593957202
804,902,98,0.098,0.004595555115374736
778,889,111,0.111,0.004058507413166808
782,891,109,0.109,0.004196297884627711
808,904,96,0.096,0.004225431507700705
782,891,109,0.109,0.003202153339574579
740,870,130,0.13,0.0052171388841816225
676,838,162,0.162,0.005951796946072136
784,892,108,0.108,0.0036455434171512023
764,882,118,0.118,0.003115357335990666
744,872,128,0.128,0.005380252238057438
766,883,117,0.117,0.00325536197103429
802,901,99,0.099,0.005309854821032786
772,886,114,0.114,0.0037349632516124986
762,881,119,0.119,0.0039607785296975635
790,895,105,0.105,0.0033411205119045916
684,842,158,0.158,0.005196094537735917
756,878,122,0.122,0.0038979725240787955
790,895,105,0.105,0.005374122260400327
798,899,101,0.101,0.0031898658490536035
848,924,76,0.076,0.003417894435056951
756,878,122,0.122,0.006514089794189204
728,864,136,0.136,0.006255277186981403
722,861,139,0.139,0.005689373830333352
770,885,115,0.115,0.0066229504230141175
756,878,122,0.122,0.005744217633662629
748,874,126,0.126,0.0077650808854959905
718,859,141,0.141,0.007411957308184356
768,884,116,0.116,0.0067721041579607115
702,851,149,0.149,0.0067877872227109035
720,860,140,0.14,0.0062318415449990425
782,891,109,0.109,0.005561173743219115
756,878,122,0.122,0.005119484652532265
754,877,123,0.123,0.007263694616296562
796,898,102,0.102,0.00613235493627144
784,892,108,0.108,0.0040175108056137105
764,882,118,0.118,0.005329954864020692
700,850,150,0.15,0.006007952897343785
734,867,133,0.133,0.0065582329388125795
692,846,154,0.154,0.006198099979272229
768,884,116,0.116,0.005410366495081689
752,876,124,0.124,0.004275740018463693
774,887,113,0.113,0.005977551066229353
734,867,133,0.133,0.006441362107347232
780,890,110,0.11,0.0037795988550642506
810,905,95,0.095,0.0030389394091180294
778,889,111,0.111,0.003385976448622387
812,906,94,0.094,0.003962152323118062
764,882,118,0.118,0.005252146316415747
726,863,137,0.137,0.004182272356410976
754,877,123,0.123,0.003616434226907586
820,910,90,0.09,0.0047303102125079025
792,896,104,0.104,0.0033613604072888848
750,875,125,0.125,0.0049633498783950925
802,901,99,0.099,0.003659508648699557
788,894,106,0.106,0.0027669319997075943
810,905,95,0.095,0.004718680937425233
734,867,133,0.133,0.00446062899849494
816,908,92,0.092,0.0036612055588921065
812,906,94,0.094,0.0034962190250662386
758,879,121,0.121,0.0040104261838860115
744,872,128,0.128,0.004057755132977036
698,849,151,0.151,0.004149337969269255
786,893,107,0.107,0.004597676396399038
744,872,128,0.128,0.005032290310613462
728,864,136,0.136,0.0035834030540427193
794,897,103,0.103,0.004066993818822084
762,881,119,0.119,0.005903379347233568
744,872,128,0.128,0.006003781382431043
748,874,126,0.126,0.005846458224244998
738,869,131,0.131,0.004457228744198801
726,863,137,0.137,0.006089797701744828
794,897,103,0.103,0.005773685052088694
784,892,108,0.108,0.004394645293185021
770,885,115,0.115,0.006593519357295009
774,887,113,0.113,0.0058093435378978025
788,894,106,0.106,0.006237741101736902
754,877,123,0.123,0.0066131367169437
752,876,124,0.124,0.005643820772820618
758,879,121,0.121,0.007352766971103847
792,896,104,0.104,0.004127179393195547
752,876,124,0.124,0.0048477838796679865
762,881,119,0.119,0.0043333312569884585
720,860,140,0.14,0.005619280689905281
792,896,104,0.104,0.0035432459344447126
738,869,131,0.131,0.00605500128789572
806,903,97,0.097,0.003186844642041251
786,893,107,0.107,0.006039603356970474
664,832,168,0.168,0.005161000707208587
734,867,133,0.133,0.004470278756532935
794,897,103,0.103,0.003823094681582006
804,902,98,0.098,0.002933760878906469
760,880,120,0.12,0.004279419910599245
808,904,96,0.096,0.0030959313622443006
768,884,116,0.116,0.003629808547790162
772,886,114,0.114,0.003556033153872704
706,853,147,0.147,0.00875077863401384
810,905,95,0.095,0.0035051188525976615
804,902,98,0.098,0.005708032911992632
742,871,129,0.129,0.005153377248672769
744,872,128,0.128,0.005047773369384231
734,867,133,0.133,0.0060416595195129045
752,876,124,0.124,0.0050876916173729116
782,891,109,0.109,0.004840435509628151
818,909,91,0.091,0.004526194294332527
788,894,106,0.106,0.003783838170929812
744,872,128,0.128,0.004520433439436602
820,910,90,0.09,0.004070258206847938
802,901,99,0.099,0.005094082417956088
778,889,111,0.111,0.003598270911223608
794,897,103,0.103,0.0031596438454580492
776,888,112,0.112,0.00404619602834282
730,865,135,0.135,0.004609958001659834
788,894,106,0.106,0.004100840347236953
808,904,96,0.096,0.0030731855254416585
812,906,94,0.094,0.0038991107502370143
828,914,86,0.086,0.0019605407933122477
764,882,118,0.118,0.00470284792984603
794,897,103,0.103,0.005228580390146817
814,907,93,0.093,0.0023602039276447613
770,885,115,0.115,0.002578766867140075
734,867,133,0.133,0.0041034903165709695
838,919,81,0.081,0.0021319313715648606
804,902,98,0.098,0.0030689707185083534
800,900,100,0.1,0.004388481488276739
788,894,106,0.106,0.0031605525111663155
748,874,126,0.126,0.004331044540565926
728,864,136,0.136,0.003923714010219555
800,900,100,0.1,0.004479388144798577
736,868,132,0.132,0.0037781126059708184
758,879,121,0.121,0.004211859924893361
752,876,124,0.124,0.005265099026379175
738,869,131,0.131,0.0065745092500583266
816,908,92,0.092,0.005361411861202214
780,890,110,0.11,0.0054427145035006105
742,871,129,0.129,0.006879244556970662
812,906,94,0.094,0.004963116835278924
818,909,91,0.091,0.006416212414333131
786,893,107,0.107,0.007203191662731115
758,879,121,0.121,0.0066944062925758776
738,869,131,0.131,0.005258980611572042
728,864,136,0.136,0.009376740090025123
784,892,108,0.108,0.007515072064648848
732,866,134,0.134,0.00427468940106337
742,871,129,0.129,0.005353918087334023
724,862,138,0.138,0.005755126001429744
722,861,139,0.139,0.005754380655067507
732,866,134,0.134,0.005383089947950793
772,886,114,0.114,0.004855934154562419
776,888,112,0.112,0.005377023229229962
832,916,84,0.084,0.004122709056653548
782,891,109,0.109,0.004770533566545055
764,882,118,0.118,0.005259829924762016
772,886,114,0.114,0.004534505143034039
788,894,106,0.106,0.004696065378906497
770,885,115,0.115,0.005528456160740461
796,898,102,0.102,0.004217332538304618
750,875,125,0.125,0.005203218562761322
780,890,110,0.11,0.0038483876332466023
736,868,132,0.132,0.0038030810936907074
822,911,89,0.089,0.0035040189378196373
826,913,87,0.087,0.0033351245356025173
802,901,99,0.099,0.0036913567740703003
786,893,107,0.107,0.003643722979904851
726,863,137,0.137,0.0036520386199590574
800,900,100,0.1,0.003531277084723115
754,877,123,0.123,0.003522594212408876
748,874,126,0.126,0.004004055420533404
716,858,142,0.142,0.005368492912471993
794,897,103,0.103,0.004081581931794062
810,905,95,0.095,0.004175073054269888
794,897,103,0.103,0.0037851937440282197
806,903,97,0.097,0.004430973071226617
714,857,143,0.143,0.006111554438699386
766,883,117,0.117,0.004196820612822194
782,891,109,0.109,0.00442623240892135
724,862,138,0.138,0.007702986853451875
772,886,114,0.114,0.005463773714844138
778,889,111,0.111,0.0045520275852177295
746,873,127,0.127,0.005878124023263809
780,890,110,0.11,0.0061934812517720275
780,890,110,0.11,0.0073415450676693585
758,879,121,0.121,0.006114459356496809
786,893,107,0.107,0.005577014030597638
688,844,156,0.156,0.006731853178702295
804,902,98,0.098,0.004697116476454539
778,889,111,0.111,0.005363186432106886
704,852,148,0.148,0.0068225982300937175
744,872,128,0.128,0.005140413782617543
786,893,107,0.107,0.004079807352653006
770,885,115,0.115,0.0038276237133250107
786,893,107,0.107,0.00475717717048974
772,886,114,0.114,0.004780057457828661
720,860,140,0.14,0.006100081205921015
700,850,150,0.15,0.008241729674133239
776,888,112,0.112,0.006437554477888625
828,914,86,0.086,0.0035882972545805388
742,871,129,0.129,0.00611986937164329
772,886,114,0.114,0.004567884737451095
794,897,103,0.103,0.004354973269975744
800,900,100,0.1,0.004874768250068882
770,885,115,0.115,0.0059780835499550445
752,876,124,0.124,0.0045454327618354
762,881,119,0.119,0.00474856560875196
736,868,132,0.132,0.006364943455148022
730,865,135,0.135,0.0041975314132942
782,891,109,0.109,0.003804205847030971
814,907,93,0.093,0.004407502291462151
740,870,130,0.13,0.005468702076352201
696,848,152,0.152,0.00785591313178884
804,902,98,0.098,0.005347310440964066
754,877,123,0.123,0.005279207957384642
748,874,126,0.126,0.004583434696833137
762,881,119,0.119,0.005860435129201505
764,882,118,0.118,0.00474511605774751
726,863,137,0.137,0.00740470905957045
758,879,121,0.121,0.006479703713674098
792,896,104,0.104,0.0035327907873142976
768,884,116,0.116,0.004637194679002278
834,917,83,0.083,0.004332968114758842
716,858,142,0.142,0.0065784752167528495
816,908,92,0.092,0.0044995139100356026
830,915,85,0.085,0.004183902561839204
674,837,163,0.163,0.006441263640386751
798,899,101,0.101,0.0038568493133061565
732,866,134,0.134,0.004560511837189552
808,904,96,0.096,0.003280278786551207
780,890,110,0.11,0.0034653048283653336
810,905,95,0.095,0.004120906610798556
784,892,108,0.108,0.0036232366156182254
770,885,115,0.115,0.004765966756036505
794,897,103,0.103,0.0031422666384023613
852,926,74,0.074,0.0033506585263094165
774,887,113,0.113,0.003768834760878235
748,874,126,0.126,0.003357322994968854
826,913,87,0.087,0.002959895045220037
780,890,110,0.11,0.004136715988410288
720,860,140,0.14,0.005099419964230037
712,856,144,0.144,0.004367579916084651
792,896,104,0.104,0.002555339926169836
760,880,120,0.12,0.0047414184369990835
710,855,145,0.145,0.004465646665696113
792,896,104,0.104,0.003830085749999853
726,863,137,0.137,0.0053914678201253995
832,916,84,0.084,0.0031444625791191357
754,877,123,0.123,0.00444329942530021
756,878,122,0.122,0.004545732347294688
760,880,120,0.12,0.005440228375227889
744,872,128,0.128,0.006347775344329421
764,882,118,0.118,0.007440771080146078
688,844,156,0.156,0.009261820467014332
756,878,122,0.122,0.006349140935519244
790,895,105,0.105,0.0059540220416965895
798,899,101,0.101,0.0067444695252925155
782,891,109,0.109,0.00704597427486442
760,880,120,0.12,0.007623904563428368
726,863,137,0.137,0.008966650341928471
814,907,93,0.093,0.005595519117487129
804,902,98,0.098,0.004164560927922139
768,884,116,0.116,0.005614503004791913
712,856,144,0.144,0.005106887163245119
804,902,98,0.098,0.0033397142233734483
776,888,112,0.112,0.0035113006278697867
760,880,120,0.12,0.00344432421826059
746,873,127,0.127,0.004788914324060897
788,894,106,0.106,0.003689443673196365
764,882,118,0.118,0.004192430224982673
792,896,104,0.104,0.004712663354715914
812,906,94,0.094,0.0033395734223886395
752,876,124,0.124,0.002653195558290463
742,871,129,0.129,0.0037764413892437004
812,906,94,0.094,0.0025235862009139963
768,884,116,0.116,0.004048056204803288
768,884,116,0.116,0.004538112515874672
766,883,117,0.117,0.003454291547561297
718,859,141,0.141,0.005051901117723901
774,887,113,0.113,0.0037309559393033853
782,891,109,0.109,0.004351652585988632
802,901,99,0.099,0.0065875825474795415
658,829,171,0.171,0.008263528690433303
776,888,112,0.112,0.005544884895149153
750,875,125,0.125,0.006310857182252221
816,908,92,0.092,0.004956966606201604
816,908,92,0.092,0.004911863255372737
738,869,131,0.131,0.008118783520592842
798,899,101,0.101,0.004496120567433536
746,873,127,0.127,0.007301758324319963
740,870,130,0.13,0.006913919766549952
788,894,106,0.106,0.0058272151320124975
788,894,106,0.106,0.005952698013570626
748,874,126,0.126,0.005273138577031204
780,890,110,0.11,0.004534060002741171
804,902,98,0.098,0.004112568743134034
720,860,140,0.14,0.003862436893505219
788,894,106,0.106,0.003165479527233401
712,856,144,0.144,0.004262401166750351
736,868,132,0.132,0.004062310371344211
768,884,116,0.116,0.004611101569709717
772,886,114,0.114,0.004390643951133825
768,884,116,0.116,0.004408322253701045
780,890,110,0.11,0.0033714770001533906
772,886,114,0.114,0.003849147861707024
776,888,112,0.112,0.004867352151020896
828,914,86,0.086,0.002770562113902997
738,869,131,0.131,0.004850292389688548
796,898,102,0.102,0.00667615431912418
766,883,117,0.117,0.004737519590737065
750,875,125,0.125,0.005792420075755217
822,911,89,0.089,0.004204946311103413
792,896,104,0.104,0.005303943530743709
780,890,110,0.11,0.00409399385197321
734,867,133,0.133,0.005894184050994226
834,917,83,0.083,0.004036311252595624
802,901,99,0.099,0.004920542848005425
734,867,133,0.133,0.005440165734034963
726,863,137,0.137,0.006039070682687452
794,897,103,0.103,0.00531548916065367
770,885,115,0.115,0.005244546359288506
786,893,107,0.107,0.00424889046579483
800,900,100,0.1,0.004184464084100909
710,855,145,0.145,0.00661051514459541
768,884,116,0.116,0.0038251299895346166
710,855,145,0.145,0.006304114880011184
706,853,147,0.147,0.005208786885570589
764,882,118,0.118,0.003966553794103675
804,902,98,0.098,0.003332270846120082
792,896,104,0.104,0.0053530457667220616
792,896,104,0.104,0.00476671684422763
758,879,121,0.121,0.00678139223071048
708,854,146,0.146,0.006484332988446113
740,870,130,0.13,0.005572053143492667
796,898,102,0.102,0.004909566436777823
736,868,132,0.132,0.0070695943486061875
756,878,122,0.122,0.007829829892434645
774,887,113,0.113,0.005296068725932855
716,858,142,0.142,0.00655636536196107
750,875,125,0.125,0.005820619108984829
714,857,143,0.143,0.006071644771844149
718,859,141,0.141,0.0070086957649909895
794,897,103,0.103,0.004479957476316486
736,868,132,0.132,0.006449031237512827
748,874,126,0.126,0.007163585375237745
714,857,143,0.143,0.006876644337142352
738,869,131,0.131,0.007978757846402004
802,901,99,0.099,0.005067147004476282
876,938,62,0.062,0.0034598780911182987
808,904,96,0.096,0.004568245617847424
710,855,145,0.145,0.0061950587389874275
794,897,103,0.103,0.0038015872994437813
756,878,122,0.122,0.004676970558386529
798,899,101,0.101,0.004311605606199009
786,893,107,0.107,0.0036612628831062467
748,874,126,0.126,0.00262656046502525
760,880,120,0.12,0.004401774417034176
784,892,108,0.108,0.0029234130506811196
760,880,120,0.12,0.0037372616188513347
740,870,130,0.13,0.003577939313276147
782,891,109,0.109,0.0028320498783414223
734,867,133,0.133,0.0037420626241364517
772,886,114,0.114,0.003251047743819072
784,892,108,0.108,0.004930301512009464
842,921,79,0.079,0.0032013995045854244
688,844,156,0.156,0.007280830401694402
782,891,109,0.109,0.005004691294423537
742,871,129,0.129,0.005736861934827175
756,878,122,0.122,0.00584191348584136
722,861,139,0.139,0.008534888588998
778,889,111,0.111,0.005875146752892761
726,863,137,0.137,0.006686787717422703
758,879,121,0.121,0.005790689334622584
810,905,95,0.095,0.0059646600598352965
752,876,124,0.124,0.007073992679012008
758,879,121,0.121,0.006440184514212887
762,881,119,0.119,0.007896691851725337
734,867,133,0.133,0.005774825760861859
766,883,117,0.117,0.005840505867614411
780,890,110,0.11,0.006292860510002356
712,856,144,0.144,0.0069462539214873685
820,910,90,0.09,0.0046545304182800465
784,892,108,0.108,0.0055014225937484295
778,889,111,0.111,0.005860070319322404
696,848,152,0.152,0.006374091699632117
810,905,95,0.095,0.004759664201759733
726,863,137,0.137,0.004534975473594386
782,891,109,0.109,0.002962325390020851
670,835,165,0.165,0.005259158758519334
724,862,138,0.138,0.005374615243228618
780,890,110,0.11,0.0037830744271341245
786,893,107,0.107,0.0035441904995241204
734,867,133,0.133,0.0044472287635144315
758,879,121,0.121,0.0036811776083195582
806,903,97,0.097,0.0031133540345181245
740,870,130,0.13,0.0037794907265051732
768,884,116,0.116,0.0035604837135906563
760,880,120,0.12,0.005478291045350489
802,901,99,0.099,0.004425110997312004
786,893,107,0.107,0.004704434753919486
734,867,133,0.133,0.00551681825259584
762,881,119,0.119,0.006853444467677036
752,876,124,0.124,0.005383154590148479
760,880,120,0.12,0.007408940461085876
748,874,126,0.126,0.0055153559072059575
742,871,129,0.129,0.005582993568095844
714,857,143,0.143,0.005220309787197039
774,887,113,0.113,0.004419534011685755
780,890,110,0.11,0.005576487484911922
794,897,103,0.103,0.004422184846596793
750,875,125,0.125,0.005383603918366134
742,871,129,0.129,0.005239365618792362
790,895,105,0.105,0.004752028772141785
792,896,104,0.104,0.003836650383338565
760,880,120,0.12,0.004843229464895558
768,884,116,0.116,0.005732037541398313
730,865,135,0.135,0.0036736454494275678
768,884,116,0.116,0.0037662099316949026
776,888,112,0.112,0.0037461721790314185
808,904,96,0.096,0.003435340635740431
744,872,128,0.128,0.0038704744781862246
846,923,77,0.077,0.003085854487027973
776,888,112,0.112,0.003337546241906239
696,848,152,0.152,0.00495610896704602
774,887,113,0.113,0.0039685212594049515
804,902,98,0.098,0.003173551865897025
698,849,151,0.151,0.004220388062589336
744,872,128,0.128,0.0048690660250431395
760,880,120,0.12,0.0044349028349970464
724,862,138,0.138,0.003921838145382935
764,882,118,0.118,0.004275691482878756
796,898,102,0.102,0.0036601634583785197
816,908,92,0.092,0.004480889786616899
774,887,113,0.113,0.004321239919896471
722,861,139,0.139,0.006741023437614785
754,877,123,0.123,0.005749944177106954
742,871,129,0.129,0.005816118407325121
732,866,134,0.134,0.005207850278529804
702,851,149,0.149,0.007552878810325637
752,876,124,0.124,0.006925773458264303
830,915,85,0.085,0.004029307924734894
786,893,107,0.107,0.005402094347577076
666,833,167,0.167,0.007230329293408431
756,878,122,0.122,0.0068437393744825385
790,895,105,0.105,0.006009885129344184
706,853,147,0.147,0.005883085630019195
748,874,126,0.126,0.006003406453979551
742,871,129,0.129,0.005888690140505787
696,848,152,0.152,0.006289390639110934
744,872,128,0.128,0.005255352661421056
796,898,102,0.102,0.004615888819505926
778,889,111,0.111,0.005742323559359648
744,872,128,0.128,0.005625915587588679
776,888,112,0.112,0.005115197991981404
756,878,122,0.122,0.005631789441744331
696,848,152,0.152,0.006795468017749954
796,898,102,0.102,0.004052141769672744
750,875,125,0.125,0.006274639559123898
730,865,135,0.135,0.0047998232889804055
750,875,125,0.125,0.006309514631109778
776,888,112,0.112,0.00536334170695045
726,863,137,0.137,0.0058868818169285075
732,866,134,0.134,0.0058552993176563175
730,865,135,0.135,0.005496599088452058
746,873,127,0.127,0.00551683048036648
808,904,96,0.096,0.004577496970334323
724,862,138,0.138,0.004561758418378304
792,896,104,0.104,0.004249244964623358
756,878,122,0.122,0.004540308147552423
778,889,111,0.111,0.00557059682556428
748,874,126,0.126,0.0044084734943025975
796,898,102,0.102,0.00419269925167464
790,895,105,0.105,0.004594475762132788
762,881,119,0.119,0.0042922975609544665
788,894,106,0.106,0.005071405942027923
808,904,96,0.096,0.0038888760911067947
760,880,120,0.12,0.0048633560753369234
734,867,133,0.133,0.006252179281160352
786,893,107,0.107,0.0036989508187980392
726,863,137,0.137,0.0038728683612134773
788,894,106,0.106,0.0038306551697896794
738,869,131,0.131,0.004308967928955099
800,900,100,0.1,0.0032624646068434232
770,885,115,0.115,0.0036748652850001236
740,870,130,0.13,0.0041083438339992425
762,881,119,0.119,0.0045838820498320275
834,917,83,0.083,0.003031249366613338
738,869,131,0.131,0.005214153145003365
752,876,124,0.124,0.004463086881587515
766,883,117,0.117,0.0037291068434133195
726,863,137,0.137,0.004843532515340485
782,891,109,0.109,0.004432038600352826
708,854,146,0.146,0.00476850499221473
822,911,89,0.089,0.004624689295189455
720,860,140,0.14,0.005192051589197945
740,870,130,0.13,0.004834569444647059
718,859,141,0.141,0.005444509497523541
764,882,118,0.118,0.005310100236325525
750,875,125,0.125,0.005370017700450262
774,887,113,0.113,0.005663068861002102
750,875,125,0.125,0.005321094971615821
754,877,123,0.123,0.005683887738501653
746,873,127,0.127,0.005551072770031169
742,871,129,0.129,0.006632498415012378
792,896,104,0.104,0.004661398484604434
756,878,122,0.122,0.004044764647755074
756,878,122,0.122,0.0038884584107127013
772,886,114,0.114,0.005771492528001545
784,892,108,0.108,0.003945876573852729
738,869,131,0.131,0.004060136406857055
774,887,113,0.113,0.0053036528211378026
780,890,110,0.11,0.0038227603163104506
764,882,118,0.118,0.004100260700448416
740,870,130,0.13,0.004418502154760063
732,866,134,0.134,0.003347314787504729
810,905,95,0.095,0.003611248866596725
794,897,103,0.103,0.0028127425195852993
770,885,115,0.115,0.0033999550572680164
806,903,97,0.097,0.0026779799435753377
742,871,129,0.129,0.0037649147262127374
758,879,121,0.121,0.003498205786847393
712,856,144,0.144,0.005255636733010761
748,874,126,0.126,0.0029288591979347986
716,858,142,0.142,0.004576300318309222
820,910,90,0.09,0.0030805618597078135
722,861,139,0.139,0.005180895424782648
732,866,134,0.134,0.005268968537217006
786,893,107,0.107,0.003981695992697496
726,863,137,0.137,0.004767946092470083
764,882,118,0.118,0.004100950316060334
804,902,98,0.098,0.004534465347416699
800,900,100,0.1,0.003927329347352498
756,878,122,0.122,0.004685692435014061
776,888,112,0.112,0.004864242257608567
764,882,118,0.118,0.006092589116946328
754,877,123,0.123,0.006047655456000939
720,860,140,0.14,0.0051604133061191534
804,902,98,0.098,0.004620314485480776
738,869,131,0.131,0.0049858695626317055
750,875,125,0.125,0.0042594924691875344
784,892,108,0.108,0.003252966722124256
740,870,130,0.13,0.003575860478624236
766,883,117,0.117,0.0037332860042624816
818,909,91,0.091,0.0031182579958986024
750,875,125,0.125,0.004306353275547735
756,878,122,0.122,0.0028676624131912833
722,861,139,0.139,0.0037623394520123836
688,844,156,0.156,0.004998100884113228
740,870,130,0.13,0.0034750107732834296
692,846,154,0.154,0.0044330875420710075
810,905,95,0.095,0.003200016616188805
822,911,89,0.089,0.0041772942989191505
800,900,100,0.1,0.0033925208319269587
752,876,124,0.124,0.003335425779543584
800,900,100,0.1,0.003534931717935251
796,898,102,0.102,0.0034169190653192344
766,883,117,0.117,0.004412052201048937
834,917,83,0.083,0.0030503596808994188
746,873,127,0.127,0.0037337750494771172
750,875,125,0.125,0.0041942881590512114
716,858,142,0.142,0.005206198081432376
746,873,127,0.127,0.003891538325624424
812,906,94,0.094,0.0036273859817301853
788,894,106,0.106,0.003572786862321664
708,854,146,0.146,0.004177372656675288
782,891,109,0.109,0.0040981471884733766
738,869,131,0.131,0.004355424563167617
758,879,121,0.121,0.00298243877873756
782,891,109,0.109,0.004273856953019276
736,868,132,0.132,0.003986657987756189
694,847,153,0.153,0.004922198203072185
776,888,112,0.112,0.0037707451600581406
760,880,120,0.12,0.003556889905099524
758,879,121,0.121,0.0032002483801334167
766,883,117,0.117,0.0041776832799951084
794,897,103,0.103,0.004077331013075309
822,911,89,0.089,0.0042725659839634314
778,889,111,0.111,0.004943752893683268
744,872,128,0.128,0.005012752873211866
776,888,112,0.112,0.00406506883224938
782,891,109,0.109,0.00445535060565453
784,892,108,0.108,0.005149582991551142
816,908,92,0.092,0.0038312007870990785
770,885,115,0.115,0.0039046003731782546
770,885,115,0.115,0.003335938569944119
724,862,138,0.138,0.003982871426473139
772,886,114,0.114,0.003375054666954384
728,864,136,0.136,0.0036394235157422372
780,890,110,0.11,0.003418365716584958
774,887,113,0.113,0.002468464396457421
754,877,123,0.123,0.0032743668865878135
812,906,94,0.094,0.002463852270360803
808,904,96,0.096,0.0027381903550412973
742,871,129,0.129,0.0031589805541443637
706,853,147,0.147,0.004453298588763573
748,874,126,0.126,0.0036008287626318634
766,883,117,0.117,0.004500330895156367
740,870,130,0.13,0.004610916677833302
798,899,101,0.101,0.0037408059173612857
796,898,102,0.102,0.0036601489784079603
776,888,112,0.112,0.004489012930775061
752,876,124,0.124,0.005032445766875753
756,878,122,0.122,0.0047950102196773516
782,891,109,0.109,0.004049927725340239
694,847,153,0.153,0.005786019582650624
732,866,134,0.134,0.005573679326160345
800,900,100,0.1,0.003871406804246362
726,863,137,0.137,0.004519101727870293
748,874,126,0.126,0.005173502974619624
736,868,132,0.132,0.004724639531807043
764,882,118,0.118,0.004447593887249241
710,855,145,0.145,0.005353308629069943
786,893,107,0.107,0.0043861696523963475
726,863,137,0.137,0.004842338619346265
758,879,121,0.121,0.004177366977412021
800,900,100,0.1,0.004943431338440859
678,839,161,0.161,0.005231211863851058
776,888,112,0.112,0.003669796432892326
764,882,118,0.118,0.004479419885436073
766,883,117,0.117,0.0036472623935260343
748,874,126,0.126,0.00413108032773016
800,900,100,0.1,0.0031320351292670238
818,909,91,0.091,0.0031974897412146673
792,896,104,0.104,0.0031551238882893814
838,919,81,0.081,0.00240351806191029
800,900,100,0.1,0.0027344694216226346
726,863,137,0.137,0.003329905289458111
754,877,123,0.123,0.003410127442853991
770,885,115,0.115,0.0028787721240951213
762,881,119,0.119,0.0026238827642519028
738,869,131,0.131,0.004007816205761628
776,888,112,0.112,0.0028842163565495865
766,883,117,0.117,0.002710922993832355
800,900,100,0.1,0.004305028515445884
742,871,129,0.129,0.004041609010717366
762,881,119,0.119,0.0029514351485850055
736,868,132,0.132,0.004740231531613972
738,869,131,0.131,0.004218208201054949
818,909,91,0.091,0.003020492251001997
764,882,118,0.118,0.004421985253371531
774,887,113,0.113,0.004702940572387888
768,884,116,0.116,0.004053931687609293
774,887,113,0.113,0.00521387998535647
822,911,89,0.089,0.003640843139030039
706,853,147,0.147,0.005428487683966523
772,886,114,0.114,0.004841858695726842
756,878,122,0.122,0.005233002610359108
826,913,87,0.087,0.00339513028570218
756,878,122,0.122,0.004684769877640065
778,889,111,0.111,0.004474427344102878
766,883,117,0.117,0.004453378183272435
790,895,105,0.105,0.003803291828429792
796,898,102,0.102,0.0034113341530028264
820,910,90,0.09,0.0027955717826553153
798,899,101,0.101,0.0033232184305088596
722,861,139,0.139,0.0045942843982338675
748,874,126,0.126,0.0025605992887794853
776,888,112,0.112,0.003563068633629882
754,877,123,0.123,0.0025241112236253685
784,892,108,0.108,0.0029172882977782136
788,894,106,0.106,0.0023418576759286227
748,874,126,0.126,0.003173734527845227
762,881,119,0.119,0.002923209702494205
754,877,123,0.123,0.003939275932774763
794,897,103,0.103,0.002959688719391124
768,884,116,0.116,0.0031760455760522746
744,872,128,0.128,0.003498972260444134
810,905,95,0.095,0.0028715612973610406
740,870,130,0.13,0.003407898919424042
726,863,137,0.137,0.005049967936822213
708,854,146,0.146,0.0059546519087161865
796,898,102,0.102,0.00426181569028995
774,887,113,0.113,0.005427525907231029
758,879,121,0.121,0.00475821883266326
810,905,95,0.095,0.004727994146058336
774,887,113,0.113,0.0041258462058031
778,889,111,0.111,0.005125540371926036
758,879,121,0.121,0.004537316818896215
796,898,102,0.102,0.004577425967465388
814,907,93,0.093,0.003963808141706977
786,893,107,0.107,0.003498976892005885
772,886,114,0.114,0.004409535219834651
780,890,110,0.11,0.003208521206630394
766,883,117,0.117,0.003537470653973287
802,901,99,0.099,0.0027400477957271506
772,886,114,0.114,0.0033552038192283364
710,855,145,0.145,0.003530365368511411
760,880,120,0.12,0.002486909635277698
798,899,101,0.101,0.002194958548920113
808,904,96,0.096,0.002135716263577706
736,868,132,0.132,0.0029923078914580402
740,870,130,0.13,0.003018633032363141
786,893,107,0.107,0.002113359283815953
742,871,129,0.129,0.002512025308475131
772,886,114,0.114,0.0034320794835512062
798,899,101,0.101,0.0023136734788567993
750,875,125,0.125,0.003693975952512119
786,893,107,0.107,0.003703627578652231
740,870,130,0.13,0.0029117238575345253
770,885,115,0.115,0.004183091744664125
774,887,113,0.113,0.0033606650445144625
766,883,117,0.117,0.005045788296556566
734,867,133,0.133,0.005764559541712515
720,860,140,0.14,0.005254232503299136
758,879,121,0.121,0.004794890704244608
746,873,127,0.127,0.005260586855903966
764,882,118,0.118,0.0050450267454143615
782,891,109,0.109,0.0043987979919184
746,873,127,0.127,0.005086040300258901
792,896,104,0.104,0.004044694761803839
744,872,128,0.128,0.004405238373699831
784,892,108,0.108,0.0036019215726701076
766,883,117,0.117,0.003792565042836941
754,877,123,0.123,0.004020775229320862
780,890,110,0.11,0.0044122570843028374
758,879,121,0.121,0.0034944489362242165
782,891,109,0.109,0.0027872350768157047
770,885,115,0.115,0.0033392611481249334
812,906,94,0.094,0.00250425603952317
758,879,121,0.121,0.0025402119086211316
762,881,119,0.119,0.0019969833682116586
746,873,127,0.127,0.0024819725133565953
768,884,116,0.116,0.0024340340766939336
792,896,104,0.104,0.0023797902215155773
746,873,127,0.127,0.002192696540034376
758,879,121,0.121,0.003263982997304993
784,892,108,0.108,0.0024415950822585727
758,879,121,0.121,0.0025615515492099805
756,878,122,0.122,0.004214574623416411
766,883,117,0.117,0.003549185407187906
766,883,117,0.117,0.0030106099344411634
766,883,117,0.117,0.004310025362326996
742,871,129,0.129,0.0037080128279776544
802,901,99,0.099,0.0030326254338142464
768,884,116,0.116,0.004320374740782427
748,874,126,0.126,0.0040701698345073966
782,891,109,0.109,0.0035635749877546913
756,878,122,0.122,0.00453920942672994
776,888,112,0.112,0.005087625633488642
758,879,121,0.121,0.003823706726252567
722,861,139,0.139,0.004120888481586008
692,846,154,0.154,0.004660858523799107
762,881,119,0.119,0.003961071505676955
806,903,97,0.097,0.0032982215113588607
760,880,120,0.12,0.003830326825205702
738,869,131,0.131,0.0039853071931866
760,880,120,0.12,0.0034310244786611294
790,895,105,0.105,0.0032883972283743786
774,887,113,0.113,0.003439875212003244
772,886,114,0.114,0.0034203356741636525
840,920,80,0.08,0.002954106945253443
706,853,147,0.147,0.0031570522880065253
750,875,125,0.125,0.0027237937736790626
752,876,124,0.124,0.0025428057237295433
792,896,104,0.104,0.002553675800882047
848,924,76,0.076,0.001897663260650006
796,898,102,0.102,0.0023753930772072635
772,886,114,0.114,0.002819721038496937
766,883,117,0.117,0.003280275893965154
766,883,117,0.117,0.0025452051276806742
752,876,124,0.124,0.002523139881086536
766,883,117,0.117,0.002849476906761993
750,875,125,0.125,0.0032458821756590622
688,844,156,0.156,0.004394619012571639
760,880,120,0.12,0.004459091700409772
730,865,135,0.135,0.004718690160370897
754,877,123,0.123,0.0033095613846962804
782,891,109,0.109,0.003529086744703818
780,890,110,0.11,0.004280059167533182
774,887,113,0.113,0.004297778491105419
764,882,118,0.118,0.00539408125175396
698,849,151,0.151,0.006014993330463767
760,880,120,0.12,0.005036158562637866
792,896,104,0.104,0.0046747451206611
786,893,107,0.107,0.005239000098488759
812,906,94,0.094,0.003852278417965863
734,867,133,0.133,0.00573122354078805
762,881,119,0.119,0.003920487405266613
794,897,103,0.103,0.004414303129364271
726,863,137,0.137,0.0034369341946730854
740,870,130,0.13,0.0036414955292129888
726,863,137,0.137,0.0040187166640535
826,913,87,0.087,0.0030149521122220906
812,906,94,0.094,0.0024137989515729714
762,881,119,0.119,0.003048169628309552
706,853,147,0.147,0.003099325552495429
810,905,95,0.095,0.0020551058867695248
778,889,111,0.111,0.0025132197982020445
798,899,101,0.101,0.0024689996496454116
802,901,99,0.099,0.002756590753524506
722,861,139,0.139,0.003249723429649748
780,890,110,0.11,0.0024120721242506986
734,867,133,0.133,0.0029172135386179433
748,874,126,0.126,0.002831837925390573
734,867,133,0.133,0.003158764119114494
736,868,132,0.132,0.003816682691394817
764,882,118,0.118,0.00380982848291751
760,880,120,0.12,0.00433817850399646
746,873,127,0.127,0.004365043013276591
806,903,97,0.097,0.005740887354593724
804,902,98,0.098,0.005779763215803541
706,853,147,0.147,0.006470261043403298
746,873,127,0.127,0.0052690695218043405
804,902,98,0.098,0.007356505416857544
696,848,152,0.152,0.00623666329740081
798,899,101,0.101,0.005072851434641052
830,915,85,0.085,0.003957691321440506
790,895,105,0.105,0.004300715473655146
756,878,122,0.122,0.005122860760631738
774,887,113,0.113,0.004952625352831092
802,901,99,0.099,0.004048665067530237
786,893,107,0.107,0.0030265342092898207
736,868,132,0.132,0.003121962746939971
738,869,131,0.131,0.003095327953400556
818,909,91,0.091,0.002229370096611092
714,857,143,0.143,0.0023703660239989405
750,875,125,0.125,0.002549296672907076
838,919,81,0.081,0.0018233484756801771
798,899,101,0.101,0.0017654736959229922
752,876,124,0.124,0.002297945735263056
782,891,109,0.109,0.0023531938887463182
796,898,102,0.102,0.0018726617080865253
758,879,121,0.121,0.0027214663910417585
748,874,126,0.126,0.0025782377404975705
766,883,117,0.117,0.0030902918548381423
754,877,123,0.123,0.0026103083356574645
746,873,127,0.127,0.004484105088617071
762,881,119,0.119,0.004052051949547604
752,876,124,0.124,0.004356780909700319
776,888,112,0.112,0.003961249774991302
662,831,169,0.169,0.006713814996532164
782,891,109,0.109,0.00418430197989801
758,879,121,0.121,0.006137124200904509
762,881,119,0.119,0.00511876878188923
786,893,107,0.107,0.0060268816127209
776,888,112,0.112,0.005674916098359972
772,886,114,0.114,0.006427327435463667
784,892,108,0.108,0.005075168824463617
792,896,104,0.104,0.004451378667494282
760,880,120,0.12,0.005139061417779886
804,902,98,0.098,0.004368744888459332
766,883,117,0.117,0.005051875342876883
760,880,120,0.12,0.004496558990213089
772,886,114,0.114,0.0032460101838805715
748,874,126,0.126,0.003449769283957721
776,888,112,0.112,0.0030299515583028552
822,911,89,0.089,0.00232581624071463
772,886,114,0.114,0.0019319415416248376
754,877,123,0.123,0.002434657594654709
732,866,134,0.134,0.002407325356522051
704,852,148,0.148,0.0027430214649648405
772,886,114,0.114,0.0025435169975826285
714,857,143,0.143,0.002435479488742203
786,893,107,0.107,0.0024830747150481327
722,861,139,0.139,0.003133049650866269
818,909,91,0.091,0.0027182768891507295
748,874,126,0.126,0.003016102532448713
702,851,149,0.149,0.0035220045647583902
696,848,152,0.152,0.004334812197950668
760,880,120,0.12,0.005313500413612928
716,858,142,0.142,0.005376435661397409
736,868,132,0.132,0.006403713953099213
788,894,106,0.106,0.006584610910271294
764,882,118,0.118,0.00639019552298123
734,867,133,0.133,0.00861243204580387
740,870,130,0.13,0.008185137691092678
760,880,120,0.12,0.010024465169291943
784,892,108,0.108,0.00754929034266388
756,878,122,0.122,0.007758150870329701
760,880,120,0.12,0.007996316588367336
848,924,76,0.076,0.005574720029719174
762,881,119,0.119,0.005341262773377821
770,885,115,0.115,0.0054476568090613
744,872,128,0.128,0.0052070974154630675
782,891,109,0.109,0.0036769387731619644
754,877,123,0.123,0.0032222822594485476
752,876,124,0.124,0.0037810417380533183
830,915,85,0.085,0.0025376217677548995
748,874,126,0.126,0.0019401210389260086
740,870,130,0.13,0.0021005601861616013
720,860,140,0.14,0.00233722955439589
816,908,92,0.092,0.0019580608251344527
780,890,110,0.11,0.0026709846699559422
750,875,125,0.125,0.0015695184613168749
720,860,140,0.14,0.002388077584729558
728,864,136,0.136,0.0021239926548078073
790,895,105,0.105,0.0018191387160813974
750,875,125,0.125,0.0027965540782752215
726,863,137,0.137,0.00251808305663144
806,903,97,0.097,0.0029378060359376832
814,907,93,0.093,0.003586801141675096
718,859,141,0.141,0.004129623960907338
786,893,107,0.107,0.004971058963856194
740,870,130,0.13,0.005366734361217823
772,886,114,0.114,0.005999993230390828
764,882,118,0.118,0.0057668101256131196
720,860,140,0.14,0.0073907654614886265
826,913,87,0.087,0.005928267977607902
704,852,148,0.148,0.00810608889220748
764,882,118,0.118,0.007233456848480273
770,885,115,0.115,0.006696569752413779
836,918,82,0.082,0.006013999697403051
752,876,124,0.124,0.005470811540377326
754,877,123,0.123,0.006652800706564449
820,910,90,0.09,0.00566003492847085
794,897,103,0.103,0.0044985523755312895
738,869,131,0.131,0.00390004155159113
782,891,109,0.109,0.0037919824247364888
786,893,107,0.107,0.004087976148293819
776,888,112,0.112,0.003096376652669278
766,883,117,0.117,0.0022865252420451723
708,854,146,0.146,0.003168635324400384
768,884,116,0.116,0.002681096672815329
758,879,121,0.121,0.002467346521669242
750,875,125,0.125,0.0017759833292730037
794,897,103,0.103,0.0020396605427013127
752,876,124,0.124,0.002181325275931158
766,883,117,0.117,0.0023521530228244954
742,871,129,0.129,0.002749293983710231
704,852,148,0.148,0.0029332417193290894
788,894,106,0.106,0.0025032552840857534
810,905,95,0.095,0.0027976747435313884
738,869,131,0.131,0.004023046171583701
764,882,118,0.118,0.0040710709338309245
746,873,127,0.127,0.004390201003581751
782,891,109,0.109,0.004358913426927757
724,862,138,0.138,0.006249493167852052
784,892,108,0.108,0.005442243259109091
806,903,97,0.097,0.005224831503233872
722,861,139,0.139,0.006786172468651785
772,886,114,0.114,0.00592532231612131
784,892,108,0.108,0.006049403714365326
808,904,96,0.096,0.005252877456427086
792,896,104,0.104,0.005162860669661313
794,897,103,0.103,0.00572160876536509
870,935,65,0.065,0.00392788669175934
764,882,118,0.118,0.004038290605472866
794,897,103,0.103,0.00448289264831692
728,864,136,0.136,0.004236035145615461
772,886,114,0.114,0.0026744298454141244
812,906,94,0.094,0.0023042994921852367
828,914,86,0.086,0.002332771258399589
798,899,101,0.101,0.0020924378211348085
802,901,99,0.099,0.0015626080653673854
802,901,99,0.099,0.0016357919016300002
750,875,125,0.125,0.002272981148040344
750,875,125,0.125,0.001617695497818204
798,899,101,0.101,0.0023093582121218787
740,870,130,0.13,0.0019882944013406814
718,859,141,0.141,0.0018348480922813905
702,851,149,0.149,0.002475993059180837
792,896,104,0.104,0.002253392011654796
780,890,110,0.11,0.0019238098773203091
806,903,97,0.097,0.0024757801725063472
756,878,122,0.122,0.0028207631206314545
748,874,126,0.126,0.0031892867619608294
790,895,105,0.105,0.0031482924746524077
778,889,111,0.111,0.004064757887710584
748,874,126,0.126,0.006705889414122794
818,909,91,0.091,0.004315586639451794
712,856,144,0.144,0.007226626145013142
818,909,91,0.091,0.004756438924348913
714,857,143,0.143,0.007694829439104069
786,893,107,0.107,0.005339405818493105
802,901,99,0.099,0.005074723603320308
748,874,126,0.126,0.005750662067206576
764,882,118,0.118,0.00588358220824739
702,851,149,0.149,0.006783539785828907
792,896,104,0.104,0.005227534284582362
758,879,121,0.121,0.005560723877424607
826,913,87,0.087,0.00445055138663156
754,877,123,0.123,0.0055688949374598454
768,884,116,0.116,0.004754608765477315
766,883,117,0.117,0.004576447437430033
658,829,171,0.171,0.005110436148621375
796,898,102,0.102,0.00314330108842114
748,874,126,0.126,0.0035213304269418586
738,869,131,0.131,0.0036125810585799626
760,880,120,0.12,0.0029890219025328407
766,883,117,0.117,0.0030955769931752
716,858,142,0.142,0.0027747312104729645
720,860,140,0.14,0.002633402533858316
702,851,149,0.149,0.0034824456677015406
706,853,147,0.147,0.002633689539790794
814,907,93,0.093,0.0025058395520027262
718,859,141,0.141,0.003802158321850584
758,879,121,0.121,0.003510086047535879
786,893,107,0.107,0.0034037956261308865
772,886,114,0.114,0.003829646663478343
798,899,101,0.101,0.004929441672575194
738,869,131,0.131,0.004134773956960999
764,882,118,0.118,0.00397341250925092
772,886,114,0.114,0.00445654994781944
796,898,102,0.102,0.004556273672729731
748,874,126,0.126,0.005107989367446862
734,867,133,0.133,0.004040172064560465
830,915,85,0.085,0.00341756326489849
770,885,115,0.115,0.004066619899211219
824,912,88,0.088,0.0034531593866995534
758,879,121,0.121,0.004687801244464935
730,865,135,0.135,0.003930649996065768
734,867,133,0.133,0.005215713353973115
738,869,131,0.131,0.00391981984191807
826,913,87,0.087,0.0029370705845358316
770,885,115,0.115,0.0033369104661105666
802,901,99,0.099,0.0028986192400334405
746,873,127,0.127,0.0032917114989977564
748,874,126,0.126,0.0034788073302188423
816,908,92,0.092,0.0032525476336013525
726,863,137,0.137,0.002974278327303182
792,896,104,0.104,0.0034145316691719927
734,867,133,0.133,0.0034339714187954086
762,881,119,0.119,0.0025093230571364986
756,878,122,0.122,0.0030188897933985572
792,896,104,0.104,0.002574761271185707
776,888,112,0.112,0.00278600733508938
752,876,124,0.124,0.0032449213264189895
816,908,92,0.092,0.0026121096268761903
740,870,130,0.13,0.0027980885585129726
798,899,101,0.101,0.0030286562827532178
770,885,115,0.115,0.0030866881273250327
698,849,151,0.151,0.004575844493956538
716,858,142,0.142,0.003088300604431424
720,860,140,0.14,0.004101280112023232
702,851,149,0.149,0.004452806809771573
824,912,88,0.088,0.002831267830188153
754,877,123,0.123,0.00359203301378875
746,873,127,0.127,0.004470852571597788
790,895,105,0.105,0.0044473106767982246
774,887,113,0.113,0.004303092713322258
746,873,127,0.127,0.0046922148925368674
778,889,111,0.111,0.004408845019468572
830,915,85,0.085,0.0039229195213411
708,854,146,0.146,0.005609254565904848
728,864,136,0.136,0.00571998149616411
734,867,133,0.133,0.004909521920024417
836,918,82,0.082,0.003457219639502
776,888,112,0.112,0.004187756686704233
712,856,144,0.144,0.005337430463230703
788,894,106,0.106,0.0036885194876522293
724,862,138,0.138,0.004291302955156425
752,876,124,0.124,0.004495996374258539
828,914,86,0.086,0.002636587580724154
780,890,110,0.11,0.0035912584307370705
818,909,91,0.091,0.0023163093633920655
792,896,104,0.104,0.002243093160970602
786,893,107,0.107,0.0029160875086672606
770,885,115,0.115,0.00253215243518207
758,879,121,0.121,0.0024332609337434407
728,864,136,0.136,0.0027775546454795403
760,880,120,0.12,0.002674765894567827
768,884,116,0.116,0.002659970275039086
762,881,119,0.119,0.002289362818497466
796,898,102,0.102,0.002683078826230485
744,872,128,0.128,0.0024391263789439108
788,894,106,0.106,0.0027416448783769737
824,912,88,0.088,0.0025826213972468394
764,882,118,0.118,0.003016993118886603
774,887,113,0.113,0.00325515360616555
734,867,133,0.133,0.005293772124568932
748,874,126,0.126,0.0047219505019020286
802,901,99,0.099,0.0031565778296790085
806,903,97,0.097,0.0037186042703397106
708,854,146,0.146,0.005936014580467599
768,884,116,0.116,0.004081700263312086
728,864,136,0.136,0.005544675344593997
726,863,137,0.137,0.006515685462392866
754,877,123,0.123,0.005736507108667866
822,911,89,0.089,0.0048962805382907395
800,900,100,0.1,0.005006288662960288
782,891,109,0.109,0.005524260851845611
722,861,139,0.139,0.005795341822959017
800,900,100,0.1,0.004219316516595427
840,920,80,0.08,0.004018308458500542
742,871,129,0.129,0.0050256586580653675
738,869,131,0.131,0.0046588435216690415
766,883,117,0.117,0.004066986922756768
804,902,98,0.098,0.0033231232760008423
740,870,130,0.13,0.0039615490915603
778,889,111,0.111,0.0030551775113854093
706,853,147,0.147,0.004677139043138595
758,879,121,0.121,0.002333066184306517
798,899,101,0.101,0.0023888581033970693
700,850,150,0.15,0.0033855127343922504
744,872,128,0.128,0.0027840761581901462
798,899,101,0.101,0.002911473734973697
800,900,100,0.1,0.0029335011219081934
760,880,120,0.12,0.0028407997652248012
860,930,70,0.07,0.0026660228873370217
734,867,133,0.133,0.0035472549821424764
716,858,142,0.142,0.004342564996593865
674,837,163,0.163,0.004139634269988164
736,868,132,0.132,0.004451283039525151
782,891,109,0.109,0.004224485446640756
800,900,100,0.1,0.004060170421609655
724,862,138,0.138,0.0055686148150707595
780,890,110,0.11,0.005396460794552695
822,911,89,0.089,0.004361232411582023
748,874,126,0.126,0.004885389221948572
770,885,115,0.115,0.005136330669221934
750,875,125,0.125,0.005428052314557135
790,895,105,0.105,0.005360196523950435
758,879,121,0.121,0.0048068510713055726
670,835,165,0.165,0.006902319493645336
744,872,128,0.128,0.005115990594320465
804,902,98,0.098,0.004299177982553374
776,888,112,0.112,0.004294846089847851
736,868,132,0.132,0.00505084534425987
748,874,126,0.126,0.004501716218306683
796,898,102,0.102,0.003925791035726434
786,893,107,0.107,0.003108447979320772
768,884,116,0.116,0.003973267249006312
768,884,116,0.116,0.0036687567039916757
766,883,117,0.117,0.003273904594912892
738,869,131,0.131,0.003923947036702884
714,857,143,0.143,0.004635411017748993
790,895,105,0.105,0.0038857982573681513
732,866,134,0.134,0.0032218200372299177
752,876,124,0.124,0.0041425244235433634
820,910,90,0.09,0.003081997395376675
794,897,103,0.103,0.003245442948391428
756,878,122,0.122,0.003489037892315537
750,875,125,0.125,0.003239957122859778
746,873,127,0.127,0.0035413504147873026
840,920,80,0.08,0.0030684803906769957
756,878,122,0.122,0.002909482185234083
774,887,113,0.113,0.0032862121716025284
800,900,100,0.1,0.0030694854204484727
716,858,142,0.142,0.003325188723305473
786,893,107,0.107,0.0038506806932273323
772,886,114,0.114,0.003495480815297924
798,899,101,0.101,0.003024544771236833
764,882,118,0.118,0.003930291376978858
706,853,147,0.147,0.004219584493723233
714,857,143,0.143,0.003759625678445445
752,876,124,0.124,0.004829098082642304
808,904,96,0.096,0.003260007933713496
738,869,131,0.131,0.0041032961439341304
760,880,120,0.12,0.004498874900629744
768,884,116,0.116,0.00457456589571666
786,893,107,0.107,0.004361217209254391
774,887,113,0.113,0.004881008155876771
794,897,103,0.103,0.004665540934598539
718,859,141,0.141,0.005651409868267365
770,885,115,0.115,0.004647213069518329
780,890,110,0.11,0.004602263494976796
762,881,119,0.119,0.004319712225173134
714,857,143,0.143,0.0054296466126688755
708,854,146,0.146,0.0052436792972730475
764,882,118,0.118,0.004702111509512178
828,914,86,0.086,0.0038331138857174664
784,892,108,0.108,0.004171642773435451
748,874,126,0.126,0.005318154899112414
766,883,117,0.117,0.004486292343819514
808,904,96,0.096,0.003944629980716854
746,873,127,0.127,0.004102450394479092
804,902,98,0.098,0.0033863994532730432
764,882,118,0.118,0.0038933488503098486
794,897,103,0.103,0.0030188062888046262
762,881,119,0.119,0.002806053645996144
812,906,94,0.094,0.0026624103773210664
764,882,118,0.118,0.002946327613433823
800,900,100,0.1,0.0028547265942906962
704,852,148,0.148,0.0035205464352329728
750,875,125,0.125,0.0026936102964973544
790,895,105,0.105,0.0027494954128633254
782,891,109,0.109,0.002777581725444179
754,877,123,0.123,0.004156394321180415
716,858,142,0.142,0.003956020914891269
796,898,102,0.102,0.0036407929908600636
750,875,125,0.125,0.004854651340720011
736,868,132,0.132,0.005000886777415872
814,907,93,0.093,0.004133888546319213
784,892,108,0.108,0.0054790569706237875
760,880,120,0.12,0.0054136610947316515
774,887,113,0.113,0.005614267148252111
798,899,101,0.101,0.005943144363351166
840,920,80,0.08,0.004673774595197756
780,890,110,0.11,0.004961837445909623
746,873,127,0.127,0.00559184020862449
766,883,117,0.117,0.005562229752773419
726,863,137,0.137,0.005836637220811099
730,865,135,0.135,0.005801242426445242
756,878,122,0.122,0.0046991572948172685
728,864,136,0.136,0.005617025044397451
774,887,113,0.113,0.004218894813006045
768,884,116,0.116,0.0037957463196362368
730,865,135,0.135,0.004128970545047196
806,903,97,0.097,0.0036506344057270325
782,891,109,0.109,0.003534604625601787
718,859,141,0.141,0.004539269432076253
770,885,115,0.115,0.003876305023499299
774,887,113,0.113,0.004213896133063826
800,900,100,0.1,0.0037346708986442535
754,877,123,0.123,0.004590226053551305
714,857,143,0.143,0.004470625266461866
798,899,101,0.101,0.0032165457138908097
750,875,125,0.125,0.004211802776088007
762,881,119,0.119,0.005405962597695179
728,864,136,0.136,0.004706423947121948
750,875,125,0.125,0.004480506544641685
782,891,109,0.109,0.004264555225614458
764,882,118,0.118,0.006544825716759078
706,853,147,0.147,0.00638739414117299
752,876,124,0.124,0.005371356294141151
698,849,151,0.151,0.006386740655463655
826,913,87,0.087,0.004318060848512687
814,907,93,0.093,0.005188706977642141
732,866,134,0.134,0.006497747371438891
810,905,95,0.095,0.005457990620401688
836,918,82,0.082,0.005560515919234604
798,899,101,0.101,0.005806503722385969
786,893,107,0.107,0.004801594231219497
784,892,108,0.108,0.0042514394043246286
750,875,125,0.125,0.005822510578960646
764,882,118,0.118,0.004019933053932619
730,865,135,0.135,0.003818644091399619
700,850,150,0.15,0.004351190710091032
794,897,103,0.103,0.0028056174374942204
698,849,151,0.151,0.004314296850323444
772,886,114,0.114,0.0034073086415737633
740,870,130,0.13,0.003316787975403713
748,874,126,0.126,0.004044147234148113
690,845,155,0.155,0.004181014155794401
716,858,142,0.142,0.004773274807201233
740,870,130,0.13,0.0047810762638109735
720,860,140,0.14,0.0054564333235612135
748,874,126,0.126,0.007122943091497291
784,892,108,0.108,0.006430063548032194
772,886,114,0.114,0.0062856184802367356
726,863,137,0.137,0.007741244690609165
776,888,112,0.112,0.008793146499665455
764,882,118,0.118,0.009725441029528156
732,866,134,0.134,0.011309763161581941
764,882,118,0.118,0.011834387328242883
724,862,138,0.138,0.00961625369230751
806,903,97,0.097,0.009624965393333696
816,908,92,0.092,0.007591144825099036
786,893,107,0.107,0.008904200364719145
774,887,113,0.113,0.006957871495513245
752,876,124,0.124,0.007636108865961433
782,891,109,0.109,0.005479001523694024
760,880,120,0.12,0.005160592952102888
766,883,117,0.117,0.004254870626507909
752,876,124,0.124,0.004360259518958628
738,869,131,0.131,0.0033625504567171447
728,864,136,0.136,0.0034655562310945244
760,880,120,0.12,0.002931333979300689
806,903,97,0.097,0.002216895286910585
762,881,119,0.119,0.0027355742336949334
752,876,124,0.124,0.0028592077073844847
760,880,120,0.12,0.002588764650725352
728,864,136,0.136,0.002908889892452862
782,891,109,0.109,0.0028332057155348593
782,891,109,0.109,0.0024550912897393575
746,873,127,0.127,0.003476314252562588
832,916,84,0.084,0.003358227339602308
764,882,118,0.118,0.003555452677770518
752,876,124,0.124,0.0035159176346787717
776,888,112,0.112,0.004541477839753497
774,887,113,0.113,0.004844526382919867
784,892,108,0.108,0.004183215915225446
730,865,135,0.135,0.006284902065061033
774,887,113,0.113,0.006674081282515544
806,903,97,0.097,0.005801466337230522
784,892,108,0.108,0.00597342702804599
708,854,146,0.146,0.007232156747457338
772,886,114,0.114,0.0066415619685431014
766,883,117,0.117,0.0065549302633153275
768,884,116,0.116,0.005384000236052088
762,881,119,0.119,0.006123103396443184
850,925,75,0.075,0.004093760829826351
766,883,117,0.117,0.005072371853981167
754,877,123,0.123,0.004971235577715561
744,872,128,0.128,0.004746532793564256
762,881,119,0.119,0.0037138828342431224
718,859,141,0.141,0.0041670266698347405
744,872,128,0.128,0.0038789914006483743
760,880,120,0.12,0.003320259008323774
748,874,126,0.126,0.0034970665944711074
794,897,103,0.103,0.0029708703281212364
762,881,119,0.119,0.0035268013955792412
772,886,114,0.114,0.0027782028116344008
766,883,117,0.117,0.0030001453639706597
804,902,98,0.098,0.0029006062780099454
746,873,127,0.127,0.003097977823985275
778,889,111,0.111,0.0032021443769335747
712,856,144,0.144,0.004700780481682159
768,884,116,0.116,0.0038160492258321028
762,881,119,0.119,0.004305982158664847
726,863,137,0.137,0.004112061038584216
772,886,114,0.114,0.004389529315929394
762,881,119,0.119,0.004846558711898979
774,887,113,0.113,0.003922958859184291
770,885,115,0.115,0.0056050988688948564
736,868,132,0.132,0.006213418104161974
754,877,123,0.123,0.005914694670063909
836,918,82,0.082,0.004837679988879245
728,864,136,0.136,0.005907450940925628
804,902,98,0.098,0.00609382839477621
724,862,138,0.138,0.007187177353014704
746,873,127,0.127,0.005685369986051228
808,904,96,0.096,0.005297788080817554
766,883,117,0.117,0.004226337621978019
778,889,111,0.111,0.005164051365747582
814,907,93,0.093,0.0037316196425817906
776,888,112,0.112,0.004366004099516431
724,862,138,0.138,0.003810840363308671
782,891,109,0.109,0.003571627474273555
740,870,130,0.13,0.003384740102570504
754,877,123,0.123,0.0033860873317171354
790,895,105,0.105,0.003042377167934319
754,877,123,0.123,0.0031205971179297195
808,904,96,0.096,0.0026260620620741975
708,854,146,0.146,0.003290576363011496
752,876,124,0.124,0.0034260096298821736
756,878,122,0.122,0.003192932331352495
736,868,132,0.132,0.003267630353628192
750,875,125,0.125,0.003575032145061414
804,902,98,0.098,0.003351294191699708
804,902,98,0.098,0.003514115094061708
774,887,113,0.113,0.003919085155997891
760,880,120,0.12,0.003497553899127524
760,880,120,0.12,0.004595192158794816
798,899,101,0.101,0.0037702398004475983
816,908,92,0.092,0.003900164815131575
774,887,113,0.113,0.004878586483071558
776,888,112,0.112,0.004315484292630572
758,879,121,0.121,0.004574568070063833
718,859,141,0.141,0.004731501391273923
802,901,99,0.099,0.003937774780206382
842,921,79,0.079,0.0031537206973880527
734,867,133,0.133,0.00394543881592108
784,892,108,0.108,0.004351643290166976
722,861,139,0.139,0.003932287512929179
818,909,91,0.091,0.003344815525779268
770,885,115,0.115,0.003453435081639327
802,901,99,0.099,0.0036134928659303112
776,888,112,0.112,0.0031202193956123667
724,862,138,0.138,0.003945273396704579
756,878,122,0.122,0.0033312013140530325
746,873,127,0.127,0.003651255775708705
766,883,117,0.117,0.0031777836651308462
784,892,108,0.108,0.0032239392587798646
748,874,126,0.126,0.0029385817104484887
796,898,102,0.102,0.003105191923561506
740,870,130,0.13,0.0032889094243582803
800,900,100,0.1,0.0035397658944712022
708,854,146,0.146,0.005224952596821823
776,888,112,0.112,0.003900835029082373
740,870,130,0.13,0.004428560171683784
780,890,110,0.11,0.004499226296960842
744,872,128,0.128,0.0056813899073167706
774,887,113,0.113,0.004753676911932416
760,880,120,0.12,0.005140120476891752
822,911,89,0.089,0.00475717769539915
770,885,115,0.115,0.006596616964437999
720,860,140,0.14,0.006829772031982429
734,867,133,0.133,0.006490604473394342
758,879,121,0.121,0.005450857638497837
680,840,160,0.16,0.006363196167163551
732,866,134,0.134,0.005047200009808876
762,881,119,0.119,0.006142247534357012
742,871,129,0.129,0.005694332606333774
778,889,111,0.111,0.004787484655971639
774,887,113,0.113,0.004735714382200967
744,872,128,0.128,0.004831421198119642
770,885,115,0.115,0.003994705023593269
770,885,115,0.115,0.004596343469282146
740,870,130,0.13,0.004504810069396626
764,882,118,0.118,0.004297767357027624
800,900,100,0.1,0.0038756373340729624
792,896,104,0.104,0.0035177205078070982
822,911,89,0.089,0.003734162566601299
820,910,90,0.09,0.0036547947503859177
780,890,110,0.11,0.003247290089100716
778,889,111,0.111,0.0034252590520482047
722,861,139,0.139,0.00393774829848553
792,896,104,0.104,0.0025915335183090064
832,916,84,0.084,0.002058869200613117
724,862,138,0.138,0.0033198078208079096
796,898,102,0.102,0.0026375202476920092
758,879,121,0.121,0.003162714541016612
778,889,111,0.111,0.0030310435968858656
728,864,136,0.136,0.003593426952313166
738,869,131,0.131,0.003512334004459262
780,890,110,0.11,0.00320578206810751
754,877,123,0.123,0.003947328023030423
740,870,130,0.13,0.005266104750218801
786,893,107,0.107,0.003819846468526521
774,887,113,0.113,0.004904332767415326
736,868,132,0.132,0.004625215972017031
802,901,99,0.099,0.0045840040618204516
790,895,105,0.105,0.004360255260253325
816,908,92,0.092,0.004416064646677114
802,901,99,0.099,0.005054356436128728
812,906,94,0.094,0.0038735728393075987
846,923,77,0.077,0.0038105202207225374
718,859,141,0.141,0.005208185274968855
754,877,123,0.123,0.004368841399205849
750,875,125,0.125,0.004174678633920848
750,875,125,0.125,0.0042697184702265075
730,865,135,0.135,0.004242217714956496
740,870,130,0.13,0.003394761678762734
778,889,111,0.111,0.003359370903723175
752,876,124,0.124,0.0033387093261699192
782,891,109,0.109,0.0030408651356410702
782,891,109,0.109,0.003406557893642457
790,895,105,0.105,0.0027802055724314412
852,926,74,0.074,0.002541739598464119
732,866,134,0.134,0.003252026216359809
760,880,120,0.12,0.0029888670599029863
716,858,142,0.142,0.004239002122922102
784,892,108,0.108,0.003221093569532968
792,896,104,0.104,0.0033052843172335995
792,896,104,0.104,0.0032219329112558627
776,888,112,0.112,0.0032623556444304996
712,856,144,0.144,0.00389821497554658
778,889,111,0.111,0.003375001285021426
756,878,122,0.122,0.003826869534619618
670,835,165,0.165,0.004786030517047038
688,844,156,0.156,0.004768590034218505
806,903,97,0.097,0.0036174391105305405
748,874,126,0.126,0.004240754803700838
772,886,114,0.114,0.0040359134564059785
686,843,157,0.157,0.005329867755528539
724,862,138,0.138,0.005076034963189159
740,870,130,0.13,0.00618813844549004
760,880,120,0.12,0.005468048398499377
802,901,99,0.099,0.004284384888713248
760,880,120,0.12,0.005664398566703312
798,899,101,0.101,0.006310721624933649
756,878,122,0.122,0.005178243814269081
746,873,127,0.127,0.00685075703257462
834,917,83,0.083,0.004332027061609551
768,884,116,0.116,0.004736574849695898
770,885,115,0.115,0.0039404480447992685
814,907,93,0.093,0.003902980851824395
782,891,109,0.109,0.00419866973021999
820,910,90,0.09,0.002840452018979704
772,886,114,0.114,0.0036580427480803336
796,898,102,0.102,0.0026547489987278823
786,893,107,0.107,0.003151504682537052
716,858,142,0.142,0.0027740186475602967
862,931,69,0.069,0.0017498849587718724
752,876,124,0.124,0.0021679872711974895
784,892,108,0.108,0.002018872375614592
796,898,102,0.102,0.001729822964487539
780,890,110,0.11,0.001637166921296739
790,895,105,0.105,0.0018203953570337034
794,897,103,0.103,0.001816452288068831
736,868,132,0.132,0.002289849228152889
782,891,109,0.109,0.0023285453874705127
820,910,90,0.09,0.001951139487689943
784,892,108,0.108,0.0024406907078518996
794,897,103,0.103,0.002892105377308326
776,888,112,0.112,0.0035414994986495
812,906,94,0.094,0.0032503836725663857
720,860,140,0.14,0.004215890480612871
728,864,136,0.136,0.0058357651754049585
736,868,132,0.132,0.005433833412302192
758,879,121,0.121,0.005430860905791633
770,885,115,0.115,0.005110429946100339
754,877,123,0.123,0.007261082540964707
864,932,68,0.068,0.005227867050387431
784,892,108,0.108,0.005636282531311735
792,896,104,0.104,0.005931276085844729
776,888,112,0.112,0.005246642072685063
692,846,154,0.154,0.007611553923983593
794,897,103,0.103,0.005563678328413516
722,861,139,0.139,0.006111401710833888
690,845,155,0.155,0.005163404330145568
788,894,106,0.106,0.004626228995097336
714,857,143,0.143,0.005098445563577116
770,885,115,0.115,0.004209851683321176
724,862,138,0.138,0.003612342124193674
736,868,132,0.132,0.0036082707905152347
774,887,113,0.113,0.003338309428683715
760,880,120,0.12,0.0034656329118006395
772,886,114,0.114,0.0030833149421087
778,889,111,0.111,0.0028037040584313216
736,868,132,0.132,0.003546686046640389
730,865,135,0.135,0.0033700405450945254
690,845,155,0.155,0.0032884147408185527
812,906,94,0.094,0.002702225922897924
764,882,118,0.118,0.0033578517249261493
708,854,146,0.146,0.003842754224373493
798,899,101,0.101,0.00326135888704448
768,884,116,0.116,0.0033696023304364644
778,889,111,0.111,0.0030176045926637017
782,891,109,0.109,0.003967592618544586
772,886,114,0.114,0.003612436711671762
788,894,106,0.106,0.003863540336722508
802,901,99,0.099,0.003633702241117135
786,893,107,0.107,0.0034512886437005363
814,907,93,0.093,0.0036561919108498843
792,896,104,0.104,0.003766354324761778
794,897,103,0.103,0.0037935543960775247
802,901,99,0.099,0.0034552409664029256
774,887,113,0.113,0.003291904954035999
748,874,126,0.126,0.0031466546551964713
782,891,109,0.109,0.003014637012791354
806,903,97,0.097,0.00264104237697029
700,850,150,0.15,0.0031630461178719996
720,860,140,0.14,0.0025004100224759896
826,913,87,0.087,0.002193872992909746
778,889,111,0.111,0.002378499519341858
824,912,88,0.088,0.0024199389046189027
764,882,118,0.118,0.0022411621376522816
762,881,119,0.119,0.0024871964242483956
782,891,109,0.109,0.0020701968509965808
702,851,149,0.149,0.003512924313545227
770,885,115,0.115,0.002743321544257924
684,842,158,0.158,0.0033216074729280082
768,884,116,0.116,0.0029303517290536546
762,881,119,0.119,0.0033310100880917163
788,894,106,0.106,0.0034937984264688565
856,928,72,0.072,0.0027528759976266884
740,870,130,0.13,0.004005872740643099
798,899,101,0.101,0.0037513400333118625
756,878,122,0.122,0.004284654059680179
788,894,106,0.106,0.0037144449241459368
714,857,143,0.143,0.004720494652108755
740,870,130,0.13,0.004536662012746092
736,868,132,0.132,0.004483612513286062
768,884,116,0.116,0.0035693625918356703
724,862,138,0.138,0.004343607644899748
768,884,116,0.116,0.0034430803072755226
836,918,82,0.082,0.00304582022188697
790,895,105,0.105,0.0030413875538215507
770,885,115,0.115,0.00274102627960383
748,874,126,0.126,0.002849367397080641
772,886,114,0.114,0.0023519406385021286
812,906,94,0.094,0.0024114787007274573
764,882,118,0.118,0.0028329727583914065
782,891,109,0.109,0.002882625530852238
804,902,98,0.098,0.0022770265434810424
746,873,127,0.127,0.002308420141489478
718,859,141,0.141,0.0026835931929817887
714,857,143,0.143,0.0030019483731884974
794,897,103,0.103,0.00206962692415982
770,885,115,0.115,0.0023305677312309855
788,894,106,0.106,0.0035733253700309434
716,858,142,0.142,0.0032431870413420255
776,888,112,0.112,0.002437537059071474
778,889,111,0.111,0.0029111969787627458
770,885,115,0.115,0.0032365891917143018
778,889,111,0.111,0.004272887290513608
792,896,104,0.104,0.0032849534411216155
876,938,62,0.062,0.0029641476146643982
790,895,105,0.105,0.002944772171380464
780,890,110,0.11,0.003665103438892402
784,892,108,0.108,0.003221307405969128
792,896,104,0.104,0.0027457755483919753
744,872,128,0.128,0.003181947500939714
714,857,143,0.143,0.003894859164749505
696,848,152,0.152,0.0039458891925751235
774,887,113,0.113,0.003126136181759648
796,898,102,0.102,0.003065832624619361
784,892,108,0.108,0.0028286789941194003
768,884,116,0.116,0.0027557810970174615
788,894,106,0.106,0.0023161231749691067
802,901,99,0.099,0.002677867039339617
748,874,126,0.126,0.002917952777410392
802,901,99,0.099,0.0024475405306438915
746,873,127,0.127,0.0028205184291000478
728,864,136,0.136,0.002439291376271285
778,889,111,0.111,0.0020259389681596077
736,868,132,0.132,0.002501831864617998
776,888,112,0.112,0.0028406995676050427
732,866,134,0.134,0.002799847399626742
772,886,114,0.114,0.0023595551898761185
768,884,116,0.116,0.002633896082319552
778,889,111,0.111,0.0029652058113424575
766,883,117,0.117,0.0030411878761369736
802,901,99,0.099,0.002910702906054212
696,848,152,0.152,0.003332650284632109
732,866,134,0.134,0.004312810046249069
774,887,113,0.113,0.003816613422939554
776,888,112,0.112,0.0033561025926610454
768,884,116,0.116,0.004036883020104142
728,864,136,0.136,0.004444245355203748
732,866,134,0.134,0.004426409563282505
742,871,129,0.129,0.004530987390375231
772,886,114,0.114,0.004072876197344158
746,873,127,0.127,0.0038290731522720306
794,897,103,0.103,0.0037711541538592427
708,854,146,0.146,0.00452785252785543
840,920,80,0.08,0.0032679253409150988
776,888,112,0.112,0.0031538764811703006
736,868,132,0.132,0.00363843159985845
758,879,121,0.121,0.0031853481051221026
746,873,127,0.127,0.003199437207513256
778,889,111,0.111,0.002861686340533197
738,869,131,0.131,0.0025896433577581772
776,888,112,0.112,0.002671387813024921
758,879,121,0.121,0.002603443117637653
766,883,117,0.117,0.0022031286831188483
808,904,96,0.096,0.0022298539406328927
768,884,116,0.116,0.0023529294379695783
744,872,128,0.128,0.0024125109777523904
758,879,121,0.121,0.0024930876334838103
758,879,121,0.121,0.002175217177980812
742,871,129,0.129,0.0024518140665313695
754,877,123,0.123,0.0027930560784006956
776,888,112,0.112,0.003133558913206798
800,900,100,0.1,0.002432291581877507
820,910,90,0.09,0.0024237358098034745
750,875,125,0.125,0.0029500829268072266
742,871,129,0.129,0.0035689201243803838
756,878,122,0.122,0.0036359857196221128
700,850,150,0.15,0.003926950077584479
770,885,115,0.115,0.002826043861423386
786,893,107,0.107,0.003240005427855067
844,922,78,0.078,0.0026720045003457925
786,893,107,0.107,0.0037222309720818885
758,879,121,0.121,0.0034436635871534236
780,890,110,0.11,0.00330437632848043
804,902,98,0.098,0.0027326237718225455
742,871,129,0.129,0.002756264936790103
762,881,119,0.119,0.003173477313335752
808,904,96,0.096,0.002515749271871755
786,893,107,0.107,0.0022848530451010447
778,889,111,0.111,0.0022671451515634544
756,878,122,0.122,0.0024461198035132838
728,864,136,0.136,0.002176950463472167
830,915,85,0.085,0.0013913406963110902
772,886,114,0.114,0.002012765035760822
714,857,143,0.143,0.0021038702469668353
756,878,122,0.122,0.0020327666719967964
764,882,118,0.118,0.0022297919517513948
768,884,116,0.116,0.002151772489363793
782,891,109,0.109,0.0021605933226528577
682,841,159,0.159,0.0031871961203578394
798,899,101,0.101,0.002465986457274994
788,894,106,0.106,0.0028757762272143736
804,902,98,0.098,0.0030619011563248933
788,894,106,0.106,0.0032882458165986463
772,886,114,0.114,0.0035539820237318054
772,886,114,0.114,0.0035625119394389914
776,888,112,0.112,0.003537676916399505
734,867,133,0.133,0.004504339985782281
758,879,121,0.121,0.003940445891814306
766,883,117,0.117,0.003763468936958816
748,874,126,0.126,0.003746547365037259
774,887,113,0.113,0.003546831020968966
792,896,104,0.104,0.004148336307436693
722,861,139,0.139,0.00442041976726614
810,905,95,0.095,0.0032524001434212552
804,902,98,0.098,0.003081433906714665
694,847,153,0.153,0.0039271583922964055
762,881,119,0.119,0.003431356597575359
784,892,108,0.108,0.0033679248349799307
796,898,102,0.102,0.0024846858009696005
772,886,114,0.114,0.002844018022471573
742,871,129,0.129,0.0024371388688741715
744,872,128,0.128,0.0020983071265509353
748,874,126,0.126,0.0023855928732664324
728,864,136,0.136,0.002284688365703914
706,853,147,0.147,0.0024283713951008395
802,901,99,0.099,0.002040335675337701
790,895,105,0.105,0.0021787605480349157
798,899,101,0.101,0.0020986211347335483
754,877,123,0.123,0.0023672053963236976
826,913,87,0.087,0.0021035572497930845
786,893,107,0.107,0.0027551884899439756
742,871,129,0.129,0.003034931226808112
844,922,78,0.078,0.002390355939656729
776,888,112,0.112,0.002578879119886551
824,912,88,0.088,0.0024234695016348267
766,883,117,0.117,0.0030517525179020594
768,884,116,0.116,0.0027810595310875214
760,880,120,0.12,0.002768062073766487
696,848,152,0.152,0.0030214755256602077
726,863,137,0.137,0.003719296595081687
806,903,97,0.097,0.002397788350150222
838,919,81,0.081,0.0025428041322156786
812,906,94,0.094,0.0023492118948779533
788,894,106,0.106,0.0024602450907987078
734,867,133,0.133,0.003346322378667537
782,891,109,0.109,0.002211236507486319
804,902,98,0.098,0.001899192030163249
804,902,98,0.098,0.002058007220941363
770,885,115,0.115,0.0022320138158393094
768,884,116,0.116,0.0024497820155811494
792,896,104,0.104,0.0022291520267608577
780,890,110,0.11,0.0020277222664881263
772,886,114,0.114,0.0021703024157322943
756,878,122,0.122,0.002488840967125725
768,884,116,0.116,0.0025584662945475427
816,908,92,0.092,0.0018059931745083304
680,840,160,0.16,0.002870626130490564
784,892,108,0.108,0.0020282800547429362
796,898,102,0.102,0.0019872993113822304
748,874,126,0.126,0.0025834361999004614
770,885,115,0.115,0.002039130559598561
768,884,116,0.116,0.0025795581086422315
752,876,124,0.124,0.002629329410381615
732,866,134,0.134,0.0033662448377144755
830,915,85,0.085,0.0023102173163497353
756,878,122,0.122,0.0034661696645780465
836,918,82,0.082,0.0024245015957567377
676,838,162,0.162,0.0037959984313929453
744,872,128,0.128,0.0033916341427830047
722,861,139,0.139,0.0035272410198813305
790,895,105,0.105,0.002782892864837777
664,832,168,0.168,0.005063384852110176
726,863,137,0.137,0.003982634402287659
778,889,111,0.111,0.0035727275692042895
738,869,131,0.131,0.0038459462379396426
790,895,105,0.105,0.0029221218712627887
822,911,89,0.089,0.003555605409143027
800,900,100,0.1,0.0029950223269406707
720,860,140,0.14,0.003815807549399324
766,883,117,0.117,0.0032838337530847637
818,909,91,0.091,0.0026617780589149333
774,887,113,0.113,0.0025298234281362964
814,907,93,0.093,0.0020130003675585613
780,890,110,0.11,0.0021281474566203543
762,881,119,0.119,0.002173544646037044
788,894,106,0.106,0.0019022632968844846
754,877,123,0.123,0.001783848274848424
790,895,105,0.105,0.0018160159382969142
766,883,117,0.117,0.0016838248813728569
756,878,122,0.122,0.0019114844654977787
800,900,100,0.1,0.0014893644919065992
790,895,105,0.105,0.0014347520295632421
748,874,126,0.126,0.0016747113998862916
764,882,118,0.118,0.002034255500882864
722,861,139,0.139,0.001808032374974573
810,905,95,0.095,0.0017324228396610123
732,866,134,0.134,0.0026975387843558565
752,876,124,0.124,0.0024658420600608224
726,863,137,0.137,0.003423518431940465
766,883,117,0.117,0.003145788701775018
772,886,114,0.114,0.0038403687769314274
758,879,121,0.121,0.0042887333211256195
800,900,100,0.1,0.003769051607174333
804,902,98,0.098,0.004170922210090793
768,884,116,0.116,0.004232014795998111
732,866,134,0.134,0.004420330814959015
734,867,133,0.133,0.005509799030725844
786,893,107,0.107,0.004735595539910719
814,907,93,0.093,0.004018534199567512
752,876,124,0.124,0.004558361304254504
816,908,92,0.092,0.0033806047845864667
754,877,123,0.123,0.0036759890117682515
782,891,109,0.109,0.0034836960999818983
750,875,125,0.125,0.003562601838289993
840,920,80,0.08,0.00210498546026065
772,886,114,0.114,0.0021704611501918406
804,902,98,0.098,0.0016232747012545588
830,915,85,0.085,0.0015445816977444338
854,927,73,0.073,0.0014014406684000277
772,886,114,0.114,0.00160995652191923
748,874,126,0.126,0.0016109556432165847
750,875,125,0.125,0.0013437304313774802
784,892,108,0.108,0.001310301992483801
790,895,105,0.105,0.0013281319585148595
752,876,124,0.124,0.0014148806339217117
818,909,91,0.091,0.0011575660858507036
772,886,114,0.114,0.0015569772934686625
730,865,135,0.135,0.0020670105041645003
738,869,131,0.131,0.0025334754636569413
844,922,78,0.078,0.002023926315800054
686,843,157,0.157,0.0033375017254729756
768,884,116,0.116,0.003498686685874418
808,904,96,0.096,0.0033358206364209764
756,878,122,0.122,0.003663750845415052
774,887,113,0.113,0.005009167120035272
750,875,125,0.125,0.0048652781972195955
808,904,96,0.096,0.00418089277629042
710,855,145,0.145,0.005671259894152172
792,896,104,0.104,0.005044431226735469
762,881,119,0.119,0.005395195342309307
780,890,110,0.11,0.005404732908238657
776,888,112,0.112,0.0055042845319258045
746,873,127,0.127,0.004368816207279452
780,890,110,0.11,0.004420706591918133
750,875,125,0.125,0.004027188108186238
748,874,126,0.126,0.004298266862926539
770,885,115,0.115,0.003669303579546977
850,925,75,0.075,0.0027037638215697372
774,887,113,0.113,0.003175715416582534
704,852,148,0.148,0.0027477180044952546
738,869,131,0.131,0.002227138472531806
776,888,112,0.112,0.0024918392327963374
724,862,138,0.138,0.001968702420737827
736,868,132,0.132,0.0023498616983852116
748,874,126,0.126,0.002267031646479154
770,885,115,0.115,0.0019422224273002938
756,878,122,0.122,0.002100136975335772
738,869,131,0.131,0.002434814443200594
806,903,97,0.097,0.0019549242931825575
764,882,118,0.118,0.0024893336515233386
732,866,134,0.134,0.002698471059789881
772,886,114,0.114,0.002859879539872054
778,889,111,0.111,0.0032028841183928307
772,886,114,0.114,0.003206092797277961
818,909,91,0.091,0.0029260414465679787
766,883,117,0.117,0.004067730247887084
798,899,101,0.101,0.003545030619192403
784,892,108,0.108,0.004027625209244433
776,888,112,0.112,0.0038155315102776513
802,901,99,0.099,0.0038390906175482086
720,860,140,0.14,0.0038955949527444316
760,880,120,0.12,0.004305682452279143
772,886,114,0.114,0.003703977888741065
770,885,115,0.115,0.0034090453214594162
794,897,103,0.103,0.0036323893786175177
766,883,117,0.117,0.003350498186686309
734,867,133,0.133,0.002814825232606381
780,890,110,0.11,0.0024496548643219286
734,867,133,0.133,0.0024261144380434414
790,895,105,0.105,0.0018803615684737452
754,877,123,0.123,0.0023416294857452158
742,871,129,0.129,0.002046466858984786
742,871,129,0.129,0.0020003477647842372
730,865,135,0.135,0.0018147430775570684
796,898,102,0.102,0.0018109159266459756
814,907,93,0.093,0.001795225482987007
786,893,107,0.107,0.0020128431005578024
824,912,88,0.088,0.0017068618781340774
750,875,125,0.125,0.0026706176121660975
776,888,112,0.112,0.002320330096379621
846,923,77,0.077,0.001710125264187809
768,884,116,0.116,0.0022351849439437503
764,882,118,0.118,0.0026034667096100747
734,867,133,0.133,0.0026966823445254704
796,898,102,0.102,0.0024059139819873963
744,872,128,0.128,0.0025270877261064015
732,866,134,0.134,0.002440424578031525
808,904,96,0.096,0.0021454303411301227
754,877,123,0.123,0.002322933604271384
772,886,114,0.114,0.0023693408404360525
776,888,112,0.112,0.0025826935863879044
724,862,138,0.138,0.0032520034345507156
760,880,120,0.12,0.0023944959162909073
774,887,113,0.113,0.0027610242436639965
736,868,132,0.132,0.0028238870593195317
756,878,122,0.122,0.002878437258768827
766,883,117,0.117,0.0031815303299517835
792,896,104,0.104,0.003196751588198822
780,890,110,0.11,0.002699651169299614
742,871,129,0.129,0.0032732980513537767
816,908,92,0.092,0.0031076325176109094
754,877,123,0.123,0.00306187328096712
752,876,124,0.124,0.0029118867767974734
820,910,90,0.09,0.0026766864481032825
742,871,129,0.129,0.002959907745331293
750,875,125,0.125,0.0030772207538830114
728,864,136,0.136,0.0027362628557020797
730,865,135,0.135,0.0026764211024856194
762,881,119,0.119,0.0022228540300566237
766,883,117,0.117,0.002520402096386533
786,893,107,0.107,0.0019937950209714473
754,877,123,0.123,0.001944200916972477
820,910,90,0.09,0.001784376282885205
772,886,114,0.114,0.002007023003301583
812,906,94,0.094,0.0015789112810307415
724,862,138,0.138,0.0018828033952304395
726,863,137,0.137,0.001664561554978718
806,903,97,0.097,0.0014248290902560256
760,880,120,0.12,0.0015259380863280967
810,905,95,0.095,0.0017397950713057071
712,856,144,0.144,0.001783775286807213
774,887,113,0.113,0.0017641792291396997
732,866,134,0.134,0.0019516760743572377
724,862,138,0.138,0.0019894197448156775
798,899,101,0.101,0.0017921476897026878
822,911,89,0.089,0.0020170458622851585
762,881,119,0.119,0.0024451369859161787
740,870,130,0.13,0.0029079782088520007
744,872,128,0.128,0.0027751056590641383
780,890,110,0.11,0.002841193684726022
734,867,133,0.133,0.0031086499357479624
710,855,145,0.145,0.003681645411794307
796,898,102,0.102,0.0027222835450957062
774,887,113,0.113,0.0033013191157369873
754,877,123,0.123,0.0033036651122383773
760,880,120,0.12,0.0035039296473842116
832,916,84,0.084,0.0022995461668178906
784,892,108,0.108,0.0026256744929996786
780,890,110,0.11,0.0027165228610683697
822,911,89,0.089,0.00221956201075227
820,910,90,0.09,0.0019791729107964786
814,907,93,0.093,0.0016060001364676282
734,867,133,0.133,0.002146419135693577
860,930,70,0.07,0.001261817331360362
748,874,126,0.126,0.001597736381314462
768,884,116,0.116,0.0012579987604694907
776,888,112,0.112,0.0012160510019020875
802,901,99,0.099,0.0009188976543518947
710,855,145,0.145,0.0012357630154292566
772,886,114,0.114,0.0011441685360259726
764,882,118,0.118,0.0012032703596923965
766,883,117,0.117,0.0010409115962047508
750,875,125,0.125,0.0013354457551176893
796,898,102,0.102,0.0016304475900651596
738,869,131,0.131,0.0015528337506038952
794,897,103,0.103,0.0019482191196002533
736,868,132,0.132,0.0026597530728358835
724,862,138,0.138,0.0032667854720784817
790,895,105,0.105,0.003314194672915619
762,881,119,0.119,0.004938864348572679
764,882,118,0.118,0.0041421995915879965
798,899,101,0.101,0.00403921185436775
750,875,125,0.125,0.004983166247839108
712,856,144,0.144,0.00574475181143498
752,876,124,0.124,0.00501540125766769
706,853,147,0.147,0.00605419370951131
818,909,91,0.091,0.004081082833406981
692,846,154,0.154,0.005037520494894124
788,894,106,0.106,0.004278774053993402
792,896,104,0.104,0.004279878235771321
810,905,95,0.095,0.004013803578709485
800,900,100,0.1,0.002982173083728412
798,899,101,0.101,0.0028955455565592273
794,897,103,0.103,0.002280205556016881
766,883,117,0.117,0.0031627490785904227
724,862,138,0.138,0.0021473986093478743
776,888,112,0.112,0.001781673895631684
784,892,108,0.108,0.0016752093117465847
778,889,111,0.111,0.0018371771369565977
738,869,131,0.131,0.0015555891326130221
746,873,127,0.127,0.0014759118411384407
740,870,130,0.13,0.0010418869916793483
774,887,113,0.113,0.0013629973229108145
738,869,131,0.131,0.0014039968077850062
718,859,141,0.141,0.0014494125065684783
798,899,101,0.101,0.001340939856483601
750,875,125,0.125,0.0014232498208730248
794,897,103,0.103,0.001848663326818496
782,891,109,0.109,0.0019637637927080506
712,856,144,0.144,0.002511083482124377
772,886,114,0.114,0.0025338468388508774
794,897,103,0.103,0.0029389751944108866
762,881,119,0.119,0.0032490024752914906
756,878,122,0.122,0.0031819374357000925
780,890,110,0.11,0.003651943268079776
794,897,103,0.103,0.003952738783264067
754,877,123,0.123,0.004698279614851344
778,889,111,0.111,0.0041528332370216955
784,892,108,0.108,0.003622677007573657
670,835,165,0.165,0.004288537443033419
804,902,98,0.098,0.0037123180975904687
758,879,121,0.121,0.003697438331670128
812,906,94,0.094,0.0031302250434528103
794,897,103,0.103,0.0027699012495868373
758,879,121,0.121,0.003342459061619593
760,880,120,0.12,0.0026802007484657223
738,869,131,0.131,0.0029818013703043107
782,891,109,0.109,0.002378891220811056
728,864,136,0.136,0.002511868930130731
790,895,105,0.105,0.0020504037111677463
798,899,101,0.101,0.0018127716787857935
750,875,125,0.125,0.001722719113357016
752,876,124,0.124,0.0017454700997914187
764,882,118,0.118,0.0019781130590563406
770,885,115,0.115,0.0015095527287048752
768,884,116,0.116,0.0016259481944871368
786,893,107,0.107,0.0017691992813633987
778,889,111,0.111,0.001665606061098515
776,888,112,0.112,0.0014399162176268873
772,886,114,0.114,0.0016211681035711082
780,890,110,0.11,0.002037581299082376
752,876,124,0.124,0.0018777288366400172
740,870,130,0.13,0.0017157843874010723
770,885,115,0.115,0.002066446892073145
798,899,101,0.101,0.0026292507704638412
766,883,117,0.117,0.002412199044309091
754,877,123,0.123,0.002703474364883732
734,867,133,0.133,0.0029547185374540277
730,865,135,0.135,0.0031750637328077573
774,887,113,0.113,0.0032770521597994956
794,897,103,0.103,0.0031861001572106033
752,876,124,0.124,0.003106769204605371
664,832,168,0.168,0.0041800437180208976
732,866,134,0.134,0.003375714709516615
780,890,110,0.11,0.003170804676541593
816,908,92,0.092,0.0029632700319343714
750,875,125,0.125,0.0038746552475495263
782,891,109,0.109,0.0034530542220454663
774,887,113,0.113,0.0030464576286321973
722,861,139,0.139,0.003447556491562864
820,910,90,0.09,0.002591732076165499
758,879,121,0.121,0.0023989474889531265
818,909,91,0.091,0.002320085842657136
706,853,147,0.147,0.0022883776196395045
778,889,111,0.111,0.001795607087246026
758,879,121,0.121,0.002038743393175537
740,870,130,0.13,0.0016400759200623724
764,882,118,0.118,0.0017533043519069905
706,853,147,0.147,0.001798624089846271
758,879,121,0.121,0.00148894851274963
760,880,120,0.12,0.0015080791682339622
726,863,137,0.137,0.0019908614923479034
764,882,118,0.118,0.0017697989984153538
796,898,102,0.102,0.0017722693070827517
746,873,127,0.127,0.00194416465118411
804,902,98,0.098,0.001999562902288744
762,881,119,0.119,0.0020435890323133206
770,885,115,0.115,0.0024051556633785365
780,890,110,0.11,0.0025463230360182935
774,887,113,0.113,0.0025858265176648275
754,877,123,0.123,0.00297987819253467
736,868,132,0.132,0.0030105038247420454
840,920,80,0.08,0.002546134816861013
758,879,121,0.121,0.003263768880162388
772,886,114,0.114,0.003683544900850393
730,865,135,0.135,0.003701192647626158
814,907,93,0.093,0.0031306735316175035
754,877,123,0.123,0.002814754343678942
786,893,107,0.107,0.002478305079683196
756,878,122,0.122,0.0030043434212566355
758,879,121,0.121,0.002492600597179262
730,865,135,0.135,0.002279548162390711
752,876,124,0.124,0.002096037393537699
812,906,94,0.094,0.0019474263356241864
780,890,110,0.11,0.0024862592229328586
748,874,126,0.126,0.0015368899339227938
808,904,96,0.096,0.0016031063015398105
700,850,150,0.15,0.0018248085588274988
794,897,103,0.103,0.0013244197370804614
740,870,130,0.13,0.0014989250784565229
770,885,115,0.115,0.0016080667071946663
768,884,116,0.116,0.001551628045781399
788,894,106,0.106,0.001425519807758974
776,888,112,0.112,0.0018184811923711095
724,862,138,0.138,0.0017747608446370578
738,869,131,0.131,0.0019349306764779612
716,858,142,0.142,0.0024060147624550155
766,883,117,0.117,0.0024253116838808637
754,877,123,0.123,0.002375103548751213
740,870,130,0.13,0.0030794988714624195
740,870,130,0.13,0.003950501982239075
754,877,123,0.123,0.0037158658237894998
808,904,96,0.096,0.0037831390407518485
738,869,131,0.131,0.0038707406348548828
740,870,130,0.13,0.004723252883180976
770,885,115,0.115,0.004600231960241217
822,911,89,0.089,0.003845572544611059
732,866,134,0.134,0.004763843032065779
808,904,96,0.096,0.003629312622419093
772,886,114,0.114,0.004064451167883817
684,842,158,0.158,0.004714199371519499
754,877,123,0.123,0.00335532947658794
852,926,74,0.074,0.0023757742377929388
726,863,137,0.137,0.0032888745464151724
752,876,124,0.124,0.002842365189571865
784,892,108,0.108,0.00259511290883529
802,901,99,0.099,0.0019246866917237639
774,887,113,0.113,0.002229028293135343
750,875,125,0.125,0.0020693702149728777
800,900,100,0.1,0.0017050389505166095
832,916,84,0.084,0.0015662472447147593
798,899,101,0.101,0.0014683761175401742
744,872,128,0.128,0.0016064610766625264
742,871,129,0.129,0.001577260399091756
756,878,122,0.122,0.0013754984281840734
784,892,108,0.108,0.001150852367580228
754,877,123,0.123,0.001513151555584045
778,889,111,0.111,0.0013987154226233543
820,910,90,0.09,0.0013536600031075067
800,900,100,0.1,0.0014608652796014212
806,903,97,0.097,0.0017229052686452632
760,880,120,0.12,0.0022693225219845774
768,884,116,0.116,0.0024539912305481266
746,873,127,0.127,0.0021955361262953376
760,880,120,0.12,0.0027599648316099772
766,883,117,0.117,0.0029321565101854503
756,878,122,0.122,0.0034350169679382815
760,880,120,0.12,0.0028503335014684124
756,878,122,0.122,0.0033837240867323998
762,881,119,0.119,0.003838517956610303
796,898,102,0.102,0.0037203140886849723
790,895,105,0.105,0.003966587002854794
762,881,119,0.119,0.0037706538831698707
754,877,123,0.123,0.003821035201777704
742,871,129,0.129,0.003688767751737032
780,890,110,0.11,0.002875721192918718
696,848,152,0.152,0.003950579059601295
738,869,131,0.131,0.0035206327259074896
768,884,116,0.116,0.003011144147749292
782,891,109,0.109,0.002975531354750274
768,884,116,0.116,0.002776070964988321
772,886,114,0.114,0.0025123867401271125
810,905,95,0.095,0.0019188763099955396
734,867,133,0.133,0.0023954931315383872
736,868,132,0.132,0.0019457082522276324
798,899,101,0.101,0.0016883030224416871
834,917,83,0.083,0.0016897717411920893
684,842,158,0.158,0.0022567380355030765
748,874,126,0.126,0.001736152741650585
768,884,116,0.116,0.0018785465619002935
770,885,115,0.115,0.0015404750887937553
756,878,122,0.122,0.001970905217458494
760,880,120,0.12,0.0018638909075962148
710,855,145,0.145,0.002032412069660495
