log_avg_ept_score,log_avg_succ_req,log_avg_blk_req,log_avg_BP_req,log_avg_entropy
20,60,40,0.4,1.6076537108421325
30,65,35,0.35,1.6077349090576172
42,71,29,0.29,1.6075742506980897
42,71,29,0.29,1.6076937460899352
34,67,33,0.33,1.607556756734848
12,56,44,0.44,1.6076257467269897
14,57,43,0.43,1.6075423324108125
32,66,34,0.34,1.607434470653534
18,59,41,0.41,1.6074590706825256
22,61,39,0.39,1.6075505876541138
24,62,38,0.38,1.6074933838844299
26,63,37,0.37,1.607575727701187
32,66,34,0.34,1.6075309348106384
26,63,37,0.37,1.607534521818161
10,55,45,0.45,1.6074929928779602
34,67,33,0.33,1.607438473701477
26,63,37,0.37,1.6074896609783174
28,64,36,0.36,1.6074648320674896
20,60,40,0.4,1.6074517130851746
22,61,39,0.39,1.6074430227279664
50,75,25,0.25,1.6074476552009582
34,67,33,0.33,1.6073786854743957
24,62,38,0.38,1.607464153766632
32,66,34,0.34,1.6074359393119813
30,65,35,0.35,1.6074445939064026
56,78,22,0.22,1.607412097454071
30,65,35,0.35,1.607446073293686
24,62,38,0.38,1.6075190687179566
34,67,33,0.33,1.6074095284938812
50,75,25,0.25,1.6074229264259339
14,57,43,0.43,1.6075151288509368
28,64,36,0.36,1.6074788773059845
24,62,38,0.38,1.607440642118454
22,61,39,0.39,1.607506365776062
18,59,41,0.41,1.6074668037891389
18,59,41,0.41,1.6074628055095672
38,69,31,0.31,1.607456955909729
18,59,41,0.41,1.6074857270717622
22,61,39,0.39,1.6074732375144958
12,56,44,0.44,1.6075609958171844
36,68,32,0.32,1.6074420773983003
38,69,31,0.31,1.607485384941101
24,62,38,0.38,1.6074249470233917
14,57,43,0.43,1.607553355693817
24,62,38,0.38,1.6074496555328368
16,58,42,0.42,1.607488726377487
42,71,29,0.29,1.6074236238002777
16,58,42,0.42,1.6074497306346893
22,61,39,0.39,1.6075022220611572
22,61,39,0.39,1.6075288593769073
24,62,38,0.38,1.607486207485199
22,61,39,0.39,1.6074535167217254
8,54,46,0.46,1.6075906205177306
42,71,29,0.29,1.6075622975826263
24,62,38,0.38,1.6075351595878602
52,76,24,0.24,1.607479282617569
38,69,31,0.31,1.6075959599018097
30,65,35,0.35,1.607489823102951
28,64,36,0.36,1.6076053094863891
46,73,27,0.27,1.6074518597126006
18,59,41,0.41,1.6075725603103637
30,65,35,0.35,1.6075939655303955
40,70,30,0.3,1.607544379234314
42,71,29,0.29,1.6074729037284852
28,64,36,0.36,1.6074989128112793
24,62,38,0.38,1.6075002360343933
36,68,32,0.32,1.607510735988617
20,60,40,0.4,1.6075856459140778
28,64,36,0.36,1.6075132703781128
30,65,35,0.35,1.6075348091125488
36,68,32,0.32,1.6075658535957336
26,63,37,0.37,1.6075070583820343
20,60,40,0.4,1.607555410861969
48,74,26,0.26,1.6075448024272918
38,69,31,0.31,1.6074981153011323
60,80,20,0.2,1.6074237465858459
8,54,46,0.46,1.6074427783489227
38,69,31,0.31,1.6074306607246398
38,69,31,0.31,1.6075044071674347
46,73,27,0.27,1.6074098885059356
24,62,38,0.38,1.6074168503284454
24,62,38,0.38,1.6074118566513063
0,50,50,0.5,1.6075395703315736
24,62,38,0.38,1.6074753296375275
22,61,39,0.39,1.607419183254242
46,73,27,0.27,1.607287963628769
-6,47,53,0.53,1.6074980986118317
30,65,35,0.35,1.6074351358413697
30,65,35,0.35,1.607383643388748
32,66,34,0.34,1.6073477017879485
16,58,42,0.42,1.6075332033634187
36,68,32,0.32,1.607378776073456
20,60,40,0.4,1.6073483610153199
22,61,39,0.39,1.6073812878131866
32,66,34,0.34,1.6073705863952636
32,66,34,0.34,1.60741956949234
26,63,37,0.37,1.6073466312885285
38,69,31,0.31,1.6073018443584441
32,66,34,0.34,1.6073106050491333
10,55,45,0.45,1.6073089516162873
54,77,23,0.23,1.6072781872749329
28,64,36,0.36,1.6072716259956359
42,71,29,0.29,1.6072674906253814
8,54,46,0.46,1.6073007786273956
30,65,35,0.35,1.6073276352882386
28,64,36,0.36,1.6072063434123993
34,67,33,0.33,1.6072443127632141
18,59,41,0.41,1.607350389957428
28,64,36,0.36,1.6071037328243256
14,57,43,0.43,1.6072747933864593
14,57,43,0.43,1.607141295671463
26,63,37,0.37,1.6071864759922028
36,68,32,0.32,1.6071364450454713
26,63,37,0.37,1.6073075675964354
24,62,38,0.38,1.6071901643276214
18,59,41,0.41,1.6071694445610047
54,77,23,0.23,1.6070378291606904
0,50,50,0.5,1.6073321914672851
38,69,31,0.31,1.6072131621837615
40,70,30,0.3,1.6071709144115447
26,63,37,0.37,1.6072281062602998
12,56,44,0.44,1.6072198951244354
22,61,39,0.39,1.60717954993248
42,71,29,0.29,1.6070781660079956
16,58,42,0.42,1.607240023612976
24,62,38,0.38,1.6071853244304657
30,65,35,0.35,1.6071242117881774
30,65,35,0.35,1.607165356874466
26,63,37,0.37,1.6070296692848205
22,61,39,0.39,1.6071762835979462
32,66,34,0.34,1.6071613562107085
42,71,29,0.29,1.6069133961200714
12,56,44,0.44,1.607134107351303
34,67,33,0.33,1.606930490732193
16,58,42,0.42,1.6070205914974212
20,60,40,0.4,1.6071604084968567
24,62,38,0.38,1.6069372272491456
42,71,29,0.29,1.6069584357738496
38,69,31,0.31,1.6070519614219665
40,70,30,0.3,1.6070141422748565
46,73,27,0.27,1.606888064146042
28,64,36,0.36,1.6068356549739837
8,54,46,0.46,1.6070924139022826
46,73,27,0.27,1.6068758368492126
48,74,26,0.26,1.60686044216156
38,69,31,0.31,1.6068914806842804
24,62,38,0.38,1.6071024596691132
38,69,31,0.31,1.606934723854065
38,69,31,0.31,1.607019180059433
38,69,31,0.31,1.6069888257980347
42,71,29,0.29,1.6068558585643768
28,64,36,0.36,1.6069235908985138
44,72,28,0.28,1.6068369364738464
26,63,37,0.37,1.6069658875465394
60,80,20,0.2,1.6067613887786865
24,62,38,0.38,1.6069610440731048
46,73,27,0.27,1.6067983889579773
22,61,39,0.39,1.6068966615200042
32,66,34,0.34,1.6069706535339356
22,61,39,0.39,1.6068123996257782
20,60,40,0.4,1.606724158525467
22,61,39,0.39,1.6068605732917787
34,67,33,0.33,1.6068624186515807
38,69,31,0.31,1.606833119392395
20,60,40,0.4,1.6067145681381225
4,52,48,0.48,1.6070062458515166
46,73,27,0.27,1.606411508321762
24,62,38,0.38,1.606801849603653
28,64,36,0.36,1.6067375659942627
34,67,33,0.33,1.6067138028144836
48,74,26,0.26,1.6066624104976654
40,70,30,0.3,1.606712509393692
24,62,38,0.38,1.606739935874939
38,69,31,0.31,1.6064819395542145
32,66,34,0.34,1.6065509688854218
22,61,39,0.39,1.6065357577800752
20,60,40,0.4,1.6065078997612
32,66,34,0.34,1.6067101871967315
14,57,43,0.43,1.6065236282348634
0,50,50,0.5,1.6064536702632903
20,60,40,0.4,1.6063750207424163
28,64,36,0.36,1.6064521050453187
10,55,45,0.45,1.6066053473949433
34,67,33,0.33,1.6064708530902863
22,61,39,0.39,1.6062333250045777
22,61,39,0.39,1.6063056766986847
38,69,31,0.31,1.606292746067047
26,63,37,0.37,1.6063755214214326
22,61,39,0.39,1.606218354701996
38,69,31,0.31,1.6061833059787751
20,60,40,0.4,1.6063768339157105
40,70,30,0.3,1.6058056807518006
20,60,40,0.4,1.6062404322624206
34,67,33,0.33,1.606039401292801
18,59,41,0.41,1.6055925452709199
32,66,34,0.34,1.605703099966049
34,67,33,0.33,1.605946776866913
44,72,28,0.28,1.6059116590023041
22,61,39,0.39,1.606255464553833
14,57,43,0.43,1.6057694709300996
26,63,37,0.37,1.6058538150787354
26,63,37,0.37,1.6055085444450379
38,69,31,0.31,1.6055792593955993
36,68,32,0.32,1.6055386853218079
44,72,28,0.28,1.60556605219841
34,67,33,0.33,1.605567570924759
26,63,37,0.37,1.6054724752902985
24,62,38,0.38,1.605563908815384
34,67,33,0.33,1.6057261168956756
30,65,35,0.35,1.6051314866542816
22,61,39,0.39,1.6055472302436828
22,61,39,0.39,1.6057857012748717
32,66,34,0.34,1.6054586732387544
34,67,33,0.33,1.6053030574321747
16,58,42,0.42,1.605420436859131
20,60,40,0.4,1.605355544090271
38,69,31,0.31,1.6048932468891144
26,63,37,0.37,1.604618453979492
34,67,33,0.33,1.6053068709373475
24,62,38,0.38,1.6048772525787354
24,62,38,0.38,1.605092031955719
26,63,37,0.37,1.6051668095588685
36,68,32,0.32,1.6046187376976013
14,57,43,0.43,1.605040123462677
34,67,33,0.33,1.6051721608638763
28,64,36,0.36,1.604937607049942
6,53,47,0.47,1.6049994933605194
28,64,36,0.36,1.6051392328739167
42,71,29,0.29,1.6042094731330871
30,65,35,0.35,1.6049588978290559
28,64,36,0.36,1.6049290013313293
26,63,37,0.37,1.6048274254798889
34,67,33,0.33,1.6043986141681672
26,63,37,0.37,1.604634358882904
38,69,31,0.31,1.6040548169612885
38,69,31,0.31,1.604005228281021
36,68,32,0.32,1.6037389600276948
22,61,39,0.39,1.6036195623874665
30,65,35,0.35,1.6037298238277435
16,58,42,0.42,1.6034532690048218
38,69,31,0.31,1.6031532824039458
16,58,42,0.42,1.6042633986473083
24,62,38,0.38,1.6028803038597106
24,62,38,0.38,1.604029130935669
26,63,37,0.37,1.6037658166885376
2,51,49,0.49,1.60382528424263
16,58,42,0.42,1.6036317992210387
38,69,31,0.31,1.6038833391666412
20,60,40,0.4,1.6032163834571838
36,68,32,0.32,1.6034249234199525
8,54,46,0.46,1.6040602231025696
24,62,38,0.38,1.6031420385837556
6,53,47,0.47,1.6033918917179109
46,73,27,0.27,1.6032123792171478
34,67,33,0.33,1.6026280510425568
28,64,36,0.36,1.6031391406059265
30,65,35,0.35,1.6024142515659332
24,62,38,0.38,1.6016961705684662
18,59,41,0.41,1.601911140680313
18,59,41,0.41,1.6031938946247102
36,68,32,0.32,1.6022745859622955
26,63,37,0.37,1.6022898316383363
48,74,26,0.26,1.6008861589431762
10,55,45,0.45,1.6009896206855774
36,68,32,0.32,1.601809619665146
22,61,39,0.39,1.6024215936660766
16,58,42,0.42,1.602234159708023
20,60,40,0.4,1.6012476205825805
30,65,35,0.35,1.601535712480545
32,66,34,0.34,1.603066873550415
36,68,32,0.32,1.6012280654907227
24,62,38,0.38,1.6008201444149017
38,69,31,0.31,1.600769612789154
20,60,40,0.4,1.602258266210556
24,62,38,0.38,1.600297771692276
0,50,50,0.5,1.6027032959461212
34,67,33,0.33,1.6008264648914337
38,69,31,0.31,1.6002114880084992
40,70,30,0.3,1.6025618481636048
12,56,44,0.44,1.6020899569988252
22,61,39,0.39,1.600643060207367
52,76,24,0.24,1.6000931394100188
36,68,32,0.32,1.6009832108020783
36,68,32,0.32,1.6005223488807678
16,58,42,0.42,1.6004323935508729
52,76,24,0.24,1.5985883045196534
36,68,32,0.32,1.6013933205604554
28,64,36,0.36,1.6003193390369415
22,61,39,0.39,1.5993822920322418
34,67,33,0.33,1.598490798473358
38,69,31,0.31,1.6015528976917266
36,68,32,0.32,1.5998580956459045
32,66,34,0.34,1.5989796197414399
34,67,33,0.33,1.5997535061836243
34,67,33,0.33,1.5994796299934386
36,68,32,0.32,1.598273286819458
28,64,36,0.36,1.6009359741210938
38,69,31,0.31,1.599759020805359
32,66,34,0.34,1.5994733810424804
40,70,30,0.3,1.597786248922348
34,67,33,0.33,1.5955561304092407
18,59,41,0.41,1.5980058813095093
36,68,32,0.32,1.5967491102218627
2,51,49,0.49,1.5992531144618989
12,56,44,0.44,1.5963182437419892
38,69,31,0.31,1.5966435265541077
46,73,27,0.27,1.5965552008152009
6,53,47,0.47,1.5988116908073424
18,59,41,0.41,1.597630181312561
36,68,32,0.32,1.5953604066371918
52,76,24,0.24,1.5961584174633026
36,68,32,0.32,1.5965347039699553
34,67,33,0.33,1.5976931190490722
24,62,38,0.38,1.597235906124115
54,77,23,0.23,1.594096691608429
20,60,40,0.4,1.5961357760429382
22,61,39,0.39,1.5956906926631929
36,68,32,0.32,1.5934055578708648
18,59,41,0.41,1.5954007840156554
28,64,36,0.36,1.595089501142502
44,72,28,0.28,1.5919596505165101
36,68,32,0.32,1.590785232782364
48,74,26,0.26,1.5919300282001496
18,59,41,0.41,1.5955440592765808
24,62,38,0.38,1.5952575170993806
20,60,40,0.4,1.5924736201763152
32,66,34,0.34,1.5926345908641815
36,68,32,0.32,1.5917983198165893
20,60,40,0.4,1.5927098655700684
44,72,28,0.28,1.5940807557106018
26,63,37,0.37,1.594349468946457
30,65,35,0.35,1.5927105367183685
20,60,40,0.4,1.5938354909420014
20,60,40,0.4,1.5931629538536072
44,72,28,0.28,1.5948171603679657
24,62,38,0.38,1.593037760257721
36,68,32,0.32,1.5896473681926728
28,64,36,0.36,1.5952680206298828
34,67,33,0.33,1.5878490269184113
28,64,36,0.36,1.592231410741806
28,64,36,0.36,1.589976041316986
32,66,34,0.34,1.5911717879772187
24,62,38,0.38,1.5875883793830872
34,67,33,0.33,1.5913147163391113
2,51,49,0.49,1.587862114906311
30,65,35,0.35,1.588266612291336
30,65,35,0.35,1.5858856558799743
52,76,24,0.24,1.5845496487617492
22,61,39,0.39,1.588217293024063
16,58,42,0.42,1.5903700125217437
44,72,28,0.28,1.588876075744629
32,66,34,0.34,1.5826824820041656
32,66,34,0.34,1.5851021099090576
50,75,25,0.25,1.5823039758205413
26,63,37,0.37,1.5822153306007385
50,75,25,0.25,1.5763675856590271
28,64,36,0.36,1.5789942610263825
36,68,32,0.32,1.583564876317978
32,66,34,0.34,1.5842803978919984
30,65,35,0.35,1.585591470003128
22,61,39,0.39,1.5820065414905549
38,69,31,0.31,1.5817289054393768
30,65,35,0.35,1.5786754643917085
28,64,36,0.36,1.575093114376068
50,75,25,0.25,1.5801738476753235
20,60,40,0.4,1.576610391139984
26,63,37,0.37,1.5822820746898651
18,59,41,0.41,1.574639893770218
32,66,34,0.34,1.5776120352745056
50,75,25,0.25,1.5748721504211425
32,66,34,0.34,1.575398086309433
24,62,38,0.38,1.5801378440856935
36,68,32,0.32,1.5772129130363464
38,69,31,0.31,1.5777850234508515
38,69,31,0.31,1.5787134671211243
38,69,31,0.31,1.5773868477344513
36,68,32,0.32,1.5645663106441499
28,64,36,0.36,1.5727219605445861
26,63,37,0.37,1.5720416569709779
34,67,33,0.33,1.5696369767189027
48,74,26,0.26,1.5606191492080688
32,66,34,0.34,1.572771919965744
38,69,31,0.31,1.575571687221527
30,65,35,0.35,1.5780270826816558
28,64,36,0.36,1.5745282566547394
48,74,26,0.26,1.573779010772705
44,72,28,0.28,1.5680612540245056
42,71,29,0.29,1.5696978747844696
40,70,30,0.3,1.5568115723133087
16,58,42,0.42,1.561111650466919
44,72,28,0.28,1.563259061574936
40,70,30,0.3,1.5620858216285705
44,72,28,0.28,1.5585150241851806
22,61,39,0.39,1.5601601600646973
38,69,31,0.31,1.5567219007015227
40,70,30,0.3,1.550053734779358
44,72,28,0.28,1.5502512061595917
34,67,33,0.33,1.5561452972888947
34,67,33,0.33,1.5582994151115417
44,72,28,0.28,1.5550030624866487
46,73,27,0.27,1.5561220908164979
12,56,44,0.44,1.5496233952045442
28,64,36,0.36,1.558894134759903
32,66,34,0.34,1.5507021677494048
30,65,35,0.35,1.5444490611553192
6,53,47,0.47,1.5604808688163758
20,60,40,0.4,1.5565766966342927
48,74,26,0.26,1.5299824559688568
30,65,35,0.35,1.5441154098510743
38,69,31,0.31,1.5522003829479218
46,73,27,0.27,1.5291340219974519
32,66,34,0.34,1.524391520023346
42,71,29,0.29,1.523330315351486
42,71,29,0.29,1.536212602853775
36,68,32,0.32,1.5237373661994935
30,65,35,0.35,1.5158640623092652
46,73,27,0.27,1.5197757697105407
18,59,41,0.41,1.5286071741580962
44,72,28,0.28,1.5083371484279633
20,60,40,0.4,1.5141960787773132
38,69,31,0.31,1.515583140850067
56,78,22,0.22,1.512174415588379
40,70,30,0.3,1.5016354250907897
24,62,38,0.38,1.510098717212677
22,61,39,0.39,1.5309418964385986
32,66,34,0.34,1.5136359202861787
42,71,29,0.29,1.5076546281576158
28,64,36,0.36,1.5023322904109955
38,69,31,0.31,1.4908902943134308
24,62,38,0.38,1.506030261516571
60,80,20,0.2,1.4862514281272887
30,65,35,0.35,1.4918836212158204
42,71,29,0.29,1.464199699163437
28,64,36,0.36,1.4913044703006744
26,63,37,0.37,1.5038831663131713
46,73,27,0.27,1.4607771801948548
36,68,32,0.32,1.4998123836517334
36,68,32,0.32,1.4574993884563445
36,68,32,0.32,1.493279606103897
22,61,39,0.39,1.4804550075531007
38,69,31,0.31,1.4803979635238647
52,76,24,0.24,1.4268482941389085
36,68,32,0.32,1.471427362561226
26,63,37,0.37,1.4819848817586898
26,63,37,0.37,1.459522989988327
40,70,30,0.3,1.4493392729759216
44,72,28,0.28,1.4301647627353669
46,73,27,0.27,1.4408461129665375
28,64,36,0.36,1.4493146872520446
56,78,22,0.22,1.4264134556055068
26,63,37,0.37,1.415091603398323
52,76,24,0.24,1.4393546545505524
36,68,32,0.32,1.4675831747055055
44,72,28,0.28,1.4208697700500488
42,71,29,0.29,1.404341495037079
32,66,34,0.34,1.4427655923366547
50,75,25,0.25,1.4190288031101226
20,60,40,0.4,1.4602981305122376
44,72,28,0.28,1.401771566271782
24,62,38,0.38,1.4260817855596541
34,67,33,0.33,1.4217331677675247
32,66,34,0.34,1.4186459708213806
38,69,31,0.31,1.3842068812251092
44,72,28,0.28,1.4069799065589905
38,69,31,0.31,1.4067465329170228
42,71,29,0.29,1.3802191895246505
34,67,33,0.33,1.408898823261261
36,68,32,0.32,1.4240921676158904
16,58,42,0.42,1.403411675095558
32,66,34,0.34,1.390844815969467
56,78,22,0.22,1.3625578367710114
42,71,29,0.29,1.4055350118875503
28,64,36,0.36,1.3845168793201446
30,65,35,0.35,1.4035086691379548
46,73,27,0.27,1.345232785344124
44,72,28,0.28,1.3585935121774673
24,62,38,0.38,1.3897904181480407
40,70,30,0.3,1.3668539065122605
46,73,27,0.27,1.3326571995019914
52,76,24,0.24,1.3493081766366959
52,76,24,0.24,1.361712601184845
32,66,34,0.34,1.355746505856514
32,66,34,0.34,1.3790133327245713
40,70,30,0.3,1.352941215634346
48,74,26,0.26,1.3305962151288986
44,72,28,0.28,1.3180904281139374
36,68,32,0.32,1.3405336552858353
44,72,28,0.28,1.3061737734079362
38,69,31,0.31,1.3211015284061431
14,57,43,0.43,1.3685339099168778
32,66,34,0.34,1.3013194864988327
28,64,36,0.36,1.2859116703271867
42,71,29,0.29,1.322589504122734
50,75,25,0.25,1.32414018034935
22,61,39,0.39,1.2858409094810486
46,73,27,0.27,1.2754905581474305
46,73,27,0.27,1.284206797480583
36,68,32,0.32,1.2452717676758767
50,75,25,0.25,1.1800473342835902
42,71,29,0.29,1.2109200221300125
26,63,37,0.37,1.3191142499446868
60,80,20,0.2,1.2235183715820312
24,62,38,0.38,1.232276178598404
24,62,38,0.38,1.2505647772550583
36,68,32,0.32,1.2371928441524505
44,72,28,0.28,1.154878768324852
44,72,28,0.28,1.196814956665039
38,69,31,0.31,1.268628865480423
28,64,36,0.36,1.2072785598039628
42,71,29,0.29,1.2187445521354676
32,66,34,0.34,1.1286168590188026
38,69,31,0.31,1.2238674449920655
42,71,29,0.29,1.19324455678463
50,75,25,0.25,1.1875217124819755
22,61,39,0.39,1.2098510712385178
56,78,22,0.22,1.1079335841536522
38,69,31,0.31,1.2453085905313492
50,75,25,0.25,1.0889966252446175
34,67,33,0.33,1.129270577430725
32,66,34,0.34,1.1478969356417656
36,68,32,0.32,1.1341521042585372
66,83,17,0.17,1.1300707563757897
36,68,32,0.32,1.133702866435051
52,76,24,0.24,1.150726089179516
30,65,35,0.35,1.1236045676469804
36,68,32,0.32,1.1341440722346305
52,76,24,0.24,1.1238949835300445
46,73,27,0.27,1.153114828169346
30,65,35,0.35,1.0637435632944108
34,67,33,0.33,1.0945774826407433
28,64,36,0.36,1.1444453707337379
42,71,29,0.29,1.1123035258054734
42,71,29,0.29,1.0761453449726104
50,75,25,0.25,1.0419831162691116
42,71,29,0.29,1.0855962789058686
40,70,30,0.3,1.0716509088128805
42,71,29,0.29,1.0519926977157592
30,65,35,0.35,1.1165224385261536
32,66,34,0.34,1.1770043897628784
40,70,30,0.3,1.018964256942272
48,74,26,0.26,1.1559102821350098
36,68,32,0.32,1.1181732320785522
16,58,42,0.42,1.139428139925003
40,70,30,0.3,1.0377405336499215
44,72,28,0.28,1.0847961132228374
44,72,28,0.28,1.080299934744835
34,67,33,0.33,1.165655573606491
46,73,27,0.27,1.110956842303276
40,70,30,0.3,1.0790641024708747
30,65,35,0.35,1.0942175096273423
38,69,31,0.31,1.1130079452693462
28,64,36,0.36,1.063623392879963
44,72,28,0.28,1.0749250265955925
52,76,24,0.24,1.0755505520105362
48,74,26,0.26,0.9725409168004989
32,66,34,0.34,1.094210892021656
36,68,32,0.32,1.0266443425416947
48,74,26,0.26,1.0866828921437264
42,71,29,0.29,1.0116068832576275
38,69,31,0.31,1.0660046239197254
48,74,26,0.26,1.0506112010404467
26,63,37,0.37,1.0989730599522591
16,58,42,0.42,1.1646819247305393
42,71,29,0.29,1.0315332409739495
34,67,33,0.33,1.033394948989153
20,60,40,0.4,1.114510630518198
18,59,41,0.41,1.08116238206625
54,77,23,0.23,0.9555977568030357
34,67,33,0.33,1.0197751307487488
32,66,34,0.34,1.0005364874005318
26,63,37,0.37,0.9676926771551371
48,74,26,0.26,0.986542092114687
48,74,26,0.26,1.0453349217772483
30,65,35,0.35,1.0250815527141095
40,70,30,0.3,0.9693751922249794
40,70,30,0.3,1.0112999081611633
40,70,30,0.3,1.044759132862091
38,69,31,0.31,1.0479648712277412
26,63,37,0.37,1.0854284638166427
32,66,34,0.34,1.0343905290961266
40,70,30,0.3,1.083053858578205
58,79,21,0.21,0.9599934589862823
46,73,27,0.27,1.096062428355217
32,66,34,0.34,1.029104763865471
34,67,33,0.33,1.046816322505474
34,67,33,0.33,0.9827706885337829
62,81,19,0.19,1.0104733845591545
34,67,33,0.33,1.092373230457306
44,72,28,0.28,0.9631323118507862
28,64,36,0.36,1.034190313965082
16,58,42,0.42,1.077671981304884
32,66,34,0.34,1.0190801906585694
44,72,28,0.28,1.085275916904211
42,71,29,0.29,1.0368601170182228
28,64,36,0.36,1.0366697236895561
52,76,24,0.24,1.0712694701552392
40,70,30,0.3,1.106118921339512
14,57,43,0.43,1.1025738575309516
30,65,35,0.35,1.1060826161503792
46,73,27,0.27,1.0585607689619065
42,71,29,0.29,1.0410340321063996
40,70,30,0.3,1.073303138166666
42,71,29,0.29,0.9675059139728546
30,65,35,0.35,1.1571967437118291
22,61,39,0.39,1.0561364209651947
36,68,32,0.32,1.1145687946677207
28,64,36,0.36,1.0886762377619743
36,68,32,0.32,1.0605933064222335
36,68,32,0.32,1.0468048053979873
26,63,37,0.37,1.155847121924162
50,75,25,0.25,1.1152047918736934
64,82,18,0.18,1.0797835031151772
32,66,34,0.34,1.1817784729599952
42,71,29,0.29,1.1098200941085816
36,68,32,0.32,1.1356829315423966
24,62,38,0.38,1.1517847852408887
54,77,23,0.23,1.046209568977356
32,66,34,0.34,1.1235172325372695
12,56,44,0.44,1.0647293250262737
28,64,36,0.36,1.1531968566775321
20,60,40,0.4,1.1340233564376831
34,67,33,0.33,1.09185449719429
30,65,35,0.35,1.073674800693989
50,75,25,0.25,1.0622487896680832
32,66,34,0.34,1.1204720845818519
34,67,33,0.33,0.9901483568549156
50,75,25,0.25,1.1178137996792794
52,76,24,0.24,1.1238248139619826
28,64,36,0.36,1.0494437769055367
44,72,28,0.28,1.0254841488599777
46,73,27,0.27,1.1151214590668679
52,76,24,0.24,1.0368835392594338
20,60,40,0.4,1.1711884109675885
44,72,28,0.28,1.1743285265564918
38,69,31,0.31,1.064695529937744
30,65,35,0.35,1.1503735807538034
38,69,31,0.31,1.056813942193985
48,74,26,0.26,1.0774212691187859
44,72,28,0.28,1.0323673883080482
10,55,45,0.45,1.2028182803094387
30,65,35,0.35,1.0993644505739213
30,65,35,0.35,1.12018146276474
44,72,28,0.28,1.1168662518262864
34,67,33,0.33,1.1652446269989014
38,69,31,0.31,1.0748923215270043
36,68,32,0.32,1.1095582795143129
52,76,24,0.24,1.108882601261139
38,69,31,0.31,1.1389267924427986
50,75,25,0.25,1.080748991370201
38,69,31,0.31,1.0301034581661224
42,71,29,0.29,1.0732184872031212
54,77,23,0.23,1.0557160171866418
32,66,34,0.34,1.1260946375131606
28,64,36,0.36,1.1533494363725185
54,77,23,0.23,1.0570612701773643
46,73,27,0.27,1.0939763505756854
24,62,38,0.38,1.0866906994581222
50,75,25,0.25,1.1392851448059083
36,68,32,0.32,1.1480632099509238
34,67,33,0.33,1.0764924064278603
28,64,36,0.36,1.1704573711752893
58,79,21,0.21,1.1355681931972503
56,78,22,0.22,1.085855394601822
34,67,33,0.33,1.1766407525539397
36,68,32,0.32,1.1751478737592698
30,65,35,0.35,1.1972743791341782
44,72,28,0.28,1.1194958174228669
30,65,35,0.35,1.1869378197193146
46,73,27,0.27,1.0576795887947084
36,68,32,0.32,1.1323432090878487
36,68,32,0.32,1.049886481165886
44,72,28,0.28,1.129827502965927
64,82,18,0.18,1.15641215801239
48,74,26,0.26,1.1455645847320557
32,66,34,0.34,1.151813389658928
30,65,35,0.35,1.2062149825692177
26,63,37,0.37,1.2306905853748322
42,71,29,0.29,1.0998872146010399
40,70,30,0.3,1.1039609768986702
30,65,35,0.35,1.1265051102638244
34,67,33,0.33,1.1784781795740127
48,74,26,0.26,1.0702908802032471
36,68,32,0.32,1.1173669484257698
50,75,25,0.25,1.138912957906723
50,75,25,0.25,1.1214929556846618
48,74,26,0.26,1.1532820463180542
28,64,36,0.36,1.204135679602623
24,62,38,0.38,1.140156010389328
40,70,30,0.3,1.1022308138012886
56,78,22,0.22,1.1152719587087632
60,80,20,0.2,1.0649405214190484
40,70,30,0.3,1.1262064570188521
64,82,18,0.18,1.0735228449106216
64,82,18,0.18,1.053978102952242
36,68,32,0.32,1.1789532160758973
26,63,37,0.37,1.170637871026993
62,81,19,0.19,1.0637683475017548
54,77,23,0.23,1.0990100106596947
40,70,30,0.3,1.0466694357991218
32,66,34,0.34,1.082095459252596
40,70,30,0.3,1.1647566917538643
48,74,26,0.26,1.0627586215734481
46,73,27,0.27,1.1564609241485595
44,72,28,0.28,1.1243248495459557
36,68,32,0.32,1.1465354800224303
18,59,41,0.41,1.1806042850017548
42,71,29,0.29,1.1329827922582627
36,68,32,0.32,1.148792499601841
38,69,31,0.31,1.1400329977273942
34,67,33,0.33,1.120921353697777
42,71,29,0.29,1.1360130047798156
60,80,20,0.2,1.0893355649709702
30,65,35,0.35,1.1779392656683922
32,66,34,0.34,1.108369265794754
52,76,24,0.24,1.1216269582509995
30,65,35,0.35,1.131234395802021
40,70,30,0.3,1.129739830493927
38,69,31,0.31,1.09810462474823
60,80,20,0.2,1.1040028411149978
38,69,31,0.31,1.098189285993576
42,71,29,0.29,1.1601758009195329
46,73,27,0.27,1.030163783431053
50,75,25,0.25,1.1297427505254745
34,67,33,0.33,1.1406107971072197
50,75,25,0.25,1.0548944479227067
50,75,25,0.25,1.053165358901024
36,68,32,0.32,1.1333968004584312
44,72,28,0.28,1.0708170688152314
48,74,26,0.26,1.1410653108358384
40,70,30,0.3,1.1206918534636499
42,71,29,0.29,1.075577368736267
26,63,37,0.37,1.1220525598526
58,79,21,0.21,1.115792273879051
46,73,27,0.27,1.089111512899399
42,71,29,0.29,1.0152956953644752
34,67,33,0.33,1.1772040402889252
52,76,24,0.24,1.0745416355133057
26,63,37,0.37,1.1800766426324845
62,81,19,0.19,1.0690873751044274
38,69,31,0.31,1.2327114495635032
54,77,23,0.23,1.138383682668209
54,77,23,0.23,1.0903908532857896
44,72,28,0.28,1.0998442631959915
60,80,20,0.2,1.1368868786096573
38,69,31,0.31,1.0663677868247032
56,78,22,0.22,1.085941497385502
30,65,35,0.35,1.1769327270984649
52,76,24,0.24,1.1120710200071335
54,77,23,0.23,1.1250152921676635
54,77,23,0.23,1.0703193113207816
42,71,29,0.29,1.1903833630681038
60,80,20,0.2,1.1422683173418045
24,62,38,0.38,1.119056035876274
46,73,27,0.27,1.1425744831562041
42,71,29,0.29,1.122341240644455
56,78,22,0.22,1.0847782492637634
26,63,37,0.37,1.1799377524852752
42,71,29,0.29,1.082653813660145
30,65,35,0.35,1.1636608201265335
60,80,20,0.2,1.0435443013906478
34,67,33,0.33,1.0906825238466262
24,62,38,0.38,1.1606090807914733
46,73,27,0.27,1.1057880413532257
40,70,30,0.3,1.133717153072357
40,70,30,0.3,1.0850643983483315
50,75,25,0.25,1.0907017421722411
52,76,24,0.24,1.1811102610826492
40,70,30,0.3,1.1304029166698455
38,69,31,0.31,1.1156698989868163
36,68,32,0.32,1.1534480720758438
50,75,25,0.25,1.0879796114563942
42,71,29,0.29,1.1056435313820838
42,71,29,0.29,1.1279452913999557
28,64,36,0.36,1.187495167851448
48,74,26,0.26,1.1122359985113144
40,70,30,0.3,1.0908054828643798
42,71,29,0.29,1.1482187342643737
64,82,18,0.18,0.9695399367809295
34,67,33,0.33,1.0241320836544037
42,71,29,0.29,1.107402472794056
58,79,21,0.21,1.0512389630079269
62,81,19,0.19,1.0300396937131882
64,82,18,0.18,1.0623860681056976
48,74,26,0.26,1.119785640835762
46,73,27,0.27,1.0864848828315734
38,69,31,0.31,1.1645146876573562
46,73,27,0.27,1.0432923656702042
48,74,26,0.26,1.0696344321966171
36,68,32,0.32,1.0620797073841095
44,72,28,0.28,1.1343684023618699
30,65,35,0.35,1.1243312096595763
50,75,25,0.25,1.1164231365919113
70,85,15,0.15,1.0758189433813095
44,72,28,0.28,1.0961122477054597
52,76,24,0.24,1.0817556190490722
52,76,24,0.24,1.0948674708604813
46,73,27,0.27,1.1499805200099944
62,81,19,0.19,1.0947852236032487
38,69,31,0.31,1.048330575823784
44,72,28,0.28,1.083839332461357
32,66,34,0.34,1.1426806697249412
44,72,28,0.28,1.0902683860063553
44,72,28,0.28,1.1306361752748488
54,77,23,0.23,1.1292443895339965
40,70,30,0.3,1.1296755927801132
46,73,27,0.27,1.044103090763092
48,74,26,0.26,1.0814445525407792
60,80,20,0.2,1.0485132545232774
42,71,29,0.29,1.094641335606575
36,68,32,0.32,1.0774050289392472
56,78,22,0.22,1.058154307603836
58,79,21,0.21,1.036807273030281
48,74,26,0.26,1.0743675535917283
40,70,30,0.3,1.1074756634235383
52,76,24,0.24,1.0136604809761047
32,66,34,0.34,1.041977090537548
62,81,19,0.19,0.9763274943828583
58,79,21,0.21,0.9916120821237564
42,71,29,0.29,1.0545484989881515
40,70,30,0.3,1.0038315531611444
56,78,22,0.22,1.0093335744738579
48,74,26,0.26,1.02811976313591
50,75,25,0.25,1.0493721678853034
56,78,22,0.22,0.980183584690094
38,69,31,0.31,1.08914042532444
52,76,24,0.24,0.9928273293375969
54,77,23,0.23,0.963782970905304
22,61,39,0.39,1.0163178354501725
62,81,19,0.19,0.9825227257609367
50,75,25,0.25,1.0147690245509147
36,68,32,0.32,1.0723972058296203
40,70,30,0.3,1.0462628930807114
66,83,17,0.17,0.8835854807496071
46,73,27,0.27,0.9669750979542733
38,69,31,0.31,1.0002251499891281
60,80,20,0.2,0.9639923816919327
14,57,43,0.43,1.0517285239696503
24,62,38,0.38,1.0584690491855144
36,68,32,0.32,1.022510333955288
48,74,26,0.26,1.0049593353271484
48,74,26,0.26,1.0096727380156516
44,72,28,0.28,1.0063994756340982
32,66,34,0.34,1.080317018032074
68,84,16,0.16,0.9356743621826172
44,72,28,0.28,1.0059624880552291
44,72,28,0.28,1.0042783024907111
52,76,24,0.24,1.0131599354743956
6,53,47,0.47,1.0611341565847396
26,63,37,0.37,0.9556047081947326
52,76,24,0.24,0.9219822633266449
32,66,34,0.34,1.0141923935711383
62,81,19,0.19,0.9543131630122662
30,65,35,0.35,0.9887535730004311
36,68,32,0.32,1.0337297016382216
44,72,28,0.28,1.0129340067505836
66,83,17,0.17,1.0007513791322709
52,76,24,0.24,1.0206830614805222
26,63,37,0.37,1.027507140636444
48,74,26,0.26,0.9793807798624039
34,67,33,0.33,1.0127493101358414
38,69,31,0.31,1.028585949242115
62,81,19,0.19,0.9865973520278931
32,66,34,0.34,1.1012303553521634
50,75,25,0.25,0.9945054864883422
58,79,21,0.21,0.9150554358959198
44,72,28,0.28,1.0677654567360877
32,66,34,0.34,1.0429249373078346
26,63,37,0.37,1.0642600551247596
60,80,20,0.2,0.9583879354596138
52,76,24,0.24,1.0974290549755097
60,80,20,0.2,1.0343694159388541
38,69,31,0.31,1.037381187081337
48,74,26,0.26,0.9140316694974899
34,67,33,0.33,1.097128232717514
42,71,29,0.29,1.0645076730847358
46,73,27,0.27,1.033811554312706
18,59,41,0.41,1.1518290796875954
54,77,23,0.23,1.0180363911390304
42,71,29,0.29,0.9829011166095734
56,78,22,0.22,1.000183952152729
30,65,35,0.35,1.103803231716156
54,77,23,0.23,0.9950120043754578
46,73,27,0.27,1.0076341108977795
38,69,31,0.31,1.0182060939073563
40,70,30,0.3,1.018893648982048
42,71,29,0.29,1.024492797255516
30,65,35,0.35,1.0543497729301452
56,78,22,0.22,0.969012105166912
52,76,24,0.24,1.075695309638977
50,75,25,0.25,1.02243898332119
46,73,27,0.27,1.03652448117733
38,69,31,0.31,0.9996243321895599
60,80,20,0.2,1.034944963157177
50,75,25,0.25,1.05686002522707
36,68,32,0.32,1.1375880223512649
42,71,29,0.29,1.0504394674301147
34,67,33,0.33,1.0662798589468003
48,74,26,0.26,1.0189239102602006
42,71,29,0.29,1.0510556414723395
30,65,35,0.35,1.0587731739878654
46,73,27,0.27,1.1319757223129272
38,69,31,0.31,1.028870041370392
34,67,33,0.33,1.15253584086895
30,65,35,0.35,1.12979862511158
58,79,21,0.21,1.1048684003949165
46,73,27,0.27,1.079463865160942
40,70,30,0.3,1.1186755895614624
52,76,24,0.24,1.0897030943632127
50,75,25,0.25,1.0749074831604957
42,71,29,0.29,1.0609238082170487
62,81,19,0.19,1.0599480828642844
32,66,34,0.34,1.1298088479042052
42,71,29,0.29,1.1311401176452636
50,75,25,0.25,1.0862734192609786
36,68,32,0.32,1.0966253167390823
56,78,22,0.22,1.060014100074768
40,70,30,0.3,1.094664888381958
40,70,30,0.3,1.1076095706224443
58,79,21,0.21,1.0086741882562638
54,77,23,0.23,0.9896703934669495
54,77,23,0.23,1.0939612251520157
40,70,30,0.3,1.0952499264478683
48,74,26,0.26,1.0788261657953262
42,71,29,0.29,1.043327584862709
38,69,31,0.31,1.077484684586525
66,83,17,0.17,1.0691228890419007
54,77,23,0.23,1.0261269098520278
54,77,23,0.23,1.0985674995183945
66,83,17,0.17,1.0601874589920044
64,82,18,0.18,1.0217144292593003
66,83,17,0.17,1.0448803305625916
44,72,28,0.28,1.1049096387624742
38,69,31,0.31,1.1249826741218567
58,79,21,0.21,1.0925701731443405
38,69,31,0.31,1.1133521980047225
68,84,16,0.16,1.0779779487848282
40,70,30,0.3,1.1288035863637924
46,73,27,0.27,1.034134822487831
48,74,26,0.26,1.0601097893714906
72,86,14,0.14,1.059411803483963
38,69,31,0.31,1.0988587880134582
42,71,29,0.29,1.1270851063728333
56,78,22,0.22,1.1043530654907228
40,70,30,0.3,1.102388008236885
52,76,24,0.24,1.0720591950416565
32,66,34,0.34,1.1622687131166458
60,80,20,0.2,1.1349144601821899
44,72,28,0.28,1.1510440582036972
46,73,27,0.27,1.134962910413742
62,81,19,0.19,1.1164478915929794
54,77,23,0.23,1.055926969051361
54,77,23,0.23,1.0871719044446946
34,67,33,0.33,1.1326343619823456
56,78,22,0.22,1.1512996727228164
38,69,31,0.31,1.120279494524002
50,75,25,0.25,1.1165764719247817
60,80,20,0.2,1.0617975223064422
58,79,21,0.21,1.0979321932792663
68,84,16,0.16,1.0776397913694382
56,78,22,0.22,1.0717354452610015
56,78,22,0.22,1.0600487351417542
46,73,27,0.27,1.1138222873210908
46,73,27,0.27,1.0529618406295775
52,76,24,0.24,1.1234066528081894
36,68,32,0.32,1.1266562467813492
44,72,28,0.28,1.1277231657505036
36,68,32,0.32,1.0959538465738297
28,64,36,0.36,1.162727175951004
48,74,26,0.26,1.087420373558998
56,78,22,0.22,1.0942590564489365
42,71,29,0.29,1.0729136753082276
60,80,20,0.2,0.994150105714798
66,83,17,0.17,1.0250186318159102
52,76,24,0.24,1.1265824848413468
56,78,22,0.22,1.0875247049331664
58,79,21,0.21,1.0872491669654847
62,81,19,0.19,1.1021723932027816
72,86,14,0.14,1.0413375812768937
60,80,20,0.2,1.0363506704568863
62,81,19,0.19,1.0928551787137986
54,77,23,0.23,1.138730388879776
42,71,29,0.29,1.0658020836114883
8,54,46,0.46,1.1344948953390122
52,76,24,0.24,1.0660010027885436
38,69,31,0.31,1.1884127151966095
36,68,32,0.32,1.172516605257988
42,71,29,0.29,1.1354157882928848
60,80,20,0.2,1.052029813528061
48,74,26,0.26,1.1048371505737304
48,74,26,0.26,1.0734880411624907
48,74,26,0.26,1.017886848449707
54,77,23,0.23,1.0269009459018708
52,76,24,0.24,1.085524464249611
32,66,34,0.34,1.1630001258850098
46,73,27,0.27,1.088932300209999
36,68,32,0.32,1.092207728624344
54,77,23,0.23,1.0998998767137527
48,74,26,0.26,1.089335109591484
24,62,38,0.38,1.11757457613945
48,74,26,0.26,1.0866343033313752
44,72,28,0.28,1.112877410054207
30,65,35,0.35,1.093883119225502
58,79,21,0.21,1.1276208400726317
54,77,23,0.23,1.1100962221622468
44,72,28,0.28,1.1367786830663682
62,81,19,0.19,1.0977625620365143
48,74,26,0.26,1.088327887058258
8,54,46,0.46,1.1639250445365905
56,78,22,0.22,1.0054667448997499
42,71,29,0.29,1.1170594555139541
42,71,29,0.29,1.0449678927659989
48,74,26,0.26,1.1075846111774446
34,67,33,0.33,1.11069515645504
48,74,26,0.26,1.0477525907754899
34,67,33,0.33,1.0963067436218261
40,70,30,0.3,1.1020845693349839
62,81,19,0.19,1.0733590179681778
68,84,16,0.16,1.0180856382846832
56,78,22,0.22,1.0451081943511964
38,69,31,0.31,1.0473764270544053
58,79,21,0.21,1.0685974246263503
56,78,22,0.22,1.077711482644081
44,72,28,0.28,1.0819467580318451
36,68,32,0.32,1.1188774424791337
66,83,17,0.17,1.0807035118341446
40,70,30,0.3,1.0684219652414322
34,67,33,0.33,1.1071165013313293
50,75,25,0.25,1.091938432455063
52,76,24,0.24,1.0918768125772476
58,79,21,0.21,1.0427399468421936
48,74,26,0.26,1.1266378080844879
60,80,20,0.2,1.0446443861722947
46,73,27,0.27,1.0387637037038804
52,76,24,0.24,1.1438680171966553
38,69,31,0.31,1.0913059550523758
44,72,28,0.28,1.066151071190834
64,82,18,0.18,1.0515108400583266
46,73,27,0.27,1.0573083972930908
44,72,28,0.28,1.0925842392444611
50,75,25,0.25,1.0432596009969712
28,64,36,0.36,1.124827950000763
70,85,15,0.15,1.0109043735265733
48,74,26,0.26,1.1223515892028808
50,75,25,0.25,1.027146720290184
42,71,29,0.29,1.0796949869394303
60,80,20,0.2,0.9916343849897384
46,73,27,0.27,1.057876306772232
52,76,24,0.24,1.0333947801589967
48,74,26,0.26,1.0655388683080673
64,82,18,0.18,1.0456313771009444
52,76,24,0.24,1.0558617514371873
48,74,26,0.26,1.0393549990653992
48,74,26,0.26,1.0611914694309235
74,87,13,0.13,1.0556040805578233
64,82,18,0.18,0.9652652668952942
62,81,19,0.19,1.0154584860801696
56,78,22,0.22,1.048578558564186
52,76,24,0.24,0.9686698281764984
72,86,14,0.14,0.951901752948761
48,74,26,0.26,1.065879277586937
70,85,15,0.15,0.9456609737873077
46,73,27,0.27,0.9985617828369141
68,84,16,0.16,1.0078883773088456
56,78,22,0.22,1.0478308397531508
60,80,20,0.2,0.9513033556938172
76,88,12,0.12,0.9200352522730827
46,73,27,0.27,0.9101710039377212
56,78,22,0.22,1.0001654195785523
40,70,30,0.3,1.0046948236227036
60,80,20,0.2,1.002267175912857
64,82,18,0.18,0.9449015820026397
64,82,18,0.18,0.9547738417983055
58,79,21,0.21,0.9182068276405334
54,77,23,0.23,0.9869149079918862
66,83,17,0.17,0.8704451733827591
60,80,20,0.2,0.8784619268774986
50,75,25,0.25,0.9111048844456673
70,85,15,0.15,0.8996750041842461
40,70,30,0.3,0.9738435128331184
70,85,15,0.15,0.8016630253195762
68,84,16,0.16,0.8375316533446312
78,89,11,0.11,0.8686979869008065
46,73,27,0.27,0.9320556598901749
56,78,22,0.22,0.8804329460859299
74,87,13,0.13,0.8385824176669121
78,89,11,0.11,0.7974398705363274
56,78,22,0.22,0.9238510915637016
38,69,31,0.31,1.0352989664673806
68,84,16,0.16,0.7955901566147804
60,80,20,0.2,0.8039739772677421
52,76,24,0.24,0.8611634004116059
70,85,15,0.15,0.7647787803411483
54,77,23,0.23,0.7937027776241302
66,83,17,0.17,0.8445811611413956
56,78,22,0.22,0.8266253465414047
72,86,14,0.14,0.8427037325501442
60,80,20,0.2,0.8254045126587153
72,86,14,0.14,0.6976808772981167
60,80,20,0.2,0.818246953189373
66,83,17,0.17,0.7530089688301086
70,85,15,0.15,0.7836572250723839
74,87,13,0.13,0.65108986094594
68,84,16,0.16,0.7803427633643151
80,90,10,0.1,0.6159467147290707
72,86,14,0.14,0.7647427454590797
42,71,29,0.29,0.8566474021971225
62,81,19,0.19,0.7457566940784455
62,81,19,0.19,0.7340773098170758
62,81,19,0.19,0.7691401153802871
56,78,22,0.22,0.7749286714196205
76,88,12,0.12,0.6371099392324686
60,80,20,0.2,0.6785066811740399
50,75,25,0.25,0.6136935636401176
50,75,25,0.25,0.8059418998658657
64,82,18,0.18,0.7279331651329994
68,84,16,0.16,0.7814847175776959
74,87,13,0.13,0.652375341206789
56,78,22,0.22,0.7080414426326752
70,85,15,0.15,0.7236385791003704
48,74,26,0.26,0.7447588409483433
74,87,13,0.13,0.6669581250846386
54,77,23,0.23,0.7912626832723617
46,73,27,0.27,0.7620842875540257
70,85,15,0.15,0.7110269924253225
78,89,11,0.11,0.6708514536172152
56,78,22,0.22,0.7152268035709858
74,87,13,0.13,0.6331745601445437
64,82,18,0.18,0.7692143084108829
62,81,19,0.19,0.7203971840441227
52,76,24,0.24,0.7230328172445297
58,79,21,0.21,0.7137086413800716
70,85,15,0.15,0.6318631245195866
72,86,14,0.14,0.6968736726045609
60,80,20,0.2,0.6368652282655239
60,80,20,0.2,0.6894680990278721
74,87,13,0.13,0.5990345594286919
64,82,18,0.18,0.6887518480420113
60,80,20,0.2,0.7246790218353272
66,83,17,0.17,0.583217173665762
60,80,20,0.2,0.7018824504315853
74,87,13,0.13,0.6518795520067215
80,90,10,0.1,0.610539136454463
68,84,16,0.16,0.5775130989402533
62,81,19,0.19,0.665198925063014
62,81,19,0.19,0.6055463743954896
74,87,13,0.13,0.5609305790811777
68,84,16,0.16,0.7323243208229542
66,83,17,0.17,0.5997550082206726
72,86,14,0.14,0.6347559069097042
46,73,27,0.27,0.7897788664698601
76,88,12,0.12,0.5818995276838541
72,86,14,0.14,0.5853320397436619
68,84,16,0.16,0.6318826639652252
60,80,20,0.2,0.7090585712343455
92,96,4,0.04,0.4718293146044016
50,75,25,0.25,0.6647157709300519
64,82,18,0.18,0.6579709070920944
70,85,15,0.15,0.7007023638486862
58,79,21,0.21,0.6671981957182288
86,93,7,0.07,0.4784923982992768
62,81,19,0.19,0.5527113676071167
80,90,10,0.1,0.45763562560081483
72,86,14,0.14,0.5590843716263771
72,86,14,0.14,0.5441655591875315
66,83,17,0.17,0.6329272702336312
78,89,11,0.11,0.4931090673804283
74,87,13,0.13,0.6057339721173048
60,80,20,0.2,0.5834066219627857
38,69,31,0.31,0.674078960865736
60,80,20,0.2,0.5807547602057457
62,81,19,0.19,0.5413115460798145
68,84,16,0.16,0.5956199261546135
54,77,23,0.23,0.59460787512362
54,77,23,0.23,0.6486292734742165
60,80,20,0.2,0.48578613888472316
66,83,17,0.17,0.6663629405945539
74,87,13,0.13,0.6185240339487791
68,84,16,0.16,0.58991435341537
74,87,13,0.13,0.561919439509511
72,86,14,0.14,0.5993305293098092
82,91,9,0.09,0.599036509655416
88,94,6,0.06,0.4770688960701227
72,86,14,0.14,0.6543437609821559
70,85,15,0.15,0.5146999301947653
68,84,16,0.16,0.6511812158301473
46,73,27,0.27,0.604753103107214
62,81,19,0.19,0.6497285290062428
64,82,18,0.18,0.5621104319393635
54,77,23,0.23,0.5885666595399379
54,77,23,0.23,0.6311669941991568
68,84,16,0.16,0.5953210608661175
66,83,17,0.17,0.632351696640253
46,73,27,0.27,0.6688110107183456
54,77,23,0.23,0.5963638358563185
66,83,17,0.17,0.5374190159887076
72,86,14,0.14,0.6295480039715767
64,82,18,0.18,0.5236319675296545
64,82,18,0.18,0.631138048171997
60,80,20,0.2,0.5890727829933167
52,76,24,0.24,0.5955076745897532
62,81,19,0.19,0.6632457008957863
72,86,14,0.14,0.5952338694781065
48,74,26,0.26,0.6354218804836274
58,79,21,0.21,0.5703382068872451
66,83,17,0.17,0.6324185089766979
58,79,21,0.21,0.6042029079049825
70,85,15,0.15,0.6343454093486071
82,91,9,0.09,0.36833732649683953
84,92,8,0.08,0.5024416324496269
64,82,18,0.18,0.502388753592968
64,82,18,0.18,0.4891433834657073
76,88,12,0.12,0.46354128550738094
54,77,23,0.23,0.5061927836388349
66,83,17,0.17,0.43620084185153246
62,81,19,0.19,0.44994063265621664
68,84,16,0.16,0.6259073795378208
78,89,11,0.11,0.4119959097728133
80,90,10,0.1,0.4122647150605917
76,88,12,0.12,0.4498372713848948
64,82,18,0.18,0.5479218074679375
70,85,15,0.15,0.35718289216980337
70,85,15,0.15,0.44436161398887636
70,85,15,0.15,0.4374130466207862
74,87,13,0.13,0.4354955516941845
78,89,11,0.11,0.45678237272426486
76,88,12,0.12,0.45280820548534395
72,86,14,0.14,0.4577727763727307
72,86,14,0.14,0.38613967411220074
64,82,18,0.18,0.4444471649825573
72,86,14,0.14,0.4831784545816481
54,77,23,0.23,0.5292196789290756
70,85,15,0.15,0.49779315866529944
62,81,19,0.19,0.46777484146878123
60,80,20,0.2,0.5463646060228348
64,82,18,0.18,0.5528136437013745
76,88,12,0.12,0.46162076875567437
54,77,23,0.23,0.5129632793739438
52,76,24,0.24,0.4967235377803445
80,90,10,0.1,0.3803662379644811
50,75,25,0.25,0.5382882433384657
78,89,11,0.11,0.4709218776086345
56,78,22,0.22,0.49643203865736724
68,84,16,0.16,0.38202667924575506
52,76,24,0.24,0.5442762118205429
72,86,14,0.14,0.402092402484268
74,87,13,0.13,0.41463352251797914
78,89,11,0.11,0.39002172248438
80,90,10,0.1,0.4203001707419753
72,86,14,0.14,0.4361776502430439
82,91,9,0.09,0.4598470642697066
66,83,17,0.17,0.4541005951538682
76,88,12,0.12,0.41378767166286706
78,89,11,0.11,0.3691303421743214
88,94,6,0.06,0.43591394951567053
66,83,17,0.17,0.42848631375469265
48,74,26,0.26,0.5014464708417654
64,82,18,0.18,0.5461356275901198
60,80,20,0.2,0.46330548703670504
58,79,21,0.21,0.4976697761937976
58,79,21,0.21,0.5264544839411974
62,81,19,0.19,0.5449568523652851
76,88,12,0.12,0.38816851343028247
66,83,17,0.17,0.46492207335308194
54,77,23,0.23,0.5502594537660479
70,85,15,0.15,0.4836583429761231
70,85,15,0.15,0.5229515456967055
74,87,13,0.13,0.43360489251092077
72,86,14,0.14,0.5266111934930087
60,80,20,0.2,0.55812305085361
76,88,12,0.12,0.35310736536979676
66,83,17,0.17,0.47965941585600375
68,84,16,0.16,0.4787287599220872
76,88,12,0.12,0.5018406956270337
62,81,19,0.19,0.6121138749271631
66,83,17,0.17,0.443580467812717
90,95,5,0.05,0.37391273837536576
60,80,20,0.2,0.5601237837225199
72,86,14,0.14,0.5963752418756485
52,76,24,0.24,0.5691603191941976
90,95,5,0.05,0.3671779420226812
48,74,26,0.26,0.6627338019385934
64,82,18,0.18,0.5057178238034248
72,86,14,0.14,0.4697833072766662
54,77,23,0.23,0.5399102801829576
66,83,17,0.17,0.5898463825136423
70,85,15,0.15,0.5544002278521657
80,90,10,0.1,0.501977201960981
74,87,13,0.13,0.4818553711846471
66,83,17,0.17,0.44947888545691966
64,82,18,0.18,0.6339366453140974
60,80,20,0.2,0.5279100926220417
68,84,16,0.16,0.4867163519188762
44,72,28,0.28,0.6726575912162661
62,81,19,0.19,0.5665498767793179
72,86,14,0.14,0.511138790436089
56,78,22,0.22,0.5081783203035592
46,73,27,0.27,0.5917555846273899
58,79,21,0.21,0.580298859514296
44,72,28,0.28,0.6632892336696387
72,86,14,0.14,0.47302796751260756
64,82,18,0.18,0.6277033424377442
76,88,12,0.12,0.46024907797575
64,82,18,0.18,0.5265838871151209
82,91,9,0.09,0.41721833378076556
74,87,13,0.13,0.6610071225464345
56,78,22,0.22,0.6188625831156969
78,89,11,0.11,0.5049679889902472
60,80,20,0.2,0.5152861537039279
64,82,18,0.18,0.507392091602087
60,80,20,0.2,0.5652712745219469
80,90,10,0.1,0.3743338492885232
60,80,20,0.2,0.6166445519030094
62,81,19,0.19,0.5226512942835688
74,87,13,0.13,0.5535215044766665
74,87,13,0.13,0.4360533746704459
84,92,8,0.08,0.43293219737708566
62,81,19,0.19,0.5958097567409277
52,76,24,0.24,0.6442981366068125
82,91,9,0.09,0.4396201521810144
68,84,16,0.16,0.5672715762257576
76,88,12,0.12,0.5662475617974997
54,77,23,0.23,0.622940109372139
80,90,10,0.1,0.441309455037117
62,81,19,0.19,0.5390075584501028
70,85,15,0.15,0.6210047315061092
70,85,15,0.15,0.5226768211275339
48,74,26,0.26,0.562688401862979
76,88,12,0.12,0.5782780604809523
82,91,9,0.09,0.42795743281021714
56,78,22,0.22,0.5161013976484538
86,93,7,0.07,0.44652682334184646
72,86,14,0.14,0.5687399761378765
66,83,17,0.17,0.5298268673568964
86,93,7,0.07,0.5208331786841154
68,84,16,0.16,0.590961155295372
72,86,14,0.14,0.5216390263661742
52,76,24,0.24,0.6126950590312481
56,78,22,0.22,0.6034754917770624
76,88,12,0.12,0.5304454471170902
68,84,16,0.16,0.487222931869328
72,86,14,0.14,0.6004079714417457
74,87,13,0.13,0.5221639882028103
74,87,13,0.13,0.5109661091864109
68,84,16,0.16,0.4895501397550106
62,81,19,0.19,0.6799203281104564
74,87,13,0.13,0.5967078875005245
72,86,14,0.14,0.49694513831287623
64,82,18,0.18,0.5638918691128493
62,81,19,0.19,0.56270920984447
76,88,12,0.12,0.6135751077532768
62,81,19,0.19,0.6175307116657496
62,81,19,0.19,0.5370237018913031
60,80,20,0.2,0.5350369169563055
60,80,20,0.2,0.5759043633192777
68,84,16,0.16,0.656736376658082
76,88,12,0.12,0.5468169274926186
50,75,25,0.25,0.6178791849315166
62,81,19,0.19,0.6545003221929073
70,85,15,0.15,0.5065016175806523
60,80,20,0.2,0.5238860480487346
72,86,14,0.14,0.5677321089804173
60,80,20,0.2,0.6371237463504076
52,76,24,0.24,0.6136518244445324
68,84,16,0.16,0.5009564439952373
60,80,20,0.2,0.5936142650991678
76,88,12,0.12,0.5970544808357954
56,78,22,0.22,0.5506066466867924
82,91,9,0.09,0.5415863795578479
58,79,21,0.21,0.6340468171983957
52,76,24,0.24,0.6833450417220592
82,91,9,0.09,0.5095525262504816
58,79,21,0.21,0.6187460488080978
54,77,23,0.23,0.7076149387657642
44,72,28,0.28,0.6186722061783075
70,85,15,0.15,0.4786550292372704
66,83,17,0.17,0.5653044894337654
56,78,22,0.22,0.635106782130897
52,76,24,0.24,0.6569808499515056
74,87,13,0.13,0.48092047244310376
60,80,20,0.2,0.5619927503168582
60,80,20,0.2,0.5640559393167496
78,89,11,0.11,0.5391031968593597
78,89,11,0.11,0.4814870262145996
72,86,14,0.14,0.5938115584850311
78,89,11,0.11,0.4541655060648918
62,81,19,0.19,0.5875617620348931
86,93,7,0.07,0.5290475286915899
44,72,28,0.28,0.7791572764515877
64,82,18,0.18,0.5771976426616311
76,88,12,0.12,0.5938516396284104
50,75,25,0.25,0.6726967641711235
78,89,11,0.11,0.621338964253664
68,84,16,0.16,0.5949226500838996
78,89,11,0.11,0.5526144113391638
58,79,21,0.21,0.7370048567652703
58,79,21,0.21,0.7014481271803379
60,80,20,0.2,0.7215063716471195
52,76,24,0.24,0.659399462044239
58,79,21,0.21,0.6664762685447931
66,83,17,0.17,0.6176093479245901
80,90,10,0.1,0.6092365664243699
76,88,12,0.12,0.6650171087682247
72,86,14,0.14,0.5892300575226546
72,86,14,0.14,0.6334901523590087
80,90,10,0.1,0.6401234171167016
64,82,18,0.18,0.6826100109517574
64,82,18,0.18,0.6254902097582817
60,80,20,0.2,0.6235802614688873
62,81,19,0.19,0.6549802367389203
68,84,16,0.16,0.6473245458304882
62,81,19,0.19,0.7119424855709076
64,82,18,0.18,0.7215487471222878
72,86,14,0.14,0.6516256429255008
64,82,18,0.18,0.7270806162059307
56,78,22,0.22,0.7388451801240444
58,79,21,0.21,0.7575392666459083
78,89,11,0.11,0.6553872658312321
74,87,13,0.13,0.6455051021277904
62,81,19,0.19,0.6732959762215615
66,83,17,0.17,0.670797256976366
80,90,10,0.1,0.6267609021067619
58,79,21,0.21,0.5700999753177166
56,78,22,0.22,0.7160153424739838
62,81,19,0.19,0.7401765069365501
74,87,13,0.13,0.6703904283046722
46,73,27,0.27,0.6213853186368943
54,77,23,0.23,0.7724474447965622
50,75,25,0.25,0.7006466223299503
54,77,23,0.23,0.6766091732680798
90,95,5,0.05,0.6444156767427921
58,79,21,0.21,0.7605656573176384
76,88,12,0.12,0.7154702188074589
50,75,25,0.25,0.7753245964646339
72,86,14,0.14,0.7720722818374633
58,79,21,0.21,0.7069272458553314
60,80,20,0.2,0.6721657931804657
82,91,9,0.09,0.7702227872610092
70,85,15,0.15,0.6534266808629036
58,79,21,0.21,0.7838176962733269
82,91,9,0.09,0.6427906762063503
66,83,17,0.17,0.7043561589717865
74,87,13,0.13,0.6518387919664383
56,78,22,0.22,0.7824279963970184
80,90,10,0.1,0.6141947086155415
54,77,23,0.23,0.6902805534005165
62,81,19,0.19,0.747274997830391
72,86,14,0.14,0.7931801295280456
70,85,15,0.15,0.7256122027337552
58,79,21,0.21,0.6922758242487907
48,74,26,0.26,0.7698901031911373
86,93,7,0.07,0.6487294474244117
46,73,27,0.27,0.7881085078418255
82,91,9,0.09,0.6690208630263805
46,73,27,0.27,0.8329315772652626
66,83,17,0.17,0.6955363900959491
44,72,28,0.28,0.829567509740591
56,78,22,0.22,0.6649426057934761
72,86,14,0.14,0.7068641825020313
60,80,20,0.2,0.7076737534999847
60,80,20,0.2,0.712910273373127
62,81,19,0.19,0.7386699375510216
66,83,17,0.17,0.7912863782048225
62,81,19,0.19,0.7338234826922416
56,78,22,0.22,0.8148471847176552
58,79,21,0.21,0.7380817669630051
56,78,22,0.22,0.7789192518591881
58,79,21,0.21,0.6917335838079453
66,83,17,0.17,0.7261730949580669
54,77,23,0.23,0.8499688577651977
58,79,21,0.21,0.8470120415091514
58,79,21,0.21,0.7611716786026954
74,87,13,0.13,0.6759308597445488
52,76,24,0.24,0.8555981582403183
64,82,18,0.18,0.7675008022785187
56,78,22,0.22,0.7994974333047867
60,80,20,0.2,0.7571095681190491
66,83,17,0.17,0.8020128664374352
70,85,15,0.15,0.8147017040848732
68,84,16,0.16,0.7975557315349578
36,68,32,0.32,0.80971439614892
56,78,22,0.22,0.8820877104997635
52,76,24,0.24,0.7661404016613961
50,75,25,0.25,0.7967841881513595
52,76,24,0.24,0.8719614252448082
56,78,22,0.22,0.7544639521837234
26,63,37,0.37,0.8892359232902527
56,78,22,0.22,0.8523892405629158
50,75,25,0.25,0.8188308471441269
72,86,14,0.14,0.8174607220292092
80,90,10,0.1,0.7121151286363602
56,78,22,0.22,0.8341544955968857
58,79,21,0.21,0.7759605702757836
50,75,25,0.25,0.7978469896316528
74,87,13,0.13,0.7162949955463409
78,89,11,0.11,0.7641263830661774
56,78,22,0.22,0.7315879812836648
70,85,15,0.15,0.730271577090025
72,86,14,0.14,0.6404702877998352
62,81,19,0.19,0.765056773275137
60,80,20,0.2,0.6862773452699185
62,81,19,0.19,0.8256462135910988
70,85,15,0.15,0.7317661094665527
74,87,13,0.13,0.6359921735525131
62,81,19,0.19,0.6641596315801144
40,70,30,0.3,0.7529102210700512
70,85,15,0.15,0.754646734893322
70,85,15,0.15,0.7112533476948738
72,86,14,0.14,0.6067757777869701
56,78,22,0.22,0.7664972493052482
66,83,17,0.17,0.6946854972839356
60,80,20,0.2,0.6677648498862981
74,87,13,0.13,0.6229109516739846
46,73,27,0.27,0.7760031107068062
68,84,16,0.16,0.6373206751048565
76,88,12,0.12,0.6749255895614624
66,83,17,0.17,0.7232457184791565
60,80,20,0.2,0.6901624813675881
62,81,19,0.19,0.6323641605675221
66,83,17,0.17,0.6542253302037716
68,84,16,0.16,0.6657852992415428
62,81,19,0.19,0.6603765445947647
60,80,20,0.2,0.6544005335867404
76,88,12,0.12,0.6820881040394307
70,85,15,0.15,0.7060887022316455
66,83,17,0.17,0.7430613477528095
70,85,15,0.15,0.6332209749519825
56,78,22,0.22,0.7816056042909623
72,86,14,0.14,0.6845687884092331
56,78,22,0.22,0.7811651660501957
74,87,13,0.13,0.6268671280145646
58,79,21,0.21,0.7210142493247986
56,78,22,0.22,0.7190322905778885
66,83,17,0.17,0.7089603868126869
70,85,15,0.15,0.7194263502955437
68,84,16,0.16,0.5943554615974427
66,83,17,0.17,0.6934702053666115
60,80,20,0.2,0.7598314598202706
70,85,15,0.15,0.7071716991066933
68,84,16,0.16,0.692358865737915
74,87,13,0.13,0.6812728622555733
52,76,24,0.24,0.7494928789138794
68,84,16,0.16,0.7203495499491691
52,76,24,0.24,0.772728421986103
64,82,18,0.18,0.7274763008952141
78,89,11,0.11,0.7208832660317421
86,93,7,0.07,0.6803597311675549
68,84,16,0.16,0.7319321367144584
62,81,19,0.19,0.739213085770607
58,79,21,0.21,0.606324155330658
60,80,20,0.2,0.6325486865639687
84,92,8,0.08,0.6419932526350022
66,83,17,0.17,0.6974212826788425
64,82,18,0.18,0.7484652867913246
40,70,30,0.3,0.727332800924778
64,82,18,0.18,0.6916216698288917
50,75,25,0.25,0.6311962692439557
60,80,20,0.2,0.7538621217012406
64,82,18,0.18,0.7420718678832054
66,83,17,0.17,0.6607984147965908
90,95,5,0.05,0.5796578678488732
52,76,24,0.24,0.7385815066099167
76,88,12,0.12,0.6748485821485519
52,76,24,0.24,0.638806264847517
82,91,9,0.09,0.6858374658226967
64,82,18,0.18,0.7038065585494041
68,84,16,0.16,0.6423818677663803
62,81,19,0.19,0.7230491027235985
66,83,17,0.17,0.6887890300154687
58,79,21,0.21,0.7360020333528519
54,77,23,0.23,0.7376028800010681
60,80,20,0.2,0.7690013659000396
64,82,18,0.18,0.7312369109690189
60,80,20,0.2,0.7334728595614434
64,82,18,0.18,0.717076806128025
64,82,18,0.18,0.7062256464362144
58,79,21,0.21,0.7139333748817444
46,73,27,0.27,0.8408700770139694
74,87,13,0.13,0.7266141685843468
58,79,21,0.21,0.7593539316952228
46,73,27,0.27,0.7397671827673912
72,86,14,0.14,0.7273192340135575
46,73,27,0.27,0.8143895360827446
58,79,21,0.21,0.7768627238273621
62,81,19,0.19,0.7721430703997612
82,91,9,0.09,0.7596442848443985
64,82,18,0.18,0.7497332575917244
48,74,26,0.26,0.805858453810215
68,84,16,0.16,0.7633035555481911
74,87,13,0.13,0.6215491181612015
64,82,18,0.18,0.7179472014307976
50,75,25,0.25,0.7597409579157829
52,76,24,0.24,0.7987080296874046
72,86,14,0.14,0.7306212659180165
76,88,12,0.12,0.7221245673298836
62,81,19,0.19,0.8243891012668609
58,79,21,0.21,0.8286364969611167
80,90,10,0.1,0.6674082559347153
72,86,14,0.14,0.7742154651880264
60,80,20,0.2,0.8106287732720375
50,75,25,0.25,0.872212718129158
64,82,18,0.18,0.8194550776481628
76,88,12,0.12,0.7681846487522125
50,75,25,0.25,0.7879762849211693
70,85,15,0.15,0.760205939412117
72,86,14,0.14,0.6875534802675247
68,84,16,0.16,0.784962357878685
66,83,17,0.17,0.8165055528283119
64,82,18,0.18,0.7796077889204025
46,73,27,0.27,0.8467157804965972
52,76,24,0.24,0.7797926211357117
56,78,22,0.22,0.742080489397049
60,80,20,0.2,0.7778292268514633
72,86,14,0.14,0.7199244001507759
64,82,18,0.18,0.7473151886463165
62,81,19,0.19,0.7205751374363899
70,85,15,0.15,0.7859160149097443
72,86,14,0.14,0.7344596827030182
46,73,27,0.27,0.8163123261928559
70,85,15,0.15,0.7290208545327187
52,76,24,0.24,0.8358128380775451
38,69,31,0.31,0.8762782841920853
52,76,24,0.24,0.7765914103388787
64,82,18,0.18,0.7831132878363133
80,90,10,0.1,0.7653966814279556
70,85,15,0.15,0.8162759128212929
70,85,15,0.15,0.7301676285266876
54,77,23,0.23,0.7716030427813529
56,78,22,0.22,0.8208130475878715
66,83,17,0.17,0.7905191585421563
50,75,25,0.25,0.7869115030765533
56,78,22,0.22,0.8315195497870446
42,71,29,0.29,0.8572426176071167
60,80,20,0.2,0.7728769955039024
72,86,14,0.14,0.7630559775233269
66,83,17,0.17,0.8111763966083526
56,78,22,0.22,0.8915652179718018
50,75,25,0.25,0.8262692293524743
60,80,20,0.2,0.8458543467521668
58,79,21,0.21,0.8444194188714027
62,81,19,0.19,0.8593975380063057
66,83,17,0.17,0.7896717831492424
62,81,19,0.19,0.8094388502836227
52,76,24,0.24,0.8469336399435997
60,80,20,0.2,0.8194079068303108
54,77,23,0.23,0.8767482256889343
76,88,12,0.12,0.795663152039051
80,90,10,0.1,0.7350337246060371
30,65,35,0.35,0.9157773339748383
60,80,20,0.2,0.8333213990926742
52,76,24,0.24,0.8243411344289779
60,80,20,0.2,0.8450026139616966
44,72,28,0.28,0.9348762831091881
70,85,15,0.15,0.7881907147169113
66,83,17,0.17,0.7866622415184975
62,81,19,0.19,0.8370670059323311
34,67,33,0.33,0.808704334795475
62,81,19,0.19,0.8289755138754845
68,84,16,0.16,0.7251904526352883
48,74,26,0.26,0.7965844589471817
72,86,14,0.14,0.8069625216722488
38,69,31,0.31,0.7984185403585434
58,79,21,0.21,0.814796467423439
66,83,17,0.17,0.8056543704867363
70,85,15,0.15,0.7800745719671249
56,78,22,0.22,0.7906017684936524
70,85,15,0.15,0.7924221250414848
66,83,17,0.17,0.8129139459133148
66,83,17,0.17,0.8127615398168564
58,79,21,0.21,0.7933748149871827
60,80,20,0.2,0.7681277573108674
42,71,29,0.29,0.8078672426939011
44,72,28,0.28,0.8289937269687653
44,72,28,0.28,0.8325928846001625
52,76,24,0.24,0.8305781829357147
68,84,16,0.16,0.795622687637806
60,80,20,0.2,0.8565993010997772
62,81,19,0.19,0.8026946693658829
78,89,11,0.11,0.7692072513699532
66,83,17,0.17,0.8279253482818604
54,77,23,0.23,0.7847892299294472
54,77,23,0.23,0.8523015433549881
74,87,13,0.13,0.7795642536878585
64,82,18,0.18,0.8377594524621963
64,82,18,0.18,0.7963176602125168
48,74,26,0.26,0.8518776431679725
72,86,14,0.14,0.7778810006380081
42,71,29,0.29,0.836739347577095
62,81,19,0.19,0.778281625509262
76,88,12,0.12,0.7769100812077522
82,91,9,0.09,0.7118574789166451
62,81,19,0.19,0.7828999361395836
74,87,13,0.13,0.7869169846177101
68,84,16,0.16,0.8192102259397507
50,75,25,0.25,0.8060825002193451
66,83,17,0.17,0.801675651371479
62,81,19,0.19,0.8839259231090546
62,81,19,0.19,0.7721660396456719
56,78,22,0.22,0.8549866193532943
40,70,30,0.3,0.8575263500213623
70,85,15,0.15,0.8000660789012909
60,80,20,0.2,0.7880824494361878
62,81,19,0.19,0.8588659763336182
54,77,23,0.23,0.7924305200576782
68,84,16,0.16,0.8127961927652358
58,79,21,0.21,0.8992448306083679
60,80,20,0.2,0.807739023566246
72,86,14,0.14,0.7846095782518386
56,78,22,0.22,0.7935932728648186
54,77,23,0.23,0.8604173076152801
56,78,22,0.22,0.8665094485878945
66,83,17,0.17,0.8093285435438156
80,90,10,0.1,0.8220683079957962
56,78,22,0.22,0.8354676955938339
48,74,26,0.26,0.8817773711681366
68,84,16,0.16,0.7859017562866211
54,77,23,0.23,0.8325079959630967
78,89,11,0.11,0.7546204161643982
62,81,19,0.19,0.8626665371656418
58,79,21,0.21,0.8424209153652191
68,84,16,0.16,0.8039414015412331
52,76,24,0.24,0.8007094699144364
68,84,16,0.16,0.7639596474170685
70,85,15,0.15,0.8244937255978584
68,84,16,0.16,0.8432302004098893
66,83,17,0.17,0.782281799018383
66,83,17,0.17,0.7750487416982651
78,89,11,0.11,0.7637425601482392
64,82,18,0.18,0.8304046940803528
58,79,21,0.21,0.753393997848034
58,79,21,0.21,0.8062772580981254
70,85,15,0.15,0.7465375405550003
70,85,15,0.15,0.8105233082175255
70,85,15,0.15,0.7907983210682868
46,73,27,0.27,0.823223203420639
84,92,8,0.08,0.694354490339756
62,81,19,0.19,0.8019178858399392
78,89,11,0.11,0.7252631190419198
60,80,20,0.2,0.7887979310750961
64,82,18,0.18,0.8056164634227753
64,82,18,0.18,0.8329994213581086
68,84,16,0.16,0.804829656779766
76,88,12,0.12,0.7083912217617034
52,76,24,0.24,0.8362938341498375
56,78,22,0.22,0.7941150742769242
58,79,21,0.21,0.7900900417566299
50,75,25,0.25,0.8339084488153458
42,71,29,0.29,0.8433257311582565
76,88,12,0.12,0.7027776342630386
66,83,17,0.17,0.7403426045179367
82,91,9,0.09,0.7519911307096482
62,81,19,0.19,0.7846587547659873
60,80,20,0.2,0.7937759181857109
60,80,20,0.2,0.7871777793765068
64,82,18,0.18,0.7721356290578842
64,82,18,0.18,0.8051774245500565
58,79,21,0.21,0.8186006540060043
68,84,16,0.16,0.7996195471286773
64,82,18,0.18,0.7826804092526436
74,87,13,0.13,0.7043139597773552
68,84,16,0.16,0.8202249157428741
64,82,18,0.18,0.7640514117479325
76,88,12,0.12,0.7568854075670243
70,85,15,0.15,0.7301537752151489
64,82,18,0.18,0.7866352733969688
58,79,21,0.21,0.8066697058081627
60,80,20,0.2,0.7993508106470109
68,84,16,0.16,0.7886286595463753
64,82,18,0.18,0.8259285455942154
72,86,14,0.14,0.8015662303566933
48,74,26,0.26,0.784718722999096
44,72,28,0.28,0.7844611898064613
66,83,17,0.17,0.783114321231842
72,86,14,0.14,0.7905771604180336
40,70,30,0.3,0.809169819355011
32,66,34,0.34,0.8236660823225975
48,74,26,0.26,0.8323693197965621
70,85,15,0.15,0.7212259918451309
46,73,27,0.27,0.8196445444226265
52,76,24,0.24,0.8437407386302948
52,76,24,0.24,0.8396775883436203
82,91,9,0.09,0.651145726442337
54,77,23,0.23,0.7800614175200462
60,80,20,0.2,0.7973548233509063
68,84,16,0.16,0.7297286602854729
76,88,12,0.12,0.696824105978012
68,84,16,0.16,0.7475940647721291
64,82,18,0.18,0.769576004743576
66,83,17,0.17,0.7544535946846008
58,79,21,0.21,0.7464987650513649
58,79,21,0.21,0.7564057153463364
72,86,14,0.14,0.7461652004718781
56,78,22,0.22,0.7431487622857094
52,76,24,0.24,0.7872324526309967
66,83,17,0.17,0.7401380851864815
60,80,20,0.2,0.7899240574240685
44,72,28,0.28,0.7177487277984619
66,83,17,0.17,0.7437099513411521
78,89,11,0.11,0.7179439777135849
76,88,12,0.12,0.7127373957633972
80,90,10,0.1,0.7167242014408112
68,84,16,0.16,0.7029451766610145
76,88,12,0.12,0.7789134585857391
60,80,20,0.2,0.7243338933587075
78,89,11,0.11,0.6825979563593865
62,81,19,0.19,0.7180473384261131
52,76,24,0.24,0.79317954570055
74,87,13,0.13,0.7440193569660187
68,84,16,0.16,0.7311294987797737
68,84,16,0.16,0.6959864830970764
60,80,20,0.2,0.7697553631663322
62,81,19,0.19,0.7275554519891739
78,89,11,0.11,0.6554927849769592
60,80,20,0.2,0.7677748647332191
74,87,13,0.13,0.7061172358691692
62,81,19,0.19,0.7131197419762612
82,91,9,0.09,0.6146046505868434
54,77,23,0.23,0.7044790643453598
62,81,19,0.19,0.7427972662448883
78,89,11,0.11,0.6558182242512703
54,77,23,0.23,0.6711674325168133
70,85,15,0.15,0.6600176271796226
50,75,25,0.25,0.7348164546489716
74,87,13,0.13,0.6975685676932335
46,73,27,0.27,0.8339353767037392
64,82,18,0.18,0.6774413794279098
66,83,17,0.17,0.7291718903183937
70,85,15,0.15,0.780165895819664
74,87,13,0.13,0.637399228066206
52,76,24,0.24,0.7420443068444729
58,79,21,0.21,0.6795025116205216
78,89,11,0.11,0.7644784498214722
76,88,12,0.12,0.7102690050005913
68,84,16,0.16,0.6814908181130886
66,83,17,0.17,0.7510587725043297
60,80,20,0.2,0.7558328482508659
66,83,17,0.17,0.647117726802826
64,82,18,0.18,0.6929512897133827
72,86,14,0.14,0.7710839308798313
54,77,23,0.23,0.7430238875746727
60,80,20,0.2,0.6707652336359025
84,92,8,0.08,0.6301891605556011
64,82,18,0.18,0.7393356409668922
70,85,15,0.15,0.701343699991703
74,87,13,0.13,0.6183507890999317
78,89,11,0.11,0.6523719674348831
64,82,18,0.18,0.6830152434110641
50,75,25,0.25,0.7083054567873478
64,82,18,0.18,0.6618767637014389
68,84,16,0.16,0.6431760250031948
72,86,14,0.14,0.7101484687626362
60,80,20,0.2,0.7211640787124634
70,85,15,0.15,0.6273746439814567
64,82,18,0.18,0.6689496918022633
48,74,26,0.26,0.7233902908861637
62,81,19,0.19,0.6712415499985218
56,78,22,0.22,0.7864047503471374
62,81,19,0.19,0.643013288974762
60,80,20,0.2,0.7168283912539483
58,79,21,0.21,0.7333158601820469
64,82,18,0.18,0.6651478296518326
76,88,12,0.12,0.6715788389742374
48,74,26,0.26,0.7370514573901892
80,90,10,0.1,0.715580902993679
52,76,24,0.24,0.7289290300011635
58,79,21,0.21,0.7286033606529236
64,82,18,0.18,0.7012827391922474
50,75,25,0.25,0.8097961738705635
68,84,16,0.16,0.6375397458672524
56,78,22,0.22,0.7523925361037255
68,84,16,0.16,0.6503903990983964
54,77,23,0.23,0.7853902891278267
70,85,15,0.15,0.6712569391727448
60,80,20,0.2,0.6641950377821922
50,75,25,0.25,0.6861309044063091
56,78,22,0.22,0.7402529293298721
38,69,31,0.31,0.7786178585886955
62,81,19,0.19,0.7090797933936119
78,89,11,0.11,0.7399271723628044
58,79,21,0.21,0.7806469410657882
52,76,24,0.24,0.7541813969612121
64,82,18,0.18,0.6439115343987942
60,80,20,0.2,0.7497208312153816
68,84,16,0.16,0.7010356211662292
36,68,32,0.32,0.8470178207755089
68,84,16,0.16,0.7045154948532582
64,82,18,0.18,0.6822911542654038
72,86,14,0.14,0.7118703454732895
62,81,19,0.19,0.714854436814785
54,77,23,0.23,0.7744484516978264
40,70,30,0.3,0.7844277879595757
70,85,15,0.15,0.7486003977060318
70,85,15,0.15,0.7676576292514801
58,79,21,0.21,0.7418474376201629
74,87,13,0.13,0.7282796210050583
56,78,22,0.22,0.7208132979273796
48,74,26,0.26,0.7317881223559379
56,78,22,0.22,0.7318573740124702
54,77,23,0.23,0.6647754818201065
60,80,20,0.2,0.7371852344274521
46,73,27,0.27,0.8691002836823464
66,83,17,0.17,0.7331131780147553
62,81,19,0.19,0.7776635921001435
74,87,13,0.13,0.665146198272705
66,83,17,0.17,0.7781766590476036
56,78,22,0.22,0.7644377432763576
62,81,19,0.19,0.6622126844525337
70,85,15,0.15,0.6582533973455429
64,82,18,0.18,0.7004048949480057
74,87,13,0.13,0.6704889544844628
64,82,18,0.18,0.7792185318470001
76,88,12,0.12,0.7327049227058887
76,88,12,0.12,0.560339026004076
72,86,14,0.14,0.6846615242958068
64,82,18,0.18,0.6669290736317635
48,74,26,0.26,0.8475090904533863
76,88,12,0.12,0.5965869395434856
60,80,20,0.2,0.7023291020095348
52,76,24,0.24,0.6923783671855926
74,87,13,0.13,0.6737647807598114
54,77,23,0.23,0.7261578048765659
44,72,28,0.28,0.7664313431084157
58,79,21,0.21,0.7791952273249626
74,87,13,0.13,0.6558859772980213
68,84,16,0.16,0.7007512566447258
60,80,20,0.2,0.6535363346338272
48,74,26,0.26,0.7283239108324051
76,88,12,0.12,0.6047486083209515
54,77,23,0.23,0.7024593406915665
76,88,12,0.12,0.6261790625751018
72,86,14,0.14,0.6644601647555828
64,82,18,0.18,0.6774389825761318
52,76,24,0.24,0.7250188845396042
68,84,16,0.16,0.6410596105456352
70,85,15,0.15,0.6979982301592826
70,85,15,0.15,0.5302603888511658
54,77,23,0.23,0.71139269053936
52,76,24,0.24,0.6564887391030788
60,80,20,0.2,0.6709366941452026
80,90,10,0.1,0.6156937512755394
76,88,12,0.12,0.6519094963371753
70,85,15,0.15,0.6807669359445572
70,85,15,0.15,0.676033315807581
72,86,14,0.14,0.5903384168446064
78,89,11,0.11,0.6040937077999115
56,78,22,0.22,0.7333784267306328
78,89,11,0.11,0.627642030864954
68,84,16,0.16,0.6585148681700229
76,88,12,0.12,0.6023313789069653
58,79,21,0.21,0.6802291446924209
64,82,18,0.18,0.6706756433844566
56,78,22,0.22,0.6204142108932138
74,87,13,0.13,0.6154430611431598
70,85,15,0.15,0.5747339609265327
64,82,18,0.18,0.6466847661137581
70,85,15,0.15,0.6874847203493119
64,82,18,0.18,0.7161633358895778
58,79,21,0.21,0.749960655272007
54,77,23,0.23,0.7128076343238354
60,80,20,0.2,0.7032274129986763
66,83,17,0.17,0.6292385828495025
54,77,23,0.23,0.7389577202498913
56,78,22,0.22,0.7336107778549195
64,82,18,0.18,0.6263778014481067
68,84,16,0.16,0.6853295680880547
72,86,14,0.14,0.6560754564404487
66,83,17,0.17,0.6915937307476997
72,86,14,0.14,0.6504043644666672
76,88,12,0.12,0.6501894147694111
80,90,10,0.1,0.6104921916127205
48,74,26,0.26,0.7670667751133442
54,77,23,0.23,0.6430204306542874
56,78,22,0.22,0.695936170220375
52,76,24,0.24,0.7656894817948341
70,85,15,0.15,0.6049917981028556
68,84,16,0.16,0.6539638011157513
56,78,22,0.22,0.7213424251973629
70,85,15,0.15,0.6810097140073776
68,84,16,0.16,0.694573650509119
68,84,16,0.16,0.7530200058221816
72,86,14,0.14,0.7011759296059609
48,74,26,0.26,0.7103366519510746
60,80,20,0.2,0.6690501537919045
72,86,14,0.14,0.7562765508890152
58,79,21,0.21,0.7202568158507348
56,78,22,0.22,0.7173033660650253
60,80,20,0.2,0.7116042146086693
58,79,21,0.21,0.5948757976293564
56,78,22,0.22,0.6486243070662021
62,81,19,0.19,0.6688059910386801
60,80,20,0.2,0.7046985724568366
66,83,17,0.17,0.6899880677461624
74,87,13,0.13,0.6215409559011459
58,79,21,0.21,0.6512196598947049
62,81,19,0.19,0.648416407853365
58,79,21,0.21,0.6933537702262401
50,75,25,0.25,0.6315897269546986
54,77,23,0.23,0.6531082046031952
74,87,13,0.13,0.6771896240115166
64,82,18,0.18,0.5838416191935539
78,89,11,0.11,0.6222368411719799
52,76,24,0.24,0.7116628783941269
62,81,19,0.19,0.5984106582403182
62,81,19,0.19,0.580194093361497
70,85,15,0.15,0.5691918675601483
48,74,26,0.26,0.6616482461988926
48,74,26,0.26,0.736741863489151
62,81,19,0.19,0.5521701918542385
70,85,15,0.15,0.5878254260122776
70,85,15,0.15,0.5923261418938637
76,88,12,0.12,0.6282724238932132
58,79,21,0.21,0.6893392634391785
72,86,14,0.14,0.5184987623244524
84,92,8,0.08,0.4917153913527727
56,78,22,0.22,0.6126421824097633
74,87,13,0.13,0.5228863266110421
82,91,9,0.09,0.5781414212286472
76,88,12,0.12,0.6129274082183838
54,77,23,0.23,0.6270056477189064
78,89,11,0.11,0.571075149178505
74,87,13,0.13,0.6338745852559805
76,88,12,0.12,0.6257042665779591
76,88,12,0.12,0.6347141824662685
76,88,12,0.12,0.5493480950593949
76,88,12,0.12,0.566126252412796
62,81,19,0.19,0.7285335476696492
68,84,16,0.16,0.5990729136765003
76,88,12,0.12,0.5313427811861038
54,77,23,0.23,0.6450450563430786
66,83,17,0.17,0.6001634842157364
82,91,9,0.09,0.5622591196000576
84,92,8,0.08,0.5313151744008064
58,79,21,0.21,0.692796284109354
72,86,14,0.14,0.5526053097844124
64,82,18,0.18,0.6121217447519303
58,79,21,0.21,0.6919625344872474
62,81,19,0.19,0.6390481274574995
82,91,9,0.09,0.5183866918087006
62,81,19,0.19,0.6044710664451123
76,88,12,0.12,0.650093544870615
50,75,25,0.25,0.6075415441393852
74,87,13,0.13,0.5693326723575592
60,80,20,0.2,0.6524636313319206
84,92,8,0.08,0.5176678229868412
56,78,22,0.22,0.6718528585135937
86,93,7,0.07,0.5669627636671066
60,80,20,0.2,0.631611964404583
44,72,28,0.28,0.7080662700533867
74,87,13,0.13,0.6078118540346622
78,89,11,0.11,0.5547667457163334
42,71,29,0.29,0.6987118476629257
54,77,23,0.23,0.6811213976144791
60,80,20,0.2,0.6007679189741612
70,85,15,0.15,0.5748243290185928
68,84,16,0.16,0.6863482138514518
64,82,18,0.18,0.6083999942243099
82,91,9,0.09,0.5606409357488156
74,87,13,0.13,0.7131961998343468
58,79,21,0.21,0.6627669504284859
48,74,26,0.26,0.689482353925705
70,85,15,0.15,0.6638216699659825
58,79,21,0.21,0.755814625620842
46,73,27,0.27,0.7776793679594993
60,80,20,0.2,0.7013934680819511
62,81,19,0.19,0.69338145673275
56,78,22,0.22,0.6861580803990364
70,85,15,0.15,0.64447822868824
70,85,15,0.15,0.7153801201283931
74,87,13,0.13,0.6543846294283867
80,90,10,0.1,0.7007004143297673
60,80,20,0.2,0.6032526177167893
66,83,17,0.17,0.7061907498538494
68,84,16,0.16,0.662690466940403
76,88,12,0.12,0.590725459754467
72,86,14,0.14,0.6568329192698001
66,83,17,0.17,0.6611640073359013
64,82,18,0.18,0.7257759484648705
74,87,13,0.13,0.6159080450236797
74,87,13,0.13,0.6649550364911556
64,82,18,0.18,0.7207336236536502
48,74,26,0.26,0.7224447683990002
56,78,22,0.22,0.641938561797142
64,82,18,0.18,0.6679334974288941
62,81,19,0.19,0.6997157216072083
70,85,15,0.15,0.7443221682310104
60,80,20,0.2,0.707965817451477
62,81,19,0.19,0.6930654105544091
72,86,14,0.14,0.7302231875061989
52,76,24,0.24,0.7770228454470635
66,83,17,0.17,0.651001927703619
70,85,15,0.15,0.6788019025325776
58,79,21,0.21,0.7155841824412346
76,88,12,0.12,0.6318585087358951
56,78,22,0.22,0.7722722160816192
74,87,13,0.13,0.671763928681612
56,78,22,0.22,0.7044513174891471
64,82,18,0.18,0.6471549832820892
62,81,19,0.19,0.6829300051927567
64,82,18,0.18,0.7056443655490875
64,82,18,0.18,0.6627695003151893
64,82,18,0.18,0.6515759059786796
58,79,21,0.21,0.7108400645852089
78,89,11,0.11,0.6479440852999687
68,84,16,0.16,0.6193214391171932
66,83,17,0.17,0.6130677247047425
82,91,9,0.09,0.5511298821866513
52,76,24,0.24,0.7409041404724122
66,83,17,0.17,0.642814562022686
86,93,7,0.07,0.5590904012322426
72,86,14,0.14,0.6167306956648827
70,85,15,0.15,0.5665004919469356
60,80,20,0.2,0.6981439059972763
60,80,20,0.2,0.6430104857683182
44,72,28,0.28,0.7113064204156399
72,86,14,0.14,0.5982967077195644
58,79,21,0.21,0.5724641418457032
70,85,15,0.15,0.5864669989049435
70,85,15,0.15,0.5667624083161354
54,77,23,0.23,0.6433239959180355
50,75,25,0.25,0.7122795310616493
68,84,16,0.16,0.6603745428472757
82,91,9,0.09,0.5371415774524212
70,85,15,0.15,0.6358566695451736
50,75,25,0.25,0.6454529327154159
60,80,20,0.2,0.6222507238388062
80,90,10,0.1,0.5530704514682293
54,77,23,0.23,0.6270470705628395
64,82,18,0.18,0.6812181197106838
46,73,27,0.27,0.6626803265511989
66,83,17,0.17,0.6037344662845134
58,79,21,0.21,0.6499318461120128
60,80,20,0.2,0.5920696417987347
78,89,11,0.11,0.5311689026653766
64,82,18,0.18,0.5440237401425838
72,86,14,0.14,0.5330680028349161
74,87,13,0.13,0.563294876664877
60,80,20,0.2,0.4770550671219826
52,76,24,0.24,0.5957146424800157
70,85,15,0.15,0.5546026964485645
50,75,25,0.25,0.5995710752904415
80,90,10,0.1,0.5684079167246818
76,88,12,0.12,0.5869385243952274
76,88,12,0.12,0.6169452638924122
74,87,13,0.13,0.5150693908333779
78,89,11,0.11,0.5156152638792991
62,81,19,0.19,0.5931516829133033
68,84,16,0.16,0.6015994980931282
58,79,21,0.21,0.4951692134141922
70,85,15,0.15,0.525070997029543
76,88,12,0.12,0.5348106227070093
70,85,15,0.15,0.6001768341660499
72,86,14,0.14,0.5649308831989766
64,82,18,0.18,0.5594805184006691
74,87,13,0.13,0.49044081203639506
68,84,16,0.16,0.6114309807121754
74,87,13,0.13,0.5850042419880629
68,84,16,0.16,0.5311627644300461
64,82,18,0.18,0.5650415822118521
54,77,23,0.23,0.5822754500806332
68,84,16,0.16,0.5524534053355455
68,84,16,0.16,0.5369660255312919
62,81,19,0.19,0.5816744992136955
76,88,12,0.12,0.569048329666257
56,78,22,0.22,0.5985753147304058
64,82,18,0.18,0.5572055030241608
74,87,13,0.13,0.5309018667042256
56,78,22,0.22,0.5540040902793407
64,82,18,0.18,0.6770006789267063
72,86,14,0.14,0.5677896843850613
58,79,21,0.21,0.6675393448024988
56,78,22,0.22,0.5505321004986763
64,82,18,0.18,0.5426492300629616
86,93,7,0.07,0.5537394060194493
54,77,23,0.23,0.6157014827430248
74,87,13,0.13,0.5828950111567974
66,83,17,0.17,0.5975965951383114
54,77,23,0.23,0.626090117841959
70,85,15,0.15,0.5900996541976928
72,86,14,0.14,0.6428741052746773
76,88,12,0.12,0.5931524258852005
78,89,11,0.11,0.543710114955902
62,81,19,0.19,0.6287427300214767
64,82,18,0.18,0.6486036407947541
62,81,19,0.19,0.5570133501291274
74,87,13,0.13,0.6333807088434696
50,75,25,0.25,0.7169768944382667
70,85,15,0.15,0.5684709396958351
76,88,12,0.12,0.641264421492815
66,83,17,0.17,0.6119292264431715
70,85,15,0.15,0.6661611987650394
72,86,14,0.14,0.5765988260507584
60,80,20,0.2,0.618123389184475
50,75,25,0.25,0.6774787998199463
76,88,12,0.12,0.6506793662905693
80,90,10,0.1,0.6013509133458137
72,86,14,0.14,0.5589000678062439
74,87,13,0.13,0.5461174145340919
70,85,15,0.15,0.6789118522405624
64,82,18,0.18,0.591356064081192
68,84,16,0.16,0.6380458392202855
72,86,14,0.14,0.6447604608535766
64,82,18,0.18,0.5779867142438888
86,93,7,0.07,0.5653618820011616
52,76,24,0.24,0.6099410413205624
76,88,12,0.12,0.6101015347242356
84,92,8,0.08,0.571885631531477
62,81,19,0.19,0.6203958378732204
78,89,11,0.11,0.6225889055430889
52,76,24,0.24,0.6299926520884037
64,82,18,0.18,0.6330745196342469
60,80,20,0.2,0.6293826319277287
78,89,11,0.11,0.542278695255518
54,77,23,0.23,0.6480128951370716
76,88,12,0.12,0.5650438375771045
52,76,24,0.24,0.5966784443706274
66,83,17,0.17,0.6424306175112724
76,88,12,0.12,0.5618879568576812
68,84,16,0.16,0.6548358945548535
62,81,19,0.19,0.6022773352265358
72,86,14,0.14,0.4845665740221739
74,87,13,0.13,0.5256097337603569
72,86,14,0.14,0.6109842877835036
60,80,20,0.2,0.6186986331641674
62,81,19,0.19,0.6622119063138961
78,89,11,0.11,0.5576282592117786
68,84,16,0.16,0.552240932136774
66,83,17,0.17,0.6339223466813564
52,76,24,0.24,0.6432982414960862
70,85,15,0.15,0.598791622966528
54,77,23,0.23,0.5588343323767185
74,87,13,0.13,0.6003858136385679
60,80,20,0.2,0.6307963833212853
56,78,22,0.22,0.578613188713789
84,92,8,0.08,0.5277337515354157
58,79,21,0.21,0.5780342303961515
66,83,17,0.17,0.5556088727712631
66,83,17,0.17,0.5881310223042965
66,83,17,0.17,0.5088969437777996
44,72,28,0.28,0.6688151341676712
60,80,20,0.2,0.5380676464736461
72,86,14,0.14,0.5140244776755571
78,89,11,0.11,0.48396997541189196
36,68,32,0.32,0.6113130636885762
50,75,25,0.25,0.5557720099389553
76,88,12,0.12,0.4925936863571405
44,72,28,0.28,0.601402342915535
64,82,18,0.18,0.5742445331811905
64,82,18,0.18,0.525410176962614
70,85,15,0.15,0.540938531011343
58,79,21,0.21,0.49163397051393987
78,89,11,0.11,0.5007291911542415
66,83,17,0.17,0.5199499104917049
54,77,23,0.23,0.5127594546973705
58,79,21,0.21,0.5155237329006195
74,87,13,0.13,0.5285937584936619
56,78,22,0.22,0.5341530492901803
54,77,23,0.23,0.6329090011119842
62,81,19,0.19,0.5906903868913651
68,84,16,0.16,0.5227014001831413
66,83,17,0.17,0.6236120381951332
70,85,15,0.15,0.48119229197502134
72,86,14,0.14,0.5504410046339036
68,84,16,0.16,0.5542337620258331
68,84,16,0.16,0.5973239804059267
72,86,14,0.14,0.5265537530183793
72,86,14,0.14,0.43082914896309377
88,94,6,0.06,0.4347463370859623
66,83,17,0.17,0.5904401881247758
50,75,25,0.25,0.6249185658991336
68,84,16,0.16,0.4901538306474686
76,88,12,0.12,0.4203986418992281
78,89,11,0.11,0.6441815115511418
60,80,20,0.2,0.5736115422844886
62,81,19,0.19,0.5234576754271985
62,81,19,0.19,0.5671845504269004
70,85,15,0.15,0.4932476907968521
58,79,21,0.21,0.6645583699643612
62,81,19,0.19,0.5311220643669367
66,83,17,0.17,0.4341090927273035
76,88,12,0.12,0.5299291507154703
74,87,13,0.13,0.5771588017046452
64,82,18,0.18,0.4745153123140335
72,86,14,0.14,0.5530538026988506
54,77,23,0.23,0.5726422549784184
68,84,16,0.16,0.5415191945806146
64,82,18,0.18,0.5463084162026643
70,85,15,0.15,0.5177633387595415
70,85,15,0.15,0.5967098808288575
52,76,24,0.24,0.5833292281627656
66,83,17,0.17,0.5699912003614008
74,87,13,0.13,0.5357394447922706
58,79,21,0.21,0.5523249669373036
60,80,20,0.2,0.5779265935719013
66,83,17,0.17,0.5425404253602027
74,87,13,0.13,0.5112356571108103
72,86,14,0.14,0.5352202703058719
60,80,20,0.2,0.5310484474897385
70,85,15,0.15,0.521582745090127
70,85,15,0.15,0.4761903791874647
80,90,10,0.1,0.5131583872437477
84,92,8,0.08,0.45670684315264226
70,85,15,0.15,0.52268445789814
80,90,10,0.1,0.456071994304657
70,85,15,0.15,0.5173208352178336
66,83,17,0.17,0.5345068407803774
52,76,24,0.24,0.5252851516753435
60,80,20,0.2,0.5142201969027519
54,77,23,0.23,0.6138511092215776
60,80,20,0.2,0.5747684913873673
70,85,15,0.15,0.547752365320921
64,82,18,0.18,0.5108123225718737
44,72,28,0.28,0.5957988314330578
62,81,19,0.19,0.5377571247518063
74,87,13,0.13,0.4898006880283356
80,90,10,0.1,0.5064076363295317
74,87,13,0.13,0.45105840906500816
56,78,22,0.22,0.500412295460701
78,89,11,0.11,0.4893595667183399
70,85,15,0.15,0.5739432495087385
56,78,22,0.22,0.48965332910418513
58,79,21,0.21,0.4944328860193491
60,80,20,0.2,0.5261470360308885
62,81,19,0.19,0.5892946523427963
58,79,21,0.21,0.5151941098272801
50,75,25,0.25,0.5190462274849414
44,72,28,0.28,0.5776364044845104
46,73,27,0.27,0.6316967982053757
62,81,19,0.19,0.5523710356652737
54,77,23,0.23,0.5256051895022392
62,81,19,0.19,0.48322097688913346
64,82,18,0.18,0.6278038567304611
76,88,12,0.12,0.5725777876656503
64,82,18,0.18,0.583787796869874
62,81,19,0.19,0.5322342417389154
68,84,16,0.16,0.5146465554088354
78,89,11,0.11,0.505229479148984
36,68,32,0.32,0.6010475046187639
44,72,28,0.28,0.6044151088595391
66,83,17,0.17,0.5593402998149395
50,75,25,0.25,0.5617036598920823
76,88,12,0.12,0.4741934624314308
54,77,23,0.23,0.5283131170645357
50,75,25,0.25,0.5843716047704219
62,81,19,0.19,0.6114791755378246
56,78,22,0.22,0.5752045953273773
50,75,25,0.25,0.672121949493885
62,81,19,0.19,0.5102525901794434
60,80,20,0.2,0.5815790044516325
68,84,16,0.16,0.554540792927146
72,86,14,0.14,0.5646164812892676
54,77,23,0.23,0.5695798407495022
80,90,10,0.1,0.5024459707736969
72,86,14,0.14,0.5607741104066372
62,81,19,0.19,0.5509897738695144
72,86,14,0.14,0.4382103191316128
68,84,16,0.16,0.5041385325789451
66,83,17,0.17,0.5047638054937125
84,92,8,0.08,0.45298624627292156
70,85,15,0.15,0.4163444375991821
54,77,23,0.23,0.5939121851325035
70,85,15,0.15,0.5289856613799929
76,88,12,0.12,0.4413842887431383
70,85,15,0.15,0.478310701623559
80,90,10,0.1,0.555247063934803
66,83,17,0.17,0.46080483093857766
58,79,21,0.21,0.4977772064507008
74,87,13,0.13,0.5258380184322595
70,85,15,0.15,0.5369634215533733
48,74,26,0.26,0.5798556834459305
64,82,18,0.18,0.5038002339005471
60,80,20,0.2,0.43406838551163673
80,90,10,0.1,0.48283000245690344
78,89,11,0.11,0.486460882127285
72,86,14,0.14,0.6130732986330986
56,78,22,0.22,0.58280841588974
58,79,21,0.21,0.5354905364476145
82,91,9,0.09,0.4448829041421413
50,75,25,0.25,0.6387667789217084
66,83,17,0.17,0.5854366847127676
72,86,14,0.14,0.48809480199590327
62,81,19,0.19,0.5305140282213688
66,83,17,0.17,0.5823318297415971
62,81,19,0.19,0.5581520351022482
96,98,2,0.02,0.4446592564880848
84,92,8,0.08,0.5790562669932843
72,86,14,0.14,0.5428600749373436
78,89,11,0.11,0.5414725421369075
74,87,13,0.13,0.42278756491839886
60,80,20,0.2,0.5604489549249411
64,82,18,0.18,0.5343082854151726
62,81,19,0.19,0.5720693302899599
56,78,22,0.22,0.5543275969475507
50,75,25,0.25,0.5752126770466566
84,92,8,0.08,0.4713876534998417
62,81,19,0.19,0.5328820444643497
48,74,26,0.26,0.580430905520916
64,82,18,0.18,0.5255245221406222
70,85,15,0.15,0.5785692007094622
54,77,23,0.23,0.47712601110339165
82,91,9,0.09,0.5633269959688186
68,84,16,0.16,0.4412211085855961
60,80,20,0.2,0.5268002723157406
76,88,12,0.12,0.4733847800642252
74,87,13,0.13,0.45692760072648525
76,88,12,0.12,0.46476920872926714
66,83,17,0.17,0.598680819272995
66,83,17,0.17,0.5194909854233265
76,88,12,0.12,0.5010490261390805
72,86,14,0.14,0.5236094922572374
64,82,18,0.18,0.5421969148516655
62,81,19,0.19,0.48637291476130484
80,90,10,0.1,0.4689207649976015
66,83,17,0.17,0.5573050701618194
80,90,10,0.1,0.4708836041390896
84,92,8,0.08,0.4762208891287446
82,91,9,0.09,0.48462145622819663
60,80,20,0.2,0.5474048225581646
72,86,14,0.14,0.4363614908605814
80,90,10,0.1,0.5018757881969214
70,85,15,0.15,0.4724591479450464
70,85,15,0.15,0.5562204243242741
56,78,22,0.22,0.4817820480465889
64,82,18,0.18,0.44415471017360686
54,77,23,0.23,0.6193055438250303
82,91,9,0.09,0.4602111032605171
76,88,12,0.12,0.4829844591766596
60,80,20,0.2,0.5482666346430779
40,70,30,0.3,0.5545478367805481
78,89,11,0.11,0.4870559982955456
66,83,17,0.17,0.4883229500800371
50,75,25,0.25,0.4459471809864044
68,84,16,0.16,0.4999421843886375
72,86,14,0.14,0.47698379795998336
56,78,22,0.22,0.5313253873586654
52,76,24,0.24,0.5520220826566219
74,87,13,0.13,0.4520345111936331
64,82,18,0.18,0.5153986569494009
58,79,21,0.21,0.5867261705547571
74,87,13,0.13,0.5317660181596875
54,77,23,0.23,0.47264045730233195
64,82,18,0.18,0.5089973640441895
76,88,12,0.12,0.4841773144155741
58,79,21,0.21,0.5130475551635026
40,70,30,0.3,0.5160314088314771
70,85,15,0.15,0.4917137988656759
76,88,12,0.12,0.4498836803436279
82,91,9,0.09,0.4700270059704781
70,85,15,0.15,0.44772134110331535
82,91,9,0.09,0.4873496600240469
68,84,16,0.16,0.4762107830122113
70,85,15,0.15,0.4559739148244262
76,88,12,0.12,0.4495850970223546
76,88,12,0.12,0.47653202872723344
76,88,12,0.12,0.47144395522773264
66,83,17,0.17,0.5550862888246775
66,83,17,0.17,0.44199197068810464
80,90,10,0.1,0.4856973711401224
74,87,13,0.13,0.49884506314992905
60,80,20,0.2,0.5669024042785168
48,74,26,0.26,0.5326861415989697
62,81,19,0.19,0.48676557779312135
76,88,12,0.12,0.5247015108913183
50,75,25,0.25,0.554760673865676
74,87,13,0.13,0.49627176582813265
76,88,12,0.12,0.4368557188659906
70,85,15,0.15,0.5170614155381918
58,79,21,0.21,0.519612161591649
74,87,13,0.13,0.5264437121897936
58,79,21,0.21,0.44719319239258765
64,82,18,0.18,0.4838827094435692
66,83,17,0.17,0.5181192899495364
50,75,25,0.25,0.4847336605191231
70,85,15,0.15,0.41357161916792395
68,84,16,0.16,0.42407596319913865
88,94,6,0.06,0.5370725010335445
78,89,11,0.11,0.4606430697441101
68,84,16,0.16,0.3766282562538981
68,84,16,0.16,0.4988577454537153
62,81,19,0.19,0.5393035540357232
70,85,15,0.15,0.4387396608665586
76,88,12,0.12,0.48965001247823237
78,89,11,0.11,0.42873598508536814
74,87,13,0.13,0.3889828958362341
82,91,9,0.09,0.38735285323113205
74,87,13,0.13,0.46861404314637184
72,86,14,0.14,0.4153542044758797
70,85,15,0.15,0.4391124806925654
52,76,24,0.24,0.424599347487092
60,80,20,0.2,0.39174955993890764
68,84,16,0.16,0.4281482272967696
68,84,16,0.16,0.4144988555461168
70,85,15,0.15,0.38203287942335007
60,80,20,0.2,0.4578618350252509
80,90,10,0.1,0.38678765404969456
78,89,11,0.11,0.469470269754529
52,76,24,0.24,0.4279886121675372
68,84,16,0.16,0.44125228278338907
84,92,8,0.08,0.4248288984596729
76,88,12,0.12,0.4605145313590765
64,82,18,0.18,0.4750575458724052
68,84,16,0.16,0.37656009182333944
66,83,17,0.17,0.5141363861784339
76,88,12,0.12,0.4695184347033501
48,74,26,0.26,0.5005784614011646
62,81,19,0.19,0.44358005659654737
52,76,24,0.24,0.4628554031252861
82,91,9,0.09,0.3714347815141082
60,80,20,0.2,0.48634689185768365
72,86,14,0.14,0.44354626968502997
86,93,7,0.07,0.38112444115802646
56,78,22,0.22,0.4278287881612778
70,85,15,0.15,0.438351510502398
54,77,23,0.23,0.5138557429052889
70,85,15,0.15,0.47048733865842224
56,78,22,0.22,0.39719222161918877
64,82,18,0.18,0.44472130220383405
50,75,25,0.25,0.5167051048204303
68,84,16,0.16,0.4744629188627005
68,84,16,0.16,0.45345263432711364
68,84,16,0.16,0.4519576495140791
70,85,15,0.15,0.47727346494793893
72,86,14,0.14,0.43474693890661004
84,92,8,0.08,0.4174661809578538
74,87,13,0.13,0.44485529329627754
58,79,21,0.21,0.4838651857152581
84,92,8,0.08,0.4129017906449735
78,89,11,0.11,0.39196852300316093
80,90,10,0.1,0.413034037463367
68,84,16,0.16,0.48232325218617916
74,87,13,0.13,0.44495394121855497
64,82,18,0.18,0.4355336065869778
86,93,7,0.07,0.3798074332997203
66,83,17,0.17,0.46719414547085764
70,85,15,0.15,0.40231656019575895
54,77,23,0.23,0.4634469165466726
56,78,22,0.22,0.4306302684545517
68,84,16,0.16,0.38630967400968075
64,82,18,0.18,0.39344939284026625
62,81,19,0.19,0.3411219439283013
60,80,20,0.2,0.3452367395162582
82,91,9,0.09,0.37015036027878523
44,72,28,0.28,0.5352699245326221
66,83,17,0.17,0.34119779950939116
66,83,17,0.17,0.3304102448374033
72,86,14,0.14,0.40830630593001843
68,84,16,0.16,0.38263604309409854
84,92,8,0.08,0.3547442592307925
70,85,15,0.15,0.326687175007537
70,85,15,0.15,0.42077549211680887
80,90,10,0.1,0.38287665946409105
66,83,17,0.17,0.3675070384517312
50,75,25,0.25,0.40804417818784716
66,83,17,0.17,0.38929465124383567
74,87,13,0.13,0.4634839923679829
78,89,11,0.11,0.40656086241826417
92,96,4,0.04,0.28182699335739014
70,85,15,0.15,0.4108801641315222
88,94,6,0.06,0.37537297753617166
74,87,13,0.13,0.42844704853370785
80,90,10,0.1,0.4435775323957205
54,77,23,0.23,0.4696528711542487
86,93,7,0.07,0.3561435028351843
80,90,10,0.1,0.4272892654314637
66,83,17,0.17,0.40379786897450687
78,89,11,0.11,0.4351431749854237
88,94,6,0.06,0.31108621090650557
58,79,21,0.21,0.5694805750250816
48,74,26,0.26,0.41480834648013115
84,92,8,0.08,0.4140788828069344
72,86,14,0.14,0.38515996892005205
70,85,15,0.15,0.4332863896712661
82,91,9,0.09,0.4165469700284302
82,91,9,0.09,0.3823463237658143
68,84,16,0.16,0.45325894087553026
62,81,19,0.19,0.3995754898712039
64,82,18,0.18,0.45535331811755897
68,84,16,0.16,0.46072113007307053
66,83,17,0.17,0.3929203536733985
66,83,17,0.17,0.4000231720134616
82,91,9,0.09,0.45369657037779687
68,84,16,0.16,0.43814775146543977
58,79,21,0.21,0.48704746428877116
76,88,12,0.12,0.4267802476882935
68,84,16,0.16,0.37870112858712673
62,81,19,0.19,0.5390824614465237
64,82,18,0.18,0.4797683472931385
62,81,19,0.19,0.47101938754320144
72,86,14,0.14,0.5123876688629388
54,77,23,0.23,0.4832935993745923
82,91,9,0.09,0.47009443294256925
72,86,14,0.14,0.4842732635885477
68,84,16,0.16,0.508982443884015
52,76,24,0.24,0.623230182826519
76,88,12,0.12,0.5139693952351808
64,82,18,0.18,0.5603797567635774
64,82,18,0.18,0.5606458109989763
66,83,17,0.17,0.5732348226010799
74,87,13,0.13,0.4764622283913195
72,86,14,0.14,0.4614333775639534
66,83,17,0.17,0.45309534572064875
56,78,22,0.22,0.5050838889554143
50,75,25,0.25,0.4150986288487911
48,74,26,0.26,0.5317752276919783
76,88,12,0.12,0.4074481263011694
50,75,25,0.25,0.4398620925843716
64,82,18,0.18,0.5329290434718132
78,89,11,0.11,0.4591970531642437
72,86,14,0.14,0.474548903144896
86,93,7,0.07,0.40492832887917757
72,86,14,0.14,0.3985547462850809
66,83,17,0.17,0.45978778243064883
62,81,19,0.19,0.5165304681658744
52,76,24,0.24,0.4534612588956952
72,86,14,0.14,0.46739942755550146
74,87,13,0.13,0.43211902655661105
72,86,14,0.14,0.511148010827601
60,80,20,0.2,0.5002781741321087
66,83,17,0.17,0.5025391680747271
86,93,7,0.07,0.4483144474774599
68,84,16,0.16,0.4857656801491976
68,84,16,0.16,0.5247788846492767
72,86,14,0.14,0.4826478298008442
76,88,12,0.12,0.3937088785693049
66,83,17,0.17,0.5564852605760098
68,84,16,0.16,0.48994159400463105
82,91,9,0.09,0.4066498013585806
74,87,13,0.13,0.5112625078111886
60,80,20,0.2,0.5319513887912035
68,84,16,0.16,0.44858217909932135
70,85,15,0.15,0.48103167496621607
70,85,15,0.15,0.5484847985953093
78,89,11,0.11,0.4707293839752674
56,78,22,0.22,0.4696223782747984
70,85,15,0.15,0.4232548850774765
70,85,15,0.15,0.5553121468052268
82,91,9,0.09,0.4202975565940142
74,87,13,0.13,0.45926910400390625
72,86,14,0.14,0.4475253434665501
74,87,13,0.13,0.4558656325936317
70,85,15,0.15,0.48812903158366683
70,85,15,0.15,0.45656774085015056
52,76,24,0.24,0.5238995771110058
76,88,12,0.12,0.45379505544900894
76,88,12,0.12,0.46874179363250734
56,78,22,0.22,0.567001937031746
64,82,18,0.18,0.5583171949535608
78,89,11,0.11,0.4695798898488283
90,95,5,0.05,0.4233758941292763
74,87,13,0.13,0.5559161605685949
68,84,16,0.16,0.5136455690860748
56,78,22,0.22,0.5238751551508903
82,91,9,0.09,0.4064725562557578
56,78,22,0.22,0.515832908898592
70,85,15,0.15,0.5503887040913105
72,86,14,0.14,0.5127449625730515
62,81,19,0.19,0.4972173712402582
70,85,15,0.15,0.5258970987051725
72,86,14,0.14,0.5490809291601181
62,81,19,0.19,0.5143149205297232
68,84,16,0.16,0.5162131245434284
72,86,14,0.14,0.5050084320828319
72,86,14,0.14,0.49815339140594006
66,83,17,0.17,0.4487649244628847
78,89,11,0.11,0.5126333971321583
46,73,27,0.27,0.5225115003436804
86,93,7,0.07,0.4235199377126992
78,89,11,0.11,0.5175664189457894
60,80,20,0.2,0.4911856558546424
56,78,22,0.22,0.5749401175975799
78,89,11,0.11,0.459413588643074
70,85,15,0.15,0.5147814887017012
66,83,17,0.17,0.531431293040514
64,82,18,0.18,0.5479978478699923
78,89,11,0.11,0.3883277663215995
72,86,14,0.14,0.403466177508235
70,85,15,0.15,0.4029308604449034
60,80,20,0.2,0.4566362703591585
54,77,23,0.23,0.4611239179968834
80,90,10,0.1,0.473003927282989
86,93,7,0.07,0.4419721142947674
66,83,17,0.17,0.5334860744327307
70,85,15,0.15,0.43780121181160214
86,93,7,0.07,0.4660225621238351
50,75,25,0.25,0.5605904542654753
80,90,10,0.1,0.4722782616689801
80,90,10,0.1,0.4707364796102047
84,92,8,0.08,0.4065954247862101
72,86,14,0.14,0.5095050672441721
70,85,15,0.15,0.461626625135541
92,96,4,0.04,0.4240238385647535
74,87,13,0.13,0.43602190680801867
80,90,10,0.1,0.4480129934847355
78,89,11,0.11,0.4564122149348259
66,83,17,0.17,0.4693714914470911
78,89,11,0.11,0.45599360279738904
72,86,14,0.14,0.4834661035239696
82,91,9,0.09,0.43278845109045505
68,84,16,0.16,0.5719781213253736
66,83,17,0.17,0.5442494015395641
78,89,11,0.11,0.4955701208114624
58,79,21,0.21,0.5108785835653543
70,85,15,0.15,0.580395882576704
66,83,17,0.17,0.5117117470502853
70,85,15,0.15,0.5260883093997836
52,76,24,0.24,0.5849796883761883
80,90,10,0.1,0.510148878544569
70,85,15,0.15,0.5283838072419167
54,77,23,0.23,0.521896351724863
56,78,22,0.22,0.5260497231036425
68,84,16,0.16,0.6341055558994413
56,78,22,0.22,0.6111575718969107
48,74,26,0.26,0.5604846483469009
68,84,16,0.16,0.5654218209534884
90,95,5,0.05,0.45837090820074083
64,82,18,0.18,0.6056550151109695
66,83,17,0.17,0.6399127390235663
70,85,15,0.15,0.5912207775563002
64,82,18,0.18,0.5563591709733009
62,81,19,0.19,0.5514935307204724
62,81,19,0.19,0.6470815704762936
66,83,17,0.17,0.6621272929012776
60,80,20,0.2,0.5884234283864498
60,80,20,0.2,0.6228860972821713
74,87,13,0.13,0.5931579174101352
78,89,11,0.11,0.6158658812940121
78,89,11,0.11,0.5371265868097543
72,86,14,0.14,0.6166506502777338
66,83,17,0.17,0.5845642314851284
68,84,16,0.16,0.6368230400979519
74,87,13,0.13,0.5313169220089913
66,83,17,0.17,0.609688363969326
64,82,18,0.18,0.5849841965734959
66,83,17,0.17,0.6104263593256474
70,85,15,0.15,0.5390331347286701
56,78,22,0.22,0.5961753314733506
66,83,17,0.17,0.6295207153260708
52,76,24,0.24,0.6147438365221024
66,83,17,0.17,0.5597177942097187
66,83,17,0.17,0.6051986120641232
74,87,13,0.13,0.6177670377492904
58,79,21,0.21,0.5872651532292366
64,82,18,0.18,0.5724215872585774
66,83,17,0.17,0.5577004134654999
72,86,14,0.14,0.5185675263404846
76,88,12,0.12,0.5626609408855439
82,91,9,0.09,0.5284228099882603
78,89,11,0.11,0.6191581053286791
86,93,7,0.07,0.5434019987285137
60,80,20,0.2,0.5602893950045109
68,84,16,0.16,0.573218637406826
68,84,16,0.16,0.5863405382633209
76,88,12,0.12,0.5686061069369316
76,88,12,0.12,0.5353675739467144
54,77,23,0.23,0.6826298588514328
82,91,9,0.09,0.5839226274937391
68,84,16,0.16,0.6006627701222896
54,77,23,0.23,0.6028103566169739
54,77,23,0.23,0.7085938358306885
62,81,19,0.19,0.6059490901231765
74,87,13,0.13,0.6142072688043118
68,84,16,0.16,0.6021454322338105
74,87,13,0.13,0.6779400049149991
80,90,10,0.1,0.5908748504519462
68,84,16,0.16,0.6053672108054161
64,82,18,0.18,0.5495933316648006
68,84,16,0.16,0.5916270799934864
66,83,17,0.17,0.6016122165322304
44,72,28,0.28,0.6713644856214523
60,80,20,0.2,0.6313055425882339
68,84,16,0.16,0.5709457610547543
62,81,19,0.19,0.6015323928743601
58,79,21,0.21,0.6366238348186016
68,84,16,0.16,0.6063343973457813
58,79,21,0.21,0.6479951491951943
62,81,19,0.19,0.5469311998784542
66,83,17,0.17,0.6461677254736423
78,89,11,0.11,0.5449340938031674
56,78,22,0.22,0.6488901217281818
66,83,17,0.17,0.6818636943399906
56,78,22,0.22,0.6537591589987278
80,90,10,0.1,0.5250610949099064
66,83,17,0.17,0.559307923167944
78,89,11,0.11,0.6008559995889664
76,88,12,0.12,0.4861155784130096
58,79,21,0.21,0.5522623047232628
72,86,14,0.14,0.5691143842041493
74,87,13,0.13,0.5360577613860369
82,91,9,0.09,0.6070679087936878
72,86,14,0.14,0.5812951181828976
66,83,17,0.17,0.5983612467348576
60,80,20,0.2,0.5993300555646419
62,81,19,0.19,0.6339614923298359
68,84,16,0.16,0.5801924625039101
64,82,18,0.18,0.6452023586630822
68,84,16,0.16,0.6022176392376423
66,83,17,0.17,0.5531310527026654
64,82,18,0.18,0.5617916928231717
78,89,11,0.11,0.5511924846470356
44,72,28,0.28,0.639419439136982
68,84,16,0.16,0.510847092717886
58,79,21,0.21,0.5529099789261818
70,85,15,0.15,0.5771805089712143
58,79,21,0.21,0.5876794803142548
62,81,19,0.19,0.6255292205512524
72,86,14,0.14,0.5970386712253094
56,78,22,0.22,0.5432690371572971
72,86,14,0.14,0.5799643416702748
54,77,23,0.23,0.6692611783742904
76,88,12,0.12,0.5530372822284698
80,90,10,0.1,0.5893043285608291
68,84,16,0.16,0.5631103257834912
64,82,18,0.18,0.5838938075304031
52,76,24,0.24,0.670593262463808
76,88,12,0.12,0.6233269400894642
86,93,7,0.07,0.5658068750798703
78,89,11,0.11,0.5601519398391247
46,73,27,0.27,0.6275709111988544
76,88,12,0.12,0.610513755530119
72,86,14,0.14,0.5269960223138332
60,80,20,0.2,0.5517532221972943
58,79,21,0.21,0.6748330695927143
70,85,15,0.15,0.5571414197981358
62,81,19,0.19,0.6263135069608688
64,82,18,0.18,0.6249219474196434
58,79,21,0.21,0.6363880176842213
76,88,12,0.12,0.6530217579007149
52,76,24,0.24,0.6467841601371765
74,87,13,0.13,0.6577240952849388
68,84,16,0.16,0.6501341810822487
72,86,14,0.14,0.6314471377432347
74,87,13,0.13,0.6187752236425876
78,89,11,0.11,0.5712406378984451
72,86,14,0.14,0.6508239722251892
62,81,19,0.19,0.6029269976913929
74,87,13,0.13,0.6093315622210502
50,75,25,0.25,0.6594363233447075
58,79,21,0.21,0.6753582561016083
74,87,13,0.13,0.6886560021340847
50,75,25,0.25,0.7331948335468769
70,85,15,0.15,0.6960889902710915
58,79,21,0.21,0.569486821591854
74,87,13,0.13,0.6534660816192627
70,85,15,0.15,0.6182548747956753
70,85,15,0.15,0.7296693819761276
56,78,22,0.22,0.6592102223634719
78,89,11,0.11,0.6335306951403618
62,81,19,0.19,0.6533039343357087
66,83,17,0.17,0.6906161713600159
76,88,12,0.12,0.6688186480104923
58,79,21,0.21,0.7121354982256889
60,80,20,0.2,0.7283627372980118
68,84,16,0.16,0.7039423310756683
72,86,14,0.14,0.6645681720972061
52,76,24,0.24,0.678537477850914
80,90,10,0.1,0.6620527723431587
60,80,20,0.2,0.715760546028614
60,80,20,0.2,0.7226534616947174
60,80,20,0.2,0.7258775067329407
68,84,16,0.16,0.6797345024347305
72,86,14,0.14,0.6937756215035915
76,88,12,0.12,0.7483548471331596
68,84,16,0.16,0.6658451619744301
64,82,18,0.18,0.7255636954307556
62,81,19,0.19,0.7290522852540016
76,88,12,0.12,0.6553137695789337
78,89,11,0.11,0.6510779616236687
76,88,12,0.12,0.7004471576213837
56,78,22,0.22,0.692395341694355
58,79,21,0.21,0.7161511635780334
68,84,16,0.16,0.6691908875107765
52,76,24,0.24,0.7920862212777138
70,85,15,0.15,0.7642594629526138
56,78,22,0.22,0.7510246855020523
58,79,21,0.21,0.7314883548021317
60,80,20,0.2,0.6997311232984066
66,83,17,0.17,0.7311459067463875
56,78,22,0.22,0.7487892229855061
82,91,9,0.09,0.6288175931572915
66,83,17,0.17,0.6684640169143676
74,87,13,0.13,0.6318726822733879
68,84,16,0.16,0.6902100571990013
50,75,25,0.25,0.6381770280003548
62,81,19,0.19,0.6663653767108917
66,83,17,0.17,0.6140527300536632
64,82,18,0.18,0.634556080698967
68,84,16,0.16,0.6591150796413422
64,82,18,0.18,0.6742286896705627
60,80,20,0.2,0.6986942237615585
80,90,10,0.1,0.6386005267500877
64,82,18,0.18,0.6457797193527222
76,88,12,0.12,0.5671416547894478
72,86,14,0.14,0.6479391571879387
70,85,15,0.15,0.6461847332119942
64,82,18,0.18,0.7122900432348251
62,81,19,0.19,0.6428067250549794
68,84,16,0.16,0.6288830932974815
66,83,17,0.17,0.6347460833191871
68,84,16,0.16,0.6312747718393803
72,86,14,0.14,0.5825832654535771
42,71,29,0.29,0.6953776130080223
78,89,11,0.11,0.5426103243231774
70,85,15,0.15,0.6528765293955803
72,86,14,0.14,0.6552437509596348
72,86,14,0.14,0.6077285259962082
58,79,21,0.21,0.5956636340916157
60,80,20,0.2,0.604833129644394
68,84,16,0.16,0.5745252840220928
78,89,11,0.11,0.46965711906552315
74,87,13,0.13,0.6311421555280685
76,88,12,0.12,0.571564951390028
48,74,26,0.26,0.6399347591400146
60,80,20,0.2,0.61705899938941
64,82,18,0.18,0.5774253283441066
62,81,19,0.19,0.6101185445487499
60,80,20,0.2,0.606950333416462
54,77,23,0.23,0.5950495572388173
56,78,22,0.22,0.6594577912986278
48,74,26,0.26,0.6904799717664719
82,91,9,0.09,0.586374142318964
68,84,16,0.16,0.6002761889994145
68,84,16,0.16,0.6270561653375626
68,84,16,0.16,0.5691520783305168
58,79,21,0.21,0.6047481194138526
70,85,15,0.15,0.608657940402627
80,90,10,0.1,0.6213896974921227
96,98,2,0.02,0.5125500576198101
62,81,19,0.19,0.604544083327055
64,82,18,0.18,0.622884854376316
68,84,16,0.16,0.5035996079444885
66,83,17,0.17,0.5633615668118
64,82,18,0.18,0.6381520915031433
52,76,24,0.24,0.5926772210747003
76,88,12,0.12,0.6009828256070614
54,77,23,0.23,0.6193035534024238
62,81,19,0.19,0.6442079319804906
68,84,16,0.16,0.5896320681273938
78,89,11,0.11,0.5014184591174126
64,82,18,0.18,0.574277392923832
72,86,14,0.14,0.5465848218649626
64,82,18,0.18,0.5569613781571389
60,80,20,0.2,0.5686913823336363
82,91,9,0.09,0.5680723180994391
80,90,10,0.1,0.5418409524857998
68,84,16,0.16,0.595305216871202
70,85,15,0.15,0.59687464825809
70,85,15,0.15,0.5740622539818286
76,88,12,0.12,0.5395743209123611
70,85,15,0.15,0.5152684384584427
74,87,13,0.13,0.6074927704036236
72,86,14,0.14,0.5123514372110367
70,85,15,0.15,0.6125240138173104
72,86,14,0.14,0.5461962558329105
56,78,22,0.22,0.6155254410207271
80,90,10,0.1,0.5929695884883404
58,79,21,0.21,0.5885455211997033
62,81,19,0.19,0.6061217170953751
62,81,19,0.19,0.5234090403467416
90,95,5,0.05,0.5361336980946362
66,83,17,0.17,0.516654526591301
64,82,18,0.18,0.6034720136225223
62,81,19,0.19,0.5060508217662573
56,78,22,0.22,0.5635237659513951
66,83,17,0.17,0.5411731972545385
60,80,20,0.2,0.6403542850911618
62,81,19,0.19,0.563535663112998
72,86,14,0.14,0.565990992039442
56,78,22,0.22,0.5776852564513684
70,85,15,0.15,0.5110621320456267
70,85,15,0.15,0.5913287664949894
78,89,11,0.11,0.6119811950623989
48,74,26,0.26,0.6473895095288753
64,82,18,0.18,0.5508698816597462
74,87,13,0.13,0.6529650895297527
70,85,15,0.15,0.6000890892744064
60,80,20,0.2,0.627062576264143
60,80,20,0.2,0.5607579861581325
72,86,14,0.14,0.563485912270844
76,88,12,0.12,0.5292958881705999
70,85,15,0.15,0.5443196147680283
66,83,17,0.17,0.5565688569843769
78,89,11,0.11,0.5858807471394539
80,90,10,0.1,0.5268847142159939
64,82,18,0.18,0.5698660995066166
54,77,23,0.23,0.5867496830224991
66,83,17,0.17,0.5263016445934773
74,87,13,0.13,0.5832850896567107
50,75,25,0.25,0.6769959600269795
64,82,18,0.18,0.5175109587609767
68,84,16,0.16,0.604300484135747
50,75,25,0.25,0.5547274042665958
64,82,18,0.18,0.5935796467959881
64,82,18,0.18,0.60560079023242
76,88,12,0.12,0.5486700425297022
72,86,14,0.14,0.537214498668909
72,86,14,0.14,0.568167961537838
78,89,11,0.11,0.4850955954194069
54,77,23,0.23,0.536458692997694
62,81,19,0.19,0.5657806190103293
66,83,17,0.17,0.5340671745687723
60,80,20,0.2,0.5822856466472149
76,88,12,0.12,0.6160719729959965
66,83,17,0.17,0.549330390393734
72,86,14,0.14,0.5524309054762125
74,87,13,0.13,0.5036506655812264
62,81,19,0.19,0.5582583703100681
70,85,15,0.15,0.5513263879716397
74,87,13,0.13,0.5314421312510967
68,84,16,0.16,0.49926832869648935
62,81,19,0.19,0.5477057711780071
70,85,15,0.15,0.5380966551601887
74,87,13,0.13,0.5517633585631847
76,88,12,0.12,0.5622224675491452
72,86,14,0.14,0.4589507566392422
70,85,15,0.15,0.4664746178686619
80,90,10,0.1,0.5026461493223906
86,93,7,0.07,0.4954188251495361
56,78,22,0.22,0.58509745888412
76,88,12,0.12,0.5413634876906872
72,86,14,0.14,0.47142828643321993
60,80,20,0.2,0.4822258062660694
58,79,21,0.21,0.578335216678679
82,91,9,0.09,0.5018895280361175
70,85,15,0.15,0.49647294856607915
68,84,16,0.16,0.5286859395354986
80,90,10,0.1,0.5050714382529259
80,90,10,0.1,0.5004520835727453
66,83,17,0.17,0.5682546226680278
74,87,13,0.13,0.43024963900446894
82,91,9,0.09,0.4411275715380907
74,87,13,0.13,0.4819429940730333
68,84,16,0.16,0.5577263729274273
68,84,16,0.16,0.4466147592663765
70,85,15,0.15,0.416202948493883
66,83,17,0.17,0.5370233540982008
66,83,17,0.17,0.4577489874884486
62,81,19,0.19,0.4742941398173571
76,88,12,0.12,0.49352982185781
68,84,16,0.16,0.5051107065007091
80,90,10,0.1,0.470549952685833
84,92,8,0.08,0.47321559514850375
88,94,6,0.06,0.40281643211841583
60,80,20,0.2,0.5061072221398354
60,80,20,0.2,0.47543180532753465
68,84,16,0.16,0.5602604360878467
74,87,13,0.13,0.4516614359617233
76,88,12,0.12,0.4655561017245054
64,82,18,0.18,0.50703365072608
66,83,17,0.17,0.4699294503033161
72,86,14,0.14,0.4505511441454291
76,88,12,0.12,0.4242094285786152
80,90,10,0.1,0.3871082154661417
78,89,11,0.11,0.42019109558314083
64,82,18,0.18,0.5140727757662534
88,94,6,0.06,0.3480474024266005
84,92,8,0.08,0.3942953417822719
92,96,4,0.04,0.4174785319715738
80,90,10,0.1,0.35509184300899505
78,89,11,0.11,0.38163162522017957
78,89,11,0.11,0.42655812196433546
68,84,16,0.16,0.38249918397516014
72,86,14,0.14,0.38092709191143515
64,82,18,0.18,0.45205189384520056
80,90,10,0.1,0.3958191039785743
78,89,11,0.11,0.4578182335570455
80,90,10,0.1,0.34730581963434815
80,90,10,0.1,0.41385981675237415
80,90,10,0.1,0.34673306364566087
54,77,23,0.23,0.3590285243745893
68,84,16,0.16,0.3525994202680886
68,84,16,0.16,0.48585086852312087
60,80,20,0.2,0.46000406093895435
70,85,15,0.15,0.38638783026486634
58,79,21,0.21,0.36633466674014925
64,82,18,0.18,0.37590621176175776
56,78,22,0.22,0.44167849503457546
74,87,13,0.13,0.3625250957161188
60,80,20,0.2,0.48834295459091664
66,83,17,0.17,0.35864453521557155
38,69,31,0.31,0.4684850013256073
70,85,15,0.15,0.4118088899552822
70,85,15,0.15,0.3887336004560348
64,82,18,0.18,0.476100745908916
74,87,13,0.13,0.37973397586494684
62,81,19,0.19,0.35806486343964933
60,80,20,0.2,0.5025911561399699
62,81,19,0.19,0.3913272650539875
66,83,17,0.17,0.4079648111015558
46,73,27,0.27,0.3983047661744058
52,76,24,0.24,0.5283841292560101
54,77,23,0.23,0.39767495954409243
72,86,14,0.14,0.35007987208664415
68,84,16,0.16,0.3353736498951912
62,81,19,0.19,0.47503232058137657
86,93,7,0.07,0.4064788288809359
44,72,28,0.28,0.4331892763078213
76,88,12,0.12,0.4886518493667245
76,88,12,0.12,0.34022559964098037
64,82,18,0.18,0.37359713211655615
64,82,18,0.18,0.4526449405401945
56,78,22,0.22,0.4085610540211201
82,91,9,0.09,0.354754108376801
70,85,15,0.15,0.31742360144853593
78,89,11,0.11,0.41160444300621746
66,83,17,0.17,0.40152785401791335
56,78,22,0.22,0.42499521939083934
54,77,23,0.23,0.3709702678397298
42,71,29,0.29,0.42507653949782254
74,87,13,0.13,0.34795104024000467
56,78,22,0.22,0.4029171333834529
54,77,23,0.23,0.4153943310305476
74,87,13,0.13,0.3644109201431274
68,84,16,0.16,0.36873715098947285
62,81,19,0.19,0.4566080974554643
54,77,23,0.23,0.35158583655953407
66,83,17,0.17,0.45302227027714254
62,81,19,0.19,0.42131033025681974
68,84,16,0.16,0.4403107090294361
76,88,12,0.12,0.288485398683697
50,75,25,0.25,0.4267269578948617
54,77,23,0.23,0.41602052241563797
82,91,9,0.09,0.3302662759460509
66,83,17,0.17,0.4368670046329498
72,86,14,0.14,0.364046441745013
72,86,14,0.14,0.38891602035611866
80,90,10,0.1,0.3829499640315771
78,89,11,0.11,0.3919388652569614
72,86,14,0.14,0.33357648553326724
74,87,13,0.13,0.4112401291355491
66,83,17,0.17,0.36610108958557247
56,78,22,0.22,0.36726991035044193
70,85,15,0.15,0.32991713963449
80,90,10,0.1,0.3809541206806898
70,85,15,0.15,0.36407525232061744
76,88,12,0.12,0.4223147978261113
76,88,12,0.12,0.3137630472704768
68,84,16,0.16,0.36188785307109356
60,80,20,0.2,0.33854230217635634
80,90,10,0.1,0.37519941754639147
60,80,20,0.2,0.34380324311554433
78,89,11,0.11,0.374427473731339
76,88,12,0.12,0.33549108445644377
72,86,14,0.14,0.3425214044377208
74,87,13,0.13,0.41487944846972824
82,91,9,0.09,0.321157261505723
72,86,14,0.14,0.3744487198628485
52,76,24,0.24,0.40353667836636303
74,87,13,0.13,0.3175829339586198
66,83,17,0.17,0.45116634722799065
76,88,12,0.12,0.3845118754566647
70,85,15,0.15,0.41752641782164573
74,87,13,0.13,0.4034850835800171
62,81,19,0.19,0.48486044198274614
72,86,14,0.14,0.44115101965144277
80,90,10,0.1,0.3455342624336481
38,69,31,0.31,0.5162879413738847
74,87,13,0.13,0.4510757952928543
64,82,18,0.18,0.4234642716497183
58,79,21,0.21,0.4536034145206213
60,80,20,0.2,0.4748068948090076
64,82,18,0.18,0.42291542768478396
84,92,8,0.08,0.36437943214550617
70,85,15,0.15,0.4433671736717224
66,83,17,0.17,0.4278172219544649
74,87,13,0.13,0.39338485453277827
36,68,32,0.32,0.48550089441239835
84,92,8,0.08,0.46878677513450384
50,75,25,0.25,0.46643395617604255
78,89,11,0.11,0.40855431554839017
56,78,22,0.22,0.45174028232693675
78,89,11,0.11,0.4009061707556248
64,82,18,0.18,0.5219796524196864
90,95,5,0.05,0.4004896282032132
74,87,13,0.13,0.33722694896161554
74,87,13,0.13,0.4281901507824659
68,84,16,0.16,0.4217720925062895
66,83,17,0.17,0.4526019385457039
76,88,12,0.12,0.41919603645801545
66,83,17,0.17,0.3782226686179638
72,86,14,0.14,0.483547531850636
64,82,18,0.18,0.4352358836680651
56,78,22,0.22,0.4761418657749891
64,82,18,0.18,0.427966193407774
66,83,17,0.17,0.45921393282711503
74,87,13,0.13,0.36339780561625956
64,82,18,0.18,0.4515697740763426
70,85,15,0.15,0.3737768151238561
78,89,11,0.11,0.43297831460833547
82,91,9,0.09,0.4693015044927597
70,85,15,0.15,0.46761506125330926
44,72,28,0.28,0.5268322008848191
76,88,12,0.12,0.4101322019100189
58,79,21,0.21,0.40840392984449864
68,84,16,0.16,0.46646820835769176
58,79,21,0.21,0.45656301841139796
62,81,19,0.19,0.4174039199203253
64,82,18,0.18,0.5016159668564797
64,82,18,0.18,0.4245669762417674
64,82,18,0.18,0.5168332740664482
60,80,20,0.2,0.4698457681387663
88,94,6,0.06,0.42407548405230044
76,88,12,0.12,0.38405397690832616
58,79,21,0.21,0.42002937268465756
72,86,14,0.14,0.39257173411548135
82,91,9,0.09,0.43801528893411157
62,81,19,0.19,0.40897445324808357
80,90,10,0.1,0.4140969481691718
78,89,11,0.11,0.4832737594097853
58,79,21,0.21,0.4024587069451809
70,85,15,0.15,0.45634063728153706
74,87,13,0.13,0.4567594593018293
64,82,18,0.18,0.4627650582417846
56,78,22,0.22,0.45663162976503374
70,85,15,0.15,0.4275285281985998
68,84,16,0.16,0.4394649469386786
64,82,18,0.18,0.5112927413731814
60,80,20,0.2,0.47236400458961725
64,82,18,0.18,0.4479721961915493
68,84,16,0.16,0.5404696992412209
76,88,12,0.12,0.508923784866929
80,90,10,0.1,0.4394370813667774
70,85,15,0.15,0.46251604445278643
66,83,17,0.17,0.476781135648489
66,83,17,0.17,0.45329317823052406
80,90,10,0.1,0.4186214040964842
66,83,17,0.17,0.5264807545393705
68,84,16,0.16,0.47957679476588966
84,92,8,0.08,0.3642040508240461
84,92,8,0.08,0.4492838604748249
74,87,13,0.13,0.5053471068292856
62,81,19,0.19,0.4233898089826107
52,76,24,0.24,0.5099790242686868
66,83,17,0.17,0.5108386162668467
66,83,17,0.17,0.4293730659037828
50,75,25,0.25,0.4415355788171291
60,80,20,0.2,0.43507479920983316
52,76,24,0.24,0.4102044367045164
72,86,14,0.14,0.47952159635722635
66,83,17,0.17,0.4722929273545742
76,88,12,0.12,0.443327082246542
50,75,25,0.25,0.4952204170450568
74,87,13,0.13,0.40344371322542427
70,85,15,0.15,0.5085464207828045
88,94,6,0.06,0.47090810984373094
58,79,21,0.21,0.48242295753210784
80,90,10,0.1,0.424271782413125
58,79,21,0.21,0.5203998095169663
78,89,11,0.11,0.443438665792346
66,83,17,0.17,0.48300463140010835
72,86,14,0.14,0.3953591435402632
80,90,10,0.1,0.4391752115637064
72,86,14,0.14,0.43041438780725
72,86,14,0.14,0.48906708631664514
66,83,17,0.17,0.5422627267241478
76,88,12,0.12,0.46086019068956374
58,79,21,0.21,0.44686350151896476
60,80,20,0.2,0.4604221746325493
68,84,16,0.16,0.48636442705988886
72,86,14,0.14,0.4942943775653839
70,85,15,0.15,0.5133982317149639
74,87,13,0.13,0.4608150812610984
60,80,20,0.2,0.6309018930047751
78,89,11,0.11,0.49824873335659503
70,85,15,0.15,0.4015685420483351
60,80,20,0.2,0.44036851890385154
68,84,16,0.16,0.4991949498653412
68,84,16,0.16,0.4359141368418932
82,91,9,0.09,0.4523367219045758
74,87,13,0.13,0.4489734990894794
76,88,12,0.12,0.43928162336349486
80,90,10,0.1,0.4620080424845219
70,85,15,0.15,0.45319229893386365
80,90,10,0.1,0.5368987582623959
68,84,16,0.16,0.4796037871390581
66,83,17,0.17,0.4405240251123905
66,83,17,0.17,0.4762646435201168
74,87,13,0.13,0.46083499751985074
76,88,12,0.12,0.4225097151100636
86,93,7,0.07,0.3520104307681322
62,81,19,0.19,0.45015164464712143
66,83,17,0.17,0.4484478645026684
62,81,19,0.19,0.5547052402235567
72,86,14,0.14,0.39412590600550174
58,79,21,0.21,0.4146720687299967
72,86,14,0.14,0.4703283692523837
68,84,16,0.16,0.44053758956491945
66,83,17,0.17,0.4230527579411864
76,88,12,0.12,0.41724220037460324
74,87,13,0.13,0.3574846866726875
66,83,17,0.17,0.4721612422354519
70,85,15,0.15,0.48108770295977593
72,86,14,0.14,0.47431737057864665
56,78,22,0.22,0.5027031391859055
72,86,14,0.14,0.4212230549007654
82,91,9,0.09,0.38857931457459927
58,79,21,0.21,0.5371778272092342
58,79,21,0.21,0.42717228189110756
66,83,17,0.17,0.47737780660390855
74,87,13,0.13,0.4974018765985966
68,84,16,0.16,0.4717395890504122
76,88,12,0.12,0.4317477148026228
64,82,18,0.18,0.5513502828776836
56,78,22,0.22,0.5142404843866825
64,82,18,0.18,0.4884597231820226
74,87,13,0.13,0.44009928561747075
66,83,17,0.17,0.5068726709485054
64,82,18,0.18,0.4884346463903785
70,85,15,0.15,0.47605916317552327
58,79,21,0.21,0.4904716895520687
72,86,14,0.14,0.41711468260735274
56,78,22,0.22,0.45555618867278097
78,89,11,0.11,0.4685205405205488
84,92,8,0.08,0.36088285125792025
74,87,13,0.13,0.41110671527683734
58,79,21,0.21,0.5633070031553506
66,83,17,0.17,0.509195082038641
62,81,19,0.19,0.5013478760421276
66,83,17,0.17,0.4102753068879247
78,89,11,0.11,0.5026432426273822
66,83,17,0.17,0.4258822550624609
72,86,14,0.14,0.47598830789327623
82,91,9,0.09,0.3987063633650541
80,90,10,0.1,0.4258126501739025
62,81,19,0.19,0.45437303818762304
72,86,14,0.14,0.4697755502164364
74,87,13,0.13,0.43897538252174856
72,86,14,0.14,0.4625858005881309
68,84,16,0.16,0.5151877145469189
80,90,10,0.1,0.48996573261916637
66,83,17,0.17,0.4526037769764662
66,83,17,0.17,0.5428992530703545
62,81,19,0.19,0.5651050145179033
64,82,18,0.18,0.501824759170413
80,90,10,0.1,0.48905073165893553
58,79,21,0.21,0.5256244632601738
66,83,17,0.17,0.5939548274874688
60,80,20,0.2,0.5290607231855392
74,87,13,0.13,0.46498497650027276
70,85,15,0.15,0.47278550021350385
72,86,14,0.14,0.5885913579165936
66,83,17,0.17,0.516900799870491
72,86,14,0.14,0.5461005052924156
80,90,10,0.1,0.4464484702795744
62,81,19,0.19,0.4794932396709919
68,84,16,0.16,0.5227274994552136
60,80,20,0.2,0.5333667972683906
74,87,13,0.13,0.4811232252418995
68,84,16,0.16,0.5462719444930554
64,82,18,0.18,0.5834993225336075
76,88,12,0.12,0.4893089288473129
74,87,13,0.13,0.5148706842958927
76,88,12,0.12,0.5500546327233314
76,88,12,0.12,0.5610254503041506
76,88,12,0.12,0.5103145976364613
58,79,21,0.21,0.538309299647808
64,82,18,0.18,0.5401053409278392
72,86,14,0.14,0.5578520579636097
72,86,14,0.14,0.529257992208004
52,76,24,0.24,0.5988209524750709
78,89,11,0.11,0.5623299281299114
62,81,19,0.19,0.5889584809541702
58,79,21,0.21,0.5774583654105663
62,81,19,0.19,0.6354676583409309
64,82,18,0.18,0.5373165069520474
66,83,17,0.17,0.5839044113457202
78,89,11,0.11,0.6056352622807026
56,78,22,0.22,0.6304322303831578
60,80,20,0.2,0.6264688956737519
68,84,16,0.16,0.6202904869616032
74,87,13,0.13,0.5792277976870537
56,78,22,0.22,0.6472266659140586
72,86,14,0.14,0.6129341790080071
70,85,15,0.15,0.6260917788743973
68,84,16,0.16,0.586403266042471
48,74,26,0.26,0.6688814404606819
74,87,13,0.13,0.6011124822497368
66,83,17,0.17,0.6101469656825066
66,83,17,0.17,0.6397470511496067
74,87,13,0.13,0.6716339999437332
70,85,15,0.15,0.6436663076281548
56,78,22,0.22,0.6929449515044689
58,79,21,0.21,0.6218884447216988
64,82,18,0.18,0.643078598678112
58,79,21,0.21,0.6994823223352432
84,92,8,0.08,0.5667044162750244
68,84,16,0.16,0.653806348145008
62,81,19,0.19,0.6334452478587628
74,87,13,0.13,0.6546591791510582
70,85,15,0.15,0.6277425429224968
64,82,18,0.18,0.6697238141298294
66,83,17,0.17,0.7230725082755088
64,82,18,0.18,0.6354016369581222
64,82,18,0.18,0.6991859683394432
60,80,20,0.2,0.7479440131783486
66,83,17,0.17,0.684412592947483
84,92,8,0.08,0.6888917994499206
56,78,22,0.22,0.6868525385856629
44,72,28,0.28,0.739985218346119
58,79,21,0.21,0.7214800754189491
68,84,16,0.16,0.6860755425691605
58,79,21,0.21,0.7053658160567283
58,79,21,0.21,0.7431760194897652
74,87,13,0.13,0.6796927547454834
66,83,17,0.17,0.6353202268481255
74,87,13,0.13,0.6689838495850563
48,74,26,0.26,0.7409758749604225
62,81,19,0.19,0.6942793133854867
70,85,15,0.15,0.6945111820101738
54,77,23,0.23,0.7341176059842109
74,87,13,0.13,0.6502305939793587
56,78,22,0.22,0.7209269106388092
42,71,29,0.29,0.732422550022602
70,85,15,0.15,0.6931116789579391
72,86,14,0.14,0.668269788324833
50,75,25,0.25,0.701570453941822
64,82,18,0.18,0.676214242875576
64,82,18,0.18,0.6658747607469558
72,86,14,0.14,0.6816770732402802
60,80,20,0.2,0.6640141460299492
78,89,11,0.11,0.6294123136997223
72,86,14,0.14,0.6867626494169236
56,78,22,0.22,0.7048369473218918
68,84,16,0.16,0.6629261240363121
58,79,21,0.21,0.6977086696028709
68,84,16,0.16,0.7052678284049034
60,80,20,0.2,0.6531818196177482
58,79,21,0.21,0.6665704998373986
62,81,19,0.19,0.6669773668050766
60,80,20,0.2,0.6404903423786164
76,88,12,0.12,0.6415293037891387
62,81,19,0.19,0.6491671457886696
72,86,14,0.14,0.6502011194825172
66,83,17,0.17,0.6682513980567455
66,83,17,0.17,0.6436758282780647
68,84,16,0.16,0.6864800417423248
58,79,21,0.21,0.6147937639057637
68,84,16,0.16,0.6837991958856583
56,78,22,0.22,0.6073343935608864
72,86,14,0.14,0.5517037081718444
66,83,17,0.17,0.6214999288320542
60,80,20,0.2,0.6438670709729195
54,77,23,0.23,0.6619090276956558
70,85,15,0.15,0.5787069138884544
76,88,12,0.12,0.6309517988562584
72,86,14,0.14,0.6857526692748069
48,74,26,0.26,0.6606869749724865
70,85,15,0.15,0.6228361393511296
54,77,23,0.23,0.6885979819297791
72,86,14,0.14,0.6418766850233077
70,85,15,0.15,0.6172932451963424
74,87,13,0.13,0.5787586611509323
60,80,20,0.2,0.6188796466588974
76,88,12,0.12,0.5953537674248218
60,80,20,0.2,0.631408634185791
80,90,10,0.1,0.5408839705586433
58,79,21,0.21,0.6627906009554863
66,83,17,0.17,0.6405031979084015
50,75,25,0.25,0.6303432324528694
52,76,24,0.24,0.6412489405274391
70,85,15,0.15,0.572325837239623
60,80,20,0.2,0.6472637557983398
48,74,26,0.26,0.6409013906121254
76,88,12,0.12,0.6580135317146778
66,83,17,0.17,0.6367820666730404
64,82,18,0.18,0.6188733431696892
60,80,20,0.2,0.6257792644202709
64,82,18,0.18,0.6463571493327618
66,83,17,0.17,0.5814900624752045
66,83,17,0.17,0.6398234701156617
60,80,20,0.2,0.5962681929767132
72,86,14,0.14,0.6305372056365013
64,82,18,0.18,0.5953653505444527
68,84,16,0.16,0.6231286746263504
58,79,21,0.21,0.5957359570264816
80,90,10,0.1,0.5555039554834366
80,90,10,0.1,0.5344684135168791
76,88,12,0.12,0.5662233413755894
66,83,17,0.17,0.6095910775661468
78,89,11,0.11,0.6068899787962436
62,81,19,0.19,0.5639564579725266
78,89,11,0.11,0.5721816124022007
58,79,21,0.21,0.5910354980826378
68,84,16,0.16,0.548119364976883
78,89,11,0.11,0.5933181752264499
78,89,11,0.11,0.6126031725108624
74,87,13,0.13,0.5415088021755219
62,81,19,0.19,0.509964896440506
38,69,31,0.31,0.6155214923620224
78,89,11,0.11,0.5001290963590145
58,79,21,0.21,0.5611133114993572
76,88,12,0.12,0.5383015683293343
42,71,29,0.29,0.5791438385844231
74,87,13,0.13,0.5623475332558155
58,79,21,0.21,0.5893466204404831
70,85,15,0.15,0.5057480390369892
70,85,15,0.15,0.5278284387290477
60,80,20,0.2,0.6331368879973889
74,87,13,0.13,0.5618251295387745
74,87,13,0.13,0.48890185594558716
66,83,17,0.17,0.509252038449049
74,87,13,0.13,0.5315544900298118
76,88,12,0.12,0.5177733141183853
66,83,17,0.17,0.44556395754218103
64,82,18,0.18,0.5371562194824219
58,79,21,0.21,0.5444982787966728
70,85,15,0.15,0.5230771020054817
64,82,18,0.18,0.539197458922863
72,86,14,0.14,0.5147844599187374
64,82,18,0.18,0.527436268478632
76,88,12,0.12,0.5280934113264084
72,86,14,0.14,0.5189952840656042
70,85,15,0.15,0.4641393684595823
70,85,15,0.15,0.4454859512299299
58,79,21,0.21,0.5229701022803783
74,87,13,0.13,0.4793616384267807
58,79,21,0.21,0.5736108055710792
76,88,12,0.12,0.4088380136340857
62,81,19,0.19,0.48971838667988776
58,79,21,0.21,0.43213579066097735
70,85,15,0.15,0.4656376253813505
74,87,13,0.13,0.4225329348444939
60,80,20,0.2,0.4486683937162161
78,89,11,0.11,0.4157057986408472
66,83,17,0.17,0.4529744464159012
72,86,14,0.14,0.5117465856671334
62,81,19,0.19,0.43943568617105483
72,86,14,0.14,0.4365438003465533
38,69,31,0.31,0.49948523968458175
60,80,20,0.2,0.48674820352345705
68,84,16,0.16,0.4871623571962118
82,91,9,0.09,0.4219018678367138
74,87,13,0.13,0.4667397904768586
58,79,21,0.21,0.5346129539608956
82,91,9,0.09,0.4490923822298646
66,83,17,0.17,0.5070230922102928
70,85,15,0.15,0.4140874864906073
80,90,10,0.1,0.45351420883089305
64,82,18,0.18,0.4826542581617832
80,90,10,0.1,0.47941528744995593
58,79,21,0.21,0.46095000579953194
90,95,5,0.05,0.426138666048646
68,84,16,0.16,0.4817210606485605
54,77,23,0.23,0.33065650884062053
58,79,21,0.21,0.4862508130818605
58,79,21,0.21,0.4223232565820217
76,88,12,0.12,0.40220572363585233
80,90,10,0.1,0.43287253245711327
64,82,18,0.18,0.40661851324141024
62,81,19,0.19,0.4098899477720261
62,81,19,0.19,0.40903137348592283
70,85,15,0.15,0.2992277116328478
86,93,7,0.07,0.4806061071902514
76,88,12,0.12,0.4567921806871891
74,87,13,0.13,0.4076665257290006
68,84,16,0.16,0.3800526070222259
80,90,10,0.1,0.44909917820245027
72,86,14,0.14,0.4077314120531082
72,86,14,0.14,0.3427745164558291
52,76,24,0.24,0.3704577645286918
62,81,19,0.19,0.37958704434335233
50,75,25,0.25,0.3987014933675528
70,85,15,0.15,0.3602117109671235
80,90,10,0.1,0.3553384191542864
82,91,9,0.09,0.3239900998026133
64,82,18,0.18,0.4544603122025728
72,86,14,0.14,0.48927014380693434
82,91,9,0.09,0.4241146432235837
74,87,13,0.13,0.30677816186100243
70,85,15,0.15,0.4915606041997671
78,89,11,0.11,0.3812494184076786
84,92,8,0.08,0.31408687034621835
78,89,11,0.11,0.407824958730489
78,89,11,0.11,0.36382532220333813
54,77,23,0.23,0.3744652309641242
74,87,13,0.13,0.40447615683078764
70,85,15,0.15,0.3766910467296839
72,86,14,0.14,0.3662753436714411
70,85,15,0.15,0.4028838067688048
72,86,14,0.14,0.4117904234677553
76,88,12,0.12,0.3195232613757253
62,81,19,0.19,0.3919775850325823
86,93,7,0.07,0.34616246750578283
76,88,12,0.12,0.34477011326700446
78,89,11,0.11,0.3699054368957877
66,83,17,0.17,0.3896225723624229
76,88,12,0.12,0.3345481907948852
70,85,15,0.15,0.41668596271425484
86,93,7,0.07,0.3849810852482915
88,94,6,0.06,0.2932827430125326
84,92,8,0.08,0.31384940203279255
68,84,16,0.16,0.35260438844561576
74,87,13,0.13,0.3037780712544918
70,85,15,0.15,0.4213132379576564
74,87,13,0.13,0.30856400955468416
66,83,17,0.17,0.3649835665151477
64,82,18,0.18,0.4402542158961296
76,88,12,0.12,0.32104178123176097
62,81,19,0.19,0.35260768823325633
76,88,12,0.12,0.35616018470725974
78,89,11,0.11,0.2898779809102416
62,81,19,0.19,0.3626842834427953
64,82,18,0.18,0.32269426915794613
70,85,15,0.15,0.3490930134989321
80,90,10,0.1,0.2670930091943592
76,88,12,0.12,0.33294171661138533
70,85,15,0.15,0.3705953875835985
62,81,19,0.19,0.3738416516967118
66,83,17,0.17,0.3855760605074465
70,85,15,0.15,0.3779868189059198
54,77,23,0.23,0.3857154227606952
70,85,15,0.15,0.3271445460151881
82,91,9,0.09,0.2970222385786474
78,89,11,0.11,0.3671444658562541
72,86,14,0.14,0.35228130374103783
76,88,12,0.12,0.31276962550356985
68,84,16,0.16,0.3899756484106183
80,90,10,0.1,0.3398050991818309
76,88,12,0.12,0.2791190257947892
64,82,18,0.18,0.32134094591252504
72,86,14,0.14,0.304573514200747
64,82,18,0.18,0.3569985144212842
70,85,15,0.15,0.3171039058174938
84,92,8,0.08,0.3039506836235523
78,89,11,0.11,0.32565840469673274
64,82,18,0.18,0.3360954551957548
74,87,13,0.13,0.28511886961758137
72,86,14,0.14,0.2879643814824522
78,89,11,0.11,0.33647937659174204
66,83,17,0.17,0.3587948198057711
62,81,19,0.19,0.3317175417393446
70,85,15,0.15,0.2813638183102012
84,92,8,0.08,0.2977418484725058
78,89,11,0.11,0.30773910964373496
66,83,17,0.17,0.3239883452653885
80,90,10,0.1,0.3339883426763117
74,87,13,0.13,0.3105117302201688
66,83,17,0.17,0.3064269175939262
66,83,17,0.17,0.27916726207360626
84,92,8,0.08,0.26039706692099573
60,80,20,0.2,0.34479097828269006
62,81,19,0.19,0.2648264830745757
88,94,6,0.06,0.2843690851714928
88,94,6,0.06,0.22524742776528
80,90,10,0.1,0.2903560595493764
74,87,13,0.13,0.28320736561901866
72,86,14,0.14,0.26541569652035835
88,94,6,0.06,0.3082240168843418
74,87,13,0.13,0.25363867602311074
76,88,12,0.12,0.34260161883197726
78,89,11,0.11,0.23488808903377503
84,92,8,0.08,0.2975137013942003
74,87,13,0.13,0.30126850054599347
70,85,15,0.15,0.30544712986797096
56,78,22,0.22,0.30237286919727924
78,89,11,0.11,0.25501008942257614
62,81,19,0.19,0.3519058909267187
76,88,12,0.12,0.3499540818342939
80,90,10,0.1,0.3076508457586169
70,85,15,0.15,0.3259557426907122
72,86,14,0.14,0.3133115592412651
86,93,7,0.07,0.2511376374401152
82,91,9,0.09,0.34325092430226506
64,82,18,0.18,0.32120775725692513
58,79,21,0.21,0.37191756213083865
80,90,10,0.1,0.2847462891787291
70,85,15,0.15,0.3027662800438702
66,83,17,0.17,0.3105056228116155
64,82,18,0.18,0.3642289511300623
62,81,19,0.19,0.34656742596998813
76,88,12,0.12,0.2848521961364895
74,87,13,0.13,0.3578612496703863
66,83,17,0.17,0.3580445288680494
60,80,20,0.2,0.2867707679234445
66,83,17,0.17,0.31372464310377834
72,86,14,0.14,0.2581253783032298
74,87,13,0.13,0.33770482528954743
70,85,15,0.15,0.28822515580803154
62,81,19,0.19,0.3523306562192738
58,79,21,0.21,0.34927713320590553
78,89,11,0.11,0.3683634873665869
60,80,20,0.2,0.3211810298077762
86,93,7,0.07,0.2385417380183935
72,86,14,0.14,0.3177260246127844
68,84,16,0.16,0.26961652014404536
56,78,22,0.22,0.324638582020998
66,83,17,0.17,0.2668918103165925
74,87,13,0.13,0.35184639029204845
64,82,18,0.18,0.3381751044653356
64,82,18,0.18,0.3138040894921869
78,89,11,0.11,0.25289736134931445
62,81,19,0.19,0.28176076216623186
68,84,16,0.16,0.2829012319818139
66,83,17,0.17,0.32630672978237274
58,79,21,0.21,0.30166862839832903
58,79,21,0.21,0.3589047382958233
68,84,16,0.16,0.31888820011168717
60,80,20,0.2,0.33064907634630797
68,84,16,0.16,0.3056597247812897
70,85,15,0.15,0.3697023902088404
66,83,17,0.17,0.28957379354164003
70,85,15,0.15,0.30955767097417264
70,85,15,0.15,0.3501187854632735
60,80,20,0.2,0.33677557004615666
50,75,25,0.25,0.33302065843716266
72,86,14,0.14,0.40889244720339774
74,87,13,0.13,0.355976254530251
66,83,17,0.17,0.293083661980927
72,86,14,0.14,0.3588146368041635
66,83,17,0.17,0.29557382544502614
80,90,10,0.1,0.32895482297986745
82,91,9,0.09,0.3338617678685114
70,85,15,0.15,0.38010866086930034
78,89,11,0.11,0.3673827131418511
70,85,15,0.15,0.3345407498627901
66,83,17,0.17,0.3085881505114958
60,80,20,0.2,0.3629213611595333
82,91,9,0.09,0.31378207344561815
68,84,16,0.16,0.36022237576544286
88,94,6,0.06,0.2659073692699894
56,78,22,0.22,0.2993163315206766
68,84,16,0.16,0.31505228536203506
68,84,16,0.16,0.3707442872459069
88,94,6,0.06,0.25538492245599625
68,84,16,0.16,0.2699026291118935
82,91,9,0.09,0.3269646541075781
62,81,19,0.19,0.35167506033554674
52,76,24,0.24,0.34776304751634596
64,82,18,0.18,0.3310014887526631
82,91,9,0.09,0.3546254323422909
40,70,30,0.3,0.3734063582587987
80,90,10,0.1,0.3857950116880238
62,81,19,0.19,0.30881845688447357
86,93,7,0.07,0.3652289191260934
58,79,21,0.21,0.31498517487198113
78,89,11,0.11,0.321669934540987
80,90,10,0.1,0.28397175796329976
76,88,12,0.12,0.3278560706786811
58,79,21,0.21,0.27968020087108014
80,90,10,0.1,0.34936582985334097
68,84,16,0.16,0.22674902871251107
78,89,11,0.11,0.24648377234116198
64,82,18,0.18,0.2862663499545306
60,80,20,0.2,0.34770750761032104
76,88,12,0.12,0.2962209522584453
88,94,6,0.06,0.3222823145799339
64,82,18,0.18,0.27995825035497546
78,89,11,0.11,0.33089842066401615
76,88,12,0.12,0.3273286808980629
72,86,14,0.14,0.3396814713254571
88,94,6,0.06,0.2756532292533666
82,91,9,0.09,0.3576726939715445
78,89,11,0.11,0.2641810313798487
78,89,11,0.11,0.30537962321192025
76,88,12,0.12,0.3016580678708851
68,84,16,0.16,0.29427252386696634
68,84,16,0.16,0.2959944598563016
64,82,18,0.18,0.34592685285955665
70,85,15,0.15,0.29107674907892944
74,87,13,0.13,0.24217357711866497
64,82,18,0.18,0.3061347343865782
60,80,20,0.2,0.3391966415941715
78,89,11,0.11,0.2948642831854522
60,80,20,0.2,0.24361271174624563
64,82,18,0.18,0.3522504933178425
74,87,13,0.13,0.32850924601778386
76,88,12,0.12,0.30877023278269916
74,87,13,0.13,0.27704329263418914
76,88,12,0.12,0.29755506904795764
76,88,12,0.12,0.3419083879515529
74,87,13,0.13,0.27941630013287067
74,87,13,0.13,0.2825934106111527
84,92,8,0.08,0.2948626282811165
76,88,12,0.12,0.33484870333224537
64,82,18,0.18,0.3111245734617114
60,80,20,0.2,0.34383671237155794
70,85,15,0.15,0.30167388437315823
76,88,12,0.12,0.27143117615021767
82,91,9,0.09,0.25571253784000875
76,88,12,0.12,0.290014238152653
58,79,21,0.21,0.3181248971819878
80,90,10,0.1,0.30443177176639435
76,88,12,0.12,0.31596300134435296
68,84,16,0.16,0.2641618067584932
80,90,10,0.1,0.3479983161017299
88,94,6,0.06,0.297622309140861
80,90,10,0.1,0.3179962000064552
72,86,14,0.14,0.36062642209231854
82,91,9,0.09,0.3221635688096285
66,83,17,0.17,0.30465207136236133
76,88,12,0.12,0.282509864512831
74,87,13,0.13,0.3075208166241646
82,91,9,0.09,0.25325379664078357
62,81,19,0.19,0.37819864742457865
78,89,11,0.11,0.2921225144248456
64,82,18,0.18,0.36554283477365973
74,87,13,0.13,0.32408740495797245
68,84,16,0.16,0.3238958276435733
66,83,17,0.17,0.2494387991912663
72,86,14,0.14,0.26449974440038204
82,91,9,0.09,0.3650186854787171
80,90,10,0.1,0.3367793143168092
78,89,11,0.11,0.3789405113458633
82,91,9,0.09,0.326478964984417
68,84,16,0.16,0.34811696073040366
72,86,14,0.14,0.31913484163582323
74,87,13,0.13,0.3445671943947673
62,81,19,0.19,0.33165468808263543
64,82,18,0.18,0.3128534623235464
78,89,11,0.11,0.3923011696594767
70,85,15,0.15,0.3508266352489591
64,82,18,0.18,0.3147311110235751
70,85,15,0.15,0.32976068314164875
64,82,18,0.18,0.31359913604333994
84,92,8,0.08,0.3414264127984643
66,83,17,0.17,0.3683175192773342
74,87,13,0.13,0.29936028458178043
78,89,11,0.11,0.3293176700733602
56,78,22,0.22,0.35562141221016647
66,83,17,0.17,0.3203693016245961
70,85,15,0.15,0.2740318104438484
76,88,12,0.12,0.3712346189841628
64,82,18,0.18,0.3563807076215744
64,82,18,0.18,0.394273475818336
64,82,18,0.18,0.2933425571490079
72,86,14,0.14,0.3353791152127087
78,89,11,0.11,0.36455277787521484
56,78,22,0.22,0.32976537019014357
80,90,10,0.1,0.30119025593623516
80,90,10,0.1,0.3150364748574793
80,90,10,0.1,0.3703816034272313
82,91,9,0.09,0.30227033711969853
50,75,25,0.25,0.32882306672632694
74,87,13,0.13,0.26967801673337816
74,87,13,0.13,0.29343792907893657
86,93,7,0.07,0.2992479783669114
84,92,8,0.08,0.23443203890696168
64,82,18,0.18,0.294330783970654
64,82,18,0.18,0.35541545999236407
62,81,19,0.19,0.3085025923140347
76,88,12,0.12,0.2891428135987371
82,91,9,0.09,0.3233641839772463
72,86,14,0.14,0.3251443739235401
70,85,15,0.15,0.3294914054125547
68,84,16,0.16,0.40499542772769925
54,77,23,0.23,0.35465023867785933
58,79,21,0.21,0.391401232406497
38,69,31,0.31,0.41275587799027563
64,82,18,0.18,0.32410670842975375
68,84,16,0.16,0.3775668848305941
72,86,14,0.14,0.3807695355266333
72,86,14,0.14,0.36502041613683106
80,90,10,0.1,0.36187369950115683
68,84,16,0.16,0.35503092765808103
54,77,23,0.23,0.4880165413767099
82,91,9,0.09,0.4273276355303824
74,87,13,0.13,0.3868015658855438
70,85,15,0.15,0.39924803875386716
70,85,15,0.15,0.4285315392911434
66,83,17,0.17,0.37009815881028774
72,86,14,0.14,0.37818545166403056
58,79,21,0.21,0.3943326783552766
66,83,17,0.17,0.34555708706378935
62,81,19,0.19,0.3206461523286998
74,87,13,0.13,0.4273088722676039
64,82,18,0.18,0.33134581670165064
82,91,9,0.09,0.4755471247062087
58,79,21,0.21,0.4023473510891199
72,86,14,0.14,0.40484775047749283
86,93,7,0.07,0.2897254808060825
70,85,15,0.15,0.373270890051499
68,84,16,0.16,0.33341056399047375
82,91,9,0.09,0.3517838617414236
68,84,16,0.16,0.36439306326210497
86,93,7,0.07,0.37545134039595723
60,80,20,0.2,0.44470272853970527
90,95,5,0.05,0.30449920272454617
84,92,8,0.08,0.35341660648584367
46,73,27,0.27,0.4177343539893627
66,83,17,0.17,0.3878555642068386
78,89,11,0.11,0.3382414244487882
80,90,10,0.1,0.3299736074730754
54,77,23,0.23,0.3664225163683295
68,84,16,0.16,0.34504161406308415
72,86,14,0.14,0.3992304143309593
76,88,12,0.12,0.31998184628784654
72,86,14,0.14,0.37383074486628176
66,83,17,0.17,0.34840217621997
74,87,13,0.13,0.36516709697432814
70,85,15,0.15,0.3978847927507013
66,83,17,0.17,0.39047340080142023
72,86,14,0.14,0.45638606095686557
80,90,10,0.1,0.37222852097824216
52,76,24,0.24,0.416076414976269
60,80,20,0.2,0.45049793967977164
32,66,34,0.34,0.47072762353345754
70,85,15,0.15,0.35981324963271616
74,87,13,0.13,0.38016146801412104
70,85,15,0.15,0.4384997390024364
74,87,13,0.13,0.36373136729002
56,78,22,0.22,0.3938435506820679
72,86,14,0.14,0.3063914578035474
64,82,18,0.18,0.40985616240650413
62,81,19,0.19,0.3852796758711338
80,90,10,0.1,0.3125600506179035
82,91,9,0.09,0.339469026401639
70,85,15,0.15,0.3997707030177116
72,86,14,0.14,0.3350316908955574
68,84,16,0.16,0.38220511365681886
66,83,17,0.17,0.4472451624274254
60,80,20,0.2,0.39252751413732767
58,79,21,0.21,0.3588450321368873
72,86,14,0.14,0.28072287153452635
70,85,15,0.15,0.3688350782543421
60,80,20,0.2,0.3944211821630597
62,81,19,0.19,0.3639585362747312
66,83,17,0.17,0.361078365650028
76,88,12,0.12,0.32538555670529606
66,83,17,0.17,0.3747018548101187
72,86,14,0.14,0.38748104363679886
74,87,13,0.13,0.3610265677422285
60,80,20,0.2,0.35850205771625043
92,96,4,0.04,0.30716888524591923
78,89,11,0.11,0.33628412693738935
84,92,8,0.08,0.32541469868272543
66,83,17,0.17,0.2896448867022991
48,74,26,0.26,0.4012607005983591
62,81,19,0.19,0.38832241799682377
78,89,11,0.11,0.2994931655190885
78,89,11,0.11,0.3615530755743384
56,78,22,0.22,0.36905085187405345
62,81,19,0.19,0.3645861665531993
76,88,12,0.12,0.3387893417105079
66,83,17,0.17,0.3485242808423936
64,82,18,0.18,0.35133007418364287
72,86,14,0.14,0.3958173215575516
78,89,11,0.11,0.3189792960509658
66,83,17,0.17,0.3757006122916937
76,88,12,0.12,0.27332931460812687
62,81,19,0.19,0.4041776046156883
74,87,13,0.13,0.3706363412365317
86,93,7,0.07,0.41444346349686384
70,85,15,0.15,0.3087989612109959
84,92,8,0.08,0.2956334344670177
52,76,24,0.24,0.3753568686917424
66,83,17,0.17,0.3958120932802558
72,86,14,0.14,0.3613324721157551
72,86,14,0.14,0.29058115161489695
78,89,11,0.11,0.3554148316010833
72,86,14,0.14,0.34867282172665
60,80,20,0.2,0.39438305877149105
56,78,22,0.22,0.36430345989763735
64,82,18,0.18,0.38673248641192914
72,86,14,0.14,0.4050496516004205
74,87,13,0.13,0.35383974576368926
80,90,10,0.1,0.32981514193117617
66,83,17,0.17,0.3419430369883776
80,90,10,0.1,0.3581794958934188
62,81,19,0.19,0.3449709273129702
58,79,21,0.21,0.4074668551236391
72,86,14,0.14,0.2845176513120532
60,80,20,0.2,0.38341936118900777
84,92,8,0.08,0.3134958519414067
70,85,15,0.15,0.30321025498211385
60,80,20,0.2,0.3339308801665902
56,78,22,0.22,0.4254649754334241
72,86,14,0.14,0.24663298669271172
72,86,14,0.14,0.3712800881080329
66,83,17,0.17,0.356728606261313
64,82,18,0.18,0.39549793996848165
76,88,12,0.12,0.31550899777561425
70,85,15,0.15,0.27839839436113833
72,86,14,0.14,0.3678919921256602
62,81,19,0.19,0.36455101749859753
74,87,13,0.13,0.36487225877121093
80,90,10,0.1,0.31239305913448334
78,89,11,0.11,0.31091083178296686
88,94,6,0.06,0.3883323922753334
72,86,14,0.14,0.327518763076514
74,87,13,0.13,0.3243852740805596
74,87,13,0.13,0.34496982887387273
66,83,17,0.17,0.44210420217365026
82,91,9,0.09,0.2891388060990721
72,86,14,0.14,0.2972935711592436
56,78,22,0.22,0.34188633918762207
76,88,12,0.12,0.3143924670293927
74,87,13,0.13,0.290470309779048
66,83,17,0.17,0.3062951685115695
62,81,19,0.19,0.36323948195204137
64,82,18,0.18,0.29048044081777336
74,87,13,0.13,0.3299369896342978
76,88,12,0.12,0.3253959701769054
70,85,15,0.15,0.3159734080173075
52,76,24,0.24,0.37929003477096557
66,83,17,0.17,0.27269676502794027
60,80,20,0.2,0.3249367003701627
64,82,18,0.18,0.3346875000372529
62,81,19,0.19,0.34154568400233987
88,94,6,0.06,0.398056184775196
72,86,14,0.14,0.278341389130801
76,88,12,0.12,0.3384294168651104
66,83,17,0.17,0.3121981763839722
68,84,16,0.16,0.2647646462637931
58,79,21,0.21,0.3540411018207669
64,82,18,0.18,0.30948891654610633
66,83,17,0.17,0.28858355432748795
86,93,7,0.07,0.29933770999312403
92,96,4,0.04,0.2329430184327066
66,83,17,0.17,0.3070286342315376
92,96,4,0.04,0.3477327448874712
84,92,8,0.08,0.2674568500928581
72,86,14,0.14,0.2688099547103047
66,83,17,0.17,0.2807226632535458
78,89,11,0.11,0.30186002239584925
70,85,15,0.15,0.2680333302728832
72,86,14,0.14,0.3375902795651928
76,88,12,0.12,0.2995939935185015
64,82,18,0.18,0.36528054405003785
64,82,18,0.18,0.3377401118539274
66,83,17,0.17,0.33294555367901923
70,85,15,0.15,0.31050525773782284
72,86,14,0.14,0.34916248854249715
56,78,22,0.22,0.36191740484908225
72,86,14,0.14,0.32676947850733995
72,86,14,0.14,0.3516489477083087
66,83,17,0.17,0.35982274208217857
64,82,18,0.18,0.2860784231685102
60,80,20,0.2,0.31134275563061237
70,85,15,0.15,0.38268583666766065
64,82,18,0.18,0.29111071499064567
70,85,15,0.15,0.3108378345146775
60,80,20,0.2,0.34781299814581873
76,88,12,0.12,0.33473144579678776
72,86,14,0.14,0.3446257806569338
80,90,10,0.1,0.34022412015125153
58,79,21,0.21,0.37335658717900516
72,86,14,0.14,0.2892845710460097
76,88,12,0.12,0.3700824741646647
72,86,14,0.14,0.331704808101058
66,83,17,0.17,0.3091582153737545
70,85,15,0.15,0.3473198148980737
68,84,16,0.16,0.3281570905726403
68,84,16,0.16,0.4198458274733275
58,79,21,0.21,0.3861338866874576
68,84,16,0.16,0.4157647779583931
56,78,22,0.22,0.3854577626939863
68,84,16,0.16,0.33980722598731516
84,92,8,0.08,0.3711260836571455
60,80,20,0.2,0.355104506239295
50,75,25,0.25,0.3173648634366691
70,85,15,0.15,0.3805477418191731
74,87,13,0.13,0.4291613474115729
70,85,15,0.15,0.26399464886635543
68,84,16,0.16,0.43146686639636755
72,86,14,0.14,0.35156346641480923
74,87,13,0.13,0.41386695992201566
66,83,17,0.17,0.39910783648490905
86,93,7,0.07,0.27236461665481326
60,80,20,0.2,0.41609301524236797
74,87,13,0.13,0.35352190293371677
60,80,20,0.2,0.46218020528554915
62,81,19,0.19,0.327743503600359
80,90,10,0.1,0.34982923602685334
64,82,18,0.18,0.3785705639794469
74,87,13,0.13,0.3852441577240825
66,83,17,0.17,0.35642784766852853
48,74,26,0.26,0.4052629199996591
72,86,14,0.14,0.3767882347851992
68,84,16,0.16,0.39268729466944935
56,78,22,0.22,0.41078262075781824
58,79,21,0.21,0.4446040270477533
46,73,27,0.27,0.48467202845960855
70,85,15,0.15,0.3566647480800748
68,84,16,0.16,0.4175597482547164
72,86,14,0.14,0.3684992589708418
82,91,9,0.09,0.40493853311985734
78,89,11,0.11,0.301441266592592
60,80,20,0.2,0.42813918660394845
78,89,11,0.11,0.34728814659640195
78,89,11,0.11,0.3896148286387324
68,84,16,0.16,0.32741206015925856
80,90,10,0.1,0.3948363855667412
72,86,14,0.14,0.4264205606561154
64,82,18,0.18,0.4399406656064093
74,87,13,0.13,0.3754878882318735
56,78,22,0.22,0.41090064190328124
74,87,13,0.13,0.3645607037749141
66,83,17,0.17,0.3438074130192399
54,77,23,0.23,0.4346752943843603
70,85,15,0.15,0.42004486367106436
62,81,19,0.19,0.35459954481571915
70,85,15,0.15,0.34139612756669524
78,89,11,0.11,0.42388318803161384
72,86,14,0.14,0.42393216484226287
66,83,17,0.17,0.3966930651664734
72,86,14,0.14,0.3859697099402547
74,87,13,0.13,0.37519818764179946
66,83,17,0.17,0.3712188072688878
66,83,17,0.17,0.36110606817528607
64,82,18,0.18,0.31876961363479495
66,83,17,0.17,0.3547074903920293
60,80,20,0.2,0.3549972376413643
70,85,15,0.15,0.3780338728800416
82,91,9,0.09,0.317369145527482
62,81,19,0.19,0.38222859337925913
82,91,9,0.09,0.37953347485512495
64,82,18,0.18,0.3333739474602044
72,86,14,0.14,0.3715987667068839
76,88,12,0.12,0.37213502928614617
56,78,22,0.22,0.3587008113414049
82,91,9,0.09,0.2892896906286478
68,84,16,0.16,0.400969383046031
72,86,14,0.14,0.27986494879238305
86,93,7,0.07,0.3226647228561342
72,86,14,0.14,0.3594236162677407
76,88,12,0.12,0.3852744506299496
78,89,11,0.11,0.35368277709931134
58,79,21,0.21,0.38732339449226855
68,84,16,0.16,0.35843510841950776
56,78,22,0.22,0.39598929017782214
70,85,15,0.15,0.454015892110765
62,81,19,0.19,0.39541868964210153
72,86,14,0.14,0.30187155390158293
74,87,13,0.13,0.29564258400350807
64,82,18,0.18,0.306355232745409
62,81,19,0.19,0.39095073599368335
66,83,17,0.17,0.3028225965052843
76,88,12,0.12,0.31415675753727557
70,85,15,0.15,0.32472232803702356
60,80,20,0.2,0.4032013070210814
88,94,6,0.06,0.26567283887416127
82,91,9,0.09,0.3382039614021778
80,90,10,0.1,0.3285370272770524
72,86,14,0.14,0.34907331109046935
62,81,19,0.19,0.33158081747591495
68,84,16,0.16,0.39154749989509585
56,78,22,0.22,0.29570946397259834
80,90,10,0.1,0.27889110427349806
78,89,11,0.11,0.29559182457625865
72,86,14,0.14,0.3689755885116756
70,85,15,0.15,0.38645660821348427
66,83,17,0.17,0.26109607350081204
72,86,14,0.14,0.3643904878012836
82,91,9,0.09,0.25761090591549873
68,84,16,0.16,0.28554665959440173
72,86,14,0.14,0.3044677340984345
56,78,22,0.22,0.3614951992034912
62,81,19,0.19,0.3529204075038433
76,88,12,0.12,0.30708146072924136
78,89,11,0.11,0.3314753995090723
62,81,19,0.19,0.3247422583959997
66,83,17,0.17,0.3124179867049679
70,85,15,0.15,0.34025513611733915
78,89,11,0.11,0.35086488533765076
82,91,9,0.09,0.30690957530401647
54,77,23,0.23,0.34196532422676684
86,93,7,0.07,0.25233502639457583
74,87,13,0.13,0.2995489165559411
56,78,22,0.22,0.3506572956079617
76,88,12,0.12,0.2393899492546916
82,91,9,0.09,0.22411885948386043
78,89,11,0.11,0.2707724985666573
74,87,13,0.13,0.3093515253067017
80,90,10,0.1,0.27383026108145714
66,83,17,0.17,0.28343662202358244
80,90,10,0.1,0.292569358414039
82,91,9,0.09,0.35254558581858875
78,89,11,0.11,0.34767090268433093
70,85,15,0.15,0.287637433744967
62,81,19,0.19,0.32645035243127496
68,84,16,0.16,0.31006074050441385
64,82,18,0.18,0.27887583849951625
76,88,12,0.12,0.25651435608044265
72,86,14,0.14,0.32631895059719684
76,88,12,0.12,0.2711300753802061
66,83,17,0.17,0.27797366546932606
86,93,7,0.07,0.32314503375440834
46,73,27,0.27,0.2502119041234255
60,80,20,0.2,0.29079954262822866
88,94,6,0.06,0.29064032062888145
80,90,10,0.1,0.2535439576394856
76,88,12,0.12,0.3111922526359558
54,77,23,0.23,0.3528622583299875
74,87,13,0.13,0.2989409935474396
82,91,9,0.09,0.24718787582591176
58,79,21,0.21,0.31859470158815384
76,88,12,0.12,0.27682756308466194
70,85,15,0.15,0.3603074883855879
60,80,20,0.2,0.3603907342813909
84,92,8,0.08,0.33864373991265895
66,83,17,0.17,0.34552211698144675
66,83,17,0.17,0.21578428684733808
60,80,20,0.2,0.31513436263427136
82,91,9,0.09,0.22330162238329648
56,78,22,0.22,0.2948025083169341
72,86,14,0.14,0.33615720550064
80,90,10,0.1,0.2609563786350191
68,84,16,0.16,0.3244044384825975
78,89,11,0.11,0.2679038287512958
68,84,16,0.16,0.29197391532361505
94,97,3,0.03,0.21393191300332545
58,79,21,0.21,0.26244042586535216
68,84,16,0.16,0.34717208332382143
76,88,12,0.12,0.27377357417717574
64,82,18,0.18,0.24909690648317337
66,83,17,0.17,0.2574373697116971
82,91,9,0.09,0.33047670472413304
78,89,11,0.11,0.2924998248554766
70,85,15,0.15,0.3708549413550645
72,86,14,0.14,0.2685939908027649
74,87,13,0.13,0.270265100505203
74,87,13,0.13,0.2558032191265374
82,91,9,0.09,0.34701471919193866
72,86,14,0.14,0.25136244571767746
60,80,20,0.2,0.3098930096812546
72,86,14,0.14,0.28017282016575334
76,88,12,0.12,0.2936948267370462
70,85,15,0.15,0.28293015889823436
78,89,11,0.11,0.3543550048209727
62,81,19,0.19,0.31520968658849596
66,83,17,0.17,0.32265781151130796
72,86,14,0.14,0.2873825660161674
64,82,18,0.18,0.28174385715276
64,82,18,0.18,0.3426107674837112
72,86,14,0.14,0.3191540483012795
76,88,12,0.12,0.2791497917380184
82,91,9,0.09,0.2887987725995481
90,95,5,0.05,0.3173415973037481
78,89,11,0.11,0.300477348677814
64,82,18,0.18,0.2860050198622048
72,86,14,0.14,0.2875725164823234
66,83,17,0.17,0.29237668361514807
66,83,17,0.17,0.3008636214397848
76,88,12,0.12,0.24977833864279092
74,87,13,0.13,0.32640424035489557
70,85,15,0.15,0.3019596870429814
80,90,10,0.1,0.2884894774015993
66,83,17,0.17,0.2521754810959101
84,92,8,0.08,0.2697695556655526
72,86,14,0.14,0.3054479254223406
62,81,19,0.19,0.3343188773095608
74,87,13,0.13,0.2512262083683163
74,87,13,0.13,0.23919543059542775
84,92,8,0.08,0.3134914826229215
58,79,21,0.21,0.27437279669567943
30,65,35,0.35,0.3210141687467694
76,88,12,0.12,0.3391671710461378
64,82,18,0.18,0.2818967904802412
74,87,13,0.13,0.29231024576351045
56,78,22,0.22,0.34854329851455984
66,83,17,0.17,0.3213323586713523
84,92,8,0.08,0.33315191432833674
74,87,13,0.13,0.2988834902830422
74,87,13,0.13,0.31912403226830066
72,86,14,0.14,0.2757535946369171
64,82,18,0.18,0.272083457717672
66,83,17,0.17,0.34251674098894
62,81,19,0.19,0.35535266760736706
72,86,14,0.14,0.31588854057714344
82,91,9,0.09,0.2327836924791336
74,87,13,0.13,0.34983325358480216
72,86,14,0.14,0.3352450620662421
68,84,16,0.16,0.3890668335929513
46,73,27,0.27,0.2801989005692303
86,93,7,0.07,0.38713776879012585
52,76,24,0.24,0.3415048895403743
90,95,5,0.05,0.2744007014110684
82,91,9,0.09,0.2973390588629991
72,86,14,0.14,0.2834038098761812
82,91,9,0.09,0.2537994730658829
68,84,16,0.16,0.31595180366188286
64,82,18,0.18,0.3117909974604845
78,89,11,0.11,0.3216346670128405
72,86,14,0.14,0.2955101760290563
62,81,19,0.19,0.3360822421032935
64,82,18,0.18,0.326890035988763
80,90,10,0.1,0.2692777365911752
80,90,10,0.1,0.22792615757556633
70,85,15,0.15,0.24850786195136607
70,85,15,0.15,0.3195243018120527
76,88,12,0.12,0.27105691655538977
78,89,11,0.11,0.2720218094205484
80,90,10,0.1,0.23894811196252705
82,91,9,0.09,0.2599834498297423
66,83,17,0.17,0.2897768117347732
78,89,11,0.11,0.3016777527146041
82,91,9,0.09,0.28416929551865905
76,88,12,0.12,0.25891456425189974
50,75,25,0.25,0.3434548097290099
80,90,10,0.1,0.2581957769393921
62,81,19,0.19,0.2565058961207978
70,85,15,0.15,0.2448054996971041
70,85,15,0.15,0.32043550299480555
70,85,15,0.15,0.2382028493285179
60,80,20,0.2,0.20244403488002718
74,87,13,0.13,0.2673801125586033
62,81,19,0.19,0.26410848014988003
68,84,16,0.16,0.25412388089112936
82,91,9,0.09,0.23498363378457726
68,84,16,0.16,0.2548083253484219
68,84,16,0.16,0.20567718043923378
96,98,2,0.02,0.2866328044049442
78,89,11,0.11,0.314839768121019
70,85,15,0.15,0.23563803175464273
66,83,17,0.17,0.2365837409440428
74,87,13,0.13,0.2939141168352217
66,83,17,0.17,0.23225320793222637
84,92,8,0.08,0.22352520992048086
78,89,11,0.11,0.28971104983240364
72,86,14,0.14,0.19297880339436232
70,85,15,0.15,0.2102874886058271
76,88,12,0.12,0.21925217658281326
90,95,5,0.05,0.2507927353773266
74,87,13,0.13,0.27457912664860484
80,90,10,0.1,0.2237304190825671
62,81,19,0.19,0.2796751559711993
74,87,13,0.13,0.2831080115865916
60,80,20,0.2,0.25266863809898493
78,89,11,0.11,0.21899536337703465
84,92,8,0.08,0.2803981835395098
74,87,13,0.13,0.23685055669397115
66,83,17,0.17,0.2954059002082795
58,79,21,0.21,0.2703688753396273
84,92,8,0.08,0.2597367088845931
68,84,16,0.16,0.21305068901740015
78,89,11,0.11,0.20966592891141772
88,94,6,0.06,0.28496862038969994
74,87,13,0.13,0.28925234215334056
68,84,16,0.16,0.3342470293305814
80,90,10,0.1,0.2676134816277772
82,91,9,0.09,0.27373854972422124
70,85,15,0.15,0.25582291051745415
84,92,8,0.08,0.273095479644835
74,87,13,0.13,0.22318702882155775
80,90,10,0.1,0.25182529469951986
88,94,6,0.06,0.23943828222341834
62,81,19,0.19,0.3106877755559981
76,88,12,0.12,0.2734709655493498
78,89,11,0.11,0.23958817044040187
56,78,22,0.22,0.247161155808717
60,80,20,0.2,0.3110302973166108
86,93,7,0.07,0.21788924579508603
72,86,14,0.14,0.27017921233549713
58,79,21,0.21,0.2525245527364314
72,86,14,0.14,0.17995242632227018
74,87,13,0.13,0.24484715023078024
80,90,10,0.1,0.19548810937441885
56,78,22,0.22,0.2777187651814893
82,91,9,0.09,0.261923761209473
84,92,8,0.08,0.2216859653708525
62,81,19,0.19,0.31114613701589405
64,82,18,0.18,0.2757533026766032
80,90,10,0.1,0.21333588880486787
86,93,7,0.07,0.29748989998362957
62,81,19,0.19,0.25121481470763685
74,87,13,0.13,0.22074011642485858
80,90,10,0.1,0.19783348352648317
76,88,12,0.12,0.2590724406344816
74,87,13,0.13,0.2606532942672493
88,94,6,0.06,0.18455169524997472
86,93,7,0.07,0.20283769958652556
68,84,16,0.16,0.28918157435022296
56,78,22,0.22,0.24110424760729074
66,83,17,0.17,0.30880679154768587
62,81,19,0.19,0.3621972696762532
76,88,12,0.12,0.26250392930582167
72,86,14,0.14,0.23113231021910907
62,81,19,0.19,0.3390990627929568
56,78,22,0.22,0.27978375853737814
62,81,19,0.19,0.25351486544590446
68,84,16,0.16,0.213687609937042
54,77,23,0.23,0.25287589683197437
66,83,17,0.17,0.2757376672141254
76,88,12,0.12,0.2312126242509112
78,89,11,0.11,0.1933078909572214
72,86,14,0.14,0.19633134863339363
72,86,14,0.14,0.2798478670138866
78,89,11,0.11,0.18814769245684146
76,88,12,0.12,0.2267002879246138
78,89,11,0.11,0.2347946393955499
58,79,21,0.21,0.30501076435670255
76,88,12,0.12,0.1977073561074212
82,91,9,0.09,0.222138516837731
76,88,12,0.12,0.22628982215654106
76,88,12,0.12,0.23450467683840542
64,82,18,0.18,0.30992181058973073
82,91,9,0.09,0.1679196446761489
72,86,14,0.14,0.21748877925798296
70,85,15,0.15,0.2619601057842374
62,81,19,0.19,0.2719983393605798
56,78,22,0.22,0.3568794036284089
70,85,15,0.15,0.2589950721524656
78,89,11,0.11,0.2569250270305201
82,91,9,0.09,0.23439689826220275
70,85,15,0.15,0.2572180791012943
76,88,12,0.12,0.24702083196956665
76,88,12,0.12,0.2812011020444334
76,88,12,0.12,0.2055891384393908
66,83,17,0.17,0.3348817027360201
72,86,14,0.14,0.22893879583105445
90,95,5,0.05,0.23453807645011693
72,86,14,0.14,0.23018295351415874
88,94,6,0.06,0.21202687422279268
66,83,17,0.17,0.17214085967745632
68,84,16,0.16,0.20183552932925522
62,81,19,0.19,0.2534678659401834
76,88,12,0.12,0.27812988657504323
50,75,25,0.25,0.23387851600069554
64,82,18,0.18,0.26890027264948
60,80,20,0.2,0.2556610135640949
66,83,17,0.17,0.247845793729648
48,74,26,0.26,0.301412073597312
78,89,11,0.11,0.2501430791243911
52,76,24,0.24,0.24357608392834662
68,84,16,0.16,0.2659852159209549
72,86,14,0.14,0.314212178774178
76,88,12,0.12,0.27962666930630803
62,81,19,0.19,0.2660755259357393
78,89,11,0.11,0.2958698547631502
82,91,9,0.09,0.2725641133484896
64,82,18,0.18,0.21696689883247017
70,85,15,0.15,0.27219777065329254
78,89,11,0.11,0.29119295183569194
70,85,15,0.15,0.28690036612562836
76,88,12,0.12,0.2535040876746643
70,85,15,0.15,0.3030054462235421
68,84,16,0.16,0.25966839646920564
76,88,12,0.12,0.21377992165274917
72,86,14,0.14,0.29794138023629785
72,86,14,0.14,0.2774796509742737
80,90,10,0.1,0.22575485923327507
68,84,16,0.16,0.2599181668041274
70,85,15,0.15,0.28740971357095985
64,82,18,0.18,0.29640889857895675
84,92,8,0.08,0.2467849608324468
64,82,18,0.18,0.2648610980063677
76,88,12,0.12,0.3023086331831291
82,91,9,0.09,0.29440194615162907
82,91,9,0.09,0.2859092584159225
70,85,15,0.15,0.22494536214508115
70,85,15,0.15,0.29294476622715593
82,91,9,0.09,0.26785031164065004
64,82,18,0.18,0.3523652192670852
72,86,14,0.14,0.2445389947714284
62,81,19,0.19,0.28254697028547526
72,86,14,0.14,0.30490077479742467
80,90,10,0.1,0.3191728046257049
78,89,11,0.11,0.21713590218685566
64,82,18,0.18,0.3126291721686721
60,80,20,0.2,0.2943496527033858
82,91,9,0.09,0.23618878155946732
76,88,12,0.12,0.21670843333005904
60,80,20,0.2,0.2657697757706046
70,85,15,0.15,0.2509316419495735
88,94,6,0.06,0.29815366823226214
72,86,14,0.14,0.2494514078553766
76,88,12,0.12,0.2544463312998414
78,89,11,0.11,0.27125189315294845
62,81,19,0.19,0.2433499981276691
90,95,5,0.05,0.22748367419466375
70,85,15,0.15,0.23122248558327554
64,82,18,0.18,0.29210709350183606
76,88,12,0.12,0.2863573991879821
76,88,12,0.12,0.23955263185314835
64,82,18,0.18,0.21155125500576105
54,77,23,0.23,0.25515270959585906
82,91,9,0.09,0.29302910547703503
76,88,12,0.12,0.19754927624017
54,77,23,0.23,0.27868790602311494
76,88,12,0.12,0.2636338147427887
78,89,11,0.11,0.2065967448335141
72,86,14,0.14,0.29750574049539863
72,86,14,0.14,0.2837679601158015
82,91,9,0.09,0.20865493305958807
64,82,18,0.18,0.21653076206333935
74,87,13,0.13,0.24508380530402063
70,85,15,0.15,0.29691993752494455
58,79,21,0.21,0.3469677236955613
68,84,16,0.16,0.2783110909629613
64,82,18,0.18,0.264946747738868
68,84,16,0.16,0.3149591420404613
58,79,21,0.21,0.2859785067662597
80,90,10,0.1,0.24337372098118068
82,91,9,0.09,0.20697809809818865
56,78,22,0.22,0.2499708682578057
68,84,16,0.16,0.32217268969863655
86,93,7,0.07,0.28016167689114807
68,84,16,0.16,0.17720942388288677
68,84,16,0.16,0.32296910280361774
76,88,12,0.12,0.2788666936382651
64,82,18,0.18,0.27449536269530656
76,88,12,0.12,0.2094090106803924
72,86,14,0.14,0.2815887500345707
60,80,20,0.2,0.2754736339906231
64,82,18,0.18,0.34479818884283303
74,87,13,0.13,0.22863828333094716
58,79,21,0.21,0.3406166114564985
74,87,13,0.13,0.3158014231361449
74,87,13,0.13,0.21201271461322904
70,85,15,0.15,0.2599684943445027
88,94,6,0.06,0.2944723919034004
82,91,9,0.09,0.3135601036529988
70,85,15,0.15,0.28418272100389
50,75,25,0.25,0.2203272135928273
70,85,15,0.15,0.2187220952566713
70,85,15,0.15,0.2750801277719438
82,91,9,0.09,0.25923356134444475
62,81,19,0.19,0.29873295984230935
74,87,13,0.13,0.2430801057629287
62,81,19,0.19,0.28737338054459544
70,85,15,0.15,0.28505976289510726
66,83,17,0.17,0.2681301659345627
80,90,10,0.1,0.26480143651366234
70,85,15,0.15,0.33655443417839703
68,84,16,0.16,0.3456093096267432
76,88,12,0.12,0.25415583185385915
70,85,15,0.15,0.2873877132311463
74,87,13,0.13,0.29560927152633665
60,80,20,0.2,0.32574410691857336
72,86,14,0.14,0.3196622085943818
66,83,17,0.17,0.33800039544701577
54,77,23,0.23,0.34428727013990285
62,81,19,0.19,0.3371151285618544
70,85,15,0.15,0.4032102712243795
56,78,22,0.22,0.3350949844717979
54,77,23,0.23,0.43249301372095944
68,84,16,0.16,0.3358645875379443
44,72,28,0.28,0.36406441204249856
86,93,7,0.07,0.3213324207626283
68,84,16,0.16,0.33952142846770583
70,85,15,0.15,0.32038511846214535
76,88,12,0.12,0.39971761479973794
70,85,15,0.15,0.36952365638688206
82,91,9,0.09,0.39699672400951386
72,86,14,0.14,0.264346974324435
62,81,19,0.19,0.34304453179240224
80,90,10,0.1,0.37615451581776144
74,87,13,0.13,0.32482585482299325
74,87,13,0.13,0.31212309263646604
54,77,23,0.23,0.3374438787996769
58,79,21,0.21,0.4047974284738302
78,89,11,0.11,0.3106047151610255
72,86,14,0.14,0.3791805053502321
58,79,21,0.21,0.4154640049859881
58,79,21,0.21,0.36066658683121205
74,87,13,0.13,0.31585075192153456
58,79,21,0.21,0.36648871637880803
76,88,12,0.12,0.4294767735153437
70,85,15,0.15,0.394118013009429
76,88,12,0.12,0.4474763939157128
80,90,10,0.1,0.3207215840369463
68,84,16,0.16,0.40234931256622075
60,80,20,0.2,0.37359235445037486
70,85,15,0.15,0.3920529156277189
52,76,24,0.24,0.3842463178187609
74,87,13,0.13,0.3579651697538793
66,83,17,0.17,0.42126589581370355
70,85,15,0.15,0.421076692705974
62,81,19,0.19,0.3215296046435833
80,90,10,0.1,0.34552005764096977
68,84,16,0.16,0.47183723384514453
74,87,13,0.13,0.29047864300198856
74,87,13,0.13,0.3734119924530387
74,87,13,0.13,0.3591513634473085
72,86,14,0.14,0.3109376471862197
72,86,14,0.14,0.43292926835129036
72,86,14,0.14,0.3595573353767395
76,88,12,0.12,0.37826420240104197
70,85,15,0.15,0.32295216016471384
62,81,19,0.19,0.3235575933381915
78,89,11,0.11,0.3243228456005454
76,88,12,0.12,0.3577976731956005
74,87,13,0.13,0.24500010075047612
60,80,20,0.2,0.3782007363811135
60,80,20,0.2,0.3688865872472525
74,87,13,0.13,0.3721995949745178
70,85,15,0.15,0.32664353746920827
66,83,17,0.17,0.42781113624572753
72,86,14,0.14,0.3515176732838154
66,83,17,0.17,0.368040524404496
76,88,12,0.12,0.29294201120734215
70,85,15,0.15,0.43414344839751723
50,75,25,0.25,0.3825088933110237
58,79,21,0.21,0.35737594970501957
60,80,20,0.2,0.3687490463629365
82,91,9,0.09,0.3334537114948034
58,79,21,0.21,0.3196052039600909
66,83,17,0.17,0.38771832720376553
84,92,8,0.08,0.23847074910532684
58,79,21,0.21,0.38271972581744196
86,93,7,0.07,0.36614895466715097
76,88,12,0.12,0.3959710167348385
74,87,13,0.13,0.34769779406487944
64,82,18,0.18,0.3299298798618838
76,88,12,0.12,0.3216959236189723
80,90,10,0.1,0.2985817839950323
74,87,13,0.13,0.32373154267668725
80,90,10,0.1,0.3252582340501249
66,83,17,0.17,0.3178911690786481
76,88,12,0.12,0.39606225073337553
74,87,13,0.13,0.38191597871482375
74,87,13,0.13,0.3324810492247343
74,87,13,0.13,0.3928599164262414
72,86,14,0.14,0.3418296550028026
64,82,18,0.18,0.36781480830162766
82,91,9,0.09,0.3760889203846455
54,77,23,0.23,0.4541772162169218
84,92,8,0.08,0.3054517930373549
66,83,17,0.17,0.34459081426262855
70,85,15,0.15,0.33009700037539
80,90,10,0.1,0.34050935465842486
52,76,24,0.24,0.3621703580766916
68,84,16,0.16,0.4253684727475047
64,82,18,0.18,0.40490789722651244
76,88,12,0.12,0.2816111500933766
78,89,11,0.11,0.38744133363012223
76,88,12,0.12,0.4039600071683526
70,85,15,0.15,0.3623450012877584
70,85,15,0.15,0.33145633224397897
76,88,12,0.12,0.3886503916978836
80,90,10,0.1,0.4139769983571023
64,82,18,0.18,0.3428999337553978
78,89,11,0.11,0.4063151364028454
56,78,22,0.22,0.3573379869759083
82,91,9,0.09,0.3184231464751065
64,82,18,0.18,0.35790492706000804
80,90,10,0.1,0.3476569927483797
76,88,12,0.12,0.4087485382333398
68,84,16,0.16,0.35439123794436456
70,85,15,0.15,0.39074847316369415
76,88,12,0.12,0.3317144430056214
78,89,11,0.11,0.4079747591679916
64,82,18,0.18,0.376175362020731
70,85,15,0.15,0.3902362482622266
66,83,17,0.17,0.309013234898448
84,92,8,0.08,0.3738092982582748
56,78,22,0.22,0.38211521331220866
56,78,22,0.22,0.36969879232347014
66,83,17,0.17,0.43507985362783075
78,89,11,0.11,0.3780290848016739
64,82,18,0.18,0.3937954062782228
56,78,22,0.22,0.4539962396770716
54,77,23,0.23,0.41989741727709773
70,85,15,0.15,0.4472263912856579
48,74,26,0.26,0.47978863142430783
74,87,13,0.13,0.3862777905538678
68,84,16,0.16,0.4273960031569004
68,84,16,0.16,0.45547533478587865
76,88,12,0.12,0.3893269815854728
76,88,12,0.12,0.4086040577478707
74,87,13,0.13,0.36678076535463333
74,87,13,0.13,0.3386903516948223
60,80,20,0.2,0.36684119202196597
62,81,19,0.19,0.40273081824183465
70,85,15,0.15,0.38556284286081793
68,84,16,0.16,0.4352788351476192
62,81,19,0.19,0.37471815321594476
74,87,13,0.13,0.3795246440172195
54,77,23,0.23,0.4211202636361122
70,85,15,0.15,0.3980902756750584
70,85,15,0.15,0.3801251238584518
82,91,9,0.09,0.35966926433146
66,83,17,0.17,0.3234353932365775
58,79,21,0.21,0.4002671392634511
68,84,16,0.16,0.40820048466324804
78,89,11,0.11,0.3805916591733694
64,82,18,0.18,0.3503335370495915
52,76,24,0.24,0.44777069974690675
68,84,16,0.16,0.39384833760559557
66,83,17,0.17,0.3675900826975703
68,84,16,0.16,0.3514232724532485
70,85,15,0.15,0.4053470927476883
62,81,19,0.19,0.41302597485482695
86,93,7,0.07,0.3704895346984267
70,85,15,0.15,0.3686656280979514
66,83,17,0.17,0.4667071232199669
70,85,15,0.15,0.3828391158208251
66,83,17,0.17,0.38899327639490366
70,85,15,0.15,0.34429605104029176
52,76,24,0.24,0.41219724718481304
88,94,6,0.06,0.3608476462494582
60,80,20,0.2,0.39722828157246115
50,75,25,0.25,0.40767155691981316
76,88,12,0.12,0.4238284402340651
78,89,11,0.11,0.3523035168647766
62,81,19,0.19,0.5206229505687952
64,82,18,0.18,0.4219019803404808
54,77,23,0.23,0.4772097511589527
68,84,16,0.16,0.44092617362737657
78,89,11,0.11,0.40906900733709334
82,91,9,0.09,0.37834287226200103
72,86,14,0.14,0.4171110334992409
68,84,16,0.16,0.45090335108339785
80,90,10,0.1,0.34708404053002595
38,69,31,0.31,0.4325544549152255
84,92,8,0.08,0.31862219274044035
70,85,15,0.15,0.3896656932681799
70,85,15,0.15,0.42518420949578284
70,85,15,0.15,0.4553922541812062
74,87,13,0.13,0.3587306414544582
62,81,19,0.19,0.4274113954603672
66,83,17,0.17,0.3916986035183072
58,79,21,0.21,0.416256964430213
72,86,14,0.14,0.45651783511042593
62,81,19,0.19,0.4084553363919258
64,82,18,0.18,0.4880980955809355
72,86,14,0.14,0.4266252298653126
62,81,19,0.19,0.479584331959486
62,81,19,0.19,0.4850260456651449
62,81,19,0.19,0.48776855528354646
44,72,28,0.28,0.5089436297863722
66,83,17,0.17,0.5301131173968315
80,90,10,0.1,0.46080800220370294
76,88,12,0.12,0.4257121919095516
78,89,11,0.11,0.5029155366122723
66,83,17,0.17,0.42106050200760364
56,78,22,0.22,0.5027352593839168
56,78,22,0.22,0.487903533577919
76,88,12,0.12,0.5252533862739801
84,92,8,0.08,0.4234974529594183
74,87,13,0.13,0.45350908406078816
46,73,27,0.27,0.5272719249129295
88,94,6,0.06,0.4758561483770609
82,91,9,0.09,0.38134352177381514
68,84,16,0.16,0.6015699590742588
72,86,14,0.14,0.4928222841024399
70,85,15,0.15,0.49994683735072615
72,86,14,0.14,0.5143714754283428
56,78,22,0.22,0.5323908933997155
78,89,11,0.11,0.46145390629768374
68,84,16,0.16,0.5471168744564057
72,86,14,0.14,0.465878996104002
66,83,17,0.17,0.5800423845648766
62,81,19,0.19,0.4873649853467941
58,79,21,0.21,0.5535176678001881
68,84,16,0.16,0.5256692872941494
62,81,19,0.19,0.5798965592682361
64,82,18,0.18,0.4995719882845879
74,87,13,0.13,0.5305995199084282
58,79,21,0.21,0.5028233142197132
72,86,14,0.14,0.513388366997242
64,82,18,0.18,0.6067076195776463
68,84,16,0.16,0.6031668898463249
86,93,7,0.07,0.5515573465824127
86,93,7,0.07,0.5112034058570862
60,80,20,0.2,0.5989509184285998
70,85,15,0.15,0.5508867639303208
48,74,26,0.26,0.5508385051786899
88,94,6,0.06,0.5490483047068119
66,83,17,0.17,0.5250046628713608
50,75,25,0.25,0.5428676295280457
60,80,20,0.2,0.5543788720667362
74,87,13,0.13,0.5227450171113014
68,84,16,0.16,0.5602019692957402
52,76,24,0.24,0.5508805505931378
62,81,19,0.19,0.558924106657505
72,86,14,0.14,0.5432231448590755
66,83,17,0.17,0.5963015124201775
86,93,7,0.07,0.504192426353693
68,84,16,0.16,0.5076679363846779
80,90,10,0.1,0.5146645175665617
70,85,15,0.15,0.5549221952259541
78,89,11,0.11,0.5304116683453322
82,91,9,0.09,0.5421978294104338
70,85,15,0.15,0.4952891206741333
68,84,16,0.16,0.4778279226273298
54,77,23,0.23,0.5429456447064877
86,93,7,0.07,0.5369467729330063
80,90,10,0.1,0.5381303629279137
76,88,12,0.12,0.553265402764082
70,85,15,0.15,0.6247169952094555
62,81,19,0.19,0.568292663693428
74,87,13,0.13,0.5332140710949897
64,82,18,0.18,0.6103229132294655
62,81,19,0.19,0.5771136681735516
68,84,16,0.16,0.5963174688816071
62,81,19,0.19,0.5326296143233776
74,87,13,0.13,0.4820930042862892
46,73,27,0.27,0.5777802290022374
64,82,18,0.18,0.6086448085308075
66,83,17,0.17,0.6064568744599819
76,88,12,0.12,0.5838683833926916
78,89,11,0.11,0.5872925393283367
74,87,13,0.13,0.6921947154402733
68,84,16,0.16,0.5307351863384246
64,82,18,0.18,0.5778947249054909
66,83,17,0.17,0.5202070581912994
66,83,17,0.17,0.5893525460362434
62,81,19,0.19,0.6124517752230167
68,84,16,0.16,0.5943282009661197
78,89,11,0.11,0.5524309635162353
70,85,15,0.15,0.5407195185124875
54,77,23,0.23,0.6348002405464649
82,91,9,0.09,0.5739578910171985
74,87,13,0.13,0.57856310069561
74,87,13,0.13,0.5808382287621499
54,77,23,0.23,0.6252016159892082
60,80,20,0.2,0.573049996048212
80,90,10,0.1,0.5756068269908429
66,83,17,0.17,0.6003092041611672
54,77,23,0.23,0.5917272940278053
74,87,13,0.13,0.5950291209667921
60,80,20,0.2,0.5786164772510528
50,75,25,0.25,0.5876981009542942
58,79,21,0.21,0.5768090154230595
76,88,12,0.12,0.48890072241425514
68,84,16,0.16,0.5672503226995468
76,88,12,0.12,0.6302961891889572
66,83,17,0.17,0.5597885823249817
82,91,9,0.09,0.530684015750885
66,83,17,0.17,0.5883364352583885
68,84,16,0.16,0.5482674306631088
82,91,9,0.09,0.512617212831974
90,95,5,0.05,0.516865531206131
70,85,15,0.15,0.5589388656616211
40,70,30,0.3,0.6295680536329746
84,92,8,0.08,0.5545356523990631
74,87,13,0.13,0.5661023886501789
58,79,21,0.21,0.5276223790645599
72,86,14,0.14,0.5681612239778042
86,93,7,0.07,0.5660487098991871
70,85,15,0.15,0.5973345898091793
50,75,25,0.25,0.5569039415940642
78,89,11,0.11,0.5434738636016846
66,83,17,0.17,0.5455941972136498
52,76,24,0.24,0.6027348636090756
48,74,26,0.26,0.5897132454812527
68,84,16,0.16,0.5019538640975952
62,81,19,0.19,0.5706134252250195
42,71,29,0.29,0.6347300757467746
66,83,17,0.17,0.5682213382422924
78,89,11,0.11,0.5248381029069423
70,85,15,0.15,0.5485336601734161
64,82,18,0.18,0.549021612405777
74,87,13,0.13,0.5822860969603062
68,84,16,0.16,0.5566329963505268
84,92,8,0.08,0.5720606204867363
68,84,16,0.16,0.5764036294817925
80,90,10,0.1,0.5800209698081017
68,84,16,0.16,0.48313346654176714
74,87,13,0.13,0.5906402383744717
62,81,19,0.19,0.5087694671750068
74,87,13,0.13,0.5872727499902248
66,83,17,0.17,0.49304742097854615
72,86,14,0.14,0.6035858437418937
80,90,10,0.1,0.5463617234677076
72,86,14,0.14,0.5890961226820945
42,71,29,0.29,0.5847889731824398
62,81,19,0.19,0.6222037817537784
58,79,21,0.21,0.5579483237862587
64,82,18,0.18,0.5410254880785942
82,91,9,0.09,0.5247998161613942
70,85,15,0.15,0.6618034300208092
58,79,21,0.21,0.525898335725069
62,81,19,0.19,0.548771138638258
58,79,21,0.21,0.6183131657540798
72,86,14,0.14,0.5458842980861663
62,81,19,0.19,0.5853828105330467
70,85,15,0.15,0.5343257100880145
66,83,17,0.17,0.5438805209100246
50,75,25,0.25,0.5253121462464333
64,82,18,0.18,0.5949078512191772
78,89,11,0.11,0.5583510009944439
74,87,13,0.13,0.5224361437559127
66,83,17,0.17,0.5545932866632939
54,77,23,0.23,0.5881926564872265
60,80,20,0.2,0.554264430552721
76,88,12,0.12,0.5066640676558017
74,87,13,0.13,0.5146906860172749
58,79,21,0.21,0.6026091273128986
56,78,22,0.22,0.5275959393382073
66,83,17,0.17,0.5478979304432869
68,84,16,0.16,0.5162653379142285
68,84,16,0.16,0.5728523160517216
66,83,17,0.17,0.5638501738011837
72,86,14,0.14,0.5466977144777775
72,86,14,0.14,0.530325522646308
78,89,11,0.11,0.6421270342171193
76,88,12,0.12,0.5254789479076862
82,91,9,0.09,0.5492213079333306
70,85,15,0.15,0.5882218818366528
74,87,13,0.13,0.5412873865664005
68,84,16,0.16,0.54373245626688
74,87,13,0.13,0.5174853847920895
62,81,19,0.19,0.6043260195851325
78,89,11,0.11,0.5299955503642559
76,88,12,0.12,0.5306449128687382
60,80,20,0.2,0.522529122531414
82,91,9,0.09,0.5293282207846641
82,91,9,0.09,0.5854763840138912
82,91,9,0.09,0.5086102345585823
82,91,9,0.09,0.5725701868534088
54,77,23,0.23,0.5448867912590504
56,78,22,0.22,0.6057796563208103
76,88,12,0.12,0.6079980546236038
64,82,18,0.18,0.5797526514530182
88,94,6,0.06,0.5354997400939464
66,83,17,0.17,0.5622231370210647
76,88,12,0.12,0.573313295096159
80,90,10,0.1,0.5748238334059715
86,93,7,0.07,0.5391321927309036
64,82,18,0.18,0.5425980731844902
74,87,13,0.13,0.533474622964859
72,86,14,0.14,0.525805689021945
54,77,23,0.23,0.5568260090053081
68,84,16,0.16,0.5700399980694055
70,85,15,0.15,0.5094309116899968
68,84,16,0.16,0.5730422304570675
46,73,27,0.27,0.5727658553421497
90,95,5,0.05,0.551087591201067
72,86,14,0.14,0.49381486579775813
72,86,14,0.14,0.589416930526495
80,90,10,0.1,0.5141734427213669
76,88,12,0.12,0.5490381251275539
76,88,12,0.12,0.5020161812007428
58,79,21,0.21,0.5722127945721149
80,90,10,0.1,0.5953313292562962
82,91,9,0.09,0.5041906622052192
74,87,13,0.13,0.5077511996030808
68,84,16,0.16,0.5886322963237762
70,85,15,0.15,0.5673902142047882
66,83,17,0.17,0.5332408471405506
80,90,10,0.1,0.5653308159112931
60,80,20,0.2,0.6042070990800857
82,91,9,0.09,0.5104523693025113
60,80,20,0.2,0.5208716340363025
60,80,20,0.2,0.5796714787185192
56,78,22,0.22,0.5538607206940651
66,83,17,0.17,0.5312201100587844
80,90,10,0.1,0.5191175499558449
86,93,7,0.07,0.5905329114198685
62,81,19,0.19,0.539373885691166
56,78,22,0.22,0.6006956826150417
80,90,10,0.1,0.5435813163220883
64,82,18,0.18,0.5576365177333354
80,90,10,0.1,0.6500114269554615
72,86,14,0.14,0.5652337731420993
74,87,13,0.13,0.5083076828718185
50,75,25,0.25,0.527205319404602
70,85,15,0.15,0.5299925781786442
82,91,9,0.09,0.5686469049751759
62,81,19,0.19,0.5765242153406143
76,88,12,0.12,0.5249816475808621
78,89,11,0.11,0.46819520816206933
70,85,15,0.15,0.5852077969908714
58,79,21,0.21,0.5488938158750534
58,79,21,0.21,0.5861127679795026
62,81,19,0.19,0.5236684460937977
64,82,18,0.18,0.5792101801931858
64,82,18,0.18,0.5781340682506562
56,78,22,0.22,0.5892694625258446
70,85,15,0.15,0.5529885838925839
58,79,21,0.21,0.5891765938699245
68,84,16,0.16,0.5423569872975349
70,85,15,0.15,0.53922975897789
36,68,32,0.32,0.5737933474779129
64,82,18,0.18,0.5144759730994701
68,84,16,0.16,0.5534243651479482
72,86,14,0.14,0.5185346283018589
68,84,16,0.16,0.54109435364604
68,84,16,0.16,0.49680138908326626
64,82,18,0.18,0.5368179407715797
64,82,18,0.18,0.4835129150748253
60,80,20,0.2,0.5587155781686306
70,85,15,0.15,0.3904853871464729
66,83,17,0.17,0.4863268172740936
70,85,15,0.15,0.48648631110787394
64,82,18,0.18,0.49059652954339983
78,89,11,0.11,0.4716924656927586
66,83,17,0.17,0.40863794058561326
90,95,5,0.05,0.529184833317995
54,77,23,0.23,0.47412534222006797
68,84,16,0.16,0.521638706997037
70,85,15,0.15,0.47316841714084146
56,78,22,0.22,0.4978227966465056
64,82,18,0.18,0.5148727254569531
80,90,10,0.1,0.5301960910856723
62,81,19,0.19,0.5463541379570961
66,83,17,0.17,0.5079336199909449
56,78,22,0.22,0.5097267754375935
74,87,13,0.13,0.5000299140810966
70,85,15,0.15,0.39119852989912035
72,86,14,0.14,0.4771076509356499
74,87,13,0.13,0.45961606584489345
62,81,19,0.19,0.4696708778291941
74,87,13,0.13,0.38283456161618235
66,83,17,0.17,0.48676339864730833
84,92,8,0.08,0.4747626689821482
74,87,13,0.13,0.46621429935097697
72,86,14,0.14,0.4712042057514191
62,81,19,0.19,0.4367160688340664
64,82,18,0.18,0.46802950598299503
74,87,13,0.13,0.4969263585656881
64,82,18,0.18,0.45395499393343924
66,83,17,0.17,0.425999927893281
64,82,18,0.18,0.48547016456723213
84,92,8,0.08,0.4211208876222372
62,81,19,0.19,0.4680850438028574
66,83,17,0.17,0.46380863189697263
56,78,22,0.22,0.5480173033475876
70,85,15,0.15,0.4085445963591337
72,86,14,0.14,0.40890677750110627
68,84,16,0.16,0.5199465514719486
