log_avg_ept_score,log_avg_succ_req,log_avg_blk_req,log_avg_BP_req,log_avg_entropy
-52,474,526,0.526,3.9107800769805907
-70,465,535,0.535,3.9098729679584503
-100,450,550,0.55,3.9110856432914733
-20,490,510,0.51,3.910831915855408
-58,471,529,0.529,3.909287168264389
-124,438,562,0.562,3.910203679561615
-110,445,555,0.555,3.9098831248283386
-88,456,544,0.544,3.908223359584808
-64,468,532,0.532,3.911108515739441
-8,496,504,0.504,3.909981630086899
-88,456,544,0.544,3.911048023700714
-100,450,550,0.55,3.9111023190021514
-124,438,562,0.562,3.9102526245117186
-150,425,575,0.575,3.9110652225017546
-112,444,556,0.556,3.910656720638275
-116,442,558,0.558,3.910780252933502
-108,446,554,0.554,3.9111006495952605
-82,459,541,0.541,3.9109614651203155
-70,465,535,0.535,3.9107492549419405
-102,449,551,0.551,3.911045142889023
-102,449,551,0.551,3.9108134686946867
-76,462,538,0.538,3.910192371845245
-58,471,529,0.529,3.910204141616821
-68,466,534,0.534,3.910806622982025
-80,460,540,0.54,3.9107066719532013
-112,444,556,0.556,3.9110897676944734
-74,463,537,0.537,3.9099725425243377
-52,474,526,0.526,3.910997479200363
-94,453,547,0.547,3.9109041657447814
-114,443,557,0.557,3.90854218518734
-78,461,539,0.539,3.9109947040081026
-48,476,524,0.524,3.910874667406082
-96,452,548,0.548,3.9075402448177337
-54,473,527,0.527,3.9067659587860106
-64,468,532,0.532,3.910939345121384
-76,462,538,0.538,3.9107714042663573
-90,455,545,0.545,3.910767378568649
-96,452,548,0.548,3.9106401908397674
-72,464,536,0.536,3.910079752445221
-104,448,552,0.552,3.9101700723171233
-22,489,511,0.511,3.9108004479408263
-66,467,533,0.533,3.910143111228943
-80,460,540,0.54,3.9094843578338625
-72,464,536,0.536,3.908892889022827
-120,440,560,0.56,3.910526061296463
-128,436,564,0.564,3.910617114067078
-140,430,570,0.57,3.905578238785968
-112,444,556,0.556,3.910454019546509
-112,444,556,0.556,3.906796334720217
-10,495,505,0.505,3.903406060770154
-78,461,539,0.539,3.9091103615760803
-40,480,520,0.52,3.9106041083335876
-48,476,524,0.524,3.910372999191284
-96,452,548,0.548,3.907408275961876
-62,469,531,0.531,3.909797636985779
-78,461,539,0.539,3.9064639027240826
-110,445,555,0.555,3.91050577044487
-112,444,556,0.556,3.910335066318512
-92,454,546,0.546,3.908189687013626
-114,443,557,0.557,3.9090442612171175
-88,456,544,0.544,3.90942205119133
-84,458,542,0.542,3.906213021695614
-98,451,549,0.549,3.9046207628361334
-58,471,529,0.529,3.8950013827309014
-120,440,560,0.56,3.906262298256159
-104,448,552,0.552,3.909866836309433
-78,461,539,0.539,3.9092963120937347
-116,442,558,0.558,3.908646560668945
-98,451,549,0.549,3.9098727428913116
-48,476,524,0.524,3.9074216952323915
-62,469,531,0.531,3.9089668123722077
-102,449,551,0.551,3.908289474725723
-24,488,512,0.512,3.909478748559952
-118,441,559,0.559,3.89923440271616
-24,488,512,0.512,3.900829899720455
-4,498,502,0.502,3.9065200852155684
-84,458,542,0.542,3.9011132474541954
-88,456,544,0.544,3.9025204278230667
-48,476,524,0.524,3.908486780166626
-26,487,513,0.513,3.908123579978943
-96,452,548,0.548,3.908362454175949
-120,440,560,0.56,3.9090580875873564
-52,474,526,0.526,3.908353495836258
-60,470,530,0.53,3.9088409311771395
-88,456,544,0.544,3.90830233335495
-76,462,538,0.538,3.908149508714676
-136,432,568,0.568,3.9044600334614517
-98,451,549,0.549,3.906566486120224
-60,470,530,0.53,3.9078161590099336
-66,467,533,0.533,3.898028714726155
-104,448,552,0.552,3.907448619365692
-82,459,541,0.541,3.9063707818984987
-12,494,506,0.506,3.9035274195075034
-76,462,538,0.538,3.9056156651973724
-44,478,522,0.522,3.9063049321174623
-78,461,539,0.539,3.906248992204666
-42,479,521,0.521,3.9063010261058806
-8,496,504,0.504,3.9051528494358063
-82,459,541,0.541,3.903455208301544
-28,486,514,0.514,3.8995783595591784
-38,481,519,0.519,3.9043490772247313
-4,498,502,0.502,3.9048232386112214
-72,464,536,0.536,3.9050471432209015
-52,474,526,0.526,3.9008478350117803
-48,476,524,0.524,3.896089149937034
-14,493,507,0.507,3.9042045018672944
-56,472,528,0.528,3.8989131700053696
-76,462,538,0.538,3.903070463180542
-40,480,520,0.52,3.9032397899627687
-56,472,528,0.528,3.9002749938964842
-96,452,548,0.548,3.8991305782794954
-142,429,571,0.571,3.899551185131073
-68,466,534,0.534,3.9032586097717283
-32,484,516,0.516,3.896788592427969
-52,474,526,0.526,3.901706582784653
-10,495,505,0.505,3.8973096340894697
-118,441,559,0.559,3.8960053749978543
-42,479,521,0.521,3.900074533700943
-60,470,530,0.53,3.891501076566088
-60,470,530,0.53,3.8894886793389776
-126,437,563,0.563,3.89824057841301
-46,477,523,0.523,3.899496429681778
-52,474,526,0.526,3.8947115604877474
-28,486,514,0.514,3.8976239631175993
-92,454,546,0.546,3.8867109557333697
-60,470,530,0.53,3.8929406865835188
-90,455,545,0.545,3.8882075413651767
-76,462,538,0.538,3.885680429694543
-82,459,541,0.541,3.8945627391338347
-64,468,532,0.532,3.8912832194268705
-78,461,539,0.539,3.8815357619524002
-96,452,548,0.548,3.8849256962239744
-60,470,530,0.53,3.8789871870459876
-52,474,526,0.526,3.8874851933717727
-32,484,516,0.516,3.890048933982849
4,502,498,0.498,3.8900331065654754
-40,480,520,0.52,3.8917448811531066
-22,489,511,0.511,3.890447889328003
-58,471,529,0.529,3.881518983085748
-10,495,505,0.505,3.8904138839244844
-44,478,522,0.522,3.891345150232315
-24,488,512,0.512,3.8909142332077025
-44,478,522,0.522,3.88774285697937
-10,495,505,0.505,3.8898466155529023
-70,465,535,0.535,3.8746496285456233
8,504,496,0.496,3.890938029050827
-44,478,522,0.522,3.890721343994141
-2,499,501,0.501,3.887607660770416
-46,477,523,0.523,3.8903927400112153
-58,471,529,0.529,3.8820079456567766
0,500,500,0.5,3.886601105809212
-58,471,529,0.529,3.8821176891326905
-10,495,505,0.505,3.887186396598816
-74,463,537,0.537,3.888440940618515
-50,475,525,0.525,3.8733449290294666
-36,482,518,0.518,3.882730211776681
-52,474,526,0.526,3.883691046833992
-34,483,517,0.517,3.8878435049057005
-74,463,537,0.537,3.8880336067676544
-44,478,522,0.522,3.887847456216812
-32,484,516,0.516,3.885787184894085
-12,494,506,0.506,3.876845003515482
-36,482,518,0.518,3.884516016483307
14,507,493,0.493,3.88590340423584
-98,451,549,0.549,3.8872588262557985
-30,485,515,0.515,3.8829542255699634
-8,496,504,0.504,3.8860805747509004
-30,485,515,0.515,3.8816623700173802
-84,458,542,0.542,3.871836781507759
-12,494,506,0.506,3.884370896100998
-52,474,526,0.526,3.8857548854351043
24,512,488,0.488,3.878830585062504
-4,498,502,0.502,3.875753274321556
42,521,479,0.479,3.8856005198955534
-62,469,531,0.531,3.8851174364089966
-46,477,523,0.523,3.8783149962835015
-4,498,502,0.502,3.880829243540764
2,501,499,0.499,3.88426948261261
12,506,494,0.494,3.8729762813559137
-26,487,513,0.513,3.8854690766334534
-34,483,517,0.517,3.8776744948611594
-24,488,512,0.512,3.885278133392334
-30,485,515,0.515,3.884914844751358
-72,464,536,0.536,3.8865573840141296
-76,462,538,0.538,3.867226859629154
12,506,494,0.494,3.8804829476786256
-38,481,519,0.519,3.876138074785471
-64,468,532,0.532,3.8801210091114045
-4,498,502,0.502,3.8815943253040315
-62,469,531,0.531,3.8704001810610644
0,500,500,0.5,3.88297434091568
-36,482,518,0.518,3.882601222515106
-84,458,542,0.542,3.8774252405166627
32,516,484,0.484,3.880410673379898
-26,487,513,0.513,3.879714959144592
46,523,477,0.477,3.876412136912346
-32,484,516,0.516,3.8781633207798003
14,507,493,0.493,3.8782399213314056
42,521,479,0.479,3.879703067302704
-10,495,505,0.505,3.8797521555423735
-70,465,535,0.535,3.87878009557724
-18,491,509,0.509,3.869590365632106
4,502,498,0.498,3.873830606877804
-32,484,516,0.516,3.876755190849304
-22,489,511,0.511,3.8811720139980315
-2,499,501,0.501,3.870768438161467
-40,480,520,0.52,3.8769797316789627
-12,494,506,0.506,3.8760192759114434
16,508,492,0.492,3.879037157535553
-4,498,502,0.502,3.879190232038498
2,501,499,0.499,3.879631512880325
-50,475,525,0.525,3.877879928827286
-34,483,517,0.517,3.877812444448471
-16,492,508,0.508,3.8766659545898436
-34,483,517,0.517,3.8770133771896362
-58,471,529,0.529,3.8751204936504364
46,523,477,0.477,3.869879061937332
42,521,479,0.479,3.874507806301117
10,505,495,0.495,3.8781117899417876
-16,492,508,0.508,3.8770870480537414
2,501,499,0.499,3.8702306917743945
30,515,485,0.485,3.8768746275901793
-52,474,526,0.526,3.8715142291784286
-34,483,517,0.517,3.874492152929306
-22,489,511,0.511,3.8764484269618986
-52,474,526,0.526,3.873740822434425
0,500,500,0.5,3.8719205718040466
-42,479,521,0.521,3.8729770362377165
-32,484,516,0.516,3.873023652553558
-52,474,526,0.526,3.868736003339291
12,506,494,0.494,3.8701890467405318
-52,474,526,0.526,3.872785439968109
-36,482,518,0.518,3.8649265046715735
-18,491,509,0.509,3.8662743040919305
-46,477,523,0.523,3.8720045385360717
-14,493,507,0.507,3.8671310875415803
44,522,478,0.478,3.866719386458397
-4,498,502,0.502,3.864096588015556
-8,496,504,0.504,3.861288756668568
-14,493,507,0.507,3.8714743893146517
-4,498,502,0.502,3.8655467496812346
-78,461,539,0.539,3.8707926046848296
12,506,494,0.494,3.871378453493118
52,526,474,0.474,3.8719142920970917
-56,472,528,0.528,3.8678744914531706
38,519,481,0.481,3.8667869358062745
-30,485,515,0.515,3.8717505588531496
-42,479,521,0.521,3.8732165350914003
10,505,495,0.495,3.863815599501133
0,500,500,0.5,3.8701309027671815
46,523,477,0.477,3.86979279088974
-22,489,511,0.511,3.8644144916534424
-40,480,520,0.52,3.864382277807514
6,503,497,0.497,3.870052095174789
-48,476,524,0.524,3.862651290178299
118,559,441,0.441,3.866075585603714
-18,491,509,0.509,3.870143826961517
14,507,493,0.493,3.8678371620178225
2,501,499,0.499,3.8577256520092487
92,546,454,0.454,3.860901783498004
32,516,484,0.484,3.8645688118934634
22,511,489,0.489,3.8632506098747252
-20,490,510,0.51,3.8667256371974945
26,513,487,0.487,3.863002991915724
-34,483,517,0.517,3.8613687405586243
-8,496,504,0.504,3.8662804408073423
8,504,496,0.496,3.8645457520484925
4,502,498,0.498,3.865570303916931
14,507,493,0.493,3.86158038854599
12,506,494,0.494,3.856648266291246
48,524,476,0.476,3.8589374381303787
24,512,488,0.488,3.8665249879360197
-36,482,518,0.518,3.857840889407322
-12,494,506,0.506,3.863905901670456
-28,486,514,0.514,3.8624716936945913
0,500,500,0.5,3.859971920669079
-14,493,507,0.507,3.8600936729609967
-22,489,511,0.511,3.865052214860916
30,515,485,0.485,3.86281609582901
28,514,486,0.486,3.850488040268421
-14,493,507,0.507,3.860900262236595
38,519,481,0.481,3.853838515430689
-4,498,502,0.502,3.8627401509284973
-30,485,515,0.515,3.853706111609936
0,500,500,0.5,3.857837146639824
-34,483,517,0.517,3.8558055776297406
-28,486,514,0.514,3.8566697087287904
32,516,484,0.484,3.8626449308395387
68,534,466,0.466,3.861098232269287
40,520,480,0.48,3.8596438038349152
-40,480,520,0.52,3.8585685288906095
-24,488,512,0.512,3.8544660949110985
0,500,500,0.5,3.8579259907007217
-12,494,506,0.506,3.8559721820354462
-24,488,512,0.512,3.8475396103560926
-28,486,514,0.514,3.8568252255916597
-22,489,511,0.511,3.8484607158899307
-10,495,505,0.505,3.853091588973999
8,504,496,0.496,3.8497151371240617
14,507,493,0.493,3.856531327009201
40,520,480,0.48,3.852737207889557
14,507,493,0.493,3.849312182464637
28,514,486,0.486,3.8524427361488343
56,528,472,0.472,3.8460274460315707
6,503,497,0.497,3.849078334093094
-12,494,506,0.506,3.8485444493293763
-18,491,509,0.509,3.8513978888988496
-26,487,513,0.513,3.8419371958971023
18,509,491,0.491,3.8515878489017488
-18,491,509,0.509,3.8476322937011718
56,528,472,0.472,3.847576329395175
-2,499,501,0.501,3.848998211145401
26,513,487,0.487,3.8431933251619337
-4,498,502,0.502,3.8505375382900238
60,530,470,0.47,3.8480381772518157
4,502,498,0.498,3.8476998245716096
38,519,481,0.481,3.847200629234314
18,509,491,0.491,3.8438629298210145
38,519,481,0.481,3.8412860698699953
60,530,470,0.47,3.8440624742507934
16,508,492,0.492,3.839774515256286
114,557,443,0.443,3.8401559454202654
58,529,471,0.471,3.843911433458328
32,516,484,0.484,3.8449755527973175
40,520,480,0.48,3.8439268528223036
2,501,499,0.499,3.8411244735717776
46,523,477,0.477,3.8433831377029417
80,540,460,0.46,3.8451846315860747
40,520,480,0.48,3.8403297853703116
26,513,487,0.487,3.8427933337688445
18,509,491,0.491,3.8425446178913116
46,523,477,0.477,3.837092840147205
72,536,464,0.464,3.8344839797020005
-10,495,505,0.505,3.8383544347286223
36,518,482,0.482,3.840723308086395
88,544,456,0.456,3.8366387964487076
10,505,495,0.495,3.8371424119472506
38,519,481,0.481,3.840607881307602
24,512,488,0.488,3.835683529615402
74,537,463,0.463,3.8256750702261924
52,526,474,0.474,3.8364709532260894
84,542,458,0.458,3.8314190974235536
12,506,494,0.494,3.8400154900550842
28,514,486,0.486,3.8340659897327423
68,534,466,0.466,3.8354813632965086
54,527,473,0.473,3.8292582054138182
66,533,467,0.467,3.8231466425657272
88,544,456,0.456,3.8195669260025022
86,543,457,0.457,3.826994473695755
66,533,467,0.467,3.8186103222966192
94,547,453,0.453,3.8285215663909913
28,514,486,0.486,3.8226172246932983
-6,497,503,0.503,3.8202300968170166
68,534,466,0.466,3.8176320769786836
96,548,452,0.452,3.8170315120220186
66,533,467,0.467,3.815670822143555
88,544,456,0.456,3.8158422515392303
62,531,469,0.469,3.796490852534771
30,515,485,0.485,3.8098573639392854
118,559,441,0.441,3.809690459728241
68,534,466,0.466,3.8011253776550293
38,519,481,0.481,3.8077277364730837
82,541,459,0.459,3.80083323264122
90,545,455,0.455,3.79332683352381
78,539,461,0.461,3.801499623298645
60,530,470,0.47,3.794826434612274
42,521,479,0.479,3.794791496992111
102,551,449,0.449,3.785104777574539
106,553,447,0.447,3.785473942518234
78,539,461,0.461,3.7932786359786985
76,538,462,0.462,3.778801099419594
144,572,428,0.428,3.7814191451072694
104,552,448,0.448,3.7785869870185853
104,552,448,0.448,3.7679685006141663
64,532,468,0.468,3.774841383218765
64,532,468,0.468,3.760796367883682
90,545,455,0.455,3.7546733422279357
100,550,450,0.45,3.7501406723161343
124,562,438,0.438,3.733381164371967
124,562,438,0.438,3.7322831341028215
152,576,424,0.424,3.7255333917140963
100,550,450,0.45,3.728575805783272
128,564,436,0.436,3.7200399893522262
192,596,404,0.404,3.698633835315704
146,573,427,0.427,3.6979207050800325
208,604,396,0.396,3.6893847308158874
224,612,388,0.388,3.675570743560791
192,596,404,0.404,3.653703964173794
214,607,393,0.393,3.625129107475281
170,585,415,0.415,3.619476029634476
182,591,409,0.409,3.617276594221592
252,626,374,0.374,3.5709362761974335
120,560,440,0.44,3.5551011036410927
244,622,378,0.378,3.5251126254200935
212,606,394,0.394,3.521216321527958
290,645,355,0.355,3.4036078912615775
278,639,361,0.361,3.3781721833944323
278,639,361,0.361,3.35935292266123
312,656,344,0.344,3.3295320649147033
370,685,315,0.315,3.1567998355329037
330,665,335,0.335,3.1331585565805433
374,687,313,0.313,3.0762356895804404
432,716,284,0.284,3.084061695575714
432,716,284,0.284,2.875773696601391
500,750,250,0.25,2.7747432591505348
452,726,274,0.274,2.7351939569469543
464,732,268,0.268,2.7310726435780524
546,773,227,0.227,2.5012463842332364
548,774,226,0.226,2.447676779270172
492,746,254,0.254,2.402562732631858
560,780,220,0.22,2.37488341152668
572,786,214,0.214,2.1725062972307203
562,781,219,0.219,2.193544618844986
602,801,199,0.199,2.08789915060997
578,789,211,0.211,2.0752889137864114
608,804,196,0.196,1.9642168841362
618,809,191,0.191,1.935524788916111
678,839,161,0.161,1.899238539814949
608,804,196,0.196,1.9554052996635436
626,813,187,0.187,1.8099851604700088
646,823,177,0.177,1.8132557870149613
698,849,151,0.151,1.7818687768355013
652,826,174,0.174,1.7308886174559592
684,842,158,0.158,1.6936708272695542
652,826,174,0.174,1.6849415994882584
616,808,192,0.192,1.7239863274097442
686,843,157,0.157,1.6538349770605565
756,878,122,0.122,1.5819536501467228
642,821,179,0.179,1.6410180090665818
646,823,177,0.177,1.6493940732479095
682,841,159,0.159,1.6315827252864838
656,828,172,0.172,1.601513348788023
686,843,157,0.157,1.6188108303248883
744,872,128,0.128,1.5539742597937585
616,808,192,0.192,1.616520609498024
692,846,154,0.154,1.6145841999799013
704,852,148,0.148,1.53762854886055
618,809,191,0.191,1.5754527615904808
634,817,183,0.183,1.5931480706930161
582,791,209,0.209,1.570286692082882
692,846,154,0.154,1.5221826233267783
696,848,152,0.152,1.5189879572987557
672,836,164,0.164,1.5351079018363745
678,839,161,0.161,1.5057448899149894
682,841,159,0.159,1.4816148081570863
618,809,191,0.191,1.5618273549419828
644,822,178,0.178,1.5356551542988963
638,819,181,0.181,1.5061043705940247
722,861,139,0.139,1.4393437322080136
720,860,140,0.14,1.3926730270385743
750,875,125,0.125,1.3968026171028614
740,870,130,0.13,1.3981689242720652
688,844,156,0.156,1.4274502828121185
664,832,168,0.168,1.467337516874075
682,841,159,0.159,1.4541490013194598
700,850,150,0.15,1.4400564902424813
668,834,166,0.166,1.4737779367997277
788,894,106,0.106,1.405737415999174
686,843,157,0.157,1.5014463135323821
688,844,156,0.156,1.5280740764141083
652,826,174,0.174,1.5314448783993722
610,805,195,0.195,1.5690629541467336
618,809,191,0.191,1.5644485405683517
738,869,131,0.131,1.508661851644516
648,824,176,0.176,1.576793611049652
668,834,166,0.166,1.5667780408859253
672,836,164,0.164,1.5594981651604176
684,842,158,0.158,1.5098944465517998
640,820,180,0.18,1.5393770886659621
654,827,173,0.173,1.543633071541786
628,814,186,0.186,1.5393593060970305
660,830,170,0.17,1.5244712623059749
648,824,176,0.176,1.543673794090748
592,796,204,0.204,1.5562578970193863
706,853,147,0.147,1.4851374994516373
680,840,160,0.16,1.4978133137226104
710,855,145,0.145,1.5271182423233987
644,822,178,0.178,1.5045078209042548
714,857,143,0.143,1.5140272901154348
740,870,130,0.13,1.451590738415718
616,808,192,0.192,1.5060358105897904
614,807,193,0.193,1.505160814523697
612,806,194,0.194,1.5196388895511628
624,812,188,0.188,1.505777698159218
626,813,187,0.187,1.5189648537635803
698,849,151,0.151,1.4942583037018775
660,830,170,0.17,1.5192436707019805
642,821,179,0.179,1.5085111315846442
596,798,202,0.202,1.4993194441443738
688,844,156,0.156,1.4822092466950416
620,810,190,0.19,1.5137207332849503
636,818,182,0.182,1.3891145683526993
692,846,154,0.154,1.2745417403802275
656,828,172,0.172,1.3179964571595193
688,844,156,0.156,1.2395022895278525
720,860,140,0.14,1.194154643858783
640,820,180,0.18,1.2206153343319892
712,856,144,0.144,1.1811091807484626
632,816,184,0.184,1.247855582869146
720,860,140,0.14,1.1099609721899033
702,851,149,0.149,1.1592418816536665
684,842,158,0.158,1.2205792419653152
696,848,152,0.152,1.1610926962569357
738,869,131,0.131,1.0774070982336998
670,835,165,0.165,1.190552648820405
750,875,125,0.125,1.1026129741072654
674,837,163,0.163,1.1958409330701105
686,843,157,0.157,1.1022266963507246
736,868,132,0.132,1.0608639566004276
698,849,151,0.151,1.0707787982970476
734,867,133,0.133,1.0245805942590631
646,823,177,0.177,1.0912936325443565
592,796,204,0.204,1.173195661631151
664,832,168,0.168,1.086279430359602
708,854,146,0.146,1.0854827209711075
656,828,172,0.172,1.1587533748149872
680,840,160,0.16,1.1880745847877114
682,841,159,0.159,1.1588770716384902
646,823,177,0.177,1.2029372284710407
688,844,156,0.156,1.2016864957660436
712,856,144,0.144,1.138085053563118
632,816,184,0.184,1.2328665217343002
690,845,155,0.155,1.1795534967184067
658,829,171,0.171,1.2777103243335441
650,825,175,0.175,1.260344709455967
708,854,146,0.146,1.1978516021370889
680,840,160,0.16,1.2610965671539307
674,837,163,0.163,1.2286697196066378
636,818,182,0.182,1.2629604024831205
710,855,145,0.145,1.2198722923099994
650,825,175,0.175,1.2147485437555006
732,866,134,0.134,1.1310439464449882
676,838,162,0.162,1.1287137088291348
652,826,174,0.174,1.1363576088826504
696,848,152,0.152,1.098273689955473
690,845,155,0.155,1.0519623847274489
664,832,168,0.168,1.1035292775928973
724,862,138,0.138,1.0102050920277834
644,822,178,0.178,1.0780595569834113
658,829,171,0.171,1.0903936065133717
748,874,126,0.126,0.9723400277905166
716,858,142,0.142,0.9625327728395436
670,835,165,0.165,1.0576916861832142
656,828,172,0.172,1.0788035853207112
650,825,175,0.175,1.0539720083475113
662,831,169,0.169,0.9946977772875689
682,841,159,0.159,1.0344444223516538
726,863,137,0.137,1.0533124446800648
694,847,153,0.153,1.0415251165740191
666,833,167,0.167,1.093330688522321
690,845,155,0.155,1.0234064042235258
692,846,154,0.154,1.1310305734872819
682,841,159,0.159,1.125915706127882
696,848,152,0.152,1.116365935144946
660,830,170,0.17,1.1114020550251007
624,812,188,0.188,1.1064381008297206
704,852,148,0.148,1.0732594676837326
680,840,160,0.16,1.1081720794439316
648,824,176,0.176,1.1076860817372798
684,842,158,0.158,1.1663850071690978
656,828,172,0.172,1.2123586175290402
568,784,216,0.216,1.2123716037978047
720,860,140,0.14,1.1719498481906485
700,850,150,0.15,1.2342541251778603
624,812,188,0.188,1.3099194999337196
696,848,152,0.152,1.2989762490987777
674,837,163,0.163,1.2797225241363048
724,862,138,0.138,1.3188341295720603
600,800,200,0.2,1.4117707774015142
714,857,143,0.143,1.3690842982530593
660,830,170,0.17,1.4129786964774098
688,844,156,0.156,1.4080799342393875
706,853,147,0.147,1.4328724108934403
616,808,192,0.192,1.492368996590376
694,847,153,0.153,1.4592364165186882
608,804,196,0.196,1.5627320773601532
704,852,148,0.148,1.497449744394049
670,835,165,0.165,1.5041633089780808
666,833,167,0.167,1.5456846762299539
716,858,142,0.142,1.5450095891356468
640,820,180,0.18,1.558592005431652
664,832,168,0.168,1.5566757540404796
706,853,147,0.147,1.5347826389223338
686,843,157,0.157,1.5972511471509934
656,828,172,0.172,1.586039395928383
678,839,161,0.161,1.5729782282710076
664,832,168,0.168,1.5514522758038956
678,839,161,0.161,1.5408251046538353
690,845,155,0.155,1.551556000828743
628,814,186,0.186,1.5305809502601624
650,825,175,0.175,1.5667790432572364
684,842,158,0.158,1.5620074251890181
580,790,210,0.21,1.58198796916008
654,827,173,0.173,1.5631240556277335
672,836,164,0.164,1.5276810122281312
646,823,177,0.177,1.5578967495560645
676,838,162,0.162,1.5211620738506317
572,786,214,0.214,1.6058636662960053
700,850,150,0.15,1.5578514359164983
638,819,181,0.181,1.5905576591938735
694,847,153,0.153,1.5321545870304107
594,797,203,0.203,1.5956112191677094
690,845,155,0.155,1.5625124304294586
648,824,176,0.176,1.586660203816369
652,826,174,0.174,1.5669137626886367
656,828,172,0.172,1.5387544317245483
710,855,145,0.145,1.521985911130905
684,842,158,0.158,1.54143623483181
682,841,159,0.159,1.5461098699569702
694,847,153,0.153,1.5387475657463074
702,851,149,0.149,1.537290916800499
726,863,137,0.137,1.4980621486306192
652,826,174,0.174,1.5344992971420288
744,872,128,0.128,1.474106223464012
748,874,126,0.126,1.4269379605890717
642,821,179,0.179,1.5204568634033202
668,834,166,0.166,1.485271697640419
686,843,157,0.157,1.486876233279705
708,854,146,0.146,1.443335124015808
754,877,123,0.123,1.423149597659707
730,865,135,0.135,1.4051721978783607
662,831,169,0.169,1.469576915383339
698,849,151,0.151,1.4725395416021347
698,849,151,0.151,1.4806944830417632
636,818,182,0.182,1.471752697110176
684,842,158,0.158,1.4466177687644959
700,850,150,0.15,1.436070798933506
630,815,185,0.185,1.4668121303915977
684,842,158,0.158,1.4618823672533034
708,854,146,0.146,1.4336111200132873
714,857,143,0.143,1.4487231360673904
664,832,168,0.168,1.4107934651374816
720,860,140,0.14,1.40295545566082
688,844,156,0.156,1.4418419493436814
694,847,153,0.153,1.4404840592741965
700,850,150,0.15,1.4283209422826766
714,857,143,0.143,1.377949511229992
734,867,133,0.133,1.3597077831625939
716,858,142,0.142,1.3896055678725243
746,873,127,0.127,1.321347404971719
678,839,161,0.161,1.3684560014605522
694,847,153,0.153,1.3992782562971116
668,834,166,0.166,1.3722412812709808
716,858,142,0.142,1.3380194658711553
718,859,141,0.141,1.3542652697563171
774,887,113,0.113,1.3417345727384091
702,851,149,0.149,1.3342033410668372
752,876,124,0.124,1.3370375244021415
674,837,163,0.163,1.3632063487768173
738,869,131,0.131,1.3350664857327939
684,842,158,0.158,1.3308396002054215
672,836,164,0.164,1.3622884878516197
608,804,196,0.196,1.3894775966741144
710,855,145,0.145,1.3159637092351912
718,859,141,0.141,1.3202897437810899
704,852,148,0.148,1.3219077669382095
682,841,159,0.159,1.3369682343006135
660,830,170,0.17,1.3826388734579087
668,834,166,0.166,1.3265837586522102
680,840,160,0.16,1.3370685968995095
760,880,120,0.12,1.3043173813819886
740,870,130,0.13,1.3121057977601887
710,855,145,0.145,1.360868174850943
714,857,143,0.143,1.3231153717041015
690,845,155,0.155,1.3140636860728263
594,797,203,0.203,1.3489061940908431
668,834,166,0.166,1.2983876404166221
696,848,152,0.152,1.3065762307047843
730,865,135,0.135,1.2876399361491204
666,833,167,0.167,1.3220202097892761
646,823,177,0.177,1.303153889119625
742,871,129,0.129,1.2361092329900711
692,846,154,0.154,1.248062766879797
680,840,160,0.16,1.3158698118925094
726,863,137,0.137,1.2664060398340224
640,820,180,0.18,1.2880658886507153
678,839,161,0.161,1.2156545074880123
620,810,190,0.19,1.271156389184296
760,880,120,0.12,1.160708835095167
700,850,150,0.15,1.1905639459490776
694,847,153,0.153,1.1342304450124503
658,829,171,0.171,1.145946397036314
724,862,138,0.138,1.0864316034764052
670,835,165,0.165,1.1503896326720715
716,858,142,0.142,1.1123993028104304
674,837,163,0.163,1.103524754241259
640,820,180,0.18,1.1468743384107947
664,832,168,0.168,1.1191079968214035
688,844,156,0.156,1.1130076597630978
720,860,140,0.14,1.0475827219486236
672,836,164,0.164,1.0234346521496773
666,833,167,0.167,1.0458329344391823
706,853,147,0.147,1.0113973748385907
676,838,162,0.162,1.0783458532094956
742,871,129,0.129,1.026021550834179
712,856,144,0.144,1.026890101991594
662,831,169,0.169,1.1330572700202466
678,839,161,0.161,1.100733432084322
696,848,152,0.152,1.1172293154150248
742,871,129,0.129,1.062017195738852
730,865,135,0.135,1.1397697038054466
710,855,145,0.145,1.141280272141101
650,825,175,0.175,1.142398895155944
738,869,131,0.131,1.0857761202156544
702,851,149,0.149,1.1144704265594483
656,828,172,0.172,1.1904632384181022
736,868,132,0.132,1.1372925209227251
684,842,158,0.158,1.173933613203466
724,862,138,0.138,1.1468114501806703
624,812,188,0.188,1.1551733604669572
720,860,140,0.14,1.1205211171507836
732,866,134,0.134,1.1003391108103096
704,852,148,0.148,1.1248289514757925
740,870,130,0.13,1.1111432563662529
682,841,159,0.159,1.151362297438085
654,827,173,0.173,1.1593886332213879
750,875,125,0.125,1.073014236062765
652,826,174,0.174,1.1782834406679914
716,858,142,0.142,1.0876632136702538
642,821,179,0.179,1.177474594593048
632,816,184,0.184,1.2065045382715052
720,860,140,0.14,1.0692035906440442
718,859,141,0.141,1.1017585554420948
636,818,182,0.182,1.1356908338384437
682,841,159,0.159,1.0778985008858144
700,850,150,0.15,1.051859768241644
698,849,151,0.151,1.039497446125446
708,854,146,0.146,1.0852019416689873
670,835,165,0.165,1.0934582367837429
650,825,175,0.175,1.079071041971445
754,877,123,0.123,0.9369926338255609
656,828,172,0.172,1.0917672636806965
664,832,168,0.168,0.9879267874852958
712,856,144,0.144,0.9080060370564461
708,854,146,0.146,0.9200232734899437
700,850,150,0.15,0.9359592802785337
714,857,143,0.143,0.9733408504724502
674,837,163,0.163,0.9681304266750812
750,875,125,0.125,0.8877285532653332
648,824,176,0.176,0.9349895368814468
662,831,169,0.169,0.9547147271335125
716,858,142,0.142,0.8587661412358284
696,848,152,0.152,0.9222797062797472
728,864,136,0.136,0.8958828938165679
690,845,155,0.155,0.919978708717972
684,842,158,0.158,0.9221661251485348
708,854,146,0.146,0.9301879256373504
642,821,179,0.179,1.0550247585177421
662,831,169,0.169,1.0212725353240968
666,833,167,0.167,1.0326841508448124
672,836,164,0.164,1.0965879108309746
674,837,163,0.163,1.1078016252070666
748,874,126,0.126,1.0237976904845563
734,867,133,0.133,1.0123296104550827
664,832,168,0.168,1.1456487524496624
754,877,123,0.123,1.0691695286929608
664,832,168,0.168,1.1036228336244822
668,834,166,0.166,1.151128155881539
696,848,152,0.152,1.1887340329885483
640,820,180,0.18,1.2549169638225577
724,862,138,0.138,1.1745622974782537
654,827,173,0.173,1.2446023892462255
646,823,177,0.177,1.2744165786802768
728,864,136,0.136,1.1877687567472457
660,830,170,0.17,1.159639164686203
646,823,177,0.177,1.1895965167880058
662,831,169,0.169,1.2012122555375147
738,869,131,0.131,1.0877035182118415
736,868,132,0.132,1.1248988755047322
658,829,171,0.171,1.140935839712066
648,824,176,0.176,1.166196787506342
716,858,142,0.142,1.16480000372231
642,821,179,0.179,1.2274497659206391
686,843,157,0.157,1.1601211931109427
742,871,129,0.129,1.1861705471277237
656,828,172,0.172,1.300544947743416
654,827,173,0.173,1.2795496791601182
652,826,174,0.174,1.2973961871545763
724,862,138,0.138,1.2285452318191528
692,846,154,0.154,1.3434166232943534
690,845,155,0.155,1.3141512458175422
708,854,146,0.146,1.3220684636080404
738,869,131,0.131,1.273229199230671
724,862,138,0.138,1.297800223665312
694,847,153,0.153,1.2952152395248413
690,845,155,0.155,1.3080401995778084
712,856,144,0.144,1.2735373052358627
676,838,162,0.162,1.2889297289848327
690,845,155,0.155,1.2948101453185081
708,854,146,0.146,1.2456493617892266
698,849,151,0.151,1.259831564605236
596,798,202,0.202,1.2970706970095633
734,867,133,0.133,1.226879752099514
690,845,155,0.155,1.2536079937815665
652,826,174,0.174,1.3271810972690583
706,853,147,0.147,1.305319952428341
692,846,154,0.154,1.2607380833774806
720,860,140,0.14,1.2322596808075905
648,824,176,0.176,1.2892053489089013
786,893,107,0.107,1.1843632749319077
682,841,159,0.159,1.2954359466433525
680,840,160,0.16,1.290039624273777
670,835,165,0.165,1.269886435866356
754,877,123,0.123,1.2334702501520514
720,860,140,0.14,1.276918485224247
668,834,166,0.166,1.308244306743145
688,844,156,0.156,1.2478716158866883
634,817,183,0.183,1.2400935230851173
730,865,135,0.135,1.2321980994343757
712,856,144,0.144,1.2258423412442208
700,850,150,0.15,1.2190865293145179
650,825,175,0.175,1.2411953064501287
710,855,145,0.145,1.2051038743853568
646,823,177,0.177,1.2320073660612105
724,862,138,0.138,1.1997872450351714
712,856,144,0.144,1.173921172440052
738,869,131,0.131,1.1666298652887344
732,866,134,0.134,1.195703433096409
696,848,152,0.152,1.2068152904510498
626,813,187,0.187,1.2315612809062004
712,856,144,0.144,1.1929342422485352
722,861,139,0.139,1.171354544699192
744,872,128,0.128,1.1691443591713906
732,866,134,0.134,1.1880229063630103
686,843,157,0.157,1.2141835078895091
712,856,144,0.144,1.2019565172791482
754,877,123,0.123,1.150601012483239
686,843,157,0.157,1.1724328984618186
698,849,151,0.151,1.142385528564453
712,856,144,0.144,1.1491687366366385
692,846,154,0.154,1.1939687640666963
706,853,147,0.147,1.1309917724132539
708,854,146,0.146,1.116849036037922
638,819,181,0.181,1.157045548081398
724,862,138,0.138,1.1155740255117417
698,849,151,0.151,1.1205645728111266
752,876,124,0.124,0.9573544198274613
692,846,154,0.154,0.9938850748538971
680,840,160,0.16,0.9998315463364125
722,861,139,0.139,0.9493709597438574
768,884,116,0.116,0.8658501454433827
770,885,115,0.115,0.8879597003161908
784,892,108,0.108,0.9084750339090825
704,852,148,0.148,0.8888888401724399
672,836,164,0.164,0.9377729193866253
758,879,121,0.121,0.7948166437670589
752,876,124,0.124,0.835136693239212
712,856,144,0.144,0.8960197453200817
724,862,138,0.138,0.8499097220301628
732,866,134,0.134,0.8257420144509524
774,887,113,0.113,0.7991388440649025
730,865,135,0.135,0.753269003123045
692,846,154,0.154,0.8459151964485645
678,839,161,0.161,0.9584447672218084
712,856,144,0.144,0.8654736941829324
676,838,162,0.162,0.8577695439328672
736,868,132,0.132,0.8187968510091305
758,879,121,0.121,0.824616849809885
724,862,138,0.138,0.7766178467869761
666,833,167,0.167,0.8725260025560856
694,847,153,0.153,0.86535136680305
792,896,104,0.104,0.7944988783970475
750,875,125,0.125,0.8021380467635499
720,860,140,0.14,0.8342505552619698
752,876,124,0.124,0.8502605517692864
706,853,147,0.147,0.8512011670768261
770,885,115,0.115,0.7876852491591125
658,829,171,0.171,0.8801910997619853
756,878,122,0.122,0.8134730867743493
724,862,138,0.138,0.8867432870566845
734,867,133,0.133,0.8215479409266263
690,845,155,0.155,0.8977113707065583
722,861,139,0.139,0.8116568663120269
684,842,158,0.158,0.8686756184995175
694,847,153,0.153,0.7980006167124957
754,877,123,0.123,0.7819598287147183
788,894,106,0.106,0.8130631267085336
722,861,139,0.139,0.8437075215280057
664,832,168,0.168,0.8722030997872353
720,860,140,0.14,0.8197609200328588
780,890,110,0.11,0.6829461063295603
754,877,123,0.123,0.7818479769825936
760,880,120,0.12,0.7606096942722798
686,843,157,0.157,0.8720384126545141
692,846,154,0.154,0.8364461112394929
722,861,139,0.139,0.8104296074211598
742,871,129,0.129,0.8224229323863983
732,866,134,0.134,0.8345457762744045
740,870,130,0.13,0.838955575376749
776,888,112,0.112,0.8344668864905834
720,860,140,0.14,0.8534778950214386
726,863,137,0.137,0.8551386072933674
744,872,128,0.128,0.8476295857913793
752,876,124,0.124,0.8051661617942154
686,843,157,0.157,0.8636477258503437
700,850,150,0.15,0.8651441407501698
752,876,124,0.124,0.7936619455814362
696,848,152,0.152,0.7978217391594292
720,860,140,0.14,0.7966749553345144
758,879,121,0.121,0.8706709268093109
716,858,142,0.142,0.8679555008113384
776,888,112,0.112,0.7928124788999558
730,865,135,0.135,0.8333701674640178
684,842,158,0.158,0.9162143050717787
740,870,130,0.13,0.8744840658009052
780,890,110,0.11,0.8011791533799842
758,879,121,0.121,0.8243428960452105
814,907,93,0.093,0.7856234715282917
742,871,129,0.129,0.8472666324973106
692,846,154,0.154,0.924242615729576
668,834,166,0.166,0.9464404294649139
714,857,143,0.143,0.8893347133398056
714,857,143,0.143,0.8574565262049436
734,867,133,0.133,0.8652657033500966
800,900,100,0.1,0.8216004925583482
678,839,161,0.161,0.9121613731682301
766,883,117,0.117,0.8837745124101639
688,844,156,0.156,0.8726498504579068
722,861,139,0.139,0.8496352369189263
712,856,144,0.144,0.823653768748045
732,866,134,0.134,0.8013085578978062
672,836,164,0.164,0.8631552448868751
790,895,105,0.105,0.8111491132036236
784,892,108,0.108,0.8509495764374733
732,866,134,0.134,0.852228427529335
694,847,153,0.153,0.906529868632555
794,897,103,0.103,0.7937140242904425
742,871,129,0.129,0.8118022373318672
712,856,144,0.144,0.8697279521026648
724,862,138,0.138,0.8107173837497831
698,849,151,0.151,0.8647299871721771
732,866,134,0.134,0.8856550287975938
656,828,172,0.172,0.8618400851786137
748,874,126,0.126,0.8035170251876116
808,904,96,0.096,0.7952195723631449
790,895,105,0.105,0.7721658693253994
760,880,120,0.12,0.8305820930103873
744,872,128,0.128,0.7893361299932004
748,874,126,0.126,0.8109118690192699
736,868,132,0.132,0.8823237588405609
800,900,100,0.1,0.7869104375559837
710,855,145,0.145,0.8294865525066852
708,854,146,0.146,0.8608884241878987
708,854,146,0.146,0.8312136255111545
762,881,119,0.119,0.8270308078080416
694,847,153,0.153,0.8473627464175224
726,863,137,0.137,0.8263465756748337
750,875,125,0.125,0.785152218207717
724,862,138,0.138,0.7930086902529001
652,826,174,0.174,0.8143666641414166
726,863,137,0.137,0.7997973355352879
768,884,116,0.116,0.7394729637704549
750,875,125,0.125,0.7867307238581052
642,821,179,0.179,0.7746350686009391
762,881,119,0.119,0.78732468354702
756,878,122,0.122,0.7702421830296516
754,877,123,0.123,0.801292877137661
764,882,118,0.118,0.7705016723719891
722,861,139,0.139,0.846899537652731
764,882,118,0.118,0.814056826159358
722,861,139,0.139,0.8365376141667366
726,863,137,0.137,0.8308372010509738
676,838,162,0.162,0.8310601855905261
706,853,147,0.147,0.784653002858162
748,874,126,0.126,0.7939676418453455
756,878,122,0.122,0.802979516021558
730,865,135,0.135,0.8229577506482602
762,881,119,0.119,0.8445064807869493
788,894,106,0.106,0.7152214753925801
732,866,134,0.134,0.8062485006153584
736,868,132,0.132,0.8353347882032395
724,862,138,0.138,0.8092087823301554
760,880,120,0.12,0.8107610112726689
740,870,130,0.13,0.7877619406580925
702,851,149,0.149,0.7868141064345837
750,875,125,0.125,0.7847288916110993
756,878,122,0.122,0.7741022128164768
688,844,156,0.156,0.8209832715988159
732,866,134,0.134,0.8175630169510841
722,861,139,0.139,0.7678492815759964
690,845,155,0.155,0.8262178929150105
728,864,136,0.136,0.7893265867829323
778,889,111,0.111,0.7562184609770775
752,876,124,0.124,0.7824564012289047
730,865,135,0.135,0.8068184086084366
654,827,173,0.173,0.8526471118628979
680,840,160,0.16,0.8083085265159607
758,879,121,0.121,0.8082594855725765
734,867,133,0.133,0.8047941489517689
780,890,110,0.11,0.7802579259574414
684,842,158,0.158,0.8697572114765644
718,859,141,0.141,0.8095967419147492
752,876,124,0.124,0.8261853433847427
756,878,122,0.122,0.7937560912966728
738,869,131,0.131,0.8292202893793583
700,850,150,0.15,0.8812519492208958
760,880,120,0.12,0.7782753076851368
722,861,139,0.139,0.826868050955236
756,878,122,0.122,0.8133433901667595
716,858,142,0.142,0.822969626352191
722,861,139,0.139,0.8289678156077862
728,864,136,0.136,0.774433271035552
742,871,129,0.129,0.8410971140563488
704,852,148,0.148,0.854061081290245
726,863,137,0.137,0.8261944078803063
778,889,111,0.111,0.8088621057868004
758,879,121,0.121,0.8188344086706638
624,812,188,0.188,0.9234885940551758
738,869,131,0.131,0.8811045604944229
756,878,122,0.122,0.829156278425362
690,845,155,0.155,0.9110814637541771
724,862,138,0.138,0.8165898895263672
772,886,114,0.114,0.8572008040547371
700,850,150,0.15,0.8960577208197579
756,878,122,0.122,0.8384809946119786
768,884,116,0.116,0.8264205648750067
674,837,163,0.163,0.878244779302564
690,845,155,0.155,0.8438270253688097
700,850,150,0.15,0.8726424617171288
696,848,152,0.152,0.9424515301287174
716,858,142,0.142,0.9004260165393353
756,878,122,0.122,0.8296117464080452
710,855,145,0.145,0.9116818528473377
706,853,147,0.147,0.9252494917813497
750,875,125,0.125,0.8824422373473644
752,876,124,0.124,0.8641831391751766
746,873,127,0.127,0.9386059301495552
784,892,108,0.108,0.9062118719816208
764,882,118,0.118,0.8877508429288864
796,898,102,0.102,0.9252924855947494
672,836,164,0.164,0.9423562345504761
728,864,136,0.136,0.9319364032000303
718,859,141,0.141,0.907650787383318
672,836,164,0.164,0.9586069786921143
688,844,156,0.156,0.975057219773531
768,884,116,0.116,0.9327092986553908
724,862,138,0.138,0.9226603464665473
724,862,138,0.138,0.9274710443019867
760,880,120,0.12,0.8963932520151139
740,870,130,0.13,0.9103188037034139
664,832,168,0.168,0.9885883285701275
750,875,125,0.125,0.9131443291008472
734,867,133,0.133,0.9179367238910053
702,851,149,0.149,0.9032972737550735
724,862,138,0.138,0.9201983170807362
726,863,137,0.137,0.9085929346755147
714,857,143,0.143,0.9269661422669887
718,859,141,0.141,0.8714097507297993
736,868,132,0.132,0.8771032350510359
692,846,154,0.154,0.9255720713811716
670,835,165,0.165,0.9257669917047023
710,855,145,0.145,0.959392189770937
736,868,132,0.132,0.9043911315798759
732,866,134,0.134,0.9225042749643326
714,857,143,0.143,0.9348066580295563
744,872,128,0.128,0.8930918695926666
786,893,107,0.107,0.8728264134880155
766,883,117,0.117,0.8715895059406757
732,866,134,0.134,0.9172802560031414
756,878,122,0.122,0.9226091039478779
734,867,133,0.133,0.8846965264678002
686,843,157,0.157,0.9231014159835759
720,860,140,0.14,0.8734699215888977
734,867,133,0.133,0.905562316199299
746,873,127,0.127,0.8726140764761949
726,863,137,0.137,0.8883322232663632
766,883,117,0.117,0.853846480846405
706,853,147,0.147,0.9110690876245499
764,882,118,0.118,0.8538278526961803
704,852,148,0.148,0.9285497240424156
778,889,111,0.111,0.8775632478296757
678,839,161,0.161,0.9374774544388056
780,890,110,0.11,0.8571113823652268
692,846,154,0.154,0.9471834427118302
714,857,143,0.143,0.9292471776455641
766,883,117,0.117,0.9393222240135074
686,843,157,0.157,0.9492057157754898
762,881,119,0.119,0.9626972432732582
780,890,110,0.11,0.9152867116630078
758,879,121,0.121,0.9912183345556259
662,831,169,0.169,0.9898579666018485
832,916,84,0.084,0.853063310611993
728,864,136,0.136,0.9498774881660939
730,865,135,0.135,0.9675556666254997
738,869,131,0.131,0.9213689650893211
758,879,121,0.121,0.9759569378495216
756,878,122,0.122,0.9243436301592738
764,882,118,0.118,0.916758973941207
740,870,130,0.13,0.9305280258059502
640,820,180,0.18,1.0020893681533634
686,843,157,0.157,0.979507506430149
728,864,136,0.136,0.9544505160804547
672,836,164,0.164,0.9444794042445719
758,879,121,0.121,0.9056496433913708
734,867,133,0.133,0.9101893905736506
754,877,123,0.123,0.8965226399414241
746,873,127,0.127,0.8756493803591584
752,876,124,0.124,0.8953886005282402
728,864,136,0.136,0.8984109384417533
672,836,164,0.164,0.9402177295684815
742,871,129,0.129,0.9063775100409984
730,865,135,0.135,0.9200388744184748
756,878,122,0.122,0.9012661746442318
750,875,125,0.125,0.8949522244340454
722,861,139,0.139,0.9694636310995557
778,889,111,0.111,0.8817333760261535
764,882,118,0.118,0.9072385189533234
706,853,147,0.147,0.9310453843250871
742,871,129,0.129,0.9231955703496934
734,867,133,0.133,0.9279143075942993
712,856,144,0.144,0.9202647021710872
724,862,138,0.138,0.9622491973042488
776,888,112,0.112,0.8627901304662228
734,867,133,0.133,0.8846074872910976
696,848,152,0.152,0.9457639527916908
738,869,131,0.131,0.8809685408771039
688,844,156,0.156,0.9555466225147248
750,875,125,0.125,0.8941005781888962
766,883,117,0.117,0.8937709620608456
712,856,144,0.144,0.9025274591147899
768,884,116,0.116,0.8893394586741924
744,872,128,0.128,0.8845820646062493
706,853,147,0.147,0.863983501881361
758,879,121,0.121,0.8612827761173248
778,889,111,0.111,0.8389906496703625
722,861,139,0.139,0.8980204609632492
690,845,155,0.155,0.8623887442648411
788,894,106,0.106,0.8076765038371087
724,862,138,0.138,0.8943949679136276
700,850,150,0.15,0.9619511798024177
744,872,128,0.128,0.8912829653024673
716,858,142,0.142,0.9023014698028564
804,902,98,0.098,0.8493055327534675
684,842,158,0.158,0.9536308224797249
768,884,116,0.116,0.8988648929893971
734,867,133,0.133,0.8943737935125827
732,866,134,0.134,0.8414106232821942
720,860,140,0.14,0.8974996231496334
712,856,144,0.144,0.9013406755961477
760,880,120,0.12,0.7992630131244659
710,855,145,0.145,0.8610828166306019
704,852,148,0.148,0.8635044704377683
732,866,134,0.134,0.7964467945992947
726,863,137,0.137,0.7910512768758344
740,870,130,0.13,0.8240580742090242
700,850,150,0.15,0.8659716553688049
694,847,153,0.153,0.8020578259527683
804,902,98,0.098,0.7976260765623301
798,899,101,0.101,0.8524343830210387
722,861,139,0.139,0.8066731862425804
718,859,141,0.141,0.8185987334549427
694,847,153,0.153,0.8422220007777214
744,872,128,0.128,0.8026582132875919
688,844,156,0.156,0.8489935784637928
740,870,130,0.13,0.8213861775994301
748,874,126,0.126,0.8257260813648005
698,849,151,0.151,0.8705145218372345
718,859,141,0.141,0.8626650502681732
690,845,155,0.155,0.9186976678580977
768,884,116,0.116,0.8188462100625038
654,827,173,0.173,0.8561716846376658
734,867,133,0.133,0.8126488946676255
738,869,131,0.131,0.8329755726233125
782,891,109,0.109,0.800183020323515
662,831,169,0.169,0.8560298050045967
708,854,146,0.146,0.8081971344351768
760,880,120,0.12,0.7680322774350643
782,891,109,0.109,0.757790094703436
732,866,134,0.134,0.7962329302774742
760,880,120,0.12,0.855946483552456
712,856,144,0.144,0.7879332292675972
738,869,131,0.131,0.7771304056048394
730,865,135,0.135,0.7638339679390193
736,868,132,0.132,0.7716705237664282
748,874,126,0.126,0.7488090499639511
728,864,136,0.136,0.7545878023952246
728,864,136,0.136,0.8099171560406685
750,875,125,0.125,0.7766072808504104
692,846,154,0.154,0.823384548750706
700,850,150,0.15,0.7834209749400616
702,851,149,0.149,0.802114205121994
728,864,136,0.136,0.7934928106740117
768,884,116,0.116,0.8016935799377525
772,886,114,0.114,0.7723627483248711
748,874,126,0.126,0.8088341039419175
810,905,95,0.095,0.7602064874283969
692,846,154,0.154,0.8429919645190239
762,881,119,0.119,0.8273302866816521
692,846,154,0.154,0.8458891922235489
744,872,128,0.128,0.8106155571639537
704,852,148,0.148,0.8261282015740872
830,915,85,0.085,0.793532088726759
692,846,154,0.154,0.8941958670020104
708,854,146,0.146,0.8256670767106116
736,868,132,0.132,0.8313842858672142
706,853,147,0.147,0.8983892660439015
766,883,117,0.117,0.7951648692488671
740,870,130,0.13,0.804571989685297
764,882,118,0.118,0.8172102603316307
782,891,109,0.109,0.822630400273949
802,901,99,0.099,0.8018402784913778
706,853,147,0.147,0.8981084099709987
730,865,135,0.135,0.8498934100121259
738,869,131,0.131,0.8145587430284359
788,894,106,0.106,0.7571782060861587
754,877,123,0.123,0.8311139211058617
746,873,127,0.127,0.8399832591116428
728,864,136,0.136,0.8018453221744858
748,874,126,0.126,0.7712063420414924
718,859,141,0.141,0.7670513770580292
758,879,121,0.121,0.7922419530153274
702,851,149,0.149,0.8126906851828098
792,896,104,0.104,0.7266231583356857
764,882,118,0.118,0.8405030864477158
690,845,155,0.155,0.8504565696418286
740,870,130,0.13,0.8031739715635852
750,875,125,0.125,0.8442941427826881
694,847,153,0.153,0.8745945391952992
758,879,121,0.121,0.8154231185019016
732,866,134,0.134,0.8512948412771221
714,857,143,0.143,0.8667299894988537
774,887,113,0.113,0.8583744222223759
730,865,135,0.135,0.8979487790763379
766,883,117,0.117,0.8672920298278332
720,860,140,0.14,0.8969071155190468
704,852,148,0.148,0.8329025300070644
752,876,124,0.124,0.8950475708842277
758,879,121,0.121,0.8388285448849201
714,857,143,0.143,0.8974957702924912
788,894,106,0.106,0.8049923541247844
686,843,157,0.157,0.9222952296379954
740,870,130,0.13,0.8503616362735629
760,880,120,0.12,0.8301638587415219
698,849,151,0.151,0.8715339770764112
704,852,148,0.148,0.8750382308065892
656,828,172,0.172,0.8515853615701199
658,829,171,0.171,0.9110933896005153
746,873,127,0.127,0.7871447131037712
724,862,138,0.138,0.8032908683121205
666,833,167,0.167,0.8748557993322611
752,876,124,0.124,0.8437712880034196
772,886,114,0.114,0.7997061049044132
812,906,94,0.094,0.8485780385360122
698,849,151,0.151,0.8735159727968276
706,853,147,0.147,0.9020459959506989
758,879,121,0.121,0.8009916781783104
714,857,143,0.143,0.8330330003499985
692,846,154,0.154,0.8627441018521785
744,872,128,0.128,0.8391761937439441
722,861,139,0.139,0.8023190826177597
694,847,153,0.153,0.8206380010247231
730,865,135,0.135,0.7711812294721604
758,879,121,0.121,0.7365447225735697
742,871,129,0.129,0.8057494836449623
688,844,156,0.156,0.836465453276772
766,883,117,0.117,0.727437035113573
768,884,116,0.116,0.7657639150535688
778,889,111,0.111,0.738123926460743
658,829,171,0.171,0.801834103897214
726,863,137,0.137,0.7341963027832098
734,867,133,0.133,0.767399303406477
758,879,121,0.121,0.7091821060478687
704,852,148,0.148,0.8287129582762718
754,877,123,0.123,0.7424522014856338
784,892,108,0.108,0.6992603397667408
732,866,134,0.134,0.7395051875412464
728,864,136,0.136,0.713961953252554
730,865,135,0.135,0.7651138749867678
702,851,149,0.149,0.7600670142769813
684,842,158,0.158,0.8197675782144069
722,861,139,0.139,0.7033655309677124
732,866,134,0.134,0.7208023421615363
736,868,132,0.132,0.7276682363972068
748,874,126,0.126,0.8012078836560249
682,841,159,0.159,0.7927189909559328
758,879,121,0.121,0.765911435753107
746,873,127,0.127,0.7700728598237038
702,851,149,0.149,0.8454329397380352
734,867,133,0.133,0.7884408089518548
828,914,86,0.086,0.7668301849365234
748,874,126,0.126,0.8048550510108471
742,871,129,0.129,0.8092433069944381
780,890,110,0.11,0.7920016901195049
748,874,126,0.126,0.8105420642178506
684,842,158,0.158,0.8684860111773014
690,845,155,0.155,0.7968368905484676
682,841,159,0.159,0.8451981977820396
744,872,128,0.128,0.7879407812952995
758,879,121,0.121,0.7532239991426468
736,868,132,0.132,0.8089318946003914
660,830,170,0.17,0.8335360466837883
770,885,115,0.115,0.7975005739033222
722,861,139,0.139,0.825045383810997
760,880,120,0.12,0.8309924371242523
724,862,138,0.138,0.8561554037034511
728,864,136,0.136,0.8573008022308349
706,853,147,0.147,0.9026292369979237
748,874,126,0.126,0.9149927370548249
776,888,112,0.112,0.8700593283418566
712,856,144,0.144,0.8861354307606816
764,882,118,0.118,0.8992332197129727
746,873,127,0.127,0.9094130717813969
720,860,140,0.14,0.9155050651729106
694,847,153,0.153,0.9254080520868302
782,891,109,0.109,0.8656446687579155
732,866,134,0.134,0.9079845580756665
714,857,143,0.143,0.8805059150985908
696,848,152,0.152,0.9165993476510048
698,849,151,0.151,0.9104149432480335
804,902,98,0.098,0.8471522445995361
774,887,113,0.113,0.8417428371757268
710,855,145,0.145,0.87665029245615
762,881,119,0.119,0.798800574272871
734,867,133,0.133,0.7763647555708885
756,878,122,0.122,0.7836657512784004
728,864,136,0.136,0.800312943816185
758,879,121,0.121,0.789751372307539
724,862,138,0.138,0.7596926257014275
748,874,126,0.126,0.7571314297020435
718,859,141,0.141,0.7785715352892876
800,900,100,0.1,0.7285904104411602
746,873,127,0.127,0.7176794964969159
742,871,129,0.129,0.6773524040579796
768,884,116,0.116,0.6912078655064106
766,883,117,0.117,0.7073557299077511
782,891,109,0.109,0.6903461611233651
736,868,132,0.132,0.6491635575294494
790,895,105,0.105,0.6246896477937698
812,906,94,0.094,0.5580621726065874
722,861,139,0.139,0.7214014079570771
726,863,137,0.137,0.6735068815853447
758,879,121,0.121,0.692963394805789
736,868,132,0.132,0.6792104545533657
682,841,159,0.159,0.7591076522469521
744,872,128,0.128,0.7092987225819379
702,851,149,0.149,0.7354016662240028
768,884,116,0.116,0.756196254581213
812,906,94,0.094,0.6969784581065178
774,887,113,0.113,0.720383136938326
694,847,153,0.153,0.7778993335068226
812,906,94,0.094,0.7253193430900574
720,860,140,0.14,0.7271683124899864
766,883,117,0.117,0.7404199778735637
728,864,136,0.136,0.7277531712055206
776,888,112,0.112,0.6724364361166955
772,886,114,0.114,0.6904661517739296
744,872,128,0.128,0.6762009629607201
756,878,122,0.122,0.7072430122792721
654,827,173,0.173,0.7744631778001785
778,889,111,0.111,0.6974815631508827
726,863,137,0.137,0.7296844144165516
724,862,138,0.138,0.7313247281908989
764,882,118,0.118,0.7207741094827652
784,892,108,0.108,0.705058202534914
758,879,121,0.121,0.7362314582765103
726,863,137,0.137,0.775238156914711
784,892,108,0.108,0.7179771100282669
784,892,108,0.108,0.7497646815776825
702,851,149,0.149,0.8383767752945424
716,858,142,0.142,0.8052224124670029
700,850,150,0.15,0.7537625194191933
750,875,125,0.125,0.8178281480073929
742,871,129,0.129,0.7777277371287346
720,860,140,0.14,0.8278546030819416
720,860,140,0.14,0.868982727766037
690,845,155,0.155,0.8953307590410113
744,872,128,0.128,0.8167525805830955
772,886,114,0.114,0.8154160437583924
782,891,109,0.109,0.8054863042533398
724,862,138,0.138,0.8590987100303199
752,876,124,0.124,0.83688375633955
712,856,144,0.144,0.8662304428517819
688,844,156,0.156,0.8948908518254757
736,868,132,0.132,0.8597208440601826
726,863,137,0.137,0.8266030142307281
712,856,144,0.144,0.8991243537068367
708,854,146,0.146,0.8448618050217629
782,891,109,0.109,0.7932593242526055
646,823,177,0.177,0.9063896184265614
742,871,129,0.129,0.8482668392360211
694,847,153,0.153,0.8825244370102883
762,881,119,0.119,0.8571857420504093
748,874,126,0.126,0.8757284317016601
724,862,138,0.138,0.8872534754872322
784,892,108,0.108,0.8017865127623082
702,851,149,0.149,0.855931925535202
714,857,143,0.143,0.8458100299090147
728,864,136,0.136,0.8447360183000565
708,854,146,0.146,0.8797464663982392
774,887,113,0.113,0.8361284677386284
686,843,157,0.157,0.8499246583133936
728,864,136,0.136,0.8129992253184318
810,905,95,0.095,0.7495054043829441
726,863,137,0.137,0.7781781522631646
744,872,128,0.128,0.7820681314766407
788,894,106,0.106,0.740981901705265
800,900,100,0.1,0.6909268891811371
796,898,102,0.102,0.6702069535702467
680,840,160,0.16,0.7790743860043585
750,875,125,0.125,0.7762165558636188
726,863,137,0.137,0.7347165650725365
694,847,153,0.153,0.7892648421823979
732,866,134,0.134,0.7762456715703011
766,883,117,0.117,0.7651116790473461
698,849,151,0.151,0.823074334770441
766,883,117,0.117,0.7442672546803951
754,877,123,0.123,0.7738735446631908
724,862,138,0.138,0.800690043926239
670,835,165,0.165,0.8025348394811186
738,869,131,0.131,0.7787122106850147
800,900,100,0.1,0.7693494338691235
716,858,142,0.142,0.7795424027442932
742,871,129,0.129,0.7848490962088108
778,889,111,0.111,0.7587790326029062
686,843,157,0.157,0.8031627690196037
732,866,134,0.134,0.8394854651391506
680,840,160,0.16,0.8138725223839283
692,846,154,0.154,0.8610853142738343
716,858,142,0.142,0.8257414091229439
774,887,113,0.113,0.816658769339323
694,847,153,0.153,0.8542990609593689
702,851,149,0.149,0.8703420409858227
722,861,139,0.139,0.874513157337904
718,859,141,0.141,0.8216819200515747
694,847,153,0.153,0.8812826184034348
770,885,115,0.115,0.8201357984542846
714,857,143,0.143,0.9203722275048495
708,854,146,0.146,0.8780706906914711
718,859,141,0.141,0.9010182606577873
740,870,130,0.13,0.8476083186864853
738,869,131,0.131,0.8528971937298775
736,868,132,0.132,0.8429223708212376
742,871,129,0.129,0.8139069217443466
788,894,106,0.106,0.7214265721142292
696,848,152,0.152,0.8319003238976002
688,844,156,0.156,0.8051067025065423
712,856,144,0.144,0.8144693319797516
652,826,174,0.174,0.8220053975656628
706,853,147,0.147,0.7687322882115841
692,846,154,0.154,0.8241474957466125
692,846,154,0.154,0.7806117941141129
722,861,139,0.139,0.7995931952297688
654,827,173,0.173,0.8279931284859776
804,902,98,0.098,0.7415555692315101
722,861,139,0.139,0.7644153806865215
736,868,132,0.132,0.7605828858911992
760,880,120,0.12,0.7519107682248577
766,883,117,0.117,0.6886313680261373
698,849,151,0.151,0.7489464714825154
694,847,153,0.153,0.7543852060791105
688,844,156,0.156,0.7236644153520465
740,870,130,0.13,0.7218512415587902
706,853,147,0.147,0.7142547271847725
714,857,143,0.143,0.7106762711107731
766,883,117,0.117,0.6388345128297805
724,862,138,0.138,0.6668804985284805
762,881,119,0.119,0.6664710445702076
746,873,127,0.127,0.6151362162828445
810,905,95,0.095,0.5543078517169896
748,874,126,0.126,0.5575054734647275
774,887,113,0.113,0.5922510011049261
740,870,130,0.13,0.5999793347716331
746,873,127,0.127,0.5746230385278873
716,858,142,0.142,0.6284438024908304
774,887,113,0.113,0.5839821656495333
706,853,147,0.147,0.6372924160510302
730,865,135,0.135,0.5920660327207297
796,898,102,0.102,0.5941183297634125
782,891,109,0.109,0.5733036191437859
758,879,121,0.121,0.6723742195814848
756,878,122,0.122,0.5861777554303408
700,850,150,0.15,0.697528794448357
776,888,112,0.112,0.599061238437891
736,868,132,0.132,0.6887447172325337
728,864,136,0.136,0.6631244784146547
768,884,116,0.116,0.6371972716748714
748,874,126,0.126,0.6308135116994381
750,875,125,0.125,0.6931451418101787
774,887,113,0.113,0.6441100765019655
760,880,120,0.12,0.6208819204419851
730,865,135,0.135,0.6443557255864143
740,870,130,0.13,0.6321429634839296
692,846,154,0.154,0.6836671387820025
752,876,124,0.124,0.6475465368330479
774,887,113,0.113,0.6263608622997999
748,874,126,0.126,0.6097075585126877
766,883,117,0.117,0.6049499670863152
728,864,136,0.136,0.5712598097026348
754,877,123,0.123,0.6207758133411407
698,849,151,0.151,0.644795878008008
754,877,123,0.123,0.6312166807353496
722,861,139,0.139,0.5999186348319053
704,852,148,0.148,0.6566953928470611
786,893,107,0.107,0.5870200009788678
782,891,109,0.109,0.5887387937605381
756,878,122,0.122,0.6193088710010052
750,875,125,0.125,0.6443569161146879
776,888,112,0.112,0.5809689217954874
694,847,153,0.153,0.6099717873550544
670,835,165,0.165,0.642244385972619
742,871,129,0.129,0.60249696020782
730,865,135,0.135,0.669837797999382
774,887,113,0.113,0.6052606948909033
778,889,111,0.111,0.6150892278328538
800,900,100,0.1,0.6368919747918844
672,836,164,0.164,0.6731469428837299
710,855,145,0.145,0.6383985437452793
770,885,115,0.115,0.6497390616387129
730,865,135,0.135,0.6680891664624214
742,871,129,0.129,0.6284890975654125
732,866,134,0.134,0.6927520231306553
770,885,115,0.115,0.619538822889328
748,874,126,0.126,0.667756433993578
730,865,135,0.135,0.6040027763843536
740,870,130,0.13,0.6454910697638988
758,879,121,0.121,0.6404968658685685
738,869,131,0.131,0.6360947209298611
760,880,120,0.12,0.5962020214349032
706,853,147,0.147,0.6486442145705223
760,880,120,0.12,0.6212173578590154
698,849,151,0.151,0.6592641846239566
698,849,151,0.151,0.6952420729398727
692,846,154,0.154,0.6646503132330763
730,865,135,0.135,0.6701023886203766
780,890,110,0.11,0.665370301887393
716,858,142,0.142,0.6711757864952087
728,864,136,0.136,0.7050863859057427
776,888,112,0.112,0.6810576232969761
784,892,108,0.108,0.7249190263152122
732,866,134,0.134,0.7183461963236332
730,865,135,0.135,0.7564558410942555
710,855,145,0.145,0.7697396890223026
724,862,138,0.138,0.7239027783307247
734,867,133,0.133,0.7460756723284722
794,897,103,0.103,0.7115981863439083
778,889,111,0.111,0.6791626738607883
752,876,124,0.124,0.6781275192499161
822,911,89,0.089,0.672552108168602
776,888,112,0.112,0.6295900465548039
780,890,110,0.11,0.6865580751895904
746,873,127,0.127,0.7305922256708145
802,901,99,0.099,0.6729966408759356
682,841,159,0.159,0.7237996120750904
708,854,146,0.146,0.7601893826425076
850,925,75,0.075,0.6848545959899202
704,852,148,0.148,0.729634494856
752,876,124,0.124,0.7589104747623205
794,897,103,0.103,0.7358509215191007
782,891,109,0.109,0.7347949803769589
694,847,153,0.153,0.7700945435799659
646,823,177,0.177,0.8059649926424026
766,883,117,0.117,0.7482500798404217
766,883,117,0.117,0.7296672039628029
770,885,115,0.115,0.7644537383574062
764,882,118,0.118,0.7405774416651352
774,887,113,0.113,0.7553899841457605
724,862,138,0.138,0.7675613478422165
700,850,150,0.15,0.7912695416212082
768,884,116,0.116,0.7374059093892574
792,896,104,0.104,0.7429315032362938
692,846,154,0.154,0.8302784086852334
752,876,124,0.124,0.8015159805715084
742,871,129,0.129,0.7682339941561223
708,854,146,0.146,0.8093693284392357
690,845,155,0.155,0.8631536892056465
728,864,136,0.136,0.8046185426115989
758,879,121,0.121,0.7981361986398697
642,821,179,0.179,0.8135202116966248
668,834,166,0.166,0.8315207771658898
754,877,123,0.123,0.7766176439225674
764,882,118,0.118,0.7721642443537712
700,850,150,0.15,0.7692863511741161
774,887,113,0.113,0.7636841488480568
676,838,162,0.162,0.7915650705993176
772,886,114,0.114,0.7700222174525261
766,883,117,0.117,0.7369917512238026
728,864,136,0.136,0.7491633389294148
798,899,101,0.101,0.7260566009879112
666,833,167,0.167,0.8407611772915116
696,848,152,0.152,0.750817786604166
632,816,184,0.184,0.7927045687120408
772,886,114,0.114,0.7768098916187882
746,873,127,0.127,0.8053172893226147
744,872,128,0.128,0.7555162741541862
736,868,132,0.132,0.7727485161367804
728,864,136,0.136,0.7822538429629058
728,864,136,0.136,0.7902860641777515
748,874,126,0.126,0.8486779527068138
738,869,131,0.131,0.8308462820351123
774,887,113,0.113,0.7667364830374718
702,851,149,0.149,0.8548410215973854
738,869,131,0.131,0.766325471907854
698,849,151,0.151,0.8321061937510967
702,851,149,0.149,0.8069646481275559
734,867,133,0.133,0.7718051268160343
790,895,105,0.105,0.7952728925943374
668,834,166,0.166,0.8014132804274559
756,878,122,0.122,0.7594037670195103
736,868,132,0.132,0.8111436425149441
720,860,140,0.14,0.7777459805607796
766,883,117,0.117,0.7853177201002837
774,887,113,0.113,0.7520371994972229
712,856,144,0.144,0.750510249465704
760,880,120,0.12,0.7366470516924747
668,834,166,0.166,0.7787823065519333
748,874,126,0.126,0.7282314350903034
718,859,141,0.141,0.7594094277620316
746,873,127,0.127,0.7423140965700149
766,883,117,0.117,0.6992135654687881
680,840,160,0.16,0.7949012171281502
736,868,132,0.132,0.8100774436146021
632,816,184,0.184,0.8094270623326302
780,890,110,0.11,0.7303716041743755
662,831,169,0.169,0.7993929728865623
802,901,99,0.099,0.7337112008035183
696,848,152,0.152,0.7593294226527214
742,871,129,0.129,0.7288872910439969
720,860,140,0.14,0.772861319630174
690,845,155,0.155,0.7743238580971956
788,894,106,0.106,0.7531967340409755
720,860,140,0.14,0.7615047886073589
760,880,120,0.12,0.7760097163915635
786,893,107,0.107,0.7224815324246884
680,840,160,0.16,0.801295938462019
734,867,133,0.133,0.7464953166395426
724,862,138,0.138,0.7181396612226963
718,859,141,0.141,0.7357156804800034
786,893,107,0.107,0.6930027953982353
758,879,121,0.121,0.6925284379720688
718,859,141,0.141,0.7252860796749592
780,890,110,0.11,0.6626661611795426
762,881,119,0.119,0.6722787450440229
762,881,119,0.119,0.6977238699970767
722,861,139,0.139,0.7151000931560993
722,861,139,0.139,0.6697432267218828
738,869,131,0.131,0.7088588012158871
720,860,140,0.14,0.6786738049834967
696,848,152,0.152,0.6536806424316018
714,857,143,0.143,0.6544071987178177
756,878,122,0.122,0.6135945204198361
842,921,79,0.079,0.5803329207152128
728,864,136,0.136,0.6660234867008403
718,859,141,0.141,0.6436304217278958
720,860,140,0.14,0.6594338264763355
710,855,145,0.145,0.633671466588974
778,889,111,0.111,0.6086468240022659
746,873,127,0.127,0.6064184554517269
776,888,112,0.112,0.6013351571857929
726,863,137,0.137,0.6509291573762893
714,857,143,0.143,0.668024699613452
772,886,114,0.114,0.6483158918619156
738,869,131,0.131,0.6571410614550114
770,885,115,0.115,0.6156913958638907
760,880,120,0.12,0.6070506304651498
770,885,115,0.115,0.6202572018504143
744,872,128,0.128,0.6184501027464867
776,888,112,0.112,0.654221303962171
776,888,112,0.112,0.6172428767681122
726,863,137,0.137,0.6748730189139024
712,856,144,0.144,0.6415657134652137
746,873,127,0.127,0.6692254916131496
760,880,120,0.12,0.66172799000144
768,884,116,0.116,0.6297050213515758
756,878,122,0.122,0.6609567464143038
656,828,172,0.172,0.7090032396838069
730,865,135,0.135,0.7502774843275555
746,873,127,0.127,0.6898647916242481
738,869,131,0.131,0.6952530036839307
728,864,136,0.136,0.7547153832614422
714,857,143,0.143,0.7235720106065273
744,872,128,0.128,0.719246284365654
778,889,111,0.111,0.6867031646519899
806,903,97,0.097,0.6760914461910724
742,871,129,0.129,0.7000826360583305
796,898,102,0.102,0.6578668062984944
720,860,140,0.14,0.7478184608519077
634,817,183,0.183,0.8222653439640999
720,860,140,0.14,0.7304417277164758
758,879,121,0.121,0.7259153414964676
704,852,148,0.148,0.7540101223886013
790,895,105,0.105,0.7518302167356015
722,861,139,0.139,0.7660811305940152
684,842,158,0.158,0.8208067741990089
750,875,125,0.125,0.7641991101503373
778,889,111,0.111,0.8012492898106575
748,874,126,0.126,0.7994497455822566
678,839,161,0.161,0.8189693492949008
744,872,128,0.128,0.7801674927771092
786,893,107,0.107,0.7520491737167031
734,867,133,0.133,0.8186055908203125
748,874,126,0.126,0.7393032560387796
804,902,98,0.098,0.7379666911959648
726,863,137,0.137,0.7823623137772083
756,878,122,0.122,0.7314703699946403
692,846,154,0.154,0.7448722263337113
778,889,111,0.111,0.7235388659536839
718,859,141,0.141,0.77183225274086
702,851,149,0.149,0.766758210927248
792,896,104,0.104,0.6969987197816372
786,893,107,0.107,0.7358961987495423
752,876,124,0.124,0.7770251025855541
706,853,147,0.147,0.8080882393717765
666,833,167,0.167,0.8095767354667187
778,889,111,0.111,0.7942798413485289
786,893,107,0.107,0.7502535393377766
706,853,147,0.147,0.8234788516759872
708,854,146,0.146,0.8288652052879334
766,883,117,0.117,0.8060025433599949
770,885,115,0.115,0.7989596343040466
672,836,164,0.164,0.8340855246782303
694,847,153,0.153,0.8489440465420485
742,871,129,0.129,0.7906015621721745
724,862,138,0.138,0.801844472527504
738,869,131,0.131,0.8297440931797028
782,891,109,0.109,0.8217802140712738
706,853,147,0.147,0.8710433245301247
744,872,128,0.128,0.8633706240206956
702,851,149,0.149,0.8788339565396309
754,877,123,0.123,0.8277782252132893
794,897,103,0.103,0.8371853402554988
758,879,121,0.121,0.8176307850778103
664,832,168,0.168,0.8632262880802155
754,877,123,0.123,0.8410765656083822
686,843,157,0.157,0.8351788423506586
742,871,129,0.129,0.8506742258892759
760,880,120,0.12,0.8352761626366991
714,857,143,0.143,0.8249796210229396
770,885,115,0.115,0.8318621968398802
728,864,136,0.136,0.8231246773600578
712,856,144,0.144,0.8467640934884548
672,836,164,0.164,0.8807525967359543
732,866,134,0.134,0.8322448039352894
758,879,121,0.121,0.826667704500258
684,842,158,0.158,0.8608318693637848
704,852,148,0.148,0.8485108611881733
756,878,122,0.122,0.8842706514894962
750,875,125,0.125,0.8094625686556101
732,866,134,0.134,0.8506957122981549
734,867,133,0.133,0.8578684395849708
680,840,160,0.16,0.8688849642574787
726,863,137,0.137,0.8938122270256281
698,849,151,0.151,0.8758396568000316
698,849,151,0.151,0.9160629096627235
692,846,154,0.154,0.9313995723724365
718,859,141,0.141,0.8886661205887795
764,882,118,0.118,0.9241804463267327
748,874,126,0.126,0.9090915460903197
690,845,155,0.155,0.9513734087944031
732,866,134,0.134,0.907410175561905
714,857,143,0.143,0.9062914148569107
784,892,108,0.108,0.8838537150919533
776,888,112,0.112,0.9168590089986901
718,859,141,0.141,0.8649505193531514
750,875,125,0.125,0.8706775674521923
738,869,131,0.131,0.8939287006556987
710,855,145,0.145,0.876299185755488
750,875,125,0.125,0.8416163936555385
690,845,155,0.155,0.9551898244023324
730,865,135,0.135,0.8780122148692608
678,839,161,0.161,0.9210306606292724
660,830,170,0.17,0.9696156541705132
734,867,133,0.133,0.9198941220045089
710,855,145,0.145,0.9060698916763067
762,881,119,0.119,0.8727061821222305
720,860,140,0.14,0.9302315846085548
746,873,127,0.127,0.85804472053051
732,866,134,0.134,0.8761920961141586
766,883,117,0.117,0.9123017167303269
784,892,108,0.108,0.8567904095649719
716,858,142,0.142,0.9533615562617779
744,872,128,0.128,0.8807896500825882
786,893,107,0.107,0.8556645777430385
704,852,148,0.148,0.8670162251889706
682,841,159,0.159,0.9303987110108137
770,885,115,0.115,0.8265611841082573
722,861,139,0.139,0.8429287660465486
730,865,135,0.135,0.8526181757748127
624,812,188,0.188,0.8888452887005808
784,892,108,0.108,0.8167281533181667
688,844,156,0.156,0.849185410797596
662,831,169,0.169,0.8565552205443382
720,860,140,0.14,0.8740149485170842
734,867,133,0.133,0.8480134133994579
752,876,124,0.124,0.8256730767004192
716,858,142,0.142,0.876795854985714
706,853,147,0.147,0.8836154489854816
706,853,147,0.147,0.896648751527071
746,873,127,0.127,0.837032819122076
708,854,146,0.146,0.941042107922025
746,873,127,0.127,0.8695493265986443
724,862,138,0.138,0.9158746230900288
690,845,155,0.155,0.9568775461912156
746,873,127,0.127,0.9090724858045578
718,859,141,0.141,0.914823063492775
738,869,131,0.131,0.9185025695129588
752,876,124,0.124,0.8838485595285892
734,867,133,0.133,0.9012142102792859
728,864,136,0.136,0.9272072691321372
710,855,145,0.145,0.950831791639328
712,856,144,0.144,0.9303840993940831
676,838,162,0.162,0.956957450568676
786,893,107,0.107,0.8583709162771702
722,861,139,0.139,0.9248161847591401
738,869,131,0.131,0.8962660108357668
768,884,116,0.116,0.8659726498425007
768,884,116,0.116,0.8719291256666184
718,859,141,0.141,0.9137130289496854
740,870,130,0.13,0.8414752452671528
766,883,117,0.117,0.8356733608543873
716,858,142,0.142,0.8768713448643685
794,897,103,0.103,0.8426280201673507
702,851,149,0.149,0.8693407638557256
692,846,154,0.154,0.8576737947463989
744,872,128,0.128,0.8402410752773285
726,863,137,0.137,0.8317041757889092
748,874,126,0.126,0.8120617477446794
740,870,130,0.13,0.8075170436203479
758,879,121,0.121,0.8364097431004047
828,914,86,0.086,0.7653992800097913
804,902,98,0.098,0.7227460993230342
752,876,124,0.124,0.7578526552319527
770,885,115,0.115,0.7658276083469391
766,883,117,0.117,0.7455696377158165
754,877,123,0.123,0.795532166928053
794,897,103,0.103,0.7503909127867082
726,863,137,0.137,0.7418982163965702
752,876,124,0.124,0.7431908741845473
762,881,119,0.119,0.791725118458271
742,871,129,0.129,0.7635308039912488
714,857,143,0.143,0.7766245707706548
698,849,151,0.151,0.7934761067256332
732,866,134,0.134,0.8031376523375511
724,862,138,0.138,0.8119540802836418
676,838,162,0.162,0.8727885932326317
732,866,134,0.134,0.8531180949509144
756,878,122,0.122,0.8411831307411194
796,898,102,0.102,0.7893958179652691
734,867,133,0.133,0.856869051784277
718,859,141,0.141,0.804311598867178
742,871,129,0.129,0.8493366801738739
752,876,124,0.124,0.8199076492190361
796,898,102,0.102,0.8181813704371452
702,851,149,0.149,0.7974874485731125
838,919,81,0.081,0.7784159814715386
698,849,151,0.151,0.799727344840765
742,871,129,0.129,0.8287893595397472
710,855,145,0.145,0.8063628374401014
778,889,111,0.111,0.7939984160661697
716,858,142,0.142,0.8045186941325665
764,882,118,0.118,0.7840712835490704
700,850,150,0.15,0.7269847668400616
726,863,137,0.137,0.803674388051033
752,876,124,0.124,0.7707679993510246
752,876,124,0.124,0.810717598259449
692,846,154,0.154,0.8351038117408752
718,859,141,0.141,0.8092910238802433
750,875,125,0.125,0.767331039428711
750,875,125,0.125,0.8082571151554585
714,857,143,0.143,0.8854103615463428
722,861,139,0.139,0.892029885917902
770,885,115,0.115,0.8794863698780536
752,876,124,0.124,0.8923005079273135
776,888,112,0.112,0.8906550353169441
734,867,133,0.133,0.912822275519371
712,856,144,0.144,0.9371063601970673
768,884,116,0.116,0.8906499265879393
688,844,156,0.156,0.9559587875604629
686,843,157,0.157,0.9462677613549167
742,871,129,0.129,0.9357762256264687
720,860,140,0.14,0.9613119896054267
738,869,131,0.131,0.9372119714021683
710,855,145,0.145,0.978089321795851
736,868,132,0.132,0.9380331697314978
732,866,134,0.134,0.9237858158051968
710,855,145,0.145,0.9645359050035477
734,867,133,0.133,0.9503019850850105
720,860,140,0.14,0.9627014060057699
732,866,134,0.134,0.9634972209334374
796,898,102,0.102,0.9064188023805618
698,849,151,0.151,0.988276708483696
612,806,194,0.194,0.9774998160600662
796,898,102,0.102,0.937909131705761
652,826,174,0.174,0.9963424955904484
680,840,160,0.16,1.002444083429873
674,837,163,0.163,1.0057586639225482
766,883,117,0.117,0.9271963318288327
750,875,125,0.125,0.9877436821460723
690,845,155,0.155,1.0149891443252563
706,853,147,0.147,1.025823862850666
752,876,124,0.124,0.9598723075985909
698,849,151,0.151,1.011996153473854
690,845,155,0.155,1.0404886001348495
758,879,121,0.121,0.999257748901844
690,845,155,0.155,1.056371171295643
726,863,137,0.137,1.0722659686207772
686,843,157,0.157,1.1060636969804765
712,856,144,0.144,1.0758353009819985
666,833,167,0.167,1.0892197077274322
684,842,158,0.158,1.0856108140349388
740,870,130,0.13,1.0941645807623863
720,860,140,0.14,1.072081873960793
760,880,120,0.12,1.0776367827653885
764,882,118,0.118,1.0810716549754142
690,845,155,0.155,1.0718885306119919
724,862,138,0.138,1.1109298497363924
668,834,166,0.166,1.1262501044869422
732,866,134,0.134,1.1384262029528618
744,872,128,0.128,1.1030200722236185
744,872,128,0.128,1.1418179692626
712,856,144,0.144,1.1463801429271698
720,860,140,0.14,1.1429805906414985
746,873,127,0.127,1.1134154627919197
776,888,112,0.112,1.1115574876070022
736,868,132,0.132,1.115806317269802
688,844,156,0.156,1.1292634076699615
706,853,147,0.147,1.123655719012022
704,852,148,0.148,1.1335881612896919
720,860,140,0.14,1.1473867084383964
764,882,118,0.118,1.1569848303496837
768,884,116,0.116,1.1477483102083206
714,857,143,0.143,1.1681669285893441
756,878,122,0.122,1.1434369921088219
710,855,145,0.145,1.1975307060480118
720,860,140,0.14,1.174704597532781
734,867,133,0.133,1.1771972990632058
792,896,104,0.104,1.1556847009062767
708,854,146,0.146,1.2179581835865974
706,853,147,0.147,1.2324987661242486
710,855,145,0.145,1.2081918589472773
692,846,154,0.154,1.2281153973937036
684,842,158,0.158,1.2317657484412192
692,846,154,0.154,1.2157929911315442
704,852,148,0.148,1.214994139969349
730,865,135,0.135,1.1842683747410774
754,877,123,0.123,1.2133959344625473
730,865,135,0.135,1.2006901478767396
750,875,125,0.125,1.1888826361894607
720,860,140,0.14,1.2302335438132286
786,893,107,0.107,1.180600420832634
722,861,139,0.139,1.212762168943882
730,865,135,0.135,1.1907468354701995
776,888,112,0.112,1.1458953875899316
670,835,165,0.165,1.2170757119059563
700,850,150,0.15,1.1917740820646285
684,842,158,0.158,1.1610268939137458
692,846,154,0.154,1.1694392243141774
754,877,123,0.123,1.1606777704954148
708,854,146,0.146,1.1564341869354249
736,868,132,0.132,1.1687614620327949
666,833,167,0.167,1.14678081035614
672,836,164,0.164,1.1831617918610573
724,862,138,0.138,1.124837719142437
740,870,130,0.13,1.1180201150380307
670,835,165,0.165,1.165553338944912
706,853,147,0.147,1.103424456834793
690,845,155,0.155,1.1307099971175194
716,858,142,0.142,1.126763708770275
714,857,143,0.143,1.1194439823627471
754,877,123,0.123,1.0948268396258354
752,876,124,0.124,1.0838933835029603
712,856,144,0.144,1.1242265945076944
686,843,157,0.157,1.0937082393169404
710,855,145,0.145,1.0930406507849693
744,872,128,0.128,1.038918274462223
700,850,150,0.15,1.109032851278782
748,874,126,0.126,1.0722200908064843
672,836,164,0.164,1.107836751639843
744,872,128,0.128,1.097070304513909
752,876,124,0.124,1.0881826032996178
770,885,115,0.115,1.0931766144037247
750,875,125,0.125,1.0512881853580476
668,834,166,0.166,1.1015962777137756
746,873,127,0.127,1.0635830377936364
724,862,138,0.138,1.0809761587369997
794,897,103,0.103,1.010716916680336
736,868,132,0.132,1.0273039889335633
714,857,143,0.143,1.0399132400751114
738,869,131,0.131,1.0258037937879563
760,880,120,0.12,1.017058468222618
784,892,108,0.108,1.031094848036766
694,847,153,0.153,1.041696263730526
708,854,146,0.146,1.0481765341758729
756,878,122,0.122,1.048404394686222
686,843,157,0.157,1.059492069363594
760,880,120,0.12,1.0385691174268723
696,848,152,0.152,1.060396387696266
698,849,151,0.151,1.0659219802618027
742,871,129,0.129,1.0241414241790772
656,828,172,0.172,1.067058611512184
748,874,126,0.126,1.0376521862866357
738,869,131,0.131,1.0126629361510278
734,867,133,0.133,1.0539855442792176
728,864,136,0.136,1.0380382726043462
796,898,102,0.102,1.0342363235354424
770,885,115,0.115,1.02815400993824
722,861,139,0.139,1.0225864305496215
728,864,136,0.136,1.024942147731781
722,861,139,0.139,1.031372772872448
716,858,142,0.142,0.9889870938360691
744,872,128,0.128,0.9617557510137558
738,869,131,0.131,0.9537160933613777
702,851,149,0.149,0.9838557913795303
754,877,123,0.123,0.8946376627534628
712,856,144,0.144,0.9226404699506238
740,870,130,0.13,0.8994816563129425
754,877,123,0.123,0.9400646513104439
696,848,152,0.152,0.9250986783923582
762,881,119,0.119,0.8692863059937954
730,865,135,0.135,0.9137295857965946
762,881,119,0.119,0.9199158940315246
726,863,137,0.137,0.9331291849166155
692,846,154,0.154,0.9816732872724533
704,852,148,0.148,0.8870873538851738
786,893,107,0.107,0.9030852130055428
720,860,140,0.14,0.905961621940136
698,849,151,0.151,0.9247661060094834
710,855,145,0.145,0.9429514276385307
772,886,114,0.114,0.9000072594285011
782,891,109,0.109,0.8606283217966556
732,866,134,0.134,0.8565071103720908
782,891,109,0.109,0.864183887153864
724,862,138,0.138,0.8749744455516338
714,857,143,0.143,0.8643422834873199
690,845,155,0.155,0.8161190612614155
732,866,134,0.134,0.8232562090158463
742,871,129,0.129,0.8150351701676846
712,856,144,0.144,0.8135864759683609
774,887,113,0.113,0.804963592171669
660,830,170,0.17,0.8421956001166618
826,913,87,0.087,0.7513967143893242
666,833,167,0.167,0.7538863319531156
786,893,107,0.107,0.7512859192490577
728,864,136,0.136,0.7680270171165466
766,883,117,0.117,0.7504176162481307
760,880,120,0.12,0.7281160426326097
770,885,115,0.115,0.7287798787653447
782,891,109,0.109,0.7161762868463993
718,859,141,0.141,0.7138038813658059
728,864,136,0.136,0.7343577252328396
778,889,111,0.111,0.7272789074778557
774,887,113,0.113,0.7047206337451934
800,900,100,0.1,0.6861476504206657
800,900,100,0.1,0.6985808956027031
722,861,139,0.139,0.7525842119753361
730,865,135,0.135,0.7449018663764
744,872,128,0.128,0.7526286789476871
772,886,114,0.114,0.7517659152895212
750,875,125,0.125,0.7955242509543896
688,844,156,0.156,0.8407255637943745
730,865,135,0.135,0.7719113267958164
794,897,103,0.103,0.7700626237094402
752,876,124,0.124,0.7889344117045403
720,860,140,0.14,0.828367288351059
688,844,156,0.156,0.7778226129412651
742,871,129,0.129,0.8237399063408375
770,885,115,0.115,0.7992440798580647
792,896,104,0.104,0.7585801166033526
776,888,112,0.112,0.7983411296010018
744,872,128,0.128,0.8106336015760899
788,894,106,0.106,0.8204701891541482
732,866,134,0.134,0.8221020792815834
730,865,135,0.135,0.8292194516215241
784,892,108,0.108,0.8060704655945301
756,878,122,0.122,0.8615771067142487
744,872,128,0.128,0.885985257178545
684,842,158,0.158,0.8834092245697975
682,841,159,0.159,0.9435521748960018
770,885,115,0.115,0.9001777239090062
734,867,133,0.133,0.9542162808775901
700,850,150,0.15,0.9553535661697388
696,848,152,0.152,0.9649896807670594
702,851,149,0.149,0.9626475492715836
732,866,134,0.134,0.9880742961764336
742,871,129,0.129,0.9465886879265308
770,885,115,0.115,0.9595276666879654
730,865,135,0.135,0.9335913043953479
714,857,143,0.143,0.961340705960989
736,868,132,0.132,0.9738845281004905
684,842,158,0.158,0.9891870842278003
748,874,126,0.126,0.984993917196989
716,858,142,0.142,0.9869355448782444
700,850,150,0.15,0.989987603702466
772,886,114,0.114,1.003651025056839
710,855,145,0.145,0.9931003377735614
708,854,146,0.146,1.0411686440110206
760,880,120,0.12,1.0250256892442704
696,848,152,0.152,1.0546420193314552
792,896,104,0.104,1.0199896013587713
738,869,131,0.131,1.0748305383324623
732,866,134,0.134,1.0498328343033791
710,855,145,0.145,1.1072564751505851
776,888,112,0.112,1.1031079771220684
734,867,133,0.133,1.082697734132409
778,889,111,0.111,1.0751954981323029
754,877,123,0.123,1.1002659183740615
738,869,131,0.131,1.1112778422236442
714,857,143,0.143,1.1076675754189491
784,892,108,0.108,1.0700623924732209
646,823,177,0.177,1.1024750685691833
714,857,143,0.143,1.0966137691363693
778,889,111,0.111,1.0996572318673135
704,852,148,0.148,1.0977884439826011
754,877,123,0.123,1.0884600992798805
744,872,128,0.128,1.0417237450927497
702,851,149,0.149,1.0885478573441505
750,875,125,0.125,1.033463673233986
804,902,98,0.098,0.9697650662130277
714,857,143,0.143,1.0538591113090514
712,856,144,0.144,0.9848237303495407
740,870,130,0.13,1.0086154506802558
758,879,121,0.121,0.9757181226100075
752,876,124,0.124,0.9736974650025367
718,859,141,0.141,0.9546645428501069
670,835,165,0.165,0.9730045335888863
708,854,146,0.146,0.934866668920964
742,871,129,0.129,0.9576486133337021
770,885,115,0.115,0.9285976387713536
758,879,121,0.121,0.8855872103571891
734,867,133,0.133,0.9168630438446999
656,828,172,0.172,0.9411293795593083
818,909,91,0.091,0.8712360246777534
676,838,162,0.162,0.8759835657807998
734,867,133,0.133,0.850502317622304
698,849,151,0.151,0.8765582891851663
746,873,127,0.127,0.8138561205388978
724,862,138,0.138,0.8351269502043724
716,858,142,0.142,0.8478810326382518
752,876,124,0.124,0.8131896739602089
784,892,108,0.108,0.7766158441673976
710,855,145,0.145,0.829679432541132
766,883,117,0.117,0.7887185021936893
746,873,127,0.127,0.791259870916605
684,842,158,0.158,0.8714651313126087
784,892,108,0.108,0.7772959077358246
716,858,142,0.142,0.7948541815280914
750,875,125,0.125,0.7804846262931824
758,879,121,0.121,0.8061824440658093
828,914,86,0.086,0.7411065800189972
764,882,118,0.118,0.7669915947318077
738,869,131,0.131,0.7672697910368442
774,887,113,0.113,0.7624099529087544
742,871,129,0.129,0.7913238517045975
770,885,115,0.115,0.7562244480103254
700,850,150,0.15,0.7758301981389523
736,868,132,0.132,0.781768267840147
722,861,139,0.139,0.756609259486199
738,869,131,0.131,0.7776308067142963
688,844,156,0.156,0.7716084926426411
696,848,152,0.152,0.8136844015717506
774,887,113,0.113,0.7375046597421169
790,895,105,0.105,0.7547279957234859
692,846,154,0.154,0.7967688108794391
694,847,153,0.153,0.8282882409691811
742,871,129,0.129,0.8387492377161979
714,857,143,0.143,0.8646246927380562
704,852,148,0.148,0.8772218177315081
680,840,160,0.16,0.8894347807765007
762,881,119,0.119,0.894357865691185
724,862,138,0.138,0.8936755932201922
716,858,142,0.142,0.9016409202218055
754,877,123,0.123,0.9122234034538269
696,848,152,0.152,0.9122994802892208
756,878,122,0.122,0.9114943295717239
736,868,132,0.132,0.9138500364422798
732,866,134,0.134,0.9341619230508804
784,892,108,0.108,0.9100499017927796
776,888,112,0.112,0.9239156963229179
742,871,129,0.129,0.9472016308307648
772,886,114,0.114,0.9214388064146042
788,894,106,0.106,0.9084654484391212
728,864,136,0.136,0.9282063667774201
726,863,137,0.137,0.9206193241477013
722,861,139,0.139,0.9216369180679321
692,846,154,0.154,0.922375279724598
750,875,125,0.125,0.9066568345427514
714,857,143,0.143,0.928854066491127
748,874,126,0.126,0.9022846582531929
754,877,123,0.123,0.911800723195076
750,875,125,0.125,0.9184832555055619
724,862,138,0.138,0.9260030938982964
716,858,142,0.142,0.9541832659840583
758,879,121,0.121,0.9564131259680726
702,851,149,0.149,1.0008831773400306
772,886,114,0.114,0.9782423340678215
688,844,156,0.156,1.033227279480081
740,870,130,0.13,1.0243521238565445
672,836,164,0.164,1.0255567666292191
698,849,151,0.151,1.0468340144157409
798,899,101,0.101,0.994011357665062
678,839,161,0.161,1.054368129490409
778,889,111,0.111,1.0246214364767074
700,850,150,0.15,1.0368850744962692
736,868,132,0.132,1.0820100449323655
738,869,131,0.131,1.068424242317677
722,861,139,0.139,1.046479115128517
684,842,158,0.158,1.0591158388257027
734,867,133,0.133,1.0613622058033942
822,911,89,0.089,1.0425661873817444
724,862,138,0.138,1.06108089107275
750,875,125,0.125,1.0653021958470346
690,845,155,0.155,1.0894798006415367
696,848,152,0.152,1.092313744753599
720,860,140,0.14,1.065716571688652
750,875,125,0.125,1.0678528432846068
790,895,105,0.105,1.033921330153942
774,887,113,0.113,1.0396948430296034
744,872,128,0.128,1.0636139295697211
740,870,130,0.13,1.0484183086156844
736,868,132,0.132,1.013001949250698
678,839,161,0.161,1.0620675742030143
716,858,142,0.142,1.0456933279037475
712,856,144,0.144,1.0379457642436027
728,864,136,0.136,1.0574813511371612
722,861,139,0.139,1.039852248221636
702,851,149,0.149,1.0720545494556426
734,867,133,0.133,1.0545552904135547
726,863,137,0.137,1.0567884709089994
734,867,133,0.133,1.0467312207221986
760,880,120,0.12,1.0476199396252632
690,845,155,0.155,1.0371616083979607
702,851,149,0.149,1.087017023883993
718,859,141,0.141,1.032246123380959
816,908,92,0.092,1.0039989885091782
796,898,102,0.102,1.0266174952983855
748,874,126,0.126,1.0613782507181169
720,860,140,0.14,1.0298819679033477
694,847,153,0.153,1.0433985022902488
766,883,117,0.117,1.0605026115179061
702,851,149,0.149,1.0559343297481536
676,838,162,0.162,1.0677125682234765
740,870,130,0.13,1.0343771302700042
680,840,160,0.16,1.081280617892742
770,885,115,0.115,0.9389432693943381
662,831,169,0.169,0.9552624752242118
758,879,121,0.121,0.9166340919733047
768,884,116,0.116,0.9451908310651779
822,911,89,0.089,0.8043621656745672
792,896,104,0.104,0.8045116212964057
782,891,109,0.109,0.858186516970396
752,876,124,0.124,0.8426453873217106
794,897,103,0.103,0.7451025181119331
744,872,128,0.128,0.7695391690135002
696,848,152,0.152,0.8265977708995342
708,854,146,0.146,0.8392581948935985
750,875,125,0.125,0.7981563991308213
788,894,106,0.106,0.769796710908413
702,851,149,0.149,0.8203568884432316
752,876,124,0.124,0.7796982550621032
714,857,143,0.143,0.8069117276370525
720,860,140,0.14,0.7810883871614933
750,875,125,0.125,0.8089041308164596
802,901,99,0.099,0.787439437866211
694,847,153,0.153,0.7347107201859144
748,874,126,0.126,0.7353006099658669
730,865,135,0.135,0.73691722291708
822,911,89,0.089,0.6939605038762092
776,888,112,0.112,0.6622605542540551
722,861,139,0.139,0.685392377672531
800,900,100,0.1,0.631877332225442
812,906,94,0.094,0.6720119039714336
724,862,138,0.138,0.703392679810524
742,871,129,0.129,0.638030739814043
808,904,96,0.096,0.6794606858044863
778,889,111,0.111,0.6624690904915332
704,852,148,0.148,0.7155823859870434
786,893,107,0.107,0.6723961933255196
768,884,116,0.116,0.6927493258193135
708,854,146,0.146,0.7232511385381222
766,883,117,0.117,0.7236423043608665
736,868,132,0.132,0.7327273937463761
776,888,112,0.112,0.6892722016274929
764,882,118,0.118,0.712916170090437
658,829,171,0.171,0.7661410386264325
764,882,118,0.118,0.7000200590789318
766,883,117,0.117,0.7278485269919038
764,882,118,0.118,0.7223139888644219
756,878,122,0.122,0.6991675604321063
750,875,125,0.125,0.7094363541007042
774,887,113,0.113,0.7158365545868873
786,893,107,0.107,0.7564611144661904
674,837,163,0.163,0.7590678113102913
776,888,112,0.112,0.7455158738195896
728,864,136,0.136,0.7849034423530101
734,867,133,0.133,0.7174750202596187
730,865,135,0.135,0.812681151509285
764,882,118,0.118,0.7959140888378025
742,871,129,0.129,0.8150865767612122
680,840,160,0.16,0.8517676983475685
778,889,111,0.111,0.8564951721429824
694,847,153,0.153,0.8586071574687958
738,869,131,0.131,0.8811071326732636
726,863,137,0.137,0.8860982705652714
732,866,134,0.134,0.9635278142802417
728,864,136,0.136,0.9353663403689861
750,875,125,0.125,0.944664714127779
640,820,180,0.18,0.9801794742941856
734,867,133,0.133,0.9746776856780052
714,857,143,0.143,0.9853753018081188
700,850,150,0.15,0.9263534665458183
786,893,107,0.107,0.9259764020906659
716,858,142,0.142,0.9605750216477463
710,855,145,0.145,1.0023096341490745
772,886,114,0.114,0.8718681650236249
756,878,122,0.122,0.9133220754861832
728,864,136,0.136,0.8708928081989288
724,862,138,0.138,0.8457736171782017
778,889,111,0.111,0.8100447743237018
686,843,157,0.157,0.8528579114973545
710,855,145,0.145,0.7872918041050434
738,869,131,0.131,0.7538270526528359
736,868,132,0.132,0.7362933482825756
774,887,113,0.113,0.7307679742276668
746,873,127,0.127,0.7195121893882751
778,889,111,0.111,0.7324356984452752
762,881,119,0.119,0.7060995168929733
762,881,119,0.119,0.7009893957078457
784,892,108,0.108,0.7111592302620411
732,866,134,0.134,0.766906920391135
726,863,137,0.137,0.7202127260714769
784,892,108,0.108,0.7249013849198819
770,885,115,0.115,0.7165386367887259
780,890,110,0.11,0.7380928917452693
754,877,123,0.123,0.7194048089496792
732,866,134,0.134,0.6923385066986686
700,850,150,0.15,0.7117539829909801
752,876,124,0.124,0.695297656416893
804,902,98,0.098,0.6652634750101716
754,877,123,0.123,0.6659946031868458
718,859,141,0.141,0.6719508467614651
760,880,120,0.12,0.6860133688151836
738,869,131,0.131,0.7340118949785829
740,870,130,0.13,0.7181453587412834
742,871,129,0.129,0.6796263059675693
788,894,106,0.106,0.6561822634041309
682,841,159,0.159,0.7156513958647848
738,869,131,0.131,0.6953635426461696
782,891,109,0.109,0.7174654106721282
736,868,132,0.132,0.7044359390288591
722,861,139,0.139,0.7008563669621944
756,878,122,0.122,0.6592107417543884
718,859,141,0.141,0.6697901378571988
768,884,116,0.116,0.6663267857655882
754,877,123,0.123,0.6661434000134469
716,858,142,0.142,0.7122881848812104
688,844,156,0.156,0.6930863156020641
748,874,126,0.126,0.633258401730177
750,875,125,0.125,0.6958732932209969
754,877,123,0.123,0.6419078666567802
740,870,130,0.13,0.6739859928190708
782,891,109,0.109,0.6689642683714628
756,878,122,0.122,0.6354693199396133
714,857,143,0.143,0.6634415426850319
762,881,119,0.119,0.6584502080976963
656,828,172,0.172,0.731673726439476
738,869,131,0.131,0.7136587595641612
686,843,157,0.157,0.733902455598116
692,846,154,0.154,0.7100909436345101
720,860,140,0.14,0.6870438324334099
740,870,130,0.13,0.637893066033721
812,906,94,0.094,0.6202522420585156
762,881,119,0.119,0.5651607099920511
794,897,103,0.103,0.641637035176158
744,872,128,0.128,0.6176895563006402
742,871,129,0.129,0.5672713880967348
654,827,173,0.173,0.6823837931901217
730,865,135,0.135,0.6180772537142039
714,857,143,0.143,0.6226020418703556
746,873,127,0.127,0.6423381988704204
758,879,121,0.121,0.6500850652009249
806,903,97,0.097,0.6353650046437979
762,881,119,0.119,0.624924193110317
750,875,125,0.125,0.6525094042420387
708,854,146,0.146,0.6694337739050389
726,863,137,0.137,0.6687796949073672
802,901,99,0.099,0.6639794670661795
788,894,106,0.106,0.6477755089993589
716,858,142,0.142,0.698302445963025
790,895,105,0.105,0.6344613097459078
744,872,128,0.128,0.6910323470272124
688,844,156,0.156,0.7293683787882328
710,855,145,0.145,0.7390945600271225
734,867,133,0.133,0.7397498415857553
740,870,130,0.13,0.7932397420108318
750,875,125,0.125,0.7558984718620777
680,840,160,0.16,0.8066576820313931
694,847,153,0.153,0.75259514144063
738,869,131,0.131,0.7691085150390864
778,889,111,0.111,0.7332984130978585
720,860,140,0.14,0.8552828733623028
790,895,105,0.105,0.7614234606193054
690,845,155,0.155,0.8027632220983505
744,872,128,0.128,0.7463327633738518
782,891,109,0.109,0.7461595446318388
712,856,144,0.144,0.798056336011918
794,897,103,0.103,0.7696705854982138
726,863,137,0.137,0.7599742405395955
782,891,109,0.109,0.7288652004599572
772,886,114,0.114,0.7303330952748657
770,885,115,0.115,0.6936530206501484
646,823,177,0.177,0.7926482049291708
748,874,126,0.126,0.683662558414042
746,873,127,0.127,0.6988619434088469
736,868,132,0.132,0.711798536747694
656,828,172,0.172,0.7730299687087536
758,879,121,0.121,0.680085894703865
716,858,142,0.142,0.7295562432201478
664,832,168,0.168,0.7318448200859129
736,868,132,0.132,0.7064743963181972
788,894,106,0.106,0.6424269167631864
736,868,132,0.132,0.7051558499932289
764,882,118,0.118,0.6557320610284806
758,879,121,0.121,0.6205881878733635
724,862,138,0.138,0.6792713867425919
742,871,129,0.129,0.6663185781314969
726,863,137,0.137,0.7486775552928447
768,884,116,0.116,0.6291132070233653
764,882,118,0.118,0.6910499193966388
738,869,131,0.131,0.7105549661517143
802,901,99,0.099,0.6099521611630917
746,873,127,0.127,0.6466662730276584
768,884,116,0.116,0.6056363360434771
736,868,132,0.132,0.6571944603025913
768,884,116,0.116,0.6737831314504147
774,887,113,0.113,0.6827308282852173
716,858,142,0.142,0.6661484384480864
780,890,110,0.11,0.6330003460645676
738,869,131,0.131,0.6856236587548629
794,897,103,0.103,0.633586774200201
746,873,127,0.127,0.6732320760348812
780,890,110,0.11,0.6536854166686535
744,872,128,0.128,0.6158690922409296
772,886,114,0.114,0.646468594327569
718,859,141,0.141,0.6790898006856442
760,880,120,0.12,0.614660346955061
704,852,148,0.148,0.694735952295363
734,867,133,0.133,0.6830485630287785
744,872,128,0.128,0.6738751174211502
748,874,126,0.126,0.6206659881621599
738,869,131,0.131,0.6447051404714584
758,879,121,0.121,0.638674360498786
748,874,126,0.126,0.6514884251675103
736,868,132,0.132,0.6539351180512458
750,875,125,0.125,0.6470736983567477
798,899,101,0.101,0.5968163742674526
794,897,103,0.103,0.570989329367876
748,874,126,0.126,0.6576619802713394
788,894,106,0.106,0.5798507388383151
760,880,120,0.12,0.6152736773556098
798,899,101,0.101,0.5944269742667675
748,874,126,0.126,0.6136854269355535
738,869,131,0.131,0.6366232044994831
664,832,168,0.168,0.6745441702604293
700,850,150,0.15,0.6659544878005982
722,861,139,0.139,0.6525107634698625
742,871,129,0.129,0.6607490693479776
738,869,131,0.131,0.700640720397234
802,901,99,0.099,0.6359698936343193
700,850,150,0.15,0.7339143604338169
778,889,111,0.111,0.6750554511845112
826,913,87,0.087,0.6599386689066887
754,877,123,0.123,0.6774670300483704
692,846,154,0.154,0.7363816828206181
762,881,119,0.119,0.699615677267313
752,876,124,0.124,0.6998595905005932
776,888,112,0.112,0.6909126823246479
756,878,122,0.122,0.7122668648380787
776,888,112,0.112,0.6960925600528717
778,889,111,0.111,0.6458998133540154
782,891,109,0.109,0.6478369749933481
744,872,128,0.128,0.694362962692976
776,888,112,0.112,0.7097094353437424
730,865,135,0.135,0.7021847831904888
740,870,130,0.13,0.7010161723792553
740,870,130,0.13,0.7213356437683105
780,890,110,0.11,0.7064731813073158
748,874,126,0.126,0.7595932497978211
756,878,122,0.122,0.7077251598646326
782,891,109,0.109,0.694407542437315
752,876,124,0.124,0.6998300103995898
756,878,122,0.122,0.6935787065201439
728,864,136,0.136,0.7143443855643272
744,872,128,0.128,0.7434812090992927
726,863,137,0.137,0.7122317116856575
732,866,134,0.134,0.7537405060529709
698,849,151,0.151,0.7603442864716053
756,878,122,0.122,0.7434856614470482
694,847,153,0.153,0.7723838164806366
770,885,115,0.115,0.7535221410691738
732,866,134,0.134,0.7788366911206395
760,880,120,0.12,0.7749710495471954
730,865,135,0.135,0.8205654005408287
756,878,122,0.122,0.792663898140192
782,891,109,0.109,0.7846104497462512
730,865,135,0.135,0.8415615563690663
748,874,126,0.126,0.8774322638809681
852,926,74,0.074,0.7982131269276143
698,849,151,0.151,0.8798471226692199
706,853,147,0.147,0.8859824861884117
716,858,142,0.142,0.8939760225117207
810,905,95,0.095,0.8374359448552131
762,881,119,0.119,0.8365033751428127
808,904,96,0.096,0.8273611591160297
692,846,154,0.154,0.8794774111509324
684,842,158,0.158,0.9328722762167454
718,859,141,0.141,0.9044631161093711
766,883,117,0.117,0.893274119630456
704,852,148,0.148,0.8785857912003994
782,891,109,0.109,0.8213010749220848
766,883,117,0.117,0.8354924239516258
772,886,114,0.114,0.8214137820005417
692,846,154,0.154,0.911374244221719
740,870,130,0.13,0.8179045468270779
776,888,112,0.112,0.7956743127703667
812,906,94,0.094,0.7721723626088351
714,857,143,0.143,0.8172931144535541
676,838,162,0.162,0.8739190909759026
754,877,123,0.123,0.7879181724903174
732,866,134,0.134,0.7928871845602989
730,865,135,0.135,0.8046055956184864
718,859,141,0.141,0.8345196983516217
658,829,171,0.171,0.7926958675682545
764,882,118,0.118,0.826361847475171
756,878,122,0.122,0.758166324943304
758,879,121,0.121,0.7324165008366108
794,897,103,0.103,0.7660738885998726
754,877,123,0.123,0.7668325824029744
714,857,143,0.143,0.7966677205264568
726,863,137,0.137,0.8345261990129947
714,857,143,0.143,0.8386154355332255
734,867,133,0.133,0.7979141078330576
704,852,148,0.148,0.7978266592621803
740,870,130,0.13,0.8120969007804015
764,882,118,0.118,0.8105726673901081
748,874,126,0.126,0.8200825200229883
692,846,154,0.154,0.8516275453567504
698,849,151,0.151,0.8333591832220555
710,855,145,0.145,0.8355311022400856
700,850,150,0.15,0.8833789348006248
728,864,136,0.136,0.7747518902420998
772,886,114,0.114,0.7912987259924412
702,851,149,0.149,0.8437178584635258
716,858,142,0.142,0.8223982005491852
658,829,171,0.171,0.835786313354969
760,880,120,0.12,0.7626531421244145
746,873,127,0.127,0.7725309070665389
744,872,128,0.128,0.7755710070878268
796,898,102,0.102,0.6978715437054634
744,872,128,0.128,0.7638962521366386
664,832,168,0.168,0.7685525683760643
678,839,161,0.161,0.7832153460979462
748,874,126,0.126,0.7384787632875144
794,897,103,0.103,0.7308727577328682
744,872,128,0.128,0.7550076904594898
688,844,156,0.156,0.7764932133895345
742,871,129,0.129,0.8089766141995788
698,849,151,0.151,0.8275334596037864
750,875,125,0.125,0.7338041957318783
700,850,150,0.15,0.8013366103768349
736,868,132,0.132,0.7878472301959991
680,840,160,0.16,0.8382211190462112
634,817,183,0.183,0.8213249922990798
750,875,125,0.125,0.8205344986096025
706,853,147,0.147,0.8732253038883209
760,880,120,0.12,0.8383382021188736
668,834,166,0.166,0.8805247694514583
728,864,136,0.136,0.8766243967413903
686,843,157,0.157,0.7228621941506863
814,907,93,0.093,0.6114684686139226
754,877,123,0.123,0.6565786754339933
764,882,118,0.118,0.643024070814252
766,883,117,0.117,0.5413558471500873
734,867,133,0.133,0.5667051031738519
768,884,116,0.116,0.544630029425025
750,875,125,0.125,0.5459189188703895
750,875,125,0.125,0.4997592571154237
702,851,149,0.149,0.5714869588017464
756,878,122,0.122,0.49989321413636206
790,895,105,0.105,0.5311720320582389
746,873,127,0.127,0.4984306631535292
770,885,115,0.115,0.39925233714282515
684,842,158,0.158,0.4818907247325405
768,884,116,0.116,0.4436304104903947
732,866,134,0.134,0.4698773637227714
768,884,116,0.116,0.4398469802737236
754,877,123,0.123,0.4971273014617618
730,865,135,0.135,0.4864967533349991
730,865,135,0.135,0.5804211340546608
726,863,137,0.137,0.5829086191548122
682,841,159,0.159,0.6181479451954365
674,837,163,0.163,0.6673539842367172
718,859,141,0.141,0.7139020754992962
732,866,134,0.134,0.7100265716037247
722,861,139,0.139,0.7001722902059555
762,881,119,0.119,0.748977828592062
820,910,90,0.09,0.7560027716755867
708,854,146,0.146,0.8183545548319816
798,899,101,0.101,0.7912307612001895
828,914,86,0.086,0.7511033860147
680,840,160,0.16,0.8402497299015522
800,900,100,0.1,0.7726134325563908
762,881,119,0.119,0.8079510902650654
794,897,103,0.103,0.8110517811719328
800,900,100,0.1,0.826240592956543
702,851,149,0.149,0.8626538126583473
802,901,99,0.099,0.8457791868150234
752,876,124,0.124,0.8881039147377014
758,879,121,0.121,0.9078520891666413
750,875,125,0.125,0.9138946016430854
722,861,139,0.139,0.9252076504826545
736,868,132,0.132,0.940783002704382
774,887,113,0.113,0.9675802393555641
740,870,130,0.13,0.9926704635024071
786,893,107,0.107,0.9501863749100248
732,866,134,0.134,0.9546093504336314
694,847,153,0.153,1.0097201758623122
692,846,154,0.154,1.0114185881018638
744,872,128,0.128,1.0004301239252091
744,872,128,0.128,0.9765238469839096
676,838,162,0.162,1.0312024015188217
724,862,138,0.138,0.9831604790687561
702,851,149,0.149,0.9850787764191627
746,873,127,0.127,0.9831464334130288
728,864,136,0.136,0.97529310158304
812,906,94,0.094,0.9413243478536606
738,869,131,0.131,1.0086785364151
720,860,140,0.14,0.9815785073656589
766,883,117,0.117,0.9300977338254451
706,853,147,0.147,1.020060841023922
760,880,120,0.12,0.9876569037195839
736,868,132,0.132,0.9752450340539217
726,863,137,0.137,1.0439594804178924
734,867,133,0.133,1.019139883697033
720,860,140,0.14,1.0222567630857229
730,865,135,0.135,0.9989033724069596
808,904,96,0.096,0.9865213323235512
722,861,139,0.139,1.0409811526400499
712,856,144,0.144,1.0432403981685638
706,853,147,0.147,1.085521436214447
744,872,128,0.128,1.0277211793661118
734,867,133,0.133,1.0732287927269935
700,850,150,0.15,1.0931677647082536
728,864,136,0.136,1.0824563571214676
718,859,141,0.141,1.0869783606529235
718,859,141,0.141,1.1154793013334274
718,859,141,0.141,1.1546049119234085
668,834,166,0.166,1.1512848239541054
658,829,171,0.171,1.1610040175914764
726,863,137,0.137,1.1667250463962555
684,842,158,0.158,1.1769940746757201
668,834,166,0.166,1.18221701312808
666,833,167,0.167,1.1860372362990352
774,887,113,0.113,1.1407637929513004
732,866,134,0.134,1.154485418856144
714,857,143,0.143,1.1652696036696435
690,845,155,0.155,1.2099429650306701
748,874,126,0.126,1.1452478182315826
760,880,120,0.12,1.1383339464068414
708,854,146,0.146,1.1687523912787436
696,848,152,0.152,1.1479972160458565
654,827,173,0.173,1.176659157335758
694,847,153,0.153,1.179307469189167
688,844,156,0.156,1.1819846292734146
704,852,148,0.148,1.197302722276798
780,890,110,0.11,1.1690757567286492
754,877,123,0.123,1.2192285426259042
726,863,137,0.137,1.2313630707263947
702,851,149,0.149,1.2046972388923167
718,859,141,0.141,1.24667440867424
706,853,147,0.147,1.2035010001106226
708,854,146,0.146,1.2191527332974983
672,836,164,0.164,1.2059383322000503
714,857,143,0.143,1.2090849473523344
670,835,165,0.165,1.2321851073801517
764,882,118,0.118,1.1970407641530036
696,848,152,0.152,1.2331880650520324
720,860,140,0.14,1.2130859611034392
670,835,165,0.165,1.237455919981003
764,882,118,0.118,1.20029618537426
740,870,130,0.13,1.2376532652378083
702,851,149,0.149,1.2269963573971763
782,891,109,0.109,1.217685545563698
750,875,125,0.125,1.2344004906117916
716,858,142,0.142,1.2204324915409088
716,858,142,0.142,1.2385527513623238
718,859,141,0.141,1.253979256272316
698,849,151,0.151,1.2770023342967034
696,848,152,0.152,1.2593051914328535
704,852,148,0.148,1.2880172381401063
700,850,150,0.15,1.3047019189443672
712,856,144,0.144,1.3009272868037223
632,816,184,0.184,1.3375022246837616
732,866,134,0.134,1.3261370762586593
706,853,147,0.147,1.365942202270031
690,845,155,0.155,1.3650061508696527
710,855,145,0.145,1.3665362831354142
702,851,149,0.149,1.3547055904269218
740,870,130,0.13,1.32696735227108
724,862,138,0.138,1.3853471406698228
710,855,145,0.145,1.3593049929663539
730,865,135,0.135,1.339754817843437
698,849,151,0.151,1.375421664059162
728,864,136,0.136,1.3648576292991639
700,850,150,0.15,1.3673259813785552
736,868,132,0.132,1.3564696179628373
706,853,147,0.147,1.3535942349443213
712,856,144,0.144,1.31496293592453
732,866,134,0.134,1.3334238712787627
668,834,166,0.166,1.377687062561512
712,856,144,0.144,1.3416338095664977
748,874,126,0.126,1.328318543970585
748,874,126,0.126,1.3193401297998
782,891,109,0.109,1.3359633688926698
708,854,146,0.146,1.3141088227629663
746,873,127,0.127,1.3272689641714097
812,906,94,0.094,1.2943868953436612
758,879,121,0.121,1.3468842461648747
758,879,121,0.121,1.2762335185336693
718,859,141,0.141,1.2894848944842816
680,840,160,0.16,1.3254174798130989
738,869,131,0.131,1.2744736196696758
734,867,133,0.133,1.30896720418334
660,830,170,0.17,1.3386862696845583
684,842,158,0.158,1.3049170213341712
694,847,153,0.153,1.3035902866355609
708,854,146,0.146,1.3012529957294463
642,821,179,0.179,1.3299486508965492
670,835,165,0.165,1.3050254145376383
718,859,141,0.141,1.3023426300287246
730,865,135,0.135,1.2627959013283252
748,874,126,0.126,1.2890801932811737
734,867,133,0.133,1.2999346375465393
758,879,121,0.121,1.309056736469269
712,856,144,0.144,1.3135455936193465
730,865,135,0.135,1.326860694527626
758,879,121,0.121,1.3057181684225798
700,850,150,0.15,1.3430428788810969
708,854,146,0.146,1.2883462705749016
708,854,146,0.146,1.2997100187540054
720,860,140,0.14,1.3030531196594237
766,883,117,0.117,1.3012538402825593
660,830,170,0.17,1.3440849068760872
698,849,151,0.151,1.292066040482372
728,864,136,0.136,1.3115045484304428
752,876,124,0.124,1.3073393325805664
658,829,171,0.171,1.3321226918697358
696,848,152,0.152,1.3147534932494163
738,869,131,0.131,1.3287831918001174
696,848,152,0.152,1.347182874441147
756,878,122,0.122,1.3050488831996918
748,874,126,0.126,1.290501627087593
740,870,130,0.13,1.2925876727786962
726,863,137,0.137,1.322481538772583
700,850,150,0.15,1.2892428518533707
752,876,124,0.124,1.270830191552639
722,861,139,0.139,1.3128505761623384
620,810,190,0.19,1.2998442188799382
722,861,139,0.139,1.264612145781517
698,849,151,0.151,1.2743425104022026
702,851,149,0.149,1.2619766530394554
736,868,132,0.132,1.273282265663147
666,833,167,0.167,1.3047556771039963
766,883,117,0.117,1.3013314561843872
736,868,132,0.132,1.2693514644503594
674,837,163,0.163,1.323306810081005
712,856,144,0.144,1.2964197690822548
798,899,101,0.101,1.2611257217526435
714,857,143,0.143,1.2984636354893446
782,891,109,0.109,1.2711346212091157
756,878,122,0.122,1.2696911573633551
684,842,158,0.158,1.3251147950291633
680,840,160,0.16,1.3528414281606673
708,854,146,0.146,1.3328236635923385
700,850,150,0.15,1.338552083849907
686,843,157,0.157,1.3530236503332853
656,828,172,0.172,1.344334816455841
748,874,126,0.126,1.3279031358361244
706,853,147,0.147,1.3539385233521462
742,871,129,0.129,1.3399081707000733
766,883,117,0.117,1.31753455050895
688,844,156,0.156,1.3111897109746933
704,852,148,0.148,1.3422496093213558
732,866,134,0.134,1.3020265746042132
714,857,143,0.143,1.2960100794434548
698,849,151,0.151,1.2786487877368926
768,884,116,0.116,1.2065720229446888
712,856,144,0.144,1.283806690633297
708,854,146,0.146,1.2487787820100784
702,851,149,0.149,1.224724810898304
710,855,145,0.145,1.2328673265576362
716,858,142,0.142,1.2069999905824662
768,884,116,0.116,1.1734438871145247
766,883,117,0.117,1.1744645329117775
678,839,161,0.161,1.2291892986297608
620,810,190,0.19,1.2485771600604056
692,846,154,0.154,1.2123772322535515
686,843,157,0.157,1.2413328241705894
678,839,161,0.161,1.2650560066103935
750,875,125,0.125,1.2366477026189677
728,864,136,0.136,1.2552441842556
786,893,107,0.107,1.2095501646455378
704,852,148,0.148,1.2587490179538727
718,859,141,0.141,1.2507617314457893
754,877,123,0.123,1.2250714415311814
708,854,146,0.146,1.2409404368400574
712,856,144,0.144,1.2646462200805544
688,844,156,0.156,1.2610903812204488
682,841,159,0.159,1.2643080347776412
724,862,138,0.138,1.2192954683303834
714,857,143,0.143,1.2448947980035927
730,865,135,0.135,1.2249609401226045
708,854,146,0.146,1.2399500066936016
688,844,156,0.156,1.263665883243084
756,878,122,0.122,1.2039058060497045
724,862,138,0.138,1.2289646953940392
656,828,172,0.172,1.2634229493141174
716,858,142,0.142,1.237046248435974
764,882,118,0.118,1.216229705932441
696,848,152,0.152,1.2775954354405403
748,874,126,0.126,1.1961844167560338
666,833,167,0.167,1.2766020671725273
748,874,126,0.126,1.2265846470147372
704,852,148,0.148,1.217670598745346
686,843,157,0.157,1.2406273199915885
702,851,149,0.149,1.2536241374611854
728,864,136,0.136,1.245297286748886
716,858,142,0.142,1.2158701691031455
748,874,126,0.126,1.2105221078395842
740,870,130,0.13,1.1936676714420318
766,883,117,0.117,1.168206305682659
708,854,146,0.146,1.2137182022184134
654,827,173,0.173,1.2432766825556756
736,868,132,0.132,1.2287959571257234
750,875,125,0.125,1.229928416788578
726,863,137,0.137,1.2367707116603852
726,863,137,0.137,1.2627648325562477
770,885,115,0.115,1.2480524691939354
704,852,148,0.148,1.2653769652843476
702,851,149,0.149,1.280300625026226
742,871,129,0.129,1.287402677476406
714,857,143,0.143,1.2723230560421943
736,868,132,0.132,1.2425698599219321
714,857,143,0.143,1.2816904980540276
720,860,140,0.14,1.2697004672288894
742,871,129,0.129,1.2428680009458084
720,860,140,0.14,1.2655703846216202
718,859,141,0.141,1.3035009009242058
710,855,145,0.145,1.2776461777025834
720,860,140,0.14,1.3058028506636619
690,845,155,0.155,1.3247303571254014
702,851,149,0.149,1.332038294672966
676,838,162,0.162,1.3772455424070358
710,855,145,0.145,1.3373099683523177
702,851,149,0.149,1.3726624977588653
696,848,152,0.152,1.3895721212625503
726,863,137,0.137,1.3920964453220368
810,905,95,0.095,1.3688392403125762
686,843,157,0.157,1.3843328687549974
698,849,151,0.151,1.439628967642784
670,835,165,0.165,1.410039357662201
746,873,127,0.127,1.4102818708866836
694,847,153,0.153,1.4562519596815109
724,862,138,0.138,1.407589108452201
730,865,135,0.135,1.3947675223350524
708,854,146,0.146,1.397427930330974
762,881,119,0.119,1.3971790562421083
698,849,151,0.151,1.4177694438174366
712,856,144,0.144,1.4146033447384834
712,856,144,0.144,1.415198179125786
696,848,152,0.152,1.4131872805624734
728,864,136,0.136,1.3989180133342742
708,854,146,0.146,1.4203078981637955
684,842,158,0.158,1.4239970939159394
774,887,113,0.113,1.4251424131393433
706,853,147,0.147,1.4167807713396614
762,881,119,0.119,1.4486700241565704
668,834,166,0.166,1.4835952155590058
740,870,130,0.13,1.4528045964837075
756,878,122,0.122,1.4559655742645263
740,870,130,0.13,1.4695860654115678
728,864,136,0.136,1.463801735162735
664,832,168,0.168,1.5289715999364852
698,849,151,0.151,1.486354103602469
722,861,139,0.139,1.5041678675413133
712,856,144,0.144,1.4852276714444161
732,866,134,0.134,1.4773681482076646
730,865,135,0.135,1.4800819622576236
732,866,134,0.134,1.4653947162628174
776,888,112,0.112,1.4651872338056564
690,845,155,0.155,1.501948231935501
736,868,132,0.132,1.4941765261888504
728,864,136,0.136,1.48166536039114
688,844,156,0.156,1.4880091263055801
740,870,130,0.13,1.493341186285019
686,843,157,0.157,1.4921966562271118
686,843,157,0.157,1.49543575988221
798,899,101,0.101,1.4551194989681244
724,862,138,0.138,1.481625042039901
698,849,151,0.151,1.5034291172027587
704,852,148,0.148,1.4977344279810787
702,851,149,0.149,1.5143850536197423
718,859,141,0.141,1.5143833522349597
756,878,122,0.122,1.4804190034866334
728,864,136,0.136,1.490482456803322
666,833,167,0.167,1.5192644612789155
726,863,137,0.137,1.5020745408535003
758,879,121,0.121,1.500123510569334
714,857,143,0.143,1.4870513249635697
772,886,114,0.114,1.4876555131673812
702,851,149,0.149,1.5236178422570228
700,850,150,0.15,1.4822894352078437
654,827,173,0.173,1.500778292298317
688,844,156,0.156,1.5042379118800164
714,857,143,0.143,1.492552486717701
768,884,116,0.116,1.483535528063774
672,836,164,0.164,1.5256390409469605
724,862,138,0.138,1.5375440268814564
734,867,133,0.133,1.517529291152954
662,831,169,0.169,1.530081408381462
706,853,147,0.147,1.5063483397960662
592,796,204,0.204,1.5520600643754006
700,850,150,0.15,1.52457584287785
662,831,169,0.169,1.5244906499385833
724,862,138,0.138,1.5378479812145234
720,860,140,0.14,1.5462456066310406
720,860,140,0.14,1.5492396738529206
706,853,147,0.147,1.5604319816827774
750,875,125,0.125,1.5511096847057342
690,845,155,0.155,1.5612475849725307
714,857,143,0.143,1.5638668434619905
616,808,192,0.192,1.5855339059287945
658,829,171,0.171,1.55997729575634
720,860,140,0.14,1.5579577013254167
718,859,141,0.141,1.5598524232506752
686,843,157,0.157,1.557574118840829
678,839,161,0.161,1.551870222747326
668,834,166,0.166,1.5654946756362915
674,837,163,0.163,1.563516816619458
686,843,157,0.157,1.5738198636192828
704,852,148,0.148,1.558233600474894
710,855,145,0.145,1.548346196582541
662,831,169,0.169,1.5415286624729634
638,819,181,0.181,1.5602345933914186
656,828,172,0.172,1.5000733979940415
776,888,112,0.112,1.416057335615158
716,858,142,0.142,1.4344282960891723
724,862,138,0.138,1.4414779345989228
688,844,156,0.156,1.404925839303688
796,898,102,0.102,1.3699402182102203
742,871,129,0.129,1.3504945816397667
744,872,128,0.128,1.3960115421414376
686,843,157,0.157,1.3718421735167503
690,845,155,0.155,1.3471386809052202
816,908,92,0.092,1.310501939713955
702,851,149,0.149,1.3402458069314354
694,847,153,0.153,1.3251264710426331
728,864,136,0.136,1.3416112044751645
734,867,133,0.133,1.3639368604947812
704,852,148,0.148,1.3343656013011933
666,833,167,0.167,1.3772977537289262
754,877,123,0.123,1.3229144656658172
682,841,159,0.159,1.356790584474802
634,817,183,0.183,1.4529933017492294
730,865,135,0.135,1.3610848904848099
704,852,148,0.148,1.4169171033501624
658,829,171,0.171,1.4119867196101696
722,861,139,0.139,1.4029440063238143
722,861,139,0.139,1.3712422211617232
674,837,163,0.163,1.4682179556787014
686,843,157,0.157,1.4549049476385116
696,848,152,0.152,1.4599937390089035
684,842,158,0.158,1.525642304301262
744,872,128,0.128,1.5351487041115761
734,867,133,0.133,1.5352559660673142
734,867,133,0.133,1.509218378394842
662,831,169,0.169,1.552587188601494
726,863,137,0.137,1.5357062911987305
758,879,121,0.121,1.524829376209993
720,860,140,0.14,1.5094727970715611
696,848,152,0.152,1.5255268971920013
676,838,162,0.162,1.5106836674809456
722,861,139,0.139,1.5033557576909662
750,875,125,0.125,1.4839207342863083
704,852,148,0.148,1.4819621675610541
680,840,160,0.16,1.505552479982376
718,859,141,0.141,1.497381825208664
714,857,143,0.143,1.495453560541384
706,853,147,0.147,1.5258384071588516
724,862,138,0.138,1.5262859281301497
680,840,160,0.16,1.5249141423106194
738,869,131,0.131,1.515954416461289
706,853,147,0.147,1.5537188432216644
680,840,160,0.16,1.541921240415424
634,817,183,0.183,1.5972711021900177
680,840,160,0.16,1.5510071124264504
704,852,148,0.148,1.5387488650679588
706,853,147,0.147,1.5228432585000993
678,839,161,0.161,1.5523251022100448
742,871,129,0.129,1.5460660709142684
718,859,141,0.141,1.5145221654176713
684,842,158,0.158,1.5345428737401963
730,865,135,0.135,1.5266967265605926
718,859,141,0.141,1.5458325850433903
728,864,136,0.136,1.5534197973012924
720,860,140,0.14,1.5179015874862671
680,840,160,0.16,1.5556189504791982
716,858,142,0.142,1.5086707659363747
674,837,163,0.163,1.556960811495781
714,857,143,0.143,1.5685576070547105
726,863,137,0.137,1.5643207712173461
714,857,143,0.143,1.5349823824167252
714,857,143,0.143,1.5296186507954117
676,838,162,0.162,1.533024807214737
660,830,170,0.17,1.5551645158529281
696,848,152,0.152,1.5367780293002724
662,831,169,0.169,1.5454187849760055
732,866,134,0.134,1.5211579868917178
700,850,150,0.15,1.5341953690912924
694,847,153,0.153,1.513830258011818
684,842,158,0.158,1.5103983559012413
688,844,156,0.156,1.5367777477502822
696,848,152,0.152,1.4908025562763214
750,875,125,0.125,1.5091157288551331
760,880,120,0.12,1.4382224373742938
726,863,137,0.137,1.4403053815364837
708,854,146,0.146,1.4450265444219113
706,853,147,0.147,1.4468166027069091
724,862,138,0.138,1.4133705174922944
662,831,169,0.169,1.4645191385746001
704,852,148,0.148,1.4227649627923966
734,867,133,0.133,1.4418261501789094
722,861,139,0.139,1.4291500513628126
664,832,168,0.168,1.43967311732471
708,854,146,0.146,1.3985613956451417
738,869,131,0.131,1.4252478398308157
742,871,129,0.129,1.3754429010152818
708,854,146,0.146,1.3950379009246827
754,877,123,0.123,1.3464476971030235
634,817,183,0.183,1.413580774784088
692,846,154,0.154,1.3536669437910895
746,873,127,0.127,1.3675646193027495
644,822,178,0.178,1.398138492822647
694,847,153,0.153,1.3540307406485081
672,836,164,0.164,1.3743372138203123
718,859,141,0.141,1.3910836418271497
694,847,153,0.153,1.369232636809349
710,855,145,0.145,1.3679903696775437
694,847,153,0.153,1.4027349362373351
732,866,134,0.134,1.400738253712654
648,824,176,0.176,1.4330786427259445
716,858,142,0.142,1.403230850338936
722,861,139,0.139,1.4168206089735031
708,854,146,0.146,1.3756301393508912
716,858,142,0.142,1.3593841141462326
712,856,144,0.144,1.4042524698972703
782,891,109,0.109,1.3548378056287766
766,883,117,0.117,1.342317429304123
678,839,161,0.161,1.3641802465319635
704,852,148,0.148,1.357799938261509
702,851,149,0.149,1.363874848306179
740,870,130,0.13,1.2967583122849464
726,863,137,0.137,1.3118690406084061
650,825,175,0.175,1.3684700182974339
770,885,115,0.115,1.2672363361120225
688,844,156,0.156,1.3425294516682624
786,893,107,0.107,1.3222662742733955
712,856,144,0.144,1.3265168821811677
750,875,125,0.125,1.3268678152561189
650,825,175,0.175,1.3652186416213226
778,889,111,0.111,1.3477051072465256
684,842,158,0.158,1.3968960293531418
730,865,135,0.135,1.3545425837039948
672,836,164,0.164,1.3332341089248658
666,833,167,0.167,1.3667891250252724
712,856,144,0.144,1.304480893660919
714,857,143,0.143,1.3415571653842926
762,881,119,0.119,1.3155991942286491
690,845,155,0.155,1.3451468463540077
664,832,168,0.168,1.3722496470212937
716,858,142,0.142,1.3267906435728074
724,862,138,0.138,1.32150708862861
674,837,163,0.163,1.322378812134266
740,870,130,0.13,1.315464933693409
744,872,128,0.128,1.3023518815636634
736,868,132,0.132,1.2894163390398026
694,847,153,0.153,1.2828567379713058
698,849,151,0.151,1.310567834675312
768,884,116,0.116,1.267017990231514
684,842,158,0.158,1.286437970161438
678,839,161,0.161,1.3030137315988541
714,857,143,0.143,1.2898144205012358
760,880,120,0.12,1.283874223470688
722,861,139,0.139,1.2715978466272355
682,841,159,0.159,1.261088894724846
740,870,130,0.13,1.2343390412926674
726,863,137,0.137,1.212024497449398
668,834,166,0.166,1.256524398058653
712,856,144,0.144,1.182781389951706
714,857,143,0.143,1.2141762540489436
740,870,130,0.13,1.1756147730350495
740,870,130,0.13,1.1962919763475657
698,849,151,0.151,1.2459517593979836
670,835,165,0.165,1.2456583341360092
746,873,127,0.127,1.1628874704241752
698,849,151,0.151,1.2100860514342784
758,879,121,0.121,1.2257006240487098
734,867,133,0.133,1.27053900629282
726,863,137,0.137,1.2092216144502164
730,865,135,0.135,1.2523781179189681
748,874,126,0.126,1.1780325212590448
764,882,118,0.118,1.2511405068039894
732,866,134,0.134,1.2504325143248134
654,827,173,0.173,1.2562887768149376
730,865,135,0.135,1.2345682110786438
718,859,141,0.141,1.263841050647199
766,883,117,0.117,1.2476435120552778
768,884,116,0.116,1.2805042532086373
738,869,131,0.131,1.2513215354681015
770,885,115,0.115,1.2079527465701103
758,879,121,0.121,1.249040928542614
686,843,157,0.157,1.2455516827702522
672,836,164,0.164,1.2557515898197888
710,855,145,0.145,1.2086624020934105
672,836,164,0.164,1.2063758152127266
712,856,144,0.144,1.203141272187233
770,885,115,0.115,1.1984288905262948
730,865,135,0.135,1.2242774285674096
756,878,122,0.122,1.187388572692871
714,857,143,0.143,1.2105789434313774
758,879,121,0.121,1.122388122251723
696,848,152,0.152,1.156235243499279
708,854,146,0.146,1.1701636856794357
724,862,138,0.138,1.1400743686705828
730,865,135,0.135,1.1612150501608849
714,857,143,0.143,1.1382849240899087
730,865,135,0.135,1.1282409588694573
778,889,111,0.111,1.1068628202676773
692,846,154,0.154,1.1496800663471223
712,856,144,0.144,1.1441234966516496
782,891,109,0.109,1.0777075352072716
780,890,110,0.11,1.0831147768497467
726,863,137,0.137,1.0808081377148628
724,862,138,0.138,1.1007106563448905
708,854,146,0.146,1.0989055275321007
694,847,153,0.153,1.1143035542368889
780,890,110,0.11,1.0719312464594841
760,880,120,0.12,1.0852454558780882
730,865,135,0.135,1.1144237685203553
768,884,116,0.116,1.0793201379179955
640,820,180,0.18,1.1684716076254844
718,859,141,0.141,1.1390583886504173
732,866,134,0.134,1.1377854853570462
692,846,154,0.154,1.18116264718771
692,846,154,0.154,1.1615800123810769
764,882,118,0.118,1.1544498207569123
726,863,137,0.137,1.199428908854723
736,868,132,0.132,1.1798422376513482
740,870,130,0.13,1.1877323993444442
664,832,168,0.168,1.2024722205400467
756,878,122,0.122,1.1742453752160071
714,857,143,0.143,1.1869612416028976
732,866,134,0.134,1.1655563889741898
742,871,129,0.129,1.1640832918323576
766,883,117,0.117,1.1550765542337276
712,856,144,0.144,1.1742996752494945
720,860,140,0.14,1.1612542159557342
742,871,129,0.129,1.1385438183695078
690,845,155,0.155,1.1825537827983499
746,873,127,0.127,1.1597510717213153
724,862,138,0.138,1.2031733292937279
754,877,123,0.123,1.1509771158695221
726,863,137,0.137,1.143011841058731
726,863,137,0.137,1.1745645877718927
724,862,138,0.138,1.1843459914550185
802,901,99,0.099,1.1479673292636872
742,871,129,0.129,1.1791425533294677
742,871,129,0.129,1.1548559957146645
684,842,158,0.158,1.1805843484401704
694,847,153,0.153,1.1627555209994316
754,877,123,0.123,1.1552370958328246
752,876,124,0.124,1.1547783428363214
788,894,106,0.106,1.0779040234088897
718,859,141,0.141,1.1318281093835831
688,844,156,0.156,1.1891573117524386
678,839,161,0.161,1.163864369213581
716,858,142,0.142,1.127756330370903
704,852,148,0.148,1.1406127835605293
680,840,160,0.16,1.168743518151372
756,878,122,0.122,1.2083767827153207
754,877,123,0.123,1.1730993569493293
728,864,136,0.136,1.1760969402552581
704,852,148,0.148,1.2308846844357455
684,842,158,0.158,1.2262550740838052
750,875,125,0.125,1.2155465954244138
650,825,175,0.175,1.250719355088775
702,851,149,0.149,1.2010884881541133
686,843,157,0.157,1.25937797164917
710,855,145,0.145,1.2527571458183622
746,873,127,0.127,1.225735662356019
680,840,160,0.16,1.2453410453796387
748,874,126,0.126,1.2259720636606217
738,869,131,0.131,1.2089307915270329
748,874,126,0.126,1.17973317360878
666,833,167,0.167,1.2167312286496161
750,875,125,0.125,1.1646105956435204
736,868,132,0.132,1.1528583436012267
720,860,140,0.14,1.1871812631487846
772,886,114,0.114,1.1347754870057105
712,856,144,0.144,1.1210999113321305
744,872,128,0.128,1.0955684537291526
676,838,162,0.162,1.157995569050312
712,856,144,0.144,1.1028941347962895
730,865,135,0.135,1.0983714591264724
702,851,149,0.149,1.133863710284233
718,859,141,0.141,1.107791301548481
740,870,130,0.13,1.1303009051382542
702,851,149,0.149,1.090929266870022
748,874,126,0.126,1.0603302310175569
756,878,122,0.122,1.1194168643355369
750,875,125,0.125,1.0691639622449876
730,865,135,0.135,1.0746418245434761
728,864,136,0.136,1.0990826444625854
716,858,142,0.142,1.0922650099992752
730,865,135,0.135,1.0602509711384773
742,871,129,0.129,1.0996268633008004
788,894,106,0.106,1.0705046700835228
804,902,98,0.098,1.0540286883115768
692,846,154,0.154,1.1038323008418083
758,879,121,0.121,1.0981806761026383
738,869,131,0.131,1.0794828197956086
718,859,141,0.141,1.097336495578289
724,862,138,0.138,1.073270596265793
732,866,134,0.134,1.1075800843536854
768,884,116,0.116,1.094999278008938
748,874,126,0.126,1.1339048605859279
764,882,118,0.118,1.1538132196813822
722,861,139,0.139,1.1955300387740135
748,874,126,0.126,1.1694159395694732
752,876,124,0.124,1.136366183582635
714,857,143,0.143,1.1680826660990715
714,857,143,0.143,1.2127382861971856
712,856,144,0.144,1.1808605224490165
736,868,132,0.132,1.1714050501435995
748,874,126,0.126,1.2167505255639552
758,879,121,0.121,1.2304062092304229
704,852,148,0.148,1.2621523926258087
746,873,127,0.127,1.2308393243551254
640,820,180,0.18,1.2686506157517434
686,843,157,0.157,1.2838385679125786
728,864,136,0.136,1.2620417949557305
712,856,144,0.144,1.2604009733130224
710,855,145,0.145,1.288085478425026
676,838,162,0.162,1.2880781614780425
694,847,153,0.153,1.2863340638279914
732,866,134,0.134,1.2944060242176056
690,845,155,0.155,1.3501056081205607
656,828,172,0.172,1.3664018677473069
698,849,151,0.151,1.343501843214035
750,875,125,0.125,1.3384308275580405
764,882,118,0.118,1.3465505857467652
712,856,144,0.144,1.3586723033189774
720,860,140,0.14,1.3636924012508898
736,868,132,0.132,1.3463183867931365
728,864,136,0.136,1.3773644317727884
726,863,137,0.137,1.3703769507408141
696,848,152,0.152,1.3537981263399124
662,831,169,0.169,1.3585211916379631
676,838,162,0.162,1.3600333724021911
738,869,131,0.131,1.3185761394500732
780,890,110,0.11,1.2985634678602218
700,850,150,0.15,1.3176785374879838
710,855,145,0.145,1.3211360086202621
746,873,127,0.127,1.2709986531734467
650,825,175,0.175,1.310256248831749
714,857,143,0.143,1.3034686680790775
784,892,108,0.108,1.2676950979232788
776,888,112,0.112,1.254280751824379
714,857,143,0.143,1.2750606747865676
668,834,166,0.166,1.3039692718982696
720,860,140,0.14,1.274702027618885
724,862,138,0.138,1.2509986221790315
620,810,190,0.19,1.2791805476546287
730,865,135,0.135,1.2224863119721412
726,863,137,0.137,1.211148058950901
664,832,168,0.168,1.2425294778347016
778,889,111,0.111,1.1968837293982506
756,878,122,0.122,1.2283616227507592
798,899,101,0.101,1.2271617536470294
760,880,120,0.12,1.2374671928833123
734,867,133,0.133,1.2350748052001
696,848,152,0.152,1.2744012522697448
704,852,148,0.148,1.2439564023911953
740,870,130,0.13,1.215747206747532
720,860,140,0.14,1.225158765912056
760,880,120,0.12,1.2223581702709199
740,870,130,0.13,1.238937116280198
700,850,150,0.15,1.2233198012709618
664,832,168,0.168,1.2393243333101274
640,820,180,0.18,1.2357121049761772
730,865,135,0.135,1.2311399082462304
696,848,152,0.152,1.2440087359324097
760,880,120,0.12,1.221141069471836
744,872,128,0.128,1.2201977306604386
738,869,131,0.131,1.2584641834497452
734,867,133,0.133,1.2553668677806855
696,848,152,0.152,1.2577695955075323
712,856,144,0.144,1.254959579706192
674,837,163,0.163,1.2528237684965133
740,870,130,0.13,1.2474758565984667
680,840,160,0.16,1.2604133324623108
734,867,133,0.133,1.2312248093485831
758,879,121,0.121,1.1890790657335892
762,881,119,0.119,1.2099426258206367
694,847,153,0.153,1.2037122895419599
634,817,183,0.183,1.219952546596527
792,896,104,0.104,1.1513670400381089
658,829,171,0.171,1.1585953314304351
654,827,173,0.173,1.1230109624441793
682,841,159,0.159,1.1631675703525544
732,866,134,0.134,1.1146938314437866
682,841,159,0.159,1.1612839566469193
750,875,125,0.125,1.1208463849425316
738,869,131,0.131,1.1321755071282387
722,861,139,0.139,1.1251565936505794
748,874,126,0.126,1.1789666778445245
712,856,144,0.144,1.151285194516182
662,831,169,0.169,1.148934622645378
748,874,126,0.126,1.17022027265653
770,885,115,0.115,1.1476364252897948
778,889,111,0.111,1.1652109060287477
790,895,105,0.105,1.1524964173585177
714,857,143,0.143,1.1828768548965454
714,857,143,0.143,1.2187331929304637
756,878,122,0.122,1.229002810716629
786,893,107,0.107,1.1843072375059127
762,881,119,0.119,1.2181996892690659
696,848,152,0.152,1.2576824035346508
724,862,138,0.138,1.2490754307623138
698,849,151,0.151,1.2468151411414146
736,868,132,0.132,1.2762243565917015
670,835,165,0.165,1.3092806770801544
668,834,166,0.166,1.3006149337291717
642,821,179,0.179,1.3345814524888993
710,855,145,0.145,1.3345477538704873
686,843,157,0.157,1.3442626913785936
654,827,173,0.173,1.3497567657232286
646,823,177,0.177,1.3616073800325394
684,842,158,0.158,1.3681352577507495
716,858,142,0.142,1.3766081790030003
704,852,148,0.148,1.3914405450150371
692,846,154,0.154,1.4007305939495565
710,855,145,0.145,1.4104937895536422
640,820,180,0.18,1.4194417788460851
680,840,160,0.16,1.4016939562559128
704,852,148,0.148,1.395335960507393
770,885,115,0.115,1.3775885939896106
714,857,143,0.143,1.3418870878368616
714,857,143,0.143,1.3700118889808655
788,894,106,0.106,1.2984780806303025
794,897,103,0.103,1.2698400151953102
708,854,146,0.146,1.2945514430999756
716,858,142,0.142,1.288819188334717
724,862,138,0.138,1.2463815234601499
708,854,146,0.146,1.2586050931590143
702,851,149,0.149,1.2597714986801147
772,886,114,0.114,1.2129894616007806
720,860,140,0.14,1.245915822327137
678,839,161,0.161,1.2528872175812722
748,874,126,0.126,1.2291601297855377
720,860,140,0.14,1.2663785446016118
754,877,123,0.123,1.245600285410881
724,862,138,0.138,1.244341922340798
756,878,122,0.122,1.2634837631871925
750,875,125,0.125,1.250377408206463
724,862,138,0.138,1.2615794979929924
696,848,152,0.152,1.2727951105237008
750,875,125,0.125,1.2554835691452026
680,840,160,0.16,1.2678566455245017
728,864,136,0.136,1.2845831261724234
692,846,154,0.154,1.305062098532915
784,892,108,0.108,1.2752406006157397
742,871,129,0.129,1.2481870726943016
720,860,140,0.14,1.2873861358165741
676,838,162,0.162,1.303309133902192
758,879,121,0.121,1.2663792917132377
740,870,130,0.13,1.2329531133025884
678,839,161,0.161,1.2676994316279888
736,868,132,0.132,1.2669491147100926
722,861,139,0.139,1.2888166731595994
716,858,142,0.142,1.27928456928581
706,853,147,0.147,1.2946015243530273
694,847,153,0.153,1.2944835524996452
696,848,152,0.152,1.2613483877778053
666,833,167,0.167,1.2828329590857028
704,852,148,0.148,1.276738381922245
698,849,151,0.151,1.2877182103395461
758,879,121,0.121,1.2682612215280533
688,844,156,0.156,1.290352828398347
682,841,159,0.159,1.2771645687818527
738,869,131,0.131,1.269570753293112
738,869,131,0.131,1.2916577868772148
780,890,110,0.11,1.2445768290758132
754,877,123,0.123,1.267253768146038
726,863,137,0.137,1.2620974380373955
712,856,144,0.144,1.2474780956506728
788,894,106,0.106,1.2246161037981511
642,821,179,0.179,1.2676778289079667
684,842,158,0.158,1.2928538383804262
752,876,124,0.124,1.2619658287763595
690,845,155,0.155,1.272043289762456
734,867,133,0.133,1.2960374011099338
694,847,153,0.153,1.2845940294861793
716,858,142,0.142,1.3274201760590076
758,879,121,0.121,1.2969186681509017
710,855,145,0.145,1.3044777484983205
728,864,136,0.136,1.3157109082937242
650,825,175,0.175,1.3249857843518258
732,866,134,0.134,1.3009339796304702
614,807,193,0.193,1.3314190156459809
718,859,141,0.141,1.3298594518899918
702,851,149,0.149,1.3294048298001289
740,870,130,0.13,1.2856060879826545
698,849,151,0.151,1.2825491151213646
756,878,122,0.122,1.268182696223259
638,819,181,0.181,1.331095264315605
740,870,130,0.13,1.2820638110041618
662,831,169,0.169,1.2748060465864837
696,848,152,0.152,1.2991294395923614
716,858,142,0.142,1.2959743758440019
682,841,159,0.159,1.2847205668756505
770,885,115,0.115,1.298514882816933
732,866,134,0.134,1.2774073637723922
774,887,113,0.113,1.2591081652790308
710,855,145,0.145,1.2800157991051675
700,850,150,0.15,1.3359809461832046
778,889,111,0.111,1.2672251194540878
656,828,172,0.172,1.314219666481018
714,857,143,0.143,1.2655921167966944
722,861,139,0.139,1.2534105584621429
684,842,158,0.158,1.2891614344120026
744,872,128,0.128,1.289991519510746
730,865,135,0.135,1.2833952739834786
662,831,169,0.169,1.2966503967046739
734,867,133,0.133,1.2637833817005157
774,887,113,0.113,1.281069371238351
750,875,125,0.125,1.2588732730437944
700,850,150,0.15,1.2699342685937882
754,877,123,0.123,1.2862501488924027
720,860,140,0.14,1.2945682666301728
678,839,161,0.161,1.314673865556717
676,838,162,0.162,1.3034850219339131
720,860,140,0.14,1.3562430132627488
700,850,150,0.15,1.3483790345191955
718,859,141,0.141,1.3599999380111694
730,865,135,0.135,1.342232445001602
702,851,149,0.149,1.350035522401333
702,851,149,0.149,1.356621490418911
782,891,109,0.109,1.3518161184191704
736,868,132,0.132,1.38347790325433
732,866,134,0.134,1.3733772729635239
690,845,155,0.155,1.3894811334609984
690,845,155,0.155,1.4064556437730789
746,873,127,0.127,1.3621617291867734
744,872,128,0.128,1.3733360232114793
742,871,129,0.129,1.3621678547114133
654,827,173,0.173,1.4435868607759477
752,876,124,0.124,1.3618167725205421
676,838,162,0.162,1.4011225621998311
718,859,141,0.141,1.3533905881047248
734,867,133,0.133,1.3556422349214554
736,868,132,0.132,1.3196036271452904
716,858,142,0.142,1.3035908118411899
700,850,150,0.15,1.30718563276729
736,868,132,0.132,1.3164712210893632
776,888,112,0.112,1.2748282448803976
710,855,145,0.145,1.30540373557806
742,871,129,0.129,1.2749411415457725
702,851,149,0.149,1.283713766813278
716,858,142,0.142,1.3055824427008629
702,851,149,0.149,1.3390395387820717
714,857,143,0.143,1.3351585978269578
690,845,155,0.155,1.3123637382984161
686,843,157,0.157,1.315558512792457
708,854,146,0.146,1.3579573332667352
674,837,163,0.163,1.351456771016121
682,841,159,0.159,1.3359886145591735
614,807,193,0.193,1.3507501937327906
714,857,143,0.143,1.3184558383598923
660,830,170,0.17,1.3356657460736097
712,856,144,0.144,1.3269506531953812
700,850,150,0.15,1.3130021320581435
706,853,147,0.147,1.308435801592801
692,846,154,0.154,1.3003927812967166
726,863,137,0.137,1.2956402269005776
696,848,152,0.152,1.3052401752471925
744,872,128,0.128,1.2860826138257981
744,872,128,0.128,1.25392221313715
730,865,135,0.135,1.2510060122013091
710,855,145,0.145,1.2490741499066353
710,855,145,0.145,1.2898758767114742
700,850,150,0.15,1.2754185445010662
756,878,122,0.122,1.196327420817237
724,862,138,0.138,1.2243153423666955
676,838,162,0.162,1.269378202021122
690,845,155,0.155,1.2548115086010643
708,854,146,0.146,1.226913106814889
676,838,162,0.162,1.290282818377018
646,823,177,0.177,1.3195631191134454
732,866,134,0.134,1.3116431296169757
732,866,134,0.134,1.2590096133351325
678,839,161,0.161,1.306136542737484
750,875,125,0.125,1.3089469601809978
660,830,170,0.17,1.3593531773090362
758,879,121,0.121,1.2804993327260017
712,856,144,0.144,1.3254133253097533
732,866,134,0.134,1.2719566033482552
734,867,133,0.133,1.3101266331076622
708,854,146,0.146,1.332214720726013
688,844,156,0.156,1.274263285458088
768,884,116,0.116,1.2374294080734254
782,891,109,0.109,1.2288706343770026
742,871,129,0.129,1.244752609372139
742,871,129,0.129,1.2162614586874843
700,850,150,0.15,1.2451835346221924
740,870,130,0.13,1.1824448355175554
716,858,142,0.142,1.1951076702475547
676,838,162,0.162,1.1941830378547311
716,858,142,0.142,1.210840566277504
752,876,124,0.124,1.202363144448027
742,871,129,0.129,1.22693946236372
754,877,123,0.123,1.2218374582640827
690,845,155,0.155,1.239901172220707
666,833,167,0.167,1.2677104893326758
728,864,136,0.136,1.2241074992418288
722,861,139,0.139,1.2510710600018502
686,843,157,0.157,1.249462715625763
702,851,149,0.149,1.2538882710933685
676,838,162,0.162,1.2435009369254113
738,869,131,0.131,1.1665282180272043
754,877,123,0.123,1.2166581289172174
644,822,178,0.178,1.2256804224848747
664,832,168,0.168,1.2085418881997465
808,904,96,0.096,1.1432964445948601
752,876,124,0.124,1.1847015808075667
662,831,169,0.169,1.2148261190652847
764,882,118,0.118,1.1821998893618584
762,881,119,0.119,1.1614901947975158
780,890,110,0.11,1.1592230986356735
686,843,157,0.157,1.1644705138317077
662,831,169,0.169,1.188927496805787
758,879,121,0.121,1.1335335416719317
732,866,134,0.134,1.1793909710049628
724,862,138,0.138,1.1690873143076896
688,844,156,0.156,1.1759700431227684
740,870,130,0.13,1.2056841161847114
756,878,122,0.122,1.2179480704069137
736,868,132,0.132,1.2262650029584765
730,865,135,0.135,1.3061286286711693
750,875,125,0.125,1.272479205697775
726,863,137,0.137,1.3014335664305836
748,874,126,0.126,1.285304640620947
728,864,136,0.136,1.3354564509987832
724,862,138,0.138,1.3413115820884705
756,878,122,0.122,1.3147437523428815
734,867,133,0.133,1.3319913544654847
714,857,143,0.143,1.358824495792389
704,852,148,0.148,1.340500214576721
746,873,127,0.127,1.3207806220650673
798,899,101,0.101,1.3116558955311775
720,860,140,0.14,1.317284651130438
754,877,123,0.123,1.3173801584839822
738,869,131,0.131,1.3544932274222374
734,867,133,0.133,1.309771911740303
692,846,154,0.154,1.3154093651529402
720,860,140,0.14,1.3391728983521463
752,876,124,0.124,1.3402027230262756
690,845,155,0.155,1.3801967669189907
678,839,161,0.161,1.3476838760972023
734,867,133,0.133,1.3693092768192292
742,871,129,0.129,1.390741756618023
718,859,141,0.141,1.365390232205391
702,851,149,0.149,1.363271616488695
732,866,134,0.134,1.355970920085907
732,866,134,0.134,1.363002198278904
706,853,147,0.147,1.3710086805522441
714,857,143,0.143,1.367925555765629
726,863,137,0.137,1.3941379413604735
700,850,150,0.15,1.3786401431895792
598,799,201,0.201,1.4011924780271656
684,842,158,0.158,1.3958840314149856
732,866,134,0.134,1.405450541615486
682,841,159,0.159,1.3805499539077282
672,836,164,0.164,1.386344248175621
716,858,142,0.142,1.3911448706910015
748,874,126,0.126,1.3921759912967682
714,857,143,0.143,1.3938544885944575
750,875,125,0.125,1.3521442707180977
712,856,144,0.144,1.3368899238184095
736,868,132,0.132,1.3491953427791596
678,839,161,0.161,1.377576234193286
660,830,170,0.17,1.3420330164101906
676,838,162,0.162,1.3701425876170397
794,897,103,0.103,1.3129857108572032
732,866,134,0.134,1.3708712953329085
712,856,144,0.144,1.3761570805311203
678,839,161,0.161,1.4014293609559536
724,862,138,0.138,1.386197827219963
656,828,172,0.172,1.4103244813690097
724,862,138,0.138,1.376210884153843
736,868,132,0.132,1.372551845431328
694,847,153,0.153,1.3826691036224366
730,865,135,0.135,1.3824000107049943
696,848,152,0.152,1.3975045158891006
710,855,145,0.145,1.3708696345761417
744,872,128,0.128,1.357858368396759
680,840,160,0.16,1.3551335203647614
732,866,134,0.134,1.3235431473255157
790,895,105,0.105,1.3282206118106843
698,849,151,0.151,1.359116882264614
696,848,152,0.152,1.3373484680652619
744,872,128,0.128,1.3334030494740081
704,852,148,0.148,1.3342141818404198
814,907,93,0.093,1.3440360573530197
726,863,137,0.137,1.313838338404894
732,866,134,0.134,1.3410148270726203
712,856,144,0.144,1.33818712079525
670,835,165,0.165,1.36931172645092
720,860,140,0.14,1.3269518337845803
736,868,132,0.132,1.329261955603957
782,891,109,0.109,1.314616103053093
736,868,132,0.132,1.33705460947752
706,853,147,0.147,1.3900271743535995
696,848,152,0.152,1.3892594517469405
698,849,151,0.151,1.3914968265782353
724,862,138,0.138,1.4148935750722884
740,870,130,0.13,1.4167659765481948
750,875,125,0.125,1.4254984735250473
724,862,138,0.138,1.4652293102145195
738,869,131,0.131,1.440558889746666
746,873,127,0.127,1.4531322275400163
694,847,153,0.153,1.4626189075112344
704,852,148,0.148,1.4342610152065753
690,845,155,0.155,1.443680755212903
698,849,151,0.151,1.429233889989555
742,871,129,0.129,1.4043277699053287
646,823,177,0.177,1.4527326084971428
756,878,122,0.122,1.402218507707119
704,852,148,0.148,1.3943971683043055
728,864,136,0.136,1.41217630493641
684,842,158,0.158,1.3920650590658188
768,884,116,0.116,1.3892391855716706
718,859,141,0.141,1.4274212281703949
756,878,122,0.122,1.3898522799015045
718,859,141,0.141,1.4358880186080933
738,869,131,0.131,1.4331320683956146
724,862,138,0.138,1.4433268361091613
740,870,130,0.13,1.4272441208958626
708,854,146,0.146,1.435612400375001
686,843,157,0.157,1.4420930737257003
764,882,118,0.118,1.4234308202266692
742,871,129,0.129,1.4408863827586174
690,845,155,0.155,1.4381898030787705
716,858,142,0.142,1.4423759403824805
748,874,126,0.126,1.4461579220294953
654,827,173,0.173,1.4819692697525024
708,854,146,0.146,1.4534747415781022
732,866,134,0.134,1.4648472142219544
680,840,160,0.16,1.5021569901704788
756,878,122,0.122,1.5020652807950974
686,843,157,0.157,1.530294639468193
714,857,143,0.143,1.5173127905791626
682,841,159,0.159,1.5533162986633833
728,864,136,0.136,1.5643939861059188
714,857,143,0.143,1.545691672772169
692,846,154,0.154,1.5675692853927612
682,841,159,0.159,1.5582972042560577
690,845,155,0.155,1.5580818519260131
672,836,164,0.164,1.5669247062206269
732,866,134,0.134,1.5537703001499177
754,877,123,0.123,1.543221691608429
716,858,142,0.142,1.5547950309515
740,870,130,0.13,1.527611695408821
724,862,138,0.138,1.5335901433229446
748,874,126,0.126,1.524503299027485
662,831,169,0.169,1.560798572421074
660,830,170,0.17,1.5490650259256362
652,826,174,0.174,1.5495748765021562
686,843,157,0.157,1.55807398173213
698,849,151,0.151,1.5616986657381058
712,856,144,0.144,1.5564765779152512
744,872,128,0.128,1.574961436957121
728,864,136,0.136,1.5670874319076538
712,856,144,0.144,1.5795315039049602
744,872,128,0.128,1.5905195780992507
716,858,142,0.142,1.581454430103302
692,846,154,0.154,1.6030693848729134
708,854,146,0.146,1.597415657007848
732,866,134,0.134,1.5886448981761931
672,836,164,0.164,1.6090977767705916
718,859,141,0.141,1.5953190390467644
790,895,105,0.105,1.5717342604398727
706,853,147,0.147,1.5846935405731202
714,857,143,0.143,1.585882445693016
640,820,180,0.18,1.6030675137043
724,862,138,0.138,1.5959107238054275
710,855,145,0.145,1.6326951026916503
696,848,152,0.152,1.6267452237010003
668,834,166,0.166,1.6220395603179931
664,832,168,0.168,1.6122091595400125
704,852,148,0.148,1.6163083909749985
670,835,165,0.165,1.6439349663257599
712,856,144,0.144,1.6166313616037369
724,862,138,0.138,1.6415543254613876
706,853,147,0.147,1.6556953710317612
676,838,162,0.162,1.6567520245015621
728,864,136,0.136,1.6441077619493008
676,838,162,0.162,1.6803235838413237
670,835,165,0.165,1.6822996777296066
702,851,149,0.149,1.6678774326129944
650,825,175,0.175,1.6906976344585418
664,832,168,0.168,1.6730576014518739
628,814,186,0.186,1.6778000556077308
726,863,137,0.137,1.6619967795610429
786,893,107,0.107,1.641312243103981
670,835,165,0.165,1.6546136595234275
704,852,148,0.148,1.6351884739398956
690,845,155,0.155,1.6173553656608834
752,876,124,0.124,1.6257958799991756
684,842,158,0.158,1.6249787132740021
770,885,115,0.115,1.5798632066249847
796,898,102,0.102,1.5602372915744782
658,829,171,0.171,1.5886236375570297
706,853,147,0.147,1.5380829836167396
656,828,172,0.172,1.5472034657597542
726,863,137,0.137,1.5353878539800645
708,854,146,0.146,1.5332614440917969
750,875,125,0.125,1.493911320745945
696,848,152,0.152,1.495348275836557
684,842,158,0.158,1.5084075273275375
736,868,132,0.132,1.4778267022644171
686,843,157,0.157,1.524754170987755
736,868,132,0.132,1.4754149849116802
694,847,153,0.153,1.4952265816284345
720,860,140,0.14,1.480471945554018
656,828,172,0.172,1.476346936583519
592,796,204,0.204,1.5040658573023975
728,864,136,0.136,1.5022899100184441
680,840,160,0.16,1.4853845102787018
700,850,150,0.15,1.4864119870795627
712,856,144,0.144,1.4714524787351255
676,838,162,0.162,1.500887391805649
662,831,169,0.169,1.5144912891089917
690,845,155,0.155,1.442081885457039
770,885,115,0.115,1.4289393574078568
650,825,175,0.175,1.4496681013703345
632,816,184,0.184,1.4890774828195572
734,867,133,0.133,1.3818347239494324
628,814,186,0.186,1.442978390932083
682,841,159,0.159,1.3858101813535664
698,849,151,0.151,1.4115667698979377
732,866,134,0.134,1.3880962747335435
706,853,147,0.147,1.3920205484628678
720,860,140,0.14,1.3605017097215168
662,831,169,0.169,1.412937303635801
702,851,149,0.149,1.3630662737488746
754,877,123,0.123,1.3307967647314072
664,832,168,0.168,1.350028168976307
718,859,141,0.141,1.3282191714048386
722,861,139,0.139,1.3069295146763324
676,838,162,0.162,1.3151165903806687
744,872,128,0.128,1.2855995084643363
766,883,117,0.117,1.27365693628788
710,855,145,0.145,1.27486222666502
706,853,147,0.147,1.2701365157067777
748,874,126,0.126,1.272465781390667
718,859,141,0.141,1.2840941192740574
732,866,134,0.134,1.2194105052351951
734,867,133,0.133,1.2304836328206583
742,871,129,0.129,1.2315949237346648
724,862,138,0.138,1.211261881262064
704,852,148,0.148,1.2074146188497543
716,858,142,0.142,1.2321844416260719
692,846,154,0.154,1.2073801655769347
790,895,105,0.105,1.1908395795226097
682,841,159,0.159,1.2045990230441093
670,835,165,0.165,1.203853286087513
728,864,136,0.136,1.1715009823441505
684,842,158,0.158,1.2093671634793282
716,858,142,0.142,1.1798241655528545
702,851,149,0.149,1.1563258238434793
754,877,123,0.123,1.1451412397846579
768,884,116,0.116,1.1650194694995881
736,868,132,0.132,1.172880936741829
686,843,157,0.157,1.231770576298237
752,876,124,0.124,1.1811351675987243
722,861,139,0.139,1.2155180513262749
712,856,144,0.144,1.1931949300765992
770,885,115,0.115,1.194484726011753
698,849,151,0.151,1.172289708517492
736,868,132,0.132,1.160761704325676
678,839,161,0.161,1.136714333595708
762,881,119,0.119,1.1569504552483558
784,892,108,0.108,1.1287861966490746
734,867,133,0.133,1.1071586963310838
756,878,122,0.122,1.0529173742830753
716,858,142,0.142,1.0272816147208215
772,886,114,0.114,0.9854694399237632
594,797,203,0.203,1.1019187490344047
704,852,148,0.148,1.0272307136654855
674,837,163,0.163,1.0004723378708587
762,881,119,0.119,0.9738535597324371
702,851,149,0.149,0.9501827732920647
690,845,155,0.155,0.9781628738939762
764,882,118,0.118,0.8960619720965624
742,871,129,0.129,0.9306213057041168
734,867,133,0.133,0.9392325699329376
764,882,118,0.118,0.8737449548244476
716,858,142,0.142,0.9630699169635772
768,884,116,0.116,0.8807152544856072
702,851,149,0.149,0.9378970612287522
672,836,164,0.164,1.0120474404096604
774,887,113,0.113,0.9574487518668174
710,855,145,0.145,1.0178275001049042
774,887,113,0.113,0.985222571849823
722,861,139,0.139,1.0530569077134133
692,846,154,0.154,1.043762913286686
732,866,134,0.134,1.0735608854889869
738,869,131,0.131,1.0617436983585358
734,867,133,0.133,1.0989465838074683
698,849,151,0.151,1.0927681726142764
744,872,128,0.128,1.0934322155117988
620,810,190,0.19,1.172085972428322
774,887,113,0.113,1.126520538330078
674,837,163,0.163,1.1759772618412971
690,845,155,0.155,1.158825034409063
754,877,123,0.123,1.0848764686584473
720,860,140,0.14,1.175168151408434
764,882,118,0.118,1.1156944915056228
624,812,188,0.188,1.2007290253043175
706,853,147,0.147,1.1702728711422532
674,837,163,0.163,1.1950661606788635
774,887,113,0.113,1.1779592511057855
734,867,133,0.133,1.149182612478733
686,843,157,0.157,1.2037476443052293
718,859,141,0.141,1.2018876940011978
744,872,128,0.128,1.1820563272833824
706,853,147,0.147,1.198923896253109
696,848,152,0.152,1.2257445065786705
732,866,134,0.134,1.138489385962513
734,867,133,0.133,1.1413640515208245
750,875,125,0.125,1.1496287328004837
744,872,128,0.128,1.1329350596666337
742,871,129,0.129,1.1001024749930948
748,874,126,0.126,1.0682330541421834
680,840,160,0.16,1.142801756441593
756,878,122,0.122,1.074946904718876
756,878,122,0.122,1.1082475693225862
648,824,176,0.176,1.1336601239442825
784,892,108,0.108,1.0779554854035378
684,842,158,0.158,1.0706878591179847
762,881,119,0.119,1.0406179717630148
766,883,117,0.117,1.0678943130373955
732,866,134,0.134,1.0588763398826122
812,906,94,0.094,0.9977465304136276
736,868,132,0.132,0.9747269119620323
734,867,133,0.133,1.0293468888998032
754,877,123,0.123,1.0162149525284767
736,868,132,0.132,1.0431846709251404
730,865,135,0.135,1.0152727995216846
668,834,166,0.166,1.0420268374563801
710,855,145,0.145,0.9813901305198669
754,877,123,0.123,1.0066176422536373
772,886,114,0.114,1.064303956091404
708,854,146,0.146,1.1235760287567973
736,868,132,0.132,1.0963103777147043
768,884,116,0.116,1.1017221483588218
628,814,186,0.186,1.2327829260230065
764,882,118,0.118,1.1758138116002084
738,869,131,0.131,1.2170675098299981
702,851,149,0.149,1.231824351787567
746,873,127,0.127,1.2092435441315175
772,886,114,0.114,1.195300207555294
672,836,164,0.164,1.2940225424170495
716,858,142,0.142,1.2378753878474236
708,854,146,0.146,1.226026991724968
652,826,174,0.174,1.2247981612086296
740,870,130,0.13,1.1855529729425907
722,861,139,0.139,1.2175080443620683
680,840,160,0.16,1.2430895763635634
706,853,147,0.147,1.2377150562405586
774,887,113,0.113,1.2388085457086564
704,852,148,0.148,1.2892052857615053
718,859,141,0.141,1.2402617414789856
794,897,103,0.103,1.2082748358249664
710,855,145,0.145,1.2707484055161475
774,887,113,0.113,1.2102351740002633
722,861,139,0.139,1.277903188407421
688,844,156,0.156,1.295905299782753
720,860,140,0.14,1.286800585627556
706,853,147,0.147,1.2780602675676347
784,892,108,0.108,1.2506582912802697
730,865,135,0.135,1.2501290491819381
660,830,170,0.17,1.2486210339665413
712,856,144,0.144,1.2777475762963295
674,837,163,0.163,1.2840197574496268
720,860,140,0.14,1.2790564451292157
740,870,130,0.13,1.2459674018621445
724,862,138,0.138,1.2687043693047018
684,842,158,0.158,1.2936700804829597
728,864,136,0.136,1.2634888944327831
714,857,143,0.143,1.2810480846432037
744,872,128,0.128,1.2990535539388657
710,855,145,0.145,1.2882936156392097
738,869,131,0.131,1.2638890888094902
714,857,143,0.143,1.254079613775015
698,849,151,0.151,1.3011302859783174
702,851,149,0.149,1.3082950169444083
692,846,154,0.154,1.3587053752690554
754,877,123,0.123,1.307225937783718
690,845,155,0.155,1.3578661863803863
704,852,148,0.148,1.328093465436068
752,876,124,0.124,1.3170634359121323
672,836,164,0.164,1.3859702140688896
710,855,145,0.145,1.3196240995899033
698,849,151,0.151,1.35959374833107
766,883,117,0.117,1.3194184196591376
700,850,150,0.15,1.326895182967186
692,846,154,0.154,1.3064593772790434
716,858,142,0.142,1.3281936391592026
758,879,121,0.121,1.3310029406547546
770,885,115,0.115,1.3227971286177636
698,849,151,0.151,1.3846739028543233
698,849,151,0.151,1.3869058800954372
720,860,140,0.14,1.386224140524864
684,842,158,0.158,1.4122506413459779
622,811,189,0.189,1.4328383409739418
774,887,113,0.113,1.418818504214287
728,864,136,0.136,1.3866605949103832
680,840,160,0.16,1.3908440738040955
616,808,192,0.192,1.4009921229481697
684,842,158,0.158,1.4089991383552551
738,869,131,0.131,1.370851778296841
710,855,145,0.145,1.3732107126712798
690,845,155,0.155,1.3542188767790795
692,846,154,0.154,1.372890284717083
712,856,144,0.144,1.3604406688213349
714,857,143,0.143,1.3893316223025323
644,822,178,0.178,1.421402559041977
698,849,151,0.151,1.3744498603325337
722,861,139,0.139,1.4099338603019715
726,863,137,0.137,1.4051385830640792
772,886,114,0.114,1.381173850774765
706,853,147,0.147,1.4263558656573296
730,865,135,0.135,1.417476580142975
682,841,159,0.159,1.4316652908325196
706,853,147,0.147,1.398499160051346
772,886,114,0.114,1.4149371168613434
732,866,134,0.134,1.4296558561325072
742,871,129,0.129,1.3975705351829528
762,881,119,0.119,1.3905977207124234
702,851,149,0.149,1.4267679778337479
728,864,136,0.136,1.4394080013632775
770,885,115,0.115,1.3866888859476894
746,873,127,0.127,1.4226307510834486
732,866,134,0.134,1.414518404006958
728,864,136,0.136,1.407951287508011
722,861,139,0.139,1.4079786185026169
690,845,155,0.155,1.4387930818796157
712,856,144,0.144,1.4212639708518982
716,858,142,0.142,1.4198929513692855
708,854,146,0.146,1.4388551833629608
710,855,145,0.145,1.4473450208306313
676,838,162,0.162,1.4631534155607224
730,865,135,0.135,1.4468314453959465
708,854,146,0.146,1.466782464981079
678,839,161,0.161,1.4932473744153976
742,871,129,0.129,1.4652977808713914
654,827,173,0.173,1.4887145872737746
722,861,139,0.139,1.5009053882807493
652,826,174,0.174,1.4863802711963654
686,843,157,0.157,1.4823837964534758
744,872,128,0.128,1.4688914715349675
696,848,152,0.152,1.5110129454135894
708,854,146,0.146,1.5136121722841636
668,834,166,0.166,1.4978734908104894
752,876,124,0.124,1.4768367652893066
744,872,128,0.128,1.478297916509022
636,818,182,0.182,1.489133370757103
700,850,150,0.15,1.4814888124614953
714,857,143,0.143,1.465096217393875
730,865,135,0.135,1.4452427199557423
754,877,123,0.123,1.439814803957939
754,877,123,0.123,1.440335593708791
782,891,109,0.109,1.3953936790823938
732,866,134,0.134,1.395912204861641
702,851,149,0.149,1.4000460109710693
702,851,149,0.149,1.3613777405023575
784,892,108,0.108,1.354749516159296
672,836,164,0.164,1.3775653069131075
704,852,148,0.148,1.3320591648817062
744,872,128,0.128,1.3203886785398935
718,859,141,0.141,1.359124929010868
676,838,162,0.162,1.4028148871941957
726,863,137,0.137,1.3808968422024046
664,832,168,0.168,1.433263667166233
682,841,159,0.159,1.3782673731595279
688,844,156,0.156,1.4206973205804825
678,839,161,0.161,1.4085205833911896
756,878,122,0.122,1.3408764132671058
750,875,125,0.125,1.3921190168261528
684,842,158,0.158,1.384869386330247
634,817,183,0.183,1.40882694876194
744,872,128,0.128,1.3744343658089637
754,877,123,0.123,1.3931159700974822
696,848,152,0.152,1.3979671592712402
740,870,130,0.13,1.4587477144002914
712,856,144,0.144,1.436858187675476
706,853,147,0.147,1.453265427350998
680,840,160,0.16,1.4582088181972503
740,870,130,0.13,1.4279533454179765
728,864,136,0.136,1.4751505776643754
714,857,143,0.143,1.4255624151229858
684,842,158,0.158,1.4179187298864127
744,872,128,0.128,1.451730015680194
680,840,160,0.16,1.4188224050998688
744,872,128,0.128,1.4288022701740264
746,873,127,0.127,1.4350294324170367
672,836,164,0.164,1.4941792752221226
702,851,149,0.149,1.454480053126812
684,842,158,0.158,1.4649352333545684
662,831,169,0.169,1.4722968220710755
736,868,132,0.132,1.462154477238655
680,840,160,0.16,1.450023492872715
712,856,144,0.144,1.4991436061859131
706,853,147,0.147,1.4467001262009145
724,862,138,0.138,1.4759024200439452
662,831,169,0.169,1.433037432849407
736,868,132,0.132,1.4149205114543437
706,853,147,0.147,1.4230442735552788
712,856,144,0.144,1.427906357049942
706,853,147,0.147,1.3965496825280133
642,821,179,0.179,1.4287905136570334
772,886,114,0.114,1.3876164655685426
694,847,153,0.153,1.3982833709418774
726,863,137,0.137,1.4046445585442706
672,836,164,0.164,1.404776233255863
694,847,153,0.153,1.4112980997562408
750,875,125,0.125,1.405088809967041
688,844,156,0.156,1.414657566494745
676,838,162,0.162,1.4087650061249732
784,892,108,0.108,1.3721790081262588
790,895,105,0.105,1.3923961591422558
700,850,150,0.15,1.444270257115364
660,830,170,0.17,1.4697139534354209
736,868,132,0.132,1.4361327970549465
624,812,188,0.188,1.464193044424057
708,854,146,0.146,1.447953564578262
690,845,155,0.155,1.488483302950859
736,868,132,0.132,1.4699022305011749
712,856,144,0.144,1.5182393980026245
702,851,149,0.149,1.514049057006836
644,822,178,0.178,1.5509478495419025
674,837,163,0.163,1.5603094652891158
764,882,118,0.118,1.5329289832115174
650,825,175,0.175,1.562495859832506
738,869,131,0.131,1.5621025539636613
724,862,138,0.138,1.5819217235613614
646,823,177,0.177,1.5833178188800812
630,815,185,0.185,1.5933667535436038
708,854,146,0.146,1.6221838753223419
676,838,162,0.162,1.6226960280318745
674,837,163,0.163,1.6230622684955598
634,817,183,0.183,1.6410312484428287
742,871,129,0.129,1.6057979001270142
748,874,126,0.126,1.6102737025618554
700,850,150,0.15,1.6330198268890381
702,851,149,0.149,1.6245229215323924
648,824,176,0.176,1.6338938509225844
700,850,150,0.15,1.6203244691193104
742,871,129,0.129,1.6005662856847047
674,837,163,0.163,1.619247286915779
664,832,168,0.168,1.6464721635133028
712,856,144,0.144,1.5983008036017419
666,833,167,0.167,1.6191886703372003
692,846,154,0.154,1.6053053134083748
668,834,166,0.166,1.6314466097857803
704,852,148,0.148,1.626865606355015
728,864,136,0.136,1.632423963189125
726,863,137,0.137,1.6239245179891586
666,833,167,0.167,1.6068536723852158
708,854,146,0.146,1.6223080232143403
682,841,159,0.159,1.6145576659197978
722,861,139,0.139,1.600505554869771
624,812,188,0.188,1.6129003064644667
646,823,177,0.177,1.5827152084990304
678,839,161,0.161,1.6010384327173233
690,845,155,0.155,1.584169640123844
644,822,178,0.178,1.6163780753141619
612,806,194,0.194,1.6173834087140595
628,814,186,0.186,1.6600903307199477
630,815,185,0.185,1.6601858533471823
708,854,146,0.146,1.6454005886353553
678,839,161,0.161,1.6648437931537627
688,844,156,0.156,1.6424286057844293
632,816,184,0.184,1.6431555026108278
692,846,154,0.154,1.6602529442421994
648,824,176,0.176,1.6523093758821488
754,877,123,0.123,1.6289734099609778
654,827,173,0.173,1.6349041965007782
688,844,156,0.156,1.6105323626101018
750,875,125,0.125,1.6113459267616272
662,831,169,0.169,1.6242309644818307
716,858,142,0.142,1.6175797094404698
700,850,150,0.15,1.6494671465158464
692,846,154,0.154,1.630869126226135
662,831,169,0.169,1.6392255203723907
666,833,167,0.167,1.63250467222929
736,868,132,0.132,1.6510956292152406
686,843,157,0.157,1.652853362172842
654,827,173,0.173,1.6725468195676803
694,847,153,0.153,1.666373535335064
694,847,153,0.153,1.6689396012723445
684,842,158,0.158,1.6609013925790788
698,849,151,0.151,1.6734099611639977
730,865,135,0.135,1.6765367902517319
660,830,170,0.17,1.682804679141147
734,867,133,0.133,1.6705018775303033
636,818,182,0.182,1.6837848323583602
702,851,149,0.149,1.6492438958883286
682,841,159,0.159,1.6704128699302674
704,852,148,0.148,1.6404400795698166
642,821,179,0.179,1.6756390351057053
702,851,149,0.149,1.6496454741954802
656,828,172,0.172,1.6424717562049627
718,859,141,0.141,1.6224706531763078
734,867,133,0.133,1.6342299289703368
702,851,149,0.149,1.621977371668727
730,865,135,0.135,1.6100233299099354
682,841,159,0.159,1.636295025318861
648,824,176,0.176,1.632726557970047
694,847,153,0.153,1.6172655670642853
636,818,182,0.182,1.642101319551468
764,882,118,0.118,1.5718647871315479
692,846,154,0.154,1.5963929628587212
742,871,129,0.129,1.6033035459518432
682,841,159,0.159,1.6238802483081818
664,832,168,0.168,1.640659727551043
712,856,144,0.144,1.6304397661685943
660,830,170,0.17,1.628658616900444
720,860,140,0.14,1.5908319926261902
716,858,142,0.142,1.586019499182701
712,856,144,0.144,1.5880873465538026
706,853,147,0.147,1.583587126135826
716,858,142,0.142,1.5956528533697127
654,827,173,0.173,1.6106665127277375
642,821,179,0.179,1.6192926145493984
700,850,150,0.15,1.6057078666090965
702,851,149,0.149,1.583678651213646
688,844,156,0.156,1.5842562124729156
694,847,153,0.153,1.5804286073446274
716,858,142,0.142,1.5856308399438859
698,849,151,0.151,1.5779641749858857
730,865,135,0.135,1.577188686433903
658,829,171,0.171,1.6063009793162395
692,846,154,0.154,1.6030913529396058
638,819,181,0.181,1.598448422551155
692,846,154,0.154,1.6054834213722498
728,864,136,0.136,1.6081338956356048
632,816,184,0.184,1.6514530546963508
678,839,161,0.161,1.6367202062010766
726,863,137,0.137,1.6371283178329468
666,833,167,0.167,1.6144801717102528
712,856,144,0.144,1.6230070782249186
712,856,144,0.144,1.6371963500976563
740,870,130,0.13,1.6329099031686782
644,822,178,0.178,1.6559140945822
728,864,136,0.136,1.6248157048225402
724,862,138,0.138,1.6299576491117478
674,837,163,0.163,1.618230879485607
648,824,176,0.176,1.6264281537807692
640,820,180,0.18,1.643052894949913
688,844,156,0.156,1.6290172331333161
762,881,119,0.119,1.6114562624208628
668,834,166,0.166,1.6264333796203136
744,872,128,0.128,1.62374294972426
662,831,169,0.169,1.6418545832931994
718,859,141,0.141,1.6341421848237514
714,857,143,0.143,1.637772693529725
642,821,179,0.179,1.6618107135295868
746,873,127,0.127,1.6432817379683256
720,860,140,0.14,1.6389829580485822
738,869,131,0.131,1.672005309343338
730,865,135,0.135,1.6510151224657894
726,863,137,0.137,1.6405261524915695
698,849,151,0.151,1.6510987629294396
706,853,147,0.147,1.6316114775538444
662,831,169,0.169,1.6392399234851474
648,824,176,0.176,1.6411899172831326
702,851,149,0.149,1.6324587079320918
678,839,161,0.161,1.6269416173696518
670,835,165,0.165,1.6109298029744532
744,872,128,0.128,1.6130604799985886
710,855,145,0.145,1.6195801378935575
728,864,136,0.136,1.6196321297883987
654,827,173,0.173,1.6395811562538147
664,832,168,0.168,1.6415897859334945
734,867,133,0.133,1.5965928594470025
672,836,164,0.164,1.6200635522305966
716,858,142,0.142,1.6369011337757111
764,882,118,0.118,1.5803111101835967
748,874,126,0.126,1.6043558182064444
742,871,129,0.129,1.5628662219047547
774,887,113,0.113,1.5841135771870614
688,844,156,0.156,1.5481316368728877
654,827,173,0.173,1.574953937202692
724,862,138,0.138,1.5393728099167348
726,863,137,0.137,1.5405345019102097
722,861,139,0.139,1.518969454780221
768,884,116,0.116,1.5323182557821273
746,873,127,0.127,1.5469136470942757
732,866,134,0.134,1.5417225697040557
634,817,183,0.183,1.5679557518959046
650,825,175,0.175,1.5926184862852097
714,857,143,0.143,1.5956054009795189
686,843,157,0.157,1.5947026908429998
662,831,169,0.169,1.6217111281752585
716,858,142,0.142,1.6079466671060982
674,837,163,0.163,1.626005003809929
738,869,131,0.131,1.6225703278779984
698,849,151,0.151,1.633436235435307
626,813,187,0.187,1.657375063419342
674,837,163,0.163,1.6692463423525914
720,860,140,0.14,1.6498705265522002
658,829,171,0.171,1.6751702345609665
658,829,171,0.171,1.6816020013093949
668,834,166,0.166,1.6348163457650808
668,834,166,0.166,1.6546150822639465
710,855,145,0.145,1.6667286994457244
694,847,153,0.153,1.6701282360553742
674,837,163,0.163,1.6759518176913262
630,815,185,0.185,1.67518515795486
664,832,168,0.168,1.6761731476783752
688,844,156,0.156,1.6897212384179001
714,857,143,0.143,1.7016233042478561
714,857,143,0.143,1.6823603128194808
716,858,142,0.142,1.675918445110321
714,857,143,0.143,1.677660969853401
682,841,159,0.159,1.6779762152440676
662,831,169,0.169,1.7014326362414867
730,865,135,0.135,1.6835261365175247
710,855,145,0.145,1.668371294617653
732,866,134,0.134,1.6578829632997514
680,840,160,0.16,1.6849722862243652
692,846,154,0.154,1.6663153759539127
712,856,144,0.144,1.620841787070036
648,824,176,0.176,1.6282691410556436
688,844,156,0.156,1.6395423543276266
730,865,135,0.135,1.5975037537813186
618,809,191,0.191,1.6236929488242604
668,834,166,0.166,1.6029387105703354
736,868,132,0.132,1.5972728270292282
718,859,141,0.141,1.6233230961561202
748,874,126,0.126,1.5961065016984939
748,874,126,0.126,1.5847764263898134
710,855,145,0.145,1.5930574855653594
736,868,132,0.132,1.593643301963806
640,820,180,0.18,1.5954113764762892
756,878,122,0.122,1.567579339189455
748,874,126,0.126,1.5777159248590469
670,835,165,0.165,1.6033559885370205
674,837,163,0.163,1.593183351099491
660,830,170,0.17,1.6106199107319117
662,831,169,0.169,1.5945375574827194
632,816,184,0.184,1.6067493664417853
662,831,169,0.169,1.5887736209261347
658,829,171,0.171,1.5948435705844313
664,832,168,0.168,1.6146690026521682
714,857,143,0.143,1.631642480969429
684,842,158,0.158,1.6338482927102669
600,800,200,0.2,1.652891537666321
614,807,193,0.193,1.659007090628147
684,842,158,0.158,1.6708772441148758
640,820,180,0.18,1.657938578724861
696,848,152,0.152,1.650832613274455
674,837,163,0.163,1.6662262804806232
712,856,144,0.144,1.639725341022029
720,860,140,0.14,1.6448521733675152
700,850,150,0.15,1.6341761273145676
678,839,161,0.161,1.6477695586681367
672,836,164,0.164,1.6561777792572976
694,847,153,0.153,1.6489554634904453
658,829,171,0.171,1.6569552049729972
666,833,167,0.167,1.6395898871421815
694,847,153,0.153,1.6231562322974205
656,828,172,0.172,1.6446527123451233
708,854,146,0.146,1.6282965926925568
732,866,134,0.134,1.6025823777728518
682,841,159,0.159,1.594970964603126
668,834,166,0.166,1.6191056724786759
716,858,142,0.142,1.569608579207249
724,862,138,0.138,1.5644016543660255
684,842,158,0.158,1.587212342888546
696,848,152,0.152,1.5885465835928918
724,862,138,0.138,1.608106807768345
700,850,150,0.15,1.590543132662773
688,844,156,0.156,1.599820870935917
688,844,156,0.156,1.5916022735983133
702,851,149,0.149,1.5931655916081435
688,844,156,0.156,1.5826313610971219
592,796,204,0.204,1.6100634384365193
708,854,146,0.146,1.5944267358779907
710,855,145,0.145,1.5868083088248968
716,858,142,0.142,1.6025601583719253
678,839,161,0.161,1.598410430073738
674,837,163,0.163,1.6193467352092266
710,855,145,0.145,1.585833952665329
620,810,190,0.19,1.6049350322792306
590,795,205,0.205,1.608265935897827
714,857,143,0.143,1.5675318639824443
706,853,147,0.147,1.5737147183264606
714,857,143,0.143,1.5684996933341027
654,827,173,0.173,1.5731466371212155
744,872,128,0.128,1.5596245762109757
618,809,191,0.191,1.5838407406806945
694,847,153,0.153,1.557160830438137
712,856,144,0.144,1.5726635230779649
720,860,140,0.14,1.5654877483844758
670,835,165,0.165,1.5684293704746524
652,826,174,0.174,1.5695534698665141
640,820,180,0.18,1.5862842446565628
726,863,137,0.137,1.5817866030931473
678,839,161,0.161,1.5741398731470109
608,804,196,0.196,1.6316767943128943
654,827,173,0.173,1.6162854428738356
696,848,152,0.152,1.6074496410832508
686,843,157,0.157,1.6375710098445415
648,824,176,0.176,1.6226494408054277
684,842,158,0.158,1.6267150531411172
706,853,147,0.147,1.6169619989395143
618,809,191,0.191,1.617273801295567
656,828,172,0.172,1.607806147068739
772,886,114,0.114,1.5780159041397273
682,841,159,0.159,1.5881042194366455
658,829,171,0.171,1.6218244183063506
662,831,169,0.169,1.6065552456391456
738,869,131,0.131,1.5663930279747582
714,857,143,0.143,1.5630956661701203
706,853,147,0.147,1.569874662399292
700,850,150,0.15,1.5509077204447277
734,867,133,0.133,1.5295551648139953
732,866,134,0.134,1.5262109591960906
700,850,150,0.15,1.5154784067869187
756,878,122,0.122,1.4955029515268226
722,861,139,0.139,1.501185325860977
704,852,148,0.148,1.5102670134990681
628,814,186,0.186,1.5382730562344131
650,825,175,0.175,1.50742350038141
756,878,122,0.122,1.4390785014446594
694,847,153,0.153,1.4713746963409722
720,860,140,0.14,1.4432732876241208
702,851,149,0.149,1.4439348522424698
696,848,152,0.152,1.4041519566178322
692,846,154,0.154,1.421616783969028
664,832,168,0.168,1.3775424808859824
714,857,143,0.143,1.3684463852919144
706,853,147,0.147,1.3482423624698636
636,818,182,0.182,1.3940773725848112
698,849,151,0.151,1.3490065925717354
654,827,173,0.173,1.3564834288805723
684,842,158,0.158,1.3874507264578715
700,850,150,0.15,1.3697144510746002
744,872,128,0.128,1.3897646549344063
686,843,157,0.157,1.3888410596252376
690,845,155,0.155,1.3908847357941319
598,799,201,0.201,1.4148221526464166
698,849,151,0.151,1.3877945419163837
642,821,179,0.179,1.4025847080275415
732,866,134,0.134,1.3504555769850786
738,869,131,0.131,1.36150777053833
684,842,158,0.158,1.385584150645882
686,843,157,0.157,1.3817168229222299
676,838,162,0.162,1.379722328095464
652,826,174,0.174,1.3675758049907163
696,848,152,0.152,1.3525344891250133
710,855,145,0.145,1.3497818381295366
674,837,163,0.163,1.3631598733626307
712,856,144,0.144,1.3456553705367997
744,872,128,0.128,1.352232984053786
644,822,178,0.178,1.3897267133295537
694,847,153,0.153,1.4159699453115464
738,869,131,0.131,1.3659568331052383
706,853,147,0.147,1.400877427637577
682,841,159,0.159,1.3969284057617188
724,862,138,0.138,1.386415765762329
702,851,149,0.149,1.4065072466991841
708,854,146,0.146,1.3765934028852498
680,840,160,0.16,1.3967914862528268
684,842,158,0.158,1.3527257594466209
714,857,143,0.143,1.345218835055828
692,846,154,0.154,1.3584302087883262
734,867,133,0.133,1.3578467509746552
698,849,151,0.151,1.305194735467434
734,867,133,0.133,1.30864237870714
746,873,127,0.127,1.299199701577425
754,877,123,0.123,1.3151151086091994
690,845,155,0.155,1.3179583350643516
698,849,151,0.151,1.3013715904951095
754,877,123,0.123,1.282395316362381
746,873,127,0.127,1.2917606853246688
716,858,142,0.142,1.2745366258621216
738,869,131,0.131,1.2800952094793319
788,894,106,0.106,1.2435429906845092
734,867,133,0.133,1.2566306674480439
706,853,147,0.147,1.2625747385621071
696,848,152,0.152,1.2338888545036315
700,850,150,0.15,1.2487721609996083
630,815,185,0.185,1.2348801614046097
746,873,127,0.127,1.2049736407399179
734,867,133,0.133,1.1841232521235943
734,867,133,0.133,1.194907080490142
710,855,145,0.145,1.2198001877069473
718,859,141,0.141,1.2187898980975151
724,862,138,0.138,1.1987447660565376
654,827,173,0.173,1.2359828862547875
704,852,148,0.148,1.2083149228468537
724,862,138,0.138,1.2110350566564594
702,851,149,0.149,1.184254765629769
724,862,138,0.138,1.1709849232379348
718,859,141,0.141,1.2350603931546211
726,863,137,0.137,1.1934139201194047
680,840,160,0.16,1.2067092280983924
712,856,144,0.144,1.207481606543064
748,874,126,0.126,1.2047969200722872
662,831,169,0.169,1.2271306152778907
662,831,169,0.169,1.230566604022868
732,866,134,0.134,1.2260347872991584
788,894,106,0.106,1.223412596821785
714,857,143,0.143,1.2239943139274911
674,837,163,0.163,1.265827571593225
696,848,152,0.152,1.2269234065972268
692,846,154,0.154,1.261539985716343
708,854,146,0.146,1.2342007795539685
758,879,121,0.121,1.2455475508952514
718,859,141,0.141,1.2817060017585755
692,846,154,0.154,1.2986572598814965
734,867,133,0.133,1.3039977890849113
732,866,134,0.134,1.2936709284186363
706,853,147,0.147,1.3132524682283402
702,851,149,0.149,1.3081208909153939
650,825,175,0.175,1.307555733382702
780,890,110,0.11,1.2364927829284582
702,851,149,0.149,1.2950859701633453
668,834,166,0.166,1.2753763960342512
766,883,117,0.117,1.2644204810853117
696,848,152,0.152,1.2460393499133642
752,876,124,0.124,1.243279633820057
734,867,133,0.133,1.2463834698796412
672,836,164,0.164,1.2593782250564545
688,844,156,0.156,1.258559458628516
724,862,138,0.138,1.2497430743724107
702,851,149,0.149,1.2498288782536984
684,842,158,0.158,1.2388526626229286
728,864,136,0.136,1.227328443646431
746,873,127,0.127,1.2316553895398974
660,830,170,0.17,1.2390496048107744
726,863,137,0.137,1.2223733997046948
716,858,142,0.142,1.206784579396248
692,846,154,0.154,1.1899992327988147
638,819,181,0.181,1.2251771378517151
754,877,123,0.123,1.197752264738083
696,848,152,0.152,1.2004067511856555
766,883,117,0.117,1.1654732407331467
708,854,146,0.146,1.2058071433454751
690,845,155,0.155,1.179362128095657
746,873,127,0.127,1.1578487711232155
688,844,156,0.156,1.1583516288399696
740,870,130,0.13,1.1501340988874436
760,880,120,0.12,1.1502239812612534
766,883,117,0.117,1.1130938865542412
686,843,157,0.157,1.1429976621568203
684,842,158,0.158,1.1543721908926963
718,859,141,0.141,1.1360325021147728
714,857,143,0.143,1.1324218500256538
732,866,134,0.134,1.1124693511724473
702,851,149,0.149,1.1576689931509043
710,855,145,0.145,1.1077879559993744
668,834,166,0.166,1.1388263344368548
708,854,146,0.146,1.1276661841273308
662,831,169,0.169,1.164058151204139
762,881,119,0.119,1.1019719708561897
730,865,135,0.135,1.1369178084135056
784,892,108,0.108,1.0861384301594226
664,832,168,0.168,1.1171739959653204
716,858,142,0.142,1.1320219247341157
716,858,142,0.142,1.0747647256441415
712,856,144,0.144,1.1015236143452931
718,859,141,0.141,1.1390868117246733
764,882,118,0.118,1.098052833199501
740,870,130,0.13,1.122341129072942
724,862,138,0.138,1.1252685482600937
646,823,177,0.177,1.1096872524619104
794,897,103,0.103,1.1162944197952747
724,862,138,0.138,1.109217737558918
764,882,118,0.118,1.095985684421321
692,846,154,0.154,1.111154183268547
674,837,163,0.163,1.0847271413039417
734,867,133,0.133,1.084410942958837
736,868,132,0.132,1.065400910615921
782,891,109,0.109,1.0966998308897018
782,891,109,0.109,1.0945376363396644
688,844,156,0.156,1.1460447637743783
698,849,151,0.151,1.1354313945174217
730,865,135,0.135,1.0901228391467594
784,892,108,0.108,1.068761354289949
730,865,135,0.135,1.0735806570649147
716,858,142,0.142,1.0899881438612937
678,839,161,0.161,1.0708422458469868
756,878,122,0.122,1.050458767408505
732,866,134,0.134,1.0731919204943416
744,872,128,0.128,1.071825105011463
746,873,127,0.127,1.1035615728626436
758,879,121,0.121,1.0966624553501605
712,856,144,0.144,1.100621960490942
696,848,152,0.152,1.119444177955389
732,866,134,0.134,1.144194149851799
736,868,132,0.132,1.0839746710762848
662,831,169,0.169,1.1485199790000915
664,832,168,0.168,1.1524192296459819
736,868,132,0.132,1.1680044511705636
728,864,136,0.136,1.160518283724785
748,874,126,0.126,1.1848390308469534
750,875,125,0.125,1.1522658905860044
734,867,133,0.133,1.1994534929990768
764,882,118,0.118,1.1743131932914257
752,876,124,0.124,1.155756108880043
692,846,154,0.154,1.1874961435581153
684,842,158,0.158,1.1903882646560668
718,859,141,0.141,1.162793099820614
740,870,130,0.13,1.1100273215365597
752,876,124,0.124,1.1098436559559777
726,863,137,0.137,1.1603035517930984
686,843,157,0.157,1.1479792547225953
730,865,135,0.135,1.1525445796251297
670,835,165,0.165,1.192848672389984
688,844,156,0.156,1.2024893055558206
728,864,136,0.136,1.1809910116791724
732,866,134,0.134,1.2033306078910828
732,866,134,0.134,1.2187242715114843
742,871,129,0.129,1.1930718144178392
710,855,145,0.145,1.2206752033829689
674,837,163,0.163,1.2294666254380562
662,831,169,0.169,1.210617110727355
646,823,177,0.177,1.233397528143676
734,867,133,0.133,1.2373963713273666
670,835,165,0.165,1.2692334070503712
748,874,126,0.126,1.2403028140382386
692,846,154,0.154,1.2254997089505195
682,841,159,0.159,1.2283271391391755
718,859,141,0.141,1.1952817870974541
732,866,134,0.134,1.1701497984528555
690,845,155,0.155,1.1979357026219368
752,876,124,0.124,1.1419157409667968
688,844,156,0.156,1.1204597570300103
742,871,129,0.129,1.1017254586815834
748,874,126,0.126,1.0574883050974457
744,872,128,0.128,1.0307027224302292
800,900,100,0.1,0.9801185691671608
752,876,124,0.124,0.9735884426981211
754,877,123,0.123,0.9365996639858931
778,889,111,0.111,0.8970672387778759
756,878,122,0.122,0.9020821668207646
730,865,135,0.135,0.8966918022632598
748,874,126,0.126,0.8610777226537466
770,885,115,0.115,0.8663808889985084
682,841,159,0.159,0.8819170709209284
728,864,136,0.136,0.8607580682039261
664,832,168,0.168,0.8706406692266464
760,880,120,0.12,0.8918605037145316
722,861,139,0.139,0.9114400130896001
742,871,129,0.129,0.8604477983125834
808,904,96,0.096,0.8676464876532555
748,874,126,0.126,0.9163285552226007
754,877,123,0.123,0.9349465729817749
768,884,116,0.116,0.9228800652832724
712,856,144,0.144,0.951566196769476
750,875,125,0.125,0.9138512384667993
788,894,106,0.106,0.9118300725221634
718,859,141,0.141,0.9176563616559938
734,867,133,0.133,0.940813746407628
712,856,144,0.144,0.9617184875309467
654,827,173,0.173,0.9920650616288185
736,868,132,0.132,0.9391121995749927
774,887,113,0.113,0.9319003829956055
670,835,165,0.165,1.023165895164013
758,879,121,0.121,0.9509965546131134
732,866,134,0.134,0.9985670345425606
746,873,127,0.127,0.9972165327295661
756,878,122,0.122,1.050162730038166
682,841,159,0.159,1.0714139582514763
752,876,124,0.124,1.0463715320527553
722,861,139,0.139,1.0745360682606697
704,852,148,0.148,1.089461166203022
748,874,126,0.126,1.077963327229023
782,891,109,0.109,1.0327859160900117
732,866,134,0.134,1.0451424069404602
720,860,140,0.14,1.1099259321689605
692,846,154,0.154,1.0714335046147656
726,863,137,0.137,1.0944263097047806
704,852,148,0.148,1.0573484877347945
776,888,112,0.112,1.0749227166175843
646,823,177,0.177,1.1153020939826965
762,881,119,0.119,1.0790640887022018
710,855,145,0.145,1.0680106687545776
702,851,149,0.149,1.0578151157945395
710,855,145,0.145,1.0821592577099801
736,868,132,0.132,1.1014267331957817
672,836,164,0.164,1.093755121603608
742,871,129,0.129,1.0439319742321969
672,836,164,0.164,1.0680492028507869
728,864,136,0.136,1.0323172621749213
766,883,117,0.117,1.0554217941761017
760,880,120,0.12,1.0156310635507106
680,840,160,0.16,1.0590398684312952
752,876,124,0.124,0.9995177248716355
750,875,125,0.125,1.0049975888511982
706,853,147,0.147,0.98837700933218
762,881,119,0.119,0.976885087788105
750,875,125,0.125,0.9898568729758263
768,884,116,0.116,0.9944277785251324
730,865,135,0.135,1.0314612644687295
746,873,127,0.127,0.9518673663940281
748,874,126,0.126,0.9951855264306069
790,895,105,0.105,0.9522867215957959
678,839,161,0.161,0.9927112190723419
656,828,172,0.172,1.0148464725870872
694,847,153,0.153,0.9991543461084366
782,891,109,0.109,0.982047412455082
762,881,119,0.119,0.930326420545578
710,855,145,0.145,0.9614246712327004
746,873,127,0.127,0.9745666043421807
786,893,107,0.107,0.9275535838007927
756,878,122,0.122,0.9660835243463516
758,879,121,0.121,0.955273751616478
746,873,127,0.127,0.9703725094180554
730,865,135,0.135,0.9913368334174156
740,870,130,0.13,0.9801447692513466
694,847,153,0.153,1.029823692158563
722,861,139,0.139,1.02168065328151
774,887,113,0.113,0.9936428299546242
750,875,125,0.125,1.0289196342229843
690,845,155,0.155,1.064055059760809
752,876,124,0.124,1.0708811128131763
702,851,149,0.149,1.0577855351744219
696,848,152,0.152,1.0799695001981742
750,875,125,0.125,1.0519548366069793
724,862,138,0.138,1.0592610068917274
744,872,128,0.128,1.0445206408798695
742,871,129,0.129,1.05686901307106
758,879,121,0.121,1.1005301627516746
778,889,111,0.111,1.1161479358077049
746,873,127,0.127,1.0732386877568205
744,872,128,0.128,1.1204440681583947
718,859,141,0.141,1.1407503612041474
774,887,113,0.113,1.1107145531773568
706,853,147,0.147,1.1351863766223542
648,824,176,0.176,1.1723242374658585
798,899,101,0.101,1.1092534341812135
756,878,122,0.122,1.1048740614056587
722,861,139,0.139,1.119703264899872
644,822,178,0.178,1.1523373983675584
784,892,108,0.108,1.099215058207512
734,867,133,0.133,1.1252929124832154
722,861,139,0.139,1.1199930413663388
736,868,132,0.132,1.1236650939136743
696,848,152,0.152,1.1498986297250944
764,882,118,0.118,1.1182111045474885
746,873,127,0.127,1.1221527818376045
758,879,121,0.121,1.1326891522100486
770,885,115,0.115,1.1417547418475151
774,887,113,0.113,1.1328604867472314
704,852,148,0.148,1.1154549944400787
672,836,164,0.164,1.1506057411134243
754,877,123,0.123,1.12891006398201
758,879,121,0.121,1.131754699550569
720,860,140,0.14,1.1253056384265514
700,850,150,0.15,1.1676618788420356
742,871,129,0.129,1.1655120229174007
666,833,167,0.167,1.1531254095435142
732,866,134,0.134,1.1831455236381985
742,871,129,0.129,1.191967681184411
684,842,158,0.158,1.2328919387459756
732,866,134,0.134,1.1885121990889311
666,833,167,0.167,1.2300940465014427
730,865,135,0.135,1.2087379232607782
754,877,123,0.123,1.2048213322162629
670,835,165,0.165,1.2559690351926291
704,852,148,0.148,1.2508699107170105
666,833,167,0.167,1.2302914311722852
726,863,137,0.137,1.1966128240823746
720,860,140,0.14,1.1936369748637081
698,849,151,0.151,1.2255241777896881
662,831,169,0.169,1.187477810230106
798,899,101,0.101,1.1766909770071508
662,831,169,0.169,1.1838866837033573
724,862,138,0.138,1.2514001191854478
656,828,172,0.172,1.2452359188199043
688,844,156,0.156,1.2086638945899904
648,824,176,0.176,1.252252444267273
744,872,128,0.128,1.209772688627243
744,872,128,0.128,1.200689258166589
698,849,151,0.151,1.2210946805626155
702,851,149,0.149,1.2503418802390087
748,874,126,0.126,1.2045728855729103
732,866,134,0.134,1.179651462164009
730,865,135,0.135,1.164960988868028
732,866,134,0.134,1.2127742054601431
684,842,158,0.158,1.2014486835641518
736,868,132,0.132,1.1692471053116023
730,865,135,0.135,1.1428312736021908
692,846,154,0.154,1.1959207591414451
686,843,157,0.157,1.1747263375598624
762,881,119,0.119,1.2827930411994457
674,837,163,0.163,1.2895496768784442
742,871,129,0.129,1.3164987343549728
668,834,166,0.166,1.3242839201688767
694,847,153,0.153,1.4304787252717652
730,865,135,0.135,1.3971403222754597
718,859,141,0.141,1.4252876563072205
758,879,121,0.121,1.433033780515194
658,829,171,0.171,1.5079639199099037
624,812,188,0.188,1.5258610849380494
692,846,154,0.154,1.520195437192917
678,839,161,0.161,1.5363406455889344
690,845,155,0.155,1.5670631942115725
706,853,147,0.147,1.543334123790264
664,832,168,0.168,1.5835952888788782
702,851,149,0.149,1.5684951640388463
688,844,156,0.156,1.56987523637712
688,844,156,0.156,1.5796322176754474
718,859,141,0.141,1.582045602798462
614,807,193,0.193,1.5691184544488788
704,852,148,0.148,1.5649035188611597
734,867,133,0.133,1.5429948341422133
726,863,137,0.137,1.5607954949513079
652,826,174,0.174,1.5518213985422626
686,843,157,0.157,1.5731866788864135
748,874,126,0.126,1.549776008784771
672,836,164,0.164,1.570738307237625
688,844,156,0.156,1.5479493262208999
726,863,137,0.137,1.5156213308794269
734,867,133,0.133,1.5115687863826752
736,868,132,0.132,1.506475913017988
678,839,161,0.161,1.5260051209926606
692,846,154,0.154,1.4919964435100554
676,838,162,0.162,1.473275736272335
732,866,134,0.134,1.471573869101703
690,845,155,0.155,1.4851547358334065
668,834,166,0.166,1.4621552969515323
736,868,132,0.132,1.47879672396183
700,850,150,0.15,1.4897983557581902
748,874,126,0.126,1.4330929546187403
734,867,133,0.133,1.472562810063362
704,852,148,0.148,1.4807930122613906
732,866,134,0.134,1.480715115815401
680,840,160,0.16,1.4904520948529243
694,847,153,0.153,1.4631675273180007
704,852,148,0.148,1.4782330461740494
642,821,179,0.179,1.490376779198079
700,850,150,0.15,1.47898252183944
680,840,160,0.16,1.488934450365603
760,880,120,0.12,1.474052053859865
668,834,166,0.166,1.4974759500194341
726,863,137,0.137,1.4987532037496567
762,881,119,0.119,1.4817965504527093
702,851,149,0.149,1.5022753242254256
706,853,147,0.147,1.4971810060143471
706,853,147,0.147,1.4927215384707138
730,865,135,0.135,1.494543401837349
686,843,157,0.157,1.4602551139853894
652,826,174,0.174,1.4718947873593642
780,890,110,0.11,1.4567572312504053
650,825,175,0.175,1.4500966374874116
676,838,162,0.162,1.4498941856473684
716,858,142,0.142,1.439957381248474
664,832,168,0.168,1.4475961458086968
708,854,146,0.146,1.433704508781433
716,858,142,0.142,1.4157912979125977
710,855,145,0.145,1.4071869142353535
766,883,117,0.117,1.3902266507297754
714,857,143,0.143,1.3849745863117477
674,837,163,0.163,1.409034842044115
690,845,155,0.155,1.3940895001417957
764,882,118,0.118,1.3784003961235285
698,849,151,0.151,1.369009851008654
710,855,145,0.145,1.387799792803824
688,844,156,0.156,1.3770748273134232
696,848,152,0.152,1.404504627108574
718,859,141,0.141,1.3530206845980137
688,844,156,0.156,1.3897032712697983
728,864,136,0.136,1.3705414367616178
746,873,127,0.127,1.3754536153078079
648,824,176,0.176,1.3882472480684518
676,838,162,0.162,1.3589798424243926
722,861,139,0.139,1.3369114180356265
706,853,147,0.147,1.3372026866972446
734,867,133,0.133,1.3402908209115267
730,865,135,0.135,1.3329483848810195
738,869,131,0.131,1.2960166442394256
722,861,139,0.139,1.3332586873842178
640,820,180,0.18,1.3186932970257768
680,840,160,0.16,1.3143275371789933
742,871,129,0.129,1.3154594416171312
754,877,123,0.123,1.3004139107465744
708,854,146,0.146,1.2944974649236538
758,879,121,0.121,1.2961043432950974
732,866,134,0.134,1.3030963269472122
688,844,156,0.156,1.2697031969405508
712,856,144,0.144,1.3070614842772483
664,832,168,0.168,1.2902399095072363
756,878,122,0.122,1.2466353209018708
754,877,123,0.123,1.2397885991930961
696,848,152,0.152,1.2663572527728975
744,872,128,0.128,1.24626334130764
750,875,125,0.125,1.224808285176754
654,827,173,0.173,1.259444426337839
706,853,147,0.147,1.2183013892769814
696,848,152,0.152,1.177375807785499
674,837,163,0.163,1.207729634769261
706,853,147,0.147,1.2200210717320443
796,898,102,0.102,1.1798929627686738
768,884,116,0.116,1.1664814007878304
708,854,146,0.146,1.222531304448843
728,864,136,0.136,1.2008538861870766
694,847,153,0.153,1.2339285748655457
696,848,152,0.152,1.237572744275618
702,851,149,0.149,1.2328856261484324
772,886,114,0.114,1.2015826151059854
652,826,174,0.174,1.2515030373111367
730,865,135,0.135,1.2238464327856058
754,877,123,0.123,1.1848190741240978
728,864,136,0.136,1.2043726724386214
718,859,141,0.141,1.2069372423574878
692,846,154,0.154,1.1625376140773296
806,903,97,0.097,1.1006518099563545
728,864,136,0.136,1.1469111486077308
766,883,117,0.117,1.1280521478652954
728,864,136,0.136,1.1141497474908828
720,860,140,0.14,1.1410177983254544
686,843,157,0.157,1.1231728107209615
738,869,131,0.131,1.1439576043188573
678,839,161,0.161,1.1248237393498421
742,871,129,0.129,1.0818834556979127
684,842,158,0.158,1.121592192530632
704,852,148,0.148,1.146258997708559
736,868,132,0.132,1.0728237822792144
778,889,111,0.111,1.0636270981132985
714,857,143,0.143,1.093782170312479
788,894,106,0.106,1.0817237062454224
758,879,121,0.121,1.0738059430940048
752,876,124,0.124,1.0524576517087951
724,862,138,0.138,1.0775254734838382
744,872,128,0.128,1.0612142714112998
730,865,135,0.135,1.0574346103444696
776,888,112,0.112,1.0433742418289185
758,879,121,0.121,1.0365897745449948
658,829,171,0.171,1.069751457963823
712,856,144,0.144,1.087421732366085
626,813,187,0.187,1.1013190245628357
742,871,129,0.129,1.0878749065995217
786,893,107,0.107,1.042691372402478
790,895,105,0.105,1.0762753780733183
692,846,154,0.154,1.1424712997078896
676,838,162,0.162,1.1166245121508838
772,886,114,0.114,1.112993484079838
780,890,110,0.11,1.129270488679409
780,890,110,0.11,1.1370383884152397
714,857,143,0.143,1.1688315262251998
762,881,119,0.119,1.1807268524169923
652,826,174,0.174,1.2235781906680567
728,864,136,0.136,1.1962600915405146
740,870,130,0.13,1.1742066828906537
678,839,161,0.161,1.220262915790081
744,872,128,0.128,1.1774031789898873
702,851,149,0.149,1.197533174928045
688,844,156,0.156,1.160131324350834
740,870,130,0.13,1.1634851438999176
716,858,142,0.142,1.1493825505971909
710,855,145,0.145,1.1619894660541321
738,869,131,0.131,1.1562860026955604
764,882,118,0.118,1.119034297913313
644,822,178,0.178,1.2036002124547958
782,891,109,0.109,1.1298090967983008
716,858,142,0.142,1.1238922237753868
730,865,135,0.135,1.1339665132521186
768,884,116,0.116,1.1478027091622354
714,857,143,0.143,1.149529188722372
758,879,121,0.121,1.1571108848847473
686,843,157,0.157,1.163137293204665
710,855,145,0.145,1.1722284590564669
712,856,144,0.144,1.2123065180182457
674,837,163,0.163,1.2561723577976227
680,840,160,0.16,1.2272406728363356
730,865,135,0.135,1.2295613209605216
744,872,128,0.128,1.220977221250534
724,862,138,0.138,1.249405266606319
668,834,166,0.166,1.2745817831754684
694,847,153,0.153,1.2485207287371158
682,841,159,0.159,1.2702622066605835
664,832,168,0.168,1.263939321577549
734,867,133,0.133,1.2457806351184846
680,840,160,0.16,1.242331417709589
734,867,133,0.133,1.2515662651658057
744,872,128,0.128,1.2335948809981345
744,872,128,0.128,1.2153806977272035
734,867,133,0.133,1.2134207311831415
756,878,122,0.122,1.19036902654171
714,857,143,0.143,1.2132867727279664
712,856,144,0.144,1.2169025404169225
688,844,156,0.156,1.214315610714144
744,872,128,0.128,1.2149468704123791
770,885,115,0.115,1.221292691758834
710,855,145,0.145,1.2104206189681554
678,839,161,0.161,1.2521572798490523
646,823,177,0.177,1.2466979579981416
734,867,133,0.133,1.2368598886728286
750,875,125,0.125,1.203959898014553
698,849,151,0.151,1.2067579121477903
750,875,125,0.125,1.2040200740717186
742,871,129,0.129,1.1950835328698157
700,850,150,0.15,1.2181845544180834
728,864,136,0.136,1.1947342818379403
696,848,152,0.152,1.200581697717309
792,896,104,0.104,1.1542911685705184
736,868,132,0.132,1.2116226694583894
720,860,140,0.14,1.1935550201535226
696,848,152,0.152,1.2245842308201536
764,882,118,0.118,1.2023308361055096
686,843,157,0.157,1.262317363752455
710,855,145,0.145,1.2639003237485886
714,857,143,0.143,1.2589998341568571
682,841,159,0.159,1.2839545405190438
734,867,133,0.133,1.2688674259556865
716,858,142,0.142,1.2881457979157567
744,872,128,0.128,1.2673007422055815
726,863,137,0.137,1.2678650932281743
722,861,139,0.139,1.2974849683642387
684,842,158,0.158,1.3098808599682528
702,851,149,0.149,1.3088785628154873
740,870,130,0.13,1.3303645716905594
686,843,157,0.157,1.3449533282257617
728,864,136,0.136,1.344292774379719
694,847,153,0.153,1.385670465707779
714,857,143,0.143,1.4014371236842125
714,857,143,0.143,1.3598474488854408
664,832,168,0.168,1.4009940865635873
680,840,160,0.16,1.407162976247691
712,856,144,0.144,1.4026176462769508
670,835,165,0.165,1.4350730277746915
734,867,133,0.133,1.413322057094425
694,847,153,0.153,1.4232318106293678
706,853,147,0.147,1.4184039559364319
724,862,138,0.138,1.3990829653665586
688,844,156,0.156,1.4244546480178832
774,887,113,0.113,1.416941241800785
700,850,150,0.15,1.437867012821138
676,838,162,0.162,1.4503410286903382
758,879,121,0.121,1.4178745443304068
696,848,152,0.152,1.4966496913433074
748,874,126,0.126,1.4514597234278916
698,849,151,0.151,1.4814955858290195
760,880,120,0.12,1.4664109653234483
736,868,132,0.132,1.4721720458269119
724,862,138,0.138,1.4720721901655198
738,869,131,0.131,1.5006038627624512
684,842,158,0.158,1.4997085698788724
716,858,142,0.142,1.5186124541759491
728,864,136,0.136,1.4949029319286347
700,850,150,0.15,1.487579684406519
694,847,153,0.153,1.538697693250695
706,853,147,0.147,1.5238201024830342
652,826,174,0.174,1.546528189957142
742,871,129,0.129,1.5355031908641104
778,889,111,0.111,1.503676626086235
726,863,137,0.137,1.4826407424056798
684,842,158,0.158,1.5076171186072074
708,854,146,0.146,1.5105876507759095
690,845,155,0.155,1.5291729226708413
650,825,175,0.175,1.495156395930797
696,848,152,0.152,1.521031707763672
682,841,159,0.159,1.5248231828212737
678,839,161,0.161,1.5719076659083366
626,813,187,0.187,1.5916601988077164
680,840,160,0.16,1.605872942328453
726,863,137,0.137,1.576847746372268
698,849,151,0.151,1.5919081569463014
730,865,135,0.135,1.5922732222080231
660,830,170,0.17,1.6246489909887314
692,846,154,0.154,1.6080960816144942
634,817,183,0.183,1.6286026470661163
694,847,153,0.153,1.6195858376026153
726,863,137,0.137,1.6137754459381104
