log_avg_ept_score,log_avg_succ_req,log_avg_blk_req,log_avg_BP_req,log_avg_entropy
272,636,364,0.364,1.607657851099968
280,640,360,0.36,1.6076636781692506
276,638,362,0.362,1.6076656996011733
294,647,353,0.353,1.6076460976600646
286,643,357,0.357,1.607646813750267
230,615,385,0.385,1.607614429831505
292,646,354,0.354,1.6076361751556396
304,652,348,0.348,1.6076269054412842
294,647,353,0.353,1.6076284823417664
232,616,384,0.384,1.60762189078331
330,665,335,0.335,1.60758635699749
316,658,342,0.342,1.607613384246826
304,652,348,0.348,1.6075422415733338
334,667,333,0.333,1.6075798692703247
342,671,329,0.329,1.6075524193048478
296,648,352,0.352,1.6075845044851302
260,630,370,0.37,1.6075282855033874
282,641,359,0.359,1.6075228614807129
286,643,357,0.357,1.6075034230947494
264,632,368,0.368,1.6075349705219268
246,623,377,0.377,1.6074757227897645
250,625,375,0.375,1.6074584790468216
276,638,362,0.362,1.6074513397216796
332,666,334,0.334,1.6074366612434388
318,659,341,0.341,1.6074050439596177
278,639,361,0.361,1.6074189295768737
264,632,368,0.368,1.607400927066803
266,633,367,0.367,1.6074637563228606
296,648,352,0.352,1.6073580368757248
230,615,385,0.385,1.6073893862962723
326,663,337,0.337,1.6073677891492844
320,660,340,0.34,1.6073722270727158
268,634,366,0.366,1.6073212113380433
238,619,381,0.381,1.6072923461198807
324,662,338,0.338,1.6072986907958984
396,698,302,0.302,1.6072649266719818
338,669,331,0.331,1.6072498301267624
340,670,330,0.33,1.6071832118034364
272,636,364,0.364,1.6072494742870331
256,628,372,0.372,1.6072567883729936
242,621,379,0.379,1.6071500734090804
206,603,397,0.397,1.6071742862462997
260,630,370,0.37,1.6071262879371644
298,649,351,0.351,1.6070821593999862
316,658,342,0.342,1.6070204702615738
322,661,339,0.339,1.6069986262321472
330,665,335,0.335,1.6069569591283799
300,650,350,0.35,1.606948508143425
306,653,347,0.347,1.6069767658710479
252,626,374,0.374,1.6069373794794082
304,652,348,0.348,1.6068986979722977
262,631,369,0.369,1.6068683364391327
286,643,357,0.357,1.6067843841314315
282,641,359,0.359,1.6068169144392013
314,657,343,0.343,1.6067694261074066
298,649,351,0.351,1.6068005958795548
286,643,357,0.357,1.606684291124344
284,642,358,0.358,1.606805233836174
346,673,327,0.327,1.606760228395462
334,667,333,0.333,1.6067552114725112
276,638,362,0.362,1.6066020710468292
298,649,351,0.351,1.6066449732780457
262,631,369,0.369,1.606677403330803
240,620,380,0.38,1.606665776848793
270,635,365,0.365,1.6065145909786225
342,671,329,0.329,1.6065115249156952
344,672,328,0.328,1.606524508357048
326,663,337,0.337,1.6064721544981002
288,644,356,0.356,1.606329539656639
316,658,342,0.342,1.6062549302577973
272,636,364,0.364,1.6063043484687805
348,674,326,0.326,1.606413475036621
282,641,359,0.359,1.606155203819275
246,623,377,0.377,1.6061088094711304
306,653,347,0.347,1.6061089687347412
396,698,302,0.302,1.6059633091688157
338,669,331,0.331,1.605941323041916
316,658,342,0.342,1.6058622111082077
312,656,344,0.344,1.6058251090049744
320,660,340,0.34,1.6058848505020142
262,631,369,0.369,1.6055950809717179
280,640,360,0.36,1.6055767513513566
274,637,363,0.363,1.6055857031345366
262,631,369,0.369,1.6056554157733918
308,654,346,0.346,1.6054341495037079
276,638,362,0.362,1.6054093672037124
348,674,326,0.326,1.6052922489643098
244,622,378,0.378,1.6056286153793335
334,667,333,0.333,1.605343885421753
236,618,382,0.382,1.6053187938928604
342,671,329,0.329,1.6053084590435027
288,644,356,0.356,1.6052187538146974
338,669,331,0.331,1.6051562693119048
318,659,341,0.341,1.6050073498487472
252,626,374,0.374,1.6052344737052917
242,621,379,0.379,1.6051646795272827
280,640,360,0.36,1.6047096000909806
296,648,352,0.352,1.6046528989076614
222,611,389,0.389,1.604882082462311
232,616,384,0.384,1.6046404577493667
254,627,373,0.373,1.6047507262229919
392,696,304,0.304,1.604353315114975
286,643,357,0.357,1.604489322066307
274,637,363,0.363,1.6047089267969132
330,665,335,0.335,1.6045637553930283
332,666,334,0.334,1.6044921802282333
278,639,361,0.361,1.6045549062490463
268,634,366,0.366,1.6043822077512742
256,628,372,0.372,1.6042349148988724
336,668,332,0.332,1.6039881246089935
342,671,329,0.329,1.6040002726316451
370,685,315,0.315,1.6036482042074203
274,637,363,0.363,1.6031671568155288
314,657,343,0.343,1.6031011017560959
296,648,352,0.352,1.6030031793117523
288,644,356,0.356,1.6031336784362793
328,664,336,0.336,1.6022267529964447
338,669,331,0.331,1.601720048904419
246,623,377,0.377,1.6021266359090804
262,631,369,0.369,1.6015714116096496
308,654,346,0.346,1.6003785140514373
316,658,342,0.342,1.5998595206737518
282,641,359,0.359,1.6001443359851837
242,621,379,0.379,1.6003183349370957
306,653,347,0.347,1.5977038828134538
300,650,350,0.35,1.5973585315942764
320,660,340,0.34,1.5971934159994126
264,632,368,0.368,1.5977283885478974
326,663,337,0.337,1.594543269276619
278,639,361,0.361,1.5943850266933441
328,664,336,0.336,1.5942230529785155
344,672,328,0.328,1.594982764005661
302,651,349,0.349,1.5917006759643555
282,641,359,0.359,1.5917504640817641
300,650,350,0.35,1.5917110110521318
336,668,332,0.332,1.5917202562093735
344,672,328,0.328,1.5868841997385026
336,668,332,0.332,1.5852404832839966
370,685,315,0.315,1.5844086226224898
330,665,335,0.335,1.584574357509613
410,705,295,0.295,1.5782544440031052
240,620,380,0.38,1.5819991042613983
288,644,356,0.356,1.5794310036897659
300,650,350,0.35,1.581670060992241
348,674,326,0.326,1.5731902948617935
360,680,320,0.32,1.5749145073890687
380,690,310,0.31,1.5720210210084915
360,680,320,0.32,1.5700332365036012
334,667,333,0.333,1.5572723517417908
346,673,327,0.327,1.5525525196790695
354,677,323,0.323,1.5529213219881057
302,651,349,0.349,1.553914396762848
366,683,317,0.317,1.5331042157411576
330,665,335,0.335,1.5302584810256958
374,687,313,0.313,1.5365038261413575
394,697,303,0.303,1.5361831095218659
340,670,330,0.33,1.5282054175138473
332,666,334,0.334,1.52086403799057
450,725,275,0.275,1.513539039850235
366,683,317,0.317,1.5180751081705093
440,720,280,0.28,1.4837299953103065
464,732,268,0.268,1.4809348785877228
414,707,293,0.293,1.4792876483798028
428,714,286,0.286,1.4762679892778396
444,722,278,0.278,1.4224878268241883
454,727,273,0.273,1.4249997414946556
420,710,290,0.29,1.43576366430521
444,722,278,0.278,1.4240524048805236
418,709,291,0.291,1.3603014664649964
452,726,274,0.274,1.3517099033892155
430,715,285,0.285,1.3587546118199825
498,749,251,0.251,1.3313353653848172
486,743,257,0.257,1.24406777587533
496,748,252,0.252,1.2501893401294946
512,756,244,0.244,1.2173392149806022
522,761,239,0.239,1.1901183432862164
512,756,244,0.244,1.1181707154214382
534,767,233,0.233,1.0678649952635169
514,757,243,0.243,1.0991858674921096
526,763,237,0.237,1.0580782790333032
562,781,219,0.219,0.9751891461536288
498,749,251,0.251,0.9396719372496009
634,817,183,0.183,0.9235146783329546
584,792,208,0.208,0.9179295535795391
596,798,202,0.202,0.8525190927684307
600,800,200,0.2,0.8031282184869051
600,800,200,0.2,0.8380227098474279
574,787,213,0.213,0.828192846564576
644,822,178,0.178,0.6637371102401521
632,816,184,0.184,0.6819090527081862
652,826,174,0.174,0.726643242424354
666,833,167,0.167,0.6657165171932429
648,824,176,0.176,0.5042652880842797
658,829,171,0.171,0.5412144544865005
662,831,169,0.169,0.5076218290934339
624,812,188,0.188,0.5196438085448463
618,809,191,0.191,0.43195881611655934
696,848,152,0.152,0.42156775687169284
678,839,161,0.161,0.44686079714412336
650,825,175,0.175,0.4350052867223858
648,824,176,0.176,0.3494153137399408
668,834,166,0.166,0.3516449097330915
688,844,156,0.156,0.32645747804596614
636,818,182,0.182,0.3425055135175935
718,859,141,0.141,0.2703087187286328
686,843,157,0.157,0.3112539492026335
614,807,193,0.193,0.3257344758136023
712,856,144,0.144,0.25681689115376505
758,879,121,0.121,0.17999150312590792
742,871,129,0.129,0.18601984735279256
738,869,131,0.131,0.18679712973601545
726,863,137,0.137,0.18025795661940855
764,882,118,0.118,0.13888051875046767
680,840,160,0.16,0.17192753809339048
726,863,137,0.137,0.15095120928857797
734,867,133,0.133,0.15129053018708147
794,897,103,0.103,0.10945957930087763
678,839,161,0.161,0.13531322763144457
622,811,189,0.189,0.1615471545692253
734,867,133,0.133,0.1543888276648977
712,856,144,0.144,0.13099995684284568
722,861,139,0.139,0.12352209033406311
656,828,172,0.172,0.1402424665018175
682,841,159,0.159,0.1206855288245531
694,847,153,0.153,0.1321370929758084
720,860,140,0.14,0.11393461496448708
712,856,144,0.144,0.10914518380360527
702,851,149,0.149,0.11414910479524985
690,845,155,0.155,0.1151871319027996
662,831,169,0.169,0.11798986262326203
754,877,123,0.123,0.10398596805915804
722,861,139,0.139,0.1251371540211453
718,859,141,0.141,0.11350863577795929
734,867,133,0.133,0.12465165419121223
736,868,132,0.132,0.12199570754816193
752,876,124,0.124,0.1162218342970397
694,847,153,0.153,0.15782883166593792
696,848,152,0.152,0.1300539501705241
716,858,142,0.142,0.12686778054220746
712,856,144,0.144,0.1080333941077314
672,836,164,0.164,0.15544645229808463
672,836,164,0.164,0.14522403699652103
658,829,171,0.171,0.1456961680348355
746,873,127,0.127,0.13509873692324664
710,855,145,0.145,0.13463461489115752
666,833,167,0.167,0.12793766102331902
660,830,170,0.17,0.15002719172518664
698,849,151,0.151,0.13555866780554585
708,854,146,0.146,0.12487159005131639
742,871,129,0.129,0.13325775362297998
696,848,152,0.152,0.1419507394774484
742,871,129,0.129,0.11091171005473348
702,851,149,0.149,0.12837162513928296
714,857,143,0.143,0.13956335065936493
692,846,154,0.154,0.13134590569847832
674,837,163,0.163,0.15690432837236676
712,856,144,0.144,0.15073570312775258
742,871,129,0.129,0.10516674303726235
734,867,133,0.133,0.11822935102307337
734,867,133,0.133,0.10123662506996099
712,856,144,0.144,0.12727333781644748
734,867,133,0.133,0.11317357442024412
732,866,134,0.134,0.10677043851637609
704,852,148,0.148,0.12606976436959486
770,885,115,0.115,0.10893052937218915
750,875,125,0.125,0.10295120997747495
734,867,133,0.133,0.13656194787088516
694,847,153,0.153,0.1013514256138919
704,852,148,0.148,0.11108645435802245
762,881,119,0.119,0.08590980236674799
708,854,146,0.146,0.1209850543663027
698,849,151,0.151,0.09546694384858019
702,851,149,0.149,0.10478783098391913
792,896,104,0.104,0.07052246128060284
722,861,139,0.139,0.0998256028495045
750,875,125,0.125,0.08016764073914545
696,848,152,0.152,0.11477750658819126
678,839,161,0.161,0.10677301670684129
710,855,145,0.145,0.09979778651203162
710,855,145,0.145,0.10805702148267358
710,855,145,0.145,0.09342287519801923
688,844,156,0.156,0.11745173320480973
704,852,148,0.148,0.09246896891285354
696,848,152,0.152,0.11373756615268087
742,871,129,0.129,0.10770764204773124
736,868,132,0.132,0.08622079373414748
750,875,125,0.125,0.09320086698126295
682,841,159,0.159,0.12209735760659415
696,848,152,0.152,0.08981248511365596
772,886,114,0.114,0.08968388875022183
702,851,149,0.149,0.11071950939257941
758,879,121,0.121,0.12575766853805134
728,864,136,0.136,0.09068308752818886
722,861,139,0.139,0.09460777253766052
718,859,141,0.141,0.09691384791725306
744,872,128,0.128,0.09163548946680922
714,857,143,0.143,0.09755779632265094
720,860,140,0.14,0.0810809217802314
694,847,153,0.153,0.10387569949819754
732,866,134,0.134,0.09364037597219475
718,859,141,0.141,0.0934609360579979
718,859,141,0.141,0.08324822763938808
686,843,157,0.157,0.08665199843407735
738,869,131,0.131,0.06944133484835073
746,873,127,0.127,0.08215684050354517
664,832,168,0.168,0.08366073204797432
732,866,134,0.134,0.07812917532716683
688,844,156,0.156,0.08186759021849706
710,855,145,0.145,0.07003719339163518
702,851,149,0.149,0.08592585786926088
804,902,98,0.098,0.053405754526413274
648,824,176,0.176,0.07006146312244287
740,870,130,0.13,0.07194800496897982
656,828,172,0.172,0.07189699594426496
744,872,128,0.128,0.07030737397849185
750,875,125,0.125,0.05096769903437594
738,869,131,0.131,0.06200382068429431
714,857,143,0.143,0.07171454697436615
732,866,134,0.134,0.06647490293757889
630,815,185,0.185,0.08948370951314573
716,858,142,0.142,0.058232837513176
724,862,138,0.138,0.08500455607492928
770,885,115,0.115,0.05147356414347483
680,840,160,0.16,0.07505963591260874
724,862,138,0.138,0.07136561895073415
756,878,122,0.122,0.06554621758914392
726,863,137,0.137,0.06705132726444098
676,838,162,0.162,0.07354131032107863
710,855,145,0.145,0.07780037539880202
690,845,155,0.155,0.06714300273782367
724,862,138,0.138,0.059879868844593315
694,847,153,0.153,0.07537966476048764
716,858,142,0.142,0.07985880427495784
714,857,143,0.143,0.06751589958186065
650,825,175,0.175,0.08239152212166721
698,849,151,0.151,0.09478716616722258
762,881,119,0.119,0.07242739817081825
702,851,149,0.149,0.075490750092993
694,847,153,0.153,0.08125942174497326
692,846,154,0.154,0.06332884861320767
724,862,138,0.138,0.07860551580277826
688,844,156,0.156,0.07380289316659543
754,877,123,0.123,0.07369841735484522
756,878,122,0.122,0.055280591427420374
768,884,116,0.116,0.06144290396194454
682,841,159,0.159,0.08393332307552455
734,867,133,0.133,0.05926639399182797
702,851,149,0.149,0.08693652505831956
710,855,145,0.145,0.06752324313062362
758,879,121,0.121,0.07203848811426582
730,865,135,0.135,0.06691117606000607
698,849,151,0.151,0.06296023850013152
684,842,158,0.158,0.06609903111937246
700,850,150,0.15,0.07544902076046162
720,860,140,0.14,0.07166672865122507
726,863,137,0.137,0.0783972823111011
656,828,172,0.172,0.08497936693984919
706,853,147,0.147,0.08095052131903793
750,875,125,0.125,0.06901895703126432
774,887,113,0.113,0.08007528124096037
716,858,142,0.142,0.0837251418684931
674,837,163,0.163,0.08295285896318529
660,830,170,0.17,0.07350707204134097
728,864,136,0.136,0.07052760874663828
738,869,131,0.131,0.07664405055567221
694,847,153,0.153,0.09554813545688044
722,861,139,0.139,0.07133157572033819
708,854,146,0.146,0.0636002771918819
768,884,116,0.116,0.06293556043761334
752,876,124,0.124,0.06302215967426956
772,886,114,0.114,0.07025381540103218
730,865,135,0.135,0.06679029683513574
674,837,163,0.163,0.08451849783591998
782,891,109,0.109,0.05580349321335072
762,881,119,0.119,0.06959729595754505
758,879,121,0.121,0.05580481466851768
742,871,129,0.129,0.06885849337551775
684,842,158,0.158,0.07511547397745295
716,858,142,0.142,0.08398425447820573
642,821,179,0.179,0.08664337575903738
728,864,136,0.136,0.0755458514525529
770,885,115,0.115,0.06329913610121586
702,851,149,0.149,0.07791570960993179
724,862,138,0.138,0.06376866769816718
776,888,112,0.112,0.052524288733458095
758,879,121,0.121,0.06955652016714085
700,850,150,0.15,0.07302484797676086
758,879,121,0.121,0.07319162805843887
730,865,135,0.135,0.0625184206575037
736,868,132,0.132,0.0807850134225655
738,869,131,0.131,0.0653714142000706
738,869,131,0.131,0.06837657639352064
728,864,136,0.136,0.06668607355944461
704,852,148,0.148,0.08686000055222326
726,863,137,0.137,0.05894400446545832
650,825,175,0.175,0.08492979870368636
722,861,139,0.139,0.050426728370322235
664,832,168,0.168,0.06934414702027505
630,815,185,0.185,0.07963639475772129
724,862,138,0.138,0.06224862574491536
734,867,133,0.133,0.06769618909610235
814,907,93,0.093,0.05379210765723727
716,858,142,0.142,0.09483426386461133
736,868,132,0.132,0.06649062895051802
692,846,154,0.154,0.06472712716664743
698,849,151,0.151,0.06797666287645182
720,860,140,0.14,0.08145173804883299
748,874,126,0.126,0.06573798699713079
782,891,109,0.109,0.05247769192749521
710,855,145,0.145,0.06775810865143823
718,859,141,0.141,0.06446469248474064
680,840,160,0.16,0.07165848475905276
774,887,113,0.113,0.059526464998677454
732,866,134,0.134,0.05961186027274542
712,856,144,0.144,0.07746271830152528
756,878,122,0.122,0.05564052893143247
702,851,149,0.149,0.060887086828601736
710,855,145,0.145,0.06354849144763312
702,851,149,0.149,0.05813574520010214
744,872,128,0.128,0.06875717518689035
722,861,139,0.139,0.0648997070232505
718,859,141,0.141,0.06577599590369593
766,883,117,0.117,0.06195663482378653
768,884,116,0.116,0.05801983654038774
640,820,180,0.18,0.0928081688010178
712,856,144,0.144,0.06284435755026334
774,887,113,0.113,0.053992077223341796
728,864,136,0.136,0.0757681624808306
710,855,145,0.145,0.06899763007248275
782,891,109,0.109,0.058042755315249724
720,860,140,0.14,0.08390084440908975
752,876,124,0.124,0.0611355893541208
672,836,164,0.164,0.0742070067345198
734,867,133,0.133,0.07638150294086815
744,872,128,0.128,0.07117036829365152
688,844,156,0.156,0.06947971727305034
714,857,143,0.143,0.08080456823031229
736,868,132,0.132,0.06178731296652336
698,849,151,0.151,0.07239548039119133
694,847,153,0.153,0.06580447463464409
760,880,120,0.12,0.060102924744170706
744,872,128,0.128,0.05901838309801136
702,851,149,0.149,0.08344210076901584
748,874,126,0.126,0.07947292705675214
666,833,167,0.167,0.09439102882138851
738,869,131,0.131,0.07010570540719555
684,842,158,0.158,0.0712451854085738
706,853,147,0.147,0.0700259680693722
698,849,151,0.151,0.06992140014360344
754,877,123,0.123,0.06761970848665143
746,873,127,0.127,0.07463044517804082
708,854,146,0.146,0.07108252899081205
760,880,120,0.12,0.06211428407235411
686,843,157,0.157,0.07138134069512911
716,858,142,0.142,0.07788844029536157
738,869,131,0.131,0.07947938632090973
746,873,127,0.127,0.08165790902210401
710,855,145,0.145,0.07483701743621339
738,869,131,0.131,0.07157120189418317
726,863,137,0.137,0.07183156511927422
744,872,128,0.128,0.07590422483172904
758,879,121,0.121,0.0745938274165021
704,852,148,0.148,0.08907602491394095
716,858,142,0.142,0.07144070014804961
676,838,162,0.162,0.08809543181510286
694,847,153,0.153,0.08419918857646064
714,857,143,0.143,0.08127520857926654
648,824,176,0.176,0.07298971124574939
706,853,147,0.147,0.06824266341940231
692,846,154,0.154,0.07499930371870778
694,847,153,0.153,0.07380963245856005
704,852,148,0.148,0.07906768087393917
716,858,142,0.142,0.070072950465268
724,862,138,0.138,0.08052460459203638
734,867,133,0.133,0.07329213890244336
686,843,157,0.157,0.08349961954453967
686,843,157,0.157,0.0780756902829721
690,845,155,0.155,0.07087623866256709
766,883,117,0.117,0.06253399322644129
734,867,133,0.133,0.06876556224245411
722,861,139,0.139,0.07873629464489863
658,829,171,0.171,0.08690333603388299
742,871,129,0.129,0.06965654867492316
758,879,121,0.121,0.0652142601568258
696,848,152,0.152,0.05975368279562781
740,870,130,0.13,0.06762027004569988
688,844,156,0.156,0.07311328565988691
722,861,139,0.139,0.06140455897365682
754,877,123,0.123,0.06545094316753654
692,846,154,0.154,0.07131938638261806
722,861,139,0.139,0.05924835803901264
714,857,143,0.143,0.06683520143759586
694,847,153,0.153,0.06284790627401733
698,849,151,0.151,0.07606064513730575
748,874,126,0.126,0.07127198509950383
726,863,137,0.137,0.06551171748258292
650,825,175,0.175,0.052763897073398056
746,873,127,0.127,0.04470221590903552
736,868,132,0.132,0.05742458323826759
742,871,129,0.129,0.052270158117723994
706,853,147,0.147,0.05004042274920682
708,854,146,0.146,0.059184440796973804
744,872,128,0.128,0.03848271320110175
776,888,112,0.112,0.05500480901582786
696,848,152,0.152,0.058467304851842185
710,855,145,0.145,0.05476057217982758
742,871,129,0.129,0.053599861003978844
718,859,141,0.141,0.05461933814177486
724,862,138,0.138,0.056271897002433034
726,863,137,0.137,0.05239999722536132
734,867,133,0.133,0.08167507325607364
758,879,121,0.121,0.04663000661444593
752,876,124,0.124,0.043536445594647546
712,856,144,0.144,0.061162817431633175
772,886,114,0.114,0.0510282482826775
750,875,125,0.125,0.04658339859514854
744,872,128,0.128,0.05941443605368928
708,854,146,0.146,0.0598696878345861
690,845,155,0.155,0.046687605180734594
756,878,122,0.122,0.05301603616706133
732,866,134,0.134,0.052578775938614826
666,833,167,0.167,0.059238597225067365
674,837,163,0.163,0.051556163411337876
714,857,143,0.143,0.0515249398633392
672,836,164,0.164,0.058184832356402864
706,853,147,0.147,0.05412457911765796
740,870,130,0.13,0.060205935584670967
674,837,163,0.163,0.07190704003503018
740,870,130,0.13,0.06389435056362217
700,850,150,0.15,0.06811151292030665
680,840,160,0.16,0.049738176561097164
792,896,104,0.104,0.05662905778395192
744,872,128,0.128,0.053423750496962866
772,886,114,0.114,0.04266214124000906
744,872,128,0.128,0.060864463630356906
712,856,144,0.144,0.051121485699830285
708,854,146,0.146,0.0497178944707015
736,868,132,0.132,0.05548169293667432
686,843,157,0.157,0.05189171583178719
708,854,146,0.146,0.0495315777697906
740,870,130,0.13,0.04991589969965291
760,880,120,0.12,0.04906789470860036
686,843,157,0.157,0.06202912103294601
732,866,134,0.134,0.06453132055209856
654,827,173,0.173,0.0523047618035705
728,864,136,0.136,0.04257161860382784
760,880,120,0.12,0.04824994927714934
710,855,145,0.145,0.053510008398308787
736,868,132,0.132,0.05379951580280934
704,852,148,0.148,0.03883065816689482
694,847,153,0.153,0.06151701663593426
762,881,119,0.119,0.03838764271578006
696,848,152,0.152,0.04499805753742175
780,890,110,0.11,0.03657521035648155
738,869,131,0.131,0.04284970395965152
702,851,149,0.149,0.05238403478623248
718,859,141,0.141,0.05754755376908158
760,880,120,0.12,0.04859597712225337
716,858,142,0.142,0.03884419392544936
772,886,114,0.114,0.04470259528924564
732,866,134,0.134,0.037710850673241994
690,845,155,0.155,0.05077216077916053
754,877,123,0.123,0.038855402550194984
746,873,127,0.127,0.037731444247587606
740,870,130,0.13,0.0450709653558493
770,885,115,0.115,0.036753847043049306
688,844,156,0.156,0.032023262497725254
778,889,111,0.111,0.03260786327028873
712,856,144,0.144,0.03805675886616326
774,887,113,0.113,0.034544417773926785
752,876,124,0.124,0.04256437580934505
776,888,112,0.112,0.03310443006687254
706,853,147,0.147,0.04342770137547066
762,881,119,0.119,0.0349881490708557
762,881,119,0.119,0.039743705092451606
690,845,155,0.155,0.03271898555334516
722,861,139,0.139,0.03811484381892174
730,865,135,0.135,0.03371737905181483
706,853,147,0.147,0.030845308844593775
696,848,152,0.152,0.04862083757816055
726,863,137,0.137,0.035313173712603
776,888,112,0.112,0.03390082534122051
730,865,135,0.135,0.03768199468179037
748,874,126,0.126,0.036606363388986
740,870,130,0.13,0.026636446364915543
706,853,147,0.147,0.03949436159243652
768,884,116,0.116,0.03541238884509664
722,861,139,0.139,0.028022804818662223
708,854,146,0.146,0.03649179326544464
750,875,125,0.125,0.04014536125810609
700,850,150,0.15,0.03672116649283143
734,867,133,0.133,0.027190592239040485
710,855,145,0.145,0.03664680684924005
738,869,131,0.131,0.03463633233849502
728,864,136,0.136,0.02698535362479605
740,870,130,0.13,0.037503613156471854
704,852,148,0.148,0.04157752931240398
724,862,138,0.138,0.035278763511187944
694,847,153,0.153,0.03443161925446664
676,838,162,0.162,0.03572299438212465
734,867,133,0.133,0.02903122438327897
750,875,125,0.125,0.038832905314806654
730,865,135,0.135,0.030699729198078743
710,855,145,0.145,0.036417545157167115
634,817,183,0.183,0.04100854705330381
758,879,121,0.121,0.037484892101049584
722,861,139,0.139,0.033422449521966616
754,877,123,0.123,0.024777916220580096
692,846,154,0.154,0.04833153563293494
748,874,126,0.126,0.037245853959080207
772,886,114,0.114,0.033413640951196866
668,834,166,0.166,0.052343960573229896
786,893,107,0.107,0.04056403257411684
750,875,125,0.125,0.038167763960248575
760,880,120,0.12,0.02854586266375462
702,851,149,0.149,0.032452796366456794
732,866,134,0.134,0.03936896295445696
774,887,113,0.113,0.0388038308597023
756,878,122,0.122,0.029770735255584838
726,863,137,0.137,0.033518244490407384
696,848,152,0.152,0.035128480833332164
752,876,124,0.124,0.02774372912367339
754,877,123,0.123,0.03120740861098501
780,890,110,0.11,0.03314466709842216
726,863,137,0.137,0.03434221167674478
748,874,126,0.126,0.034533854194293626
696,848,152,0.152,0.045553423501553184
698,849,151,0.151,0.03503434195023959
706,853,147,0.147,0.035836712932032756
780,890,110,0.11,0.027612696970079398
698,849,151,0.151,0.03379428180426639
718,859,141,0.141,0.03479779013483339
746,873,127,0.127,0.037792398403141476
714,857,143,0.143,0.03211425846743498
700,850,150,0.15,0.03614568123180619
750,875,125,0.125,0.03588634044689515
688,844,156,0.156,0.03499578161563596
768,884,116,0.116,0.02901513844005498
668,834,166,0.166,0.031119701064677912
796,898,102,0.102,0.02667482136273199
712,856,144,0.144,0.03357257458522069
762,881,119,0.119,0.0356032504217672
744,872,128,0.128,0.032052301526139956
756,878,122,0.122,0.03155126258742965
760,880,120,0.12,0.028134549134677285
802,901,99,0.099,0.03428623892964545
780,890,110,0.11,0.021142164387802538
714,857,143,0.143,0.029499992010892356
722,861,139,0.139,0.027183748146564896
748,874,126,0.126,0.03223507227472666
722,861,139,0.139,0.021764736634120083
628,814,186,0.186,0.03274176194659556
758,879,121,0.121,0.02169305842624317
718,859,141,0.141,0.030207142841241052
710,855,145,0.145,0.03414308642526495
736,868,132,0.132,0.02181470776926196
684,842,158,0.158,0.033056836107083994
722,861,139,0.139,0.027427114767975026
720,860,140,0.14,0.026769698157151297
734,867,133,0.133,0.02960128994886098
780,890,110,0.11,0.02474305906071311
634,817,183,0.183,0.030484607458976784
742,871,129,0.129,0.024401183603410686
776,888,112,0.112,0.023187214635501035
716,858,142,0.142,0.017702864837303208
740,870,130,0.13,0.02374191189859958
734,867,133,0.133,0.03326194291905756
754,877,123,0.123,0.03157815107597354
692,846,154,0.154,0.021185361704267436
714,857,143,0.143,0.024043588782050193
738,869,131,0.131,0.022278076096166558
750,875,125,0.125,0.02359381816967486
666,833,167,0.167,0.021400367553656253
704,852,148,0.148,0.02229713639491247
712,856,144,0.144,0.02287343266913014
676,838,162,0.162,0.031171181751968192
774,887,113,0.113,0.022831130984833053
764,882,118,0.118,0.025958720792901773
760,880,120,0.12,0.02630460956986046
704,852,148,0.148,0.02785657471520507
744,872,128,0.128,0.01705788986943358
756,878,122,0.122,0.02079338490608929
744,872,128,0.128,0.021708539096598898
768,884,116,0.116,0.019611807594186643
736,868,132,0.132,0.02405689524932838
792,896,104,0.104,0.02111061093256754
760,880,120,0.12,0.022508323195593677
734,867,133,0.133,0.02108752752646315
800,900,100,0.1,0.01892093763198703
712,856,144,0.144,0.02269990612577493
722,861,139,0.139,0.019888071318181887
764,882,118,0.118,0.022752254103410634
760,880,120,0.12,0.024030324441495138
704,852,148,0.148,0.03229235413764638
750,875,125,0.125,0.027329614756478507
726,863,137,0.137,0.025055881378889082
730,865,135,0.135,0.030670738964530913
788,894,106,0.106,0.02624232954221489
716,858,142,0.142,0.023468843809459627
742,871,129,0.129,0.023196377507582255
786,893,107,0.107,0.023569751688229574
704,852,148,0.148,0.025764473128525863
686,843,157,0.157,0.021409373465341473
720,860,140,0.14,0.023599026009291806
784,892,108,0.108,0.016094647499582608
782,891,109,0.109,0.02399647092208818
708,854,146,0.146,0.02584064025994998
746,873,127,0.127,0.023384187503765218
738,869,131,0.131,0.01862912794888682
722,861,139,0.139,0.021434870833079798
762,881,119,0.119,0.022212969407098142
796,898,102,0.102,0.019010531937743224
762,881,119,0.119,0.023023811569997107
712,856,144,0.144,0.019188985845100506
744,872,128,0.128,0.022961336485198203
662,831,169,0.169,0.02772079118382301
760,880,120,0.12,0.025047449306899252
756,878,122,0.122,0.020932895861956027
708,854,146,0.146,0.020539739522194067
760,880,120,0.12,0.025177932043251458
744,872,128,0.128,0.02396017972059832
710,855,145,0.145,0.027361767203051272
716,858,142,0.142,0.029629359414787643
726,863,137,0.137,0.024660297543692606
774,887,113,0.113,0.02882258288570081
708,854,146,0.146,0.023386382965330937
784,892,108,0.108,0.030752212958045148
722,861,139,0.139,0.02422760577572883
738,869,131,0.131,0.021809066691467066
766,883,117,0.117,0.029532882174485436
746,873,127,0.127,0.030894755197098108
756,878,122,0.122,0.03239462816782289
772,886,114,0.114,0.03945308611913072
672,836,164,0.164,0.027318629984424816
726,863,137,0.137,0.025872966711725384
750,875,125,0.125,0.02386604977348193
704,852,148,0.148,0.03149916154096216
746,873,127,0.127,0.025029862992899738
746,873,127,0.127,0.0260797689784644
766,883,117,0.117,0.0294704184421268
752,876,124,0.124,0.020613061909830976
714,857,143,0.143,0.02821460707385991
712,856,144,0.144,0.036843838395221366
714,857,143,0.143,0.039552904923552276
742,871,129,0.129,0.02342223483636535
692,846,154,0.154,0.025886711216793316
684,842,158,0.158,0.03597071145763387
752,876,124,0.124,0.028240411238857576
720,860,140,0.14,0.030608970125823164
776,888,112,0.112,0.02242847457752056
716,858,142,0.142,0.023394445055209503
712,856,144,0.144,0.03489380493739118
714,857,143,0.143,0.033569038298190204
712,856,144,0.144,0.03009353332804281
722,861,139,0.139,0.028167144092154445
732,866,134,0.134,0.026937218632246372
714,857,143,0.143,0.02739744549865415
676,838,162,0.162,0.034075778407839576
710,855,145,0.145,0.03245322035906474
762,881,119,0.119,0.027298449687916303
756,878,122,0.122,0.021819657782879802
768,884,116,0.116,0.021730742444742376
750,875,125,0.125,0.023595661722068357
710,855,145,0.145,0.03223942378585959
690,845,155,0.155,0.028143404152223907
754,877,123,0.123,0.02297797400219541
730,865,135,0.135,0.033123054842345255
742,871,129,0.129,0.032355626071850406
756,878,122,0.122,0.021521700811508993
778,889,111,0.111,0.027711425419817345
736,868,132,0.132,0.028318732203526494
754,877,123,0.123,0.01987066893337959
768,884,116,0.116,0.019155446557990743
716,858,142,0.142,0.024608042815303165
700,850,150,0.15,0.02591646094051245
706,853,147,0.147,0.03251665400327397
738,869,131,0.131,0.023965672486447202
768,884,116,0.116,0.0269759800174715
718,859,141,0.141,0.0277683926434096
764,882,118,0.118,0.018588897630383926
764,882,118,0.118,0.0207790058996181
748,874,126,0.126,0.023792897207853613
750,875,125,0.125,0.02375682833685981
722,861,139,0.139,0.027881036800416807
732,866,134,0.134,0.018570754865256604
776,888,112,0.112,0.023736476114827113
766,883,117,0.117,0.01999610502008187
736,868,132,0.132,0.026851585629238145
682,841,159,0.159,0.025930968518445667
698,849,151,0.151,0.021461326316187395
756,878,122,0.122,0.022339371891540408
652,826,174,0.174,0.026995812121099888
726,863,137,0.137,0.02666805902689178
732,866,134,0.134,0.021162543646700855
766,883,117,0.117,0.020134888188761565
666,833,167,0.167,0.027059540406335274
756,878,122,0.122,0.020467216160083127
702,851,149,0.149,0.02587102716632096
682,841,159,0.159,0.024515197244754587
756,878,122,0.122,0.01964668628087571
736,868,132,0.132,0.020780557799822404
676,838,162,0.162,0.0209708398279044
784,892,108,0.108,0.02168141728001942
770,885,115,0.115,0.016447517623728657
796,898,102,0.102,0.02572268146826059
756,878,122,0.122,0.024308225294367575
716,858,142,0.142,0.024576237384071036
756,878,122,0.122,0.02183071023712229
784,892,108,0.108,0.01909580015561731
704,852,148,0.148,0.028393676647013366
778,889,111,0.111,0.02173724713635086
738,869,131,0.131,0.013582122819796339
738,869,131,0.131,0.018789353578120442
776,888,112,0.112,0.016852752894043248
732,866,134,0.134,0.018809233972632483
708,854,146,0.146,0.01615000680798856
776,888,112,0.112,0.01732312435607645
714,857,143,0.143,0.021780108102019524
718,859,141,0.141,0.017248246096962846
730,865,135,0.135,0.021678973534319225
766,883,117,0.117,0.020659664547256228
716,858,142,0.142,0.01928741397585024
758,879,121,0.121,0.016494713222587748
764,882,118,0.118,0.024806078331300312
710,855,145,0.145,0.02258975241739796
768,884,116,0.116,0.019779533176565663
752,876,124,0.124,0.01645500142921104
706,853,147,0.147,0.0235712841290416
706,853,147,0.147,0.016139775385739484
746,873,127,0.127,0.017008665864785073
702,851,149,0.149,0.020606612568721885
762,881,119,0.119,0.014955469157587359
682,841,159,0.159,0.02353439698874625
732,866,134,0.134,0.029911353732198137
744,872,128,0.128,0.01648538653682576
726,863,137,0.137,0.025887752995947935
812,906,94,0.094,0.019485721251095923
710,855,145,0.145,0.020675217050614193
760,880,120,0.12,0.01893877122346636
736,868,132,0.132,0.01716903532433045
752,876,124,0.124,0.017810632275496417
736,868,132,0.132,0.026202430786679713
754,877,123,0.123,0.020504370937014654
798,899,101,0.101,0.014210972458791701
734,867,133,0.133,0.021204973658949116
784,892,108,0.108,0.026961480470187864
640,820,180,0.18,0.016317870153961123
758,879,121,0.121,0.019663970629415557
714,857,143,0.143,0.021232005854274903
756,878,122,0.122,0.021205420473559968
732,866,134,0.134,0.015609185400415783
738,869,131,0.131,0.017365052967961588
708,854,146,0.146,0.017257029842238238
722,861,139,0.139,0.024763343685403727
784,892,108,0.108,0.01098099352547358
734,867,133,0.133,0.020481188732638513
730,865,135,0.135,0.02213844763058559
798,899,101,0.101,0.012003043143840557
774,887,113,0.113,0.01917126737164601
736,868,132,0.132,0.017496754473217094
750,875,125,0.125,0.023646736366430717
742,871,129,0.129,0.024094875370908694
742,871,129,0.129,0.019668051482425185
750,875,125,0.125,0.023597987378925097
736,868,132,0.132,0.02009032891844487
712,856,144,0.144,0.017124964360604792
636,818,182,0.182,0.024172125682699303
794,897,103,0.103,0.02457794858140133
720,860,140,0.14,0.023202235523488057
734,867,133,0.133,0.021343111464769818
720,860,140,0.14,0.023342180929108936
766,883,117,0.117,0.015990426072953326
732,866,134,0.134,0.01793588336262077
764,882,118,0.118,0.020047122124862114
700,850,150,0.15,0.013685655570341113
672,836,164,0.164,0.01945479527893866
656,828,172,0.172,0.01722674875015514
764,882,118,0.118,0.020118914542657962
716,858,142,0.142,0.016302439793960403
662,831,169,0.169,0.02297896009909843
732,866,134,0.134,0.022337889175449634
734,867,133,0.133,0.02491327471748565
754,877,123,0.123,0.021391887337977592
764,882,118,0.118,0.017284828614179033
642,821,179,0.179,0.016019973124799407
714,857,143,0.143,0.02104579002581444
722,861,139,0.139,0.022988710119510047
712,856,144,0.144,0.02265177591515382
754,877,123,0.123,0.022383451743585057
718,859,141,0.141,0.02696730254914536
720,860,140,0.14,0.020047505662491163
746,873,127,0.127,0.01869832975484091
766,883,117,0.117,0.023592943184528366
786,893,107,0.107,0.017836460801674333
722,861,139,0.139,0.02060261727122888
756,878,122,0.122,0.01712540918070094
732,866,134,0.134,0.01978018217234883
734,867,133,0.133,0.022074474272646725
694,847,153,0.153,0.017472569459711863
678,839,161,0.161,0.02118641294912314
762,881,119,0.119,0.021613626521814183
758,879,121,0.121,0.02980358196103002
732,866,134,0.134,0.022656658869646507
686,843,157,0.157,0.020642840479535834
650,825,175,0.175,0.023832775741872682
760,880,120,0.12,0.02375068712318196
762,881,119,0.119,0.020426700116598254
760,880,120,0.12,0.02116734533018436
738,869,131,0.131,0.022848289675903573
804,902,98,0.098,0.0235998543100102
684,842,158,0.158,0.0220853895575506
722,861,139,0.139,0.03005638827271366
722,861,139,0.139,0.01852784760374193
766,883,117,0.117,0.024139078220042805
724,862,138,0.138,0.023164137975386738
706,853,147,0.147,0.02745186443846072
706,853,147,0.147,0.01952485595815317
734,867,133,0.133,0.02489935796050375
738,869,131,0.131,0.026614057063814384
724,862,138,0.138,0.023300176259243882
704,852,148,0.148,0.02392609364174115
748,874,126,0.126,0.016480316718846623
736,868,132,0.132,0.022935571673970086
716,858,142,0.142,0.02417414182979128
732,866,134,0.134,0.020814784728948696
730,865,135,0.135,0.02369318479324737
684,842,158,0.158,0.020133562219071876
730,865,135,0.135,0.02145635052939073
712,856,144,0.144,0.023574652754733805
744,872,128,0.128,0.01978070934976873
680,840,160,0.16,0.01816123428674699
702,851,149,0.149,0.024999387185872437
704,852,148,0.148,0.024456494688875906
700,850,150,0.15,0.019576081167020348
692,846,154,0.154,0.01937654973260696
694,847,153,0.153,0.01903772846599864
726,863,137,0.137,0.015186126329614667
776,888,112,0.112,0.023730678142008087
774,887,113,0.113,0.01639536026020778
790,895,105,0.105,0.024825711276201246
688,844,156,0.156,0.01997118778557747
738,869,131,0.131,0.01652411570846263
742,871,129,0.129,0.01849434558221563
754,877,123,0.123,0.02125662936296945
774,887,113,0.113,0.02896468362376406
692,846,154,0.154,0.015079045849033065
762,881,119,0.119,0.01722491838268573
738,869,131,0.131,0.023285726509809437
778,889,111,0.111,0.020444640450128018
712,856,144,0.144,0.015479204705377952
770,885,115,0.115,0.013929446486279374
734,867,133,0.133,0.0187823361587005
702,851,149,0.149,0.017656573821866587
716,858,142,0.142,0.02117866081215949
690,845,155,0.155,0.018073682605540115
716,858,142,0.142,0.020680665814123343
828,914,86,0.086,0.021772931713236503
746,873,127,0.127,0.01981478174405818
744,872,128,0.128,0.013982668450563906
726,863,137,0.137,0.023504763774656524
768,884,116,0.116,0.01623250957819265
694,847,153,0.153,0.016785682002476234
796,898,102,0.102,0.020169663608642693
672,836,164,0.164,0.015020118139584782
740,870,130,0.13,0.01766225964110444
784,892,108,0.108,0.018664744704677803
728,864,136,0.136,0.015206944795622221
736,868,132,0.132,0.016138378711133838
662,831,169,0.169,0.014697451486559088
740,870,130,0.13,0.020538008688972553
704,852,148,0.148,0.01702765264238009
742,871,129,0.129,0.015896840851655256
704,852,148,0.148,0.021383895964119434
748,874,126,0.126,0.018820188508886573
664,832,168,0.168,0.01641293834781524
732,866,134,0.134,0.020585014179269834
734,867,133,0.133,0.024904399142990356
752,876,124,0.124,0.019413042088992184
740,870,130,0.13,0.021977147829284477
756,878,122,0.122,0.014364298129279874
770,885,115,0.115,0.02517788181766035
710,855,145,0.145,0.017169468282255636
802,901,99,0.099,0.013187270756715976
736,868,132,0.132,0.020822232035159843
732,866,134,0.134,0.022913018385921007
732,866,134,0.134,0.018676802556747533
714,857,143,0.143,0.01388559218160809
680,840,160,0.16,0.026245261641148234
716,858,142,0.142,0.017575391684997003
746,873,127,0.127,0.01903183184484442
710,855,145,0.145,0.020436779438953296
708,854,146,0.146,0.022731242891159523
770,885,115,0.115,0.019146377228661207
768,884,116,0.116,0.024966179333497523
720,860,140,0.14,0.02247920734386416
686,843,157,0.157,0.018257280201571476
700,850,150,0.15,0.015293574045847422
790,895,105,0.105,0.013684159108109797
736,868,132,0.132,0.025027973321699818
794,897,103,0.103,0.021681463659324832
708,854,146,0.146,0.017260664474777955
742,871,129,0.129,0.01564731958789767
722,861,139,0.139,0.020334620512709733
766,883,117,0.117,0.01882876213153544
718,859,141,0.141,0.020013747773771327
702,851,149,0.149,0.019488402493053242
708,854,146,0.146,0.019596404167249247
730,865,135,0.135,0.01956830610833046
792,896,104,0.104,0.0246567283022263
714,857,143,0.143,0.02233769319184863
716,858,142,0.142,0.018249268771068215
708,854,146,0.146,0.015738058840234187
726,863,137,0.137,0.01824549015333811
680,840,160,0.16,0.019866002479969
740,870,130,0.13,0.017684231237856878
704,852,148,0.148,0.018248954622809108
718,859,141,0.141,0.014057363033138558
714,857,143,0.143,0.024227677695649746
698,849,151,0.151,0.021149128386785166
766,883,117,0.117,0.02344974279755968
780,890,110,0.11,0.012925404088446528
718,859,141,0.141,0.020265115644111233
752,876,124,0.124,0.024780366444471326
742,871,129,0.129,0.019232820383732387
748,874,126,0.126,0.019460994565330025
714,857,143,0.143,0.014423084751880965
698,849,151,0.151,0.015374909715694031
710,855,145,0.145,0.013045346522037477
776,888,112,0.112,0.020139734723077823
734,867,133,0.133,0.02280699008725283
756,878,122,0.122,0.01792289523440722
688,844,156,0.156,0.01937685709362299
694,847,153,0.153,0.02704254280661503
806,903,97,0.097,0.0220731963403866
732,866,134,0.134,0.018151467022666623
734,867,133,0.133,0.018352450232697406
694,847,153,0.153,0.02093304788848269
780,890,110,0.11,0.022073391454230304
738,869,131,0.131,0.02851233644895518
706,853,147,0.147,0.022773138911694003
720,860,140,0.14,0.01393982208285243
714,857,143,0.143,0.02383977733173313
746,873,127,0.127,0.0199679743567703
764,882,118,0.118,0.02859009892807235
740,870,130,0.13,0.025394496782630924
674,837,163,0.163,0.021831302782051722
716,858,142,0.142,0.022237276169744163
792,896,104,0.104,0.01962911861298862
734,867,133,0.133,0.022451013322594207
724,862,138,0.138,0.024482574352444858
730,865,135,0.135,0.029432629686670396
754,877,123,0.123,0.01894833481288474
768,884,116,0.116,0.017503621328465356
710,855,145,0.145,0.0219783603847999
746,873,127,0.127,0.020947979746902847
702,851,149,0.149,0.02395169673756253
716,858,142,0.142,0.015223087450958189
716,858,142,0.142,0.020441614565792136
768,884,116,0.116,0.024451205314804866
738,869,131,0.131,0.026433240057503495
754,877,123,0.123,0.017121951585076813
762,881,119,0.119,0.024965522864740408
700,850,150,0.15,0.020033361335705435
760,880,120,0.12,0.018314628425994954
676,838,162,0.162,0.021733019151561082
774,887,113,0.113,0.02060477262082334
774,887,113,0.113,0.01848672524876069
718,859,141,0.141,0.026625024253870522
738,869,131,0.131,0.02067741513352938
702,851,149,0.149,0.02166892250243221
678,839,161,0.161,0.02028189979458807
706,853,147,0.147,0.01704379320616907
672,836,164,0.164,0.02037598392982882
732,866,134,0.134,0.02070262068994269
738,869,131,0.131,0.01822228406994303
696,848,152,0.152,0.020530994009187266
708,854,146,0.146,0.016119749705167337
754,877,123,0.123,0.01945995198179247
716,858,142,0.142,0.020860832537864183
740,870,130,0.13,0.012990889520423736
738,869,131,0.131,0.01727376741927442
722,861,139,0.139,0.023207292107406602
680,840,160,0.16,0.020948432113970385
720,860,140,0.14,0.018952583928163264
732,866,134,0.134,0.018159714757528263
708,854,146,0.146,0.024491635391231285
684,842,158,0.158,0.023818027226048442
734,867,133,0.133,0.023337355986670232
756,878,122,0.122,0.021409907532185572
702,851,149,0.149,0.02192747508010467
706,853,147,0.147,0.015622233276166114
764,882,118,0.118,0.02646905579205388
750,875,125,0.125,0.019267532481357194
730,865,135,0.135,0.025142328556034925
682,841,159,0.159,0.029120434575457595
712,856,144,0.144,0.02105261362420073
746,873,127,0.127,0.016952136131100644
724,862,138,0.138,0.02869565719187442
772,886,114,0.114,0.020184635884064876
706,853,147,0.147,0.01992966464557948
732,866,134,0.134,0.0188118431702174
756,878,122,0.122,0.019913750089475244
768,884,116,0.116,0.021059487004207754
706,853,147,0.147,0.018890513395485628
778,889,111,0.111,0.019128999773605444
666,833,167,0.167,0.019406886508896718
716,858,142,0.142,0.019157634503021485
676,838,162,0.162,0.024179893688279108
746,873,127,0.127,0.022815320640683923
778,889,111,0.111,0.025690530584710103
746,873,127,0.127,0.01934680593646098
750,875,125,0.125,0.022203087345034546
748,874,126,0.126,0.016050817611440452
744,872,128,0.128,0.017168314148868945
776,888,112,0.112,0.017700766142761764
782,891,109,0.109,0.018949110994820755
714,857,143,0.143,0.02392291081956641
760,880,120,0.12,0.01673542245678678
766,883,117,0.117,0.018799500592646994
732,866,134,0.134,0.01804539219994386
734,867,133,0.133,0.021811274474203727
736,868,132,0.132,0.019374897494034867
784,892,108,0.108,0.021880993934657467
698,849,151,0.151,0.019438844357690728
708,854,146,0.146,0.018630434785947756
686,843,157,0.157,0.03113216322704639
746,873,127,0.127,0.02064354234169133
754,877,123,0.123,0.02267566438741011
718,859,141,0.141,0.020099573321600048
740,870,130,0.13,0.019013731123975773
752,876,124,0.124,0.017234410516958065
716,858,142,0.142,0.026116277936428615
748,874,126,0.126,0.013779674043610243
652,826,174,0.174,0.016197306302088817
636,818,182,0.182,0.023146137358777907
738,869,131,0.131,0.017832410367546358
686,843,157,0.157,0.01940635594226228
720,860,140,0.14,0.02163898763113683
714,857,143,0.143,0.01867998275316235
712,856,144,0.144,0.02226544913606864
770,885,115,0.115,0.02696888793096835
782,891,109,0.109,0.026334358305376553
736,868,132,0.132,0.020016042894425184
752,876,124,0.124,0.02313852371026431
684,842,158,0.158,0.02789583724033389
768,884,116,0.116,0.02471260527097374
702,851,149,0.149,0.024184390188125036
782,891,109,0.109,0.01676241303103774
744,872,128,0.128,0.028479240533181568
690,845,155,0.155,0.025473931807379273
734,867,133,0.133,0.026442155319335896
740,870,130,0.13,0.02445703831259209
680,840,160,0.16,0.022187581043357937
732,866,134,0.134,0.02413450486373263
744,872,128,0.128,0.023398721073907027
770,885,115,0.115,0.01621893479428465
708,854,146,0.146,0.02241961416923887
696,848,152,0.152,0.024995010197620644
738,869,131,0.131,0.02418011206587994
710,855,145,0.145,0.017815101231081043
804,902,98,0.098,0.022851574740623548
738,869,131,0.131,0.027031050502900767
746,873,127,0.127,0.020715505240876893
748,874,126,0.126,0.02768964787740603
760,880,120,0.12,0.02488135782677557
718,859,141,0.141,0.025054293384637164
760,880,120,0.12,0.034158584914808617
710,855,145,0.145,0.028922626239768576
776,888,112,0.112,0.02286016649997535
708,854,146,0.146,0.02075458242905425
750,875,125,0.125,0.024059197223913417
740,870,130,0.13,0.024798159142375993
768,884,116,0.116,0.03146878300375556
732,866,134,0.134,0.029114329318798413
718,859,141,0.141,0.029663953452292377
688,844,156,0.156,0.03353296180570936
690,845,155,0.155,0.023761811706707207
706,853,147,0.147,0.03133397443347246
712,856,144,0.144,0.035606576621700754
724,862,138,0.138,0.024002606412960745
706,853,147,0.147,0.029701827296066498
736,868,132,0.132,0.027846147063827004
750,875,125,0.125,0.029672691199150877
648,824,176,0.176,0.030739116758073805
708,854,146,0.146,0.022421289599409762
760,880,120,0.12,0.03211130908286953
698,849,151,0.151,0.02555291419392111
722,861,139,0.139,0.03154967225181707
798,899,101,0.101,0.02975962943141016
770,885,115,0.115,0.02335359000903787
736,868,132,0.132,0.03137650672128002
744,872,128,0.128,0.023419509196927434
720,860,140,0.14,0.022178288177999776
726,863,137,0.137,0.029981541023766097
804,902,98,0.098,0.027780794402907448
726,863,137,0.137,0.023693473411673865
738,869,131,0.131,0.0345274498778565
690,845,155,0.155,0.027933109701648164
748,874,126,0.126,0.028930654632156133
768,884,116,0.116,0.02846925877663426
808,904,96,0.096,0.030874443398687845
748,874,126,0.126,0.027125116366350597
718,859,141,0.141,0.027191439624332986
732,866,134,0.134,0.032166253731659426
754,877,123,0.123,0.030222865002934553
736,868,132,0.132,0.02921491739235907
764,882,118,0.118,0.02744521175884961
716,858,142,0.142,0.027058682882048414
760,880,120,0.12,0.034680199965944694
730,865,135,0.135,0.027113893025633388
748,874,126,0.126,0.031728801974478214
706,853,147,0.147,0.033449988660726064
736,868,132,0.132,0.02176103989709304
726,863,137,0.137,0.02630971225532478
746,873,127,0.127,0.019834305118954957
728,864,136,0.136,0.026566476632102307
746,873,127,0.127,0.03200025745248479
782,891,109,0.109,0.027840378536133924
734,867,133,0.133,0.03024656691513269
772,886,114,0.114,0.030877168975188794
698,849,151,0.151,0.029183901914496133
730,865,135,0.135,0.026043120567789173
690,845,155,0.155,0.02362435555972071
752,876,124,0.124,0.030422138610957546
754,877,123,0.123,0.029621318744083965
758,879,121,0.121,0.027122000993537867
714,857,143,0.143,0.029248143926843453
724,862,138,0.138,0.03267562307613681
740,870,130,0.13,0.02830450216944618
698,849,151,0.151,0.028538215789947897
748,874,126,0.126,0.02391148479474684
726,863,137,0.137,0.02663691111104737
724,862,138,0.138,0.029408166194331245
770,885,115,0.115,0.029814875642143277
728,864,136,0.136,0.029111803338082155
682,841,159,0.159,0.03228826359604608
744,872,128,0.128,0.035331932113301635
740,870,130,0.13,0.035143672408044724
662,831,169,0.169,0.024259005542841734
760,880,120,0.12,0.02965647258465826
712,856,144,0.144,0.028988749281994658
710,855,145,0.145,0.03333267405217515
734,867,133,0.133,0.0336313512452443
766,883,117,0.117,0.021507210255050337
694,847,153,0.153,0.036102576668678464
688,844,156,0.156,0.021301659850367586
764,882,118,0.118,0.028216617819250202
714,857,143,0.143,0.022116295943362046
730,865,135,0.135,0.027506265984183827
708,854,146,0.146,0.02490556760443286
740,870,130,0.13,0.0232624429658413
744,872,128,0.128,0.022606478598012885
722,861,139,0.139,0.03468079750083625
704,852,148,0.148,0.02069001617050401
728,864,136,0.136,0.027260217437041604
750,875,125,0.125,0.02939888401619524
722,861,139,0.139,0.0283623032729958
702,851,149,0.149,0.028664854816470638
794,897,103,0.103,0.027331058010346566
758,879,121,0.121,0.03236799060114032
722,861,139,0.139,0.02546062425989298
768,884,116,0.116,0.02131323850982389
724,862,138,0.138,0.028155394862530415
762,881,119,0.119,0.025583749443577518
682,841,159,0.159,0.034531502748243355
728,864,136,0.136,0.027713059534439453
746,873,127,0.127,0.020648992507955925
710,855,145,0.145,0.02721023475078077
752,876,124,0.124,0.02548971745837747
692,846,154,0.154,0.025690596186697362
756,878,122,0.122,0.030315094234082452
746,873,127,0.127,0.02708029643852997
704,852,148,0.148,0.01823197292388923
694,847,153,0.153,0.03330735035409117
770,885,115,0.115,0.02072729742578116
710,855,145,0.145,0.021299743102416984
708,854,146,0.146,0.023355133596070176
726,863,137,0.137,0.02548223187681441
718,859,141,0.141,0.022837490220057162
752,876,124,0.124,0.024182453840214748
734,867,133,0.133,0.024845765836964545
710,855,145,0.145,0.026077515171596972
702,851,149,0.149,0.02845367969386058
698,849,151,0.151,0.022493498286051277
732,866,134,0.134,0.02953253555587645
726,863,137,0.137,0.03559343197322749
732,866,134,0.134,0.02977727594316498
790,895,105,0.105,0.0203106242561756
764,882,118,0.118,0.02091190389828773
728,864,136,0.136,0.028461906182896585
724,862,138,0.138,0.024397056314419373
704,852,148,0.148,0.03428397398524793
770,885,115,0.115,0.02295337123482997
722,861,139,0.139,0.027200492527003007
730,865,135,0.135,0.02599161575835899
720,860,140,0.14,0.014720683729231979
768,884,116,0.116,0.02073722331575854
736,868,132,0.132,0.032551484344925836
758,879,121,0.121,0.026771843081060922
764,882,118,0.118,0.024134962229912942
756,878,122,0.122,0.019524382792608066
740,870,130,0.13,0.02298540482457976
756,878,122,0.122,0.027024845692211714
768,884,116,0.116,0.021617688345636394
734,867,133,0.133,0.021267730917177943
722,861,139,0.139,0.021059332562282436
754,877,123,0.123,0.020707071439702192
716,858,142,0.142,0.023818314713903617
744,872,128,0.128,0.021312245192924722
740,870,130,0.13,0.024710737246418715
708,854,146,0.146,0.021590946554026373
754,877,123,0.123,0.020753636706862692
746,873,127,0.127,0.025148897066052937
746,873,127,0.127,0.014871454300332616
750,875,125,0.125,0.025781959750945816
712,856,144,0.144,0.025467204307597826
780,890,110,0.11,0.03148436442722142
776,888,112,0.112,0.027660044703706376
750,875,125,0.125,0.018411320772067894
772,886,114,0.114,0.02335715912091554
692,846,154,0.154,0.028584508861440015
782,891,109,0.109,0.026236776125270624
646,823,177,0.177,0.027645908918571136
714,857,143,0.143,0.026654201184666108
764,882,118,0.118,0.02642098397458619
700,850,150,0.15,0.0271091517033301
752,876,124,0.124,0.02504555365879156
716,858,142,0.142,0.033133921870165804
766,883,117,0.117,0.022814332071621805
764,882,118,0.118,0.02546071939120907
730,865,135,0.135,0.026784408935775616
756,878,122,0.122,0.03267105260521646
762,881,119,0.119,0.027517622990349308
724,862,138,0.138,0.029049844244057113
764,882,118,0.118,0.033173497499902393
756,878,122,0.122,0.029123014645193863
714,857,143,0.143,0.027534792183220146
728,864,136,0.136,0.03118426225739792
768,884,116,0.116,0.02734139602866915
710,855,145,0.145,0.031076016048647744
668,834,166,0.166,0.02141586456103377
734,867,133,0.133,0.019664062848661956
772,886,114,0.114,0.025447793055780623
736,868,132,0.132,0.02200137984183429
786,893,107,0.107,0.028529825987235042
742,871,129,0.129,0.024838210114978693
680,840,160,0.16,0.02391467778705852
732,866,134,0.134,0.031469743273110196
748,874,126,0.126,0.030149129561057423
756,878,122,0.122,0.02824670300770299
730,865,135,0.135,0.02629951897594512
756,878,122,0.122,0.021918363947793125
734,867,133,0.133,0.020935843955122664
732,866,134,0.134,0.02299989606389613
732,866,134,0.134,0.030579717448876536
702,851,149,0.149,0.030642499818925528
722,861,139,0.139,0.02626484426427088
724,862,138,0.138,0.020649622915885686
770,885,115,0.115,0.026341699821255532
762,881,119,0.119,0.02605550297919646
742,871,129,0.129,0.021157441105235902
750,875,125,0.125,0.02045055001897262
754,877,123,0.123,0.019123956225067674
770,885,115,0.115,0.028923539244666358
804,902,98,0.098,0.026744466598409188
712,856,144,0.144,0.022971496786643057
760,880,120,0.12,0.023455107735752365
754,877,123,0.123,0.019379405505231345
782,891,109,0.109,0.01961477662572301
746,873,127,0.127,0.02675624079754526
690,845,155,0.155,0.02535740384936807
774,887,113,0.113,0.027440402365817705
750,875,125,0.125,0.027330872613551747
746,873,127,0.127,0.02657707090345676
748,874,126,0.126,0.019680950884254374
702,851,149,0.149,0.02872548292245149
712,856,144,0.144,0.018158154493367988
706,853,147,0.147,0.020046736053172195
738,869,131,0.131,0.025595008405638595
728,864,136,0.136,0.02597231068501138
822,911,89,0.089,0.02355440915096915
758,879,121,0.121,0.019643315861775177
744,872,128,0.128,0.020630370987937994
748,874,126,0.126,0.029402691635943796
780,890,110,0.11,0.017778054199597732
714,857,143,0.143,0.020526003163064615
710,855,145,0.145,0.02670476722919949
754,877,123,0.123,0.030384193498279616
702,851,149,0.149,0.031086870006188563
726,863,137,0.137,0.02331018749185512
712,856,144,0.144,0.02130698262850238
722,861,139,0.139,0.02160388204395318
734,867,133,0.133,0.02150654444025305
742,871,129,0.129,0.021448208002154603
714,857,143,0.143,0.024509213221521307
750,875,125,0.125,0.025296406496083904
700,850,150,0.15,0.02615037860263503
714,857,143,0.143,0.02731981057056791
720,860,140,0.14,0.02564836672457096
714,857,143,0.143,0.023065381851298396
742,871,129,0.129,0.03695194355844569
712,856,144,0.144,0.02353487698142291
690,845,155,0.155,0.018817127134542033
776,888,112,0.112,0.02502587805957066
668,834,166,0.166,0.02265728168465381
726,863,137,0.137,0.02500051235006677
722,861,139,0.139,0.0297398070913556
754,877,123,0.123,0.03682976366049644
714,857,143,0.143,0.03330285554707996
694,847,153,0.153,0.02580397394912046
664,832,168,0.168,0.03535280311439462
788,894,106,0.106,0.021829711306034824
752,876,124,0.124,0.025244967846758528
770,885,115,0.115,0.03135795866500359
736,868,132,0.132,0.03480352058751617
756,878,122,0.122,0.03507538600413544
724,862,138,0.138,0.027251405668848094
738,869,131,0.131,0.023861167396759798
710,855,145,0.145,0.030462322666563978
696,848,152,0.152,0.028290358956009357
736,868,132,0.132,0.022251133560353537
758,879,121,0.121,0.020022130244335586
754,877,123,0.123,0.02026248959601304
696,848,152,0.152,0.030104357604434823
748,874,126,0.126,0.02312878091232062
712,856,144,0.144,0.03411732594365716
742,871,129,0.129,0.021923532163546155
702,851,149,0.149,0.025076169136859335
728,864,136,0.136,0.0253358456183945
746,873,127,0.127,0.0245709293357981
762,881,119,0.119,0.021504122159975225
696,848,152,0.152,0.02818847646818577
668,834,166,0.166,0.025000719724081705
756,878,122,0.122,0.023895327487171356
704,852,148,0.148,0.020319831965521444
680,840,160,0.16,0.01832979010499619
696,848,152,0.152,0.026560808542778147
714,857,143,0.143,0.025014684675637555
694,847,153,0.153,0.027654270807944897
704,852,148,0.148,0.021942200518130606
708,854,146,0.146,0.020208184237679647
700,850,150,0.15,0.018939033715133776
788,894,106,0.106,0.026034723163638647
738,869,131,0.131,0.026569561737686515
704,852,148,0.148,0.019796440642153017
744,872,128,0.128,0.0238427155049601
776,888,112,0.112,0.02532727190531152
694,847,153,0.153,0.026698921624511117
718,859,141,0.141,0.020934522030496894
734,867,133,0.133,0.020717679152451794
708,854,146,0.146,0.023495711634184815
744,872,128,0.128,0.0189009738038812
678,839,161,0.161,0.024924495149048185
766,883,117,0.117,0.019890462167627875
698,849,151,0.151,0.02384000897406682
718,859,141,0.141,0.01603850006652304
704,852,148,0.148,0.020936040596370987
734,867,133,0.133,0.016095549984300135
718,859,141,0.141,0.02236316761029778
730,865,135,0.135,0.02060924305877907
742,871,129,0.129,0.026462393978675565
758,879,121,0.121,0.021036375924962953
724,862,138,0.138,0.021157881228751948
730,865,135,0.135,0.021441987434542568
734,867,133,0.133,0.02294199569455334
694,847,153,0.153,0.02200057961200281
714,857,143,0.143,0.022088695593556792
764,882,118,0.118,0.01762357393923065
736,868,132,0.132,0.017140661788474006
742,871,129,0.129,0.02474432679146619
764,882,118,0.118,0.02328873119431701
704,852,148,0.148,0.023017171396651364
778,889,111,0.111,0.020316440803761965
682,841,159,0.159,0.018442220475840033
728,864,136,0.136,0.020661774299196623
726,863,137,0.137,0.022486022418222264
752,876,124,0.124,0.01830216237053736
728,864,136,0.136,0.02163323563065654
738,869,131,0.131,0.017772254606481696
678,839,161,0.161,0.01653960090026318
738,869,131,0.131,0.01909449349580382
748,874,126,0.126,0.02405301265854804
732,866,134,0.134,0.017309058191367386
720,860,140,0.14,0.018931479312103504
766,883,117,0.117,0.024031413037948455
688,844,156,0.156,0.02138895251488445
698,849,151,0.151,0.018408821687431045
736,868,132,0.132,0.01918958544737538
782,891,109,0.109,0.021276948084540892
738,869,131,0.131,0.01506918511872361
738,869,131,0.131,0.020735322761531776
756,878,122,0.122,0.020474124359711198
716,858,142,0.142,0.013384782905561622
734,867,133,0.133,0.026165676796515144
766,883,117,0.117,0.02151196094662363
662,831,169,0.169,0.024093347779446675
714,857,143,0.143,0.02681618419677824
798,899,101,0.101,0.017555385498733884
668,834,166,0.166,0.022125603042955605
738,869,131,0.131,0.018338780024190614
784,892,108,0.108,0.025267398263836015
732,866,134,0.134,0.02185116892875921
740,870,130,0.13,0.016807494011618955
788,894,106,0.106,0.024526713399623857
750,875,125,0.125,0.023692383418078947
748,874,126,0.126,0.02182738638383877
690,845,155,0.155,0.01645704471228413
754,877,123,0.123,0.018547804499588084
734,867,133,0.133,0.0239743135034075
738,869,131,0.131,0.022921675129547295
770,885,115,0.115,0.016639990348363328
702,851,149,0.149,0.027086298920054673
730,865,135,0.135,0.020650532221324312
722,861,139,0.139,0.020937588819609415
752,876,124,0.124,0.02146355412769981
712,856,144,0.144,0.01805039756409832
756,878,122,0.122,0.026072945910579036
702,851,149,0.149,0.01877989601616889
688,844,156,0.156,0.025036178312675305
686,843,157,0.157,0.023206734429075938
724,862,138,0.138,0.017566863188676875
732,866,134,0.134,0.026041213562004485
758,879,121,0.121,0.022533377919277484
732,866,134,0.134,0.020240653405635384
702,851,149,0.149,0.013801530880679251
702,851,149,0.149,0.023350820866205595
756,878,122,0.122,0.02571529296745777
764,882,118,0.118,0.025859340659038523
720,860,140,0.14,0.02939446767036756
682,841,159,0.159,0.021185632864612117
768,884,116,0.116,0.024058467529305474
648,824,176,0.176,0.024097853756165008
710,855,145,0.145,0.026657598129473242
778,889,111,0.111,0.023057772690837537
750,875,125,0.125,0.028212232756164368
734,867,133,0.133,0.023698974124189705
768,884,116,0.116,0.027949936069789787
722,861,139,0.139,0.02787617748461963
716,858,142,0.142,0.019719398905939642
720,860,140,0.14,0.027724619623611658
694,847,153,0.153,0.024594758599522436
732,866,134,0.134,0.029531018345846063
740,870,130,0.13,0.025634980481697652
704,852,148,0.148,0.027007379276141365
730,865,135,0.135,0.030219621785091647
718,859,141,0.141,0.02571336262608786
714,857,143,0.143,0.030611517026620617
680,840,160,0.16,0.02359902692408889
704,852,148,0.148,0.024818702085035838
736,868,132,0.132,0.023927250246173357
766,883,117,0.117,0.023467485492392682
716,858,142,0.142,0.025020443407065416
746,873,127,0.127,0.03056163950442567
738,869,131,0.131,0.02757414043808356
768,884,116,0.116,0.025792976391556196
752,876,124,0.124,0.02955805709702267
768,884,116,0.116,0.02344492826584687
786,893,107,0.107,0.021310323486702514
732,866,134,0.134,0.020648681379365142
716,858,142,0.142,0.024815675281396977
756,878,122,0.122,0.023925601467868773
764,882,118,0.118,0.025711042205403076
726,863,137,0.137,0.02327550065189237
746,873,127,0.127,0.02718395046686919
720,860,140,0.14,0.025203151015106756
750,875,125,0.125,0.0175655392664101
754,877,123,0.123,0.02915984362998199
710,855,145,0.145,0.014416829798673291
756,878,122,0.122,0.026339313363725865
732,866,134,0.134,0.02050204749940198
740,870,130,0.13,0.02206263676344838
728,864,136,0.136,0.025184656615442235
772,886,114,0.114,0.02638506915265141
674,837,163,0.163,0.020482309272206636
722,861,139,0.139,0.026960471939571646
746,873,127,0.127,0.021733470311841543
760,880,120,0.12,0.024513009967142892
718,859,141,0.141,0.02548482140546258
750,875,125,0.125,0.02495373683024019
672,836,164,0.164,0.015301821869864724
738,869,131,0.131,0.024627934114690858
770,885,115,0.115,0.022836664152541816
766,883,117,0.117,0.01613501484864642
718,859,141,0.141,0.016265913703657146
718,859,141,0.141,0.02149148418092011
740,870,130,0.13,0.024095561137797376
698,849,151,0.151,0.020214089609270673
808,904,96,0.096,0.02033002611039244
784,892,108,0.108,0.01900959667387974
758,879,121,0.121,0.017481675195680536
792,896,104,0.104,0.022876843482589507
754,877,123,0.123,0.025919555956649503
708,854,146,0.146,0.01812580450609829
720,860,140,0.14,0.020271000780198962
718,859,141,0.141,0.018101061610219658
724,862,138,0.138,0.02198351716857354
718,859,141,0.141,0.019496711030510185
750,875,125,0.125,0.020754269948235888
742,871,129,0.129,0.018954013761952923
752,876,124,0.124,0.02409266735061911
728,864,136,0.136,0.0207232598784815
712,856,144,0.144,0.022041476381825603
738,869,131,0.131,0.021729365645998172
736,868,132,0.132,0.01700634038107165
776,888,112,0.112,0.02276551194768386
776,888,112,0.112,0.02019326368553304
724,862,138,0.138,0.01977344106162502
698,849,151,0.151,0.020761048095023413
776,888,112,0.112,0.02742683754690199
730,865,135,0.135,0.02195507660307163
712,856,144,0.144,0.024110519867565815
704,852,148,0.148,0.02263340183331097
782,891,109,0.109,0.023112553894899975
778,889,111,0.111,0.02000997219576699
650,825,175,0.175,0.0278874203401611
716,858,142,0.142,0.030241304692358882
672,836,164,0.164,0.03246937489257263
668,834,166,0.166,0.01818638556379064
730,865,135,0.135,0.023310851718077515
718,859,141,0.141,0.029677774392922858
688,844,156,0.156,0.023584939756579472
742,871,129,0.129,0.023721137140193433
708,854,146,0.146,0.023591882830202693
730,865,135,0.135,0.023350510178083483
710,855,145,0.145,0.021831375107334794
724,862,138,0.138,0.024232399254967733
708,854,146,0.146,0.01911823903471685
746,873,127,0.127,0.020358531410706163
706,853,147,0.147,0.03156196313973777
674,837,163,0.163,0.026389985134341005
696,848,152,0.152,0.02403688294678875
736,868,132,0.132,0.018165747744007688
770,885,115,0.115,0.03461000218332302
722,861,139,0.139,0.01841046950333957
704,852,148,0.148,0.02961785189596577
722,861,139,0.139,0.027020525456624925
696,848,152,0.152,0.025610278263964475
748,874,126,0.126,0.025014413512849616
700,850,150,0.15,0.03072414627602086
766,883,117,0.117,0.022760991641016772
708,854,146,0.146,0.018766361346732395
722,861,139,0.139,0.01818754730818182
762,881,119,0.119,0.022836348716564658
756,878,122,0.122,0.028263626384608116
758,879,121,0.121,0.02101172256910549
758,879,121,0.121,0.029719309171030318
734,867,133,0.133,0.024927397499371864
722,861,139,0.139,0.023655932281979517
702,851,149,0.149,0.02610024250345691
710,855,145,0.145,0.020748273621990505
730,865,135,0.135,0.0250923195565191
720,860,140,0.14,0.022835209158842063
678,839,161,0.161,0.02568304085448608
720,860,140,0.14,0.023433501414919875
752,876,124,0.124,0.022603985689284414
692,846,154,0.154,0.01951453045811762
728,864,136,0.136,0.02625130779965994
732,866,134,0.134,0.024897821382502912
732,866,134,0.134,0.04031520370656972
706,853,147,0.147,0.02734325427561333
764,882,118,0.118,0.036566917663179654
712,856,144,0.144,0.027165543664285138
716,858,142,0.142,0.03353537596418883
722,861,139,0.139,0.034861837045662925
692,846,154,0.154,0.022818141209788336
716,858,142,0.142,0.016761789912952962
714,857,143,0.143,0.0250210683375318
764,882,118,0.118,0.024554765687037163
720,860,140,0.14,0.028473415714140856
772,886,114,0.114,0.030428370001048578
736,868,132,0.132,0.024022034700582028
730,865,135,0.135,0.029061482068552663
734,867,133,0.133,0.02765373560095884
704,852,148,0.148,0.0292424015835374
742,871,129,0.129,0.02329578961527068
716,858,142,0.142,0.028177166314424882
762,881,119,0.119,0.018499848456795847
740,870,130,0.13,0.031119408963347382
730,865,135,0.135,0.027460032713400553
708,854,146,0.146,0.020770662248635104
760,880,120,0.12,0.025524189347508695
746,873,127,0.127,0.020619383965732766
706,853,147,0.147,0.02834757656425401
776,888,112,0.112,0.03105068755231673
782,891,109,0.109,0.02251729030750607
738,869,131,0.131,0.023712732622854702
780,890,110,0.11,0.028772956383211694
758,879,121,0.121,0.02395795640579081
706,853,147,0.147,0.023043958767096
744,872,128,0.128,0.02443375176928548
728,864,136,0.136,0.017830289931151825
746,873,127,0.127,0.0194555554732668
742,871,129,0.129,0.020497738687144745
740,870,130,0.13,0.022043830682663697
728,864,136,0.136,0.02543255684566729
704,852,148,0.148,0.025824117663737524
742,871,129,0.129,0.017286667282048085
732,866,134,0.134,0.025995366246550532
796,898,102,0.102,0.024358890850302673
716,858,142,0.142,0.02035870882617928
730,865,135,0.135,0.017856804833056673
752,876,124,0.124,0.019892088584150754
674,837,163,0.163,0.019769966061595
714,857,143,0.143,0.018914694077929086
750,875,125,0.125,0.0251685949614249
672,836,164,0.164,0.025093996123984795
760,880,120,0.12,0.015958792317828426
728,864,136,0.136,0.01675853764165754
726,863,137,0.137,0.017535415359440434
722,861,139,0.139,0.015572375900939989
696,848,152,0.152,0.018457201332240828
698,849,151,0.151,0.018023876680588274
740,870,130,0.13,0.024127568734266816
748,874,126,0.126,0.017408607723751458
730,865,135,0.135,0.0166321537536237
772,886,114,0.114,0.017980867432827865
762,881,119,0.119,0.026338878137976522
714,857,143,0.143,0.018036302781782795
726,863,137,0.137,0.024904543896626507
744,872,128,0.128,0.025312603000973398
726,863,137,0.137,0.02593385738732718
756,878,122,0.122,0.01919317226684814
744,872,128,0.128,0.01802378199843383
786,893,107,0.107,0.02426997157786923
704,852,148,0.148,0.01788551990965175
688,844,156,0.156,0.01928109527163028
728,864,136,0.136,0.033754046107399606
766,883,117,0.117,0.02448047861105914
680,840,160,0.16,0.018930008561570573
762,881,119,0.119,0.025236758315008472
694,847,153,0.153,0.015508711108943814
738,869,131,0.131,0.02283829764886714
702,851,149,0.149,0.01816856424686759
730,865,135,0.135,0.02756687903882755
760,880,120,0.12,0.027458736786904737
762,881,119,0.119,0.015436938097141037
730,865,135,0.135,0.017207245388033813
726,863,137,0.137,0.020260149534535345
766,883,117,0.117,0.019728516561700302
724,862,138,0.138,0.014548394523727083
754,877,123,0.123,0.01810173793477152
700,850,150,0.15,0.020965462510045357
752,876,124,0.124,0.027381228975839875
718,859,141,0.141,0.01970951378877817
698,849,151,0.151,0.024384518859111935
706,853,147,0.147,0.021657304759975474
720,860,140,0.14,0.024854501636137855
716,858,142,0.142,0.02033644351209388
672,836,164,0.164,0.019430743315048588
720,860,140,0.14,0.022301865318049664
740,870,130,0.13,0.019750314111406896
722,861,139,0.139,0.02302230243492552
752,876,124,0.124,0.024635150745228998
754,877,123,0.123,0.023362679475424017
770,885,115,0.115,0.024181716219228433
754,877,123,0.123,0.025173427348154746
656,828,172,0.172,0.02188642278586707
752,876,124,0.124,0.018550475781274427
748,874,126,0.126,0.032737610913308686
718,859,141,0.141,0.020563661628821363
728,864,136,0.136,0.0320341722440632
750,875,125,0.125,0.02314483211544392
734,867,133,0.133,0.019023134074916157
674,837,163,0.163,0.020160321628460848
746,873,127,0.127,0.02221354650463236
728,864,136,0.136,0.019351237106404937
736,868,132,0.132,0.022626627835771698
734,867,133,0.133,0.017787279911504583
720,860,140,0.14,0.024684616797514537
684,842,158,0.158,0.013772735344031176
766,883,117,0.117,0.019315950924953085
682,841,159,0.159,0.02688302088563046
742,871,129,0.129,0.021244043960084356
690,845,155,0.155,0.01612125134372407
748,874,126,0.126,0.023870053612576526
766,883,117,0.117,0.020596733851337517
798,899,101,0.101,0.024913799870787897
700,850,150,0.15,0.019115887976969007
734,867,133,0.133,0.021250234621117896
742,871,129,0.129,0.01885822857242829
788,894,106,0.106,0.02397005958787298
744,872,128,0.128,0.018762307325723853
766,883,117,0.117,0.02129616024563266
720,860,140,0.14,0.023564774746577612
692,846,154,0.154,0.01675966760668831
732,866,134,0.134,0.014703032665821765
728,864,136,0.136,0.013045066286631709
764,882,118,0.118,0.02183123566346558
740,870,130,0.13,0.02273562335024414
708,854,146,0.146,0.026614727626668257
712,856,144,0.144,0.01754478330874818
716,858,142,0.142,0.017037744606082667
684,842,158,0.158,0.018554352616243962
728,864,136,0.136,0.01782276967209502
714,857,143,0.143,0.024944575256313186
726,863,137,0.137,0.017808613395489146
770,885,115,0.115,0.0227633037279532
740,870,130,0.13,0.01636482886396894
724,862,138,0.138,0.01767228146228473
774,887,113,0.113,0.0167272639072751
706,853,147,0.147,0.02515095604663682
722,861,139,0.139,0.021714932994774786
726,863,137,0.137,0.01655674436780238
738,869,131,0.131,0.01988424569475909
756,878,122,0.122,0.018950520485196635
730,865,135,0.135,0.018067260769268616
772,886,114,0.114,0.017234389695452976
750,875,125,0.125,0.015238769242786589
716,858,142,0.142,0.01669867933194047
714,857,143,0.143,0.016030484873426985
738,869,131,0.131,0.016297713091451213
700,850,150,0.15,0.015398101306634672
722,861,139,0.139,0.020208856713464854
734,867,133,0.133,0.015247215864492632
744,872,128,0.128,0.012516658786652897
740,870,130,0.13,0.01946537117768183
776,888,112,0.112,0.014905902461549374
728,864,136,0.136,0.018084019233751476
746,873,127,0.127,0.015848343295129196
728,864,136,0.136,0.017118116317836198
684,842,158,0.158,0.016232051992114676
732,866,134,0.134,0.02249172817520039
772,886,114,0.114,0.01598711630936282
698,849,151,0.151,0.0124291828391694
710,855,145,0.145,0.01444270454801486
750,875,125,0.125,0.01741234188701485
646,823,177,0.177,0.014824985251673866
724,862,138,0.138,0.019186880025119875
734,867,133,0.133,0.019268592920126126
726,863,137,0.137,0.018407256807756837
760,880,120,0.12,0.0170044004472159
718,859,141,0.141,0.009983895391114573
766,883,117,0.117,0.02012238178721856
744,872,128,0.128,0.01679566837327225
720,860,140,0.14,0.014923405853807026
772,886,114,0.114,0.01589004777905619
762,881,119,0.119,0.015662516240107834
772,886,114,0.114,0.019886752614505752
726,863,137,0.137,0.013318581281450022
694,847,153,0.153,0.014483645524279864
762,881,119,0.119,0.015445627546884225
722,861,139,0.139,0.016268220946460302
724,862,138,0.138,0.016264721176543533
754,877,123,0.123,0.01851160058001368
770,885,115,0.115,0.017573654045543494
720,860,140,0.14,0.01448841105742423
760,880,120,0.12,0.021464615953315346
758,879,121,0.121,0.014023605402338461
746,873,127,0.127,0.020325923824148277
712,856,144,0.144,0.01367743913303093
784,892,108,0.108,0.01824879677630827
734,867,133,0.133,0.019362171609441644
774,887,113,0.113,0.011964285217369891
720,860,140,0.14,0.017368699822838566
720,860,140,0.14,0.02296802738111208
752,876,124,0.124,0.01405600981819481
762,881,119,0.119,0.015268907445153032
734,867,133,0.133,0.010777822907458628
726,863,137,0.137,0.017416374464973714
730,865,135,0.135,0.01433996057490684
728,864,136,0.136,0.014255498860690054
746,873,127,0.127,0.01463400986463894
748,874,126,0.126,0.01571264809063149
752,876,124,0.124,0.016035728684315246
704,852,148,0.148,0.01876521257937412
776,888,112,0.112,0.016138195170924605
724,862,138,0.138,0.015001259473960474
730,865,135,0.135,0.017862573784825045
786,893,107,0.107,0.012865058692109785
696,848,152,0.152,0.012431436320529272
712,856,144,0.144,0.015743475401202262
736,868,132,0.132,0.018610632410091456
766,883,117,0.117,0.017353321185147593
762,881,119,0.119,0.008425645339430006
722,861,139,0.139,0.00928329039449747
738,869,131,0.131,0.011949262504675361
696,848,152,0.152,0.014544202775129904
734,867,133,0.133,0.013410377264124761
716,858,142,0.142,0.0067578937002992345
704,852,148,0.148,0.015503358516038119
704,852,148,0.148,0.010660560255067566
660,830,170,0.17,0.011544867496614628
756,878,122,0.122,0.010647515854895375
730,865,135,0.135,0.011353707367851512
720,860,140,0.14,0.008592284530459125
698,849,151,0.151,0.012322457476686893
682,841,159,0.159,0.01035354876992362
720,860,140,0.14,0.01428049040041617
704,852,148,0.148,0.015639862643939934
724,862,138,0.138,0.012449872413266035
688,844,156,0.156,0.016300502059001857
742,871,129,0.129,0.014282350697557988
764,882,118,0.118,0.01813330750759323
774,887,113,0.113,0.012644886910612598
694,847,153,0.153,0.014657832957767724
732,866,134,0.134,0.021321124838181986
718,859,141,0.141,0.01348583127382966
782,891,109,0.109,0.019669775118735102
688,844,156,0.156,0.01828550805198239
778,889,111,0.111,0.01324047369827332
754,877,123,0.123,0.012398198663967989
726,863,137,0.137,0.016658243284463085
706,853,147,0.147,0.017865393653356123
746,873,127,0.127,0.016674124785372287
706,853,147,0.147,0.013501589702704762
724,862,138,0.138,0.014918862753691314
774,887,113,0.113,0.01733606523299048
734,867,133,0.133,0.01674724883180046
750,875,125,0.125,0.014257466074679058
714,857,143,0.143,0.01740014898908393
746,873,127,0.127,0.014070047721971022
714,857,143,0.143,0.017978432621555497
662,831,169,0.169,0.011832417468546155
772,886,114,0.114,0.015040727641935092
734,867,133,0.133,0.020006892441006473
748,874,126,0.126,0.016550069060710427
788,894,106,0.106,0.01609924994887464
734,867,133,0.133,0.01300260787651598
726,863,137,0.137,0.014610643563577497
712,856,144,0.144,0.015306066595301303
790,895,105,0.105,0.01904402599371039
778,889,111,0.111,0.017053371723225894
770,885,115,0.115,0.015918096316461187
722,861,139,0.139,0.014706217275790748
760,880,120,0.12,0.02019805128662914
774,887,113,0.113,0.017775489200022917
762,881,119,0.119,0.018799408403727996
778,889,111,0.111,0.012469929829554744
720,860,140,0.14,0.011849352903949338
678,839,161,0.161,0.01416241621029296
690,845,155,0.155,0.021844777224898734
716,858,142,0.142,0.010253964088293899
756,878,122,0.122,0.019402583280180706
684,842,158,0.158,0.011204234132472592
740,870,130,0.13,0.018108912370879252
658,829,171,0.171,0.013654609660569477
744,872,128,0.128,0.015039762969333055
742,871,129,0.129,0.014560668571916721
782,891,109,0.109,0.014883041300519708
756,878,122,0.122,0.014628699288293917
710,855,145,0.145,0.019150103718367603
764,882,118,0.118,0.01717727576307928
766,883,117,0.117,0.018600333163445497
754,877,123,0.123,0.020259563411320004
702,851,149,0.149,0.01416500077021999
784,892,108,0.108,0.020148550691622802
680,840,160,0.16,0.013228854355967868
694,847,153,0.153,0.017571284194378336
678,839,161,0.161,0.015291521089168142
700,850,150,0.15,0.014142329338472833
718,859,141,0.141,0.015542577593044924
646,823,177,0.177,0.015213951710683873
708,854,146,0.146,0.014229299602205984
722,861,139,0.139,0.01740298940139512
730,865,135,0.135,0.013297398132099233
712,856,144,0.144,0.015405157977588204
678,839,161,0.161,0.016446237586210388
770,885,115,0.115,0.021443302816150506
728,864,136,0.136,0.019481741315847942
760,880,120,0.12,0.01767129021183824
742,871,129,0.129,0.02238389070783491
722,861,139,0.139,0.024496594988036746
742,871,129,0.129,0.01735023459881407
708,854,146,0.146,0.014225225541701449
714,857,143,0.143,0.018343008634300502
710,855,145,0.145,0.02201005935303877
696,848,152,0.152,0.014137209702085997
732,866,134,0.134,0.011765141302453997
700,850,150,0.15,0.018571048742374502
696,848,152,0.152,0.025074422914715826
746,873,127,0.127,0.019216354445469278
764,882,118,0.118,0.01380850277565618
712,856,144,0.144,0.02095184039066804
726,863,137,0.137,0.0214965657206797
770,885,115,0.115,0.020016933527394455
744,872,128,0.128,0.015508578754486337
692,846,154,0.154,0.015775844016206877
778,889,111,0.111,0.023134461644529893
748,874,126,0.126,0.01505535987505057
756,878,122,0.122,0.020785054476337633
720,860,140,0.14,0.01314751941487566
748,874,126,0.126,0.020414995994902214
782,891,109,0.109,0.018187313881037198
732,866,134,0.134,0.015607566735376168
712,856,144,0.144,0.018104458925777094
686,843,157,0.157,0.022105606261615576
710,855,145,0.145,0.02069990471283637
796,898,102,0.102,0.026233731925616836
730,865,135,0.135,0.016225092205802
750,875,125,0.125,0.019518542998629484
714,857,143,0.143,0.02112016426726234
754,877,123,0.123,0.02233716801891528
746,873,127,0.127,0.01816139339892693
748,874,126,0.126,0.016653391086015063
714,857,143,0.143,0.011071485382785524
696,848,152,0.152,0.0160070928346818
738,869,131,0.131,0.01620697643213468
702,851,149,0.149,0.01918085188120689
748,874,126,0.126,0.015072800728308905
740,870,130,0.13,0.013387359329648461
752,876,124,0.124,0.010283536947897133
654,827,173,0.173,0.014167737158994782
692,846,154,0.154,0.013636261589464382
686,843,157,0.157,0.009809492157353845
738,869,131,0.131,0.01455008294589055
804,902,98,0.098,0.01350765546563872
776,888,112,0.112,0.01097442196223554
716,858,142,0.142,0.009672752150611317
768,884,116,0.116,0.019630402573150876
764,882,118,0.118,0.015196073063132687
752,876,124,0.124,0.01299417241972688
708,854,146,0.146,0.015252619205995913
766,883,117,0.117,0.016228403256826625
696,848,152,0.152,0.015839331223066865
710,855,145,0.145,0.014491302248107274
760,880,120,0.12,0.00888809991354188
718,859,141,0.141,0.014731595021422607
716,858,142,0.142,0.018401716177830037
716,858,142,0.142,0.014397549093479924
732,866,134,0.134,0.016220836599164828
694,847,153,0.153,0.015309070085568095
780,890,110,0.11,0.023518052387040356
758,879,121,0.121,0.017824654584613284
698,849,151,0.151,0.017693900469474954
778,889,111,0.111,0.018494268114783097
732,866,134,0.134,0.01667433097273671
782,891,109,0.109,0.01640337029711489
720,860,140,0.14,0.017305876105040623
712,856,144,0.144,0.018010595090852375
720,860,140,0.14,0.01627753497452329
734,867,133,0.133,0.01300584373477318
746,873,127,0.127,0.013475218820849434
752,876,124,0.124,0.015346425213820552
728,864,136,0.136,0.011696467342752556
752,876,124,0.124,0.018523313928398663
736,868,132,0.132,0.010131582554675249
706,853,147,0.147,0.01915734836163773
730,865,135,0.135,0.015169729688960885
722,861,139,0.139,0.01080686467165816
778,889,111,0.111,0.016811170611576002
734,867,133,0.133,0.017883125779858757
770,885,115,0.115,0.015946161441708625
754,877,123,0.123,0.013517031196321682
736,868,132,0.132,0.015573666314431705
662,831,169,0.169,0.01899269748110764
724,862,138,0.138,0.019005438777273356
744,872,128,0.128,0.013360628494050673
744,872,128,0.128,0.02063448177334665
726,863,137,0.137,0.021229204201881843
706,853,147,0.147,0.017381582301764963
710,855,145,0.145,0.02161361117417698
752,876,124,0.124,0.02067185182305414
776,888,112,0.112,0.019386502770779742
744,872,128,0.128,0.021553489705216436
754,877,123,0.123,0.018053485618729426
764,882,118,0.118,0.02291893539085538
742,871,129,0.129,0.021422840489788625
770,885,115,0.115,0.018681207927757383
732,866,134,0.134,0.01362013252110384
710,855,145,0.145,0.02325686692897027
728,864,136,0.136,0.017020039423118475
768,884,116,0.116,0.020117381062088924
718,859,141,0.141,0.018481790478566722
740,870,130,0.13,0.013731128000815516
738,869,131,0.131,0.016172311565016386
694,847,153,0.153,0.019574237536758857
742,871,129,0.129,0.01642930894671916
768,884,116,0.116,0.016981340893532662
742,871,129,0.129,0.01661247971159935
738,869,131,0.131,0.020704775740677674
750,875,125,0.125,0.020803767649744898
696,848,152,0.152,0.018918807509053694
724,862,138,0.138,0.015006963924213253
790,895,105,0.105,0.014047373714111884
748,874,126,0.126,0.019440160479696288
780,890,110,0.11,0.0184264746359096
718,859,141,0.141,0.01631747317255345
716,858,142,0.142,0.014178718786735118
734,867,133,0.133,0.012601126951263381
778,889,111,0.111,0.015729554173897414
714,857,143,0.143,0.01503539152652067
738,869,131,0.131,0.019013868335056573
788,894,106,0.106,0.017246032492583524
780,890,110,0.11,0.012699601448901731
754,877,123,0.123,0.020127556706579768
746,873,127,0.127,0.012872059602264783
756,878,122,0.122,0.015155062642182002
746,873,127,0.127,0.015409529053849411
740,870,130,0.13,0.017807336891782342
728,864,136,0.136,0.015054535593654534
698,849,151,0.151,0.01696182884271988
692,846,154,0.154,0.01960706346908299
774,887,113,0.113,0.020186971432022874
756,878,122,0.122,0.021946093886049907
704,852,148,0.148,0.01777067220813865
736,868,132,0.132,0.0173552033986645
708,854,146,0.146,0.016305804657284824
722,861,139,0.139,0.01678047613812099
720,860,140,0.14,0.014859833914888853
730,865,135,0.135,0.0158497310897922
694,847,153,0.153,0.01673150079209367
744,872,128,0.128,0.021713238072565814
752,876,124,0.124,0.017335520171947807
766,883,117,0.117,0.013867303085380315
696,848,152,0.152,0.012542229680255687
716,858,142,0.142,0.02060994113755571
718,859,141,0.141,0.013243962302119968
678,839,161,0.161,0.017746608506293626
756,878,122,0.122,0.012074469286718355
746,873,127,0.127,0.018058331654724938
740,870,130,0.13,0.012547782840141465
762,881,119,0.119,0.009705307588472238
738,869,131,0.131,0.014121125335476676
734,867,133,0.133,0.01613434291830363
734,867,133,0.133,0.014052891897122692
716,858,142,0.142,0.009724520212030768
694,847,153,0.153,0.01404427745821222
736,868,132,0.132,0.015610364690294715
692,846,154,0.154,0.015543065174483716
748,874,126,0.126,0.013556587811554735
738,869,131,0.131,0.01664706624232896
742,871,129,0.129,0.015736599866486473
738,869,131,0.131,0.015923628725817495
728,864,136,0.136,0.012691850780196318
752,876,124,0.124,0.016181741814326543
712,856,144,0.144,0.014054262810061786
726,863,137,0.137,0.011334942673220738
698,849,151,0.151,0.014044196961056158
706,853,147,0.147,0.01523325064131825
682,841,159,0.159,0.01486417050893374
710,855,145,0.145,0.01845232290927163
776,888,112,0.112,0.011388878602711315
714,857,143,0.143,0.013700148986630908
758,879,121,0.121,0.016553556539283292
712,856,144,0.144,0.018084026218855485
736,868,132,0.132,0.018734562233777938
726,863,137,0.137,0.012538666924317753
734,867,133,0.133,0.015900982182256627
742,871,129,0.129,0.012194068217025176
718,859,141,0.141,0.01562517902599474
756,878,122,0.122,0.01894209632808662
698,849,151,0.151,0.013680890663353594
756,878,122,0.122,0.016455815461766717
724,862,138,0.138,0.013761108522750561
762,881,119,0.119,0.018392405763753727
754,877,123,0.123,0.02090958192692088
746,873,127,0.127,0.015883966521033046
738,869,131,0.131,0.017501640181582814
724,862,138,0.138,0.014805402504951118
762,881,119,0.119,0.012641220102142327
748,874,126,0.126,0.017621928694809823
766,883,117,0.117,0.01527411181789931
708,854,146,0.146,0.017604947819749226
784,892,108,0.108,0.017425719806103985
746,873,127,0.127,0.014886886048079091
668,834,166,0.166,0.0188714375598168
682,841,159,0.159,0.02206099057602526
736,868,132,0.132,0.00933155948612378
714,857,143,0.143,0.012676949450739614
736,868,132,0.132,0.016018885384939993
720,860,140,0.14,0.011856069160413625
746,873,127,0.127,0.024974005880675037
758,879,121,0.121,0.021897065473837758
720,860,140,0.14,0.014741819989144573
718,859,141,0.141,0.013028324557417306
714,857,143,0.143,0.017237823483651795
726,863,137,0.137,0.02089176588554419
740,870,130,0.13,0.011423163145902264
752,876,124,0.124,0.01457536567015343
698,849,151,0.151,0.02478653890763451
772,886,114,0.114,0.017762810202968823
712,856,144,0.144,0.016103824637062714
800,900,100,0.1,0.02513510202029083
756,878,122,0.122,0.023113456817886062
770,885,115,0.115,0.019621491501192436
708,854,146,0.146,0.013857900735609135
756,878,122,0.122,0.015554111977542192
774,887,113,0.113,0.024850115243667915
710,855,145,0.145,0.018242438481649345
704,852,148,0.148,0.023260930886959272
738,869,131,0.131,0.016662247205035795
744,872,128,0.128,0.01895341082389227
816,908,92,0.092,0.016761693255723246
696,848,152,0.152,0.01748387039648985
778,889,111,0.111,0.017640716252308578
740,870,130,0.13,0.018209725577959007
730,865,135,0.135,0.02163623775425337
762,881,119,0.119,0.012808561869759956
728,864,136,0.136,0.01856234357036308
756,878,122,0.122,0.012574153480253245
742,871,129,0.129,0.016440646673939057
696,848,152,0.152,0.014198445207880554
728,864,136,0.136,0.016601704936137936
718,859,141,0.141,0.009978341615835135
726,863,137,0.137,0.011146963158229483
684,842,158,0.158,0.013572533952598335
794,897,103,0.103,0.01222805597221145
728,864,136,0.136,0.018688889335474527
722,861,139,0.139,0.012396708213011521
716,858,142,0.142,0.013460276119373248
722,861,139,0.139,0.015579410696215178
726,863,137,0.137,0.019319465565829263
678,839,161,0.161,0.018960912162966394
678,839,161,0.161,0.014946288768226311
690,845,155,0.155,0.01806441177651736
696,848,152,0.152,0.017228465639782427
660,830,170,0.17,0.018098999794461078
716,858,142,0.142,0.012889440404724353
704,852,148,0.148,0.012448050095649648
714,857,143,0.143,0.016219955134630766
738,869,131,0.131,0.01515155882595785
758,879,121,0.121,0.02210893092490174
730,865,135,0.135,0.010948969410613315
668,834,166,0.166,0.022207551357554037
718,859,141,0.141,0.013581980334048836
692,846,154,0.154,0.020845432744171957
760,880,120,0.12,0.01870956960410895
726,863,137,0.137,0.014506992086163293
744,872,128,0.128,0.020135597791143753
718,859,141,0.141,0.025853607826066438
768,884,116,0.116,0.018884028031287727
744,872,128,0.128,0.01579848075548466
766,883,117,0.117,0.012664081155202737
736,868,132,0.132,0.013224562818515351
752,876,124,0.124,0.01883797037466752
714,857,143,0.143,0.01939964040971269
758,879,121,0.121,0.014207740130357962
742,871,129,0.129,0.016624483264731607
778,889,111,0.111,0.015500167625657226
780,890,110,0.11,0.012855160435404727
720,860,140,0.14,0.017568053466689677
742,871,129,0.129,0.021404652717656774
754,877,123,0.123,0.012476127318269562
720,860,140,0.14,0.015474488210899168
750,875,125,0.125,0.017187897738561633
746,873,127,0.127,0.012839805841250879
714,857,143,0.143,0.013359111624412038
718,859,141,0.141,0.011751773145205306
772,886,114,0.114,0.015124432426905528
740,870,130,0.13,0.01593934928879986
796,898,102,0.102,0.017520540215951057
712,856,144,0.144,0.014332329648495474
722,861,139,0.139,0.014777809199818422
758,879,121,0.121,0.012902802321165823
752,876,124,0.124,0.018926700825175984
808,904,96,0.096,0.015445071150716756
692,846,154,0.154,0.014431120417584367
736,868,132,0.132,0.01258056344994695
740,870,130,0.13,0.010460713283269528
726,863,137,0.137,0.011427114644975703
706,853,147,0.147,0.012804587302088536
742,871,129,0.129,0.01485166124817512
742,871,129,0.129,0.01240202499335237
724,862,138,0.138,0.013344994333376747
756,878,122,0.122,0.010809133591729279
788,894,106,0.106,0.017102665275778067
770,885,115,0.115,0.01687358232592915
782,891,109,0.109,0.01678536771104399
742,871,129,0.129,0.014559049372441705
750,875,125,0.125,0.020294047032075654
700,850,150,0.15,0.01504634920452085
704,852,148,0.148,0.01190928608057409
750,875,125,0.125,0.01656922213325896
738,869,131,0.131,0.012352526373393744
742,871,129,0.129,0.014951935962844403
730,865,135,0.135,0.014285359182486489
682,841,159,0.159,0.012840154066063406
708,854,146,0.146,0.011562523574302971
730,865,135,0.135,0.011752636734378598
728,864,136,0.136,0.012150879971012217
712,856,144,0.144,0.01791877291549379
722,861,139,0.139,0.010777184084027596
710,855,145,0.145,0.013896770571272626
732,866,134,0.134,0.014054181958479746
778,889,111,0.111,0.015866161885760333
756,878,122,0.122,0.014985829384296736
720,860,140,0.14,0.015827895208815775
680,840,160,0.16,0.017869366343761413
784,892,108,0.108,0.01596940689471785
742,871,129,0.129,0.013634388437779876
758,879,121,0.121,0.0193516249062598
666,833,167,0.167,0.02231867877182748
694,847,153,0.153,0.015505129626143628
756,878,122,0.122,0.013713856878056575
734,867,133,0.133,0.015119796090757988
712,856,144,0.144,0.014286866271641415
778,889,111,0.111,0.01428691111921691
732,866,134,0.134,0.014352888487714238
798,899,101,0.101,0.01201185368073176
768,884,116,0.116,0.015582544120299701
716,858,142,0.142,0.01449330112247641
712,856,144,0.144,0.01665586654407062
770,885,115,0.115,0.015616766654656231
716,858,142,0.142,0.016049838335979887
698,849,151,0.151,0.01646283027097242
766,883,117,0.117,0.010675762183416253
734,867,133,0.133,0.0173841456714069
702,851,149,0.149,0.014656982806564585
788,894,106,0.106,0.019122959137059255
768,884,116,0.116,0.01703298168775261
724,862,138,0.138,0.014716815164314724
706,853,147,0.147,0.009184134282669874
744,872,128,0.128,0.017297364939106528
728,864,136,0.136,0.016423444276066918
754,877,123,0.123,0.01546580487662169
776,888,112,0.112,0.016999792125645483
714,857,143,0.143,0.014005162920519993
758,879,121,0.121,0.01367245479224691
672,836,164,0.164,0.015440179132084666
706,853,147,0.147,0.02137268168629426
738,869,131,0.131,0.017896003573033822
798,899,101,0.101,0.012981722117687866
726,863,137,0.137,0.01769318320501918
770,885,115,0.115,0.02019143466073976
732,866,134,0.134,0.014924450149552015
712,856,144,0.144,0.011707883744398571
754,877,123,0.123,0.0081248793052863
770,885,115,0.115,0.013615861947689965
790,895,105,0.105,0.01290198855710787
730,865,135,0.135,0.011419138006170997
704,852,148,0.148,0.013462119167865595
750,875,125,0.125,0.006887181024779239
736,868,132,0.132,0.01018984013192724
762,881,119,0.119,0.014225785714734145
702,851,149,0.149,0.009942957588595603
744,872,128,0.128,0.01153519291605268
702,851,149,0.149,0.00872633061971095
718,859,141,0.141,0.011402781379468109
764,882,118,0.118,0.013309177817422494
748,874,126,0.126,0.009953062167781098
720,860,140,0.14,0.009730765302502902
756,878,122,0.122,0.011566150024910413
742,871,129,0.129,0.016731997127250507
762,881,119,0.119,0.012836716018591914
706,853,147,0.147,0.015723169215869148
738,869,131,0.131,0.013036262974067953
700,850,150,0.15,0.015069683780039839
696,848,152,0.152,0.013519361447361704
728,864,136,0.136,0.009296529381728022
728,864,136,0.136,0.010491229513457228
738,869,131,0.131,0.012413539771171217
712,856,144,0.144,0.009648198981329117
708,854,146,0.146,0.011304225833092858
734,867,133,0.133,0.013619955358245775
764,882,118,0.118,0.011386563321571501
738,869,131,0.131,0.012067107298545352
770,885,115,0.115,0.011476450651654077
702,851,149,0.149,0.01320972154521418
716,858,142,0.142,0.012039619280175558
692,846,154,0.154,0.013759568251251282
740,870,130,0.13,0.010165194557588918
694,847,153,0.153,0.014428131705081938
764,882,118,0.118,0.015764572714236594
700,850,150,0.15,0.019539355185729548
720,860,140,0.14,0.01465809079149392
696,848,152,0.152,0.016746129690306987
736,868,132,0.132,0.019356493235824203
714,857,143,0.143,0.010321959526362534
684,842,158,0.158,0.016704729908675758
774,887,113,0.113,0.012786938544804229
768,884,116,0.116,0.017465766790172723
738,869,131,0.131,0.011763523781014256
772,886,114,0.114,0.013982177170101352
730,865,135,0.135,0.016690089534389215
750,875,125,0.125,0.01341201291809601
708,854,146,0.146,0.010336382011620302
688,844,156,0.156,0.013730436314499243
752,876,124,0.124,0.012278977257344665
760,880,120,0.12,0.01216864061379323
770,885,115,0.115,0.01363814572060356
726,863,137,0.137,0.01357761882869734
694,847,153,0.153,0.011535255185327145
700,850,150,0.15,0.01418955494491216
724,862,138,0.138,0.01218370121954021
810,905,95,0.095,0.011085922060922357
788,894,106,0.106,0.013402347724359458
752,876,124,0.124,0.013851190365534649
728,864,136,0.136,0.012220575462441347
734,867,133,0.133,0.014505615069965856
714,857,143,0.143,0.015047137819243047
750,875,125,0.125,0.014010583572534329
764,882,118,0.118,0.009271562626060657
796,898,102,0.102,0.01216751635678976
682,841,159,0.159,0.012539926418381597
750,875,125,0.125,0.013269698766852968
698,849,151,0.151,0.014678432591732217
752,876,124,0.124,0.013186401110869056
728,864,136,0.136,0.014216857417670242
692,846,154,0.154,0.012522360958065689
746,873,127,0.127,0.014908054862192216
758,879,121,0.121,0.01168402756486229
688,844,156,0.156,0.015002092086868174
744,872,128,0.128,0.01212235394614531
746,873,127,0.127,0.01931318464261126
738,869,131,0.131,0.011467488667989698
724,862,138,0.138,0.009432641934295162
686,843,157,0.157,0.016051077753073344
722,861,139,0.139,0.016344389364093204
712,856,144,0.144,0.01552187584270365
744,872,128,0.128,0.01373156407698076
754,877,123,0.123,0.014082322858660404
726,863,137,0.137,0.014535704909261284
764,882,118,0.118,0.018430312271246776
758,879,121,0.121,0.015746844467632273
750,875,125,0.125,0.023194139256768907
754,877,123,0.123,0.013728643838892494
772,886,114,0.114,0.011496366090730134
760,880,120,0.12,0.011538621650984751
708,854,146,0.146,0.018080067144884183
690,845,155,0.155,0.010161681492152609
782,891,109,0.109,0.012076439490241214
688,844,156,0.156,0.017572577192505677
734,867,133,0.133,0.014004088350038984
736,868,132,0.132,0.01805790247566557
724,862,138,0.138,0.013948414570582273
720,860,140,0.14,0.010635628912139993
808,904,96,0.096,0.012870763735268938
664,832,168,0.168,0.014926281680157544
776,888,112,0.112,0.01285434145625004
720,860,140,0.14,0.013112025000676496
706,853,147,0.147,0.0173749592258211
688,844,156,0.156,0.012496054361987093
726,863,137,0.137,0.015618300317125204
720,860,140,0.14,0.015470476045595219
764,882,118,0.118,0.009922533499835566
728,864,136,0.136,0.013378366078519164
702,851,149,0.149,0.010459379866766056
756,878,122,0.122,0.01919946622687027
774,887,113,0.113,0.012135225246736867
752,876,124,0.124,0.016225775139615577
790,895,105,0.105,0.01671102096701196
778,889,111,0.111,0.012873289044991054
720,860,140,0.14,0.011869299241136616
744,872,128,0.128,0.01600197634218472
756,878,122,0.122,0.0179898682140995
754,877,123,0.123,0.010272924547854757
720,860,140,0.14,0.011406407617130285
746,873,127,0.127,0.015125013422531324
774,887,113,0.113,0.009817625449626732
792,896,104,0.104,0.010282667560394273
706,853,147,0.147,0.011676414543476156
754,877,123,0.123,0.009998332909911624
674,837,163,0.163,0.011106981682693572
686,843,157,0.157,0.012019104911974197
732,866,134,0.134,0.012010658445587935
760,880,120,0.12,0.011621776393947271
746,873,127,0.127,0.010437013943903523
734,867,133,0.133,0.010976537097418571
710,855,145,0.145,0.008592048377975586
714,857,143,0.143,0.015780265929450137
762,881,119,0.119,0.00890149696248227
774,887,113,0.113,0.011387508464583277
760,880,120,0.12,0.012751485425240546
730,865,135,0.135,0.011360037411232853
752,876,124,0.124,0.012232513870965746
708,854,146,0.146,0.008204005285064368
738,869,131,0.131,0.008558840205354003
712,856,144,0.144,0.011132780066943638
732,866,134,0.134,0.010403337220013497
766,883,117,0.117,0.009934205513168677
734,867,133,0.133,0.008024682098961676
708,854,146,0.146,0.00949822967554904
696,848,152,0.152,0.010379383132235645
712,856,144,0.144,0.01329036766968487
732,866,134,0.134,0.011086283769631066
760,880,120,0.12,0.014333726098037446
766,883,117,0.117,0.017559421617744306
784,892,108,0.108,0.013281637098292337
756,878,122,0.122,0.015223683235818783
806,903,97,0.097,0.015446960288542798
762,881,119,0.119,0.018276527544678258
696,848,152,0.152,0.014635638170752599
786,893,107,0.107,0.01530827702930408
696,848,152,0.152,0.009315634077028406
786,893,107,0.107,0.01745880190025187
754,877,123,0.123,0.017394176493205564
718,859,141,0.141,0.010328819346595708
704,852,148,0.148,0.009512572248228239
704,852,148,0.148,0.010162932844233651
738,869,131,0.131,0.013715558359509245
744,872,128,0.128,0.017497208355939053
738,869,131,0.131,0.009899409903524998
724,862,138,0.138,0.008088789820988963
714,857,143,0.143,0.012589881515819386
722,861,139,0.139,0.012925867008455128
730,865,135,0.135,0.017264879442706757
700,850,150,0.15,0.011842798751873246
738,869,131,0.131,0.011426957615800844
716,858,142,0.142,0.014366406323170494
716,858,142,0.142,0.009972302751652591
704,852,148,0.148,0.012730541461563518
704,852,148,0.148,0.014144080090415598
798,899,101,0.101,0.01191537755432958
744,872,128,0.128,0.010995763005395887
758,879,121,0.121,0.0155632371194515
716,858,142,0.142,0.014929050490947064
746,873,127,0.127,0.01569957381755202
744,872,128,0.128,0.01156567133799706
732,866,134,0.134,0.010319811699559707
732,866,134,0.134,0.011005314324442239
722,861,139,0.139,0.007172517416559515
700,850,150,0.15,0.01444178311175176
718,859,141,0.141,0.009743865995020756
712,856,144,0.144,0.011649231366955334
724,862,138,0.138,0.014041487613313919
698,849,151,0.151,0.010597367570713431
692,846,154,0.154,0.01111312244766161
768,884,116,0.116,0.011852113620736161
740,870,130,0.13,0.01497025226815164
720,860,140,0.14,0.011860859834310532
720,860,140,0.14,0.013473395989302701
720,860,140,0.14,0.01712670346437545
728,864,136,0.136,0.013006624219685377
748,874,126,0.126,0.011841863038845943
708,854,146,0.146,0.01226408750960563
716,858,142,0.142,0.01646101208233847
690,845,155,0.155,0.007966317193066175
720,860,140,0.14,0.009835478611526597
690,845,155,0.155,0.013460825034051226
766,883,117,0.117,0.012619055944065777
748,874,126,0.126,0.013902228751163094
768,884,116,0.116,0.009477662174702502
726,863,137,0.137,0.013454222184097092
738,869,131,0.131,0.01160097866843384
738,869,131,0.131,0.011789451697136072
734,867,133,0.133,0.012898947797186153
760,880,120,0.12,0.01144509892480508
736,868,132,0.132,0.011334887386361018
682,841,159,0.159,0.00849166953750867
714,857,143,0.143,0.018444153790079496
716,858,142,0.142,0.0159562918770293
734,867,133,0.133,0.012549800439488877
688,844,156,0.156,0.012892863864680137
720,860,140,0.14,0.01394544414328074
728,864,136,0.136,0.012341351840922912
712,856,144,0.144,0.008517684050283834
776,888,112,0.112,0.010105565228494968
714,857,143,0.143,0.017769022916831374
722,861,139,0.139,0.016329216412159765
670,835,165,0.165,0.013648615959554376
736,868,132,0.132,0.015332264027411838
734,867,133,0.133,0.009035070535508893
744,872,128,0.128,0.019036598847677055
754,877,123,0.123,0.01072521450231416
666,833,167,0.167,0.013909482504130197
746,873,127,0.127,0.01682694349798844
712,856,144,0.144,0.011675413904129642
706,853,147,0.147,0.010757721474993773
760,880,120,0.12,0.015602364729214883
728,864,136,0.136,0.013403729319644384
758,879,121,0.121,0.011397847939960258
738,869,131,0.131,0.014486573181276484
726,863,137,0.137,0.015946208690485703
764,882,118,0.118,0.010976076851966596
694,847,153,0.153,0.012026667898640184
716,858,142,0.142,0.012514496132902678
740,870,130,0.13,0.01482047204750377
742,871,129,0.129,0.009524677657681665
664,832,168,0.168,0.012907772113915058
750,875,125,0.125,0.011044403109282412
682,841,159,0.159,0.014197570515094484
632,816,184,0.184,0.014705647103778047
714,857,143,0.143,0.012133500370755371
740,870,130,0.13,0.01401952618328025
712,856,144,0.144,0.01381465830986734
748,874,126,0.126,0.010812351622446315
714,857,143,0.143,0.015785297369081634
672,836,164,0.164,0.01319371232971902
752,876,124,0.124,0.015720880618678223
764,882,118,0.118,0.012919802885056512
712,856,144,0.144,0.015506786859935687
696,848,152,0.152,0.012623448887810255
690,845,155,0.155,0.015284370098668489
746,873,127,0.127,0.01370297626940551
750,875,125,0.125,0.012192488105085601
730,865,135,0.135,0.015992361819835155
726,863,137,0.137,0.015080255365048586
700,850,150,0.15,0.011609267728514837
686,843,157,0.157,0.015047011231702314
728,864,136,0.136,0.015634142251525235
746,873,127,0.127,0.013216322464418966
722,861,139,0.139,0.014976559681002782
736,868,132,0.132,0.01739354397153332
718,859,141,0.141,0.01473255736061968
738,869,131,0.131,0.014333514082447324
710,855,145,0.145,0.015731675234197495
776,888,112,0.112,0.01341209423399178
742,871,129,0.129,0.01658309286882651
738,869,131,0.131,0.014407471895857327
700,850,150,0.15,0.015008077420325477
680,840,160,0.16,0.015795912411353457
754,877,123,0.123,0.012749739495135486
692,846,154,0.154,0.01573763799846911
788,894,106,0.106,0.016507307777088785
680,840,160,0.16,0.014243200878882334
742,871,129,0.129,0.015758001487508153
728,864,136,0.136,0.01070660739680207
740,870,130,0.13,0.015108065954209736
724,862,138,0.138,0.016391822099373784
736,868,132,0.132,0.014006203721182359
680,840,160,0.16,0.011681871584487169
736,868,132,0.132,0.010311157591179778
702,851,149,0.149,0.013997793569216441
748,874,126,0.126,0.015254678125051995
700,850,150,0.15,0.011084760978674722
686,843,157,0.157,0.01254222566780021
716,858,142,0.142,0.01267700721429145
718,859,141,0.141,0.010312611475468358
722,861,139,0.139,0.012325719790412335
714,857,143,0.143,0.016091275169132203
764,882,118,0.118,0.015299638399833724
726,863,137,0.137,0.016562039973242078
712,856,144,0.144,0.010367541217992184
714,857,143,0.143,0.015515695688466679
724,862,138,0.138,0.013088047949824301
668,834,166,0.166,0.016960853937156642
742,871,129,0.129,0.01058582312089618
698,849,151,0.151,0.012088778300945563
782,891,109,0.109,0.013300041945778475
738,869,131,0.131,0.016757432874815167
706,853,147,0.147,0.008170429414005228
712,856,144,0.144,0.013443249469408386
724,862,138,0.138,0.009217841924371882
736,868,132,0.132,0.011812736965994077
770,885,115,0.115,0.010125403516483004
734,867,133,0.133,0.013421215456019098
712,856,144,0.144,0.01318602202125912
696,848,152,0.152,0.010619042098520637
708,854,146,0.146,0.009379518100469128
728,864,136,0.136,0.014058603286852487
700,850,150,0.15,0.016143546909298208
696,848,152,0.152,0.01331816013546569
720,860,140,0.14,0.015051748855530832
744,872,128,0.128,0.01982135563891234
744,872,128,0.128,0.012413768836901283
736,868,132,0.132,0.00982193752525569
678,839,161,0.161,0.012035130332934855
720,860,140,0.14,0.016698839267825165
762,881,119,0.119,0.013581878568940737
690,845,155,0.155,0.015438487829585994
710,855,145,0.145,0.015395353432628937
716,858,142,0.142,0.013599045961353952
722,861,139,0.139,0.015043724800728612
742,871,129,0.129,0.017155777223752337
724,862,138,0.138,0.015553986830299578
746,873,127,0.127,0.015186741939011029
776,888,112,0.112,0.013674038332376057
712,856,144,0.144,0.016976426956914523
774,887,113,0.113,0.016240903120671547
708,854,146,0.146,0.017601397323746965
702,851,149,0.149,0.010166229520354206
740,870,130,0.13,0.010943840113898972
742,871,129,0.129,0.012524753713087733
744,872,128,0.128,0.011797984886498341
702,851,149,0.149,0.017336856641161646
714,857,143,0.143,0.009448056164775337
724,862,138,0.138,0.014247872938898013
714,857,143,0.143,0.016202969296307913
678,839,161,0.161,0.011998157094330778
762,881,119,0.119,0.01522675089418678
750,875,125,0.125,0.014542152808758715
738,869,131,0.131,0.014827643780453982
764,882,118,0.118,0.021381562725981126
766,883,117,0.117,0.0168634840223031
740,870,130,0.13,0.014788286247649296
694,847,153,0.153,0.01605822219460282
726,863,137,0.137,0.00944024289859476
740,870,130,0.13,0.011324157262019427
680,840,160,0.16,0.014401753430868695
734,867,133,0.133,0.016165664163410098
722,861,139,0.139,0.012495763123965076
744,872,128,0.128,0.012408981541481864
718,859,141,0.141,0.008843794676200929
730,865,135,0.135,0.010138200103589753
762,881,119,0.119,0.014805433663481452
826,913,87,0.087,0.013758364410192556
722,861,139,0.139,0.011250940381717187
742,871,129,0.129,0.01798549128149439
668,834,166,0.166,0.013879400462723453
736,868,132,0.132,0.012936371774196601
738,869,131,0.131,0.013386350991786145
692,846,154,0.154,0.012959156348959909
714,857,143,0.143,0.005760999196277922
748,874,126,0.126,0.010732838115820386
732,866,134,0.134,0.01367557793847179
724,862,138,0.138,0.013224506546244854
718,859,141,0.141,0.013862637065062047
742,871,129,0.129,0.01615469455143038
726,863,137,0.137,0.016019656036378307
720,860,140,0.14,0.00903697404540577
760,880,120,0.12,0.009284972031133407
656,828,172,0.172,0.01283331246141296
740,870,130,0.13,0.01384723440569789
740,870,130,0.13,0.013725368222502596
726,863,137,0.137,0.009574126383005178
738,869,131,0.131,0.00932234642530699
752,876,124,0.124,0.014365061605516843
708,854,146,0.146,0.01409668909074385
766,883,117,0.117,0.016333491871021465
734,867,133,0.133,0.012261170496241036
720,860,140,0.14,0.013558960873387918
758,879,121,0.121,0.011690109286357555
722,861,139,0.139,0.013425721375489048
706,853,147,0.147,0.013362177437327134
742,871,129,0.129,0.012557474266630137
758,879,121,0.121,0.014040787402960603
720,860,140,0.14,0.013786384509665765
736,868,132,0.132,0.011986185867688789
718,859,141,0.141,0.01613589863705333
736,868,132,0.132,0.02122955700899101
688,844,156,0.156,0.01568310422879938
726,863,137,0.137,0.02092070053806097
700,850,150,0.15,0.013915943709430252
726,863,137,0.137,0.009938671699065836
714,857,143,0.143,0.015217734561583469
712,856,144,0.144,0.016286270927474474
720,860,140,0.14,0.014266819207808638
730,865,135,0.135,0.01653865756984932
708,854,146,0.146,0.01218583568309485
722,861,139,0.139,0.011598819646374053
734,867,133,0.133,0.020794896360425596
712,856,144,0.144,0.013626655106459907
696,848,152,0.152,0.011056029066123543
762,881,119,0.119,0.012438657396797935
706,853,147,0.147,0.012317682072107374
742,871,129,0.129,0.009171784213405303
694,847,153,0.153,0.01579593741953464
694,847,153,0.153,0.009709766809299096
770,885,115,0.115,0.018649593410751036
736,868,132,0.132,0.014339494460397959
604,802,198,0.198,0.01284210490608625
762,881,119,0.119,0.013100665527005503
762,881,119,0.119,0.013411858162023832
778,889,111,0.111,0.01613992227368982
708,854,146,0.146,0.013116264347963124
738,869,131,0.131,0.012602351638917824
700,850,150,0.15,0.013527525449206181
724,862,138,0.138,0.015976604671468435
718,859,141,0.141,0.01411915918873747
738,869,131,0.131,0.010531774514435497
744,872,128,0.128,0.014433274038806659
732,866,134,0.134,0.016297839552272465
782,891,109,0.109,0.015498659334458537
746,873,127,0.127,0.020939775083243687
740,870,130,0.13,0.011826465986021589
744,872,128,0.128,0.013471428582968712
694,847,153,0.153,0.011539705981426892
736,868,132,0.132,0.013474159788431734
716,858,142,0.142,0.01492646764605054
720,860,140,0.14,0.015495730287865257
690,845,155,0.155,0.022294562780814587
746,873,127,0.127,0.01696286155060018
742,871,129,0.129,0.014252428288571864
750,875,125,0.125,0.011238359873201603
762,881,119,0.119,0.012650204389863844
760,880,120,0.12,0.011074965043631578
712,856,144,0.144,0.013799523848584285
732,866,134,0.134,0.010949869171306517
734,867,133,0.133,0.01751259516314053
714,857,143,0.143,0.009817932972806233
762,881,119,0.119,0.011797997108548983
712,856,144,0.144,0.01628664449517197
746,873,127,0.127,0.02054089135205548
716,858,142,0.142,0.014205444037255531
714,857,143,0.143,0.014296489183813406
754,877,123,0.123,0.010746950287128612
718,859,141,0.141,0.01845471293316642
706,853,147,0.147,0.014906916688076635
716,858,142,0.142,0.011741878392416907
744,872,128,0.128,0.016825677454114795
714,857,143,0.143,0.013406904357657708
710,855,145,0.145,0.019203251833996474
758,879,121,0.121,0.01685286893625944
668,834,166,0.166,0.01891301650226791
736,868,132,0.132,0.015317696694966259
718,859,141,0.141,0.013933138071037632
728,864,136,0.136,0.015041361998399352
694,847,153,0.153,0.011916755952900829
716,858,142,0.142,0.01384939164232604
708,854,146,0.146,0.01565688261113361
670,835,165,0.165,0.012464816090116357
732,866,134,0.134,0.013760695638161962
708,854,146,0.146,0.013523350752874492
760,880,120,0.12,0.014001716329512278
790,895,105,0.105,0.018026806562572262
710,855,145,0.145,0.013925602550718879
722,861,139,0.139,0.013717328947589579
716,858,142,0.142,0.01786500450692239
778,889,111,0.111,0.02161075913117618
754,877,123,0.123,0.014196271888521267
718,859,141,0.141,0.01650238474910472
794,897,103,0.103,0.013009672188122948
694,847,153,0.153,0.019076972404488343
744,872,128,0.128,0.01244512114135199
700,850,150,0.15,0.017664494376142374
724,862,138,0.138,0.011912255776188445
826,913,87,0.087,0.011481389377660505
692,846,154,0.154,0.01681186497191915
706,853,147,0.147,0.012543354012441839
712,856,144,0.144,0.012270467736223879
758,879,121,0.121,0.011176155322974226
748,874,126,0.126,0.014051231804875074
716,858,142,0.142,0.00981181490314215
744,872,128,0.128,0.013263962281083536
732,866,134,0.134,0.01480845932237925
718,859,141,0.141,0.01205550674849438
742,871,129,0.129,0.013219665601143306
726,863,137,0.137,0.017400497131808038
754,877,123,0.123,0.015421987540655465
710,855,145,0.145,0.013838431215720391
724,862,138,0.138,0.012054554725793337
784,892,108,0.108,0.013075696997263237
742,871,129,0.129,0.0165219759623088
722,861,139,0.139,0.01580780444249892
748,874,126,0.126,0.02564679459321107
722,861,139,0.139,0.01934607298497545
698,849,151,0.151,0.013958589134870024
768,884,116,0.116,0.016011511135499673
766,883,117,0.117,0.018491607439639495
732,866,134,0.134,0.015467672073819614
696,848,152,0.152,0.012429647138525695
756,878,122,0.122,0.013919839495170378
808,904,96,0.096,0.01714589296963814
686,843,157,0.157,0.018642445598549245
768,884,116,0.116,0.014665384155458724
754,877,123,0.123,0.010906297918190517
720,860,140,0.14,0.02131985236981538
728,864,136,0.136,0.019529498755768458
678,839,161,0.161,0.015482935977621083
684,842,158,0.158,0.01861275630180603
766,883,117,0.117,0.018775602944575708
712,856,144,0.144,0.014538504738354675
708,854,146,0.146,0.01777735937755121
774,887,113,0.113,0.01518939799675293
802,901,99,0.099,0.017469189003372933
690,845,155,0.155,0.01607697837675579
752,876,124,0.124,0.020445548534544045
700,850,150,0.15,0.01281212031737293
702,851,149,0.149,0.011975334675744988
758,879,121,0.121,0.018496374476035058
682,841,159,0.159,0.012515769311926163
792,896,104,0.104,0.013613437937792582
718,859,141,0.141,0.013889770984827323
748,874,126,0.126,0.018225173739689283
774,887,113,0.113,0.02739796561535624
730,865,135,0.135,0.019006149680337883
660,830,170,0.17,0.013379551500235379
666,833,167,0.167,0.01947869814542406
716,858,142,0.142,0.014735610485483932
750,875,125,0.125,0.017485104974633302
730,865,135,0.135,0.01822491026283963
748,874,126,0.126,0.01958049768594151
682,841,159,0.159,0.014982175233035534
668,834,166,0.166,0.017501122971039878
724,862,138,0.138,0.016058028585666562
740,870,130,0.13,0.012203463358447209
736,868,132,0.132,0.011070455417306932
740,870,130,0.13,0.016533527373409258
734,867,133,0.133,0.013802036200045834
740,870,130,0.13,0.016965711067556427
708,854,146,0.146,0.01725487176399966
702,851,149,0.149,0.01103273877514323
768,884,116,0.116,0.01498868810844769
692,846,154,0.154,0.013412876485219527
712,856,144,0.144,0.014166113084752225
720,860,140,0.14,0.015875267367786605
728,864,136,0.136,0.01300314752990188
766,883,117,0.117,0.018512221503758242
768,884,116,0.116,0.017821990544136353
724,862,138,0.138,0.014114144161144792
714,857,143,0.143,0.011001944797481783
712,856,144,0.144,0.01323972361073777
760,880,120,0.12,0.014411506206633475
742,871,129,0.129,0.017963168536680712
682,841,159,0.159,0.015779266421156252
682,841,159,0.159,0.01380473245847415
740,870,130,0.13,0.0172202027118188
712,856,144,0.144,0.011413274505214645
756,878,122,0.122,0.014942505021198144
722,861,139,0.139,0.011941501316256705
750,875,125,0.125,0.014549984408112152
726,863,137,0.137,0.01745752601284994
748,874,126,0.126,0.015296697253978407
736,868,132,0.132,0.018015741952894116
742,871,129,0.129,0.01714748996761155
688,844,156,0.156,0.016912972500945686
710,855,145,0.145,0.014707605190222623
762,881,119,0.119,0.01606219692664699
730,865,135,0.135,0.01633105319679822
756,878,122,0.122,0.014552957012539223
690,845,155,0.155,0.01601971869994834
746,873,127,0.127,0.013806966800463755
696,848,152,0.152,0.02227364258794529
682,841,159,0.159,0.016297893218779946
726,863,137,0.137,0.021715970347091443
740,870,130,0.13,0.019908706836979945
732,866,134,0.134,0.020821113470131793
720,860,140,0.14,0.013786377877359129
740,870,130,0.13,0.02013890130205718
742,871,129,0.129,0.021177099295964723
730,865,135,0.135,0.019382083882781218
732,866,134,0.134,0.017714332838830785
736,868,132,0.132,0.015759823719616536
742,871,129,0.129,0.013126439814884434
728,864,136,0.136,0.016800625527926896
726,863,137,0.137,0.01183598988871003
694,847,153,0.153,0.019717929502667913
754,877,123,0.123,0.01613113758447662
706,853,147,0.147,0.01600434789298839
742,871,129,0.129,0.017533686983749023
780,890,110,0.11,0.016003031622565573
642,821,179,0.179,0.019347333108745972
730,865,135,0.135,0.02024085759007616
738,869,131,0.131,0.016020471957502308
738,869,131,0.131,0.013574827206714105
732,866,134,0.134,0.014473748559774293
696,848,152,0.152,0.013288202724486083
760,880,120,0.12,0.01277479411725254
736,868,132,0.132,0.013100640029829492
722,861,139,0.139,0.014266165281982011
714,857,143,0.143,0.011676094321135451
766,883,117,0.117,0.011608558225056612
758,879,121,0.121,0.01730796799481314
794,897,103,0.103,0.012471859238143552
742,871,129,0.129,0.01495675972735721
728,864,136,0.136,0.011421496386400606
716,858,142,0.142,0.014162287372882047
746,873,127,0.127,0.009182054642441557
722,861,139,0.139,0.012622927941706209
724,862,138,0.138,0.012693926197285734
728,864,136,0.136,0.013894955362703002
740,870,130,0.13,0.014002874058885936
674,837,163,0.163,0.018236585690737415
730,865,135,0.135,0.01051193291432449
744,872,128,0.128,0.011868789799615868
740,870,130,0.13,0.015457951378068885
694,847,153,0.153,0.013001647154010953
714,857,143,0.143,0.013969802931141188
694,847,153,0.153,0.016121067577539477
734,867,133,0.133,0.016440592939921613
750,875,125,0.125,0.01102272742341124
760,880,120,0.12,0.011272223513569173
712,856,144,0.144,0.014050568146060257
722,861,139,0.139,0.014701391585403442
692,846,154,0.154,0.013266623645430882
740,870,130,0.13,0.01482092897923924
726,863,137,0.137,0.014721149626637285
798,899,101,0.101,0.012728077564374388
702,851,149,0.149,0.014185213947268977
782,891,109,0.109,0.013498257096830798
656,828,172,0.172,0.012475578988472591
676,838,162,0.162,0.01684065565307877
740,870,130,0.13,0.010307546512402297
760,880,120,0.12,0.012180566933592957
760,880,120,0.12,0.011608221627296345
790,895,105,0.105,0.015982972152845762
676,838,162,0.162,0.0129914361792233
748,874,126,0.126,0.012016185058557198
734,867,133,0.133,0.013012158217248895
724,862,138,0.138,0.009733935171660874
718,859,141,0.141,0.011690211657824008
766,883,117,0.117,0.0158174849353786
746,873,127,0.127,0.015314269883951013
730,865,135,0.135,0.010528627422282895
730,865,135,0.135,0.01621370864161932
684,842,158,0.158,0.016863936864745924
678,839,161,0.161,0.013607093034062842
694,847,153,0.153,0.011800298253986667
696,848,152,0.152,0.010789488375054787
740,870,130,0.13,0.014159850402678075
828,914,86,0.086,0.0174465292716732
754,877,123,0.123,0.014779285739278123
724,862,138,0.138,0.015776552171337627
778,889,111,0.111,0.014749857177432858
700,850,150,0.15,0.014803093352099552
728,864,136,0.136,0.0131019967993618
726,863,137,0.137,0.01227337805922521
772,886,114,0.114,0.016495774694461018
748,874,126,0.126,0.012391083280699676
736,868,132,0.132,0.02227718702134314
734,867,133,0.133,0.015393266566605932
682,841,159,0.159,0.01962656263248462
812,906,94,0.094,0.014361474700396528
722,861,139,0.139,0.013208989850830492
704,852,148,0.148,0.020495185872297768
740,870,130,0.13,0.014508333258183242
728,864,136,0.136,0.015463281930243952
748,874,126,0.126,0.015909584598657572
718,859,141,0.141,0.011546771966232086
790,895,105,0.105,0.013690698529650405
732,866,134,0.134,0.016296329605175332
758,879,121,0.121,0.010896483079756976
748,874,126,0.126,0.008072714611574739
684,842,158,0.158,0.010998452275323999
754,877,123,0.123,0.015854726179902544
766,883,117,0.117,0.014069403938765617
732,866,134,0.134,0.012521044136009365
764,882,118,0.118,0.010723179577454502
728,864,136,0.136,0.019363947839095914
704,852,148,0.148,0.011915092421002953
692,846,154,0.154,0.016661542196491255
700,850,150,0.15,0.0143836396160102
690,845,155,0.155,0.011011552098836362
724,862,138,0.138,0.013906463988766575
722,861,139,0.139,0.011567142216795417
736,868,132,0.132,0.01218124271409775
716,858,142,0.142,0.013420077307496812
726,863,137,0.137,0.013356370975619087
684,842,158,0.158,0.013912467272307737
750,875,125,0.125,0.011608023157306888
748,874,126,0.126,0.010517738568244653
752,876,124,0.124,0.011809363183229095
756,878,122,0.122,0.013313113107855785
784,892,108,0.108,0.015948556693634344
700,850,150,0.15,0.0140144577041429
726,863,137,0.137,0.014175006073967865
736,868,132,0.132,0.013646702575274701
744,872,128,0.128,0.009673865918271915
716,858,142,0.142,0.016673781008802364
690,845,155,0.155,0.016889863510293764
740,870,130,0.13,0.016662486089737895
774,887,113,0.113,0.01304140690484057
714,857,143,0.143,0.019967418394429302
782,891,109,0.109,0.015220338776853054
736,868,132,0.132,0.013564958373564792
740,870,130,0.13,0.009521262052559421
738,869,131,0.131,0.01604902174085582
770,885,115,0.115,0.012580533739103218
778,889,111,0.111,0.011152442729451722
738,869,131,0.131,0.013372977817777297
710,855,145,0.145,0.014761950945430414
732,866,134,0.134,0.00984531505083669
754,877,123,0.123,0.020270366825559508
766,883,117,0.117,0.013551796377624313
686,843,157,0.157,0.011548662840535542
770,885,115,0.115,0.015163398320551948
712,856,144,0.144,0.01508502068819051
750,875,125,0.125,0.015281693411295918
694,847,153,0.153,0.017224320151954898
760,880,120,0.12,0.016722636692339806
742,871,129,0.129,0.011038238867400338
760,880,120,0.12,0.016963021955501773
694,847,153,0.153,0.00982143499280511
702,851,149,0.149,0.012954365695690513
782,891,109,0.109,0.009769591054112056
712,856,144,0.144,0.011953728056404784
760,880,120,0.12,0.011736532033224363
740,870,130,0.13,0.016344386957355597
768,884,116,0.116,0.012544970348827292
720,860,140,0.14,0.011364597714091332
698,849,151,0.151,0.01550701852713297
742,871,129,0.129,0.020029506300124168
772,886,114,0.114,0.01991677993755549
704,852,148,0.148,0.014092316786438516
686,843,157,0.157,0.013794692993657577
714,857,143,0.143,0.013132820674566077
748,874,126,0.126,0.018181172626353145
716,858,142,0.142,0.012829042663631128
728,864,136,0.136,0.015248778186148868
754,877,123,0.123,0.013373238532363331
772,886,114,0.114,0.015166825089216147
710,855,145,0.145,0.0101930457507829
728,864,136,0.136,0.015628998675499134
768,884,116,0.116,0.012128964692872913
796,898,102,0.102,0.0137820515152884
694,847,153,0.153,0.012260805954144957
694,847,153,0.153,0.012564604175116869
726,863,137,0.137,0.008920172014790638
736,868,132,0.132,0.010416832426068452
746,873,127,0.127,0.009486174005004188
824,912,88,0.088,0.018915984917032915
684,842,158,0.158,0.016435636761483012
740,870,130,0.13,0.015091950414153373
694,847,153,0.153,0.011633741830911632
760,880,120,0.12,0.010740692276723736
744,872,128,0.128,0.008814431161358157
714,857,143,0.143,0.008300313022481234
774,887,113,0.113,0.014750762122499822
716,858,142,0.142,0.015592735730925653
770,885,115,0.115,0.012818973282766948
748,874,126,0.126,0.014108064889310384
720,860,140,0.14,0.010683053994656504
748,874,126,0.126,0.01013044135907478
706,853,147,0.147,0.013451511870949546
744,872,128,0.128,0.013810809822201392
776,888,112,0.112,0.013991503531284906
724,862,138,0.138,0.01456263830612086
772,886,114,0.114,0.011435125495754761
720,860,140,0.14,0.01287051073409647
688,844,156,0.156,0.016318547523326798
774,887,113,0.113,0.019015429592091564
746,873,127,0.127,0.016288318643577496
754,877,123,0.123,0.01535253962237779
752,876,124,0.124,0.018178830445009155
684,842,158,0.158,0.010045927299558458
742,871,129,0.129,0.010451279972437305
738,869,131,0.131,0.017265237583546138
794,897,103,0.103,0.0171066828133243
754,877,123,0.123,0.01237186046931457
744,872,128,0.128,0.015234283710994091
734,867,133,0.133,0.009932599063472821
728,864,136,0.136,0.015490034856874857
688,844,156,0.156,0.014118064841528338
742,871,129,0.129,0.01515885293762365
690,845,155,0.155,0.011387658269748087
706,853,147,0.147,0.019680250308249995
702,851,149,0.149,0.008485158699154368
740,870,130,0.13,0.011866526506763037
712,856,144,0.144,0.018829918601786275
812,906,94,0.094,0.011157423485055289
718,859,141,0.141,0.016487855092571578
724,862,138,0.138,0.015153071986940802
706,853,147,0.147,0.01205804559854937
718,859,141,0.141,0.012033858652816306
698,849,151,0.151,0.012732823201299382
766,883,117,0.117,0.015345902475124504
688,844,156,0.156,0.014121631646408674
732,866,134,0.134,0.011304818962915164
722,861,139,0.139,0.012220127078193926
726,863,137,0.137,0.011681196412684614
674,837,163,0.163,0.011176840441324658
748,874,126,0.126,0.00919791359254171
740,870,130,0.13,0.011282990464775124
684,842,158,0.158,0.013979679082797646
752,876,124,0.124,0.012507879485518757
746,873,127,0.127,0.015070902720639098
740,870,130,0.13,0.013649459549522135
718,859,141,0.141,0.014688786314273202
798,899,101,0.101,0.013341913976636846
698,849,151,0.151,0.012707516346427425
802,901,99,0.099,0.014509438015064973
730,865,135,0.135,0.013075662345491438
758,879,121,0.121,0.012974116631408676
738,869,131,0.131,0.012429543998062328
746,873,127,0.127,0.011577140664044989
796,898,102,0.102,0.009816283410662862
710,855,145,0.145,0.01170173368741041
768,884,116,0.116,0.009933455289075412
716,858,142,0.142,0.01293904769091192
706,853,147,0.147,0.013559687424558263
756,878,122,0.122,0.01230856079053332
666,833,167,0.167,0.00825117152805717
750,875,125,0.125,0.010918486528599941
708,854,146,0.146,0.011192812501389142
724,862,138,0.138,0.010226663972689592
788,894,106,0.106,0.013976732059079709
688,844,156,0.156,0.013727901289498632
696,848,152,0.152,0.012332356721729838
758,879,121,0.121,0.012468108079846914
744,872,128,0.128,0.01298799467298457
722,861,139,0.139,0.010944893145410972
736,868,132,0.132,0.01173945630703068
730,865,135,0.135,0.013434778124025853
752,876,124,0.124,0.018458937815940844
748,874,126,0.126,0.013925811983190784
712,856,144,0.144,0.015224463025464957
708,854,146,0.146,0.011727365680486941
716,858,142,0.142,0.015577659175492429
754,877,123,0.123,0.011000146899888492
710,855,145,0.145,0.012405822218828633
678,839,161,0.161,0.009423934376100845
706,853,147,0.147,0.012866721643472275
750,875,125,0.125,0.012133311051935252
710,855,145,0.145,0.011893229013285263
708,854,146,0.146,0.011262306427757223
760,880,120,0.12,0.01337150923860517
766,883,117,0.117,0.017313905069186675
718,859,141,0.141,0.011740733133834596
730,865,135,0.135,0.014925251458894777
692,846,154,0.154,0.014560415677906861
750,875,125,0.125,0.016093354096808087
714,857,143,0.143,0.018856088684424746
722,861,139,0.139,0.010651651359424108
722,861,139,0.139,0.013435628972240224
740,870,130,0.13,0.014634792753454704
686,843,157,0.157,0.012772127684170926
754,877,123,0.123,0.012514963095497095
686,843,157,0.157,0.012380208626663275
734,867,133,0.133,0.015181043685519242
676,838,162,0.162,0.012744290443729753
744,872,128,0.128,0.012168109592035065
706,853,147,0.147,0.00960499327619081
740,870,130,0.13,0.010299666433286461
796,898,102,0.102,0.013813445460945147
718,859,141,0.141,0.013038078876147068
692,846,154,0.154,0.007572343491513621
780,890,110,0.11,0.011308431959691318
732,866,134,0.134,0.010078311391189814
684,842,158,0.158,0.007741860748135622
710,855,145,0.145,0.013334059795387262
714,857,143,0.143,0.009804368366956211
710,855,145,0.145,0.014177417251105297
724,862,138,0.138,0.012910165520956682
758,879,121,0.121,0.013466243847835287
720,860,140,0.14,0.009681258849999508
772,886,114,0.114,0.0169104545408065
766,883,117,0.117,0.012240216474910824
752,876,124,0.124,0.009679545391320274
742,871,129,0.129,0.008018429518215214
720,860,140,0.14,0.011180922058150841
720,860,140,0.14,0.019555735495768643
774,887,113,0.113,0.01628682216683498
694,847,153,0.153,0.013089402573493232
744,872,128,0.128,0.011616541285218716
764,882,118,0.118,0.012249677296200872
738,869,131,0.131,0.011766936517092205
710,855,145,0.145,0.011653590904806891
752,876,124,0.124,0.011759381226164692
766,883,117,0.117,0.013817851175861392
760,880,120,0.12,0.014344498013588705
746,873,127,0.127,0.009384143264424168
766,883,117,0.117,0.011781986507386448
742,871,129,0.129,0.010869475361611435
774,887,113,0.113,0.008364090004235962
760,880,120,0.12,0.00957035025988607
718,859,141,0.141,0.008357020948744805
748,874,126,0.126,0.011030260760338138
734,867,133,0.133,0.00896540988438923
692,846,154,0.154,0.0095612477629617
736,868,132,0.132,0.011269762686487297
708,854,146,0.146,0.011797204339123724
710,855,145,0.145,0.013218406805797158
764,882,118,0.118,0.009609663085859282
750,875,125,0.125,0.010307307380572952
774,887,113,0.113,0.013261288237924176
746,873,127,0.127,0.008789863492624292
672,836,164,0.164,0.006913150122098713
662,831,169,0.169,0.0133117564735456
768,884,116,0.116,0.008987781259206372
742,871,129,0.129,0.01296608795262081
786,893,107,0.107,0.01189359549167645
630,815,185,0.185,0.010977079200312304
736,868,132,0.132,0.012236984994785373
780,890,110,0.11,0.01403285245317744
756,878,122,0.122,0.009623365679477048
736,868,132,0.132,0.008876279525165572
760,880,120,0.12,0.010512955787823046
724,862,138,0.138,0.010277198030493992
760,880,120,0.12,0.01374938692022495
684,842,158,0.158,0.010024595980348976
722,861,139,0.139,0.013446868042805989
666,833,167,0.167,0.011476380348000574
724,862,138,0.138,0.010504386058648806
712,856,144,0.144,0.012085454353597811
678,839,161,0.161,0.010937035636248097
738,869,131,0.131,0.01201361220141611
742,871,129,0.129,0.014375517613953889
730,865,135,0.135,0.011063836900845274
808,904,96,0.096,0.010484132830331902
694,847,153,0.153,0.014556360175234076
726,863,137,0.137,0.009082962059750784
728,864,136,0.136,0.010512023922795037
694,847,153,0.153,0.00910589956259325
768,884,116,0.116,0.007321417995243123
672,836,164,0.164,0.010582941240058446
780,890,110,0.11,0.01015845678145439
756,878,122,0.122,0.012915154002250191
740,870,130,0.13,0.009349775807724968
734,867,133,0.133,0.012385015950468557
752,876,124,0.124,0.008463980995138627
726,863,137,0.137,0.01613291372089499
746,873,127,0.127,0.012162014971810152
736,868,132,0.132,0.0115098849044645
736,868,132,0.132,0.012303317038060983
758,879,121,0.121,0.009965969355609587
700,850,150,0.15,0.012804480406890605
726,863,137,0.137,0.011140620750113982
794,897,103,0.103,0.010680499437398254
710,855,145,0.145,0.019743797154897193
728,864,136,0.136,0.008169924708100112
692,846,154,0.154,0.012029511494192093
698,849,151,0.151,0.01333329184552305
776,888,112,0.112,0.01295412268421363
726,863,137,0.137,0.014484211387221294
778,889,111,0.111,0.013009257548110241
754,877,123,0.123,0.01384607231240416
782,891,109,0.109,0.013152381583273807
808,904,96,0.096,0.014787459142836922
770,885,115,0.115,0.012311954639319339
742,871,129,0.129,0.011975282722226694
716,858,142,0.142,0.011392577838648848
708,854,146,0.146,0.008635134520536525
708,854,146,0.146,0.0089479813526428
724,862,138,0.138,0.009675381286343921
774,887,113,0.113,0.012355455644120283
744,872,128,0.128,0.008728726171354567
750,875,125,0.125,0.012827315455239869
718,859,141,0.141,0.010100729289997916
710,855,145,0.145,0.011095936729893424
716,858,142,0.142,0.00921509241265818
674,837,163,0.163,0.006972071571914143
732,866,134,0.134,0.007176787648876825
750,875,125,0.125,0.010292401951410127
760,880,120,0.12,0.006564512942119279
680,840,160,0.16,0.009342811871285392
746,873,127,0.127,0.014464774991215023
716,858,142,0.142,0.010383030442020881
660,830,170,0.17,0.013742796738032937
694,847,153,0.153,0.015653999907663176
674,837,163,0.163,0.009300405728571633
726,863,137,0.137,0.01033794616871269
716,858,142,0.142,0.013165753619192387
770,885,115,0.115,0.00929882814915888
666,833,167,0.167,0.01158890856457019
722,861,139,0.139,0.010217336033816707
748,874,126,0.126,0.009668623016851412
760,880,120,0.12,0.011637079022338768
754,877,123,0.123,0.01395442553934791
736,868,132,0.132,0.012356511661136793
740,870,130,0.13,0.011714150256726086
740,870,130,0.13,0.013037547941489876
746,873,127,0.127,0.010673366995101106
702,851,149,0.149,0.016263106510642972
652,826,174,0.174,0.014494768856124494
792,896,104,0.104,0.009953537129007274
748,874,126,0.126,0.009119765241746179
758,879,121,0.121,0.014944896585698898
712,856,144,0.144,0.014376528443393141
766,883,117,0.117,0.010822101770093425
712,856,144,0.144,0.014195218169954331
742,871,129,0.129,0.009911942766687972
694,847,153,0.153,0.013755642323015564
766,883,117,0.117,0.013018672731839374
672,836,164,0.164,0.008773734407432215
772,886,114,0.114,0.013550393279233077
700,850,150,0.15,0.0112522476273826
766,883,117,0.117,0.011369054182432422
712,856,144,0.144,0.011941692346299462
700,850,150,0.15,0.013670710804814249
734,867,133,0.133,0.014634204902954081
722,861,139,0.139,0.010299907984362278
746,873,127,0.127,0.008701210918360189
738,869,131,0.131,0.0072245540294381665
730,865,135,0.135,0.012656241076344159
730,865,135,0.135,0.006741794045274915
716,858,142,0.142,0.012468932416924745
750,875,125,0.125,0.011516328812511687
706,853,147,0.147,0.010563756921018708
732,866,134,0.134,0.012376401757764086
754,877,123,0.123,0.007657127299448632
744,872,128,0.128,0.008755404192400021
688,844,156,0.156,0.01283435241756719
732,866,134,0.134,0.010402801588375808
744,872,128,0.128,0.012631313847075347
686,843,157,0.157,0.010696103906039894
756,878,122,0.122,0.012361460186708086
692,846,154,0.154,0.006785780612935398
732,866,134,0.134,0.011218617858378892
670,835,165,0.165,0.005671723868809366
722,861,139,0.139,0.009360622635994388
750,875,125,0.125,0.008662506532665077
722,861,139,0.139,0.009690537737971952
760,880,120,0.12,0.014610961931184406
738,869,131,0.131,0.00694350018343826
770,885,115,0.115,0.007442047423922148
798,899,101,0.101,0.011788620398355534
692,846,154,0.154,0.008336565432562452
706,853,147,0.147,0.011296380549645733
754,877,123,0.123,0.008497205343402058
780,890,110,0.11,0.011177764547997227
714,857,143,0.143,0.0105096790476763
736,868,132,0.132,0.01087515555991989
712,856,144,0.144,0.008563844110440002
746,873,127,0.127,0.009177402978614623
764,882,118,0.118,0.008838374965007773
764,882,118,0.118,0.005382606143998544
694,847,153,0.153,0.004870749078265206
756,878,122,0.122,0.008963605601973356
744,872,128,0.128,0.007986984493653239
712,856,144,0.144,0.007377537742983805
750,875,125,0.125,0.007985510376123415
712,856,144,0.144,0.008497732612746134
802,901,99,0.099,0.00915640650544826
734,867,133,0.133,0.011572841853350724
732,866,134,0.134,0.008105677669928823
760,880,120,0.12,0.008027166980881233
688,844,156,0.156,0.013452412803297007
752,876,124,0.124,0.011734880138297939
726,863,137,0.137,0.010202414912040126
734,867,133,0.133,0.008852331139319375
778,889,111,0.111,0.010142461127284917
726,863,137,0.137,0.009734166858299602
694,847,153,0.153,0.008784241661281285
724,862,138,0.138,0.013240369812299164
730,865,135,0.135,0.00944084530249586
742,871,129,0.129,0.008338492036321752
748,874,126,0.126,0.006669553773170165
724,862,138,0.138,0.008298511106321925
738,869,131,0.131,0.008055469664190469
728,864,136,0.136,0.010690085401131044
760,880,120,0.12,0.008006644449128473
706,853,147,0.147,0.009156648047570087
768,884,116,0.116,0.006820564408174107
764,882,118,0.118,0.008352898918854847
742,871,129,0.129,0.008396343646289254
738,869,131,0.131,0.010035645114173718
732,866,134,0.134,0.010233751014031697
722,861,139,0.139,0.00774341072409554
754,877,123,0.123,0.009546264655688376
722,861,139,0.139,0.01024501736397076
728,864,136,0.136,0.008399568021157221
630,815,185,0.185,0.010349463496796517
704,852,148,0.148,0.007753146595204015
698,849,151,0.151,0.01303946062736118
756,878,122,0.122,0.009874501922121765
672,836,164,0.164,0.006755432248967651
708,854,146,0.146,0.011052282453087202
724,862,138,0.138,0.010077942857666415
742,871,129,0.129,0.007592633539938816
750,875,125,0.125,0.007656406419680636
724,862,138,0.138,0.008745245109920063
680,840,160,0.16,0.009262954000986156
750,875,125,0.125,0.009463115443939471
656,828,172,0.172,0.0076398099143679165
726,863,137,0.137,0.010716596413190444
712,856,144,0.144,0.009231752565596864
736,868,132,0.132,0.010513893542524428
760,880,120,0.12,0.011361873230400547
752,876,124,0.124,0.012845246351328313
634,817,183,0.183,0.010959490546163507
708,854,146,0.146,0.008740658215030877
754,877,123,0.123,0.012022923417545385
710,855,145,0.145,0.009755702871033648
686,843,157,0.157,0.009257571223763663
704,852,148,0.148,0.01595543668463026
734,867,133,0.133,0.012000193381617024
688,844,156,0.156,0.00963697097219412
768,884,116,0.116,0.010315064653751775
684,842,158,0.158,0.0078306538289538
748,874,126,0.126,0.012725211079375114
700,850,150,0.15,0.010515832203867972
690,845,155,0.155,0.009139091009299462
746,873,127,0.127,0.011306220327916634
742,871,129,0.129,0.011280272256676568
746,873,127,0.127,0.01224032164816694
748,874,126,0.126,0.010495277059209825
762,881,119,0.119,0.009083291073101563
654,827,173,0.173,0.010009590699179753
740,870,130,0.13,0.014251288707194405
782,891,109,0.109,0.01331113912281549
732,866,134,0.134,0.010415351079789673
752,876,124,0.124,0.010586282604825782
740,870,130,0.13,0.009730877092742276
774,887,113,0.113,0.011781814369936826
670,835,165,0.165,0.007043934629724461
756,878,122,0.122,0.009403474354055462
696,848,152,0.152,0.008868600975403311
702,851,149,0.149,0.013909849969943934
696,848,152,0.152,0.006919224139290165
704,852,148,0.148,0.009259417164459037
726,863,137,0.137,0.01075356047419251
748,874,126,0.126,0.007457310671464697
734,867,133,0.133,0.011627786242168427
718,859,141,0.141,0.009074020337962537
686,843,157,0.157,0.010362345079121638
730,865,135,0.135,0.009671490387051264
748,874,126,0.126,0.009541227956234395
762,881,119,0.119,0.005815515910833298
752,876,124,0.124,0.008354154689976894
778,889,111,0.111,0.010729440705206657
760,880,120,0.12,0.007885659784291121
724,862,138,0.138,0.00889951932228982
756,878,122,0.122,0.010631315263908434
704,852,148,0.148,0.010129628134878771
748,874,126,0.126,0.009338978540252852
784,892,108,0.108,0.007685566465572464
702,851,149,0.149,0.008470248394042954
734,867,133,0.133,0.008452192031143368
766,883,117,0.117,0.004833341591496037
708,854,146,0.146,0.010558297752713315
672,836,164,0.164,0.00860062521718396
714,857,143,0.143,0.007100694627156542
690,845,155,0.155,0.009527232733606653
728,864,136,0.136,0.007613551628968963
780,890,110,0.11,0.009904605023524284
720,860,140,0.14,0.008910350337627647
724,862,138,0.138,0.009433524661766526
734,867,133,0.133,0.0077209591855686025
728,864,136,0.136,0.011000200545203781
734,867,133,0.133,0.0067158343551419935
740,870,130,0.13,0.0070169830436329905
690,845,155,0.155,0.0077373964511521795
742,871,129,0.129,0.004957034812103117
688,844,156,0.156,0.009472128331989878
734,867,133,0.133,0.010115365212827613
718,859,141,0.141,0.007873157207184307
712,856,144,0.144,0.0072215428550502165
752,876,124,0.124,0.008535840132157049
686,843,157,0.157,0.00971900532689584
708,854,146,0.146,0.009153254078148834
714,857,143,0.143,0.011249551480611174
736,868,132,0.132,0.013288357617007931
708,854,146,0.146,0.0071649361103281566
734,867,133,0.133,0.013091650281363939
728,864,136,0.136,0.008277579884379506
688,844,156,0.156,0.012370522782656934
782,891,109,0.109,0.009011259823837848
802,901,99,0.099,0.010497886382488204
760,880,120,0.12,0.008891823503923547
716,858,142,0.142,0.008805304285252873
760,880,120,0.12,0.00866792287781496
750,875,125,0.125,0.006171277330762592
718,859,141,0.141,0.007804473597641646
716,858,142,0.142,0.012634838207026149
786,893,107,0.107,0.010570388829869146
744,872,128,0.128,0.007157263500639374
752,876,124,0.124,0.009953097046116497
736,868,132,0.132,0.006539256439291691
796,898,102,0.102,0.01277478628365121
714,857,143,0.143,0.009670983782934172
686,843,157,0.157,0.009971897413692076
738,869,131,0.131,0.008841712954853108
720,860,140,0.14,0.009961052134101152
720,860,140,0.14,0.006863998224390514
786,893,107,0.107,0.007729457300327681
740,870,130,0.13,0.010140876711989918
764,882,118,0.118,0.006098286674080157
704,852,148,0.148,0.010261231743654094
750,875,125,0.125,0.009972466820238949
764,882,118,0.118,0.007245712533380697
706,853,147,0.147,0.0069033535138421625
698,849,151,0.151,0.006924905446963365
736,868,132,0.132,0.006279753242339211
722,861,139,0.139,0.007743690314622057
766,883,117,0.117,0.009499437412445133
772,886,114,0.114,0.007911070995645744
730,865,135,0.135,0.007393802782172941
754,877,123,0.123,0.008802636520220944
754,877,123,0.123,0.012653241034713858
718,859,141,0.141,0.006844246416045593
750,875,125,0.125,0.007945361768828449
700,850,150,0.15,0.006663007559118398
754,877,123,0.123,0.008698092081500618
668,834,166,0.166,0.007412731956855296
724,862,138,0.138,0.006744946931092798
744,872,128,0.128,0.005817247250989098
754,877,123,0.123,0.008866051121511986
754,877,123,0.123,0.007624588085008654
790,895,105,0.105,0.010570457294397215
694,847,153,0.153,0.008735840058843123
744,872,128,0.128,0.006222554652738509
732,866,134,0.134,0.011625414715208051
712,856,144,0.144,0.007992910137844433
724,862,138,0.138,0.007859047915809839
776,888,112,0.112,0.010139932828553256
772,886,114,0.114,0.01036052957615712
720,860,140,0.14,0.009408203084450846
756,878,122,0.122,0.011489256720421665
708,854,146,0.146,0.00715298896281925
806,903,97,0.097,0.012070662007729908
754,877,123,0.123,0.006065703297338374
698,849,151,0.151,0.009942019354337646
788,894,106,0.106,0.008754474256361278
756,878,122,0.122,0.008405331495335816
734,867,133,0.133,0.009396918495250773
750,875,125,0.125,0.008322394418339485
708,854,146,0.146,0.00832306642441918
720,860,140,0.14,0.009274394942178674
696,848,152,0.152,0.008440274366724496
756,878,122,0.122,0.00795661061652362
754,877,123,0.123,0.0066631960039984645
748,874,126,0.126,0.006064798470211912
720,860,140,0.14,0.007215152062146913
772,886,114,0.114,0.012148425902180264
712,856,144,0.144,0.010034195503509778
678,839,161,0.161,0.009576117882390734
750,875,125,0.125,0.011522756067117399
744,872,128,0.128,0.00786210090423502
746,873,127,0.127,0.011751383938119829
684,842,158,0.158,0.005154602355799597
784,892,108,0.108,0.008787345444772682
774,887,113,0.113,0.01103368636756798
706,853,147,0.147,0.00873021478975943
740,870,130,0.13,0.011273882349964268
710,855,145,0.145,0.008775569350865637
756,878,122,0.122,0.011461312788806126
718,859,141,0.141,0.015667309057983688
728,864,136,0.136,0.011771926709923265
684,842,158,0.158,0.00817700077938987
728,864,136,0.136,0.008973109601135206
756,878,122,0.122,0.011791914160411025
712,856,144,0.144,0.010597312408368894
734,867,133,0.133,0.00988486404037272
718,859,141,0.141,0.006004166912519295
764,882,118,0.118,0.0069178679597856245
726,863,137,0.137,0.008389169283671862
704,852,148,0.148,0.008409420370000973
748,874,126,0.126,0.008890659557270595
756,878,122,0.122,0.007343150785588861
778,889,111,0.111,0.00730382944872548
734,867,133,0.133,0.007491868079001222
718,859,141,0.141,0.008807075027263295
678,839,161,0.161,0.007024350384635383
766,883,117,0.117,0.007831286277916134
752,876,124,0.124,0.009209158231473254
720,860,140,0.14,0.007355068276815388
720,860,140,0.14,0.005860915847346916
764,882,118,0.118,0.008523631047069045
732,866,134,0.134,0.0050206784367501315
758,879,121,0.121,0.007048130122781416
768,884,116,0.116,0.010246803206264601
726,863,137,0.137,0.009685399657468069
774,887,113,0.113,0.007143437905302605
744,872,128,0.128,0.008739617797895291
724,862,138,0.138,0.004863053643355414
702,851,149,0.149,0.009654775897119024
754,877,123,0.123,0.011650339870562916
710,855,145,0.145,0.008511768772247252
710,855,145,0.145,0.00985777472579295
708,854,146,0.146,0.006729668958202623
712,856,144,0.144,0.0076958033766881895
766,883,117,0.117,0.005264709452798044
718,859,141,0.141,0.005984369331717929
704,852,148,0.148,0.011947683022745209
738,869,131,0.131,0.008463411510119727
708,854,146,0.146,0.008246512026853793
722,861,139,0.139,0.009114541799698344
706,853,147,0.147,0.0105932267360661
714,857,143,0.143,0.00852816583859027
728,864,136,0.136,0.00823664202423872
734,867,133,0.133,0.010343885607790752
740,870,130,0.13,0.00851454007497
758,879,121,0.121,0.009102069213956341
706,853,147,0.147,0.008901153086208367
716,858,142,0.142,0.00945513430228229
724,862,138,0.138,0.007562357237621938
740,870,130,0.13,0.00713219140073545
774,887,113,0.113,0.009233479513331403
774,887,113,0.113,0.0091328149727497
678,839,161,0.161,0.008158362335753438
742,871,129,0.129,0.01159768076456281
712,856,144,0.144,0.011598380157419257
712,856,144,0.144,0.009400414941436792
760,880,120,0.12,0.008794835021247777
748,874,126,0.126,0.006774313098257253
746,873,127,0.127,0.007154091313428225
778,889,111,0.111,0.009897454140279677
728,864,136,0.136,0.013308185147621046
772,886,114,0.114,0.008221194537553671
704,852,148,0.148,0.0075306507613872925
700,850,150,0.15,0.0095676085039603
674,837,163,0.163,0.007033633563063106
742,871,129,0.129,0.006147138221231387
752,876,124,0.124,0.00882740307886489
698,849,151,0.151,0.00947631217146224
766,883,117,0.117,0.009515757002492535
704,852,148,0.148,0.009989550072459082
780,890,110,0.11,0.009201102079213796
690,845,155,0.155,0.006820990422713038
754,877,123,0.123,0.008503860962588405
676,838,162,0.162,0.009641835313209241
734,867,133,0.133,0.0072903910867790815
754,877,123,0.123,0.010382772560376737
752,876,124,0.124,0.009854559518798581
774,887,113,0.113,0.0065454554421007175
712,856,144,0.144,0.011343591835854297
724,862,138,0.138,0.0073898706221247465
736,868,132,0.132,0.00850039968601999
694,847,153,0.153,0.007186338885932926
768,884,116,0.116,0.007225908632338047
714,857,143,0.143,0.008777755057761126
762,881,119,0.119,0.00682785636304699
694,847,153,0.153,0.01013646822401131
728,864,136,0.136,0.006160281293024028
752,876,124,0.124,0.011414487746064822
732,866,134,0.134,0.004641500725000128
754,877,123,0.123,0.009503854236886796
738,869,131,0.131,0.007952275971292267
744,872,128,0.128,0.01011263667135421
686,843,157,0.157,0.008434162602037986
714,857,143,0.143,0.007188294680433969
694,847,153,0.153,0.011733169163371769
752,876,124,0.124,0.010235403363270364
772,886,114,0.114,0.007771805261070213
728,864,136,0.136,0.009355727670179718
716,858,142,0.142,0.009331440412187192
714,857,143,0.143,0.009663873711904103
770,885,115,0.115,0.005412195716659881
758,879,121,0.121,0.008890265240244034
754,877,123,0.123,0.011749812169888258
730,865,135,0.135,0.0059391172694483315
710,855,145,0.145,0.005147341449134558
708,854,146,0.146,0.008277032459031844
720,860,140,0.14,0.00751591242121053
736,868,132,0.132,0.0067134835420030615
776,888,112,0.112,0.008183378759703572
712,856,144,0.144,0.008174739722564937
712,856,144,0.144,0.00930555984513407
724,862,138,0.138,0.007284438928040401
772,886,114,0.114,0.008486627717739836
698,849,151,0.151,0.007617697588897485
744,872,128,0.128,0.007511684282245625
732,866,134,0.134,0.00907521793091199
780,890,110,0.11,0.006667306830126222
774,887,113,0.113,0.012188816271457228
750,875,125,0.125,0.008041069667046045
752,876,124,0.124,0.0075362906207321455
752,876,124,0.124,0.009787896078088608
758,879,121,0.121,0.006834024669572273
788,894,106,0.106,0.006369369148007692
742,871,129,0.129,0.007576158495528276
698,849,151,0.151,0.00918067025983673
754,877,123,0.123,0.004534619979279895
730,865,135,0.135,0.006533252636758945
760,880,120,0.12,0.007366232192369068
744,872,128,0.128,0.006095501862188811
768,884,116,0.116,0.008028164916817118
776,888,112,0.112,0.0060121217198705924
752,876,124,0.124,0.007072175896742863
706,853,147,0.147,0.009282001863779187
748,874,126,0.126,0.006038388241159169
728,864,136,0.136,0.0075055347296428465
714,857,143,0.143,0.0058289475702606236
754,877,123,0.123,0.0071906496349563725
742,871,129,0.129,0.006914306146449974
732,866,134,0.134,0.008341980880834569
710,855,145,0.145,0.007878483647725061
744,872,128,0.128,0.006625381057936707
756,878,122,0.122,0.01061543333994895
770,885,115,0.115,0.008268231455155416
792,896,104,0.104,0.008330631982663903
754,877,123,0.123,0.008209169365325125
694,847,153,0.153,0.010790560823026396
742,871,129,0.129,0.007389397209209349
718,859,141,0.141,0.006625100392970637
774,887,113,0.113,0.007589515241926847
716,858,142,0.142,0.0061637017432722985
716,858,142,0.142,0.00913338836902726
766,883,117,0.117,0.0076535531098451915
734,867,133,0.133,0.00791361568003856
728,864,136,0.136,0.009420576902029253
704,852,148,0.148,0.008327878505047253
714,857,143,0.143,0.008976336015528545
734,867,133,0.133,0.004045888585503761
704,852,148,0.148,0.008116966024460496
724,862,138,0.138,0.006493673801222528
728,864,136,0.136,0.010181907157812461
754,877,123,0.123,0.00824342969986165
746,873,127,0.127,0.01055783529017596
742,871,129,0.129,0.0086695435895859
710,855,145,0.145,0.008023355826446674
730,865,135,0.135,0.007797493415293758
754,877,123,0.123,0.009522064403453228
752,876,124,0.124,0.009310013323357097
728,864,136,0.136,0.01115655920094531
746,873,127,0.127,0.007039709311843836
740,870,130,0.13,0.008046197802845186
736,868,132,0.132,0.010599944315624043
682,841,159,0.159,0.0076903084868078795
692,846,154,0.154,0.00907278106778807
794,897,103,0.103,0.009954255519024556
694,847,153,0.153,0.010428652650873673
742,871,129,0.129,0.006328434314974899
694,847,153,0.153,0.00577550604890969
722,861,139,0.139,0.009343930760070179
740,870,130,0.13,0.009800773880522527
688,844,156,0.156,0.007884865694998425
768,884,116,0.116,0.008835990609931428
732,866,134,0.134,0.006209763244536148
722,861,139,0.139,0.00837072757307665
748,874,126,0.126,0.009129942684722408
682,841,159,0.159,0.007882015697524012
734,867,133,0.133,0.0064546762891048385
712,856,144,0.144,0.008919173072696438
708,854,146,0.146,0.009317863967375401
732,866,134,0.134,0.012424477673489236
758,879,121,0.121,0.008830791604964389
732,866,134,0.134,0.012963191676646375
754,877,123,0.123,0.010406848649188661
706,853,147,0.147,0.012004342737362563
742,871,129,0.129,0.008361242040811349
732,866,134,0.134,0.01075811240113417
772,886,114,0.114,0.007048725731050894
738,869,131,0.131,0.015311974285771569
732,866,134,0.134,0.01346254479106203
724,862,138,0.138,0.00820644050498592
726,863,137,0.137,0.010026775920826651
734,867,133,0.133,0.010867502731802191
760,880,120,0.12,0.00885100294521166
736,868,132,0.132,0.006965349170628499
758,879,121,0.121,0.013108851613665408
724,862,138,0.138,0.009358520747047721
766,883,117,0.117,0.004828230465032363
718,859,141,0.141,0.007032969777826977
730,865,135,0.135,0.007937189707581978
790,895,105,0.105,0.009926097402718
760,880,120,0.12,0.005739995804613869
786,893,107,0.107,0.009081513233111295
710,855,145,0.145,0.014043006305359242
776,888,112,0.112,0.007307476151502811
710,855,145,0.145,0.005383391326193319
702,851,149,0.149,0.008329682480719114
726,863,137,0.137,0.010003893229421636
730,865,135,0.135,0.009985725261974722
764,882,118,0.118,0.007856339424781495
716,858,142,0.142,0.011646854300829332
736,868,132,0.132,0.008182918503525257
746,873,127,0.127,0.010042692100863988
732,866,134,0.134,0.009947624015048688
694,847,153,0.153,0.009021121978897767
704,852,148,0.148,0.009326938691214608
726,863,137,0.137,0.009256696850290978
716,858,142,0.142,0.00777853723364241
704,852,148,0.148,0.008192907149186553
722,861,139,0.139,0.010596305961769999
738,869,131,0.131,0.010332975995317397
704,852,148,0.148,0.009705172125675943
728,864,136,0.136,0.010489252478016227
774,887,113,0.113,0.008402373061256711
736,868,132,0.132,0.0069206988176925815
682,841,159,0.159,0.0074251295212414735
806,903,97,0.097,0.012636791986197096
768,884,116,0.116,0.01115153784918489
788,894,106,0.106,0.013672856408632996
738,869,131,0.131,0.012921662393294099
812,906,94,0.094,0.010390660754457116
780,890,110,0.11,0.011396963763999225
766,883,117,0.117,0.011232265736688205
736,868,132,0.132,0.009061010664088088
736,868,132,0.132,0.009261676785910907
774,887,113,0.113,0.008841976256539794
744,872,128,0.128,0.00870611566223927
734,867,133,0.133,0.0067096717905524485
730,865,135,0.135,0.009666416851945072
784,892,108,0.108,0.009795495043809381
684,842,158,0.158,0.011217478789684734
734,867,133,0.133,0.009366526766362796
772,886,114,0.114,0.011491205399684134
720,860,140,0.14,0.008374049798822128
762,881,119,0.119,0.009546146476387933
788,894,106,0.106,0.00922665938747393
772,886,114,0.114,0.01189774446849151
716,858,142,0.142,0.010672538045681492
708,854,146,0.146,0.006777730147448281
766,883,117,0.117,0.007387882681045113
770,885,115,0.115,0.010938885246929871
694,847,153,0.153,0.00995861058901373
770,885,115,0.115,0.009486065013072278
722,861,139,0.139,0.006040188926472325
748,874,126,0.126,0.0075800594595624915
770,885,115,0.115,0.008074670966266724
740,870,130,0.13,0.009967714091930034
798,899,101,0.101,0.01052081216350949
730,865,135,0.135,0.007310308632366343
690,845,155,0.155,0.00872347399874829
766,883,117,0.117,0.012171503276939461
728,864,136,0.136,0.010653227646629517
736,868,132,0.132,0.007630836431750879
716,858,142,0.142,0.007549493255817666
744,872,128,0.128,0.009234502715904355
718,859,141,0.141,0.008493179637245647
722,861,139,0.139,0.0072692966526357455
750,875,125,0.125,0.00853196523046374
688,844,156,0.156,0.009023938994733896
712,856,144,0.144,0.011737589822242541
708,854,146,0.146,0.008693612102075676
712,856,144,0.144,0.007626563356574948
746,873,127,0.127,0.012366268567798756
742,871,129,0.129,0.011907822963853561
734,867,133,0.133,0.010490176010081058
706,853,147,0.147,0.009658433397974363
712,856,144,0.144,0.011293750425882166
704,852,148,0.148,0.007465510642378632
724,862,138,0.138,0.011704574509327301
766,883,117,0.117,0.010133482633097827
742,871,129,0.129,0.008428907383944506
722,861,139,0.139,0.009950090631612086
700,850,150,0.15,0.01076243800689349
734,867,133,0.133,0.009595405004450696
734,867,133,0.133,0.008506025000517227
724,862,138,0.138,0.011433890417537085
758,879,121,0.121,0.014637432407406663
730,865,135,0.135,0.01040412457310245
732,866,134,0.134,0.010446305262437092
624,812,188,0.188,0.010618349733085083
750,875,125,0.125,0.009350954731546195
752,876,124,0.124,0.009111235993108893
764,882,118,0.118,0.011960057575871246
716,858,142,0.142,0.012355336715886069
746,873,127,0.127,0.009090783397650454
700,850,150,0.15,0.008799945788460519
800,900,100,0.1,0.011384161069808869
772,886,114,0.114,0.006783022740494133
736,868,132,0.132,0.010671678761171336
714,857,143,0.143,0.009852881514793438
760,880,120,0.12,0.007100966834886961
692,846,154,0.154,0.010925063528025107
736,868,132,0.132,0.008001125605983418
754,877,123,0.123,0.008801040878059808
700,850,150,0.15,0.008692556578883796
780,890,110,0.11,0.00937666773946117
758,879,121,0.121,0.010243501383690286
702,851,149,0.149,0.009693204616652722
756,878,122,0.122,0.00976682169476807
740,870,130,0.13,0.011714459916738662
746,873,127,0.127,0.011557751872450353
698,849,151,0.151,0.010991780580557262
730,865,135,0.135,0.008980948139340186
716,858,142,0.142,0.008948271119331665
734,867,133,0.133,0.0074469282124123735
744,872,128,0.128,0.008041086974545635
742,871,129,0.129,0.0161435245363285
752,876,124,0.124,0.009826522182599717
734,867,133,0.133,0.0086941708954689
744,872,128,0.128,0.009519504711802313
730,865,135,0.135,0.009594803493648257
742,871,129,0.129,0.009266623524070624
740,870,130,0.13,0.006561970059658435
722,861,139,0.139,0.011806651227334555
752,876,124,0.124,0.012473310405556845
696,848,152,0.152,0.011063828028726007
766,883,117,0.117,0.007874840984419335
730,865,135,0.135,0.01032138731833686
676,838,162,0.162,0.006963677155524025
720,860,140,0.14,0.00836997204793468
730,865,135,0.135,0.01008002328950117
788,894,106,0.106,0.00672967843224427
744,872,128,0.128,0.012001132165142394
740,870,130,0.13,0.009757410977484511
724,862,138,0.138,0.01397750480517152
710,855,145,0.145,0.014980173510458642
792,896,104,0.104,0.010162863729115259
746,873,127,0.127,0.005949812257337967
746,873,127,0.127,0.009810054671502939
744,872,128,0.128,0.013807427149912172
736,868,132,0.132,0.010568398939756307
710,855,145,0.145,0.012412244617320652
730,865,135,0.135,0.012161022883338205
730,865,135,0.135,0.010780580655434179
734,867,133,0.133,0.010818454992859203
706,853,147,0.147,0.012780498407163037
662,831,169,0.169,0.010743739136940647
710,855,145,0.145,0.006126154060717866
684,842,158,0.158,0.01035576359889383
760,880,120,0.12,0.012209616909304203
700,850,150,0.15,0.01046557445948642
734,867,133,0.133,0.010035793462271243
734,867,133,0.133,0.009729010015612076
754,877,123,0.123,0.009504017459890178
730,865,135,0.135,0.008935244613073124
758,879,121,0.121,0.01150320883709351
724,862,138,0.138,0.009896516834270855
768,884,116,0.116,0.012351131201243433
762,881,119,0.119,0.009240105023577782
726,863,137,0.137,0.008015431555974046
720,860,140,0.14,0.006148806261757883
746,873,127,0.127,0.00841229562166741
720,860,140,0.14,0.010627719356865966
764,882,118,0.118,0.009175274479569779
708,854,146,0.146,0.007332051151052866
730,865,135,0.135,0.010024593759144764
676,838,162,0.162,0.008371330694259967
740,870,130,0.13,0.009082433068665893
734,867,133,0.133,0.008303613022387722
652,826,174,0.174,0.008031402444270981
720,860,140,0.14,0.011690778727310175
760,880,120,0.12,0.00821338777192429
718,859,141,0.141,0.010293708339963984
736,868,132,0.132,0.010523233365402434
760,880,120,0.12,0.012009183824376506
758,879,121,0.121,0.016944224869788995
692,846,154,0.154,0.008237901261518302
734,867,133,0.133,0.010670769402565781
738,869,131,0.131,0.007879369456448942
720,860,140,0.14,0.012101040752611212
710,855,145,0.145,0.008215232687849749
710,855,145,0.145,0.009531947871097856
706,853,147,0.147,0.01389319974055313
710,855,145,0.145,0.010148459683494707
702,851,149,0.149,0.011264974328691509
772,886,114,0.114,0.00982068173170623
718,859,141,0.141,0.010190743318494015
690,845,155,0.155,0.00855629211994264
744,872,128,0.128,0.012464292560927064
774,887,113,0.113,0.0166807134509
746,873,127,0.127,0.012565363072280235
740,870,130,0.13,0.007891419377031696
744,872,128,0.128,0.011873018245576957
736,868,132,0.132,0.008995410742613742
730,865,135,0.135,0.009113284440029588
734,867,133,0.133,0.00886348603480704
756,878,122,0.122,0.011658097467060927
716,858,142,0.142,0.009601438274008146
738,869,131,0.131,0.00905595714734001
786,893,107,0.107,0.009075619245928578
734,867,133,0.133,0.009021645506590105
762,881,119,0.119,0.010199510716205524
708,854,146,0.146,0.0077349438866000635
720,860,140,0.14,0.0072432871682527634
730,865,135,0.135,0.007430745176211588
702,851,149,0.149,0.008009920624511736
742,871,129,0.129,0.007697755990692784
730,865,135,0.135,0.009146952955340069
790,895,105,0.105,0.00996987331366283
752,876,124,0.124,0.0082304669600274
694,847,153,0.153,0.008627367252361694
746,873,127,0.127,0.008886032534038036
708,854,146,0.146,0.008251903963280228
716,858,142,0.142,0.007213345763886934
798,899,101,0.101,0.008740230243215848
804,902,98,0.098,0.007344658731856143
708,854,146,0.146,0.005650962428327631
678,839,161,0.161,0.008888675573276586
722,861,139,0.139,0.006684528174520679
752,876,124,0.124,0.006486942569213184
736,868,132,0.132,0.005810238133797753
696,848,152,0.152,0.008252565464885848
692,846,154,0.154,0.00713516919130629
740,870,130,0.13,0.010960145821921131
774,887,113,0.113,0.00958543335435631
676,838,162,0.162,0.010518102255819258
698,849,151,0.151,0.011610662061089044
758,879,121,0.121,0.009773202612525395
710,855,145,0.145,0.011746724265972858
742,871,129,0.129,0.01104093315816266
704,852,148,0.148,0.008515845621053486
716,858,142,0.142,0.007960833261037265
720,860,140,0.14,0.011321976653359414
754,877,123,0.123,0.013533674100351717
740,870,130,0.13,0.009998341027543716
786,893,107,0.107,0.0065306590589047035
764,882,118,0.118,0.00904859128797645
736,868,132,0.132,0.009467920023582821
708,854,146,0.146,0.006998199041459614
692,846,154,0.154,0.009429438768754182
730,865,135,0.135,0.009979800513589354
736,868,132,0.132,0.010858654496341729
794,897,103,0.103,0.009378048896577113
758,879,121,0.121,0.00833169810497823
788,894,106,0.106,0.007142411215109362
736,868,132,0.132,0.009077003094120897
742,871,129,0.129,0.009139512401958556
758,879,121,0.121,0.012984687092167192
764,882,118,0.118,0.009417521142912008
776,888,112,0.112,0.013496157763850774
720,860,140,0.14,0.00830026401162462
720,860,140,0.14,0.011333560956972718
742,871,129,0.129,0.005704074305312929
746,873,127,0.127,0.009026482861968305
708,854,146,0.146,0.011156987022590527
738,869,131,0.131,0.009972333363788267
696,848,152,0.152,0.007403124373815046
754,877,123,0.123,0.00972911563562191
746,873,127,0.127,0.012350782890341151
738,869,131,0.131,0.00836952420001424
756,878,122,0.122,0.008302148146948908
728,864,136,0.136,0.008912907878882407
726,863,137,0.137,0.008638136768675551
742,871,129,0.129,0.010545831467586239
754,877,123,0.123,0.008535598164117005
724,862,138,0.138,0.008602350708352618
718,859,141,0.141,0.014163857247570378
714,857,143,0.143,0.008599341048247765
742,871,129,0.129,0.006572543750349766
762,881,119,0.119,0.006211513014405668
748,874,126,0.126,0.0073869784549233375
724,862,138,0.138,0.007919588984347114
716,858,142,0.142,0.008454425121449618
712,856,144,0.144,0.011147000934327196
676,838,162,0.162,0.0072798379520042
778,889,111,0.111,0.009074377240006428
742,871,129,0.129,0.007233588567035895
744,872,128,0.128,0.007207205959490096
696,848,152,0.152,0.010363856594538489
760,880,120,0.12,0.009164709817230048
770,885,115,0.115,0.009133462659413595
758,879,121,0.121,0.009203758407627148
680,840,160,0.16,0.012213978301181854
716,858,142,0.142,0.011033997760511397
768,884,116,0.116,0.009018168862016765
692,846,154,0.154,0.011953130342290749
780,890,110,0.11,0.009967015664068867
724,862,138,0.138,0.012876046280843937
674,837,163,0.163,0.010908058279511792
710,855,145,0.145,0.01359813514534241
726,863,137,0.137,0.011364585054698168
734,867,133,0.133,0.007458998966803577
692,846,154,0.154,0.011387710589167625
768,884,116,0.116,0.010844961371621907
724,862,138,0.138,0.0054178774460578154
676,838,162,0.162,0.010238632824414964
734,867,133,0.133,0.007389609565287188
688,844,156,0.156,0.007976909296686329
736,868,132,0.132,0.012818399955261782
722,861,139,0.139,0.011830535086863393
752,876,124,0.124,0.00923618753017783
688,844,156,0.156,0.009249900521287643
742,871,129,0.129,0.011447081593967965
766,883,117,0.117,0.012197223753114215
718,859,141,0.141,0.013228654453899822
760,880,120,0.12,0.00844274899746189
740,870,130,0.13,0.00969113047920753
770,885,115,0.115,0.007176922587859081
736,868,132,0.132,0.010414873696716924
704,852,148,0.148,0.00841095460241023
716,858,142,0.142,0.007755986571228533
768,884,116,0.116,0.005539517408616377
716,858,142,0.142,0.005765816447066214
758,879,121,0.121,0.008827496867508102
738,869,131,0.131,0.00708316905205676
766,883,117,0.117,0.009530150850017478
756,878,122,0.122,0.0054098155980108085
724,862,138,0.138,0.0075591336440158155
696,848,152,0.152,0.006256658293116075
800,900,100,0.1,0.007818291910971225
748,874,126,0.126,0.010648605520099906
712,856,144,0.144,0.010256369876722132
680,840,160,0.16,0.005075957798109669
704,852,148,0.148,0.006140349378975941
738,869,131,0.131,0.0056326545856346544
732,866,134,0.134,0.006575484820753317
676,838,162,0.162,0.008786361157781699
754,877,123,0.123,0.00795001692160281
770,885,115,0.115,0.00635648018285427
744,872,128,0.128,0.00973475299557559
716,858,142,0.142,0.010132305249665293
744,872,128,0.128,0.00774966977760063
726,863,137,0.137,0.007679748414669178
678,839,161,0.161,0.008573607175870279
718,859,141,0.141,0.012418871785633641
752,876,124,0.124,0.007114870425265807
688,844,156,0.156,0.008179145731279603
740,870,130,0.13,0.010513515166656674
726,863,137,0.137,0.012300182891818934
792,896,104,0.104,0.009342100520501575
706,853,147,0.147,0.011333040798386464
752,876,124,0.124,0.010100679798468874
728,864,136,0.136,0.009786889443962679
762,881,119,0.119,0.00954918601651454
770,885,115,0.115,0.011996387031149212
746,873,127,0.127,0.01215245976809841
732,866,134,0.134,0.005663931734952158
720,860,140,0.14,0.007355994056809322
794,897,103,0.103,0.012032497710532383
786,893,107,0.107,0.010871084428830812
730,865,135,0.135,0.006846498097536724
756,878,122,0.122,0.009162522051014222
720,860,140,0.14,0.009085700080521363
774,887,113,0.113,0.008554002724704248
744,872,128,0.128,0.007490121381135538
680,840,160,0.16,0.006972364293511418
780,890,110,0.11,0.0070860443295991185
760,880,120,0.12,0.011216437942030012
746,873,127,0.127,0.012554242999517014
676,838,162,0.162,0.009696477111779771
762,881,119,0.119,0.00823033836768515
686,843,157,0.157,0.009259388115146407
706,853,147,0.147,0.005591304328822602
760,880,120,0.12,0.009346048702783378
716,858,142,0.142,0.005210530641745009
730,865,135,0.135,0.008975701143372447
706,853,147,0.147,0.007922565563463237
786,893,107,0.107,0.005763719513468373
780,890,110,0.11,0.009139623881205438
750,875,125,0.125,0.011256266007764523
706,853,147,0.147,0.01069119409351245
702,851,149,0.149,0.007276310280418301
722,861,139,0.139,0.007854192200618356
704,852,148,0.148,0.010189499742424559
720,860,140,0.14,0.011204945389922371
698,849,151,0.151,0.00969175090261706
774,887,113,0.113,0.010847292153428839
688,844,156,0.156,0.010175042716295678
728,864,136,0.136,0.007208824420990552
728,864,136,0.136,0.011195586214607842
724,862,138,0.138,0.0074243357166968735
708,854,146,0.146,0.009387047639260786
702,851,149,0.149,0.011167553449066687
736,868,132,0.132,0.010940933667407095
726,863,137,0.137,0.01084648401071378
720,860,140,0.14,0.009781193111944845
774,887,113,0.113,0.010468140477606795
710,855,145,0.145,0.011517100297386663
730,865,135,0.135,0.01028420224498639
790,895,105,0.105,0.012026240619927677
714,857,143,0.143,0.01317003412337445
744,872,128,0.128,0.008531766543976459
730,865,135,0.135,0.008529198116066254
742,871,129,0.129,0.0077598751285161425
718,859,141,0.141,0.009032984739101706
710,855,145,0.145,0.007615867802051796
762,881,119,0.119,0.011009784504048013
752,876,124,0.124,0.01444585548446483
724,862,138,0.138,0.009598981325934858
720,860,140,0.14,0.009288094787087501
706,853,147,0.147,0.008106975859402368
694,847,153,0.153,0.009715393254185628
722,861,139,0.139,0.007862059512531246
764,882,118,0.118,0.011260422357942005
714,857,143,0.143,0.010382636925184244
734,867,133,0.133,0.009860078223460448
730,865,135,0.135,0.011520468850736605
686,843,157,0.157,0.012597698495676355
732,866,134,0.134,0.008811911783184898
730,865,135,0.135,0.008090190100518754
714,857,143,0.143,0.013511589946814367
670,835,165,0.165,0.008523908741761588
754,877,123,0.123,0.010387751053783006
750,875,125,0.125,0.010423484768855261
758,879,121,0.121,0.010262677499946193
740,870,130,0.13,0.005895750198701919
770,885,115,0.115,0.007171700497041314
694,847,153,0.153,0.00807858058815701
746,873,127,0.127,0.00693365114909183
708,854,146,0.146,0.00818706064307453
714,857,143,0.143,0.009549479469206673
732,866,134,0.134,0.00852247552010519
690,845,155,0.155,0.01194336682758248
716,858,142,0.142,0.008280010621645928
698,849,151,0.151,0.009015425090253715
698,849,151,0.151,0.008508371869025694
756,878,122,0.122,0.007627650387178463
710,855,145,0.145,0.006734608154107761
744,872,128,0.128,0.008567556806245434
728,864,136,0.136,0.008846949864593057
704,852,148,0.148,0.006381790114976923
816,908,92,0.092,0.009447214808602026
698,849,151,0.151,0.010072641482733275
770,885,115,0.115,0.007519474405743296
750,875,125,0.125,0.009243464265768792
750,875,125,0.125,0.009418530734350313
740,870,130,0.13,0.009006205124896454
766,883,117,0.117,0.008689583501171128
744,872,128,0.128,0.009208154583559221
716,858,142,0.142,0.008433120926580003
754,877,123,0.123,0.010712296823843871
632,816,184,0.184,0.010236687105776581
682,841,159,0.159,0.013434189877579727
772,886,114,0.114,0.007479274841592982
790,895,105,0.105,0.010366941879343486
716,858,142,0.142,0.011032420563994406
756,878,122,0.122,0.01157754197108916
714,857,143,0.143,0.005803511314031141
754,877,123,0.123,0.008181200644625108
716,858,142,0.142,0.010651087419013749
768,884,116,0.116,0.0071636033630913115
756,878,122,0.122,0.006679537680577425
776,888,112,0.112,0.008359186078209077
738,869,131,0.131,0.01118895160634095
786,893,107,0.107,0.012235675083053336
776,888,112,0.112,0.010253923559776468
734,867,133,0.133,0.00802676297699675
706,853,147,0.147,0.008101024010626246
732,866,134,0.134,0.010272106570859436
756,878,122,0.122,0.008568500948344677
702,851,149,0.149,0.008674057811206524
710,855,145,0.145,0.009246112166777749
716,858,142,0.142,0.006840614905504282
760,880,120,0.12,0.005843135264658287
740,870,130,0.13,0.008917222805484258
748,874,126,0.126,0.011922628297948634
710,855,145,0.145,0.008282095049652483
738,869,131,0.131,0.006234201142072351
754,877,123,0.123,0.008608794589503347
744,872,128,0.128,0.007798172003778817
664,832,168,0.168,0.0058975367470796985
738,869,131,0.131,0.012235457210851763
752,876,124,0.124,0.008147375637997854
700,850,150,0.15,0.008541780967823981
768,884,116,0.116,0.008800834613807125
742,871,129,0.129,0.011018893858411502
706,853,147,0.147,0.007972413952622048
734,867,133,0.133,0.01165538512100241
746,873,127,0.127,0.009609347920735516
684,842,158,0.158,0.007932787675637471
690,845,155,0.155,0.01029525073758488
758,879,121,0.121,0.006466226152326925
744,872,128,0.128,0.006966499487010665
746,873,127,0.127,0.007379199183036448
696,848,152,0.152,0.007602557943325436
716,858,142,0.142,0.0056329070113539355
716,858,142,0.142,0.007377277609390689
726,863,137,0.137,0.008871773529658952
790,895,105,0.105,0.008799011828308764
702,851,149,0.149,0.010209198005398492
680,840,160,0.16,0.008899301462191773
700,850,150,0.15,0.0054035037564391505
772,886,114,0.114,0.009782989382087137
768,884,116,0.116,0.008132472747384838
690,845,155,0.155,0.009145526344119205
722,861,139,0.139,0.010988034375873439
742,871,129,0.129,0.009157063278957111
788,894,106,0.106,0.010608577508177149
770,885,115,0.115,0.010681546186077839
712,856,144,0.144,0.01043077223057918
766,883,117,0.117,0.008637036838275065
754,877,123,0.123,0.00959276126139126
720,860,140,0.14,0.010739194426960638
714,857,143,0.143,0.008790331589328388
764,882,118,0.118,0.011942997890605597
702,851,149,0.149,0.012228825921643477
698,849,151,0.151,0.013417421280795906
730,865,135,0.135,0.011673399616998238
766,883,117,0.117,0.011050152911614134
734,867,133,0.133,0.012768831636823406
740,870,130,0.13,0.012730549046667079
702,851,149,0.149,0.008905148672173879
764,882,118,0.118,0.00858602081591711
794,897,103,0.103,0.011251068313928926
740,870,130,0.13,0.007682407766372961
744,872,128,0.128,0.008112399624043662
752,876,124,0.124,0.009390529667705906
728,864,136,0.136,0.007918764230300312
746,873,127,0.127,0.007554827916679656
706,853,147,0.147,0.008832483468488946
752,876,124,0.124,0.011791218036490804
694,847,153,0.153,0.007463518265720864
766,883,117,0.117,0.009692655073929033
730,865,135,0.135,0.007008594880889973
778,889,111,0.111,0.009929857907237775
732,866,134,0.134,0.00988745552166256
702,851,149,0.149,0.007890886191637534
718,859,141,0.141,0.008344038058157721
748,874,126,0.126,0.005227118731407472
758,879,121,0.121,0.009850138217593538
706,853,147,0.147,0.005943316899349099
798,899,101,0.101,0.010935799951725016
704,852,148,0.148,0.007209928249047195
754,877,123,0.123,0.008714839134327804
722,861,139,0.139,0.00742420008640218
720,860,140,0.14,0.008277619247054844
704,852,148,0.148,0.008937140447285231
700,850,150,0.15,0.007375224396816023
754,877,123,0.123,0.0076876664434154095
670,835,165,0.165,0.008068606869261998
714,857,143,0.143,0.006946821516559936
762,881,119,0.119,0.00508651790429758
678,839,161,0.161,0.007141230599332872
722,861,139,0.139,0.009955890770552799
702,851,149,0.149,0.012318606602855468
726,863,137,0.137,0.012103665283623485
732,866,134,0.134,0.007091152399589106
740,870,130,0.13,0.00974232054618264
730,865,135,0.135,0.007429077884414852
736,868,132,0.132,0.012945542370800383
742,871,129,0.129,0.007139828253459427
762,881,119,0.119,0.008342704977652531
696,848,152,0.152,0.011864838545920818
702,851,149,0.149,0.01148090469166101
682,841,159,0.159,0.00996384138159803
666,833,167,0.167,0.010050667630734495
680,840,160,0.16,0.01051041694141314
752,876,124,0.124,0.012044749016523113
728,864,136,0.136,0.010130049009436192
680,840,160,0.16,0.008033641451892762
764,882,118,0.118,0.012313152706211724
760,880,120,0.12,0.011101157696214486
700,850,150,0.15,0.007286319277208292
750,875,125,0.125,0.006611740481639273
662,831,169,0.169,0.007337045835185194
764,882,118,0.118,0.008673665367532123
702,851,149,0.149,0.008908315508045404
784,892,108,0.108,0.010115588976723572
720,860,140,0.14,0.0064805133256163145
756,878,122,0.122,0.008314131883306984
780,890,110,0.11,0.011361801008266368
728,864,136,0.136,0.007548829365426712
742,871,129,0.129,0.0081947928878824
732,866,134,0.134,0.011264605815181341
716,858,142,0.142,0.007917427560462698
720,860,140,0.14,0.015426547489327447
764,882,118,0.118,0.01088457314095622
736,868,132,0.132,0.013047222242545899
774,887,113,0.113,0.007566005700633866
692,846,154,0.154,0.0083096063278264
748,874,126,0.126,0.012280863696750927
698,849,151,0.151,0.010771906439980881
734,867,133,0.133,0.010010914795790256
690,845,155,0.155,0.014429263095527433
726,863,137,0.137,0.008490386901031356
706,853,147,0.147,0.013694712544197643
744,872,128,0.128,0.015588242413334114
748,874,126,0.126,0.01187980407612953
734,867,133,0.133,0.011085736172509826
770,885,115,0.115,0.010452763046505595
752,876,124,0.124,0.00895808239229629
718,859,141,0.141,0.009049153060084166
764,882,118,0.118,0.013618851232755304
740,870,130,0.13,0.010419880476008088
740,870,130,0.13,0.011128549754519938
758,879,121,0.121,0.00968619252104665
702,851,149,0.149,0.00947624122094851
738,869,131,0.131,0.011939578323183809
778,889,111,0.111,0.008204321041963282
716,858,142,0.142,0.011822243363535833
748,874,126,0.126,0.009776407066349663
702,851,149,0.149,0.013479756052068581
730,865,135,0.135,0.010096438239992693
746,873,127,0.127,0.010926397541411347
772,886,114,0.114,0.013788398283821309
676,838,162,0.162,0.010969508268270757
756,878,122,0.122,0.009390952341018633
750,875,125,0.125,0.00977145769134475
712,856,144,0.144,0.010455373849980774
732,866,134,0.134,0.01024507645683849
734,867,133,0.133,0.010374852825955315
726,863,137,0.137,0.012156325978905614
754,877,123,0.123,0.010271723367293732
744,872,128,0.128,0.009893488923351186
718,859,141,0.141,0.00995243878289513
726,863,137,0.137,0.01205454724032026
760,880,120,0.12,0.009398663766555031
686,843,157,0.157,0.010368774873731296
732,866,134,0.134,0.010115315649461679
726,863,137,0.137,0.009713647308322962
730,865,135,0.135,0.007071803048730289
678,839,161,0.161,0.011275827242828256
770,885,115,0.115,0.014001002252200365
724,862,138,0.138,0.009152986540240335
720,860,140,0.14,0.010154231470389732
734,867,133,0.133,0.009729573266776028
716,858,142,0.142,0.007393644016663103
706,853,147,0.147,0.007122228156818579
758,879,121,0.121,0.009066620037045638
712,856,144,0.144,0.011391748337187734
720,860,140,0.14,0.008858041995548035
692,846,154,0.154,0.009486313711115784
786,893,107,0.107,0.006393305154208974
758,879,121,0.121,0.010032594269352614
784,892,108,0.108,0.00938403503682123
744,872,128,0.128,0.011030623173343315
752,876,124,0.124,0.006869006006303863
734,867,133,0.133,0.011379347274377807
676,838,162,0.162,0.009756397553705356
694,847,153,0.153,0.006992183291697273
720,860,140,0.14,0.00946904353408914
732,866,134,0.134,0.010566960910068217
660,830,170,0.17,0.009506987797281041
692,846,154,0.154,0.011960901322408176
734,867,133,0.133,0.010383713405085388
730,865,135,0.135,0.010947812691293407
688,844,156,0.156,0.01076713858150191
672,836,164,0.164,0.012288396768416419
754,877,123,0.123,0.010510782747609212
708,854,146,0.146,0.014466628661746
762,881,119,0.119,0.013104737111815083
794,897,103,0.103,0.013048128497190276
756,878,122,0.122,0.009196706398870092
768,884,116,0.116,0.012936891733103053
720,860,140,0.14,0.007729276954898552
728,864,136,0.136,0.013594883450255111
750,875,125,0.125,0.008975090825162966
746,873,127,0.127,0.008691311134194905
752,876,124,0.124,0.012312087884410218
734,867,133,0.133,0.009454755922049685
692,846,154,0.154,0.009725047716603796
814,907,93,0.093,0.009300837780576757
684,842,158,0.158,0.008158360175756826
764,882,118,0.118,0.009316531768512732
730,865,135,0.135,0.011077250874648484
722,861,139,0.139,0.007433803856271567
738,869,131,0.131,0.008383814443826495
736,868,132,0.132,0.011652099582045609
730,865,135,0.135,0.009343898370181264
676,838,162,0.162,0.00964005906744022
734,867,133,0.133,0.00992168982112878
736,868,132,0.132,0.009907248436818434
722,861,139,0.139,0.008465824117199474
650,825,175,0.175,0.0083534488540013
728,864,136,0.136,0.006322016590825456
734,867,133,0.133,0.007770696055182725
700,850,150,0.15,0.008483232524962858
696,848,152,0.152,0.007231105618862742
738,869,131,0.131,0.009280125784556531
782,891,109,0.109,0.009959125610793564
800,900,100,0.1,0.010192257586414158
760,880,120,0.12,0.010678034861121233
740,870,130,0.13,0.012719087206876097
726,863,137,0.137,0.00947094136926475
736,868,132,0.132,0.013366017377214432
688,844,156,0.156,0.008167001070887067
764,882,118,0.118,0.00858139427330893
664,832,168,0.168,0.010940223065210574
762,881,119,0.119,0.010146983490971508
746,873,127,0.127,0.00831622487178214
758,879,121,0.121,0.007117543315280301
756,878,122,0.122,0.009591818814790288
692,846,154,0.154,0.01275581376619823
676,838,162,0.162,0.010787950018535327
728,864,136,0.136,0.007724206618448534
684,842,158,0.158,0.00787784803663459
684,842,158,0.158,0.009827995884839184
694,847,153,0.153,0.012053875869801245
688,844,156,0.156,0.00808031010423349
722,861,139,0.139,0.010641684711704244
752,876,124,0.124,0.01153849825001481
744,872,128,0.128,0.010397074611976479
664,832,168,0.168,0.010962536731902645
712,856,144,0.144,0.012430900034137651
724,862,138,0.138,0.010883249669291729
736,868,132,0.132,0.007385122466701148
698,849,151,0.151,0.013056444408066326
760,880,120,0.12,0.012299726846893918
776,888,112,0.112,0.016383650926144883
738,869,131,0.131,0.011950997178721551
750,875,125,0.125,0.008874024557144282
744,872,128,0.128,0.010076841757458283
716,858,142,0.142,0.013141606918632648
732,866,134,0.134,0.011222847087421698
756,878,122,0.122,0.013451451370826945
778,889,111,0.111,0.01471337141350837
734,867,133,0.133,0.013819440325054529
738,869,131,0.131,0.010794054944275714
818,909,91,0.091,0.009799376482654281
752,876,124,0.124,0.0089024645288046
698,849,151,0.151,0.009811267992085732
756,878,122,0.122,0.013882407016266456
788,894,106,0.106,0.012155298322999044
738,869,131,0.131,0.007898513856532589
722,861,139,0.139,0.006675137475255468
762,881,119,0.119,0.008986028884374676
758,879,121,0.121,0.011062885475206173
670,835,165,0.165,0.010404494672767555
692,846,154,0.154,0.00785429998945321
764,882,118,0.118,0.009991711583875044
742,871,129,0.129,0.008924683487106193
690,845,155,0.155,0.009853921382557957
718,859,141,0.141,0.008319337090299427
754,877,123,0.123,0.009759189142287695
744,872,128,0.128,0.010039858489778026
786,893,107,0.107,0.009220949143041111
736,868,132,0.132,0.008276146944731153
706,853,147,0.147,0.009835735064789318
684,842,158,0.158,0.00952243709460032
746,873,127,0.127,0.009969493808477352
724,862,138,0.138,0.011984497669646486
702,851,149,0.149,0.010848645715743089
712,856,144,0.144,0.006657448748038221
720,860,140,0.14,0.011766256597330056
806,903,97,0.097,0.011122874648891582
692,846,154,0.154,0.009645481690795862
742,871,129,0.129,0.008507614319465204
744,872,128,0.128,0.010142506340169817
754,877,123,0.123,0.010819744249137557
690,845,155,0.155,0.008417700026549908
712,856,144,0.144,0.008575373324505108
720,860,140,0.14,0.008510072916108129
716,858,142,0.142,0.013899696187263657
744,872,128,0.128,0.012380705198728435
702,851,149,0.149,0.011016782014144084
714,857,143,0.143,0.010865956581310171
728,864,136,0.136,0.009623764006938842
684,842,158,0.158,0.010823245922372906
736,868,132,0.132,0.0102777107783524
742,871,129,0.129,0.010323312260136107
700,850,150,0.15,0.0123916161714601
682,841,159,0.159,0.011344456965523591
766,883,117,0.117,0.01408191769462715
694,847,153,0.153,0.009540344418576822
688,844,156,0.156,0.008227513966631335
756,878,122,0.122,0.008617053478033924
740,870,130,0.13,0.011496385639823529
716,858,142,0.142,0.011314398315839825
690,845,155,0.155,0.010410962465834544
760,880,120,0.12,0.009272307629660475
768,884,116,0.116,0.013768820633315202
732,866,134,0.134,0.008697999925760825
714,857,143,0.143,0.010068756152378797
670,835,165,0.165,0.012238822877143861
708,854,146,0.146,0.009418121392037704
738,869,131,0.131,0.009933679185119787
746,873,127,0.127,0.0075302508551612565
742,871,129,0.129,0.00950226352480172
706,853,147,0.147,0.00833761576837081
756,878,122,0.122,0.013451535217899121
734,867,133,0.133,0.009035076492951476
736,868,132,0.132,0.013060413446472609
750,875,125,0.125,0.007429944032075198
762,881,119,0.119,0.013082396984627338
692,846,154,0.154,0.012126471116382249
722,861,139,0.139,0.010395833376676137
764,882,118,0.118,0.009960611219468375
816,908,92,0.092,0.010022545978503317
708,854,146,0.146,0.012908408801009784
708,854,146,0.146,0.014414353259709344
672,836,164,0.164,0.010435203306720979
758,879,121,0.121,0.012030552026819649
694,847,153,0.153,0.012250409117328132
746,873,127,0.127,0.010899275714883885
702,851,149,0.149,0.011640084514359956
716,858,142,0.142,0.009914790320882787
772,886,114,0.114,0.009820778003872889
746,873,127,0.127,0.012335983074860848
690,845,155,0.155,0.007402543421518587
760,880,120,0.12,0.012118029211124893
702,851,149,0.149,0.008416632940162259
644,822,178,0.178,0.01138965364497966
748,874,126,0.126,0.011885013576447336
738,869,131,0.131,0.00958770949492859
702,851,149,0.149,0.008996837201073561
690,845,155,0.155,0.008127490951802058
800,900,100,0.1,0.0072847724163504065
710,855,145,0.145,0.009503017319128773
712,856,144,0.144,0.01055580233504945
678,839,161,0.161,0.011679431123937519
780,890,110,0.11,0.007075391078542296
762,881,119,0.119,0.011520817063890278
744,872,128,0.128,0.010217244380282778
784,892,108,0.108,0.010949427821609263
702,851,149,0.149,0.007876779630424807
732,866,134,0.134,0.011419744502922768
772,886,114,0.114,0.009131494692766353
732,866,134,0.134,0.011558787195503243
748,874,126,0.126,0.008344049769980813
702,851,149,0.149,0.01168960545563435
714,857,143,0.143,0.009819395901934825
740,870,130,0.13,0.008051446099942211
720,860,140,0.14,0.008735988577520303
756,878,122,0.122,0.011107142830407
704,852,148,0.148,0.0076470728361020405
666,833,167,0.167,0.010281116791082155
700,850,150,0.15,0.010897613996217559
796,898,102,0.102,0.01174211672575359
756,878,122,0.122,0.007020071801818517
740,870,130,0.13,0.006686710243780425
712,856,144,0.144,0.010821043136051117
722,861,139,0.139,0.006539632484225351
744,872,128,0.128,0.0058769524207170605
762,881,119,0.119,0.008069429123593508
834,917,83,0.083,0.007947005732565729
730,865,135,0.135,0.009688501548689459
754,877,123,0.123,0.008222769172502524
726,863,137,0.137,0.009896483115604725
714,857,143,0.143,0.006557805669390319
740,870,130,0.13,0.008135298212175058
754,877,123,0.123,0.006323795984355413
680,840,160,0.16,0.009751660911008259
724,862,138,0.138,0.01239433373103438
736,868,132,0.132,0.008882538331696737
676,838,162,0.162,0.007391070664220734
738,869,131,0.131,0.009395546171187817
772,886,114,0.114,0.008323529017023403
696,848,152,0.152,0.009073688408367886
710,855,145,0.145,0.012180207214679
732,866,134,0.134,0.007979572187067276
724,862,138,0.138,0.010974308515541409
762,881,119,0.119,0.01483630416521423
772,886,114,0.114,0.01098120480387098
746,873,127,0.127,0.008101240081726118
756,878,122,0.122,0.01300084592596204
700,850,150,0.15,0.013203644923027924
740,870,130,0.13,0.010271784681100371
740,870,130,0.13,0.011999007605370053
738,869,131,0.131,0.010932988608132518
780,890,110,0.11,0.011237548868050638
740,870,130,0.13,0.008720599169934815
746,873,127,0.127,0.009276569113161286
784,892,108,0.108,0.011566969889772452
672,836,164,0.164,0.00934982705967795
730,865,135,0.135,0.011771795334128513
730,865,135,0.135,0.008939245545171715
682,841,159,0.159,0.01245335525607426
732,866,134,0.134,0.008970486402558705
752,876,124,0.124,0.011196378052787906
762,881,119,0.119,0.012535776783974967
710,855,145,0.145,0.006352916554159919
722,861,139,0.139,0.00934794695585603
762,881,119,0.119,0.009395177030519277
716,858,142,0.142,0.00949779357449296
726,863,137,0.137,0.011192399028140784
728,864,136,0.136,0.010658973562232518
746,873,127,0.127,0.008781533059736717
716,858,142,0.142,0.007809341496116204
716,858,142,0.142,0.006708862380103696
772,886,114,0.114,0.01192692042540368
750,875,125,0.125,0.008284072283540639
732,866,134,0.134,0.0075789750542715525
756,878,122,0.122,0.010817440352329386
734,867,133,0.133,0.008566558692343108
810,905,95,0.095,0.0066499102072841935
730,865,135,0.135,0.00996418235051641
740,870,130,0.13,0.009763514961946825
712,856,144,0.144,0.011138731117193828
706,853,147,0.147,0.008794779098393605
760,880,120,0.12,0.011756372480623768
762,881,119,0.119,0.010462858673764857
768,884,116,0.116,0.00940977739692002
762,881,119,0.119,0.009039035663122662
712,856,144,0.144,0.006956851572634889
812,906,94,0.094,0.00938227930123898
704,852,148,0.148,0.007966736190006955
720,860,140,0.14,0.008787793725633037
696,848,152,0.152,0.01172504858334088
784,892,108,0.108,0.007188207936368059
752,876,124,0.124,0.010345193542833713
708,854,146,0.146,0.009578053956319053
790,895,105,0.105,0.011730713038084943
750,875,125,0.125,0.009459711440451827
744,872,128,0.128,0.010202769983587445
704,852,148,0.148,0.008358226807261119
752,876,124,0.124,0.007540718915403716
794,897,103,0.103,0.008259680788434863
746,873,127,0.127,0.007817509312749351
632,816,184,0.184,0.009220681639150059
714,857,143,0.143,0.008838465175939121
742,871,129,0.129,0.00908902283245331
772,886,114,0.114,0.009063638049738103
768,884,116,0.116,0.0069333602851934725
774,887,113,0.113,0.011644139532937301
758,879,121,0.121,0.008773881553673049
700,850,150,0.15,0.008240420349527867
778,889,111,0.111,0.006605540095830818
750,875,125,0.125,0.005765648196590718
732,866,134,0.134,0.011916786045996702
704,852,148,0.148,0.006180828500187161
734,867,133,0.133,0.006976883311636868
730,865,135,0.135,0.007150188346368054
736,868,132,0.132,0.010179753155686413
702,851,149,0.149,0.00868282479280373
774,887,113,0.113,0.01190465857832342
780,890,110,0.11,0.009012793216555976
718,859,141,0.141,0.01164850791294444
762,881,119,0.119,0.011686890827698903
788,894,106,0.106,0.009250597051009194
732,866,134,0.134,0.008293500772339243
728,864,136,0.136,0.009491465905436001
786,893,107,0.107,0.009082456600786428
732,866,134,0.134,0.006918750983710822
730,865,135,0.135,0.007087624312085865
722,861,139,0.139,0.007284804525990836
678,839,161,0.161,0.010050369098296387
764,882,118,0.118,0.008032833272489114
710,855,145,0.145,0.006641073120950494
700,850,150,0.15,0.008332707475950244
752,876,124,0.124,0.008990337082659706
746,873,127,0.127,0.009178852144633907
686,843,157,0.157,0.006129790007290566
722,861,139,0.139,0.008185071685683198
756,878,122,0.122,0.00735428619012444
730,865,135,0.135,0.007445151197127416
682,841,159,0.159,0.006170624402490645
726,863,137,0.137,0.0064662311629778485
708,854,146,0.146,0.007754349545649561
694,847,153,0.153,0.004635660084321642
712,856,144,0.144,0.010626512431065563
736,868,132,0.132,0.006630429335789955
748,874,126,0.126,0.007410434882279276
732,866,134,0.134,0.005937371387257229
692,846,154,0.154,0.007395604043530114
756,878,122,0.122,0.0072891680367218326
776,888,112,0.112,0.010003169451681714
722,861,139,0.139,0.007075913909475176
760,880,120,0.12,0.006788398764424486
766,883,117,0.117,0.007445608184208908
694,847,153,0.153,0.008255987460358626
768,884,116,0.116,0.009440333733903841
760,880,120,0.12,0.008717502058188017
698,849,151,0.151,0.006155972638923686
692,846,154,0.154,0.008994359002716607
736,868,132,0.132,0.007400711771136997
710,855,145,0.145,0.008855706353702785
730,865,135,0.135,0.007477544334947154
676,838,162,0.162,0.010575783301999337
714,857,143,0.143,0.007325520349166268
728,864,136,0.136,0.009625125148521391
720,860,140,0.14,0.0102437388524541
770,885,115,0.115,0.008749151413794494
752,876,124,0.124,0.009003492374208747
712,856,144,0.144,0.008780433380799707
732,866,134,0.134,0.009004560926324174
724,862,138,0.138,0.00715494457661353
744,872,128,0.128,0.010932224135698292
766,883,117,0.117,0.005467041862560706
788,894,106,0.106,0.006438184602026737
708,854,146,0.146,0.007061321204548577
744,872,128,0.128,0.006717608835289837
702,851,149,0.149,0.009380840100067971
756,878,122,0.122,0.009041396965024746
732,866,134,0.134,0.006263165628905597
704,852,148,0.148,0.011185613099557073
702,851,149,0.149,0.00963179339426233
736,868,132,0.132,0.005898304890371336
756,878,122,0.122,0.006540308133048811
746,873,127,0.127,0.007850120323983035
700,850,150,0.15,0.007454615984895853
684,842,158,0.158,0.005900163841141534
716,858,142,0.142,0.005806402159883163
702,851,149,0.149,0.008057771356363886
698,849,151,0.151,0.009462553861289904
704,852,148,0.148,0.007766500912984185
690,845,155,0.155,0.011609286094064643
712,856,144,0.144,0.009839885518408621
734,867,133,0.133,0.00682118483271617
724,862,138,0.138,0.009876675916290949
666,833,167,0.167,0.007897382228497363
752,876,124,0.124,0.006321539765815402
718,859,141,0.141,0.012563815431379112
730,865,135,0.135,0.007714745045697327
742,871,129,0.129,0.009400523773482973
778,889,111,0.111,0.010836375082660197
712,856,144,0.144,0.009913422143420718
718,859,141,0.141,0.012008382687270724
728,864,136,0.136,0.010294434018800643
738,869,131,0.131,0.011926883573626725
734,867,133,0.133,0.00719743820142321
702,851,149,0.149,0.008202348658842225
762,881,119,0.119,0.010334739473258338
774,887,113,0.113,0.011620444751896102
754,877,123,0.123,0.00866639919593797
758,879,121,0.121,0.007114468061913215
780,890,110,0.11,0.012413288569979471
718,859,141,0.141,0.011401649029906565
740,870,130,0.13,0.006679734243112435
718,859,141,0.141,0.00694380819467203
762,881,119,0.119,0.007192160917792606
748,874,126,0.126,0.006770344649062963
740,870,130,0.13,0.008563284910611074
776,888,112,0.112,0.008138952803177205
728,864,136,0.136,0.00675627212531677
738,869,131,0.131,0.008152662020299233
672,836,164,0.164,0.009071212996586198
724,862,138,0.138,0.008171057927025757
748,874,126,0.126,0.008595552929245343
734,867,133,0.133,0.008381274525865621
706,853,147,0.147,0.009508689232065734
718,859,141,0.141,0.007616106749902088
728,864,136,0.136,0.007645643357844392
734,867,133,0.133,0.010478503954637276
676,838,162,0.162,0.008783166875779585
744,872,128,0.128,0.0074982141316831275
726,863,137,0.137,0.008167311012818458
738,869,131,0.131,0.007964994447757988
678,839,161,0.161,0.006264860975474136
780,890,110,0.11,0.009960577860782735
752,876,124,0.124,0.01014888928192721
680,840,160,0.16,0.010309804946686782
770,885,115,0.115,0.008746224001858038
708,854,146,0.146,0.009282974292468011
738,869,131,0.131,0.008861441908913989
702,851,149,0.149,0.0054178399032201695
720,860,140,0.14,0.0091257621184576
750,875,125,0.125,0.01117509996249754
736,868,132,0.132,0.008083488081223408
726,863,137,0.137,0.005795211094354527
700,850,150,0.15,0.008731082276139333
756,878,122,0.122,0.008399286781941882
726,863,137,0.137,0.006496990524677472
808,904,96,0.096,0.00813701638344979
736,868,132,0.132,0.007734167144902983
720,860,140,0.14,0.00939264658549999
706,853,147,0.147,0.006876707806999221
698,849,151,0.151,0.008662078820360094
730,865,135,0.135,0.008117213380270116
716,858,142,0.142,0.006507429065349243
692,846,154,0.154,0.005796031304760447
772,886,114,0.114,0.006724881778891742
688,844,156,0.156,0.007965955819050251
678,839,161,0.161,0.007225634978060952
752,876,124,0.124,0.006505915026181924
728,864,136,0.136,0.008117068570681582
676,838,162,0.162,0.010927816202098399
706,853,147,0.147,0.00721813725592753
752,876,124,0.124,0.007918014405604027
688,844,156,0.156,0.00523102831884033
710,855,145,0.145,0.006025268969865394
726,863,137,0.137,0.012996611937438176
762,881,119,0.119,0.007207897437167688
744,872,128,0.128,0.012813113162582795
710,855,145,0.145,0.00834893964134551
754,877,123,0.123,0.008888539372496496
712,856,144,0.144,0.007884311144536568
710,855,145,0.145,0.00868855524346354
766,883,117,0.117,0.009769616355866078
780,890,110,0.11,0.011309867682004437
736,868,132,0.132,0.009157520022880008
758,879,121,0.121,0.008365470005449979
718,859,141,0.141,0.008463297488512551
710,855,145,0.145,0.005492161918978766
714,857,143,0.143,0.006872476500189805
724,862,138,0.138,0.009878561572780512
774,887,113,0.113,0.007351712861007286
716,858,142,0.142,0.007098350954899686
676,838,162,0.162,0.007910461894713266
746,873,127,0.127,0.0077707644366570745
696,848,152,0.152,0.011477035432226359
782,891,109,0.109,0.008166840587038067
744,872,128,0.128,0.009734346423503381
744,872,128,0.128,0.00898024468209087
698,849,151,0.151,0.010243910033898487
728,864,136,0.136,0.009430783211861339
682,841,159,0.159,0.007683780758429904
736,868,132,0.132,0.00940249453901427
762,881,119,0.119,0.009449055782384278
726,863,137,0.137,0.007870946418534572
768,884,116,0.116,0.00971263648046316
772,886,114,0.114,0.011209807449770154
724,862,138,0.138,0.008705578348859447
726,863,137,0.137,0.008232926548316711
690,845,155,0.155,0.008519800479284271
756,878,122,0.122,0.008083297029935621
772,886,114,0.114,0.00953285975342601
712,856,144,0.144,0.008454264006464542
716,858,142,0.142,0.008303006277613335
710,855,145,0.145,0.005737425639022973
740,870,130,0.13,0.009740904999259043
740,870,130,0.13,0.008654078102597537
732,866,134,0.134,0.008343880494250897
696,848,152,0.152,0.00860435354374799
706,853,147,0.147,0.005252906744289604
766,883,117,0.117,0.005213659204508744
750,875,125,0.125,0.006947626865031665
736,868,132,0.132,0.005778393317256899
718,859,141,0.141,0.009178612428548888
716,858,142,0.142,0.008900808313542143
758,879,121,0.121,0.007688071674309455
756,878,122,0.122,0.006693093410560024
728,864,136,0.136,0.008603289299555129
774,887,113,0.113,0.012563608766834022
740,870,130,0.13,0.00818240297692148
746,873,127,0.127,0.011961431486968791
770,885,115,0.115,0.006024599377805629
742,871,129,0.129,0.009430545200595362
756,878,122,0.122,0.00912038939452522
716,858,142,0.142,0.008347467742828699
784,892,108,0.108,0.005134521131736762
736,868,132,0.132,0.006865191573473325
702,851,149,0.149,0.006125624902538732
748,874,126,0.126,0.006713557741645814
734,867,133,0.133,0.008448755449754387
746,873,127,0.127,0.0069139996982744666
808,904,96,0.096,0.004798635073392148
706,853,147,0.147,0.009435144707580462
700,850,150,0.15,0.004783071758261215
702,851,149,0.149,0.005202870797167236
756,878,122,0.122,0.007903507577626485
726,863,137,0.137,0.0061654765157814215
706,853,147,0.147,0.007015423865560678
746,873,127,0.127,0.00625506336788581
748,874,126,0.126,0.006237059036164794
696,848,152,0.152,0.011929624612004502
764,882,118,0.118,0.006381945986094266
748,874,126,0.126,0.0048390515302374265
714,857,143,0.143,0.006176539604342807
726,863,137,0.137,0.0063851086430618265
706,853,147,0.147,0.00928039357059295
766,883,117,0.117,0.006380604475387486
732,866,134,0.134,0.006099476616332893
736,868,132,0.132,0.005241408530963483
792,896,104,0.104,0.007220057337668223
746,873,127,0.127,0.005458140415094249
766,883,117,0.117,0.006454948929660461
736,868,132,0.132,0.006423909776758421
772,886,114,0.114,0.0062575587463987855
716,858,142,0.142,0.008225117879637565
704,852,148,0.148,0.0058364625586502395
702,851,149,0.149,0.006832838499388174
672,836,164,0.164,0.0052690150218528235
702,851,149,0.149,0.005609730355713267
684,842,158,0.158,0.0050525615672081725
764,882,118,0.118,0.005218963619317108
754,877,123,0.123,0.005727269823921617
678,839,161,0.161,0.005849521714940451
686,843,157,0.157,0.007073771972657369
754,877,123,0.123,0.006041519883188016
738,869,131,0.131,0.0068088269128899126
722,861,139,0.139,0.006585974653346753
724,862,138,0.138,0.005809113732427519
710,855,145,0.145,0.0070349241539144885
672,836,164,0.164,0.006537151375987179
738,869,131,0.131,0.004769740164542767
728,864,136,0.136,0.0064202434437099784
754,877,123,0.123,0.007978238694633375
742,871,129,0.129,0.007562599133698896
760,880,120,0.12,0.0054193587232807235
748,874,126,0.126,0.008471051860941969
716,858,142,0.142,0.0074207010599736944
688,844,156,0.156,0.010743716699251508
772,886,114,0.114,0.008186579681864472
752,876,124,0.124,0.009556955482815184
772,886,114,0.114,0.011111867912783168
762,881,119,0.119,0.009083449315910102
718,859,141,0.141,0.007940845697053276
770,885,115,0.115,0.006353928112571893
696,848,152,0.152,0.006329502251438271
744,872,128,0.128,0.008341916028515526
708,854,146,0.146,0.0066558312579353615
740,870,130,0.13,0.007702704387752902
750,875,125,0.125,0.00911290075959603
760,880,120,0.12,0.006592016122146433
762,881,119,0.119,0.0060544804484782165
736,868,132,0.132,0.006694638400585305
778,889,111,0.111,0.007654494284532461
734,867,133,0.133,0.007628609711165552
730,865,135,0.135,0.006424775815713261
692,846,154,0.154,0.005860866870395824
740,870,130,0.13,0.0036359844031305217
676,838,162,0.162,0.00823567313183375
752,876,124,0.124,0.00719603390835151
742,871,129,0.129,0.007493468813348826
696,848,152,0.152,0.0052888820844897
702,851,149,0.149,0.005321170307484521
710,855,145,0.145,0.007797542478433656
780,890,110,0.11,0.007176123066499627
718,859,141,0.141,0.008969490002943203
748,874,126,0.126,0.006410557850402228
732,866,134,0.134,0.008437364530171323
748,874,126,0.126,0.005997279473570472
726,863,137,0.137,0.0038158242090278664
726,863,137,0.137,0.0065656396437853174
734,867,133,0.133,0.00626343819056595
