log_avg_ept_score,log_avg_succ_req,log_avg_blk_req,log_avg_BP_req,log_avg_entropy
6848,8424,1576,0.1576,1.6079310076713562
6726,8363,1637,0.1637,1.6079639128565788
6718,8359,1641,0.1641,1.6079217213213444
6692,8346,1654,0.1654,1.6080165341615678
6654,8327,1673,0.1673,1.6076960942268372
6762,8381,1619,0.1619,1.6072024929156141
6904,8452,1548,0.1548,1.607758783710003
6794,8397,1603,0.1603,1.6077148397684098
6942,8471,1529,0.1529,1.6073651422977449
6878,8439,1561,0.1561,1.6073683799028398
6962,8481,1519,0.1519,1.6071094457328319
6646,8323,1677,0.1677,1.607244352686405
6784,8392,1608,0.1608,1.6068835878551007
6922,8461,1539,0.1539,1.6069494952201844
6702,8351,1649,0.1649,1.6066615646213294
6770,8385,1615,0.1615,1.6067246253203107
6700,8350,1650,0.165,1.6057260590596245
6930,8465,1535,0.1535,1.6058051821649075
6728,8364,1636,0.1636,1.6056846604257822
6686,8343,1657,0.1657,1.6059230435967446
6650,8325,1675,0.1675,1.5999645449131727
6672,8336,1664,0.1664,1.6001106785622892
6732,8366,1634,0.1634,1.5992666052810849
6958,8479,1521,0.1521,1.599523713980615
6790,8395,1605,0.1605,1.5728663284320736
6722,8361,1639,0.1639,1.571895390868187
6830,8415,1585,0.1585,1.5698991916000844
6860,8430,1570,0.157,1.5680292142840568
6638,8319,1681,0.1681,1.4632445987297165
6848,8424,1576,0.1576,1.4565559980838503
6796,8398,1602,0.1602,1.4580796176296782
7070,8535,1465,0.1465,1.4483146212163847
7246,8623,1377,0.1377,1.1971210273965414
7224,8612,1388,0.1388,1.191478062831599
7030,8515,1485,0.1485,1.1793817668155737
7240,8620,1380,0.138,1.1695281323096858
7324,8662,1338,0.1338,0.9548441539687618
7206,8603,1397,0.1397,0.9551939371860204
7284,8642,1358,0.1358,0.9537723464416591
7266,8633,1367,0.1367,0.9457412013949031
7130,8565,1435,0.1435,0.9344140816264825
7344,8672,1328,0.1328,0.9264021369936818
7306,8653,1347,0.1347,0.9307148677318291
7508,8754,1246,0.1246,0.919428350026559
7502,8751,1249,0.1249,0.8237156907142605
7190,8595,1405,0.1405,0.8369185566299073
7306,8653,1347,0.1347,0.8186258135027809
7344,8672,1328,0.1328,0.8190103344754367
7372,8686,1314,0.1314,0.7482152624869352
7190,8595,1405,0.1405,0.7542584006949412
6870,8435,1565,0.1565,0.7646615503388311
7358,8679,1321,0.1321,0.752294302295929
7236,8618,1382,0.1382,0.7261664078368946
7300,8650,1350,0.135,0.7216038346741492
7390,8695,1305,0.1305,0.7206525371352651
7436,8718,1282,0.1282,0.7166508385406019
7404,8702,1298,0.1298,0.6365436064453883
7444,8722,1278,0.1278,0.6332148482357035
7528,8764,1236,0.1236,0.6315888920668764
7404,8702,1298,0.1298,0.6336459071128924
7214,8607,1393,0.1393,0.6303939895251999
7484,8742,1258,0.1258,0.6218581944864243
7528,8764,1236,0.1236,0.6232927043051898
7312,8656,1344,0.1344,0.6323047660091221
7476,8738,1262,0.1262,0.5882034136787057
7060,8530,1470,0.147,0.5987913579911032
7350,8675,1325,0.1325,0.5893234877239912
7370,8685,1315,0.1315,0.5927399838726968
7308,8654,1346,0.1346,0.5784233285104339
7328,8664,1336,0.1336,0.5734220292287878
7472,8736,1264,0.1264,0.5751671400850704
7388,8694,1306,0.1306,0.5752244648875737
7428,8714,1286,0.1286,0.5349740337939969
7374,8687,1313,0.1313,0.5365455321552698
7694,8847,1153,0.1153,0.5305670831214636
7432,8716,1284,0.1284,0.5318363213639763
7360,8680,1320,0.132,0.5086225314080483
7688,8844,1156,0.1156,0.5058732784859854
7456,8728,1272,0.1272,0.5099281997087878
7446,8723,1277,0.1277,0.5092097648132592
7556,8778,1222,0.1222,0.4697042919372965
7560,8780,1220,0.122,0.4710897032787529
7548,8774,1226,0.1226,0.4705007526172754
7414,8707,1293,0.1293,0.4713135639712214
7530,8765,1235,0.1235,0.44491729766656646
7408,8704,1296,0.1296,0.44690583889089086
7448,8724,1276,0.1276,0.44611172774241475
7578,8789,1211,0.1211,0.4421625055884244
7616,8808,1192,0.1192,0.43274760316461325
7552,8776,1224,0.1224,0.4397219002652211
7378,8689,1311,0.1311,0.4395693482526229
7466,8733,1267,0.1267,0.43604348693065914
7514,8757,1243,0.1243,0.4339229277133942
7480,8740,1260,0.126,0.43636564294697694
7372,8686,1314,0.1314,0.4387029859572649
7472,8736,1264,0.1264,0.4373564810307354
7710,8855,1145,0.1145,0.39557316210825555
7552,8776,1224,0.1224,0.40035530066415903
7466,8733,1267,0.1267,0.3998357195330295
7538,8769,1231,0.1231,0.3966165464413544
7606,8803,1197,0.1197,0.40515577616180315
7542,8771,1229,0.1229,0.40324820114838655
7524,8762,1238,0.1238,0.4062837245446857
7642,8821,1179,0.1179,0.4000352397465962
7230,8615,1385,0.1385,0.3922888458219357
7592,8796,1204,0.1204,0.38794938399288803
7550,8775,1225,0.1225,0.3930228507820517
7714,8857,1143,0.1143,0.3857016866288439
7594,8797,1203,0.1203,0.4002233003347879
7660,8830,1170,0.117,0.39427478309553116
7374,8687,1313,0.1313,0.396236668153484
7448,8724,1276,0.1276,0.3908134363820442
7512,8756,1244,0.1244,0.39365145557075737
7432,8716,1284,0.1284,0.39140904189699904
7458,8729,1271,0.1271,0.39643830806810576
7696,8848,1152,0.1152,0.3870552107447332
7604,8802,1198,0.1198,0.3721053242583238
7656,8828,1172,0.1172,0.3687189790841192
7612,8806,1194,0.1194,0.3677524508583987
7570,8785,1215,0.1215,0.36411302661186784
7560,8780,1220,0.122,0.37069638940766453
7552,8776,1224,0.1224,0.37170243153518534
7654,8827,1173,0.1173,0.37352161396120764
7514,8757,1243,0.1243,0.37924551884741814
7692,8846,1154,0.1154,0.3609114475980401
7516,8758,1242,0.1242,0.3666688864397919
7380,8690,1310,0.131,0.3680744868182068
7628,8814,1186,0.1186,0.3621164335038513
7518,8759,1241,0.1241,0.39156642656036805
7506,8753,1247,0.1247,0.39534933389723304
7528,8764,1236,0.1236,0.39643735100477934
7478,8739,1261,0.1261,0.39371612619878726
7528,8764,1236,0.1236,0.3759295349406146
7616,8808,1192,0.1192,0.3744014399893262
7522,8761,1239,0.1239,0.3759492830693722
7568,8784,1216,0.1216,0.3776842795327201
7432,8716,1284,0.1284,0.387977394731692
7586,8793,1207,0.1207,0.3880631671985722
7618,8809,1191,0.1191,0.38106978141397824
7546,8773,1227,0.1227,0.37428308945968675
7518,8759,1241,0.1241,0.3592671019166708
7434,8717,1283,0.1283,0.3626157895386619
7470,8735,1265,0.1265,0.364587461178191
7568,8784,1216,0.1216,0.36795707594021815
7574,8787,1213,0.1213,0.3493149276350625
7570,8785,1215,0.1215,0.348988157419879
7528,8764,1236,0.1236,0.34655271320318387
7708,8854,1146,0.1146,0.32768801774270834
7834,8917,1083,0.1083,0.3109320580583997
7730,8865,1135,0.1135,0.31335071868397063
7436,8718,1282,0.1282,0.3202580931738019
7690,8845,1155,0.1155,0.31776553256907175
7576,8788,1212,0.1212,0.3251518339503673
7600,8800,1200,0.12,0.3249723333990667
7462,8731,1269,0.1269,0.3284213069885969
7590,8795,1205,0.1205,0.32386265437835826
7464,8732,1268,0.1268,0.3284688930606271
7690,8845,1155,0.1155,0.32345725528972225
7510,8755,1245,0.1245,0.32948607685792375
7626,8813,1187,0.1187,0.3256372677524831
7686,8843,1157,0.1157,0.3105075180699583
7522,8761,1239,0.1239,0.3138579407817334
7498,8749,1251,0.1251,0.3118895275731259
7634,8817,1183,0.1183,0.3091675349598518
7786,8893,1107,0.1107,0.3114674566162723
7484,8742,1258,0.1258,0.31882351829950173
7582,8791,1209,0.1209,0.3154117056554478
7606,8803,1197,0.1197,0.31348817129872536
7624,8812,1188,0.1188,0.3079671847668515
7624,8812,1188,0.1188,0.30894876401398835
7638,8819,1181,0.1181,0.308985040802019
7650,8825,1175,0.1175,0.3069424076586496
7820,8910,1090,0.109,0.2978326895630399
7652,8826,1174,0.1174,0.3007782026166429
7480,8740,1260,0.126,0.30328938306719067
7830,8915,1085,0.1085,0.2943956912893918
7556,8778,1222,0.1222,0.305362644930635
7426,8713,1287,0.1287,0.3098944310119272
7592,8796,1204,0.1204,0.31154886744281973
7582,8791,1209,0.1209,0.3145078745814175
7492,8746,1254,0.1254,0.30787828051671384
7588,8794,1206,0.1206,0.3043798570336774
7764,8882,1118,0.1118,0.29599763186762823
7476,8738,1262,0.1262,0.3024764835155569
7490,8745,1255,0.1255,0.31073244735366334
7478,8739,1261,0.1261,0.3143946502049167
7484,8742,1258,0.1258,0.31204831449875636
7600,8800,1200,0.12,0.3118878125173971
7666,8833,1167,0.1167,0.30479620955317005
7618,8809,1191,0.1191,0.3062880855419207
7666,8833,1167,0.1167,0.30300848936287467
7558,8779,1221,0.1221,0.30150517064407467
7648,8824,1176,0.1176,0.31291674299140987
7642,8821,1179,0.1179,0.3194737562154885
7464,8732,1268,0.1268,0.32577964852878527
7482,8741,1259,0.1259,0.32769749815653265
7654,8827,1173,0.1173,0.3109117144195741
7634,8817,1183,0.1183,0.3112689591541886
7708,8854,1146,0.1146,0.3118044197202631
7684,8842,1158,0.1158,0.3118455990780145
7786,8893,1107,0.1107,0.33943726715806405
7480,8740,1260,0.126,0.3510179440781474
7546,8773,1227,0.1227,0.352662364723335
7490,8745,1255,0.1255,0.3551802280960605
7484,8742,1258,0.1258,0.34734856000393627
7558,8779,1221,0.1221,0.3486732645213604
7338,8669,1331,0.1331,0.35850926240276965
7660,8830,1170,0.117,0.35695340656454017
7658,8829,1171,0.1171,0.34565083708347094
7628,8814,1186,0.1186,0.3447998503153678
7592,8796,1204,0.1204,0.341896366456156
7602,8801,1199,0.1199,0.33734825607087654
7522,8761,1239,0.1239,0.3460479064418923
7504,8752,1248,0.1248,0.3515301280894321
7618,8809,1191,0.1191,0.34960922099109737
7638,8819,1181,0.1181,0.35153348004515284
7302,8651,1349,0.1349,0.3419758872646854
7478,8739,1261,0.1261,0.3341582683619112
7630,8815,1185,0.1185,0.32960403854308845
7512,8756,1244,0.1244,0.3297867699584087
7528,8764,1236,0.1236,0.3552447341662366
7574,8787,1213,0.1213,0.35142222698311926
7530,8765,1235,0.1235,0.35111971825903165
7518,8759,1241,0.1241,0.3471271008002688
7778,8889,1111,0.1111,0.3067682982036313
7664,8832,1168,0.1168,0.308804736247845
7508,8754,1246,0.1246,0.3150016582569929
7522,8761,1239,0.1239,0.32523348414694336
7518,8759,1241,0.1241,0.36413493872315156
7530,8765,1235,0.1235,0.36408577169540224
7640,8820,1180,0.118,0.3588731235145622
7610,8805,1195,0.1195,0.347337483163178
7524,8762,1238,0.1238,0.3238987788648889
7602,8801,1199,0.1199,0.3266004561915232
7618,8809,1191,0.1191,0.3323451589241658
7444,8722,1278,0.1278,0.3458493146404624
7700,8850,1150,0.115,0.343610144944489
7458,8729,1271,0.1271,0.3450967487543821
7690,8845,1155,0.1155,0.3320677943021141
7520,8760,1240,0.124,0.32684568337729664
7572,8786,1214,0.1214,0.3224335782090654
7730,8865,1135,0.1135,0.3235163071714458
7562,8781,1219,0.1219,0.3297604329335699
7678,8839,1161,0.1161,0.3315427612596191
7670,8835,1165,0.1165,0.3258534916716337
7556,8778,1222,0.1222,0.3284375619375105
7446,8723,1277,0.1277,0.3326506312178797
7490,8745,1255,0.1255,0.3371965560905328
7340,8670,1330,0.133,0.35394153389036653
7502,8751,1249,0.1249,0.35300685306388885
7710,8855,1145,0.1145,0.3451400109420705
7584,8792,1208,0.1208,0.3416621435988563
7598,8799,1201,0.1201,0.34341329033705403
7444,8722,1278,0.1278,0.34750901183843325
7572,8786,1214,0.1214,0.3436464670777743
7566,8783,1217,0.1217,0.33904610951105135
7526,8763,1237,0.1237,0.30625065140257357
7632,8816,1184,0.1184,0.30097318173520465
7650,8825,1175,0.1175,0.2909111303493381
7624,8812,1188,0.1188,0.28847832393823053
7624,8812,1188,0.1188,0.2911069189569291
7618,8809,1191,0.1191,0.2874924883662956
7510,8755,1245,0.1245,0.2865868890356913
7600,8800,1200,0.12,0.2816525890188874
7760,8880,1120,0.112,0.2721977097595547
7796,8898,1102,0.1102,0.2679388808653777
7506,8753,1247,0.1247,0.26936636692614413
7652,8826,1174,0.1174,0.2635405429113307
7502,8751,1249,0.1249,0.28136342605175285
7766,8883,1117,0.1117,0.27968195753782055
7694,8847,1153,0.1153,0.2874617070407723
7678,8839,1161,0.1161,0.29087959451799345
7672,8836,1164,0.1164,0.28619633260840166
7678,8839,1161,0.1161,0.2842698761011403
7436,8718,1282,0.1282,0.291423761656522
7620,8810,1190,0.119,0.28880788336675617
7498,8749,1251,0.1251,0.3084484053269029
7576,8788,1212,0.1212,0.3121667292838245
7410,8705,1295,0.1295,0.321820993348863
7662,8831,1169,0.1169,0.32066123978187205
7504,8752,1248,0.1248,0.33655079898958795
7634,8817,1183,0.1183,0.3363350035487034
7660,8830,1170,0.117,0.33700094130933284
7682,8841,1159,0.1159,0.33420162780499085
7502,8751,1249,0.1249,0.34242335696858356
7722,8861,1139,0.1139,0.3379424768220244
7546,8773,1227,0.1227,0.3439314079641522
7700,8850,1150,0.115,0.3435598541239115
7678,8839,1161,0.1161,0.3386079429786654
7532,8766,1234,0.1234,0.3374058371568448
7518,8759,1241,0.1241,0.3286826578805125
7784,8892,1108,0.1108,0.3136789604687452
7450,8725,1275,0.1275,0.3109037777979323
7310,8655,1345,0.1345,0.3167327565991589
7712,8856,1144,0.1144,0.3154986616003183
7492,8746,1254,0.1254,0.3249136749431643
7714,8857,1143,0.1143,0.29912022941857574
7590,8795,1205,0.1205,0.29768794308991303
7714,8857,1143,0.1143,0.28120496751337776
7692,8846,1154,0.1154,0.2697703382630833
7444,8722,1278,0.1278,0.2865049367743389
7406,8703,1297,0.1297,0.29097380963247865
7616,8808,1192,0.1192,0.2925338972836733
7320,8660,1340,0.134,0.3045188016348086
7616,8808,1192,0.1192,0.26242116304742735
7766,8883,1117,0.1117,0.2536269164006692
7424,8712,1288,0.1288,0.2454307424031198
7562,8781,1219,0.1219,0.24096126607215992
7574,8787,1213,0.1213,0.26006854996846335
7396,8698,1302,0.1302,0.2677346026010708
7370,8685,1315,0.1315,0.27251249707594405
7634,8817,1183,0.1183,0.26790779044713126
7668,8834,1166,0.1166,0.2490029070203128
7714,8857,1143,0.1143,0.24356719988808037
7564,8782,1218,0.1218,0.24432439456284047
7406,8703,1297,0.1297,0.24660328392211472
7492,8746,1254,0.1254,0.26104237705146077
7666,8833,1167,0.1167,0.26025143621352037
7712,8856,1144,0.1144,0.2593715549885492
7908,8954,1046,0.1046,0.2534900631231563
7602,8801,1199,0.1199,0.24400948845162057
7762,8881,1119,0.1119,0.23968618907202907
7562,8781,1219,0.1219,0.24685451817814902
7840,8920,1080,0.108,0.2495466838605702
7612,8806,1194,0.1194,0.27937129054621423
7406,8703,1297,0.1297,0.28506539637323725
7678,8839,1161,0.1161,0.2828763815330341
7680,8840,1160,0.116,0.2840777594264597
7628,8814,1186,0.1186,0.2895953377352096
7672,8836,1164,0.1164,0.2900960312282783
7622,8811,1189,0.1189,0.29195955825764686
7600,8800,1200,0.12,0.2909310106059227
7564,8782,1218,0.1218,0.2869791829296635
7630,8815,1185,0.1185,0.2883981283880611
7568,8784,1216,0.1216,0.2892632291973309
7578,8789,1211,0.1211,0.29724556586178225
7658,8829,1171,0.1171,0.3020413466851926
7606,8803,1197,0.1197,0.3002806301887371
7642,8821,1179,0.1179,0.2940185854658368
7666,8833,1167,0.1167,0.28437755765756595
7768,8884,1116,0.1116,0.2883444166343928
7554,8777,1223,0.1223,0.29715466079926117
7684,8842,1158,0.1158,0.30182839547744844
7864,8932,1068,0.1068,0.3038774990528822
7666,8833,1167,0.1167,0.2979037515312433
7534,8767,1233,0.1233,0.2995970713232228
7484,8742,1258,0.1258,0.2984859764553606
7754,8877,1123,0.1123,0.2979609098087432
7568,8784,1216,0.1216,0.3139602560633941
7538,8769,1231,0.1231,0.31918295688414944
7562,8781,1219,0.1219,0.31566406153430787
7770,8885,1115,0.1115,0.30941554678878747
7672,8836,1164,0.1164,0.30031556361825207
7672,8836,1164,0.1164,0.298051885182038
7810,8905,1095,0.1095,0.29420449821027833
7470,8735,1265,0.1265,0.3071180295450675
7650,8825,1175,0.1175,0.3227432051944117
7672,8836,1164,0.1164,0.32361920083718143
7386,8693,1307,0.1307,0.3286160937870474
7730,8865,1135,0.1135,0.32841597082891966
7516,8758,1242,0.1242,0.3386107455894351
7610,8805,1195,0.1195,0.3349447884292807
7728,8864,1136,0.1136,0.33688223448060794
7490,8745,1255,0.1255,0.3392010050923389
7738,8869,1131,0.1131,0.3368984256931581
7660,8830,1170,0.117,0.33605523924734443
7436,8718,1282,0.1282,0.345832304741587
7500,8750,1250,0.125,0.3497333474539118
7910,8955,1045,0.1045,0.3451918781074346
7516,8758,1242,0.1242,0.34742343447349266
7522,8761,1239,0.1239,0.3412984083698597
7402,8701,1299,0.1299,0.33921412178576577
7568,8784,1216,0.1216,0.3305066796868287
7608,8804,1196,0.1196,0.3356818038376789
7504,8752,1248,0.1248,0.340328532402482
7480,8740,1260,0.126,0.3437290623626617
7594,8797,1203,0.1203,0.33038381720520554
7634,8817,1183,0.1183,0.3269298749747824
7474,8737,1263,0.1263,0.32397945483089424
7588,8794,1206,0.1206,0.3208755598873844
7448,8724,1276,0.1276,0.32177692793479745
7802,8901,1099,0.1099,0.3164755556045682
7532,8766,1234,0.1234,0.31817580677494406
7644,8822,1178,0.1178,0.3090990700153388
7642,8821,1179,0.1179,0.29819796162098644
7510,8755,1245,0.1245,0.2990958170204215
7468,8734,1266,0.1266,0.3002139993284678
7730,8865,1135,0.1135,0.30114793157140013
7746,8873,1127,0.1127,0.30326157980771584
7396,8698,1302,0.1302,0.30682522104103116
7682,8841,1159,0.1159,0.3014002302756533
7572,8786,1214,0.1214,0.30592760709122385
7356,8678,1322,0.1322,0.3170889880346367
7618,8809,1191,0.1191,0.32058895209837107
7486,8743,1257,0.1257,0.32391284301746637
7666,8833,1167,0.1167,0.319719097884006
7460,8730,1270,0.127,0.32122652258614137
7374,8687,1313,0.1313,0.31941195377296816
7544,8772,1228,0.1228,0.31591275176054634
7758,8879,1121,0.1121,0.30825577252733055
7570,8785,1215,0.1215,0.30466048474769075
7642,8821,1179,0.1179,0.30130161631926894
7740,8870,1130,0.113,0.2973708533838391
7588,8794,1206,0.1206,0.3067009252669901
7438,8719,1281,0.1281,0.3334596556328237
7590,8795,1205,0.1205,0.3366470148459077
7436,8718,1282,0.1282,0.34030676690496653
7578,8789,1211,0.1211,0.33637730977916647
7466,8733,1267,0.1267,0.3371308290460176
7562,8781,1219,0.1219,0.33770397664214435
7590,8795,1205,0.1205,0.34295828597822814
7724,8862,1138,0.1138,0.34532708024159076
7696,8848,1152,0.1152,0.3511354723255499
7514,8757,1243,0.1243,0.35110565596009136
7442,8721,1279,0.1279,0.35385803816066663
7638,8819,1181,0.1181,0.35414561619323576
7702,8851,1149,0.1149,0.3579547199302702
7576,8788,1212,0.1212,0.3576498737548129
7718,8859,1141,0.1141,0.3471998887061848
7684,8842,1158,0.1158,0.33653093416750196
7380,8690,1310,0.131,0.3224944188407409
7520,8760,1240,0.124,0.32215861015059055
7610,8805,1195,0.1195,0.3204809761271346
7684,8842,1158,0.1158,0.3172943257149309
7592,8796,1204,0.1204,0.30412918842792774
7478,8739,1261,0.1261,0.2986583044533385
7592,8796,1204,0.1204,0.27786303466578566
7678,8839,1161,0.1161,0.2647225855928933
7780,8890,1110,0.111,0.25931548928628906
7546,8773,1227,0.1227,0.26472490115222175
7518,8759,1241,0.1241,0.27161142969671637
7624,8812,1188,0.1188,0.2778760641907604
7578,8789,1211,0.1211,0.2881083285077475
7424,8712,1288,0.1288,0.28953942559228163
7740,8870,1130,0.113,0.2778752715489827
7654,8827,1173,0.1173,0.2759548244551057
7538,8769,1231,0.1231,0.27237888915817116
7530,8765,1235,0.1235,0.27413734153911
7610,8805,1195,0.1195,0.27898105028937714
7426,8713,1287,0.1287,0.29000443130973724
7624,8812,1188,0.1188,0.29564977801327624
7672,8836,1164,0.1164,0.2928919677349447
7738,8869,1131,0.1131,0.28980991189034566
7606,8803,1197,0.1197,0.29099121621081564
7672,8836,1164,0.1164,0.2894518471752992
7498,8749,1251,0.1251,0.2939742863206193
7588,8794,1206,0.1206,0.29573229900523157
7632,8816,1184,0.1184,0.30394022991130976
7466,8733,1267,0.1267,0.31050745581474676
7436,8718,1282,0.1282,0.31399781600054766
7670,8835,1165,0.1165,0.31307966464119963
7350,8675,1325,0.1325,0.31651429844064516
7668,8834,1166,0.1166,0.3085666897028379
7546,8773,1227,0.1227,0.3064462607960908
7460,8730,1270,0.127,0.30123240975324006
7802,8901,1099,0.1099,0.2917616425624932
7804,8902,1098,0.1098,0.28721317347613523
7580,8790,1210,0.121,0.2911743879199028
7354,8677,1323,0.1323,0.2925797816496561
7608,8804,1196,0.1196,0.28758056728515397
7558,8779,1221,0.1221,0.2891279610367363
7672,8836,1164,0.1164,0.2850278837403719
7638,8819,1181,0.1181,0.2834828700948581
7700,8850,1150,0.115,0.2780443720457403
7542,8771,1229,0.1229,0.28156673774202223
7620,8810,1190,0.119,0.2834992982844972
7464,8732,1268,0.1268,0.2953027449409271
7566,8783,1217,0.1217,0.29921912888709923
7476,8738,1262,0.1262,0.29983360686297417
7506,8753,1247,0.1247,0.29030354659585617
7846,8923,1077,0.1077,0.2739133679001388
7714,8857,1143,0.1143,0.2644839816912753
7654,8827,1173,0.1173,0.26383150374841713
7654,8827,1173,0.1173,0.2629217094943755
7424,8712,1288,0.1288,0.26432151749662014
7572,8786,1214,0.1214,0.2592529360136657
7512,8756,1244,0.1244,0.252460668370247
7752,8876,1124,0.1124,0.24287144901959692
7656,8828,1172,0.1172,0.2346689097763825
7556,8778,1222,0.1222,0.22916938241507367
7648,8824,1176,0.1176,0.2232406245827675
7776,8888,1112,0.1112,0.21660759330317378
7606,8803,1197,0.1197,0.2215771704799344
7758,8879,1121,0.1121,0.21632016465563128
7620,8810,1190,0.119,0.21853176922649145
7696,8848,1152,0.1152,0.21635269491191725
7768,8884,1116,0.1116,0.21966602002485733
7478,8739,1261,0.1261,0.22877498184688203
7604,8802,1198,0.1198,0.23095250577488433
7680,8840,1160,0.116,0.22980243574708156
7618,8809,1191,0.1191,0.22845204472914338
7574,8787,1213,0.1213,0.23201741330102346
7560,8780,1220,0.122,0.23839932515829276
7720,8860,1140,0.114,0.24524434620596786
7652,8826,1174,0.1174,0.260033653956058
7602,8801,1199,0.1199,0.27055896198382834
7452,8726,1274,0.1274,0.2764172574012045
7724,8862,1138,0.1138,0.27276886499535824
7616,8808,1192,0.1192,0.2749799537807703
7404,8702,1298,0.1298,0.2825869493388149
7430,8715,1285,0.1285,0.2888583355451236
7578,8789,1211,0.1211,0.28963117505405556
7638,8819,1181,0.1181,0.29709618613211203
7584,8792,1208,0.1208,0.30133982673352583
7596,8798,1202,0.1202,0.30025732179488984
7488,8744,1256,0.1256,0.299613507117657
7598,8799,1201,0.1201,0.3013571626246674
7624,8812,1188,0.1188,0.31229625261649707
7534,8767,1233,0.1233,0.33062906277723525
7410,8705,1295,0.1295,0.34221279064517046
7730,8865,1135,0.1135,0.33389654045030476
7578,8789,1211,0.1211,0.3441425236582943
7662,8831,1169,0.1169,0.34167778705975943
7456,8728,1272,0.1272,0.35107317894505347
7804,8902,1098,0.1098,0.3469816369920969
7492,8746,1254,0.1254,0.3617334440381973
7610,8805,1195,0.1195,0.36475283762858307
7740,8870,1130,0.113,0.37154938390888276
7634,8817,1183,0.1183,0.3760605012301815
7628,8814,1186,0.1186,0.38410123532630386
7696,8848,1152,0.1152,0.3878316094939364
7304,8652,1348,0.1348,0.3982533718332648
7532,8766,1234,0.1234,0.4003079878354297
7488,8744,1256,0.1256,0.4049213670855605
7658,8829,1171,0.1171,0.4024161019358871
7508,8754,1246,0.1246,0.4079457325940299
7528,8764,1236,0.1236,0.4103720254114729
7458,8729,1271,0.1271,0.4179676002700931
7600,8800,1200,0.12,0.41774644716475157
7558,8779,1221,0.1221,0.4114615736198859
7570,8785,1215,0.1215,0.4054499751826066
7602,8801,1199,0.1199,0.40082638728022574
7616,8808,1192,0.1192,0.39988133661448955
7562,8781,1219,0.1219,0.40281870705855544
7598,8799,1201,0.1201,0.40839865898426836
7564,8782,1218,0.1218,0.4199077943566896
7506,8753,1247,0.1247,0.4264964294392616
7498,8749,1251,0.1251,0.4312917192986227
7336,8668,1332,0.1332,0.43797246778721455
7602,8801,1199,0.1199,0.4390538229911981
7550,8775,1225,0.1225,0.44252933121621607
7738,8869,1131,0.1131,0.44626348396597415
7544,8772,1228,0.1228,0.46077507570276505
7624,8812,1188,0.1188,0.472451461443305
7550,8775,1225,0.1225,0.47871238964349033
7540,8770,1230,0.123,0.4767517804418025
7334,8667,1333,0.1333,0.4769455256329862
7584,8792,1208,0.1208,0.4499629470027983
7592,8796,1204,0.1204,0.43699463452825266
7490,8745,1255,0.1255,0.4197568576176331
7726,8863,1137,0.1137,0.40361505442395335
7522,8761,1239,0.1239,0.3870010073524097
7700,8850,1150,0.115,0.37540614792825655
7538,8769,1231,0.1231,0.37434714927524326
7702,8851,1149,0.1149,0.36966716392701576
7470,8735,1265,0.1265,0.3660295433975756
7590,8795,1205,0.1205,0.3562581206277522
7648,8824,1176,0.1176,0.3485553375309357
7576,8788,1212,0.1212,0.3466126382038232
7492,8746,1254,0.1254,0.3471470154533163
7680,8840,1160,0.116,0.3391275236247579
7628,8814,1186,0.1186,0.33406882054873277
7622,8811,1189,0.1189,0.326096537254611
7466,8733,1267,0.1267,0.31752153642214836
7530,8765,1235,0.1235,0.3126963004502776
7576,8788,1212,0.1212,0.30895958748269187
7638,8819,1181,0.1181,0.3080698475711048
7580,8790,1210,0.121,0.3001671805427164
7624,8812,1188,0.1188,0.2930876101460571
7480,8740,1260,0.126,0.28729140373790596
7564,8782,1218,0.1218,0.2869219631536633
7654,8827,1173,0.1173,0.2956069507991231
7350,8675,1325,0.1325,0.3042368312522239
7514,8757,1243,0.1243,0.2903330112508161
7920,8960,1040,0.104,0.2712565400947105
7546,8773,1227,0.1227,0.2567072258533687
7634,8817,1183,0.1183,0.2528170982260876
7614,8807,1193,0.1193,0.25840443273457697
7636,8818,1182,0.1182,0.2670974646979692
7452,8726,1274,0.1274,0.2971145398433218
7520,8760,1240,0.124,0.3050256979756756
7618,8809,1191,0.1191,0.3093038683209997
7508,8754,1246,0.1246,0.30909315784851205
7610,8805,1195,0.1195,0.3003855903112777
7704,8852,1148,0.1148,0.29593889706336385
7660,8830,1170,0.117,0.2950353900555723
7680,8840,1160,0.116,0.2925344079846341
7514,8757,1243,0.1243,0.28994642557136713
7472,8736,1264,0.1264,0.2940332103792578
7622,8811,1189,0.1189,0.29268694602564527
7554,8777,1223,0.1223,0.2918189810043201
7716,8858,1142,0.1142,0.2877628654061893
7572,8786,1214,0.1214,0.2857728310693652
7506,8753,1247,0.1247,0.28581800466525603
7758,8879,1121,0.1121,0.28358193541245375
7450,8725,1275,0.1275,0.30263520630950225
7656,8828,1172,0.1172,0.30553676958425496
7598,8799,1201,0.1201,0.31601506530963813
7640,8820,1180,0.118,0.31681226940997265
7520,8760,1240,0.124,0.32155806823449673
7712,8856,1144,0.1144,0.3193020545333668
7444,8722,1278,0.1278,0.3376227012495627
7582,8791,1209,0.1209,0.3455489187209925
7626,8813,1187,0.1187,0.3655179595716763
7770,8885,1115,0.1115,0.3637717873971909
7690,8845,1155,0.1155,0.3624159975232663
7724,8862,1138,0.1138,0.34936360609663536
7476,8738,1262,0.1262,0.3481786865358193
7580,8790,1210,0.121,0.34964303311891853
7420,8710,1290,0.129,0.36256640673799556
7486,8743,1257,0.1257,0.365966947375983
7698,8849,1151,0.1151,0.34992703736444647
7494,8747,1253,0.1253,0.33807590342548666
7438,8719,1281,0.1281,0.31821652569497494
7782,8891,1109,0.1109,0.30118643887953256
7532,8766,1234,0.1234,0.303055001564039
7532,8766,1234,0.1234,0.3070373674736358
7596,8798,1202,0.1202,0.31048163815359203
7588,8794,1206,0.1206,0.3084653684072924
7656,8828,1172,0.1172,0.2935470826239665
7648,8824,1176,0.1176,0.2854798887279816
7526,8763,1237,0.1237,0.2728810324056074
7816,8908,1092,0.1092,0.2607745537663835
7384,8692,1308,0.1308,0.2670233143810401
7476,8738,1262,0.1262,0.2691661687515676
7684,8842,1158,0.1158,0.2720452279796352
7460,8730,1270,0.127,0.2723293884345334
7732,8866,1134,0.1134,0.2530441063262523
7652,8826,1174,0.1174,0.24843998635377676
7592,8796,1204,0.1204,0.23982531061277987
7842,8921,1079,0.1079,0.2356685644641514
7562,8781,1219,0.1219,0.2441353107254952
7490,8745,1255,0.1255,0.25137272800503413
7640,8820,1180,0.118,0.2511342183206696
7474,8737,1263,0.1263,0.24982586471837923
7454,8727,1273,0.1273,0.24304970774300355
7626,8813,1187,0.1187,0.23924139709711645
7638,8819,1181,0.1181,0.2335825017738168
7734,8867,1133,0.1133,0.2271890054290765
7536,8768,1232,0.1232,0.2290227825526148
7594,8797,1203,0.1203,0.2274397313761952
7600,8800,1200,0.12,0.23276725512356497
7714,8857,1143,0.1143,0.23371926394665488
7526,8763,1237,0.1237,0.2290655497609172
7872,8936,1064,0.1064,0.2221949088856578
7750,8875,1125,0.1125,0.21976755288004204
7716,8858,1142,0.1142,0.22870925328473912
7580,8790,1210,0.121,0.25309177805129446
7552,8776,1224,0.1224,0.2547943372168386
7666,8833,1167,0.1167,0.26029221647968515
7440,8720,1280,0.128,0.2586719474693702
7562,8781,1219,0.1219,0.24109994813154917
7576,8788,1212,0.1212,0.23849947450389153
7630,8815,1185,0.1185,0.23209271072570956
7690,8845,1155,0.1155,0.22933809120766946
7636,8818,1182,0.1182,0.2239299294646337
7852,8926,1074,0.1074,0.2184923335146159
7818,8909,1091,0.1091,0.2142293393586435
7602,8801,1199,0.1199,0.21260007857907262
7670,8835,1165,0.1165,0.21253633206234235
7702,8851,1149,0.1149,0.21251767397297516
7714,8857,1143,0.1143,0.22294123201248253
7480,8740,1260,0.126,0.23419005950795518
7474,8737,1263,0.1263,0.23939542729591318
7554,8777,1223,0.1223,0.23710674649927846
7632,8816,1184,0.1184,0.2402416990617814
7538,8769,1231,0.1231,0.24504482454061643
7362,8681,1319,0.1319,0.2494769661165543
7614,8807,1193,0.1193,0.24526014328018064
7644,8822,1178,0.1178,0.24817703112112358
7814,8907,1093,0.1093,0.2441472328880072
7706,8853,1147,0.1147,0.24366304889608
7646,8823,1177,0.1177,0.2407862390263228
7714,8857,1143,0.1143,0.23975415577218964
7640,8820,1180,0.118,0.24263565127337353
7632,8816,1184,0.1184,0.23856377949253657
7736,8868,1132,0.1132,0.23581517203619407
7578,8789,1211,0.1211,0.23063179572973166
7630,8815,1185,0.1185,0.22936036193612422
7724,8862,1138,0.1138,0.2235374363247859
7690,8845,1155,0.1155,0.2246188580734133
7646,8823,1177,0.1177,0.2259410652669846
7652,8826,1174,0.1174,0.23222580220904201
7570,8785,1215,0.1215,0.25002685196824603
7564,8782,1218,0.1218,0.2510277796669512
7536,8768,1232,0.1232,0.2710660363123343
7488,8744,1256,0.1256,0.2877877214286318
7728,8864,1136,0.1136,0.2705101063147362
7670,8835,1165,0.1165,0.2687268061985104
7594,8797,1203,0.1203,0.26122098656743764
7744,8872,1128,0.1128,0.2659030196982327
7392,8696,1304,0.1304,0.2845695336818695
7648,8824,1176,0.1176,0.2773929258644581
7542,8771,1229,0.1229,0.29069196540930825
7428,8714,1286,0.1286,0.29529610956643537
7564,8782,1218,0.1218,0.27924185036085547
7636,8818,1182,0.1182,0.2780925246276722
7518,8759,1241,0.1241,0.2665625045062974
7604,8802,1198,0.1198,0.2562578154803791
7640,8820,1180,0.118,0.2592143889768618
7618,8809,1191,0.1191,0.26192158408980876
7550,8775,1225,0.1225,0.2823580482191932
7500,8750,1250,0.125,0.2889688494161712
7476,8738,1262,0.1262,0.27944552624527313
7758,8879,1121,0.1121,0.27526301706015327
7688,8844,1156,0.1156,0.26136970261043024
7648,8824,1176,0.1176,0.25724478821745295
7748,8874,1126,0.1126,0.268034506199206
7584,8792,1208,0.1208,0.270729652460065
7636,8818,1182,0.1182,0.2814924149699771
7678,8839,1161,0.1161,0.28315324695929883
7606,8803,1197,0.1197,0.2797110277483242
7462,8731,1269,0.1269,0.28092481164369093
7770,8885,1115,0.1115,0.28635382423996925
7616,8808,1192,0.1192,0.3089385238900082
7616,8808,1192,0.1192,0.3344810329135944
7520,8760,1240,0.124,0.34043155760187654
7500,8750,1250,0.125,0.35315992878601926
7800,8900,1100,0.11,0.35017859283643626
7406,8703,1297,0.1297,0.365104430793383
7478,8739,1261,0.1261,0.36640458439288776
7544,8772,1228,0.1228,0.376338054523617
7686,8843,1157,0.1157,0.3769777318113356
7692,8846,1154,0.1154,0.3558332526570186
7580,8790,1210,0.121,0.3546494332423753
7472,8736,1264,0.1264,0.32358212777376494
7644,8822,1178,0.1178,0.30379035439306695
7836,8918,1082,0.1082,0.29572272665456223
7554,8777,1223,0.1223,0.2979409253246642
7550,8775,1225,0.1225,0.30061569455004067
7576,8788,1212,0.1212,0.29460726063940673
7498,8749,1251,0.1251,0.2907682465906633
7536,8768,1232,0.1232,0.2904150381654501
7468,8734,1266,0.1266,0.28603847266584637
7538,8769,1231,0.1231,0.28686776783545503
7348,8674,1326,0.1326,0.29876791086761595
7618,8809,1191,0.1191,0.2972307405082669
7742,8871,1129,0.1129,0.29320034053854177
7478,8739,1261,0.1261,0.2873340855664341
7614,8807,1193,0.1193,0.2809761564154047
7606,8803,1197,0.1197,0.2874129419485527
7730,8865,1135,0.1135,0.291389155420427
7544,8772,1228,0.1228,0.30641044062670053
7708,8854,1146,0.1146,0.31367125564088616
7672,8836,1164,0.1164,0.3130857793630166
7630,8815,1185,0.1185,0.3128098583156068
7614,8807,1193,0.1193,0.31538039903694226
7490,8745,1255,0.1255,0.32743145495206116
7494,8747,1253,0.1253,0.33072089788424897
7486,8743,1257,0.1257,0.3481834107034723
7504,8752,1248,0.1248,0.35113050472736357
7300,8650,1350,0.135,0.3462711776173678
7698,8849,1151,0.1151,0.33607222331500086
7686,8843,1157,0.1157,0.3255598427434452
7594,8797,1203,0.1203,0.3283489353304196
7786,8893,1107,0.1107,0.33476836609039456
7610,8805,1195,0.1195,0.3362861703414299
7464,8732,1268,0.1268,0.3482952495479025
7606,8803,1197,0.1197,0.3404158741572057
7658,8829,1171,0.1171,0.33417809899966233
7812,8906,1094,0.1094,0.32755209814264524
7720,8860,1140,0.114,0.32515720546031857
7690,8845,1155,0.1155,0.32263379124611685
7522,8761,1239,0.1239,0.3221836839519047
7666,8833,1167,0.1167,0.3172343746995017
7796,8898,1102,0.1102,0.30834008278305663
7700,8850,1150,0.115,0.31157532845778285
7354,8677,1323,0.1323,0.3149965355040424
7680,8840,1160,0.116,0.309545760725491
7676,8838,1162,0.1162,0.30924796901651463
7694,8847,1153,0.1153,0.31158237623332846
7556,8778,1222,0.1222,0.3194186319583794
7628,8814,1186,0.1186,0.32054406105550987
7574,8787,1213,0.1213,0.33082483665028956
7546,8773,1227,0.1227,0.33626872723872503
7616,8808,1192,0.1192,0.3354207990410142
7488,8744,1256,0.1256,0.33476992451553816
7390,8695,1305,0.1305,0.32175192358743515
7610,8805,1195,0.1195,0.3043549317914965
7570,8785,1215,0.1215,0.30073727191407235
7620,8810,1190,0.119,0.29991127048740085
7536,8768,1232,0.1232,0.30051398651669936
7600,8800,1200,0.12,0.29724375747290344
7540,8770,1230,0.123,0.3057922348093738
7466,8733,1267,0.1267,0.30762124944919855
7480,8740,1260,0.126,0.3127026733957224
7710,8855,1145,0.1145,0.30672130620675814
7448,8724,1276,0.1276,0.3078521246124026
7584,8792,1208,0.1208,0.2997733820550498
7620,8810,1190,0.119,0.2858398734243587
7520,8760,1240,0.124,0.27834384936208373
7604,8802,1198,0.1198,0.2741084526007064
7824,8912,1088,0.1088,0.26537383962497113
7584,8792,1208,0.1208,0.2545256291550191
7636,8818,1182,0.1182,0.2403118044339848
7568,8784,1216,0.1216,0.22490894841447007
7622,8811,1189,0.1189,0.2141642477630564
7562,8781,1219,0.1219,0.19358358315188703
7408,8704,1296,0.1296,0.186450872093069
7706,8853,1147,0.1147,0.17973905717848684
7548,8774,1226,0.1226,0.17970373627580047
7806,8903,1097,0.1097,0.17596421973495663
7700,8850,1150,0.115,0.16738585020683241
7550,8775,1225,0.1225,0.162563897527017
7770,8885,1115,0.1115,0.16032591661093173
7624,8812,1188,0.1188,0.1745960381292932
7766,8883,1117,0.1117,0.19136326440286358
7538,8769,1231,0.1231,0.20279739200120875
7580,8790,1210,0.121,0.2036018579315398
7390,8695,1305,0.1305,0.19649641877785326
7650,8825,1175,0.1175,0.1879648420108022
7538,8769,1231,0.1231,0.19304125380045506
7636,8818,1182,0.1182,0.19845816693268717
7658,8829,1171,0.1171,0.2164845111590169
7718,8859,1141,0.1141,0.21910576636559198
7622,8811,1189,0.1189,0.21976091838291445
7484,8742,1258,0.1258,0.2189546117861859
7588,8794,1206,0.1206,0.2112334196771195
7668,8834,1166,0.1166,0.2111503397118352
7576,8788,1212,0.1212,0.21648264422477304
7660,8830,1170,0.117,0.2160734612947708
7620,8810,1190,0.119,0.21736810650131957
7420,8710,1290,0.129,0.22157752875778397
7712,8856,1144,0.1144,0.2230529648542492
7582,8791,1209,0.1209,0.2307894702171052
7536,8768,1232,0.1232,0.236318930227682
7712,8856,1144,0.1144,0.23879986038422504
7648,8824,1176,0.1176,0.2385142424115911
7532,8766,1234,0.1234,0.24226387151528905
7756,8878,1122,0.1122,0.24285614423139743
7632,8816,1184,0.1184,0.2511063160211372
7542,8771,1229,0.1229,0.25533431200042833
7510,8755,1245,0.1245,0.2625568489402533
7580,8790,1210,0.121,0.2638955353318859
7534,8767,1233,0.1233,0.2667753299671016
7638,8819,1181,0.1181,0.26420429610796275
7598,8799,1201,0.1201,0.2668783297875481
7546,8773,1227,0.1227,0.2725944556610193
7644,8822,1178,0.1178,0.27630612813476474
7592,8796,1204,0.1204,0.27857940775149925
7662,8831,1169,0.1169,0.2839609129682765
7572,8786,1214,0.1214,0.29134712366411114
7660,8830,1170,0.117,0.297905302162813
7448,8724,1276,0.1276,0.30587725356214385
7454,8727,1273,0.1273,0.30811093686558305
7534,8767,1233,0.1233,0.3012028752251528
7568,8784,1216,0.1216,0.29080552932902115
7706,8853,1147,0.1147,0.2832309766088761
7680,8840,1160,0.116,0.2773920742362159
7472,8736,1264,0.1264,0.27357274071518334
7758,8879,1121,0.1121,0.2699997230354149
7554,8777,1223,0.1223,0.26891047952509506
7650,8825,1175,0.1175,0.25636810252885045
7678,8839,1161,0.1161,0.2394941641120473
7502,8751,1249,0.1249,0.23206451423745603
7578,8789,1211,0.1211,0.23219073386454075
7442,8721,1279,0.1279,0.23466604352800804
7634,8817,1183,0.1183,0.24267212127868934
7502,8751,1249,0.1249,0.2431496804846778
7584,8792,1208,0.1208,0.23860842303426966
7646,8823,1177,0.1177,0.23192004409581424
7494,8747,1253,0.1253,0.22001462687340098
7740,8870,1130,0.113,0.2155952474027872
7706,8853,1147,0.1147,0.21652067935735103
7482,8741,1259,0.1259,0.22246083503453992
7722,8861,1139,0.1139,0.21989597473144532
7748,8874,1126,0.1126,0.2142635467630822
7682,8841,1159,0.1159,0.21491390097628318
7448,8724,1276,0.1276,0.21934273364400173
7656,8828,1172,0.1172,0.2217923854321019
7838,8919,1081,0.1081,0.22699912780106068
7554,8777,1223,0.1223,0.23271442949882057
7672,8836,1164,0.1164,0.2360307313968282
7602,8801,1199,0.1199,0.24317586687079165
7708,8854,1146,0.1146,0.24974916217323917
7590,8795,1205,0.1205,0.26127642489271935
7544,8772,1228,0.1228,0.26451886947872116
7556,8778,1222,0.1222,0.2703908966259195
7750,8875,1125,0.1125,0.26304255147874356
7746,8873,1127,0.1127,0.2639004024431109
7576,8788,1212,0.1212,0.2671673624851275
7666,8833,1167,0.1167,0.27374342254691436
7568,8784,1216,0.1216,0.28430971079370937
7742,8871,1129,0.1129,0.28575237078063837
7674,8837,1163,0.1163,0.29522043220480687
7528,8764,1236,0.1236,0.3056760550764389
7480,8740,1260,0.126,0.3158328740715321
7692,8846,1154,0.1154,0.314238683982566
7428,8714,1286,0.1286,0.3197203448676938
7632,8816,1184,0.1184,0.3196936771344743
7424,8712,1288,0.1288,0.32372475136839546
7450,8725,1275,0.1275,0.32101011364248955
7520,8760,1240,0.124,0.32019971635812544
7654,8827,1173,0.1173,0.3084897366112695
7562,8781,1219,0.1219,0.29213950144264383
7604,8802,1198,0.1198,0.2850293854279618
7496,8748,1252,0.1252,0.2841943373306617
7624,8812,1188,0.1188,0.27885145240328857
7360,8680,1320,0.132,0.28322903769605284
7728,8864,1136,0.1136,0.2758642230808193
7790,8895,1105,0.1105,0.27115637207021936
7618,8809,1191,0.1191,0.27024177533677846
7574,8787,1213,0.1213,0.2762452044930309
7444,8722,1278,0.1278,0.27740907464826015
7720,8860,1140,0.114,0.2855701124563813
7524,8762,1238,0.1238,0.29242607750235894
7746,8873,1127,0.1127,0.282593463061098
7676,8838,1162,0.1162,0.2810827409499126
7694,8847,1153,0.1153,0.2705456638003268
7496,8748,1252,0.1252,0.2699818561567925
7550,8775,1225,0.1225,0.27304676317346704
7448,8724,1276,0.1276,0.2769347724778694
7600,8800,1200,0.12,0.28373357562813944
7622,8811,1189,0.1189,0.2921978291627747
7552,8776,1224,0.1224,0.2938531713570468
7694,8847,1153,0.1153,0.2902108155418187
7638,8819,1181,0.1181,0.2847554271603136
7540,8770,1230,0.123,0.28062652422378886
7840,8920,1080,0.108,0.2682581843643602
7644,8822,1178,0.1178,0.2705087970371423
7542,8771,1229,0.1229,0.2690387562349427
7704,8852,1148,0.1148,0.2690686381019652
7604,8802,1198,0.1198,0.26570178062059147
7546,8773,1227,0.1227,0.2666153974658403
7836,8918,1082,0.1082,0.2510887371704798
7506,8753,1247,0.1247,0.2446525773473655
7498,8749,1251,0.1251,0.24228304252238378
7586,8793,1207,0.1207,0.24555906216906423
7670,8835,1165,0.1165,0.2574391579166519
7788,8894,1106,0.1106,0.2637225996589288
7684,8842,1158,0.1158,0.2623337018923363
7690,8845,1155,0.1155,0.2613549086917192
7642,8821,1179,0.1179,0.2517324887315437
7526,8763,1237,0.1237,0.24817310306411236
7344,8672,1328,0.1328,0.25057344749117544
7610,8805,1195,0.1195,0.24641405482441187
7722,8861,1139,0.1139,0.2522469309879965
7674,8837,1163,0.1163,0.2551055312255261
7490,8745,1255,0.1255,0.2538766776476806
7706,8853,1147,0.1147,0.25126026067814183
7456,8728,1272,0.1272,0.25066825460799047
7496,8748,1252,0.1252,0.2609104253894559
7520,8760,1240,0.124,0.2738539699479932
7560,8780,1220,0.122,0.2737109595880984
7412,8706,1294,0.1294,0.27710780658670703
7676,8838,1162,0.1162,0.27015243611061596
7474,8737,1263,0.1263,0.26152926792459186
7630,8815,1185,0.1185,0.260312751099444
7340,8670,1330,0.133,0.26972963704664726
7922,8961,1039,0.1039,0.2668813094665922
7578,8789,1211,0.1211,0.276558163147793
7578,8789,1211,0.1211,0.27578692477808747
7618,8809,1191,0.1191,0.2695555891727524
7552,8776,1224,0.1224,0.26878393902178455
7516,8758,1242,0.1242,0.28406013665690544
7312,8656,1344,0.1344,0.2865819894885062
7530,8765,1235,0.1235,0.3020999326894016
7594,8797,1203,0.1203,0.3017092971757018
7710,8855,1145,0.1145,0.2941863430167432
7482,8741,1259,0.1259,0.29442563862713056
7568,8784,1216,0.1216,0.2837680359947661
7482,8741,1259,0.1259,0.2858493236694618
7562,8781,1219,0.1219,0.29475015779359853
7538,8769,1231,0.1231,0.2992299374914266
7778,8889,1111,0.1111,0.30879271455518903
7276,8638,1362,0.1362,0.3213370077084167
7582,8791,1209,0.1209,0.31325979000041265
7642,8821,1179,0.1179,0.3156562331561465
7614,8807,1193,0.1193,0.3162102370118263
7574,8787,1213,0.1213,0.32398408773923487
7606,8803,1197,0.1197,0.3367922141118761
7444,8722,1278,0.1278,0.3427883675485503
7682,8841,1159,0.1159,0.33426133857537244
7670,8835,1165,0.1165,0.32418900479996443
7460,8730,1270,0.127,0.30409921247856864
7454,8727,1273,0.1273,0.3043167030143784
7650,8825,1175,0.1175,0.2867149352711043
7684,8842,1158,0.1158,0.28498910706802855
7846,8923,1077,0.1077,0.2830092130176723
7782,8891,1109,0.1109,0.2825764238514057
7564,8782,1218,0.1218,0.29352538153324276
7356,8678,1322,0.1322,0.3012707484490044
7618,8809,1191,0.1191,0.3090221048919775
7500,8750,1250,0.125,0.31257410586832923
7522,8761,1239,0.1239,0.3144125058699015
7598,8799,1201,0.1201,0.31252352671059425
7868,8934,1066,0.1066,0.2950387730577961
7616,8808,1192,0.1192,0.29615447343052814
7756,8878,1122,0.1122,0.2868564737244509
7802,8901,1099,0.1099,0.28442808210262416
7856,8928,1072,0.1072,0.29036298133175586
7554,8777,1223,0.1223,0.2956264565104619
7532,8766,1234,0.1234,0.29856032615482725
7532,8766,1234,0.1234,0.2982029353990568
7400,8700,1300,0.13,0.2974398954754302
7418,8709,1291,0.1291,0.2976712800157373
7498,8749,1251,0.1251,0.3016399967888714
7686,8843,1157,0.1157,0.3023664919069037
7396,8698,1302,0.1302,0.3114069432937591
7600,8800,1200,0.12,0.3110532222469501
7204,8602,1398,0.1398,0.33253740095109113
7414,8707,1293,0.1293,0.3395202246531642
7684,8842,1158,0.1158,0.3571682445913553
7562,8781,1219,0.1219,0.36513395074643196
7654,8827,1173,0.1173,0.3628287715778663
7700,8850,1150,0.115,0.36039567556920227
7710,8855,1145,0.1145,0.3491289202514454
7490,8745,1255,0.1255,0.3526504329107702
7732,8866,1134,0.1134,0.3515667922181735
7592,8796,1204,0.1204,0.356045407784103
7478,8739,1261,0.1261,0.360179814015294
7462,8731,1269,0.1269,0.3608693234754726
7582,8791,1209,0.1209,0.34350974372788334
7544,8772,1228,0.1228,0.34009488155133094
7336,8668,1332,0.1332,0.3392745978710911
7622,8811,1189,0.1189,0.33723486097448163
7816,8908,1092,0.1092,0.3328816884466529
7642,8821,1179,0.1179,0.33103961468899523
7488,8744,1256,0.1256,0.3296309145129984
7670,8835,1165,0.1165,0.32636885790206344
7264,8632,1368,0.1368,0.3342803313694579
7560,8780,1220,0.122,0.333845089715712
7424,8712,1288,0.1288,0.3423321367754997
7604,8802,1198,0.1198,0.33811829691720197
7540,8770,1230,0.123,0.32746802687494136
7658,8829,1171,0.1171,0.320678160406559
7546,8773,1227,0.1227,0.3167805347612128
7536,8768,1232,0.1232,0.31692581898310745
7402,8701,1299,0.1299,0.32247519630435856
7640,8820,1180,0.118,0.3204075789861387
7684,8842,1158,0.1158,0.3206287852458463
7620,8810,1190,0.119,0.3187560508366619
7536,8768,1232,0.1232,0.3091572354798773
7444,8722,1278,0.1278,0.30831579648886837
7308,8654,1346,0.1346,0.3216981381393969
7504,8752,1248,0.1248,0.32401301420766976
7550,8775,1225,0.1225,0.34889763636509885
7560,8780,1220,0.122,0.35601599758049707
7660,8830,1170,0.117,0.3612299777828633
7676,8838,1162,0.1162,0.3603536740840957
7578,8789,1211,0.1211,0.3657015017185607
7596,8798,1202,0.1202,0.3660717252507806
7530,8765,1235,0.1235,0.37043749589268116
7508,8754,1246,0.1246,0.3699658596547397
7644,8822,1178,0.1178,0.3733508656322956
7694,8847,1153,0.1153,0.3733719922491786
7528,8764,1236,0.1236,0.37377146982706616
7518,8759,1241,0.1241,0.368273741358635
7604,8802,1198,0.1198,0.3499203524581
7598,8799,1201,0.1201,0.34751571922068003
7728,8864,1136,0.1136,0.32968049637352814
7768,8884,1116,0.1116,0.3175817321002483
7440,8720,1280,0.128,0.3024661718700081
7596,8798,1202,0.1202,0.2992658883303647
7524,8762,1238,0.1238,0.29901442068730294
7536,8768,1232,0.1232,0.29483507479568943
7564,8782,1218,0.1218,0.2895822306395798
7446,8723,1277,0.1277,0.289161431794177
7696,8848,1152,0.1152,0.2716727109957661
7434,8717,1283,0.1283,0.2652260995507144
7680,8840,1160,0.116,0.2556777506880438
7478,8739,1261,0.1261,0.26008503479671197
7644,8822,1178,0.1178,0.2656368597662642
7608,8804,1196,0.1196,0.271355910854787
7516,8758,1242,0.1242,0.26911472008104903
7520,8760,1240,0.124,0.2691522876508534
7640,8820,1180,0.118,0.25339936759421344
7604,8802,1198,0.1198,0.24956701765472838
7408,8704,1296,0.1296,0.2538067805856865
7760,8880,1120,0.112,0.25107379418615194
7662,8831,1169,0.1169,0.254998407319369
7672,8836,1164,0.1164,0.2563549469301477
7688,8844,1156,0.1156,0.23696738449524282
7666,8833,1167,0.1167,0.23487532267897404
7620,8810,1190,0.119,0.22529524362470923
7622,8811,1189,0.1189,0.22408319200520582
7538,8769,1231,0.1231,0.2298285393363431
7636,8818,1182,0.1182,0.22903810403746375
7678,8839,1161,0.1161,0.23057722037434578
7626,8813,1187,0.1187,0.23081972054597005
7646,8823,1177,0.1177,0.23007535636386733
7678,8839,1161,0.1161,0.22931421545401462
7550,8775,1225,0.1225,0.2346103592364918
7820,8910,1090,0.109,0.23474632051605204
7606,8803,1197,0.1197,0.23495761403970797
7644,8822,1178,0.1178,0.2333433426052332
7678,8839,1161,0.1161,0.2283066438665558
7570,8785,1215,0.1215,0.22539103028308263
7628,8814,1186,0.1186,0.22408100992292165
7838,8919,1081,0.1081,0.2212579588215798
7348,8674,1326,0.1326,0.23287800802495376
7574,8787,1213,0.1213,0.23578740069542545
7528,8764,1236,0.1236,0.2543807517220174
7768,8884,1116,0.1116,0.2541390508900623
7530,8765,1235,0.1235,0.26535271805623845
7462,8731,1269,0.1269,0.263936128186062
7572,8786,1214,0.1214,0.2660067993250064
7648,8824,1176,0.1176,0.2626325470509357
7400,8700,1300,0.13,0.270833040176332
7472,8736,1264,0.1264,0.2779309790981002
7254,8627,1373,0.1373,0.3081209057499538
7618,8809,1191,0.1191,0.3059201354295015
7400,8700,1300,0.13,0.32396930251685546
7436,8718,1282,0.1282,0.3224061779119466
7626,8813,1187,0.1187,0.29500553665454626
7686,8843,1157,0.1157,0.28885966230146376
7478,8739,1261,0.1261,0.28296885517698717
7694,8847,1153,0.1153,0.2827522643533263
7622,8811,1189,0.1189,0.2959764397089435
7640,8820,1180,0.118,0.2942481867812672
7548,8774,1226,0.1226,0.2992946038262591
7548,8774,1226,0.1226,0.2943193012904376
7482,8741,1259,0.1259,0.2806132459621411
7772,8886,1114,0.1114,0.274915504203923
7654,8827,1173,0.1173,0.27246838612408464
7630,8815,1185,0.1185,0.27203115069600753
7514,8757,1243,0.1243,0.2664779211749611
7450,8725,1275,0.1275,0.2663366993019707
7596,8798,1202,0.1202,0.25951610525805735
7554,8777,1223,0.1223,0.2562441173236788
7526,8763,1237,0.1237,0.24867102385240142
7802,8901,1099,0.1099,0.24620235630609094
7716,8858,1142,0.1142,0.24009597272337233
7654,8827,1173,0.1173,0.23516263567675136
7824,8912,1088,0.1088,0.22220625268015345
7516,8758,1242,0.1242,0.22706508128437713
7634,8817,1183,0.1183,0.23193227974300876
7400,8700,1300,0.13,0.2501915094514006
7632,8816,1184,0.1184,0.26458375823576225
7674,8837,1163,0.1163,0.2664280517184177
7648,8824,1176,0.1176,0.2599279334183782
7458,8729,1271,0.1271,0.25407620024979116
7566,8783,1217,0.1217,0.24215603059128238
7456,8728,1272,0.1272,0.2440565604328494
7676,8838,1162,0.1162,0.2506330000059039
7564,8782,1218,0.1218,0.2624782999680136
7636,8818,1182,0.1182,0.27004058483608656
7552,8776,1224,0.1224,0.26967446881148543
7538,8769,1231,0.1231,0.25980452825628836
7608,8804,1196,0.1196,0.25132113632806574
7534,8767,1233,0.1233,0.2661552618779099
7648,8824,1176,0.1176,0.27051174061237837
7426,8713,1287,0.1287,0.28855258512963483
7682,8841,1159,0.1159,0.2943121477396053
7680,8840,1160,0.116,0.27761560637694677
7832,8916,1084,0.1084,0.27354373689319994
7694,8847,1153,0.1153,0.2638210631474628
7694,8847,1153,0.1153,0.2579316775111048
7570,8785,1215,0.1215,0.27536856838815404
7518,8759,1241,0.1241,0.2736683712504957
7638,8819,1181,0.1181,0.2809818251329997
7580,8790,1210,0.121,0.2792589920026294
7608,8804,1196,0.1196,0.2502549993294294
7410,8705,1295,0.1295,0.25442072608260935
7740,8870,1130,0.113,0.23083999293198576
7800,8900,1100,0.11,0.21762376552720233
7488,8744,1256,0.1256,0.22059056329898336
7646,8823,1177,0.1177,0.21898878215173873
7648,8824,1176,0.1176,0.22498946809735335
7638,8819,1181,0.1181,0.23140491019724296
7624,8812,1188,0.1188,0.23300486436000864
7684,8842,1158,0.1158,0.23161849401474466
7566,8783,1217,0.1217,0.2280441937022377
7772,8886,1114,0.1114,0.22299585273284464
7650,8825,1175,0.1175,0.23416749798433156
7588,8794,1206,0.1206,0.23573968229473427
7552,8776,1224,0.1224,0.24104332078914764
7698,8849,1151,0.1151,0.23931108346331093
7550,8775,1225,0.1225,0.2293791042086455
7648,8824,1176,0.1176,0.22763033759780227
7564,8782,1218,0.1218,0.2228434849766607
7792,8896,1104,0.1104,0.21202143639971036
7640,8820,1180,0.118,0.2153117281265557
7736,8868,1132,0.1132,0.2141357708490643
7530,8765,1235,0.1235,0.21707036456833795
7528,8764,1236,0.1236,0.21972213744903774
7564,8782,1218,0.1218,0.2301924397705745
7544,8772,1228,0.1228,0.23014334602719172
7564,8782,1218,0.1218,0.23884147915653883
7624,8812,1188,0.1188,0.24408566294361725
7418,8709,1291,0.1291,0.24660497164539993
7382,8691,1309,0.1309,0.2478821477059304
7698,8849,1151,0.1151,0.24446655825215766
7498,8749,1251,0.1251,0.25043475859181447
7296,8648,1352,0.1352,0.2719831068100858
7470,8735,1265,0.1265,0.2708786974622605
7754,8877,1123,0.1123,0.27194317071623775
7466,8733,1267,0.1267,0.2745241183274353
7816,8908,1092,0.1092,0.266346148917079
7562,8781,1219,0.1219,0.2646250940526654
7700,8850,1150,0.115,0.26728413769241305
7526,8763,1237,0.1237,0.2890422117009075
7750,8875,1125,0.1125,0.29958478244299797
7542,8771,1229,0.1229,0.30174235831853
7430,8715,1285,0.1285,0.2969972839416936
7620,8810,1190,0.119,0.2804560100133434
7636,8818,1182,0.1182,0.26215390538303707
7782,8891,1109,0.1109,0.26051353595918336
7662,8831,1169,0.1169,0.25966180893616475
7590,8795,1205,0.1205,0.26676649598457736
7552,8776,1224,0.1224,0.28020379847995935
7548,8774,1226,0.1226,0.2826342558348522
7540,8770,1230,0.123,0.2845657523692269
7656,8828,1172,0.1172,0.28339182445833866
7630,8815,1185,0.1185,0.2730318254580052
7652,8826,1174,0.1174,0.27059002134969234
7466,8733,1267,0.1267,0.2682134154256636
7568,8784,1216,0.1216,0.26358288950048625
7486,8743,1257,0.1257,0.26191871879023587
7624,8812,1188,0.1188,0.2596907102799938
7602,8801,1199,0.1199,0.2605260428369641
7456,8728,1272,0.1272,0.2553459460946495
7778,8889,1111,0.1111,0.2555222205720842
7428,8714,1286,0.1286,0.26127441861227524
7502,8751,1249,0.1249,0.26948078515307977
7318,8659,1341,0.1341,0.27177330383067894
7646,8823,1177,0.1177,0.27061377593772484
7662,8831,1169,0.1169,0.2656002148999671
7746,8873,1127,0.1127,0.262217014017284
7606,8803,1197,0.1197,0.265166566253491
7452,8726,1274,0.1274,0.27379225565935483
7540,8770,1230,0.123,0.2795053160950098
7366,8683,1317,0.1317,0.28541093696821274
7714,8857,1143,0.1143,0.29113993780150504
7544,8772,1228,0.1228,0.2858023223335506
7378,8689,1311,0.1311,0.2836495948384802
7760,8880,1120,0.112,0.2744202718886605
7704,8852,1148,0.1148,0.26531364743936875
7554,8777,1223,0.1223,0.27509861767104277
7614,8807,1193,0.1193,0.2807076676117173
7538,8769,1231,0.1231,0.2886736548893173
7676,8838,1162,0.1162,0.2920417166850342
7616,8808,1192,0.1192,0.28726666062010997
7694,8847,1153,0.1153,0.2817096276283668
7756,8878,1122,0.1122,0.28256786648052623
7546,8773,1227,0.1227,0.28962648211189296
7608,8804,1196,0.1196,0.3128265718756709
7514,8757,1243,0.1243,0.3171017348655267
7596,8798,1202,0.1202,0.3233209172206317
7586,8793,1207,0.1207,0.32369460414056594
7442,8721,1279,0.1279,0.3098790463544894
7692,8846,1154,0.1154,0.3021947367910412
7702,8851,1149,0.1149,0.30033371925949526
7454,8727,1273,0.1273,0.3005000429145667
7552,8776,1224,0.1224,0.2995759405005615
7632,8816,1184,0.1184,0.2954328109232302
7606,8803,1197,0.1197,0.2936619391144244
7792,8896,1104,0.1104,0.27293928812108936
7580,8790,1210,0.121,0.253127684989961
7530,8765,1235,0.1235,0.25153297207001596
7546,8773,1227,0.1227,0.25010467562749983
7812,8906,1094,0.1094,0.24334876671862038
7536,8768,1232,0.1232,0.24452708139957266
7634,8817,1183,0.1183,0.24377668548268047
7608,8804,1196,0.1196,0.2433710948601365
7606,8803,1197,0.1197,0.23977733722145203
7628,8814,1186,0.1186,0.23948385243596093
7650,8825,1175,0.1175,0.24160432931609085
7692,8846,1154,0.1154,0.23989569316981796
7554,8777,1223,0.1223,0.24021954682525407
7590,8795,1205,0.1205,0.24016557018307613
7576,8788,1212,0.1212,0.24378491669305863
7336,8668,1332,0.1332,0.24599015182033182
7786,8893,1107,0.1107,0.2447125521193171
7602,8801,1199,0.1199,0.23638292711842804
7648,8824,1176,0.1176,0.23266642855270528
7526,8763,1237,0.1237,0.23372060264536368
7734,8867,1133,0.1133,0.22425303308626204
7304,8652,1348,0.1348,0.23791142559999134
7538,8769,1231,0.1231,0.2420671469648295
7548,8774,1226,0.1226,0.24321882814836937
7756,8878,1122,0.1122,0.2503500060800463
7518,8759,1241,0.1241,0.2536631104897813
7610,8805,1195,0.1195,0.24803285275347975
7824,8912,1088,0.1088,0.24630414763022532
7668,8834,1166,0.1166,0.24774286899659784
7548,8774,1226,0.1226,0.2618836463045334
7670,8835,1165,0.1165,0.26127036281023175
7582,8791,1209,0.1209,0.265220638172773
7458,8729,1271,0.1271,0.25739092162962995
7556,8778,1222,0.1222,0.22902417707047426
7616,8808,1192,0.1192,0.22054441709241326
7652,8826,1174,0.1174,0.21709321423861647
7524,8762,1238,0.1238,0.20891819225069458
7728,8864,1136,0.1136,0.21584409507705712
7646,8823,1177,0.1177,0.2182220235753543
7394,8697,1303,0.1303,0.22229776814745775
7708,8854,1146,0.1146,0.2189800165743698
7480,8740,1260,0.126,0.221570601368777
7534,8767,1233,0.1233,0.2222087864308618
7570,8785,1215,0.1215,0.22204812195294077
7520,8760,1240,0.124,0.2282477222138054
7622,8811,1189,0.1189,0.2332189889072589
7814,8907,1093,0.1093,0.23002367076180463
7530,8765,1235,0.1235,0.23561541125249033
7608,8804,1196,0.1196,0.23525088334326402
7604,8802,1198,0.1198,0.2453507687016937
7516,8758,1242,0.1242,0.24894999021723643
7470,8735,1265,0.1265,0.2516070902532956
7652,8826,1174,0.1174,0.24873753555435552
7764,8882,1118,0.1118,0.24217102959521888
7644,8822,1178,0.1178,0.2439067020526505
7684,8842,1158,0.1158,0.24343738980433846
7716,8858,1142,0.1142,0.2523579493212936
7626,8813,1187,0.1187,0.26857826355583436
7592,8796,1204,0.1204,0.2719743505360113
7498,8749,1251,0.1251,0.27304723513919305
7764,8882,1118,0.1118,0.2792724446343223
7660,8830,1170,0.117,0.29601836272858
7524,8762,1238,0.1238,0.30202555353356075
7680,8840,1160,0.116,0.3028115584020793
7596,8798,1202,0.1202,0.3070536551009706
7540,8770,1230,0.123,0.302489077286236
7596,8798,1202,0.1202,0.2996151418400201
7588,8794,1206,0.1206,0.299897988649032
7716,8858,1142,0.1142,0.29845949098681995
7718,8859,1141,0.1141,0.29814981156677384
7592,8796,1204,0.1204,0.3006194566724822
7602,8801,1199,0.1199,0.3006810507039598
7472,8736,1264,0.1264,0.30450634850136943
7652,8826,1174,0.1174,0.30897219511069013
7500,8750,1250,0.125,0.3097319800498679
7620,8810,1190,0.119,0.308855185859694
7672,8836,1164,0.1164,0.29543757552523436
7760,8880,1120,0.112,0.2743681040582147
7680,8840,1160,0.116,0.27292741136122495
7480,8740,1260,0.126,0.2772362102662679
7568,8784,1216,0.1216,0.27981067639027024
7456,8728,1272,0.1272,0.2952059725067404
7420,8710,1290,0.129,0.29681283015402765
7708,8854,1146,0.1146,0.2946306850745867
7660,8830,1170,0.117,0.29098533214455663
7492,8746,1254,0.1254,0.28789603783709883
7592,8796,1204,0.1204,0.2913415912574157
7686,8843,1157,0.1157,0.2871611310139997
7576,8788,1212,0.1212,0.29955386173744614
7588,8794,1206,0.1206,0.31410942260972496
7596,8798,1202,0.1202,0.3160151144506706
7590,8795,1205,0.1205,0.3153945698230724
7656,8828,1172,0.1172,0.3091922629832738
7598,8799,1201,0.1201,0.29712317848900877
7448,8724,1276,0.1276,0.29559677745170815
7420,8710,1290,0.129,0.29232115274780496
7876,8938,1062,0.1062,0.28401425835595817
7562,8781,1219,0.1219,0.29355365710875725
7468,8734,1266,0.1266,0.29418681318685413
7606,8803,1197,0.1197,0.29305081145205103
7606,8803,1197,0.1197,0.2989035979539589
7678,8839,1161,0.1161,0.302165628516387
7790,8895,1105,0.1105,0.30053851849028035
7680,8840,1160,0.116,0.29713392920080833
7632,8816,1184,0.1184,0.28521998655943287
7720,8860,1140,0.114,0.2879206168628021
7566,8783,1217,0.1217,0.29781700614523143
7606,8803,1197,0.1197,0.2989953528548072
7610,8805,1195,0.1195,0.3167131660867768
7702,8851,1149,0.1149,0.3167236121998559
7544,8772,1228,0.1228,0.31216386118363587
7712,8856,1144,0.1144,0.3072948197742807
7698,8849,1151,0.1151,0.2911270747358502
7446,8723,1277,0.1277,0.2929382078364512
7390,8695,1305,0.1305,0.2937679176241043
7622,8811,1189,0.1189,0.28927004100330916
7628,8814,1186,0.1186,0.2830287005379039
7588,8794,1206,0.1206,0.2675968883937066
7664,8832,1168,0.1168,0.26168870460410143
7480,8740,1260,0.126,0.2630343977362849
7706,8853,1147,0.1147,0.24286426375714223
7608,8804,1196,0.1196,0.22772552393487885
7650,8825,1175,0.1175,0.22569914721615889
7564,8782,1218,0.1218,0.22656095284033073
7552,8776,1224,0.1224,0.22684699015179954
7658,8829,1171,0.1171,0.22642539848400328
7496,8748,1252,0.1252,0.22608543177316678
7598,8799,1201,0.1201,0.22370686744879412
7378,8689,1311,0.1311,0.22451951974727585
7670,8835,1165,0.1165,0.2204767962994475
7644,8822,1178,0.1178,0.2206295289381409
7692,8846,1154,0.1154,0.22020663653896919
7652,8826,1174,0.1174,0.21843937350508985
7638,8819,1181,0.1181,0.21530464278561368
7516,8758,1242,0.1242,0.22098074564472553
7666,8833,1167,0.1167,0.21885403537459505
7684,8842,1158,0.1158,0.22693915163814918
7486,8743,1257,0.1257,0.23436559477762353
7612,8806,1194,0.1194,0.2321026318501681
7586,8793,1207,0.1207,0.23152807903856457
7326,8663,1337,0.1337,0.2315979031663388
7430,8715,1285,0.1285,0.2231581059490014
7610,8805,1195,0.1195,0.21587639858610938
7686,8843,1157,0.1157,0.21370940130134114
7720,8860,1140,0.114,0.20762799226140888
7530,8765,1235,0.1235,0.20932683248337966
7642,8821,1179,0.1179,0.21185745951750087
7656,8828,1172,0.1172,0.21410794352105755
7578,8789,1211,0.1211,0.21932086107896612
7472,8736,1264,0.1264,0.21550415208954074
7748,8874,1126,0.1126,0.2079423236806928
7610,8805,1195,0.1195,0.2082112349332493
7712,8856,1144,0.1144,0.19637195277249178
7480,8740,1260,0.126,0.19572341930180745
7520,8760,1240,0.124,0.195269492627824
7512,8756,1244,0.1244,0.19774352729101666
7512,8756,1244,0.1244,0.20523338644710312
7724,8862,1138,0.1138,0.20171532597551123
7448,8724,1276,0.1276,0.20117076742970966
7608,8804,1196,0.1196,0.19134276490093924
7574,8787,1213,0.1213,0.17445826228773736
7518,8759,1241,0.1241,0.17497607131018303
7484,8742,1258,0.1258,0.18179917211063584
7526,8763,1237,0.1237,0.18669778446630522
7506,8753,1247,0.1247,0.20082038724826062
7732,8866,1134,0.1134,0.1961314376096879
7596,8798,1202,0.1202,0.1915181510928931
7558,8779,1221,0.1221,0.18796443626440815
7602,8801,1199,0.1199,0.18295081344687297
7570,8785,1215,0.1215,0.1999092557894066
7456,8728,1272,0.1272,0.20901416776836812
7492,8746,1254,0.1254,0.21493400684283498
7190,8595,1405,0.1405,0.22993155506632135
7702,8851,1149,0.1149,0.21528243803007607
7648,8824,1176,0.1176,0.2100517644453485
7510,8755,1245,0.1245,0.2061721670858584
7528,8764,1236,0.1236,0.19723305101589986
7574,8787,1213,0.1213,0.1999036155711583
7758,8879,1121,0.1121,0.20796097488282247
7552,8776,1224,0.1224,0.21321737788740516
7724,8862,1138,0.1138,0.21577669704082872
7550,8775,1225,0.1225,0.21154901713004892
7588,8794,1206,0.1206,0.21149711861481105
7330,8665,1335,0.1335,0.21385866011208313
7652,8826,1174,0.1174,0.212662671667843
7492,8746,1254,0.1254,0.21755567066611498
7564,8782,1218,0.1218,0.21638246801405767
7490,8745,1255,0.1255,0.21617068990167718
7598,8799,1201,0.1201,0.21125142660415772
7792,8896,1104,0.1104,0.21070408546030522
7620,8810,1190,0.119,0.21315515960382764
7628,8814,1186,0.1186,0.21595757796652615
7630,8815,1185,0.1185,0.21711367510080004
7568,8784,1216,0.1216,0.21305128118284047
7534,8767,1233,0.1233,0.21104923603199421
7558,8779,1221,0.1221,0.21141621579239236
7534,8767,1233,0.1233,0.20900998138728055
7534,8767,1233,0.1233,0.2100004501252579
7624,8812,1188,0.1188,0.21023248228007504
7358,8679,1321,0.1321,0.21500557247684718
7762,8881,1119,0.1119,0.21093626825406606
7624,8812,1188,0.1188,0.20908034853218124
7588,8794,1206,0.1206,0.20982796996739886
7432,8716,1284,0.1284,0.21600294769927186
7442,8721,1279,0.1279,0.2227416464773916
7626,8813,1187,0.1187,0.22868619011839045
7364,8682,1318,0.1318,0.23289923256337644
7734,8867,1133,0.1133,0.22573679401576519
7690,8845,1155,0.1155,0.2157524202808977
7406,8703,1297,0.1297,0.2177321083068899
7520,8760,1240,0.124,0.22252400377968015
7682,8841,1159,0.1159,0.22556024528135876
7554,8777,1223,0.1223,0.23990094802919776
7366,8683,1317,0.1317,0.24638662794828414
7472,8736,1264,0.1264,0.24397918155863882
7560,8780,1220,0.122,0.2365769133389811
7626,8813,1187,0.1187,0.23389987116231642
7582,8791,1209,0.1209,0.24399862613242584
7556,8778,1222,0.1222,0.24817181850695053
7696,8848,1152,0.1152,0.24935202133953352
7560,8780,1220,0.122,0.2607399205449736
7550,8775,1225,0.1225,0.2676007273400202
7592,8796,1204,0.1204,0.26645958456471563
7644,8822,1178,0.1178,0.2645425106610462
7574,8787,1213,0.1213,0.2664733012947331
7494,8747,1253,0.1253,0.2704914130852692
7752,8876,1124,0.1124,0.26828734295208545
7600,8800,1200,0.12,0.27254520418365646
7452,8726,1274,0.1274,0.27683127417676323
7656,8828,1172,0.1172,0.2700074411212903
7714,8857,1143,0.1143,0.2646264041977636
7578,8789,1211,0.1211,0.26093967770151794
7556,8778,1222,0.1222,0.2521112918577855
7724,8862,1138,0.1138,0.24334189562629463
7472,8736,1264,0.1264,0.24405805460009725
7476,8738,1262,0.1262,0.24565127471182185
7490,8745,1255,0.1255,0.2458905037660632
7718,8859,1141,0.1141,0.23332803218505097
7470,8735,1265,0.1265,0.2362713958162698
7540,8770,1230,0.123,0.2250537488713624
7640,8820,1180,0.118,0.21886936508485996
7824,8912,1088,0.1088,0.21479295946170668
7798,8899,1101,0.1101,0.2160186480289325
7644,8822,1178,0.1178,0.2134839077108206
7816,8908,1092,0.1092,0.20679313488909976
7662,8831,1169,0.1169,0.1992574805683645
7676,8838,1162,0.1162,0.19960143969935246
7486,8743,1257,0.1257,0.2047860128751723
7616,8808,1192,0.1192,0.20798570390708743
7642,8821,1179,0.1179,0.20493740305820246
7552,8776,1224,0.1224,0.20954299322478473
7530,8765,1235,0.1235,0.20422518901716266
7550,8775,1225,0.1225,0.19766662343167976
7678,8839,1161,0.1161,0.19623069888313713
7688,8844,1156,0.1156,0.19678372182939202
7648,8824,1176,0.1176,0.2028810124743264
7568,8784,1216,0.1216,0.21054453248903154
7654,8827,1173,0.1173,0.21151251905028112
7554,8777,1223,0.1223,0.21358585603919347
7552,8776,1224,0.1224,0.21556050676677432
7762,8881,1119,0.1119,0.2152718052256003
7492,8746,1254,0.1254,0.21590940980737164
7522,8761,1239,0.1239,0.21755914856120945
7632,8816,1184,0.1184,0.20891548716657593
7600,8800,1200,0.12,0.20074926776923238
7704,8852,1148,0.1148,0.191047278431186
7568,8784,1216,0.1216,0.19208850875629577
7572,8786,1214,0.1214,0.1949523965803266
7712,8856,1144,0.1144,0.1961778178313747
7654,8827,1173,0.1173,0.20118316075962847
7716,8858,1142,0.1142,0.19966101274034254
7590,8795,1205,0.1205,0.19533063302462256
7758,8879,1121,0.1121,0.19265771701383563
7504,8752,1248,0.1248,0.20680385904875
7652,8826,1174,0.1174,0.20658151947713013
7450,8725,1275,0.1275,0.222389278595718
7642,8821,1179,0.1179,0.22332925247550012
7698,8849,1151,0.1151,0.21540146646872382
7756,8878,1122,0.1122,0.21260047353053452
7760,8880,1120,0.112,0.2042777647422529
7554,8777,1223,0.1223,0.20614034391216782
7746,8873,1127,0.1127,0.2101894435400609
7648,8824,1176,0.1176,0.2131735094775278
7576,8788,1212,0.1212,0.21861510703730136
7814,8907,1093,0.1093,0.2132719815127052
7484,8742,1258,0.1258,0.20913688153624535
7752,8876,1124,0.1124,0.20448397183511838
7682,8841,1159,0.1159,0.20469982526597624
7560,8780,1220,0.122,0.20895574334864506
7754,8877,1123,0.1123,0.21827062503123015
7516,8758,1242,0.1242,0.2215706143229587
7458,8729,1271,0.1271,0.23228418525764719
7710,8855,1145,0.1145,0.2311025630772201
7706,8853,1147,0.1147,0.22789956607557424
7708,8854,1146,0.1146,0.22791968205302973
7600,8800,1200,0.12,0.22535695127192634
7454,8727,1273,0.1273,0.22531624325590674
7740,8870,1130,0.113,0.22421511838544975
7598,8799,1201,0.1201,0.2285539577962132
7672,8836,1164,0.1164,0.23175059930949937
7444,8722,1278,0.1278,0.23492382641100412
7566,8783,1217,0.1217,0.22850022124685535
7742,8871,1129,0.1129,0.2240375139385942
7606,8803,1197,0.1197,0.21827966424054976
7536,8768,1232,0.1232,0.2261937896363437
7646,8823,1177,0.1177,0.23793732469400766
7456,8728,1272,0.1272,0.24346206112036362
7416,8708,1292,0.1292,0.2544737950205782
7872,8936,1064,0.1064,0.25391847735484463
7742,8871,1129,0.1129,0.2533715619782568
7688,8844,1156,0.1156,0.25461338428170777
7372,8686,1314,0.1314,0.2639046937515612
7676,8838,1162,0.1162,0.2642488531157374
7502,8751,1249,0.1249,0.27107592873722314
7654,8827,1173,0.1173,0.26995632265103775
7706,8853,1147,0.1147,0.2642843275709543
7528,8764,1236,0.1236,0.2563614861208625
7742,8871,1129,0.1129,0.24312584601640702
7716,8858,1142,0.1142,0.2415313857010045
7700,8850,1150,0.115,0.24064345386097558
7780,8890,1110,0.111,0.24127514464743435
7624,8812,1188,0.1188,0.2396383428108413
7696,8848,1152,0.1152,0.23949858923740686
7592,8796,1204,0.1204,0.23111476811709325
7726,8863,1137,0.1137,0.22752678063437343
7648,8824,1176,0.1176,0.23416074345314214
7720,8860,1140,0.114,0.23448928637407954
7668,8834,1166,0.1166,0.24864054689987425
7632,8816,1184,0.1184,0.25379647325162075
7496,8748,1252,0.1252,0.2588064517679771
7680,8840,1160,0.116,0.2558831226265058
7484,8742,1258,0.1258,0.2655446590591402
7464,8732,1268,0.1268,0.2748036651510619
7394,8697,1303,0.1303,0.28890415320644136
7526,8763,1237,0.1237,0.28590402653478153
7476,8738,1262,0.1262,0.29424182163902735
7546,8773,1227,0.1227,0.29384770447602493
7630,8815,1185,0.1185,0.291747133615613
7558,8779,1221,0.1221,0.29117970876674515
7648,8824,1176,0.1176,0.29473941372707485
7748,8874,1126,0.1126,0.2990128943870837
7694,8847,1153,0.1153,0.30577926638536157
7524,8762,1238,0.1238,0.30613733962476264
7802,8901,1099,0.1099,0.29815266231009757
7732,8866,1134,0.1134,0.29491244722934506
7616,8808,1192,0.1192,0.29071733208096173
7428,8714,1286,0.1286,0.2951207520861893
7706,8853,1147,0.1147,0.29142222296751774
7528,8764,1236,0.1236,0.29198632263855473
7544,8772,1228,0.1228,0.2920623508987778
7554,8777,1223,0.1223,0.2938106109893597
7500,8750,1250,0.125,0.28732139942858487
7690,8845,1155,0.1155,0.2830201522534015
7604,8802,1198,0.1198,0.27748691243791007
7658,8829,1171,0.1171,0.27979134320556187
7726,8863,1137,0.1137,0.2775819928015241
7712,8856,1144,0.1144,0.2798787896142828
7576,8788,1212,0.1212,0.28493946151230487
7468,8734,1266,0.1266,0.285602468300112
7662,8831,1169,0.1169,0.28333764722630184
7636,8818,1182,0.1182,0.2789231522756675
7696,8848,1152,0.1152,0.279027335967002
7614,8807,1193,0.1193,0.28097745805610913
7516,8758,1242,0.1242,0.28732746488090855
7646,8823,1177,0.1177,0.2917381023898721
7524,8762,1238,0.1238,0.29814770149555114
7684,8842,1158,0.1158,0.29651596665167695
7642,8821,1179,0.1179,0.2955036748498254
7780,8890,1110,0.111,0.29085773806632154
7710,8855,1145,0.1145,0.293588989659998
7666,8833,1167,0.1167,0.2907515931088911
7536,8768,1232,0.1232,0.30067359656136206
7576,8788,1212,0.1212,0.30375063065588476
7650,8825,1175,0.1175,0.30272804371749085
7742,8871,1129,0.1129,0.2964962673514412
7556,8778,1222,0.1222,0.2935565075376908
7762,8881,1119,0.1119,0.29500899947157694
7830,8915,1085,0.1085,0.3009694956306899
7408,8704,1296,0.1296,0.31219811323303104
7438,8719,1281,0.1281,0.33853053019075197
7524,8762,1238,0.1238,0.3391046417493672
7762,8881,1119,0.1119,0.3303826382544717
7434,8717,1283,0.1283,0.33385551923066376
7586,8793,1207,0.1207,0.3112792918621617
7518,8759,1241,0.1241,0.30741390443041955
7556,8778,1222,0.1222,0.30547136711636236
7576,8788,1212,0.1212,0.3107972981746402
7562,8781,1219,0.1219,0.32169158009961246
7542,8771,1229,0.1229,0.32816371481207823
7668,8834,1166,0.1166,0.3263800533500464
7480,8740,1260,0.126,0.32710244827948365
7734,8867,1133,0.1133,0.3104763352573666
7652,8826,1174,0.1174,0.3061504411119396
7584,8792,1208,0.1208,0.3023857007716022
7582,8791,1209,0.1209,0.3020063524837489
7586,8793,1207,0.1207,0.30998137018827276
7614,8807,1193,0.1193,0.31231042980402507
7676,8838,1162,0.1162,0.3121701919560597
7564,8782,1218,0.1218,0.31294495320990684
7562,8781,1219,0.1219,0.31741464380369644
7658,8829,1171,0.1171,0.31339842213515196
7694,8847,1153,0.1153,0.31029784236202224
7758,8879,1121,0.1121,0.30927961934166964
7482,8741,1259,0.1259,0.3091500434646383
7676,8838,1162,0.1162,0.3082527320475076
7456,8728,1272,0.1272,0.31020260350430173
7584,8792,1208,0.1208,0.3079386583041109
7654,8827,1173,0.1173,0.29269983487733686
7674,8837,1163,0.1163,0.27964420873799317
7670,8835,1165,0.1165,0.27558134748929614
7564,8782,1218,0.1218,0.27621029791210905
7496,8748,1252,0.1252,0.28831799741244174
7634,8817,1183,0.1183,0.29474104856691646
7656,8828,1172,0.1172,0.300571421697177
7534,8767,1233,0.1233,0.3020885629705711
7536,8768,1232,0.1232,0.3032395036337817
7562,8781,1219,0.1219,0.30529713096255456
7454,8727,1273,0.1273,0.3104265311911045
7462,8731,1269,0.1269,0.3135975511108259
7500,8750,1250,0.125,0.32094775473681003
7496,8748,1252,0.1252,0.31492095473321163
7618,8809,1191,0.1191,0.3057782038413454
7708,8854,1146,0.1146,0.3020006640014681
7500,8750,1250,0.125,0.2920977972964707
7556,8778,1222,0.1222,0.2893503605086531
7786,8893,1107,0.1107,0.28439324144061856
7620,8810,1190,0.119,0.2867612190112472
7790,8895,1105,0.1105,0.2587698848493397
7790,8895,1105,0.1105,0.24921997883073055
7654,8827,1173,0.1173,0.24242073665501085
7556,8778,1222,0.1222,0.24323431315467242
7618,8809,1191,0.1191,0.2524088036700482
7614,8807,1193,0.1193,0.2591812200997956
7410,8705,1295,0.1295,0.2609365014853247
7580,8790,1210,0.121,0.2588396496381588
7638,8819,1181,0.1181,0.2515978226123666
7572,8786,1214,0.1214,0.239479437341982
7714,8857,1143,0.1143,0.2326020600436052
7676,8838,1162,0.1162,0.23293720313201194
7590,8795,1205,0.1205,0.24109061955392927
7602,8801,1199,0.1199,0.24622155534378917
7684,8842,1158,0.1158,0.24356127927107737
7632,8816,1184,0.1184,0.24535976088339234
7480,8740,1260,0.126,0.22660820601060058
7546,8773,1227,0.1227,0.22115940297348424
7628,8814,1186,0.1186,0.2168173063377748
7604,8802,1198,0.1198,0.21752882380550728
7462,8731,1269,0.1269,0.23071303848298266
7506,8753,1247,0.1247,0.23193893244416613
7390,8695,1305,0.1305,0.23366565546734172
7548,8774,1226,0.1226,0.22972812347476573
7712,8856,1144,0.1144,0.22194479767614975
7782,8891,1109,0.1109,0.22025307955881582
7796,8898,1102,0.1102,0.2217630295415892
7520,8760,1240,0.124,0.22293061842212536
7662,8831,1169,0.1169,0.23066734039496023
7572,8786,1214,0.1214,0.23593109705125198
7664,8832,1168,0.1168,0.2375524840291153
7622,8811,1189,0.1189,0.24020634585754047
7566,8783,1217,0.1217,0.23567749268397156
7572,8786,1214,0.1214,0.23105025010352664
7698,8849,1151,0.1151,0.22694249758752477
7630,8815,1185,0.1185,0.228831538086012
7548,8774,1226,0.1226,0.23262546915789317
7650,8825,1175,0.1175,0.23187732811023715
7706,8853,1147,0.1147,0.23555381646705792
7464,8732,1268,0.1268,0.23965677521005732
7416,8708,1292,0.1292,0.24227138965489867
7664,8832,1168,0.1168,0.23958861541064688
7662,8831,1169,0.1169,0.24016066807785355
7694,8847,1153,0.1153,0.2401422486799527
7636,8818,1182,0.1182,0.23914075047601113
7634,8817,1183,0.1183,0.2379836992903487
7602,8801,1199,0.1199,0.24142293167598547
7418,8709,1291,0.1291,0.24412263236967738
7706,8853,1147,0.1147,0.26025010963522244
7588,8794,1206,0.1206,0.2628460666635627
7560,8780,1220,0.122,0.2612467970901732
7698,8849,1151,0.1151,0.26167370409320967
7694,8847,1153,0.1153,0.24202176212987106
7710,8855,1145,0.1145,0.2399415599482134
7464,8732,1268,0.1268,0.24251450927834975
7566,8783,1217,0.1217,0.24106530730721862
7696,8848,1152,0.1152,0.24763942731053104
7704,8852,1148,0.1148,0.24607634304463863
7686,8843,1157,0.1157,0.24746367349961043
7448,8724,1276,0.1276,0.24883062920126325
7670,8835,1165,0.1165,0.2366926407716437
7596,8798,1202,0.1202,0.23593857059838128
7724,8862,1138,0.1138,0.23303222410883112
7742,8871,1129,0.1129,0.23280579489450556
7532,8766,1234,0.1234,0.23039998974944836
7522,8761,1239,0.1239,0.2332347874642308
7650,8825,1175,0.1175,0.23367044734060766
7558,8779,1221,0.1221,0.23645368394330143
7546,8773,1227,0.1227,0.2208314316843698
7486,8743,1257,0.1257,0.21558283281155746
7588,8794,1206,0.1206,0.21002113704700023
7570,8785,1215,0.1215,0.20722219095230102
7738,8869,1131,0.1131,0.20012010331819888
7582,8791,1209,0.1209,0.2022880579647876
7636,8818,1182,0.1182,0.20327501259343045
7748,8874,1126,0.1126,0.20249980207571586
7568,8784,1216,0.1216,0.20580709302227043
7514,8757,1243,0.1243,0.20937929743831774
7698,8849,1151,0.1151,0.21297748443870756
7598,8799,1201,0.1201,0.21668252343089558
7588,8794,1206,0.1206,0.22792348418505282
7590,8795,1205,0.1205,0.22497009342935648
7798,8899,1101,0.1101,0.217264853497874
7294,8647,1353,0.1353,0.22029743910841643
7472,8736,1264,0.1264,0.21318054820932447
7762,8881,1119,0.1119,0.2101408482123352
7782,8891,1109,0.1109,0.21133301518295822
7662,8831,1169,0.1169,0.2137265383995953
7578,8789,1211,0.1211,0.20813725216592938
7688,8844,1156,0.1156,0.20830982083655109
7528,8764,1236,0.1236,0.21304059554284321
7500,8750,1250,0.125,0.21750177414296196
7634,8817,1183,0.1183,0.2375214323708903
7756,8878,1122,0.1122,0.23533140564914792
7356,8678,1322,0.1322,0.24122609870677042
7372,8686,1314,0.1314,0.2382040671146009
7690,8845,1155,0.1155,0.22847083388220554
7750,8875,1125,0.1125,0.2248799378124997
7494,8747,1253,0.1253,0.2297717600168007
7492,8746,1254,0.1254,0.2268299051917391
7664,8832,1168,0.1168,0.20826076912928038
7908,8954,1046,0.1046,0.19863090328216784
7580,8790,1210,0.121,0.20064331044062272
7684,8842,1158,0.1158,0.197492553969282
7738,8869,1131,0.1131,0.1980939467075098
7692,8846,1154,0.1154,0.20034310927885055
7522,8761,1239,0.1239,0.20609373751131907
7728,8864,1136,0.1136,0.20315050588667236
7672,8836,1164,0.1164,0.20760239293216937
7650,8825,1175,0.1175,0.2051125343952166
7598,8799,1201,0.1201,0.20735869733692724
7714,8857,1143,0.1143,0.20609359944647385
7670,8835,1165,0.1165,0.21625534745482727
7646,8823,1177,0.1177,0.21609331287687522
7404,8702,1298,0.1298,0.22090637479712333
7516,8758,1242,0.1242,0.21772194438365722
7640,8820,1180,0.118,0.21252130284062587
7724,8862,1138,0.1138,0.2084308207495942
7442,8721,1279,0.1279,0.21292863400862166
7480,8740,1260,0.126,0.21078892514674957
7726,8863,1137,0.1137,0.1987327993813902
7536,8768,1232,0.1232,0.2023554376987755
7746,8873,1127,0.1127,0.20325077525242233
7504,8752,1248,0.1248,0.20819047434822205
7548,8774,1226,0.1226,0.22985912649650125
7682,8841,1159,0.1159,0.22920608850375748
7568,8784,1216,0.1216,0.23137347937108788
7680,8840,1160,0.116,0.22928758414712502
7840,8920,1080,0.108,0.22444794929251075
7640,8820,1180,0.118,0.2253421605487354
7494,8747,1253,0.1253,0.22542464010324037
7416,8708,1292,0.1292,0.22435221126571656
7512,8756,1244,0.1244,0.21401945395125355
7496,8748,1252,0.1252,0.21195646651610733
7636,8818,1182,0.1182,0.20915968172275606
7590,8795,1205,0.1205,0.20808091087273498
7528,8764,1236,0.1236,0.18660900510381906
7624,8812,1188,0.1188,0.1836600243701169
7708,8854,1146,0.1146,0.18528861967181728
7676,8838,1162,0.1162,0.18619292134963325
7436,8718,1282,0.1282,0.2000487037013285
7550,8775,1225,0.1225,0.20041517773496184
7540,8770,1230,0.123,0.1984118568252726
7538,8769,1231,0.1231,0.200140770251333
7478,8739,1261,0.1261,0.2011502884379949
7634,8817,1183,0.1183,0.19883782344095385
7908,8954,1046,0.1046,0.19263734797003695
7534,8767,1233,0.1233,0.19956238418622693
7694,8847,1153,0.1153,0.20118839233020444
7594,8797,1203,0.1203,0.20586078655583942
7796,8898,1102,0.1102,0.2033043246302288
7646,8823,1177,0.1177,0.209524173512705
7532,8766,1234,0.1234,0.22584035216082665
7600,8800,1200,0.12,0.23195870832884044
7612,8806,1194,0.1194,0.2353064992535909
7466,8733,1267,0.1267,0.24133182126869507
7682,8841,1159,0.1159,0.2434071667650637
7382,8691,1309,0.1309,0.24462992593010857
7646,8823,1177,0.1177,0.2385905460542068
7672,8836,1164,0.1164,0.23880787260203779
7748,8874,1126,0.1126,0.2386401036053314
7434,8717,1283,0.1283,0.24499528197265213
7750,8875,1125,0.1125,0.2427566028853445
7588,8794,1206,0.1206,0.24437455995078003
7738,8869,1131,0.1131,0.24159544314581416
7696,8848,1152,0.1152,0.241006517952833
7634,8817,1183,0.1183,0.2379433102664363
7660,8830,1170,0.117,0.23660941027984272
7834,8917,1083,0.1083,0.20911000946597197
7756,8878,1122,0.1122,0.20420373677095266
7740,8870,1130,0.113,0.2008687836832003
7638,8819,1181,0.1181,0.1995305778826771
7618,8809,1191,0.1191,0.19055077509233098
7754,8877,1123,0.1123,0.1867347089910842
7590,8795,1205,0.1205,0.18624057621057546
7632,8816,1184,0.1184,0.18308722098167837
7576,8788,1212,0.1212,0.17234944571802863
7502,8751,1249,0.1249,0.17362055899500847
7558,8779,1221,0.1221,0.17329808752128645
7648,8824,1176,0.1176,0.17134482388367342
7778,8889,1111,0.1111,0.16021842252211646
7544,8772,1228,0.1228,0.16385555516021258
7620,8810,1190,0.119,0.16209870324960793
7518,8759,1241,0.1241,0.16266859561001185
7590,8795,1205,0.1205,0.1681458484176155
7614,8807,1193,0.1193,0.16844416760284983
7796,8898,1102,0.1102,0.16760706506427378
7638,8819,1181,0.1181,0.1693150678410195
7556,8778,1222,0.1222,0.17842643490759946
7390,8695,1305,0.1305,0.18548226241348312
7562,8781,1219,0.1219,0.18358915054622615
7560,8780,1220,0.122,0.1882916286272317
7620,8810,1190,0.119,0.2015943110077843
7648,8824,1176,0.1176,0.20444745994035984
7634,8817,1183,0.1183,0.20161794722253898
7608,8804,1196,0.1196,0.20513264167765746
7616,8808,1192,0.1192,0.23512103391060374
7548,8774,1226,0.1226,0.2503235830687458
7668,8834,1166,0.1166,0.247840116606839
7538,8769,1231,0.1231,0.2569121092747897
7404,8702,1298,0.1298,0.27404841524938456
7602,8801,1199,0.1199,0.27841701619643716
7478,8739,1261,0.1261,0.28275235972994545
7560,8780,1220,0.122,0.28962611154160406
7360,8680,1320,0.132,0.3532533337144901
7572,8786,1214,0.1214,0.35911500750585235
7770,8885,1115,0.1115,0.3577976406421978
7440,8720,1280,0.128,0.36802821411906544
7630,8815,1185,0.1185,0.362058632735693
7742,8871,1129,0.1129,0.3587310762352272
7636,8818,1182,0.1182,0.3566810651697068
7676,8838,1162,0.1162,0.35261793606491937
7542,8771,1229,0.1229,0.3350605484870649
7544,8772,1228,0.1228,0.33420602305418395
7690,8845,1155,0.1155,0.3317546663647886
7586,8793,1207,0.1207,0.32715930295420187
7412,8706,1294,0.1294,0.3097723637337774
7626,8813,1187,0.1187,0.2993931268682936
7596,8798,1202,0.1202,0.29957535092859244
7550,8775,1225,0.1225,0.28895583552429455
7518,8759,1241,0.1241,0.23962123049386197
7706,8853,1147,0.1147,0.23306833885510897
7698,8849,1151,0.1151,0.23158428873802694
7610,8805,1195,0.1195,0.22825160129864308
7528,8764,1236,0.1236,0.21361118929208023
7266,8633,1367,0.1367,0.2143520707992917
7540,8770,1230,0.123,0.2102591128490158
7416,8708,1292,0.1292,0.206651568327361
7496,8748,1252,0.1252,0.19357757235955586
7668,8834,1166,0.1166,0.18837628280718388
7710,8855,1145,0.1145,0.18697066335367826
7692,8846,1154,0.1154,0.18334576735794503
7704,8852,1148,0.1148,0.17264581778738647
7604,8802,1198,0.1198,0.17653986129839905
7496,8748,1252,0.1252,0.1794268408942005
7604,8802,1198,0.1198,0.18260669305248883
7654,8827,1173,0.1173,0.18107061242312192
7540,8770,1230,0.123,0.1762157964684884
7780,8890,1110,0.111,0.17261486167119583
7782,8891,1109,0.1109,0.16600211651184363
7724,8862,1138,0.1138,0.17083581407231316
7598,8799,1201,0.1201,0.1799831312286456
7520,8760,1240,0.124,0.18237174844164475
7600,8800,1200,0.12,0.18756286478157777
7480,8740,1260,0.126,0.19763573071711316
7560,8780,1220,0.122,0.1933303505007083
7690,8845,1155,0.1155,0.19144664771030814
7642,8821,1179,0.1179,0.1891610508161832
7620,8810,1190,0.119,0.20402921876792277
7698,8849,1151,0.1151,0.20956476031359061
7476,8738,1262,0.1262,0.21623952597515309
7664,8832,1168,0.1168,0.2194614276353271
7558,8779,1221,0.1221,0.24313465863302552
7368,8684,1316,0.1316,0.24628438259213914
7512,8756,1244,0.1244,0.24993008737782302
7522,8761,1239,0.1239,0.24997346158148867
7718,8859,1141,0.1141,0.24536090074554565
7558,8779,1221,0.1221,0.24767990436955833
7610,8805,1195,0.1195,0.2457126478408176
7666,8833,1167,0.1167,0.2419973620548586
7608,8804,1196,0.1196,0.22762300349137413
7714,8857,1143,0.1143,0.2243137808494699
7658,8829,1171,0.1171,0.22491371291034312
7628,8814,1186,0.1186,0.22508408865411014
7656,8828,1172,0.1172,0.2130108421706615
7658,8829,1171,0.1171,0.20821078832726925
7668,8834,1166,0.1166,0.20975604123920466
7582,8791,1209,0.1209,0.20466697488592347
7538,8769,1231,0.1231,0.1881509082993798
7768,8884,1116,0.1116,0.18338938200260396
7422,8711,1289,0.1289,0.18858605714410104
7852,8926,1074,0.1074,0.18138776518255473
7606,8803,1197,0.1197,0.16888904083509015
7688,8844,1156,0.1156,0.16481332511419836
7594,8797,1203,0.1203,0.16516709608909141
7624,8812,1188,0.1188,0.16146494494574515
7634,8817,1183,0.1183,0.16847092329081706
7608,8804,1196,0.1196,0.16956721379213668
7644,8822,1178,0.1178,0.16873087506685824
7572,8786,1214,0.1214,0.17010714980301822
7750,8875,1125,0.1125,0.1628009718497713
7650,8825,1175,0.1175,0.1631574920025401
7692,8846,1154,0.1154,0.1633427215941835
7652,8826,1174,0.1174,0.16444088346133803
7640,8820,1180,0.118,0.171537564863426
7634,8817,1183,0.1183,0.1728979622639634
7730,8865,1135,0.1135,0.17229382321075912
7724,8862,1138,0.1138,0.17565897553040458
7504,8752,1248,0.1248,0.18499491687246042
7494,8747,1253,0.1253,0.18561348738090008
7702,8851,1149,0.1149,0.1851292137579112
7442,8721,1279,0.1279,0.19274724901714943
7568,8784,1216,0.1216,0.21027356508891104
7488,8744,1256,0.1256,0.2100538833512505
7640,8820,1180,0.118,0.20734705645834575
7776,8888,1112,0.1112,0.20392933373148553
7518,8759,1241,0.1241,0.21052661041489654
7568,8784,1216,0.1216,0.2096481444161732
7574,8787,1213,0.1213,0.21089872596934436
7668,8834,1166,0.1166,0.21175388942736273
7506,8753,1247,0.1247,0.22181193734761329
7660,8830,1170,0.117,0.2210396224570519
7466,8733,1267,0.1267,0.2254895305880247
7636,8818,1182,0.1182,0.2254047062207212
7604,8802,1198,0.1198,0.24928504963569412
7472,8736,1264,0.1264,0.2521213738031685
7460,8730,1270,0.127,0.26540026999491384
7654,8827,1173,0.1173,0.26270593388677005
7580,8790,1210,0.121,0.29283169537999204
7614,8807,1193,0.1193,0.3077900626220042
7588,8794,1206,0.1206,0.30031550963998305
7716,8858,1142,0.1142,0.31581895743906496
7692,8846,1154,0.1154,0.35441266497322643
7666,8833,1167,0.1167,0.3419369979932904
7558,8779,1221,0.1221,0.35495292619585234
7544,8772,1228,0.1228,0.35572282595329946
7702,8851,1149,0.1149,0.36723821541384677
7622,8811,1189,0.1189,0.3687661800601753
7586,8793,1207,0.1207,0.3717303557232492
7442,8721,1279,0.1279,0.3771057265815791
7550,8775,1225,0.1225,0.40445097834472565
7458,8729,1271,0.1271,0.4058659974517068
7480,8740,1260,0.126,0.40894509454406797
7518,8759,1241,0.1241,0.4147975294073499
7650,8825,1175,0.1175,0.4270007957455702
7564,8782,1218,0.1218,0.4301868993103446
7712,8856,1144,0.1144,0.4268759170909889
7548,8774,1226,0.1226,0.42985291444902685
7658,8829,1171,0.1171,0.4254214427413539
7580,8790,1210,0.121,0.4275828354148776
7540,8770,1230,0.123,0.4252650911236953
7634,8817,1183,0.1183,0.4270972234983477
7562,8781,1219,0.1219,0.40908961265404176
7534,8767,1233,0.1233,0.4110707938375133
7606,8803,1197,0.1197,0.41065219972745265
7504,8752,1248,0.1248,0.41211577788861287
7658,8829,1171,0.1171,0.41595229144121915
7680,8840,1160,0.116,0.41705243465217817
7618,8809,1191,0.1191,0.4167352905377746
7592,8796,1204,0.1204,0.41799756490269036
7442,8721,1279,0.1279,0.4638477691275097
7526,8763,1237,0.1237,0.4628692038662906
7476,8738,1262,0.1262,0.464327642369161
7416,8708,1292,0.1292,0.47522924787801823
7656,8828,1172,0.1172,0.47214077226987594
7524,8762,1238,0.1238,0.4691380924004363
7454,8727,1273,0.1273,0.4672057942526416
7466,8733,1267,0.1267,0.4591138911468856
7578,8789,1211,0.1211,0.42495339825302364
7398,8699,1301,0.1301,0.4255975023360199
7664,8832,1168,0.1168,0.42107189376326276
7500,8750,1250,0.125,0.420259968360141
7480,8740,1260,0.126,0.36815110063898904
7534,8767,1233,0.1233,0.3645898654610839
7470,8735,1265,0.1265,0.36270743969526437
7510,8755,1245,0.1245,0.35553160456924926
7488,8744,1256,0.1256,0.31439242638250436
7612,8806,1194,0.1194,0.3103553285511356
7552,8776,1224,0.1224,0.3112975383394984
7476,8738,1262,0.1262,0.3029899692234183
7670,8835,1165,0.1165,0.2794254670447769
7576,8788,1212,0.1212,0.28085396976839544
7512,8756,1244,0.1244,0.2810786717576284
7554,8777,1223,0.1223,0.2819736705508794
7682,8841,1159,0.1159,0.28009619456623397
7488,8744,1256,0.1256,0.28190011685942534
7610,8805,1195,0.1195,0.28065955237436574
7366,8683,1317,0.1317,0.28944565108060116
7462,8731,1269,0.1269,0.31282427421174797
7698,8849,1151,0.1151,0.31197222074244635
7586,8793,1207,0.1207,0.31187060207701867
7628,8814,1186,0.1186,0.3148257138413927
7344,8672,1328,0.1328,0.3255045125280446
7784,8892,1108,0.1108,0.3198860474601894
7722,8861,1139,0.1139,0.3213150922584266
7648,8824,1176,0.1176,0.3272476106546886
7654,8827,1173,0.1173,0.3445853623169474
7704,8852,1148,0.1148,0.3403650432141032
7466,8733,1267,0.1267,0.34022057142302814
7760,8880,1120,0.112,0.33584176895245926
7620,8810,1190,0.119,0.34556032607592035
7414,8707,1293,0.1293,0.34859968923581325
7636,8818,1182,0.1182,0.3484606122254569
7614,8807,1193,0.1193,0.3504586380104967
7442,8721,1279,0.1279,0.3557163358570775
7616,8808,1192,0.1192,0.3529085948514518
7596,8798,1202,0.1202,0.35381090020045547
7608,8804,1196,0.1196,0.34964445896013097
7588,8794,1206,0.1206,0.37111207368350607
7542,8771,1229,0.1229,0.3762264629700963
7634,8817,1183,0.1183,0.3786828140260652
7512,8756,1244,0.1244,0.38047312809881084
7640,8820,1180,0.118,0.39044811175551586
7544,8772,1228,0.1228,0.3887255670055747
7680,8840,1160,0.116,0.3819265543300149
7852,8926,1074,0.1074,0.3745579665104335
7706,8853,1147,0.1147,0.3519646474230336
7428,8714,1286,0.1286,0.3577385412557719
7524,8762,1238,0.1238,0.3563784307747619
7422,8711,1289,0.1289,0.35900678294463706
7648,8824,1176,0.1176,0.34668505856755655
7432,8716,1284,0.1284,0.34324271316342053
7602,8801,1199,0.1199,0.33794329494109904
7424,8712,1288,0.1288,0.3385752060885742
7696,8848,1152,0.1152,0.33805624142671015
7508,8754,1246,0.1246,0.3439879133013544
7708,8854,1146,0.1146,0.3423721921028569
7512,8756,1244,0.1244,0.34476409632871835
7702,8851,1149,0.1149,0.3106663585167731
7660,8830,1170,0.117,0.3123950037520316
7456,8728,1272,0.1272,0.31453448696392433
7846,8923,1077,0.1077,0.3105352017755387
7716,8858,1142,0.1142,0.3456074263088369
7658,8829,1171,0.1171,0.3464857525630245
7626,8813,1187,0.1187,0.3487514609511669
7656,8828,1172,0.1172,0.347564819830971
7558,8779,1221,0.1221,0.3245930719569326
7528,8764,1236,0.1236,0.32644708923557353
7650,8825,1175,0.1175,0.3238164611574457
7626,8813,1187,0.1187,0.32707545315845554
7360,8680,1320,0.132,0.3448701419289907
7662,8831,1169,0.1169,0.333315845671139
7524,8762,1238,0.1238,0.3334159336111974
7724,8862,1138,0.1138,0.33181747194574646
7674,8837,1163,0.1163,0.3025224966175454
7612,8806,1194,0.1194,0.2997566076970659
7582,8791,1209,0.1209,0.29927227760237984
7356,8678,1322,0.1322,0.3008781113319411
7594,8797,1203,0.1203,0.2836781060576439
7568,8784,1216,0.1216,0.2806019008338146
7596,8798,1202,0.1202,0.28037079744279964
7608,8804,1196,0.1196,0.2798368326870972
7750,8875,1125,0.1125,0.27289356616460503
7658,8829,1171,0.1171,0.2763000414611246
7586,8793,1207,0.1207,0.2771297469171608
7436,8718,1282,0.1282,0.2796317314594586
7838,8919,1081,0.1081,0.26982422772498976
7548,8774,1226,0.1226,0.2783743252185595
7434,8717,1283,0.1283,0.281230513691255
7606,8803,1197,0.1197,0.2809028574721858
7454,8727,1273,0.1273,0.30049318249635054
7674,8837,1163,0.1163,0.30217676662670817
7672,8836,1164,0.1164,0.3009108755939902
7654,8827,1173,0.1173,0.3008670655352413
7674,8837,1163,0.1163,0.30740311768203976
7636,8818,1182,0.1182,0.3148814940531738
7696,8848,1152,0.1152,0.31850989425172854
7536,8768,1232,0.1232,0.32070533153686026
7494,8747,1253,0.1253,0.3501954111314325
7594,8797,1203,0.1203,0.3533208823174238
7656,8828,1172,0.1172,0.3527864419740367
7584,8792,1208,0.1208,0.35644905940632304
7740,8870,1130,0.113,0.3514003756502294
7578,8789,1211,0.1211,0.35194171192785595
7646,8823,1177,0.1177,0.35028882675519274
7604,8802,1198,0.1198,0.3519015467745863
7710,8855,1145,0.1145,0.3308927515520307
7692,8846,1154,0.1154,0.3272650733574188
7538,8769,1231,0.1231,0.3258207281079415
7516,8758,1242,0.1242,0.32880205323442496
7536,8768,1232,0.1232,0.32557771415038445
7710,8855,1145,0.1145,0.32220314601175487
7570,8785,1215,0.1215,0.32320055496843125
7638,8819,1181,0.1181,0.3246674494351241
7640,8820,1180,0.118,0.34886328528300636
7678,8839,1161,0.1161,0.35708240543366787
7630,8815,1185,0.1185,0.3595616176012131
7654,8827,1173,0.1173,0.3602592416170221
7540,8770,1230,0.123,0.36700966092489545
7412,8706,1294,0.1294,0.3744775423015323
7780,8890,1110,0.111,0.36997401532469526
7614,8807,1193,0.1193,0.37261688863376186
7526,8763,1237,0.1237,0.4013122946118859
7424,8712,1288,0.1288,0.41081520453671116
7492,8746,1254,0.1254,0.4084606839385749
7688,8844,1156,0.1156,0.40691086360069456
7664,8832,1168,0.1168,0.4164949837267399
7600,8800,1200,0.12,0.42079307733895255
7490,8745,1255,0.1255,0.4245680651901579
7626,8813,1187,0.1187,0.42196509717572606
7692,8846,1154,0.1154,0.4274488246431563
7648,8824,1176,0.1176,0.42015081875597754
7644,8822,1178,0.1178,0.419355379428342
7628,8814,1186,0.1186,0.4169956589745032
7526,8763,1237,0.1237,0.3826443948703803
7576,8788,1212,0.1212,0.37935968180342644
7622,8811,1189,0.1189,0.37863814673125745
7614,8807,1193,0.1193,0.37958590387521546
7596,8798,1202,0.1202,0.38408764490531755
7418,8709,1291,0.1291,0.38496338708843103
7546,8773,1227,0.1227,0.3840024281492457
7398,8699,1301,0.1301,0.38431292293067054
7592,8796,1204,0.1204,0.3997036461642007
7562,8781,1219,0.1219,0.4077146214798369
7456,8728,1272,0.1272,0.4110573801603432
7760,8880,1120,0.112,0.4071107113072547
7622,8811,1189,0.1189,0.40114122962064575
7692,8846,1154,0.1154,0.40264227662377233
7614,8807,1193,0.1193,0.40236155845392496
7488,8744,1256,0.1256,0.40419005568935756
7524,8762,1238,0.1238,0.4121765696231607
7598,8799,1201,0.1201,0.40310583787597715
7518,8759,1241,0.1241,0.40143052660511347
7518,8759,1241,0.1241,0.3968409440550017
7596,8798,1202,0.1202,0.3624233395666957
7698,8849,1151,0.1151,0.35981423096332804
7582,8791,1209,0.1209,0.36041437624022366
7654,8827,1173,0.1173,0.3594163975169958
7572,8786,1214,0.1214,0.33618685670679554
7498,8749,1251,0.1251,0.32849385478637994
7658,8829,1171,0.1171,0.3271413108625296
7822,8911,1089,0.1089,0.3201942303657532
7472,8736,1264,0.1264,0.3184728354394778
7650,8825,1175,0.1175,0.32323703171545637
7574,8787,1213,0.1213,0.32702412035691086
7508,8754,1246,0.1246,0.3305404094289779
7584,8792,1208,0.1208,0.34899462898336125
7714,8857,1143,0.1143,0.34107236422200987
7456,8728,1272,0.1272,0.3452410219743848
7544,8772,1228,0.1228,0.3388973463604314
7570,8785,1215,0.1215,0.31313376900568474
7792,8896,1104,0.1104,0.303117317773966
7474,8737,1263,0.1263,0.3054929677748474
7500,8750,1250,0.125,0.30324616169898655
7608,8804,1196,0.1196,0.2846522414673804
7514,8757,1243,0.1243,0.27329006212502716
7744,8872,1128,0.1128,0.27048337742313744
7500,8750,1250,0.125,0.26620932173438594
7576,8788,1212,0.1212,0.24837145133509275
7674,8837,1163,0.1163,0.2525641157870214
7518,8759,1241,0.1241,0.25307226210478695
7588,8794,1206,0.1206,0.25446704977890733
7442,8721,1279,0.1279,0.24371032136611756
7542,8771,1229,0.1229,0.23224401037968664
7638,8819,1181,0.1181,0.23008483509242286
7684,8842,1158,0.1158,0.2275260136983823
7828,8914,1086,0.1086,0.2328543758998443
7726,8863,1137,0.1137,0.24100303654521704
7450,8725,1275,0.1275,0.24568999953394605
7730,8865,1135,0.1135,0.2452001199244958
7550,8775,1225,0.1225,0.2482778485791058
7520,8760,1240,0.124,0.2555646811378641
7524,8762,1238,0.1238,0.25825468506885224
7506,8753,1247,0.1247,0.2688245161006775
7582,8791,1209,0.1209,0.29039451344762846
7602,8801,1199,0.1199,0.2908159473848521
7572,8786,1214,0.1214,0.28959982474687423
7528,8764,1236,0.1236,0.28279992492966083
7770,8885,1115,0.1115,0.2792102901745588
7610,8805,1195,0.1195,0.2879193503627078
7540,8770,1230,0.123,0.28928625610880554
7494,8747,1253,0.1253,0.29672145180430715
7868,8934,1066,0.1066,0.30466901692629944
7626,8813,1187,0.1187,0.31091832275070125
7506,8753,1247,0.1247,0.3127684016928928
7666,8833,1167,0.1167,0.3158595520992694
7700,8850,1150,0.115,0.3159122961751993
7712,8856,1144,0.1144,0.31470541414446196
7486,8743,1257,0.1257,0.3159845587523116
7722,8861,1139,0.1139,0.3104776239203624
7708,8854,1146,0.1146,0.3020136305538353
7348,8674,1326,0.1326,0.3054061762436104
7452,8726,1274,0.1274,0.3023777538179187
7652,8826,1174,0.1174,0.2982548459974816
7634,8817,1183,0.1183,0.2923960362827929
7734,8867,1133,0.1133,0.28900527921761465
7744,8872,1128,0.1128,0.28785919311894104
7660,8830,1170,0.117,0.2846192052709702
7430,8715,1285,0.1285,0.29470403447151183
7486,8743,1257,0.1257,0.2995228437360376
7558,8779,1221,0.1221,0.29817924789654215
7576,8788,1212,0.1212,0.30186199864051805
7546,8773,1227,0.1227,0.2936878171167018
7522,8761,1239,0.1239,0.287218723378476
7386,8693,1307,0.1307,0.28646251475918105
7838,8919,1081,0.1081,0.276615206468873
7602,8801,1199,0.1199,0.2815583625563653
7630,8815,1185,0.1185,0.2849883114010125
7614,8807,1193,0.1193,0.28515624308511617
7704,8852,1148,0.1148,0.2853266069460571
7566,8783,1217,0.1217,0.2897043891338049
7526,8763,1237,0.1237,0.2920547264635952
7458,8729,1271,0.1271,0.29313999953913944
7490,8745,1255,0.1255,0.2929681020057982
7450,8725,1275,0.1275,0.2931668626487277
7622,8811,1189,0.1189,0.29294118316562423
7492,8746,1254,0.1254,0.29263558822891184
7496,8748,1252,0.1252,0.2955904994852409
7636,8818,1182,0.1182,0.29689944951957925
7502,8751,1249,0.1249,0.30082296421957416
7610,8805,1195,0.1195,0.29986646238374554
7502,8751,1249,0.1249,0.30386916246675755
7614,8807,1193,0.1193,0.3187820067250843
7664,8832,1168,0.1168,0.32660259884380033
7672,8836,1164,0.1164,0.33049652403922775
7714,8857,1143,0.1143,0.3392687323992373
7648,8824,1176,0.1176,0.3518168875526378
7738,8869,1131,0.1131,0.35248357636427674
7628,8814,1186,0.1186,0.3551924903635154
7574,8787,1213,0.1213,0.35816255309954287
7536,8768,1232,0.1232,0.3555362527049191
7602,8801,1199,0.1199,0.35325102255587837
7748,8874,1126,0.1126,0.3520237060025334
7534,8767,1233,0.1233,0.3550109741729219
7638,8819,1181,0.1181,0.3549652965780402
7698,8849,1151,0.1151,0.3525631448601636
7778,8889,1111,0.1111,0.35254277525114447
7444,8722,1278,0.1278,0.34983701204290263
7722,8861,1139,0.1139,0.34713995479438864
7578,8789,1211,0.1211,0.3526333023309708
7454,8727,1273,0.1273,0.356279005952293
7790,8895,1105,0.1105,0.3481766492285886
7600,8800,1200,0.12,0.33667067757978514
7636,8818,1182,0.1182,0.33123946151766714
7468,8734,1266,0.1266,0.3325627554300707
7676,8838,1162,0.1162,0.3219119724581906
7504,8752,1248,0.1248,0.3188179081315063
7604,8802,1198,0.1198,0.3129123428099323
7764,8882,1118,0.1118,0.3110831547195092
7646,8823,1177,0.1177,0.30905691118934714
7650,8825,1175,0.1175,0.3088226391134336
7416,8708,1292,0.1292,0.31180131812830086
7404,8702,1298,0.1298,0.30965733650606125
7852,8926,1074,0.1074,0.29719411868081663
7522,8761,1239,0.1239,0.28930892047894247
7550,8775,1225,0.1225,0.28452441528882516
7522,8761,1239,0.1239,0.2827190056787409
7392,8696,1304,0.1304,0.2768872982958359
7568,8784,1216,0.1216,0.2729384560101066
7546,8773,1227,0.1227,0.27140833648832485
7482,8741,1259,0.1259,0.2718162723507473
7602,8801,1199,0.1199,0.27000473523167895
7654,8827,1173,0.1173,0.27084555372579017
7504,8752,1248,0.1248,0.27894248821577383
7570,8785,1215,0.1215,0.2796813294314066
7536,8768,1232,0.1232,0.284036022994359
7712,8856,1144,0.1144,0.2776108435891103
7734,8867,1133,0.1133,0.2681050099870001
7418,8709,1291,0.1291,0.2722343392013288
7620,8810,1190,0.119,0.26177280056883917
7582,8791,1209,0.1209,0.27336181423171657
7604,8802,1198,0.1198,0.2865374136647908
7450,8725,1275,0.1275,0.2922393496773092
7348,8674,1326,0.1326,0.3073517720490694
7684,8842,1158,0.1158,0.30230195453725756
7680,8840,1160,0.116,0.2999670238919461
7590,8795,1205,0.1205,0.30038091127871747
7558,8779,1221,0.1221,0.3048357426279399
7418,8709,1291,0.1291,0.31872775578210133
7400,8700,1300,0.13,0.33017598926370884
7484,8742,1258,0.1258,0.32818152146302165
7640,8820,1180,0.118,0.33456657353609537
7576,8788,1212,0.1212,0.3277535229959009
7550,8775,1225,0.1225,0.3274478087337593
7646,8823,1177,0.1177,0.3257932852438968
7608,8804,1196,0.1196,0.32790710341808177
7748,8874,1126,0.1126,0.34329074207998345
7564,8782,1218,0.1218,0.3481310889217886
7508,8754,1246,0.1246,0.3552984752383287
7624,8812,1188,0.1188,0.3499257641227711
7534,8767,1233,0.1233,0.3607894663459156
7560,8780,1220,0.122,0.36233789229856056
7660,8830,1170,0.117,0.36204720187008704
7554,8777,1223,0.1223,0.36263937409092906
7418,8709,1291,0.1291,0.37379994372887504
7504,8752,1248,0.1248,0.3706406534042977
7418,8709,1291,0.1291,0.37137648548282914
7876,8938,1062,0.1062,0.3490225388876501
7460,8730,1270,0.127,0.3284148498792783
7596,8798,1202,0.1202,0.3101729929875908
7532,8766,1234,0.1234,0.30964139057680734
7406,8703,1297,0.1297,0.30556122790355783
7576,8788,1212,0.1212,0.3158018246090788
7422,8711,1289,0.1289,0.32520624505802986
7652,8826,1174,0.1174,0.32417723144966853
7774,8887,1113,0.1113,0.31852890090064817
7674,8837,1163,0.1163,0.3125941282661632
7680,8840,1160,0.116,0.31266439505033194
7432,8716,1284,0.1284,0.31369503386034886
7430,8715,1285,0.1285,0.3285919723737428
7652,8826,1174,0.1174,0.3418752958537767
7660,8830,1170,0.117,0.34021278983590103
7666,8833,1167,0.1167,0.33929911406596075
7800,8900,1100,0.11,0.32264299107633143
7468,8734,1266,0.1266,0.3236911189311952
7396,8698,1302,0.1302,0.3391050762288339
7572,8786,1214,0.1214,0.34280475118498177
7532,8766,1234,0.1234,0.37014302483559297
7554,8777,1223,0.1223,0.36620712528065785
7444,8722,1278,0.1278,0.35696947571183557
7652,8826,1174,0.1174,0.34513129724930375
7720,8860,1140,0.114,0.31846203297335307
7690,8845,1155,0.1155,0.3026249202180666
7554,8777,1223,0.1223,0.3016158336623129
7520,8760,1240,0.124,0.29707977477197745
7640,8820,1180,0.118,0.2846771596533597
7612,8806,1194,0.1194,0.2608215242454433
7592,8796,1204,0.1204,0.24813507096924695
7552,8776,1224,0.1224,0.24315180625752547
7634,8817,1183,0.1183,0.23189132389087463
7604,8802,1198,0.1198,0.2315049883149955
7628,8814,1186,0.1186,0.236138224114261
7398,8699,1301,0.1301,0.23836960215517825
7708,8854,1146,0.1146,0.2344546103394826
7804,8902,1098,0.1098,0.2326359167323174
7640,8820,1180,0.118,0.23584393528019326
7306,8653,1347,0.1347,0.23990244878840275
7570,8785,1215,0.1215,0.2467125912416517
7692,8846,1154,0.1154,0.2552814310594462
7726,8863,1137,0.1137,0.26154009966507435
7436,8718,1282,0.1282,0.2663629284659335
7452,8726,1274,0.1274,0.26305668983309827
7394,8697,1303,0.1303,0.2606500746991756
7530,8765,1235,0.1235,0.26067961543821566
7424,8712,1288,0.1288,0.26346445303807525
7464,8732,1268,0.1268,0.27245975578363685
7520,8760,1240,0.124,0.2825047011326998
7392,8696,1304,0.1304,0.28118197747517115
7596,8798,1202,0.1202,0.2780525020598856
7656,8828,1172,0.1172,0.26456892659752046
7764,8882,1118,0.1118,0.2579270744820326
7618,8809,1191,0.1191,0.2682578132428578
7606,8803,1197,0.1197,0.27299631848800804
7508,8754,1246,0.1246,0.30485950854691524
7528,8764,1236,0.1236,0.32418511079387624
7498,8749,1251,0.1251,0.33660074302991855
7716,8858,1142,0.1142,0.3339506091080606
7578,8789,1211,0.1211,0.33339792792343653
7596,8798,1202,0.1202,0.33058468595671836
7462,8731,1269,0.1269,0.33391922392571577
7630,8815,1185,0.1185,0.33257073908393653
7596,8798,1202,0.1202,0.34343565496391887
7632,8816,1184,0.1184,0.34546886984097075
7440,8720,1280,0.128,0.3434826267648488
7630,8815,1185,0.1185,0.33794400233174937
7496,8748,1252,0.1252,0.33136857254811786
7772,8886,1114,0.1114,0.3240685562158186
7684,8842,1158,0.1158,0.3251812566571873
7604,8802,1198,0.1198,0.32525091937571826
7678,8839,1161,0.1161,0.32702567057796667
7546,8773,1227,0.1227,0.33241887669439263
7546,8773,1227,0.1227,0.3365819629750559
7606,8803,1197,0.1197,0.335642942951057
7688,8844,1156,0.1156,0.34293984339925343
7562,8781,1219,0.1219,0.3432105176131932
7672,8836,1164,0.1164,0.3358472449485977
7646,8823,1177,0.1177,0.33148268531155306
7530,8765,1235,0.1235,0.31601252674122143
7444,8722,1278,0.1278,0.31779383553425133
7776,8888,1112,0.1112,0.3217132546916525
7538,8769,1231,0.1231,0.32604174428395105
7656,8828,1172,0.1172,0.34121187954246995
7694,8847,1153,0.1153,0.34084745548989437
7554,8777,1223,0.1223,0.33288091281592963
7552,8776,1224,0.1224,0.3295169400817005
7606,8803,1197,0.1197,0.3293743442452538
7594,8797,1203,0.1203,0.3348729067720222
7504,8752,1248,0.1248,0.345414378841641
7438,8719,1281,0.1281,0.3478451890751719
7828,8914,1086,0.1086,0.347548015905835
7592,8796,1204,0.1204,0.3438040595469611
7572,8786,1214,0.1214,0.337546670627885
7664,8832,1168,0.1168,0.3367130670980489
7548,8774,1226,0.1226,0.32978542966006213
7458,8729,1271,0.1271,0.33540791038573
7698,8849,1151,0.1151,0.337210080305679
7650,8825,1175,0.1175,0.34249588944630405
7452,8726,1274,0.1274,0.338528480327746
7730,8865,1135,0.1135,0.33561335029639355
7734,8867,1133,0.1133,0.3295947673326825
7674,8837,1163,0.1163,0.32748865569345653
7612,8806,1194,0.1194,0.32369747734257326
7478,8739,1261,0.1261,0.3221861215450558
7708,8854,1146,0.1146,0.31285312002172266
7702,8851,1149,0.1149,0.31263867327168116
7608,8804,1196,0.1196,0.3018404466889817
7626,8813,1187,0.1187,0.2974433652493439
7602,8801,1199,0.1199,0.2902464209859609
7576,8788,1212,0.1212,0.2896644077467242
7466,8733,1267,0.1267,0.284344454522103
7706,8853,1147,0.1147,0.27886810638281945
7670,8835,1165,0.1165,0.2789759046577732
7530,8765,1235,0.1235,0.2763096339745447
7648,8824,1176,0.1176,0.27685302522883287
7610,8805,1195,0.1195,0.28043165096821776
7596,8798,1202,0.1202,0.2889848820688186
7478,8739,1261,0.1261,0.28953281312585477
7568,8784,1216,0.1216,0.29532173325376354
7476,8738,1262,0.1262,0.29742313162765244
7552,8776,1224,0.1224,0.2988506733403141
7604,8802,1198,0.1198,0.2968689125395956
7682,8841,1159,0.1159,0.2934063996963203
7774,8887,1113,0.1113,0.2853105571027794
7308,8654,1346,0.1346,0.27742016238224554
7758,8879,1121,0.1121,0.2692583574190561
7664,8832,1168,0.1168,0.265023696311031
7458,8729,1271,0.1271,0.27300455089089803
7704,8852,1148,0.1148,0.2898056712856426
7702,8851,1149,0.1149,0.28881608071840603
7626,8813,1187,0.1187,0.29484928866849514
7616,8808,1192,0.1192,0.2896684167777421
7726,8863,1137,0.1137,0.280682812066631
7384,8692,1308,0.1308,0.28559673704879834
7696,8848,1152,0.1152,0.2925065108799437
7768,8884,1116,0.1116,0.298164161182576
7648,8824,1176,0.1176,0.3020968324113358
7730,8865,1135,0.1135,0.30324665660130556
7626,8813,1187,0.1187,0.3041190748824745
7430,8715,1285,0.1285,0.30989546032086945
7580,8790,1210,0.121,0.3277668297760392
7530,8765,1235,0.1235,0.3311010873189196
7544,8772,1228,0.1228,0.3622174722865049
7536,8768,1232,0.1232,0.3664770769984578
7350,8675,1325,0.1325,0.3644558236037161
7830,8915,1085,0.1085,0.35933831063322724
7552,8776,1224,0.1224,0.365697536700964
7790,8895,1105,0.1105,0.3641583676490118
7500,8750,1250,0.125,0.3689033939952189
7594,8797,1203,0.1203,0.3665328481821697
7646,8823,1177,0.1177,0.35989933985667755
7714,8857,1143,0.1143,0.35757976277811715
7590,8795,1205,0.1205,0.35666514516234676
7480,8740,1260,0.126,0.35702085214387624
7664,8832,1168,0.1168,0.3453590985016162
7682,8841,1159,0.1159,0.3427400782859338
7378,8689,1311,0.1311,0.34431517856766475
7688,8844,1156,0.1156,0.34073540542635894
7400,8700,1300,0.13,0.327855945993081
7672,8836,1164,0.1164,0.3193109632516964
7528,8764,1236,0.1236,0.29962105045654386
7668,8834,1166,0.1166,0.29731869775323094
7644,8822,1178,0.1178,0.271837183774269
7504,8752,1248,0.1248,0.26979996244721116
7782,8891,1109,0.1109,0.2642237779784317
7662,8831,1169,0.1169,0.2654408301882554
7718,8859,1141,0.1141,0.2541219263014462
7614,8807,1193,0.1193,0.24878129473390145
7506,8753,1247,0.1247,0.2346791662059608
7600,8800,1200,0.12,0.23245275622718037
7656,8828,1172,0.1172,0.23548030079468155
7646,8823,1177,0.1177,0.23753944068240135
7694,8847,1153,0.1153,0.24308615678212883
7508,8754,1246,0.1246,0.24653669968277414
7528,8764,1236,0.1236,0.22282450607219398
7772,8886,1114,0.1114,0.21652727966266916
7624,8812,1188,0.1188,0.21208852982285897
7682,8841,1159,0.1159,0.2122074679538957
7528,8764,1236,0.1236,0.23534596966271165
7488,8744,1256,0.1256,0.23848767743846983
7616,8808,1192,0.1192,0.2509121701603064
7564,8782,1218,0.1218,0.2502943825703358
7666,8833,1167,0.1167,0.24181744123370152
7670,8835,1165,0.1165,0.23998529642816965
7570,8785,1215,0.1215,0.23893436033645993
7562,8781,1219,0.1219,0.23693436422089872
7524,8762,1238,0.1238,0.24926700979647867
7544,8772,1228,0.1228,0.25083310677465054
7686,8843,1157,0.1157,0.2550418877214661
7582,8791,1209,0.1209,0.2549865413947332
7646,8823,1177,0.1177,0.2589599440989973
7686,8843,1157,0.1157,0.2606215796418022
7464,8732,1268,0.1268,0.2721813693925738
7742,8871,1129,0.1129,0.27096743550591634
7582,8791,1209,0.1209,0.29239616359737775
7500,8750,1250,0.125,0.2946913052403688
7416,8708,1292,0.1292,0.30266948721681547
7666,8833,1167,0.1167,0.2987904609168696
7598,8799,1201,0.1201,0.3018393944990821
7390,8695,1305,0.1305,0.30753460318879045
7844,8922,1078,0.1078,0.30715734824375657
7644,8822,1178,0.1178,0.30846552221398077
7608,8804,1196,0.1196,0.3150854654908122
7486,8743,1257,0.1257,0.3191460827770643
7566,8783,1217,0.1217,0.3201990875709336
7576,8788,1212,0.1212,0.3201418965838209
7482,8741,1259,0.1259,0.3254371302428655
7866,8933,1067,0.1067,0.3213898053025462
7658,8829,1171,0.1171,0.3235886701493524
7582,8791,1209,0.1209,0.3256612047853763
7580,8790,1210,0.121,0.34527303686225536
7490,8745,1255,0.1255,0.3461481007492519
7624,8812,1188,0.1188,0.354831330711076
7772,8886,1114,0.1114,0.35228094093894613
7508,8754,1246,0.1246,0.3571698846901141
7654,8827,1173,0.1173,0.3550618016688069
7536,8768,1232,0.1232,0.34806307199849107
7574,8787,1213,0.1213,0.3487864738412609
7606,8803,1197,0.1197,0.3332060524989036
7446,8723,1277,0.1277,0.3326755797997117
7524,8762,1238,0.1238,0.3185797348462045
7666,8833,1167,0.1167,0.316378292968075
7544,8772,1228,0.1228,0.31464879129225226
7572,8786,1214,0.1214,0.3138760250259123
7628,8814,1186,0.1186,0.3102597627664025
7688,8844,1156,0.1156,0.3083029595317685
7590,8795,1205,0.1205,0.304552270181384
7658,8829,1171,0.1171,0.3028061221109968
7776,8888,1112,0.1112,0.30809523656074306
7406,8703,1297,0.1297,0.311536692116037
7588,8794,1206,0.1206,0.32803963867564345
7368,8684,1316,0.1316,0.3295864092227013
7452,8726,1274,0.1274,0.3275658728977898
7386,8693,1307,0.1307,0.3287316308372368
7610,8805,1195,0.1195,0.2952664859387325
7616,8808,1192,0.1192,0.2948316023231455
7496,8748,1252,0.1252,0.2717963612443359
7648,8824,1176,0.1176,0.27035564491744724
7554,8777,1223,0.1223,0.2577865697863658
7562,8781,1219,0.1219,0.2576710111232937
7726,8863,1137,0.1137,0.24318113259779695
7568,8784,1216,0.1216,0.2420877849428391
7572,8786,1214,0.1214,0.21160074103747897
7786,8893,1107,0.1107,0.20729088578331284
7766,8883,1117,0.1117,0.1929810225867187
7540,8770,1230,0.123,0.1977057356321312
7774,8887,1113,0.1113,0.19636500403918325
7586,8793,1207,0.1207,0.1991575279134937
7632,8816,1184,0.1184,0.19379548853819725
7530,8765,1235,0.1235,0.19433743751277216
7568,8784,1216,0.1216,0.17930136641729133
7670,8835,1165,0.1165,0.17767863023403754
7770,8885,1115,0.1115,0.1801668654726702
7636,8818,1182,0.1182,0.18384889034442745
7770,8885,1115,0.1115,0.19566170033253735
7428,8714,1286,0.1286,0.20091786324640706
7692,8846,1154,0.1154,0.19658932721734573
7598,8799,1201,0.1201,0.19847246156412765
7576,8788,1212,0.1212,0.1928340176461221
7402,8701,1299,0.1299,0.19800944996412556
7722,8861,1139,0.1139,0.20789472230755895
7542,8771,1229,0.1229,0.2107367717900606
7640,8820,1180,0.118,0.2330936586221981
7472,8736,1264,0.1264,0.24036181998030223
7606,8803,1197,0.1197,0.24253459557704626
7732,8866,1134,0.1134,0.24087263587235702
7738,8869,1131,0.1131,0.24558999980081417
7534,8767,1233,0.1233,0.25167949140039053
7720,8860,1140,0.114,0.2615159074045377
7752,8876,1124,0.1124,0.2596234666835051
7774,8887,1113,0.1113,0.268755667338674
7618,8809,1191,0.1191,0.26765595224082817
7614,8807,1193,0.1193,0.26058204916924393
7690,8845,1155,0.1155,0.2575573561312863
7500,8750,1250,0.125,0.2708656220356279
7494,8747,1253,0.1253,0.2796482056379976
7480,8740,1260,0.126,0.29270824489969566
7514,8757,1243,0.1243,0.29252115817624896
7634,8817,1183,0.1183,0.2816343302015215
7738,8869,1131,0.1131,0.27357070851868376
7666,8833,1167,0.1167,0.26472839580201546
7548,8774,1226,0.1226,0.26350987277227095
7630,8815,1185,0.1185,0.26294221804955503
7498,8749,1251,0.1251,0.26771090259410274
7688,8844,1156,0.1156,0.27216424892116337
7478,8739,1261,0.1261,0.27331929064158705
7816,8908,1092,0.1092,0.2612026161101514
7662,8831,1169,0.1169,0.2556140933637136
7484,8742,1258,0.1258,0.2517206532338185
7610,8805,1195,0.1195,0.251073510211194
7680,8840,1160,0.116,0.25416256825578365
7514,8757,1243,0.1243,0.26336975447679706
7526,8763,1237,0.1237,0.2718567871016159
7844,8922,1078,0.1078,0.2679539865358193
7838,8919,1081,0.1081,0.26142859991299167
7718,8859,1141,0.1141,0.25959277514954854
7658,8829,1171,0.1171,0.2624755407343415
7502,8751,1249,0.1249,0.2632116750428453
7798,8899,1101,0.1101,0.26483299697326074
7574,8787,1213,0.1213,0.26988320380556396
7748,8874,1126,0.1126,0.26005930076335043
7630,8815,1185,0.1185,0.25986882143682233
7596,8798,1202,0.1202,0.24649095310418692
7644,8822,1178,0.1178,0.23818344064596222
7564,8782,1218,0.1218,0.23742052879240363
7732,8866,1134,0.1134,0.23681053861051105
7558,8779,1221,0.1221,0.23366167541389868
7606,8803,1197,0.1197,0.22961992247670496
7438,8719,1281,0.1281,0.22417400423479902
7600,8800,1200,0.12,0.22205688237713167
7724,8862,1138,0.1138,0.22108280131125901
7564,8782,1218,0.1218,0.22330193700142917
7472,8736,1264,0.1264,0.22359273590129813
7772,8886,1114,0.1114,0.2181631689871859
7726,8863,1137,0.1137,0.2133830086711794
7566,8783,1217,0.1217,0.2118746753150597
7632,8816,1184,0.1184,0.21133570350539402
7590,8795,1205,0.1205,0.21169691528305412
7614,8807,1193,0.1193,0.21672808953152103
7714,8857,1143,0.1143,0.21706044752159295
7594,8797,1203,0.1203,0.22024988622985478
7646,8823,1177,0.1177,0.21895449394847943
7670,8835,1165,0.1165,0.21307247501992443
7628,8814,1186,0.1186,0.2114897015469498
7718,8859,1141,0.1141,0.2101595241749987
7604,8802,1198,0.1198,0.21184988505079527
7510,8755,1245,0.1245,0.21171335865540558
7654,8827,1173,0.1173,0.2098749966248404
7656,8828,1172,0.1172,0.21270598645492222
7848,8924,1076,0.1076,0.21094429620003793
7548,8774,1226,0.1226,0.22248742845521166
7724,8862,1138,0.1138,0.22244741459984624
7558,8779,1221,0.1221,0.2295699184944995
7522,8761,1239,0.1239,0.22848933402824773
7620,8810,1190,0.119,0.22650732975696047
7490,8745,1255,0.1255,0.22309886531241646
7552,8776,1224,0.1224,0.22457208364987627
7766,8883,1117,0.1117,0.22052364826233126
7654,8827,1173,0.1173,0.2206264021072042
7512,8756,1244,0.1244,0.21912074719667435
7438,8719,1281,0.1281,0.22068486528107742
7408,8704,1296,0.1296,0.21923498414147047
7618,8809,1191,0.1191,0.214551097095944
7520,8760,1240,0.124,0.21191831515203258
7526,8763,1237,0.1237,0.20401231284318547
7558,8779,1221,0.1221,0.2037722359596286
7578,8789,1211,0.1211,0.20493249698644578
7600,8800,1200,0.12,0.21745045267642854
7756,8878,1122,0.1122,0.22563987935277297
7642,8821,1179,0.1179,0.22939768856362303
7580,8790,1210,0.121,0.2423190150192333
7594,8797,1203,0.1203,0.24850254841850974
7604,8802,1198,0.1198,0.2568329953726407
7604,8802,1198,0.1198,0.26086755074569956
7756,8878,1122,0.1122,0.2768709789697081
7612,8806,1194,0.1194,0.28683860351192364
7676,8838,1162,0.1162,0.2887944926129506
7520,8760,1240,0.124,0.2915640125550133
7420,8710,1290,0.129,0.293096344131367
7592,8796,1204,0.1204,0.2904431071078074
7562,8781,1219,0.1219,0.29265113770365714
7582,8791,1209,0.1209,0.29425253456133615
7562,8781,1219,0.1219,0.2919198702899948
7604,8802,1198,0.1198,0.2897025307120755
7526,8763,1237,0.1237,0.2903750054586851
7272,8636,1364,0.1364,0.2970892615633449
7500,8750,1250,0.125,0.30110119594211826
7692,8846,1154,0.1154,0.3030512969557778
7728,8864,1136,0.1136,0.30198695352654903
7604,8802,1198,0.1198,0.3044747228178596
7360,8680,1320,0.132,0.30263724347206544
7478,8739,1261,0.1261,0.3128377723937156
7660,8830,1170,0.117,0.32030061149948874
7686,8843,1157,0.1157,0.32101586873461324
7472,8736,1264,0.1264,0.3282406590972456
7586,8793,1207,0.1207,0.3179822915192064
7348,8674,1326,0.1326,0.31793016038537025
7598,8799,1201,0.1201,0.3142722917657123
7648,8824,1176,0.1176,0.32692963138073683
7706,8853,1147,0.1147,0.34208040277660473
7352,8676,1324,0.1324,0.3576191610183159
7508,8754,1246,0.1246,0.355411356444429
7536,8768,1232,0.1232,0.36058865220937103
7484,8742,1258,0.1258,0.3636282083457348
7628,8814,1186,0.1186,0.36859981712515
7650,8825,1175,0.1175,0.3675196477438643
7408,8704,1296,0.1296,0.3774682379672956
7312,8656,1344,0.1344,0.3829618574041879
7552,8776,1224,0.1224,0.3824505165818613
7530,8765,1235,0.1235,0.38288312707992145
7558,8779,1221,0.1221,0.4101162855590685
7472,8736,1264,0.1264,0.4063098175497631
7454,8727,1273,0.1273,0.40375177606194007
7522,8761,1239,0.1239,0.38510634363482266
7628,8814,1186,0.1186,0.3688892515242527
7484,8742,1258,0.1258,0.3659847557121175
7670,8835,1165,0.1165,0.3559278936516264
7418,8709,1291,0.1291,0.3469535024294217
7476,8738,1262,0.1262,0.3346074990324263
7764,8882,1118,0.1118,0.32407657692581415
7578,8789,1211,0.1211,0.29469268272888455
7670,8835,1165,0.1165,0.2909056390862161
7652,8826,1174,0.1174,0.2775184066919096
7628,8814,1186,0.1186,0.26930540387553265
7652,8826,1174,0.1174,0.25881778402467387
7636,8818,1182,0.1182,0.2575949245037208
7552,8776,1224,0.1224,0.244904449469566
7752,8876,1124,0.1124,0.23807572327312346
7566,8783,1217,0.1217,0.24140018550623207
7468,8734,1266,0.1266,0.24518144779870518
7594,8797,1203,0.1203,0.25465217886475555
7690,8845,1155,0.1155,0.26464051704630254
7480,8740,1260,0.126,0.26961122761610895
7612,8806,1194,0.1194,0.2689520296744355
7738,8869,1131,0.1131,0.27386410759872526
7492,8746,1254,0.1254,0.2911104640760459
7584,8792,1208,0.1208,0.3002209053887767
7446,8723,1277,0.1277,0.3052895141714278
7620,8810,1190,0.119,0.31235468503546454
7630,8815,1185,0.1185,0.29674586102319883
7438,8719,1281,0.1281,0.29147634906011954
7596,8798,1202,0.1202,0.2819833093675233
7628,8814,1186,0.1186,0.26456317080950004
7588,8794,1206,0.1206,0.2587907574431971
7614,8807,1193,0.1193,0.2611434170330956
7480,8740,1260,0.126,0.2608683995553969
7482,8741,1259,0.1259,0.2575479682577864
7606,8803,1197,0.1197,0.2527821541568264
7580,8790,1210,0.121,0.25437239785872306
7640,8820,1180,0.118,0.2537203848393634
7434,8717,1283,0.1283,0.25140220805220886
7510,8755,1245,0.1245,0.24016662485496562
7700,8850,1150,0.115,0.2326599278541893
7464,8732,1268,0.1268,0.23289473435357286
7580,8790,1210,0.121,0.22499053610613337
7386,8693,1307,0.1307,0.22232911022175225
7854,8927,1073,0.1073,0.21232988943978226
7724,8862,1138,0.1138,0.21185115113407374
7432,8716,1284,0.1284,0.20100284789709585
7650,8825,1175,0.1175,0.18688843737039948
7616,8808,1192,0.1192,0.18522454053545223
7706,8853,1147,0.1147,0.18373269040967571
7618,8809,1191,0.1191,0.19023654494178455
7612,8806,1194,0.1194,0.20203477054381264
7688,8844,1156,0.1156,0.20349006216918342
7616,8808,1192,0.1192,0.2048235847966469
7760,8880,1120,0.112,0.21180082720135096
7584,8792,1208,0.1208,0.21591428753243544
7466,8733,1267,0.1267,0.21762107564089098
7768,8884,1116,0.1116,0.21492181774899946
7558,8779,1221,0.1221,0.2206113935642381
7432,8716,1284,0.1284,0.23400386443374008
7586,8793,1207,0.1207,0.2331204631225206
7660,8830,1170,0.117,0.23077549803855055
7760,8880,1120,0.112,0.22399325572756348
7776,8888,1112,0.1112,0.2182095480239127
7540,8770,1230,0.123,0.21911736153135766
7614,8807,1193,0.1193,0.22119840834809876
7912,8956,1044,0.1044,0.2316993567907659
7580,8790,1210,0.121,0.2520612657018006
7634,8817,1183,0.1183,0.25221888500843925
7568,8784,1216,0.1216,0.25615229600458406
7662,8831,1169,0.1169,0.2615947705114161
7712,8856,1144,0.1144,0.26703832098990676
7556,8778,1222,0.1222,0.26959217156835874
7504,8752,1248,0.1248,0.2717497780882808
7780,8890,1110,0.111,0.2657079961198534
7820,8910,1090,0.109,0.2645519685044885
7678,8839,1161,0.1161,0.26647120715766215
7482,8741,1259,0.1259,0.26935740985455553
7756,8878,1122,0.1122,0.26814648614116016
7742,8871,1129,0.1129,0.26899559298343956
7660,8830,1170,0.117,0.27082819814467113
7624,8812,1188,0.1188,0.2741296421139564
7526,8763,1237,0.1237,0.2836554321402524
7614,8807,1193,0.1193,0.3136054553019863
7518,8759,1241,0.1241,0.3162167158266995
7720,8860,1140,0.114,0.31530656334080187
7576,8788,1212,0.1212,0.335194231947385
7626,8813,1187,0.1187,0.3465599178119428
7502,8751,1249,0.1249,0.3482357921160578
7684,8842,1158,0.1158,0.34677625226639214
7674,8837,1163,0.1163,0.35766781560030797
7674,8837,1163,0.1163,0.3581871500963345
7548,8774,1226,0.1226,0.3608538355915065
7578,8789,1211,0.1211,0.35947606863027004
7760,8880,1120,0.112,0.35477397759220913
7666,8833,1167,0.1167,0.35109654785550665
7688,8844,1156,0.1156,0.3516047049748711
7526,8763,1237,0.1237,0.35350017391267025
7662,8831,1169,0.1169,0.3536700499436818
7678,8839,1161,0.1161,0.3450173748874571
7570,8785,1215,0.1215,0.34615038831739264
7544,8772,1228,0.1228,0.3458541031537519
7632,8816,1184,0.1184,0.34174899728595404
7538,8769,1231,0.1231,0.36158502587625196
7624,8812,1188,0.1188,0.36010189610123633
7424,8712,1288,0.1288,0.3663864360122749
7746,8873,1127,0.1127,0.3744775481844321
7724,8862,1138,0.1138,0.4038789226430778
7504,8752,1248,0.1248,0.40727777858674524
7534,8767,1233,0.1233,0.4094973111423356
7476,8738,1262,0.1262,0.40814912522930535
7516,8758,1242,0.1242,0.38549602728145826
7296,8648,1352,0.1352,0.38887605812462334
7616,8808,1192,0.1192,0.38448004799811186
7648,8824,1176,0.1176,0.37237753730277806
7664,8832,1168,0.1168,0.36909176428404905
7598,8799,1201,0.1201,0.3712433063227736
7668,8834,1166,0.1166,0.3671316709946841
7874,8937,1063,0.1063,0.36419259851160457
7838,8919,1081,0.1081,0.3716187730248552
7608,8804,1196,0.1196,0.3762942158497386
7536,8768,1232,0.1232,0.37673515228982235
7452,8726,1274,0.1274,0.38379780212268233
7584,8792,1208,0.1208,0.36900279381068274
7644,8822,1178,0.1178,0.36930198860146285
7632,8816,1184,0.1184,0.36842547289295546
7512,8756,1244,0.1244,0.36348181139105806
7540,8770,1230,0.123,0.3583351112904759
7510,8755,1245,0.1245,0.3585427760856226
7444,8722,1278,0.1278,0.3585932975491887
7596,8798,1202,0.1202,0.3400580807154125
7666,8833,1167,0.1167,0.30221604746316477
7716,8858,1142,0.1142,0.2998056709295197
7588,8794,1206,0.1206,0.2993845996876332
7476,8738,1262,0.1262,0.29577632970131995
7434,8717,1283,0.1283,0.29537550301346904
7710,8855,1145,0.1145,0.2907135676301377
7598,8799,1201,0.1201,0.29178964176140054
7542,8771,1229,0.1229,0.28407977041564186
7594,8797,1203,0.1203,0.26172491799429337
7636,8818,1182,0.1182,0.258833811010916
7640,8820,1180,0.118,0.25710479618477905
7682,8841,1159,0.1159,0.263571547555052
7658,8829,1171,0.1171,0.27046574657564054
7642,8821,1179,0.1179,0.27049878723524706
7402,8701,1299,0.1299,0.27319535386115007
7584,8792,1208,0.1208,0.2782414739238108
7688,8844,1156,0.1156,0.29140533876847474
7578,8789,1211,0.1211,0.2928669974669887
7588,8794,1206,0.1206,0.2935443681992562
7504,8752,1248,0.1248,0.2919605997025967
7390,8695,1305,0.1305,0.29643785883853124
7662,8831,1169,0.1169,0.293377899848467
7778,8889,1111,0.1111,0.2910028449176401
7526,8763,1237,0.1237,0.30042490498663166
7476,8738,1262,0.1262,0.29983211067584925
7592,8796,1204,0.1204,0.29715961277027675
7346,8673,1327,0.1327,0.297813100184342
7564,8782,1218,0.1218,0.29655675683577865
7672,8836,1164,0.1164,0.28645190418555583
7592,8796,1204,0.1204,0.2860643055303187
7726,8863,1137,0.1137,0.2846865186041782
7790,8895,1105,0.1105,0.27022779619242143
7646,8823,1177,0.1177,0.28016873748639637
7772,8886,1114,0.1114,0.27991827222656285
7576,8788,1212,0.1212,0.2845907365184292
7546,8773,1227,0.1227,0.30250263972935015
7574,8787,1213,0.1213,0.31756513609354214
7670,8835,1165,0.1165,0.3173419107860231
7570,8785,1215,0.1215,0.31547376237078373
7598,8799,1201,0.1201,0.31897700733542445
7552,8776,1224,0.1224,0.34986810549930686
7616,8808,1192,0.1192,0.35025854243939164
7594,8797,1203,0.1203,0.3540385956495864
7488,8744,1256,0.1256,0.36978468308870616
7576,8788,1212,0.1212,0.37517142909110807
7932,8966,1034,0.1034,0.3699229513771856
7626,8813,1187,0.1187,0.3730021478962514
7588,8794,1206,0.1206,0.3607530334501731
7628,8814,1186,0.1186,0.33056214238586457
7426,8713,1287,0.1287,0.3326544912831945
7848,8924,1076,0.1076,0.3288888666012909
7502,8751,1249,0.1249,0.33286058247708716
7780,8890,1110,0.111,0.31476181832181027
7556,8778,1222,0.1222,0.3178173070205578
7696,8848,1152,0.1152,0.312910496301677
7564,8782,1218,0.1218,0.2996761152920313
7770,8885,1115,0.1115,0.278860092049744
7604,8802,1198,0.1198,0.28179890394025553
7768,8884,1116,0.1116,0.2827551627065717
7580,8790,1210,0.121,0.3013780806802225
7626,8813,1187,0.1187,0.33018770915654466
7638,8819,1181,0.1181,0.3294070147857231
7428,8714,1286,0.1286,0.3346966410424574
7472,8736,1264,0.1264,0.32407177256625147
7584,8792,1208,0.1208,0.3017263313538915
7814,8907,1093,0.1093,0.2976857333532531
7746,8873,1127,0.1127,0.300687094342418
7510,8755,1245,0.1245,0.3080392519223504
7626,8813,1187,0.1187,0.29084532767651206
7536,8768,1232,0.1232,0.28936995728315434
7618,8809,1191,0.1191,0.28950809913049463
7610,8805,1195,0.1195,0.28004344197004133
7650,8825,1175,0.1175,0.26909764329865576
7704,8852,1148,0.1148,0.26865393647530766
7478,8739,1261,0.1261,0.2729311851629056
7642,8821,1179,0.1179,0.27696468628538085
7646,8823,1177,0.1177,0.29778403708169693
7650,8825,1175,0.1175,0.29814173535993815
7434,8717,1283,0.1283,0.3013825786843466
7438,8719,1281,0.1281,0.3062737721763551
7566,8783,1217,0.1217,0.3138106925105443
7420,8710,1290,0.129,0.3147556120755604
7602,8801,1199,0.1199,0.3117425511461028
7332,8666,1334,0.1334,0.3098109934934192
7776,8888,1112,0.1112,0.2876116779334843
7518,8759,1241,0.1241,0.28593319517081317
7558,8779,1221,0.1221,0.28525209752271186
7520,8760,1240,0.124,0.2867651900679244
7734,8867,1133,0.1133,0.27820737680788227
7576,8788,1212,0.1212,0.27978678254215045
7658,8829,1171,0.1171,0.2775265703193203
7452,8726,1274,0.1274,0.27531212736212185
7648,8824,1176,0.1176,0.2656526231146496
7482,8741,1259,0.1259,0.2689781911554746
7862,8931,1069,0.1069,0.26744061755685833
7632,8816,1184,0.1184,0.2791222374100238
7360,8680,1320,0.132,0.29049291323044235
7678,8839,1161,0.1161,0.2876376104594693
7530,8765,1235,0.1235,0.2850074070343952
7546,8773,1227,0.1227,0.28181285771941916
7562,8781,1219,0.1219,0.27670430536987717
7478,8739,1261,0.1261,0.2792771496807132
7662,8831,1169,0.1169,0.2714684112056064
7626,8813,1187,0.1187,0.26958737989951004
7738,8869,1131,0.1131,0.24566952645065607
7692,8846,1154,0.1154,0.2462382128264473
7814,8907,1093,0.1093,0.2421782824194905
7602,8801,1199,0.1199,0.243170807738429
7816,8908,1092,0.1092,0.2482941609237243
7624,8812,1188,0.1188,0.24904324615148124
7706,8853,1147,0.1147,0.25207611417411246
7460,8730,1270,0.127,0.2557270878046307
7720,8860,1140,0.114,0.2516427758401606
7828,8914,1086,0.1086,0.24965834419556823
7652,8826,1174,0.1174,0.25348216260043305
7652,8826,1174,0.1174,0.2544904587094275
7634,8817,1183,0.1183,0.27299884504047395
7628,8814,1186,0.1186,0.27330029406544054
7504,8752,1248,0.1248,0.28202983526732534
7674,8837,1163,0.1163,0.2883392700859231
7836,8918,1082,0.1082,0.294543174417756
7518,8759,1241,0.1241,0.2991142758299911
7564,8782,1218,0.1218,0.2965735238226305
7556,8778,1222,0.1222,0.29780366246189005
7752,8876,1124,0.1124,0.2938938110485954
7392,8696,1304,0.1304,0.29784182371015194
7512,8756,1244,0.1244,0.29122059697634356
7640,8820,1180,0.118,0.2883701666150009
7630,8815,1185,0.1185,0.29866341984155054
7626,8813,1187,0.1187,0.30281158023145166
7650,8825,1175,0.1175,0.30503117240429856
7564,8782,1218,0.1218,0.3102508983334159
7590,8795,1205,0.1205,0.3057639981349038
7420,8710,1290,0.129,0.30753479715016585
7594,8797,1203,0.1203,0.30157804311176806
7694,8847,1153,0.1153,0.2971435089155261
7634,8817,1183,0.1183,0.3016768188687041
7692,8846,1154,0.1154,0.30419475800886386
7330,8665,1335,0.1335,0.31584872757942584
7448,8724,1276,0.1276,0.32186174582708754
7452,8726,1274,0.1274,0.34126455916080634
7694,8847,1153,0.1153,0.3391605477645062
7482,8741,1259,0.1259,0.3407588185323735
7580,8790,1210,0.121,0.3367544755031885
7728,8864,1136,0.1136,0.3101000540404504
7482,8741,1259,0.1259,0.31069883068990894
7584,8792,1208,0.1208,0.3071462626807392
7660,8830,1170,0.117,0.30163937524713874
7676,8838,1162,0.1162,0.2897150828467571
7414,8707,1293,0.1293,0.29423252334818245
7740,8870,1130,0.113,0.28683147368610373
7514,8757,1243,0.1243,0.28609861435249695
7718,8859,1141,0.1141,0.2893701493157858
7368,8684,1316,0.1316,0.2991836264056554
7678,8839,1161,0.1161,0.297539217900137
7590,8795,1205,0.1205,0.30132781020665395
7502,8751,1249,0.1249,0.2950552049426843
7404,8702,1298,0.1298,0.29451815317536095
7692,8846,1154,0.1154,0.2832860530264676
7642,8821,1179,0.1179,0.2779859159395099
7652,8826,1174,0.1174,0.2590767158352426
7516,8758,1242,0.1242,0.2603307737910512
7706,8853,1147,0.1147,0.25097146123573183
7696,8848,1152,0.1152,0.2476166029496722
7652,8826,1174,0.1174,0.20829979924757835
7592,8796,1204,0.1204,0.2084589120259334
7660,8830,1170,0.117,0.20354659666427458
7612,8806,1194,0.1194,0.2028391807808308
7510,8755,1245,0.1245,0.21040550333373248
7764,8882,1118,0.1118,0.20640738634878544
7560,8780,1220,0.122,0.20493632823769004
7570,8785,1215,0.1215,0.20351521070629275
7592,8796,1204,0.1204,0.20053755682119725
7726,8863,1137,0.1137,0.20104253681218162
7516,8758,1242,0.1242,0.2116281458342583
7726,8863,1137,0.1137,0.21291626011958933
7566,8783,1217,0.1217,0.2447266557542841
7470,8735,1265,0.1265,0.2454903994541266
7796,8898,1102,0.1102,0.2389144016735067
7706,8853,1147,0.1147,0.23988425490132995
7480,8740,1260,0.126,0.22937400168332853
7720,8860,1140,0.114,0.2280589719356969
7718,8859,1141,0.1141,0.2342661452547035
7600,8800,1200,0.12,0.2391747207352057
7508,8754,1246,0.1246,0.2647712901154097
7708,8854,1146,0.1146,0.25993995515843854
7736,8868,1132,0.1132,0.2499330365844071
7478,8739,1261,0.1261,0.251611056846517
7944,8972,1028,0.1028,0.21829921552473333
7578,8789,1211,0.1211,0.2239099652505377
7680,8840,1160,0.116,0.22627532294499414
7530,8765,1235,0.1235,0.22873997095193482
7532,8766,1234,0.1234,0.24275572649804017
7620,8810,1190,0.119,0.24429165380752055
7786,8893,1107,0.1107,0.2396851871764285
7498,8749,1251,0.1251,0.24156650908750016
7584,8792,1208,0.1208,0.2545036207557317
7638,8819,1181,0.1181,0.25824011065178565
7864,8932,1068,0.1068,0.26585440103180236
7714,8857,1143,0.1143,0.26981709540660015
7722,8861,1139,0.1139,0.27667376657521775
7656,8828,1172,0.1172,0.2807200457208324
7630,8815,1185,0.1185,0.28904393974446563
7564,8782,1218,0.1218,0.2931669978797436
7602,8801,1199,0.1199,0.33651412965781863
7840,8920,1080,0.108,0.3361015157882024
7592,8796,1204,0.1204,0.34326124738529323
7500,8750,1250,0.125,0.34659843881705893
7486,8743,1257,0.1257,0.3603845536819172
7488,8744,1256,0.1256,0.3642237435170558
7538,8769,1231,0.1231,0.3845073592908448
7408,8704,1296,0.1296,0.384504396603015
7676,8838,1162,0.1162,0.41768153294920923
7710,8855,1145,0.1145,0.41761536360507306
7642,8821,1179,0.1179,0.42090437383167445
7388,8694,1306,0.1306,0.4230831127583233
7394,8697,1303,0.1303,0.4443230591758387
7704,8852,1148,0.1148,0.444400314670184
7452,8726,1274,0.1274,0.4628245233331625
7434,8717,1283,0.1283,0.463437046386236
7506,8753,1247,0.1247,0.460472522674164
7570,8785,1215,0.1215,0.4547968581623165
7450,8725,1275,0.1275,0.4403466928651433
7570,8785,1215,0.1215,0.4372696436467155
7478,8739,1261,0.1261,0.4224092470618083
7710,8855,1145,0.1145,0.4227370965760987
7532,8766,1234,0.1234,0.4259706321752397
7634,8817,1183,0.1183,0.42733605008237063
7652,8826,1174,0.1174,0.42240329036338065
7662,8831,1169,0.1169,0.42149402817403897
7620,8810,1190,0.119,0.41284762939628783
7448,8724,1276,0.1276,0.4148477638305003
7708,8854,1146,0.1146,0.420984445939213
7536,8768,1232,0.1232,0.427228967273272
7598,8799,1201,0.1201,0.4371727402604185
7504,8752,1248,0.1248,0.43945952494695667
7440,8720,1280,0.128,0.44371679062751557
7558,8779,1221,0.1221,0.4443977051542839
7658,8829,1171,0.1171,0.4345568422099517
7706,8853,1147,0.1147,0.43697036388631705
7548,8774,1226,0.1226,0.44126385028958937
7446,8723,1277,0.1277,0.44035390963582793
7478,8739,1261,0.1261,0.44039746525757145
7758,8879,1121,0.1121,0.4411201036633924
7500,8750,1250,0.125,0.4384433258760804
7588,8794,1206,0.1206,0.4394316190838983
7562,8781,1219,0.1219,0.438189686242439
7616,8808,1192,0.1192,0.4366176477472727
7696,8848,1152,0.1152,0.43733737102709713
7444,8722,1278,0.1278,0.442765290428496
7400,8700,1300,0.13,0.43355844820120326
7592,8796,1204,0.1204,0.4255651158877904
7656,8828,1172,0.1172,0.39309016931687946
7664,8832,1168,0.1168,0.3950941578438331
7250,8625,1375,0.1375,0.39926150384944364
7668,8834,1166,0.1166,0.3926422240040945
7692,8846,1154,0.1154,0.4085409606650472
7528,8764,1236,0.1236,0.41291723125996066
7438,8719,1281,0.1281,0.4246785241054371
7384,8692,1308,0.1308,0.42427692669844835
7684,8842,1158,0.1158,0.41099204288898034
7482,8741,1259,0.1259,0.4116467922136188
7632,8816,1184,0.1184,0.40741426816960113
7574,8787,1213,0.1213,0.4096281342562288
7472,8736,1264,0.1264,0.41495266914107903
7550,8775,1225,0.1225,0.4143072363846005
7462,8731,1269,0.1269,0.41103077285185735
7726,8863,1137,0.1137,0.40488856394280465
7758,8879,1121,0.1121,0.38856486792941
7478,8739,1261,0.1261,0.39094474664367734
7380,8690,1310,0.131,0.39446827557608743
7644,8822,1178,0.1178,0.3925500653377903
7582,8791,1209,0.1209,0.3896484427207055
7594,8797,1203,0.1203,0.3883785418634332
7610,8805,1195,0.1195,0.3822699396967888
7554,8777,1223,0.1223,0.37246124105727896
7628,8814,1186,0.1186,0.3563597028023757
7708,8854,1146,0.1146,0.3551420201957226
7546,8773,1227,0.1227,0.3549763047043924
7430,8715,1285,0.1285,0.35179587325625555
7522,8761,1239,0.1239,0.3341712305165827
7562,8781,1219,0.1219,0.33064023865646497
7594,8797,1203,0.1203,0.3275211562807075
7546,8773,1227,0.1227,0.3212334938113103
7652,8826,1174,0.1174,0.30774829089343547
7626,8813,1187,0.1187,0.30976908444929224
7618,8809,1191,0.1191,0.3122164695999593
7704,8852,1148,0.1148,0.31513245242245613
7434,8717,1283,0.1283,0.33204684506454824
7494,8747,1253,0.1253,0.33056353668068766
7476,8738,1262,0.1262,0.3342779092533812
7444,8722,1278,0.1278,0.3307553911759518
7524,8762,1238,0.1238,0.31090142657772524
7552,8776,1224,0.1224,0.3030654045074498
7408,8704,1296,0.1296,0.30096444741662415
7616,8808,1192,0.1192,0.2952464733028647
7606,8803,1197,0.1197,0.30407705557897025
7756,8878,1122,0.1122,0.30284431015431185
7532,8766,1234,0.1234,0.31005573877524767
7488,8744,1256,0.1256,0.31570198007088646
7592,8796,1204,0.1204,0.31944127861475036
7636,8818,1182,0.1182,0.31910798809379337
7602,8801,1199,0.1199,0.320917049935407
7672,8836,1164,0.1164,0.31646993651327887
7624,8812,1188,0.1188,0.311590688493941
7606,8803,1197,0.1197,0.30994592355452477
7556,8778,1222,0.1222,0.3104758569306115
7546,8773,1227,0.1227,0.3096987219594512
7596,8798,1202,0.1202,0.30764477968712384
7450,8725,1275,0.1275,0.30956285088117147
7650,8825,1175,0.1175,0.3077124687340576
7416,8708,1292,0.1292,0.30892346787191927
7566,8783,1217,0.1217,0.2907578200597316
7534,8767,1233,0.1233,0.29076480409632455
7576,8788,1212,0.1212,0.2851055923417007
7628,8814,1186,0.1186,0.28012063139295207
7684,8842,1158,0.1158,0.2694928621251136
7636,8818,1182,0.1182,0.2709207689391448
7530,8765,1235,0.1235,0.2694032516854341
7738,8869,1131,0.1131,0.2629823236705889
7546,8773,1227,0.1227,0.2612165143593325
7600,8800,1200,0.12,0.26076193211767823
7784,8892,1108,0.1108,0.25988735194725515
7642,8821,1179,0.1179,0.2657475595906409
7454,8727,1273,0.1273,0.290830577826011
7924,8962,1038,0.1038,0.2892594198141971
7644,8822,1178,0.1178,0.29514415477246514
7554,8777,1223,0.1223,0.3006792841944378
7546,8773,1227,0.1227,0.3097458163127303
7600,8800,1200,0.12,0.3115749734021025
7584,8792,1208,0.1208,0.31255392603603466
7532,8766,1234,0.1234,0.31892918425077516
7624,8812,1188,0.1188,0.32294084292653086
7734,8867,1133,0.1133,0.3190813142547088
7756,8878,1122,0.1122,0.3190688580842849
7600,8800,1200,0.12,0.32487089306060224
7524,8762,1238,0.1238,0.3417246830415679
7740,8870,1130,0.113,0.3392487577545049
7470,8735,1265,0.1265,0.34750156546607613
7716,8858,1142,0.1142,0.3434579379020633
7490,8745,1255,0.1255,0.3342337264016271
7370,8685,1315,0.1315,0.3355617956384993
7554,8777,1223,0.1223,0.3367881891877559
7422,8711,1289,0.1289,0.33439216975158814
7650,8825,1175,0.1175,0.3338753089020183
7604,8802,1198,0.1198,0.32784974795227767
7604,8802,1198,0.1198,0.33227797630848366
7610,8805,1195,0.1195,0.32021157015003754
7630,8815,1185,0.1185,0.31593861234704157
7704,8852,1148,0.1148,0.316560559574212
7504,8752,1248,0.1248,0.31806882971399464
7392,8696,1304,0.1304,0.32306387674195064
7520,8760,1240,0.124,0.34225219416438574
7460,8730,1270,0.127,0.3456840338806156
7562,8781,1219,0.1219,0.3471652501974255
7414,8707,1293,0.1293,0.3512014045566992
7552,8776,1224,0.1224,0.34066000603001473
7656,8828,1172,0.1172,0.33948200787814176
7636,8818,1182,0.1182,0.3405423601879837
7526,8763,1237,0.1237,0.34264447033823187
7658,8829,1171,0.1171,0.3301608256619052
7766,8883,1117,0.1117,0.33001200786646256
7616,8808,1192,0.1192,0.33109522623473814
7408,8704,1296,0.1296,0.33069720477361697
7628,8814,1186,0.1186,0.2942677303420365
7408,8704,1296,0.1296,0.29098645821236707
7802,8901,1099,0.1099,0.283523989310116
7578,8789,1211,0.1211,0.2757346908455129
7634,8817,1183,0.1183,0.28995075092452605
7658,8829,1171,0.1171,0.2919723775149439
7550,8775,1225,0.1225,0.29442960109328853
7582,8791,1209,0.1209,0.2967432258179615
7508,8754,1246,0.1246,0.28371735195514813
7552,8776,1224,0.1224,0.2810903516948223
7394,8697,1303,0.1303,0.2821556579473951
7840,8920,1080,0.108,0.26653274061672894
7588,8794,1206,0.1206,0.260185548068909
7942,8971,1029,0.1029,0.25949826955898947
7534,8767,1233,0.1233,0.2658943467486883
7456,8728,1272,0.1272,0.276963465214316
7648,8824,1176,0.1176,0.29822205271581026
7550,8775,1225,0.1225,0.2998235389477727
7728,8864,1136,0.1136,0.3007499235808242
7486,8743,1257,0.1257,0.3041212921541056
7744,8872,1128,0.1128,0.29351086711232727
7736,8868,1132,0.1132,0.2944200673494488
7516,8758,1242,0.1242,0.299032501250878
7706,8853,1147,0.1147,0.30710558425191914
7550,8775,1225,0.1225,0.31605614177733077
7746,8873,1127,0.1127,0.3132877372069207
7732,8866,1134,0.1134,0.3136072507560253
7682,8841,1159,0.1159,0.3059229574246929
7562,8781,1219,0.1219,0.31675137421457567
7550,8775,1225,0.1225,0.32272519093751906
7666,8833,1167,0.1167,0.32521490782524537
7578,8789,1211,0.1211,0.35491775050451396
7538,8769,1231,0.1231,0.38104652450049586
7656,8828,1172,0.1172,0.38258967468156624
7490,8745,1255,0.1255,0.38774783335353713
7470,8735,1265,0.1265,0.39865850196285174
7590,8795,1205,0.1205,0.40296724668205997
7688,8844,1156,0.1156,0.4039846432797611
7568,8784,1216,0.1216,0.40560898606789125
7704,8852,1148,0.1148,0.41306103015103907
7384,8692,1308,0.1308,0.4144311327161671
7480,8740,1260,0.126,0.4119096443459392
7514,8757,1243,0.1243,0.4077225703004844
7628,8814,1186,0.1186,0.3992043745611012
7590,8795,1205,0.1205,0.3907185462664945
7598,8799,1201,0.1201,0.3882304092412917
7692,8846,1154,0.1154,0.3865732242018996
7524,8762,1238,0.1238,0.3802862995755361
7478,8739,1261,0.1261,0.3944247271004409
7492,8746,1254,0.1254,0.40572791503815936
7570,8785,1215,0.1215,0.40220977639267697
7376,8688,1312,0.1312,0.4248553482755582
7580,8790,1210,0.121,0.42217506888171485
7558,8779,1221,0.1221,0.42126000927799084
7568,8784,1216,0.1216,0.4196917334689974
7572,8786,1214,0.1214,0.4129283679437255
7484,8742,1258,0.1258,0.41425161708228986
7612,8806,1194,0.1194,0.4151527225086611
7444,8722,1278,0.1278,0.4179847070097472
7574,8787,1213,0.1213,0.4218329526266083
7278,8639,1361,0.1361,0.4315715051216893
7602,8801,1199,0.1199,0.42594808548267193
7588,8794,1206,0.1206,0.42652932427561047
7698,8849,1151,0.1151,0.4227129045730864
7690,8845,1155,0.1155,0.4356013162881012
7340,8670,1330,0.133,0.4433570748576072
7498,8749,1251,0.1251,0.4473582812872759
7602,8801,1199,0.1199,0.47530539315199694
7492,8746,1254,0.1254,0.49402931865635474
7798,8899,1101,0.1101,0.4887981767421588
7508,8754,1246,0.1246,0.4946464268015214
7462,8731,1269,0.1269,0.494183037615149
7488,8744,1256,0.1256,0.5126237300791777
7492,8746,1254,0.1254,0.5144392690278909
7520,8760,1240,0.124,0.517741692929715
7606,8803,1197,0.1197,0.5152437898698263
7804,8902,1098,0.1098,0.5012238744037226
7404,8702,1298,0.1298,0.5047493585874793
7498,8749,1251,0.1251,0.5027346378475096
7464,8732,1268,0.1268,0.5058020702787529
7482,8741,1259,0.1259,0.5025775803714376
7528,8764,1236,0.1236,0.49976549095498485
7642,8821,1179,0.1179,0.49636690689358076
7610,8805,1195,0.1195,0.4785432573453444
7518,8759,1241,0.1241,0.4518831469351444
7698,8849,1151,0.1151,0.44221212758812956
7608,8804,1196,0.1196,0.44135454674488345
7558,8779,1221,0.1221,0.443350280472784
7556,8778,1222,0.1222,0.45002740926146517
7450,8725,1275,0.1275,0.4492811654162055
7570,8785,1215,0.1215,0.4442459264038596
7540,8770,1230,0.123,0.41936898890872415
7644,8822,1178,0.1178,0.389474639171973
7648,8824,1176,0.1176,0.3825492041673511
7582,8791,1209,0.1209,0.3837124516554177
7830,8915,1085,0.1085,0.38477298763904255
7674,8837,1163,0.1163,0.3938585191868246
7678,8839,1161,0.1161,0.3892517514306557
7494,8747,1253,0.1253,0.3918693727175239
7528,8764,1236,0.1236,0.36738851691982766
7552,8776,1224,0.1224,0.35943692653497905
7660,8830,1170,0.117,0.35491673472924157
7410,8705,1295,0.1295,0.3595867197829465
7668,8834,1166,0.1166,0.3411593226096418
7726,8863,1137,0.1137,0.3279947424745187
7402,8701,1299,0.1299,0.32883646434209607
7746,8873,1127,0.1127,0.32705141980722546
7720,8860,1140,0.114,0.3300292477737415
7714,8857,1143,0.1143,0.33511567156580385
7566,8783,1217,0.1217,0.3430479232711969
7690,8845,1155,0.1155,0.33915986839143214
7390,8695,1305,0.1305,0.3466686928526571
7530,8765,1235,0.1235,0.34031894131294904
7582,8791,1209,0.1209,0.33767244818569386
7630,8815,1185,0.1185,0.33739123142789795
7740,8870,1130,0.113,0.32200699669397437
7524,8762,1238,0.1238,0.3173320346889568
7668,8834,1166,0.1166,0.313080433287099
7620,8810,1190,0.119,0.31280614562351955
7608,8804,1196,0.1196,0.31215221200750093
7660,8830,1170,0.117,0.31685810017140115
7892,8946,1054,0.1054,0.31302012580628363
7182,8591,1409,0.1409,0.32227066081556366
7398,8699,1301,0.1301,0.32732584876199133
7476,8738,1262,0.1262,0.3319478016569991
7796,8898,1102,0.1102,0.3262984885338228
7660,8830,1170,0.117,0.3315532594136632
7570,8785,1215,0.1215,0.335023144494716
7486,8743,1257,0.1257,0.33680960836674834
7686,8843,1157,0.1157,0.3319148751586676
7532,8766,1234,0.1234,0.3361204966320656
7622,8811,1189,0.1189,0.33551955322498833
7560,8780,1220,0.122,0.3363089763229007
7430,8715,1285,0.1285,0.3393597208739724
7332,8666,1334,0.1334,0.33790150584143347
7490,8745,1255,0.1255,0.3211917248345336
7492,8746,1254,0.1254,0.30979372047649856
7486,8743,1257,0.1257,0.30973866524398325
7630,8815,1185,0.1185,0.30712056188278863
7596,8798,1202,0.1202,0.314340645828973
7610,8805,1195,0.1195,0.32482521468653575
7720,8860,1140,0.114,0.32591963816955977
7598,8799,1201,0.1201,0.32540655393362977
7542,8771,1229,0.1229,0.33163325476118655
7768,8884,1116,0.1116,0.3353209434637753
7818,8909,1091,0.1091,0.33641164419701125
7578,8789,1211,0.1211,0.34150228080855893
7666,8833,1167,0.1167,0.3491006298253591
7628,8814,1186,0.1186,0.33331012405149085
7602,8801,1199,0.1199,0.33114272826587393
7622,8811,1189,0.1189,0.32869653996523446
7436,8718,1282,0.1282,0.31709534971750153
7580,8790,1210,0.121,0.32279407596381626
7722,8861,1139,0.1139,0.32271027395454766
7656,8828,1172,0.1172,0.32669636807240604
7730,8865,1135,0.1135,0.3223592631493487
7616,8808,1192,0.1192,0.3159739989984726
7690,8845,1155,0.1155,0.31210116130139187
7384,8692,1308,0.1308,0.32085360281883385
7532,8766,1234,0.1234,0.32651527595080476
7686,8843,1157,0.1157,0.34303595817413335
7554,8777,1223,0.1223,0.3449034887296585
7366,8683,1317,0.1317,0.3572567331843181
7532,8766,1234,0.1234,0.3339188855937209
7732,8866,1134,0.1134,0.3165394242607253
7556,8778,1222,0.1222,0.3190569769871452
7542,8771,1229,0.1229,0.3171831265078539
7522,8761,1239,0.1239,0.3223697022999524
7656,8828,1172,0.1172,0.32375467332946034
7700,8850,1150,0.115,0.32447845591382357
7484,8742,1258,0.1258,0.3259729281353619
7530,8765,1235,0.1235,0.30642095439874684
7508,8754,1246,0.1246,0.29954701094527647
7630,8815,1185,0.1185,0.3001865220289571
7552,8776,1224,0.1224,0.29956680467012303
7570,8785,1215,0.1215,0.29672820309769177
7420,8710,1290,0.129,0.2908010873080231
7740,8870,1130,0.113,0.2834316805591247
7564,8782,1218,0.1218,0.2836159100813556
7694,8847,1153,0.1153,0.2747408354590711
7572,8786,1214,0.1214,0.27701760076326476
7566,8783,1217,0.1217,0.2791191226738434
7472,8736,1264,0.1264,0.28028624111620565
7718,8859,1141,0.1141,0.2840741412946256
7562,8781,1219,0.1219,0.28461261059818527
7524,8762,1238,0.1238,0.28851026392426554
7604,8802,1198,0.1198,0.2876900239419204
7642,8821,1179,0.1179,0.30431012132842183
7742,8871,1129,0.1129,0.3075961394305981
7590,8795,1205,0.1205,0.3082191975846887
7614,8807,1193,0.1193,0.30677765453784894
7552,8776,1224,0.1224,0.29190185154323733
7564,8782,1218,0.1218,0.29167396721448197
7512,8756,1244,0.1244,0.2937716787513664
7534,8767,1233,0.1233,0.29349853083290656
7596,8798,1202,0.1202,0.28659485494035614
7540,8770,1230,0.123,0.28008217405512953
7706,8853,1147,0.1147,0.2757626613151275
7624,8812,1188,0.1188,0.2741835534793325
7618,8809,1191,0.1191,0.2549692499176228
7720,8860,1140,0.114,0.25893011502885854
7686,8843,1157,0.1157,0.2600687398274971
7542,8771,1229,0.1229,0.2633343517471314
7704,8852,1148,0.1148,0.27102737608116484
7702,8851,1149,0.1149,0.26764758153055385
7474,8737,1263,0.1263,0.26972066001360306
7480,8740,1260,0.126,0.26892373094333827
7458,8729,1271,0.1271,0.2727712695501745
7632,8816,1184,0.1184,0.2726935970061814
7508,8754,1246,0.1246,0.27646545581624393
7706,8853,1147,0.1147,0.2755051643135461
7422,8711,1289,0.1289,0.27392778473870133
7438,8719,1281,0.1281,0.2737681667281101
7618,8809,1191,0.1191,0.2706326898406437
7560,8780,1220,0.122,0.2749954988312631
7692,8846,1154,0.1154,0.28914917576180305
7636,8818,1182,0.1182,0.28929752060938174
7632,8816,1184,0.1184,0.2890081832533818
7704,8852,1148,0.1148,0.2891331132528372
7524,8762,1238,0.1238,0.30831667334884405
7466,8733,1267,0.1267,0.32240404724044963
7614,8807,1193,0.1193,0.32162128053018824
7550,8775,1225,0.1225,0.3312328190982691
7680,8840,1160,0.116,0.377390264571617
7568,8784,1216,0.1216,0.39130251887823614
7524,8762,1238,0.1238,0.3948067907125842
7754,8877,1123,0.1123,0.400427887952514
7574,8787,1213,0.1213,0.4544184915981943
7620,8810,1190,0.119,0.4691244138794022
7434,8717,1283,0.1283,0.47547734844048967
7546,8773,1227,0.1227,0.4790398547496594
7478,8739,1261,0.1261,0.5077714746878017
7332,8666,1334,0.1334,0.5133733687553542
7618,8809,1191,0.1191,0.5133266682208516
7516,8758,1242,0.1242,0.5164094094944188
7514,8757,1243,0.1243,0.5315509451961558
7492,8746,1254,0.1254,0.5365439196234841
7358,8679,1321,0.1321,0.5386181545304213
7420,8710,1290,0.129,0.53431924080889
7492,8746,1254,0.1254,0.5117918845175765
7492,8746,1254,0.1254,0.502750768657337
7364,8682,1318,0.1318,0.5038552306847763
7558,8779,1221,0.1221,0.48444171892017
7464,8732,1268,0.1268,0.43411083534309003
7664,8832,1168,0.1168,0.42595797976882677
7452,8726,1274,0.1274,0.4307947547165844
7346,8673,1327,0.1327,0.42751543154663707
7562,8781,1219,0.1219,0.411968069773146
7600,8800,1200,0.12,0.40521673483015475
7486,8743,1257,0.1257,0.4049621805237024
7374,8687,1313,0.1313,0.3989880709976813
7554,8777,1223,0.1223,0.3709363706425487
7600,8800,1200,0.12,0.36833783964874456
7440,8720,1280,0.128,0.3683754560306548
7528,8764,1236,0.1236,0.36705613943807347
7492,8746,1254,0.1254,0.34451471432583575
7644,8822,1178,0.1178,0.3306352644508007
7636,8818,1182,0.1182,0.33020425328340186
7568,8784,1216,0.1216,0.3243691078340661
7704,8852,1148,0.1148,0.3060418075735367
7614,8807,1193,0.1193,0.3049584626674681
7532,8766,1234,0.1234,0.307188339003548
7656,8828,1172,0.1172,0.30656370345778844
7536,8768,1232,0.1232,0.2990955749031564
7648,8824,1176,0.1176,0.297798477893629
7674,8837,1163,0.1163,0.3004756209030721
7754,8877,1123,0.1123,0.30079170086901086
7662,8831,1169,0.1169,0.32251365592620423
7734,8867,1133,0.1133,0.3259498940698571
7586,8793,1207,0.1207,0.33045458819234236
7778,8889,1111,0.1111,0.3364854417131613
7684,8842,1158,0.1158,0.37374128679670393
7546,8773,1227,0.1227,0.37844261385888794
7586,8793,1207,0.1207,0.3794369602723047
7676,8838,1162,0.1162,0.38294634555311635
7548,8774,1226,0.1226,0.3989580383207111
7758,8879,1121,0.1121,0.39625284544155004
7484,8742,1258,0.1258,0.39936731971414086
7658,8829,1171,0.1171,0.39748519982732833
7516,8758,1242,0.1242,0.37646001336187473
7604,8802,1198,0.1198,0.37390058501260354
7606,8803,1197,0.1197,0.37406404018933753
7408,8704,1296,0.1296,0.37939146374091504
7706,8853,1147,0.1147,0.35651802428310037
7794,8897,1103,0.1103,0.35115724183269775
7666,8833,1167,0.1167,0.3461335763708499
7742,8871,1129,0.1129,0.33311939943034735
7442,8721,1279,0.1279,0.3034501170671003
7610,8805,1195,0.1195,0.30095038583318495
7570,8785,1215,0.1215,0.3019379596583545
7632,8816,1184,0.1184,0.3026131668225035
7638,8819,1181,0.1181,0.28205500116885307
7580,8790,1210,0.121,0.27917484915966934
7856,8928,1072,0.1072,0.27389274424297727
7776,8888,1112,0.1112,0.2708232887907245
7564,8782,1218,0.1218,0.28323149067473224
7736,8868,1132,0.1132,0.28298751727675414
7540,8770,1230,0.123,0.2895560576706827
7634,8817,1183,0.1183,0.2924353298716247
7678,8839,1161,0.1161,0.3150904041706701
7616,8808,1192,0.1192,0.316226126315305
7746,8873,1127,0.1127,0.3189710363068427
7554,8777,1223,0.1223,0.3215698669123362
7498,8749,1251,0.1251,0.3675268304731348
7632,8816,1184,0.1184,0.370165956056118
7474,8737,1263,0.1263,0.37908612453915647
7450,8725,1275,0.1275,0.39268849029515407
7356,8678,1322,0.1322,0.42105713606937134
7656,8828,1172,0.1172,0.41727643979260176
7518,8759,1241,0.1241,0.4184761121757212
7564,8782,1218,0.1218,0.4081095823871437
7508,8754,1246,0.1246,0.3921961449238006
7630,8815,1185,0.1185,0.3925105099066131
7566,8783,1217,0.1217,0.39459690337841286
7742,8871,1129,0.1129,0.39940132313604426
7418,8709,1291,0.1291,0.41037444215641783
7448,8724,1276,0.1276,0.41091716879736634
7848,8924,1076,0.1076,0.40291309546157716
7442,8721,1279,0.1279,0.40765632121588796
7532,8766,1234,0.1234,0.39341289517367256
7694,8847,1153,0.1153,0.39057739563618593
7594,8797,1203,0.1203,0.38812758616219023
7538,8769,1231,0.1231,0.37820061612674033
7596,8798,1202,0.1202,0.3256037929726422
7450,8725,1275,0.1275,0.32519988806697436
7604,8802,1198,0.1198,0.3209237894561724
7576,8788,1212,0.1212,0.3191122662081752
7502,8751,1249,0.1249,0.29605899456099494
7586,8793,1207,0.1207,0.29351244219995354
7606,8803,1197,0.1197,0.2898713817897657
7672,8836,1164,0.1164,0.2806508905783579
7552,8776,1224,0.1224,0.2725325862750411
7286,8643,1357,0.1357,0.27848659799387676
7672,8836,1164,0.1164,0.27108104952946305
7654,8827,1173,0.1173,0.2695063815442845
7654,8827,1173,0.1173,0.24361076771414406
7558,8779,1221,0.1221,0.24636450199913235
7580,8790,1210,0.121,0.24598534602341243
7702,8851,1149,0.1149,0.24029008995120968
7562,8781,1219,0.1219,0.23041807328376063
7642,8821,1179,0.1179,0.22973080024794176
7616,8808,1192,0.1192,0.23085887150162127
7606,8803,1197,0.1197,0.2234727169340942
7478,8739,1261,0.1261,0.21373339616678422
7642,8821,1179,0.1179,0.2109154511776259
7782,8891,1109,0.1109,0.20998931060247122
7668,8834,1166,0.1166,0.21216879537751548
7680,8840,1160,0.116,0.221285910789743
7626,8813,1187,0.1187,0.22242822294000922
7608,8804,1196,0.1196,0.22161314019206912
7436,8718,1282,0.1282,0.22458751411727862
7466,8733,1267,0.1267,0.23029456020923827
7790,8895,1105,0.1105,0.22610500841991743
7646,8823,1177,0.1177,0.22771171868049478
7422,8711,1289,0.1289,0.2335376403500857
7496,8748,1252,0.1252,0.24683892523786452
7544,8772,1228,0.1228,0.2450894417950105
7518,8759,1241,0.1241,0.2452967451542616
7658,8829,1171,0.1171,0.2463064572799718
7624,8812,1188,0.1188,0.24603955357398227
7566,8783,1217,0.1217,0.24543544651329402
7438,8719,1281,0.1281,0.2479086708292365
7656,8828,1172,0.1172,0.2480277770593571
7536,8768,1232,0.1232,0.25586755943372846
7568,8784,1216,0.1216,0.2565786563105967
7566,8783,1217,0.1217,0.2568910888794966
7570,8785,1215,0.1215,0.2545287993209087
7446,8723,1277,0.1277,0.2454712780278547
7784,8892,1108,0.1108,0.23838106951761756
7606,8803,1197,0.1197,0.24331946251812137
7718,8859,1141,0.1141,0.2391296117288177
7524,8762,1238,0.1238,0.247157713209535
7596,8798,1202,0.1202,0.24364838767051697
7618,8809,1191,0.1191,0.24504240916315467
7532,8766,1234,0.1234,0.24359923848154721
7556,8778,1222,0.1222,0.22769539668942199
7630,8815,1185,0.1185,0.22410985557918903
7874,8937,1063,0.1063,0.21905780551700113
7682,8841,1159,0.1159,0.21639607364202385
7716,8858,1142,0.1142,0.22037952377028996
7764,8882,1118,0.1118,0.21879143304898593
7606,8803,1197,0.1197,0.22093904933453304
7626,8813,1187,0.1187,0.22170134061260177
7460,8730,1270,0.127,0.2191627308779396
7596,8798,1202,0.1202,0.21805504613539525
7602,8801,1199,0.1199,0.22076802992339611
7566,8783,1217,0.1217,0.22737155417167387
7562,8781,1219,0.1219,0.2496236598723335
7692,8846,1154,0.1154,0.24823961580893297
7620,8810,1190,0.119,0.24951304207339736
7672,8836,1164,0.1164,0.25059755852422677
7500,8750,1250,0.125,0.23632744187469779
7710,8855,1145,0.1145,0.23176681132148005
7460,8730,1270,0.127,0.23838131719267694
7692,8846,1154,0.1154,0.23420599752432608
7482,8741,1259,0.1259,0.23468899331614376
7570,8785,1215,0.1215,0.232352832320123
7504,8752,1248,0.1248,0.23360870065391895
7616,8808,1192,0.1192,0.22103563858081465
7548,8774,1226,0.1226,0.19466152869829662
7432,8716,1284,0.1284,0.19477068988707202
7698,8849,1151,0.1151,0.19032017061230616
7588,8794,1206,0.1206,0.19129268933571875
7434,8717,1283,0.1283,0.20102055218741297
7404,8702,1298,0.1298,0.19899267794126727
7724,8862,1138,0.1138,0.1932778979022056
7568,8784,1216,0.1216,0.19155748315782054
7694,8847,1153,0.1153,0.17127160428295757
7466,8733,1267,0.1267,0.17115269621877524
7582,8791,1209,0.1209,0.1671281477667338
7640,8820,1180,0.118,0.16747424283185627
7488,8744,1256,0.1256,0.16316086996676174
7622,8811,1189,0.1189,0.15983753652149554
7706,8853,1147,0.1147,0.15680774432186106
7552,8776,1224,0.1224,0.1571446117288433
7554,8777,1223,0.1223,0.16232380548773276
7346,8673,1327,0.1327,0.16550478863806348
7532,8766,1234,0.1234,0.16426045930289115
7460,8730,1270,0.127,0.168994778778404
7572,8786,1214,0.1214,0.1597311834233813
7554,8777,1223,0.1223,0.1617271252627019
7706,8853,1147,0.1147,0.15784558068292845
7554,8777,1223,0.1223,0.1568809300021079
7760,8880,1120,0.112,0.15990397206123744
7608,8804,1196,0.1196,0.16146225852685198
7842,8921,1079,0.1079,0.15937971861050632
7600,8800,1200,0.12,0.16109199871852667
7470,8735,1265,0.1265,0.17685593302520314
7442,8721,1279,0.1279,0.18070771067836322
7568,8784,1216,0.1216,0.18108179178710293
7742,8871,1129,0.1129,0.18174467997401952
7616,8808,1192,0.1192,0.17437210904378445
7766,8883,1117,0.1117,0.17001925245737212
7752,8876,1124,0.1124,0.16804164576996117
7844,8922,1078,0.1078,0.1656320154234505
7794,8897,1103,0.1103,0.18675012674623867
7676,8838,1162,0.1162,0.1902279553720579
7604,8802,1198,0.1198,0.19800157627058942
7432,8716,1284,0.1284,0.20579373660751316
7522,8761,1239,0.1239,0.20948161719756062
7622,8811,1189,0.1189,0.20535852387598716
7772,8886,1114,0.1114,0.20168080413852513
7354,8677,1323,0.1323,0.2053325149350916
7652,8826,1174,0.1174,0.22754071681424975
7584,8792,1208,0.1208,0.231989338705875
7630,8815,1185,0.1185,0.23666817742126878
7352,8676,1324,0.1324,0.24543617175659166
7536,8768,1232,0.1232,0.24531107143696862
7538,8769,1231,0.1231,0.2452562740956957
7732,8866,1134,0.1134,0.245144500918447
7472,8736,1264,0.1264,0.256571047231555
7698,8849,1151,0.1151,0.2783086468828784
7676,8838,1162,0.1162,0.2807370216378942
7590,8795,1205,0.1205,0.2822166599722302
7364,8682,1318,0.1318,0.2836147941287061
7516,8758,1242,0.1242,0.264697648045799
7788,8894,1106,0.1106,0.2591455584998941
7598,8799,1201,0.1201,0.2608136309554393
7832,8916,1084,0.1084,0.26011454384103416
7586,8793,1207,0.1207,0.2682564497481768
7694,8847,1153,0.1153,0.26574650275027883
7510,8755,1245,0.1245,0.2686527719997801
7466,8733,1267,0.1267,0.264976916847119
7584,8792,1208,0.1208,0.23850998265163142
7680,8840,1160,0.116,0.23682722187311228
7656,8828,1172,0.1172,0.2344399504896256
7550,8775,1225,0.1225,0.2323704577358978
7800,8900,1100,0.11,0.21318746875760866
7682,8841,1159,0.1159,0.21499378700789484
7582,8791,1209,0.1209,0.21483048819907855
7550,8775,1225,0.1225,0.21552246826820773
7618,8809,1191,0.1191,0.202668585360012
7688,8844,1156,0.1156,0.2020706912763606
7708,8854,1146,0.1146,0.19908899783563383
7642,8821,1179,0.1179,0.19913037597113825
7716,8858,1142,0.1142,0.1999316755826605
7672,8836,1164,0.1164,0.1999295795734925
7716,8858,1142,0.1142,0.19971902570147648
7752,8876,1124,0.1124,0.19925688849147696
7594,8797,1203,0.1203,0.2148944082771428
7578,8789,1211,0.1211,0.21841649782460298
7616,8808,1192,0.1192,0.22125098019766207
7766,8883,1117,0.1117,0.2224899939686875
7604,8802,1198,0.1198,0.22216230497360703
7676,8838,1162,0.1162,0.21953643778953702
7508,8754,1246,0.1246,0.21719836561754347
7702,8851,1149,0.1149,0.21495527943521447
7456,8728,1272,0.1272,0.2129814380227821
7498,8749,1251,0.1251,0.21206378454190045
7582,8791,1209,0.1209,0.21015048456382357
7608,8804,1196,0.1196,0.211131295174381
7506,8753,1247,0.1247,0.22293695419323536
7602,8801,1199,0.1199,0.21971931321738303
7506,8753,1247,0.1247,0.22060696857815637
7650,8825,1175,0.1175,0.21774587526122263
7734,8867,1133,0.1133,0.21694431508146225
7548,8774,1226,0.1226,0.21881938986345864
7670,8835,1165,0.1165,0.21981527394338118
7552,8776,1224,0.1224,0.22149271843445423
7560,8780,1220,0.122,0.2330878074759682
7570,8785,1215,0.1215,0.23545257762672844
7638,8819,1181,0.1181,0.2339809972279705
7718,8859,1141,0.1141,0.23176636534859427
7784,8892,1108,0.1108,0.22595731263272056
7498,8749,1251,0.1251,0.23245678985743726
7620,8810,1190,0.119,0.23229211882213713
7430,8715,1285,0.1285,0.23937595729932437
7716,8858,1142,0.1142,0.2530728986144415
7602,8801,1199,0.1199,0.2597134316085323
7590,8795,1205,0.1205,0.2581323175541995
7522,8761,1239,0.1239,0.26047785916337424
7702,8851,1149,0.1149,0.24364401823878287
7636,8818,1182,0.1182,0.24375992154474233
7434,8717,1283,0.1283,0.24878665325120092
7672,8836,1164,0.1164,0.24516278022893567
7654,8827,1173,0.1173,0.25530647514715865
7452,8726,1274,0.1274,0.2588795935357572
7632,8816,1184,0.1184,0.25713951210809627
7426,8713,1287,0.1287,0.2586552536540928
7728,8864,1136,0.1136,0.2465732575296891
7670,8835,1165,0.1165,0.2489668899757663
7602,8801,1199,0.1199,0.2528500242326634
7764,8882,1118,0.1118,0.254187342456216
7514,8757,1243,0.1243,0.28690996429633797
7680,8840,1160,0.116,0.2934164424756542
7570,8785,1215,0.1215,0.299650488273456
7526,8763,1237,0.1237,0.2997236803042014
7382,8691,1309,0.1309,0.29836019536209196
7628,8814,1186,0.1186,0.28929371725451203
7786,8893,1107,0.1107,0.2833735856774263
7822,8911,1089,0.1089,0.2842114799783565
7672,8836,1164,0.1164,0.292237075116334
7688,8844,1156,0.1156,0.2970636703407553
7828,8914,1086,0.1086,0.2976640963576734
7650,8825,1175,0.1175,0.30248032467662495
7526,8763,1237,0.1237,0.3038549416630579
7544,8772,1228,0.1228,0.3018830301302707
7626,8813,1187,0.1187,0.29550527519918685
7824,8912,1088,0.1088,0.2912423195426119
7684,8842,1158,0.1158,0.2818429505402339
7596,8798,1202,0.1202,0.2771668092858046
7484,8742,1258,0.1258,0.2756991161872328
7480,8740,1260,0.126,0.2734709395052259
7406,8703,1297,0.1297,0.2654340549695525
7764,8882,1118,0.1118,0.25746012679403646
7614,8807,1193,0.1193,0.2569502817091391
7558,8779,1221,0.1221,0.2551208643681719
7812,8906,1094,0.1094,0.2407213103192342
7444,8722,1278,0.1278,0.24410519782144466
7556,8778,1222,0.1222,0.2405665883547611
7692,8846,1154,0.1154,0.2483383116017568
7542,8771,1229,0.1229,0.24788140624729357
7632,8816,1184,0.1184,0.24814246772567108
7588,8794,1206,0.1206,0.2497188897748041
7700,8850,1150,0.115,0.2445186945393216
7730,8865,1135,0.1135,0.2379055581962014
7560,8780,1220,0.122,0.24042715080528287
7658,8829,1171,0.1171,0.2387578774414776
7654,8827,1173,0.1173,0.24086814414411784
7466,8733,1267,0.1267,0.2502609541611213
7728,8864,1136,0.1136,0.2474645842090249
7598,8799,1201,0.1201,0.2459638086200118
7542,8771,1229,0.1229,0.24850267196055534
7694,8847,1153,0.1153,0.24419981564868531
7806,8903,1097,0.1097,0.24501235398805002
7518,8759,1241,0.1241,0.25336879612425267
7606,8803,1197,0.1197,0.2550490527166985
7554,8777,1223,0.1223,0.2542222950172521
7602,8801,1199,0.1199,0.25545682936265063
7786,8893,1107,0.1107,0.2623034861972988
7650,8825,1175,0.1175,0.2731751970129113
7508,8754,1246,0.1246,0.29969439238614437
7714,8857,1143,0.1143,0.3035184229707893
7754,8877,1123,0.1123,0.29185561553686856
7648,8824,1176,0.1176,0.3089928717234284
7582,8791,1209,0.1209,0.32252694754339756
7692,8846,1154,0.1154,0.3243946756466918
7670,8835,1165,0.1165,0.3233603717733057
7720,8860,1140,0.114,0.3205006529554725
7666,8833,1167,0.1167,0.32045249824416244
7692,8846,1154,0.1154,0.31621867366151707
7392,8696,1304,0.1304,0.32061811719643885
7696,8848,1152,0.1152,0.3152299576275982
7696,8848,1152,0.1152,0.32146993540134844
7732,8866,1134,0.1134,0.31671107346745336
7448,8724,1276,0.1276,0.3196824077224534
7488,8744,1256,0.1256,0.31703620882481504
7720,8860,1140,0.114,0.31407701238691804
7666,8833,1167,0.1167,0.3125392007049202
7726,8863,1137,0.1137,0.31271483805535827
7862,8931,1069,0.1069,0.3086268623981625
7588,8794,1206,0.1206,0.3041530406981707
7562,8781,1219,0.1219,0.301650528852921
7530,8765,1235,0.1235,0.30957314018458126
7698,8849,1151,0.1151,0.30517095281779766
7636,8818,1182,0.1182,0.31839576804600667
7518,8759,1241,0.1241,0.31742038613763873
7592,8796,1204,0.1204,0.3059511454195876
7616,8808,1192,0.1192,0.3067890001151386
7728,8864,1136,0.1136,0.29485283593033784
7742,8871,1129,0.1129,0.29921540257962187
7486,8743,1257,0.1257,0.31094628808672997
7566,8783,1217,0.1217,0.31013191396103923
7766,8883,1117,0.1117,0.31396515608801856
7728,8864,1136,0.1136,0.311959519226526
7802,8901,1099,0.1099,0.3074244297087775
7606,8803,1197,0.1197,0.3096115750977769
7584,8792,1208,0.1208,0.3241858671799333
7746,8873,1127,0.1127,0.3431561691389419
7490,8745,1255,0.1255,0.3576360413487274
7548,8774,1226,0.1226,0.35708668974518004
7654,8827,1173,0.1173,0.3405094867453731
7588,8794,1206,0.1206,0.32414349067103165
7592,8796,1204,0.1204,0.3183033716082573
7550,8775,1225,0.1225,0.3114701116980639
7664,8832,1168,0.1168,0.3116143769157551
7558,8779,1221,0.1221,0.32185532823951873
7418,8709,1291,0.1291,0.3223744628064577
7554,8777,1223,0.1223,0.3228525846121148
7604,8802,1198,0.1198,0.31432715179712073
7608,8804,1196,0.1196,0.3157296007249108
7626,8813,1187,0.1187,0.3179635238291784
7442,8721,1279,0.1279,0.32213023988053696
7464,8732,1268,0.1268,0.3403679831266403
7518,8759,1241,0.1241,0.35063901352517435
7550,8775,1225,0.1225,0.3627582040372185
7262,8631,1369,0.1369,0.36822708290593653
7524,8762,1238,0.1238,0.36920848915278914
7722,8861,1139,0.1139,0.35619396017125693
7328,8664,1336,0.1336,0.34790717810421556
7648,8824,1176,0.1176,0.3428995538693067
7662,8831,1169,0.1169,0.32573480869680643
7638,8819,1181,0.1181,0.31538123170960397
7702,8851,1149,0.1149,0.298822057621181
7750,8875,1125,0.1125,0.2938958584189177
7602,8801,1199,0.1199,0.2685140924309613
7560,8780,1220,0.122,0.2601524805496685
7502,8751,1249,0.1249,0.2612434894964099
7606,8803,1197,0.1197,0.2630069207364228
7598,8799,1201,0.1201,0.26485873901619345
7686,8843,1157,0.1157,0.2566645351972431
7578,8789,1211,0.1211,0.24508200368630564
7632,8816,1184,0.1184,0.24198804079258662
7404,8702,1298,0.1298,0.2276410586907674
7626,8813,1187,0.1187,0.2243280511230184
7696,8848,1152,0.1152,0.22115087035475298
7538,8769,1231,0.1231,0.22229415112526077
7494,8747,1253,0.1253,0.21693905243039427
7706,8853,1147,0.1147,0.20285023632360707
7496,8748,1252,0.1252,0.1966206169141282
7636,8818,1182,0.1182,0.1924703457025891
7528,8764,1236,0.1236,0.18698300497089076
7664,8832,1168,0.1168,0.18790583811067912
7722,8861,1139,0.1139,0.188864550978213
7604,8802,1198,0.1198,0.18883576450976544
7778,8889,1111,0.1111,0.18262895131999524
7450,8725,1275,0.1275,0.18232320616339956
7640,8820,1180,0.118,0.18328502084806583
7604,8802,1198,0.1198,0.1845863308218308
7538,8769,1231,0.1231,0.19048955374694543
7668,8834,1166,0.1166,0.18888287208619003
7682,8841,1159,0.1159,0.18700831675255478
7686,8843,1157,0.1157,0.18562752895914938
7658,8829,1171,0.1171,0.18834873588173653
7720,8860,1140,0.114,0.1917472870113168
7644,8822,1178,0.1178,0.196262492375295
7566,8783,1217,0.1217,0.19785519474390895
7556,8778,1222,0.1222,0.19830266232604427
7662,8831,1169,0.1169,0.19248570441328922
7568,8784,1216,0.1216,0.19413683110495997
7640,8820,1180,0.118,0.19555903596788982
7880,8940,1060,0.106,0.19881547663352278
7654,8827,1173,0.1173,0.20766061613333614
7654,8827,1173,0.1173,0.209324167276801
7860,8930,1070,0.107,0.2054439527830051
7648,8824,1176,0.1176,0.2054523437704891
7454,8727,1273,0.1273,0.20975438428107882
7614,8807,1193,0.1193,0.2123698255058931
7688,8844,1156,0.1156,0.2117970672841776
7576,8788,1212,0.1212,0.2183325626068421
7670,8835,1165,0.1165,0.213129047037229
7606,8803,1197,0.1197,0.20969025327520352
7616,8808,1192,0.1192,0.210575401988934
7612,8806,1194,0.1194,0.21211634685640857
7736,8868,1132,0.1132,0.21450869424645005
7524,8762,1238,0.1238,0.22281762264622376
7588,8794,1206,0.1206,0.22286715819519012
7480,8740,1260,0.126,0.22768016486279666
7674,8837,1163,0.1163,0.22410078007020057
7458,8729,1271,0.1271,0.2250948217772957
7540,8770,1230,0.123,0.22536315151926775
7652,8826,1174,0.1174,0.22376450870996342
7634,8817,1183,0.1183,0.21708336752813776
7592,8796,1204,0.1204,0.21168079908293844
7742,8871,1129,0.1129,0.21043813758057658
7714,8857,1143,0.1143,0.20475854749275296
7612,8806,1194,0.1194,0.19926660990745373
7904,8952,1048,0.1048,0.1964049210282221
7512,8756,1244,0.1244,0.1993202111022548
7676,8838,1162,0.1162,0.20025274511299285
7682,8841,1159,0.1159,0.20028251275069497
7684,8842,1158,0.1158,0.1939269145539467
7494,8747,1253,0.1253,0.1956276679738737
7706,8853,1147,0.1147,0.18981465962541166
7416,8708,1292,0.1292,0.18891764578989603
7574,8787,1213,0.1213,0.18998103410976908
7628,8814,1186,0.1186,0.19127182305998303
7392,8696,1304,0.1304,0.19518415214058324
7616,8808,1192,0.1192,0.19760471109801614
7470,8735,1265,0.1265,0.20109340722565539
7438,8719,1281,0.1281,0.20184642869990588
7502,8751,1249,0.1249,0.19970300650917924
7720,8860,1140,0.114,0.18839477608429447
7380,8690,1310,0.131,0.18342013433352114
7776,8888,1112,0.1112,0.17689936991795166
7590,8795,1205,0.1205,0.17668073953883723
7788,8894,1106,0.1106,0.1700495584011162
7726,8863,1137,0.1137,0.1702630015977591
7708,8854,1146,0.1146,0.16820818888624536
7648,8824,1176,0.1176,0.16854344995043066
7552,8776,1224,0.1224,0.17327666193693878
7624,8812,1188,0.1188,0.1810851868362399
7678,8839,1161,0.1161,0.1822562840179501
7614,8807,1193,0.1193,0.188819813936227
7654,8827,1173,0.1173,0.18814564280425322
7716,8858,1142,0.1142,0.18284963134275167
7630,8815,1185,0.1185,0.1822382979603604
7648,8824,1176,0.1176,0.17975783367558762
7734,8867,1133,0.1133,0.1794273892885544
7530,8765,1235,0.1235,0.19055555519936604
7678,8839,1161,0.1161,0.19388999011319424
7598,8799,1201,0.1201,0.19650231509550653
7606,8803,1197,0.1197,0.20763626531536275
7612,8806,1194,0.1194,0.20269019999206067
7562,8781,1219,0.1219,0.20159637149941684
7512,8756,1244,0.1244,0.2042279695043311
7556,8778,1222,0.1222,0.20548580319660906
7406,8703,1297,0.1297,0.2110984214111193
7550,8775,1225,0.1225,0.2093977900760271
7584,8792,1208,0.1208,0.21020524293952622
7466,8733,1267,0.1267,0.21083582137416002
7670,8835,1165,0.1165,0.2064484763750549
7636,8818,1182,0.1182,0.2063981902515829
7562,8781,1219,0.1219,0.20567279466147448
7584,8792,1208,0.1208,0.20461134432056607
7418,8709,1291,0.1291,0.2059031544552338
7686,8843,1157,0.1157,0.20423320795645286
7634,8817,1183,0.1183,0.20529990181707466
7756,8878,1122,0.1122,0.2053407074748564
7494,8747,1253,0.1253,0.21075115638558053
7472,8736,1264,0.1264,0.2134934456147952
7610,8805,1195,0.1195,0.21201823284095153
7524,8762,1238,0.1238,0.22931521053566867
7716,8858,1142,0.1142,0.2374589097068706
7748,8874,1126,0.1126,0.23966461734749928
7602,8801,1199,0.1199,0.24062474645674228
7340,8670,1330,0.133,0.2531453339493524
7586,8793,1207,0.1207,0.2601687743389397
7682,8841,1159,0.1159,0.2615403949433036
7552,8776,1224,0.1224,0.2643968046782538
7598,8799,1201,0.1201,0.26148669857778367
7514,8757,1243,0.1243,0.25019828294954544
7596,8798,1202,0.1202,0.24579772794611734
7590,8795,1205,0.1205,0.2459295002893401
7512,8756,1244,0.1244,0.24158199286734452
7552,8776,1224,0.1224,0.2481752702870699
7592,8796,1204,0.1204,0.2500353678065679
7602,8801,1199,0.1199,0.24998039423759832
7738,8869,1131,0.1131,0.25278740901367835
7624,8812,1188,0.1188,0.2468514227949083
7630,8815,1185,0.1185,0.24247554048875464
7620,8810,1190,0.119,0.24153093053994307
7680,8840,1160,0.116,0.247677102487503
7590,8795,1205,0.1205,0.2639167681569932
7570,8785,1215,0.1215,0.2699417011955178
7580,8790,1210,0.121,0.26970595649646356
7720,8860,1140,0.114,0.28658364608325065
7488,8744,1256,0.1256,0.295092712238017
7592,8796,1204,0.1204,0.29626998033795676
7516,8758,1242,0.1242,0.29507406020622173
7704,8852,1148,0.1148,0.2928746862283911
7482,8741,1259,0.1259,0.30476249518823534
7672,8836,1164,0.1164,0.305931920100376
7458,8729,1271,0.1271,0.3069104851339029
7440,8720,1280,0.128,0.31912461118079954
7744,8872,1128,0.1128,0.3155844891744877
7526,8763,1237,0.1237,0.3161180950385053
7586,8793,1207,0.1207,0.3136506312751218
7542,8771,1229,0.1229,0.3062943456681663
7468,8734,1266,0.1266,0.313162873065707
7576,8788,1212,0.1212,0.3225051871092672
7734,8867,1133,0.1133,0.3237842073036204
7366,8683,1317,0.1317,0.37810209117056076
7302,8651,1349,0.1349,0.4024373779396268
7448,8724,1276,0.1276,0.4058810947636142
7716,8858,1142,0.1142,0.40234775972636416
7532,8766,1234,0.1234,0.4121979039951737
7736,8868,1132,0.1132,0.413876567739474
7606,8803,1197,0.1197,0.4135981391225605
7434,8717,1283,0.1283,0.4166839658494665
7406,8703,1297,0.1297,0.42320780297951915
7720,8860,1140,0.114,0.416765858719441
7718,8859,1141,0.1141,0.4107107413108613
7574,8787,1213,0.1213,0.4081625055914761
7504,8752,1248,0.1248,0.38825242817325134
7518,8759,1241,0.1241,0.36902567160488614
7734,8867,1133,0.1133,0.3601556452079676
7730,8865,1135,0.1135,0.3590723585360152
7554,8777,1223,0.1223,0.3576947483820768
7576,8788,1212,0.1212,0.35273752837479116
7462,8731,1269,0.1269,0.35167237473926505
7614,8807,1193,0.1193,0.3460363538460806
7506,8753,1247,0.1247,0.3278141662531035
7678,8839,1161,0.1161,0.31155617016269826
7534,8767,1233,0.1233,0.3099247663596456
7506,8753,1247,0.1247,0.3051390969779607
7728,8864,1136,0.1136,0.2874830036760354
7614,8807,1193,0.1193,0.28277035413458945
7486,8743,1257,0.1257,0.28475861532639607
7484,8742,1258,0.1258,0.28672134137415417
7550,8775,1225,0.1225,0.2886324434542155
7500,8750,1250,0.125,0.281583923324736
7430,8715,1285,0.1285,0.2800089146214519
7518,8759,1241,0.1241,0.27355070075160015
7626,8813,1187,0.1187,0.25906970963414677
7618,8809,1191,0.1191,0.260265331794695
7590,8795,1205,0.1205,0.2634299330199612
7638,8819,1181,0.1181,0.2645702374692421
7470,8735,1265,0.1265,0.27750733195553023
7494,8747,1253,0.1253,0.27958477955602523
7556,8778,1222,0.1222,0.2791010550592138
7548,8774,1226,0.1226,0.27696778256929866
7558,8779,1221,0.1221,0.27676748460456735
7466,8733,1267,0.1267,0.2764790811219835
7630,8815,1185,0.1185,0.273267505081723
7694,8847,1153,0.1153,0.2716415177252943
7362,8681,1319,0.1319,0.2704948083118754
7588,8794,1206,0.1206,0.259479728767919
7722,8861,1139,0.1139,0.25389981418852287
7576,8788,1212,0.1212,0.24704681857126198
7672,8836,1164,0.1164,0.23323926392046632
7614,8807,1193,0.1193,0.23369147236891444
7716,8858,1142,0.1142,0.23222239569034764
7658,8829,1171,0.1171,0.23484260756175937
7514,8757,1243,0.1243,0.23560137530499042
7748,8874,1126,0.1126,0.22829859229511493
7652,8826,1174,0.1174,0.2290363292236987
7524,8762,1238,0.1238,0.23091214751103253
7396,8698,1302,0.1302,0.23997193334277253
7528,8764,1236,0.1236,0.24583328264062257
7596,8798,1202,0.1202,0.24666359895447384
7594,8797,1203,0.1203,0.24403690915939288
7798,8899,1101,0.1101,0.22553812633717898
7708,8854,1146,0.1146,0.21045748157126332
7676,8838,1162,0.1162,0.20975843625719573
7640,8820,1180,0.118,0.20896887476850515
7612,8806,1194,0.1194,0.21499124633655656
7492,8746,1254,0.1254,0.21946993167437612
7500,8750,1250,0.125,0.21861490890797322
7512,8756,1244,0.1244,0.21362622789705638
7446,8723,1277,0.1277,0.20417864466435257
7748,8874,1126,0.1126,0.19266307821879164
7636,8818,1182,0.1182,0.19311297796576013
7566,8783,1217,0.1217,0.18871058821506967
7708,8854,1146,0.1146,0.17897142463251947
7644,8822,1178,0.1178,0.1711174558658792
7626,8813,1187,0.1187,0.17066140819672873
7820,8910,1090,0.109,0.16601681539222465
7680,8840,1160,0.116,0.16710325078183086
7554,8777,1223,0.1223,0.1753040839344263
7622,8811,1189,0.1189,0.1755267152864486
7446,8723,1277,0.1277,0.1801612166365696
7810,8905,1095,0.1095,0.1816403863430023
7522,8761,1239,0.1239,0.18591390217219148
7718,8859,1141,0.1141,0.18431948738201964
7592,8796,1204,0.1204,0.1869256500069622
7716,8858,1142,0.1142,0.19199179310256695
7532,8766,1234,0.1234,0.19991715899999948
7682,8841,1159,0.1159,0.19775412781936436
7534,8767,1233,0.1233,0.1988385248049046
7498,8749,1251,0.1251,0.19228261298598154
7914,8957,1043,0.1043,0.18645303438544578
7710,8855,1145,0.1145,0.1883490898367396
7616,8808,1192,0.1192,0.19464504009922967
7534,8767,1233,0.1233,0.20324097578686462
7744,8872,1128,0.1128,0.2044663351126314
7544,8772,1228,0.1228,0.20654377457378578
7654,8827,1173,0.1173,0.20626663542711177
7472,8736,1264,0.1264,0.20108691102819484
7694,8847,1153,0.1153,0.1949102831013828
7716,8858,1142,0.1142,0.19460106783405645
7602,8801,1199,0.1199,0.1924823764249975
7866,8933,1067,0.1067,0.1828541553318035
7614,8807,1193,0.1193,0.17628097917430058
7534,8767,1233,0.1233,0.17669411343452848
7744,8872,1128,0.1128,0.171421512006782
7490,8745,1255,0.1255,0.17921958208213365
7644,8822,1178,0.1178,0.18396124943617295
7402,8701,1299,0.1299,0.18722045169133344
7444,8722,1278,0.1278,0.1873789197383463
7384,8692,1308,0.1308,0.18455994532090086
7560,8780,1220,0.122,0.17139783652000742
7734,8867,1133,0.1133,0.16874326303087073
7740,8870,1130,0.113,0.16049774833474245
7558,8779,1221,0.1221,0.15945981881812912
7502,8751,1249,0.1249,0.17203191997263328
7472,8736,1264,0.1264,0.17230359181013535
7518,8759,1241,0.1241,0.18439751728996634
7620,8810,1190,0.119,0.19225557217376144
7690,8845,1155,0.1155,0.18282364929217657
7650,8825,1175,0.1175,0.18108175716744737
7646,8823,1177,0.1177,0.1714388593208077
7628,8814,1186,0.1186,0.1697513378957561
7582,8791,1209,0.1209,0.1809840151622994
7862,8931,1069,0.1069,0.17950203833054185
7602,8801,1199,0.1199,0.18772485142438525
7948,8974,1026,0.1026,0.18347705183718094
7550,8775,1225,0.1225,0.1792076143921254
7634,8817,1183,0.1183,0.1775484220288533
7482,8741,1259,0.1259,0.17544825004849154
7610,8805,1195,0.1195,0.17141808017693416
7600,8800,1200,0.12,0.17526226207712606
7624,8812,1188,0.1188,0.17589540674521123
7512,8756,1244,0.1244,0.18124487951292959
7650,8825,1175,0.1175,0.18236585031896838
7596,8798,1202,0.1202,0.18127598471879028
7408,8704,1296,0.1296,0.18321651306631115
7728,8864,1136,0.1136,0.17838667042104098
7848,8924,1076,0.1076,0.17703884480827128
7638,8819,1181,0.1181,0.184857938861772
7748,8874,1126,0.1126,0.18324902647059715
7590,8795,1205,0.1205,0.1845851896680565
7802,8901,1099,0.1099,0.17971989967946836
7590,8795,1205,0.1205,0.18786713235334027
7678,8839,1161,0.1161,0.1889589885967368
7686,8843,1157,0.1157,0.19997285079024762
7730,8865,1135,0.1135,0.2044779831442749
7514,8757,1243,0.1243,0.2021065745796892
7650,8825,1175,0.1175,0.19576414340327886
7804,8902,1098,0.1098,0.18352237056803866
7592,8796,1204,0.1204,0.17696979940087823
7540,8770,1230,0.123,0.18502332132124574
7552,8776,1224,0.1224,0.18877313707024942
7492,8746,1254,0.1254,0.19828475585468114
7558,8779,1221,0.1221,0.2051603106526658
7654,8827,1173,0.1173,0.2009448454395521
7590,8795,1205,0.1205,0.19918169337809086
7504,8752,1248,0.1248,0.2031843156138054
7722,8861,1139,0.1139,0.20917371200640336
7500,8750,1250,0.125,0.22458577514462713
7570,8785,1215,0.1215,0.22816434340517766
7412,8706,1294,0.1294,0.23328429635898637
7524,8762,1238,0.1238,0.2308901687726925
7600,8800,1200,0.12,0.22477113119028508
7702,8851,1149,0.1149,0.22122641081858282
7562,8781,1219,0.1219,0.2190796044786437
7704,8852,1148,0.1148,0.21635768829502358
7728,8864,1136,0.1136,0.21534148942641915
7634,8817,1183,0.1183,0.21639888722749984
7586,8793,1207,0.1207,0.21680839553771897
7770,8885,1115,0.1115,0.21233904358942474
7756,8878,1122,0.1122,0.20817105399779975
7724,8862,1138,0.1138,0.20677437458115164
7592,8796,1204,0.1204,0.2041006483876263
7806,8903,1097,0.1097,0.1983477480185553
7764,8882,1118,0.1118,0.1956880367705133
7696,8848,1152,0.1152,0.19746545685931247
7740,8870,1130,0.113,0.19328561026980529
7458,8729,1271,0.1271,0.1920502228703021
7754,8877,1123,0.1123,0.18604405072030614
7558,8779,1221,0.1221,0.18970205453098118
7458,8729,1271,0.1271,0.19645001583786798
7632,8816,1184,0.1184,0.1982915360545303
7694,8847,1153,0.1153,0.1998342347314698
7668,8834,1166,0.1166,0.20217377863158473
7550,8775,1225,0.1225,0.2022218708417502
7588,8794,1206,0.1206,0.20139386074019777
7784,8892,1108,0.1108,0.20301110965535044
7518,8759,1241,0.1241,0.2083087002848246
7730,8865,1135,0.1135,0.2067335708760782
7622,8811,1189,0.1189,0.2043835052266717
7568,8784,1216,0.1216,0.19906213928916258
7632,8816,1184,0.1184,0.19785309764778794
7782,8891,1109,0.1109,0.1945990160355839
7538,8769,1231,0.1231,0.1983222277826222
7692,8846,1154,0.1154,0.19849715263964923
7622,8811,1189,0.1189,0.20128963535316288
7592,8796,1204,0.1204,0.20460263243480586
7520,8760,1240,0.124,0.21063989772325875
7514,8757,1243,0.1243,0.21446458558038783
7590,8795,1205,0.1205,0.2160451860013982
7722,8861,1139,0.1139,0.2137875161094009
7452,8726,1274,0.1274,0.211856004353756
7640,8820,1180,0.118,0.20240068285482413
7698,8849,1151,0.1151,0.19417488348735495
7692,8846,1154,0.1154,0.19150198978240793
7548,8774,1226,0.1226,0.1971136149484192
7670,8835,1165,0.1165,0.19911713506192694
7564,8782,1218,0.1218,0.2005303420988141
7684,8842,1158,0.1158,0.19743039781923785
7794,8897,1103,0.1103,0.19241421761234717
7784,8892,1108,0.1108,0.18890820586783819
7606,8803,1197,0.1197,0.18992416245992955
7676,8838,1162,0.1162,0.1874381110310249
7566,8783,1217,0.1217,0.1924586911399744
7554,8777,1223,0.1223,0.1962532968753192
7526,8763,1237,0.1237,0.20678246846416215
7724,8862,1138,0.1138,0.21472538514671868
7536,8768,1232,0.1232,0.21909057503223042
7614,8807,1193,0.1193,0.21684545774599537
7556,8778,1222,0.1222,0.21699772622817026
7730,8865,1135,0.1135,0.2138224091097611
7630,8815,1185,0.1185,0.21693800698309204
7808,8904,1096,0.1096,0.21972824558244006
7690,8845,1155,0.1155,0.23007214738754186
7808,8904,1096,0.1096,0.23147222315101926
7752,8876,1124,0.1124,0.23353447765330784
7618,8809,1191,0.1191,0.23602539954334498
7608,8804,1196,0.1196,0.2478098067643098
7526,8763,1237,0.1237,0.26181174983349537
7720,8860,1140,0.114,0.26831213923813774
7432,8716,1284,0.1284,0.2794704347516922
7652,8826,1174,0.1174,0.2835023003047798
7750,8875,1125,0.1125,0.27779765314840926
7652,8826,1174,0.1174,0.2785201021693006
7630,8815,1185,0.1185,0.28046780657805503
7482,8741,1259,0.1259,0.29085860412716863
7680,8840,1160,0.116,0.2958385865663032
7602,8801,1199,0.1199,0.30333292707884685
7538,8769,1231,0.1231,0.30201085280310364
7578,8789,1211,0.1211,0.28413953940239006
7574,8787,1213,0.1213,0.26848458807666553
7626,8813,1187,0.1187,0.26465429327436935
7422,8711,1289,0.1289,0.26086085606890236
7568,8784,1216,0.1216,0.2544580649872318
7498,8749,1251,0.1251,0.25240585707679386
7604,8802,1198,0.1198,0.24989941126421328
7434,8717,1283,0.1283,0.24552302841081983
7490,8745,1255,0.1255,0.22895893504469372
7648,8824,1176,0.1176,0.21512115111173863
7604,8802,1198,0.1198,0.20992242468652658
7568,8784,1216,0.1216,0.20800794522007926
7774,8887,1113,0.1113,0.20653434195612877
7594,8797,1203,0.1203,0.21210157161000542
7518,8759,1241,0.1241,0.21436935146169864
7794,8897,1103,0.1103,0.20946788323988494
7640,8820,1180,0.118,0.19265663439354552
7678,8839,1161,0.1161,0.1789096556548029
7502,8751,1249,0.1249,0.1747020487207445
7774,8887,1113,0.1113,0.16862727403347771
7484,8742,1258,0.1258,0.17045812527692553
7534,8767,1233,0.1233,0.17032956273006417
7604,8802,1198,0.1198,0.16947955491167813
7598,8799,1201,0.1201,0.16691582980878736
7640,8820,1180,0.118,0.1594003544939397
7664,8832,1168,0.1168,0.1570193685836245
7538,8769,1231,0.1231,0.15861884527411313
7628,8814,1186,0.1186,0.160394287865961
7598,8799,1201,0.1201,0.17397803005892598
7480,8740,1260,0.126,0.18432245042033701
7652,8826,1174,0.1174,0.1874315660463064
7672,8836,1164,0.1164,0.19219482287577702
7650,8825,1175,0.1175,0.20133299333094315
7678,8839,1161,0.1161,0.2048315850844365
7656,8828,1172,0.1172,0.20813371294907498
7402,8701,1299,0.1299,0.21448683056226
7558,8779,1221,0.1221,0.22952212577974423
7408,8704,1296,0.1296,0.238605096017498
7480,8740,1260,0.126,0.24204982153591767
7424,8712,1288,0.1288,0.24522011938686156
7686,8843,1157,0.1157,0.23652916134932556
7496,8748,1252,0.1252,0.23428124473298303
7484,8742,1258,0.1258,0.23001377266733702
7754,8877,1123,0.1123,0.22730424471778352
7634,8817,1183,0.1183,0.2299666896948591
7648,8824,1176,0.1176,0.23681759983603135
7610,8805,1195,0.1195,0.24039485577660616
7710,8855,1145,0.1145,0.23944472734626032
7754,8877,1123,0.1123,0.2442108958419878
7596,8798,1202,0.1202,0.24675164398301386
7864,8932,1068,0.1068,0.24187743611181053
7612,8806,1194,0.1194,0.24558722182252896
7592,8796,1204,0.1204,0.27054866340900346
7554,8777,1223,0.1223,0.28703127633855513
7492,8746,1254,0.1254,0.2864716601161691
7520,8760,1240,0.124,0.2917766801003367
7728,8864,1136,0.1136,0.2897398622442872
7672,8836,1164,0.1164,0.28312227704168524
7684,8842,1158,0.1158,0.27843369080018604
7616,8808,1192,0.1192,0.27820540455918236
7554,8777,1223,0.1223,0.279315018062018
7414,8707,1293,0.1293,0.28256553770807713
7666,8833,1167,0.1167,0.27653901307210327
7610,8805,1195,0.1195,0.27930769680866596
7518,8759,1241,0.1241,0.25483128737435434
7850,8925,1075,0.1075,0.23270448916821188
7608,8804,1196,0.1196,0.23099372434102597
7468,8734,1266,0.1266,0.22976465351963415
7636,8818,1182,0.1182,0.2231263934180315
7614,8807,1193,0.1193,0.2257779923430644
7386,8693,1307,0.1307,0.22977812921466756
7600,8800,1200,0.12,0.22507906097220634
7822,8911,1089,0.1089,0.2016040873529826
7738,8869,1131,0.1131,0.19683240724456752
7308,8654,1346,0.1346,0.20182994727481984
7744,8872,1128,0.1128,0.19571771027538118
7682,8841,1159,0.1159,0.21263988400314143
7526,8763,1237,0.1237,0.2149967336249898
7816,8908,1092,0.1092,0.2125164021492006
7554,8777,1223,0.1223,0.2132410605560057
7678,8839,1161,0.1161,0.20769679935134214
7408,8704,1296,0.1296,0.21412361022863935
7656,8828,1172,0.1172,0.2112224052017201
7674,8837,1163,0.1163,0.21447057993728377
7700,8850,1150,0.115,0.22010406440553906
7638,8819,1181,0.1181,0.21755477843614063
7740,8870,1130,0.113,0.21454327829485736
7672,8836,1164,0.1164,0.21439965719023185
7740,8870,1130,0.113,0.23358773828168633
7524,8762,1238,0.1238,0.24945368502240436
7570,8785,1215,0.1215,0.25260514447262894
7588,8794,1206,0.1206,0.25173027764686556
7704,8852,1148,0.1148,0.24073578563332557
7618,8809,1191,0.1191,0.2315849387779166
7678,8839,1161,0.1161,0.22884421137094638
7418,8709,1291,0.1291,0.22980632661338896
7432,8716,1284,0.1284,0.2398219555413084
7528,8764,1236,0.1236,0.25236839152388274
7714,8857,1143,0.1143,0.2495285827237647
7472,8736,1264,0.1264,0.2528790222905665
7438,8719,1281,0.1281,0.2537137704165527
7730,8865,1135,0.1135,0.24466480881744557
7588,8794,1206,0.1206,0.2461776894132461
7640,8820,1180,0.118,0.24603790638483852
7564,8782,1218,0.1218,0.2671364197798179
7576,8788,1212,0.1212,0.2737637718446553
7698,8849,1151,0.1151,0.2737832082704934
7626,8813,1187,0.1187,0.274499495394957
7526,8763,1237,0.1237,0.2646070808685734
7542,8771,1229,0.1229,0.26046432149382914
7772,8886,1114,0.1114,0.25755442593363115
7652,8826,1174,0.1174,0.25789313543845505
7828,8914,1086,0.1086,0.26083547069728374
7602,8801,1199,0.1199,0.2583977635643307
7562,8781,1219,0.1219,0.25970994820580234
7734,8867,1133,0.1133,0.2591137325011935
7550,8775,1225,0.1225,0.26539849907099533
7608,8804,1196,0.1196,0.27553542803853415
7476,8738,1262,0.1262,0.277493806546939
7500,8750,1250,0.125,0.2769160134283069
7622,8811,1189,0.1189,0.27181017521017814
7408,8704,1296,0.1296,0.2714362470550045
7690,8845,1155,0.1155,0.2686882627404275
7656,8828,1172,0.1172,0.26677897368991105
7636,8818,1182,0.1182,0.28535357897465896
7734,8867,1133,0.1133,0.29402612611469814
7736,8868,1132,0.1132,0.2943328681003909
7568,8784,1216,0.1216,0.29915892057419013
7450,8725,1275,0.1275,0.3173934197127819
7676,8838,1162,0.1162,0.31988326486833396
7668,8834,1166,0.1166,0.32033017786966034
7698,8849,1151,0.1151,0.31910560351469613
7558,8779,1221,0.1221,0.29589766948572077
7484,8742,1258,0.1258,0.27450395533273697
7442,8721,1279,0.1279,0.27310959109839844
7508,8754,1246,0.1246,0.27226095112137555
7556,8778,1222,0.1222,0.2590717107379809
7718,8859,1141,0.1141,0.2498662079418311
7614,8807,1193,0.1193,0.25038398073751794
7652,8826,1174,0.1174,0.25024499068055345
7670,8835,1165,0.1165,0.24147040505356027
7416,8708,1292,0.1292,0.2510748324743594
7532,8766,1234,0.1234,0.25145141154567247
7612,8806,1194,0.1194,0.2529399503000061
7416,8708,1292,0.1292,0.2857148324814625
7586,8793,1207,0.1207,0.2970589084491545
7654,8827,1173,0.1173,0.2963340978078544
7310,8655,1345,0.1345,0.3012348229384038
7754,8877,1123,0.1123,0.3143619630580448
7634,8817,1183,0.1183,0.32096771245767597
7508,8754,1246,0.1246,0.3238529097645078
7840,8920,1080,0.108,0.31966182922631925
7702,8851,1149,0.1149,0.3323914212852003
7614,8807,1193,0.1193,0.3415311884815281
7568,8784,1216,0.1216,0.3438406523279264
7550,8775,1225,0.1225,0.3445684653942363
7636,8818,1182,0.1182,0.3567216770674102
7514,8757,1243,0.1243,0.35921797131219396
7508,8754,1246,0.1246,0.356962905886312
7672,8836,1164,0.1164,0.3555189767336153
7414,8707,1293,0.1293,0.35283262268251275
7626,8813,1187,0.1187,0.34252953482708154
7636,8818,1182,0.1182,0.34036941916736285
7664,8832,1168,0.1168,0.3391616194012575
7394,8697,1303,0.1303,0.32753806927152873
7694,8847,1153,0.1153,0.32643954118949065
7774,8887,1113,0.1113,0.32710762402773796
7404,8702,1298,0.1298,0.3323935219359262
7514,8757,1243,0.1243,0.36131960905434674
7576,8788,1212,0.1212,0.3707243410888346
7538,8769,1231,0.1231,0.37169101599065063
7816,8908,1092,0.1092,0.3708296240009367
7554,8777,1223,0.1223,0.3639296672814337
7584,8792,1208,0.1208,0.36368402887531553
7626,8813,1187,0.1187,0.3643828048640469
7542,8771,1229,0.1229,0.36387517032085454
7558,8779,1221,0.1221,0.38079927973807287
7536,8768,1232,0.1232,0.3751658599719582
7554,8777,1223,0.1223,0.374666622189656
7640,8820,1180,0.118,0.36712235350454275
7596,8798,1202,0.1202,0.3581922065531835
7510,8755,1245,0.1245,0.37428581277988854
7448,8724,1276,0.1276,0.3801110871508675
7684,8842,1158,0.1158,0.4200974536563461
7388,8694,1306,0.1306,0.38168164939956123
7736,8868,1132,0.1132,0.4300020098604029
7404,8702,1298,0.1298,0.43808665028371707
7400,8700,1300,0.13,0.447044058328569
7548,8774,1226,0.1226,0.44566277798157855
7514,8757,1243,0.1243,0.4449151043046266
7626,8813,1187,0.1187,0.441982621832937
7560,8780,1220,0.122,0.4328913406625392
7684,8842,1158,0.1158,0.4263623269595206
7560,8780,1220,0.122,0.4115165957966601
7432,8716,1284,0.1284,0.3862171743636959
7720,8860,1140,0.114,0.3772219054352492
7670,8835,1165,0.1165,0.39984848419881575
7534,8767,1233,0.1233,0.3707124344641581
7600,8800,1200,0.12,0.3457740025688457
7752,8876,1124,0.1124,0.33606519707604826
7488,8744,1256,0.1256,0.32426102818356506
7520,8760,1240,0.124,0.34738796180791265
7540,8770,1230,0.123,0.30418946166673705
7544,8772,1228,0.1228,0.30233599582147846
7488,8744,1256,0.1256,0.29878261939967343
7642,8821,1179,0.1179,0.28164431454986333
7534,8767,1233,0.1233,0.27665290819930377
7476,8738,1262,0.1262,0.26909906850510623
7568,8784,1216,0.1216,0.26038964227213374
7548,8774,1226,0.1226,0.2515704344268264
7542,8771,1229,0.1229,0.24954761326884328
7712,8856,1144,0.1144,0.24612066912087258
7692,8846,1154,0.1154,0.24064937282566762
7556,8778,1222,0.1222,0.24504537784083513
7550,8775,1225,0.1225,0.24541761753316968
7602,8801,1199,0.1199,0.24952337489954662
7560,8780,1220,0.122,0.25391642063932024
7634,8817,1183,0.1183,0.25655534980590666
7846,8923,1077,0.1077,0.25298687925837005
7672,8836,1164,0.1164,0.25729509097994885
7532,8766,1234,0.1234,0.2645565349530348
7326,8663,1337,0.1337,0.2728857048399916
7634,8817,1183,0.1183,0.27214813951198014
7754,8877,1123,0.1123,0.2743155069229248
7460,8730,1270,0.127,0.25973548722476625
7726,8863,1137,0.1137,0.2505257461498355
7504,8752,1248,0.1248,0.24376782577224076
7628,8814,1186,0.1186,0.23965162164026405
7710,8855,1145,0.1145,0.2491727211560782
7672,8836,1164,0.1164,0.2467230552956275
7764,8882,1118,0.1118,0.24655524970898404
7592,8796,1204,0.1204,0.23959136155547675
7488,8744,1256,0.1256,0.23056330653072624
7508,8754,1246,0.1246,0.23113036445670296
7640,8820,1180,0.118,0.23807101415017387
7630,8815,1185,0.1185,0.249417466119217
7730,8865,1135,0.1135,0.26670619021854763
7600,8800,1200,0.12,0.2682808530976559
7594,8797,1203,0.1203,0.26470222676604666
7638,8819,1181,0.1181,0.2588853258163848
7546,8773,1227,0.1227,0.2599754016845616
7534,8767,1233,0.1233,0.26565693379752
7476,8738,1262,0.1262,0.2711473452912103
7454,8727,1273,0.1273,0.27944974063126676
7688,8844,1156,0.1156,0.2868916680537601
7534,8767,1233,0.1233,0.28710867290512543
7640,8820,1180,0.118,0.2832571784870419
7394,8697,1303,0.1303,0.2806119028738647
7434,8717,1283,0.1283,0.2757020430266042
7748,8874,1126,0.1126,0.27151971603269104
7698,8849,1151,0.1151,0.2691114732846863
7604,8802,1198,0.1198,0.27094815594909916
7620,8810,1190,0.119,0.2614261326132393
7722,8861,1139,0.1139,0.258564109291571
7690,8845,1155,0.1155,0.25223467225857893
7622,8811,1189,0.1189,0.25161066668302756
7648,8824,1176,0.1176,0.24361131705734382
7530,8765,1235,0.1235,0.24106280112434178
7578,8789,1211,0.1211,0.23835063003428567
7646,8823,1177,0.1177,0.23661111776636762
7728,8864,1136,0.1136,0.23039286305115625
7312,8656,1344,0.1344,0.23414783932641148
7556,8778,1222,0.1222,0.2243001259507844
7618,8809,1191,0.1191,0.21760620726860475
7826,8913,1087,0.1087,0.20263883561268448
7658,8829,1171,0.1171,0.20217685200016136
7604,8802,1198,0.1198,0.196220669259454
7714,8857,1143,0.1143,0.18895751431822982
7802,8901,1099,0.1099,0.18620752447303385
7834,8917,1083,0.1083,0.1849749520426616
7596,8798,1202,0.1202,0.18298529829844484
7560,8780,1220,0.122,0.17876044137145736
7764,8882,1118,0.1118,0.16761842959453352
7558,8779,1221,0.1221,0.16770197285207705
7516,8758,1242,0.1242,0.16889629905256442
7658,8829,1171,0.1171,0.16902565197422717
7626,8813,1187,0.1187,0.1791117851311108
7408,8704,1296,0.1296,0.18364306367256866
7580,8790,1210,0.121,0.18279898555558174
7498,8749,1251,0.1251,0.18605748379343764
7670,8835,1165,0.1165,0.19001639259230868
7538,8769,1231,0.1231,0.1926816560717416
7690,8845,1155,0.1155,0.19439049011978882
7566,8783,1217,0.1217,0.20152528479026716
7716,8858,1142,0.1142,0.21390681966166486
7690,8845,1155,0.1155,0.21968120790903395
7596,8798,1202,0.1202,0.2270999190418236
7658,8829,1171,0.1171,0.23453126099601085
7820,8910,1090,0.109,0.24526504952113723
7656,8828,1172,0.1172,0.25227039784130173
7472,8736,1264,0.1264,0.2600095253575388
7574,8787,1213,0.1213,0.2625915002647449
7666,8833,1167,0.1167,0.2679523689147154
7636,8818,1182,0.1182,0.2695111807787554
7762,8881,1119,0.1119,0.26949825949501305
7636,8818,1182,0.1182,0.2712128747613406
7688,8844,1156,0.1156,0.26026556268126216
7564,8782,1218,0.1218,0.2603818927101791
7592,8796,1204,0.1204,0.25169041906744244
7592,8796,1204,0.1204,0.24142834676018685
7522,8761,1239,0.1239,0.2382096143164226
7640,8820,1180,0.118,0.23614010573753622
7570,8785,1215,0.1215,0.23646114797189585
7576,8788,1212,0.1212,0.23800498062868583
7600,8800,1200,0.12,0.2371956720542551
7640,8820,1180,0.118,0.23791554958899805
7458,8729,1271,0.1271,0.24101091221643436
7730,8865,1135,0.1135,0.2372669558041889
7862,8931,1069,0.1069,0.22735470983404665
7702,8851,1149,0.1149,0.22747911888612488
7740,8870,1130,0.113,0.22120537646416327
7612,8806,1194,0.1194,0.21871767952413892
7660,8830,1170,0.117,0.2135546980708019
7824,8912,1088,0.1088,0.21148206555698162
7584,8792,1208,0.1208,0.2106552178721875
7750,8875,1125,0.1125,0.20279884945955126
7554,8777,1223,0.1223,0.2064543052297192
7618,8809,1191,0.1191,0.20575225113444603
7584,8792,1208,0.1208,0.21474452811730443
7750,8875,1125,0.1125,0.21593340796114963
7728,8864,1136,0.1136,0.2209766593172415
7668,8834,1166,0.1166,0.2223716607524963
7552,8776,1224,0.1224,0.22396635506652593
7728,8864,1136,0.1136,0.22059796245072827
7618,8809,1191,0.1191,0.22299674023006977
7718,8859,1141,0.1141,0.22464242662324976
7742,8871,1129,0.1129,0.2245146894954609
7614,8807,1193,0.1193,0.22277890496277833
7674,8837,1163,0.1163,0.2128116942692548
7626,8813,1187,0.1187,0.21210672734286645
7670,8835,1165,0.1165,0.20429683114544023
7788,8894,1106,0.1106,0.19869839838901535
7550,8775,1225,0.1225,0.19183040709514768
7448,8724,1276,0.1276,0.1924955908721369
7636,8818,1182,0.1182,0.18511276898906945
7584,8792,1208,0.1208,0.18015417096677702
7614,8807,1193,0.1193,0.1782387011853978
7538,8769,1231,0.1231,0.17956446634046733
7540,8770,1230,0.123,0.18222759119836757
7514,8757,1243,0.1243,0.18308650338067586
7510,8755,1245,0.1245,0.18206863947907606
7588,8794,1206,0.1206,0.18116825029632574
7726,8863,1137,0.1137,0.18094313041682145
7872,8936,1064,0.1064,0.1813114171109001
7556,8778,1222,0.1222,0.19094937427898162
7504,8752,1248,0.1248,0.19242434264338518
7622,8811,1189,0.1189,0.19591003362170997
7452,8726,1274,0.1274,0.2043326210286166
7436,8718,1282,0.1282,0.21010247132834275
7510,8755,1245,0.1245,0.21043537001494733
7538,8769,1231,0.1231,0.2089553326652529
7456,8728,1272,0.1272,0.2114653517436347
7694,8847,1153,0.1153,0.20851715908497573
7598,8799,1201,0.1201,0.20778311463843446
7598,8799,1201,0.1201,0.20344771824967542
7392,8696,1304,0.1304,0.19513834054181953
7606,8803,1197,0.1197,0.18623417290171201
7476,8738,1262,0.1262,0.18694971565927976
7572,8786,1214,0.1214,0.1902396266730581
7902,8951,1049,0.1049,0.19278542998913878
7548,8774,1226,0.1226,0.19679813549502287
7642,8821,1179,0.1179,0.19560285178124906
7484,8742,1258,0.1258,0.19203086497517433
7596,8798,1202,0.1202,0.18082124064338578
7788,8894,1106,0.1106,0.1769097410647897
7502,8751,1249,0.1249,0.1804306142281072
7720,8860,1140,0.114,0.176857518443268
7820,8910,1090,0.109,0.17171910228202378
7614,8807,1193,0.1193,0.16854899462673348
7624,8812,1188,0.1188,0.16662872010858118
7532,8766,1234,0.1234,0.16509781760399636
7590,8795,1205,0.1205,0.1607935707729077
7706,8853,1147,0.1147,0.15815822640209257
7694,8847,1153,0.1153,0.1586728302817326
7938,8969,1031,0.1031,0.15456678008739835
7750,8875,1125,0.1125,0.1518459633085884
7686,8843,1157,0.1157,0.15285395591850356
7530,8765,1235,0.1235,0.1564947029734496
7682,8841,1159,0.1159,0.15948139690706448
7756,8878,1122,0.1122,0.16581264180246472
7528,8764,1236,0.1236,0.16988776658110055
7498,8749,1251,0.1251,0.17185035468973284
7598,8799,1201,0.1201,0.16929231578294712
7430,8715,1285,0.1285,0.17591193703487515
7564,8782,1218,0.1218,0.18348967847296685
7644,8822,1178,0.1178,0.1837077535736699
7620,8810,1190,0.119,0.18429108125804322
7664,8832,1168,0.1168,0.176841657823687
7518,8759,1241,0.1241,0.16676768859051805
7558,8779,1221,0.1221,0.16423123554762284
7600,8800,1200,0.12,0.16252329431643703
7374,8687,1313,0.1313,0.17014886708702207
7518,8759,1241,0.1241,0.1764010725191445
7662,8831,1169,0.1169,0.17596460107898887
7670,8835,1165,0.1165,0.17699700373783708
7632,8816,1184,0.1184,0.1657979589904438
7704,8852,1148,0.1148,0.1526913719971522
7682,8841,1159,0.1159,0.15082436721168488
7612,8806,1194,0.1194,0.15576184177923363
7524,8762,1238,0.1238,0.1738068596200354
7722,8861,1139,0.1139,0.1831193770665718
7696,8848,1152,0.1152,0.18534451868022442
7652,8826,1174,0.1174,0.1808744091239758
7724,8862,1138,0.1138,0.1670787153433255
7578,8789,1211,0.1211,0.1633430792372326
7702,8851,1149,0.1149,0.16438875840455294
7682,8841,1159,0.1159,0.17303214051431123
7458,8729,1271,0.1271,0.1953362082084641
7794,8897,1103,0.1103,0.2013923274844756
7620,8810,1190,0.119,0.20388017700529118
7572,8786,1214,0.1214,0.19805977442581207
7756,8878,1122,0.1122,0.1866406793946284
7636,8818,1182,0.1182,0.189693911032515
7456,8728,1272,0.1272,0.1944372637371468
7532,8766,1234,0.1234,0.2000821557728232
7558,8779,1221,0.1221,0.2145387502961341
7640,8820,1180,0.118,0.20873407382282821
7740,8870,1130,0.113,0.20476653262533437
7496,8748,1252,0.1252,0.20189797074750096
7574,8787,1213,0.1213,0.19193182077811402
7654,8827,1173,0.1173,0.19753816118694376
7814,8907,1093,0.1093,0.19670264126391124
7542,8771,1229,0.1229,0.20516318196275168
7514,8757,1243,0.1243,0.2125893694610123
7604,8802,1198,0.1198,0.21196028397240724
7498,8749,1251,0.1251,0.20994019732773603
7692,8846,1154,0.1154,0.20943735437057912
7552,8776,1224,0.1224,0.2099633056129329
7510,8755,1245,0.1245,0.2135006158387534
7734,8867,1133,0.1133,0.21051778031491267
7474,8737,1263,0.1263,0.212391043279095
7738,8869,1131,0.1131,0.2040293991210987
7654,8827,1173,0.1173,0.19641536992505668
7744,8872,1128,0.1128,0.19313087073117496
7572,8786,1214,0.1214,0.19530209575896734
7566,8783,1217,0.1217,0.20136093695423105
7790,8895,1105,0.1105,0.20090285768133762
7670,8835,1165,0.1165,0.19968792477045208
7576,8788,1212,0.1212,0.20199850859935395
7710,8855,1145,0.1145,0.19727611957101618
7590,8795,1205,0.1205,0.19903911276051361
7668,8834,1166,0.1166,0.19934467081204058
7554,8777,1223,0.1223,0.2016103536310232
7632,8816,1184,0.1184,0.20755980975003913
7612,8806,1194,0.1194,0.21669297520417363
7366,8683,1317,0.1317,0.22188621546610438
7454,8727,1273,0.1273,0.22668352269604802
7636,8818,1182,0.1182,0.24079169718399643
7642,8821,1179,0.1179,0.241736341541633
7690,8845,1155,0.1155,0.24035890663548026
7598,8799,1201,0.1201,0.23883624628067932
7490,8745,1255,0.1255,0.2519951093313623
7492,8746,1254,0.1254,0.2737899685069781
7372,8686,1314,0.1314,0.28835987780416455
7642,8821,1179,0.1179,0.29629577265592305
7846,8923,1077,0.1077,0.29816851699136643
7554,8777,1223,0.1223,0.2923786531291053
7624,8812,1188,0.1188,0.29014062672064755
7806,8903,1097,0.1097,0.2907357304557232
7550,8775,1225,0.1225,0.33241510955820625
7654,8827,1173,0.1173,0.3572358622607499
7450,8725,1275,0.1275,0.3703931841408222
7720,8860,1140,0.114,0.3732635826846585
7694,8847,1153,0.1153,0.3654651964835823
7546,8773,1227,0.1227,0.3585812012613684
7500,8750,1250,0.125,0.3567888720643748
7600,8800,1200,0.12,0.35822188394086363
7826,8913,1087,0.1087,0.3657833199738896
7594,8797,1203,0.1203,0.36327969686297584
7536,8768,1232,0.1232,0.3573117052178248
7690,8845,1155,0.1155,0.3404623804188554
7572,8786,1214,0.1214,0.3050989544486627
7602,8801,1199,0.1199,0.2962164061024494
7376,8688,1312,0.1312,0.29760013481723147
7542,8771,1229,0.1229,0.2950388229228556
7634,8817,1183,0.1183,0.2859618617702317
7732,8866,1134,0.1134,0.27363864648513264
7508,8754,1246,0.1246,0.26810437062004494
7692,8846,1154,0.1154,0.2534966281040368
7732,8866,1134,0.1134,0.23283052878352156
7538,8769,1231,0.1231,0.23946297300207833
7606,8803,1197,0.1197,0.24825193930342793
7550,8775,1225,0.1225,0.2596355736901285
7614,8807,1193,0.1193,0.28447417456511576
7666,8833,1167,0.1167,0.2893430257732911
7524,8762,1238,0.1238,0.28600061342523625
7428,8714,1286,0.1286,0.27848786770123996
7468,8734,1266,0.1266,0.2523224902857798
7552,8776,1224,0.1224,0.24511951101402138
7606,8803,1197,0.1197,0.24516181481163948
7680,8840,1160,0.116,0.24742701221404131
7592,8796,1204,0.1204,0.25595978162118116
7712,8856,1144,0.1144,0.25115326506049607
7496,8748,1252,0.1252,0.2515550264612073
7804,8902,1098,0.1098,0.2465013501462723
7630,8815,1185,0.1185,0.24649022728975398
7684,8842,1158,0.1158,0.24935621922742124
7888,8944,1056,0.1056,0.25260181202027343
7550,8775,1225,0.1225,0.2615701877806978
7764,8882,1118,0.1118,0.274817961684071
7494,8747,1253,0.1253,0.28027330040002163
7430,8715,1285,0.1285,0.28424657928679725
7356,8678,1322,0.1322,0.29288333043600434
7536,8768,1232,0.1232,0.32815345532001233
7668,8834,1166,0.1166,0.33637768491629977
7514,8757,1243,0.1243,0.3503390468230605
7572,8786,1214,0.1214,0.35668888349428046
7302,8651,1349,0.1349,0.35686801397161755
7712,8856,1144,0.1144,0.3431703507664337
7714,8857,1143,0.1143,0.34297743367747974
7562,8781,1219,0.1219,0.3421288205202669
7606,8803,1197,0.1197,0.34087889191721954
7334,8667,1333,0.1333,0.3412628727700601
7594,8797,1203,0.1203,0.3437534681421245
7666,8833,1167,0.1167,0.3455853127392824
7480,8740,1260,0.126,0.35362976390149553
7730,8865,1135,0.1135,0.3474175339753145
7466,8733,1267,0.1267,0.3451748637259507
7588,8794,1206,0.1206,0.33933934114705067
7672,8836,1164,0.1164,0.3250280264017827
7406,8703,1297,0.1297,0.32418894860807146
7482,8741,1259,0.1259,0.32673565638141483
7460,8730,1270,0.127,0.32768696728376673
7732,8866,1134,0.1134,0.32812778055927877
7566,8783,1217,0.1217,0.32946446529198437
7632,8816,1184,0.1184,0.3295352463069556
7712,8856,1144,0.1144,0.33036797808363333
7510,8755,1245,0.1245,0.3397304324768127
7820,8910,1090,0.109,0.34141797540581004
7316,8658,1342,0.1342,0.35451927747301615
7702,8851,1149,0.1149,0.35313193272581056
7386,8693,1307,0.1307,0.3671953376721125
7612,8806,1194,0.1194,0.36103905274409337
7634,8817,1183,0.1183,0.3564263275025762
7510,8755,1245,0.1245,0.34937960824392505
7540,8770,1230,0.123,0.33423577063021254
7640,8820,1180,0.118,0.3305210950764175
7516,8758,1242,0.1242,0.33880014936278313
7588,8794,1206,0.1206,0.3413475633543538
7626,8813,1187,0.1187,0.35661163940653207
7662,8831,1169,0.1169,0.35590532734676333
7526,8763,1237,0.1237,0.35616619815439915
7672,8836,1164,0.1164,0.35096960327536764
7640,8820,1180,0.118,0.34377346998434216
7576,8788,1212,0.1212,0.34476701165128804
7458,8729,1271,0.1271,0.35171129243810806
7468,8734,1266,0.1266,0.35675483415782056
7510,8755,1245,0.1245,0.36925312040009095
7550,8775,1225,0.1225,0.3679344216180649
7532,8766,1234,0.1234,0.36459916108681095
7608,8804,1196,0.1196,0.35851465319240233
7650,8825,1175,0.1175,0.37448502514101567
7476,8738,1262,0.1262,0.37956984208431094
7538,8769,1231,0.1231,0.39920582895285334
7630,8815,1185,0.1185,0.4036001483336091
7552,8776,1224,0.1224,0.4198501622940563
7210,8605,1395,0.1395,0.42191318125326316
7536,8768,1232,0.1232,0.40594797363700263
7564,8782,1218,0.1218,0.39734477090311704
7758,8879,1121,0.1121,0.37330887824371023
7716,8858,1142,0.1142,0.37247289017140867
7708,8854,1146,0.1146,0.3627745730489492
7514,8757,1243,0.1243,0.3627937435015635
7692,8846,1154,0.1154,0.33667432001987474
7616,8808,1192,0.1192,0.335644242345249
7544,8772,1228,0.1228,0.3249150355694398
7582,8791,1209,0.1209,0.32156862120749136
7706,8853,1147,0.1147,0.29482770753854887
7702,8851,1149,0.1149,0.2916041209918043
7478,8739,1261,0.1261,0.2846606523817177
7644,8822,1178,0.1178,0.280951776568775
7644,8822,1178,0.1178,0.26896883371208097
7744,8872,1128,0.1128,0.2647758702371968
7700,8850,1150,0.115,0.2646537261776168
7598,8799,1201,0.1201,0.2649265745729959
7626,8813,1187,0.1187,0.27074021257893777
7672,8836,1164,0.1164,0.27201603568359567
7638,8819,1181,0.1181,0.27920948796627343
7566,8783,1217,0.1217,0.2808600132395164
7554,8777,1223,0.1223,0.28309987330599995
7474,8737,1263,0.1263,0.28419430699952164
7512,8756,1244,0.1244,0.2747513248100877
7724,8862,1138,0.1138,0.27529563360136117
7890,8945,1055,0.1055,0.2602836521919817
7640,8820,1180,0.118,0.26188174949326126
7776,8888,1112,0.1112,0.25521880284827203
7750,8875,1125,0.1125,0.2576341788871394
7370,8685,1315,0.1315,0.27953001595321425
7548,8774,1226,0.1226,0.2809032305717468
7644,8822,1178,0.1178,0.29433501149638325
7518,8759,1241,0.1241,0.2990908790029531
7494,8747,1253,0.1253,0.2842952903567784
7494,8747,1253,0.1253,0.2792058122794842
7576,8788,1212,0.1212,0.2526764252603636
7610,8805,1195,0.1195,0.2518674198435065
7480,8740,1260,0.126,0.23927266999076482
7662,8831,1169,0.1169,0.23602904661208013
7710,8855,1145,0.1145,0.23721797214150428
7624,8812,1188,0.1188,0.2398832476398675
7628,8814,1186,0.1186,0.23149894483401612
7410,8705,1295,0.1295,0.2312286163489096
7630,8815,1185,0.1185,0.22871759134192413
7562,8781,1219,0.1219,0.23220542285563425
7336,8668,1332,0.1332,0.2460123497645379
7468,8734,1266,0.1266,0.24531227193101213
7514,8757,1243,0.1243,0.2484051348414963
7578,8789,1211,0.1211,0.25000559928504634
7724,8862,1138,0.1138,0.2360366405075155
7738,8869,1131,0.1131,0.2341500726578757
7694,8847,1153,0.1153,0.23409302275114932
7726,8863,1137,0.1137,0.23593084157817307
7514,8757,1243,0.1243,0.26449062773345894
7534,8767,1233,0.1233,0.2663473559166308
7440,8720,1280,0.128,0.2699410810113935
7450,8725,1275,0.1275,0.27198341738134624
7588,8794,1206,0.1206,0.24528578577935695
7726,8863,1137,0.1137,0.24254667099015478
7592,8796,1204,0.1204,0.2336904154535383
7564,8782,1218,0.1218,0.23530477691346713
7840,8920,1080,0.108,0.25061504980549215
7568,8784,1216,0.1216,0.25468316647782924
7376,8688,1312,0.1312,0.26908626879453656
7726,8863,1137,0.1137,0.26492186014022073
7638,8819,1181,0.1181,0.252273378163384
7648,8824,1176,0.1176,0.24878949664831163
7598,8799,1201,0.1201,0.24272598143778742
7586,8793,1207,0.1207,0.24119505650660575
7742,8871,1129,0.1129,0.24835661114851215
7484,8742,1258,0.1258,0.2520996369011516
7700,8850,1150,0.115,0.2562697413216694
7724,8862,1138,0.1138,0.25379042828327736
7748,8874,1126,0.1126,0.24942555701234406
7716,8858,1142,0.1142,0.2519588878038339
7844,8922,1078,0.1078,0.2529864089712501
7616,8808,1192,0.1192,0.25317574178959723
7774,8887,1113,0.1113,0.2595503416177551
7660,8830,1170,0.117,0.2625867525383365
7560,8780,1220,0.122,0.26738392078320566
7620,8810,1190,0.119,0.26726021693422347
7606,8803,1197,0.1197,0.27048785701720046
7692,8846,1154,0.1154,0.26973534888858486
7612,8806,1194,0.1194,0.2810983499809714
7572,8786,1214,0.1214,0.2832872326252179
7560,8780,1220,0.122,0.303019895366556
7742,8871,1129,0.1129,0.29971406152917773
7424,8712,1288,0.1288,0.3146275045022776
7640,8820,1180,0.118,0.3153422049513629
7662,8831,1169,0.1169,0.3283111311561764
7624,8812,1188,0.1188,0.32877619154158233
7436,8718,1282,0.1282,0.34487249786174723
7574,8787,1213,0.1213,0.3428871081439254
7634,8817,1183,0.1183,0.3400388626758009
7520,8760,1240,0.124,0.3406483879667185
7594,8797,1203,0.1203,0.3340885218493867
7526,8763,1237,0.1237,0.3308239456142567
7520,8760,1240,0.124,0.32751610565322625
7542,8771,1229,0.1229,0.32578260013742966
7744,8872,1128,0.1128,0.31615130419456183
7718,8859,1141,0.1141,0.31399414615542626
7462,8731,1269,0.1269,0.3104434624914341
7592,8796,1204,0.1204,0.3070746869885013
7728,8864,1136,0.1136,0.3084689768515527
7444,8722,1278,0.1278,0.31325964444093407
7588,8794,1206,0.1206,0.30968030378137534
7760,8880,1120,0.112,0.3077654902550363
7718,8859,1141,0.1141,0.3028120509506203
7810,8905,1095,0.1095,0.3024758369982243
7540,8770,1230,0.123,0.32358717023128863
7678,8839,1161,0.1161,0.32318984912587334
7556,8778,1222,0.1222,0.3412865381314646
7518,8759,1241,0.1241,0.34476805592298504
7614,8807,1193,0.1193,0.3558436962184469
7622,8811,1189,0.1189,0.3532881848402708
7616,8808,1192,0.1192,0.3509865249875095
7678,8839,1161,0.1161,0.35136658788110364
7484,8742,1258,0.1258,0.37077040583763465
7698,8849,1151,0.1151,0.37020844606847386
7538,8769,1231,0.1231,0.3850537543696775
7636,8818,1182,0.1182,0.38679029201386367
7558,8779,1221,0.1221,0.3885831495568156
7592,8796,1204,0.1204,0.38661066110216524
7684,8842,1158,0.1158,0.3871754668128866
7460,8730,1270,0.127,0.3881671075740715
7450,8725,1275,0.1275,0.40764405745388577
7616,8808,1192,0.1192,0.40651882581556453
7788,8894,1106,0.1106,0.40299669099897145
7598,8799,1201,0.1201,0.4023775140933007
7460,8730,1270,0.127,0.37138602805400733
7656,8828,1172,0.1172,0.3693727381696628
7632,8816,1184,0.1184,0.3622469859585213
7786,8893,1107,0.1107,0.36164112187527886
7608,8804,1196,0.1196,0.3903122502918355
7360,8680,1320,0.132,0.39790048855902177
7658,8829,1171,0.1171,0.40142675588279964
7568,8784,1216,0.1216,0.40537946569353445
7564,8782,1218,0.1218,0.39659467063033815
7724,8862,1138,0.1138,0.3958138223357508
7776,8888,1112,0.1112,0.4017191249392927
7494,8747,1253,0.1253,0.4080841956623494
7530,8765,1235,0.1235,0.44408893687028905
7762,8881,1119,0.1119,0.4416661606344485
7624,8812,1188,0.1188,0.4489761118964835
7420,8710,1290,0.129,0.45029410414770243
7578,8789,1211,0.1211,0.4308981250377206
7546,8773,1227,0.1227,0.42595136928949506
7630,8815,1185,0.1185,0.4184735523419608
7410,8705,1295,0.1295,0.4248230943240196
7504,8752,1248,0.1248,0.41200123751467227
7494,8747,1253,0.1253,0.40647805142391297
7542,8771,1229,0.1229,0.38874156177553115
7598,8799,1201,0.1201,0.3859678406499326
7698,8849,1151,0.1151,0.3576664588354062
7630,8815,1185,0.1185,0.35674051049426997
7478,8739,1261,0.1261,0.34348037922950464
7606,8803,1197,0.1197,0.33888884764367494
7612,8806,1194,0.1194,0.3193538993407444
7726,8863,1137,0.1137,0.3144105569053208
7506,8753,1247,0.1247,0.310348277929955
7706,8853,1147,0.1147,0.30426532575048754
7502,8751,1249,0.1249,0.29681996807458344
7624,8812,1188,0.1188,0.2953975355764614
7530,8765,1235,0.1235,0.28883697486518295
7584,8792,1208,0.1208,0.2857217154064681
7558,8779,1221,0.1221,0.2833598716620356
7542,8771,1229,0.1229,0.28227445352023933
7632,8816,1184,0.1184,0.2781880502129789
7594,8797,1203,0.1203,0.2766612662446234
7742,8871,1129,0.1129,0.25518151826604973
7658,8829,1171,0.1171,0.2508049818036641
7562,8781,1219,0.1219,0.2469132599627137
7730,8865,1135,0.1135,0.245780628672156
7620,8810,1190,0.119,0.25114893506188973
7452,8726,1274,0.1274,0.25480922366000197
7480,8740,1260,0.126,0.2511847500027274
7544,8772,1228,0.1228,0.24782036341484637
7582,8791,1209,0.1209,0.23538563109296548
7694,8847,1153,0.1153,0.2339897264197254
7552,8776,1224,0.1224,0.24224797550241364
7390,8695,1305,0.1305,0.24697508975211535
7544,8772,1228,0.1228,0.26446529612821795
