log_avg_ept_score,log_avg_succ_req,log_avg_blk_req,log_avg_BP_req,log_avg_entropy
46,523,477,0.477,2.301545949220657
38,519,481,0.481,2.3015119066238405
24,512,488,0.488,2.3015348608493804
76,538,462,0.462,2.3014288268089294
42,521,479,0.479,2.3011621057987215
-14,493,507,0.507,2.3012902402877806
56,528,472,0.472,2.3012678508758544
40,520,480,0.48,2.3013024921417236
74,537,463,0.463,2.300628025174141
46,523,477,0.477,2.3010717778205874
72,536,464,0.464,2.3010858981609346
-12,494,506,0.506,2.301064525127411
76,538,462,0.462,2.3002498515844345
18,509,491,0.491,2.300198805809021
64,532,468,0.468,2.3005839369297028
66,533,467,0.467,2.30049666929245
140,570,430,0.43,2.2973153844382614
92,546,454,0.454,2.2986122493743895
102,551,449,0.449,2.299421101808548
88,544,456,0.456,2.299027323246002
44,522,478,0.478,2.28948023596406
86,543,457,0.457,2.290214301109314
76,538,462,0.462,2.2883372805118563
120,560,440,0.44,2.2875203825235366
232,616,384,0.384,2.2369523572921755
194,597,403,0.403,2.220221624493599
210,605,395,0.395,2.201171303600073
232,616,384,0.384,2.1738123476505278
506,753,247,0.247,1.6924961232114584
484,742,258,0.258,1.7657933729887008
474,737,263,0.263,1.6025008116960526
568,784,216,0.216,1.4537401955723763
700,850,150,0.15,0.8829981347322464
684,842,158,0.158,0.8521686567664146
778,889,111,0.111,0.8036595806479454
758,879,121,0.121,0.7810311567783356
736,868,132,0.132,0.7443119640946388
694,847,153,0.153,0.7349188951253891
758,879,121,0.121,0.7410250589917414
774,887,113,0.113,0.7600477713346482
722,861,139,0.139,0.6977056839862725
750,875,125,0.125,0.6641089083552361
752,876,124,0.124,0.6325807603001594
776,888,112,0.112,0.5753694205582142
756,878,122,0.122,0.49163442268176005
756,878,122,0.122,0.495176418364048
738,869,131,0.131,0.49185945226912736
746,873,127,0.127,0.4919887810908403
792,896,104,0.104,0.4526199608445168
722,861,139,0.139,0.45560276731848715
720,860,140,0.14,0.4631199939027429
772,886,114,0.114,0.44599308598041537
756,878,122,0.122,0.4729883924126625
722,861,139,0.139,0.4552675193250179
706,853,147,0.147,0.4741853518784046
752,876,124,0.124,0.47277009376883505
788,894,106,0.106,0.4214642590433359
772,886,114,0.114,0.41607883843779564
748,874,126,0.126,0.3869494440149283
778,889,111,0.111,0.38295025650411846
736,868,132,0.132,0.32143629038333893
814,907,93,0.093,0.3164338670819998
762,881,119,0.119,0.2756225120443851
752,876,124,0.124,0.26949287102371455
790,895,105,0.105,0.2236920746229589
788,894,106,0.106,0.2251683350063466
734,867,133,0.133,0.19648028869181872
746,873,127,0.127,0.21332782512158155
826,913,87,0.087,0.1938221518471837
734,867,133,0.133,0.19440353445336223
788,894,106,0.106,0.17312029534578324
776,888,112,0.112,0.18375768493115902
746,873,127,0.127,0.14088678069412708
750,875,125,0.125,0.1354189848927781
724,862,138,0.138,0.14547379035130142
816,908,92,0.092,0.13438243097718805
742,871,129,0.129,0.1487969487477094
718,859,141,0.141,0.14553444044807284
802,901,99,0.099,0.14318144206219585
788,894,106,0.106,0.15638432921096682
794,897,103,0.103,0.1183484475389123
692,846,154,0.154,0.11944375008821953
798,899,101,0.101,0.10937348121777177
796,898,102,0.102,0.11263985810428857
748,874,126,0.126,0.09744867682643235
756,878,122,0.122,0.10249868425354361
816,908,92,0.092,0.09333300076960596
752,876,124,0.124,0.09375051066093147
740,870,130,0.13,0.12199209047667682
752,876,124,0.124,0.1028032840103351
760,880,120,0.12,0.13137378520518542
772,886,114,0.114,0.11541363485530019
742,871,129,0.129,0.10852854400622891
796,898,102,0.102,0.10760602704295888
730,865,135,0.135,0.1040967771485448
722,861,139,0.139,0.10476528772339225
776,888,112,0.112,0.10111499284522142
760,880,120,0.12,0.09748624152503908
830,915,85,0.085,0.08762499169446528
820,910,90,0.09,0.08342024504719302
820,910,90,0.09,0.08569145397655666
768,884,116,0.116,0.07835586523497477
772,886,114,0.114,0.08718808312415631
804,902,98,0.098,0.08214149044221267
792,896,104,0.104,0.09273723684437572
778,889,111,0.111,0.09998383885249496
774,887,113,0.113,0.1108390955105424
802,901,99,0.099,0.09240767592564225
784,892,108,0.108,0.08370023416727781
734,867,133,0.133,0.08391407991200686
718,859,141,0.141,0.07554095833003521
772,886,114,0.114,0.07913843570982286
808,904,96,0.096,0.08666885447502136
732,866,134,0.134,0.10151965261949226
790,895,105,0.105,0.10454883880168199
716,858,142,0.142,0.1042001271136105
730,865,135,0.135,0.1056037631025538
740,870,130,0.13,0.11181968388333917
800,900,100,0.1,0.11598344140872359
738,869,131,0.131,0.10647164411097765
756,878,122,0.122,0.10890667335828766
732,866,134,0.134,0.11840091316401959
778,889,111,0.111,0.10579677883660042
784,892,108,0.108,0.11704049655944446
764,882,118,0.118,0.11958340782302543
786,893,107,0.107,0.13389305148273706
782,891,109,0.109,0.13195784423407167
816,908,92,0.092,0.12547767234221102
802,901,99,0.099,0.13693633872643113
760,880,120,0.12,0.10912583515048027
804,902,98,0.098,0.10838960458710789
778,889,111,0.111,0.11558242498338223
812,906,94,0.094,0.1100610284406316
766,883,117,0.117,0.12494144136458635
776,888,112,0.112,0.14156014308333398
744,872,128,0.128,0.14451776533946395
768,884,116,0.116,0.14098459231853486
788,894,106,0.106,0.1636510161459446
728,864,136,0.136,0.16504505787417292
702,851,149,0.149,0.1655373619608581
784,892,108,0.108,0.16013837485760452
692,846,154,0.154,0.16103029032051563
750,875,125,0.125,0.15820269215106963
804,902,98,0.098,0.18181984692066908
776,888,112,0.112,0.16389032962918282
834,917,83,0.083,0.19579779359078384
772,886,114,0.114,0.19753426649421454
744,872,128,0.128,0.2111078695654869
782,891,109,0.109,0.21071226353198289
794,897,103,0.103,0.22510411705821753
772,886,114,0.114,0.21093873512744904
792,896,104,0.104,0.21834733893722297
738,869,131,0.131,0.22600775276869536
748,874,126,0.126,0.21841896641254424
766,883,117,0.117,0.20999132552742958
734,867,133,0.133,0.22517655101045966
748,874,126,0.126,0.23451631896942854
780,890,110,0.11,0.25495178043842315
772,886,114,0.114,0.2540238943696022
756,878,122,0.122,0.22218932195752858
840,920,80,0.08,0.2223640262335539
748,874,126,0.126,0.16965134509280325
784,892,108,0.108,0.15634829296916725
736,868,132,0.132,0.149923520215787
778,889,111,0.111,0.13324825255572795
748,874,126,0.126,0.15736233049635678
780,890,110,0.11,0.16443249325454234
754,877,123,0.123,0.1830975968260318
790,895,105,0.105,0.1871930086761713
746,873,127,0.127,0.16506271476577966
762,881,119,0.119,0.1655313062146306
760,880,120,0.12,0.16161148227006197
736,868,132,0.132,0.1493417314849794
782,891,109,0.109,0.1636484203543514
784,892,108,0.108,0.16540199023857713
790,895,105,0.105,0.1713896128796041
792,896,104,0.104,0.17031654938869178
762,881,119,0.119,0.17967053684592246
714,857,143,0.143,0.18142752611142351
734,867,133,0.133,0.19733004469051957
792,896,104,0.104,0.1919972932692617
764,882,118,0.118,0.20293146765977144
736,868,132,0.132,0.19851894108206034
760,880,120,0.12,0.20818560910969972
814,907,93,0.093,0.19564570788107813
760,880,120,0.12,0.1946940984800458
776,888,112,0.112,0.19187743229418994
790,895,105,0.105,0.1715493129044771
716,858,142,0.142,0.1665987813770771
746,873,127,0.127,0.16789739525318145
814,907,93,0.093,0.15752399719506502
766,883,117,0.117,0.17792618011683226
780,890,110,0.11,0.1826666879057884
702,851,149,0.149,0.17748337783664464
760,880,120,0.12,0.19526066609472037
732,866,134,0.134,0.2195126459915191
708,854,146,0.146,0.2287815439332526
728,864,136,0.136,0.22945398595929145
752,876,124,0.124,0.24351478869467974
766,883,117,0.117,0.23782245709002017
770,885,115,0.115,0.23461187060922384
718,859,141,0.141,0.2366283344477415
764,882,118,0.118,0.24161138490587472
780,890,110,0.11,0.2127039889469743
814,907,93,0.093,0.2103598133921623
746,873,127,0.127,0.20111449873037054
776,888,112,0.112,0.19847117643803358
780,890,110,0.11,0.19325787203013897
698,849,151,0.151,0.20399980425089598
792,896,104,0.104,0.22756979014724493
726,863,137,0.137,0.2441639313995838
754,877,123,0.123,0.27856472933292387
796,898,102,0.102,0.265195340231061
776,888,112,0.112,0.2670459254384041
792,896,104,0.104,0.2746149635418551
730,865,135,0.135,0.26217011331021783
770,885,115,0.115,0.2662833371013403
798,899,101,0.101,0.29153789559006693
734,867,133,0.133,0.3135420950204134
756,878,122,0.122,0.3611471404284239
774,887,113,0.113,0.37467918056249616
732,866,134,0.134,0.4178624970018864
776,888,112,0.112,0.41141622010928425
774,887,113,0.113,0.42056564819812775
746,873,127,0.127,0.3680726137161255
772,886,114,0.114,0.3555556868761778
720,860,140,0.14,0.3247921647578478
694,847,153,0.153,0.3209643403784794
770,885,115,0.115,0.3176173228621483
736,868,132,0.132,0.3341494048088789
724,862,138,0.138,0.3451584101319313
774,887,113,0.113,0.3544832534343004
734,867,133,0.133,0.34983163338899614
786,893,107,0.107,0.34549760223925113
724,862,138,0.138,0.35271071481704713
722,861,139,0.139,0.3356224507987499
718,859,141,0.141,0.30192886719107626
796,898,102,0.102,0.2858094534724951
756,878,122,0.122,0.29388130028545856
760,880,120,0.12,0.28435710905492306
810,905,95,0.095,0.2661067606583238
828,914,86,0.086,0.24379713501036168
772,886,114,0.114,0.23360188449174166
722,861,139,0.139,0.23028778896480798
774,887,113,0.113,0.2342506259828806
734,867,133,0.133,0.23284885350614787
754,877,123,0.123,0.26138712790608404
742,871,129,0.129,0.26062088380753995
768,884,116,0.116,0.2757815806120634
716,858,142,0.142,0.2970577950924635
808,904,96,0.096,0.30628817284107207
780,890,110,0.11,0.3071742364913225
746,873,127,0.127,0.3198754638200626
812,906,94,0.094,0.3207517888695002
742,871,129,0.129,0.33584691821038726
708,854,146,0.146,0.3542338323444128
734,867,133,0.133,0.3980009576678276
776,888,112,0.112,0.42896682645380496
744,872,128,0.128,0.4225143634080887
768,884,116,0.116,0.4306951679587364
806,903,97,0.097,0.38952240447700026
732,866,134,0.134,0.354983483761549
772,886,114,0.114,0.3599146670224145
782,891,109,0.109,0.36155550721287727
742,871,129,0.129,0.3207442792505026
782,891,109,0.109,0.2918854701220989
766,883,117,0.117,0.29837899044156074
788,894,106,0.106,0.3069350445866585
776,888,112,0.112,0.2898211966007948
722,861,139,0.139,0.3150990819633007
724,862,138,0.138,0.31191042548418046
740,870,130,0.13,0.29249208168685437
742,871,129,0.129,0.3342343222796917
668,834,166,0.166,0.34647282691299913
772,886,114,0.114,0.33381931549310684
780,890,110,0.11,0.3251990986764431
746,873,127,0.127,0.3197219990938902
730,865,135,0.135,0.2714654287174344
774,887,113,0.113,0.2638197835534811
850,925,75,0.075,0.26823928087949755
702,851,149,0.149,0.26250082659721374
714,857,143,0.143,0.28840064768493173
736,868,132,0.132,0.3065129183679819
754,877,123,0.123,0.34270640039443967
738,869,131,0.131,0.3982701326459646
748,874,126,0.126,0.430022759899497
762,881,119,0.119,0.42365698158741
760,880,120,0.12,0.41495795601606367
748,874,126,0.126,0.3816106180101633
756,878,122,0.122,0.36964277459681033
778,889,111,0.111,0.36916654297709467
720,860,140,0.14,0.3636293606162071
740,870,130,0.13,0.38108239296078683
782,891,109,0.109,0.3786374853253365
742,871,129,0.129,0.3943115378245711
768,884,116,0.116,0.39066565823554994
788,894,106,0.106,0.40730806113407014
740,870,130,0.13,0.40051521417498587
722,861,139,0.139,0.4074962726384401
750,875,125,0.125,0.4257387728393078
792,896,104,0.104,0.43992285031080247
782,891,109,0.109,0.4660167304426432
724,862,138,0.138,0.4754564761817455
776,888,112,0.112,0.4698038013279438
764,882,118,0.118,0.47086457854509356
816,908,92,0.092,0.4800126696228981
778,889,111,0.111,0.46461775422655044
692,846,154,0.154,0.4412773336172104
834,917,83,0.083,0.4187963353693485
774,887,113,0.113,0.42979616087675093
760,880,120,0.12,0.4333937674760818
744,872,128,0.128,0.4656382377147675
736,868,132,0.132,0.4903234878480434
792,896,104,0.104,0.5140681294798851
800,900,100,0.1,0.5218661141395569
784,892,108,0.108,0.5385530692049797
712,856,144,0.144,0.5363095570206642
720,860,140,0.14,0.5165676485300064
770,885,115,0.115,0.5194318254888057
726,863,137,0.137,0.521485371530056
726,863,137,0.137,0.5428172884732485
748,874,126,0.126,0.5255931881964206
810,905,95,0.095,0.5661817053854465
742,871,129,0.129,0.5749019805192948
768,884,116,0.116,0.5648478498160839
752,876,124,0.124,0.5747234903126955
746,873,127,0.127,0.5682211283445359
760,880,120,0.12,0.5670862374305725
770,885,115,0.115,0.5662620347440243
694,847,153,0.153,0.5748364628255367
770,885,115,0.115,0.548972952067852
652,826,174,0.174,0.5667844805684872
758,879,121,0.121,0.555056291937828
742,871,129,0.129,0.55655048006773
724,862,138,0.138,0.5310190442502498
746,873,127,0.127,0.5090861936938018
740,870,130,0.13,0.4969924376308918
786,893,107,0.107,0.5010004146099091
718,859,141,0.141,0.49788393434882167
710,855,145,0.145,0.513124601572752
766,883,117,0.117,0.5072105749249458
828,914,86,0.086,0.5203055894970894
698,849,151,0.151,0.5490618912279606
786,893,107,0.107,0.549976243019104
808,904,96,0.096,0.5494286776781082
776,888,112,0.112,0.5437926444709301
728,864,136,0.136,0.570247498691082
730,865,135,0.135,0.5885778691321611
768,884,116,0.116,0.5944455439448356
732,866,134,0.134,0.609204721391201
710,855,145,0.145,0.6233340180460364
744,872,128,0.128,0.615679819393903
664,832,168,0.168,0.64557520455122
754,877,123,0.123,0.6033591215610504
752,876,124,0.124,0.6000368563788543
786,893,107,0.107,0.5981845451295381
708,854,146,0.146,0.5830963832139969
786,893,107,0.107,0.553744017213583
776,888,112,0.112,0.543122760206461
732,866,134,0.134,0.5397061004638671
792,896,104,0.104,0.5319768475592136
780,890,110,0.11,0.5372390251755714
798,899,101,0.101,0.5640463098585605
760,880,120,0.12,0.5897783480882645
748,874,126,0.126,0.5907823482258245
738,869,131,0.131,0.603374840438366
748,874,126,0.126,0.6220486854016781
750,875,125,0.125,0.5866325801312924
786,893,107,0.107,0.5926681676805019
738,869,131,0.131,0.5818539841175079
756,878,122,0.122,0.5650886346399784
752,876,124,0.124,0.5678453007638454
750,875,125,0.125,0.5761173299849033
736,868,132,0.132,0.6012230628877878
696,848,152,0.152,0.5909327833354473
802,901,99,0.099,0.617899674654007
758,879,121,0.121,0.6405928952097892
748,874,126,0.126,0.627751176841557
688,844,156,0.156,0.629449508279562
726,863,137,0.137,0.5868319027125836
802,901,99,0.099,0.5792915680408478
788,894,106,0.106,0.5541093509495258
752,876,124,0.124,0.5607212013602256
796,898,102,0.102,0.5013511537928135
788,894,106,0.106,0.5001518521606922
722,861,139,0.139,0.4613039889335632
772,886,114,0.114,0.45898785030841827
742,871,129,0.129,0.4156906154304743
760,880,120,0.12,0.4262793606042867
734,867,133,0.133,0.4265089717656374
728,864,136,0.136,0.4156249990314245
732,866,134,0.134,0.3913906411677599
794,897,103,0.103,0.37718548250198364
768,884,116,0.116,0.3639603698551655
768,884,116,0.116,0.35283118980377914
768,884,116,0.116,0.2940348514318466
742,871,129,0.129,0.2862519234865904
742,871,129,0.129,0.2973325298279524
740,870,130,0.13,0.2820389992296696
744,872,128,0.128,0.2977020356208086
734,867,133,0.133,0.3188079447597265
774,887,113,0.113,0.32050261153280735
720,860,140,0.14,0.33605352556239815
702,851,149,0.149,0.3600797334760428
808,904,96,0.096,0.3300749793201685
770,885,115,0.115,0.3438142087161541
790,895,105,0.105,0.3484237022725865
754,877,123,0.123,0.31899555152267156
776,888,112,0.112,0.30589770022034646
716,858,142,0.142,0.31223609371483324
690,845,155,0.155,0.3009409849382937
808,904,96,0.096,0.3380137457847595
720,860,140,0.14,0.36288585159182546
724,862,138,0.138,0.3546166692917177
742,871,129,0.129,0.37082895067334176
736,868,132,0.132,0.3620210829111165
744,872,128,0.128,0.33130852444842457
766,883,117,0.117,0.33842037269473074
764,882,118,0.118,0.33933839836827245
774,887,113,0.113,0.28026816025473816
734,867,133,0.133,0.27363294292986395
796,898,102,0.102,0.2872935952693224
734,867,133,0.133,0.2749047345221043
812,906,94,0.094,0.2508277733400464
786,893,107,0.107,0.22395933747291566
742,871,129,0.129,0.239347257129848
798,899,101,0.101,0.2216298680752516
754,877,123,0.123,0.19787495668977498
776,888,112,0.112,0.19981998659670352
754,877,123,0.123,0.20742526707798242
738,869,131,0.131,0.20587903349101544
776,888,112,0.112,0.23539793211221696
724,862,138,0.138,0.2623929324161963
776,888,112,0.112,0.24057104908674956
820,910,90,0.09,0.23494147976487875
808,904,96,0.096,0.19754130505770445
742,871,129,0.129,0.18036286255717277
758,879,121,0.121,0.18881872597336768
796,898,102,0.102,0.1751548856906593
766,883,117,0.117,0.19649735643021995
800,900,100,0.1,0.21838927893340587
750,875,125,0.125,0.20873259948194026
814,907,93,0.093,0.2235918702930212
710,855,145,0.145,0.25636906117945907
820,910,90,0.09,0.24520819981768727
796,898,102,0.102,0.23485012991726398
822,911,89,0.089,0.22510738594084978
772,886,114,0.114,0.2182996023669839
724,862,138,0.138,0.25402484101057055
690,845,155,0.155,0.24393938328325748
778,889,111,0.111,0.2511199995526113
754,877,123,0.123,0.2869710484817624
770,885,115,0.115,0.3136225124448538
760,880,120,0.12,0.3324893899857998
692,846,154,0.154,0.3563123839497566
786,893,107,0.107,0.3166283295750618
698,849,151,0.151,0.31674361116439104
740,870,130,0.13,0.32316946075018493
768,884,116,0.116,0.3139623076617718
750,875,125,0.125,0.3263896331209689
778,889,111,0.111,0.3262511695437133
752,876,124,0.124,0.34867685130238535
752,876,124,0.124,0.34038340258877725
728,864,136,0.136,0.37761803562939167
748,874,126,0.126,0.4048141236752272
762,881,119,0.119,0.4329792341887951
726,863,137,0.137,0.4382749602496624
784,892,108,0.108,0.4601830105185509
738,869,131,0.131,0.4511557642482803
746,873,127,0.127,0.440739640802145
746,873,127,0.127,0.4449511366190625
778,889,111,0.111,0.42092061437666417
750,875,125,0.125,0.431888307005167
758,879,121,0.121,0.4145653657624498
822,911,89,0.089,0.40253407061100005
766,883,117,0.117,0.40805366246402264
806,903,97,0.097,0.40071532018482686
792,896,104,0.104,0.40605166821181776
734,867,133,0.133,0.40988247595727445
746,873,127,0.127,0.3656445057839155
762,881,119,0.119,0.3427949244529009
762,881,119,0.119,0.3439456079950178
738,869,131,0.131,0.3382826541067255
748,874,126,0.126,0.27722363732010125
790,895,105,0.105,0.2713717676028609
758,879,121,0.121,0.2494390360414982
764,882,118,0.118,0.27242104238271714
704,852,148,0.148,0.24967809723317624
742,871,129,0.129,0.26808069318532946
778,889,111,0.111,0.2761110669821501
726,863,137,0.137,0.28686832866072653
768,884,116,0.116,0.2853490814329125
780,890,110,0.11,0.27917207856476306
760,880,120,0.12,0.28520496786385774
752,876,124,0.124,0.28795850864052774
778,889,111,0.111,0.2618450032142573
762,881,119,0.119,0.24927966337651014
734,867,133,0.133,0.2538963767588139
782,891,109,0.109,0.2506141418777406
782,891,109,0.109,0.27598764511942864
770,885,115,0.115,0.29789005376398564
776,888,112,0.112,0.3419279121081345
752,876,124,0.124,0.34940310779213907
746,873,127,0.127,0.36227005802094936
762,881,119,0.119,0.3733198693608865
690,845,155,0.155,0.3414437446242082
776,888,112,0.112,0.34357518863677977
770,885,115,0.115,0.3398382593393326
760,880,120,0.12,0.3304874618053436
788,894,106,0.106,0.31163145899772643
762,881,119,0.119,0.31351832787692546
776,888,112,0.112,0.3088729931712151
810,905,95,0.095,0.2879333817064762
806,903,97,0.097,0.25285708071291446
772,886,114,0.114,0.25796863439679146
790,895,105,0.105,0.2862974172675749
760,880,120,0.12,0.2966922453269362
788,894,106,0.106,0.2921389307156205
740,870,130,0.13,0.29169109181314706
744,872,128,0.128,0.3139895005375147
692,846,154,0.154,0.3185993848592043
752,876,124,0.124,0.3392071215957403
780,890,110,0.11,0.31065558572113516
750,875,125,0.125,0.3021949697732925
742,871,129,0.129,0.2980089181512594
734,867,133,0.133,0.27387877832353114
758,879,121,0.121,0.2960617418587208
750,875,125,0.125,0.253573717340827
700,850,150,0.15,0.26028122478723525
708,854,146,0.146,0.24167895188927652
802,901,99,0.099,0.23087737921625376
840,920,80,0.08,0.22349548088014126
750,875,125,0.125,0.24488179180026054
776,888,112,0.112,0.229258888669312
764,882,118,0.118,0.22290487154573202
716,858,142,0.142,0.24315671042352915
766,883,117,0.117,0.24521907494217157
740,870,130,0.13,0.2655394383743405
778,889,111,0.111,0.28374897900945506
738,869,131,0.131,0.32444877916574477
764,882,118,0.118,0.32489144483208654
774,887,113,0.113,0.3483028848171234
696,848,152,0.152,0.3562634033113718
758,879,121,0.121,0.3527024766355753
794,897,103,0.103,0.3534301036894321
718,859,141,0.141,0.35929448384046553
774,887,113,0.113,0.3428921026140451
746,873,127,0.127,0.3653567790091038
822,911,89,0.089,0.35627639639377595
764,882,118,0.118,0.3760334924757481
750,875,125,0.125,0.3854417646974325
706,853,147,0.147,0.4037238684631884
792,896,104,0.104,0.3921213428974152
796,898,102,0.102,0.3958140857219696
758,879,121,0.121,0.39936499391496183
802,901,99,0.099,0.3886719933897257
782,891,109,0.109,0.36597023357450964
794,897,103,0.103,0.3743235841356218
738,869,131,0.131,0.3676602305322886
772,886,114,0.114,0.37805007107555866
766,883,117,0.117,0.36725094985961915
730,865,135,0.135,0.36873316431045533
714,857,143,0.143,0.3776642995625734
808,904,96,0.096,0.36796939887106417
750,875,125,0.125,0.35758405065536497
770,885,115,0.115,0.3162706220448017
716,858,142,0.142,0.33977839182317254
780,890,110,0.11,0.31121424899622796
810,905,95,0.095,0.30687440870702265
766,883,117,0.117,0.32572744917869567
734,867,133,0.133,0.31670625606179237
728,864,136,0.136,0.32075894391536713
794,897,103,0.103,0.31125731371343135
838,919,81,0.081,0.2925266904234886
784,892,108,0.108,0.28600637263059614
798,899,101,0.101,0.28341326824203134
784,892,108,0.108,0.28260732303835356
746,873,127,0.127,0.2810595488846302
790,895,105,0.105,0.27118926498293877
772,886,114,0.114,0.28197083804011347
684,842,158,0.158,0.3054280548244715
706,853,147,0.147,0.2937197136282921
772,886,114,0.114,0.29967633727192877
768,884,116,0.116,0.3096854304075241
774,887,113,0.113,0.29936471973359585
834,917,83,0.083,0.2793938363045454
752,876,124,0.124,0.2990808698534966
764,882,118,0.118,0.29270251470804215
746,873,127,0.127,0.30009717428684235
786,893,107,0.107,0.29846300776302814
788,894,106,0.106,0.30349402721226215
798,899,101,0.101,0.29598919389396905
726,863,137,0.137,0.2965820010006428
728,864,136,0.136,0.28432095190882684
736,868,132,0.132,0.2851680589616299
782,891,109,0.109,0.271196339815855
686,843,157,0.157,0.30200568910688164
730,865,135,0.135,0.30624103689193727
774,887,113,0.113,0.32529608546197414
764,882,118,0.118,0.3316255191862583
806,903,97,0.097,0.3356623110026121
752,876,124,0.124,0.3416388349682093
766,883,117,0.117,0.3162416501939297
748,874,126,0.126,0.30510789560145635
744,872,128,0.128,0.30247644167393445
784,892,108,0.108,0.3159386919364333
722,861,139,0.139,0.43214157392829655
784,892,108,0.108,0.4119298915416002
714,857,143,0.143,0.4544432348310947
706,853,147,0.147,0.45777418053150176
802,901,99,0.099,0.45292877725325525
824,912,88,0.088,0.4570413465499878
816,908,92,0.092,0.45359702774882316
754,877,123,0.123,0.447780571192503
728,864,136,0.136,0.47063739851117137
780,890,110,0.11,0.47966456389427187
720,860,140,0.14,0.4972451677620411
736,868,132,0.132,0.5184761665463448
732,866,134,0.134,0.5497663583457469
722,861,139,0.139,0.553563382446766
736,868,132,0.132,0.5468484888672829
812,906,94,0.094,0.5410754358768464
754,877,123,0.123,0.501175925835967
666,833,167,0.167,0.5041698227524758
798,899,101,0.101,0.48840008726716044
746,873,127,0.127,0.48245919021964073
704,852,148,0.148,0.4558966992497444
744,872,128,0.128,0.4633318165242672
760,880,120,0.12,0.4500194276571274
714,857,143,0.143,0.46132006123661995
758,879,121,0.121,0.39226305347681045
808,904,96,0.096,0.38322901927074415
728,864,136,0.136,0.365824915215373
846,923,77,0.077,0.35668497759103773
764,882,118,0.118,0.30788563741743563
784,892,108,0.108,0.3009171828983526
748,874,126,0.126,0.2917196700721979
644,822,178,0.178,0.31604062432050706
730,865,135,0.135,0.31102674500644206
764,882,118,0.118,0.31998623634874823
786,893,107,0.107,0.28538660652935505
800,900,100,0.1,0.2869694868326187
730,865,135,0.135,0.27808555476367475
680,840,160,0.16,0.2672475648969412
726,863,137,0.137,0.2660852542892098
668,834,166,0.166,0.2843215464502573
794,897,103,0.103,0.26182857286930084
722,861,139,0.139,0.3123819011747837
780,890,110,0.11,0.2839759011566639
720,860,140,0.14,0.28752186879515645
824,912,88,0.088,0.2545759071484208
778,889,111,0.111,0.2703180053830147
792,896,104,0.104,0.24003415347635745
738,869,131,0.131,0.24029729831218719
752,876,124,0.124,0.2265015691369772
746,873,127,0.127,0.22858850521594287
792,896,104,0.104,0.2354627735540271
754,877,123,0.123,0.25033509711921215
746,873,127,0.127,0.24940623557567596
778,889,111,0.111,0.25151699139177797
764,882,118,0.118,0.2501164380640257
766,883,117,0.117,0.2296206570789218
748,874,126,0.126,0.22209604479372502
778,889,111,0.111,0.234821435913567
762,881,119,0.119,0.21380147706717254
736,868,132,0.132,0.22943376902490853
698,849,151,0.151,0.23076587445767838
750,875,125,0.125,0.22354100655438378
754,877,123,0.123,0.2221853895559907
780,890,110,0.11,0.21353251902014017
746,873,127,0.127,0.20904649305343628
722,861,139,0.139,0.2199161012917757
750,875,125,0.125,0.2148808577005152
738,869,131,0.131,0.21659447117871605
718,859,141,0.141,0.18684387926757334
792,896,104,0.104,0.1744365000426769
742,871,129,0.129,0.17547720382362605
756,878,122,0.122,0.17221922055631875
746,873,127,0.127,0.19440522553026676
782,891,109,0.109,0.20896344351023435
692,846,154,0.154,0.21247620625048877
754,877,123,0.123,0.21316962599754333
740,870,130,0.13,0.23125698113441467
770,885,115,0.115,0.24474558334797622
762,881,119,0.119,0.2400541026890278
774,887,113,0.113,0.23446848655765481
722,861,139,0.139,0.20136738154292105
732,866,134,0.134,0.19369147306680679
762,881,119,0.119,0.1877796511501266
826,913,87,0.087,0.1844859218671918
750,875,125,0.125,0.21768960884958505
768,884,116,0.116,0.22265742136538028
812,906,94,0.094,0.19557731252908706
714,857,143,0.143,0.21093652012036182
712,856,144,0.144,0.19000826176346458
828,914,86,0.086,0.1676054577305913
784,892,108,0.108,0.1748150389418006
792,896,104,0.104,0.1706921694651246
734,867,133,0.133,0.16891827619009883
774,887,113,0.113,0.15312365847080947
668,834,166,0.166,0.16379091876745225
836,918,82,0.082,0.15704603519291002
754,877,123,0.123,0.18677285658568143
750,875,125,0.125,0.19551509554684163
774,887,113,0.113,0.18419175904244184
796,898,102,0.102,0.18547298270463944
758,879,121,0.121,0.16014844302088022
724,862,138,0.138,0.17151457722485067
788,894,106,0.106,0.1664182776249945
710,855,145,0.145,0.18201685424894096
800,900,100,0.1,0.19827672285959125
746,873,127,0.127,0.1974972477927804
778,889,111,0.111,0.19597996824979783
756,878,122,0.122,0.1896602048203349
794,897,103,0.103,0.18062077605724336
798,899,101,0.101,0.17164177161455155
764,882,118,0.118,0.17293175112456083
722,861,139,0.139,0.19068344224989414
712,856,144,0.144,0.20905055288225413
744,872,128,0.128,0.19864199679344893
724,862,138,0.138,0.2184054286852479
810,905,95,0.095,0.18009557132422924
770,885,115,0.115,0.1593268435820937
766,883,117,0.117,0.15473669272102417
788,894,106,0.106,0.15881647027283907
798,899,101,0.101,0.1246526509784162
732,866,134,0.134,0.14385459001734852
736,868,132,0.132,0.13561890559643508
688,844,156,0.156,0.15103071197867393
766,883,117,0.117,0.14044499046355485
778,889,111,0.111,0.11410534119978546
766,883,117,0.117,0.11508937265910209
808,904,96,0.096,0.1076310071721673
724,862,138,0.138,0.09211254482716322
782,891,109,0.109,0.0723605604316108
782,891,109,0.109,0.07389141171239316
710,855,145,0.145,0.08632716314308345
726,863,137,0.137,0.07745471225492656
776,888,112,0.112,0.0836987245939672
716,858,142,0.142,0.08826718783378601
830,915,85,0.085,0.07535882889851928
786,893,107,0.107,0.07248473618552088
734,867,133,0.133,0.06957870695367456
840,920,80,0.08,0.06356935236603022
726,863,137,0.137,0.06673143905587495
826,913,87,0.087,0.05728876700811088
786,893,107,0.107,0.07178256166633218
784,892,108,0.108,0.07307293436117471
708,854,146,0.146,0.0792206701564137
808,904,96,0.096,0.0736596125047654
750,875,125,0.125,0.08002669581025838
784,892,108,0.108,0.07586992653086781
782,891,109,0.109,0.07947156001999975
804,902,98,0.098,0.06967447352683469
766,883,117,0.117,0.07389342287555337
766,883,117,0.117,0.08499934308044613
770,885,115,0.115,0.08486810552887619
788,894,106,0.106,0.07552399106696248
712,856,144,0.144,0.0854989806022495
786,893,107,0.107,0.08107896654866636
772,886,114,0.114,0.07676138354651629
774,887,113,0.113,0.0749398776832968
774,887,113,0.113,0.07552064778842033
772,886,114,0.114,0.08299042443744838
782,891,109,0.109,0.07843829557113349
796,898,102,0.102,0.07762723333761096
756,878,122,0.122,0.0822487978041172
772,886,114,0.114,0.08548050449602305
790,895,105,0.105,0.08063166989572346
796,898,102,0.102,0.06930286519788206
708,854,146,0.146,0.08516742178983987
780,890,110,0.11,0.09723678991943598
794,897,103,0.103,0.0865759435147047
736,868,132,0.132,0.09795192838087678
732,866,134,0.134,0.11050171744078398
756,878,122,0.122,0.09049820324219764
762,881,119,0.119,0.0925564791969955
788,894,106,0.106,0.08636966842971742
800,900,100,0.1,0.07734129777550697
772,886,114,0.114,0.06996535468101502
788,894,106,0.106,0.07186846496723592
810,905,95,0.095,0.06887847811914981
784,892,108,0.108,0.08613581575639546
776,888,112,0.112,0.08660202259011567
786,893,107,0.107,0.0867510246373713
756,878,122,0.122,0.08932919231429697
780,890,110,0.11,0.07929000154975802
766,883,117,0.117,0.08280584419518709
752,876,124,0.124,0.08071622124873101
766,883,117,0.117,0.08026006086822599
778,889,111,0.111,0.07398992211607401
804,902,98,0.098,0.07004706325690495
792,896,104,0.104,0.07232893609441816
802,901,99,0.099,0.06726441270671785
774,887,113,0.113,0.06102824123576284
760,880,120,0.12,0.0727210389431566
752,876,124,0.124,0.06620226582884789
818,909,91,0.091,0.06070533287897706
808,904,96,0.096,0.06309818517789245
748,874,126,0.126,0.07839617377519607
816,908,92,0.092,0.06664648664556444
784,892,108,0.108,0.06950147452577948
688,844,156,0.156,0.0708948000986129
706,853,147,0.147,0.06918761498853564
836,918,82,0.082,0.0679142772499472
722,861,139,0.139,0.08562883045896888
754,877,123,0.123,0.09033749958127738
780,890,110,0.11,0.0877910687904805
802,901,99,0.099,0.07289120704308152
774,887,113,0.113,0.07182252965494991
762,881,119,0.119,0.06538277679721363
744,872,128,0.128,0.06733865859918296
766,883,117,0.117,0.05763489857874811
790,895,105,0.105,0.07056760394386948
734,867,133,0.133,0.07007838462665678
770,885,115,0.115,0.067412711026147
828,914,86,0.086,0.06135703104361892
740,870,130,0.13,0.06435976734571158
738,869,131,0.131,0.06163996117562055
798,899,101,0.101,0.060009409350343046
800,900,100,0.1,0.06371838481351733
818,909,91,0.091,0.05979993345914408
804,902,98,0.098,0.058966191873885694
764,882,118,0.118,0.05811251489073038
772,886,114,0.114,0.060630902068689464
766,883,117,0.117,0.05730375568382442
770,885,115,0.115,0.0633856322709471
748,874,126,0.126,0.06816918266750872
750,875,125,0.125,0.06907869636267423
806,903,97,0.097,0.07026078307069838
736,868,132,0.132,0.06665490887314081
768,884,116,0.116,0.05909690439794212
674,837,163,0.163,0.06510796236246824
750,875,125,0.125,0.07462400096468627
744,872,128,0.128,0.08231544994935393
798,899,101,0.101,0.07589000415615738
738,869,131,0.131,0.07901952481269836
778,889,111,0.111,0.0726606630012393
756,878,122,0.122,0.07285946557112039
692,846,154,0.154,0.07627823709324003
728,864,136,0.136,0.073075963081792
738,869,131,0.131,0.06672321146167814
738,869,131,0.131,0.08053533314168453
782,891,109,0.109,0.08143744734488427
716,858,142,0.142,0.09139186498895288
774,887,113,0.113,0.07660815578140319
746,873,127,0.127,0.0811402291059494
746,873,127,0.127,0.08218192294985056
800,900,100,0.1,0.06854712664987891
762,881,119,0.119,0.07304633231833577
690,845,155,0.155,0.07766931726969778
732,866,134,0.134,0.07190621681511403
792,896,104,0.104,0.07207872251421213
788,894,106,0.106,0.06926950642466545
786,893,107,0.107,0.07273542386107147
798,899,101,0.101,0.06806517403759062
750,875,125,0.125,0.060831842330095115
734,867,133,0.133,0.061611883777193725
762,881,119,0.119,0.06582134669646621
848,924,76,0.076,0.054371781929396096
810,905,95,0.095,0.07084745122678578
760,880,120,0.12,0.06678412925172597
816,908,92,0.092,0.06135194722563028
720,860,140,0.14,0.07039175517857074
746,873,127,0.127,0.0742292053066194
810,905,95,0.095,0.06982653075829148
790,895,105,0.105,0.07089979069679976
776,888,112,0.112,0.06962941617891193
806,903,97,0.097,0.06137144627608359
728,864,136,0.136,0.06445694713480771
780,890,110,0.11,0.06341340208053589
750,875,125,0.125,0.06803597351536154
804,902,98,0.098,0.07375906020402909
764,882,118,0.118,0.07656474552117289
764,882,118,0.118,0.07474793181940913
790,895,105,0.105,0.0779906297493726
788,894,106,0.106,0.07290320111252367
800,900,100,0.1,0.06321153949201107
712,856,144,0.144,0.06601930790301412
766,883,117,0.117,0.0710509790033102
744,872,128,0.128,0.07996014959551394
680,840,160,0.16,0.0806784975901246
730,865,135,0.135,0.08275572819076478
742,871,129,0.129,0.09945301624573767
762,881,119,0.119,0.08592395719699561
726,863,137,0.137,0.0850952839460224
776,888,112,0.112,0.07138736496120691
726,863,137,0.137,0.07992938403598965
708,854,146,0.146,0.07702169013209641
778,889,111,0.111,0.07623890947550535
732,866,134,0.134,0.08257182400673628
740,870,130,0.13,0.08458804329670966
684,842,158,0.158,0.08720762092620134
830,915,85,0.085,0.06565512061305344
794,897,103,0.103,0.06989349913038313
726,863,137,0.137,0.06261394161731004
742,871,129,0.129,0.06010481460951269
810,905,95,0.095,0.05480669330060482
766,883,117,0.117,0.06125421102717519
818,909,91,0.091,0.05466888196673244
730,865,135,0.135,0.05638165760692209
744,872,128,0.128,0.05698863290809095
786,893,107,0.107,0.054776741082780064
796,898,102,0.102,0.05293388340249658
724,862,138,0.138,0.05873894201777875
810,905,95,0.095,0.04934249802678824
794,897,103,0.103,0.04938706889562309
728,864,136,0.136,0.05195579223521054
782,891,109,0.109,0.04176776336785406
736,868,132,0.132,0.046868685666006056
808,904,96,0.096,0.05066110894270241
710,855,145,0.145,0.06535814486071467
742,871,129,0.129,0.05728657520003617
778,889,111,0.111,0.06079116168711334
790,895,105,0.105,0.05183933841669932
754,877,123,0.123,0.05522805158980191
792,896,104,0.104,0.04308804962132126
714,857,143,0.143,0.048436277339234945
736,868,132,0.132,0.04880662999488413
800,900,100,0.1,0.04300726210605353
812,906,94,0.094,0.05583274932950735
752,876,124,0.124,0.0633260929621756
688,844,156,0.156,0.07677492946386337
790,895,105,0.105,0.07095353796705603
742,871,129,0.129,0.06638186432421207
724,862,138,0.138,0.06185353012382984
752,876,124,0.124,0.05349485366418958
788,894,106,0.106,0.05227874596882612
802,901,99,0.099,0.04938379230909049
802,901,99,0.099,0.05492596861626953
770,885,115,0.115,0.05197486965637654
728,864,136,0.136,0.05402427232638001
802,901,99,0.099,0.05271510261949152
768,884,116,0.116,0.05853825746662915
762,881,119,0.119,0.06406928863748908
734,867,133,0.133,0.08587410984747111
682,841,159,0.159,0.08111534503661096
806,903,97,0.097,0.08512846490927041
776,888,112,0.112,0.09143224001303316
776,888,112,0.112,0.07956399233825505
748,874,126,0.126,0.07903656233847141
700,850,150,0.15,0.07827778308279812
706,853,147,0.147,0.08403557870909571
780,890,110,0.11,0.0876778295263648
738,869,131,0.131,0.1012217205837369
768,884,116,0.116,0.10173526383191347
748,874,126,0.126,0.10242521230690181
738,869,131,0.131,0.11021837205067277
742,871,129,0.129,0.08331024137325585
772,886,114,0.114,0.07611570709571243
728,864,136,0.136,0.06573851871304214
794,897,103,0.103,0.06784041701443494
740,870,130,0.13,0.07715581869706511
798,899,101,0.101,0.08022585997544229
776,888,112,0.112,0.08376046667061746
766,883,117,0.117,0.07920082527026534
742,871,129,0.129,0.0724772678297013
778,889,111,0.111,0.06904555151797831
732,866,134,0.134,0.07928523338841509
710,855,145,0.145,0.07549214734323323
750,875,125,0.125,0.08557294112816453
752,876,124,0.124,0.08557246704027056
738,869,131,0.131,0.0852991251713413
788,894,106,0.106,0.08755365062877536
730,865,135,0.135,0.09802578490227461
744,872,128,0.128,0.09267056551203132
742,871,129,0.129,0.08062593059428036
750,875,125,0.125,0.08196031560376286
686,843,157,0.157,0.08648720726184547
796,898,102,0.102,0.07490769684128464
792,896,104,0.104,0.08719084267131984
734,867,133,0.133,0.08695425230264664
708,854,146,0.146,0.08395471134083346
838,919,81,0.081,0.08041395472735166
716,858,142,0.142,0.07756888117454946
744,872,128,0.128,0.07791202674806118
720,860,140,0.14,0.0764506121147424
782,891,109,0.109,0.06594597798213363
744,872,128,0.128,0.07457633535377681
764,882,118,0.118,0.0753115238957107
724,862,138,0.138,0.08276558724418283
750,875,125,0.125,0.06901331035234035
754,877,123,0.123,0.07184064726438373
726,863,137,0.137,0.06815811727568508
800,900,100,0.1,0.06132385094277561
824,912,88,0.088,0.06023507411964238
792,896,104,0.104,0.052605974421836434
754,877,123,0.123,0.05473896586708724
734,867,133,0.133,0.045987211140454745
758,879,121,0.121,0.04993340136390179
770,885,115,0.115,0.0631453481372446
724,862,138,0.138,0.0644841371588409
770,885,115,0.115,0.07156884881108999
804,902,98,0.098,0.07190039234608411
778,889,111,0.111,0.07008195214252919
772,886,114,0.114,0.058457796729169786
778,889,111,0.111,0.05025905580865219
804,902,98,0.098,0.04248765927180648
740,870,130,0.13,0.04336918393988162
748,874,126,0.126,0.04997820694092661
730,865,135,0.135,0.06539613908715546
760,880,120,0.12,0.06811482817679644
762,881,119,0.119,0.07298748998530209
824,912,88,0.088,0.07023408154211938
782,891,109,0.109,0.0725964396642521
734,867,133,0.133,0.07286523318663239
786,893,107,0.107,0.05058371619228274
766,883,117,0.117,0.04361406567692756
760,880,120,0.12,0.04480410419777036
760,880,120,0.12,0.043836718439124525
758,879,121,0.121,0.0544925796398893
750,875,125,0.125,0.05425508078746498
722,861,139,0.139,0.05813339532725513
854,927,73,0.073,0.05393758984468877
794,897,103,0.103,0.05019142916891724
796,898,102,0.102,0.046725999457761645
742,871,129,0.129,0.04960642402619123
786,893,107,0.107,0.03979101209808141
730,865,135,0.135,0.05675481496099383
774,887,113,0.113,0.06430340708233416
730,865,135,0.135,0.07420956588443368
810,905,95,0.095,0.08213611271977425
748,874,126,0.126,0.07899719990044832
744,872,128,0.128,0.07393744878657162
726,863,137,0.137,0.06923723706614691
708,854,146,0.146,0.07014103733518277
776,888,112,0.112,0.06883752161078155
782,891,109,0.109,0.0713310022391379
774,887,113,0.113,0.07200209082476795
750,875,125,0.125,0.07919571742787958
798,899,101,0.101,0.06645266021601856
732,866,134,0.134,0.07680790765210986
708,854,146,0.146,0.07975524548441172
772,886,114,0.114,0.08042870124056935
758,879,121,0.121,0.07793320698663592
782,891,109,0.109,0.07539230972225777
756,878,122,0.122,0.06922597641870379
736,868,132,0.132,0.07019795951992273
846,923,77,0.077,0.06787502515129745
786,893,107,0.107,0.07306196349486709
786,893,107,0.107,0.07475175075232983
780,890,110,0.11,0.08048209779150783
810,905,95,0.095,0.0762058997899294
800,900,100,0.1,0.07876069480925799
800,900,100,0.1,0.0855700875595212
724,862,138,0.138,0.08558190276287496
778,889,111,0.111,0.08504052880778909
712,856,144,0.144,0.0957321567721665
742,871,129,0.129,0.10335406171903014
716,858,142,0.142,0.1061537688933313
818,909,91,0.091,0.09498240521177649
788,894,106,0.106,0.09791789535060524
774,887,113,0.113,0.09082320854067802
734,867,133,0.133,0.08776117392629385
726,863,137,0.137,0.0976743396371603
754,877,123,0.123,0.09826625500619411
778,889,111,0.111,0.10162364492565393
758,879,121,0.121,0.11287721061706545
750,875,125,0.125,0.11078002241626382
782,891,109,0.109,0.10936318289861083
780,890,110,0.11,0.10576731850579381
798,899,101,0.101,0.09571095813438296
750,875,125,0.125,0.10974823452159763
742,871,129,0.129,0.11191753813624382
776,888,112,0.112,0.11321933924779295
784,892,108,0.108,0.1151373455002904
790,895,105,0.105,0.12174591249972581
726,863,137,0.137,0.1322585990324655
752,876,124,0.124,0.1282443167977035
786,893,107,0.107,0.124619949426502
742,871,129,0.129,0.13464037885144353
774,887,113,0.113,0.1368086350597441
770,885,115,0.115,0.1480640586577356
758,879,121,0.121,0.159644797578454
730,865,135,0.135,0.16338134466856719
752,876,124,0.124,0.15844592359289528
810,905,95,0.095,0.150176406159997
792,896,104,0.104,0.1479452699571848
770,885,115,0.115,0.1557852844200097
768,884,116,0.116,0.14725537559762597
724,862,138,0.138,0.1555649460107088
780,890,110,0.11,0.15437409668415786
834,917,83,0.083,0.14915918624401092
754,877,123,0.123,0.15844937426969408
766,883,117,0.117,0.1385850544795394
748,874,126,0.126,0.14406274980306624
730,865,135,0.135,0.13644015372171997
762,881,119,0.119,0.141890290889889
782,891,109,0.109,0.13784468052908777
752,876,124,0.124,0.14255444590002297
776,888,112,0.112,0.13520645093917846
782,891,109,0.109,0.13467542235925795
790,895,105,0.105,0.12955676202103494
790,895,105,0.105,0.1268491206727922
748,874,126,0.126,0.12395011084526777
780,890,110,0.11,0.12385676096566021
752,876,124,0.124,0.13568534559756518
764,882,118,0.118,0.1354081216622144
756,878,122,0.122,0.14589169711247085
790,895,105,0.105,0.13584694083407522
724,862,138,0.138,0.15358239608258026
788,894,106,0.106,0.14131707379085873
706,853,147,0.147,0.15224657629430294
764,882,118,0.118,0.14226913790404797
790,895,105,0.105,0.12636394718661903
776,888,112,0.112,0.13513110600411893
778,889,111,0.111,0.13985838233307005
734,867,133,0.133,0.11648732983320952
800,900,100,0.1,0.11659506850317121
786,893,107,0.107,0.11038694220036269
776,888,112,0.112,0.1034344895593822
796,898,102,0.102,0.105843621019274
770,885,115,0.115,0.1015056108161807
772,886,114,0.114,0.11271921934395607
726,863,137,0.137,0.10776390273993003
738,869,131,0.131,0.12214904348727984
734,867,133,0.133,0.11397203288599848
770,885,115,0.115,0.10838948456943034
750,875,125,0.125,0.11238051130995154
754,877,123,0.123,0.10627613475546241
760,880,120,0.12,0.1050802408978343
754,877,123,0.123,0.09123788905143738
772,886,114,0.114,0.09624020435661078
778,889,111,0.111,0.08987857668846845
826,913,87,0.087,0.08429524635337293
712,856,144,0.144,0.09505479918792843
762,881,119,0.119,0.08802218165434897
810,905,95,0.095,0.08714797183685005
812,906,94,0.094,0.09025802988931536
780,890,110,0.11,0.09356845835223794
738,869,131,0.131,0.0989059737958014
776,888,112,0.112,0.09166610124707222
722,861,139,0.139,0.09936374143697321
772,886,114,0.114,0.1076606636941433
762,881,119,0.119,0.11325658797472715
812,906,94,0.094,0.09370092634484171
812,906,94,0.094,0.10338873184099794
824,912,88,0.088,0.08685690999589861
808,904,96,0.096,0.08116018709354103
730,865,135,0.135,0.08205753462016582
764,882,118,0.118,0.08605979754589498
768,884,116,0.116,0.08824235628917813
802,901,99,0.099,0.08884522489458323
758,879,121,0.121,0.11655300829559564
756,878,122,0.122,0.10703449646383524
742,871,129,0.129,0.13204732561856508
760,880,120,0.12,0.1226929297670722
762,881,119,0.119,0.11441043968498707
712,856,144,0.144,0.12717146115377545
828,914,86,0.086,0.09854552054405212
724,862,138,0.138,0.1040964904166758
842,921,79,0.079,0.08432717363536357
676,838,162,0.162,0.10435746456310153
768,884,116,0.116,0.1053585817180574
708,854,146,0.146,0.11066343976557255
738,869,131,0.131,0.11533501316324692
794,897,103,0.103,0.10472783076390624
772,886,114,0.114,0.09806744968146086
782,891,109,0.109,0.09091567427292466
790,895,105,0.105,0.07798671742156148
738,869,131,0.131,0.07926308757811784
736,868,132,0.132,0.08011403026990592
742,871,129,0.129,0.08066226770728827
778,889,111,0.111,0.08534358727186918
732,866,134,0.134,0.09258660163171589
684,842,158,0.158,0.09339113277196884
734,867,133,0.133,0.08682600498199462
834,917,83,0.083,0.07117547104880213
808,904,96,0.096,0.06554700078070164
800,900,100,0.1,0.06665486616641284
730,865,135,0.135,0.06492003106884658
776,888,112,0.112,0.05838172908872366
760,880,120,0.12,0.07694510731846094
794,897,103,0.103,0.0706978635173291
808,904,96,0.096,0.07086530417017639
750,875,125,0.125,0.07814406565763056
774,887,113,0.113,0.06468813255056739
790,895,105,0.105,0.05579031591963704
778,889,111,0.111,0.05735227778274566
786,893,107,0.107,0.053200020202435555
768,884,116,0.116,0.06101809694711119
778,889,111,0.111,0.05840037431940436
806,903,97,0.097,0.0597621909044683
794,897,103,0.103,0.06384585651569069
850,925,75,0.075,0.05047318649542285
788,894,106,0.106,0.05175498817302287
798,899,101,0.101,0.049346554059535266
768,884,116,0.116,0.051838798388838765
778,889,111,0.111,0.05512068134173751
746,873,127,0.127,0.06769733510911465
726,863,137,0.137,0.08079334532283247
760,880,120,0.12,0.07985535746440292
812,906,94,0.094,0.07509827984124422
750,875,125,0.125,0.07973440548218787
740,870,130,0.13,0.07342214155383409
824,912,88,0.088,0.06497167592868208
742,871,129,0.129,0.060844091283157466
820,910,90,0.09,0.05644893947988749
790,895,105,0.105,0.05788465941697359
782,891,109,0.109,0.05409191784821451
726,863,137,0.137,0.0607568843793124
814,907,93,0.093,0.053221779907122256
788,894,106,0.106,0.05838921398669481
730,865,135,0.135,0.0633257542066276
790,895,105,0.105,0.060146245514973995
826,913,87,0.087,0.05883345882594585
784,892,108,0.108,0.056067983333021404
750,875,125,0.125,0.055809507170226424
724,862,138,0.138,0.07019238379597664
760,880,120,0.12,0.06485513063333928
814,907,93,0.093,0.06794987881928682
796,898,102,0.102,0.08038706978969276
724,862,138,0.138,0.09759208964556455
758,879,121,0.121,0.09820625010691583
764,882,118,0.118,0.09886191633716225
770,885,115,0.115,0.09453649481758475
790,895,105,0.105,0.08150704750046134
788,894,106,0.106,0.08306434653885662
798,899,101,0.101,0.06794548861309886
730,865,135,0.135,0.07390654121339321
752,876,124,0.124,0.07380684705078602
782,891,109,0.109,0.07886216036230326
836,918,82,0.082,0.08109603709541262
754,877,123,0.123,0.10421155249513686
776,888,112,0.112,0.11535949988663197
752,876,124,0.124,0.11320354367792607
784,892,108,0.108,0.11630513913184404
774,887,113,0.113,0.10655435733869671
702,851,149,0.149,0.10291747604310512
760,880,120,0.12,0.0913038425669074
762,881,119,0.119,0.09654779784753918
738,869,131,0.131,0.10311237831017933
726,863,137,0.137,0.12579425848647952
824,912,88,0.088,0.11602983647584915
642,821,179,0.179,0.15651308926194907
768,884,116,0.116,0.1333150605559349
740,870,130,0.13,0.12437035853043199
776,888,112,0.112,0.1056411497592926
782,891,109,0.109,0.10068768391758204
798,899,101,0.101,0.08783391839079559
788,894,106,0.106,0.08027915884740651
794,897,103,0.103,0.07492275072447956
754,877,123,0.123,0.08167014604620636
790,895,105,0.105,0.07402724882401526
772,886,114,0.114,0.10153691851720213
708,854,146,0.146,0.11094729525223375
774,887,113,0.113,0.10654203329049051
732,866,134,0.134,0.10982187353819609
762,881,119,0.119,0.1265789119005203
832,916,84,0.084,0.11459070612117649
778,889,111,0.111,0.12195882572606206
764,882,118,0.118,0.11505562506988645
764,882,118,0.118,0.09495524620264768
726,863,137,0.137,0.10016369389370083
712,856,144,0.144,0.10039822025224567
796,898,102,0.102,0.09996446880325675
746,873,127,0.127,0.1407232485152781
754,877,123,0.123,0.14346367447823286
756,878,122,0.122,0.146939664542675
752,876,124,0.124,0.14159956564754247
824,912,88,0.088,0.09024690118432045
790,895,105,0.105,0.09402107846736908
844,922,78,0.078,0.08420395483076572
786,893,107,0.107,0.09612255855277181
824,912,88,0.088,0.10623386187851429
734,867,133,0.133,0.11409495487064124
798,899,101,0.101,0.10913925615698099
756,878,122,0.122,0.11780619780533015
774,887,113,0.113,0.14440284121036528
738,869,131,0.131,0.1562294135093689
808,904,96,0.096,0.14448712055012583
814,907,93,0.093,0.13089139965176583
876,938,62,0.062,0.07276338111795486
764,882,118,0.118,0.08080492199212312
744,872,128,0.128,0.08121631557308137
730,865,135,0.135,0.07640532717991733
784,892,108,0.108,0.10971202336251736
764,882,118,0.118,0.11397380600869655
716,858,142,0.142,0.12560827603287764
722,861,139,0.139,0.14069425774365663
758,879,121,0.121,0.12774130842089654
736,868,132,0.132,0.13801024059578776
748,874,126,0.126,0.12288403315097093
732,866,134,0.134,0.13673298968886957
790,895,105,0.105,0.0801646509617567
790,895,105,0.105,0.08200219025462865
734,867,133,0.133,0.08282912089116871
732,866,134,0.134,0.08568992144055665
748,874,126,0.126,0.11434069755673408
746,873,127,0.127,0.13087119951844214
782,891,109,0.109,0.123995896268636
770,885,115,0.115,0.12917364865913988
756,878,122,0.122,0.11855362106487155
766,883,117,0.117,0.11370252471044659
782,891,109,0.109,0.09912209304049611
706,853,147,0.147,0.10368428507819771
770,885,115,0.115,0.09860270144045354
792,896,104,0.104,0.09858160449564457
754,877,123,0.123,0.10520198759809136
750,875,125,0.125,0.09899654519557953
770,885,115,0.115,0.1151167629659176
728,864,136,0.136,0.13248430333286523
732,866,134,0.134,0.1413701279833913
726,863,137,0.137,0.13259195890277625
758,879,121,0.121,0.14542681375145913
794,897,103,0.103,0.15527306367456914
736,868,132,0.132,0.1681449286788702
760,880,120,0.12,0.15676593692600727
748,874,126,0.126,0.155511623673141
790,895,105,0.105,0.15375404696911574
726,863,137,0.137,0.17950406704097988
768,884,116,0.116,0.1683668017089367
628,814,186,0.186,0.1965838532745838
668,834,166,0.166,0.2263880648985505
788,894,106,0.106,0.22295260270684958
774,887,113,0.113,0.21800301688164472
788,894,106,0.106,0.21360782615095378
736,868,132,0.132,0.2128235720768571
688,844,156,0.156,0.21052198074385522
788,894,106,0.106,0.18426115887612105
760,880,120,0.12,0.1860871673366055
786,893,107,0.107,0.18194839205592872
740,870,130,0.13,0.18439387852698563
798,899,101,0.101,0.17972416576743125
748,874,126,0.126,0.2034188167899847
760,880,120,0.12,0.1966875952333212
820,910,90,0.09,0.20831874252855778
750,875,125,0.125,0.21354835985600948
788,894,106,0.106,0.20956877015531064
736,868,132,0.132,0.22698036690056325
724,862,138,0.138,0.2515259856581688
790,895,105,0.105,0.25017911537736653
778,889,111,0.111,0.26861232522130013
798,899,101,0.101,0.30301221100986003
788,894,106,0.106,0.32993578600883483
750,875,125,0.125,0.3686833564192057
704,852,148,0.148,0.3859936780333519
794,897,103,0.103,0.39020452174544334
694,847,153,0.153,0.4333623421639204
788,894,106,0.106,0.4027753597199917
740,870,130,0.13,0.41171866078302266
810,905,95,0.095,0.3737683544456959
732,866,134,0.134,0.3710037969946861
736,868,132,0.132,0.34255703136324883
722,861,139,0.139,0.35196348451077936
724,862,138,0.138,0.3366626482903957
752,876,124,0.124,0.33677523536980153
722,861,139,0.139,0.3251299134939909
764,882,118,0.118,0.32081693141162393
758,879,121,0.121,0.3158229039609432
734,867,133,0.133,0.28565228146185384
778,889,111,0.111,0.2567726512849331
756,878,122,0.122,0.2522217998355627
798,899,101,0.101,0.2382188015729189
752,876,124,0.124,0.20609929571300745
830,915,85,0.085,0.18642328760027885
744,872,128,0.128,0.18764918670803307
766,883,117,0.117,0.19135700719803572
736,868,132,0.132,0.22524767982726918
832,916,84,0.084,0.1942973662465811
760,880,120,0.12,0.22388723690807819
736,868,132,0.132,0.21431414960324766
734,867,133,0.133,0.22031263303756715
760,880,120,0.12,0.22230206079035997
790,895,105,0.105,0.20526707331836225
748,874,126,0.126,0.21707615055143833
700,850,150,0.15,0.22941870135068893
728,864,136,0.136,0.21734653358906508
784,892,108,0.108,0.20933086270093917
754,877,123,0.123,0.21860362558811902
670,835,165,0.165,0.19459254769980908
790,895,105,0.105,0.17565416637435555
798,899,101,0.101,0.14428400329127908
828,914,86,0.086,0.1478335928954184
716,858,142,0.142,0.1365032085739076
770,885,115,0.115,0.12577883221954106
758,879,121,0.121,0.13031806975230575
750,875,125,0.125,0.13519170404970646
698,849,151,0.151,0.14724128722026944
698,849,151,0.151,0.14685818282142282
738,869,131,0.131,0.14467372019216418
742,871,129,0.129,0.1590207411138108
824,912,88,0.088,0.13980913942679762
800,900,100,0.1,0.13292748762667178
746,873,127,0.127,0.1457304142229259
760,880,120,0.12,0.12970010606572033
740,870,130,0.13,0.12984865851700306
812,906,94,0.094,0.12247788655385375
788,894,106,0.106,0.1224997281730175
754,877,123,0.123,0.12547778620943428
788,894,106,0.106,0.16750715439021588
752,876,124,0.124,0.179780487395823
748,874,126,0.126,0.18924583653360605
734,867,133,0.133,0.20001945861428977
818,909,91,0.091,0.18795907332003117
736,868,132,0.132,0.19999320147186517
780,890,110,0.11,0.19521572159975767
750,875,125,0.125,0.19263767368346452
754,877,123,0.123,0.2305176297351718
728,864,136,0.136,0.22264009995758532
764,882,118,0.118,0.2311602367758751
728,864,136,0.136,0.2582393289804459
778,889,111,0.111,0.26060249471664426
784,892,108,0.108,0.26236924456059935
762,881,119,0.119,0.26645500835357233
792,896,104,0.104,0.24421718069911003
814,907,93,0.093,0.19494793375581504
798,899,101,0.101,0.20066964810341598
856,928,72,0.072,0.1905966264232993
792,896,104,0.104,0.18624732652306555
790,895,105,0.105,0.25526771707087753
778,889,111,0.111,0.26237707267701627
848,924,76,0.076,0.24972957454621791
638,819,181,0.181,0.3019201695472002
726,863,137,0.137,0.30057011359930036
782,891,109,0.109,0.2820394775867462
772,886,114,0.114,0.27985093830525876
758,879,121,0.121,0.300334411367774
792,896,104,0.104,0.30534128411114214
706,853,147,0.147,0.3105290305763483
788,894,106,0.106,0.29950485983490943
736,868,132,0.132,0.3193261394351721
734,867,133,0.133,0.360737501591444
730,865,135,0.135,0.3755567951351404
716,858,142,0.142,0.39820171980559826
732,866,134,0.134,0.40846442042291164
770,885,115,0.115,0.436637067258358
780,890,110,0.11,0.4334564636051655
750,875,125,0.125,0.42677833086252215
726,863,137,0.137,0.4144625616818666
784,892,108,0.108,0.3729052036255598
780,890,110,0.11,0.36665539199113845
766,883,117,0.117,0.37426169431209566
790,895,105,0.105,0.35626057025790214
712,856,144,0.144,0.3957625598460436
760,880,120,0.12,0.4010123034417629
736,868,132,0.132,0.4054370086342096
752,876,124,0.124,0.39855237175524233
754,877,123,0.123,0.41326026371121405
748,874,126,0.126,0.38187238451838496
816,908,92,0.092,0.3705645490288734
680,840,160,0.16,0.3841605232954025
746,873,127,0.127,0.36995701265335085
762,881,119,0.119,0.4248438731133938
686,843,157,0.157,0.45549559223651886
752,876,124,0.124,0.47516225719451904
794,897,103,0.103,0.4966859587430954
690,845,155,0.155,0.5246146536767483
724,862,138,0.138,0.5111151700913906
692,846,154,0.154,0.5122305757105351
764,882,118,0.118,0.5016612816154957
724,862,138,0.138,0.561260390907526
794,897,103,0.103,0.5342437616884709
724,862,138,0.138,0.6074014362990856
708,854,146,0.146,0.639132334947586
718,859,141,0.141,0.6690253282189369
702,851,149,0.149,0.6536651476919652
752,876,124,0.124,0.6445148650109768
746,873,127,0.127,0.6068343836665153
720,860,140,0.14,0.5799140097796917
716,858,142,0.142,0.5556682993769646
702,851,149,0.149,0.5453110094368457
666,833,167,0.167,0.5726380460262298
720,860,140,0.14,0.6007871386110782
690,845,155,0.155,0.5995241044461728
776,888,112,0.112,0.609241513967514
758,879,121,0.121,0.5954879819750786
744,872,128,0.128,0.5773704844322055
704,852,148,0.148,0.5759474172890187
708,854,146,0.146,0.5122276114523411
730,865,135,0.135,0.47964217615127563
742,871,129,0.129,0.443432432860136
724,862,138,0.138,0.47130248266458513
778,889,111,0.111,0.46874647197226627
704,852,148,0.148,0.47860216235369446
730,865,135,0.135,0.4682618894726038
714,857,143,0.143,0.46661745744943617
788,894,106,0.106,0.42374722203612325
728,864,136,0.136,0.45449870720505714
736,868,132,0.132,0.46238391324877737
714,857,143,0.143,0.47318215110898015
772,886,114,0.114,0.4991775868460536
740,870,130,0.13,0.5565059528602287
716,858,142,0.142,0.6142933208346367
708,854,146,0.146,0.6110691911876202
774,887,113,0.113,0.6042475492656231
714,857,143,0.143,0.6028074586093426
758,879,121,0.121,0.5487287984490394
768,884,116,0.116,0.5594313954632744
784,892,108,0.108,0.46649741753935814
820,910,90,0.09,0.41480006201565267
754,877,123,0.123,0.41270650359988215
742,871,129,0.129,0.40273065435886385
696,848,152,0.152,0.42828935289382936
744,872,128,0.128,0.43228099510073664
774,887,113,0.113,0.4537813418507576
776,888,112,0.112,0.4235502837896347
786,893,107,0.107,0.40888165163993834
806,903,97,0.097,0.36737943916022775
734,867,133,0.133,0.367808104917407
710,855,145,0.145,0.3738115847613662
768,884,116,0.116,0.3707630568742752
778,889,111,0.111,0.386600993356853
766,883,117,0.117,0.388918573319912
754,877,123,0.123,0.4017144522368908
792,896,104,0.104,0.3607092600017786
720,860,140,0.14,0.359147826344539
786,893,107,0.107,0.34460248857736586
726,863,137,0.137,0.36302371951937673
734,867,133,0.133,0.36199335257709025
750,875,125,0.125,0.3605289485603571
772,886,114,0.114,0.332328305083327
766,883,117,0.117,0.32690331077575685
792,896,104,0.104,0.3285967920869589
796,898,102,0.102,0.3177654071599245
744,872,128,0.128,0.2646286044716835
824,912,88,0.088,0.22620773872733116
800,900,100,0.1,0.24690355310216547
754,877,123,0.123,0.23194246900524013
756,878,122,0.122,0.26865564395487307
794,897,103,0.103,0.26584855549037456
782,891,109,0.109,0.31806605933606624
714,857,143,0.143,0.3320148899080232
736,868,132,0.132,0.35547266970574853
742,871,129,0.129,0.3558780086785555
710,855,145,0.145,0.34623221166431906
790,895,105,0.105,0.3194906748682261
842,921,79,0.079,0.27748866598308086
788,894,106,0.106,0.27882073052227496
738,869,131,0.131,0.2867660792469978
732,866,134,0.134,0.28492343635857104
730,865,135,0.135,0.3434417821466923
768,884,116,0.116,0.35672586952894925
752,876,124,0.124,0.3773721843510866
714,857,143,0.143,0.39300769881904124
750,875,125,0.125,0.395590971827507
740,870,130,0.13,0.382510843783617
782,891,109,0.109,0.3703391085404437
732,866,134,0.134,0.37600257293879985
746,873,127,0.127,0.3247441314309835
842,921,79,0.079,0.30815090381354093
738,869,131,0.131,0.31932500027120114
728,864,136,0.136,0.32525174851715566
828,914,86,0.086,0.28556633393466474
762,881,119,0.119,0.30473158663511274
822,911,89,0.089,0.27698239804804325
736,868,132,0.132,0.2838436521270778
798,899,101,0.101,0.23469193084537984
740,870,130,0.13,0.23384099086374044
824,912,88,0.088,0.21844464012235404
744,872,128,0.128,0.2300909671857953
788,894,106,0.106,0.2108202438876033
790,895,105,0.105,0.20844921375066042
760,880,120,0.12,0.2151539486348629
756,878,122,0.122,0.2141076014265418
740,870,130,0.13,0.22190773540735245
738,869,131,0.131,0.21928102031350136
778,889,111,0.111,0.207389138802886
734,867,133,0.133,0.1961465914323926
666,833,167,0.167,0.21158430612832307
764,882,118,0.118,0.20749896229803563
750,875,125,0.125,0.19781687884032725
776,888,112,0.112,0.19594614487886428
736,868,132,0.132,0.19513333635777236
776,888,112,0.112,0.16726154681295158
746,873,127,0.127,0.17132610340416432
772,886,114,0.114,0.16977960363030434
758,879,121,0.121,0.17464951922371982
786,893,107,0.107,0.1649325342848897
756,878,122,0.122,0.16756474655866624
764,882,118,0.118,0.15942038332670933
752,876,124,0.124,0.14964882749983704
752,876,124,0.124,0.16347723270207642
774,887,113,0.113,0.15223339853435755
748,874,126,0.126,0.16763582625199341
760,880,120,0.12,0.16219955402612687
758,879,121,0.121,0.16003879985958339
716,858,142,0.142,0.16863299284875394
758,879,121,0.121,0.162582569219172
736,868,132,0.132,0.18550372421648353
796,898,102,0.102,0.16506200981140137
792,896,104,0.104,0.16635581533983348
792,896,104,0.104,0.15184153029322625
782,891,109,0.109,0.13414144891500474
714,857,143,0.143,0.13117605582624675
818,909,91,0.091,0.11021519520133734
780,890,110,0.11,0.11714421098306775
790,895,105,0.105,0.11484027546644211
750,875,125,0.125,0.1336299446038902
752,876,124,0.124,0.1284327344633639
746,873,127,0.127,0.13495833012089134
788,894,106,0.106,0.15149585270509125
784,892,108,0.108,0.1555849891975522
764,882,118,0.118,0.16845938605815172
718,859,141,0.141,0.17023125214129686
760,880,120,0.12,0.13844496776536108
784,892,108,0.108,0.12615036175772548
740,870,130,0.13,0.13548344038799406
728,864,136,0.136,0.1163245456814766
754,877,123,0.123,0.12021272898092866
716,858,142,0.142,0.13529983427003026
780,890,110,0.11,0.13249060786515474
786,893,107,0.107,0.13527091462165117
806,903,97,0.097,0.13657106190919877
750,875,125,0.125,0.1271238666512072
758,879,121,0.121,0.12221987522952259
820,910,90,0.09,0.10954463496804237
780,890,110,0.11,0.11074609583988786
756,878,122,0.122,0.11072849098592996
814,907,93,0.093,0.10548859871178866
690,845,155,0.155,0.12513176484033464
758,879,121,0.121,0.1312285119369626
720,860,140,0.14,0.1453749298453331
774,887,113,0.113,0.14306339233368634
794,897,103,0.103,0.13586718018352986
694,847,153,0.153,0.14652381274104118
704,852,148,0.148,0.13462133286893369
786,893,107,0.107,0.11176146240159869
824,912,88,0.088,0.0930510291159153
744,872,128,0.128,0.09616883578896522
740,870,130,0.13,0.0950860421701218
738,869,131,0.131,0.09613028068467974
752,876,124,0.124,0.1258429986676201
718,859,141,0.141,0.12558014933019876
792,896,104,0.104,0.12774145602434875
754,877,123,0.123,0.13076643513515593
722,861,139,0.139,0.12865858229994773
770,885,115,0.115,0.10775284691341222
788,894,106,0.106,0.09027619342692196
750,875,125,0.125,0.08657620009966195
724,862,138,0.138,0.09397721855714918
738,869,131,0.131,0.0967219852656126
764,882,118,0.118,0.10668062934651974
720,860,140,0.14,0.12394817864894866
754,877,123,0.123,0.15105033576488494
818,909,91,0.091,0.13847437047213315
686,843,157,0.157,0.1441419384367764
740,870,130,0.13,0.14051376227084256
758,879,121,0.121,0.09839037722894206
712,856,144,0.144,0.09226627143472434
700,850,150,0.15,0.0943308736961335
778,889,111,0.111,0.08202834294550121
776,888,112,0.112,0.07997842875868082
788,894,106,0.106,0.07592872717369303
710,855,145,0.145,0.08801631608046591
736,868,132,0.132,0.0907635951093689
816,908,92,0.092,0.07527387606620323
752,876,124,0.124,0.07919203714840115
820,910,90,0.09,0.060213652154430745
788,894,106,0.106,0.05788776382338256
786,893,107,0.107,0.0543235518746078
742,871,129,0.129,0.07202568437717854
796,898,102,0.102,0.07334485312740435
770,885,115,0.115,0.07872756370529532
832,916,84,0.084,0.08006100085563958
738,869,131,0.131,0.08676863889582455
700,850,150,0.15,0.09879131616093219
682,841,159,0.159,0.09504760096780956
744,872,128,0.128,0.09444574309699237
760,880,120,0.12,0.09081457059457898
750,875,125,0.125,0.09167439229786396
732,866,134,0.134,0.10054783623501862
770,885,115,0.115,0.09161111511290074
748,874,126,0.126,0.09083421541377902
732,866,134,0.134,0.09725652316398918
784,892,108,0.108,0.09425018421001732
722,861,139,0.139,0.10092022148147226
782,891,109,0.109,0.09232236008159816
812,906,94,0.094,0.08486986249685287
732,866,134,0.134,0.09935417265817523
744,872,128,0.128,0.10480001766979695
724,862,138,0.138,0.09941597703743942
730,865,135,0.135,0.10411223799362779
782,891,109,0.109,0.10200103232637048
664,832,168,0.168,0.13734393605962394
794,897,103,0.103,0.11833343217149377
762,881,119,0.119,0.1141882722787559
804,902,98,0.098,0.11245586283504963
780,890,110,0.11,0.10489617798104882
764,882,118,0.118,0.10948777199164032
746,873,127,0.127,0.10365424412395806
782,891,109,0.109,0.10366828750446438
726,863,137,0.137,0.13091666693612933
770,885,115,0.115,0.132887746039778
742,871,129,0.129,0.1361192639581859
768,884,116,0.116,0.14000230718776582
756,878,122,0.122,0.15740321539342403
712,856,144,0.144,0.16868266766249326
762,881,119,0.119,0.16568935312109534
688,844,156,0.156,0.17230559197068215
740,870,130,0.13,0.15978086934238672
690,845,155,0.155,0.16029817086458206
774,887,113,0.113,0.14389596692472698
752,876,124,0.124,0.1533852683901787
682,841,159,0.159,0.1810253028422594
800,900,100,0.1,0.16435635963082312
800,900,100,0.1,0.17185891927033664
776,888,112,0.112,0.17523317247629167
744,872,128,0.128,0.15657380635663867
766,883,117,0.117,0.15269176917150618
772,886,114,0.114,0.14189147578924893
828,914,86,0.086,0.14186917727440596
764,882,118,0.118,0.1361013721115887
752,876,124,0.124,0.1384168201237917
760,880,120,0.12,0.14017945064109616
788,894,106,0.106,0.13012302987650037
760,880,120,0.12,0.167055426992476
736,868,132,0.132,0.1876683846153319
800,900,100,0.1,0.18179787147790194
742,871,129,0.129,0.1816985678807885
712,856,144,0.144,0.17970764157921076
742,871,129,0.129,0.15282995332032442
796,898,102,0.102,0.1421735008507967
794,897,103,0.103,0.13465564705058933
740,870,130,0.13,0.14919957572221756
768,884,116,0.116,0.1646416975678876
740,870,130,0.13,0.1869986111521721
810,905,95,0.095,0.16295770519971847
716,858,142,0.142,0.22353473019599915
714,857,143,0.143,0.2236897824704647
782,891,109,0.109,0.21285517843067647
762,881,119,0.119,0.20709474623948335
804,902,98,0.098,0.16779452622681856
800,900,100,0.1,0.16014558369666337
732,866,134,0.134,0.15473228144273163
778,889,111,0.111,0.15065539331734182
752,876,124,0.124,0.1675587747208774
734,867,133,0.133,0.17379826954214161
756,878,122,0.122,0.18396438801966725
742,871,129,0.129,0.18647829650342465
730,865,135,0.135,0.17708647244423628
780,890,110,0.11,0.17275009882450104
792,896,104,0.104,0.14927467193827032
784,892,108,0.108,0.1427682243922027
700,850,150,0.15,0.15261291942000388
732,866,134,0.134,0.1421813725605607
822,911,89,0.089,0.12462731342762709
766,883,117,0.117,0.1365035641118884
782,891,109,0.109,0.14818626587465406
774,887,113,0.113,0.14964791521057486
814,907,93,0.093,0.14362995666638018
768,884,116,0.116,0.15019657111912965
778,889,111,0.111,0.1427530692331493
786,893,107,0.107,0.14679510296136142
802,901,99,0.099,0.1468011799007654
744,872,128,0.128,0.1732607643827796
730,865,135,0.135,0.1834697110131383
756,878,122,0.122,0.19000618095695973
776,888,112,0.112,0.18296931114792825
728,864,136,0.136,0.1826566528789699
798,899,101,0.101,0.15391058530658483
726,863,137,0.137,0.16441695873241405
762,881,119,0.119,0.1557653561545303
780,890,110,0.11,0.1399705946817994
726,863,137,0.137,0.16241512324661017
796,898,102,0.102,0.1543301549181342
734,867,133,0.133,0.18367794350534677
746,873,127,0.127,0.1758834639415145
804,902,98,0.098,0.16538197194971144
772,886,114,0.114,0.16500875877495855
706,853,147,0.147,0.15408453119546175
770,885,115,0.115,0.13689347730576992
766,883,117,0.117,0.14228526613861323
766,883,117,0.117,0.14540517112612725
782,891,109,0.109,0.14531993352621794
690,845,155,0.155,0.15293036967515947
722,861,139,0.139,0.14758357564732433
748,874,126,0.126,0.14901990513876082
766,883,117,0.117,0.14640236411738192
772,886,114,0.114,0.15234219089150428
742,871,129,0.129,0.15657256096601485
794,897,103,0.103,0.1418853055462241
742,871,129,0.129,0.14116714183986187
712,856,144,0.144,0.16242270793765784
760,880,120,0.12,0.15545126938819886
758,879,121,0.121,0.15865660512261093
742,871,129,0.129,0.18163190360367298
782,891,109,0.109,0.19028017861723764
766,883,117,0.117,0.1749775264171476
704,852,148,0.148,0.17736780258268117
726,863,137,0.137,0.19561812368780374
714,857,143,0.143,0.22347257996350528
786,893,107,0.107,0.22438823890686035
786,893,107,0.107,0.22698413968086242
802,901,99,0.099,0.23662697677314282
776,888,112,0.112,0.2130490081459284
716,858,142,0.142,0.20852815963327884
778,889,111,0.111,0.19023142121732234
804,902,98,0.098,0.18168379816412925
758,879,121,0.121,0.18288657061755656
738,869,131,0.131,0.1967080481350422
788,894,106,0.106,0.19152518762648105
702,851,149,0.149,0.22183316699415445
702,851,149,0.149,0.26033112311325385
796,898,102,0.102,0.24468855848163365
732,866,134,0.134,0.24688981832563878
778,889,111,0.111,0.24149333646148444
824,912,88,0.088,0.22773944644629956
790,895,105,0.105,0.21837586165964604
786,893,107,0.107,0.22758635454252363
798,899,101,0.101,0.23108922415971755
726,863,137,0.137,0.2586661443784833
742,871,129,0.129,0.26644286412000656
788,894,106,0.106,0.2594761578068137
816,908,92,0.092,0.2703283031731844
810,905,95,0.095,0.26518108510971067
758,879,121,0.121,0.27877860218286515
808,904,96,0.096,0.26550822452439454
760,880,120,0.12,0.26285208617150785
814,907,93,0.093,0.24590488997101784
790,895,105,0.105,0.2539316068738699
706,853,147,0.147,0.2793207067390904
730,865,135,0.135,0.31494737599790096
698,849,151,0.151,0.35449142099916936
794,897,103,0.103,0.353462319418788
758,879,121,0.121,0.38154772378504276
724,862,138,0.138,0.43147481661487835
762,881,119,0.119,0.420617609500885
764,882,118,0.118,0.41388964909315107
794,897,103,0.103,0.4069176289886236
758,879,121,0.121,0.40075151205062864
780,890,110,0.11,0.3996908311247826
672,836,164,0.164,0.41889155918359755
818,909,91,0.091,0.3978872656673193
728,864,136,0.136,0.43672054940462113
748,874,126,0.126,0.43772461530566215
714,857,143,0.143,0.448386303406558
768,884,116,0.116,0.4285032725881319
810,905,95,0.095,0.3846585550159216
782,891,109,0.109,0.3292128925472498
850,925,75,0.075,0.3199249486476183
758,879,121,0.121,0.3166647330075502
756,878,122,0.122,0.28144919826090337
752,876,124,0.124,0.2843331054562113
744,872,128,0.128,0.29312972742319104
764,882,118,0.118,0.2950909075140953
774,887,113,0.113,0.3358568567931652
728,864,136,0.136,0.34080099649727347
764,882,118,0.118,0.33157701294124126
712,856,144,0.144,0.3423434323221445
808,904,96,0.096,0.3117857788573019
772,886,114,0.114,0.32720718398690224
788,894,106,0.106,0.2949807849526405
752,876,124,0.124,0.2805096692889929
738,869,131,0.131,0.280570013120771
688,844,156,0.156,0.2846215360611677
768,884,116,0.116,0.2791857584565878
730,865,135,0.135,0.29070321525633336
768,884,116,0.116,0.31200637751817706
788,894,106,0.106,0.3101337305903435
766,883,117,0.117,0.3034030577093363
764,882,118,0.118,0.282419859059155
704,852,148,0.148,0.22706415071710945
726,863,137,0.137,0.20581329160333559
738,869,131,0.131,0.19581206496804954
714,857,143,0.143,0.21033622875064611
802,901,99,0.099,0.21624890776723624
714,857,143,0.143,0.25241894219908867
724,862,138,0.138,0.24101432175283843
758,879,121,0.121,0.22208790288120508
786,893,107,0.107,0.1698109826452856
776,888,112,0.112,0.1805514080002904
716,858,142,0.142,0.18633570043742656
800,900,100,0.1,0.15377041498571634
726,863,137,0.137,0.1690325656235218
744,872,128,0.128,0.1791883398965001
732,866,134,0.134,0.1740725117996335
718,859,141,0.141,0.1873328534262255
774,887,113,0.113,0.1841431444659831
784,892,108,0.108,0.18839258261024952
782,891,109,0.109,0.18053125288337468
720,860,140,0.14,0.15089920158311726
720,860,140,0.14,0.12809223022294464
744,872,128,0.128,0.12286546142026782
836,918,82,0.082,0.11135468665882944
772,886,114,0.114,0.12745169422775507
716,858,142,0.142,0.15950717385287863
792,896,104,0.104,0.148954320397228
756,878,122,0.122,0.15036287429224468
696,848,152,0.152,0.18106604305654764
744,872,128,0.128,0.16122025942057372
796,898,102,0.102,0.1609834892973304
814,907,93,0.093,0.1429516480639577
816,908,92,0.092,0.11249441616237163
744,872,128,0.128,0.11683561355620622
736,868,132,0.132,0.14163604986877182
758,879,121,0.121,0.1295321245752275
792,896,104,0.104,0.16442972799390554
796,898,102,0.102,0.16470344456285238
760,880,120,0.12,0.16656886389106512
788,894,106,0.106,0.16832273967564107
790,895,105,0.105,0.14606885714828968
650,825,175,0.175,0.1654682724326849
782,891,109,0.109,0.14454599057510495
728,864,136,0.136,0.15636173863336444
748,874,126,0.126,0.1709609912470205
762,881,119,0.119,0.1812408174406759
766,883,117,0.117,0.17439241141825915
732,866,134,0.134,0.17597372983396053
804,902,98,0.098,0.1543844111263752
