log_avg_ept_score,log_avg_succ_req,log_avg_blk_req,log_avg_BP_req,log_avg_entropy
7242,8621,1379,0.1379,0.6927712416917086
7278,8639,1361,0.1361,0.6925219544611451
7382,8691,1309,0.1309,0.692750568908453
7282,8641,1359,0.1359,0.6927928094446659
7146,8573,1427,0.1427,0.6925901845929213
7254,8627,1373,0.1373,0.6923785994579085
7300,8650,1350,0.135,0.692629105013609
7366,8683,1317,0.1317,0.6924855876756613
7372,8686,1314,0.1314,0.692326266384406
7400,8700,1300,0.13,0.6923898025259375
7232,8616,1384,0.1384,0.6924169765103608
7104,8552,1448,0.1448,0.6924028277084231
7626,8813,1187,0.1187,0.6922285163659603
7364,8682,1318,0.1318,0.6919654330180958
7462,8731,1269,0.1269,0.6922250252662226
7410,8705,1295,0.1295,0.6922878607058199
7208,8604,1396,0.1396,0.69207239146843
7292,8646,1354,0.1354,0.6921517266981304
7400,8700,1300,0.13,0.6921154371225042
7484,8742,1258,0.1258,0.6921101596340538
7370,8685,1315,0.1315,0.6915390696547925
7464,8732,1268,0.1268,0.6916028728306294
7378,8689,1311,0.1311,0.6913422616700285
7394,8697,1303,0.1303,0.6913585440040624
7326,8663,1337,0.1337,0.6907156745735555
7226,8613,1387,0.1387,0.6906219901093282
7494,8747,1253,0.1253,0.6907313901656704
7266,8633,1367,0.1367,0.6906969184448528
7300,8650,1350,0.135,0.6891645416669576
7406,8703,1297,0.1297,0.6893483046501642
7224,8612,1388,0.1388,0.6894928005752078
7260,8630,1370,0.137,0.6897672730134015
7320,8660,1340,0.134,0.686227291334303
7386,8693,1307,0.1307,0.6864066351232586
7278,8639,1361,0.1361,0.6850549012010495
7392,8696,1304,0.1304,0.6857057149694878
7400,8700,1300,0.13,0.68078482752629
7552,8776,1224,0.1224,0.680091152457171
7540,8770,1230,0.123,0.6796800626263815
7256,8628,1372,0.1372,0.67879640402385
7504,8752,1248,0.1248,0.666503713511736
7482,8741,1259,0.1259,0.6646338667329339
7446,8723,1277,0.1277,0.6644081018269087
7440,8720,1280,0.128,0.6624576266843057
7394,8697,1303,0.1303,0.6284968606662246
7454,8727,1273,0.1273,0.6256163963018433
7518,8759,1241,0.1241,0.622984614780845
7594,8797,1203,0.1203,0.6187513741151671
7520,8760,1240,0.124,0.5531076334151257
7358,8679,1321,0.1321,0.547273674462322
7642,8821,1179,0.1179,0.5448245637093235
7276,8638,1362,0.1362,0.5392386471719933
7630,8815,1185,0.1185,0.4229088104284836
7636,8818,1182,0.1182,0.4152591956940357
7574,8787,1213,0.1213,0.4089973543666171
7518,8759,1241,0.1241,0.39845933037868425
7476,8738,1262,0.1262,0.2508239469083113
7494,8747,1253,0.1253,0.24553398810487215
7376,8688,1312,0.1312,0.23657144864633228
7416,8708,1292,0.1292,0.22640556981188087
7644,8822,1178,0.1178,0.10701950894881934
7648,8824,1176,0.1176,0.099699348380936
7576,8788,1212,0.1212,0.0950692202674418
7608,8804,1196,0.1196,0.09073284861495816
7798,8899,1101,0.1101,0.03459368956869957
7624,8812,1188,0.1188,0.03308950794364932
7850,8925,1075,0.1075,0.03209362229102522
7766,8883,1117,0.1117,0.030918197953374194
7728,8864,1136,0.1136,0.02977552382718827
7584,8792,1208,0.1208,0.030545336126667825
7540,8770,1230,0.123,0.031166578930077828
7926,8963,1037,0.1037,0.03220095060811683
7698,8849,1151,0.1151,0.05266915600245989
7772,8886,1114,0.1114,0.053883112233140296
7624,8812,1188,0.1188,0.05515351263028982
7526,8763,1237,0.1237,0.056713049220401754
7524,8762,1238,0.1238,0.06775603314257453
7772,8886,1114,0.1114,0.06595559307115774
7604,8802,1198,0.1198,0.06684246003197458
7572,8786,1214,0.1214,0.06690994899476772
7758,8879,1121,0.1121,0.0542416876927163
7458,8729,1271,0.1271,0.0531554571134038
7598,8799,1201,0.1201,0.05220201258217316
7612,8806,1194,0.1194,0.05072957046881703
7490,8745,1255,0.1255,0.03768336234806263
7572,8786,1214,0.1214,0.037271521421194165
7642,8821,1179,0.1179,0.03622431637423973
7706,8853,1147,0.1147,0.03541203299609793
7600,8800,1200,0.12,0.035807525291428666
7708,8854,1146,0.1146,0.035777326749886776
7698,8849,1151,0.1151,0.03660015482701358
7718,8859,1141,0.1141,0.0371302910514515
7858,8929,1071,0.1071,0.04364638942563986
7458,8729,1271,0.1271,0.046075698620184326
7712,8856,1144,0.1144,0.04535729140451274
7684,8842,1158,0.1158,0.04609555537647059
7664,8832,1168,0.1168,0.049143091137420165
7624,8812,1188,0.1188,0.04925116384265143
7772,8886,1114,0.1114,0.04813922473891191
7814,8907,1093,0.1093,0.04763610484141246
7754,8877,1123,0.1123,0.045185672575409744
7340,8670,1330,0.133,0.04694056751789545
7710,8855,1145,0.1145,0.0448810268452216
7574,8787,1213,0.1213,0.04524478597196224
7894,8947,1053,0.1053,0.0443354597177232
7674,8837,1163,0.1163,0.04600114726006656
7500,8750,1250,0.125,0.047525744968189315
7768,8884,1116,0.1116,0.04674076459090576
7512,8756,1244,0.1244,0.05151212084131766
7696,8848,1152,0.1152,0.052463405436550786
7690,8845,1155,0.1155,0.05410610246674953
7452,8726,1274,0.1274,0.054924962096732886
7518,8759,1241,0.1241,0.057324261198947485
7654,8827,1173,0.1173,0.05840431494627087
7710,8855,1145,0.1145,0.05999240006927962
7640,8820,1180,0.118,0.05874671327730693
7614,8807,1193,0.1193,0.05595294020959735
7586,8793,1207,0.1207,0.0550889771644474
7722,8861,1139,0.1139,0.053581839437762485
7766,8883,1117,0.1117,0.0529061924371721
7790,8895,1105,0.1105,0.04919687182352308
7490,8745,1255,0.1255,0.04995899524125814
7838,8919,1081,0.1081,0.04849488638308547
7826,8913,1087,0.1087,0.047559927333090286
7582,8791,1209,0.1209,0.05267253053228731
7594,8797,1203,0.1203,0.054577676639480384
7580,8790,1210,0.121,0.053913076268475926
7756,8878,1122,0.1122,0.05398793925765094
7700,8850,1150,0.115,0.0618589956429787
7562,8781,1219,0.1219,0.06377437674230896
7526,8763,1237,0.1237,0.06580039892913257
7746,8873,1127,0.1127,0.06328383356502175
7664,8832,1168,0.1168,0.06455686664660502
7868,8934,1066,0.1066,0.06295125076112308
7686,8843,1157,0.1157,0.06304198552264577
7700,8850,1150,0.115,0.06244304791668187
7628,8814,1186,0.1186,0.05911470914688499
7630,8815,1185,0.1185,0.05933501825230196
7650,8825,1175,0.1175,0.05767786952651403
7650,8825,1175,0.1175,0.057632602445568455
7722,8861,1139,0.1139,0.06374605006094644
7546,8773,1227,0.1227,0.06502977801574089
7764,8882,1118,0.1118,0.06260945177562535
7672,8836,1164,0.1164,0.06409103507237171
7492,8746,1254,0.1254,0.0690441972957924
7664,8832,1168,0.1168,0.06564137627054006
7608,8804,1196,0.1196,0.0683541700472153
7540,8770,1230,0.123,0.06760819685130233
7564,8782,1218,0.1218,0.07056347832837782
7568,8784,1216,0.1216,0.07182945304486571
7574,8787,1213,0.1213,0.07204988121414217
7626,8813,1187,0.1187,0.07062575128031458
7728,8864,1136,0.1136,0.07272530114817782
7644,8822,1178,0.1178,0.07336067990913389
7890,8945,1055,0.1055,0.07175284437425435
7558,8779,1221,0.1221,0.07336634487964093
7592,8796,1204,0.1204,0.07275744474791318
7572,8786,1214,0.1214,0.07356062214120902
7614,8807,1193,0.1193,0.07218153666553881
7456,8728,1272,0.1272,0.07367120853165088
7334,8667,1333,0.1333,0.08005199966689105
7466,8733,1267,0.1267,0.08184542170766508
7702,8851,1149,0.1149,0.07840283598244512
7690,8845,1155,0.1155,0.0794768407515985
7582,8791,1209,0.1209,0.08185782255260565
7542,8771,1229,0.1229,0.07959461897227593
7654,8827,1173,0.1173,0.07859656982561573
7750,8875,1125,0.1125,0.07727404180821032
7642,8821,1179,0.1179,0.0747014040514361
7992,8996,1004,0.1004,0.07064920890267821
7666,8833,1167,0.1167,0.07116805790812941
7678,8839,1161,0.1161,0.07175782854401773
7624,8812,1188,0.1188,0.0714610062353313
7392,8696,1304,0.1304,0.07704866595882923
7650,8825,1175,0.1175,0.07475932393595576
7690,8845,1155,0.1155,0.07502573302534875
7658,8829,1171,0.1171,0.08372510856069858
7558,8779,1221,0.1221,0.0868154913076578
7704,8852,1148,0.1148,0.08695437606405466
7648,8824,1176,0.1176,0.08751732904277743
7740,8870,1130,0.113,0.08562288570497185
7814,8907,1093,0.1093,0.08232173859030008
7382,8691,1309,0.1309,0.08459235290563666
7630,8815,1185,0.1185,0.08253375182237614
7654,8827,1173,0.1173,0.08403991212629629
7514,8757,1243,0.1243,0.08778749650202812
7792,8896,1104,0.1104,0.08877756620452265
7744,8872,1128,0.1128,0.08936624427400529
7638,8819,1181,0.1181,0.10010323885791003
7462,8731,1269,0.1269,0.10652133136007323
7634,8817,1183,0.1183,0.10617172186989338
7548,8774,1226,0.1226,0.10720711503980174
7530,8765,1235,0.1235,0.10750788993965835
7650,8825,1175,0.1175,0.10494001927562058
7420,8710,1290,0.129,0.10721171772670932
7732,8866,1134,0.1134,0.10204161965860233
7632,8816,1184,0.1184,0.09900983988158404
7688,8844,1156,0.1156,0.0953521985694766
7602,8801,1199,0.1199,0.09592593824341893
7540,8770,1230,0.123,0.0956613112412393
7524,8762,1238,0.1238,0.10090449722949416
7444,8722,1278,0.1278,0.10749906043894589
7762,8881,1119,0.1119,0.10819433615021408
7628,8814,1186,0.1186,0.1108468204737641
7548,8774,1226,0.1226,0.11760928890556097
7730,8865,1135,0.1135,0.11840550440526568
7424,8712,1288,0.1288,0.11925218247502635
7758,8879,1121,0.1121,0.11599845469837892
7548,8774,1226,0.1226,0.11132169567658791
7612,8806,1194,0.1194,0.10824846619181334
7588,8794,1206,0.1206,0.10689118719063699
7696,8848,1152,0.1152,0.10338826782144758
7568,8784,1216,0.1216,0.10239569289330393
7660,8830,1170,0.117,0.10249679332537462
7764,8882,1118,0.1118,0.10031021273435327
7630,8815,1185,0.1185,0.10374356014390941
7710,8855,1145,0.1145,0.10716138594426447
7426,8713,1287,0.1287,0.11166821186617017
7510,8755,1245,0.1245,0.11060842746681447
7592,8796,1204,0.1204,0.11074903413055717
7610,8805,1195,0.1195,0.11277563117494292
7746,8873,1127,0.1127,0.11277386703738128
7786,8893,1107,0.1107,0.11282890353277325
7640,8820,1180,0.118,0.11384270471031559
7830,8915,1085,0.1085,0.11071173659338256
7784,8892,1108,0.1108,0.10884581024535
7562,8781,1219,0.1219,0.11133233850300311
7454,8727,1273,0.1273,0.11117962662135288
7794,8897,1103,0.1103,0.11500118126175367
7932,8966,1034,0.1034,0.12025836581648328
7624,8812,1188,0.1188,0.124334852944687
7608,8804,1196,0.1196,0.1288011963223573
7608,8804,1196,0.1196,0.13886233311131
7528,8764,1236,0.1236,0.1449690791707145
7540,8770,1230,0.123,0.14420935007946564
7634,8817,1183,0.1183,0.14651746713109315
7510,8755,1245,0.1245,0.15127599543542672
7634,8817,1183,0.1183,0.15142484082207083
7654,8827,1173,0.1173,0.15315379712060093
7604,8802,1198,0.1198,0.15338417897574472
7528,8764,1236,0.1236,0.15645975143928081
7700,8850,1150,0.115,0.15995290575101972
7608,8804,1196,0.1196,0.16148678104728462
7470,8735,1265,0.1265,0.16657493000030518
7628,8814,1186,0.1186,0.18233128842982477
7484,8742,1258,0.1258,0.19255855031237007
7664,8832,1168,0.1168,0.19351711729466914
7634,8817,1183,0.1183,0.196537508893013
7708,8854,1146,0.1146,0.20308731572246544
7444,8722,1278,0.1278,0.2087000611037016
7638,8819,1181,0.1181,0.20956398129423615
7648,8824,1176,0.1176,0.20857623877889747
7444,8722,1278,0.1278,0.21576240892924833
7744,8872,1128,0.1128,0.21793360008895396
7674,8837,1163,0.1163,0.21984031360566586
7624,8812,1188,0.1188,0.2220102564133702
7700,8850,1150,0.115,0.23209921935908495
7624,8812,1188,0.1188,0.23745006468966603
7804,8902,1098,0.1098,0.2350541794806719
7522,8761,1239,0.1239,0.23759398082755506
7446,8723,1277,0.1277,0.24113498135954142
7604,8802,1198,0.1198,0.2368201016433537
7708,8854,1146,0.1146,0.23442553075030445
7602,8801,1199,0.1199,0.23461818984001875
7662,8831,1169,0.1169,0.228974316521734
7568,8784,1216,0.1216,0.22403719810638587
7630,8815,1185,0.1185,0.22190338203237042
7742,8871,1129,0.1129,0.21930067902151495
7544,8772,1228,0.1228,0.21953863424286246
7132,8566,1434,0.1434,0.22148135749613868
7692,8846,1154,0.1154,0.2180711305990815
7622,8811,1189,0.1189,0.21700285956412554
7722,8861,1139,0.1139,0.22178779139593244
7546,8773,1227,0.1227,0.2251057156610128
7840,8920,1080,0.108,0.21990526045213918
7630,8815,1185,0.1185,0.2198918677590729
7438,8719,1281,0.1281,0.22192190835761266
7582,8791,1209,0.1209,0.22282918208818883
7438,8719,1281,0.1281,0.22495023615136742
7874,8937,1063,0.1063,0.22224461471482618
7568,8784,1216,0.1216,0.23783916662679985
7504,8752,1248,0.1248,0.2537348847012967
7500,8750,1250,0.125,0.26006096460074185
7520,8760,1240,0.124,0.2579986376765929
7566,8783,1217,0.1217,0.27217734854742887
7538,8769,1231,0.1231,0.2823336370676756
7432,8716,1284,0.1284,0.28708218783643097
7642,8821,1179,0.1179,0.2830455326579511
7562,8781,1219,0.1219,0.2808775593876839
7586,8793,1207,0.1207,0.2829892154398374
7360,8680,1320,0.132,0.283747155931592
7650,8825,1175,0.1175,0.28002363881673664
7448,8724,1276,0.1276,0.28797344658952206
7386,8693,1307,0.1307,0.3093569560797885
7536,8768,1232,0.1232,0.30930131618082524
7636,8818,1182,0.1182,0.30989336313354726
7432,8716,1284,0.1284,0.31943887883683636
7480,8740,1260,0.126,0.32363844543993475
7556,8778,1222,0.1222,0.3244221064342186
7792,8896,1104,0.1104,0.31875480283619834
7604,8802,1198,0.1198,0.3146308335464448
7534,8767,1233,0.1233,0.31657252129637636
7446,8723,1277,0.1277,0.319566579652112
7662,8831,1169,0.1169,0.31829471496600853
7736,8868,1132,0.1132,0.32737343432464444
7554,8777,1223,0.1223,0.34317793438881633
7490,8745,1255,0.1255,0.34639895445276053
7450,8725,1275,0.1275,0.346336835896974
7580,8790,1210,0.121,0.3604610931104049
7478,8739,1261,0.1261,0.3672716283654212
7482,8741,1259,0.1259,0.3680415341580301
7716,8858,1142,0.1142,0.36459673857392155
7722,8861,1139,0.1139,0.362720563319698
7640,8820,1180,0.118,0.35497736654642503
7646,8823,1177,0.1177,0.3515737454322079
7596,8798,1202,0.1202,0.35045815484616905
7540,8770,1230,0.123,0.3492837584209542
7480,8740,1260,0.126,0.3452502065896988
7544,8772,1228,0.1228,0.34441574159304755
7466,8733,1267,0.1267,0.3421976743241772
7556,8778,1222,0.1222,0.33205382488816976
7542,8771,1229,0.1229,0.31779453087188303
7626,8813,1187,0.1187,0.3131550588631886
7468,8734,1266,0.1266,0.3109813865885139
7500,8750,1250,0.125,0.29801491761626675
7520,8760,1240,0.124,0.284360281464085
7412,8706,1294,0.1294,0.2802656816911909
7626,8813,1187,0.1187,0.27766334468126297
7738,8869,1131,0.1131,0.26709449974868976
7836,8918,1082,0.1082,0.2537095941655425
7638,8819,1181,0.1181,0.25262724741413256
7642,8821,1179,0.1179,0.2486345398437232
7568,8784,1216,0.1216,0.2442180306870042
7600,8800,1200,0.12,0.24377077202569017
7600,8800,1200,0.12,0.24433192575722934
7670,8835,1165,0.1165,0.2421051200198869
7586,8793,1207,0.1207,0.2470791072064085
7512,8756,1244,0.1244,0.25200906054817607
7568,8784,1216,0.1216,0.251872015153757
7704,8852,1148,0.1148,0.2500728349030018
7712,8856,1144,0.1144,0.2511597976073623
7452,8726,1274,0.1274,0.24981574267181822
7524,8762,1238,0.1238,0.2488395764261484
7678,8839,1161,0.1161,0.24389895221441985
7608,8804,1196,0.1196,0.23900698049515487
7626,8813,1187,0.1187,0.2355499914424494
7626,8813,1187,0.1187,0.23529127694822335
7496,8748,1252,0.1252,0.23382556392670376
7608,8804,1196,0.1196,0.23517185589266856
7502,8751,1249,0.1249,0.23868042359501232
7360,8680,1320,0.132,0.2409242678426206
7638,8819,1181,0.1181,0.23746671590656043
7730,8865,1135,0.1135,0.23481264135322819
7726,8863,1137,0.1137,0.2260621745519872
7806,8903,1097,0.1097,0.22362466713692994
7586,8793,1207,0.1207,0.2207450978331617
7776,8888,1112,0.1112,0.2079415607707284
7548,8774,1226,0.1226,0.20154877278730274
7506,8753,1247,0.1247,0.2004480814434588
7704,8852,1148,0.1148,0.19980856657658388
7626,8813,1187,0.1187,0.20489528064299375
7450,8725,1275,0.1275,0.22434760156941191
7616,8808,1192,0.1192,0.22337626001401112
7712,8856,1144,0.1144,0.22162447601817548
7614,8807,1193,0.1193,0.22587318158708514
7834,8917,1083,0.1083,0.21461634391099216
7628,8814,1186,0.1186,0.21285664823614062
7654,8827,1173,0.1173,0.2105329439163208
7576,8788,1212,0.1212,0.20226021777242423
7720,8860,1140,0.114,0.20030057659562664
7746,8873,1127,0.1127,0.20083935087919236
7738,8869,1131,0.1131,0.2025653741553426
7700,8850,1150,0.115,0.21077617188841105
7544,8772,1228,0.1228,0.22451090886147923
7376,8688,1312,0.1312,0.22791353522189892
7604,8802,1198,0.1198,0.2280786764246919
7690,8845,1155,0.1155,0.23027047316432
7608,8804,1196,0.1196,0.23368429593037982
7516,8758,1242,0.1242,0.23446458598598838
7546,8773,1227,0.1227,0.23284816307158326
7596,8798,1202,0.1202,0.22922894184556789
7758,8879,1121,0.1121,0.22753967475685313
7622,8811,1189,0.1189,0.2296176643775608
7508,8754,1246,0.1246,0.23146464263061062
7516,8758,1242,0.1242,0.23472428669203071
7422,8711,1289,0.1289,0.2490547018624842
7458,8729,1271,0.1271,0.25160089439023287
7852,8926,1074,0.1074,0.25245839064121245
7570,8785,1215,0.1215,0.26070742397457364
7556,8778,1222,0.1222,0.27267648009092826
7626,8813,1187,0.1187,0.2726817885637283
7698,8849,1151,0.1151,0.27342674711151194
7500,8750,1250,0.125,0.2777900676935911
7516,8758,1242,0.1242,0.28340300321839096
7616,8808,1192,0.1192,0.2849940841117059
7702,8851,1149,0.1149,0.28769932425171135
7796,8898,1102,0.1102,0.2943569340765476
7504,8752,1248,0.1248,0.3102921174414456
7464,8732,1268,0.1268,0.31026236304342747
7630,8815,1185,0.1185,0.3117152779153613
7578,8789,1211,0.1211,0.31487125822007656
7560,8780,1220,0.122,0.3165116329958197
7624,8812,1188,0.1188,0.31231916474103927
7726,8863,1137,0.1137,0.31338474289623747
7644,8822,1178,0.1178,0.31423990460587664
7318,8659,1341,0.1341,0.31642369880483345
7698,8849,1151,0.1151,0.31314813099533784
7648,8824,1176,0.1176,0.31364640498906377
7398,8699,1301,0.1301,0.31610329485704425
7464,8732,1268,0.1268,0.31428245846112984
7444,8722,1278,0.1278,0.3109691452202589
7638,8819,1181,0.1181,0.30807299384442055
7696,8848,1152,0.1152,0.3062195710733533
7652,8826,1174,0.1174,0.29248427310111
7654,8827,1173,0.1173,0.28880375657379626
7550,8775,1225,0.1225,0.2831605711057782
7640,8820,1180,0.118,0.2801476214055549
7494,8747,1253,0.1253,0.2741870141454041
7892,8946,1054,0.1054,0.2696614720792159
7594,8797,1203,0.1203,0.26768461747241673
7708,8854,1146,0.1146,0.2687929273499176
7668,8834,1166,0.1166,0.26681636602694636
7434,8717,1283,0.1283,0.2672938792169094
7556,8778,1222,0.1222,0.2631182355998084
7556,8778,1222,0.1222,0.2651272181168199
7744,8872,1128,0.1128,0.24872575849480927
7444,8722,1278,0.1278,0.2470150441908685
7616,8808,1192,0.1192,0.24090834001228215
7536,8768,1232,0.1232,0.2391548347602669
7612,8806,1194,0.1194,0.21459944651463894
7634,8817,1183,0.1183,0.2105328256088309
7724,8862,1138,0.1138,0.20483401086479425
7888,8944,1056,0.1056,0.20279580672876327
7640,8820,1180,0.118,0.19273184348717332
7604,8802,1198,0.1198,0.1906235193479806
7740,8870,1130,0.113,0.1873267704804428
7740,8870,1130,0.113,0.18696224989766758
7876,8938,1062,0.1062,0.17607864179657773
7596,8798,1202,0.1202,0.1750904925265818
7524,8762,1238,0.1238,0.17317302085161326
7680,8840,1160,0.116,0.17109311367944466
7830,8915,1085,0.1085,0.16356639509424567
7340,8670,1330,0.133,0.1679854076991335
7774,8887,1113,0.1113,0.16322696416005492
7582,8791,1209,0.1209,0.16428314310596326
7600,8800,1200,0.12,0.15935942137520762
7430,8715,1285,0.1285,0.15912069462016226
7740,8870,1130,0.113,0.1543687800772488
7698,8849,1151,0.1151,0.15548501798711067
7796,8898,1102,0.1102,0.15178265893012285
7574,8787,1213,0.1213,0.1545000550545183
7872,8936,1064,0.1064,0.1516742687526883
7626,8813,1187,0.1187,0.15392565975881153
7640,8820,1180,0.118,0.15426008689412266
7444,8722,1278,0.1278,0.1581416206608339
7608,8804,1196,0.1196,0.15619441815242172
7632,8816,1184,0.1184,0.1588809653557837
7508,8754,1246,0.1246,0.16450886756023392
7666,8833,1167,0.1167,0.16435051664039493
7646,8823,1177,0.1177,0.16234730234276504
7636,8818,1182,0.1182,0.16379998817956656
7804,8902,1098,0.1098,0.16248989045188064
7480,8740,1260,0.126,0.16505840055425666
7534,8767,1233,0.1233,0.16500881816242327
7334,8667,1333,0.1333,0.168518183060168
7456,8728,1272,0.1272,0.1779414789583534
7586,8793,1207,0.1207,0.17780955816144997
7548,8774,1226,0.1226,0.1798850863277912
7706,8853,1147,0.1147,0.18134384311586618
7594,8797,1203,0.1203,0.18440403254446575
7610,8805,1195,0.1195,0.18405559598583496
7562,8781,1219,0.1219,0.18419573819902726
7670,8835,1165,0.1165,0.18312520004462127
7758,8879,1121,0.1121,0.18746286791935562
7642,8821,1179,0.1179,0.19162845729130945
7616,8808,1192,0.1192,0.19324287368697116
7548,8774,1226,0.1226,0.196147020457685
7612,8806,1194,0.1194,0.2194987039946762
7606,8803,1197,0.1197,0.22301964020612136
7464,8732,1268,0.1268,0.22883457535259658
7566,8783,1217,0.1217,0.23085708511737202
7718,8859,1141,0.1141,0.2331030117555674
7896,8948,1052,0.1052,0.23051840697359294
7558,8779,1221,0.1221,0.2286761549897492
7604,8802,1198,0.1198,0.2264303035038743
7756,8878,1122,0.1122,0.2076681577358395
7822,8911,1089,0.1089,0.2062556907149198
7746,8873,1127,0.1127,0.2081119508739561
7620,8810,1190,0.119,0.21014007211476565
7610,8805,1195,0.1195,0.21497693234682083
7612,8806,1194,0.1194,0.21675078021138908
7782,8891,1109,0.1109,0.21773102299603633
7660,8830,1170,0.117,0.2176524160645902
7616,8808,1192,0.1192,0.21971219569524328
7546,8773,1227,0.1227,0.22249727992862464
7528,8764,1236,0.1236,0.22226048252135516
7614,8807,1193,0.1193,0.22233670390993357
7534,8767,1233,0.1233,0.22219169804720587
7632,8816,1184,0.1184,0.22203564522457309
7396,8698,1302,0.1302,0.22477178806141018
7658,8829,1171,0.1171,0.22362114335633815
7688,8844,1156,0.1156,0.22321936696022748
7588,8794,1206,0.1206,0.2232665104828775
7534,8767,1233,0.1233,0.22304022720977665
7696,8848,1152,0.1152,0.22183288072617724
7478,8739,1261,0.1261,0.20922340872114928
7582,8791,1209,0.1209,0.20595798824429512
7620,8810,1190,0.119,0.2061295573964715
7686,8843,1157,0.1157,0.20487697338060826
7756,8878,1122,0.1122,0.20737489630440806
7480,8740,1260,0.126,0.2089291933541186
7646,8823,1177,0.1177,0.2098468256706372
7676,8838,1162,0.1162,0.20910953101068752
7666,8833,1167,0.1167,0.2162860775236555
7578,8789,1211,0.1211,0.2171500123847276
7526,8763,1237,0.1237,0.2179603124260509
7512,8756,1244,0.1244,0.21750642355456948
7506,8753,1247,0.1247,0.21483529801353599
7668,8834,1166,0.1166,0.2132500667090855
7550,8775,1225,0.1225,0.21478423245745654
7598,8799,1201,0.1201,0.21339594664275646
7484,8742,1258,0.1258,0.22025830621878273
7414,8707,1293,0.1293,0.2229816478261375
7478,8739,1261,0.1261,0.22483928194399924
7470,8735,1265,0.1265,0.22781409156447407
7412,8706,1294,0.1294,0.24933844052520582
7688,8844,1156,0.1156,0.24927737744468031
7620,8810,1190,0.119,0.249309465260664
7628,8814,1186,0.1186,0.25127203849554064
7756,8878,1122,0.1122,0.2287319434901248
7510,8755,1245,0.1245,0.22779189636707306
7666,8833,1167,0.1167,0.22449716507894918
7594,8797,1203,0.1203,0.22070531809817767
7600,8800,1200,0.12,0.21484949204325676
7752,8876,1124,0.1124,0.21836511860340835
7488,8744,1256,0.1256,0.22126920826341956
7510,8755,1245,0.1245,0.22444505823473446
7570,8785,1215,0.1215,0.242262801346597
7680,8840,1160,0.116,0.24264357376898987
7612,8806,1194,0.1194,0.24283963853420354
7712,8856,1144,0.1144,0.24086340605318546
7626,8813,1187,0.1187,0.2263702293099068
7718,8859,1141,0.1141,0.2237518113975261
7748,8874,1126,0.1126,0.22338225394263872
7500,8750,1250,0.125,0.22405062550371477
7734,8867,1133,0.1133,0.22446030775389153
7616,8808,1192,0.1192,0.2283060359045863
7728,8864,1136,0.1136,0.22709935472826473
7650,8825,1175,0.1175,0.2303925649739802
7634,8817,1183,0.1183,0.24382036512688154
7828,8914,1086,0.1086,0.24360461002817566
7550,8775,1225,0.1225,0.246993579903699
7618,8809,1191,0.1191,0.24736898996829987
7356,8678,1322,0.1322,0.2493864986966888
7498,8749,1251,0.1251,0.24523075737655162
7598,8799,1201,0.1201,0.24570989401787519
7738,8869,1131,0.1131,0.2425216689333356
7516,8758,1242,0.1242,0.23300161506282166
7558,8779,1221,0.1221,0.2313563605714661
7626,8813,1187,0.1187,0.2313413120558107
7338,8669,1331,0.1331,0.23197131960239575
7582,8791,1209,0.1209,0.2296936986274939
7422,8711,1289,0.1289,0.23244135052543133
7446,8723,1277,0.1277,0.2301396450944245
7652,8826,1174,0.1174,0.22940348441300554
7522,8761,1239,0.1239,0.22654470311067998
7536,8768,1232,0.1232,0.2263677886083722
7620,8810,1190,0.119,0.2245706025885419
7684,8842,1158,0.1158,0.22293456752393395
7696,8848,1152,0.1152,0.2094153473481536
7636,8818,1182,0.1182,0.20852970487966668
7754,8877,1123,0.1123,0.20680669605396687
7566,8783,1217,0.1217,0.20629081054283305
7448,8724,1276,0.1276,0.20906644373089076
7484,8742,1258,0.1258,0.21216075688758915
7610,8805,1195,0.1195,0.21072967724278568
7554,8777,1223,0.1223,0.21610139444768428
7614,8807,1193,0.1193,0.23584281801972537
7492,8746,1254,0.1254,0.23911443940958416
7504,8752,1248,0.1248,0.2384719044879079
7380,8690,1310,0.131,0.24281615575940813
7554,8777,1223,0.1223,0.2423085846722126
7544,8772,1228,0.1228,0.2437937532156706
7534,8767,1233,0.1233,0.24062715066831766
7658,8829,1171,0.1171,0.23883749919384717
7410,8705,1295,0.1295,0.22767361082904208
7588,8794,1206,0.1206,0.22472462695199227
7612,8806,1194,0.1194,0.22376097248646348
7740,8870,1130,0.113,0.22485508441859856
7536,8768,1232,0.1232,0.2358808838780038
7710,8855,1145,0.1145,0.23469542218744754
7636,8818,1182,0.1182,0.23408930536955594
7474,8737,1263,0.1263,0.23472245692387814
7568,8784,1216,0.1216,0.22154315800257027
7448,8724,1276,0.1276,0.22241617106869815
7754,8877,1123,0.1123,0.21369108216017485
7742,8871,1129,0.1129,0.2100300250954926
7460,8730,1270,0.127,0.19187489029616117
7588,8794,1206,0.1206,0.1901305748311803
7572,8786,1214,0.1214,0.18677704416633348
7762,8881,1119,0.1119,0.18707444587559438
7810,8905,1095,0.1095,0.19743381890768652
7446,8723,1277,0.1277,0.20102584598958492
7466,8733,1267,0.1267,0.20153056456893684
7780,8890,1110,0.111,0.20246977981934325
7330,8665,1335,0.1335,0.21514103138484061
7600,8800,1200,0.12,0.21492604046705183
7572,8786,1214,0.1214,0.21296098734991128
7570,8785,1215,0.1215,0.21276947586110814
7624,8812,1188,0.1188,0.20843142175609725
7542,8771,1229,0.1229,0.20848393075576854
7638,8819,1181,0.1181,0.2049614966712892
7684,8842,1158,0.1158,0.2033087179578597
7634,8817,1183,0.1183,0.20088513110448547
7712,8856,1144,0.1144,0.20149399688450484
7562,8781,1219,0.1219,0.20184310772090247
7492,8746,1254,0.1254,0.20131903842687607
7700,8850,1150,0.115,0.20345787947624921
7754,8877,1123,0.1123,0.2022783755548604
7452,8726,1274,0.1274,0.20480137569424697
7704,8852,1148,0.1148,0.20324638531868028
7506,8753,1247,0.1247,0.21357416689218953
7472,8736,1264,0.1264,0.21444003665351774
7660,8830,1170,0.117,0.21438945109248161
7460,8730,1270,0.127,0.21827470202400792
7742,8871,1129,0.1129,0.21869216773862718
7766,8883,1117,0.1117,0.21866416465869007
7688,8844,1156,0.1156,0.21806746451854706
7542,8771,1229,0.1229,0.21569519873971948
7844,8922,1078,0.1078,0.20247694689165802
7712,8856,1144,0.1144,0.20190607357994014
7698,8849,1151,0.1151,0.20343330074064433
7662,8831,1169,0.1169,0.2014624758273363
7706,8853,1147,0.1147,0.19953961474969983
7842,8921,1079,0.1079,0.1986226296670735
7394,8697,1303,0.1303,0.20519053951194488
7648,8824,1176,0.1176,0.20243748792684638
7804,8902,1098,0.1098,0.20787615145914823
7760,8880,1120,0.112,0.20671447127908468
7562,8781,1219,0.1219,0.21164183919653323
7550,8775,1225,0.1225,0.20888109556734563
7676,8838,1162,0.1162,0.20493597051091492
7502,8751,1249,0.1249,0.20502023142177278
7496,8748,1252,0.1252,0.20723549381224438
7684,8842,1158,0.1158,0.20402312954798915
7700,8850,1150,0.115,0.204852553284875
7464,8732,1268,0.1268,0.20790885606994616
7540,8770,1230,0.123,0.20880614699348807
7450,8725,1275,0.1275,0.20982896562860465
7656,8828,1172,0.1172,0.21139405803643166
7446,8723,1277,0.1277,0.21233643281096592
7594,8797,1203,0.1203,0.21015089437404513
7688,8844,1156,0.1156,0.20847306233644486
7484,8742,1258,0.1258,0.18899413074346066
7536,8768,1232,0.1232,0.18710951142013074
7420,8710,1290,0.129,0.18510869089774987
7730,8865,1135,0.1135,0.18006126488844415
7856,8928,1072,0.1072,0.17530612836892323
7760,8880,1120,0.112,0.17764688531925205
7460,8730,1270,0.127,0.1818581139191985
7112,8556,1444,0.1444,0.18424797361940146
7656,8828,1172,0.1172,0.18648226826339961
7754,8877,1123,0.1123,0.18584375630691646
7514,8757,1243,0.1243,0.18704544666782022
7766,8883,1117,0.1117,0.1829419934371719
7610,8805,1195,0.1195,0.17354283182842192
7736,8868,1132,0.1132,0.17030835013665113
7568,8784,1216,0.1216,0.1696932680926375
7610,8805,1195,0.1195,0.16527138242479414
7758,8879,1121,0.1121,0.16103001135326922
7634,8817,1183,0.1183,0.164219104213763
7398,8699,1301,0.1301,0.16907893040303315
7490,8745,1255,0.1255,0.17044581111399457
7390,8695,1305,0.1305,0.18894287646939048
7752,8876,1124,0.1124,0.19089288988187908
7492,8746,1254,0.1254,0.19684053499181756
7518,8759,1241,0.1241,0.19667300882260316
7684,8842,1158,0.1158,0.1886241339333511
7636,8818,1182,0.1182,0.18468390309773386
7466,8733,1267,0.1267,0.18387109066098348
7538,8769,1231,0.1231,0.1781225092177745
7676,8838,1162,0.1162,0.16944659626914654
7360,8680,1320,0.132,0.17317821770447994
7488,8744,1256,0.1256,0.1763043639652431
7578,8789,1211,0.1211,0.1776202931476757
7732,8866,1134,0.1134,0.18616556458558572
7394,8697,1303,0.1303,0.1883921951342374
7674,8837,1163,0.1163,0.18657011934314796
7442,8721,1279,0.1279,0.1853358691059053
7358,8679,1321,0.1321,0.1700728152703943
7686,8843,1157,0.1157,0.16309851278977222
7766,8883,1117,0.1117,0.15885921245487405
7550,8775,1225,0.1225,0.1568005396910818
7512,8756,1244,0.1244,0.15031600821018218
7760,8880,1120,0.112,0.1483912524007261
7612,8806,1194,0.1194,0.15230244146793848
7512,8756,1244,0.1244,0.1564110136969015
7472,8736,1264,0.1264,0.1695832155806944
7528,8764,1236,0.1236,0.17137057037345246
7642,8821,1179,0.1179,0.1738398447461426
7630,8815,1185,0.1185,0.17598522398024796
7664,8832,1168,0.1168,0.17295638488568366
7716,8858,1142,0.1142,0.17000025416298337
7468,8734,1266,0.1266,0.16897524771319844
7670,8835,1165,0.1165,0.16804101571291685
7752,8876,1124,0.1124,0.1641677219638601
7800,8900,1100,0.11,0.16570264469981194
7768,8884,1116,0.1116,0.16758475213979837
7760,8880,1120,0.112,0.17113235001740978
7752,8876,1124,0.1124,0.18742164670634084
7600,8800,1200,0.12,0.19439834692403674
7540,8770,1230,0.123,0.19996990163177253
7938,8969,1031,0.1031,0.20589477408900858
7570,8785,1215,0.1215,0.22481881796393718
7560,8780,1220,0.122,0.22699158018007876
7496,8748,1252,0.1252,0.2310788440511121
7466,8733,1267,0.1267,0.2299306340858806
7790,8895,1105,0.1105,0.23565279134997927
7634,8817,1183,0.1183,0.2369956475287676
7632,8816,1184,0.1184,0.23795019926539784
7648,8824,1176,0.1176,0.2379282049444024
7598,8799,1201,0.1201,0.24342596751080053
7752,8876,1124,0.1124,0.24555471990704536
7614,8807,1193,0.1193,0.2491183196157217
7686,8843,1157,0.1157,0.2504115019202232
7662,8831,1169,0.1169,0.25755839356836513
7718,8859,1141,0.1141,0.2593705348536372
7528,8764,1236,0.1236,0.25985969857051966
7546,8773,1227,0.1227,0.2597939786545161
7474,8737,1263,0.1263,0.2600558713003342
7498,8749,1251,0.1251,0.2603759730738588
7688,8844,1156,0.1156,0.25833373746515476
7542,8771,1229,0.1229,0.25819595241931964
7660,8830,1170,0.117,0.26101192848859356
7588,8794,1206,0.1206,0.26307985725495964
7536,8768,1232,0.1232,0.2613657985523343
7706,8853,1147,0.1147,0.26031754333076534
7672,8836,1164,0.1164,0.2542170620813462
7612,8806,1194,0.1194,0.2542415433149785
7774,8887,1113,0.1113,0.24973754454185254
7446,8723,1277,0.1277,0.25244647340402004
7536,8768,1232,0.1232,0.25194352142363785
7774,8887,1113,0.1113,0.2523331267118454
7620,8810,1190,0.119,0.25246065302640197
7538,8769,1231,0.1231,0.2550972287721932
7598,8799,1201,0.1201,0.2528536961555481
7668,8834,1166,0.1166,0.2536897200412031
7672,8836,1164,0.1164,0.2519098967067897
7486,8743,1257,0.1257,0.2524141506165266
7500,8750,1250,0.125,0.24715161353945064
7614,8807,1193,0.1193,0.24532645252505317
7582,8791,1209,0.1209,0.243991840672493
7622,8811,1189,0.1189,0.24575063971332275
7716,8858,1142,0.1142,0.2431117321835831
7394,8697,1303,0.1303,0.2421531160247826
7496,8748,1252,0.1252,0.24082172621414066
7648,8824,1176,0.1176,0.2381878789477516
7618,8809,1191,0.1191,0.23020417821997308
7710,8855,1145,0.1145,0.22802052760082298
7624,8812,1188,0.1188,0.22775689813643693
7736,8868,1132,0.1132,0.22422230223864317
7486,8743,1257,0.1257,0.2280364910967648
7636,8818,1182,0.1182,0.23131325288712978
7596,8798,1202,0.1202,0.23665250241681934
7564,8782,1218,0.1218,0.2390538234092295
7686,8843,1157,0.1157,0.24659910561144352
7650,8825,1175,0.1175,0.2508442988730967
7532,8766,1234,0.1234,0.2549751194790006
7574,8787,1213,0.1213,0.2556666601015255
7614,8807,1193,0.1193,0.2526863755147904
7500,8750,1250,0.125,0.25169426942744905
7790,8895,1105,0.1105,0.25081562154367565
7706,8853,1147,0.1147,0.2510629920208872
7636,8818,1182,0.1182,0.2542495436116646
7548,8774,1226,0.1226,0.2601513986111531
7636,8818,1182,0.1182,0.26318689367153564
7762,8881,1119,0.1119,0.2660545871399343
7552,8776,1224,0.1224,0.27755880860090254
7558,8779,1221,0.1221,0.28586789782562116
7414,8707,1293,0.1293,0.28948693872243164
7666,8833,1167,0.1167,0.29039606368541715
7270,8635,1365,0.1365,0.2991466705768369
7660,8830,1170,0.117,0.2975659064009786
7502,8751,1249,0.1249,0.2934353276742622
7748,8874,1126,0.1126,0.28895296702086926
7732,8866,1134,0.1134,0.28987320423167345
7628,8814,1186,0.1186,0.2897141273185378
7668,8834,1166,0.1166,0.28730248900091976
7484,8742,1258,0.1258,0.28818785309642553
7564,8782,1218,0.1218,0.28931034447903403
7688,8844,1156,0.1156,0.2916480480402708
7696,8848,1152,0.1152,0.2903739363091765
7532,8766,1234,0.1234,0.29144525206254934
7372,8686,1314,0.1314,0.2925834398026718
7574,8787,1213,0.1213,0.28950432372540236
7680,8840,1160,0.116,0.2868440640375018
7386,8693,1307,0.1307,0.2887983817013046
7422,8711,1289,0.1289,0.2835132491394877
7694,8847,1153,0.1153,0.27412662778943775
7638,8819,1181,0.1181,0.2700269527360797
7576,8788,1212,0.1212,0.2680490886099637
7814,8907,1093,0.1093,0.25499197766762227
7682,8841,1159,0.1159,0.24350832438272774
7762,8881,1119,0.1119,0.23891705051511525
7436,8718,1282,0.1282,0.23925499534328482
7630,8815,1185,0.1185,0.23262164940983057
7698,8849,1151,0.1151,0.23213231610865295
7404,8702,1298,0.1298,0.2350335150318264
7650,8825,1175,0.1175,0.2369434482179815
7756,8878,1122,0.1122,0.23489835157692432
7612,8806,1194,0.1194,0.23015076991046998
7778,8889,1111,0.1111,0.22489910564869642
7430,8715,1285,0.1285,0.22535920026302336
7658,8829,1171,0.1171,0.21094999072924256
7506,8753,1247,0.1247,0.20501111127454716
7534,8767,1233,0.1233,0.20351218971308538
7572,8786,1214,0.1214,0.20304624366997745
7650,8825,1175,0.1175,0.20293921575299464
7596,8798,1202,0.1202,0.20970322683900594
7380,8690,1310,0.131,0.21502545602265746
7566,8783,1217,0.1217,0.21578303010307182
7446,8723,1277,0.1277,0.21616034004616957
7490,8745,1255,0.1255,0.21377126886099576
7588,8794,1206,0.1206,0.209945936838584
7770,8885,1115,0.1115,0.205609729021776
7678,8839,1161,0.1161,0.20050932220631532
7740,8870,1130,0.113,0.1935749310924206
7730,8865,1135,0.1135,0.1911825275791809
7666,8833,1167,0.1167,0.19074028870605642
7670,8835,1165,0.1165,0.1906881086371839
7648,8824,1176,0.1176,0.19300790356993675
7596,8798,1202,0.1202,0.1965994582153857
7476,8738,1262,0.1262,0.1971008781502158
7490,8745,1255,0.1255,0.20053913074359297
7544,8772,1228,0.1228,0.20665494816750288
7606,8803,1197,0.1197,0.20940578940585255
7574,8787,1213,0.1213,0.21009465044047684
7690,8845,1155,0.1155,0.20868948663357015
7564,8782,1218,0.1218,0.20401790000870823
7506,8753,1247,0.1247,0.20152592590227722
7594,8797,1203,0.1203,0.19916156196054072
7686,8843,1157,0.1157,0.19688398550585845
7564,8782,1218,0.1218,0.19867380092749953
7606,8803,1197,0.1197,0.20250717851973463
7752,8876,1124,0.1124,0.20264933439578728
7494,8747,1253,0.1253,0.20679550488442183
7572,8786,1214,0.1214,0.20867817557472734
7594,8797,1203,0.1203,0.20920414861816397
7674,8837,1163,0.1163,0.2094632405653596
7532,8766,1234,0.1234,0.20892163580358028
7654,8827,1173,0.1173,0.1964362343683839
7548,8774,1226,0.1226,0.19061531887091696
7696,8848,1152,0.1152,0.18614905253255554
7668,8834,1166,0.1166,0.18203865894558258
7670,8835,1165,0.1165,0.1702656149132792
7640,8820,1180,0.118,0.17054206917546688
7538,8769,1231,0.1231,0.1708827828306705
7630,8815,1185,0.1185,0.17317196358293294
7628,8814,1186,0.1186,0.17844049555663077
7674,8837,1163,0.1163,0.18212941106762737
7688,8844,1156,0.1156,0.1834269228801131
7738,8869,1131,0.1131,0.1834222346715629
7582,8791,1209,0.1209,0.18168988206901898
7634,8817,1183,0.1183,0.1790521456146665
7694,8847,1153,0.1153,0.17868549389987337
7676,8838,1162,0.1162,0.17910815564645455
7572,8786,1214,0.1214,0.1815991929165437
7690,8845,1155,0.1155,0.18366099117040913
7594,8797,1203,0.1203,0.18661372306793927
7720,8860,1140,0.114,0.18508379540500633
7716,8858,1142,0.1142,0.18508853342831136
7710,8855,1145,0.1145,0.18090196156203747
7704,8852,1148,0.1148,0.17791017742168505
7590,8795,1205,0.1205,0.17788430060348473
7622,8811,1189,0.1189,0.1739866238757253
7572,8786,1214,0.1214,0.173606576468423
7626,8813,1187,0.1187,0.1746562074035406
7668,8834,1166,0.1166,0.17926928591318428
7636,8818,1182,0.1182,0.18370731988309288
7560,8780,1220,0.122,0.187250575388968
7690,8845,1155,0.1155,0.18746347159580054
7544,8772,1228,0.1228,0.18938328322116285
7700,8850,1150,0.115,0.18759786783781893
7622,8811,1189,0.1189,0.18646280041467397
7884,8942,1058,0.1058,0.18268628515923435
7504,8752,1248,0.1248,0.18571827795356513
7696,8848,1152,0.1152,0.18535999066348438
7648,8824,1176,0.1176,0.1896905076912619
7582,8791,1209,0.1209,0.1912311442784965
7646,8823,1177,0.1177,0.1927040180414915
7744,8872,1128,0.1128,0.20051605897843838
7650,8825,1175,0.1175,0.20554523801282049
7668,8834,1166,0.1166,0.20468132847221568
7498,8749,1251,0.1251,0.20684550891816617
7648,8824,1176,0.1176,0.20434092167444382
7580,8790,1210,0.121,0.2052329562216997
7720,8860,1140,0.114,0.20393982514747203
7650,8825,1175,0.1175,0.20517903274036944
7866,8933,1067,0.1067,0.20377108199624344
7638,8819,1181,0.1181,0.20493738065231593
7588,8794,1206,0.1206,0.2041711885035038
7750,8875,1125,0.1125,0.20242084330394863
7804,8902,1098,0.1098,0.20004815981909632
7506,8753,1247,0.1247,0.20244001340344547
7724,8862,1138,0.1138,0.19989829298428877
7602,8801,1199,0.1199,0.20035475168824196
7694,8847,1153,0.1153,0.19524967935197055
7434,8717,1283,0.1283,0.19625463608877727
7676,8838,1162,0.1162,0.19120541508942848
7536,8768,1232,0.1232,0.19320636347898235
7734,8867,1133,0.1133,0.19043094630701235
7668,8834,1166,0.1166,0.19069231819063426
7640,8820,1180,0.118,0.18730673322266084
7546,8773,1227,0.1227,0.18918347785912593
7498,8749,1251,0.1251,0.18728029407784344
7702,8851,1149,0.1149,0.1840013223648537
7582,8791,1209,0.1209,0.18357936829608817
7504,8752,1248,0.1248,0.18506497167665512
7584,8792,1208,0.1208,0.18616092330422251
7734,8867,1133,0.1133,0.1868818533204496
7786,8893,1107,0.1107,0.18576550108212977
7590,8795,1205,0.1205,0.18747798103690147
7704,8852,1148,0.1148,0.17924632919243477
7668,8834,1166,0.1166,0.1750230216063559
7546,8773,1227,0.1227,0.17339683720692992
7528,8764,1236,0.1236,0.1736823476113379
7610,8805,1195,0.1195,0.16894767324700952
7614,8807,1193,0.1193,0.16997590392899017
7482,8741,1259,0.1259,0.17187254726036919
7608,8804,1196,0.1196,0.17290376200126484
7576,8788,1212,0.1212,0.17699350471422076
7550,8775,1225,0.1225,0.17545636638104917
7558,8779,1221,0.1221,0.17451684924811126
7580,8790,1210,0.121,0.17397877736389636
7578,8789,1211,0.1211,0.16680810330150997
7654,8827,1173,0.1173,0.16173878286895343
7726,8863,1137,0.1137,0.16199308241601107
7714,8857,1143,0.1143,0.1611744187539727
7702,8851,1149,0.1149,0.16185421425625682
7474,8737,1263,0.1263,0.16387815828910096
7660,8830,1170,0.117,0.16520279700626292
7558,8779,1221,0.1221,0.16579258659034968
7690,8845,1155,0.1155,0.16950941567197442
7532,8766,1234,0.1234,0.17205670015707147
7788,8894,1106,0.1106,0.17020568589568139
7802,8901,1099,0.1099,0.1699682924606766
7648,8824,1176,0.1176,0.16653765752092003
7480,8740,1260,0.126,0.16425868733152582
7586,8793,1207,0.1207,0.16153907437457238
7640,8820,1180,0.118,0.16258108052015305
7616,8808,1192,0.1192,0.1688843393356556
7600,8800,1200,0.12,0.17343745078286865
7616,8808,1192,0.1192,0.17481288270254736
7698,8849,1151,0.1151,0.1736423634670675
7726,8863,1137,0.1137,0.17750769593575969
7602,8801,1199,0.1199,0.17506726119539381
7556,8778,1222,0.1222,0.1726551884726505
7556,8778,1222,0.1222,0.1725086768720299
7742,8871,1129,0.1129,0.17131593997610034
7586,8793,1207,0.1207,0.1748045286640525
7692,8846,1154,0.1154,0.1708691897347453
7510,8755,1245,0.1245,0.17555898711383341
7572,8786,1214,0.1214,0.17364965410661243
7596,8798,1202,0.1202,0.17356224708864465
7620,8810,1190,0.119,0.1717362977755256
7742,8871,1129,0.1129,0.1715202698792391
7556,8778,1222,0.1222,0.16906320301629602
7536,8768,1232,0.1232,0.1616625411979854
7776,8888,1112,0.1112,0.1591194080658257
7654,8827,1173,0.1173,0.15898771759234367
7654,8827,1173,0.1173,0.1513433397166431
7692,8846,1154,0.1154,0.14603259491101625
7574,8787,1213,0.1213,0.14657044908478856
7608,8804,1196,0.1196,0.14590168141126633
7738,8869,1131,0.1131,0.14215930714420974
7594,8797,1203,0.1203,0.14198477599024772
7508,8754,1246,0.1246,0.14237164094746113
7528,8764,1236,0.1236,0.14098902744692168
7564,8782,1218,0.1218,0.1376155623130966
7424,8712,1288,0.1288,0.1363271828878671
7556,8778,1222,0.1222,0.13596448579238624
7712,8856,1144,0.1144,0.1339166864503175
7596,8798,1202,0.1202,0.1303112983108469
7658,8829,1171,0.1171,0.12472044989019632
7776,8888,1112,0.1112,0.1234837221249938
7604,8802,1198,0.1198,0.12319542416371405
7566,8783,1217,0.1217,0.11737523770202345
7662,8831,1169,0.1169,0.11694581532306145
7612,8806,1194,0.1194,0.11775354218930006
7676,8838,1162,0.1162,0.11879980974569916
7632,8816,1184,0.1184,0.1289874224870944
7778,8889,1111,0.1111,0.13315304095022298
7736,8868,1132,0.1132,0.13316176324376933
7634,8817,1183,0.1183,0.13552140670444932
7692,8846,1154,0.1154,0.1337125822164584
7770,8885,1115,0.1115,0.12980635519309436
7684,8842,1158,0.1158,0.1283515650273068
7958,8979,1021,0.1021,0.1274011516050534
7764,8882,1118,0.1118,0.12759738160930573
7594,8797,1203,0.1203,0.13252693530071993
7480,8740,1260,0.126,0.1350257294886556
7632,8816,1184,0.1184,0.1376828962812433
7568,8784,1216,0.1216,0.16057041565329977
7558,8779,1221,0.1221,0.1708790494695306
7648,8824,1176,0.1176,0.17260078336652368
7556,8778,1222,0.1222,0.17441907141890461
7684,8842,1158,0.1158,0.17304400657788388
7594,8797,1203,0.1203,0.16769760050121696
7568,8784,1216,0.1216,0.16678344298402245
7382,8691,1309,0.1309,0.16532916745319962
7904,8952,1048,0.1048,0.151347274107486
7568,8784,1216,0.1216,0.15307248675599694
7770,8885,1115,0.1115,0.1525811043021269
7494,8747,1253,0.1253,0.15451487932738384
7762,8881,1119,0.1119,0.16088473224161098
7668,8834,1166,0.1166,0.16962337260106577
7512,8756,1244,0.1244,0.17389568069167435
7490,8745,1255,0.1255,0.17307557673396307
7636,8818,1182,0.1182,0.17525097619150765
7444,8722,1278,0.1278,0.17627291379482485
7756,8878,1122,0.1122,0.17233849658863637
7574,8787,1213,0.1213,0.17161269685156186
7562,8781,1219,0.1219,0.16351835159650072
7466,8733,1267,0.1267,0.16255297988214806
7810,8905,1095,0.1095,0.1595097379475832
7542,8771,1229,0.1229,0.16206332102568122
7556,8778,1222,0.1222,0.16758594845626504
7786,8893,1107,0.1107,0.1703949400447309
7544,8772,1228,0.1228,0.17113709644879127
7496,8748,1252,0.1252,0.17168194723465713
7722,8861,1139,0.1139,0.1731405309446156
7680,8840,1160,0.116,0.17185836974978447
7760,8880,1120,0.112,0.1717401263605745
7566,8783,1217,0.1217,0.171204017582722
7582,8791,1209,0.1209,0.16269668988734484
7508,8754,1246,0.1246,0.15969162177219987
7546,8773,1227,0.1227,0.15888296175189318
7756,8878,1122,0.1122,0.1572366526828253
7530,8765,1235,0.1235,0.16239585418553215
7660,8830,1170,0.117,0.16606233064960688
7566,8783,1217,0.1217,0.16662950235679747
7510,8755,1245,0.1245,0.16771101938048377
7696,8848,1152,0.1152,0.1697177145161666
7766,8883,1117,0.1117,0.16855113924399012
7598,8799,1201,0.1201,0.16882367051933816
7624,8812,1188,0.1188,0.1680458458326153
7556,8778,1222,0.1222,0.16206115137438973
7620,8810,1190,0.119,0.16062648173173658
7674,8837,1163,0.1163,0.16115356047367896
7528,8764,1236,0.1236,0.16190549225360154
7674,8837,1163,0.1163,0.16692353050464298
7668,8834,1166,0.1166,0.17364252125322818
7708,8854,1146,0.1146,0.1739877338107908
7538,8769,1231,0.1231,0.1782482224818712
7668,8834,1166,0.1166,0.18375638288855553
7684,8842,1158,0.1158,0.18554014533869922
7504,8752,1248,0.1248,0.18570947695188364
7364,8682,1318,0.1318,0.18780958249857585
7586,8793,1207,0.1207,0.18327089100182056
7746,8873,1127,0.1127,0.1786351593672036
7632,8816,1184,0.1184,0.18079258008841753
7714,8857,1143,0.1143,0.17994823304082966
7736,8868,1132,0.1132,0.18346976104527712
7680,8840,1160,0.116,0.18732980614565312
7802,8901,1099,0.1099,0.18977752622440458
7468,8734,1266,0.1266,0.1950449582551315
7540,8770,1230,0.123,0.2085871740417555
7536,8768,1232,0.1232,0.21472739518210146
7594,8797,1203,0.1203,0.217810709442168
7912,8956,1044,0.1044,0.21871487497165798
7582,8791,1209,0.1209,0.23149596954818993
7476,8738,1262,0.1262,0.2349136692021042
7628,8814,1186,0.1186,0.23500519255204128
7470,8735,1265,0.1265,0.23702068619264174
7798,8899,1101,0.1101,0.2418879137262702
7732,8866,1134,0.1134,0.2478933055737987
7580,8790,1210,0.121,0.25070976233029213
7682,8841,1159,0.1159,0.250544223305954
7526,8763,1237,0.1237,0.2625919788007588
7518,8759,1241,0.1241,0.2682360065206885
7786,8893,1107,0.1107,0.2653095787247676
7696,8848,1152,0.1152,0.26721390509456394
7632,8816,1184,0.1184,0.2692012999460101
7640,8820,1180,0.118,0.2687010937033221
7654,8827,1173,0.1173,0.26481406663811546
7752,8876,1124,0.1124,0.2645416106581688
7616,8808,1192,0.1192,0.2669588755711913
7624,8812,1188,0.1188,0.2674128950946673
7436,8718,1282,0.1282,0.26712092552525574
7692,8846,1154,0.1154,0.2675344561524689
7668,8834,1166,0.1166,0.2667348157919943
7706,8853,1147,0.1147,0.2622491381287575
7672,8836,1164,0.1164,0.2578819772232816
7620,8810,1190,0.119,0.2525198696404696
7586,8793,1207,0.1207,0.24397333667767
7616,8808,1192,0.1192,0.24230890458263352
7468,8734,1266,0.1266,0.24137194323167205
7840,8920,1080,0.108,0.2355467854540795
7490,8745,1255,0.1255,0.24216890132413987
7870,8935,1065,0.1065,0.23967049739733337
7630,8815,1185,0.1185,0.24220737022832037
7660,8830,1170,0.117,0.23972957848124207
7712,8856,1144,0.1144,0.23442070583869354
7592,8796,1204,0.1204,0.2328098156169057
7724,8862,1138,0.1138,0.22836400219127537
7614,8807,1193,0.1193,0.2249009675852256
7398,8699,1301,0.1301,0.21890395360840484
7478,8739,1261,0.1261,0.216665327950567
7602,8801,1199,0.1199,0.21724268859440926
7642,8821,1179,0.1179,0.21594085921995915
7778,8889,1111,0.1111,0.22237074119150638
7448,8724,1276,0.1276,0.22279800325129182
7678,8839,1161,0.1161,0.2208813420072198
7506,8753,1247,0.1247,0.22094260204502097
7442,8721,1279,0.1279,0.20988582688910193
7578,8789,1211,0.1211,0.2081757676813164
7520,8760,1240,0.124,0.2046843922952481
7528,8764,1236,0.1236,0.20409575592619492
7578,8789,1211,0.1211,0.20401552176820115
7610,8805,1195,0.1195,0.20535555008966475
7656,8828,1172,0.1172,0.20616562675568276
7596,8798,1202,0.1202,0.20633928330146023
7610,8805,1195,0.1195,0.2078255530580961
7600,8800,1200,0.12,0.20922797278389335
7630,8815,1185,0.1185,0.20831918245605535
7504,8752,1248,0.1248,0.20955903828199954
7768,8884,1116,0.1116,0.20674994980772027
7800,8900,1100,0.11,0.20858333047939595
7600,8800,1200,0.12,0.20402525618912767
7710,8855,1145,0.1145,0.20395470473850147
7378,8689,1311,0.1311,0.19973588836925799
7580,8790,1210,0.121,0.19840291512544658
7726,8863,1137,0.1137,0.19878710822016002
7448,8724,1276,0.1276,0.20525613215500488
7480,8740,1260,0.126,0.2115538853614346
7674,8837,1163,0.1163,0.2100634271152114
7808,8904,1096,0.1096,0.20430096992850302
7576,8788,1212,0.1212,0.2075885069833603
7548,8774,1226,0.1226,0.18721947768399733
7730,8865,1135,0.1135,0.18131240832408657
7494,8747,1253,0.1253,0.16973811026609037
7646,8823,1177,0.1177,0.16628547147586942
7742,8871,1129,0.1129,0.1541459326152782
7672,8836,1164,0.1164,0.1538505580495723
7722,8861,1139,0.1139,0.15477740808427334
7426,8713,1287,0.1287,0.15948369156646758
7406,8703,1297,0.1297,0.169341612727358
7630,8815,1185,0.1185,0.16884040569290518
7544,8772,1228,0.1228,0.1699272421658272
7638,8819,1181,0.1181,0.17129573030629328
7452,8726,1274,0.1274,0.16296985736079514
7634,8817,1183,0.1183,0.15817707104235887
7398,8699,1301,0.1301,0.15398946366496385
7484,8742,1258,0.1258,0.149490147562325
7774,8887,1113,0.1113,0.14503456532530618
7678,8839,1161,0.1161,0.1444369634596631
7696,8848,1152,0.1152,0.1477895473778248
7742,8871,1129,0.1129,0.14985043966150843
7564,8782,1218,0.1218,0.16119319850357133
7846,8923,1077,0.1077,0.1599941168613732
7560,8780,1220,0.122,0.16812746203650933
7628,8814,1186,0.1186,0.16980886867822392
7764,8882,1118,0.1118,0.1746594491184666
7686,8843,1157,0.1157,0.17660195905510337
7762,8881,1119,0.1119,0.1762511970832944
7550,8775,1225,0.1225,0.1753339402455844
7626,8813,1187,0.1187,0.17663609096008004
7618,8809,1191,0.1191,0.1777986450382974
7594,8797,1203,0.1203,0.18102432817597874
7660,8830,1170,0.117,0.18301116400414613
7656,8828,1172,0.1172,0.190857925991714
7488,8744,1256,0.1256,0.1919871588163078
7712,8856,1144,0.1144,0.19500448851287364
7588,8794,1206,0.1206,0.1975592375345529
7646,8823,1177,0.1177,0.20542568623014099
7750,8875,1125,0.1125,0.20557887319538276
7676,8838,1162,0.1162,0.20765230028035597
7422,8711,1289,0.1289,0.2113934365261346
7406,8703,1297,0.1297,0.21456188211953267
7526,8763,1237,0.1237,0.21310420342967845
7716,8858,1142,0.1142,0.21073810656326486
7560,8780,1220,0.122,0.21261154904663562
7516,8758,1242,0.1242,0.21562420977437896
7726,8863,1137,0.1137,0.2147645968798657
7590,8795,1205,0.1205,0.21482140743900627
7682,8841,1159,0.1159,0.21613913516849279
7636,8818,1182,0.1182,0.2191971522839465
7784,8892,1108,0.1108,0.21903786278869958
7636,8818,1182,0.1182,0.21965336186029016
7676,8838,1162,0.1162,0.2202630545347929
7678,8839,1161,0.1161,0.22337803444289908
7326,8663,1337,0.1337,0.22586293159276247
7542,8771,1229,0.1229,0.22606524562388658
7470,8735,1265,0.1265,0.2271546846621994
7662,8831,1169,0.1169,0.23179050392353576
7488,8744,1256,0.1256,0.23487473372370005
7678,8839,1161,0.1161,0.2335516312972817
7906,8953,1047,0.1047,0.23208772986559342
7422,8711,1289,0.1289,0.2295977043658495
7616,8808,1192,0.1192,0.22838691210746764
7594,8797,1203,0.1203,0.22571634960770606
7588,8794,1206,0.1206,0.2242338399067521
7650,8825,1175,0.1175,0.23137651145411656
7604,8802,1198,0.1198,0.23158667945354855
7740,8870,1130,0.113,0.23869667758140714
7616,8808,1192,0.1192,0.24180609402507544
7634,8817,1183,0.1183,0.2601486744463444
7510,8755,1245,0.1245,0.26220559588372705
7586,8793,1207,0.1207,0.2698148044839501
7790,8895,1105,0.1105,0.27062375532072036
7710,8855,1145,0.1145,0.27760388666116453
7468,8734,1266,0.1266,0.28030258202659897
7662,8831,1169,0.1169,0.2820985839828849
7692,8846,1154,0.1154,0.28191955799078566
7660,8830,1170,0.117,0.2912544882232658
7630,8815,1185,0.1185,0.29287699775369835
7602,8801,1199,0.1199,0.302528150676204
7726,8863,1137,0.1137,0.3064830863751471
7720,8860,1140,0.114,0.3202628427032381
7606,8803,1197,0.1197,0.32268036097632113
7574,8787,1213,0.1213,0.32463874437361956
7502,8751,1249,0.1249,0.3256830472851638
7580,8790,1210,0.121,0.3258787515208125
7494,8747,1253,0.1253,0.3269998580306768
7680,8840,1160,0.116,0.3284360356390476
7640,8820,1180,0.118,0.3342098153322935
7384,8692,1308,0.1308,0.3425812925286592
7724,8862,1138,0.1138,0.3424944976114959
7540,8770,1230,0.123,0.34724284424185753
7628,8814,1186,0.1186,0.3505736784318251
7546,8773,1227,0.1227,0.3626876868918538
7560,8780,1220,0.122,0.36632266901806
7642,8821,1179,0.1179,0.3797551962539299
7460,8730,1270,0.127,0.3843107795909047
7588,8794,1206,0.1206,0.40111154984990655
7750,8875,1125,0.1125,0.40285979511663317
7476,8738,1262,0.1262,0.4165773536786437
7500,8750,1250,0.125,0.4169031050391495
7394,8697,1303,0.1303,0.4246187705636024
7526,8763,1237,0.1237,0.4245388505540788
7660,8830,1170,0.117,0.42711978436401116
7506,8753,1247,0.1247,0.42673224139995874
7626,8813,1187,0.1187,0.42433370026871564
7664,8832,1168,0.1168,0.42177962058498525
7448,8724,1276,0.1276,0.42409349232017995
7552,8776,1224,0.1224,0.4230270630117506
7760,8880,1120,0.112,0.4229401198642212
7642,8821,1179,0.1179,0.4252955475915223
7574,8787,1213,0.1213,0.42466794496825894
7458,8729,1271,0.1271,0.4252937949247309
7462,8731,1269,0.1269,0.4209100657071918
7618,8809,1191,0.1191,0.41522256951081954
7532,8766,1234,0.1234,0.40891312951762226
7612,8806,1194,0.1194,0.40162093813753386
7630,8815,1185,0.1185,0.38798281430729914
7688,8844,1156,0.1156,0.3792862614244223
7510,8755,1245,0.1245,0.3670389936346991
7556,8778,1222,0.1222,0.3611179292082787
7520,8760,1240,0.124,0.3510986665010452
7608,8804,1196,0.1196,0.34699430829915734
7464,8732,1268,0.1268,0.34514220169186594
7422,8711,1289,0.1289,0.34303601893174407
7664,8832,1168,0.1168,0.33350468649039977
7546,8773,1227,0.1227,0.3293659486601595
7570,8785,1215,0.1215,0.317626482796669
7544,8772,1228,0.1228,0.31175792920589446
7786,8893,1107,0.1107,0.29324712960571053
7590,8795,1205,0.1205,0.28545806700140236
7548,8774,1226,0.1226,0.2668189072151319
7596,8798,1202,0.1202,0.26058643179237845
7650,8825,1175,0.1175,0.24449393179272882
7872,8936,1064,0.1064,0.2405039825513959
7472,8736,1264,0.1264,0.24083732392564416
7542,8771,1229,0.1229,0.24416892328113318
7736,8868,1132,0.1132,0.2470976143666194
7402,8701,1299,0.1299,0.2523413018335566
7742,8871,1129,0.1129,0.25186342614889146
7588,8794,1206,0.1206,0.2528918790426105
7694,8847,1153,0.1153,0.24563040621578694
7536,8768,1232,0.1232,0.24346708684755214
7604,8802,1198,0.1198,0.23034630695581437
7766,8883,1117,0.1117,0.2230705468681932
7344,8672,1328,0.1328,0.22096829718593508
7714,8857,1143,0.1143,0.218248103567418
7636,8818,1182,0.1182,0.2221272504091263
7616,8808,1192,0.1192,0.2274587925707252
7496,8748,1252,0.1252,0.231809555651435
7514,8757,1243,0.1243,0.2336103387530893
7570,8785,1215,0.1215,0.23273469279771672
7730,8865,1135,0.1135,0.22883263291288167
7686,8843,1157,0.1157,0.22200308019295334
7694,8847,1153,0.1153,0.2132215362586081
7632,8816,1184,0.1184,0.20296835851817233
7436,8718,1282,0.1282,0.19617989898868837
7526,8763,1237,0.1237,0.1902660534069586
7692,8846,1154,0.1154,0.1866694481945604
7612,8806,1194,0.1194,0.1875514119981279
7708,8854,1146,0.1146,0.18892289433927872
7628,8814,1186,0.1186,0.19409665891230107
7734,8867,1133,0.1133,0.1932394850748591
7564,8782,1218,0.1218,0.19195587825027272
7678,8839,1161,0.1161,0.185086957767079
7642,8821,1179,0.1179,0.18163478917703033
7602,8801,1199,0.1199,0.1724594850026071
7654,8827,1173,0.1173,0.16503176083919824
7654,8827,1173,0.1173,0.16064783031642438
7800,8900,1100,0.11,0.15834569113329053
7596,8798,1202,0.1202,0.16230116085484625
7440,8720,1280,0.128,0.16877029894455337
7486,8743,1257,0.1257,0.1748995523998281
7580,8790,1210,0.121,0.17775903787687422
7676,8838,1162,0.1162,0.18193465475142
7582,8791,1209,0.1209,0.1841115599947516
7786,8893,1107,0.1107,0.17819838500097393
7890,8945,1055,0.1055,0.17324991472014226
7596,8798,1202,0.1202,0.16641378818342165
7594,8797,1203,0.1203,0.16056589619471634
7446,8723,1277,0.1277,0.1589084859380717
7642,8821,1179,0.1179,0.1570278696986644
7844,8922,1078,0.1078,0.16381887765154243
7686,8843,1157,0.1157,0.1706825811770279
7762,8881,1119,0.1119,0.17795289791622199
7568,8784,1216,0.1216,0.18104692780897022
7810,8905,1095,0.1095,0.18356946022920342
7748,8874,1126,0.1126,0.18168238968774678
7432,8716,1284,0.1284,0.18223191988883328
7486,8743,1257,0.1257,0.17878928638622166
7560,8780,1220,0.122,0.17696028750836848
7584,8792,1208,0.1208,0.1763581269737333
7570,8785,1215,0.1215,0.17842826659122948
7612,8806,1194,0.1194,0.17868355860654264
7664,8832,1168,0.1168,0.17858969517834486
7642,8821,1179,0.1179,0.1803386392518878
7696,8848,1152,0.1152,0.182279223934561
7562,8781,1219,0.1219,0.183523163777734
7502,8751,1249,0.1249,0.18375759950187343
7472,8736,1264,0.1264,0.18680845268159169
7610,8805,1195,0.1195,0.18853265687068924
7562,8781,1219,0.1219,0.1912756350165233
7748,8874,1126,0.1126,0.19075002059457838
7492,8746,1254,0.1254,0.19325066583640874
7560,8780,1220,0.122,0.19324212306514382
7792,8896,1104,0.1104,0.1926373610921204
7634,8817,1183,0.1183,0.19230279778698858
7596,8798,1202,0.1202,0.19405237789857202
7470,8735,1265,0.1265,0.19746483838707207
7656,8828,1172,0.1172,0.19706130607493036
7668,8834,1166,0.1166,0.1997433699815996
7638,8819,1181,0.1181,0.20352749932706357
7596,8798,1202,0.1202,0.20531568450546056
7616,8808,1192,0.1192,0.2039187287464738
7568,8784,1216,0.1216,0.20341510454565287
7714,8857,1143,0.1143,0.20243328543622047
7484,8742,1258,0.1258,0.201876989851892
7752,8876,1124,0.1124,0.1987713592551998
7690,8845,1155,0.1155,0.20048756775556817
7758,8879,1121,0.1121,0.2000666338801384
7752,8876,1124,0.1124,0.20121580470717162
7606,8803,1197,0.1197,0.19951348237521205
7674,8837,1163,0.1163,0.19915238384269177
7700,8850,1150,0.115,0.19818006010986863
7606,8803,1197,0.1197,0.20119891924757757
7584,8792,1208,0.1208,0.20437599996554198
7812,8906,1094,0.1094,0.2036596741289366
7692,8846,1154,0.1154,0.207189560335438
7532,8766,1234,0.1234,0.2116508682464319
7722,8861,1139,0.1139,0.20775479161308016
7840,8920,1080,0.108,0.20790436437963508
7526,8763,1237,0.1237,0.20880360134914516
7532,8766,1234,0.1234,0.21133248438340596
7628,8814,1186,0.1186,0.21136135314387333
7594,8797,1203,0.1203,0.21351022181604057
7656,8828,1172,0.1172,0.21535850004250007
7622,8811,1189,0.1189,0.2302950613386929
7378,8689,1311,0.1311,0.23332914482019196
7686,8843,1157,0.1157,0.23199122370183467
7466,8733,1267,0.1267,0.23408753910704969
7436,8718,1282,0.1282,0.23144144629966468
7698,8849,1151,0.1151,0.23093594659268857
7576,8788,1212,0.1212,0.2313993923109483
7572,8786,1214,0.1214,0.2282859821766615
7686,8843,1157,0.1157,0.22463733345270157
7576,8788,1212,0.1212,0.22586660116761922
7760,8880,1120,0.112,0.21801978594418614
7664,8832,1168,0.1168,0.20968895728737116
7660,8830,1170,0.117,0.20658831747417197
7424,8712,1288,0.1288,0.20799938003793358
7590,8795,1205,0.1205,0.20712037118505686
7536,8768,1232,0.1232,0.20754037598967554
7604,8802,1198,0.1198,0.20921244119405746
7636,8818,1182,0.1182,0.21095246731676162
7634,8817,1183,0.1183,0.20843830987215042
7620,8810,1190,0.119,0.2038924429047125
7566,8783,1217,0.1217,0.20021159143228434
7780,8890,1110,0.111,0.1988964137931524
7610,8805,1195,0.1195,0.18888942818630028
7782,8891,1109,0.1109,0.18346208016065066
7574,8787,1213,0.1213,0.1831304177532904
7662,8831,1169,0.1169,0.18160274997227827
7730,8865,1135,0.1135,0.18048771171132322
7746,8873,1127,0.1127,0.18251046546528982
7654,8827,1173,0.1173,0.18712694691413634
7620,8810,1190,0.119,0.18771329574361442
7592,8796,1204,0.1204,0.19624374440778047
7622,8811,1189,0.1189,0.20150172654539347
7702,8851,1149,0.1149,0.20417271950542926
7350,8675,1325,0.1325,0.2094516208201647
7720,8860,1140,0.114,0.21027996721863745
7552,8776,1224,0.1224,0.21138512516282498
7652,8826,1174,0.1174,0.20908437116325368
7668,8834,1166,0.1166,0.21042321851218013
7640,8820,1180,0.118,0.20460260569304228
7666,8833,1167,0.1167,0.20296663510501384
7490,8745,1255,0.1255,0.20317566006779672
7446,8723,1277,0.1277,0.20488659094981848
7732,8866,1134,0.1134,0.20566619914472103
7514,8757,1243,0.1243,0.21059082503020762
7636,8818,1182,0.1182,0.21087492149499304
7742,8871,1129,0.1129,0.2114798977972474
7620,8810,1190,0.119,0.20837869096547365
7650,8825,1175,0.1175,0.20499481387996638
7580,8790,1210,0.121,0.20073348783286246
7548,8774,1226,0.1226,0.20032423894330859
7518,8759,1241,0.1241,0.1988635356279836
7716,8858,1142,0.1142,0.2014154836475849
7722,8861,1139,0.1139,0.20663017307706033
7522,8761,1239,0.1239,0.20809001734901358
7650,8825,1175,0.1175,0.21456972422674297
7650,8825,1175,0.1175,0.21914460111994413
7510,8755,1245,0.1245,0.2228472803018987
7718,8859,1141,0.1141,0.22318745306283236
7452,8726,1274,0.1274,0.2241654127504793
7544,8772,1228,0.1228,0.22171624830453657
7672,8836,1164,0.1164,0.21877743160575627
7626,8813,1187,0.1187,0.2171866560205817
7708,8854,1146,0.1146,0.21376794208735228
7542,8771,1229,0.1229,0.213658559154893
7730,8865,1135,0.1135,0.2109924646430411
7674,8837,1163,0.1163,0.21017073585053567
7650,8825,1175,0.1175,0.21411960822567344
7546,8773,1227,0.1227,0.2165092304047197
7610,8805,1195,0.1195,0.2166812543039676
7738,8869,1131,0.1131,0.21562371220186433
7594,8797,1203,0.1203,0.2208263236578554
7554,8777,1223,0.1223,0.22024392760993738
7410,8705,1295,0.1295,0.21832357753254647
7548,8774,1226,0.1226,0.2176203535551138
7668,8834,1166,0.1166,0.21510902889351746
7632,8816,1184,0.1184,0.21362322108440548
7534,8767,1233,0.1233,0.21518784153932358
7554,8777,1223,0.1223,0.21536207786064757
7550,8775,1225,0.1225,0.22103594499826432
7540,8770,1230,0.123,0.2272731116846204
7540,8770,1230,0.123,0.23523234805054963
7434,8717,1283,0.1283,0.2375088130591719
7646,8823,1177,0.1177,0.24215346132852136
7622,8811,1189,0.1189,0.24509449165165426
7716,8858,1142,0.1142,0.24310218172296882
7598,8799,1201,0.1201,0.2432545276477933
7570,8785,1215,0.1215,0.2430625591777265
7734,8867,1133,0.1133,0.2476392163515091
7600,8800,1200,0.12,0.25386594454497097
7556,8778,1222,0.1222,0.25510826602184095
7624,8812,1188,0.1188,0.2719322229914367
7478,8739,1261,0.1261,0.27942772434055807
7730,8865,1135,0.1135,0.2821541183115558
7590,8795,1205,0.1205,0.28405565381981435
7544,8772,1228,0.1228,0.28743944852772185
7672,8836,1164,0.1164,0.2846493141185492
7614,8807,1193,0.1193,0.28094878667853773
7630,8815,1185,0.1185,0.2812527026668191
7734,8867,1133,0.1133,0.2774751246694475
7660,8830,1170,0.117,0.27805826877803336
7726,8863,1137,0.1137,0.27813468255549667
7684,8842,1158,0.1158,0.27864405634850264
7604,8802,1198,0.1198,0.2837972756937357
7518,8759,1241,0.1241,0.29085348169448555
7792,8896,1104,0.1104,0.2939159421265125
7656,8828,1172,0.1172,0.29517477048933505
7418,8709,1291,0.1291,0.3034713893307615
7380,8690,1310,0.131,0.30965193391889334
7472,8736,1264,0.1264,0.30615469686612484
7610,8805,1195,0.1195,0.30255115193938836
7750,8875,1125,0.1125,0.29792684762668986
7568,8784,1216,0.1216,0.29763629488571314
7522,8761,1239,0.1239,0.2949309631118505
7664,8832,1168,0.1168,0.2937994483284652
7792,8896,1104,0.1104,0.2855767094790935
7532,8766,1234,0.1234,0.28708980492865666
7600,8800,1200,0.12,0.28407628546506164
7620,8810,1190,0.119,0.2847312276363373
7646,8823,1177,0.1177,0.2825370113402605
7510,8755,1245,0.1245,0.28780747921168803
7478,8739,1261,0.1261,0.2869468816837074
7602,8801,1199,0.1199,0.2879458216343424
7480,8740,1260,0.126,0.2871933541347273
7716,8858,1142,0.1142,0.2889771989092231
7458,8729,1271,0.1271,0.2889971079680923
7584,8792,1208,0.1208,0.2855117408327758
7440,8720,1280,0.128,0.28056153787970545
7558,8779,1221,0.1221,0.2785550003505312
7494,8747,1253,0.1253,0.2768709973171353
7458,8729,1271,0.1271,0.27472130054947586
7502,8751,1249,0.1249,0.2751131031986093
7752,8876,1124,0.1124,0.2766078899621964
7358,8679,1321,0.1321,0.2821159697671026
7660,8830,1170,0.117,0.27822418867349624
7456,8728,1272,0.1272,0.2879698828034103
7646,8823,1177,0.1177,0.29017931561022997
7422,8711,1289,0.1289,0.2947640987671912
7568,8784,1216,0.1216,0.2909371794693508
7430,8715,1285,0.1285,0.2935273385480046
7604,8802,1198,0.1198,0.2913630681419279
7660,8830,1170,0.117,0.2917162341147068
7524,8762,1238,0.1238,0.29138498584777117
7522,8761,1239,0.1239,0.3046967409983277
7344,8672,1328,0.1328,0.32447006476670504
7524,8762,1238,0.1238,0.33340178396719566
7418,8709,1291,0.1291,0.3421126019174299
7598,8799,1201,0.1201,0.37043998632580044
7690,8845,1155,0.1155,0.38009710565661065
7634,8817,1183,0.1183,0.38130257704630494
7448,8724,1276,0.1276,0.38586593458540736
7636,8818,1182,0.1182,0.3812618417084217
7454,8727,1273,0.1273,0.38013154421592005
7562,8781,1219,0.1219,0.37947055749471764
7532,8766,1234,0.1234,0.3790712317842563
7584,8792,1208,0.1208,0.3766886236418737
7526,8763,1237,0.1237,0.3770378934800752
7436,8718,1282,0.1282,0.37860402020066974
7562,8781,1219,0.1219,0.37784826928675175
7536,8768,1232,0.1232,0.3687079126003198
7604,8802,1198,0.1198,0.3624645586155355
7640,8820,1180,0.118,0.36075969518221973
7486,8743,1257,0.1257,0.3530675800153791
7566,8783,1217,0.1217,0.33534174837768077
7520,8760,1240,0.124,0.3277306335248053
7444,8722,1278,0.1278,0.32615132601244257
7524,8762,1238,0.1238,0.3202027582453492
7576,8788,1212,0.1212,0.3159635620653629
7452,8726,1274,0.1274,0.3181057453714311
7596,8798,1202,0.1202,0.316076802621223
7560,8780,1220,0.122,0.3175800065750256
7714,8857,1143,0.1143,0.31293378930576143
7608,8804,1196,0.1196,0.3116092360580428
7652,8826,1174,0.1174,0.309247980908677
7592,8796,1204,0.1204,0.30437273157797756
7648,8824,1176,0.1176,0.29030289591288405
7642,8821,1179,0.1179,0.28550294092334805
7602,8801,1199,0.1199,0.2854057410738431
7426,8713,1287,0.1287,0.2864849290486826
7374,8687,1313,0.1313,0.2910328245215118
7512,8756,1244,0.1244,0.2977828692421317
7650,8825,1175,0.1175,0.2964626239397352
7626,8813,1187,0.1187,0.30162138418866863
7492,8746,1254,0.1254,0.30307763988375663
7594,8797,1203,0.1203,0.2987603586360812
7434,8717,1283,0.1283,0.2979032906733453
7570,8785,1215,0.1215,0.28868892577495425
7498,8749,1251,0.1251,0.27280395823565634
7456,8728,1272,0.1272,0.26632693854272366
7770,8885,1115,0.1115,0.26230357997056564
7556,8778,1222,0.1222,0.2600984203525819
7576,8788,1212,0.1212,0.260726883430779
7400,8700,1300,0.13,0.2649293213246856
7552,8776,1224,0.1224,0.2647055551020549
7762,8881,1119,0.1119,0.26704441663473844
7514,8757,1243,0.1243,0.2731249172896147
7606,8803,1197,0.1197,0.2727831686850172
7344,8672,1328,0.1328,0.2760852276667953
7542,8771,1229,0.1229,0.269563707311271
7552,8776,1224,0.1224,0.26221029690589637
7402,8701,1299,0.1299,0.25967659305310314
7510,8755,1245,0.1245,0.2593092914343957
7714,8857,1143,0.1143,0.2528829713640036
7454,8727,1273,0.1273,0.25309837789833545
7628,8814,1186,0.1186,0.25100689979195595
7682,8841,1159,0.1159,0.24594326226587462
7464,8732,1268,0.1268,0.24944336288297572
7632,8816,1184,0.1184,0.2436872683763504
7546,8773,1227,0.1227,0.24023132123202084
7670,8835,1165,0.1165,0.23682797586098314
7536,8768,1232,0.1232,0.23815588687509298
7434,8717,1283,0.1283,0.23806646727495825
7598,8799,1201,0.1201,0.238591175012663
7692,8846,1154,0.1154,0.23847744221836328
7650,8825,1175,0.1175,0.24154832656495273
7554,8777,1223,0.1223,0.24261699230133527
7522,8761,1239,0.1239,0.24484069232195615
7630,8815,1185,0.1185,0.24749051720872522
7678,8839,1161,0.1161,0.24495752168787294
7554,8777,1223,0.1223,0.250242506352067
7764,8882,1118,0.1118,0.2503240521878004
7596,8798,1202,0.1202,0.251703271061182
7462,8731,1269,0.1269,0.25393466297239065
7580,8790,1210,0.121,0.261980876867671
7752,8876,1124,0.1124,0.2606482254102826
7564,8782,1218,0.1218,0.26167454043811633
7420,8710,1290,0.129,0.2624293318048119
7596,8798,1202,0.1202,0.2609227397373179
7592,8796,1204,0.1204,0.25967811589259654
7484,8742,1258,0.1258,0.2611795322023332
7620,8810,1190,0.119,0.2617349755746711
7700,8850,1150,0.115,0.26349972187529563
7502,8751,1249,0.1249,0.26507792311012746
7446,8723,1277,0.1277,0.2657889414917445
7554,8777,1223,0.1223,0.2654233735942282
7604,8802,1198,0.1198,0.2650057057041675
7514,8757,1243,0.1243,0.26409357079070467
7620,8810,1190,0.119,0.26314136945139616
7664,8832,1168,0.1168,0.26095756901744754
7448,8724,1276,0.1276,0.2601963534782175
7682,8841,1159,0.1159,0.2584995930626988
7416,8708,1292,0.1292,0.2596296050876379
7530,8765,1235,0.1235,0.2580477315315395
7672,8836,1164,0.1164,0.25504577062963457
7710,8855,1145,0.1145,0.24950414391097148
7690,8845,1155,0.1155,0.2501858968003653
7566,8783,1217,0.1217,0.24625396018447354
7762,8881,1119,0.1119,0.23506970656039194
7678,8839,1161,0.1161,0.23048834024369716
7652,8826,1174,0.1174,0.23114481665000236
7518,8759,1241,0.1241,0.22947686010301113
7716,8858,1142,0.1142,0.227505088681544
7600,8800,1200,0.12,0.23058297389681087
7492,8746,1254,0.1254,0.2327526013161987
7604,8802,1198,0.1198,0.23533680382008898
7482,8741,1259,0.1259,0.23821797976922243
7754,8877,1123,0.1123,0.23543243745714426
7602,8801,1199,0.1199,0.2377069804225117
7736,8868,1132,0.1132,0.23143863937968853
7658,8829,1171,0.1171,0.2216853698234656
7518,8759,1241,0.1241,0.21597204570099712
7734,8867,1133,0.1133,0.21543000057215542
7562,8781,1219,0.1219,0.21213660118579863
7606,8803,1197,0.1197,0.20972682716870863
7698,8849,1151,0.1151,0.21124156039074488
7726,8863,1137,0.1137,0.21198144992887974
7686,8843,1157,0.1157,0.21363461467847228
7526,8763,1237,0.1237,0.2163488263835432
7868,8934,1066,0.1066,0.21435359507219545
7610,8805,1195,0.1195,0.2149058029424399
7506,8753,1247,0.1247,0.2145296788499732
7432,8716,1284,0.1284,0.21147516215313586
7592,8796,1204,0.1204,0.20733249653875827
7500,8750,1250,0.125,0.20724597921073437
7742,8871,1129,0.1129,0.20492187879756776
7660,8830,1170,0.117,0.20784219278266247
7610,8805,1195,0.1195,0.20928805388063193
7630,8815,1185,0.1185,0.2095588472291337
7520,8760,1240,0.124,0.21434947542958707
7638,8819,1181,0.1181,0.21784682307392358
7556,8778,1222,0.1222,0.22261946362176094
7444,8722,1278,0.1278,0.22359197937920688
7496,8748,1252,0.1252,0.22676929869959822
7408,8704,1296,0.1296,0.2321858313495759
7564,8782,1218,0.1218,0.23505176728978242
7640,8820,1180,0.118,0.23300180728308786
7838,8919,1081,0.1081,0.2332340843172496
7630,8815,1185,0.1185,0.23439255423686037
7660,8830,1170,0.117,0.2331153936818242
7792,8896,1104,0.1104,0.23024940389864174
7454,8727,1273,0.1273,0.23420112153880765
7550,8775,1225,0.1225,0.2397138051665388
7606,8803,1197,0.1197,0.24409703070998076
7542,8771,1229,0.1229,0.24426329362095175
7726,8863,1137,0.1137,0.25009110140386204
7554,8777,1223,0.1223,0.2546275561540155
7700,8850,1150,0.115,0.2519432202626826
7806,8903,1097,0.1097,0.24859336925774006
7730,8865,1135,0.1135,0.24392580170342662
7648,8824,1176,0.1176,0.23959017473831773
7618,8809,1191,0.1191,0.2342619235958904
7678,8839,1161,0.1161,0.23105119755491615
7606,8803,1197,0.1197,0.2324809840004891
7676,8838,1162,0.1162,0.2372706149548292
7610,8805,1195,0.1195,0.24189868917456442
7722,8861,1139,0.1139,0.2432462828504014
7644,8822,1178,0.1178,0.2458828820095592
7474,8737,1263,0.1263,0.24518415627330542
7722,8861,1139,0.1139,0.23930640554502605
7624,8812,1188,0.1188,0.23611577126515912
7724,8862,1138,0.1138,0.22627821386903524
7488,8744,1256,0.1256,0.22271866168574128
7692,8846,1154,0.1154,0.2167185797170736
7486,8743,1257,0.1257,0.21557004038628974
7620,8810,1190,0.119,0.21530742143318057
7660,8830,1170,0.117,0.2197868885837437
7612,8806,1194,0.1194,0.2240406210936866
7686,8843,1157,0.1157,0.22465168228484544
7650,8825,1175,0.1175,0.22733173053774536
7598,8799,1201,0.1201,0.2258677607048983
7544,8772,1228,0.1228,0.22321867813699914
7576,8788,1212,0.1212,0.2209176122053428
7752,8876,1124,0.1124,0.2097094335610047
7626,8813,1187,0.1187,0.2020413392326559
7784,8892,1108,0.1108,0.19572304117530584
7702,8851,1149,0.1149,0.19291641199616716
7682,8841,1159,0.1159,0.18543420613966882
7708,8854,1146,0.1146,0.18474651042280585
7854,8927,1073,0.1073,0.1833741395883262
7640,8820,1180,0.118,0.18535180881544946
7784,8892,1108,0.1108,0.18741374265967214
7544,8772,1228,0.1228,0.19229033031569562
7582,8791,1209,0.1209,0.19038290412535425
7586,8793,1207,0.1207,0.19014760529696942
7472,8736,1264,0.1264,0.1900344733774662
7440,8720,1280,0.128,0.1900810401800096
7624,8812,1188,0.1188,0.18753785232516565
7650,8825,1175,0.1175,0.18758392412122338
7580,8790,1210,0.121,0.1840724920618348
7478,8739,1261,0.1261,0.18218795746155084
7618,8809,1191,0.1191,0.1763379254425061
7548,8774,1226,0.1226,0.17636534325927497
7594,8797,1203,0.1203,0.17116830612289632
7694,8847,1153,0.1153,0.16931229543983936
7606,8803,1197,0.1197,0.1689337856837351
7606,8803,1197,0.1197,0.17039346703700722
7594,8797,1203,0.1203,0.17225157486610115
7562,8781,1219,0.1219,0.1760162434528349
7780,8890,1110,0.111,0.17566118208561093
7666,8833,1167,0.1167,0.17907644871175288
7674,8837,1163,0.1163,0.18223269882705062
7588,8794,1206,0.1206,0.18511976696963547
7790,8895,1105,0.1105,0.18424747314304113
7568,8784,1216,0.1216,0.18898707438826096
7688,8844,1156,0.1156,0.1930527743022889
7770,8885,1115,0.1115,0.201260118962418
7560,8780,1220,0.122,0.20343071556836367
7500,8750,1250,0.125,0.20816073742648586
7700,8850,1150,0.115,0.2137489755473824
7408,8704,1296,0.1296,0.2232309495136142
7490,8745,1255,0.1255,0.22349010855909437
7670,8835,1165,0.1165,0.22678846575282513
7588,8794,1206,0.1206,0.231050517809391
7446,8723,1277,0.1277,0.2397484788000524
7592,8796,1204,0.1204,0.23861401268183344
7396,8698,1302,0.1302,0.24498633160218597
7542,8771,1229,0.1229,0.25308378352597355
7752,8876,1124,0.1124,0.25809085116393965
7610,8805,1195,0.1195,0.25891296755106885
7444,8722,1278,0.1278,0.2608983058885555
7782,8891,1109,0.1109,0.25533602515914244
7538,8769,1231,0.1231,0.25060296862273523
7642,8821,1179,0.1179,0.2459248995176833
7440,8720,1280,0.128,0.24587391269588843
7634,8817,1183,0.1183,0.23623840122616188
7562,8781,1219,0.1219,0.232365399012138
7670,8835,1165,0.1165,0.2299836887381818
7674,8837,1163,0.1163,0.23129154857359827
7422,8711,1289,0.1289,0.23143114008046686
7628,8814,1186,0.1186,0.2282683174108969
7914,8957,1043,0.1043,0.2246345879986882
7566,8783,1217,0.1217,0.2251783398416461
7850,8925,1075,0.1075,0.21999375241920352
7452,8726,1274,0.1274,0.2168067609332502
7462,8731,1269,0.1269,0.2146706768386066
7442,8721,1279,0.1279,0.21505264695574297
7732,8866,1134,0.1134,0.21507070830839556
7458,8729,1271,0.1271,0.22315598218430555
7450,8725,1275,0.1275,0.22368330404162406
7540,8770,1230,0.123,0.2283809310182929
7794,8897,1103,0.1103,0.23012536420007018
7688,8844,1156,0.1156,0.2305312396377325
7648,8824,1176,0.1176,0.2289882809629664
7460,8730,1270,0.127,0.22832444211527328
7420,8710,1290,0.129,0.2233671020567417
7766,8883,1117,0.1117,0.21746686662212014
7668,8834,1166,0.1166,0.2181095817554742
7590,8795,1205,0.1205,0.2192343070426081
7690,8845,1155,0.1155,0.22160282219378277
7556,8778,1222,0.1222,0.2303600204926719
7554,8777,1223,0.1223,0.23399717872440814
7570,8785,1215,0.1215,0.24139948182763077
7460,8730,1270,0.127,0.24747344000315352
7418,8709,1291,0.1291,0.25086230728718495
7776,8888,1112,0.1112,0.24912232400508946
7730,8865,1135,0.1135,0.24630606207512318
7572,8786,1214,0.1214,0.23954425926897674
7564,8782,1218,0.1218,0.2299179731415093
7606,8803,1197,0.1197,0.2286861097199957
7596,8798,1202,0.1202,0.22411214910894633
7596,8798,1202,0.1202,0.22381698073269532
7604,8802,1198,0.1198,0.22627095456461274
7658,8829,1171,0.1171,0.2248625514259199
7666,8833,1167,0.1167,0.2252982391889207
7762,8881,1119,0.1119,0.22501990474835037
7614,8807,1193,0.1193,0.2197374944448471
7726,8863,1137,0.1137,0.2156359625266934
7586,8793,1207,0.1207,0.21373887135752156
7502,8751,1249,0.1249,0.20696323411552003
7652,8826,1174,0.1174,0.2043874224171932
7562,8781,1219,0.1219,0.20284559466429056
7616,8808,1192,0.1192,0.20159036679312395
7678,8839,1161,0.1161,0.19844261271806898
7648,8824,1176,0.1176,0.19817605062574148
7762,8881,1119,0.1119,0.196919157163457
7438,8719,1281,0.1281,0.19774369001751765
7424,8712,1288,0.1288,0.19383126979073778
7744,8872,1128,0.1128,0.18973982610702514
7600,8800,1200,0.12,0.18916977663636209
7380,8690,1310,0.131,0.1897728961824903
7374,8687,1313,0.1313,0.18510126118903716
7522,8761,1239,0.1239,0.18361738783994316
7574,8787,1213,0.1213,0.18198495832564948
7618,8809,1191,0.1191,0.1842203780705575
7482,8741,1259,0.1259,0.1853084916093882
7568,8784,1216,0.1216,0.18519669617340054
7676,8838,1162,0.1162,0.18289097378104927
7650,8825,1175,0.1175,0.18580820106756873
7774,8887,1113,0.1113,0.18470799244314712
7630,8815,1185,0.1185,0.1823870348699391
7710,8855,1145,0.1145,0.18538521412461997
7552,8776,1224,0.1224,0.18701221820283825
7616,8808,1192,0.1192,0.18952676271765379
7684,8842,1158,0.1158,0.18721848972588798
7564,8782,1218,0.1218,0.18977386880652047
7676,8838,1162,0.1162,0.19048010354563663
7506,8753,1247,0.1247,0.1897766015438363
7498,8749,1251,0.1251,0.18703019490385486
7836,8918,1082,0.1082,0.18539810029012552
7600,8800,1200,0.12,0.18548362436202154
7478,8739,1261,0.1261,0.18179256822607445
7430,8715,1285,0.1285,0.1789753557352349
7790,8895,1105,0.1105,0.1750479936750373
7720,8860,1140,0.114,0.176552780955052
7488,8744,1256,0.1256,0.1765361844150757
7618,8809,1191,0.1191,0.17397020657993853
7794,8897,1103,0.1103,0.17213248392089392
7716,8858,1142,0.1142,0.17126272502946668
7508,8754,1246,0.1246,0.1747757456727326
7552,8776,1224,0.1224,0.1755942905834294
7466,8733,1267,0.1267,0.17799451029747723
7548,8774,1226,0.1226,0.17873795795962213
7510,8755,1245,0.1245,0.18389362495796377
7604,8802,1198,0.1198,0.18494906378900924
7722,8861,1139,0.1139,0.18704475531692946
7620,8810,1190,0.119,0.18559735982640413
7696,8848,1152,0.1152,0.18310250534529332
7618,8809,1191,0.1191,0.1873327384043572
7646,8823,1177,0.1177,0.18010606654268324
7844,8922,1078,0.1078,0.17661313216835262
7582,8791,1209,0.1209,0.17858478086292745
7616,8808,1192,0.1192,0.18080184778794647
7814,8907,1093,0.1093,0.1792558190852171
7736,8868,1132,0.1132,0.1847653556120553
7734,8867,1133,0.1133,0.19842655943688006
7810,8905,1095,0.1095,0.20324016283750534
7762,8881,1119,0.1119,0.2035809159330647
7604,8802,1198,0.1198,0.2083636130448765
7580,8790,1210,0.121,0.21108484026001242
7644,8822,1178,0.1178,0.20708807958960535
7706,8853,1147,0.1147,0.20614789211787282
7938,8969,1031,0.1031,0.20406648287028073
7578,8789,1211,0.1211,0.20942546737901865
7580,8790,1210,0.121,0.21127439098656195
7578,8789,1211,0.1211,0.21189113230779766
7638,8819,1181,0.1181,0.216908220462414
7508,8754,1246,0.1246,0.22859391737161494
7626,8813,1187,0.1187,0.23439940517172217
7624,8812,1188,0.1188,0.23448801102340222
7460,8730,1270,0.127,0.2392581454217434
7704,8852,1148,0.1148,0.23821877759844065
7608,8804,1196,0.1196,0.23841147846942767
7822,8911,1089,0.1089,0.23398596766641713
7580,8790,1210,0.121,0.23486207482747995
7596,8798,1202,0.1202,0.23743282761990558
7684,8842,1158,0.1158,0.24079499361515044
7658,8829,1171,0.1171,0.24073847701251508
7616,8808,1192,0.1192,0.2520810672849417
7670,8835,1165,0.1165,0.25911931924317955
7594,8797,1203,0.1203,0.26702543621400837
7592,8796,1204,0.1204,0.2722286874315643
7574,8787,1213,0.1213,0.28348948860142065
7560,8780,1220,0.122,0.29151700797085184
7542,8771,1229,0.1229,0.2967398881286383
7412,8706,1294,0.1294,0.29870999076627197
7714,8857,1143,0.1143,0.2973202820005128
7546,8773,1227,0.1227,0.2980937582336366
7430,8715,1285,0.1285,0.29919812438704485
7548,8774,1226,0.1226,0.2986004689726979
7580,8790,1210,0.121,0.29696580500697894
7622,8811,1189,0.1189,0.29768072987771593
7588,8794,1206,0.1206,0.29626376313972685
7514,8757,1243,0.1243,0.2953103325780378
7664,8832,1168,0.1168,0.28525542441476137
7606,8803,1197,0.1197,0.27734006042918213
7726,8863,1137,0.1137,0.2707254745669665
7532,8766,1234,0.1234,0.269150540793431
7506,8753,1247,0.1247,0.26128420526504054
7596,8798,1202,0.1202,0.2570032468960191
7558,8779,1221,0.1221,0.2582561835020781
7572,8786,1214,0.1214,0.25848886374477487
7730,8865,1135,0.1135,0.26320195375084876
7742,8871,1129,0.1129,0.2713173449577764
7582,8791,1209,0.1209,0.27520677951425315
7422,8711,1289,0.1289,0.27821139169149683
7682,8841,1159,0.1159,0.2771592632597312
7652,8826,1174,0.1174,0.2809229973779875
7684,8842,1158,0.1158,0.28028725497759877
7638,8819,1181,0.1181,0.2833189548537135
7568,8784,1216,0.1216,0.28516141834706066
7506,8753,1247,0.1247,0.29116736400425436
7374,8687,1313,0.1313,0.29454987767338753
7648,8824,1176,0.1176,0.29441501200050113
7556,8778,1222,0.1222,0.2986599946022965
7582,8791,1209,0.1209,0.29730578263550994
7602,8801,1199,0.1199,0.2968686713923234
7556,8778,1222,0.1222,0.2959917078346014
7690,8845,1155,0.1155,0.2891460790913552
7718,8859,1141,0.1141,0.28294469334185124
7666,8833,1167,0.1167,0.27847526568589237
7622,8811,1189,0.1189,0.27491648470833896
7756,8878,1122,0.1122,0.26546968480031935
7662,8831,1169,0.1169,0.26062648361809554
7658,8829,1171,0.1171,0.2582544026102405
7364,8682,1318,0.1318,0.25971041453517973
7536,8768,1232,0.1232,0.2599081592135131
7740,8870,1130,0.113,0.26472405736744403
7498,8749,1251,0.1251,0.2677264529098291
7442,8721,1279,0.1279,0.2704723389133811
7400,8700,1300,0.13,0.26669096617591526
7526,8763,1237,0.1237,0.25551224755943663
7802,8901,1099,0.1099,0.24854251344752992
7734,8867,1133,0.1133,0.2434298173867166
7638,8819,1181,0.1181,0.23069950785833648
7542,8771,1229,0.1229,0.22490721833165736
7600,8800,1200,0.12,0.2233019201371988
7594,8797,1203,0.1203,0.22554629887193442
7684,8842,1158,0.1158,0.23163065195083618
7634,8817,1183,0.1183,0.2406414676770948
7646,8823,1177,0.1177,0.2418035411870107
7740,8870,1130,0.113,0.24266734506867943
7502,8751,1249,0.1249,0.2439997956638297
7858,8929,1071,0.1071,0.2352635007005185
7504,8752,1248,0.1248,0.23216535813887604
7494,8747,1253,0.1253,0.22884386037041748
7730,8865,1135,0.1135,0.2169272719375789
7678,8839,1161,0.1161,0.2144561090026982
7574,8787,1213,0.1213,0.2163045709371567
7712,8856,1144,0.1144,0.21593570338338614
7522,8761,1239,0.1239,0.2174064945116639
7634,8817,1183,0.1183,0.22110869339536876
7488,8744,1256,0.1256,0.22363315520249308
7562,8781,1219,0.1219,0.22271462392721297
7408,8704,1296,0.1296,0.21934102204144001
7676,8838,1162,0.1162,0.21048663462136255
7534,8767,1233,0.1233,0.20881306292088703
7756,8878,1122,0.1122,0.20417517853217287
7680,8840,1160,0.116,0.20111137374492769
7680,8840,1160,0.116,0.2000796848271042
7788,8894,1106,0.1106,0.20242447663939092
7722,8861,1139,0.1139,0.2048719408737947
7632,8816,1184,0.1184,0.2096489710163325
7584,8792,1208,0.1208,0.2109268226746557
7518,8759,1241,0.1241,0.21388145329505207
7676,8838,1162,0.1162,0.21286693446172866
7706,8853,1147,0.1147,0.212162171269767
7748,8874,1126,0.1126,0.20811276961071418
7790,8895,1105,0.1105,0.20626192755401135
7576,8788,1212,0.1212,0.20335137404026463
7680,8840,1160,0.116,0.19552733752635176
7716,8858,1142,0.1142,0.19060275347940625
7680,8840,1160,0.116,0.19219266799951437
7566,8783,1217,0.1217,0.19445376873209608
7478,8739,1261,0.1261,0.20193757815674662
7570,8785,1215,0.1215,0.2099405596315861
7742,8871,1129,0.1129,0.21242473117560148
7610,8805,1195,0.1195,0.2157817082259804
7432,8716,1284,0.1284,0.21703582693415227
7656,8828,1172,0.1172,0.21043641686759074
7562,8781,1219,0.1219,0.20977649148972705
7590,8795,1205,0.1205,0.2073749709891039
7456,8728,1272,0.1272,0.20336596881449223
7542,8771,1229,0.1229,0.1972942253458914
7730,8865,1135,0.1135,0.19632848980221043
7634,8817,1183,0.1183,0.19737361014382915
7692,8846,1154,0.1154,0.19889106505215168
7416,8708,1292,0.1292,0.20115252362811373
7594,8797,1203,0.1203,0.20242028984890786
7696,8848,1152,0.1152,0.20470364329069854
7656,8828,1172,0.1172,0.21196287245973944
7608,8804,1196,0.1196,0.21670278655673392
7734,8867,1133,0.1133,0.21598183702721727
7674,8837,1163,0.1163,0.21738275185511793
7546,8773,1227,0.1227,0.21742594050524652
7500,8750,1250,0.125,0.2190594268195331
7556,8778,1222,0.1222,0.21822998282907066
7554,8777,1223,0.1223,0.21785008012950421
7722,8861,1139,0.1139,0.21697624440208618
7552,8776,1224,0.1224,0.21594061033443068
7636,8818,1182,0.1182,0.21499580520346162
7570,8785,1215,0.1215,0.2133087719563395
7614,8807,1193,0.1193,0.21036092206891627
7740,8870,1130,0.113,0.21004534287303686
7556,8778,1222,0.1222,0.21135962615907192
7680,8840,1160,0.116,0.20978986663726973
7464,8732,1268,0.1268,0.20981563577545967
7454,8727,1273,0.1273,0.20766381407342852
7654,8827,1173,0.1173,0.2076509861946106
7708,8854,1146,0.1146,0.20351961398536514
7698,8849,1151,0.1151,0.196776206856966
7656,8828,1172,0.1172,0.1919366487648338
7752,8876,1124,0.1124,0.1900676422683522
7612,8806,1194,0.1194,0.18315401472114026
7682,8841,1159,0.1159,0.1750700962605879
7492,8746,1254,0.1254,0.17652153514610544
7664,8832,1168,0.1168,0.1749563478110591
7822,8911,1089,0.1089,0.17796794416626546
7496,8748,1252,0.1252,0.1875777918056534
7654,8827,1173,0.1173,0.19021231977428543
7696,8848,1152,0.1152,0.18872137763351202
7580,8790,1210,0.121,0.18841014004126191
7616,8808,1192,0.1192,0.1898809444260318
7732,8866,1134,0.1134,0.18721643130332233
7630,8815,1185,0.1185,0.18699911432402513
7692,8846,1154,0.1154,0.18332776376972906
7688,8844,1156,0.1156,0.1788350947719533
7596,8798,1202,0.1202,0.17779336124047987
7632,8816,1184,0.1184,0.1781704742677044
7614,8807,1193,0.1193,0.18244906199276448
7556,8778,1222,0.1222,0.19197392071974367
7590,8795,1205,0.1205,0.19855464078020305
7694,8847,1153,0.1153,0.196967352911263
7622,8811,1189,0.1189,0.20335334980036202
7426,8713,1287,0.1287,0.20506241312325002
7690,8845,1155,0.1155,0.19936504207643083
7716,8858,1142,0.1142,0.19754996793419122
7740,8870,1130,0.113,0.19282353070351466
7826,8913,1087,0.1087,0.183369493003366
7640,8820,1180,0.118,0.17903429222777487
7738,8869,1131,0.1131,0.17743776640012815
7548,8774,1226,0.1226,0.17707061922503636
7586,8793,1207,0.1207,0.18190951152732596
7710,8855,1145,0.1145,0.18932731119222007
7530,8765,1235,0.1235,0.19158553850203752
7630,8815,1185,0.1185,0.2013469199445739
7650,8825,1175,0.1175,0.20393951420616357
7506,8753,1247,0.1247,0.20197626155987383
7746,8873,1127,0.1127,0.19931100097009913
7634,8817,1183,0.1183,0.1907624888116494
7590,8795,1205,0.1205,0.17497817534059287
7676,8838,1162,0.1162,0.16304698507376014
7594,8797,1203,0.1203,0.1616250169172883
7598,8799,1201,0.1201,0.15722346964956896
7736,8868,1132,0.1132,0.15546370782798405
7730,8865,1135,0.1135,0.15905137807767022
7492,8746,1254,0.1254,0.16177483458183706
7602,8801,1199,0.1199,0.16646322006352712
7506,8753,1247,0.1247,0.1729462208598852
7706,8853,1147,0.1147,0.1715695302569087
7680,8840,1160,0.116,0.1720942863350003
7602,8801,1199,0.1199,0.16854285795236482
7574,8787,1213,0.1213,0.1597594728648386
7834,8917,1083,0.1083,0.15027334380140528
7562,8781,1219,0.1219,0.15108219574557807
7494,8747,1253,0.1253,0.14881095376982714
7714,8857,1143,0.1143,0.14594664341919125
7588,8794,1206,0.1206,0.1495274216145277
7814,8907,1093,0.1093,0.14731490020435303
7588,8794,1206,0.1206,0.15591949628839885
7436,8718,1282,0.1282,0.15992851114301448
7616,8808,1192,0.1192,0.16197008650954814
7742,8871,1129,0.1129,0.1592381611213088
7480,8740,1260,0.126,0.16197378456369188
7774,8887,1113,0.1113,0.15189361640729265
7840,8920,1080,0.108,0.14812164974883962
7688,8844,1156,0.1156,0.1464091795159504
7604,8802,1198,0.1198,0.14333170069679618
7664,8832,1168,0.1168,0.13798246512478218
7720,8860,1140,0.114,0.14040047123317562
7536,8768,1232,0.1232,0.14098026112013914
7858,8929,1071,0.1071,0.1453297039747238
7646,8823,1177,0.1177,0.15455500857960433
7460,8730,1270,0.127,0.1620555042039894
7668,8834,1166,0.1166,0.16171024532541634
7452,8726,1274,0.1274,0.16751087106261403
7594,8797,1203,0.1203,0.16657707766517996
7558,8779,1221,0.1221,0.1655722811061284
7574,8787,1213,0.1213,0.16332688747429838
7574,8787,1213,0.1213,0.15925886224720262
7732,8866,1134,0.1134,0.15210197648853063
7550,8775,1225,0.1225,0.15134317369647324
7410,8705,1295,0.1295,0.1529446167494421
7626,8813,1187,0.1187,0.15291028110395552
7728,8864,1136,0.1136,0.15628758555497044
7818,8909,1091,0.1091,0.15869782396629453
7660,8830,1170,0.117,0.1589226099508462
7576,8788,1212,0.1212,0.16198022084496916
7732,8866,1134,0.1134,0.16151429951414467
7604,8802,1198,0.1198,0.16434119553901255
7654,8827,1173,0.1173,0.16517083810344338
7754,8877,1123,0.1123,0.16675713364034891
7604,8802,1198,0.1198,0.17063474012392368
7698,8849,1151,0.1151,0.17508671758370473
7450,8725,1275,0.1275,0.17729137633498468
7640,8820,1180,0.118,0.1823015569953306
7664,8832,1168,0.1168,0.18832462455031168
7668,8834,1166,0.1166,0.19369249784672574
7560,8780,1220,0.122,0.19526950409933924
7594,8797,1203,0.1203,0.19763629565477914
7554,8777,1223,0.1223,0.19885483882129193
7712,8856,1144,0.1144,0.1996077518212609
7562,8781,1219,0.1219,0.20104798876792193
7594,8797,1203,0.1203,0.20194961938410996
7650,8825,1175,0.1175,0.20401000654250384
7630,8815,1185,0.1185,0.2055379842701368
7624,8812,1188,0.1188,0.20740824618720216
7676,8838,1162,0.1162,0.21145971410553902
7648,8824,1176,0.1176,0.2189970961523288
7668,8834,1166,0.1166,0.22402541365884243
7818,8909,1091,0.1091,0.22495135041307657
7658,8829,1171,0.1171,0.2243308614431153
7540,8770,1230,0.123,0.2307159476679415
7616,8808,1192,0.1192,0.2322456439567981
7650,8825,1175,0.1175,0.23137821831703687
7596,8798,1202,0.1202,0.23367005309369415
7626,8813,1187,0.1187,0.23470872108065413
7642,8821,1179,0.1179,0.2351761349350214
7718,8859,1141,0.1141,0.2345041544755455
7588,8794,1206,0.1206,0.2373747733780183
7558,8779,1221,0.1221,0.24046659135855733
7710,8855,1145,0.1145,0.2444467571252957
7560,8780,1220,0.122,0.2482258253424894
7708,8854,1146,0.1146,0.24862004137188196
7644,8822,1178,0.1178,0.25035967889726163
7448,8724,1276,0.1276,0.24909220273792743
7602,8801,1199,0.1199,0.24902358155436813
7610,8805,1195,0.1195,0.24970244855594356
7688,8844,1156,0.1156,0.2477628737732768
7650,8825,1175,0.1175,0.24828791730460362
7574,8787,1213,0.1213,0.24903560597002505
7560,8780,1220,0.122,0.24918131441175936
7438,8719,1281,0.1281,0.2507650671658106
7622,8811,1189,0.1189,0.2500615937622264
7532,8766,1234,0.1234,0.2506713054973545
7520,8760,1240,0.124,0.2514292601853609
7630,8815,1185,0.1185,0.24841997819449751
7510,8755,1245,0.1245,0.24557482855628374
7558,8779,1221,0.1221,0.24172279544174716
7480,8740,1260,0.126,0.23499355146042072
7628,8814,1186,0.1186,0.22581224220991133
7648,8824,1176,0.1176,0.2233115556205958
7736,8868,1132,0.1132,0.22057154152542352
7598,8799,1201,0.1201,0.21941853622251328
7530,8765,1235,0.1235,0.22055016932785512
7634,8817,1183,0.1183,0.21966536733210087
7838,8919,1081,0.1081,0.21845843478829266
7480,8740,1260,0.126,0.22252203845568
7552,8776,1224,0.1224,0.22538473600298167
7466,8733,1267,0.1267,0.22635410153036936
7676,8838,1162,0.1162,0.22669237746801227
7460,8730,1270,0.127,0.23326484406770906
7500,8750,1250,0.125,0.235511562626285
7736,8868,1132,0.1132,0.23297325287386775
7572,8786,1214,0.1214,0.23321819718927145
7630,8815,1185,0.1185,0.23575780727449275
7772,8886,1114,0.1114,0.23320899612754584
7476,8738,1262,0.1262,0.23536224280821047
7378,8689,1311,0.1311,0.23641062136303098
7426,8713,1287,0.1287,0.2401650832526153
7656,8828,1172,0.1172,0.2431487931534939
7724,8862,1138,0.1138,0.24450316616165801
7774,8887,1113,0.1113,0.24872787316113246
7626,8813,1187,0.1187,0.253382893307507
7716,8858,1142,0.1142,0.25513611297756433
7362,8681,1319,0.1319,0.25986097792002033
7916,8958,1042,0.1042,0.2542877465814352
7838,8919,1081,0.1081,0.2519429452136159
7588,8794,1206,0.1206,0.2511326407470518
7632,8816,1184,0.1184,0.2538065677769966
7694,8847,1153,0.1153,0.25369997659652566
7724,8862,1138,0.1138,0.25499425728525965
7834,8917,1083,0.1083,0.2604291877695697
7616,8808,1192,0.1192,0.2632925087949727
7676,8838,1162,0.1162,0.26220832647001563
7616,8808,1192,0.1192,0.26373588521666824
7598,8799,1201,0.1201,0.2617360549052246
7486,8743,1257,0.1257,0.26483605201302163
7516,8758,1242,0.1242,0.26058312003314493
7466,8733,1267,0.1267,0.2581624996538274
7638,8819,1181,0.1181,0.24764210945144297
7768,8884,1116,0.1116,0.2475796789462678
7690,8845,1155,0.1155,0.24226231312048038
7734,8867,1133,0.1133,0.24001313782683573
7802,8901,1099,0.1099,0.22798164666885176
7508,8754,1246,0.1246,0.22974550388753415
7566,8783,1217,0.1217,0.22740481583317743
7654,8827,1173,0.1173,0.22721402861790557
7522,8761,1239,0.1239,0.23487032788600773
7528,8764,1236,0.1236,0.23734049557000397
7576,8788,1212,0.1212,0.24451009094715118
7796,8898,1102,0.1102,0.2476783987402916
7636,8818,1182,0.1182,0.2574524366781116
7570,8785,1215,0.1215,0.25935886624593985
7480,8740,1260,0.126,0.25946123196482074
7554,8777,1223,0.1223,0.25823676969586756
7460,8730,1270,0.127,0.25403707416504623
7632,8816,1184,0.1184,0.25195328347212625
7524,8762,1238,0.1238,0.24878793061140286
7758,8879,1121,0.1121,0.24547928376160563
7528,8764,1236,0.1236,0.24804260955005883
7714,8857,1143,0.1143,0.24838379415040834
7500,8750,1250,0.125,0.2509069633003368
7710,8855,1145,0.1145,0.25006991519739385
7758,8879,1121,0.1121,0.2501598042189667
7744,8872,1128,0.1128,0.24976229164529942
7480,8740,1260,0.126,0.2500497008716466
7608,8804,1196,0.1196,0.24663125098496674
7594,8797,1203,0.1203,0.24427724108872936
7732,8866,1134,0.1134,0.24306392109113423
7380,8690,1310,0.131,0.24743388085329207
7726,8863,1137,0.1137,0.2440856553381309
7524,8762,1238,0.1238,0.2486993636790663
7758,8879,1121,0.1121,0.24699644955322148
7444,8722,1278,0.1278,0.2524556299358606
7506,8753,1247,0.1247,0.24952242529487703
7632,8816,1184,0.1184,0.2498672411173583
7622,8811,1189,0.1189,0.24817564981728793
7636,8818,1182,0.1182,0.24667714755386114
7464,8732,1268,0.1268,0.24333368065584546
7748,8874,1126,0.1126,0.2358572322115302
7754,8877,1123,0.1123,0.23583615356385706
7602,8801,1199,0.1199,0.23830764093399048
7776,8888,1112,0.1112,0.23616755016744137
7582,8791,1209,0.1209,0.24354369002224274
7676,8838,1162,0.1162,0.24335137357814238
7652,8826,1174,0.1174,0.24816429976229556
7612,8806,1194,0.1194,0.24951385264843703
7446,8723,1277,0.1277,0.2513647681651899
7792,8896,1104,0.1104,0.24782755485336821
7724,8862,1138,0.1138,0.24467468896619976
7622,8811,1189,0.1189,0.2437909335871227
7828,8914,1086,0.1086,0.23684796684607864
7766,8883,1117,0.1117,0.23642609973509915
7648,8824,1176,0.1176,0.23685182351768017
7652,8826,1174,0.1174,0.2388840489409864
7634,8817,1183,0.1183,0.25178956756622356
7486,8743,1257,0.1257,0.25456278286380696
7580,8790,1210,0.121,0.26277498551644385
7592,8796,1204,0.1204,0.26911156321018936
7652,8826,1174,0.1174,0.28013416036702693
7356,8678,1322,0.1322,0.28468481222302655
7668,8834,1166,0.1166,0.28303964144289495
7492,8746,1254,0.1254,0.2836211101023859
7502,8751,1249,0.1249,0.27661359692057597
7526,8763,1237,0.1237,0.27703561581522224
7496,8748,1252,0.1252,0.2725034281753112
7716,8858,1142,0.1142,0.2699130293227732
7626,8813,1187,0.1187,0.2713241084148409
7614,8807,1193,0.1193,0.2712422382161021
7490,8745,1255,0.1255,0.2779409662830178
7652,8826,1174,0.1174,0.2796957140060142
7624,8812,1188,0.1188,0.29322597935090483
7546,8773,1227,0.1227,0.29438483180683106
7620,8810,1190,0.119,0.299276623212056
7558,8779,1221,0.1221,0.300677728921175
7468,8734,1266,0.1266,0.29716500300839543
7598,8799,1201,0.1201,0.2946143199279904
7578,8789,1211,0.1211,0.2888370520622044
7576,8788,1212,0.1212,0.28479489849172535
7496,8748,1252,0.1252,0.27220901398658753
7664,8832,1168,0.1168,0.2689541709885001
7656,8828,1172,0.1172,0.2630400863059564
7518,8759,1241,0.1241,0.2614290085321271
7806,8903,1097,0.1097,0.257460842620302
7538,8769,1231,0.1231,0.25979299250766635
7570,8785,1215,0.1215,0.2595207494929433
7696,8848,1152,0.1152,0.2600250429768115
7578,8789,1211,0.1211,0.2599549471799284
7606,8803,1197,0.1197,0.26126873008338736
7520,8760,1240,0.124,0.2613977366054286
7532,8766,1234,0.1234,0.2621485969453119
7668,8834,1166,0.1166,0.26019669419303537
7608,8804,1196,0.1196,0.2609243182018399
7506,8753,1247,0.1247,0.258162909373641
7414,8707,1293,0.1293,0.2575131670610048
7734,8867,1133,0.1133,0.25588513748273256
7554,8777,1223,0.1223,0.25642864292305895
7458,8729,1271,0.1271,0.25959022947505583
7682,8841,1159,0.1159,0.25666038265675306
7454,8727,1273,0.1273,0.26095070066303017
7456,8728,1272,0.1272,0.2610515063093153
7646,8823,1177,0.1177,0.26090124141257254
7622,8811,1189,0.1189,0.2609512498885393
7614,8807,1193,0.1193,0.258367796920985
7494,8747,1253,0.1253,0.2594225263680078
7576,8788,1212,0.1212,0.2530509931995548
7622,8811,1189,0.1189,0.24988325581103563
7566,8783,1217,0.1217,0.24167695645107887
7466,8733,1267,0.1267,0.24358682758212089
7660,8830,1170,0.117,0.23766802173403784
7662,8831,1169,0.1169,0.2374732927306555
7780,8890,1110,0.111,0.23586799178126913
7496,8748,1252,0.1252,0.24012987764663996
7660,8830,1170,0.117,0.23550424235165118
7608,8804,1196,0.1196,0.23559793497696518
7478,8739,1261,0.1261,0.23627898994344287
7602,8801,1199,0.1199,0.2379452526330948
7618,8809,1191,0.1191,0.2373242858520709
7632,8816,1184,0.1184,0.2367081658694893
7574,8787,1213,0.1213,0.24538818729364603
7676,8838,1162,0.1162,0.24560781538594748
7636,8818,1182,0.1182,0.2527423821456988
7708,8854,1146,0.1146,0.2507670150410384
7384,8692,1308,0.1308,0.2623616205898781
7584,8792,1208,0.1208,0.2617488956561312
7654,8827,1173,0.1173,0.2662510571943596
7596,8798,1202,0.1202,0.2640537188528309
7484,8742,1258,0.1258,0.2674611797112972
7652,8826,1174,0.1174,0.2640837658662235
7560,8780,1220,0.122,0.2653218913570046
7578,8789,1211,0.1211,0.26276928691915236
7476,8738,1262,0.1262,0.2689448720648885
7578,8789,1211,0.1211,0.2690059329777956
7498,8749,1251,0.1251,0.2756355670582209
7474,8737,1263,0.1263,0.276317838143371
7324,8662,1338,0.1338,0.2812528120018542
7650,8825,1175,0.1175,0.2789604087539017
7794,8897,1103,0.1103,0.2776914477031678
7590,8795,1205,0.1205,0.2777425958931446
7372,8686,1314,0.1314,0.2711709209216944
7858,8929,1071,0.1071,0.2638403207048774
7910,8955,1045,0.1045,0.2541341661370139
7546,8773,1227,0.1227,0.2547704730886966
7620,8810,1190,0.119,0.25000176599814183
7688,8844,1156,0.1156,0.24699751956307295
7496,8748,1252,0.1252,0.25654485505899066
7434,8717,1283,0.1283,0.2585833343807608
7684,8842,1158,0.1158,0.2705504188165069
7770,8885,1115,0.1115,0.26809184297090394
7756,8878,1122,0.1122,0.2717780985459685
7628,8814,1186,0.1186,0.2711691311754286
7548,8774,1226,0.1226,0.2603283641438315
7428,8714,1286,0.1286,0.256944845239073
7572,8786,1214,0.1214,0.24537588594175064
7712,8856,1144,0.1144,0.24135336001401156
7540,8770,1230,0.123,0.2292212102750846
7558,8779,1221,0.1221,0.2258984743842855
7666,8833,1167,0.1167,0.21736548717371187
7786,8893,1107,0.1107,0.2130026818588376
7698,8849,1151,0.1151,0.20453519971687348
7656,8828,1172,0.1172,0.20071916410624982
7776,8888,1112,0.1112,0.19159362254291773
7706,8853,1147,0.1147,0.18991942183077334
7568,8784,1216,0.1216,0.18546466308366508
7622,8811,1189,0.1189,0.1836411908224225
7294,8647,1353,0.1353,0.18667451984211803
7436,8718,1282,0.1282,0.1860156558629591
7752,8876,1124,0.1124,0.18825479934122413
7572,8786,1214,0.1214,0.1898798911612481
7794,8897,1103,0.1103,0.18517148263454436
7674,8837,1163,0.1163,0.18306143937259914
7550,8775,1225,0.1225,0.17212105442802422
7542,8771,1229,0.1229,0.1712872484533993
7682,8841,1159,0.1159,0.1640275644958483
7618,8809,1191,0.1191,0.1637808757526064
7602,8801,1199,0.1199,0.16518071077389176
7454,8727,1273,0.1273,0.16633985202535986
7552,8776,1224,0.1224,0.17083908405043186
7450,8725,1275,0.1275,0.17369378437125105
7602,8801,1199,0.1199,0.17708293740552936
7608,8804,1196,0.1196,0.17714242276996375
7532,8766,1234,0.1234,0.17144928648986102
7680,8840,1160,0.116,0.16536239001452924
7612,8806,1194,0.1194,0.15378168912304246
7734,8867,1133,0.1133,0.14718734226376876
7508,8754,1246,0.1246,0.13632013687826694
7562,8781,1219,0.1219,0.13261371857337653
7662,8831,1169,0.1169,0.13050241784527897
7554,8777,1223,0.1223,0.13187506339251995
7582,8791,1209,0.1209,0.13922194995284082
7958,8979,1021,0.1021,0.13954188750506147
7798,8899,1101,0.1101,0.14574328491669147
7568,8784,1216,0.1216,0.14871108767392863
7784,8892,1108,0.1108,0.14617696908276995
7448,8724,1276,0.1276,0.14623766962901902
7520,8760,1240,0.124,0.14145542025942123
7358,8679,1321,0.1321,0.1404359649356271
7816,8908,1092,0.1092,0.13364048926096256
7522,8761,1239,0.1239,0.13603937061759644
7664,8832,1168,0.1168,0.13438161045499147
7672,8836,1164,0.1164,0.133971211309731
7560,8780,1220,0.122,0.13158954569101333
7556,8778,1222,0.1222,0.13210367691889405
7632,8816,1184,0.1184,0.12922404704540968
7620,8810,1190,0.119,0.12804928204119206
7668,8834,1166,0.1166,0.1235637389846146
7690,8845,1155,0.1155,0.1231841084013693
7674,8837,1163,0.1163,0.12014981316551566
7600,8800,1200,0.12,0.12119674481750262
7576,8788,1212,0.1212,0.12052018039225368
7616,8808,1192,0.1192,0.12163697247803211
7488,8744,1256,0.1256,0.12550411936342717
7704,8852,1148,0.1148,0.12579640832641162
7596,8798,1202,0.1202,0.12840925478339196
7784,8892,1108,0.1108,0.12698429218903184
7770,8885,1115,0.1115,0.1247778543818742
7730,8865,1135,0.1135,0.12229372539818287
7596,8798,1202,0.1202,0.11908104830607771
7738,8869,1131,0.1131,0.11630382522921136
7512,8756,1244,0.1244,0.11449629806652666
7678,8839,1161,0.1161,0.11421622353307903
7584,8792,1208,0.1208,0.11836232123340014
7536,8768,1232,0.1232,0.11857060203328729
7668,8834,1166,0.1166,0.12257218443825842
7600,8800,1200,0.12,0.1272698631342617
7624,8812,1188,0.1188,0.13048980492651463
7628,8814,1186,0.1186,0.12975122172783482
7582,8791,1209,0.1209,0.12966688556689768
7526,8763,1237,0.1237,0.12897552227666748
7562,8781,1219,0.1219,0.12829595716975165
7408,8704,1296,0.1296,0.1290253380405833
7688,8844,1156,0.1156,0.12974828498475036
7582,8791,1209,0.1209,0.1320162989309174
7562,8781,1219,0.1219,0.13394803932923824
7626,8813,1187,0.1187,0.13372883120775222
7542,8771,1229,0.1229,0.13349979778397827
7676,8838,1162,0.1162,0.13441890892386438
7712,8856,1144,0.1144,0.13584077613742557
7518,8759,1241,0.1241,0.13733347826611716
7662,8831,1169,0.1169,0.1383157378954813
7632,8816,1184,0.1184,0.14110597503844038
7572,8786,1214,0.1214,0.14363625504152733
7610,8805,1195,0.1195,0.14404853566588832
7694,8847,1153,0.1153,0.14417464897786267
7624,8812,1188,0.1188,0.1453202495863661
7710,8855,1145,0.1145,0.14969483847874215
7534,8767,1233,0.1233,0.15219334648624064
7708,8854,1146,0.1146,0.1544805223489646
7648,8824,1176,0.1176,0.15769652746887877
7596,8798,1202,0.1202,0.16006833684369923
7638,8819,1181,0.1181,0.15950411266312003
7426,8713,1287,0.1287,0.16186988923810422
7558,8779,1221,0.1221,0.16376661025104114
7672,8836,1164,0.1164,0.16444733792468905
7606,8803,1197,0.1197,0.1647723901880905
7644,8822,1178,0.1178,0.16879147230871022
7590,8795,1205,0.1205,0.16774178374065085
7760,8880,1120,0.112,0.1657597256670473
7780,8890,1110,0.111,0.16618094843924044
7504,8752,1248,0.1248,0.16525824398942715
7518,8759,1241,0.1241,0.1661421947968287
7746,8873,1127,0.1127,0.16576820096692535
7534,8767,1233,0.1233,0.16720032190412748
7612,8806,1194,0.1194,0.17642443023882806
7792,8896,1104,0.1104,0.17910991151186173
7796,8898,1102,0.1102,0.17955316200526303
7666,8833,1167,0.1167,0.18023979886174202
7614,8807,1193,0.1193,0.18266165555249564
7612,8806,1194,0.1194,0.18230977826397865
7700,8850,1150,0.115,0.1829432547165663
7688,8844,1156,0.1156,0.18350492224246265
7648,8824,1176,0.1176,0.1897334513625605
7720,8860,1140,0.114,0.19297550911158323
7658,8829,1171,0.1171,0.1950023300021887
7570,8785,1215,0.1215,0.19614803959084676
7458,8729,1271,0.1271,0.2033646597325802
7752,8876,1124,0.1124,0.20537578846491833
7440,8720,1280,0.128,0.21050617411332204
7634,8817,1183,0.1183,0.20935726000741123
7620,8810,1190,0.119,0.2123293762125075
7720,8860,1140,0.114,0.21085250877524378
7668,8834,1166,0.1166,0.21148584938162165
7650,8825,1175,0.1175,0.21361642443359277
7558,8779,1221,0.1221,0.21557237015916034
7632,8816,1184,0.1184,0.2172386949273292
7434,8717,1283,0.1283,0.23185264279991388
7454,8727,1273,0.1273,0.23360936483740807
7550,8775,1225,0.1225,0.24000204028487204
7656,8828,1172,0.1172,0.2472295782700181
7676,8838,1162,0.1162,0.24943793487624963
7688,8844,1156,0.1156,0.2500479342252233
7560,8780,1220,0.122,0.2485424479879477
7532,8766,1234,0.1234,0.24407694359972906
7584,8792,1208,0.1208,0.23976736559639975
7634,8817,1183,0.1183,0.23911411326049634
7676,8838,1162,0.1162,0.242634525594092
7436,8718,1282,0.1282,0.24822074256104834
7558,8779,1221,0.1221,0.25584264774691645
7692,8846,1154,0.1154,0.2549691357126518
7670,8835,1165,0.1165,0.2584917092859745
7540,8770,1230,0.123,0.26352241436317564
7616,8808,1192,0.1192,0.2604873474497348
7716,8858,1142,0.1142,0.2574417944247776
7664,8832,1168,0.1168,0.25514023529163826
7642,8821,1179,0.1179,0.2536253494363744
7454,8727,1273,0.1273,0.25763838023990393
7674,8837,1163,0.1163,0.2543557906026486
7698,8849,1151,0.1151,0.2589671275459848
7682,8841,1159,0.1159,0.2662852077923831
7396,8698,1302,0.1302,0.28509798321986873
7752,8876,1124,0.1124,0.2829168592020869
7658,8829,1171,0.1171,0.28769718233719466
7652,8826,1174,0.1174,0.29002062411103396
7498,8749,1251,0.1251,0.293811072627455
7630,8815,1185,0.1185,0.2901868994406275
7578,8789,1211,0.1211,0.2898741569100166
7628,8814,1186,0.1186,0.2873564894680254
7412,8706,1294,0.1294,0.2914389029957354
7774,8887,1113,0.1113,0.28968155940193685
7570,8785,1215,0.1215,0.2966553305725334
7428,8714,1286,0.1286,0.2971254351713316
7604,8802,1198,0.1198,0.29948552068086676
7638,8819,1181,0.1181,0.2968964851776487
7810,8905,1095,0.1095,0.29936908338320484
7630,8815,1185,0.1185,0.29745702855918804
7620,8810,1190,0.119,0.29222969947586536
7704,8852,1148,0.1148,0.2901321870484724
7586,8793,1207,0.1207,0.29045246214306025
7680,8840,1160,0.116,0.2876533310241066
7654,8827,1173,0.1173,0.2945660169871808
7572,8786,1214,0.1214,0.29562006982211025
7436,8718,1282,0.1282,0.30188431845610963
7610,8805,1195,0.1195,0.3054739671559553
7802,8901,1099,0.1099,0.3067742685961071
7584,8792,1208,0.1208,0.30756500128751074
7580,8790,1210,0.121,0.308777689948678
7406,8703,1297,0.1297,0.3041275553540327
7732,8866,1134,0.1134,0.2993764941227273
7346,8673,1327,0.1327,0.3024789499265302
7532,8766,1234,0.1234,0.304377996891737
7468,8734,1266,0.1266,0.31208741043242627
7478,8739,1261,0.1261,0.32065280849700795
7594,8797,1203,0.1203,0.32186868350867587
7598,8799,1201,0.1201,0.3251925933212042
7422,8711,1289,0.1289,0.3273808533878997
7610,8805,1195,0.1195,0.32089590087056263
7354,8677,1323,0.1323,0.3223118734128773
7536,8768,1232,0.1232,0.3189188141398663
7522,8761,1239,0.1239,0.31152064926177264
7472,8736,1264,0.1264,0.30352589811086655
7494,8747,1253,0.1253,0.3035160748392344
7698,8849,1151,0.1151,0.3010749450728297
7614,8807,1193,0.1193,0.3006091485768789
7472,8736,1264,0.1264,0.30404247046527455
7660,8830,1170,0.117,0.3025029160798824
7718,8859,1141,0.1141,0.30064362469427286
7580,8790,1210,0.121,0.3011710284009576
7282,8641,1359,0.1359,0.2970194506486878
7404,8702,1298,0.1298,0.29561595662385226
7790,8895,1105,0.1105,0.2908039285696228
7726,8863,1137,0.1137,0.2900819290122483
7534,8767,1233,0.1233,0.288539341057837
7508,8754,1246,0.1246,0.2895579141741619
7480,8740,1260,0.126,0.28565937294367305
7356,8678,1322,0.1322,0.2895990680547897
7544,8772,1228,0.1228,0.2922885086505674
7512,8756,1244,0.1244,0.2957384495554492
7698,8849,1151,0.1151,0.29179027087688447
7598,8799,1201,0.1201,0.28857425077770943
7686,8843,1157,0.1157,0.28126019042729333
7604,8802,1198,0.1198,0.28337009891671255
7632,8816,1184,0.1184,0.2796419363332912
7568,8784,1216,0.1216,0.2702695954100418
7518,8759,1241,0.1241,0.26868083246201274
7470,8735,1265,0.1265,0.2697857741994783
7682,8841,1159,0.1159,0.26795415837084796
7568,8784,1216,0.1216,0.2750671300461516
7414,8707,1293,0.1293,0.2828293141277507
7650,8825,1175,0.1175,0.2838160942390561
7542,8771,1229,0.1229,0.28292879551360384
7672,8836,1164,0.1164,0.27877150779748333
7602,8801,1199,0.1199,0.2757189750175923
7738,8869,1131,0.1131,0.2741040614902973
7500,8750,1250,0.125,0.27475773317934943
7506,8753,1247,0.1247,0.2674983649625684
7532,8766,1234,0.1234,0.2643560406163335
7602,8801,1199,0.1199,0.26270494462703226
7588,8794,1206,0.1206,0.26219737917999736
7810,8905,1095,0.1095,0.2562262438312173
7522,8761,1239,0.1239,0.26188526548445223
7462,8731,1269,0.1269,0.2622538348779082
7514,8757,1243,0.1243,0.26375122010785307
7424,8712,1288,0.1288,0.2676086374604143
7650,8825,1175,0.1175,0.26530696699246764
7584,8792,1208,0.1208,0.2662517098326278
7532,8766,1234,0.1234,0.2653510059622582
7538,8769,1231,0.1231,0.25612326755672693
7576,8788,1212,0.1212,0.2510511631556554
7530,8765,1235,0.1235,0.25117523770623373
7506,8753,1247,0.1247,0.25163748595831387
7584,8792,1208,0.1208,0.253710375494021
7688,8844,1156,0.1156,0.2588313334181905
7600,8800,1200,0.12,0.25942308518110074
7686,8843,1157,0.1157,0.2588037562981248
7682,8841,1159,0.1159,0.25551259423047307
7486,8743,1257,0.1257,0.2481833356369109
7634,8817,1183,0.1183,0.24869499473217366
7608,8804,1196,0.1196,0.24600968032479287
7746,8873,1127,0.1127,0.23837763246614485
7882,8941,1059,0.1059,0.23680704281990256
7528,8764,1236,0.1236,0.24100226439889522
7462,8731,1269,0.1269,0.24269492750372737
7452,8726,1274,0.1274,0.24499651080751791
7616,8808,1192,0.1192,0.24971152328060708
7626,8813,1187,0.1187,0.25015537395365534
7636,8818,1182,0.1182,0.2520420420013368
7480,8740,1260,0.126,0.2540685708834341
7456,8728,1272,0.1272,0.25814518519969426
7388,8694,1306,0.1306,0.25835302789462733
7584,8792,1208,0.1208,0.25838796162551514
7538,8769,1231,0.1231,0.26719987533399997
7494,8747,1253,0.1253,0.27133543708529323
7610,8805,1195,0.1195,0.2704523999335186
7660,8830,1170,0.117,0.27077274408172813
7604,8802,1198,0.1198,0.2655213513200841
7598,8799,1201,0.1201,0.26043275704532864
7278,8639,1361,0.1361,0.2623339056087852
7584,8792,1208,0.1208,0.25870539233873696
7476,8738,1262,0.1262,0.26046045481858443
7462,8731,1269,0.1269,0.2670454184167087
7660,8830,1170,0.117,0.2680504615632817
7518,8759,1241,0.1241,0.26876362252905966
7666,8833,1167,0.1167,0.27835272390469906
7516,8758,1242,0.1242,0.2876326360505678
7668,8834,1166,0.1166,0.28753204660273085
7516,8758,1242,0.1242,0.2894833358451724
7698,8849,1151,0.1151,0.2871731230060817
7660,8830,1170,0.117,0.2849875223211944
7422,8711,1289,0.1289,0.2861177148555813
7556,8778,1222,0.1222,0.28653151641339064
7474,8737,1263,0.1263,0.29344169594943526
7464,8732,1268,0.1268,0.3110202082917094
7656,8828,1172,0.1172,0.3093593326300383
7496,8748,1252,0.1252,0.3132756858958892
7420,8710,1290,0.129,0.3265781866407953
7572,8786,1214,0.1214,0.3228327245039167
7530,8765,1235,0.1235,0.3205406897824914
7498,8749,1251,0.1251,0.3221551169681489
7590,8795,1205,0.1205,0.309506595080439
7612,8806,1194,0.1194,0.2982534800685942
7718,8859,1141,0.1141,0.29496862417273223
7756,8878,1122,0.1122,0.29451819669157403
7578,8789,1211,0.1211,0.2946231177581474
7764,8882,1118,0.1118,0.29703456472801043
7704,8852,1148,0.1148,0.2988864707630506
7452,8726,1274,0.1274,0.3035104610344861
7688,8844,1156,0.1156,0.30727721923740664
7320,8660,1340,0.134,0.3085667847310193
7594,8797,1203,0.1203,0.3088731590002775
7650,8825,1175,0.1175,0.30597861434136087
7576,8788,1212,0.1212,0.3009963871874711
7608,8804,1196,0.1196,0.2851521645575762
7604,8802,1198,0.1198,0.28442670927383007
7610,8805,1195,0.1195,0.2817792019421845
7834,8917,1083,0.1083,0.2741195736013586
7526,8763,1237,0.1237,0.27623078277661023
7644,8822,1178,0.1178,0.2738784684091806
7584,8792,1208,0.1208,0.27590546648353337
7584,8792,1208,0.1208,0.285367417903617
7570,8785,1215,0.1215,0.3001050315706816
7732,8866,1134,0.1134,0.3015800396039471
7432,8716,1284,0.1284,0.3056630829036236
7556,8778,1222,0.1222,0.31062047498439205
7646,8823,1177,0.1177,0.31120161660313606
7620,8810,1190,0.119,0.31053568649180235
7846,8923,1077,0.1077,0.3090188643128891
7482,8741,1259,0.1259,0.3115100721177645
7418,8709,1291,0.1291,0.3164350229356438
7428,8714,1286,0.1286,0.31686580791790037
7516,8758,1242,0.1242,0.3166365549383259
7536,8768,1232,0.1232,0.3260066687647087
7456,8728,1272,0.1272,0.33641586052523925
7588,8794,1206,0.1206,0.3354333437226836
7676,8838,1162,0.1162,0.33258332069581376
7666,8833,1167,0.1167,0.3266369731185958
7382,8691,1309,0.1309,0.3129734705062583
7488,8744,1256,0.1256,0.30697612178586425
7668,8834,1166,0.1166,0.30072040064744654
7674,8837,1163,0.1163,0.2943080708414316
7600,8800,1200,0.12,0.29906894074647206
7664,8832,1168,0.1168,0.30068237069246245
7468,8734,1266,0.1266,0.30156487823873757
7576,8788,1212,0.1212,0.30387394721452354
7528,8764,1236,0.1236,0.3044094816274912
7772,8886,1114,0.1114,0.3011031049224546
7584,8792,1208,0.1208,0.30028188350832236
7482,8741,1259,0.1259,0.2945535037955037
7516,8758,1242,0.1242,0.2836411861233413
7650,8825,1175,0.1175,0.2805732887140064
7604,8802,1198,0.1198,0.27804913000043013
7648,8824,1176,0.1176,0.27227907468229534
7512,8756,1244,0.1244,0.2635775691917166
7582,8791,1209,0.1209,0.26211296236516435
7624,8812,1188,0.1188,0.2605006695171818
7542,8771,1229,0.1229,0.2632887373819668
7490,8745,1255,0.1255,0.2698893411373254
7560,8780,1220,0.122,0.2719211318368092
7564,8782,1218,0.1218,0.2748053577363491
7488,8744,1256,0.1256,0.28012508612948295
7682,8841,1159,0.1159,0.2791868456343189
7600,8800,1200,0.12,0.2786505929078907
7416,8708,1292,0.1292,0.27654035711735486
7864,8932,1068,0.1068,0.2669538309007883
7462,8731,1269,0.1269,0.2534194172848351
7398,8699,1301,0.1301,0.253345230466011
7736,8868,1132,0.1132,0.24740810187378084
7582,8791,1209,0.1209,0.24774877361301334
7406,8703,1297,0.1297,0.2542094444400631
7706,8853,1147,0.1147,0.2558338290358328
7438,8719,1281,0.1281,0.2593255147881806
7630,8815,1185,0.1185,0.2604568922205828
7678,8839,1161,0.1161,0.25238977271991747
7678,8839,1161,0.1161,0.24974171137426748
7690,8845,1155,0.1155,0.24201922941654921
7648,8824,1176,0.1176,0.2279075968570076
7630,8815,1185,0.1185,0.2116928049236536
7556,8778,1222,0.1222,0.21054251097813248
7636,8818,1182,0.1182,0.2076638874039054
7580,8790,1210,0.121,0.20778684784621473
7584,8792,1208,0.1208,0.21708398437741644
7634,8817,1183,0.1183,0.21836486136475577
7590,8795,1205,0.1205,0.2248111062735319
7756,8878,1122,0.1122,0.2292455693345517
7504,8752,1248,0.1248,0.2372352844722569
7420,8710,1290,0.129,0.23855987328329842
7590,8795,1205,0.1205,0.23813162965774537
7616,8808,1192,0.1192,0.2351081800443826
7652,8826,1174,0.1174,0.23047854177481203
7890,8945,1055,0.1055,0.22814506057202816
7768,8884,1116,0.1116,0.22542714777477085
7600,8800,1200,0.12,0.2228371003219978
7616,8808,1192,0.1192,0.22458879262611908
7698,8849,1151,0.1151,0.22364880664404482
7560,8780,1220,0.122,0.22809185411669314
7528,8764,1236,0.1236,0.23403320719162002
7724,8862,1138,0.1138,0.2430936431297237
7662,8831,1169,0.1169,0.2430250600256026
7524,8762,1238,0.1238,0.24395152957886457
7672,8836,1164,0.1164,0.24139137004464864
7740,8870,1130,0.113,0.22641762683689595
7548,8774,1226,0.1226,0.22585151286771651
7738,8869,1131,0.1131,0.21745388089400586
7608,8804,1196,0.1196,0.21042456259489586
7588,8794,1206,0.1206,0.20975987567190965
7602,8801,1199,0.1199,0.20950918094068766
7264,8632,1368,0.1368,0.21447916544727094
7750,8875,1125,0.1125,0.22080537082356294
7530,8765,1235,0.1235,0.23252711925432085
7548,8774,1226,0.1226,0.233583971054852
7688,8844,1156,0.1156,0.2348073608085513
7448,8724,1276,0.1276,0.2347730139149353
7526,8763,1237,0.1237,0.2230787687562406
7516,8758,1242,0.1242,0.22017699156729503
7486,8743,1257,0.1257,0.20922924022376538
7632,8816,1184,0.1184,0.19567839194517583
7714,8857,1143,0.1143,0.18257307932414116
7670,8835,1165,0.1165,0.18126753719337285
7654,8827,1173,0.1173,0.1784673749138601
7646,8823,1177,0.1177,0.17852556689940396
7848,8924,1076,0.1076,0.1805261185833445
7568,8784,1216,0.1216,0.18327872211486101
7722,8861,1139,0.1139,0.1854808342561126
7648,8824,1176,0.1176,0.1841355167211441
7562,8781,1219,0.1219,0.17836593873007223
7572,8786,1214,0.1214,0.17733557673320174
7644,8822,1178,0.1178,0.17160735481380954
7550,8775,1225,0.1225,0.1698737338606514
7562,8781,1219,0.1219,0.16808759418167102
7552,8776,1224,0.1224,0.1692557894085534
7600,8800,1200,0.12,0.16875048883631824
7866,8933,1067,0.1067,0.1684441591747105
7802,8901,1099,0.1099,0.1688954387142934
7710,8855,1145,0.1145,0.16972477792603896
7702,8851,1149,0.1149,0.1671586592930551
7504,8752,1248,0.1248,0.16553426509425043
7804,8902,1098,0.1098,0.1632579036101699
7520,8760,1240,0.124,0.16896894028393006
7600,8800,1200,0.12,0.17048716526860372
7930,8965,1035,0.1035,0.17143136260227765
7742,8871,1129,0.1129,0.17359659951329232
7678,8839,1161,0.1161,0.1757224822310731
7388,8694,1306,0.1306,0.1773975131407613
7912,8956,1044,0.1044,0.17097248902960685
7600,8800,1200,0.12,0.1721049257075996
7466,8733,1267,0.1267,0.17321537886203733
7522,8761,1239,0.1239,0.17424726738221943
7454,8727,1273,0.1273,0.17399872577597694
7744,8872,1128,0.1128,0.17464389557540416
7576,8788,1212,0.1212,0.1763680711956649
7794,8897,1103,0.1103,0.17319703841889278
7766,8883,1117,0.1117,0.16990745446458458
7782,8891,1109,0.1109,0.16303077190425247
7676,8838,1162,0.1162,0.1612796925824601
7420,8710,1290,0.129,0.15597306127291122
7620,8810,1190,0.119,0.15346202293596528
7664,8832,1168,0.1168,0.15421078380197287
7512,8756,1244,0.1244,0.1573898195013404
7506,8753,1247,0.1247,0.1626335355103016
7560,8780,1220,0.122,0.16783836224153637
7456,8728,1272,0.1272,0.17460121883833782
7586,8793,1207,0.1207,0.17472566281706095
7630,8815,1185,0.1185,0.17283609026443192
7684,8842,1158,0.1158,0.16741815742794425
7628,8814,1186,0.1186,0.15947688134328364
7770,8885,1115,0.1115,0.15483771856026723
7472,8736,1264,0.1264,0.14944090623504064
7620,8810,1190,0.119,0.14355751404450465
7750,8875,1125,0.1125,0.14194830798539332
7588,8794,1206,0.1206,0.1426974080268774
7756,8878,1122,0.1122,0.14629092736771288
7564,8782,1218,0.1218,0.15186631499962655
7530,8765,1235,0.1235,0.15510034039132298
7462,8731,1269,0.1269,0.1568665804617107
7410,8705,1295,0.1295,0.15780688216962083
7610,8805,1195,0.1195,0.15624422388747333
7588,8794,1206,0.1206,0.15324026301389093
7532,8766,1234,0.1234,0.1539284340917249
7526,8763,1237,0.1237,0.15067139172668126
7568,8784,1216,0.1216,0.1469815915428102
7774,8887,1113,0.1113,0.14503819879367946
7614,8807,1193,0.1193,0.14535919550461696
7732,8866,1134,0.1134,0.14349664567410947
7618,8809,1191,0.1191,0.14187516902945935
7646,8823,1177,0.1177,0.14081753844385966
7724,8862,1138,0.1138,0.14126486417502165
7688,8844,1156,0.1156,0.14087479183413087
7688,8844,1156,0.1156,0.14114594525862484
7704,8852,1148,0.1148,0.14226627694778143
7662,8831,1169,0.1169,0.14354204669869505
7560,8780,1220,0.122,0.14559783960086584
7660,8830,1170,0.117,0.14586447430029512
7508,8754,1246,0.1246,0.14961399363573874
7548,8774,1226,0.1226,0.14974728070907295
7616,8808,1192,0.1192,0.15160300880497488
7754,8877,1123,0.1123,0.15133677982967347
7542,8771,1229,0.1229,0.15141500903916894
7536,8768,1232,0.1232,0.1500881311133262
7566,8783,1217,0.1217,0.15197575793073048
7626,8813,1187,0.1187,0.14938468517521397
7806,8903,1097,0.1097,0.15006219064251053
7636,8818,1182,0.1182,0.15474842908227718
7606,8803,1197,0.1197,0.15580121665662156
7652,8826,1174,0.1174,0.15685641576871276
7610,8805,1195,0.1195,0.16434101792946457
7596,8798,1202,0.1202,0.16915794444829227
7578,8789,1211,0.1211,0.17135782304041786
7642,8821,1179,0.1179,0.1718119720339775
7420,8710,1290,0.129,0.17895754655398205
7590,8795,1205,0.1205,0.1790079372830689
7748,8874,1126,0.1126,0.17837581955958157
7514,8757,1243,0.1243,0.17866646899208427
7624,8812,1188,0.1188,0.18190156348375602
7622,8811,1189,0.1189,0.17985847228061902
7646,8823,1177,0.1177,0.18025440592356026
7642,8821,1179,0.1179,0.17933559925407172
7648,8824,1176,0.1176,0.18094353698194027
7610,8805,1195,0.1195,0.1840291181910783
7644,8822,1178,0.1178,0.18317298101186752
7538,8769,1231,0.1231,0.18266189051423776
7550,8775,1225,0.1225,0.18916360946059999
7530,8765,1235,0.1235,0.19473707812577487
7720,8860,1140,0.114,0.19230599679127336
7668,8834,1166,0.1166,0.19428730225488544
7758,8879,1121,0.1121,0.19510774745040615
7698,8849,1151,0.1151,0.1959051499311959
7842,8921,1079,0.1079,0.1916128587514162
7724,8862,1138,0.1138,0.1905532776914537
7558,8779,1221,0.1221,0.19012821032106877
7444,8722,1278,0.1278,0.18882103654146196
7452,8726,1274,0.1274,0.19031617693193256
7584,8792,1208,0.1208,0.19132967311009416
7696,8848,1152,0.1152,0.2008945362075232
7602,8801,1199,0.1199,0.2055905693196556
7572,8786,1214,0.1214,0.20913151915047784
7674,8837,1163,0.1163,0.20928458767309785
7562,8781,1219,0.1219,0.20940862301499583
7340,8670,1330,0.133,0.20907646046678968
7566,8783,1217,0.1217,0.20143514648899435
7786,8893,1107,0.1107,0.1977138788804043
7546,8773,1227,0.1227,0.19795354612618685
7896,8948,1052,0.1052,0.1944085190806538
7572,8786,1214,0.1214,0.194798510889709
7600,8800,1200,0.12,0.1954907429413178
7456,8728,1272,0.1272,0.19834728001941956
7648,8824,1176,0.1176,0.19645369711518287
7580,8790,1210,0.121,0.19651569439293817
7830,8915,1085,0.1085,0.19490795366277452
7632,8816,1184,0.1184,0.19550319492220877
7558,8779,1221,0.1221,0.19315481316298447
7708,8854,1146,0.1146,0.19194300615862012
7764,8882,1118,0.1118,0.19324505995437502
7614,8807,1193,0.1193,0.1950465757355094
7480,8740,1260,0.126,0.19316875655371696
7676,8838,1162,0.1162,0.1920626691715792
7558,8779,1221,0.1221,0.1930095704063773
7778,8889,1111,0.1111,0.18793976286605066
7820,8910,1090,0.109,0.1843181686641008
7370,8685,1315,0.1315,0.18278994769271747
7570,8785,1215,0.1215,0.17915518538147612
7682,8841,1159,0.1159,0.17643723975872877
7424,8712,1288,0.1288,0.17861003782898224
7564,8782,1218,0.1218,0.1779798076310195
7402,8701,1299,0.1299,0.18144275120645761
7512,8756,1244,0.1244,0.18237643910883927
7580,8790,1210,0.121,0.18148963032253088
7702,8851,1149,0.1149,0.17997492066826073
7488,8744,1256,0.1256,0.1794733048826456
7650,8825,1175,0.1175,0.1708021963045001
7610,8805,1195,0.1195,0.16890183034688233
7542,8771,1229,0.1229,0.16460786282476075
7652,8826,1174,0.1174,0.16294201183412224
7530,8765,1235,0.1235,0.16069487152919174
7542,8771,1229,0.1229,0.16151783809587358
7584,8792,1208,0.1208,0.1643790497623384
7476,8738,1262,0.1262,0.16757099945545195
7814,8907,1093,0.1093,0.16992606718149036
7604,8802,1198,0.1198,0.17295939562739804
7716,8858,1142,0.1142,0.1725471242710948
7836,8918,1082,0.1082,0.17049490459740627
7790,8895,1105,0.1105,0.1677326015725732
7664,8832,1168,0.1168,0.1689988171427256
7606,8803,1197,0.1197,0.16833673297185472
7810,8905,1095,0.1095,0.16623173871468752
7760,8880,1120,0.112,0.17054356705511453
7564,8782,1218,0.1218,0.1730891994024627
7736,8868,1132,0.1132,0.17829597983444437
7600,8800,1200,0.12,0.1787608196914196
7632,8816,1184,0.1184,0.18108381608575583
7554,8777,1223,0.1223,0.18238249901378148
7754,8877,1123,0.1123,0.1824477501257672
7636,8818,1182,0.1182,0.18182044145837425
7572,8786,1214,0.1214,0.18231448698490857
7692,8846,1154,0.1154,0.18159983403086716
7448,8724,1276,0.1276,0.1815772961936309
7510,8755,1245,0.1245,0.18124401176907123
7868,8934,1066,0.1066,0.17728037957508178
7700,8850,1150,0.115,0.18001768707185983
7490,8745,1255,0.1255,0.18117096832608803
7534,8767,1233,0.1233,0.1806567056597803
7650,8825,1175,0.1175,0.1797704982777359
7604,8802,1198,0.1198,0.18220765007585293
7694,8847,1153,0.1153,0.1846290716573596
7622,8811,1189,0.1189,0.18529993611723183
7702,8851,1149,0.1149,0.1849445080332458
7704,8852,1148,0.1148,0.185079450208446
7776,8888,1112,0.1112,0.1813196394299157
7786,8893,1107,0.1107,0.18190773793893167
7680,8840,1160,0.116,0.18028142197147629
7404,8702,1298,0.1298,0.1822246432850166
7554,8777,1223,0.1223,0.18741708396226167
7672,8836,1164,0.1164,0.1872065743751824
7452,8726,1274,0.1274,0.19764467002525926
7470,8735,1265,0.1265,0.20093096152003853
7760,8880,1120,0.112,0.2144225817978382
7660,8830,1170,0.117,0.21515905349478126
7654,8827,1173,0.1173,0.22130976045429707
7660,8830,1170,0.117,0.22070735942684114
7754,8877,1123,0.1123,0.21528511843625456
7452,8726,1274,0.1274,0.21608829463273288
7450,8725,1275,0.1275,0.21213382271360606
7622,8811,1189,0.1189,0.20707458671852802
7696,8848,1152,0.1152,0.20417719953558408
7426,8713,1287,0.1287,0.20724375710666063
7602,8801,1199,0.1199,0.20914955591920298
7680,8840,1160,0.116,0.2099729275200516
7658,8829,1171,0.1171,0.2104149540288374
7578,8789,1211,0.1211,0.21154684983938932
7598,8799,1201,0.1201,0.21051883201748134
7514,8757,1243,0.1243,0.20962248984006582
7498,8749,1251,0.1251,0.20879204362221063
7636,8818,1182,0.1182,0.20717701248377562
7468,8734,1266,0.1266,0.20893868468804286
7548,8774,1226,0.1226,0.20815371373817323
7826,8913,1087,0.1087,0.2039264752857387
7670,8835,1165,0.1165,0.2046230445586145
7744,8872,1128,0.1128,0.20449875642607734
7636,8818,1182,0.1182,0.2027555198195172
7580,8790,1210,0.121,0.19811684543341399
7744,8872,1128,0.1128,0.19547794125902204
7626,8813,1187,0.1187,0.1957551489016274
7772,8886,1114,0.1114,0.1940936308979988
7664,8832,1168,0.1168,0.19553354468554027
7614,8807,1193,0.1193,0.19722639027163386
7680,8840,1160,0.116,0.19870254153460265
7640,8820,1180,0.118,0.19998404358066618
7558,8779,1221,0.1221,0.20263047879487275
7634,8817,1183,0.1183,0.20128054038211704
7694,8847,1153,0.1153,0.2027104607999325
7730,8865,1135,0.1135,0.20106634805891477
7494,8747,1253,0.1253,0.20203676899671555
7658,8829,1171,0.1171,0.19999383799284698
7676,8838,1162,0.1162,0.1991126740673557
7706,8853,1147,0.1147,0.19596893451157435
7782,8891,1109,0.1109,0.19034291871646275
7610,8805,1195,0.1195,0.19011994299750368
7648,8824,1176,0.1176,0.18895533234430478
7632,8816,1184,0.1184,0.18674226985611023
7620,8810,1190,0.119,0.18672413753941655
7460,8730,1270,0.127,0.1873946043817275
7512,8756,1244,0.1244,0.18990520464703442
7628,8814,1186,0.1186,0.19053627453472
7560,8780,1220,0.122,0.19412731577903033
7432,8716,1284,0.1284,0.19561604027766735
7560,8780,1220,0.122,0.19675679454356432
7716,8858,1142,0.1142,0.19525548250973224
7646,8823,1177,0.1177,0.1937903518564999
7634,8817,1183,0.1183,0.19446164030265062
7532,8766,1234,0.1234,0.192643009468168
7518,8759,1241,0.1241,0.19012044512331486
7554,8777,1223,0.1223,0.18667422892351168
7664,8832,1168,0.1168,0.18641285415190287
7540,8770,1230,0.123,0.18623395055979491
7590,8795,1205,0.1205,0.18615421536788346
7782,8891,1109,0.1109,0.179437356903404
7626,8813,1187,0.1187,0.17949683774197764
7704,8852,1148,0.1148,0.17675512639805674
7506,8753,1247,0.1247,0.17424477944150568
7636,8818,1182,0.1182,0.16587899771630765
7560,8780,1220,0.122,0.16624572109321598
7426,8713,1287,0.1287,0.1672095069564879
7482,8741,1259,0.1259,0.1688197563616035
7678,8839,1161,0.1161,0.16812252374142408
7666,8833,1167,0.1167,0.1679533767335974
7642,8821,1179,0.1179,0.16991087238341573
7712,8856,1144,0.1144,0.1697417070357797
7634,8817,1183,0.1183,0.16695495104915586
7604,8802,1198,0.1198,0.16595266062368902
7764,8882,1118,0.1118,0.1634119219986722
7840,8920,1080,0.108,0.15983600575521706
7776,8888,1112,0.1112,0.15828560087175428
7460,8730,1270,0.127,0.16052867203131319
7700,8850,1150,0.115,0.16085152804474345
7704,8852,1148,0.1148,0.1655866705596447
7576,8788,1212,0.1212,0.17771833242326976
7560,8780,1220,0.122,0.1800558172814548
7594,8797,1203,0.1203,0.18451063609626145
7484,8742,1258,0.1258,0.19115194930136203
7634,8817,1183,0.1183,0.19100244970172645
7702,8851,1149,0.1149,0.18922902591891735
7558,8779,1221,0.1221,0.18788206513747588
7548,8774,1226,0.1226,0.1845722687999136
7558,8779,1221,0.1221,0.17791509923083054
7712,8856,1144,0.1144,0.17590492134466768
7570,8785,1215,0.1215,0.176932996173203
7520,8760,1240,0.124,0.17711905262873992
7728,8864,1136,0.1136,0.18137433646693826
7606,8803,1197,0.1197,0.18361666511194671
7598,8799,1201,0.1201,0.1870925508968532
7698,8849,1151,0.1151,0.18835634953211997
7850,8925,1075,0.1075,0.18465623508505524
7464,8732,1268,0.1268,0.18711719558774495
7534,8767,1233,0.1233,0.18495298925592507
7568,8784,1216,0.1216,0.1819605209481437
7564,8782,1218,0.1218,0.17979939487638394
7640,8820,1180,0.118,0.18078737974739634
7706,8853,1147,0.1147,0.179798474427592
7754,8877,1123,0.1123,0.1810213039493188
7738,8869,1131,0.1131,0.1776883529946208
7754,8877,1123,0.1123,0.17665931745916605
7554,8777,1223,0.1223,0.17717698049845695
7640,8820,1180,0.118,0.17275932941175998
7554,8777,1223,0.1223,0.17116280281897633
7704,8852,1148,0.1148,0.17044224856719375
7540,8770,1230,0.123,0.17261861737519502
7660,8830,1170,0.117,0.17213353404849768
7310,8655,1345,0.1345,0.17780876646996085
7738,8869,1131,0.1131,0.17216064867824316
7712,8856,1144,0.1144,0.17356849663481116
7640,8820,1180,0.118,0.17567833529068158
7552,8776,1224,0.1224,0.17956195377940312
7648,8824,1176,0.1176,0.1776372841194272
7686,8843,1157,0.1157,0.1795132072200427
7582,8791,1209,0.1209,0.18406672469079494
7618,8809,1191,0.1191,0.19029203365114516
7454,8727,1273,0.1273,0.19202559464871882
7684,8842,1158,0.1158,0.1918049038246274
7388,8694,1306,0.1306,0.19932309247106314
7604,8802,1198,0.1198,0.2022054513320327
7604,8802,1198,0.1198,0.2031492290934411
7658,8829,1171,0.1171,0.20248376504927873
7522,8761,1239,0.1239,0.20477729320675134
7526,8763,1237,0.1237,0.1997711451868119
7574,8787,1213,0.1213,0.19926683346554636
7404,8702,1298,0.1298,0.1991051372155547
7758,8879,1121,0.1121,0.1928643435748294
7772,8886,1114,0.1114,0.18746350732121103
7686,8843,1157,0.1157,0.1871478345669806
7476,8738,1262,0.1262,0.188532811704278
7574,8787,1213,0.1213,0.18447385232005362
7572,8786,1214,0.1214,0.1874430926941335
7544,8772,1228,0.1228,0.1871887093231082
7630,8815,1185,0.1185,0.18930370030702942
7524,8762,1238,0.1238,0.18994929265603422
7596,8798,1202,0.1202,0.1883511109903455
7498,8749,1251,0.1251,0.18901104727089404
7382,8691,1309,0.1309,0.18894850494540374
7576,8788,1212,0.1212,0.18211094918698073
7682,8841,1159,0.1159,0.170308723641932
7598,8799,1201,0.1201,0.17050228081718088
7490,8745,1255,0.1255,0.1696842738670879
7604,8802,1198,0.1198,0.16322086649164558
7756,8878,1122,0.1122,0.156117241461698
7542,8771,1229,0.1229,0.15881398778110845
7684,8842,1158,0.1158,0.15757493517696858
7634,8817,1183,0.1183,0.1586725161112845
7736,8868,1132,0.1132,0.15760713416785002
7428,8714,1286,0.1286,0.16145871012210847
7510,8755,1245,0.1245,0.16006796799231574
7644,8822,1178,0.1178,0.16182950832080095
7602,8801,1199,0.1199,0.1609235762357712
7466,8733,1267,0.1267,0.1643849388681352
7638,8819,1181,0.1181,0.1618794275352271
7654,8827,1173,0.1173,0.15816861987883749
7488,8744,1256,0.1256,0.14941185539816249
7722,8861,1139,0.1139,0.14982405885136688
7792,8896,1104,0.1104,0.14723141333423556
7686,8843,1157,0.1157,0.14328901590183377
7566,8783,1217,0.1217,0.14245610809251666
7620,8810,1190,0.119,0.14358576845154167
7976,8988,1012,0.1012,0.14042337476145475
7676,8838,1162,0.1162,0.14671963798627258
7640,8820,1180,0.118,0.14732953707948326
7520,8760,1240,0.124,0.1498879084199667
7738,8869,1131,0.1131,0.1458629756949842
7594,8797,1203,0.1203,0.148320126672263
7512,8756,1244,0.1244,0.1499744391136436
7698,8849,1151,0.1151,0.15085641520917414
7562,8781,1219,0.1219,0.15067797163040958
7580,8790,1210,0.121,0.15435341750755907
7694,8847,1153,0.1153,0.15443307551890612
7538,8769,1231,0.1231,0.1552133967599366
7822,8911,1089,0.1089,0.15224550285815402
7588,8794,1206,0.1206,0.1530731329984963
7684,8842,1158,0.1158,0.15078518602405436
7422,8711,1289,0.1289,0.15348922296094242
7604,8802,1198,0.1198,0.15206466691568493
7634,8817,1183,0.1183,0.1568558435153216
7518,8759,1241,0.1241,0.16119741824530065
7638,8819,1181,0.1181,0.16300963069284335
7646,8823,1177,0.1177,0.1612188172958791
7572,8786,1214,0.1214,0.16415659982711076
7530,8765,1235,0.1235,0.1606461811706424
7648,8824,1176,0.1176,0.1592627985417843
7666,8833,1167,0.1167,0.15801879920905043
7458,8729,1271,0.1271,0.15605923492759466
7654,8827,1173,0.1173,0.15438965585678815
7762,8881,1119,0.1119,0.1560090038612485
7686,8843,1157,0.1157,0.1540803362035731
7466,8733,1267,0.1267,0.16178666741997003
7500,8750,1250,0.125,0.17401355672109162
7724,8862,1138,0.1138,0.17615821070224047
7698,8849,1151,0.1151,0.17643031824603678
7498,8749,1251,0.1251,0.18834602087293006
7826,8913,1087,0.1087,0.190224981135875
7586,8793,1207,0.1207,0.19270512867579237
7418,8709,1291,0.1291,0.19349868182819335
7740,8870,1130,0.113,0.1897840177860111
7610,8805,1195,0.1195,0.18559430119562895
7652,8826,1174,0.1174,0.18670923911029952
7786,8893,1107,0.1107,0.18734062839394977
7502,8751,1249,0.1249,0.1929107395734638
7564,8782,1218,0.1218,0.2043864185258746
7506,8753,1247,0.1247,0.20886971637010573
7620,8810,1190,0.119,0.2089914829544723
7468,8734,1266,0.1266,0.2193041979253292
7766,8883,1117,0.1117,0.22422897297739983
7696,8848,1152,0.1152,0.22670271303206682
7636,8818,1182,0.1182,0.22607541728913785
7754,8877,1123,0.1123,0.22269653019458055
7614,8807,1193,0.1193,0.2183768689751625
7746,8873,1127,0.1127,0.21729039795750285
7638,8819,1181,0.1181,0.21841594379597518
7660,8830,1170,0.117,0.22312348286211492
7486,8743,1257,0.1257,0.24250287662897327
7442,8721,1279,0.1279,0.24301085571944714
7694,8847,1153,0.1153,0.24634670036591852
7554,8777,1223,0.1223,0.258498211751692
7574,8787,1213,0.1213,0.26666007516120244
7702,8851,1149,0.1149,0.26602185327261685
7452,8726,1274,0.1274,0.26736505856364967
7478,8739,1261,0.1261,0.26498309919161256
7750,8875,1125,0.1125,0.2576766877233982
7630,8815,1185,0.1185,0.25871549541912975
7430,8715,1285,0.1285,0.25825887695040944
7620,8810,1190,0.119,0.2551291339591146
7618,8809,1191,0.1191,0.2586212389744818
7524,8762,1238,0.1238,0.2613683073014021
7640,8820,1180,0.118,0.26173424720745536
7692,8846,1154,0.1154,0.2674423769697547
7492,8746,1254,0.1254,0.276423977419734
7666,8833,1167,0.1167,0.2747311623044312
7562,8781,1219,0.1219,0.27688932739645244
7578,8789,1211,0.1211,0.27920184815824034
7572,8786,1214,0.1214,0.2837650618508458
7650,8825,1175,0.1175,0.28304202758073804
7608,8804,1196,0.1196,0.28456774347149766
7414,8707,1293,0.1293,0.2916564763970673
7790,8895,1105,0.1105,0.3047063896644483
7710,8855,1145,0.1145,0.30419609016249916
7802,8901,1099,0.1099,0.30685969912727595
7826,8913,1087,0.1087,0.3191883559554815
7448,8724,1276,0.1276,0.3382950836482458
7452,8726,1274,0.1274,0.339547978756763
7708,8854,1146,0.1146,0.34081850806686975
7554,8777,1223,0.1223,0.3545876942500472
7408,8704,1296,0.1296,0.3670388514965773
7378,8689,1311,0.1311,0.3679946578204632
7458,8729,1271,0.1271,0.3681350525975227
7554,8777,1223,0.1223,0.37259941647835076
7514,8757,1243,0.1243,0.3681335915048094
7598,8799,1201,0.1201,0.36867708926200865
7640,8820,1180,0.118,0.36748072010045874
7620,8810,1190,0.119,0.3632014644715702
7510,8755,1245,0.1245,0.35425434944797307
7440,8720,1280,0.128,0.3535581198020495
7698,8849,1151,0.1151,0.3510258118748665
7702,8851,1149,0.1149,0.35100655955837573
7592,8796,1204,0.1204,0.3580042864749481
7440,8720,1280,0.128,0.35982480544084244
7564,8782,1218,0.1218,0.3614809766113758
7488,8744,1256,0.1256,0.3700378746524453
7522,8761,1239,0.1239,0.374718933307752
7456,8728,1272,0.1272,0.3768768775126431
7518,8759,1241,0.1241,0.37653609944581984
7640,8820,1180,0.118,0.37708851790726183
7254,8627,1373,0.1373,0.36886978678848825
7538,8769,1231,0.1231,0.36780266295671465
7386,8693,1307,0.1307,0.3651067303821445
7562,8781,1219,0.1219,0.3555283894009888
7478,8739,1261,0.1261,0.3403112386263907
7510,8755,1245,0.1245,0.3409278573730844
7588,8794,1206,0.1206,0.33689440568117424
7612,8806,1194,0.1194,0.33238582268124445
7694,8847,1153,0.1153,0.32837886018455026
7650,8825,1175,0.1175,0.32927781288590047
7728,8864,1136,0.1136,0.3271809520339302
7556,8778,1222,0.1222,0.3261042040064617
7614,8807,1193,0.1193,0.3193356769979
7500,8750,1250,0.125,0.3192543080747128
7640,8820,1180,0.118,0.31369279198870065
7778,8889,1111,0.1111,0.30748729921728374
7514,8757,1243,0.1243,0.29783501106947663
7624,8812,1188,0.1188,0.29667345045506954
7700,8850,1150,0.115,0.29182932505389975
7678,8839,1161,0.1161,0.28150080124428495
7608,8804,1196,0.1196,0.26685537259425035
7590,8795,1205,0.1205,0.2661365106642246
7440,8720,1280,0.128,0.26210898763729784
7684,8842,1158,0.1158,0.25849075282141565
7660,8830,1170,0.117,0.25895165505799234
7630,8815,1185,0.1185,0.2573784259647131
7448,8724,1276,0.1276,0.2576269089858979
7598,8799,1201,0.1201,0.25613396131768823
7512,8756,1244,0.1244,0.2554996358065539
7620,8810,1190,0.119,0.2551798993933946
7554,8777,1223,0.1223,0.25303563236892224
7548,8774,1226,0.1226,0.24842863848209382
7492,8746,1254,0.1254,0.24898980763331055
7508,8754,1246,0.1246,0.24825791212116013
7622,8811,1189,0.1189,0.24506235934611176
7510,8755,1245,0.1245,0.24756595581590662
7598,8799,1201,0.1201,0.25244759738696737
7708,8854,1146,0.1146,0.25176757429689167
7602,8801,1199,0.1199,0.25201067347824574
7442,8721,1279,0.1279,0.25656769196430007
7444,8722,1278,0.1278,0.2594786864325404
7624,8812,1188,0.1188,0.2577874685421586
7772,8886,1114,0.1114,0.2550483259961009
7716,8858,1142,0.1142,0.2561905838474631
7648,8824,1176,0.1176,0.2582760689377785
7436,8718,1282,0.1282,0.25975245193064256
7626,8813,1187,0.1187,0.2584987334407866
7652,8826,1174,0.1174,0.25742339589748264
7548,8774,1226,0.1226,0.25897499835178706
7766,8883,1117,0.1117,0.25685415114257487
7756,8878,1122,0.1122,0.2535792477250099
7580,8790,1210,0.121,0.25153210763144307
7634,8817,1183,0.1183,0.24486454067975283
7672,8836,1164,0.1164,0.24276491968333772
7556,8778,1222,0.1222,0.2406246041675442
7574,8787,1213,0.1213,0.2380577090471983
7666,8833,1167,0.1167,0.24291282301172615
7322,8661,1339,0.1339,0.24761267408579588
7716,8858,1142,0.1142,0.2509433707355056
7766,8883,1117,0.1117,0.2499626842111349
7504,8752,1248,0.1248,0.2599641928464174
7682,8841,1159,0.1159,0.2595813596189022
7422,8711,1289,0.1289,0.2598358221665956
7464,8732,1268,0.1268,0.2588591485515237
7590,8795,1205,0.1205,0.25788841882050056
7624,8812,1188,0.1188,0.25854141277447346
7674,8837,1163,0.1163,0.262372872890532
7610,8805,1195,0.1195,0.26597084060311316
7540,8770,1230,0.123,0.2731669991793111
7726,8863,1137,0.1137,0.276082505336936
7676,8838,1162,0.1162,0.2836694770693779
7532,8766,1234,0.1234,0.29048327668011187
7702,8851,1149,0.1149,0.2975361264852807
7490,8745,1255,0.1255,0.30421337844729424
7528,8764,1236,0.1236,0.31243379728347065
7510,8755,1245,0.1245,0.31653741066809743
7426,8713,1287,0.1287,0.3263536548110464
7646,8823,1177,0.1177,0.3293218027192168
7550,8775,1225,0.1225,0.33448326104953885
7612,8806,1194,0.1194,0.3364390726879239
7634,8817,1183,0.1183,0.33944103614912285
7666,8833,1167,0.1167,0.34028658631371556
7448,8724,1276,0.1276,0.3415228266328573
7690,8845,1155,0.1155,0.34095627426877617
7408,8704,1296,0.1296,0.3406480864979312
7766,8883,1117,0.1117,0.34014219500031323
7786,8893,1107,0.1107,0.3374511106933933
7554,8777,1223,0.1223,0.33800411579890643
7702,8851,1149,0.1149,0.3233841125816107
7552,8776,1224,0.1224,0.32902828028071673
7486,8743,1257,0.1257,0.318030867408216
7524,8762,1238,0.1238,0.309275195590379
7446,8723,1277,0.1277,0.29344790239036084
7422,8711,1289,0.1289,0.289878936596189
7570,8785,1215,0.1215,0.2830239700977807
7702,8851,1149,0.1149,0.2692149536713958
7664,8832,1168,0.1168,0.24900693876976146
7424,8712,1288,0.1288,0.24783194795846938
7658,8829,1171,0.1171,0.23769431788986548
7532,8766,1234,0.1234,0.22613322567269206
7630,8815,1185,0.1185,0.20793380519375204
7644,8822,1178,0.1178,0.2065752513796091
7620,8810,1190,0.119,0.2005976790472865
7814,8907,1093,0.1093,0.19556794448546133
7704,8852,1148,0.1148,0.19369481501804547
7442,8721,1279,0.1279,0.19886608050763607
7600,8800,1200,0.12,0.1978758074656129
7584,8792,1208,0.1208,0.20164408936426043
7766,8883,1117,0.1117,0.2023005873426795
7476,8738,1262,0.1262,0.2055435875415802
7526,8763,1237,0.1237,0.2031129728090018
7722,8861,1139,0.1139,0.19973533167652785
7418,8709,1291,0.1291,0.1980133527867205
7798,8899,1101,0.1101,0.19797133541759104
7632,8816,1184,0.1184,0.1981617520879954
7450,8725,1275,0.1275,0.20320928562059998
7462,8731,1269,0.1269,0.21275021990260576
7414,8707,1293,0.1293,0.2163995525367296
7490,8745,1255,0.1255,0.21994728052914142
7574,8787,1213,0.1213,0.22655957905948163
7676,8838,1162,0.1162,0.23428111571245827
7636,8818,1182,0.1182,0.23631612429022789
7660,8830,1170,0.117,0.2376113168269396
7596,8798,1202,0.1202,0.2356134865552187
7618,8809,1191,0.1191,0.22677839944660663
7724,8862,1138,0.1138,0.22322164607569575
7716,8858,1142,0.1142,0.22058033290876697
7744,8872,1128,0.1128,0.21509063783101737
7326,8663,1337,0.1337,0.2154512125428766
7696,8848,1152,0.1152,0.21209547660648823
7630,8815,1185,0.1185,0.2147584210678935
7694,8847,1153,0.1153,0.2140241060626693
7602,8801,1199,0.1199,0.214988502306518
7948,8974,1026,0.1026,0.20911123231947423
7628,8814,1186,0.1186,0.2065382246479392
7768,8884,1116,0.1116,0.19677254951149226
7446,8723,1277,0.1277,0.18650469664484262
7390,8695,1305,0.1305,0.18792638454269617
7600,8800,1200,0.12,0.18474248356819153
7736,8868,1132,0.1132,0.1852919598065666
7588,8794,1206,0.1206,0.19674038132093846
7680,8840,1160,0.116,0.19695283728688956
7510,8755,1245,0.1245,0.20119461048096418
7504,8752,1248,0.1248,0.20145902168094182
7530,8765,1235,0.1235,0.20149797228872776
7770,8885,1115,0.1115,0.19826876505599794
7560,8780,1220,0.122,0.1953860358342994
7622,8811,1189,0.1189,0.19060299942102119
7622,8811,1189,0.1189,0.18442494723713027
7456,8728,1272,0.1272,0.18418656706507316
7632,8816,1184,0.1184,0.18217385175302625
7658,8829,1171,0.1171,0.1808465655528009
7658,8829,1171,0.1171,0.1864497324116528
7658,8829,1171,0.1171,0.18700710411146282
7506,8753,1247,0.1247,0.19335851812439556
7624,8812,1188,0.1188,0.198084358535707
7670,8835,1165,0.1165,0.20592950706122792
7508,8754,1246,0.1246,0.2079133741247002
7548,8774,1226,0.1226,0.21010762152713777
7730,8865,1135,0.1135,0.2097339363604784
7566,8783,1217,0.1217,0.2117254837746732
7318,8659,1341,0.1341,0.21302805716958972
7556,8778,1222,0.1222,0.2138967212498188
7662,8831,1169,0.1169,0.21232996621355416
7560,8780,1220,0.122,0.21321750050485133
7672,8836,1164,0.1164,0.2132846417513676
7642,8821,1179,0.1179,0.21314968253052793
7392,8696,1304,0.1304,0.21413259588219224
7524,8762,1238,0.1238,0.21615172955095768
7610,8805,1195,0.1195,0.2160385153311625
7678,8839,1161,0.1161,0.21535026568956672
7534,8767,1233,0.1233,0.21767900572326035
7468,8734,1266,0.1266,0.21773302471070782
7744,8872,1128,0.1128,0.2162402638817206
7740,8870,1130,0.113,0.21255538819436914
7600,8800,1200,0.12,0.21685511343851685
7682,8841,1159,0.1159,0.21672553951889276
7592,8796,1204,0.1204,0.2161682106463515
7574,8787,1213,0.1213,0.21823192077329767
7630,8815,1185,0.1185,0.22559942508403036
7626,8813,1187,0.1187,0.23296808948740363
7536,8768,1232,0.1232,0.23392734477967023
7658,8829,1171,0.1171,0.23659142890521326
7618,8809,1191,0.1191,0.2404723477123309
7846,8923,1077,0.1077,0.24121605409681798
7696,8848,1152,0.1152,0.2434415903680958
7572,8786,1214,0.1214,0.24402993063032818
7540,8770,1230,0.123,0.2470702257623896
7546,8773,1227,0.1227,0.2512304017414805
7526,8763,1237,0.1237,0.2523680935740471
7522,8761,1239,0.1239,0.255068485303344
7446,8723,1277,0.1277,0.26069988069928135
7766,8883,1117,0.1117,0.2645851964807177
7428,8714,1286,0.1286,0.2672416105578246
7494,8747,1253,0.1253,0.2661430938700215
7620,8810,1190,0.119,0.26431125119763044
7638,8819,1181,0.1181,0.26369951264608027
7398,8699,1301,0.1301,0.2656018520873971
7608,8804,1196,0.1196,0.26549515217095615
7786,8893,1107,0.1107,0.26513509770184757
7750,8875,1125,0.1125,0.2618435091236839
7516,8758,1242,0.1242,0.2627691193404142
7544,8772,1228,0.1228,0.26142473996281623
7668,8834,1166,0.1166,0.25759328935295345
7610,8805,1195,0.1195,0.2594703544626085
7672,8836,1164,0.1164,0.2591421174716408
7474,8737,1263,0.1263,0.2646084834403144
7702,8851,1149,0.1149,0.26485482672317895
7572,8786,1214,0.1214,0.2725429708839627
7608,8804,1196,0.1196,0.27379026557058095
7512,8756,1244,0.1244,0.2802686660596452
7340,8670,1330,0.133,0.28667967287582724
7862,8931,1069,0.1069,0.29212874016165735
7482,8741,1259,0.1259,0.29462391522122633
7582,8791,1209,0.1209,0.30025964703476055
7614,8807,1193,0.1193,0.30417895142138
7630,8815,1185,0.1185,0.3025931042868644
7494,8747,1253,0.1253,0.3033527189269663
7672,8836,1164,0.1164,0.3082718335765651
7532,8766,1234,0.1234,0.31356105746062185
7606,8803,1197,0.1197,0.318681843367219
7548,8774,1226,0.1226,0.3197733389507993
7784,8892,1108,0.1108,0.32284344807035514
7680,8840,1160,0.116,0.3238923690020372
7584,8792,1208,0.1208,0.31878823200762274
7672,8836,1164,0.1164,0.31886555182549053
7652,8826,1174,0.1174,0.3155448882237077
7460,8730,1270,0.127,0.31793188018500806
7420,8710,1290,0.129,0.3190589678126093
7576,8788,1212,0.1212,0.3198864388354588
7678,8839,1161,0.1161,0.3188983691745112
7618,8809,1191,0.1191,0.3203778333799914
7704,8852,1148,0.1148,0.312450275265798
7604,8802,1198,0.1198,0.3113232225560715
7766,8883,1117,0.1117,0.30281625266420886
7682,8841,1159,0.1159,0.2997984136141837
7416,8708,1292,0.1292,0.2938278329204768
7764,8882,1118,0.1118,0.2880122627684233
7478,8739,1261,0.1261,0.2909736573755741
7636,8818,1182,0.1182,0.29586619812697196
7620,8810,1190,0.119,0.30942922183573246
7404,8702,1298,0.1298,0.31146683456003665
7844,8922,1078,0.1078,0.3152499778479338
7596,8798,1202,0.1202,0.32118541947603224
7460,8730,1270,0.127,0.3201113284954787
7448,8724,1276,0.1276,0.32034835456758737
7968,8984,1016,0.1016,0.31121815024390814
7468,8734,1266,0.1266,0.30983575647373435
7686,8843,1157,0.1157,0.29763332252384955
7578,8789,1211,0.1211,0.29886023154873403
7766,8883,1117,0.1117,0.28924547877758744
7834,8917,1083,0.1083,0.28811827810906354
7752,8876,1124,0.1124,0.2774903043195605
7892,8946,1054,0.1054,0.2782481101327547
7590,8795,1205,0.1205,0.27883547134207476
7884,8942,1058,0.1058,0.27772393930573014
7674,8837,1163,0.1163,0.2873500036120415
7564,8782,1218,0.1218,0.2908580193057656
7586,8793,1207,0.1207,0.3008718245588243
7552,8776,1224,0.1224,0.3035759100492811
7620,8810,1190,0.119,0.3100346540464636
7338,8669,1331,0.1331,0.31200734488423915
7658,8829,1171,0.1171,0.3089485379370395
7542,8771,1229,0.1229,0.3053877290547671
7618,8809,1191,0.1191,0.29215759352620385
7622,8811,1189,0.1189,0.2912353332870793
7512,8756,1244,0.1244,0.28409961045226373
7584,8792,1208,0.1208,0.2792409606953617
7626,8813,1187,0.1187,0.27478791050615253
7462,8731,1269,0.1269,0.27849500410713374
7648,8824,1176,0.1176,0.27959729220857843
7832,8916,1084,0.1084,0.2775413879338652
7600,8800,1200,0.12,0.27691020698327773
7612,8806,1194,0.1194,0.2811991236210924
7786,8893,1107,0.1107,0.26948267100965606
7578,8789,1211,0.1211,0.2669135459437966
7460,8730,1270,0.127,0.2511253866625506
7718,8859,1141,0.1141,0.24896397311144683
7600,8800,1200,0.12,0.24162105186016233
7652,8826,1174,0.1174,0.24010353002278134
7832,8916,1084,0.1084,0.24114346604887396
7652,8826,1174,0.1174,0.24474531967220828
7576,8788,1212,0.1212,0.25206022682487966
7428,8714,1286,0.1286,0.2561892294626683
7678,8839,1161,0.1161,0.2590816194694489
7672,8836,1164,0.1164,0.26174785851545385
7568,8784,1216,0.1216,0.2650382097759706
7572,8786,1214,0.1214,0.26677310574129226
7346,8673,1327,0.1327,0.26611051807934416
7680,8840,1160,0.116,0.2668375238533641
7550,8775,1225,0.1225,0.2710922462093967
7620,8810,1190,0.119,0.2724564889775531
7574,8787,1213,0.1213,0.2794505890738219
7712,8856,1144,0.1144,0.2838474602416996
7488,8744,1256,0.1256,0.2969272098371759
7474,8737,1263,0.1263,0.30335943015087397
7634,8817,1183,0.1183,0.31106824886351825
7380,8690,1310,0.131,0.317994798540324
7466,8733,1267,0.1267,0.3166251131551987
7684,8842,1158,0.1158,0.3152127996533178
7618,8809,1191,0.1191,0.30889315414379087
7624,8812,1188,0.1188,0.30843149967342615
7448,8724,1276,0.1276,0.30338660156457736
7584,8792,1208,0.1208,0.3043393068762634
7644,8822,1178,0.1178,0.30129241054579614
7738,8869,1131,0.1131,0.30191690974384544
7696,8848,1152,0.1152,0.30209128521680834
7802,8901,1099,0.1099,0.3029275894603965
7574,8787,1213,0.1213,0.30081963495944275
7602,8801,1199,0.1199,0.29932169737435926
7734,8867,1133,0.1133,0.2941220087330788
7494,8747,1253,0.1253,0.29211212996994146
7412,8706,1294,0.1294,0.2817751451704651
7800,8900,1100,0.11,0.27169745691716674
7712,8856,1144,0.1144,0.26308323321498467
7334,8667,1333,0.1333,0.263121378891496
7692,8846,1154,0.1154,0.2563624578099698
7788,8894,1106,0.1106,0.25451743269488214
7570,8785,1215,0.1215,0.25842018466135924
7552,8776,1224,0.1224,0.262868703401839
7728,8864,1136,0.1136,0.26227852200251073
7592,8796,1204,0.1204,0.2626943175691413
7756,8878,1122,0.1122,0.26349613512707876
7478,8739,1261,0.1261,0.2664961131021443
7460,8730,1270,0.127,0.2650899624624057
7714,8857,1143,0.1143,0.26405392623617663
7682,8841,1159,0.1159,0.2657504159234464
7526,8763,1237,0.1237,0.26683049435983414
7602,8801,1199,0.1199,0.26833409219805615
7522,8761,1239,0.1239,0.2672439583580155
7446,8723,1277,0.1277,0.26760562970159535
7560,8780,1220,0.122,0.2682194347245619
7770,8885,1115,0.1115,0.26306062799394136
7720,8860,1140,0.114,0.26060784814471843
7454,8727,1273,0.1273,0.2549352952071611
7490,8745,1255,0.1255,0.24975563367791473
7788,8894,1106,0.1106,0.239966664092342
7538,8769,1231,0.1231,0.2391715360932052
7718,8859,1141,0.1141,0.2359516917064786
7698,8849,1151,0.1151,0.2338984976251868
7680,8840,1160,0.116,0.2312540506855643
7542,8771,1229,0.1229,0.23218036332254996
7444,8722,1278,0.1278,0.2300222227431135
7654,8827,1173,0.1173,0.22735646188133396
7592,8796,1204,0.1204,0.22725332133306247
7598,8799,1201,0.1201,0.2270318318516016
7622,8811,1189,0.1189,0.22361115928869693
7746,8873,1127,0.1127,0.22101895709633826
7626,8813,1187,0.1187,0.21907710215542464
7564,8782,1218,0.1218,0.21962956352047622
7534,8767,1233,0.1233,0.21844009766036557
7512,8756,1244,0.1244,0.2179066208757992
7524,8762,1238,0.1238,0.22660075566255136
7732,8866,1134,0.1134,0.22807867794199846
7552,8776,1224,0.1224,0.2416319550275337
7670,8835,1165,0.1165,0.2423360411678987
7556,8778,1222,0.1222,0.24630163010135292
7410,8705,1295,0.1295,0.24661892555814302
7860,8930,1070,0.107,0.24106483386839564
7586,8793,1207,0.1207,0.24452609574198722
7656,8828,1172,0.1172,0.23957315135896207
7476,8738,1262,0.1262,0.24229511004167434
7648,8824,1176,0.1176,0.2368758056761697
7646,8823,1177,0.1177,0.23747349260477468
7596,8798,1202,0.1202,0.2387880134858191
7708,8854,1146,0.1146,0.24103228497691453
7746,8873,1127,0.1127,0.2396814921334386
7580,8790,1210,0.121,0.24219298014044763
7632,8816,1184,0.1184,0.237619803391397
7772,8886,1114,0.1114,0.23770230742394924
7558,8779,1221,0.1221,0.22727046562023462
7506,8753,1247,0.1247,0.22949593589650466
7342,8671,1329,0.1329,0.22380889215394856
7640,8820,1180,0.118,0.22366095093488694
7838,8919,1081,0.1081,0.2238578786718812
7618,8809,1191,0.1191,0.22984377688216465
7602,8801,1199,0.1199,0.2336182928622048
7514,8757,1243,0.1243,0.23630246990846399
7460,8730,1270,0.127,0.2410951791129747
7372,8686,1314,0.1314,0.24535920104557005
7578,8789,1211,0.1211,0.24940991014484315
7454,8727,1273,0.1273,0.25330893033178875
7716,8858,1142,0.1142,0.2562836269347626
7544,8772,1228,0.1228,0.25943822584876325
7640,8820,1180,0.118,0.25912175083134786
7494,8747,1253,0.1253,0.2608021596185863
7760,8880,1120,0.112,0.25823380222544073
7666,8833,1167,0.1167,0.2589170643782898
7856,8928,1072,0.1072,0.25801025161687285
7458,8729,1271,0.1271,0.2652340483197011
7806,8903,1097,0.1097,0.2666491097181104
7566,8783,1217,0.1217,0.2699808248009329
7534,8767,1233,0.1233,0.27683596520423887
7654,8827,1173,0.1173,0.28319794948510824
7654,8827,1173,0.1173,0.2919415877621621
7612,8806,1194,0.1194,0.29621305664926767
7582,8791,1209,0.1209,0.30010468748984687
7434,8717,1283,0.1283,0.3037314850322902
7800,8900,1100,0.11,0.29622702344730495
7376,8688,1312,0.1312,0.29971040114872155
7398,8699,1301,0.1301,0.29534427230302246
7594,8797,1203,0.1203,0.29384880400896085
7378,8689,1311,0.1311,0.29499261820795264
7478,8739,1261,0.1261,0.297696232804656
7408,8704,1296,0.1296,0.30223919330686333
7656,8828,1172,0.1172,0.30289183709667994
7716,8858,1142,0.1142,0.2985219888400286
7790,8895,1105,0.1105,0.2973596475282684
7754,8877,1123,0.1123,0.28949719081074016
7592,8796,1204,0.1204,0.28883748267442
7476,8738,1262,0.1262,0.2817375667020663
7502,8751,1249,0.1249,0.2806387912339065
7718,8859,1141,0.1141,0.28113276214823124
7594,8797,1203,0.1203,0.2850106736030197
7632,8816,1184,0.1184,0.29337733222097157
7524,8762,1238,0.1238,0.2972538114853291
7686,8843,1157,0.1157,0.30296340001374483
7624,8812,1188,0.1188,0.3073364768212603
7724,8862,1138,0.1138,0.30944893002240526
7254,8627,1373,0.1373,0.31344185234601624
7632,8816,1184,0.1184,0.30812239249125123
7376,8688,1312,0.1312,0.30918625434506686
7690,8845,1155,0.1155,0.29542979317158463
7790,8895,1105,0.1105,0.29274299579411744
7608,8804,1196,0.1196,0.2863881895840168
7660,8830,1170,0.117,0.28380503818765285
7482,8741,1259,0.1259,0.2771543596165837
7514,8757,1243,0.1243,0.27654279184937475
7536,8768,1232,0.1232,0.2778634032223374
7570,8785,1215,0.1215,0.2799642953041941
7756,8878,1122,0.1122,0.28518640987552935
7660,8830,1170,0.117,0.28650426833648096
7634,8817,1183,0.1183,0.2848261728224676
7544,8772,1228,0.1228,0.28432921461462973
7510,8755,1245,0.1245,0.2771632163444534
7534,8767,1233,0.1233,0.2767297626622021
7488,8744,1256,0.1256,0.27415777932913044
7508,8754,1246,0.1246,0.2729144003137946
7546,8773,1227,0.1227,0.27644459887361156
7564,8782,1218,0.1218,0.275966320793004
7666,8833,1167,0.1167,0.2744524249434471
7550,8775,1225,0.1225,0.27289352435105446
7648,8824,1176,0.1176,0.2652690625652679
7756,8878,1122,0.1122,0.26112658592239024
7604,8802,1198,0.1198,0.256513513320894
7476,8738,1262,0.1262,0.25437094478434885
7682,8841,1159,0.1159,0.25278057170063256
7594,8797,1203,0.1203,0.2521671070118036
7676,8838,1162,0.1162,0.25176117538511755
7618,8809,1191,0.1191,0.2516559794411063
7522,8761,1239,0.1239,0.24838571193296988
7696,8848,1152,0.1152,0.24578178116083146
7566,8783,1217,0.1217,0.2411020234964788
7710,8855,1145,0.1145,0.23657572059482335
7482,8741,1259,0.1259,0.2291364912904799
7664,8832,1168,0.1168,0.22623928231671453
7668,8834,1166,0.1166,0.21928334163873223
7780,8890,1110,0.111,0.2156681418011136
7542,8771,1229,0.1229,0.21223452460169792
7628,8814,1186,0.1186,0.2097536752283573
7602,8801,1199,0.1199,0.206080997445807
7712,8856,1144,0.1144,0.20318331938179948
7498,8749,1251,0.1251,0.20516395386485628
7620,8810,1190,0.119,0.203292301704103
7482,8741,1259,0.1259,0.2027957261428237
7766,8883,1117,0.1117,0.19950946871283412
7452,8726,1274,0.1274,0.20286523517686875
7690,8845,1155,0.1155,0.2013926014260389
7684,8842,1158,0.1158,0.1980272549200803
7810,8905,1095,0.1095,0.19637988466809775
7706,8853,1147,0.1147,0.19770143662393094
7708,8854,1146,0.1146,0.1988401008427987
7706,8853,1147,0.1147,0.1974051719635725
7598,8799,1201,0.1201,0.20071258214440021
7780,8890,1110,0.111,0.2075714856583625
7818,8909,1091,0.1091,0.2090549746900797
7584,8792,1208,0.1208,0.2111208439548961
7622,8811,1189,0.1189,0.21198758911788462
7508,8754,1246,0.1246,0.21765051195351406
7518,8759,1241,0.1241,0.2178478866479796
7762,8881,1119,0.1119,0.21895525561366977
7420,8710,1290,0.129,0.22237536901822824
7778,8889,1111,0.1111,0.2189254228837439
7674,8837,1163,0.1163,0.21960444124955683
7654,8827,1173,0.1173,0.2165336694440106
7684,8842,1158,0.1158,0.2141952887777239
7700,8850,1150,0.115,0.20526371206079708
7620,8810,1190,0.119,0.20490706578382523
7618,8809,1191,0.1191,0.20571766480429796
7620,8810,1190,0.119,0.2042839421339333
7474,8737,1263,0.1263,0.20894179567093962
7706,8853,1147,0.1147,0.20690199348255991
7772,8886,1114,0.1114,0.20917245497364387
7420,8710,1290,0.129,0.21184342994767139
7494,8747,1253,0.1253,0.2141975433520981
7786,8893,1107,0.1107,0.2109744727924466
7324,8662,1338,0.1338,0.21360954910069704
7656,8828,1172,0.1172,0.20893620852748862
7704,8852,1148,0.1148,0.2066160764836706
7580,8790,1210,0.121,0.20427787876532758
7518,8759,1241,0.1241,0.20420612813159836
7660,8830,1170,0.117,0.2002284432256012
7420,8710,1290,0.129,0.20715864517763258
7634,8817,1183,0.1183,0.2063093288160162
7410,8705,1295,0.1295,0.21765411525982198
7564,8782,1218,0.1218,0.21902691929998835
7612,8806,1194,0.1194,0.2385118154047057
7626,8813,1187,0.1187,0.23850890072882175
7760,8880,1120,0.112,0.24434817288927735
7696,8848,1152,0.1152,0.24397166058570147
7744,8872,1128,0.1128,0.23731869694473717
7778,8889,1111,0.1111,0.23492220096560676
7662,8831,1169,0.1169,0.22748352394180046
7638,8819,1181,0.1181,0.2231374229222536
7810,8905,1095,0.1095,0.22456787472904044
7666,8833,1167,0.1167,0.22719209617748856
7466,8733,1267,0.1267,0.23976273275353374
7650,8825,1175,0.1175,0.24530431910016487
7662,8831,1169,0.1169,0.26459590793550014
7504,8752,1248,0.1248,0.26753930435124784
7694,8847,1153,0.1153,0.2706007911775261
7632,8816,1184,0.1184,0.2703346667662263
7680,8840,1160,0.116,0.26233266866356136
7664,8832,1168,0.1168,0.2622091250519861
7586,8793,1207,0.1207,0.25725649493329694
7610,8805,1195,0.1195,0.25147336567267775
7594,8797,1203,0.1203,0.2535311949489638
7594,8797,1203,0.1203,0.25577485638894143
7594,8797,1203,0.1203,0.2657378413472337
7522,8761,1239,0.1239,0.27615741293933244
7650,8825,1175,0.1175,0.2978141627376899
7392,8696,1304,0.1304,0.30262355105020106
7540,8770,1230,0.123,0.3114295385461304
7580,8790,1210,0.121,0.31207089038575603
7714,8857,1143,0.1143,0.30394379560952073
7562,8781,1219,0.1219,0.3049925238109091
7750,8875,1125,0.1125,0.2970483177676797
7662,8831,1169,0.1169,0.2872623040235601
7802,8901,1099,0.1099,0.2747013088788139
7606,8803,1197,0.1197,0.27634212393779306
7702,8851,1149,0.1149,0.27616712570801494
7648,8824,1176,0.1176,0.2814279779806733
7420,8710,1290,0.129,0.2904054693579237
7616,8808,1192,0.1192,0.29106511604595
7636,8818,1182,0.1182,0.29370063524097206
7640,8820,1180,0.118,0.29366701859584865
7586,8793,1207,0.1207,0.2861056524895701
7546,8773,1227,0.1227,0.2844817175857514
7518,8759,1241,0.1241,0.2805903323464328
7568,8784,1216,0.1216,0.26434361655992616
7550,8775,1225,0.1225,0.24239546592868866
7664,8832,1168,0.1168,0.2390402296707034
7670,8835,1165,0.1165,0.23409557534642517
7530,8765,1235,0.1235,0.22550653082057834
7680,8840,1160,0.116,0.22796456581801175
7652,8826,1174,0.1174,0.23029394235610962
7548,8774,1226,0.1226,0.23531084900807886
7728,8864,1136,0.1136,0.23925701734870672
7626,8813,1187,0.1187,0.2450683804700151
7394,8697,1303,0.1303,0.24742381834611296
7408,8704,1296,0.1296,0.24710494697205723
7502,8751,1249,0.1249,0.23920237118154764
7604,8802,1198,0.1198,0.22447754926949237
7554,8777,1223,0.1223,0.22352614636830986
7818,8909,1091,0.1091,0.21710576756013616
7612,8806,1194,0.1194,0.21015891494734695
7584,8792,1208,0.1208,0.20437740533110757
7598,8799,1201,0.1201,0.20465818437561392
7606,8803,1197,0.1197,0.20730712729564307
7574,8787,1213,0.1213,0.21322172301431838
7832,8916,1084,0.1084,0.2076876792371273
7700,8850,1150,0.115,0.21396466566026212
7580,8790,1210,0.121,0.21798989311186195
7674,8837,1163,0.1163,0.21825584157556296
7802,8901,1099,0.1099,0.21621381306126713
7522,8761,1239,0.1239,0.21779346378594636
7684,8842,1158,0.1158,0.21446470340415835
7350,8675,1325,0.1325,0.21769141855090857
7584,8792,1208,0.1208,0.21603183092843029
7724,8862,1138,0.1138,0.2164732615247369
7542,8771,1229,0.1229,0.23090068721808493
7596,8798,1202,0.1202,0.25231630136592864
7498,8749,1251,0.1251,0.25464233279197446
7416,8708,1292,0.1292,0.2567064865872264
7638,8819,1181,0.1181,0.27054420084767045
7664,8832,1168,0.1168,0.2770933267593384
7506,8753,1247,0.1247,0.2776915340349078
7614,8807,1193,0.1193,0.2786235436719842
7438,8719,1281,0.1281,0.27669005961157384
7710,8855,1145,0.1145,0.27019767713198095
7708,8854,1146,0.1146,0.2708933231472492
7848,8924,1076,0.1076,0.268285613761357
7582,8791,1209,0.1209,0.2733322916166857
7558,8779,1221,0.1221,0.2775279332688078
7806,8903,1097,0.1097,0.27772246937685413
7452,8726,1274,0.1274,0.2787310896165494
7588,8794,1206,0.1206,0.27862302335786987
7574,8787,1213,0.1213,0.2743381017796695
7548,8774,1226,0.1226,0.2724680303931236
7556,8778,1222,0.1222,0.2623103090408258
7518,8759,1241,0.1241,0.25950344094185057
7584,8792,1208,0.1208,0.2497259631398134
7578,8789,1211,0.1211,0.23840324737392365
7642,8821,1179,0.1179,0.2458804215784055
7626,8813,1187,0.1187,0.2378502324981615
7452,8726,1274,0.1274,0.23658585780896246
7772,8886,1114,0.1114,0.22476549242292454
7428,8714,1286,0.1286,0.226170937101841
7714,8857,1143,0.1143,0.22384501514583827
7602,8801,1199,0.1199,0.21948305545449256
7776,8888,1112,0.1112,0.21447227217406034
7740,8870,1130,0.113,0.21512554487956223
7724,8862,1138,0.1138,0.2142985283542447
7684,8842,1158,0.1158,0.21255519810114037
7536,8768,1232,0.1232,0.2116237962957006
7640,8820,1180,0.118,0.21159524349290879
7688,8844,1156,0.1156,0.21094410665681354
7554,8777,1223,0.1223,0.2147122310396284
7460,8730,1270,0.127,0.22671332438065803
7630,8815,1185,0.1185,0.22726187491784802
7626,8813,1187,0.1187,0.2290874268212867
7730,8865,1135,0.1135,0.2348863524931483
7738,8869,1131,0.1131,0.23234626261269178
7538,8769,1231,0.1231,0.23417055926728061
7726,8863,1137,0.1137,0.2305977894089272
7818,8909,1091,0.1091,0.22865096706043114
7576,8788,1212,0.1212,0.232131343431618
7712,8856,1144,0.1144,0.23259996090115093
7588,8794,1206,0.1206,0.2330737805709243
7568,8784,1216,0.1216,0.2410347581073642
7588,8794,1206,0.1206,0.25733747032981824
7550,8775,1225,0.1225,0.26063745119352927
7338,8669,1331,0.1331,0.2646086746715009
7676,8838,1162,0.1162,0.2712186334525235
7618,8809,1191,0.1191,0.2744429107349366
7566,8783,1217,0.1217,0.27532069739828
7596,8798,1202,0.1202,0.2751005647880623
7544,8772,1228,0.1228,0.2682747579857707
7696,8848,1152,0.1152,0.2574900839552283
7434,8717,1283,0.1283,0.25931370321998837
7646,8823,1177,0.1177,0.2582774921518285
7530,8765,1235,0.1235,0.26098272173406456
7678,8839,1161,0.1161,0.26998757162848486
7822,8911,1089,0.1089,0.27006993585496236
7464,8732,1268,0.1268,0.2763529157317372
7642,8821,1179,0.1179,0.2832859957953326
7596,8798,1202,0.1202,0.2905960949420929
7570,8785,1215,0.1215,0.288990473108902
7646,8823,1177,0.1177,0.29114194071111854
7570,8785,1215,0.1215,0.29110627861749383
7812,8906,1094,0.1094,0.28776066519403937
7662,8831,1169,0.1169,0.28841661647185685
7452,8726,1274,0.1274,0.29137298816465773
7818,8909,1091,0.1091,0.28759301336887294
7798,8899,1101,0.1101,0.29515305475710485
7596,8798,1202,0.1202,0.2987248379014432
7740,8870,1130,0.113,0.3001597021229908
7512,8756,1244,0.1244,0.30785859854940684
7722,8861,1139,0.1139,0.31477310274415066
7528,8764,1236,0.1236,0.3199855949059129
7420,8710,1290,0.129,0.3202446811288595
7482,8741,1259,0.1259,0.3226331480203196
7588,8794,1206,0.1206,0.3245474373049336
7500,8750,1250,0.125,0.32714109610642556
7600,8800,1200,0.12,0.3261534598740749
7748,8874,1126,0.1126,0.3247123577211028
7610,8805,1195,0.1195,0.3247789832143113
7570,8785,1215,0.1215,0.32628847944014816
7768,8884,1116,0.1116,0.3249144856027793
7550,8775,1225,0.1225,0.32662557797052433
7266,8633,1367,0.1367,0.3350229770605029
7630,8815,1185,0.1185,0.33449848781526087
7478,8739,1261,0.1261,0.33454102346086323
7532,8766,1234,0.1234,0.3375841460118536
7654,8827,1173,0.1173,0.3443685150866413
7678,8839,1161,0.1161,0.34492469322350805
7498,8749,1251,0.1251,0.34492300908118484
7506,8753,1247,0.1247,0.3437907030577306
7436,8718,1282,0.1282,0.3312354582166299
7698,8849,1151,0.1151,0.32741309538446367
7502,8751,1249,0.1249,0.3272337263258207
7588,8794,1206,0.1206,0.32201777509101537
7344,8672,1328,0.1328,0.31871970734670757
7586,8793,1207,0.1207,0.3163784771519015
7606,8803,1197,0.1197,0.31634835881271545
7704,8852,1148,0.1148,0.3142174842098418
7644,8822,1178,0.1178,0.3109794911864265
7606,8803,1197,0.1197,0.3118992951989174
7508,8754,1246,0.1246,0.3114497906970792
7682,8841,1159,0.1159,0.3020624243348837
7586,8793,1207,0.1207,0.28062823611531057
7652,8826,1174,0.1174,0.281084545474505
7412,8706,1294,0.1294,0.28140654489863665
7620,8810,1190,0.119,0.27090165667422117
7614,8807,1193,0.1193,0.2665714524700772
7534,8767,1233,0.1233,0.26962019480172894
7750,8875,1125,0.1125,0.2682334188405424
7694,8847,1153,0.1153,0.26670468937307595
7586,8793,1207,0.1207,0.2658280221186578
7700,8850,1150,0.115,0.26747410976234826
7586,8793,1207,0.1207,0.2675425530769379
7294,8647,1353,0.1353,0.26785889028087256
7680,8840,1160,0.116,0.27166007101804207
7578,8789,1211,0.1211,0.2728656613932402
7620,8810,1190,0.119,0.2726888832980883
7554,8777,1223,0.1223,0.27398850176252115
7622,8811,1189,0.1189,0.2770076377969235
7474,8737,1263,0.1263,0.27866479665078225
7500,8750,1250,0.125,0.2769457419292093
7740,8870,1130,0.113,0.2770403392504202
7540,8770,1230,0.123,0.2824376240938366
7682,8841,1159,0.1159,0.28134234132341807
7586,8793,1207,0.1207,0.28039072401821624
7488,8744,1256,0.1256,0.2804974380466041
7470,8735,1265,0.1265,0.2703075353734195
7530,8765,1235,0.1235,0.2681400227949873
7514,8757,1243,0.1243,0.2672652689859271
7576,8788,1212,0.1212,0.2650855835571834
7492,8746,1254,0.1254,0.26455856759449736
7676,8838,1162,0.1162,0.2630027323305607
7588,8794,1206,0.1206,0.26311548965126275
7480,8740,1260,0.126,0.26601196301060265
7452,8726,1274,0.1274,0.27301506026220507
7530,8765,1235,0.1235,0.2716493799030781
7524,8762,1238,0.1238,0.2743249158527702
7718,8859,1141,0.1141,0.2779719771839678
7724,8862,1138,0.1138,0.2821168809753843
7694,8847,1153,0.1153,0.28122080750165035
7468,8734,1266,0.1266,0.2830886141047289
7714,8857,1143,0.1143,0.2818078834789467
7580,8790,1210,0.121,0.28038391082463787
7634,8817,1183,0.1183,0.28154440200030806
7590,8795,1205,0.1205,0.2820553378394805
7808,8904,1096,0.1096,0.286713553999085
7618,8809,1191,0.1191,0.29769574813982475
7544,8772,1228,0.1228,0.30114128718851135
7576,8788,1212,0.1212,0.30223490599037633
7490,8745,1255,0.1255,0.3062241197448184
7708,8854,1146,0.1146,0.31028305521922883
7660,8830,1170,0.117,0.3129825816897759
7484,8742,1258,0.1258,0.31390676063001155
7594,8797,1203,0.1203,0.31111136871688067
7854,8927,1073,0.1073,0.3028116515862419
7644,8822,1178,0.1178,0.30472237581572525
7718,8859,1141,0.1141,0.3032287180919084
7450,8725,1275,0.1275,0.3017010588280042
7516,8758,1242,0.1242,0.30714707267954944
7524,8762,1238,0.1238,0.3120961671551595
7482,8741,1259,0.1259,0.31427565263323487
7612,8806,1194,0.1194,0.32349060673713687
7662,8831,1169,0.1169,0.34021326109953226
7684,8842,1158,0.1158,0.34325281890544174
7644,8822,1178,0.1178,0.34521434715987065
7660,8830,1170,0.117,0.33952687503690643
7512,8756,1244,0.1244,0.32171779207406215
7688,8844,1156,0.1156,0.3169891325801611
7666,8833,1167,0.1167,0.3155029740830476
7436,8718,1282,0.1282,0.30759527451139695
7688,8844,1156,0.1156,0.3044964688754873
7544,8772,1228,0.1228,0.3049298575943336
7812,8906,1094,0.1094,0.30414697717875244
7568,8784,1216,0.1216,0.3097383976155892
7730,8865,1135,0.1135,0.31092297457428647
7402,8701,1299,0.1299,0.3124858431965113
7596,8798,1202,0.1202,0.31053705634474754
7510,8755,1245,0.1245,0.30594563260376456
7528,8764,1236,0.1236,0.288295463518193
7604,8802,1198,0.1198,0.2849671380493004
7508,8754,1246,0.1246,0.2833655692743341
7624,8812,1188,0.1188,0.268561663034698
7764,8882,1118,0.1118,0.24860027665644885
7286,8643,1357,0.1357,0.2513156716203412
7532,8766,1234,0.1234,0.24995373755446054
7612,8806,1194,0.1194,0.24470783397976476
7616,8808,1192,0.1192,0.2455341865891135
7614,8807,1193,0.1193,0.24863566439934076
7718,8859,1141,0.1141,0.24869160331785678
7694,8847,1153,0.1153,0.2451119623319246
7510,8755,1245,0.1245,0.23513589081620503
7658,8829,1171,0.1171,0.2314497602187912
7482,8741,1259,0.1259,0.2311700774861678
7596,8798,1202,0.1202,0.22122048665599214
7662,8831,1169,0.1169,0.21386032290449367
7702,8851,1149,0.1149,0.21289196076062653
7748,8874,1126,0.1126,0.21347460594177245
7460,8730,1270,0.127,0.2181860919770034
7488,8744,1256,0.1256,0.2239094912326582
7494,8747,1253,0.1253,0.22474427109612152
7568,8784,1216,0.1216,0.2247890869793806
7520,8760,1240,0.124,0.22634990730807186
7648,8824,1176,0.1176,0.2210792858079076
7630,8815,1185,0.1185,0.21824139244528487
7638,8819,1181,0.1181,0.21673055018782617
7588,8794,1206,0.1206,0.2078298469554688
7604,8802,1198,0.1198,0.18673385340014648
7886,8943,1057,0.1057,0.18129721111790276
7790,8895,1105,0.1105,0.18109228198995697
7624,8812,1188,0.1188,0.17702268843278288
7576,8788,1212,0.1212,0.17891182550508528
7766,8883,1117,0.1117,0.18008097932365272
7522,8761,1239,0.1239,0.18048843634910883
7538,8769,1231,0.1231,0.19009843900817244
7548,8774,1226,0.1226,0.20107799141071736
7744,8872,1128,0.1128,0.19891588575843344
7742,8871,1129,0.1129,0.19907398093203438
7580,8790,1210,0.121,0.20050993612237064
7684,8842,1158,0.1158,0.18637350107133388
7550,8775,1225,0.1225,0.18286480746045708
7588,8794,1206,0.1206,0.18210183600634336
7672,8836,1164,0.1164,0.17795903394756254
7672,8836,1164,0.1164,0.17907776631712913
7690,8845,1155,0.1155,0.1811665138464421
7622,8811,1189,0.1189,0.18204542687050998
7694,8847,1153,0.1153,0.18941798389020315
7576,8788,1212,0.1212,0.19875944706332885
7668,8834,1166,0.1166,0.1977370400249958
7556,8778,1222,0.1222,0.1995322779148817
7572,8786,1214,0.1214,0.19856869118458853
7650,8825,1175,0.1175,0.18819070530831813
7574,8787,1213,0.1213,0.18517323579775374
7460,8730,1270,0.127,0.1867996090241432
7664,8832,1168,0.1168,0.1791825429522898
7478,8739,1261,0.1261,0.17680759151152917
7592,8796,1204,0.1204,0.17555055738211087
7634,8817,1183,0.1183,0.17700808516740799
7518,8759,1241,0.1241,0.17806162930801564
7690,8845,1155,0.1155,0.1809357619509101
7532,8766,1234,0.1234,0.18161418295153245
7680,8840,1160,0.116,0.18132541378121822
7540,8770,1230,0.123,0.18188421307025032
7708,8854,1146,0.1146,0.1773657249178359
7634,8817,1183,0.1183,0.1766709794670809
7662,8831,1169,0.1169,0.17474515058398365
7570,8785,1215,0.1215,0.17240886440724687
7578,8789,1211,0.1211,0.1730779694974306
7664,8832,1168,0.1168,0.17514441278518644
7622,8811,1189,0.1189,0.17485264442068874
7514,8757,1243,0.1243,0.1803838666190626
7696,8848,1152,0.1152,0.1828581946081249
7550,8775,1225,0.1225,0.184778821201995
7680,8840,1160,0.116,0.18253221037734765
7668,8834,1166,0.1166,0.18286551033241744
7556,8778,1222,0.1222,0.17994059614648578
7558,8779,1221,0.1221,0.17829307981757447
7440,8720,1280,0.128,0.17819181465320288
7588,8794,1206,0.1206,0.17684916169726342
7542,8771,1229,0.1229,0.18061133063212037
7642,8821,1179,0.1179,0.18294563164114952
7618,8809,1191,0.1191,0.18515606498245307
7640,8820,1180,0.118,0.1894496068749387
7582,8791,1209,0.1209,0.20094781217257152
7540,8770,1230,0.123,0.20337246856149285
7652,8826,1174,0.1174,0.20480114721111023
7642,8821,1179,0.1179,0.20675149521972053
7476,8738,1262,0.1262,0.2157128095691831
7488,8744,1256,0.1256,0.21742691574479686
7612,8806,1194,0.1194,0.2168071912709391
7544,8772,1228,0.1228,0.2223484588433057
7758,8879,1121,0.1121,0.22653345191031696
7740,8870,1130,0.113,0.22888232405371964
7514,8757,1243,0.1243,0.2305033668577671
7610,8805,1195,0.1195,0.23091265426579047
7678,8839,1161,0.1161,0.22793030756838706
7650,8825,1175,0.1175,0.22779429307887986
7466,8733,1267,0.1267,0.23055997931472957
7590,8795,1205,0.1205,0.2289634124392644
7694,8847,1153,0.1153,0.22989981697537443
7432,8716,1284,0.1284,0.23455777605785988
7710,8855,1145,0.1145,0.2336580211960188
7592,8796,1204,0.1204,0.2363873928830959
7752,8876,1124,0.1124,0.23336661035328488
7628,8814,1186,0.1186,0.2351564284220338
7660,8830,1170,0.117,0.233999023083449
7424,8712,1288,0.1288,0.23145175129771234
7594,8797,1203,0.1203,0.22112115220059642
7744,8872,1128,0.1128,0.21531576120371318
7574,8787,1213,0.1213,0.21607128893127156
7620,8810,1190,0.119,0.2126539601158496
7542,8771,1229,0.1229,0.20748304996713995
7672,8836,1164,0.1164,0.20636505656145873
7622,8811,1189,0.1189,0.20795522323695986
7728,8864,1136,0.1136,0.20587376816462216
7594,8797,1203,0.1203,0.20774977883474202
7536,8768,1232,0.1232,0.2101444585215766
7586,8793,1207,0.1207,0.209987761284707
7654,8827,1173,0.1173,0.21166180929020112
7532,8766,1234,0.1234,0.21322576947212218
7732,8866,1134,0.1134,0.2133744254009216
7492,8746,1254,0.1254,0.21376664247851587
7530,8765,1235,0.1235,0.2119009635786826
7504,8752,1248,0.1248,0.20939690922275186
7524,8762,1238,0.1238,0.208602540037781
7692,8846,1154,0.1154,0.20583468256322376
7698,8849,1151,0.1151,0.20582658724565991
7726,8863,1137,0.1137,0.20146192591003492
7708,8854,1146,0.1146,0.1988270234592259
7562,8781,1219,0.1219,0.19820456759397692
7524,8762,1238,0.1238,0.1953678047278459
7714,8857,1143,0.1143,0.18489212135787278
7436,8718,1282,0.1282,0.1845933975285501
7692,8846,1154,0.1154,0.18172593437246978
7586,8793,1207,0.1207,0.18179256620837841
7778,8889,1111,0.1111,0.17508234686274082
7608,8804,1196,0.1196,0.17512138533885208
7514,8757,1243,0.1243,0.17497008553076757
7750,8875,1125,0.1125,0.17132894037115037
7930,8965,1035,0.1035,0.16182112297788262
7832,8916,1084,0.1084,0.158301445966959
7826,8913,1087,0.1087,0.1579549778409302
7738,8869,1131,0.1131,0.15616943952610018
7664,8832,1168,0.1168,0.15648624032176323
7628,8814,1186,0.1186,0.16149860500767826
7862,8931,1069,0.1069,0.16003785437643528
7628,8814,1186,0.1186,0.16594914036542177
7316,8658,1342,0.1342,0.1754742609340085
7800,8900,1100,0.11,0.17547320825725618
7376,8688,1312,0.1312,0.17812208925038575
7606,8803,1197,0.1197,0.17991223162710668
7620,8810,1190,0.119,0.17967160154169715
7732,8866,1134,0.1134,0.17546197205509093
7774,8887,1113,0.1113,0.1759301931925118
7656,8828,1172,0.1172,0.17189430767663588
7290,8645,1355,0.1355,0.16490382452027408
7676,8838,1162,0.1162,0.1569524115278502
7712,8856,1144,0.1144,0.15660315441028216
7614,8807,1193,0.1193,0.15738855420676445
7718,8859,1141,0.1141,0.16575050267260522
7684,8842,1158,0.1158,0.17184095823019743
7608,8804,1196,0.1196,0.17179044886977646
7536,8768,1232,0.1232,0.17696336689069866
7808,8904,1096,0.1096,0.17443127425163985
7550,8775,1225,0.1225,0.173163447450851
7674,8837,1163,0.1163,0.17035082346507285
7674,8837,1163,0.1163,0.16537925752550364
7568,8784,1216,0.1216,0.16005886344313622
7702,8851,1149,0.1149,0.16068558405525982
7598,8799,1201,0.1201,0.16081270501732942
7482,8741,1259,0.1259,0.16652158112302423
7642,8821,1179,0.1179,0.1793264217481017
7586,8793,1207,0.1207,0.18533254879263927
7564,8782,1218,0.1218,0.18585653743068437
7632,8816,1184,0.1184,0.18808238868810295
7808,8904,1096,0.1096,0.18236728270947933
7690,8845,1155,0.1155,0.17853644394725562
7712,8856,1144,0.1144,0.17742696478255093
7586,8793,1207,0.1207,0.1723272912926972
7526,8763,1237,0.1237,0.16528344883918764
7694,8847,1153,0.1153,0.164613641025126
7866,8933,1067,0.1067,0.16280932073795704
7622,8811,1189,0.1189,0.1687890730768442
7604,8802,1198,0.1198,0.18087665590252727
7652,8826,1174,0.1174,0.18656402689265086
7528,8764,1236,0.1236,0.18699516416080877
7632,8816,1184,0.1184,0.19126036120429635
7546,8773,1227,0.1227,0.19259777220636606
7428,8714,1286,0.1286,0.19138393216705518
7758,8879,1121,0.1121,0.1875955489784479
7726,8863,1137,0.1137,0.18313139490270988
7616,8808,1192,0.1192,0.17462131311204285
7774,8887,1113,0.1113,0.16828527918979524
7582,8791,1209,0.1209,0.1679484908886898
7736,8868,1132,0.1132,0.16462452797871083
7636,8818,1182,0.1182,0.16926121530687668
7670,8835,1165,0.1165,0.17428217772934587
7600,8800,1200,0.12,0.17795788931682474
7770,8885,1115,0.1115,0.18166408568993211
7710,8855,1145,0.1145,0.19450027887895704
7698,8849,1151,0.1151,0.1959344039162606
7586,8793,1207,0.1207,0.19833233271764986
7776,8888,1112,0.1112,0.19739083613654138
7604,8802,1198,0.1198,0.19271335364355593
7568,8784,1216,0.1216,0.18904114616960288
7832,8916,1084,0.1084,0.1864066630369678
7760,8880,1120,0.112,0.18496789542594924
7542,8771,1229,0.1229,0.1878882061469263
7726,8863,1137,0.1137,0.19174193682401527
7638,8819,1181,0.1181,0.1941811202297024
7570,8785,1215,0.1215,0.1981265487836674
7476,8738,1262,0.1262,0.2093995550867172
7588,8794,1206,0.1206,0.21185868595240573
7486,8743,1257,0.1257,0.21153424066210283
7350,8675,1325,0.1325,0.21213676985502242
7630,8815,1185,0.1185,0.2060602126881234
7628,8814,1186,0.1186,0.2014641816929914
7580,8790,1210,0.121,0.19767482201862804
7676,8838,1162,0.1162,0.194212516072765
7324,8662,1338,0.1338,0.18754688527872787
7428,8714,1286,0.1286,0.18695896537578666
7702,8851,1149,0.1149,0.185908322140362
7730,8865,1135,0.1135,0.18549703812226653
7598,8799,1201,0.1201,0.1900886270105012
7448,8724,1276,0.1276,0.19409415073953568
7838,8919,1081,0.1081,0.19182145310640336
7524,8762,1238,0.1238,0.19368113575034077
7508,8754,1246,0.1246,0.19621982704882393
7490,8745,1255,0.1255,0.1958702567961505
7374,8687,1313,0.1313,0.19420628501152656
7582,8791,1209,0.1209,0.1922906952208199
7582,8791,1209,0.1209,0.18905090436351257
7594,8797,1203,0.1203,0.18646299167275457
7698,8849,1151,0.1151,0.1837746814928949
7592,8796,1204,0.1204,0.1825004529783735
7800,8900,1100,0.11,0.17826982415424428
7656,8828,1172,0.1172,0.17688515639712568
7620,8810,1190,0.119,0.1769005545722619
7674,8837,1163,0.1163,0.1749825689036268
7742,8871,1129,0.1129,0.17855993076570667
7656,8828,1172,0.1172,0.18063127072057686
7504,8752,1248,0.1248,0.18336711920555682
7642,8821,1179,0.1179,0.18302217218503355
7618,8809,1191,0.1191,0.18972345377504826
7354,8677,1323,0.1323,0.19754461714380267
7586,8793,1207,0.1207,0.19697503379387782
7514,8757,1243,0.1243,0.1991893371624523
7662,8831,1169,0.1169,0.20359179146184547
7526,8763,1237,0.1237,0.20610831752853587
7814,8907,1093,0.1093,0.2035285571493805
7724,8862,1138,0.1138,0.20543203714952324
7412,8706,1294,0.1294,0.2060004124230658
7500,8750,1250,0.125,0.20625117471448612
7626,8813,1187,0.1187,0.20647208386212587
7548,8774,1226,0.1226,0.20754944025820005
7846,8923,1077,0.1077,0.2142601847568061
7428,8714,1286,0.1286,0.2239553637497491
7630,8815,1185,0.1185,0.22404654186852277
7644,8822,1178,0.1178,0.2250706718679864
7504,8752,1248,0.1248,0.22682616961407476
7418,8709,1291,0.1291,0.2250956541247666
7512,8756,1244,0.1244,0.221165426182588
7706,8853,1147,0.1147,0.2173543944340199
7458,8729,1271,0.1271,0.20869913974400878
7450,8725,1275,0.1275,0.20336338544390747
7792,8896,1104,0.1104,0.19845148485898972
7624,8812,1188,0.1188,0.19771364458270646
7488,8744,1256,0.1256,0.1971476023503874
7632,8816,1184,0.1184,0.1945793059495365
7518,8759,1241,0.1241,0.19383947148323058
7526,8763,1237,0.1237,0.19308083455043776
7722,8861,1139,0.1139,0.189825245681667
7716,8858,1142,0.1142,0.1850088821075049
7664,8832,1168,0.1168,0.18301932198703288
7604,8802,1198,0.1198,0.18121083409737
7720,8860,1140,0.114,0.1744039309732616
7610,8805,1195,0.1195,0.1726199452683737
7592,8796,1204,0.1204,0.17290118690170347
7754,8877,1123,0.1123,0.17211102685263233
7480,8740,1260,0.126,0.17883519564135758
7748,8874,1126,0.1126,0.18546854477068409
7530,8765,1235,0.1235,0.18993036776334046
7550,8775,1225,0.1225,0.19275194748193025
7748,8874,1126,0.1126,0.19933635532963995
7656,8828,1172,0.1172,0.20604695470339657
7564,8782,1218,0.1218,0.20919903856366873
7588,8794,1206,0.1206,0.2103807709157467
7674,8837,1163,0.1163,0.21106942258159606
7788,8894,1106,0.1106,0.21238924261629583
7452,8726,1274,0.1274,0.21614130418151617
7452,8726,1274,0.1274,0.2169031607133802
7712,8856,1144,0.1144,0.22196938905250282
7678,8839,1161,0.1161,0.2324221394426757
7658,8829,1171,0.1171,0.23551044741272925
7704,8852,1148,0.1148,0.23647201046106092
7618,8809,1191,0.1191,0.2391734129118966
7672,8836,1164,0.1164,0.23643664593211944
7512,8756,1244,0.1244,0.2366843339409679
7614,8807,1193,0.1193,0.23397141700460633
7478,8739,1261,0.1261,0.2343813909906964
7606,8803,1197,0.1197,0.23472719052625762
7662,8831,1169,0.1169,0.23604851461982107
7394,8697,1303,0.1303,0.23972116001247679
7584,8792,1208,0.1208,0.23863205250054598
7606,8803,1197,0.1197,0.2375330122371437
7718,8859,1141,0.1141,0.23652414468590285
7524,8762,1238,0.1238,0.23579746925012732
7552,8776,1224,0.1224,0.22847762544221142
7626,8813,1187,0.1187,0.22273773215924667
7574,8787,1213,0.1213,0.22074695450888185
7756,8878,1122,0.1122,0.22025392488297074
7652,8826,1174,0.1174,0.22367671807226802
7644,8822,1178,0.1178,0.22877015962479635
7642,8821,1179,0.1179,0.23064882241226733
7758,8879,1121,0.1121,0.23257410153485836
7612,8806,1194,0.1194,0.2359236213633103
7582,8791,1209,0.1209,0.2397481385757681
7560,8780,1220,0.122,0.2408770897971815
7944,8972,1028,0.1028,0.23834878838844598
7644,8822,1178,0.1178,0.243890464100464
7806,8903,1097,0.1097,0.24236632168926298
7420,8710,1290,0.129,0.24429613406679754
7638,8819,1181,0.1181,0.23987932078186422
7574,8787,1213,0.1213,0.24353577664261683
7766,8883,1117,0.1117,0.2476803375542164
7686,8843,1157,0.1157,0.2514924084898084
7550,8775,1225,0.1225,0.25329673568932337
7716,8858,1142,0.1142,0.2562766048933379
7530,8765,1235,0.1235,0.2644115341619481
7654,8827,1173,0.1173,0.2666965399427267
7432,8716,1284,0.1284,0.271370457096767
7608,8804,1196,0.1196,0.27628257440775633
7714,8857,1143,0.1143,0.28536593000888827
7498,8749,1251,0.1251,0.29047792466403916
7820,8910,1090,0.109,0.29148835444487736
7468,8734,1266,0.1266,0.29827570247333496
7630,8815,1185,0.1185,0.3011902346313659
7494,8747,1253,0.1253,0.30354015633389936
7496,8748,1252,0.1252,0.30530140373084574
7418,8709,1291,0.1291,0.30413103223070503
7578,8789,1211,0.1211,0.3051477225646377
7586,8793,1207,0.1207,0.30785651995500957
7482,8741,1259,0.1259,0.31004237331188206
7480,8740,1260,0.126,0.3088706962849013
7628,8814,1186,0.1186,0.307732542083133
7768,8884,1116,0.1116,0.3099768698744476
7676,8838,1162,0.1162,0.3083626848690212
7586,8793,1207,0.1207,0.301229124246606
7626,8813,1187,0.1187,0.30274784915023484
7486,8743,1257,0.1257,0.30729799817427994
7518,8759,1241,0.1241,0.30941265213339275
7652,8826,1174,0.1174,0.3192882010065019
7516,8758,1242,0.1242,0.3380610228272155
7580,8790,1210,0.121,0.34556063547879456
7670,8835,1165,0.1165,0.3495571844626218
7386,8693,1307,0.1307,0.36058420248329637
7632,8816,1184,0.1184,0.36567739538638705
7350,8675,1325,0.1325,0.36721232578922064
7528,8764,1236,0.1236,0.36419570408761504
7332,8666,1334,0.1334,0.36295278628004596
7638,8819,1181,0.1181,0.36292090621925893
7566,8783,1217,0.1217,0.3658996854603291
7608,8804,1196,0.1196,0.36502793896347285
7516,8758,1242,0.1242,0.3645536970004905
7702,8851,1149,0.1149,0.3651804785490036
7544,8772,1228,0.1228,0.3656018571618944
7544,8772,1228,0.1228,0.36223009987175464
7484,8742,1258,0.1258,0.3609083172343671
7604,8802,1198,0.1198,0.3611660722628236
7674,8837,1163,0.1163,0.358581208524941
7686,8843,1157,0.1157,0.355887450545514
7414,8707,1293,0.1293,0.3529671884230521
7664,8832,1168,0.1168,0.34208799813240764
7462,8731,1269,0.1269,0.3373133130311966
7536,8768,1232,0.1232,0.3315283583602826
7658,8829,1171,0.1171,0.3193872247094289
7542,8771,1229,0.1229,0.30967393408149346
7570,8785,1215,0.1215,0.30301310656904246
7684,8842,1158,0.1158,0.2982741638517338
7660,8830,1170,0.117,0.29248676081258357
7346,8673,1327,0.1327,0.29251332950932796
7510,8755,1245,0.1245,0.2892549614725998
7432,8716,1284,0.1284,0.2891454840432853
7566,8783,1217,0.1217,0.2861896548569319
7482,8741,1259,0.1259,0.2831985139161348
7744,8872,1128,0.1128,0.276799101626873
7580,8790,1210,0.121,0.2743742933542933
7648,8824,1176,0.1176,0.25475387710928915
7618,8809,1191,0.1191,0.25057385315746067
7632,8816,1184,0.1184,0.2502211493741921
7622,8811,1189,0.1189,0.2618699299246073
7656,8828,1172,0.1172,0.2394712597602982
7704,8852,1148,0.1148,0.23630064779147505
7500,8750,1250,0.125,0.23643151311725377
7600,8800,1200,0.12,0.23125991065353155
7498,8749,1251,0.1251,0.22062208829632454
7556,8778,1222,0.1222,0.21717178206366516
7546,8773,1227,0.1227,0.21655774108452025
7552,8776,1224,0.1224,0.20974115782431774
7598,8799,1201,0.1201,0.1908828072991153
7662,8831,1169,0.1169,0.18398466664468868
7764,8882,1118,0.1118,0.17975271285921335
7436,8718,1282,0.1282,0.17215355383995337
7508,8754,1246,0.1246,0.1533756662532687
7868,8934,1066,0.1066,0.14872242210283876
7490,8745,1255,0.1255,0.14940714797060936
7592,8796,1204,0.1204,0.14841441587787121
7500,8750,1250,0.125,0.14970291806777677
7586,8793,1207,0.1207,0.15027646907524844
7592,8796,1204,0.1204,0.1520936710603535
7718,8859,1141,0.1141,0.15310910857319832
7676,8838,1162,0.1162,0.14840463886257468
7510,8755,1245,0.1245,0.14566711826175452
7872,8936,1064,0.1064,0.1421778633044567
7506,8753,1247,0.1247,0.13819111650511623
7564,8782,1218,0.1218,0.12929100223929205
7760,8880,1120,0.112,0.1273794734227198
7550,8775,1225,0.1225,0.12886096555435161
7692,8846,1154,0.1154,0.1310694359783083
7502,8751,1249,0.1249,0.14044489495269954
7616,8808,1192,0.1192,0.1432138200954362
7830,8915,1085,0.1085,0.14337203812981242
7554,8777,1223,0.1223,0.1472114066925191
7810,8905,1095,0.1095,0.140518668798171
7558,8779,1221,0.1221,0.14736704334733075
7696,8848,1152,0.1152,0.14426987441703676
7598,8799,1201,0.1201,0.1375405629856512
7638,8819,1181,0.1181,0.1339942953435937
7566,8783,1217,0.1217,0.13937375202067195
7644,8822,1178,0.1178,0.1351363727454096
7582,8791,1209,0.1209,0.13835811406746507
7502,8751,1249,0.1249,0.1405202993104447
7578,8789,1211,0.1211,0.1533987097387988
7548,8774,1226,0.1226,0.1571476821221411
7792,8896,1104,0.1104,0.15810331300017424
7616,8808,1192,0.1192,0.1653032424194018
7464,8732,1268,0.1268,0.17181319378695353
7534,8767,1233,0.1233,0.17218160678260028
7614,8807,1193,0.1193,0.17157894202642493
7516,8758,1242,0.1242,0.17251389343205664
7590,8795,1205,0.1205,0.1724645200163126
7604,8802,1198,0.1198,0.17222002612613868
7572,8786,1214,0.1214,0.17221044007049277
7612,8806,1194,0.1194,0.17324328662119806
7684,8842,1158,0.1158,0.17714677191180525
7720,8860,1140,0.114,0.17671578206419944
7784,8892,1108,0.1108,0.17671232423110486
7788,8894,1106,0.1106,0.17640006054127588
7550,8775,1225,0.1225,0.17518191846525297
7764,8882,1118,0.1118,0.1722857634417809
7622,8811,1189,0.1189,0.172895752967149
7646,8823,1177,0.1177,0.1740997083726026
7646,8823,1177,0.1177,0.17900049988941755
7652,8826,1174,0.1174,0.1804853608386591
7496,8748,1252,0.1252,0.18290445873498684
7690,8845,1155,0.1155,0.18627836620435118
7624,8812,1188,0.1188,0.190680470782699
7578,8789,1211,0.1211,0.19154526502903318
7626,8813,1187,0.1187,0.19167664647381757
7688,8844,1156,0.1156,0.18962089407742022
7512,8756,1244,0.1244,0.18985178752893422
7698,8849,1151,0.1151,0.18711832975811557
7516,8758,1242,0.1242,0.18900152732385322
7696,8848,1152,0.1152,0.18765359488828107
7564,8782,1218,0.1218,0.19307459676889702
7642,8821,1179,0.1179,0.1925617194340837
7640,8820,1180,0.118,0.19529327968459112
7480,8740,1260,0.126,0.19884482424663438
7670,8835,1165,0.1165,0.20283724550779444
7644,8822,1178,0.1178,0.2033726348232478
7676,8838,1162,0.1162,0.20383348500378248
7576,8788,1212,0.1212,0.20382040415487135
7506,8753,1247,0.1247,0.19868662030987908
7522,8761,1239,0.1239,0.1956199127265252
7620,8810,1190,0.119,0.19437972549840343
7788,8894,1106,0.1106,0.19037069863425568
7624,8812,1188,0.1188,0.19383982263766228
7590,8795,1205,0.1205,0.19505665522813798
7672,8836,1164,0.1164,0.1961833628295416
7762,8881,1119,0.1119,0.1988912089727819
7456,8728,1272,0.1272,0.2118736348560145
7276,8638,1362,0.1362,0.21319317394932732
7650,8825,1175,0.1175,0.2104920894982293
7622,8811,1189,0.1189,0.21011080432892776
7566,8783,1217,0.1217,0.20183556543729295
7678,8839,1161,0.1161,0.19709563376680017
7702,8851,1149,0.1149,0.19305815447899513
7646,8823,1177,0.1177,0.18842246065810322
7432,8716,1284,0.1284,0.18166965295821427
7522,8761,1239,0.1239,0.17865364799648525
7568,8784,1216,0.1216,0.17708424405375375
7578,8789,1211,0.1211,0.17872689335569739
7878,8939,1061,0.1061,0.1781032042168081
7688,8844,1156,0.1156,0.17960898538023035
7772,8886,1114,0.1114,0.17787378657239977
7620,8810,1190,0.119,0.1772723326738924
7532,8766,1234,0.1234,0.17157124182363767
7688,8844,1156,0.1156,0.17003716813679784
7614,8807,1193,0.1193,0.17031898764297365
7542,8771,1229,0.1229,0.17012746857381425
7672,8836,1164,0.1164,0.17317563263282063
7754,8877,1123,0.1123,0.17516587173566223
7500,8750,1250,0.125,0.17923969360161573
7572,8786,1214,0.1214,0.1817776889464818
7554,8777,1223,0.1223,0.19136479471947482
7578,8789,1211,0.1211,0.19317929620726768
7472,8736,1264,0.1264,0.19583832476718818
7536,8768,1232,0.1232,0.19643345241325952
7746,8873,1127,0.1127,0.19219260517885037
7590,8795,1205,0.1205,0.19266273708989173
7400,8700,1300,0.13,0.1929784517430584
7360,8680,1320,0.132,0.19016887125596404
7528,8764,1236,0.1236,0.18702292291410266
7630,8815,1185,0.1185,0.1881419271544923
7426,8713,1287,0.1287,0.19066381875332444
7584,8792,1208,0.1208,0.18934126110472715
7610,8805,1195,0.1195,0.18654559232145548
7770,8885,1115,0.1115,0.18629685875464383
7560,8780,1220,0.122,0.18537243231032044
7592,8796,1204,0.1204,0.1813124338219477
7696,8848,1152,0.1152,0.16847951138355446
7872,8936,1064,0.1064,0.16608066756402187
7638,8819,1181,0.1181,0.1661344092734158
7632,8816,1184,0.1184,0.16356661241150344
7642,8821,1179,0.1179,0.16495148903131485
7444,8722,1278,0.1278,0.16721840772023425
7694,8847,1153,0.1153,0.17041748600620776
7532,8766,1234,0.1234,0.17626574900075798
7386,8693,1307,0.1307,0.18738760899696955
7646,8823,1177,0.1177,0.18567208573669194
7690,8845,1155,0.1155,0.18690875338763
7688,8844,1156,0.1156,0.18665882280826318
7442,8721,1279,0.1279,0.1819931838095654
7554,8777,1223,0.1223,0.17558244549036026
7462,8731,1269,0.1269,0.1749540445646271
7812,8906,1094,0.1094,0.16968791439332925
7568,8784,1216,0.1216,0.16657102812381927
7740,8870,1130,0.113,0.16388509132669554
7520,8760,1240,0.124,0.16694700154173187
7686,8843,1157,0.1157,0.16629393719873625
7676,8838,1162,0.1162,0.17116696004988627
7610,8805,1195,0.1195,0.16934678404405712
7636,8818,1182,0.1182,0.1705839724599472
7594,8797,1203,0.1203,0.1700670719496906
7714,8857,1143,0.1143,0.165956391264977
7652,8826,1174,0.1174,0.1631718644812703
7704,8852,1148,0.1148,0.1624261103425175
7528,8764,1236,0.1236,0.16143272339060785
7502,8751,1249,0.1249,0.16123135217400267
7716,8858,1142,0.1142,0.1606668726267951
7520,8760,1240,0.124,0.16398593139052392
7754,8877,1123,0.1123,0.16371478648018092
7654,8827,1173,0.1173,0.170571128707038
7734,8867,1133,0.1133,0.1711849191126972
7720,8860,1140,0.114,0.17156140362472064
7750,8875,1125,0.1125,0.17033400383557273
7538,8769,1231,0.1231,0.16683760916143678
7600,8800,1200,0.12,0.1645246823248919
7716,8858,1142,0.1142,0.16278717471808196
7616,8808,1192,0.1192,0.16179510376229883
7772,8886,1114,0.1114,0.16136787720434367
7574,8787,1213,0.1213,0.16406842049241782
7622,8811,1189,0.1189,0.16402113333791493
7676,8838,1162,0.1162,0.163683487842232
7772,8886,1114,0.1114,0.1636280284728855
7608,8804,1196,0.1196,0.16414701750203967
7536,8768,1232,0.1232,0.16440159249463177
7876,8938,1062,0.1062,0.1599046726684086
7708,8854,1146,0.1146,0.16021507427282655
7514,8757,1243,0.1243,0.16229458929067478
7516,8758,1242,0.1242,0.16270208458416163
7586,8793,1207,0.1207,0.16248924962272868
7716,8858,1142,0.1142,0.1721460482545197
7466,8733,1267,0.1267,0.17951403923011627
7508,8754,1246,0.1246,0.1804279152482748
7616,8808,1192,0.1192,0.17911109768538735
7584,8792,1208,0.1208,0.1801599620869849
7720,8860,1140,0.114,0.1754068878194783
7436,8718,1282,0.1282,0.17635592768159694
7648,8824,1176,0.1176,0.17262115005087109
7462,8731,1269,0.1269,0.16975963454321027
7626,8813,1187,0.1187,0.1669979164518416
7774,8887,1113,0.1113,0.1668711816028735
7640,8820,1180,0.118,0.16742559811286628
7664,8832,1168,0.1168,0.17676631199792028
7690,8845,1155,0.1155,0.17866874453797937
7668,8834,1166,0.1166,0.17918449572734535
7734,8867,1133,0.1133,0.17952911009499536
7504,8752,1248,0.1248,0.18163115966899285
7668,8834,1166,0.1166,0.18054465777363332
7612,8806,1194,0.1194,0.18084674163763767
7598,8799,1201,0.1201,0.18040773974558943
7696,8848,1152,0.1152,0.17746402715444565
7654,8827,1173,0.1173,0.1765177254229785
7664,8832,1168,0.1168,0.17517287899553777
7704,8852,1148,0.1148,0.17620656267255544
7484,8742,1258,0.1258,0.17901915117242445
7806,8903,1097,0.1097,0.17970731696078365
7598,8799,1201,0.1201,0.1810161265909672
7732,8866,1134,0.1134,0.18155849906802177
7658,8829,1171,0.1171,0.1859395051772939
7486,8743,1257,0.1257,0.18830334002571478
7388,8694,1306,0.1306,0.18794148530748553
7582,8791,1209,0.1209,0.18897206274718045
7488,8744,1256,0.1256,0.19381210906908236
7668,8834,1166,0.1166,0.19365110597686436
7570,8785,1215,0.1215,0.19415079523124495
7520,8760,1240,0.124,0.1941861410737138
7416,8708,1292,0.1292,0.19214474250081695
7584,8792,1208,0.1208,0.1876729713452949
7578,8789,1211,0.1211,0.18693901260692475
7824,8912,1088,0.1088,0.18551948179285974
7710,8855,1145,0.1145,0.18536554389207976
7454,8727,1273,0.1273,0.1862493374816142
7622,8811,1189,0.1189,0.18661852854564787
7620,8810,1190,0.119,0.18611365769691376
7424,8712,1288,0.1288,0.1902190269426308
7676,8838,1162,0.1162,0.18802027690261602
7602,8801,1199,0.1199,0.18732592464983464
7798,8899,1101,0.1101,0.1850628240596503
7580,8790,1210,0.121,0.1811347092310898
7484,8742,1258,0.1258,0.18009357520267366
7608,8804,1196,0.1196,0.17922791045606137
7542,8771,1229,0.1229,0.17977921656015597
7594,8797,1203,0.1203,0.18345172094404696
7702,8851,1149,0.1149,0.18565365292840832
7320,8660,1340,0.134,0.19023258378896862
7568,8784,1216,0.1216,0.18867848031632603
7552,8776,1224,0.1224,0.19467523058019578
7592,8796,1204,0.1204,0.19501606515422462
7428,8714,1286,0.1286,0.19793678012078636
7494,8747,1253,0.1253,0.1975627042100819
7694,8847,1153,0.1153,0.199513162679784
7724,8862,1138,0.1138,0.19527855946809577
7706,8853,1147,0.1147,0.19621515889018773
7620,8810,1190,0.119,0.19603775409627705
7568,8784,1216,0.1216,0.18450134970911314
7800,8900,1100,0.11,0.1770323857468486
7546,8773,1227,0.1227,0.17741931310771616
7734,8867,1133,0.1133,0.175942951530248
7860,8930,1070,0.107,0.17265093176955706
7466,8733,1267,0.1267,0.1790134208977238
7608,8804,1196,0.1196,0.17897120115822546
7620,8810,1190,0.119,0.18002194991335274
7738,8869,1131,0.1131,0.1874846829594113
7542,8771,1229,0.1229,0.18988894293159247
7750,8875,1125,0.1125,0.18874186087863054
7546,8773,1227,0.1227,0.188978290447779
7732,8866,1134,0.1134,0.17463246381282807
7656,8828,1172,0.1172,0.1691328830574057
7702,8851,1149,0.1149,0.16779471336737903
7592,8796,1204,0.1204,0.16686892482434051
7730,8865,1135,0.1135,0.15670541750975894
7732,8866,1134,0.1134,0.15819513598595988
7714,8857,1143,0.1143,0.15937852547547082
7590,8795,1205,0.1205,0.16203009905056384
7828,8914,1086,0.1086,0.16643220057649094
7728,8864,1136,0.1136,0.1672674460612251
7642,8821,1179,0.1179,0.16874486129428456
7802,8901,1099,0.1099,0.16799461076185107
7502,8751,1249,0.1249,0.16136070674321168
7488,8744,1256,0.1256,0.16115768551379442
7558,8779,1221,0.1221,0.1602043207935989
7528,8764,1236,0.1236,0.1605774841569364
7494,8747,1253,0.1253,0.1698014837956056
7792,8896,1104,0.1104,0.17299989213123917
7704,8852,1148,0.1148,0.1726986177878828
7496,8748,1252,0.1252,0.1755453639920801
7726,8863,1137,0.1137,0.16941972796500349
7634,8817,1183,0.1183,0.16308455405773206
7470,8735,1265,0.1265,0.1633431607875973
7808,8904,1096,0.1096,0.16033323090510912
7652,8826,1174,0.1174,0.1495282512041607
7694,8847,1153,0.1153,0.14967450431659818
7386,8693,1307,0.1307,0.154316397292458
7508,8754,1246,0.1246,0.15385496383504452
7654,8827,1173,0.1173,0.16678295629359782
7480,8740,1260,0.126,0.16980202967897057
7646,8823,1177,0.1177,0.17204556152289732
7718,8859,1141,0.1141,0.1713573595441878
7562,8781,1219,0.1219,0.16214127198344214
7828,8914,1086,0.1086,0.1539433708459139
7542,8771,1229,0.1229,0.15648520030658256
7658,8829,1171,0.1171,0.15401974729783832
7620,8810,1190,0.119,0.14702392482788781
7660,8830,1170,0.117,0.14875761162658455
7682,8841,1159,0.1159,0.15207811466325075
7632,8816,1184,0.1184,0.15263838471817018
7674,8837,1163,0.1163,0.1717055200446397
7716,8858,1142,0.1142,0.1775510831201158
7658,8829,1171,0.1171,0.18078107651621977
7450,8725,1275,0.1275,0.1833833747299388
7672,8836,1164,0.1164,0.18710107887592167
7642,8821,1179,0.1179,0.1835989299491048
7650,8825,1175,0.1175,0.1838862150363624
7588,8794,1206,0.1206,0.18522984290719033
7546,8773,1227,0.1227,0.1750027635863109
7558,8779,1221,0.1221,0.17394753810465335
7510,8755,1245,0.1245,0.1753162550918758
7578,8789,1211,0.1211,0.17571972528621554
7610,8805,1195,0.1195,0.18168847387810272
7698,8849,1151,0.1151,0.18249974351115525
7656,8828,1172,0.1172,0.18474710361356847
7538,8769,1231,0.1231,0.18569246611775306
7794,8897,1103,0.1103,0.1757711253464222
7736,8868,1132,0.1132,0.17355981460064648
7556,8778,1222,0.1222,0.1720106115032919
7572,8786,1214,0.1214,0.17143896578177809
7586,8793,1207,0.1207,0.16441056436171675
7522,8761,1239,0.1239,0.1667127196392236
7522,8761,1239,0.1239,0.16823808885924518
7646,8823,1177,0.1177,0.1689543977665683
7554,8777,1223,0.1223,0.18310019482523202
7634,8817,1183,0.1183,0.1848253958397574
7534,8767,1233,0.1233,0.18580072987359017
7680,8840,1160,0.116,0.1841872372571379
7654,8827,1173,0.1173,0.18257865734386713
7508,8754,1246,0.1246,0.18179536206312516
7578,8789,1211,0.1211,0.18018767842653252
7672,8836,1164,0.1164,0.1782996959933371
7712,8856,1144,0.1144,0.1766851634529394
7568,8784,1216,0.1216,0.17927951295920902
7738,8869,1131,0.1131,0.17835929970941505
7668,8834,1166,0.1166,0.17843752404631086
7572,8786,1214,0.1214,0.185559241287224
7702,8851,1149,0.1149,0.18789180058885832
7538,8769,1231,0.1231,0.1886897084447026
7426,8713,1287,0.1287,0.18932279972881078
7740,8870,1130,0.113,0.19774289980232715
7600,8800,1200,0.12,0.20060776234308722
7650,8825,1175,0.1175,0.19948862970812478
7584,8792,1208,0.1208,0.2012675982691275
7628,8814,1186,0.1186,0.20025573436024163
7492,8746,1254,0.1254,0.20191580130532383
7664,8832,1168,0.1168,0.20114430336344025
7668,8834,1166,0.1166,0.20131160799209036
7698,8849,1151,0.1151,0.20079969854098745
7514,8757,1243,0.1243,0.20427850391827523
7508,8754,1246,0.1246,0.20265438325703145
7540,8770,1230,0.123,0.20410917302348036
7628,8814,1186,0.1186,0.2075035414064303
7788,8894,1106,0.1106,0.20929300692150368
7486,8743,1257,0.1257,0.21063091499565054
7440,8720,1280,0.128,0.21222827529774446
7560,8780,1220,0.122,0.21094318408016116
7570,8785,1215,0.1215,0.2119130474240519
7666,8833,1167,0.1167,0.2100589740083553
7698,8849,1151,0.1151,0.20893754424081853
7496,8748,1252,0.1252,0.20267380760360976
7528,8764,1236,0.1236,0.20060473892465217
7676,8838,1162,0.1162,0.19913740219082685
7654,8827,1173,0.1173,0.19865601939937186
7546,8773,1227,0.1227,0.20994385346565395
7658,8829,1171,0.1171,0.21032654228806583
7508,8754,1246,0.1246,0.21197987548643724
7504,8752,1248,0.1248,0.21231251610517501
7580,8790,1210,0.121,0.21182528813080861
7764,8882,1118,0.1118,0.20765001495808852
7536,8768,1232,0.1232,0.20667181829921902
7776,8888,1112,0.1112,0.2043720220312844
7676,8838,1162,0.1162,0.19822153973234957
7656,8828,1172,0.1172,0.1987880692937644
7594,8797,1203,0.1203,0.20149643060751177
7674,8837,1163,0.1163,0.20074557856502942
7530,8765,1235,0.1235,0.21445297757440712
7652,8826,1174,0.1174,0.21609967530253488
7656,8828,1172,0.1172,0.21826461162790656
7656,8828,1172,0.1172,0.2174148886139039
7764,8882,1118,0.1118,0.22124496192894877
7496,8748,1252,0.1252,0.22156406037583948
7638,8819,1181,0.1181,0.22020955980487283
7612,8806,1194,0.1194,0.21763706618426368
7520,8760,1240,0.124,0.22030442027549837
7434,8717,1283,0.1283,0.22282887599659962
7512,8756,1244,0.1244,0.22580851622043382
7486,8743,1257,0.1257,0.2250937969657476
7564,8782,1218,0.1218,0.2462899069517851
7464,8732,1268,0.1268,0.2502431259468198
7608,8804,1196,0.1196,0.24963744460493326
7626,8813,1187,0.1187,0.2498378911346197
7600,8800,1200,0.12,0.24577854886502026
7696,8848,1152,0.1152,0.24494412762224674
7586,8793,1207,0.1207,0.24046930366917826
7664,8832,1168,0.1168,0.23906622944921255
7672,8836,1164,0.1164,0.23808588659304006
7516,8758,1242,0.1242,0.2421018625812605
7552,8776,1224,0.1224,0.2420471573286749
7710,8855,1145,0.1145,0.24377809756871502
7666,8833,1167,0.1167,0.25223420378491285
7676,8838,1162,0.1162,0.2547659199950328
7448,8724,1276,0.1276,0.2554530384307727
7548,8774,1226,0.1226,0.25504047355325893
7550,8775,1225,0.1225,0.258760954913497
7668,8834,1166,0.1166,0.2581761130909959
7888,8944,1056,0.1056,0.25504339953562594
7586,8793,1207,0.1207,0.2580588107984556
7640,8820,1180,0.118,0.25836400360316036
7482,8741,1259,0.1259,0.26059998281173175
7426,8713,1287,0.1287,0.26262176360189915
7540,8770,1230,0.123,0.26666071009818176
7604,8802,1198,0.1198,0.282784604830062
7526,8763,1237,0.1237,0.28553527908325194
7754,8877,1123,0.1123,0.2849542422130704
7472,8736,1264,0.1264,0.2878004777394235
7424,8712,1288,0.1288,0.2833878560062469
7474,8737,1263,0.1263,0.2821147742986679
7726,8863,1137,0.1137,0.276487800584847
7746,8873,1127,0.1127,0.27701507593421265
7542,8771,1229,0.1229,0.2784747008336126
7874,8937,1063,0.1063,0.2787624978523701
7534,8767,1233,0.1233,0.2827659928664565
7536,8768,1232,0.1232,0.2838460606854896
7702,8851,1149,0.1149,0.30378745646178723
7378,8689,1311,0.1311,0.3076443804336205
7564,8782,1218,0.1218,0.31252264305874705
7658,8829,1171,0.1171,0.3164620692104101
7612,8806,1194,0.1194,0.3261595703583925
7418,8709,1291,0.1291,0.32866712948158383
7526,8763,1237,0.1237,0.3275033887893893
7630,8815,1185,0.1185,0.32716998889148236
7716,8858,1142,0.1142,0.3167603376109253
7640,8820,1180,0.118,0.31764832283701927
7648,8824,1176,0.1176,0.31563056260295413
7624,8812,1188,0.1188,0.3176858875827282
7538,8769,1231,0.1231,0.32295940079377033
7708,8854,1146,0.1146,0.3268878399408941
7488,8744,1256,0.1256,0.3325784826487303
7436,8718,1282,0.1282,0.33801327592730523
7414,8707,1293,0.1293,0.36639848595984115
7650,8825,1175,0.1175,0.36903272533584386
7540,8770,1230,0.123,0.37343266415875404
7648,8824,1176,0.1176,0.3736791952413507
7388,8694,1306,0.1306,0.3728687222778797
7496,8748,1252,0.1252,0.37020941368043425
7468,8734,1266,0.1266,0.3676065191287431
7724,8862,1138,0.1138,0.3664155886668712
7720,8860,1140,0.114,0.36788878555797316
7488,8744,1256,0.1256,0.3710068203151226
7764,8882,1118,0.1118,0.3703745555743575
7560,8780,1220,0.122,0.3761699199467897
7526,8763,1237,0.1237,0.39138294431672255
7480,8740,1260,0.126,0.395745853591818
7424,8712,1288,0.1288,0.39784047725200655
7766,8883,1117,0.1117,0.3984757438861998
7654,8827,1173,0.1173,0.40005555084668476
7460,8730,1270,0.127,0.4007505312606693
7478,8739,1261,0.1261,0.3962831623086368
7624,8812,1188,0.1188,0.3904572653964162
7576,8788,1212,0.1212,0.37269560227766685
7226,8613,1387,0.1387,0.3725959976757367
7702,8851,1149,0.1149,0.3668116544549385
7438,8719,1281,0.1281,0.3672163715958595
7630,8815,1185,0.1185,0.3639020410114492
7670,8835,1165,0.1165,0.36358320718322645
7520,8760,1240,0.124,0.36356263572936875
7530,8765,1235,0.1235,0.36462795015418853
7562,8781,1219,0.1219,0.3529528769857523
7684,8842,1158,0.1158,0.34894506264030933
7632,8816,1184,0.1184,0.3441426604755223
7608,8804,1196,0.1196,0.34411909870300444
7540,8770,1230,0.123,0.33258608199153095
7884,8942,1058,0.1058,0.3276991278228088
7502,8751,1249,0.1249,0.33010832426798953
7446,8723,1277,0.1277,0.331341590537021
7502,8751,1249,0.1249,0.3344124675273895
7618,8809,1191,0.1191,0.3298539470190177
7622,8811,1189,0.1189,0.3321990612239344
7568,8784,1216,0.1216,0.3316463437274352
7504,8752,1248,0.1248,0.3186275532888562
7544,8772,1228,0.1228,0.3099923693823628
7550,8775,1225,0.1225,0.3051226180252505
7518,8759,1241,0.1241,0.3019880100863986
7568,8784,1216,0.1216,0.2792674240957829
7642,8821,1179,0.1179,0.2736119805596769
7516,8758,1242,0.1242,0.2725769891175325
7516,8758,1242,0.1242,0.27106747355333066
7664,8832,1168,0.1168,0.2605975649459033
7662,8831,1169,0.1169,0.25752872261463955
7572,8786,1214,0.1214,0.2570212677659467
7656,8828,1172,0.1172,0.25483148971442227
7640,8820,1180,0.118,0.2378659187528995
7702,8851,1149,0.1149,0.23576111756265164
7618,8809,1191,0.1191,0.23395550984442234
7728,8864,1136,0.1136,0.2325106398446951
7384,8692,1308,0.1308,0.23343472888059913
7512,8756,1244,0.1244,0.23380680794420497
7554,8777,1223,0.1223,0.2326343748550862
7552,8776,1224,0.1224,0.23549568528756498
7452,8726,1274,0.1274,0.2360315457103774
7644,8822,1178,0.1178,0.234134094908461
7548,8774,1226,0.1226,0.2320427887764341
7444,8722,1278,0.1278,0.23011231140196323
7596,8798,1202,0.1202,0.2142430456884089
7752,8876,1124,0.1124,0.21197263425327836
7766,8883,1117,0.1117,0.20910631677657365
7486,8743,1257,0.1257,0.20828193024531938
7420,8710,1290,0.129,0.2043923176251641
7622,8811,1189,0.1189,0.20262808853494935
7584,8792,1208,0.1208,0.20382467616171943
7646,8823,1177,0.1177,0.2072823220267892
7552,8776,1224,0.1224,0.22266218909454583
7448,8724,1276,0.1276,0.22350276942529157
7584,8792,1208,0.1208,0.22300776202764258
7642,8821,1179,0.1179,0.22485697877705096
7724,8862,1138,0.1138,0.21891672847718
7406,8703,1297,0.1297,0.22032888591438532
7626,8813,1187,0.1187,0.2167736794261262
7688,8844,1156,0.1156,0.21124610298592597
7486,8743,1257,0.1257,0.20494950442046683
7786,8893,1107,0.1107,0.20276095213813242
7380,8690,1310,0.131,0.2060640635255724
7660,8830,1170,0.117,0.2051096221929416
7554,8777,1223,0.1223,0.21786191645786165
7598,8799,1201,0.1201,0.21670469080529983
7474,8737,1263,0.1263,0.22014372346413147
7696,8848,1152,0.1152,0.22354930229606115
7638,8819,1181,0.1181,0.2288639866784215
7666,8833,1167,0.1167,0.22748549589897737
7586,8793,1207,0.1207,0.22863374006226742
7672,8836,1164,0.1164,0.22345509167015554
7522,8761,1239,0.1239,0.2142775707632303
7672,8836,1164,0.1164,0.2137578791476786
7754,8877,1123,0.1123,0.21137135142679062
7588,8794,1206,0.1206,0.21058710035121767
7692,8846,1154,0.1154,0.22096667848471552
7478,8739,1261,0.1261,0.22323554272204638
7464,8732,1268,0.1268,0.2238735363187564
7512,8756,1244,0.1244,0.22974455541297795
7402,8701,1299,0.1299,0.23707903189637586
7550,8775,1225,0.1225,0.23591093847962183
7590,8795,1205,0.1205,0.23547275573594362
7568,8784,1216,0.1216,0.23253751296615227
7614,8807,1193,0.1193,0.21537437503412366
7460,8730,1270,0.127,0.2145308778144419
7782,8891,1109,0.1109,0.21019618336095883
7562,8781,1219,0.1219,0.20518040673527865
7634,8817,1183,0.1183,0.2025679518097587
7594,8797,1203,0.1203,0.20272449632454265
7536,8768,1232,0.1232,0.20329214414292568
7764,8882,1118,0.1118,0.20446635687283055
7544,8772,1228,0.1228,0.21241162239015102
7632,8816,1184,0.1184,0.2112073685079813
7554,8777,1223,0.1223,0.21154378672185847
7648,8824,1176,0.1176,0.20642378003619377
7466,8733,1267,0.1267,0.19810681343434022
7752,8876,1124,0.1124,0.19365613942376186
7626,8813,1187,0.1187,0.1946465669123223
7442,8721,1279,0.1279,0.1888030528333504
7642,8821,1179,0.1179,0.18684283546904334
7456,8728,1272,0.1272,0.18781009268035995
7600,8800,1200,0.12,0.18667440702486784
7556,8778,1222,0.1222,0.18887176857162266
7818,8909,1091,0.1091,0.18682546409759904
7570,8785,1215,0.1215,0.18713028914192692
7496,8748,1252,0.1252,0.18738192152361152
7592,8796,1204,0.1204,0.18324667092273494
7820,8910,1090,0.109,0.17694170347005128
7644,8822,1178,0.1178,0.17843446925394238
7608,8804,1196,0.1196,0.17918300630673767
7738,8869,1131,0.1131,0.17945464729849708
7532,8766,1234,0.1234,0.18587148105184534
7512,8756,1244,0.1244,0.1882988685270233
7736,8868,1132,0.1132,0.1879602293119824
7616,8808,1192,0.1192,0.19244905632904846
7492,8746,1254,0.1254,0.19851775557836518
7638,8819,1181,0.1181,0.1985658337237779
7618,8809,1191,0.1191,0.19917885273137362
7352,8676,1324,0.1324,0.20539472205959974
7636,8818,1182,0.1182,0.2155282628839044
7578,8789,1211,0.1211,0.2186713224211755
7652,8826,1174,0.1174,0.21865586881414056
7688,8844,1156,0.1156,0.22277485308870673
7728,8864,1136,0.1136,0.21568365761917085
7526,8763,1237,0.1237,0.2158138822825509
7712,8856,1144,0.1144,0.21306524324342607
7516,8758,1242,0.1242,0.20954484106469232
7552,8776,1224,0.1224,0.20676760676324157
7554,8777,1223,0.1223,0.2105268192945514
7392,8696,1304,0.1304,0.2117423756799195
7766,8883,1117,0.1117,0.2150783337339759
7626,8813,1187,0.1187,0.22336348211327567
7612,8806,1194,0.1194,0.22325970726795494
7420,8710,1290,0.129,0.22474011250138282
7754,8877,1123,0.1123,0.21514409904778004
7610,8805,1195,0.1195,0.21030578184485665
7452,8726,1274,0.1274,0.20995419621393085
7594,8797,1203,0.1203,0.20907080220468344
7718,8859,1141,0.1141,0.202122964122353
7720,8860,1140,0.114,0.20226124374866486
7644,8822,1178,0.1178,0.2055839185005448
7696,8848,1152,0.1152,0.2039445507002063
7392,8696,1304,0.1304,0.21005425252071072
7686,8843,1157,0.1157,0.21470569131738157
7540,8770,1230,0.123,0.2171511068308726
7704,8852,1148,0.1148,0.2148467515282333
7762,8881,1119,0.1119,0.2145175872347319
7542,8771,1229,0.1229,0.21070281487330794
7572,8786,1214,0.1214,0.2111715964987989
7776,8888,1112,0.1112,0.20605183143836694
7576,8788,1212,0.1212,0.2051651443648152
7652,8826,1174,0.1174,0.2040795978732407
7622,8811,1189,0.1189,0.20657739770384506
7598,8799,1201,0.1201,0.2074793463062495
7634,8817,1183,0.1183,0.21129275206699968
7534,8767,1233,0.1233,0.22008942522006691
7760,8880,1120,0.112,0.22003844377504364
7690,8845,1155,0.1155,0.22094760604649782
7696,8848,1152,0.1152,0.22056600056107856
7682,8841,1159,0.1159,0.21600977078056213
7640,8820,1180,0.118,0.21647386414744524
7562,8781,1219,0.1219,0.21579151223897933
7572,8786,1214,0.1214,0.2144461944595199
7742,8871,1129,0.1129,0.21252990931868554
7758,8879,1121,0.1121,0.21351287529445384
7588,8794,1206,0.1206,0.21420904173458216
7746,8873,1127,0.1127,0.21575653058867902
