log_avg_ept_score,log_avg_succ_req,log_avg_blk_req,log_avg_BP_req,log_avg_entropy
360,680,320,0.32,2.3007551894187928
218,609,391,0.391,2.3000389231443403
244,622,378,0.378,2.300772726535797
148,574,426,0.426,2.300817706823349
320,660,340,0.34,2.299641777396202
364,682,318,0.318,2.2989493103027345
238,619,381,0.381,2.2994045209884644
196,598,402,0.402,2.298423496127129
350,675,325,0.325,2.2947884130477907
394,697,303,0.303,2.2920444622039793
366,683,317,0.317,2.290062731027603
318,659,341,0.341,2.288184262394905
410,705,295,0.295,2.262937383413315
394,697,303,0.303,2.2409915249943735
472,736,264,0.264,2.231469706058502
408,704,296,0.296,2.2272002452909945
488,744,256,0.256,2.0917274643182755
476,738,262,0.262,1.9976364926956593
524,762,238,0.238,2.0008442057557403
512,756,244,0.244,1.9558356336406433
596,798,202,0.202,1.5831268231272697
628,814,186,0.186,1.406876082168892
622,811,189,0.189,1.3683792146891356
656,828,172,0.172,1.2649140691035676
682,841,159,0.159,1.0573874463024548
672,836,164,0.164,1.0460853029922583
730,865,135,0.135,1.031860857416162
668,834,166,0.166,1.0511062275792937
702,851,149,0.149,1.1119143417328596
660,830,170,0.17,1.1793728664666414
694,847,153,0.153,1.1528632006943227
692,846,154,0.154,1.1423802172765136
700,850,150,0.15,1.1113661225885152
722,861,139,0.139,1.0449491795847514
702,851,149,0.149,1.062317585354903
690,845,155,0.155,1.024132863129489
718,859,141,0.141,0.9728374926345423
696,848,152,0.152,1.0148668623268604
720,860,140,0.14,1.0272881753891707
658,829,171,0.171,1.0598230759123108
650,825,175,0.175,1.1321281492616981
652,826,174,0.174,1.1884776440784335
752,876,124,0.124,1.1795390802025796
744,872,128,0.128,1.1916936463399324
722,861,139,0.139,1.1910754986405372
714,857,143,0.143,1.1620170347453473
704,852,148,0.148,1.1555588238835335
726,863,137,0.137,1.1451057919114829
646,823,177,0.177,1.1382990999724483
704,852,148,0.148,1.0920555918216706
710,855,145,0.145,1.0746212484240532
784,892,108,0.108,1.0491968681812287
728,864,136,0.136,1.0230726705547422
714,857,143,0.143,0.9746135320067406
658,829,171,0.171,0.984775751888752
732,866,134,0.134,0.9757289558053016
792,896,104,0.104,0.9323662952184677
772,886,114,0.114,0.9530150660276413
718,859,141,0.141,0.9623097857236862
686,843,157,0.157,0.9696936419010163
728,864,136,0.136,0.9483227964043617
718,859,141,0.141,0.9165811329483986
682,841,159,0.159,0.8956964568737894
708,854,146,0.146,0.8708803141117096
726,863,137,0.137,0.8200330257117748
788,894,106,0.106,0.7068562542200089
760,880,120,0.12,0.6153824667635913
758,879,121,0.121,0.6146590631455183
744,872,128,0.128,0.5017290690429509
740,870,130,0.13,0.4205124412793666
794,897,103,0.103,0.3787823136446533
762,881,119,0.119,0.3702314334362745
748,874,126,0.126,0.3570321999383159
798,899,101,0.101,0.3100811016820371
742,871,129,0.129,0.2898470351315218
774,887,113,0.113,0.2749434688657768
690,845,155,0.155,0.28489730826765297
776,888,112,0.112,0.26979039489850404
778,889,111,0.111,0.2734822774939239
752,876,124,0.124,0.27067007880898236
682,841,159,0.159,0.30104370494931937
744,872,128,0.128,0.25823903987086033
752,876,124,0.124,0.2623468977211431
788,894,106,0.106,0.250790365930928
670,835,165,0.165,0.26919535035453734
786,893,107,0.107,0.23425025801360608
836,918,82,0.082,0.2215835989266634
782,891,109,0.109,0.23478860641003121
752,876,124,0.124,0.2409396372329687
724,862,138,0.138,0.28221722761914136
742,871,129,0.129,0.3196475147064775
722,861,139,0.139,0.33116499036550523
710,855,145,0.145,0.3472956857532263
712,856,144,0.144,0.3553939274698496
728,864,136,0.136,0.3704665741622448
756,878,122,0.122,0.3588045980781317
764,882,118,0.118,0.34694596159458163
788,894,106,0.106,0.3164454010352492
730,865,135,0.135,0.2991424731425941
778,889,111,0.111,0.2902120559029281
766,883,117,0.117,0.2836319338614121
760,880,120,0.12,0.3001349984649569
772,886,114,0.114,0.30641309433266667
750,875,125,0.125,0.3183743499815464
692,846,154,0.154,0.3357187489494717
736,868,132,0.132,0.3368955833227374
700,850,150,0.15,0.30812910871207716
794,897,103,0.103,0.28218248519301414
766,883,117,0.117,0.2709694638773799
756,878,122,0.122,0.25503244721889495
832,916,84,0.084,0.23304116289317608
728,864,136,0.136,0.23611504347692244
768,884,116,0.116,0.2322473274244112
778,889,111,0.111,0.22968167732656003
806,903,97,0.097,0.21980450673776794
728,864,136,0.136,0.23033070910722017
752,876,124,0.124,0.22803478072024883
746,873,127,0.127,0.2409805067628622
772,886,114,0.114,0.23400650211423635
760,880,120,0.12,0.23506625094078482
694,847,153,0.153,0.2449361928962171
850,925,75,0.075,0.19940092596411704
804,902,98,0.098,0.18660892519354821
720,860,140,0.14,0.20067258889973164
828,914,86,0.086,0.19193645897507666
760,880,120,0.12,0.20203797711804508
780,890,110,0.11,0.2033217009752989
798,899,101,0.101,0.1974648452308029
838,919,81,0.081,0.19105945371836425
714,857,143,0.143,0.21947906751558185
772,886,114,0.114,0.20687302132695914
718,859,141,0.141,0.22386460973322792
730,865,135,0.135,0.22051759040367325
822,911,89,0.089,0.2331366201788187
810,905,95,0.095,0.2519734750017524
770,885,115,0.115,0.26606770712882283
756,878,122,0.122,0.2672681539952755
834,917,83,0.083,0.25476669622957704
740,870,130,0.13,0.24473439881205564
762,881,119,0.119,0.26376055025774986
740,870,130,0.13,0.25742770912870766
800,900,100,0.1,0.26018928613548725
758,879,121,0.121,0.2579253747984767
742,871,129,0.129,0.25837723404169083
772,886,114,0.114,0.2304709230891167
762,881,119,0.119,0.2218695485293865
754,877,123,0.123,0.23356642442941666
766,883,117,0.117,0.22381774514354766
766,883,117,0.117,0.22519350999221205
746,873,127,0.127,0.22729947259277106
732,866,134,0.134,0.23788513389229773
782,891,109,0.109,0.22184058560431003
724,862,138,0.138,0.22073734056577085
722,861,139,0.139,0.21256516752764582
740,870,130,0.13,0.20695412259176374
760,880,120,0.12,0.20734364584833384
750,875,125,0.125,0.20199158971011638
704,852,148,0.148,0.21257532813027502
772,886,114,0.114,0.19862581614032387
742,871,129,0.129,0.19021600136905908
794,897,103,0.103,0.1621972078010441
744,872,128,0.128,0.17347841278091072
736,868,132,0.132,0.16614337725751102
724,862,138,0.138,0.1732160823586455
768,884,116,0.116,0.1905612857490778
770,885,115,0.115,0.1827613970041275
670,835,165,0.165,0.20126951279118657
768,884,116,0.116,0.1757750125862658
722,861,139,0.139,0.16542123513720436
754,877,123,0.123,0.1647154523357749
790,895,105,0.105,0.16587798684835434
764,882,118,0.118,0.15085877989185975
772,886,114,0.114,0.13486743443273008
734,867,133,0.133,0.13920720840618014
774,887,113,0.113,0.13304690742716777
706,853,147,0.147,0.14498077764548362
776,888,112,0.112,0.1337274400405586
730,865,135,0.135,0.1380869067236781
726,863,137,0.137,0.13677942361868917
776,888,112,0.112,0.12671537313051523
820,910,90,0.09,0.11415745509415864
712,856,144,0.144,0.1279977935901843
732,866,134,0.134,0.12049867000803352
768,884,116,0.116,0.11131805301457644
772,886,114,0.114,0.13342213953845203
744,872,128,0.128,0.13838847747631372
778,889,111,0.111,0.14201302995346488
736,868,132,0.132,0.1492983054239303
760,880,120,0.12,0.13818879722594282
818,909,91,0.091,0.12416698990762234
744,872,128,0.128,0.1315809760335833
750,875,125,0.125,0.12229719273047522
752,876,124,0.124,0.1290576225587532
782,891,109,0.109,0.12883387979865074
784,892,108,0.108,0.12890726540610195
774,887,113,0.113,0.14921369843371213
724,862,138,0.138,0.17431372817978263
740,870,130,0.13,0.17649503295123578
770,885,115,0.115,0.1707550825625658
750,875,125,0.125,0.17210247224522754
796,898,102,0.102,0.16719757579305067
758,879,121,0.121,0.17257302017509937
690,845,155,0.155,0.18085215052554848
776,888,112,0.112,0.1916587975770235
778,889,111,0.111,0.21581546991690995
774,887,113,0.113,0.21239469163119792
806,903,97,0.097,0.2067108634915203
784,892,108,0.108,0.1908624725602567
790,895,105,0.105,0.18589970301836728
760,880,120,0.12,0.1872726324722171
778,889,111,0.111,0.1890463936291635
736,868,132,0.132,0.22801208312436938
706,853,147,0.147,0.24896377763152122
712,856,144,0.144,0.25975924238562587
790,895,105,0.105,0.24433812775090336
760,880,120,0.12,0.23425722250714898
772,886,114,0.114,0.21205794695354416
702,851,149,0.149,0.21004979029670356
718,859,141,0.141,0.2092619549781084
742,871,129,0.129,0.20836724525690078
778,889,111,0.111,0.21407622837275267
824,912,88,0.088,0.2086732377409935
688,844,156,0.156,0.2336125010251999
802,901,99,0.099,0.21356256248331193
768,884,116,0.116,0.2103086897097528
752,876,124,0.124,0.23582150699198245
756,878,122,0.122,0.2299921171590686
716,858,142,0.142,0.23214565341174603
716,858,142,0.142,0.24404229746945202
786,893,107,0.107,0.25441134740412236
704,852,148,0.148,0.26636937698721885
776,888,112,0.112,0.25272609472196494
776,888,112,0.112,0.2563836445212364
712,856,144,0.144,0.28318379932828247
758,879,121,0.121,0.26392463362962104
766,883,117,0.117,0.28175892411917447
764,882,118,0.118,0.28932549653202294
760,880,120,0.12,0.29343731980025767
698,849,151,0.151,0.3268535185009241
780,890,110,0.11,0.31887282751500606
774,887,113,0.113,0.33984411768615247
718,859,141,0.141,0.3412741153687239
754,877,123,0.123,0.33102472460269927
762,881,119,0.119,0.31671048848330974
742,871,129,0.129,0.31874089522659776
734,867,133,0.133,0.33889418640732766
786,893,107,0.107,0.373544181317091
688,844,156,0.156,0.42508068539202215
688,844,156,0.156,0.4445719889551401
754,877,123,0.123,0.45863723051548005
816,908,92,0.092,0.4415387392789125
774,887,113,0.113,0.4573440733551979
744,872,128,0.128,0.4541731143593788
754,877,123,0.123,0.4499944703280926
744,872,128,0.128,0.463270365819335
788,894,106,0.106,0.4582690739929676
728,864,136,0.136,0.486322779327631
834,917,83,0.083,0.46774176056683064
730,865,135,0.135,0.513695649638772
746,873,127,0.127,0.5116659035235643
764,882,118,0.118,0.5048374062925577
746,873,127,0.127,0.49845685935020445
716,858,142,0.142,0.5070808452963829
716,858,142,0.142,0.47724455650895836
754,877,123,0.123,0.4758777182400227
798,899,101,0.101,0.4595714693702757
730,865,135,0.135,0.43999562759697436
762,881,119,0.119,0.4267845775187016
804,902,98,0.098,0.42210373125970363
748,874,126,0.126,0.4295316752177523
754,877,123,0.123,0.4160989789664745
726,863,137,0.137,0.41744160094857213
796,898,102,0.102,0.4075456763803959
742,871,129,0.129,0.4046547449678183
756,878,122,0.122,0.3724503226578236
786,893,107,0.107,0.3623782080858946
764,882,118,0.118,0.360717608615756
792,896,104,0.104,0.35103096829354763
708,854,146,0.146,0.30389110700786115
760,880,120,0.12,0.2886369820982218
832,916,84,0.084,0.2643764560818672
840,920,80,0.08,0.2613581262305379
792,896,104,0.104,0.26785869270563123
720,860,140,0.14,0.27964192831516266
734,867,133,0.133,0.26724920340254904
760,880,120,0.12,0.28161562433838844
768,884,116,0.116,0.34055940827727316
750,875,125,0.125,0.350358423858881
728,864,136,0.136,0.3452504289895296
776,888,112,0.112,0.3323245149701834
756,878,122,0.122,0.24935314132273198
734,867,133,0.133,0.25026321232318877
814,907,93,0.093,0.23059571554511785
830,915,85,0.085,0.2251939179226756
750,875,125,0.125,0.2588844355493784
698,849,151,0.151,0.2613474874049425
766,883,117,0.117,0.2533963520824909
742,871,129,0.129,0.26756383674591777
754,877,123,0.123,0.2144698266685009
732,866,134,0.134,0.22096089446602454
752,876,124,0.124,0.22374931725114583
742,871,129,0.129,0.21331775086373092
818,909,91,0.091,0.15792738013039342
752,876,124,0.124,0.17305042489245534
716,858,142,0.142,0.18104442615062
738,869,131,0.131,0.1743294653519988
796,898,102,0.102,0.14293785936618225
746,873,127,0.127,0.1575430111028254
792,896,104,0.104,0.15108963375911116
724,862,138,0.138,0.15707959768548607
764,882,118,0.118,0.17803317924121076
774,887,113,0.113,0.19290217858925462
674,837,163,0.163,0.19535962097719312
704,852,148,0.148,0.20586849427223206
748,874,126,0.126,0.2345752366259694
780,890,110,0.11,0.23655249127000572
762,881,119,0.119,0.2348557292446494
766,883,117,0.117,0.23334677999616543
726,863,137,0.137,0.265199025221169
794,897,103,0.103,0.24318446694019372
700,850,150,0.15,0.26922754211723804
840,920,80,0.08,0.24838902934640647
758,879,121,0.121,0.29403195933997633
710,855,145,0.145,0.31138829415291547
774,887,113,0.113,0.300235476128757
738,869,131,0.131,0.3044124679788947
732,866,134,0.134,0.28987539805471896
734,867,133,0.133,0.27648162937164306
738,869,131,0.131,0.27664280173182487
778,889,111,0.111,0.2672995851635933
734,867,133,0.133,0.2701619687939528
704,852,148,0.148,0.27583071338385345
760,880,120,0.12,0.2724161948040128
718,859,141,0.141,0.26989007999375464
744,872,128,0.128,0.29157874520123006
766,883,117,0.117,0.2919308409243822
760,880,120,0.12,0.29603474476188424
716,858,142,0.142,0.30835949152708053
754,877,123,0.123,0.26628833984583616
714,857,143,0.143,0.2679730866241443
762,881,119,0.119,0.2671326721608639
752,876,124,0.124,0.2677405406832695
802,901,99,0.099,0.27597571398317816
754,877,123,0.123,0.28734282530425115
764,882,118,0.118,0.2952052803337574
670,835,165,0.165,0.31015855020284655
732,866,134,0.134,0.30508328548818825
796,898,102,0.102,0.2823109058588743
776,888,112,0.112,0.28424948222190144
766,883,117,0.117,0.2825326020643115
738,869,131,0.131,0.27673932289052755
750,875,125,0.125,0.2852954833731055
776,888,112,0.112,0.2845885385647416
722,861,139,0.139,0.29542681396007536
764,882,118,0.118,0.323461834192276
724,862,138,0.138,0.3253457578718662
750,875,125,0.125,0.3265440815985203
736,868,132,0.132,0.3371904089152813
746,873,127,0.127,0.294138567186892
776,888,112,0.112,0.2849533993676305
808,904,96,0.096,0.2770444499030709
816,908,92,0.092,0.2676127022579312
832,916,84,0.084,0.2141047679260373
814,907,93,0.093,0.21755312413908542
818,909,91,0.091,0.20971836856007575
846,923,77,0.077,0.20758974878117442
794,897,103,0.103,0.23490642410623683
772,886,114,0.114,0.24508743550628423
766,883,117,0.117,0.24647163635119795
742,871,129,0.129,0.2809938555881381
750,875,125,0.125,0.3463093399256468
726,863,137,0.137,0.3657821584641933
774,887,113,0.113,0.3605819927603006
706,853,147,0.147,0.3599457120299339
750,875,125,0.125,0.35656368409097194
772,886,114,0.114,0.35142366227507593
768,884,116,0.116,0.35741912449896335
680,840,160,0.16,0.38202578470110893
758,879,121,0.121,0.3434265464693308
766,883,117,0.117,0.34278474205732345
756,878,122,0.122,0.33781014040112495
758,879,121,0.121,0.33994803404808044
724,862,138,0.138,0.35660316100716594
704,852,148,0.148,0.38110421389341353
752,876,124,0.124,0.3814857822358608
728,864,136,0.136,0.41407579073309897
740,870,130,0.13,0.4164041139185429
798,899,101,0.101,0.4059925628602505
742,871,129,0.129,0.3911442985981703
776,888,112,0.112,0.37866728808730843
782,891,109,0.109,0.38192983862012625
760,880,120,0.12,0.3916229374855757
804,902,98,0.098,0.4051834441721439
792,896,104,0.104,0.4519029212296009
794,897,103,0.103,0.5001795715689659
694,847,153,0.153,0.5363622569143772
696,848,152,0.152,0.5493154585063458
788,894,106,0.106,0.5528502163589001
792,896,104,0.104,0.5480928594768048
768,884,116,0.116,0.5513536377549172
754,877,123,0.123,0.5370908569757302
756,878,122,0.122,0.526726951956749
772,886,114,0.114,0.5396040378212928
736,868,132,0.132,0.5545075150579032
784,892,108,0.108,0.5729354003369809
738,869,131,0.131,0.5988868672251701
732,866,134,0.134,0.6048725896477699
716,858,142,0.142,0.6097486893236637
730,865,135,0.135,0.6241906515061856
724,862,138,0.138,0.6281340125501156
720,860,140,0.14,0.6313292150162161
690,845,155,0.155,0.6367816498875618
746,873,127,0.127,0.6340197054445743
740,870,130,0.13,0.6491462080776691
782,891,109,0.109,0.6526325510144234
712,856,144,0.144,0.6554119820073246
724,862,138,0.138,0.658540578365326
728,864,136,0.136,0.6798175813853741
732,866,134,0.134,0.6825230651199817
732,866,134,0.134,0.6809755502939224
746,873,127,0.127,0.7016515616178512
702,851,149,0.149,0.7099906272292137
756,878,122,0.122,0.6951183323264122
776,888,112,0.112,0.6929268861206946
738,869,131,0.131,0.6625615223646164
734,867,133,0.133,0.6112647292613983
738,869,131,0.131,0.5932413390874862
792,896,104,0.104,0.581853381127119
720,860,140,0.14,0.5833518949151039
724,862,138,0.138,0.644156714707613
758,879,121,0.121,0.6656782886236906
714,857,143,0.143,0.6719730842113495
774,887,113,0.113,0.717383914232254
754,877,123,0.123,0.7388409077525139
738,869,131,0.131,0.7336173555254937
720,860,140,0.14,0.7377300354838371
744,872,128,0.128,0.7160473461095244
790,895,105,0.105,0.6979926560521126
806,903,97,0.097,0.7029509177475702
708,854,146,0.146,0.7150761733651161
782,891,109,0.109,0.7257353330887855
722,861,139,0.139,0.7420457207560539
772,886,114,0.114,0.734559505879879
784,892,108,0.108,0.7314953821897506
750,875,125,0.125,0.7132698537707329
808,904,96,0.096,0.6789596863687039
678,839,161,0.161,0.6835370225012303
800,900,100,0.1,0.6605580503940582
756,878,122,0.122,0.6473446821570397
728,864,136,0.136,0.6422873882576823
764,882,118,0.118,0.6423924198746681
786,893,107,0.107,0.6461941882371902
762,881,119,0.119,0.6495228605568409
778,889,111,0.111,0.6429711135923862
766,883,117,0.117,0.64307145434618
760,880,120,0.12,0.6361535685658455
708,854,146,0.146,0.6502269446253777
702,851,149,0.149,0.6655058600008488
762,881,119,0.119,0.67471572047472
816,908,92,0.092,0.6818877624869346
754,877,123,0.123,0.6953892387747764
718,859,141,0.141,0.7159756473898887
780,890,110,0.11,0.7173078154325485
766,883,117,0.117,0.7234216378927231
682,841,159,0.159,0.7471145282387733
712,856,144,0.144,0.7360717519521713
744,872,128,0.128,0.7287172331213951
758,879,121,0.121,0.729561192035675
768,884,116,0.116,0.7158538711667061
734,867,133,0.133,0.6951453024744988
736,868,132,0.132,0.676601276576519
728,864,136,0.136,0.6674865317195654
758,879,121,0.121,0.670275025844574
764,882,118,0.118,0.6522154634594918
788,894,106,0.106,0.6462391861081124
728,864,136,0.136,0.6465725013315677
746,873,127,0.127,0.6411292589902878
752,876,124,0.124,0.6142111622989178
740,870,130,0.13,0.5817328895628452
796,898,102,0.102,0.49786872470378873
722,861,139,0.139,0.5192962670028209
702,851,149,0.149,0.44819156220555306
806,903,97,0.097,0.39443768876791
778,889,111,0.111,0.33758985767160105
772,886,114,0.114,0.3425733975172043
752,876,124,0.124,0.3279606369137764
750,875,125,0.125,0.3109930884838104
780,890,110,0.11,0.2971218362590298
790,895,105,0.105,0.2922587221413851
778,889,111,0.111,0.2726936526224017
834,917,83,0.083,0.24206578340625856
736,868,132,0.132,0.19475954630598427
808,904,96,0.096,0.1811010360941291
780,890,110,0.11,0.16635457254201175
764,882,118,0.118,0.1667013318501413
724,862,138,0.138,0.1783518427684903
782,891,109,0.109,0.17424351194500923
768,884,116,0.116,0.1760148297920823
772,886,114,0.114,0.17149535870586988
770,885,115,0.115,0.1646743917032145
756,878,122,0.122,0.15476650006324055
822,911,89,0.089,0.1429806981757283
770,885,115,0.115,0.15237256994843482
738,869,131,0.131,0.14902838069759314
768,884,116,0.116,0.15787709799408914
758,879,121,0.121,0.15331810541078447
726,863,137,0.137,0.16665498449653388
748,874,126,0.126,0.17148112551122904
736,868,132,0.132,0.16994771233201028
820,910,90,0.09,0.16750678832829
694,847,153,0.153,0.17235540845245123
738,869,131,0.131,0.15196461897343397
790,895,105,0.105,0.1369692176245153
808,904,96,0.096,0.13672896344587207
808,904,96,0.096,0.12701575550623237
822,911,89,0.089,0.1065311642177403
746,873,127,0.127,0.11179617736488581
774,887,113,0.113,0.11485623697564006
740,870,130,0.13,0.11924310810491442
790,895,105,0.105,0.11557677676156163
698,849,151,0.151,0.13105216379091145
822,911,89,0.089,0.10661140664294362
804,902,98,0.098,0.10912192039936781
754,877,123,0.123,0.09940209047868848
726,863,137,0.137,0.09969735072180629
812,906,94,0.094,0.09933156920410692
718,859,141,0.141,0.10741152826324105
730,865,135,0.135,0.10641239222325384
796,898,102,0.102,0.09412052983045578
840,920,80,0.08,0.0875011419467628
764,882,118,0.118,0.094780817322433
798,899,101,0.101,0.08005306981084868
718,859,141,0.141,0.0885020152553916
728,864,136,0.136,0.08975772665068507
798,899,101,0.101,0.08506390457972884
748,874,126,0.126,0.09082430543377995
738,869,131,0.131,0.09059565008059144
784,892,108,0.108,0.083102866217494
736,868,132,0.132,0.08009867457486688
826,913,87,0.087,0.06751670374162495
820,910,90,0.09,0.06123408021591605
742,871,129,0.129,0.0667263893915806
760,880,120,0.12,0.06985889210458845
780,890,110,0.11,0.0699984084982425
700,850,150,0.15,0.07840046587213874
758,879,121,0.121,0.07028154463134706
764,882,118,0.118,0.07106648133695126
740,870,130,0.13,0.06499167675338685
768,884,116,0.116,0.06308382563758641
738,869,131,0.131,0.06243955431319773
732,866,134,0.134,0.05942795887775719
636,818,182,0.182,0.07634522414766252
796,898,102,0.102,0.06761538578756153
794,897,103,0.103,0.06982712823152543
736,868,132,0.132,0.07154060616157949
696,848,152,0.152,0.07213203320652246
784,892,108,0.108,0.060920808366499844
804,902,98,0.098,0.049568317017394295
766,883,117,0.117,0.04751591079309583
854,927,73,0.073,0.03984053881000727
740,870,130,0.13,0.04999080570344813
696,848,152,0.152,0.05864037084532902
788,894,106,0.106,0.060545901037929624
790,895,105,0.105,0.0588045769482851
728,864,136,0.136,0.06114806385664269
786,893,107,0.107,0.05592925210586691
732,866,134,0.134,0.04718357281666249
758,879,121,0.121,0.04110752212908119
762,881,119,0.119,0.04436750933527946
766,883,117,0.117,0.04528365630190827
758,879,121,0.121,0.05128493673540652
832,916,84,0.084,0.04937219431251288
774,887,113,0.113,0.05483170352689922
680,840,160,0.16,0.0581187460962683
814,907,93,0.093,0.05088061850146032
780,890,110,0.11,0.054949542802758516
746,873,127,0.127,0.05395389125030489
736,868,132,0.132,0.05632449163869023
728,864,136,0.136,0.04442044076323509
750,875,125,0.125,0.04395086205331609
756,878,122,0.122,0.042215426923707125
810,905,95,0.095,0.04378788764588535
750,875,125,0.125,0.05263667592033744
780,890,110,0.11,0.05172115131933242
796,898,102,0.102,0.05392470601014793
738,869,131,0.131,0.05468700837064534
778,889,111,0.111,0.04418083901237697
770,885,115,0.115,0.04023273927904666
724,862,138,0.138,0.04492272151866928
710,855,145,0.145,0.049588061671704056
804,902,98,0.098,0.054040579872205854
816,908,92,0.092,0.053438473514281215
726,863,137,0.137,0.0638813708126545
754,877,123,0.123,0.0547982465159148
814,907,93,0.093,0.044305224996060134
776,888,112,0.112,0.04938249717839062
706,853,147,0.147,0.056153682687319816
744,872,128,0.128,0.05269879407994449
762,881,119,0.119,0.05851427174638957
778,889,111,0.111,0.05406092511101451
812,906,94,0.094,0.0584187029376626
780,890,110,0.11,0.05847354474135659
796,898,102,0.102,0.04627226446010172
760,880,120,0.12,0.0460327651500702
790,895,105,0.105,0.04497377494955435
802,901,99,0.099,0.03879457374298727
768,884,116,0.116,0.060580733604729174
746,873,127,0.127,0.06439752796571702
814,907,93,0.093,0.058223372500389815
676,838,162,0.162,0.07279011616946082
778,889,111,0.111,0.08203695848211646
782,891,109,0.109,0.08274052875675261
782,891,109,0.109,0.07952785815112293
732,866,134,0.134,0.08069746601395308
784,892,108,0.108,0.07460083704255521
744,872,128,0.128,0.07647541997581721
706,853,147,0.147,0.08087007664889097
766,883,117,0.117,0.07004890058748424
816,908,92,0.092,0.07959502573497593
798,899,101,0.101,0.08158500828407705
744,872,128,0.128,0.08405841375514865
772,886,114,0.114,0.0842940945327282
796,898,102,0.102,0.07273309590481222
772,886,114,0.114,0.07990450087304521
820,910,90,0.09,0.07970629794150591
756,878,122,0.122,0.09077989933453501
810,905,95,0.095,0.08241389146819711
762,881,119,0.119,0.08776542517729104
736,868,132,0.132,0.08647726429253817
770,885,115,0.115,0.08464219567924738
796,898,102,0.102,0.09046166672185063
750,875,125,0.125,0.09721450713276863
774,887,113,0.113,0.09645659746602178
732,866,134,0.134,0.1026537028439343
770,885,115,0.115,0.1137431810721755
714,857,143,0.143,0.11615408597385976
814,907,93,0.093,0.11077656883373857
760,880,120,0.12,0.11850795963034033
810,905,95,0.095,0.11038350098580121
770,885,115,0.115,0.11882004798795791
694,847,153,0.153,0.12089683037437499
748,874,126,0.126,0.11574011292681098
722,861,139,0.139,0.14398075602879545
742,871,129,0.129,0.15066647873446345
702,851,149,0.149,0.16626629180833696
702,851,149,0.149,0.1810099489837885
756,878,122,0.122,0.17506537808594788
754,877,123,0.123,0.17643114570528268
730,865,135,0.135,0.16710820652544497
760,880,120,0.12,0.14832736585661768
784,892,108,0.108,0.12740440293960273
774,887,113,0.113,0.12899043568596244
758,879,121,0.121,0.13041686232574284
810,905,95,0.095,0.13479480320215226
748,874,126,0.126,0.16499057584628463
742,871,129,0.129,0.17212713429704307
772,886,114,0.114,0.17556949745398015
786,893,107,0.107,0.17901454727351665
792,896,104,0.104,0.1680824284059927
676,838,162,0.162,0.18530353528261184
820,910,90,0.09,0.16194673611223698
742,871,129,0.129,0.16859309463202954
802,901,99,0.099,0.16328691361844538
788,894,106,0.106,0.16718881671503186
752,876,124,0.124,0.1679823084771633
792,896,104,0.104,0.15958046916127205
768,884,116,0.116,0.1620070450156927
808,904,96,0.096,0.15648191726021468
770,885,115,0.115,0.15756524111330508
710,855,145,0.145,0.17163870556652547
776,888,112,0.112,0.17431672437489032
732,866,134,0.134,0.17743667775392533
750,875,125,0.125,0.1825416094213724
748,874,126,0.126,0.18335158175230026
744,872,128,0.128,0.17607496447861196
748,874,126,0.126,0.16941016144305468
730,865,135,0.135,0.16691220266371964
754,877,123,0.123,0.16307340054214
728,864,136,0.136,0.1589590722694993
776,888,112,0.112,0.15445452070236207
766,883,117,0.117,0.15261834199726582
826,913,87,0.087,0.13330008686706424
724,862,138,0.138,0.14570934718102216
772,886,114,0.114,0.12587300711497665
790,895,105,0.105,0.12323706156387926
764,882,118,0.118,0.12882309571653605
772,886,114,0.114,0.13155197555199266
758,879,121,0.121,0.13052876811102032
716,858,142,0.142,0.1292620487064123
764,882,118,0.118,0.11021636886894703
820,910,90,0.09,0.10541648073494435
766,883,117,0.117,0.10747454259544612
756,878,122,0.122,0.10593514779396355
776,888,112,0.112,0.10443500522524118
778,889,111,0.111,0.10259921246021986
720,860,140,0.14,0.10395858672633768
744,872,128,0.128,0.1122935347110033
778,889,111,0.111,0.11472133337333798
784,892,108,0.108,0.10789022343605757
796,898,102,0.102,0.1057401218265295
774,887,113,0.113,0.10788818294554949
760,880,120,0.12,0.10881304217502474
780,890,110,0.11,0.10861790772154928
750,875,125,0.125,0.11526234813036519
762,881,119,0.119,0.12840962927043437
772,886,114,0.114,0.15871188839524986
752,876,124,0.124,0.15846412315964697
752,876,124,0.124,0.15688340386003255
778,889,111,0.111,0.15515777609497308
720,860,140,0.14,0.153245874106884
788,894,106,0.106,0.1482942586839199
738,869,131,0.131,0.15096737468242646
748,874,126,0.126,0.1422958165141754
798,899,101,0.101,0.13337372028082609
806,903,97,0.097,0.12576243167743087
696,848,152,0.152,0.1488463661894202
736,868,132,0.132,0.14158364471048115
744,872,128,0.128,0.14803998554497957
734,867,133,0.133,0.14997670585662126
782,891,109,0.109,0.14685781415551902
780,890,110,0.11,0.13943053326010704
788,894,106,0.106,0.12470902545377612
728,864,136,0.136,0.12951662063598632
730,865,135,0.135,0.12655830377038144
800,900,100,0.1,0.12401750648394227
750,875,125,0.125,0.13511753307282925
746,873,127,0.127,0.139925639256835
776,888,112,0.112,0.1393114893734455
742,871,129,0.129,0.1398790105059743
766,883,117,0.117,0.13958563143759967
782,891,109,0.109,0.14181793878413737
752,876,124,0.124,0.143196384832263
760,880,120,0.12,0.1490646052705124
788,894,106,0.106,0.16051479930302595
718,859,141,0.141,0.17110050559788942
792,896,104,0.104,0.1721144452020526
722,861,139,0.139,0.1788929327353835
752,876,124,0.124,0.1561714114062488
762,881,119,0.119,0.15330253630131482
740,870,130,0.13,0.14865686041861773
674,837,163,0.163,0.15560606263145746
800,900,100,0.1,0.16104090205579996
708,854,146,0.146,0.16776755187660455
788,894,106,0.106,0.17416286502033473
760,880,120,0.12,0.17854721819297992
792,896,104,0.104,0.16185087385587393
764,882,118,0.118,0.15978004342783242
786,893,107,0.107,0.1392913007810712
762,881,119,0.119,0.13966001460701227
760,880,120,0.12,0.12111267843129463
778,889,111,0.111,0.12165923565253615
766,883,117,0.117,0.13684700302407146
724,862,138,0.138,0.13988560305908324
712,856,144,0.144,0.15413523194938897
804,902,98,0.098,0.1472524628266692
772,886,114,0.114,0.1444866600856185
800,900,100,0.1,0.14279773146659136
848,924,76,0.076,0.1250340392254293
804,902,98,0.098,0.12833265923708678
726,863,137,0.137,0.1266695223748684
722,861,139,0.139,0.1292974816374481
822,911,89,0.089,0.1304605548940599
836,918,82,0.082,0.13369662043824793
810,905,95,0.095,0.1444966726526618
740,870,130,0.13,0.1571202763877809
776,888,112,0.112,0.14723284655809402
746,873,127,0.127,0.14830611027777196
732,866,134,0.134,0.16209274570643903
744,872,128,0.128,0.16028230748325586
752,876,124,0.124,0.1643610100373626
796,898,102,0.102,0.16269968888908626
724,862,138,0.138,0.16591990514099597
720,860,140,0.14,0.16894841480627656
774,887,113,0.113,0.16462989380769433
730,865,135,0.135,0.1745682699121535
732,866,134,0.134,0.1815121893286705
732,866,134,0.134,0.18097183683514595
768,884,116,0.116,0.1786618313193321
780,890,110,0.11,0.17678633808344602
744,872,128,0.128,0.1614476586021483
764,882,118,0.118,0.16062256790697574
816,908,92,0.092,0.14570396848767997
780,890,110,0.11,0.1473446943066083
740,870,130,0.13,0.16414814146608114
740,870,130,0.13,0.1642723663598299
784,892,108,0.108,0.17310322169214487
724,862,138,0.138,0.18075198256969452
758,879,121,0.121,0.1835529804416001
696,848,152,0.152,0.17943165980279446
748,874,126,0.126,0.17237066467106343
698,849,151,0.151,0.18081176691502332
794,897,103,0.103,0.14579058197140693
776,888,112,0.112,0.14754613203927874
766,883,117,0.117,0.14284382428927347
726,863,137,0.137,0.1411860429942608
718,859,141,0.141,0.16630404951423405
758,879,121,0.121,0.16788177908957005
726,863,137,0.137,0.18202730286866425
768,884,116,0.116,0.18155703446269036
708,854,146,0.146,0.17086376179009677
778,889,111,0.111,0.1650881137251854
736,868,132,0.132,0.15741709202714266
728,864,136,0.136,0.16279021479561925
802,901,99,0.099,0.14272238255292177
756,878,122,0.122,0.14616143736988307
776,888,112,0.112,0.14527443827688694
718,859,141,0.141,0.15814165396243335
764,882,118,0.118,0.16804626446962356
748,874,126,0.126,0.17789796262979507
818,909,91,0.091,0.1642491286098957
788,894,106,0.106,0.16718818909674882
690,845,155,0.155,0.19665669774403796
710,855,145,0.145,0.20527550610899925
778,889,111,0.111,0.19898044864833356
782,891,109,0.109,0.2032946626804769
736,868,132,0.132,0.26419808408617973
760,880,120,0.12,0.26008273385465147
730,865,135,0.135,0.25502176737785337
726,863,137,0.137,0.2622781526595354
714,857,143,0.143,0.24374764765053988
764,882,118,0.118,0.229517874866724
712,856,144,0.144,0.23793403242528438
712,856,144,0.144,0.23333759895712136
780,890,110,0.11,0.2096624548463733
740,870,130,0.13,0.22233555384725331
764,882,118,0.118,0.21330645744502544
714,857,143,0.143,0.2214626181035901
744,872,128,0.128,0.21194549461454154
704,852,148,0.148,0.2197333280071616
812,906,94,0.094,0.19132792613655328
770,885,115,0.115,0.20259204579889775
816,908,92,0.092,0.15117169391736388
726,863,137,0.137,0.16088644129782914
804,902,98,0.098,0.1490837113931775
802,901,99,0.099,0.15652569365501404
762,881,119,0.119,0.13774417980387807
796,898,102,0.102,0.128345329657197
742,871,129,0.129,0.14404265146702527
800,900,100,0.1,0.1363944934643805
860,930,70,0.07,0.14168418368697167
752,876,124,0.124,0.1552394427470863
796,898,102,0.102,0.1473749026581645
722,861,139,0.139,0.15280840419232844
734,867,133,0.133,0.14401380464807154
706,853,147,0.147,0.14273786586523057
744,872,128,0.128,0.1409573548361659
752,876,124,0.124,0.1416864222176373
764,882,118,0.118,0.1425307181738317
754,877,123,0.123,0.1365081286355853
804,902,98,0.098,0.1340760450400412
758,879,121,0.121,0.12830759849771858
784,892,108,0.108,0.09871908977429666
766,883,117,0.117,0.09751752805709839
772,886,114,0.114,0.10231413348950445
828,914,86,0.086,0.10316325755417347
784,892,108,0.108,0.11587620134279132
766,883,117,0.117,0.12084920598194003
764,882,118,0.118,0.12373958040773869
782,891,109,0.109,0.11478267816454173
772,886,114,0.114,0.10159872732311487
842,921,79,0.079,0.09575390118360519
760,880,120,0.12,0.1007816730774939
734,867,133,0.133,0.0949562274453369
768,884,116,0.116,0.0886769567988813
778,889,111,0.111,0.09372977348417044
852,926,74,0.074,0.08688223621621728
718,859,141,0.141,0.11123132372647523
786,893,107,0.107,0.12093729547411203
786,893,107,0.107,0.12768042777851224
794,897,103,0.103,0.12547483110800386
688,844,156,0.156,0.13334006839929605
754,877,123,0.123,0.11423770224198289
720,860,140,0.14,0.11567688340693712
780,890,110,0.11,0.10376929563283921
782,891,109,0.109,0.10601030303910375
736,868,132,0.132,0.11416980040445923
782,891,109,0.109,0.11203655361384153
760,880,120,0.12,0.11292067072540522
732,866,134,0.134,0.11122508775815368
730,865,135,0.135,0.11379391034692526
738,869,131,0.131,0.12341533466801047
848,924,76,0.076,0.1013881533704698
718,859,141,0.141,0.1111932517066598
744,872,128,0.128,0.10555504712089896
750,875,125,0.125,0.09772005815804005
776,888,112,0.112,0.08926122200861573
754,877,123,0.123,0.08578996771760285
786,893,107,0.107,0.08963911741599441
772,886,114,0.114,0.09172122379392386
740,870,130,0.13,0.10092630377094611
742,871,129,0.129,0.10293852975964546
736,868,132,0.132,0.10075893217884004
772,886,114,0.114,0.09807451440393924
734,867,133,0.133,0.09404833464345029
770,885,115,0.115,0.09371944417245687
764,882,118,0.118,0.09586605392023921
746,873,127,0.127,0.09199996803328395
824,912,88,0.088,0.09264544705301524
688,844,156,0.156,0.09579367376118898
750,875,125,0.125,0.09297421705536545
780,890,110,0.11,0.09291006440296769
780,890,110,0.11,0.0998817389998585
796,898,102,0.102,0.09480610848404467
692,846,154,0.154,0.10742084123939277
744,872,128,0.128,0.09899826914258301
766,883,117,0.117,0.09480363066121936
784,892,108,0.108,0.09626174751669168
792,896,104,0.104,0.10164110896410421
800,900,100,0.1,0.10006870963796974
802,901,99,0.099,0.0933249462917447
790,895,105,0.105,0.09247342612966895
756,878,122,0.122,0.0988068566210568
730,865,135,0.135,0.10087985269725323
782,891,109,0.109,0.10948885316250381
746,873,127,0.127,0.13903616991266607
802,901,99,0.099,0.12448764864727854
686,843,157,0.157,0.1468485304452479
762,881,119,0.119,0.12239902905374765
756,878,122,0.122,0.11728045580908657
794,897,103,0.103,0.1079430032633245
784,892,108,0.108,0.1112712880373001
798,899,101,0.101,0.11315899520367384
762,881,119,0.119,0.11732524319365621
726,863,137,0.137,0.11271926655620336
774,887,113,0.113,0.11812157658860087
802,901,99,0.099,0.10695134504511952
788,894,106,0.106,0.09612631510943175
748,874,126,0.126,0.10330614901334047
802,901,99,0.099,0.09123095401376485
774,887,113,0.113,0.08950026528164744
748,874,126,0.126,0.09759932823479175
780,890,110,0.11,0.10314995563402772
752,876,124,0.124,0.10209940411522984
738,869,131,0.131,0.11022445860505103
758,879,121,0.121,0.11017031517997398
840,920,80,0.08,0.09351750308492046
734,867,133,0.133,0.0985981031563133
750,875,125,0.125,0.08830676293745637
738,869,131,0.131,0.07605010087415576
734,867,133,0.133,0.07433149201192284
774,887,113,0.113,0.07521855646185577
700,850,150,0.15,0.08241743573732674
776,888,112,0.112,0.08316793201491236
742,871,129,0.129,0.08604777250718325
740,870,130,0.13,0.08641817459650337
760,880,120,0.12,0.08470870499312878
808,904,96,0.096,0.05854412465821952
752,876,124,0.124,0.06034557084739208
802,901,99,0.099,0.051755742833949625
742,871,129,0.129,0.05016041129035877
738,869,131,0.131,0.05517517822980881
814,907,93,0.093,0.05206463487166913
834,917,83,0.083,0.047883328264579174
794,897,103,0.103,0.06010800625383854
728,864,136,0.136,0.0623536642710751
716,858,142,0.142,0.06443088024668396
772,886,114,0.114,0.06103774980548769
870,935,65,0.065,0.05250221202336252
762,881,119,0.119,0.06137322024255991
754,877,123,0.123,0.05727031755643111
770,885,115,0.115,0.05561964822839945
758,879,121,0.121,0.05143128121644259
818,909,91,0.091,0.050864950419403615
706,853,147,0.147,0.05680026542488486
762,881,119,0.119,0.0657047033496201
772,886,114,0.114,0.07122905289381742
792,896,104,0.104,0.0721201838683337
750,875,125,0.125,0.07782588889077306
748,874,126,0.126,0.0751991920825094
746,873,127,0.127,0.07283313815840867
694,847,153,0.153,0.07197103416273466
816,908,92,0.092,0.06476696114987135
722,861,139,0.139,0.0732238389835693
784,892,108,0.108,0.06751734551414848
752,876,124,0.124,0.07233957734890283
718,859,141,0.141,0.07882085016928614
804,902,98,0.098,0.07453556498885155
738,869,131,0.131,0.08004680061154068
688,844,156,0.156,0.08375743091665208
786,893,107,0.107,0.07307895783707499
784,892,108,0.108,0.06741984533518552
804,902,98,0.098,0.06955469773337244
744,872,128,0.128,0.08009348879009486
764,882,118,0.118,0.0887155434396118
736,868,132,0.132,0.08555899780988693
776,888,112,0.112,0.07904684168845415
802,901,99,0.099,0.07197824777697678
740,870,130,0.13,0.07474004290997982
754,877,123,0.123,0.06839681318681687
766,883,117,0.117,0.06338395342603326
708,854,146,0.146,0.06963209120929241
802,901,99,0.099,0.060694470824673774
728,864,136,0.136,0.06295827214233578
776,888,112,0.112,0.07089371362018602
790,895,105,0.105,0.06966835925355554
680,840,160,0.16,0.07940259257517755
792,896,104,0.104,0.06310646557621657
804,902,98,0.098,0.05033730856667535
800,900,100,0.1,0.0513625872656703
790,895,105,0.105,0.047710629691369834
738,869,131,0.131,0.05226944511011243
722,861,139,0.139,0.05605022153444588
744,872,128,0.128,0.05818225027248263
770,885,115,0.115,0.06805716693587602
788,894,106,0.106,0.06557451653108001
808,904,96,0.096,0.06585419542901218
748,874,126,0.126,0.07482756797969341
812,906,94,0.094,0.06268843147078587
818,909,91,0.091,0.055458770889788865
790,895,105,0.105,0.0546331707405916
706,853,147,0.147,0.06195809826441109
802,901,99,0.099,0.05489263258688152
772,886,114,0.114,0.07619262007065117
732,866,134,0.134,0.09219308089278638
768,884,116,0.116,0.09595829494670033
780,890,110,0.11,0.09536269277706742
736,868,132,0.132,0.10248456143960356
768,884,116,0.116,0.09675507155503146
738,869,131,0.131,0.09420309155061841
744,872,128,0.128,0.09656867927225539
798,899,101,0.101,0.08899910664744676
766,883,117,0.117,0.0881581919696182
746,873,127,0.127,0.0963002763378081
780,890,110,0.11,0.0959279447607696
724,862,138,0.138,0.08956837597466073
768,884,116,0.116,0.08862791302792902
798,899,101,0.101,0.0864231563359499
772,886,114,0.114,0.08975327818095684
682,841,159,0.159,0.11022331785410643
706,853,147,0.147,0.122007534917444
760,880,120,0.12,0.11741383809223771
754,877,123,0.123,0.13064073427766562
834,917,83,0.083,0.12429586433991789
764,882,118,0.118,0.12392007159441709
748,874,126,0.126,0.12183754702843726
778,889,111,0.111,0.11582555058598519
704,852,148,0.148,0.11857690511271357
776,888,112,0.112,0.11312143764272332
738,869,131,0.131,0.11817490157112479
756,878,122,0.122,0.1229142433591187
760,880,120,0.12,0.13337195092812182
732,866,134,0.134,0.1305530646517873
782,891,109,0.109,0.12708606637641787
686,843,157,0.157,0.12666946705803275
736,868,132,0.132,0.09739854395715519
696,848,152,0.152,0.1043126680329442
740,870,130,0.13,0.10486725056543947
818,909,91,0.091,0.09728941044956446
770,885,115,0.115,0.10906250245869159
774,887,113,0.113,0.10911939423531294
792,896,104,0.104,0.10626625348627568
734,867,133,0.133,0.11080521964281798
740,870,130,0.13,0.1068914428241551
822,911,89,0.089,0.09227246850729014
766,883,117,0.117,0.10233879046142101
770,885,115,0.115,0.09527841256558896
762,881,119,0.119,0.10925585832446813
734,867,133,0.133,0.10835874855145812
750,875,125,0.125,0.11196195248141885
778,889,111,0.111,0.108658831294626
740,870,130,0.13,0.114410316221416
756,878,122,0.122,0.10666989949159324
792,896,104,0.104,0.10169077698141336
752,876,124,0.124,0.10676142629235982
784,892,108,0.108,0.10960667793871835
828,914,86,0.086,0.1080704842172563
816,908,92,0.092,0.10617671587432183
766,883,117,0.117,0.10966035264916718
792,896,104,0.104,0.10479699737951159
750,875,125,0.125,0.104482246870175
790,895,105,0.105,0.10285212168190629
806,903,97,0.097,0.1046226804740727
776,888,112,0.112,0.10851707251742482
796,898,102,0.102,0.11242191975937144
748,874,126,0.126,0.1148745533041656
796,898,102,0.102,0.1120239686742425
760,880,120,0.12,0.12250942307338118
774,887,113,0.113,0.12113484600931405
790,895,105,0.105,0.12022486484050751
684,842,158,0.158,0.13465681475400926
726,863,137,0.137,0.1411539197564125
794,897,103,0.103,0.13134999487549068
826,913,87,0.087,0.13891739895939828
762,881,119,0.119,0.14399356984347106
726,863,137,0.137,0.14553449180722236
770,885,115,0.115,0.1465726689362491
714,857,143,0.143,0.14741847578436137
774,887,113,0.113,0.14260897355264013
732,866,134,0.134,0.14851159501820801
750,875,125,0.125,0.1414303277854342
766,883,117,0.117,0.13878582836687564
768,884,116,0.116,0.13301158314198255
682,841,159,0.159,0.13936996727436782
798,899,101,0.101,0.1254145471919328
746,873,127,0.127,0.13444912786781787
764,882,118,0.118,0.13722041734680535
808,904,96,0.096,0.1869404192343354
714,857,143,0.143,0.20136881685256958
800,900,100,0.1,0.1941824535727501
734,867,133,0.133,0.20479909490048887
746,873,127,0.127,0.23953237664699553
730,865,135,0.135,0.24681567580997943
758,879,121,0.121,0.2667163653448224
746,873,127,0.127,0.30938190034776925
742,871,129,0.129,0.3914657987356186
720,860,140,0.14,0.405489062577486
760,880,120,0.12,0.40766187945008275
686,843,157,0.157,0.4277776512913406
746,873,127,0.127,0.4093006252646446
742,871,129,0.129,0.3977909708470106
798,899,101,0.101,0.38055131982266904
748,874,126,0.126,0.3440923098027706
828,914,86,0.086,0.2884245876148343
822,911,89,0.089,0.28873716285824774
746,873,127,0.127,0.29234931054711344
744,872,128,0.128,0.2944119978547096
764,882,118,0.118,0.30161324264109135
768,884,116,0.116,0.30380651757121085
810,905,95,0.095,0.29533105504512785
744,872,128,0.128,0.2912693889886141
796,898,102,0.102,0.24464474771916866
756,878,122,0.122,0.2507084348127246
788,894,106,0.106,0.21917490711808205
816,908,92,0.092,0.20193588993698358
764,882,118,0.118,0.20777863737940788
776,888,112,0.112,0.20818537320941688
818,909,91,0.091,0.20665989235049503
784,892,108,0.108,0.2112678573653102
770,885,115,0.115,0.19331867277622222
750,875,125,0.125,0.19411663636565207
804,902,98,0.098,0.16760294588655233
764,882,118,0.118,0.15455888019502162
778,889,111,0.111,0.14330786737427115
810,905,95,0.095,0.14196758475899696
760,880,120,0.12,0.14398731008917093
762,881,119,0.119,0.15151954893046057
742,871,129,0.129,0.16724290854483842
732,866,134,0.134,0.17067762745916842
720,860,140,0.14,0.1721819460839033
814,907,93,0.093,0.15273980935662984
788,894,106,0.106,0.1504491086869507
738,869,131,0.131,0.1478802703882975
750,875,125,0.125,0.13181069820933045
728,864,136,0.136,0.11402077913656905
784,892,108,0.108,0.10349957860261202
818,909,91,0.091,0.10630493768677116
796,898,102,0.102,0.12977102094516157
800,900,100,0.1,0.16224378544837237
716,858,142,0.142,0.17902004570513963
804,902,98,0.098,0.16668764778971673
810,905,95,0.095,0.1677272474244237
736,868,132,0.132,0.15797387352585793
764,882,118,0.118,0.15065290689468383
716,858,142,0.142,0.15406921727582812
748,874,126,0.126,0.1587051389769913
786,893,107,0.107,0.17481404266506434
754,877,123,0.123,0.17925534396618606
842,921,79,0.079,0.16916428923606872
744,872,128,0.128,0.1814544041901827
804,902,98,0.098,0.15817987456172705
794,897,103,0.103,0.15952353007346393
724,862,138,0.138,0.1698660119175911
762,881,119,0.119,0.1614882036447525
780,890,110,0.11,0.1685312669724226
806,903,97,0.097,0.16614182361774146
770,885,115,0.115,0.17160331573337317
766,883,117,0.117,0.16848360278457403
780,890,110,0.11,0.13563173040375112
828,914,86,0.086,0.1289651252143085
766,883,117,0.117,0.12575581741333008
738,869,131,0.131,0.1441896818764508
752,876,124,0.124,0.16211544995754956
750,875,125,0.125,0.1594990570768714
774,887,113,0.113,0.1769622835814953
764,882,118,0.118,0.18412966967374086
778,889,111,0.111,0.18226976196467876
784,892,108,0.108,0.1738328526392579
728,864,136,0.136,0.1782962672635913
798,899,101,0.101,0.1852693812176585
758,879,121,0.121,0.1974830398261547
774,887,113,0.113,0.1969555904811714
764,882,118,0.118,0.20305646900087596
730,865,135,0.135,0.19982679955661298
818,909,91,0.091,0.18796997540444135
732,866,134,0.134,0.1955513386618477
702,851,149,0.149,0.22178910122811793
754,877,123,0.123,0.22732265306264163
732,866,134,0.134,0.2452454334050417
778,889,111,0.111,0.2332435210198164
764,882,118,0.118,0.23698828618973494
774,887,113,0.113,0.21486792892217635
752,876,124,0.124,0.1964776955023408
764,882,118,0.118,0.18718566043674945
778,889,111,0.111,0.17722702061757445
710,855,145,0.145,0.18062967061252858
738,869,131,0.131,0.18579442935436963
790,895,105,0.105,0.1844763025045395
754,877,123,0.123,0.19530802904814482
748,874,126,0.126,0.18688614270393736
758,879,121,0.121,0.17801050554960965
748,874,126,0.126,0.17455287777632475
774,887,113,0.113,0.16186713465303182
762,881,119,0.119,0.16824653215706348
760,880,120,0.12,0.1721026168242097
744,872,128,0.128,0.1719032041579485
772,886,114,0.114,0.16310561855137348
770,885,115,0.115,0.15792370234429837
732,866,134,0.134,0.15641803900152446
774,887,113,0.113,0.15991099455207586
766,883,117,0.117,0.19025616715848445
762,881,119,0.119,0.20110100749880075
752,876,124,0.124,0.20940028811991215
746,873,127,0.127,0.2170526534318924
768,884,116,0.116,0.22336107305437328
752,876,124,0.124,0.23238706935942172
720,860,140,0.14,0.23855459575355054
780,890,110,0.11,0.23040283638238906
744,872,128,0.128,0.20765450702607632
800,900,100,0.1,0.1975238391086459
784,892,108,0.108,0.19272354717552662
780,890,110,0.11,0.18838409856165528
790,895,105,0.105,0.1686879582181573
770,885,115,0.115,0.1707670975048095
788,894,106,0.106,0.17275263170152902
804,902,98,0.098,0.1711162238791585
770,885,115,0.115,0.1737148795723915
738,869,131,0.131,0.18381010990589858
746,873,127,0.127,0.1879163122586906
782,891,109,0.109,0.18568634901940823
780,890,110,0.11,0.2009159968420863
730,865,135,0.135,0.21026882352679968
716,858,142,0.142,0.21659291137754916
778,889,111,0.111,0.196067684026435
740,870,130,0.13,0.18944009587913752
682,841,159,0.159,0.19377631755918265
778,889,111,0.111,0.17962735537439584
788,894,106,0.106,0.17061715128970537
794,897,103,0.103,0.15836404357105494
826,913,87,0.087,0.15716248536109925
764,882,118,0.118,0.15052212104201318
778,889,111,0.111,0.14183162818849088
778,889,111,0.111,0.13243081851143707
752,876,124,0.124,0.13711921625211834
738,869,131,0.131,0.14864785151928664
780,890,110,0.11,0.14314783794432878
768,884,116,0.116,0.17080641126377943
784,892,108,0.108,0.1614953956604004
724,862,138,0.138,0.17536008316278456
780,890,110,0.11,0.1557189049683511
720,860,140,0.14,0.13229564216732978
738,869,131,0.131,0.1308590723350644
768,884,116,0.116,0.130265966668725
778,889,111,0.111,0.13509593178797513
700,850,150,0.15,0.17047174776345492
762,881,119,0.119,0.17466419035498984
738,869,131,0.131,0.16891267777234314
756,878,122,0.122,0.17092207888513802
786,893,107,0.107,0.14952714999765157
764,882,118,0.118,0.14750165079254657
732,866,134,0.134,0.15676066136360167
754,877,123,0.123,0.14842875420302154
768,884,116,0.116,0.13672649189829827
760,880,120,0.12,0.14478098785504698
802,901,99,0.099,0.136774538843335
766,883,117,0.117,0.14269637684524059
764,882,118,0.118,0.1663742742612958
728,864,136,0.136,0.18727252016216517
842,921,79,0.079,0.15800393699854612
740,870,130,0.13,0.17640146431088216
824,912,88,0.088,0.20497639917582272
740,870,130,0.13,0.22432749071717262
756,878,122,0.122,0.22915289841592312
762,881,119,0.119,0.23744140176009387
806,903,97,0.097,0.270256260201335
800,900,100,0.1,0.2798731153458357
814,907,93,0.093,0.2845415695067495
686,843,157,0.157,0.2969596272855997
706,853,147,0.147,0.34949627398699523
746,873,127,0.127,0.36569552852213383
792,896,104,0.104,0.36829617887677546
782,891,109,0.109,0.3787054029852152
790,895,105,0.105,0.3719959242939949
756,878,122,0.122,0.3652129596322775
730,865,135,0.135,0.3666961122494831
752,876,124,0.124,0.356167651668191
712,856,144,0.144,0.3448425664170645
684,842,158,0.158,0.3467001597136259
768,884,116,0.116,0.34647739501297475
794,897,103,0.103,0.3471235702335834
762,881,119,0.119,0.3617047619968653
744,872,128,0.128,0.365800567060709
686,843,157,0.157,0.3807914118953049
714,857,143,0.143,0.36787311640381815
756,878,122,0.122,0.39457365599274635
744,872,128,0.128,0.4080240927942205
742,871,129,0.129,0.4086790167838335
784,892,108,0.108,0.4120366472899914
760,880,120,0.12,0.4172109335064888
752,876,124,0.124,0.4074876548349857
690,845,155,0.155,0.4293338696360588
792,896,104,0.104,0.4212606143586818
742,871,129,0.129,0.4399517947137356
710,855,145,0.145,0.4578561635017395
776,888,112,0.112,0.4410831870717157
738,869,131,0.131,0.4598999415934086
762,881,119,0.119,0.47322744417190554
788,894,106,0.106,0.4683125012218952
700,850,150,0.15,0.47694494727253917
752,876,124,0.124,0.4654206544756889
796,898,102,0.102,0.44221259009838104
810,905,95,0.095,0.4161263556480408
802,901,99,0.099,0.39677520348131656
820,910,90,0.09,0.35371917840838435
794,897,103,0.103,0.3130022737085819
758,879,121,0.121,0.29632078245282173
728,864,136,0.136,0.29215261483192445
756,878,122,0.122,0.3007222902625799
792,896,104,0.104,0.30002547240257266
788,894,106,0.106,0.29600682280957696
786,893,107,0.107,0.2910408485978842
790,895,105,0.105,0.27312805166840554
744,872,128,0.128,0.2705484157651663
810,905,95,0.095,0.259493302822113
766,883,117,0.117,0.2762911586463451
698,849,151,0.151,0.2952886536419392
658,829,171,0.171,0.3085653828146169
802,901,99,0.099,0.3322163195963949
736,868,132,0.132,0.36123392574489116
782,891,109,0.109,0.3880378269702196
672,836,164,0.164,0.4135800269842148
806,903,97,0.097,0.4252889870107174
786,893,107,0.107,0.4459551221430302
810,905,95,0.095,0.46359929129481314
730,865,135,0.135,0.4761572889089584
782,891,109,0.109,0.49454797588661314
806,903,97,0.097,0.5195908061861992
776,888,112,0.112,0.5719203726947307
802,901,99,0.099,0.5778585466742515
826,913,87,0.087,0.6001591814160347
738,869,131,0.131,0.6228525222255302
714,857,143,0.143,0.6349319071769715
726,863,137,0.137,0.6323662749826908
738,869,131,0.131,0.6367502195835113
768,884,116,0.116,0.6394078941345215
806,903,97,0.097,0.6439725628197193
760,880,120,0.12,0.6501087893247605
742,871,129,0.129,0.6343110001087189
726,863,137,0.137,0.6158805033208337
728,864,136,0.136,0.5756651056706905
788,894,106,0.106,0.5621505116224289
752,876,124,0.124,0.5319371628761291
792,896,104,0.104,0.49285516908764837
760,880,120,0.12,0.4505740614235401
794,897,103,0.103,0.4214195817708969
796,898,102,0.102,0.39977104929089546
782,891,109,0.109,0.37000724160671233
780,890,110,0.11,0.3547566176354885
770,885,115,0.115,0.3635245719999075
792,896,104,0.104,0.3663180906112975
750,875,125,0.125,0.37833870223164556
808,904,96,0.096,0.3901386019438505
784,892,108,0.108,0.40915831172466277
792,896,104,0.104,0.41214551189541815
754,877,123,0.123,0.42126462680101395
774,887,113,0.113,0.424564088255167
776,888,112,0.112,0.4607258218228817
716,858,142,0.142,0.4748648533821106
756,878,122,0.122,0.47606788705289366
744,872,128,0.128,0.4847581595778465
748,874,126,0.126,0.494382423222065
758,879,121,0.121,0.49785195288062095
786,893,107,0.107,0.4948171038925648
758,879,121,0.121,0.5038136466443539
710,855,145,0.145,0.514678940743208
664,832,168,0.168,0.5202590792775154
766,883,117,0.117,0.5054824275374412
732,866,134,0.134,0.505008704662323
726,863,137,0.137,0.48279390624165536
758,879,121,0.121,0.48565752351284025
756,878,122,0.122,0.4652154493927956
698,849,151,0.151,0.46033556923270225
788,894,106,0.106,0.41029226008057595
712,856,144,0.144,0.4136222497522831
780,890,110,0.11,0.38586784636229277
764,882,118,0.118,0.38249983924627307
776,888,112,0.112,0.32400794938206673
776,888,112,0.112,0.32337208051979544
754,877,123,0.123,0.30786828227341173
758,879,121,0.121,0.31019641245667384
746,873,127,0.127,0.31959736853837967
812,906,94,0.094,0.3199871440124698
752,876,124,0.124,0.33072802843153476
738,869,131,0.131,0.3307096919417381
748,874,126,0.126,0.3092528965175152
702,851,149,0.149,0.321814532905817
762,881,119,0.119,0.3006466924510896
806,903,97,0.097,0.30305545419454577
734,867,133,0.133,0.3167973451763392
772,886,114,0.114,0.3209328690841794
820,910,90,0.09,0.325840162307024
756,878,122,0.122,0.33162332774698733
772,886,114,0.114,0.3689694964885712
788,894,106,0.106,0.36710023778304457
750,875,125,0.125,0.3783681896477938
784,892,108,0.108,0.3814202437847853
808,904,96,0.096,0.3952059174180031
746,873,127,0.127,0.4103548022210598
750,875,125,0.125,0.4081228992342949
788,894,106,0.106,0.416330983516993
718,859,141,0.141,0.433877099386821
810,905,95,0.095,0.41423266834020617
742,871,129,0.129,0.4256028896570206
736,868,132,0.132,0.4067697249650955
784,892,108,0.108,0.3739078675210476
798,899,101,0.101,0.3413430154621601
736,868,132,0.132,0.35258534249663354
748,874,126,0.126,0.3230653554648161
814,907,93,0.093,0.3042685836404562
746,873,127,0.127,0.3114463422000408
740,870,130,0.13,0.314035786062479
764,882,118,0.118,0.3147335229665041
766,883,117,0.117,0.3373105073081097
804,902,98,0.098,0.3555898522287607
806,903,97,0.097,0.3634207281917334
784,892,108,0.108,0.37250408726930617
678,839,161,0.161,0.3877895907461643
732,866,134,0.134,0.4028878546771593
754,877,123,0.123,0.4065712636113167
778,889,111,0.111,0.41509763956069945
772,886,114,0.114,0.41971141410246493
808,904,96,0.096,0.40819167751073837
784,892,108,0.108,0.4201634721869336
756,878,122,0.122,0.4304965517222881
744,872,128,0.128,0.4403489686399698
656,828,172,0.172,0.48512842631340025
732,866,134,0.134,0.5019199724495411
748,874,126,0.126,0.49789119118452074
766,883,117,0.117,0.501282901018858
832,916,84,0.084,0.48021387442946434
774,887,113,0.113,0.4472697712481022
796,898,102,0.102,0.44667177261412144
762,881,119,0.119,0.4272114852517843
792,896,104,0.104,0.4236284693554044
768,884,116,0.116,0.4645206575002521
788,894,106,0.106,0.4727487369179726
698,849,151,0.151,0.5026991224437952
674,837,163,0.163,0.5718225216753781
722,861,139,0.139,0.6147760428488255
754,877,123,0.123,0.6114954817295074
690,845,155,0.155,0.636244078695774
804,902,98,0.098,0.6819549520400198
766,883,117,0.117,0.7162125127911567
706,853,147,0.147,0.7166993016004563
676,838,162,0.162,0.7268767920136452
772,886,114,0.114,0.7218239261507988
766,883,117,0.117,0.7137063958356157
738,869,131,0.131,0.7149246977567673
724,862,138,0.138,0.7175484082698822
838,919,81,0.081,0.6883878701329231
800,900,100,0.1,0.6459520879685878
754,877,123,0.123,0.6329926090240479
748,874,126,0.126,0.6316229500472545
780,890,110,0.11,0.5794390240013599
796,898,102,0.102,0.5335092570483685
768,884,116,0.116,0.5330780869126349
760,880,120,0.12,0.5326789872050285
806,903,97,0.097,0.5151193058788777
712,856,144,0.144,0.4874088594317436
792,896,104,0.104,0.46815804052352905
784,892,108,0.108,0.46262925761938095
786,893,107,0.107,0.4409542828500271
728,864,136,0.136,0.4208032263922505
766,883,117,0.117,0.4126658561527729
778,889,111,0.111,0.4161105246245861
760,880,120,0.12,0.4172747350037098
746,873,127,0.127,0.4354930285066366
764,882,118,0.118,0.43406608171388505
734,867,133,0.133,0.4401837960481644
818,909,91,0.091,0.4430545093715191
824,912,88,0.088,0.4470467593371868
740,870,130,0.13,0.455247220993042
770,885,115,0.115,0.4599518577158451
790,895,105,0.105,0.45286382114887236
802,901,99,0.099,0.4651536346077919
742,871,129,0.129,0.4710092801795108
834,917,83,0.083,0.4643363545402604
840,920,80,0.08,0.46892308261990545
808,904,96,0.096,0.4894036215356781
794,897,103,0.103,0.49642856723070145
758,879,121,0.121,0.5066574227213859
792,896,104,0.104,0.5089389341771603
726,863,137,0.137,0.5128255202174187
798,899,101,0.101,0.5034556135753228
738,869,131,0.131,0.486567622423172
798,899,101,0.101,0.4534833023250103
748,874,126,0.126,0.39570983573794366
752,876,124,0.124,0.3927455287873758
704,852,148,0.148,0.36883250626921654
798,899,101,0.101,0.3449242910146713
720,860,140,0.14,0.3096777608245611
794,897,103,0.103,0.29674559654295446
798,899,101,0.101,0.25158956049382686
798,899,101,0.101,0.24944846606254578
772,886,114,0.114,0.2266672822088003
726,863,137,0.137,0.22808239132235758
786,893,107,0.107,0.2242491667792201
772,886,114,0.114,0.22777640928328038
754,877,123,0.123,0.23830124147239543
756,878,122,0.122,0.23336520739644767
796,898,102,0.102,0.23881419907137752
704,852,148,0.148,0.2501511739641428
720,860,140,0.14,0.2659489570111036
756,878,122,0.122,0.2679030182957649
784,892,108,0.108,0.27121778050065043
794,897,103,0.103,0.2747661723624915
774,887,113,0.113,0.28971219026693323
752,876,124,0.124,0.2991783909350634
768,884,116,0.116,0.29604365698993207
806,903,97,0.097,0.2871258645504714
718,859,141,0.141,0.2908811017125845
766,883,117,0.117,0.2815005319081247
792,896,104,0.104,0.26977778643369676
788,894,106,0.106,0.2663497874327004
824,912,88,0.088,0.2635864557819734
772,886,114,0.114,0.2599288378953934
736,868,132,0.132,0.2652706484827213
770,885,115,0.115,0.25377073080837725
712,856,144,0.144,0.24866908909380436
776,888,112,0.112,0.2432442888841033
802,901,99,0.099,0.24747870551049708
786,893,107,0.107,0.26272764909267426
790,895,105,0.105,0.28631640890240667
828,914,86,0.086,0.29084050480648876
704,852,148,0.148,0.30774683110415935
788,894,106,0.106,0.3000549822896719
788,894,106,0.106,0.3281760883331299
804,902,98,0.098,0.33348309737443926
732,866,134,0.134,0.4059389081597328
724,862,138,0.138,0.42560177541151645
748,874,126,0.126,0.4852523496448994
720,860,140,0.14,0.48767552396655084
760,880,120,0.12,0.5021996857225894
758,879,121,0.121,0.5002547181248664
814,907,93,0.093,0.47073244577273726
804,902,98,0.098,0.47033055652864275
786,893,107,0.107,0.4487643367052078
770,885,115,0.115,0.42669615539908406
746,873,127,0.127,0.4189807714819908
750,875,125,0.125,0.42380377048254014
798,899,101,0.101,0.41579750856757164
708,854,146,0.146,0.4356679935455322
732,866,134,0.134,0.41974697187542914
794,897,103,0.103,0.4134179509282112
798,899,101,0.101,0.40846092155575753
734,867,133,0.133,0.4030282407104969
712,856,144,0.144,0.4057857333943248
722,861,139,0.139,0.40279751241207123
780,890,110,0.11,0.3930992274321616
760,880,120,0.12,0.4076795755177736
726,863,137,0.137,0.43002021527290346
724,862,138,0.138,0.4467494510561228
748,874,126,0.126,0.441339879065752
758,879,121,0.121,0.4378819656521082
800,900,100,0.1,0.43213802434504034
698,849,151,0.151,0.4123878633752465
782,891,109,0.109,0.41462512701749804
760,880,120,0.12,0.405259949952364
760,880,120,0.12,0.4093068826049566
710,855,145,0.145,0.4252052404296171
742,871,129,0.129,0.4288736377283931
826,913,87,0.087,0.40596906560659407
764,882,118,0.118,0.4113111278265715
708,854,146,0.146,0.40319474014639856
790,895,105,0.105,0.36815818391740324
728,864,136,0.136,0.3709162118211389
774,887,113,0.113,0.3819766694903374
784,892,108,0.108,0.37110236716270445
748,874,126,0.126,0.39989517179131506
650,825,175,0.175,0.40414832919836047
738,869,131,0.131,0.38758704328536986
760,880,120,0.12,0.38235069420933726
792,896,104,0.104,0.3396547709926963
796,898,102,0.102,0.31780955439805986
744,872,128,0.128,0.2990042036138475
710,855,145,0.145,0.30022854305244984
802,901,99,0.099,0.26157609140127897
796,898,102,0.102,0.24231300936639308
794,897,103,0.103,0.2438499915599823
712,856,144,0.144,0.25191494880616666
704,852,148,0.148,0.25821374610066417
768,884,116,0.116,0.26397564657122163
762,881,119,0.119,0.2735012247413397
770,885,115,0.115,0.2744100243669418
730,865,135,0.135,0.2856870830357075
806,903,97,0.097,0.2709086571633816
814,907,93,0.093,0.26521424534916876
786,893,107,0.107,0.2547336263805628
756,878,122,0.122,0.2407960728853941
792,896,104,0.104,0.23746059156954288
772,886,114,0.114,0.24662669268250464
828,914,86,0.086,0.26484083047509194
772,886,114,0.114,0.3260033059567213
698,849,151,0.151,0.3761609328389168
744,872,128,0.128,0.38881303453445437
746,873,127,0.127,0.42856953682005405
766,883,117,0.117,0.47069013279676436
720,860,140,0.14,0.4810499277957715
802,901,99,0.099,0.47850260889530183
774,887,113,0.113,0.4886029343903065
720,860,140,0.14,0.5226477672755718
812,906,94,0.094,0.5049731819927692
794,897,103,0.103,0.5244341736733913
742,871,129,0.129,0.5643651290237903
760,880,120,0.12,0.5852587687708437
764,882,118,0.118,0.589503328949213
722,861,139,0.139,0.5915350442677736
730,865,135,0.135,0.5783596085906029
788,894,106,0.106,0.5513816176652908
714,857,143,0.143,0.5456736780265347
726,863,137,0.137,0.534985228061676
752,876,124,0.124,0.4963040163815022
702,851,149,0.149,0.5182947568520904
678,839,161,0.161,0.5252523966729641
770,885,115,0.115,0.5303510682582855
740,870,130,0.13,0.6045829714536667
702,851,149,0.149,0.6227597570493817
728,864,136,0.136,0.6311748116612435
794,897,103,0.103,0.6247380064129829
762,881,119,0.119,0.6280614480376243
792,896,104,0.104,0.6102002391340211
800,900,100,0.1,0.5957511815424077
706,853,147,0.147,0.6076968084573746
732,866,134,0.134,0.5683754302412272
794,897,103,0.103,0.5410871642567218
692,846,154,0.154,0.5507592371404171
794,897,103,0.103,0.5342809043228626
854,927,73,0.073,0.4763751858100295
788,894,106,0.106,0.44738808608055114
798,899,101,0.101,0.426725366294384
822,911,89,0.089,0.41220778995752333
768,884,116,0.116,0.3397194774448872
782,891,109,0.109,0.3227477607280016
746,873,127,0.127,0.32107393865659833
772,886,114,0.114,0.3141670667976141
806,903,97,0.097,0.31590468653027803
730,865,135,0.135,0.3271135362833738
826,913,87,0.087,0.3030948520451784
788,894,106,0.106,0.2927220378369093
774,887,113,0.113,0.23304640061594545
758,879,121,0.121,0.2218368934094906
800,900,100,0.1,0.20034488014131785
800,900,100,0.1,0.19709631075710057
774,887,113,0.113,0.18875330334715545
822,911,89,0.089,0.1855550436694175
732,866,134,0.134,0.195727738969028
758,879,121,0.121,0.19464710420370102
690,845,155,0.155,0.22621765710022432
786,893,107,0.107,0.2217193855792284
782,891,109,0.109,0.2305946269184351
790,895,105,0.105,0.23381205868721008
694,847,153,0.153,0.2594407542794943
780,890,110,0.11,0.24989808325469492
784,892,108,0.108,0.2511955759674311
736,868,132,0.132,0.27606210100650785
800,900,100,0.1,0.29801347044418797
810,905,95,0.095,0.2958442776501179
836,918,82,0.082,0.29234088173508643
762,881,119,0.119,0.30126220087707045
740,870,130,0.13,0.33232353365421297
702,851,149,0.149,0.35435186728835105
768,884,116,0.116,0.34850929471850395
764,882,118,0.118,0.4251356661319733
768,884,116,0.116,0.4669676154255867
764,882,118,0.118,0.45970353606343267
740,870,130,0.13,0.467124470859766
774,887,113,0.113,0.4363194136917591
768,884,116,0.116,0.42497088596224786
818,909,91,0.091,0.41539042836427686
712,856,144,0.144,0.4378757200837135
748,874,126,0.126,0.4533883948922157
720,860,140,0.14,0.5058260250389576
764,882,118,0.118,0.5131277968585491
772,886,114,0.114,0.5201209301427007
716,858,142,0.142,0.5495160003378987
838,919,81,0.081,0.5208758587241172
744,872,128,0.128,0.5193066471815109
766,883,117,0.117,0.5072766753137111
726,863,137,0.137,0.4795201225280762
718,859,141,0.141,0.4513554421812296
744,872,128,0.128,0.4397114427089691
766,883,117,0.117,0.4211400765925646
808,904,96,0.096,0.40846956162035897
732,866,134,0.134,0.39993856912851333
818,909,91,0.091,0.37315209966242535
716,858,142,0.142,0.37944804251194
782,891,109,0.109,0.3638939851373434
740,870,130,0.13,0.37163533564656975
772,886,114,0.114,0.3774917367994785
780,890,110,0.11,0.39091115319728853
788,894,106,0.106,0.40163432171940805
742,871,129,0.129,0.4164830933511257
720,860,140,0.14,0.4117332116663456
774,887,113,0.113,0.4012972359061241
746,873,127,0.127,0.39957151988148687
818,909,91,0.091,0.3861927768588066
740,870,130,0.13,0.38927073031663895
806,903,97,0.097,0.36608452481776477
806,903,97,0.097,0.37345000985264776
768,884,116,0.116,0.3753726816475391
708,854,146,0.146,0.39680568855919407
750,875,125,0.125,0.4480778291523457
736,868,132,0.132,0.45590924081206324
790,895,105,0.105,0.45348442330956457
752,876,124,0.124,0.4571853087586339
734,867,133,0.133,0.4541698472175412
746,873,127,0.127,0.4532812723517418
778,889,111,0.111,0.45537822046875953
746,873,127,0.127,0.45988704869151115
758,879,121,0.121,0.4595127153992653
754,877,123,0.123,0.45402429848909376
712,856,144,0.144,0.45944842970371247
756,878,122,0.122,0.44676111793518064
744,872,128,0.128,0.39062672743201254
832,916,84,0.084,0.38802553939819334
786,893,107,0.107,0.37460287025303113
726,863,137,0.137,0.38322391006350515
800,900,100,0.1,0.38597162610292435
766,883,117,0.117,0.38309460136294365
804,902,98,0.098,0.38058916142582894
730,865,135,0.135,0.4004738066494465
780,890,110,0.11,0.4032494049668312
738,869,131,0.131,0.4115677793622017
798,899,101,0.101,0.3966182686984539
790,895,105,0.105,0.4038601060807705
768,884,116,0.116,0.4215512291789055
738,869,131,0.131,0.4352009670138359
776,888,112,0.112,0.43042173010110857
716,858,142,0.142,0.4373421761393547
782,891,109,0.109,0.464386859809907
824,912,88,0.088,0.45937493807077406
698,849,151,0.151,0.4607970444560051
752,876,124,0.124,0.4617556702196598
742,871,129,0.129,0.38898733738064767
662,831,169,0.169,0.3881135011538863
774,887,113,0.113,0.38023404210805894
732,866,134,0.134,0.38932548514008525
732,866,134,0.134,0.40027801966667176
746,873,127,0.127,0.3958767521977425
794,897,103,0.103,0.38774887689948084
732,866,134,0.134,0.4001958032611478
806,903,97,0.097,0.33918056935071944
788,894,106,0.106,0.3279627094268799
780,890,110,0.11,0.3198736881762743
762,881,119,0.119,0.3227996921394521
814,907,93,0.093,0.2550207087993622
788,894,106,0.106,0.26181882251799105
684,842,158,0.158,0.2729064800143242
772,886,114,0.114,0.2706916255056858
750,875,125,0.125,0.31242465525865554
784,892,108,0.108,0.3156291180998087
756,878,122,0.122,0.3183646807670593
764,882,118,0.118,0.32365691030025484
708,854,146,0.146,0.29386381539702416
770,885,115,0.115,0.28461341372132304
740,870,130,0.13,0.28803496125999606
766,883,117,0.117,0.2834123906940222
696,848,152,0.152,0.30391209782660006
760,880,120,0.12,0.30638813829421996
748,874,126,0.126,0.33055807180702684
854,927,73,0.073,0.31991640608835586
836,918,82,0.082,0.3219590617120266
782,891,109,0.109,0.31980481135845185
702,851,149,0.149,0.31260547645390035
694,847,153,0.153,0.3131427750736475
752,876,124,0.124,0.30994720695912836
744,872,128,0.128,0.3224650934115052
722,861,139,0.139,0.3318062167614698
738,869,131,0.131,0.3318743187636137
750,875,125,0.125,0.3524935332387686
736,868,132,0.132,0.36349306246638297
774,887,113,0.113,0.3669027844071388
758,879,121,0.121,0.3663089221417904
796,898,102,0.102,0.369901460558176
752,876,124,0.124,0.3795544676110163
716,858,142,0.142,0.4069693040549755
742,871,129,0.129,0.40678732588891026
756,878,122,0.122,0.47361361042410133
760,880,120,0.12,0.5083755568847992
740,870,130,0.13,0.5411150600964975
760,880,120,0.12,0.5400016467157861
762,881,119,0.119,0.5740487265884876
716,858,142,0.142,0.5932817555963993
780,890,110,0.11,0.607633322775364
690,845,155,0.155,0.6227158217430114
764,882,118,0.118,0.628990634739399
732,866,134,0.134,0.6335856384932995
708,854,146,0.146,0.6281207529744134
764,882,118,0.118,0.6287617594599724
714,857,143,0.143,0.6197414509057999
774,887,113,0.113,0.6054113601446152
716,858,142,0.142,0.5920987780988216
754,877,123,0.123,0.576775485098362
786,893,107,0.107,0.5267918729484081
750,875,125,0.125,0.5227770349383354
728,864,136,0.136,0.47551865422725675
744,872,128,0.128,0.4530450930332981
798,899,101,0.101,0.4266369161903858
772,886,114,0.114,0.41827312503010033
744,872,128,0.128,0.38425222963513805
764,882,118,0.118,0.3650784648656845
756,878,122,0.122,0.344839984446764
786,893,107,0.107,0.33635823453776537
786,893,107,0.107,0.3167047497034073
782,891,109,0.109,0.31583745972812177
740,870,130,0.13,0.3166395702557921
848,924,76,0.076,0.30267732818424703
822,911,89,0.089,0.28954622833430765
768,884,116,0.116,0.2918695169687271
768,884,116,0.116,0.2918247596621513
782,891,109,0.109,0.2946296819057316
762,881,119,0.119,0.32357245749235153
778,889,111,0.111,0.326842975884676
798,899,101,0.101,0.3328347873687744
780,890,110,0.11,0.336314046934247
708,854,146,0.146,0.3430149969405538
760,880,120,0.12,0.339566667586565
788,894,106,0.106,0.34155592335760593
742,871,129,0.129,0.344152972638607
738,869,131,0.131,0.3647529014199972
702,851,149,0.149,0.36120847399532796
754,877,123,0.123,0.3638391142685432
762,881,119,0.119,0.3607353242635727
708,854,146,0.146,0.3476025781929493
744,872,128,0.128,0.33728196123242377
790,895,105,0.105,0.329180125772953
656,828,172,0.172,0.34707079680263997
764,882,118,0.118,0.3538087771087885
762,881,119,0.119,0.36040888556838035
724,862,138,0.138,0.36705438132584095
716,858,142,0.142,0.3656818146556616
810,905,95,0.095,0.3537690621316433
796,898,102,0.102,0.34204493001103403
752,876,124,0.124,0.3454152024537325
802,901,99,0.099,0.3490341090410948
782,891,109,0.109,0.3550580241829157
862,931,69,0.069,0.35486089184880254
774,887,113,0.113,0.3751402893960476
790,895,105,0.105,0.3708592161983197
814,907,93,0.093,0.4197497842013836
760,880,120,0.12,0.4297647139430046
780,890,110,0.11,0.4280235485136509
748,874,126,0.126,0.4311594164206799
776,888,112,0.112,0.4776457925140858
738,869,131,0.131,0.5067196528315544
756,878,122,0.122,0.5031321866810322
798,899,101,0.101,0.5014495893418789
692,846,154,0.154,0.4895172139406204
776,888,112,0.112,0.48166944826351743
758,879,121,0.121,0.47482995799183847
764,882,118,0.118,0.43748919740319253
730,865,135,0.135,0.39543134832382204
768,884,116,0.116,0.38340318423509595
786,893,107,0.107,0.3731608701694754
758,879,121,0.121,0.37103444096446037
794,897,103,0.103,0.3722961414456368
764,882,118,0.118,0.37669724693894385
788,894,106,0.106,0.3754700451493263
754,877,123,0.123,0.40181549465656313
758,879,121,0.121,0.4269076715409756
770,885,115,0.115,0.4283691847324371
780,890,110,0.11,0.4282190012782812
788,894,106,0.106,0.44145200533380924
726,863,137,0.137,0.45619302460551264
748,874,126,0.126,0.46853607797622693
760,880,120,0.12,0.46625327244400977
832,916,84,0.084,0.48833417844772337
760,880,120,0.12,0.514752144295082
734,867,133,0.133,0.5225937753468752
780,890,110,0.11,0.5219865651130676
768,884,116,0.116,0.5371436203074006
736,868,132,0.132,0.520419358164072
744,872,128,0.128,0.5115223552584648
686,843,157,0.157,0.5167106788754463
764,882,118,0.118,0.4798611681163311
742,871,129,0.129,0.47165552005171774
746,873,127,0.127,0.4560356269478798
772,886,114,0.114,0.4200876855697178
736,868,132,0.132,0.40302426740527153
710,855,145,0.145,0.3742228210568428
780,890,110,0.11,0.36083313561975955
792,896,104,0.104,0.3159445900470018
804,902,98,0.098,0.30568671287200416
704,852,148,0.148,0.3182936287298799
704,852,148,0.148,0.3154749636948109
782,891,109,0.109,0.3358460872769356
822,911,89,0.089,0.3324326000623239
756,878,122,0.122,0.33598683558404446
720,860,140,0.14,0.31939881948009136
740,870,130,0.13,0.3476468651592731
744,872,128,0.128,0.31841291856765747
750,875,125,0.125,0.33171538592875005
752,876,124,0.124,0.3654094448238611
756,878,122,0.122,0.3685508239187766
734,867,133,0.133,0.40129255613684656
774,887,113,0.113,0.3952011760622263
748,874,126,0.126,0.409670793235302
718,859,141,0.141,0.40767956821620466
742,871,129,0.129,0.4221160154044628
762,881,119,0.119,0.41949919947981834
766,883,117,0.117,0.4250784867107868
786,893,107,0.107,0.42943465399742126
768,884,116,0.116,0.4278618429899216
818,909,91,0.091,0.42882720518112183
804,902,98,0.098,0.43511662071943286
696,848,152,0.152,0.4485965595842877
670,835,165,0.165,0.5036965407431125
736,868,132,0.132,0.5201071872413159
768,884,116,0.116,0.5300773632526398
758,879,121,0.121,0.5520227160751819
776,888,112,0.112,0.5681329947710038
746,873,127,0.127,0.577820539534092
708,854,146,0.146,0.5831807798743248
746,873,127,0.127,0.5785671129780822
730,865,135,0.135,0.6010858853548415
786,893,107,0.107,0.596795179605484
732,866,134,0.134,0.6061858574748039
708,854,146,0.146,0.6069323235154152
790,895,105,0.105,0.6020119248479605
766,883,117,0.117,0.5978115542829037
788,894,106,0.106,0.5932874472439289
764,882,118,0.118,0.5885579122006893
766,883,117,0.117,0.577302578640871
790,895,105,0.105,0.5734869956099429
748,874,126,0.126,0.5796265497803688
766,883,117,0.117,0.5830687934756279
740,870,130,0.13,0.566242578715086
802,901,99,0.099,0.5554038524627686
706,853,147,0.147,0.5548081593811512
776,888,112,0.112,0.536855084002018
754,877,123,0.123,0.4795727719068527
712,856,144,0.144,0.46688858917355536
790,895,105,0.105,0.44763773450255395
772,886,114,0.114,0.44593140368163586
732,866,134,0.134,0.4347040640413761
746,873,127,0.127,0.43559414127469065
716,858,142,0.142,0.4391381553709507
778,889,111,0.111,0.4361000495553017
728,864,136,0.136,0.41998278024792673
736,868,132,0.132,0.4148703142404556
774,887,113,0.113,0.405752560377121
762,881,119,0.119,0.39985737051069736
694,847,153,0.153,0.3764078079536557
760,880,120,0.12,0.3653657043278217
748,874,126,0.126,0.35747038267552855
798,899,101,0.101,0.3489147257432342
790,895,105,0.105,0.3307660335749388
736,868,132,0.132,0.32751788315176966
796,898,102,0.102,0.3314790916889906
724,862,138,0.138,0.32323933647572994
802,901,99,0.099,0.32173210817575454
744,872,128,0.128,0.33264495685696605
764,882,118,0.118,0.33276434188336135
720,860,140,0.14,0.3478423606455326
748,874,126,0.126,0.3554555589705706
728,864,136,0.136,0.37242705561220646
706,853,147,0.147,0.40694931584224103
780,890,110,0.11,0.40246478125452995
734,867,133,0.133,0.4277453109323978
768,884,116,0.116,0.42688689833879473
698,849,151,0.151,0.4287647293806076
770,885,115,0.115,0.4149701655783988
762,881,119,0.119,0.4097670277655125
826,913,87,0.087,0.3857414382100105
768,884,116,0.116,0.3826066576666541
802,901,99,0.099,0.3892563602626324
738,869,131,0.131,0.39557094092667106
770,885,115,0.115,0.41265106162428855
766,883,117,0.117,0.4412322188913822
838,919,81,0.081,0.4182841250896454
752,876,124,0.124,0.4299551502792165
792,896,104,0.104,0.4157237692177296
764,882,118,0.118,0.4132074438035488
722,861,139,0.139,0.4312984848320484
810,905,95,0.095,0.42019615507125857
770,885,115,0.115,0.44248411658406256
774,887,113,0.113,0.4519825674295425
764,882,118,0.118,0.45992776554822923
738,869,131,0.131,0.45415274673700334
752,876,124,0.124,0.45285368874669074
734,867,133,0.133,0.4524552541077137
682,841,159,0.159,0.46162539118355334
788,894,106,0.106,0.45138843381404875
706,853,147,0.147,0.46554600381851197
736,868,132,0.132,0.48824379375351057
780,890,110,0.11,0.48473264276981354
786,893,107,0.107,0.48254862037301066
794,897,103,0.103,0.4801389489471912
726,863,137,0.137,0.45245206748694183
816,908,92,0.092,0.44033809132874013
762,881,119,0.119,0.4508077634871006
752,876,124,0.124,0.44867496013641356
786,893,107,0.107,0.48750422659516335
724,862,138,0.138,0.49873420514166356
758,879,121,0.121,0.5055913428366184
760,880,120,0.12,0.5064351460039616
778,889,111,0.111,0.5710084443986416
794,897,103,0.103,0.5901191721111536
692,846,154,0.154,0.6043428835868836
712,856,144,0.144,0.6041684111356735
784,892,108,0.108,0.635569978095591
742,871,129,0.129,0.6326799027323723
796,898,102,0.102,0.6278286817669868
766,883,117,0.117,0.6324209367632866
758,879,121,0.121,0.6046453104840711
768,884,116,0.116,0.6063886613845825
744,872,128,0.128,0.6021106743514538
762,881,119,0.119,0.6001847107495559
738,869,131,0.131,0.560001121789217
754,877,123,0.123,0.5411158351302147
766,883,117,0.117,0.5353252855837345
828,914,86,0.086,0.528267399340868
740,870,130,0.13,0.44646655350923536
798,899,101,0.101,0.4211503496468067
768,884,116,0.116,0.4183223631531
734,867,133,0.133,0.42238838942348955
768,884,116,0.116,0.39130051016807554
768,884,116,0.116,0.3825008451834219
748,874,126,0.126,0.3845471744537354
748,874,126,0.126,0.38804559609293937
750,875,125,0.125,0.3980252468287945
798,899,101,0.101,0.39196806037425996
692,846,154,0.154,0.3989828066080809
816,908,92,0.092,0.3860441206023097
754,877,123,0.123,0.36101688370108603
772,886,114,0.114,0.3492481710165739
752,876,124,0.124,0.34643892239034174
766,883,117,0.117,0.3267029155343771
724,862,138,0.138,0.3491251920759678
700,850,150,0.15,0.3540913750305772
790,895,105,0.105,0.3415801140964031
764,882,118,0.118,0.35895678283274174
778,889,111,0.111,0.3384567584395409
722,861,139,0.139,0.34354319927096366
744,872,128,0.128,0.3281855742633343
764,882,118,0.118,0.31210846272110937
814,907,93,0.093,0.26099963585287334
764,882,118,0.118,0.2682639172077179
772,886,114,0.114,0.2658619422018528
784,892,108,0.108,0.2774534244388342
736,868,132,0.132,0.3277851341068745
842,921,79,0.079,0.33567286819795383
740,870,130,0.13,0.3567474092245102
744,872,128,0.128,0.36160267861218587
798,899,101,0.101,0.3422624053359032
760,880,120,0.12,0.3292824110947549
736,868,132,0.132,0.32810704039037225
776,888,112,0.112,0.30730387233197687
792,896,104,0.104,0.3102062300555408
750,875,125,0.125,0.3193333307952375
818,909,91,0.091,0.3101517603695393
740,870,130,0.13,0.33816292666784964
734,867,133,0.133,0.34317995789647104
750,875,125,0.125,0.3465895898938179
810,905,95,0.095,0.33951696716160956
754,877,123,0.123,0.343191581517458
740,870,130,0.13,0.35061889320611955
800,900,100,0.1,0.34102846384048463
734,867,133,0.133,0.3552395503669977
804,902,98,0.098,0.3520142597258091
804,902,98,0.098,0.3412060812562704
760,880,120,0.12,0.34481197616085413
824,912,88,0.088,0.33370810841023923
730,865,135,0.135,0.35024760274592037
692,846,154,0.154,0.3671342556029558
750,875,125,0.125,0.3828834821693599
786,893,107,0.107,0.37396140083670615
778,889,111,0.111,0.41631245079636575
752,876,124,0.124,0.4267578170895576
776,888,112,0.112,0.42057825753092765
822,911,89,0.089,0.4086001519262791
780,890,110,0.11,0.39295739514380695
768,884,116,0.116,0.39008992539346216
734,867,133,0.133,0.40604464281350383
708,854,146,0.146,0.40743167412281034
742,871,129,0.129,0.47316935604810717
774,887,113,0.113,0.48780920869112016
828,914,86,0.086,0.49742782083153725
822,911,89,0.089,0.5061546689271927
772,886,114,0.114,0.48452280911803247
744,872,128,0.128,0.47303584864735604
814,907,93,0.093,0.453173614397645
750,875,125,0.125,0.46884826687164605
814,907,93,0.093,0.4935639447271824
784,892,108,0.108,0.5097135286927224
804,902,98,0.098,0.5184702934622765
752,876,124,0.124,0.5213257155418396
710,855,145,0.145,0.5166749964356423
770,885,115,0.115,0.5062749968506396
810,905,95,0.095,0.46468909123539925
772,886,114,0.114,0.46372446379065513
734,867,133,0.133,0.36192690528929233
760,880,120,0.12,0.3402534111440182
754,877,123,0.123,0.3170161915421486
730,865,135,0.135,0.3192583873271942
696,848,152,0.152,0.29894320054352286
750,875,125,0.125,0.2889633644670248
706,853,147,0.147,0.299861966073513
792,896,104,0.104,0.28599123983085156
790,895,105,0.105,0.26150930240750314
760,880,120,0.12,0.2511397871002555
702,851,149,0.149,0.24485042914003133
714,857,143,0.143,0.24426010046154262
750,875,125,0.125,0.23073328733444215
812,906,94,0.094,0.2242178575936705
762,881,119,0.119,0.23015482791111566
786,893,107,0.107,0.24036038237810134
772,886,114,0.114,0.25349241611361506
812,906,94,0.094,0.2549930632263422
816,908,92,0.092,0.24644505965709687
826,913,87,0.087,0.24957490031223278
714,857,143,0.143,0.2713233267962933
776,888,112,0.112,0.2758412896990776
744,872,128,0.128,0.2797704640948068
790,895,105,0.105,0.3005318511277437
740,870,130,0.13,0.3665885270982981
720,860,140,0.14,0.37389629819989206
716,858,142,0.142,0.3763341362774372
782,891,109,0.109,0.3711151170432568
770,885,115,0.115,0.36712690806388854
794,897,103,0.103,0.3651089588999748
780,890,110,0.11,0.3707960052788258
744,872,128,0.128,0.3739853906929493
766,883,117,0.117,0.37579034337602935
730,865,135,0.135,0.38843447709083556
772,886,114,0.114,0.3916280384361744
794,897,103,0.103,0.4110113373994827
726,863,137,0.137,0.46666920548677443
798,899,101,0.101,0.4846905929702334
676,838,162,0.162,0.5126557567715645
744,872,128,0.128,0.5116247960329056
730,865,135,0.135,0.5344187310934067
670,835,165,0.165,0.5387126211524009
772,886,114,0.114,0.5287044209241867
692,846,154,0.154,0.5440280109047889
702,851,149,0.149,0.582488296687603
704,852,148,0.148,0.6065489442435684
796,898,102,0.102,0.6180634483098983
762,881,119,0.119,0.6355157595574856
752,876,124,0.124,0.6492000576853753
748,874,126,0.126,0.6479830487966537
770,885,115,0.115,0.6398347552418708
762,881,119,0.119,0.6364584567546845
716,858,142,0.142,0.6215309609174728
750,875,125,0.125,0.6039302133675665
768,884,116,0.116,0.5906431934535503
748,874,126,0.126,0.5721511505246163
738,869,131,0.131,0.5435052225887784
702,851,149,0.149,0.5181570464670658
746,873,127,0.127,0.4886791712939739
750,875,125,0.125,0.4587218729257584
756,878,122,0.122,0.42729966607689857
786,893,107,0.107,0.3752156901527196
736,868,132,0.132,0.3387863187417388
692,846,154,0.154,0.31641015560925007
730,865,135,0.135,0.30530098208785056
736,868,132,0.132,0.30432268849015237
742,871,129,0.129,0.32385220991075037
740,870,130,0.13,0.3385135161578655
740,870,130,0.13,0.3490784895569086
758,879,121,0.121,0.36530272220075133
722,861,139,0.139,0.37673178923875095
746,873,127,0.127,0.3741697674840689
760,880,120,0.12,0.36559231416881083
792,896,104,0.104,0.33738991497457027
762,881,119,0.119,0.31739480017125604
770,885,115,0.115,0.3123069796971977
802,901,99,0.099,0.3050061629265547
790,895,105,0.105,0.32016410552710295
784,892,108,0.108,0.36378481805324553
680,840,160,0.16,0.3946466789096594
770,885,115,0.115,0.38352519771456717
722,861,139,0.139,0.4225475622564554
812,906,94,0.094,0.42791724091768263
774,887,113,0.113,0.4357635751962662
778,889,111,0.111,0.42911752265691755
772,886,114,0.114,0.43416052448470144
714,857,143,0.143,0.4481980238556862
772,886,114,0.114,0.4502463248819461
790,895,105,0.105,0.4511538008674979
796,898,102,0.102,0.4816307925879955
816,908,92,0.092,0.4899322649538517
732,866,134,0.134,0.4928921379446983
776,888,112,0.112,0.48069071470946073
786,893,107,0.107,0.46515777672827247
690,845,155,0.155,0.4757876871824265
748,874,126,0.126,0.48003535604476927
756,878,122,0.122,0.47950337091088296
674,837,163,0.163,0.5362922321259975
732,866,134,0.134,0.5408890870902687
752,876,124,0.124,0.5299960848093033
794,897,103,0.103,0.5231155819296837
764,882,118,0.118,0.48668092703819277
758,879,121,0.121,0.45828270015120504
750,875,125,0.125,0.4523725963868201
710,855,145,0.145,0.45914063093066215
698,849,151,0.151,0.4660070995278657
780,890,110,0.11,0.4846810242350912
760,880,120,0.12,0.4861335142850876
752,876,124,0.124,0.49033764815330505
756,878,122,0.122,0.4897342128455639
708,854,146,0.146,0.4925054590255022
790,895,105,0.105,0.4833996059894562
786,893,107,0.107,0.4929236501455307
754,877,123,0.123,0.4956553736925125
764,882,118,0.118,0.5368496265929771
804,902,98,0.098,0.5334830716252327
742,871,129,0.129,0.5435679636001587
732,866,134,0.134,0.5453131086230278
692,846,154,0.154,0.579202972035855
762,881,119,0.119,0.576176617115736
744,872,128,0.128,0.5832689813375473
774,887,113,0.113,0.5930858771503474
798,899,101,0.101,0.6152910903702322
782,891,109,0.109,0.6160885633826256
702,851,149,0.149,0.6230560858249664
754,877,123,0.123,0.6146077559888363
860,930,70,0.07,0.5805054989755154
778,889,111,0.111,0.5882843479514122
726,863,137,0.137,0.5988702023029328
774,887,113,0.113,0.5930402195751667
764,882,118,0.118,0.6211346507519484
802,901,99,0.099,0.6189139838293195
800,900,100,0.1,0.6269890119731426
796,898,102,0.102,0.6252798027694225
730,865,135,0.135,0.617809015005827
792,896,104,0.104,0.6015485351979732
736,868,132,0.132,0.5990106016099518
714,857,143,0.143,0.5972117305099964
714,857,143,0.143,0.5371794385612011
768,884,116,0.116,0.5147271273136139
684,842,158,0.158,0.5196845778524876
802,901,99,0.099,0.5116666739881038
802,901,99,0.099,0.4140922012925148
806,903,97,0.097,0.3795354185402393
770,885,115,0.115,0.3884200975000858
772,886,114,0.114,0.3772859390079975
770,885,115,0.115,0.2877479358613491
706,853,147,0.147,0.29869226190075276
796,898,102,0.102,0.2955940946936607
758,879,121,0.121,0.2931217049062252
772,886,114,0.114,0.33654086996614935
856,928,72,0.072,0.33233867315948007
688,844,156,0.156,0.352471991625498
738,869,131,0.131,0.3430794384460896
710,855,145,0.145,0.3053953129760921
732,866,134,0.134,0.29556406983733174
858,929,71,0.071,0.27079506501555445
742,871,129,0.129,0.27607140338420866
782,891,109,0.109,0.22966512858867646
756,878,122,0.122,0.22592085384204982
814,907,93,0.093,0.22776276560127734
746,873,127,0.127,0.24066677477769555
796,898,102,0.102,0.2655487487465143
716,858,142,0.142,0.28494184114038945
736,868,132,0.132,0.2818349752873182
728,864,136,0.136,0.2882464717179537
800,900,100,0.1,0.2843727534413338
746,873,127,0.127,0.2839346627444029
704,852,148,0.148,0.2680200659185648
776,888,112,0.112,0.2595612450069748
766,883,117,0.117,0.26749682587385176
712,856,144,0.144,0.29324802047014237
746,873,127,0.127,0.3197128583788872
786,893,107,0.107,0.31357341423630714
778,889,111,0.111,0.3383388469964266
786,893,107,0.107,0.34173686473071574
732,866,134,0.134,0.3574004196673632
734,867,133,0.133,0.35257917748391626
770,885,115,0.115,0.36186124186217783
792,896,104,0.104,0.3663252738267183
740,870,130,0.13,0.40104230695404114
764,882,118,0.118,0.40732324987649915
732,866,134,0.134,0.42452412310242654
698,849,151,0.151,0.4450727210342884
758,879,121,0.121,0.4767680653333664
766,883,117,0.117,0.4718032229095697
790,895,105,0.105,0.4950531452298164
722,861,139,0.139,0.5229391724871476
700,850,150,0.15,0.5062446468286216
754,877,123,0.123,0.502828433021903
750,875,125,0.125,0.487701963186264
760,880,120,0.12,0.46832201594114303
800,900,100,0.1,0.44854015082120896
752,876,124,0.124,0.4639193458557129
748,874,126,0.126,0.47460581028461457
768,884,116,0.116,0.5099497558474541
766,883,117,0.117,0.5708645194172859
778,889,111,0.111,0.5862550329566002
722,861,139,0.139,0.6057349745035171
724,862,138,0.138,0.6215898510366679
738,869,131,0.131,0.6117563228011131
774,887,113,0.113,0.6061573384511284
808,904,96,0.096,0.6086750451624393
710,855,145,0.145,0.6020627909558934
750,875,125,0.125,0.6096393735706807
758,879,121,0.121,0.6167343626618386
738,869,131,0.131,0.6186710380315781
770,885,115,0.115,0.6152442738860846
774,887,113,0.113,0.5823967467844486
752,876,124,0.124,0.57697368568182
726,863,137,0.137,0.5743330559134483
714,857,143,0.143,0.5720385137200356
704,852,148,0.148,0.5945357955768704
794,897,103,0.103,0.5910963235497475
800,900,100,0.1,0.6036781275272369
724,862,138,0.138,0.6221149104535579
748,874,126,0.126,0.6548418283462525
736,868,132,0.132,0.6599697445114143
760,880,120,0.12,0.668257041811943
742,871,129,0.129,0.6729582952298224
732,866,134,0.134,0.7124967362168245
750,875,125,0.125,0.7090338898301125
774,887,113,0.113,0.7180072287917137
746,873,127,0.127,0.722052726238966
746,873,127,0.127,0.7395849730968476
718,859,141,0.141,0.7362626557350158
694,847,153,0.153,0.7294400117993355
754,877,123,0.123,0.7261862019263208
704,852,148,0.148,0.6852210531830788
810,905,95,0.095,0.663876879811287
710,855,145,0.145,0.6415274286866188
708,854,146,0.146,0.6397537717223167
768,884,116,0.116,0.6041564022600651
762,881,119,0.119,0.5957868778952397
762,881,119,0.119,0.5663162848949432
726,863,137,0.137,0.5508930386602878
788,894,106,0.106,0.5345827031731606
772,886,114,0.114,0.5278736891150475
774,887,113,0.113,0.5405769150555134
772,886,114,0.114,0.5458464247584343
772,886,114,0.114,0.5349888601005077
740,870,130,0.13,0.5352324761152267
752,876,124,0.124,0.5321608779132366
730,865,135,0.135,0.5502329653203487
746,873,127,0.127,0.5641964852362871
720,860,140,0.14,0.572295167234668
758,879,121,0.121,0.5908466792111285
782,891,109,0.109,0.6060365002602339
698,849,151,0.151,0.5965141613781452
740,870,130,0.13,0.592061101704836
762,881,119,0.119,0.583690411478281
760,880,120,0.12,0.5874827296212316
710,855,145,0.145,0.6109788697669283
748,874,126,0.126,0.6556785864531994
714,857,143,0.143,0.6722915605604649
818,909,91,0.091,0.6948168427348137
734,867,133,0.133,0.7394119612794311
720,860,140,0.14,0.7651836536526688
788,894,106,0.106,0.7720283767580987
702,851,149,0.149,0.7809236113252118
722,861,139,0.139,0.7772194522917271
710,855,145,0.145,0.7800261891186238
758,879,121,0.121,0.7775315904021263
686,843,157,0.157,0.7812733564972878
722,861,139,0.139,0.784751200735569
826,913,87,0.087,0.7736578902602196
754,877,123,0.123,0.7684017516374588
708,854,146,0.146,0.7734622250199318
736,868,132,0.132,0.7386653226613998
778,889,111,0.111,0.7312933650910854
740,870,130,0.13,0.7353945624828339
744,872,128,0.128,0.737281882762909
706,853,147,0.147,0.759027440816164
752,876,124,0.124,0.7615549015402794
758,879,121,0.121,0.761539980173111
768,884,116,0.116,0.7610514612793923
730,865,135,0.135,0.7538189502358437
666,833,167,0.167,0.7465246883034706
746,873,127,0.127,0.7275696514844895
738,869,131,0.131,0.7268319804668426
788,894,106,0.106,0.7043063493669033
692,846,154,0.154,0.7061227950453758
716,858,142,0.142,0.6986679003930185
778,889,111,0.111,0.6924508590698242
730,865,135,0.135,0.7053718304634095
706,853,147,0.147,0.7059251429649477
754,877,123,0.123,0.7105965216755867
726,863,137,0.137,0.713409474492073
800,900,100,0.1,0.6990309755802154
734,867,133,0.133,0.6819702123999596
766,883,117,0.117,0.674166072010994
772,886,114,0.114,0.6653494378626347
774,887,113,0.113,0.5836833500564098
782,891,109,0.109,0.5383915955722332
656,828,172,0.172,0.527388272973307
750,875,125,0.125,0.5189444749978768
734,867,133,0.133,0.47476299442350867
766,883,117,0.117,0.4480965938270092
774,887,113,0.113,0.4383472789824009
754,877,123,0.123,0.43644491165876387
760,880,120,0.12,0.4174524784088135
766,883,117,0.117,0.4178194472193718
760,880,120,0.12,0.43413508822023866
748,874,126,0.126,0.4445944453775883
800,900,100,0.1,0.4757108747959137
780,890,110,0.11,0.5188086190000176
798,899,101,0.101,0.5270890775024891
800,900,100,0.1,0.5369959691464901
782,891,109,0.109,0.5506750119626522
772,886,114,0.114,0.5420356181392563
746,873,127,0.127,0.5439995369017124
736,868,132,0.132,0.5338235914707183
762,881,119,0.119,0.5296158212721348
812,906,94,0.094,0.5223428213894368
692,846,154,0.154,0.5173009911111693
746,873,127,0.127,0.49940822544693947
694,847,153,0.153,0.49070187893509865
770,885,115,0.115,0.470985833093524
802,901,99,0.099,0.45931331522762775
716,858,142,0.142,0.4494661101673955
722,861,139,0.139,0.4356625908613205
674,837,163,0.163,0.4120852667093277
802,901,99,0.099,0.3981613653153181
718,859,141,0.141,0.4091721740663052
784,892,108,0.108,0.4078465963602066
782,891,109,0.109,0.4217125776708126
726,863,137,0.137,0.4344700170457363
768,884,116,0.116,0.45663440650701526
746,873,127,0.127,0.4572421008551256
770,885,115,0.115,0.46545052382349966
744,872,128,0.128,0.4742902815937996
694,847,153,0.153,0.4807994314664975
750,875,125,0.125,0.5024480441212654
734,867,133,0.133,0.5138651774525642
674,837,163,0.163,0.5270916205942631
748,874,126,0.126,0.5506911865174771
776,888,112,0.112,0.5408098459690809
808,904,96,0.096,0.5334519881904125
788,894,106,0.106,0.5269689745604992
700,850,150,0.15,0.5110443535149097
766,883,117,0.117,0.49729469752311706
700,850,150,0.15,0.49832409612377526
764,882,118,0.118,0.4833181721530855
784,892,108,0.108,0.4707391368150711
740,870,130,0.13,0.4414067685477785
762,881,119,0.119,0.4128463557213545
776,888,112,0.112,0.4131844223737717
770,885,115,0.115,0.3639342211484909
762,881,119,0.119,0.33415765218436716
754,877,123,0.123,0.3108186016976833
734,867,133,0.133,0.3195981574952602
778,889,111,0.111,0.3010841814875603
658,829,171,0.171,0.311843629360199
716,858,142,0.142,0.3089907893538475
756,878,122,0.122,0.3012941634058952
806,903,97,0.097,0.2946900037378073
726,863,137,0.137,0.30560778448870407
728,864,136,0.136,0.3025560841597997
812,906,94,0.094,0.30004513621301976
796,898,102,0.102,0.29984217797219753
776,888,112,0.112,0.31554833161830903
758,879,121,0.121,0.3268446778655052
760,880,120,0.12,0.3365945588797331
760,880,120,0.12,0.344154729872942
774,887,113,0.113,0.3687908147871494
734,867,133,0.133,0.39464954848587513
766,883,117,0.117,0.41087663450837136
786,893,107,0.107,0.40924335415661334
818,909,91,0.091,0.4288192417025566
776,888,112,0.112,0.42409956209361555
790,895,105,0.105,0.4090109627395868
778,889,111,0.111,0.4042647894099355
758,879,121,0.121,0.38165511226654053
730,865,135,0.135,0.3718673718832433
722,861,139,0.139,0.3620729884551838
726,863,137,0.137,0.3598185122683644
740,870,130,0.13,0.3389022873339716
788,894,106,0.106,0.3128526970744133
770,885,115,0.115,0.2873836199492216
828,914,86,0.086,0.2729684311337769
790,895,105,0.105,0.23344809110462666
828,914,86,0.086,0.20327556052058934
776,888,112,0.112,0.1927667341902852
796,898,102,0.102,0.18518470913916826
768,884,116,0.116,0.19961010026186704
752,876,124,0.124,0.22822617965191602
766,883,117,0.117,0.2470728183016181
766,883,117,0.117,0.25778033448010684
772,886,114,0.114,0.2738201914429665
744,872,128,0.128,0.27462952202558516
752,876,124,0.124,0.28037013140320777
764,882,118,0.118,0.2870798037648201
808,904,96,0.096,0.3055757363827433
746,873,127,0.127,0.3533093553483486
734,867,133,0.133,0.3781692178444937
808,904,96,0.096,0.3874874301105738
756,878,122,0.122,0.39536170740774834
738,869,131,0.131,0.4105771559625864
680,840,160,0.16,0.4122862425888896
784,892,108,0.108,0.4043364988714457
740,870,130,0.13,0.41488625171780585
716,858,142,0.142,0.4133650597035885
732,866,134,0.134,0.4076875911951065
756,878,122,0.122,0.40594583285829866
798,899,101,0.101,0.39673364445567133
792,896,104,0.104,0.3697901563346386
768,884,116,0.116,0.35563390524685384
830,915,85,0.085,0.32421258099377154
746,873,127,0.127,0.3187458362877369
798,899,101,0.101,0.30858135552704336
778,889,111,0.111,0.3102201000677887
810,905,95,0.095,0.31273347659409045
720,860,140,0.14,0.3343979620784521
740,870,130,0.13,0.34157987536350265
694,847,153,0.153,0.350781141653657
788,894,106,0.106,0.34928663820028305
768,884,116,0.116,0.34561496033519506
842,921,79,0.079,0.3266598299340112
760,880,120,0.12,0.33192303954064845
758,879,121,0.121,0.3130906774131581
746,873,127,0.127,0.3083132323436439
770,885,115,0.115,0.30058228190387
754,877,123,0.123,0.30174573823437095
734,867,133,0.133,0.3171596058756171
814,907,93,0.093,0.31413492003083227
760,880,120,0.12,0.33159484155476093
732,866,134,0.134,0.3338361045271158
802,901,99,0.099,0.31495604778965935
756,878,122,0.122,0.31856488369230906
806,903,97,0.097,0.29899784940481183
724,862,138,0.138,0.3038480716943741
776,888,112,0.112,0.3014881583172828
776,888,112,0.112,0.30884008947014807
758,879,121,0.121,0.3176142654120922
734,867,133,0.133,0.31658343486487867
716,858,142,0.142,0.32595377093553546
782,891,109,0.109,0.32753278519213197
738,869,131,0.131,0.3446913872510195
684,842,158,0.158,0.34979000107944014
772,886,114,0.114,0.3484462124715956
748,874,126,0.126,0.3513296702168882
762,881,119,0.119,0.36887164126336575
782,891,109,0.109,0.37356556944549085
830,915,85,0.085,0.36851599322259426
772,886,114,0.114,0.38032839927077294
758,879,121,0.121,0.3881979468613863
714,857,143,0.143,0.3938923368677497
702,851,149,0.149,0.4012921440899372
706,853,147,0.147,0.4095358139305736
706,853,147,0.147,0.4235924172699451
726,863,137,0.137,0.42771943101286886
824,912,88,0.088,0.4158676086217165
730,865,135,0.135,0.4019157405644655
748,874,126,0.126,0.3830739969909191
758,879,121,0.121,0.3731680975407362
768,884,116,0.116,0.3767179218158126
750,875,125,0.125,0.37762908267974854
772,886,114,0.114,0.3765387619286776
820,910,90,0.09,0.37319994185864924
748,874,126,0.126,0.36729302556579935
800,900,100,0.1,0.3548384285105858
766,883,117,0.117,0.34765128515660765
754,877,123,0.123,0.3373974649310112
750,875,125,0.125,0.3206580683887005
706,853,147,0.147,0.3235532722808421
744,872,128,0.128,0.3262262286543846
710,855,145,0.145,0.34973254439167795
810,905,95,0.095,0.35165965704619884
706,853,147,0.147,0.36723228962877785
784,892,108,0.108,0.36431008797883985
786,893,107,0.107,0.37186901132762434
806,903,97,0.097,0.35951864896714686
756,878,122,0.122,0.3703196213543415
778,889,111,0.111,0.3643273400219173
774,887,113,0.113,0.3799405489563942
792,896,104,0.104,0.39223685435950756
760,880,120,0.12,0.42990299997478726
736,868,132,0.132,0.43429225197434423
736,868,132,0.132,0.458917847648263
718,859,141,0.141,0.47139195592701433
828,914,86,0.086,0.48359250554442407
790,895,105,0.105,0.489803428709507
782,891,109,0.109,0.4955498731434345
778,889,111,0.111,0.5020444564819336
798,899,101,0.101,0.5419977233409882
710,855,145,0.145,0.5563506680428982
808,904,96,0.096,0.5909307831227779
720,860,140,0.14,0.6484012894034386
704,852,148,0.148,0.6980407830079739
712,856,144,0.144,0.7047294539809227
748,874,126,0.126,0.7210692955255509
774,887,113,0.113,0.7275398623347282
720,860,140,0.14,0.7236317896804594
748,874,126,0.126,0.7193146436363459
754,877,123,0.123,0.7177622686028481
732,866,134,0.134,0.7162594980597496
754,877,123,0.123,0.7182381013035775
762,881,119,0.119,0.7179207425639034
692,846,154,0.154,0.7236753854155541
788,894,106,0.106,0.7265027566552162
718,859,141,0.141,0.7318163332343102
736,868,132,0.132,0.7344803426861763
724,862,138,0.138,0.7381719920039177
736,868,132,0.132,0.7428670101463795
772,886,114,0.114,0.745560964167118
766,883,117,0.117,0.7489551648497581
736,868,132,0.132,0.7491400236785412
754,877,123,0.123,0.7545187930464745
762,881,119,0.119,0.7564836212396622
738,869,131,0.131,0.7514777110183456
782,891,109,0.109,0.7481351889371872
784,892,108,0.108,0.71054018419981
754,877,123,0.123,0.7049557912647724
792,896,104,0.104,0.6773084231615066
766,883,117,0.117,0.6546132471561432
744,872,128,0.128,0.6128955280184746
820,910,90,0.09,0.6038747860193252
728,864,136,0.136,0.5898742860257625
766,883,117,0.117,0.5879284511804581
718,859,141,0.141,0.5724488893449307
766,883,117,0.117,0.5732906371355057
788,894,106,0.106,0.5517764979600907
790,895,105,0.105,0.5320295678675174
776,888,112,0.112,0.46168624159693716
762,881,119,0.119,0.44918589769303796
730,865,135,0.135,0.4072354147732258
718,859,141,0.141,0.37180701665580274
786,893,107,0.107,0.324810092132655
808,904,96,0.096,0.3269006065279245
760,880,120,0.12,0.3096101348698139
790,895,105,0.105,0.2906152454689145
788,894,106,0.106,0.27603595856577157
814,907,93,0.093,0.2752857039868832
802,901,99,0.099,0.2811034925729036
770,885,115,0.115,0.28971439096331597
756,878,122,0.122,0.32592174609005453
766,883,117,0.117,0.3185610636891272
730,865,135,0.135,0.35407340892621325
766,883,117,0.117,0.3847276947051287
764,882,118,0.118,0.4077325929403305
734,867,133,0.133,0.40778330981731414
694,847,153,0.153,0.42875319959869373
718,859,141,0.141,0.47648358656466006
668,834,166,0.166,0.5430035377164313
680,840,160,0.16,0.556162730852142
716,858,142,0.142,0.5884553816616536
744,872,128,0.128,0.6097423965334893
816,908,92,0.092,0.590717241882463
782,891,109,0.109,0.5894047266514442
740,870,130,0.13,0.5705409788567272
728,864,136,0.136,0.5608754859864712
734,867,133,0.133,0.5513786866813898
780,890,110,0.11,0.5574522506296634
790,895,105,0.105,0.5563394357860089
760,880,120,0.12,0.5350458974540233
808,904,96,0.096,0.5334452400803567
714,857,143,0.143,0.5222934027016163
706,853,147,0.147,0.5163964102268219
740,870,130,0.13,0.4917366525232792
724,862,138,0.138,0.49301270739353253
752,876,124,0.124,0.4808287296295166
772,886,114,0.114,0.47992306753993036
794,897,103,0.103,0.4437834421759471
802,901,99,0.099,0.4325169038176537
738,869,131,0.131,0.4135683241635561
818,909,91,0.091,0.3985337890535593
780,890,110,0.11,0.3562136331945658
748,874,126,0.126,0.3465526729077101
784,892,108,0.108,0.3592631744891405
734,867,133,0.133,0.35625839804112913
806,903,97,0.097,0.4021379869580269
796,898,102,0.102,0.4526357346177101
722,861,139,0.139,0.4564623057246208
692,846,154,0.154,0.4453630767017603
738,869,131,0.131,0.4500812006294727
720,860,140,0.14,0.4625199966430664
786,893,107,0.107,0.46545032246410845
784,892,108,0.108,0.46288491362333295
756,878,122,0.122,0.47268549011647704
762,881,119,0.119,0.49704862067103384
740,870,130,0.13,0.5050756641924381
726,863,137,0.137,0.5035231585204601
744,872,128,0.128,0.530404390513897
760,880,120,0.12,0.5548509925305843
770,885,115,0.115,0.5575908267498016
782,891,109,0.109,0.5592457355558872
752,876,124,0.124,0.5632729970216751
708,854,146,0.146,0.5861623526513576
736,868,132,0.132,0.595018771469593
702,851,149,0.149,0.605437601774931
756,878,122,0.122,0.6335447174459871
706,853,147,0.147,0.6668208483159542
730,865,135,0.135,0.6597663524150849
772,886,114,0.114,0.6711886411512082
698,849,151,0.151,0.6829233560166321
762,881,119,0.119,0.7013377923965454
792,896,104,0.104,0.7017635005116463
764,882,118,0.118,0.7081758497171105
680,840,160,0.16,0.7230333705544472
736,868,132,0.132,0.7038411312997341
816,908,92,0.092,0.6941856958568097
694,847,153,0.153,0.6919425841271877
746,873,127,0.127,0.6961182013452053
740,870,130,0.13,0.6571873178780079
764,882,118,0.118,0.6521817508339882
744,872,128,0.128,0.6276368622779847
744,872,128,0.128,0.618982689678669
702,851,149,0.149,0.5696234560906887
742,871,129,0.129,0.5572303802818059
762,881,119,0.119,0.5419138700440526
708,854,146,0.146,0.5415933847725392
756,878,122,0.122,0.5076016325056553
794,897,103,0.103,0.4978065900504589
750,875,125,0.125,0.49615176025033
744,872,128,0.128,0.5083322813808918
752,876,124,0.124,0.5363816088438034
728,864,136,0.136,0.5386410467824899
740,870,130,0.13,0.5506421838402749
750,875,125,0.125,0.5598503086268902
762,881,119,0.119,0.5910424615144729
788,894,106,0.106,0.601343706458807
686,843,157,0.157,0.6070212956443429
726,863,137,0.137,0.6068290551900863
824,912,88,0.088,0.6115586441159249
764,882,118,0.118,0.5929493342936039
772,886,114,0.114,0.5784713178575039
754,877,123,0.123,0.5809214790463447
758,879,121,0.121,0.5568567168547451
744,872,128,0.128,0.5773093292117119
774,887,113,0.113,0.580706179201603
704,852,148,0.148,0.5841352605223655
752,876,124,0.124,0.6360378444492817
804,902,98,0.098,0.6463514820039272
728,864,136,0.136,0.6365103295743465
758,879,121,0.121,0.6414633673131466
810,905,95,0.095,0.6534967892169953
790,895,105,0.105,0.6587486047372222
772,886,114,0.114,0.6618226709067822
752,876,124,0.124,0.6659454857409001
788,894,106,0.106,0.6524010715782642
776,888,112,0.112,0.6051905183792115
752,876,124,0.124,0.6046111943423748
754,877,123,0.123,0.5959408339560032
810,905,95,0.095,0.5489333609938621
760,880,120,0.12,0.5196570665240288
770,885,115,0.115,0.5188551941521291
764,882,118,0.118,0.5108282152116299
714,857,143,0.143,0.5174853966534138
746,873,127,0.127,0.5137593099267033
822,911,89,0.089,0.5155812333449721
722,861,139,0.139,0.5263071224927813
794,897,103,0.103,0.5032744311094284
796,898,102,0.102,0.49099518729094416
722,861,139,0.139,0.4762447759062052
738,869,131,0.131,0.4774641930758953
786,893,107,0.107,0.4558075043261051
720,860,140,0.14,0.44737985996343194
738,869,131,0.131,0.4352288182973862
742,871,129,0.129,0.4270868978351355
760,880,120,0.12,0.4216736686900258
810,905,95,0.095,0.42077822403609755
778,889,111,0.111,0.4354383033812046
728,864,136,0.136,0.4262132147103548
708,854,146,0.146,0.4338753654324246
696,848,152,0.152,0.45116910272836686
814,907,93,0.093,0.4575478821545839
760,880,120,0.12,0.4557328100502491
778,889,111,0.111,0.461473323315382
766,883,117,0.117,0.4639048736393452
796,898,102,0.102,0.4730867432206869
714,857,143,0.143,0.46252040991932153
706,853,147,0.147,0.4795538047850132
760,880,120,0.12,0.49226192478835584
796,898,102,0.102,0.5119771700799465
702,851,149,0.149,0.5181155519369874
736,868,132,0.132,0.5280232870876789
758,879,121,0.121,0.5263710833806544
790,895,105,0.105,0.5222233943939208
810,905,95,0.095,0.5211816001385451
742,871,129,0.129,0.5058888139799237
772,886,114,0.114,0.4706695264130831
738,869,131,0.131,0.4575373177416623
752,876,124,0.124,0.46957286274433135
748,874,126,0.126,0.478478632286191
688,844,156,0.156,0.5208754412382841
762,881,119,0.119,0.5795447038114071
818,909,91,0.091,0.5966064296662807
756,878,122,0.122,0.58504487195611
772,886,114,0.114,0.5703215272724629
742,871,129,0.129,0.4913148047924042
728,864,136,0.136,0.46387223845720293
734,867,133,0.133,0.4461021903604269
814,907,93,0.093,0.3981664946079254
794,897,103,0.103,0.32192305497452617
820,910,90,0.09,0.32353175039589405
750,875,125,0.125,0.2900053771838652
770,885,115,0.115,0.2813861449658871
796,898,102,0.102,0.268548453874886
766,883,117,0.117,0.26670523554086684
784,892,108,0.108,0.26075894002616407
740,870,130,0.13,0.25751631209626796
740,870,130,0.13,0.2583573794588447
750,875,125,0.125,0.25630202155932785
794,897,103,0.103,0.26802410586178305
782,891,109,0.109,0.2680436780825257
746,873,127,0.127,0.2995943024158478
756,878,122,0.122,0.32650426544528455
722,861,139,0.139,0.3206734015196562
774,887,113,0.113,0.3580213254256414
800,900,100,0.1,0.3989831471890211
780,890,110,0.11,0.394047436863184
772,886,114,0.114,0.39385726080834865
794,897,103,0.103,0.40192589595927397
730,865,135,0.135,0.38426201197505
728,864,136,0.136,0.3757636803779751
846,923,77,0.077,0.39004045724868774
730,865,135,0.135,0.4151580411940813
740,870,130,0.13,0.4360734529942274
798,899,101,0.101,0.45354252874851225
802,901,99,0.099,0.46439264933764934
702,851,149,0.149,0.4786470435708761
738,869,131,0.131,0.4800052269697189
752,876,124,0.124,0.48067882865667344
746,873,127,0.127,0.48194297128915786
750,875,125,0.125,0.4896820597499609
766,883,117,0.117,0.4818068682998419
758,879,121,0.121,0.4714808778308724
822,911,89,0.089,0.476244281694293
758,879,121,0.121,0.47902399653196337
694,847,153,0.153,0.4705725618693978
750,875,125,0.125,0.5084916430711747
768,884,116,0.116,0.5063246008008718
738,869,131,0.131,0.5553462298214435
784,892,108,0.108,0.583135799318552
682,841,159,0.159,0.6007097413241863
744,872,128,0.128,0.6086780413985252
716,858,142,0.142,0.6314730294719338
774,887,113,0.113,0.6532470487952232
756,878,122,0.122,0.6432293330132961
748,874,126,0.126,0.63405731600523
782,891,109,0.109,0.612314973756671
736,868,132,0.132,0.5989853761494159
760,880,120,0.12,0.5768814105801284
780,890,110,0.11,0.570062303841114
770,885,115,0.115,0.5520144822299481
810,905,95,0.095,0.5569168689250946
716,858,142,0.142,0.5450365795344114
742,871,129,0.129,0.5511849818378687
742,871,129,0.129,0.5571436164677143
734,867,133,0.133,0.5432775943875313
784,892,108,0.108,0.5293699065297842
824,912,88,0.088,0.5020082924813032
748,874,126,0.126,0.4592357662022114
774,887,113,0.113,0.44187732177972794
752,876,124,0.124,0.4208911312967539
728,864,136,0.136,0.4420119956880808
786,893,107,0.107,0.4648191073387861
666,833,167,0.167,0.46580286633968354
746,873,127,0.127,0.4754599856138229
732,866,134,0.134,0.48363283050060274
806,903,97,0.097,0.45103842177987097
788,894,106,0.106,0.4114148016422987
700,850,150,0.15,0.4153840868026018
796,898,102,0.102,0.33968582267314196
762,881,119,0.119,0.3072583083063364
800,900,100,0.1,0.2895566144883633
726,863,137,0.137,0.2823498589098454
736,868,132,0.132,0.285849867798388
742,871,129,0.129,0.2929245075434446
800,900,100,0.1,0.2925684416759759
782,891,109,0.109,0.29889912869781254
770,885,115,0.115,0.28051416704803706
762,881,119,0.119,0.26952399615943434
776,888,112,0.112,0.2465707692578435
794,897,103,0.103,0.23898311242461204
774,887,113,0.113,0.2288591427281499
796,898,102,0.102,0.2478437370583415
764,882,118,0.118,0.2531964261829853
722,861,139,0.139,0.24883758082985877
778,889,111,0.111,0.2724506291821599
716,858,142,0.142,0.2967319312095642
798,899,101,0.101,0.29132864363491534
726,863,137,0.137,0.299416215762496
746,873,127,0.127,0.29223724543303253
706,853,147,0.147,0.2944022478759289
710,855,145,0.145,0.30013866993784905
702,851,149,0.149,0.30546257106214764
818,909,91,0.091,0.3162199309114367
768,884,116,0.116,0.3108721757454041
790,895,105,0.105,0.29348401810973884
774,887,113,0.113,0.30300691912323235
762,881,119,0.119,0.2764580812575722
744,872,128,0.128,0.27741035652533175
796,898,102,0.102,0.2938802041709423
796,898,102,0.102,0.29250082951602124
776,888,112,0.112,0.3195475173031418
760,880,120,0.12,0.3449873568481778
764,882,118,0.118,0.3451911417320371
734,867,133,0.133,0.3587943861335516
724,862,138,0.138,0.3575481817051768
738,869,131,0.131,0.3414302160702646
758,879,121,0.121,0.3345602579563856
810,905,95,0.095,0.3225034693032503
714,857,143,0.143,0.30615685833245515
716,858,142,0.142,0.2642526076063514
736,868,132,0.132,0.2532394748292863
766,883,117,0.117,0.2528051597177982
772,886,114,0.114,0.2437747258655727
738,869,131,0.131,0.23957034840341657
716,858,142,0.142,0.24295567740499974
764,882,118,0.118,0.24751301934570075
622,811,189,0.189,0.2664715679734945
732,866,134,0.134,0.2854372674350424
800,900,100,0.1,0.2988560788333416
778,889,111,0.111,0.306272492274642
778,889,111,0.111,0.3127277212589979
750,875,125,0.125,0.3041332063674927
780,890,110,0.11,0.2993772585168481
810,905,95,0.095,0.2986165728867054
802,901,99,0.099,0.3061440127342939
766,883,117,0.117,0.30314104101806877
784,892,108,0.108,0.32038801312900617
764,882,118,0.118,0.34604653070122005
716,858,142,0.142,0.38345145965926347
796,898,102,0.102,0.3919970785006881
736,868,132,0.132,0.40536241691932084
736,868,132,0.132,0.421670868486166
742,871,129,0.129,0.4293344857990742
836,918,82,0.082,0.433727196007967
804,902,98,0.098,0.437221565335989
750,875,125,0.125,0.4605091959834099
750,875,125,0.125,0.49120457337331025
728,864,136,0.136,0.48671346965059636
764,882,118,0.118,0.5095056689486374
700,850,150,0.15,0.5183325479030609
780,890,110,0.11,0.5398550898134709
752,876,124,0.124,0.5363017828762531
776,888,112,0.112,0.5458942039906979
772,886,114,0.114,0.5362876676172018
782,891,109,0.109,0.5033556786999106
762,881,119,0.119,0.4960940152737312
758,879,121,0.121,0.4855232971906662
808,904,96,0.096,0.48084264500811696
714,857,143,0.143,0.4820621867738664
776,888,112,0.112,0.5049422782808543
790,895,105,0.105,0.540841567561226
780,890,110,0.11,0.5729457874298096
842,921,79,0.079,0.5892523401677608
744,872,128,0.128,0.5899983052611351
706,853,147,0.147,0.5810737243555486
768,884,116,0.116,0.5775139780342579
816,908,92,0.092,0.5813558436632157
680,840,160,0.16,0.5649398353099823
780,890,110,0.11,0.5862341898679734
794,897,103,0.103,0.599806558251381
716,858,142,0.142,0.5828299717605114
842,921,79,0.079,0.5848909673988819
730,865,135,0.135,0.5741515126526355
764,882,118,0.118,0.5355057864189148
784,892,108,0.108,0.5007494590878486
732,866,134,0.134,0.4937089402228594
802,901,99,0.099,0.4579895310997963
804,902,98,0.098,0.44035388545691967
778,889,111,0.111,0.40924991612834855
802,901,99,0.099,0.41055825937539336
784,892,108,0.108,0.3931417447179556
792,896,104,0.104,0.422189055159688
670,835,165,0.165,0.4210407991707325
784,892,108,0.108,0.4352565957382321
682,841,159,0.159,0.4744042197689414
800,900,100,0.1,0.47905355888605117
748,874,126,0.126,0.4904445253908634
738,869,131,0.131,0.48046696135401723
794,897,103,0.103,0.44289554410427806
732,866,134,0.134,0.42990223674476147
788,894,106,0.106,0.4354572307318449
744,872,128,0.128,0.43467814937233923
770,885,115,0.115,0.4291073356759734
720,860,140,0.14,0.45580071745812895
786,893,107,0.107,0.47217941326647994
780,890,110,0.11,0.48146530698239803
788,894,106,0.106,0.567773684874177
804,902,98,0.098,0.5908273188429739
702,851,149,0.149,0.5883979510720819
782,891,109,0.109,0.5998602407574654
788,894,106,0.106,0.6222890945374966
708,854,146,0.146,0.6200805393755436
804,902,98,0.098,0.6336120847165585
758,879,121,0.121,0.6314840939193964
732,866,134,0.134,0.7179254888892174
720,860,140,0.14,0.730138916470576
712,856,144,0.144,0.7322621201006696
810,905,95,0.095,0.7481453912854195
722,861,139,0.139,0.7530887830853462
700,850,150,0.15,0.7545732370018959
730,865,135,0.135,0.750035561144352
746,873,127,0.127,0.7498202622830867
768,884,116,0.116,0.7374767919462174
814,907,93,0.093,0.7416288904249668
696,848,152,0.152,0.7329396901130676
762,881,119,0.119,0.7254387933909893
742,871,129,0.129,0.7076901437044144
758,879,121,0.121,0.7073584817945957
746,873,127,0.127,0.7047735694646835
736,868,132,0.132,0.6144088745709742
778,889,111,0.111,0.5804273601640015
796,898,102,0.102,0.5717804842144251
766,883,117,0.117,0.5568211963996291
810,905,95,0.095,0.4495996136069298
794,897,103,0.103,0.4219223124459386
710,855,145,0.145,0.4174500830471516
806,903,97,0.097,0.42318924608919767
800,900,100,0.1,0.43591165359448497
770,885,115,0.115,0.4382503251209855
770,885,115,0.115,0.45063127613812687
728,864,136,0.136,0.43053733609616757
768,884,116,0.116,0.5021063056737185
758,879,121,0.121,0.502227262251079
762,881,119,0.119,0.5089262823909521
782,891,109,0.109,0.5085881735384464
780,890,110,0.11,0.525881199285388
732,866,134,0.134,0.49846125191357715
704,852,148,0.148,0.5048336216807365
814,907,93,0.093,0.5251531006917357
720,860,140,0.14,0.5125086780488491
782,891,109,0.109,0.5144520054459572
760,880,120,0.12,0.5124159519554814
728,864,136,0.136,0.5181791752129793
800,900,100,0.1,0.5050615614652634
788,894,106,0.106,0.5188978271165398
784,892,108,0.108,0.5112061655521393
794,897,103,0.103,0.5229836797565222
710,855,145,0.145,0.4705226299762726
796,898,102,0.102,0.4684616028815508
754,877,123,0.123,0.464310765594244
778,889,111,0.111,0.47636612186580896
746,873,127,0.127,0.38957987796515225
752,876,124,0.124,0.38531415655463935
786,893,107,0.107,0.3848128333762288
816,908,92,0.092,0.3961671441048384
762,881,119,0.119,0.396964373357594
800,900,100,0.1,0.38459976617991926
708,854,146,0.146,0.3821900450654041
734,867,133,0.133,0.3954831753522158
716,858,142,0.142,0.4018204751312733
754,877,123,0.123,0.42760856341570613
808,904,96,0.096,0.41779323664307594
732,866,134,0.134,0.4150296082571149
760,880,120,0.12,0.4098164828941226
712,856,144,0.144,0.41385748322308064
752,876,124,0.124,0.41692896438390015
794,897,103,0.103,0.4151605494990945
774,887,113,0.113,0.4165177884399891
758,879,121,0.121,0.4225330150201917
724,862,138,0.138,0.42766540724039076
764,882,118,0.118,0.4547267762199044
716,858,142,0.142,0.48051206523925066
778,889,111,0.111,0.49352954458355636
762,881,119,0.119,0.5048117403984069
776,888,112,0.112,0.5281926289824769
760,880,120,0.12,0.5587440293133259
726,863,137,0.137,0.5485125021189451
754,877,123,0.123,0.5860072376846801
748,874,126,0.126,0.6103340985327959
722,861,139,0.139,0.621454436853528
728,864,136,0.136,0.6285800765603781
720,860,140,0.14,0.6387994765937328
756,878,122,0.122,0.6331981350928545
710,855,145,0.145,0.6182168373316527
750,875,125,0.125,0.6132493871152401
780,890,110,0.11,0.5513186754137278
756,878,122,0.122,0.5200415048310533
754,877,123,0.123,0.5121267373412848
776,888,112,0.112,0.48905707023665307
774,887,113,0.113,0.41785509147914124
724,862,138,0.138,0.40236188988387583
802,901,99,0.099,0.40461024130135775
830,915,85,0.085,0.392336681031622
794,897,103,0.103,0.3824835484648506
784,892,108,0.108,0.36422305646538733
832,916,84,0.084,0.3787045778110623
714,857,143,0.143,0.36109439086914064
768,884,116,0.116,0.3482498570340686
708,854,146,0.146,0.36104392462968826
758,879,121,0.121,0.3619593996554613
838,919,81,0.081,0.3857909028530121
798,899,101,0.101,0.38521755277365444
752,876,124,0.124,0.37224634106284155
736,868,132,0.132,0.37783906581252813
826,913,87,0.087,0.381314423378557
816,908,92,0.092,0.3372665509134531
802,901,99,0.099,0.3154475609585643
774,887,113,0.113,0.31639966410771014
784,892,108,0.108,0.3075757602527738
762,881,119,0.119,0.3078656667508185
738,869,131,0.131,0.3215187316141746
730,865,135,0.135,0.3212165251560509
776,888,112,0.112,0.32213240081071853
704,852,148,0.148,0.32898822640627623
776,888,112,0.112,0.3236849069222808
726,863,137,0.137,0.30899214880447834
756,878,122,0.122,0.31275053991401064
780,890,110,0.11,0.2745267118215561
746,873,127,0.127,0.27101037653908133
764,882,118,0.118,0.2665331823155284
754,877,123,0.123,0.2651273924782872
788,894,106,0.106,0.2649568187706172
730,865,135,0.135,0.2620904589369893
768,884,116,0.116,0.25729114991147073
724,862,138,0.138,0.25102481386438014
786,893,107,0.107,0.23614526298642158
708,854,146,0.146,0.22325273562408984
784,892,108,0.108,0.21712389911711216
784,892,108,0.108,0.20796904331440935
760,880,120,0.12,0.21120761927217246
742,871,129,0.129,0.20206830380111931
790,895,105,0.105,0.2143029928691685
692,846,154,0.154,0.22236033580824732
752,876,124,0.124,0.23621188730746506
816,908,92,0.092,0.2393037483724138
800,900,100,0.1,0.22928022807836532
734,867,133,0.133,0.2142061355225742
774,887,113,0.113,0.20481273159757257
734,867,133,0.133,0.20172468053259923
788,894,106,0.106,0.21433718735352159
808,904,96,0.096,0.22990623996406795
730,865,135,0.135,0.25865491725504397
842,921,79,0.079,0.2658874392099678
760,880,120,0.12,0.2630640690214932
766,883,117,0.117,0.2800869661979378
806,903,97,0.097,0.33906664585391993
736,868,132,0.132,0.34537885458767414
814,907,93,0.093,0.3568683064356446
756,878,122,0.122,0.34831144500523803
756,878,122,0.122,0.33280938616394995
780,890,110,0.11,0.3327047558948398
726,863,137,0.137,0.3227121966537088
728,864,136,0.136,0.32868400318175556
836,918,82,0.082,0.3496390141993761
764,882,118,0.118,0.3480735733299279
792,896,104,0.104,0.34650185599178074
740,870,130,0.13,0.3488460581675172
768,884,116,0.116,0.3614501331374049
770,885,115,0.115,0.3645263453498483
784,892,108,0.108,0.36719557325541974
732,866,134,0.134,0.3719113835170865
754,877,123,0.123,0.372592605384998
762,881,119,0.119,0.3769898745752871
776,888,112,0.112,0.3805760194957256
802,901,99,0.099,0.40479913368076087
782,891,109,0.109,0.4356959789469838
690,845,155,0.155,0.42877102421969177
814,907,93,0.093,0.4350295310541987
784,892,108,0.108,0.4875095603018999
778,889,111,0.111,0.5210458803474586
702,851,149,0.149,0.5102618266791106
752,876,124,0.124,0.5321154416501522
790,895,105,0.105,0.5640777644515037
750,875,125,0.125,0.5809773762673139
762,881,119,0.119,0.5925046803315636
782,891,109,0.109,0.5957299479615527
694,847,153,0.153,0.6331331223845482
790,895,105,0.105,0.6498690951019526
800,900,100,0.1,0.6534546730965376
780,890,110,0.11,0.6555563115477562
800,900,100,0.1,0.6839386729598045
686,843,157,0.157,0.6770875522494316
716,858,142,0.142,0.6825944991111755
732,866,134,0.134,0.689336360424757
746,873,127,0.127,0.692796206496656
756,878,122,0.122,0.6962132823318243
748,874,126,0.126,0.6912551367282868
774,887,113,0.113,0.6868569025695324
710,855,145,0.145,0.6474107075631619
788,894,106,0.106,0.6542660530954599
758,879,121,0.121,0.6431608753502369
782,891,109,0.109,0.6562549701035023
734,867,133,0.133,0.6487770871638495
794,897,103,0.103,0.656963245332241
766,883,117,0.117,0.655102785333991
778,889,111,0.111,0.6506173552125692
714,857,143,0.143,0.559898511081934
814,907,93,0.093,0.5621147725954652
756,878,122,0.122,0.5586404179930687
772,886,114,0.114,0.5354158431962133
742,871,129,0.129,0.43889073633402587
782,891,109,0.109,0.4308801870793104
782,891,109,0.109,0.43274541436880826
802,901,99,0.099,0.4363700953684747
734,867,133,0.133,0.4194164039343595
774,887,113,0.113,0.42728423603167176
776,888,112,0.112,0.42822927961209645
810,905,95,0.095,0.4435344810038805
750,875,125,0.125,0.4672293066158891
802,901,99,0.099,0.47844605197757484
714,857,143,0.143,0.4815238936394453
840,920,80,0.08,0.5058352449610829
712,856,144,0.144,0.5602558920383454
772,886,114,0.114,0.5774312342405319
750,875,125,0.125,0.5835667522400617
744,872,128,0.128,0.5829058095515399
792,896,104,0.104,0.6598776606917381
754,877,123,0.123,0.6585238804143678
794,897,103,0.103,0.6691269095870667
786,893,107,0.107,0.654474683508277
778,889,111,0.111,0.6622249898910523
786,893,107,0.107,0.6597018835766667
740,870,130,0.13,0.6558782349526883
650,825,175,0.175,0.6558643125593663
748,874,126,0.126,0.662821277492607
788,894,106,0.106,0.6688751912415027
758,879,121,0.121,0.6579092840198427
730,865,135,0.135,0.6527220903635025
756,878,122,0.122,0.6444278719425202
792,896,104,0.104,0.6427969186902046
728,864,136,0.136,0.6207636105269194
746,873,127,0.127,0.6213655248731375
746,873,127,0.127,0.627146616101265
752,876,124,0.124,0.6247248514294624
736,868,132,0.132,0.6181690002828837
766,883,117,0.117,0.6201364873051644
770,885,115,0.115,0.6115279779434204
772,886,114,0.114,0.6006544807702303
776,888,112,0.112,0.5674611257570795
776,888,112,0.112,0.5619876977875828
794,897,103,0.103,0.5502471584454178
770,885,115,0.115,0.543645489058343
728,864,136,0.136,0.5260440519675612
780,890,110,0.11,0.5254486498385668
682,841,159,0.159,0.48270700469613076
712,856,144,0.144,0.5060436056926847
776,888,112,0.112,0.497901473610538
764,882,118,0.118,0.5051885452419519
772,886,114,0.114,0.4990871470347047
792,896,104,0.104,0.5043515007719398
752,876,124,0.124,0.5225085863992572
720,860,140,0.14,0.5351138988211751
744,872,128,0.128,0.5333764478079974
792,896,104,0.104,0.5590996078923345
772,886,114,0.114,0.5762820315328426
704,852,148,0.148,0.5652259452491999
722,861,139,0.139,0.5992744444534183
746,873,127,0.127,0.5968028889298439
752,876,124,0.124,0.6045141700655222
658,829,171,0.171,0.6129731051046861
730,865,135,0.135,0.6258872469887138
766,883,117,0.117,0.6297895926684142
790,895,105,0.105,0.6552260805964469
744,872,128,0.128,0.6640049205422401
760,880,120,0.12,0.6674166970849037
706,853,147,0.147,0.6675967889428138
688,844,156,0.156,0.6793984378874302
754,877,123,0.123,0.6889135293066502
746,873,127,0.127,0.6849328151345253
730,865,135,0.135,0.688618736743927
772,886,114,0.114,0.6754050415591337
706,853,147,0.147,0.6399267957806587
806,903,97,0.097,0.6550861025938357
754,877,123,0.123,0.6333252058029175
744,872,128,0.128,0.5595619108006358
768,884,116,0.116,0.5077419166266919
784,892,108,0.108,0.5223245053514838
746,873,127,0.127,0.5091590685248375
782,891,109,0.109,0.4230860631018877
744,872,128,0.128,0.3983120910078287
780,890,110,0.11,0.4075776517365072
770,885,115,0.115,0.3756395922899246
760,880,120,0.12,0.34145971162400385
822,911,89,0.089,0.3271326442677528
806,903,97,0.097,0.3290127144176513
748,874,126,0.126,0.3200767951644957
708,854,146,0.146,0.30088592782244084
756,878,122,0.122,0.29817836010828613
754,877,123,0.123,0.2939652007110417
804,902,98,0.098,0.2946071331240237
740,870,130,0.13,0.2903489605892282
850,925,75,0.075,0.307845738325268
780,890,110,0.11,0.31260715732350947
736,868,132,0.132,0.2900653373903383
762,881,119,0.119,0.28891363105899653
652,826,174,0.174,0.28737550642341375
770,885,115,0.115,0.2974990810751915
748,874,126,0.126,0.30151127120759336
758,879,121,0.121,0.2942499540419085
726,863,137,0.137,0.29059421299147653
810,905,95,0.095,0.3001638169810176
738,869,131,0.131,0.28020986197516323
736,868,132,0.132,0.2579623394757509
740,870,130,0.13,0.27379285569238937
766,883,117,0.117,0.26733205197378995
824,912,88,0.088,0.27943767013773324
766,883,117,0.117,0.30314586052259257
802,901,99,0.099,0.3170723159536719
748,874,126,0.126,0.3241164541915059
752,876,124,0.124,0.33581647032027834
784,892,108,0.108,0.3825234936662018
738,869,131,0.131,0.363630425024312
740,870,130,0.13,0.3786504819912661
800,900,100,0.1,0.4129589706212282
736,868,132,0.132,0.3989395765848458
812,906,94,0.094,0.409848668333143
790,895,105,0.105,0.40447504857834427
652,826,174,0.174,0.3901907083550468
778,889,111,0.111,0.3591741459667683
800,900,100,0.1,0.35727242632955314
784,892,108,0.108,0.3502189689153802
724,862,138,0.138,0.31006027202731573
796,898,102,0.102,0.3062923653796315
746,873,127,0.127,0.2894869665345177
780,890,110,0.11,0.294532084852457
762,881,119,0.119,0.2907843971773982
744,872,128,0.128,0.29266758378071245
792,896,104,0.104,0.3031722645163536
796,898,102,0.102,0.30576744854822757
768,884,116,0.116,0.29809636318311095
770,885,115,0.115,0.29065062779188156
774,887,113,0.113,0.2950217434056103
788,894,106,0.106,0.3014529447226834
730,865,135,0.135,0.32054101232253013
792,896,104,0.104,0.34408548319051624
766,883,117,0.117,0.35919963075965644
786,893,107,0.107,0.36801703364774585
826,913,87,0.087,0.3744771765984941
750,875,125,0.125,0.3536442739069462
758,879,121,0.121,0.3462731346003711
776,888,112,0.112,0.33187694400921464
754,877,123,0.123,0.30185313618195847
678,839,161,0.161,0.2878500245474279
742,871,129,0.129,0.3055231326674111
764,882,118,0.118,0.31873918091878295
780,890,110,0.11,0.33761627108231185
766,883,117,0.117,0.34037099754065275
764,882,118,0.118,0.35675786155834793
810,905,95,0.095,0.3612322205118835
756,878,122,0.122,0.4017156158462167
738,869,131,0.131,0.42064329382777216
786,893,107,0.107,0.4546193666607142
728,864,136,0.136,0.48480494671314955
752,876,124,0.124,0.5496968661360443
750,875,125,0.125,0.5772280181604292
762,881,119,0.119,0.5908242053241757
780,890,110,0.11,0.6023886745423078
726,863,137,0.137,0.6159400110952847
772,886,114,0.114,0.6210627505332231
786,893,107,0.107,0.6274961514174938
770,885,115,0.115,0.6340228497484932
798,899,101,0.101,0.6292625275855126
788,894,106,0.106,0.6315489114969969
764,882,118,0.118,0.6334587881267071
756,878,122,0.122,0.6347646011803445
742,871,129,0.129,0.6484942864924669
770,885,115,0.115,0.6412956443798467
784,892,108,0.108,0.6520466804383322
768,884,116,0.116,0.6545348171293736
748,874,126,0.126,0.6548782633244992
778,889,111,0.111,0.6521551725864411
734,867,133,0.133,0.6486293300692059
762,881,119,0.119,0.6352154679186642
730,865,135,0.135,0.590066126111411
770,885,115,0.115,0.5915760787948966
752,876,124,0.124,0.5686684688819987
802,901,99,0.099,0.5561413307934999
756,878,122,0.122,0.5343411186337471
758,879,121,0.121,0.5247997715547681
738,869,131,0.131,0.5110861733238473
798,899,101,0.101,0.5180131824858981
776,888,112,0.112,0.5177890335395933
742,871,129,0.129,0.486564885340631
746,873,127,0.127,0.48815380515903234
788,894,106,0.106,0.4922774636149406
792,896,104,0.104,0.5019100212603808
782,891,109,0.109,0.4875213617095724
828,914,86,0.086,0.5052766158878803
808,904,96,0.096,0.5142672769024305
738,869,131,0.131,0.5087917915071989
750,875,125,0.125,0.5044831503108144
784,892,108,0.108,0.5187175871282816
796,898,102,0.102,0.5224581736265682
762,881,119,0.119,0.5179246682450175
704,852,148,0.148,0.5168383398205042
738,869,131,0.131,0.5229113724306226
758,879,121,0.121,0.5333258846476674
772,886,114,0.114,0.5520673183351755
764,882,118,0.118,0.5378949962258339
768,884,116,0.116,0.5515091428607702
776,888,112,0.112,0.5332397698834539
698,849,151,0.151,0.4918751169368625
786,893,107,0.107,0.49434322747588155
800,900,100,0.1,0.48850793655216695
840,920,80,0.08,0.5075696584531106
754,877,123,0.123,0.5141748627112247
760,880,120,0.12,0.5519318895153701
750,875,125,0.125,0.564275704331696
730,865,135,0.135,0.5713591752499342
758,879,121,0.121,0.5874816883057355
792,896,104,0.104,0.5970469605624732
786,893,107,0.107,0.6133952897340059
742,871,129,0.129,0.5905965643823147
792,896,104,0.104,0.604827296063304
728,864,136,0.136,0.590557528603822
798,899,101,0.101,0.5957349897325039
752,876,124,0.124,0.5785604071468115
756,878,122,0.122,0.5549492683579678
810,905,95,0.095,0.5739911168664694
726,863,137,0.137,0.5741227730289101
782,891,109,0.109,0.5838215544447303
720,860,140,0.14,0.566427124902606
738,869,131,0.131,0.562169862896204
736,868,132,0.132,0.5737773196101189
752,876,124,0.124,0.5475706018313058
770,885,115,0.115,0.5744075171342624
726,863,137,0.137,0.5497279206898529
754,877,123,0.123,0.5279983298331499
762,881,119,0.119,0.499846451542532
824,912,88,0.088,0.5120689006000757
756,878,122,0.122,0.4857757362946868
754,877,123,0.123,0.4326508864687057
770,885,115,0.115,0.44165181515365837
730,865,135,0.135,0.41451384079456327
784,892,108,0.108,0.4141244418993592
754,877,123,0.123,0.3878619859330356
774,887,113,0.113,0.3883874856724265
792,896,104,0.104,0.3820301288366318
814,907,93,0.093,0.3975448331609368
788,894,106,0.106,0.3589541079383343
796,898,102,0.102,0.3246526960358024
754,877,123,0.123,0.3304450184367597
760,880,120,0.12,0.3261820461675525
756,878,122,0.122,0.32343499870598313
768,884,116,0.116,0.32683425272628663
778,889,111,0.111,0.32930724311061915
726,863,137,0.137,0.33329565365239977
784,892,108,0.108,0.3311409991905093
786,893,107,0.107,0.32739329232834097
738,869,131,0.131,0.31186716005951165
774,887,113,0.113,0.313906872715801
772,886,114,0.114,0.2820589704439044
772,886,114,0.114,0.2794030764400959
814,907,93,0.093,0.28025928076947126
764,882,118,0.118,0.2669343886189163
804,902,98,0.098,0.3198585451040417
792,896,104,0.104,0.3217888457723893
768,884,116,0.116,0.3451796390339732
784,892,108,0.108,0.34994469809997825
784,892,108,0.108,0.41316172698140147
770,885,115,0.115,0.39873093181848523
750,875,125,0.125,0.38505221766675823
798,899,101,0.101,0.4150774592226458
842,921,79,0.079,0.39367603972926735
800,900,100,0.1,0.393819230155088
792,896,104,0.104,0.40020970177743587
736,868,132,0.132,0.385873162407428
742,871,129,0.129,0.44230995505489407
806,903,97,0.097,0.48004135086387395
772,886,114,0.114,0.5128839069828391
794,897,103,0.103,0.5175930172652006
774,887,113,0.113,0.6076511226296425
776,888,112,0.112,0.6176947877258062
794,897,103,0.103,0.6285661170855165
760,880,120,0.12,0.628862405911088
786,893,107,0.107,0.650104345023632
788,894,106,0.106,0.66911545817554
726,863,137,0.137,0.657305535776075
786,893,107,0.107,0.670592708826065
788,894,106,0.106,0.6850465545356274
748,874,126,0.126,0.6937383695542813
784,892,108,0.108,0.6869370472133159
774,887,113,0.113,0.6907308004498481
746,873,127,0.127,0.6902497588098049
770,885,115,0.115,0.6934993711709976
742,871,129,0.129,0.6870188276469708
746,873,127,0.127,0.6867477340102196
740,870,130,0.13,0.688110381424427
726,863,137,0.137,0.6865878301858902
792,896,104,0.104,0.6950238362550736
788,894,106,0.106,0.6852009905725718
780,890,110,0.11,0.6895066620260477
750,875,125,0.125,0.6781451650559902
744,872,128,0.128,0.6882344901263714
760,880,120,0.12,0.6804253806620836
772,886,114,0.114,0.6789886011481285
710,855,145,0.145,0.6697836714109444
738,869,131,0.131,0.6687985241413117
718,859,141,0.141,0.6698708704919555
750,875,125,0.125,0.6700363378226757
716,858,142,0.142,0.6681834738962352
752,876,124,0.124,0.6713042266070842
688,844,156,0.156,0.6731349646449089
758,879,121,0.121,0.6707941543618071
762,881,119,0.119,0.6470646775479192
784,892,108,0.108,0.6389557908773422
802,901,99,0.099,0.6225390985310078
776,888,112,0.112,0.6053736650124192
764,882,118,0.118,0.5929562709778547
786,893,107,0.107,0.5805284191891551
756,878,122,0.122,0.5682893208488822
730,865,135,0.135,0.5799372396686813
778,889,111,0.111,0.5660727654993534
788,894,106,0.106,0.5786633099541068
746,873,127,0.127,0.5659868484735489
746,873,127,0.127,0.5435796079784632
730,865,135,0.135,0.5525599451363087
714,857,143,0.143,0.5427888727964019
764,882,118,0.118,0.5532300506606698
762,881,119,0.119,0.568259501889348
804,902,98,0.098,0.5961026378273964
722,861,139,0.139,0.6249192014858127
748,874,126,0.126,0.6471285270154477
734,867,133,0.133,0.6385646874182858
802,901,99,0.099,0.6448964658061427
762,881,119,0.119,0.6219708046913147
722,861,139,0.139,0.6193182393535972
728,864,136,0.136,0.6000106332227587
770,885,115,0.115,0.6054040822437889
742,871,129,0.129,0.5934643655791879
804,902,98,0.098,0.6261324328026676
756,878,122,0.122,0.6052471059560776
802,901,99,0.099,0.6259916304647922
786,893,107,0.107,0.6419428820759058
734,867,133,0.133,0.6345671437531709
728,864,136,0.136,0.6352952796444297
752,876,124,0.124,0.6605283644348383
780,890,110,0.11,0.6857068527340889
684,842,158,0.158,0.6682245044112205
698,849,151,0.151,0.6919584790898942
772,886,114,0.114,0.6976702557504177
774,887,113,0.113,0.7120946685522794
736,868,132,0.132,0.7040758693643584
786,893,107,0.107,0.7119609673023224
732,866,134,0.134,0.7021218630969525
808,904,96,0.096,0.7041599440723657
728,864,136,0.136,0.7046064198166132
816,908,92,0.092,0.702224005907774
752,876,124,0.124,0.6955633093714714
704,852,148,0.148,0.7014027930647134
750,875,125,0.125,0.715392926260829
776,888,112,0.112,0.715235117688775
716,858,142,0.142,0.6901864965483546
792,896,104,0.104,0.6909133613109588
808,904,96,0.096,0.6939267865150396
820,910,90,0.09,0.7138892866820097
772,886,114,0.114,0.6856312753114814
798,899,101,0.101,0.6760227053314447
808,904,96,0.096,0.6945611013174057
742,871,129,0.129,0.6749837052598595
810,905,95,0.095,0.6509770668633282
774,887,113,0.113,0.6309590490981937
834,917,83,0.083,0.647314769372344
826,913,87,0.087,0.6397775308415293
770,885,115,0.115,0.6089357038846356
722,861,139,0.139,0.6017152960300446
760,880,120,0.12,0.6114334862865508
800,900,100,0.1,0.6069990335032344
728,864,136,0.136,0.6296229763627053
736,868,132,0.132,0.6077938397228718
744,872,128,0.128,0.5854803608804942
780,890,110,0.11,0.5982203453119146
770,885,115,0.115,0.5292372442558407
716,858,142,0.142,0.5024385708123446
706,853,147,0.147,0.48636047741398214
742,871,129,0.129,0.49724279130622745
732,866,134,0.134,0.4438591969609261
748,874,126,0.126,0.43784070589393376
758,879,121,0.121,0.43478988837078214
768,884,116,0.116,0.44587021445855496
818,909,91,0.091,0.41825975257297976
720,860,140,0.14,0.38733346343040465
840,920,80,0.08,0.40387688667327165
734,867,133,0.133,0.38237621299922464
786,893,107,0.107,0.3936327854730189
816,908,92,0.092,0.3981379933580756
760,880,120,0.12,0.3945708061158657
746,873,127,0.127,0.39259089072421194
794,897,103,0.103,0.4062198134623468
762,881,119,0.119,0.40402816293016075
710,855,145,0.145,0.3990860293395817
782,891,109,0.109,0.4063789130039513
782,891,109,0.109,0.40914356521046574
706,853,147,0.147,0.40142175898700955
714,857,143,0.143,0.4161333762668073
812,906,94,0.094,0.438550969209522
762,881,119,0.119,0.4379993003420532
752,876,124,0.124,0.4470673389136791
750,875,125,0.125,0.43951481324248015
760,880,120,0.12,0.4359969846648755
714,857,143,0.143,0.421006596589461
834,917,83,0.083,0.45196081449836495
732,866,134,0.134,0.4193062253296375
770,885,115,0.115,0.4354248945079744
740,870,130,0.13,0.4024494732881087
764,882,118,0.118,0.39307034289836884
784,892,108,0.108,0.39844987036526436
804,902,98,0.098,0.4092214083857834
786,893,107,0.107,0.4524195594675839
784,892,108,0.108,0.48306695425882934
774,887,113,0.113,0.5028839442543686
820,910,90,0.09,0.49809492117585613
804,902,98,0.098,0.5618834696635604
730,865,135,0.135,0.5602188160624355
738,869,131,0.131,0.5887510713320225
730,865,135,0.135,0.5842706970646977
762,881,119,0.119,0.6118656498342753
746,873,127,0.127,0.6171511967480182
780,890,110,0.11,0.6273542384984903
726,863,137,0.137,0.6181277272083421
796,898,102,0.102,0.6433286360576749
718,859,141,0.141,0.6122472603321075
840,920,80,0.08,0.6280684638544917
736,868,132,0.132,0.5888539866358041
778,889,111,0.111,0.5670098766535521
780,890,110,0.11,0.5793058704212308
748,874,126,0.126,0.5543313956869024
756,878,122,0.122,0.5538318851739168
714,857,143,0.143,0.5469713175470824
790,895,105,0.105,0.5610632698312402
808,904,96,0.096,0.5629361499845982
766,883,117,0.117,0.5437563119530677
776,888,112,0.112,0.5494619664698839
722,861,139,0.139,0.5521602273061872
744,872,128,0.128,0.5681967940032482
798,899,101,0.101,0.5881176871359348
802,901,99,0.099,0.6206713784486055
750,875,125,0.125,0.6214861776388048
766,883,117,0.117,0.6499379775524139
762,881,119,0.119,0.6520483990386129
812,906,94,0.094,0.6575038274303079
748,874,126,0.126,0.64167041131109
714,857,143,0.143,0.624195190384984
804,902,98,0.098,0.623758246615529
772,886,114,0.114,0.6160526730790734
708,854,146,0.146,0.5780595111474395
678,839,161,0.161,0.5638507445752621
848,924,76,0.076,0.6031479269042611
740,870,130,0.13,0.585477661035955
764,882,118,0.118,0.582190715149045
782,891,109,0.109,0.5628407933935523
742,871,129,0.129,0.5402733527421951
782,891,109,0.109,0.5583819857165218
704,852,148,0.148,0.5370495808087289
832,916,84,0.084,0.5765753639265895
794,897,103,0.103,0.5934260576665401
692,846,154,0.154,0.5859234040230512
766,883,117,0.117,0.5909120384454727
700,850,150,0.15,0.6025848654806614
746,873,127,0.127,0.6011095524802804
704,852,148,0.148,0.5986771744713187
768,884,116,0.116,0.6118656823113561
734,867,133,0.133,0.5910128094214014
748,874,126,0.126,0.5802069672867656
738,869,131,0.131,0.5730130912512541
738,869,131,0.131,0.5667367169186472
740,870,130,0.13,0.5699220991134644
824,912,88,0.088,0.5782341813147068
752,876,124,0.124,0.5891985571682453
784,892,108,0.108,0.590248919904232
790,895,105,0.105,0.6114427206516266
782,891,109,0.109,0.6222114781141281
722,861,139,0.139,0.6302864571213722
664,832,168,0.168,0.6184445098042488
742,871,129,0.129,0.6559380915090441
770,885,115,0.115,0.6848112427443266
792,896,104,0.104,0.6781373813897371
710,855,145,0.145,0.6678758030384779
696,848,152,0.152,0.6581488470733166
708,854,146,0.146,0.6870933248922229
750,875,125,0.125,0.6901098374202848
750,875,125,0.125,0.7014713501613588
696,848,152,0.152,0.7013950450196862
786,893,107,0.107,0.7260196531265974
774,887,113,0.113,0.7069792948961258
756,878,122,0.122,0.7162135722860694
746,873,127,0.127,0.7056999336257577
764,882,118,0.118,0.7009519855530756
732,866,134,0.134,0.6967822139710188
784,892,108,0.108,0.6701242315620184
768,884,116,0.116,0.6561429513917394
756,878,122,0.122,0.63241968087852
786,893,107,0.107,0.6263301106095314
748,874,126,0.126,0.6031941831856966
782,891,109,0.109,0.6097592954337597
790,895,105,0.105,0.6100133137777448
776,888,112,0.112,0.6359176321625709
704,852,148,0.148,0.6548189716562629
744,872,128,0.128,0.6849235686287284
826,913,87,0.087,0.6928565803393721
728,864,136,0.136,0.686177309538797
800,900,100,0.1,0.6925699014365673
768,884,116,0.116,0.6805525232263194
730,865,135,0.135,0.6715916889086365
768,884,116,0.116,0.6689484976157546
784,892,108,0.108,0.6499103852659464
726,863,137,0.137,0.6414462191686034
752,876,124,0.124,0.6375835275873541
776,888,112,0.112,0.6333142186403274
734,867,133,0.133,0.6524799617677927
756,878,122,0.122,0.6798372355699539
780,890,110,0.11,0.6956807977073477
752,876,124,0.124,0.7041930290684104
692,846,154,0.154,0.7029314196631312
736,868,132,0.132,0.6904299479839392
778,889,111,0.111,0.7076530331745744
774,887,113,0.113,0.7180083146095276
718,859,141,0.141,0.71914125472866
698,849,151,0.151,0.7041420679688454
752,876,124,0.124,0.719449552222155
730,865,135,0.135,0.6969533456042409
752,876,124,0.124,0.7089238212583586
782,891,109,0.109,0.7055165282338858
750,875,125,0.125,0.6903793166428804
752,876,124,0.124,0.6270547621778678
754,877,123,0.123,0.6320906785428524
760,880,120,0.12,0.6097727927416563
764,882,118,0.118,0.594686234921217
760,880,120,0.12,0.5740232501998543
730,865,135,0.135,0.5544560769759118
818,909,91,0.091,0.5748568782173097
736,868,132,0.132,0.5241791752595455
780,890,110,0.11,0.5067255506664514
746,873,127,0.127,0.487344234678951
722,861,139,0.139,0.5025441014803466
754,877,123,0.123,0.514131869185716
764,882,118,0.118,0.5280327008366584
736,868,132,0.132,0.5098850384503603
746,873,127,0.127,0.5212477183155716
748,874,126,0.126,0.5472225770652294
738,869,131,0.131,0.5419770818501711
786,893,107,0.107,0.5648408295289312
710,855,145,0.145,0.5352944116219878
696,848,152,0.152,0.5321806817390025
730,865,135,0.135,0.5368715367168189
766,883,117,0.117,0.523641041520983
684,842,158,0.158,0.5063417228981852
856,928,72,0.072,0.5320877882018685
780,890,110,0.11,0.5101996003612876
810,905,95,0.095,0.4902329920269549
784,892,108,0.108,0.4904419809393585
794,897,103,0.103,0.44786839670315387
764,882,118,0.118,0.4521636018902063
770,885,115,0.115,0.4575239894296974
784,892,108,0.108,0.4578540194630623
758,879,121,0.121,0.465005300167948
742,871,129,0.129,0.4431652326658368
742,871,129,0.129,0.44809639907628296
766,883,117,0.117,0.4437509358227253
738,869,131,0.131,0.4064352373480797
782,891,109,0.109,0.3797234391241218
766,883,117,0.117,0.36345983884856103
646,823,177,0.177,0.32316871686698867
758,879,121,0.121,0.33865081958658994
732,866,134,0.134,0.33663197479769585
774,887,113,0.113,0.34617161959409715
710,855,145,0.145,0.3649631221704185
756,878,122,0.122,0.3782603571675718
764,882,118,0.118,0.37772347483411434
790,895,105,0.105,0.394218846488744
778,889,111,0.111,0.38135877606645224
766,883,117,0.117,0.4097624638080597
820,910,90,0.09,0.41950567793287336
756,878,122,0.122,0.4248732542581856
762,881,119,0.119,0.4660415792912245
774,887,113,0.113,0.4853103864789009
744,872,128,0.128,0.48698221835494043
804,902,98,0.098,0.52154575952515
802,901,99,0.099,0.5198265721253993
784,892,108,0.108,0.4972054255437106
744,872,128,0.128,0.48542846282571556
716,858,142,0.142,0.4824248780906164
734,867,133,0.133,0.5367246027775109
790,895,105,0.105,0.5582351208254694
722,861,139,0.139,0.5498520058311115
770,885,115,0.115,0.5624542803950607
736,868,132,0.132,0.6250969153861806
710,855,145,0.145,0.6409085054919124
806,903,97,0.097,0.6556388813480735
744,872,128,0.128,0.6323682355806232
706,853,147,0.147,0.6807987631366123
692,846,154,0.154,0.6670523679107427
774,887,113,0.113,0.6896516010612249
736,868,132,0.132,0.6762650181651115
772,886,114,0.114,0.6917883505672217
732,866,134,0.134,0.6828651184886694
802,901,99,0.099,0.6848325185924768
800,900,100,0.1,0.6809144319593906
762,881,119,0.119,0.6682592564970254
792,896,104,0.104,0.6812720204347861
728,864,136,0.136,0.6810885360687972
784,892,108,0.108,0.689997652977705
722,861,139,0.139,0.6735193649530411
740,870,130,0.13,0.6774247725754976
760,880,120,0.12,0.6729315369129181
756,878,122,0.122,0.6677303557395935
732,866,134,0.134,0.6423296649158001
726,863,137,0.137,0.6370322047322988
804,902,98,0.098,0.6626104371994734
728,864,136,0.136,0.6362715644612909
814,907,93,0.093,0.6483791968747974
778,889,111,0.111,0.6446365230679512
734,867,133,0.133,0.626649676553905
800,900,100,0.1,0.6430507463291287
792,896,104,0.104,0.6633068092092872
738,869,131,0.131,0.6657587058916687
712,856,144,0.144,0.6591671527251601
756,878,122,0.122,0.674158745586872
728,864,136,0.136,0.6780570579916239
684,842,158,0.158,0.68261529866606
750,875,125,0.125,0.679752853833139
764,882,118,0.118,0.6804432430267334
736,868,132,0.132,0.6180101517215371
810,905,95,0.095,0.6241902523562313
754,877,123,0.123,0.6027313145250082
822,911,89,0.089,0.567484007269144
764,882,118,0.118,0.4875956237297505
782,891,109,0.109,0.48297191769257186
762,881,119,0.119,0.4729501077244595
764,882,118,0.118,0.40999233415834757
748,874,126,0.126,0.41513071243464944
802,901,99,0.099,0.4002731614559889
770,885,115,0.115,0.40161504125536884
790,895,105,0.105,0.3989740813151002
790,895,105,0.105,0.3869971033092588
746,873,127,0.127,0.38286550765670835
820,910,90,0.09,0.3976982108745724
800,900,100,0.1,0.42063224590018483
830,915,85,0.085,0.42933194552455095
770,885,115,0.115,0.4301534291896969
784,892,108,0.108,0.4352059390414506
754,877,123,0.123,0.48383904434740543
798,899,101,0.101,0.518078018065542
754,877,123,0.123,0.5349170557148755
750,875,125,0.125,0.5355131831169129
766,883,117,0.117,0.5189161139652133
822,911,89,0.089,0.5421744024194777
780,890,110,0.11,0.519038853470236
736,868,132,0.132,0.5380809617824852
742,871,129,0.129,0.5578753109425306
700,850,150,0.15,0.5609152497015893
738,869,131,0.131,0.590074868015945
762,881,119,0.119,0.5940545504391194
716,858,142,0.142,0.6259328598026186
736,868,132,0.132,0.6393405101671815
698,849,151,0.151,0.6370060696229338
820,910,90,0.09,0.6503502888306976
796,898,102,0.102,0.617328838005662
764,882,118,0.118,0.6230021197633148
804,902,98,0.098,0.6011504684910178
784,892,108,0.108,0.6089102965928614
786,893,107,0.107,0.5791707360111177
792,896,104,0.104,0.5742637085057795
748,874,126,0.126,0.5668870883919299
730,865,135,0.135,0.5745765964053571
782,891,109,0.109,0.5805643069259823
752,876,124,0.124,0.5900815121670021
744,872,128,0.128,0.5896342914365234
806,903,97,0.097,0.6072142060212791
742,871,129,0.129,0.5850242095813155
786,893,107,0.107,0.5749505390304003
750,875,125,0.125,0.5775117124067037
762,881,119,0.119,0.5627934233248234
670,835,165,0.165,0.5607998810820282
746,873,127,0.127,0.5744306760216131
766,883,117,0.117,0.5842287932038307
754,877,123,0.123,0.5908089825063944
712,856,144,0.144,0.56148607686162
736,868,132,0.132,0.5353701150026172
760,880,120,0.12,0.5278870512805879
770,885,115,0.115,0.514398005116731
710,855,145,0.145,0.4971138290464878
752,876,124,0.124,0.4864502338171005
742,871,129,0.129,0.4769080864749849
838,919,81,0.081,0.4982404946945608
688,844,156,0.156,0.4936901991255581
780,890,110,0.11,0.5202023520469665
784,892,108,0.108,0.5439040696099401
664,832,168,0.168,0.5254500004313886
696,848,152,0.152,0.5530179446488619
644,822,178,0.178,0.5388314761780202
702,851,149,0.149,0.5666595202498138
800,900,100,0.1,0.5651376205459238
798,899,101,0.101,0.5584202232188509
778,889,111,0.111,0.5655025712810456
790,895,105,0.105,0.5652751604244113
700,850,150,0.15,0.5295062267370522
754,877,123,0.123,0.5616543400026858
790,895,105,0.105,0.5933375615626574
762,881,119,0.119,0.629347690679133
768,884,116,0.116,0.616243763897568
772,886,114,0.114,0.6655394611243841
724,862,138,0.138,0.6765660107173026
782,891,109,0.109,0.7050392678305507
714,857,143,0.143,0.6702687711624312
780,890,110,0.11,0.7006997152976692
820,910,90,0.09,0.7311602102927863
730,865,135,0.135,0.7010850304365158
774,887,113,0.113,0.7091046457663178
742,871,129,0.129,0.7175573506206274
812,906,94,0.094,0.7353664208427072
722,861,139,0.139,0.7206451477557421
794,897,103,0.103,0.7368144115023315
736,868,132,0.132,0.7311593735963107
802,901,99,0.099,0.7178084975630045
778,889,111,0.111,0.694041085228324
764,882,118,0.118,0.6787730349595659
740,870,130,0.13,0.6678551198444842
760,880,120,0.12,0.6228312058635056
764,882,118,0.118,0.6039708644747734
756,878,122,0.122,0.588865075469017
756,878,122,0.122,0.5941017306409776
798,899,101,0.101,0.6033100997880101
726,863,137,0.137,0.5693039314635098
716,858,142,0.142,0.5466085626631976
790,895,105,0.105,0.5657841273266823
804,902,98,0.098,0.5290472479220479
766,883,117,0.117,0.5014252874329687
768,884,116,0.116,0.5236030106637627
686,843,157,0.157,0.4834863882642239
782,891,109,0.109,0.490300348777324
744,872,128,0.128,0.4532672413662076
782,891,109,0.109,0.46188384857401255
820,910,90,0.09,0.47727632978931067
708,854,146,0.146,0.4255441901367158
754,877,123,0.123,0.4525137701034546
724,862,138,0.138,0.44859095822647216
806,903,97,0.097,0.46800068323872984
780,890,110,0.11,0.4577950442901076
740,870,130,0.13,0.45223366685025396
738,869,131,0.131,0.449537587672472
776,888,112,0.112,0.4441090498706326
820,910,90,0.09,0.47700109736528246
760,880,120,0.12,0.4800236449595541
754,877,123,0.123,0.48663321166392415
756,878,122,0.122,0.5105917820874601
792,896,104,0.104,0.5327805930357427
684,842,158,0.158,0.5415582003642048
732,866,134,0.134,0.5349400433041155
714,857,143,0.143,0.5607864008042961
726,863,137,0.137,0.5463986001405865
828,914,86,0.086,0.5889137014504522
750,875,125,0.125,0.529212022183463
664,832,168,0.168,0.5282416466735304
844,922,78,0.078,0.5702873973920941
782,891,109,0.109,0.5157595586385578
742,871,129,0.129,0.5041016994249076
748,874,126,0.126,0.5303244069498032
776,888,112,0.112,0.5435980197899044
832,916,84,0.084,0.5796605666596443
788,894,106,0.106,0.5964193999096751
764,882,118,0.118,0.5692086364850402
750,875,125,0.125,0.5847748707104474
718,859,141,0.141,0.5107572656311095
752,876,124,0.124,0.5240282181184739
788,894,106,0.106,0.4867593227084726
808,904,96,0.096,0.4856977702039395
738,869,131,0.131,0.4214908837694675
830,915,85,0.085,0.4357476541893557
786,893,107,0.107,0.3879452645713463
740,870,130,0.13,0.34557829387742095
736,868,132,0.132,0.3682289043702185
728,864,136,0.136,0.3534206091443775
718,859,141,0.141,0.3821813149964437
748,874,126,0.126,0.4006543864775449
736,868,132,0.132,0.41895024296455086
730,865,135,0.135,0.4206719005499035
808,904,96,0.096,0.4986177589362487
762,881,119,0.119,0.45535107691895427
734,867,133,0.133,0.48776393944676966
754,877,123,0.123,0.4756702895555645
778,889,111,0.111,0.4871629044264555
760,880,120,0.12,0.4613932199580595
772,886,114,0.114,0.49719829339906574
754,877,123,0.123,0.49417295535560696
740,870,130,0.13,0.5175434719687327
748,874,126,0.126,0.537238708242774
740,870,130,0.13,0.6127825703546314
758,879,121,0.121,0.6301428095661104
754,877,123,0.123,0.7175498725980578
756,878,122,0.122,0.7315330205075443
762,881,119,0.119,0.7664727470451617
712,856,144,0.144,0.741963184915483
740,870,130,0.13,0.7832054317109287
786,893,107,0.107,0.8014058843702078
756,878,122,0.122,0.8198767735622823
782,891,109,0.109,0.8541560515463352
742,871,129,0.129,0.8791505435928703
816,908,92,0.092,0.9099796837866306
754,877,123,0.123,0.9164041253104805
782,891,109,0.109,0.9453395215794445
738,869,131,0.131,0.9369871846958995
772,886,114,0.114,0.9656839786320924
748,874,126,0.126,0.9578863454163075
728,864,136,0.136,0.9586757511496544
708,854,146,0.146,0.9379604941785608
722,861,139,0.139,0.9401188774257898
784,892,108,0.108,0.9360073750391602
776,888,112,0.112,0.9357377497407606
706,853,147,0.147,0.8958596478328109
762,881,119,0.119,0.8989905959516764
766,883,117,0.117,0.8788165213391185
712,856,144,0.144,0.8747666354626417
760,880,120,0.12,0.8626451879089037
712,856,144,0.144,0.8304720873972401
724,862,138,0.138,0.8358265530467034
736,868,132,0.132,0.8566192173846066
768,884,116,0.116,0.832443885140121
750,875,125,0.125,0.809565953526646
746,873,127,0.127,0.757683600537479
798,899,101,0.101,0.7886341250594705
758,879,121,0.121,0.7613247549273073
736,868,132,0.132,0.7273373971246183
764,882,118,0.118,0.7475552889294922
692,846,154,0.154,0.6977987949308591
760,880,120,0.12,0.7318787972927093
758,879,121,0.121,0.7217898913398385
780,890,110,0.11,0.7172074705064296
746,873,127,0.127,0.7394500278383493
726,863,137,0.137,0.7410822489857674
778,889,111,0.111,0.7691278418973089
788,894,106,0.106,0.7673544447422027
752,876,124,0.124,0.7773216689899564
760,880,120,0.12,0.7855776664056466
766,883,117,0.117,0.7760181624367833
740,870,130,0.13,0.7549414521977306
748,874,126,0.126,0.7621544494405389
692,846,154,0.154,0.7407478530556243
824,912,88,0.088,0.7591168072000146
788,894,106,0.106,0.7519910284131766
794,897,103,0.103,0.7651509605422616
738,869,131,0.131,0.7428608084544539
748,874,126,0.126,0.7498014135807752
814,907,93,0.093,0.7506013350114227
724,862,138,0.138,0.7568544067516922
736,868,132,0.132,0.7553390097767114
724,862,138,0.138,0.7334426161721349
768,884,116,0.116,0.7602877856642007
726,863,137,0.137,0.7510602572411299
812,906,94,0.094,0.7672982380073518
730,865,135,0.135,0.7223772185891867
786,893,107,0.107,0.7432199605517089
732,866,134,0.134,0.7167912978976965
766,883,117,0.117,0.7237944866381586
786,893,107,0.107,0.7354989354517311
708,854,146,0.146,0.7175181082449853
730,865,135,0.135,0.7246322520542889
732,866,134,0.134,0.7022405809555202
736,868,132,0.132,0.7321695183720439
720,860,140,0.14,0.7437019343934953
746,873,127,0.127,0.7032019347622991
794,897,103,0.103,0.730771614825353
758,879,121,0.121,0.6982498326562345
742,871,129,0.129,0.6651158898882568
814,907,93,0.093,0.6566934966631234
724,862,138,0.138,0.6206081960462033
756,878,122,0.122,0.6125244322717189
788,894,106,0.106,0.6178359841555356
710,855,145,0.145,0.5710942652660888
716,858,142,0.142,0.5577097325818613
768,884,116,0.116,0.5688095798324794
668,834,166,0.166,0.5592226077495143
722,861,139,0.139,0.5818775693112984
816,908,92,0.092,0.646079024463892
730,865,135,0.135,0.6070468867821619
800,900,100,0.1,0.6500833886880427
728,864,136,0.136,0.6344875533916056
782,891,109,0.109,0.6380221764352173
788,894,106,0.106,0.6489143168907613
776,888,112,0.112,0.6330801178123802
790,895,105,0.105,0.6566820170432329
816,908,92,0.092,0.6652751851547509
770,885,115,0.115,0.6441661254037172
808,904,96,0.096,0.6553037346275523
764,882,118,0.118,0.658254749319196
770,885,115,0.115,0.6916402249895036
696,848,152,0.152,0.6726457763202488
782,891,109,0.109,0.7260122712613083
730,865,135,0.135,0.701700447996147
754,877,123,0.123,0.7365162748303264
682,841,159,0.159,0.7325035800360264
774,887,113,0.113,0.7561816722135991
798,899,101,0.101,0.7927375901937485
748,874,126,0.126,0.75732140378654
758,879,121,0.121,0.7667454886212945
794,897,103,0.103,0.7940481452848762
788,894,106,0.106,0.7755308633446694
776,888,112,0.112,0.7979976318851113
744,872,128,0.128,0.775671566080302
798,899,101,0.101,0.7883586854562163
772,886,114,0.114,0.7868448016010224
730,865,135,0.135,0.779368650905788
730,865,135,0.135,0.7746318598445505
784,892,108,0.108,0.810208214905113
740,870,130,0.13,0.784497005674988
778,889,111,0.111,0.8165254970528185
798,899,101,0.101,0.7941451285844668
720,860,140,0.14,0.7574769246149808
798,899,101,0.101,0.785977884169668
806,903,97,0.097,0.729222817263566
750,875,125,0.125,0.7323520457185805
718,859,141,0.141,0.7141676632128656
782,891,109,0.109,0.6868776799328625
774,887,113,0.113,0.6546201738696545
750,875,125,0.125,0.6203254013676196
826,913,87,0.087,0.6665613117348402
776,888,112,0.112,0.596254890314769
724,862,138,0.138,0.5526399091966451
732,866,134,0.134,0.5518602008614689
762,881,119,0.119,0.5367424242831766
800,900,100,0.1,0.5538329172823578
726,863,137,0.137,0.5158953563696704
776,888,112,0.112,0.5135285904365592
764,882,118,0.118,0.5376951409620233
782,891,109,0.109,0.5552444057501853
752,876,124,0.124,0.528096022726968
730,865,135,0.135,0.5447138320249505
770,885,115,0.115,0.5680112030333839
740,870,130,0.13,0.617435635750182
780,890,110,0.11,0.6466167833609506
736,868,132,0.132,0.6131179878963158
740,870,130,0.13,0.6511556329741143
778,889,111,0.111,0.7053437973652035
754,877,123,0.123,0.7234605654161423
722,861,139,0.139,0.7107642221245914
748,874,126,0.126,0.7339155882392079
788,894,106,0.106,0.7781453899201005
768,884,116,0.116,0.7634845369197428
754,877,123,0.123,0.74711652106978
742,871,129,0.129,0.7587703819070012
784,892,108,0.108,0.7587579251527786
750,875,125,0.125,0.746091712737456
830,915,85,0.085,0.7886755379028618
750,875,125,0.125,0.7603059265390039
778,889,111,0.111,0.7741438478417695
744,872,128,0.128,0.746617649609223
752,876,124,0.124,0.7319520782181778
746,873,127,0.127,0.7517093417607248
772,886,114,0.114,0.7393692684788257
778,889,111,0.111,0.731293617138639
806,903,97,0.097,0.7309977410137654
734,867,133,0.133,0.7324136298689992
772,886,114,0.114,0.7044297352954745
780,890,110,0.11,0.6946760364938528
790,895,105,0.105,0.7231473028212786
762,881,119,0.119,0.7037121192719787
792,896,104,0.104,0.726444990085438
754,877,123,0.123,0.7306841859035194
808,904,96,0.096,0.7436514929644763
734,867,133,0.133,0.7170681804530322
782,891,109,0.109,0.7697155281770974
744,872,128,0.128,0.7503121486920863
804,902,98,0.098,0.7605584685858339
712,856,144,0.144,0.7417211203314364
720,860,140,0.14,0.7588334377966821
762,881,119,0.119,0.7668009239882231
750,875,125,0.125,0.7357019447851926
754,877,123,0.123,0.7545687136923661
774,887,113,0.113,0.7903868125714362
742,871,129,0.129,0.8060841744355858
744,872,128,0.128,0.802439534412697
762,881,119,0.119,0.7993691048044711
758,879,121,0.121,0.8341044235471636
740,870,130,0.13,0.8309764638096094
708,854,146,0.146,0.8420430379919708
720,860,140,0.14,0.848478377266234
746,873,127,0.127,0.8714488226398825
772,886,114,0.114,0.8938208364471794
808,904,96,0.096,0.891381017036736
720,860,140,0.14,0.867111153267324
764,882,118,0.118,0.8629420938305556
740,870,130,0.13,0.8869322054618679
738,869,131,0.131,0.8646800338588655
766,883,117,0.117,0.8747190874516964
738,869,131,0.131,0.8889021286293864
778,889,111,0.111,0.8934605032433756
724,862,138,0.138,0.8875291800387204
768,884,116,0.116,0.8907512188404798
734,867,133,0.133,0.8705238076969981
736,868,132,0.132,0.8600900429747999
694,847,153,0.153,0.8619996708743274
728,864,136,0.136,0.8610933890048982
764,882,118,0.118,0.8737466152589768
730,865,135,0.135,0.8611218766868114
780,890,110,0.11,0.863330954156816
770,885,115,0.115,0.8474548221714795
760,880,120,0.12,0.8551877827346325
786,893,107,0.107,0.8336214634627104
706,853,147,0.147,0.8227764357924461
750,875,125,0.125,0.8246008794531227
758,879,121,0.121,0.7664650126673946
748,874,126,0.126,0.751114133765921
710,855,145,0.145,0.719678488323465
710,855,145,0.145,0.6542476716591046
770,885,115,0.115,0.6814786168336868
802,901,99,0.099,0.6651252871006728
768,884,116,0.116,0.6441453432636336
732,866,134,0.134,0.5869719647465993
806,903,97,0.097,0.596387101083994
724,862,138,0.138,0.5830095727625303
790,895,105,0.105,0.5805900576305576
772,886,114,0.114,0.5666317676696926
770,885,115,0.115,0.5473963064868003
754,877,123,0.123,0.5388777635148726
756,878,122,0.122,0.5361662698611617
744,872,128,0.128,0.5354550583465025
764,882,118,0.118,0.5205370306223631
748,874,126,0.126,0.5141560034593567
738,869,131,0.131,0.5057333482028916
780,890,110,0.11,0.5078746649073437
762,881,119,0.119,0.4758105029463768
786,893,107,0.107,0.43829008504282685
730,865,135,0.135,0.4361310511459596
768,884,116,0.116,0.44506401736475526
814,907,93,0.093,0.4554902549576946
762,881,119,0.119,0.4576075850259513
708,854,146,0.146,0.4233222390417941
740,870,130,0.13,0.4536088828742504
764,882,118,0.118,0.471134886106709
740,870,130,0.13,0.47653479637159035
760,880,120,0.12,0.49073976758867505
786,893,107,0.107,0.5194342731512152
778,889,111,0.111,0.4662806639745832
740,870,130,0.13,0.46911242536688225
804,902,98,0.098,0.4913467594678514
794,897,103,0.103,0.49782353337691165
744,872,128,0.128,0.46801911387871953
682,841,159,0.159,0.47084509163489563
782,891,109,0.109,0.543858965610154
790,895,105,0.105,0.568248946710024
740,870,130,0.13,0.5618914617095142
760,880,120,0.12,0.5746243020035326
762,881,119,0.119,0.5443743672491983
752,876,124,0.124,0.5286920166243799
792,896,104,0.104,0.5876240824377165
790,895,105,0.105,0.6029674234893173
750,875,125,0.125,0.5931703920746222
722,861,139,0.139,0.6083394266171381
766,883,117,0.117,0.6378334924951196
764,882,118,0.118,0.662238787194714
756,878,122,0.122,0.689715097926557
774,887,113,0.113,0.6695561394244433
780,890,110,0.11,0.6696973203495145
804,902,98,0.098,0.6794502113722265
796,898,102,0.102,0.6572846841868013
788,894,106,0.106,0.6623779655247927
780,890,110,0.11,0.660927694067359
738,869,131,0.131,0.6299557830020786
750,875,125,0.125,0.6682234380189329
738,869,131,0.131,0.6815082622841001
760,880,120,0.12,0.6736068856082856
728,864,136,0.136,0.6771187642775476
794,897,103,0.103,0.7128493000082672
742,871,129,0.129,0.7097385604977607
806,903,97,0.097,0.732749922759831
736,868,132,0.132,0.7159141544848681
838,919,81,0.081,0.7517529359608889
716,858,142,0.142,0.7220046542473137
702,851,149,0.149,0.7126535771749913
698,849,151,0.151,0.7090437353551388
754,877,123,0.123,0.7152515309304
752,876,124,0.124,0.708059537641704
780,890,110,0.11,0.7291882198736187
790,895,105,0.105,0.7391623793579638
718,859,141,0.141,0.7475064665526152
764,882,118,0.118,0.7321604950465261
752,876,124,0.124,0.7296925343163312
754,877,123,0.123,0.7123502641916275
802,901,99,0.099,0.7202134835328907
706,853,147,0.147,0.6862170041054487
768,884,116,0.116,0.7163288131132722
784,892,108,0.108,0.7112923020496964
800,900,100,0.1,0.7258366192057729
738,869,131,0.131,0.7334288616552949
776,888,112,0.112,0.729673411782831
756,878,122,0.122,0.7229302310533822
714,857,143,0.143,0.7144849882721901
774,887,113,0.113,0.7288687681294977
710,855,145,0.145,0.7148469418212772
718,859,141,0.141,0.7286939614713192
746,873,127,0.127,0.752196576628834
808,904,96,0.096,0.7546561565324664
794,897,103,0.103,0.7624621675685048
790,895,105,0.105,0.7358275876194239
736,868,132,0.132,0.7553489865735173
716,858,142,0.142,0.7365355803072453
724,862,138,0.138,0.753675111927092
770,885,115,0.115,0.7560716239213944
734,867,133,0.133,0.7497506122663617
788,894,106,0.106,0.751181413732469
782,891,109,0.109,0.7521132295280695
720,860,140,0.14,0.7458002280667424
778,889,111,0.111,0.7511518377512694
778,889,111,0.111,0.7482823898792267
738,869,131,0.131,0.7340896583274007
724,862,138,0.138,0.7548079213500023
746,873,127,0.127,0.7511152372044466
764,882,118,0.118,0.7652188577279448
744,872,128,0.128,0.7598689162433148
830,915,85,0.085,0.759396113269031
732,866,134,0.134,0.7650998379588128
748,874,126,0.126,0.7672442145530061
700,850,150,0.15,0.7719227877035737
736,868,132,0.132,0.7826081893965602
766,883,117,0.117,0.8112764847651124
684,842,158,0.158,0.8140851083841207
676,838,162,0.162,0.8021977838352322
802,901,99,0.099,0.8262185009270906
722,861,139,0.139,0.8298269995264709
744,872,128,0.128,0.8156694208309054
742,871,129,0.129,0.8020358760207892
730,865,135,0.135,0.7586442109011113
758,879,121,0.121,0.7744223192147911
748,874,126,0.126,0.7515506212078035
738,869,131,0.131,0.7848459679447114
740,870,130,0.13,0.8315681588575244
784,892,108,0.108,0.8055078830551357
694,847,153,0.153,0.8093082992881536
698,849,151,0.151,0.7935819869115949
754,877,123,0.123,0.8229140735343099
784,892,108,0.108,0.8151917641125619
758,879,121,0.121,0.807829450968653
736,868,132,0.132,0.8048048466406763
756,878,122,0.122,0.777309402577579
778,889,111,0.111,0.7816306705139577
790,895,105,0.105,0.7713513663820922
730,865,135,0.135,0.7525919714570045
824,912,88,0.088,0.7951864390894771
750,875,125,0.125,0.7604884188113457
706,853,147,0.147,0.7598218241967261
742,871,129,0.129,0.7544062164649368
724,862,138,0.138,0.7677950762543188
802,901,99,0.099,0.7879515918754041
776,888,112,0.112,0.7675151548944413
778,889,111,0.111,0.7966887092553079
750,875,125,0.125,0.7700282075870782
736,868,132,0.132,0.7837804927192629
808,904,96,0.096,0.7860722481813281
768,884,116,0.116,0.772155178770423
776,888,112,0.112,0.747910504616797
750,875,125,0.125,0.6848187762331217
740,870,130,0.13,0.7153631293410435
788,894,106,0.106,0.7328599525988102
734,867,133,0.133,0.662631252088584
700,850,150,0.15,0.6468042016196996
712,856,144,0.144,0.6272432301598455
768,884,116,0.116,0.6924681315114721
832,916,84,0.084,0.7175350665645673
710,855,145,0.145,0.6640517176249996
714,857,143,0.143,0.697424725160934
782,891,109,0.109,0.6829128420781344
786,893,107,0.107,0.7108198353163898
716,858,142,0.142,0.7205123067256063
804,902,98,0.098,0.7294736773781478
738,869,131,0.131,0.7122997729622293
778,889,111,0.111,0.7520935069350526
714,857,143,0.143,0.7357467999830842
784,892,108,0.108,0.7551779989432543
746,873,127,0.127,0.7375012846896425
786,893,107,0.107,0.7699720307849348
736,868,132,0.132,0.7632633893352947
816,908,92,0.092,0.7946292065130547
728,864,136,0.136,0.7786293320613913
756,878,122,0.122,0.7750699670296163
746,873,127,0.127,0.7820642869190778
786,893,107,0.107,0.8070590347740799
798,899,101,0.101,0.8301560081958432
710,855,145,0.145,0.8092626574728637
724,862,138,0.138,0.8353125889468939
754,877,123,0.123,0.8466175475716591
732,866,134,0.134,0.8439873405590479
762,881,119,0.119,0.8523385176883883
750,875,125,0.125,0.8378862542062998
778,889,111,0.111,0.8619339359365403
726,863,137,0.137,0.8413546340577305
732,866,134,0.134,0.8380867940597236
690,845,155,0.155,0.8330492343492806
744,872,128,0.128,0.8626809179633855
716,858,142,0.142,0.8552641337977114
728,864,136,0.136,0.8511137712486089
742,871,129,0.129,0.8527174763083458
760,880,120,0.12,0.8733395334407688
764,882,118,0.118,0.8642287983037531
736,868,132,0.132,0.8541223567575217
724,862,138,0.138,0.8588000600002706
728,864,136,0.136,0.8682070146203041
712,856,144,0.144,0.8644477163925767
722,861,139,0.139,0.869205247245729
748,874,126,0.126,0.8484787567108869
722,861,139,0.139,0.8463383201882243
756,878,122,0.122,0.846859310361564
784,892,108,0.108,0.8423850895063951
766,883,117,0.117,0.8365832269340754
664,832,168,0.168,0.8417364907264709
728,864,136,0.136,0.8477187642902135
772,886,114,0.114,0.8371687083989382
726,863,137,0.137,0.8374295998588205
724,862,138,0.138,0.8524841792425432
744,872,128,0.128,0.8318622605279088
688,844,156,0.156,0.8394929479286075
742,871,129,0.129,0.8405360326170921
708,854,146,0.146,0.8287503806203603
682,841,159,0.159,0.8022486587129534
714,857,143,0.143,0.8006361218281091
810,905,95,0.095,0.7979322201237082
778,889,111,0.111,0.7735943137593567
762,881,119,0.119,0.7480193544346839
766,883,117,0.117,0.7164935494437814
754,877,123,0.123,0.7143279665336013
730,865,135,0.135,0.6784904221557081
784,892,108,0.108,0.6704325933083899
730,865,135,0.135,0.6497690927991644
714,857,143,0.143,0.6613395869843661
798,899,101,0.101,0.6560982157234102
776,888,112,0.112,0.6453067400455474
782,891,109,0.109,0.6318078908734024
718,859,141,0.141,0.5975346016697586
778,889,111,0.111,0.6013872787225991
784,892,108,0.108,0.6064173222128302
774,887,113,0.113,0.5645397229688242
772,886,114,0.114,0.5526515881922096
762,881,119,0.119,0.5521181615428068
732,866,134,0.134,0.5434927553534508
734,867,133,0.133,0.5140505588157203
834,917,83,0.083,0.545702479663305
762,881,119,0.119,0.5123906622477807
760,880,120,0.12,0.5154551564816866
742,871,129,0.129,0.5079751381310634
746,873,127,0.127,0.48876256844913585
766,883,117,0.117,0.47877672434093255
766,883,117,0.117,0.48180979676311836
746,873,127,0.127,0.48272093530301935
748,874,126,0.126,0.45176730681065236
736,868,132,0.132,0.43525017480691897
756,878,122,0.122,0.448364922743815
756,878,122,0.122,0.45017900070501493
780,890,110,0.11,0.4826892440955489
784,892,108,0.108,0.44734292311430907
704,852,148,0.148,0.44029806296760216
808,904,96,0.096,0.4495843151176814
808,904,96,0.096,0.4234962007790339
758,879,121,0.121,0.4153102122241041
824,912,88,0.088,0.42020281016686933
776,888,112,0.112,0.4067588003800793
792,896,104,0.104,0.46466930509358645
772,886,114,0.114,0.43315440691122786
742,871,129,0.129,0.44507432953151876
788,894,106,0.106,0.4606603355272673
768,884,116,0.116,0.47975729409425194
712,856,144,0.144,0.45812381789414214
768,884,116,0.116,0.5004562889994122
782,891,109,0.109,0.5332396641634405
710,855,145,0.145,0.5712199542713352
760,880,120,0.12,0.5621883110995405
768,884,116,0.116,0.5913270624692887
730,865,135,0.135,0.5977731297127918
782,891,109,0.109,0.6162851567675826
810,905,95,0.095,0.6564468010468408
682,841,159,0.159,0.6103714404263569
806,903,97,0.097,0.6269073416553438
660,830,170,0.17,0.5931874924208969
828,914,86,0.086,0.6547055971873924
692,846,154,0.154,0.6318191656958079
734,867,133,0.133,0.635103081215173
784,892,108,0.108,0.6618053783951328
752,876,124,0.124,0.655110149606131
808,904,96,0.096,0.6596944373251526
782,891,109,0.109,0.6506526901489124
832,916,84,0.084,0.63171907570865
748,874,126,0.126,0.6016562140909955
702,851,149,0.149,0.6163991309311241
766,883,117,0.117,0.6025324328867718
786,893,107,0.107,0.6622442494556308
756,878,122,0.122,0.6690052659558132
784,892,108,0.108,0.665559456370771
764,882,118,0.118,0.6670951298810541
796,898,102,0.102,0.6629249219202389
822,911,89,0.089,0.6317075899138581
702,851,149,0.149,0.5954546104748517
768,884,116,0.116,0.6182511161068578
718,859,141,0.141,0.6165202925540507
768,884,116,0.116,0.6202995550027117
778,889,111,0.111,0.6369599295193329
732,866,134,0.134,0.6166028148699552
800,900,100,0.1,0.6546562595628201
744,872,128,0.128,0.6132268795548007
782,891,109,0.109,0.6185200404729694
790,895,105,0.105,0.6290529725409215
738,869,131,0.131,0.6061266835955903
794,897,103,0.103,0.6370001776395365
722,861,139,0.139,0.6203980514798313
752,876,124,0.124,0.642217328760773
688,844,156,0.156,0.6560310151390731
820,910,90,0.09,0.6741990941605734
802,901,99,0.099,0.6447536611834658
784,892,108,0.108,0.6529476501122117
748,874,126,0.126,0.6382819298096001
740,870,130,0.13,0.639577502194792
682,841,159,0.159,0.6234849879462272
728,864,136,0.136,0.6287481076624244
768,884,116,0.116,0.6513366561885923
760,880,120,0.12,0.6562135914657264
742,871,129,0.129,0.6298313137134537
728,864,136,0.136,0.6398222919665277
770,885,115,0.115,0.675680423874408
766,883,117,0.117,0.668450074257329
816,908,92,0.092,0.6732688412507996
762,881,119,0.119,0.6369142070496455
758,879,121,0.121,0.6747516605313867
782,891,109,0.109,0.6774584420192987
840,920,80,0.08,0.7082573638428002
732,866,134,0.134,0.743022710096091
692,846,154,0.154,0.7094280811976641
734,867,133,0.133,0.7563600786942989
742,871,129,0.129,0.7381041139347945
762,881,119,0.119,0.7759623738173396
742,871,129,0.129,0.7426139948517084
786,893,107,0.107,0.7399283135309815
738,869,131,0.131,0.7349608865547925
800,900,100,0.1,0.7175867503602058
754,877,123,0.123,0.664708156965673
704,852,148,0.148,0.6693688636515289
798,899,101,0.101,0.7243207279648631
744,872,128,0.128,0.7198665262591094
746,873,127,0.127,0.7187062080920726
774,887,113,0.113,0.7586745850089938
784,892,108,0.108,0.7529698913600296
756,878,122,0.122,0.7400749356076122
766,883,117,0.117,0.7677486468144096
788,894,106,0.106,0.789841704654682
784,892,108,0.108,0.7789506929460913
702,851,149,0.149,0.80043081317842
814,907,93,0.093,0.8125015496984124
780,890,110,0.11,0.8149042414017021
776,888,112,0.112,0.8305533587411046
756,878,122,0.122,0.8315324320420623
676,838,162,0.162,0.8235522015728056
686,843,157,0.157,0.8331038949266076
736,868,132,0.132,0.8340964945107698
800,900,100,0.1,0.8248033982366324
784,892,108,0.108,0.8370633862055838
706,853,147,0.147,0.8201105680316687
754,877,123,0.123,0.8115124670937658
796,898,102,0.102,0.833654385432601
736,868,132,0.132,0.8305930045098067
768,884,116,0.116,0.851618982437998
746,873,127,0.127,0.8490396599498926
726,863,137,0.137,0.8278421417810022
788,894,106,0.106,0.8493065775018185
776,888,112,0.112,0.8182686059810221
824,912,88,0.088,0.8511665640696883
768,884,116,0.116,0.7844636453446001
738,869,131,0.131,0.7925695969946682
800,900,100,0.1,0.7857054184675216
786,893,107,0.107,0.774899597434327
786,893,107,0.107,0.7782856424637139
730,865,135,0.135,0.7492480934076011
736,868,132,0.132,0.7626994842272252
696,848,152,0.152,0.7294945652047172
802,901,99,0.099,0.745629898140207
772,886,114,0.114,0.7435640889620408
772,886,114,0.114,0.7133882294204086
720,860,140,0.14,0.6941463518822566
744,872,128,0.128,0.6640919107887894
746,873,127,0.127,0.6828104253187776
728,864,136,0.136,0.6618430341836065
706,853,147,0.147,0.6405674359939149
768,884,116,0.116,0.6499799499707296
778,889,111,0.111,0.679133882490918
774,887,113,0.113,0.6760396756082773
712,856,144,0.144,0.6708550552427769
784,892,108,0.108,0.6759395121429116
810,905,95,0.095,0.691025346708484
762,881,119,0.119,0.6748069403040827
782,891,109,0.109,0.6880854866560548
766,883,117,0.117,0.672763287646696
736,868,132,0.132,0.6640631597042084
742,871,129,0.129,0.6887675730865449
768,884,116,0.116,0.6977172928396612
740,870,130,0.13,0.7020261143706739
760,880,120,0.12,0.7563876895271242
696,848,152,0.152,0.759208807066083
770,885,115,0.115,0.7796753946617245
768,884,116,0.116,0.7677564647234977
796,898,102,0.102,0.7866739459335804
760,880,120,0.12,0.8032644374631345
776,888,112,0.112,0.7790368464775383
772,886,114,0.114,0.7990226904936135
806,903,97,0.097,0.7961762365102768
776,888,112,0.112,0.7819528820589184
722,861,139,0.139,0.7671183100901544
736,868,132,0.132,0.7864790186136961
774,887,113,0.113,0.7805260786477011
722,861,139,0.139,0.7490039546247572
778,889,111,0.111,0.7561604807451368
766,883,117,0.117,0.7540067700091749
766,883,117,0.117,0.7438711902368814
774,887,113,0.113,0.7314365834202617
798,899,101,0.101,0.7334462258312852
782,891,109,0.109,0.7489500087881461
754,877,123,0.123,0.7370648083444685
738,869,131,0.131,0.7576681919358671
714,857,143,0.143,0.733505480736494
756,878,122,0.122,0.7596817109864206
766,883,117,0.117,0.7867265544515103
788,894,106,0.106,0.7829533242303878
744,872,128,0.128,0.7687691464110831
728,864,136,0.136,0.776606910660863
748,874,126,0.126,0.7810216226689517
768,884,116,0.116,0.7792824317663908
776,888,112,0.112,0.7772108220495284
772,886,114,0.114,0.7885157274547965
756,878,122,0.122,0.7704708885364234
760,880,120,0.12,0.7901397753208875
740,870,130,0.13,0.7817779002375901
700,850,150,0.15,0.765250583557412
722,861,139,0.139,0.7902267879396677
746,873,127,0.127,0.8109329810068011
782,891,109,0.109,0.7817265165783465
734,867,133,0.133,0.808368807291612
766,883,117,0.117,0.8141985304038971
770,885,115,0.115,0.8035164398150518
768,884,116,0.116,0.8187314045056701
788,894,106,0.106,0.8155147123727947
730,865,135,0.135,0.76117402802594
708,854,146,0.146,0.7765169812850654
744,872,128,0.128,0.7723756002951413
756,878,122,0.122,0.7668480649432168
736,868,132,0.132,0.7257226208938016
730,865,135,0.135,0.7011420573666691
740,870,130,0.13,0.721277341209352
764,882,118,0.118,0.7227974494863302
748,874,126,0.126,0.6721764851892367
758,879,121,0.121,0.6780214285962284
770,885,115,0.115,0.6879623004328459
766,883,117,0.117,0.6675992851937189
784,892,108,0.108,0.6829305691886693
768,884,116,0.116,0.6677992013460026
758,879,121,0.121,0.6617574499174953
756,878,122,0.122,0.6572039938801899
768,884,116,0.116,0.6316998398715713
802,901,99,0.099,0.663065848916769
704,852,148,0.148,0.6098906514429323
756,878,122,0.122,0.6522876388859004
770,885,115,0.115,0.6920166818778962
766,883,117,0.117,0.688245843941183
708,854,146,0.146,0.6691715053552761
724,862,138,0.138,0.6626563003715128
692,846,154,0.154,0.6612192547777668
736,868,132,0.132,0.6616202200385742
744,872,128,0.128,0.672435793501325
754,877,123,0.123,0.7295352964941412
796,898,102,0.102,0.7780722156986595
762,881,119,0.119,0.7853756427448243
750,875,125,0.125,0.8140709554180503
752,876,124,0.124,0.7962524140030146
768,884,116,0.116,0.8205893276445567
776,888,112,0.112,0.8617225530538708
736,868,132,0.132,0.8330215287134052
686,843,157,0.157,0.7985359296184034
790,895,105,0.105,0.8397485430780798
698,849,151,0.151,0.8452087911423296
712,856,144,0.144,0.8399419448152184
732,866,134,0.134,0.8576736133028499
724,862,138,0.138,0.8525501119829715
750,875,125,0.125,0.882094671420753
726,863,137,0.137,0.8468175087831914
774,887,113,0.113,0.8680165198519826
714,857,143,0.143,0.8438721874430776
776,888,112,0.112,0.8712710838336497
770,885,115,0.115,0.8392137785442173
718,859,141,0.141,0.8067332773189991
684,842,158,0.158,0.8106853055283865
776,888,112,0.112,0.8223971772603691
746,873,127,0.127,0.8055990746412426
762,881,119,0.119,0.8099996741455979
748,874,126,0.126,0.8320659437347203
740,870,130,0.13,0.8354096890501678
758,879,121,0.121,0.8380945364255458
768,884,116,0.116,0.8336012157984078
784,892,108,0.108,0.8478135852385312
698,849,151,0.151,0.7851214506551624
798,899,101,0.101,0.8474749175962061
748,874,126,0.126,0.8077325788270682
800,900,100,0.1,0.8266054060645401
752,876,124,0.124,0.7781546554518863
808,904,96,0.096,0.8207413079645485
722,861,139,0.139,0.7285187479071319
770,885,115,0.115,0.7200166410608217
740,870,130,0.13,0.7082260970002972
774,887,113,0.113,0.7103305297475309
804,902,98,0.098,0.7200131770395674
728,864,136,0.136,0.6884339186460711
774,887,113,0.113,0.6845918580677826
728,864,136,0.136,0.7127569922031834
764,882,118,0.118,0.7140431985971518
802,901,99,0.099,0.7334589395085349
762,881,119,0.119,0.7133486484736205
730,865,135,0.135,0.7019797629285383
778,889,111,0.111,0.7275236156519029
736,868,132,0.132,0.6947815437265672
752,876,124,0.124,0.7124524833150208
718,859,141,0.141,0.7119299803869799
752,876,124,0.124,0.6778464243309572
760,880,120,0.12,0.7247288142060861
738,869,131,0.131,0.6803371456405148
734,867,133,0.133,0.6745146093951339
720,860,140,0.14,0.6655527961459011
808,904,96,0.096,0.6900397474747151
690,845,155,0.155,0.6841225372204645
780,890,110,0.11,0.6754117033635267
752,876,124,0.124,0.6564567820201628
800,900,100,0.1,0.6734953431743197
762,881,119,0.119,0.63104539820645
764,882,118,0.118,0.6157746849665419
754,877,123,0.123,0.6311440777098712
768,884,116,0.116,0.607079804813955
766,883,117,0.117,0.5985152865024284
782,891,109,0.109,0.611009904765524
742,871,129,0.129,0.5905752558093518
776,888,112,0.112,0.6235687052006833
738,869,131,0.131,0.6310741359414532
786,893,107,0.107,0.5981767163584009
746,873,127,0.127,0.5657851803656667
780,890,110,0.11,0.6074670971750747
798,899,101,0.101,0.6180153572908602
758,879,121,0.121,0.6142274388126098
732,866,134,0.134,0.5813333611465059
822,911,89,0.089,0.6033070349507034
754,877,123,0.123,0.618174412868917
786,893,107,0.107,0.6332272620901931
800,900,100,0.1,0.6037877951860428
764,882,118,0.118,0.5630078257445712
746,873,127,0.127,0.5817857715238351
742,871,129,0.129,0.59039832015289
738,869,131,0.131,0.5807595777655952
778,889,111,0.111,0.617583295114804
702,851,149,0.149,0.6136017034063116
758,879,121,0.121,0.6209090935327113
796,898,102,0.102,0.678138102510944
722,861,139,0.139,0.5936962417010218
758,879,121,0.121,0.6159853623080999
786,893,107,0.107,0.674501950660546
818,909,91,0.091,0.6560994039471261
844,922,78,0.078,0.7031222772900947
716,858,142,0.142,0.6558151790946722
754,877,123,0.123,0.628876710344106
782,891,109,0.109,0.6786552252243273
784,892,108,0.108,0.6779822882525622
736,868,132,0.132,0.6608135025231168
772,886,114,0.114,0.7122409330732189
762,881,119,0.119,0.7140198153741658
736,868,132,0.132,0.705069646537304
762,881,119,0.119,0.7330564440945163
694,847,153,0.153,0.7118450263254344
724,862,138,0.138,0.6946954389791936
752,876,124,0.124,0.713819040838629
792,896,104,0.104,0.7349321441982938
712,856,144,0.144,0.7567812184579671
726,863,137,0.137,0.7375506797851995
714,857,143,0.143,0.7682751025538892
772,886,114,0.114,0.7861290166452527
802,901,99,0.099,0.8208472649175673
740,870,130,0.13,0.8376535361241549
784,892,108,0.108,0.8184857917167246
748,874,126,0.126,0.8392410002145916
780,890,110,0.11,0.8487483006361872
718,859,141,0.141,0.8525404649414122
770,885,115,0.115,0.844062669808045
764,882,118,0.118,0.8337135045900941
756,878,122,0.122,0.8532869311758301
716,858,142,0.142,0.8327040662281215
752,876,124,0.124,0.8421753258965909
728,864,136,0.136,0.7882409884147346
806,903,97,0.097,0.7985554683813825
734,867,133,0.133,0.7898435341250152
750,875,125,0.125,0.7936752971075475
732,866,134,0.134,0.7236815853891895
742,871,129,0.129,0.7488485544510186
700,850,150,0.15,0.7239351715492085
782,891,109,0.109,0.7456798688378184
704,852,148,0.148,0.7435174490856007
644,822,178,0.178,0.7495719236340374
710,855,145,0.145,0.7517553501892835
764,882,118,0.118,0.7673469157489017
720,860,140,0.14,0.7643312969459221
794,897,103,0.103,0.7821158756613731
758,879,121,0.121,0.7769213091256097
788,894,106,0.106,0.763584501077421
730,865,135,0.135,0.7225454428661615
764,882,118,0.118,0.7159896862320602
760,880,120,0.12,0.7262254781983792
754,877,123,0.123,0.7218584147822111
766,883,117,0.117,0.6963328800518066
698,849,151,0.151,0.6885226103235036
796,898,102,0.102,0.7175783999124542
806,903,97,0.097,0.7510849515534938
762,881,119,0.119,0.6736351425377652
816,908,92,0.092,0.6801401128452271
716,858,142,0.142,0.6094968816465987
782,891,109,0.109,0.6752508718026802
788,894,106,0.106,0.6796382287461311
774,887,113,0.113,0.7009860465843231
684,842,158,0.158,0.669324480351992
834,917,83,0.083,0.7136500040516257
712,856,144,0.144,0.7147794037004933
750,875,125,0.125,0.7290923976488412
772,886,114,0.114,0.7007893519653008
796,898,102,0.102,0.7093275828845799
794,897,103,0.103,0.639954471450299
732,866,134,0.134,0.6422496524648741
790,895,105,0.105,0.6537498780405401
754,877,123,0.123,0.6380727609386667
764,882,118,0.118,0.6116833603018895
764,882,118,0.118,0.6067925948509947
724,862,138,0.138,0.6108149150232786
816,908,92,0.092,0.6348578080195002
774,887,113,0.113,0.6245890916818753
800,900,100,0.1,0.6484388257041573
770,885,115,0.115,0.584316800409928
738,869,131,0.131,0.5867513883435167
748,874,126,0.126,0.5567047947840765
754,877,123,0.123,0.5802163057066501
804,902,98,0.098,0.5745328158475459
714,857,143,0.143,0.5383802332074847
746,873,127,0.127,0.5855377519773319
742,871,129,0.129,0.5858577991193893
814,907,93,0.093,0.6218226212263107
724,862,138,0.138,0.5516845025876537
764,882,118,0.118,0.6080744358506054
772,886,114,0.114,0.5929099272415042
838,919,81,0.081,0.611720001783222
736,868,132,0.132,0.5812142663276755
798,899,101,0.101,0.6199526022956706
720,860,140,0.14,0.5626569815791719
792,896,104,0.104,0.6137176427878439
786,893,107,0.107,0.6078855374041024
722,861,139,0.139,0.6224389635538682
722,861,139,0.139,0.6571982618799375
754,877,123,0.123,0.6242141325916164
706,853,147,0.147,0.6650532970046624
752,876,124,0.124,0.6469238331685774
782,891,109,0.109,0.6520087758312002
808,904,96,0.096,0.6534146043444052
794,897,103,0.103,0.6545289573669434
756,878,122,0.122,0.6359987830324099
782,891,109,0.109,0.6541849645329639
752,876,124,0.124,0.6437208622517064
758,879,121,0.121,0.6546365303201601
816,908,92,0.092,0.6765046794032678
806,903,97,0.097,0.694354620766826
738,869,131,0.131,0.6783708380181342
722,861,139,0.139,0.6453466902133077
806,903,97,0.097,0.6764705287860706
742,871,129,0.129,0.6612051655519754
758,879,121,0.121,0.6872578951260075
820,910,90,0.09,0.7251216826625169
752,876,124,0.124,0.6800517504159361
734,867,133,0.133,0.6423453791486099
750,875,125,0.125,0.6678115782563983
778,889,111,0.111,0.6534425296178088
772,886,114,0.114,0.6024466205127538
780,890,110,0.11,0.6060920820072497
708,854,146,0.146,0.5686667471579276
780,890,110,0.11,0.5700590676469728
746,873,127,0.127,0.5250619080739561
776,888,112,0.112,0.5219636893179268
722,861,139,0.139,0.5276584235364571
758,879,121,0.121,0.5323722959652442
848,924,76,0.076,0.5591177988052368
790,895,105,0.105,0.514912044627592
788,894,106,0.106,0.5328622579136864
782,891,109,0.109,0.5463029301506467
804,902,98,0.098,0.5596115079554729
744,872,128,0.128,0.5401951810950414
814,907,93,0.093,0.5548234242838808
734,867,133,0.133,0.5826101322495378
786,893,107,0.107,0.617762867372483
772,886,114,0.114,0.6122569135292433
750,875,125,0.125,0.6395336170354858
732,866,134,0.134,0.6718747132401913
816,908,92,0.092,0.7178511764284017
784,892,108,0.108,0.6923424157174304
712,856,144,0.144,0.6882723949979992
814,907,93,0.093,0.7241782139379066
800,900,100,0.1,0.7408063634848222
806,903,97,0.097,0.7512295102048665
712,856,144,0.144,0.7339012951776386
730,865,135,0.135,0.735737648902461
778,889,111,0.111,0.7443942139279097
772,886,114,0.114,0.7329406295819209
778,889,111,0.111,0.7606771081103842
768,884,116,0.116,0.7462144732745364
740,870,130,0.13,0.7185625925725326
738,869,131,0.131,0.731682252984494
694,847,153,0.153,0.6986766056073137
776,888,112,0.112,0.7180791117567569
782,891,109,0.109,0.7124573503825814
762,881,119,0.119,0.6939655723832547
762,881,119,0.119,0.7018767559895641
770,885,115,0.115,0.7206130843758584
736,868,132,0.132,0.661539646910096
686,843,157,0.157,0.6676734003861439
714,857,143,0.143,0.701708064594306
696,848,152,0.152,0.689535975985229
784,892,108,0.108,0.7035113079575822
748,874,126,0.126,0.722619154440239
728,864,136,0.136,0.6787118866983801
784,892,108,0.108,0.6985462600284095
778,889,111,0.111,0.7297747896946967
828,914,86,0.086,0.71129639000725
774,887,113,0.113,0.6912890653740614
710,855,145,0.145,0.6629225360121782
746,873,127,0.127,0.6864738467618882
784,892,108,0.108,0.6846315189721063
744,872,128,0.128,0.6855538246207289
796,898,102,0.102,0.6845709405712077
728,864,136,0.136,0.6670049513850245
768,884,116,0.116,0.6783979046954773
728,864,136,0.136,0.6726855266857892
758,879,121,0.121,0.6747809018765256
800,900,100,0.1,0.7194622995499521
700,850,150,0.15,0.6735332959564403
766,883,117,0.117,0.7331816013208591
770,885,115,0.115,0.737452832935378
722,861,139,0.139,0.7112083661733195
660,830,170,0.17,0.7095738377002999
752,876,124,0.124,0.730905784927134
766,883,117,0.117,0.7619658693782985
796,898,102,0.102,0.7684641201936361
726,863,137,0.137,0.7491847758619115
816,908,92,0.092,0.7792120594754816
800,900,100,0.1,0.7745657055368647
818,909,91,0.091,0.7804314585560933
786,893,107,0.107,0.7724068824518472
774,887,113,0.113,0.7839995603375137
730,865,135,0.135,0.7940277158896497
750,875,125,0.125,0.7939848109818995
754,877,123,0.123,0.8176108442805707
782,891,109,0.109,0.8372133419848978
772,886,114,0.114,0.8126012832559645
790,895,105,0.105,0.801581532869488
782,891,109,0.109,0.8113381279706955
700,850,150,0.15,0.8056681980539736
740,870,130,0.13,0.8055543946999733
740,870,130,0.13,0.8038654792150897
750,875,125,0.125,0.8255860015307553
754,877,123,0.123,0.8166180567666889
710,855,145,0.145,0.8326691514135327
786,893,107,0.107,0.8196549934223294
732,866,134,0.134,0.7991388349048794
792,896,104,0.104,0.8010685726106167
772,886,114,0.114,0.7785774560570717
732,866,134,0.134,0.7702710131075
654,827,173,0.173,0.7531145894676446
782,891,109,0.109,0.7657073074486107
732,866,134,0.134,0.7671430717366747
766,883,117,0.117,0.7478025878220796
720,860,140,0.14,0.7277982311528176
750,875,125,0.125,0.7292648518728092
750,875,125,0.125,0.7220838861013763
754,877,123,0.123,0.7313029753519222
770,885,115,0.115,0.6892460277785346
704,852,148,0.148,0.6729280498288572
730,865,135,0.135,0.6555701582308393
750,875,125,0.125,0.6318993150866591
722,861,139,0.139,0.6143119720940012
748,874,126,0.126,0.6548182968462352
716,858,142,0.142,0.6364652725076303
770,885,115,0.115,0.6626635635870043
780,890,110,0.11,0.6103953247957398
760,880,120,0.12,0.6010369284705921
784,892,108,0.108,0.6082772483068984
832,916,84,0.084,0.6109081560551421
772,886,114,0.114,0.5717395654025932
740,870,130,0.13,0.5442810045784572
830,915,85,0.085,0.6037723903091392
792,896,104,0.104,0.5547650159650948
736,868,132,0.132,0.5723840427850373
758,879,121,0.121,0.5901920745652169
764,882,118,0.118,0.5647602740833536
774,887,113,0.113,0.5818617504718722
762,881,119,0.119,0.5735114669136551
730,865,135,0.135,0.5601796949799173
760,880,120,0.12,0.5570649233555587
744,872,128,0.128,0.5663002662792519
778,889,111,0.111,0.5683650674282108
718,859,141,0.141,0.5174889423814603
786,893,107,0.107,0.5366086681751767
750,875,125,0.125,0.5628117083124816
710,855,145,0.145,0.5182083453134632
752,876,124,0.124,0.5427070547846815
706,853,147,0.147,0.539112898525168
814,907,93,0.093,0.566314909655413
778,889,111,0.111,0.526777881863527
708,854,146,0.146,0.5462325350642204
754,877,123,0.123,0.5503473122864961
778,889,111,0.111,0.5679987909455958
752,876,124,0.124,0.5197795868543326
750,875,125,0.125,0.5398075061957351
710,855,145,0.145,0.4970547482657712
756,878,122,0.122,0.5005728291287378
722,861,139,0.139,0.48261915965812774
808,904,96,0.096,0.5518903738977969
786,893,107,0.107,0.526393817782111
