log_avg_ept_score,log_avg_succ_req,log_avg_blk_req,log_avg_BP_req,log_avg_entropy
7238,8619,1381,0.1381,0.6928364790201187
7160,8580,1420,0.142,0.6928240690648556
7122,8561,1439,0.1439,0.6928539530038834
7144,8572,1428,0.1428,0.6928738210856914
7054,8527,1473,0.1473,0.6929288174688816
7252,8626,1374,0.1374,0.6929238929569721
6976,8488,1512,0.1512,0.6929131543397904
7172,8586,1414,0.1414,0.6929016929864883
7218,8609,1391,0.1391,0.6923202137708664
7060,8530,1470,0.147,0.6922618303894996
7256,8628,1372,0.1372,0.6921343738138676
7074,8537,1463,0.1463,0.6921349573016167
7100,8550,1450,0.145,0.6902004362046719
6844,8422,1578,0.1578,0.6900883481800556
7198,8599,1401,0.1401,0.68979976567626
7030,8515,1485,0.1485,0.6895643799006939
7256,8628,1372,0.1372,0.683857613915205
7250,8625,1375,0.1375,0.6829368594646454
7230,8615,1385,0.1385,0.6831115840464831
7096,8548,1452,0.1452,0.6820334127306938
7310,8655,1345,0.1345,0.6642923637896776
7144,8572,1428,0.1428,0.6638000826239586
7302,8651,1349,0.1349,0.66157479185462
7192,8596,1404,0.1404,0.6596126143336296
7198,8599,1401,0.1401,0.6191212878257036
7284,8642,1358,0.1358,0.6157522027157247
7104,8552,1448,0.1448,0.612401974452287
7340,8670,1330,0.133,0.6084934270191937
7138,8569,1431,0.1431,0.5356128680663184
7536,8768,1232,0.1232,0.5291805532631464
7598,8799,1201,0.1201,0.5250121577970683
7408,8704,1296,0.1296,0.5180458474938757
7386,8693,1307,0.1307,0.38324783581354277
7412,8706,1294,0.1294,0.3710553155475354
7492,8746,1254,0.1254,0.3647469197312399
7574,8787,1213,0.1213,0.35355546561327644
7500,8750,1250,0.125,0.2360301194076219
7576,8788,1212,0.1212,0.23308187646922282
7506,8753,1247,0.1247,0.231146894603406
7600,8800,1200,0.12,0.2237708557123704
7710,8855,1145,0.1145,0.21203643829286592
7516,8758,1242,0.1242,0.21646377269387576
7740,8870,1130,0.113,0.22019261209519572
7468,8734,1266,0.1266,0.21886254354532417
7564,8782,1218,0.1218,0.24711428832584462
7540,8770,1230,0.123,0.24922328614860198
7576,8788,1212,0.1212,0.2474917373718854
7612,8806,1194,0.1194,0.24708199437125694
7510,8755,1245,0.1245,0.24343114657857368
7710,8855,1145,0.1145,0.24283578359083768
7342,8671,1329,0.1329,0.24076299465323028
7660,8830,1170,0.117,0.2387778962431137
7476,8738,1262,0.1262,0.2034787532041999
7576,8788,1212,0.1212,0.19966932970872803
7750,8875,1125,0.1125,0.19853885411640795
7544,8772,1228,0.1228,0.1944464565869006
7528,8764,1236,0.1236,0.160834397469642
7424,8712,1288,0.1288,0.1597344664391746
7504,8752,1248,0.1248,0.15728385461889866
7734,8867,1133,0.1133,0.156922611089943
7440,8720,1280,0.128,0.1535091905002907
7550,8775,1225,0.1225,0.1513552309050512
7410,8705,1295,0.1295,0.15626310552952455
7768,8884,1116,0.1116,0.15475279286988516
7662,8831,1169,0.1169,0.1652534712502391
7622,8811,1189,0.1189,0.16997121633895584
7654,8827,1173,0.1173,0.16865867736777654
7620,8810,1190,0.119,0.16928535966390645
7746,8873,1127,0.1127,0.17387413838418142
7624,8812,1188,0.1188,0.17468582653443027
7518,8759,1241,0.1241,0.16975072363100463
7522,8761,1239,0.1239,0.16919470076173349
7546,8773,1227,0.1227,0.16249749290826293
7592,8796,1204,0.1204,0.15779130250175968
7648,8824,1176,0.1176,0.1597138004066751
7628,8814,1186,0.1186,0.1627341304146059
7638,8819,1181,0.1181,0.14928640478151284
7638,8819,1181,0.1181,0.14510208651729753
7694,8847,1153,0.1153,0.14925299535867226
7622,8811,1189,0.1189,0.14588669364384915
7712,8856,1144,0.1144,0.14234305838538638
7748,8874,1126,0.1126,0.14359821260802563
7778,8889,1111,0.1111,0.14139095624112744
7400,8700,1300,0.13,0.14830137191323237
7724,8862,1138,0.1138,0.14853290820436013
7514,8757,1243,0.1243,0.14964570701339416
7612,8806,1194,0.1194,0.15001392153020715
7592,8796,1204,0.1204,0.14842752883392787
7676,8838,1162,0.1162,0.14791390284138542
7596,8798,1202,0.1202,0.14549859568201354
7534,8767,1233,0.1233,0.14587094703933662
7634,8817,1183,0.1183,0.14145004306284872
7442,8721,1279,0.1279,0.13327259459990964
7606,8803,1197,0.1197,0.13178679839453764
7756,8878,1122,0.1122,0.13133237836887982
7724,8862,1138,0.1138,0.13035123718689212
7532,8766,1234,0.1234,0.1291515144030036
7468,8734,1266,0.1266,0.1291647073109798
7558,8779,1221,0.1221,0.1316503744420217
7686,8843,1157,0.1157,0.1307337102084656
7658,8829,1171,0.1171,0.13498461903236544
7518,8759,1241,0.1241,0.13568801459306631
7810,8905,1095,0.1095,0.13462568161565122
7864,8932,1068,0.1068,0.13695514786311105
7636,8818,1182,0.1182,0.1365648503539309
7730,8865,1135,0.1135,0.13450642927039305
7650,8825,1175,0.1175,0.13108240790645287
7668,8834,1166,0.1166,0.13457410763912522
7620,8810,1190,0.119,0.1263240430170222
7650,8825,1175,0.1175,0.12386284711840567
7652,8826,1174,0.1174,0.1226414415169682
7788,8894,1106,0.1106,0.1208999622526419
7694,8847,1153,0.1153,0.12253993554600201
7596,8798,1202,0.1202,0.12209186079965438
7760,8880,1120,0.112,0.12068677965588086
7586,8793,1207,0.1207,0.1237049638448875
7554,8777,1223,0.1223,0.12471541517277755
7522,8761,1239,0.1239,0.12735346763684793
7742,8871,1129,0.1129,0.12825678332989957
7472,8736,1264,0.1264,0.12608231914083662
7558,8779,1221,0.1221,0.1287660178962205
7518,8759,1241,0.1241,0.1268350245537089
7596,8798,1202,0.1202,0.12793365289510295
7828,8914,1086,0.1086,0.12247779093856662
7874,8937,1063,0.1063,0.1210636032039878
7800,8900,1100,0.11,0.11321480118391192
7628,8814,1186,0.1186,0.11755330287772595
7600,8800,1200,0.12,0.11681844238144226
7746,8873,1127,0.1127,0.11541558984555159
7538,8769,1231,0.1231,0.11974355205335233
7484,8742,1258,0.1258,0.12170549041629493
7670,8835,1165,0.1165,0.12259899423471288
7484,8742,1258,0.1258,0.13331613234970646
7602,8801,1199,0.1199,0.13080722164775044
7628,8814,1186,0.1186,0.13616844408063625
7614,8807,1193,0.1193,0.1336429218224308
7626,8813,1187,0.1187,0.13135659612023154
7644,8822,1178,0.1178,0.12952969334430436
7838,8919,1081,0.1081,0.12694854906148448
7870,8935,1065,0.1065,0.1283732843270167
7816,8908,1092,0.1092,0.1178029246955215
7426,8713,1287,0.1287,0.11837614340237887
7736,8868,1132,0.1132,0.11952060342693731
7658,8829,1171,0.1171,0.12107535089459998
7718,8859,1141,0.1141,0.12885598226443218
7816,8908,1092,0.1092,0.12861333230471936
7412,8706,1294,0.1294,0.13367084058217943
7618,8809,1191,0.1191,0.13297678509743854
7472,8736,1264,0.1264,0.13645922556123133
7782,8891,1109,0.1109,0.13789094660143128
7664,8832,1168,0.1168,0.13585866531006105
7806,8903,1097,0.1097,0.13621622281432502
7628,8814,1186,0.1186,0.13172330400343052
7698,8849,1151,0.1151,0.1309422546746442
7580,8790,1210,0.121,0.13197004033555276
7662,8831,1169,0.1169,0.12926800665857008
7534,8767,1233,0.1233,0.13676030533546582
7500,8750,1250,0.125,0.13796528074747474
7728,8864,1136,0.1136,0.13811098053035456
7284,8642,1358,0.1358,0.1421279378580395
7498,8749,1251,0.1251,0.14484555368203728
7698,8849,1151,0.1151,0.14349860102951062
7538,8769,1231,0.1231,0.14556847650643032
7550,8775,1225,0.1225,0.14715667235779692
7470,8735,1265,0.1265,0.1410183708046432
7580,8790,1210,0.121,0.1384000594438303
7720,8860,1140,0.114,0.1343913801472401
7560,8780,1220,0.122,0.1370461232133661
7810,8905,1095,0.1095,0.13677623207578507
7670,8835,1165,0.1165,0.13919995339709276
7694,8847,1153,0.1153,0.13789862387011334
7608,8804,1196,0.1196,0.13550543170645252
7584,8792,1208,0.1208,0.1318537842455851
7826,8913,1087,0.1087,0.13329389635661354
7644,8822,1178,0.1178,0.13683043467662648
7624,8812,1188,0.1188,0.13342685449943273
7704,8852,1148,0.1148,0.12613714876047333
7690,8845,1155,0.1155,0.12784982316283278
7762,8881,1119,0.1119,0.12131715419672873
7444,8722,1278,0.1278,0.12321192456369336
7892,8946,1054,0.1054,0.11900668648374767
7782,8891,1109,0.1109,0.1158674155605986
7376,8688,1312,0.1312,0.11332057138049713
7738,8869,1131,0.1131,0.11686485649746901
7740,8870,1130,0.113,0.10714664295544425
7736,8868,1132,0.1132,0.10793634618385331
7640,8820,1180,0.118,0.10328167474323782
7690,8845,1155,0.1155,0.10376490150356658
7736,8868,1132,0.1132,0.10626687587244614
7656,8828,1172,0.1172,0.10547523973024982
7586,8793,1207,0.1207,0.10722227545714122
7634,8817,1183,0.1183,0.10858433051778583
7646,8823,1177,0.1177,0.09974018878144054
7692,8846,1154,0.1154,0.10197264794637304
7490,8745,1255,0.1255,0.0970372988095826
7784,8892,1108,0.1108,0.09450728853648034
7638,8819,1181,0.1181,0.09450390088590885
7866,8933,1067,0.1067,0.0938133665099962
7516,8758,1242,0.1242,0.09928835332298258
7528,8764,1236,0.1236,0.10018240253063486
7616,8808,1192,0.1192,0.10417720495452741
7568,8784,1216,0.1216,0.106341681326668
7402,8701,1299,0.1299,0.11176022344428348
7530,8765,1235,0.1235,0.112245975848542
7476,8738,1262,0.1262,0.1141329654712099
7514,8757,1243,0.1243,0.11360806531470444
7568,8784,1216,0.1216,0.11319483183026496
7528,8764,1236,0.1236,0.11149626024405734
7588,8794,1206,0.1206,0.10645364948995102
7708,8854,1146,0.1146,0.10639282183488613
7792,8896,1104,0.1104,0.10677455210637345
7626,8813,1187,0.1187,0.10593149110239465
7736,8868,1132,0.1132,0.10279105260242467
7594,8797,1203,0.1203,0.10380914699535497
7634,8817,1183,0.1183,0.1042556729640468
7700,8850,1150,0.115,0.10450097650863172
7780,8890,1110,0.111,0.09982025766241058
7414,8707,1293,0.1293,0.10123499562235097
7650,8825,1175,0.1175,0.0974192318443238
7676,8838,1162,0.1162,0.09794427340588027
7744,8872,1128,0.1128,0.0894362247210327
7588,8794,1206,0.1206,0.08783109061331143
7460,8730,1270,0.127,0.09028165673334952
7650,8825,1175,0.1175,0.08575337044236495
7456,8728,1272,0.1272,0.08877191507212247
7614,8807,1193,0.1193,0.09040331622558438
7710,8855,1145,0.1145,0.09080918603099127
7628,8814,1186,0.1186,0.08846991087213492
7728,8864,1136,0.1136,0.08019254033657944
7706,8853,1147,0.1147,0.07362608691134137
7688,8844,1156,0.1156,0.07213974591402257
7482,8741,1259,0.1259,0.0727931274692428
7694,8847,1153,0.1153,0.07503505780602628
7742,8871,1129,0.1129,0.07967453624572846
7552,8776,1224,0.1224,0.08147151026575011
7796,8898,1102,0.1102,0.0810956914767612
7756,8878,1122,0.1122,0.07770700522006045
7740,8870,1130,0.113,0.07384011460222173
7526,8763,1237,0.1237,0.06913071135288774
7674,8837,1163,0.1163,0.06748171893387789
7672,8836,1164,0.1164,0.06874286978607076
7628,8814,1186,0.1186,0.06990787374353823
7620,8810,1190,0.119,0.07717215016787686
7686,8843,1157,0.1157,0.08025505276905551
7692,8846,1154,0.1154,0.08219209041463472
7718,8859,1141,0.1141,0.07747158717515704
7556,8778,1222,0.1222,0.0703088522691698
7728,8864,1136,0.1136,0.07022318176623411
7594,8797,1203,0.1203,0.06188374741767002
7646,8823,1177,0.1177,0.06285505843288101
7520,8760,1240,0.124,0.06835605037224259
7706,8853,1147,0.1147,0.06974588518068377
7552,8776,1224,0.1224,0.08870382366583944
7610,8805,1195,0.1195,0.08941345353639445
7566,8783,1217,0.1217,0.08485769508523663
7568,8784,1216,0.1216,0.08329200903020519
7548,8774,1226,0.1226,0.06866927954074872
7672,8836,1164,0.1164,0.06461338742173739
7698,8849,1151,0.1151,0.062081361667569036
7700,8850,1150,0.115,0.06273639039548562
7784,8892,1108,0.1108,0.07480967983090922
7524,8762,1238,0.1238,0.08072923126007263
7318,8659,1341,0.1341,0.08707891869012528
7746,8873,1127,0.1127,0.08651881206529506
7664,8832,1168,0.1168,0.08897084505229905
7858,8929,1071,0.1071,0.08300479463230731
7708,8854,1146,0.1146,0.07403801566296643
7668,8834,1166,0.1166,0.07229888255571969
7548,8774,1226,0.1226,0.06371906235548268
7706,8853,1147,0.1147,0.06560018184055534
7522,8761,1239,0.1239,0.07530761062551465
7656,8828,1172,0.1172,0.07517318724801098
7662,8831,1169,0.1169,0.08791728975154837
7736,8868,1132,0.1132,0.09351842637776862
7614,8807,1193,0.1193,0.08881640793395236
7648,8824,1176,0.1176,0.0877190019193651
7534,8767,1233,0.1233,0.07106591813977466
7626,8813,1187,0.1187,0.06690788181822355
7672,8836,1164,0.1164,0.0645241770930741
7780,8890,1110,0.111,0.06458901775068789
7490,8745,1255,0.1255,0.07842345134074058
7552,8776,1224,0.1224,0.0832973267983347
7820,8910,1090,0.109,0.09390166533103621
7662,8831,1169,0.1169,0.09089737667517038
7494,8747,1253,0.1253,0.08664612168294988
7572,8786,1214,0.1214,0.0816988126745082
7542,8771,1229,0.1229,0.07078546875435131
7774,8887,1113,0.1113,0.0667681404078794
7596,8798,1202,0.1202,0.06360080116637509
7700,8850,1150,0.115,0.06502629097822119
7756,8878,1122,0.1122,0.0743497307911981
7804,8902,1098,0.1098,0.07801257296936383
7692,8846,1154,0.1154,0.08852310103517666
7636,8818,1182,0.1182,0.08747535937806096
7500,8750,1250,0.125,0.08379774751296791
7316,8658,1342,0.1342,0.08122996132095868
7632,8816,1184,0.1184,0.07016759467500087
7606,8803,1197,0.1197,0.06668064350419663
7798,8899,1101,0.1101,0.06694230240671023
7552,8776,1224,0.1224,0.06866766446548572
7628,8814,1186,0.1186,0.07814606568283634
7668,8834,1166,0.1166,0.08050042749495624
7556,8778,1222,0.1222,0.0842772532588162
7732,8866,1134,0.1134,0.08346859336628987
7510,8755,1245,0.1245,0.07393430477731162
7628,8814,1186,0.1186,0.06936772928702557
7582,8791,1209,0.1209,0.06346524933378896
7880,8940,1060,0.106,0.06042558390893719
7578,8789,1211,0.1211,0.06993827466549338
7706,8853,1147,0.1147,0.07281456971380976
7714,8857,1143,0.1143,0.08042802696151338
7658,8829,1171,0.1171,0.0778461145897265
7572,8786,1214,0.1214,0.07504769689489621
7688,8844,1156,0.1156,0.07371466552689744
7634,8817,1183,0.1183,0.06646992973294946
7558,8779,1221,0.1221,0.06446640192684526
7648,8824,1176,0.1176,0.06845107093110564
7740,8870,1130,0.113,0.07004837774489134
7702,8851,1149,0.1149,0.08216056726461393
7662,8831,1169,0.1169,0.08350681163243426
7566,8783,1217,0.1217,0.08317975332890055
7470,8735,1265,0.1265,0.08204288728320971
7468,8734,1266,0.1266,0.07441515164850279
7544,8772,1228,0.1228,0.07374609628797044
7574,8787,1213,0.1213,0.07270084591528285
7726,8863,1137,0.1137,0.07390565577775705
7618,8809,1191,0.1191,0.07964171689746581
7620,8810,1190,0.119,0.0797268253446382
7906,8953,1047,0.1047,0.07860614049335418
7562,8781,1219,0.1219,0.0770008662441338
7764,8882,1118,0.1118,0.07005761264682224
7762,8881,1119,0.1119,0.06891016603593161
7796,8898,1102,0.1102,0.06861121601886117
7668,8834,1166,0.1166,0.07335857769953581
7848,8924,1076,0.1076,0.08226753690612386
7688,8844,1156,0.1156,0.08393572157854215
7582,8791,1209,0.1209,0.07740473140174872
7854,8927,1073,0.1073,0.07536413005380309
7684,8842,1158,0.1158,0.06440478953255879
7668,8834,1166,0.1166,0.06660757643493416
7634,8817,1183,0.1183,0.08112570875518141
7488,8744,1256,0.1256,0.08881137691954936
7376,8688,1312,0.1312,0.10313525401736842
7594,8797,1203,0.1203,0.09630511957366253
8016,9008,992,0.0992,0.07541745483531995
7482,8741,1259,0.1259,0.06906479884798555
7656,8828,1172,0.1172,0.056303204489950076
7434,8717,1283,0.1283,0.05962007772454235
7760,8880,1120,0.112,0.0786329488412026
7828,8914,1086,0.1086,0.0873965306019847
7582,8791,1209,0.1209,0.09800215414650738
7662,8831,1169,0.1169,0.09937874636068009
7482,8741,1259,0.1259,0.07783667221667129
7658,8829,1171,0.1171,0.06669755080023605
7634,8817,1183,0.1183,0.044017698710240076
7706,8853,1147,0.1147,0.04374216842337378
7764,8882,1118,0.1118,0.05568983038648298
7414,8707,1293,0.1293,0.06515769924454654
7644,8822,1178,0.1178,0.0959764595489949
7786,8893,1107,0.1107,0.09675848220712505
7520,8760,1240,0.124,0.10051965410197154
7658,8829,1171,0.1171,0.09458807838644134
7598,8799,1201,0.1201,0.05843015705934631
7490,8745,1255,0.1255,0.056279337864840635
7770,8885,1115,0.1115,0.04169198106033191
7338,8669,1331,0.1331,0.04102648449376866
7614,8807,1193,0.1193,0.05908164463307767
7610,8805,1195,0.1195,0.06184066583105887
7444,8722,1278,0.1278,0.08180989641614723
7716,8858,1142,0.1142,0.09072007319774711
7752,8876,1124,0.1124,0.09134202312845736
7610,8805,1195,0.1195,0.08944905848909984
7680,8840,1160,0.116,0.0725426921219958
7586,8793,1207,0.1207,0.06260782823554618
7684,8842,1158,0.1158,0.040209374627918806
7650,8825,1175,0.1175,0.04095635590672755
7756,8878,1122,0.1122,0.044876620203151106
7692,8846,1154,0.1154,0.05235239438939152
7658,8829,1171,0.1171,0.0798169988467067
7554,8777,1223,0.1223,0.08364930067353417
7610,8805,1195,0.1195,0.09043177678952925
7458,8729,1271,0.1271,0.08964034719795454
7538,8769,1231,0.1231,0.06573670885660976
7576,8788,1212,0.1212,0.06407704586735927
7698,8849,1151,0.1151,0.047469282940370616
7672,8836,1164,0.1164,0.04275204485519389
7570,8785,1215,0.1215,0.04479256428780227
7808,8904,1096,0.1096,0.04699153584026644
7532,8766,1234,0.1234,0.06213559203747136
7586,8793,1207,0.1207,0.07212571834886912
7806,8903,1097,0.1097,0.082522818771936
7540,8770,1230,0.123,0.08241204188942211
7548,8774,1226,0.1226,0.07256632323331433
7550,8775,1225,0.1225,0.06469408442496788
7516,8758,1242,0.1242,0.04322265531189332
7620,8810,1190,0.119,0.041758254310572736
7656,8828,1172,0.1172,0.04364787722632609
7552,8776,1224,0.1224,0.04747512625991076
7522,8761,1239,0.1239,0.07243151762460474
7642,8821,1179,0.1179,0.07648562293649884
7812,8906,1094,0.1094,0.08189241305105388
7694,8847,1153,0.1153,0.08166428207634017
7510,8755,1245,0.1245,0.05922837797891407
7590,8795,1205,0.1205,0.05393534681829624
7678,8839,1161,0.1161,0.04232363470188575
7694,8847,1153,0.1153,0.040326135815409364
7632,8816,1184,0.1184,0.047644445169961545
7508,8754,1246,0.1246,0.05472307220255898
7654,8827,1173,0.1173,0.06475660130354809
7616,8808,1192,0.1192,0.07224293064732337
7624,8812,1188,0.1188,0.08125877362499014
7506,8753,1247,0.1247,0.07616848938863259
7678,8839,1161,0.1161,0.06725196155002923
7774,8887,1113,0.1113,0.060349583524357875
7804,8902,1098,0.1098,0.03729288328069233
7688,8844,1156,0.1156,0.03567429272165755
7890,8945,1055,0.1055,0.04011355180357641
7558,8779,1221,0.1221,0.047070957035235186
7582,8791,1209,0.1209,0.07176917494598893
7564,8782,1218,0.1218,0.0747261238223873
7796,8898,1102,0.1102,0.0788567485621199
7764,8882,1118,0.1118,0.0784840837887954
7566,8783,1217,0.1217,0.0591217009866843
7474,8737,1263,0.1263,0.05241398206562735
7628,8814,1186,0.1186,0.045150661249499534
7732,8866,1134,0.1134,0.04320592705446179
7544,8772,1228,0.1228,0.05716086248293432
7572,8786,1214,0.1214,0.062459713616687805
7498,8749,1251,0.1251,0.0718207129213668
7628,8814,1186,0.1186,0.07536083099339448
7598,8799,1201,0.1201,0.08055253931565676
7552,8776,1224,0.1224,0.07724732985307928
7656,8828,1172,0.1172,0.06963402830582345
7680,8840,1160,0.116,0.06220615266357781
7544,8772,1228,0.1228,0.0438811642126122
7682,8841,1159,0.1159,0.04593812439963513
7522,8761,1239,0.1239,0.05176737186959945
7552,8776,1224,0.1224,0.057341754015663174
7784,8892,1108,0.1108,0.08990989148519002
7862,8931,1069,0.1069,0.08885605599870905
7764,8882,1118,0.1118,0.08863042096393182
7398,8699,1301,0.1301,0.08608475325391628
7760,8880,1120,0.112,0.048843312579847406
7626,8813,1187,0.1187,0.044885103009149316
7544,8772,1228,0.1228,0.04233283970320481
7576,8788,1212,0.1212,0.043133405087621944
7528,8764,1236,0.1236,0.07076477329391345
7680,8840,1160,0.116,0.07284209534842521
7550,8775,1225,0.1225,0.07922768386262469
7618,8809,1191,0.1191,0.08368783531601075
7714,8857,1143,0.1143,0.06990555004104972
7638,8819,1181,0.1181,0.06813244991303655
7582,8791,1209,0.1209,0.06367296396204038
7656,8828,1172,0.1172,0.05571872412532102
7594,8797,1203,0.1203,0.046026681838245716
7806,8903,1097,0.1097,0.046897089198196774
7598,8799,1201,0.1201,0.05194390904466854
7542,8771,1229,0.1229,0.05863163916914491
7524,8762,1238,0.1238,0.08334234841065481
7498,8749,1251,0.1251,0.08375274139670655
7506,8753,1247,0.1247,0.08205695727253333
7800,8900,1100,0.11,0.07566537716977764
7534,8767,1233,0.1233,0.04531529695548816
7434,8717,1283,0.1283,0.0441615561707411
7586,8793,1207,0.1207,0.04276327366725891
7650,8825,1175,0.1175,0.042788907770394874
7618,8809,1191,0.1191,0.07131412626239471
7712,8856,1144,0.1144,0.07329188466856722
7634,8817,1183,0.1183,0.07572270597764291
7612,8806,1194,0.1194,0.07798472031597048
7688,8844,1156,0.1156,0.055249217229092026
7648,8824,1176,0.1176,0.05274583094494883
7704,8852,1148,0.1148,0.04897059536947636
7444,8722,1278,0.1278,0.04468829296531621
7766,8883,1117,0.1117,0.05064087039350998
7610,8805,1195,0.1195,0.05420516210751375
7612,8806,1194,0.1194,0.05951652975086472
7486,8743,1257,0.1257,0.06714921263176948
7662,8831,1169,0.1169,0.07005764024318197
7718,8859,1141,0.1141,0.06755339809888974
7628,8814,1186,0.1186,0.06445413256606553
7538,8769,1231,0.1231,0.05799842701128218
7668,8834,1166,0.1166,0.03773400206929946
7426,8713,1287,0.1287,0.04006650486380094
7748,8874,1126,0.1126,0.042973284877080006
7872,8936,1064,0.1064,0.04713731769096339
7612,8806,1194,0.1194,0.06741446428792551
7578,8789,1211,0.1211,0.0686379260671325
7630,8815,1185,0.1185,0.06633088268586435
7514,8757,1243,0.1243,0.0640969964473974
7702,8851,1149,0.1149,0.03569508316553547
7584,8792,1208,0.1208,0.035844237659929785
7734,8867,1133,0.1133,0.03340497412866389
7538,8769,1231,0.1231,0.03420586625286378
7616,8808,1192,0.1192,0.05917797683954704
7548,8774,1226,0.1226,0.063496213800041
7490,8745,1255,0.1255,0.06428264945396223
7558,8779,1221,0.1221,0.06707437148513272
7648,8824,1176,0.1176,0.04829225307679735
7670,8835,1165,0.1165,0.04364643287706422
7482,8741,1259,0.1259,0.04181290280758403
7660,8830,1170,0.117,0.03818078907558811
7638,8819,1181,0.1181,0.0400417897353007
7762,8881,1119,0.1119,0.04569771699625999
7882,8941,1059,0.1059,0.043697139651537875
7578,8789,1211,0.1211,0.051382919902191494
7414,8707,1293,0.1293,0.06337481811530889
7766,8883,1117,0.1117,0.05993752323698718
7704,8852,1148,0.1148,0.05786700173607096
7626,8813,1187,0.1187,0.055828097463585434
7676,8838,1162,0.1162,0.03319208912509784
7604,8802,1198,0.1198,0.03343775316344109
7592,8796,1204,0.1204,0.03410983762702672
7670,8835,1165,0.1165,0.0362186758966418
7644,8822,1178,0.1178,0.06797298936247825
7588,8794,1206,0.1206,0.0695240928354673
7838,8919,1081,0.1081,0.07019210268920288
7832,8916,1084,0.1084,0.06988093077847735
7676,8838,1162,0.1162,0.04183037007262465
7598,8799,1201,0.1201,0.038076253461267334
7628,8814,1186,0.1186,0.03639582403789245
7768,8884,1116,0.1116,0.032339980482973624
7682,8841,1159,0.1159,0.05034399175914005
7468,8734,1266,0.1266,0.054598065031372246
7654,8827,1173,0.1173,0.05611131966040703
7574,8787,1213,0.1213,0.058568009262077975
7546,8773,1227,0.1227,0.06334972045347094
7696,8848,1152,0.1152,0.06160695592325646
7508,8754,1246,0.1246,0.05996046783307102
7656,8828,1172,0.1172,0.05694796409977134
7686,8843,1157,0.1157,0.02632589464198536
7676,8838,1162,0.1162,0.02728194546913728
7914,8957,1043,0.1043,0.026557224749308078
7676,8838,1162,0.1162,0.027398097712465097
7574,8787,1213,0.1213,0.056683754669409246
7746,8873,1127,0.1127,0.056376176399027464
7602,8801,1199,0.1199,0.05751256232999731
7462,8731,1269,0.1269,0.05946628635034431
7706,8853,1147,0.1147,0.04236621072940761
7726,8863,1137,0.1137,0.03946430094770621
7550,8775,1225,0.1225,0.03763931244660634
7726,8863,1137,0.1137,0.03628408476862824
7692,8846,1154,0.1154,0.029908777789602756
7756,8878,1122,0.1122,0.031195394957298412
7818,8909,1091,0.1091,0.03258379604344955
7554,8777,1223,0.1223,0.03594502266868949
7684,8842,1158,0.1158,0.05381541734007187
7628,8814,1186,0.1186,0.054065972502250224
7694,8847,1153,0.1153,0.05283294945354573
7436,8718,1282,0.1282,0.05280431821071543
7390,8695,1305,0.1305,0.030089776895008982
7704,8852,1148,0.1148,0.02850876783505082
7674,8837,1163,0.1163,0.02757272044500569
7644,8822,1178,0.1178,0.028227824257110477
7514,8757,1243,0.1243,0.04451561413521413
7764,8882,1118,0.1118,0.043429177317186256
7688,8844,1156,0.1156,0.044748832747573034
7622,8811,1189,0.1189,0.04657876288006082
7730,8865,1135,0.1135,0.03644369191769511
7742,8871,1129,0.1129,0.03410531443365035
7892,8946,1054,0.1054,0.031727458917093464
7620,8810,1190,0.119,0.031656275113648734
7596,8798,1202,0.1202,0.03488289641891606
7544,8772,1228,0.1228,0.03849545604187297
7700,8850,1150,0.115,0.03979089955055388
7558,8779,1221,0.1221,0.04381777428463102
7698,8849,1151,0.1151,0.05405741611765698
7750,8875,1125,0.1125,0.052446715937601404
7680,8840,1160,0.116,0.05042984890921507
7618,8809,1191,0.1191,0.04785368180852383
7696,8848,1152,0.1152,0.02645039377098292
7342,8671,1329,0.1329,0.028120932755974354
7376,8688,1312,0.1312,0.02827735693329014
7574,8787,1213,0.1213,0.02948078842916293
7634,8817,1183,0.1183,0.055905853139562534
7654,8827,1173,0.1173,0.05915675428682007
7600,8800,1200,0.12,0.06025543590271845
7762,8881,1119,0.1119,0.0600930139713455
7488,8744,1256,0.1256,0.043800024815718645
7672,8836,1164,0.1164,0.0374145914521534
7728,8864,1136,0.1136,0.03379035101293121
7560,8780,1220,0.122,0.032702861880027925
7670,8835,1165,0.1165,0.03335558633618057
7580,8790,1210,0.121,0.03800069006793201
7698,8849,1151,0.1151,0.041603557922993785
7698,8849,1151,0.1151,0.04367416525060544
7612,8806,1194,0.1194,0.05750836924323812
7536,8768,1232,0.1232,0.05621012257721741
7746,8873,1127,0.1127,0.052261173886084
7484,8742,1258,0.1258,0.05177661385555402
7572,8786,1214,0.1214,0.030485399139276705
7580,8790,1210,0.121,0.028666819339594803
7502,8751,1249,0.1249,0.027492312076641247
7648,8824,1176,0.1176,0.027743934654560872
7664,8832,1168,0.1168,0.0425878805018845
7614,8807,1193,0.1193,0.046890692699188365
7594,8797,1203,0.1203,0.051150558569049466
7560,8780,1220,0.122,0.04934803009070456
7670,8835,1165,0.1165,0.043551892804866654
7794,8897,1103,0.1103,0.03888082881919108
7650,8825,1175,0.1175,0.0354434676580946
7674,8837,1163,0.1163,0.03418253658222966
7486,8743,1257,0.1257,0.026259257890164735
7772,8886,1114,0.1114,0.028387489149399335
7724,8862,1138,0.1138,0.03184154706717236
7836,8918,1082,0.1082,0.032440029015473555
7756,8878,1122,0.1122,0.0496401197978761
7736,8868,1132,0.1132,0.04784678640090861
7720,8860,1140,0.114,0.047632909984048455
7594,8797,1203,0.1203,0.046792232946289
7686,8843,1157,0.1157,0.027647212714981287
7574,8787,1213,0.1213,0.025753914443869142
7528,8764,1236,0.1236,0.02471206875925418
7480,8740,1260,0.126,0.02530968742945697
7590,8795,1205,0.1205,0.03858904089833377
7586,8793,1207,0.1207,0.04221909067933448
7726,8863,1137,0.1137,0.044088902019523084
7794,8897,1103,0.1103,0.04457576755078626
7504,8752,1248,0.1248,0.0408168435185682
7548,8774,1226,0.1226,0.03612883239490911
7842,8921,1079,0.1079,0.03304661297798157
7772,8886,1114,0.1114,0.03134661804661155
7680,8840,1160,0.116,0.02607552867976483
7748,8874,1126,0.1126,0.02752915445220424
7608,8804,1196,0.1196,0.029775237409211695
7862,8931,1069,0.1069,0.03002589512814302
7778,8889,1111,0.1111,0.042417365999566393
7666,8833,1167,0.1167,0.041857889689598235
7546,8773,1227,0.1227,0.0412595632069977
7558,8779,1221,0.1221,0.040555096625187435
7656,8828,1172,0.1172,0.027265515472000696
7708,8854,1146,0.1146,0.025308904050814453
7538,8769,1231,0.1231,0.025487851334689185
7788,8894,1106,0.1106,0.02472343109640642
7660,8830,1170,0.117,0.033264540409087204
7606,8803,1197,0.1197,0.037344295390089974
7722,8861,1139,0.1139,0.03812004049248062
7738,8869,1131,0.1131,0.03802564409298357
7610,8805,1195,0.1195,0.03282379268617369
7680,8840,1160,0.116,0.028367115008109248
7578,8789,1211,0.1211,0.028251493400515755
7786,8893,1107,0.1107,0.026702897609607316
7566,8783,1217,0.1217,0.029565785477752796
7636,8818,1182,0.1182,0.03531093626816292
7530,8765,1235,0.1235,0.036744774466566744
7718,8859,1141,0.1141,0.03678604468101403
7654,8827,1173,0.1173,0.04166911510685459
7726,8863,1137,0.1137,0.03672930936776102
7554,8777,1223,0.1223,0.03578212081486126
7706,8853,1147,0.1147,0.03406823765551671
7606,8803,1197,0.1197,0.02723916716411477
7546,8773,1227,0.1227,0.02822134922167752
7578,8789,1211,0.1211,0.03142846311467001
7386,8693,1307,0.1307,0.03145414754756493
7270,8635,1365,0.1365,0.055157878365181386
7564,8782,1218,0.1218,0.05282487032487988
7528,8764,1236,0.1236,0.053069974656030534
7404,8702,1298,0.1298,0.0529309618677944
7740,8870,1130,0.113,0.03303632026509149
7594,8797,1203,0.1203,0.0265827080774965
7600,8800,1200,0.12,0.0255777065827162
7732,8866,1134,0.1134,0.024730038872780278
7712,8856,1144,0.1144,0.028140826403623215
7674,8837,1163,0.1163,0.035497678519098554
7830,8915,1085,0.1085,0.03661936831583735
7534,8767,1233,0.1233,0.03913934441749006
7628,8814,1186,0.1186,0.04461395476467442
7568,8784,1216,0.1216,0.03920071484283544
7648,8824,1176,0.1176,0.03970867958945455
7608,8804,1196,0.1196,0.036629498396452985
7722,8861,1139,0.1139,0.024622773073706777
7536,8768,1232,0.1232,0.02324980678760912
7736,8868,1132,0.1132,0.023347668141149917
7648,8824,1176,0.1176,0.02402762957938248
7834,8917,1083,0.1083,0.03528675013972679
7578,8789,1211,0.1211,0.04344195529813878
7660,8830,1170,0.117,0.0433668941014912
7612,8806,1194,0.1194,0.043811368312034756
7510,8755,1245,0.1245,0.037433251675590876
7816,8908,1092,0.1092,0.02958922833541874
7640,8820,1180,0.118,0.02844928315138677
7788,8894,1106,0.1106,0.026113484700373373
7736,8868,1132,0.1132,0.023215350583335386
7762,8881,1119,0.1119,0.028132120247138664
7640,8820,1180,0.118,0.029640188483451492
7652,8826,1174,0.1174,0.03241067311932857
7818,8909,1091,0.1091,0.04350543038886972
7700,8850,1150,0.115,0.04143769216118381
7570,8785,1215,0.1215,0.041657359849917704
7632,8816,1184,0.1184,0.039360634097876025
7762,8881,1119,0.1119,0.025502443905500695
7668,8834,1166,0.1166,0.02264810797192331
7750,8875,1125,0.1125,0.022359194156475134
7642,8821,1179,0.1179,0.02229444988007308
7580,8790,1210,0.121,0.0328949617221253
7582,8791,1209,0.1209,0.04213108333242126
7700,8850,1150,0.115,0.043523082744469865
7544,8772,1228,0.1228,0.044806953714229165
7706,8853,1147,0.1147,0.04388328821221366
7510,8755,1245,0.1245,0.03605263478580164
7698,8849,1151,0.1151,0.03302786598895909
7694,8847,1153,0.1153,0.031937151484040076
7614,8807,1193,0.1193,0.0251153056477895
7752,8876,1124,0.1124,0.029369698919611983
7652,8826,1174,0.1174,0.032000126516877204
7508,8754,1246,0.1246,0.03433981840421911
7638,8819,1181,0.1181,0.05042081998735666
7586,8793,1207,0.1207,0.05471431307466701
7678,8839,1161,0.1161,0.05307143671093509
7506,8753,1247,0.1247,0.053224083419167435
7396,8698,1302,0.1302,0.04052727388592903
7688,8844,1156,0.1156,0.029506021863536444
7660,8830,1170,0.117,0.028245506897591987
7614,8807,1193,0.1193,0.027686952748708426
7730,8865,1135,0.1135,0.029437772085051984
7620,8810,1190,0.119,0.037144651608914135
7590,8795,1205,0.1205,0.03975190940133762
7536,8768,1232,0.1232,0.0412600104484125
7596,8798,1202,0.1202,0.04737904228810221
7598,8799,1201,0.1201,0.04427218758887611
7610,8805,1195,0.1195,0.041929423246555964
7390,8695,1305,0.1305,0.0421825243727304
7734,8867,1133,0.1133,0.030279158759210258
7578,8789,1211,0.1211,0.028268081692187117
7624,8812,1188,0.1188,0.028363838057266548
7612,8806,1194,0.1194,0.02894808162553236
7624,8812,1188,0.1188,0.0378664751729928
7666,8833,1167,0.1167,0.04330499549191445
7746,8873,1127,0.1127,0.04339044860042632
7742,8871,1129,0.1129,0.04372280505625531
7504,8752,1248,0.1248,0.03726284575471654
7568,8784,1216,0.1216,0.030380918279266915
7638,8819,1181,0.1181,0.0282304702706635
7596,8798,1202,0.1202,0.027845858653541656
7646,8823,1177,0.1177,0.029544768938608468
7540,8770,1230,0.123,0.03512354608904571
7544,8772,1228,0.1228,0.03797657472463325
7772,8886,1114,0.1114,0.03874847715157084
7814,8907,1093,0.1093,0.04070592130441219
7474,8737,1263,0.1263,0.03814942650538869
7580,8790,1210,0.121,0.03410690714339726
7712,8856,1144,0.1144,0.03195571674578823
7748,8874,1126,0.1126,0.024784333035582678
7654,8827,1173,0.1173,0.027181417234335096
7824,8912,1088,0.1088,0.028837085047364236
7420,8710,1290,0.129,0.03214206681153737
7400,8700,1300,0.13,0.043508746746368704
7524,8762,1238,0.1238,0.04570715022850782
7626,8813,1187,0.1187,0.044364578817971054
7600,8800,1200,0.12,0.04341202370384708
7788,8894,1106,0.1106,0.03352234044247307
7680,8840,1160,0.116,0.027048628521186766
7600,8800,1200,0.12,0.02540537515609758
7372,8686,1314,0.1314,0.025358659576636272
7496,8748,1252,0.1252,0.030966543777799234
7464,8732,1268,0.1268,0.04050582971679978
7690,8845,1155,0.1155,0.03769944853791967
7406,8703,1297,0.1297,0.044557675647828726
7668,8834,1166,0.1166,0.04718024653196335
7702,8851,1149,0.1149,0.04071050816597417
7458,8729,1271,0.1271,0.039464100139052605
7674,8837,1163,0.1163,0.03766633186371764
7712,8856,1144,0.1144,0.025752658698055892
7792,8896,1104,0.1104,0.02636039436381543
7620,8810,1190,0.119,0.029181200191425158
7658,8829,1171,0.1171,0.031929193875775676
7762,8881,1119,0.1119,0.04032298408783972
7644,8822,1178,0.1178,0.04727459903750569
7602,8801,1199,0.1199,0.04869208845319226
7590,8795,1205,0.1205,0.047090220888517796
7548,8774,1226,0.1226,0.040276079681608824
7646,8823,1177,0.1177,0.03230524944744539
7828,8914,1086,0.1086,0.029569007410947232
7638,8819,1181,0.1181,0.02841612479990581
7698,8849,1151,0.1151,0.029245321091916413
7756,8878,1122,0.1122,0.03638200862556696
7692,8846,1154,0.1154,0.03974790727645159
7672,8836,1164,0.1164,0.043461107351910326
7598,8799,1201,0.1201,0.046095684817433355
7752,8876,1124,0.1124,0.04203102766983211
7650,8825,1175,0.1175,0.03953838051939383
7708,8854,1146,0.1146,0.036347192501462997
7444,8722,1278,0.1278,0.03013285092455335
7516,8758,1242,0.1242,0.028330276791530197
7796,8898,1102,0.1102,0.029634781266504432
7604,8802,1198,0.1198,0.033540001245890745
7712,8856,1144,0.1144,0.04116426356828306
7718,8859,1141,0.1141,0.0457722293515224
7696,8848,1152,0.1152,0.04598384197354317
7716,8858,1142,0.1142,0.045263736808672544
7608,8804,1196,0.1196,0.037403937162877994
7618,8809,1191,0.1191,0.029894590141111985
7446,8723,1277,0.1277,0.02893134873455856
7638,8819,1181,0.1181,0.028856730257254094
7774,8887,1113,0.1113,0.0337887629492674
7586,8793,1207,0.1207,0.041949465556349604
7742,8871,1129,0.1129,0.044137513819988816
7466,8733,1267,0.1267,0.04594337848732248
7682,8841,1159,0.1159,0.04312934802016243
7742,8871,1129,0.1129,0.036461870198708494
7612,8806,1194,0.1194,0.03360231166902231
7698,8849,1151,0.1151,0.03073953813149128
7742,8871,1129,0.1129,0.02867324240342714
7538,8769,1231,0.1231,0.034131278065615334
7574,8787,1213,0.1213,0.03689798791052308
7702,8851,1149,0.1149,0.040094420050643384
7746,8873,1127,0.1127,0.045420490067545324
7702,8851,1149,0.1149,0.04537666939101182
7616,8808,1192,0.1192,0.044480487306648865
7510,8755,1245,0.1245,0.04164240418388508
7684,8842,1158,0.1158,0.03473852359619923
7720,8860,1140,0.114,0.029767141390684992
7486,8743,1257,0.1257,0.03091928044515662
7724,8862,1138,0.1138,0.030865475944941864
7528,8764,1236,0.1236,0.03541996691362001
7670,8835,1165,0.1165,0.04189554909858852
7694,8847,1153,0.1153,0.04321634954446927
7530,8765,1235,0.1235,0.043711125196143986
7650,8825,1175,0.1175,0.04134186418158933
7590,8795,1205,0.1205,0.03385865387432277
7590,8795,1205,0.1205,0.03258852606038563
7504,8752,1248,0.1248,0.0310011907548178
7622,8811,1189,0.1189,0.03149483090885915
7676,8838,1162,0.1162,0.03977841411652044
7552,8776,1224,0.1224,0.04288636551389936
7482,8741,1259,0.1259,0.04578685779348016
7580,8790,1210,0.121,0.04769339147266
7564,8782,1218,0.1218,0.04001769999847747
7664,8832,1168,0.1168,0.03619960445063189
7650,8825,1175,0.1175,0.03443688709952403
7790,8895,1105,0.1105,0.02907618668167852
7546,8773,1227,0.1227,0.03240377189394785
7544,8772,1228,0.1228,0.03507251182491891
7598,8799,1201,0.1201,0.038578232875233515
7550,8775,1225,0.1225,0.04451870605479926
7574,8787,1213,0.1213,0.05055246587079018
7756,8878,1122,0.1122,0.0474805238397792
7746,8873,1127,0.1127,0.046195741703454404
7722,8861,1139,0.1139,0.038879295978508886
7704,8852,1148,0.1148,0.028148558189254255
7510,8755,1245,0.1245,0.02752997068427503
7606,8803,1197,0.1197,0.02730664963979507
7656,8828,1172,0.1172,0.030734412325383164
7578,8789,1211,0.1211,0.044321346576535144
7706,8853,1147,0.1147,0.04870305666862987
7770,8885,1115,0.1115,0.04875712784677744
7706,8853,1147,0.1147,0.049977197496779265
7704,8852,1148,0.1148,0.040554983053170145
7444,8722,1278,0.1278,0.03456328451107256
7504,8752,1248,0.1248,0.032327365636778994
7504,8752,1248,0.1248,0.030000693285581657
7552,8776,1224,0.1224,0.031722504085651596
7712,8856,1144,0.1144,0.03661148023898713
7640,8820,1180,0.118,0.039286715944390746
7698,8849,1151,0.1151,0.04239085523788817
7440,8720,1280,0.128,0.049433857397036624
7538,8769,1231,0.1231,0.046595692872488874
7826,8913,1087,0.1087,0.04314017409821972
7640,8820,1180,0.118,0.04056042889207601
7694,8847,1153,0.1153,0.0304819647598546
7666,8833,1167,0.1167,0.029221722171641887
7550,8775,1225,0.1225,0.030807230399688707
7826,8913,1087,0.1087,0.031181157470750624
7554,8777,1223,0.1223,0.043316011469857765
7572,8786,1214,0.1214,0.04964241121448577
7682,8841,1159,0.1159,0.05075988797135651
7664,8832,1168,0.1168,0.049995607301406564
7626,8813,1187,0.1187,0.044227536763856184
7700,8850,1150,0.115,0.035985386907542126
7794,8897,1103,0.1103,0.03281984194808174
7582,8791,1209,0.1209,0.030820544549217448
7696,8848,1152,0.1152,0.030936630179779604
7682,8841,1159,0.1159,0.03725038472381421
7644,8822,1178,0.1178,0.04203832621914334
7520,8760,1240,0.124,0.045052023112680764
7658,8829,1171,0.1171,0.05418576025180519
7500,8750,1250,0.125,0.053635589126124976
7510,8755,1245,0.1245,0.051977386324387045
7712,8856,1144,0.1144,0.04453246402493678
7484,8742,1258,0.1258,0.03571669370005839
7688,8844,1156,0.1156,0.031970966272219084
7592,8796,1204,0.1204,0.03332625075532124
7606,8803,1197,0.1197,0.03396160819933284
7680,8840,1160,0.116,0.04185380608011037
7598,8799,1201,0.1201,0.04626720353290439
7770,8885,1115,0.1115,0.04523992960918695
7638,8819,1181,0.1181,0.04774490809310228
7836,8918,1082,0.1082,0.04285883385892957
7544,8772,1228,0.1228,0.03872640584111214
7644,8822,1178,0.1178,0.035846583326533434
7670,8835,1165,0.1165,0.035184761445666665
7668,8834,1166,0.1166,0.03372724654879421
7490,8745,1255,0.1255,0.03912244126405567
7502,8751,1249,0.1249,0.04173649512408301
7608,8804,1196,0.1196,0.04417598523492925
7502,8751,1249,0.1249,0.05113274428453297
7672,8836,1164,0.1164,0.04985708673093468
7790,8895,1105,0.1105,0.04696023905770853
7664,8832,1168,0.1168,0.04555210809521377
7616,8808,1192,0.1192,0.03602273567356169
7470,8735,1265,0.1265,0.03305182872102596
7494,8747,1253,0.1253,0.03277209053174593
7606,8803,1197,0.1197,0.03375430762274191
7686,8843,1157,0.1157,0.04188505435874686
7496,8748,1252,0.1252,0.04906151647544466
7736,8868,1132,0.1132,0.04852962811458856
7710,8855,1145,0.1145,0.04943543865084648
7702,8851,1149,0.1149,0.0423268162574619
7590,8795,1205,0.1205,0.03516894427349325
7440,8720,1280,0.128,0.03363023553974927
7526,8763,1237,0.1237,0.032230021011503414
7862,8931,1069,0.1069,0.031230755564640274
7750,8875,1125,0.1125,0.03811008932557888
7454,8727,1273,0.1273,0.04053204412152991
7744,8872,1128,0.1128,0.0401357289548032
7778,8889,1111,0.1111,0.042527286392915996
7676,8838,1162,0.1162,0.037888357270741836
7620,8810,1190,0.119,0.03705985476244241
7648,8824,1176,0.1176,0.0360696897237096
7854,8927,1073,0.1073,0.028612167066941037
7560,8780,1220,0.122,0.032296763082547114
7618,8809,1191,0.1191,0.03353016156335361
7620,8810,1190,0.119,0.03456152104157954
7968,8984,1016,0.1016,0.03991937117977068
7664,8832,1168,0.1168,0.04275213925540447
7612,8806,1194,0.1194,0.04294410820375197
7658,8829,1171,0.1171,0.04218118165149354
7578,8789,1211,0.1211,0.03378164005302824
7560,8780,1220,0.122,0.02912907730732113
7624,8812,1188,0.1188,0.02862524115536362
7758,8879,1121,0.1121,0.02873404870892409
7698,8849,1151,0.1151,0.03282680230922997
7622,8811,1189,0.1189,0.03948463811809197
7860,8930,1070,0.107,0.039140337715484204
7620,8810,1190,0.119,0.04020106704710051
7588,8794,1206,0.1206,0.03812249826639891
7452,8726,1274,0.1274,0.03422800866747275
7558,8779,1221,0.1221,0.03299476730916649
7574,8787,1213,0.1213,0.03255975804524496
7480,8740,1260,0.126,0.03368192320838571
7714,8857,1143,0.1143,0.03820958954105154
7646,8823,1177,0.1177,0.03840706576891244
7824,8912,1088,0.1088,0.03791411955663934
7738,8869,1131,0.1131,0.03796832128735259
7678,8839,1161,0.1161,0.03230898014046252
7750,8875,1125,0.1125,0.03146604272094555
7548,8774,1226,0.1226,0.030806160688027738
7774,8887,1113,0.1113,0.0304354685199447
7682,8841,1159,0.1159,0.03616758492197841
7696,8848,1152,0.1152,0.03616804631073028
7578,8789,1211,0.1211,0.03757468814793974
7466,8733,1267,0.1267,0.039282644741795957
7614,8807,1193,0.1193,0.03528224111720919
7568,8784,1216,0.1216,0.034754765238286925
7624,8812,1188,0.1188,0.03386368495617062
7714,8857,1143,0.1143,0.030277926071034744
7676,8838,1162,0.1162,0.03352720047459006
7708,8854,1146,0.1146,0.03352375645339489
7698,8849,1151,0.1151,0.034730099664302544
7650,8825,1175,0.1175,0.03692642132341862
7612,8806,1194,0.1194,0.035458337829355153
7530,8765,1235,0.1235,0.03496003565900028
7750,8875,1125,0.1125,0.03379960072087124
7392,8696,1304,0.1304,0.03370073517295532
7636,8818,1182,0.1182,0.03605337138969917
7444,8722,1278,0.1278,0.03752888304414228
7678,8839,1161,0.1161,0.03816023979755118
7482,8741,1259,0.1259,0.04383591836337
7518,8759,1241,0.1241,0.04085387890841812
7502,8751,1249,0.1249,0.040668636795692145
7668,8834,1166,0.1166,0.03826498874463141
7782,8891,1109,0.1109,0.031987175209913406
7674,8837,1163,0.1163,0.02883672278895974
7678,8839,1161,0.1161,0.02934148617614992
7748,8874,1126,0.1126,0.02944520827513188
7692,8846,1154,0.1154,0.035783592959679665
7526,8763,1237,0.1237,0.041515614966116846
7556,8778,1222,0.1222,0.04193694161981111
7630,8815,1185,0.1185,0.04032278905864805
7662,8831,1169,0.1169,0.0354860772524029
7558,8779,1221,0.1221,0.028537750625004993
7718,8859,1141,0.1141,0.02791940041780472
7610,8805,1195,0.1195,0.027663723454764113
7650,8825,1175,0.1175,0.02930183158596046
7750,8875,1125,0.1125,0.03630391012076289
7530,8765,1235,0.1235,0.037603382762148974
7764,8882,1118,0.1118,0.03800810266071931
7440,8720,1280,0.128,0.03891029238477349
7802,8901,1099,0.1099,0.03096109428652562
7598,8799,1201,0.1201,0.031068354498781262
7688,8844,1156,0.1156,0.029570619406877087
7726,8863,1137,0.1137,0.02690823976462707
7444,8722,1278,0.1278,0.03069253097861074
7758,8879,1121,0.1121,0.031029142221296206
7776,8888,1112,0.1112,0.03229693019059487
7744,8872,1128,0.1128,0.03733487221505493
7474,8737,1263,0.1263,0.037850117006804795
7586,8793,1207,0.1207,0.03665715019493364
7728,8864,1136,0.1136,0.034266676607681436
7804,8902,1098,0.1098,0.029196610230859368
7698,8849,1151,0.1151,0.02653602546178736
7602,8801,1199,0.1199,0.027017480223579332
7456,8728,1272,0.1272,0.02727804706711322
7778,8889,1111,0.1111,0.031061723095178604
7784,8892,1108,0.1108,0.03924831764167175
7520,8760,1240,0.124,0.04059945511342958
7556,8778,1222,0.1222,0.040809395915549246
7958,8979,1021,0.1021,0.03626870770631358
7616,8808,1192,0.1192,0.028952784293645527
7678,8839,1161,0.1161,0.028484729663934557
7650,8825,1175,0.1175,0.027125047964649276
7690,8845,1155,0.1155,0.026861964026209897
7490,8745,1255,0.1255,0.04073381250347011
7596,8798,1202,0.1202,0.041943030935153364
7752,8876,1124,0.1124,0.04404986145496369
7540,8770,1230,0.123,0.05031480920892209
7654,8827,1173,0.1173,0.045334163447655736
7570,8785,1215,0.1215,0.04155170502271503
7684,8842,1158,0.1158,0.03983206935999915
7596,8798,1202,0.1202,0.03129004308376461
7674,8837,1163,0.1163,0.0300384146747645
7674,8837,1163,0.1163,0.034545136628579345
7706,8853,1147,0.1147,0.03574902722383849
7576,8788,1212,0.1212,0.049780608192645015
7514,8757,1243,0.1243,0.05931519877538085
7590,8795,1205,0.1205,0.057611060668714346
7610,8805,1195,0.1195,0.055378789234161375
7592,8796,1204,0.1204,0.052447465014085176
7640,8820,1180,0.118,0.040253947540535594
7762,8881,1119,0.1119,0.039271345875319094
7626,8813,1187,0.1187,0.03577379627563059
7542,8771,1229,0.1229,0.03659465063186362
7790,8895,1105,0.1105,0.04539584702802822
7640,8820,1180,0.118,0.046995900761988015
7468,8734,1266,0.1266,0.05668448368338868
7642,8821,1179,0.1179,0.059537095826119185
7630,8815,1185,0.1185,0.05824656539969146
7614,8807,1193,0.1193,0.05780093103405088
7430,8715,1285,0.1285,0.05031015847567469
7746,8873,1127,0.1127,0.043537503647897394
7528,8764,1236,0.1236,0.03585173613228835
7636,8818,1182,0.1182,0.03592091902177781
7754,8877,1123,0.1123,0.03967190629662946
7648,8824,1176,0.1176,0.043475156958447767
7686,8843,1157,0.1157,0.05886117167519406
7660,8830,1170,0.117,0.06011236654818058
7694,8847,1153,0.1153,0.05939797627851367
7806,8903,1097,0.1097,0.056318053103145214
7818,8909,1091,0.1091,0.03934745560721494
7740,8870,1130,0.113,0.037939021308603695
7548,8774,1226,0.1226,0.032137238263711336
7656,8828,1172,0.1172,0.030455385199887677
7624,8812,1188,0.1188,0.040004899548599496
7798,8899,1101,0.1101,0.04299585582637228
7700,8850,1150,0.115,0.050508019181713465
7368,8684,1316,0.1316,0.05478359185019508
7480,8740,1260,0.126,0.055078348713368176
7680,8840,1160,0.116,0.052546807487867775
7618,8809,1191,0.1191,0.046259695169515905
7756,8878,1122,0.1122,0.04309996024565771
7874,8937,1063,0.1063,0.028780307297804394
7470,8735,1265,0.1265,0.028507106357300655
7796,8898,1102,0.1102,0.028058167268126273
7600,8800,1200,0.12,0.029556729800533504
7538,8769,1231,0.1231,0.04229354601786472
7666,8833,1167,0.1167,0.04482953736949712
7750,8875,1125,0.1125,0.04851931350417435
7532,8766,1234,0.1234,0.05027127977237105
7472,8736,1264,0.1264,0.04404756402233616
7590,8795,1205,0.1205,0.041355438164109366
7648,8824,1176,0.1176,0.03410819461350329
7666,8833,1167,0.1167,0.03196627048975788
7698,8849,1151,0.1151,0.02552229656353593
7710,8855,1145,0.1145,0.025832946277922018
7718,8859,1141,0.1141,0.029535491458373146
7798,8899,1101,0.1101,0.03182190742809325
7754,8877,1123,0.1123,0.042342566130682824
7642,8821,1179,0.1179,0.043538492771890015
7540,8770,1230,0.123,0.042430544107407334
7746,8873,1127,0.1127,0.04095657385410741
7674,8837,1163,0.1163,0.030575641778018324
7486,8743,1257,0.1257,0.029338465077988804
7662,8831,1169,0.1169,0.026663684439472854
7562,8781,1219,0.1219,0.026260748899774627
7622,8811,1189,0.1189,0.03283197912536562
7630,8815,1185,0.1185,0.03544301931047812
7782,8891,1109,0.1109,0.039513369599357244
7732,8866,1134,0.1134,0.04088835292076692
7880,8940,1060,0.106,0.03904986468181014
7684,8842,1158,0.1158,0.03828300800500438
7848,8924,1076,0.1076,0.03207838984762784
7642,8821,1179,0.1179,0.030142396691371687
7474,8737,1263,0.1263,0.02514888408613624
7576,8788,1212,0.1212,0.026373845803341827
7742,8871,1129,0.1129,0.029798417360079474
7628,8814,1186,0.1186,0.032846703915903344
7702,8851,1149,0.1149,0.044156810889206824
7658,8829,1171,0.1171,0.04539211693238467
7608,8804,1196,0.1196,0.043942688612267376
7694,8847,1153,0.1153,0.04221136215198785
7654,8827,1173,0.1173,0.029211176134995184
7690,8845,1155,0.1155,0.026846065528399778
7636,8818,1182,0.1182,0.02366359068355523
7658,8829,1171,0.1171,0.022917547003133223
7608,8804,1196,0.1196,0.030565037939604373
7718,8859,1141,0.1141,0.03273949883780442
7698,8849,1151,0.1151,0.037827217920683325
7686,8843,1157,0.1157,0.039927774676680565
7696,8848,1152,0.1152,0.040771627697814256
7590,8795,1205,0.1205,0.03975221881084144
7594,8797,1203,0.1203,0.03518142515788786
7658,8829,1171,0.1171,0.03303591395877302
7798,8899,1101,0.1101,0.0241062346702558
7854,8927,1073,0.1073,0.023806556549109518
7568,8784,1216,0.1216,0.025721706353826448
7750,8875,1125,0.1125,0.025729203341761604
7680,8840,1160,0.116,0.03467155648979824
7686,8843,1157,0.1157,0.03721026905337348
7418,8709,1291,0.1291,0.0414436345262453
7704,8852,1148,0.1148,0.04059130931836553
7598,8799,1201,0.1201,0.0356231512978673
7640,8820,1180,0.118,0.03292327523545828
7760,8880,1120,0.112,0.02869022554834373
7744,8872,1128,0.1128,0.027416173407924363
7628,8814,1186,0.1186,0.026557994207553566
7642,8821,1179,0.1179,0.02778322283385787
7696,8848,1152,0.1152,0.033861022684071214
7556,8778,1222,0.1222,0.03481286719120107
7662,8831,1169,0.1169,0.042978039225563404
7640,8820,1180,0.118,0.0433313321034424
7590,8795,1205,0.1205,0.04093066677423194
7512,8756,1244,0.1244,0.04034092972902581
7814,8907,1093,0.1093,0.028952094227913765
7662,8831,1169,0.1169,0.026732623761193827
7598,8799,1201,0.1201,0.02435921949548647
7746,8873,1127,0.1127,0.024217753434437328
7706,8853,1147,0.1147,0.02898709745211527
7758,8879,1121,0.1121,0.03158088140483014
7800,8900,1100,0.11,0.034839898939616976
7720,8860,1140,0.114,0.03568611245802604
7640,8820,1180,0.118,0.03346176487414632
7480,8740,1260,0.126,0.03271691281176172
7616,8808,1192,0.1192,0.027934063511993738
7654,8827,1173,0.1173,0.02742804919248447
7476,8738,1262,0.1262,0.026163144260458647
7532,8766,1234,0.1234,0.02632704813624732
7734,8867,1133,0.1133,0.027621763291489333
7752,8876,1124,0.1124,0.027474481341196223
7796,8898,1102,0.1102,0.0300070670443587
7612,8806,1194,0.1194,0.029849135112622754
7682,8841,1159,0.1159,0.02807067053599749
7572,8786,1214,0.1214,0.028103662347467615
7802,8901,1099,0.1099,0.025257924661459402
7620,8810,1190,0.119,0.02570026003001258
7598,8799,1201,0.1201,0.026232891536317766
7674,8837,1163,0.1163,0.026348797564208506
7544,8772,1228,0.1228,0.02945989902615547
7602,8801,1199,0.1199,0.03074315929710865
7794,8897,1103,0.1103,0.03062984103458002
7446,8723,1277,0.1277,0.03151431894050911
7684,8842,1158,0.1158,0.02802550942460075
7786,8893,1107,0.1107,0.026410710297478362
7566,8783,1217,0.1217,0.02518439980773255
7548,8774,1226,0.1226,0.025663762911595403
7544,8772,1228,0.1228,0.028813840683782472
7590,8795,1205,0.1205,0.030684031072165815
7622,8811,1189,0.1189,0.03412726052682847
7564,8782,1218,0.1218,0.03502882376872003
7520,8760,1240,0.124,0.03503393994495273
7606,8803,1197,0.1197,0.033353660741262135
7684,8842,1158,0.1158,0.029128528549754992
7766,8883,1117,0.1117,0.028606268103607
7692,8846,1154,0.1154,0.024311159978015348
7606,8803,1197,0.1197,0.0241522521013394
7648,8824,1176,0.1176,0.026278891136683524
7832,8916,1084,0.1084,0.02625018126661889
7470,8735,1265,0.1265,0.036687493611034
7546,8773,1227,0.1227,0.0349045001112856
7640,8820,1180,0.118,0.03621708414610475
7478,8739,1261,0.1261,0.03622470035282895
7420,8710,1290,0.129,0.03022306060893461
7514,8757,1243,0.1243,0.029447641897015275
7612,8806,1194,0.1194,0.02487175402464345
7658,8829,1171,0.1171,0.02401330709126778
7724,8862,1138,0.1138,0.025140204182080926
7886,8943,1057,0.1057,0.026766977412300184
7786,8893,1107,0.1107,0.03019499141247943
7760,8880,1120,0.112,0.028331046826206147
7628,8814,1186,0.1186,0.031239631216414272
7832,8916,1084,0.1084,0.028435949329845608
7662,8831,1169,0.1169,0.026361736337654294
7596,8798,1202,0.1202,0.026179579940857366
7628,8814,1186,0.1186,0.025729298558318986
7622,8811,1189,0.1189,0.02849578306749463
7632,8816,1184,0.1184,0.031198206877801567
7522,8761,1239,0.1239,0.033035586747853084
7568,8784,1216,0.1216,0.03798043119767681
7528,8764,1236,0.1236,0.035785807609092446
7562,8781,1219,0.1219,0.03445985425387044
7528,8764,1236,0.1236,0.033217922194022684
7716,8858,1142,0.1142,0.026427206465927885
7810,8905,1095,0.1095,0.024458055613189936
7674,8837,1163,0.1163,0.025270598504971712
7582,8791,1209,0.1209,0.026070628709252922
7494,8747,1253,0.1253,0.03144861388152931
7564,8782,1218,0.1218,0.033007757600117475
7672,8836,1164,0.1164,0.03350978298522532
7646,8823,1177,0.1177,0.03300783305736259
7642,8821,1179,0.1179,0.028404153490811587
7706,8853,1147,0.1147,0.023788817431614734
7694,8847,1153,0.1153,0.02247121068122797
7702,8851,1149,0.1149,0.021588037706608883
7772,8886,1114,0.1114,0.022490439107548447
7560,8780,1220,0.122,0.02595872449222952
7650,8825,1175,0.1175,0.027164630413567648
7470,8735,1265,0.1265,0.029006074039731176
7700,8850,1150,0.115,0.02927394830696285
7578,8789,1211,0.1211,0.02749293107073754
7632,8816,1184,0.1184,0.025439133815281092
7524,8762,1238,0.1238,0.024970014017960056
7620,8810,1190,0.119,0.02010281831920147
7818,8909,1091,0.1091,0.019796513575455175
7616,8808,1192,0.1192,0.020829028507741168
7600,8800,1200,0.12,0.02229845447889529
7636,8818,1182,0.1182,0.025195162389380858
7804,8902,1098,0.1098,0.02683364976318553
7630,8815,1185,0.1185,0.02727504286514595
7558,8779,1221,0.1221,0.026200327525706963
7740,8870,1130,0.113,0.021501438821433114
7466,8733,1267,0.1267,0.018647411607415416
7422,8711,1289,0.1289,0.01887000565986382
7754,8877,1123,0.1123,0.01892788128273096
7822,8911,1089,0.1089,0.022928192985989155
7730,8865,1135,0.1135,0.02772407491011545
7686,8843,1157,0.1157,0.028473678386770188
7686,8843,1157,0.1157,0.027454425797238946
7952,8976,1024,0.1024,0.02339272522977553
7744,8872,1128,0.1128,0.019062119624885965
7652,8826,1174,0.1174,0.01782406048269477
7452,8726,1274,0.1274,0.01705871380113531
7700,8850,1150,0.115,0.018749287188635208
7742,8871,1129,0.1129,0.024993096979288386
7736,8868,1132,0.1132,0.02684555805232376
7800,8900,1100,0.11,0.03005935149779543
7570,8785,1215,0.1215,0.030163752506813035
7666,8833,1167,0.1167,0.025365552864875643
7698,8849,1151,0.1151,0.023592430243245328
7438,8719,1281,0.1281,0.020156903150794096
7572,8786,1214,0.1214,0.016649639196996576
7668,8834,1166,0.1166,0.017885008162341547
7744,8872,1128,0.1128,0.018993961469852366
7402,8701,1299,0.1299,0.024059667023574004
7738,8869,1131,0.1131,0.028217361968150362
7828,8914,1086,0.1086,0.029875639500375837
7754,8877,1123,0.1123,0.02925376708228141
7678,8839,1161,0.1161,0.027112337090587243
7824,8912,1088,0.1088,0.02075704192594858
7572,8786,1214,0.1214,0.016309462560387327
7668,8834,1166,0.1166,0.01540578614748083
7436,8718,1282,0.1282,0.016998972542746925
7642,8821,1179,0.1179,0.0209740321559133
7642,8821,1179,0.1179,0.0281032488218043
7710,8855,1145,0.1145,0.029378871951811016
7824,8912,1088,0.1088,0.03200767278764397
7670,8835,1165,0.1165,0.031068572737835348
7568,8784,1216,0.1216,0.025959985922882334
7752,8876,1124,0.1124,0.023245600494905375
7636,8818,1182,0.1182,0.019505380015727134
7504,8752,1248,0.1248,0.01677826409137342
7732,8866,1134,0.1134,0.017286372587969525
7742,8871,1129,0.1129,0.01837453960952116
7648,8824,1176,0.1176,0.02274977162164869
7602,8801,1199,0.1199,0.02943059199126437
7424,8712,1288,0.1288,0.03461476986017078
7570,8785,1215,0.1215,0.03445845510512591
7674,8837,1163,0.1163,0.03251587801170536
7702,8851,1149,0.1149,0.02763290923635941
7602,8801,1199,0.1199,0.021125466656079516
7508,8754,1246,0.1246,0.0196956266769208
7786,8893,1107,0.1107,0.01690898540619528
7568,8784,1216,0.1216,0.017780962033593094
7552,8776,1224,0.1224,0.022017180634476243
7528,8764,1236,0.1236,0.0238872619198286
7858,8929,1071,0.1071,0.026607117121759803
7640,8820,1180,0.118,0.030965745046082883
7420,8710,1290,0.129,0.030363616986852138
7460,8730,1270,0.127,0.02972058665603399
7750,8875,1125,0.1125,0.024858953372063116
7594,8797,1203,0.1203,0.02108969813560834
7632,8816,1184,0.1184,0.017731577301979995
7556,8778,1222,0.1222,0.018072852354950736
7452,8726,1274,0.1274,0.019110684616933576
7786,8893,1107,0.1107,0.02158666442579124
7492,8746,1254,0.1254,0.029558922859374434
7564,8782,1218,0.1218,0.030356504245754333
7746,8873,1127,0.1127,0.03174203570447862
7540,8770,1230,0.123,0.03184097311734222
7652,8826,1174,0.1174,0.025412607253855093
7760,8880,1120,0.112,0.024520244047173765
7576,8788,1212,0.1212,0.02009360843989998
7748,8874,1126,0.1126,0.018160265293705742
7804,8902,1098,0.1098,0.019131692027929238
7728,8864,1136,0.1136,0.01980394036259968
7592,8796,1204,0.1204,0.025662335578841157
7366,8683,1317,0.1317,0.02923464625326451
7608,8804,1196,0.1196,0.03597168425433338
7606,8803,1197,0.1197,0.036195086758676914
7636,8818,1182,0.1182,0.034659560208767655
7546,8773,1227,0.1227,0.032719243705458936
7668,8834,1166,0.1166,0.02191595452562906
7664,8832,1168,0.1168,0.02106442840551026
7578,8789,1211,0.1211,0.018680572620534804
7602,8801,1199,0.1199,0.01829273473219946
7660,8830,1170,0.117,0.023374524262244813
7804,8902,1098,0.1098,0.02365039666891098
7860,8930,1070,0.107,0.028425658763293178
7640,8820,1180,0.118,0.030426213693618774
7740,8870,1130,0.113,0.02908478970248252
7520,8760,1240,0.124,0.028587293197494
7672,8836,1164,0.1164,0.024146674812585117
7482,8741,1259,0.1259,0.022986710933735593
7594,8797,1203,0.1203,0.018734819598821922
7708,8854,1146,0.1146,0.018652148996666073
7664,8832,1168,0.1168,0.02067182796166744
7550,8775,1225,0.1225,0.023086812369036487
7826,8913,1087,0.1087,0.028504962082160638
7410,8705,1295,0.1295,0.02999796593016945
7752,8876,1124,0.1124,0.029823748940555377
7616,8808,1192,0.1192,0.029751406539580784
7760,8880,1120,0.112,0.02217030543750152
7604,8802,1198,0.1198,0.02157770371173974
7570,8785,1215,0.1215,0.017805405967717524
7556,8778,1222,0.1222,0.018453999145072886
7666,8833,1167,0.1167,0.021208143372833728
7832,8916,1084,0.1084,0.022424152123252862
7790,8895,1105,0.1105,0.026533269412396476
7698,8849,1151,0.1151,0.027769848658889533
7800,8900,1100,0.11,0.025796668719360604
7752,8876,1124,0.1124,0.024885706131067126
7662,8831,1169,0.1169,0.02048121436065994
7914,8957,1043,0.1043,0.01933360901833512
7630,8815,1185,0.1185,0.018588194900611414
7518,8759,1241,0.1241,0.01987992087418679
7606,8803,1197,0.1197,0.02516106008621864
7522,8761,1239,0.1239,0.02716196634406224
7546,8773,1227,0.1227,0.03321562079805881
7850,8925,1075,0.1075,0.03275414047618397
7714,8857,1143,0.1143,0.03061864473777823
7644,8822,1178,0.1178,0.029162108420534058
7676,8838,1162,0.1162,0.021698666972387582
7602,8801,1199,0.1199,0.020213019719556906
7702,8851,1149,0.1149,0.018434972145897337
7406,8703,1297,0.1297,0.01960260896566324
7694,8847,1153,0.1153,0.025347275780234487
7622,8811,1189,0.1189,0.02685205799890682
7602,8801,1199,0.1199,0.03293684868542478
7732,8866,1134,0.1134,0.033686729017738254
7538,8769,1231,0.1231,0.03335228954292834
7532,8766,1234,0.1234,0.03298354922067374
7690,8845,1155,0.1155,0.02610718504928518
7788,8894,1106,0.1106,0.02434021231783554
7770,8885,1115,0.1115,0.020055711455177514
7624,8812,1188,0.1188,0.020763218542037064
7488,8744,1256,0.1256,0.02103758497685194
7680,8840,1160,0.116,0.024552912033023313
7496,8748,1252,0.1252,0.02995251961783506
7456,8728,1272,0.1272,0.03654891964774579
7766,8883,1117,0.1117,0.03766991488412023
7500,8750,1250,0.125,0.038691054234001786
7690,8845,1155,0.1155,0.03018773467745632
7676,8838,1162,0.1162,0.032255178169347344
7720,8860,1140,0.114,0.02098673134385608
7670,8835,1165,0.1165,0.027332772918388946
7616,8808,1192,0.1192,0.019375495444308034
7612,8806,1194,0.1194,0.01976431074189604
7560,8780,1220,0.122,0.027737245557876305
7542,8771,1229,0.1229,0.02785032113022171
7600,8800,1200,0.12,0.037079972175695
7680,8840,1160,0.116,0.038139415527693926
7842,8921,1079,0.1079,0.037036021464690566
7614,8807,1193,0.1193,0.036629554183222356
7750,8875,1125,0.1125,0.02702809241670184
7564,8782,1218,0.1218,0.026575994557887315
7748,8874,1126,0.1126,0.019473290532972896
7630,8815,1185,0.1185,0.019849680466525025
7592,8796,1204,0.1204,0.024054976659384556
7736,8868,1132,0.1132,0.0249228345425101
7592,8796,1204,0.1204,0.03486583047509193
7838,8919,1081,0.1081,0.03499000336225144
7598,8799,1201,0.1201,0.040401272764243185
7614,8807,1193,0.1193,0.04021119467369281
7630,8815,1185,0.1185,0.03439123452245258
7586,8793,1207,0.1207,0.032901502485293894
7586,8793,1207,0.1207,0.02534213166949339
7466,8733,1267,0.1267,0.024487432395271024
7490,8745,1255,0.1255,0.0243656721515581
7730,8865,1135,0.1135,0.024763042852736544
7522,8761,1239,0.1239,0.033244377998961135
7644,8822,1178,0.1178,0.034668370644655076
7680,8840,1160,0.116,0.04005823829714209
7610,8805,1195,0.1195,0.04028211212484166
7708,8854,1146,0.1146,0.03682299682553858
7632,8816,1184,0.1184,0.034850640980247406
7672,8836,1164,0.1164,0.027839647753722965
7534,8767,1233,0.1233,0.02612247745292261
7848,8924,1076,0.1076,0.021796098486997654
7674,8837,1163,0.1163,0.02235119258472696
7422,8711,1289,0.1289,0.027370770143857227
7580,8790,1210,0.121,0.028992203109757975
7572,8786,1214,0.1214,0.03599153677169233
7602,8801,1199,0.1199,0.03743140229573473
7692,8846,1154,0.1154,0.037109128260985016
7576,8788,1212,0.1212,0.03664416589392349
7554,8777,1223,0.1223,0.029057100636442193
7688,8844,1156,0.1156,0.02669066051009577
7628,8814,1186,0.1186,0.022551903547509574
7824,8912,1088,0.1088,0.02139182352523785
7534,8767,1233,0.1233,0.02378926901202649
7638,8819,1181,0.1181,0.024989004341186956
7658,8829,1171,0.1171,0.030839302746835166
7742,8871,1129,0.1129,0.03157480527246371
7466,8733,1267,0.1267,0.03573342245239765
7886,8943,1057,0.1057,0.0341811316925101
7450,8725,1275,0.1275,0.031334650698164476
7676,8838,1162,0.1162,0.02868378724795766
7562,8781,1219,0.1219,0.023549667863058857
7540,8770,1230,0.123,0.022869197915145197
7650,8825,1175,0.1175,0.024075375553639606
7628,8814,1186,0.1186,0.024706276994058862
7900,8950,1050,0.105,0.029195299891848117
7750,8875,1125,0.1125,0.030192796275112777
7626,8813,1187,0.1187,0.03089766525235027
7640,8820,1180,0.118,0.03002973823188804
7570,8785,1215,0.1215,0.026203400295972824
7722,8861,1139,0.1139,0.02516899725627154
7604,8802,1198,0.1198,0.024063237658375876
7448,8724,1276,0.1276,0.024646042967867106
7662,8831,1169,0.1169,0.026342747285077347
7744,8872,1128,0.1128,0.026361221767263486
7594,8797,1203,0.1203,0.028199448518967257
7764,8882,1118,0.1118,0.027655193760991098
7702,8851,1149,0.1149,0.025096289104409517
7620,8810,1190,0.119,0.024381515614409
7588,8794,1206,0.1206,0.022353169714007526
7638,8819,1181,0.1181,0.02150700518193189
7690,8845,1155,0.1155,0.021884438284859063
7446,8723,1277,0.1277,0.02309188330192119
7576,8788,1212,0.1212,0.025934804275352507
7718,8859,1141,0.1141,0.02663547509163618
7502,8751,1249,0.1249,0.028661784339370205
7860,8930,1070,0.107,0.027876642140466718
7648,8824,1176,0.1176,0.024951621412485837
7646,8823,1177,0.1177,0.02316882075564936
7672,8836,1164,0.1164,0.018460213292646223
7682,8841,1159,0.1159,0.01784568177317269
7488,8744,1256,0.1256,0.01928831619117409
7592,8796,1204,0.1204,0.01985033190327231
7536,8768,1232,0.1232,0.02624112067585811
7688,8844,1156,0.1156,0.026634580237884075
7694,8847,1153,0.1153,0.028576489520957694
7676,8838,1162,0.1162,0.028208832830376923
7698,8849,1151,0.1151,0.02280931178664323
7662,8831,1169,0.1169,0.021129177228268237
7566,8783,1217,0.1217,0.017925386434118264
7596,8798,1202,0.1202,0.017412990146735682
7560,8780,1220,0.122,0.019144101084512657
7628,8814,1186,0.1186,0.020737900969479233
7440,8720,1280,0.128,0.026229035632591696
7594,8797,1203,0.1203,0.028518266241718083
7700,8850,1150,0.115,0.028776316704321653
7596,8798,1202,0.1202,0.02788284733137116
7636,8818,1182,0.1182,0.02480832069590688
7706,8853,1147,0.1147,0.02102101421270054
7634,8817,1183,0.1183,0.01795309763152618
7524,8762,1238,0.1238,0.01755511992034735
7888,8944,1056,0.1056,0.017157889726618306
7842,8921,1079,0.1079,0.018928659417736343
7500,8750,1250,0.125,0.023154864562349393
7802,8901,1099,0.1099,0.0237071238192264
7674,8837,1163,0.1163,0.025939138228073717
7554,8777,1223,0.1223,0.02573331186315045
7614,8807,1193,0.1193,0.024281616706261413
7680,8840,1160,0.116,0.022202110634325072
7656,8828,1172,0.1172,0.020093658522889017
7596,8798,1202,0.1202,0.019418246471881867
7728,8864,1136,0.1136,0.020196208436554296
7676,8838,1162,0.1162,0.02113145506917499
7726,8863,1137,0.1137,0.023497160498867742
7692,8846,1154,0.1154,0.02478653949443251
7494,8747,1253,0.1253,0.025946088256873192
7694,8847,1153,0.1153,0.02483616764773615
7724,8862,1138,0.1138,0.02330068883742206
7600,8800,1200,0.12,0.022182687436649577
7596,8798,1202,0.1202,0.02210608367486857
7610,8805,1195,0.1195,0.022394018051913007
7484,8742,1258,0.1258,0.023877132487436756
7624,8812,1188,0.1188,0.025244703172892333
7748,8874,1126,0.1126,0.0261013843589928
7694,8847,1153,0.1153,0.02687519006934017
7548,8774,1226,0.1226,0.02748266672641039
7522,8761,1239,0.1239,0.02663430172998924
7596,8798,1202,0.1202,0.02527700815764256
7516,8758,1242,0.1242,0.024246419175947085
7866,8933,1067,0.1067,0.0234745045975782
7760,8880,1120,0.112,0.02397386345011182
7730,8865,1135,0.1135,0.02461143227033317
7622,8811,1189,0.1189,0.02630032065231353
7766,8883,1117,0.1117,0.02600114684216678
7796,8898,1102,0.1102,0.026030259289825334
7680,8840,1160,0.116,0.02600179861159995
7626,8813,1187,0.1187,0.02592259884783998
7304,8652,1348,0.1348,0.02584759495994076
7786,8893,1107,0.1107,0.024358182290522383
7684,8842,1158,0.1158,0.024664160252548754
7532,8766,1234,0.1234,0.02620293479124084
7788,8894,1106,0.1106,0.025560573422349988
7806,8903,1097,0.1097,0.024866912181023507
7472,8736,1264,0.1264,0.025020248660072686
7738,8869,1131,0.1131,0.024290749769471584
7490,8745,1255,0.1255,0.024328979688044636
7686,8843,1157,0.1157,0.023337715761736034
7622,8811,1189,0.1189,0.024333963093068452
7466,8733,1267,0.1267,0.025570739116333424
7676,8838,1162,0.1162,0.025142103521805258
7778,8889,1111,0.1111,0.023864643304049967
7594,8797,1203,0.1203,0.023210049639921636
7650,8825,1175,0.1175,0.022005653391079977
7452,8726,1274,0.1274,0.021445959520339966
7572,8786,1214,0.1214,0.021332317175436766
7568,8784,1216,0.1216,0.022950480191176757
7618,8809,1191,0.1191,0.024347875852463768
7776,8888,1112,0.1112,0.024574409237783403
7686,8843,1157,0.1157,0.023421110650617628
7722,8861,1139,0.1139,0.02229989291969687
7536,8768,1232,0.1232,0.020468113183649255
7606,8803,1197,0.1197,0.019563139132224024
7584,8792,1208,0.1208,0.02047109547818545
7666,8833,1167,0.1167,0.022250313795125112
7720,8860,1140,0.114,0.025425253266142683
7738,8869,1131,0.1131,0.02625487283822149
7624,8812,1188,0.1188,0.026564525142405183
7750,8875,1125,0.1125,0.024713167165825143
7850,8925,1075,0.1075,0.02094506928692572
7690,8845,1155,0.1155,0.020198328832630067
7654,8827,1173,0.1173,0.01978533483510837
7626,8813,1187,0.1187,0.020354295296082275
7640,8820,1180,0.118,0.025497343132225795
7602,8801,1199,0.1199,0.028296047155652194
7578,8789,1211,0.1211,0.03184928044220433
7792,8896,1104,0.1104,0.031546421687863764
7696,8848,1152,0.1152,0.028959312301874162
7450,8725,1275,0.1275,0.027724866997869687
7696,8848,1152,0.1152,0.021591216411069036
7804,8902,1098,0.1098,0.020096145530347713
7670,8835,1165,0.1165,0.02090547168413177
7490,8745,1255,0.1255,0.022945961136277764
7678,8839,1161,0.1161,0.027916298474557698
7562,8781,1219,0.1219,0.031068859635759144
7642,8821,1179,0.1179,0.03590623047137633
7630,8815,1185,0.1185,0.036745597262028605
7678,8839,1161,0.1161,0.0334843553991057
7576,8788,1212,0.1212,0.03202029054015875
7676,8838,1162,0.1162,0.02607409084555693
7546,8773,1227,0.1227,0.025343692901078612
7508,8754,1246,0.1246,0.02371824653642252
7750,8875,1125,0.1125,0.023548893213272096
7552,8776,1224,0.1224,0.02829552746117115
7600,8800,1200,0.12,0.029865271391486748
7834,8917,1083,0.1083,0.03379654548838735
7762,8881,1119,0.1119,0.03349125717133283
7664,8832,1168,0.1168,0.030888201590254905
7608,8804,1196,0.1196,0.029985050707682967
7752,8876,1124,0.1124,0.023259390995232387
7842,8921,1079,0.1079,0.02212608265853487
7764,8882,1118,0.1118,0.021915971208224073
7560,8780,1220,0.122,0.022903817705251277
7364,8682,1318,0.1318,0.029171769803995266
7442,8721,1279,0.1279,0.029866983986087142
7964,8982,1018,0.1018,0.032419817832577975
7690,8845,1155,0.1155,0.031498613296169785
7418,8709,1291,0.1291,0.03284452303564176
7634,8817,1183,0.1183,0.025028063185431527
7654,8827,1173,0.1173,0.02656498244223185
7590,8795,1205,0.1205,0.020792347547528334
7872,8936,1064,0.1064,0.020273121321713553
7644,8822,1178,0.1178,0.0239794325476978
7426,8713,1287,0.1287,0.023049704664107412
7828,8914,1086,0.1086,0.02912493999870494
7426,8713,1287,0.1287,0.03101820074012503
7668,8834,1166,0.1166,0.031104932921379804
7764,8882,1118,0.1118,0.028370106203993783
7718,8859,1141,0.1141,0.026697178019490092
7586,8793,1207,0.1207,0.025557753596594558
7734,8867,1133,0.1133,0.01921046408843249
7806,8903,1097,0.1097,0.018946311932173557
7542,8771,1229,0.1229,0.020184914840292185
7420,8710,1290,0.129,0.025798638366814702
7656,8828,1172,0.1172,0.027107113156095146
7614,8807,1193,0.1193,0.030737750157061965
7690,8845,1155,0.1155,0.03139989727223292
7772,8886,1114,0.1114,0.029195162888616323
7806,8903,1097,0.1097,0.027049669572105632
7762,8881,1119,0.1119,0.022519419759698213
7750,8875,1125,0.1125,0.02166040174331283
7762,8881,1119,0.1119,0.018946444178442472
7712,8856,1144,0.1144,0.02004243694189936
7556,8778,1222,0.1222,0.024709764983505012
7668,8834,1166,0.1166,0.02546253163688816
7480,8740,1260,0.126,0.03449751607868821
7720,8860,1140,0.114,0.03517868716241792
7444,8722,1278,0.1278,0.03504452254977077
7610,8805,1195,0.1195,0.034502984555717556
7728,8864,1136,0.1136,0.02628173444746062
7562,8781,1219,0.1219,0.024261116254027
7590,8795,1205,0.1205,0.021828394035832026
7618,8809,1191,0.1191,0.021472269571665675
7646,8823,1177,0.1177,0.02502683604359627
7700,8850,1150,0.115,0.02772682721563615
7656,8828,1172,0.1172,0.03286003914680332
7652,8826,1174,0.1174,0.03321489058546722
7462,8731,1269,0.1269,0.03469134751656093
7636,8818,1182,0.1182,0.03236459096334875
7682,8841,1159,0.1159,0.028021109595522283
7608,8804,1196,0.1196,0.02724470946630463
7698,8849,1151,0.1151,0.022289803734840824
7604,8802,1198,0.1198,0.02235226063109003
7510,8755,1245,0.1245,0.025269735622825102
7630,8815,1185,0.1185,0.025402357670711355
7618,8809,1191,0.1191,0.033851065793959426
7802,8901,1099,0.1099,0.03494039472863078
7672,8836,1164,0.1164,0.03616175043387339
7572,8786,1214,0.1214,0.036140060830488804
7582,8791,1209,0.1209,0.029477933923411182
7454,8727,1273,0.1273,0.02748581975577399
7718,8859,1141,0.1141,0.023981344641558825
7782,8891,1109,0.1109,0.023129021527594888
7440,8720,1280,0.128,0.026304617338022217
7798,8899,1101,0.1101,0.026538836707454175
7700,8850,1150,0.115,0.030205561704933645
7596,8798,1202,0.1202,0.02988210342908278
7756,8878,1122,0.1122,0.032231515926681456
7648,8824,1176,0.1176,0.03251286887228489
7630,8815,1185,0.1185,0.028861194682074712
7620,8810,1190,0.119,0.028318387699546293
7624,8812,1188,0.1188,0.020639280803175643
7704,8852,1148,0.1148,0.020762590565765276
7558,8779,1221,0.1221,0.021633813365339302
7514,8757,1243,0.1243,0.02220667956941761
7650,8825,1175,0.1175,0.029434115001093598
7510,8755,1245,0.1245,0.030650258844345808
7784,8892,1108,0.1108,0.031116558033600448
7568,8784,1216,0.1216,0.03187215955322608
7804,8902,1098,0.1098,0.0261586919976864
7514,8757,1243,0.1243,0.02627905956231989
7516,8758,1242,0.1242,0.022905967090465128
7580,8790,1210,0.121,0.021888045413559303
7446,8723,1277,0.1277,0.02292320046219975
7582,8791,1209,0.1209,0.0239452761918772
7544,8772,1228,0.1228,0.027018269481277092
7734,8867,1133,0.1133,0.027892827571276577
7852,8926,1074,0.1074,0.029359886890929193
7642,8821,1179,0.1179,0.02949416983621195
7654,8827,1173,0.1173,0.02607491500186734
7690,8845,1155,0.1155,0.02465955408429727
7718,8859,1141,0.1141,0.01739486463400535
7730,8865,1135,0.1135,0.017187494108104148
7738,8869,1131,0.1131,0.017808832779852672
7740,8870,1130,0.113,0.01851888233156642
7702,8851,1149,0.1149,0.026222480291686952
7614,8807,1193,0.1193,0.02786352500570938
7594,8797,1203,0.1203,0.02940584738710895
7736,8868,1132,0.1132,0.02886525125037879
7408,8704,1296,0.1296,0.02543204154665582
7790,8895,1105,0.1105,0.022966782303294166
7570,8785,1215,0.1215,0.020765863649034873
7566,8783,1217,0.1217,0.020034647622168996
7792,8896,1104,0.1104,0.021505654178513214
7626,8813,1187,0.1187,0.022446877602767198
7660,8830,1170,0.117,0.025097523380164057
7946,8973,1027,0.1027,0.02532260796111077
7694,8847,1153,0.1153,0.02692761793304235
7480,8740,1260,0.126,0.02676504207169637
7630,8815,1185,0.1185,0.024813380507938562
7442,8721,1279,0.1279,0.024188626966485754
7622,8811,1189,0.1189,0.021889180264249443
7686,8843,1157,0.1157,0.02222168051940389
7664,8832,1168,0.1168,0.022356395234912636
7504,8752,1248,0.1248,0.02335405372949317
7552,8776,1224,0.1224,0.026806859957240522
7494,8747,1253,0.1253,0.02773385734912008
7604,8802,1198,0.1198,0.02772914256704971
7706,8853,1147,0.1147,0.02750367949111387
7752,8876,1124,0.1124,0.022751328850258143
7452,8726,1274,0.1274,0.02202036878624931
7652,8826,1174,0.1174,0.020342147222114727
7646,8823,1177,0.1177,0.019639919557981195
7800,8900,1100,0.11,0.02252005272516981
7446,8723,1277,0.1277,0.025388035748014227
7770,8885,1115,0.1115,0.025412414941284805
7514,8757,1243,0.1243,0.02771724239680916
7666,8833,1167,0.1167,0.027310595532879234
7682,8841,1159,0.1159,0.026510007576644422
7472,8736,1264,0.1264,0.024661101680761202
7882,8941,1059,0.1059,0.022393665517424232
7736,8868,1132,0.1132,0.018593980254489
7560,8780,1220,0.122,0.019264415066642688
7882,8941,1059,0.1059,0.019219023709138857
7478,8739,1261,0.1261,0.021062826834991576
7376,8688,1312,0.1312,0.027946712862420828
7630,8815,1185,0.1185,0.028768266903143377
7560,8780,1220,0.122,0.02902272535925731
7724,8862,1138,0.1138,0.028780742677208038
7518,8759,1241,0.1241,0.023665850370703265
7696,8848,1152,0.1152,0.02069442448602058
7896,8948,1052,0.1052,0.019419026283849963
7696,8848,1152,0.1152,0.017954010654450393
7848,8924,1076,0.1076,0.021048691791587044
7604,8802,1198,0.1198,0.02559772196034901
7808,8904,1096,0.1096,0.025483964062808083
7542,8771,1229,0.1229,0.030115900876559316
7558,8779,1221,0.1221,0.032398146145697686
7652,8826,1174,0.1174,0.03024962772121653
7704,8852,1148,0.1148,0.028860497604636475
7618,8809,1191,0.1191,0.025823501177621073
7616,8808,1192,0.1192,0.02088431614469737
7660,8830,1170,0.117,0.02068524590418674
7556,8778,1222,0.1222,0.02060709533188492
7612,8806,1194,0.1194,0.023212220929795878
7474,8737,1263,0.1263,0.029887189082149417
7748,8874,1126,0.1126,0.031820702616125345
7636,8818,1182,0.1182,0.03228698161765933
7654,8827,1173,0.1173,0.03188502556588501
7636,8818,1182,0.1182,0.02621210252759047
7598,8799,1201,0.1201,0.021869942501699553
7608,8804,1196,0.1196,0.021217238032841125
7870,8935,1065,0.1065,0.017767921517184003
7666,8833,1167,0.1167,0.018211384968995117
7708,8854,1146,0.1146,0.021414511798508465
7600,8800,1200,0.12,0.02266591675928794
7438,8719,1281,0.1281,0.027326232208241708
7672,8836,1164,0.1164,0.03235591645818204
7742,8871,1129,0.1129,0.030982068921159952
7708,8854,1146,0.1146,0.03020309999315068
7966,8983,1017,0.1017,0.025656503659160806
7538,8769,1231,0.1231,0.01838833142637741
7642,8821,1179,0.1179,0.015813791707647032
7828,8914,1086,0.1086,0.015472132854140364
7796,8898,1102,0.1102,0.01610005546868779
7726,8863,1137,0.1137,0.024494999871961774
7812,8906,1094,0.1094,0.030156902304058895
7442,8721,1279,0.1279,0.03217077356888912
7736,8868,1132,0.1132,0.034453302878700194
7690,8845,1155,0.1155,0.03358638496845961
7432,8716,1284,0.1284,0.029951148057542742
7644,8822,1178,0.1178,0.02872055756575428
7704,8852,1148,0.1148,0.023396884495182894
7526,8763,1237,0.1237,0.01842316606368404
7478,8739,1261,0.1261,0.018973131138528696
7740,8870,1130,0.113,0.018665697683324108
7452,8726,1274,0.1274,0.02186625233341474
7582,8791,1209,0.1209,0.030913105492084286
7686,8843,1157,0.1157,0.03543144536856562
7352,8676,1324,0.1324,0.03640878598662093
7564,8782,1218,0.1218,0.037366567384265366
7374,8687,1313,0.1313,0.03322821925394237
7660,8830,1170,0.117,0.026353250467032196
7944,8972,1028,0.1028,0.02426510685647372
7582,8791,1209,0.1209,0.01939021454777103
7666,8833,1167,0.1167,0.01610594951668754
7462,8731,1269,0.1269,0.01835851296368055
7770,8885,1115,0.1115,0.01815878358974587
7710,8855,1145,0.1145,0.02354605029888917
7658,8829,1171,0.1171,0.030241887129610404
7586,8793,1207,0.1207,0.03327811560742557
7404,8702,1298,0.1298,0.033395854283869264
7642,8821,1179,0.1179,0.031452366834925485
7760,8880,1120,0.112,0.026477561852848157
7734,8867,1133,0.1133,0.02146802193580661
7706,8853,1147,0.1147,0.020651438924553803
7490,8745,1255,0.1255,0.0176568668987602
7580,8790,1210,0.121,0.016908370866271435
7680,8840,1160,0.116,0.01950194197362289
7682,8841,1159,0.1159,0.019940038945758715
7782,8891,1109,0.1109,0.024226173759717494
7774,8887,1113,0.1113,0.02794636209178716
7722,8861,1139,0.1139,0.02832439611470327
7718,8859,1141,0.1141,0.02804605929804966
7592,8796,1204,0.1204,0.02508670383389108
7498,8749,1251,0.1251,0.020348767097480597
7766,8883,1117,0.1117,0.01688139853090979
7620,8810,1190,0.119,0.016812091771233828
7630,8815,1185,0.1185,0.017113373489072548
7668,8834,1166,0.1166,0.020073071328108198
7652,8826,1174,0.1174,0.023300337402289734
7638,8819,1181,0.1181,0.023873459718050435
7648,8824,1176,0.1176,0.02558042078409344
7672,8836,1164,0.1164,0.02423439456108026
7764,8882,1118,0.1118,0.020305698405904696
7530,8765,1235,0.1235,0.019553965113917365
7826,8913,1087,0.1087,0.01640425582972821
7780,8890,1110,0.111,0.01497871906318469
7610,8805,1195,0.1195,0.016691635040589608
7712,8856,1144,0.1144,0.017840742759522982
7432,8716,1284,0.1284,0.021513084162957965
7508,8754,1246,0.1246,0.024973205382563174
7626,8813,1187,0.1187,0.02685984078217298
7554,8777,1223,0.1223,0.027252365838829427
7608,8804,1196,0.1196,0.025592228086665274
7830,8915,1085,0.1085,0.022382537863962354
7782,8891,1109,0.1109,0.01838191770792473
7604,8802,1198,0.1198,0.017231008338253015
7830,8915,1085,0.1085,0.015341023976297583
7502,8751,1249,0.1249,0.016594212870858608
7606,8803,1197,0.1197,0.01948878744461108
7766,8883,1117,0.1117,0.021778437072178348
7664,8832,1168,0.1168,0.025335657053859904
7638,8819,1181,0.1181,0.02771953035015613
7824,8912,1088,0.1088,0.026130789228435605
7714,8857,1143,0.1143,0.025275990022113545
7678,8839,1161,0.1161,0.020958982243854552
7616,8808,1192,0.1192,0.01838148330596741
7768,8884,1116,0.1116,0.016219301477889532
7688,8844,1156,0.1156,0.016284963299392257
7702,8851,1149,0.1149,0.01809350487361662
7504,8752,1248,0.1248,0.022114739341731183
7752,8876,1124,0.1124,0.026394302510935812
7748,8874,1126,0.1126,0.027360119233001023
7582,8791,1209,0.1209,0.02512060844511725
7522,8761,1239,0.1239,0.027571938011329622
7690,8845,1155,0.1155,0.022149843564489857
7728,8864,1136,0.1136,0.019030906028533353
7950,8975,1025,0.1025,0.017859150704415516
7732,8866,1134,0.1134,0.015395757748011966
7634,8817,1183,0.1183,0.01483088092643302
7756,8878,1122,0.1122,0.016328005820745603
7578,8789,1211,0.1211,0.016973622151417657
7590,8795,1205,0.1205,0.02582222854194697
7596,8798,1202,0.1202,0.026845222773123532
7960,8980,1020,0.102,0.027140166257787497
7426,8713,1287,0.1287,0.025686442610807717
7540,8770,1230,0.123,0.022296262408024632
7596,8798,1202,0.1202,0.021493885802419392
7728,8864,1136,0.1136,0.017259691101132194
7668,8834,1166,0.1166,0.014944211056025234
7602,8801,1199,0.1199,0.015305511297564954
7624,8812,1188,0.1188,0.01729649385160301
7728,8864,1136,0.1136,0.01907816304534208
7648,8824,1176,0.1176,0.023999068643013016
7560,8780,1220,0.122,0.02531816318547353
7716,8858,1142,0.1142,0.02612078418135643
7620,8810,1190,0.119,0.024511251036450268
7662,8831,1169,0.1169,0.02171811312478967
7678,8839,1161,0.1161,0.019581343027588446
7748,8874,1126,0.1126,0.016428991497692187
7592,8796,1204,0.1204,0.01548252007055562
7568,8784,1216,0.1216,0.016873280405416153
7636,8818,1182,0.1182,0.01800123894608114
7672,8836,1164,0.1164,0.02131035083590541
7662,8831,1169,0.1169,0.023862149692559616
7644,8822,1178,0.1178,0.02519681702256203
7702,8851,1149,0.1149,0.02469372653514147
7798,8899,1101,0.1101,0.02188077899031341
7634,8817,1183,0.1183,0.019335254366649315
7434,8717,1283,0.1283,0.017014016125677153
7626,8813,1187,0.1187,0.015692796107521282
7546,8773,1227,0.1227,0.016429381063045003
7686,8843,1157,0.1157,0.018168453356600365
7542,8771,1229,0.1229,0.021824961483990775
7706,8853,1147,0.1147,0.022603171559423207
7756,8878,1122,0.1122,0.024377208126615733
7768,8884,1116,0.1116,0.022943388662068173
7660,8830,1170,0.117,0.021196061474084853
7772,8886,1114,0.1114,0.019520127216516994
7564,8782,1218,0.1218,0.01609300359163899
7712,8856,1144,0.1144,0.013766028766997625
7780,8890,1110,0.111,0.013876619485602714
7766,8883,1117,0.1117,0.014321063237334602
7684,8842,1158,0.1158,0.017432320397160948
7594,8797,1203,0.1203,0.01993166984380223
7818,8909,1091,0.1091,0.02093285023146309
7880,8940,1060,0.106,0.02077682688999921
7644,8822,1178,0.1178,0.020065721878176554
7770,8885,1115,0.1115,0.01722146331272088
7578,8789,1211,0.1211,0.015573556719487533
7640,8820,1180,0.118,0.014956823995872401
7512,8756,1244,0.1244,0.015185079036979006
7464,8732,1268,0.1268,0.016869634112832137
7552,8776,1224,0.1224,0.019311650060489773
7632,8816,1184,0.1184,0.01978798051443882
7668,8834,1166,0.1166,0.02257638670364395
7474,8737,1263,0.1263,0.022598204878112302
7666,8833,1167,0.1167,0.02080788724347949
7588,8794,1206,0.1206,0.01978670395859517
7720,8860,1140,0.114,0.016489473278285004
7626,8813,1187,0.1187,0.014453894311259501
7596,8798,1202,0.1202,0.013484771394904237
7736,8868,1132,0.1132,0.013135431939794216
7728,8864,1136,0.1136,0.014471904417942279
7566,8783,1217,0.1217,0.017118096315581352
7980,8990,1010,0.101,0.01801354418601841
7700,8850,1150,0.115,0.01860874963211827
7770,8885,1115,0.1115,0.018611547478986905
7634,8817,1183,0.1183,0.017218381978571416
7826,8913,1087,0.1087,0.01464931712714024
7640,8820,1180,0.118,0.014065044787409716
7504,8752,1248,0.1248,0.012530142178689129
7532,8766,1234,0.1234,0.013946690268605016
7680,8840,1160,0.116,0.015870846726116723
7662,8831,1169,0.1169,0.01720184117311146
7418,8709,1291,0.1291,0.021582109441328795
7864,8932,1068,0.1068,0.021820852032769473
7772,8886,1114,0.1114,0.019949537890101784
7698,8849,1151,0.1151,0.019688486906769685
7690,8845,1155,0.1155,0.015473738679848612
7484,8742,1258,0.1258,0.013266909337975084
7468,8734,1266,0.1266,0.01296736909286119
7614,8807,1193,0.1193,0.013524536510393955
7882,8941,1059,0.1059,0.016664630701800343
7762,8881,1119,0.1119,0.020417931134765966
7722,8861,1139,0.1139,0.021900607622088866
7696,8848,1152,0.1152,0.02209049170585349
7710,8855,1145,0.1145,0.020049749236460777
7506,8753,1247,0.1247,0.01720386106125079
7728,8864,1136,0.1136,0.015690357519267128
7574,8787,1213,0.1213,0.014724433273589238
7552,8776,1224,0.1224,0.014603277212451212
7724,8862,1138,0.1138,0.017446803638292478
7718,8859,1141,0.1141,0.01912754991124384
7700,8850,1150,0.115,0.021239003294473514
7614,8807,1193,0.1193,0.0241534214919433
7630,8815,1185,0.1185,0.023475215441407637
7650,8825,1175,0.1175,0.022179131996049546
7658,8829,1171,0.1171,0.020927006045356394
7684,8842,1158,0.1158,0.017713586457329802
7616,8808,1192,0.1192,0.016608957238099537
7668,8834,1166,0.1166,0.016585870257392527
7688,8844,1156,0.1156,0.017693601988069713
7582,8791,1209,0.1209,0.020665820867731235
7708,8854,1146,0.1146,0.024301392452791334
7700,8850,1150,0.115,0.02428236539019272
7754,8877,1123,0.1123,0.024365901260077955
7644,8822,1178,0.1178,0.02331996120638214
7442,8721,1279,0.1279,0.020323667484428733
7548,8774,1226,0.1226,0.01930955286612734
7584,8792,1208,0.1208,0.01899931591011118
7500,8750,1250,0.125,0.02039023013515398
7922,8961,1039,0.1039,0.022968757838988677
7588,8794,1206,0.1206,0.024136890139244496
7536,8768,1232,0.1232,0.024970382167072966
7754,8877,1123,0.1123,0.02484090990475379
7676,8838,1162,0.1162,0.02227669900888577
7736,8868,1132,0.1132,0.021920679018320517
7680,8840,1160,0.116,0.02119309678291902
7644,8822,1178,0.1178,0.01963895208663307
7750,8875,1125,0.1125,0.021015873264987023
7684,8842,1158,0.1158,0.021659215164510533
7688,8844,1156,0.1156,0.022490065098553894
7712,8856,1144,0.1144,0.025105700364895164
7618,8809,1191,0.1191,0.02711979897292331
7908,8954,1046,0.1046,0.026111755041591824
7598,8799,1201,0.1201,0.026604032322671264
7626,8813,1187,0.1187,0.02482657458097674
7632,8816,1184,0.1184,0.021862775836093352
7504,8752,1248,0.1248,0.021790349670685827
7646,8823,1177,0.1177,0.021770183360669763
7672,8836,1164,0.1164,0.023162300682021304
7678,8839,1161,0.1161,0.02890914516923949
7452,8726,1274,0.1274,0.03004352856455371
7756,8878,1122,0.1122,0.029841380446031688
7882,8941,1059,0.1059,0.029475916117895396
7652,8826,1174,0.1174,0.02505299410847947
7634,8817,1183,0.1183,0.023660600445093587
7594,8797,1203,0.1203,0.024117022689851
7758,8879,1121,0.1121,0.020651937309629283
7486,8743,1257,0.1257,0.02382970350505784
7324,8662,1338,0.1338,0.0251073236385826
7784,8892,1108,0.1108,0.025038928006123753
7842,8921,1079,0.1079,0.02892364484537393
7512,8756,1244,0.1244,0.034957731277961285
7768,8884,1116,0.1116,0.034319798712711784
7592,8796,1204,0.1204,0.03412134566437453
7692,8846,1154,0.1154,0.03004317208537832
7736,8868,1132,0.1132,0.022469663213309832
7674,8837,1163,0.1163,0.021443629445694386
7678,8839,1161,0.1161,0.021301795590529218
7628,8814,1186,0.1186,0.021646946380706505
7684,8842,1158,0.1158,0.03094095749016851
7658,8829,1171,0.1171,0.03304390092594549
7576,8788,1212,0.1212,0.034334761119727046
7612,8806,1194,0.1194,0.03772735131178051
7856,8928,1072,0.1072,0.032564874239545315
7516,8758,1242,0.1242,0.031406546575389806
7682,8841,1159,0.1159,0.029939280967554077
7622,8811,1189,0.1189,0.023617174939299
7658,8829,1171,0.1171,0.0195203115090495
7894,8947,1053,0.1053,0.019940771114174277
7512,8756,1244,0.1244,0.021045551793440247
7624,8812,1188,0.1188,0.025537942477758042
7650,8825,1175,0.1175,0.034164106556680056
7864,8932,1068,0.1068,0.03373341504158452
7532,8766,1234,0.1234,0.03517792225088924
7716,8858,1142,0.1142,0.03312336699925363
7696,8848,1152,0.1152,0.022642152998805978
7664,8832,1168,0.1168,0.021118622761708686
7586,8793,1207,0.1207,0.021017732600471937
7722,8861,1139,0.1139,0.017791581737366505
7568,8784,1216,0.1216,0.019837551896460356
7660,8830,1170,0.117,0.02063524278397672
7590,8795,1205,0.1205,0.02160836679341737
7464,8732,1268,0.1268,0.026172383808298037
7534,8767,1233,0.1233,0.02931772153880447
7598,8799,1201,0.1201,0.029058028081292285
7602,8801,1199,0.1199,0.02869827354233712
7640,8820,1180,0.118,0.025314846105361357
7754,8877,1123,0.1123,0.01687320770416409
7566,8783,1217,0.1217,0.01626549786911346
7648,8824,1176,0.1176,0.015854975568316877
7700,8850,1150,0.115,0.015009883172938134
7630,8815,1185,0.1185,0.018815957903768867
7904,8952,1048,0.1048,0.019403036856278776
7560,8780,1220,0.122,0.020317368311993777
7528,8764,1236,0.1236,0.023204386323550714
7594,8797,1203,0.1203,0.022652557828836142
7636,8818,1182,0.1182,0.02167506171925925
7740,8870,1130,0.113,0.02113468968104571
7764,8882,1118,0.1118,0.01858144151614979
7658,8829,1171,0.1171,0.013619804792874493
7588,8794,1206,0.1206,0.01371785438042134
7780,8890,1110,0.111,0.013317720573791303
7874,8937,1063,0.1063,0.013571345427888445
7644,8822,1178,0.1178,0.01924637808201369
7560,8780,1220,0.122,0.01994707173644565
7666,8833,1167,0.1167,0.019877824925025926
7730,8865,1135,0.1135,0.020568061429448427
7528,8764,1236,0.1236,0.01855484021813609
7680,8840,1160,0.116,0.018042565731331707
7736,8868,1132,0.1132,0.01733566202945076
7636,8818,1182,0.1182,0.01507318775751628
7584,8792,1208,0.1208,0.012558532062126324
7680,8840,1160,0.116,0.012513483156752773
7806,8903,1097,0.1097,0.012588131144433282
7766,8883,1117,0.1117,0.013649410464474931
7708,8854,1146,0.1146,0.01846726770750247
7722,8861,1139,0.1139,0.01854479832034558
7528,8764,1236,0.1236,0.018589217536291107
7654,8827,1173,0.1173,0.018392540218681096
7680,8840,1160,0.116,0.014049381204950624
7680,8840,1160,0.116,0.013730629676557147
7766,8883,1117,0.1117,0.012874131637625396
7474,8737,1263,0.1263,0.012808393116574734
7410,8705,1295,0.1295,0.016106815608241596
7642,8821,1179,0.1179,0.016319827073230406
7758,8879,1121,0.1121,0.0168607423636131
7556,8778,1222,0.1222,0.01894033664953895
7372,8686,1314,0.1314,0.019991999998455866
7862,8931,1069,0.1069,0.018410749499872328
7638,8819,1181,0.1181,0.01776308531491086
7630,8815,1185,0.1185,0.016433826454589143
7632,8816,1184,0.1184,0.012671192509657703
7732,8866,1134,0.1134,0.012205605701194144
7754,8877,1123,0.1123,0.012553463949938304
7750,8875,1125,0.1125,0.013404787138127722
7766,8883,1117,0.1117,0.018197702170256524
7472,8736,1264,0.1264,0.018907050981512293
7700,8850,1150,0.115,0.01874952777256258
7744,8872,1128,0.1128,0.01895669900784269
7490,8745,1255,0.1255,0.016342690522642807
7642,8821,1179,0.1179,0.01640715787296649
7510,8755,1245,0.1245,0.015979630409553646
7514,8757,1243,0.1243,0.015700100365933032
7616,8808,1192,0.1192,0.01689302384983748
7550,8775,1225,0.1225,0.017435798127390444
7688,8844,1156,0.1156,0.017470194790838285
7852,8926,1074,0.1074,0.017966958196414636
7794,8897,1103,0.1103,0.01758376980125904
7528,8764,1236,0.1236,0.01820774999661371
7628,8814,1186,0.1186,0.01735545146097429
7690,8845,1155,0.1155,0.016645372762251646
7474,8737,1263,0.1263,0.015413774192053824
7748,8874,1126,0.1126,0.01538911367568653
7638,8819,1181,0.1181,0.01549875620417297
7490,8745,1255,0.1255,0.016090991178527473
7920,8960,1040,0.104,0.01859689357583411
7690,8845,1155,0.1155,0.019006636317260562
7584,8792,1208,0.1208,0.01937815567930229
7524,8762,1238,0.1238,0.019482931941375136
7734,8867,1133,0.1133,0.014588459999882616
7654,8827,1173,0.1173,0.014423300270817709
7676,8838,1162,0.1162,0.014214134714263492
7650,8825,1175,0.1175,0.013891914761066437
7734,8867,1133,0.1133,0.017251490792399272
7632,8816,1184,0.1184,0.018846435818145983
7548,8774,1226,0.1226,0.01959250854467973
7708,8854,1146,0.1146,0.020085669525014237
7586,8793,1207,0.1207,0.02089768692473881
7564,8782,1218,0.1218,0.020091232058266177
7532,8766,1234,0.1234,0.019972763023711742
7566,8783,1217,0.1217,0.019013092329259962
7668,8834,1166,0.1166,0.015325158771290443
7606,8803,1197,0.1197,0.015998142180684953
7606,8803,1197,0.1197,0.016218453018879517
7608,8804,1196,0.1196,0.016768370096269063
7754,8877,1123,0.1123,0.020745030342787504
7968,8984,1016,0.1016,0.020248235134966673
7846,8923,1077,0.1077,0.020496215072646738
7622,8811,1189,0.1189,0.020627513073477894
7632,8816,1184,0.1184,0.015381932346289977
7540,8770,1230,0.123,0.015463907471392304
7694,8847,1153,0.1153,0.01514990545543842
7762,8881,1119,0.1119,0.015622509419033304
7674,8837,1163,0.1163,0.023516149864159525
7688,8844,1156,0.1156,0.024247442862577736
7738,8869,1131,0.1131,0.024715996717847882
7664,8832,1168,0.1168,0.024324332356173546
7632,8816,1184,0.1184,0.02136577880238183
7504,8752,1248,0.1248,0.02062612041081302
7390,8695,1305,0.1305,0.022321382909733803
7574,8787,1213,0.1213,0.01776740112924017
7754,8877,1123,0.1123,0.018284271487640218
7494,8747,1253,0.1253,0.019561320787435398
7792,8896,1104,0.1104,0.020498581322608515
7668,8834,1166,0.1166,0.022089015327300877
7556,8778,1222,0.1222,0.021812846469413488
7640,8820,1180,0.118,0.02173564174431376
7630,8815,1185,0.1185,0.02029988502743654
7762,8881,1119,0.1119,0.018516781125683338
7442,8721,1279,0.1279,0.01827904478702694
7424,8712,1288,0.1288,0.018928798268083483
7606,8803,1197,0.1197,0.02006858026194386
7682,8841,1159,0.1159,0.020701300887577236
7824,8912,1088,0.1088,0.022402041133586317
7522,8761,1239,0.1239,0.02335362182171084
7610,8805,1195,0.1195,0.021974642499908804
7646,8823,1177,0.1177,0.021151377460593358
7720,8860,1140,0.114,0.018150574837205932
7654,8827,1173,0.1173,0.018777701908769085
7796,8898,1102,0.1102,0.017524062924738973
7546,8773,1227,0.1227,0.01793811668981798
7714,8857,1143,0.1143,0.019914736586110666
7702,8851,1149,0.1149,0.0208940422010608
7518,8759,1241,0.1241,0.021641281864093618
7624,8812,1188,0.1188,0.021912512566149234
7726,8863,1137,0.1137,0.02230438614208251
7734,8867,1133,0.1133,0.020130048799095676
7628,8814,1186,0.1186,0.020070217720372603
7720,8860,1140,0.114,0.019956008040579037
7730,8865,1135,0.1135,0.017209453708538786
7714,8857,1143,0.1143,0.018302395512955264
7534,8767,1233,0.1233,0.019367003602813928
7482,8741,1259,0.1259,0.020212718532886358
7542,8771,1229,0.1229,0.026621550733689218
7606,8803,1197,0.1197,0.027085362917929887
7626,8813,1187,0.1187,0.027193778724595906
7646,8823,1177,0.1177,0.027371086934860796
7784,8892,1108,0.1108,0.020003814038680866
7562,8781,1219,0.1219,0.01807867847159505
7560,8780,1220,0.122,0.017761997674359008
7548,8774,1226,0.1226,0.017909420022787528
7728,8864,1136,0.1136,0.019141244964487852
7510,8755,1245,0.1245,0.02171343961604871
7570,8785,1215,0.1215,0.022173871709639206
7478,8739,1261,0.1261,0.022861800204310567
7860,8930,1070,0.107,0.022404628358315675
7712,8856,1144,0.1144,0.020757580992905422
7646,8823,1177,0.1177,0.020812256178678944
7832,8916,1084,0.1084,0.019924851243803277
7642,8821,1179,0.1179,0.014329986170399935
7544,8772,1228,0.1228,0.015517559930915014
7706,8853,1147,0.1147,0.015932231817767022
7634,8817,1183,0.1183,0.016004227694449945
7588,8794,1206,0.1206,0.024592888080142438
7782,8891,1109,0.1109,0.026499534524418413
7502,8751,1249,0.1249,0.02725545542091131
7558,8779,1221,0.1221,0.02719875794397667
7344,8672,1328,0.1328,0.022689836653508245
7476,8738,1262,0.1262,0.019724185165110975
7644,8822,1178,0.1178,0.018926589118735865
7752,8876,1124,0.1124,0.018323317299364136
7718,8859,1141,0.1141,0.01714674041692633
7696,8848,1152,0.1152,0.018007218625186942
7616,8808,1192,0.1192,0.01818643759563565
7722,8861,1139,0.1139,0.01815400984478183
7578,8789,1211,0.1211,0.022547399969911203
7778,8889,1111,0.1111,0.02201007492286153
7504,8752,1248,0.1248,0.022627025485038758
7640,8820,1180,0.118,0.02224363974807784
7654,8827,1173,0.1173,0.018686659169150518
7682,8841,1159,0.1159,0.01694139721132815
7696,8848,1152,0.1152,0.016682313129422255
7706,8853,1147,0.1147,0.016586954508302734
7542,8771,1229,0.1229,0.01748655614866875
7616,8808,1192,0.1192,0.01903151838798076
7632,8816,1184,0.1184,0.019479049617564307
7650,8825,1175,0.1175,0.019835739008197562
7552,8776,1224,0.1224,0.02167508387155831
7598,8799,1201,0.1201,0.020395104708196596
7692,8846,1154,0.1154,0.01964503129874356
7596,8798,1202,0.1202,0.01937934920755215
7600,8800,1200,0.12,0.014965775984479115
7564,8782,1218,0.1218,0.014612674810038879
7622,8811,1189,0.1189,0.014517330328188837
7664,8832,1168,0.1168,0.014624618896772154
7642,8821,1179,0.1179,0.020890528569091113
7510,8755,1245,0.1245,0.022758182211685924
7688,8844,1156,0.1156,0.022092274586204438
7662,8831,1169,0.1169,0.022290730119589715
7664,8832,1168,0.1168,0.017988626254256814
7550,8775,1225,0.1225,0.01564484630343504
7816,8908,1092,0.1092,0.014536362509941681
7780,8890,1110,0.111,0.014225189250032418
7610,8805,1195,0.1195,0.01372482363958843
7958,8979,1021,0.1021,0.015437700794730336
7682,8841,1159,0.1159,0.016078116622753442
7644,8822,1178,0.1178,0.016672736605769022
7538,8769,1231,0.1231,0.020827938976278527
7818,8909,1091,0.1091,0.018748862030170857
7672,8836,1164,0.1164,0.018371852744743226
7674,8837,1163,0.1163,0.018029058716981673
7538,8769,1231,0.1231,0.01309231850944925
7568,8784,1216,0.1216,0.012477743194811047
7670,8835,1165,0.1165,0.012324654974299482
7610,8805,1195,0.1195,0.012797434997442179
7624,8812,1188,0.1188,0.01749384450223297
7750,8875,1125,0.1125,0.017939566279342397
7648,8824,1176,0.1176,0.0179713084371062
7638,8819,1181,0.1181,0.017868075044406576
7440,8720,1280,0.128,0.01557470316728577
7524,8762,1238,0.1238,0.014146436931053177
7564,8782,1218,0.1218,0.013947525264066644
7782,8891,1109,0.1109,0.013309029122791253
7538,8769,1231,0.1231,0.013280327434535139
7604,8802,1198,0.1198,0.013800889146607369
7658,8829,1171,0.1171,0.013609109243541025
7780,8890,1110,0.111,0.013500611483422109
7482,8741,1259,0.1259,0.01566125960694626
7768,8884,1116,0.1116,0.014953095954144374
7770,8885,1115,0.1115,0.014734248472517357
7646,8823,1177,0.1177,0.014543532282533123
7728,8864,1136,0.1136,0.012907355686440133
7768,8884,1116,0.1116,0.012645006756100337
7472,8736,1264,0.1264,0.012946618703659624
7660,8830,1170,0.117,0.012812384985759854
7812,8906,1094,0.1094,0.014421379778673872
7696,8848,1152,0.1152,0.014880573846935294
7626,8813,1187,0.1187,0.015288981407228857
7538,8769,1231,0.1231,0.015322617041831837
7628,8814,1186,0.1186,0.014727616411307827
7540,8770,1230,0.123,0.014479262810433283
7706,8853,1147,0.1147,0.01428981320541352
7600,8800,1200,0.12,0.014441542848106474
7726,8863,1137,0.1137,0.013091024486953392
7796,8898,1102,0.1102,0.013024002560088411
7336,8668,1332,0.1332,0.013688479210622608
7740,8870,1130,0.113,0.013023033025418409
7634,8817,1183,0.1183,0.014166255015903153
7600,8800,1200,0.12,0.014674564559850842
7560,8780,1220,0.122,0.015198234114283695
7634,8817,1183,0.1183,0.014980951487412675
7804,8902,1098,0.1098,0.014867873050598428
7618,8809,1191,0.1191,0.014748164670402185
7654,8827,1173,0.1173,0.014955418639583513
7588,8794,1206,0.1206,0.014541566327307373
7620,8810,1190,0.119,0.014176471119327471
7804,8902,1098,0.1098,0.013950175715773366
7682,8841,1159,0.1159,0.014325402601156384
7570,8785,1215,0.1215,0.014384712853794918
7770,8885,1115,0.1115,0.015164510687114672
7518,8759,1241,0.1241,0.01644150027995929
7642,8821,1179,0.1179,0.01692384557821788
7582,8791,1209,0.1209,0.0173763770182617
7530,8765,1235,0.1235,0.017210549398325385
7648,8824,1176,0.1176,0.016425992409791798
7546,8773,1227,0.1227,0.016202044647885487
7654,8827,1173,0.1173,0.015466792869474739
7742,8871,1129,0.1129,0.014145264242915437
7670,8835,1165,0.1165,0.014498170397151261
7536,8768,1232,0.1232,0.015222745336452499
7666,8833,1167,0.1167,0.015279383762832732
7724,8862,1138,0.1138,0.016804540045978502
7684,8842,1158,0.1158,0.017344345239317046
7690,8845,1155,0.1155,0.017276438058679924
7668,8834,1166,0.1166,0.01681886861147359
7550,8775,1225,0.1225,0.015669164381967856
7534,8767,1233,0.1233,0.01591941287522204
7556,8778,1222,0.1222,0.01647335046106018
7582,8791,1209,0.1209,0.01680611260109581
7670,8835,1165,0.1165,0.019636186493281273
7764,8882,1118,0.1118,0.020389176570810377
7608,8804,1196,0.1196,0.020690966079803183
7590,8795,1205,0.1205,0.021060800144728272
7680,8840,1160,0.116,0.01939691531355493
7734,8867,1133,0.1133,0.01775056301804725
7600,8800,1200,0.12,0.01750900844973512
7554,8777,1223,0.1223,0.01779130941592157
7612,8806,1194,0.1194,0.01986122891320847
7630,8815,1185,0.1185,0.021853973789978772
7710,8855,1145,0.1145,0.0238888044398278
7650,8825,1175,0.1175,0.024551753105409444
7426,8713,1287,0.1287,0.024759733920171858
7770,8885,1115,0.1115,0.022663286022655667
7640,8820,1180,0.118,0.02112891266737133
7676,8838,1162,0.1162,0.020857281185872854
7660,8830,1170,0.117,0.019536514943279328
7790,8895,1105,0.1105,0.019318176145339386
7724,8862,1138,0.1138,0.020748013491369784
7604,8802,1198,0.1198,0.021370062969299032
7494,8747,1253,0.1253,0.025159292709734292
7636,8818,1182,0.1182,0.025987712340056895
7738,8869,1131,0.1131,0.02603337262282148
7642,8821,1179,0.1179,0.026170027641765774
7644,8822,1178,0.1178,0.02496780797354877
7636,8818,1182,0.1182,0.023191732710786162
7670,8835,1165,0.1165,0.021979166464693844
7512,8756,1244,0.1244,0.022118841997720302
7588,8794,1206,0.1206,0.02333811341174878
7864,8932,1068,0.1068,0.02392553839441389
7760,8880,1120,0.112,0.025155926734395324
7704,8852,1148,0.1148,0.02603987074382603
7708,8854,1146,0.1146,0.025593554761912673
7708,8854,1146,0.1146,0.023516321461088955
7476,8738,1262,0.1262,0.023252771979756653
7580,8790,1210,0.121,0.02320540179684758
7748,8874,1126,0.1126,0.024427985380683095
7454,8727,1273,0.1273,0.026520661045331507
7740,8870,1130,0.113,0.027524724996183067
7712,8856,1144,0.1144,0.02791042563803494
7670,8835,1165,0.1165,0.026799579759407787
7702,8851,1149,0.1149,0.02541881397445686
7608,8804,1196,0.1196,0.02382628999995068
7670,8835,1165,0.1165,0.023440114622889086
7734,8867,1133,0.1133,0.023013013220159338
7804,8902,1098,0.1098,0.02482253391658887
7326,8663,1337,0.1337,0.028434796696901323
7592,8796,1204,0.1204,0.028441079199220985
7632,8816,1184,0.1184,0.030359954999201
7680,8840,1160,0.116,0.029204444117099045
7734,8867,1133,0.1133,0.027747271200455725
7600,8800,1200,0.12,0.0267242279230617
7834,8917,1083,0.1083,0.023169424084899946
7588,8794,1206,0.1206,0.023168255098816006
7660,8830,1170,0.117,0.02435861061234027
7796,8898,1102,0.1102,0.02473648866210133
7418,8709,1291,0.1291,0.03021268961187452
7712,8856,1144,0.1144,0.03291825145818293
7566,8783,1217,0.1217,0.03494630003767088
7712,8856,1144,0.1144,0.033972629774082455
7564,8782,1218,0.1218,0.032076993035245686
7768,8884,1116,0.1116,0.026653025916125627
7838,8919,1081,0.1081,0.023943203490320593
7494,8747,1253,0.1253,0.024189578315499238
7558,8779,1221,0.1221,0.025135027063451706
7660,8830,1170,0.117,0.02927162574357353
7580,8790,1210,0.121,0.0339650896939449
7682,8841,1159,0.1159,0.03590511328112334
7678,8839,1161,0.1161,0.03864678652342409
7724,8862,1138,0.1138,0.03570461638150737
7584,8792,1208,0.1208,0.03163098540771753
7526,8763,1237,0.1237,0.030040695317042992
7762,8881,1119,0.1119,0.023519889314007014
7730,8865,1135,0.1135,0.021724013464106247
7576,8788,1212,0.1212,0.023947141557512805
7546,8773,1227,0.1227,0.025771778028248808
7766,8883,1117,0.1117,0.031812353898817675
7732,8866,1134,0.1134,0.03744548536138609
7496,8748,1252,0.1252,0.03933076387178153
7610,8805,1195,0.1195,0.039304806652292607
7686,8843,1157,0.1157,0.03428706589480862
7598,8799,1201,0.1201,0.029566990559594705
7728,8864,1136,0.1136,0.0255114220676478
7678,8839,1161,0.1161,0.024325176594033836
7526,8763,1237,0.1237,0.02385410392722115
7634,8817,1183,0.1183,0.02694982723738067
7756,8878,1122,0.1122,0.033692547720577566
7694,8847,1153,0.1153,0.036051449672319
7606,8803,1197,0.1197,0.0405821017568931
7556,8778,1222,0.1222,0.041900444368831814
7798,8899,1101,0.1101,0.03794918575054035
7448,8724,1276,0.1276,0.03712166181979701
7554,8777,1223,0.1223,0.03268483023506123
7728,8864,1136,0.1136,0.027003761515859516
7540,8770,1230,0.123,0.02641807640939951
7656,8828,1172,0.1172,0.027180322463205085
7846,8923,1077,0.1077,0.02945138595988974
7814,8907,1093,0.1093,0.033318299263063816
7672,8836,1164,0.1164,0.03763040511645377
7762,8881,1119,0.1119,0.03767627142108977
7780,8890,1110,0.111,0.03662164148828015
7726,8863,1137,0.1137,0.03324988520918414
7658,8829,1171,0.1171,0.02957348817610182
7686,8843,1157,0.1157,0.02850398895307444
7740,8870,1130,0.113,0.02718619643766433
7724,8862,1138,0.1138,0.02810485469577834
7798,8899,1101,0.1101,0.03214131789160892
7880,8940,1060,0.106,0.03262166915712878
7504,8752,1248,0.1248,0.035865485878754405
7658,8829,1171,0.1171,0.03642762761441991
7596,8798,1202,0.1202,0.03525853434158489
7450,8725,1275,0.1275,0.034186785523220894
7846,8923,1077,0.1077,0.03142765339147299
7658,8829,1171,0.1171,0.029302236823830752
7610,8805,1195,0.1195,0.029498104045167565
7600,8800,1200,0.12,0.030261484275665135
7530,8765,1235,0.1235,0.03294620435610413
7544,8772,1228,0.1228,0.03671508404817432
7498,8749,1251,0.1251,0.04020771071035415
7724,8862,1138,0.1138,0.04018404930010438
7344,8672,1328,0.1328,0.04141263987645507
7598,8799,1201,0.1201,0.03903251476008445
7590,8795,1205,0.1205,0.035603830320993436
7468,8734,1266,0.1266,0.03463470436437056
7610,8805,1195,0.1195,0.0328379845643416
7764,8882,1118,0.1118,0.03189059312939644
7698,8849,1151,0.1151,0.03415597096458078
7402,8701,1299,0.1299,0.03564610312031582
7436,8718,1282,0.1282,0.03947331993561238
7448,8724,1276,0.1276,0.04200198407927528
7536,8768,1232,0.1232,0.04395868280883879
7652,8826,1174,0.1174,0.04429227457288653
7522,8761,1239,0.1239,0.04367663532160222
7660,8830,1170,0.117,0.03897358117550612
7748,8874,1126,0.1126,0.032362183716334404
7672,8836,1164,0.1164,0.03209053643066436
7694,8847,1153,0.1153,0.03127888326793909
7630,8815,1185,0.1185,0.031699530854262414
7728,8864,1136,0.1136,0.0362861583369784
7518,8759,1241,0.1241,0.037799905822146686
7744,8872,1128,0.1128,0.04017281885035336
7510,8755,1245,0.1245,0.041699744736775755
7530,8765,1235,0.1235,0.03859737368421629
7632,8816,1184,0.1184,0.037233687603380534
7582,8791,1209,0.1209,0.035114749250374735
7652,8826,1174,0.1174,0.03219341224767268
7708,8854,1146,0.1146,0.030897888007760048
7446,8723,1277,0.1277,0.03230276286276058
7664,8832,1168,0.1168,0.03237517449920997
7728,8864,1136,0.1136,0.035809704779367894
7566,8783,1217,0.1217,0.03920022611394525
7636,8818,1182,0.1182,0.04013082632999867
7504,8752,1248,0.1248,0.03965894789453596
7612,8806,1194,0.1194,0.037345935096032915
7596,8798,1202,0.1202,0.033083349715173245
7696,8848,1152,0.1152,0.03253127491287887
7646,8823,1177,0.1177,0.03178604937624186
7584,8792,1208,0.1208,0.03334409857774153
7620,8810,1190,0.119,0.03335105883497745
7752,8876,1124,0.1124,0.03334562686076388
7554,8777,1223,0.1223,0.03369244555681944
7558,8779,1221,0.1221,0.03355300071910024
7732,8866,1134,0.1134,0.03284976224591955
7868,8934,1066,0.1066,0.031574032450653614
7660,8830,1170,0.117,0.027434679021500052
7746,8873,1127,0.1127,0.026514702655095607
7802,8901,1099,0.1099,0.0260883915014565
7806,8903,1097,0.1097,0.02569570803847164
7494,8747,1253,0.1253,0.03266815487276763
7566,8783,1217,0.1217,0.03534548232033849
7658,8829,1171,0.1171,0.03480224137995392
7632,8816,1184,0.1184,0.033656764052435756
7466,8733,1267,0.1267,0.0350839313195087
7738,8869,1131,0.1131,0.031002815630286933
7832,8916,1084,0.1084,0.029201936405710876
7696,8848,1152,0.1152,0.02541436403533444
7558,8779,1221,0.1221,0.025382219664007426
7758,8879,1121,0.1121,0.025768308601062745
7766,8883,1117,0.1117,0.031991532031446696
7514,8757,1243,0.1243,0.02587238193466328
7778,8889,1111,0.1111,0.033812579584121705
7468,8734,1266,0.1266,0.03530103696510196
7826,8913,1087,0.1087,0.030381811174657197
7710,8855,1145,0.1145,0.030499620109051467
7568,8784,1216,0.1216,0.0299881842832081
7668,8834,1166,0.1166,0.025743736226530745
7566,8783,1217,0.1217,0.025322020051442087
7618,8809,1191,0.1191,0.026341795811802148
7754,8877,1123,0.1123,0.026610954004805534
7714,8857,1143,0.1143,0.029922789054363966
7542,8771,1229,0.1229,0.03309570423429832
7646,8823,1177,0.1177,0.03274149047732353
7608,8804,1196,0.1196,0.03227548428243026
7572,8786,1214,0.1214,0.030579984899424015
7608,8804,1196,0.1196,0.026409133100137115
7446,8723,1277,0.1277,0.02664729185830802
7680,8840,1160,0.116,0.025939013575483113
7730,8865,1135,0.1135,0.027059478959348054
7610,8805,1195,0.1195,0.033443173541966825
7690,8845,1155,0.1155,0.03399199069160968
7402,8701,1299,0.1299,0.03491365426927805
7536,8768,1232,0.1232,0.03535457565784454
7796,8898,1102,0.1102,0.030539643313456325
7676,8838,1162,0.1162,0.029393070021737366
7612,8806,1194,0.1194,0.029257545113004744
7752,8876,1124,0.1124,0.02546000320408493
7500,8750,1250,0.125,0.025306245281826706
7408,8704,1296,0.1296,0.026558560971124096
7746,8873,1127,0.1127,0.026473794511519374
7458,8729,1271,0.1271,0.031588952314388005
7622,8811,1189,0.1189,0.03690193939954042
7720,8860,1140,0.114,0.03697859867643565
7696,8848,1152,0.1152,0.0358455538305454
7544,8772,1228,0.1228,0.032937581812776624
7708,8854,1146,0.1146,0.022855657564802095
7566,8783,1217,0.1217,0.0225200878335163
7546,8773,1227,0.1227,0.02202762743672356
7740,8870,1130,0.113,0.022521090135676786
7698,8849,1151,0.1151,0.03062260887573939
7622,8811,1189,0.1189,0.03199607460098341
7676,8838,1162,0.1162,0.03232214948842302
7664,8832,1168,0.1168,0.034190418003033844
7704,8852,1148,0.1148,0.02907004655757919
7572,8786,1214,0.1214,0.027908588795457035
7544,8772,1228,0.1228,0.027131418613391
7464,8732,1268,0.1268,0.023024400126980617
7662,8831,1169,0.1169,0.022503639053925873
7514,8757,1243,0.1243,0.02396953758667223
7496,8748,1252,0.1252,0.02455449951402843
7596,8798,1202,0.1202,0.028424332523066552
7530,8765,1235,0.1235,0.0322748577805236
7636,8818,1182,0.1182,0.03195771837374196
7636,8818,1182,0.1182,0.03174706666264683
7634,8817,1183,0.1183,0.028665552071575076
7802,8901,1099,0.1099,0.02105911639891565
7652,8826,1174,0.1174,0.021005423610657454
7556,8778,1222,0.1222,0.021056912601878867
7686,8843,1157,0.1157,0.02059276084988378
7614,8807,1193,0.1193,0.026678115677181632
7512,8756,1244,0.1244,0.027947080547222867
7484,8742,1258,0.1258,0.028808018000330775
7642,8821,1179,0.1179,0.03029605668913573
7894,8947,1053,0.1053,0.02505230693765916
7546,8773,1227,0.1227,0.02542559723588638
7558,8779,1221,0.1221,0.02484515006924048
7756,8878,1122,0.1122,0.020585981836728752
7532,8766,1234,0.1234,0.018750158645771443
7486,8743,1257,0.1257,0.019741586190089585
7736,8868,1132,0.1132,0.020084005328733473
7746,8873,1127,0.1127,0.022520243446296082
7722,8861,1139,0.1139,0.027249904647190123
7644,8822,1178,0.1178,0.02749315617112443
7780,8890,1110,0.111,0.026852400646544993
7632,8816,1184,0.1184,0.02427617092966102
7600,8800,1200,0.12,0.01737527565350756
7534,8767,1233,0.1233,0.017515936265257187
7684,8842,1158,0.1158,0.016956671152310445
7754,8877,1123,0.1123,0.016981904223328455
7392,8696,1304,0.1304,0.02407019117465243
7848,8924,1076,0.1076,0.02398200035104528
7696,8848,1152,0.1152,0.02430135283814743
7574,8787,1213,0.1213,0.025531953552551567
7662,8831,1169,0.1169,0.02182685061264783
7354,8677,1323,0.1323,0.021670923087117263
7520,8760,1240,0.124,0.02058648621151224
7746,8873,1127,0.1127,0.01727076754393056
7566,8783,1217,0.1217,0.017248260561283677
7718,8859,1141,0.1141,0.017347201619273982
7590,8795,1205,0.1205,0.017926355000864716
7742,8871,1129,0.1129,0.019616377352410928
7640,8820,1180,0.118,0.02344694640208036
7652,8826,1174,0.1174,0.023255458264425398
7746,8873,1127,0.1127,0.022747384891845288
7494,8747,1253,0.1253,0.021835323451296428
7764,8882,1118,0.1118,0.016641347442497498
7734,8867,1133,0.1133,0.01646122652476188
7642,8821,1179,0.1179,0.016317598407249896
7434,8717,1283,0.1283,0.0172840008854866
7456,8728,1272,0.1272,0.024016167895309627
7640,8820,1180,0.118,0.024338180289976297
7832,8916,1084,0.1084,0.02387221152908169
7490,8745,1255,0.1255,0.026668578327447175
7590,8795,1205,0.1205,0.022428823519404978
7576,8788,1212,0.1212,0.02187757956199348
7468,8734,1266,0.1266,0.021065083923749627
7748,8874,1126,0.1126,0.018522421300737186
7598,8799,1201,0.1201,0.016645953340083362
7860,8930,1070,0.107,0.016477286086347884
7724,8862,1138,0.1138,0.01685830990157556
7572,8786,1214,0.1214,0.01918531530047767
7534,8767,1233,0.1233,0.02449412147346884
7718,8859,1141,0.1141,0.023837831303849817
7738,8869,1131,0.1131,0.023727653285115956
7776,8888,1112,0.1112,0.022883318082336335
7486,8743,1257,0.1257,0.017188554697902873
7618,8809,1191,0.1191,0.016078857004176824
7578,8789,1211,0.1211,0.016549787744763306
7630,8815,1185,0.1185,0.015599891293770634
7796,8898,1102,0.1102,0.02233330388297327
7552,8776,1224,0.1224,0.023458796306280418
7600,8800,1200,0.12,0.023838755647372454
7752,8876,1124,0.1124,0.02592743111457676
7594,8797,1203,0.1203,0.023790993534913287
7800,8900,1100,0.11,0.02280470177596435
7632,8816,1184,0.1184,0.0223755646544043
7724,8862,1138,0.1138,0.01935352563788183
7582,8791,1209,0.1209,0.018869147658883593
7700,8850,1150,0.115,0.01885564368334599
7746,8873,1127,0.1127,0.01940243071001023
7556,8778,1222,0.1222,0.023007490912172943
7676,8838,1162,0.1162,0.029875429053884
7688,8844,1156,0.1156,0.029611579508055
7608,8804,1196,0.1196,0.02937875805404037
7622,8811,1189,0.1189,0.028107483976893128
7550,8775,1225,0.1225,0.02073333093544934
7648,8824,1176,0.1176,0.019865549239655958
7748,8874,1126,0.1126,0.019507835112931207
7576,8788,1212,0.1212,0.019523107386007904
7540,8770,1230,0.123,0.026886687711719422
7532,8766,1234,0.1234,0.0278771670895163
7688,8844,1156,0.1156,0.028653193634282797
7668,8834,1166,0.1166,0.031182474042940885
7734,8867,1133,0.1133,0.02981042629778385
7584,8792,1208,0.1208,0.0298902984068729
7632,8816,1184,0.1184,0.027831223901640625
7572,8786,1214,0.1214,0.02609262363719754
7762,8881,1119,0.1119,0.022213036815123634
7828,8914,1086,0.1086,0.021551862717187033
7594,8797,1203,0.1203,0.023716806057328357
7436,8718,1282,0.1282,0.026517186688119546
7622,8811,1189,0.1189,0.038608935128338635
7696,8848,1152,0.1152,0.038027035516221074
7556,8778,1222,0.1222,0.039692854902148245
7544,8772,1228,0.1228,0.03986109394058585
7764,8882,1118,0.1118,0.028923550728918054
7710,8855,1145,0.1145,0.02810005296403542
7692,8846,1154,0.1154,0.0271593307975214
7638,8819,1181,0.1181,0.025609756438061595
7622,8811,1189,0.1189,0.02791302127642557
7760,8880,1120,0.112,0.027553311023535206
7720,8860,1140,0.114,0.029873799043055625
7624,8812,1188,0.1188,0.03311716453600675
7662,8831,1169,0.1169,0.03953757634088397
7602,8801,1199,0.1199,0.039111626242846254
7642,8821,1179,0.1179,0.03825296571180224
7456,8728,1272,0.1272,0.037374788234196606
7734,8867,1133,0.1133,0.02702334651555866
7542,8771,1229,0.1229,0.026845239555789158
7660,8830,1170,0.117,0.026777704500686377
7578,8789,1211,0.1211,0.02697440684786998
7734,8867,1133,0.1133,0.03658044200213626
7542,8771,1229,0.1229,0.03820514621483162
7620,8810,1190,0.119,0.04037949275895953
7558,8779,1221,0.1221,0.04313669872265309
7658,8829,1171,0.1171,0.038331275893328715
7652,8826,1174,0.1174,0.03695383857795969
7674,8837,1163,0.1163,0.03616138877663761
7772,8886,1114,0.1114,0.03328245986094698
7730,8865,1135,0.1135,0.025984423944912852
7740,8870,1130,0.113,0.027115966478176413
7582,8791,1209,0.1209,0.028200858668785078
7604,8802,1198,0.1198,0.02922949832044542
7690,8845,1155,0.1155,0.04114762073261663
7792,8896,1104,0.1104,0.04115878725275397
7850,8925,1075,0.1075,0.0409825010959059
7598,8799,1201,0.1201,0.04087264556279406
7630,8815,1185,0.1185,0.02662792042992078
7676,8838,1162,0.1162,0.024865042090555654
7446,8723,1277,0.1277,0.024602008526050486
7476,8738,1262,0.1262,0.023949246841622515
7882,8941,1059,0.1059,0.027800774339772762
7524,8762,1238,0.1238,0.030388725049048663
7718,8859,1141,0.1141,0.03090169947454706
7802,8901,1099,0.1099,0.0317032928857021
7710,8855,1145,0.1145,0.029977535963477568
7624,8812,1188,0.1188,0.029110074109677225
7604,8802,1198,0.1198,0.0281953898396343
7454,8727,1273,0.1273,0.026964833299675955
7670,8835,1165,0.1165,0.019998686036886648
7578,8789,1211,0.1211,0.02082407264681533
7728,8864,1136,0.1136,0.021120340673578902
7526,8763,1237,0.1237,0.022024856565753
7600,8800,1200,0.12,0.027813637740537526
7624,8812,1188,0.1188,0.027993916673120112
7802,8901,1099,0.1099,0.02653932599388063
7828,8914,1086,0.1086,0.026424534677900374
7678,8839,1161,0.1161,0.01849744672810193
7596,8798,1202,0.1202,0.016900646302546375
7852,8926,1074,0.1074,0.015605081679811702
7658,8829,1171,0.1171,0.015588834584271535
7696,8848,1152,0.1152,0.01832049557568971
7658,8829,1171,0.1171,0.020130164269823583
7836,8918,1082,0.1082,0.020989795826887713
7528,8764,1236,0.1236,0.02157344668819569
7502,8751,1249,0.1249,0.02492767391242087
7564,8782,1218,0.1218,0.02366354470141232
7544,8772,1228,0.1228,0.022816659237258136
7940,8970,1030,0.103,0.021228273252258078
7700,8850,1150,0.115,0.01632896455093287
7496,8748,1252,0.1252,0.016364035107777453
7646,8823,1177,0.1177,0.0162661163760582
7440,8720,1280,0.128,0.01632442698769737
7724,8862,1138,0.1138,0.02178355621723458
7994,8997,1003,0.1003,0.022291603784170003
7462,8731,1269,0.1269,0.02352005824409425
7522,8761,1239,0.1239,0.023794235155917703
7582,8791,1209,0.1209,0.019872595319943502
7712,8856,1144,0.1144,0.018490437259012834
7560,8780,1220,0.122,0.018615007697651162
7608,8804,1196,0.1196,0.018177412161650135
7684,8842,1158,0.1158,0.017848954221466557
7836,8918,1082,0.1082,0.018734546559723095
7582,8791,1209,0.1209,0.020148435262637213
7680,8840,1160,0.116,0.020617924692016096
7792,8896,1104,0.1104,0.020610273882979528
7750,8875,1125,0.1125,0.01966990423020907
7684,8842,1158,0.1158,0.019329237386444584
7634,8817,1183,0.1183,0.019324395279213785
7770,8885,1115,0.1115,0.016375782739231362
7518,8759,1241,0.1241,0.01739108518389985
7718,8859,1141,0.1141,0.01743609122245107
7592,8796,1204,0.1204,0.018087438356271014
7622,8811,1189,0.1189,0.021282961192540823
7768,8884,1116,0.1116,0.02174751873826608
7604,8802,1198,0.1198,0.02166716846525669
7610,8805,1195,0.1195,0.021894663941115142
7720,8860,1140,0.114,0.018192526777507736
7396,8698,1302,0.1302,0.018186411860957742
7596,8798,1202,0.1202,0.017749851905507968
7668,8834,1166,0.1166,0.017526655025547372
7632,8816,1184,0.1184,0.019816402127360924
7784,8892,1108,0.1108,0.020325263373926282
7614,8807,1193,0.1193,0.020983951138332485
7734,8867,1133,0.1133,0.020643757890723646
7742,8871,1129,0.1129,0.01936526795453392
7584,8792,1208,0.1208,0.019215460917493328
7690,8845,1155,0.1155,0.018845089609920977
7622,8811,1189,0.1189,0.018849981031147763
7808,8904,1096,0.1096,0.01872518456992693
7614,8807,1193,0.1193,0.019996328973956406
7462,8731,1269,0.1269,0.020477787035051733
7666,8833,1167,0.1167,0.02045129033168778
7758,8879,1121,0.1121,0.021514740105811506
7610,8805,1195,0.1195,0.022397093950491397
7724,8862,1138,0.1138,0.02137066567055881
7650,8825,1175,0.1175,0.021576619223784656
7392,8696,1304,0.1304,0.019743571951426564
7630,8815,1185,0.1185,0.01937914059991017
7788,8894,1106,0.1106,0.019166873221611605
7454,8727,1273,0.1273,0.019848895932687446
7762,8881,1119,0.1119,0.02175468343477696
7786,8893,1107,0.1107,0.021376252728421242
7842,8921,1079,0.1079,0.020846292648557575
7446,8723,1277,0.1277,0.021849824009928853
7748,8874,1126,0.1126,0.018527116848900915
7596,8798,1202,0.1202,0.018445664559910074
7706,8853,1147,0.1147,0.018039768839534374
7786,8893,1107,0.1107,0.018487672264408322
7534,8767,1233,0.1233,0.02171646376978606
7634,8817,1183,0.1183,0.021858721534721553
7720,8860,1140,0.114,0.02183953628335148
7592,8796,1204,0.1204,0.022277571177762003
7656,8828,1172,0.1172,0.02042638409184292
7758,8879,1121,0.1121,0.01962504927115515
7682,8841,1159,0.1159,0.019151407868787645
7800,8900,1100,0.11,0.01896328073325567
7500,8750,1250,0.125,0.02019955637017265
7690,8845,1155,0.1155,0.020321263878792524
7790,8895,1105,0.1105,0.021003883188776672
7440,8720,1280,0.128,0.02177601776625961
7660,8830,1170,0.117,0.02419171098191291
7474,8737,1263,0.1263,0.024453013872820884
7590,8795,1205,0.1205,0.023909340925328433
7562,8781,1219,0.1219,0.02427866439493373
7792,8896,1104,0.1104,0.021680251719616354
7778,8889,1111,0.1111,0.02141451536780223
7590,8795,1205,0.1205,0.02084905755338259
7592,8796,1204,0.1204,0.02122263579200953
7518,8759,1241,0.1241,0.02378958443524316
7568,8784,1216,0.1216,0.025086174591816963
7594,8797,1203,0.1203,0.02572835683580488
7716,8858,1142,0.1142,0.025996154932677745
7602,8801,1199,0.1199,0.026502613783348353
7416,8708,1292,0.1292,0.02540920782061294
7628,8814,1186,0.1186,0.024338047095760703
7676,8838,1162,0.1162,0.023648109561391174
7692,8846,1154,0.1154,0.018991388232074677
7646,8823,1177,0.1177,0.018773387763975188
7878,8939,1061,0.1061,0.018164592958055437
7764,8882,1118,0.1118,0.018656808477081357
7694,8847,1153,0.1153,0.02125232374127954
7674,8837,1163,0.1163,0.021570252141589297
7834,8917,1083,0.1083,0.021247292455192655
7534,8767,1233,0.1233,0.02247340693809092
7650,8825,1175,0.1175,0.023369334442075344
7634,8817,1183,0.1183,0.023378085858374833
7732,8866,1134,0.1134,0.022421245525963605
7710,8855,1145,0.1145,0.023133325695246457
7604,8802,1198,0.1198,0.021042266208631918
7622,8811,1189,0.1189,0.021100857167132198
7660,8830,1170,0.117,0.021036739287199454
7588,8794,1206,0.1206,0.021905799586419018
7536,8768,1232,0.1232,0.025635858847480267
7620,8810,1190,0.119,0.025573529998678714
7888,8944,1056,0.1056,0.02493842209437862
7620,8810,1190,0.119,0.025028239354304968
7534,8767,1233,0.1233,0.02056206630547531
7684,8842,1158,0.1158,0.019573797267815097
7574,8787,1213,0.1213,0.019196444971393795
7816,8908,1092,0.1092,0.018664326476305722
7506,8753,1247,0.1247,0.023187287066597492
7612,8806,1194,0.1194,0.023741928722336887
7692,8846,1154,0.1154,0.024865900237392633
7656,8828,1172,0.1172,0.025691130178980528
7606,8803,1197,0.1197,0.02536736108744517
7718,8859,1141,0.1141,0.02343177616437897
7852,8926,1074,0.1074,0.021694649376068263
7658,8829,1171,0.1171,0.020978849539579823
7748,8874,1126,0.1126,0.017882721038977617
7656,8828,1172,0.1172,0.018103801430109888
7834,8917,1083,0.1083,0.01864199219979346
7650,8825,1175,0.1175,0.020934358741575853
7536,8768,1232,0.1232,0.026191946089081465
7566,8783,1217,0.1217,0.026278347499016672
7538,8769,1231,0.1231,0.02651147059490904
7680,8840,1160,0.116,0.02529370670672506
7678,8839,1161,0.1161,0.020997537172446026
7666,8833,1167,0.1167,0.01879591647819616
7654,8827,1173,0.1173,0.018368896954599766
7558,8779,1221,0.1221,0.017577632244070992
7702,8851,1149,0.1149,0.019748169844876973
7724,8862,1138,0.1138,0.021996016204170882
7604,8802,1198,0.1198,0.022818190803099422
7660,8830,1170,0.117,0.02462388895312324
7616,8808,1192,0.1192,0.025523946244083346
7654,8827,1173,0.1173,0.023790499603562058
7754,8877,1123,0.1123,0.02334616534439847
7690,8845,1155,0.1155,0.021127940069604664
7538,8769,1231,0.1231,0.01947317533190362
7626,8813,1187,0.1187,0.02041727525643073
7624,8812,1188,0.1188,0.02057481323219836
7712,8856,1144,0.1144,0.022491900339676067
7606,8803,1197,0.1197,0.026324829118791967
7830,8915,1085,0.1085,0.026567425312660636
7622,8811,1189,0.1189,0.027021353897824882
7634,8817,1183,0.1183,0.026222289800457658
7494,8747,1253,0.1253,0.02446212191544473
7502,8751,1249,0.1249,0.022706937803793698
7644,8822,1178,0.1178,0.021927461013104766
7558,8779,1221,0.1221,0.02252607400305569
7762,8881,1119,0.1119,0.02290803899373859
7422,8711,1289,0.1289,0.025402460098452866
7778,8889,1111,0.1111,0.024471081185992807
7628,8814,1186,0.1186,0.02628044755794108
7562,8781,1219,0.1219,0.026216202369239182
7708,8854,1146,0.1146,0.02399904716005549
7638,8819,1181,0.1181,0.02280864968728274
7778,8889,1111,0.1111,0.020442095954250544
7668,8834,1166,0.1166,0.019185676861414685
7562,8781,1219,0.1219,0.019826052542682736
7526,8763,1237,0.1237,0.020520065252808854
7534,8767,1233,0.1233,0.022654442054685205
7744,8872,1128,0.1128,0.027979323243163524
7554,8777,1223,0.1223,0.028362761682178824
7612,8806,1194,0.1194,0.027266000446677208
7698,8849,1151,0.1151,0.02427683788323775
7638,8819,1181,0.1181,0.02019212094293907
7706,8853,1147,0.1147,0.019487937127845363
7736,8868,1132,0.1132,0.017715200891485438
7580,8790,1210,0.121,0.01821605210127309
7736,8868,1132,0.1132,0.021369422399299218
7322,8661,1339,0.1339,0.02496854034308344
7582,8791,1209,0.1209,0.02526274540098384
7480,8740,1260,0.126,0.022036364325508474
7734,8867,1133,0.1133,0.025690819223970176
7256,8628,1372,0.1372,0.02516805462180637
7748,8874,1126,0.1126,0.02367241602791473
7596,8798,1202,0.1202,0.021755363543052228
7676,8838,1162,0.1162,0.016992384475655854
7626,8813,1187,0.1187,0.018064038767223248
7718,8859,1141,0.1141,0.017612162900855766
7610,8805,1195,0.1195,0.019631465168390424
7520,8760,1240,0.124,0.02333162045618519
7480,8740,1260,0.126,0.025627496360521765
7768,8884,1116,0.1116,0.024658069231547414
7630,8815,1185,0.1185,0.025197995391860604
7524,8762,1238,0.1238,0.023127230762131513
7660,8830,1170,0.117,0.02082405352322385
7854,8927,1073,0.1073,0.01940482550333254
7540,8770,1230,0.123,0.019009683606354518
7762,8881,1119,0.1119,0.018943392973951995
7572,8786,1214,0.1214,0.021698419749364258
7696,8848,1152,0.1152,0.021227472160290927
7610,8805,1195,0.1195,0.024521740700956435
7616,8808,1192,0.1192,0.026292065963335335
7656,8828,1172,0.1172,0.02650656295316294
7616,8808,1192,0.1192,0.025764979132823645
7494,8747,1253,0.1253,0.02427197534646839
7744,8872,1128,0.1128,0.020927749567106368
7484,8742,1258,0.1258,0.020382231886684893
7650,8825,1175,0.1175,0.01995954631185159
7750,8875,1125,0.1125,0.021695359248947353
7808,8904,1096,0.1096,0.02337427891572006
7474,8737,1263,0.1263,0.02666766813620925
7680,8840,1160,0.116,0.026071219464205205
7588,8794,1206,0.1206,0.026723349717166275
7802,8901,1099,0.1099,0.023469263771828265
7778,8889,1111,0.1111,0.02234115184992552
7566,8783,1217,0.1217,0.021932227939460428
7650,8825,1175,0.1175,0.020945000911084935
7582,8791,1209,0.1209,0.02206077388608828
7544,8772,1228,0.1228,0.02511891778148711
7622,8811,1189,0.1189,0.026240930036315696
7626,8813,1187,0.1187,0.02922899513654411
7718,8859,1141,0.1141,0.029129200406465678
7616,8808,1192,0.1192,0.027839891410665587
7794,8897,1103,0.1103,0.02692223834162578
7628,8814,1186,0.1186,0.021865405476652087
7732,8866,1134,0.1134,0.01940200872817077
7610,8805,1195,0.1195,0.019767542827245778
7698,8849,1151,0.1151,0.019584180511604064
7812,8906,1094,0.1094,0.024330903546372427
7730,8865,1135,0.1135,0.02752842299109325
7388,8694,1306,0.1306,0.031075377313233912
7552,8776,1224,0.1224,0.03061247467631474
7710,8855,1145,0.1145,0.028623990155011415
7526,8763,1237,0.1237,0.025213284458685665
7738,8869,1131,0.1131,0.022407716663833708
7536,8768,1232,0.1232,0.021874306543823333
7508,8754,1246,0.1246,0.01847449794402346
7556,8778,1222,0.1222,0.018747507628425957
7644,8822,1178,0.1178,0.020625816465495155
7682,8841,1159,0.1159,0.021071686131786557
7628,8814,1186,0.1186,0.024554878403618932
7604,8802,1198,0.1198,0.024990029245149346
7784,8892,1108,0.1108,0.023562087077647446
7686,8843,1157,0.1157,0.02297322605838999
7868,8934,1066,0.1066,0.01757737163938582
7550,8775,1225,0.1225,0.01603938893014565
7548,8774,1226,0.1226,0.015395940959919243
7650,8825,1175,0.1175,0.015218552963156252
7594,8797,1203,0.1203,0.019513176328735424
7456,8728,1272,0.1272,0.02341992937992327
7586,8793,1207,0.1207,0.025549346678704024
7678,8839,1161,0.1161,0.025474881111457945
7610,8805,1195,0.1195,0.023712065154779704
7638,8819,1181,0.1181,0.0210797645569779
7668,8834,1166,0.1166,0.01825259044202976
7444,8722,1278,0.1278,0.01763931854618713
7692,8846,1154,0.1154,0.014875444470602088
7692,8846,1154,0.1154,0.016101417977316304
7590,8795,1205,0.1205,0.017897502459352836
7626,8813,1187,0.1187,0.018801333963731303
7578,8789,1211,0.1211,0.0238372187548317
7628,8814,1186,0.1186,0.02467537269797176
7526,8763,1237,0.1237,0.02430694453176111
7550,8775,1225,0.1225,0.024241102510131896
7726,8863,1137,0.1137,0.01979891365834046
7596,8798,1202,0.1202,0.017462136073806322
7586,8793,1207,0.1207,0.015893886216916144
7814,8907,1093,0.1093,0.015436402141000144
7552,8776,1224,0.1224,0.016493060184293428
7684,8842,1158,0.1158,0.01865122862844728
7592,8796,1204,0.1204,0.021599653683789074
7608,8804,1196,0.1196,0.02195267306668684
7638,8819,1181,0.1181,0.0241251082893461
7860,8930,1070,0.107,0.022123092162702234
7592,8796,1204,0.1204,0.020324106147605926
7752,8876,1124,0.1124,0.01907102492309641
7746,8873,1127,0.1127,0.014424387100990862
7550,8775,1225,0.1225,0.013896137001062743
7606,8803,1197,0.1197,0.015671609105705284
7556,8778,1222,0.1222,0.016195222647394984
7594,8797,1203,0.1203,0.022171168950153516
7584,8792,1208,0.1208,0.025437766528874636
7708,8854,1146,0.1146,0.026069801764469595
7596,8798,1202,0.1202,0.02624752163607627
7430,8715,1285,0.1285,0.022491711012506858
7576,8788,1212,0.1212,0.019135210734698923
7748,8874,1126,0.1126,0.01579935133175459
7586,8793,1207,0.1207,0.015558749613934197
7656,8828,1172,0.1172,0.014202541478606872
7580,8790,1210,0.121,0.015674187809269644
7648,8824,1176,0.1176,0.017836222240305507
7802,8901,1099,0.1099,0.01818012743613217
7704,8852,1148,0.1148,0.023808356161275877
7596,8798,1202,0.1202,0.025313241578824818
7674,8837,1163,0.1163,0.024975834927894174
7462,8731,1269,0.1269,0.0244787402224727
7658,8829,1171,0.1171,0.018792935851868243
7516,8758,1242,0.1242,0.017707325944444165
7514,8757,1243,0.1243,0.01672705511697568
7756,8878,1122,0.1122,0.01637570615131408
7588,8794,1206,0.1206,0.019701121802441775
7702,8851,1149,0.1149,0.02086880757724866
7648,8824,1176,0.1176,0.02201636427687481
7762,8881,1119,0.1119,0.022683612332493067
7646,8823,1177,0.1177,0.02262357226004824
7674,8837,1163,0.1163,0.02156837698132731
7578,8789,1211,0.1211,0.02069036186556332
7476,8738,1262,0.1262,0.019740177380712702
7614,8807,1193,0.1193,0.018645393934380264
7646,8823,1177,0.1177,0.019025334898009897
7748,8874,1126,0.1126,0.01976530183488503
7562,8781,1219,0.1219,0.02129641955345869
7766,8883,1117,0.1117,0.02183964756205678
7576,8788,1212,0.1212,0.021669057464040815
7706,8853,1147,0.1147,0.020483630215004087
7558,8779,1221,0.1221,0.02026700362893753
7492,8746,1254,0.1254,0.01954965494070202
7672,8836,1164,0.1164,0.019753396435268224
7410,8705,1295,0.1295,0.020986827309336514
7850,8925,1075,0.1075,0.021078564939880744
7712,8856,1144,0.1144,0.02260974035197869
7486,8743,1257,0.1257,0.021989389560185372
7654,8827,1173,0.1173,0.02087659622915089
7748,8874,1126,0.1126,0.019742850766889752
7726,8863,1137,0.1137,0.017457977081974968
7772,8886,1114,0.1114,0.01724884272320196
7642,8821,1179,0.1179,0.017493874311144464
7626,8813,1187,0.1187,0.01776255383845419
7712,8856,1144,0.1144,0.02061598938116804
7648,8824,1176,0.1176,0.021249573363084345
7666,8833,1167,0.1167,0.021425079581886528
7830,8915,1085,0.1085,0.020771884112618863
7676,8838,1162,0.1162,0.018244921895163135
7502,8751,1249,0.1249,0.017901237780740483
7524,8762,1238,0.1238,0.017262234857259317
7760,8880,1120,0.112,0.017006645149923862
7546,8773,1227,0.1227,0.020917728138994427
7796,8898,1102,0.1102,0.021604761925060303
7434,8717,1283,0.1283,0.023459514076262712
7698,8849,1151,0.1151,0.02311028694473207
7642,8821,1179,0.1179,0.020291255477629604
7712,8856,1144,0.1144,0.019015601642336698
7524,8762,1238,0.1238,0.019355152163561432
7652,8826,1174,0.1174,0.017521715962840245
7608,8804,1196,0.1196,0.018961009384598583
7462,8731,1269,0.1269,0.020468669828027485
7494,8747,1253,0.1253,0.021836579689662905
7520,8760,1240,0.124,0.023862329398095607
7652,8826,1174,0.1174,0.0254706102152355
7566,8783,1217,0.1217,0.02557653894154355
7734,8867,1133,0.1133,0.024490360323432832
7498,8749,1251,0.1251,0.02269103461219929
7582,8791,1209,0.1209,0.01829297106359154
7678,8839,1161,0.1161,0.017618997582932935
7714,8857,1143,0.1143,0.01720425254073925
7612,8806,1194,0.1194,0.01828845464917831
7782,8891,1109,0.1109,0.021526116405241193
7562,8781,1219,0.1219,0.023108980600861834
7790,8895,1105,0.1105,0.022835879656579346
7738,8869,1131,0.1131,0.023308436960633845
7758,8879,1121,0.1121,0.020158826089650392
7680,8840,1160,0.116,0.019377169223781673
7566,8783,1217,0.1217,0.01843657497460954
7648,8824,1176,0.1176,0.017355642847716807
7826,8913,1087,0.1087,0.019264185112807898
7586,8793,1207,0.1207,0.021713794141449035
7694,8847,1153,0.1153,0.0223437208420597
7578,8789,1211,0.1211,0.025272870153933764
7680,8840,1160,0.116,0.025032541600521655
7556,8778,1222,0.1222,0.025181551601551472
7596,8798,1202,0.1202,0.024533469006512314
7620,8810,1190,0.119,0.02150943674533628
7808,8904,1096,0.1096,0.01855329386075027
7600,8800,1200,0.12,0.019301276163663714
7626,8813,1187,0.1187,0.019903235881915317
7580,8790,1210,0.121,0.02330052796937525
7494,8747,1253,0.1253,0.02820338158942759
7816,8908,1092,0.1092,0.027951677639689296
7840,8920,1080,0.108,0.027856101891677826
7638,8819,1181,0.1181,0.02635618074676022
7702,8851,1149,0.1149,0.019764991032518445
7544,8772,1228,0.1228,0.019634330876590684
7774,8887,1113,0.1113,0.018150177146168425
7746,8873,1127,0.1127,0.0174202898922842
7640,8820,1180,0.118,0.019751113629876638
7622,8811,1189,0.1189,0.02087583580240607
7752,8876,1124,0.1124,0.021007821575226262
7536,8768,1232,0.1232,0.02444614273272455
7552,8776,1224,0.1224,0.024006153129506855
7636,8818,1182,0.1182,0.023879783288994805
7682,8841,1159,0.1159,0.02244494535764679
7532,8766,1234,0.1234,0.01991542214169167
7720,8860,1140,0.114,0.01617127987113781
7734,8867,1133,0.1133,0.01601603223045822
7572,8786,1214,0.1214,0.016415689388103782
7436,8718,1282,0.1282,0.018462631005654113
7562,8781,1219,0.1219,0.023107304940046744
7704,8852,1148,0.1148,0.022988051918474958
7610,8805,1195,0.1195,0.024251076857559384
7652,8826,1174,0.1174,0.024844338301382957
7582,8791,1209,0.1209,0.020234816201543434
7710,8855,1145,0.1145,0.020239034532941878
7554,8777,1223,0.1223,0.019232199359685183
7496,8748,1252,0.1252,0.01694017404206097
7614,8807,1193,0.1193,0.01870731799385976
7598,8799,1201,0.1201,0.019032575026899576
7482,8741,1259,0.1259,0.02050865814201534
7776,8888,1112,0.1112,0.023076163109298796
7382,8691,1309,0.1309,0.024914353371504695
7722,8861,1139,0.1139,0.023605128060327843
7624,8812,1188,0.1188,0.023320491576194764
7532,8766,1234,0.1234,0.020459731235262006
7652,8826,1174,0.1174,0.017678291210578755
7732,8866,1134,0.1134,0.017011205392843114
7604,8802,1198,0.1198,0.017465482810977845
7648,8824,1176,0.1176,0.01870772389220074
7442,8721,1279,0.1279,0.023884760504122825
7870,8935,1065,0.1065,0.022876697230618446
7472,8736,1264,0.1264,0.024555358112044633
7754,8877,1123,0.1123,0.024159721529390662
7666,8833,1167,0.1167,0.020849304941203444
7600,8800,1200,0.12,0.02022212581289932
7708,8854,1146,0.1146,0.01924460752613377
7720,8860,1140,0.114,0.01721914219041355
7682,8841,1159,0.1159,0.019258505994989537
7628,8814,1186,0.1186,0.01945505709750578
7512,8756,1244,0.1244,0.020639873924059794
7788,8894,1106,0.1106,0.023264182120421903
7480,8740,1260,0.126,0.026389270735997707
7644,8822,1178,0.1178,0.025862165589351206
7840,8920,1080,0.108,0.02478169763870537
7648,8824,1176,0.1176,0.021698313982225954
7600,8800,1200,0.12,0.017400443284912036
7698,8849,1151,0.1151,0.01695898953594733
7590,8795,1205,0.1205,0.016757422095444053
7656,8828,1172,0.1172,0.01873742181255948
7824,8912,1088,0.1088,0.024010501209041104
7670,8835,1165,0.1165,0.02450058614630252
7550,8775,1225,0.1225,0.02558361560339108
7722,8861,1139,0.1139,0.025407776456419378
7586,8793,1207,0.1207,0.022258229553559796
7668,8834,1166,0.1166,0.021432722390303388
7642,8821,1179,0.1179,0.020600334198959173
7650,8825,1175,0.1175,0.018088026793743484
7670,8835,1165,0.1165,0.018888502518739553
7706,8853,1147,0.1147,0.018923203827161342
7732,8866,1134,0.1134,0.020026052528666332
7554,8777,1223,0.1223,0.02350204903851263
7786,8893,1107,0.1107,0.024477065909840168
7734,8867,1133,0.1133,0.024411743344087154
7688,8844,1156,0.1156,0.024030242735613137
7484,8742,1258,0.1258,0.021301456073811276
7796,8898,1102,0.1102,0.016418564650183542
7588,8794,1206,0.1206,0.016559825680265202
7706,8853,1147,0.1147,0.016703069495921954
7540,8770,1230,0.123,0.019244604342617093
7694,8847,1153,0.1153,0.024670515075838194
7620,8810,1190,0.119,0.02554416132783517
7662,8831,1169,0.1169,0.026546502209827304
7432,8716,1284,0.1284,0.02798224434107542
7640,8820,1180,0.118,0.022168894572928546
7494,8747,1253,0.1253,0.02177766682119109
7632,8816,1184,0.1184,0.020404100631084294
7706,8853,1147,0.1147,0.0173218631955795
7656,8828,1172,0.1172,0.01808567013470456
7542,8771,1229,0.1229,0.01916971585811116
7856,8928,1072,0.1072,0.018901530907908453
7496,8748,1252,0.1252,0.02585283885449171
7768,8884,1116,0.1116,0.028595407960843294
7682,8841,1159,0.1159,0.029126451586093755
7626,8813,1187,0.1187,0.028502637081593275
7730,8865,1135,0.1135,0.024308504949393683
7546,8773,1227,0.1227,0.01845352084804326
7620,8810,1190,0.119,0.017478037056163884
7724,8862,1138,0.1138,0.017901158605329693
7624,8812,1188,0.1188,0.017979302106657997
7580,8790,1210,0.121,0.024696432388573886
7798,8899,1101,0.1101,0.025457244584476575
7698,8849,1151,0.1151,0.026427120317844673
7690,8845,1155,0.1155,0.030854077703133226
7516,8758,1242,0.1242,0.029189075468480586
7526,8763,1237,0.1237,0.027674371322151274
7530,8765,1235,0.1235,0.027166408599168062
7500,8750,1250,0.125,0.02153522177776322
7584,8792,1208,0.1208,0.01941353142480366
7772,8886,1114,0.1114,0.01925916315265931
7560,8780,1220,0.122,0.01986910655950196
7560,8780,1220,0.122,0.02275209659826942
7782,8891,1109,0.1109,0.0247535404285416
7704,8852,1148,0.1148,0.025348915599286558
7560,8780,1220,0.122,0.026322385197412222
7648,8824,1176,0.1176,0.025091024963650854
7672,8836,1164,0.1164,0.02166752029196359
7486,8743,1257,0.1257,0.020768698714021594
7632,8816,1184,0.1184,0.02008481874917634
7760,8880,1120,0.112,0.019348743982426822
7356,8678,1322,0.1322,0.022978457184229046
7694,8847,1153,0.1153,0.024057587079377846
7532,8766,1234,0.1234,0.02634467786476016
7752,8876,1124,0.1124,0.029363441480789332
7636,8818,1182,0.1182,0.028767137369979174
7672,8836,1164,0.1164,0.026305956200230865
7578,8789,1211,0.1211,0.025542389999795707
7532,8766,1234,0.1234,0.019344422933645546
7618,8809,1191,0.1191,0.017730474808532744
7654,8827,1173,0.1173,0.017460244012367912
7768,8884,1116,0.1116,0.01819754989191424
7642,8821,1179,0.1179,0.02144884589482099
7814,8907,1093,0.1093,0.023286601043399423
7752,8876,1124,0.1124,0.023487455956544726
7710,8855,1145,0.1145,0.023674341877736153
7746,8873,1127,0.1127,0.021178953984333202
7418,8709,1291,0.1291,0.019611893646558746
7556,8778,1222,0.1222,0.018267541791358963
7586,8793,1207,0.1207,0.018098001166991888
7838,8919,1081,0.1081,0.01801396428225562
7596,8798,1202,0.1202,0.020684217072837054
7610,8805,1195,0.1195,0.021253643886744975
7510,8755,1245,0.1245,0.022561965429317207
7756,8878,1122,0.1122,0.023254699948895723
7748,8874,1126,0.1126,0.022965157149359584
7390,8695,1305,0.1305,0.022849066518573092
7662,8831,1169,0.1169,0.022144034212175756
7566,8783,1217,0.1217,0.019086835624836384
7826,8913,1087,0.1087,0.017974727364303545
7678,8839,1161,0.1161,0.01815527346720919
7754,8877,1123,0.1123,0.017673396378103643
7544,8772,1228,0.1228,0.02003791673979722
7648,8824,1176,0.1176,0.021710061891470105
7740,8870,1130,0.113,0.022558010864630343
7702,8851,1149,0.1149,0.022226722013298422
7624,8812,1188,0.1188,0.02114921539807692
7504,8752,1248,0.1248,0.019030665803933516
7664,8832,1168,0.1168,0.01786873810694087
7896,8948,1052,0.1052,0.016861635698238387
7802,8901,1099,0.1099,0.017068667430989445
7652,8826,1174,0.1174,0.019074138031946495
7614,8807,1193,0.1193,0.020114641811745243
7456,8728,1272,0.1272,0.02126208292655647
7644,8822,1178,0.1178,0.023472812027484177
7810,8905,1095,0.1095,0.02235651372624561
7802,8901,1099,0.1099,0.021274532094527968
7496,8748,1252,0.1252,0.02072141224835068
7792,8896,1104,0.1104,0.015837664660671727
7630,8815,1185,0.1185,0.01476704930625856
7594,8797,1203,0.1203,0.015511569642229005
7450,8725,1275,0.1275,0.016931942740036173
7574,8787,1213,0.1213,0.023203766693966465
7708,8854,1146,0.1146,0.026647300825361164
7646,8823,1177,0.1177,0.028146232932806017
7836,8918,1082,0.1082,0.0280122609349899
7468,8734,1266,0.1266,0.024085543204657733
7702,8851,1149,0.1149,0.01940165147501975
7672,8836,1164,0.1164,0.0178480100491317
7820,8910,1090,0.109,0.01575906477868557
7554,8777,1223,0.1223,0.014557240171078593
7806,8903,1097,0.1097,0.01606516813344788
7720,8860,1140,0.114,0.017570935860741883
7568,8784,1216,0.1216,0.02014410903379321
7668,8834,1166,0.1166,0.02827880810853094
7576,8788,1212,0.1212,0.029322808414697647
7704,8852,1148,0.1148,0.02894283052533865
7406,8703,1297,0.1297,0.028420098190754653
7616,8808,1192,0.1192,0.021802605428081007
7524,8762,1238,0.1238,0.018608682057540862
7574,8787,1213,0.1213,0.01761398187119048
7592,8796,1204,0.1204,0.017376851884415373
7680,8840,1160,0.116,0.020303280943632127
7540,8770,1230,0.123,0.022826403942611068
7864,8932,1068,0.1068,0.023014305663923734
7610,8805,1195,0.1195,0.026219640170689673
7732,8866,1134,0.1134,0.025932127966731788
7614,8807,1193,0.1193,0.024925039321463557
7560,8780,1220,0.122,0.023656148091796787
7522,8761,1239,0.1239,0.021092781470762566
7764,8882,1118,0.1118,0.017633141926489772
7582,8791,1209,0.1209,0.01855279150204733
7442,8721,1279,0.1279,0.019229996859747918
7706,8853,1147,0.1147,0.021000617700861767
7762,8881,1119,0.1119,0.025058355700504034
7728,8864,1136,0.1136,0.02661998853115365
7552,8776,1224,0.1224,0.02729241268504411
7558,8779,1221,0.1221,0.02686366233229637
7530,8765,1235,0.1235,0.022790013860119508
7566,8783,1217,0.1217,0.021816878448380157
7614,8807,1193,0.1193,0.020537399041512982
7648,8824,1176,0.1176,0.018937746214680373
7714,8857,1143,0.1143,0.019937809405475855
7516,8758,1242,0.1242,0.021251896294346078
7480,8740,1260,0.126,0.022541777394292875
7626,8813,1187,0.1187,0.02420574508421123
7542,8771,1229,0.1229,0.025075410530716182
7522,8761,1239,0.1239,0.025244770970288665
7520,8760,1240,0.124,0.024745112879108636
7386,8693,1307,0.1307,0.02306167114311829
7726,8863,1137,0.1137,0.019788143141102044
7740,8870,1130,0.113,0.019392415598081424
7572,8786,1214,0.1214,0.01921890285918489
7532,8766,1234,0.1234,0.01850686781941913
7674,8837,1163,0.1163,0.01783673299443908
7732,8866,1134,0.1134,0.017804902827413753
7562,8781,1219,0.1219,0.01949607309773564
7714,8857,1143,0.1143,0.020535941487457604
7664,8832,1168,0.1168,0.020567868027091027
7674,8837,1163,0.1163,0.021024941852269694
7632,8816,1184,0.1184,0.019306335160275922
7524,8762,1238,0.1238,0.019110362261952833
7754,8877,1123,0.1123,0.018479447102546693
7620,8810,1190,0.119,0.017513350202795118
7742,8871,1129,0.1129,0.01828884286810644
7562,8781,1219,0.1219,0.019484008512599394
7564,8782,1218,0.1218,0.020136280164821073
7586,8793,1207,0.1207,0.02407210723357275
7730,8865,1135,0.1135,0.02443911058148369
7720,8860,1140,0.114,0.02466533505311236
7626,8813,1187,0.1187,0.02427155878935009
7470,8735,1265,0.1265,0.021152938807662575
7534,8767,1233,0.1233,0.01913425162001513
7604,8802,1198,0.1198,0.01879455702039413
7652,8826,1174,0.1174,0.020903321486059577
7722,8861,1139,0.1139,0.02166196751538664
7578,8789,1211,0.1211,0.02236738690920174
7484,8742,1258,0.1258,0.024454126719292254
7658,8829,1171,0.1171,0.026122047418076545
7690,8845,1155,0.1155,0.024753628543764353
7568,8784,1216,0.1216,0.025160462311748417
7628,8814,1186,0.1186,0.023551154585089534
7664,8832,1168,0.1168,0.017632911021402107
7914,8957,1043,0.1043,0.017485600279830395
7684,8842,1158,0.1158,0.017656112348241732
7680,8840,1160,0.116,0.020420791061082855
7748,8874,1126,0.1126,0.020975267571397126
7686,8843,1157,0.1157,0.021431440330296755
7746,8873,1127,0.1127,0.022617499569710344
7566,8783,1217,0.1217,0.02281709328852594
7566,8783,1217,0.1217,0.021450916766328737
7650,8825,1175,0.1175,0.021056992263300343
7632,8816,1184,0.1184,0.019855544728878887
7506,8753,1247,0.1247,0.01862645446411334
7692,8846,1154,0.1154,0.01746304934299551
7706,8853,1147,0.1147,0.017296016553835943
7628,8814,1186,0.1186,0.017638573091989383
7758,8879,1121,0.1121,0.018189595669042317
7640,8820,1180,0.118,0.01938173688892275
7686,8843,1157,0.1157,0.01931362550612539
7552,8776,1224,0.1224,0.019660376696009188
7876,8938,1062,0.1062,0.017951141554815694
7736,8868,1132,0.1132,0.01600572885177098
7786,8893,1107,0.1107,0.01583011274333112
7638,8819,1181,0.1181,0.015546124293189495
7928,8964,1036,0.1036,0.014776597009319811
7722,8861,1139,0.1139,0.016686463638348505
7780,8890,1110,0.111,0.016817392512457445
7822,8911,1089,0.1089,0.018140527487080543
7606,8803,1197,0.1197,0.01871383254863322
7926,8963,1037,0.1037,0.017563496970804407
7418,8709,1291,0.1291,0.01832008775616996
7556,8778,1222,0.1222,0.017133135060966014
7526,8763,1237,0.1237,0.016603174896119163
7680,8840,1160,0.116,0.01628549999445677
7568,8784,1216,0.1216,0.016373735731234774
7640,8820,1180,0.118,0.017551633242936807
7658,8829,1171,0.1171,0.018413577709021047
7592,8796,1204,0.1204,0.01860450198613107
7428,8714,1286,0.1286,0.018695334207452834
7892,8946,1054,0.1054,0.017272884647548198
7540,8770,1230,0.123,0.016844652943871916
7906,8953,1047,0.1047,0.015321909399097786
7558,8779,1221,0.1221,0.0162010261840187
7798,8899,1101,0.1101,0.015180266925040632
7762,8881,1119,0.1119,0.015531147169275209
7490,8745,1255,0.1255,0.016610883649159223
7852,8926,1074,0.1074,0.016457345810020344
7736,8868,1132,0.1132,0.016735118197696283
7502,8751,1249,0.1249,0.018258703927649184
7694,8847,1153,0.1153,0.018725369238015266
7532,8766,1234,0.1234,0.019066272921301426
7656,8828,1172,0.1172,0.018967199125885962
7584,8792,1208,0.1208,0.018962015940155834
7500,8750,1250,0.125,0.017997961059585215
7514,8757,1243,0.1243,0.017345115763926878
7616,8808,1192,0.1192,0.016891970350313933
7770,8885,1115,0.1115,0.017082063873112202
7764,8882,1118,0.1118,0.018133955369051546
7498,8749,1251,0.1251,0.018990055588819086
7490,8745,1255,0.1255,0.018767745082220063
7680,8840,1160,0.116,0.018187350391037763
7574,8787,1213,0.1213,0.017357568517001345
7666,8833,1167,0.1167,0.016906143444310875
7430,8715,1285,0.1285,0.016636680426821114
7498,8749,1251,0.1251,0.016060340997669845
7660,8830,1170,0.117,0.016577807111339642
7682,8841,1159,0.1159,0.017136394480336457
7612,8806,1194,0.1194,0.01763091386416927
7650,8825,1175,0.1175,0.017461906660813837
7866,8933,1067,0.1067,0.016456263669161125
7552,8776,1224,0.1224,0.01661266898466274
7800,8900,1100,0.11,0.015624017618829384
7654,8827,1173,0.1173,0.014169430693099274
7826,8913,1087,0.1087,0.013134125265432521
7542,8771,1229,0.1229,0.01384193149781786
7656,8828,1172,0.1172,0.013717089867265895
7688,8844,1156,0.1156,0.0159812404751312
7730,8865,1135,0.1135,0.017174615692766383
7692,8846,1154,0.1154,0.017837243412807582
7688,8844,1156,0.1156,0.017307330377073958
7616,8808,1192,0.1192,0.015100693611893803
7526,8763,1237,0.1237,0.013728133075591177
7748,8874,1126,0.1126,0.013243383081047796
7744,8872,1128,0.1128,0.013249877974158154
7664,8832,1168,0.1168,0.015285524041438476
7504,8752,1248,0.1248,0.017361995595227928
7666,8833,1167,0.1167,0.017612118238024412
7620,8810,1190,0.119,0.017896826307009905
7816,8908,1092,0.1092,0.017068339340947567
7634,8817,1183,0.1183,0.016070060393353923
7674,8837,1163,0.1163,0.0148629778011702
7412,8706,1294,0.1294,0.014979337580362335
7618,8809,1191,0.1191,0.014944456649338826
7686,8843,1157,0.1157,0.0170018566721119
7640,8820,1180,0.118,0.01803650506590493
7666,8833,1167,0.1167,0.018919531708210705
7594,8797,1203,0.1203,0.019588026813138277
7550,8775,1225,0.1225,0.018178315474977717
7754,8877,1123,0.1123,0.016907190847583114
7802,8901,1099,0.1099,0.016580450537754223
7638,8819,1181,0.1181,0.015569832663843408
7606,8803,1197,0.1197,0.016167407757416367
7726,8863,1137,0.1137,0.015951452713599427
7908,8954,1046,0.1046,0.016006540332548322
7744,8872,1128,0.1128,0.01718937591421418
7652,8826,1174,0.1174,0.017989898834656924
7560,8780,1220,0.122,0.017356691196141763
7748,8874,1126,0.1126,0.016674390522949396
7890,8945,1055,0.1055,0.014617200893629343
7756,8878,1122,0.1122,0.014203042871574872
7588,8794,1206,0.1206,0.014003143402328715
7906,8953,1047,0.1047,0.013684351871209218
7556,8778,1222,0.1222,0.015558057716768235
7668,8834,1166,0.1166,0.01721854466125369
7598,8799,1201,0.1201,0.01771417384054512
7816,8908,1092,0.1092,0.017065237858053296
7760,8880,1120,0.112,0.01651715769674629
7676,8838,1162,0.1162,0.015519817202584819
7732,8866,1134,0.1134,0.014710309919156134
7718,8859,1141,0.1141,0.013984583124751225
7582,8791,1209,0.1209,0.013328789523756131
7630,8815,1185,0.1185,0.013748670060606673
7772,8886,1114,0.1114,0.014484413205180317
7826,8913,1087,0.1087,0.014399554676981643
7816,8908,1092,0.1092,0.015305207160394638
7512,8756,1244,0.1244,0.015509127210173756
7706,8853,1147,0.1147,0.01457708717789501
7656,8828,1172,0.1172,0.014437753519648686
7726,8863,1137,0.1137,0.01234948208038695
7572,8786,1214,0.1214,0.012480596927227453
7576,8788,1212,0.1212,0.012272753685654607
7592,8796,1204,0.1204,0.012191817533550784
7666,8833,1167,0.1167,0.013565296707255765
7670,8835,1165,0.1165,0.01442797197070904
7558,8779,1221,0.1221,0.015104374320665375
7722,8861,1139,0.1139,0.0146617217767518
7870,8935,1065,0.1065,0.012297489034757018
7560,8780,1220,0.122,0.011229549237480388
7606,8803,1197,0.1197,0.01010830736544449
7624,8812,1188,0.1188,0.009935987494490109
7628,8814,1186,0.1186,0.009523794247326441
7472,8736,1264,0.1264,0.010925586620508692
7704,8852,1148,0.1148,0.012074512335378677
7738,8869,1131,0.1131,0.011926973220705985
7868,8934,1066,0.1066,0.012446545824268834
7676,8838,1162,0.1162,0.012755740984575823
7564,8782,1218,0.1218,0.011066476769628934
7522,8761,1239,0.1239,0.010788174844253809
7730,8865,1135,0.1135,0.0082190653384896
7694,8847,1153,0.1153,0.008468210262805224
7632,8816,1184,0.1184,0.009198604626941961
7366,8683,1317,0.1317,0.009937409358145669
7664,8832,1168,0.1168,0.013312540050689131
7860,8930,1070,0.107,0.014142587935598567
7716,8858,1142,0.1142,0.014093275422882289
7820,8910,1090,0.109,0.013854404915357008
7758,8879,1121,0.1121,0.009536854399018921
7590,8795,1205,0.1205,0.008463187286222819
7698,8849,1151,0.1151,0.007230769970628898
7512,8756,1244,0.1244,0.007386804082349409
7752,8876,1124,0.1124,0.009709380079313996
7680,8840,1160,0.116,0.010774671320407651
7538,8769,1231,0.1231,0.01311913552125916
7506,8753,1247,0.1247,0.013806319893617183
7766,8883,1117,0.1117,0.013286607378162443
7704,8852,1148,0.1148,0.013095352864987217
7476,8738,1262,0.1262,0.011611309921450447
7622,8811,1189,0.1189,0.010688476659194566
7592,8796,1204,0.1204,0.007788388451712672
7580,8790,1210,0.121,0.007726231892697979
7474,8737,1263,0.1263,0.008561265856912359
7814,8907,1093,0.1093,0.008543005314993206
7716,8858,1142,0.1142,0.011378072328842245
7566,8783,1217,0.1217,0.011749267010809854
7702,8851,1149,0.1149,0.012034458983456717
7632,8816,1184,0.1184,0.011608594236383215
7660,8830,1170,0.117,0.00894694824506296
7876,8938,1062,0.1062,0.00809049735814333
7672,8836,1164,0.1164,0.007160882851458154
7636,8818,1182,0.1182,0.006875988500914537
7556,8778,1222,0.1222,0.007500315107300412
7738,8869,1131,0.1131,0.007451814590708818
7576,8788,1212,0.1212,0.00919264452198986
7762,8881,1119,0.1119,0.009310695345629939
7792,8896,1104,0.1104,0.010886373792868108
7584,8792,1208,0.1208,0.010800200374261475
7690,8845,1155,0.1155,0.009845542171760462
7598,8799,1201,0.1201,0.009636936335545033
7842,8921,1079,0.1079,0.006060169381689047
7682,8841,1159,0.1159,0.0060491846647521014
7594,8797,1203,0.1203,0.0062051099263306245
7572,8786,1214,0.1214,0.006360325990570709
7596,8798,1202,0.1202,0.009865190858906135
7570,8785,1215,0.1215,0.010230370325827971
7708,8854,1146,0.1146,0.011384873285354116
7746,8873,1127,0.1127,0.011468822855409235
7790,8895,1105,0.1105,0.009153996403422206
7796,8898,1102,0.1102,0.008879357724438887
7648,8824,1176,0.1176,0.007355323190125637
7628,8814,1186,0.1186,0.007030640515882988
7716,8858,1142,0.1142,0.00649634724961652
7684,8842,1158,0.1158,0.006758430776483146
7870,8935,1065,0.1065,0.008137388633517548
7678,8839,1161,0.1161,0.008695745317649562
7746,8873,1127,0.1127,0.012021660212986172
7500,8750,1250,0.125,0.01250253061496187
7600,8800,1200,0.12,0.011974157284060493
7634,8817,1183,0.1183,0.011792690877895803
7728,8864,1136,0.1136,0.007699040090071503
7648,8824,1176,0.1176,0.0076289642923045905
7494,8747,1253,0.1253,0.0069682619561091995
7606,8803,1197,0.1197,0.006896463255654089
7526,8763,1237,0.1237,0.009414371402328835
7486,8743,1257,0.1257,0.009889470723213162
7688,8844,1156,0.1156,0.011408923971955665
7774,8887,1113,0.1113,0.011427719185105526
7600,8800,1200,0.12,0.01138441645798739
7838,8919,1081,0.1081,0.01118623112568166
7642,8821,1179,0.1179,0.009568893906037556
7776,8888,1112,0.1112,0.008973154262709431
7564,8782,1218,0.1218,0.007509286218660418
7532,8766,1234,0.1234,0.00714542628461495
7692,8846,1154,0.1154,0.008606089510023594
7568,8784,1216,0.1216,0.008993655207997654
7822,8911,1089,0.1089,0.013337221139948814
7798,8899,1101,0.1101,0.01350692209051922
7610,8805,1195,0.1195,0.013579974672896787
7590,8795,1205,0.1205,0.013494630485307425
7496,8748,1252,0.1252,0.009393004148744513
7642,8821,1179,0.1179,0.008791443779831752
7760,8880,1120,0.112,0.0077105359701672566
7488,8744,1256,0.1256,0.008071083415381144
7768,8884,1116,0.1116,0.010597897105768788
7676,8838,1162,0.1162,0.011044800178473816
7712,8856,1144,0.1144,0.012804069692152552
7668,8834,1166,0.1166,0.01349928881933447
7734,8867,1133,0.1133,0.013771781194396317
7676,8838,1162,0.1162,0.013701154619338922
7750,8875,1125,0.1125,0.011706485708639957
7646,8823,1177,0.1177,0.011525515164551326
7558,8779,1221,0.1221,0.008483961123914923
7516,8758,1242,0.1242,0.008715438890294172
7616,8808,1192,0.1192,0.009643159824365284
7692,8846,1154,0.1154,0.01001218054992496
7650,8825,1175,0.1175,0.016011747512221338
7662,8831,1169,0.1169,0.016185341490223073
7834,8917,1083,0.1083,0.016448651336086913
7812,8906,1094,0.1094,0.016369446834875272
7558,8779,1221,0.1221,0.011233842292055488
7610,8805,1195,0.1195,0.010281247794616501
7860,8930,1070,0.107,0.008826423710468226
7720,8860,1140,0.114,0.00823448374060099
7860,8930,1070,0.107,0.0100073394465202
7564,8782,1218,0.1218,0.010863652820483549
7558,8779,1221,0.1221,0.01324651893444825
7734,8867,1133,0.1133,0.013602235576463863
7558,8779,1221,0.1221,0.01651184546179138
7618,8809,1191,0.1191,0.016467614862835035
7410,8705,1295,0.1295,0.015381356303929351
7612,8806,1194,0.1194,0.014617590379761533
7722,8861,1139,0.1139,0.008846164474147373
7622,8811,1189,0.1189,0.008788996214309008
7660,8830,1170,0.117,0.00792111598199699
7586,8793,1207,0.1207,0.007888347261515447
7828,8914,1086,0.1086,0.0102998922365834
7696,8848,1152,0.1152,0.010901141900313088
7874,8937,1063,0.1063,0.012447138219187037
7576,8788,1212,0.1212,0.013167346213315613
7654,8827,1173,0.1173,0.012349729207949713
7626,8813,1187,0.1187,0.011889471268001944
7676,8838,1162,0.1162,0.01038991915100487
7630,8815,1185,0.1185,0.010080377508397215
7506,8753,1247,0.1247,0.00777796706284862
7828,8914,1086,0.1086,0.007781313330854755
7748,8874,1126,0.1126,0.008217836152855307
7754,8877,1123,0.1123,0.008711012985906564
7432,8716,1284,0.1284,0.012319542331132107
7656,8828,1172,0.1172,0.012052978605753743
7642,8821,1179,0.1179,0.012332586881751194
7668,8834,1166,0.1166,0.01205951517210342
7724,8862,1138,0.1138,0.010319599950849079
7470,8735,1265,0.1265,0.010087567573681008
7730,8865,1135,0.1135,0.009329535227455199
7714,8857,1143,0.1143,0.008960626495571342
7730,8865,1135,0.1135,0.009725530825182795
7514,8757,1243,0.1243,0.010561098417383619
7584,8792,1208,0.1208,0.011021205864427612
7676,8838,1162,0.1162,0.011414370578993112
7582,8791,1209,0.1209,0.012780049739591777
7788,8894,1106,0.1106,0.012633630921458826
7518,8759,1241,0.1241,0.012353693136805668
7774,8887,1113,0.1113,0.011566844632127322
7706,8853,1147,0.1147,0.009757405565562658
7650,8825,1175,0.1175,0.009896972403582185
7618,8809,1191,0.1191,0.010213264057249762
7664,8832,1168,0.1168,0.010142426351550967
7414,8707,1293,0.1293,0.013300500287022442
7570,8785,1215,0.1215,0.013494070727750659
7726,8863,1137,0.1137,0.013851582190301269
7802,8901,1099,0.1099,0.013579598666820675
7654,8827,1173,0.1173,0.012370224020816386
7680,8840,1160,0.116,0.011835075187613257
7518,8759,1241,0.1241,0.011462980272690765
7672,8836,1164,0.1164,0.010702412832551635
7656,8828,1172,0.1172,0.0110309209164232
7688,8844,1156,0.1156,0.01141607667307835
7690,8845,1155,0.1155,0.012133970558689908
7808,8904,1096,0.1096,0.012101758290966973
7712,8856,1144,0.1144,0.012909570879908279
7564,8782,1218,0.1218,0.012948126476723701
7658,8829,1171,0.1171,0.012290196201158687
7624,8812,1188,0.1188,0.011867201165365987
7536,8768,1232,0.1232,0.010918023127969355
7792,8896,1104,0.1104,0.011006679355213418
7586,8793,1207,0.1207,0.011593934087269008
7644,8822,1178,0.1178,0.01183383023829665
7628,8814,1186,0.1186,0.014801064136298373
7532,8766,1234,0.1234,0.015195560074271634
7644,8822,1178,0.1178,0.015498061169497668
7494,8747,1253,0.1253,0.01548982084132731
7562,8781,1219,0.1219,0.01373864186112769
7618,8809,1191,0.1191,0.013159255504049361
7682,8841,1159,0.1159,0.012450019637355581
7814,8907,1093,0.1093,0.012074281390663237
7464,8732,1268,0.1268,0.012629569940431976
7622,8811,1189,0.1189,0.012933933853916824
7708,8854,1146,0.1146,0.013700198811199516
7726,8863,1137,0.1137,0.014004092215467244
7626,8813,1187,0.1187,0.016657535780221226
7744,8872,1128,0.1128,0.016104884444642812
7760,8880,1120,0.112,0.015553648492274806
7668,8834,1166,0.1166,0.014948364811204373
7700,8850,1150,0.115,0.013699989038472995
7498,8749,1251,0.1251,0.014260960656567477
7542,8771,1229,0.1229,0.01484819633453153
7668,8834,1166,0.1166,0.015261661224067212
7746,8873,1127,0.1127,0.018931969065684826
7716,8858,1142,0.1142,0.01929547200440429
7636,8818,1182,0.1182,0.019351765131112187
7766,8883,1117,0.1117,0.019089590134983882
7482,8741,1259,0.1259,0.016306072707241402
7664,8832,1168,0.1168,0.015779999273270368
7720,8860,1140,0.114,0.015775308788800613
7546,8773,1227,0.1227,0.015757122592255472
7752,8876,1124,0.1124,0.019007194280810654
7620,8810,1190,0.119,0.01948138211797923
7784,8892,1108,0.1108,0.01972312911255285
7802,8901,1099,0.1099,0.019591632624343037
7696,8848,1152,0.1152,0.01755802289582789
7534,8767,1233,0.1233,0.01743503675018437
7448,8724,1276,0.1276,0.01742962462552823
7620,8810,1190,0.119,0.016956634603161366
7700,8850,1150,0.115,0.018167371335439383
7524,8762,1238,0.1238,0.01886378572145477
7692,8846,1154,0.1154,0.018885176773369313
7584,8792,1208,0.1208,0.018927520931884646
7678,8839,1161,0.1161,0.01985296784872189
7726,8863,1137,0.1137,0.020021199761424215
7630,8815,1185,0.1185,0.020251172386622055
7642,8821,1179,0.1179,0.019654936179053038
7608,8804,1196,0.1196,0.01749011976160109
7554,8777,1223,0.1223,0.017622180549334735
7612,8806,1194,0.1194,0.017660974648362027
7586,8793,1207,0.1207,0.017736076721083373
7552,8776,1224,0.1224,0.02387976563340053
7766,8883,1117,0.1117,0.023976801887061448
7706,8853,1147,0.1147,0.024855992158781738
7720,8860,1140,0.114,0.025008255081065
7698,8849,1151,0.1151,0.0204103843214456
7986,8993,1007,0.1007,0.019170476627675816
7566,8783,1217,0.1217,0.01899685747870244
7548,8774,1226,0.1226,0.017785987319098785
7598,8799,1201,0.1201,0.022187774406559765
7622,8811,1189,0.1189,0.022529691286338492
7814,8907,1093,0.1093,0.02420648334752768
7510,8755,1245,0.1245,0.027406864109216257
7590,8795,1205,0.1205,0.029635155985690654
7664,8832,1168,0.1168,0.028626240376755596
7746,8873,1127,0.1127,0.027598483930062503
7560,8780,1220,0.122,0.026255618836311622
7924,8962,1038,0.1038,0.018064357920293695
7476,8738,1262,0.1262,0.0187447215043474
7582,8791,1209,0.1209,0.01930439185129944
7768,8884,1116,0.1116,0.020380133444513195
7562,8781,1219,0.1219,0.031276427682023496
7774,8887,1113,0.1113,0.03145731825158
7732,8866,1134,0.1134,0.03268671840345487
7766,8883,1117,0.1117,0.03274013470523059
7728,8864,1136,0.1136,0.025521271666372195
7516,8758,1242,0.1242,0.02551083547123708
7882,8941,1059,0.1059,0.023342168456688524
7556,8778,1222,0.1222,0.022610394750814885
7728,8864,1136,0.1136,0.02420769261145033
7618,8809,1191,0.1191,0.025423645331151785
7532,8766,1234,0.1234,0.026934896439220757
7608,8804,1196,0.1196,0.02934429337931797
7634,8817,1183,0.1183,0.034040749674662946
7640,8820,1180,0.118,0.03420562421763316
7736,8868,1132,0.1132,0.03318484578458592
7548,8774,1226,0.1226,0.03265457217395305
7630,8815,1185,0.1185,0.025276859633065762
7716,8858,1142,0.1142,0.02516680153324269
7438,8719,1281,0.1281,0.025976273288344964
7768,8884,1116,0.1116,0.025709791368991135
7910,8955,1045,0.1045,0.0328229654122144
7728,8864,1136,0.1136,0.03372546882955357
7600,8800,1200,0.12,0.03541249300362542
7640,8820,1180,0.118,0.035339375880174335
7736,8868,1132,0.1132,0.03214828176004812
7398,8699,1301,0.1301,0.032829080577287825
7722,8861,1139,0.1139,0.031126453554350883
7542,8771,1229,0.1229,0.031411923364456744
7680,8840,1160,0.116,0.03191388450311497
7688,8844,1156,0.1156,0.03339778246087954
7478,8739,1261,0.1261,0.03462579781413078
7812,8906,1094,0.1094,0.03492382807601243
7706,8853,1147,0.1147,0.03588258309047669
7688,8844,1156,0.1156,0.036680817187950014
7766,8883,1117,0.1117,0.03510616997908801
7686,8843,1157,0.1157,0.03434492271421477
7770,8885,1115,0.1115,0.028829507737699895
7788,8894,1106,0.1106,0.028302385809179396
7660,8830,1170,0.117,0.028874650723300876
7704,8852,1148,0.1148,0.029119628375954925
7614,8807,1193,0.1193,0.038064021428115664
7586,8793,1207,0.1207,0.03922970126308501
7710,8855,1145,0.1145,0.04098424488790333
7608,8804,1196,0.1196,0.04192028698287904
7650,8825,1175,0.1175,0.0376247806398198
7616,8808,1192,0.1192,0.03657543361680582
7580,8790,1210,0.121,0.033140955068171024
7542,8771,1229,0.1229,0.032566272758878766
7576,8788,1212,0.1212,0.03219775543045252
7586,8793,1207,0.1207,0.032548314522579315
7546,8773,1227,0.1227,0.035888890464231375
7586,8793,1207,0.1207,0.036859595698677
7584,8792,1208,0.1208,0.042977689278684554
7602,8801,1199,0.1199,0.04241822112835944
7594,8797,1203,0.1203,0.040447865756228565
7644,8822,1178,0.1178,0.039402709691785276
7596,8798,1202,0.1202,0.028116067003505305
7626,8813,1187,0.1187,0.026865982870478183
7640,8820,1180,0.118,0.024971855310630054
7668,8834,1166,0.1166,0.024701465779775753
7624,8812,1188,0.1188,0.029959704918367788
7492,8746,1254,0.1254,0.030922454662295058
7816,8908,1092,0.1092,0.03307318521719426
7706,8853,1147,0.1147,0.03348194034919143
7718,8859,1141,0.1141,0.031153385236859323
7696,8848,1152,0.1152,0.030150435296259822
7854,8927,1073,0.1073,0.025947835913673042
7830,8915,1085,0.1085,0.024500144729809836
7458,8729,1271,0.1271,0.021506394286314026
7540,8770,1230,0.123,0.022158294066321103
7570,8785,1215,0.1215,0.024428302043303846
7384,8692,1308,0.1308,0.026224060862883924
7842,8921,1079,0.1079,0.03443157899081707
7400,8700,1300,0.13,0.0370653334248811
7738,8869,1131,0.1131,0.03684730786373839
7608,8804,1196,0.1196,0.03674627637565136
7724,8862,1138,0.1138,0.028190920119872318
7604,8802,1198,0.1198,0.028211561131477356
7552,8776,1224,0.1224,0.023395614702813327
7712,8856,1144,0.1144,0.02186695810689125
7654,8827,1173,0.1173,0.02189125614934601
7820,8910,1090,0.109,0.022632444353215396
7578,8789,1211,0.1211,0.02719863681625575
7730,8865,1135,0.1135,0.02915771326343529
7746,8873,1127,0.1127,0.033937254122644665
7636,8818,1182,0.1182,0.03437493392471224
7534,8767,1233,0.1233,0.0330133976303041
7686,8843,1157,0.1157,0.030802688544616104
7680,8840,1160,0.116,0.024108646681904794
7552,8776,1224,0.1224,0.024069921425683424
7606,8803,1197,0.1197,0.022662677673390134
7734,8867,1133,0.1133,0.02218227081471123
7616,8808,1192,0.1192,0.026781843590177594
7702,8851,1149,0.1149,0.027647896245587618
7514,8757,1243,0.1243,0.031823272415064274
7680,8840,1160,0.116,0.03246671613408253
7438,8719,1281,0.1281,0.03352823606831953
7760,8880,1120,0.112,0.03230554803507402
7560,8780,1220,0.122,0.029855440657585858
7788,8894,1106,0.1106,0.027684784533176573
7648,8824,1176,0.1176,0.025812655127700417
7730,8865,1135,0.1135,0.02745777804236859
7550,8775,1225,0.1225,0.028412288488820193
7520,8760,1240,0.124,0.029986166795762256
7830,8915,1085,0.1085,0.03552032956071198
7666,8833,1167,0.1167,0.03599072079770267
7626,8813,1187,0.1187,0.03231953799193725
7738,8869,1131,0.1131,0.033309542492125185
7656,8828,1172,0.1172,0.029999827613215894
7762,8881,1119,0.1119,0.030324687495920807
7620,8810,1190,0.119,0.03135044610630721
7626,8813,1187,0.1187,0.03167069562403485
7576,8788,1212,0.1212,0.03574865176361054
7372,8686,1314,0.1314,0.037583160429261624
7546,8773,1227,0.1227,0.04036675356887281
7378,8689,1311,0.1311,0.04075265323910862
7644,8822,1178,0.1178,0.03915200348328799
7646,8823,1177,0.1177,0.03783018644368276
7500,8750,1250,0.125,0.034783363651297985
7826,8913,1087,0.1087,0.03214137591915205
7492,8746,1254,0.1254,0.030495902823098005
7510,8755,1245,0.1245,0.03098893676120788
7944,8972,1028,0.1028,0.030086843425035478
7658,8829,1171,0.1171,0.03366824650382623
7560,8780,1220,0.122,0.03298711454994045
7762,8881,1119,0.1119,0.035536908589117226
7676,8838,1162,0.1162,0.03480684335213154
7748,8874,1126,0.1126,0.03418728560665622
7718,8859,1141,0.1141,0.033687695830315355
7724,8862,1138,0.1138,0.03291636067917571
7526,8763,1237,0.1237,0.03334953813916072
7634,8817,1183,0.1183,0.03390410339087248
7650,8825,1175,0.1175,0.03379601953448728
7940,8970,1030,0.103,0.035287109826877716
7570,8785,1215,0.1215,0.036822657255083324
7420,8710,1290,0.129,0.038446590071357784
7674,8837,1163,0.1163,0.03801425609700382
7696,8848,1152,0.1152,0.038527945897914466
7580,8790,1210,0.121,0.037638439340144395
7710,8855,1145,0.1145,0.03700418592626229
7702,8851,1149,0.1149,0.035620746492035685
7830,8915,1085,0.1085,0.03558489762619138
7828,8914,1086,0.1086,0.03644880004674196
7554,8777,1223,0.1223,0.038045434690080586
7512,8756,1244,0.1244,0.04013299295436591
7676,8838,1162,0.1162,0.040999665380083025
7544,8772,1228,0.1228,0.04440977837108075
7750,8875,1125,0.1125,0.04425989715754986
7722,8861,1139,0.1139,0.04277368668653071
7598,8799,1201,0.1201,0.04139295205958188
7638,8819,1181,0.1181,0.03754644698873162
7850,8925,1075,0.1075,0.03599334756042808
7680,8840,1160,0.116,0.036975795289315286
7554,8777,1223,0.1223,0.03827779761850834
7558,8779,1221,0.1221,0.0448956784747541
7612,8806,1194,0.1194,0.04541220100447536
7714,8857,1143,0.1143,0.049297068754956125
7708,8854,1146,0.1146,0.04935667747594416
7630,8815,1185,0.1185,0.04632900161072612
7670,8835,1165,0.1165,0.044744420601706955
7930,8965,1035,0.1035,0.039772657327447086
7614,8807,1193,0.1193,0.040438854322582485
7642,8821,1179,0.1179,0.042779501043260094
7592,8796,1204,0.1204,0.043335765033494685
7624,8812,1188,0.1188,0.0495549369905144
7628,8814,1186,0.1186,0.05170485407300293
7506,8753,1247,0.1247,0.05786430824995041
7676,8838,1162,0.1162,0.057047210597060624
7494,8747,1253,0.1253,0.05547998992856592
7854,8927,1073,0.1073,0.05333840681053698
7638,8819,1181,0.1181,0.04957763969283551
7548,8774,1226,0.1226,0.04998031928204
7346,8673,1327,0.1327,0.0510157950533554
7538,8769,1231,0.1231,0.050990384558402005
7678,8839,1161,0.1161,0.058126182646863166
7718,8859,1141,0.1141,0.060702123910933735
7636,8818,1182,0.1182,0.0635754683058709
7768,8884,1116,0.1116,0.06216174125745893
7582,8791,1209,0.1209,0.05741021639816463
7626,8813,1187,0.1187,0.057084911296516654
7650,8825,1175,0.1175,0.053312478768825534
7718,8859,1141,0.1141,0.052757583943009376
7600,8800,1200,0.12,0.05607892893739045
7664,8832,1168,0.1168,0.05785164074189961
7730,8865,1135,0.1135,0.06261600129827857
7556,8778,1222,0.1222,0.06284868293814361
7512,8756,1244,0.1244,0.06404206061288714
7640,8820,1180,0.118,0.06261114749610425
7438,8719,1281,0.1281,0.058958468163199725
7622,8811,1189,0.1189,0.05651670896485448
7708,8854,1146,0.1146,0.05152495025601238
7778,8889,1111,0.1111,0.05017790956497192
7700,8850,1150,0.115,0.05123836583141238
7588,8794,1206,0.1206,0.05148955071903765
7628,8814,1186,0.1186,0.05718380161225796
7726,8863,1137,0.1137,0.05719752265084535
7734,8867,1133,0.1133,0.05959007618054748
7664,8832,1168,0.1168,0.059161649930104615
7670,8835,1165,0.1165,0.05275708363968879
7620,8810,1190,0.119,0.050855456510279326
7592,8796,1204,0.1204,0.04576583703197539
7780,8890,1110,0.111,0.04399484106870368
7630,8815,1185,0.1185,0.04566656571030617
7698,8849,1151,0.1151,0.046148653803765774
7756,8878,1122,0.1122,0.0492192403357476
7666,8833,1167,0.1167,0.051946039901115
7618,8809,1191,0.1191,0.05407455373741686
7298,8649,1351,0.1351,0.05575594757478684
7872,8936,1064,0.1064,0.05058881655968726
7656,8828,1172,0.1172,0.050390056020766495
7672,8836,1164,0.1164,0.04213090792298317
7698,8849,1151,0.1151,0.0422501428630203
7582,8791,1209,0.1209,0.03952147625945508
7744,8872,1128,0.1128,0.04001168558662757
7630,8815,1185,0.1185,0.04637389008812606
7620,8810,1190,0.119,0.047527143567055466
7772,8886,1114,0.1114,0.049664626810885966
7682,8841,1159,0.1159,0.050760145941376685
7694,8847,1153,0.1153,0.04499207078572363
7620,8810,1190,0.119,0.04459900237899274
7632,8816,1184,0.1184,0.037652091835998
7684,8842,1158,0.1158,0.03516460361164063
7634,8817,1183,0.1183,0.0342059663079679
7624,8812,1188,0.1188,0.035882210922520606
7786,8893,1107,0.1107,0.039975364179722965
7652,8826,1174,0.1174,0.04267484292918816
7582,8791,1209,0.1209,0.052453825205750766
7578,8789,1211,0.1211,0.053884969860129056
7728,8864,1136,0.1136,0.050940969309769574
7568,8784,1216,0.1216,0.04961319357827306
7590,8795,1205,0.1205,0.03751528091961518
7652,8826,1174,0.1174,0.03664169074497186
7776,8888,1112,0.1112,0.03270399022828788
7628,8814,1186,0.1186,0.032971879585506396
7524,8762,1238,0.1238,0.03847607581540942
7526,8763,1237,0.1237,0.041344857416581365
7700,8850,1150,0.115,0.04433556932210922
7466,8733,1267,0.1267,0.04784248327109963
7614,8807,1193,0.1193,0.05170176370274276
7638,8819,1181,0.1181,0.05256358104441315
7688,8844,1156,0.1156,0.048345836117118596
7610,8805,1195,0.1195,0.04766106350570917
7838,8919,1081,0.1081,0.03605409470172599
7722,8861,1139,0.1139,0.03558679973324761
7560,8780,1220,0.122,0.03472492794264108
7682,8841,1159,0.1159,0.03563534832438454
7748,8874,1126,0.1126,0.04788842503670603
7862,8931,1069,0.1069,0.05040349161457271
7502,8751,1249,0.1249,0.058033441315591336
7678,8839,1161,0.1161,0.05885541227515787
7784,8892,1108,0.1108,0.05573653017617762
7522,8761,1239,0.1239,0.054039414525032047
7642,8821,1179,0.1179,0.04901054361052811
7608,8804,1196,0.1196,0.04645091742919758
7484,8742,1258,0.1258,0.04036872764993459
7640,8820,1180,0.118,0.040664230119250716
7594,8797,1203,0.1203,0.04470972922798246
7660,8830,1170,0.117,0.04650664654793218
7578,8789,1211,0.1211,0.0601801852574572
7602,8801,1199,0.1199,0.061092257806658744
7788,8894,1106,0.1106,0.060792754567228255
7474,8737,1263,0.1263,0.06070991225354373
7722,8861,1139,0.1139,0.04570701976306737
7460,8730,1270,0.127,0.0456211238482967
7564,8782,1218,0.1218,0.040374079451337454
7552,8776,1224,0.1224,0.04009622105401941
7606,8803,1197,0.1197,0.04712179930480197
7402,8701,1299,0.1299,0.049910766362585124
7724,8862,1138,0.1138,0.0560902384692803
7526,8763,1237,0.1237,0.05849783004075289
7398,8699,1301,0.1301,0.06750517641529441
7514,8757,1243,0.1243,0.06520093561932444
7682,8841,1159,0.1159,0.06044250043295324
7666,8833,1167,0.1167,0.05977600773721933
7516,8758,1242,0.1242,0.044741724543552845
7578,8789,1211,0.1211,0.043611242737527936
7670,8835,1165,0.1165,0.04108723494820297
7716,8858,1142,0.1142,0.0405865458142478
7468,8734,1266,0.1266,0.05401948643689975
7746,8873,1127,0.1127,0.05425686288559809
7562,8781,1219,0.1219,0.06131798760574311
7502,8751,1249,0.1249,0.06269367137756199
7472,8736,1264,0.1264,0.06552923138607293
7880,8940,1060,0.106,0.06191583150420338
7570,8785,1215,0.1215,0.05602851624526083
7822,8911,1089,0.1089,0.0536560725197196
7570,8785,1215,0.1215,0.03931165344985202
7534,8767,1233,0.1233,0.03793551860274747
7592,8796,1204,0.1204,0.039637050027586516
7440,8720,1280,0.128,0.0403412945875898
7584,8792,1208,0.1208,0.05696941160000861
7554,8777,1223,0.1223,0.057347443193756044
7656,8828,1172,0.1172,0.06025218771807849
7624,8812,1188,0.1188,0.059991309554874896
7576,8788,1212,0.1212,0.05140232162773609
7644,8822,1178,0.1178,0.04996637568380684
7620,8810,1190,0.119,0.04305982338842004
7756,8878,1122,0.1122,0.04070454368889332
7568,8784,1216,0.1216,0.03775556316152215
7546,8773,1227,0.1227,0.0385858500957489
7558,8779,1221,0.1221,0.04352724733855575
7576,8788,1212,0.1212,0.04485244361464866
7508,8754,1246,0.1246,0.06504155885204672
7600,8800,1200,0.12,0.06515107831768692
7534,8767,1233,0.1233,0.0665395000435412
7602,8801,1199,0.1199,0.06526002417430282
7576,8788,1212,0.1212,0.048441847458761185
7560,8780,1220,0.122,0.04471050484580919
7536,8768,1232,0.1232,0.03987290247594938
7702,8851,1149,0.1149,0.03692618243033066
7514,8757,1243,0.1243,0.03435648620827123
7700,8850,1150,0.115,0.03567045923089609
7648,8824,1176,0.1176,0.038577822958957404
7734,8867,1133,0.1133,0.04068441200191155
7540,8770,1230,0.123,0.05444306908212602
7628,8814,1186,0.1186,0.05485502853188664
7538,8769,1231,0.1231,0.05487853304240853
7610,8805,1195,0.1195,0.053859241000562906
7616,8808,1192,0.1192,0.03849926996398717
7792,8896,1104,0.1104,0.03541283848439343
7794,8897,1103,0.1103,0.03167326629729941
7764,8882,1118,0.1118,0.02893337862621993
7794,8897,1103,0.1103,0.028203776715416462
7752,8876,1124,0.1124,0.03128671840233728
7554,8777,1223,0.1223,0.03427101515787653
7604,8802,1198,0.1198,0.03526437878436409
7678,8839,1161,0.1161,0.04877832065690309
7768,8884,1116,0.1116,0.04916519074756652
7876,8938,1062,0.1062,0.0482230027846992
7598,8799,1201,0.1201,0.04899781721644104
7728,8864,1136,0.1136,0.033724093978572636
7648,8824,1176,0.1176,0.031662659562798214
7586,8793,1207,0.1207,0.030169266733387486
7716,8858,1142,0.1142,0.029760676331445576
7634,8817,1183,0.1183,0.03370176665680483
7616,8808,1192,0.1192,0.037455156083405015
7750,8875,1125,0.1125,0.039303443223331125
7450,8725,1275,0.1275,0.04147562416009605
7590,8795,1205,0.1205,0.05247248831912875
7572,8786,1214,0.1214,0.052857188749313354
7632,8816,1184,0.1184,0.05158682237584144
7484,8742,1258,0.1258,0.0525420855531469
7628,8814,1186,0.1186,0.04040616621058434
7520,8760,1240,0.124,0.039155901335086674
7654,8827,1173,0.1173,0.03842173688448965
7692,8846,1154,0.1154,0.03819444752605632
7504,8752,1248,0.1248,0.04741816977122799
7664,8832,1168,0.1168,0.050814581742556764
7642,8821,1179,0.1179,0.0532151651378721
7638,8819,1181,0.1181,0.05474890074916184
7828,8914,1086,0.1086,0.05841836999952793
7728,8864,1136,0.1136,0.057306142511591315
7574,8787,1213,0.1213,0.055745456974953415
7526,8763,1237,0.1237,0.055593663363158706
7678,8839,1161,0.1161,0.04550254424270243
7700,8850,1150,0.115,0.04687876764107496
7742,8871,1129,0.1129,0.04774239600393921
7632,8816,1184,0.1184,0.049066066815238445
7840,8920,1080,0.108,0.059567725112102926
7564,8782,1218,0.1218,0.06342857246100903
7738,8869,1131,0.1131,0.06285441895872354
7594,8797,1203,0.1203,0.06345020749010145
7554,8777,1223,0.1223,0.05578657263051719
7722,8861,1139,0.1139,0.05348799983877689
7514,8757,1243,0.1243,0.05255879483614117
7736,8868,1132,0.1132,0.051501966381445524
7898,8949,1051,0.1051,0.05096730211246759
7562,8781,1219,0.1219,0.05425020640045405
7800,8900,1100,0.11,0.05411111438423395
7532,8766,1234,0.1234,0.055826922647841275
7604,8802,1198,0.1198,0.058628311021625995
7724,8862,1138,0.1138,0.05922735704127699
7412,8706,1294,0.1294,0.05920604096055031
7538,8769,1231,0.1231,0.058264890603348614
7734,8867,1133,0.1133,0.050356778313033285
7566,8783,1217,0.1217,0.05022469009216875
7584,8792,1208,0.1208,0.049980826785042884
7730,8865,1135,0.1135,0.0491893665112555
7602,8801,1199,0.1199,0.046875416581332686
7640,8820,1180,0.118,0.04722102254368365
7730,8865,1135,0.1135,0.04657608893122524
7530,8765,1235,0.1235,0.047370256896875795
7488,8744,1256,0.1256,0.05034702171925455
7676,8838,1162,0.1162,0.05083824732694775
7554,8777,1223,0.1223,0.05081925292760134
7584,8792,1208,0.1208,0.05090704557187855
7546,8773,1227,0.1227,0.0454642458666116
7634,8817,1183,0.1183,0.04403591397535056
7682,8841,1159,0.1159,0.042749824753589925
7660,8830,1170,0.117,0.041721670011244716
7522,8761,1239,0.1239,0.0368146487897262
7898,8949,1051,0.1051,0.035820742797851565
7752,8876,1124,0.1124,0.03590092201940715
7678,8839,1161,0.1161,0.03729334903117269
7518,8759,1241,0.1241,0.03787196171823889
7744,8872,1128,0.1128,0.036165494739450514
7688,8844,1156,0.1156,0.03564676946420223
7588,8794,1206,0.1206,0.03652014868911356
7568,8784,1216,0.1216,0.03400963850282133
7676,8838,1162,0.1162,0.033135913753323254
7612,8806,1194,0.1194,0.03267479775324464
7808,8904,1096,0.1096,0.032811422696709634
7512,8756,1244,0.1244,0.033883389309048655
7586,8793,1207,0.1207,0.032956402940675616
7708,8854,1146,0.1146,0.03255113058965653
7758,8879,1121,0.1121,0.03276231398861855
7550,8775,1225,0.1225,0.03404327747989446
7522,8761,1239,0.1239,0.03344845862258226
7600,8800,1200,0.12,0.032895795071683824
7704,8852,1148,0.1148,0.03277730715498328
7614,8807,1193,0.1193,0.03460118926223368
7480,8740,1260,0.126,0.03497115815123543
7660,8830,1170,0.117,0.0344194615451619
7670,8835,1165,0.1165,0.0342556783342734
7732,8866,1134,0.1134,0.03731485395468771
7634,8817,1183,0.1183,0.03772730153463781
7528,8764,1236,0.1236,0.038043106451630594
7694,8847,1153,0.1153,0.03699759668707848
7742,8871,1129,0.1129,0.03317837545098737
7658,8829,1171,0.1171,0.03243357030740008
7788,8894,1106,0.1106,0.03256057487465441
7738,8869,1131,0.1131,0.03140592927644029
7664,8832,1168,0.1168,0.03353647876922041
7824,8912,1088,0.1088,0.03366769732516259
7610,8805,1195,0.1195,0.034399935544934125
7630,8815,1185,0.1185,0.034342293584067374
7634,8817,1183,0.1183,0.033450850066170094
7724,8862,1138,0.1138,0.03243045584168285
7496,8748,1252,0.1252,0.03309895327119157
7724,8862,1138,0.1138,0.032052790027670565
7648,8824,1176,0.1176,0.033433350248262286
7542,8771,1229,0.1229,0.03352632178049535
7550,8775,1225,0.1225,0.03532975580599159
7644,8822,1178,0.1178,0.034723677259590476
7892,8946,1054,0.1054,0.035433507531695066
7716,8858,1142,0.1142,0.035583690648898485
7486,8743,1257,0.1257,0.036951002909615636
7512,8756,1244,0.1244,0.03600548404734582
7504,8752,1248,0.1248,0.03150592154599726
7564,8782,1218,0.1218,0.03140571990860626
7470,8735,1265,0.1265,0.03260451414668933
7428,8714,1286,0.1286,0.03304730257261544
7526,8763,1237,0.1237,0.041959170259535314
7646,8823,1177,0.1177,0.04167356862630695
7476,8738,1262,0.1262,0.043349781972356144
7586,8793,1207,0.1207,0.0425846773121506
7620,8810,1190,0.119,0.03350885733217001
7436,8718,1282,0.1282,0.033035446585342285
7758,8879,1121,0.1121,0.03208946690317244
7808,8904,1096,0.1096,0.031188040292356164
7740,8870,1130,0.113,0.03138224308528006
7636,8818,1182,0.1182,0.032640416181832554
7644,8822,1178,0.1178,0.03317052793232724
7560,8780,1220,0.122,0.03417559636812657
7592,8796,1204,0.1204,0.04112641854137182
7626,8813,1187,0.1187,0.04067028529066592
7660,8830,1170,0.117,0.040271607900224625
7668,8834,1166,0.1166,0.04033202593177557
7654,8827,1173,0.1173,0.03270572239924222
7828,8914,1086,0.1086,0.03242005359074101
7408,8704,1296,0.1296,0.033052864949032666
7642,8821,1179,0.1179,0.03263935657953843
7684,8842,1158,0.1158,0.038090584359690545
7648,8824,1176,0.1176,0.038154631458874794
7590,8795,1205,0.1205,0.03895649546831846
7560,8780,1220,0.122,0.0398662583919242
7712,8856,1144,0.1144,0.04113426367007196
7668,8834,1166,0.1166,0.04066839070450515
7540,8770,1230,0.123,0.040908229713700714
7458,8729,1271,0.1271,0.041029476170986894
7672,8836,1164,0.1164,0.03479168774364516
7690,8845,1155,0.1155,0.034762350801564756
7512,8756,1244,0.1244,0.03536428070887923
7554,8777,1223,0.1223,0.035837455683760344
7718,8859,1141,0.1141,0.040063795607164505
7486,8743,1257,0.1257,0.04132154474109411
7488,8744,1256,0.1256,0.04207030700184405
7664,8832,1168,0.1168,0.04247306968718767
7696,8848,1152,0.1152,0.040276819952763616
7496,8748,1252,0.1252,0.041064615555852654
7718,8859,1141,0.1141,0.04033222190681845
7572,8786,1214,0.1214,0.03996346443099901
7750,8875,1125,0.1125,0.03257866518115625
7748,8874,1126,0.1126,0.03299598840130493
7784,8892,1108,0.1108,0.03304535191850737
7624,8812,1188,0.1188,0.03342771671395749
7442,8721,1279,0.1279,0.03893551608677953
7588,8794,1206,0.1206,0.0396760683035478
7582,8791,1209,0.1209,0.04007330767903477
7410,8705,1295,0.1295,0.041261597608216107
7632,8816,1184,0.1184,0.037797514829412106
7580,8790,1210,0.121,0.03722214996609837
7948,8974,1026,0.1026,0.03521037866314873
7494,8747,1253,0.1253,0.0355004912680015
7552,8776,1224,0.1224,0.027428590288572013
7852,8926,1074,0.1074,0.027435554314684123
7608,8804,1196,0.1196,0.02753132109642029
7560,8780,1220,0.122,0.02890667980797589
7594,8797,1203,0.1203,0.03519472928233445
7820,8910,1090,0.109,0.0351349131802097
7680,8840,1160,0.116,0.035342250868864354
7472,8736,1264,0.1264,0.03761688850820064
7646,8823,1177,0.1177,0.0321283410847187
7622,8811,1189,0.1189,0.031298612281680106
7644,8822,1178,0.1178,0.030837996506597846
7576,8788,1212,0.1212,0.03129432128900662
7490,8745,1255,0.1255,0.03367558961855248
7742,8871,1129,0.1129,0.033951086388714614
7690,8845,1155,0.1155,0.03451583122573793
7722,8861,1139,0.1139,0.035965061241574586
7540,8770,1230,0.123,0.039952838614024225
7658,8829,1171,0.1171,0.038745579982362686
7442,8721,1279,0.1279,0.03921671760007739
7720,8860,1140,0.114,0.03811132630296051
7740,8870,1130,0.113,0.035691179975122216
7616,8808,1192,0.1192,0.036182454892620446
7504,8752,1248,0.1248,0.036429928477853535
7574,8787,1213,0.1213,0.03654226704528555
7624,8812,1188,0.1188,0.045768834196217356
7564,8782,1218,0.1218,0.046760625998303294
7506,8753,1247,0.1247,0.047867874126881364
7536,8768,1232,0.1232,0.04801497602276504
7548,8774,1226,0.1226,0.046673493937589225
7660,8830,1170,0.117,0.046168523778952655
7672,8836,1164,0.1164,0.045243068601749835
7590,8795,1205,0.1205,0.043852856297045946
7560,8780,1220,0.122,0.042881251986697316
7602,8801,1199,0.1199,0.04285688570700586
7490,8745,1255,0.1255,0.044009875470399855
7670,8835,1165,0.1165,0.04562660189643502
7540,8770,1230,0.123,0.05395408225413412
7700,8850,1150,0.115,0.05295755141470581
7476,8738,1262,0.1262,0.05319872497953475
7684,8842,1158,0.1158,0.051455815929546955
7650,8825,1175,0.1175,0.046347376202233136
7608,8804,1196,0.1196,0.04617847983203828
7600,8800,1200,0.12,0.04623791308104992
7702,8851,1149,0.1149,0.0447254578307271
7744,8872,1128,0.1128,0.049704304966144267
7738,8869,1131,0.1131,0.05046408518180251
7632,8816,1184,0.1184,0.05203364088945091
7804,8902,1098,0.1098,0.05234201569668949
7510,8755,1245,0.1245,0.05321555615514517
7628,8814,1186,0.1186,0.05284662807658315
7732,8866,1134,0.1134,0.052375317869335414
7556,8778,1222,0.1222,0.050596490327827634
7676,8838,1162,0.1162,0.050643966071866456
7698,8849,1151,0.1151,0.051279122165217995
7636,8818,1182,0.1182,0.05159663493260741
7810,8905,1095,0.1095,0.051374871056340636
7528,8764,1236,0.1236,0.053567640445567666
7560,8780,1220,0.122,0.05356208140440285
7884,8942,1058,0.1058,0.051565813370980325
7392,8696,1304,0.1304,0.05411273499652743
7596,8798,1202,0.1202,0.053171662085317074
7648,8824,1176,0.1176,0.05325557093173265
7620,8810,1190,0.119,0.05220736355930567
7720,8860,1140,0.114,0.05209640102032572
7606,8803,1197,0.1197,0.047160653804242614
7662,8831,1169,0.1169,0.04680173561796546
7686,8843,1157,0.1157,0.04600268607288599
7590,8795,1205,0.1205,0.04639962251503021
7650,8825,1175,0.1175,0.04754970489367843
7492,8746,1254,0.1254,0.04793196257390082
7548,8774,1226,0.1226,0.04789204948171973
7820,8910,1090,0.109,0.047218031277693806
7804,8902,1098,0.1098,0.04409503510445356
7692,8846,1154,0.1154,0.0443284590119496
7800,8900,1100,0.11,0.04338519933130592
7590,8795,1205,0.1205,0.04285080366395414
7770,8885,1115,0.1115,0.04094075333960354
7696,8848,1152,0.1152,0.041401545050367715
7856,8928,1072,0.1072,0.04198228667788208
7620,8810,1190,0.119,0.044035512230172755
7434,8717,1283,0.1283,0.05007714118044823
7774,8887,1113,0.1113,0.04912101403810084
7714,8857,1143,0.1143,0.04941202010400593
7732,8866,1134,0.1134,0.0501676632931456
7608,8804,1196,0.1196,0.0470058889541775
7576,8788,1212,0.1212,0.04671936172582209
7598,8799,1201,0.1201,0.04511278460137546
7734,8867,1133,0.1133,0.04398543269149959
7722,8861,1139,0.1139,0.0416364810410887
7662,8831,1169,0.1169,0.04139270630981773
7580,8790,1210,0.121,0.041109002775140104
7726,8863,1137,0.1137,0.039849489753693346
7714,8857,1143,0.1143,0.03724160094223917
7642,8821,1179,0.1179,0.036844461802206935
7464,8732,1268,0.1268,0.03722476306762546
7678,8839,1161,0.1161,0.03529120497573167
7540,8770,1230,0.123,0.035690892775543034
7618,8809,1191,0.1191,0.03598892735987902
7482,8741,1259,0.1259,0.03655139851998538
7686,8843,1157,0.1157,0.03602161589637399
7724,8862,1138,0.1138,0.03383226770209149
7772,8886,1114,0.1114,0.03365602707434446
7576,8788,1212,0.1212,0.03319771936815232
7700,8850,1150,0.115,0.03132204426107928
7670,8835,1165,0.1165,0.032032622450497004
7714,8857,1143,0.1143,0.03327068468760699
7666,8833,1167,0.1167,0.03570379322515801
7570,8785,1215,0.1215,0.03680607682671398
7552,8776,1224,0.1224,0.038084951634518804
7510,8755,1245,0.1245,0.03701492736246437
7520,8760,1240,0.124,0.03602533312086016
7704,8852,1148,0.1148,0.033282888974435626
7678,8839,1161,0.1161,0.031013987038098274
7584,8792,1208,0.1208,0.03137975546363741
7628,8814,1186,0.1186,0.031771313793677834
7684,8842,1158,0.1158,0.03223910693489015
7458,8729,1271,0.1271,0.03559375842716545
7724,8862,1138,0.1138,0.035469148901104926
7678,8839,1161,0.1161,0.03575729849692434
7542,8771,1229,0.1229,0.035882190859690306
7586,8793,1207,0.1207,0.03350009530968964
7754,8877,1123,0.1123,0.032125188777130095
7610,8805,1195,0.1195,0.031245444975513965
7680,8840,1160,0.116,0.03081151368608698
7658,8829,1171,0.1171,0.029464972717966883
7822,8911,1089,0.1089,0.028395130674913525
7544,8772,1228,0.1228,0.029898809385765345
7566,8783,1217,0.1217,0.030267253653425724
7574,8787,1213,0.1213,0.031779786098375916
7598,8799,1201,0.1201,0.031165242903120817
7476,8738,1262,0.1262,0.03242618083693087
7582,8791,1209,0.1209,0.03175059427004308
7534,8767,1233,0.1233,0.031130821759067475
7602,8801,1199,0.1199,0.030068986812233925
7652,8826,1174,0.1174,0.02841800123313442
7674,8837,1163,0.1163,0.027328761918563396
7428,8714,1286,0.1286,0.027996923124603928
7468,8734,1266,0.1266,0.027843679890222846
7474,8737,1263,0.1263,0.030687232418730854
7520,8760,1240,0.124,0.03229245892148465
7600,8800,1200,0.12,0.03683876609355211
7390,8695,1305,0.1305,0.03751275254674256
7628,8814,1186,0.1186,0.0349341342468746
7608,8804,1196,0.1196,0.03356432642694563
7586,8793,1207,0.1207,0.02704598480425775
7540,8770,1230,0.123,0.027299040118046104
7758,8879,1121,0.1121,0.025536450349213556
7556,8778,1222,0.1222,0.026753054894693196
7642,8821,1179,0.1179,0.031269527647458016
7756,8878,1122,0.1122,0.03158585472265259
7570,8785,1215,0.1215,0.03558801534455269
7590,8795,1205,0.1205,0.036805433880537745
7718,8859,1141,0.1141,0.03491504506152123
7596,8798,1202,0.1202,0.03462327310126275
7662,8831,1169,0.1169,0.031227418493200095
7762,8881,1119,0.1119,0.029154732127394528
7766,8883,1117,0.1117,0.026457182896975427
7654,8827,1173,0.1173,0.027112783818412572
7632,8816,1184,0.1184,0.029291416419809684
7714,8857,1143,0.1143,0.03059088466446847
7738,8869,1131,0.1131,0.0355617083568126
7704,8852,1148,0.1148,0.03645501534976065
7796,8898,1102,0.1102,0.036231205140985545
7552,8776,1224,0.1224,0.0358566859126091
7528,8764,1236,0.1236,0.031217389491014182
7504,8752,1248,0.1248,0.0313237736328505
7786,8893,1107,0.1107,0.02920328882979229
7658,8829,1171,0.1171,0.02993678974956274
7810,8905,1095,0.1095,0.03280182774933055
7422,8711,1289,0.1289,0.034849107981286945
7644,8822,1178,0.1178,0.03639425360821188
7590,8795,1205,0.1205,0.037873413176089527
7580,8790,1210,0.121,0.03607559331078082
7594,8797,1203,0.1203,0.036350051644071936
7746,8873,1127,0.1127,0.03279456477453932
7452,8726,1274,0.1274,0.032729242170974615
7606,8803,1197,0.1197,0.0321793248379603
7594,8797,1203,0.1203,0.032889659377466886
7694,8847,1153,0.1153,0.03447002605628222
7568,8784,1216,0.1216,0.03714926197603345
7760,8880,1120,0.112,0.038328852566331624
7576,8788,1212,0.1212,0.039244517787918445
7778,8889,1111,0.1111,0.036189146002940834
7688,8844,1156,0.1156,0.03567946326462552
7840,8920,1080,0.108,0.029762901241797955
7672,8836,1164,0.1164,0.030602002295665443
7636,8818,1182,0.1182,0.030822904033772646
7444,8722,1278,0.1278,0.03268814646145329
7834,8917,1083,0.1083,0.03616289258431643
7720,8860,1140,0.114,0.03725649339351803
7542,8771,1229,0.1229,0.04099996715672314
7630,8815,1185,0.1185,0.04111087267287075
7612,8806,1194,0.1194,0.036764258967339994
7630,8815,1185,0.1185,0.03421417701132595
7714,8857,1143,0.1143,0.033104879155382516
7836,8918,1082,0.1082,0.03202482072338462
7592,8796,1204,0.1204,0.03725679448926821
7502,8751,1249,0.1249,0.03390044369716197
7678,8839,1161,0.1161,0.03358966166675091
7476,8738,1262,0.1262,0.03517171308137476
7622,8811,1189,0.1189,0.03546834083981812
7542,8771,1229,0.1229,0.03543445789050311
7530,8765,1235,0.1235,0.03406166428755969
7660,8830,1170,0.117,0.03364537346493453
7588,8794,1206,0.1206,0.03248872226225212
7648,8824,1176,0.1176,0.03149419855782762
7890,8945,1055,0.1055,0.02937165346397087
7846,8923,1077,0.1077,0.028970462098997087
7802,8901,1099,0.1099,0.029345277497638017
7710,8855,1145,0.1145,0.029418598183710128
7642,8821,1179,0.1179,0.0318984101369977
7574,8787,1213,0.1213,0.03223307392420247
7518,8759,1241,0.1241,0.0349541648125276
7696,8848,1152,0.1152,0.03566040549650788
7476,8738,1262,0.1262,0.03888138281274587
7630,8815,1185,0.1185,0.03848655288945883
7614,8807,1193,0.1193,0.03847494722325355
7638,8819,1181,0.1181,0.03696853630878031
7748,8874,1126,0.1126,0.03655313891153782
7616,8808,1192,0.1192,0.03704714119434357
7652,8826,1174,0.1174,0.035010753127746284
7944,8972,1028,0.1028,0.03374533093888313
7612,8806,1194,0.1194,0.035106998536922035
7778,8889,1111,0.1111,0.03721540110372007
7484,8742,1258,0.1258,0.03858468130137772
7564,8782,1218,0.1218,0.04193812812939286
7682,8841,1159,0.1159,0.042811865396797655
7670,8835,1165,0.1165,0.044958055854588744
7608,8804,1196,0.1196,0.04525781601965427
7530,8765,1235,0.1235,0.04385910225622356
7764,8882,1118,0.1118,0.043123849038966
7580,8790,1210,0.121,0.04124458761755377
7618,8809,1191,0.1191,0.041767084614001214
7640,8820,1180,0.118,0.042066355266980826
7600,8800,1200,0.12,0.045824039112217725
7492,8746,1254,0.1254,0.0420293492699042
7464,8732,1268,0.1268,0.04875483615789562
7702,8851,1149,0.1149,0.048295323131419717
7630,8815,1185,0.1185,0.04857597216758877
7674,8837,1163,0.1163,0.047626622459851206
7730,8865,1135,0.1135,0.044977308936417104
7600,8800,1200,0.12,0.04450550903044641
7548,8774,1226,0.1226,0.04411642842292786
7608,8804,1196,0.1196,0.044942474865168336
7716,8858,1142,0.1142,0.047527102422527966
7692,8846,1154,0.1154,0.048012043304368854
7540,8770,1230,0.123,0.05220059612970799
7480,8740,1260,0.126,0.051734103856794535
7748,8874,1126,0.1126,0.04892686835099012
7744,8872,1128,0.1128,0.04784260975830257
7636,8818,1182,0.1182,0.04421728770602495
7556,8778,1222,0.1222,0.043172846409864726
7792,8896,1104,0.1104,0.04127610112745315
7592,8796,1204,0.1204,0.04164123222231865
7502,8751,1249,0.1249,0.0475002398211509
7630,8815,1185,0.1185,0.048659923253953456
7666,8833,1167,0.1167,0.05073279960397631
7406,8703,1297,0.1297,0.05237703540921211
7530,8765,1235,0.1235,0.051608553732186556
7670,8835,1165,0.1165,0.04971302249208093
7564,8782,1218,0.1218,0.04581457661539316
7594,8797,1203,0.1203,0.045889063425920903
7414,8707,1293,0.1293,0.04791626472212374
7698,8849,1151,0.1151,0.04817829110752791
7636,8818,1182,0.1182,0.05203359263986349
7600,8800,1200,0.12,0.053057746530696746
7702,8851,1149,0.1149,0.05469009732734412
7620,8810,1190,0.119,0.05478329826053232
7720,8860,1140,0.114,0.050920723588019606
7736,8868,1132,0.1132,0.050324778475426137
7724,8862,1138,0.1138,0.043598495074920356
7768,8884,1116,0.1116,0.04343044372145086
7540,8770,1230,0.123,0.04383206199631095
7906,8953,1047,0.1047,0.043320541205443444
7494,8747,1253,0.1253,0.05197120473813265
7772,8886,1114,0.1114,0.05210573102347553
7590,8795,1205,0.1205,0.05602899766806513
7666,8833,1167,0.1167,0.05578922437131405
7616,8808,1192,0.1192,0.050397238765470684
7648,8824,1176,0.1176,0.04693577655665576
7726,8863,1137,0.1137,0.04375284998603165
7650,8825,1175,0.1175,0.0411928351406008
7512,8756,1244,0.1244,0.041985699064284565
7686,8843,1157,0.1157,0.04369624382220209
7606,8803,1197,0.1197,0.04741305748336017
7612,8806,1194,0.1194,0.0517188671272248
7580,8790,1210,0.121,0.06086728145871311
7702,8851,1149,0.1149,0.06031133395247162
7536,8768,1232,0.1232,0.05931106450241059
7574,8787,1213,0.1213,0.0568777139402926
7562,8781,1219,0.1219,0.04678480330333114
7612,8806,1194,0.1194,0.04467769106086344
7652,8826,1174,0.1174,0.04457878020424396
7728,8864,1136,0.1136,0.04609018249567598
7816,8908,1092,0.1092,0.05554614841081202
7684,8842,1158,0.1158,0.05884922277219593
7462,8731,1269,0.1269,0.06146739121247083
7856,8928,1072,0.1072,0.061152777301333845
7706,8853,1147,0.1147,0.05810153537672013
7586,8793,1207,0.1207,0.05621400507166982
7728,8864,1136,0.1136,0.0535315634617582
7584,8792,1208,0.1208,0.05324389863573015
7392,8696,1304,0.1304,0.060222839400544764
7582,8791,1209,0.1209,0.06350765822734684
7556,8778,1222,0.1222,0.06962388124801218
7728,8864,1136,0.1136,0.0736948389602825
7554,8777,1223,0.1223,0.08772054661884904
7664,8832,1168,0.1168,0.08498801370225846
7788,8894,1106,0.1106,0.0817761293642223
7536,8768,1232,0.1232,0.07985208799261599
7642,8821,1179,0.1179,0.06428658218961208
7482,8741,1259,0.1259,0.06145132835507393
7574,8787,1213,0.1213,0.060057634023204444
7798,8899,1101,0.1101,0.06108402719516307
7728,8864,1136,0.1136,0.07083544049095362
7564,8782,1218,0.1218,0.07428366488143802
7744,8872,1128,0.1128,0.07363419434353709
7538,8769,1231,0.1231,0.07640118714347481
7502,8751,1249,0.1249,0.06756523380596191
7708,8854,1146,0.1146,0.06487975963987411
7702,8851,1149,0.1149,0.05976689297500998
7798,8899,1101,0.1101,0.057998403120785955
7630,8815,1185,0.1185,0.05489699645768851
7598,8799,1201,0.1201,0.056240747478976845
7702,8851,1149,0.1149,0.0584944612827152
7478,8739,1261,0.1261,0.061397783213853835
7490,8745,1255,0.1255,0.07051640411280095
7494,8747,1253,0.1253,0.0697257953159511
7642,8821,1179,0.1179,0.06701665292102843
7682,8841,1159,0.1159,0.06582612037062645
7640,8820,1180,0.118,0.051504077131394294
7482,8741,1259,0.1259,0.05061803675526753
7436,8718,1282,0.1282,0.04872921030391008
7714,8857,1143,0.1143,0.04762830661423505
7790,8895,1105,0.1105,0.05124589368347079
7752,8876,1124,0.1124,0.052003340065293016
7680,8840,1160,0.116,0.052360824028216305
7710,8855,1145,0.1145,0.05162125688996166
7884,8942,1058,0.1058,0.04446705154292285
7522,8761,1239,0.1239,0.04317538048457354
7796,8898,1102,0.1102,0.04104974474404007
7520,8760,1240,0.124,0.04110831593647599
7682,8841,1159,0.1159,0.03906655157133937
7676,8838,1162,0.1162,0.03990556459762156
7512,8756,1244,0.1244,0.04036514591332525
7604,8802,1198,0.1198,0.04073910646550357
7792,8896,1104,0.1104,0.03995981081323698
7540,8770,1230,0.123,0.040647553260996935
7526,8763,1237,0.1237,0.03902978386990726
7416,8708,1292,0.1292,0.03923842724692077
7532,8766,1234,0.1234,0.03363103487361223
7632,8816,1184,0.1184,0.033478330815676596
7532,8766,1234,0.1234,0.03377887024991214
7776,8888,1112,0.1112,0.03300738076474517
7668,8834,1166,0.1166,0.0329197495569475
7616,8808,1192,0.1192,0.03289618667326868
7850,8925,1075,0.1075,0.03248239698307589
7578,8789,1211,0.1211,0.0322452703894116
7602,8801,1199,0.1199,0.030320033637899906
7512,8756,1244,0.1244,0.030659509018436074
7744,8872,1128,0.1128,0.029929978965502233
7376,8688,1312,0.1312,0.03069457403421402
7462,8731,1269,0.1269,0.02984678364135325
7650,8825,1175,0.1175,0.029870440233498812
7774,8887,1113,0.1113,0.028990572838671506
7636,8818,1182,0.1182,0.02941741456501186
7764,8882,1118,0.1118,0.02620816672090441
7566,8783,1217,0.1217,0.026557470971625297
7716,8858,1142,0.1142,0.02565318779507652
7656,8828,1172,0.1172,0.025731014540512114
7524,8762,1238,0.1238,0.02710538783473894
7432,8716,1284,0.1284,0.028355217741057277
7592,8796,1204,0.1204,0.027855942580848933
7596,8798,1202,0.1202,0.02841087790420279
7542,8771,1229,0.1229,0.02933490980565548
7646,8823,1177,0.1177,0.02775636219661683
7740,8870,1130,0.113,0.028176867497432978
7586,8793,1207,0.1207,0.027001820563431828
7512,8756,1244,0.1244,0.023190862321155147
7422,8711,1289,0.1289,0.02399736792910844
7778,8889,1111,0.1111,0.02340754529624246
7540,8770,1230,0.123,0.024733083345741032
7568,8784,1216,0.1216,0.03019143665758893
7910,8955,1045,0.1045,0.029436781415250152
7722,8861,1139,0.1139,0.029167193861678244
7730,8865,1135,0.1135,0.028987804249674082
7790,8895,1105,0.1105,0.02209335698368959
7586,8793,1207,0.1207,0.02209055478638038
7572,8786,1214,0.1214,0.022187588069355117
7550,8775,1225,0.1225,0.02277061692075804
7772,8886,1114,0.1114,0.03262756704119965
7484,8742,1258,0.1258,0.035803867730870846
7664,8832,1168,0.1168,0.03566699585448951
7564,8782,1218,0.1218,0.03648209773208946
7850,8925,1075,0.1075,0.03042926692860201
7420,8710,1290,0.129,0.030604762060474605
7642,8821,1179,0.1179,0.029127017850009724
7706,8853,1147,0.1147,0.027117201680177824
7888,8944,1056,0.1056,0.023768510446418076
7598,8799,1201,0.1201,0.02620669437381439
7616,8808,1192,0.1192,0.026918258910160513
7582,8791,1209,0.1209,0.027722822847869248
7668,8834,1166,0.1166,0.03748889218866825
7582,8791,1209,0.1209,0.03876641083136201
7650,8825,1175,0.1175,0.03850637237206101
7616,8808,1192,0.1192,0.03794246869534254
7710,8855,1145,0.1145,0.02498380310139619
7470,8735,1265,0.1265,0.02537522858744487
7662,8831,1169,0.1169,0.024415843096887692
7664,8832,1168,0.1168,0.023813771243253724
7794,8897,1103,0.1103,0.027033133132616058
7462,8731,1269,0.1269,0.02907463245484978
7466,8733,1267,0.1267,0.029874124701088293
7496,8748,1252,0.1252,0.03024364108252339
7918,8959,1041,0.1041,0.03212355706896633
7644,8822,1178,0.1178,0.03261468943152577
7564,8782,1218,0.1218,0.03226713479431346
7818,8909,1091,0.1091,0.03084314466295764
7556,8778,1222,0.1222,0.018921787030156702
7706,8853,1147,0.1147,0.019099575185659343
7642,8821,1179,0.1179,0.018772593021811917
7740,8870,1130,0.113,0.01917477127201855
7618,8809,1191,0.1191,0.030819998827390373
7692,8846,1154,0.1154,0.031837206072732806
7438,8719,1281,0.1281,0.03280416558077559
7660,8830,1170,0.117,0.03271147640561685
7542,8771,1229,0.1229,0.02821759282620624
7764,8882,1118,0.1118,0.02687052878988907
7524,8762,1238,0.1238,0.02636640171869658
7592,8796,1204,0.1204,0.025045203838311134
7672,8836,1164,0.1164,0.016741573052899913
7796,8898,1102,0.1102,0.0165238369704457
7534,8767,1233,0.1233,0.01746761527620256
7776,8888,1112,0.1112,0.01734773598751053
7374,8687,1313,0.1313,0.027199841046053917
7630,8815,1185,0.1185,0.02641922084214166
7524,8762,1238,0.1238,0.02746831602519378
7516,8758,1242,0.1242,0.027662009822484106
7654,8827,1173,0.1173,0.023313844656012953
7708,8854,1146,0.1146,0.022619376249331982
7790,8895,1105,0.1105,0.021957363983336836
7630,8815,1185,0.1185,0.021548621023539452
7706,8853,1147,0.1147,0.017377854085504078
7734,8867,1133,0.1133,0.017444077031337657
7712,8856,1144,0.1144,0.017739312079758384
7476,8738,1262,0.1262,0.018953883451549337
7630,8815,1185,0.1185,0.027441203125193714
7784,8892,1108,0.1108,0.026990566492732616
7726,8863,1137,0.1137,0.027027745881211013
7678,8839,1161,0.1161,0.027457808162365108
7826,8913,1087,0.1087,0.01692282543363981
7680,8840,1160,0.116,0.01628365514150355
7548,8774,1226,0.1226,0.016153063775226476
7546,8773,1227,0.1227,0.01612928906942252
7560,8780,1220,0.122,0.019603621846763418
7394,8697,1303,0.1303,0.02123118905397132
7548,8774,1226,0.1226,0.02233912578020245
7576,8788,1212,0.1212,0.024103243642253802
7718,8859,1141,0.1141,0.027876894142013043
7806,8903,1097,0.1097,0.027442422571126373
7490,8745,1255,0.1255,0.02733438206715509
7574,8787,1213,0.1213,0.024741159026371314
7398,8699,1301,0.1301,0.015900411679269744
7778,8889,1111,0.1111,0.014662309110700152
7584,8792,1208,0.1208,0.014932810786506162
7636,8818,1182,0.1182,0.014669209091120865
7618,8809,1191,0.1191,0.022601887818891556
7730,8865,1135,0.1135,0.02273706058533862
7684,8842,1158,0.1158,0.02470202450673096
7750,8875,1125,0.1125,0.02582817869996652
7512,8756,1244,0.1244,0.025481926464568823
7710,8855,1145,0.1145,0.02438253953862004
7724,8862,1138,0.1138,0.02347388711841777
7660,8830,1170,0.117,0.02157061365628615
7598,8799,1201,0.1201,0.016437579483212904
7696,8848,1152,0.1152,0.016823500916408374
7660,8830,1170,0.117,0.0167633124592714
7580,8790,1210,0.121,0.01861179241561331
7654,8827,1173,0.1173,0.026627426859084518
7584,8792,1208,0.1208,0.026872291177883745
7518,8759,1241,0.1241,0.02752784385755658
7606,8803,1197,0.1197,0.02825790444361046
7562,8781,1219,0.1219,0.022892843650607394
7460,8730,1270,0.127,0.02269581215470098
7614,8807,1193,0.1193,0.021857425032369794
7630,8815,1185,0.1185,0.019189338305266573
7700,8850,1150,0.115,0.019639090117579326
7624,8812,1188,0.1188,0.02026818199059926
7688,8844,1156,0.1156,0.02058857989269309
7702,8851,1149,0.1149,0.0227165922338143
7748,8874,1126,0.1126,0.02492878542235121
7664,8832,1168,0.1168,0.02499549863226712
7818,8909,1091,0.1091,0.024595418334100394
7880,8940,1060,0.106,0.022784841064130888
7592,8796,1204,0.1204,0.01900661674416624
7542,8771,1229,0.1229,0.019393207748420536
7604,8802,1198,0.1198,0.019299685289524495
7614,8807,1193,0.1193,0.02038942166008055
7556,8778,1222,0.1222,0.02746903929361142
7724,8862,1138,0.1138,0.027488023059163244
7806,8903,1097,0.1097,0.02748861429784447
7608,8804,1196,0.1196,0.02846608779048547
7552,8776,1224,0.1224,0.02430734546016902
7698,8849,1151,0.1151,0.02280691527808085
7556,8778,1222,0.1222,0.02364157897029072
7518,8759,1241,0.1241,0.021713965344103053
7572,8786,1214,0.1214,0.022528202719194815
7582,8791,1209,0.1209,0.02259931707531214
7832,8916,1084,0.1084,0.02256184539422393
7584,8792,1208,0.1208,0.025051865947432816
7552,8776,1224,0.1224,0.027995404333435
7678,8839,1161,0.1161,0.02763403563797474
7466,8733,1267,0.1267,0.027484255003929137
7548,8774,1226,0.1226,0.026296287431009115
7760,8880,1120,0.112,0.02145296109733172
7498,8749,1251,0.1251,0.021439812010806053
7516,8758,1242,0.1242,0.021451648532552645
7512,8756,1244,0.1244,0.021806785518210383
7734,8867,1133,0.1133,0.02508135848455131
7550,8775,1225,0.1225,0.026011387946177272
7692,8846,1154,0.1154,0.026548423793260008
7738,8869,1131,0.1131,0.027619042724370955
7556,8778,1222,0.1222,0.02613798655429855
7540,8770,1230,0.123,0.026531776500679553
7548,8774,1226,0.1226,0.026308755255676806
7702,8851,1149,0.1149,0.024256013956386595
7674,8837,1163,0.1163,0.022870649795560166
7804,8902,1098,0.1098,0.023016669956035914
7656,8828,1172,0.1172,0.023625537567213178
7800,8900,1100,0.11,0.023562771829683332
7646,8823,1177,0.1177,0.025503965238761157
7734,8867,1133,0.1133,0.025141544498689473
7564,8782,1218,0.1218,0.025941928506456314
7522,8761,1239,0.1239,0.02619747571600601
7706,8853,1147,0.1147,0.027025805129949003
7842,8921,1079,0.1079,0.02622738904785365
7538,8769,1231,0.1231,0.027520623749867083
7682,8841,1159,0.1159,0.026937874210998417
7628,8814,1186,0.1186,0.027480284128338098
7568,8784,1216,0.1216,0.027174989652168007
7564,8782,1218,0.1218,0.027935068528912962
7714,8857,1143,0.1143,0.027375321660004556
7822,8911,1089,0.1089,0.027028323859907687
7662,8831,1169,0.1169,0.027038239831943065
7656,8828,1172,0.1172,0.02677301350813359
7716,8858,1142,0.1142,0.025591099902056158
7646,8823,1177,0.1177,0.025739955056179317
7718,8859,1141,0.1141,0.025937866426631807
7614,8807,1193,0.1193,0.026711585922911764
7618,8809,1191,0.1191,0.027399734071083367
7570,8785,1215,0.1215,0.028358326264005154
7774,8887,1113,0.1113,0.027731674018502236
7812,8906,1094,0.1094,0.027393261959124355
7582,8791,1209,0.1209,0.026579823941085486
7520,8760,1240,0.124,0.024800875258632005
7528,8764,1236,0.1236,0.0252261820259504
7810,8905,1095,0.1095,0.024415579199418426
7734,8867,1133,0.1133,0.026844107056222855
7700,8850,1150,0.115,0.029467039527650923
7638,8819,1181,0.1181,0.029657194353546946
7644,8822,1178,0.1178,0.029115790590830148
7808,8904,1096,0.1096,0.027410436666570604
7612,8806,1194,0.1194,0.024392740943375974
7600,8800,1200,0.12,0.023889547046367077
7750,8875,1125,0.1125,0.023283803784940393
7608,8804,1196,0.1196,0.024023458135873078
7532,8766,1234,0.1234,0.028057752147410065
7482,8741,1259,0.1259,0.029367468617856503
7818,8909,1091,0.1091,0.028510124483797698
7650,8825,1175,0.1175,0.029584749905765057
7826,8913,1087,0.1087,0.025489159701392053
7678,8839,1161,0.1161,0.02481502532409504
7688,8844,1156,0.1156,0.02400934215094894
7752,8876,1124,0.1124,0.020200406504096463
7618,8809,1191,0.1191,0.020881768650561572
7610,8805,1195,0.1195,0.022125206334749237
7606,8803,1197,0.1197,0.02293943829475902
7464,8732,1268,0.1268,0.027483905326295643
7504,8752,1248,0.1248,0.03272778672883287
7640,8820,1180,0.118,0.032607150993309915
7462,8731,1269,0.1269,0.0323217000765726
7620,8810,1190,0.119,0.029799293086491527
7538,8769,1231,0.1231,0.02345095344078727
7576,8788,1212,0.1212,0.022410907575767487
7578,8789,1211,0.1211,0.021966730071185155
7868,8934,1066,0.1066,0.020749958364479244
7576,8788,1212,0.1212,0.023381822207337245
7688,8844,1156,0.1156,0.024128895563818514
7772,8886,1114,0.1114,0.025157037727255374
7678,8839,1161,0.1161,0.02672435792470351
7678,8839,1161,0.1161,0.027560378400608897
7524,8762,1238,0.1238,0.0276235594779253
7698,8849,1151,0.1151,0.026526752284634858
7574,8787,1213,0.1213,0.025503379403334112
7740,8870,1130,0.113,0.02438606053488329
7688,8844,1156,0.1156,0.02440127560282126
7466,8733,1267,0.1267,0.02543955050203949
7482,8741,1259,0.1259,0.026512369273323566
7560,8780,1220,0.122,0.027238615508936345
7714,8857,1143,0.1143,0.026742334804870187
7650,8825,1175,0.1175,0.02745883226050064
7482,8741,1259,0.1259,0.02841167781120166
7640,8820,1180,0.118,0.028252269565779715
7558,8779,1221,0.1221,0.029146769169159235
7522,8761,1239,0.1239,0.029979131992906333
7866,8933,1067,0.1067,0.02926851588152349
7796,8898,1102,0.1102,0.02764426188543439
7740,8870,1130,0.113,0.026997075389511883
7536,8768,1232,0.1232,0.026363297576084733
7598,8799,1201,0.1201,0.0237315584724769
7626,8813,1187,0.1187,0.024709621272794902
7486,8743,1257,0.1257,0.02657146751144901
7776,8888,1112,0.1112,0.02758281303262338
7594,8797,1203,0.1203,0.03223383624991402
7492,8746,1254,0.1254,0.035071925152093175
7578,8789,1211,0.1211,0.03483005548492074
7416,8708,1292,0.1292,0.034286085071135314
7476,8738,1262,0.1262,0.030952182930056006
7560,8780,1220,0.122,0.02737580483481288
7608,8804,1196,0.1196,0.026309973558597266
7426,8713,1287,0.1287,0.025991184172779323
7676,8838,1162,0.1162,0.024927083743736148
7716,8858,1142,0.1142,0.02564991073878482
7680,8840,1160,0.116,0.026437324725929648
7692,8846,1154,0.1154,0.027273318269383163
7800,8900,1100,0.11,0.028949332775268705
7548,8774,1226,0.1226,0.03102569973161444
7556,8778,1222,0.1222,0.031163799329753966
7850,8925,1075,0.1075,0.030001279786974193
7568,8784,1216,0.1216,0.029026184343919157
7600,8800,1200,0.12,0.027112006589211524
7606,8803,1197,0.1197,0.026191046007163824
7600,8800,1200,0.12,0.026157660240121186
7742,8871,1129,0.1129,0.027598247751686723
7782,8891,1109,0.1109,0.029718254038412124
7744,8872,1128,0.1128,0.03019164976738393
7836,8918,1082,0.1082,0.030014151160232722
7424,8712,1288,0.1288,0.029980084271542726
7600,8800,1200,0.12,0.027613512325193733
7646,8823,1177,0.1177,0.02667313688965514
7814,8907,1093,0.1093,0.02602403484005481
7794,8897,1103,0.1103,0.027492132288683205
7492,8746,1254,0.1254,0.030240807927027345
7522,8761,1239,0.1239,0.030785856673773378
7678,8839,1161,0.1161,0.03156143402419984
7514,8757,1243,0.1243,0.03425185055620968
7648,8824,1176,0.1176,0.03367922023534775
7572,8786,1214,0.1214,0.03280487292483449
7776,8888,1112,0.1112,0.031465368334390224
7556,8778,1222,0.1222,0.02960779640795663
7606,8803,1197,0.1197,0.02803730512391776
7734,8867,1133,0.1133,0.027641858659870924
7376,8688,1312,0.1312,0.029257781354524195
7576,8788,1212,0.1212,0.03239999190047383
7750,8875,1125,0.1125,0.03521499851383269
7634,8817,1183,0.1183,0.036460373100079595
7652,8826,1174,0.1174,0.03764598705712706
7632,8816,1184,0.1184,0.035566885954886676
7514,8757,1243,0.1243,0.03148658607127145
7804,8902,1098,0.1098,0.029269049915578216
7768,8884,1116,0.1116,0.02828711667591706
7634,8817,1183,0.1183,0.027592730320896954
7566,8783,1217,0.1217,0.029907456938922404
7466,8733,1267,0.1267,0.031816760963760314
7776,8888,1112,0.1112,0.03385072380322963
7586,8793,1207,0.1207,0.03943038801318034
7576,8788,1212,0.1212,0.041932042430341245
7550,8775,1225,0.1225,0.04126178383808583
7654,8827,1173,0.1173,0.039772987353987994
7778,8889,1111,0.1111,0.036284176260791716
7622,8811,1189,0.1189,0.032814384872745725
7730,8865,1135,0.1135,0.03156736641181633
7584,8792,1208,0.1208,0.03176830115243792
7720,8860,1140,0.114,0.03561234881868586
7792,8896,1104,0.1104,0.042251833138428625
7488,8744,1256,0.1256,0.04585229495428503
7632,8816,1184,0.1184,0.04744121982622892
7720,8860,1140,0.114,0.04950874756351113
7524,8762,1238,0.1238,0.04915157709736377
7636,8818,1182,0.1182,0.04658238421231508
7872,8936,1064,0.1064,0.043727629366144535
7668,8834,1166,0.1166,0.03662669438635931
7646,8823,1177,0.1177,0.03636292716702446
7612,8806,1194,0.1194,0.03684411240601912
7600,8800,1200,0.12,0.0378369203928858
7696,8848,1152,0.1152,0.04438702110759914
7682,8841,1159,0.1159,0.048030389475263655
7794,8897,1103,0.1103,0.047866917977668344
7592,8796,1204,0.1204,0.04802910034060478
7724,8862,1138,0.1138,0.041835289427824315
7568,8784,1216,0.1216,0.038004876781906935
7628,8814,1186,0.1186,0.035775958423130215
7810,8905,1095,0.1095,0.034940697158593687
7622,8811,1189,0.1189,0.03646894198171794
7680,8840,1160,0.116,0.040295193790644404
7610,8805,1195,0.1195,0.04238511395985261
7752,8876,1124,0.1124,0.0433817441418767
7650,8825,1175,0.1175,0.04722373922206462
7732,8866,1134,0.1134,0.04633230889309198
7654,8827,1173,0.1173,0.045146876432094724
7664,8832,1168,0.1168,0.04331103919874877
7656,8828,1172,0.1172,0.038210969334095714
7834,8917,1083,0.1083,0.035211522202193736
7756,8878,1122,0.1122,0.03508790598772466
7726,8863,1137,0.1137,0.03473668298339471
7542,8771,1229,0.1229,0.04010522882910445
7740,8870,1130,0.113,0.042722281081415715
7626,8813,1187,0.1187,0.044634558359347286
7556,8778,1222,0.1222,0.046015274233557286
7722,8861,1139,0.1139,0.044642970892228184
7704,8852,1148,0.1148,0.03973391908314079
7598,8799,1201,0.1201,0.03887253362387419
7592,8796,1204,0.1204,0.03574721367293969
7744,8872,1128,0.1128,0.030427955469302832
7590,8795,1205,0.1205,0.03097249026475474
7922,8961,1039,0.1039,0.03105884468499571
7658,8829,1171,0.1171,0.03305832265038043
7790,8895,1105,0.1105,0.034425948616676035
7742,8871,1129,0.1129,0.03427221068162471
7522,8761,1239,0.1239,0.03415686830254271
7580,8790,1210,0.121,0.033624866412300614
7512,8756,1244,0.1244,0.0307226932217367
7258,8629,1371,0.1371,0.030570725110545753
7582,8791,1209,0.1209,0.0299022536941804
7660,8830,1170,0.117,0.030280778408888726
7726,8863,1137,0.1137,0.03055946176201105
7530,8765,1235,0.1235,0.031105152085609735
7582,8791,1209,0.1209,0.029894617034308613
7462,8731,1269,0.1269,0.029865976273268462
7642,8821,1179,0.1179,0.02761156343976036
7572,8786,1214,0.1214,0.02792603565538302
7692,8846,1154,0.1154,0.027161038584541528
7786,8893,1107,0.1107,0.02701290500247851
7742,8871,1129,0.1129,0.02632670458094217
7594,8797,1203,0.1203,0.02665101292375475
7498,8749,1251,0.1251,0.026260558355785907
7758,8879,1121,0.1121,0.02506011458141729
7556,8778,1222,0.1222,0.024433292001951486
7624,8812,1188,0.1188,0.024398382163606583
7730,8865,1135,0.1135,0.023342844743095337
7784,8892,1108,0.1108,0.022254354384355246
7824,8912,1088,0.1088,0.020147287652175872
7514,8757,1243,0.1243,0.020182295940397308
7740,8870,1130,0.113,0.01874461048739031
7542,8771,1229,0.1229,0.018532450465578585
7624,8812,1188,0.1188,0.018127087127463894
7480,8740,1260,0.126,0.018650383758731185
7778,8889,1111,0.1111,0.017971099324617535
7664,8832,1168,0.1168,0.01836014262428507
7764,8882,1118,0.1118,0.017399532073177397
7794,8897,1103,0.1103,0.016937023394461723
7594,8797,1203,0.1203,0.016733255839534104
7554,8777,1223,0.1223,0.01625668872441165
7540,8770,1230,0.123,0.01672111097816378
7560,8780,1220,0.122,0.017491125452751295
7672,8836,1164,0.1164,0.017386689113848844
7474,8737,1263,0.1263,0.018921398583240805
7790,8895,1105,0.1105,0.018110072202282026
7556,8778,1222,0.1222,0.018004059573356063
7742,8871,1129,0.1129,0.016798733759997412
7718,8859,1141,0.1141,0.015866051712306217
7568,8784,1216,0.1216,0.014939692098880186
7676,8838,1162,0.1162,0.015249123548530042
7662,8831,1169,0.1169,0.01565679259672761
7564,8782,1218,0.1218,0.017485444525117053
7554,8777,1223,0.1223,0.019558308484684674
7398,8699,1301,0.1301,0.02000703856954351
7836,8918,1082,0.1082,0.019031537694856524
7552,8776,1224,0.1224,0.018722021720698104
7820,8910,1090,0.109,0.015475523554487154
7792,8896,1104,0.1104,0.014620369747211225
7834,8917,1083,0.1083,0.013404488693107851
7756,8878,1122,0.1122,0.013352243303717114
7556,8778,1222,0.1222,0.016357067206129432
7552,8776,1224,0.1224,0.01747616606275551
7560,8780,1220,0.122,0.018972354003228248
7712,8856,1144,0.1144,0.021236167097184806
7822,8911,1089,0.1089,0.021388542873505504
7730,8865,1135,0.1135,0.021280784962233155
7740,8870,1130,0.113,0.01907047855434939
7724,8862,1138,0.1138,0.015895529226213692
7460,8730,1270,0.127,0.013022052186937071
7792,8896,1104,0.1104,0.012523451726627536
7766,8883,1117,0.1117,0.012865578759345226
7724,8862,1138,0.1138,0.01494631349639967
7792,8896,1104,0.1104,0.021257323374645785
7496,8748,1252,0.1252,0.022508881952101364
7560,8780,1220,0.122,0.02468406132655218
7624,8812,1188,0.1188,0.025314638002216817
7642,8821,1179,0.1179,0.021427913803048433
7818,8909,1091,0.1091,0.02017493979581632
7636,8818,1182,0.1182,0.017089749791659416
7582,8791,1209,0.1209,0.014731295506097376
7566,8783,1217,0.1217,0.01491080188647611
7670,8835,1165,0.1165,0.01493671294429805
7580,8790,1210,0.121,0.017774645890807732
7512,8756,1244,0.1244,0.021559490728750824
7642,8821,1179,0.1179,0.02521573406411335
7562,8781,1219,0.1219,0.025212866971362383
7486,8743,1257,0.1257,0.02439693463500589
7880,8940,1060,0.106,0.02123084940095432
7574,8787,1213,0.1213,0.01694308472450357
7788,8894,1106,0.1106,0.016124011377070566
7552,8776,1224,0.1224,0.015163373675034382
7778,8889,1111,0.1111,0.014513077571149915
7632,8816,1184,0.1184,0.017280368027021178
7438,8719,1281,0.1281,0.01793904383177869
7702,8851,1149,0.1149,0.019417151230061425
7452,8726,1274,0.1274,0.021011777681019157
7614,8807,1193,0.1193,0.021795986406784505
7636,8818,1182,0.1182,0.02138645357405767
7704,8852,1148,0.1148,0.020304907962027937
7488,8744,1256,0.1256,0.018974237219756468
7810,8905,1095,0.1095,0.016288453163951635
7614,8807,1193,0.1193,0.016488130924128926
7544,8772,1228,0.1228,0.01668172504059039
7450,8725,1275,0.1275,0.018294224686408414
