log_avg_ept_score,log_avg_succ_req,log_avg_blk_req,log_avg_BP_req,log_avg_entropy
18,509,491,0.491,1.6076817675828934
98,549,451,0.451,1.6076738177537917
96,548,452,0.452,1.6076751997470855
102,551,449,0.449,1.6076564294099809
108,554,446,0.446,1.6075293151140213
122,561,439,0.439,1.6075482032299042
96,548,452,0.452,1.6075306558609008
154,577,423,0.423,1.607518450140953
172,586,414,0.414,1.6073712882995606
152,576,424,0.424,1.6073716133832932
148,574,426,0.426,1.6073169612884521
160,580,420,0.42,1.6073221138715743
98,549,451,0.451,1.607135804772377
96,548,452,0.452,1.607188688993454
88,544,456,0.456,1.607123555660248
118,559,441,0.441,1.6070947719812394
128,564,436,0.436,1.6070168302059173
120,560,440,0.44,1.6069901733398437
128,564,436,0.436,1.60698067176342
104,552,448,0.448,1.6069425731897353
144,572,428,0.428,1.6067909500598907
92,546,454,0.454,1.6067853960990905
118,559,441,0.441,1.6067650599479675
126,563,437,0.437,1.6067295854091643
118,559,441,0.441,1.6066162832975388
112,556,444,0.444,1.6065527865886688
176,588,412,0.412,1.606510312795639
96,548,452,0.452,1.6064906610250473
160,580,420,0.42,1.6062976241111755
126,563,437,0.437,1.6062838114500047
150,575,425,0.425,1.60613862657547
136,568,432,0.432,1.6061421674489975
110,555,445,0.445,1.6057437007427215
102,551,449,0.449,1.6058516364097595
46,523,477,0.477,1.6056334508657455
112,556,444,0.444,1.6057133836746216
160,580,420,0.42,1.6052378519773483
146,573,427,0.427,1.60518816781044
122,561,439,0.439,1.605194529056549
158,579,421,0.421,1.6052202523946761
68,534,466,0.466,1.60479822742939
48,524,476,0.476,1.6047595815658569
46,523,477,0.477,1.6044568408727646
90,545,455,0.455,1.604539452433586
132,566,434,0.434,1.604086818099022
26,513,487,0.487,1.6038826709985734
124,562,438,0.438,1.6041118727922439
128,564,436,0.436,1.6039543013572692
84,542,458,0.458,1.6034132114648818
146,573,427,0.427,1.6031799405813216
128,564,436,0.436,1.603203752875328
148,574,426,0.426,1.6028910179138183
116,558,442,0.442,1.6025263320207597
110,555,445,0.445,1.602195071697235
118,559,441,0.441,1.6016538182497024
140,570,430,0.43,1.6019149948358535
120,560,440,0.44,1.6005689070224762
164,582,418,0.418,1.6002703800201417
134,567,433,0.433,1.600287980914116
178,589,411,0.411,1.599507947564125
118,559,441,0.441,1.598219344854355
184,592,408,0.408,1.597475900411606
196,598,402,0.402,1.5971953352689743
152,576,424,0.424,1.5968343605995179
178,589,411,0.411,1.5945807247161865
194,597,403,0.403,1.5939149080514907
134,567,433,0.433,1.5923731583356857
112,556,444,0.444,1.5923486706018448
136,568,432,0.432,1.590253431558609
160,580,420,0.42,1.5897873618602754
180,590,410,0.41,1.586535310268402
202,601,399,0.399,1.5864168548583983
146,573,427,0.427,1.5851165288686753
200,600,400,0.4,1.5806105630397798
202,601,399,0.399,1.580081439256668
134,567,433,0.433,1.5788481184244156
178,589,411,0.411,1.5734487690925598
202,601,399,0.399,1.5697217767238616
188,594,406,0.406,1.5666759239435195
218,609,391,0.391,1.5620805928707122
224,612,388,0.388,1.556077976703644
264,632,368,0.368,1.541162816286087
204,602,398,0.398,1.5436868476867676
250,625,375,0.375,1.5369376344680785
200,600,400,0.4,1.5263440709114076
304,652,348,0.348,1.508558601796627
326,663,337,0.337,1.4973038287758826
286,643,357,0.357,1.4975006667375566
286,643,357,0.357,1.4754738849401474
308,654,346,0.346,1.4431140903234483
330,665,335,0.335,1.4281062705218792
272,636,364,0.364,1.4214323716759683
338,669,331,0.331,1.3853920863866807
388,694,306,0.306,1.3464197761416434
342,671,329,0.329,1.353365848183632
364,682,318,0.318,1.3302954411804675
376,688,312,0.312,1.2870002289414406
372,686,314,0.314,1.2347143469452857
400,700,300,0.3,1.2008440466523171
428,714,286,0.286,1.2041634362339972
460,730,270,0.27,1.1631046319901943
604,802,198,0.198,1.071368922650814
480,740,260,0.26,1.1272262805104256
566,783,217,0.217,1.0612538280338049
532,766,234,0.234,1.0067911092936992
562,781,219,0.219,0.9143423458263278
548,774,226,0.226,0.9014567500576377
578,789,211,0.211,0.7874789190329611
654,827,173,0.173,0.7568439151197672
636,818,182,0.182,0.6192733493572159
644,822,178,0.178,0.5933787772199139
678,839,161,0.161,0.48919738249276995
736,868,132,0.132,0.4397471627520863
714,857,143,0.143,0.3664180315343665
698,849,151,0.151,0.36594194474829417
788,894,106,0.106,0.2986129046980277
706,853,147,0.147,0.2798350553984506
696,848,152,0.152,0.261208811565656
750,875,125,0.125,0.21375155670305163
774,887,113,0.113,0.1610788008016573
680,840,160,0.16,0.1931812566010539
744,872,128,0.128,0.15175322682134515
770,885,115,0.115,0.14262652979859275
682,841,159,0.159,0.13378731041136052
762,881,119,0.119,0.10662889634745085
788,894,106,0.106,0.10377202985149307
766,883,117,0.117,0.08894414532429841
664,832,168,0.168,0.08466354846668499
728,864,136,0.136,0.09495472444716666
732,866,134,0.134,0.1002974407350092
724,862,138,0.138,0.08265824203847437
828,914,86,0.086,0.05419701820947437
782,891,109,0.109,0.07327389030299378
832,916,84,0.084,0.04743946575486258
750,875,125,0.125,0.09420872567149499
734,867,133,0.133,0.08480764428295713
758,879,121,0.121,0.08246847413929136
742,871,129,0.129,0.06716409263300535
720,860,140,0.14,0.08789206993088874
768,884,116,0.116,0.0628777596590986
740,870,130,0.13,0.05335283190346422
754,877,123,0.123,0.08287566385762184
790,895,105,0.105,0.05922484030139752
724,862,138,0.138,0.06910325432863473
774,887,113,0.113,0.061714449455345176
742,871,129,0.129,0.06569260188550248
794,897,103,0.103,0.05533584359854697
728,864,136,0.136,0.09298764001318233
784,892,108,0.108,0.061401534886788664
806,903,97,0.097,0.05671839543630632
712,856,144,0.144,0.06933661666094242
728,864,136,0.136,0.06373767536812855
704,852,148,0.148,0.07212920813599591
776,888,112,0.112,0.052733862225665916
798,899,101,0.101,0.05820646057040376
774,887,113,0.113,0.0681590080541895
714,857,143,0.143,0.07019693983963167
722,861,139,0.139,0.07368378281956213
764,882,118,0.118,0.07385249582379734
806,903,97,0.097,0.04482047094742158
816,908,92,0.092,0.04776074208107917
736,868,132,0.132,0.05929839181223529
778,889,111,0.111,0.04953278922255234
722,861,139,0.139,0.07838782499287075
746,873,127,0.127,0.07293744957497093
822,911,89,0.089,0.04456158284228306
810,905,95,0.095,0.07604217228536875
744,872,128,0.128,0.09711282253021322
824,912,88,0.088,0.07193848025762087
802,901,99,0.099,0.09787245369336478
746,873,127,0.127,0.10442655811950519
750,875,125,0.125,0.1102065395635363
732,866,134,0.134,0.0931875645063121
766,883,117,0.117,0.11622635505537798
776,888,112,0.112,0.09240997538781201
756,878,122,0.122,0.086777744121084
718,859,141,0.141,0.10477962073705073
728,864,136,0.136,0.10421103219305815
780,890,110,0.11,0.08249073708759817
728,864,136,0.136,0.1250919835842891
792,896,104,0.104,0.06545387806409522
740,870,130,0.13,0.10327176460801149
738,869,131,0.131,0.11296312783087471
778,889,111,0.111,0.10276614633305357
734,867,133,0.133,0.10702131260562282
706,853,147,0.147,0.11452812103936015
776,888,112,0.112,0.08800754023366895
752,876,124,0.124,0.10914716727776329
784,892,108,0.108,0.09141859067360246
762,881,119,0.119,0.09027355287030321
666,833,167,0.167,0.10755344399830824
806,903,97,0.097,0.0680700488206403
684,842,158,0.158,0.10100137478664199
658,829,171,0.171,0.07745160971915857
768,884,116,0.116,0.08021139347947401
756,878,122,0.122,0.08278861624267117
728,864,136,0.136,0.0945400223582517
792,896,104,0.104,0.06928407495626021
724,862,138,0.138,0.08518584984633551
762,881,119,0.119,0.07086842394961393
764,882,118,0.118,0.0835213377623013
738,869,131,0.131,0.08254198458518458
730,865,135,0.135,0.07345260861209045
770,885,115,0.115,0.06923455350647441
802,901,99,0.099,0.056571211238007735
762,881,119,0.119,0.070868608224793
756,878,122,0.122,0.0883294944993878
788,894,106,0.106,0.06145695725697206
722,861,139,0.139,0.07428215949296256
784,892,108,0.108,0.06206927426782533
796,898,102,0.102,0.06929003331210543
848,924,76,0.076,0.04206293931689265
750,875,125,0.125,0.06196591288175512
818,909,91,0.091,0.06993545271602525
722,861,139,0.139,0.09264445906533715
742,871,129,0.129,0.0828354644192982
776,888,112,0.112,0.061718365464701594
784,892,108,0.108,0.07121605801808391
772,886,114,0.114,0.05914981355348313
740,870,130,0.13,0.07926577805595036
804,902,98,0.098,0.05408721992788614
734,867,133,0.133,0.06794092943233676
848,924,76,0.076,0.044716748604091874
752,876,124,0.124,0.05731945495256785
732,866,134,0.134,0.06992481996405504
808,904,96,0.096,0.05266596706678183
688,844,156,0.156,0.061117609928589556
784,892,108,0.108,0.05672360388185031
746,873,127,0.127,0.06371862854403422
788,894,106,0.106,0.04879709906503385
722,861,139,0.139,0.06366189943278633
812,906,94,0.094,0.037151523885868655
766,883,117,0.117,0.052108015392964106
724,862,138,0.138,0.053207697003236035
762,881,119,0.119,0.0486960472905572
764,882,118,0.118,0.0416036704827879
710,855,145,0.145,0.05371574643347047
730,865,135,0.135,0.0550124833355211
780,890,110,0.11,0.038818900362197456
778,889,111,0.111,0.043040966664468994
780,890,110,0.11,0.04787342991842803
790,895,105,0.105,0.04828406236394265
788,894,106,0.106,0.03709614657566081
748,874,126,0.126,0.05989494917946824
808,904,96,0.096,0.029048126722227025
766,883,117,0.117,0.040949969175494046
724,862,138,0.138,0.04743760605528719
738,869,131,0.131,0.054650866646406865
794,897,103,0.103,0.03347257570597931
722,861,139,0.139,0.05652450182035741
824,912,88,0.088,0.032133928787737576
734,867,133,0.133,0.04498333976889578
758,879,121,0.121,0.04187003004356018
716,858,142,0.142,0.04494459407395234
776,888,112,0.112,0.038235880707763896
810,905,95,0.095,0.03602795056868085
804,902,98,0.098,0.023547899716494142
762,881,119,0.119,0.039672268722548976
774,887,113,0.113,0.04102457780049314
780,890,110,0.11,0.03583577382976824
756,878,122,0.122,0.03551882970772414
738,869,131,0.131,0.043860373190898
838,919,81,0.081,0.028357733044915078
722,861,139,0.139,0.031273910084280945
750,875,125,0.125,0.028100333142183246
696,848,152,0.152,0.044341954482661934
696,848,152,0.152,0.05567831974165273
754,877,123,0.123,0.03608517741061759
708,854,146,0.146,0.04402570564119951
702,851,149,0.149,0.04741190568570081
786,893,107,0.107,0.03884367641074173
748,874,126,0.126,0.03541552193632367
732,866,134,0.134,0.04261834804371262
764,882,118,0.118,0.037456628387734836
740,870,130,0.13,0.04135730814667474
760,880,120,0.12,0.04815122531281058
784,892,108,0.108,0.031165962380161248
776,888,112,0.112,0.0374638918808359
774,887,113,0.113,0.044858307932022154
738,869,131,0.131,0.041268943364967586
866,933,67,0.067,0.028869193390491345
794,897,103,0.103,0.04090738057737117
702,851,149,0.149,0.04251937810047947
756,878,122,0.122,0.039585589906787205
804,902,98,0.098,0.035707453576984106
706,853,147,0.147,0.04943150950439406
820,910,90,0.09,0.036471172734853466
686,843,157,0.157,0.046889171991566725
734,867,133,0.133,0.04029308569521575
796,898,102,0.102,0.040652284620610143
740,870,130,0.13,0.042579815547494106
790,895,105,0.105,0.034270620981516314
738,869,131,0.131,0.03608939600723427
782,891,109,0.109,0.03559836751673835
790,895,105,0.105,0.03565131050611605
818,909,91,0.091,0.02885964021568762
766,883,117,0.117,0.03558912900389757
772,886,114,0.114,0.02428493846965961
836,918,82,0.082,0.03152810354478578
776,888,112,0.112,0.03067597360257915
798,899,101,0.101,0.035090026049713514
764,882,118,0.118,0.03877686632283897
802,901,99,0.099,0.02338884809418582
734,867,133,0.133,0.02936720987884658
774,887,113,0.113,0.03259019502946044
730,865,135,0.135,0.04387260133219536
754,877,123,0.123,0.028620957390426752
744,872,128,0.128,0.03981676850465813
774,887,113,0.113,0.036726795260099254
740,870,130,0.13,0.03463287075675366
708,854,146,0.146,0.03681080844075579
700,850,150,0.15,0.04134806318497998
730,865,135,0.135,0.034732909870020916
702,851,149,0.149,0.02693259299209315
744,872,128,0.128,0.03395568809697311
754,877,123,0.123,0.032347459155018
726,863,137,0.137,0.03799767008192741
796,898,102,0.102,0.02321640887339815
774,887,113,0.113,0.03223976013659984
690,845,155,0.155,0.0362065444345663
710,855,145,0.145,0.03174261065334561
812,906,94,0.094,0.02650754425385044
746,873,127,0.127,0.03362702805006816
720,860,140,0.14,0.038206704161007264
772,886,114,0.114,0.025025953518132284
736,868,132,0.132,0.038973648902757486
784,892,108,0.108,0.03215168905219882
778,889,111,0.111,0.027276690058041907
810,905,95,0.095,0.020995180183643016
746,873,127,0.127,0.03180693370352716
802,901,99,0.099,0.024042280421451095
764,882,118,0.118,0.022960376431088194
784,892,108,0.108,0.02482328600817962
748,874,126,0.126,0.03302175564439849
756,878,122,0.122,0.03403454414824787
776,888,112,0.112,0.023155757297586888
766,883,117,0.117,0.02595291691076602
786,893,107,0.107,0.01929764058387602
680,840,160,0.16,0.031979116668447945
748,874,126,0.126,0.026747741223696324
764,882,118,0.118,0.024203097600880952
732,866,134,0.134,0.02637736768344557
754,877,123,0.123,0.022692911200349896
782,891,109,0.109,0.014582491349665716
724,862,138,0.138,0.024482677707957805
792,896,104,0.104,0.017968680454884065
738,869,131,0.131,0.019159432031398266
716,858,142,0.142,0.022868337362392525
756,878,122,0.122,0.019193352851985864
760,880,120,0.12,0.015506992923367931
704,852,148,0.148,0.030577890123276292
812,906,94,0.094,0.019010534812725355
708,854,146,0.146,0.02602640287239133
792,896,104,0.104,0.020517916651261826
768,884,116,0.116,0.021051276597878484
730,865,135,0.135,0.025625493137475048
762,881,119,0.119,0.020575441806260798
728,864,136,0.136,0.024397920006824805
770,885,115,0.115,0.022880089093800123
764,882,118,0.118,0.01723977523057445
760,880,120,0.12,0.016607856220822996
792,896,104,0.104,0.020954019289123906
744,872,128,0.128,0.022472502906850166
764,882,118,0.118,0.01895315667126016
766,883,117,0.117,0.024268294024916173
798,899,101,0.101,0.012070513887011728
754,877,123,0.123,0.025509841707460637
718,859,141,0.141,0.021722543479769513
780,890,110,0.11,0.015037814014373438
712,856,144,0.144,0.021474301907560146
780,890,110,0.11,0.019411562804683584
762,881,119,0.119,0.020818934204770614
756,878,122,0.122,0.020045974887043558
706,853,147,0.147,0.02668428136720972
762,881,119,0.119,0.016691315236862535
764,882,118,0.118,0.01740213480260637
744,872,128,0.128,0.019090640220768024
750,875,125,0.125,0.021392102544536003
794,897,103,0.103,0.022597581157887858
802,901,99,0.099,0.02029434195339523
804,902,98,0.098,0.019781054897235948
758,879,121,0.121,0.024060438881914906
778,889,111,0.111,0.022019148818502116
702,851,149,0.149,0.022454925136592366
818,909,91,0.091,0.022608726963469408
730,865,135,0.135,0.0291260212562038
798,899,101,0.101,0.026236665296359263
794,897,103,0.103,0.027004904639145635
790,895,105,0.105,0.02622479397275241
778,889,111,0.111,0.020082456327412915
722,861,139,0.139,0.023751467499083277
778,889,111,0.111,0.017921736244688333
778,889,111,0.111,0.01951025793502508
740,870,130,0.13,0.021269098297020873
786,893,107,0.107,0.018069595633409888
778,889,111,0.111,0.02033618483723987
738,869,131,0.131,0.02373854277209483
776,888,112,0.112,0.023110292569537918
710,855,145,0.145,0.02718100248090032
730,865,135,0.135,0.024528757270455386
776,888,112,0.112,0.020409736919346826
758,879,121,0.121,0.02408211641031083
758,879,121,0.121,0.028250838186739187
774,887,113,0.113,0.022123268252308093
816,908,92,0.092,0.029751304534944466
744,872,128,0.128,0.02304680906321886
714,857,143,0.143,0.029418954299832847
736,868,132,0.132,0.026767062870676143
768,884,116,0.116,0.02331175594600792
804,902,98,0.098,0.017096105557777762
778,889,111,0.111,0.0226140535395662
740,870,130,0.13,0.027806952474158167
808,904,96,0.096,0.025230372894311202
784,892,108,0.108,0.02915584541924119
732,866,134,0.134,0.033739862388946676
768,884,116,0.116,0.029990997224519703
810,905,95,0.095,0.023112822948652037
778,889,111,0.111,0.024710515202416447
820,910,90,0.09,0.02662450367113314
726,863,137,0.137,0.03441136735650326
740,870,130,0.13,0.039059040491940776
746,873,127,0.127,0.035967079011601115
794,897,103,0.103,0.039627220899586035
806,903,97,0.097,0.033895673404424995
750,875,125,0.125,0.04088398505821003
794,897,103,0.103,0.03726483414119798
756,878,122,0.122,0.04750336515940353
774,887,113,0.113,0.03957729560033317
700,850,150,0.15,0.05962385366567128
688,844,156,0.156,0.05522981260210236
772,886,114,0.114,0.0423411857064482
760,880,120,0.12,0.04946818640807712
724,862,138,0.138,0.04874792439403903
738,869,131,0.131,0.047523481880256443
762,881,119,0.119,0.043103471873518005
822,911,89,0.089,0.039835637255610894
756,878,122,0.122,0.03689768073868618
790,895,105,0.105,0.050283415182029556
746,873,127,0.127,0.05541837433872433
730,865,135,0.135,0.057489245374410414
770,885,115,0.115,0.05630224771157009
714,857,143,0.143,0.08379376252099247
822,911,89,0.089,0.050281888204752476
746,873,127,0.127,0.07588973239470215
664,832,168,0.168,0.08751856635202512
810,905,95,0.095,0.09064173914047888
844,922,78,0.078,0.07462520935176872
740,870,130,0.13,0.09651347932353382
774,887,113,0.113,0.10935786117560929
748,874,126,0.126,0.12001594619913886
776,888,112,0.112,0.13104604263504735
772,886,114,0.114,0.11663486754897166
760,880,120,0.12,0.11757932050313684
680,840,160,0.16,0.11091621653677067
784,892,108,0.108,0.11029620467342102
768,884,116,0.116,0.10058942679909523
758,879,121,0.121,0.11276729512411111
770,885,115,0.115,0.10871121127926744
818,909,91,0.091,0.10429867266010842
752,876,124,0.124,0.11044183011163841
740,870,130,0.13,0.1241262419968698
782,891,109,0.109,0.10788967947973288
790,895,105,0.105,0.12245130857700133
788,894,106,0.106,0.1406434318231186
650,825,175,0.175,0.17890927923389244
774,887,113,0.113,0.1447121985689737
760,880,120,0.12,0.15224395065732824
710,855,145,0.145,0.16147449268447236
674,837,163,0.163,0.15517232517583762
738,869,131,0.131,0.14281196352996994
760,880,120,0.12,0.13729638221277857
738,869,131,0.131,0.12831670370425854
796,898,102,0.102,0.11206179424293805
742,871,129,0.129,0.12804953622381435
806,903,97,0.097,0.11720662952953717
766,883,117,0.117,0.13209760817568167
766,883,117,0.117,0.11459965465587447
772,886,114,0.114,0.1317594001177349
782,891,109,0.109,0.123052428304567
728,864,136,0.136,0.1158124033723725
744,872,128,0.128,0.12927230947157659
750,875,125,0.125,0.11755162764195484
768,884,116,0.116,0.12255493226164253
728,864,136,0.136,0.14110254649963463
790,895,105,0.105,0.12513326196259003
736,868,132,0.132,0.13748133299127221
780,890,110,0.11,0.12990011046314612
774,887,113,0.113,0.14680894830121544
738,869,131,0.131,0.1403802231173031
748,874,126,0.126,0.14260577226354507
754,877,123,0.123,0.1497365829092305
738,869,131,0.131,0.15292797089612578
768,884,116,0.116,0.16485632044356316
694,847,153,0.153,0.17904905499913729
814,907,93,0.093,0.17660691164492165
768,884,116,0.116,0.20778627681848594
784,892,108,0.108,0.21181651440588758
798,899,101,0.101,0.228561536770314
774,887,113,0.113,0.23174307482736184
788,894,106,0.106,0.26826561032189056
738,869,131,0.131,0.30154320522397754
720,860,140,0.14,0.29867017607856544
760,880,120,0.12,0.3027928701294586
672,836,164,0.164,0.31330595206283035
784,892,108,0.108,0.26675635677669196
718,859,141,0.141,0.29368888382799924
786,893,107,0.107,0.2717673391792923
706,853,147,0.147,0.2949226122442633
762,881,119,0.119,0.2813400088855997
716,858,142,0.142,0.28981769756879655
774,887,113,0.113,0.2471579001098871
816,908,92,0.092,0.2471802757550031
718,859,141,0.141,0.24240519077517092
748,874,126,0.126,0.21572122688707895
764,882,118,0.118,0.19573299684887752
748,874,126,0.126,0.16465520483092405
834,917,83,0.083,0.14062487084115854
770,885,115,0.115,0.15318977144814563
708,854,146,0.146,0.15216981818631756
740,870,130,0.13,0.1535936325119692
760,880,120,0.12,0.14033952107490041
726,863,137,0.137,0.16376789265614936
770,885,115,0.115,0.13433410452725367
800,900,100,0.1,0.14612247360646144
754,877,123,0.123,0.14394295203057117
716,858,142,0.142,0.16223792246344965
712,856,144,0.144,0.17167418194776837
764,882,118,0.118,0.17717645386618097
730,865,135,0.135,0.17933407780737617
780,890,110,0.11,0.16787482302240095
766,883,117,0.117,0.1682287175534293
722,861,139,0.139,0.17266357228301057
774,887,113,0.113,0.16990195973752997
766,883,117,0.117,0.14472372347046622
714,857,143,0.143,0.18092307582194916
646,823,177,0.177,0.15589124041656033
730,865,135,0.135,0.11625329672230873
726,863,137,0.137,0.1259567872211337
760,880,120,0.12,0.11440852132345027
752,876,124,0.124,0.09608389121295477
818,909,91,0.091,0.06754449779899732
798,899,101,0.101,0.06816798676124564
734,867,133,0.133,0.06620027996575299
758,879,121,0.121,0.055996197060692796
800,900,100,0.1,0.0471981977417193
742,871,129,0.129,0.05727440311906503
748,874,126,0.126,0.05223044097268144
762,881,119,0.119,0.05093895448190415
772,886,114,0.114,0.047593421531092646
782,891,109,0.109,0.04163361844646661
850,925,75,0.075,0.031982033071332065
674,837,163,0.163,0.05154593117250437
726,863,137,0.137,0.04610676897025334
764,882,118,0.118,0.04674486705261937
750,875,125,0.125,0.03933848051026916
780,890,110,0.11,0.03652017831753892
772,886,114,0.114,0.05001573613402388
750,875,125,0.125,0.05093576881972513
764,882,118,0.118,0.046897758614534726
778,889,111,0.111,0.04262088351494276
736,868,132,0.132,0.047642099013956794
766,883,117,0.117,0.047559695382332366
722,861,139,0.139,0.05721149827319459
756,878,122,0.122,0.042797063187657844
764,882,118,0.118,0.042045116237354706
808,904,96,0.096,0.03668892827475611
772,886,114,0.114,0.04294117940531214
762,881,119,0.119,0.05068386139105928
718,859,141,0.141,0.0485826101180246
740,870,130,0.13,0.0452129043785294
734,867,133,0.133,0.048984336093530145
774,887,113,0.113,0.03788629876022787
738,869,131,0.131,0.03936784058112994
774,887,113,0.113,0.04196701671860183
758,879,121,0.121,0.039602825161533926
808,904,96,0.096,0.03474269747049402
744,872,128,0.128,0.044601360909869985
744,872,128,0.128,0.036576714487448043
738,869,131,0.131,0.03569729020796058
756,878,122,0.122,0.036668022356382605
752,876,124,0.124,0.038962304357894655
754,877,123,0.123,0.03278942958187236
770,885,115,0.115,0.036551559996595075
764,882,118,0.118,0.02957730125958915
774,887,113,0.113,0.031371868412767984
738,869,131,0.131,0.040068905028288325
704,852,148,0.148,0.03717561797056444
760,880,120,0.12,0.04170335545947637
794,897,103,0.103,0.02958346809639852
770,885,115,0.115,0.03796532126209877
796,898,102,0.102,0.032229547833281684
746,873,127,0.127,0.03478000174657791
796,898,102,0.102,0.030937490875649475
748,874,126,0.126,0.028535038412835504
758,879,121,0.121,0.03492865579560174
828,914,86,0.086,0.028624203083184682
788,894,106,0.106,0.026383745443068294
774,887,113,0.113,0.033626541038635875
788,894,106,0.106,0.02944736555518864
734,867,133,0.133,0.03588986574329283
708,854,146,0.146,0.0385987678448073
734,867,133,0.133,0.03529352758648929
778,889,111,0.111,0.036198232234576605
690,845,155,0.155,0.04935478691378046
780,890,110,0.11,0.03749309825756245
768,884,116,0.116,0.03163150988134066
826,913,87,0.087,0.03636373209232943
728,864,136,0.136,0.03823098927808905
740,870,130,0.13,0.03969224981267618
752,876,124,0.124,0.03813913259329546
772,886,114,0.114,0.033412019436535274
750,875,125,0.125,0.03978283322588095
746,873,127,0.127,0.03309985371902979
778,889,111,0.111,0.035366848092427065
710,855,145,0.145,0.03924668208082312
748,874,126,0.126,0.03330577376709698
704,852,148,0.148,0.03673459554457156
740,870,130,0.13,0.03811933174610931
744,872,128,0.128,0.033880789956915694
778,889,111,0.111,0.03065091216957998
826,913,87,0.087,0.026637944952419276
790,895,105,0.105,0.035517985205404556
762,881,119,0.119,0.0322424491290667
832,916,84,0.084,0.029180088536721313
700,850,150,0.15,0.03357353253430711
800,900,100,0.1,0.028927552252502663
768,884,116,0.116,0.03295620696210426
786,893,107,0.107,0.03096012764355146
802,901,99,0.099,0.03453422846392283
764,882,118,0.118,0.0329702227748694
746,873,127,0.127,0.04056872581686275
830,915,85,0.085,0.027030578162276015
822,911,89,0.089,0.031718960332494134
818,909,91,0.091,0.02823622786654846
782,891,109,0.109,0.03000332226516821
760,880,120,0.12,0.03628917947035961
722,861,139,0.139,0.0336827689626989
744,872,128,0.128,0.032976202485785505
736,868,132,0.132,0.03748611086855294
790,895,105,0.105,0.028570758370584485
774,887,113,0.113,0.036966660429794844
730,865,135,0.135,0.0323501378398214
754,877,123,0.123,0.03127409413114231
722,861,139,0.139,0.0391780175701133
792,896,104,0.104,0.027917372488118715
740,870,130,0.13,0.036066906104853844
758,879,121,0.121,0.03130960085777406
794,897,103,0.103,0.029232088007727725
838,919,81,0.081,0.027860526134283647
764,882,118,0.118,0.03392419872982464
774,887,113,0.113,0.03805300335456877
792,896,104,0.104,0.03551919824782181
778,889,111,0.111,0.03546666785804109
746,873,127,0.127,0.03269050944075343
666,833,167,0.167,0.038176778113997445
822,911,89,0.089,0.021957312706019364
764,882,118,0.118,0.03813489861755807
816,908,92,0.092,0.032214669661687706
690,845,155,0.155,0.037050065226307424
792,896,104,0.104,0.02857345945438681
758,879,121,0.121,0.03000260222564316
788,894,106,0.106,0.031555892345213804
682,841,159,0.159,0.0373887052166273
782,891,109,0.109,0.03136048875031804
828,914,86,0.086,0.027335581180758937
760,880,120,0.12,0.025565103263541347
782,891,109,0.109,0.025679020719096796
732,866,134,0.134,0.034871782074143994
776,888,112,0.112,0.027044332968908222
702,851,149,0.149,0.034159492542797036
772,886,114,0.114,0.02750482113280907
774,887,113,0.113,0.02951699262802515
806,903,97,0.097,0.027052987906030012
804,902,98,0.098,0.027414639905116927
798,899,101,0.101,0.028154767228132187
758,879,121,0.121,0.029843291502174452
716,858,142,0.142,0.03733923891515679
766,883,117,0.117,0.029961334158950196
800,900,100,0.1,0.024940885977062236
704,852,148,0.148,0.033528280814524976
746,873,127,0.127,0.032913158550964
772,886,114,0.114,0.026110968032879555
764,882,118,0.118,0.02733783942973514
708,854,146,0.146,0.024862080098084903
792,896,104,0.104,0.022754688931464328
752,876,124,0.124,0.02291180076891851
694,847,153,0.153,0.03227097311317175
720,860,140,0.14,0.025961964915506158
788,894,106,0.106,0.02784069477296862
786,893,107,0.107,0.02251514891754505
812,906,94,0.094,0.026237518868621693
716,858,142,0.142,0.025291895422803294
782,891,109,0.109,0.02126308184104869
728,864,136,0.136,0.027456846321048486
766,883,117,0.117,0.0229709029877431
780,890,110,0.11,0.026477611615383468
768,884,116,0.116,0.02013498531487471
878,939,61,0.061,0.018887688765979873
838,919,81,0.081,0.01984643671015283
832,916,84,0.084,0.02332692313869927
750,875,125,0.125,0.029822371113807547
740,870,130,0.13,0.02554250907690198
838,919,81,0.081,0.02235550084792703
746,873,127,0.127,0.02660474106600577
798,899,101,0.101,0.026303930587699142
748,874,126,0.126,0.02870557892943657
798,899,101,0.101,0.02667129730498732
774,887,113,0.113,0.028996448385888756
844,922,78,0.078,0.022937674539620957
766,883,117,0.117,0.028826998658844787
704,852,148,0.148,0.032165965805348834
786,893,107,0.107,0.030451524799707898
742,871,129,0.129,0.029836330767260107
798,899,101,0.101,0.031895139642831964
768,884,116,0.116,0.03217768076548873
728,864,136,0.136,0.03288905192881384
772,886,114,0.114,0.034297708378506285
728,864,136,0.136,0.037579458654341126
734,867,133,0.133,0.03373237410709589
728,864,136,0.136,0.0347300551169501
718,859,141,0.141,0.03199873044812875
764,882,118,0.118,0.03431948973139606
800,900,100,0.1,0.027902985560222533
778,889,111,0.111,0.03447720477943221
762,881,119,0.119,0.031287418102594076
784,892,108,0.108,0.02984870098125066
752,876,124,0.124,0.034837275195925034
718,859,141,0.141,0.029435630605408276
748,874,126,0.126,0.026741640899655975
778,889,111,0.111,0.026793663872896105
734,867,133,0.133,0.0297236624658708
758,879,121,0.121,0.02561694830950546
740,870,130,0.13,0.02736412485984596
746,873,127,0.127,0.030409116082520997
776,888,112,0.112,0.026427230385850636
770,885,115,0.115,0.026967853296050635
814,907,93,0.093,0.02628801654570452
730,865,135,0.135,0.029406440045253363
716,858,142,0.142,0.03267800720525338
748,874,126,0.126,0.02537312083070674
730,865,135,0.135,0.02620506082035229
752,876,124,0.124,0.027730223150252642
784,892,108,0.108,0.026056040190634577
816,908,92,0.092,0.018557245765153538
786,893,107,0.107,0.019747166614820344
702,851,149,0.149,0.023861681462804953
760,880,120,0.12,0.023602454064032826
796,898,102,0.102,0.021780530316828164
706,853,147,0.147,0.022649558592840832
726,863,137,0.137,0.019103601360902757
772,886,114,0.114,0.020611321456623158
764,882,118,0.118,0.015789012582412398
774,887,113,0.113,0.014622495070045772
720,860,140,0.14,0.017609313132708734
796,898,102,0.102,0.017880993624295228
822,911,89,0.089,0.01502208627857931
752,876,124,0.124,0.0145597406764806
768,884,116,0.116,0.018907340904905427
814,907,93,0.093,0.014435196533769358
724,862,138,0.138,0.01764658112415191
758,879,121,0.121,0.018090110779465193
752,876,124,0.124,0.0167626372192035
866,933,67,0.067,0.01523404820574332
810,905,95,0.095,0.017397989397027688
728,864,136,0.136,0.01907154681031534
780,890,110,0.11,0.018784529682590118
744,872,128,0.128,0.019844423456229606
786,893,107,0.107,0.022036981016202162
724,862,138,0.138,0.023320036200060713
794,897,103,0.103,0.022327173168372128
752,876,124,0.124,0.020648398739906853
750,875,125,0.125,0.017947759432946384
754,877,123,0.123,0.018990804951120707
756,878,122,0.122,0.018558184808993475
790,895,105,0.105,0.015002440414471494
772,886,114,0.114,0.016433498652331763
742,871,129,0.129,0.01690251054018802
736,868,132,0.132,0.019840600263434226
756,878,122,0.122,0.01667033159678931
784,892,108,0.108,0.013475607752576025
766,883,117,0.117,0.014336815886444086
774,887,113,0.113,0.013271214852798039
744,872,128,0.128,0.01742379674071009
738,869,131,0.131,0.01700852631130283
826,913,87,0.087,0.012976555764220165
740,870,130,0.13,0.01725775855593271
764,882,118,0.118,0.015072670940830108
734,867,133,0.133,0.019355647011770755
734,867,133,0.133,0.01675908078308487
724,862,138,0.138,0.020380068832578785
770,885,115,0.115,0.018963403108650922
768,884,116,0.116,0.014324270233063345
784,892,108,0.108,0.016104905009131528
754,877,123,0.123,0.01723071328014595
822,911,89,0.089,0.015076494130196906
730,865,135,0.135,0.017004904614041607
760,880,120,0.12,0.01803048178846029
758,879,121,0.121,0.017350415002361386
734,867,133,0.133,0.0164638995449111
774,887,113,0.113,0.01883774094197406
788,894,106,0.106,0.016443906758774232
812,906,94,0.094,0.015485550773784326
756,878,122,0.122,0.014185659276197271
772,886,114,0.114,0.018176443236920022
736,868,132,0.132,0.021683778515881273
744,872,128,0.128,0.018567097233687036
732,866,134,0.134,0.01662565650124543
712,856,144,0.144,0.019182532682626173
750,875,125,0.125,0.015986865678468347
816,908,92,0.092,0.012573276439448364
774,887,113,0.113,0.01474780286748046
742,871,129,0.129,0.01779724913909945
748,874,126,0.126,0.01570851545623418
792,896,104,0.104,0.01446201554302661
774,887,113,0.113,0.017938122253405638
780,890,110,0.11,0.012277626256849543
762,881,119,0.119,0.015046532138279603
796,898,102,0.102,0.010815297768495555
772,886,114,0.114,0.012864394793465862
740,870,130,0.13,0.01264396914522581
816,908,92,0.092,0.011187713073651536
698,849,151,0.151,0.01602972312089969
784,892,108,0.108,0.013530960007931185
774,887,113,0.113,0.011103313543279298
758,879,121,0.121,0.009955203568943489
718,859,141,0.141,0.013097708771847294
790,895,105,0.105,0.011940227886247953
754,877,123,0.123,0.012026130383569353
760,880,120,0.12,0.012566605138935302
756,878,122,0.122,0.013582296206600944
798,899,101,0.101,0.01028055484764421
774,887,113,0.113,0.009825212014592638
800,900,100,0.1,0.011479756573966824
730,865,135,0.135,0.013935703790815865
730,865,135,0.135,0.013680589293782148
790,895,105,0.105,0.010632321917431867
766,883,117,0.117,0.013943690146898008
774,887,113,0.113,0.010722248885481463
756,878,122,0.122,0.010960010664865877
802,901,99,0.099,0.015688525382144464
770,885,115,0.115,0.012357130814128908
762,881,119,0.119,0.015288736720484393
826,913,87,0.087,0.013716745631400044
782,891,109,0.109,0.014040423557525628
700,850,150,0.15,0.01393058812046047
744,872,128,0.128,0.01382752862304028
766,883,117,0.117,0.012288626734789431
774,887,113,0.113,0.011036856941562518
730,865,135,0.135,0.013596001853938219
772,886,114,0.114,0.014042098189451551
768,884,116,0.116,0.010856879526562807
762,881,119,0.119,0.012968631945689766
772,886,114,0.114,0.011519775900131209
818,909,91,0.091,0.006774746500851506
782,891,109,0.109,0.010828609722305146
812,906,94,0.094,0.012085098513377034
776,888,112,0.112,0.01298781515787391
756,878,122,0.122,0.01144362034664323
714,857,143,0.143,0.013420520813495386
708,854,146,0.146,0.01112773320591441
768,884,116,0.116,0.009989626464538076
776,888,112,0.112,0.011929645529596768
748,874,126,0.126,0.013143993595066433
768,884,116,0.116,0.01323734851125073
766,883,117,0.117,0.00991718609715366
754,877,123,0.123,0.012687549412002796
728,864,136,0.136,0.011881947084100375
702,851,149,0.149,0.013885234636155402
802,901,99,0.099,0.009792096268031883
736,868,132,0.132,0.01138797095812697
686,843,157,0.157,0.01114200571235233
794,897,103,0.103,0.00979520581091944
768,884,116,0.116,0.009314670554274358
774,887,113,0.113,0.011037262933037284
770,885,115,0.115,0.012971546433401045
784,892,108,0.108,0.00883277961889536
778,889,111,0.111,0.009989799394812962
762,881,119,0.119,0.012059786181593722
774,887,113,0.113,0.01146617283948376
666,833,167,0.167,0.012955458949382376
760,880,120,0.12,0.010906289779881263
732,866,134,0.134,0.010237611268462033
802,901,99,0.099,0.011463635974393796
754,877,123,0.123,0.011033687135714629
748,874,126,0.126,0.013474932154335335
772,886,114,0.114,0.009861989200574727
800,900,100,0.1,0.008831565127367071
792,896,104,0.104,0.01002783169575784
702,851,149,0.149,0.013377268662314463
782,891,109,0.109,0.012474438768982906
776,888,112,0.112,0.007577038895706437
764,882,118,0.118,0.013112605698462588
788,894,106,0.106,0.012787180564040511
714,857,143,0.143,0.011277791614164017
708,854,146,0.146,0.013705309970823351
814,907,93,0.093,0.010157987394417433
782,891,109,0.109,0.014417612997722358
772,886,114,0.114,0.011040560193389979
822,911,89,0.089,0.014075420885042718
774,887,113,0.113,0.013486810066463477
778,889,111,0.111,0.012967306554703156
814,907,93,0.093,0.012266835041446256
770,885,115,0.115,0.015249607057128117
780,890,110,0.11,0.013854561811314397
702,851,149,0.149,0.011904284725171237
770,885,115,0.115,0.01101100693128484
728,864,136,0.136,0.012827841290771176
784,892,108,0.108,0.011992221001331814
752,876,124,0.124,0.011470988858329747
776,888,112,0.112,0.012491293252217105
812,906,94,0.094,0.012689576885937214
744,872,128,0.128,0.011576669973002367
800,900,100,0.1,0.008244023555735964
780,890,110,0.11,0.009716666236261346
746,873,127,0.127,0.012488420879516212
760,880,120,0.12,0.012328118183043217
682,841,159,0.159,0.009896651434714045
800,900,100,0.1,0.009523157910302189
810,905,95,0.095,0.010200093071625815
748,874,126,0.126,0.012808512096479376
804,902,98,0.098,0.01193015132553046
750,875,125,0.125,0.011122589020283612
788,894,106,0.106,0.014558532946264677
774,887,113,0.113,0.010384860647686978
740,870,130,0.13,0.011348266977445063
802,901,99,0.099,0.01637303337658227
742,871,129,0.129,0.015734609954307928
772,886,114,0.114,0.01277701451308819
752,876,124,0.124,0.01609300548823808
792,896,104,0.104,0.012609297734127892
802,901,99,0.099,0.013967552595848417
758,879,121,0.121,0.011591434750077723
736,868,132,0.132,0.01311501064381389
774,887,113,0.113,0.013029865235910279
780,890,110,0.11,0.010418474317840832
802,901,99,0.099,0.009818195217121229
750,875,125,0.125,0.013185459595825705
786,893,107,0.107,0.01405728841569089
822,911,89,0.089,0.008571549301571566
790,895,105,0.105,0.011465904655864221
810,905,95,0.095,0.009113344965229914
802,901,99,0.099,0.010114718489708708
784,892,108,0.108,0.010044958047581872
722,861,139,0.139,0.011289246102460538
678,839,161,0.161,0.010394674410797791
758,879,121,0.121,0.007990966584605758
794,897,103,0.103,0.011732381355630423
760,880,120,0.12,0.009741633971760167
768,884,116,0.116,0.011573787749702575
748,874,126,0.126,0.009971765844250769
732,866,134,0.134,0.01032996204477422
786,893,107,0.107,0.011448937295591804
720,860,140,0.14,0.010205448328332012
786,893,107,0.107,0.010743854110664643
728,864,136,0.136,0.01177125224514407
776,888,112,0.112,0.011635133399838366
804,902,98,0.098,0.010011898851100312
808,904,96,0.096,0.014870753180255634
752,876,124,0.124,0.010721869594343375
804,902,98,0.098,0.010870749232457342
720,860,140,0.14,0.01381351963331872
724,862,138,0.138,0.01580203576954773
796,898,102,0.102,0.010481089740096195
754,877,123,0.123,0.009868541681773252
730,865,135,0.135,0.011315490008271126
754,877,123,0.123,0.0138060710460677
752,876,124,0.124,0.0140072622299637
712,856,144,0.144,0.014466235241478444
782,891,109,0.109,0.00945560241308931
788,894,106,0.106,0.01440912886438582
766,883,117,0.117,0.009641165551722793
762,881,119,0.119,0.013986871264094588
780,890,110,0.11,0.011308783860935364
774,887,113,0.113,0.0133437305981857
760,880,120,0.12,0.010888466142689481
786,893,107,0.107,0.011486387778175412
794,897,103,0.103,0.016177154627908294
828,914,86,0.086,0.013867459034495596
730,865,135,0.135,0.016824051893138403
722,861,139,0.139,0.012936320310265727
774,887,113,0.113,0.01272400490990185
782,891,109,0.109,0.012296800991012788
784,892,108,0.108,0.014131060242776869
752,876,124,0.124,0.013086033767910295
728,864,136,0.136,0.013558501544810498
800,900,100,0.1,0.01400539888457024
758,879,121,0.121,0.013652455635855858
782,891,109,0.109,0.011343676355776496
776,888,112,0.112,0.011034386517565168
746,873,127,0.127,0.013473925446574867
762,881,119,0.119,0.01313399883564216
738,869,131,0.131,0.013406674714291512
812,906,94,0.094,0.012562657501663353
750,875,125,0.125,0.013510359792588418
762,881,119,0.119,0.013119901945322227
796,898,102,0.102,0.01294370630438334
794,897,103,0.103,0.01305327968876918
734,867,133,0.133,0.014168598853886579
734,867,133,0.133,0.012935856614387375
696,848,152,0.152,0.014649419502499199
760,880,120,0.12,0.013492308802059597
732,866,134,0.134,0.014070275557798596
758,879,121,0.121,0.014744156373895749
762,881,119,0.119,0.014084099300990659
798,899,101,0.101,0.012429258214144851
796,898,102,0.102,0.01316996577583268
806,903,97,0.097,0.012932095680018392
790,895,105,0.105,0.011507872224060805
782,891,109,0.109,0.012699740428717177
754,877,123,0.123,0.015246979735499508
746,873,127,0.127,0.012393655944653801
778,889,111,0.111,0.012354490287119234
782,891,109,0.109,0.015507826887036344
724,862,138,0.138,0.016465261954435845
756,878,122,0.122,0.014561741542279719
702,851,149,0.149,0.01230883102468033
750,875,125,0.125,0.015921711611976662
744,872,128,0.128,0.01909641985535791
744,872,128,0.128,0.016034946022204167
830,915,85,0.085,0.014354185495372804
746,873,127,0.127,0.015899440013074126
764,882,118,0.118,0.015158411592373796
780,890,110,0.11,0.016982513951078543
822,911,89,0.089,0.015328711944519739
734,867,133,0.133,0.01741836215509119
682,841,159,0.159,0.016991797941478582
698,849,151,0.151,0.016212118983708022
756,878,122,0.122,0.015497934956419159
734,867,133,0.133,0.016478178240460693
758,879,121,0.121,0.014096227787320458
780,890,110,0.11,0.015711879002001466
780,890,110,0.11,0.01332547786982832
764,882,118,0.118,0.018414117982549213
758,879,121,0.121,0.017398310022625083
882,941,59,0.059,0.016266024398574344
758,879,121,0.121,0.017349735973346526
754,877,123,0.123,0.021075660971441493
724,862,138,0.138,0.017081557856610745
750,875,125,0.125,0.0177794307696372
770,885,115,0.115,0.01815063205128172
704,852,148,0.148,0.025234646780240837
828,914,86,0.086,0.01520671245286576
760,880,120,0.12,0.022406737427837924
840,920,80,0.08,0.017077708971915854
760,880,120,0.12,0.021585690399655504
736,868,132,0.132,0.019205349913438113
726,863,137,0.137,0.020719900385517576
788,894,106,0.106,0.019338040370501405
760,880,120,0.12,0.01757548787630958
756,878,122,0.122,0.01895598755097035
826,913,87,0.087,0.021257585243968834
788,894,106,0.106,0.01710115259068334
806,903,97,0.097,0.01462465326334859
774,887,113,0.113,0.012882769700811167
758,879,121,0.121,0.014219264946056171
784,892,108,0.108,0.014852586370406073
744,872,128,0.128,0.010696525742935023
762,881,119,0.119,0.01175312482302037
776,888,112,0.112,0.010230884843402236
768,884,116,0.116,0.011979835746796197
812,906,94,0.094,0.010874176973826479
846,923,77,0.077,0.009098124785220534
684,842,158,0.158,0.011028456291319912
704,852,148,0.148,0.01056168306966083
802,901,99,0.099,0.010065342734621027
776,888,112,0.112,0.008947401323747727
792,896,104,0.104,0.008390153405900094
812,906,94,0.094,0.009867006252632336
766,883,117,0.117,0.00813464212302489
746,873,127,0.127,0.008536872295959256
748,874,126,0.126,0.007516156093181905
718,859,141,0.141,0.011369126904228664
798,899,101,0.101,0.010101851557498208
854,927,73,0.073,0.008507538608513186
732,866,134,0.134,0.00869996771292972
726,863,137,0.137,0.008875952003820131
734,867,133,0.133,0.0075766619256933156
786,893,107,0.107,0.00827802531737214
814,907,93,0.093,0.007068885631501019
794,897,103,0.103,0.009523302789567537
768,884,116,0.116,0.007175239187070176
730,865,135,0.135,0.0074336048705781225
762,881,119,0.119,0.006165959074893862
750,875,125,0.125,0.007840021506260314
760,880,120,0.12,0.006802523177952253
734,867,133,0.133,0.007792588082433255
698,849,151,0.151,0.008546405586517267
728,864,136,0.136,0.007032122693415673
778,889,111,0.111,0.008042825609759519
718,859,141,0.141,0.0068702802303887865
778,889,111,0.111,0.0081462095861674
744,872,128,0.128,0.006894033260825722
698,849,151,0.151,0.008592288017866849
746,873,127,0.127,0.008267566878770595
792,896,104,0.104,0.006882334762694882
716,858,142,0.142,0.00886379978411128
792,896,104,0.104,0.008636743727876364
758,879,121,0.121,0.008854090087506336
824,912,88,0.088,0.008004796774044849
762,881,119,0.119,0.009437597682558248
840,920,80,0.08,0.006679086617865948
728,864,136,0.136,0.009225767926377103
752,876,124,0.124,0.00744070584558898
704,852,148,0.148,0.008743661018605508
820,910,90,0.09,0.007438312810313903
718,859,141,0.141,0.009779353973879551
756,878,122,0.122,0.008537754746304074
764,882,118,0.118,0.007043237886436146
778,889,111,0.111,0.007565475216855248
772,886,114,0.114,0.008541514855775176
770,885,115,0.115,0.007386534167695799
762,881,119,0.119,0.006427884910432255
774,887,113,0.113,0.008048389431969269
702,851,149,0.149,0.00880281675000333
804,902,98,0.098,0.007478877327913096
816,908,92,0.092,0.006503087746789788
736,868,132,0.132,0.006274504481024223
784,892,108,0.108,0.0073511408109599476
754,877,123,0.123,0.007339022567991947
794,897,103,0.103,0.006682863484438712
798,899,101,0.101,0.006058705027253381
774,887,113,0.113,0.006955212439534421
794,897,103,0.103,0.005772285570494546
786,893,107,0.107,0.006074586830430377
774,887,113,0.113,0.007010713041586314
800,900,100,0.1,0.006449334617793284
810,905,95,0.095,0.00399700773217819
708,854,146,0.146,0.0061843441477517445
798,899,101,0.101,0.005475401756869686
800,900,100,0.1,0.007959511732724025
744,872,128,0.128,0.0072052215802523275
750,875,125,0.125,0.006726405164353992
752,876,124,0.124,0.0068482774813145965
758,879,121,0.121,0.006001588419902873
742,871,129,0.129,0.006776255447673862
814,907,93,0.093,0.006414887941449124
772,886,114,0.114,0.005075489171790309
766,883,117,0.117,0.007884094102351923
798,899,101,0.101,0.006553643767276526
776,888,112,0.112,0.0075481673375042534
736,868,132,0.132,0.006532394446405078
778,889,111,0.111,0.0063861579866497774
784,892,108,0.108,0.007834287962771668
700,850,150,0.15,0.008525626478232766
716,858,142,0.142,0.00670382853730996
788,894,106,0.106,0.005308059419690835
736,868,132,0.132,0.007377294754166712
774,887,113,0.113,0.006780398372362129
794,897,103,0.103,0.006638797276822331
808,904,96,0.096,0.0062081856604478385
756,878,122,0.122,0.006632144664251882
792,896,104,0.104,0.0059415279720453785
752,876,124,0.124,0.005335834489101046
810,905,95,0.095,0.00700412089812994
802,901,99,0.099,0.006437024091212208
762,881,119,0.119,0.007174169321686122
820,910,90,0.09,0.005599283812886256
782,891,109,0.109,0.006068667687768539
752,876,124,0.124,0.007602236319450299
792,896,104,0.104,0.007773403137895002
738,869,131,0.131,0.00813787333429849
772,886,114,0.114,0.0076698217698044574
774,887,113,0.113,0.009025188486757827
794,897,103,0.103,0.008494686803253045
792,896,104,0.104,0.00763861709122952
766,883,117,0.117,0.007111089177090321
812,906,94,0.094,0.005342965340630599
770,885,115,0.115,0.0070148151463130266
782,891,109,0.109,0.0068715974488525264
714,857,143,0.143,0.007156764422653054
740,870,130,0.13,0.00772213193809057
810,905,95,0.095,0.006506185132970643
818,909,91,0.091,0.007223916941370817
756,878,122,0.122,0.0063363576968429244
822,911,89,0.089,0.006711029254700065
720,860,140,0.14,0.008376311743080421
768,884,116,0.116,0.0072030486547951115
786,893,107,0.107,0.0064602630777553715
690,845,155,0.155,0.0086420432291103
804,902,98,0.098,0.0091634053919488
768,884,116,0.116,0.007379214975075229
740,870,130,0.13,0.00884684451164685
768,884,116,0.116,0.00793862674424372
768,884,116,0.116,0.006956036073420876
788,894,106,0.106,0.007042464544976611
752,876,124,0.124,0.007815916191578709
790,895,105,0.105,0.00807639534910706
776,888,112,0.112,0.008932507312721768
728,864,136,0.136,0.008428753479650823
726,863,137,0.137,0.00848571283830617
720,860,140,0.14,0.009408078388127749
726,863,137,0.137,0.008707911963705243
774,887,113,0.113,0.008563294562939177
776,888,112,0.112,0.008067599597032312
732,866,134,0.134,0.008463331158476193
790,895,105,0.105,0.007113604638699144
752,876,124,0.124,0.00701776630509903
764,882,118,0.118,0.006992526067754284
770,885,115,0.115,0.008233987987654472
676,838,162,0.162,0.008144025559826787
788,894,106,0.106,0.008193706389134178
776,888,112,0.112,0.007985415526008439
792,896,104,0.104,0.006500369911776346
772,886,114,0.114,0.008747692967641114
742,871,129,0.129,0.009602295858595284
744,872,128,0.128,0.006811592366104378
806,903,97,0.097,0.007951939963279074
760,880,120,0.12,0.008054394296595433
718,859,141,0.141,0.00757453471523786
824,912,88,0.088,0.006709248415918978
776,888,112,0.112,0.0071466474263561395
772,886,114,0.114,0.007297833554320618
756,878,122,0.122,0.008651305174295316
762,881,119,0.119,0.010885748057298883
696,848,152,0.152,0.01041214235115126
758,879,121,0.121,0.008693640107511896
714,857,143,0.143,0.00855538867745929
752,876,124,0.124,0.009166989288676404
750,875,125,0.125,0.010725008351300715
730,865,135,0.135,0.008526317537367049
800,900,100,0.1,0.00816540037671166
762,881,119,0.119,0.009437987595880258
776,888,112,0.112,0.008086930156980998
728,864,136,0.136,0.008634538631034501
752,876,124,0.124,0.010312793044855426
782,891,109,0.109,0.008557547509636833
742,871,129,0.129,0.007321241410746836
750,875,125,0.125,0.00808651961903979
786,893,107,0.107,0.007770577815163989
726,863,137,0.137,0.0076375333016967485
772,886,114,0.114,0.007346956867781387
728,864,136,0.136,0.008134126224174906
714,857,143,0.143,0.0075923703197267964
792,896,104,0.104,0.0074211644362112
800,900,100,0.1,0.008296002807825744
698,849,151,0.151,0.008280583494264648
738,869,131,0.131,0.009118630013632355
786,893,107,0.107,0.008339687129396112
722,861,139,0.139,0.009300820139366351
810,905,95,0.095,0.007612898681791762
776,888,112,0.112,0.009107714743452561
786,893,107,0.107,0.0073924875118427736
782,891,109,0.109,0.009863571849206438
824,912,88,0.088,0.007457892165564999
750,875,125,0.125,0.008673956424479911
764,882,118,0.118,0.006740104517762574
754,877,123,0.123,0.006683031568046317
706,853,147,0.147,0.009166178868754286
784,892,108,0.108,0.007228956693754299
730,865,135,0.135,0.0080090239841752
784,892,108,0.108,0.006781409621156399
794,897,103,0.103,0.007567074652799363
708,854,146,0.146,0.0074671825163432
724,862,138,0.138,0.006709507818914062
788,894,106,0.106,0.005981768195782479
740,870,130,0.13,0.005389819549429717
760,880,120,0.12,0.008995588721340141
772,886,114,0.114,0.008306191971895032
768,884,116,0.116,0.006769662305442807
768,884,116,0.116,0.007531470006405527
796,898,102,0.102,0.008527926349642258
804,902,98,0.098,0.00748782419005613
746,873,127,0.127,0.007281520081979352
762,881,119,0.119,0.00644503333527382
776,888,112,0.112,0.006600837880013387
778,889,111,0.111,0.006731087375340622
802,901,99,0.099,0.005499518044487274
754,877,123,0.123,0.007977105855958143
734,867,133,0.133,0.007290395214627552
796,898,102,0.102,0.0069917366923878035
778,889,111,0.111,0.006460654454684118
866,933,67,0.067,0.006729354236003928
796,898,102,0.102,0.006611775063426193
750,875,125,0.125,0.008284637791975911
818,909,91,0.091,0.005399922852615191
770,885,115,0.115,0.007432437506215592
782,891,109,0.109,0.006550053046327776
810,905,95,0.095,0.004613838795612537
792,896,104,0.104,0.006608697461281452
822,911,89,0.089,0.00450901382844188
704,852,148,0.148,0.005596120659160647
714,857,143,0.143,0.005748302973018326
746,873,127,0.127,0.006420721776516686
798,899,101,0.101,0.006279273203967478
756,878,122,0.122,0.007046128708110786
758,879,121,0.121,0.007185851515079435
760,880,120,0.12,0.007977640272115423
790,895,105,0.105,0.006345888362746791
772,886,114,0.114,0.007407187991631872
774,887,113,0.113,0.007663930562355773
746,873,127,0.127,0.006276314427357647
784,892,108,0.108,0.007166448711427165
770,885,115,0.115,0.007515690664198701
764,882,118,0.118,0.00820405680208114
766,883,117,0.117,0.0075509285251954454
812,906,94,0.094,0.006544067146678799
742,871,129,0.129,0.008122609605447906
718,859,141,0.141,0.009257507983719507
718,859,141,0.141,0.0073828828793430145
756,878,122,0.122,0.009295964961675054
736,868,132,0.132,0.008806999681271918
726,863,137,0.137,0.008477829621586353
822,911,89,0.089,0.00717245287868036
756,878,122,0.122,0.00809095236036228
750,875,125,0.125,0.007440362317195195
826,913,87,0.087,0.008286838250646269
768,884,116,0.116,0.009161470462416218
774,887,113,0.113,0.00967460563814302
770,885,115,0.115,0.010340300944954379
674,837,163,0.163,0.009525473507126904
754,877,123,0.123,0.00746342842058857
772,886,114,0.114,0.005832336052295887
772,886,114,0.114,0.00793171892640339
808,904,96,0.096,0.007054497011968579
790,895,105,0.105,0.007193114905139737
778,889,111,0.111,0.009597158460394894
780,890,110,0.11,0.007211534958937591
748,874,126,0.126,0.007003404127382055
788,894,106,0.106,0.008579256785788743
700,850,150,0.15,0.008202771374817643
870,935,65,0.065,0.009210214144062775
784,892,108,0.108,0.007689501834875955
780,890,110,0.11,0.009481969571163972
774,887,113,0.113,0.008997413189272266
778,889,111,0.111,0.007377406752153547
778,889,111,0.111,0.00796981149885596
740,870,130,0.13,0.00781765113975871
786,893,107,0.107,0.008293297322443322
710,855,145,0.145,0.009274548814430886
796,898,102,0.102,0.009179330436537157
806,903,97,0.097,0.00786594950537642
744,872,128,0.128,0.010578745597842498
738,869,131,0.131,0.009705366920627057
768,884,116,0.116,0.009674929324653931
740,870,130,0.13,0.009577294563934855
716,858,142,0.142,0.008857246609792185
786,893,107,0.107,0.010417791470026715
772,886,114,0.114,0.009031676755038688
748,874,126,0.126,0.009293716941906638
784,892,108,0.108,0.01194658711536249
762,881,119,0.119,0.011895766995106897
746,873,127,0.127,0.011387673857248955
724,862,138,0.138,0.010943604351210525
782,891,109,0.109,0.010867497217535856
818,909,91,0.091,0.01131245884533746
762,881,119,0.119,0.010779905470304982
804,902,98,0.098,0.008244366522313612
770,885,115,0.115,0.009144711358781933
840,920,80,0.08,0.009081276177927066
806,903,97,0.097,0.008758356009706404
788,894,106,0.106,0.008684309031380507
778,889,111,0.111,0.008705481511728294
794,897,103,0.103,0.008063529424170155
812,906,94,0.094,0.007151821787903373
772,886,114,0.114,0.008237699102259285
758,879,121,0.121,0.009488337403353399
830,915,85,0.085,0.008177074114567404
788,894,106,0.106,0.008672568403194745
804,902,98,0.098,0.007305903922669188
798,899,101,0.101,0.009511519647201793
786,893,107,0.107,0.009806700877970798
778,889,111,0.111,0.008701109429614462
728,864,136,0.136,0.00865156511646319
756,878,122,0.122,0.012547659630886528
774,887,113,0.113,0.009904181945885285
704,852,148,0.148,0.010087820239609541
780,890,110,0.11,0.010240379464423313
710,855,145,0.145,0.010501454890203604
812,906,94,0.094,0.00921437415633045
728,864,136,0.136,0.012321280609554378
770,885,115,0.115,0.010929486364970216
752,876,124,0.124,0.010419468831047198
766,883,117,0.117,0.011979834591958024
748,874,126,0.126,0.0102989919711531
782,891,109,0.109,0.010318103118219369
728,864,136,0.136,0.013592989543405565
752,876,124,0.124,0.01106157741579591
752,876,124,0.124,0.009332871334327137
726,863,137,0.137,0.010118765081220771
762,881,119,0.119,0.008175977068660245
782,891,109,0.109,0.007872323487265931
744,872,128,0.128,0.010660195651722462
770,885,115,0.115,0.009707167224164323
738,869,131,0.131,0.012105986407706042
734,867,133,0.133,0.00889481152382632
742,871,129,0.129,0.00985474867800076
762,881,119,0.119,0.010591421459303092
732,866,134,0.134,0.009836215512415947
784,892,108,0.108,0.00819742564938815
746,873,127,0.127,0.008375484739314175
760,880,120,0.12,0.008678045942856556
744,872,128,0.128,0.008834672338436576
816,908,92,0.092,0.007724181411847894
744,872,128,0.128,0.007333592985971336
768,884,116,0.116,0.007886510831584786
780,890,110,0.11,0.008380852557860636
820,910,90,0.09,0.007605757307831027
776,888,112,0.112,0.009310728868239493
804,902,98,0.098,0.007013917920738549
740,870,130,0.13,0.00796014440324177
770,885,115,0.115,0.00847691297838537
754,877,123,0.123,0.009005105841097474
730,865,135,0.135,0.007673262288273008
748,874,126,0.126,0.007469906456361968
786,893,107,0.107,0.007494699500351089
780,890,110,0.11,0.007206259583519568
780,890,110,0.11,0.006838198752809603
744,872,128,0.128,0.007528113766713091
776,888,112,0.112,0.008317288062398802
764,882,118,0.118,0.008850447613339129
764,882,118,0.118,0.007096501821291895
746,873,127,0.127,0.007726362215593327
778,889,111,0.111,0.010028967586476483
724,862,138,0.138,0.009864434616855192
776,888,112,0.112,0.00889326291639827
712,856,144,0.144,0.007825101701433142
742,871,129,0.129,0.008526433489870214
736,868,132,0.132,0.008334656900478422
766,883,117,0.117,0.009222603811300814
750,875,125,0.125,0.009341744146214297
782,891,109,0.109,0.007216926877322067
762,881,119,0.119,0.008411135898288194
778,889,111,0.111,0.007016950443245151
714,857,143,0.143,0.010174486189750497
736,868,132,0.132,0.007924049322676296
790,895,105,0.105,0.007536399752059424
760,880,120,0.12,0.007686427054100932
726,863,137,0.137,0.007384835563072101
766,883,117,0.117,0.006766905125680069
770,885,115,0.115,0.006608316207394409
818,909,91,0.091,0.008016823320960612
720,860,140,0.14,0.008248408127045309
792,896,104,0.104,0.007288557481221915
718,859,141,0.141,0.008485082280910546
772,886,114,0.114,0.006892697010699976
810,905,95,0.095,0.006435394932275699
776,888,112,0.112,0.007060012788339009
790,895,105,0.105,0.00594650681478106
766,883,117,0.117,0.006580906730960578
724,862,138,0.138,0.007519331577286721
716,858,142,0.142,0.006324415321128057
766,883,117,0.117,0.0057270313768398185
766,883,117,0.117,0.00540377145800835
794,897,103,0.103,0.0071383645794444416
732,866,134,0.134,0.00497832932063443
800,900,100,0.1,0.004412311830453746
816,908,92,0.092,0.005181692173185183
748,874,126,0.126,0.005886455710355733
792,896,104,0.104,0.004661846548144467
782,891,109,0.109,0.005457934697034034
730,865,135,0.135,0.00532690983292423
794,897,103,0.103,0.005140956389485609
834,917,83,0.083,0.00333692941808016
778,889,111,0.111,0.0051405432629940155
682,841,159,0.159,0.005743667230861348
798,899,101,0.101,0.004299331886411778
830,915,85,0.085,0.003798607211891579
838,919,81,0.081,0.003809131238958912
730,865,135,0.135,0.004660335167488938
718,859,141,0.141,0.004912402416113935
806,903,97,0.097,0.004284650817904207
802,901,99,0.099,0.004127937132557236
760,880,120,0.12,0.004297579772786833
778,889,111,0.111,0.003927721727668711
760,880,120,0.12,0.0032336926147512484
808,904,96,0.096,0.0032993519239806657
774,887,113,0.113,0.004031730307910209
732,866,134,0.134,0.004286168338403627
732,866,134,0.134,0.0035729727211453338
736,868,132,0.132,0.002605287356286766
698,849,151,0.151,0.00392319879291847
756,878,122,0.122,0.0036374815581147004
766,883,117,0.117,0.0038845878576770475
802,901,99,0.099,0.003261659607883985
822,911,89,0.089,0.003484698847338791
796,898,102,0.102,0.0034012758001299515
774,887,113,0.113,0.004040786779099562
838,919,81,0.081,0.0042740841044832225
814,907,93,0.093,0.004545677409224027
732,866,134,0.134,0.004024357131700186
676,838,162,0.162,0.005976168502694577
770,885,115,0.115,0.004530814852647552
774,887,113,0.113,0.004037307944743361
760,880,120,0.12,0.004155228266559675
786,893,107,0.107,0.005220564589608784
774,887,113,0.113,0.0036512913991589356
790,895,105,0.105,0.004086693805363211
756,878,122,0.122,0.0045254173586656635
790,895,105,0.105,0.0050571679887808614
768,884,116,0.116,0.003658470412111399
736,868,132,0.132,0.004966844529051457
774,887,113,0.113,0.004290094198366091
770,885,115,0.115,0.0033014149423866
754,877,123,0.123,0.0035376234671492595
748,874,126,0.126,0.004258852096596769
712,856,144,0.144,0.003377489958941851
744,872,128,0.128,0.003977939437674991
728,864,136,0.136,0.003704497141565639
776,888,112,0.112,0.003974049292085511
740,870,130,0.13,0.0037380095517314657
750,875,125,0.125,0.0035558446844910917
774,887,113,0.113,0.0036186743079808822
818,909,91,0.091,0.0029478288269597784
766,883,117,0.117,0.004878328263393655
772,886,114,0.114,0.0036818320564533024
750,875,125,0.125,0.004619446360924883
748,874,126,0.126,0.0030653780374773304
768,884,116,0.116,0.003278320260573082
766,883,117,0.117,0.0035913358508176145
790,895,105,0.105,0.00431581599549969
784,892,108,0.108,0.003230002954550628
788,894,106,0.106,0.0037891748035480646
722,861,139,0.139,0.005010036031452046
798,899,101,0.101,0.003177347341800214
800,900,100,0.1,0.0033809324521135975
744,872,128,0.128,0.00335375249104402
702,851,149,0.149,0.0038668387201024642
740,870,130,0.13,0.004158024348523099
784,892,108,0.108,0.0035631965730849517
740,870,130,0.13,0.0034334029466463107
738,869,131,0.131,0.0036214848615018554
786,893,107,0.107,0.003667032284767174
752,876,124,0.124,0.004132775697754937
750,875,125,0.125,0.004265663039634546
730,865,135,0.135,0.003347894751861418
730,865,135,0.135,0.005373886419824259
764,882,118,0.118,0.004240210296650048
796,898,102,0.102,0.003758688416281984
752,876,124,0.124,0.004201861069673669
778,889,111,0.111,0.0037474277441940556
752,876,124,0.124,0.0036203461246764163
790,895,105,0.105,0.0034719374487475535
716,858,142,0.142,0.00312843436681176
726,863,137,0.137,0.003879961841741988
768,884,116,0.116,0.002891270715116278
764,882,118,0.118,0.0034527248050296748
804,902,98,0.098,0.0031336476705869244
784,892,108,0.108,0.0029359994959174286
726,863,137,0.137,0.002547117141464696
788,894,106,0.106,0.0036906768577478033
818,909,91,0.091,0.002721523807081155
738,869,131,0.131,0.003115418011201996
798,899,101,0.101,0.0030524892737451665
838,919,81,0.081,0.0029879001410616866
788,894,106,0.106,0.0035672934552515587
738,869,131,0.131,0.0038986733645196524
778,889,111,0.111,0.0029477193022962637
774,887,113,0.113,0.003962820137856397
788,894,106,0.106,0.0026977578768205604
766,883,117,0.117,0.003133416475260219
848,924,76,0.076,0.0030714601455867126
800,900,100,0.1,0.004046406363196866
804,902,98,0.098,0.0025095678169751636
760,880,120,0.12,0.0038310837023348655
726,863,137,0.137,0.002923900028469291
768,884,116,0.116,0.0021881654526130774
726,863,137,0.137,0.002713632309875322
792,896,104,0.104,0.0030399927471856073
812,906,94,0.094,0.002884600343171087
740,870,130,0.13,0.0025636535218137623
826,913,87,0.087,0.0026978825840524223
750,875,125,0.125,0.00308640789034132
782,891,109,0.109,0.002685319193325242
748,874,126,0.126,0.003838988790061592
796,898,102,0.102,0.0030649174362095124
738,869,131,0.131,0.0024339210530220042
798,899,101,0.101,0.0030669633872057603
734,867,133,0.133,0.003018935787549026
820,910,90,0.09,0.002391398821219866
762,881,119,0.119,0.0029958169737063826
782,891,109,0.109,0.0031938934844164494
798,899,101,0.101,0.002600139606619564
732,866,134,0.134,0.002923958034856014
810,905,95,0.095,0.0020706320998582443
804,902,98,0.098,0.0026713312653010206
766,883,117,0.117,0.002909470202688624
752,876,124,0.124,0.0029623169343575453
814,907,93,0.093,0.003440669025504576
770,885,115,0.115,0.0027076463012938347
712,856,144,0.144,0.0032352815307360745
736,868,132,0.132,0.002646801454628928
780,890,110,0.11,0.0029899389819022415
790,895,105,0.105,0.0031491434255879083
746,873,127,0.127,0.0029667611453188555
772,886,114,0.114,0.003463266530878627
794,897,103,0.103,0.002658940808737043
766,883,117,0.117,0.003998107525437433
720,860,140,0.14,0.0029029889564818633
748,874,126,0.126,0.0027954571119814774
734,867,133,0.133,0.003016358296415092
730,865,135,0.135,0.002652967950045195
798,899,101,0.101,0.0026759261128701723
740,870,130,0.13,0.003073713873300051
790,895,105,0.105,0.0034554130488168083
792,896,104,0.104,0.002406056986440362
742,871,129,0.129,0.002899153410299732
730,865,135,0.135,0.003106094531041094
786,893,107,0.107,0.002682800111567417
716,858,142,0.142,0.004099969288617914
730,865,135,0.135,0.003692072674127303
758,879,121,0.121,0.0023919804190420564
778,889,111,0.111,0.002623162266649757
714,857,143,0.143,0.0030056302889968265
790,895,105,0.105,0.0025553199019312843
756,878,122,0.122,0.0026230510606442864
764,882,118,0.118,0.003620378747674124
740,870,130,0.13,0.003972751526252978
774,887,113,0.113,0.0030289562321390803
788,894,106,0.106,0.0034515072204822275
760,880,120,0.12,0.004594414608586504
768,884,116,0.116,0.0040001780130689895
758,879,121,0.121,0.002731766265184433
800,900,100,0.1,0.0027340670770902306
762,881,119,0.119,0.0029795863367376115
792,896,104,0.104,0.002554276393993746
782,891,109,0.109,0.00341276671200751
772,886,114,0.114,0.002662340344680672
710,855,145,0.145,0.0032074298087403008
794,897,103,0.103,0.00342808790206459
812,906,94,0.094,0.003402110394983083
818,909,91,0.091,0.002386317292222657
776,888,112,0.112,0.0037928589874388764
730,865,135,0.135,0.0038526460415765768
694,847,153,0.153,0.0027512020650701744
736,868,132,0.132,0.003881633778824721
758,879,121,0.121,0.0029322862264284594
730,865,135,0.135,0.0035545614326200053
804,902,98,0.098,0.004053683958920829
712,856,144,0.144,0.003389315438626454
722,861,139,0.139,0.0032226677263752206
726,863,137,0.137,0.0032669920834814546
736,868,132,0.132,0.0030721179503864706
836,918,82,0.082,0.0030038538219692443
710,855,145,0.145,0.0034620114719237163
742,871,129,0.129,0.0026440363551147356
728,864,136,0.136,0.0033794343298397963
730,865,135,0.135,0.003501334403639703
818,909,91,0.091,0.0027960469382360313
806,903,97,0.097,0.0031245915842403067
738,869,131,0.131,0.0030628508433455863
732,866,134,0.134,0.0033532966779410457
724,862,138,0.138,0.0032031200274935828
788,894,106,0.106,0.0021909236650919867
758,879,121,0.121,0.0026413131974721863
766,883,117,0.117,0.0030148291480242336
768,884,116,0.116,0.0025907590324146666
810,905,95,0.095,0.0031899763192004683
738,869,131,0.131,0.0026816166426573886
776,888,112,0.112,0.002454333408962327
810,905,95,0.095,0.0019148717823993593
750,875,125,0.125,0.002316867718873013
724,862,138,0.138,0.0024378389622115577
768,884,116,0.116,0.002226076979500874
768,884,116,0.116,0.0026597194509863017
788,894,106,0.106,0.0027291819053873495
706,853,147,0.147,0.0025233339316908998
776,888,112,0.112,0.0022579388362507303
748,874,126,0.126,0.0022095583517174047
776,888,112,0.112,0.0027853265944825126
778,889,111,0.111,0.0030561945962418804
808,904,96,0.096,0.002557878162056227
762,881,119,0.119,0.002953924228970408
776,888,112,0.112,0.0023502730501921577
776,888,112,0.112,0.002513740937325551
806,903,97,0.097,0.002177971782001691
796,898,102,0.102,0.0020115450568797258
822,911,89,0.089,0.0019901986405756844
748,874,126,0.126,0.002586265055515426
740,870,130,0.13,0.001551334853864887
792,896,104,0.104,0.0019728247546251508
766,883,117,0.117,0.0012981662398145204
764,882,118,0.118,0.0015303396032063574
706,853,147,0.147,0.0016471677580597657
774,887,113,0.113,0.001848070700240271
772,886,114,0.114,0.0018243646176045445
750,875,125,0.125,0.002164562395991723
748,874,126,0.126,0.0021333726714950385
710,855,145,0.145,0.0024315980822572953
734,867,133,0.133,0.001723901124084165
778,889,111,0.111,0.0023250073044547436
782,891,109,0.109,0.0019091446368291827
756,878,122,0.122,0.0022462315559686205
772,886,114,0.114,0.0021577326439930857
748,874,126,0.126,0.0023936024435679427
802,901,99,0.099,0.001646295903102896
758,879,121,0.121,0.002589474263331283
766,883,117,0.117,0.00251215920682165
702,851,149,0.149,0.0028750101842931032
810,905,95,0.095,0.003054720754252912
762,881,119,0.119,0.00306374120491148
766,883,117,0.117,0.0036098502667398407
848,924,76,0.076,0.0032338537263517536
752,876,124,0.124,0.0031345850452289027
802,901,99,0.099,0.002828629947598756
740,870,130,0.13,0.0028028959142146733
770,885,115,0.115,0.0031165305962824732
760,880,120,0.12,0.0027630336770444615
786,893,107,0.107,0.0029485039907708598
752,876,124,0.124,0.003974699084183555
782,891,109,0.109,0.0028203551682068452
734,867,133,0.133,0.0025811283492073473
768,884,116,0.116,0.0019980276706886573
822,911,89,0.089,0.0024799618792308562
788,894,106,0.106,0.0022297318920292356
740,870,130,0.13,0.0024280817453864643
850,925,75,0.075,0.0016910932759826665
774,887,113,0.113,0.002472130804289122
800,900,100,0.1,0.0023941081321242736
770,885,115,0.115,0.002854134193783736
768,884,116,0.116,0.0016580195853969145
810,905,95,0.095,0.001961834780663423
738,869,131,0.131,0.001957261725980459
816,908,92,0.092,0.0023836223482111337
804,902,98,0.098,0.0021394733537296986
752,876,124,0.124,0.0015757942209027077
718,859,141,0.141,0.0014400712138286167
726,863,137,0.137,0.001719368807422981
762,881,119,0.119,0.001998168448129064
750,875,125,0.125,0.0021750331159169746
792,896,104,0.104,0.001689358762350338
782,891,109,0.109,0.0017012905267824862
782,891,109,0.109,0.0020677259940486436
754,877,123,0.123,0.0018627425796328794
802,901,99,0.099,0.0015071788517827826
812,906,94,0.094,0.001678094617189913
790,895,105,0.105,0.0017790813041357722
806,903,97,0.097,0.0018775099821869787
794,897,103,0.103,0.001481634533110082
772,886,114,0.114,0.0015763809684982563
748,874,126,0.126,0.0016495652637050853
800,900,100,0.1,0.00146940037964157
734,867,133,0.133,0.0022438854215441778
812,906,94,0.094,0.0015309484532963608
746,873,127,0.127,0.001655660096122503
774,887,113,0.113,0.0015360481645955134
774,887,113,0.113,0.001745109892359551
760,880,120,0.12,0.0014500780873374025
760,880,120,0.12,0.0019183898944989436
822,911,89,0.089,0.0019205150680704718
790,895,105,0.105,0.002228855015939473
742,871,129,0.129,0.0029149676523061176
776,888,112,0.112,0.0017189254928927653
750,875,125,0.125,0.0020824676187112916
682,841,159,0.159,0.0018211697791686134
824,912,88,0.088,0.001929545776749592
816,908,92,0.092,0.0012009125944228885
812,906,94,0.094,0.0018093988811468762
754,877,123,0.123,0.0017585188063804936
750,875,125,0.125,0.0016948978171645308
782,891,109,0.109,0.0018449718399076004
770,885,115,0.115,0.002121487527350837
740,870,130,0.13,0.002258000471377841
816,908,92,0.092,0.001442780877105733
778,889,111,0.111,0.0015994202670613334
768,884,116,0.116,0.0020657605013097396
776,888,112,0.112,0.0016658490937824127
810,905,95,0.095,0.0016690134184779452
740,870,130,0.13,0.0020800291134301574
728,864,136,0.136,0.002475567427042847
794,897,103,0.103,0.0020115116450683673
800,900,100,0.1,0.0019742676118701752
732,866,134,0.134,0.001559952356028816
736,868,132,0.132,0.0018571577777506717
808,904,96,0.096,0.0013729940257791355
774,887,113,0.113,0.002066422098822471
758,879,121,0.121,0.0016023138222830938
778,889,111,0.111,0.0018987852048765604
824,912,88,0.088,0.002097574143825625
774,887,113,0.113,0.0020466120810400524
756,878,122,0.122,0.001452092157520383
774,887,113,0.113,0.0019093989380845073
794,897,103,0.103,0.0016679755210650456
676,838,162,0.162,0.0018647096728270753
760,880,120,0.12,0.001830602803141744
806,903,97,0.097,0.002213450434188587
792,896,104,0.104,0.0016819347025570437
798,899,101,0.101,0.0014101066258873517
752,876,124,0.124,0.0021782655081628377
766,883,117,0.117,0.002074903813117487
746,873,127,0.127,0.002175705036425654
758,879,121,0.121,0.0017335655525150741
748,874,126,0.126,0.002827438654863499
756,878,122,0.122,0.0016440568340986203
786,893,107,0.107,0.0022682780149762606
708,854,146,0.146,0.0027275645451261426
788,894,106,0.106,0.0017034049714118
740,870,130,0.13,0.0018596141440978045
712,856,144,0.144,0.0021774219828787976
820,910,90,0.09,0.0022280514962063763
722,861,139,0.139,0.0022576798716309127
750,875,125,0.125,0.001554100163625094
800,900,100,0.1,0.0017985582427428426
786,893,107,0.107,0.0013057482120180878
778,889,111,0.111,0.002391582382704598
804,902,98,0.098,0.001729087848699379
782,891,109,0.109,0.001453654471991797
748,874,126,0.126,0.0017969526983424658
746,873,127,0.127,0.0018506030872956103
736,868,132,0.132,0.0019155175165417972
764,882,118,0.118,0.001850537972816454
764,882,118,0.118,0.0018184900048413511
754,877,123,0.123,0.001561744886488782
768,884,116,0.116,0.0019188486481432393
764,882,118,0.118,0.0014179592106725635
796,898,102,0.102,0.0016603936998534153
714,857,143,0.143,0.001926927073790779
712,856,144,0.144,0.0017446812785329939
776,888,112,0.112,0.001635221478236133
806,903,97,0.097,0.0014132336657636415
776,888,112,0.112,0.0016387749323817787
776,888,112,0.112,0.0018673535884557281
844,922,78,0.078,0.0016303148954815469
746,873,127,0.127,0.0015476595411562642
736,868,132,0.132,0.0016169430884957591
788,894,106,0.106,0.0018501121806444871
742,871,129,0.129,0.0024199688405614666
728,864,136,0.136,0.0015019291354167307
654,827,173,0.173,0.0018206114264196459
730,865,135,0.135,0.0019137254892978035
834,917,83,0.083,0.0013631183164521303
778,889,111,0.111,0.0020389626810821257
762,881,119,0.119,0.0016718315309030346
864,932,68,0.068,0.0016615621740185135
780,890,110,0.11,0.0011593206538423714
730,865,135,0.135,0.0023018533471549744
776,888,112,0.112,0.0018028212516447298
672,836,164,0.164,0.001613868780784344
756,878,122,0.122,0.0018402098083107603
746,873,127,0.127,0.0015589417204466259
642,821,179,0.179,0.0022088463857762976
750,875,125,0.125,0.0013603689260361874
778,889,111,0.111,0.002076939964961639
788,894,106,0.106,0.001729339209162589
744,872,128,0.128,0.0013115198135395189
750,875,125,0.125,0.0015532494727198412
720,860,140,0.14,0.0018619441511793298
758,879,121,0.121,0.0016631113928208805
798,899,101,0.101,0.0014771020676404873
778,889,111,0.111,0.0017914103395995653
754,877,123,0.123,0.001588835535231567
814,907,93,0.093,0.0014598309318323572
794,897,103,0.103,0.001567560443066327
786,893,107,0.107,0.0015844174752011782
782,891,109,0.109,0.0016083697063344004
860,930,70,0.07,0.001660628775968064
720,860,140,0.14,0.0011668351491886
834,917,83,0.083,0.001153215325625027
784,892,108,0.108,0.0009577807363729676
700,850,150,0.15,0.001268672303840276
804,902,98,0.098,0.0013774539524519015
684,842,158,0.158,0.0019341467603233582
752,876,124,0.124,0.0013774203636513676
772,886,114,0.114,0.0014054220238856204
738,869,131,0.131,0.0013940883432574224
704,852,148,0.148,0.0018487613167748123
786,893,107,0.107,0.0023320213531741844
774,887,113,0.113,0.0018836880091452884
720,860,140,0.14,0.002051352478386093
820,910,90,0.09,0.0015284491189649998
732,866,134,0.134,0.0024632843685654963
796,898,102,0.102,0.0016216519971520712
768,884,116,0.116,0.002478337498574973
784,892,108,0.108,0.0016044583319365416
794,897,103,0.103,0.0014676047238510535
794,897,103,0.103,0.0018534377308009199
750,875,125,0.125,0.0012672363779210514
760,880,120,0.12,0.0014865219198906346
794,897,103,0.103,0.0018247090538175712
842,921,79,0.079,0.0012844372448504373
756,878,122,0.122,0.0019387991628229458
812,906,94,0.094,0.001439550983149644
752,876,124,0.124,0.0016377597367768998
766,883,117,0.117,0.0013641633323416898
728,864,136,0.136,0.0016728242811265943
748,874,126,0.126,0.0018676500547570641
698,849,151,0.151,0.0012908169021133916
792,896,104,0.104,0.0013226129029457639
740,870,130,0.13,0.001496390603997071
750,875,125,0.125,0.0013241824746201018
740,870,130,0.13,0.0012482929078800567
738,869,131,0.131,0.0018752227383971275
736,868,132,0.132,0.0013892252058814592
790,895,105,0.105,0.001418656690855414
786,893,107,0.107,0.0015575051164794615
730,865,135,0.135,0.0015151046304258387
776,888,112,0.112,0.0014271406501255228
752,876,124,0.124,0.001836951126556599
784,892,108,0.108,0.001553951149989814
760,880,120,0.12,0.001731519587206492
780,890,110,0.11,0.001317518190538351
748,874,126,0.126,0.0014063887251730307
748,874,126,0.126,0.0017697119677491742
790,895,105,0.105,0.0013251165316289645
756,878,122,0.122,0.0015633684368632288
796,898,102,0.102,0.0013734653421093412
724,862,138,0.138,0.0012199160722940973
708,854,146,0.146,0.0014590641005291331
774,887,113,0.113,0.0014264068013262374
764,882,118,0.118,0.0010129887366340142
804,902,98,0.098,0.0011624766794438982
800,900,100,0.1,0.0013321157826338208
816,908,92,0.092,0.0009641300667195907
720,860,140,0.14,0.00172304574756717
798,899,101,0.101,0.0008574467826856278
820,910,90,0.09,0.001005651453203015
782,891,109,0.109,0.0014558250233081367
790,895,105,0.105,0.0011784684555567538
784,892,108,0.108,0.0012385622799772165
758,879,121,0.121,0.0009640009051968406
770,885,115,0.115,0.0010231759837961221
730,865,135,0.135,0.0016580164717914271
752,876,124,0.124,0.001337726900089109
754,877,123,0.123,0.001594271203813264
760,880,120,0.12,0.002189103183787438
790,895,105,0.105,0.0011910772673276995
748,874,126,0.126,0.0019062358677486486
738,869,131,0.131,0.001457424900731894
710,855,145,0.145,0.0015106170815908228
726,863,137,0.137,0.0015375065583288858
776,888,112,0.112,0.0019546124357415805
784,892,108,0.108,0.0012172192183590481
838,919,81,0.081,0.0017777561454562943
732,866,134,0.134,0.0015571356857290084
724,862,138,0.138,0.0016894031318142595
810,905,95,0.095,0.0013897982252451442
766,883,117,0.117,0.0012618862606473726
818,909,91,0.091,0.0015638511114774189
748,874,126,0.126,0.0014885239389656134
798,899,101,0.101,0.0010206749760249636
738,869,131,0.131,0.0012225371936447971
774,887,113,0.113,0.001415221307009034
706,853,147,0.147,0.0013931350553692567
850,925,75,0.075,0.0011254613745347228
792,896,104,0.104,0.0012282724145142368
802,901,99,0.099,0.0013222597334751071
758,879,121,0.121,0.0011326935265735755
764,882,118,0.118,0.0010300518216533306
794,897,103,0.103,0.001079945348397871
724,862,138,0.138,0.001087186330067297
788,894,106,0.106,0.0008466629392408009
784,892,108,0.108,0.0014564723560292236
814,907,93,0.093,0.0015031958530960167
800,900,100,0.1,0.0011055179040868096
808,904,96,0.096,0.0010853174016182976
770,885,115,0.115,0.0012149735902356725
790,895,105,0.105,0.0010214691439039143
766,883,117,0.117,0.00121487901013856
760,880,120,0.12,0.0010701063405564354
752,876,124,0.124,0.0013313434939622511
836,918,82,0.082,0.000811022732301808
772,886,114,0.114,0.0011735811920041356
770,885,115,0.115,0.0014798551624519974
796,898,102,0.102,0.0010429978990586335
784,892,108,0.108,0.0016269133326856178
788,894,106,0.106,0.001358840367637157
766,883,117,0.117,0.0018092712915030518
698,849,151,0.151,0.0013148905281391591
748,874,126,0.126,0.0012878929121969663
796,898,102,0.102,0.0013566620980922722
768,884,116,0.116,0.001307756621788613
786,893,107,0.107,0.0019108517821799752
762,881,119,0.119,0.001551316968180288
792,896,104,0.104,0.0016826974710193667
758,879,121,0.121,0.0014365295898487603
842,921,79,0.079,0.0015681409745866971
774,887,113,0.113,0.00186391316573895
782,891,109,0.109,0.001532219463447234
756,878,122,0.122,0.0021759747877498513
758,879,121,0.121,0.001884463325358297
766,883,117,0.117,0.001885842478026376
782,891,109,0.109,0.0021261953041239396
782,891,109,0.109,0.001904689235569208
798,899,101,0.101,0.0021556776051329793
792,896,104,0.104,0.002100586200484088
772,886,114,0.114,0.0021923699720355215
776,888,112,0.112,0.002035907321632692
766,883,117,0.117,0.0016864716120667822
704,852,148,0.148,0.0021459967013637993
760,880,120,0.12,0.0021489810486427247
752,876,124,0.124,0.0019112712154225164
740,870,130,0.13,0.002184896939317099
758,879,121,0.121,0.0018219999870536868
764,882,118,0.118,0.002373173962547412
766,883,117,0.117,0.0020545227415620106
750,875,125,0.125,0.0021739940672668183
778,889,111,0.111,0.0024939319607310607
770,885,115,0.115,0.002170732205074444
722,861,139,0.139,0.002597555782922882
726,863,137,0.137,0.002218738357176832
730,865,135,0.135,0.0030652332909507436
778,889,111,0.111,0.002494254106207791
788,894,106,0.106,0.0020507827492508
780,890,110,0.11,0.002354230176453598
760,880,120,0.12,0.001806635925781336
798,899,101,0.101,0.001759296803875884
778,889,111,0.111,0.0014080152264184561
776,888,112,0.112,0.0020587274676209404
726,863,137,0.137,0.0018375327528812875
768,884,116,0.116,0.002061606827795913
770,885,115,0.115,0.002167536031016425
712,856,144,0.144,0.002249447131297643
754,877,123,0.123,0.0022613590669196383
792,896,104,0.104,0.0016458086751414101
826,913,87,0.087,0.0010281979883856565
798,899,101,0.101,0.0013821535449504835
726,863,137,0.137,0.0016290671738283607
802,901,99,0.099,0.0012485805562919552
764,882,118,0.118,0.0012554714282379108
750,875,125,0.125,0.0011178452146713624
730,865,135,0.135,0.001449954296000641
806,903,97,0.097,0.001484022315404985
784,892,108,0.108,0.0013140746153925988
778,889,111,0.111,0.001345024022048875
774,887,113,0.113,0.0014281330863539807
842,921,79,0.079,0.0012363891250853384
776,888,112,0.112,0.0017832179513432322
788,894,106,0.106,0.001334902076149831
786,893,107,0.107,0.0013186637444110262
786,893,107,0.107,0.0015691872258214233
814,907,93,0.093,0.0012954259306389559
780,890,110,0.11,0.0010900154189954208
810,905,95,0.095,0.0018094773782431162
854,927,73,0.073,0.0014890078751876672
826,913,87,0.087,0.0012911757866257575
760,880,120,0.12,0.002042200067104773
752,876,124,0.124,0.0016277680452834176
760,880,120,0.12,0.0010849986697972725
720,860,140,0.14,0.0009261486063545732
706,853,147,0.147,0.0010956666107722129
734,867,133,0.133,0.00149298167199278
770,885,115,0.115,0.001028873834541173
808,904,96,0.096,0.0012993324788358222
754,877,123,0.123,0.0013703884585318348
780,890,110,0.11,0.0010840861772946936
724,862,138,0.138,0.0013569421007718176
762,881,119,0.119,0.0013301606781758579
792,896,104,0.104,0.0013946942401470324
786,893,107,0.107,0.0011170689643163457
768,884,116,0.116,0.0013917299814191323
778,889,111,0.111,0.001050161959524189
676,838,162,0.162,0.0019395652817247823
738,869,131,0.131,0.0012204314506375623
722,861,139,0.139,0.001642823562430351
790,895,105,0.105,0.0017586346643804517
810,905,95,0.095,0.0014339846019990432
804,902,98,0.098,0.0015510817133325644
770,885,115,0.115,0.0015739657337570634
762,881,119,0.119,0.0012932633334365277
848,924,76,0.076,0.0015127214062778762
798,899,101,0.101,0.0015436547449631348
784,892,108,0.108,0.0013217063626048003
778,889,111,0.111,0.0018428010511405545
782,891,109,0.109,0.0013419231825851057
734,867,133,0.133,0.0016795153814454125
810,905,95,0.095,0.0014840954931423483
780,890,110,0.11,0.0013847736874801058
812,906,94,0.094,0.0014888014436252063
776,888,112,0.112,0.0014981653034676582
748,874,126,0.126,0.0013089954190034518
714,857,143,0.143,0.0012968739926367335
752,876,124,0.124,0.001163611988052935
782,891,109,0.109,0.0014109222956815016
732,866,134,0.134,0.001376785569755782
812,906,94,0.094,0.0010713489159170139
770,885,115,0.115,0.0015012010440009931
772,886,114,0.114,0.0014062180705377613
744,872,128,0.128,0.0015611057063614738
752,876,124,0.124,0.0013320615001621264
710,855,145,0.145,0.0012266829238882337
828,914,86,0.086,0.0014337640113622002
680,840,160,0.16,0.0013377123352154854
742,871,129,0.129,0.0013763313990563973
788,894,106,0.106,0.0015076914904479963
770,885,115,0.115,0.0012476797495357345
792,896,104,0.104,0.0013185613668900943
730,865,135,0.135,0.0018408799578823504
774,887,113,0.113,0.0018506012987419922
760,880,120,0.12,0.0017373791796751448
790,895,105,0.105,0.0016302779940307345
730,865,135,0.135,0.001335969842986458
756,878,122,0.122,0.0020906730234524955
750,875,125,0.125,0.0015090949165610255
766,883,117,0.117,0.001634074340057893
792,896,104,0.104,0.002165059331202201
772,886,114,0.114,0.0016524824932914158
792,896,104,0.104,0.0019283031839946148
720,860,140,0.14,0.0026419820598233058
826,913,87,0.087,0.001564027702762587
764,882,118,0.118,0.001564455519050398
724,862,138,0.138,0.002160520468663549
810,905,95,0.095,0.0021265790872604384
786,893,107,0.107,0.0017939051486432617
778,889,111,0.111,0.001504579890170703
788,894,106,0.106,0.00130359818094945
798,899,101,0.101,0.0015985358598993855
768,884,116,0.116,0.0026584087772534987
784,892,108,0.108,0.001761717957873941
812,906,94,0.094,0.0018794226263848942
732,866,134,0.134,0.0019527893782260435
770,885,115,0.115,0.001649841707640178
834,917,83,0.083,0.0017650168000302529
794,897,103,0.103,0.0014622038329371208
762,881,119,0.119,0.0012973440944804792
766,883,117,0.117,0.0013213476589698985
704,852,148,0.148,0.001515769186071026
752,876,124,0.124,0.0014963900359508103
782,891,109,0.109,0.001492966759130013
762,881,119,0.119,0.0013273932381259925
756,878,122,0.122,0.0011184468776033328
828,914,86,0.086,0.0015257651557603821
734,867,133,0.133,0.0015130949254189118
766,883,117,0.117,0.0011611558575669817
808,904,96,0.096,0.0013949592806260967
762,881,119,0.119,0.001647391891795337
782,891,109,0.109,0.001533497080340709
766,883,117,0.117,0.0015801512456966975
696,848,152,0.152,0.0012101177759941493
750,875,125,0.125,0.0012427089134195198
798,899,101,0.101,0.0015475481545116736
828,914,86,0.086,0.0012353377660704154
744,872,128,0.128,0.0014786669200905038
756,878,122,0.122,0.0012913200047268703
762,881,119,0.119,0.0010765710338681061
786,893,107,0.107,0.0011291222905783797
808,904,96,0.096,0.0011023292508066333
758,879,121,0.121,0.001235990982223143
784,892,108,0.108,0.0017851642431792527
722,861,139,0.139,0.001471496547481749
808,904,96,0.096,0.0011577974852122566
734,867,133,0.133,0.0011819791459210763
744,872,128,0.128,0.0019797229261597805
788,894,106,0.106,0.0016654189299134146
786,893,107,0.107,0.0017076238031130514
742,871,129,0.129,0.0016951130547897151
792,896,104,0.104,0.0018368780888899892
820,910,90,0.09,0.0017521704906631613
726,863,137,0.137,0.0016591695354032936
724,862,138,0.138,0.0021130675728826417
712,856,144,0.144,0.0015310920691725869
740,870,130,0.13,0.0017122612567199553
754,877,123,0.123,0.0023612385628604213
762,881,119,0.119,0.0022441317567597706
716,858,142,0.142,0.0020753590977142266
760,880,120,0.12,0.0015618115818209048
766,883,117,0.117,0.0021070620905536542
808,904,96,0.096,0.0017797368368203763
760,880,120,0.12,0.0016721291788539929
752,876,124,0.124,0.0016494881455464566
686,843,157,0.157,0.0024177140101322723
774,887,113,0.113,0.0018431116499356222
788,894,106,0.106,0.0018345311116669337
742,871,129,0.129,0.0018917547233417622
740,870,130,0.13,0.00204166767976335
794,897,103,0.103,0.0015958141782964504
822,911,89,0.089,0.0016379418174517042
778,889,111,0.111,0.0011737418255860917
800,900,100,0.1,0.0010538700527137621
760,880,120,0.12,0.0014932982172756511
708,854,146,0.146,0.0015323605118253453
802,901,99,0.099,0.0017860697985923365
756,878,122,0.122,0.0012612638720374606
750,875,125,0.125,0.0011878716833721513
828,914,86,0.086,0.0015740050727648764
696,848,152,0.152,0.0017841099071000599
736,868,132,0.132,0.0017668400997539492
752,876,124,0.124,0.0018862617733167895
786,893,107,0.107,0.001470383802753247
758,879,121,0.121,0.0020043427190365717
782,891,109,0.109,0.0015949129291661847
732,866,134,0.134,0.002348589058003881
728,864,136,0.136,0.0021522511198540997
790,895,105,0.105,0.0022903652131700484
702,851,149,0.149,0.002865258365330419
806,903,97,0.097,0.0021927155631683492
752,876,124,0.124,0.0016590313590903634
816,908,92,0.092,0.0015882363650132447
754,877,123,0.123,0.002159816812276176
738,869,131,0.131,0.0014112868266977897
774,887,113,0.113,0.0020480942881279133
768,884,116,0.116,0.001340229175860941
768,884,116,0.116,0.002013693461005374
730,865,135,0.135,0.0017589093581752877
744,872,128,0.128,0.0015703410887274458
776,888,112,0.112,0.001202827358869399
750,875,125,0.125,0.0017391601726859847
704,852,148,0.148,0.0015177349029627863
756,878,122,0.122,0.0017737170705078996
778,889,111,0.111,0.0010056774790354551
744,872,128,0.128,0.0014279057253060899
708,854,146,0.146,0.0011625024475953013
746,873,127,0.127,0.0012875959646393795
768,884,116,0.116,0.0016126904370414082
802,901,99,0.099,0.0015918372287381998
766,883,117,0.117,0.0016258208372227046
744,872,128,0.128,0.0011332457205608648
774,887,113,0.113,0.0014064043109980702
804,902,98,0.098,0.001648778571565515
800,900,100,0.1,0.0013598183075889097
682,841,159,0.159,0.0014777530854353813
772,886,114,0.114,0.0014859327452919472
710,855,145,0.145,0.0013064310801688065
770,885,115,0.115,0.0009303815637536559
760,880,120,0.12,0.001355993978242168
764,882,118,0.118,0.0011701785307399177
742,871,129,0.129,0.0020130562169684936
740,870,130,0.13,0.001501628637268709
726,863,137,0.137,0.0021156353017346705
780,890,110,0.11,0.0019636929781163986
786,893,107,0.107,0.0018657874773657568
752,876,124,0.124,0.0015739374360537112
778,889,111,0.111,0.0018942092517174843
766,883,117,0.117,0.00199775279142267
756,878,122,0.122,0.0018806130625393961
760,880,120,0.12,0.0016929426922288257
842,921,79,0.079,0.0017987400624281235
798,899,101,0.101,0.000827991028057113
806,903,97,0.097,0.0020313945139183004
808,904,96,0.096,0.0011938635903368322
774,887,113,0.113,0.0018160130034173675
768,884,116,0.116,0.0014452694628881205
744,872,128,0.128,0.001746792472691709
740,870,130,0.13,0.0009999556531377323
756,878,122,0.122,0.0017390179535391327
774,887,113,0.113,0.0015094601418555271
786,893,107,0.107,0.0013415089073228045
762,881,119,0.119,0.0015326251249428537
740,870,130,0.13,0.0011026982780261818
806,903,97,0.097,0.0013816772395619523
774,887,113,0.113,0.0013866356580100785
796,898,102,0.102,0.0011791079401903915
768,884,116,0.116,0.0010099700269269648
784,892,108,0.108,0.0011022386405451243
734,867,133,0.133,0.0012510813703810867
768,884,116,0.116,0.001143578140612874
776,888,112,0.112,0.0016054101293657937
774,887,113,0.113,0.0011876941580980826
758,879,121,0.121,0.001821279543103074
792,896,104,0.104,0.0009955126238281196
734,867,133,0.133,0.0012090367258013827
724,862,138,0.138,0.0011215638125776195
718,859,141,0.141,0.0014087162985895248
762,881,119,0.119,0.0014981618953327142
766,883,117,0.117,0.001454908201512069
756,878,122,0.122,0.0010616928679448563
798,899,101,0.101,0.0017229162921098293
820,910,90,0.09,0.0017614757959718758
762,881,119,0.119,0.0011321836743666154
768,884,116,0.116,0.0015686884905702528
790,895,105,0.105,0.001865606553137411
730,865,135,0.135,0.0016318873462109024
730,865,135,0.135,0.0011998597593914156
806,903,97,0.097,0.0012959404728003817
782,891,109,0.109,0.001534850761152228
720,860,140,0.14,0.0013073104915706324
782,891,109,0.109,0.0014148117059875744
766,883,117,0.117,0.0013106827908120806
774,887,113,0.113,0.0013170023664034148
818,909,91,0.091,0.0010117845384408498
778,889,111,0.111,0.0012711924242635746
818,909,91,0.091,0.0011071746172087557
780,890,110,0.11,0.0013876171847347649
720,860,140,0.14,0.0011430658278972032
750,875,125,0.125,0.0008993260735270355
812,906,94,0.094,0.000960798635425391
748,874,126,0.126,0.0009302860878659089
766,883,117,0.117,0.001919615026400038
714,857,143,0.143,0.001005726681007502
712,856,144,0.144,0.0012693200164034834
754,877,123,0.123,0.0012714888964343914
750,875,125,0.125,0.0016238195101596488
792,896,104,0.104,0.0007541759078959984
798,899,101,0.101,0.0012206222700143598
732,866,134,0.134,0.0012322668322998992
740,870,130,0.13,0.0011055542989398645
840,920,80,0.08,0.0013335019853655296
766,883,117,0.117,0.0010766689807830403
808,904,96,0.096,0.0010993636372953687
748,874,126,0.126,0.0011339015969042236
750,875,125,0.125,0.0010534989380874152
792,896,104,0.104,0.0009486858557614966
806,903,97,0.097,0.0008821590845647336
876,938,62,0.062,0.0008639948953724001
714,857,143,0.143,0.000763558872208037
772,886,114,0.114,0.000957192107728332
844,922,78,0.078,0.0010571031455716877
744,872,128,0.128,0.0008772099715476855
778,889,111,0.111,0.0007286059700982293
768,884,116,0.116,0.0007827613915492861
740,870,130,0.13,0.000962691375159892
782,891,109,0.109,0.0007508373085289009
802,901,99,0.099,0.000950785774967784
748,874,126,0.126,0.0008846036410831176
792,896,104,0.104,0.000907365029838445
794,897,103,0.103,0.0008599415666649293
776,888,112,0.112,0.0008951065711399053
760,880,120,0.12,0.0008089072074340749
734,867,133,0.133,0.0009736631170993348
768,884,116,0.116,0.00115917428735753
810,905,95,0.095,0.0008710494466301242
796,898,102,0.102,0.0009035788057880723
794,897,103,0.103,0.001056100613379968
784,892,108,0.108,0.001306748091680447
706,853,147,0.147,0.000848420542089329
732,866,134,0.134,0.000874221510119682
726,863,137,0.137,0.001060848348327113
818,909,91,0.091,0.0008825242801777619
806,903,97,0.097,0.0010252564635319743
792,896,104,0.104,0.001164949943665249
738,869,131,0.131,0.000808071357998358
790,895,105,0.105,0.0009817810879315374
774,887,113,0.113,0.001067926553365055
804,902,98,0.098,0.0006717499919072623
694,847,153,0.153,0.0010008431539324646
784,892,108,0.108,0.000835639578802585
752,876,124,0.124,0.000968357348388011
762,881,119,0.119,0.0007239194299528436
782,891,109,0.109,0.0012858352066399022
790,895,105,0.105,0.0008784400983300884
754,877,123,0.123,0.0007419902466726569
744,872,128,0.128,0.0009349125642540343
780,890,110,0.11,0.0008500096461145005
730,865,135,0.135,0.0009163840748056487
780,890,110,0.11,0.0006988690225385738
738,869,131,0.131,0.0012793048569722033
784,892,108,0.108,0.0013536531866281507
742,871,129,0.129,0.0010683684420004624
706,853,147,0.147,0.001085096368276197
760,880,120,0.12,0.0014049828119138397
794,897,103,0.103,0.0007970284951783668
802,901,99,0.099,0.001235734090456731
776,888,112,0.112,0.0012016444006453639
820,910,90,0.09,0.0009264323238394639
756,878,122,0.122,0.0007668801017955502
744,872,128,0.128,0.0011023382334994522
752,876,124,0.124,0.001026072161878375
814,907,93,0.093,0.0009027656380711164
774,887,113,0.113,0.0007722625749429426
786,893,107,0.107,0.0008676162208536482
774,887,113,0.113,0.0013872663439994995
758,879,121,0.121,0.0009480938909333076
704,852,148,0.148,0.001350856200735052
760,880,120,0.12,0.0008723036226811018
718,859,141,0.141,0.0012057096619462868
810,905,95,0.095,0.0009401484296727745
748,874,126,0.126,0.0010440788864351162
768,884,116,0.116,0.0011835923289507378
750,875,125,0.125,0.001173214496884725
766,883,117,0.117,0.0011983683214901646
742,871,129,0.129,0.0012417245851074198
768,884,116,0.116,0.0013237212992156628
704,852,148,0.148,0.001803454715849412
774,887,113,0.113,0.0011393939309674295
732,866,134,0.134,0.0013059462282167828
782,891,109,0.109,0.001059130417415247
766,883,117,0.117,0.0009206790462137065
808,904,96,0.096,0.0011811559901832
686,843,157,0.157,0.0019668038343733088
732,866,134,0.134,0.0011594293303243716
780,890,110,0.11,0.0011654006552251418
812,906,94,0.094,0.0010616539671898977
836,918,82,0.082,0.001525462359954986
784,892,108,0.108,0.0015369067729330936
804,902,98,0.098,0.0015350493215219672
712,856,144,0.144,0.0015737290309546666
736,868,132,0.132,0.0014762518347010882
756,878,122,0.122,0.0013752148122965196
716,858,142,0.142,0.001442830737844588
730,865,135,0.135,0.001368884288405468
722,861,139,0.139,0.0013114638321714551
698,849,151,0.151,0.0013075261821109052
706,853,147,0.147,0.002163528835630501
766,883,117,0.117,0.0014742058672158579
770,885,115,0.115,0.0015330802408695945
758,879,121,0.121,0.0014593670558035968
754,877,123,0.123,0.0013741606257744933
750,875,125,0.125,0.0014850999652998098
772,886,114,0.114,0.0017044435386532656
764,882,118,0.118,0.001739645943503973
740,870,130,0.13,0.0016084552017871375
802,901,99,0.099,0.001972705858702625
744,872,128,0.128,0.002264262361011106
738,869,131,0.131,0.0018066384381228743
772,886,114,0.114,0.0018043618268890214
750,875,125,0.125,0.001605801858735731
792,896,104,0.104,0.0015791311819625946
774,887,113,0.113,0.002455504680749868
798,899,101,0.101,0.002275054913141048
796,898,102,0.102,0.0015599396046824267
770,885,115,0.115,0.0018193859630424925
784,892,108,0.108,0.001993950848231634
806,903,97,0.097,0.0016830823537532069
764,882,118,0.118,0.0017370185486914806
750,875,125,0.125,0.0016540702333859656
720,860,140,0.14,0.0019192113558888196
796,898,102,0.102,0.0017846884069714407
852,926,74,0.074,0.002084089050788407
784,892,108,0.108,0.0016801309370293182
778,889,111,0.111,0.0023021822018027367
744,872,128,0.128,0.0024176861270674976
778,889,111,0.111,0.0018686105744084216
728,864,136,0.136,0.0022163282057081233
716,858,142,0.142,0.001772074580770493
800,900,100,0.1,0.0019803305049736083
764,882,118,0.118,0.002135768032731221
750,875,125,0.125,0.0023244052640111475
774,887,113,0.113,0.0014668354519105833
796,898,102,0.102,0.002018354802202367
782,891,109,0.109,0.0026481079392037827
744,872,128,0.128,0.002837082612525137
758,879,121,0.121,0.002734950088447704
688,844,156,0.156,0.002028356710557546
724,862,138,0.138,0.0026742153548075295
762,881,119,0.119,0.002631168702524292
788,894,106,0.106,0.002254219588723856
766,883,117,0.117,0.003066644871072185
770,885,115,0.115,0.002916119444824787
764,882,118,0.118,0.00266187545366347
696,848,152,0.152,0.002688629555856096
802,901,99,0.099,0.003339820089397676
730,865,135,0.135,0.0030677374223191693
770,885,115,0.115,0.0023239739372688745
736,868,132,0.132,0.00244575822490674
746,873,127,0.127,0.003057834823125404
746,873,127,0.127,0.002616219164287031
800,900,100,0.1,0.0027294346061453325
788,894,106,0.106,0.002194611487634461
760,880,120,0.12,0.002460799052762525
784,892,108,0.108,0.002162044845105811
798,899,101,0.101,0.002548291550605427
754,877,123,0.123,0.002242071376312424
804,902,98,0.098,0.0019992968535548243
764,882,118,0.118,0.0017462481986478906
824,912,88,0.088,0.0017108377943171717
742,871,129,0.129,0.001638198466652625
788,894,106,0.106,0.0017546158027836611
822,911,89,0.089,0.0016452858619787777
796,898,102,0.102,0.0012907936029949952
782,891,109,0.109,0.0018707524275220636
760,880,120,0.12,0.0012586357460617704
780,890,110,0.11,0.0014430966692059429
762,881,119,0.119,0.0015739658030801706
802,901,99,0.099,0.001360032323086841
738,869,131,0.131,0.0023049403825086755
794,897,103,0.103,0.0014499306340008502
790,895,105,0.105,0.001373241059141378
710,855,145,0.145,0.0015018085732313579
792,896,104,0.104,0.001828359070938234
750,875,125,0.125,0.0017687347489239755
740,870,130,0.13,0.0018345934511876294
776,888,112,0.112,0.0017687415417194643
774,887,113,0.113,0.0012691450064960463
766,883,117,0.117,0.00227317926691353
782,891,109,0.109,0.001489608159187526
722,861,139,0.139,0.0018110374770162708
816,908,92,0.092,0.0018915879064414583
786,893,107,0.107,0.0016711317767629907
696,848,152,0.152,0.0023290201154661646
768,884,116,0.116,0.0017270411129070454
750,875,125,0.125,0.0022724862329366715
782,891,109,0.109,0.0018321136058021352
770,885,115,0.115,0.002163974971855964
742,871,129,0.129,0.002477435932243452
730,865,135,0.135,0.0023430930106099765
796,898,102,0.102,0.0017445562532254827
758,879,121,0.121,0.0017626436668554675
742,871,129,0.129,0.0020835344951495925
742,871,129,0.129,0.002278380525057173
804,902,98,0.098,0.001685103055331524
712,856,144,0.144,0.0020308011015998206
764,882,118,0.118,0.0016306075177633375
730,865,135,0.135,0.0017531659315757793
674,837,163,0.163,0.002619735837037865
774,887,113,0.113,0.001654706285298289
814,907,93,0.093,0.0019308071827138064
718,859,141,0.141,0.0021006219582071707
778,889,111,0.111,0.00242661016722127
770,885,115,0.115,0.002173952403267776
734,867,133,0.133,0.0022219093082176187
808,904,96,0.096,0.0026562810080072267
764,882,118,0.118,0.002039546401272446
788,894,106,0.106,0.0018901269286318437
742,871,129,0.129,0.0026719522619025613
720,860,140,0.14,0.0024439097110580408
766,883,117,0.117,0.0023587636681506865
766,883,117,0.117,0.0020963321485769912
752,876,124,0.124,0.0022883180878857275
750,875,125,0.125,0.0023267207985413732
800,900,100,0.1,0.00174457506895385
764,882,118,0.118,0.0021451208118696743
744,872,128,0.128,0.0022691768988097466
768,884,116,0.116,0.0019304135611505444
748,874,126,0.126,0.0017839159384296294
772,886,114,0.114,0.001832848713516114
764,882,118,0.118,0.0014520771425470685
748,874,126,0.126,0.0015016363839820315
788,894,106,0.106,0.0013948220971881256
778,889,111,0.111,0.001329673911659711
788,894,106,0.106,0.0017711025257099208
764,882,118,0.118,0.0019414352034661988
812,906,94,0.094,0.0016274081491233546
764,882,118,0.118,0.002693832189562613
776,888,112,0.112,0.001580054103746761
766,883,117,0.117,0.0018893766058976098
722,861,139,0.139,0.0014865409305210733
788,894,106,0.106,0.0015554808181004773
816,908,92,0.092,0.0012325387533895196
852,926,74,0.074,0.0024584747014339426
794,897,103,0.103,0.002093550675519964
768,884,116,0.116,0.0027326893164566286
730,865,135,0.135,0.001505813493115511
766,883,117,0.117,0.0017250313916160422
726,863,137,0.137,0.0016691981873483428
766,883,117,0.117,0.0015089521126549243
776,888,112,0.112,0.0015845234859621087
760,880,120,0.12,0.001611789864882212
762,881,119,0.119,0.001741018385377643
754,877,123,0.123,0.0014963617875839645
740,870,130,0.13,0.0019664820437692468
836,918,82,0.082,0.0018704188959030147
728,864,136,0.136,0.001608427308741682
782,891,109,0.109,0.001962824831090643
726,863,137,0.137,0.0014549392568183066
740,870,130,0.13,0.0011785590983472503
696,848,152,0.152,0.001497962666185515
742,871,129,0.129,0.0016170483344848208
762,881,119,0.119,0.0014672722753924176
762,881,119,0.119,0.0015416991355862138
740,870,130,0.13,0.0014983731482493567
774,887,113,0.113,0.001908948155565895
748,874,126,0.126,0.0015102388797276376
784,892,108,0.108,0.0013412243025350107
748,874,126,0.126,0.0018037171523784536
774,887,113,0.113,0.001674155186163034
780,890,110,0.11,0.0016754709820962716
862,931,69,0.069,0.0020974294511715073
816,908,92,0.092,0.0015778149080651928
812,906,94,0.094,0.0014672012483076741
758,879,121,0.121,0.0022527234885933466
762,881,119,0.119,0.0015575649388679268
830,915,85,0.085,0.0015855837691834153
770,885,115,0.115,0.0013039322801531056
824,912,88,0.088,0.0018079047889476528
788,894,106,0.106,0.0010262871755236916
720,860,140,0.14,0.001315018297201334
708,854,146,0.146,0.001144661337777734
738,869,131,0.131,0.0013901602679399047
794,897,103,0.103,0.0011914138533664982
806,903,97,0.097,0.00114703236554044
772,886,114,0.114,0.001207090661308939
776,888,112,0.112,0.0019351893325496121
802,901,99,0.099,0.0012717147234907885
812,906,94,0.094,0.0009463709811881814
750,875,125,0.125,0.0015374659683931213
788,894,106,0.106,0.0011969932859415167
778,889,111,0.111,0.0016788722904718726
722,861,139,0.139,0.0014625207840330177
838,919,81,0.081,0.0014456964812374622
786,893,107,0.107,0.0010249209537170146
752,876,124,0.124,0.0012997694748482047
794,897,103,0.103,0.0013705477453661104
750,875,125,0.125,0.0012485156623070707
802,901,99,0.099,0.0016077610715375954
756,878,122,0.122,0.002369015310495456
816,908,92,0.092,0.0015255981633369232
726,863,137,0.137,0.0020614564424815854
790,895,105,0.105,0.0014409945187701396
754,877,123,0.123,0.0017503153778470732
818,909,91,0.091,0.0017815152851669608
708,854,146,0.146,0.0020841056065046357
754,877,123,0.123,0.0017986636630922277
786,893,107,0.107,0.0022310839619467514
770,885,115,0.115,0.0019352300520035896
758,879,121,0.121,0.003450556443418577
756,878,122,0.122,0.0029110876351097657
806,903,97,0.097,0.0027417414576871124
792,896,104,0.104,0.002514032089992952
748,874,126,0.126,0.002104012338942198
736,868,132,0.132,0.0029026016262323536
796,898,102,0.102,0.0026132833368856154
778,889,111,0.111,0.0022716192212619717
826,913,87,0.087,0.0023863210148456345
754,877,123,0.123,0.0022563113821049683
810,905,95,0.095,0.002920087334002346
734,867,133,0.133,0.001924264664849943
732,866,134,0.134,0.0031814545016782174
744,872,128,0.128,0.0023358331881595403
758,879,121,0.121,0.003366268943726027
734,867,133,0.133,0.0030160449838140266
746,873,127,0.127,0.0027599418291792974
858,929,71,0.071,0.002492731519158724
734,867,133,0.133,0.003248467411953243
720,860,140,0.14,0.002956832997731908
774,887,113,0.113,0.0030522845459415747
768,884,116,0.116,0.0028927838363406407
752,876,124,0.124,0.003024020245450174
812,906,94,0.094,0.0032278772964482415
772,886,114,0.114,0.002763607172691991
792,896,104,0.104,0.002880595262569386
758,879,121,0.121,0.003492592335293466
756,878,122,0.122,0.0029344865617340473
718,859,141,0.141,0.0030039511447789665
706,853,147,0.147,0.0024267360367995535
744,872,128,0.128,0.0031672393780090716
800,900,100,0.1,0.003311465358421174
810,905,95,0.095,0.002621637741445738
752,876,124,0.124,0.0037096344349806716
748,874,126,0.126,0.0029288811885389804
752,876,124,0.124,0.0029702920411309604
762,881,119,0.119,0.0035599513055017268
740,870,130,0.13,0.002640722957613434
770,885,115,0.115,0.0039571297654720184
778,889,111,0.111,0.004226052674237508
700,850,150,0.15,0.0035095882985015123
764,882,118,0.118,0.004106315070906931
758,879,121,0.121,0.004833516801794758
736,868,132,0.132,0.0045891421326741694
786,893,107,0.107,0.0043205491491808065
738,869,131,0.131,0.004432757372366268
762,881,119,0.119,0.0041888787155680805
772,886,114,0.114,0.005382392202427581
778,889,111,0.111,0.004314324183555982
756,878,122,0.122,0.0050340116883489825
770,885,115,0.115,0.004731691794764629
794,897,103,0.103,0.003913636119134025
736,868,132,0.132,0.004570611259063298
762,881,119,0.119,0.0036975856855206075
772,886,114,0.114,0.003749429570940265
764,882,118,0.118,0.004257835810337383
826,913,87,0.087,0.004480860253119318
774,887,113,0.113,0.003586535355556407
770,885,115,0.115,0.004269498136261063
778,889,111,0.111,0.003827574732971698
780,890,110,0.11,0.004328039066432211
806,903,97,0.097,0.004164283528841225
770,885,115,0.115,0.004088525502314951
760,880,120,0.12,0.00481852507133226
784,892,108,0.108,0.0044600113530514135
720,860,140,0.14,0.0050364810101555125
752,876,124,0.124,0.004353475634699862
746,873,127,0.127,0.004487645943108873
710,855,145,0.145,0.005172666256658772
734,867,133,0.133,0.00548775927254178
722,861,139,0.139,0.005804292790227919
806,903,97,0.097,0.005182161799260939
702,851,149,0.149,0.0065094828745817495
788,894,106,0.106,0.0056460118572686045
790,895,105,0.105,0.005718840845007435
836,918,82,0.082,0.004635102685674156
798,899,101,0.101,0.006634457114938414
794,897,103,0.103,0.006427930356187062
776,888,112,0.112,0.005993932828037942
758,879,121,0.121,0.006204674381777295
728,864,136,0.136,0.006216788583311427
740,870,130,0.13,0.0062351021530776055
798,899,101,0.101,0.006954247803354519
772,886,114,0.114,0.006155337523581693
766,883,117,0.117,0.008012776886782376
714,857,143,0.143,0.007301098057781928
762,881,119,0.119,0.008974030045268592
748,874,126,0.126,0.0078087285296714985
782,891,109,0.109,0.008883500226114848
786,893,107,0.107,0.010858322095446056
716,858,142,0.142,0.010072485005584894
780,890,110,0.11,0.01103900483003963
766,883,117,0.117,0.011745514639085741
776,888,112,0.112,0.011506790781291784
724,862,138,0.138,0.013030178970948327
768,884,116,0.116,0.01216457173339586
760,880,120,0.12,0.01304552050793427
776,888,112,0.112,0.012085362062702188
770,885,115,0.115,0.01234931691440579
818,909,91,0.091,0.012893551428518548
816,908,92,0.092,0.010935030746753909
792,896,104,0.104,0.009036935868000001
828,914,86,0.086,0.010816491647943622
716,858,142,0.142,0.011579739478962438
824,912,88,0.088,0.007451741483695514
778,889,111,0.111,0.006673027517183073
798,899,101,0.101,0.007484883567150973
786,893,107,0.107,0.007625669634307997
754,877,123,0.123,0.00786293322680649
758,879,121,0.121,0.007916200467843738
754,877,123,0.123,0.009604638257489568
756,878,122,0.122,0.00781152016024862
734,867,133,0.133,0.009771183174256294
764,882,118,0.118,0.008936881006244221
744,872,128,0.128,0.010576774563232902
712,856,144,0.144,0.008401832475530682
752,876,124,0.124,0.011734637343717623
700,850,150,0.15,0.013357175746976282
758,879,121,0.121,0.013309029213545728
748,874,126,0.126,0.010132154491526308
722,861,139,0.139,0.011991670416435226
756,878,122,0.122,0.012060710614343407
796,898,102,0.102,0.011660446116220555
782,891,109,0.109,0.012866968691916555
800,900,100,0.1,0.011667182797536953
748,874,126,0.126,0.013983602454216452
782,891,109,0.109,0.010803168194004684
822,911,89,0.089,0.00973498802407994
778,889,111,0.111,0.011074653851625043
738,869,131,0.131,0.010721815958080697
716,858,142,0.142,0.009452571117042681
778,889,111,0.111,0.009908365007366228
740,870,130,0.13,0.009633082473970716
708,854,146,0.146,0.009585732325092976
728,864,136,0.136,0.010305877661108753
706,853,147,0.147,0.010521258589484205
704,852,148,0.148,0.011417039532730997
764,882,118,0.118,0.011753445546404692
738,869,131,0.131,0.012944965230330126
802,901,99,0.099,0.011351167977853039
744,872,128,0.128,0.011286368946326548
754,877,123,0.123,0.011844191332929768
734,867,133,0.133,0.009900267636374338
804,902,98,0.098,0.009815386378424591
788,894,106,0.106,0.01150636460599344
702,851,149,0.149,0.010675579075126734
736,868,132,0.132,0.011074417435840587
740,870,130,0.13,0.013779563431424321
766,883,117,0.117,0.016300006379562547
804,902,98,0.098,0.01383612275402993
698,849,151,0.151,0.0163131092544063
784,892,108,0.108,0.015298117039186763
722,861,139,0.139,0.017688543819371263
792,896,104,0.104,0.016607298678107327
766,883,117,0.117,0.015131914418452653
738,869,131,0.131,0.0173151019285433
876,938,62,0.062,0.01324527473267517
696,848,152,0.152,0.01694052483563428
780,890,110,0.11,0.015231470659258775
818,909,91,0.091,0.01697094812695286
772,886,114,0.114,0.02136812710983213
732,866,134,0.134,0.019201946880435573
746,873,127,0.127,0.021047543734137433
738,869,131,0.131,0.01764840176548023
768,884,116,0.116,0.02224605691881152
772,886,114,0.114,0.0261538956501754
778,889,111,0.111,0.023022050185420084
736,868,132,0.132,0.026801088236272336
780,890,110,0.11,0.027095293612452224
784,892,108,0.108,0.030516815866329126
744,872,128,0.128,0.029524717282503842
780,890,110,0.11,0.028314280478953152
790,895,105,0.105,0.0295135013127001
752,876,124,0.124,0.026125064620631747
724,862,138,0.138,0.03277568388113286
802,901,99,0.099,0.029102820974367206
732,866,134,0.134,0.03064700592491863
692,846,154,0.154,0.028075055170338602
718,859,141,0.141,0.030561982238083145
804,902,98,0.098,0.028530322912207338
796,898,102,0.102,0.026029090399271808
790,895,105,0.105,0.026316594695090317
780,890,110,0.11,0.026322276248421986
792,896,104,0.104,0.02473385290929582
772,886,114,0.114,0.027949586527014618
770,885,115,0.115,0.026071405026908905
838,919,81,0.081,0.021445127368962858
748,874,126,0.126,0.02524587984275422
790,895,105,0.105,0.0265387014367152
768,884,116,0.116,0.02527788109242101
764,882,118,0.118,0.02789067879848881
764,882,118,0.118,0.026752139592077583
782,891,109,0.109,0.026324238552886528
728,864,136,0.136,0.027924739823269193
756,878,122,0.122,0.027393414946389385
776,888,112,0.112,0.025156755993084517
716,858,142,0.142,0.0254407785962685
770,885,115,0.115,0.02558888828463387
770,885,115,0.115,0.026287064409581944
784,892,108,0.108,0.022284979926189406
758,879,121,0.121,0.022244576376746407
762,881,119,0.119,0.018571696912462358
690,845,155,0.155,0.021966227138822434
812,906,94,0.094,0.023287694917118643
758,879,121,0.121,0.024071939874484086
778,889,111,0.111,0.024657456074091897
782,891,109,0.109,0.02762892019620631
756,878,122,0.122,0.029269023211789317
698,849,151,0.151,0.025637077165476512
726,863,137,0.137,0.03211384578805882
832,916,84,0.084,0.030266612656763756
804,902,98,0.098,0.030571706644259393
768,884,116,0.116,0.02741257822868647
766,883,117,0.117,0.028347872254205868
698,849,151,0.151,0.028209128514572513
694,847,153,0.153,0.023482466127286897
758,879,121,0.121,0.02670423654135084
744,872,128,0.128,0.02416419780650176
760,880,120,0.12,0.026103906599106268
752,876,124,0.124,0.021739002238377
738,869,131,0.131,0.022550063575676176
822,911,89,0.089,0.021485075657983542
784,892,108,0.108,0.01886546151075163
756,878,122,0.122,0.020716175624140305
784,892,108,0.108,0.021341360122605693
778,889,111,0.111,0.021260048184834887
756,878,122,0.122,0.02319381155457813
728,864,136,0.136,0.02347572046620189
712,856,144,0.144,0.024895857878429524
782,891,109,0.109,0.02282392562116729
776,888,112,0.112,0.02281326140393503
752,876,124,0.124,0.02312088859640062
822,911,89,0.089,0.02449216950556729
728,864,136,0.136,0.02936142892378848
732,866,134,0.134,0.023395953972009012
758,879,121,0.121,0.0235497622450348
786,893,107,0.107,0.023127180428418798
846,923,77,0.077,0.02830383674777113
694,847,153,0.153,0.028849341942870525
764,882,118,0.118,0.03526954387756996
756,878,122,0.122,0.035181113226222804
720,860,140,0.14,0.03625337180809583
762,881,119,0.119,0.037078888707561417
824,912,88,0.088,0.0381413445668295
728,864,136,0.136,0.038350686982972546
712,856,144,0.144,0.03803701129369438
744,872,128,0.128,0.04364552003517747
752,876,124,0.124,0.03517480549600441
776,888,112,0.112,0.04063076992891729
742,871,129,0.129,0.036921116619196254
802,901,99,0.099,0.03649688736977987
784,892,108,0.108,0.03297979155543726
780,890,110,0.11,0.03383221689495258
754,877,123,0.123,0.036427460596081804
820,910,90,0.09,0.033615748324547896
746,873,127,0.127,0.03295987208094448
814,907,93,0.093,0.028914949865240486
772,886,114,0.114,0.03151505803730106
738,869,131,0.131,0.028649908627034166
700,850,150,0.15,0.031019694726157468
820,910,90,0.09,0.02755486463138368
774,887,113,0.113,0.02666694317967631
762,881,119,0.119,0.029423473343253136
762,881,119,0.119,0.023012614073813893
782,891,109,0.109,0.020177894587424815
772,886,114,0.114,0.023127565737988333
784,892,108,0.108,0.02255076764250407
726,863,137,0.137,0.018948403745220277
742,871,129,0.129,0.019458379337680527
724,862,138,0.138,0.021125523232956765
780,890,110,0.11,0.017627557463943958
734,867,133,0.133,0.017329050171218115
700,850,150,0.15,0.02246804492000956
756,878,122,0.122,0.017792548108438496
766,883,117,0.117,0.0167379296264844
708,854,146,0.146,0.015210924396145856
716,858,142,0.142,0.016388982268748804
748,874,126,0.126,0.01897185569854628
732,866,134,0.134,0.016051723328069784
706,853,147,0.147,0.01735718794504646
812,906,94,0.094,0.01637567372905323
802,901,99,0.099,0.014693905632611859
724,862,138,0.138,0.016668436126608868
754,877,123,0.123,0.014356057461693127
798,899,101,0.101,0.01168572366735316
788,894,106,0.106,0.012812191936929593
724,862,138,0.138,0.013043889335400308
740,870,130,0.13,0.01144251637472189
772,886,114,0.114,0.013070258692656352
762,881,119,0.119,0.012621347072694335
756,878,122,0.122,0.011781774083043274
714,857,143,0.143,0.012013790847966447
794,897,103,0.103,0.011018750896779238
764,882,118,0.118,0.011390137303009397
716,858,142,0.142,0.010486513814597856
736,868,132,0.132,0.012559718658289058
830,915,85,0.085,0.010943692107641255
764,882,118,0.118,0.01529202466501738
714,857,143,0.143,0.01458742907847045
806,903,97,0.097,0.013525449786917306
816,908,92,0.092,0.014002990499007864
782,891,109,0.109,0.01780926224353607
820,910,90,0.09,0.01583143929009384
756,878,122,0.122,0.016943433018081124
788,894,106,0.106,0.016551698691328057
842,921,79,0.079,0.017792559210269246
750,875,125,0.125,0.01837253496106132
784,892,108,0.108,0.021457870766986162
714,857,143,0.143,0.016693594672717155
792,896,104,0.104,0.021815067197137977
732,866,134,0.134,0.021980334641455556
770,885,115,0.115,0.019150896522565745
776,888,112,0.112,0.018961809140339028
780,890,110,0.11,0.021136014011193766
744,872,128,0.128,0.01994542954134522
776,888,112,0.112,0.017827079355018212
748,874,126,0.126,0.02162814769439865
838,919,81,0.081,0.0170695581115433
810,905,95,0.095,0.017707913586375072
766,883,117,0.117,0.016345821794413497
788,894,106,0.106,0.017342145799102582
774,887,113,0.113,0.015576272861217148
708,854,146,0.146,0.016645721119362862
688,844,156,0.156,0.014372391610668273
788,894,106,0.106,0.01225702738664404
786,893,107,0.107,0.011902740124191041
720,860,140,0.14,0.012723277700089967
742,871,129,0.129,0.012369068432570202
728,864,136,0.136,0.012802954615006456
804,902,98,0.098,0.011640270671850885
784,892,108,0.108,0.014651615048482199
786,893,107,0.107,0.012323609985498479
794,897,103,0.103,0.011899321437638718
770,885,115,0.115,0.0139514213832299
790,895,105,0.105,0.013920457235479262
810,905,95,0.095,0.013019341733568581
748,874,126,0.126,0.012843140583267087
750,875,125,0.125,0.01444442641583737
770,885,115,0.115,0.015629941725084792
732,866,134,0.134,0.013417542044771835
758,879,121,0.121,0.018819230172841345
734,867,133,0.133,0.018612550345729686
800,900,100,0.1,0.016234772875439375
764,882,118,0.118,0.017887332512589636
744,872,128,0.128,0.015350810984673445
774,887,113,0.113,0.017508666974725202
786,893,107,0.107,0.018445873977016164
768,884,116,0.116,0.01698933429317549
764,882,118,0.118,0.016783142044965643
790,895,105,0.105,0.0172647685247357
726,863,137,0.137,0.01629436044789327
786,893,107,0.107,0.016151073456159792
756,878,122,0.122,0.01594908836579998
778,889,111,0.111,0.016654736377240624
796,898,102,0.102,0.018326002720888936
738,869,131,0.131,0.015891575376706896
836,918,82,0.082,0.013159480536152842
784,892,108,0.108,0.013388489796714566
788,894,106,0.106,0.014375109248052468
708,854,146,0.146,0.014621495253202738
818,909,91,0.091,0.016130746048409493
730,865,135,0.135,0.015850243735767437
800,900,100,0.1,0.01655710869113682
734,867,133,0.133,0.01721508983883541
744,872,128,0.128,0.01763455222186167
738,869,131,0.131,0.018005558128337724
780,890,110,0.11,0.015607136752689257
780,890,110,0.11,0.01648231311471318
764,882,118,0.118,0.016141074742219645
772,886,114,0.114,0.016188613915102904
788,894,106,0.106,0.017043402624840383
736,868,132,0.132,0.01987346494785743
748,874,126,0.126,0.0184625572146615
808,904,96,0.096,0.01680759688539547
744,872,128,0.128,0.01967371419185656
786,893,107,0.107,0.018886855628079503
822,911,89,0.089,0.02175491941574728
772,886,114,0.114,0.020044186869286933
728,864,136,0.136,0.021404976076388266
736,868,132,0.132,0.02525527401990257
796,898,102,0.102,0.0208670419309492
826,913,87,0.087,0.024271897860016906
744,872,128,0.128,0.024611992496589664
798,899,101,0.101,0.026241621315653902
740,870,130,0.13,0.02936622444074601
730,865,135,0.135,0.03611620336165652
718,859,141,0.141,0.037289160152431576
798,899,101,0.101,0.04596081464644521
736,868,132,0.132,0.042541671375511216
774,887,113,0.113,0.0554092531753704
744,872,128,0.128,0.05932393076177687
762,881,119,0.119,0.058538719764444976
718,859,141,0.141,0.0569021582743153
760,880,120,0.12,0.06139114423748106
792,896,104,0.104,0.06784066433971747
828,914,86,0.086,0.0674996734415181
754,877,123,0.123,0.07181691059889272
788,894,106,0.106,0.06799890058953315
792,896,104,0.104,0.06738606257084757
772,886,114,0.114,0.07418931096885353
708,854,146,0.146,0.08376364152110181
836,918,82,0.082,0.08341880099941044
820,910,90,0.09,0.08870293099526316
808,904,96,0.096,0.09005154605302959
784,892,108,0.108,0.09088528208131902
700,850,150,0.15,0.09783020587731153
820,910,90,0.09,0.08426891872519628
764,882,118,0.118,0.08702338879648595
828,914,86,0.086,0.0839589776955545
740,870,130,0.13,0.09704992543533444
710,855,145,0.145,0.09250434212759137
760,880,120,0.12,0.11424943342711777
780,890,110,0.11,0.11132215913012623
736,868,132,0.132,0.13124508791975678
712,856,144,0.144,0.14399853488244116
750,875,125,0.125,0.14499974085576833
736,868,132,0.132,0.13533951751329004
770,885,115,0.115,0.1519130830615759
704,852,148,0.148,0.1374338937588036
718,859,141,0.141,0.12829456910304726
772,886,114,0.114,0.11827090026251971
796,898,102,0.102,0.12108792383782566
728,864,136,0.136,0.11012166962120681
712,856,144,0.144,0.0921938572190702
772,886,114,0.114,0.08844100429862738
740,870,130,0.13,0.09024609430506826
750,875,125,0.125,0.08013337390404195
712,856,144,0.144,0.08164559101406485
760,880,120,0.12,0.09185178846213966
766,883,117,0.117,0.08811730035347864
800,900,100,0.1,0.08661070167366415
794,897,103,0.103,0.07540455835871399
814,907,93,0.093,0.0774103680048138
740,870,130,0.13,0.0713301701983437
738,869,131,0.131,0.06615310327894985
800,900,100,0.1,0.06843608276185113
780,890,110,0.11,0.05953471186896786
724,862,138,0.138,0.059168366097845135
766,883,117,0.117,0.047560505069210196
792,896,104,0.104,0.04895026764110662
736,868,132,0.132,0.03985904952976853
844,922,78,0.078,0.035795398488175124
732,866,134,0.134,0.031324588637507984
776,888,112,0.112,0.03407100942998659
810,905,95,0.095,0.03294845802395139
766,883,117,0.117,0.030338163923996034
770,885,115,0.115,0.027687457959982568
788,894,106,0.106,0.028433680169517174
806,903,97,0.097,0.0286065709075192
758,879,121,0.121,0.03014666224247776
748,874,126,0.126,0.027820070330926684
710,855,145,0.145,0.027440945911803283
766,883,117,0.117,0.02821031419292558
772,886,114,0.114,0.024325894933775998
752,876,124,0.124,0.021461752492934465
732,866,134,0.134,0.02365189287700923
730,865,135,0.135,0.025801366275001784
748,874,126,0.126,0.025721731110475956
788,894,106,0.106,0.030174903006874955
700,850,150,0.15,0.03120930340513587
794,897,103,0.103,0.027157996354508215
832,916,84,0.084,0.029980767301283778
756,878,122,0.122,0.032335886621032844
764,882,118,0.118,0.03436856420966797
764,882,118,0.118,0.03188620476028882
812,906,94,0.094,0.030643102248199282
778,889,111,0.111,0.03238295809586998
794,897,103,0.103,0.02867956083000172
714,857,143,0.143,0.028538184864097274
796,898,102,0.102,0.02842737709404901
774,887,113,0.113,0.031626169907511215
786,893,107,0.107,0.02953108822798822
784,892,108,0.108,0.02498440139135346
716,858,142,0.142,0.02431344210827956
780,890,110,0.11,0.02369972061231965
734,867,133,0.133,0.024573477951053066
780,890,110,0.11,0.022631452780566177
788,894,106,0.106,0.02600933794878074
708,854,146,0.146,0.0270864166917745
704,852,148,0.148,0.02875432720745448
826,913,87,0.087,0.023360082010505722
792,896,104,0.104,0.026495099232415668
772,886,114,0.114,0.02344179075350985
790,895,105,0.105,0.024082541683746968
778,889,111,0.111,0.02513907104806276
786,893,107,0.107,0.02324171622135327
814,907,93,0.093,0.020229983525408897
788,894,106,0.106,0.021288133602763992
782,891,109,0.109,0.022260353607824072
694,847,153,0.153,0.021905561238098017
816,908,92,0.092,0.019969949804100908
810,905,95,0.095,0.02111182364280103
768,884,116,0.116,0.02171155344537692
764,882,118,0.118,0.022129488170321565
746,873,127,0.127,0.022193420285591854
786,893,107,0.107,0.024696849488886074
774,887,113,0.113,0.021806798808625898
748,874,126,0.126,0.02387599156820215
768,884,116,0.116,0.024891023347037845
768,884,116,0.116,0.02372373567929026
778,889,111,0.111,0.024315953732235357
704,852,148,0.148,0.030163477922731545
736,868,132,0.132,0.027468025517766365
764,882,118,0.118,0.027394555617007425
780,890,110,0.11,0.029361095243482852
728,864,136,0.136,0.030387774633942172
784,892,108,0.108,0.030121361012919807
792,896,104,0.104,0.028269097263924778
790,895,105,0.105,0.025779585802927614
770,885,115,0.115,0.029359741016756744
730,865,135,0.135,0.026054529305023607
780,890,110,0.11,0.021668183549889364
802,901,99,0.099,0.02628507882496342
790,895,105,0.105,0.020290215722459835
762,881,119,0.119,0.01808510757033946
782,891,109,0.109,0.02091233169089537
750,875,125,0.125,0.019957132062787424
826,913,87,0.087,0.01821944419760257
672,836,164,0.164,0.022058788871654543
808,904,96,0.096,0.02240636743599316
808,904,96,0.096,0.019326281607616694
796,898,102,0.102,0.019517121954122557
780,890,110,0.11,0.021660006003658056
672,836,164,0.164,0.0188817031517392
816,908,92,0.092,0.019383766629354794
772,886,114,0.114,0.02039178395405179
744,872,128,0.128,0.0223367746079457
838,919,81,0.081,0.02359851385455113
766,883,117,0.117,0.023684392760449556
750,875,125,0.125,0.02458627750945743
776,888,112,0.112,0.028140528506119155
702,851,149,0.149,0.029821946657728405
794,897,103,0.103,0.02438351509202039
766,883,117,0.117,0.027889566152589397
800,900,100,0.1,0.02470048523042351
782,891,109,0.109,0.032772381182294336
810,905,95,0.095,0.025402844917844048
786,893,107,0.107,0.031231362995458766
790,895,105,0.105,0.029650032561970876
806,903,97,0.097,0.02673532784602139
768,884,116,0.116,0.026251321521704084
748,874,126,0.126,0.025079537769313903
688,844,156,0.156,0.025362420704914256
772,886,114,0.114,0.021981047865352592
772,886,114,0.114,0.023976508634863423
804,902,98,0.098,0.0236032736080233
774,887,113,0.113,0.024323611325933598
750,875,125,0.125,0.024636958720861003
720,860,140,0.14,0.027136098090326414
732,866,134,0.134,0.024847316659172065
774,887,113,0.113,0.024009412067374798
670,835,165,0.165,0.029651615374954417
752,876,124,0.124,0.02963772990740836
796,898,102,0.102,0.02541625930147711
748,874,126,0.126,0.026507229947368614
794,897,103,0.103,0.033286960170255044
772,886,114,0.114,0.030511009832203853
758,879,121,0.121,0.028946084126946516
804,902,98,0.098,0.03173106460866984
716,858,142,0.142,0.04019184378511272
778,889,111,0.111,0.04003956340858713
762,881,119,0.119,0.03788573081395589
718,859,141,0.141,0.042106452987762166
726,863,137,0.137,0.047901178184896705
712,856,144,0.144,0.0503678837956395
740,870,130,0.13,0.04860737519944087
834,917,83,0.083,0.04132464539585635
770,885,115,0.115,0.047217500066151843
830,915,85,0.085,0.045830616360122804
812,906,94,0.094,0.043024249666836115
792,896,104,0.104,0.045719236492645
642,821,179,0.179,0.05113677707873285
682,841,159,0.159,0.040047942511504515
724,862,138,0.138,0.04233586808061227
804,902,98,0.098,0.04091189933917485
750,875,125,0.125,0.038102539737476036
714,857,143,0.143,0.040053283820627256
756,878,122,0.122,0.0359959927899763
724,862,138,0.138,0.03957717283628881
756,878,122,0.122,0.040550585279939697
768,884,116,0.116,0.03870017251581885
766,883,117,0.117,0.03916239846660756
724,862,138,0.138,0.043528818210121244
778,889,111,0.111,0.04202619990555104
790,895,105,0.105,0.04302301608817652
718,859,141,0.141,0.040741487056249755
748,874,126,0.126,0.04537586129829287
778,889,111,0.111,0.053540378961944954
814,907,93,0.093,0.049347584810806436
734,867,133,0.133,0.051004167934414
754,877,123,0.123,0.05146512337913737
798,899,101,0.101,0.05243594577116892
786,893,107,0.107,0.048259066699276446
752,876,124,0.124,0.044705178649164734
766,883,117,0.117,0.04242450294923037
756,878,122,0.122,0.039647300593322145
732,866,134,0.134,0.03658976161282044
760,880,120,0.12,0.03736361629609018
734,867,133,0.133,0.032899316270719285
700,850,150,0.15,0.038695375559153034
728,864,136,0.136,0.03982737880712375
760,880,120,0.12,0.04399505011783913
708,854,146,0.146,0.04211916227336042
712,856,144,0.144,0.03995982423378155
800,900,100,0.1,0.05031979751237668
720,860,140,0.14,0.05173340606747661
752,876,124,0.124,0.04865927697590087
778,889,111,0.111,0.048966347067151215
746,873,127,0.127,0.052892055868636816
716,858,142,0.142,0.05532200054358691
766,883,117,0.117,0.05152110964944586
784,892,108,0.108,0.04887915157387033
832,916,84,0.084,0.04816519352048636
736,868,132,0.132,0.048030988983344285
726,863,137,0.137,0.04743369840201922
808,904,96,0.096,0.041676373772090304
790,895,105,0.105,0.041927443847293036
796,898,102,0.102,0.04047711529652588
766,883,117,0.117,0.04457373463641852
734,867,133,0.133,0.03834719177242368
722,861,139,0.139,0.03623496721417178
836,918,82,0.082,0.03755767699389253
770,885,115,0.115,0.042592627321369946
794,897,103,0.103,0.04019491963204928
768,884,116,0.116,0.04538958316261414
752,876,124,0.124,0.04444292121613398
716,858,142,0.142,0.03857391362427734
764,882,118,0.118,0.04119679225515574
752,876,124,0.124,0.03917917963373475
764,882,118,0.118,0.03753370650636498
722,861,139,0.139,0.03700106120016426
808,904,96,0.096,0.041549371168715876
734,867,133,0.133,0.031956379746552556
810,905,95,0.095,0.03795446254988201
796,898,102,0.102,0.026651592741371133
724,862,138,0.138,0.03235904617107008
766,883,117,0.117,0.026426791045407298
782,891,109,0.109,0.02476495087359217
700,850,150,0.15,0.027918674164742696
736,868,132,0.132,0.025406781340483575
800,900,100,0.1,0.022921966890222394
782,891,109,0.109,0.025054618211928757
734,867,133,0.133,0.022602309063164284
812,906,94,0.094,0.021653458237298764
766,883,117,0.117,0.017386946596103372
808,904,96,0.096,0.019626512410963186
734,867,133,0.133,0.01831188118434511
778,889,111,0.111,0.018794561529066414
750,875,125,0.125,0.017978305934520905
788,894,106,0.106,0.016326771690452005
780,890,110,0.11,0.017238708074699387
736,868,132,0.132,0.01709662675083382
726,863,137,0.137,0.016079197139770258
828,914,86,0.086,0.016056446722592228
782,891,109,0.109,0.01591069671040168
836,918,82,0.082,0.017332633478567006
780,890,110,0.11,0.013517409717780537
792,896,104,0.104,0.013199962321203202
786,893,107,0.107,0.013911212732287822
752,876,124,0.124,0.01309771327181079
798,899,101,0.101,0.010630676780827344
758,879,121,0.121,0.013978501391287864
748,874,126,0.126,0.013685881666853675
830,915,85,0.085,0.010632369718106929
754,877,123,0.123,0.013883691126178746
738,869,131,0.131,0.011629721997058369
734,867,133,0.133,0.012684047077869763
784,892,108,0.108,0.011811695416021393
740,870,130,0.13,0.012270160696896027
776,888,112,0.112,0.012270533288363368
810,905,95,0.095,0.010558468530798564
750,875,125,0.125,0.01183045912027592
754,877,123,0.123,0.010809129597226274
772,886,114,0.114,0.011512216940100189
758,879,121,0.121,0.01111153327889042
742,871,129,0.129,0.012778551934374263
784,892,108,0.108,0.01176901265696506
752,876,124,0.124,0.011915635519937495
830,915,85,0.085,0.012275105807799265
776,888,112,0.112,0.012500484611882712
736,868,132,0.132,0.010446583065902815
676,838,162,0.162,0.012136993382475338
774,887,113,0.113,0.009406455420976272
722,861,139,0.139,0.011022903175908141
792,896,104,0.104,0.011560371926781955
790,895,105,0.105,0.010170276162607478
798,899,101,0.101,0.01157385128884198
758,879,121,0.121,0.011019983185906312
718,859,141,0.141,0.010606690660939421
744,872,128,0.128,0.009446363317460054
756,878,122,0.122,0.011239421904014307
826,913,87,0.087,0.009574974626957555
728,864,136,0.136,0.009680441240561777
756,878,122,0.122,0.008691617727585253
720,860,140,0.14,0.010189115653207409
752,876,124,0.124,0.008184860176945221
792,896,104,0.104,0.0071673643683534466
734,867,133,0.133,0.008438729618774232
768,884,116,0.116,0.0075020699549495475
748,874,126,0.126,0.007685427974727645
732,866,134,0.134,0.007703560040077719
774,887,113,0.113,0.007869706443903852
728,864,136,0.136,0.007756190694839461
786,893,107,0.107,0.006738327607038627
782,891,109,0.109,0.006498136909714959
816,908,92,0.092,0.006674376183145796
786,893,107,0.107,0.007734682594025799
794,897,103,0.103,0.006735922778629174
764,882,118,0.118,0.007599442008067853
770,885,115,0.115,0.006859297749819234
738,869,131,0.131,0.00805537567238207
766,883,117,0.117,0.007124138401588425
774,887,113,0.113,0.006291846848245768
796,898,102,0.102,0.006089964494189189
760,880,120,0.12,0.006203254813233798
772,886,114,0.114,0.006810765569200157
758,879,121,0.121,0.006806716133658484
798,899,101,0.101,0.006569242378725903
722,861,139,0.139,0.006851353146397741
800,900,100,0.1,0.005660950884666818
772,886,114,0.114,0.006988389557111077
798,899,101,0.101,0.005885361590291723
758,879,121,0.121,0.006625756124492909
744,872,128,0.128,0.007646978729477269
770,885,115,0.115,0.007075457232414919
712,856,144,0.144,0.007282447531515572
732,866,134,0.134,0.007655211950579542
762,881,119,0.119,0.007262001851435343
728,864,136,0.136,0.007532440705026602
810,905,95,0.095,0.006619214129255852
806,903,97,0.097,0.006648880676482804
752,876,124,0.124,0.008350299336387252
740,870,130,0.13,0.007246456064705854
806,903,97,0.097,0.007346208116330672
802,901,99,0.099,0.008316001601080644
760,880,120,0.12,0.006802499672952763
770,885,115,0.115,0.007020027693884913
804,902,98,0.098,0.005618867891877016
764,882,118,0.118,0.0062179401898920334
692,846,154,0.154,0.005451284457063593
760,880,120,0.12,0.005846767213457497
780,890,110,0.11,0.00543781762353683
748,874,126,0.126,0.005191075293092581
762,881,119,0.119,0.006865354888391721
754,877,123,0.123,0.0069939590704088915
780,890,110,0.11,0.0062113945642122415
808,904,96,0.096,0.0057906964181784135
712,856,144,0.144,0.005544840483875305
790,895,105,0.105,0.006219529935398896
700,850,150,0.15,0.0070344751381162494
742,871,129,0.129,0.0072953190268299295
774,887,113,0.113,0.007763273699449201
708,854,146,0.146,0.006417486531974646
718,859,141,0.141,0.0075424350173998395
774,887,113,0.113,0.007518597343056171
750,875,125,0.125,0.007921748372238652
764,882,118,0.118,0.006908126311638625
756,878,122,0.122,0.006451326403126586
772,886,114,0.114,0.008276558798614133
736,868,132,0.132,0.009075489048147574
772,886,114,0.114,0.007962276197169557
782,891,109,0.109,0.008109600037510973
794,897,103,0.103,0.0072256027767143675
760,880,120,0.12,0.00751849645319453
728,864,136,0.136,0.00896907813839789
716,858,142,0.142,0.008211519380129175
752,876,124,0.124,0.008953538592570112
774,887,113,0.113,0.008288875832135091
802,901,99,0.099,0.008303773686508066
772,886,114,0.114,0.008943853461692925
758,879,121,0.121,0.009668591639449005
764,882,118,0.118,0.009973445549898315
808,904,96,0.096,0.010153675828070845
794,897,103,0.103,0.010064617626048857
758,879,121,0.121,0.010495674697238428
808,904,96,0.096,0.010460177728775307
806,903,97,0.097,0.00933058815975528
806,903,97,0.097,0.008820495196938281
776,888,112,0.112,0.009670699904760114
784,892,108,0.108,0.007431247088476084
710,855,145,0.145,0.00782946273127891
770,885,115,0.115,0.009033367499388987
806,903,97,0.097,0.007189662062912248
820,910,90,0.09,0.007399190182462917
734,867,133,0.133,0.006977841570649616
764,882,118,0.118,0.008092325459487256
780,890,110,0.11,0.007792271954227544
812,906,94,0.094,0.0076733045691798904
754,877,123,0.123,0.006778858502035291
768,884,116,0.116,0.00540618670128606
756,878,122,0.122,0.005848821451421827
730,865,135,0.135,0.00679690137054422
762,881,119,0.119,0.005902657033817377
776,888,112,0.112,0.006262753877290379
796,898,102,0.102,0.005936193602439744
758,879,121,0.121,0.005970780169833234
822,911,89,0.089,0.006088983081004699
732,866,134,0.134,0.006000161650932569
758,879,121,0.121,0.00623789648359525
734,867,133,0.133,0.0063109084800380515
734,867,133,0.133,0.006808995121056796
770,885,115,0.115,0.007313490962613287
730,865,135,0.135,0.007579504323803121
790,895,105,0.105,0.008704489103067318
782,891,109,0.109,0.008193938844968215
792,896,104,0.104,0.007850109855753544
756,878,122,0.122,0.007915323373090359
738,869,131,0.131,0.006750897142024769
746,873,127,0.127,0.007521927588008111
794,897,103,0.103,0.007819312296109274
764,882,118,0.118,0.005661179228802211
756,878,122,0.122,0.006510089758914546
790,895,105,0.105,0.006389084299218666
794,897,103,0.103,0.006421833012776915
780,890,110,0.11,0.0053960247648210495
804,902,98,0.098,0.0065397541520105735
740,870,130,0.13,0.005461894476105953
810,905,95,0.095,0.00578708803106565
774,887,113,0.113,0.005381711188547343
734,867,133,0.133,0.006384630761720927
752,876,124,0.124,0.005893973909570377
828,914,86,0.086,0.006791994865634479
698,849,151,0.151,0.005340114258644462
774,887,113,0.113,0.00638638566811278
780,890,110,0.11,0.005793623574754747
794,897,103,0.103,0.005884524256580335
746,873,127,0.127,0.005620351019199006
796,898,102,0.102,0.0074440782126912386
700,850,150,0.15,0.006186295398540096
780,890,110,0.11,0.006730962699271913
776,888,112,0.112,0.005813837565961876
714,857,143,0.143,0.006686430667712557
698,849,151,0.151,0.008482416529150215
802,901,99,0.099,0.0071845434604729235
748,874,126,0.126,0.0075285670833618494
814,907,93,0.093,0.005355426284477289
732,866,134,0.134,0.00638383990514194
776,888,112,0.112,0.006317125089204637
782,891,109,0.109,0.007035511053141818
818,909,91,0.091,0.006238381959731669
736,868,132,0.132,0.006822249370656209
784,892,108,0.108,0.00679407585230365
762,881,119,0.119,0.005892187126533827
790,895,105,0.105,0.006079868990120303
790,895,105,0.105,0.006028278142421641
804,902,98,0.098,0.005359734538782504
796,898,102,0.102,0.004775656480469479
784,892,108,0.108,0.004712707201346348
790,895,105,0.105,0.005822592147873365
760,880,120,0.12,0.005628045896175536
794,897,103,0.103,0.006588543458907224
732,866,134,0.134,0.006378006914565049
724,862,138,0.138,0.0063010228409730185
760,880,120,0.12,0.0062265182116098
702,851,149,0.149,0.007983639597892762
758,879,121,0.121,0.006791720257231646
760,880,120,0.12,0.007000479135414935
722,861,139,0.139,0.00672097380636842
848,924,76,0.076,0.006976257970760343
758,879,121,0.121,0.007464226499723736
764,882,118,0.118,0.005688216228416422
756,878,122,0.122,0.007392396714752976
788,894,106,0.106,0.006991385166667897
774,887,113,0.113,0.0051263024953368585
760,880,120,0.12,0.006489276420325041
750,875,125,0.125,0.007164282765319513
820,910,90,0.09,0.006510929948373814
746,873,127,0.127,0.0060660166674715585
832,916,84,0.084,0.0071025883272013745
770,885,115,0.115,0.006461933175725789
822,911,89,0.089,0.005951391848589992
748,874,126,0.126,0.006456549284950598
778,889,111,0.111,0.005544359696345055
758,879,121,0.121,0.0059967356940978786
788,894,106,0.106,0.006364353078770364
768,884,116,0.116,0.006250182160867553
704,852,148,0.148,0.0065850595182128015
832,916,84,0.084,0.006486346710313228
738,869,131,0.131,0.00817242513387464
768,884,116,0.116,0.007217067215198767
704,852,148,0.148,0.007877053434291155
760,880,120,0.12,0.006722557099637924
776,888,112,0.112,0.00892173469113186
744,872,128,0.128,0.008320892569114221
794,897,103,0.103,0.009435354849367287
798,899,101,0.101,0.008913120765020722
780,890,110,0.11,0.010263484348804922
706,853,147,0.147,0.011843404187296984
780,890,110,0.11,0.008722618882136886
762,881,119,0.119,0.008591841080633458
738,869,131,0.131,0.007383004419200006
674,837,163,0.163,0.008311912735327496
720,860,140,0.14,0.00736697973497212
798,899,101,0.101,0.007357161668798654
798,899,101,0.101,0.006737151308221655
776,888,112,0.112,0.007369086552454974
682,841,159,0.159,0.008365131686394307
780,890,110,0.11,0.008020285263643017
778,889,111,0.111,0.007031453380062885
740,870,130,0.13,0.008631901659624418
688,844,156,0.156,0.007545668018196011
746,873,127,0.127,0.008560671176121104
702,851,149,0.149,0.007526000788173406
742,871,129,0.129,0.009235611125142896
792,896,104,0.104,0.009529126457782694
804,902,98,0.098,0.00882071445978363
764,882,118,0.118,0.009589798401488225
784,892,108,0.108,0.009514968642426538
754,877,123,0.123,0.008002754494169494
724,862,138,0.138,0.00812880094072898
712,856,144,0.144,0.007503699257627886
760,880,120,0.12,0.00739465012337314
738,869,131,0.131,0.011013230268887128
844,922,78,0.078,0.009123392906087246
714,857,143,0.143,0.007849217464899994
796,898,102,0.102,0.005887658917587032
742,871,129,0.129,0.007472061040834888
736,868,132,0.132,0.0066780268142465505
780,890,110,0.11,0.007127539667926612
802,901,99,0.099,0.005017390792199876
744,872,128,0.128,0.008063110428232904
702,851,149,0.149,0.0065850152548810005
764,882,118,0.118,0.007056184976900113
748,874,126,0.126,0.008977681323514845
810,905,95,0.095,0.008440102940541693
682,841,159,0.159,0.008287927846133244
766,883,117,0.117,0.00772008563606505
774,887,113,0.113,0.008259262504972867
822,911,89,0.089,0.008277672849289956
736,868,132,0.132,0.007799598478159169
724,862,138,0.138,0.007560987366909103
792,896,104,0.104,0.006296006977841898
768,884,116,0.116,0.005769836014813336
816,908,92,0.092,0.006437926972543209
754,877,123,0.123,0.006641709166520741
762,881,119,0.119,0.006015462736511836
788,894,106,0.106,0.007614123619288876
798,899,101,0.101,0.006848821800311271
796,898,102,0.102,0.005921930966193031
720,860,140,0.14,0.005715923327737983
692,846,154,0.154,0.006975348716128792
720,860,140,0.14,0.00676680736180424
740,870,130,0.13,0.006520463986576942
844,922,78,0.078,0.006296938506890001
714,857,143,0.143,0.006785159727707651
776,888,112,0.112,0.006222528097008763
760,880,120,0.12,0.007626152643717432
732,866,134,0.134,0.007822606577843545
820,910,90,0.09,0.006679493319737958
768,884,116,0.116,0.008210023519903189
650,825,175,0.175,0.008379729708176456
820,910,90,0.09,0.00792422060786339
764,882,118,0.118,0.008453007085256104
758,879,121,0.121,0.007248209504192346
736,868,132,0.132,0.007699699628385133
722,861,139,0.139,0.009347666114816093
762,881,119,0.119,0.008216509150297497
742,871,129,0.129,0.00756798798777163
754,877,123,0.123,0.007466723973760963
730,865,135,0.135,0.00655266764452972
798,899,101,0.101,0.00636922436664463
768,884,116,0.116,0.005264853696564387
796,898,102,0.102,0.005554668900018441
764,882,118,0.118,0.006098000212310581
760,880,120,0.12,0.006816021999358782
738,869,131,0.131,0.005059466921724379
748,874,126,0.126,0.005708437079891155
744,872,128,0.128,0.006189263018048223
766,883,117,0.117,0.006876526251930045
788,894,106,0.106,0.004655233892292017
776,888,112,0.112,0.005565740873680625
766,883,117,0.117,0.005204306308558443
746,873,127,0.127,0.005600631459474243
792,896,104,0.104,0.0057861411226476775
756,878,122,0.122,0.005532254398902296
760,880,120,0.12,0.005575143548609048
782,891,109,0.109,0.00756095336216822
736,868,132,0.132,0.006493569769994792
796,898,102,0.102,0.005723881484704634
764,882,118,0.118,0.006344874225476815
756,878,122,0.122,0.00554416398399917
722,861,139,0.139,0.00547189206629264
830,915,85,0.085,0.006494004334927013
826,913,87,0.087,0.0047386212031739205
782,891,109,0.109,0.006363335507114243
788,894,106,0.106,0.005640866036173975
734,867,133,0.133,0.005058696200137092
754,877,123,0.123,0.00590582797038951
790,895,105,0.105,0.006190339661454346
724,862,138,0.138,0.005823804569514323
734,867,133,0.133,0.006506914168516232
770,885,115,0.115,0.004640522654299275
730,865,135,0.135,0.005707231119806238
788,894,106,0.106,0.004236077311215922
748,874,126,0.126,0.005598743863563869
754,877,123,0.123,0.004089898870999605
700,850,150,0.15,0.004977637956861145
744,872,128,0.128,0.005782611332015222
772,886,114,0.114,0.005452537881803437
704,852,148,0.148,0.004356416069385887
752,876,124,0.124,0.005546948469956988
764,882,118,0.118,0.004898537891836895
772,886,114,0.114,0.005281286320690924
802,901,99,0.099,0.004483689206055715
760,880,120,0.12,0.007777057857430918
748,874,126,0.126,0.005443758175257244
724,862,138,0.138,0.006445230563280347
818,909,91,0.091,0.006296444707339106
768,884,116,0.116,0.0058528616541370865
818,909,91,0.091,0.0055845140739547786
836,918,82,0.082,0.005793650397550664
750,875,125,0.125,0.006821992105804384
812,906,94,0.094,0.006326569841156015
774,887,113,0.113,0.004729540875625389
750,875,125,0.125,0.0072739784195728135
730,865,135,0.135,0.007503593237410314
792,896,104,0.104,0.0056156351966637885
774,887,113,0.113,0.005664609441679204
802,901,99,0.099,0.005257647510738025
788,894,106,0.106,0.00476772695001273
782,891,109,0.109,0.005351983199601818
822,911,89,0.089,0.005908894424810569
756,878,122,0.122,0.005363750797449029
788,894,106,0.106,0.005326774716872024
764,882,118,0.118,0.004666928630107577
818,909,91,0.091,0.004872898109642847
766,883,117,0.117,0.004510832460272922
740,870,130,0.13,0.00410304473879296
750,875,125,0.125,0.00405236411574333
710,855,145,0.145,0.0046294112287887405
728,864,136,0.136,0.00543757547797577
782,891,109,0.109,0.0041324032686643475
796,898,102,0.102,0.0034514420665072974
772,886,114,0.114,0.004142655980042491
748,874,126,0.126,0.004029304268806299
754,877,123,0.123,0.004210782811631362
840,920,80,0.08,0.004557185066383682
732,866,134,0.134,0.0031210829706546975
786,893,107,0.107,0.00294345840632559
728,864,136,0.136,0.004074271986466556
824,912,88,0.088,0.004635877143962716
722,861,139,0.139,0.004277827452537167
798,899,101,0.101,0.0034474378536979203
784,892,108,0.108,0.003670612416777658
806,903,97,0.097,0.0032436048018171276
798,899,101,0.101,0.0036374977327814123
748,874,126,0.126,0.0032686334438949416
728,864,136,0.136,0.0034166680593734782
794,897,103,0.103,0.004497710114257643
812,906,94,0.094,0.003916030289925402
800,900,100,0.1,0.004343377202090778
826,913,87,0.087,0.003991478447693225
762,881,119,0.119,0.00456402125364184
766,883,117,0.117,0.004690818898103316
788,894,106,0.106,0.003671438563580523
840,920,80,0.08,0.004009890051502225
778,889,111,0.111,0.0032460339055178336
680,840,160,0.16,0.003859196310775587
804,902,98,0.098,0.0038439728378871223
766,883,117,0.117,0.004120775159513869
722,861,139,0.139,0.003578539004789491
764,882,118,0.118,0.003932119212986435
732,866,134,0.134,0.0036980698719962673
794,897,103,0.103,0.003552490631795081
798,899,101,0.101,0.002887542007643788
788,894,106,0.106,0.003639573780203136
732,866,134,0.134,0.003593916297548276
772,886,114,0.114,0.0030585141553328868
724,862,138,0.138,0.0035451966999031585
734,867,133,0.133,0.0028685064499422877
740,870,130,0.13,0.0035409710734602413
722,861,139,0.139,0.0031050056042367944
766,883,117,0.117,0.0024888846904286767
716,858,142,0.142,0.0026618309549394327
758,879,121,0.121,0.00310602312296578
784,892,108,0.108,0.0024718412335923857
722,861,139,0.139,0.0023711272823347825
738,869,131,0.131,0.0027673086204249558
758,879,121,0.121,0.002454487326573144
794,897,103,0.103,0.0027665771416795905
744,872,128,0.128,0.003208967501247571
754,877,123,0.123,0.0024404983345930305
784,892,108,0.108,0.002830370036404929
756,878,122,0.122,0.0026724482558365707
778,889,111,0.111,0.002696249714386795
768,884,116,0.116,0.0025763229514413977
778,889,111,0.111,0.0024956969729178127
738,869,131,0.131,0.0031354625778121773
768,884,116,0.116,0.002794172451558552
718,859,141,0.141,0.003284991308075405
756,878,122,0.122,0.0025782579393735434
842,921,79,0.079,0.003242015144413017
770,885,115,0.115,0.002766532486057258
726,863,137,0.137,0.0029074507458863082
778,889,111,0.111,0.003429732948447054
772,886,114,0.114,0.0028559191622334764
780,890,110,0.11,0.0025073662011309353
768,884,116,0.116,0.004080403596446559
802,901,99,0.099,0.0035084644646522067
818,909,91,0.091,0.003756591403620405
756,878,122,0.122,0.0028822771932391334
786,893,107,0.107,0.0036778057139636076
768,884,116,0.116,0.0033280655675553134
758,879,121,0.121,0.0030131339333509003
716,858,142,0.142,0.0028178449142669706
766,883,117,0.117,0.002859555460336196
738,869,131,0.131,0.0028914582647266798
776,888,112,0.112,0.0024882610362765263
746,873,127,0.127,0.002753974113700224
732,866,134,0.134,0.0029741896004525188
784,892,108,0.108,0.002644221776314225
720,860,140,0.14,0.0037704315499722725
732,866,134,0.134,0.002907092073449348
786,893,107,0.107,0.003542106290253287
724,862,138,0.138,0.0035788670020156133
748,874,126,0.126,0.003451656936609652
760,880,120,0.12,0.0035278156450222016
758,879,121,0.121,0.004168987275643303
774,887,113,0.113,0.003704486572976748
746,873,127,0.127,0.003327135878372246
768,884,116,0.116,0.004310150388108013
762,881,119,0.119,0.0031702262418693864
804,902,98,0.098,0.0036328913555535108
748,874,126,0.126,0.004080149991194048
744,872,128,0.128,0.0033606943929007684
796,898,102,0.102,0.003522754057230486
834,917,83,0.083,0.003554204480795306
720,860,140,0.14,0.003749468139860255
742,871,129,0.129,0.003786413260626432
782,891,109,0.109,0.003906481823809827
732,866,134,0.134,0.003615359861312754
778,889,111,0.111,0.003907707039020352
760,880,120,0.12,0.0032651967703714035
764,882,118,0.118,0.0040747783486440314
770,885,115,0.115,0.0036672963054552384
770,885,115,0.115,0.004217015258653191
774,887,113,0.113,0.004228892241895665
702,851,149,0.149,0.004026029912558442
766,883,117,0.117,0.004136668707833906
778,889,111,0.111,0.0030304370542025938
704,852,148,0.148,0.003155803751372332
822,911,89,0.089,0.0041924240707949135
762,881,119,0.119,0.0031202073100103007
776,888,112,0.112,0.003030537582228135
738,869,131,0.131,0.0033856337582255946
772,886,114,0.114,0.002957715511725837
778,889,111,0.111,0.003653149629106338
694,847,153,0.153,0.003129528545530775
772,886,114,0.114,0.0034580898024687487
756,878,122,0.122,0.003281896641408821
786,893,107,0.107,0.003928592534844028
702,851,149,0.149,0.0034475607268577733
766,883,117,0.117,0.003947105560571799
756,878,122,0.122,0.003459167125836757
776,888,112,0.112,0.004199243521205063
770,885,115,0.115,0.003621785940085829
752,876,124,0.124,0.004216768873175169
758,879,121,0.121,0.0046399217176640375
722,861,139,0.139,0.004881245776225114
794,897,103,0.103,0.003842384577546909
786,893,107,0.107,0.004357842575558607
716,858,142,0.142,0.004526364183388068
794,897,103,0.103,0.00410653481517511
744,872,128,0.128,0.004997544290214137
816,908,92,0.092,0.004733195122404141
826,913,87,0.087,0.004637734084273689
770,885,115,0.115,0.004080516647045443
790,895,105,0.105,0.00437405636432959
794,897,103,0.103,0.0038488568924840367
788,894,106,0.106,0.0036742384626068086
788,894,106,0.106,0.0036505138012071256
824,912,88,0.088,0.003670032364403596
770,885,115,0.115,0.0039899110780661435
676,838,162,0.162,0.0046171504965491295
738,869,131,0.131,0.0037725284116895638
738,869,131,0.131,0.004522571132722078
782,891,109,0.109,0.004257175182126957
756,878,122,0.122,0.003922231283908332
772,886,114,0.114,0.0038874104064962013
778,889,111,0.111,0.0034698265704155348
760,880,120,0.12,0.003880728233460104
800,900,100,0.1,0.0035072944485018526
766,883,117,0.117,0.003582670879739453
812,906,94,0.094,0.0034615392767482264
708,854,146,0.146,0.003926434143988445
782,891,109,0.109,0.004414028321429214
768,884,116,0.116,0.004124837766954443
684,842,158,0.158,0.004728431315154012
726,863,137,0.137,0.0033171890679986973
740,870,130,0.13,0.005241699855298066
778,889,111,0.111,0.005222548748613917
800,900,100,0.1,0.005466858188359765
746,873,127,0.127,0.004813231085237931
790,895,105,0.105,0.004213155293517047
746,873,127,0.127,0.00531252302507346
808,904,96,0.096,0.0046561571072452354
822,911,89,0.089,0.004046735507799894
800,900,100,0.1,0.004579502734697599
726,863,137,0.137,0.006038623567143077
818,909,91,0.091,0.004249647422317139
776,888,112,0.112,0.005145795433092644
748,874,126,0.126,0.0044160801544603605
790,895,105,0.105,0.004443785238545388
734,867,133,0.133,0.004095028795625694
774,887,113,0.113,0.0046146475934474435
780,890,110,0.11,0.003982236853226368
836,918,82,0.082,0.003906153022438048
722,861,139,0.139,0.0037735571262819574
770,885,115,0.115,0.0048937084169883745
808,904,96,0.096,0.00468230288423365
822,911,89,0.089,0.0038943587243702497
752,876,124,0.124,0.004192554999208369
804,902,98,0.098,0.003986745072164922
776,888,112,0.112,0.004877110305016686
780,890,110,0.11,0.003545580182020785
790,895,105,0.105,0.003324317075283034
710,855,145,0.145,0.004622514834551112
742,871,129,0.129,0.0033885963687425827
750,875,125,0.125,0.004477277749156201
780,890,110,0.11,0.0042820256655322735
790,895,105,0.105,0.0038188399163336727
800,900,100,0.1,0.00395282563202818
720,860,140,0.14,0.003176894679929319
718,859,141,0.141,0.0036913197991721063
714,857,143,0.143,0.0033492179361346644
678,839,161,0.161,0.0041135392545402286
798,899,101,0.101,0.003898090493014024
712,856,144,0.144,0.004451303711583023
784,892,108,0.108,0.004300163855805295
802,901,99,0.099,0.0038294994796351602
818,909,91,0.091,0.0036564235816167637
782,891,109,0.109,0.004173835559566214
748,874,126,0.126,0.003959430032871751
720,860,140,0.14,0.0038897186187787157
758,879,121,0.121,0.0030421189628868886
756,878,122,0.122,0.0035419945736248335
752,876,124,0.124,0.003955063171724759
768,884,116,0.116,0.0033067974051009513
750,875,125,0.125,0.003502903468521254
746,873,127,0.127,0.004045610365585162
774,887,113,0.113,0.003968913565229741
706,853,147,0.147,0.004018236357776914
710,855,145,0.145,0.004827030561278661
718,859,141,0.141,0.0034775069233437535
736,868,132,0.132,0.00425019161059754
774,887,113,0.113,0.0036607481677638134
764,882,118,0.118,0.0040113608399115035
750,875,125,0.125,0.004373671002129413
796,898,102,0.102,0.004351200117002008
720,860,140,0.14,0.00450532798873246
772,886,114,0.114,0.004251481916740886
742,871,129,0.129,0.0034185859615099615
714,857,143,0.143,0.004763359548374865
772,886,114,0.114,0.004225768891563348
788,894,106,0.106,0.002807827546566841
772,886,114,0.114,0.003787824318562343
784,892,108,0.108,0.003846946136070983
806,903,97,0.097,0.0040128035551169885
754,877,123,0.123,0.003696383367347153
812,906,94,0.094,0.003134294130211856
822,911,89,0.089,0.0032927574051591366
738,869,131,0.131,0.0036245679087005558
772,886,114,0.114,0.0032536768286827284
726,863,137,0.137,0.0028091089656518305
782,891,109,0.109,0.003207296852549916
786,893,107,0.107,0.00313004678913785
750,875,125,0.125,0.002739115046202642
750,875,125,0.125,0.002878105887735728
812,906,94,0.094,0.002964906129736846
726,863,137,0.137,0.0030122813068046528
726,863,137,0.137,0.002410976963787107
762,881,119,0.119,0.0027762452971383028
762,881,119,0.119,0.002840709913442879
748,874,126,0.126,0.002781161730959866
788,894,106,0.106,0.0023453324917099964
726,863,137,0.137,0.00236224576130553
766,883,117,0.117,0.0029340430282391024
724,862,138,0.138,0.003813746847672519
800,900,100,0.1,0.0024591106094885616
818,909,91,0.091,0.003810482982164103
760,880,120,0.12,0.0032976744921579667
770,885,115,0.115,0.0030591267733434506
760,880,120,0.12,0.003109692658806125
816,908,92,0.092,0.0025390215196130156
810,905,95,0.095,0.002701594589801289
816,908,92,0.092,0.0023531381179163874
800,900,100,0.1,0.002865197178472954
788,894,106,0.106,0.0025938750586356036
756,878,122,0.122,0.0025005859288012287
738,869,131,0.131,0.002529986455479957
712,856,144,0.144,0.003163915927641938
748,874,126,0.126,0.0033415146039551475
680,840,160,0.16,0.0026563921081942683
806,903,97,0.097,0.0027898873781268775
762,881,119,0.119,0.003084651874283736
784,892,108,0.108,0.0031755567307682215
730,865,135,0.135,0.0035141158892984096
778,889,111,0.111,0.0032440972452241115
736,868,132,0.132,0.0024813999769412475
760,880,120,0.12,0.002742688736184391
756,878,122,0.122,0.003399020343680604
730,865,135,0.135,0.003350700876719202
792,896,104,0.104,0.0031926260499421915
818,909,91,0.091,0.0032828437436401145
738,869,131,0.131,0.0041100046622341325
778,889,111,0.111,0.0039986660374888745
756,878,122,0.122,0.002995445666125306
796,898,102,0.102,0.0027314043054138893
738,869,131,0.131,0.0032047836446126893
818,909,91,0.091,0.0035648833847935746
784,892,108,0.108,0.003588536078546895
720,860,140,0.14,0.003352870028000325
738,869,131,0.131,0.0031644439806295848
730,865,135,0.135,0.0029624960821383866
830,915,85,0.085,0.0026814803394063346
818,909,91,0.091,0.0024553079857314516
762,881,119,0.119,0.0024278921959921718
822,911,89,0.089,0.0024051792266818668
806,903,97,0.097,0.0020395489524635195
792,896,104,0.104,0.002423235293381367
774,887,113,0.113,0.002072442878717993
756,878,122,0.122,0.001949979713814173
788,894,106,0.106,0.0016156083275832315
720,860,140,0.14,0.0018793958893329546
774,887,113,0.113,0.0028506105282103816
772,886,114,0.114,0.002175795053013644
742,871,129,0.129,0.00216442042205108
746,873,127,0.127,0.00217966541408623
750,875,125,0.125,0.0018470011081453777
728,864,136,0.136,0.0021393443174893036
766,883,117,0.117,0.0022281914020168187
696,848,152,0.152,0.0028114398790639824
708,854,146,0.146,0.0027260268614500093
822,911,89,0.089,0.003215875805988617
746,873,127,0.127,0.0022918110542805153
804,902,98,0.098,0.0032407444803266116
824,912,88,0.088,0.00309456253360986
794,897,103,0.103,0.0036629893215394988
804,902,98,0.098,0.003343356247365591
764,882,118,0.118,0.0035384543336076605
784,892,108,0.108,0.00382555744081219
768,884,116,0.116,0.002947227113372719
802,901,99,0.099,0.0031965871517531923
752,876,124,0.124,0.004003400588168006
776,888,112,0.112,0.0036536396278352185
800,900,100,0.1,0.003939736432439531
744,872,128,0.128,0.003408804575135946
776,888,112,0.112,0.003643245603347168
824,912,88,0.088,0.002593901671497406
776,888,112,0.112,0.0034755311163971784
756,878,122,0.122,0.003269348275570792
808,904,96,0.096,0.0032753548938417227
738,869,131,0.131,0.0032059254729501843
728,864,136,0.136,0.003289879345888039
748,874,126,0.126,0.002757495033136365
708,854,146,0.146,0.0034130115779898917
792,896,104,0.104,0.0040340989982305476
692,846,154,0.154,0.004162848683838092
756,878,122,0.122,0.004079681303737743
796,898,102,0.102,0.004433455351616431
744,872,128,0.128,0.004355317546574952
738,869,131,0.131,0.0043790543128752685
776,888,112,0.112,0.0035031011455284897
708,854,146,0.146,0.0047007124065094105
770,885,115,0.115,0.0031222114591582793
678,839,161,0.161,0.004577951433355338
766,883,117,0.117,0.004125793182371126
806,903,97,0.097,0.0037796732369461098
770,885,115,0.115,0.0034765611393449943
752,876,124,0.124,0.004088490620124503
754,877,123,0.123,0.004482410701217305
762,881,119,0.119,0.003848308462984278
764,882,118,0.118,0.003602172661736404
780,890,110,0.11,0.0030010009700490625
722,861,139,0.139,0.0037572910605522336
710,855,145,0.145,0.003563937853992684
754,877,123,0.123,0.0035939792333338117
764,882,118,0.118,0.004406439122256416
738,869,131,0.131,0.0036389779986384383
782,891,109,0.109,0.0037058201167019435
782,891,109,0.109,0.003949037948339537
764,882,118,0.118,0.004388457635512168
732,866,134,0.134,0.00412832905592586
730,865,135,0.135,0.0030666832978240564
780,890,110,0.11,0.0033922372450251714
772,886,114,0.114,0.0035510793536668644
792,896,104,0.104,0.0030844777172314933
750,875,125,0.125,0.003119880759226362
758,879,121,0.121,0.0032506529009151564
768,884,116,0.116,0.0036218546490199514
760,880,120,0.12,0.003394877829854522
750,875,125,0.125,0.003317004177137278
766,883,117,0.117,0.002676684454709175
810,905,95,0.095,0.002767003924545861
794,897,103,0.103,0.0032905237435561503
778,889,111,0.111,0.0027672399065904758
782,891,109,0.109,0.0022873690246742627
728,864,136,0.136,0.00199305815457501
788,894,106,0.106,0.002138297374504873
696,848,152,0.152,0.00216581611636002
702,851,149,0.149,0.002675518281146651
770,885,115,0.115,0.0023274819919624863
798,899,101,0.101,0.0026958208187006674
760,880,120,0.12,0.0020030614036477346
792,896,104,0.104,0.0019156936770377798
726,863,137,0.137,0.002862387177929122
766,883,117,0.117,0.00238302422085053
800,900,100,0.1,0.0029328704558283787
778,889,111,0.111,0.0028561263545234397
744,872,128,0.128,0.0027402099823248135
732,866,134,0.134,0.002974128756130085
760,880,120,0.12,0.003435520650835315
838,919,81,0.081,0.0031188262151481466
792,896,104,0.104,0.0030532188515171583
772,886,114,0.114,0.003142119014137279
734,867,133,0.133,0.0029638143909050995
712,856,144,0.144,0.002746107537532225
734,867,133,0.133,0.0033153671677428067
772,886,114,0.114,0.0026696400537039155
740,870,130,0.13,0.0028518152700999053
738,869,131,0.131,0.003099242033737028
826,913,87,0.087,0.002592082325863885
780,890,110,0.11,0.0024244500151285138
724,862,138,0.138,0.002753285704169684
706,853,147,0.147,0.0020476734589701664
788,894,106,0.106,0.0022150576115600416
754,877,123,0.123,0.002621725930184766
710,855,145,0.145,0.0025273539929130495
800,900,100,0.1,0.0020932633634574813
844,922,78,0.078,0.0021005408856835856
726,863,137,0.137,0.002442914898424533
780,890,110,0.11,0.0019076718319483916
756,878,122,0.122,0.0018256062911545996
836,918,82,0.082,0.002034286040758161
780,890,110,0.11,0.0017266203496483286
782,891,109,0.109,0.0017429467808501612
776,888,112,0.112,0.0020297472591355474
794,897,103,0.103,0.0017733258020743961
740,870,130,0.13,0.0020850037099498877
822,911,89,0.089,0.002162232997941828
842,921,79,0.079,0.0023046010722773645
770,885,115,0.115,0.0023638315179891835
742,871,129,0.129,0.002524294858549183
766,883,117,0.117,0.0025455756440223923
792,896,104,0.104,0.003400445362969549
734,867,133,0.133,0.002603771222546129
750,875,125,0.125,0.0024595216808011174
824,912,88,0.088,0.0028322926093906063
752,876,124,0.124,0.0021932609489067546
728,864,136,0.136,0.002882814881293143
790,895,105,0.105,0.0027146702019672374
722,861,139,0.139,0.0027331483041343743
822,911,89,0.089,0.0026776850468595514
722,861,139,0.139,0.002744416654972156
832,916,84,0.084,0.002121120572491236
772,886,114,0.114,0.0025460884920776154
734,867,133,0.133,0.0026238550990565273
822,911,89,0.089,0.002448811944734189
764,882,118,0.118,0.0021860984553422895
822,911,89,0.089,0.0023438402561528167
694,847,153,0.153,0.0023908482325023213
794,897,103,0.103,0.002263684547808225
748,874,126,0.126,0.002865127560173278
760,880,120,0.12,0.00236275578166169
818,909,91,0.091,0.002174938586354983
764,882,118,0.118,0.003136593869949138
820,910,90,0.09,0.002702998056389333
744,872,128,0.128,0.0028243282627954613
736,868,132,0.132,0.0028727187927870546
680,840,160,0.16,0.0026782708630998966
818,909,91,0.091,0.003025116833010543
812,906,94,0.094,0.0026981786538453887
702,851,149,0.149,0.0030545820949009796
784,892,108,0.108,0.003329626729217125
806,903,97,0.097,0.00294501926041994
738,869,131,0.131,0.00248996575286219
792,896,104,0.104,0.0026411387708703844
774,887,113,0.113,0.00260217782711743
744,872,128,0.128,0.003491668267136447
752,876,124,0.124,0.002761765256305807
788,894,106,0.106,0.0028900196689246515
740,870,130,0.13,0.002714496552653145
760,880,120,0.12,0.0024983026525460445
766,883,117,0.117,0.0023354475153064412
744,872,128,0.128,0.0020501143229685113
772,886,114,0.114,0.0021887185715222584
744,872,128,0.128,0.0021216016060880065
776,888,112,0.112,0.0021676405062935372
842,921,79,0.079,0.0016681077204884786
780,890,110,0.11,0.0025977128725535293
732,866,134,0.134,0.0021352183631988737
730,865,135,0.135,0.0018254558354628898
804,902,98,0.098,0.002012184146049549
702,851,149,0.149,0.001886420032749811
784,892,108,0.108,0.0023312283923396537
720,860,140,0.14,0.0016388020700851484
758,879,121,0.121,0.0016539019003994327
712,856,144,0.144,0.002974419094917266
796,898,102,0.102,0.0025323429445434156
796,898,102,0.102,0.0025170252699244886
774,887,113,0.113,0.002668647506943671
800,900,100,0.1,0.002517067819991553
732,866,134,0.134,0.0022133996290394863
726,863,137,0.137,0.0022212468735610855
776,888,112,0.112,0.0019399438822974844
778,889,111,0.111,0.002186145504601882
782,891,109,0.109,0.0022259830565462837
788,894,106,0.106,0.0014614227329002461
838,919,81,0.081,0.0015225916770132243
792,896,104,0.104,0.001784267819237357
738,869,131,0.131,0.001707125978429758
742,871,129,0.129,0.0019295781437976985
728,864,136,0.136,0.0016008024079510505
756,878,122,0.122,0.0014330907054054477
740,870,130,0.13,0.001708399018412365
804,902,98,0.098,0.0017626502319844804
764,882,118,0.118,0.0017071892553003635
738,869,131,0.131,0.0018972667998259567
742,871,129,0.129,0.0018964510472978873
788,894,106,0.106,0.001843863811576739
718,859,141,0.141,0.0023167352783766545
826,913,87,0.087,0.002743568306485031
756,878,122,0.122,0.002266984779444101
782,891,109,0.109,0.0020796068596919213
738,869,131,0.131,0.002374586904750686
724,862,138,0.138,0.0019469206568355731
746,873,127,0.127,0.0021237762215714612
798,899,101,0.101,0.002005300359862304
796,898,102,0.102,0.002488057464659505
800,900,100,0.1,0.0021594814748004867
774,887,113,0.113,0.0024254234012532835
668,834,166,0.166,0.0028992177019272277
746,873,127,0.127,0.0030656769314082338
742,871,129,0.129,0.002504559325745504
742,871,129,0.129,0.002839724554331042
754,877,123,0.123,0.0034028554089054522
756,878,122,0.122,0.003541835679403448
806,903,97,0.097,0.0033122144653061694
732,866,134,0.134,0.002903163386257802
790,895,105,0.105,0.0030066971645283046
802,901,99,0.099,0.0039039783518492184
798,899,101,0.101,0.002781859976441524
714,857,143,0.143,0.0029758545139084163
706,853,147,0.147,0.0025946287801234575
720,860,140,0.14,0.0024155320782748503
816,908,92,0.092,0.00296572021553402
762,881,119,0.119,0.0027896148698400795
752,876,124,0.124,0.0025747763240688074
772,886,114,0.114,0.0023428921877048196
778,889,111,0.111,0.0024539166394515633
784,892,108,0.108,0.0024858910940019994
790,895,105,0.105,0.0020766943147154963
752,876,124,0.124,0.0021047606344473026
812,906,94,0.094,0.0024447215955642606
704,852,148,0.148,0.0021929214855172176
712,856,144,0.144,0.0024189012290207756
754,877,123,0.123,0.0030007545427997682
788,894,106,0.106,0.002494664008685504
730,865,135,0.135,0.002217754258750574
788,894,106,0.106,0.0019199217037312337
796,898,102,0.102,0.0019470058862871157
750,875,125,0.125,0.0026812602414102004
770,885,115,0.115,0.002043304367798555
730,865,135,0.135,0.0029616646763752216
774,887,113,0.113,0.0022371760799615005
698,849,151,0.151,0.003235221782771987
682,841,159,0.159,0.0020452850788860817
848,924,76,0.076,0.002503506831753839
734,867,133,0.133,0.0027583596444364956
828,914,86,0.086,0.0025581683419150067
714,857,143,0.143,0.002027747991254728
718,859,141,0.141,0.0024169468029786004
746,873,127,0.127,0.002240746939136443
748,874,126,0.126,0.00247279589944992
764,882,118,0.118,0.002061420774360158
780,890,110,0.11,0.002137865218754996
812,906,94,0.094,0.0023498756755871
760,880,120,0.12,0.0023766009281480363
716,858,142,0.142,0.0026363232384865112
782,891,109,0.109,0.002058104613646719
774,887,113,0.113,0.002726077044219437
736,868,132,0.132,0.002360686861875365
712,856,144,0.144,0.00218678722627692
814,907,93,0.093,0.0018340875493813656
786,893,107,0.107,0.0016690228510215092
750,875,125,0.125,0.001962232875484915
760,880,120,0.12,0.002077996883266792
772,886,114,0.114,0.0024373154731183603
744,872,128,0.128,0.0024744859002748852
762,881,119,0.119,0.002003657309076516
770,885,115,0.115,0.002275241738459954
776,888,112,0.112,0.0024985160652740888
800,900,100,0.1,0.0025466080537817105
774,887,113,0.113,0.0022331291010268613
796,898,102,0.102,0.002389676229819088
784,892,108,0.108,0.002503112139753284
772,886,114,0.114,0.002488597285835567
786,893,107,0.107,0.002349862637976912
752,876,124,0.124,0.002953749113625236
748,874,126,0.126,0.002786990098069509
758,879,121,0.121,0.0023163612074731644
820,910,90,0.09,0.00250522523233667
818,909,91,0.091,0.002812485536760505
792,896,104,0.104,0.002689785437214596
772,886,114,0.114,0.0025752447404083795
744,872,128,0.128,0.0019510588769098831
794,897,103,0.103,0.0026414405518371494
784,892,108,0.108,0.0022354963205052625
720,860,140,0.14,0.0028348835111137306
754,877,123,0.123,0.0017798377058952611
738,869,131,0.131,0.0021258314659207828
750,875,125,0.125,0.002624957560146868
758,879,121,0.121,0.0023514367513780597
774,887,113,0.113,0.0022582462124628366
790,895,105,0.105,0.002571203163714927
736,868,132,0.132,0.0028759520347437046
708,854,146,0.146,0.002596306544437539
766,883,117,0.117,0.0030570281582331517
748,874,126,0.126,0.002569597411111317
778,889,111,0.111,0.0029174921391368117
748,874,126,0.126,0.0032336616952961775
714,857,143,0.143,0.0024903343500909613
776,888,112,0.112,0.002557316502621688
774,887,113,0.113,0.0025740159158704045
732,866,134,0.134,0.0031775255351476515
772,886,114,0.114,0.0025162463005362953
770,885,115,0.115,0.002860385047744785
760,880,120,0.12,0.0027811919803461932
770,885,115,0.115,0.0025991151291273125
778,889,111,0.111,0.0031381630885371123
812,906,94,0.094,0.003172169774545182
776,888,112,0.112,0.0030790391682057818
750,875,125,0.125,0.003270149658390437
764,882,118,0.118,0.003235696348318015
776,888,112,0.112,0.002614552516839467
712,856,144,0.144,0.0035250948985303694
786,893,107,0.107,0.0033539916832341986
714,857,143,0.143,0.0034758727849002755
748,874,126,0.126,0.002862246647775464
752,876,124,0.124,0.002633127233293635
734,867,133,0.133,0.003196351871254592
754,877,123,0.123,0.0036269373743834875
718,859,141,0.141,0.0032932311062904775
744,872,128,0.128,0.003040889790519941
790,895,105,0.105,0.002857478814352362
756,878,122,0.122,0.0031077760154512362
842,921,79,0.079,0.003294849214678834
680,840,160,0.16,0.0031301962344296042
776,888,112,0.112,0.0038172291036062235
776,888,112,0.112,0.003367078731450874
724,862,138,0.138,0.003776315868111851
768,884,116,0.116,0.003471530955481285
730,865,135,0.135,0.0032997374468650377
738,869,131,0.131,0.003392748605543602
734,867,133,0.133,0.004246167320270615
738,869,131,0.131,0.003349619372333109
778,889,111,0.111,0.004053620936523657
774,887,113,0.113,0.003928698866311606
756,878,122,0.122,0.004876676300438703
762,881,119,0.119,0.004616185752624006
730,865,135,0.135,0.0052389549351282766
758,879,121,0.121,0.004837803358605015
772,886,114,0.114,0.005762619218941836
812,906,94,0.094,0.004492354185596924
742,871,129,0.129,0.005182756797155889
760,880,120,0.12,0.004151098528956936
736,868,132,0.132,0.0041099608301447006
774,887,113,0.113,0.0054700829177745615
742,871,129,0.129,0.00393262761754886
762,881,119,0.119,0.004338926079493831
790,895,105,0.105,0.0040777153169256055
752,876,124,0.124,0.004139319543915917
808,904,96,0.096,0.0048672655004629636
674,837,163,0.163,0.005904081414852044
788,894,106,0.106,0.005267757244302629
736,868,132,0.132,0.004876389720688166
766,883,117,0.117,0.006175538012153993
784,892,108,0.108,0.005303152032021898
776,888,112,0.112,0.005495499618045869
788,894,106,0.106,0.004923587831828627
770,885,115,0.115,0.0047759540175611615
758,879,121,0.121,0.005057287490650196
750,875,125,0.125,0.00466661338898848
800,900,100,0.1,0.00430182885578688
822,911,89,0.089,0.003814938430507027
758,879,121,0.121,0.003961525349539443
770,885,115,0.115,0.003564993356070772
740,870,130,0.13,0.003681347078676481
790,895,105,0.105,0.0033890898377903797
808,904,96,0.096,0.0037406722604828246
754,877,123,0.123,0.0037132658177797566
774,887,113,0.113,0.0027645596078800737
780,890,110,0.11,0.0034133494875350154
694,847,153,0.153,0.003227576548099023
690,845,155,0.155,0.003649932509874816
796,898,102,0.102,0.0031686255976892427
820,910,90,0.09,0.003363923785958832
770,885,115,0.115,0.002744011780087021
756,878,122,0.122,0.0029826728230946172
754,877,123,0.123,0.0029612592180455976
806,903,97,0.097,0.0025649703806143406
740,870,130,0.13,0.0026591484455202588
692,846,154,0.154,0.00280277789252159
774,887,113,0.113,0.0028704937655420508
784,892,108,0.108,0.0031051561456479247
752,876,124,0.124,0.0033100713133972022
736,868,132,0.132,0.003539902239424919
786,893,107,0.107,0.003792742384134726
696,848,152,0.152,0.003990790223975637
818,909,91,0.091,0.0032569960678883944
758,879,121,0.121,0.0038228195131232495
778,889,111,0.111,0.003413775856077336
766,883,117,0.117,0.0030840884703284247
732,866,134,0.134,0.003219781145844536
766,883,117,0.117,0.003236555604107707
756,878,122,0.122,0.003723064379511925
758,879,121,0.121,0.0032838867025930087
788,894,106,0.106,0.003130824856007166
770,885,115,0.115,0.003086336095142542
796,898,102,0.102,0.0031331464487084305
790,895,105,0.105,0.0026121321118207563
734,867,133,0.133,0.0026101831356172625
772,886,114,0.114,0.0025995620085195697
814,907,93,0.093,0.0024240758532105247
782,891,109,0.109,0.0023364628522358545
788,894,106,0.106,0.003241274709049321
760,880,120,0.12,0.0024882451608827976
740,870,130,0.13,0.002027170010343298
780,890,110,0.11,0.003377256331089939
728,864,136,0.136,0.0021010340795819503
770,885,115,0.115,0.002542832821773118
730,865,135,0.135,0.002436010967598122
792,896,104,0.104,0.0027691968609387914
766,883,117,0.117,0.0023695049778698378
790,895,105,0.105,0.0035191103388933697
724,862,138,0.138,0.002707400714112737
714,857,143,0.143,0.002844271549900441
782,891,109,0.109,0.0027238282591461028
784,892,108,0.108,0.00288035190487426
804,902,98,0.098,0.0023596617797120418
802,901,99,0.099,0.00258749271184206
760,880,120,0.12,0.002992838479611237
766,883,117,0.117,0.002068033968049349
752,876,124,0.124,0.0025652953490389336
760,880,120,0.12,0.002283621042739469
766,883,117,0.117,0.002076455408029233
736,868,132,0.132,0.0023497411228217972
758,879,121,0.121,0.0024670097468133464
822,911,89,0.089,0.0022902724461291656
752,876,124,0.124,0.0022036853821437033
774,887,113,0.113,0.0026095805174791166
776,888,112,0.112,0.002409890718075985
720,860,140,0.14,0.002411737426817126
790,895,105,0.105,0.002350055279160188
736,868,132,0.132,0.0024665321966822373
770,885,115,0.115,0.002047743722028827
842,921,79,0.079,0.002201806521814433
728,864,136,0.136,0.0022877476948488036
752,876,124,0.124,0.0027038560953888007
770,885,115,0.115,0.0033323128515248754
746,873,127,0.127,0.0041409437211511885
778,889,111,0.111,0.0033839080513807856
780,890,110,0.11,0.004000413886329625
740,870,130,0.13,0.004458824138964701
718,859,141,0.141,0.004543119386260514
712,856,144,0.144,0.004569301698298659
748,874,126,0.126,0.004160485368644004
718,859,141,0.141,0.004536553825048031
740,870,130,0.13,0.0048310821827763
722,861,139,0.139,0.004113186581860646
780,890,110,0.11,0.005067434353259159
832,916,84,0.084,0.004305533081453177
764,882,118,0.118,0.004450029492618341
726,863,137,0.137,0.004190986410074401
800,900,100,0.1,0.0036512253104883713
780,890,110,0.11,0.0034963087767828256
734,867,133,0.133,0.004279799933843606
764,882,118,0.118,0.0037349897236417747
812,906,94,0.094,0.0035514748601417523
764,882,118,0.118,0.0032532157662026294
736,868,132,0.132,0.0036665912091266364
806,903,97,0.097,0.00329985810881044
808,904,96,0.096,0.0029059896813596426
740,870,130,0.13,0.0025098074384350185
792,896,104,0.104,0.002807721438968656
772,886,114,0.114,0.002367378532442672
786,893,107,0.107,0.003307746219810724
760,880,120,0.12,0.003141311473056703
762,881,119,0.119,0.0025106732656422536
726,863,137,0.137,0.002240988409541387
740,870,130,0.13,0.002170537121859525
716,858,142,0.142,0.0027137947751070895
702,851,149,0.149,0.002026793048591571
770,885,115,0.115,0.002229271342905122
754,877,123,0.123,0.0020458056542156555
766,883,117,0.117,0.001861962907571069
780,890,110,0.11,0.0022838603462878382
776,888,112,0.112,0.002195262007558995
830,915,85,0.085,0.001758747725678404
750,875,125,0.125,0.0020001396625193594
732,866,134,0.134,0.0019852350045057392
784,892,108,0.108,0.0017752339373146241
788,894,106,0.106,0.0021471269549820137
722,861,139,0.139,0.0020559766046608276
702,851,149,0.149,0.002486971795453428
698,849,151,0.151,0.0021284566223521324
802,901,99,0.099,0.002050862228499682
748,874,126,0.126,0.002374743171785667
782,891,109,0.109,0.0023807770921757763
732,866,134,0.134,0.0026576281097477478
824,912,88,0.088,0.0024788080097332566
754,877,123,0.123,0.0024660453472497464
752,876,124,0.124,0.002771938368887277
782,891,109,0.109,0.002647163218633068
798,899,101,0.101,0.002622497524072969
802,901,99,0.099,0.003235314587003813
794,897,103,0.103,0.002519131402064886
756,878,122,0.122,0.002363595142018312
794,897,103,0.103,0.0031528306318032266
784,892,108,0.108,0.0026296811174070173
738,869,131,0.131,0.002982466196466703
810,905,95,0.095,0.0026072046547342327
754,877,123,0.123,0.002473049376618292
696,848,152,0.152,0.003174482084068586
752,876,124,0.124,0.002840485240667476
740,870,130,0.13,0.0024663117569871246
784,892,108,0.108,0.0022702126273652537
756,878,122,0.122,0.002484798017401772
744,872,128,0.128,0.002628893622975738
768,884,116,0.116,0.002979604888469112
772,886,114,0.114,0.0022664389612691593
744,872,128,0.128,0.0023945552400546147
746,873,127,0.127,0.0024574901664709613
784,892,108,0.108,0.0020777400262049924
744,872,128,0.128,0.0019825139129716262
676,838,162,0.162,0.0020543313410926202
764,882,118,0.118,0.0023971001802819956
750,875,125,0.125,0.0024561853788745793
740,870,130,0.13,0.0027572953530484484
762,881,119,0.119,0.00286682185918653
752,876,124,0.124,0.002386327661384712
806,903,97,0.097,0.0022433025845020895
766,883,117,0.117,0.0031248063390867174
806,903,97,0.097,0.0030218502870882277
750,875,125,0.125,0.002006156042301882
750,875,125,0.125,0.0022215615171480747
722,861,139,0.139,0.0026093292845434917
706,853,147,0.147,0.0025102812566146896
694,847,153,0.153,0.0025128398496126465
722,861,139,0.139,0.0021384821234114496
760,880,120,0.12,0.0020063472841939075
776,888,112,0.112,0.0017008014535495023
764,882,118,0.118,0.0018834732341583731
774,887,113,0.113,0.002118914282751575
796,898,102,0.102,0.0020012263997359696
742,871,129,0.129,0.002609732447508577
772,886,114,0.114,0.002603992716409266
772,886,114,0.114,0.0022614086366738776
762,881,119,0.119,0.0023254704030021005
732,866,134,0.134,0.002684022074437962
754,877,123,0.123,0.0031342361118950066
846,923,77,0.077,0.0018156514268830505
774,887,113,0.113,0.0022324434811284845
808,904,96,0.096,0.0026256411121230484
770,885,115,0.115,0.0024151579133067573
744,872,128,0.128,0.002655324412692835
812,906,94,0.094,0.0020097130692738573
770,885,115,0.115,0.0024987244864423702
738,869,131,0.131,0.002238069058266774
732,866,134,0.134,0.002000465614739369
854,927,73,0.073,0.0021250511670259584
764,882,118,0.118,0.0019549139329374157
756,878,122,0.122,0.0022005350768304196
792,896,104,0.104,0.0017744773542235635
756,878,122,0.122,0.002061537200537714
714,857,143,0.143,0.0020092219905836826
758,879,121,0.121,0.0015226619873810706
746,873,127,0.127,0.001780015429416835
732,866,134,0.134,0.0021923954499120553
756,878,122,0.122,0.0020085714049982925
752,876,124,0.124,0.0018429765772307292
792,896,104,0.104,0.0017346228571586836
752,876,124,0.124,0.0020488826367327418
752,876,124,0.124,0.002166573310325475
766,883,117,0.117,0.002731322537696542
746,873,127,0.127,0.001977477018448553
762,881,119,0.119,0.0020139820526064796
746,873,127,0.127,0.0019503342957871723
778,889,111,0.111,0.0020132412237217068
782,891,109,0.109,0.0020227315375923355
790,895,105,0.105,0.0017124731625335699
750,875,125,0.125,0.002041282842579676
732,866,134,0.134,0.0016817151613086026
802,901,99,0.099,0.0015098362145308784
710,855,145,0.145,0.001643965204529195
800,900,100,0.1,0.001443819312058622
740,870,130,0.13,0.0018112555252591846
758,879,121,0.121,0.0016967748894763871
740,870,130,0.13,0.001639233660255286
740,870,130,0.13,0.0018514349175338793
834,917,83,0.083,0.0013638421779633063
738,869,131,0.131,0.001457951845615753
710,855,145,0.145,0.0012904748830715107
800,900,100,0.1,0.0011494528375897062
806,903,97,0.097,0.0015995161571927383
724,862,138,0.138,0.0016510691244147893
792,896,104,0.104,0.001252172896306547
740,870,130,0.13,0.0016158887869141836
800,900,100,0.1,0.0013766906177506825
828,914,86,0.086,0.0010228642556539852
722,861,139,0.139,0.0013880038294596488
840,920,80,0.08,0.0012217586185288383
758,879,121,0.121,0.0014987672688876045
720,860,140,0.14,0.0012248822713008848
786,893,107,0.107,0.0012952876494564407
718,859,141,0.141,0.0011845792019821602
784,892,108,0.108,0.00148516100852612
768,884,116,0.116,0.0010588536331038085
790,895,105,0.105,0.0007431165816265093
734,867,133,0.133,0.0008686976937091231
800,900,100,0.1,0.0009837591219934438
708,854,146,0.146,0.0009551246609121335
750,875,125,0.125,0.0012766114064920657
758,879,121,0.121,0.0007981768139111409
786,893,107,0.107,0.0010477720310964286
748,874,126,0.126,0.0011464469741040374
756,878,122,0.122,0.0014854197892109368
808,904,96,0.096,0.0012043853586001206
736,868,132,0.132,0.0009954177551805968
708,854,146,0.146,0.0015937819978353218
754,877,123,0.123,0.0011503825734671409
808,904,96,0.096,0.0012947588437637024
764,882,118,0.118,0.0013904516439679356
748,874,126,0.126,0.001178272933367225
786,893,107,0.107,0.0012544767838962797
738,869,131,0.131,0.0011826839890882184
752,876,124,0.124,0.0013716511707691553
798,899,101,0.101,0.0012414855805200204
810,905,95,0.095,0.0012116249466835143
826,913,87,0.087,0.0011997871539138033
700,850,150,0.15,0.0008993069612017734
768,884,116,0.116,0.0010149624256873722
772,886,114,0.114,0.0010146083105137223
750,875,125,0.125,0.0007586880123795367
728,864,136,0.136,0.000909880082386735
754,877,123,0.123,0.0009885526556704463
742,871,129,0.129,0.0012568403529489842
816,908,92,0.092,0.0011360593674435223
728,864,136,0.136,0.0011301016360366703
782,891,109,0.109,0.0012845157579163243
738,869,131,0.131,0.0013003183943246768
762,881,119,0.119,0.0012979468322537287
780,890,110,0.11,0.0016286838957403234
772,886,114,0.114,0.0012188329598984637
728,864,136,0.136,0.001218177863571782
808,904,96,0.096,0.00144609750431664
786,893,107,0.107,0.0009768004420761826
824,912,88,0.088,0.0007379783228479937
740,870,130,0.13,0.0009357674603616033
804,902,98,0.098,0.0009683703674463687
756,878,122,0.122,0.0008656400477320858
808,904,96,0.096,0.0007435331021006278
770,885,115,0.115,0.0008094242501128974
736,868,132,0.132,0.0010536799214102075
840,920,80,0.08,0.0007625122639815345
766,883,117,0.117,0.0010283716505095982
666,833,167,0.167,0.0008669026112220308
768,884,116,0.116,0.0008662101158779478
790,895,105,0.105,0.0009164476096298131
828,914,86,0.086,0.0008034724188607925
764,882,118,0.118,0.0007607936470313348
782,891,109,0.109,0.00094344109871804
766,883,117,0.117,0.0008132053242129587
734,867,133,0.133,0.0011241465060656992
676,838,162,0.162,0.0009299672546776492
744,872,128,0.128,0.0007681094063082128
766,883,117,0.117,0.0010047137746551015
738,869,131,0.131,0.001081184281647893
768,884,116,0.116,0.0012970332435806994
770,885,115,0.115,0.0011116369618130193
780,890,110,0.11,0.001200321879517105
798,899,101,0.101,0.0012433126068081037
780,890,110,0.11,0.001015255911425811
750,875,125,0.125,0.0009018246563914545
746,873,127,0.127,0.0011951087813195044
798,899,101,0.101,0.0011736841564857058
742,871,129,0.129,0.0010025789095379877
764,882,118,0.118,0.001244525942927794
758,879,121,0.121,0.0010636754636002479
760,880,120,0.12,0.0012779282875808348
738,869,131,0.131,0.0011356907990284525
792,896,104,0.104,0.001438888980345837
688,844,156,0.156,0.0010596064239734916
762,881,119,0.119,0.001473787520056021
778,889,111,0.111,0.0011292108674483643
794,897,103,0.103,0.0013017642351651375
774,887,113,0.113,0.0012969620198327902
736,868,132,0.132,0.0011385200919730779
754,877,123,0.123,0.001305359841567224
758,879,121,0.121,0.0012904023941478044
728,864,136,0.136,0.0013305504150422393
766,883,117,0.117,0.0009953746248629613
716,858,142,0.142,0.0009855346202102737
832,916,84,0.084,0.001062401392816355
792,896,104,0.104,0.0009437617767780466
732,866,134,0.134,0.0010890167696570644
764,882,118,0.118,0.0009461211023451597
740,870,130,0.13,0.000935431852322381
690,845,155,0.155,0.0006668592854398411
750,875,125,0.125,0.0010115219129793332
802,901,99,0.099,0.0008638923566622907
738,869,131,0.131,0.000858808991590422
766,883,117,0.117,0.0007838930093421368
794,897,103,0.103,0.001005858078745746
738,869,131,0.131,0.0009265542280700174
746,873,127,0.127,0.0009027533031239727
792,896,104,0.104,0.0011555843031583208
758,879,121,0.121,0.0009655110260896435
762,881,119,0.119,0.0010991759095306862
746,873,127,0.127,0.0009102961299134904
740,870,130,0.13,0.0011226512575767628
758,879,121,0.121,0.0009705764915956934
762,881,119,0.119,0.0010058519690455796
806,903,97,0.097,0.0008572434325760696
734,867,133,0.133,0.0009962091390800652
794,897,103,0.103,0.0010452324557477367
742,871,129,0.129,0.0008241940526731923
750,875,125,0.125,0.0009240493060506197
826,913,87,0.087,0.0008474639505184313
750,875,125,0.125,0.0009669472133850832
726,863,137,0.137,0.000905322943057854
760,880,120,0.12,0.001086833378233223
732,866,134,0.134,0.0012741862324492103
754,877,123,0.123,0.0010512670583666477
750,875,125,0.125,0.000899552299777497
794,897,103,0.103,0.0013163375963249563
750,875,125,0.125,0.0012810665344413791
734,867,133,0.133,0.0012809010686614783
748,874,126,0.126,0.0014597675589234312
788,894,106,0.106,0.0009157312973259196
732,866,134,0.134,0.0010213685095086474
826,913,87,0.087,0.0007921881678962563
754,877,123,0.123,0.0008501233805773154
790,895,105,0.105,0.0006861854679937096
786,893,107,0.107,0.0006734310962383461
756,878,122,0.122,0.0009116289203584529
694,847,153,0.153,0.0010046478898466376
820,910,90,0.09,0.0010559827173169652
802,901,99,0.099,0.0006814541413816641
748,874,126,0.126,0.0009044393250987923
696,848,152,0.152,0.00089117680984873
774,887,113,0.113,0.0008000148670987528
756,878,122,0.122,0.0010526660423470276
772,886,114,0.114,0.0008095931331122302
698,849,151,0.151,0.001129577001580401
744,872,128,0.128,0.0010856515586565366
772,886,114,0.114,0.0007689472104507331
788,894,106,0.106,0.0009093057149730157
748,874,126,0.126,0.0010855473476713087
792,896,104,0.104,0.0010067137091355107
766,883,117,0.117,0.0013527344412309504
756,878,122,0.122,0.0007880628913953842
736,868,132,0.132,0.0009352957736628014
774,887,113,0.113,0.0009702069699933418
716,858,142,0.142,0.000832722420637765
760,880,120,0.12,0.001147376317337148
780,890,110,0.11,0.0010542987017786345
810,905,95,0.095,0.0009598185838876816
796,898,102,0.102,0.0010390427247120896
766,883,117,0.117,0.0008554922354978771
744,872,128,0.128,0.0008016647125523378
800,900,100,0.1,0.0008052267281873355
696,848,152,0.152,0.0008244276335057066
760,880,120,0.12,0.0006808125761599513
786,893,107,0.107,0.0008156579101951138
734,867,133,0.133,0.0006439688896780353
692,846,154,0.154,0.0007645449880487831
734,867,133,0.133,0.0009656114582558075
798,899,101,0.101,0.000759795136617413
748,874,126,0.126,0.0009237543102640302
734,867,133,0.133,0.0008173613993803883
766,883,117,0.117,0.0009390178236408246
756,878,122,0.122,0.0007940093433126094
764,882,118,0.118,0.0008335244400855117
752,876,124,0.124,0.0011848667453541566
706,853,147,0.147,0.000839206746868058
736,868,132,0.132,0.0009488422547992741
792,896,104,0.104,0.0008847910162276093
776,888,112,0.112,0.0009344285521729035
744,872,128,0.128,0.0010705995049784178
788,894,106,0.106,0.0013367203586419692
760,880,120,0.12,0.0008022387974557432
798,899,101,0.101,0.0007503835965881081
780,890,110,0.11,0.0008422962967392778
760,880,120,0.12,0.0005149843978583704
810,905,95,0.095,0.0007012694890713647
814,907,93,0.093,0.00047703924966901925
782,891,109,0.109,0.0007360506221339165
764,882,118,0.118,0.0005159441064441808
736,868,132,0.132,0.000535456632073874
820,910,90,0.09,0.0006383849086693089
750,875,125,0.125,0.0007238213111095319
772,886,114,0.114,0.0004793389666633061
756,878,122,0.122,0.0004622285430556303
728,864,136,0.136,0.0006274354025827051
794,897,103,0.103,0.0006659137231774821
804,902,98,0.098,0.000768015108015561
704,852,148,0.148,0.0006920994022764262
790,895,105,0.105,0.0006291711313519955
782,891,109,0.109,0.0006119013927582273
724,862,138,0.138,0.0005367035191497962
758,879,121,0.121,0.0008651284755145525
694,847,153,0.153,0.0005441302676022133
772,886,114,0.114,0.0006287298417091734
788,894,106,0.106,0.0005873214027524227
752,876,124,0.124,0.0006634730515997945
740,870,130,0.13,0.000797518499274247
738,869,131,0.131,0.0006254868478445132
764,882,118,0.118,0.0007813787551876885
794,897,103,0.103,0.000664610896123122
748,874,126,0.126,0.0006284342602177731
726,863,137,0.137,0.0005358417292027298
786,893,107,0.107,0.0006837042393658522
744,872,128,0.128,0.0005601498818687105
764,882,118,0.118,0.0006388659778399415
756,878,122,0.122,0.000487897416194528
710,855,145,0.145,0.0006614991584252152
752,876,124,0.124,0.0005581490234128524
794,897,103,0.103,0.0005347152334393286
764,882,118,0.118,0.0005332342682149828
690,845,155,0.155,0.0005890844952393763
748,874,126,0.126,0.0005116787419710818
772,886,114,0.114,0.000676098553630709
782,891,109,0.109,0.0005826306447738717
832,916,84,0.084,0.0006152952726945387
750,875,125,0.125,0.000689929438269246
762,881,119,0.119,0.0006787767346221472
762,881,119,0.119,0.0005548367254284585
766,883,117,0.117,0.0006626687676779283
708,854,146,0.146,0.0005157552550876972
776,888,112,0.112,0.0006268363259982835
814,907,93,0.093,0.0006570969288821971
790,895,105,0.105,0.0006956042690226241
792,896,104,0.104,0.0006372719851237889
772,886,114,0.114,0.0005961439810373576
732,866,134,0.134,0.0006742741270654733
708,854,146,0.146,0.0006796004449654447
784,892,108,0.108,0.0006618487655849776
780,890,110,0.11,0.0004187597588831977
788,894,106,0.106,0.0004870156392024825
780,890,110,0.11,0.00037426673219420083
764,882,118,0.118,0.00047121828269428077
742,871,129,0.129,0.000513260798218198
812,906,94,0.094,0.0005145719550001218
764,882,118,0.118,0.0004815883418594922
728,864,136,0.136,0.0004454337348879562
800,900,100,0.1,0.0005340962393700011
758,879,121,0.121,0.00043903041932685484
718,859,141,0.141,0.0005947197284018557
744,872,128,0.128,0.0006337655477229873
760,880,120,0.12,0.0005809559957174315
812,906,94,0.094,0.0006509567681655426
760,880,120,0.12,0.0005705908742594943
792,896,104,0.104,0.0006966960311956428
712,856,144,0.144,0.0007209268023084405
724,862,138,0.138,0.0007576076347336311
740,870,130,0.13,0.0006117656316732791
802,901,99,0.099,0.0006786187441981611
764,882,118,0.118,0.0007626058652178926
776,888,112,0.112,0.0006912021706798441
790,895,105,0.105,0.0006703264985771966
710,855,145,0.145,0.0007868666008307627
772,886,114,0.114,0.000741331850482311
762,881,119,0.119,0.0008766860576452018
812,906,94,0.094,0.0008552464608801529
796,898,102,0.102,0.000958842392796214
742,871,129,0.129,0.0008996633713732081
688,844,156,0.156,0.0008129053640723214
766,883,117,0.117,0.0007508246286888607
792,896,104,0.104,0.0009944341577684099
776,888,112,0.112,0.0010158905549092197
732,866,134,0.134,0.0010499454144439824
742,871,129,0.129,0.000911717461713124
754,877,123,0.123,0.0007569806146620977
752,876,124,0.124,0.0007930052782221537
768,884,116,0.116,0.000932680492419422
768,884,116,0.116,0.0010478473326584207
756,878,122,0.122,0.0008005259313958959
702,851,149,0.149,0.0009218015004603331
746,873,127,0.127,0.0010389479206342003
810,905,95,0.095,0.0010328723268885369
812,906,94,0.094,0.0012018369638290096
746,873,127,0.127,0.0011813731592774275
686,843,157,0.157,0.001056053230577163
734,867,133,0.133,0.0010972237737414616
762,881,119,0.119,0.0011508211377699808
810,905,95,0.095,0.001094852249944779
690,845,155,0.155,0.0012179373947674322
818,909,91,0.091,0.0008961766510710732
770,885,115,0.115,0.0011545553616560938
742,871,129,0.129,0.0007899618176079457
762,881,119,0.119,0.0008701529334261977
786,893,107,0.107,0.0005924665305219605
754,877,123,0.123,0.0007286867551651995
758,879,121,0.121,0.0007484885334527007
760,880,120,0.12,0.0006182134520199725
774,887,113,0.113,0.000659251408577802
736,868,132,0.132,0.0006364715561005596
786,893,107,0.107,0.0005046412957479447
770,885,115,0.115,0.0005380010144380094
766,883,117,0.117,0.000622099257603395
766,883,117,0.117,0.0006009204830884301
758,879,121,0.121,0.0006864248597121332
758,879,121,0.121,0.0004826119988033497
838,919,81,0.081,0.0006725256842557883
770,885,115,0.115,0.00038428870924479955
732,866,134,0.134,0.0005685837111714136
788,894,106,0.106,0.000609669329033295
808,904,96,0.096,0.0006380245935552011
808,904,96,0.096,0.000926082564335502
744,872,128,0.128,0.00044349167887003203
738,869,131,0.131,0.0006449529312581035
754,877,123,0.123,0.000519508819383816
758,879,121,0.121,0.0008110180783951363
802,901,99,0.099,0.000604801653634695
768,884,116,0.116,0.0007252114178409101
756,878,122,0.122,0.0005958239062994721
768,884,116,0.116,0.0006772166040705088
806,903,97,0.097,0.0006312290569146626
832,916,84,0.084,0.0007358433138283545
694,847,153,0.153,0.0008787286902529559
748,874,126,0.126,0.0008333718787798716
750,875,125,0.125,0.0008630456246974063
796,898,102,0.102,0.0008193546539860109
762,881,119,0.119,0.0007635297836636709
786,893,107,0.107,0.0006609248096247029
768,884,116,0.116,0.0008443016014934983
750,875,125,0.125,0.0008298890429941821
744,872,128,0.128,0.0008367146095397402
818,909,91,0.091,0.000983600734590823
766,883,117,0.117,0.0009446433136035921
682,841,159,0.159,0.0011680073204288419
788,894,106,0.106,0.0010533609586764214
774,887,113,0.113,0.0013193510229139065
742,871,129,0.129,0.0012825089157704496
776,888,112,0.112,0.0012690674067825966
724,862,138,0.138,0.0010589013171638725
726,863,137,0.137,0.0011341077738989042
790,895,105,0.105,0.0009893058149646095
772,886,114,0.114,0.0012021886071042899
796,898,102,0.102,0.0011158278561715633
768,884,116,0.116,0.0009672030055266987
774,887,113,0.113,0.001041892990046108
750,875,125,0.125,0.0010354401643598975
788,894,106,0.106,0.0008336730789933426
728,864,136,0.136,0.0009239864708545155
722,861,139,0.139,0.0010315901621886496
736,868,132,0.132,0.0011442493121767256
768,884,116,0.116,0.0010246351558889728
764,882,118,0.118,0.0008351932704636056
750,875,125,0.125,0.0009327575650922882
770,885,115,0.115,0.00093712395894363
748,874,126,0.126,0.0009688550717155521
740,870,130,0.13,0.0009622532066096027
724,862,138,0.138,0.0009829254112737544
696,848,152,0.152,0.0008723725808731615
750,875,125,0.125,0.001086604638132485
754,877,123,0.123,0.0010426736051176704
770,885,115,0.115,0.0012460140645025603
704,852,148,0.148,0.0008554707602834242
810,905,95,0.095,0.0009508299039371195
758,879,121,0.121,0.0009852827073054868
784,892,108,0.108,0.0010027940477184529
808,904,96,0.096,0.0010340668247417852
790,895,105,0.105,0.0010008767419494688
782,891,109,0.109,0.001009746649340741
784,892,108,0.108,0.001074632131249473
788,894,106,0.106,0.0013189026594550343
786,893,107,0.107,0.0011316233884672328
792,896,104,0.104,0.0013111208639020333
742,871,129,0.129,0.00109873003121902
754,877,123,0.123,0.0014607901262133965
772,886,114,0.114,0.0013042618402182597
820,910,90,0.09,0.001089171509701373
782,891,109,0.109,0.001199799623398576
718,859,141,0.141,0.0012404097263333824
768,884,116,0.116,0.0012456582379236352
790,895,105,0.105,0.0015224567542145451
814,907,93,0.093,0.001513067688344563
702,851,149,0.149,0.0013278192092766403
744,872,128,0.128,0.0014443386644088605
770,885,115,0.115,0.0015159812473993953
730,865,135,0.135,0.0016370094696721935
750,875,125,0.125,0.0015461054763782158
762,881,119,0.119,0.0015741749949102087
796,898,102,0.102,0.0011530192576592526
736,868,132,0.132,0.0013197133699413826
830,915,85,0.085,0.0013615339978778139
746,873,127,0.127,0.0015862055194538697
786,893,107,0.107,0.0016976692314692628
790,895,105,0.105,0.0012906991986637876
790,895,105,0.105,0.0017090370129553775
826,913,87,0.087,0.0013471386990886458
834,917,83,0.083,0.0015948858912324794
798,899,101,0.101,0.0012440838234560943
758,879,121,0.121,0.0012948910020331823
774,887,113,0.113,0.0013234348101959768
746,873,127,0.127,0.0011323638726489663
794,897,103,0.103,0.0012466358954342808
740,870,130,0.13,0.0014441664175674305
796,898,102,0.102,0.001295611735566581
724,862,138,0.138,0.001352517113426984
770,885,115,0.115,0.0011999292808413883
774,887,113,0.113,0.0011682456920552794
720,860,140,0.14,0.001079289903258541
790,895,105,0.105,0.0010716545228470977
802,901,99,0.099,0.0010510862913124584
698,849,151,0.151,0.0014777018514196244
796,898,102,0.102,0.001447245953952006
808,904,96,0.096,0.001389252315117119
738,869,131,0.131,0.0013443541146771168
720,860,140,0.14,0.0016779033436305326
706,853,147,0.147,0.0020135114879776665
804,902,98,0.098,0.0014544627857176237
792,896,104,0.104,0.001687623422669276
680,840,160,0.16,0.0016781748906191751
742,871,129,0.129,0.0019653695320012046
822,911,89,0.089,0.0017670521774380177
790,895,105,0.105,0.0017530904381037543
724,862,138,0.138,0.0019583836584097297
790,895,105,0.105,0.0022125179195863895
792,896,104,0.104,0.001587106749037048
768,884,116,0.116,0.0021231316336816236
742,871,129,0.129,0.0019050279933253479
720,860,140,0.14,0.0022131464222766226
726,863,137,0.137,0.0017100359638857299
748,874,126,0.126,0.0018077773127188265
752,876,124,0.124,0.0019542033288853415
736,868,132,0.132,0.002299004586244337
706,853,147,0.147,0.0018274216619720391
758,879,121,0.121,0.0017348379785398719
750,875,125,0.125,0.0023463560993930628
744,872,128,0.128,0.0019436844172887504
784,892,108,0.108,0.0017646948040346616
780,890,110,0.11,0.0022313482026656856
716,858,142,0.142,0.0018423269933009578
794,897,103,0.103,0.0018464823521262587
714,857,143,0.143,0.0017520765671033586
724,862,138,0.138,0.0015921277794914205
748,874,126,0.126,0.0018837131248692458
800,900,100,0.1,0.0014337554662579351
750,875,125,0.125,0.0015432968478708063
754,877,123,0.123,0.0016355574612491636
752,876,124,0.124,0.0016033052110087738
720,860,140,0.14,0.0020111726634822846
842,921,79,0.079,0.0015886935450971577
728,864,136,0.136,0.0016969130752422642
818,909,91,0.091,0.0016985499321290262
808,904,96,0.096,0.001834700803290616
712,856,144,0.144,0.0019979704954967018
766,883,117,0.117,0.0018574162137447274
746,873,127,0.127,0.002152710926537111
712,856,144,0.144,0.001663206710916711
752,876,124,0.124,0.0017233056267177745
794,897,103,0.103,0.002136123915650387
750,875,125,0.125,0.001849962951073394
786,893,107,0.107,0.0019365200404281495
788,894,106,0.106,0.002025422892482311
774,887,113,0.113,0.0022243052112680744
774,887,113,0.113,0.002309803307056427
794,897,103,0.103,0.0019189137718840356
800,900,100,0.1,0.0021432231361723096
804,902,98,0.098,0.002224996391481909
720,860,140,0.14,0.0020310669423324727
742,871,129,0.129,0.002374761009391932
774,887,113,0.113,0.0020530578043817514
746,873,127,0.127,0.002334809204630801
760,880,120,0.12,0.002493556811230519
700,850,150,0.15,0.0025093140034005046
790,895,105,0.105,0.0027454740880348254
774,887,113,0.113,0.0030317863096861403
746,873,127,0.127,0.0023894979552605946
778,889,111,0.111,0.002593045025394531
778,889,111,0.111,0.003018074888314004
826,913,87,0.087,0.002548514519330638
776,888,112,0.112,0.0026245722496132658
808,904,96,0.096,0.002508900217158953
764,882,118,0.118,0.002931629386112036
800,900,100,0.1,0.0024659770189500705
780,890,110,0.11,0.0028351754000941584
752,876,124,0.124,0.0025162490724187593
788,894,106,0.106,0.0028736795319564408
750,875,125,0.125,0.0029361295891612827
790,895,105,0.105,0.0023116525979494326
834,917,83,0.083,0.002454633020086476
760,880,120,0.12,0.002271348397654947
752,876,124,0.124,0.0027209039819790634
776,888,112,0.112,0.0021748275872305383
774,887,113,0.113,0.0024220847766046063
836,918,82,0.082,0.0022695123671255713
860,930,70,0.07,0.001998644908606366
764,882,118,0.118,0.0022138515025947074
770,885,115,0.115,0.0023724577472585225
764,882,118,0.118,0.002320693732421205
800,900,100,0.1,0.002106816088029518
776,888,112,0.112,0.0018086325210679207
736,868,132,0.132,0.002013195710936998
754,877,123,0.123,0.002275224577380868
768,884,116,0.116,0.0022818412165070186
716,858,142,0.142,0.0022628969739853346
760,880,120,0.12,0.0025844595627768285
708,854,146,0.146,0.0021946875402500156
754,877,123,0.123,0.002709424063890765
744,872,128,0.128,0.0025412430310607307
796,898,102,0.102,0.00256653377222392
760,880,120,0.12,0.0026018635243817696
752,876,124,0.124,0.002373390348206158
790,895,105,0.105,0.0023313195228329277
778,889,111,0.111,0.0024867353875306433
786,893,107,0.107,0.002643049467686069
752,876,124,0.124,0.0021180294682708336
760,880,120,0.12,0.0019603669516400257
778,889,111,0.111,0.002022817225632025
798,899,101,0.101,0.0016933534618765406
792,896,104,0.104,0.002135738022854639
764,882,118,0.118,0.0015354278590857576
770,885,115,0.115,0.0016582833920256235
740,870,130,0.13,0.0018965794754085437
