log_avg_ept_score,log_avg_succ_req,log_avg_blk_req,log_avg_BP_req,log_avg_entropy
320,660,340,0.34,1.607455315709114
262,631,369,0.369,1.6074374088048935
308,654,346,0.346,1.6074376581907273
354,677,323,0.323,1.6074196466207504
250,625,375,0.375,1.6074162828922272
276,638,362,0.362,1.6074019268751145
328,664,336,0.336,1.6073972251415252
304,652,348,0.348,1.6073894499540329
288,644,356,0.356,1.6073116947412491
294,647,353,0.353,1.6073091851472854
320,660,340,0.34,1.607318192601204
310,655,345,0.345,1.6073019845485688
274,637,363,0.363,1.6073065460920335
302,651,349,0.349,1.6072973132133483
268,634,366,0.366,1.607289573907852
308,654,346,0.346,1.6072884911298753
288,644,356,0.356,1.6071642107963562
310,655,345,0.345,1.607158378958702
332,666,334,0.334,1.6071236083507539
266,633,367,0.367,1.6071251159906388
256,628,372,0.372,1.6070631204843522
296,648,352,0.352,1.6070642278194427
286,643,357,0.357,1.6070182539224624
302,651,349,0.349,1.6069981025457383
252,626,374,0.374,1.6068435442447662
340,670,330,0.33,1.6067986322641372
292,646,354,0.354,1.6067781088352204
304,652,348,0.348,1.60668019759655
306,653,347,0.347,1.6065869364738465
266,633,367,0.367,1.60658756005764
278,639,361,0.361,1.6065422787666321
278,639,361,0.361,1.6064796885252
278,639,361,0.361,1.606507643699646
240,620,380,0.38,1.6062960996627809
294,647,353,0.353,1.6062747403383255
300,650,350,0.35,1.6060583554506302
302,651,349,0.349,1.6059246962070466
286,643,357,0.357,1.6059081681966783
234,617,383,0.383,1.6058343636989594
288,644,356,0.356,1.6058640456199647
234,617,383,0.383,1.6057874891757966
258,629,371,0.371,1.6055699578523637
268,634,366,0.366,1.6055644445419313
306,653,347,0.347,1.6051276891231536
346,673,327,0.327,1.6049283225536346
278,639,361,0.361,1.6048885340690613
266,633,367,0.367,1.604873620033264
312,656,344,0.344,1.6046078679561615
288,644,356,0.356,1.604723553776741
268,634,366,0.366,1.6047892400026322
248,624,376,0.376,1.6045239260196686
296,648,352,0.352,1.6033299264907837
252,626,374,0.374,1.6029726059436797
250,625,375,0.375,1.6030471465587617
322,661,339,0.339,1.6027225408554078
292,646,354,0.354,1.6026208052635194
314,657,343,0.343,1.6024161217212678
372,686,314,0.314,1.6025298322439194
326,663,337,0.337,1.6021968884468079
346,673,327,0.327,1.59902756690979
288,644,356,0.356,1.598627611041069
284,642,358,0.358,1.598641580581665
316,658,342,0.342,1.5982815948724747
296,648,352,0.352,1.598120025753975
326,663,337,0.337,1.5969146523475648
296,648,352,0.352,1.5968222349882126
282,641,359,0.359,1.5965615001916886
352,676,324,0.324,1.5910729492902755
310,655,345,0.345,1.5903561438322067
278,639,361,0.361,1.589777648806572
306,653,347,0.347,1.5886263139247894
284,642,358,0.358,1.5879035485982895
282,641,359,0.359,1.586167194008827
314,657,343,0.343,1.5855465327501297
294,647,353,0.353,1.585079564332962
314,657,343,0.343,1.5785633838176727
360,680,320,0.32,1.57743215239048
278,639,361,0.361,1.576590347290039
344,672,328,0.328,1.5725961034297944
294,647,353,0.353,1.5719381104707717
280,640,360,0.36,1.5677698793411254
314,657,343,0.343,1.5667157814502717
296,648,352,0.352,1.5659505002498626
330,665,335,0.335,1.5572072854042054
260,630,370,0.37,1.5554604417085647
306,653,347,0.347,1.5533982511758804
324,662,338,0.338,1.5403316771984101
318,659,341,0.341,1.5377874840497971
312,656,344,0.344,1.5301383262872696
344,672,328,0.328,1.5271449942588806
290,645,355,0.355,1.5196716340780259
258,629,371,0.371,1.5260666226148605
272,636,364,0.364,1.51705055975914
334,667,333,0.333,1.5103600053787232
416,708,292,0.292,1.4770299091339112
342,671,329,0.329,1.4723660873174667
398,699,301,0.301,1.461520191192627
362,681,319,0.319,1.459934356212616
344,672,328,0.328,1.4555743347406387
330,665,335,0.335,1.4485027006864548
298,649,351,0.351,1.4398043910264968
350,675,325,0.325,1.4500306360721589
370,685,315,0.315,1.3719958180189133
370,685,315,0.315,1.3608997682332993
400,700,300,0.3,1.3602325447797776
430,715,285,0.285,1.3504132232666015
400,700,300,0.3,1.343791311621666
468,734,266,0.266,1.3399842559099198
428,714,286,0.286,1.3447437211275102
368,684,316,0.316,1.3352711186408996
420,710,290,0.29,1.254574990272522
392,696,304,0.304,1.2505111936330795
474,737,263,0.263,1.2388547505140304
412,706,294,0.294,1.2324556493759156
382,691,309,0.309,1.2362207521796227
468,734,266,0.266,1.2369398781061172
434,717,283,0.283,1.2238379768133163
454,727,273,0.273,1.2274328550696374
480,740,260,0.26,1.1904466128349305
524,762,238,0.238,1.1862737836241721
474,737,263,0.263,1.1884467695951462
484,742,258,0.258,1.1828356720805169
494,747,253,0.253,1.184016319692135
446,723,277,0.277,1.1793766448497771
478,739,261,0.261,1.1730674200057984
424,712,288,0.288,1.1727419036030768
486,743,257,0.257,1.1362337902784347
484,742,258,0.258,1.1248789476156236
538,769,231,0.231,1.1210157045125961
496,748,252,0.252,1.1209660164117814
456,728,272,0.272,1.102772203564644
494,747,253,0.253,1.10405504655838
542,771,229,0.229,1.0917376084923744
522,761,239,0.239,1.0796382120251655
532,766,234,0.234,1.0456279056072235
532,766,234,0.234,1.0337705451250077
520,760,240,0.24,1.0321310380101203
518,759,241,0.241,1.0086047239899636
594,797,203,0.203,0.996430621445179
500,750,250,0.25,0.9947506499290466
600,800,200,0.2,0.9612005667090416
520,760,240,0.24,0.9542749125957489
608,804,196,0.196,0.9296272265315055
570,785,215,0.215,0.8955122665762901
552,776,224,0.224,0.8836939777731896
622,811,189,0.189,0.8285460822284222
564,782,218,0.218,0.8235787438750267
602,801,199,0.199,0.8075833339691162
648,824,176,0.176,0.7446367579400539
678,839,161,0.161,0.76860194170475
618,809,191,0.191,0.7617117373347282
660,830,170,0.17,0.7631182835698128
640,820,180,0.18,0.711340041488409
668,834,166,0.166,0.6378287945687771
660,830,170,0.17,0.6276286545693874
634,817,183,0.183,0.6292946148216725
654,827,173,0.173,0.604769543915987
666,833,167,0.167,0.609482456624508
632,816,184,0.184,0.5939072737395763
674,837,163,0.163,0.5889759242832661
732,866,134,0.134,0.5634156315922737
684,842,158,0.158,0.5048449000567198
702,851,149,0.149,0.491039107888937
696,848,152,0.152,0.4995102751851082
718,859,141,0.141,0.4885850069373846
676,838,162,0.162,0.4747266875952482
708,854,146,0.146,0.4580687974840403
708,854,146,0.146,0.45622534494102
662,831,169,0.169,0.4509868033081293
720,860,140,0.14,0.40622942738234996
754,877,123,0.123,0.3873965664207935
690,845,155,0.155,0.37359895525872705
742,871,129,0.129,0.3775710502117872
724,862,138,0.138,0.3739599473625422
730,865,135,0.135,0.37100896883010864
662,831,169,0.169,0.3621372703164816
668,834,166,0.166,0.35705201038718226
730,865,135,0.135,0.33672700682282447
734,867,133,0.133,0.31586021453142166
716,858,142,0.142,0.3177882690876722
686,843,157,0.157,0.3100334421545267
706,853,147,0.147,0.31027159656584263
708,854,146,0.146,0.31632416236400607
704,852,148,0.148,0.28871842312067747
666,833,167,0.167,0.30541235218197105
718,859,141,0.141,0.29575522530823944
718,859,141,0.141,0.2952285978421569
738,869,131,0.131,0.28834502879530194
662,831,169,0.169,0.29476114369928835
704,852,148,0.148,0.2890366862490773
702,851,149,0.149,0.2814292757809162
684,842,158,0.158,0.29122033118456603
690,845,155,0.155,0.2859262285456061
718,859,141,0.141,0.2896064742207527
718,859,141,0.141,0.2831174081414938
726,863,137,0.137,0.2764935490489006
768,884,116,0.116,0.27124179681390526
726,863,137,0.137,0.2676146871969104
656,828,172,0.172,0.2726111956089735
696,848,152,0.152,0.2699004801288247
678,839,161,0.161,0.2705343456491828
722,861,139,0.139,0.25839506343752144
718,859,141,0.141,0.2679762923195958
730,865,135,0.135,0.2652242955267429
668,834,166,0.166,0.2571409551203251
684,842,158,0.158,0.2511919533535838
706,853,147,0.147,0.2514313415810466
738,869,131,0.131,0.2440218909084797
750,875,125,0.125,0.24448028680682182
654,827,173,0.173,0.243909886457026
710,855,145,0.145,0.24097446299344302
714,857,143,0.143,0.23708022455871106
734,867,133,0.133,0.2415898402109742
680,840,160,0.16,0.2247233606800437
704,852,148,0.148,0.22297011391818525
706,853,147,0.147,0.2187757826447487
664,832,168,0.168,0.2264454271197319
682,841,159,0.159,0.2276589168161154
690,845,155,0.155,0.22271260934323073
702,851,149,0.149,0.21761054548621178
792,896,104,0.104,0.21000467716902493
648,824,176,0.176,0.2188076265603304
730,865,135,0.135,0.20809821780025958
732,866,134,0.134,0.22064069970697164
688,844,156,0.156,0.21531647388637065
728,864,136,0.136,0.20735267800092697
762,881,119,0.119,0.20411085338890553
716,858,142,0.142,0.20288546108454467
720,860,140,0.14,0.20349412044137716
786,893,107,0.107,0.1937133962213993
740,870,130,0.13,0.18823795298486948
754,877,123,0.123,0.18361580810695888
702,851,149,0.149,0.1910072585195303
682,841,159,0.159,0.18527703981846572
720,860,140,0.14,0.1837113173007965
714,857,143,0.143,0.18366371583193541
712,856,144,0.144,0.18451135623455048
676,838,162,0.162,0.18095635292679071
710,855,145,0.145,0.17508559818193317
782,891,109,0.109,0.17468734973669053
682,841,159,0.159,0.17780489955469966
704,852,148,0.148,0.17533275409787893
698,849,151,0.151,0.17887784443795682
698,849,151,0.151,0.17706504521518945
676,838,162,0.162,0.17718542752414942
718,859,141,0.141,0.1779439299032092
704,852,148,0.148,0.17463346231728794
714,857,143,0.143,0.17482062225788833
778,889,111,0.111,0.1694760463349521
676,838,162,0.162,0.17351580173522235
718,859,141,0.141,0.17292629943042995
740,870,130,0.13,0.17330713152512908
728,864,136,0.136,0.17176690415292978
728,864,136,0.136,0.1703156704902649
768,884,116,0.116,0.1656809500977397
708,854,146,0.146,0.17243701636791228
670,835,165,0.165,0.16464545039087533
720,860,140,0.14,0.15978652415797115
742,871,129,0.129,0.16451806078851222
724,862,138,0.138,0.15750462559610606
732,866,134,0.134,0.1562826024480164
706,853,147,0.147,0.15486773030087353
758,879,121,0.121,0.1533527128919959
772,886,114,0.114,0.14405636501312255
714,857,143,0.143,0.1522851522937417
698,849,151,0.151,0.13948241944983603
706,853,147,0.147,0.14105144065991043
696,848,152,0.152,0.14665562161430717
680,840,160,0.16,0.1407392953671515
740,870,130,0.13,0.14254384099692105
764,882,118,0.118,0.13349155866354703
702,851,149,0.149,0.1417132345214486
760,880,120,0.12,0.13656947188079357
754,877,123,0.123,0.13532799261435866
708,854,146,0.146,0.13302163130044936
712,856,144,0.144,0.1344694705121219
774,887,113,0.113,0.1315463885627687
730,865,135,0.135,0.13311499037221075
716,858,142,0.142,0.1311781139113009
700,850,150,0.15,0.13511445494368673
730,865,135,0.135,0.1314141523987055
730,865,135,0.135,0.13370915054529905
736,868,132,0.132,0.1312024176865816
696,848,152,0.152,0.13373744347319008
710,855,145,0.145,0.13029528184607625
782,891,109,0.109,0.1300409967340529
768,884,116,0.116,0.1260833767950535
690,845,155,0.155,0.13486874074488878
700,850,150,0.15,0.1328512020483613
700,850,150,0.15,0.13294458373636006
730,865,135,0.135,0.12939633689448238
704,852,148,0.148,0.1355511329099536
734,867,133,0.133,0.13378722932562231
728,864,136,0.136,0.13363879826292396
738,869,131,0.131,0.13096247769519687
806,903,97,0.097,0.12849002385884523
732,866,134,0.134,0.13075510605797172
740,870,130,0.13,0.1274315921664238
716,858,142,0.142,0.12801544616371394
802,901,99,0.099,0.11709592404589057
728,864,136,0.136,0.11564018980041146
638,819,181,0.181,0.11916768620535731
728,864,136,0.136,0.11741746379062533
728,864,136,0.136,0.11639720445498825
678,839,161,0.161,0.11749785873293876
690,845,155,0.155,0.11693375900387765
682,841,159,0.159,0.11858563163876533
706,853,147,0.147,0.11823099479079247
704,852,148,0.148,0.11588340128585696
674,837,163,0.163,0.12000775593519211
700,850,150,0.15,0.11793280275911093
712,856,144,0.144,0.1168637269474566
704,852,148,0.148,0.11830050884559751
700,850,150,0.15,0.12041024315357209
762,881,119,0.119,0.11714863565191627
690,845,155,0.155,0.11900549638271332
784,892,108,0.108,0.11195229588076472
704,852,148,0.148,0.11435587736591697
722,861,139,0.139,0.11257585757225752
712,856,144,0.144,0.11301640274748206
698,849,151,0.151,0.11442893977835775
696,848,152,0.152,0.11088863866403699
712,856,144,0.144,0.11130512668192387
782,891,109,0.109,0.10660350717231631
760,880,120,0.12,0.10993832251057029
714,857,143,0.143,0.10382918659597636
766,883,117,0.117,0.10181649964302779
700,850,150,0.15,0.09928006458655
738,869,131,0.131,0.09800071573629976
794,897,103,0.103,0.0914140985198319
766,883,117,0.117,0.09436302169784903
744,872,128,0.128,0.09053431255370378
764,882,118,0.118,0.09168568254634737
772,886,114,0.114,0.08678755075857043
684,842,158,0.158,0.08544248301163315
760,880,120,0.12,0.08247297152504325
736,868,132,0.132,0.08207159881293774
764,882,118,0.118,0.08165403041243553
694,847,153,0.153,0.08395767304114997
762,881,119,0.119,0.07968362441286445
700,850,150,0.15,0.08103604078292846
734,867,133,0.133,0.07764191093854605
692,846,154,0.154,0.08403156222775579
714,857,143,0.143,0.08040896550193428
734,867,133,0.133,0.08158188613504172
700,850,150,0.15,0.0804783965460956
728,864,136,0.136,0.08142846312187613
708,854,146,0.146,0.08401910511404276
762,881,119,0.119,0.08338069361075759
774,887,113,0.113,0.08333165756799281
682,841,159,0.159,0.0890049809962511
748,874,126,0.126,0.08685943456366658
742,871,129,0.129,0.08468590074777603
730,865,135,0.135,0.08934274455159903
722,861,139,0.139,0.08732237839139997
746,873,127,0.127,0.08792928453162313
720,860,140,0.14,0.0906419519521296
734,867,133,0.133,0.08796963604912161
732,866,134,0.134,0.08356405548006296
680,840,160,0.16,0.08689403204992413
714,857,143,0.143,0.085534981880337
788,894,106,0.106,0.08252909485250712
740,870,130,0.13,0.08485284926369786
686,843,157,0.157,0.08633779157325626
788,894,106,0.106,0.08132564442418516
700,850,150,0.15,0.0846321084536612
736,868,132,0.132,0.08489550782367587
730,865,135,0.135,0.0826298152692616
740,870,130,0.13,0.084352997738868
722,861,139,0.139,0.08269817148521542
736,868,132,0.132,0.08225698387622833
730,865,135,0.135,0.08203958721458912
710,855,145,0.145,0.08159276759251952
770,885,115,0.115,0.07960770470276475
678,839,161,0.161,0.08281577259674669
736,868,132,0.132,0.08020803044736385
684,842,158,0.158,0.08110858633555472
760,880,120,0.12,0.07968523913994431
734,867,133,0.133,0.08218849655985833
718,859,141,0.141,0.07948355248570442
774,887,113,0.113,0.07790394930168987
750,875,125,0.125,0.07832195623964071
686,843,157,0.157,0.08065145039185882
742,871,129,0.129,0.0805823567174375
694,847,153,0.153,0.08049279367551207
758,879,121,0.121,0.07837356425449252
730,865,135,0.135,0.08030504278838635
684,842,158,0.158,0.08174469563364982
706,853,147,0.147,0.07994766005501151
754,877,123,0.123,0.07975390904024243
746,873,127,0.127,0.07908498356863856
730,865,135,0.135,0.08166962082311512
754,877,123,0.123,0.08067281016334892
710,855,145,0.145,0.08547663901373743
752,876,124,0.124,0.08481219711527228
700,850,150,0.15,0.08247132034786045
750,875,125,0.125,0.08148398623988032
776,888,112,0.112,0.08598980481550098
680,840,160,0.16,0.08244316659867763
714,857,143,0.143,0.08562117391824722
732,866,134,0.134,0.08770190037041903
750,875,125,0.125,0.08183408813178539
738,869,131,0.131,0.085504082005471
684,842,158,0.158,0.08779515745863319
760,880,120,0.12,0.08361577578634023
718,859,141,0.141,0.08334619634225965
748,874,126,0.126,0.08249938675761223
714,857,143,0.143,0.08413409723713994
776,888,112,0.112,0.08154400379583239
740,870,130,0.13,0.07669059957191349
758,879,121,0.121,0.07700158503279089
754,877,123,0.123,0.0779419128522277
732,866,134,0.134,0.0770827361382544
726,863,137,0.137,0.07542888323590159
658,829,171,0.171,0.08105947474390268
680,840,160,0.16,0.07860327544435859
754,877,123,0.123,0.07402589825540781
760,880,120,0.12,0.07308040586858988
736,868,132,0.132,0.07591523163020611
772,886,114,0.114,0.07442558849602937
696,848,152,0.152,0.074677003858611
760,880,120,0.12,0.07244134424254298
756,878,122,0.122,0.07373816845193505
736,868,132,0.132,0.0772215129621327
700,850,150,0.15,0.07486554582603276
716,858,142,0.142,0.07547565875574946
690,845,155,0.155,0.0772445422410965
768,884,116,0.116,0.07334381394460797
762,881,119,0.119,0.074989810872823
730,865,135,0.135,0.07303221119195223
742,871,129,0.129,0.07490492819622159
704,852,148,0.148,0.07570607100054622
758,879,121,0.121,0.07331993322446942
758,879,121,0.121,0.07282737891376019
702,851,149,0.149,0.07602522633597254
752,876,124,0.124,0.07456994892284274
692,846,154,0.154,0.07355781300738454
702,851,149,0.149,0.07293628374487161
708,854,146,0.146,0.07286906721815467
708,854,146,0.146,0.07195900668017566
710,855,145,0.145,0.07369624700769782
774,887,113,0.113,0.07041261871159077
742,871,129,0.129,0.07080914925970137
736,868,132,0.132,0.0709717101790011
696,848,152,0.152,0.0713991603627801
746,873,127,0.127,0.07085140616819262
706,853,147,0.147,0.07313172002509237
748,874,126,0.126,0.07318719786964357
710,855,145,0.145,0.07477299196831882
670,835,165,0.165,0.07663234706223011
730,865,135,0.135,0.07344677113369107
682,841,159,0.159,0.0793226868994534
694,847,153,0.153,0.0743694981597364
742,871,129,0.129,0.07619903641194105
708,854,146,0.146,0.08043097960576415
756,878,122,0.122,0.07577763491868973
758,879,121,0.121,0.07625393999740482
784,892,108,0.108,0.07747617721930146
776,888,112,0.112,0.07445821698382497
794,897,103,0.103,0.07322427128627897
690,845,155,0.155,0.07557669459655882
694,847,153,0.153,0.07727210476994514
722,861,139,0.139,0.07367787317745388
776,888,112,0.112,0.0705742306932807
704,852,148,0.148,0.07423852103576065
754,877,123,0.123,0.06983008455485105
716,858,142,0.142,0.07116594254598022
684,842,158,0.158,0.07132020423188806
784,892,108,0.108,0.0676322313658893
740,870,130,0.13,0.06751723838597536
722,861,139,0.139,0.0717745554856956
728,864,136,0.136,0.06843858669511974
754,877,123,0.123,0.0675718157403171
770,885,115,0.115,0.06472419852018356
754,877,123,0.123,0.06788153762742877
722,861,139,0.139,0.06791523315012454
720,860,140,0.14,0.06825368851423264
736,868,132,0.132,0.06636669084988535
698,849,151,0.151,0.06753368079662322
758,879,121,0.121,0.06692846505716443
736,868,132,0.132,0.06572552730701864
708,854,146,0.146,0.06698582105524838
686,843,157,0.157,0.06821648195758462
726,863,137,0.137,0.06760345469787717
708,854,146,0.146,0.06696746787242591
726,863,137,0.137,0.068470768366009
696,848,152,0.152,0.069188087657094
720,860,140,0.14,0.06754209459014236
780,890,110,0.11,0.06750135881453753
690,845,155,0.155,0.06906697926670313
730,865,135,0.135,0.06902326790615916
704,852,148,0.148,0.0707951337583363
736,868,132,0.132,0.06801761856675148
656,828,172,0.172,0.07047088678181171
720,860,140,0.14,0.06980186016112566
732,866,134,0.134,0.07076163619011641
786,893,107,0.107,0.06832614587061107
686,843,157,0.157,0.07247586972266436
708,854,146,0.146,0.0733100682683289
692,846,154,0.154,0.07027412640675902
688,844,156,0.156,0.07379299679026008
688,844,156,0.156,0.07335669856518506
708,854,146,0.146,0.07267503551393747
706,853,147,0.147,0.07232094482332468
664,832,168,0.168,0.07390611613541842
716,858,142,0.142,0.07382154079154134
734,867,133,0.133,0.07024514941871166
772,886,114,0.114,0.06921623277291655
734,867,133,0.133,0.06911211688816547
736,868,132,0.132,0.0688898657783866
708,854,146,0.146,0.069991944860667
726,863,137,0.137,0.07011718524247408
720,860,140,0.14,0.06885051910206676
710,855,145,0.145,0.06902093337848783
678,839,161,0.161,0.06911333020403981
756,878,122,0.122,0.064752894802019
758,879,121,0.121,0.06354766564443708
754,877,123,0.123,0.06557738036848605
710,855,145,0.145,0.06622995646111667
718,859,141,0.141,0.06409658920019864
756,878,122,0.122,0.06454091994836926
768,884,116,0.116,0.05856430031172931
754,877,123,0.123,0.057321888379752634
734,867,133,0.133,0.05885249604843557
768,884,116,0.116,0.0556850856654346
710,855,145,0.145,0.05557476358860731
748,874,126,0.126,0.055690069776028396
770,885,115,0.115,0.05391879196092486
736,868,132,0.132,0.054663975812494756
742,871,129,0.129,0.050176647344604135
738,869,131,0.131,0.053115363964810966
702,851,149,0.149,0.05193943852744996
770,885,115,0.115,0.04994691400043667
720,860,140,0.14,0.051309289598837494
702,851,149,0.149,0.05088878274336457
716,858,142,0.142,0.04995777586102486
738,869,131,0.131,0.05050159510411322
776,888,112,0.112,0.04877357818558812
738,869,131,0.131,0.051973300255835055
696,848,152,0.152,0.05204421271942556
760,880,120,0.12,0.049765956135466693
684,842,158,0.158,0.05302595460414886
712,856,144,0.144,0.05457408552803099
720,860,140,0.14,0.05562884085252881
724,862,138,0.138,0.05373332271724939
720,860,140,0.14,0.05355206008628011
724,862,138,0.138,0.05632741458527744
794,897,103,0.103,0.05514913995750249
738,869,131,0.131,0.05696513856574893
732,866,134,0.134,0.05733026323281228
754,877,123,0.123,0.05624876894429326
742,871,129,0.129,0.05876779089309275
716,858,142,0.142,0.05859642252512276
700,850,150,0.15,0.05809925345890224
750,875,125,0.125,0.06010265416279435
708,854,146,0.146,0.05676193376630544
702,851,149,0.149,0.05840987409278751
756,878,122,0.122,0.058209982637315985
754,877,123,0.123,0.058153697360306976
700,850,150,0.15,0.057908265121281145
750,875,125,0.125,0.05731551246903837
740,870,130,0.13,0.057459632229059934
738,869,131,0.131,0.05661832678876817
742,871,129,0.129,0.05708339490741492
768,884,116,0.116,0.05610693452320993
752,876,124,0.124,0.057371614584699276
798,899,101,0.101,0.05532092779874802
704,852,148,0.148,0.056063388640061024
726,863,137,0.137,0.054620040617883205
694,847,153,0.153,0.05628270049951971
734,867,133,0.133,0.05521733344718814
748,874,126,0.126,0.05308970401063561
722,861,139,0.139,0.05454010337404907
776,888,112,0.112,0.0526446730773896
698,849,151,0.151,0.05270038155280054
706,853,147,0.147,0.052626446589827534
684,842,158,0.158,0.052147819766774774
738,869,131,0.131,0.05217190889455378
702,851,149,0.149,0.05419349237345159
766,883,117,0.117,0.05113100672513247
756,878,122,0.122,0.04953563199751079
754,877,123,0.123,0.0505064360126853
722,861,139,0.139,0.05241203530319035
708,854,146,0.146,0.052330318743363025
750,875,125,0.125,0.050229926947504284
722,861,139,0.139,0.05316257477737963
708,854,146,0.146,0.0517659088857472
742,871,129,0.129,0.049914758274331686
756,878,122,0.122,0.051809569619596006
674,837,163,0.163,0.05372556543163955
754,877,123,0.123,0.05242853846587241
702,851,149,0.149,0.05216164562292397
718,859,141,0.141,0.05339342847466469
756,878,122,0.122,0.05272619923576713
692,846,154,0.154,0.05641904319450259
728,864,136,0.136,0.054595341291278604
740,870,130,0.13,0.05297102933935821
726,863,137,0.137,0.05524177870713174
734,867,133,0.133,0.05297810938581824
726,863,137,0.137,0.05351090151071548
758,879,121,0.121,0.05435317536443472
738,869,131,0.131,0.05257963107712567
772,886,114,0.114,0.051617990473285316
754,877,123,0.123,0.05094700403697789
776,888,112,0.112,0.05071474192105234
714,857,143,0.143,0.05174631405062974
706,853,147,0.147,0.05129482326097787
698,849,151,0.151,0.047615647008642556
774,887,113,0.113,0.04599835249967873
770,885,115,0.115,0.04638908363506198
732,866,134,0.134,0.046581086514517665
770,885,115,0.115,0.04326926698349416
718,859,141,0.141,0.04405683754570782
728,864,136,0.136,0.04542913718521595
728,864,136,0.136,0.044156357200816274
678,839,161,0.161,0.04416102860122919
682,841,159,0.159,0.04410957447253168
700,850,150,0.15,0.04335961379855871
732,866,134,0.134,0.04302448443137109
768,884,116,0.116,0.042615939743816854
798,899,101,0.101,0.0423597720824182
722,861,139,0.139,0.043319558173418045
752,876,124,0.124,0.04287304911017418
724,862,138,0.138,0.043335772352293134
764,882,118,0.118,0.04290657764673233
740,870,130,0.13,0.04304390880092979
770,885,115,0.115,0.04252381557971239
762,881,119,0.119,0.04205073993094265
774,887,113,0.113,0.040697846125811336
690,845,155,0.155,0.04433374674245715
742,871,129,0.129,0.042204142613336444
762,881,119,0.119,0.042509529560804366
712,856,144,0.144,0.04287911699526012
710,855,145,0.145,0.04275579757615924
734,867,133,0.133,0.04107137512788177
732,866,134,0.134,0.040813342990353704
782,891,109,0.109,0.04073754548095167
702,851,149,0.149,0.04210741080902517
740,870,130,0.13,0.042013811614364384
744,872,128,0.128,0.04118778781034052
744,872,128,0.128,0.041835618264973166
746,873,127,0.127,0.04140739675052464
728,864,136,0.136,0.040219008319079874
728,864,136,0.136,0.04005148248374462
720,860,140,0.14,0.04081041603349149
682,841,159,0.159,0.041722786201164125
690,845,155,0.155,0.04226008290424943
740,870,130,0.13,0.04072608535178006
712,856,144,0.144,0.04100448894314468
750,875,125,0.125,0.04098136336356401
776,888,112,0.112,0.039566451504826544
698,849,151,0.151,0.040493274677544835
706,853,147,0.147,0.04032618715986609
760,880,120,0.12,0.0405317977052182
744,872,128,0.128,0.040298982786014674
720,860,140,0.14,0.04118083388544619
734,867,133,0.133,0.0414690462462604
708,854,146,0.146,0.04048096993379295
754,877,123,0.123,0.04102119215764105
734,867,133,0.133,0.041043689161539075
712,856,144,0.144,0.04093143365159631
784,892,108,0.108,0.03936122315004468
694,847,153,0.153,0.041410171514376995
750,875,125,0.125,0.03886489630304277
812,906,94,0.094,0.0373534577395767
768,884,116,0.116,0.039844894018024206
716,858,142,0.142,0.039798314398154615
694,847,153,0.153,0.03885593678243458
778,889,111,0.111,0.03945167944021523
716,858,142,0.142,0.038383829794824124
750,875,125,0.125,0.03732003752235323
708,854,146,0.146,0.03907287978194654
708,854,146,0.146,0.03882466327771544
698,849,151,0.151,0.037697307635098695
754,877,123,0.123,0.037909827595576644
690,845,155,0.155,0.03928161996416748
754,877,123,0.123,0.038465055126696825
742,871,129,0.129,0.039775199312716725
702,851,149,0.149,0.04047430272214115
710,855,145,0.145,0.04286739377118647
672,836,164,0.164,0.04241381300985813
742,871,129,0.129,0.04177369000390172
718,859,141,0.141,0.043086266288533806
746,873,127,0.127,0.04104018689133227
656,828,172,0.172,0.04327086434140801
704,852,148,0.148,0.04189402547292411
750,875,125,0.125,0.042615143924951554
754,877,123,0.123,0.042427585419267416
748,874,126,0.126,0.04176468982361257
624,812,188,0.188,0.04580544527061284
738,869,131,0.131,0.04209473805688321
706,853,147,0.147,0.0439949888586998
742,871,129,0.129,0.042796691112220286
730,865,135,0.135,0.04154830612801015
774,887,113,0.113,0.04110564144514501
728,864,136,0.136,0.04221414926275611
766,883,117,0.117,0.041352400597184896
744,872,128,0.128,0.041408887837082145
718,859,141,0.141,0.04012564676068723
708,854,146,0.146,0.040844924045726656
716,858,142,0.142,0.039313134220428765
732,866,134,0.134,0.03960815095342696
702,851,149,0.149,0.04050710181891918
674,837,163,0.163,0.04032440654374659
724,862,138,0.138,0.03921720551885664
736,868,132,0.132,0.038422643961384895
750,875,125,0.125,0.03811698307748884
704,852,148,0.148,0.03942030356824398
738,869,131,0.131,0.03809291026368737
782,891,109,0.109,0.038487792555242775
732,866,134,0.134,0.03747852375544607
770,885,115,0.115,0.03716986820660532
676,838,162,0.162,0.0401812198497355
706,853,147,0.147,0.03812360319495201
722,861,139,0.139,0.03803975824452937
742,871,129,0.129,0.03771477665007114
766,883,117,0.117,0.03748855479992926
774,887,113,0.113,0.03603415392898023
756,878,122,0.122,0.03696822881698608
698,849,151,0.151,0.03737678424268961
670,835,165,0.165,0.03794184156972915
742,871,129,0.129,0.03562311598565429
704,852,148,0.148,0.03585826006345451
754,877,123,0.123,0.03476245808880776
768,884,116,0.116,0.034304829644039275
714,857,143,0.143,0.03503183739632368
764,882,118,0.118,0.03487775109894574
676,838,162,0.162,0.035173931766301396
692,846,154,0.154,0.035734479365870354
834,917,83,0.083,0.0323777170451358
774,887,113,0.113,0.03384148686565459
786,893,107,0.107,0.03170179503317922
724,862,138,0.138,0.03308028157427907
726,863,137,0.137,0.03297150350920856
690,845,155,0.155,0.0338652668306604
702,851,149,0.149,0.03340132302325219
684,842,158,0.158,0.03433516676910221
774,887,113,0.113,0.031288492888212206
662,831,169,0.169,0.03401403475366533
752,876,124,0.124,0.032088067902252077
696,848,152,0.152,0.03379810104332864
804,902,98,0.098,0.031871548152528704
696,848,152,0.152,0.03325153723172843
720,860,140,0.14,0.03251948548015207
756,878,122,0.122,0.03214096402097493
756,878,122,0.122,0.032836363587528464
722,861,139,0.139,0.032762729216367005
786,893,107,0.107,0.03273743113409728
690,845,155,0.155,0.03375962030235678
738,869,131,0.131,0.033698209640569986
662,831,169,0.169,0.03463658937811852
736,868,132,0.132,0.033473752415739
704,852,148,0.148,0.0336312864664942
742,871,129,0.129,0.03177940255217254
708,854,146,0.146,0.033568482918664815
758,879,121,0.121,0.033392011748626826
700,850,150,0.15,0.03414867700636387
714,857,143,0.143,0.033631043011322616
650,825,175,0.175,0.03377342409919947
774,887,113,0.113,0.03196719521470368
748,874,126,0.126,0.03228092960268259
772,886,114,0.114,0.032004902506247164
762,881,119,0.119,0.03185473585315049
744,872,128,0.128,0.03204850912094116
726,863,137,0.137,0.03234289746452123
696,848,152,0.152,0.031476405851542946
770,885,115,0.115,0.031514574971981346
716,858,142,0.142,0.03132577285915613
732,866,134,0.134,0.03149826211016625
782,891,109,0.109,0.029788959045894445
696,848,152,0.152,0.03138032521586865
716,858,142,0.142,0.031062265309505163
710,855,145,0.145,0.030162673633545637
762,881,119,0.119,0.029601483513601125
754,877,123,0.123,0.0297412141719833
750,875,125,0.125,0.030019920560531318
680,840,160,0.16,0.03122784626018256
766,883,117,0.117,0.03003277726098895
704,852,148,0.148,0.030921223390847446
732,866,134,0.134,0.03110921823233366
792,896,104,0.104,0.02951625528745353
712,856,144,0.144,0.030996817173436286
676,838,162,0.162,0.03239299078751355
698,849,151,0.151,0.031192549540661276
792,896,104,0.104,0.030604422740638255
708,854,146,0.146,0.03241520458459854
720,860,140,0.14,0.03160341183096171
738,869,131,0.131,0.03216703673265874
706,853,147,0.147,0.03341150148306042
710,855,145,0.145,0.032580662973225115
774,887,113,0.113,0.03243461405392736
772,886,114,0.114,0.03245919626113027
682,841,159,0.159,0.032888530446216466
726,863,137,0.137,0.03251421291939914
726,863,137,0.137,0.03229308124165982
720,860,140,0.14,0.032451114619150755
716,858,142,0.142,0.032877725141122936
716,858,142,0.142,0.03302907807566226
772,886,114,0.114,0.031660988767631355
754,877,123,0.123,0.03147673527430743
690,845,155,0.155,0.03213357328623533
662,831,169,0.169,0.032995312752202154
770,885,115,0.115,0.031344397666864095
772,886,114,0.114,0.03189332450553775
668,834,166,0.166,0.033844390789046885
734,867,133,0.133,0.03228001878596842
724,862,138,0.138,0.03317948686517775
756,878,122,0.122,0.03078102924209088
698,849,151,0.151,0.03323594427295029
750,875,125,0.125,0.031100680895149706
746,873,127,0.127,0.03113660317566246
758,879,121,0.121,0.030901924772188068
700,850,150,0.15,0.03217735942825675
774,887,113,0.113,0.03131145115755499
762,881,119,0.119,0.031898641602136193
768,884,116,0.116,0.030582678507082163
718,859,141,0.141,0.03172056325431913
714,857,143,0.143,0.03127300095651299
704,852,148,0.148,0.030783019319176673
750,875,125,0.125,0.02956628492102027
676,838,162,0.162,0.031483069212175904
768,884,116,0.116,0.02916046476457268
732,866,134,0.134,0.029666516988538207
708,854,146,0.146,0.030215511967428027
722,861,139,0.139,0.028768060429021716
684,842,158,0.158,0.02969065039139241
694,847,153,0.153,0.02893307100236416
656,828,172,0.172,0.03045922957919538
708,854,146,0.146,0.029195728435181083
744,872,128,0.128,0.029487320594489573
700,850,150,0.15,0.03158404329139739
732,866,134,0.134,0.03099048112425953
722,861,139,0.139,0.033160406166687605
728,864,136,0.136,0.03289029596559703
740,870,130,0.13,0.034259390047751366
702,851,149,0.149,0.03389852275233716
686,843,157,0.157,0.03403199257422239
756,878,122,0.122,0.03346137884631753
662,831,169,0.169,0.034765474185347554
772,886,114,0.114,0.033638251973316075
740,870,130,0.13,0.03335460012499243
762,881,119,0.119,0.03291675489488989
722,861,139,0.139,0.03413075851649046
736,868,132,0.132,0.033384634772315624
738,869,131,0.131,0.03421957286354154
706,853,147,0.147,0.033376842638477684
696,848,152,0.152,0.03454039595462382
744,872,128,0.128,0.03259579724725336
708,854,146,0.146,0.03284779635258019
708,854,146,0.146,0.03287852876074612
708,854,146,0.146,0.033270870815962555
716,858,142,0.142,0.03272311023809016
744,872,128,0.128,0.03242833279632032
730,865,135,0.135,0.03258264663349837
708,854,146,0.146,0.0320207630014047
730,865,135,0.135,0.03215825696568936
702,851,149,0.149,0.03142548907827586
686,843,157,0.157,0.032453200850635765
732,866,134,0.134,0.030829513819888233
698,849,151,0.151,0.03135080207232386
764,882,118,0.118,0.03130587716307491
778,889,111,0.111,0.029517445877194404
652,826,174,0.174,0.03160076561011374
700,850,150,0.15,0.03137616732995957
736,868,132,0.132,0.0311034130230546
670,835,165,0.165,0.03051130192913115
740,870,130,0.13,0.030572019567713143
748,874,126,0.126,0.029755333774723114
760,880,120,0.12,0.029648400207981467
676,838,162,0.162,0.03133087392803281
668,834,166,0.166,0.03098812265601009
738,869,131,0.131,0.03145815035328269
706,853,147,0.147,0.030305255273357035
668,834,166,0.166,0.031093929967842996
700,850,150,0.15,0.03052554895915091
632,816,184,0.184,0.03231714150682092
728,864,136,0.136,0.03086776928976178
686,843,157,0.157,0.031482769911177454
750,875,125,0.125,0.03099928251001984
714,857,143,0.143,0.031157960662618278
728,864,136,0.136,0.031009412014856935
748,874,126,0.126,0.030427739784121513
736,868,132,0.132,0.031345604928210376
704,852,148,0.148,0.03214421862177551
742,871,129,0.129,0.031966772919520735
720,860,140,0.14,0.03149813597649336
744,872,128,0.128,0.0315500474255532
690,845,155,0.155,0.031313263221643864
736,868,132,0.132,0.031247602108865978
778,889,111,0.111,0.03022517239023
696,848,152,0.152,0.030956968400627373
730,865,135,0.135,0.029761823994107546
746,873,127,0.127,0.030334473657421767
768,884,116,0.116,0.030457848258316517
716,858,142,0.142,0.030463863612152635
744,872,128,0.128,0.029478699899278583
740,870,130,0.13,0.029065134722739458
736,868,132,0.132,0.029354430154897273
700,850,150,0.15,0.02999237228464335
708,854,146,0.146,0.02955293649993837
732,866,134,0.134,0.029279642562381924
732,866,134,0.134,0.028804588775150478
718,859,141,0.141,0.02949722726456821
652,826,174,0.174,0.029087544929236174
776,888,112,0.112,0.028001319287344815
782,891,109,0.109,0.027616649608127774
736,868,132,0.132,0.028022359202615917
722,861,139,0.139,0.027800263985991478
680,840,160,0.16,0.028574732969515026
758,879,121,0.121,0.02748107676487416
730,865,135,0.135,0.027917755655013025
730,865,135,0.135,0.027365840974263846
774,887,113,0.113,0.026981656082905828
696,848,152,0.152,0.027354875870980323
752,876,124,0.124,0.027123297649435697
732,866,134,0.134,0.026503171819262206
744,872,128,0.128,0.027501272683031857
736,868,132,0.132,0.027936241515912116
732,866,134,0.134,0.027103450392372906
730,865,135,0.135,0.02746120911743492
706,853,147,0.147,0.027340526828542353
728,864,136,0.136,0.0271057756934315
742,871,129,0.129,0.026849073437042535
724,862,138,0.138,0.028175384337082506
758,879,121,0.121,0.026604402477853
722,861,139,0.139,0.027664819395169616
728,864,136,0.136,0.026830292536877097
798,899,101,0.101,0.025462649093940855
750,875,125,0.125,0.02655963118188083
714,857,143,0.143,0.026812974529340863
742,871,129,0.129,0.027038280800916255
748,874,126,0.126,0.02615436953306198
744,872,128,0.128,0.026603232662193478
734,867,133,0.133,0.025926048695109786
782,891,109,0.109,0.02531380644906312
780,890,110,0.11,0.02558050668332726
740,870,130,0.13,0.026137064366601407
756,878,122,0.122,0.025156993315555154
726,863,137,0.137,0.02493846064899117
750,875,125,0.125,0.024512936561368406
704,852,148,0.148,0.02482788647711277
728,864,136,0.136,0.024455230263993145
728,864,136,0.136,0.025219924214296044
746,873,127,0.127,0.025225940828211606
744,872,128,0.128,0.024827271685935556
684,842,158,0.158,0.026264197572134437
746,873,127,0.127,0.025797123233787717
782,891,109,0.109,0.026435147367417814
720,860,140,0.14,0.0266742902668193
686,843,157,0.157,0.026413728132843973
708,854,146,0.146,0.0272239334769547
724,862,138,0.138,0.026492311154492198
706,853,147,0.147,0.026810665062628688
650,825,175,0.175,0.028026667574420572
742,871,129,0.129,0.02727126998081803
762,881,119,0.119,0.02814251465164125
716,858,142,0.142,0.029105572966858746
736,868,132,0.132,0.028843459823168813
698,849,151,0.151,0.028661584726534784
778,889,111,0.111,0.029054287729784845
728,864,136,0.136,0.02931941914279014
758,879,121,0.121,0.029156330144032835
736,868,132,0.132,0.02848570637218654
772,886,114,0.114,0.02855530509632081
712,856,144,0.144,0.028689556120894848
702,851,149,0.149,0.02965767422877252
724,862,138,0.138,0.02839770480711013
722,861,139,0.139,0.029452537464909254
746,873,127,0.127,0.02867481002677232
688,844,156,0.156,0.02921233501844108
742,871,129,0.129,0.027682395479641856
756,878,122,0.122,0.028301993558183313
784,892,108,0.108,0.028117317667230964
706,853,147,0.147,0.029403064526617527
726,863,137,0.137,0.028605322818271817
746,873,127,0.127,0.028480013897642494
722,861,139,0.139,0.02790308521967381
704,852,148,0.148,0.028968031644821167
694,847,153,0.153,0.029318605328910053
716,858,142,0.142,0.028077862087637188
762,881,119,0.119,0.028812262872233988
698,849,151,0.151,0.029021772872656584
708,854,146,0.146,0.028624836808070542
784,892,108,0.108,0.027528182242996992
742,871,129,0.129,0.027703094771131875
726,863,137,0.137,0.027886938433162867
722,861,139,0.139,0.028229676082730294
686,843,157,0.157,0.02930960656050593
722,861,139,0.139,0.028621359445154666
708,854,146,0.146,0.029005561674945057
710,855,145,0.145,0.028804570744745434
746,873,127,0.127,0.028946321273222567
728,864,136,0.136,0.028512230986729264
734,867,133,0.133,0.028889291691593825
726,863,137,0.137,0.028739209902472793
738,869,131,0.131,0.029115300270728766
728,864,136,0.136,0.029723842176608742
718,859,141,0.141,0.029867374402470885
722,861,139,0.139,0.03020558024197817
718,859,141,0.141,0.03015326598379761
742,871,129,0.129,0.029341312278062106
760,880,120,0.12,0.030258561756461858
770,885,115,0.115,0.029992425944656134
680,840,160,0.16,0.03139706894848496
748,874,126,0.126,0.03115418296214193
718,859,141,0.141,0.030798965130001306
712,856,144,0.144,0.03161447654291987
686,843,157,0.157,0.03158403578400612
756,878,122,0.122,0.03072424872033298
740,870,130,0.13,0.030391752713359893
708,854,146,0.146,0.030693141461350024
664,832,168,0.168,0.03173477518372238
778,889,111,0.111,0.03056021970510483
730,865,135,0.135,0.03081850251276046
716,858,142,0.142,0.030957966472953558
722,861,139,0.139,0.029778057524934412
792,896,104,0.104,0.029692545182071626
760,880,120,0.12,0.029440064479596913
752,876,124,0.124,0.029124273520894348
732,866,134,0.134,0.028688618381507696
736,868,132,0.132,0.029176822933368384
738,869,131,0.131,0.027493623309768737
678,839,161,0.161,0.028146312079392374
706,853,147,0.147,0.02776681053265929
758,879,121,0.121,0.027408564695157112
708,854,146,0.146,0.027888644635677338
728,864,136,0.136,0.026925917459651828
708,854,146,0.146,0.027796207998879253
728,864,136,0.136,0.026737984800711274
676,838,162,0.162,0.027538322817534207
738,869,131,0.131,0.02657142498996109
696,848,152,0.152,0.02790221387334168
734,867,133,0.133,0.027226610095240175
724,862,138,0.138,0.027844168736599385
760,880,120,0.12,0.02780809664539993
726,863,137,0.137,0.028072145327925683
688,844,156,0.156,0.027868758268654346
742,871,129,0.129,0.028269389788620175
732,866,134,0.134,0.027731621385551988
788,894,106,0.106,0.028235642158426343
734,867,133,0.133,0.028011292149312795
734,867,133,0.133,0.028187978180125355
738,869,131,0.131,0.028313931338489057
738,869,131,0.131,0.027516369570046665
694,847,153,0.153,0.028053451369516553
714,857,143,0.143,0.028106767035089433
698,849,151,0.151,0.02886800250224769
768,884,116,0.116,0.027041525922715665
722,861,139,0.139,0.028187598643824457
784,892,108,0.108,0.027327435887418688
766,883,117,0.117,0.02732706165779382
726,863,137,0.137,0.027822406275197862
736,868,132,0.132,0.027415385402739047
768,884,116,0.116,0.027458780935034156
734,867,133,0.133,0.027489657952450217
764,882,118,0.118,0.02716029531415552
728,864,136,0.136,0.02629751960746944
698,849,151,0.151,0.0255096750324592
746,873,127,0.127,0.024831196394748987
750,875,125,0.125,0.024600724945776163
786,893,107,0.107,0.024701396787539125
718,859,141,0.141,0.025680749451741577
766,883,117,0.117,0.024566142281517385
686,843,157,0.157,0.02548361196834594
784,892,108,0.108,0.024076264883391558
720,860,140,0.14,0.024214348514564336
796,898,102,0.102,0.023849498193711044
730,865,135,0.135,0.024921732186339796
708,854,146,0.146,0.024841576836071907
716,858,142,0.142,0.02495882295165211
752,876,124,0.124,0.025581076035276054
720,860,140,0.14,0.025437550952658056
742,871,129,0.129,0.025819224365986885
754,877,123,0.123,0.025666904509998856
754,877,123,0.123,0.02640976048447192
776,888,112,0.112,0.026060482362285257
728,864,136,0.136,0.026446351282298566
756,878,122,0.122,0.02626578080933541
714,857,143,0.143,0.02678058903105557
762,881,119,0.119,0.025878192248754203
712,856,144,0.144,0.02632729901559651
750,875,125,0.125,0.026522603517398238
708,854,146,0.146,0.02630436767451465
792,896,104,0.104,0.025483865769580005
722,861,139,0.139,0.026688442919403314
692,846,154,0.154,0.027069630321115257
780,890,110,0.11,0.02584178383368999
730,865,135,0.135,0.026845374257303774
686,843,157,0.157,0.027615493047982453
730,865,135,0.135,0.02765408691763878
732,866,134,0.134,0.027370441555045547
682,841,159,0.159,0.027494963714852928
682,841,159,0.159,0.028090640978887676
684,842,158,0.158,0.02816843090672046
732,866,134,0.134,0.02736149451229721
730,865,135,0.135,0.028338866475969553
744,872,128,0.128,0.028665453913621606
728,864,136,0.136,0.02836140579264611
758,879,121,0.121,0.02837198623549193
752,876,124,0.124,0.02901606461033225
698,849,151,0.151,0.029762149509973825
732,866,134,0.134,0.02953523837402463
716,858,142,0.142,0.029666515682823955
764,882,118,0.118,0.029362454680725934
698,849,151,0.151,0.02968403767887503
752,876,124,0.124,0.02938173427525908
694,847,153,0.153,0.029093121165409686
754,877,123,0.123,0.028647680644877254
734,867,133,0.133,0.028335034442134203
766,883,117,0.117,0.02799848357588053
752,876,124,0.124,0.027734041393734515
758,879,121,0.121,0.027981144183315338
722,861,139,0.139,0.027624876191839575
708,854,146,0.146,0.02766529472451657
696,848,152,0.152,0.027845631022937595
770,885,115,0.115,0.026889734713360668
662,831,169,0.169,0.026905341094359755
710,855,145,0.145,0.027232835477218033
782,891,109,0.109,0.0257524645505473
790,895,105,0.105,0.025422538070008157
724,862,138,0.138,0.026175790932960807
724,862,138,0.138,0.02657011577486992
740,870,130,0.13,0.026519896836951374
774,887,113,0.113,0.026182495459914207
712,856,144,0.144,0.026665229830890893
748,874,126,0.126,0.026230686913244428
698,849,151,0.151,0.02711540131177753
750,875,125,0.125,0.026032479557208717
674,837,163,0.163,0.027147212706506253
738,869,131,0.131,0.026069946637377144
746,873,127,0.127,0.027277614574879407
654,827,173,0.173,0.028069208020344377
732,866,134,0.134,0.027003436870872973
692,846,154,0.154,0.028422358336858453
700,850,150,0.15,0.030117029631510375
686,843,157,0.157,0.030653480311855674
708,854,146,0.146,0.029565327800810337
708,854,146,0.146,0.030242161518894136
732,866,134,0.134,0.030251016504131256
756,878,122,0.122,0.02953363550826907
750,875,125,0.125,0.029945683954283594
690,845,155,0.155,0.031954188884235915
762,881,119,0.119,0.031740848975256086
692,846,154,0.154,0.03271551553625614
644,822,178,0.178,0.03354760505631566
720,860,140,0.14,0.0326700066011399
702,851,149,0.149,0.03298816431872547
726,863,137,0.137,0.03248325746692717
700,850,150,0.15,0.032984709763899445
798,899,101,0.101,0.031896953411400315
712,856,144,0.144,0.032043127560988066
774,887,113,0.113,0.032291877659969034
746,873,127,0.127,0.03259616327937692
728,864,136,0.136,0.03323530154302716
726,863,137,0.137,0.03274476590100676
744,872,128,0.128,0.03215906239673495
718,859,141,0.141,0.03183589137531817
676,838,162,0.162,0.031650200945325196
758,879,121,0.121,0.03008874285686761
714,857,143,0.143,0.030311360287480056
730,865,135,0.135,0.03060459333192557
734,867,133,0.133,0.03024975868035108
742,871,129,0.129,0.029796010706573724
694,847,153,0.153,0.029905747818760573
774,887,113,0.113,0.028152773899957538
736,868,132,0.132,0.02986323054600507
736,868,132,0.132,0.028841406628489493
748,874,126,0.126,0.028284711116924884
724,862,138,0.138,0.028070218953303992
668,834,166,0.166,0.029226469897665083
656,828,172,0.172,0.02851982924994081
762,881,119,0.119,0.02738721578847617
746,873,127,0.127,0.027866580727510155
734,867,133,0.133,0.027767682475037872
742,871,129,0.129,0.0282576751280576
684,842,158,0.158,0.028314091050066055
752,876,124,0.124,0.02736568721011281
680,840,160,0.16,0.028833921950310468
750,875,125,0.125,0.02797863479144871
668,834,166,0.166,0.0289255164405331
744,872,128,0.128,0.027910911006852984
776,888,112,0.112,0.027344698731787503
758,879,121,0.121,0.027520313311368227
712,856,144,0.144,0.028395377265289425
730,865,135,0.135,0.02906248199380934
742,871,129,0.129,0.027614385213702918
758,879,121,0.121,0.02797586732264608
696,848,152,0.152,0.028838283349759877
662,831,169,0.169,0.029295932095497846
730,865,135,0.135,0.028284855051897467
734,867,133,0.133,0.028160251774825156
740,870,130,0.13,0.02788959543220699
752,876,124,0.124,0.02801627405360341
758,879,121,0.121,0.027914691880345344
726,863,137,0.137,0.027624596985056996
754,877,123,0.123,0.026466476989910007
702,851,149,0.149,0.027259898283518852
738,869,131,0.131,0.025911836699582635
680,840,160,0.16,0.027455078277736904
758,879,121,0.121,0.025010327932424845
774,887,113,0.113,0.025404096726328134
728,864,136,0.136,0.02598939068056643
754,877,123,0.123,0.024723881324753165
736,868,132,0.132,0.024893838649615644
694,847,153,0.153,0.024956874380819498
686,843,157,0.157,0.0253460417566821
700,850,150,0.15,0.024369196539744734
708,854,146,0.146,0.02424203468672931
744,872,128,0.128,0.024627735011279583
746,873,127,0.127,0.02401074919011444
712,856,144,0.144,0.02408583922777325
730,865,135,0.135,0.024125591214746236
748,874,126,0.126,0.024083879467099906
732,866,134,0.134,0.024285014290362596
716,858,142,0.142,0.024568577322177588
706,853,147,0.147,0.025227176561020314
754,877,123,0.123,0.024926921240985393
734,867,133,0.133,0.024507587025873363
734,867,133,0.133,0.024980566950514912
726,863,137,0.137,0.02524832189269364
754,877,123,0.123,0.023943161676637827
758,879,121,0.121,0.024511184368282556
788,894,106,0.106,0.02399742152914405
656,828,172,0.172,0.02523133554123342
662,831,169,0.169,0.02532838970143348
758,879,121,0.121,0.02443204512540251
770,885,115,0.115,0.023203685355372726
746,873,127,0.127,0.023562674398534
768,884,116,0.116,0.024017835271544753
760,880,120,0.12,0.02328946578409523
716,858,142,0.142,0.023512883491814136
722,861,139,0.139,0.0231637094207108
794,897,103,0.103,0.023275865798816086
730,865,135,0.135,0.023420491257682443
770,885,115,0.115,0.02308395322598517
660,830,170,0.17,0.025043585675768556
694,847,153,0.153,0.024262227320112288
722,861,139,0.139,0.02380029939301312
728,864,136,0.136,0.023147895391099155
734,867,133,0.133,0.023384516716934742
744,872,128,0.128,0.02265445030387491
722,861,139,0.139,0.022989690966904164
744,872,128,0.128,0.023586545123718678
744,872,128,0.128,0.022971046942286192
720,860,140,0.14,0.023283956106752157
748,874,126,0.126,0.02315689237508923
744,872,128,0.128,0.023498957619071007
732,866,134,0.134,0.02410192941594869
740,870,130,0.13,0.023820157489739358
704,852,148,0.148,0.02444292132370174
710,855,145,0.145,0.0241557004628703
758,879,121,0.121,0.023314448821358382
756,878,122,0.122,0.023788800286129116
716,858,142,0.142,0.023249836823903025
742,871,129,0.129,0.022938299115747213
728,864,136,0.136,0.02377015638537705
714,857,143,0.143,0.02348844516929239
738,869,131,0.131,0.023592241960577666
734,867,133,0.133,0.02395881494227797
738,869,131,0.131,0.023376654824241994
716,858,142,0.142,0.023632659304887057
768,884,116,0.116,0.023354998833499847
738,869,131,0.131,0.023419369890354574
768,884,116,0.116,0.023063549401238562
746,873,127,0.127,0.02295329776406288
730,865,135,0.135,0.0225598365906626
676,838,162,0.162,0.023237051046453416
752,876,124,0.124,0.02334965666104108
728,864,136,0.136,0.022684860765002667
744,872,128,0.128,0.02305604710895568
748,874,126,0.126,0.02235860230308026
754,877,123,0.123,0.02284893478266895
764,882,118,0.118,0.022268277685157954
730,865,135,0.135,0.02266417273879051
694,847,153,0.153,0.022580824482254683
740,870,130,0.13,0.022892141017131506
776,888,112,0.112,0.02243101545330137
758,879,121,0.121,0.022210040908306836
720,860,140,0.14,0.022971528024412692
736,868,132,0.132,0.022854279961436987
686,843,157,0.157,0.022967077177949248
736,868,132,0.132,0.022191537914797662
750,875,125,0.125,0.022633262075483798
750,875,125,0.125,0.02285220098402351
772,886,114,0.114,0.022502311621792614
674,837,163,0.163,0.023517677042633293
740,870,130,0.13,0.02252553794067353
702,851,149,0.149,0.023436270621605217
760,880,120,0.12,0.02184425972774625
684,842,158,0.158,0.023044935275800527
712,856,144,0.144,0.022086169313639402
776,888,112,0.112,0.0219379615355283
750,875,125,0.125,0.022441650277003646
736,868,132,0.132,0.021883172401227058
756,878,122,0.122,0.021827438659965993
720,860,140,0.14,0.022514793970622123
684,842,158,0.158,0.022973753434605896
732,866,134,0.134,0.021840858079493045
812,906,94,0.094,0.02138635356165469
756,878,122,0.122,0.021752138417214156
