log_avg_ept_score,log_avg_succ_req,log_avg_blk_req,log_avg_BP_req,log_avg_entropy
246,373,127,0.254,2.9951020231246948
196,348,152,0.304,2.9953162417411803
234,367,133,0.266,2.9952465205192564
212,356,144,0.288,2.9953097920417786
234,367,133,0.266,2.9948958973884583
234,367,133,0.266,2.995221297264099
254,377,123,0.246,2.995283257484436
234,367,133,0.266,2.995295862197876
254,377,123,0.246,2.9930381503105163
236,368,132,0.264,2.994321452140808
240,370,130,0.26,2.99526850938797
282,391,109,0.218,2.995250764846802
236,368,132,0.264,2.995176856994629
284,392,108,0.216,2.995152092456818
222,361,139,0.278,2.995225179672241
210,355,145,0.29,2.9951206498146057
192,346,154,0.308,2.991207152247429
234,367,133,0.266,2.9951342768669127
212,356,144,0.288,2.9950997114181517
208,354,146,0.292,2.9950566630363467
204,352,148,0.296,2.9933783512115477
240,370,130,0.26,2.9943647775650026
250,375,125,0.25,2.987695188164711
212,356,144,0.288,2.9949799637794494
234,367,133,0.266,2.9945969676971433
250,375,125,0.25,2.994589241504669
250,375,125,0.25,2.9943504190444945
238,369,131,0.262,2.9938581433296205
272,386,114,0.228,2.993264067173004
228,364,136,0.272,2.992727430820465
248,374,126,0.252,2.9925305671691893
274,387,113,0.226,2.9911438760757445
240,370,130,0.26,2.9771804814338685
214,357,143,0.286,2.9867903995513916
248,374,126,0.252,2.98582293510437
282,391,109,0.218,2.9827595999240875
256,378,122,0.244,2.969110901117325
272,386,114,0.228,2.964189145565033
254,377,123,0.246,2.9540112590789795
202,351,149,0.298,2.9587483086586
266,383,117,0.234,2.9259448947906495
216,358,142,0.284,2.900286747932434
228,364,136,0.272,2.8982844014167783
264,382,118,0.236,2.8729925217926504
212,356,144,0.288,2.8373744913935663
276,388,112,0.224,2.7728213553428662
274,387,113,0.226,2.7349289322259285
252,376,124,0.248,2.7765660311299145
226,363,137,0.274,2.7176707003116607
220,360,140,0.28,2.73391985768266
226,363,137,0.274,2.74651255774498
246,373,127,0.254,2.7263526404798033
276,388,112,0.224,2.7511279122829437
298,399,101,0.202,2.749427762627602
250,375,125,0.25,2.7618008388876913
282,391,109,0.218,2.7712891483306885
238,369,131,0.262,2.7828809642791748
214,357,143,0.286,2.7845523715019227
274,387,113,0.226,2.758240917801857
268,384,116,0.232,2.7595803713910283
240,370,130,0.26,2.7625419788360595
254,377,123,0.246,2.706514270121045
226,363,137,0.274,2.703792069703889
286,393,107,0.214,2.7144037282466886
290,395,105,0.21,2.7161918387413024
236,368,132,0.264,2.679433912932873
318,409,91,0.182,2.6045718531012536
262,381,119,0.238,2.602829149290195
280,390,110,0.22,2.644451780349016
252,376,124,0.248,2.6286103523671627
266,383,117,0.234,2.6651820738315584
244,372,128,0.256,2.629690043896437
262,381,119,0.238,2.645091364170745
286,393,107,0.214,2.652904968738556
266,383,117,0.234,2.6522473332881926
290,395,105,0.21,2.6160579237937927
234,367,133,0.266,2.6603247046470644
284,392,108,0.216,2.6144809393584727
216,358,142,0.284,2.6409140031933784
258,379,121,0.242,2.634438424944878
272,386,114,0.228,2.633462968111038
218,359,141,0.282,2.6730648536682127
264,382,118,0.236,2.629595489025116
298,399,101,0.202,2.5863674772381784
238,369,131,0.262,2.6248309803903105
298,399,101,0.202,2.59421226978302
262,381,119,0.238,2.6021149243810213
282,391,109,0.218,2.595756516337395
292,396,104,0.208,2.580229604676366
282,391,109,0.218,2.5708239619731903
306,403,97,0.194,2.5468182082027195
262,381,119,0.238,2.584671405553818
330,415,85,0.17,2.525470827519894
264,382,118,0.236,2.572501494884491
294,397,103,0.206,2.531090562224388
274,387,113,0.226,2.512952249871567
302,401,99,0.198,2.533848844051361
366,433,67,0.134,2.4632637260508905
298,399,101,0.202,2.532563024997711
274,387,113,0.226,2.52431342792511
306,403,97,0.194,2.5007508764266966
230,365,135,0.27,2.4915429191589356
306,403,97,0.194,2.474596071958542
250,375,125,0.25,2.506982964992523
290,395,105,0.21,2.4826153889596463
320,410,90,0.18,2.446719601869583
320,410,90,0.18,2.4549739491939544
266,383,117,0.234,2.482024035811424
248,374,126,0.252,2.5176444890499114
282,391,109,0.218,2.4709882665872573
302,401,99,0.198,2.4815109503269195
258,379,121,0.242,2.493960952758789
318,409,91,0.182,2.443464723467827
258,379,121,0.242,2.518428432226181
286,393,107,0.214,2.4545459022521974
302,401,99,0.198,2.440539964914322
272,386,114,0.228,2.4719922094345095
264,382,118,0.236,2.4455784734487533
294,397,103,0.206,2.3640996532440184
250,375,125,0.25,2.425366229057312
274,387,113,0.226,2.410607411623001
248,374,126,0.252,2.489439264297485
310,405,95,0.19,2.4229585673809053
268,384,116,0.232,2.4196714487671853
314,407,93,0.186,2.432214309096336
256,378,122,0.244,2.440387677907944
272,386,114,0.228,2.4260911086052657
308,404,96,0.192,2.378713152170181
304,402,98,0.196,2.4059516088962556
304,402,98,0.196,2.4299951291084287
270,385,115,0.23,2.395387932524085
276,388,112,0.224,2.4185935068130493
280,390,110,0.22,2.3935322325229644
294,397,103,0.206,2.4245224823951723
256,378,122,0.244,2.373042395114899
324,412,88,0.176,2.313556378304958
312,406,94,0.188,2.339909717798233
258,379,121,0.242,2.3663043015003202
302,401,99,0.198,2.2587279094457626
276,388,112,0.224,2.2875817397236826
298,399,101,0.202,2.2694577696379272
320,410,90,0.18,2.2729986569285394
312,406,94,0.188,2.247967059522867
250,375,125,0.25,2.284365662574768
284,392,108,0.216,2.2391063587665556
338,419,81,0.162,2.2329255606234075
326,413,87,0.174,2.1979531341195107
324,412,88,0.176,2.221208927154541
294,397,103,0.206,2.1954725959300996
312,406,94,0.188,2.208261410474777
296,398,102,0.204,2.2794610075950623
332,416,84,0.168,2.247870660543442
278,389,111,0.222,2.2471043970584867
302,401,99,0.198,2.2510965671539305
270,385,115,0.23,2.297077387571335
334,417,83,0.166,2.235133176726289
304,402,98,0.196,2.252486127376556
304,402,98,0.196,2.260463722705841
310,405,95,0.19,2.237855720758438
308,404,96,0.192,2.225795067071915
330,415,85,0.17,2.1767927480340004
280,390,110,0.22,2.226512190461159
296,398,102,0.204,2.1973502756357193
296,398,102,0.204,2.2072836329936982
292,396,104,0.208,2.163494542837143
300,400,100,0.2,2.12643809106946
298,399,101,0.202,2.1551742413789032
270,385,115,0.23,2.146762344175233
262,381,119,0.238,2.168119762022048
314,407,93,0.186,2.1369130869209765
282,391,109,0.218,2.194409801803529
332,416,84,0.168,2.189259069621563
284,392,108,0.216,2.227595282897353
318,409,91,0.182,2.18086991918087
294,397,103,0.206,2.220435885965824
268,384,116,0.232,2.2308322761058808
318,409,91,0.182,2.1638102304935454
306,403,97,0.194,2.1786832315921782
326,413,87,0.174,2.139460890740156
320,410,90,0.18,2.1351247391700743
278,389,111,0.222,2.132542898893356
280,390,110,0.22,2.152303100347519
308,404,96,0.192,2.1187145688533784
300,400,100,0.2,2.1251882588863373
344,422,78,0.156,2.100063678026199
314,407,93,0.186,2.1047066659331324
324,412,88,0.176,2.0880045075416565
322,411,89,0.178,2.0810010859966277
332,416,84,0.168,2.032719307899475
284,392,108,0.216,2.0897203323841094
328,414,86,0.172,2.069026206731796
350,425,75,0.15,2.0229992145746944
332,416,84,0.168,2.03635702252388
324,412,88,0.176,2.0409178752782755
304,402,98,0.196,2.0536668815612793
324,412,88,0.176,2.037498938681092
340,420,80,0.16,2.0960590825080874
336,418,82,0.164,2.1289995512962343
330,415,85,0.17,2.1385007846355437
342,421,79,0.158,2.134674668073654
304,402,98,0.196,2.149339602947235
298,399,101,0.202,2.1590633454322816
316,408,92,0.184,2.1217360218763353
310,405,95,0.19,2.1596750156879425
282,391,109,0.218,2.169505217790604
312,406,94,0.188,2.196364383459091
304,402,98,0.196,2.1968784294128416
306,403,97,0.194,2.207738322019577
300,400,100,0.2,2.223787445783615
278,389,111,0.222,2.2050285534858705
306,403,97,0.194,2.1841184359788897
286,393,107,0.214,2.193479947090149
338,419,81,0.162,2.1488531782627107
346,423,77,0.154,2.1035837551355363
320,410,90,0.18,2.151591595649719
272,386,114,0.228,2.1464881517887116
292,396,104,0.208,2.1314774475097655
326,413,87,0.174,2.106690086364746
296,398,102,0.204,2.12971289730072
306,403,97,0.194,2.1278937466144563
324,412,88,0.176,2.1031306173801423
340,420,80,0.16,2.096600991129875
282,391,109,0.218,2.152644334793091
312,406,94,0.188,2.1154861912727356
246,373,127,0.254,2.1132189778611066
316,408,92,0.184,2.1016784630268814
308,404,96,0.192,2.1392857933044436
320,410,90,0.18,2.1367691893577576
306,403,97,0.194,2.1378274998664857
352,426,74,0.148,2.107453438997269
330,415,85,0.17,2.103954934835434
288,394,106,0.212,2.122642788410187
334,417,83,0.166,2.1122425332069397
298,399,101,0.202,2.1097469894886016
274,387,113,0.226,2.095079347848892
322,411,89,0.178,2.062682298898697
346,423,77,0.154,2.0671618916988375
292,396,104,0.208,2.0824699749201536
308,404,96,0.192,2.0714051806926728
304,402,98,0.196,2.0756452864408494
282,391,109,0.218,2.1112214360237123
354,427,73,0.146,2.049836980342865
328,414,86,0.172,2.0614559128284453
372,436,64,0.128,2.060011111497879
288,394,106,0.212,2.0700500295162203
302,401,99,0.198,2.007054973810911
308,404,96,0.192,2.005247623205185
320,410,90,0.18,2.0142223455905914
320,410,90,0.18,2.0028513731956483
332,416,84,0.168,1.992905349254608
284,392,108,0.216,2.024746726512909
326,413,87,0.174,1.9661141421794892
312,406,94,0.188,1.9835703111886978
278,389,111,0.222,1.993338544197751
348,424,76,0.152,1.9288586069664453
340,420,80,0.16,1.9775722506046296
338,419,81,0.162,1.9757263040542603
336,418,82,0.164,1.9615806875228883
352,426,74,0.148,1.9529846765995025
326,413,87,0.174,1.9615240569114685
336,418,82,0.164,1.922585424900055
358,429,71,0.142,1.8373170640468597
338,419,81,0.162,1.8492448778152466
328,414,86,0.172,1.8416390887796878
264,382,118,0.236,1.890374539732933
316,408,92,0.184,1.7824052675962447
352,426,74,0.148,1.767892516374588
320,410,90,0.18,1.801625414967537
290,395,105,0.21,1.8093691408634185
356,428,72,0.144,1.671158212542534
290,395,105,0.21,1.662605725169182
324,412,88,0.176,1.6239365258216858
380,440,60,0.12,1.5874666118621825
290,395,105,0.21,1.6435690916776657
294,397,103,0.206,1.5875346157550811
328,414,86,0.172,1.6296710976362228
342,421,79,0.158,1.607633035480976
354,427,73,0.146,1.6020504808425904
320,410,90,0.18,1.625097206234932
322,411,89,0.178,1.621239351598546
324,412,88,0.176,1.5740627828259022
298,399,101,0.202,1.533485425468767
296,398,102,0.204,1.559870971944183
304,402,98,0.196,1.5823189027905464
372,436,64,0.128,1.450738212943077
350,425,75,0.15,1.4405508363246917
322,411,89,0.178,1.5109254791736604
306,403,97,0.194,1.4835973286628723
358,429,71,0.142,1.421824194908142
364,432,68,0.136,1.31384663374722
328,414,86,0.172,1.300949014723301
320,410,90,0.18,1.2684652616381644
342,421,79,0.158,1.192265146110207
306,403,97,0.194,1.1980588398575782
374,437,63,0.126,1.1238922523856163
320,410,90,0.18,1.1572410162091256
280,390,110,0.22,1.128786930942675
360,430,70,0.14,1.1073792185187339
270,385,115,0.23,1.2267344627380372
366,433,67,0.134,1.081650742471218
316,408,92,0.184,1.1555020490288734
338,419,81,0.162,1.077057484269142
370,435,65,0.13,0.9966626897752285
326,413,87,0.174,0.9978062819540501
356,428,72,0.144,0.9141033523082733
348,424,76,0.152,0.8697845095905636
278,389,111,0.222,1.0132713591754436
356,428,72,0.144,0.9321515996755056
330,415,85,0.17,0.9655512047410011
360,430,70,0.14,0.9453241041898728
294,397,103,0.206,1.0943409735560417
348,424,76,0.152,1.0051825242042542
340,420,80,0.16,1.0094933179111685
330,415,85,0.17,1.027430069923401
312,406,94,0.188,1.034859355866909
326,413,87,0.174,1.0783285282850266
352,426,74,0.148,0.99147455316782
320,410,90,0.18,1.054793724834919
336,418,82,0.164,1.0221157917380332
294,397,103,0.206,1.045782586082816
354,427,73,0.146,1.0584506620764733
282,391,109,0.218,1.128483871281147
292,396,104,0.208,1.1596015977859497
376,438,62,0.124,1.0906422975063323
302,401,99,0.198,1.110175753571093
340,420,80,0.16,1.05275691062212
310,405,95,0.19,1.0389907486438752
342,421,79,0.158,0.9838876632452012
320,410,90,0.18,0.9759005337655544
352,426,74,0.148,0.9296878207027912
320,410,90,0.18,0.9617763675053388
370,435,65,0.13,0.8679786047935486
296,398,102,0.204,0.9807547997832299
354,427,73,0.146,0.9233829142153263
338,419,81,0.162,0.9287272675335407
346,423,77,0.154,0.9643536648228764
344,422,78,0.156,0.9493505845665932
356,428,72,0.144,0.9752114548683166
348,424,76,0.152,0.9445774770826101
328,414,86,0.172,1.0340581982615995
368,434,66,0.132,0.9074536920785904
340,420,80,0.16,1.0055945655703544
342,421,79,0.158,0.9895376842990518
310,405,95,0.19,1.0165875003039837
342,421,79,0.158,0.9746529396772384
346,423,77,0.154,0.9438518218398094
372,436,64,0.128,0.8977367388606071
332,416,84,0.168,0.936301022529602
312,406,94,0.188,0.8887601128816605
350,425,75,0.15,0.9014418984353543
334,417,83,0.166,0.886790162742138
378,439,61,0.122,0.7252515696287155
356,428,72,0.144,0.8053366470783949
398,449,51,0.102,0.7155375789701939
364,432,68,0.136,0.6967599339783191
348,424,76,0.152,0.6859854007065296
388,444,56,0.112,0.6524538127072156
340,420,80,0.16,0.6597587024085224
324,412,88,0.176,0.6788948468023155
324,412,88,0.176,0.7684085993384949
306,403,97,0.194,0.7896484327912331
302,401,99,0.198,0.8798405168354512
342,421,79,0.158,0.822835169559703
326,413,87,0.174,0.9392841912508011
344,422,78,0.156,0.9380424028486013
384,442,58,0.116,0.9277468314766883
320,410,90,0.18,0.9887015189442245
340,420,80,0.16,0.8701122592464374
364,432,68,0.136,0.8335492778420448
368,434,66,0.132,0.8121230838447809
270,385,115,0.23,0.8979594869911671
360,430,70,0.14,0.781579552769661
318,409,91,0.182,0.8150144942402839
326,413,87,0.174,0.7692107594609644
336,418,82,0.164,0.7910875353515148
356,428,72,0.144,0.8512929508388043
298,399,101,0.202,0.915109171450138
362,431,69,0.138,0.8007095404863358
348,424,76,0.152,0.8058801682591439
348,424,76,0.152,0.8622331687808037
380,440,60,0.12,0.8226942811615445
328,414,86,0.172,0.8540897007809817
352,426,74,0.148,0.8229077765538823
354,427,73,0.146,0.7677626730203628
350,425,75,0.15,0.8304552581906318
326,413,87,0.174,0.7994319769968279
316,408,92,0.184,0.832047591149807
318,409,91,0.182,0.8917742688655853
318,409,91,0.182,0.9263857797682286
338,419,81,0.162,0.9058132640123367
346,423,77,0.154,0.9351463849544526
342,421,79,0.158,0.9662039311826229
374,437,63,0.126,0.9307451474610716
354,427,73,0.146,0.9237346710562706
372,436,64,0.128,0.9139000445306301
312,406,94,0.188,0.869851222537458
350,425,75,0.15,0.8390118718147278
302,401,99,0.198,0.9021554242372513
388,444,56,0.112,0.7892291067838669
382,441,59,0.118,0.8467823356986046
348,424,76,0.152,0.8700469776391982
326,413,87,0.174,0.9119889190196991
306,403,97,0.194,0.9283710448145867
318,409,91,0.182,0.95870179271698
304,402,98,0.196,0.9662326388359069
344,422,78,0.156,0.9265205727219582
352,426,74,0.148,0.9418568761348725
330,415,85,0.17,0.9269047590494156
332,416,84,0.168,0.9507614995241165
294,397,103,0.206,1.002150313615799
354,427,73,0.146,0.9314477403759956
338,419,81,0.162,0.91937862688303
356,428,72,0.144,0.9105666595697403
320,410,90,0.18,0.9743104636669159
326,413,87,0.174,0.9178158451914787
358,429,71,0.142,0.8821008731126785
344,422,78,0.156,0.8711031427383423
410,455,45,0.09,0.7750350161194801
340,420,80,0.16,0.7755320944190025
340,420,80,0.16,0.7809302591106434
342,421,79,0.158,0.7069316815186466
346,423,77,0.154,0.7188611834645271
318,409,91,0.182,0.7251672080457211
320,410,90,0.18,0.6973980207443238
388,444,56,0.112,0.6254066590666771
314,407,93,0.186,0.6925179687440395
370,435,65,0.13,0.7099017680287362
334,417,83,0.166,0.7572253978475928
356,428,72,0.144,0.7526658748283226
332,416,84,0.168,0.7599749330482578
332,416,84,0.168,0.8042257732633152
352,426,74,0.148,0.7989191955924034
344,422,78,0.156,0.792483936369419
358,429,71,0.142,0.7921407219171525
328,414,86,0.172,0.7957787432074547
324,412,88,0.176,0.7808754103779793
350,425,75,0.15,0.7640973176556654
378,439,61,0.122,0.6804119413122764
310,405,95,0.19,0.7589188566505909
344,422,78,0.156,0.7215601639603556
352,426,74,0.148,0.7015179080069065
304,402,98,0.196,0.8138913560211658
352,426,74,0.148,0.7526438076198101
350,425,75,0.15,0.7634642072170973
356,428,72,0.144,0.7714615224003791
328,414,86,0.172,0.7670415420558129
386,443,57,0.114,0.6845277425944805
336,418,82,0.164,0.6993239097387347
372,436,64,0.128,0.6915275681253698
334,417,83,0.166,0.6758087030363967
344,422,78,0.156,0.6929700517058373
368,434,66,0.132,0.6375252912428987
314,407,93,0.186,0.6595611238181591
362,431,69,0.138,0.6505825292468072
378,439,61,0.122,0.5929848989546299
308,404,96,0.192,0.6110243358314037
370,435,65,0.13,0.5973541571795941
380,440,60,0.12,0.5878400292098522
332,416,84,0.168,0.6534835840463639
358,429,71,0.142,0.6059367146790028
324,412,88,0.176,0.6426963615715504
346,423,77,0.154,0.6200059377849102
324,412,88,0.176,0.6665136806368828
358,429,71,0.142,0.6216339350938797
310,405,95,0.19,0.6615675532135646
336,418,82,0.164,0.690868353664875
354,427,73,0.146,0.6948711198217352
284,392,108,0.216,0.7419203278412915
306,403,97,0.194,0.7420270598464122
356,428,72,0.144,0.6855113485828042
358,429,71,0.142,0.6446689965426922
342,421,79,0.158,0.6466288452483714
328,414,86,0.172,0.6779901306331158
308,404,96,0.192,0.6273340227901936
348,424,76,0.152,0.5478016812310088
350,425,75,0.15,0.5781622646152973
356,428,72,0.144,0.5337778954291716
360,430,70,0.14,0.5789838982224464
364,432,68,0.136,0.5666318629219841
298,399,101,0.202,0.6028678560554981
340,420,80,0.16,0.5861169808655977
328,414,86,0.172,0.5901479176282882
334,417,83,0.166,0.6023474092483521
350,425,75,0.15,0.5889532775878906
332,416,84,0.168,0.5786295301020146
360,430,70,0.14,0.5752407471239567
406,453,47,0.094,0.5349378151595593
328,414,86,0.172,0.5977020923495293
322,411,89,0.178,0.5873653754889965
338,419,81,0.162,0.5616083871722222
356,428,72,0.144,0.5574036922156811
350,425,75,0.15,0.5499153833985329
348,424,76,0.152,0.6139589400291443
336,418,82,0.164,0.5963591821789741
328,414,86,0.172,0.5970523914396763
364,432,68,0.136,0.5862291791588068
384,442,58,0.116,0.5745628138780594
358,429,71,0.142,0.6380694188475609
338,419,81,0.162,0.6583993145823479
350,425,75,0.15,0.6531473070979118
340,420,80,0.16,0.6430053198635578
330,415,85,0.17,0.6891040342792036
352,426,74,0.148,0.6731902120113373
328,414,86,0.172,0.6853361867666244
342,421,79,0.158,0.6834666132051498
368,434,66,0.132,0.6955489404499531
352,426,74,0.148,0.7179354985952378
368,434,66,0.132,0.7165277683138848
318,409,91,0.182,0.7318030382785946
298,399,101,0.202,0.7467186186313629
318,409,91,0.182,0.7601081387271447
302,401,99,0.198,0.8029810489416123
374,437,63,0.126,0.7823664258420467
306,403,97,0.194,0.8897129471898079
362,431,69,0.138,0.8530165485739708
358,429,71,0.142,0.8691748007237912
368,434,66,0.132,0.831759416103363
342,421,79,0.158,0.8322079785764217
330,415,85,0.17,0.8249220161251724
390,445,55,0.11,0.7962361384034157
402,451,49,0.098,0.7513924810290337
286,393,107,0.214,0.7910105242133141
382,441,59,0.118,0.7273704129457473
392,446,54,0.108,0.734429162979126
304,402,98,0.196,0.7989875577390194
344,422,78,0.156,0.8111654269099235
376,438,62,0.124,0.8133647120594978
364,432,68,0.136,0.8301158521771431
374,437,63,0.126,0.8120910730361939
340,420,80,0.16,0.9024404909014702
326,413,87,0.174,0.9075435144901276
312,406,94,0.188,0.890500614620396
380,440,60,0.12,0.8041554633378982
380,440,60,0.12,0.8516335265040398
370,435,65,0.13,0.8790416681170463
362,431,69,0.138,0.849529811501503
314,407,93,0.186,0.8910461259149015
354,427,73,0.146,0.8874806156754493
328,414,86,0.172,0.92506619232893
420,460,40,0.08,0.8750984307527542
378,439,61,0.122,0.9184222242236137
380,440,60,0.12,0.8954967526197434
342,421,79,0.158,0.9007040083408355
366,433,67,0.134,0.8861875665187836
348,424,76,0.152,0.905747516155243
384,442,58,0.116,0.9366681029796601
310,405,95,0.19,0.9785094194412232
350,425,75,0.15,1.020521094918251
330,415,85,0.17,1.016881682038307
356,428,72,0.144,1.1118490116000175
314,407,93,0.186,1.1280542340278625
322,411,89,0.178,1.1805946366786957
294,397,103,0.206,1.1853804367780685
318,409,91,0.182,1.2086636800374835
348,424,76,0.152,1.1831333985328674
330,415,85,0.17,1.2143971203565598
334,417,83,0.166,1.2077345016002654
352,426,74,0.148,1.1699760603904723
336,418,82,0.164,1.1678959219455718
344,422,78,0.156,1.1507025396823882
422,461,39,0.078,1.0910777426958085
372,436,64,0.128,1.0923490134514868
334,417,83,0.166,1.1189616183042526
388,444,56,0.112,1.0279463057518006
352,426,74,0.148,1.050545599102974
332,416,84,0.168,1.0610421851873397
396,448,52,0.104,1.0012728317975998
388,444,56,0.112,1.0216617420911789
352,426,74,0.148,1.0099747799634933
374,437,63,0.126,1.0215192793607712
372,436,64,0.128,1.0212739953994752
384,442,58,0.116,1.0003698362112046
316,408,92,0.184,1.0437245955467225
366,433,67,0.134,1.0055267431735992
380,440,60,0.12,1.008009189248085
306,403,97,0.194,1.0112069308757783
314,407,93,0.186,1.0210585044324398
400,450,50,0.1,0.9693552534580231
384,442,58,0.116,0.9878525047302246
368,434,66,0.132,0.9464041018486022
380,440,60,0.12,0.9366772897243499
366,433,67,0.134,0.9421603652238846
372,436,64,0.128,0.9304926093816758
366,433,67,0.134,0.8528845628499985
352,426,74,0.148,0.8566419326663017
362,431,69,0.138,0.8345327876806259
388,444,56,0.112,0.8178288443088532
364,432,68,0.136,0.7547413812279701
358,429,71,0.142,0.7710752168893814
418,459,41,0.082,0.721268064379692
328,414,86,0.172,0.7964558435082436
392,446,54,0.108,0.7060812043547631
344,422,78,0.156,0.7346011098623276
374,437,63,0.126,0.6974964499473572
370,435,65,0.13,0.6932053173184395
346,423,77,0.154,0.6857153432965278
378,439,61,0.122,0.6486544697284699
400,450,50,0.1,0.6240824085861677
364,432,68,0.136,0.6709903063178062
392,446,54,0.108,0.5768284067511559
362,431,69,0.138,0.5827905523777008
394,447,53,0.106,0.5648637346625328
396,448,52,0.104,0.5759687848687172
324,412,88,0.176,0.6605300142765045
360,430,70,0.14,0.6592052263104804
364,432,68,0.136,0.6431672665476799
392,446,54,0.108,0.6348235971927643
362,431,69,0.138,0.7983887209892273
366,433,67,0.134,0.7308074645400048
368,434,66,0.132,0.727168544948101
346,423,77,0.154,0.7389447088837624
354,427,73,0.146,0.798306349158287
368,434,66,0.132,0.7354283272027969
370,435,65,0.13,0.7059218019843102
404,452,48,0.096,0.7030282942235936
392,446,54,0.108,0.6983088530898094
366,433,67,0.134,0.7052361091375351
330,415,85,0.17,0.7112045112252235
358,429,71,0.142,0.6957547453641891
366,433,67,0.134,0.712932655364275
408,454,46,0.092,0.6802452278733253
358,429,71,0.142,0.7039878329634667
364,432,68,0.136,0.7075818222761154
358,429,71,0.142,0.6781187581419945
386,443,57,0.114,0.6919016659259796
378,439,61,0.122,0.6506830468773842
378,439,61,0.122,0.6567584697008133
366,433,67,0.134,0.6397049300074578
360,430,70,0.14,0.6592187690138817
354,427,73,0.146,0.6364067577943205
374,437,63,0.126,0.6411143708229065
398,449,51,0.102,0.6096407911777496
398,449,51,0.102,0.5989596037268639
376,438,62,0.124,0.6024357354193925
396,448,52,0.104,0.5893300414681435
372,436,64,0.128,0.5555501295030117
348,424,76,0.152,0.5904558129310608
340,420,80,0.16,0.5858321666419506
380,440,60,0.12,0.5486196201443673
330,415,85,0.17,0.5803382496982813
318,409,91,0.182,0.5918852715771645
378,439,61,0.122,0.5527834502609912
388,444,56,0.112,0.5415246711373329
372,436,64,0.128,0.4994628260731697
394,447,53,0.106,0.47283124877512456
368,434,66,0.132,0.4924074159264564
382,441,59,0.118,0.46224495393037796
386,443,57,0.114,0.4345513389591724
362,431,69,0.138,0.4331911193579435
374,437,63,0.126,0.4405422716885805
420,460,40,0.08,0.40489037284255025
360,430,70,0.14,0.43921574410796166
378,439,61,0.122,0.4333519449532032
370,435,65,0.13,0.4140607208907604
404,452,48,0.096,0.434385509185493
400,450,50,0.1,0.40109027352929116
392,446,54,0.108,0.3958967584877973
358,429,71,0.142,0.40354352408647537
362,431,69,0.138,0.38968608804047106
380,440,60,0.12,0.3897372534474125
360,430,70,0.14,0.40222069016098977
352,426,74,0.148,0.41885116513073445
394,447,53,0.106,0.45311204619705675
352,426,74,0.148,0.5123275833725929
400,450,50,0.1,0.4603578342795372
404,452,48,0.096,0.4703487171828747
362,431,69,0.138,0.5042278663516309
396,448,52,0.104,0.49472496363520624
356,428,72,0.144,0.5145458839898638
378,439,61,0.122,0.4992540501952171
376,438,62,0.124,0.4661555979847908
364,432,68,0.136,0.4924199320077896
394,447,53,0.106,0.4592804310321808
382,441,59,0.118,0.47491559797152877
374,437,63,0.126,0.47560469511151315
390,445,55,0.11,0.45410033654421567
390,445,55,0.11,0.47559936898946764
388,444,56,0.112,0.465569000646472
360,430,70,0.14,0.5173362294959115
360,430,70,0.14,0.5292274926332694
384,442,58,0.116,0.4938882928714156
350,425,75,0.15,0.5638371279239655
376,438,62,0.124,0.5977163799107075
370,435,65,0.13,0.5697286383509635
408,454,46,0.092,0.5807874131798744
384,442,58,0.116,0.5381309662461281
362,431,69,0.138,0.5333937046825886
344,422,78,0.156,0.5596262722313404
358,429,71,0.142,0.5442374027073383
364,432,68,0.136,0.46762822108049024
344,422,78,0.156,0.5224289691346057
428,464,36,0.072,0.42242602759599684
366,433,67,0.134,0.45809575909376143
392,446,54,0.108,0.419270982593298
384,442,58,0.116,0.45625500446558
334,417,83,0.166,0.46520911759138106
364,432,68,0.136,0.42530720987915993
356,428,72,0.144,0.48840818405151365
346,423,77,0.154,0.45493190044164655
366,433,67,0.134,0.4499565835893154
360,430,70,0.14,0.4817472236448108
336,418,82,0.164,0.4634737655967474
406,453,47,0.094,0.4013242483437061
374,437,63,0.126,0.43984663075208663
386,443,57,0.114,0.4082816755473614
374,437,63,0.126,0.4136333030164242
398,449,51,0.102,0.40663528944179417
340,420,80,0.16,0.44722318229079244
362,431,69,0.138,0.41080544832348825
338,419,81,0.162,0.46393874338269236
402,451,49,0.098,0.424283779323101
350,425,75,0.15,0.4684485595561564
350,425,75,0.15,0.5122339835283601
338,419,81,0.162,0.6197440139055252
338,419,81,0.162,0.5839636029303074
366,433,67,0.134,0.5354692023992539
410,455,45,0.09,0.5470338613508283
366,433,67,0.134,0.6650243445485831
354,427,73,0.146,0.6567857120931149
386,443,57,0.114,0.5768648349046707
348,424,76,0.152,0.5626511105895042
356,428,72,0.144,0.547940842539072
382,441,59,0.118,0.5123784558475017
394,447,53,0.106,0.4978376037478447
356,428,72,0.144,0.5880351827442646
368,434,66,0.132,0.5124939695298671
340,420,80,0.16,0.5149174816750856
354,427,73,0.146,0.5104172105193138
370,435,65,0.13,0.5400377711802721
388,444,56,0.112,0.49935685282945635
344,422,78,0.156,0.573497826397419
408,454,46,0.092,0.49623310142755506
396,448,52,0.104,0.48807117393612864
370,435,65,0.13,0.5175396124124527
368,434,66,0.132,0.5096229345277097
372,436,64,0.128,0.4684814818799496
396,448,52,0.104,0.4773430922329426
356,428,72,0.144,0.45203430074453355
376,438,62,0.124,0.4432143750488758
354,427,73,0.146,0.4416485385298729
380,440,60,0.12,0.4528653014531883
364,432,68,0.136,0.46125923725962636
406,453,47,0.094,0.45345603078603747
368,434,66,0.132,0.48663788626343013
326,413,87,0.174,0.4875364238023758
404,452,48,0.096,0.4444989592116326
384,442,58,0.116,0.4492381289675832
376,438,62,0.124,0.4691332875192165
362,431,69,0.138,0.4989454197585583
386,443,57,0.114,0.48299233639240263
382,441,59,0.118,0.4871820405125618
378,439,61,0.122,0.5256517017483712
380,440,60,0.12,0.542526884317398
362,431,69,0.138,0.5561757150292397
390,445,55,0.11,0.5646629590913653
328,414,86,0.172,0.5822552359700203
374,437,63,0.126,0.5752198657989502
398,449,51,0.102,0.5775592665672302
328,414,86,0.172,0.5954053800241915
388,444,56,0.112,0.5769481474161148
404,452,48,0.096,0.5656757284998893
410,455,45,0.09,0.5520363788902759
338,419,81,0.162,0.5914533892348409
418,459,41,0.082,0.5336144729852677
410,455,45,0.09,0.511636439550668
352,426,74,0.148,0.5410183106064796
332,416,84,0.168,0.544229621223989
380,440,60,0.12,0.5047868457883596
352,426,74,0.148,0.5081859473586082
376,438,62,0.124,0.48815256875753404
420,460,40,0.08,0.45528272503614425
348,424,76,0.152,0.4768597630914301
368,434,66,0.132,0.45028615108132364
388,444,56,0.112,0.4295453584194183
372,436,64,0.128,0.44162238378031177
380,440,60,0.12,0.4273470500707626
370,435,65,0.13,0.40222980064153674
412,456,44,0.088,0.38293171986937524
402,451,49,0.098,0.40020334780216216
352,426,74,0.148,0.3886901595890522
390,445,55,0.11,0.37522311773896216
406,453,47,0.094,0.34469925293326376
364,432,68,0.136,0.39375839081406594
362,431,69,0.138,0.37183794447034596
416,458,42,0.084,0.34450555649399756
378,439,61,0.122,0.37383494052290916
358,429,71,0.142,0.39232759902253744
386,443,57,0.114,0.36907605242729186
364,432,68,0.136,0.41578062865138055
356,428,72,0.144,0.44156041026115417
344,422,78,0.156,0.44363264478743075
362,431,69,0.138,0.4559701136350632
360,430,70,0.14,0.48718527219549923
364,432,68,0.136,0.4956357156038284
358,429,71,0.142,0.5064705113768577
364,432,68,0.136,0.5054687195122242
362,431,69,0.138,0.5024810128509999
410,455,45,0.09,0.4351807199642062
420,460,40,0.08,0.4483028258085251
386,443,57,0.114,0.42271391448378565
404,452,48,0.096,0.38575293497368696
412,456,44,0.088,0.3700126394033432
406,453,47,0.094,0.3617155302166939
374,437,63,0.126,0.36133688247203827
382,441,59,0.118,0.3571405480043759
410,455,45,0.09,0.36324392807483674
338,419,81,0.162,0.3985532141029835
354,427,73,0.146,0.38741968005895616
378,439,61,0.122,0.39451383863389494
378,439,61,0.122,0.41034666645526885
380,440,60,0.12,0.4218940722048283
380,440,60,0.12,0.4295544917732477
342,421,79,0.158,0.4682283268570905
344,422,78,0.156,0.4916045177204942
414,457,43,0.086,0.4404282851815224
396,448,52,0.104,0.4550549997086637
378,439,61,0.122,0.47344145273161664
406,453,47,0.094,0.4343574057817459
314,407,93,0.186,0.4442072282731533
392,446,54,0.108,0.4275588509142399
362,431,69,0.138,0.4497128914296627
366,433,67,0.134,0.44468395864963534
368,434,66,0.132,0.4778001265227795
380,440,60,0.12,0.45858482110500337
408,454,46,0.092,0.49042168316245077
386,443,57,0.114,0.4850118525624275
378,439,61,0.122,0.5206851840317249
378,439,61,0.122,0.5243974132520088
392,446,54,0.108,0.5155798340439797
364,432,68,0.136,0.5447427371740341
360,430,70,0.14,0.5554955756068229
386,443,57,0.114,0.5324377338886261
350,425,75,0.15,0.5428514605048694
370,435,65,0.13,0.5275652945637703
364,432,68,0.136,0.5156039060950279
412,456,44,0.088,0.5059111530184746
364,432,68,0.136,0.5112936411499978
424,462,38,0.076,0.46454833418130875
360,430,70,0.14,0.46850310266017914
346,423,77,0.154,0.4768069896250963
388,444,56,0.112,0.4632670886218548
384,442,58,0.116,0.44643177080154417
400,450,50,0.1,0.42520381954312325
366,433,67,0.134,0.4186690976023674
396,448,52,0.104,0.42785741755366324
376,438,62,0.124,0.40644433164596555
378,439,61,0.122,0.39775635492801664
378,439,61,0.122,0.39702185508608817
388,444,56,0.112,0.3863197178840637
330,415,85,0.17,0.42072051467793065
372,436,64,0.128,0.43613345092535016
346,423,77,0.154,0.45673057478666307
384,442,58,0.116,0.4173621110022068
376,438,62,0.124,0.45369595527648926
362,431,69,0.138,0.46225876042246816
398,449,51,0.102,0.4529792929291725
396,448,52,0.104,0.44077366110682487
408,454,46,0.092,0.4369358564317226
400,450,50,0.1,0.3662655685310165
418,459,41,0.082,0.36372791916131975
392,446,54,0.108,0.3468364297449589
408,454,46,0.092,0.3400952970981598
398,449,51,0.102,0.3169668644070625
376,438,62,0.124,0.3358361029624939
364,432,68,0.136,0.34575166351407155
374,437,63,0.126,0.34898655374348164
408,454,46,0.092,0.3910774546563625
378,439,61,0.122,0.4033487547338009
386,443,57,0.114,0.40302574828267096
384,442,58,0.116,0.3982054063559044
404,452,48,0.096,0.3854018702507019
358,429,71,0.142,0.40425100466609
366,433,67,0.134,0.4016276907026768
410,455,45,0.09,0.3980021617412567
386,443,57,0.114,0.40741550184041264
340,420,80,0.16,0.4140876905918121
354,427,73,0.146,0.41131896239519117
400,450,50,0.1,0.3935064525604248
416,458,42,0.084,0.4068551002442837
374,437,63,0.126,0.4406507818698883
368,434,66,0.132,0.4263545643687248
316,408,92,0.184,0.4604937527775764
404,452,48,0.096,0.41092814061045646
370,435,65,0.13,0.4308938918747008
364,432,68,0.136,0.44187023559212685
384,442,58,0.116,0.4459056005775929
386,443,57,0.114,0.4050430791974068
372,436,64,0.128,0.40120815563201906
322,411,89,0.178,0.4383003309071064
348,424,76,0.152,0.40412743389979006
378,439,61,0.122,0.3972583750784397
352,426,74,0.148,0.42785367301106453
396,448,52,0.104,0.39174954557418823
354,427,73,0.146,0.42426193329691886
368,434,66,0.132,0.3998967793881893
384,442,58,0.116,0.3919833378791809
380,440,60,0.12,0.38113180953264236
392,446,54,0.108,0.40034624725580215
358,429,71,0.142,0.38450698405504224
382,441,59,0.118,0.35751662807236423
370,435,65,0.13,0.3407413137121539
402,451,49,0.098,0.3315303708612919
392,446,54,0.108,0.3270428919531405
358,429,71,0.142,0.3386019111871719
370,435,65,0.13,0.3288687667883933
366,433,67,0.134,0.36164852849181434
382,441,59,0.118,0.4139458518323445
350,425,75,0.15,0.43353833098497124
394,447,53,0.106,0.4025915452539921
392,446,54,0.108,0.4302320318520069
326,413,87,0.174,0.4996309535801411
374,437,63,0.126,0.45842476566688856
362,431,69,0.138,0.44216047778213396
376,438,62,0.124,0.4354312607049942
370,435,65,0.13,0.4126077002286911
370,435,65,0.13,0.41529270526766776
404,452,48,0.096,0.36892585065960887
350,425,75,0.15,0.38503670075535773
398,449,51,0.102,0.33980745294690134
354,427,73,0.146,0.3635390349328518
376,438,62,0.124,0.34542199036479
356,428,72,0.144,0.34980885285139085
386,443,57,0.114,0.3413371742963791
346,423,77,0.154,0.37304229408502576
424,462,38,0.076,0.3420056311264634
428,464,36,0.072,0.33544559752941133
366,433,67,0.134,0.36823588514328004
384,442,58,0.116,0.35699428582936527
370,435,65,0.13,0.35616412095353006
404,452,48,0.096,0.33682491281628607
396,448,52,0.104,0.329114606320858
390,445,55,0.11,0.32132486724853515
408,454,46,0.092,0.3142004615813494
342,421,79,0.158,0.3304016706943512
406,453,47,0.094,0.29872244179063245
396,448,52,0.104,0.3014509167330357
352,426,74,0.148,0.31100916530191897
390,445,55,0.11,0.29138339415192605
348,424,76,0.152,0.326297047957778
396,448,52,0.104,0.3226186100039049
372,436,64,0.128,0.3518502110242844
368,434,66,0.132,0.36140194088220595
388,444,56,0.112,0.3743360788449645
362,431,69,0.138,0.3837045038640499
380,440,60,0.12,0.3548047386109829
390,445,55,0.11,0.34456544160842895
386,443,57,0.114,0.2976305388212204
350,425,75,0.15,0.3178233676902019
370,435,65,0.13,0.31383444524742665
366,433,67,0.134,0.3532570716738701
370,435,65,0.13,0.338539672344923
364,432,68,0.136,0.3666744302539023
322,411,89,0.178,0.3726154007315636
360,430,70,0.14,0.4490128044553567
368,434,66,0.132,0.3973770282268524
388,444,56,0.112,0.37316691380739214
356,428,72,0.144,0.37984275847673415
384,442,58,0.116,0.43075161868333817
384,442,58,0.116,0.3849668561592698
362,431,69,0.138,0.39045359069108965
352,426,74,0.148,0.35529934778809547
390,445,55,0.11,0.3222380771785974
350,425,75,0.15,0.3347360008955002
358,429,71,0.142,0.3321993641555309
348,424,76,0.152,0.37069520610570905
362,431,69,0.138,0.44851377193629743
360,430,70,0.14,0.31124474860727785
348,424,76,0.152,0.39249496325850486
390,445,55,0.11,0.3193500303924084
334,417,83,0.166,0.35162217085808517
376,438,62,0.124,0.30210544638335707
426,463,37,0.074,0.2842557678669691
384,442,58,0.116,0.2681508854180574
362,431,69,0.138,0.2661912542432547
422,461,39,0.078,0.2485072371661663
386,443,57,0.114,0.26632641138136387
372,436,64,0.128,0.28060553830862045
374,437,63,0.126,0.28279737195372584
380,440,60,0.12,0.2838838286548853
382,441,59,0.118,0.29606260113418104
398,449,51,0.102,0.26974534246325493
366,433,67,0.134,0.28698110181093217
386,443,57,0.114,0.2701707158498466
402,451,49,0.098,0.25476577366888525
352,426,74,0.148,0.2736954254209995
390,445,55,0.11,0.2696964595466852
416,458,42,0.084,0.26472930710017684
370,435,65,0.13,0.29276839645206926
374,437,63,0.126,0.3434852855950594
354,427,73,0.146,0.37425259083509443
404,452,48,0.096,0.31054052180051805
362,431,69,0.138,0.32888798132538793
364,432,68,0.136,0.37822542267257814
422,461,39,0.078,0.3162029195129871
404,452,48,0.096,0.3346148771494627
368,434,66,0.132,0.3224278702586889
380,440,60,0.12,0.2785258379727602
388,444,56,0.112,0.29140536513505505
372,436,64,0.128,0.2865963652580977
356,428,72,0.144,0.31543779385089876
384,442,58,0.116,0.27634891371428966
356,428,72,0.144,0.3180630193352699
358,429,71,0.142,0.32289447824272793
364,432,68,0.136,0.33618676526844504
372,436,64,0.128,0.3121974496394396
370,435,65,0.13,0.3155745884478092
384,442,58,0.116,0.3147349727004766
368,434,66,0.132,0.31166932003200054
362,431,69,0.138,0.2799284028559923
364,432,68,0.136,0.3003017380237579
336,418,82,0.164,0.3081491655111313
346,423,77,0.154,0.3100048785209656
370,435,65,0.13,0.3000177685025734
396,448,52,0.104,0.2745774284750223
380,440,60,0.12,0.2792702513411642
402,451,49,0.098,0.25912118834257125
404,452,48,0.096,0.25043561416864396
372,436,64,0.128,0.24386944038502406
338,419,81,0.162,0.2644233786538243
370,435,65,0.13,0.2661852709350469
352,426,74,0.148,0.34419863438606263
326,413,87,0.174,0.40424380826950074
400,450,50,0.1,0.3515908556878567
402,451,49,0.098,0.40183243475768465
354,427,73,0.146,0.44944313725829127
336,418,82,0.164,0.43717791989445687
310,405,95,0.19,0.46087828135490416
346,423,77,0.154,0.4702507693171501
380,440,60,0.12,0.3702171918912718
356,428,72,0.144,0.37102397668361664
382,441,59,0.118,0.3439765896499157
378,439,61,0.122,0.3573881854712963
360,430,70,0.14,0.3507691525220871
360,430,70,0.14,0.33028161296248437
360,430,70,0.14,0.33684620675444604
394,447,53,0.106,0.32758889824151993
406,453,47,0.094,0.28754280391335485
344,422,78,0.156,0.3934954870109773
380,440,60,0.12,0.2971179782450199
364,432,68,0.136,0.30184913784393574
358,429,71,0.142,0.2830025677084923
366,433,67,0.134,0.3193914573043585
370,435,65,0.13,0.2839891231507063
374,437,63,0.126,0.272486076399684
382,441,59,0.118,0.28922177559137346
408,454,46,0.092,0.2541113865673542
382,441,59,0.118,0.25424020750820636
400,450,50,0.1,0.2494751870855689
358,429,71,0.142,0.24915764153003692
386,443,57,0.114,0.23909144553542136
340,420,80,0.16,0.2483181721866131
390,445,55,0.11,0.2310621830224991
382,441,59,0.118,0.22980770038813353
404,452,48,0.096,0.23143611390279328
388,444,56,0.112,0.24686233367025853
374,437,63,0.126,0.24268352997303008
358,429,71,0.142,0.2547308689057827
384,442,58,0.116,0.24988972936570644
356,428,72,0.144,0.26212983271479606
382,441,59,0.118,0.25206770573556425
402,451,49,0.098,0.2586714580953121
426,463,37,0.074,0.23284962989389896
390,445,55,0.11,0.2562271001338959
380,440,60,0.12,0.26666674979031085
348,424,76,0.152,0.26589268796145915
386,443,57,0.114,0.27731805841624735
384,442,58,0.116,0.2664773189276457
402,451,49,0.098,0.2633151693940163
416,458,42,0.084,0.24617592924833298
364,432,68,0.136,0.3125738533139229
404,452,48,0.096,0.2932442508414388
392,446,54,0.108,0.2720116945505142
384,442,58,0.116,0.2737671193778515
416,458,42,0.084,0.2585256465524435
370,435,65,0.13,0.36945676257088783
378,439,61,0.122,0.298793736487627
360,430,70,0.14,0.3484749905318022
372,436,64,0.128,0.28770473289489745
338,419,81,0.162,0.3239601545035839
388,444,56,0.112,0.29306021505594254
412,456,44,0.088,0.2877126651853323
404,452,48,0.096,0.288659349695796
380,440,60,0.12,0.3111958487033844
388,444,56,0.112,0.27991657904547174
386,443,57,0.114,0.28808622228726743
398,449,51,0.102,0.2875815059840679
378,439,61,0.122,0.29033955159783364
336,418,82,0.164,0.31470959915220736
388,444,56,0.112,0.2995015097558498
380,440,60,0.12,0.30424231469631197
396,448,52,0.104,0.2999616065621376
380,440,60,0.12,0.3003204945921898
360,430,70,0.14,0.3091379425227642
388,444,56,0.112,0.2956776724457741
380,440,60,0.12,0.2946146557033062
380,440,60,0.12,0.28379890477657316
390,445,55,0.11,0.3005229180455208
356,428,72,0.144,0.302783909060061
324,412,88,0.176,0.32683969813585284
374,437,63,0.126,0.30759616845846177
380,440,60,0.12,0.3288504360169172
408,454,46,0.092,0.30231356975283413
378,439,61,0.122,0.34128421407938003
398,449,51,0.102,0.33923307433724403
374,437,63,0.126,0.34021154886484145
354,427,73,0.146,0.3523332469575107
382,441,59,0.118,0.32496182480454444
412,456,44,0.088,0.3179758689254522
390,445,55,0.11,0.31213262981176376
360,430,70,0.14,0.32617445531487466
372,436,64,0.128,0.3338757773935795
348,424,76,0.152,0.34641759312152864
366,433,67,0.134,0.34989221584796903
392,446,54,0.108,0.34653325560688975
378,439,61,0.122,0.3739369543790817
370,435,65,0.13,0.3905866728425026
368,434,66,0.132,0.3945735406279564
424,462,38,0.076,0.37553410190343856
354,427,73,0.146,0.40241670662164686
342,421,79,0.158,0.39392964874207975
330,415,85,0.17,0.403514195561409
402,451,49,0.098,0.3554427961707115
422,461,39,0.078,0.35431789061427116
378,439,61,0.122,0.3819600027501583
358,429,71,0.142,0.3846056272983551
372,436,64,0.128,0.3860777416154742
404,452,48,0.096,0.34374775087833404
402,451,49,0.098,0.32656461572647094
368,434,66,0.132,0.3301382989436388
404,452,48,0.096,0.3071325684197945
368,434,66,0.132,0.3055516413450241
344,422,78,0.156,0.30886248528957366
408,454,46,0.092,0.28513029342889784
340,420,80,0.16,0.3127772183120251
362,431,69,0.138,0.3173654891848564
344,422,78,0.156,0.32182039391994477
370,435,65,0.13,0.31394238786341155
374,437,63,0.126,0.31658871737122535
414,457,43,0.086,0.3172481171786785
412,456,44,0.088,0.33512992666847274
342,421,79,0.158,0.3202216308614957
418,459,41,0.082,0.2858253462910652
396,448,52,0.104,0.2800520752891898
388,444,56,0.112,0.28593507024645803
402,451,49,0.098,0.2855705594718456
364,432,68,0.136,0.29177912696450947
390,445,55,0.11,0.3253073657751083
370,435,65,0.13,0.31483982083201406
384,442,58,0.116,0.3233666906952858
378,439,61,0.122,0.3044934819042683
362,431,69,0.138,0.28757237729430196
358,429,71,0.142,0.31725888373702765
356,428,72,0.144,0.3143187721371651
366,433,67,0.134,0.2889974789321423
384,442,58,0.116,0.2684446784555912
410,455,45,0.09,0.25140324607491493
396,448,52,0.104,0.25871031968295577
356,428,72,0.144,0.2677944580987096
394,447,53,0.106,0.2574660622775555
374,437,63,0.126,0.26509322207106745
404,452,48,0.096,0.24980889184679836
400,450,50,0.1,0.2560533460974693
392,446,54,0.108,0.28406895868480203
348,424,76,0.152,0.2849087755307556
374,437,63,0.126,0.2549634328484535
402,451,49,0.098,0.2580542957186699
382,441,59,0.118,0.2554581447839737
366,433,67,0.134,0.26074990862607955
400,450,50,0.1,0.23971422719955443
372,436,64,0.128,0.24054120543599128
374,437,63,0.126,0.23178876729309558
384,442,58,0.116,0.2350203116685152
374,437,63,0.126,0.24366529417037963
396,448,52,0.104,0.2397754211574793
394,447,53,0.106,0.24541504587233068
344,422,78,0.156,0.24062577413022518
392,446,54,0.108,0.24222723373770713
418,459,41,0.082,0.2425814395687703
376,438,62,0.124,0.258340694963932
388,444,56,0.112,0.26028091250360014
376,438,62,0.124,0.26976820641756055
374,437,63,0.126,0.267311418607831
394,447,53,0.106,0.2530676931887865
394,447,53,0.106,0.2570311038196087
366,433,67,0.134,0.270699730694294
346,423,77,0.154,0.24665853522717954
372,436,64,0.128,0.2297467489540577
414,457,43,0.086,0.22228333317488433
398,449,51,0.102,0.2104047459354624
338,419,81,0.162,0.21000390162541727
374,437,63,0.126,0.20185409769788384
364,432,68,0.136,0.19162662982195616
410,455,45,0.09,0.19244723470602185
406,453,47,0.094,0.17978180759283713
388,444,56,0.112,0.1869007704630494
338,419,81,0.162,0.1975859126777013
420,460,40,0.08,0.17471018509566785
354,427,73,0.146,0.20218462205256219
366,433,67,0.134,0.20741206570714713
360,430,70,0.14,0.20426780381798745
382,441,59,0.118,0.21455426514148712
374,437,63,0.126,0.2274285895600915
384,442,58,0.116,0.23123355190455913
388,444,56,0.112,0.22521008259057998
360,430,70,0.14,0.2277251678854227
374,437,63,0.126,0.21070445501827634
408,454,46,0.092,0.20683243764936923
346,423,77,0.154,0.21148939871694894
362,431,69,0.138,0.2039343533217907
348,424,76,0.152,0.22107985730469226
358,429,71,0.142,0.2077661848515272
428,464,36,0.072,0.19069866721332074
372,436,64,0.128,0.20030472592264414
402,451,49,0.098,0.19099673832766711
400,450,50,0.1,0.191289699152112
360,430,70,0.14,0.1978236009478569
384,442,58,0.116,0.2054128704816103
356,428,72,0.144,0.22405106604099276
390,445,55,0.11,0.24134996297955513
342,421,79,0.158,0.23291437458992004
364,432,68,0.136,0.23385589258372783
354,427,73,0.146,0.25945272931456564
358,429,71,0.142,0.27944220177829265
434,467,33,0.066,0.2252460799217224
396,448,52,0.104,0.22113867330551149
362,431,69,0.138,0.2176166320592165
380,440,60,0.12,0.2026073204278946
364,432,68,0.136,0.22102867564558984
378,439,61,0.122,0.18900463524460792
382,441,59,0.118,0.18238323087990285
412,456,44,0.088,0.17312246508151294
402,451,49,0.098,0.18450219912827015
374,437,63,0.126,0.17866679562628268
398,449,51,0.102,0.17592667910456658
362,431,69,0.138,0.1892689678221941
378,439,61,0.122,0.18761627559363842
388,444,56,0.112,0.20326317496597768
422,461,39,0.078,0.19523070642352106
414,457,43,0.086,0.19889966478943824
370,435,65,0.13,0.20157509589195252
376,438,62,0.124,0.20564037165045737
372,436,64,0.128,0.22457192203402518
378,439,61,0.122,0.20556128297746182
370,435,65,0.13,0.20798559648916126
382,441,59,0.118,0.18700211219489574
344,422,78,0.156,0.19436433193087577
358,429,71,0.142,0.19371433095633983
388,444,56,0.112,0.18401008385419845
394,447,53,0.106,0.21185262456536294
408,454,46,0.092,0.21846990057826043
376,438,62,0.124,0.31478597770215133
410,455,45,0.09,0.2135655129700899
398,449,51,0.102,0.2599238523989916
386,443,57,0.114,0.2669121416062117
360,430,70,0.14,0.3004647077769041
370,435,65,0.13,0.26098751164972783
336,418,82,0.164,0.27933622494339944
392,446,54,0.108,0.25065625780820844
382,441,59,0.118,0.22933691366016865
318,409,91,0.182,0.2722858310043812
380,440,60,0.12,0.2672052501440048
348,424,76,0.152,0.29242320036888125
366,433,67,0.134,0.2662445424348116
382,441,59,0.118,0.31761872774362565
414,457,43,0.086,0.2604217756539583
400,450,50,0.1,0.3010149087011814
400,450,50,0.1,0.2659145020693541
358,429,71,0.142,0.25614579394459724
402,451,49,0.098,0.23486344662308692
394,447,53,0.106,0.2310542302131653
362,431,69,0.138,0.24927849012613296
400,450,50,0.1,0.22236902666091918
412,456,44,0.088,0.22308130729943515
412,456,44,0.088,0.22662815940380096
388,444,56,0.112,0.2574711330831051
406,453,47,0.094,0.2363794669955969
348,424,76,0.152,0.2675725327652111
410,455,45,0.09,0.24975464156270027
428,464,36,0.072,0.24459195636212827
388,444,56,0.112,0.2891880323886871
358,429,71,0.142,0.3418699278831482
392,446,54,0.108,0.30306685757637025
400,450,50,0.1,0.26075603464245795
374,437,63,0.126,0.30943236020207404
410,455,45,0.09,0.26451847893558444
372,436,64,0.128,0.2863975428044796
348,424,76,0.152,0.2767664588242769
410,455,45,0.09,0.2809656412601471
380,440,60,0.12,0.27851848194003104
362,431,69,0.138,0.2882128256857395
384,442,58,0.116,0.29035886062681676
366,433,67,0.134,0.28356043431162836
360,430,70,0.14,0.2647813611626625
392,446,54,0.108,0.2511330645233393
384,442,58,0.116,0.2537063604593277
370,435,65,0.13,0.2672231042683125
364,432,68,0.136,0.2969780701994896
410,455,45,0.09,0.2617013888508081
378,439,61,0.122,0.29211205944418905
372,436,64,0.128,0.32771216666698455
394,447,53,0.106,0.2931052792966366
362,431,69,0.138,0.3064507289015455
356,428,72,0.144,0.33754371291399005
370,435,65,0.13,0.33694141867756844
352,426,74,0.148,0.3472966406047344
400,450,50,0.1,0.33651478853821754
380,440,60,0.12,0.3505332361459732
364,432,68,0.136,0.3635298493504524
416,458,42,0.084,0.3359500821828842
346,423,77,0.154,0.370587561160326
372,436,64,0.128,0.39181140115857127
344,422,78,0.156,0.3890441775918007
336,418,82,0.164,0.41539634978773093
348,424,76,0.152,0.41918801818601786
408,454,46,0.092,0.42615814962983134
412,456,44,0.088,0.44118219071626663
390,445,55,0.11,0.4644062947630882
382,441,59,0.118,0.48074929642677305
410,455,45,0.09,0.47548157793283463
374,437,63,0.126,0.5144052383899689
410,455,45,0.09,0.4932592951655388
392,446,54,0.108,0.502882680863142
378,439,61,0.122,0.5122026954293251
376,438,62,0.124,0.5177005602419377
364,432,68,0.136,0.5493773275613785
348,424,76,0.152,0.5670091264247894
374,437,63,0.126,0.6139872218966484
356,428,72,0.144,0.6381379806995392
324,412,88,0.176,0.6729029995799065
360,430,70,0.14,0.6898999631224433
362,431,69,0.138,0.7379548534743954
362,431,69,0.138,0.7442975977659225
330,415,85,0.17,0.7700820480585098
318,409,91,0.182,0.7562096053361893
408,454,46,0.092,0.7217376735797152
314,407,93,0.186,0.7503493386507034
380,440,60,0.12,0.7351530489921569
390,445,55,0.11,0.7310667579174042
364,432,68,0.136,0.7403116898089648
334,417,83,0.166,0.7610680253505707
394,447,53,0.106,0.7208919568657876
362,431,69,0.138,0.7440522619485855
376,438,62,0.124,0.7455026508569718
362,431,69,0.138,0.7422744880914688
350,425,75,0.15,0.7480867156982421
338,419,81,0.162,0.7669394718110562
380,440,60,0.12,0.7503197538033127
370,435,65,0.13,0.7522816382050515
396,448,52,0.104,0.7127964836343599
380,440,60,0.12,0.7251625863313675
374,437,63,0.126,0.6858137701749801
362,431,69,0.138,0.6734133911132812
400,450,50,0.1,0.6543116497397423
404,452,48,0.096,0.6327516511678696
382,441,59,0.118,0.6248405144810677
354,427,73,0.146,0.6389413898661732
356,428,72,0.144,0.6288534210664802
396,448,52,0.104,0.6244481330513955
362,431,69,0.138,0.6503679582476616
358,429,71,0.142,0.6599483999609947
372,436,64,0.128,0.6547150508761406
348,424,76,0.152,0.6790682321190834
396,448,52,0.104,0.6657698216438294
402,451,49,0.098,0.6436188670992852
358,429,71,0.142,0.6516184573229402
374,437,63,0.126,0.6412035486102104
372,436,64,0.128,0.6164117609262466
384,442,58,0.116,0.6063026498556137
372,436,64,0.128,0.6068753508925437
388,444,56,0.112,0.5944104974269867
396,448,52,0.104,0.6085059828162194
376,438,62,0.124,0.6199306082725525
402,451,49,0.098,0.6106634020209313
352,426,74,0.148,0.6298323862552643
368,434,66,0.132,0.6238030044436454
372,436,64,0.128,0.6120892220139503
400,450,50,0.1,0.6049442442655564
396,448,52,0.104,0.6111464114189148
400,450,50,0.1,0.609191095650196
404,452,48,0.096,0.6081877573132515
428,464,36,0.072,0.6003028085231781
386,443,57,0.114,0.6077921489477157
390,445,55,0.11,0.5928709817528725
358,429,71,0.142,0.5899241206049919
390,445,55,0.11,0.5715743717551232
382,441,59,0.118,0.5714094788432121
414,457,43,0.086,0.5725389892458915
348,424,76,0.152,0.6113493915200233
358,429,71,0.142,0.6063834642171859
360,430,70,0.14,0.6308808411359788
346,423,77,0.154,0.6413190027475357
410,455,45,0.09,0.6255683788061142
380,440,60,0.12,0.6395373318195343
394,447,53,0.106,0.637042384505272
392,446,54,0.108,0.6220466775298119
388,444,56,0.112,0.6264941726326942
392,446,54,0.108,0.6051189172267913
370,435,65,0.13,0.5727495861649513
372,436,64,0.128,0.5512274369597435
376,438,62,0.124,0.538087386727333
426,463,37,0.074,0.514750835120678
366,433,67,0.134,0.5305919309258461
412,456,44,0.088,0.49370766478776934
356,428,72,0.144,0.5526319908499717
360,430,70,0.14,0.5468380993008614
368,434,66,0.132,0.6088151535391808
362,431,69,0.138,0.6031671488285064
366,433,67,0.134,0.6950530267953873
388,444,56,0.112,0.5891600762009621
290,395,105,0.21,0.6051355207562447
354,427,73,0.146,0.6447035703063011
346,423,77,0.154,0.7248936830163002
374,437,63,0.126,0.6113833076059818
390,445,55,0.11,0.5276649481654168
324,412,88,0.176,0.6216975557804107
346,423,77,0.154,0.612858677983284
360,430,70,0.14,0.5151626896262169
366,433,67,0.134,0.5527246924638748
356,428,72,0.144,0.5801711863279343
328,414,86,0.172,0.6381838309764862
360,430,70,0.14,0.6174308715965598
368,434,66,0.132,0.566140618622303
368,434,66,0.132,0.6405603525042534
376,438,62,0.124,0.6064212769269943
322,411,89,0.178,0.6824312726557255
328,414,86,0.172,0.6415914330482483
362,431,69,0.138,0.6356071611642837
372,436,64,0.128,0.6285569003224373
338,419,81,0.162,0.7144812510013581
354,427,73,0.146,0.7004316816329956
360,430,70,0.14,0.6235624721646309
358,429,71,0.142,0.688199173271656
396,448,52,0.104,0.6494521893262863
362,431,69,0.138,0.6661668670582594
384,442,58,0.116,0.6220079035162925
360,430,70,0.14,0.6086204706430435
368,434,66,0.132,0.571128100335598
378,439,61,0.122,0.5365162863135338
346,423,77,0.154,0.5640257489085198
394,447,53,0.106,0.5407977003944107
334,417,83,0.166,0.5533895580768585
414,457,43,0.086,0.5065449470281601
366,433,67,0.134,0.5256136540770531
364,432,68,0.136,0.5334812426567077
402,451,49,0.098,0.521806931257248
386,443,57,0.114,0.5169114238619804
382,441,59,0.118,0.5294063757956028
396,448,52,0.104,0.5149736821651458
356,428,72,0.144,0.5285207788348198
356,428,72,0.144,0.5593216904103756
374,437,63,0.126,0.5050378316044808
370,435,65,0.13,0.5131949113607407
376,438,62,0.124,0.5137671804428101
388,444,56,0.112,0.508972825229168
370,435,65,0.13,0.5112535028457642
422,461,39,0.078,0.5088247358798981
346,423,77,0.154,0.5366289194226265
350,425,75,0.15,0.5431887711882591
338,419,81,0.162,0.5376956660151482
390,445,55,0.11,0.5208137751221656
386,443,57,0.114,0.5346466225981712
360,430,70,0.14,0.5379306911826134
376,438,62,0.124,0.5223084535002709
382,441,59,0.118,0.5150789730548858
402,451,49,0.098,0.4832274379725568
360,430,70,0.14,0.5118265054225921
388,444,56,0.112,0.49449664026498796
376,438,62,0.124,0.4813707393333316
356,428,72,0.144,0.4912990441322327
372,436,64,0.128,0.479400136500597
366,433,67,0.134,0.48184412094950674
364,432,68,0.136,0.5366053805276751
382,441,59,0.118,0.5281597475409507
404,452,48,0.096,0.5453515021800995
392,446,54,0.108,0.5354031233787536
404,452,48,0.096,0.5549421197772026
358,429,71,0.142,0.5415859963297844
350,425,75,0.15,0.545255574643612
364,432,68,0.136,0.5280246027708053
364,432,68,0.136,0.5240566522479058
392,446,54,0.108,0.46659092703461647
394,447,53,0.106,0.4592570738196373
384,442,58,0.116,0.4566577570736408
418,459,41,0.082,0.41024509903788564
392,446,54,0.108,0.38036450269818306
340,420,80,0.16,0.4135604632794857
362,431,69,0.138,0.398369239538908
402,451,49,0.098,0.3743748249411583
370,435,65,0.13,0.3925718239098787
390,445,55,0.11,0.3892678157389164
428,464,36,0.072,0.36713139194250105
366,433,67,0.134,0.3847268807291985
406,453,47,0.094,0.3480854464173317
400,450,50,0.1,0.3560960477888584
372,436,64,0.128,0.3404610119313002
394,447,53,0.106,0.331005389213562
360,430,70,0.14,0.3301418222784996
424,462,38,0.076,0.3098536495268345
360,430,70,0.14,0.33989259105920794
376,438,62,0.124,0.33263218274712564
406,453,47,0.094,0.33057576867938043
418,459,41,0.082,0.32122251692414283
370,435,65,0.13,0.3394050415456295
356,428,72,0.144,0.3331814232170582
382,441,59,0.118,0.31058995351195334
388,444,56,0.112,0.31425848968327047
366,433,67,0.134,0.32051352819800377
406,453,47,0.094,0.3080676987171173
354,427,73,0.146,0.32673353505134584
346,423,77,0.154,0.34135230946540834
396,448,52,0.104,0.33235429975390435
404,452,48,0.096,0.3546419315934181
378,439,61,0.122,0.37917803455283866
368,434,66,0.132,0.37530960032343863
362,431,69,0.138,0.36164560458064077
398,449,51,0.102,0.34890807142853736
414,457,43,0.086,0.33429105788469315
396,448,52,0.104,0.32481632724404336
386,443,57,0.114,0.3253296868503094
370,435,65,0.13,0.31699885386228566
356,428,72,0.144,0.3169390774779022
398,449,51,0.102,0.2870039256811142
416,458,42,0.084,0.2824246492534876
368,434,66,0.132,0.3175795450806618
354,427,73,0.146,0.3266850572824478
400,450,50,0.1,0.31002865693098286
372,436,64,0.128,0.3194510882794857
364,432,68,0.136,0.32403455224633215
382,441,59,0.118,0.3149160541296005
374,437,63,0.126,0.30713010293245313
362,431,69,0.138,0.30468206757307054
318,409,91,0.182,0.3267801035195589
394,447,53,0.106,0.30223637440800666
392,446,54,0.108,0.3078277057558298
374,437,63,0.126,0.3111876999139786
374,437,63,0.126,0.29153257954120637
372,436,64,0.128,0.2957676356583834
368,434,66,0.132,0.2943238764703274
390,445,55,0.11,0.29219396379590035
362,431,69,0.138,0.28872040686011313
420,460,40,0.08,0.27024745547026396
362,431,69,0.138,0.2828270058482885
416,458,42,0.084,0.24372566783428193
402,451,49,0.098,0.25379824911803006
412,456,44,0.088,0.2311441246420145
404,452,48,0.096,0.22873272453667595
318,409,91,0.182,0.26268052140809595
354,427,73,0.146,0.2742043175622821
394,447,53,0.106,0.27678667709231375
362,431,69,0.138,0.28907937282323837
358,429,71,0.142,0.2979915752708912
326,413,87,0.174,0.32224685642123224
400,450,50,0.1,0.3190333067923784
350,425,75,0.15,0.33548458740115167
376,438,62,0.124,0.35904062357544897
382,441,59,0.118,0.31010962384939195
382,441,59,0.118,0.28931941610574724
346,423,77,0.154,0.3101893855035305
410,455,45,0.09,0.26355923134088516
376,438,62,0.124,0.2689719042396173
408,454,46,0.092,0.24894002640247345
404,452,48,0.096,0.24374400860071183
390,445,55,0.11,0.2446624331474304
372,436,64,0.128,0.2474048028290272
416,458,42,0.084,0.22967075809836388
386,443,57,0.114,0.2374737980365753
388,444,56,0.112,0.2382651140242815
388,444,56,0.112,0.24612722417712213
398,449,51,0.102,0.24483066512644291
376,438,62,0.124,0.25942967699468134
382,441,59,0.118,0.27044262611866
368,434,66,0.132,0.28013235759735106
384,442,58,0.116,0.2845443567186594
392,446,54,0.108,0.2848783965787661
394,447,53,0.106,0.2841862026154995
404,452,48,0.096,0.26912977911531927
360,430,70,0.14,0.271104990452528
392,446,54,0.108,0.24954808558523656
372,436,64,0.128,0.23617195215821266
374,437,63,0.126,0.23917261651158334
412,456,44,0.088,0.22903484170138838
396,448,52,0.104,0.22516209401190282
380,440,60,0.12,0.2574763826429844
380,440,60,0.12,0.2481152206212282
372,436,64,0.128,0.35365203660726546
328,414,86,0.172,0.39330671644210813
352,426,74,0.148,0.2786321622282267
400,450,50,0.1,0.31400109684467314
356,428,72,0.144,0.3410497372597456
398,449,51,0.102,0.28326885277032854
370,435,65,0.13,0.26045033380389215
366,433,67,0.134,0.3054272489845753
370,435,65,0.13,0.2707746372520924
380,440,60,0.12,0.24342133310437203
350,425,75,0.15,0.2621665897667408
364,432,68,0.136,0.26054874604940415
396,448,52,0.104,0.23229223223030568
426,463,37,0.074,0.1956825080215931
432,466,34,0.068,0.20271659116446972
362,431,69,0.138,0.2281526995152235
374,437,63,0.126,0.21181257735937833
398,449,51,0.102,0.19764744178950786
358,429,71,0.142,0.26309120969474314
394,447,53,0.106,0.23572571493685246
342,421,79,0.158,0.24264693774282933
366,433,67,0.134,0.22717055256664753
400,450,50,0.1,0.21061551042023385
378,439,61,0.122,0.22672232422232627
354,427,73,0.146,0.245665795981884
424,462,38,0.076,0.21060656851530074
346,423,77,0.154,0.23237299206852913
418,459,41,0.082,0.2050996445566416
398,449,51,0.102,0.19888587285578252
366,433,67,0.134,0.20199440985918046
424,462,38,0.076,0.19002418330311774
368,434,66,0.132,0.18227572171390058
384,442,58,0.116,0.1818261882662773
380,440,60,0.12,0.18947492603957652
404,452,48,0.096,0.2134533022493124
382,441,59,0.118,0.21409098652283137
336,418,82,0.164,0.2147454342097044
378,439,61,0.122,0.23364892487227917
308,404,96,0.192,0.24566344541311264
376,438,62,0.124,0.2315085084438324
374,437,63,0.126,0.2322404660359025
376,438,62,0.124,0.23632895156741143
388,444,56,0.112,0.23700764743983746
382,441,59,0.118,0.24249854403734208
404,452,48,0.096,0.2273074519187212
356,428,72,0.144,0.2337915172725916
384,442,58,0.116,0.22276666747033597
396,448,52,0.104,0.21135214981907396
398,449,51,0.102,0.20563859935104847
410,455,45,0.09,0.2074091806411743
384,442,58,0.116,0.2083607656287495
400,450,50,0.1,0.19151726345717907
398,449,51,0.102,0.19857700070738793
404,452,48,0.096,0.19628700111067338
408,454,46,0.092,0.1942379373833537
388,444,56,0.112,0.19582090070843697
404,452,48,0.096,0.19533815276622774
398,449,51,0.102,0.18793225044012069
386,443,57,0.114,0.199530484162271
420,460,40,0.08,0.20172334131598477
398,449,51,0.102,0.2050830973535776
356,428,72,0.144,0.27616105462610724
376,438,62,0.124,0.23502363593876363
358,429,71,0.142,0.2412589371651411
350,425,75,0.15,0.26177051459252837
352,426,74,0.148,0.2923909064978361
362,431,69,0.138,0.31743946672976014
356,428,72,0.144,0.28060800838470457
402,451,49,0.098,0.2438347795456648
418,459,41,0.082,0.2512647573649883
340,420,80,0.16,0.2771183509528637
370,435,65,0.13,0.2133753875643015
352,426,74,0.148,0.23154956109821798
372,436,64,0.128,0.18585733342170715
410,455,45,0.09,0.1905185860463057
396,448,52,0.104,0.18665104262530804
364,432,68,0.136,0.19444870321452618
350,425,75,0.15,0.18923728409409524
394,447,53,0.106,0.18650460855662823
368,434,66,0.132,0.19771118934452533
326,413,87,0.174,0.20578246198035777
346,423,77,0.154,0.20062110351026058
388,444,56,0.112,0.21244896113872527
340,420,80,0.16,0.2570781184732914
356,428,72,0.144,0.2685566612333059
364,432,68,0.136,0.23550387878576293
418,459,41,0.082,0.22153453280031685
314,407,93,0.186,0.2523197237104177
386,443,57,0.114,0.22471051478385926
360,430,70,0.14,0.23463302330672742
350,425,75,0.15,0.24141392327845096
404,452,48,0.096,0.19028172981739044
406,453,47,0.094,0.1990722435116768
408,454,46,0.092,0.19019810290506575
388,444,56,0.112,0.205584024310112
392,446,54,0.108,0.1659244172424078
364,432,68,0.136,0.17171422750502827
320,410,90,0.18,0.22769963870942592
376,438,62,0.124,0.2152510760836303
394,447,53,0.106,0.2301007036390947
422,461,39,0.078,0.1710974011325743
384,442,58,0.116,0.19503219538927077
398,449,51,0.102,0.19810617586411536
378,439,61,0.122,0.20133373674750327
382,441,59,0.118,0.17525487267877907
388,444,56,0.112,0.18373593804240226
370,435,65,0.13,0.1994947186857462
344,422,78,0.156,0.22035155953466892
354,427,73,0.146,0.2051056296378374
402,451,49,0.098,0.2205604085326195
392,446,54,0.108,0.20898857951164246
384,442,58,0.116,0.21431277066469193
338,419,81,0.162,0.23596449120808394
366,433,67,0.134,0.21357623705267906
382,441,59,0.118,0.16959205967187882
394,447,53,0.106,0.1699781022197567
390,445,55,0.11,0.1881630327999592
388,444,56,0.112,0.1666622808277607
324,412,88,0.176,0.18786904549598693
394,447,53,0.106,0.1755470582842827
380,440,60,0.12,0.17353475022315978
378,439,61,0.122,0.18377876676619054
340,420,80,0.16,0.21216060517728327
396,448,52,0.104,0.17263688135147098
374,437,63,0.126,0.17582224722579123
366,433,67,0.134,0.18456675273180007
352,426,74,0.148,0.18591438123583795
408,454,46,0.092,0.20081338989734648
330,415,85,0.17,0.2073766424357891
406,453,47,0.094,0.18521663123369217
356,428,72,0.144,0.205590880677104
354,427,73,0.146,0.20809795071184636
420,460,40,0.08,0.19169521904736758
368,434,66,0.132,0.20635949505865575
418,459,41,0.082,0.18952404125034808
390,445,55,0.11,0.1794695969223976
382,441,59,0.118,0.17187954135239125
368,434,66,0.132,0.1805978217910452
368,434,66,0.132,0.17988867178559304
394,447,53,0.106,0.1945001816302538
406,453,47,0.094,0.1864179333895445
352,426,74,0.148,0.19695717220008374
400,450,50,0.1,0.18639978715777397
362,431,69,0.138,0.1962771890386939
372,436,64,0.128,0.20538487370312214
390,445,55,0.11,0.18540414206683636
424,462,38,0.076,0.1703761134147644
402,451,49,0.098,0.17216688960790635
380,440,60,0.12,0.16129810364544392
402,451,49,0.098,0.16300430633127688
388,444,56,0.112,0.15747586926072835
384,442,58,0.116,0.14997235660254954
404,452,48,0.096,0.1455814537703991
420,460,40,0.08,0.14735021405667068
394,447,53,0.106,0.13951393254101277
380,440,60,0.12,0.15810232977569103
368,434,66,0.132,0.1627375446818769
406,453,47,0.094,0.14543147653341293
388,444,56,0.112,0.1625835839509964
424,462,38,0.076,0.13963953252136707
412,456,44,0.088,0.15132851814478634
398,449,51,0.102,0.14563607981801033
402,451,49,0.098,0.1448829750418663
314,407,93,0.186,0.16564624548703433
380,440,60,0.12,0.1528408953920007
360,430,70,0.14,0.17520728711783887
390,445,55,0.11,0.16890486293286086
356,428,72,0.144,0.19946006183326245
358,429,71,0.142,0.20061125229299068
414,457,43,0.086,0.1834395357966423
336,418,82,0.164,0.21707980531454085
408,454,46,0.092,0.19330228517949583
402,451,49,0.098,0.18717301332950592
378,439,61,0.122,0.20626219876110555
306,403,97,0.194,0.22933031105995177
398,449,51,0.102,0.1896735648661852
394,447,53,0.106,0.18316786238588975
334,417,83,0.166,0.21038962365686895
376,438,62,0.124,0.19875126679241656
428,464,36,0.072,0.17073054556548595
386,443,57,0.114,0.17255775388330222
364,432,68,0.136,0.18257651621103288
358,429,71,0.142,0.1846819907873869
406,453,47,0.094,0.1717875602245331
414,457,43,0.086,0.16659279199689628
390,445,55,0.11,0.1624274731427431
404,452,48,0.096,0.1683790894150734
442,471,29,0.058,0.1522767936065793
378,439,61,0.122,0.16092163508757948
384,442,58,0.116,0.16688590920716523
414,457,43,0.086,0.15186240881681443
412,456,44,0.088,0.16989102379977702
384,442,58,0.116,0.17638742926716805
362,431,69,0.138,0.182451042547822
382,441,59,0.118,0.17999571181833743
418,459,41,0.082,0.17634765455126764
338,419,81,0.162,0.19967210154235362
346,423,77,0.154,0.2112368473559618
404,452,48,0.096,0.17534692542254926
396,448,52,0.104,0.17764268717169762
388,444,56,0.112,0.1788827043538913
344,422,78,0.156,0.19069411724060775
356,428,72,0.144,0.18715228544175624
398,449,51,0.102,0.1710379001311958
392,446,54,0.108,0.17379411651566626
432,466,34,0.068,0.15348342978209256
392,446,54,0.108,0.16109336164966226
340,420,80,0.16,0.16895588509738446
382,441,59,0.118,0.1558688577786088
406,453,47,0.094,0.16259422378242017
384,442,58,0.116,0.16869845789670945
404,452,48,0.096,0.17955754107236863
344,422,78,0.156,0.1945888073479291
316,408,92,0.184,0.20081189896166324
392,446,54,0.108,0.18720760737359524
430,465,35,0.07,0.1839312652349472
378,439,61,0.122,0.19682882258296014
368,434,66,0.132,0.20489419397711753
422,461,39,0.078,0.17544855912029744
390,445,55,0.11,0.17194117637560702
364,432,68,0.136,0.16662155766785147
346,423,77,0.154,0.16660867703599797
394,447,53,0.106,0.16696988175809382
380,440,60,0.12,0.180666533310643
406,453,47,0.094,0.17334121504426003
390,445,55,0.11,0.18767734183883295
382,441,59,0.118,0.20297514717280865
374,437,63,0.126,0.20578461362421513
386,443,57,0.114,0.19839032962918282
378,439,61,0.122,0.19879906234145164
410,455,45,0.09,0.19126757751405238
326,413,87,0.174,0.21840025104582309
354,427,73,0.146,0.20728525801002978
372,436,64,0.128,0.1965860411822796
402,451,49,0.098,0.17911722160875798
372,436,64,0.128,0.18792291237413883
372,436,64,0.128,0.182480926156044
384,442,58,0.116,0.17738128912448883
338,419,81,0.162,0.19868681380152703
392,446,54,0.108,0.18798667224496604
350,425,75,0.15,0.19937393021583558
356,428,72,0.144,0.22163142608944328
386,443,57,0.114,0.21895011062920094
366,433,67,0.134,0.22851417011581363
422,461,39,0.078,0.2106091567724943
396,448,52,0.104,0.22167810474336147
406,453,47,0.094,0.20353400120139123
414,457,43,0.086,0.1923459721803665
396,448,52,0.104,0.1963786109983921
378,439,61,0.122,0.2011612177938223
342,421,79,0.158,0.19391476556658746
412,456,44,0.088,0.17765642261505127
398,449,51,0.102,0.18837937931716442
358,429,71,0.142,0.19286615446396171
396,448,52,0.104,0.198199184268713
414,457,43,0.086,0.18668163593113424
372,436,64,0.128,0.20829880986222998
390,445,55,0.11,0.19575371780991555
386,443,57,0.114,0.2084569049999118
364,432,68,0.136,0.223185743868351
352,426,74,0.148,0.21704933854024422
364,432,68,0.136,0.2424020687788725
366,433,67,0.134,0.25684662839770317
346,423,77,0.154,0.30534134259819984
384,442,58,0.116,0.270637844979763
396,448,52,0.104,0.2721497326791286
358,429,71,0.142,0.27748497200012207
362,431,69,0.138,0.2579616483449936
380,440,60,0.12,0.24475730488821865
328,414,86,0.172,0.27840354457497596
338,419,81,0.162,0.2789354594349861
420,460,40,0.08,0.25283299316465857
326,413,87,0.174,0.27302662906050684
426,463,37,0.074,0.27681304481625557
368,434,66,0.132,0.28913991916179654
370,435,65,0.13,0.2848542774319649
394,447,53,0.106,0.2741735777258873
414,457,43,0.086,0.2640114173591137
362,431,69,0.138,0.27881124689464926
380,440,60,0.12,0.26699890914512797
350,425,75,0.15,0.2841158576607704
390,445,55,0.11,0.2623586844950914
396,448,52,0.104,0.25405906689167024
358,429,71,0.142,0.26759022381156683
416,458,42,0.084,0.24573459808854387
382,441,59,0.118,0.25726187920570376
382,441,59,0.118,0.276995381757617
362,431,69,0.138,0.2973342124223709
334,417,83,0.166,0.3039745754301548
382,441,59,0.118,0.32320432305336
370,435,65,0.13,0.3148310737907887
348,424,76,0.152,0.3262080901265144
380,440,60,0.12,0.31697090366713415
420,460,40,0.08,0.29712619066238405
336,418,82,0.164,0.31960001941025257
356,428,72,0.144,0.30792039477825167
360,430,70,0.14,0.2961196041703224
384,442,58,0.116,0.2709007567465305
388,444,56,0.112,0.27183424742519857
370,435,65,0.13,0.278465273141861
300,400,100,0.2,0.3014537617266178
358,429,71,0.142,0.30843884252151427
378,439,61,0.122,0.30954638768732545
322,411,89,0.178,0.3415099024772644
344,422,78,0.156,0.3342536301612854
374,437,63,0.126,0.3502973394691944
374,437,63,0.126,0.3294017363190651
372,436,64,0.128,0.32250962252914905
374,437,63,0.126,0.3258796117603779
382,441,59,0.118,0.30295219254493716
386,443,57,0.114,0.30304284086823463
368,434,66,0.132,0.3056988938450813
358,429,71,0.142,0.30778679388815
364,432,68,0.136,0.34506718361377714
426,463,37,0.074,0.3308687653914094
342,421,79,0.158,0.40304061949253767
354,427,73,0.146,0.36015980306267736
368,434,66,0.132,0.3353826952278614
390,445,55,0.11,0.3521818930869922
378,439,61,0.122,0.38200380611419676
360,430,70,0.14,0.3769873835649341
358,429,71,0.142,0.36869662672281267
390,445,55,0.11,0.3281201593875885
360,430,70,0.14,0.36889855792513115
398,449,51,0.102,0.3423145118355751
388,444,56,0.112,0.36246153923869134
364,432,68,0.136,0.4070494606494904
424,462,38,0.076,0.35423586836457255
418,459,41,0.082,0.3805741158723831
410,455,45,0.09,0.3586611401438713
324,412,88,0.176,0.4016340083479881
380,440,60,0.12,0.3934824755191803
382,441,59,0.118,0.36035342967510225
418,459,41,0.082,0.32451934161782264
406,453,47,0.094,0.33063894894719126
384,442,58,0.116,0.3413661839067936
334,417,83,0.166,0.36739316311478615
382,441,59,0.118,0.35642084446813976
366,433,67,0.134,0.37442452558875083
402,451,49,0.098,0.35803728675842283
386,443,57,0.114,0.37617491468787195
404,452,48,0.096,0.37241549033689353
432,466,34,0.068,0.36377711164951326
394,447,53,0.106,0.3917150580883026
374,437,63,0.126,0.3698016306757927
404,452,48,0.096,0.352887659907341
414,457,43,0.086,0.34601619416475293
374,437,63,0.126,0.35969328469838274
376,438,62,0.124,0.38760543754696847
374,437,63,0.126,0.37562574915785807
342,421,79,0.158,0.39372407864406705
386,443,57,0.114,0.3769070629477501
390,445,55,0.11,0.3984656042456627
410,455,45,0.09,0.3801814165711403
322,411,89,0.178,0.4110462071746588
354,427,73,0.146,0.4517079837024212
406,453,47,0.094,0.5363076674351469
368,434,66,0.132,0.6093687068670988
350,425,75,0.15,0.703681321144104
360,430,70,0.14,0.7605239486694336
384,442,58,0.116,0.8365109461545944
348,424,76,0.152,0.8527589114606381
366,433,67,0.134,0.8475477571487426
394,447,53,0.106,0.7934482424259186
364,432,68,0.136,0.8346611218452453
402,451,49,0.098,0.7652096210718154
398,449,51,0.102,0.7733733333349228
328,414,86,0.172,0.7724090293645859
386,443,57,0.114,0.7482723546028137
374,437,63,0.126,0.7531425359249115
396,448,52,0.104,0.7065513014793396
356,428,72,0.144,0.7337804189920425
368,434,66,0.132,0.7278774193525315
388,444,56,0.112,0.6485710791051388
396,448,52,0.104,0.6674142149090767
336,418,82,0.164,0.742260602116585
304,402,98,0.196,0.6930189440714021
314,407,93,0.186,0.8239580316543579
358,429,71,0.142,0.7025766259431839
388,444,56,0.112,0.7161507915258407
378,439,61,0.122,0.7525328246951103
396,448,52,0.104,0.687917768239975
340,420,80,0.16,0.8028656112160534
378,439,61,0.122,0.6814655131101608
328,414,86,0.172,0.6972509152889251
362,431,69,0.138,0.616478424743857
376,438,62,0.124,0.6236030644178391
374,437,63,0.126,0.6272108044214547
360,430,70,0.14,0.6414908560793847
326,413,87,0.174,0.6417890192866326
352,426,74,0.148,0.6218040243387223
402,451,49,0.098,0.5786681167930364
364,432,68,0.136,0.5664202973209321
384,442,58,0.116,0.5571769312024116
348,424,76,0.152,0.5747032003600157
356,428,72,0.144,0.5451634624442085
380,440,60,0.12,0.5137844626838342
358,429,71,0.142,0.5547841071859002
356,428,72,0.144,0.5267201930880546
358,429,71,0.142,0.5257007205486297
328,414,86,0.172,0.5541971082687378
404,452,48,0.096,0.5488737278216167
382,441,59,0.118,0.5539871505498886
368,434,66,0.132,0.5603239688277245
360,430,70,0.14,0.5492603820562363
368,434,66,0.132,0.6059936447143555
400,450,50,0.1,0.5625054666399956
392,446,54,0.108,0.5488561010640115
350,425,75,0.15,0.5426842691302299
324,412,88,0.176,0.533320993048139
380,440,60,0.12,0.4840781900882721
368,434,66,0.132,0.48528383880853654
388,444,56,0.112,0.5254840633869171
398,449,51,0.102,0.4522435157984728
336,418,82,0.164,0.49726705068349836
336,418,82,0.164,0.5285137526392937
394,447,53,0.106,0.5168648524285046
424,462,38,0.076,0.45025625091791155
362,431,69,0.138,0.45227110970020296
412,456,44,0.088,0.4201099353432655
382,441,59,0.118,0.49525069862604143
352,426,74,0.148,0.43786986849829557
392,446,54,0.108,0.3999349966645241
356,428,72,0.144,0.4314176191296428
358,429,71,0.142,0.43234547501802445
366,433,67,0.134,0.41298472994565966
416,458,42,0.084,0.38618008404970167
370,435,65,0.13,0.4387415068745613
384,442,58,0.116,0.4288366479019322
358,429,71,0.142,0.4287732820957899
392,446,54,0.108,0.4220538609623909
414,457,43,0.086,0.42228877502679824
418,459,41,0.082,0.41593173226015645
410,455,45,0.09,0.3991542171239853
396,448,52,0.104,0.39304856391251086
356,428,72,0.144,0.4044498807787895
342,421,79,0.158,0.42655892959237096
362,431,69,0.138,0.4051086477339268
370,435,65,0.13,0.41601397454738615
382,441,59,0.118,0.40647675359249114
408,454,46,0.092,0.4151763795763254
382,441,59,0.118,0.42355134564638136
392,446,54,0.108,0.4398517414703965
376,438,62,0.124,0.4469379715896274
346,423,77,0.154,0.48072800994291903
350,425,75,0.15,0.4910502917766571
412,456,44,0.088,0.5068988361624069
390,445,55,0.11,0.4852600972056389
422,461,39,0.078,0.4914633046985073
348,424,76,0.152,0.5206192516323135
384,442,58,0.116,0.5035671227872371
376,438,62,0.124,0.5111932309865952
338,419,81,0.162,0.49848349642753603
368,434,66,0.132,0.4959511603116989
414,457,43,0.086,0.4889110658764839
384,442,58,0.116,0.4934791642599122
374,437,63,0.126,0.4912322410941124
398,449,51,0.102,0.5032604483962059
376,438,62,0.124,0.49313968843652056
382,441,59,0.118,0.4967825044989586
342,421,79,0.158,0.5050086146593094
418,459,41,0.082,0.48485341895930467
384,442,58,0.116,0.47245934280287477
350,425,75,0.15,0.49374435729494737
420,460,40,0.08,0.47288835817575453
370,435,65,0.13,0.49440421885252
406,453,47,0.094,0.49621379292526957
382,441,59,0.118,0.4957047995328903
386,443,57,0.114,0.5080551815629005
346,423,77,0.154,0.5339560290277005
392,446,54,0.108,0.5298380572795868
412,456,44,0.088,0.512329472541809
382,441,59,0.118,0.5355444125533104
324,412,88,0.176,0.5442807721495628
410,455,45,0.09,0.5005504615046084
340,420,80,0.16,0.5354899693131446
414,457,43,0.086,0.4819481723411009
360,430,70,0.14,0.5204513164758682
394,447,53,0.106,0.4704916764907539
396,448,52,0.104,0.4539652065783739
366,433,67,0.134,0.44831502650678157
400,450,50,0.1,0.43381541389226913
384,442,58,0.116,0.4345585952820256
392,446,54,0.108,0.43922524559497833
330,415,85,0.17,0.4569219658970833
372,436,64,0.128,0.4658056034706533
380,440,60,0.12,0.5292816985845608
386,443,57,0.114,0.44753258854150774
368,434,66,0.132,0.5012909464624936
416,458,42,0.084,0.4665560302734375
390,445,55,0.11,0.494151003241539
406,453,47,0.094,0.43369630235433576
352,426,74,0.148,0.4453382351398468
386,443,57,0.114,0.43820195031166076
378,439,61,0.122,0.4361463474482298
378,439,61,0.122,0.4392422152161598
416,458,42,0.084,0.420503305375576
384,442,58,0.116,0.44340280936844645
370,435,65,0.13,0.4504438664317131
388,444,56,0.112,0.454483302295208
396,448,52,0.104,0.45737238514423373
398,449,51,0.102,0.45506587302684787
378,439,61,0.122,0.47764864814281466
396,448,52,0.104,0.4573119717598414
374,437,63,0.126,0.48020114516548346
408,454,46,0.092,0.4703350960612297
354,427,73,0.146,0.46264291135879465
364,432,68,0.136,0.460698533475399
382,441,59,0.118,0.4894078693985939
414,457,43,0.086,0.46706537646055224
374,437,63,0.126,0.49133991068601607
378,439,61,0.122,0.4812465493083
406,453,47,0.094,0.47493374414741996
414,457,43,0.086,0.502056170552969
392,446,54,0.108,0.49161821389250077
356,428,72,0.144,0.46621306985616684
368,434,66,0.132,0.4688179084658623
352,426,74,0.148,0.4626423250436783
382,441,59,0.118,0.4509706352055073
342,421,79,0.158,0.4755231100320816
392,446,54,0.108,0.46693377327927715
366,433,67,0.134,0.47757052528858185
394,447,53,0.106,0.46686192440986635
374,437,63,0.126,0.42824252414129294
374,437,63,0.126,0.40907554480433467
422,461,39,0.078,0.38347608152462637
386,443,57,0.114,0.3909757054240771
386,443,57,0.114,0.3602158119082451
322,411,89,0.178,0.3745256302654743
386,443,57,0.114,0.3603779464662075
390,445,55,0.11,0.3399856356978416
340,420,80,0.16,0.3683519794284366
412,456,44,0.088,0.378040696233511
388,444,56,0.112,0.3937562812268734
368,434,66,0.132,0.3857477611322975
374,437,63,0.126,0.3952690578103065
374,437,63,0.126,0.43497584051685406
378,439,61,0.122,0.3834166050553322
366,433,67,0.134,0.3732309645228088
318,409,91,0.182,0.3748480177521706
394,447,53,0.106,0.3965332749973168
380,440,60,0.12,0.3879366683065891
350,425,75,0.15,0.43601612401008605
402,451,49,0.098,0.3532313059568405
372,436,64,0.128,0.3553827173411846
346,423,77,0.154,0.3700582748115994
350,425,75,0.15,0.3758312101364136
354,427,73,0.146,0.3676132661254378
342,421,79,0.158,0.3588627979159355
382,441,59,0.118,0.3511274454891682
402,451,49,0.098,0.3387147429585457
372,436,64,0.128,0.3416145574748516
348,424,76,0.152,0.3376475675106049
398,449,51,0.102,0.326585740123759
392,446,54,0.108,0.31674091577529906
360,430,70,0.14,0.3336112956600264
374,437,63,0.126,0.3231737525165081
376,438,62,0.124,0.328710635593161
374,437,63,0.126,0.3296069781631231
390,445,55,0.11,0.3165894112884998
420,460,40,0.08,0.2866085878908634
328,414,86,0.172,0.3044694542419165
386,443,57,0.114,0.29522352623939513
414,457,43,0.086,0.2643919966109097
360,430,70,0.14,0.28903375657098956
382,441,59,0.118,0.29377999386191367
386,443,57,0.114,0.28311551690106074
384,442,58,0.116,0.2965980096161365
368,434,66,0.132,0.3154069170039147
356,428,72,0.144,0.3249860922694206
386,443,57,0.114,0.31449754029512406
364,432,68,0.136,0.31425473573617635
392,446,54,0.108,0.3210119808558375
362,431,69,0.138,0.3338147878199816
360,430,70,0.14,0.3258754580318928
378,439,61,0.122,0.3250452396273613
350,425,75,0.15,0.3214801501303018
386,443,57,0.114,0.3143286625444889
368,434,66,0.132,0.3206070123910905
384,442,58,0.116,0.31433329758048056
428,464,36,0.072,0.29812496638298036
396,448,52,0.104,0.30883393894985783
378,439,61,0.122,0.30724583503603936
382,441,59,0.118,0.30786578097939493
388,444,56,0.112,0.294836365044117
398,449,51,0.102,0.2805766637027264
376,438,62,0.124,0.30440995922687264
336,418,82,0.164,0.30842620027065276
382,441,59,0.118,0.2948035717390594
392,446,54,0.108,0.30120932845960485
402,451,49,0.098,0.3117958056628704
328,414,86,0.172,0.33180362713731304
376,438,62,0.124,0.31916256314516067
362,431,69,0.138,0.3362826898396015
380,440,60,0.12,0.33514146772027015
396,448,52,0.104,0.3412101126015186
378,439,61,0.122,0.3402833193540573
372,436,64,0.128,0.3482958859503269
372,436,64,0.128,0.3446388571858406
374,437,63,0.126,0.3550650696456432
378,439,61,0.122,0.3332304902076721
394,447,53,0.106,0.3219188903272152
398,449,51,0.102,0.3404954683482647
394,447,53,0.106,0.3204254367351532
398,449,51,0.102,0.30696813739463685
336,418,82,0.164,0.3179395235925913
312,406,94,0.188,0.32172578778862954
420,460,40,0.08,0.2864832540750504
406,453,47,0.094,0.29906253796815874
392,446,54,0.108,0.30386071640253065
388,444,56,0.112,0.30228968560695646
392,446,54,0.108,0.3060035545527935
364,432,68,0.136,0.293593225479126
366,433,67,0.134,0.2929758693575859
360,430,70,0.14,0.30502433744072915
398,449,51,0.102,0.2922118238098919
340,420,80,0.16,0.32672603580355647
390,445,55,0.11,0.3314811667203903
382,441,59,0.118,0.3482388198971748
340,420,80,0.16,0.406404307991269
418,459,41,0.082,0.3190093355178833
366,433,67,0.134,0.337869500041008
366,433,67,0.134,0.32474108481407166
358,429,71,0.142,0.34136947652697563
360,430,70,0.14,0.3024149237020756
388,444,56,0.112,0.29890506914258
364,432,68,0.136,0.3163638600111008
386,443,57,0.114,0.40195470842979897
366,433,67,0.134,0.3749287633895874
396,448,52,0.104,0.35694872951507567
366,433,67,0.134,0.3831762371659279
340,420,80,0.16,0.3739501536488533
382,441,59,0.118,0.3764690427482128
356,428,72,0.144,0.39129417937994004
346,423,77,0.154,0.3969996362030506
398,449,51,0.102,0.35875362807512284
412,456,44,0.088,0.350550434589386
434,467,33,0.066,0.31642305946350097
396,448,52,0.104,0.36169961392879485
388,444,56,0.112,0.29096110275387765
394,447,53,0.106,0.30668211649917065
418,459,41,0.082,0.279274072997272
404,452,48,0.096,0.3010969454050064
352,426,74,0.148,0.28302793437242507
416,458,42,0.084,0.27174083733558657
410,455,45,0.09,0.27117721841152526
418,459,41,0.082,0.29239070338010786
352,426,74,0.148,0.2810143446624279
450,475,25,0.05,0.2678491410638461
402,451,49,0.098,0.257124646037817
370,435,65,0.13,0.2967154120984487
362,431,69,0.138,0.2895037377178669
380,440,60,0.12,0.2844710168559104
372,436,64,0.128,0.2932340946495533
424,462,38,0.076,0.2729435924887657
348,424,76,0.152,0.3173883459568024
384,442,58,0.116,0.29917672276496887
360,430,70,0.14,0.3173140624165535
342,421,79,0.158,0.34184821307659147
354,427,73,0.146,0.35464592841267584
348,424,76,0.152,0.3690385904312134
356,428,72,0.144,0.3503295946419239
384,442,58,0.116,0.3375969386920333
408,454,46,0.092,0.3194633360505104
410,455,45,0.09,0.31255300077795983
390,445,55,0.11,0.3028030554354191
398,449,51,0.102,0.3010173388123512
368,434,66,0.132,0.29171599708497525
380,440,60,0.12,0.2833256701529026
388,444,56,0.112,0.27703274045884607
354,427,73,0.146,0.2853837358355522
362,431,69,0.138,0.30170399621129035
376,438,62,0.124,0.31143245014548304
396,448,52,0.104,0.3132404070049524
396,448,52,0.104,0.31769640877842903
364,432,68,0.136,0.3450731473863125
368,434,66,0.132,0.3541475783884525
380,440,60,0.12,0.3569564490914345
372,436,64,0.128,0.3545959743261337
342,421,79,0.158,0.3817094327509404
356,428,72,0.144,0.38794090524315833
356,428,72,0.144,0.3773534300327301
378,439,61,0.122,0.3832397836148739
380,440,60,0.12,0.38361518940329553
428,464,36,0.072,0.3536468042433262
346,423,77,0.154,0.39567165207862853
378,439,61,0.122,0.3787373216152191
364,432,68,0.136,0.3687191715538502
372,436,64,0.128,0.34747024211287497
394,447,53,0.106,0.33004831764101983
408,454,46,0.092,0.32914422580599784
362,431,69,0.138,0.3337044536517099
366,433,67,0.134,0.3301718951463699
386,443,57,0.114,0.3201879787892103
336,418,82,0.164,0.34234273689985273
384,442,58,0.116,0.3326994529521908
382,441,59,0.118,0.3297238663020653
408,454,46,0.092,0.31227158033847807
380,440,60,0.12,0.31402500489540397
384,442,58,0.116,0.3114778480612622
370,435,65,0.13,0.3127988692522049
376,438,62,0.124,0.312431527197361
364,432,68,0.136,0.3147401914894581
382,441,59,0.118,0.3230037731826305
410,455,45,0.09,0.31531989386677745
394,447,53,0.106,0.31858971947431564
356,428,72,0.144,0.321069443076849
412,456,44,0.088,0.30188394805788993
392,446,54,0.108,0.2843781803725467
384,442,58,0.116,0.2900101986834784
348,424,76,0.152,0.28961073826601036
380,440,60,0.12,0.27778093455452474
350,425,75,0.15,0.27443014692333234
402,451,49,0.098,0.2775715808184468
366,433,67,0.134,0.2928541931506038
386,443,57,0.114,0.29305347162485124
366,433,67,0.134,0.29807068035006523
394,447,53,0.106,0.3060625884986366
356,428,72,0.144,0.3131978803006914
340,420,80,0.16,0.32149543207883835
358,429,71,0.142,0.31434553596377374
368,434,66,0.132,0.299118012933759
378,439,61,0.122,0.30085452291369436
364,432,68,0.136,0.31307249315828084
372,436,64,0.128,0.296081106454134
362,431,69,0.138,0.2979070889353752
366,433,67,0.134,0.29391807356476785
376,438,62,0.124,0.2875677169263363
394,447,53,0.106,0.2856056513041258
346,423,77,0.154,0.2881236040592194
386,443,57,0.114,0.2851575728356838
380,440,60,0.12,0.28467302373051645
382,441,59,0.118,0.28943246045708654
402,451,49,0.098,0.2850802559256554
384,442,58,0.116,0.2812855630218983
384,442,58,0.116,0.2705150910317898
426,463,37,0.074,0.25400577127933505
398,449,51,0.102,0.2502428995072842
410,455,45,0.09,0.24774304535984992
402,451,49,0.098,0.2542266455888748
392,446,54,0.108,0.25641508412361147
388,444,56,0.112,0.2665139979720116
356,428,72,0.144,0.27783340120781214
350,425,75,0.15,0.2857560394406319
408,454,46,0.092,0.2783318714797497
412,456,44,0.088,0.2805677952170372
386,443,57,0.114,0.2902314024269581
398,449,51,0.102,0.2918074120573217
378,439,61,0.122,0.28346414548158644
372,436,64,0.128,0.2711895788311958
384,442,58,0.116,0.26402349656820295
384,442,58,0.116,0.2581605675071478
368,434,66,0.132,0.2849354673922062
394,447,53,0.106,0.29408965627849104
336,418,82,0.164,0.3119376199543476
410,455,45,0.09,0.2913000568449497
376,438,62,0.124,0.3102960559431557
368,434,66,0.132,0.29695098296995276
374,437,63,0.126,0.30330533319711683
392,446,54,0.108,0.298342730820179
380,440,60,0.12,0.2835650909704855
424,462,38,0.076,0.2550713436603546
390,445,55,0.11,0.2644952703416347
402,451,49,0.098,0.263195770829916
392,446,54,0.108,0.2666675544679165
366,433,67,0.134,0.3139134390056133
362,431,69,0.138,0.3110453842878342
374,437,63,0.126,0.2894975121617317
358,429,71,0.142,0.3432480515539646
360,430,70,0.14,0.3927892904681503
368,434,66,0.132,0.3522924741506577
364,432,68,0.136,0.3829291767636314
358,429,71,0.142,0.3870385832488537
384,442,58,0.116,0.3669608247876167
364,432,68,0.136,0.39287652686748514
428,464,36,0.072,0.3249799876511097
402,451,49,0.098,0.30949432626366613
314,407,93,0.186,0.3226494596088596
364,432,68,0.136,0.2794438157081604
376,438,62,0.124,0.2740173723101616
356,428,72,0.144,0.2738336907327175
374,437,63,0.126,0.2699467623233795
410,455,45,0.09,0.2631438017785549
378,439,61,0.122,0.27694416731595994
396,448,52,0.104,0.26204913964867593
416,458,42,0.084,0.24711734858155252
374,437,63,0.126,0.23804292371869087
396,448,52,0.104,0.2260736873447895
372,436,64,0.128,0.23451651521027747
414,457,43,0.086,0.20267195329070092
386,443,57,0.114,0.21381443672928435
358,429,71,0.142,0.22475704947053238
424,462,38,0.076,0.20778080600500107
340,420,80,0.16,0.23127647511661054
362,431,69,0.138,0.25368452063202857
398,449,51,0.102,0.25758636930584905
340,420,80,0.16,0.2788205178678036
358,429,71,0.142,0.28911580138653514
422,461,39,0.078,0.2657234479491278
396,448,52,0.104,0.26749960973858833
394,447,53,0.106,0.26854441103339194
390,445,55,0.11,0.2487679014801979
382,441,59,0.118,0.2360701501071453
380,440,60,0.12,0.2368192433565855
370,435,65,0.13,0.23842070712149144
404,452,48,0.096,0.23075598084926605
386,443,57,0.114,0.2322860388457775
364,432,68,0.136,0.23903500009985873
402,451,49,0.098,0.23434687253832817
340,420,80,0.16,0.25626119583845136
360,430,70,0.14,0.2526647867262363
388,444,56,0.112,0.2497877701818943
396,448,52,0.104,0.25913405656814575
382,441,59,0.118,0.2575174938738346
392,446,54,0.108,0.2430686845183373
438,469,31,0.062,0.2246070625782013
390,445,55,0.11,0.23192047348618508
376,438,62,0.124,0.2350363357514143
350,425,75,0.15,0.2367812114357949
368,434,66,0.132,0.23089616239070893
396,448,52,0.104,0.22930605712533003
376,438,62,0.124,0.24365691226534544
348,424,76,0.152,0.27559004962444306
384,442,58,0.116,0.2681253310143948
372,436,64,0.128,0.28407314443588255
414,457,43,0.086,0.2735319541990757
364,432,68,0.136,0.3071153205707669
408,454,46,0.092,0.2821778346002102
362,431,69,0.138,0.29477460849285125
394,447,53,0.106,0.2884809421300888
400,450,50,0.1,0.2755601640274399
402,451,49,0.098,0.27210227042440305
370,435,65,0.13,0.2798967507244092
398,449,51,0.102,0.27328380157566606
314,407,93,0.186,0.33112480918787673
338,419,81,0.162,0.3243269969522953
354,427,73,0.146,0.3054065198004246
386,443,57,0.114,0.3118562480807304
414,457,43,0.086,0.3183065541982651
404,452,48,0.096,0.3410369565188885
390,445,55,0.11,0.3323684028089047
388,444,56,0.112,0.3241563527584076
380,440,60,0.12,0.30505002444982526
370,435,65,0.13,0.29586317014694213
330,415,85,0.17,0.32106139412522317
374,437,63,0.126,0.28951575284498576
352,426,74,0.148,0.2942975525856018
384,442,58,0.116,0.2870931665599346
366,433,67,0.134,0.2926096129119396
346,423,77,0.154,0.33681418907642363
368,434,66,0.132,0.3239615783635527
380,440,60,0.12,0.2766630816757679
420,460,40,0.08,0.25808302012854256
392,446,54,0.108,0.2612454380259442
414,457,43,0.086,0.2447111188173294
366,433,67,0.134,0.26091669772489695
342,421,79,0.158,0.25237997001037
392,446,54,0.108,0.26600456207990647
414,457,43,0.086,0.2633989433348179
382,441,59,0.118,0.2919439952969551
390,445,55,0.11,0.27964238354563714
412,456,44,0.088,0.26965002942085264
352,426,74,0.148,0.2821261002421379
370,435,65,0.13,0.2758141444027424
418,459,41,0.082,0.2662408222835511
406,453,47,0.094,0.2697915628553196
368,434,66,0.132,0.2649950740635395
384,442,58,0.116,0.26918504588718833
384,442,58,0.116,0.25694073957204816
398,449,51,0.102,0.2654575014837492
362,431,69,0.138,0.2775575532875955
348,424,76,0.152,0.29292039078474047
418,459,41,0.082,0.2901199460029602
314,407,93,0.186,0.3395683487028648
346,423,77,0.154,0.33213601397856835
374,437,63,0.126,0.38307265695929527
364,432,68,0.136,0.3838713029921055
386,443,57,0.114,0.3526318923830986
394,447,53,0.106,0.3611887799203396
380,440,60,0.12,0.39074749617092314
396,448,52,0.104,0.34446065944433213
376,438,62,0.124,0.3398855703473091
368,434,66,0.132,0.38450024649500847
390,445,55,0.11,0.32237388265132905
394,447,53,0.106,0.3066998997032642
344,422,78,0.156,0.3557407041788101
384,442,58,0.116,0.39450187209248544
372,436,64,0.128,0.3340288979411125
370,435,65,0.13,0.4416154260933399
344,422,78,0.156,0.3574308997094631
368,434,66,0.132,0.41516036780795545
380,440,60,0.12,0.3560457189977169
366,433,67,0.134,0.4263605462536216
388,444,56,0.112,0.3564827218949795
404,452,48,0.096,0.3515417695939541
346,423,77,0.154,0.37916470821201803
360,430,70,0.14,0.3784420982897282
356,428,72,0.144,0.4146109420934808
374,437,63,0.126,0.37164612784981726
334,417,83,0.166,0.3755188668410986
396,448,52,0.104,0.36972782661879317
336,418,82,0.164,0.452017022470478
426,463,37,0.074,0.3476510461270809
392,446,54,0.108,0.37345483560620873
334,417,83,0.166,0.36865580328367653
388,444,56,0.112,0.3465643264441751
374,437,63,0.126,0.35802183678225263
364,432,68,0.136,0.32997893620678226
394,447,53,0.106,0.2986668137013912
362,431,69,0.138,0.29212064149975775
380,440,60,0.12,0.28788696709275247
338,419,81,0.162,0.2957029852867126
374,437,63,0.126,0.31493561416864396
402,451,49,0.098,0.30614374131988736
414,457,43,0.086,0.3086650172472
390,445,55,0.11,0.32299907269066896
358,429,71,0.142,0.3367162662446499
408,454,46,0.092,0.32136811831593515
344,422,78,0.156,0.3325352061279118
384,442,58,0.116,0.33276633244752885
386,443,57,0.114,0.3261180565059185
378,439,61,0.122,0.34102633942258037
374,437,63,0.126,0.3263296181790647
404,452,48,0.096,0.3209010047316551
312,406,94,0.188,0.34452653881907463
368,434,66,0.132,0.3431318093538284
380,440,60,0.12,0.3331378779709339
370,435,65,0.13,0.3535749556196097
348,424,76,0.152,0.37041765184188263
368,434,66,0.132,0.39337144961958986
366,433,67,0.134,0.38502255389094353
380,440,60,0.12,0.39052139764099775
398,449,51,0.102,0.39116451650857925
394,447,53,0.106,0.3925958711467683
338,419,81,0.162,0.41005167902946354
384,442,58,0.116,0.379688917031046
396,448,52,0.104,0.3719708643257618
366,433,67,0.134,0.36553831642866136
388,444,56,0.112,0.36021814101934435
396,448,52,0.104,0.3582994036376476
390,445,55,0.11,0.3734292649626732
376,438,62,0.124,0.377387615352869
382,441,59,0.118,0.3749402332007885
378,439,61,0.122,0.37963582801818846
388,444,56,0.112,0.3731344166994095
406,453,47,0.094,0.36986551827192304
368,434,66,0.132,0.37924645362740006
398,449,51,0.102,0.36919352602958677
432,466,34,0.068,0.33609834760427476
408,454,46,0.092,0.34810568955540655
352,426,74,0.148,0.360808250695467
394,447,53,0.106,0.3380928849043612
394,447,53,0.106,0.33886181935630155
382,441,59,0.118,0.3435918690860271
346,423,77,0.154,0.3673618591427803
364,432,68,0.136,0.3713403115272522
386,443,57,0.114,0.38893169566988944
378,439,61,0.122,0.38914695425028734
324,412,88,0.176,0.41702208483219144
424,462,38,0.076,0.3923765248656273
426,463,37,0.074,0.3865860712447593
430,465,35,0.07,0.38262569906190036
348,424,76,0.152,0.38068666046857835
390,445,55,0.11,0.35439968994259835
402,451,49,0.098,0.332762387573719
344,422,78,0.156,0.3405850758552551
362,431,69,0.138,0.330357380701229
442,471,29,0.058,0.309279279768467
372,436,64,0.128,0.3484943137764931
400,450,50,0.1,0.3420894724279642
402,451,49,0.098,0.33830831143260004
392,446,54,0.108,0.34068383581251943
384,442,58,0.116,0.3256581266224384
350,425,75,0.15,0.3286147387623787
380,440,60,0.12,0.31403321647644045
392,446,54,0.108,0.3144752874672413
382,441,59,0.118,0.3214683573842049
402,451,49,0.098,0.3225636002077431
368,434,66,0.132,0.33606655648350714
348,424,76,0.152,0.35699383613467217
362,431,69,0.138,0.3533331753667444
392,446,54,0.108,0.3522687386274338
408,454,46,0.092,0.34897233045101167
356,428,72,0.144,0.3502031117379672
358,429,71,0.142,0.3461971643269062
372,436,64,0.128,0.33027909144759177
356,428,72,0.144,0.3394460105895996
414,457,43,0.086,0.31887923982739447
382,441,59,0.118,0.32298837625980376
402,451,49,0.098,0.3142621871232986
412,456,44,0.088,0.30000537195801735
394,447,53,0.106,0.28743295079469683
382,441,59,0.118,0.2933847812352558
380,440,60,0.12,0.2885447904765606
360,430,70,0.14,0.2951919460594654
420,460,40,0.08,0.28206478235125576
360,430,70,0.14,0.3080877776145935
380,440,60,0.12,0.30615513208508494
378,439,61,0.122,0.3178960922773695
356,428,72,0.144,0.33661609050631525
406,453,47,0.094,0.32267686238884924
350,425,75,0.15,0.3495395058095455
410,455,45,0.09,0.328882540166378
450,475,25,0.05,0.2908070828318596
384,442,58,0.116,0.3094655337929726
360,430,70,0.14,0.30873938563466075
386,443,57,0.114,0.2936353965997696
394,447,53,0.106,0.26385657373070714
388,444,56,0.112,0.25372781801223754
396,448,52,0.104,0.24336755853146314
420,460,40,0.08,0.22554231862723828
398,449,51,0.102,0.2323936864733696
402,451,49,0.098,0.22545952216535806
394,447,53,0.106,0.2347363801356405
376,438,62,0.124,0.25071327614694744
346,423,77,0.154,0.26221526390314104
354,427,73,0.146,0.2575082719027996
358,429,71,0.142,0.2743944533765316
388,444,56,0.112,0.24379165223240853
354,427,73,0.146,0.268633075773716
368,434,66,0.132,0.2767141425609589
300,400,100,0.2,0.3064668677225709
330,415,85,0.17,0.29014012594521044
386,443,57,0.114,0.2649293178507596
396,448,52,0.104,0.26517778232693673
372,436,64,0.128,0.2743570295982063
370,435,65,0.13,0.2635533708781004
402,451,49,0.098,0.22844542732834816
372,436,64,0.128,0.21719564713879663
392,446,54,0.108,0.20280023135617375
396,448,52,0.104,0.19464311197958886
366,433,67,0.134,0.20205267683416606
388,444,56,0.112,0.21539248533040517
336,418,82,0.164,0.23742682969570159
418,459,41,0.082,0.23785739589607097
338,419,81,0.162,0.23731005892157556
374,437,63,0.126,0.25546172660589217
336,418,82,0.164,0.2572495510876179
402,451,49,0.098,0.23398848780989648
400,450,50,0.1,0.23239579606056213
370,435,65,0.13,0.2448414926379919
394,447,53,0.106,0.2386133891195059
350,425,75,0.15,0.23538375248014926
408,454,46,0.092,0.22810762448928176
388,444,56,0.112,0.2402572377771139
376,438,62,0.124,0.22895461700856687
394,447,53,0.106,0.22117204761505127
384,442,58,0.116,0.22771577060222625
354,427,73,0.146,0.2329685631841421
376,438,62,0.124,0.22900341096520424
374,437,63,0.126,0.23309772525727748
376,438,62,0.124,0.23207750579714775
346,423,77,0.154,0.24372960563004017
408,454,46,0.092,0.23717069032788277
390,445,55,0.11,0.21976348659396172
382,441,59,0.118,0.22340769122540952
428,464,36,0.072,0.20704082838445903
372,436,64,0.128,0.19552067117765545
394,447,53,0.106,0.17797468546032905
436,468,32,0.064,0.16344837471842766
378,439,61,0.122,0.17641652535647154
402,451,49,0.098,0.17411372910439968
396,448,52,0.104,0.18245168840885162
358,429,71,0.142,0.19323921698331833
362,431,69,0.138,0.1898212620317936
364,432,68,0.136,0.1967317395657301
404,452,48,0.096,0.19111297082155942
386,443,57,0.114,0.1896271855170095
414,457,43,0.086,0.19080784928798675
392,446,54,0.108,0.19818590338528155
370,435,65,0.13,0.21049325266480445
372,436,64,0.128,0.20062357917428017
388,444,56,0.112,0.19177954071760178
404,452,48,0.096,0.19011731538176538
346,423,77,0.154,0.20333696451783181
388,444,56,0.112,0.19493224796652794
378,439,61,0.122,0.20347270191251302
364,432,68,0.136,0.19613172751665114
410,455,45,0.09,0.19427814221382142
376,438,62,0.124,0.20186815661315632
372,436,64,0.128,0.20696468675136567
382,441,59,0.118,0.1984202296435833
364,432,68,0.136,0.2048038137166295
382,441,59,0.118,0.19821206502616406
372,436,64,0.128,0.20861439368128776
404,452,48,0.096,0.19300121986865998
392,446,54,0.108,0.18964849659800528
400,450,50,0.1,0.18937378698587418
382,441,59,0.118,0.18656532634049655
396,448,52,0.104,0.18798652245104314
340,420,80,0.16,0.20368877424299717
410,455,45,0.09,0.18128631810843945
408,454,46,0.092,0.18382672587037086
348,424,76,0.152,0.20324446912109853
372,436,64,0.128,0.1933927851766348
366,433,67,0.134,0.19729332749545575
408,454,46,0.092,0.19370736225694418
380,440,60,0.12,0.19745877197384834
380,440,60,0.12,0.19247014198824763
392,446,54,0.108,0.18279104371368884
386,443,57,0.114,0.19438416630029678
394,447,53,0.106,0.17523361906409263
400,450,50,0.1,0.17417966074380092
396,448,52,0.104,0.1625632802322507
410,455,45,0.09,0.15555756168067456
392,446,54,0.108,0.15418694170564412
396,448,52,0.104,0.14719266238063575
368,434,66,0.132,0.15163951783627272
402,451,49,0.098,0.13937884683907031
384,442,58,0.116,0.1391599563807249
422,461,39,0.078,0.13558474982209737
368,434,66,0.132,0.15051342512735727
400,450,50,0.1,0.14660860722512006
388,444,56,0.112,0.1554907318800688
376,438,62,0.124,0.1604744545817375
386,443,57,0.114,0.17249810221791267
394,447,53,0.106,0.16478160512447876
410,455,45,0.09,0.1645608728379011
344,422,78,0.156,0.19021819941699505
372,436,64,0.128,0.17376819662749768
398,449,51,0.102,0.15674961809813975
404,452,48,0.096,0.15928095799684525
362,431,69,0.138,0.1736582484394312
380,440,60,0.12,0.16086229629814625
406,453,47,0.094,0.16462111016362904
366,433,67,0.134,0.1957578795403242
362,431,69,0.138,0.20806852926313876
346,423,77,0.154,0.2180774742513895
350,425,75,0.15,0.2916716135442257
376,438,62,0.124,0.29514364507794383
394,447,53,0.106,0.2623733475506306
398,449,51,0.102,0.24897259539365768
440,470,30,0.06,0.22394204492866993
390,445,55,0.11,0.2859683049172163
362,431,69,0.138,0.3048519419551594
392,446,54,0.108,0.2164029825180769
354,427,73,0.146,0.21070734038949013
392,446,54,0.108,0.22460005962848664
390,445,55,0.11,0.2549071893178625
342,421,79,0.158,0.28625607915222645
404,452,48,0.096,0.22887332013249398
406,453,47,0.094,0.22258848594129085
330,415,85,0.17,0.2941631515696645
410,455,45,0.09,0.2604348294585943
370,435,65,0.13,0.22145568703233948
384,442,58,0.116,0.22316163125634195
392,446,54,0.108,0.2167233109176159
350,425,75,0.15,0.23717773687839508
344,422,78,0.156,0.25850981625914576
400,450,50,0.1,0.25911954832077233
368,434,66,0.132,0.2756345719248056
384,442,58,0.116,0.28874822226166724
352,426,74,0.148,0.26230506351590155
382,441,59,0.118,0.2678884756565094
358,429,71,0.142,0.26237825548648835
442,471,29,0.058,0.22939193323254586
404,452,48,0.096,0.21910531437397004
404,452,48,0.096,0.2109348287731409
368,434,66,0.132,0.20884122397750615
400,450,50,0.1,0.18425498400628568
382,441,59,0.118,0.18730872744321822
328,414,86,0.172,0.18466902792453765
378,439,61,0.122,0.19413645242527128
388,444,56,0.112,0.19343730889260768
390,445,55,0.11,0.20264000113308434
400,450,50,0.1,0.2091063851863146
372,436,64,0.128,0.23029542782902718
376,438,62,0.124,0.23959203123301268
388,444,56,0.112,0.24136505874991418
394,447,53,0.106,0.24640786248445512
366,433,67,0.134,0.2373948954939842
374,437,63,0.126,0.22387121011316777
370,435,65,0.13,0.21752461431375808
384,442,58,0.116,0.21926447513699532
332,416,84,0.168,0.22101080131530762
350,425,75,0.15,0.2248566687107086
370,435,65,0.13,0.22256119868159294
376,438,62,0.124,0.239206087321043
374,437,63,0.126,0.2388728694021702
384,442,58,0.116,0.23361449766159056
362,431,69,0.138,0.23736873007938267
402,451,49,0.098,0.22320242424309253
344,422,78,0.156,0.23890891264379024
404,452,48,0.096,0.21145338632911442
386,443,57,0.114,0.2165347527489599
392,446,54,0.108,0.21434449534118175
414,457,43,0.086,0.20841574144363403
374,437,63,0.126,0.22298666268168016
380,440,60,0.12,0.2386059907078743
318,409,91,0.182,0.26142135897278784
402,451,49,0.098,0.24041619125008584
424,462,38,0.076,0.24528966838121413
342,421,79,0.158,0.2809989192601179
392,446,54,0.108,0.2544706652164459
376,438,62,0.124,0.27795840643416886
384,442,58,0.116,0.2777528957426548
374,437,63,0.126,0.26283342742919924
376,438,62,0.124,0.2529356901049614
400,450,50,0.1,0.24636117687821388
360,430,70,0.14,0.26259506368637087
366,433,67,0.134,0.2628266579508781
404,452,48,0.096,0.26879471841454505
388,444,56,0.112,0.2686987845301628
348,424,76,0.152,0.30040909853577613
368,434,66,0.132,0.2977894671857357
368,434,66,0.132,0.3155625060796738
406,453,47,0.094,0.2793890275657177
384,442,58,0.116,0.3005589941740036
394,447,53,0.106,0.2880731248408556
374,437,63,0.126,0.2918018318712711
394,447,53,0.106,0.28904996752738954
382,441,59,0.118,0.27253407464176416
412,456,44,0.088,0.26153709200024605
430,465,35,0.07,0.26459526363015173
348,424,76,0.152,0.27781566661596296
388,444,56,0.112,0.30520734682679174
334,417,83,0.166,0.3237706549167633
374,437,63,0.126,0.3457975869181652
382,441,59,0.118,0.3377613726263493
350,425,75,0.15,0.3469791975617409
374,437,63,0.126,0.3514854179918766
358,429,71,0.142,0.3290706985592842
376,438,62,0.124,0.32462160355919334
412,456,44,0.088,0.2997702343463898
378,439,61,0.122,0.31439097237586977
362,431,69,0.138,0.2980179133713465
368,434,66,0.132,0.2650262149252152
408,454,46,0.092,0.24692139199376106
386,443,57,0.114,0.25019608321622944
404,452,48,0.096,0.2315435811430216
320,410,90,0.18,0.25357111388444903
370,435,65,0.13,0.24673742686212252
398,449,51,0.102,0.2400453512966633
396,448,52,0.104,0.24597832514345647
372,436,64,0.128,0.26565406906604766
366,433,67,0.134,0.27693486869335177
378,439,61,0.122,0.269170795083046
402,451,49,0.098,0.2617217799723148
382,441,59,0.118,0.25821863347291946
382,441,59,0.118,0.25508523267507555
380,440,60,0.12,0.2490734175145626
398,449,51,0.102,0.23751170751452447
338,419,81,0.162,0.2517350642234087
420,460,40,0.08,0.22583861961960794
354,427,73,0.146,0.24802967415191232
362,431,69,0.138,0.2528968884646893
326,413,87,0.174,0.2654627308398485
392,446,54,0.108,0.25133744806051256
412,456,44,0.088,0.24229573382437228
392,446,54,0.108,0.24859809839725494
394,447,53,0.106,0.24331323820352554
408,454,46,0.092,0.23041342537105083
390,445,55,0.11,0.24051781639363617
412,456,44,0.088,0.2266114175915718
402,451,49,0.098,0.22102596677839756
370,435,65,0.13,0.2254900490194559
372,436,64,0.128,0.21648093447824704
386,443,57,0.114,0.21803146028518677
370,435,65,0.13,0.2255640810634941
392,446,54,0.108,0.21586546972393988
384,442,58,0.116,0.22779141067806633
408,454,46,0.092,0.2178847670853138
360,430,70,0.14,0.24132986385747962
384,442,58,0.116,0.23224182634055615
396,448,52,0.104,0.22299660761654377
420,460,40,0.08,0.2075111313611269
400,450,50,0.1,0.2205589154479094
374,437,63,0.126,0.22788586008548736
402,451,49,0.098,0.20915030764043333
332,416,84,0.168,0.23364462710171938
378,439,61,0.122,0.22494046762585662
410,455,45,0.09,0.22116725984215738
370,435,65,0.13,0.22614668041467667
398,449,51,0.102,0.23498352468013764
380,440,60,0.12,0.25000712856650353
368,434,66,0.132,0.24973848171532154
386,443,57,0.114,0.24206213557720185
360,430,70,0.14,0.24864725452661515
388,444,56,0.112,0.23849078169465066
362,431,69,0.138,0.24295991903543476
348,424,76,0.152,0.24018007928133017
396,448,52,0.104,0.2289779296765107
318,409,91,0.182,0.26040701526403426
384,442,58,0.116,0.25475896715508134
364,432,68,0.136,0.2587168293893337
392,446,54,0.108,0.2570138430698207
396,448,52,0.104,0.2516734463870525
368,434,66,0.132,0.2825804777481435
416,458,42,0.084,0.24127784383302608
374,437,63,0.126,0.2651472325325012
406,453,47,0.094,0.22140234626565042
424,462,38,0.076,0.213806062489748
324,412,88,0.176,0.23290996137076928
394,447,53,0.106,0.22270917295012624
368,434,66,0.132,0.23275797444581986
378,439,61,0.122,0.23588089743256568
430,465,35,0.07,0.23914994075894355
358,429,71,0.142,0.25286197090148926
398,449,51,0.102,0.25755266231298446
362,431,69,0.138,0.27165931642055513
374,437,63,0.126,0.2772083560526371
386,443,57,0.114,0.26621585330367087
374,437,63,0.126,0.2842518918812275
356,428,72,0.144,0.28181716090440756
394,447,53,0.106,0.28550775347650054
378,439,61,0.122,0.28077144458889963
378,439,61,0.122,0.3362755658626556
316,408,92,0.184,0.3596424276961188
348,424,76,0.152,0.38317891201376914
386,443,57,0.114,0.34465128168463705
362,431,69,0.138,0.43224424147605894
364,432,68,0.136,0.4089989646077156
374,437,63,0.126,0.4040668036341667
368,434,66,0.132,0.398318928539753
350,425,75,0.15,0.3852073173522949
402,451,49,0.098,0.3631018995940685
382,441,59,0.118,0.3597288243174553
352,426,74,0.148,0.3642633014321327
392,446,54,0.108,0.32967870247364045
408,454,46,0.092,0.32843110740184783
366,433,67,0.134,0.33802142361178994
404,452,48,0.096,0.3253247962296009
402,451,49,0.098,0.3328623024447297
406,453,47,0.094,0.3383333716392517
378,439,61,0.122,0.34792733226716516
414,457,43,0.086,0.32691884702444074
392,446,54,0.108,0.30185119235515595
364,432,68,0.136,0.29912921249866486
384,442,58,0.116,0.3105289256870747
388,444,56,0.112,0.2946319560110569
374,437,63,0.126,0.34375078028440476
374,437,63,0.126,0.33706124091823586
342,421,79,0.158,0.37087330776825544
406,453,47,0.094,0.3583113199730578
348,424,76,0.152,0.3745072259902954
398,449,51,0.102,0.3667241412103176
410,455,45,0.09,0.3760597085356712
350,425,75,0.15,0.3679750237464905
370,435,65,0.13,0.33102554799275097
338,419,81,0.162,0.3255910110771656
370,435,65,0.13,0.33769521972968053
404,452,48,0.096,0.2958664467930794
346,423,77,0.154,0.30214123040437696
376,438,62,0.124,0.32406984710528924
404,452,48,0.096,0.3111944877752103
396,448,52,0.104,0.3130178220272064
414,457,43,0.086,0.2889642591327429
382,441,59,0.118,0.2836428913474083
380,440,60,0.12,0.2598611229658127
384,442,58,0.116,0.24932837396860122
418,459,41,0.082,0.23384471416473387
382,441,59,0.118,0.23641230031847954
398,449,51,0.102,0.22739072281122208
402,451,49,0.098,0.23771774368186016
400,450,50,0.1,0.2395878952741623
370,435,65,0.13,0.2577594488859177
344,422,78,0.156,0.27327789589762685
364,432,68,0.136,0.27400576934218407
378,439,61,0.122,0.28686509710550306
392,446,54,0.108,0.29903637793660165
426,463,37,0.074,0.2917136871203547
366,433,67,0.134,0.30308220034837724
340,420,80,0.16,0.29937115755677224
360,430,70,0.14,0.2996897536702454
384,442,58,0.116,0.29391785407066345
318,409,91,0.182,0.30685430440306666
402,451,49,0.098,0.2885030347704887
380,440,60,0.12,0.2842969112992287
390,445,55,0.11,0.2746755586479481
362,431,69,0.138,0.28287786358071776
390,445,55,0.11,0.26994239860773084
374,437,63,0.126,0.27151575073599815
366,433,67,0.134,0.2755236194729805
380,440,60,0.12,0.27689968309365215
400,450,50,0.1,0.2707872943524757
380,440,60,0.12,0.2711652002632618
378,439,61,0.122,0.27418207148750295
374,437,63,0.126,0.2748355100750923
410,455,45,0.09,0.25789781275391577
362,431,69,0.138,0.2679922151565552
344,422,78,0.156,0.2772554920911789
388,444,56,0.112,0.2765271828174591
342,421,79,0.158,0.28362876701354983
366,433,67,0.134,0.28950332070788043
372,436,64,0.128,0.291991547614336
400,450,50,0.1,0.28372453831881284
438,469,31,0.062,0.26443833178281784
390,445,55,0.11,0.2626458600683882
394,447,53,0.106,0.2487979963719845
362,431,69,0.138,0.24013432690501213
380,440,60,0.12,0.23880142810940744
386,443,57,0.114,0.23322923204302787
384,442,58,0.116,0.2312361260652542
360,430,70,0.14,0.24082367649674416
410,455,45,0.09,0.22519173592329025
304,402,98,0.196,0.27011647332430055
396,448,52,0.104,0.25376235696673394
376,438,62,0.124,0.261005810113154
346,423,77,0.154,0.27927763628959656
374,437,63,0.126,0.28621212834119797
374,437,63,0.126,0.2794191787838936
422,461,39,0.078,0.26668791568279265
398,449,51,0.102,0.27961456853151323
396,448,52,0.104,0.26082085049152376
376,438,62,0.124,0.2471162181198597
362,431,69,0.138,0.24987873232364655
398,449,51,0.102,0.24693773078918457
358,429,71,0.142,0.2530998907387257
410,455,45,0.09,0.2556048051416874
394,447,53,0.106,0.25643383207917214
374,437,63,0.126,0.2649276376860216
374,437,63,0.126,0.2626884246468544
370,435,65,0.13,0.2690974736511707
400,450,50,0.1,0.2608316163867712
388,444,56,0.112,0.2657746781408787
346,423,77,0.154,0.25982727694511415
416,458,42,0.084,0.22109845513105392
406,453,47,0.094,0.23082471603155139
354,427,73,0.146,0.23539129316806792
348,424,76,0.152,0.22387298430502414
374,437,63,0.126,0.2135344709455967
416,458,42,0.084,0.2080680574476719
386,443,57,0.114,0.20798204734921455
396,448,52,0.104,0.2060998909473419
394,447,53,0.106,0.20695722684264184
426,463,37,0.074,0.19585689052939415
370,435,65,0.13,0.20839821964502334
392,446,54,0.108,0.19897447064518928
344,422,78,0.156,0.2190130871832371
360,430,70,0.14,0.22923869034647942
358,429,71,0.142,0.22645620034635067
394,447,53,0.106,0.21960237227028942
418,459,41,0.082,0.2373796346485615
396,448,52,0.104,0.2516942207366228
388,444,56,0.112,0.24655222296714782
416,458,42,0.084,0.29157468572678047
402,451,49,0.098,0.2337783083319664
382,441,59,0.118,0.19842875690758227
336,418,82,0.164,0.24112551221996545
438,469,31,0.062,0.18788315936923028
390,445,55,0.11,0.2037608445137739
354,427,73,0.146,0.24983615162968636
400,450,50,0.1,0.21920914381742476
370,435,65,0.13,0.21840809991955756
386,443,57,0.114,0.23280770194530487
394,447,53,0.106,0.24047025971114636
350,425,75,0.15,0.2500007534455847
388,444,56,0.112,0.24681945709884168
364,432,68,0.136,0.2602304412424564
370,435,65,0.13,0.2469145487099886
344,422,78,0.156,0.2520645677675493
448,474,26,0.052,0.2195967494547367
408,454,46,0.092,0.2158529606461525
392,446,54,0.108,0.22890480360090443
348,424,76,0.152,0.2348530628681183
356,428,72,0.144,0.23459457067400216
396,448,52,0.104,0.23717860782146458
376,438,62,0.124,0.2281114525794983
374,437,63,0.126,0.23323406863212587
360,430,70,0.14,0.24128369688987733
412,456,44,0.088,0.22923060318827632
362,431,69,0.138,0.2350194394886494
348,424,76,0.152,0.23350190174579621
372,436,64,0.128,0.23119407096505165
368,434,66,0.132,0.2494774237573147
362,431,69,0.138,0.25308440772164614
386,443,57,0.114,0.26379475340247155
362,431,69,0.138,0.26837501767277716
404,452,48,0.096,0.2804429955482483
378,439,61,0.122,0.2842731558829546
370,435,65,0.13,0.28957907265424726
320,410,90,0.18,0.31280064636468885
370,435,65,0.13,0.2825336339499296
370,435,65,0.13,0.298421178072691
406,453,47,0.094,0.27934714072942735
370,435,65,0.13,0.28359502330422404
380,440,60,0.12,0.2839921959340572
380,440,60,0.12,0.2720747955441475
368,434,66,0.132,0.2733222716022283
386,443,57,0.114,0.25933967679739
396,448,52,0.104,0.2540225745141506
394,447,53,0.106,0.24165648379921914
350,425,75,0.15,0.24100775976479052
378,439,61,0.122,0.2247990312613547
406,453,47,0.094,0.20546702700853348
392,446,54,0.108,0.19874816830456257
336,418,82,0.164,0.21852177758514882
396,448,52,0.104,0.20573524664342405
398,449,51,0.102,0.19272963373363017
388,444,56,0.112,0.20202280172705656
344,422,78,0.156,0.21695568756759168
378,439,61,0.122,0.21601955328881742
390,445,55,0.11,0.20624990418553352
370,435,65,0.13,0.21684641857352108
348,424,76,0.152,0.2240562170147896
418,459,41,0.082,0.1962736180263455
382,441,59,0.118,0.20384582640230656
342,421,79,0.158,0.22088977272808552
388,444,56,0.112,0.21569382075965413
402,451,49,0.098,0.1937640838176012
368,434,66,0.132,0.20793261846899985
322,411,89,0.178,0.21903237016499041
398,449,51,0.102,0.21391530260443686
390,445,55,0.11,0.2242280625104904
388,444,56,0.112,0.226798703789711
352,426,74,0.148,0.2355610831932685
390,445,55,0.11,0.22443479293584823
402,451,49,0.098,0.2192228072732687
374,437,63,0.126,0.21660611549019815
394,447,53,0.106,0.2038991650789976
402,451,49,0.098,0.18441285932809115
412,456,44,0.088,0.1769779348820448
386,443,57,0.114,0.18860587993822991
352,426,74,0.148,0.2016076058745384
382,441,59,0.118,0.19403816962381826
412,456,44,0.088,0.18094713480584323
396,448,52,0.104,0.1904059456959367
412,456,44,0.088,0.18672443568706512
400,450,50,0.1,0.19036807109229267
392,446,54,0.108,0.19504197537526488
376,438,62,0.124,0.21291430389881133
354,427,73,0.146,0.22359110352396966
370,435,65,0.13,0.21652186879515647
382,441,59,0.118,0.20422571483254431
398,449,51,0.102,0.20319650417566298
388,444,56,0.112,0.21171777069568634
426,463,37,0.074,0.18796639660000802
380,440,60,0.12,0.20234969563782215
396,448,52,0.104,0.1955472241342068
384,442,58,0.116,0.20337758852541446
404,452,48,0.096,0.21159397779405117
398,449,51,0.102,0.21950005200505257
372,436,64,0.128,0.2277215970903635
400,450,50,0.1,0.2231915413737297
400,450,50,0.1,0.21717988161742688
430,465,35,0.07,0.20976953506862628
370,435,65,0.13,0.22245130744576455
372,436,64,0.128,0.21793615002930164
356,428,72,0.144,0.2419351518652402
418,459,41,0.082,0.2280246655344963
428,464,36,0.072,0.22208612376451492
374,437,63,0.126,0.22836860942840576
374,437,63,0.126,0.24723156192898751
374,437,63,0.126,0.23892346499864653
380,440,60,0.12,0.23923102656006817
408,454,46,0.092,0.22499738761782645
400,450,50,0.1,0.23318456333875656
402,451,49,0.098,0.22628102308930828
382,441,59,0.118,0.24084496697410945
380,440,60,0.12,0.24004521504044532
400,450,50,0.1,0.2675103897154331
400,450,50,0.1,0.2919619274735451
376,438,62,0.124,0.3236432330310345
378,439,61,0.122,0.37519277576179955
374,437,63,0.126,0.3191181583404541
330,415,85,0.17,0.351136004541564
392,446,54,0.108,0.3656297408640385
374,437,63,0.126,0.34904303020238875
408,454,46,0.092,0.3043315801024437
354,427,73,0.146,0.3300342635214329
382,441,59,0.118,0.3131248043179512
384,442,58,0.116,0.3119907410442829
354,427,73,0.146,0.2895781700611115
390,445,55,0.11,0.27910072964429855
408,454,46,0.092,0.2660708596110344
344,422,78,0.156,0.28067786872386935
378,439,61,0.122,0.26945012056827544
358,429,71,0.142,0.2964698112607002
434,467,33,0.066,0.24052004852890968
320,410,90,0.18,0.301803466796875
372,436,64,0.128,0.26364761596918107
374,437,63,0.126,0.27504680743813514
416,458,42,0.084,0.241210479170084
398,449,51,0.102,0.2346225078999996
362,431,69,0.138,0.25680912438035014
368,434,66,0.132,0.25677144053275697
356,428,72,0.144,0.2722670387327671
372,436,64,0.128,0.2599834991395473
378,439,61,0.122,0.2781684848368168
382,441,59,0.118,0.30886882957816125
376,438,62,0.124,0.30215905657410624
348,424,76,0.152,0.3142768473625183
370,435,65,0.13,0.30439139280549715
384,442,58,0.116,0.3004171804189682
414,457,43,0.086,0.2889989072084427
394,447,53,0.106,0.27725177025794984
424,462,38,0.076,0.2650951336622238
390,445,55,0.11,0.26810723574459555
380,440,60,0.12,0.26302338518202306
366,433,67,0.134,0.2562932427898049
392,446,54,0.108,0.2452209542095661
402,451,49,0.098,0.24896093621625914
388,444,56,0.112,0.25390277306735515
396,448,52,0.104,0.2759454215168953
372,436,64,0.128,0.2862700314223766
394,447,53,0.106,0.2876462431550026
416,458,42,0.084,0.2768366785123944
394,447,53,0.106,0.2766985619068146
392,446,54,0.108,0.27278734785318376
396,448,52,0.104,0.26986012753844263
362,431,69,0.138,0.26543467968702317
398,449,51,0.102,0.2712900667488575
370,435,65,0.13,0.27398115684790536
400,450,50,0.1,0.28628325334191324
374,437,63,0.126,0.2842267761242776
398,449,51,0.102,0.28161425884626806
398,449,51,0.102,0.28189973026514054
384,442,58,0.116,0.2888364936573817
362,431,69,0.138,0.2979351886063814
382,441,59,0.118,0.30963608813285826
348,424,76,0.152,0.3005681553184986
350,425,75,0.15,0.3102244351506233
386,443,57,0.114,0.32641810619831085
390,445,55,0.11,0.32619403770565986
390,445,55,0.11,0.3372743990421295
406,453,47,0.094,0.33227852734923363
372,436,64,0.128,0.33173694533109666
390,445,55,0.11,0.3280510831773281
394,447,53,0.106,0.316853047311306
388,444,56,0.112,0.3126348386704922
398,449,51,0.102,0.30501103416085246
376,438,62,0.124,0.31957107939571144
392,446,54,0.108,0.3092807028889656
304,402,98,0.196,0.3361409648656845
362,431,69,0.138,0.3143664285838604
462,481,19,0.038,0.28049845466017725
406,453,47,0.094,0.27653000119328497
362,431,69,0.138,0.28071630147099497
350,425,75,0.15,0.25580607672035693
384,442,58,0.116,0.24914495542645454
412,456,44,0.088,0.23695687241852284
370,435,65,0.13,0.24490664356946945
366,433,67,0.134,0.25099888384342195
374,437,63,0.126,0.243844885956496
346,423,77,0.154,0.24817217523604634
386,443,57,0.114,0.24739021267741917
372,436,64,0.128,0.25493617909308525
390,445,55,0.11,0.24952823182940484
404,452,48,0.096,0.24726261466741561
398,449,51,0.102,0.2466434795409441
364,432,68,0.136,0.23547250564396383
426,463,37,0.074,0.21190318521857263
380,440,60,0.12,0.21522701338501066
390,445,55,0.11,0.22176488268375397
422,461,39,0.078,0.19940316252410412
398,449,51,0.102,0.2112466733008623
332,416,84,0.168,0.23361972145736218
384,442,58,0.116,0.21821916887164117
382,441,59,0.118,0.22557419687509536
396,448,52,0.104,0.22637883827090263
396,448,52,0.104,0.2128746490329504
352,426,74,0.148,0.23611820156872274
384,442,58,0.116,0.22012385419011116
404,452,48,0.096,0.22154941898584365
368,434,66,0.132,0.22392483508586883
360,430,70,0.14,0.2223713532090187
414,457,43,0.086,0.2097654860317707
376,438,62,0.124,0.21506672278046607
410,455,45,0.09,0.2137217071801424
406,453,47,0.094,0.20591971850395202
348,424,76,0.152,0.20212812396883964
404,452,48,0.096,0.19400612810254098
426,463,37,0.074,0.18886472503840923
390,445,55,0.11,0.2156319160163403
372,436,64,0.128,0.21231998644769193
346,423,77,0.154,0.2258562687933445
366,433,67,0.134,0.20679738293588165
344,422,78,0.156,0.27058576187025757
400,450,50,0.1,0.24737691882252694
406,453,47,0.094,0.20220534798502923
362,431,69,0.138,0.2531924525529612
382,441,59,0.118,0.21277696752548217
354,427,73,0.146,0.25494868034825097
370,435,65,0.13,0.2426166477948427
338,419,81,0.162,0.2538440515462134
402,451,49,0.098,0.20033026626706124
388,444,56,0.112,0.21178563371300696
356,428,72,0.144,0.22158017749339343
390,445,55,0.11,0.20496075358986854
374,437,63,0.126,0.1965997206866741
344,422,78,0.156,0.19825386908650397
336,418,82,0.164,0.21886578692495823
354,427,73,0.146,0.20586829298734666
390,445,55,0.11,0.19533152814209462
360,430,70,0.14,0.2100403388887644
398,449,51,0.102,0.20755978746479378
386,443,57,0.114,0.20263757405504584
388,444,56,0.112,0.18903596848249435
396,448,52,0.104,0.19689853586256503
330,415,85,0.17,0.19656906610727312
362,431,69,0.138,0.18931142595410347
396,448,52,0.104,0.18860121940076352
376,438,62,0.124,0.19614619842171668
378,439,61,0.122,0.19665075907111168
362,431,69,0.138,0.2142055526971817
404,452,48,0.096,0.20940753749012947
360,430,70,0.14,0.19322043503820896
388,444,56,0.112,0.19430642710626125
338,419,81,0.162,0.19847622899522502
394,447,53,0.106,0.1931777928173542
394,447,53,0.106,0.19835412295162677
376,438,62,0.124,0.18593667875230313
386,443,57,0.114,0.19090877658128738
392,446,54,0.108,0.18092017237842084
372,436,64,0.128,0.18080238224565984
366,433,67,0.134,0.19347255921363832
406,453,47,0.094,0.1747076545804739
350,425,75,0.15,0.19759905207157136
382,441,59,0.118,0.18406279788911342
360,430,70,0.14,0.19243061426468194
354,427,73,0.146,0.1902080637663603
376,438,62,0.124,0.1910642526622396
410,455,45,0.09,0.18659719406068326
382,441,59,0.118,0.1865375825241208
392,446,54,0.108,0.17873381146788597
402,451,49,0.098,0.1693083359003067
364,432,68,0.136,0.17246048604843237
396,448,52,0.104,0.17002429420500995
360,430,70,0.14,0.1738299177289009
382,441,59,0.118,0.17834213550994174
378,439,61,0.122,0.19387464718520642
360,430,70,0.14,0.191784785986051
398,449,51,0.102,0.18335323166847228
360,430,70,0.14,0.19459203618764878
380,440,60,0.12,0.19561041595041753
338,419,81,0.162,0.19592884847521783
410,455,45,0.09,0.18596941159214475
380,440,60,0.12,0.1819620808959007
374,437,63,0.126,0.18667370684258638
382,441,59,0.118,0.1787234643548727
350,425,75,0.15,0.18988905686885119
370,435,65,0.13,0.19132589134573935
378,439,61,0.122,0.18530264981097294
380,440,60,0.12,0.19521866501122714
366,433,67,0.134,0.21858730527339504
370,435,65,0.13,0.20241137355566027
396,448,52,0.104,0.19519671565294267
406,453,47,0.094,0.17964894750714303
382,441,59,0.118,0.18689508308470248
392,446,54,0.108,0.182064663015306
376,438,62,0.124,0.19266497983038425
378,439,61,0.122,0.17467613890767097
376,438,62,0.124,0.17620417637110222
388,444,56,0.112,0.17522594675421715
390,445,55,0.11,0.1731396519392729
430,465,35,0.07,0.18079241006076335
360,430,70,0.14,0.18232469017803668
376,438,62,0.124,0.17894013784080745
376,438,62,0.124,0.17585774718225003
368,434,66,0.132,0.1838981022685766
366,433,67,0.134,0.18589945171028377
362,431,69,0.138,0.19412782296538353
410,455,45,0.09,0.18507102228701114
408,454,46,0.092,0.18727658912539483
340,420,80,0.16,0.21815473475310138
390,445,55,0.11,0.1962257226407528
386,443,57,0.114,0.19213282914459706
324,412,88,0.176,0.2059819206446409
394,447,53,0.106,0.17885544721782207
376,438,62,0.124,0.18098200604319573
354,427,73,0.146,0.17259565809369087
342,421,79,0.158,0.1778980737030506
416,458,42,0.084,0.1573234703913331
338,419,81,0.162,0.17471495413035154
334,417,83,0.166,0.1759209300726652
362,431,69,0.138,0.16963320042192936
374,437,63,0.126,0.17375862134993075
392,446,54,0.108,0.17707485190034516
376,438,62,0.124,0.18407905153930187
372,436,64,0.128,0.17423797748982905
416,458,42,0.084,0.1697405237853527
388,444,56,0.112,0.15914659954607488
374,437,63,0.126,0.1627770770676434
352,426,74,0.148,0.15741390742376155
388,444,56,0.112,0.14684692627191542
374,437,63,0.126,0.14152126157283784
368,434,66,0.132,0.1410569225102663
400,450,50,0.1,0.13989451712369919
354,427,73,0.146,0.1478499605213292
378,439,61,0.122,0.14502562288939952
376,438,62,0.124,0.1488451111763716
390,445,55,0.11,0.15220155669748783
410,455,45,0.09,0.15059641762077808
402,451,49,0.098,0.1464248835517501
384,442,58,0.116,0.15088979691267013
356,428,72,0.144,0.1547272548675537
364,432,68,0.136,0.16201238314807415
346,423,77,0.154,0.17139757090806962
350,425,75,0.15,0.18441090855002404
374,437,63,0.126,0.17574589136242866
366,433,67,0.134,0.18850032152235507
408,454,46,0.092,0.19533405700325968
380,440,60,0.12,0.20358906315267086
414,457,43,0.086,0.17286329391500296
356,428,72,0.144,0.169023957580328
394,447,53,0.106,0.14719386360794307
450,475,25,0.05,0.11935068526118994
396,448,52,0.104,0.1318633215278387
368,434,66,0.132,0.15083537422120571
360,430,70,0.14,0.13701504066959022
336,418,82,0.164,0.14843238338828088
390,445,55,0.11,0.13231330447643996
388,444,56,0.112,0.1423092209175229
338,419,81,0.162,0.16732218979671598
374,437,63,0.126,0.16670102083683014
402,451,49,0.098,0.1577822090301197
374,437,63,0.126,0.17618265622109175
390,445,55,0.11,0.17966273514926434
358,429,71,0.142,0.1790787288621442
386,443,57,0.114,0.1762697484344244
398,449,51,0.102,0.16263428561389445
376,438,62,0.124,0.15798500865325332
394,447,53,0.106,0.14557377887703482
422,461,39,0.078,0.14107537299394607
340,420,80,0.16,0.15776185689121486
370,435,65,0.13,0.15836578450724484
402,451,49,0.098,0.14592043447494507
430,465,35,0.07,0.13622769123315812
394,447,53,0.106,0.14488654099404813
364,432,68,0.136,0.15946361283957958
386,443,57,0.114,0.14428550454974173
396,448,52,0.104,0.1408413122445345
350,425,75,0.15,0.16076006910204887
412,456,44,0.088,0.14203150530159472
356,428,72,0.144,0.15673898561298846
364,432,68,0.136,0.15786939492076635
378,439,61,0.122,0.1568245478719473
412,456,44,0.088,0.1487497445045301
382,441,59,0.118,0.16010628686100245
354,427,73,0.146,0.1653549931794405
360,430,70,0.14,0.16190440639853476
380,440,60,0.12,0.15641858972609043
336,418,82,0.164,0.17007975535839795
348,424,76,0.152,0.176691081315279
344,422,78,0.156,0.19757245812565088
344,422,78,0.156,0.19254931858181953
366,433,67,0.134,0.1972660705894232
334,417,83,0.166,0.22622304801642895
374,437,63,0.126,0.20630203673243522
346,423,77,0.154,0.21559283319115638
408,454,46,0.092,0.2061953196078539
382,441,59,0.118,0.2106913322210312
374,437,63,0.126,0.1858282866328955
366,433,67,0.134,0.19297144557535648
376,438,62,0.124,0.1847750035971403
374,437,63,0.126,0.18481349736452102
382,441,59,0.118,0.17629121662676334
396,448,52,0.104,0.17751797731220723
324,412,88,0.176,0.19302421704493464
408,454,46,0.092,0.1743822638895854
334,417,83,0.166,0.19548722490668297
384,442,58,0.116,0.1897279918640852
360,430,70,0.14,0.2073264014571905
396,448,52,0.104,0.199976588845253
394,447,53,0.106,0.2060128716006875
360,430,70,0.14,0.201355005197227
354,427,73,0.146,0.21482288935780525
388,444,56,0.112,0.20973735055327417
392,446,54,0.108,0.20575957886874677
392,446,54,0.108,0.2026047501116991
378,439,61,0.122,0.20607656438473382
432,466,34,0.068,0.18531986765563488
390,445,55,0.11,0.19920097519414956
392,446,54,0.108,0.1979926343113184
400,450,50,0.1,0.18518610394001006
360,430,70,0.14,0.21438732163608074
376,438,62,0.124,0.19015043199062348
388,444,56,0.112,0.18676486882334575
416,458,42,0.084,0.17605276450514792
402,451,49,0.098,0.18058692216873168
382,441,59,0.118,0.17161339552886784
378,439,61,0.122,0.1795634582825005
394,447,53,0.106,0.17683183790184556
384,442,58,0.116,0.17343147005140783
380,440,60,0.12,0.17153953067213296
404,452,48,0.096,0.1680832768683322
356,428,72,0.144,0.1829533540457633
372,436,64,0.128,0.1775053846091032
350,425,75,0.15,0.184174827337265
382,441,59,0.118,0.19362992556858807
378,439,61,0.122,0.17463486486673355
380,440,60,0.12,0.1776769659072161
398,449,51,0.102,0.16720940159261227
398,449,51,0.102,0.16260520546138288
388,444,56,0.112,0.17067509125173091
374,437,63,0.126,0.15446827551722528
376,438,62,0.124,0.15423754258453845
392,446,54,0.108,0.1576518689499751
378,439,61,0.122,0.15494816744327544
392,446,54,0.108,0.15706296329200267
394,447,53,0.106,0.15738399070501408
394,447,53,0.106,0.16246568534523248
378,439,61,0.122,0.16487839578092098
384,442,58,0.116,0.1614318773895502
356,428,72,0.144,0.17472435235977174
364,432,68,0.136,0.16173993876576423
390,445,55,0.11,0.16174355813860894
344,422,78,0.156,0.17554781633615493
350,425,75,0.15,0.16866879011690616
342,421,79,0.158,0.18177464261878049
392,446,54,0.108,0.16547633156180383
400,450,50,0.1,0.18247877165675164
364,432,68,0.136,0.189123429954052
370,435,65,0.13,0.19011558452248573
412,456,44,0.088,0.18290755225718022
388,444,56,0.112,0.166169483974576
390,445,55,0.11,0.1630242884606123
402,451,49,0.098,0.1476775828078389
398,449,51,0.102,0.14337483470886947
354,427,73,0.146,0.15453657203912735
390,445,55,0.11,0.1645251838564873
366,433,67,0.134,0.16601461488008498
396,448,52,0.104,0.19006214809417724
394,447,53,0.106,0.23104823195934296
352,426,74,0.148,0.26203669503331184
384,442,58,0.116,0.2289255465865135
440,470,30,0.06,0.18611609973013402
392,446,54,0.108,0.19827892090380192
394,447,53,0.106,0.22013425022363664
398,449,51,0.102,0.19060905127227307
354,427,73,0.146,0.20399977643787862
356,428,72,0.144,0.18314856281876565
390,445,55,0.11,0.15489154073596
434,467,33,0.066,0.16996677447855474
334,417,83,0.166,0.23082509702444076
356,428,72,0.144,0.21184754744340534
372,436,64,0.128,0.1928223194628954
348,424,76,0.152,0.1973888494372368
360,430,70,0.14,0.29430997650325297
390,445,55,0.11,0.2863014603406191
400,450,50,0.1,0.2286081360578537
396,448,52,0.104,0.20184068407118322
428,464,36,0.072,0.1784942574352026
376,438,62,0.124,0.19820526276528835
372,436,64,0.128,0.15597911795229205
378,439,61,0.122,0.15526013080775738
366,433,67,0.134,0.16725694932043553
322,411,89,0.178,0.20487564039013523
382,441,59,0.118,0.19976951582729816
372,436,64,0.128,0.20040262119472027
400,450,50,0.1,0.201630955606699
368,434,66,0.132,0.24738079057633877
396,448,52,0.104,0.21986886416375637
404,452,48,0.096,0.204754689007999
354,427,73,0.146,0.21080137827931866
406,453,47,0.094,0.19975316317379474
362,431,69,0.138,0.18937411776185037
358,429,71,0.142,0.1937209178507328
386,443,57,0.114,0.1957749931961298
380,440,60,0.12,0.21202220948040487
382,441,59,0.118,0.2074638959467411
358,429,71,0.142,0.22271260344982147
378,439,61,0.122,0.2745146358087659
414,457,43,0.086,0.2397149452038575
390,445,55,0.11,0.23096871322393417
366,433,67,0.134,0.24575423923134804
370,435,65,0.13,0.24621049144864085
400,450,50,0.1,0.22984672850370408
386,443,57,0.114,0.22430675626944788
404,452,48,0.096,0.22834808646142482
352,426,74,0.148,0.22709809258580207
426,463,37,0.074,0.21290430763363838
354,427,73,0.146,0.23721683484688402
336,418,82,0.164,0.2462407378256321
370,435,65,0.13,0.2567828986942768
390,445,55,0.11,0.25614236648380756
372,436,64,0.128,0.2951604631245136
400,450,50,0.1,0.26478706976771355
402,451,49,0.098,0.25954837661981583
370,435,65,0.13,0.2887678060531616
386,443,57,0.114,0.26967229825258254
344,422,78,0.156,0.2593147259354591
340,420,80,0.16,0.2382643936574459
390,445,55,0.11,0.23090766993165016
376,438,62,0.124,0.22776148264436052
364,432,68,0.136,0.23387124919891358
374,437,63,0.126,0.2469635324701667
380,440,60,0.12,0.27615186339616776
326,413,87,0.174,0.2797593067139433
394,447,53,0.106,0.24600793147087097
382,441,59,0.118,0.27515952073037625
380,440,60,0.12,0.24826755377650261
378,439,61,0.122,0.2381847991645336
332,416,84,0.168,0.25140548658370976
336,418,82,0.164,0.2525079852789642
362,431,69,0.138,0.23798900306224824
378,439,61,0.122,0.24579078213870525
358,429,71,0.142,0.23549374994635583
374,437,63,0.126,0.24107446345686911
364,432,68,0.136,0.23229424738883972
392,446,54,0.108,0.23377726268768312
372,436,64,0.128,0.23663228008151055
406,453,47,0.094,0.2216735323369503
390,445,55,0.11,0.22153172302199528
414,457,43,0.086,0.20573447281122206
374,437,63,0.126,0.20936323621869088
380,440,60,0.12,0.19947851422429086
390,445,55,0.11,0.2055771853923798
408,454,46,0.092,0.19845426813792438
402,451,49,0.098,0.20998914293944837
388,444,56,0.112,0.19764254005625845
400,450,50,0.1,0.18875519073009492
390,445,55,0.11,0.20259896817803383
374,437,63,0.126,0.19114248448610305
386,443,57,0.114,0.18660530427098276
382,441,59,0.118,0.1961437878012657
402,451,49,0.098,0.1915286217033863
374,437,63,0.126,0.2042336633205414
396,448,52,0.104,0.18836149024963378
396,448,52,0.104,0.19214601527154446
380,440,60,0.12,0.18614782936125993
378,439,61,0.122,0.19682877536118032
364,432,68,0.136,0.19342798900604247
378,439,61,0.122,0.18983099068701267
382,441,59,0.118,0.190937190096618
404,452,48,0.096,0.18583510242402554
368,434,66,0.132,0.19607096718484535
390,445,55,0.11,0.21102507683134172
354,427,73,0.146,0.20959677420556544
408,454,46,0.092,0.20593475198745728
394,447,53,0.106,0.21448280507326128
398,449,51,0.102,0.20989437848329545
402,451,49,0.098,0.20485980759561062
364,432,68,0.136,0.20083756610751152
394,447,53,0.106,0.2012034954726696
374,437,63,0.126,0.19263769926130772
334,417,83,0.166,0.20849091804027559
400,450,50,0.1,0.1963410495966673
382,441,59,0.118,0.20103655306994914
374,437,63,0.126,0.20213221088051797
388,444,56,0.112,0.2042062915798524
348,424,76,0.152,0.2120268063098192
396,448,52,0.104,0.21252611191570758
342,421,79,0.158,0.20938445898890495
424,462,38,0.076,0.1849737297743559
358,429,71,0.142,0.2038397292792797
380,440,60,0.12,0.18296454670280218
376,438,62,0.124,0.17936156097799538
364,432,68,0.136,0.16904589864984154
370,435,65,0.13,0.16989461516588927
362,431,69,0.138,0.16745146426558494
394,447,53,0.106,0.16477896532416345
408,454,46,0.092,0.16846153262257577
396,448,52,0.104,0.1813339914828539
326,413,87,0.174,0.19818234629929066
356,428,72,0.144,0.19700223211944104
344,422,78,0.156,0.22272398801147938
352,426,74,0.148,0.22479687216089042
366,433,67,0.134,0.22221453861892224
346,423,77,0.154,0.2386632423400879
370,435,65,0.13,0.2288355812728405
434,467,33,0.066,0.22713317027688026
396,448,52,0.104,0.22270409813523293
354,427,73,0.146,0.22102596928179263
372,436,64,0.128,0.21574022591114045
414,457,43,0.086,0.2119509169459343
396,448,52,0.104,0.2177669888585806
362,431,69,0.138,0.22704467219114305
384,442,58,0.116,0.23810552513599395
364,432,68,0.136,0.25448782768845557
378,439,61,0.122,0.2630637921690941
354,427,73,0.146,0.2866099851429462
334,417,83,0.166,0.3159034133851528
392,446,54,0.108,0.30715366062521937
386,443,57,0.114,0.32223237842321395
412,456,44,0.088,0.31197337445616724
342,421,79,0.158,0.3217144478559494
366,433,67,0.134,0.3193030323088169
356,428,72,0.144,0.32590973646193744
378,439,61,0.122,0.32370766845345494
374,437,63,0.126,0.3494885257445276
380,440,60,0.12,0.34137967306375505
412,456,44,0.088,0.32551407533884047
406,453,47,0.094,0.336379643663764
382,441,59,0.118,0.32654230897128583
416,458,42,0.084,0.31844229775667193
362,431,69,0.138,0.34340448695421216
402,451,49,0.098,0.3283052804879844
408,454,46,0.092,0.3383671281635761
396,448,52,0.104,0.36754352748394015
364,432,68,0.136,0.38560841864347456
380,440,60,0.12,0.40107718962430955
378,439,61,0.122,0.40125499075713983
396,448,52,0.104,0.4301995883584023
356,428,72,0.144,0.453575272500515
368,434,66,0.132,0.4499725012779236
358,429,71,0.142,0.5275611312389373
356,428,72,0.144,0.4745830603837967
404,452,48,0.096,0.4522206292152405
380,440,60,0.12,0.46486797399073837
372,436,64,0.128,0.47912564349174497
394,447,53,0.106,0.4367372843623161
402,451,49,0.098,0.42582248675823214
348,424,76,0.152,0.435146753013134
328,414,86,0.172,0.4422215376496315
418,459,41,0.082,0.41988613404519853
414,457,43,0.086,0.4205551866889
334,417,83,0.166,0.43790784918199643
406,453,47,0.094,0.43133576411008834
386,443,57,0.114,0.45107900035381315
364,432,68,0.136,0.4854248645305633
402,451,49,0.098,0.4937434105575085
388,444,56,0.112,0.49257572668790817
364,432,68,0.136,0.5376282776594162
384,442,58,0.116,0.5416654550433159
358,429,71,0.142,0.5535369637012482
360,430,70,0.14,0.5602431346774102
380,440,60,0.12,0.5769647533297538
348,424,76,0.152,0.5839743819236756
362,431,69,0.138,0.5863110619722866
372,436,64,0.128,0.5913584716948644
368,434,66,0.132,0.5966490233116784
358,429,71,0.142,0.5893181527256965
342,421,79,0.158,0.592941459774971
398,449,51,0.102,0.5885283877849579
356,428,72,0.144,0.6033537809848786
356,428,72,0.144,0.587573437772533
360,430,70,0.14,0.582608987569809
370,435,65,0.13,0.5747275766730309
384,442,58,0.116,0.5498642946481704
370,435,65,0.13,0.5412416328191757
380,440,60,0.12,0.527212853372097
384,442,58,0.116,0.507725590839982
328,414,86,0.172,0.48799420726299286
398,449,51,0.102,0.473619478225708
410,455,45,0.09,0.4612271497249603
364,432,68,0.136,0.4646353020593524
422,461,39,0.078,0.4468086106181145
402,451,49,0.098,0.4459223756790161
398,449,51,0.102,0.45013953840732573
428,464,36,0.072,0.4278725066781044
384,442,58,0.116,0.4288434678469829
376,438,62,0.124,0.431579692363739
366,433,67,0.134,0.4321003901362419
392,446,54,0.108,0.4403376512825489
374,437,63,0.126,0.464882522046566
408,454,46,0.092,0.46720760089159014
322,411,89,0.178,0.4885840914845788
348,424,76,0.152,0.5008677280209959
366,433,67,0.134,0.5013740103244781
340,420,80,0.16,0.4997593306383987
422,461,39,0.078,0.46773267090320586
374,437,63,0.126,0.4615502837896347
352,426,74,0.148,0.46357435619831083
412,456,44,0.088,0.4469405469894409
370,435,65,0.13,0.4561594117358327
404,452,48,0.096,0.45190100491046903
376,438,62,0.124,0.4465324227809906
420,460,40,0.08,0.43057954716682434
354,427,73,0.146,0.44979583990573885
344,422,78,0.156,0.4418556232312694
394,447,53,0.106,0.4210154719948769
422,461,39,0.078,0.4078250682353973
398,449,51,0.102,0.4092598245830377
394,447,53,0.106,0.4119955701131405
370,435,65,0.13,0.4220191311836243
354,427,73,0.146,0.422119585454464
372,436,64,0.128,0.42233956277370455
358,429,71,0.142,0.44621955662965773
396,448,52,0.104,0.43754861638505643
346,423,77,0.154,0.4486959317997098
390,445,55,0.11,0.4346293712258339
406,453,47,0.094,0.4447896155044436
410,455,45,0.09,0.4565801849365234
362,431,69,0.138,0.46005164897441864
390,445,55,0.11,0.45429731607437135
360,430,70,0.14,0.4527695855051279
398,449,51,0.102,0.4366056542992592
394,447,53,0.106,0.4181253877282143
388,444,56,0.112,0.4136677540540695
438,469,31,0.062,0.3845753630399704
376,438,62,0.124,0.38225699520111084
396,448,52,0.104,0.3715213258564472
364,432,68,0.136,0.3719124343125495
392,446,54,0.108,0.3657484204620123
366,433,67,0.134,0.3743020004630089
346,423,77,0.154,0.3853461464382708
334,417,83,0.166,0.40571814823150637
348,424,76,0.152,0.40990797454118727
318,409,91,0.182,0.42142504048347473
368,434,66,0.132,0.43383689141273496
376,438,62,0.124,0.4261447248458862
370,435,65,0.13,0.4165210350751877
330,415,85,0.17,0.4272833508849144
360,430,70,0.14,0.4277774620037526
352,426,74,0.148,0.4070163272023201
400,450,50,0.1,0.39217932644486425
368,434,66,0.132,0.38804517981410025
388,444,56,0.112,0.37348148944228887
390,445,55,0.11,0.3644638025760651
398,449,51,0.102,0.36405927243828773
368,434,66,0.132,0.36950659903883937
380,440,60,0.12,0.37381131392344835
372,436,64,0.128,0.3738843171596527
356,428,72,0.144,0.40974375486373904
420,460,40,0.08,0.3619237907528877
352,426,74,0.148,0.3842260054349899
424,462,38,0.076,0.36461656135460363
406,453,47,0.094,0.3631500711626722
370,435,65,0.13,0.3677575713992119
380,440,60,0.12,0.35381939345598223
372,436,64,0.128,0.35815857760991276
334,417,83,0.166,0.3741008298099041
390,445,55,0.11,0.34960256367921827
402,451,49,0.098,0.3560577672123909
388,444,56,0.112,0.37939433604482076
400,450,50,0.1,0.3673656253814697
386,443,57,0.114,0.38232523757219317
384,442,58,0.116,0.36593314200639726
350,425,75,0.15,0.37408060187101366
392,446,54,0.108,0.358899222612381
384,442,58,0.116,0.3661407940387726
396,448,52,0.104,0.3658122152686119
368,434,66,0.132,0.35144526865845543
374,437,63,0.126,0.3391637786328793
410,455,45,0.09,0.3345059961974621
390,445,55,0.11,0.33679478116726386
374,437,63,0.126,0.3588205964565277
374,437,63,0.126,0.3600558983683586
380,440,60,0.12,0.360571933567524
376,438,62,0.124,0.3693864796757698
374,437,63,0.126,0.4068764559626579
392,446,54,0.108,0.41235590720549226
396,448,52,0.104,0.40579925894737245
406,453,47,0.094,0.4091499361991882
362,431,69,0.138,0.43303450286388395
324,412,88,0.176,0.4530830274224281
392,446,54,0.108,0.43219721770007163
420,460,40,0.08,0.4258549028038979
422,461,39,0.078,0.4188727158010006
376,438,62,0.124,0.41754351380467414
360,430,70,0.14,0.41155167493224154
376,438,62,0.124,0.41435946557436587
360,430,70,0.14,0.4171969355431147
412,456,44,0.088,0.41194442796707154
392,446,54,0.108,0.4188476151227951
374,437,63,0.126,0.4306466388106346
342,421,79,0.158,0.44793043851852415
372,436,64,0.128,0.45339261946082116
384,442,58,0.116,0.5081396132674999
376,438,62,0.124,0.4639482473960319
384,442,58,0.116,0.4731214901804924
398,449,51,0.102,0.4600694486080811
418,459,41,0.082,0.45277177861332896
350,425,75,0.15,0.4698984833043115
356,428,72,0.144,0.44940853595733643
322,411,89,0.178,0.4628091539181769
390,445,55,0.11,0.44629966336488724
382,441,59,0.118,0.4523278704881668
362,431,69,0.138,0.4648439866900444
376,438,62,0.124,0.47771367175504564
386,443,57,0.114,0.470074063025306
370,435,65,0.13,0.46852205401659014
370,435,65,0.13,0.46861254864931107
384,442,58,0.116,0.4534648842215538
396,448,52,0.104,0.4526165936589241
382,441,59,0.118,0.4529508852958679
388,444,56,0.112,0.4390089342859574
398,449,51,0.102,0.43118188667297364
378,439,61,0.122,0.4389677146077156
326,413,87,0.174,0.447960617184639
392,446,54,0.108,0.4320385730266571
372,436,64,0.128,0.4341901676058769
366,433,67,0.134,0.4427419154644012
396,448,52,0.104,0.4327727234363556
380,440,60,0.12,0.4450856910943985
368,434,66,0.132,0.46475583283416927
358,429,71,0.142,0.46674811482429507
340,420,80,0.16,0.472097094476223
340,420,80,0.16,0.4857709466516972
386,443,57,0.114,0.46965221609175206
360,430,70,0.14,0.46994118720293043
418,459,41,0.082,0.4462781862616539
360,430,70,0.14,0.4525152645001654
372,436,64,0.128,0.4316874173283577
368,434,66,0.132,0.41555542731285094
358,429,71,0.142,0.41375272840261457
372,436,64,0.128,0.415402384519577
416,458,42,0.084,0.3788634849190712
390,445,55,0.11,0.37526850986480714
348,424,76,0.152,0.39292574695691235
394,447,53,0.106,0.36109563885967605
374,437,63,0.126,0.3478410254321061
406,453,47,0.094,0.3389341770410538
368,434,66,0.132,0.33875873167068676
376,438,62,0.124,0.3286834344267845
384,442,58,0.116,0.3223902142047882
348,424,76,0.152,0.34591876071691513
376,438,62,0.124,0.33585539323091507
398,449,51,0.102,0.34060822302103044
378,439,61,0.122,0.3382960898280144
302,401,99,0.198,0.3732013855333398
406,453,47,0.094,0.3379438519477844
396,448,52,0.104,0.34402341639995576
384,442,58,0.116,0.3325243103504181
352,426,74,0.148,0.32283056423068046
414,457,43,0.086,0.33898414922133085
400,450,50,0.1,0.29911954918503764
382,441,59,0.118,0.31481326457858083
338,419,81,0.162,0.3292693135589361
374,437,63,0.126,0.27566752353310586
376,438,62,0.124,0.3142605926990509
362,431,69,0.138,0.2897752370238304
384,442,58,0.116,0.2967107754964502
346,423,77,0.154,0.28173596766591075
394,447,53,0.106,0.2511898114383221
394,447,53,0.106,0.2704330777525902
406,453,47,0.094,0.23259392086602748
352,426,74,0.148,0.2654781958460808
378,439,61,0.122,0.24435197621583937
326,413,87,0.174,0.3271251744925977
354,427,73,0.146,0.26570753344893455
442,471,29,0.058,0.21665494602918625
372,436,64,0.128,0.2667067140042782
352,426,74,0.148,0.27270433748629874
400,450,50,0.1,0.23022074311971663
340,420,80,0.16,0.2577332695457153
364,432,68,0.136,0.2546206721067429
378,439,61,0.122,0.21583225627243519
406,453,47,0.094,0.22186045640707017
410,455,45,0.09,0.2107987446039915
374,437,63,0.126,0.22913912154734134
382,441,59,0.118,0.1893329710794351
378,439,61,0.122,0.2091044937968254
418,459,41,0.082,0.18181253297626973
390,445,55,0.11,0.2106920792758465
376,438,62,0.124,0.19138317477703096
400,450,50,0.1,0.17914315013587476
358,429,71,0.142,0.18717806770140305
384,442,58,0.116,0.1906451947540045
390,445,55,0.11,0.18796362262964247
382,441,59,0.118,0.1935935603529215
380,440,60,0.12,0.18662326356789344
364,432,68,0.136,0.1775409433580935
400,450,50,0.1,0.17705729420855643
344,422,78,0.156,0.1981835491657257
366,433,67,0.134,0.19419341690838338
396,448,52,0.104,0.17771350361406804
376,438,62,0.124,0.18184946939349175
390,445,55,0.11,0.18560125893585092
390,445,55,0.11,0.18941427986323833
350,425,75,0.15,0.19609102949500085
392,446,54,0.108,0.1803889040481299
378,439,61,0.122,0.18770921248197556
318,409,91,0.182,0.2102839834690094
372,436,64,0.128,0.19956594637595118
396,448,52,0.104,0.20530696013670507
424,462,38,0.076,0.18739380978347617
404,452,48,0.096,0.1944636741131544
406,453,47,0.094,0.18170224738189428
374,437,63,0.126,0.19342814460396768
398,449,51,0.102,0.17580241711437702
392,446,54,0.108,0.17521329525113105
396,448,52,0.104,0.17670067086815833
396,448,52,0.104,0.16905109387636186
390,445,55,0.11,0.1802397845089452
396,448,52,0.104,0.19120740808846767
416,458,42,0.084,0.18744586871936916
386,443,57,0.114,0.200519543915987
314,407,93,0.186,0.2326024627268319
390,445,55,0.11,0.2060510835284367
362,431,69,0.138,0.23824813073873521
372,436,64,0.128,0.2236177237404097
396,448,52,0.104,0.231801878137514
392,446,54,0.108,0.23192835992434996
368,434,66,0.132,0.22949448677155743
400,450,50,0.1,0.22005344807170332
412,456,44,0.088,0.1928493641242385
392,446,54,0.108,0.19161501934658737
366,433,67,0.134,0.17887623633673685
382,441,59,0.118,0.17436413742601872
396,448,52,0.104,0.1723986070084718
376,438,62,0.124,0.1795301980227232
382,441,59,0.118,0.19093178489158164
388,444,56,0.112,0.1916646351031959
356,428,72,0.144,0.20186391633749007
380,440,60,0.12,0.20290064194798468
344,422,78,0.156,0.21731512196444963
388,444,56,0.112,0.22260712763667106
372,436,64,0.128,0.236893292054534
390,445,55,0.11,0.22651300532370805
406,453,47,0.094,0.21664477299153806
368,434,66,0.132,0.2081153979897499
394,447,53,0.106,0.19081168377026916
394,447,53,0.106,0.1842909725010395
366,433,67,0.134,0.18560021263360976
378,439,61,0.122,0.1698401725590229
392,446,54,0.108,0.16221684345602988
362,431,69,0.138,0.17366073434623833
380,440,60,0.12,0.16616298480331898
378,439,61,0.122,0.18243547363579277
364,432,68,0.136,0.1906891916242239
312,406,94,0.188,0.2284612328261137
398,449,51,0.102,0.19983732245862484
342,421,79,0.158,0.22869025649959235
416,458,42,0.084,0.20076389380916954
368,434,66,0.132,0.2184163205031162
356,428,72,0.144,0.206792854860425
364,432,68,0.136,0.1857613730203593
384,442,58,0.116,0.16776290324330329
388,444,56,0.112,0.17101952339708806
378,439,61,0.122,0.17008370296657085
384,442,58,0.116,0.14952535900473599
364,432,68,0.136,0.14584184475243092
350,425,75,0.15,0.15081519958376885
418,459,41,0.082,0.13319436021149159
384,442,58,0.116,0.152060691770399
392,446,54,0.108,0.15420412635803224
364,432,68,0.136,0.16326007311977447
374,437,63,0.126,0.1595697836456413
398,449,51,0.102,0.17627328531444073
412,456,44,0.088,0.17026948769390582
380,440,60,0.12,0.17704450342059136
384,442,58,0.116,0.16689433220028876
394,447,53,0.106,0.15171791307628155
360,430,70,0.14,0.15871811474859715
390,445,55,0.11,0.14944096925854683
338,419,81,0.162,0.15140664640069007
416,458,42,0.084,0.13633680488914252
372,436,64,0.128,0.15118048213422297
370,435,65,0.13,0.1504384853988886
346,423,77,0.154,0.1526093375235796
354,427,73,0.146,0.15626362717151643
398,449,51,0.102,0.1480659448057413
402,451,49,0.098,0.15124347158358514
402,451,49,0.098,0.14860561317205428
386,443,57,0.114,0.14372226487862552
376,438,62,0.124,0.14081367340683937
402,451,49,0.098,0.13153527646511792
370,435,65,0.13,0.14196513733267785
394,447,53,0.106,0.1332163311392069
370,435,65,0.13,0.13982782636582852
400,450,50,0.1,0.14127233386039734
394,447,53,0.106,0.13969444958865643
376,438,62,0.124,0.14161422979133204
364,432,68,0.136,0.14664465628564358
374,437,63,0.126,0.14447912952303887
400,450,50,0.1,0.14158947902917862
378,439,61,0.122,0.14077668991684916
384,442,58,0.116,0.14053613804280757
392,446,54,0.108,0.14554738485068083
328,414,86,0.172,0.1600603955453262
400,450,50,0.1,0.15833214877545834
340,420,80,0.16,0.18485751432180406
358,429,71,0.142,0.21666668511927129
372,436,64,0.128,0.19060578429698943
412,456,44,0.088,0.19435593445599078
398,449,51,0.102,0.180042564868927
372,436,64,0.128,0.1687884410917759
406,453,47,0.094,0.18299575451709096
370,435,65,0.13,0.17756573644280432
384,442,58,0.116,0.16133712731674313
324,412,88,0.176,0.16859751981463467
394,447,53,0.106,0.15530441084504126
310,405,95,0.19,0.1728219231814146
372,436,64,0.128,0.17312484697047648
430,465,35,0.07,0.164010840177536
364,432,68,0.136,0.1908665143698454
402,451,49,0.098,0.18352204076369527
362,431,69,0.138,0.1937144137620926
364,432,68,0.136,0.18272159591317177
356,428,72,0.144,0.19070582583583404
362,431,69,0.138,0.18835270479323288
364,432,68,0.136,0.1855595162510872
378,439,61,0.122,0.18406727208942175
348,424,76,0.152,0.1893538163473131
392,446,54,0.108,0.1709854013621807
390,445,55,0.11,0.1777815499007702
392,446,54,0.108,0.16888149420917034
422,461,39,0.078,0.15593853066116573
378,439,61,0.122,0.1638715551048517
372,436,64,0.128,0.16079137451201678
348,424,76,0.152,0.16636092690378426
394,447,53,0.106,0.15628764303028583
408,454,46,0.092,0.15608500065724365
424,462,38,0.076,0.1456243559718132
390,445,55,0.11,0.1638064176440239
368,434,66,0.132,0.16058146158605813
362,431,69,0.138,0.17047336584329606
392,446,54,0.108,0.16268560633063317
356,428,72,0.144,0.1976130979806185
388,444,56,0.112,0.18326544278860094
358,429,71,0.142,0.20946601361036302
392,446,54,0.108,0.19818083085864782
386,443,57,0.114,0.20613399539887906
392,446,54,0.108,0.20120758599042893
390,445,55,0.11,0.20207202772796154
372,436,64,0.128,0.19559960526554687
370,435,65,0.13,0.1803968111723662
394,447,53,0.106,0.14538946849107742
420,460,40,0.08,0.1496346975490451
372,436,64,0.128,0.14346760165691375
392,446,54,0.108,0.12155118899047375
390,445,55,0.11,0.12732266231195535
372,436,64,0.128,0.15440193296172916
362,431,69,0.138,0.12266626062989235
370,435,65,0.13,0.12597202663868665
398,449,51,0.102,0.12267122658342124
396,448,52,0.104,0.1244951917603612
396,448,52,0.104,0.13336742070317267
362,431,69,0.138,0.11250182078033685
428,464,36,0.072,0.09103810682147741
372,436,64,0.128,0.11089555173367262
386,443,57,0.114,0.09846130245923997
404,452,48,0.096,0.09432803271710873
362,431,69,0.138,0.10033363698422909
346,423,77,0.154,0.1014227731153369
386,443,57,0.114,0.09515147076547145
408,454,46,0.092,0.0814765957519412
416,458,42,0.084,0.08845243477076292
374,437,63,0.126,0.09314543782174588
384,442,58,0.116,0.10084167707025742
426,463,37,0.074,0.08677336184680462
428,464,36,0.072,0.09117665859311819
368,434,66,0.132,0.08440473571419715
406,453,47,0.094,0.09049751618504524
374,437,63,0.126,0.08456055756152364
388,444,56,0.112,0.08343799646198749
374,437,63,0.126,0.07907462098449469
390,445,55,0.11,0.08090865722298622
370,435,65,0.13,0.10282867141068001
384,442,58,0.116,0.09851274608075619
418,459,41,0.082,0.07981994288414716
452,476,24,0.048,0.07420468115806579
370,435,65,0.13,0.08921159526705742
390,445,55,0.11,0.07897893612086773
360,430,70,0.14,0.07650446976162494
366,433,67,0.134,0.07153395920991898
370,435,65,0.13,0.07431199710979129
360,430,70,0.14,0.08431730033736676
378,439,61,0.122,0.08610189070552587
354,427,73,0.146,0.09744747911766172
382,441,59,0.118,0.09760373738408089
396,448,52,0.104,0.10194540578499436
406,453,47,0.094,0.10386090708523989
378,439,61,0.122,0.10054003918543458
406,453,47,0.094,0.10199898407608271
376,438,62,0.124,0.08762170554697514
382,441,59,0.118,0.0744449861291796
414,457,43,0.086,0.07072513073310256
356,428,72,0.144,0.07436792898923159
386,443,57,0.114,0.07271237811504033
368,434,66,0.132,0.07610185213387012
396,448,52,0.104,0.07563516655564308
354,427,73,0.146,0.08893875606358051
412,456,44,0.088,0.07653015216298263
436,468,32,0.064,0.06749018435692415
404,452,48,0.096,0.07367917970567942
344,422,78,0.156,0.08684626376628876
380,440,60,0.12,0.0766278876606375
344,422,78,0.156,0.08385775426775217
380,440,60,0.12,0.07831320879422128
398,449,51,0.102,0.07503761512544588
362,431,69,0.138,0.09355325237323996
358,429,71,0.142,0.09643437898904085
380,440,60,0.12,0.0974644265472889
422,461,39,0.078,0.092979117795825
432,466,34,0.068,0.09163136482983827
368,434,66,0.132,0.08902380149081
402,451,49,0.098,0.0856700100323369
364,432,68,0.136,0.08646921966969967
386,443,57,0.114,0.08273903881013393
410,455,45,0.09,0.08050518238544464
376,438,62,0.124,0.08143706978857518
356,428,72,0.144,0.08899483693391085
388,444,56,0.112,0.0846940514747148
366,433,67,0.134,0.09801236709207296
404,452,48,0.096,0.08305999490618705
422,461,39,0.078,0.08466249541193246
422,461,39,0.078,0.08394508651830256
362,431,69,0.138,0.07951409520953893
404,452,48,0.096,0.07493866226868703
372,436,64,0.128,0.07674739093333482
420,460,40,0.08,0.0678100139144808
404,452,48,0.096,0.06630634950794777
368,434,66,0.132,0.07558063182035267
366,433,67,0.134,0.07321913565788418
374,437,63,0.126,0.0708985870331526
398,449,51,0.102,0.07785854755342006
356,428,72,0.144,0.087378177665174
358,429,71,0.142,0.10314950200915336
424,462,38,0.076,0.09488962568715215
368,434,66,0.132,0.10380454073101282
364,432,68,0.136,0.10061750868707896
370,435,65,0.13,0.10716518639028072
376,438,62,0.124,0.12610876808315516
410,455,45,0.09,0.08163832357153296
392,446,54,0.108,0.09242115326970815
362,431,69,0.138,0.1127216716713198
346,423,77,0.154,0.09401768378540873
322,411,89,0.178,0.08524590101465583
394,447,53,0.106,0.07704728414490819
412,456,44,0.088,0.0737650896726493
342,421,79,0.158,0.08024348358950752
428,464,36,0.072,0.07137507424131036
374,437,63,0.126,0.08964071140019222
396,448,52,0.104,0.07297227898915298
406,453,47,0.094,0.07723396456241607
398,449,51,0.102,0.07022675678133965
404,452,48,0.096,0.07327195874229074
380,440,60,0.12,0.07578597321361304
330,415,85,0.17,0.08070759593322874
392,446,54,0.108,0.08246541604772213
370,435,65,0.13,0.09129362102225423
348,424,76,0.152,0.09568369270861149
406,453,47,0.094,0.08577930096536875
398,449,51,0.102,0.09372314614802599
390,445,55,0.11,0.08534950390271842
384,442,58,0.116,0.08816146805882454
422,461,39,0.078,0.07196355677396059
382,441,59,0.118,0.07037933254428208
400,450,50,0.1,0.06517939905636012
412,456,44,0.088,0.06414319572178646
376,438,62,0.124,0.06909012233090835
354,427,73,0.146,0.08406239631026984
418,459,41,0.082,0.07375667019933461
378,439,61,0.122,0.08921506344527007
378,439,61,0.122,0.08310211572051049
402,451,49,0.098,0.08402982376515865
382,441,59,0.118,0.09770599830150604
334,417,83,0.166,0.09883280821708848
402,451,49,0.098,0.08652205311134457
370,435,65,0.13,0.08435757885873317
424,462,38,0.076,0.0699317453019321
418,459,41,0.082,0.08100775741785765
440,470,30,0.06,0.06768807816132903
418,459,41,0.082,0.06609276747889817
398,449,51,0.102,0.057041443776339296
406,453,47,0.094,0.055703197192400696
398,449,51,0.102,0.05186856885068119
382,441,59,0.118,0.056335168935358525
418,459,41,0.082,0.05394313555955887
370,435,65,0.13,0.06470839519426226
396,448,52,0.104,0.06321579077839852
398,449,51,0.102,0.06861128693819046
368,434,66,0.132,0.0725541886240244
398,449,51,0.102,0.07578839495405555
376,438,62,0.124,0.07697160788252949
366,433,67,0.134,0.08021059449762107
384,442,58,0.116,0.07868763752281666
364,432,68,0.136,0.08464470169693232
368,434,66,0.132,0.08124770810455084
378,439,61,0.122,0.08513706777989864
362,431,69,0.138,0.08528160651773214
418,459,41,0.082,0.0788840997442603
316,408,92,0.184,0.09316218439489603
390,445,55,0.11,0.08035251922905445
364,432,68,0.136,0.07462784866988659
426,463,37,0.074,0.06510279693081975
390,445,55,0.11,0.06695930452252011
386,443,57,0.114,0.06546341764414683
390,445,55,0.11,0.05847142408415675
348,424,76,0.152,0.06555561427399516
368,434,66,0.132,0.06496600131317973
392,446,54,0.108,0.06455781658738852
374,437,63,0.126,0.06755172191560269
390,445,55,0.11,0.07055752189829946
380,440,60,0.12,0.07020709104090929
414,457,43,0.086,0.07130279311537743
418,459,41,0.082,0.07458645236492158
398,449,51,0.102,0.07297444243356585
394,447,53,0.106,0.07164651127904653
390,445,55,0.11,0.0622929749302566
386,443,57,0.114,0.057642740925773976
358,429,71,0.142,0.05873759500309825
370,435,65,0.13,0.05959488100186343
370,435,65,0.13,0.05891755498910788
396,448,52,0.104,0.06615712640434504
358,429,71,0.142,0.08158932188153267
366,433,67,0.134,0.07660594487190246
360,430,70,0.14,0.08353709730505943
404,452,48,0.096,0.07699226965010166
392,446,54,0.108,0.08269768938049674
414,457,43,0.086,0.06731388241425157
390,445,55,0.11,0.07110277190431953
352,426,74,0.148,0.0655346182603389
384,442,58,0.116,0.05696160692721605
372,436,64,0.128,0.059580012295395134
400,450,50,0.1,0.05518329551449807
384,442,58,0.116,0.05747490352764726
372,436,64,0.128,0.07267384055629372
372,436,64,0.128,0.07683258332684637
370,435,65,0.13,0.07930053354054689
384,442,58,0.116,0.08202804507315159
356,428,72,0.144,0.09704779072850943
364,432,68,0.136,0.09948879863205369
388,444,56,0.112,0.08750303844362498
358,429,71,0.142,0.09813493236133596
370,435,65,0.13,0.08569145324081183
418,459,41,0.082,0.0769199252575636
366,433,67,0.134,0.07972657595574856
406,453,47,0.094,0.06931114978715777
372,436,64,0.128,0.06853008982975735
352,426,74,0.148,0.07197805047035218
362,431,69,0.138,0.06386965302750468
384,442,58,0.116,0.06308961166627705
418,459,41,0.082,0.05936545420344919
400,450,50,0.1,0.059431306791491806
422,461,39,0.078,0.0614105999134481
402,451,49,0.098,0.061778956440044594
390,445,55,0.11,0.06329507563635707
394,447,53,0.106,0.07817216188833118
398,449,51,0.102,0.07584113247692585
408,454,46,0.092,0.06504656429588794
408,454,46,0.092,0.06118991291150451
414,457,43,0.086,0.061467483330518005
384,442,58,0.116,0.0723845250569284
432,466,34,0.068,0.051433264564722775
368,434,66,0.132,0.058925559844821694
408,454,46,0.092,0.06444188746809959
426,463,37,0.074,0.05670315971970558
360,430,70,0.14,0.06507142239207314
372,436,64,0.128,0.10797381847538054
382,441,59,0.118,0.08527105513215065
358,429,71,0.142,0.09630403585731984
372,436,64,0.128,0.10019116271287203
394,447,53,0.106,0.09496151001006364
326,413,87,0.174,0.12071144910156727
362,431,69,0.138,0.10875919127836824
370,435,65,0.13,0.10779626587033272
360,430,70,0.14,0.10422021229192614
366,433,67,0.134,0.10016816078871489
402,451,49,0.098,0.09928733295947313
382,441,59,0.118,0.10089430447161157
378,439,61,0.122,0.08525153362751008
374,437,63,0.126,0.08943329244107008
416,458,42,0.084,0.07950701685622337
400,450,50,0.1,0.0776167970970273
380,440,60,0.12,0.07347405740991235
374,437,63,0.126,0.07984697179496289
344,422,78,0.156,0.10093886348605156
384,442,58,0.116,0.06752789598703385
410,455,45,0.09,0.06890862197056413
356,428,72,0.144,0.09172913963347673
398,449,51,0.102,0.08510862017422914
346,423,77,0.154,0.10530335062742233
382,441,59,0.118,0.08769440330564976
428,464,36,0.072,0.07890390793979171
390,445,55,0.11,0.09387183866649869
380,440,60,0.12,0.08797440703213215
364,432,68,0.136,0.09246674837172031
374,437,63,0.126,0.09094998800754547
434,467,33,0.066,0.06986443165689707
436,468,32,0.064,0.06573115567862987
390,445,55,0.11,0.07691497790813447
364,432,68,0.136,0.07951295327395201
364,432,68,0.136,0.08418706822395328
394,447,53,0.106,0.07089402161166072
364,432,68,0.136,0.07756545847281814
392,446,54,0.108,0.08443713419139386
422,461,39,0.078,0.07773013055324554
384,442,58,0.116,0.08675098091363907
438,469,31,0.062,0.07371936904639005
412,456,44,0.088,0.07063468686537817
400,450,50,0.1,0.06918393455073238
372,436,64,0.128,0.0712754090372473
382,441,59,0.118,0.069381033975631
380,440,60,0.12,0.06667572440952063
398,449,51,0.102,0.06222138411924243
412,456,44,0.088,0.059288674345239996
408,454,46,0.092,0.0602155926808482
386,443,57,0.114,0.06684059835597873
354,427,73,0.146,0.07495488350093364
350,425,75,0.15,0.07854684725403786
412,456,44,0.088,0.06657396137341857
340,420,80,0.16,0.08644670993834734
392,446,54,0.108,0.08347410823404788
348,424,76,0.152,0.0912396019399166
358,429,71,0.142,0.09534604915603995
368,434,66,0.132,0.10299732863157987
366,433,67,0.134,0.10955818529613316
380,440,60,0.12,0.10036068334072354
376,438,62,0.124,0.10412023168802262
398,449,51,0.102,0.11262796062231063
346,423,77,0.154,0.10583529030159115
322,411,89,0.178,0.11284433523981786
400,450,50,0.1,0.10373452547937631
432,466,34,0.068,0.0827708791680634
382,441,59,0.118,0.08013348154723644
414,457,43,0.086,0.06793455909565091
376,438,62,0.124,0.0733470407910645
352,426,74,0.148,0.07050139033049345
356,428,72,0.144,0.07446631639823317
330,415,85,0.17,0.08028932051733136
338,419,81,0.162,0.07741151275113226
424,462,38,0.076,0.07224084639083594
394,447,53,0.106,0.0865251786969602
364,432,68,0.136,0.08759999104589224
402,451,49,0.098,0.08240874619223178
384,442,58,0.116,0.08389568484202027
414,457,43,0.086,0.07698813956603408
372,436,64,0.128,0.07859954635798931
382,441,59,0.118,0.0809016652777791
392,446,54,0.108,0.07014390528202057
412,456,44,0.088,0.0604616380140651
366,433,67,0.134,0.06529292722418907
384,442,58,0.116,0.06555945877358317
408,454,46,0.092,0.07026649975776672
406,453,47,0.094,0.0798425463587046
392,446,54,0.108,0.07549712749570608
366,433,67,0.134,0.07949161810427904
390,445,55,0.11,0.09250193757563832
344,422,78,0.156,0.08476584841357544
338,419,81,0.162,0.08290570757538081
392,446,54,0.108,0.07583936281129718
346,423,77,0.154,0.08773970058560371
390,445,55,0.11,0.09345986978942529
344,422,78,0.156,0.0905839942060411
404,452,48,0.096,0.08534278199635446
366,433,67,0.134,0.09280744267255067
396,448,52,0.104,0.10096209279168397
406,453,47,0.094,0.08843655251711607
362,431,69,0.138,0.09565446781180799
404,452,48,0.096,0.08797158693894744
402,451,49,0.098,0.07580099857598543
368,434,66,0.132,0.08193284805882825
364,432,68,0.136,0.07774767216295003
402,451,49,0.098,0.06976818051189185
398,449,51,0.102,0.06913614921407771
396,448,52,0.104,0.0726807481572032
372,436,64,0.128,0.07171868460997939
358,429,71,0.142,0.08066308123618364
392,446,54,0.108,0.08017947088275104
392,446,54,0.108,0.08739315795898438
368,434,66,0.132,0.09325618650019171
414,457,43,0.086,0.08686344537883997
376,438,62,0.124,0.11765378385338408
348,424,76,0.152,0.1307828126475215
374,437,63,0.126,0.13567856674455106
380,440,60,0.12,0.12001597419381142
348,424,76,0.152,0.23043314611539245
388,444,56,0.112,0.1763604439068586
344,422,78,0.156,0.13733208764344454
388,444,56,0.112,0.12848245414346457
412,456,44,0.088,0.11245328396558761
378,439,61,0.122,0.13968210305273532
366,433,67,0.134,0.07947511256113649
402,451,49,0.098,0.07629627230763435
410,455,45,0.09,0.07965320721268654
392,446,54,0.108,0.08373149731382727
352,426,74,0.148,0.08629641388356686
320,410,90,0.18,0.11452263578027487
404,452,48,0.096,0.07091071654856206
362,431,69,0.138,0.08601763784885406
326,413,87,0.174,0.09225104101002217
398,449,51,0.102,0.07433321370184422
412,456,44,0.088,0.0815817132666707
394,447,53,0.106,0.08210678175464273
362,431,69,0.138,0.08592830473557114
328,414,86,0.172,0.08470288987457752
368,434,66,0.132,0.0824617602522485
412,456,44,0.088,0.06596753639355302
420,460,40,0.08,0.06488876086100936
366,433,67,0.134,0.08318148909136652
384,442,58,0.116,0.06456208994984627
378,439,61,0.122,0.06147360498085618
382,441,59,0.118,0.06665892974179678
364,432,68,0.136,0.075130250941962
352,426,74,0.148,0.07165619477257132
390,445,55,0.11,0.0671170765850693
378,439,61,0.122,0.07818900140374899
366,433,67,0.134,0.08121340814605356
388,444,56,0.112,0.08733990007266403
374,437,63,0.126,0.0774424424637109
370,435,65,0.13,0.07782996169477702
390,445,55,0.11,0.07904172895848752
412,456,44,0.088,0.06723139309883118
378,439,61,0.122,0.07464446809887888
362,431,69,0.138,0.07385354470461607
382,441,59,0.118,0.06263254442368633
378,439,61,0.122,0.06428965755645186
402,451,49,0.098,0.05546714393422007
376,438,62,0.124,0.06072088653407991
348,424,76,0.152,0.06287211785500403
434,467,33,0.066,0.04862546093761921
372,436,64,0.128,0.05670369988307357
382,441,59,0.118,0.06764177890494466
384,442,58,0.116,0.06861665528267621
398,449,51,0.102,0.06109919788688421
382,441,59,0.118,0.06431766923516989
380,440,60,0.12,0.06918818998841743
370,435,65,0.13,0.0767805435471237
390,445,55,0.11,0.06993038073554635
364,432,68,0.136,0.07726004756242037
394,447,53,0.106,0.06511387822031975
414,457,43,0.086,0.06781020835042
392,446,54,0.108,0.06780815234780312
416,458,42,0.084,0.06072370512410998
408,454,46,0.092,0.06456271985918284
344,422,78,0.156,0.07099030860757921
372,436,64,0.128,0.05826720382273197
370,435,65,0.13,0.06627675513550639
384,442,58,0.116,0.07226876258477569
400,450,50,0.1,0.06872396129369736
406,453,47,0.094,0.0724183568507433
360,430,70,0.14,0.07510684297606349
400,450,50,0.1,0.07909949296712876
326,413,87,0.174,0.09086640786752105
368,434,66,0.132,0.08229686638340357
390,445,55,0.11,0.07678190220519901
418,459,41,0.082,0.06884544724225998
372,436,64,0.128,0.07514519792795181
366,433,67,0.134,0.07812225717847468
372,436,64,0.128,0.07707254639826715
396,448,52,0.104,0.0751898978278041
404,452,48,0.096,0.07273762641102076
398,449,51,0.102,0.07660033935494721
426,463,37,0.074,0.06845600427687168
384,442,58,0.116,0.08080758304148912
376,438,62,0.124,0.07149294465780258
350,425,75,0.15,0.06981856726109982
390,445,55,0.11,0.0696399951800704
386,443,57,0.114,0.07031039088964462
370,435,65,0.13,0.06977988646924496
404,452,48,0.096,0.06775943868071772
392,446,54,0.108,0.0713266437612474
362,431,69,0.138,0.07850800624489784
380,440,60,0.12,0.07924782791920006
374,437,63,0.126,0.08602223897911608
334,417,83,0.166,0.08740515268966556
346,423,77,0.154,0.08434058685041965
416,458,42,0.084,0.07292897850787267
414,457,43,0.086,0.07219246137607843
378,439,61,0.122,0.07844321456737817
380,440,60,0.12,0.07459115369617939
378,439,61,0.122,0.07593608173727989
358,429,71,0.142,0.07953770635602996
396,448,52,0.104,0.07598036167025567
332,416,84,0.168,0.08536565312743187
342,421,79,0.158,0.08785981725156307
372,436,64,0.128,0.09046730267256499
388,444,56,0.112,0.08201199801266193
394,447,53,0.106,0.09596850280463695
392,446,54,0.108,0.0866819498538971
352,426,74,0.148,0.09546017529722306
380,440,60,0.12,0.09353928411751986
384,442,58,0.116,0.07798119061999023
370,435,65,0.13,0.086515077508986
402,451,49,0.098,0.0736271090656519
386,443,57,0.114,0.07329571970552744
360,430,70,0.14,0.07632789299637079
388,444,56,0.112,0.0762449383214116
404,452,48,0.096,0.07022140403091907
430,465,35,0.07,0.06628334786742926
382,441,59,0.118,0.07056552773341536
360,430,70,0.14,0.06803900421969593
340,420,80,0.16,0.07293254461325704
370,435,65,0.13,0.07035134829208255
384,442,58,0.116,0.07339015627652407
362,431,69,0.138,0.07810733362287282
390,445,55,0.11,0.08132896906137467
402,451,49,0.098,0.08415368705242872
396,448,52,0.104,0.075598118647933
394,447,53,0.106,0.07335744823515415
402,451,49,0.098,0.06739705958589912
402,451,49,0.098,0.06929926712065936
370,435,65,0.13,0.07094002485554665
350,425,75,0.15,0.07467947776778601
392,446,54,0.108,0.0720614951364696
388,444,56,0.112,0.07381662292033433
400,450,50,0.1,0.07487686304003001
386,443,57,0.114,0.08019173422455787
374,437,63,0.126,0.07897832999378443
388,444,56,0.112,0.0741620900593698
394,447,53,0.106,0.06969242104142905
402,451,49,0.098,0.06639484588056803
382,441,59,0.118,0.06912114888429642
384,442,58,0.116,0.06714936082810163
380,440,60,0.12,0.06994044363498687
394,447,53,0.106,0.06636133819073439
422,461,39,0.078,0.06284043283574284
396,448,52,0.104,0.06843230586126446
380,440,60,0.12,0.0688899575509131
394,447,53,0.106,0.06988426211476326
370,435,65,0.13,0.07313361003994942
420,460,40,0.08,0.07133821339160204
366,433,67,0.134,0.07806936466693878
422,461,39,0.078,0.07293054024875165
358,429,71,0.142,0.08263354381173849
362,431,69,0.138,0.07666489268094301
374,437,63,0.126,0.07511150916293263
404,452,48,0.096,0.07377012933045626
384,442,58,0.116,0.07825094956159592
366,433,67,0.134,0.08048399007320405
418,459,41,0.082,0.07443938598164823
382,441,59,0.118,0.08026244951279841
430,465,35,0.07,0.07370888520777226
382,441,59,0.118,0.0775511064939201
392,446,54,0.108,0.07612201673910021
370,435,65,0.13,0.08375044261664152
386,443,57,0.114,0.07898454293608666
340,420,80,0.16,0.08975775825977325
370,435,65,0.13,0.0887910333648324
396,448,52,0.104,0.09348998971283436
430,465,35,0.07,0.09131088897585869
380,440,60,0.12,0.0972869661822915
354,427,73,0.146,0.09993852294236422
386,443,57,0.114,0.09826745093613863
386,443,57,0.114,0.10462275005877018
342,421,79,0.158,0.09786168960481882
386,443,57,0.114,0.09067407829686999
366,433,67,0.134,0.09158003910351545
388,444,56,0.112,0.08542824129015207
412,456,44,0.088,0.07800767495855689
392,446,54,0.108,0.08455889099789783
368,434,66,0.132,0.08679476592689753
374,437,63,0.126,0.08513175665959716
428,464,36,0.072,0.07746037936210633
348,424,76,0.152,0.08816275660693645
410,455,45,0.09,0.0810311465896666
402,451,49,0.098,0.08021153035759926
394,447,53,0.106,0.08182465083897114
420,460,40,0.08,0.07869436240009964
356,428,72,0.144,0.09653561730682855
368,434,66,0.132,0.08456889516115189
364,432,68,0.136,0.10568623969703912
336,418,82,0.164,0.1283457073941827
370,435,65,0.13,0.10901408312469721
350,425,75,0.15,0.11458486068993806
386,443,57,0.114,0.10794775062365806
392,446,54,0.108,0.13189934505522252
408,454,46,0.092,0.11270179441571236
370,435,65,0.13,0.10222866995632648
346,423,77,0.154,0.12122127761324498
396,448,52,0.104,0.0994622781574726
372,436,64,0.128,0.10582620663940906
404,452,48,0.096,0.10146099843084812
384,442,58,0.116,0.09560730223357677
388,444,56,0.112,0.1002039947360754
400,450,50,0.1,0.09513523844629526
388,444,56,0.112,0.10380383165925741
344,422,78,0.156,0.11270365974570251
364,432,68,0.136,0.0932614583298564
364,432,68,0.136,0.1061421839222312
394,447,53,0.106,0.09545217843353748
360,430,70,0.14,0.1015965685620904
368,434,66,0.132,0.13969695074111224
378,439,61,0.122,0.10836101271212101
330,415,85,0.17,0.11618571434915066
366,433,67,0.134,0.11516349251568317
360,430,70,0.14,0.1259148323610425
398,449,51,0.102,0.10364425538480282
396,448,52,0.104,0.10543351654708386
378,439,61,0.122,0.10396854988485575
396,448,52,0.104,0.08792374126659706
420,460,40,0.08,0.08252773067260954
416,458,42,0.084,0.06641447575762868
368,434,66,0.132,0.0698014371395111
328,414,86,0.172,0.07110763235390186
364,432,68,0.136,0.06776572153344751
362,431,69,0.138,0.07833596458286048
386,443,57,0.114,0.08068704355508088
392,446,54,0.108,0.08252332156896591
330,415,85,0.17,0.0923773033320904
380,440,60,0.12,0.08980041798204183
360,430,70,0.14,0.09321513102203645
418,459,41,0.082,0.08348243115097284
416,458,42,0.084,0.08443081869923594
396,448,52,0.104,0.07741851376742125
372,436,64,0.128,0.07945561439543962
396,448,52,0.104,0.07227825271338227
424,462,38,0.076,0.06739577419562329
404,452,48,0.096,0.07650862483823641
386,443,57,0.114,0.06589936430007219
368,434,66,0.132,0.08085090797767043
366,433,67,0.134,0.07103045569360256
356,428,72,0.144,0.07554704746603966
374,437,63,0.126,0.07151197797805071
372,436,64,0.128,0.07621272122114897
380,440,60,0.12,0.08094999865442515
380,440,60,0.12,0.08155236383527517
370,435,65,0.13,0.07801553373784777
392,446,54,0.108,0.08171425519883632
346,423,77,0.154,0.08636963761597871
358,429,71,0.142,0.08858371198922396
406,453,47,0.094,0.08705475341528654
346,423,77,0.154,0.09186975652724505
406,453,47,0.094,0.10202727773785591
364,432,68,0.136,0.11217772611230611
384,442,58,0.116,0.09582879885286093
378,439,61,0.122,0.09972060055285692
424,462,38,0.076,0.07546651561558247
408,454,46,0.092,0.07967392224818468
374,437,63,0.126,0.07957203049212694
396,448,52,0.104,0.07496161219850182
400,450,50,0.1,0.06469193217903375
322,411,89,0.178,0.07527996250241994
378,439,61,0.122,0.06868143239291385
376,438,62,0.124,0.07043238029256463
414,457,43,0.086,0.07557763782445182
374,437,63,0.126,0.08236630546674133
388,444,56,0.112,0.08162154173851013
384,442,58,0.116,0.07860429818183183
368,434,66,0.132,0.08555574698001146
358,429,71,0.142,0.08695436246693135
344,422,78,0.156,0.08935656397790132
390,445,55,0.11,0.08469927240163087
422,461,39,0.078,0.07551811650395393
398,449,51,0.102,0.08367961743474006
446,473,27,0.054,0.06773223370313644
394,447,53,0.106,0.07389415910840035
380,440,60,0.12,0.06730250357463956
356,428,72,0.144,0.07215548128262285
384,442,58,0.116,0.06495314623415473
410,455,45,0.09,0.06266467949189246
386,443,57,0.114,0.06384094770997763
362,431,69,0.138,0.06858347833529115
362,431,69,0.138,0.07105006083101034
394,447,53,0.106,0.06703242721781134
392,446,54,0.108,0.08612388411164283
372,436,64,0.128,0.08466002169251442
396,448,52,0.104,0.0853149285390973
362,431,69,0.138,0.08867708924412727
388,444,56,0.112,0.0806352264918387
416,458,42,0.084,0.07857481918111443
384,442,58,0.116,0.07617184745147824
384,442,58,0.116,0.07578646972775459
382,441,59,0.118,0.061379898872226474
370,435,65,0.13,0.06492515578866005
380,440,60,0.12,0.06437202463299035
358,429,71,0.142,0.06481132470816374
432,466,34,0.068,0.05996275997674093
412,456,44,0.088,0.062221213959157466
368,434,66,0.132,0.06801336424984038
396,448,52,0.104,0.06440706478431821
376,438,62,0.124,0.06612115135788921
342,421,79,0.158,0.07414725599437952
426,463,37,0.074,0.06527885356545449
364,432,68,0.136,0.07931965965032578
372,436,64,0.128,0.08725786360353234
380,440,60,0.12,0.07838053189218044
362,431,69,0.138,0.087244445823133
348,424,76,0.152,0.0985726533010602
376,438,62,0.124,0.1238899654597044
356,428,72,0.144,0.11996122654527426
390,445,55,0.11,0.10960705848783255
354,427,73,0.146,0.09092762522399425
374,437,63,0.126,0.11149865047633647
460,480,20,0.04,0.06681956987082958
382,441,59,0.118,0.09447177045792342
400,450,50,0.1,0.07234944267571596
370,435,65,0.13,0.08363679628819227
440,470,30,0.06,0.08746624286100269
324,412,88,0.176,0.09562362182885409
378,439,61,0.122,0.13863418981805445
392,446,54,0.108,0.07249535433202982
316,408,92,0.184,0.08334865008294583
404,452,48,0.096,0.06952894058078528
412,456,44,0.088,0.07823502171039581
386,443,57,0.114,0.10237767621129751
354,427,73,0.146,0.10070796895772219
392,446,54,0.108,0.08108554211258888
358,429,71,0.142,0.09104461083561181
408,454,46,0.092,0.10192576041072607
384,442,58,0.116,0.0858519998267293
372,436,64,0.128,0.10187661887705327
390,445,55,0.11,0.07205236022919416
380,440,60,0.12,0.1015708600804231
414,457,43,0.086,0.06743723130598664
384,442,58,0.116,0.07145454392582178
410,455,45,0.09,0.06385880437027663
322,411,89,0.178,0.07585449621081353
380,440,60,0.12,0.06658228513039649
392,446,54,0.108,0.06921453314274549
260,380,120,0.24,0.0890122361779213
414,457,43,0.086,0.07760114516690374
406,453,47,0.094,0.07868592717731372
400,450,50,0.1,0.08095749080181122
380,440,60,0.12,0.08163555170595646
362,431,69,0.138,0.09080216170847416
418,459,41,0.082,0.07082181196659804
372,436,64,0.128,0.07275065606087447
418,459,41,0.082,0.06135545125603676
306,403,97,0.194,0.0769614881388843
344,422,78,0.156,0.06839988444373012
348,424,76,0.152,0.0679511632937938
394,447,53,0.106,0.07257117898762226
396,448,52,0.104,0.06337544707208875
396,448,52,0.104,0.07087145264625223
346,423,77,0.154,0.06679700781404972
370,435,65,0.13,0.062129634194076064
430,465,35,0.07,0.06016519915685058
378,439,61,0.122,0.062342861529439686
366,433,67,0.134,0.06266037571430207
386,443,57,0.114,0.06070543692447245
414,457,43,0.086,0.058051124364137646
382,441,59,0.118,0.06351356196776033
400,450,50,0.1,0.05934192984178662
376,438,62,0.124,0.06107904234342277
424,462,38,0.076,0.055704205971211194
374,437,63,0.126,0.05896246191160753
412,456,44,0.088,0.05316345221037045
388,444,56,0.112,0.05498302429355681
374,437,63,0.126,0.059357973344624046
400,450,50,0.1,0.056963350698351886
388,444,56,0.112,0.061989569656565435
374,437,63,0.126,0.07486250777821987
386,443,57,0.114,0.07548236029967666
372,436,64,0.128,0.07196712455525994
418,459,41,0.082,0.07752341838926077
412,456,44,0.088,0.06661032885313034
376,438,62,0.124,0.08438477342575788
398,449,51,0.102,0.08166314186155796
364,432,68,0.136,0.07920413009822369
392,446,54,0.108,0.0715234130434692
390,445,55,0.11,0.06656251244992017
374,437,63,0.126,0.0689724919423461
370,435,65,0.13,0.07283400814980269
404,452,48,0.096,0.06806612937152386
392,446,54,0.108,0.0750229923427105
396,448,52,0.104,0.07036753899604083
380,440,60,0.12,0.07757111908175283
398,449,51,0.102,0.07757312445854768
390,445,55,0.11,0.06632775254175068
386,443,57,0.114,0.06710778461396694
394,447,53,0.106,0.07933430569246414
434,467,33,0.066,0.06444531138241291
422,461,39,0.078,0.09838350133597851
384,442,58,0.116,0.10744097130000592
340,420,80,0.16,0.09386677365005017
400,450,50,0.1,0.111302864857018
306,403,97,0.194,0.19329285308012614
384,442,58,0.116,0.2422344034400303
392,446,54,0.108,0.11080091621726751
348,424,76,0.152,0.1342700622007251
370,435,65,0.13,0.17054914486408235
396,448,52,0.104,0.1490982156607788
342,421,79,0.158,0.15601910704374314
366,433,67,0.134,0.0941418919712305
368,434,66,0.132,0.11455031688511372
382,441,59,0.118,0.1294408376291394
376,438,62,0.124,0.10936610894650221
398,449,51,0.102,0.08758544386923313
372,436,64,0.128,0.1500334017432615
414,457,43,0.086,0.11893773780763149
378,439,61,0.122,0.12290202493262475
374,437,63,0.126,0.10415576162980869
392,446,54,0.108,0.12233863079547883
376,438,62,0.124,0.14488420003652572
376,438,62,0.124,0.09649538388848304
320,410,90,0.18,0.09356424600630998
414,457,43,0.086,0.09729449103400112
366,433,67,0.134,0.11237207154557112
392,446,54,0.108,0.08821975127014796
384,442,58,0.116,0.09949562673270702
340,420,80,0.16,0.13543502201633972
370,435,65,0.13,0.12653554937281297
402,451,49,0.098,0.1281937634795904
348,424,76,0.152,0.1352009656764567
410,455,45,0.09,0.1029311301484704
410,455,45,0.09,0.11695385087281465
388,444,56,0.112,0.09807659964263439
408,454,46,0.092,0.09114919140189887
370,435,65,0.13,0.08743841329216957
392,446,54,0.108,0.0979851219970733
388,444,56,0.112,0.07447894833981991
394,447,53,0.106,0.0699837399572134
366,433,67,0.134,0.09552248376980424
364,432,68,0.136,0.08701843164861202
362,431,69,0.138,0.09054590274247584
316,408,92,0.184,0.12168980987160563
352,426,74,0.148,0.09889119255542755
372,436,64,0.128,0.10443146010488275
394,447,53,0.106,0.09651160504668951
392,446,54,0.108,0.09215552423149348
406,453,47,0.094,0.09206073101609945
394,447,53,0.106,0.11630649015400558
342,421,79,0.158,0.12350227365642787
328,414,86,0.172,0.10262327203899622
358,429,71,0.142,0.12697779507773999
364,432,68,0.136,0.13003378242611507
428,464,36,0.072,0.09300990536063909
404,452,48,0.096,0.10146543437987567
386,443,57,0.114,0.12106642098608426
382,441,59,0.118,0.10838710922002792
378,439,61,0.122,0.120197719301033
356,428,72,0.144,0.11556302563101056
370,435,65,0.13,0.14067551913298668
386,443,57,0.114,0.11953972244484237
398,449,51,0.102,0.10420381353795528
378,439,61,0.122,0.1189792992696166
412,456,44,0.088,0.09367291760444642
342,421,79,0.158,0.10260713424533606
380,440,60,0.12,0.10815120131522417
384,442,58,0.116,0.10188703234028071
364,432,68,0.136,0.09835996523068752
372,436,64,0.128,0.10689734552055598
370,435,65,0.13,0.134310481858789
360,430,70,0.14,0.11096728790551424
366,433,67,0.134,0.12980364369261224
332,416,84,0.168,0.11654233725368976
372,436,64,0.128,0.11525514952093363
368,434,66,0.132,0.10774172880128026
412,456,44,0.088,0.10002274786308407
400,450,50,0.1,0.09197060310095549
368,434,66,0.132,0.09222015288956163
380,440,60,0.12,0.08215988790709525
376,438,62,0.124,0.07986792857758704
396,448,52,0.104,0.0738065777271986
392,446,54,0.108,0.07733150383092163
390,445,55,0.11,0.0820009089820087
388,444,56,0.112,0.08206804023683072
386,443,57,0.114,0.08304054044187069
390,445,55,0.11,0.08984567249193788
352,426,74,0.148,0.10441124232858419
384,442,58,0.116,0.09315110826864839
392,446,54,0.108,0.10007106256484985
376,438,62,0.124,0.11132388654351234
376,438,62,0.124,0.11003035648912192
364,432,68,0.136,0.11293470007041469
402,451,49,0.098,0.09711060117185116
370,435,65,0.13,0.1081204554438591
408,454,46,0.092,0.09844235455989837
382,441,59,0.118,0.10224244513470188
362,431,69,0.138,0.10352085857372731
410,455,45,0.09,0.09223062140494585
388,444,56,0.112,0.09468265154212713
366,433,67,0.134,0.10086253247223795
368,434,66,0.132,0.09980639947205781
362,431,69,0.138,0.10142423201166094
390,445,55,0.11,0.09361928030848503
346,423,77,0.154,0.10198534221760928
378,439,61,0.122,0.10639629054814577
404,452,48,0.096,0.10149337825924158
392,446,54,0.108,0.1040880407653749
424,462,38,0.076,0.09714007513225079
370,435,65,0.13,0.1148576588444412
358,429,71,0.142,0.11952104556369159
384,442,58,0.116,0.1189399698176561
366,433,67,0.134,0.18941452948749077
392,446,54,0.108,0.13921771292388438
400,450,50,0.1,0.1428391319513321
384,442,58,0.116,0.2064867754690349
426,463,37,0.074,0.1152186620235443
400,450,50,0.1,0.10295353892445565
352,426,74,0.148,0.1812287917403164
414,457,43,0.086,0.09739240221679213
374,437,63,0.126,0.12414840137958527
364,432,68,0.136,0.10016976319998502
388,444,56,0.112,0.11520893904566765
414,457,43,0.086,0.09932209114730359
376,438,62,0.124,0.1094955222979188
386,443,57,0.114,0.1133088102787892
418,459,41,0.082,0.09617826575040818
388,444,56,0.112,0.09501001331955194
402,451,49,0.098,0.0920317203336599
400,450,50,0.1,0.07986760266125202
382,441,59,0.118,0.08881558494269848
388,444,56,0.112,0.09117582265287641
358,429,71,0.142,0.08841645846515894
416,458,42,0.084,0.08079481537640094
398,449,51,0.102,0.08808685745298862
408,454,46,0.092,0.07527952828258276
416,458,42,0.084,0.0822688576132059
376,438,62,0.124,0.09551032007485628
370,435,65,0.13,0.0754326689615846
420,460,40,0.08,0.07227386664599181
380,440,60,0.12,0.08862725778201595
392,446,54,0.108,0.09576199195533991
396,448,52,0.104,0.07113476764410734
422,461,39,0.078,0.07462918401509523
382,441,59,0.118,0.08312764341384173
378,439,61,0.122,0.09026918986666382
364,432,68,0.136,0.08784419141709804
356,428,72,0.144,0.09731383975595236
360,430,70,0.14,0.09417538095265626
372,436,64,0.128,0.09283469893038272
402,451,49,0.098,0.09031234669685363
366,433,67,0.134,0.09877310521155595
390,445,55,0.11,0.10389924863725901
398,449,51,0.102,0.09914568307250739
372,436,64,0.128,0.09982426747679711
380,440,60,0.12,0.11102849928289651
370,435,65,0.13,0.08764775101840495
322,411,89,0.178,0.10092814473807812
380,440,60,0.12,0.11076043785363436
362,431,69,0.138,0.10809458561986685
368,434,66,0.132,0.09100328458100557
364,432,68,0.136,0.09349385466426612
382,441,59,0.118,0.11335014836490157
368,434,66,0.132,0.10302601398527622
420,460,40,0.08,0.09641133781522512
394,447,53,0.106,0.0916805371567607
378,439,61,0.122,0.08695805316418409
366,433,67,0.134,0.09471607088297608
354,427,73,0.146,0.09376601273566484
390,445,55,0.11,0.07979404469579458
368,434,66,0.132,0.08801894197129013
360,430,70,0.14,0.09541160356998443
408,454,46,0.092,0.07771369444206357
374,437,63,0.126,0.0921835002452135
406,453,47,0.094,0.07379842492489842
372,436,64,0.128,0.08045744911953807
396,448,52,0.104,0.0689285907074809
394,447,53,0.106,0.06902788947150114
346,423,77,0.154,0.07369917044788599
350,425,75,0.15,0.08234260145947338
388,444,56,0.112,0.0817275722809136
400,450,50,0.1,0.07387513568159193
412,456,44,0.088,0.08728074882924557
394,447,53,0.106,0.08099967119097709
416,458,42,0.084,0.08821883628726937
380,440,60,0.12,0.08499232132919132
358,429,71,0.142,0.07406869952956913
416,458,42,0.084,0.06157253652438521
394,447,53,0.106,0.0628293165192008
382,441,59,0.118,0.0704117856274388
346,423,77,0.154,0.06545077558606863
362,431,69,0.138,0.0654364682585001
398,449,51,0.102,0.062406835794448855
350,425,75,0.15,0.06848898661881687
386,443,57,0.114,0.06474186908453702
350,425,75,0.15,0.07138272162975044
354,427,73,0.146,0.07913382640853524
358,429,71,0.142,0.08477940795570613
378,439,61,0.122,0.07911450799247641
