log_avg_ept_score,log_avg_succ_req,log_avg_blk_req,log_avg_BP_req,log_avg_entropy
110,555,445,0.445,1.6076953167915344
90,545,455,0.455,1.6076090930700302
146,573,427,0.427,1.6075285308361054
110,555,445,0.445,1.6074015501737595
108,554,446,0.446,1.6063148432970047
134,567,433,0.433,1.606145877957344
94,547,453,0.453,1.6059354457855224
86,543,457,0.457,1.6059914569854736
106,553,447,0.447,1.6035121165513992
142,571,429,0.429,1.603095949411392
122,561,439,0.439,1.6028897109031677
72,536,464,0.464,1.602446571111679
134,567,433,0.433,1.597725202679634
100,550,450,0.45,1.5974088965654374
158,579,421,0.421,1.5961641591787339
184,592,408,0.408,1.5962246141433716
154,577,423,0.423,1.589342431306839
162,581,419,0.419,1.58810580432415
136,568,432,0.432,1.5853396751880646
208,604,396,0.396,1.5854160565137863
98,549,451,0.451,1.576125977396965
178,589,411,0.411,1.57335744535923
154,577,423,0.423,1.570615110874176
140,570,430,0.43,1.5695062309503556
158,579,421,0.421,1.5478851666450502
222,611,389,0.389,1.5435829269886017
222,611,389,0.389,1.5336198737621307
224,612,388,0.388,1.5310751616954803
326,663,337,0.337,1.4677005014121531
290,645,355,0.355,1.4485679023265838
342,671,329,0.329,1.4304205419421196
346,673,327,0.327,1.4005943527817726
418,709,291,0.291,1.2568791410177946
426,713,287,0.287,1.1778837004005909
384,692,308,0.308,1.1767694591134787
502,751,249,0.249,1.1191264095306397
538,769,231,0.231,0.8858061733022332
570,785,215,0.215,0.8047917486145161
634,817,183,0.183,0.7746148056173697
598,799,201,0.201,0.7356080535133369
668,834,166,0.166,0.48283913637010845
748,874,126,0.126,0.3990984017367591
728,864,136,0.136,0.3566833240621345
636,818,182,0.182,0.3606319720415304
720,860,140,0.14,0.21095889718683908
700,850,150,0.15,0.211174605792854
778,889,111,0.111,0.19696003713871676
762,881,119,0.119,0.18583210738457093
704,852,148,0.148,0.19514403525053423
682,841,159,0.159,0.20262083182914012
748,874,126,0.126,0.2134521238682137
728,864,136,0.136,0.19711033286832388
806,903,97,0.097,0.19633284014425045
742,871,129,0.129,0.2007586771483693
674,837,163,0.163,0.18639798373724442
690,845,155,0.155,0.1751198327106249
698,849,151,0.151,0.192922685349689
770,885,115,0.115,0.16420217726879127
674,837,163,0.163,0.17509085702215815
764,882,118,0.118,0.1495955354289781
762,881,119,0.119,0.13253536012276526
742,871,129,0.129,0.13973461792522177
756,878,122,0.122,0.12469286432429726
824,912,88,0.088,0.11595792537416127
758,879,121,0.121,0.11870411357108424
688,844,156,0.156,0.11291769442814234
804,902,98,0.098,0.11011927697770807
712,856,144,0.144,0.11555750556723182
726,863,137,0.137,0.1271069560400092
796,898,102,0.102,0.12308435208048468
716,858,142,0.142,0.12820187877009448
736,868,132,0.132,0.11422705601266171
706,853,147,0.147,0.1267114494635357
786,893,107,0.107,0.11590534909975031
708,854,146,0.146,0.11850184851672929
778,889,111,0.111,0.09349736156474456
756,878,122,0.122,0.09965364405978153
728,864,136,0.136,0.11091866412491891
752,876,124,0.124,0.11260684459044114
782,891,109,0.109,0.10414892346813531
726,863,137,0.137,0.09760919895110783
706,853,147,0.147,0.11433770420337896
806,903,97,0.097,0.11407994393688478
792,896,104,0.104,0.09124619275421174
712,856,144,0.144,0.10720085510055105
740,870,130,0.13,0.12478896772559528
774,887,113,0.113,0.09322651135663546
728,864,136,0.136,0.10942511626505029
728,864,136,0.136,0.10802482845267468
738,869,131,0.131,0.11877636221953253
722,861,139,0.139,0.11000045704108562
704,852,148,0.148,0.13601683193539066
732,866,134,0.134,0.11486772254808056
796,898,102,0.102,0.11325598049959808
726,863,137,0.137,0.1092945295200825
772,886,114,0.114,0.10057065836841503
730,865,135,0.135,0.1028446176489546
794,897,103,0.103,0.10035515702458542
764,882,118,0.118,0.09943660946226374
766,883,117,0.117,0.08876447191358511
762,881,119,0.119,0.09469364280830041
782,891,109,0.109,0.0871847777030689
804,902,98,0.098,0.07964931930010957
764,882,118,0.118,0.09385883158981881
732,866,134,0.134,0.08846400738686588
794,897,103,0.103,0.08937939412583729
808,904,96,0.096,0.07629649490443989
758,879,121,0.121,0.07850218460953692
808,904,96,0.096,0.0936890808327853
804,902,98,0.098,0.08708356782521515
772,886,114,0.114,0.08977148403232059
738,869,131,0.131,0.08263892663168372
724,862,138,0.138,0.1011808259189279
752,876,124,0.124,0.09136765236608425
744,872,128,0.128,0.08860225201404376
708,854,146,0.146,0.10733973448376184
786,893,107,0.107,0.0806174401092693
746,873,127,0.127,0.10961941673023103
794,897,103,0.103,0.07331338840551974
802,901,99,0.099,0.08200209049119439
750,875,125,0.125,0.07845815302327173
766,883,117,0.117,0.09085157228768549
730,865,135,0.135,0.07839371817594833
784,892,108,0.108,0.08113484173340839
740,870,130,0.13,0.07292750367879672
700,850,150,0.15,0.08366834820632221
786,893,107,0.107,0.08749567293333894
742,871,129,0.129,0.07689657030619038
688,844,156,0.156,0.07951692164839005
782,891,109,0.109,0.06674129634323345
784,892,108,0.108,0.07455702308038463
754,877,123,0.123,0.07981201089434034
758,879,121,0.121,0.07636906292299227
724,862,138,0.138,0.08154974215663333
814,907,93,0.093,0.06865471896658346
786,893,107,0.107,0.0628794070115814
742,871,129,0.129,0.0697019353955693
774,887,113,0.113,0.06397475879852754
760,880,120,0.12,0.07515561564616655
712,856,144,0.144,0.06487075293411544
772,886,114,0.114,0.07195712632771756
764,882,118,0.118,0.06548928054552465
782,891,109,0.109,0.06375496627934
754,877,123,0.123,0.054410829985317835
798,899,101,0.101,0.059023317324216805
738,869,131,0.131,0.072120173564781
724,862,138,0.138,0.07868232005645359
776,888,112,0.112,0.07200819680238524
656,828,172,0.172,0.07697143315148605
792,896,104,0.104,0.0694680188813477
704,852,148,0.148,0.07531727438657822
720,860,140,0.14,0.06058614900840712
806,903,97,0.097,0.06135217880806158
762,881,119,0.119,0.07352640253451773
794,897,103,0.103,0.05245675614183932
738,869,131,0.131,0.05602381614120602
774,887,113,0.113,0.05170297043881828
760,880,120,0.12,0.06267261990032642
692,846,154,0.154,0.06293703606843519
756,878,122,0.122,0.05766508451797378
814,907,93,0.093,0.05691905684736048
706,853,147,0.147,0.0523916505879497
762,881,119,0.119,0.05348167226350324
728,864,136,0.136,0.05769394066111272
752,876,124,0.124,0.06359519794927473
744,872,128,0.128,0.06173994565433554
718,859,141,0.141,0.06009628246935813
718,859,141,0.141,0.0746955799604842
780,890,110,0.11,0.05526677291566694
790,895,105,0.105,0.055720180539436115
798,899,101,0.101,0.06417930585159706
694,847,153,0.153,0.0657463826994599
794,897,103,0.103,0.06213023462894307
718,859,141,0.141,0.060159765832354425
736,868,132,0.132,0.06836944351997999
760,880,120,0.12,0.045751435430036055
772,886,114,0.114,0.05762546362575449
746,873,127,0.127,0.06162236369390666
662,831,169,0.169,0.0627000332596499
776,888,112,0.112,0.05190931617589989
738,869,131,0.131,0.06284290931560466
718,859,141,0.141,0.06229415443597827
740,870,130,0.13,0.05475072420417609
824,912,88,0.088,0.043302355032987294
748,874,126,0.126,0.0542560035696597
810,905,95,0.095,0.05533479736657273
734,867,133,0.133,0.0685431791289758
818,909,91,0.091,0.04227593882712108
770,885,115,0.115,0.04810893187267902
766,883,117,0.117,0.041035982881792735
686,843,157,0.157,0.05163494018497248
762,881,119,0.119,0.047529865882129346
774,887,113,0.113,0.05349801001033859
808,904,96,0.096,0.05455050248176303
672,836,164,0.164,0.051939654173904726
786,893,107,0.107,0.047326410826080974
774,887,113,0.113,0.03764701717062849
736,868,132,0.132,0.04749400452052405
834,917,83,0.083,0.041626151221508735
762,881,119,0.119,0.03804114710987608
768,884,116,0.116,0.034504954977182936
732,866,134,0.134,0.045580105721211454
728,864,136,0.136,0.045187147888118485
724,862,138,0.138,0.04641929292832424
746,873,127,0.127,0.03778951935974652
768,884,116,0.116,0.05299455702465184
842,921,79,0.079,0.03529527165694162
788,894,106,0.106,0.036707019202869104
778,889,111,0.111,0.0453660880489989
780,890,110,0.11,0.03913373904212722
734,867,133,0.133,0.040128645798057534
780,890,110,0.11,0.030424807117748514
806,903,97,0.097,0.030393931588858693
756,878,122,0.122,0.03866184189908267
768,884,116,0.116,0.04171844895620177
750,875,125,0.125,0.03713434045936663
774,887,113,0.113,0.036338462438266446
768,884,116,0.116,0.03909895644853452
786,893,107,0.107,0.04924244496939792
750,875,125,0.125,0.04296480068065371
780,890,110,0.11,0.028799192271716036
770,885,115,0.115,0.023011117866945142
740,870,130,0.13,0.04022089987432832
782,891,109,0.109,0.028393076545856388
746,873,127,0.127,0.03782882612504318
814,907,93,0.093,0.0390117630637576
734,867,133,0.133,0.032404413058844284
768,884,116,0.116,0.03222868168892012
756,878,122,0.122,0.03463683595381076
760,880,120,0.12,0.03944034520507966
842,921,79,0.079,0.03374286594387894
762,881,119,0.119,0.050383950511128435
790,895,105,0.105,0.03602702954314157
690,845,155,0.155,0.03872243323451144
780,890,110,0.11,0.033254858734492104
786,893,107,0.107,0.036351895060984074
768,884,116,0.116,0.03969333767511671
784,892,108,0.108,0.036035592368291645
794,897,103,0.103,0.028888504160218872
764,882,118,0.118,0.0423906882719071
706,853,147,0.147,0.037517241930300316
786,893,107,0.107,0.04095792810331
742,871,129,0.129,0.04336671247910823
748,874,126,0.126,0.034834168065840915
730,865,135,0.135,0.040244615203167085
776,888,112,0.112,0.037275699083589874
754,877,123,0.123,0.03859056243116788
746,873,127,0.127,0.03404168700509308
768,884,116,0.116,0.03496731138017572
712,856,144,0.144,0.05156650380213614
794,897,103,0.103,0.04476040324753058
756,878,122,0.122,0.03896750432999579
726,863,137,0.137,0.03969359418406421
764,882,118,0.118,0.032222889868239235
740,870,130,0.13,0.03053229790086607
788,894,106,0.106,0.03481037097413468
760,880,120,0.12,0.02985048538257564
838,919,81,0.081,0.028104306312342942
756,878,122,0.122,0.02496397679887133
746,873,127,0.127,0.03013862534317292
762,881,119,0.119,0.036892000514970644
792,896,104,0.104,0.023149117884418046
748,874,126,0.126,0.03669985409662507
744,872,128,0.128,0.0327314507576598
740,870,130,0.13,0.041666782005750067
752,876,124,0.124,0.03579208203613507
804,902,98,0.098,0.03102625319696017
792,896,104,0.104,0.025146125886961274
782,891,109,0.109,0.033542088519254436
724,862,138,0.138,0.02896187671256848
800,900,100,0.1,0.037974213819215265
720,860,140,0.14,0.039595825242254634
770,885,115,0.115,0.03508706715034521
828,914,86,0.086,0.023657476036865206
794,897,103,0.103,0.022295180389246525
768,884,116,0.116,0.026949118522107938
744,872,128,0.128,0.030621067726751564
796,898,102,0.102,0.030015510441959405
774,887,113,0.113,0.032582739059499544
754,877,123,0.123,0.03411745945820758
736,868,132,0.132,0.03533353347262323
818,909,91,0.091,0.03493487436758323
816,908,92,0.092,0.0262119529786587
738,869,131,0.131,0.04653478212865491
740,870,130,0.13,0.038241714096671785
748,874,126,0.126,0.038012200556677894
718,859,141,0.141,0.0384165356188751
688,844,156,0.156,0.03957876518767012
770,885,115,0.115,0.04165690078466562
770,885,115,0.115,0.02986743062566234
750,875,125,0.125,0.04389464718573527
756,878,122,0.122,0.04200590100095431
758,879,121,0.121,0.039564971641386365
742,871,129,0.129,0.03165472070166925
794,897,103,0.103,0.03384668356556927
742,871,129,0.129,0.036706122493875684
694,847,153,0.153,0.029796956184549403
728,864,136,0.136,0.04241433664582553
762,881,119,0.119,0.03733913192757882
782,891,109,0.109,0.02724300522755554
748,874,126,0.126,0.027083743413579213
742,871,129,0.129,0.03941717189085375
756,878,122,0.122,0.022579119157157806
736,868,132,0.132,0.027451109788564992
770,885,115,0.115,0.028821674318955787
728,864,136,0.136,0.020891533580719938
794,897,103,0.103,0.03679581523102661
754,877,123,0.123,0.03170896926879274
722,861,139,0.139,0.037970834010260315
724,862,138,0.138,0.03592319284999428
748,874,126,0.126,0.03405468771336001
778,889,111,0.111,0.03635033938463562
770,885,115,0.115,0.03497647533821691
746,873,127,0.127,0.031559105498514324
790,895,105,0.105,0.035161736695521056
820,910,90,0.09,0.032316466912092265
734,867,133,0.133,0.035638181159686026
782,891,109,0.109,0.033770323438619014
698,849,151,0.151,0.03449706578736448
768,884,116,0.116,0.03144622981831208
766,883,117,0.117,0.03660493924842999
738,869,131,0.131,0.028660866550879974
754,877,123,0.123,0.02938879581434958
750,875,125,0.125,0.03872399394263175
736,868,132,0.132,0.029405780954612055
788,894,106,0.106,0.028644062730144016
716,858,142,0.142,0.04235661634418642
746,873,127,0.127,0.028437054287970567
724,862,138,0.138,0.03603639521162859
768,884,116,0.116,0.029833814231407133
740,870,130,0.13,0.027881588817407304
806,903,97,0.097,0.027327202312456847
742,871,129,0.129,0.030762825924681693
740,870,130,0.13,0.022818964129967725
696,848,152,0.152,0.03401263564377882
792,896,104,0.104,0.031502899734756964
800,900,100,0.1,0.023215412343113712
752,876,124,0.124,0.027420831552470645
798,899,101,0.101,0.023262484664009663
800,900,100,0.1,0.02387430731751209
796,898,102,0.102,0.033001079741241765
708,854,146,0.146,0.031863945415388346
796,898,102,0.102,0.024839992843700018
792,896,104,0.104,0.027753449658679843
730,865,135,0.135,0.03193351632893683
760,880,120,0.12,0.03284497213789004
760,880,120,0.12,0.029625708797051856
754,877,123,0.123,0.034279581818970936
812,906,94,0.094,0.025981156957886428
744,872,128,0.128,0.028670900886874278
692,846,154,0.154,0.023714632057720904
794,897,103,0.103,0.023263328096852092
784,892,108,0.108,0.020935725377052905
736,868,132,0.132,0.03536778148596249
732,866,134,0.134,0.0340346187317781
798,899,101,0.101,0.029188549827573268
766,883,117,0.117,0.025457385138297452
802,901,99,0.099,0.028701884587460882
760,880,120,0.12,0.03286575685902926
778,889,111,0.111,0.031777298626366246
754,877,123,0.123,0.029651304686576622
760,880,120,0.12,0.036305453308639726
724,862,138,0.138,0.031608565734399234
816,908,92,0.092,0.027186696526925742
752,876,124,0.124,0.03450480276911549
780,890,110,0.11,0.0283278806651756
758,879,121,0.121,0.027510733800527307
770,885,115,0.115,0.03684189794385772
754,877,123,0.123,0.02936083759815861
778,889,111,0.111,0.02821399601412122
748,874,126,0.126,0.02677524908141436
694,847,153,0.153,0.02618945779828664
752,876,124,0.124,0.03692404993872833
798,899,101,0.101,0.03630120421153288
754,877,123,0.123,0.030518216351557412
754,877,123,0.123,0.03277847111518474
736,868,132,0.132,0.0226107849913912
776,888,112,0.112,0.030204353468892917
696,848,152,0.152,0.03355111046258253
660,830,170,0.17,0.03525146812612843
762,881,119,0.119,0.02755016763609092
782,891,109,0.109,0.02609846876081474
774,887,113,0.113,0.025432755952405385
744,872,128,0.128,0.025338814274939905
764,882,118,0.118,0.024897810187599533
786,893,107,0.107,0.025288348430497536
700,850,150,0.15,0.024271941683200113
738,869,131,0.131,0.02136575850690349
792,896,104,0.104,0.01675803258426805
818,909,91,0.091,0.01594879808952969
736,868,132,0.132,0.017304520526776924
708,854,146,0.146,0.02505222394770027
846,923,77,0.077,0.020372540496405408
686,843,157,0.157,0.023307863193584126
740,870,130,0.13,0.02821027469087383
752,876,124,0.124,0.025638281200386345
820,910,90,0.09,0.02502544688699527
712,856,144,0.144,0.02152536294868014
706,853,147,0.147,0.032028720979106765
760,880,120,0.12,0.02346131335619634
730,865,135,0.135,0.027752815782429933
752,876,124,0.124,0.022953889163735936
754,877,123,0.123,0.02152346573910472
764,882,118,0.118,0.032440890416535806
764,882,118,0.118,0.027777260785901547
734,867,133,0.133,0.03068012149284755
742,871,129,0.129,0.02277531745921783
774,887,113,0.113,0.017222043100140583
834,917,83,0.083,0.020956714627753854
768,884,116,0.116,0.022314583711878867
702,851,149,0.149,0.025920663821610675
736,868,132,0.132,0.020405439715742973
774,887,113,0.113,0.021966629312189297
804,902,98,0.098,0.019568669695813584
784,892,108,0.108,0.020089951733611004
772,886,114,0.114,0.022121948485871484
772,886,114,0.114,0.016862484687400994
718,859,141,0.141,0.02309700510387266
798,899,101,0.101,0.01549106646985831
762,881,119,0.119,0.02320710689706644
740,870,130,0.13,0.025656953289142508
762,881,119,0.119,0.018901949333156066
810,905,95,0.095,0.020173327429368528
768,884,116,0.116,0.03521491458488322
800,900,100,0.1,0.02219061871053299
812,906,94,0.094,0.021522064959371846
720,860,140,0.14,0.026164079295536113
728,864,136,0.136,0.025588064641956634
732,866,134,0.134,0.016100062195779856
768,884,116,0.116,0.01997823574499671
714,857,143,0.143,0.02644517310877791
708,854,146,0.146,0.025474177540218676
750,875,125,0.125,0.02760689459190459
764,882,118,0.118,0.026167001883269224
726,863,137,0.137,0.029273095146661716
776,888,112,0.112,0.024880777646828393
808,904,96,0.096,0.025783021131689225
744,872,128,0.128,0.020591145970365005
758,879,121,0.121,0.019175721230155318
760,880,120,0.12,0.022340592374688186
778,889,111,0.111,0.01998242208752163
674,837,163,0.163,0.019841457789510512
806,903,97,0.097,0.02260844309148405
728,864,136,0.136,0.02489520877783343
758,879,121,0.121,0.02264244532266639
798,899,101,0.101,0.01694221437527426
768,884,116,0.116,0.022417624934753348
786,893,107,0.107,0.01374666515466447
820,910,90,0.09,0.01695783442399518
788,894,106,0.106,0.01748660511999563
784,892,108,0.108,0.02516397683177263
756,878,122,0.122,0.028588834499305733
758,879,121,0.121,0.023401432842212813
808,904,96,0.096,0.02045024876321048
734,867,133,0.133,0.02846549271511958
698,849,151,0.151,0.020715245690083522
790,895,105,0.105,0.028646614646977923
730,865,135,0.135,0.0266112800916535
716,858,142,0.142,0.019507683924239246
714,857,143,0.143,0.02180278932874296
716,858,142,0.142,0.020633037325437895
722,861,139,0.139,0.02539672287803873
736,868,132,0.132,0.027766710311108
712,856,144,0.144,0.028745183097977134
778,889,111,0.111,0.02655096486528282
772,886,114,0.114,0.021672754879779405
738,869,131,0.131,0.02459486994189638
704,852,148,0.148,0.032574428341665226
788,894,106,0.106,0.0266258908488839
782,891,109,0.109,0.01845969394345542
740,870,130,0.13,0.020629549825544928
796,898,102,0.102,0.013208194270805733
782,891,109,0.109,0.021465648126354438
742,871,129,0.129,0.021227809732451818
802,901,99,0.099,0.01628544185912294
714,857,143,0.143,0.020543785330598724
808,904,96,0.096,0.016194226822052883
802,901,99,0.099,0.02084318124874022
768,884,116,0.116,0.01715218058954679
790,895,105,0.105,0.01923886621405754
680,840,160,0.16,0.02551034401282564
742,871,129,0.129,0.021274965802258818
780,890,110,0.11,0.019346131922798805
762,881,119,0.119,0.01581327622875537
744,872,128,0.128,0.0185294422234947
766,883,117,0.117,0.018833309948121497
730,865,135,0.135,0.02702077559661862
784,892,108,0.108,0.02275033195792406
790,895,105,0.105,0.022204405089820283
736,868,132,0.132,0.0252268044054058
786,893,107,0.107,0.024010810258064792
788,894,106,0.106,0.020188795646708967
740,870,130,0.13,0.02478511257532273
818,909,91,0.091,0.020922962766627137
744,872,128,0.128,0.020623948234983345
758,879,121,0.121,0.021908837616138044
742,871,129,0.129,0.01819292430395808
770,885,115,0.115,0.02108908136564287
740,870,130,0.13,0.022131105365167058
782,891,109,0.109,0.023461731980482
740,870,130,0.13,0.02635912982228285
692,846,154,0.154,0.02970176116311268
788,894,106,0.106,0.02062078991056478
788,894,106,0.106,0.019196913182837123
714,857,143,0.143,0.020996911891234562
688,844,156,0.156,0.02253877830086276
740,870,130,0.13,0.02777118482673268
802,901,99,0.099,0.02275143537995666
752,876,124,0.124,0.020659373520521284
766,883,117,0.117,0.02576628117389555
764,882,118,0.118,0.026644677385782415
810,905,95,0.095,0.026777181733451016
720,860,140,0.14,0.027409237938377715
768,884,116,0.116,0.02120727168707299
672,836,164,0.164,0.02329012359658884
744,872,128,0.128,0.021936189746545067
680,840,160,0.16,0.02448249088990451
744,872,128,0.128,0.01879276453549278
738,869,131,0.131,0.022822161729791332
714,857,143,0.143,0.027046164902263626
740,870,130,0.13,0.03361480763321015
776,888,112,0.112,0.025007558723621173
758,879,121,0.121,0.01743301202598832
754,877,123,0.123,0.0188269458213007
790,895,105,0.105,0.02018016885713308
764,882,118,0.118,0.022683816011532486
768,884,116,0.116,0.014637569872896165
754,877,123,0.123,0.015334983498159914
842,921,79,0.079,0.015896039573871007
796,898,102,0.102,0.01479128271425327
780,890,110,0.11,0.014951963006877862
748,874,126,0.126,0.014844576022981755
816,908,92,0.092,0.014397238107558564
754,877,123,0.123,0.013024839084043378
766,883,117,0.117,0.022239229208690973
758,879,121,0.121,0.015567222875728717
784,892,108,0.108,0.01679502931962719
820,910,90,0.09,0.016706745754666373
732,866,134,0.134,0.019637410299041504
770,885,115,0.115,0.01760032386697844
750,875,125,0.125,0.01891617508443619
714,857,143,0.143,0.022022948461879337
792,896,104,0.104,0.020524200869446077
812,906,94,0.094,0.016168832329306496
808,904,96,0.096,0.015505968878759858
734,867,133,0.133,0.018692111526677536
782,891,109,0.109,0.012586584473558218
770,885,115,0.115,0.012789379066829839
806,903,97,0.097,0.011918088292670206
714,857,143,0.143,0.015030997980537336
792,896,104,0.104,0.020032539926171693
754,877,123,0.123,0.017468338051368094
728,864,136,0.136,0.02239194261711009
824,912,88,0.088,0.009757998134978607
796,898,102,0.102,0.015609708692986488
822,911,89,0.089,0.012835587145979389
798,899,101,0.101,0.017820398457507054
770,885,115,0.115,0.015048154231737044
726,863,137,0.137,0.0192230670595071
784,892,108,0.108,0.012925250269165958
720,860,140,0.14,0.019426270907622438
794,897,103,0.103,0.01496791197171342
700,850,150,0.15,0.015962153453059954
738,869,131,0.131,0.011656114319495885
822,911,89,0.089,0.01073868622525697
742,871,129,0.129,0.019129166724189985
700,850,150,0.15,0.017980117442504023
756,878,122,0.122,0.015048726734069078
754,877,123,0.123,0.01834168574733576
792,896,104,0.104,0.013029068250061756
796,898,102,0.102,0.01527394127594289
788,894,106,0.106,0.011083669381002437
722,861,139,0.139,0.015483281896372773
750,875,125,0.125,0.01663661215915934
806,903,97,0.097,0.012978059178530997
814,907,93,0.093,0.015139749113173935
738,869,131,0.131,0.015032414592446116
778,889,111,0.111,0.013899354505145225
742,871,129,0.129,0.015442340445691514
732,866,134,0.134,0.01882200906226575
758,879,121,0.121,0.016951316574950623
818,909,91,0.091,0.01546728339062244
794,897,103,0.103,0.014491613328735638
772,886,114,0.114,0.015679767036585416
776,888,112,0.112,0.015586839126329409
752,876,124,0.124,0.01663117470930939
828,914,86,0.086,0.016865815337154345
780,890,110,0.11,0.015022401887630167
798,899,101,0.101,0.013156673190868332
756,878,122,0.122,0.014253844430117396
726,863,137,0.137,0.016362952311791558
708,854,146,0.146,0.01703709909891762
820,910,90,0.09,0.012411679897086515
740,870,130,0.13,0.01688272648713223
748,874,126,0.126,0.019089441489978584
786,893,107,0.107,0.015744194793056863
762,881,119,0.119,0.01630708269637239
738,869,131,0.131,0.020259524467443994
828,914,86,0.086,0.013774132525831647
752,876,124,0.124,0.02017847275412197
798,899,101,0.101,0.014791876759087146
758,879,121,0.121,0.015076975655751085
738,869,131,0.131,0.016910992768039135
808,904,96,0.096,0.017413855449333198
736,868,132,0.132,0.02232772745031815
776,888,112,0.112,0.015153943326800345
764,882,118,0.118,0.020339138359225673
754,877,123,0.123,0.015471235139312511
782,891,109,0.109,0.016801737032308438
724,862,138,0.138,0.019976664961740654
744,872,128,0.128,0.01734358155720929
778,889,111,0.111,0.01491496260112976
726,863,137,0.137,0.02037672427613188
746,873,127,0.127,0.016835964477650577
704,852,148,0.148,0.020634796829982975
824,912,88,0.088,0.017583398448072104
748,874,126,0.126,0.019790168658499113
726,863,137,0.137,0.023685556877667296
790,895,105,0.105,0.013113092184416473
724,862,138,0.138,0.024765927692446895
780,890,110,0.11,0.01892672774226003
768,884,116,0.116,0.017467999554865856
812,906,94,0.094,0.013106522312085702
756,878,122,0.122,0.022341375894528028
750,875,125,0.125,0.01405401394980987
736,868,132,0.132,0.01688807643617747
730,865,135,0.135,0.017700247705590984
778,889,111,0.111,0.017301141480881712
766,883,117,0.117,0.016994635444962113
754,877,123,0.123,0.020907588261495278
764,882,118,0.118,0.01785733366282898
770,885,115,0.115,0.014273822014943108
722,861,139,0.139,0.019963691766228295
744,872,128,0.128,0.018671468271059553
742,871,129,0.129,0.022081632681543853
686,843,157,0.157,0.019774505763748947
776,888,112,0.112,0.017476482710196705
788,894,106,0.106,0.018189610228037053
764,882,118,0.118,0.018768297467661794
818,909,91,0.091,0.01566072207953306
774,887,113,0.113,0.013923285973885868
828,914,86,0.086,0.014384881720986413
792,896,104,0.104,0.012700497837877037
786,893,107,0.107,0.016902191580978637
786,893,107,0.107,0.019128167754519382
794,897,103,0.103,0.014885557472867732
732,866,134,0.134,0.010874206027992614
730,865,135,0.135,0.013052517392165215
766,883,117,0.117,0.01948083481609467
790,895,105,0.105,0.01378528570970866
784,892,108,0.108,0.016317787284092902
824,912,88,0.088,0.017954881216215513
752,876,124,0.124,0.014867873923869467
692,846,154,0.154,0.019820517062753198
778,889,111,0.111,0.018480619557556338
762,881,119,0.119,0.017314327498683044
796,898,102,0.102,0.013952548029691769
732,866,134,0.134,0.017990276507977795
752,876,124,0.124,0.014846693503397545
762,881,119,0.119,0.01735507241443611
714,857,143,0.143,0.017180644144111513
776,888,112,0.112,0.01587798158041187
748,874,126,0.126,0.020178532111646063
764,882,118,0.118,0.021755475077246955
824,912,88,0.088,0.01537366875911357
766,883,117,0.117,0.01575003815145661
752,876,124,0.124,0.025342875359907112
824,912,88,0.088,0.018176666065236532
782,891,109,0.109,0.014173159881172069
776,888,112,0.112,0.016698054195321676
820,910,90,0.09,0.01913289886412349
758,879,121,0.121,0.019397563992078176
814,907,93,0.093,0.012365271730274486
752,876,124,0.124,0.01369862269483201
804,902,98,0.098,0.013803709958080617
706,853,147,0.147,0.016120236091504467
762,881,119,0.119,0.017047807436045618
814,907,93,0.093,0.01347653197539546
746,873,127,0.127,0.01796531153687738
736,868,132,0.132,0.01943052855820406
746,873,127,0.127,0.017057768870088693
804,902,98,0.098,0.014660159908142305
764,882,118,0.118,0.017233573314822025
734,867,133,0.133,0.01889259522064856
796,898,102,0.102,0.014236799146519161
834,917,83,0.083,0.01728368862910975
822,911,89,0.089,0.015537555778267688
740,870,130,0.13,0.019585913769391027
762,881,119,0.119,0.023845813775625745
744,872,128,0.128,0.017971860721520898
744,872,128,0.128,0.014938379030041688
712,856,144,0.144,0.01938375063097874
798,899,101,0.101,0.017341566101282298
702,851,149,0.149,0.024920164185917883
732,866,134,0.134,0.020388934637429884
804,902,98,0.098,0.02165981750521314
718,859,141,0.141,0.019749796889722348
716,858,142,0.142,0.018309859948560187
730,865,135,0.135,0.02473488190308126
748,874,126,0.126,0.017916425131340844
726,863,137,0.137,0.024649433114751446
784,892,108,0.108,0.017795942547626963
694,847,153,0.153,0.02319651614658278
730,865,135,0.135,0.018140091794430647
768,884,116,0.116,0.019419662701970083
828,914,86,0.086,0.013980454832581018
730,865,135,0.135,0.016720910383500494
810,905,95,0.095,0.012441566156924638
818,909,91,0.091,0.014065428399288066
814,907,93,0.093,0.0146424418439301
772,886,114,0.114,0.015974025258069447
752,876,124,0.124,0.01872767277337107
766,883,117,0.117,0.02042821250628185
796,898,102,0.102,0.013459794657398562
794,897,103,0.103,0.011677621202074079
750,875,125,0.125,0.016337272310691334
766,883,117,0.117,0.01456668216213643
738,869,131,0.131,0.015895740896743518
816,908,92,0.092,0.015590645897917966
842,921,79,0.079,0.012677322872554726
774,887,113,0.113,0.012519415438209763
794,897,103,0.103,0.01718925716835224
762,881,119,0.119,0.014389120562434982
690,845,155,0.155,0.016842652650477703
772,886,114,0.114,0.014724100576008026
770,885,115,0.115,0.017239733866548704
816,908,92,0.092,0.01297464027521164
788,894,106,0.106,0.016190396121940467
774,887,113,0.113,0.013031168174809864
770,885,115,0.115,0.018456873701337487
794,897,103,0.103,0.0115756013089283
766,883,117,0.117,0.018813219476824086
792,896,104,0.104,0.014647142042726045
736,868,132,0.132,0.016296952144117312
792,896,104,0.104,0.012035433145289631
768,884,116,0.116,0.012334266394321275
792,896,104,0.104,0.013165005738926084
786,893,107,0.107,0.01187258616869667
740,870,130,0.13,0.018339332803681826
760,880,120,0.12,0.01653443397968451
754,877,123,0.123,0.0165596357403208
784,892,108,0.108,0.013325287995486405
774,887,113,0.113,0.013317952530024286
822,911,89,0.089,0.012434312627488908
730,865,135,0.135,0.016177135068529424
804,902,98,0.098,0.015736987428778094
776,888,112,0.112,0.013407761408576335
762,881,119,0.119,0.011476527205755701
782,891,109,0.109,0.012885044486683
772,886,114,0.114,0.014495214975810087
700,850,150,0.15,0.01907867204565173
616,808,192,0.192,0.0200588100107434
800,900,100,0.1,0.014641330988990375
776,888,112,0.112,0.017784416087590328
774,887,113,0.113,0.01293034118467716
830,915,85,0.085,0.010647399939775823
792,896,104,0.104,0.011525549933288857
796,898,102,0.102,0.011430550032228438
768,884,116,0.116,0.010645032447537119
744,872,128,0.128,0.015901888418138697
778,889,111,0.111,0.013359972753754846
854,927,73,0.073,0.017075699399495648
778,889,111,0.111,0.013687280996079153
784,892,108,0.108,0.014492595466228522
772,886,114,0.114,0.010816300038582995
752,876,124,0.124,0.011493402944738591
756,878,122,0.122,0.01576071658918045
758,879,121,0.121,0.013304930327620923
794,897,103,0.103,0.014498493192871137
786,893,107,0.107,0.01394154941742272
730,865,135,0.135,0.01788458462768847
728,864,136,0.136,0.01490062345041497
780,890,110,0.11,0.014213675506753135
736,868,132,0.132,0.01460695043548992
774,887,113,0.113,0.014193712679782948
746,873,127,0.127,0.012561958857866557
716,858,142,0.142,0.01789121583162705
720,860,140,0.14,0.017052394999138413
776,888,112,0.112,0.017423474825201082
774,887,113,0.113,0.02055117417945803
758,879,121,0.121,0.02119783017425084
776,888,112,0.112,0.013901039695933492
752,876,124,0.124,0.019333190924267454
762,881,119,0.119,0.013030286108822111
680,840,160,0.16,0.012971830697854785
724,862,138,0.138,0.017383842697930505
724,862,138,0.138,0.0168525240475974
736,868,132,0.132,0.016998617800242186
768,884,116,0.116,0.01591871235584222
728,864,136,0.136,0.017387093014798665
648,824,176,0.176,0.01967784278364593
848,924,76,0.076,0.011318268151500888
772,886,114,0.114,0.011810338314043293
750,875,125,0.125,0.013313950395367102
804,902,98,0.098,0.011697977403890036
736,868,132,0.132,0.013013943929818538
800,900,100,0.1,0.012514148609488985
746,873,127,0.127,0.012142734884321271
850,925,75,0.075,0.0092226046267906
754,877,123,0.123,0.013636901204755305
762,881,119,0.119,0.012165900988808062
726,863,137,0.137,0.010251721129562156
836,918,82,0.082,0.00864297275993522
764,882,118,0.118,0.014497946370380306
798,899,101,0.101,0.012831421566988865
818,909,91,0.091,0.012591736032467452
778,889,111,0.111,0.009588989189284348
766,883,117,0.117,0.010747820904336096
762,881,119,0.119,0.010406332572122437
792,896,104,0.104,0.009921329144763603
788,894,106,0.106,0.012990038828396791
714,857,143,0.143,0.01795083136223002
692,846,154,0.154,0.015648358284814323
744,872,128,0.128,0.01673596798588278
778,889,111,0.111,0.013080789538716999
780,890,110,0.11,0.01262657135801487
826,913,87,0.087,0.010714043111689534
790,895,105,0.105,0.011714031973198587
770,885,115,0.115,0.011444121565476962
760,880,120,0.12,0.015479261289520764
782,891,109,0.109,0.010771068537685323
772,886,114,0.114,0.012313509008765265
764,882,118,0.118,0.010841149170942118
680,840,160,0.16,0.012244094351462991
798,899,101,0.101,0.011911157738585644
780,890,110,0.11,0.013252856789586076
772,886,114,0.114,0.012597373187162702
824,912,88,0.088,0.013892293255849352
760,880,120,0.12,0.012896829752635312
786,893,107,0.107,0.012586920979631714
790,895,105,0.105,0.009247433694956043
742,871,129,0.129,0.011628327513968188
768,884,116,0.116,0.009177223299472032
778,889,111,0.111,0.010840448126170714
740,870,130,0.13,0.015245795001013904
782,891,109,0.109,0.014036278458644802
724,862,138,0.138,0.014194070141568772
784,892,108,0.108,0.013729576660663496
720,860,140,0.14,0.011634504463111853
792,896,104,0.104,0.009200108964701201
792,896,104,0.104,0.011410461259453428
796,898,102,0.102,0.01192476715048042
760,880,120,0.12,0.011708850237048865
744,872,128,0.128,0.010930208229332834
728,864,136,0.136,0.01255887083233847
800,900,100,0.1,0.010555967341769019
774,887,113,0.113,0.012744499329631254
714,857,143,0.143,0.013875275166185929
748,874,126,0.126,0.013477510373724385
814,907,93,0.093,0.011328586056028144
786,893,107,0.107,0.010032782041620522
794,897,103,0.103,0.011576678855591126
724,862,138,0.138,0.01157483745243647
778,889,111,0.111,0.009597208092211077
750,875,125,0.125,0.007593874712462821
754,877,123,0.123,0.009052155080578928
774,887,113,0.113,0.009179947536726104
870,935,65,0.065,0.009683776964946446
818,909,91,0.091,0.010925009915803911
788,894,106,0.106,0.007896563624532064
744,872,128,0.128,0.013437932162567449
754,877,123,0.123,0.011505273754272594
752,876,124,0.124,0.012351508995668893
798,899,101,0.101,0.012436514113609519
804,902,98,0.098,0.010519433898709395
814,907,93,0.093,0.009746176121803727
816,908,92,0.092,0.009365423984876315
832,916,84,0.084,0.008995768729124392
800,900,100,0.1,0.008932073168155513
772,886,114,0.114,0.009146777827452752
756,878,122,0.122,0.009390539730541604
772,886,114,0.114,0.009402224859987655
750,875,125,0.125,0.011375445313470891
802,901,99,0.099,0.012170033383703413
740,870,130,0.13,0.015037643503244907
776,888,112,0.112,0.013138175018650144
730,865,135,0.135,0.013510212121942458
810,905,95,0.095,0.010182841991309033
758,879,121,0.121,0.015068089253339167
718,859,141,0.141,0.012912049875833873
830,915,85,0.085,0.010368696260064099
790,895,105,0.105,0.010408104312497016
744,872,128,0.128,0.012940599693325566
682,841,159,0.159,0.014417621430401597
760,880,120,0.12,0.011767589806125528
764,882,118,0.118,0.011710095911854295
772,886,114,0.114,0.015325460231671428
672,836,164,0.164,0.016458257679474626
774,887,113,0.113,0.011946761840112232
796,898,102,0.102,0.012999282093465809
794,897,103,0.103,0.008517352492882765
764,882,118,0.118,0.011327851300577094
798,899,101,0.101,0.009417870672641583
730,865,135,0.135,0.009270882609546987
756,878,122,0.122,0.012105960547143696
714,857,143,0.143,0.010553894234621112
710,855,145,0.145,0.01707596224966255
728,864,136,0.136,0.016362694657762404
710,855,145,0.145,0.018349137872057327
776,888,112,0.112,0.01663644302841567
742,871,129,0.129,0.015898687594863077
758,879,121,0.121,0.011534714976408395
774,887,113,0.113,0.01106863684054133
742,871,129,0.129,0.011515030781755286
770,885,115,0.115,0.011920451074014864
768,884,116,0.116,0.011127680892240277
746,873,127,0.127,0.010903451766321268
744,872,128,0.128,0.015207245061857066
736,868,132,0.132,0.012895354711225082
760,880,120,0.12,0.01455446864084297
744,872,128,0.128,0.012603845960868058
758,879,121,0.121,0.010972972516995924
784,892,108,0.108,0.01177327406240329
788,894,106,0.106,0.01447403269793017
776,888,112,0.112,0.011761220114638263
744,872,128,0.128,0.010436730394293136
732,866,134,0.134,0.012150273779907366
802,901,99,0.099,0.009523944090400619
780,890,110,0.11,0.008838586589913234
776,888,112,0.112,0.010653239212853861
776,888,112,0.112,0.011738111689493963
752,876,124,0.124,0.01135697690863526
830,915,85,0.085,0.013020473172067795
772,886,114,0.114,0.008203460855472258
784,892,108,0.108,0.010723688248228029
760,880,120,0.12,0.013969653208165254
646,823,177,0.177,0.018696407432865953
744,872,128,0.128,0.017429847103645445
696,848,152,0.152,0.0217081706373865
774,887,113,0.113,0.017893614760410854
668,834,166,0.166,0.01387280658390955
782,891,109,0.109,0.015113622073731675
796,898,102,0.102,0.011441643560548073
756,878,122,0.122,0.013109914762883363
750,875,125,0.125,0.01414216993312857
738,869,131,0.131,0.011588713750392344
748,874,126,0.126,0.014325124895305635
780,890,110,0.11,0.014583321751425501
774,887,113,0.113,0.012880320331520125
802,901,99,0.099,0.011938023458434146
794,897,103,0.103,0.011922581674312824
798,899,101,0.101,0.008410506219054923
824,912,88,0.088,0.006919302448990493
774,887,113,0.113,0.011229364580018228
750,875,125,0.125,0.009570527914122978
738,869,131,0.131,0.008882803580614563
828,914,86,0.086,0.011346002519003378
820,910,90,0.09,0.007042469466980037
720,860,140,0.14,0.009655213097977821
772,886,114,0.114,0.01002216114222665
818,909,91,0.091,0.007331768050776646
804,902,98,0.098,0.008787928104368802
774,887,113,0.113,0.00935472525933028
776,888,112,0.112,0.009018708032581799
814,907,93,0.093,0.008764068774627048
782,891,109,0.109,0.009577922325825512
766,883,117,0.117,0.011641560123598538
754,877,123,0.123,0.010229310193717539
784,892,108,0.108,0.008983008941446314
700,850,150,0.15,0.010066382068814165
794,897,103,0.103,0.008713132889366534
762,881,119,0.119,0.013210616965965528
746,873,127,0.127,0.01197689717590879
718,859,141,0.141,0.01323459683764304
762,881,119,0.119,0.013596250091628462
780,890,110,0.11,0.010714958672473586
826,913,87,0.087,0.010652867325246916
770,885,115,0.115,0.009987614126716836
748,874,126,0.126,0.009494440081710308
746,873,127,0.127,0.011306147816202155
740,870,130,0.13,0.010025020045201926
774,887,113,0.113,0.014729316394375018
746,873,127,0.127,0.012118638761662623
758,879,121,0.121,0.015283187161289789
744,872,128,0.128,0.013714417063820292
810,905,95,0.095,0.011883534900614905
738,869,131,0.131,0.010652507940516443
762,881,119,0.119,0.01101793305958563
790,895,105,0.105,0.01279337323189975
800,900,100,0.1,0.009611745433023317
714,857,143,0.143,0.010944272391453524
768,884,116,0.116,0.009533007657123562
772,886,114,0.114,0.012753311788117571
736,868,132,0.132,0.011116728646617047
730,865,135,0.135,0.016243849132355534
698,849,151,0.151,0.0156298967550174
792,896,104,0.104,0.014828980899697853
768,884,116,0.116,0.012174188344119102
772,886,114,0.114,0.010222676705157937
722,861,139,0.139,0.011294645747206232
744,872,128,0.128,0.009597953864531519
814,907,93,0.093,0.010828516187810238
748,874,126,0.126,0.01120667913510988
708,854,146,0.146,0.015776815286990313
780,890,110,0.11,0.013811113196214137
740,870,130,0.13,0.013460342747372124
702,851,149,0.149,0.013839919709280366
748,874,126,0.126,0.013112764298692127
724,862,138,0.138,0.013208375144517049
702,851,149,0.149,0.01765100003326006
742,871,129,0.129,0.017455451332221854
712,856,144,0.144,0.019610523253311838
806,903,97,0.097,0.014403045029856003
764,882,118,0.118,0.01913641797053424
718,859,141,0.141,0.017861678190602106
636,818,182,0.182,0.01851521700227022
736,868,132,0.132,0.012824886081696605
738,869,131,0.131,0.01588611279100769
754,877,123,0.123,0.01885715672932929
764,882,118,0.118,0.014658745779859601
790,895,105,0.105,0.01242116760454519
782,891,109,0.109,0.012568522012548784
802,901,99,0.099,0.010776160842979152
744,872,128,0.128,0.011976779978591366
820,910,90,0.09,0.011104049291436241
788,894,106,0.106,0.010180147906128695
752,876,124,0.124,0.012847004444610548
788,894,106,0.106,0.013022997573848442
786,893,107,0.107,0.009093826924272434
818,909,91,0.091,0.01046123893238655
780,890,110,0.11,0.01362971015326184
778,889,111,0.111,0.012937520464121008
806,903,97,0.097,0.012190364987309294
784,892,108,0.108,0.011761784637834352
738,869,131,0.131,0.01312237203415134
796,898,102,0.102,0.011105310289349291
800,900,100,0.1,0.013630239964099018
790,895,105,0.105,0.013294501588003186
798,899,101,0.101,0.01008276320227742
676,838,162,0.162,0.014095340563468199
810,905,95,0.095,0.010550435413018476
750,875,125,0.125,0.010989812509076729
728,864,136,0.136,0.016424296314613458
736,868,132,0.132,0.01908623798596068
734,867,133,0.133,0.017370567852991372
784,892,108,0.108,0.016141134800897818
740,870,130,0.13,0.013156108768307605
778,889,111,0.111,0.014259233803079042
710,855,145,0.145,0.014460263640416087
786,893,107,0.107,0.010464223932496679
826,913,87,0.087,0.011907432220192277
754,877,123,0.123,0.014752439726627927
730,865,135,0.135,0.015972364413522882
778,889,111,0.111,0.01562099019589732
804,902,98,0.098,0.013574633872608502
694,847,153,0.153,0.01770203095144825
750,875,125,0.125,0.014241468215039276
728,864,136,0.136,0.015083693763022894
742,871,129,0.129,0.014595499252514856
772,886,114,0.114,0.02003452772226592
760,880,120,0.12,0.0163992688763974
772,886,114,0.114,0.0161148374039185
712,856,144,0.144,0.014503948116859192
748,874,126,0.126,0.012104005741257425
766,883,117,0.117,0.014768064075120492
758,879,121,0.121,0.014939670184430725
816,908,92,0.092,0.017649924815465057
818,909,91,0.091,0.017418011244088122
786,893,107,0.107,0.014623585476976586
830,915,85,0.085,0.015300860826653662
754,877,123,0.123,0.017177765539065148
734,867,133,0.133,0.014471395265205501
708,854,146,0.146,0.016440078892943348
706,853,147,0.147,0.01969300626070617
738,869,131,0.131,0.018265382509540358
718,859,141,0.141,0.022519829150813166
790,895,105,0.105,0.019026083654694957
782,891,109,0.109,0.021286165151075693
822,911,89,0.089,0.019504727696199552
794,897,103,0.103,0.013959264353004982
756,878,122,0.122,0.012787791766837472
782,891,109,0.109,0.011010454823706823
796,898,102,0.102,0.01418749535464849
732,866,134,0.134,0.02192860691321039
750,875,125,0.125,0.018311283987539353
714,857,143,0.143,0.019165684554740436
770,885,115,0.115,0.020881132048270957
730,865,135,0.135,0.02252379103220301
772,886,114,0.114,0.01965261913953327
734,867,133,0.133,0.019528477156884036
780,890,110,0.11,0.01748427708230156
668,834,166,0.166,0.021535195069911424
734,867,133,0.133,0.018569062262489753
766,883,117,0.117,0.019738059266543134
716,858,142,0.142,0.01966764694021549
712,856,144,0.144,0.027043723862476325
772,886,114,0.114,0.01986553173727589
714,857,143,0.143,0.025018858321389417
774,887,113,0.113,0.02376099556324698
746,873,127,0.127,0.018140971997810992
742,871,129,0.129,0.01787836407092982
778,889,111,0.111,0.01468414094853506
774,887,113,0.113,0.016953398162921077
712,856,144,0.144,0.021584132593518008
760,880,120,0.12,0.016645858021787717
780,890,110,0.11,0.01774155446716759
788,894,106,0.106,0.01715671990766714
776,888,112,0.112,0.015809743973746664
752,876,124,0.124,0.016558435869832466
774,887,113,0.113,0.01724932486553007
816,908,92,0.092,0.01499070624687738
814,907,93,0.093,0.016027322677357007
750,875,125,0.125,0.021292187061066215
834,917,83,0.083,0.018751187428744744
800,900,100,0.1,0.01665242213952297
716,858,142,0.142,0.018418214342440477
760,880,120,0.12,0.0188158452816715
822,911,89,0.089,0.016499091028250406
778,889,111,0.111,0.01621846196227125
764,882,118,0.118,0.023390992343964172
780,890,110,0.11,0.015355347571792664
772,886,114,0.114,0.01316422179545043
798,899,101,0.101,0.016046977893449367
748,874,126,0.126,0.017288465458332212
770,885,115,0.115,0.01914558612483961
842,921,79,0.079,0.015063052652942133
786,893,107,0.107,0.017220950372182416
798,899,101,0.101,0.016664909902337967
754,877,123,0.123,0.016831892911955946
772,886,114,0.114,0.014478262164775515
734,867,133,0.133,0.02250494409154635
774,887,113,0.113,0.018902108677764772
774,887,113,0.113,0.02116027482179925
778,889,111,0.111,0.019708959465991938
764,882,118,0.118,0.026276541439641733
734,867,133,0.133,0.019479736307454004
694,847,153,0.153,0.02476293267510482
774,887,113,0.113,0.022662903113581705
768,884,116,0.116,0.02341833600512473
690,845,155,0.155,0.027373719035385876
750,875,125,0.125,0.020986688022610906
780,890,110,0.11,0.02268928707524901
790,895,105,0.105,0.017446362848044374
804,902,98,0.098,0.016761574462580028
768,884,116,0.116,0.015579417145752814
762,881,119,0.119,0.017211417388934933
772,886,114,0.114,0.01889094468698022
828,914,86,0.086,0.018505148422631464
738,869,131,0.131,0.02272243607236305
790,895,105,0.105,0.01935133507398132
866,933,67,0.067,0.01699229970172746
694,847,153,0.153,0.019642391802102793
796,898,102,0.102,0.02449010879959678
708,854,146,0.146,0.02559010247013066
728,864,136,0.136,0.02720115489323507
808,904,96,0.096,0.02237183898885269
738,869,131,0.131,0.02405726412335571
760,880,120,0.12,0.021616731478643486
758,879,121,0.121,0.020680566370196173
768,884,116,0.116,0.01928445882030064
784,892,108,0.108,0.020222497051610843
784,892,108,0.108,0.019199404781262273
778,889,111,0.111,0.021165025325404714
812,906,94,0.094,0.019518511936214053
762,881,119,0.119,0.02434881606473209
784,892,108,0.108,0.023182943312451243
796,898,102,0.102,0.019466822051006603
762,881,119,0.119,0.020528007713510307
734,867,133,0.133,0.01989658576763759
754,877,123,0.123,0.01955327152968857
798,899,101,0.101,0.02115615319283097
778,889,111,0.111,0.02166605193793657
742,871,129,0.129,0.02393260440794984
748,874,126,0.126,0.027465617234061938
780,890,110,0.11,0.02378021815107786
856,928,72,0.072,0.019189449124969542
710,855,145,0.145,0.023047719185386086
780,890,110,0.11,0.02118142420008371
814,907,93,0.093,0.02062854175991379
776,888,112,0.112,0.02038883245852776
714,857,143,0.143,0.02451870186216547
792,896,104,0.104,0.02136649556341581
756,878,122,0.122,0.02566584670107113
772,886,114,0.114,0.028601741869963008
800,900,100,0.1,0.024663483168304082
736,868,132,0.132,0.025573890504369045
762,881,119,0.119,0.025894707343541087
752,876,124,0.124,0.02837151622911915
814,907,93,0.093,0.025281698058184702
734,867,133,0.133,0.029905163532996083
764,882,118,0.118,0.030133182103178113
732,866,134,0.134,0.03473220765998122
744,872,128,0.128,0.033775073397089725
698,849,151,0.151,0.03557533839100506
742,871,129,0.129,0.031482646605174525
750,875,125,0.125,0.034633455872535704
792,896,104,0.104,0.036073663079412656
760,880,120,0.12,0.029257280811099916
746,873,127,0.127,0.02697269073186908
760,880,120,0.12,0.03220132883341285
772,886,114,0.114,0.026010997808742106
780,890,110,0.11,0.031237213546119164
768,884,116,0.116,0.025855742465158982
774,887,113,0.113,0.02938015461858595
756,878,122,0.122,0.02811146741284756
716,858,142,0.142,0.032051581612089645
798,899,101,0.101,0.028208303537219762
708,854,146,0.146,0.03488354139123112
826,913,87,0.087,0.03445652266754769
776,888,112,0.112,0.02897541256371187
778,889,111,0.111,0.031982288712955775
772,886,114,0.114,0.0395108210563194
732,866,134,0.134,0.039328475175076164
776,888,112,0.112,0.038888955084257756
798,899,101,0.101,0.03406345340178814
740,870,130,0.13,0.033660339348716664
798,899,101,0.101,0.03305704512214288
728,864,136,0.136,0.03725143881642725
728,864,136,0.136,0.041666398765752094
810,905,95,0.095,0.034260032373742436
730,865,135,0.135,0.04108752901933622
716,858,142,0.142,0.04502226826234255
672,836,164,0.164,0.04951902909995988
746,873,127,0.127,0.04372923684376292
696,848,152,0.152,0.05401822275365703
754,877,123,0.123,0.04962158868159167
750,875,125,0.125,0.043377122809295544
738,869,131,0.131,0.0484084090271499
838,919,81,0.081,0.040685790754738264
794,897,103,0.103,0.048573512688279155
770,885,115,0.115,0.03681246470462065
784,892,108,0.108,0.037340368589328134
830,915,85,0.085,0.03838615083601326
792,896,104,0.104,0.03951698960561771
786,893,107,0.107,0.039004341235850004
780,890,110,0.11,0.04127949494542554
806,903,97,0.097,0.04283027891884558
754,877,123,0.123,0.042263443449395706
758,879,121,0.121,0.04172770626028068
798,899,101,0.101,0.045313277652254326
800,900,100,0.1,0.04503918967815116
822,911,89,0.089,0.04127221727941651
852,926,74,0.074,0.04870951681328006
786,893,107,0.107,0.04761181751638651
808,904,96,0.096,0.04363720919121988
730,865,135,0.135,0.05065096817631275
758,879,121,0.121,0.0524324686373584
736,868,132,0.132,0.05278033508220688
762,881,119,0.119,0.05040697448863648
772,886,114,0.114,0.05210495229787193
768,884,116,0.116,0.051904187603853645
752,876,124,0.124,0.04483986573363654
728,864,136,0.136,0.054118482183199375
834,917,83,0.083,0.054491851283703
754,877,123,0.123,0.054030222959583624
826,913,87,0.087,0.05316692383633927
812,906,94,0.094,0.04511141775571741
740,870,130,0.13,0.05369026557262987
746,873,127,0.127,0.05501618238491938
766,883,117,0.117,0.06399539786757669
690,845,155,0.155,0.06753620338719338
760,880,120,0.12,0.07076650424860417
790,895,105,0.105,0.06651562370592728
754,877,123,0.123,0.061375106759835034
748,874,126,0.126,0.05460417384153698
780,890,110,0.11,0.05513804879039526
778,889,111,0.111,0.06621007393207401
804,902,98,0.098,0.06250237886654213
748,874,126,0.126,0.06335067538917065
710,855,145,0.145,0.06057717972714454
800,900,100,0.1,0.06794911886364571
772,886,114,0.114,0.072818955227267
730,865,135,0.135,0.07505921978410333
796,898,102,0.102,0.06816140300035477
742,871,129,0.129,0.07079038238199428
758,879,121,0.121,0.07047273784969002
794,897,103,0.103,0.06359317650529556
772,886,114,0.114,0.05762812563846819
778,889,111,0.111,0.058777156320633364
790,895,105,0.105,0.059094719629734754
736,868,132,0.132,0.06174988592555746
732,866,134,0.134,0.06987652497400995
750,875,125,0.125,0.07177123433351516
760,880,120,0.12,0.07556208193441853
766,883,117,0.117,0.07598316777125001
730,865,135,0.135,0.07069408851535991
790,895,105,0.105,0.07272159153176472
770,885,115,0.115,0.07137605150137097
778,889,111,0.111,0.06338989343208959
710,855,145,0.145,0.07334033279307187
788,894,106,0.106,0.0733029279531911
726,863,137,0.137,0.0773665815750137
760,880,120,0.12,0.07184536102786661
798,899,101,0.101,0.07509480847325176
848,924,76,0.076,0.06469660561019555
812,906,94,0.094,0.06099093915149569
784,892,108,0.108,0.06368854842381552
840,920,80,0.08,0.055004298402462154
806,903,97,0.097,0.06500030267983675
692,846,154,0.154,0.07483336697379127
782,891,109,0.109,0.07468789416085929
758,879,121,0.121,0.07617653209064155
786,893,107,0.107,0.08556780951237306
758,879,121,0.121,0.07975405057240277
774,887,113,0.113,0.0720506913298741
754,877,123,0.123,0.07447174677299336
716,858,142,0.142,0.07383021631697192
800,900,100,0.1,0.05967843688162975
800,900,100,0.1,0.06535313496366144
800,900,100,0.1,0.0677191710099578
774,887,113,0.113,0.07860628391057253
800,900,100,0.1,0.06502261445857585
756,878,122,0.122,0.06905574279278517
774,887,113,0.113,0.06554067278699949
762,881,119,0.119,0.08171101235598326
744,872,128,0.128,0.0780863510821946
718,859,141,0.141,0.09429670376610011
736,868,132,0.132,0.09911778747476638
758,879,121,0.121,0.09655783883761615
808,904,96,0.096,0.07763255091011524
750,875,125,0.125,0.07297863656748087
754,877,123,0.123,0.07083791029453278
732,866,134,0.134,0.07508330827410101
744,872,128,0.128,0.08805929480679334
690,845,155,0.155,0.08996970002166926
762,881,119,0.119,0.09941322793625296
738,869,131,0.131,0.09594967129267752
730,865,135,0.135,0.08746463924180717
772,886,114,0.114,0.08677521400339902
792,896,104,0.104,0.07240944945602677
738,869,131,0.131,0.06923809316195548
762,881,119,0.119,0.07606735588144511
802,901,99,0.099,0.07154101921850815
720,860,140,0.14,0.08812040678551421
694,847,153,0.153,0.08978894796781242
756,878,122,0.122,0.09302454707212746
764,882,118,0.118,0.09943853362929075
778,889,111,0.111,0.08719906471949071
802,901,99,0.099,0.07747911612177268
802,901,99,0.099,0.07788435974298046
694,847,153,0.153,0.07396250639297068
792,896,104,0.104,0.06857058464409783
686,843,157,0.157,0.07376621398236602
706,853,147,0.147,0.08124421832151711
786,893,107,0.107,0.07964907282032073
828,914,86,0.086,0.07709755689650774
728,864,136,0.136,0.08226769819296896
848,924,76,0.076,0.06497530109714716
732,866,134,0.134,0.06323728206241504
786,893,107,0.107,0.060613074503839015
790,895,105,0.105,0.06525169677147642
718,859,141,0.141,0.08409972705692052
734,867,133,0.133,0.0815355426077731
792,896,104,0.104,0.07892103086505085
764,882,118,0.118,0.07909134184010327
752,876,124,0.124,0.07028512344416231
814,907,93,0.093,0.0723720653243363
782,891,109,0.109,0.06265135564934463
716,858,142,0.142,0.07324355381447822
768,884,116,0.116,0.06526767541002482
744,872,128,0.128,0.07279065907211044
746,873,127,0.127,0.09247736142226495
758,879,121,0.121,0.09101111774053425
740,870,130,0.13,0.08658721288177185
750,875,125,0.125,0.07872862153826281
782,891,109,0.109,0.06130000727344304
714,857,143,0.143,0.07528929588850587
772,886,114,0.114,0.07300862747058272
792,896,104,0.104,0.07399820365849882
810,905,95,0.095,0.07166913828719407
772,886,114,0.114,0.07650550001766533
816,908,92,0.092,0.06782287570508197
720,860,140,0.14,0.06697633244283498
800,900,100,0.1,0.07439695971598849
814,907,93,0.093,0.06752528408076613
776,888,112,0.112,0.07758735990524292
800,900,100,0.1,0.06724403919512406
756,878,122,0.122,0.0689235556581989
810,905,95,0.095,0.06742277990793809
790,895,105,0.105,0.06596894317306579
772,886,114,0.114,0.07623928723763675
702,851,149,0.149,0.08961117819231003
774,887,113,0.113,0.08243408299516887
692,846,154,0.154,0.08882081918511539
754,877,123,0.123,0.08844718656688928
764,882,118,0.118,0.09537603534013032
752,876,124,0.124,0.08889788090111687
740,870,130,0.13,0.09092445972654968
800,900,100,0.1,0.07966814437694848
720,860,140,0.14,0.07913796292897314
728,864,136,0.136,0.08547022669576108
742,871,129,0.129,0.08916630757786334
782,891,109,0.109,0.092497938697692
802,901,99,0.099,0.0887204968938604
732,866,134,0.134,0.07524856140557677
828,914,86,0.086,0.07794151828624309
794,897,103,0.103,0.07793087507598102
804,902,98,0.098,0.08001774455560372
736,868,132,0.132,0.07975232326891274
798,899,101,0.101,0.07864332132879645
744,872,128,0.128,0.07878602780867368
770,885,115,0.115,0.08033128174673766
778,889,111,0.111,0.0910598712945357
774,887,113,0.113,0.08511110993660986
726,863,137,0.137,0.08696528855897487
796,898,102,0.102,0.07181694813258946
784,892,108,0.108,0.07133190839923918
738,869,131,0.131,0.07003929796023295
752,876,124,0.124,0.0686429748381488
790,895,105,0.105,0.07183453431352974
730,865,135,0.135,0.08044420453347266
808,904,96,0.096,0.07964067939016968
818,909,91,0.091,0.06802290359884501
802,901,99,0.099,0.06364563812827692
704,852,148,0.148,0.06482403813209385
722,861,139,0.139,0.0658597024967894
780,890,110,0.11,0.06996513742953539
724,862,138,0.138,0.08558952128514648
856,928,72,0.072,0.06602518407814205
758,879,121,0.121,0.06743226922256872
722,861,139,0.139,0.07035178489796817
726,863,137,0.137,0.06562831311393529
762,881,119,0.119,0.07316032981313765
736,868,132,0.132,0.07509533984214067
774,887,113,0.113,0.08169220218993724
700,850,150,0.15,0.09401247673947365
784,892,108,0.108,0.07620653146039695
726,863,137,0.137,0.07736320227850228
788,894,106,0.106,0.07078039368148893
784,892,108,0.108,0.060769086853135375
760,880,120,0.12,0.06849516248423607
702,851,149,0.149,0.08272208094131202
746,873,127,0.127,0.0847822254030034
716,858,142,0.142,0.08304819769132882
708,854,146,0.146,0.08134605251392349
812,906,94,0.094,0.0698669811525615
816,908,92,0.092,0.06408710165601224
742,871,129,0.129,0.064692972604651
746,873,127,0.127,0.07734213826898485
714,857,143,0.143,0.07350764807499945
790,895,105,0.105,0.0698512911722064
780,890,110,0.11,0.07231841482128948
776,888,112,0.112,0.07096001604339108
718,859,141,0.141,0.07382455516140908
776,888,112,0.112,0.06633647544542327
786,893,107,0.107,0.07143752956110984
832,916,84,0.084,0.06605304596712813
724,862,138,0.138,0.06754437097907066
786,893,107,0.107,0.06642596016055904
698,849,151,0.151,0.0691944637419656
722,861,139,0.139,0.07088869551476092
756,878,122,0.122,0.09810062673129141
746,873,127,0.127,0.09038452773634344
798,899,101,0.101,0.09163359360769391
762,881,119,0.119,0.08887399365659804
746,873,127,0.127,0.08324804776720703
782,891,109,0.109,0.07151294127758592
794,897,103,0.103,0.07268819875828922
808,904,96,0.096,0.07153629662934691
772,886,114,0.114,0.08125720730610192
770,885,115,0.115,0.0818389148018323
826,913,87,0.087,0.08125908668711782
794,897,103,0.103,0.06954572551045567
828,914,86,0.086,0.06628181582968683
744,872,128,0.128,0.06217431725235656
788,894,106,0.106,0.06453786045033484
784,892,108,0.108,0.06400055341236294
830,915,85,0.085,0.07857774672377854
716,858,142,0.142,0.07902552846539766
710,855,145,0.145,0.0808528811391443
780,890,110,0.11,0.07804157164972275
760,880,120,0.12,0.07732068930752575
784,892,108,0.108,0.06941084478609263
788,894,106,0.106,0.07344672582065687
810,905,95,0.095,0.07415341485198587
804,902,98,0.098,0.06157245890097693
756,878,122,0.122,0.058797274253796786
736,868,132,0.132,0.06993026048963656
748,874,126,0.126,0.07134269156400114
782,891,109,0.109,0.09159608355909586
758,879,121,0.121,0.08667937920801341
750,875,125,0.125,0.09081770691089332
772,886,114,0.114,0.09077448231447488
798,899,101,0.101,0.06463615867123008
764,882,118,0.118,0.06643341316841543
726,863,137,0.137,0.06939140200382099
756,878,122,0.122,0.06952158250473439
774,887,113,0.113,0.07199487989768386
744,872,128,0.128,0.07461559483222663
720,860,140,0.14,0.07397067841026
754,877,123,0.123,0.07057393101323396
826,913,87,0.087,0.06981612963811494
788,894,106,0.106,0.07578358225151896
754,877,123,0.123,0.07433299991115928
712,856,144,0.144,0.08306367234745994
746,873,127,0.127,0.08126125780865551
768,884,116,0.116,0.07037300046440213
744,872,128,0.128,0.07855301703512668
742,871,129,0.129,0.0790198793085292
744,872,128,0.128,0.07840001187380403
784,892,108,0.108,0.07597751347906888
736,868,132,0.132,0.07735678906971588
690,845,155,0.155,0.07968427888397127
792,896,104,0.104,0.06283694260148331
762,881,119,0.119,0.0626981367105618
740,870,130,0.13,0.07205611025216058
820,910,90,0.09,0.06417199990572407
774,887,113,0.113,0.06892847805097699
788,894,106,0.106,0.06719397719297558
714,857,143,0.143,0.07434805504698307
750,875,125,0.125,0.07001985459774733
750,875,125,0.125,0.07497841285541654
774,887,113,0.113,0.07508340657688678
768,884,116,0.116,0.07616334631852806
820,910,90,0.09,0.07845308148721233
728,864,136,0.136,0.07495984212495387
770,885,115,0.115,0.07415590593684465
730,865,135,0.135,0.08194765590503812
742,871,129,0.129,0.07405907834460959
748,874,126,0.126,0.07858452909439802
816,908,92,0.092,0.08199926917906851
782,891,109,0.109,0.07259393608151003
800,900,100,0.1,0.07409021682944149
682,841,159,0.159,0.09706931985169649
730,865,135,0.135,0.10171252888627351
760,880,120,0.12,0.11830289932154119
770,885,115,0.115,0.1070312412418425
746,873,127,0.127,0.10555505808163435
740,870,130,0.13,0.09879164882935583
728,864,136,0.136,0.10779565469920635
730,865,135,0.135,0.10938938387110829
708,854,146,0.146,0.11647917739115655
756,878,122,0.122,0.11624084653891623
764,882,118,0.118,0.11630785325914621
778,889,111,0.111,0.11067814796976745
770,885,115,0.115,0.09860871582664549
742,871,129,0.129,0.09559795456938446
798,899,101,0.101,0.09756279430631548
786,893,107,0.107,0.09328224716894329
722,861,139,0.139,0.10919842983596027
758,879,121,0.121,0.10802781374007464
742,871,129,0.129,0.11927827451936901
740,870,130,0.13,0.13366933722421526
718,859,141,0.141,0.11201750201545656
812,906,94,0.094,0.10696619187667966
770,885,115,0.115,0.09716815323755144
736,868,132,0.132,0.10733391530439258
780,890,110,0.11,0.11908675039373338
686,843,157,0.157,0.12997170400619507
742,871,129,0.129,0.13098458288237452
724,862,138,0.138,0.13286661467887462
792,896,104,0.104,0.11369496539980173
798,899,101,0.101,0.11059450079873204
736,868,132,0.132,0.11471540299616755
762,881,119,0.119,0.10064710252918303
800,900,100,0.1,0.10329756042826921
802,901,99,0.099,0.1018645684979856
734,867,133,0.133,0.11444740961864591
744,872,128,0.128,0.12127529626153409
768,884,116,0.116,0.1262836910504848
822,911,89,0.089,0.1228657102137804
740,870,130,0.13,0.1181830247156322
744,872,128,0.128,0.1159102309877053
712,856,144,0.144,0.13057070444896818
784,892,108,0.108,0.11860521618463099
720,860,140,0.14,0.14463105592131614
744,872,128,0.128,0.15350359328091145
752,876,124,0.124,0.14534324895218015
752,876,124,0.124,0.14790166444703937
786,893,107,0.107,0.14241232964023948
734,867,133,0.133,0.14501388249732555
752,876,124,0.124,0.1458159361332655
744,872,128,0.128,0.14748149742931127
778,889,111,0.111,0.1441125356927514
784,892,108,0.108,0.14322320417314768
772,886,114,0.114,0.13291934417001902
804,902,98,0.098,0.13081648071296514
750,875,125,0.125,0.12231231518276035
772,886,114,0.114,0.12658488118276
704,852,148,0.148,0.12360213327221573
786,893,107,0.107,0.12958674282580615
734,867,133,0.133,0.15144886694848536
764,882,118,0.118,0.14313750503584743
716,858,142,0.142,0.1440492292754352
744,872,128,0.128,0.13780354111082851
718,859,141,0.141,0.12116404671594501
776,888,112,0.112,0.12218829247355462
784,892,108,0.108,0.11077266359701753
762,881,119,0.119,0.123868935149163
734,867,133,0.133,0.1276289363913238
738,869,131,0.131,0.12959208019450308
752,876,124,0.124,0.12706363359838724
782,891,109,0.109,0.11980780647322535
808,904,96,0.096,0.12961637968197465
762,881,119,0.119,0.11948659201897681
744,872,128,0.128,0.12240707939490676
758,879,121,0.121,0.12714385452866556
714,857,143,0.143,0.12539958404377102
792,896,104,0.104,0.1259126424640417
794,897,103,0.103,0.12440589872375131
776,888,112,0.112,0.12681410839781165
716,858,142,0.142,0.1389912119358778
768,884,116,0.116,0.1430589567795396
750,875,125,0.125,0.13881199783459305
810,905,95,0.095,0.13508045742288233
762,881,119,0.119,0.14208735090121627
728,864,136,0.136,0.14761112125590445
714,857,143,0.143,0.14730506451427935
752,876,124,0.124,0.14915821654349565
738,869,131,0.131,0.14698306896165014
798,899,101,0.101,0.14721342328563333
730,865,135,0.135,0.1495649913176894
790,895,105,0.105,0.15448869279585778
706,853,147,0.147,0.15977899578213692
744,872,128,0.128,0.15066846125759184
746,873,127,0.127,0.16021493061073125
748,874,126,0.126,0.16620451574400066
722,861,139,0.139,0.15561628288775683
758,879,121,0.121,0.1509011576399207
726,863,137,0.137,0.15232055600732564
782,891,109,0.109,0.14768648313730956
698,849,151,0.151,0.14876234140992164
764,882,118,0.118,0.1494101229943335
764,882,118,0.118,0.1521556094326079
804,902,98,0.098,0.14455624268203973
722,861,139,0.139,0.14809558042883872
816,908,92,0.092,0.13405615427345038
810,905,95,0.095,0.13842925512045623
728,864,136,0.136,0.13951420176029206
718,859,141,0.141,0.15252879831008614
746,873,127,0.127,0.1414438136294484
690,845,155,0.155,0.1580851746201515
728,864,136,0.136,0.16004532838985325
756,878,122,0.122,0.14477508046850562
786,893,107,0.107,0.13304221097379923
756,878,122,0.122,0.13196673351712526
772,886,114,0.114,0.1291295556500554
820,910,90,0.09,0.14798145476728677
772,886,114,0.114,0.14321264023333788
754,877,123,0.123,0.15106912364065647
724,862,138,0.138,0.1537252534106374
822,911,89,0.089,0.13152931618131697
798,899,101,0.101,0.13358527986705304
730,865,135,0.135,0.13775951478630305
806,903,97,0.097,0.13552430176734925
754,877,123,0.123,0.15250347144901752
716,858,142,0.142,0.1711050128787756
728,864,136,0.136,0.16197686920687557
812,906,94,0.094,0.15899432535097002
828,914,86,0.086,0.16287935911491513
782,891,109,0.109,0.15935285180807113
842,921,79,0.079,0.1428347151018679
734,867,133,0.133,0.1520288880392909
774,887,113,0.113,0.13820562379807233
776,888,112,0.112,0.15633414071798324
760,880,120,0.12,0.17029802608862518
776,888,112,0.112,0.1773067858032882
714,857,143,0.143,0.1832055071592331
768,884,116,0.116,0.16538009770214557
746,873,127,0.127,0.16383563928678632
760,880,120,0.12,0.15612101690471172
720,860,140,0.14,0.16389360187202692
690,845,155,0.155,0.1815807512626052
736,868,132,0.132,0.18437075635045766
776,888,112,0.112,0.1669880987741053
702,851,149,0.149,0.1646863725371659
718,859,141,0.141,0.1487480843923986
782,891,109,0.109,0.14940209762565793
750,875,125,0.125,0.15126109665632248
728,864,136,0.136,0.15983299879170954
732,866,134,0.134,0.15922741114348174
778,889,111,0.111,0.15376312452927232
820,910,90,0.09,0.14294264878332616
800,900,100,0.1,0.14141797870770098
794,897,103,0.103,0.12628316162340342
788,894,106,0.106,0.12485086238756776
762,881,119,0.119,0.1431805245950818
748,874,126,0.126,0.14912836978398264
704,852,148,0.148,0.16777072915062308
700,850,150,0.15,0.1892859807536006
718,859,141,0.141,0.19251993772387505
728,864,136,0.136,0.1822888735085726
824,912,88,0.088,0.15746050863713026
750,875,125,0.125,0.16028703974559902
716,858,142,0.142,0.1726477929651737
756,878,122,0.122,0.1654261334910989
744,872,128,0.128,0.1873413377702236
730,865,135,0.135,0.19390168816968797
748,874,126,0.126,0.18355520949885248
740,870,130,0.13,0.18180969235673547
760,880,120,0.12,0.1741198960915208
804,902,98,0.098,0.14704730524867773
766,883,117,0.117,0.14925241070985795
716,858,142,0.142,0.15888680789619683
764,882,118,0.118,0.15926820443943143
680,840,160,0.16,0.17911241656541824
720,860,140,0.14,0.1852350524403155
724,862,138,0.138,0.18165713504888117
744,872,128,0.128,0.17116805646196007
798,899,101,0.101,0.14965452706813812
802,901,99,0.099,0.14746458182111383
708,854,146,0.146,0.14966230550408363
728,864,136,0.136,0.15679147092625498
776,888,112,0.112,0.16769873400591315
732,866,134,0.134,0.17451863113045693
776,888,112,0.112,0.17104806244000792
790,895,105,0.105,0.15792465529218316
756,878,122,0.122,0.1629391458146274
738,869,131,0.131,0.1706753039509058
724,862,138,0.138,0.17301511599868535
806,903,97,0.097,0.1626880402714014
824,912,88,0.088,0.1469192090779543
836,918,82,0.082,0.14607617587223648
746,873,127,0.127,0.14535322605073453
714,857,143,0.143,0.14949749891087413
778,889,111,0.111,0.1632833065241575
778,889,111,0.111,0.1613943663612008
790,895,105,0.105,0.16244135597720744
744,872,128,0.128,0.15376035487651826
820,910,90,0.09,0.13199528110958636
802,901,99,0.099,0.13791863394901158
764,882,118,0.118,0.13846064102090896
708,854,146,0.146,0.1472113290168345
680,840,160,0.16,0.17329175759106874
714,857,143,0.143,0.17768528582155704
748,874,126,0.126,0.1693461394160986
792,896,104,0.104,0.1680027118548751
756,878,122,0.122,0.15287291095405817
772,886,114,0.114,0.13817461823299526
792,896,104,0.104,0.13692925825342536
788,894,106,0.106,0.1392870044261217
798,899,101,0.101,0.13194787467643618
810,905,95,0.095,0.12853987972065806
796,898,102,0.102,0.1318599838539958
826,913,87,0.087,0.12718924424797295
724,862,138,0.138,0.1470524462722242
730,865,135,0.135,0.15288850792124867
766,883,117,0.117,0.15068926869705318
768,884,116,0.116,0.145881664538756
760,880,120,0.12,0.15130204071849584
732,866,134,0.134,0.1504885836429894
740,870,130,0.13,0.1359708217047155
774,887,113,0.113,0.1406004777867347
744,872,128,0.128,0.13508473560214043
708,854,146,0.146,0.13057511104643346
790,895,105,0.105,0.1466471851170063
768,884,116,0.116,0.14857495694607498
792,896,104,0.104,0.13190543030761182
762,881,119,0.119,0.12944791720621288
750,875,125,0.125,0.12155371312052012
726,863,137,0.137,0.12514293445274233
750,875,125,0.125,0.14946768083795905
736,868,132,0.132,0.13776743665710092
772,886,114,0.114,0.1442062461450696
756,878,122,0.122,0.13857073061540723
780,890,110,0.11,0.13470292986929416
704,852,148,0.148,0.1290231380239129
764,882,118,0.118,0.120219142049551
746,873,127,0.127,0.12757101472839713
794,897,103,0.103,0.12732773431017994
810,905,95,0.095,0.12164746353961528
802,901,99,0.099,0.12466669246926904
758,879,121,0.121,0.12298147749807685
762,881,119,0.119,0.13298910069465636
736,868,132,0.132,0.13095606424473227
730,865,135,0.135,0.13835875971987843
750,875,125,0.125,0.14210432742908596
734,867,133,0.133,0.13510644885152578
758,879,121,0.121,0.13727414866909385
780,890,110,0.11,0.13089330228604376
794,897,103,0.103,0.1402603504769504
740,870,130,0.13,0.13141088450700045
762,881,119,0.119,0.12775745530426502
706,853,147,0.147,0.1361270930301398
814,907,93,0.093,0.12678865335695447
752,876,124,0.124,0.15413204074278475
712,856,144,0.144,0.15825349429622293
716,858,142,0.142,0.16263507991656662
748,874,126,0.126,0.15719424543902277
768,884,116,0.116,0.1422897715177387
810,905,95,0.095,0.1386319581605494
742,871,129,0.129,0.1375357078788802
718,859,141,0.141,0.13654572896659375
756,878,122,0.122,0.14737407782301307
742,871,129,0.129,0.1466382182724774
738,869,131,0.131,0.14043349440395833
726,863,137,0.137,0.13918078014999627
800,900,100,0.1,0.1375407834649086
776,888,112,0.112,0.13062738101184368
776,888,112,0.112,0.12929292915388943
788,894,106,0.106,0.12474065632373095
798,899,101,0.101,0.12216184058971703
770,885,115,0.115,0.131909808319062
768,884,116,0.116,0.13440000092238188
766,883,117,0.117,0.13873359245061875
738,869,131,0.131,0.14561198324337601
754,877,123,0.123,0.14765297409519554
730,865,135,0.135,0.15259516649320723
738,869,131,0.131,0.1518806393817067
822,911,89,0.089,0.1395246506407857
784,892,108,0.108,0.13460197159461676
788,894,106,0.106,0.1308016387410462
804,902,98,0.098,0.1349951320104301
760,880,120,0.12,0.13777369980514048
732,866,134,0.134,0.13914945172145962
714,857,143,0.143,0.1495186223499477
708,854,146,0.146,0.1474979233108461
710,855,145,0.145,0.149539680339396
778,889,111,0.111,0.14488347264379262
768,884,116,0.116,0.1477634680457413
702,851,149,0.149,0.1423685019761324
750,875,125,0.125,0.13465023764967918
730,865,135,0.135,0.1432103060502559
742,871,129,0.129,0.12970404056459664
742,871,129,0.129,0.14364623465016485
786,893,107,0.107,0.1409880730882287
720,860,140,0.14,0.14902815367281436
726,863,137,0.137,0.13756851847469806
812,906,94,0.094,0.12724836348742247
784,892,108,0.108,0.12409507936239242
754,877,123,0.123,0.11993366980180144
768,884,116,0.116,0.1258127678092569
786,893,107,0.107,0.12579899386130272
760,880,120,0.12,0.12368210606276989
724,862,138,0.138,0.11957774474844336
774,887,113,0.113,0.10989551463350654
736,868,132,0.132,0.1103412467110902
784,892,108,0.108,0.10193221667595208
746,873,127,0.127,0.11748437215946615
760,880,120,0.12,0.11498610692843794
758,879,121,0.121,0.1104857289865613
752,876,124,0.124,0.11132082957029342
764,882,118,0.118,0.10372912222146988
726,863,137,0.137,0.1051764006819576
796,898,102,0.102,0.10101749086938798
806,903,97,0.097,0.09985603856109082
786,893,107,0.107,0.09282908078562468
760,880,120,0.12,0.09454624581895768
786,893,107,0.107,0.09560998376831412
780,890,110,0.11,0.09971158284321427
696,848,152,0.152,0.1211247712932527
812,906,94,0.094,0.11833526700735092
800,900,100,0.1,0.11456297209486366
740,870,130,0.13,0.10926793979853391
764,882,118,0.118,0.09904486314766109
748,874,126,0.126,0.10336532131209969
750,875,125,0.125,0.10713961070403456
760,880,120,0.12,0.11082901522889733
772,886,114,0.114,0.11566473072767258
826,913,87,0.087,0.11067971703410148
714,857,143,0.143,0.12181582314521075
734,867,133,0.133,0.11560239629074931
730,865,135,0.135,0.1184953705444932
760,880,120,0.12,0.11622008678875864
756,878,122,0.122,0.11800282165594399
782,891,109,0.109,0.11923999861255288
768,884,116,0.116,0.1039300123900175
754,877,123,0.123,0.10075158258713782
794,897,103,0.103,0.09980120778083801
800,900,100,0.1,0.09832898715510964
708,854,146,0.146,0.11512612403556705
788,894,106,0.106,0.11056208430230617
798,899,101,0.101,0.10902580673061311
822,911,89,0.089,0.11103036812879145
778,889,111,0.111,0.09963209391012788
742,871,129,0.129,0.09975954510457814
744,872,128,0.128,0.10237632391788065
810,905,95,0.095,0.09558515165187419
734,867,133,0.133,0.1160233865790069
738,869,131,0.131,0.11018169339373708
762,881,119,0.119,0.11382597277686
784,892,108,0.108,0.11204337469674647
804,902,98,0.098,0.09494300192222
770,885,115,0.115,0.09316574979200959
734,867,133,0.133,0.10227472049929201
746,873,127,0.127,0.10127252300456166
818,909,91,0.091,0.09329482847638428
824,912,88,0.088,0.08996483369544149
760,880,120,0.12,0.09494666979461909
712,856,144,0.144,0.09100173287652433
776,888,112,0.112,0.10525062511116266
746,873,127,0.127,0.10805836811475455
746,873,127,0.127,0.1168743197619915
758,879,121,0.121,0.112715755013749
770,885,115,0.115,0.10055165138281882
802,901,99,0.099,0.09029837010800838
746,873,127,0.127,0.09291624006442725
802,901,99,0.099,0.09365740895830095
794,897,103,0.103,0.09368465443328022
794,897,103,0.103,0.10442354266345501
754,877,123,0.123,0.10102930870652199
738,869,131,0.131,0.11065385196590796
766,883,117,0.117,0.09965578293800353
832,916,84,0.084,0.09385165847209283
756,878,122,0.122,0.10247046875581145
728,864,136,0.136,0.10309205081872642
734,867,133,0.133,0.12233990103937685
742,871,129,0.129,0.1253324033357203
740,870,130,0.13,0.12338485169410705
770,885,115,0.115,0.11715818528458476
804,902,98,0.098,0.09918975085765123
794,897,103,0.103,0.10391328985430301
774,887,113,0.113,0.10426024908386171
728,864,136,0.136,0.11155890905484557
808,904,96,0.096,0.11634619081392884
796,898,102,0.102,0.10775777601078153
746,873,127,0.127,0.11247018675133585
692,846,154,0.154,0.11371095198765398
738,869,131,0.131,0.11223260536417365
746,873,127,0.127,0.11347099112905562
702,851,149,0.149,0.12060088394396007
792,896,104,0.104,0.11175804673135281
760,880,120,0.12,0.10705456198751927
796,898,102,0.102,0.09445990298315883
766,883,117,0.117,0.09566683919820934
778,889,111,0.111,0.09031197748333215
776,888,112,0.112,0.10338847357593477
728,864,136,0.136,0.1080026574023068
754,877,123,0.123,0.10708715066686272
744,872,128,0.128,0.1122559508010745
754,877,123,0.123,0.11353743982315063
764,882,118,0.118,0.11222538188844919
738,869,131,0.131,0.10645373919419944
746,873,127,0.127,0.10408622869104146
748,874,126,0.126,0.10822522146254777
742,871,129,0.129,0.11195627776905895
756,878,122,0.122,0.11542128883302212
804,902,98,0.098,0.10812725825794041
698,849,151,0.151,0.10901466124132275
728,864,136,0.136,0.10163669593632221
772,886,114,0.114,0.0982069433350116
772,886,114,0.114,0.10209952599741519
722,861,139,0.139,0.10413111224770547
754,877,123,0.123,0.10387031554803253
806,903,97,0.097,0.09433960274048149
732,866,134,0.134,0.10917344966717064
748,874,126,0.126,0.11322743433341384
750,875,125,0.125,0.11916907398030162
730,865,135,0.135,0.12063524401932955
776,888,112,0.112,0.10721506405621767
752,876,124,0.124,0.11426699802652002
746,873,127,0.127,0.10948521224223078
758,879,121,0.121,0.10756404654495418
752,876,124,0.124,0.10594146586675197
782,891,109,0.109,0.09820328478887677
772,886,114,0.114,0.10489342889841646
730,865,135,0.135,0.10340229096636176
832,916,84,0.084,0.09705907750688493
752,876,124,0.124,0.10493935096077621
748,874,126,0.126,0.09960591412708163
744,872,128,0.128,0.09860969950444996
802,901,99,0.099,0.08601464627031237
720,860,140,0.14,0.08594997820630669
752,876,124,0.124,0.08644868508866056
748,874,126,0.126,0.08835936212912202
804,902,98,0.098,0.08564813443645834
730,865,135,0.135,0.09085601147823036
782,891,109,0.109,0.0849055404793471
778,889,111,0.111,0.087933872660622
778,889,111,0.111,0.0900200425600633
750,875,125,0.125,0.09081063937582076
816,908,92,0.092,0.08247939177975058
790,895,105,0.105,0.08425799994170666
752,876,124,0.124,0.08474193612113595
734,867,133,0.133,0.09427193277329206
762,881,119,0.119,0.09931615595892072
798,899,101,0.101,0.10913549464382231
750,875,125,0.125,0.11135676776431501
754,877,123,0.123,0.10266204685904086
732,866,134,0.134,0.10119364488497376
704,852,148,0.148,0.09822328185662627
758,879,121,0.121,0.09268514339625836
822,911,89,0.089,0.09386892384290695
782,891,109,0.109,0.09676203723996878
820,910,90,0.09,0.09271308759599924
718,859,141,0.141,0.09022722331434488
808,904,96,0.096,0.08106637634895741
778,889,111,0.111,0.08313161933422089
810,905,95,0.095,0.08747219059802591
774,887,113,0.113,0.09361781526729465
800,900,100,0.1,0.09584086122363805
762,881,119,0.119,0.09558403097465634
704,852,148,0.148,0.09795639651082456
754,877,123,0.123,0.09770365450903773
710,855,145,0.145,0.10269991334713996
760,880,120,0.12,0.10630346844345331
760,880,120,0.12,0.10702403655275702
724,862,138,0.138,0.10703660468757152
754,877,123,0.123,0.10064543400332332
840,920,80,0.08,0.09783875937387347
776,888,112,0.112,0.08544619263522327
806,903,97,0.097,0.08451292617805302
732,866,134,0.134,0.09532379669137299
690,845,155,0.155,0.09789991662837565
768,884,116,0.116,0.11751525630429387
774,887,113,0.113,0.10576277248561382
758,879,121,0.121,0.12093791496381164
718,859,141,0.141,0.12017840103432537
688,844,156,0.156,0.10068724212236703
826,913,87,0.087,0.09594646575674415
776,888,112,0.112,0.09887400495633483
730,865,135,0.135,0.10585942054912448
808,904,96,0.096,0.10311675093322992
720,860,140,0.14,0.10937376181967556
760,880,120,0.12,0.10342346860468388
706,853,147,0.147,0.1133761839531362
760,880,120,0.12,0.1106147290058434
782,891,109,0.109,0.10756085765734315
788,894,106,0.106,0.10257155246846378
738,869,131,0.131,0.10401810234878212
774,887,113,0.113,0.09036881135031581
768,884,116,0.116,0.09665724528208375
782,891,109,0.109,0.09188010702375322
800,900,100,0.1,0.09828937663510441
718,859,141,0.141,0.10780622568540275
806,903,97,0.097,0.10042078791745007
792,896,104,0.104,0.0981042847186327
760,880,120,0.12,0.10182586368918418
764,882,118,0.118,0.10097119721397757
822,911,89,0.089,0.09810769771970808
816,908,92,0.092,0.10072524029202759
722,861,139,0.139,0.10978594725579023
698,849,151,0.151,0.11638074871525168
774,887,113,0.113,0.12066409128531813
788,894,106,0.106,0.12039040896855295
776,888,112,0.112,0.12477749100700021
736,868,132,0.132,0.11184988619014621
822,911,89,0.089,0.10277477785944938
786,893,107,0.107,0.1034236474186182
808,904,96,0.096,0.10032755444012582
758,879,121,0.121,0.11923348313942551
724,862,138,0.138,0.12268312034755945
714,857,143,0.143,0.13027502689883114
714,857,143,0.143,0.12543906150758266
790,895,105,0.105,0.11618211374431849
770,885,115,0.115,0.11112976353988051
774,887,113,0.113,0.10497970070317388
762,881,119,0.119,0.10403161369636654
758,879,121,0.121,0.10743071399256587
780,890,110,0.11,0.10902015609294176
780,890,110,0.11,0.11523333860933781
720,860,140,0.14,0.11975142061337829
710,855,145,0.145,0.11488942039571702
792,896,104,0.104,0.09933772259950638
806,903,97,0.097,0.09099531749170274
810,905,95,0.095,0.09415556106716394
800,900,100,0.1,0.09397337745502592
820,910,90,0.09,0.08924802645295858
828,914,86,0.086,0.09115508375503123
760,880,120,0.12,0.09862531143240631
778,889,111,0.111,0.10417093979381024
732,866,134,0.134,0.11671377040818334
804,902,98,0.098,0.10643698263168334
790,895,105,0.105,0.11053452675044537
716,858,142,0.142,0.11312645667605102
838,919,81,0.081,0.09752018787525595
790,895,105,0.105,0.09859669796377421
736,868,132,0.132,0.09878504370339215
804,902,98,0.098,0.0973904348872602
704,852,148,0.148,0.11445647043734788
790,895,105,0.105,0.11251537671685219
738,869,131,0.131,0.11771507212892175
816,908,92,0.092,0.11378522416390478
754,877,123,0.123,0.11800182578898967
720,860,140,0.14,0.12008626483753324
776,888,112,0.112,0.11411702236160635
758,879,121,0.121,0.11711785154975951
742,871,129,0.129,0.11708924310654402
744,872,128,0.128,0.12802039320766925
730,865,135,0.135,0.13172489064186813
780,890,110,0.11,0.12520268734917045
794,897,103,0.103,0.12332166646048427
780,890,110,0.11,0.11648540568351745
766,883,117,0.117,0.11853721055015921
756,878,122,0.122,0.11447826615348458
838,919,81,0.081,0.10167524601146578
778,889,111,0.111,0.1132827134616673
728,864,136,0.136,0.12371460277680307
720,860,140,0.14,0.1359738997556269
790,895,105,0.105,0.12980355594307183
712,856,144,0.144,0.1436635976806283
722,861,139,0.139,0.13181829089298844
710,855,145,0.145,0.13359538389369846
760,880,120,0.12,0.12565057091414927
758,879,121,0.121,0.13279905477538706
744,872,128,0.128,0.13332972325757145
738,869,131,0.131,0.13322655997984112
758,879,121,0.121,0.12991138669475913
794,897,103,0.103,0.12652572286874056
748,874,126,0.126,0.12899972056597472
766,883,117,0.117,0.1299747702665627
752,876,124,0.124,0.12625738773308695
764,882,118,0.118,0.12227504143863917
754,877,123,0.123,0.12510692432895304
730,865,135,0.135,0.12336677443236113
790,895,105,0.105,0.11596182191185653
798,899,101,0.101,0.11021227461099625
742,871,129,0.129,0.11615075696632265
732,866,134,0.134,0.11857637252472342
754,877,123,0.123,0.13585828884691
682,841,159,0.159,0.15591541920229793
754,877,123,0.123,0.15373927922174335
720,860,140,0.14,0.16106800230592488
686,843,157,0.157,0.15752758033573627
808,904,96,0.096,0.15389005514979362
746,873,127,0.127,0.1521219320446253
764,882,118,0.118,0.15250784792751074
804,902,98,0.098,0.15349838418141007
754,877,123,0.123,0.1427298069112003
754,877,123,0.123,0.1473364019319415
778,889,111,0.111,0.13879550091549755
720,860,140,0.14,0.14564078526571392
780,890,110,0.11,0.15185518599301576
766,883,117,0.117,0.15398174669966103
752,876,124,0.124,0.1552569973319769
690,845,155,0.155,0.14906201185658574
780,890,110,0.11,0.12793035662919283
800,900,100,0.1,0.1344946546331048
742,871,129,0.129,0.14098364978656172
752,876,124,0.124,0.14276551895961165
732,866,134,0.134,0.14355032689869404
850,925,75,0.075,0.12156313998624682
644,822,178,0.178,0.1282585434615612
750,875,125,0.125,0.11875969884544611
742,871,129,0.129,0.12325342625007034
748,874,126,0.126,0.13012103915214537
804,902,98,0.098,0.1315163816139102
730,865,135,0.135,0.13399010785296558
734,867,133,0.133,0.12327708878740669
792,896,104,0.104,0.11378859817609191
754,877,123,0.123,0.1186232524421066
796,898,102,0.102,0.12244903868995607
734,867,133,0.133,0.13315402292460204
740,870,130,0.13,0.13705343715474008
788,894,106,0.106,0.12603475971147418
810,905,95,0.095,0.11993213939666748
742,871,129,0.129,0.1212504878602922
770,885,115,0.115,0.11995609516184777
776,888,112,0.112,0.1199537262879312
764,882,118,0.118,0.12136655912175774
750,875,125,0.125,0.1234147379156202
718,859,141,0.141,0.12634194779023528
744,872,128,0.128,0.1247644847035408
788,894,106,0.106,0.12457587559893728
798,899,101,0.101,0.11887669381126761
772,886,114,0.114,0.12034622882679105
734,867,133,0.133,0.12585545367747544
760,880,120,0.12,0.12634555787593127
728,864,136,0.136,0.13648631218075752
764,882,118,0.118,0.13393375373631716
780,890,110,0.11,0.13524295450001955
790,895,105,0.105,0.12642063457518815
790,895,105,0.105,0.12318699972890318
768,884,116,0.116,0.1312684904895723
780,890,110,0.11,0.1312858561463654
790,895,105,0.105,0.14209084210544826
730,865,135,0.135,0.14343749161809682
798,899,101,0.101,0.13460351337119936
732,866,134,0.134,0.13711358058080078
778,889,111,0.111,0.13553098092228175
766,883,117,0.117,0.1401666030175984
756,878,122,0.122,0.13905744837597012
752,876,124,0.124,0.1429815497994423
736,868,132,0.132,0.14563756588473917
748,874,126,0.126,0.1408422072380781
766,883,117,0.117,0.16089754981920124
742,871,129,0.129,0.16205390263348818
778,889,111,0.111,0.16617129647731782
730,865,135,0.135,0.1748331955857575
780,890,110,0.11,0.1547215493954718
760,880,120,0.12,0.15567803068831562
726,863,137,0.137,0.15563987905532123
726,863,137,0.137,0.15737845526635647
808,904,96,0.096,0.1666287292689085
728,864,136,0.136,0.17115439031273127
746,873,127,0.127,0.16774334032833577
754,877,123,0.123,0.16585688430815934
762,881,119,0.119,0.1512227429226041
774,887,113,0.113,0.1514494188427925
756,878,122,0.122,0.14485492733493446
784,892,108,0.108,0.13994472717866302
786,893,107,0.107,0.13302854939550163
754,877,123,0.123,0.13885363141447304
730,865,135,0.135,0.12306609354540705
810,905,95,0.095,0.11849873810261488
744,872,128,0.128,0.13423448511958122
732,866,134,0.134,0.1326359852552414
818,909,91,0.091,0.13970723272114993
732,866,134,0.134,0.14303133615106345
828,914,86,0.086,0.1333115179426968
736,868,132,0.132,0.1344499108940363
774,887,113,0.113,0.13053415041416883
776,888,112,0.112,0.12397620259970427
800,900,100,0.1,0.11887863631173969
778,889,111,0.111,0.12003866413608194
764,882,118,0.118,0.12301963833346963
806,903,97,0.097,0.12122633578255773
768,884,116,0.116,0.13208799144253136
718,859,141,0.141,0.12987088427320123
794,897,103,0.103,0.12404361425712705
822,911,89,0.089,0.12263851303979754
796,898,102,0.102,0.12074802269786597
752,876,124,0.124,0.1246750244051218
716,858,142,0.142,0.13327785802260042
754,877,123,0.123,0.13432604716718197
742,871,129,0.129,0.15079803304374217
758,879,121,0.121,0.15265596018359065
752,876,124,0.124,0.1400575880408287
834,917,83,0.083,0.1396504194252193
758,879,121,0.121,0.13542372668534516
734,867,133,0.133,0.14081219882145524
746,873,127,0.127,0.14903606249764562
818,909,91,0.091,0.15171917384490372
784,892,108,0.108,0.15003776539117097
728,864,136,0.136,0.14877958223968743
758,879,121,0.121,0.14595564962923527
768,884,116,0.116,0.1415530533157289
754,877,123,0.123,0.14700619496405123
712,856,144,0.144,0.14912697575241327
818,909,91,0.091,0.13873169564083218
778,889,111,0.111,0.13392843445390462
760,880,120,0.12,0.13395076414570212
764,882,118,0.118,0.12870507808402182
814,907,93,0.093,0.13438911459594965
776,888,112,0.112,0.12775888771936297
734,867,133,0.133,0.13057560010254382
676,838,162,0.162,0.1459081163778901
792,896,104,0.104,0.14141034948825837
792,896,104,0.104,0.15069458244740963
718,859,141,0.141,0.15762199824303388
712,856,144,0.144,0.16086749157682062
726,863,137,0.137,0.1541386053264141
768,884,116,0.116,0.14787109779566526
800,900,100,0.1,0.15084274846315385
744,872,128,0.128,0.1536257957406342
784,892,108,0.108,0.15408542947098613
748,874,126,0.126,0.1524579289406538
734,867,133,0.133,0.15589503167942168
734,867,133,0.133,0.17102757874131203
762,881,119,0.119,0.16140154594182968
760,880,120,0.12,0.16630845730751753
792,896,104,0.104,0.16033933809399606
686,843,157,0.157,0.16276368292421103
732,866,134,0.134,0.15874436098337175
820,910,90,0.09,0.1521542761400342
732,866,134,0.134,0.16826382781565188
722,861,139,0.139,0.19022684332728385
746,873,127,0.127,0.19358209776133298
774,887,113,0.113,0.186681306168437
768,884,116,0.116,0.17808438716828823
742,871,129,0.129,0.16688925328478216
764,882,118,0.118,0.16225625481456518
832,916,84,0.084,0.16365009580552578
808,904,96,0.096,0.1613729288354516
792,896,104,0.104,0.16805861103534697
714,857,143,0.143,0.18188448701798915
644,822,178,0.178,0.19052596586197615
754,877,123,0.123,0.18561226656287907
770,885,115,0.115,0.19400744702666997
678,839,161,0.161,0.19228764405101537
706,853,147,0.147,0.19133739835768937
802,901,99,0.099,0.17634230890870095
750,875,125,0.125,0.17811255200952292
762,881,119,0.119,0.16580991742759943
766,883,117,0.117,0.16063517690449952
742,871,129,0.129,0.16812916474044323
756,878,122,0.122,0.17171866593509913
832,916,84,0.084,0.17967794136703014
740,870,130,0.13,0.17987160110473632
740,870,130,0.13,0.1809860540404916
758,879,121,0.121,0.174029107067734
740,870,130,0.13,0.16851440422236919
806,903,97,0.097,0.16892955538257956
696,848,152,0.152,0.18658592207729816
788,894,106,0.106,0.17204398145526648
702,851,149,0.149,0.16520682180672883
734,867,133,0.133,0.1661545738503337
710,855,145,0.145,0.1663930655270815
778,889,111,0.111,0.16398588863015176
720,860,140,0.14,0.17556457745283843
784,892,108,0.108,0.16151897376030683
792,896,104,0.104,0.15346587092801928
744,872,128,0.128,0.1528377279266715
770,885,115,0.115,0.14941742328181862
772,886,114,0.114,0.15038810546323658
766,883,117,0.117,0.16234579821303488
778,889,111,0.111,0.1635709906183183
694,847,153,0.153,0.16808679872006177
758,879,121,0.121,0.1565041213594377
848,924,76,0.076,0.13768143349513412
744,872,128,0.128,0.14307594348117708
754,877,123,0.123,0.1520023409537971
772,886,114,0.114,0.15573059455677868
788,894,106,0.106,0.16301156994700433
724,862,138,0.138,0.1718204575255513
770,885,115,0.115,0.15013026347011327
760,880,120,0.12,0.14569900696724652
782,891,109,0.109,0.14380761241167783
760,880,120,0.12,0.14656461453437805
710,855,145,0.145,0.14962869042158128
806,903,97,0.097,0.1486575187817216
702,851,149,0.149,0.15076569189876318
794,897,103,0.103,0.14291795838996768
772,886,114,0.114,0.1413459763675928
782,891,109,0.109,0.13430299615859986
736,868,132,0.132,0.1466233274973929
744,872,128,0.128,0.1485917347371578
736,868,132,0.132,0.14892538682371378
788,894,106,0.106,0.14711917520314455
794,897,103,0.103,0.13257407639175653
780,890,110,0.11,0.13151461901143194
730,865,135,0.135,0.13850166995823382
764,882,118,0.118,0.14150448930449783
726,863,137,0.137,0.16133608481287956
754,877,123,0.123,0.15978574481606483
796,898,102,0.102,0.15464543768018485
702,851,149,0.149,0.1526365989111364
776,888,112,0.112,0.13897221954166888
710,855,145,0.145,0.14391247999295592
810,905,95,0.095,0.13522199574485422
730,865,135,0.135,0.14844952853396534
720,860,140,0.14,0.15014575326815247
706,853,147,0.147,0.14357618668675423
796,898,102,0.102,0.13266707779094578
802,901,99,0.099,0.13169344207271932
730,865,135,0.135,0.1443064120747149
708,854,146,0.146,0.14952655529975892
736,868,132,0.132,0.14806181225925685
732,866,134,0.134,0.15296491358429193
764,882,118,0.118,0.14456873744353652
718,859,141,0.141,0.14535426533967258
752,876,124,0.124,0.14347596531361342
734,867,133,0.133,0.15494893017783762
706,853,147,0.147,0.16467534966021777
682,841,159,0.159,0.16372258242964743
754,877,123,0.123,0.1562122099660337
788,894,106,0.106,0.1295114005226642
830,915,85,0.085,0.11906047991663217
766,883,117,0.117,0.11379440668597818
776,888,112,0.112,0.11347268318757414
798,899,101,0.101,0.1225119586251676
778,889,111,0.111,0.11883933143690228
750,875,125,0.125,0.11757400434836746
736,868,132,0.132,0.11946871766075493
804,902,98,0.098,0.11274014687165618
752,876,124,0.124,0.11505294767767191
768,884,116,0.116,0.1177969431616366
714,857,143,0.143,0.12193534445390106
752,876,124,0.124,0.12307129496708512
748,874,126,0.126,0.1249069785438478
720,860,140,0.14,0.12897404413297772
768,884,116,0.116,0.12596033427491785
768,884,116,0.116,0.1130563451461494
802,901,99,0.099,0.11362794607132673
772,886,114,0.114,0.12703849883377552
700,850,150,0.15,0.12850705604441465
740,870,130,0.13,0.1444228794388473
728,864,136,0.136,0.14260391974821687
804,902,98,0.098,0.127556556686759
786,893,107,0.107,0.12409181501716375
806,903,97,0.097,0.11807945930957794
746,873,127,0.127,0.12242442654073238
768,884,116,0.116,0.11805133092030883
792,896,104,0.104,0.11495545373857022
830,915,85,0.085,0.11349253242090344
758,879,121,0.121,0.11621486699208618
776,888,112,0.112,0.11816601528599859
796,898,102,0.102,0.12270898314937949
748,874,126,0.126,0.12085399059951306
730,865,135,0.135,0.128301043048501
756,878,122,0.122,0.13250526305288077
726,863,137,0.137,0.1410818404480815
732,866,134,0.134,0.14748231697827577
688,844,156,0.156,0.14897852277755738
792,896,104,0.104,0.13517519408836962
786,893,107,0.107,0.12808760391175747
724,862,138,0.138,0.13595639631152154
650,825,175,0.175,0.14132588518038391
720,860,140,0.14,0.1455878328345716
832,916,84,0.084,0.13930347311124205
754,877,123,0.123,0.1336769786514342
778,889,111,0.111,0.12714797649160028
766,883,117,0.117,0.12180111549608409
824,912,88,0.088,0.11295668397471309
784,892,108,0.108,0.12701529497280717
764,882,118,0.118,0.13050484685227276
770,885,115,0.115,0.13054133494570852
760,880,120,0.12,0.13177886302769184
722,861,139,0.139,0.1474314863458276
708,854,146,0.146,0.14799304950237274
782,891,109,0.109,0.14686474717408418
758,879,121,0.121,0.14465568052604794
770,885,115,0.115,0.12232924720272421
822,911,89,0.089,0.11985713624581694
788,894,106,0.106,0.1174322817530483
752,876,124,0.124,0.1239290676228702
750,875,125,0.125,0.13852673930302262
840,920,80,0.08,0.1300807675309479
716,858,142,0.142,0.14018362682685256
760,880,120,0.12,0.13804423036798835
718,859,141,0.141,0.13593817777186631
696,848,152,0.152,0.1370140503421426
816,908,92,0.092,0.12438415952026843
782,891,109,0.109,0.12421873474493622
780,890,110,0.11,0.12450712235271931
768,884,116,0.116,0.1279659006111324
756,878,122,0.122,0.13093939857557416
762,881,119,0.119,0.13015585402026772
754,877,123,0.123,0.1260342097952962
808,904,96,0.096,0.12394671238213778
718,859,141,0.141,0.1336968525610864
742,871,129,0.129,0.13577206810191272
754,877,123,0.123,0.12788174362108112
746,873,127,0.127,0.13072912924550473
760,880,120,0.12,0.13491240334510804
762,881,119,0.119,0.1285506764985621
708,854,146,0.146,0.1253151538297534
816,908,92,0.092,0.12002626599371433
834,917,83,0.083,0.10800769628584385
764,882,118,0.118,0.11008968645334244
784,892,108,0.108,0.1235958592519164
736,868,132,0.132,0.12898042792454362
740,870,130,0.13,0.13080290147662163
778,889,111,0.111,0.12754201332479714
794,897,103,0.103,0.11094085673242807
832,916,84,0.084,0.10766528018936515
754,877,123,0.123,0.10253961952403187
710,855,145,0.145,0.11178687562420964
744,872,128,0.128,0.11464230992645025
772,886,114,0.114,0.11262760015204548
736,868,132,0.132,0.11885703004524112
792,896,104,0.104,0.10740571436285973
780,890,110,0.11,0.10949425635486841
726,863,137,0.137,0.11764901568740606
754,877,123,0.123,0.11382228460162878
746,873,127,0.127,0.11633114083856344
746,873,127,0.127,0.11100407934561372
734,867,133,0.133,0.11263996788486838
788,894,106,0.106,0.11127953747287393
780,890,110,0.11,0.11441608512029051
732,866,134,0.134,0.11706604227423668
742,871,129,0.129,0.12271653202921153
788,894,106,0.106,0.11692955303564667
734,867,133,0.133,0.11431518772989512
738,869,131,0.131,0.11658300697430968
742,871,129,0.129,0.11703221651166677
762,881,119,0.119,0.11159607994556427
820,910,90,0.09,0.10637205657362937
812,906,94,0.094,0.1066545912642032
812,906,94,0.094,0.10190434121340514
778,889,111,0.111,0.10360837028920651
790,895,105,0.105,0.09416281086951495
832,916,84,0.084,0.09279816382378339
792,896,104,0.104,0.09870063951052725
758,879,121,0.121,0.09865384118258953
752,876,124,0.124,0.1092442114315927
774,887,113,0.113,0.11241802480444311
750,875,125,0.125,0.11115568409860134
700,850,150,0.15,0.11810619938373566
850,925,75,0.075,0.09528356243111193
792,896,104,0.104,0.09508150079846382
794,897,103,0.103,0.09008996132016182
738,869,131,0.131,0.09142288039624691
698,849,151,0.151,0.1077224423121661
726,863,137,0.137,0.11796674893796444
744,872,128,0.128,0.12099741310626268
780,890,110,0.11,0.11917494101822376
764,882,118,0.118,0.11767209509015084
806,903,97,0.097,0.10403047038055957
742,871,129,0.129,0.1067605529986322
784,892,108,0.108,0.10436278139799833
752,876,124,0.124,0.11227854503504932
744,872,128,0.128,0.12139904838055372
740,870,130,0.13,0.12387864214926958
760,880,120,0.12,0.12055086965858937
720,860,140,0.14,0.11134945727512241
770,885,115,0.115,0.11336959641426801
738,869,131,0.131,0.11375334785506129
718,859,141,0.141,0.12189800667762757
714,857,143,0.143,0.13259823770448564
736,868,132,0.132,0.13082678266242145
758,879,121,0.121,0.12835081389918923
734,867,133,0.133,0.12021409276500344
754,877,123,0.123,0.11951170374453068
726,863,137,0.137,0.12051787700876594
670,835,165,0.165,0.12625067351013422
726,863,137,0.137,0.12476928605884313
770,885,115,0.115,0.11840192096307874
794,897,103,0.103,0.11278915931284428
712,856,144,0.144,0.11381908126175404
762,881,119,0.119,0.10651240352913738
776,888,112,0.112,0.10323365583829582
718,859,141,0.141,0.10903674670681357
742,871,129,0.129,0.11332090787217021
722,861,139,0.139,0.12319809398427606
674,837,163,0.163,0.12607312498614193
742,871,129,0.129,0.11729396721720696
724,862,138,0.138,0.11502559420093894
736,868,132,0.132,0.10951216630265116
756,878,122,0.122,0.10106252650730312
786,893,107,0.107,0.08700618395768106
802,901,99,0.099,0.08913360089994966
760,880,120,0.12,0.08925098129920661
740,870,130,0.13,0.09342281512543558
760,880,120,0.12,0.09974828198179603
782,891,109,0.109,0.10186649087071419
798,899,101,0.101,0.09997291543148458
752,876,124,0.124,0.10307991418428719
772,886,114,0.114,0.10167197086662054
712,856,144,0.144,0.1130100513100624
722,861,139,0.139,0.11797371574118734
766,883,117,0.117,0.11658410969749093
780,890,110,0.11,0.10964897970482707
748,874,126,0.126,0.1115121037568897
756,878,122,0.122,0.11345705451443791
720,860,140,0.14,0.1232314552590251
746,873,127,0.127,0.12808900169283152
740,870,130,0.13,0.12536664049699903
794,897,103,0.103,0.11650566394627095
740,870,130,0.13,0.11966865473985672
788,894,106,0.106,0.11685684290155768
728,864,136,0.136,0.12165257355198264
728,864,136,0.136,0.11547930536046624
830,915,85,0.085,0.10993018309026957
786,893,107,0.107,0.10741635990515351
716,858,142,0.142,0.10822298301383854
788,894,106,0.106,0.10167662478797138
808,904,96,0.096,0.09812942318990826
838,919,81,0.081,0.09669144204445183
744,872,128,0.128,0.11435155725479126
750,875,125,0.125,0.11274064073711634
722,861,139,0.139,0.11915633973479271
752,876,124,0.124,0.1180709768757224
768,884,116,0.116,0.11141377724148332
784,892,108,0.108,0.11050638994202018
718,859,141,0.141,0.10875071533769369
736,868,132,0.132,0.10580282449536026
774,887,113,0.113,0.11556942030228674
740,870,130,0.13,0.11526141506060958
752,876,124,0.124,0.1163167027309537
734,867,133,0.133,0.10739725804049521
862,931,69,0.069,0.09204021760448813
782,891,109,0.109,0.09323711410723627
762,881,119,0.119,0.0962097599953413
714,857,143,0.143,0.1090928553417325
784,892,108,0.108,0.11251377537474036
762,881,119,0.119,0.11430983536690474
758,879,121,0.121,0.11087429621070623
826,913,87,0.087,0.09283264519460499
754,877,123,0.123,0.09723133945837617
816,908,92,0.092,0.10100402128696441
740,870,130,0.13,0.10734318765252829
776,888,112,0.112,0.11305819667503238
756,878,122,0.122,0.11059011910483241
720,860,140,0.14,0.11776579688116907
778,889,111,0.111,0.11217480716481805
742,871,129,0.129,0.11578890062123537
716,858,142,0.142,0.13166148732230068
728,864,136,0.136,0.13043158543109895
696,848,152,0.152,0.1326304596066475
746,873,127,0.127,0.128395726878196
768,884,116,0.116,0.12589345582574607
684,842,158,0.158,0.1264233907610178
800,900,100,0.1,0.11862823321670293
708,854,146,0.146,0.12326934679597616
728,864,136,0.136,0.12414801447838544
822,911,89,0.089,0.11893291622772813
788,894,106,0.106,0.11964310292527079
770,885,115,0.115,0.11402623339369893
750,875,125,0.125,0.12032231482304633
734,867,133,0.133,0.12579087509028614
722,861,139,0.139,0.13803251107037068
748,874,126,0.126,0.13613072311878205
766,883,117,0.117,0.12423476720973849
758,879,121,0.121,0.12362649420276284
732,866,134,0.134,0.122046446274966
742,871,129,0.129,0.1194565110579133
776,888,112,0.112,0.1554651490971446
722,861,139,0.139,0.1636265205964446
724,862,138,0.138,0.1542203374747187
784,892,108,0.108,0.15461421969532968
746,873,127,0.127,0.11416412134841085
742,871,129,0.129,0.113193761177361
820,910,90,0.09,0.10995600299909711
794,897,103,0.103,0.10928150165639818
740,870,130,0.13,0.12015113147348165
736,868,132,0.132,0.11849400473758578
722,861,139,0.139,0.1212059757001698
814,907,93,0.093,0.11706539058312773
776,888,112,0.112,0.127275720320642
730,865,135,0.135,0.12188844598084689
726,863,137,0.137,0.12636919084563852
794,897,103,0.103,0.12554572328552605
754,877,123,0.123,0.1276376642510295
776,888,112,0.112,0.12155258169025182
726,863,137,0.137,0.12312031936645508
714,857,143,0.143,0.1304888384528458
758,879,121,0.121,0.13599779104068876
674,837,163,0.163,0.14237007976695895
786,893,107,0.107,0.12929776607453822
760,880,120,0.12,0.12273819948732853
790,895,105,0.105,0.1040240660868585
810,905,95,0.095,0.09922002748958766
642,821,179,0.179,0.11698790307715536
746,873,127,0.127,0.1150855956710875
784,892,108,0.108,0.11556327486038208
806,903,97,0.097,0.10923490526527166
778,889,111,0.111,0.11420393344387413
798,899,101,0.101,0.10162825541570783
752,876,124,0.124,0.11710345443710685
702,851,149,0.149,0.125064251113683
722,861,139,0.139,0.1257656648941338
750,875,125,0.125,0.13688181253895162
826,913,87,0.087,0.1271873897127807
756,878,122,0.122,0.1178802394233644
726,863,137,0.137,0.12672023305855692
786,893,107,0.107,0.10853562344238162
764,882,118,0.118,0.10855577892996371
788,894,106,0.106,0.1086399713754654
784,892,108,0.108,0.10951577781885863
762,881,119,0.119,0.11375320311263204
758,879,121,0.121,0.11941153982281685
818,909,91,0.091,0.11606693601980805
750,875,125,0.125,0.12258556060492992
762,881,119,0.119,0.12158298616483808
774,887,113,0.113,0.12504651972651482
790,895,105,0.105,0.12793865969404578
736,868,132,0.132,0.13302224218845368
780,890,110,0.11,0.1306531803496182
758,879,121,0.121,0.13790998765081167
738,869,131,0.131,0.14671162390708922
746,873,127,0.127,0.14611503173783422
780,890,110,0.11,0.1419202471189201
782,891,109,0.109,0.14268274401873351
786,893,107,0.107,0.14374647647887467
774,887,113,0.113,0.14051341987773777
784,892,108,0.108,0.12858983482047914
776,888,112,0.112,0.12844076231867074
778,889,111,0.111,0.12932639759406447
776,888,112,0.112,0.1300918650701642
764,882,118,0.118,0.1361652819365263
804,902,98,0.098,0.14256411862745882
720,860,140,0.14,0.1520048460662365
774,887,113,0.113,0.15272448670119046
736,868,132,0.132,0.14587212929874657
796,898,102,0.102,0.1398472253717482
786,893,107,0.107,0.14262987245991826
770,885,115,0.115,0.1488618372157216
816,908,92,0.092,0.1470581411421299
754,877,123,0.123,0.15256884475797414
752,876,124,0.124,0.15046875669807197
760,880,120,0.12,0.14501674533635378
778,889,111,0.111,0.14063597322627902
764,882,118,0.118,0.14500775017216802
800,900,100,0.1,0.14474273118376732
720,860,140,0.14,0.1544377911016345
680,840,160,0.16,0.15069029057770966
764,882,118,0.118,0.14542102675884963
788,894,106,0.106,0.14280370549857616
760,880,120,0.12,0.13983694961294532
740,870,130,0.13,0.14043530547618865
764,882,118,0.118,0.13479104882106185
758,879,121,0.121,0.12907754562795162
776,888,112,0.112,0.12183843292668461
814,907,93,0.093,0.11469217571988702
758,879,121,0.121,0.11750608606822789
788,894,106,0.106,0.11519290354847908
786,893,107,0.107,0.11949943958595395
812,906,94,0.094,0.11797049414739012
748,874,126,0.126,0.11917646155133843
752,876,124,0.124,0.12372649575397372
764,882,118,0.118,0.121103241648525
796,898,102,0.102,0.1220552561096847
752,876,124,0.124,0.12508982392027973
770,885,115,0.115,0.12788924593105913
744,872,128,0.128,0.15412787306308745
740,870,130,0.13,0.15886940341442823
676,838,162,0.162,0.16159609641879796
776,888,112,0.112,0.15890344221144914
744,872,128,0.128,0.14020874356478452
674,837,163,0.163,0.14315457429736853
770,885,115,0.115,0.13575005386769773
706,853,147,0.147,0.14544457536935806
818,909,91,0.091,0.14185939018055796
792,896,104,0.104,0.13332395340129732
784,892,108,0.108,0.13189439757727087
790,895,105,0.105,0.11937907050177456
764,882,118,0.118,0.1116916349194944
690,845,155,0.155,0.1213801219575107
764,882,118,0.118,0.1220540811046958
820,910,90,0.09,0.12889157992228867
796,898,102,0.102,0.14762072356417774
724,862,138,0.138,0.1522324289083481
706,853,147,0.147,0.15158315225690602
742,871,129,0.129,0.1508062445446849
728,864,136,0.136,0.16353021570295095
740,870,130,0.13,0.16165967835485937
728,864,136,0.136,0.16339054638147354
778,889,111,0.111,0.15873208632320165
756,878,122,0.122,0.1396326726824045
748,874,126,0.126,0.13878150018304586
746,873,127,0.127,0.1413997235149145
746,873,127,0.127,0.14044062334671617
754,877,123,0.123,0.14879687797278165
692,846,154,0.154,0.15001016829162836
740,870,130,0.13,0.14706177094206213
730,865,135,0.135,0.14683960414677857
764,882,118,0.118,0.1278990605175495
772,886,114,0.114,0.13066401751339435
740,870,130,0.13,0.1307042239420116
738,869,131,0.131,0.130377775516361
776,888,112,0.112,0.131365918148309
700,850,150,0.15,0.13255710977315902
788,894,106,0.106,0.13052055615186692
776,888,112,0.112,0.1281810695976019
802,901,99,0.099,0.1365404188334942
780,890,110,0.11,0.14335975550860167
754,877,123,0.123,0.14326688016578554
758,879,121,0.121,0.13947422739118337
712,856,144,0.144,0.14460399045422673
804,902,98,0.098,0.14425033983960747
704,852,148,0.148,0.15162596540153025
804,902,98,0.098,0.1428202038668096
766,883,117,0.117,0.14243242256715893
710,855,145,0.145,0.13604526887461543
734,867,133,0.133,0.14155418665707112
764,882,118,0.118,0.13848273005336523
730,865,135,0.135,0.1450257094949484
826,913,87,0.087,0.14396908006817102
688,844,156,0.156,0.1524143148213625
780,890,110,0.11,0.14666700665652752
760,880,120,0.12,0.14771289747953414
786,893,107,0.107,0.14766099406778813
738,869,131,0.131,0.15521486511826516
710,855,145,0.145,0.15423040454089643
750,875,125,0.125,0.1571897394359112
750,875,125,0.125,0.15705698862299322
744,872,128,0.128,0.1586387016028166
780,890,110,0.11,0.155097826205194
824,912,88,0.088,0.14397768791764975
776,888,112,0.112,0.1449999084174633
768,884,116,0.116,0.14171629258990287
724,862,138,0.138,0.1506522473320365
728,864,136,0.136,0.15873432780057192
756,878,122,0.122,0.15087834674492479
816,908,92,0.092,0.15264827674254774
798,899,101,0.101,0.15246968983113765
752,876,124,0.124,0.161285468198359
708,854,146,0.146,0.1715856709331274
770,885,115,0.115,0.1699935389533639
732,866,134,0.134,0.17479005874693393
800,900,100,0.1,0.15795830460637808
778,889,111,0.111,0.14562515980005264
794,897,103,0.103,0.1466140707284212
762,881,119,0.119,0.14350219788402319
774,887,113,0.113,0.13868653217330576
722,861,139,0.139,0.15705960465595126
810,905,95,0.095,0.1480532644763589
730,865,135,0.135,0.15929127723351122
736,868,132,0.132,0.15264000783115625
684,842,158,0.158,0.14357555489614607
708,854,146,0.146,0.13984730122983455
868,934,66,0.066,0.12565532825514675
678,839,161,0.161,0.13984486397355794
722,861,139,0.139,0.14180136463046075
774,887,113,0.113,0.14058903905004264
756,878,122,0.122,0.13966729211807252
762,881,119,0.119,0.14973927766084671
730,865,135,0.135,0.14685978845506906
746,873,127,0.127,0.14761727565526964
728,864,136,0.136,0.14569623454287647
708,854,146,0.146,0.14228993311151863
754,877,123,0.123,0.14729715547710656
736,868,132,0.132,0.15113067194819452
710,855,145,0.145,0.1505661081522703
700,850,150,0.15,0.15355528274923563
748,874,126,0.126,0.15327720134332776
756,878,122,0.122,0.14777043296396733
782,891,109,0.109,0.14599826619029044
744,872,128,0.128,0.1434497668594122
794,897,103,0.103,0.13600351678207517
758,879,121,0.121,0.133369215965271
802,901,99,0.099,0.12945472720637918
776,888,112,0.112,0.13767584531381727
748,874,126,0.126,0.15422397623211145
804,902,98,0.098,0.1545339103192091
774,887,113,0.113,0.15717231315374375
746,873,127,0.127,0.16167114038765432
758,879,121,0.121,0.15491512627154588
762,881,119,0.119,0.16066964130848646
792,896,104,0.104,0.1630449693351984
718,859,141,0.141,0.17722311137616634
802,901,99,0.099,0.17410860356688498
790,895,105,0.105,0.16276913424581288
672,836,164,0.164,0.16753291767090558
782,891,109,0.109,0.1549052234441042
810,905,95,0.095,0.1564086252376437
756,878,122,0.122,0.17220845928043127
734,867,133,0.133,0.17393566796928644
758,879,121,0.121,0.17282714020460843
752,876,124,0.124,0.1661500530168414
768,884,116,0.116,0.1614264843761921
718,859,141,0.141,0.15703915801271795
770,885,115,0.115,0.14636847557500005
770,885,115,0.115,0.12764435999840498
750,875,125,0.125,0.12478427718952298
792,896,104,0.104,0.12308108751103282
804,902,98,0.098,0.11896972747892141
724,862,138,0.138,0.1262273135893047
780,890,110,0.11,0.12805438569188118
730,865,135,0.135,0.13174667115136982
776,888,112,0.112,0.13386937163025142
776,888,112,0.112,0.12762557706981897
786,893,107,0.107,0.12416076052188874
682,841,159,0.159,0.132476303499192
788,894,106,0.106,0.1277608987763524
758,879,121,0.121,0.12626029447466136
760,880,120,0.12,0.12488685681670904
762,881,119,0.119,0.12244840567931532
718,859,141,0.141,0.12141941500455142
782,891,109,0.109,0.12086678017675877
722,861,139,0.139,0.1410650117173791
702,851,149,0.149,0.14464412643760444
740,870,130,0.13,0.14629838676378132
750,875,125,0.125,0.13714531199634075
786,893,107,0.107,0.11496062032878399
832,916,84,0.084,0.11073090313747526
798,899,101,0.101,0.10860800713673234
802,901,99,0.099,0.10781934994459152
758,879,121,0.121,0.11260821586474776
730,865,135,0.135,0.12004936291649938
734,867,133,0.133,0.11850211045145989
758,879,121,0.121,0.12100396827980876
814,907,93,0.093,0.10932402805052698
770,885,115,0.115,0.11234417185932398
724,862,138,0.138,0.11247218301147223
794,897,103,0.103,0.11766546662151814
808,904,96,0.096,0.12541729117184877
780,890,110,0.11,0.12571450593322517
714,857,143,0.143,0.126377498280257
720,860,140,0.14,0.11363596405088902
778,889,111,0.111,0.11361677552014589
826,913,87,0.087,0.11199656624346971
720,860,140,0.14,0.11740504335984588
696,848,152,0.152,0.11973679764568805
762,881,119,0.119,0.10973122095316648
802,901,99,0.099,0.10321256988495588
782,891,109,0.109,0.1062759095467627
802,901,99,0.099,0.10211115590669215
772,886,114,0.114,0.10193028677627444
756,878,122,0.122,0.10015880623087287
798,899,101,0.101,0.10270986146479845
732,866,134,0.134,0.10650691356137396
786,893,107,0.107,0.10223576187342405
762,881,119,0.119,0.10464500947669149
752,876,124,0.124,0.10777560668811202
706,853,147,0.147,0.10732430977374316
744,872,128,0.128,0.11054366217926144
706,853,147,0.147,0.11500546307861804
720,860,140,0.14,0.11262290000542999
784,892,108,0.108,0.11135288289934396
818,909,91,0.091,0.10252356961742043
764,882,118,0.118,0.10443030935898423
744,872,128,0.128,0.10288070678710938
722,861,139,0.139,0.10181241189688445
742,871,129,0.129,0.10051190787553788
738,869,131,0.131,0.09920739257708192
738,869,131,0.131,0.09790969245880843
786,893,107,0.107,0.09495245612412691
772,886,114,0.114,0.0959498386848718
782,891,109,0.109,0.096114018086344
748,874,126,0.126,0.09696370206214487
712,856,144,0.144,0.09835530498810112
746,873,127,0.127,0.10791576394438744
794,897,103,0.103,0.1124583567008376
716,858,142,0.142,0.1177976351492107
690,845,155,0.155,0.11977200608700514
732,866,134,0.134,0.1119095292724669
732,866,134,0.134,0.10523348994553089
760,880,120,0.12,0.10488650283962488
748,874,126,0.126,0.10599683057144284
724,862,138,0.138,0.10920119738951325
782,891,109,0.109,0.10368755020201206
732,866,134,0.134,0.1098730015270412
742,871,129,0.129,0.1055131610147655
698,849,151,0.151,0.10370786610245705
742,871,129,0.129,0.108204744592309
782,891,109,0.109,0.10685083674266935
756,878,122,0.122,0.10561023915931582
776,888,112,0.112,0.10644489384442568
734,867,133,0.133,0.10226727307215333
828,914,86,0.086,0.09584570099040866
742,871,129,0.129,0.09674570364132523
774,887,113,0.113,0.09552376765757799
768,884,116,0.116,0.0984722212664783
752,876,124,0.124,0.09686513773724437
750,875,125,0.125,0.1009422537945211
786,893,107,0.107,0.09760474475100636
780,890,110,0.11,0.09036790722608566
790,895,105,0.105,0.09166522045247257
774,887,113,0.113,0.08772481781058014
776,888,112,0.112,0.08836409943178296
728,864,136,0.136,0.10624062048643827
738,869,131,0.131,0.10706554430350661
748,874,126,0.126,0.10816018271446227
798,899,101,0.101,0.10596660340949893
708,854,146,0.146,0.09854528061300516
770,885,115,0.115,0.0927749140560627
812,906,94,0.094,0.09025667624920607
814,907,93,0.093,0.09032434253394604
762,881,119,0.119,0.10127790073305368
710,855,145,0.145,0.10421084431931377
736,868,132,0.132,0.10303241561353206
682,841,159,0.159,0.11838164069876075
742,871,129,0.129,0.11547896605916322
760,880,120,0.12,0.11236700902134181
752,876,124,0.124,0.11430885309353471
774,887,113,0.113,0.09972079819068312
740,870,130,0.13,0.09913513759896159
730,865,135,0.135,0.10097142127901315
762,881,119,0.119,0.09799128247052431
798,899,101,0.101,0.09311367481574416
764,882,118,0.118,0.08295909449830652
756,878,122,0.122,0.08452868144586682
794,897,103,0.103,0.08044776351749897
714,857,143,0.143,0.09367722477577627
800,900,100,0.1,0.09351384154707193
756,878,122,0.122,0.09780153756588697
740,870,130,0.13,0.0943201136160642
784,892,108,0.108,0.09135561493597924
796,898,102,0.102,0.08030030143074691
772,886,114,0.114,0.08294044125080109
794,897,103,0.103,0.08072337496746332
770,885,115,0.115,0.08072913251630962
702,851,149,0.149,0.10396626331098378
754,877,123,0.123,0.10305262871086597
712,856,144,0.144,0.1088578819707036
700,850,150,0.15,0.11324035565927625
732,866,134,0.134,0.09474767806194723
728,864,136,0.136,0.0906897604689002
766,883,117,0.117,0.0884706597328186
738,869,131,0.131,0.0934167705848813
804,902,98,0.098,0.07718774141184985
776,888,112,0.112,0.07462530856393278
786,893,107,0.107,0.07420109101384878
800,900,100,0.1,0.07322743045166134
808,904,96,0.096,0.07591597018763423
738,869,131,0.131,0.0790466079544276
778,889,111,0.111,0.08033285730332136
758,879,121,0.121,0.07774178193509579
804,902,98,0.098,0.07298975859768689
766,883,117,0.117,0.07306879748404026
774,887,113,0.113,0.0768093504216522
758,879,121,0.121,0.07959547529928386
766,883,117,0.117,0.08174637151509523
740,870,130,0.13,0.0829349466804415
728,864,136,0.136,0.08021376648545266
784,892,108,0.108,0.07726667270623147
720,860,140,0.14,0.084761534685269
770,885,115,0.115,0.07991710846312344
768,884,116,0.116,0.07957843574136496
816,908,92,0.092,0.06966075201146305
696,848,152,0.152,0.0727138602770865
822,911,89,0.089,0.07064214450865984
756,878,122,0.122,0.0748076402042061
782,891,109,0.109,0.07789756728708744
740,870,130,0.13,0.08781097465008497
730,865,135,0.135,0.08386054841428996
702,851,149,0.149,0.0888577390667051
744,872,128,0.128,0.0845447107926011
844,922,78,0.078,0.06975171373970807
784,892,108,0.108,0.06917266955412925
718,859,141,0.141,0.07348460711166263
768,884,116,0.116,0.07177079144306481
752,876,124,0.124,0.07756857667863369
786,893,107,0.107,0.07681641584075988
758,879,121,0.121,0.07929279431700706
720,860,140,0.14,0.0792984858378768
770,885,115,0.115,0.07060252418369055
770,885,115,0.115,0.06556568088196219
774,887,113,0.113,0.0662164236754179
728,864,136,0.136,0.06810134195536376
792,896,104,0.104,0.06811556334793567
750,875,125,0.125,0.06811370139755309
730,865,135,0.135,0.07205574761331081
736,868,132,0.132,0.07116576503030955
772,886,114,0.114,0.07137061840482056
760,880,120,0.12,0.06594211952202023
744,872,128,0.128,0.06600118279643356
742,871,129,0.129,0.06450717546977103
756,878,122,0.122,0.06678520591557026
804,902,98,0.098,0.0627196997674182
796,898,102,0.102,0.06455061879567801
770,885,115,0.115,0.06563653308153153
818,909,91,0.091,0.05987098601553589
728,864,136,0.136,0.0652945504002273
794,897,103,0.103,0.06288872978463769
744,872,128,0.128,0.06734649845212698
720,860,140,0.14,0.07755764853022992
750,875,125,0.125,0.07541744161397218
760,880,120,0.12,0.07241177828609943
754,877,123,0.123,0.07591226224321872
738,869,131,0.131,0.06649672160111368
706,853,147,0.147,0.06691665572114289
744,872,128,0.128,0.06938404185324908
784,892,108,0.108,0.06926048705726862
732,866,134,0.134,0.07599434447847307
752,876,124,0.124,0.07526332415640354
756,878,122,0.122,0.0751141068302095
682,841,159,0.159,0.07936883306130767
764,882,118,0.118,0.0736503419559449
752,876,124,0.124,0.07417925136350095
712,856,144,0.144,0.07629634422808886
750,875,125,0.125,0.07653217109851539
772,886,114,0.114,0.07762384344264865
752,876,124,0.124,0.07741418845579028
816,908,92,0.092,0.06836536886170506
802,901,99,0.099,0.06981689822487533
680,840,160,0.16,0.07864779371023178
794,897,103,0.103,0.07622201501578092
754,877,123,0.123,0.07767182489484549
770,885,115,0.115,0.07474569805711508
728,864,136,0.136,0.07868484067358077
722,861,139,0.139,0.08408514155447483
688,844,156,0.156,0.0935517798140645
774,887,113,0.113,0.08925626315921545
838,919,81,0.081,0.08206263161450625
762,881,119,0.119,0.08058001521788538
770,885,115,0.115,0.07222553889267147
752,876,124,0.124,0.07174006581120193
798,899,101,0.101,0.07621139168180525
750,875,125,0.125,0.08934076302684843
772,886,114,0.114,0.10213609392568469
718,859,141,0.141,0.10585053608566522
770,885,115,0.115,0.09707559335324913
794,897,103,0.103,0.08437418626016006
718,859,141,0.141,0.07562280797213317
766,883,117,0.117,0.07220097109209746
748,874,126,0.126,0.08213792202435434
742,871,129,0.129,0.09138466455601156
800,900,100,0.1,0.08833920749649406
752,876,124,0.124,0.09042707462795078
754,877,123,0.123,0.08600834303349257
732,866,134,0.134,0.08167895696125925
718,859,141,0.141,0.08697816285863519
766,883,117,0.117,0.08420886728912592
684,842,158,0.158,0.09136841030418873
798,899,101,0.101,0.08310922678001224
758,879,121,0.121,0.08587578445114195
718,859,141,0.141,0.08417859813198447
758,879,121,0.121,0.08247234421595931
702,851,149,0.149,0.08556753366626799
826,913,87,0.087,0.07172958114370703
804,902,98,0.098,0.07400466793216764
740,870,130,0.13,0.0721631397176534
784,892,108,0.108,0.06608713469095528
796,898,102,0.102,0.07052059228904545
764,882,118,0.118,0.07392204692540691
760,880,120,0.12,0.07710791358351707
822,911,89,0.089,0.07815493956208229
770,885,115,0.115,0.07545923853386194
822,911,89,0.089,0.06526028560101986
762,881,119,0.119,0.0742698955554515
794,897,103,0.103,0.06659063051454722
736,868,132,0.132,0.07867976473644375
836,918,82,0.082,0.07990979788638651
824,912,88,0.088,0.08288963320106268
734,867,133,0.133,0.08657723881490528
702,851,149,0.149,0.07694689191132784
748,874,126,0.126,0.07667872283793986
782,891,109,0.109,0.07708959680609405
752,876,124,0.124,0.0813245194107294
686,843,157,0.157,0.08966472366638481
774,887,113,0.113,0.07937677551992238
772,886,114,0.114,0.0809785621855408
736,868,132,0.132,0.08125009497627617
672,836,164,0.164,0.08736263695545494
788,894,106,0.106,0.08251483931206166
724,862,138,0.138,0.08185402891039849
742,871,129,0.129,0.08727743042260408
722,861,139,0.139,0.09354911397956311
744,872,128,0.128,0.10489356641843915
756,878,122,0.122,0.10061252738907933
774,887,113,0.113,0.09764319060742856
780,890,110,0.11,0.08307585962302982
816,908,92,0.092,0.07354652002081274
782,891,109,0.109,0.07874473180994392
736,868,132,0.132,0.08422549870982766
728,864,136,0.136,0.09268707258440555
770,885,115,0.115,0.08557610287331045
810,905,95,0.095,0.08486928495578468
758,879,121,0.121,0.08755085901543498
798,899,101,0.101,0.0881992663256824
724,862,138,0.138,0.0974163023121655
778,889,111,0.111,0.09425897764787078
770,885,115,0.115,0.09358247469738126
744,872,128,0.128,0.09438026839122177
708,854,146,0.146,0.09648325822129845
726,863,137,0.137,0.09732621542364359
752,876,124,0.124,0.10015623085200787
688,844,156,0.156,0.10920138983801007
780,890,110,0.11,0.10315092167630792
758,879,121,0.121,0.0951695256959647
754,877,123,0.123,0.0919906592834741
752,876,124,0.124,0.08397675366327166
758,879,121,0.121,0.085643367132172
770,885,115,0.115,0.09122441793233156
720,860,140,0.14,0.10004584458097815
804,902,98,0.098,0.09510315543971956
806,903,97,0.097,0.08959666454046965
736,868,132,0.132,0.08670105015300214
752,876,124,0.124,0.08633386300317943
812,906,94,0.094,0.08522094313800335
786,893,107,0.107,0.0906544051989913
746,873,127,0.127,0.09738851314038038
746,873,127,0.127,0.09284536356665193
748,874,126,0.126,0.09132241896726191
800,900,100,0.1,0.0850828841291368
776,888,112,0.112,0.08571438020840287
792,896,104,0.104,0.08580195171199739
734,867,133,0.133,0.08725648689083755
764,882,118,0.118,0.08560308357700705
730,865,135,0.135,0.09500052981264889
760,880,120,0.12,0.09349138312600554
836,918,82,0.082,0.09073234658874571
770,885,115,0.115,0.09129301902465523
738,869,131,0.131,0.08632811060734093
742,871,129,0.129,0.08150102303922177
786,893,107,0.107,0.07907142383046448
762,881,119,0.119,0.08228310543298721
762,881,119,0.119,0.08518410928361118
780,890,110,0.11,0.08478584811836481
692,846,154,0.154,0.09062860351800918
708,854,146,0.146,0.08910853558406234
788,894,106,0.106,0.0817484913971275
770,885,115,0.115,0.07827993274666369
746,873,127,0.127,0.08063639460131526
750,875,125,0.125,0.07744914044812322
768,884,116,0.116,0.07723857766762376
762,881,119,0.119,0.08081627979874612
790,895,105,0.105,0.0761293071564287
702,851,149,0.149,0.07885200059600174
768,884,116,0.116,0.07733791909366847
722,861,139,0.139,0.07992905713617801
784,892,108,0.108,0.0759181551374495
752,876,124,0.124,0.08021242371201515
806,903,97,0.097,0.07590217747911811
778,889,111,0.111,0.07472681484743952
750,875,125,0.125,0.0681557435952127
802,901,99,0.099,0.0613190543288365
806,903,97,0.097,0.060604530645534394
780,890,110,0.11,0.06835331966541708
804,902,98,0.098,0.06640258225984871
704,852,148,0.148,0.0739214025158435
804,902,98,0.098,0.06797100396640599
778,889,111,0.111,0.06371020045876503
782,891,109,0.109,0.06329552080109715
778,889,111,0.111,0.06269387963972986
776,888,112,0.112,0.07376184140518308
652,826,174,0.174,0.08001273246109486
796,898,102,0.102,0.07630262532457709
782,891,109,0.109,0.07478156508877873
770,885,115,0.115,0.06834308148175477
742,871,129,0.129,0.07024922594241798
726,863,137,0.137,0.07396982846781612
800,900,100,0.1,0.07422639279812575
818,909,91,0.091,0.07089558839797974
788,894,106,0.106,0.07477142546698451
808,904,96,0.096,0.07351538698934018
786,893,107,0.107,0.07170940540358424
768,884,116,0.116,0.07766566931270064
802,901,99,0.099,0.07882382730953395
700,850,150,0.15,0.08476980213075876
768,884,116,0.116,0.08474390234798193
716,858,142,0.142,0.08589163881540299
780,890,110,0.11,0.08378483294509351
738,869,131,0.131,0.08881594751775265
742,871,129,0.129,0.0935557540524751
764,882,118,0.118,0.09815521239861846
768,884,116,0.116,0.09868534817546606
706,853,147,0.147,0.1032682734169066
728,864,136,0.136,0.09671332276239991
812,906,94,0.094,0.08766953977011144
722,861,139,0.139,0.0869397480096668
818,909,91,0.091,0.08200494743138552
754,877,123,0.123,0.08726151887513697
732,866,134,0.134,0.10428993866965175
768,884,116,0.116,0.1045000125002116
726,863,137,0.137,0.10973368986323476
732,866,134,0.134,0.1076634941585362
760,880,120,0.12,0.08850676070339977
764,882,118,0.118,0.08601740821450948
786,893,107,0.107,0.08615805028565228
830,915,85,0.085,0.07917280047945678
778,889,111,0.111,0.08376832670345903
858,929,71,0.071,0.07547156434319914
794,897,103,0.103,0.08137666827812791
760,880,120,0.12,0.09118035353906452
742,871,129,0.129,0.10348749693855644
736,868,132,0.132,0.10136944178119302
784,892,108,0.108,0.09607320199906826
798,899,101,0.101,0.0907424408942461
706,853,147,0.147,0.10197715914621949
728,864,136,0.136,0.09870850777067244
748,874,126,0.126,0.10134770729765295
744,872,128,0.128,0.10582544055208563
774,887,113,0.113,0.08500842738896608
798,899,101,0.101,0.08439237825758755
772,886,114,0.114,0.07750273123010994
792,896,104,0.104,0.07407631168607623
726,863,137,0.137,0.09005006427504123
764,882,118,0.118,0.08735830638185144
742,871,129,0.129,0.09343340055458248
776,888,112,0.112,0.0947957780957222
778,889,111,0.111,0.08328654823079705
774,887,113,0.113,0.08611490010656417
766,883,117,0.117,0.08219652715325355
744,872,128,0.128,0.08451553927734494
794,897,103,0.103,0.08600757860392332
722,861,139,0.139,0.09076719743758441
674,837,163,0.163,0.09723876148462296
754,877,123,0.123,0.09224988001398743
756,878,122,0.122,0.084374173165299
832,916,84,0.084,0.08076303516328334
756,878,122,0.122,0.08282151215896011
734,867,133,0.133,0.08783655147440732
758,879,121,0.121,0.09734502867609263
690,845,155,0.155,0.10462888450548052
702,851,149,0.149,0.10479261798039079
682,841,159,0.159,0.10779199003055692
778,889,111,0.111,0.09479163627885281
776,888,112,0.112,0.09031221873685717
732,866,134,0.134,0.08865683893859387
746,873,127,0.127,0.08384109168872238
734,867,133,0.133,0.09470951255783439
820,910,90,0.09,0.0925760480966419
762,881,119,0.119,0.09885648608207703
664,832,168,0.168,0.100507098775357
696,848,152,0.152,0.08892622233740985
796,898,102,0.102,0.08059282170236111
722,861,139,0.139,0.08691789715923369
770,885,115,0.115,0.08542580264434219
776,888,112,0.112,0.08483673726953567
764,882,118,0.118,0.08704010165482759
758,879,121,0.121,0.08371809828840196
780,890,110,0.11,0.07912154915742577
766,883,117,0.117,0.09053236854448915
716,858,142,0.142,0.09413442857936025
788,894,106,0.106,0.09429061860963703
740,870,130,0.13,0.09426936128363013
784,892,108,0.108,0.07823802484199405
776,888,112,0.112,0.07631476600281895
764,882,118,0.118,0.07782159380801022
800,900,100,0.1,0.07855422085896134
774,887,113,0.113,0.09193345167860388
762,881,119,0.119,0.09241124015301466
792,896,104,0.104,0.09037043794244527
750,875,125,0.125,0.09067574587091803
776,888,112,0.112,0.08861087091453373
680,840,160,0.16,0.09730161249637603
734,867,133,0.133,0.0964329800978303
772,886,114,0.114,0.09671195811778308
742,871,129,0.129,0.09523457271419465
788,894,106,0.106,0.08616577820666134
794,897,103,0.103,0.08095391342323273
778,889,111,0.111,0.07753454441018402
764,882,118,0.118,0.081536655863747
738,869,131,0.131,0.0960286443065852
734,867,133,0.133,0.09379578920081258
720,860,140,0.14,0.09795793465711176
776,888,112,0.112,0.0895850583538413
816,908,92,0.092,0.07402491934411227
736,868,132,0.132,0.0773949269335717
758,879,121,0.121,0.07493469640240073
794,897,103,0.103,0.08629652067646384
812,906,94,0.094,0.08713469525799156
694,847,153,0.153,0.09417578157410025
756,878,122,0.122,0.08776604781113564
776,888,112,0.112,0.07161738126538694
788,894,106,0.106,0.07249036275781691
754,877,123,0.123,0.07497606888599694
802,901,99,0.099,0.07200041597895324
694,847,153,0.153,0.08387279162928463
734,867,133,0.133,0.08362987443804741
754,877,123,0.123,0.08592790035530924
742,871,129,0.129,0.08520815403014421
754,877,123,0.123,0.08247266589663922
796,898,102,0.102,0.07725704877637327
790,895,105,0.105,0.07554930070601404
762,881,119,0.119,0.07534016566164792
740,870,130,0.13,0.07137033003941179
804,902,98,0.098,0.06541207968723028
746,873,127,0.127,0.06951950723677873
764,882,118,0.118,0.06733834078721702
768,884,116,0.116,0.07120858046412468
762,881,119,0.119,0.07578979020752012
716,858,142,0.142,0.08502636587247253
782,891,109,0.109,0.08127830763161183
772,886,114,0.114,0.07857891259342432
770,885,115,0.115,0.07712847654148937
750,875,125,0.125,0.07833865775540472
754,877,123,0.123,0.07926937706954777
704,852,148,0.148,0.08937023235671222
818,909,91,0.091,0.08564988510683179
744,872,128,0.128,0.09151979868300258
748,874,126,0.126,0.08817368610575795
750,875,125,0.125,0.08499043990299106
794,897,103,0.103,0.07896408553421497
766,883,117,0.117,0.08446510577388108
774,887,113,0.113,0.08292535144649446
772,886,114,0.114,0.09096880370378495
774,887,113,0.113,0.08987843520380556
770,885,115,0.115,0.08836012986674904
720,860,140,0.14,0.08845177632570267
764,882,118,0.118,0.08472303973510861
728,864,136,0.136,0.09351456863060593
710,855,145,0.145,0.10572449724003673
750,875,125,0.125,0.10856238524243235
732,866,134,0.134,0.11745674131065607
802,901,99,0.099,0.10514195113256573
800,900,100,0.1,0.09275687010772526
754,877,123,0.123,0.08995541203580797
768,884,116,0.116,0.07852085104957222
760,880,120,0.12,0.08568977886252105
726,863,137,0.137,0.0983822813667357
786,893,107,0.107,0.09834786386415362
764,882,118,0.118,0.09611046710982919
812,906,94,0.094,0.08819344373419881
822,911,89,0.089,0.08192378964461386
776,888,112,0.112,0.08673028678260744
722,861,139,0.139,0.10030140401609242
744,872,128,0.128,0.1047610349394381
746,873,127,0.127,0.10790832075849176
754,877,123,0.123,0.10700753149017692
812,906,94,0.094,0.08988352569006383
744,872,128,0.128,0.08663497553206981
770,885,115,0.115,0.09249431866593659
780,890,110,0.11,0.09138314090296626
746,873,127,0.127,0.10352498686499893
740,870,130,0.13,0.102868333844468
790,895,105,0.105,0.08806279766000807
814,907,93,0.093,0.08760027341544628
756,878,122,0.122,0.09229483996331692
742,871,129,0.129,0.09831729808449745
806,903,97,0.097,0.10116769653744996
684,842,158,0.158,0.10592599048092961
742,871,129,0.129,0.09601400865614414
802,901,99,0.099,0.08874811587482691
738,869,131,0.131,0.09309115356206894
780,890,110,0.11,0.09008583538606763
812,906,94,0.094,0.09363805988244712
804,902,98,0.098,0.09296434665471315
758,879,121,0.121,0.09294534406624734
760,880,120,0.12,0.09073967196419835
806,903,97,0.097,0.08649670044332743
782,891,109,0.109,0.08595901943743228
786,893,107,0.107,0.09151811115629971
770,885,115,0.115,0.0925173834040761
730,865,135,0.135,0.10283843667432666
702,851,149,0.149,0.11586050811037421
738,869,131,0.131,0.12371719393879176
712,856,144,0.144,0.12435546270757913
756,878,122,0.122,0.11299066879600286
814,907,93,0.093,0.09941297056525945
824,912,88,0.088,0.08262094574421644
792,896,104,0.104,0.08439458076283336
736,868,132,0.132,0.09234298088029028
742,871,129,0.129,0.0980981352776289
780,890,110,0.11,0.1029713674262166
770,885,115,0.115,0.10420531848445534
670,835,165,0.165,0.11041951372474432
712,856,144,0.144,0.11072183458507061
790,895,105,0.105,0.10525172815099358
760,880,120,0.12,0.10566919319704175
740,870,130,0.13,0.10710761561617255
794,897,103,0.103,0.10250491816177965
728,864,136,0.136,0.10051672443002463
840,920,80,0.08,0.09311216306313873
736,868,132,0.132,0.09430026142671705
774,887,113,0.113,0.09308353035897017
840,920,80,0.08,0.09412331671267749
800,900,100,0.1,0.09558057009242475
704,852,148,0.148,0.10299824916198849
754,877,123,0.123,0.10006637433171273
768,884,116,0.116,0.10988162525743246
678,839,161,0.161,0.11929284857213497
798,899,101,0.101,0.11575967077538371
772,886,114,0.114,0.11568052691593766
738,869,131,0.131,0.09650176723487675
806,903,97,0.097,0.09213092921674251
770,885,115,0.115,0.09663758454844355
776,888,112,0.112,0.09537973251193761
802,901,99,0.099,0.12202302195876837
776,888,112,0.112,0.12207111573964358
742,871,129,0.129,0.12150489647686481
724,862,138,0.138,0.12526547276228667
764,882,118,0.118,0.0983291249293834
740,870,130,0.13,0.10121549720689654
774,887,113,0.113,0.09849889235198497
734,867,133,0.133,0.10884938540309667
716,858,142,0.142,0.14941395220160483
740,870,130,0.13,0.14504200657084584
750,875,125,0.125,0.1419085525982082
724,862,138,0.138,0.13797397458925842
742,871,129,0.129,0.10821123588085174
724,862,138,0.138,0.10882639596611261
776,888,112,0.112,0.11005017666518688
762,881,119,0.119,0.11551491952687502
740,870,130,0.13,0.1351498014628887
702,851,149,0.149,0.13280006732046604
766,883,117,0.117,0.12736066606640817
780,890,110,0.11,0.1267214984856546
714,857,143,0.143,0.10085197318717837
794,897,103,0.103,0.09774191908538342
748,874,126,0.126,0.09742961713671684
818,909,91,0.091,0.09436141201853752
776,888,112,0.112,0.10231491257622838
730,865,135,0.135,0.10789109610766172
782,891,109,0.109,0.10501382967084646
726,863,137,0.137,0.10766996541246772
748,874,126,0.126,0.11081968992948532
748,874,126,0.126,0.10814761730283498
788,894,106,0.106,0.10401298464089632
788,894,106,0.106,0.10617236329987645
740,870,130,0.13,0.10317395789548754
712,856,144,0.144,0.10866894927620888
740,870,130,0.13,0.11228108632937074
782,891,109,0.109,0.10761016405373812
754,877,123,0.123,0.11869192408025264
762,881,119,0.119,0.11286924582347274
728,864,136,0.136,0.11406692552939057
736,868,132,0.132,0.1087848254777491
766,883,117,0.117,0.10187750816717744
738,869,131,0.131,0.10541979670524597
700,850,150,0.15,0.11018051193282008
736,868,132,0.132,0.110368900552392
722,861,139,0.139,0.12962968409433961
734,867,133,0.133,0.13274088836461306
798,899,101,0.101,0.13401813967525958
770,885,115,0.115,0.13284315685927867
748,874,126,0.126,0.11440819426253437
772,886,114,0.114,0.10890856823325157
774,887,113,0.113,0.11116267130151392
806,903,97,0.097,0.11025865318626166
806,903,97,0.097,0.1267140063419938
816,908,92,0.092,0.12217852138727904
762,881,119,0.119,0.12221103248745203
784,892,108,0.108,0.12238533318415284
774,887,113,0.113,0.10438572131097316
742,871,129,0.129,0.11675945101678371
770,885,115,0.115,0.11691600472480058
756,878,122,0.122,0.11994413623586297
808,904,96,0.096,0.12467309388145804
760,880,120,0.12,0.12249826644361018
706,853,147,0.147,0.12336472952365875
768,884,116,0.116,0.11826508187502623
772,886,114,0.114,0.11530249795690178
748,874,126,0.126,0.11878362741693854
804,902,98,0.098,0.11713034435361623
730,865,135,0.135,0.11840604175627231
778,889,111,0.111,0.12062884491309524
748,874,126,0.126,0.12586951212584974
784,892,108,0.108,0.12073685256764292
758,879,121,0.121,0.12360952967777848
766,883,117,0.117,0.12370846061781049
758,879,121,0.121,0.12703029500693083
762,881,119,0.119,0.12168676813691855
762,881,119,0.119,0.12232833686098456
738,869,131,0.131,0.1190562312528491
790,895,105,0.105,0.11373720371723176
654,827,173,0.173,0.12528119352459907
780,890,110,0.11,0.11831252378970385
740,870,130,0.13,0.12409151445701719
812,906,94,0.094,0.11868654545024038
738,869,131,0.131,0.12657319786399604
788,894,106,0.106,0.12177541478350759
786,893,107,0.107,0.11514439861103892
780,890,110,0.11,0.11122426797449589
754,877,123,0.123,0.10811647428199649
798,899,101,0.101,0.10483327851071954
796,898,102,0.102,0.12373345759138465
734,867,133,0.133,0.13127747396752237
704,852,148,0.148,0.1328770296610892
774,887,113,0.113,0.12748965215682984
770,885,115,0.115,0.1206809045150876
810,905,95,0.095,0.11444569772481919
790,895,105,0.105,0.1156135818734765
780,890,110,0.11,0.11294244162738323
752,876,124,0.124,0.10857471814006567
776,888,112,0.112,0.10769263660907745
764,882,118,0.118,0.11963945468515158
760,880,120,0.12,0.12264764069765806
756,878,122,0.122,0.14262731217592955
750,875,125,0.125,0.14266790379583835
702,851,149,0.149,0.1390508400425315
728,864,136,0.136,0.13315827755257487
700,850,150,0.15,0.12739228735491634
708,854,146,0.146,0.12816763131320477
722,861,139,0.139,0.13420568108558656
790,895,105,0.105,0.1295652236789465
804,902,98,0.098,0.12296411848440766
780,890,110,0.11,0.12475666025653481
780,890,110,0.11,0.10126866643317044
810,905,95,0.095,0.09692718905210496
768,884,116,0.116,0.1039714429229498
752,876,124,0.124,0.10791935786604881
738,869,131,0.131,0.11869704182073473
780,890,110,0.11,0.11435960427299142
784,892,108,0.108,0.11079610393196344
728,864,136,0.136,0.11282532088086009
756,878,122,0.122,0.1009573582150042
782,891,109,0.109,0.1018167711943388
730,865,135,0.135,0.10631784537062049
748,874,126,0.126,0.10815299988910555
782,891,109,0.109,0.10721389469876885
694,847,153,0.153,0.11045315084978938
838,919,81,0.081,0.10066513684391976
744,872,128,0.128,0.10917988683283329
774,887,113,0.113,0.11413507888466119
720,860,140,0.14,0.12233611001819372
774,887,113,0.113,0.11927123440057039
714,857,143,0.143,0.12554835364967584
750,875,125,0.125,0.11255396384745836
748,874,126,0.126,0.11155561795830726
802,901,99,0.099,0.10764975349605084
716,858,142,0.142,0.11409680446982384
808,904,96,0.096,0.11831543666869401
764,882,118,0.118,0.11871223626285791
790,895,105,0.105,0.1182915457189083
770,885,115,0.115,0.12155921285226941
738,869,131,0.131,0.11545286957547068
734,867,133,0.133,0.12265640310570598
806,903,97,0.097,0.1157486272007227
770,885,115,0.115,0.11914962505549193
704,852,148,0.148,0.12176095985621214
738,869,131,0.131,0.12231319834664464
750,875,125,0.125,0.12015536668896674
772,886,114,0.114,0.11873532630875706
802,901,99,0.099,0.12560639348998665
704,852,148,0.148,0.13174269250035286
784,892,108,0.108,0.12436202225461603
722,861,139,0.139,0.12736449971422553
766,883,117,0.117,0.09565606508404016
790,895,105,0.105,0.09600122163817286
798,899,101,0.101,0.09388633795455098
756,878,122,0.122,0.09684964386746288
776,888,112,0.112,0.10590565413609147
782,891,109,0.109,0.10366667743027211
690,845,155,0.155,0.10610592707991601
730,865,135,0.135,0.10610003305226565
778,889,111,0.111,0.09358896564133465
800,900,100,0.1,0.0941749810334295
824,912,88,0.088,0.09358859140425921
736,868,132,0.132,0.09336929312534631
764,882,118,0.118,0.0896225756444037
742,871,129,0.129,0.0902143204882741
772,886,114,0.114,0.08613286392763257
806,903,97,0.097,0.08897936274856329
804,902,98,0.098,0.08459861178696156
808,904,96,0.096,0.08288823150284588
790,895,105,0.105,0.08238287372514605
708,854,146,0.146,0.0849558463152498
692,846,154,0.154,0.09778832225129008
742,871,129,0.129,0.09259516517445444
744,872,128,0.128,0.09233547396212816
754,877,123,0.123,0.0971345305107534
744,872,128,0.128,0.10324387290887535
718,859,141,0.141,0.10509761122614145
776,888,112,0.112,0.0981003766041249
730,865,135,0.135,0.09520332109369338
820,910,90,0.09,0.07300269610993564
714,857,143,0.143,0.07777826095931233
792,896,104,0.104,0.07425938741117716
786,893,107,0.107,0.07215700078383089
770,885,115,0.115,0.07741114734485745
764,882,118,0.118,0.07650934277288615
724,862,138,0.138,0.07678826579637825
748,874,126,0.126,0.0767551021259278
772,886,114,0.114,0.09257931599020958
776,888,112,0.112,0.0935875057540834
766,883,117,0.117,0.09357294849678874
734,867,133,0.133,0.09171007141284644
698,849,151,0.151,0.07490170764736831
776,888,112,0.112,0.0705544060934335
750,875,125,0.125,0.06986530738882721
770,885,115,0.115,0.07267397220619023
772,886,114,0.114,0.07314456213638186
804,902,98,0.098,0.07328075434453786
748,874,126,0.126,0.07255219553969801
770,885,115,0.115,0.07198569134250284
842,921,79,0.079,0.0629389562625438
742,871,129,0.129,0.06426402935199439
812,906,94,0.094,0.05908175015076995
786,893,107,0.107,0.06242333562858403
718,859,141,0.141,0.08720826674997807
726,863,137,0.137,0.09399264447204769
764,882,118,0.118,0.0949938490279019
776,888,112,0.112,0.10126024708151818
772,886,114,0.114,0.08256602905131877
730,865,135,0.135,0.07965502013359219
762,881,119,0.119,0.07343307038769126
830,915,85,0.085,0.06685203176550567
742,871,129,0.129,0.08288436970300972
778,889,111,0.111,0.08537339918874204
652,826,174,0.174,0.09382418017834425
748,874,126,0.126,0.09282948693260551
806,903,97,0.097,0.08208621993847191
826,913,87,0.087,0.07560985376127065
732,866,134,0.134,0.07976555595546961
744,872,128,0.128,0.07565294012799859
824,912,88,0.088,0.0829519805945456
682,841,159,0.159,0.09335766264609993
774,887,113,0.113,0.09063824215903878
776,888,112,0.112,0.08805077563226223
716,858,142,0.142,0.0874402885325253
784,892,108,0.108,0.08619462769851088
742,871,129,0.129,0.08745650728419423
754,877,123,0.123,0.08749702689237893
758,879,121,0.121,0.0858567214794457
760,880,120,0.12,0.08531255779415368
766,883,117,0.117,0.08197896004840731
764,882,118,0.118,0.08325255619734526
732,866,134,0.134,0.09146517590805889
786,893,107,0.107,0.0843714049756527
758,879,121,0.121,0.08955289124697446
694,847,153,0.153,0.0875683368705213
718,859,141,0.141,0.08215551981702447
720,860,140,0.14,0.07970547977276146
822,911,89,0.089,0.07395174971967935
790,895,105,0.105,0.08213945733010769
760,880,120,0.12,0.08622209098562598
774,887,113,0.113,0.08801630844920874
780,890,110,0.11,0.08594682238437236
708,854,146,0.146,0.08895950965210796
726,863,137,0.137,0.08924555471166969
724,862,138,0.138,0.09059974346496165
814,907,93,0.093,0.08710614789649844
742,871,129,0.129,0.09093225415423513
766,883,117,0.117,0.08285318865999579
792,896,104,0.104,0.07617425115592778
794,897,103,0.103,0.07406115718185902
722,861,139,0.139,0.07791435393691062
698,849,151,0.151,0.08637805747240782
778,889,111,0.111,0.08794592925906182
724,862,138,0.138,0.08864530573785305
786,893,107,0.107,0.08395323532260954
762,881,119,0.119,0.07334411284513771
814,907,93,0.093,0.06750611726753414
708,854,146,0.146,0.06963951983489096
720,860,140,0.14,0.07850607362389564
754,877,123,0.123,0.09814067272096873
718,859,141,0.141,0.09751898973062635
770,885,115,0.115,0.09353143781796097
800,900,100,0.1,0.08049776429496705
738,869,131,0.131,0.07075498023070395
752,876,124,0.124,0.06893175731413066
738,869,131,0.131,0.07032666470855474
782,891,109,0.109,0.07379650399088859
722,861,139,0.139,0.07992792038805782
776,888,112,0.112,0.07535604840517043
812,906,94,0.094,0.07384364011697471
776,888,112,0.112,0.06818066611140966
732,866,134,0.134,0.0703636792562902
712,856,144,0.144,0.08077702635526657
736,868,132,0.132,0.0826464665401727
762,881,119,0.119,0.08430801947042346
794,897,103,0.103,0.08230296263843775
796,898,102,0.102,0.0738184573855251
832,916,84,0.084,0.06623988191690296
732,866,134,0.134,0.07090694608725608
760,880,120,0.12,0.07151737645082176
810,905,95,0.095,0.07918501338921487
740,870,130,0.13,0.08474921934120357
752,876,124,0.124,0.08719009628519415
726,863,137,0.137,0.09008678992465138
726,863,137,0.137,0.09434604896977544
734,867,133,0.133,0.09659788270667195
780,890,110,0.11,0.09547417290136218
762,881,119,0.119,0.09323918943479657
778,889,111,0.111,0.08454651813209056
730,865,135,0.135,0.08358106038533152
798,899,101,0.101,0.0802210054229945
762,881,119,0.119,0.0834560431651771
760,880,120,0.12,0.08710642399266362
826,913,87,0.087,0.07537512374483049
804,902,98,0.098,0.0743057765867561
744,872,128,0.128,0.07788388142175973
874,937,63,0.063,0.0703788453117013
794,897,103,0.103,0.07464546084031462
806,903,97,0.097,0.07785484244115651
752,876,124,0.124,0.07889998590201139
792,896,104,0.104,0.08057725412584842
752,876,124,0.124,0.08307980185374618
746,873,127,0.127,0.09224087161943316
772,886,114,0.114,0.09782996499165893
774,887,113,0.113,0.09375549539923668
790,895,105,0.105,0.09578997515141964
758,879,121,0.121,0.09028547868132591
666,833,167,0.167,0.09561211005598307
762,881,119,0.119,0.09061948637291789
770,885,115,0.115,0.09452869018167258
770,885,115,0.115,0.09404582928493618
764,882,118,0.118,0.09519228622689843
754,877,123,0.123,0.09195540688559413
726,863,137,0.137,0.096380955260247
766,883,117,0.117,0.1036685420870781
720,860,140,0.14,0.1160561791062355
736,868,132,0.132,0.11276265675574541
688,844,156,0.156,0.11043135537579656
788,894,106,0.106,0.09022188225202263
770,885,115,0.115,0.08972881079092622
742,871,129,0.129,0.0893240318633616
772,886,114,0.114,0.09062641540169716
788,894,106,0.106,0.09103394645079971
738,869,131,0.131,0.09242579089850188
778,889,111,0.111,0.08906650827266276
776,888,112,0.112,0.08640644472837448
788,894,106,0.106,0.08977145465835928
720,860,140,0.14,0.09053943303599954
758,879,121,0.121,0.0924151281528175
752,876,124,0.124,0.10039333879575134
772,886,114,0.114,0.11011443923413754
730,865,135,0.135,0.11548315279185772
716,858,142,0.142,0.11614510779455305
740,870,130,0.13,0.11044072138518095
754,877,123,0.123,0.0980321897007525
780,890,110,0.11,0.09602334883064031
770,885,115,0.115,0.09628850116580724
798,899,101,0.101,0.09402996752411127
726,863,137,0.137,0.09906394586339592
726,863,137,0.137,0.10340141824260354
762,881,119,0.119,0.10179059132188559
738,869,131,0.131,0.10128303391113877
744,872,128,0.128,0.10095549853518605
686,843,157,0.157,0.10119870388135314
808,904,96,0.096,0.09394742202013731
778,889,111,0.111,0.09714235432073474
704,852,148,0.148,0.098752238009125
732,866,134,0.134,0.09258725273981691
792,896,104,0.104,0.08823006331175566
786,893,107,0.107,0.08678195001929999
754,877,123,0.123,0.09532233211398125
730,865,135,0.135,0.10090413432568311
716,858,142,0.142,0.10198450012505055
762,881,119,0.119,0.10115281592682004
766,883,117,0.117,0.08630015829205513
754,877,123,0.123,0.08066527943126857
794,897,103,0.103,0.07656878127157687
764,882,118,0.118,0.07927703000977636
736,868,132,0.132,0.08191754161939024
792,896,104,0.104,0.07772451560758055
794,897,103,0.103,0.07595864414423704
800,900,100,0.1,0.07361751704476774
790,895,105,0.105,0.08420083379000426
742,871,129,0.129,0.08918894454836845
756,878,122,0.122,0.08749300646409393
768,884,116,0.116,0.08545440665446222
742,871,129,0.129,0.0828461343050003
760,880,120,0.12,0.08219337781146169
862,931,69,0.069,0.07113713275268674
778,889,111,0.111,0.07677783506177366
760,880,120,0.12,0.07429234225302934
696,848,152,0.152,0.07939314990863204
760,880,120,0.12,0.07854842106811702
794,897,103,0.103,0.07718171525560319
776,888,112,0.112,0.08084078654274345
812,906,94,0.094,0.07845970597863197
718,859,141,0.141,0.08558531845360995
792,896,104,0.104,0.08269898260571062
708,854,146,0.146,0.08897556543722748
790,895,105,0.105,0.08907821502909065
702,851,149,0.149,0.09626251637563109
746,873,127,0.127,0.09327555434033274
810,905,95,0.095,0.0867837724648416
718,859,141,0.141,0.09211581074818968
746,873,127,0.127,0.09706082762032747
776,888,112,0.112,0.09452910683304071
794,897,103,0.103,0.09094402355141938
736,868,132,0.132,0.09542780265957117
786,893,107,0.107,0.08749925222992896
712,856,144,0.144,0.09313878967240453
732,866,134,0.134,0.09505264323204755
684,842,158,0.158,0.10430812681466341
770,885,115,0.115,0.09923249954357743
744,872,128,0.128,0.09985067465528846
736,868,132,0.132,0.0963585744984448
682,841,159,0.159,0.09567657077312469
798,899,101,0.101,0.07968858511000872
786,893,107,0.107,0.08152235283330082
760,880,120,0.12,0.08348457971774041
764,882,118,0.118,0.08522965504229069
792,896,104,0.104,0.0824219255372882
822,911,89,0.089,0.07906922581233085
796,898,102,0.102,0.08131740055419505
736,868,132,0.132,0.07901523952931165
780,890,110,0.11,0.07767509804666042
752,876,124,0.124,0.07942737831361592
712,856,144,0.144,0.0853794159144163
796,898,102,0.102,0.08673515376076102
818,909,91,0.091,0.08387397863902152
748,874,126,0.126,0.08802037058770656
792,896,104,0.104,0.08200373490154743
776,888,112,0.112,0.07957081398740411
764,882,118,0.118,0.0964855270255357
794,897,103,0.103,0.09263129770196975
742,871,129,0.129,0.0965360032208264
756,878,122,0.122,0.09563760607689618
804,902,98,0.098,0.08759552107192575
704,852,148,0.148,0.09652699528634548
740,870,130,0.13,0.0945786234550178
828,914,86,0.086,0.09362887894734741
774,887,113,0.113,0.08735389140993356
784,892,108,0.108,0.08505181236937642
824,912,88,0.088,0.08062869104743003
766,883,117,0.117,0.08090182148478925
740,870,130,0.13,0.08982822024822235
768,884,116,0.116,0.0870753692407161
762,881,119,0.119,0.09586794561333954
718,859,141,0.141,0.09955810365080833
784,892,108,0.108,0.08578683199547231
762,881,119,0.119,0.08742230053991079
786,893,107,0.107,0.07944021169468761
780,890,110,0.11,0.0787069614827633
814,907,93,0.093,0.07491408223472536
762,881,119,0.119,0.0784652131833136
782,891,109,0.109,0.08335421934723854
716,858,142,0.142,0.08966618090867996
710,855,145,0.145,0.09651324893906713
764,882,118,0.118,0.09475796355679632
756,878,122,0.122,0.0892948710359633
732,866,134,0.134,0.08852288145199418
776,888,112,0.112,0.0804481025710702
800,900,100,0.1,0.08194743065536023
740,870,130,0.13,0.08829709484800696
736,868,132,0.132,0.08811630742251873
766,883,117,0.117,0.10031497752666474
752,876,124,0.124,0.1025563233345747
640,820,180,0.18,0.10943556449562311
772,886,114,0.114,0.10013783422484994
738,869,131,0.131,0.09279020359367132
744,872,128,0.128,0.08968029928207398
766,883,117,0.117,0.08851057205535472
786,893,107,0.107,0.08334310116246342
750,875,125,0.125,0.09980848180875182
718,859,141,0.141,0.10294335777312517
780,890,110,0.11,0.1028004426136613
744,872,128,0.128,0.10590497839823365
742,871,129,0.129,0.09225758459046483
768,884,116,0.116,0.09168596036732196
770,885,115,0.115,0.08633658503182233
776,888,112,0.112,0.09018909557536245
764,882,118,0.118,0.10070989211276174
760,880,120,0.12,0.10088414767012
822,911,89,0.089,0.09529691699147225
686,843,157,0.157,0.1015892807096243
754,877,123,0.123,0.09391350671648979
788,894,106,0.106,0.08936907291784882
714,857,143,0.143,0.10480324847996235
758,879,121,0.121,0.10304908043146134
724,862,138,0.138,0.11489844409376383
794,897,103,0.103,0.11054003108665347
762,881,119,0.119,0.1060424234122038
738,869,131,0.131,0.1063330230973661
786,893,107,0.107,0.09059551277756692
788,894,106,0.106,0.08945275140181184
770,885,115,0.115,0.09686793718859553
786,893,107,0.107,0.09873847876116633
744,872,128,0.128,0.1081496592387557
724,862,138,0.138,0.11005926910042763
776,888,112,0.112,0.11508358124271036
768,884,116,0.116,0.1147761663198471
740,870,130,0.13,0.11300001821294427
782,891,109,0.109,0.11054160171747207
742,871,129,0.129,0.09971301387622952
758,879,121,0.121,0.10283475495874882
760,880,120,0.12,0.11338572532311082
736,868,132,0.132,0.11141233499348163
752,876,124,0.124,0.11426970693096518
758,879,121,0.121,0.11219316559284925
758,879,121,0.121,0.10139574360847473
702,851,149,0.149,0.10773390612751245
764,882,118,0.118,0.08724263799376786
808,904,96,0.096,0.08162429396435618
846,923,77,0.077,0.07503963370807469
706,853,147,0.147,0.08440305871143937
668,834,166,0.166,0.11109760110825301
732,866,134,0.134,0.10740460389666259
762,881,119,0.119,0.10494878067821264
774,887,113,0.113,0.10671842987462878
786,893,107,0.107,0.08188803964853286
748,874,126,0.126,0.08309814644046128
758,879,121,0.121,0.07804229351133109
764,882,118,0.118,0.07922069266065955
772,886,114,0.114,0.08583303252235056
696,848,152,0.152,0.09171328608319164
746,873,127,0.127,0.08553163479454816
754,877,123,0.123,0.0885992752611637
818,909,91,0.091,0.0839803379457444
782,891,109,0.109,0.0844656417928636
808,904,96,0.096,0.07569025222212077
790,895,105,0.105,0.07437722553499043
760,880,120,0.12,0.07605355225875973
722,861,139,0.139,0.07818193690478802
680,840,160,0.16,0.08593994289077818
768,884,116,0.116,0.08285594696924091
762,881,119,0.119,0.08521099584177136
780,890,110,0.11,0.08298565059527754
756,878,122,0.122,0.08129862494766713
754,877,123,0.123,0.07866439249925315
720,860,140,0.14,0.08173790214024484
752,876,124,0.124,0.08233062360435724
754,877,123,0.123,0.08612450383789837
784,892,108,0.108,0.0839463816806674
832,916,84,0.084,0.0725725370645523
798,899,101,0.101,0.07398013609461486
790,895,105,0.105,0.0733942129779607
804,902,98,0.098,0.07295687548071146
748,874,126,0.126,0.09584905787557363
704,852,148,0.148,0.09787617649510502
846,923,77,0.077,0.08899933548271656
748,874,126,0.126,0.0925821224115789
778,889,111,0.111,0.09473965874314308
744,872,128,0.128,0.09708966653048992
766,883,117,0.117,0.09805839320644737
746,873,127,0.127,0.0966836070716381
726,863,137,0.137,0.10605662273988127
732,866,134,0.134,0.1048090440928936
746,873,127,0.127,0.10498006608709692
750,875,125,0.125,0.1029543491974473
800,900,100,0.1,0.09082373877242207
770,885,115,0.115,0.09273346345499157
712,856,144,0.144,0.09493278417177499
806,903,97,0.097,0.09296875569596887
768,884,116,0.116,0.10629708546027541
772,886,114,0.114,0.10932496635243297
732,866,134,0.134,0.11033031465858222
756,878,122,0.122,0.10853832272812725
734,867,133,0.133,0.107673135522753
734,867,133,0.133,0.10824049634113908
788,894,106,0.106,0.1037454090975225
792,896,104,0.104,0.10403251927345991
786,893,107,0.107,0.11015238451585174
726,863,137,0.137,0.1166672683916986
722,861,139,0.139,0.11504557293280959
776,888,112,0.112,0.1099892826527357
786,893,107,0.107,0.11249379286170005
804,902,98,0.098,0.10686858197674155
766,883,117,0.117,0.11168161184713245
794,897,103,0.103,0.10731922180205583
758,879,121,0.121,0.10946019372716546
808,904,96,0.096,0.10519252283126115
732,866,134,0.134,0.1096890806593001
754,877,123,0.123,0.10767749452963471
740,870,130,0.13,0.10608671368658543
766,883,117,0.117,0.10974228132888675
822,911,89,0.089,0.10321785690262913
764,882,118,0.118,0.10735123042762279
786,893,107,0.107,0.10906909794732929
694,847,153,0.153,0.1286544287726283
794,897,103,0.103,0.12019215080887079
776,888,112,0.112,0.12271238638833165
790,895,105,0.105,0.12526072070747613
754,877,123,0.123,0.12413165055587888
782,891,109,0.109,0.12313060729950666
748,874,126,0.126,0.12444227245822549
780,890,110,0.11,0.12867308424785734
786,893,107,0.107,0.13381509718298912
768,884,116,0.116,0.13039525853842496
784,892,108,0.108,0.13061493128538132
762,881,119,0.119,0.13637918359413742
776,888,112,0.112,0.13734449508041144
738,869,131,0.131,0.14149624893069268
756,878,122,0.122,0.1399315232858062
752,876,124,0.124,0.12249112278223037
834,917,83,0.083,0.11780762093141675
772,886,114,0.114,0.11639881293475628
758,879,121,0.121,0.11692815090715886
730,865,135,0.135,0.12299822049215436
762,881,119,0.119,0.12427707222849131
828,914,86,0.086,0.12065877597033978
734,867,133,0.133,0.13249668137729168
758,879,121,0.121,0.1286476352252066
752,876,124,0.124,0.13019133381545545
816,908,92,0.092,0.11986812692135572
768,884,116,0.116,0.1169677347317338
764,882,118,0.118,0.10493957084789872
716,858,142,0.142,0.11064218834415078
786,893,107,0.107,0.10416045738011599
814,907,93,0.093,0.10809126513823866
690,845,155,0.155,0.12544204264134168
768,884,116,0.116,0.12080850682780146
802,901,99,0.099,0.11804610783979297
722,861,139,0.139,0.11587995560467243
810,905,95,0.095,0.10351957292109727
830,915,85,0.085,0.10178675582259894
790,895,105,0.105,0.1033403288088739
764,882,118,0.118,0.1083289141394198
742,871,129,0.129,0.12321849404647946
774,887,113,0.113,0.12017859803885221
812,906,94,0.094,0.11676813089475035
726,863,137,0.137,0.12568556949496268
798,899,101,0.101,0.12236822333931922
742,871,129,0.129,0.12503691462427377
770,885,115,0.115,0.12350372378528118
742,871,129,0.129,0.12012739983946084
800,900,100,0.1,0.11148262367770076
762,881,119,0.119,0.11269595162943005
720,860,140,0.14,0.11802186701074242
770,885,115,0.115,0.10916286301612854
820,910,90,0.09,0.09635555276088417
810,905,95,0.095,0.0979849365502596
762,881,119,0.119,0.10588946254551411
750,875,125,0.125,0.10990297218784689
794,897,103,0.103,0.1212288666293025
776,888,112,0.112,0.12198957326635719
760,880,120,0.12,0.12026745357364416
808,904,96,0.096,0.11445684767141938
720,860,140,0.14,0.11126197433099151
788,894,106,0.106,0.1091579521521926
794,897,103,0.103,0.10995428378134967
754,877,123,0.123,0.11382769627124072
778,889,111,0.111,0.11592189159244298
738,869,131,0.131,0.1178552281856537
752,876,124,0.124,0.12291055975109338
752,876,124,0.124,0.1277870428301394
730,865,135,0.135,0.12951145904138683
778,889,111,0.111,0.12833544708043337
770,885,115,0.115,0.12820072601363064
774,887,113,0.113,0.11976647500321269
726,863,137,0.137,0.11873490158095956
782,891,109,0.109,0.11569344793260097
752,876,124,0.124,0.11987717330083252
722,861,139,0.139,0.12708627827465535
772,886,114,0.114,0.12066567809134722
804,902,98,0.098,0.1193731147646904
750,875,125,0.125,0.11918645968288183
714,857,143,0.143,0.12009391964972019
724,862,138,0.138,0.12133613261580467
762,881,119,0.119,0.11911659917607903
786,893,107,0.107,0.12163039125874639
718,859,141,0.141,0.133192625656724
768,884,116,0.116,0.13112363729253412
760,880,120,0.12,0.1303892447836697
780,890,110,0.11,0.12071106223016978
758,879,121,0.121,0.11867767044901847
796,898,102,0.102,0.1164344726987183
700,850,150,0.15,0.1237103320285678
752,876,124,0.124,0.12916883980110289
714,857,143,0.143,0.1333044083863497
758,879,121,0.121,0.13160769397765398
826,913,87,0.087,0.12572195496410132
790,895,105,0.105,0.1223368732854724
702,851,149,0.149,0.12580723293125629
804,902,98,0.098,0.11660470657423139
788,894,106,0.106,0.11840714393183589
720,860,140,0.14,0.1342350340411067
732,866,134,0.134,0.14040643948316575
806,903,97,0.097,0.1378066938892007
774,887,113,0.113,0.1362711278423667
752,876,124,0.124,0.12616530295461417
750,875,125,0.125,0.12318289168551565
806,903,97,0.097,0.12211588510498404
794,897,103,0.103,0.13017790576070548
750,875,125,0.125,0.13466546171158553
792,896,104,0.104,0.12416701973602176
752,876,124,0.124,0.1303235878869891
764,882,118,0.118,0.12687615894526244
766,883,117,0.117,0.13969165894016625
724,862,138,0.138,0.15402923736721277
766,883,117,0.117,0.1416833393573761
702,851,149,0.149,0.14989910382777452
750,875,125,0.125,0.12213281282410025
772,886,114,0.114,0.11977585825696588
808,904,96,0.096,0.11504099526256323
780,890,110,0.11,0.1206960779428482
786,893,107,0.107,0.14733280663937331
692,846,154,0.154,0.15025209180265664
790,895,105,0.105,0.14130193773657085
722,861,139,0.139,0.1464499952197075
790,895,105,0.105,0.12370861521735788
728,864,136,0.136,0.12736264655739069
708,854,146,0.146,0.13477475810796022
762,881,119,0.119,0.1386209287084639
768,884,116,0.116,0.14745260094106197
760,880,120,0.12,0.14105801948532462
760,880,120,0.12,0.13533538084849714
768,884,116,0.116,0.12488225657492875
706,853,147,0.147,0.14054905815050006
758,879,121,0.121,0.14118855944275857
734,867,133,0.133,0.14393335108086466
778,889,111,0.111,0.14085322251915933
694,847,153,0.153,0.15251603860408067
718,859,141,0.141,0.14705778231471778
774,887,113,0.113,0.14809033186733722
786,893,107,0.107,0.14414407014846803
678,839,161,0.161,0.136879606179893
738,869,131,0.131,0.13674760794267057
706,853,147,0.147,0.13742102862894534
768,884,116,0.116,0.13697541138529779
780,890,110,0.11,0.13715740913152694
722,861,139,0.139,0.13685723589360713
728,864,136,0.136,0.13538691813498735
760,880,120,0.12,0.13878687723726035
780,890,110,0.11,0.12602999299019574
822,911,89,0.089,0.12226217976212501
746,873,127,0.127,0.12288170522078871
754,877,123,0.123,0.11752832859382033
790,895,105,0.105,0.12589193248748778
760,880,120,0.12,0.13056585567072035
794,897,103,0.103,0.12323568350449204
738,869,131,0.131,0.1257920485511422
872,936,64,0.064,0.09082340914383531
792,896,104,0.104,0.0997614927701652
802,901,99,0.099,0.10108229006081819
826,913,87,0.087,0.10181678542867303
704,852,148,0.148,0.1312147250622511
782,891,109,0.109,0.12893031856417655
746,873,127,0.127,0.13406080255284905
776,888,112,0.112,0.12727584896981717
750,875,125,0.125,0.11675371053814888
748,874,126,0.126,0.12848829326406122
750,875,125,0.125,0.12841356288269162
750,875,125,0.125,0.13520518316701055
802,901,99,0.099,0.1336749780960381
676,838,162,0.162,0.11781039524450898
724,862,138,0.138,0.11512076231837273
816,908,92,0.092,0.10708412959426641
764,882,118,0.118,0.1245264204852283
748,874,126,0.126,0.15356085027009247
744,872,128,0.128,0.1490013195797801
746,873,127,0.127,0.1515011179074645
750,875,125,0.125,0.1464708758480847
764,882,118,0.118,0.1432723495773971
730,865,135,0.135,0.14533646167069675
766,883,117,0.117,0.13963773772865534
724,862,138,0.138,0.1402448008581996
700,850,150,0.15,0.13438499533757567
816,908,92,0.092,0.125789415307343
770,885,115,0.115,0.13134348209947347
774,887,113,0.113,0.13719695277512073
806,903,97,0.097,0.1449636720791459
724,862,138,0.138,0.15332887475937604
702,851,149,0.149,0.15453879673033952
726,863,137,0.137,0.15600496359914542
760,880,120,0.12,0.14966682220250369
754,877,123,0.123,0.1482645101547241
828,914,86,0.086,0.13972691245377064
712,856,144,0.144,0.13342398686334492
802,901,99,0.099,0.11925758389011025
780,890,110,0.11,0.12699294650182127
802,901,99,0.099,0.13015534035861492
810,905,95,0.095,0.13465733547508715
782,891,109,0.109,0.14272860065102577
802,901,99,0.099,0.14311151560395957
716,858,142,0.142,0.14635325932502746
776,888,112,0.112,0.14232682548090816
730,865,135,0.135,0.1496029793098569
776,888,112,0.112,0.14698877081274986
698,849,151,0.151,0.15453093361109496
730,865,135,0.135,0.1600044515579939
766,883,117,0.117,0.16567789728194476
748,874,126,0.126,0.17261735367774964
666,833,167,0.167,0.1789987837076187
754,877,123,0.123,0.17708351267874242
732,866,134,0.134,0.1731464694365859
740,870,130,0.13,0.16869871962815522
700,850,150,0.15,0.17043221610039472
786,893,107,0.107,0.1546343948096037
820,910,90,0.09,0.13331882883608343
826,913,87,0.087,0.12652462132275105
776,888,112,0.112,0.12965221910178662
806,903,97,0.097,0.12744638119637966
710,855,145,0.145,0.1430135606005788
732,866,134,0.134,0.15455263932794333
802,901,99,0.099,0.14812714856117964
758,879,121,0.121,0.15244155745208263
768,884,116,0.116,0.14905643445253372
752,876,124,0.124,0.1412376286163926
766,883,117,0.117,0.14231567792594432
744,872,128,0.128,0.14572015383839607
710,855,145,0.145,0.15285871504992246
752,876,124,0.124,0.1608851028829813
710,855,145,0.145,0.16361236807703972
760,880,120,0.12,0.16421493159234524
734,867,133,0.133,0.16984867179393767
762,881,119,0.119,0.15787677323818206
766,883,117,0.117,0.1562382718399167
776,888,112,0.112,0.14943052046746017
762,881,119,0.119,0.1462015603594482
778,889,111,0.111,0.14347222715616226
724,862,138,0.138,0.14849588275700806
828,914,86,0.086,0.13708200399577616
736,868,132,0.132,0.1418182982429862
730,865,135,0.135,0.13227203365415335
834,917,83,0.083,0.12539783531427384
776,888,112,0.112,0.1243414804264903
754,877,123,0.123,0.13010689421743155
750,875,125,0.125,0.13854271932691337
758,879,121,0.121,0.13262341950461268
748,874,126,0.126,0.13389611515030264
786,893,107,0.107,0.13406024456769228
758,879,121,0.121,0.1383654969111085
810,905,95,0.095,0.1357572050988674
694,847,153,0.153,0.14677815728634597
730,865,135,0.135,0.14072829528898
754,877,123,0.123,0.13921664551645518
720,860,140,0.14,0.13638307225704194
770,885,115,0.115,0.13352231845259666
740,870,130,0.13,0.13466466837376356
750,875,125,0.125,0.14905531921237708
734,867,133,0.133,0.15292525313794614
712,856,144,0.144,0.15659556423127652
762,881,119,0.119,0.1528271660655737
714,857,143,0.143,0.14839342457801102
710,855,145,0.145,0.15047908371686936
752,876,124,0.124,0.1499425453618169
642,821,179,0.179,0.16469714906811714
838,919,81,0.081,0.13703438138216734
772,886,114,0.114,0.1360223572514951
770,885,115,0.115,0.1378691249936819
756,878,122,0.122,0.12734913341701032
738,869,131,0.131,0.15603965435922146
796,898,102,0.102,0.15147972339391708
720,860,140,0.14,0.16154614083468913
768,884,116,0.116,0.16147346828877926
752,876,124,0.124,0.1343498912975192
756,878,122,0.122,0.13160629134997726
786,893,107,0.107,0.12893919330090284
750,875,125,0.125,0.13373023433238268
738,869,131,0.131,0.1458984462842345
726,863,137,0.137,0.14890962416678666
756,878,122,0.122,0.1491418499201536
744,872,128,0.128,0.14407880340516568
750,875,125,0.125,0.1353966611623764
784,892,108,0.108,0.13449916791170835
752,876,124,0.124,0.13399216662719846
750,875,125,0.125,0.13736531450599432
782,891,109,0.109,0.14797313417494298
772,886,114,0.114,0.1498349570184946
780,890,110,0.11,0.14803986417502166
714,857,143,0.143,0.15179885721951722
738,869,131,0.131,0.16005513212829828
726,863,137,0.137,0.16025916048884392
814,907,93,0.093,0.15482257145643236
774,887,113,0.113,0.15915503296256064
718,859,141,0.141,0.16128399638831614
736,868,132,0.132,0.15984916060417892
802,901,99,0.099,0.1516764597147703
738,869,131,0.131,0.15317875447124243
840,920,80,0.08,0.1387542647793889
744,872,128,0.128,0.1449465360492468
800,900,100,0.1,0.1360791189111769
850,925,75,0.075,0.13234409029036762
722,861,139,0.139,0.13802050825208426
776,888,112,0.112,0.13646758946031332
772,886,114,0.114,0.1415010122731328
766,883,117,0.117,0.14529592423886062
762,881,119,0.119,0.15288731851428747
750,875,125,0.125,0.1539461598470807
776,888,112,0.112,0.14780089595913887
768,884,116,0.116,0.14483197619765997
828,914,86,0.086,0.13475729881972073
782,891,109,0.109,0.13705985851958394
742,871,129,0.129,0.1405551309734583
754,877,123,0.123,0.14190520814061164
816,908,92,0.092,0.14512280209362508
774,887,113,0.113,0.14827820828557015
774,887,113,0.113,0.15035714723169805
744,872,128,0.128,0.15216358215361833
786,893,107,0.107,0.14540294846892357
776,888,112,0.112,0.1464902263432741
754,877,123,0.123,0.14549368296563625
748,874,126,0.126,0.14487637190520763
860,930,70,0.07,0.12764450290426613
776,888,112,0.112,0.1307056377902627
712,856,144,0.144,0.13107582869753243
734,867,133,0.133,0.13564529963582755
728,864,136,0.136,0.15087605050951242
778,889,111,0.111,0.1505764390528202
708,854,146,0.146,0.1478513383641839
762,881,119,0.119,0.14016429663822055
754,877,123,0.123,0.1279409136995673
750,875,125,0.125,0.1332439159192145
732,866,134,0.134,0.14050695391744375
748,874,126,0.126,0.1407206336297095
762,881,119,0.119,0.14828281309455632
786,893,107,0.107,0.13363901640847325
776,888,112,0.112,0.127136752653867
756,878,122,0.122,0.1281835768073797
724,862,138,0.138,0.1342436759211123
704,852,148,0.148,0.15646412346139552
772,886,114,0.114,0.15600881780683995
764,882,118,0.118,0.16096955243498087
720,860,140,0.14,0.15324794091284274
746,873,127,0.127,0.137130853228271
736,868,132,0.132,0.1336398511864245
810,905,95,0.095,0.12542934099212288
728,864,136,0.136,0.13107679552584886
764,882,118,0.118,0.1313212743252516
776,888,112,0.112,0.12678466326370835
716,858,142,0.142,0.13076005057245493
752,876,124,0.124,0.12670847257226706
752,876,124,0.124,0.12485123344883323
748,874,126,0.126,0.12848871403187515
778,889,111,0.111,0.12134396949410439
716,858,142,0.142,0.12790423464030026
756,878,122,0.122,0.12401003659516573
740,870,130,0.13,0.12850420273840427
706,853,147,0.147,0.1313486972562969
782,891,109,0.109,0.1346241378709674
714,857,143,0.143,0.13959265170246363
750,875,125,0.125,0.13595483730733396
764,882,118,0.118,0.13243649542331695
730,865,135,0.135,0.12428683454915881
762,881,119,0.119,0.12375889297947287
762,881,119,0.119,0.11765508709847927
784,892,108,0.108,0.1250359888151288
804,902,98,0.098,0.12345733779296279
810,905,95,0.095,0.12077209356799722
738,869,131,0.131,0.1281479356624186
784,892,108,0.108,0.12192646778002382
744,872,128,0.128,0.12911428574472666
788,894,106,0.106,0.14759490044414997
772,886,114,0.114,0.14913203629106284
736,868,132,0.132,0.15262267063558102
742,871,129,0.129,0.14886585931107402
680,840,160,0.16,0.14727233834564685
740,870,130,0.13,0.14587024884670974
706,853,147,0.147,0.15002188601344824
792,896,104,0.104,0.14716901740431784
744,872,128,0.128,0.14138073018938302
778,889,111,0.111,0.13528306748718022
740,870,130,0.13,0.13667933266609908
750,875,125,0.125,0.14058903363347053
824,912,88,0.088,0.13599196787923573
750,875,125,0.125,0.13701769102364778
762,881,119,0.119,0.1360239442884922
686,843,157,0.157,0.13712369798496366
738,869,131,0.131,0.1367387127801776
806,903,97,0.097,0.1295945978872478
764,882,118,0.118,0.13395118908584117
794,897,103,0.103,0.12926521180197598
764,882,118,0.118,0.11976402584463358
742,871,129,0.129,0.12850602765381336
728,864,136,0.136,0.12829720340669154
816,908,92,0.092,0.1271827996186912
746,873,127,0.127,0.1354580267816782
808,904,96,0.096,0.12018530405312776
786,893,107,0.107,0.12154966331273317
780,890,110,0.11,0.11916762010380626
746,873,127,0.127,0.1292861877940595
794,897,103,0.103,0.13698350860923528
714,857,143,0.143,0.14243583821505307
784,892,108,0.108,0.1409921292960644
764,882,118,0.118,0.13195046884939074
706,853,147,0.147,0.13390654657036066
780,890,110,0.11,0.1287555882409215
718,859,141,0.141,0.13204057522118093
770,885,115,0.115,0.12688030137121678
754,877,123,0.123,0.1211966676749289
800,900,100,0.1,0.11719553866237402
788,894,106,0.106,0.11704018427804112
738,869,131,0.131,0.11288209794834256
774,887,113,0.113,0.12160198935866356
736,868,132,0.132,0.12267036057263613
738,869,131,0.131,0.12107507851347327
770,885,115,0.115,0.11619891836494207
808,904,96,0.096,0.10624268556758762
764,882,118,0.118,0.10731620620936155
700,850,150,0.15,0.1102989419773221
712,856,144,0.144,0.11654641285166144
740,870,130,0.13,0.12360635125264526
804,902,98,0.098,0.11625090354681016
674,837,163,0.163,0.12461234757304192
788,894,106,0.106,0.10820999777689576
732,866,134,0.134,0.10554682137817144
768,884,116,0.116,0.10401563501358033
788,894,106,0.106,0.10046189180016518
736,868,132,0.132,0.10463054150342942
714,857,143,0.143,0.10514648570865393
736,868,132,0.132,0.10530095932632685
762,881,119,0.119,0.10616918639838696
756,878,122,0.122,0.11474379474669695
754,877,123,0.123,0.11478534185141324
758,879,121,0.121,0.10944414178654552
792,896,104,0.104,0.10888089688494801
802,901,99,0.099,0.09247554098069667
784,892,108,0.108,0.09097918802313507
762,881,119,0.119,0.09599627995491028
716,858,142,0.142,0.09786629562079907
806,903,97,0.097,0.10470173714309931
722,861,139,0.139,0.11572285544499755
726,863,137,0.137,0.10746312740445137
764,882,118,0.118,0.10834609343484045
812,906,94,0.094,0.09959081003814936
728,864,136,0.136,0.10696909676119686
750,875,125,0.125,0.11285221271216869
794,897,103,0.103,0.1122009755410254
746,873,127,0.127,0.11660456266254186
748,874,126,0.126,0.1053507688716054
724,862,138,0.138,0.09935052632167936
804,902,98,0.098,0.09591406141966581
760,880,120,0.12,0.10396925539895892
742,871,129,0.129,0.10981508104875684
802,901,99,0.099,0.10101212742552161
754,877,123,0.123,0.10384706211462617
814,907,93,0.093,0.08973728467151523
770,885,115,0.115,0.0970480356477201
776,888,112,0.112,0.11179889732599259
704,852,148,0.148,0.1158113006837666
698,849,151,0.151,0.12623793248832227
742,871,129,0.129,0.12707915508002043
800,900,100,0.1,0.11000267348438501
718,859,141,0.141,0.11744930870085955
812,906,94,0.094,0.10101024285145103
806,903,97,0.097,0.094052947178483
758,879,121,0.121,0.1015098340511322
754,877,123,0.123,0.10081776854395866
808,904,96,0.096,0.10245567787438631
750,875,125,0.125,0.11838054597377777
760,880,120,0.12,0.12770559567958117
758,879,121,0.121,0.12903434297442437
744,872,128,0.128,0.1306963839866221
744,872,128,0.128,0.12500082566589116
784,892,108,0.108,0.12370690317079425
794,897,103,0.103,0.12311540443822741
796,898,102,0.102,0.12383459231257439
768,884,116,0.116,0.12555456260219217
742,871,129,0.129,0.12236810149252415
822,911,89,0.089,0.11653232138976455
806,903,97,0.097,0.12101103196665644
760,880,120,0.12,0.1318724932447076
738,869,131,0.131,0.15075852777063847
764,882,118,0.118,0.15418963309377431
768,884,116,0.116,0.15102678328752517
818,909,91,0.091,0.13850653502345084
736,868,132,0.132,0.14761281102150678
750,875,125,0.125,0.14607899824902415
766,883,117,0.117,0.1550206877887249
746,873,127,0.127,0.16430912984907628
768,884,116,0.116,0.1491678597331047
748,874,126,0.126,0.14843052333593368
778,889,111,0.111,0.14203765915706754
806,903,97,0.097,0.13441270055621862
776,888,112,0.112,0.14829400251060723
724,862,138,0.138,0.15157411506772042
750,875,125,0.125,0.1532556582018733
798,899,101,0.101,0.15154712749272584
730,865,135,0.135,0.16131371675431727
730,865,135,0.135,0.16042625172436237
758,879,121,0.121,0.16275205139815807
728,864,136,0.136,0.1642014883980155
760,880,120,0.12,0.16646677036583424
754,877,123,0.123,0.16899245668947696
772,886,114,0.114,0.16628849843889476
758,879,121,0.121,0.16567807971686124
668,834,166,0.166,0.18305724678933621
746,873,127,0.127,0.1789188106805086
724,862,138,0.138,0.17712860336154698
760,880,120,0.12,0.18046111257374287
746,873,127,0.127,0.16837841317802668
786,893,107,0.107,0.16187333008646965
754,877,123,0.123,0.16578278505802155
694,847,153,0.153,0.18795348340272902
736,868,132,0.132,0.19133802058547736
766,883,117,0.117,0.19409742967784405
790,895,105,0.105,0.19301562064886094
772,886,114,0.114,0.19444385409355164
828,914,86,0.086,0.19370806830376386
728,864,136,0.136,0.19670922105759384
792,896,104,0.104,0.19569369376450776
762,881,119,0.119,0.21028646190464498
680,840,160,0.16,0.22184756848216056
754,877,123,0.123,0.21640725964307786
694,847,153,0.153,0.22482118682563304
734,867,133,0.133,0.22044730377197266
716,858,142,0.142,0.22438394340872764
728,864,136,0.136,0.21416392084956168
748,874,126,0.126,0.21616030606627465
784,892,108,0.108,0.20507687355577947
760,880,120,0.12,0.202850890904665
758,879,121,0.121,0.19658161234110594
774,887,113,0.113,0.19532379707694053
704,852,148,0.148,0.20517907615751027
776,888,112,0.112,0.20485048747062684
752,876,124,0.124,0.2009703813418746
778,889,111,0.111,0.19230062476545573
728,864,136,0.136,0.18618713594973088
724,862,138,0.138,0.19027173387259244
780,890,110,0.11,0.19208338678628206
804,902,98,0.098,0.19800071508437395
704,852,148,0.148,0.19697233302891254
770,885,115,0.115,0.18710878270864487
770,885,115,0.115,0.17811174980551003
766,883,117,0.117,0.17900703462958337
738,869,131,0.131,0.19040104917436837
756,878,122,0.122,0.19341266740113497
734,867,133,0.133,0.1837894848510623
738,869,131,0.131,0.1812759829685092
754,877,123,0.123,0.17491026699543
764,882,118,0.118,0.17390496923029422
742,871,129,0.129,0.17793369679152965
772,886,114,0.114,0.17740846091508866
774,887,113,0.113,0.17401333401352168
682,841,159,0.159,0.1851370378434658
756,878,122,0.122,0.16954335211962462
782,891,109,0.109,0.1638096535652876
788,894,106,0.106,0.15251024460047483
728,864,136,0.136,0.15306408684700729
742,871,129,0.129,0.157177011936903
728,864,136,0.136,0.16070357122272252
706,853,147,0.147,0.16706079591065645
762,881,119,0.119,0.16439520441740751
706,853,147,0.147,0.1688819755986333
794,897,103,0.103,0.15821553863584994
788,894,106,0.106,0.1573076849281788
758,879,121,0.121,0.1490032649412751
740,870,130,0.13,0.13560265792906284
782,891,109,0.109,0.133426816072315
724,862,138,0.138,0.13861593263596297
768,884,116,0.116,0.1386787342913449
702,851,149,0.149,0.15013583605736494
764,882,118,0.118,0.1453414121940732
794,897,103,0.103,0.14091354538872838
796,898,102,0.102,0.13767758279293776
738,869,131,0.131,0.13307768961787222
790,895,105,0.105,0.13166187438368798
778,889,111,0.111,0.13047979964315892
732,866,134,0.134,0.13337592390179634
752,876,124,0.124,0.13097109898552298
718,859,141,0.141,0.13295658838003874
800,900,100,0.1,0.1281695851162076
740,870,130,0.13,0.13155155357718468
662,831,169,0.169,0.16635257333517076
766,883,117,0.117,0.1644273641332984
766,883,117,0.117,0.16139787270873784
756,878,122,0.122,0.1412485653012991
786,893,107,0.107,0.1337486677467823
754,877,123,0.123,0.1324687008112669
748,874,126,0.126,0.1300538625381887
766,883,117,0.117,0.13502193639427423
756,878,122,0.122,0.14392000889778137
802,901,99,0.099,0.13854510525614022
764,882,118,0.118,0.1426974361538887
788,894,106,0.106,0.1298357524126768
748,874,126,0.126,0.12496845436096192
752,876,124,0.124,0.12048166664689779
774,887,113,0.113,0.11825087204948068
786,893,107,0.107,0.11658761226385832
732,866,134,0.134,0.12221541827917098
754,877,123,0.123,0.1271031430438161
786,893,107,0.107,0.12646186059713363
732,866,134,0.134,0.14958664232119917
748,874,126,0.126,0.15109412491321564
776,888,112,0.112,0.14630622408539057
740,870,130,0.13,0.14826058354601265
784,892,108,0.108,0.1210521195344627
758,879,121,0.121,0.1251594975143671
794,897,103,0.103,0.12453095266968012
716,858,142,0.142,0.13429694820940494
730,865,135,0.135,0.1515738054290414
720,860,140,0.14,0.14553132962808013
756,878,122,0.122,0.14109364360570908
766,883,117,0.117,0.13762547916546464
754,877,123,0.123,0.1401511427089572
816,908,92,0.092,0.14147844614833593
732,866,134,0.134,0.14583833911269903
762,881,119,0.119,0.14333591547608376
754,877,123,0.123,0.13830025580525399
722,861,139,0.139,0.13472133654728533
748,874,126,0.126,0.13303648668527604
822,911,89,0.089,0.12486554659157992
760,880,120,0.12,0.12451532093435526
754,877,123,0.123,0.12854156011343001
728,864,136,0.136,0.13581881818920374
776,888,112,0.112,0.13246831553429364
766,883,117,0.117,0.13481789507716893
740,870,130,0.13,0.12487379816919565
808,904,96,0.096,0.11801786448433996
752,876,124,0.124,0.1232481737062335
764,882,118,0.118,0.1212189005278051
770,885,115,0.115,0.12975912506878376
722,861,139,0.139,0.12917355440184475
774,887,113,0.113,0.1272019319497049
750,875,125,0.125,0.12499477821588516
740,870,130,0.13,0.11983024879172445
780,890,110,0.11,0.11706894349306822
764,882,118,0.118,0.11823608387261629
802,901,99,0.099,0.11497247577086091
734,867,133,0.133,0.11899113498628139
728,864,136,0.136,0.1244518977701664
720,860,140,0.14,0.13469673865288495
740,870,130,0.13,0.14425412246584893
742,871,129,0.129,0.1471582962423563
690,845,155,0.155,0.1513967329263687
770,885,115,0.115,0.1406831331178546
746,873,127,0.127,0.13301003183797003
734,867,133,0.133,0.13055152063444256
748,874,126,0.126,0.1277643704265356
754,877,123,0.123,0.11585149109363556
792,896,104,0.104,0.11422459481656551
738,869,131,0.131,0.11616702502965927
782,891,109,0.109,0.11437396920472384
768,884,116,0.116,0.1136561583057046
736,868,132,0.132,0.11020800676196814
724,862,138,0.138,0.10956763795390725
784,892,108,0.108,0.10548739510774613
734,867,133,0.133,0.11115094915777445
792,896,104,0.104,0.10789178446680307
768,884,116,0.116,0.1074674062617123
724,862,138,0.138,0.1120468648634851
750,875,125,0.125,0.10313860724121332
742,871,129,0.129,0.1054468959197402
706,853,147,0.147,0.1060537935178727
756,878,122,0.122,0.10567584515735506
768,884,116,0.116,0.11071707377582789
814,907,93,0.093,0.09597798940539361
802,901,99,0.099,0.09536168476194143
760,880,120,0.12,0.09222143599763513
782,891,109,0.109,0.08907444375939667
702,851,149,0.149,0.10784691436216236
738,869,131,0.131,0.11365830455347896
768,884,116,0.116,0.11537201202660799
766,883,117,0.117,0.11192227171361446
728,864,136,0.136,0.10552073015645147
762,881,119,0.119,0.10271603205427528
778,889,111,0.111,0.10282808334752917
768,884,116,0.116,0.1063254417926073
694,847,153,0.153,0.1146913465000689
804,902,98,0.098,0.1028637164644897
770,885,115,0.115,0.10511864508315921
774,887,113,0.113,0.10279002069309354
664,832,168,0.168,0.11473979809135199
710,855,145,0.145,0.11573869417607784
772,886,114,0.114,0.1129408923611045
760,880,120,0.12,0.1108810616210103
758,879,121,0.121,0.10144231961295008
800,900,100,0.1,0.09361873957142233
786,893,107,0.107,0.09823625554144383
724,862,138,0.138,0.10323585480451584
768,884,116,0.116,0.10896389232575894
758,879,121,0.121,0.11321542369574308
758,879,121,0.121,0.11563861994445324
792,896,104,0.104,0.1090914608798921
758,879,121,0.121,0.10760710747912526
710,855,145,0.145,0.10913939214870334
714,857,143,0.143,0.11537647925317288
766,883,117,0.117,0.12094067076966167
754,877,123,0.123,0.13503081368654965
780,890,110,0.11,0.12853348084911703
712,856,144,0.144,0.1270260187089443
804,902,98,0.098,0.10921206404268742
794,897,103,0.103,0.10109114424884319
806,903,97,0.097,0.1004903094805777
740,870,130,0.13,0.11133527024835348
768,884,116,0.116,0.10921374965459109
744,872,128,0.128,0.10931157149001956
778,889,111,0.111,0.10358277948945761
792,896,104,0.104,0.09909090390056371
736,868,132,0.132,0.0996054603792727
820,910,90,0.09,0.09756484934687615
730,865,135,0.135,0.10332102384418249
800,900,100,0.1,0.10615655367076397
786,893,107,0.107,0.10804810359328985
768,884,116,0.116,0.1066961685307324
778,889,111,0.111,0.09948673606291414
778,889,111,0.111,0.09254788123443723
844,922,78,0.078,0.08234420593082904
698,849,151,0.151,0.09301420131511987
746,873,127,0.127,0.09307416994869709
796,898,102,0.102,0.0956956064812839
758,879,121,0.121,0.09758784022182226
772,886,114,0.114,0.09540130744501948
732,866,134,0.134,0.1015837903805077
712,856,144,0.144,0.10257867789268493
754,877,123,0.123,0.10030133979022503
734,867,133,0.133,0.10085153088346124
764,882,118,0.118,0.09360419718921184
822,911,89,0.089,0.08847395101562143
760,880,120,0.12,0.0870411948505789
782,891,109,0.109,0.08984541766345501
798,899,101,0.101,0.09008808650448918
762,881,119,0.119,0.09283774505183101
700,850,150,0.15,0.09883656079135836
764,882,118,0.118,0.10007428880035878
790,895,105,0.105,0.10175825709849597
758,879,121,0.121,0.10780695373564958
688,844,156,0.156,0.11749059461802244
824,912,88,0.088,0.10415972685813904
748,874,126,0.126,0.10090004675462842
764,882,118,0.118,0.0958282884489745
758,879,121,0.121,0.0890766575485468
734,867,133,0.133,0.0940012266933918
812,906,94,0.094,0.09011816834658384
822,911,89,0.089,0.09147211028262973
792,896,104,0.104,0.08976036556437611
766,883,117,0.117,0.09029646148532629
806,903,97,0.097,0.08900693895295263
848,924,76,0.076,0.09102178871259094
742,871,129,0.129,0.11583660028129816
778,889,111,0.111,0.11480446501076222
722,861,139,0.139,0.12003949055075645
684,842,158,0.158,0.11699224313348532
788,894,106,0.106,0.10285361437126994
734,867,133,0.133,0.10506779646128415
760,880,120,0.12,0.10293404521420597
732,866,134,0.134,0.10865899404138327
690,845,155,0.155,0.11760503584891557
792,896,104,0.104,0.1140713972374797
756,878,122,0.122,0.11499488550424576
746,873,127,0.127,0.11338942831009627
684,842,158,0.158,0.10688551010936499
804,902,98,0.098,0.10461415687575937
696,848,152,0.152,0.11012751809507608
740,870,130,0.13,0.10925829430669547
802,901,99,0.099,0.10268702986091376
776,888,112,0.112,0.09229846372827888
782,891,109,0.109,0.09118393324501813
830,915,85,0.085,0.09005191616714
760,880,120,0.12,0.1024582273811102
802,901,99,0.099,0.11347472090274095
764,882,118,0.118,0.11469425809383392
772,886,114,0.114,0.11333859990909696
762,881,119,0.119,0.10140449493005872
760,880,120,0.12,0.09313738810643554
772,886,114,0.114,0.09409115239977836
778,889,111,0.111,0.09512411587312818
758,879,121,0.121,0.11471418644860387
804,902,98,0.098,0.10847398510575294
762,881,119,0.119,0.11140765863656997
790,895,105,0.105,0.1069667906574905
794,897,103,0.103,0.09088086648657918
740,870,130,0.13,0.1020926049090922
718,859,141,0.141,0.10409547505527735
718,859,141,0.141,0.10601036735251546
730,865,135,0.135,0.12027802728116513
762,881,119,0.119,0.11345750648528337
712,856,144,0.144,0.11253865388780833
774,887,113,0.113,0.11293863190338016
796,898,102,0.102,0.09400242679938674
836,918,82,0.082,0.0804524083584547
852,926,74,0.074,0.07860575406998396
774,887,113,0.113,0.08351224808208645
744,872,128,0.128,0.08216185963898898
800,900,100,0.1,0.09565745484828948
768,884,116,0.116,0.09600689490512014
712,856,144,0.144,0.10017473615147174
734,867,133,0.133,0.10351235971972346
806,903,97,0.097,0.08850590972974896
746,873,127,0.127,0.09026529724895954
708,854,146,0.146,0.09081207426637411
816,908,92,0.092,0.08426583829894661
768,884,116,0.116,0.07894811164587737
762,881,119,0.119,0.07936646426469088
800,900,100,0.1,0.07734724679589272
802,901,99,0.099,0.07549749903194607
816,908,92,0.092,0.08661900370940566
760,880,120,0.12,0.08814726913347841
750,875,125,0.125,0.08917508224397898
724,862,138,0.138,0.08862124499678611
778,889,111,0.111,0.07287049236521125
742,871,129,0.129,0.07299676108360291
798,899,101,0.101,0.07355727566406131
738,869,131,0.131,0.07584961454942822
748,874,126,0.126,0.09032052940502763
718,859,141,0.141,0.09378762475773691
752,876,124,0.124,0.09236879341304302
746,873,127,0.127,0.09365774516388774
776,888,112,0.112,0.08390724260360002
808,904,96,0.096,0.07498067321628332
810,905,95,0.095,0.07468080951832234
750,875,125,0.125,0.07708955008164048
748,874,126,0.126,0.07577008394524455
764,882,118,0.118,0.08021826610714197
754,877,123,0.123,0.08169343782216311
752,876,124,0.124,0.08229821290820837
746,873,127,0.127,0.0864642870388925
776,888,112,0.112,0.08072690530493855
776,888,112,0.112,0.0813484013453126
750,875,125,0.125,0.0819388889633119
770,885,115,0.115,0.07296166167780757
734,867,133,0.133,0.08199879791215062
728,864,136,0.136,0.08675644990243017
748,874,126,0.126,0.08753700046986342
750,875,125,0.125,0.0914765919521451
752,876,124,0.124,0.0816463356744498
772,886,114,0.114,0.0767910298705101
774,887,113,0.113,0.0755749489646405
798,899,101,0.101,0.0743427919447422
732,866,134,0.134,0.08065742361545562
784,892,108,0.108,0.08083253964781761
724,862,138,0.138,0.08427939403429627
756,878,122,0.122,0.07147799485735595
770,885,115,0.115,0.06372607445530594
766,883,117,0.117,0.06271136700548231
776,888,112,0.112,0.06264204076677561
806,903,97,0.097,0.06755687804892659
802,901,99,0.099,0.06553139057569206
776,888,112,0.112,0.0654906310942024
810,905,95,0.095,0.06308788479305803
782,891,109,0.109,0.06375872275978327
774,887,113,0.113,0.07695741689763963
730,865,135,0.135,0.08424562115594744
736,868,132,0.132,0.08352994124218821
732,866,134,0.134,0.08464180757105351
754,877,123,0.123,0.07037478024140001
748,874,126,0.126,0.06624374942667782
774,887,113,0.113,0.0657444407492876
814,907,93,0.093,0.0568730212636292
782,891,109,0.109,0.0638511184398085
728,864,136,0.136,0.07201727444306016
824,912,88,0.088,0.06996771538443863
728,864,136,0.136,0.07459375798329711
772,886,114,0.114,0.06085158720426261
690,845,155,0.155,0.0612383422087878
810,905,95,0.095,0.054712466521188614
776,888,112,0.112,0.06062965485267341
786,893,107,0.107,0.06981164557859301
784,892,108,0.108,0.06831515767425299
752,876,124,0.124,0.06927987554855644
802,901,99,0.099,0.06402361599728465
714,857,143,0.143,0.061835530996322635
818,909,91,0.091,0.05674959272146225
818,909,91,0.091,0.05540615865401924
744,872,128,0.128,0.06040910077467561
704,852,148,0.148,0.06676487906835973
792,896,104,0.104,0.06138333555869758
774,887,113,0.113,0.06373700022697448
826,913,87,0.087,0.06004984982684255
812,906,94,0.094,0.05571991575323045
722,861,139,0.139,0.06598704208061099
748,874,126,0.126,0.06941484711505473
790,895,105,0.105,0.06645878053642809
772,886,114,0.114,0.07616446627676488
606,803,197,0.197,0.09179176656901836
738,869,131,0.131,0.08602487735450268
712,856,144,0.144,0.0872317116484046
778,889,111,0.111,0.0781258802190423
826,913,87,0.087,0.06425548712164164
772,886,114,0.114,0.06610206647962331
770,885,115,0.115,0.0655737421605736
752,876,124,0.124,0.06545218625664712
782,891,109,0.109,0.07270723797753453
810,905,95,0.095,0.07283785640634596
760,880,120,0.12,0.0734271900318563
752,876,124,0.124,0.0739170423783362
778,889,111,0.111,0.06890566001832485
826,913,87,0.087,0.06779623292572796
832,916,84,0.084,0.06492895263247192
796,898,102,0.102,0.06447786656394601
794,897,103,0.103,0.06844032202288508
784,892,108,0.108,0.0712465221080929
752,876,124,0.124,0.07102861934155226
802,901,99,0.099,0.0751935535222292
726,863,137,0.137,0.08557353429496288
792,896,104,0.104,0.08305931203439831
760,880,120,0.12,0.08610821715742349
760,880,120,0.12,0.08383942010253667
746,873,127,0.127,0.08700566114857793
774,887,113,0.113,0.08352550248801709
764,882,118,0.118,0.08278684721142053
730,865,135,0.135,0.08458644829690457
800,900,100,0.1,0.07444298105314374
766,883,117,0.117,0.07737713805213571
784,892,108,0.108,0.07712649378180504
708,854,146,0.146,0.08954295140877366
756,878,122,0.122,0.10020263923332096
794,897,103,0.103,0.09555448555573821
764,882,118,0.118,0.09544105041399598
768,884,116,0.116,0.08843747783824801
750,875,125,0.125,0.08002113560959696
758,879,121,0.121,0.08296330744773149
784,892,108,0.108,0.08273889817297458
726,863,137,0.137,0.08991970973834396
778,889,111,0.111,0.08133174073509872
776,888,112,0.112,0.08075655077584087
784,892,108,0.108,0.07979329551756383
782,891,109,0.109,0.07264373760297894
758,879,121,0.121,0.0957934571299702
752,876,124,0.124,0.09876306382939219
692,846,154,0.154,0.10295387700200082
778,889,111,0.111,0.10376699751615524
782,891,109,0.109,0.08624624164775013
762,881,119,0.119,0.0840777134001255
696,848,152,0.152,0.08682370984181761
788,894,106,0.106,0.08226204036921263
748,874,126,0.126,0.10069813260063529
764,882,118,0.118,0.10068191916495561
774,887,113,0.113,0.09726474791765213
768,884,116,0.116,0.09332462988048792
758,879,121,0.121,0.07815680766664446
766,883,117,0.117,0.07795011938735842
778,889,111,0.111,0.08117830842174589
762,881,119,0.119,0.09003773288428783
746,873,127,0.127,0.10011305979825556
768,884,116,0.116,0.09394059837423265
772,886,114,0.114,0.090287214146927
750,875,125,0.125,0.08300381670333445
840,920,80,0.08,0.08047772504016756
748,874,126,0.126,0.09700174403749406
752,876,124,0.124,0.09710868766531348
704,852,148,0.148,0.10348555785417557
732,866,134,0.134,0.08427374251373113
814,907,93,0.093,0.07601968178525567
824,912,88,0.088,0.06980225600488484
820,910,90,0.09,0.06992511920258403
740,870,130,0.13,0.09954848565533757
762,881,119,0.119,0.10576873537898064
768,884,116,0.116,0.1092766565605998
766,883,117,0.117,0.11299985306337476
750,875,125,0.125,0.09243018420785666
760,880,120,0.12,0.08459322886168957
748,874,126,0.126,0.08412288626283407
762,881,119,0.119,0.08493242184817791
776,888,112,0.112,0.09538366197422146
698,849,151,0.151,0.09903780645504594
780,890,110,0.11,0.09439847769215703
796,898,102,0.102,0.09519764955714345
776,888,112,0.112,0.08991128593310714
746,873,127,0.127,0.10055460195243358
766,883,117,0.117,0.10217238680645824
742,871,129,0.129,0.10304569797590375
750,875,125,0.125,0.1014289769679308
756,878,122,0.122,0.09284226609393954
806,903,97,0.097,0.08900062618032098
758,879,121,0.121,0.09103889352083207
754,877,123,0.123,0.09022173060849309
768,884,116,0.116,0.09065274885669351
790,895,105,0.105,0.08848778095468879
824,912,88,0.088,0.08777033431082965
762,881,119,0.119,0.08399857328087092
808,904,96,0.096,0.08126973320916295
800,900,100,0.1,0.08002439796552062
760,880,120,0.12,0.08169030236825348
748,874,126,0.126,0.08210264169983565
840,920,80,0.08,0.08064148342981935
724,862,138,0.138,0.08841151379421354
804,902,98,0.098,0.08467163325473666
804,902,98,0.098,0.08836535167694091
804,902,98,0.098,0.08302285193279385
790,895,105,0.105,0.08418314772844314
766,883,117,0.117,0.08588519521988928
796,898,102,0.102,0.0829895423464477
828,914,86,0.086,0.08539492232725024
758,879,121,0.121,0.08853788558766246
774,887,113,0.113,0.08905277813598514
724,862,138,0.138,0.10622887409105897
756,878,122,0.122,0.12304407780990005
738,869,131,0.131,0.12627746734768153
724,862,138,0.138,0.1267319002300501
760,880,120,0.12,0.11024226903170348
776,888,112,0.112,0.09559801337867975
802,901,99,0.099,0.0939474022500217
746,873,127,0.127,0.09785448253527283
766,883,117,0.117,0.11139970773458481
732,866,134,0.134,0.12056422203779221
792,896,104,0.104,0.11672667253017426
770,885,115,0.115,0.11743297640234232
788,894,106,0.106,0.10038123367726803
760,880,120,0.12,0.09339847042411566
840,920,80,0.08,0.09040766612812877
732,866,134,0.134,0.09623449608683586
774,887,113,0.113,0.10007149891927838
768,884,116,0.116,0.1005344821959734
750,875,125,0.125,0.10238028099015355
840,920,80,0.08,0.1012516869828105
720,860,140,0.14,0.11256040968000888
796,898,102,0.102,0.11501894437894225
732,866,134,0.134,0.11637100569903851
822,911,89,0.089,0.10781397900730372
776,888,112,0.112,0.10597674994543195
746,873,127,0.127,0.10462257796898485
782,891,109,0.109,0.10245055587962269
714,857,143,0.143,0.10470091371238231
788,894,106,0.106,0.10236257653683424
728,864,136,0.136,0.11067237497866153
732,866,134,0.134,0.1110023762397468
768,884,116,0.116,0.11124945245683193
788,894,106,0.106,0.10632597019895912
762,881,119,0.119,0.10569967686757445
746,873,127,0.127,0.10620263360999524
718,859,141,0.141,0.10911797143891454
784,892,108,0.108,0.10557582320272922
792,896,104,0.104,0.09673025214672089
746,873,127,0.127,0.10108601215481758
754,877,123,0.123,0.10029730448126793
814,907,93,0.093,0.10301344547793269
684,842,158,0.158,0.12494331560656428
740,870,130,0.13,0.12955928936600686
804,902,98,0.098,0.12401577126979828
756,878,122,0.122,0.12558709602430462
732,866,134,0.134,0.11065142094716429
804,902,98,0.098,0.10428567122295498
774,887,113,0.113,0.1052468242906034
780,890,110,0.11,0.10669707536697387
730,865,135,0.135,0.12342599714547396
728,864,136,0.136,0.12808690983057022
764,882,118,0.118,0.12349962901324034
754,877,123,0.123,0.12728434530645608
746,873,127,0.127,0.11694331512600184
752,876,124,0.124,0.11140405923128129
772,886,114,0.114,0.10880853943526744
682,841,159,0.159,0.11463598516583443
768,884,116,0.116,0.1263010787293315
712,856,144,0.144,0.1293876144438982
758,879,121,0.121,0.12780465645343064
800,900,100,0.1,0.12238516914099455
768,884,116,0.116,0.10407288201153278
748,874,126,0.126,0.10040297835320235
802,901,99,0.099,0.09934453037381172
