log_avg_ept_score,log_avg_succ_req,log_avg_blk_req,log_avg_BP_req,log_avg_entropy
-88,456,544,0.544,3.9096299600601196
-62,469,531,0.531,3.9097938108444215
-86,457,543,0.543,3.9104612684249878
-104,448,552,0.552,3.9099522993564606
-42,479,521,0.521,3.9064337739944457
-60,470,530,0.53,3.9066359137892723
-138,431,569,0.569,3.909004058122635
-38,481,519,0.519,3.9104479093551636
-82,459,541,0.541,3.9103472204208374
-84,458,542,0.542,3.910173827648163
-14,493,507,0.507,3.9046958519291945
-28,486,514,0.514,3.9096014029979704
-58,471,529,0.529,3.909746646642685
-94,453,547,0.547,3.9062725137248635
-74,463,537,0.537,3.910147390842438
-50,475,525,0.525,3.910164229631424
-60,470,530,0.53,3.9071571373939515
-92,454,546,0.546,3.9090395052433013
-34,483,517,0.517,3.903719605088234
-88,456,544,0.544,3.905184597015381
-92,454,546,0.546,3.9095434122085573
-88,456,544,0.544,3.9087648632526397
-38,481,519,0.519,3.909604253053665
-72,464,536,0.536,3.909506420135498
-70,465,535,0.535,3.9078108215332032
-82,459,541,0.541,3.905724271297455
-88,456,544,0.544,3.9082845838069917
-42,479,521,0.521,3.90625240278244
-58,471,529,0.529,3.900141203224659
-66,467,533,0.533,3.9069167971611023
-96,452,548,0.548,3.9052319214344027
-16,492,508,0.508,3.9078311762809754
-80,460,540,0.54,3.8971590129137037
-78,461,539,0.539,3.895782202988863
-108,446,554,0.554,3.897549036026001
-32,484,516,0.516,3.8979166612625122
-168,416,584,0.584,3.899948334693909
-92,454,546,0.546,3.9010481922626496
-132,434,566,0.566,3.8971569225913845
-88,456,544,0.544,3.8910756650567055
-62,469,531,0.531,3.8877029566764834
-62,469,531,0.531,3.886582023382187
-44,478,522,0.522,3.8839583760300083
-48,476,524,0.524,3.8874521338939667
-100,450,550,0.55,3.8803849491821603
-14,493,507,0.507,3.8792204354316926
-18,491,509,0.509,3.866765548261971
4,502,498,0.498,3.8854239332675933
-64,468,532,0.532,3.8684587381923046
-12,494,506,0.506,3.874150444626808
-36,482,518,0.518,3.875056866135448
-32,484,516,0.516,3.862751982184127
-46,477,523,0.523,3.879909087896347
-34,483,517,0.517,3.873105868341867
-12,494,506,0.506,3.8763412652015687
-8,496,504,0.504,3.877163320302963
-10,495,505,0.505,3.8565627398490907
36,518,482,0.482,3.851864924201759
56,528,472,0.472,3.832767166815698
8,504,496,0.496,3.8487804108540296
40,520,480,0.48,3.8549999666213988
6,503,497,0.497,3.849831822991492
-20,490,510,0.51,3.855720024853945
-34,483,517,0.517,3.8484138263314964
-16,492,508,0.508,3.8532550978660582
24,512,488,0.488,3.845819876909256
12,506,494,0.494,3.842685358803719
4,502,498,0.498,3.8426715655326844
16,508,492,0.492,3.844893911123276
36,518,482,0.482,3.8413030603826046
-10,495,505,0.505,3.8454063118696213
14,507,493,0.493,3.8399592348337173
238,619,381,0.381,3.3000550597459077
344,672,328,0.328,3.1751888084432576
284,642,358,0.358,3.221889204752304
258,629,371,0.371,3.256007153518498
284,642,358,0.358,3.1887425210069016
242,621,379,0.379,3.134978902325034
328,664,336,0.336,3.092549457315705
358,679,321,0.321,3.0249656279279735
312,656,344,0.344,3.0639501863718035
274,637,363,0.363,3.0434773512482645
352,676,324,0.324,3.035012780174613
366,683,317,0.317,2.9700979561508847
316,658,342,0.342,2.976052045129749
328,664,336,0.336,2.999376106128097
314,657,343,0.343,2.979095054644742
290,645,355,0.355,2.959415011681733
624,812,188,0.188,1.5645683922171594
598,799,201,0.201,1.616760233938694
626,813,187,0.187,1.5523561421632768
686,843,157,0.157,1.525640692472458
652,826,174,0.174,1.506927708297968
656,828,172,0.172,1.541280183286639
614,807,193,0.193,1.6061136090308428
680,840,160,0.16,1.5678418798595666
666,833,167,0.167,1.3949359304519986
664,832,168,0.168,1.3740313773453237
706,853,147,0.147,1.3729093825966119
640,820,180,0.18,1.4019521185311605
674,837,163,0.163,1.4169658476561309
674,837,163,0.163,1.3835194131210446
646,823,177,0.177,1.3833689842370862
658,829,171,0.171,1.3558934082686902
596,798,202,0.202,0.9829509698562324
672,836,164,0.164,0.9323614964975423
710,855,145,0.145,0.964254095653072
684,842,158,0.158,0.924026511700824
702,851,149,0.149,0.8598289919867358
762,881,119,0.119,0.7765271517354995
686,843,157,0.157,0.9272549123081262
690,845,155,0.155,0.930256172735888
740,870,130,0.13,0.6177087237120163
726,863,137,0.137,0.6054639856366341
728,864,136,0.136,0.6554971617458887
734,867,133,0.133,0.5700624787467532
696,848,152,0.152,0.6369986904105172
724,862,138,0.138,0.6023734059600302
716,858,142,0.142,0.5780026758886888
716,858,142,0.142,0.6102950161974877
790,895,105,0.105,0.4125384501351372
802,901,99,0.099,0.37178048844262956
742,871,129,0.129,0.42619868824165313
722,861,139,0.139,0.3953749929211972
784,892,108,0.108,0.3165161041095853
806,903,97,0.097,0.33326838767979644
742,871,129,0.129,0.39777173557924456
768,884,116,0.116,0.41003044078036893
756,878,122,0.122,0.2864365142132335
754,877,123,0.123,0.3325114602297545
694,847,153,0.153,0.3004448162880581
680,840,160,0.16,0.343697506086191
686,843,157,0.157,0.36057427690440574
734,867,133,0.133,0.2953799144483055
786,893,107,0.107,0.2534260592979604
708,854,146,0.146,0.295131908995565
774,887,113,0.113,0.26294084641337395
734,867,133,0.133,0.305320386847161
742,871,129,0.129,0.2750442731626099
756,878,122,0.122,0.21609507784568757
754,877,123,0.123,0.2666366653426376
794,897,103,0.103,0.2658355103881895
802,901,99,0.099,0.21733783108741045
798,899,101,0.101,0.2580783580055577
678,839,161,0.161,0.2781041669743803
808,904,96,0.096,0.18594759570591124
750,875,125,0.125,0.22590065681689891
720,860,140,0.14,0.20051794597087427
774,887,113,0.113,0.1985191919025965
754,877,123,0.123,0.20298775869260244
710,855,145,0.145,0.19285746975173243
786,893,107,0.107,0.17584455905799404
692,846,154,0.154,0.2238059374593779
780,890,110,0.11,0.21210371741536074
736,868,132,0.132,0.17088258973835035
774,887,113,0.113,0.1747309081587009
786,893,107,0.107,0.19054220081144013
724,862,138,0.138,0.23095449715061114
836,918,82,0.082,0.13118247132748365
772,886,114,0.114,0.1816795548812952
760,880,120,0.12,0.1916427427335002
764,882,118,0.118,0.17874701199261472
768,884,116,0.116,0.18810299889535054
762,881,119,0.119,0.1984143817257136
784,892,108,0.108,0.19430048169998917
750,875,125,0.125,0.1729156439541436
762,881,119,0.119,0.17059257201617584
732,866,134,0.134,0.24894310576129064
782,891,109,0.109,0.16350727256410755
768,884,116,0.116,0.1557076918599196
772,886,114,0.114,0.1583672735310757
810,905,95,0.095,0.16087004784727468
740,870,130,0.13,0.17656252823406884
774,887,113,0.113,0.1815585342105481
772,886,114,0.114,0.1806757532125339
724,862,138,0.138,0.19029449666815343
742,871,129,0.129,0.19251363183200215
812,906,94,0.094,0.15755527292890475
782,891,109,0.109,0.16849504232534673
778,889,111,0.111,0.17350136190466584
762,881,119,0.119,0.1624809822239913
730,865,135,0.135,0.17678541455782742
736,868,132,0.132,0.1950586927602644
776,888,112,0.112,0.19459460683865473
692,846,154,0.154,0.20771000289265065
686,843,157,0.157,0.21032413196219568
780,890,110,0.11,0.14230950588174165
748,874,126,0.126,0.18803736023651868
750,875,125,0.125,0.14950141496397554
814,907,93,0.093,0.12990588289088345
732,866,134,0.134,0.2074774317741394
722,861,139,0.139,0.18206668681977317
732,866,134,0.134,0.1706440847589972
750,875,125,0.125,0.17111297983872964
708,854,146,0.146,0.19621293481229804
780,890,110,0.11,0.1702556638456881
798,899,101,0.101,0.11373603720928081
780,890,110,0.11,0.16504858608776704
772,886,114,0.114,0.15017279791645471
658,829,171,0.171,0.20433310677297414
708,854,146,0.146,0.16128634629934094
762,881,119,0.119,0.12485383652693668
734,867,133,0.133,0.15432295551795724
732,866,134,0.134,0.1595342701563472
732,866,134,0.134,0.1396271595246352
768,884,116,0.116,0.15254047067987267
792,896,104,0.104,0.13022092225053347
742,871,129,0.129,0.1298777434817166
698,849,151,0.151,0.14407452294070391
758,879,121,0.121,0.10828093422343954
778,889,111,0.111,0.10795473167499615
774,887,113,0.113,0.09860044125537389
726,863,137,0.137,0.11002038859499685
810,905,95,0.095,0.08256370659744426
822,911,89,0.089,0.11797104907315224
682,841,159,0.159,0.14782735004089773
788,894,106,0.106,0.09628067659353837
794,897,103,0.103,0.08672020519850777
730,865,135,0.135,0.09664189701207779
750,875,125,0.125,0.09166633877751258
732,866,134,0.134,0.08156140808010405
690,845,155,0.155,0.09099110443028621
780,890,110,0.11,0.09126158810759062
762,881,119,0.119,0.07569017792027444
708,854,146,0.146,0.09408067876018247
864,932,68,0.068,0.05512233945936896
756,878,122,0.122,0.07552160191652366
778,889,111,0.111,0.09286251503840322
736,868,132,0.132,0.07634090677626969
780,890,110,0.11,0.08485993202799
786,893,107,0.107,0.10144221837469376
740,870,130,0.13,0.08932450820688974
756,878,122,0.122,0.07286829882931489
782,891,109,0.109,0.07639758944488494
702,851,149,0.149,0.07870385164499749
802,901,99,0.099,0.06715009408490732
834,917,83,0.083,0.05852171498932876
780,890,110,0.11,0.057335616087075325
762,881,119,0.119,0.08390975286532193
810,905,95,0.095,0.06055258628661979
766,883,117,0.117,0.0663452264151856
756,878,122,0.122,0.06747924945759588
742,871,129,0.129,0.06418636377959047
768,884,116,0.116,0.07251940939947962
756,878,122,0.122,0.0583052462732885
788,894,106,0.106,0.06526516178878955
728,864,136,0.136,0.07532177311973647
712,856,144,0.144,0.08279688293719664
728,864,136,0.136,0.06829634665420643
728,864,136,0.136,0.08909361589491825
760,880,120,0.12,0.08118610746203922
802,901,99,0.099,0.06067736490670762
746,873,127,0.127,0.07649925906016108
768,884,116,0.116,0.07303941193333593
726,863,137,0.137,0.09541792521346361
754,877,123,0.123,0.07709618158527519
682,841,159,0.159,0.08299390443996528
696,848,152,0.152,0.07904774469797123
734,867,133,0.133,0.07552950015780516
738,869,131,0.131,0.08152799073182178
752,876,124,0.124,0.06362236043438316
722,861,139,0.139,0.06769685640888928
770,885,115,0.115,0.07348398108885158
774,887,113,0.113,0.07299492199195085
702,851,149,0.149,0.10219940361659974
770,885,115,0.115,0.06673357892765489
744,872,128,0.128,0.0661901597310789
808,904,96,0.096,0.04892576313269092
788,894,106,0.106,0.04573389672581107
752,876,124,0.124,0.06137704831501469
750,875,125,0.125,0.06928644619090482
746,873,127,0.127,0.059724090625881215
730,865,135,0.135,0.06429137270030333
746,873,127,0.127,0.060695998647250234
770,885,115,0.115,0.060041707271011546
736,868,132,0.132,0.07060668848474415
804,902,98,0.098,0.05110326049104333
738,869,131,0.131,0.07931159005494555
808,904,96,0.096,0.05974703219055664
752,876,124,0.124,0.0555184455237295
824,912,88,0.088,0.04986028724757489
760,880,120,0.12,0.049504067494533954
764,882,118,0.118,0.059723520704888414
830,915,85,0.085,0.047139512461435516
750,875,125,0.125,0.04856202563783154
770,885,115,0.115,0.055539485614980566
774,887,113,0.113,0.04860199820832349
734,867,133,0.133,0.053719871669309215
762,881,119,0.119,0.05073473375011235
710,855,145,0.145,0.0640475629515131
808,904,96,0.096,0.04686309543912905
752,876,124,0.124,0.048826638460741395
764,882,118,0.118,0.057680682456527466
740,870,130,0.13,0.041741361086969846
718,859,141,0.141,0.06017595075990539
778,889,111,0.111,0.04335303818889952
766,883,117,0.117,0.05088899759326887
800,900,100,0.1,0.039179256760185584
740,870,130,0.13,0.053551985671394506
850,925,75,0.075,0.03581445278634783
792,896,104,0.104,0.04474298693309538
770,885,115,0.115,0.04360309934255203
796,898,102,0.102,0.03560491904435913
798,899,101,0.101,0.03636338673625141
766,883,117,0.117,0.04070462204237721
712,856,144,0.144,0.05081839690362541
786,893,107,0.107,0.04455940446292516
750,875,125,0.125,0.05603849149652524
788,894,106,0.106,0.04674251954068677
804,902,98,0.098,0.03788710618502928
828,914,86,0.086,0.045972738968674105
692,846,154,0.154,0.05469126453807682
774,887,113,0.113,0.05310911129746819
766,883,117,0.117,0.05186841817735694
754,877,123,0.123,0.059363313958980146
762,881,119,0.119,0.049403897940646854
776,888,112,0.112,0.04580000875738915
768,884,116,0.116,0.038858862694934944
772,886,114,0.114,0.043549345755716784
760,880,120,0.12,0.04223492209711604
764,882,118,0.118,0.04061520026735207
798,899,101,0.101,0.046489522337143825
792,896,104,0.104,0.039068971908302046
722,861,139,0.139,0.05382462077960372
796,898,102,0.102,0.03808452260283957
764,882,118,0.118,0.0409299626000995
784,892,108,0.108,0.04058288379083388
770,885,115,0.115,0.04131106771994382
768,884,116,0.116,0.040980909842182896
756,878,122,0.122,0.04763629301026231
804,902,98,0.098,0.033505697942164264
764,882,118,0.118,0.038362804619362575
754,877,123,0.123,0.04673845102259777
832,916,84,0.084,0.032951175969878024
720,860,140,0.14,0.04546176575258255
762,881,119,0.119,0.05289858293383804
830,915,85,0.085,0.03967914962372743
776,888,112,0.112,0.05059729540743865
804,902,98,0.098,0.03803508129250258
754,877,123,0.123,0.048722129856035704
752,876,124,0.124,0.04181151145149488
788,894,106,0.106,0.04387978161626961
780,890,110,0.11,0.03993436823831871
784,892,108,0.108,0.05593871539189423
772,886,114,0.114,0.04586863488936798
666,833,167,0.167,0.05257724373687233
752,876,124,0.124,0.04889192164619453
810,905,95,0.095,0.03625241694794386
764,882,118,0.118,0.052091865616297583
812,906,94,0.094,0.04656429262469464
794,897,103,0.103,0.04265876046044286
708,854,146,0.146,0.051342557449825105
720,860,140,0.14,0.05300728706840891
812,906,94,0.094,0.03910259471838253
794,897,103,0.103,0.037358848661766385
740,870,130,0.13,0.046291893190556106
750,875,125,0.125,0.04294812725298107
774,887,113,0.113,0.044460310022695924
738,869,131,0.131,0.06422733188783661
790,895,105,0.105,0.04832399165967947
798,899,101,0.101,0.041281689168536105
742,871,129,0.129,0.04217103245231556
740,870,130,0.13,0.05312927399983165
828,914,86,0.086,0.03132190415484365
818,909,91,0.091,0.030925470373651478
780,890,110,0.11,0.03836351401545107
770,885,115,0.115,0.03719740835711127
782,891,109,0.109,0.02916511879011523
780,890,110,0.11,0.033013024915011895
716,858,142,0.142,0.050823615550471005
808,904,96,0.096,0.04104511227577559
758,879,121,0.121,0.0367111851425683
704,852,148,0.148,0.055192673843384214
764,882,118,0.118,0.04001470725627638
732,866,134,0.134,0.044571773482860476
774,887,113,0.113,0.03343736203154549
746,873,127,0.127,0.035302673103823505
798,899,101,0.101,0.036063000160163936
782,891,109,0.109,0.03260874280403368
720,860,140,0.14,0.036277875597364985
852,926,74,0.074,0.027286356839817033
718,859,141,0.141,0.04225053516891785
794,897,103,0.103,0.03142317334958352
728,864,136,0.136,0.032896602466369135
834,917,83,0.083,0.027643242920865306
760,880,120,0.12,0.03032741029735189
768,884,116,0.116,0.032093390631722285
776,888,112,0.112,0.04103174493405095
778,889,111,0.111,0.025993680837724242
780,890,110,0.11,0.022372498184675352
812,906,94,0.094,0.024095846303156577
712,856,144,0.144,0.0387687882566441
730,865,135,0.135,0.03196470834559295
754,877,123,0.123,0.034045371164658715
742,871,129,0.129,0.037813503802986814
706,853,147,0.147,0.0351902644129441
772,886,114,0.114,0.036886199390261026
804,902,98,0.098,0.033723116949317046
792,896,104,0.104,0.03021177777997218
760,880,120,0.12,0.036697217499805077
804,902,98,0.098,0.03023917390202405
752,876,124,0.124,0.03649969248848676
770,885,115,0.115,0.038354380189441144
730,865,135,0.135,0.03809393112652469
730,865,135,0.135,0.039757403503404946
790,895,105,0.105,0.03098819869372528
750,875,125,0.125,0.028733531074353776
722,861,139,0.139,0.03575456451106584
748,874,126,0.126,0.0436492391215231
738,869,131,0.131,0.036725014163646846
794,897,103,0.103,0.036714265810558575
826,913,87,0.087,0.02351907755539287
728,864,136,0.136,0.03893553936959007
722,861,139,0.139,0.0440267291192431
766,883,117,0.117,0.031252150780172086
754,877,123,0.123,0.032232219406289
796,898,102,0.102,0.030099817793292474
726,863,137,0.137,0.03392832346004454
748,874,126,0.126,0.039513712760293855
802,901,99,0.099,0.02805234666564503
734,867,133,0.133,0.04082732502499131
738,869,131,0.131,0.0335673286217027
796,898,102,0.102,0.030107668438518885
796,898,102,0.102,0.02767768463083101
784,892,108,0.108,0.03282578011087928
750,875,125,0.125,0.035059177386690864
812,906,94,0.094,0.030954213251825423
720,860,140,0.14,0.041819150856700286
766,883,117,0.117,0.032901865074699915
788,894,106,0.106,0.029737062136875464
708,854,146,0.146,0.04014890880202235
730,865,135,0.135,0.04104386953006917
752,876,124,0.124,0.04052794545534684
778,889,111,0.111,0.03609905707489817
732,866,134,0.134,0.04539258973486721
808,904,96,0.096,0.03955316149927251
686,843,157,0.157,0.04821436145971529
788,894,106,0.106,0.024832909476943315
700,850,150,0.15,0.04787168259549067
770,885,115,0.115,0.035143718592938966
714,857,143,0.143,0.04003133624928887
712,856,144,0.144,0.03062888156206465
814,907,93,0.093,0.02153439436480403
710,855,145,0.145,0.043457517593516966
804,902,98,0.098,0.024912776335142554
754,877,123,0.123,0.03286487705213949
794,897,103,0.103,0.029178380464727524
720,860,140,0.14,0.03653469504113309
756,878,122,0.122,0.028021155362017453
748,874,126,0.126,0.038640072614711245
810,905,95,0.095,0.028949534988470534
712,856,144,0.144,0.037062914396636185
776,888,112,0.112,0.025123258967301807
722,861,139,0.139,0.03358775171800518
692,846,154,0.154,0.04146689123706892
794,897,103,0.103,0.029202011703542554
750,875,125,0.125,0.027346289238925237
786,893,107,0.107,0.02142563088145107
742,871,129,0.129,0.03086305655509932
756,878,122,0.122,0.02506842382880859
808,904,96,0.096,0.02371642447519116
810,905,95,0.095,0.023422402944490186
668,834,166,0.166,0.0421859731732402
786,893,107,0.107,0.02565097370208241
764,882,118,0.118,0.03378679389813624
776,888,112,0.112,0.02690684399427846
764,882,118,0.118,0.02676617246140836
748,874,126,0.126,0.03230205409496557
814,907,93,0.093,0.01945622064593364
790,895,105,0.105,0.027573144954008286
712,856,144,0.144,0.024632477634372662
798,899,101,0.101,0.020918742931789892
810,905,95,0.095,0.02065770797955338
772,886,114,0.114,0.0250605601540301
740,870,130,0.13,0.0285537580133053
788,894,106,0.106,0.022067040259069474
772,886,114,0.114,0.027141274703338242
784,892,108,0.108,0.02137644642601707
730,865,135,0.135,0.03802168752218212
670,835,165,0.165,0.041652898908998086
794,897,103,0.103,0.025508931996067987
758,879,121,0.121,0.025588735474040745
764,882,118,0.118,0.024365555437281784
750,875,125,0.125,0.02949881132868177
782,891,109,0.109,0.022576694039609733
770,885,115,0.115,0.03589280791382771
778,889,111,0.111,0.027141429835488437
800,900,100,0.1,0.022591244672345055
726,863,137,0.137,0.03185912652396655
736,868,132,0.132,0.028230512308713516
734,867,133,0.133,0.03049124317972928
702,851,149,0.149,0.02761789293133188
744,872,128,0.128,0.029227258979401087
730,865,135,0.135,0.039056184735731934
730,865,135,0.135,0.04411041258054321
760,880,120,0.12,0.03562626716017284
766,883,117,0.117,0.03933844294742448
734,867,133,0.133,0.043113297086267266
762,881,119,0.119,0.04315430425177328
750,875,125,0.125,0.05425742601160891
708,854,146,0.146,0.04109043438616209
666,833,167,0.167,0.04734769080712978
766,883,117,0.117,0.043872070788034775
814,907,93,0.093,0.038590708068339155
776,888,112,0.112,0.03784812998100824
700,850,150,0.15,0.05090965317521477
698,849,151,0.151,0.04885993883587072
772,886,114,0.114,0.04631121474970132
750,875,125,0.125,0.0457067516845691
798,899,101,0.101,0.04278955077999993
788,894,106,0.106,0.040657866312656554
722,861,139,0.139,0.03558038671629038
754,877,123,0.123,0.025039631540479605
744,872,128,0.128,0.030188567724111635
794,897,103,0.103,0.027337138761300592
836,918,82,0.082,0.021907399812229413
758,879,121,0.121,0.022062510543473763
768,884,116,0.116,0.026173879934653088
760,880,120,0.12,0.026239660497638397
784,892,108,0.108,0.02070660182896245
772,886,114,0.114,0.023810382694764938
790,895,105,0.105,0.023463837018585763
788,894,106,0.106,0.02397649231972173
732,866,134,0.134,0.03175778872752562
754,877,123,0.123,0.027820300450053778
814,907,93,0.093,0.03406370036053704
718,859,141,0.141,0.036925971372635105
770,885,115,0.115,0.02425635021958442
756,878,122,0.122,0.029527485221537062
760,880,120,0.12,0.024185734410779505
764,882,118,0.118,0.026026230967021547
792,896,104,0.104,0.02754298249958083
780,890,110,0.11,0.024578219476709053
796,898,102,0.102,0.0231546394911129
736,868,132,0.132,0.03560420543863438
762,881,119,0.119,0.024878841392463075
768,884,116,0.116,0.028448626648860185
764,882,118,0.118,0.029627958539309475
802,901,99,0.099,0.0221380628865725
846,923,77,0.077,0.020808300160108047
808,904,96,0.096,0.0226333610820584
718,859,141,0.141,0.03269618667484929
768,884,116,0.116,0.027217611891799606
696,848,152,0.152,0.032586359449123845
824,912,88,0.088,0.01645963126714925
784,892,108,0.108,0.02631685842003209
796,898,102,0.102,0.02400406656719187
804,902,98,0.098,0.0201396593360696
726,863,137,0.137,0.029111850656801833
788,894,106,0.106,0.018317373492578923
780,890,110,0.11,0.02549269314075356
708,854,146,0.146,0.03683027547725214
814,907,93,0.093,0.020569752581533977
766,883,117,0.117,0.02489480344916228
810,905,95,0.095,0.021471098749267142
816,908,92,0.092,0.022780955610098318
784,892,108,0.108,0.020343884417321535
736,868,132,0.132,0.027381672433111817
746,873,127,0.127,0.029553429016843494
840,920,80,0.08,0.021127888622344472
804,902,98,0.098,0.025019037731523454
764,882,118,0.118,0.020527339038555525
808,904,96,0.096,0.02237769547314383
756,878,122,0.122,0.018408695211110198
788,894,106,0.106,0.022958188930992038
742,871,129,0.129,0.023756719939003232
784,892,108,0.108,0.02030431729194254
734,867,133,0.133,0.025764124026405624
766,883,117,0.117,0.025570076521777084
726,863,137,0.137,0.02609176424285397
812,906,94,0.094,0.016137848179756473
780,890,110,0.11,0.022734070859456394
700,850,150,0.15,0.027131115783355197
826,913,87,0.087,0.020431402177084237
798,899,101,0.101,0.021063890221150374
750,875,125,0.125,0.02393835277191829
806,903,97,0.097,0.017746872079109438
682,841,159,0.159,0.036965959290770116
790,895,105,0.105,0.01892876278748736
758,879,121,0.121,0.024963960679592005
762,881,119,0.119,0.023513746030104813
792,896,104,0.104,0.02445979941624684
798,899,101,0.101,0.018706654102833026
724,862,138,0.138,0.02712361566294467
780,890,110,0.11,0.02839322916569654
740,870,130,0.13,0.029313030303179402
700,850,150,0.15,0.03498113883484621
742,871,129,0.129,0.023647921471623704
816,908,92,0.092,0.01725517378997756
784,892,108,0.108,0.02155014022748867
794,897,103,0.103,0.017519423300807843
732,866,134,0.134,0.033324383449624295
788,894,106,0.106,0.025173509810489124
770,885,115,0.115,0.027573662534938193
734,867,133,0.133,0.02771864384091168
750,875,125,0.125,0.0264702342270175
706,853,147,0.147,0.036968493779889
804,902,98,0.098,0.02163116614035198
784,892,108,0.108,0.023256906537513715
790,895,105,0.105,0.02206911237159511
800,900,100,0.1,0.02160357768793257
760,880,120,0.12,0.021064491101773455
764,882,118,0.118,0.025115704094948385
696,848,152,0.152,0.025522022901147624
774,887,113,0.113,0.019787183563366867
810,905,95,0.095,0.02098140674061142
714,857,143,0.143,0.027911221561789715
796,898,102,0.102,0.022171355040063845
758,879,121,0.121,0.02418051123543955
798,899,101,0.101,0.020859346508281307
794,897,103,0.103,0.023991683086263947
742,871,129,0.129,0.027869553739205
752,876,124,0.124,0.028252332038831325
814,907,93,0.093,0.025305766335455702
760,880,120,0.12,0.027163903950713573
766,883,117,0.117,0.03846990211773664
742,871,129,0.129,0.03438345803786069
742,871,129,0.129,0.03875238878981327
740,870,130,0.13,0.029630440805689433
796,898,102,0.102,0.027826844840286868
730,865,135,0.135,0.035750366396969185
774,887,113,0.113,0.03288581705419347
804,902,98,0.098,0.04013092072762083
758,879,121,0.121,0.04178738419547521
764,882,118,0.118,0.02920952136768028
814,907,93,0.093,0.025668669586768375
692,846,154,0.154,0.03090435661413764
732,866,134,0.134,0.02527072038408369
768,884,116,0.116,0.025833940452896057
772,886,114,0.114,0.025053254872041877
768,884,116,0.116,0.02799140478600748
734,867,133,0.133,0.028981597665021865
770,885,115,0.115,0.026081683176613312
768,884,116,0.116,0.0335117589707952
762,881,119,0.119,0.02732352414330808
722,861,139,0.139,0.02839962056793955
772,886,114,0.114,0.02920801870506061
786,893,107,0.107,0.02578859054821078
790,895,105,0.105,0.02869188403710724
748,874,126,0.126,0.02619304849979916
746,873,127,0.127,0.029298673221022
792,896,104,0.104,0.028247515248648738
728,864,136,0.136,0.02809237284500706
762,881,119,0.119,0.028918711068690754
708,854,146,0.146,0.036003394003782885
698,849,151,0.151,0.028623452017127418
734,867,133,0.133,0.028487499211567156
768,884,116,0.116,0.02847638236487039
812,906,94,0.094,0.030575537626864404
782,891,109,0.109,0.023676645772648042
666,833,167,0.167,0.03493677969754847
794,897,103,0.103,0.02620343339064857
796,898,102,0.102,0.025547155255455933
742,871,129,0.129,0.025838542766364297
784,892,108,0.108,0.026982626799888748
768,884,116,0.116,0.027326708790613337
760,880,120,0.12,0.02970852204784751
824,912,88,0.088,0.02571849176706749
770,885,115,0.115,0.03635005702625495
810,905,95,0.095,0.0254304747430142
812,906,94,0.094,0.03180712701730234
728,864,136,0.136,0.03578371520126531
742,871,129,0.129,0.044224818272516134
766,883,117,0.117,0.03398730085757414
792,896,104,0.104,0.029339804230752633
772,886,114,0.114,0.029108506441829378
758,879,121,0.121,0.03493823291186709
772,886,114,0.114,0.035727157155562794
812,906,94,0.094,0.03062199075811077
760,880,120,0.12,0.03974597410939168
736,868,132,0.132,0.037216180927633104
744,872,128,0.128,0.03815102610796657
782,891,109,0.109,0.04097692189423833
792,896,104,0.104,0.04140369015384931
746,873,127,0.127,0.05130212049698457
722,861,139,0.139,0.04446692902722862
688,844,156,0.156,0.049274722012442
774,887,113,0.113,0.04114678135641212
742,871,129,0.129,0.04261705711530523
818,909,91,0.091,0.03550547850692313
812,906,94,0.094,0.03240720448142383
744,872,128,0.128,0.04343003766261973
714,857,143,0.143,0.04433033203263767
780,890,110,0.11,0.03141869469464291
752,876,124,0.124,0.03438660976657411
780,890,110,0.11,0.03559941885631999
728,864,136,0.136,0.04894953520892886
804,902,98,0.098,0.02935038671910297
816,908,92,0.092,0.020346457177540286
804,902,98,0.098,0.02411181742977351
750,875,125,0.125,0.034015213870732114
790,895,105,0.105,0.02418005835058284
740,870,130,0.13,0.043109159013722094
752,876,124,0.124,0.03044462158274837
742,871,129,0.129,0.03491558761370834
788,894,106,0.106,0.02766220774175599
782,891,109,0.109,0.02991573323868215
768,884,116,0.116,0.025442458456615
762,881,119,0.119,0.02270774725417141
736,868,132,0.132,0.031789407080505046
800,900,100,0.1,0.03104765377186416
812,906,94,0.094,0.022738284134538857
766,883,117,0.117,0.02828125417616684
790,895,105,0.105,0.022404467654647306
776,888,112,0.112,0.02363842539669737
710,855,145,0.145,0.031446205874436986
768,884,116,0.116,0.030141589180799216
780,890,110,0.11,0.027584532933310955
762,881,119,0.119,0.02589846909683547
792,896,104,0.104,0.02279813778699595
742,871,129,0.129,0.029777780561085706
762,881,119,0.119,0.027548788957996295
808,904,96,0.096,0.02975321266427035
720,860,140,0.14,0.03101666631823339
828,914,86,0.086,0.026180686517158408
802,901,99,0.099,0.0292418785977643
754,877,123,0.123,0.029642804192903
750,875,125,0.125,0.03446558874077165
740,870,130,0.13,0.03216027141571976
806,903,97,0.097,0.03685833909494511
770,885,115,0.115,0.02881299544021023
794,897,103,0.103,0.031192137909078155
762,881,119,0.119,0.03425111754938553
800,900,100,0.1,0.03277620970224961
782,891,109,0.109,0.02991708922944963
778,889,111,0.111,0.025280137670616567
726,863,137,0.137,0.03935143394980696
712,856,144,0.144,0.035429023645254916
746,873,127,0.127,0.03545785351138636
786,893,107,0.107,0.03437027680814208
762,881,119,0.119,0.037451135094743224
778,889,111,0.111,0.02966421547299251
792,896,104,0.104,0.025383425200190685
786,893,107,0.107,0.026256851872894914
822,911,89,0.089,0.028009236845886333
754,877,123,0.123,0.03364695950690657
772,886,114,0.114,0.03391924511571415
726,863,137,0.137,0.03465604765861225
746,873,127,0.127,0.037234916962683204
842,921,79,0.079,0.02047465395438725
758,879,121,0.121,0.033244016558659495
772,886,114,0.114,0.02994549449020998
806,903,97,0.097,0.025189194643110566
784,892,108,0.108,0.04005269994447009
834,917,83,0.083,0.02361191094041192
758,879,121,0.121,0.030477213746984488
836,918,82,0.082,0.024501852753106505
744,872,128,0.128,0.029964892805710405
742,871,129,0.129,0.02841216400474836
776,888,112,0.112,0.02519982248023143
778,889,111,0.111,0.025330934235011243
740,870,130,0.13,0.02176429037599155
772,886,114,0.114,0.030979884452885017
788,894,106,0.106,0.023985540824537622
784,892,108,0.108,0.026976843278040178
788,894,106,0.106,0.021234592264830866
688,844,156,0.156,0.03318956042799982
760,880,120,0.12,0.025387719274953837
764,882,118,0.118,0.02873565581493314
802,901,99,0.099,0.0238325735994149
734,867,133,0.133,0.02350769904367479
750,875,125,0.125,0.036763069045962764
722,861,139,0.139,0.03026982191973366
790,895,105,0.105,0.024726409735507347
694,847,153,0.153,0.040597783283563345
742,871,129,0.129,0.025169446900470432
770,885,115,0.115,0.027936257678666154
758,879,121,0.121,0.02941755182016641
762,881,119,0.119,0.028304155955554605
728,864,136,0.136,0.028777798451395938
734,867,133,0.133,0.034272511897322444
754,877,123,0.123,0.029086321151000447
788,894,106,0.106,0.022683658989412606
750,875,125,0.125,0.02868057982926257
686,843,157,0.157,0.029973863404244197
790,895,105,0.105,0.01717340513423552
742,871,129,0.129,0.029051888452726417
796,898,102,0.102,0.021901979088956865
724,862,138,0.138,0.027737404789426365
742,871,129,0.129,0.03223999114660546
752,876,124,0.124,0.03937520872420282
792,896,104,0.104,0.024819176941356234
724,862,138,0.138,0.03401685764617286
776,888,112,0.112,0.028156831969157792
770,885,115,0.115,0.02318026043486317
746,873,127,0.127,0.03463401653245091
706,853,147,0.147,0.03511193236848341
766,883,117,0.117,0.02644766864418193
762,881,119,0.119,0.024646954978146823
820,910,90,0.09,0.023180874438025058
768,884,116,0.116,0.02293943949509412
778,889,111,0.111,0.027302521687233836
776,888,112,0.112,0.023325251531554386
722,861,139,0.139,0.0305921415876453
720,860,140,0.14,0.02513812027138219
764,882,118,0.118,0.02595949236955495
742,871,129,0.129,0.024691401734096886
742,871,129,0.129,0.026535098754335195
704,852,148,0.148,0.03140071337597398
772,886,114,0.114,0.024872063024056843
816,908,92,0.092,0.02271743675856851
758,879,121,0.121,0.03205620793881826
788,894,106,0.106,0.02638045085221529
708,854,146,0.146,0.027766362501135747
774,887,113,0.113,0.032427230036119
728,864,136,0.136,0.024866535107139497
766,883,117,0.117,0.0276083627669141
760,880,120,0.12,0.029551717398528295
762,881,119,0.119,0.026624056440778077
818,909,91,0.091,0.025774185370091785
748,874,126,0.126,0.028777338181296956
796,898,102,0.102,0.024705968636088073
784,892,108,0.108,0.0234345187995327
778,889,111,0.111,0.021969599680043757
812,906,94,0.094,0.02441082866024226
756,878,122,0.122,0.03177640783338575
788,894,106,0.106,0.025681015774352247
730,865,135,0.135,0.030841080752580227
724,862,138,0.138,0.03109607740905541
758,879,121,0.121,0.026602924140635878
764,882,118,0.118,0.03004758097435115
716,858,142,0.142,0.02762146924924491
714,857,143,0.143,0.03049226025864499
804,902,98,0.098,0.02712175607716199
806,903,97,0.097,0.0269059145936626
796,898,102,0.102,0.03221631794632414
772,886,114,0.114,0.028688520998111925
740,870,130,0.13,0.027731835967395455
770,885,115,0.115,0.03251933654304594
750,875,125,0.125,0.028950815722615104
720,860,140,0.14,0.03245012434550881
788,894,106,0.106,0.02961410188721493
748,874,126,0.126,0.030442416956474375
764,882,118,0.118,0.027300619404646568
776,888,112,0.112,0.03625715036643669
734,867,133,0.133,0.02990713194862475
776,888,112,0.112,0.02561265563371127
790,895,105,0.105,0.0233615532588166
844,922,78,0.078,0.02476207642443478
728,864,136,0.136,0.03369233796379922
760,880,120,0.12,0.02270959967188537
774,887,113,0.113,0.028456032336522184
706,853,147,0.147,0.030223313992732755
800,900,100,0.1,0.024294638440187553
784,892,108,0.108,0.02495448291551655
722,861,139,0.139,0.03517994207685115
790,895,105,0.105,0.02812340129876975
758,879,121,0.121,0.030396801165537907
812,906,94,0.094,0.026176203669768496
770,885,115,0.115,0.029982685822622444
758,879,121,0.121,0.027619181216636222
754,877,123,0.123,0.03502862175367774
776,888,112,0.112,0.028269581601790775
730,865,135,0.135,0.032846582422494976
786,893,107,0.107,0.027951538608409463
770,885,115,0.115,0.03140937406472767
720,860,140,0.14,0.03170019088988192
744,872,128,0.128,0.033048183978282394
782,891,109,0.109,0.024071445674519056
668,834,166,0.166,0.044561443369167605
804,902,98,0.098,0.02904390782339033
788,894,106,0.106,0.02551517416700551
826,913,87,0.087,0.0236975476036896
810,905,95,0.095,0.025899757558697275
772,886,114,0.114,0.030155147908425647
770,885,115,0.115,0.028876412786863512
734,867,133,0.133,0.029250408586347476
764,882,118,0.118,0.026572095199953766
768,884,116,0.116,0.029425666500468593
810,905,95,0.095,0.02525855262249013
780,890,110,0.11,0.025132542759296484
756,878,122,0.122,0.030198138012992842
730,865,135,0.135,0.026098861388334456
710,855,145,0.145,0.028937880338635296
706,853,147,0.147,0.030034435543115252
770,885,115,0.115,0.02635363752746322
752,876,124,0.124,0.03189551353396018
754,877,123,0.123,0.03218311901250854
684,842,158,0.158,0.029818505505332722
720,860,140,0.14,0.0291746568461531
778,889,111,0.111,0.023612118419125736
760,880,120,0.12,0.026260858955870502
746,873,127,0.127,0.033809658757643773
760,880,120,0.12,0.02863701542735265
716,858,142,0.142,0.034541416638810815
812,906,94,0.094,0.023069423633627593
768,884,116,0.116,0.029112314254627562
738,869,131,0.131,0.030894760298455382
814,907,93,0.093,0.025799228834507373
782,891,109,0.109,0.0318619530759752
734,867,133,0.133,0.03596704205811032
712,856,144,0.144,0.04100670901459752
756,878,122,0.122,0.031479070620494896
722,861,139,0.139,0.030845117242470594
760,880,120,0.12,0.03202143428358249
708,854,146,0.146,0.03165772266953718
776,888,112,0.112,0.030895524783059954
706,853,147,0.147,0.03430942734639393
782,891,109,0.109,0.029773707472719253
812,906,94,0.094,0.02366623089765609
754,877,123,0.123,0.03218702530651356
806,903,97,0.097,0.026285867771658446
768,884,116,0.116,0.0344969836445962
696,848,152,0.152,0.03317271500498828
730,865,135,0.135,0.03846944754803553
798,899,101,0.101,0.030815460044395893
758,879,121,0.121,0.029575765981210055
736,868,132,0.132,0.03615943396508345
762,881,119,0.119,0.029157854740391485
788,894,106,0.106,0.028818650804809293
790,895,105,0.105,0.024659919645288027
804,902,98,0.098,0.02460382439790591
744,872,128,0.128,0.030690187816944686
724,862,138,0.138,0.025624373019963998
800,900,100,0.1,0.024078884355840272
718,859,141,0.141,0.03103778086602688
806,903,97,0.097,0.02463850280654151
740,870,130,0.13,0.021932524416624802
796,898,102,0.102,0.021954605160863137
804,902,98,0.098,0.023582543119174716
764,882,118,0.118,0.029167573430459014
726,863,137,0.137,0.03710843058286466
738,869,131,0.131,0.035364072616779596
706,853,147,0.147,0.028161908233421854
748,874,126,0.126,0.026909831639262846
772,886,114,0.114,0.022875587136833943
730,865,135,0.135,0.02593578152474947
776,888,112,0.112,0.026421521930087236
768,884,116,0.116,0.025960054246825195
742,871,129,0.129,0.023528281257196797
716,858,142,0.142,0.028338841377206662
766,883,117,0.117,0.02362792045774961
776,888,112,0.112,0.020619042047457542
738,869,131,0.131,0.027181580085810765
754,877,123,0.123,0.02053886174850051
780,890,110,0.11,0.022134776914019327
744,872,128,0.128,0.019920718099398074
742,871,129,0.129,0.024489979304446022
746,873,127,0.127,0.019307537914486615
770,885,115,0.115,0.022806034028879367
736,868,132,0.132,0.027337866640882568
774,887,113,0.113,0.021337045731721446
800,900,100,0.1,0.01807852988218943
778,889,111,0.111,0.019946729221099916
774,887,113,0.113,0.018239801468909717
738,869,131,0.131,0.019639289579470656
786,893,107,0.107,0.014971630175449434
756,878,122,0.122,0.01918139057687951
706,853,147,0.147,0.02929074567416683
646,823,177,0.177,0.027699964904135413
730,865,135,0.135,0.01916052693445363
814,907,93,0.093,0.01740098924432486
786,893,107,0.107,0.019435727620497344
740,870,130,0.13,0.02156615712950588
794,897,103,0.103,0.017331936098005086
800,900,100,0.1,0.015420854571057135
814,907,93,0.093,0.01516953160514096
806,903,97,0.097,0.017504837573986153
810,905,95,0.095,0.01798454352575938
798,899,101,0.101,0.014889915243606097
780,890,110,0.11,0.015684050634095913
768,884,116,0.116,0.01939134854229633
704,852,148,0.148,0.02572923502186741
794,897,103,0.103,0.016717816913151183
724,862,138,0.138,0.0200993157259188
780,890,110,0.11,0.01974371591908857
778,889,111,0.111,0.01889155269070761
742,871,129,0.129,0.02252381866925862
798,899,101,0.101,0.0180027214471193
814,907,93,0.093,0.018263255444704554
814,907,93,0.093,0.018898203157470563
784,892,108,0.108,0.014940473102149554
786,893,107,0.107,0.02102171644754708
724,862,138,0.138,0.02171984194446122
754,877,123,0.123,0.019976653068559246
846,923,77,0.077,0.012276612510439008
700,850,150,0.15,0.022332340845842482
798,899,101,0.101,0.013760754291957724
720,860,140,0.14,0.01829302694399236
752,876,124,0.124,0.020940032122074625
772,886,114,0.114,0.02225759368553554
736,868,132,0.132,0.020221500582827956
786,893,107,0.107,0.017868812916305644
822,911,89,0.089,0.017900249808837997
762,881,119,0.119,0.016798965438152662
764,882,118,0.118,0.019412822264244737
744,872,128,0.128,0.02279383975454766
728,864,136,0.136,0.020779106316855176
698,849,151,0.151,0.017485036725120154
790,895,105,0.105,0.01637404970804346
796,898,102,0.102,0.017504597541410476
750,875,125,0.125,0.025256048308103345
752,876,124,0.124,0.019245581363177236
760,880,120,0.12,0.020380345593443053
764,882,118,0.118,0.019224929734366028
784,892,108,0.108,0.018566490962402895
744,872,128,0.128,0.018926079464610664
798,899,101,0.101,0.015956789761525213
806,903,97,0.097,0.01715773214044748
848,924,76,0.076,0.012410541419892979
728,864,136,0.136,0.02029275459132623
756,878,122,0.122,0.021698526656546164
708,854,146,0.146,0.02535112514320258
816,908,92,0.092,0.015288226942531765
816,908,92,0.092,0.01450381625738352
748,874,126,0.126,0.024047405386576428
716,858,142,0.142,0.01838293336228503
780,890,110,0.11,0.017296485100465362
762,881,119,0.119,0.02200083670532331
804,902,98,0.098,0.0185002386913402
792,896,104,0.104,0.015786381523008458
766,883,117,0.117,0.0181460360822432
748,874,126,0.126,0.02270367043718399
710,855,145,0.145,0.020690078650525592
784,892,108,0.108,0.01631364444376196
700,850,150,0.15,0.02346489996020682
760,880,120,0.12,0.021682340982719324
750,875,125,0.125,0.01799836745020002
794,897,103,0.103,0.018891177919635082
722,861,139,0.139,0.01615913782187272
724,862,138,0.138,0.023761295655198453
796,898,102,0.102,0.013505074688699124
760,880,120,0.12,0.016246132065803977
756,878,122,0.122,0.016643781963794083
790,895,105,0.105,0.012440465824445709
762,881,119,0.119,0.01939104821777437
712,856,144,0.144,0.017809607071385698
796,898,102,0.102,0.013201689028523176
786,893,107,0.107,0.015575741508785598
838,919,81,0.081,0.011171947905015259
732,866,134,0.134,0.013712435405672295
758,879,121,0.121,0.016455661243293434
762,881,119,0.119,0.019284112363529872
760,880,120,0.12,0.01473763772239728
718,859,141,0.141,0.014876252053531061
770,885,115,0.115,0.012757200363732452
772,886,114,0.114,0.015000001023872755
780,890,110,0.11,0.011139826139464275
790,895,105,0.105,0.012038192474457915
740,870,130,0.13,0.016721407622531857
774,887,113,0.113,0.01673543740966886
738,869,131,0.131,0.0164458552903331
734,867,133,0.133,0.018115581550693604
742,871,129,0.129,0.019274805272063163
686,843,157,0.157,0.01994915981774102
822,911,89,0.089,0.012330258215697555
796,898,102,0.102,0.013731200256628653
852,926,74,0.074,0.010744347497005946
736,868,132,0.132,0.014682514811647706
718,859,141,0.141,0.017732204373056105
762,881,119,0.119,0.011700811159680597
806,903,97,0.097,0.012537902153440342
788,894,106,0.106,0.012316523984773085
770,885,115,0.115,0.01361688418709673
686,843,157,0.157,0.01827324650704398
784,892,108,0.108,0.012991954076103297
756,878,122,0.122,0.01574188539449824
714,857,143,0.143,0.017175724624896332
762,881,119,0.119,0.01198332881531678
830,915,85,0.085,0.009815453337447608
732,866,134,0.134,0.015557072157505899
756,878,122,0.122,0.012015507794916629
764,882,118,0.118,0.016083319863770172
800,900,100,0.1,0.013554897196925594
824,912,88,0.088,0.011770371794700623
762,881,119,0.119,0.013460159317532088
812,906,94,0.094,0.009443384043115656
776,888,112,0.112,0.015647225910929093
800,900,100,0.1,0.011529122046835255
762,881,119,0.119,0.01883935386519913
788,894,106,0.106,0.01032705366485243
794,897,103,0.103,0.013807383187580853
716,858,142,0.142,0.013857485507731327
766,883,117,0.117,0.011976054323778967
804,902,98,0.098,0.01036319503989273
756,878,122,0.122,0.01435663343433022
798,899,101,0.101,0.011206513530953102
740,870,130,0.13,0.013808856231858953
754,877,123,0.123,0.012881023009689671
760,880,120,0.12,0.013867835745113454
790,895,105,0.105,0.011210169490959288
798,899,101,0.101,0.009281903180119115
810,905,95,0.095,0.010267809112789109
814,907,93,0.093,0.009900249778409488
746,873,127,0.127,0.014226091889457735
770,885,115,0.115,0.009736357906193007
810,905,95,0.095,0.013163861510107068
766,883,117,0.117,0.015707185036071367
740,870,130,0.13,0.011951983163278796
746,873,127,0.127,0.012186937329475768
812,906,94,0.094,0.011160423364315648
744,872,128,0.128,0.015757522003354098
788,894,106,0.106,0.015869538410683164
870,935,65,0.065,0.008055753685825038
752,876,124,0.124,0.010254199315444567
780,890,110,0.11,0.014035665736591908
730,865,135,0.135,0.012208532254518815
796,898,102,0.102,0.010478617328422842
756,878,122,0.122,0.009885907241704416
788,894,106,0.106,0.010244016676501815
774,887,113,0.113,0.010447433158435174
734,867,133,0.133,0.010273464499223338
768,884,116,0.116,0.011880647505167872
720,860,140,0.14,0.013713024209311697
782,891,109,0.109,0.008604968897707295
798,899,101,0.101,0.010609214872969048
764,882,118,0.118,0.012094435348175466
756,878,122,0.122,0.009778096217254643
728,864,136,0.136,0.015532589705424968
786,893,107,0.107,0.01008292881781199
738,869,131,0.131,0.013797615160843777
740,870,130,0.13,0.015987613913428518
816,908,92,0.092,0.010835174704028758
812,906,94,0.094,0.011254242581024301
686,843,157,0.157,0.015003209229500498
676,838,162,0.162,0.014219453924167737
768,884,116,0.116,0.011986870529536191
768,884,116,0.116,0.01328531201162832
716,858,142,0.142,0.014459672397417307
762,881,119,0.119,0.011860079570440576
798,899,101,0.101,0.012013497445850731
770,885,115,0.115,0.012081385913188584
818,909,91,0.091,0.013764618942664284
780,890,110,0.11,0.01089379132637987
722,861,139,0.139,0.013300193303432024
802,901,99,0.099,0.008008434713781752
780,890,110,0.11,0.010776540732129348
732,866,134,0.134,0.01210859664401505
740,870,130,0.13,0.0132678379458347
816,908,92,0.092,0.010165793939435475
730,865,135,0.135,0.013093941241619177
790,895,105,0.105,0.01030786200703922
710,855,145,0.145,0.012279603196715528
740,870,130,0.13,0.011202371964100167
740,870,130,0.13,0.013443935244142082
784,892,108,0.108,0.010249326626285794
700,850,150,0.15,0.016792831714614296
830,915,85,0.085,0.008223568342269586
828,914,86,0.086,0.010396671930488082
784,892,108,0.108,0.009019139689771692
724,862,138,0.138,0.010686419220197422
790,895,105,0.105,0.011194827201368752
726,863,137,0.137,0.0127917644046247
758,879,121,0.121,0.010007809072760736
766,883,117,0.117,0.009160925213072914
782,891,109,0.109,0.011788552318903385
776,888,112,0.112,0.010278317420027137
786,893,107,0.107,0.009842147574876435
780,890,110,0.11,0.010416918566717427
770,885,115,0.115,0.013835933470196323
770,885,115,0.115,0.009933859030134044
732,866,134,0.134,0.012548797680239658
722,861,139,0.139,0.013232883511227556
788,894,106,0.106,0.01358437353179086
754,877,123,0.123,0.015400854790932499
788,894,106,0.106,0.01396771631655183
768,884,116,0.116,0.012368009300367732
764,882,118,0.118,0.015672826549256568
800,900,100,0.1,0.009814345367369241
726,863,137,0.137,0.017544434191652625
766,883,117,0.117,0.011350116094923578
836,918,82,0.082,0.009322353180556093
770,885,115,0.115,0.011634615092974854
718,859,141,0.141,0.012587919242068892
728,864,136,0.136,0.013210655541755855
768,884,116,0.116,0.011426065379317151
748,874,126,0.126,0.015304574497742578
740,870,130,0.13,0.011397081982169766
764,882,118,0.118,0.016362711279512807
726,863,137,0.137,0.01584185304894345
810,905,95,0.095,0.01425014893108073
742,871,129,0.129,0.015122717570746331
796,898,102,0.102,0.013544842199196865
734,867,133,0.133,0.014759008104796521
748,874,126,0.126,0.014791250378995755
804,902,98,0.098,0.011295663612079806
800,900,100,0.1,0.009529315249528736
706,853,147,0.147,0.019313980580831412
746,873,127,0.127,0.012158638432214501
758,879,121,0.121,0.016128737554652616
742,871,129,0.129,0.01625284275010692
780,890,110,0.11,0.012939880158867708
736,868,132,0.132,0.016523766292608356
738,869,131,0.131,0.012076903835601114
768,884,116,0.116,0.011049776464453317
750,875,125,0.125,0.011580038782034535
800,900,100,0.1,0.009164524500763946
776,888,112,0.112,0.013059496677014991
782,891,109,0.109,0.013995545637822944
756,878,122,0.122,0.011749583376300861
774,887,113,0.113,0.011047520048741717
748,874,126,0.126,0.011997904344490976
790,895,105,0.105,0.010335482794553442
748,874,126,0.126,0.013659106755192624
784,892,108,0.108,0.011141695077531039
768,884,116,0.116,0.010700983540154994
734,867,133,0.133,0.013282757115579443
782,891,109,0.109,0.0110059782765602
794,897,103,0.103,0.010327657588059083
786,893,107,0.107,0.010678983019082822
776,888,112,0.112,0.011033098578220234
764,882,118,0.118,0.010536976326373406
834,917,83,0.083,0.010659420430227783
662,831,169,0.169,0.016292506795580267
740,870,130,0.13,0.013460900509155181
762,881,119,0.119,0.011759735639381689
738,869,131,0.131,0.013192151201902562
760,880,120,0.12,0.009647577580246433
818,909,91,0.091,0.010074451506448711
784,892,108,0.108,0.013592597537453002
690,845,155,0.155,0.01310803250896123
772,886,114,0.114,0.009460971367079764
778,889,111,0.111,0.011437698639498919
790,895,105,0.105,0.009765102376462892
764,882,118,0.118,0.012270628254511393
748,874,126,0.126,0.010843414067931007
754,877,123,0.123,0.010531070722006916
774,887,113,0.113,0.01205178025990608
782,891,109,0.109,0.010400280610211667
772,886,114,0.114,0.011285373506502267
740,870,130,0.13,0.01303737102198464
800,900,100,0.1,0.0109630035739101
770,885,115,0.115,0.013760781397924617
702,851,149,0.149,0.016284661347279326
790,895,105,0.105,0.011762711706163827
782,891,109,0.109,0.012447271676501259
722,861,139,0.139,0.012670248816357343
800,900,100,0.1,0.00870318430388579
758,879,121,0.121,0.013192574645741842
762,881,119,0.119,0.01515965374608642
746,873,127,0.127,0.010799982575687352
776,888,112,0.112,0.011678667940068409
708,854,146,0.146,0.01709430901770247
734,867,133,0.133,0.013129183496738278
780,890,110,0.11,0.01077901825980736
760,880,120,0.12,0.013849429610927473
786,893,107,0.107,0.011368727205262986
748,874,126,0.126,0.011723681938659865
796,898,102,0.102,0.012765711178479251
766,883,117,0.117,0.01352094906114644
752,876,124,0.124,0.015634808474893375
792,896,104,0.104,0.01046907734065772
774,887,113,0.113,0.011500519038207145
732,866,134,0.134,0.0165488732882078
808,904,96,0.096,0.009814181814969417
776,888,112,0.112,0.010613081756448083
790,895,105,0.105,0.013775391571345693
754,877,123,0.123,0.013061441891244613
758,879,121,0.121,0.013980339872883633
750,875,125,0.125,0.010825619551123395
770,885,115,0.115,0.010785876460315208
798,899,101,0.101,0.009630058767914307
832,916,84,0.084,0.008849131921713707
730,865,135,0.135,0.013775592182646505
788,894,106,0.106,0.009740379565303556
746,873,127,0.127,0.011098636437057394
810,905,95,0.095,0.00991779800935184
752,876,124,0.124,0.011077191478718305
800,900,100,0.1,0.009313023361822076
756,878,122,0.122,0.012204159771921751
810,905,95,0.095,0.006887628492899253
770,885,115,0.115,0.008872653569618706
774,887,113,0.113,0.009728163365226862
790,895,105,0.105,0.01129053924442269
782,891,109,0.109,0.010971427031827389
784,892,108,0.108,0.011354892003793794
760,880,120,0.12,0.011861669911289141
846,923,77,0.077,0.0075328513778052724
778,889,111,0.111,0.011118549230828662
710,855,145,0.145,0.015202844442246715
800,900,100,0.1,0.008844923489581574
786,893,107,0.107,0.012003747519091121
768,884,116,0.116,0.012155031987815163
734,867,133,0.133,0.01032107557951531
764,882,118,0.118,0.013800520745455288
758,879,121,0.121,0.012728036226471886
798,899,101,0.101,0.007413669236052243
762,881,119,0.119,0.014001263648679015
750,875,125,0.125,0.012645455626185253
746,873,127,0.127,0.009925746438791976
776,888,112,0.112,0.018820892421230383
754,877,123,0.123,0.01453695817827247
782,891,109,0.109,0.015191883562973487
724,862,138,0.138,0.018412576603353954
778,889,111,0.111,0.01055872544113663
776,888,112,0.112,0.010691914611379616
696,848,152,0.152,0.017052741929823242
758,879,121,0.121,0.014696203815938162
768,884,116,0.116,0.013506000037204815
770,885,115,0.115,0.014106505328440107
688,844,156,0.156,0.017279447937182356
738,869,131,0.131,0.010913869405332661
796,898,102,0.102,0.01205936631106306
774,887,113,0.113,0.011311693673306308
738,869,131,0.131,0.015232055467902683
714,857,143,0.143,0.015965002856130027
752,876,124,0.124,0.011794459570352729
826,913,87,0.087,0.011101570701692253
728,864,136,0.136,0.014704253768577473
748,874,126,0.126,0.016773153594069796
732,866,134,0.134,0.02136117853736505
754,877,123,0.123,0.014825540267186368
762,881,119,0.119,0.01459716700768331
692,846,154,0.154,0.017572840604261727
716,858,142,0.142,0.016412761851872345
740,870,130,0.13,0.019492046123486942
732,866,134,0.134,0.016281901362352073
738,869,131,0.131,0.01829056198464241
742,871,129,0.129,0.016106383952777834
740,870,130,0.13,0.016856821296096315
764,882,118,0.118,0.018058537918084767
768,884,116,0.116,0.014158783089183004
726,863,137,0.137,0.013743927527801148
784,892,108,0.108,0.015635080500282287
730,865,135,0.135,0.015540917360049207
842,921,79,0.079,0.010026677791851398
722,861,139,0.139,0.013815470054214529
700,850,150,0.15,0.018751093967800385
740,870,130,0.13,0.014822677344684053
776,888,112,0.112,0.017619850212337043
768,884,116,0.116,0.01291838468768401
752,876,124,0.124,0.01498939798220161
774,887,113,0.113,0.01321888128039427
696,848,152,0.152,0.020413536692989454
780,890,110,0.11,0.015551507156807929
784,892,108,0.108,0.016040556782141037
758,879,121,0.121,0.016885619630338623
768,884,116,0.116,0.01173266037338182
766,883,117,0.117,0.013529619029633977
784,892,108,0.108,0.015164233212197174
778,889,111,0.111,0.015802738582366145
746,873,127,0.127,0.016062423041905277
808,904,96,0.096,0.01822511609821744
682,841,159,0.159,0.020235564983210438
772,886,114,0.114,0.013814644491765648
708,854,146,0.146,0.018331542363855986
750,875,125,0.125,0.017689456064254046
768,884,116,0.116,0.014804138381383381
754,877,123,0.123,0.015689905832638032
736,868,132,0.132,0.017185280778461064
744,872,128,0.128,0.017621871602139436
780,890,110,0.11,0.015612141650752165
740,870,130,0.13,0.014804318131878986
790,895,105,0.105,0.013701352933858388
730,865,135,0.135,0.016836976280744737
792,896,104,0.104,0.012444633179402488
680,840,160,0.16,0.018977004734915683
746,873,127,0.127,0.017121170180791522
790,895,105,0.105,0.018099557867390103
718,859,141,0.141,0.022406786242965607
800,900,100,0.1,0.013444624713098194
740,870,130,0.13,0.015634286206995526
776,888,112,0.112,0.015749787305550853
778,889,111,0.111,0.012036940973252058
768,884,116,0.116,0.019088239874807185
810,905,95,0.095,0.012236105216667056
788,894,106,0.106,0.013992891625990296
694,847,153,0.153,0.018907223826316114
820,910,90,0.09,0.012704428639844991
750,875,125,0.125,0.015402519158205905
808,904,96,0.096,0.013388757461216315
774,887,113,0.113,0.013555238562970771
776,888,112,0.112,0.010840333373751492
774,887,113,0.113,0.014099769307125825
786,893,107,0.107,0.014967414443963207
766,883,117,0.117,0.016460622071987018
706,853,147,0.147,0.014384371278936768
812,906,94,0.094,0.012587372840149328
746,873,127,0.127,0.01692057965270942
804,902,98,0.098,0.014739741818903496
730,865,135,0.135,0.015382045761682122
674,837,163,0.163,0.024608261478286323
744,872,128,0.128,0.01794969478282428
770,885,115,0.115,0.013823378026107107
756,878,122,0.122,0.015730199885848464
784,892,108,0.108,0.015334662882222816
852,926,74,0.074,0.010127262178575635
772,886,114,0.114,0.014629487615544348
778,889,111,0.111,0.017560745796072325
722,861,139,0.139,0.017780664486577735
702,851,149,0.149,0.01944956087088214
796,898,102,0.102,0.014555312551790848
752,876,124,0.124,0.012273590732482261
682,841,159,0.159,0.02731888964466907
782,891,109,0.109,0.012719835353433155
792,896,104,0.104,0.016053686234485696
710,855,145,0.145,0.015762549603474327
772,886,114,0.114,0.021716271156794392
802,901,99,0.099,0.013083766025141826
736,868,132,0.132,0.016967217643745244
738,869,131,0.131,0.018475807623530287
800,900,100,0.1,0.016403813753255832
778,889,111,0.111,0.015261780600591678
786,893,107,0.107,0.015346838260884411
734,867,133,0.133,0.016011484601767732
736,868,132,0.132,0.01481050851906184
836,918,82,0.082,0.015442453850293532
814,907,93,0.093,0.0123635311932303
756,878,122,0.122,0.014802700605156148
782,891,109,0.109,0.013287545110331849
802,901,99,0.099,0.015759042461577336
742,871,129,0.129,0.014362514738228171
792,896,104,0.104,0.014508077179605608
734,867,133,0.133,0.018032236641738565
772,886,114,0.114,0.016636303497951303
728,864,136,0.136,0.018006368284812196
768,884,116,0.116,0.017261342008398073
786,893,107,0.107,0.01590272460237611
830,915,85,0.085,0.014084641766909043
712,856,144,0.144,0.019679846582235767
720,860,140,0.14,0.01771481994342139
782,891,109,0.109,0.014660517885265463
794,897,103,0.103,0.014398808736965918
758,879,121,0.121,0.019157095825241412
818,909,91,0.091,0.01276551381744062
740,870,130,0.13,0.019303938569151795
710,855,145,0.145,0.01980041553231422
760,880,120,0.12,0.0152073623739998
774,887,113,0.113,0.013946288405115083
782,891,109,0.109,0.016557647214503958
808,904,96,0.096,0.017128173782781232
786,893,107,0.107,0.01462196348245925
766,883,117,0.117,0.013093126519350335
802,901,99,0.099,0.014462537337152753
756,878,122,0.122,0.015123806607793085
786,893,107,0.107,0.017556996678526046
794,897,103,0.103,0.01287082124169683
760,880,120,0.12,0.015951605575857685
776,888,112,0.112,0.015625608305301283
736,868,132,0.132,0.017537662471528166
780,890,110,0.11,0.016758792795285075
740,870,130,0.13,0.01648750590121199
736,868,132,0.132,0.01659252665696863
728,864,136,0.136,0.017173098324725446
754,877,123,0.123,0.017039032679633238
736,868,132,0.132,0.01480085296012112
764,882,118,0.118,0.013491725666215643
780,890,110,0.11,0.018187771466211415
762,881,119,0.119,0.019148401484359055
692,846,154,0.154,0.020862259827787055
794,897,103,0.103,0.014985797998562334
790,895,105,0.105,0.01682083292922471
776,888,112,0.112,0.015409053575054713
840,920,80,0.08,0.01182467328524217
818,909,91,0.091,0.010569047957542366
760,880,120,0.12,0.012759535940334644
770,885,115,0.115,0.01204995112044891
770,885,115,0.115,0.01308721203567076
768,884,116,0.116,0.014470822594536017
736,868,132,0.132,0.018512259988372533
692,846,154,0.154,0.013155154871346341
820,910,90,0.09,0.010067169903995818
772,886,114,0.114,0.01188345820545328
738,869,131,0.131,0.012896202832141995
710,855,145,0.145,0.01986854933644645
802,901,99,0.099,0.015013125524995672
796,898,102,0.102,0.015526213814504445
770,885,115,0.115,0.015855073135753628
732,866,134,0.134,0.02000551287363305
756,878,122,0.122,0.018075579210184513
778,889,111,0.111,0.02592894742176577
708,854,146,0.146,0.02008743144143659
780,890,110,0.11,0.01532882024224682
754,877,123,0.123,0.01778885727646157
744,872,128,0.128,0.021030872589210048
780,890,110,0.11,0.01771524113684427
788,894,106,0.106,0.02018950915464674
708,854,146,0.146,0.022106655490235425
698,849,151,0.151,0.022334589606965893
758,879,121,0.121,0.019718998506694334
772,886,114,0.114,0.021059679420396337
782,891,109,0.109,0.019737219192087666
772,886,114,0.114,0.017733891365234754
814,907,93,0.093,0.015634463502793537
754,877,123,0.123,0.017697577449478558
830,915,85,0.085,0.010864060281659477
752,876,124,0.124,0.020395383717399056
756,878,122,0.122,0.017146181904390687
748,874,126,0.126,0.01749403611272943
732,866,134,0.134,0.01967644457053393
794,897,103,0.103,0.01481599325418938
814,907,93,0.093,0.014441726964636473
794,897,103,0.103,0.014926639165665194
710,855,145,0.145,0.023022317505914543
758,879,121,0.121,0.02439611381505155
722,861,139,0.139,0.02599144663941115
720,860,140,0.14,0.019013280141014548
768,884,116,0.116,0.015456837360354256
800,900,100,0.1,0.019126006684615292
766,883,117,0.117,0.021649317133149465
804,902,98,0.098,0.01265123045163638
756,878,122,0.122,0.017950802886698695
794,897,103,0.103,0.017909141086391186
740,870,130,0.13,0.022490456307656132
812,906,94,0.094,0.017518813215661795
786,893,107,0.107,0.017798979618470198
752,876,124,0.124,0.01922944649204146
768,884,116,0.116,0.02302314943940212
712,856,144,0.144,0.023459349970449694
752,876,124,0.124,0.023865960377967
790,895,105,0.105,0.018715302024997073
800,900,100,0.1,0.01859784393188039
778,889,111,0.111,0.019686381553990943
758,879,121,0.121,0.02161407418246381
778,889,111,0.111,0.017930879575316794
722,861,139,0.139,0.02132901796169827
744,872,128,0.128,0.020480474134674295
776,888,112,0.112,0.01969009478885016
718,859,141,0.141,0.026671793884714134
704,852,148,0.148,0.02434532911540009
748,874,126,0.126,0.024034821989829654
762,881,119,0.119,0.018705292687900766
768,884,116,0.116,0.023627650218317284
748,874,126,0.126,0.026789933748426847
754,877,123,0.123,0.020630229532718657
728,864,136,0.136,0.02067135559410616
772,886,114,0.114,0.02123387289783659
794,897,103,0.103,0.024335365996346822
682,841,159,0.159,0.03044704442645889
750,875,125,0.125,0.020751851583714596
776,888,112,0.112,0.02108153567498084
768,884,116,0.116,0.021130428032633063
746,873,127,0.127,0.023384356056107208
736,868,132,0.132,0.023015753022627906
796,898,102,0.102,0.020761675512068905
734,867,133,0.133,0.024529775022469762
714,857,143,0.143,0.024967218379500992
714,857,143,0.143,0.023729514885606477
696,848,152,0.152,0.02273289319678952
780,890,110,0.11,0.021086439920847737
808,904,96,0.096,0.01928223493648693
776,888,112,0.112,0.020153805370791828
812,906,94,0.094,0.016439035845454784
848,924,76,0.076,0.019045338192489
804,902,98,0.098,0.027455221842858007
772,886,114,0.114,0.025726648266242207
764,882,118,0.118,0.024678611832903697
812,906,94,0.094,0.017973392518295443
794,897,103,0.103,0.014871307354420424
814,907,93,0.093,0.017813756419578566
740,870,130,0.13,0.02167756518779788
688,844,156,0.156,0.029869091985281558
752,876,124,0.124,0.02162804490374404
814,907,93,0.093,0.018835669061196315
808,904,96,0.096,0.020084690924268216
728,864,136,0.136,0.030302367741824158
792,896,104,0.104,0.024344814870040865
776,888,112,0.112,0.021428806826239453
770,885,115,0.115,0.023450374356936664
694,847,153,0.153,0.028344621822247264
774,887,113,0.113,0.02697845569474171
696,848,152,0.152,0.03157584292491083
734,867,133,0.133,0.026574218615889548
726,863,137,0.137,0.028799024769337846
790,895,105,0.105,0.02392319303867407
790,895,105,0.105,0.022632477995706723
740,870,130,0.13,0.027763716667541332
722,861,139,0.139,0.033634801540290936
734,867,133,0.133,0.02960195239497625
786,893,107,0.107,0.02458968799118884
756,878,122,0.122,0.0233221442054237
736,868,132,0.132,0.024800948588419372
776,888,112,0.112,0.022669059132691474
738,869,131,0.131,0.02272199864173308
818,909,91,0.091,0.02103785322839394
728,864,136,0.136,0.02620559557544766
784,892,108,0.108,0.02527306766775578
780,890,110,0.11,0.023248528060896206
824,912,88,0.088,0.019657960926964733
790,895,105,0.105,0.02215354667438079
722,861,139,0.139,0.030336989796836862
654,827,173,0.173,0.03346656562224962
796,898,102,0.102,0.024749097305291796
766,883,117,0.117,0.028620428455644286
804,902,98,0.098,0.02155715037928894
788,894,106,0.106,0.01950043386575999
724,862,138,0.138,0.023718531482387332
784,892,108,0.108,0.02377615141426213
756,878,122,0.122,0.03072326507140349
806,903,97,0.097,0.021960005425439945
800,900,100,0.1,0.021169099163351333
726,863,137,0.137,0.023270997553656345
788,894,106,0.106,0.030851493087015115
808,904,96,0.096,0.025790946146356873
804,902,98,0.098,0.02231879379739986
786,893,107,0.107,0.02541086425073445
762,881,119,0.119,0.030481327354937093
634,817,183,0.183,0.036348601040875776
740,870,130,0.13,0.029295954724244937
776,888,112,0.112,0.03278913607937284
802,901,99,0.099,0.02653757442937045
774,887,113,0.113,0.02854912603297271
760,880,120,0.12,0.03315261203268892
766,883,117,0.117,0.028453054497251287
714,857,143,0.143,0.037018121444841894
774,887,113,0.113,0.031044165492062605
726,863,137,0.137,0.03738556286194944
796,898,102,0.102,0.02544650317286141
746,873,127,0.127,0.033102222523419184
798,899,101,0.101,0.02891462639099022
798,899,101,0.101,0.03026965406470117
778,889,111,0.111,0.029976452745617336
832,916,84,0.084,0.023947833910789428
718,859,141,0.141,0.030570656718919054
768,884,116,0.116,0.027756890877630665
726,863,137,0.137,0.031056863231235184
734,867,133,0.133,0.029539937840799228
752,876,124,0.124,0.02860110134264687
798,899,101,0.101,0.025693346368381755
812,906,94,0.094,0.025966054413933307
764,882,118,0.118,0.03126443316787481
798,899,101,0.101,0.024895934805390426
810,905,95,0.095,0.022544524891887987
662,831,169,0.169,0.04374235910974069
770,885,115,0.115,0.026038866833550854
832,916,84,0.084,0.024965893789194525
738,869,131,0.131,0.03622770729358308
740,870,130,0.13,0.02999701746040955
814,907,93,0.093,0.029026497814787562
722,861,139,0.139,0.03811392108351026
842,921,79,0.079,0.026017573896388056
774,887,113,0.113,0.031208563795012596
826,913,87,0.087,0.03173177953246341
710,855,145,0.145,0.03771402852132451
744,872,128,0.128,0.03632505399447109
764,882,118,0.118,0.0333858099257053
774,887,113,0.113,0.03750460046372277
728,864,136,0.136,0.03883923789719955
690,845,155,0.155,0.040640232646523784
710,855,145,0.145,0.04398427581484429
774,887,113,0.113,0.04123103378080941
776,888,112,0.112,0.037850562725914645
784,892,108,0.108,0.0328292123775027
730,865,135,0.135,0.03749789098098428
800,900,100,0.1,0.03526825849435934
764,882,118,0.118,0.030517792005144657
744,872,128,0.128,0.037884491399861886
838,919,81,0.081,0.026411025980487467
772,886,114,0.114,0.02907604733891867
752,876,124,0.124,0.043683173472821635
744,872,128,0.128,0.037718145267070215
792,896,104,0.104,0.035504026297712696
710,855,145,0.145,0.04613475388272491
776,888,112,0.112,0.0369104207216442
702,851,149,0.149,0.04166727404529229
684,842,158,0.158,0.04518841077725811
728,864,136,0.136,0.04308522176556289
712,856,144,0.144,0.046842410486353674
762,881,119,0.119,0.03818220970220864
742,871,129,0.129,0.040650377096497325
802,901,99,0.099,0.039943100683391096
804,902,98,0.098,0.0365418611029163
802,901,99,0.099,0.040430816128384325
756,878,122,0.122,0.04682938625500537
806,903,97,0.097,0.03981142212252368
788,894,106,0.106,0.03746348152729479
748,874,126,0.126,0.0430462765940465
740,870,130,0.13,0.044206735156903876
754,877,123,0.123,0.046654194818343965
740,870,130,0.13,0.04708400145731872
756,878,122,0.122,0.03747481500005779
728,864,136,0.136,0.04375497838189145
750,875,125,0.125,0.04220949940473295
772,886,114,0.114,0.036715482811062884
770,885,115,0.115,0.04681234594507988
746,873,127,0.127,0.04134108629357071
774,887,113,0.113,0.04314829526859103
798,899,101,0.101,0.03881869209278375
820,910,90,0.09,0.035739171017659825
710,855,145,0.145,0.05143887895252556
742,871,129,0.129,0.04798754504439421
778,889,111,0.111,0.04748095569340512
764,882,118,0.118,0.04068307960825041
744,872,128,0.128,0.047844963726985955
756,878,122,0.122,0.045037723020417614
774,887,113,0.113,0.04026146192848683
792,896,104,0.104,0.037330662935275614
712,856,144,0.144,0.043537799660116436
766,883,117,0.117,0.03903248371742666
838,919,81,0.081,0.03463470145966859
752,876,124,0.124,0.04395562746106589
750,875,125,0.125,0.0436700845478057
784,892,108,0.108,0.03799605547427201
742,871,129,0.129,0.04376972314903472
782,891,109,0.109,0.039187111004845815
750,875,125,0.125,0.04156064245186282
800,900,100,0.1,0.04012647806550376
738,869,131,0.131,0.053549962285906076
794,897,103,0.103,0.04110013507532105
752,876,124,0.124,0.057335097026545566
782,891,109,0.109,0.04298602485097946
742,871,129,0.129,0.04346719751816892
772,886,114,0.114,0.04507151000527666
776,888,112,0.112,0.04680031973915175
774,887,113,0.113,0.047879172411514445
752,876,124,0.124,0.045696288093232396
738,869,131,0.131,0.05686284258612386
694,847,153,0.153,0.0584512572222866
788,894,106,0.106,0.04149712864005596
676,838,162,0.162,0.060195244836388155
740,870,130,0.13,0.050373101693578066
784,892,108,0.108,0.04051837976975369
814,907,93,0.093,0.04055520468321629
754,877,123,0.123,0.044284550364594936
714,857,143,0.143,0.04839219191484153
738,869,131,0.131,0.061144562338892684
790,895,105,0.105,0.043516577137634176
716,858,142,0.142,0.05191111417810771
774,887,113,0.113,0.04777681220660452
724,862,138,0.138,0.06908963590563508
788,894,106,0.106,0.05064416456855542
776,888,112,0.112,0.04623380599217491
718,859,141,0.141,0.053746006078436055
702,851,149,0.149,0.059224328889744354
782,891,109,0.109,0.04882486236654222
744,872,128,0.128,0.061216968473163436
760,880,120,0.12,0.06101466518826783
748,874,126,0.126,0.057802411591634156
756,878,122,0.122,0.05670670356112534
788,894,106,0.106,0.05886336610373109
780,890,110,0.11,0.046618697133739916
758,879,121,0.121,0.03957742909948797
718,859,141,0.141,0.050883604087866845
760,880,120,0.12,0.05026327411539387
766,883,117,0.117,0.04645119822048582
802,901,99,0.099,0.040970687728106726
796,898,102,0.102,0.0462867025472225
752,876,124,0.124,0.050346965636592356
780,890,110,0.11,0.05356554452253704
798,899,101,0.101,0.041189221171385626
756,878,122,0.122,0.053644897511927414
766,883,117,0.117,0.050494609631074126
798,899,101,0.101,0.0464989460696562
702,851,149,0.149,0.050172512326797
772,886,114,0.114,0.0500141212939634
774,887,113,0.113,0.046652374468394556
770,885,115,0.115,0.05996295031932429
786,893,107,0.107,0.04816833712719381
716,858,142,0.142,0.05851027390264971
730,865,135,0.135,0.05658212708216161
738,869,131,0.131,0.04868727178479597
740,870,130,0.13,0.05873749136878177
790,895,105,0.105,0.05200793771329336
818,909,91,0.091,0.052431939671747384
772,886,114,0.114,0.05390890896739438
708,854,146,0.146,0.058918986069080345
782,891,109,0.109,0.04509436394460499
800,900,100,0.1,0.05453474791903452
770,885,115,0.115,0.05239067308583255
800,900,100,0.1,0.04679318943177305
812,906,94,0.094,0.048488711770238294
724,862,138,0.138,0.061380811190232636
780,890,110,0.11,0.05489630178455263
754,877,123,0.123,0.06487601857001904
752,876,124,0.124,0.059289562542224304
748,874,126,0.126,0.054550069749355314
756,878,122,0.122,0.0638373616533354
722,861,139,0.139,0.05908545552566648
698,849,151,0.151,0.07429553537117319
772,886,114,0.114,0.05068810090795161
754,877,123,0.123,0.05767035726923495
780,890,110,0.11,0.06197800039355754
830,915,85,0.085,0.05505356062622741
796,898,102,0.102,0.060433992621490545
744,872,128,0.128,0.052887055594474076
748,874,126,0.126,0.06727020391664701
808,904,96,0.096,0.05700935018621385
770,885,115,0.115,0.06461824722844217
772,886,114,0.114,0.0720501170494681
760,880,120,0.12,0.07488681330904365
754,877,123,0.123,0.06649684324221922
756,878,122,0.122,0.06596003270149231
710,855,145,0.145,0.07286798407603055
768,884,116,0.116,0.06086488732826183
792,896,104,0.104,0.0546394977781909
732,866,134,0.134,0.058683974451385436
772,886,114,0.114,0.05826475528255105
766,883,117,0.117,0.056398995535370304
750,875,125,0.125,0.05873462297953915
754,877,123,0.123,0.062061590329890164
730,865,135,0.135,0.06778684189263731
670,835,165,0.165,0.06488836435647681
760,880,120,0.12,0.05099554237186041
736,868,132,0.132,0.061386598396115
744,872,128,0.128,0.06563531253400158
754,877,123,0.123,0.06021685682850648
792,896,104,0.104,0.05333539669840684
782,891,109,0.109,0.05911620631256626
734,867,133,0.133,0.05888530753366649
754,877,123,0.123,0.06686937312100782
818,909,91,0.091,0.05073100095195697
736,868,132,0.132,0.059793179193511604
730,865,135,0.135,0.06316686666943133
778,889,111,0.111,0.05551042643463008
714,857,143,0.143,0.05641185898706317
706,853,147,0.147,0.0538125808598852
768,884,116,0.116,0.0436839872206819
830,915,85,0.085,0.04010143932006009
784,892,108,0.108,0.041545393121486994
748,874,126,0.126,0.0555745566491787
752,876,124,0.124,0.04619814696749131
702,851,149,0.149,0.05100017060566462
714,857,143,0.143,0.04217616936890409
740,870,130,0.13,0.03273670187371317
810,905,95,0.095,0.03364534876157995
742,871,129,0.129,0.04111101430619692
762,881,119,0.119,0.04016998108023883
742,871,129,0.129,0.038459303791169075
772,886,114,0.114,0.03308366644887144
708,854,146,0.146,0.038430572356350015
766,883,117,0.117,0.026273964452091618
750,875,125,0.125,0.03602406364190392
766,883,117,0.117,0.032729738412192094
764,882,118,0.118,0.03874739257525653
784,892,108,0.108,0.03247493979940191
794,897,103,0.103,0.029600978563401797
768,884,116,0.116,0.03232299033108722
792,896,104,0.104,0.03576860751980075
808,904,96,0.096,0.029991436956333942
764,882,118,0.118,0.029369166496752426
810,905,95,0.095,0.027778657550850766
818,909,91,0.091,0.02784132658128614
770,885,115,0.115,0.026378736501415916
750,875,125,0.125,0.028125036893286534
706,853,147,0.147,0.028540535965797247
806,903,97,0.097,0.02104962970796288
742,871,129,0.129,0.030287274102056925
834,917,83,0.083,0.024399701225571335
790,895,105,0.105,0.025947604160377523
798,899,101,0.101,0.02723951504701472
710,855,145,0.145,0.03598371610930191
740,870,130,0.13,0.03409384919831065
806,903,97,0.097,0.029568459820700808
804,902,98,0.098,0.026505919609742704
832,916,84,0.084,0.02572094278316945
788,894,106,0.106,0.02747218425362371
750,875,125,0.125,0.03219369891397218
766,883,117,0.117,0.027677097650943325
730,865,135,0.135,0.03667218406021132
770,885,115,0.115,0.03053561354102567
780,890,110,0.11,0.027270186699461206
734,867,133,0.133,0.026049190639983864
742,871,129,0.129,0.02697367116308307
724,862,138,0.138,0.03657838961896748
790,895,105,0.105,0.02526637855125591
768,884,116,0.116,0.027846319285483333
796,898,102,0.102,0.027937530823983252
798,899,101,0.101,0.026158419948333674
810,905,95,0.095,0.02718685435305818
764,882,118,0.118,0.03508252430241555
798,899,101,0.101,0.03197651355939161
796,898,102,0.102,0.028529764032355173
792,896,104,0.104,0.031007875523762777
758,879,121,0.121,0.028812279114499687
718,859,141,0.141,0.03313167749636342
760,880,120,0.12,0.026981756193006048
776,888,112,0.112,0.03346249931608327
744,872,128,0.128,0.03889455144293606
778,889,111,0.111,0.03931314695766197
774,887,113,0.113,0.03207227886607872
712,856,144,0.144,0.04244116353068966
746,873,127,0.127,0.03251087490819261
798,899,101,0.101,0.033777066247537735
778,889,111,0.111,0.03226391860446893
732,866,134,0.134,0.03545449460064992
824,912,88,0.088,0.02961273537736281
742,871,129,0.129,0.03999531886610241
754,877,123,0.123,0.035959292030282086
796,898,102,0.102,0.029113943576812743
728,864,136,0.136,0.027549953671725233
774,887,113,0.113,0.02895972728793609
760,880,120,0.12,0.03460579653314198
898,949,51,0.051,0.02105557435855735
754,877,123,0.123,0.02659979950564822
774,887,113,0.113,0.027501511572760137
838,919,81,0.081,0.029126999777043253
778,889,111,0.111,0.03491460301214829
774,887,113,0.113,0.031163903235230293
774,887,113,0.113,0.038059641493870686
790,895,105,0.105,0.0292852375604416
756,878,122,0.122,0.03801628207590329
800,900,100,0.1,0.031219291640159057
700,850,150,0.15,0.03307490523473825
760,880,120,0.12,0.03934398480784148
756,878,122,0.122,0.0341188584411866
728,864,136,0.136,0.03288833165342214
758,879,121,0.121,0.03862068999832263
808,904,96,0.096,0.03132930106204003
800,900,100,0.1,0.030037829962559045
826,913,87,0.087,0.028457980678815147
754,877,123,0.123,0.033548110012430694
686,843,157,0.157,0.04572798789269291
758,879,121,0.121,0.03643202856276184
790,895,105,0.105,0.0336910547812593
798,899,101,0.101,0.036373190056104246
768,884,116,0.116,0.03126879167836161
746,873,127,0.127,0.03708337503718212
782,891,109,0.109,0.03081715605291538
752,876,124,0.124,0.04063480752065516
746,873,127,0.127,0.03086927808681503
772,886,114,0.114,0.03185530376201495
764,882,118,0.118,0.032797755930785356
748,874,126,0.126,0.033045401883777234
748,874,126,0.126,0.0418001654874853
746,873,127,0.127,0.03792851734696887
700,850,150,0.15,0.037422906280262395
732,866,134,0.134,0.03795226325915428
716,858,142,0.142,0.04199123048550609
802,901,99,0.099,0.03152139483240182
808,904,96,0.096,0.031196802138544755
702,851,149,0.149,0.04785411840537589
760,880,120,0.12,0.03077352675939255
760,880,120,0.12,0.031933418388100106
736,868,132,0.132,0.03213829559379309
772,886,114,0.114,0.02226997050042874
786,893,107,0.107,0.028218390548543568
796,898,102,0.102,0.02703092153914622
782,891,109,0.109,0.025922995055560023
764,882,118,0.118,0.025148430854443446
736,868,132,0.132,0.026143635344225914
732,866,134,0.134,0.025119390120729803
764,882,118,0.118,0.02893758425339159
740,870,130,0.13,0.028295816542813556
808,904,96,0.096,0.024675073344691597
748,874,126,0.126,0.03098749469547454
828,914,86,0.086,0.0252384118702321
718,859,141,0.141,0.0320243531711926
796,898,102,0.102,0.02565039353052272
776,888,112,0.112,0.027358067156514166
740,870,130,0.13,0.030766726469621076
758,879,121,0.121,0.02930273132957518
774,887,113,0.113,0.031950844971928745
810,905,95,0.095,0.02481916597788222
754,877,123,0.123,0.02848898941077168
800,900,100,0.1,0.023224362568464146
790,895,105,0.105,0.027372710024957628
826,913,87,0.087,0.02225999605009565
768,884,116,0.116,0.02400382634950802
774,887,113,0.113,0.027651000341866166
752,876,124,0.124,0.03184616150619695
776,888,112,0.112,0.026224161583930254
806,903,97,0.097,0.020678264254078385
746,873,127,0.127,0.026459894194563773
796,898,102,0.102,0.028250461728446693
738,869,131,0.131,0.027301299538870807
726,863,137,0.137,0.028490674076136202
756,878,122,0.122,0.031793899332158614
798,899,101,0.101,0.022028725972305537
772,886,114,0.114,0.027242967150406912
706,853,147,0.147,0.03226751403497431
756,878,122,0.122,0.0356710672006011
732,866,134,0.134,0.0310068688158899
714,857,143,0.143,0.02935251982390781
812,906,94,0.094,0.024246142825111748
762,881,119,0.119,0.03259224930661732
752,876,124,0.124,0.032277474144182645
778,889,111,0.111,0.031002893815787077
832,916,84,0.084,0.021412874408531932
786,893,107,0.107,0.026458862827625124
778,889,111,0.111,0.02867868407536318
810,905,95,0.095,0.026602231622789987
730,865,135,0.135,0.0258047096623759
746,873,127,0.127,0.03081627007294489
800,900,100,0.1,0.02310487300599925
774,887,113,0.113,0.026000649646785803
766,883,117,0.117,0.029497230822453275
756,878,122,0.122,0.028278107366058975
750,875,125,0.125,0.03064821285218933
754,877,123,0.123,0.025547242091375325
828,914,86,0.086,0.021096935614594258
688,844,156,0.156,0.026705070372319385
752,876,124,0.124,0.028226855311426335
828,914,86,0.086,0.022556820459663868
792,896,104,0.104,0.02623392674030039
738,869,131,0.131,0.02812108074966818
756,878,122,0.122,0.022385118657621206
786,893,107,0.107,0.02694761574617155
758,879,121,0.121,0.031088976603350603
778,889,111,0.111,0.02738925144285895
794,897,103,0.103,0.025465274620037816
778,889,111,0.111,0.02742290319357835
812,906,94,0.094,0.021612260661786422
744,872,128,0.128,0.028755032465205603
768,884,116,0.116,0.02755367108777864
788,894,106,0.106,0.02894894946486191
758,879,121,0.121,0.02877114365823286
730,865,135,0.135,0.03862475245911628
788,894,106,0.106,0.028825556155744423
780,890,110,0.11,0.029572799926658747
730,865,135,0.135,0.03068122359364952
722,861,139,0.139,0.03700930924963518
784,892,108,0.108,0.030868327532047275
718,859,141,0.141,0.03767879291327223
770,885,115,0.115,0.0344757018906098
756,878,122,0.122,0.030589080819190713
746,873,127,0.127,0.03624508448620328
752,876,124,0.124,0.027287822893594965
772,886,114,0.114,0.029544418735866627
736,868,132,0.132,0.03515254826330783
728,864,136,0.136,0.03376370369666256
760,880,120,0.12,0.03576615717583948
752,876,124,0.124,0.032635517160408196
762,881,119,0.119,0.030547534130513667
786,893,107,0.107,0.031904564845829556
788,894,106,0.106,0.031227341305437237
788,894,106,0.106,0.028473044929996846
752,876,124,0.124,0.033026477413951594
726,863,137,0.137,0.034005527849309145
746,873,127,0.127,0.030781761611346155
758,879,121,0.121,0.0330799677114713
774,887,113,0.113,0.030098652245855204
804,902,98,0.098,0.027091094026109205
746,873,127,0.127,0.03274748627003297
776,888,112,0.112,0.02640683694614563
688,844,156,0.156,0.03541350523889814
748,874,126,0.126,0.031726467139378656
732,866,134,0.134,0.026230823529418558
768,884,116,0.116,0.02995003129169345
738,869,131,0.131,0.038813631823896
834,917,83,0.083,0.023288338589540217
734,867,133,0.133,0.032014503341866674
760,880,120,0.12,0.023756634341030064
798,899,101,0.101,0.02409862909943699
804,902,98,0.098,0.024497926310868934
804,902,98,0.098,0.024531588429481117
722,861,139,0.139,0.028414125656010585
788,894,106,0.106,0.022753749697934835
784,892,108,0.108,0.025069447686519284
766,883,117,0.117,0.02147764306751492
780,890,110,0.11,0.022280973160581197
766,883,117,0.117,0.024575369518138872
762,881,119,0.119,0.025509170181350783
774,887,113,0.113,0.023225515223035474
774,887,113,0.113,0.023754235959844664
800,900,100,0.1,0.02158940675202757
776,888,112,0.112,0.024222208134829996
828,914,86,0.086,0.01898636753136316
716,858,142,0.142,0.02646090873312687
788,894,106,0.106,0.021061444915569154
774,887,113,0.113,0.02647994016749536
782,891,109,0.109,0.025558806744404153
806,903,97,0.097,0.02209866402495709
822,911,89,0.089,0.023099865494761614
828,914,86,0.086,0.021378406594081766
708,854,146,0.146,0.03151426907173787
746,873,127,0.127,0.027657829609684995
774,887,113,0.113,0.0257994779927281
810,905,95,0.095,0.018934393177740275
754,877,123,0.123,0.024593268395338555
710,855,145,0.145,0.031200885793659837
786,893,107,0.107,0.024938811760398024
728,864,136,0.136,0.032097123600542544
770,885,115,0.115,0.02468133229040541
788,894,106,0.106,0.02717532067613503
712,856,144,0.144,0.02851241802913137
760,880,120,0.12,0.029025058458559214
758,879,121,0.121,0.029435410378690463
704,852,148,0.148,0.03188213050132618
740,870,130,0.13,0.035989111843940366
718,859,141,0.141,0.03288242079131305
758,879,121,0.121,0.026345578671433032
718,859,141,0.141,0.03589116105157882
772,886,114,0.114,0.03272455814667046
764,882,118,0.118,0.03205787468064385
736,868,132,0.132,0.033718865217175334
734,867,133,0.133,0.03359281524829567
758,879,121,0.121,0.032634477675175744
758,879,121,0.121,0.033022467996459456
784,892,108,0.108,0.03015153813827783
742,871,129,0.129,0.03340632386477955
780,890,110,0.11,0.03386667148416746
792,896,104,0.104,0.027862761521479117
752,876,124,0.124,0.03190741801657717
776,888,112,0.112,0.033284132592612876
736,868,132,0.132,0.030081077063921838
756,878,122,0.122,0.032254685380496084
700,850,150,0.15,0.03670483594327108
814,907,93,0.093,0.030669754169881346
718,859,141,0.141,0.03410873361909762
768,884,116,0.116,0.03465197459002957
736,868,132,0.132,0.031161788783103304
788,894,106,0.106,0.03188926663715394
804,902,98,0.098,0.030382535530719908
764,882,118,0.118,0.029234003121186104
776,888,112,0.112,0.03176990475258208
798,899,101,0.101,0.028078170542307376
748,874,126,0.126,0.029024823181563988
826,913,87,0.087,0.028169969051377863
776,888,112,0.112,0.03405793191195698
790,895,105,0.105,0.02767962172604166
776,888,112,0.112,0.032073892311686905
778,889,111,0.111,0.028404554239823483
756,878,122,0.122,0.0336377841233043
824,912,88,0.088,0.02740893568098545
718,859,141,0.141,0.030235636658966555
790,895,105,0.105,0.03049696665047668
736,868,132,0.132,0.038550260589050596
776,888,112,0.112,0.03275488893687725
760,880,120,0.12,0.038526275771204384
726,863,137,0.137,0.03126162919792809
740,870,130,0.13,0.03340072403149679
744,872,128,0.128,0.03810118930891622
774,887,113,0.113,0.02839888452645391
704,852,148,0.148,0.035833615813869985
788,894,106,0.106,0.0325905997226946
748,874,126,0.126,0.03314679329795763
784,892,108,0.108,0.02794891985901633
760,880,120,0.12,0.03103063415896031
768,884,116,0.116,0.03590948605723679
754,877,123,0.123,0.03155986928163631
798,899,101,0.101,0.028626313157379627
766,883,117,0.117,0.03033848308892631
722,861,139,0.139,0.03470387526237755
734,867,133,0.133,0.03408646061108449
844,922,78,0.078,0.025450802349834704
754,877,123,0.123,0.03607686250749975
732,866,134,0.134,0.04051781164715067
796,898,102,0.102,0.03352625831356272
764,882,118,0.118,0.02979860774973204
780,890,110,0.11,0.031480433296596874
836,918,82,0.082,0.027138620348526005
726,863,137,0.137,0.03811700544308414
730,865,135,0.135,0.03958421850670129
788,894,106,0.106,0.03784674426583001
788,894,106,0.106,0.030820772386156024
712,856,144,0.144,0.04202993625449018
730,865,135,0.135,0.03406524397639396
726,863,137,0.137,0.04196931418357417
758,879,121,0.121,0.03681749003892766
808,904,96,0.096,0.03330543322972881
752,876,124,0.124,0.039231318442890496
728,864,136,0.136,0.042805703237798295
754,877,123,0.123,0.03522787822410464
770,885,115,0.115,0.03275532973697409
808,904,96,0.096,0.032378534318425335
728,864,136,0.136,0.03817666255717259
782,891,109,0.109,0.03519711618218571
766,883,117,0.117,0.03763628628291189
802,901,99,0.099,0.03375401987787336
778,889,111,0.111,0.036199449574567555
778,889,111,0.111,0.03801193043938838
772,886,114,0.114,0.03531957155728833
750,875,125,0.125,0.042882380622206256
818,909,91,0.091,0.03627427532034926
768,884,116,0.116,0.038588699705898774
764,882,118,0.118,0.04649012805719404
716,858,142,0.142,0.04625742751825601
806,903,97,0.097,0.0380218341896456
816,908,92,0.092,0.0406205094573088
770,885,115,0.115,0.04247931640787283
818,909,91,0.091,0.03161374821327627
748,874,126,0.126,0.04885093178856187
736,868,132,0.132,0.04637134337704631
744,872,128,0.128,0.03848715963959694
772,886,114,0.114,0.04178930604388007
806,903,97,0.097,0.03881198125891387
708,854,146,0.146,0.043262030689969276
774,887,113,0.113,0.04314024921716191
744,872,128,0.128,0.04327020758483559
764,882,118,0.118,0.044127529511228204
766,883,117,0.117,0.038136926722712815
774,887,113,0.113,0.03839164737891406
746,873,127,0.127,0.0467815259519266
758,879,121,0.121,0.04364527824614197
758,879,121,0.121,0.0456036272722165
752,876,124,0.124,0.046606720265932385
682,841,159,0.159,0.05083357398828265
766,883,117,0.117,0.04851091322793407
710,855,145,0.145,0.05362466123979539
824,912,88,0.088,0.04124926817463711
720,860,140,0.14,0.04818755573243834
768,884,116,0.116,0.042853921508416534
722,861,139,0.139,0.04295185036237672
728,864,136,0.136,0.0512702348137318
788,894,106,0.106,0.03889441604632893
782,891,109,0.109,0.04128375893810948
738,869,131,0.131,0.04594892554738181
742,871,129,0.129,0.03881676247192392
744,872,128,0.128,0.04165197227778845
796,898,102,0.102,0.03783707402250729
770,885,115,0.115,0.03358779832536747
762,881,119,0.119,0.033961835372062626
822,911,89,0.089,0.029661157434466987
796,898,102,0.102,0.032820639226585624
784,892,108,0.108,0.03188472784101033
772,886,114,0.114,0.03489057867228985
768,884,116,0.116,0.03442859283345751
688,844,156,0.156,0.04575178470043466
730,865,135,0.135,0.03468578625504597
676,838,162,0.162,0.038478464792553
718,859,141,0.141,0.040188133099582045
762,881,119,0.119,0.028887672632350585
708,854,146,0.146,0.03386194824473932
794,897,103,0.103,0.03060804234119132
802,901,99,0.099,0.028896249352097086
768,884,116,0.116,0.03135708816860278
740,870,130,0.13,0.034742020259785934
760,880,120,0.12,0.031478533556306997
812,906,94,0.094,0.022736654559092132
806,903,97,0.097,0.026138227946939877
784,892,108,0.108,0.021712358636083083
798,899,101,0.101,0.021048415314389786
752,876,124,0.124,0.024089932634014984
756,878,122,0.122,0.01942678453790724
702,851,149,0.149,0.02829657050113201
758,879,121,0.121,0.025696092248093917
756,878,122,0.122,0.026748257892671972
776,888,112,0.112,0.022626549036544544
770,885,115,0.115,0.024701511052685605
748,874,126,0.126,0.023890091365785338
802,901,99,0.099,0.01935660306038335
722,861,139,0.139,0.022324052887526265
758,879,121,0.121,0.021824312459095937
756,878,122,0.122,0.021393310782150364
780,890,110,0.11,0.024756264541676502
738,869,131,0.131,0.01965964330812676
704,852,148,0.148,0.025838131468510255
728,864,136,0.136,0.023276729236589758
756,878,122,0.122,0.023474045370749083
744,872,128,0.128,0.020829447259107837
796,898,102,0.102,0.019780139642069115
784,892,108,0.108,0.020895943541894668
772,886,114,0.114,0.019835855970697595
770,885,115,0.115,0.02149942243539955
738,869,131,0.131,0.02127434267540241
752,876,124,0.124,0.021739813132211565
794,897,103,0.103,0.01976496052596667
782,891,109,0.109,0.01803993534219684
720,860,140,0.14,0.021633557990309967
768,884,116,0.116,0.018939509618096054
714,857,143,0.143,0.024049605950948263
788,894,106,0.106,0.018289113385690142
736,868,132,0.132,0.02128657643008046
700,850,150,0.15,0.0236809477010232
756,878,122,0.122,0.019123666049388702
790,895,105,0.105,0.016642869738163427
720,860,140,0.14,0.025472492479952053
854,927,73,0.073,0.01428273337407154
748,874,126,0.126,0.022450716872350313
768,884,116,0.116,0.018312574713491743
706,853,147,0.147,0.023780591640382015
754,877,123,0.123,0.02240220225117899
820,910,90,0.09,0.01700479810021352
816,908,92,0.092,0.01728635389567353
744,872,128,0.128,0.019644177032168954
784,892,108,0.108,0.02019137711368967
712,856,144,0.144,0.019674114835404908
774,887,113,0.113,0.021664647123646432
740,870,130,0.13,0.022753138748965257
760,880,120,0.12,0.021442214190610685
782,891,109,0.109,0.02000316332887451
738,869,131,0.131,0.01879436060646553
752,876,124,0.124,0.018277680893854266
776,888,112,0.112,0.01854615539702354
744,872,128,0.128,0.020619031481910497
758,879,121,0.121,0.023173679515719414
752,876,124,0.124,0.02245270965062082
778,889,111,0.111,0.018347473878180608
768,884,116,0.116,0.02440206306386972
768,884,116,0.116,0.02089976294669668
828,914,86,0.086,0.017288021371001393
774,887,113,0.113,0.019088387979427367
740,870,130,0.13,0.02274094884854277
782,891,109,0.109,0.02411077169935038
774,887,113,0.113,0.021863377311732678
780,890,110,0.11,0.01792355838755613
776,888,112,0.112,0.020710027500172146
754,877,123,0.123,0.02491723471088335
782,891,109,0.109,0.019371899956808193
762,881,119,0.119,0.016991502111777662
752,876,124,0.124,0.021053650837391615
822,911,89,0.089,0.019905951481314334
750,875,125,0.125,0.022112021844019183
758,879,121,0.121,0.02198343861982562
714,857,143,0.143,0.023806469776667654
718,859,141,0.141,0.024773197536388708
792,896,104,0.104,0.025073686312069198
762,881,119,0.119,0.026554919539996263
758,879,121,0.121,0.023697421076125467
766,883,117,0.117,0.019963113777387007
764,882,118,0.118,0.024181099166700734
720,860,140,0.14,0.025898014075588435
780,890,110,0.11,0.024203873680438845
764,882,118,0.118,0.02696552074607462
740,870,130,0.13,0.02805262190722533
750,875,125,0.125,0.02638172969310837
738,869,131,0.131,0.02862728265009355
796,898,102,0.102,0.02293025807617232
776,888,112,0.112,0.024880555886309608
762,881,119,0.119,0.02742045889608562
752,876,124,0.124,0.02899024223168817
778,889,111,0.111,0.031038069032656494
760,880,120,0.12,0.025270999920088813
768,884,116,0.116,0.02901800917834052
806,903,97,0.097,0.02284460053802468
798,899,101,0.101,0.025947204280178993
726,863,137,0.137,0.029848601708654315
798,899,101,0.101,0.02321737786968151
794,897,103,0.103,0.02418251915939618
750,875,125,0.125,0.02923694470533519
780,890,110,0.11,0.024813751229085027
788,894,106,0.106,0.024918481812346727
768,884,116,0.116,0.0261302894980181
768,884,116,0.116,0.025402260177768782
732,866,134,0.134,0.03153864028962562
796,898,102,0.102,0.02421209695837672
704,852,148,0.148,0.031408074509052766
784,892,108,0.108,0.029315241948497713
712,856,144,0.144,0.030895870527019725
836,918,82,0.082,0.02321239756199067
776,888,112,0.112,0.03040751126225223
772,886,114,0.114,0.028075146618299185
622,811,189,0.189,0.03899798958050087
806,903,97,0.097,0.02851587794081675
744,872,128,0.128,0.03557684470680749
798,899,101,0.101,0.02423077809030656
794,897,103,0.103,0.029237058870457987
700,850,150,0.15,0.03920250883469112
780,890,110,0.11,0.03047582178590487
816,908,92,0.092,0.03110708723450081
812,906,94,0.094,0.030506945985094815
744,872,128,0.128,0.035873946444742615
746,873,127,0.127,0.03428145159873088
722,861,139,0.139,0.03277009506442118
760,880,120,0.12,0.03573202112505942
706,853,147,0.147,0.033697368882596494
774,887,113,0.113,0.031740416372194886
746,873,127,0.127,0.036156993615562356
758,879,121,0.121,0.03716521703917533
754,877,123,0.123,0.036396517331402735
778,889,111,0.111,0.03131448720300705
800,900,100,0.1,0.031346384948818015
826,913,87,0.087,0.028550479443278164
802,901,99,0.099,0.03231243473757058
776,888,112,0.112,0.0345414563305676
806,903,97,0.097,0.029650240808284267
758,879,121,0.121,0.04206474573398009
756,878,122,0.122,0.040313545792871226
770,885,115,0.115,0.03223033187849796
772,886,114,0.114,0.03026755688688718
780,890,110,0.11,0.03830619281215422
796,898,102,0.102,0.02992133629434713
762,881,119,0.119,0.03418748411622983
742,871,129,0.129,0.037610454412177204
738,869,131,0.131,0.035027201730102805
842,921,79,0.079,0.03617417409911286
808,904,96,0.096,0.03771311475103721
794,897,103,0.103,0.04159597955690697
774,887,113,0.113,0.048957404054239345
768,884,116,0.116,0.041404298692476006
766,883,117,0.117,0.044406227024272084
750,875,125,0.125,0.05122444226118124
696,848,152,0.152,0.05676236397901084
806,903,97,0.097,0.04773837130199536
720,860,140,0.14,0.06050216923118569
722,861,139,0.139,0.05789704632458961
786,893,107,0.107,0.05195371640437952
754,877,123,0.123,0.057544597786851226
752,876,124,0.124,0.05697408959781751
746,873,127,0.127,0.06064059915195686
816,908,92,0.092,0.05568737005599542
782,891,109,0.109,0.05941597369546072
714,857,143,0.143,0.06839378311319894
764,882,118,0.118,0.06668610537005588
682,841,159,0.159,0.06866335982888191
820,910,90,0.09,0.06144707735767588
750,875,125,0.125,0.066982906503707
746,873,127,0.127,0.06558117130445316
776,888,112,0.112,0.06400339466375547
782,891,109,0.109,0.06257124309800566
760,880,120,0.12,0.06838253505282592
766,883,117,0.117,0.059392305115237846
756,878,122,0.122,0.06410071298852563
798,899,101,0.101,0.059315463872626435
790,895,105,0.105,0.058746108320541696
848,924,76,0.076,0.05044378149881959
852,926,74,0.074,0.06172207847917976
712,856,144,0.144,0.06559644344309346
814,907,93,0.093,0.05836370502598584
796,898,102,0.102,0.05927083713980392
754,877,123,0.123,0.06271609579958022
772,886,114,0.114,0.06886388492928996
752,876,124,0.124,0.06505260056758516
836,918,82,0.082,0.060533462785184386
794,897,103,0.103,0.07017461889143474
776,888,112,0.112,0.06596565433358774
708,854,146,0.146,0.07510179960727692
750,875,125,0.125,0.07036195140685277
768,884,116,0.116,0.0653902759632183
760,880,120,0.12,0.06529572923108935
796,898,102,0.102,0.06721423171274364
784,892,108,0.108,0.06760301888740491
780,890,110,0.11,0.06897872321371687
718,859,141,0.141,0.08478070209920406
780,890,110,0.11,0.07513693256862461
778,889,111,0.111,0.07270126274632831
798,899,101,0.101,0.07484756697714329
708,854,146,0.146,0.07661603255519094
766,883,117,0.117,0.07927780510857894
788,894,106,0.106,0.07664363001286983
728,864,136,0.136,0.08208036461658776
708,854,146,0.146,0.08594041096232831
802,901,99,0.099,0.07747193637490273
756,878,122,0.122,0.07940879598725586
706,853,147,0.147,0.08045135170035066
822,911,89,0.089,0.06998159726709127
778,889,111,0.111,0.07378942648787051
770,885,115,0.115,0.0684416030831635
774,887,113,0.113,0.06692961079730267
800,900,100,0.1,0.06589640303561464
792,896,104,0.104,0.06927336477629469
814,907,93,0.093,0.07014728097058832
726,863,137,0.137,0.07176932514552027
806,903,97,0.097,0.07329024192504585
748,874,126,0.126,0.07734127195202746
804,902,98,0.098,0.07236504754883935
766,883,117,0.117,0.07371250481833704
816,908,92,0.092,0.07235462818446105
730,865,135,0.135,0.0858592646503821
820,910,90,0.09,0.07101082126429492
786,893,107,0.107,0.08051423430733848
764,882,118,0.118,0.06765955929803254
746,873,127,0.127,0.08730887587263582
782,891,109,0.109,0.07926255760377157
724,862,138,0.138,0.08560249045863748
750,875,125,0.125,0.083221236177862
758,879,121,0.121,0.0701597770568619
774,887,113,0.113,0.07979375133756549
736,868,132,0.132,0.09847970098350198
796,898,102,0.102,0.08011758206412196
804,902,98,0.098,0.07311796470358968
774,887,113,0.113,0.0777618284530472
814,907,93,0.093,0.07837079619523138
786,893,107,0.107,0.07978665113823445
794,897,103,0.103,0.08540053346939384
784,892,108,0.108,0.07650989568978549
750,875,125,0.125,0.07741488076723353
690,845,155,0.155,0.08730981065519154
756,878,122,0.122,0.08420194707997143
836,918,82,0.082,0.0746249011058826
750,875,125,0.125,0.07989792183776435
804,902,98,0.098,0.071569167653563
794,897,103,0.103,0.0864832147732377
764,882,118,0.118,0.08458033455885379
744,872,128,0.128,0.0784563342026388
746,873,127,0.127,0.09045441893757016
742,871,129,0.129,0.0884285128489287
766,883,117,0.117,0.09500313759967685
806,903,97,0.097,0.08675626466888936
756,878,122,0.122,0.09176731590740383
772,886,114,0.114,0.10094411168061197
706,853,147,0.147,0.11294312976625225
702,851,149,0.149,0.0970118898190558
684,842,158,0.158,0.11182131714001324
806,903,97,0.097,0.1005334063845221
738,869,131,0.131,0.10311716603860259
802,901,99,0.099,0.09581692755594849
712,856,144,0.144,0.09833934613268139
810,905,95,0.095,0.093520793360658
790,895,105,0.105,0.09275793283921667
742,871,129,0.129,0.09794389961403796
706,853,147,0.147,0.08941219500266015
808,904,96,0.096,0.08164201111905277
730,865,135,0.135,0.09383810368180275
754,877,123,0.123,0.08087935043415428
744,872,128,0.128,0.08904657863266766
788,894,106,0.106,0.08252700672714855
714,857,143,0.143,0.08130387264490127
758,879,121,0.121,0.06572358174435794
738,869,131,0.131,0.08152838059514761
746,873,127,0.127,0.0750754527668182
798,899,101,0.101,0.07468490011617542
822,911,89,0.089,0.06968672668481207
738,869,131,0.131,0.0824648708980938
758,879,121,0.121,0.08083418462815462
764,882,118,0.118,0.08040757760964336
764,882,118,0.118,0.08305769858881831
780,890,110,0.11,0.08151734461076558
808,904,96,0.096,0.07545636430330342
754,877,123,0.123,0.09052304278027506
830,915,85,0.085,0.07428609255598352
776,888,112,0.112,0.08327156066894713
796,898,102,0.102,0.07876049629878253
760,880,120,0.12,0.08630786276981235
742,871,129,0.129,0.08985896202549339
758,879,121,0.121,0.08606018624315041
710,855,145,0.145,0.09420636373572051
798,899,101,0.101,0.10249898996949196
784,892,108,0.108,0.10325295639573596
794,897,103,0.103,0.1241082830391825
704,852,148,0.148,0.13113430627062916
740,870,130,0.13,0.1250122926235199
760,880,120,0.12,0.11892640526171738
754,877,123,0.123,0.12535374202951788
766,883,117,0.117,0.1263835622128099
776,888,112,0.112,0.12730041109671947
698,849,151,0.151,0.12962845958396793
740,870,130,0.13,0.1328927230737463
776,888,112,0.112,0.12417504982277751
782,891,109,0.109,0.1263843353642151
768,884,116,0.116,0.13091494814679028
746,873,127,0.127,0.13949478703918794
748,874,126,0.126,0.132398974888667
762,881,119,0.119,0.12579791105911137
752,876,124,0.124,0.12295067961886526
790,895,105,0.105,0.0977982792314142
786,893,107,0.107,0.09383148043602707
862,931,69,0.069,0.08198165679909289
742,871,129,0.129,0.1009014343435943
770,885,115,0.115,0.08675969996489584
696,848,152,0.152,0.10021752341464162
782,891,109,0.109,0.08510870747234457
776,888,112,0.112,0.07428232387150638
694,847,153,0.153,0.09021036728098988
714,857,143,0.143,0.08433079993697508
734,867,133,0.133,0.09002395930327475
716,858,142,0.142,0.08822107110149228
748,874,126,0.126,0.0772756778392941
776,888,112,0.112,0.07888047166293836
762,881,119,0.119,0.08002986524440348
840,920,80,0.08,0.06868070070259273
742,871,129,0.129,0.07881114996410907
808,904,96,0.096,0.07088300834223628
782,891,109,0.109,0.06752873846190051
754,877,123,0.123,0.0750869711713749
798,899,101,0.101,0.06262305911444128
760,880,120,0.12,0.07430036268010735
702,851,149,0.149,0.08294113209471106
802,901,99,0.099,0.06974524597264826
790,895,105,0.105,0.06756578865461052
844,922,78,0.078,0.06216758685652166
778,889,111,0.111,0.07114648033492267
756,878,122,0.122,0.06534075923440875
748,874,126,0.126,0.08197243640385568
800,900,100,0.1,0.06520291533134878
788,894,106,0.106,0.07585050952341407
724,862,138,0.138,0.08503899808665176
758,879,121,0.121,0.08063118818588555
730,865,135,0.135,0.09322231492633
826,913,87,0.087,0.07770510159432888
764,882,118,0.118,0.08986324551515283
718,859,141,0.141,0.10971596958092414
802,901,99,0.099,0.08700071942433715
790,895,105,0.105,0.09663614450208843
774,887,113,0.113,0.09025029557685002
796,898,102,0.102,0.09400551232566977
770,885,115,0.115,0.08689388357102872
764,882,118,0.118,0.09494597494788468
806,903,97,0.097,0.0908538967021741
780,890,110,0.11,0.09112885843963524
716,858,142,0.142,0.09990151248873098
748,874,126,0.126,0.09175319836830022
782,891,109,0.109,0.09247266434319318
774,887,113,0.113,0.08895907285623254
756,878,122,0.122,0.08547774460818619
786,893,107,0.107,0.08045159598253668
786,893,107,0.107,0.09298684192262589
758,879,121,0.121,0.09243961186132647
832,916,84,0.084,0.0909079593764618
780,890,110,0.11,0.09862144282832742
782,891,109,0.109,0.09022904278896748
750,875,125,0.125,0.09677469813451171
822,911,89,0.089,0.09239883225504308
766,883,117,0.117,0.10075895533508586
748,874,126,0.126,0.10097948451945558
818,909,91,0.091,0.09705099496612092
796,898,102,0.102,0.09451477592810989
764,882,118,0.118,0.10189085410605185
752,876,124,0.124,0.09182943649667803
764,882,118,0.118,0.105923489253968
810,905,95,0.095,0.09168976406089498
786,893,107,0.107,0.10856018383055925
766,883,117,0.117,0.10311948957294226
720,860,140,0.14,0.11871623841089672
728,864,136,0.136,0.11352850257084356
744,872,128,0.128,0.12621425362032415
754,877,123,0.123,0.12167192727327347
788,894,106,0.106,0.1470852362056212
816,908,92,0.092,0.1523304151877864
770,885,115,0.115,0.1490576750226319
740,870,130,0.13,0.1467090237578377
678,839,161,0.161,0.16200727562233805
772,886,114,0.114,0.15164445831254125
756,878,122,0.122,0.1430411797966808
786,893,107,0.107,0.14350793457568214
782,891,109,0.109,0.1647144038118422
712,856,144,0.144,0.17449489064514637
832,916,84,0.084,0.16293127582222222
742,871,129,0.129,0.17541590069230006
792,896,104,0.104,0.18395952843129634
770,885,115,0.115,0.16744697261601688
734,867,133,0.133,0.1870538964192383
744,872,128,0.128,0.19521333058808524
770,885,115,0.115,0.20214150952443014
714,857,143,0.143,0.23511449759081007
754,877,123,0.123,0.21285755762457848
752,876,124,0.124,0.22042957249117898
790,895,105,0.105,0.23078344203531742
696,848,152,0.152,0.23664481530711054
790,895,105,0.105,0.22539982368052006
740,870,130,0.13,0.24318348963630892
774,887,113,0.113,0.23833169104158877
758,879,121,0.121,0.2342056435420527
736,868,132,0.132,0.23116415004059673
766,883,117,0.117,0.23023336283944837
738,869,131,0.131,0.23215878369286658
752,876,124,0.124,0.2524942933460652
752,876,124,0.124,0.2422558880224824
810,905,95,0.095,0.24470947472006083
722,861,139,0.139,0.25586117690196625
750,875,125,0.125,0.261086584757639
768,884,116,0.116,0.2499884487048066
784,892,108,0.108,0.2640476906306811
790,895,105,0.105,0.26000622629513964
814,907,93,0.093,0.2673671113039018
800,900,100,0.1,0.2719947825195268
776,888,112,0.112,0.2837033564522862
752,876,124,0.124,0.29582260064035654
748,874,126,0.126,0.2930215243920684
704,852,148,0.148,0.31459912707656623
768,884,116,0.116,0.3220122757516801
822,911,89,0.089,0.29290664049239074
756,878,122,0.122,0.3119640086889267
764,882,118,0.118,0.3523914053251501
742,871,129,0.129,0.3368138345628977
718,859,141,0.141,0.3587283859442516
752,876,124,0.124,0.3689095568396151
720,860,140,0.14,0.35893982835114
754,877,123,0.123,0.3452118626474403
724,862,138,0.138,0.37839109511426067
726,863,137,0.137,0.39239623662216083
760,880,120,0.12,0.38339791971445086
756,878,122,0.122,0.383726598369889
748,874,126,0.126,0.390195241317153
768,884,116,0.116,0.38409710514359174
722,861,139,0.139,0.40054049604533093
754,877,123,0.123,0.3917834148827096
730,865,135,0.135,0.41111588041484354
722,861,139,0.139,0.40305013450980187
770,885,115,0.115,0.3963210268095136
700,850,150,0.15,0.41747131675481797
730,865,135,0.135,0.4063540456051112
832,916,84,0.084,0.3917804945409298
766,883,117,0.117,0.4010973095986992
754,877,123,0.123,0.41220162039995195
762,881,119,0.119,0.41053752295672896
744,872,128,0.128,0.42449624071852304
732,866,134,0.134,0.4301294049280113
736,868,132,0.132,0.3998247753679752
770,885,115,0.115,0.3992087134474438
786,893,107,0.107,0.38065912474725594
712,856,144,0.144,0.41072401402145625
808,904,96,0.096,0.3764654235094786
768,884,116,0.116,0.37015396685898305
754,877,123,0.123,0.3673283787928522
796,898,102,0.102,0.36591509701311586
804,902,98,0.098,0.37832357110572046
838,919,81,0.081,0.3416324317157268
772,886,114,0.114,0.3794725442028248
794,897,103,0.103,0.36919967939052734
784,892,108,0.108,0.36095783753641364
716,858,142,0.142,0.3776092402179493
722,861,139,0.139,0.38867704921960833
752,876,124,0.124,0.3803182392939925
714,857,143,0.143,0.40315218112058937
828,914,86,0.086,0.43068822285532954
734,867,133,0.133,0.43338096353411676
666,833,167,0.167,0.45131754011660813
700,850,150,0.15,0.4357317489534617
756,878,122,0.122,0.4236032202122847
698,849,151,0.151,0.432895892160933
802,901,99,0.099,0.4364081663489342
748,874,126,0.126,0.457638519525528
728,864,136,0.136,0.4383319283094029
728,864,136,0.136,0.4559252692728769
714,857,143,0.143,0.46187168902158743
806,903,97,0.097,0.4312595057577565
814,907,93,0.093,0.4490925665137289
720,860,140,0.14,0.4877491913437843
728,864,136,0.136,0.4705203407816589
760,880,120,0.12,0.46992776219174265
782,891,109,0.109,0.5156365575492382
756,878,122,0.122,0.5243506290796213
756,878,122,0.122,0.5251684466544538
704,852,148,0.148,0.5720389713551849
772,886,114,0.114,0.5596003590449691
764,882,118,0.118,0.5668484917581081
784,892,108,0.108,0.5710443786234802
718,859,141,0.141,0.6221186327412724
740,870,130,0.13,0.6182584683095338
746,873,127,0.127,0.6052072960436344
760,880,120,0.12,0.607442529329679
734,867,133,0.133,0.6526904903873801
738,869,131,0.131,0.6293344093859196
670,835,165,0.165,0.6992643157839775
706,853,147,0.147,0.6774421780705452
708,854,146,0.146,0.718833325415384
798,899,101,0.101,0.6727936817407608
716,858,142,0.142,0.7099179356987513
734,867,133,0.133,0.7126118578463793
818,909,91,0.091,0.7185992848398164
796,898,102,0.102,0.7094665744753967
686,843,157,0.157,0.7244388246536255
758,879,121,0.121,0.7009401345462711
732,866,134,0.134,0.6918627914372173
750,875,125,0.125,0.6919456159472466
758,879,121,0.121,0.6912082742222702
732,866,134,0.134,0.6514553398489952
826,913,87,0.087,0.6441668397350636
714,857,143,0.143,0.6604146695658565
748,874,126,0.126,0.6433002190440893
776,888,112,0.112,0.5952990105041926
814,907,93,0.093,0.5655022814273835
710,855,145,0.145,0.5797221869301572
740,870,130,0.13,0.5702060118168593
804,902,98,0.098,0.5491148781880183
724,862,138,0.138,0.5172722524702549
782,891,109,0.109,0.4664505600780249
788,894,106,0.106,0.4567624709047377
754,877,123,0.123,0.42001814301610285
782,891,109,0.109,0.42804380567744604
790,895,105,0.105,0.43057378469801655
794,897,103,0.103,0.43688574578985573
798,899,101,0.101,0.42492033125764167
712,856,144,0.144,0.4399439697787166
724,862,138,0.138,0.4424240493667312
706,853,147,0.147,0.4392326210141182
776,888,112,0.112,0.4238056256843169
736,868,132,0.132,0.4487826460869983
714,857,143,0.143,0.4466034525632858
774,887,113,0.113,0.4642640450640957
706,853,147,0.147,0.4847072843238711
738,869,131,0.131,0.47888494079970406
790,895,105,0.105,0.487391908377409
726,863,137,0.137,0.48734274103399366
734,867,133,0.133,0.5278131508752704
770,885,115,0.115,0.5442815893664956
764,882,118,0.118,0.5568633646871894
758,879,121,0.121,0.5541048302054405
714,857,143,0.143,0.5477538662124425
718,859,141,0.141,0.5733181722468135
780,890,110,0.11,0.5442355021797121
724,862,138,0.138,0.5561293466389179
766,883,117,0.117,0.5450693789720535
760,880,120,0.12,0.5580283302441239
716,858,142,0.142,0.5776166512668133
764,882,118,0.118,0.5682669145837426
756,878,122,0.122,0.5690080116391182
764,882,118,0.118,0.5466195934054413
726,863,137,0.137,0.5575911103607359
738,869,131,0.131,0.5789294268460944
784,892,108,0.108,0.5413168897628784
776,888,112,0.112,0.558565194234252
758,879,121,0.121,0.561301432656619
732,866,134,0.134,0.5492491892715334
716,858,142,0.142,0.559558420650661
730,865,135,0.135,0.5559360700066618
732,866,134,0.134,0.5572586328199663
760,880,120,0.12,0.545362455368042
710,855,145,0.145,0.5489765522032977
768,884,116,0.116,0.536568382948637
786,893,107,0.107,0.5274691092708963
776,888,112,0.112,0.5196165931432066
780,890,110,0.11,0.5238846642147458
768,884,116,0.116,0.5218191285505891
686,843,157,0.157,0.5099816622336512
762,881,119,0.119,0.4884306491254174
754,877,123,0.123,0.4875709746479988
706,853,147,0.147,0.48493889866227985
716,858,142,0.142,0.45812239399557425
728,864,136,0.136,0.45190990686416627
748,874,126,0.126,0.43690021624229847
774,887,113,0.113,0.3949543803781271
740,870,130,0.13,0.4015716839134693
796,898,102,0.102,0.39673481196165084
766,883,117,0.117,0.3881212448811493
760,880,120,0.12,0.38869098874926566
778,889,111,0.111,0.3690652934461832
746,873,127,0.127,0.37417451676726343
748,874,126,0.126,0.3726499604284763
748,874,126,0.126,0.3548864794813853
726,863,137,0.137,0.37606951204127004
712,856,144,0.144,0.3467580814883113
790,895,105,0.105,0.3241591376787983
762,881,119,0.119,0.31096163839165386
754,877,123,0.123,0.33319416123628615
768,884,116,0.116,0.31947043181955814
798,899,101,0.101,0.3091478198309196
788,894,106,0.106,0.2886968203410506
730,865,135,0.135,0.25742444018274546
774,887,113,0.113,0.2576302778421108
806,903,97,0.097,0.24588011071672372
830,915,85,0.085,0.2266663748398423
734,867,133,0.133,0.22876411080360412
782,891,109,0.109,0.23802243804931641
742,871,129,0.129,0.1824444880806841
712,856,144,0.144,0.21965098049224435
768,884,116,0.116,0.21043106249021365
792,896,104,0.104,0.18274472624342888
768,884,116,0.116,0.19940570982918143
818,909,91,0.091,0.16683281563967467
712,856,144,0.144,0.17593446810171007
780,890,110,0.11,0.14792591146501946
766,883,117,0.117,0.15665778704754596
802,901,99,0.099,0.13178930691273127
778,889,111,0.111,0.11843402941059321
802,901,99,0.099,0.11976637971797027
784,892,108,0.108,0.11460517856664956
778,889,111,0.111,0.12007602708819327
838,919,81,0.081,0.10573850663006305
808,904,96,0.096,0.11523384414613247
736,868,132,0.132,0.11900761337950826
754,877,123,0.123,0.12032199023850262
676,838,162,0.162,0.12308763257041062
814,907,93,0.093,0.10693956824950873
776,888,112,0.112,0.11518026363290847
758,879,121,0.121,0.11580937206372618
706,853,147,0.147,0.12578656998711424
778,889,111,0.111,0.10915450422937284
736,868,132,0.132,0.11854658032488077
744,872,128,0.128,0.11646145441755652
728,864,136,0.136,0.12412464143525238
718,859,141,0.141,0.12246870553353802
726,863,137,0.137,0.11211237636068835
734,867,133,0.133,0.10457718605175614
802,901,99,0.099,0.08700955712515861
718,859,141,0.141,0.10734259585849941
722,861,139,0.139,0.10494451506956036
796,898,102,0.102,0.09908471046969002
738,869,131,0.131,0.106639189068228
766,883,117,0.117,0.10421215997450053
814,907,93,0.093,0.09090359414787963
788,894,106,0.106,0.09118241849146944
756,878,122,0.122,0.09846646163053813
734,867,133,0.133,0.09605927285598591
764,882,118,0.118,0.09399723712960258
774,887,113,0.113,0.08664421965368092
768,884,116,0.116,0.10226017391904726
758,879,121,0.121,0.10052434343442837
698,849,151,0.151,0.10612328153848648
788,894,106,0.106,0.09523090759408691
772,886,114,0.114,0.1008170119165443
812,906,94,0.094,0.0886464235726744
826,913,87,0.087,0.08844573025032879
726,863,137,0.137,0.09871873682923615
786,893,107,0.107,0.0910029858313501
776,888,112,0.112,0.1007593229841441
782,891,109,0.109,0.0898477669440756
748,874,126,0.126,0.09389600328169763
758,879,121,0.121,0.09660158914327621
772,886,114,0.114,0.09511174986511468
742,871,129,0.129,0.09148737006634473
760,880,120,0.12,0.09191687956294846
640,820,180,0.18,0.1076597848208039
752,876,124,0.124,0.10049744722317501
808,904,96,0.096,0.08142553106008563
788,894,106,0.106,0.09474880169332028
798,899,101,0.101,0.08586974368692436
770,885,115,0.115,0.09226864572567957
726,863,137,0.137,0.09558926787075649
772,886,114,0.114,0.08648505717788521
754,877,123,0.123,0.08438023912720383
746,873,127,0.127,0.08084183829836547
776,888,112,0.112,0.08458354493103616
728,864,136,0.136,0.08616138563235291
782,891,109,0.109,0.08913949021963709
702,851,149,0.149,0.09282918167114258
826,913,87,0.087,0.07536304463579295
812,906,94,0.094,0.07546863408852368
766,883,117,0.117,0.07042077319339896
792,896,104,0.104,0.06449357029655949
748,874,126,0.126,0.07374638407863676
700,850,150,0.15,0.07733169551379979
786,893,107,0.107,0.07191808668524027
778,889,111,0.111,0.07330931168980898
728,864,136,0.136,0.07167149274982512
728,864,136,0.136,0.08169424700414152
754,877,123,0.123,0.061890769168472616
778,889,111,0.111,0.06023993372172117
776,888,112,0.112,0.06732416715379805
744,872,128,0.128,0.06395496349991299
764,882,118,0.118,0.06217387363431044
768,884,116,0.116,0.06276022147154435
768,884,116,0.116,0.05736735692573711
816,908,92,0.092,0.05724636567384005
800,900,100,0.1,0.059263961670473535
732,866,134,0.134,0.062287975678220406
798,899,101,0.101,0.05636737614730373
756,878,122,0.122,0.053783665445633407
740,870,130,0.13,0.06271179527416826
730,865,135,0.135,0.0693054968630895
752,876,124,0.124,0.06268553049489856
780,890,110,0.11,0.057626163667169904
762,881,119,0.119,0.06050685089826584
794,897,103,0.103,0.06027259905310349
770,885,115,0.115,0.06802434222186275
744,872,128,0.128,0.06005378710178775
714,857,143,0.143,0.06083740535037941
822,911,89,0.089,0.059650264802388844
748,874,126,0.126,0.06375170581601561
780,890,110,0.11,0.056439259800128636
752,876,124,0.124,0.055783022708026694
770,885,115,0.115,0.05302478053886449
816,908,92,0.092,0.04923196667458774
716,858,142,0.142,0.06218898092070595
746,873,127,0.127,0.057646005379585405
722,861,139,0.139,0.05333796433341399
766,883,117,0.117,0.05149123450725199
776,888,112,0.112,0.0446450921576176
762,881,119,0.119,0.04440856564138085
740,870,130,0.13,0.04470743214432152
762,881,119,0.119,0.05146177126490511
762,881,119,0.119,0.043861037865455726
802,901,99,0.099,0.0483208783371374
726,863,137,0.137,0.04832806733669713
778,889,111,0.111,0.040652845701715706
790,895,105,0.105,0.04326128456947195
812,906,94,0.094,0.04057173905614764
796,898,102,0.102,0.04611532141762063
770,885,115,0.115,0.04108405681929413
772,886,114,0.114,0.04233896893868224
802,901,99,0.099,0.038512277483008804
728,864,136,0.136,0.04385486953642847
814,907,93,0.093,0.03449682292255058
786,893,107,0.107,0.04085879689558726
740,870,130,0.13,0.037854738819412884
816,908,92,0.092,0.036982144991634415
792,896,104,0.104,0.034754009788663096
728,864,136,0.136,0.03868897397623442
688,844,156,0.156,0.044147901348562626
816,908,92,0.092,0.03890081454068424
762,881,119,0.119,0.036007371408864855
772,886,114,0.114,0.03356443732790649
806,903,97,0.097,0.0337691479595378
786,893,107,0.107,0.03417557307565585
778,889,111,0.111,0.03138208628731081
800,900,100,0.1,0.03618598284060136
776,888,112,0.112,0.033953311369899895
742,871,129,0.129,0.03739886994613335
784,892,108,0.108,0.032450982653900125
760,880,120,0.12,0.038148521620838434
778,889,111,0.111,0.034202901707962155
806,903,97,0.097,0.03563287388859317
740,870,130,0.13,0.03381264717576083
742,871,129,0.129,0.03169522455194965
720,860,140,0.14,0.0321767702284269
766,883,117,0.117,0.03597613596590236
780,890,110,0.11,0.03242324671521783
766,883,117,0.117,0.03564912129691238
784,892,108,0.108,0.02898397706868127
862,931,69,0.069,0.025040581819717772
726,863,137,0.137,0.03523735152417794
750,875,125,0.125,0.03319820952033479
752,876,124,0.124,0.03174638163717464
710,855,145,0.145,0.03578032155893743
796,898,102,0.102,0.028159146449295805
790,895,105,0.105,0.029002051394665627
770,885,115,0.115,0.03232858903338412
732,866,134,0.134,0.037789886896905954
758,879,121,0.121,0.030698839767370374
716,858,142,0.142,0.0345390921945218
736,868,132,0.132,0.03322428672621028
822,911,89,0.089,0.029872782026891954
772,886,114,0.114,0.028207182631711476
780,890,110,0.11,0.03856536287494237
758,879,121,0.121,0.03613168619417411
786,893,107,0.107,0.03708476464403793
750,875,125,0.125,0.035402447276224845
834,917,83,0.083,0.029799725424633678
690,845,155,0.155,0.03520794945594389
776,888,112,0.112,0.0376932540088892
808,904,96,0.096,0.030531663968227804
776,888,112,0.112,0.03658999345311895
770,885,115,0.115,0.03610249472875148
700,850,150,0.15,0.0383315015663393
774,887,113,0.113,0.03781427457314699
784,892,108,0.108,0.03564747259326396
776,888,112,0.112,0.03514494360191747
772,886,114,0.114,0.0378416800177844
784,892,108,0.108,0.03336943808896467
736,868,132,0.132,0.035199086104054186
772,886,114,0.114,0.03291534820066878
734,867,133,0.133,0.03582072124374099
768,884,116,0.116,0.039566396258305755
728,864,136,0.136,0.04151985598821193
740,870,130,0.13,0.03655348955442492
826,913,87,0.087,0.037449307665228845
740,870,130,0.13,0.03845053506232216
796,898,102,0.102,0.03692273430107167
804,902,98,0.098,0.03669458635058504
752,876,124,0.124,0.03842165080754785
734,867,133,0.133,0.04508594913324487
792,896,104,0.104,0.03822662349697203
802,901,99,0.099,0.03354144934751095
758,879,121,0.121,0.03895887496136129
724,862,138,0.138,0.046264509814871235
772,886,114,0.114,0.05170931878965348
766,883,117,0.117,0.04509437008667739
768,884,116,0.116,0.04453965531539892
794,897,103,0.103,0.04191633173759328
754,877,123,0.123,0.05239790969582688
774,887,113,0.113,0.04962288249470294
732,866,134,0.134,0.056047113103471005
794,897,103,0.103,0.050769584723966546
718,859,141,0.141,0.05422159467154449
792,896,104,0.104,0.049229844439309105
764,882,118,0.118,0.052522085659205915
762,881,119,0.119,0.04730058548226952
760,880,120,0.12,0.04952476391661912
748,874,126,0.126,0.047019622596912114
784,892,108,0.108,0.044424025630345566
774,887,113,0.113,0.04862432328425348
800,900,100,0.1,0.05365867741080001
780,890,110,0.11,0.04938885965570807
760,880,120,0.12,0.051275899979577017
738,869,131,0.131,0.05801367150293663
770,885,115,0.115,0.05532884113320502
778,889,111,0.111,0.05160958695747831
782,891,109,0.109,0.04892494179087261
774,887,113,0.113,0.05054422260710341
740,870,130,0.13,0.05444118736847304
714,857,143,0.143,0.05024117623921484
706,853,147,0.147,0.047760409033391626
744,872,128,0.128,0.04360676840308588
794,897,103,0.103,0.04119309427880216
772,886,114,0.114,0.04281994150113314
810,905,95,0.095,0.04020979832160708
746,873,127,0.127,0.04445278232358396
776,888,112,0.112,0.045367727343225854
794,897,103,0.103,0.04524957503478983
764,882,118,0.118,0.038696453206241134
788,894,106,0.106,0.03609751951880753
798,899,101,0.101,0.04042991702132531
698,849,151,0.151,0.04507453712867573
768,884,116,0.116,0.043387193069036586
746,873,127,0.127,0.04247218904955663
766,883,117,0.117,0.047960638834163544
702,851,149,0.149,0.06006746498774737
704,852,148,0.148,0.06081234699767083
790,895,105,0.105,0.054033167459041576
766,883,117,0.117,0.04929897584021092
770,885,115,0.115,0.04557907597720623
750,875,125,0.125,0.049671110705821774
724,862,138,0.138,0.05407317499203782
810,905,95,0.095,0.05284685109741986
668,834,166,0.166,0.0574810093606978
726,863,137,0.137,0.058751026137957525
716,858,142,0.142,0.05455715945363045
812,906,94,0.094,0.04920427509610545
822,911,89,0.089,0.04951096304563544
772,886,114,0.114,0.05229870520019904
818,909,91,0.091,0.0486121037688572
732,866,134,0.134,0.057604870094547206
790,895,105,0.105,0.053223481478692436
788,894,106,0.106,0.05498967452178478
786,893,107,0.107,0.05499567143432796
724,862,138,0.138,0.06012762780698756
730,865,135,0.135,0.05669998493790627
752,876,124,0.124,0.059028507390059534
744,872,128,0.128,0.05686229426159844
724,862,138,0.138,0.06249547109715058
710,855,145,0.145,0.06568910044059158
830,915,85,0.085,0.051127201612649414
766,883,117,0.117,0.0534441671528257
744,872,128,0.128,0.058309044137597084
772,886,114,0.114,0.05435862475447357
772,886,114,0.114,0.058912525518349836
772,886,114,0.114,0.058969722929410634
764,882,118,0.118,0.06026781855945592
822,911,89,0.089,0.05271028865692013
730,865,135,0.135,0.06399288000550586
714,857,143,0.143,0.0684915137014865
770,885,115,0.115,0.052680063347332176
778,889,111,0.111,0.05674008270446211
798,899,101,0.101,0.054785469153895976
812,906,94,0.094,0.05338099893578328
756,878,122,0.122,0.0642056237222544
752,876,124,0.124,0.05648616822079566
766,883,117,0.117,0.0555337343915606
818,909,91,0.091,0.04841564298560843
744,872,128,0.128,0.05586082732525394
782,891,109,0.109,0.05146928200684488
718,859,141,0.141,0.060930217276443724
744,872,128,0.128,0.05869013016391546
796,898,102,0.102,0.052549465971998874
800,900,100,0.1,0.050498308090493084
708,854,146,0.146,0.06108117796885244
748,874,126,0.126,0.054312522473745045
746,873,127,0.127,0.057682173355598935
804,902,98,0.098,0.050323276983574035
804,902,98,0.098,0.05544961009218987
752,876,124,0.124,0.06790757968836018
774,887,113,0.113,0.05571170147652447
702,851,149,0.149,0.06227824782338028
816,908,92,0.092,0.056449342270381765
706,853,147,0.147,0.05770527706528082
812,906,94,0.094,0.05389237019326538
748,874,126,0.126,0.05954319998180667
804,902,98,0.098,0.055065865918062624
760,880,120,0.12,0.06402029515933828
732,866,134,0.134,0.05633544864039868
730,865,135,0.135,0.06260333213773496
818,909,91,0.091,0.053460503120266366
788,894,106,0.106,0.06163325169682504
864,932,68,0.068,0.04795052428729832
762,881,119,0.119,0.06295091869682073
822,911,89,0.089,0.05326588705834001
810,905,95,0.095,0.053831413838081064
766,883,117,0.117,0.06914223886905453
790,895,105,0.105,0.06544007898308336
790,895,105,0.105,0.058903471421450374
714,857,143,0.143,0.0747937116477624
774,887,113,0.113,0.07151847039628774
752,876,124,0.124,0.07092454926471692
732,866,134,0.134,0.07211590500967577
738,869,131,0.131,0.06790044449801214
812,906,94,0.094,0.05580950466170907
782,891,109,0.109,0.06620893534086644
708,854,146,0.146,0.06926280266046524
774,887,113,0.113,0.06508957166597247
784,892,108,0.108,0.06956310715153813
764,882,118,0.118,0.07279433349519968
826,913,87,0.087,0.06646663993224501
768,884,116,0.116,0.06357270749285818
800,900,100,0.1,0.06926282655820253
834,917,83,0.083,0.06558384260721505
690,845,155,0.155,0.0867469125110656
712,856,144,0.144,0.07826913421601057
732,866,134,0.134,0.08093395658822108
776,888,112,0.112,0.07479423218923512
732,866,134,0.134,0.08332126214550226
760,880,120,0.12,0.07886854122392833
774,887,113,0.113,0.0770259670894593
698,849,151,0.151,0.09038327878969722
724,862,138,0.138,0.09061643760744482
774,887,113,0.113,0.08176489691995086
756,878,122,0.122,0.08081384463422002
740,870,130,0.13,0.08441691088676452
738,869,131,0.131,0.08339240144612267
734,867,133,0.133,0.08399968874370714
718,859,141,0.141,0.08958090944122524
768,884,116,0.116,0.09068182951051351
738,869,131,0.131,0.09676214524578655
770,885,115,0.115,0.09171124482713641
732,866,134,0.134,0.09940063647038204
758,879,121,0.121,0.0843081753589213
748,874,126,0.126,0.08560991110882266
750,875,125,0.125,0.0909899119715119
664,832,168,0.168,0.10133230406622601
778,889,111,0.111,0.0878319112099707
730,865,135,0.135,0.09355981911457266
798,899,101,0.101,0.08416581423790012
798,899,101,0.101,0.07249831004999578
732,866,134,0.134,0.07918787705223189
758,879,121,0.121,0.09154879503574193
756,878,122,0.122,0.08653908694162965
764,882,118,0.118,0.08708327273609484
802,901,99,0.099,0.08707856632238328
764,882,118,0.118,0.08641557487017368
750,875,125,0.125,0.09175679695274751
808,904,96,0.096,0.08606475684652105
786,893,107,0.107,0.09305139169700012
756,878,122,0.122,0.09638865185715258
776,888,112,0.112,0.0967104275316233
786,893,107,0.107,0.0908844171445817
790,895,105,0.105,0.09461532890424132
756,878,122,0.122,0.09751353599817958
720,860,140,0.14,0.1039621270261705
812,906,94,0.094,0.09183172835968435
788,894,106,0.106,0.0951379377593239
728,864,136,0.136,0.0993985003847629
798,899,101,0.101,0.08414449084619992
764,882,118,0.118,0.08933106705350656
678,839,161,0.161,0.09525812081992628
770,885,115,0.115,0.08764410522580147
766,883,117,0.117,0.0843936621248722
780,890,110,0.11,0.07577442560717464
766,883,117,0.117,0.07483116666600108
774,887,113,0.113,0.07285266215540469
720,860,140,0.14,0.07524813634090242
762,881,119,0.119,0.07679407885763795
800,900,100,0.1,0.08088442179816775
816,908,92,0.092,0.0682753387358971
768,884,116,0.116,0.07952640828024596
778,889,111,0.111,0.0735101221462246
726,863,137,0.137,0.08048629018478096
722,861,139,0.139,0.08186158827834893
752,876,124,0.124,0.08052576953172684
794,897,103,0.103,0.07883092240617183
694,847,153,0.153,0.07633441680102952
740,870,130,0.13,0.07170147078391165
780,890,110,0.11,0.07561044294313615
794,897,103,0.103,0.07290785185319715
772,886,114,0.114,0.0703744987193495
790,895,105,0.105,0.0698481699443655
772,886,114,0.114,0.07711958097209913
686,843,157,0.157,0.08551248274371027
790,895,105,0.105,0.06636036677038512
790,895,105,0.105,0.06930976326297969
770,885,115,0.115,0.07040832983423025
740,870,130,0.13,0.07302499824747792
772,886,114,0.114,0.07722694337787106
786,893,107,0.107,0.06523810927672366
780,890,110,0.11,0.07085500183701515
808,904,96,0.096,0.07388361738435924
758,879,121,0.121,0.07626621682848783
800,900,100,0.1,0.07064573196414858
784,892,108,0.108,0.07503744484717026
776,888,112,0.112,0.07651029652170836
766,883,117,0.117,0.06930260643170914
778,889,111,0.111,0.08422133629603196
724,862,138,0.138,0.09135710482560319
730,865,135,0.135,0.09035608046014432
734,867,133,0.133,0.11205451050028205
784,892,108,0.108,0.1091243239422928
760,880,120,0.12,0.11017010722336454
784,892,108,0.108,0.10313709155842662
742,871,129,0.129,0.11720793342750403
810,905,95,0.095,0.10695413370920943
766,883,117,0.117,0.11899359872192146
774,887,113,0.113,0.12270524843118297
758,879,121,0.121,0.11002099991869181
780,890,110,0.11,0.11774286698823744
764,882,118,0.118,0.11761167926716005
810,905,95,0.095,0.11418245975673198
732,866,134,0.134,0.12810137968310847
752,876,124,0.124,0.12973599060240668
768,884,116,0.116,0.122387870606035
722,861,139,0.139,0.13669062500889412
730,865,135,0.135,0.1403408874225073
756,878,122,0.122,0.13075782414525747
762,881,119,0.119,0.14248835326731205
790,895,105,0.105,0.12396990274723828
814,907,93,0.093,0.1307653635032475
758,879,121,0.121,0.1411312351077795
804,902,98,0.098,0.14577217135939283
714,857,143,0.143,0.15339399187751404
718,859,141,0.141,0.15634337073145435
750,875,125,0.125,0.14333322648088506
794,897,103,0.103,0.14756369900086777
788,894,106,0.106,0.15755336647853255
780,890,110,0.11,0.14558456423506141
740,870,130,0.13,0.1537572949482128
812,906,94,0.094,0.1617354478612542
772,886,114,0.114,0.17405817319080233
774,887,113,0.113,0.16583681788295507
690,845,155,0.155,0.1842738636326575
782,891,109,0.109,0.17602990382575817
732,866,134,0.134,0.19106168664991854
718,859,141,0.141,0.19752199351157196
818,909,91,0.091,0.18023015027802466
738,869,131,0.131,0.20522892376780516
794,897,103,0.103,0.1871582626849413
788,894,106,0.106,0.20150212379079313
814,907,93,0.093,0.18937412793189287
764,882,118,0.118,0.19725840189866722
792,896,104,0.104,0.20192848905175925
796,898,102,0.102,0.2119682819545269
768,884,116,0.116,0.21463762831926578
772,886,114,0.114,0.22239872178551742
776,888,112,0.112,0.22537622079998254
740,870,130,0.13,0.22887313683517277
712,856,144,0.144,0.23724540045241885
722,861,139,0.139,0.2530076949216891
782,891,109,0.109,0.2542111087597634
658,829,171,0.171,0.27684959876537324
756,878,122,0.122,0.26328141122950466
808,904,96,0.096,0.25894262550771235
766,883,117,0.117,0.2539531069449149
782,891,109,0.109,0.25840307484957886
724,862,138,0.138,0.2687172650024295
742,871,129,0.129,0.2647058505625464
784,892,108,0.108,0.2788719414994121
778,889,111,0.111,0.26830664552851136
794,897,103,0.103,0.2758844877019292
782,891,109,0.109,0.27879256400838576
766,883,117,0.117,0.2733056741207838
758,879,121,0.121,0.28657203548029064
662,831,169,0.169,0.3057533955159597
742,871,129,0.129,0.30507085971150083
830,915,85,0.085,0.2924900948917984
766,883,117,0.117,0.3228256265264549
744,872,128,0.128,0.3259355377256896
784,892,108,0.108,0.3022042369768024
734,867,133,0.133,0.3481140800868161
774,887,113,0.113,0.3546041986225755
786,893,107,0.107,0.3489142612367868
758,879,121,0.121,0.34753737290203573
806,903,97,0.097,0.3501257725507021
808,904,96,0.096,0.3836913219988346
828,914,86,0.086,0.3579716786518693
690,845,155,0.155,0.4076767541393638
792,896,104,0.104,0.3757661355524906
776,888,112,0.112,0.397801281850785
730,865,135,0.135,0.43959979018568995
760,880,120,0.12,0.40290699848081474
730,865,135,0.135,0.41847983757573093
700,850,150,0.15,0.44655129573494196
798,899,101,0.101,0.42436424120888117
768,884,116,0.116,0.4547063885015624
784,892,108,0.108,0.4516669916063547
768,884,116,0.116,0.4760854523479939
744,872,128,0.128,0.4847467015981674
764,882,118,0.118,0.48932637270353735
674,837,163,0.163,0.5199022925496102
746,873,127,0.127,0.4750323934853077
712,856,144,0.144,0.510349826432027
752,876,124,0.124,0.47366913555179785
700,850,150,0.15,0.48334320340305564
656,828,172,0.172,0.47566443921235624
652,826,174,0.174,0.4866068497542292
736,868,132,0.132,0.47725503542646763
742,871,129,0.129,0.4479625920354738
752,876,124,0.124,0.4569409328431611
700,850,150,0.15,0.46248936801955415
748,874,126,0.126,0.42594498594663516
774,887,113,0.113,0.37386123555898665
806,903,97,0.097,0.3564515438303351
766,883,117,0.117,0.3553114521598923
782,891,109,0.109,0.36917622032016517
746,873,127,0.127,0.29119491442060824
766,883,117,0.117,0.2888011573640775
784,892,108,0.108,0.3138021972114179
708,854,146,0.146,0.33970332124829294
772,886,114,0.114,0.3153465649780254
788,894,106,0.106,0.2693906800411642
760,880,120,0.12,0.2665994348415161
786,893,107,0.107,0.29673455959558487
730,865,135,0.135,0.27101566703617574
712,856,144,0.144,0.3197282105833292
760,880,120,0.12,0.2800850428532867
750,875,125,0.125,0.27225570053979753
712,856,144,0.144,0.3289596970449202
764,882,118,0.118,0.28785670035332794
764,882,118,0.118,0.2960829446925927
656,828,172,0.172,0.3249596293270588
816,908,92,0.092,0.3320957538001239
692,846,154,0.154,0.35210653479397297
754,877,123,0.123,0.3667922791824126
772,886,114,0.114,0.35108236815594285
778,889,111,0.111,0.3361794440299273
674,837,163,0.163,0.34970161697268487
788,894,106,0.106,0.31897327807085896
756,878,122,0.122,0.32291254390134416
664,832,168,0.168,0.3525486125834286
714,857,143,0.143,0.35798627544939515
814,907,93,0.093,0.3061108353808522
710,855,145,0.145,0.31934068421914164
806,903,97,0.097,0.29577987629920244
790,895,105,0.105,0.2909961401820183
706,853,147,0.147,0.33822580365929755
740,870,130,0.13,0.30801244363405567
758,879,121,0.121,0.3211710903956555
718,859,141,0.141,0.33001594199799
798,899,101,0.101,0.29905842693752493
772,886,114,0.114,0.31884094127081336
706,853,147,0.147,0.3453050829768181
784,892,108,0.108,0.3545705649852753
778,889,111,0.111,0.33793865449284205
784,892,108,0.108,0.3218018779174055
748,874,126,0.126,0.3700456919717136
792,896,104,0.104,0.3589997741227932
834,917,83,0.083,0.3538783511242364
746,873,127,0.127,0.37547495202267556
722,861,139,0.139,0.38512808759254186
748,874,126,0.126,0.38017602111399174
724,862,138,0.138,0.41425835989715265
720,860,140,0.14,0.41789354334906925
822,911,89,0.089,0.3952249746581654
712,856,144,0.144,0.43912920378148557
754,877,123,0.123,0.4312474587064935
726,863,137,0.137,0.44280659285993273
712,856,144,0.144,0.43864185354858637
770,885,115,0.115,0.42587600114996815
730,865,135,0.135,0.47909279819298534
784,892,108,0.108,0.45663542722165584
730,865,135,0.135,0.47443084441363315
830,915,85,0.085,0.4420335222125577
734,867,133,0.133,0.4685705735385418
752,876,124,0.124,0.4888260000640294
766,883,117,0.117,0.4724393388000899
732,866,134,0.134,0.4951179179698229
770,885,115,0.115,0.4795883054248989
736,868,132,0.132,0.5027875191345811
716,858,142,0.142,0.5092833726573736
686,843,157,0.157,0.4928519179224968
714,857,143,0.143,0.4886265340745449
734,867,133,0.133,0.509739869683981
788,894,106,0.106,0.5298121742606163
798,899,101,0.101,0.5491316440999507
800,900,100,0.1,0.5542068121731282
792,896,104,0.104,0.5534499301314354
802,901,99,0.099,0.5894966243654489
768,884,116,0.116,0.6233854278544099
718,859,141,0.141,0.6306806148923934
772,886,114,0.114,0.6631360992491245
682,841,159,0.159,0.7020097606464988
732,866,134,0.134,0.7000926268026233
798,899,101,0.101,0.6752803176492452
714,857,143,0.143,0.7247254732586443
824,912,88,0.088,0.7199686869084835
738,869,131,0.131,0.7327621349231582
674,837,163,0.163,0.7689683346748352
740,870,130,0.13,0.7381849764921395
746,873,127,0.127,0.7392194036423316
720,860,140,0.14,0.845313025303185
732,866,134,0.134,0.8386082231998453
730,865,135,0.135,0.853607311964035
772,886,114,0.114,0.8690707644815556
762,881,119,0.119,0.8829011225923896
770,885,115,0.115,0.8695374600589275
770,885,115,0.115,0.871825834807194
738,869,131,0.131,0.882468670129776
774,887,113,0.113,0.9010369935035706
654,827,173,0.173,0.9302606644430198
744,872,128,0.128,0.896146723151207
752,876,124,0.124,0.8947704831447918
704,852,148,0.148,0.8869605928063392
726,863,137,0.137,0.8824360548465338
744,872,128,0.128,0.8749916163682938
780,890,110,0.11,0.8450573136955499
736,868,132,0.132,0.8465209856506362
652,826,174,0.174,0.87916029366855
788,894,106,0.106,0.7761980714201927
780,890,110,0.11,0.7807429985404014
684,842,158,0.158,0.8323855700125768
696,848,152,0.152,0.7993386686304584
700,850,150,0.15,0.7849494089088161
760,880,120,0.12,0.7377119148635102
732,866,134,0.134,0.775847876906395
754,877,123,0.123,0.7705431396663189
724,862,138,0.138,0.7617465553283691
738,869,131,0.131,0.7707554206848145
794,897,103,0.103,0.7429861667007208
744,872,128,0.128,0.7418687911194284
726,863,137,0.137,0.7476864082217216
696,848,152,0.152,0.7627504022614158
756,878,122,0.122,0.7398994082212448
744,872,128,0.128,0.7418222696185112
722,861,139,0.139,0.7318362118005752
772,886,114,0.114,0.7113389680087566
772,886,114,0.114,0.7107287467718124
746,873,127,0.127,0.7090759151064558
804,902,98,0.098,0.6739214001297951
734,867,133,0.133,0.7091110110282898
726,863,137,0.137,0.7033353216648102
696,848,152,0.152,0.7122264972925186
754,877,123,0.123,0.6936556209474802
752,876,124,0.124,0.6746666651070118
788,894,106,0.106,0.6818773925607945
748,874,126,0.126,0.6660865389693547
768,884,116,0.116,0.6708712563626468
666,833,167,0.167,0.6641948722284288
760,880,120,0.12,0.643980019569397
820,910,90,0.09,0.6175752679724974
728,864,136,0.136,0.6142544275522233
720,860,140,0.14,0.6512369214147329
750,875,125,0.125,0.6129153052270413
698,849,151,0.151,0.6193375842273235
778,889,111,0.111,0.5833954516351223
802,901,99,0.099,0.5635309517979622
770,885,115,0.115,0.5463623639022903
708,854,146,0.146,0.5137271358817815
834,917,83,0.083,0.4961315360367298
802,901,99,0.099,0.5066920768025464
750,875,125,0.125,0.4983167545468314
742,871,129,0.129,0.4899006543791495
792,896,104,0.104,0.43333723248529715
692,846,154,0.154,0.4515721211731434
768,884,116,0.116,0.4119255151897669
752,876,124,0.124,0.42504768230021
756,878,122,0.122,0.38847503581643106
792,896,104,0.104,0.381801986328559
736,868,132,0.132,0.4164605802513106
792,896,104,0.104,0.37152010929584506
754,877,123,0.123,0.38195036178827285
768,884,116,0.116,0.3604946800228208
702,851,149,0.149,0.34979116775095465
750,875,125,0.125,0.34735825191438197
748,874,126,0.126,0.35793279142677786
786,893,107,0.107,0.33363169457811453
752,876,124,0.124,0.34649247498437763
724,862,138,0.138,0.3505495242923498
768,884,116,0.116,0.34567163048684596
788,894,106,0.106,0.35653483029454947
764,882,118,0.118,0.3524992570317551
786,893,107,0.107,0.35527881396661687
736,868,132,0.132,0.3687249563965015
800,900,100,0.1,0.357602774982538
786,893,107,0.107,0.3647733217328787
762,881,119,0.119,0.36590875823795793
708,854,146,0.146,0.41364343848824503
802,901,99,0.099,0.3882798584401608
792,896,104,0.104,0.4057659396529198
764,882,118,0.118,0.4230816737131681
720,860,140,0.14,0.4641975600793958
740,870,130,0.13,0.4657788214981556
724,862,138,0.138,0.46603606514065904
776,888,112,0.112,0.449018342345953
712,856,144,0.144,0.4662835931677255
704,852,148,0.148,0.45196186189353466
738,869,131,0.131,0.45065500685572624
784,892,108,0.108,0.4402927852421999
742,871,129,0.129,0.45626088589429853
778,889,111,0.111,0.4518243726044893
744,872,128,0.128,0.45187669186294077
716,858,142,0.142,0.4438738197386265
752,876,124,0.124,0.4187183595597744
744,872,128,0.128,0.4123866598010063
692,846,154,0.154,0.4393464892692864
754,877,123,0.123,0.4286083547293194
736,868,132,0.132,0.38574205710645765
758,879,121,0.121,0.37808431778053
736,868,132,0.132,0.3921599179208279
804,902,98,0.098,0.3618288062687369
742,871,129,0.129,0.3743636195102586
810,905,95,0.095,0.36950952724499286
780,890,110,0.11,0.3588667774073256
750,875,125,0.125,0.35805645725131036
746,873,127,0.127,0.35865667603560725
738,869,131,0.131,0.3636383570358157
752,876,124,0.124,0.3360866506397724
722,861,139,0.139,0.34076240663230417
720,860,140,0.14,0.35696867112771724
786,893,107,0.107,0.32625739829142925
802,901,99,0.099,0.32006912769190965
688,844,156,0.156,0.34165319517371245
774,887,113,0.113,0.3113365069292486
794,897,103,0.103,0.302658608039924
810,905,95,0.095,0.30033027454838157
812,906,94,0.094,0.3039796038269997
708,854,146,0.146,0.305460683465004
772,886,114,0.114,0.2958379352651537
758,879,121,0.121,0.3120355161130428
716,858,142,0.142,0.28911529337555114
784,892,108,0.108,0.27100019957788757
744,872,128,0.128,0.2737609051801264
720,860,140,0.14,0.2926253987616219
742,871,129,0.129,0.2805918383761681
782,891,109,0.109,0.2743868894497611
764,882,118,0.118,0.2612142199128866
678,839,161,0.161,0.28481422511089477
734,867,133,0.133,0.2540925857259078
824,912,88,0.088,0.24618416620737435
740,870,130,0.13,0.2566592326760292
752,876,124,0.124,0.2533869341686368
670,835,165,0.165,0.2513073858544458
806,903,97,0.097,0.24347663168742292
712,856,144,0.144,0.24231992657482623
752,876,124,0.124,0.25266298557817934
712,856,144,0.144,0.2602069796472788
760,880,120,0.12,0.26868410417437555
756,878,122,0.122,0.26600333185121416
792,896,104,0.104,0.2660463263681158
756,878,122,0.122,0.25885276326723394
746,873,127,0.127,0.2648107005208731
788,894,106,0.106,0.24959948459267617
784,892,108,0.108,0.25782269608974456
748,874,126,0.126,0.2665076844841242
792,896,104,0.104,0.25540949146652886
798,899,101,0.101,0.2558062920421362
782,891,109,0.109,0.25016539143770933
782,891,109,0.109,0.2651736087054014
770,885,115,0.115,0.26038996372231427
828,914,86,0.086,0.2341555935560027
782,891,109,0.109,0.24724086402356624
800,900,100,0.1,0.24237949569523334
798,899,101,0.101,0.2419830725863576
766,883,117,0.117,0.253459583769568
832,916,84,0.084,0.23902363374712876
762,881,119,0.119,0.2587203104943037
720,860,140,0.14,0.2604471050510183
832,916,84,0.084,0.24957305661790388
728,864,136,0.136,0.25341415202617645
782,891,109,0.109,0.25906696550548075
748,874,126,0.126,0.25957473380304874
786,893,107,0.107,0.2620207670507225
750,875,125,0.125,0.2659858647510409
738,869,131,0.131,0.26521875327825545
740,870,130,0.13,0.272946627254365
726,863,137,0.137,0.29371390905603767
772,886,114,0.114,0.28491788305342197
772,886,114,0.114,0.28558322629332544
776,888,112,0.112,0.29682545742951333
802,901,99,0.099,0.295269803956151
752,876,124,0.124,0.30412453322315436
802,901,99,0.099,0.30916078652907164
776,888,112,0.112,0.31453368212909616
766,883,117,0.117,0.30458795285224916
792,896,104,0.104,0.296828935045749
788,894,106,0.106,0.3196023667289119
748,874,126,0.126,0.30879841368460986
754,877,123,0.123,0.3137892525929492
770,885,115,0.115,0.3307354755103588
740,870,130,0.13,0.3453308448866201
768,884,116,0.116,0.3471141972988844
784,892,108,0.108,0.33484740671515467
778,889,111,0.111,0.33640969167838525
738,869,131,0.131,0.34421377960775124
810,905,95,0.095,0.36828730410337446
736,868,132,0.132,0.3821538139878539
786,893,107,0.107,0.3900415420383215
754,877,123,0.123,0.3844712655097246
770,885,115,0.115,0.4028638613224029
726,863,137,0.137,0.3959871842724344
720,860,140,0.14,0.4145550923347473
748,874,126,0.126,0.41288629758358003
730,865,135,0.135,0.42076416781544684
772,886,114,0.114,0.4260939757367596
748,874,126,0.126,0.44437005550041797
768,884,116,0.116,0.4463488416550681
794,897,103,0.103,0.43510906042298303
760,880,120,0.12,0.4581009573582633
698,849,151,0.151,0.46604348934665907
798,899,101,0.101,0.4706335427463055
738,869,131,0.131,0.47991481667011976
736,868,132,0.132,0.48591927954923686
784,892,108,0.108,0.4784653091095388
818,909,91,0.091,0.46925439645908773
712,856,144,0.144,0.48219518426060676
756,878,122,0.122,0.4878013911382295
754,877,123,0.123,0.47854467544332147
792,896,104,0.104,0.4920017673522234
724,862,138,0.138,0.48557949515292853
746,873,127,0.127,0.48855113926529886
742,871,129,0.129,0.49184984922985314
738,869,131,0.131,0.490214705824852
800,900,100,0.1,0.4703202788151684
828,914,86,0.086,0.4631857535392046
780,890,110,0.11,0.4489824585989118
770,885,115,0.115,0.4618170119678307
702,851,149,0.149,0.46352904771268366
776,888,112,0.112,0.43794891537661895
816,908,92,0.092,0.4181386940446391
760,880,120,0.12,0.4274453845322132
754,877,123,0.123,0.4094126826832071
742,871,129,0.129,0.4145215688943863
768,884,116,0.116,0.34171683893352744
770,885,115,0.115,0.3173627942726016
778,889,111,0.111,0.32171367304772136
732,866,134,0.134,0.291032253139938
732,866,134,0.134,0.27664033544808625
768,884,116,0.116,0.24005482330173253
720,860,140,0.14,0.26611974713392555
850,925,75,0.075,0.208920519515872
762,881,119,0.119,0.22259612638130785
756,878,122,0.122,0.24834590502220363
760,880,120,0.12,0.21199237682670355
746,873,127,0.127,0.2022292769511696
722,861,139,0.139,0.20272582637518644
822,911,89,0.089,0.2007257326953113
746,873,127,0.127,0.20192032689787448
690,845,155,0.155,0.21127090754359962
724,862,138,0.138,0.1913423892557621
800,900,100,0.1,0.18282333860546351
736,868,132,0.132,0.19469979848712682
718,859,141,0.141,0.214006541011855
772,886,114,0.114,0.21294417049735784
796,898,102,0.102,0.2133869964890182
758,879,121,0.121,0.21973287212103607
730,865,135,0.135,0.2226791866607964
744,872,128,0.128,0.2186000981554389
796,898,102,0.102,0.21098372159123574
752,876,124,0.124,0.23429353983700277
724,862,138,0.138,0.23156657745689155
768,884,116,0.116,0.2271084660020897
758,879,121,0.121,0.23346177827692555
782,891,109,0.109,0.2292963294442743
784,892,108,0.108,0.2225846944624718
778,889,111,0.111,0.2174609831146081
768,884,116,0.116,0.22210754490457474
770,885,115,0.115,0.20617769897729157
780,890,110,0.11,0.21019348746538163
724,862,138,0.138,0.20191484632364154
842,921,79,0.079,0.18981159743666648
802,901,99,0.099,0.19159892081469299
786,893,107,0.107,0.19061493659764528
744,872,128,0.128,0.18134940439462663
758,879,121,0.121,0.19737368726001023
776,888,112,0.112,0.19563697136193514
798,899,101,0.101,0.19010169087074968
698,849,151,0.151,0.20527046118676662
762,881,119,0.119,0.18288892940059304
696,848,152,0.152,0.20074806729870578
726,863,137,0.137,0.18850443729464803
758,879,121,0.121,0.19227622980624437
750,875,125,0.125,0.18987289976282046
832,916,84,0.084,0.19838851958278325
734,867,133,0.133,0.2063201482574339
760,880,120,0.12,0.2000791939851235
772,886,114,0.114,0.194813599050045
746,873,127,0.127,0.19615361542254686
712,856,144,0.144,0.20238054990023374
790,895,105,0.105,0.19082715549645946
824,912,88,0.088,0.19866632764041423
768,884,116,0.116,0.20617097763717174
800,900,100,0.1,0.18704676966369152
684,842,158,0.158,0.21809421233087778
730,865,135,0.135,0.2008630851880016
802,901,99,0.099,0.19942892642784862
708,854,146,0.146,0.21573063531519845
734,867,133,0.133,0.21719820837205042
794,897,103,0.103,0.2326299544069916
754,877,123,0.123,0.2141707896143198
774,887,113,0.113,0.20962980166822673
670,835,165,0.165,0.22124493646621704
810,905,95,0.095,0.22338364750891923
754,877,123,0.123,0.2174028741195798
726,863,137,0.137,0.23773118105903485
758,879,121,0.121,0.22495327749848365
738,869,131,0.131,0.24302368310280145
806,903,97,0.097,0.23309792437189025
740,870,130,0.13,0.24612287604236321
712,856,144,0.144,0.24899381830729544
772,886,114,0.114,0.24681081496179103
702,851,149,0.149,0.27058692725002764
728,864,136,0.136,0.2586477441662116
720,860,140,0.14,0.2679119765907526
768,884,116,0.116,0.25233632157742975
752,876,124,0.124,0.2602362563954666
810,905,95,0.095,0.2535901942244418
754,877,123,0.123,0.2726224220097065
762,881,119,0.119,0.26882416032254697
750,875,125,0.125,0.27242588941100987
752,876,124,0.124,0.25938613365218044
810,905,95,0.095,0.28052767646871507
804,902,98,0.098,0.2694278181940317
824,912,88,0.088,0.2747372285208921
816,908,92,0.092,0.2786132047693245
782,891,109,0.109,0.27590317030251027
738,869,131,0.131,0.2922370565477759
792,896,104,0.104,0.28651482802007794
774,887,113,0.113,0.28907032782065856
826,913,87,0.087,0.27077081467211245
766,883,117,0.117,0.2898380695581436
754,877,123,0.123,0.2916067112609744
730,865,135,0.135,0.30149676425755023
674,837,163,0.163,0.30850156164728104
794,897,103,0.103,0.30753597235772756
768,884,116,0.116,0.3094412012994289
692,846,154,0.154,0.32343659117392964
744,872,128,0.128,0.3328202453777194
802,901,99,0.099,0.3378543582558632
730,865,135,0.135,0.35673777270317075
772,886,114,0.114,0.38962416191399096
744,872,128,0.128,0.3999898912608624
828,914,86,0.086,0.3992376359850168
770,885,115,0.115,0.381697778762551
768,884,116,0.116,0.3940760457664728
694,847,153,0.153,0.39613759648427366
780,890,110,0.11,0.39540309719089417
738,869,131,0.131,0.4063766665905714
786,893,107,0.107,0.41880134200374597
740,870,130,0.13,0.44029097244143484
684,842,158,0.158,0.48621388402929006
786,893,107,0.107,0.46203349810279903
774,887,113,0.113,0.4902383979824517
728,864,136,0.136,0.49375021865963936
738,869,131,0.131,0.5196347476392984
740,870,130,0.13,0.5777232665494084
792,896,104,0.104,0.577865951403277
736,868,132,0.132,0.5644012828553586
724,862,138,0.138,0.5882410262227058
734,867,133,0.133,0.6094827424585819
822,911,89,0.089,0.5778874273896217
730,865,135,0.135,0.6045361774861813
784,892,108,0.108,0.6003348896509033
804,902,98,0.098,0.5994754739105701
750,875,125,0.125,0.6174566241204739
780,890,110,0.11,0.6287919518807757
802,901,99,0.099,0.6321879154443741
790,895,105,0.105,0.6495541637837887
768,884,116,0.116,0.6462630282491445
702,851,149,0.149,0.662580374866724
738,869,131,0.131,0.6602184281945228
718,859,141,0.141,0.6887283220450626
808,904,96,0.096,0.6811314524114132
720,860,140,0.14,0.6936485378146171
754,877,123,0.123,0.6972464885115623
788,894,106,0.106,0.6932537164688111
702,851,149,0.149,0.7018545489609241
726,863,137,0.137,0.7144078050851822
700,850,150,0.15,0.7214838700664695
706,853,147,0.147,0.7269166429494508
720,860,140,0.14,0.7185804049707949
800,900,100,0.1,0.7115620773950941
726,863,137,0.137,0.7135604514479638
762,881,119,0.119,0.717517326131463
762,881,119,0.119,0.7175155568718911
714,857,143,0.143,0.7094094324260444
768,884,116,0.116,0.7154845404326916
762,881,119,0.119,0.705792410761118
776,888,112,0.112,0.6989561792016029
756,878,122,0.122,0.7045766096774023
790,895,105,0.105,0.6988917401432991
774,887,113,0.113,0.7025060785710812
724,862,138,0.138,0.6913455304670743
746,873,127,0.127,0.6684192575514316
742,871,129,0.129,0.639363689661026
754,877,123,0.123,0.5851114397282945
792,896,104,0.104,0.605915061056614
750,875,125,0.125,0.5975632536411285
710,855,145,0.145,0.5764004245904798
724,862,138,0.138,0.5300274855792523
754,877,123,0.123,0.5247383124977351
806,903,97,0.097,0.48158230530656876
766,883,117,0.117,0.48007910591363906
754,877,123,0.123,0.47153892761468885
758,879,121,0.121,0.43514335812069715
664,832,168,0.168,0.4764312993139029
768,884,116,0.116,0.43709212386608126
768,884,116,0.116,0.40829380571842194
808,904,96,0.096,0.4103557574152946
738,869,131,0.131,0.3233988548707521
784,892,108,0.108,0.3230174586325884
736,868,132,0.132,0.28073681687563656
786,893,107,0.107,0.25106216138228776
686,843,157,0.157,0.2398921258971095
732,866,134,0.134,0.259490237504245
768,884,116,0.116,0.23263533460328367
764,882,118,0.118,0.21387706480920315
720,860,140,0.14,0.25098948922760494
758,879,121,0.121,0.21918711229413748
746,873,127,0.127,0.21140507528930902
768,884,116,0.116,0.21132606926187872
798,899,101,0.101,0.18075703162327408
812,906,94,0.094,0.18155351907387376
672,836,164,0.164,0.18608323424123227
814,907,93,0.093,0.16370854502165458
836,918,82,0.082,0.14631821121834218
746,873,127,0.127,0.1477856114567949
768,884,116,0.116,0.13543279715999962
760,880,120,0.12,0.1319550523146132
836,918,82,0.082,0.11562758398614824
784,892,108,0.108,0.12021899744947769
790,895,105,0.105,0.12788263705465944
788,894,106,0.106,0.12056393641087924
726,863,137,0.137,0.11877826260682195
792,896,104,0.104,0.1158663960248232
728,864,136,0.136,0.12281531530246138
740,870,130,0.13,0.11855518159782515
734,867,133,0.133,0.11393803768791258
768,884,116,0.116,0.10384315539896488
742,871,129,0.129,0.10536957213305868
738,869,131,0.131,0.11280299612507225
814,907,93,0.093,0.10211791219934821
712,856,144,0.144,0.10020335968583823
808,904,96,0.096,0.09270953931455733
750,875,125,0.125,0.10251915381755682
688,844,156,0.156,0.10171551572158934
686,843,157,0.157,0.10701540907821618
784,892,108,0.108,0.09526941520348191
774,887,113,0.113,0.09346436800807714
736,868,132,0.132,0.10116952161863446
694,847,153,0.153,0.10726077697798611
794,897,103,0.103,0.0945385652333498
748,874,126,0.126,0.09555917051993312
752,876,124,0.124,0.09832073838450014
740,870,130,0.13,0.09135449080839805
736,868,132,0.132,0.09025118052615744
750,875,125,0.125,0.09331524937972428
798,899,101,0.101,0.08670153035440308
784,892,108,0.108,0.08315103041473776
758,879,121,0.121,0.09198352102024364
812,906,94,0.094,0.08977779470853421
796,898,102,0.102,0.08385657680593431
772,886,114,0.114,0.08257743426971137
704,852,148,0.148,0.08844198857806623
742,871,129,0.129,0.09308322718329552
810,905,95,0.095,0.08215663745254279
716,858,142,0.142,0.09271699864184484
814,907,93,0.093,0.0907810754030943
744,872,128,0.128,0.08869948744401336
748,874,126,0.126,0.09108074266277265
760,880,120,0.12,0.08527739935070532
752,876,124,0.124,0.09681990865571424
756,878,122,0.122,0.09637848456948996
754,877,123,0.123,0.09156046990212054
724,862,138,0.138,0.09037519466937374
776,888,112,0.112,0.08535484504234046
802,901,99,0.099,0.09637522640568204
762,881,119,0.119,0.08501803795993329
732,866,134,0.134,0.09771251874044538
760,880,120,0.12,0.09805484881997109
738,869,131,0.131,0.09885877007432282
772,886,114,0.114,0.09775663321049069
760,880,120,0.12,0.10102153052948415
780,890,110,0.11,0.0961368369194679
772,886,114,0.114,0.0975364368132432
738,869,131,0.131,0.09965465470398706
756,878,122,0.122,0.10136292569364014
736,868,132,0.132,0.09552862721795645
680,840,160,0.16,0.10008419063314795
748,874,126,0.126,0.10375691732267296
806,903,97,0.097,0.0977186204381287
802,901,99,0.099,0.10041101774101197
776,888,112,0.112,0.09685555193788771
742,871,129,0.129,0.103746872484684
766,883,117,0.117,0.10330766575597226
838,919,81,0.081,0.09399472909528413
798,899,101,0.101,0.09679752844199538
748,874,126,0.126,0.10473012285890321
722,861,139,0.139,0.12331304228137015
784,892,108,0.108,0.10466555832326412
728,864,136,0.136,0.11708824582337778
780,890,110,0.11,0.10621271693892777
770,885,115,0.115,0.11544427558779717
798,899,101,0.101,0.09291627906364738
818,909,91,0.091,0.10151536688581109
764,882,118,0.118,0.10784945513866842
800,900,100,0.1,0.10445679717782423
738,869,131,0.131,0.12063864635815844
768,884,116,0.116,0.10798371713422239
728,864,136,0.136,0.1174916318655014
788,894,106,0.106,0.10199555577382308
660,830,170,0.17,0.12605682309232363
764,882,118,0.118,0.11362301108241081
676,838,162,0.162,0.1200856770691858
760,880,120,0.12,0.11278766288235784
758,879,121,0.121,0.10800918908726453
752,876,124,0.124,0.1103162782844156
740,870,130,0.13,0.11309169629588724
780,890,110,0.11,0.11488559141758607
786,893,107,0.107,0.10929704566672445
786,893,107,0.107,0.10399106794362888
730,865,135,0.135,0.11465006219781936
820,910,90,0.09,0.09823569588549436
786,893,107,0.107,0.09423661332577467
780,890,110,0.11,0.09772592286625423
796,898,102,0.102,0.10109601101605221
758,879,121,0.121,0.09682073901849798
748,874,126,0.126,0.1009000471122563
828,914,86,0.086,0.08950240788934753
780,890,110,0.11,0.09479158972483129
760,880,120,0.12,0.09057368713989854
794,897,103,0.103,0.08990217326022684
730,865,135,0.135,0.09595116055663937
760,880,120,0.12,0.09910629470087588
770,885,115,0.115,0.10100757372938096
770,885,115,0.115,0.10363653703965246
712,856,144,0.144,0.09433404684066772
736,868,132,0.132,0.1105363742352929
780,890,110,0.11,0.10774958863481879
708,854,146,0.146,0.11965471552638338
800,900,100,0.1,0.10281304871104657
720,860,140,0.14,0.12341548408463135
770,885,115,0.115,0.1074872422972694
754,877,123,0.123,0.11807968591898681
766,883,117,0.117,0.1188772957585752
730,865,135,0.135,0.11395065091790378
756,878,122,0.122,0.11662860431087904
780,890,110,0.11,0.11430251147970558
716,858,142,0.142,0.11549212353019767
764,882,118,0.118,0.12274037851020696
744,872,128,0.128,0.1207201358115999
790,895,105,0.105,0.10974970363825559
786,893,107,0.107,0.11327948528155685
808,904,96,0.096,0.10418860088102519
730,865,135,0.135,0.112121324762702
734,867,133,0.133,0.11064676427841187
760,880,120,0.12,0.10316636786973686
790,895,105,0.105,0.10473195489123463
748,874,126,0.126,0.11555728068167809
688,844,156,0.156,0.105652479223907
788,894,106,0.106,0.10121470174565911
788,894,106,0.106,0.09510167554300278
788,894,106,0.106,0.09284647009149194
742,871,129,0.129,0.10078472884435133
658,829,171,0.171,0.11530789296329022
790,895,105,0.105,0.09548484053416177
704,852,148,0.148,0.11244409981463105
800,900,100,0.1,0.0944574234551219
786,893,107,0.107,0.09988370466418564
654,827,173,0.173,0.10728958651005112
750,875,125,0.125,0.09852392688835972
764,882,118,0.118,0.09700846996344625
720,860,140,0.14,0.09910694194119424
800,900,100,0.1,0.09432087077619508
764,882,118,0.118,0.10075041413629152
758,879,121,0.121,0.09573596940934662
706,853,147,0.147,0.1024273820274036
828,914,86,0.086,0.08904741925013333
758,879,121,0.121,0.09618061887100339
722,861,139,0.139,0.1010861331384706
764,882,118,0.118,0.0992997120918044
748,874,126,0.126,0.10248207421973347
772,886,114,0.114,0.10001905120909214
776,888,112,0.112,0.10156788271293044
702,851,149,0.149,0.11086911903135478
738,869,131,0.131,0.10774988853375307
764,882,118,0.118,0.10287899958528578
722,861,139,0.139,0.10313748778030277
736,868,132,0.132,0.11267235449917175
740,870,130,0.13,0.11354560892470181
706,853,147,0.147,0.11186112470943005
686,843,157,0.157,0.11431684080138803
760,880,120,0.12,0.105102374284362
740,870,130,0.13,0.1084605392999947
768,884,116,0.116,0.1047537638740614
726,863,137,0.137,0.11125011757153108
704,852,148,0.148,0.11113725423440338
724,862,138,0.138,0.09794607044011354
728,864,136,0.136,0.09368535869801417
718,859,141,0.141,0.09993914501369
676,838,162,0.162,0.10565352732127846
804,902,98,0.098,0.08521163121429426
746,873,127,0.127,0.09976672573592259
768,884,116,0.116,0.09123843010887503
758,879,121,0.121,0.09042393736288068
810,905,95,0.095,0.0814301820602268
796,898,102,0.102,0.08833182442281395
768,884,116,0.116,0.08825651590898632
714,857,143,0.143,0.09163570078388329
744,872,128,0.128,0.08756938161514699
752,876,124,0.124,0.08464525028504431
748,874,126,0.126,0.09265764206275344
728,864,136,0.136,0.08722336784377695
756,878,122,0.122,0.08459190754592419
770,885,115,0.115,0.0807753791360301
760,880,120,0.12,0.07885035740211606
702,851,149,0.149,0.08349816208891574
796,898,102,0.102,0.07084758324362359
804,902,98,0.098,0.07500605862401426
790,895,105,0.105,0.07531022837758064
744,872,128,0.128,0.07207738848030568
764,882,118,0.118,0.06867042006738484
758,879,121,0.121,0.07316173244081438
764,882,118,0.118,0.0699638718413189
818,909,91,0.091,0.069227992458269
840,920,80,0.08,0.06348137052822858
780,890,110,0.11,0.07187893760763109
828,914,86,0.086,0.06490092547575478
770,885,115,0.115,0.06751277067951741
776,888,112,0.112,0.06677471230336036
784,892,108,0.108,0.07066119792871177
698,849,151,0.151,0.07414855359494686
786,893,107,0.107,0.06993512871031178
758,879,121,0.121,0.07559589200641494
796,898,102,0.102,0.07072869737818838
712,856,144,0.144,0.07730938843615204
758,879,121,0.121,0.07568214440231533
830,915,85,0.085,0.06591502167546423
840,920,80,0.08,0.06705607464193514
736,868,132,0.132,0.08324551335567286
752,876,124,0.124,0.06907438258826733
798,899,101,0.101,0.07427347789346397
762,881,119,0.119,0.07953549242159352
726,863,137,0.137,0.08350310529768466
734,867,133,0.133,0.07462813164945692
780,890,110,0.11,0.07177333380747586
744,872,128,0.128,0.07514975287066773
698,849,151,0.151,0.08542048617755063
818,909,91,0.091,0.06472868424933403
778,889,111,0.111,0.07609077329561115
768,884,116,0.116,0.07424471626617014
796,898,102,0.102,0.07257864637672902
778,889,111,0.111,0.07363498177564666
726,863,137,0.137,0.07831144519522786
740,870,130,0.13,0.08105507776141167
668,834,166,0.166,0.08395624306797982
764,882,118,0.118,0.07410607374366374
792,896,104,0.104,0.0796241235723719
812,906,94,0.094,0.07816107485996326
800,900,100,0.1,0.07644503642618657
798,899,101,0.101,0.08472585558891296
818,909,91,0.091,0.07869138996116817
758,879,121,0.121,0.08460896374614515
726,863,137,0.137,0.0907802731413455
762,881,119,0.119,0.08258564147911966
744,872,128,0.128,0.084799694412387
694,847,153,0.153,0.0928262926332245
824,912,88,0.088,0.07733405726775529
764,882,118,0.118,0.08177313727699222
764,882,118,0.118,0.0855082529541105
870,935,65,0.065,0.076238747060037
706,853,147,0.147,0.08961671249768574
786,893,107,0.107,0.08346669983491302
758,879,121,0.121,0.08495707730110735
798,899,101,0.101,0.07926170457014814
724,862,138,0.138,0.09155555307865143
780,890,110,0.11,0.08587981875357219
776,888,112,0.112,0.08918248562933877
742,871,129,0.129,0.09105349952485918
770,885,115,0.115,0.08639596674090717
744,872,128,0.128,0.08701100693643093
786,893,107,0.107,0.08780358554911802
788,894,106,0.106,0.08160978207085282
766,883,117,0.117,0.0867830814810004
762,881,119,0.119,0.08536070557154019
786,893,107,0.107,0.09152253024256789
734,867,133,0.133,0.09242666777485282
832,916,84,0.084,0.08670169770903885
710,855,145,0.145,0.10171815842203798
794,897,103,0.103,0.09376269806952041
754,877,123,0.123,0.09891086325363721
814,907,93,0.093,0.09339027017110493
754,877,123,0.123,0.10219639481977094
770,885,115,0.115,0.10248845393583178
770,885,115,0.115,0.10624010316423756
728,864,136,0.136,0.09610261525912574
822,911,89,0.089,0.09782782180234789
702,851,149,0.149,0.11232407271862033
808,904,96,0.096,0.1030306132218684
792,896,104,0.104,0.10973905937559902
758,879,121,0.121,0.11260472898519049
744,872,128,0.128,0.11518339800648392
824,912,88,0.088,0.10963846615701914
752,876,124,0.124,0.13381610720977188
730,865,135,0.135,0.13037463798040175
768,884,116,0.116,0.12645515078422614
762,881,119,0.119,0.13504676458984613
686,843,157,0.157,0.1464126540144498
786,893,107,0.107,0.13011646832410423
730,865,135,0.135,0.1451078168042004
778,889,111,0.111,0.1429383510300437
764,882,118,0.118,0.15173569967506395
734,867,133,0.133,0.14660758769139648
796,898,102,0.102,0.15460023500397801
780,890,110,0.11,0.16272269279230386
732,866,134,0.134,0.16705199031531812
768,884,116,0.116,0.16194979253808242
802,901,99,0.099,0.16021033595406786
784,892,108,0.108,0.15935384180396794
748,874,126,0.126,0.17573239116423064
786,893,107,0.107,0.1684354937900789
772,886,114,0.114,0.17447402907907963
738,869,131,0.131,0.1828124650407711
790,895,105,0.105,0.18120674345940138
784,892,108,0.108,0.17797209107130765
794,897,103,0.103,0.17643505760611516
810,905,95,0.095,0.17010993806272745
798,899,101,0.101,0.17964526692032814
850,925,75,0.075,0.19291358155758206
760,880,120,0.12,0.19639971574395895
780,890,110,0.11,0.2137765175290406
726,863,137,0.137,0.23256496072025884
786,893,107,0.107,0.2170495275987778
738,869,131,0.131,0.22478157279331937
772,886,114,0.114,0.2305767698213458
828,914,86,0.086,0.22831388969490785
740,870,130,0.13,0.24082525237835944
812,906,94,0.094,0.2587127048522234
762,881,119,0.119,0.26434699777255
718,859,141,0.141,0.2801014552222332
774,887,113,0.113,0.2717136095389724
754,877,123,0.123,0.272377069927752
874,937,63,0.063,0.2556253073848784
766,883,117,0.117,0.2853358000490698
760,880,120,0.12,0.31471012269484117
772,886,114,0.114,0.3287252635043606
712,856,144,0.144,0.3429592831917107
746,873,127,0.127,0.31285840553805133
728,864,136,0.136,0.33633199554681775
746,873,127,0.127,0.3492598547786474
772,886,114,0.114,0.34203786662220953
736,868,132,0.132,0.35549716979960794
754,877,123,0.123,0.3553774472475052
720,860,140,0.14,0.3567730915546417
810,905,95,0.095,0.34619125054776667
758,879,121,0.121,0.35839070556843217
734,867,133,0.133,0.35760629021459395
756,878,122,0.122,0.38079609215296206
730,865,135,0.135,0.381276047680527
808,904,96,0.096,0.3720346032381058
742,871,129,0.129,0.3914194062352196
764,882,118,0.118,0.3947914628883614
742,871,129,0.129,0.418114228785038
758,879,121,0.121,0.44142954823374747
802,901,99,0.099,0.4222695585857145
656,828,172,0.172,0.4971008317079395
802,901,99,0.099,0.4638342504799366
770,885,115,0.115,0.4829876752495766
736,868,132,0.132,0.4858677380429581
694,847,153,0.153,0.4895974151492119
666,833,167,0.167,0.4993812494594604
754,877,123,0.123,0.4880791935661109
766,883,117,0.117,0.48210683634132145
762,881,119,0.119,0.5110613557696343
752,876,124,0.124,0.49889736849069594
746,873,127,0.127,0.5054432110190391
712,856,144,0.144,0.5174825128963596
782,891,109,0.109,0.5080738630741835
746,873,127,0.127,0.5100358801484108
712,856,144,0.144,0.5328666764678476
766,883,117,0.117,0.5335785239720717
666,833,167,0.167,0.5573804624728793
758,879,121,0.121,0.5215010483860969
732,866,134,0.134,0.5471036238074303
780,890,110,0.11,0.530213119328022
816,908,92,0.092,0.5278026228427043
740,870,130,0.13,0.5488567702522539
812,906,94,0.094,0.5455488056838512
704,852,148,0.148,0.5679340174496174
804,902,98,0.098,0.5446513594686985
802,901,99,0.099,0.5501363994731245
748,874,126,0.126,0.5750429078489542
780,890,110,0.11,0.5963027577102185
782,891,109,0.109,0.5877570658624173
690,845,155,0.155,0.6017827476610301
686,843,157,0.157,0.6123134004920721
862,931,69,0.069,0.6238328460156918
758,879,121,0.121,0.6378260819828138
820,910,90,0.09,0.6440265375971794
758,879,121,0.121,0.6345683056156709
776,888,112,0.112,0.6330955687761307
734,867,133,0.133,0.6390092216432095
726,863,137,0.137,0.6426008121073246
760,880,120,0.12,0.6354868344549083
742,871,129,0.129,0.6312735719246266
752,876,124,0.124,0.6182592565119267
762,881,119,0.119,0.6101823251247406
742,871,129,0.129,0.6276078173813195
774,887,113,0.113,0.6015303328633383
728,864,136,0.136,0.5955457891821861
736,868,132,0.132,0.5866271235669733
778,889,111,0.111,0.6029946542978287
776,888,112,0.112,0.5852032840847969
730,865,135,0.135,0.5774258243677214
774,887,113,0.113,0.5745429131686688
780,890,110,0.11,0.5787562354505063
772,886,114,0.114,0.5553558731675148
764,882,118,0.118,0.5625158727169037
728,864,136,0.136,0.5680644934773446
764,882,118,0.118,0.5656143107209355
766,883,117,0.117,0.5671459382176399
732,866,134,0.134,0.5592467819232122
730,865,135,0.135,0.5672803618237376
760,880,120,0.12,0.5561711812297823
740,870,130,0.13,0.5675184130966663
732,866,134,0.134,0.5755238239467144
702,851,149,0.149,0.5747143948674202
742,871,129,0.129,0.5707443699529394
738,869,131,0.131,0.574477599225578
784,892,108,0.108,0.5518806455731392
736,868,132,0.132,0.5669066682457924
690,845,155,0.155,0.5685701737543859
810,905,95,0.095,0.5433649412095547
750,875,125,0.125,0.5555467543751001
740,870,130,0.13,0.5427442819774151
746,873,127,0.127,0.5308220757246017
734,867,133,0.133,0.5091073709130287
766,883,117,0.117,0.4626837918311357
762,881,119,0.119,0.4531348377559698
746,873,127,0.127,0.4425775545287522
760,880,120,0.12,0.4521125874891877
778,889,111,0.111,0.42999103074154116
704,852,148,0.148,0.4366550748050213
708,854,146,0.146,0.4539713206142187
806,903,97,0.097,0.42276005044206977
768,884,116,0.116,0.36325924122333525
786,893,107,0.107,0.3608594876974821
710,855,145,0.145,0.3848076070176379
760,880,120,0.12,0.37305782502889634
736,868,132,0.132,0.3703301771134138
792,896,104,0.104,0.3301127161234617
686,843,157,0.157,0.3381624995917082
694,847,153,0.153,0.3430288218855858
772,886,114,0.114,0.31002059414982797
750,875,125,0.125,0.31963598719239233
710,855,145,0.145,0.3484299992574661
758,879,121,0.121,0.31842795986682176
738,869,131,0.131,0.33496744725108146
802,901,99,0.099,0.30978047126671754
792,896,104,0.104,0.316709805910241
744,872,128,0.128,0.3116909184504766
778,889,111,0.111,0.30650792552530765
724,862,138,0.138,0.32947352875381686
784,892,108,0.108,0.2941786039620638
770,885,115,0.115,0.2876892889291048
694,847,153,0.153,0.3257669475004077
802,901,99,0.099,0.2776368050243764
772,886,114,0.114,0.2960578075204394
822,911,89,0.089,0.2752504680603743
770,885,115,0.115,0.2745108584016562
716,858,142,0.142,0.28894829460419713
782,891,109,0.109,0.2724115994125605
744,872,128,0.128,0.2923020265892321
792,896,104,0.104,0.2742657888382673
796,898,102,0.102,0.27083138339903745
766,883,117,0.117,0.2688189257652266
788,894,106,0.106,0.26938127484772123
768,884,116,0.116,0.2683289208523929
750,875,125,0.125,0.2809564941525459
738,869,131,0.131,0.2724496098727777
706,853,147,0.147,0.2776924931370157
762,881,119,0.119,0.2604064501775429
772,886,114,0.114,0.261393779091537
778,889,111,0.111,0.2529748156797141
784,892,108,0.108,0.23973994927853345
756,878,122,0.122,0.23669619793910532
756,878,122,0.122,0.22567188190014104
716,858,142,0.142,0.24666653072834016
764,882,118,0.118,0.21933631060860462
742,871,129,0.129,0.23602716076235253
780,890,110,0.11,0.2288481057435274
810,905,95,0.095,0.22652502857567777
792,896,104,0.104,0.22084259681403637
822,911,89,0.089,0.22649931002503113
822,911,89,0.089,0.21933872489631195
752,876,124,0.124,0.23929293796420098
796,898,102,0.102,0.23393272575736046
790,895,105,0.105,0.22697582121519372
726,863,137,0.137,0.23782150088212348
754,877,123,0.123,0.23330745133810638
716,858,142,0.142,0.23759619595855475
734,867,133,0.133,0.23228690244865174
794,897,103,0.103,0.2239109061284944
734,867,133,0.133,0.233138455321081
806,903,97,0.097,0.23332423091866075
760,880,120,0.12,0.244985431432724
692,846,154,0.154,0.2551578959345352
746,873,127,0.127,0.256838058127556
768,884,116,0.116,0.24468661348521709
788,894,106,0.106,0.2451054078504676
752,876,124,0.124,0.25817136157324055
816,908,92,0.092,0.25055376687785613
742,871,129,0.129,0.2601330389231443
748,874,126,0.126,0.2751336719095707
786,893,107,0.107,0.28318481570357107
780,890,110,0.11,0.2826963867098093
796,898,102,0.102,0.26883054354041813
778,889,111,0.111,0.2702869326248765
772,886,114,0.114,0.27862585010018664
794,897,103,0.103,0.2871330353319645
776,888,112,0.112,0.3001349094957113
732,866,134,0.134,0.3065103385746479
762,881,119,0.119,0.3259441238045692
764,882,118,0.118,0.3263695369107445
758,879,121,0.121,0.3215115241850726
736,868,132,0.132,0.3690881622858752
720,860,140,0.14,0.38040238208835947
756,878,122,0.122,0.3831364939934574
786,893,107,0.107,0.3800628324151039
762,881,119,0.119,0.37769103433191775
742,871,129,0.129,0.3784164438098669
816,908,92,0.092,0.369309966981411
756,878,122,0.122,0.3804948101341724
670,835,165,0.165,0.42251228153705594
794,897,103,0.103,0.40834259351715446
808,904,96,0.096,0.40407232131063936
764,882,118,0.118,0.40896632872521876
696,848,152,0.152,0.42238697906339073
744,872,128,0.128,0.4324383916631341
776,888,112,0.112,0.43791416014730933
778,889,111,0.111,0.4376826527118683
710,855,145,0.145,0.46643775332471704
728,864,136,0.136,0.45566781764919867
776,888,112,0.112,0.4439160240292549
778,889,111,0.111,0.44939574734307824
818,909,91,0.091,0.4526718558957765
728,864,136,0.136,0.47664645236730574
786,893,107,0.107,0.4693857215018943
834,917,83,0.083,0.4597580283284187
740,870,130,0.13,0.4697356318235397
746,873,127,0.127,0.46846656239032747
800,900,100,0.1,0.4858867956697941
698,849,151,0.151,0.5073252058327198
752,876,124,0.124,0.4925144494064152
790,895,105,0.105,0.48390286922454834
790,895,105,0.105,0.5004280740842223
718,859,141,0.141,0.5439993290267885
814,907,93,0.093,0.5313601807337254
728,864,136,0.136,0.5364299917256478
768,884,116,0.116,0.5412266604602337
794,897,103,0.103,0.5236581846475601
752,876,124,0.124,0.5600081123411655
764,882,118,0.118,0.5582202509641647
770,885,115,0.115,0.5606118921683683
768,884,116,0.116,0.5676715878993273
712,856,144,0.144,0.580570785745589
754,877,123,0.123,0.5858154149296994
764,882,118,0.118,0.5925344399674214
772,886,114,0.114,0.5986901998817921
820,910,90,0.09,0.6140463435947895
768,884,116,0.116,0.6079903995022178
782,891,109,0.109,0.6151100812256336
748,874,126,0.126,0.6553349847929312
682,841,159,0.159,0.6695571481026709
736,868,132,0.132,0.6583786901795539
696,848,152,0.152,0.668273237913847
724,862,138,0.138,0.6752936195507646
768,884,116,0.116,0.6946058419942855
770,885,115,0.115,0.6904104694277048
682,841,159,0.159,0.7141951065063477
654,827,173,0.173,0.7269223249256611
724,862,138,0.138,0.7203352629035068
804,902,98,0.098,0.6987101591229439
722,861,139,0.139,0.7244500495370012
774,887,113,0.113,0.7098190731406212
694,847,153,0.153,0.7311834817230701
728,864,136,0.136,0.728956702709198
748,874,126,0.126,0.71743341645482
738,869,131,0.131,0.7201411756873131
704,852,148,0.148,0.7405405475560006
736,868,132,0.132,0.7296866480708122
656,828,172,0.172,0.7305774078294635
738,869,131,0.131,0.718366817176342
758,879,121,0.121,0.7197720155384595
706,853,147,0.147,0.7275610661265673
732,866,134,0.134,0.7223639875203371
728,864,136,0.136,0.7149031268954277
764,882,118,0.118,0.7152707591895014
720,860,140,0.14,0.7258930561133893
766,883,117,0.117,0.7158327403366566
704,852,148,0.148,0.7360949301626534
746,873,127,0.127,0.7336359785315149
708,854,146,0.146,0.7362444904873685
746,873,127,0.127,0.7366589614541735
734,867,133,0.133,0.7432768332362175
722,861,139,0.139,0.7367782099700999
716,858,142,0.142,0.7386571851968765
704,852,148,0.148,0.7515112616356928
738,869,131,0.131,0.7617921669561283
730,865,135,0.135,0.7537048568474379
740,870,130,0.13,0.7788350377276292
784,892,108,0.108,0.7811809469908476
756,878,122,0.122,0.7804395876526833
734,867,133,0.133,0.796246050042628
686,843,157,0.157,0.8139560249126516
760,880,120,0.12,0.8061511305110689
732,866,134,0.134,0.8046123904585838
718,859,141,0.141,0.8093083659876138
722,861,139,0.139,0.7983446059823036
786,893,107,0.107,0.7867253907620907
724,862,138,0.138,0.7953570373399775
766,883,117,0.117,0.7999779925346374
742,871,129,0.129,0.8048057326078415
722,861,139,0.139,0.8042107609808445
736,868,132,0.132,0.7856192536876305
702,851,149,0.149,0.7919586795568466
756,878,122,0.122,0.7678715775609016
710,855,145,0.145,0.7789624195322394
750,875,125,0.125,0.7255545025047988
676,838,162,0.162,0.7098885665227426
756,878,122,0.122,0.6755917830467224
718,859,141,0.141,0.6819702440272085
756,878,122,0.122,0.6675705969459377
692,846,154,0.154,0.6947902486026287
774,887,113,0.113,0.6467187527553179
790,895,105,0.105,0.6284321701515
790,895,105,0.105,0.5976032650470734
742,871,129,0.129,0.6345430895686149
682,841,159,0.159,0.6312442525029183
720,860,140,0.14,0.6019887713471962
700,850,150,0.15,0.6004422412961722
742,871,129,0.129,0.5655675628478639
744,872,128,0.128,0.5552406779751181
712,856,144,0.144,0.569385985661298
780,890,110,0.11,0.5044866144210101
712,856,144,0.144,0.4953965446252177
736,868,132,0.132,0.5256611532370152
760,880,120,0.12,0.48753553280234335
732,866,134,0.134,0.4956803103685379
722,861,139,0.139,0.4951146523430944
762,881,119,0.119,0.4925832175161668
762,881,119,0.119,0.4817729857722297
736,868,132,0.132,0.49457968739792707
750,875,125,0.125,0.484515371086084
752,876,124,0.124,0.49367856426249834
732,866,134,0.134,0.49185709200799466
712,856,144,0.144,0.5023229465782643
752,876,124,0.124,0.5006590851545334
740,870,130,0.13,0.5048728424310684
722,861,139,0.139,0.5122551627159119
768,884,116,0.116,0.5037021912573546
770,885,115,0.115,0.5119875592291355
788,894,106,0.106,0.5234717776924371
780,890,110,0.11,0.5085119485855103
670,835,165,0.165,0.5265975314885202
800,900,100,0.1,0.502097525537014
738,869,131,0.131,0.5179458068907261
738,869,131,0.131,0.5086396685324936
760,880,120,0.12,0.5078921065395768
802,901,99,0.099,0.489363365345198
744,872,128,0.128,0.5014895378351212
788,894,106,0.106,0.4959541115760803
710,855,145,0.145,0.5037211656607687
794,897,103,0.103,0.4884495959482738
768,884,116,0.116,0.4850503052682205
736,868,132,0.132,0.48077093906700613
776,888,112,0.112,0.4666318491995335
740,870,130,0.13,0.4751036531329252
722,861,139,0.139,0.4644742130237273
718,859,141,0.141,0.4810952171981335
714,857,143,0.143,0.4506631635623053
786,893,107,0.107,0.4391973615698516
752,876,124,0.124,0.4476358503393567
786,893,107,0.107,0.4228256094745318
786,893,107,0.107,0.4115423151999712
754,877,123,0.123,0.4064484007791012
738,869,131,0.131,0.39495051437616346
762,881,119,0.119,0.38777431576564414
768,884,116,0.116,0.3827463055954241
752,876,124,0.124,0.3526160461514373
764,882,118,0.118,0.3547417964339256
828,914,86,0.086,0.3410969022716808
736,868,132,0.132,0.35443417621031403
784,892,108,0.108,0.3453701075874269
812,906,94,0.094,0.352613208456733
780,890,110,0.11,0.33445906759798527
832,916,84,0.084,0.30974664828926324
720,860,140,0.14,0.3124658439194013
774,887,113,0.113,0.2855933906659484
734,867,133,0.133,0.2932121550142765
688,844,156,0.156,0.31956744454801084
754,877,123,0.123,0.2916059146172456
790,895,105,0.105,0.2828537260890007
734,867,133,0.133,0.28387390889052766
732,866,134,0.134,0.2833447390198708
716,858,142,0.142,0.28803482982425427
752,876,124,0.124,0.29534337593615057
700,850,150,0.15,0.28421769067528657
766,883,117,0.117,0.27563383989664497
800,900,100,0.1,0.2811158590156924
838,919,81,0.081,0.2749622647613287
732,866,134,0.134,0.28289563658008066
790,895,105,0.105,0.2771847168058157
744,872,128,0.128,0.27974971827940315
704,852,148,0.148,0.28664915654080675
736,868,132,0.132,0.2767737976032649
844,922,78,0.078,0.26523673008701915
754,877,123,0.123,0.26576454252614934
778,889,111,0.111,0.2553044077653589
720,860,140,0.14,0.27011653688137255
786,893,107,0.107,0.2564565201997757
814,907,93,0.093,0.2501491620952147
736,868,132,0.132,0.24817841951888564
826,913,87,0.087,0.23245916046359374
770,885,115,0.115,0.2549871918731369
758,879,121,0.121,0.2352998644973792
822,911,89,0.089,0.22779228613339364
754,877,123,0.123,0.2426080381604843
790,895,105,0.105,0.23384661714732646
768,884,116,0.116,0.2240300589967519
784,892,108,0.108,0.22324336297896244
774,887,113,0.113,0.2333737602867186
774,887,113,0.113,0.2119621628470486
770,885,115,0.115,0.21056063625169918
714,857,143,0.143,0.22367883019521834
764,882,118,0.118,0.20733838163129986
814,907,93,0.093,0.2035484364926815
752,876,124,0.124,0.2027147354595363
788,894,106,0.106,0.20347511614114047
770,885,115,0.115,0.2029649771153927
772,886,114,0.114,0.20417715436965228
784,892,108,0.108,0.21345701875537634
718,859,141,0.141,0.2167318168230509
776,888,112,0.112,0.20434561471454799
790,895,105,0.105,0.1968597269298625
788,894,106,0.106,0.2009744233302772
746,873,127,0.127,0.21082864336483206
760,880,120,0.12,0.2125129063129425
770,885,115,0.115,0.21241660613846033
720,860,140,0.14,0.2144836330096687
754,877,123,0.123,0.20825246664509436
788,894,106,0.106,0.2053160598706454
768,884,116,0.116,0.2001169639751315
740,870,130,0.13,0.21109104117386265
728,864,136,0.136,0.209116662748158
790,895,105,0.105,0.20331710184558324
760,880,120,0.12,0.22508218631520868
796,898,102,0.102,0.21416130961477756
734,867,133,0.133,0.21848330003025576
722,861,139,0.139,0.22482978240400553
724,862,138,0.138,0.2303838696964085
734,867,133,0.133,0.22260265365988016
794,897,103,0.103,0.2202735816538334
778,889,111,0.111,0.219283693629559
762,881,119,0.119,0.2375322566539544
758,879,121,0.121,0.22573130905628208
738,869,131,0.131,0.24255260752404864
758,879,121,0.121,0.2301602038964629
742,871,129,0.129,0.2422926146015525
768,884,116,0.116,0.2406839930415755
730,865,135,0.135,0.2563051558062434
760,880,120,0.12,0.24900259215198456
736,868,132,0.132,0.2545619049370289
720,860,140,0.14,0.24216697895573452
806,903,97,0.097,0.25407776133152266
764,882,118,0.118,0.27291357900947333
768,884,116,0.116,0.2778771363561973
768,884,116,0.116,0.26373699089884756
738,869,131,0.131,0.26901119565960835
734,867,133,0.133,0.26820702528208495
774,887,113,0.113,0.26837292411178354
786,893,107,0.107,0.26028730953321644
764,882,118,0.118,0.26943251757853565
688,844,156,0.156,0.29886279766447843
790,895,105,0.105,0.2776523841172457
768,884,116,0.116,0.2817938985489309
740,870,130,0.13,0.30369126188755036
700,850,150,0.15,0.30026428392902016
770,885,115,0.115,0.2889219540199265
726,863,137,0.137,0.31270715783385095
766,883,117,0.117,0.30750409050285815
742,871,129,0.129,0.3022689499408088
708,854,146,0.146,0.3204868474006653
806,903,97,0.097,0.3056728203743696
740,870,130,0.13,0.3102000333180385
744,872,128,0.128,0.31089781903450037
726,863,137,0.137,0.3132980839237571
778,889,111,0.111,0.3091416549286805
814,907,93,0.093,0.31592601849138735
778,889,111,0.111,0.3106700462549925
748,874,126,0.126,0.3335018188371951
700,850,150,0.15,0.34226001798462674
768,884,116,0.116,0.3401353064937001
766,883,117,0.117,0.35830772123485805
778,889,111,0.111,0.35749203108182176
778,889,111,0.111,0.38907031996548175
826,913,87,0.087,0.3728830593526363
708,854,146,0.146,0.3920380424420382
820,910,90,0.09,0.38650066497282387
786,893,107,0.107,0.39317778703570366
754,877,123,0.123,0.4125002960115671
758,879,121,0.121,0.4378140346482323
752,876,124,0.124,0.4229720391407609
768,884,116,0.116,0.43633006851375106
788,894,106,0.106,0.4357053878648003
724,862,138,0.138,0.46134113121032716
768,884,116,0.116,0.440414749391377
776,888,112,0.112,0.44821373272282555
762,881,119,0.119,0.4806070131808519
714,857,143,0.143,0.4998979917326942
734,867,133,0.133,0.5274493905454875
820,910,90,0.09,0.5281975110471249
682,841,159,0.159,0.535902935475111
730,865,135,0.135,0.5202841248805052
786,893,107,0.107,0.5423192981183529
780,890,110,0.11,0.5640632871214766
776,888,112,0.112,0.5817803552749579
754,877,123,0.123,0.5846901852641749
762,881,119,0.119,0.5854392357170585
750,875,125,0.125,0.5838880849480629
788,894,106,0.106,0.595066068597138
804,902,98,0.098,0.5952813159823418
740,870,130,0.13,0.6016930803185387
730,865,135,0.135,0.6083567823381527
744,872,128,0.128,0.6190215987201664
776,888,112,0.112,0.6485663848065888
698,849,151,0.151,0.6623892992734911
756,878,122,0.122,0.6420519586262199
816,908,92,0.092,0.6478509978075709
752,876,124,0.124,0.6688257374465466
690,845,155,0.155,0.6761332466304302
762,881,119,0.119,0.7100922819077968
754,877,123,0.123,0.7072035060583294
776,888,112,0.112,0.6990467449650168
726,863,137,0.137,0.7173114747796208
684,842,158,0.158,0.7465532481132541
744,872,128,0.128,0.728099830403924
792,896,104,0.104,0.7251117598637938
690,845,155,0.155,0.7450688118338585
732,866,134,0.134,0.7347506992220879
730,865,135,0.135,0.7458262505829334
752,876,124,0.124,0.7447765437099402
778,889,111,0.111,0.7431834020327671
752,876,124,0.124,0.7330564382872544
852,926,74,0.074,0.7096226778358686
720,860,140,0.14,0.7045491357743741
738,869,131,0.131,0.6470085959136486
794,897,103,0.103,0.6376412998251816
748,874,126,0.126,0.6449383089692564
750,875,125,0.125,0.6148463410288095
806,903,97,0.097,0.5251059554829263
760,880,120,0.12,0.5299116304814816
734,867,133,0.133,0.4942698251903057
774,887,113,0.113,0.4660405825567432
808,904,96,0.096,0.41149317456781864
730,865,135,0.135,0.4087233350834522
762,881,119,0.119,0.39581999445198923
776,888,112,0.112,0.4442780883163214
732,866,134,0.134,0.43752146771073047
740,870,130,0.13,0.38977400948188734
770,885,115,0.115,0.3964446574323556
792,896,104,0.104,0.32702353739738466
798,899,101,0.101,0.33966434992849825
822,911,89,0.089,0.3210918497145176
748,874,126,0.126,0.3133596898764372
702,851,149,0.149,0.28489090521167965
758,879,121,0.121,0.2743893709797412
766,883,117,0.117,0.23264363405014263
794,897,103,0.103,0.20668026936455863
790,895,105,0.105,0.20894929349010322
766,883,117,0.117,0.21662220866792087
726,863,137,0.137,0.2270003081088653
716,858,142,0.142,0.1968932930007577
672,836,164,0.164,0.22532706649973988
752,876,124,0.124,0.1879164995045867
792,896,104,0.104,0.18871689938381342
764,882,118,0.118,0.1802963675635765
768,884,116,0.116,0.15002341086044907
766,883,117,0.117,0.1536126853302121
824,912,88,0.088,0.13970812302082777
758,879,121,0.121,0.14135624254494905
750,875,125,0.125,0.1338869576424331
734,867,133,0.133,0.12479485892504454
752,876,124,0.124,0.10881324750324713
768,884,116,0.116,0.10183482156787067
800,900,100,0.1,0.09950552891264669
788,894,106,0.106,0.09366899915225804
824,912,88,0.088,0.09904248161641589
812,906,94,0.094,0.09131127550452947
700,850,150,0.15,0.09717682080677337
748,874,126,0.126,0.08617798921700771
746,873,127,0.127,0.08192783467471602
766,883,117,0.117,0.08947068632952869
774,887,113,0.113,0.091286411449546
804,902,98,0.098,0.08254620785199224
794,897,103,0.103,0.08409532840922475
820,910,90,0.09,0.07784325233168783
768,884,116,0.116,0.08957790131634101
742,871,129,0.129,0.0894668080381963
792,896,104,0.104,0.09226739629684017
724,862,138,0.138,0.09325376614183188
728,864,136,0.136,0.09572888752637664
806,903,97,0.097,0.08158394954726102
854,927,73,0.073,0.08301084656640888
784,892,108,0.108,0.0881980786181521
748,874,126,0.126,0.09485324765089899
752,876,124,0.124,0.09210590196438521
784,892,108,0.108,0.0845146863369315
702,851,149,0.149,0.09744796021506372
796,898,102,0.102,0.08670288720913231
766,883,117,0.117,0.09357346832664917
790,895,105,0.105,0.08843960457005597
806,903,97,0.097,0.0924176026508212
722,861,139,0.139,0.09792265032418072
780,890,110,0.11,0.09229790642671287
744,872,128,0.128,0.1003890294569137
742,871,129,0.129,0.10327769421194713
726,863,137,0.137,0.09838483118545265
774,887,113,0.113,0.09988033433096052
760,880,120,0.12,0.09829788346403878
686,843,157,0.157,0.1090301613183692
744,872,128,0.128,0.11121750415861606
718,859,141,0.141,0.11265262499637901
792,896,104,0.104,0.11594467607606203
760,880,120,0.12,0.11284337265288924
750,875,125,0.125,0.11725254112109541
708,854,146,0.146,0.11840115225361661
794,897,103,0.103,0.1159764453098178
838,919,81,0.081,0.11132161876559257
782,891,109,0.109,0.12078945029340685
762,881,119,0.119,0.11692859122590749
732,866,134,0.134,0.11738930677635653
784,892,108,0.108,0.1141321771144867
824,912,88,0.088,0.11689242933318018
776,888,112,0.112,0.11156237251218408
686,843,157,0.157,0.12661751525709405
722,861,139,0.139,0.12464570519646713
736,868,132,0.132,0.130376453214325
750,875,125,0.125,0.13185591371249758
782,891,109,0.109,0.13037866644659618
752,876,124,0.124,0.1380776273943484
812,906,94,0.094,0.1345352330969181
810,905,95,0.095,0.12643843195587395
744,872,128,0.128,0.13807535205991436
726,863,137,0.137,0.14636310784332454
786,893,107,0.107,0.13040366099004763
812,906,94,0.094,0.14012041683122517
686,843,157,0.157,0.15165868630112425
688,844,156,0.156,0.15349611163511873
736,868,132,0.132,0.16165533118799794
754,877,123,0.123,0.15217871205788105
726,863,137,0.137,0.16831250486522914
740,870,130,0.13,0.16159670031120185
726,863,137,0.137,0.1660740968308237
790,895,105,0.105,0.17016670898231678
830,915,85,0.085,0.16629791816323997
774,887,113,0.113,0.17052535400539637
690,845,155,0.155,0.1851155929204542
672,836,164,0.164,0.18595159924402832
776,888,112,0.112,0.16948415817134083
696,848,152,0.152,0.18708924532867968
780,890,110,0.11,0.1824999479353428
786,893,107,0.107,0.17179835485666992
828,914,86,0.086,0.17058610805124044
748,874,126,0.126,0.18736053749179218
782,891,109,0.109,0.1871059751204312
710,855,145,0.145,0.1896808190212766
778,889,111,0.111,0.18207126900553702
714,857,143,0.143,0.18185129706561565
792,896,104,0.104,0.18185970332477747
768,884,116,0.116,0.19287571874323362
826,913,87,0.087,0.20293972251617562
752,876,124,0.124,0.20742944684624673
794,897,103,0.103,0.20102976350680832
716,858,142,0.142,0.219175866361416
786,893,107,0.107,0.2267250583144267
778,889,111,0.111,0.24007523375742187
758,879,121,0.121,0.2344916280657053
772,886,114,0.114,0.22834680365771054
798,899,101,0.101,0.23493435977958144
816,908,92,0.092,0.24568016680330038
780,890,110,0.11,0.25007244444686516
794,897,103,0.103,0.25577000593820104
734,867,133,0.133,0.2748037497326732
814,907,93,0.093,0.25301542909014096
772,886,114,0.114,0.288767897017309
774,887,113,0.113,0.30251751262135806
804,902,98,0.098,0.2934419139251113
798,899,101,0.101,0.29710060800239446
820,910,90,0.09,0.30868951089163804
764,882,118,0.118,0.32647332872450374
782,891,109,0.109,0.35121276662578965
758,879,121,0.121,0.35318328289710915
806,903,97,0.097,0.34171109453001475
726,863,137,0.137,0.36538688953523524
726,863,137,0.137,0.3627491573360749
788,894,106,0.106,0.3875728899464011
712,856,144,0.144,0.39909498066276206
786,893,107,0.107,0.3956275780573487
742,871,129,0.129,0.40800740614533426
746,873,127,0.127,0.41113301178812983
802,901,99,0.099,0.41461309871438423
734,867,133,0.133,0.4332478492759401
808,904,96,0.096,0.42272340377047657
776,888,112,0.112,0.45146617258607874
746,873,127,0.127,0.4426378234348958
792,896,104,0.104,0.49534351763129236
818,909,91,0.091,0.4904736250564456
722,861,139,0.139,0.5003357965797186
748,874,126,0.126,0.4786983807235956
712,856,144,0.144,0.5286597077734768
672,836,164,0.164,0.5162540921121835
782,891,109,0.109,0.5073527768498909
774,887,113,0.113,0.5072274005077779
724,862,138,0.138,0.5127356410957873
780,890,110,0.11,0.4965178827121854
804,902,98,0.098,0.5005541332066059
740,870,130,0.13,0.5079698702180758
776,888,112,0.112,0.5055180185648845
748,874,126,0.126,0.5061562598347664
750,875,125,0.125,0.4986712945103645
772,886,114,0.114,0.4889486193880439
728,864,136,0.136,0.4836952017743606
714,857,143,0.143,0.486246237359941
806,903,97,0.097,0.48649355220794677
758,879,121,0.121,0.4616635895520449
774,887,113,0.113,0.45377310503521223
734,867,133,0.133,0.42944472186521676
784,892,108,0.108,0.4274974125327135
732,866,134,0.134,0.42681803775765004
800,900,100,0.1,0.4151585594789635
786,893,107,0.107,0.4302308405227959
788,894,106,0.106,0.40443634205893614
736,868,132,0.132,0.4287824110519149
766,883,117,0.117,0.4283011472253129
722,861,139,0.139,0.42767688497900963
710,855,145,0.145,0.42659050254523756
762,881,119,0.119,0.4163590056090616
808,904,96,0.096,0.4140518686845899
758,879,121,0.121,0.4283869294468313
704,852,148,0.148,0.43106300710930373
774,887,113,0.113,0.4415779951566019
716,858,142,0.142,0.453852220302575
798,899,101,0.101,0.4726611593067646
742,871,129,0.129,0.4731765448019373
780,890,110,0.11,0.4742124408146394
750,875,125,0.125,0.5007816375567424
748,874,126,0.126,0.49212852496095
796,898,102,0.102,0.49710386220767033
792,896,104,0.104,0.5106528954439006
784,892,108,0.108,0.521868698204788
738,869,131,0.131,0.5341879434287548
770,885,115,0.115,0.5201950535029173
774,887,113,0.113,0.5257280104374513
698,849,151,0.151,0.5335685717541978
760,880,120,0.12,0.5259853639788489
700,850,150,0.15,0.5630825928002596
688,844,156,0.156,0.5453866679021739
802,901,99,0.099,0.5614031823575497
774,887,113,0.113,0.5626441833332647
736,868,132,0.132,0.5624755573347211
752,876,124,0.124,0.5653551950752735
698,849,151,0.151,0.5833523511588573
692,846,154,0.154,0.5792127347104251
748,874,126,0.126,0.5778949741199613
754,877,123,0.123,0.5715883835405111
744,872,128,0.128,0.5752424804616166
760,880,120,0.12,0.5873394098282303
736,868,132,0.132,0.6047426154986024
760,880,120,0.12,0.6246280516982079
748,874,126,0.126,0.5953683001478348
742,871,129,0.129,0.6109377010762691
720,860,140,0.14,0.5933839525732142
742,871,129,0.129,0.6406858891248703
770,885,115,0.115,0.6574413929283619
738,869,131,0.131,0.6225851776301861
788,894,106,0.106,0.6612863259613514
712,856,144,0.144,0.6777584359927569
718,859,141,0.141,0.6910247215032578
800,900,100,0.1,0.6898453030884266
714,857,143,0.143,0.6949107641387382
718,859,141,0.141,0.7106181526184082
750,875,125,0.125,0.7063694371879101
792,896,104,0.104,0.7019384739417147
760,880,120,0.12,0.7209661024277593
752,876,124,0.124,0.7192580325382203
766,883,117,0.117,0.7325739380717278
778,889,111,0.111,0.7358754239827394
674,837,163,0.163,0.7346228553652764
692,846,154,0.154,0.7517745252694195
866,933,67,0.067,0.7375632969737053
776,888,112,0.112,0.7333091263392353
774,887,113,0.113,0.7387046283080708
752,876,124,0.124,0.7440112727992236
744,872,128,0.128,0.7440478545477357
778,889,111,0.111,0.7429285953352228
736,868,132,0.132,0.7418687119738752
702,851,149,0.149,0.738853745206492
764,882,118,0.118,0.7142583321332932
708,854,146,0.146,0.7038812743723393
724,862,138,0.138,0.7006932910382747
756,878,122,0.122,0.6640238262414933
758,879,121,0.121,0.6746288363033381
804,902,98,0.098,0.6569233824014664
738,869,131,0.131,0.6721275871619582
766,883,117,0.117,0.6553619792312384
798,899,101,0.101,0.6592636462450028
758,879,121,0.121,0.6566787734926113
802,901,99,0.099,0.6313338486179709
788,894,106,0.106,0.6144633127800189
770,885,115,0.115,0.5842228535374356
780,890,110,0.11,0.5727967497557401
760,880,120,0.12,0.5746643610352185
684,842,158,0.158,0.5473844898045063
720,860,140,0.14,0.5516733424443481
748,874,126,0.126,0.5228077059553471
758,879,121,0.121,0.5222646965757052
736,868,132,0.132,0.5148427029103041
822,911,89,0.089,0.5198300053179264
734,867,133,0.133,0.5223685021102429
742,871,129,0.129,0.5107587040795224
738,869,131,0.131,0.5086671709418297
824,912,88,0.088,0.5055356555899488
766,883,117,0.117,0.5046886853459641
698,849,151,0.151,0.50404487593472
728,864,136,0.136,0.48311653096008195
710,855,145,0.145,0.4878102977838098
736,868,132,0.132,0.4846175463497639
784,892,108,0.108,0.4669101357013118
758,879,121,0.121,0.4488523592054844
782,891,109,0.109,0.41227800459672287
768,884,116,0.116,0.42364458057284354
796,898,102,0.102,0.397882763966918
730,865,135,0.135,0.4008284726467682
780,890,110,0.11,0.36771384912729266
722,861,139,0.139,0.37937601569178514
752,876,124,0.124,0.3714919098687824
758,879,121,0.121,0.3498551745414734
808,904,96,0.096,0.35076528148772196
778,889,111,0.111,0.3624567716888705
744,872,128,0.128,0.34953249127790786
748,874,126,0.126,0.3591839063540101
722,861,139,0.139,0.3573143183430657
758,879,121,0.121,0.352402975960169
778,889,111,0.111,0.3409046442806721
782,891,109,0.109,0.32503172052279117
776,888,112,0.112,0.309762136121979
782,891,109,0.109,0.31634544086895405
766,883,117,0.117,0.31632681525478257
768,884,116,0.116,0.3025584401881319
764,882,118,0.118,0.2875032162377611
786,893,107,0.107,0.2530914833694696
748,874,126,0.126,0.24545419393264142
776,888,112,0.112,0.2527663324963117
792,896,104,0.104,0.2574421422786545
738,869,131,0.131,0.25817359330505135
734,867,133,0.133,0.24181797431827545
784,892,108,0.108,0.22009612345322965
694,847,153,0.153,0.2354910487756133
798,899,101,0.101,0.2331016207551804
764,882,118,0.118,0.23496875279769303
758,879,121,0.121,0.20377160628139973
750,875,125,0.125,0.20754444789886475
736,868,132,0.132,0.20313726336881519
762,881,119,0.119,0.20164600162108753
766,883,117,0.117,0.18344857987438445
790,895,105,0.105,0.17944471532839817
750,875,125,0.125,0.1608003339980255
830,915,85,0.085,0.16440258728712798
770,885,115,0.115,0.16446281571686266
754,877,123,0.123,0.15851114265740238
714,857,143,0.143,0.13643153564631938
784,892,108,0.108,0.1459787325821817
724,862,138,0.138,0.12962202071130002
772,886,114,0.114,0.1352341024633497
824,912,88,0.088,0.12816523172382085
770,885,115,0.115,0.135213084384799
700,850,150,0.15,0.13698961810954596
790,895,105,0.105,0.13959766223618236
782,891,109,0.109,0.13517228502332
788,894,106,0.106,0.12557299875237615
794,897,103,0.103,0.1263275485582235
756,878,122,0.122,0.1283020175853162
774,887,113,0.113,0.12360379636008292
798,899,101,0.101,0.12028874694183468
794,897,103,0.103,0.11974754803302222
