log_avg_ept_score,log_avg_succ_req,log_avg_blk_req,log_avg_BP_req,log_avg_entropy
332,666,334,0.334,2.2997743442058565
314,657,343,0.343,2.3007655730247496
240,620,380,0.38,2.298516296505959
280,640,360,0.36,2.3007169816493986
350,675,325,0.325,2.300939941883087
388,694,306,0.306,2.3000255106687546
236,618,382,0.382,2.300747838258743
294,647,353,0.353,2.300868019580841
360,680,320,0.32,2.298828354254365
326,663,337,0.337,2.3006196150779723
306,653,347,0.347,2.300901826620102
216,608,392,0.392,2.30033989071846
312,656,344,0.344,2.300315164923668
324,662,338,0.338,2.2984413834810256
276,638,362,0.362,2.300848718881607
262,631,369,0.369,2.300323559522629
330,665,335,0.335,2.2990621993541716
362,681,319,0.319,2.29946918118
426,713,287,0.287,2.2991466020345688
256,628,372,0.372,2.296720596909523
330,665,335,0.335,2.298448470711708
400,700,300,0.3,2.2974203003644944
378,689,311,0.311,2.295194914638996
292,646,354,0.354,2.2980636403560637
238,619,381,0.381,2.295804219841957
386,693,307,0.307,2.2906269043684007
368,684,316,0.316,2.2896418339163067
396,698,302,0.302,2.2894593534469605
330,665,335,0.335,2.276639408349991
420,710,290,0.29,2.251099390953779
436,718,282,0.282,2.2418851027190687
450,725,275,0.275,2.225572801232338
506,753,247,0.247,2.1498050740361214
502,751,249,0.249,2.007274394178301
566,783,217,0.217,1.9365722111910582
552,776,224,0.224,1.9253028901815414
546,773,227,0.227,1.6812415147423745
598,799,201,0.201,1.5057294819504023
604,802,198,0.198,1.4237231129407883
596,798,202,0.202,1.4291011962294577
630,815,185,0.185,1.3791377303600312
620,810,190,0.19,1.412584875524044
596,798,202,0.202,1.4604166955947877
578,789,211,0.211,1.4611261306186207
670,835,165,0.165,1.5363137689232826
666,833,167,0.167,1.5280693320035934
636,818,182,0.182,1.522326285481453
598,799,201,0.201,1.517511994600296
680,840,160,0.16,1.4873050668239594
618,809,191,0.191,1.4574533146619797
632,816,184,0.184,1.4358303152322769
602,801,199,0.199,1.4117198885679245
648,824,176,0.176,1.4288283116817475
678,839,161,0.161,1.4168558481484652
638,819,181,0.181,1.4201289179325103
702,851,149,0.149,1.4008916141986847
688,844,156,0.156,1.3967998479604722
720,860,140,0.14,1.3576531327441335
666,833,167,0.167,1.3118897621035577
714,857,143,0.143,1.2682569105029107
768,884,116,0.116,1.2676755144000054
702,851,149,0.149,1.2418365387916566
664,832,168,0.168,1.2159101781249047
748,874,126,0.126,1.2441537648886443
716,858,142,0.142,1.2223850461170078
694,847,153,0.153,1.232623172432184
736,868,132,0.132,1.2334196839034557
692,846,154,0.154,1.2078637056723236
714,857,143,0.143,1.1828980870679953
634,817,183,0.183,1.175138423860073
690,845,155,0.155,1.1644021615895908
718,859,141,0.141,1.1605063358545302
720,860,140,0.14,1.14939970266819
730,865,135,0.135,1.144711239337921
732,866,134,0.134,1.0883135473692092
730,865,135,0.135,1.0777136208489537
748,874,126,0.126,1.0258408026099206
752,876,124,0.124,1.0234660280719399
710,855,145,0.145,0.9793447039425373
692,846,154,0.154,0.9943400527297054
740,870,130,0.13,0.9802660181196406
764,882,118,0.118,0.9803964291512967
692,846,154,0.154,0.9813430882607276
754,877,123,0.123,0.971747353374958
690,845,155,0.155,0.9658523976863362
740,870,130,0.13,0.9684604692459107
696,848,152,0.152,0.9140889685650536
700,850,150,0.15,0.9200231739869341
690,845,155,0.155,0.9058621475696563
760,880,120,0.12,0.8837051582932473
718,859,141,0.141,0.9571054480075836
772,886,114,0.114,0.9285755102103103
688,844,156,0.156,0.9612458440959454
676,838,162,0.162,0.9926167807924466
734,867,133,0.133,1.0055643652491104
724,862,138,0.138,1.0076827554702759
664,832,168,0.168,1.021992207944393
696,848,152,0.152,1.016034843057394
720,860,140,0.14,1.0354805359840393
688,844,156,0.156,1.0380736342072487
670,835,165,0.165,1.0506424823999405
758,879,121,0.121,1.020560962498188
746,873,127,0.127,1.0154808146625292
676,838,162,0.162,1.0403227111697197
748,874,126,0.126,1.0187158580422402
686,843,157,0.157,0.9974393996596337
708,854,146,0.146,0.9687229249477386
710,855,145,0.145,0.9609911116957665
698,849,151,0.151,0.9582168303132057
762,881,119,0.119,0.9416666123270988
716,858,142,0.142,0.9440220240950584
740,870,130,0.13,0.9292758125662803
722,861,139,0.139,0.9221852149963379
702,851,149,0.149,0.9307126360574038
720,860,140,0.14,0.8823100724816322
714,857,143,0.143,0.8771563476324081
724,862,138,0.138,0.8700860254168511
670,835,165,0.165,0.8466669691801071
718,859,141,0.141,0.8100337375700474
726,863,137,0.137,0.8141454263925553
794,897,103,0.103,0.7892803374956129
774,887,113,0.113,0.7826207963526249
764,882,118,0.118,0.7554099324643612
714,857,143,0.143,0.7630233407579362
752,876,124,0.124,0.7376865777075291
750,875,125,0.125,0.7262284489870071
724,862,138,0.138,0.7260853344202042
674,837,163,0.163,0.7228684056401252
704,852,148,0.148,0.753364283903502
770,885,115,0.115,0.7380749496479985
750,875,125,0.125,0.7237670138478279
698,849,151,0.151,0.7072450480461121
766,883,117,0.117,0.7216329205930233
778,889,111,0.111,0.6471274841089535
764,882,118,0.118,0.6076580459475517
732,866,134,0.134,0.6042207038402557
748,874,126,0.126,0.597300877392292
732,866,134,0.134,0.6107409773916006
742,871,129,0.129,0.6342365042865277
722,861,139,0.139,0.6715872114896775
726,863,137,0.137,0.6587467747926712
726,863,137,0.137,0.7097674516439438
780,890,110,0.11,0.7260532742738723
706,853,147,0.147,0.7190790240764617
750,875,125,0.125,0.7174070088714362
722,861,139,0.139,0.7073826350569725
682,841,159,0.159,0.7032431154251099
680,840,160,0.16,0.7166749263703823
740,870,130,0.13,0.7043877755999565
744,872,128,0.128,0.741084972590208
730,865,135,0.135,0.7426115440130234
754,877,123,0.123,0.7418533467315137
764,882,118,0.118,0.7475518501102925
788,894,106,0.106,0.71529671266675
736,868,132,0.132,0.7249450208547059
782,891,109,0.109,0.6920174168050289
738,869,131,0.131,0.6976561439281607
790,895,105,0.105,0.6412181371450424
756,878,122,0.122,0.6334045471162535
794,897,103,0.103,0.5932458663284779
728,864,136,0.136,0.6093166980668903
766,883,117,0.117,0.5939989887884476
694,847,153,0.153,0.6226230969429016
760,880,120,0.12,0.6159101577103138
678,839,161,0.161,0.6348030464351178
768,884,116,0.116,0.6291073899567127
698,849,151,0.151,0.6264274384379387
780,890,110,0.11,0.6155825256370149
796,898,102,0.102,0.5503648495022208
752,876,124,0.124,0.5304175399243831
764,882,118,0.118,0.48719826109707354
710,855,145,0.145,0.474015024676919
826,913,87,0.087,0.45763646955788134
690,845,155,0.155,0.4734498070701957
754,877,123,0.123,0.480817223072052
708,854,146,0.146,0.4846750168055296
762,881,119,0.119,0.4967327218055725
782,891,109,0.109,0.46787459394335745
760,880,120,0.12,0.47592598265559355
746,873,127,0.127,0.4639415973648429
756,878,122,0.122,0.4301805968135595
796,898,102,0.102,0.4282947556554878
770,885,115,0.115,0.41980081363022326
776,888,112,0.112,0.4038489407026209
784,892,108,0.108,0.4098293122202158
760,880,120,0.12,0.42315649676322936
716,858,142,0.142,0.4383691363483667
750,875,125,0.125,0.44012346494197846
728,864,136,0.136,0.4847363350838423
720,860,140,0.14,0.48278370091319084
716,858,142,0.142,0.49829228401184084
718,859,141,0.141,0.5070336320251226
774,887,113,0.113,0.47572313126921656
774,887,113,0.113,0.4718290074169636
734,867,133,0.133,0.4483670021593571
804,902,98,0.098,0.44222811309993265
724,862,138,0.138,0.42579515843093396
762,881,119,0.119,0.42811395511031153
770,885,115,0.115,0.41486909714341164
750,875,125,0.125,0.4005702811032534
728,864,136,0.136,0.4154410690651275
732,866,134,0.134,0.39796531992033124
792,896,104,0.104,0.3739779374785721
730,865,135,0.135,0.37491850192938
760,880,120,0.12,0.3398766982183608
784,892,108,0.108,0.32484979517757895
762,881,119,0.119,0.3024481106698513
702,851,149,0.149,0.29441569322492617
740,870,130,0.13,0.3069716058522463
812,906,94,0.094,0.28820690771192314
804,902,98,0.098,0.3054614721760154
738,869,131,0.131,0.3118489970564842
698,849,151,0.151,0.3241897712871432
750,875,125,0.125,0.2975320244282484
786,893,107,0.107,0.2810336447805166
720,860,140,0.14,0.29729569872282446
748,874,126,0.126,0.28656362956762316
738,869,131,0.131,0.27939173512160775
762,881,119,0.119,0.28982683442533014
742,871,129,0.129,0.28520919613540174
748,874,126,0.126,0.26845513870567084
756,878,122,0.122,0.2733756622597575
794,897,103,0.103,0.2543646609634161
808,904,96,0.096,0.25639377009496095
752,876,124,0.124,0.27587748439610005
740,870,130,0.13,0.273325657825917
712,856,144,0.144,0.3024752853624523
760,880,120,0.12,0.29767930969595907
760,880,120,0.12,0.3196542741805315
810,905,95,0.095,0.31913722737133504
718,859,141,0.141,0.34097236248105767
674,837,163,0.163,0.33112807633727787
764,882,118,0.118,0.3094839521050453
800,900,100,0.1,0.2909008362144232
778,889,111,0.111,0.29174186439067123
788,894,106,0.106,0.2788897641338408
780,890,110,0.11,0.27233811461925506
732,866,134,0.134,0.27254712615162136
720,860,140,0.14,0.2960226621553302
668,834,166,0.166,0.33332591915503146
730,865,135,0.135,0.336544380523148
812,906,94,0.094,0.33638958472013475
784,892,108,0.108,0.34633400808274745
776,888,112,0.112,0.3483685417175293
790,895,105,0.105,0.36242905209958554
704,852,148,0.148,0.339033564530313
716,858,142,0.142,0.342327577739954
764,882,118,0.118,0.3251831843703985
750,875,125,0.125,0.33082349988818166
714,857,143,0.143,0.3362978806719184
764,882,118,0.118,0.3381858671680093
772,886,114,0.114,0.3510670323818922
714,857,143,0.143,0.37119456282258034
760,880,120,0.12,0.3692673609107733
742,871,129,0.129,0.361592619843781
736,868,132,0.132,0.34895062817633155
736,868,132,0.132,0.3492468104362488
758,879,121,0.121,0.33943108006566763
694,847,153,0.153,0.33701759052090347
798,899,101,0.101,0.32841556065529587
704,852,148,0.148,0.35314339473843576
770,885,115,0.115,0.3290683775767684
716,858,142,0.142,0.32293450968712567
766,883,117,0.117,0.30460048124939204
772,886,114,0.114,0.3083875574991107
828,914,86,0.086,0.28753440324217083
760,880,120,0.12,0.30137467678636315
784,892,108,0.108,0.3169231465533376
794,897,103,0.103,0.32008512121625243
726,863,137,0.137,0.3497929980158806
790,895,105,0.105,0.33817002886533737
730,865,135,0.135,0.3755034970641136
748,874,126,0.126,0.3673954414278269
794,897,103,0.103,0.3617052052559893
754,877,123,0.123,0.37645546296238896
802,901,99,0.099,0.3540231472328305
750,875,125,0.125,0.33869827872514724
778,889,111,0.111,0.33908843736350536
742,871,129,0.129,0.33757273533940313
740,870,130,0.13,0.34138676960149317
780,890,110,0.11,0.35583979949355127
768,884,116,0.116,0.3508019466084079
736,868,132,0.132,0.37030587892234323
748,874,126,0.126,0.391372453302145
730,865,135,0.135,0.40405974089342633
810,905,95,0.095,0.3825193351204507
802,901,99,0.099,0.3978256223797798
822,911,89,0.089,0.3845578303784132
748,874,126,0.126,0.38042127673327925
782,891,109,0.109,0.364553766772151
714,857,143,0.143,0.37595289319753644
786,893,107,0.107,0.37478568365568427
754,877,123,0.123,0.3991175892651081
736,868,132,0.132,0.4252752670198679
706,853,147,0.147,0.44729291465878485
764,882,118,0.118,0.4341603087633848
730,865,135,0.135,0.44244345754384995
738,869,131,0.131,0.42873777347803116
736,868,132,0.132,0.4064549543261528
772,886,114,0.114,0.3867436803877354
720,860,140,0.14,0.3740297926515341
774,887,113,0.113,0.3653045856207609
784,892,108,0.108,0.36242962105572224
776,888,112,0.112,0.375134952954948
794,897,103,0.103,0.37475916551984845
744,872,128,0.128,0.3854730928689241
738,869,131,0.131,0.38777955241501333
762,881,119,0.119,0.3987883471250534
796,898,102,0.102,0.4030102349668741
776,888,112,0.112,0.4281533439308405
740,870,130,0.13,0.4380407810807228
714,857,143,0.143,0.4331212305724621
768,884,116,0.116,0.44065586780011656
788,894,106,0.106,0.44108024701476095
732,866,134,0.134,0.44832216708362105
752,876,124,0.124,0.45144353550672534
644,822,178,0.178,0.4839308817088604
736,868,132,0.132,0.5021915220022202
682,841,159,0.159,0.5244356425702572
740,870,130,0.13,0.5175533969998359
734,867,133,0.133,0.5296013000905514
750,875,125,0.125,0.5053399237282574
698,849,151,0.151,0.4906280500331686
770,885,115,0.115,0.4799436264783144
758,879,121,0.121,0.455906497836113
694,847,153,0.153,0.4371908674687147
764,882,118,0.118,0.42152189949154856
806,903,97,0.097,0.4138128778934479
792,896,104,0.104,0.4112996895760298
782,891,109,0.109,0.42175629314780233
724,862,138,0.138,0.4289581065773964
786,893,107,0.107,0.4188539756536484
764,882,118,0.118,0.4204170612692833
726,863,137,0.137,0.4256877759620547
780,890,110,0.11,0.4236213156282902
766,883,117,0.117,0.4123743256032467
736,868,132,0.132,0.41513302122930945
776,888,112,0.112,0.39729265341185965
742,871,129,0.129,0.40457703023031355
772,886,114,0.114,0.39697455952188465
742,871,129,0.129,0.40750162038207055
714,857,143,0.143,0.42293297189474105
780,890,110,0.11,0.40657422222197054
776,888,112,0.112,0.4141391499338206
762,881,119,0.119,0.4217641149610281
794,897,103,0.103,0.39784496439993383
714,857,143,0.143,0.39661730034649373
788,894,106,0.106,0.3954930206388235
714,857,143,0.143,0.401786352917552
814,907,93,0.093,0.4030243335366249
724,862,138,0.138,0.41163473996776156
762,881,119,0.119,0.41379329837858675
686,843,157,0.157,0.41956347072008066
788,894,106,0.106,0.3932174688577652
760,880,120,0.12,0.4029755432326347
808,904,96,0.096,0.38497166983783243
720,860,140,0.14,0.3949693264812231
720,860,140,0.14,0.4233424454042688
770,885,115,0.115,0.42228216759860515
746,873,127,0.127,0.42838592969067396
780,890,110,0.11,0.4411436799913645
746,873,127,0.127,0.48383715698122975
722,861,139,0.139,0.491772944778204
790,895,105,0.105,0.4850514898598194
766,883,117,0.117,0.4946027330160141
720,860,140,0.14,0.5189667413234711
806,903,97,0.097,0.5165841012895107
746,873,127,0.127,0.5301604178845882
756,878,122,0.122,0.5263595209121704
760,880,120,0.12,0.537091348350048
648,824,176,0.176,0.5378669419363141
760,880,120,0.12,0.5324065208137035
748,874,126,0.126,0.5331729682087898
676,838,162,0.162,0.5760168921947479
772,886,114,0.114,0.5670445654392242
774,887,113,0.113,0.5656107694506646
758,879,121,0.121,0.5782034417390823
802,901,99,0.099,0.5576230422854423
712,856,144,0.144,0.5735634810626506
764,882,118,0.118,0.572031440615654
726,863,137,0.137,0.5707221862077713
780,890,110,0.11,0.6970430698394775
756,878,122,0.122,0.694665546104312
740,870,130,0.13,0.6955865974538028
754,877,123,0.123,0.6991806731224061
690,845,155,0.155,0.7651139242425561
744,872,128,0.128,0.7597013809680939
756,878,122,0.122,0.76064231248945
794,897,103,0.103,0.7575039223432541
792,896,104,0.104,0.7759901925884187
710,855,145,0.145,0.7880303711295128
746,873,127,0.127,0.782451105935499
764,882,118,0.118,0.7845640109181404
824,912,88,0.088,0.7922785226106643
736,868,132,0.132,0.7978144530653953
732,866,134,0.134,0.7974668964147568
746,873,127,0.127,0.7957238395335152
744,872,128,0.128,0.7918772330284118
688,844,156,0.156,0.797108583509922
734,867,133,0.133,0.7890148569913581
778,889,111,0.111,0.7879544215798377
794,897,103,0.103,0.7742989619970322
706,853,147,0.147,0.77463335865736
752,876,124,0.124,0.7701554854512215
780,890,110,0.11,0.7678110617399215
734,867,133,0.133,0.727883056819439
758,879,121,0.121,0.7241721437480301
750,875,125,0.125,0.7244957259893418
670,835,165,0.165,0.737012171626091
740,870,130,0.13,0.7538314287662506
722,861,139,0.139,0.7546491848230362
766,883,117,0.117,0.7482238799333573
774,887,113,0.113,0.7416742195039988
726,863,137,0.137,0.6589603242576122
738,869,131,0.131,0.6415598889291286
668,834,166,0.166,0.6373065596222878
788,894,106,0.106,0.6203213286697864
798,899,101,0.101,0.6249839403033256
756,878,122,0.122,0.6392021696269512
714,857,143,0.143,0.6522732595205307
716,858,142,0.142,0.653624209344387
686,843,157,0.157,0.66917699483037
726,863,137,0.137,0.6631065461039544
760,880,120,0.12,0.652919896222651
736,868,132,0.132,0.6501833835840225
762,881,119,0.119,0.6433439811468125
736,868,132,0.132,0.6557292889598757
802,901,99,0.099,0.6509895904064178
766,883,117,0.117,0.6500526202526162
742,871,129,0.129,0.6515352130532265
800,900,100,0.1,0.6390625953609415
740,870,130,0.13,0.6369084278783994
782,891,109,0.109,0.6335551995933056
776,888,112,0.112,0.6226581618171185
726,863,137,0.137,0.6093864349722862
728,864,136,0.136,0.5978474224209785
712,856,144,0.144,0.5928085738420487
726,863,137,0.137,0.56916305616498
694,847,153,0.153,0.5515199992060661
696,848,152,0.152,0.5358751732409001
732,866,134,0.134,0.5373547069480538
772,886,114,0.114,0.46930945962667464
770,885,115,0.115,0.4497918574512005
720,860,140,0.14,0.4273283551931381
770,885,115,0.115,0.409191661670804
760,880,120,0.12,0.3902881319373846
766,883,117,0.117,0.3951870434731245
762,881,119,0.119,0.42315981766581534
738,869,131,0.131,0.41834097704291345
802,901,99,0.099,0.4365283913463354
720,860,140,0.14,0.43842495971545575
724,862,138,0.138,0.43691588509082796
742,871,129,0.129,0.42081256154179575
784,892,108,0.108,0.3981246445178986
748,874,126,0.126,0.39512758497893813
798,899,101,0.101,0.3702039162665606
844,922,78,0.078,0.3630661320351064
758,879,121,0.121,0.3786824006671086
750,875,125,0.125,0.3902698003947735
796,898,102,0.102,0.40226823654025795
734,867,133,0.133,0.4170415876116604
746,873,127,0.127,0.4190848855078465
720,860,140,0.14,0.42542569372057915
696,848,152,0.152,0.45891886699199674
802,901,99,0.099,0.4619961030185223
808,904,96,0.096,0.47197485364973546
750,875,125,0.125,0.4896686007380486
746,873,127,0.127,0.4886688371598721
752,876,124,0.124,0.48558136478066444
794,897,103,0.103,0.4853997360941263
750,875,125,0.125,0.48376416074484585
706,853,147,0.147,0.5242361105382443
754,877,123,0.123,0.522029416501522
756,878,122,0.122,0.5276659331023693
772,886,114,0.114,0.5257881646752357
696,848,152,0.152,0.5327114220261574
714,857,143,0.143,0.5302412412166595
804,902,98,0.098,0.50737261197716
786,893,107,0.107,0.5084299168530851
738,869,131,0.131,0.5077063990831375
762,881,119,0.119,0.507436489596963
732,866,134,0.134,0.5083378930985928
734,867,133,0.133,0.5074225687682629
762,881,119,0.119,0.529539543569088
734,867,133,0.133,0.5402262741625309
710,855,145,0.145,0.5431114062964916
792,896,104,0.104,0.5234705570340157
758,879,121,0.121,0.4857607227265835
806,903,97,0.097,0.4675775399710983
734,867,133,0.133,0.473141027613543
794,897,103,0.103,0.4572006608843803
770,885,115,0.115,0.43798135344684125
760,880,120,0.12,0.4366084076166153
758,879,121,0.121,0.4367308579832315
752,876,124,0.124,0.437998486161232
752,876,124,0.124,0.4534853627662087
778,889,111,0.111,0.45452694300474833
822,911,89,0.089,0.4475359910428524
712,856,144,0.144,0.45829676380753515
772,886,114,0.114,0.4284470329284668
804,902,98,0.098,0.41751811770034786
736,868,132,0.132,0.4279396904891473
762,881,119,0.119,0.42123229180276395
748,874,126,0.126,0.3970157330466245
744,872,128,0.128,0.397830935575068
794,897,103,0.103,0.38790234361588954
734,867,133,0.133,0.39454485523700716
806,903,97,0.097,0.4180199510157108
702,851,149,0.149,0.42463833796977996
768,884,116,0.116,0.4266188452579081
760,880,120,0.12,0.41168476197123527
826,913,87,0.087,0.3649888621121645
734,867,133,0.133,0.36943392726778984
736,868,132,0.132,0.37378827400133013
754,877,123,0.123,0.3653286333531141
834,917,83,0.083,0.3532654872238636
780,890,110,0.11,0.3551458599145119
784,892,108,0.108,0.3595403015017509
720,860,140,0.14,0.3704094908535481
770,885,115,0.115,0.3677153349816799
770,885,115,0.115,0.3665413970798254
812,906,94,0.094,0.36035987854003904
776,888,112,0.112,0.36123578730225564
754,877,123,0.123,0.37167223620507867
754,877,123,0.123,0.36682267327606677
686,843,157,0.157,0.378662259593606
792,896,104,0.104,0.35885645074396916
770,885,115,0.115,0.33691543434560306
774,887,113,0.113,0.3299313650727272
806,903,97,0.097,0.3248549408316612
786,893,107,0.107,0.3177466667890549
812,906,94,0.094,0.29943907557427885
704,852,148,0.148,0.3222921336353756
770,885,115,0.115,0.3150171909928322
710,855,145,0.145,0.3489207674935461
798,899,101,0.101,0.3828453982954379
778,889,111,0.111,0.3805542372763157
710,855,145,0.145,0.3994502206891775
790,895,105,0.105,0.36783508967786477
696,848,152,0.152,0.3398728204369545
760,880,120,0.12,0.32897797144949437
794,897,103,0.103,0.309701459556818
832,916,84,0.084,0.29790872539579866
762,881,119,0.119,0.30583859504759314
744,872,128,0.128,0.3104851519167423
716,858,142,0.142,0.3097874919474125
750,875,125,0.125,0.3115065963566303
760,880,120,0.12,0.3027729307115078
862,931,69,0.069,0.28707942724227903
752,876,124,0.124,0.29635225476324556
768,884,116,0.116,0.288169389304705
740,870,130,0.13,0.28251756649768867
714,857,143,0.143,0.2897657524496317
750,875,125,0.125,0.28076561480388046
808,904,96,0.096,0.279148728588596
752,876,124,0.124,0.2966879614284262
732,866,134,0.134,0.3144869094118476
754,877,123,0.123,0.3244073433429003
740,870,130,0.13,0.32377655842900277
800,900,100,0.1,0.3174433119148016
810,905,95,0.095,0.298291125535965
780,890,110,0.11,0.28115174937993287
744,872,128,0.128,0.26510716062621215
754,877,123,0.123,0.25179675965756176
826,913,87,0.087,0.23507996872067452
762,881,119,0.119,0.24825498403608798
812,906,94,0.094,0.2539542754292488
746,873,127,0.127,0.2698198347389698
756,878,122,0.122,0.28009416089951994
692,846,154,0.154,0.30385544458031655
748,874,126,0.126,0.3082360795736313
710,855,145,0.145,0.31761930941045285
732,866,134,0.134,0.32692644448578356
776,888,112,0.112,0.30994530810415744
738,869,131,0.131,0.30700294011831286
768,884,116,0.116,0.29643511924520133
732,866,134,0.134,0.27995925283059475
726,863,137,0.137,0.2700548366755247
766,883,117,0.117,0.2642853539735079
784,892,108,0.108,0.26277155862748625
702,851,149,0.149,0.2812349463950377
778,889,111,0.111,0.27776047290861605
760,880,120,0.12,0.28263865353167056
766,883,117,0.117,0.28253588254749773
742,871,129,0.129,0.2804830439509824
794,897,103,0.103,0.27355563762784
740,870,130,0.13,0.27850888246297834
768,884,116,0.116,0.2740552524626255
776,888,112,0.112,0.27549790173768995
744,872,128,0.128,0.2756568601421902
812,906,94,0.094,0.2743525072224438
760,880,120,0.12,0.2805989925265312
774,887,113,0.113,0.2878152807727456
748,874,126,0.126,0.3043307928740978
750,875,125,0.125,0.30883301520347595
748,874,126,0.126,0.3085789404809475
694,847,153,0.153,0.3360559384487569
782,891,109,0.109,0.3346626083244046
736,868,132,0.132,0.34126436537131666
732,866,134,0.134,0.33951607091585173
724,862,138,0.138,0.33834861271083355
782,891,109,0.109,0.3393877376168966
706,853,147,0.147,0.34169328801333904
746,873,127,0.127,0.33811273413625803
790,895,105,0.105,0.33292586751282216
760,880,120,0.12,0.3352532144039869
776,888,112,0.112,0.34411504365503787
728,864,136,0.136,0.3594346474707127
742,871,129,0.129,0.3746962648630142
736,868,132,0.132,0.383809866130352
804,902,98,0.098,0.37507837726175786
722,861,139,0.139,0.4049123942144215
748,874,126,0.126,0.389680673673749
790,895,105,0.105,0.3699025332853198
790,895,105,0.105,0.36637819370627406
748,874,126,0.126,0.35810499913990496
798,899,101,0.101,0.3416679489836097
784,892,108,0.108,0.3362517147064209
806,903,97,0.097,0.33723531015217306
804,902,98,0.098,0.3337541655600071
788,894,106,0.106,0.32903911888599396
760,880,120,0.12,0.3336733858734369
796,898,102,0.102,0.32456235018372537
718,859,141,0.141,0.34371361654996874
778,889,111,0.111,0.3321565487533808
774,887,113,0.113,0.3388202476799488
740,870,130,0.13,0.33871442258358003
800,900,100,0.1,0.3203439816236496
804,902,98,0.098,0.3073108496069908
806,903,97,0.097,0.2909301134645939
738,869,131,0.131,0.29559186135232446
746,873,127,0.127,0.30695439846813677
772,886,114,0.114,0.3109187654107809
790,895,105,0.105,0.3185184166878462
788,894,106,0.106,0.3402186905294657
718,859,141,0.141,0.37659205044806005
704,852,148,0.148,0.3766612123847008
752,876,124,0.124,0.37071163150668146
780,890,110,0.11,0.3552985406443477
834,917,83,0.083,0.31201926731176716
804,902,98,0.098,0.30956441116333006
782,891,109,0.109,0.3010969770764932
774,887,113,0.113,0.2920389946475625
762,881,119,0.119,0.3294622358083725
720,860,140,0.14,0.3372584715038538
748,874,126,0.126,0.34977510912716386
756,878,122,0.122,0.3939760772883892
734,867,133,0.133,0.412024528324604
732,866,134,0.134,0.4060468109548092
738,869,131,0.131,0.40719762121140957
760,880,120,0.12,0.3964341456443071
772,886,114,0.114,0.3816207283437252
766,883,117,0.117,0.3790884587317705
802,901,99,0.099,0.37037271475791933
796,898,102,0.102,0.3734136969149113
724,862,138,0.138,0.40887656360464464
792,896,104,0.104,0.41128271651268006
714,857,143,0.143,0.43004822862148284
772,886,114,0.114,0.45297783291339877
774,887,113,0.113,0.44933648339658977
798,899,101,0.101,0.4413535498902202
762,881,119,0.119,0.43801512584090235
768,884,116,0.116,0.4028265582025051
872,936,64,0.064,0.3774693841934204
778,889,111,0.111,0.3938579922169447
768,884,116,0.116,0.40301007074862716
752,876,124,0.124,0.4373518686592579
806,903,97,0.097,0.4476387710720301
742,871,129,0.129,0.46262804250139744
796,898,102,0.102,0.47455980303883555
840,920,80,0.08,0.47288109719753263
784,892,108,0.108,0.47457871297819654
788,894,106,0.106,0.4748816359937191
824,912,88,0.088,0.45779921910166743
766,883,117,0.117,0.47286385190486907
824,912,88,0.088,0.4920954133257201
744,872,128,0.128,0.5009629780948162
770,885,115,0.115,0.5414465893805027
694,847,153,0.153,0.6167743529379368
752,876,124,0.124,0.6348055929541588
664,832,168,0.168,0.6431144907176495
750,875,125,0.125,0.6592459982037544
778,889,111,0.111,0.6272193065881729
678,839,161,0.161,0.6236557048326358
692,846,154,0.154,0.6170095448791981
744,872,128,0.128,0.5725082091987133
800,900,100,0.1,0.5234263754189015
706,853,147,0.147,0.5197519762814045
810,905,95,0.095,0.5122194311022759
734,867,133,0.133,0.5027156853675843
756,878,122,0.122,0.5097241256833076
730,865,135,0.135,0.5331510075032712
702,851,149,0.149,0.5684194630086422
744,872,128,0.128,0.5430739422440529
712,856,144,0.144,0.5478125619505565
764,882,118,0.118,0.5409483513236046
798,899,101,0.101,0.5150569211542606
698,849,151,0.151,0.5014142862197477
832,916,84,0.084,0.4121477619111538
808,904,96,0.096,0.4224234662284143
732,866,134,0.134,0.4233441553413868
748,874,126,0.126,0.41106152176856997
748,874,126,0.126,0.4018999632149935
738,869,131,0.131,0.4009986007101834
822,911,89,0.089,0.38994547741115093
720,860,140,0.14,0.395540413826704
762,881,119,0.119,0.3840076280757785
772,886,114,0.114,0.38367846583113624
702,851,149,0.149,0.3869787162989378
748,874,126,0.126,0.39322999988496304
724,862,138,0.138,0.4129802440404892
692,846,154,0.154,0.42515704518556596
744,872,128,0.128,0.42045204871892927
772,886,114,0.114,0.41684749943017957
758,879,121,0.121,0.4116962281167507
742,871,129,0.129,0.42205551934242247
718,859,141,0.141,0.41386109682917593
726,863,137,0.137,0.3906570751594554
808,904,96,0.096,0.36171932661533357
780,890,110,0.11,0.36337685911357404
802,901,99,0.099,0.3558053469508886
756,878,122,0.122,0.3678684277832508
778,889,111,0.111,0.3800927673429251
702,851,149,0.149,0.3995554857999086
742,871,129,0.129,0.4027385426312685
752,876,124,0.124,0.4186299638226628
702,851,149,0.149,0.4326177656920627
818,909,91,0.091,0.42223381333489113
748,874,126,0.126,0.42757053515715576
726,863,137,0.137,0.43475993296504023
730,865,135,0.135,0.44721966511011124
792,896,104,0.104,0.4322367554306984
758,879,121,0.121,0.45694039365649225
744,872,128,0.128,0.4749564952850342
720,860,140,0.14,0.47645332136750224
800,900,100,0.1,0.4638766518831253
734,867,133,0.133,0.4810748860239983
698,849,151,0.151,0.49227400198671967
672,836,164,0.164,0.48872768887877466
804,902,98,0.098,0.478843164652586
812,906,94,0.094,0.4762259195446968
740,870,130,0.13,0.46433449268341065
744,872,128,0.128,0.46181012915074826
824,912,88,0.088,0.4511496389508247
710,855,145,0.145,0.4641741151548922
810,905,95,0.095,0.4793032661417019
774,887,113,0.113,0.49139406204223635
682,841,159,0.159,0.5090852289795875
756,878,122,0.122,0.5119962780177594
780,890,110,0.11,0.5149548029005527
782,891,109,0.109,0.5161266307830811
752,876,124,0.124,0.5008563167154789
676,838,162,0.162,0.5005145039856433
712,856,144,0.144,0.47350079695880415
830,915,85,0.085,0.4527314429730177
770,885,115,0.115,0.436614899918437
728,864,136,0.136,0.43311844316124914
722,861,139,0.139,0.41633507145196197
796,898,102,0.102,0.41329023395478726
732,866,134,0.134,0.40907589671015737
660,830,170,0.17,0.4030057117342949
788,894,106,0.106,0.3742115551531315
750,875,125,0.125,0.373645890250802
760,880,120,0.12,0.3625820026099682
748,874,126,0.126,0.3608885222822428
788,894,106,0.106,0.3574128341674805
756,878,122,0.122,0.3641660926118493
750,875,125,0.125,0.36055362088792026
760,880,120,0.12,0.3643345957100391
722,861,139,0.139,0.3748854770064354
778,889,111,0.111,0.3733879830687656
732,866,134,0.134,0.3949065729677677
778,889,111,0.111,0.3842002904117107
812,906,94,0.094,0.3660677384510636
782,891,109,0.109,0.36492623333632945
818,909,91,0.091,0.33809440621733666
786,893,107,0.107,0.3270914326757193
790,895,105,0.105,0.3133640658846125
748,874,126,0.126,0.32402231501042844
784,892,108,0.108,0.3218611680287868
764,882,118,0.118,0.3408953428411041
772,886,114,0.114,0.35626126892864707
794,897,103,0.103,0.3571052749156952
732,866,134,0.134,0.37051772394776344
750,875,125,0.125,0.3790931139606982
770,885,115,0.115,0.38163280648132786
724,862,138,0.138,0.388580683708191
750,875,125,0.125,0.3890169940814376
732,866,134,0.134,0.39818877065181735
746,873,127,0.127,0.3948947956562042
762,881,119,0.119,0.39555169112980365
784,892,108,0.108,0.3812772378194254
738,869,131,0.131,0.4053025909215212
722,861,139,0.139,0.4183288861513138
744,872,128,0.128,0.4142077709287405
732,866,134,0.134,0.4336847655773163
744,872,128,0.128,0.4477641862630844
740,870,130,0.13,0.4455044706016779
786,893,107,0.107,0.4426259054243565
718,859,141,0.141,0.4476746724843979
734,867,133,0.133,0.4474975261092186
694,847,153,0.153,0.45020447532850083
758,879,121,0.121,0.4474167039077729
802,901,99,0.099,0.4297565450072289
738,869,131,0.131,0.45061572548747064
800,900,100,0.1,0.44215717220471007
740,870,130,0.13,0.4576869419813156
744,872,128,0.128,0.45154764637351036
830,915,85,0.085,0.46077097168564796
758,879,121,0.121,0.4646522259414196
750,875,125,0.125,0.472093224555254
750,875,125,0.125,0.4721304182112217
766,883,117,0.117,0.4654375963807106
756,878,122,0.122,0.46559415984153746
858,929,71,0.071,0.44625449477136137
752,876,124,0.124,0.4507994780987501
746,873,127,0.127,0.45058224514126777
770,885,115,0.115,0.45021745729910956
780,890,110,0.11,0.4477522584274411
762,881,119,0.119,0.4598862031642921
746,873,127,0.127,0.47015701442956925
726,863,137,0.137,0.474142706990242
712,856,144,0.144,0.47701416806690394
720,860,140,0.14,0.4727834954559803
744,872,128,0.128,0.4580097633600235
796,898,102,0.102,0.4478435693383217
764,882,118,0.118,0.42073260798491535
756,878,122,0.122,0.41554678058624267
770,885,115,0.115,0.38713074737787245
736,868,132,0.132,0.39088411012291907
720,860,140,0.14,0.40795440822839735
750,875,125,0.125,0.4063604304790497
730,865,135,0.135,0.4328695847094059
766,883,117,0.117,0.42388134786486625
764,882,118,0.118,0.42143181186567474
750,875,125,0.125,0.4221096464395523
778,889,111,0.111,0.38840133790671827
798,899,101,0.101,0.37035364167392254
728,864,136,0.136,0.36971781861116676
774,887,113,0.113,0.3633225894272327
822,911,89,0.089,0.3595825546309352
840,920,80,0.08,0.364195300206542
774,887,113,0.113,0.3698773718252778
730,865,135,0.135,0.38173421433568
820,910,90,0.09,0.3630075995624065
770,885,115,0.115,0.37541743054986
720,860,140,0.14,0.3707655256986618
806,903,97,0.097,0.3592525153309107
800,900,100,0.1,0.3704891397505999
792,896,104,0.104,0.37003609040379526
716,858,142,0.142,0.3750725138634443
776,888,112,0.112,0.3722484301030636
754,877,123,0.123,0.3708898747265339
748,874,126,0.126,0.36971767561137675
780,890,110,0.11,0.36809946167096497
812,906,94,0.094,0.35942219104804096
738,869,131,0.131,0.35723889763653277
716,858,142,0.142,0.36138973457366236
730,865,135,0.135,0.35934410674497486
706,853,147,0.147,0.3706833158880472
792,896,104,0.104,0.36575951260328293
788,894,106,0.106,0.37771963521838187
752,876,124,0.124,0.38144535773341975
746,873,127,0.127,0.38816774752736094
716,858,142,0.142,0.37851277193427085
766,883,117,0.117,0.3782905762195587
688,844,156,0.156,0.37886587554216383
806,903,97,0.097,0.37506253650784493
744,872,128,0.128,0.39561931473379425
758,879,121,0.121,0.40832905930280683
736,868,132,0.132,0.4097545801103115
712,856,144,0.144,0.42314525121450425
740,870,130,0.13,0.42177811640501023
736,868,132,0.132,0.44256820720434187
792,896,104,0.104,0.431896455347538
730,865,135,0.135,0.4520200024843216
720,860,140,0.14,0.4526224831938744
768,884,116,0.116,0.43955186116695405
686,843,157,0.157,0.45823724547028544
758,879,121,0.121,0.46484366881847383
710,855,145,0.145,0.475991693854332
784,892,108,0.108,0.4798553596138954
702,851,149,0.149,0.5023974428442307
774,887,113,0.113,0.4979041559398174
826,913,87,0.087,0.48069552856683734
764,882,118,0.118,0.4864280939400196
746,873,127,0.127,0.48441343852877616
784,892,108,0.108,0.4772444924414158
742,871,129,0.129,0.4602297344505787
842,921,79,0.079,0.45110119569301604
742,871,129,0.129,0.4626484440863132
774,887,113,0.113,0.45672098982334136
720,860,140,0.14,0.4692519180178642
768,884,116,0.116,0.4717686401605606
774,887,113,0.113,0.48010135036706925
750,875,125,0.125,0.4904569743871689
784,892,108,0.108,0.49032143673300743
788,894,106,0.106,0.4788034924566746
692,846,154,0.154,0.47862041926383975
766,883,117,0.117,0.4600370040386915
732,866,134,0.134,0.4504541279673576
842,921,79,0.079,0.426723478525877
750,875,125,0.125,0.42257347732782363
816,908,92,0.092,0.41913424302637575
796,898,102,0.102,0.3947362702190876
780,890,110,0.11,0.4006697217524052
728,864,136,0.136,0.3805839663716033
788,894,106,0.106,0.38277058032155037
830,915,85,0.085,0.37959950806200504
732,866,134,0.134,0.3905875362455845
766,883,117,0.117,0.3888448192179203
794,897,103,0.103,0.3701456763744354
750,875,125,0.125,0.35265924128890036
774,887,113,0.113,0.3439693614989519
766,883,117,0.117,0.3187504385262728
788,894,106,0.106,0.31149520994722846
760,880,120,0.12,0.3114140109270811
696,848,152,0.152,0.32420558760687707
752,876,124,0.124,0.312719826862216
790,895,105,0.105,0.29169743683934213
738,869,131,0.131,0.28919664458930494
742,871,129,0.129,0.27983271990483627
808,904,96,0.096,0.2524524433873594
738,869,131,0.131,0.2389002264663577
756,878,122,0.122,0.23506271849572657
800,900,100,0.1,0.22670581468194723
792,896,104,0.104,0.23279695209674536
748,874,126,0.126,0.25009056098759175
766,883,117,0.117,0.24893198388814927
734,867,133,0.133,0.2639208744764328
718,859,141,0.141,0.2682088840827346
754,877,123,0.123,0.2761759332898073
772,886,114,0.114,0.2685615952014923
714,857,143,0.143,0.2903341496735811
728,864,136,0.136,0.29805336150527
776,888,112,0.112,0.2959524775594473
728,864,136,0.136,0.2943348260968924
762,881,119,0.119,0.2893918978497386
734,867,133,0.133,0.2930714949518442
748,874,126,0.126,0.28098656904697417
802,901,99,0.099,0.2763987974822521
708,854,146,0.146,0.2766019269526005
792,896,104,0.104,0.2672723413854837
766,883,117,0.117,0.26806921283900736
786,893,107,0.107,0.26277003663778303
764,882,118,0.118,0.2709428368210793
784,892,108,0.108,0.2701450250148773
772,886,114,0.114,0.2900625198978737
728,864,136,0.136,0.3035542619228363
796,898,102,0.102,0.31412171211061285
782,891,109,0.109,0.3117617808878422
762,881,119,0.119,0.30968502713427004
744,872,128,0.128,0.30835783827304863
722,861,139,0.139,0.31519918417930604
716,858,142,0.142,0.3138520518243313
720,860,140,0.14,0.3392713194638491
748,874,126,0.126,0.34414419542253016
776,888,112,0.112,0.3528465508669615
684,842,158,0.158,0.3665776928523846
704,852,148,0.148,0.3710435298979282
730,865,135,0.135,0.3783696448802948
740,870,130,0.13,0.38030680510401726
730,865,135,0.135,0.38545462739467623
784,892,108,0.108,0.36544873827695845
754,877,123,0.123,0.3590722838640213
704,852,148,0.148,0.35958647795021537
696,848,152,0.152,0.3635869587212801
826,913,87,0.087,0.3111511116325855
814,907,93,0.093,0.3036167098134756
800,900,100,0.1,0.30558574505150315
784,892,108,0.108,0.3041374656111002
760,880,120,0.12,0.32444979032874105
732,866,134,0.134,0.3473515400439501
770,885,115,0.115,0.34657433326542375
804,902,98,0.098,0.3502215275466442
758,879,121,0.121,0.3516689058840275
716,858,142,0.142,0.36502138298749925
788,894,106,0.106,0.3497246545702219
754,877,123,0.123,0.3536254272013903
784,892,108,0.108,0.349741556763649
776,888,112,0.112,0.3462116256356239
798,899,101,0.101,0.34020950815081596
768,884,116,0.116,0.34243586960434913
796,898,102,0.102,0.3355074535906315
834,917,83,0.083,0.33750060983747243
766,883,117,0.117,0.3500209482610226
692,846,154,0.154,0.35571211018413307
790,895,105,0.105,0.3762305796630098
712,856,144,0.144,0.3853942692577839
754,877,123,0.123,0.3836459410637617
786,893,107,0.107,0.38144415429345097
746,873,127,0.127,0.38648571068048476
700,850,150,0.15,0.38920621256530286
750,875,125,0.125,0.3837590202300344
726,863,137,0.137,0.38929545546066946
724,862,138,0.138,0.3834727674126625
726,863,137,0.137,0.3825176792442799
718,859,141,0.141,0.3810447274334729
680,840,160,0.16,0.3771529042869806
782,891,109,0.109,0.3287508037686348
744,872,128,0.128,0.2945255261361599
768,884,116,0.116,0.31110119688883425
786,893,107,0.107,0.2872979273621047
762,881,119,0.119,0.2692316170483828
746,873,127,0.127,0.27726812854409216
790,895,105,0.105,0.2813184922188533
746,873,127,0.127,0.2839509113729
738,869,131,0.131,0.3056309502273798
752,876,124,0.124,0.3129031210243702
748,874,126,0.126,0.31814533957839014
740,870,130,0.13,0.32021867063082754
764,882,118,0.118,0.31294462823867797
762,881,119,0.119,0.30577655567228795
706,853,147,0.147,0.3016884224098176
732,866,134,0.134,0.30153578209877013
776,888,112,0.112,0.3004710501432419
766,883,117,0.117,0.30120865792036056
786,893,107,0.107,0.30043302425742147
804,902,98,0.098,0.2988773332111159
770,885,115,0.115,0.3003733618408442
806,903,97,0.097,0.30230677300691605
756,878,122,0.122,0.3050123150348663
830,915,85,0.085,0.29854613114835227
794,897,103,0.103,0.3020928004384041
728,864,136,0.136,0.2975462128967047
814,907,93,0.093,0.2781956089138985
780,890,110,0.11,0.27574408499896524
678,839,161,0.161,0.2818258032243507
778,889,111,0.111,0.27056127858161927
716,858,142,0.142,0.29378618286550046
718,859,141,0.141,0.3053229734450579
730,865,135,0.135,0.30555772250890734
764,882,118,0.118,0.2937025826573372
732,866,134,0.134,0.28110889457166194
788,894,106,0.106,0.2637915679216385
722,861,139,0.139,0.2633227727711201
798,899,101,0.101,0.23496322187781335
820,910,90,0.09,0.22121518290042877
716,858,142,0.142,0.22471433641016483
802,901,99,0.099,0.21609097760356963
750,875,125,0.125,0.21852890212088824
792,896,104,0.104,0.21752290803194047
746,873,127,0.127,0.23484514477849006
714,857,143,0.143,0.2357735651433468
776,888,112,0.112,0.236095070078969
738,869,131,0.131,0.2394228141307831
744,872,128,0.128,0.22912758024036883
756,878,122,0.122,0.23318429917097092
694,847,153,0.153,0.21443239891529084
816,908,92,0.092,0.1782694299593568
674,837,163,0.163,0.18699568881094455
806,903,97,0.097,0.17273056492954492
754,877,123,0.123,0.16964872782677412
766,883,117,0.117,0.17825182885676621
756,878,122,0.122,0.18080296388640998
756,878,122,0.122,0.1849799394160509
752,876,124,0.124,0.18833215902000666
786,893,107,0.107,0.16488016421720386
746,873,127,0.127,0.16471282466500997
730,865,135,0.135,0.16480603657662868
754,877,123,0.123,0.15214878576993943
736,868,132,0.132,0.15009632126614453
710,855,145,0.145,0.1555940389484167
744,872,128,0.128,0.15482320252433418
766,883,117,0.117,0.15494820604845883
712,856,144,0.144,0.1660589854642749
740,870,130,0.13,0.1652434976324439
748,874,126,0.126,0.16369510550796987
752,876,124,0.124,0.164151194319129
738,869,131,0.131,0.1532981808036566
738,869,131,0.131,0.15254149568825962
716,858,142,0.142,0.15684843397140502
752,876,124,0.124,0.15032209599763155
784,892,108,0.108,0.14021336597960907
806,903,97,0.097,0.1379265428034123
750,875,125,0.125,0.14186185075342655
782,891,109,0.109,0.1335234327018261
786,893,107,0.107,0.1197211273945868
796,898,102,0.102,0.11860197351500391
818,909,91,0.091,0.11730005478858947
818,909,91,0.091,0.11663111042976379
704,852,148,0.148,0.13010107599943876
792,896,104,0.104,0.12028199804201722
808,904,96,0.096,0.11917476664483548
812,906,94,0.094,0.11993507950007916
808,904,96,0.096,0.11564807460829615
732,866,134,0.134,0.12035729977488517
796,898,102,0.102,0.1115156902037561
828,914,86,0.086,0.1100093779079616
742,871,129,0.129,0.11787733034417033
754,877,123,0.123,0.12019858334958554
760,880,120,0.12,0.11960958349704742
764,882,118,0.118,0.12172860506549478
772,886,114,0.114,0.14199872778449207
764,882,118,0.118,0.14612453207583168
788,894,106,0.106,0.14088089181645774
722,861,139,0.139,0.1468773296624422
810,905,95,0.095,0.13390445487201214
802,901,99,0.099,0.13563944195210934
750,875,125,0.125,0.1417066375091672
728,864,136,0.136,0.14070991540700198
748,874,126,0.126,0.15566211231052876
804,902,98,0.098,0.1571725690662861
756,878,122,0.122,0.16278068631887435
732,866,134,0.134,0.1753553259521723
826,913,87,0.087,0.16063881433010102
744,872,128,0.128,0.18569607675634325
768,884,116,0.116,0.17045055889338254
792,896,104,0.104,0.17515421403199435
770,885,115,0.115,0.1813621666878462
798,899,101,0.101,0.1820154343396425
748,874,126,0.126,0.1904784450903535
736,868,132,0.132,0.1856916385218501
768,884,116,0.116,0.1851006661057472
812,906,94,0.094,0.17633281332999468
722,861,139,0.139,0.19296500642597675
804,902,98,0.098,0.17423730116337538
754,877,123,0.123,0.15246535946335643
774,887,113,0.113,0.14356629619002342
742,871,129,0.129,0.14662948758900166
748,874,126,0.126,0.14742060036957264
774,887,113,0.113,0.1620003331567277
762,881,119,0.119,0.1758354266360402
772,886,114,0.114,0.17658578848093748
708,854,146,0.146,0.1839379372522235
734,867,133,0.133,0.17832954353094102
710,855,145,0.145,0.17410840000212194
812,906,94,0.094,0.16295128460973501
756,878,122,0.122,0.16551933033019303
806,903,97,0.097,0.13805009917606367
714,857,143,0.143,0.14201655416935682
726,863,137,0.137,0.13975867538154124
798,899,101,0.101,0.1405890661329031
818,909,91,0.091,0.1530498583689332
762,881,119,0.119,0.16241173016279936
750,875,125,0.125,0.1711216692700982
742,871,129,0.129,0.17122672022879123
750,875,125,0.125,0.16311414977209643
788,894,106,0.106,0.16078343047946692
764,882,118,0.118,0.1571564363837242
808,904,96,0.096,0.1504142212718725
798,899,101,0.101,0.1552956613227725
788,894,106,0.106,0.16028711970150472
800,900,100,0.1,0.17713654963672162
742,871,129,0.129,0.17940086475014685
790,895,105,0.105,0.1890402557598427
814,907,93,0.093,0.1853279548883438
788,894,106,0.106,0.1730728411152959
746,873,127,0.127,0.18072760273516178
810,905,95,0.095,0.16411105004884302
752,876,124,0.124,0.16845472639799117
772,886,114,0.114,0.17231171620637178
784,892,108,0.108,0.17611813990026712
758,879,121,0.121,0.18807198867201805
796,898,102,0.102,0.18190406026691197
778,889,111,0.111,0.17169503761082888
748,874,126,0.126,0.16988169334767736
684,842,158,0.158,0.16759309350821422
756,878,122,0.122,0.15625290884822607
776,888,112,0.112,0.15212639857828616
764,882,118,0.118,0.15753596797585487
724,862,138,0.138,0.14447165777534246
734,867,133,0.133,0.1441392431035638
818,909,91,0.091,0.1274820709079504
756,878,122,0.122,0.1304493383690715
768,884,116,0.116,0.12339552880451084
770,885,115,0.115,0.11934582883864642
800,900,100,0.1,0.10988842318579554
762,881,119,0.119,0.10919548017904163
720,860,140,0.14,0.1157284700423479
718,859,141,0.141,0.11891100660711527
806,903,97,0.097,0.1214103778079152
666,833,167,0.167,0.13237364844256808
754,877,123,0.123,0.14356088333576916
696,848,152,0.152,0.14812545192422114
790,895,105,0.105,0.14407047064602374
716,858,142,0.142,0.15387529025971888
812,906,94,0.094,0.13666785585880278
820,910,90,0.09,0.1288341535627842
746,873,127,0.127,0.1114789370894432
680,840,160,0.16,0.11399010552465916
730,865,135,0.135,0.11067374309524894
782,891,109,0.109,0.10947789894789457
788,894,106,0.106,0.1227100906856358
752,876,124,0.124,0.126132506147027
782,891,109,0.109,0.12844446317851543
768,884,116,0.116,0.1336717737801373
752,876,124,0.124,0.13155423565208912
736,868,132,0.132,0.13400348490476607
728,864,136,0.136,0.14035247654467822
804,902,98,0.098,0.13382068430632352
830,915,85,0.085,0.1323241868019104
792,896,104,0.104,0.13376170515269042
816,908,92,0.092,0.12726687863096595
728,864,136,0.136,0.1340132986735607
776,888,112,0.112,0.13177166127413512
764,882,118,0.118,0.13357397492974996
796,898,102,0.102,0.13523069125413895
790,895,105,0.105,0.1366933541893959
802,901,99,0.099,0.14613622166216372
752,876,124,0.124,0.14933583927154542
812,906,94,0.094,0.1514916060611631
758,879,121,0.121,0.15901462790649384
682,841,159,0.159,0.17480781905353068
726,863,137,0.137,0.16617698049545288
736,868,132,0.132,0.1763782407566905
794,897,103,0.103,0.16808306841552256
828,914,86,0.086,0.16991561280936002
756,878,122,0.122,0.17750052284449339
838,919,81,0.081,0.15976101229339837
774,887,113,0.113,0.1666754323914647
726,863,137,0.137,0.1715717399045825
738,869,131,0.131,0.17074435607343913
718,859,141,0.141,0.18335652602766642
798,899,101,0.101,0.18143651490658522
746,873,127,0.127,0.1880603507757187
774,887,113,0.113,0.1868685657531023
754,877,123,0.123,0.17331389080733062
816,908,92,0.092,0.1718065544590354
716,858,142,0.142,0.18191311652958392
786,893,107,0.107,0.17399385745078325
796,898,102,0.102,0.17859580283612012
736,868,132,0.132,0.1945093938112259
828,914,86,0.086,0.19096604477241635
796,898,102,0.102,0.19623418164253234
738,869,131,0.131,0.20762860211357476
764,882,118,0.118,0.20310817167162895
812,906,94,0.094,0.20339712978713215
794,897,103,0.103,0.20375632168538868
686,843,157,0.157,0.21274717795848846
768,884,116,0.116,0.20451523876190186
794,897,103,0.103,0.19245393393188714
796,898,102,0.102,0.19439340224862098
788,894,106,0.106,0.1988834462314844
780,890,110,0.11,0.1798448181003332
736,868,132,0.132,0.17401090400665997
758,879,121,0.121,0.16724712328612804
750,875,125,0.125,0.16826891106367112
742,871,129,0.129,0.17968321992456912
808,904,96,0.096,0.17950298221409322
814,907,93,0.093,0.1810302957110107
784,892,108,0.108,0.18486993322521447
798,899,101,0.101,0.17390479562431574
718,859,141,0.141,0.17329748210310936
760,880,120,0.12,0.17526139876246452
790,895,105,0.105,0.18029097306728364
836,918,82,0.082,0.15994187991321088
732,866,134,0.134,0.19342816070467234
756,878,122,0.122,0.19240804068744183
722,861,139,0.139,0.1975771995410323
728,864,136,0.136,0.19619166105985641
754,877,123,0.123,0.20888287740945816
762,881,119,0.119,0.2078945637345314
808,904,96,0.096,0.2047316655293107
770,885,115,0.115,0.20020188629627228
758,879,121,0.121,0.1974762749671936
750,875,125,0.125,0.1930804959461093
778,889,111,0.111,0.19428201785683633
754,877,123,0.123,0.1992265010252595
792,896,104,0.104,0.1995307596102357
784,892,108,0.108,0.2003098984286189
776,888,112,0.112,0.2013492114916444
704,852,148,0.148,0.20607275505363942
758,879,121,0.121,0.19183929524570703
776,888,112,0.112,0.20080138789117336
754,877,123,0.123,0.2036339176595211
704,852,148,0.148,0.21235059525072575
808,904,96,0.096,0.21501031191647052
770,885,115,0.115,0.22027907586842776
754,877,123,0.123,0.22523263112828135
774,887,113,0.113,0.22134551849961281
748,874,126,0.126,0.2203284102231264
722,861,139,0.139,0.24193567840754987
754,877,123,0.123,0.23373748289398144
730,865,135,0.135,0.24056803335249424
756,878,122,0.122,0.26076557035546377
698,849,151,0.151,0.2558155284225941
820,910,90,0.09,0.23656085316836833
774,887,113,0.113,0.2368151920810342
708,854,146,0.146,0.2213579104989767
750,875,125,0.125,0.21754046292603016
746,873,127,0.127,0.21738556240499018
718,859,141,0.141,0.22232822646200656
754,877,123,0.123,0.23588115049898625
726,863,137,0.137,0.24242236168682577
796,898,102,0.102,0.23902701285481454
786,893,107,0.107,0.22947598779195688
806,903,97,0.097,0.2124010792975314
718,859,141,0.141,0.20105654324404895
752,876,124,0.124,0.1984370471276343
822,911,89,0.089,0.1905771402195096
772,886,114,0.114,0.20016266064345836
764,882,118,0.118,0.2533136202394962
698,849,151,0.151,0.26865344509482386
764,882,118,0.118,0.2643446344137192
752,876,124,0.124,0.26994423285126684
814,907,93,0.093,0.25975766506791115
750,875,125,0.125,0.26005371114611625
794,897,103,0.103,0.24678888668864965
712,856,144,0.144,0.24085585048794747
772,886,114,0.114,0.2361143221706152
764,882,118,0.118,0.2330790875554085
778,889,111,0.111,0.24858284916728735
764,882,118,0.118,0.24004092098772525
766,883,117,0.117,0.2485329625264276
690,845,155,0.155,0.2572431055083871
778,889,111,0.111,0.25363215538981143
700,850,150,0.15,0.25874340848624705
760,880,120,0.12,0.26104873226583003
694,847,153,0.153,0.2718297423273325
814,907,93,0.093,0.2559784456193447
760,880,120,0.12,0.25384840507805345
748,874,126,0.126,0.24742376284301282
752,876,124,0.124,0.2411875278055668
804,902,98,0.098,0.2348018838837743
748,874,126,0.126,0.2462127435207367
768,884,116,0.116,0.25963090662658217
762,881,119,0.119,0.26191381402313707
760,880,120,0.12,0.25970516927540305
770,885,115,0.115,0.2588098689168692
794,897,103,0.103,0.2371952677220106
738,869,131,0.131,0.23799918323010205
778,889,111,0.111,0.2350393728017807
746,873,127,0.127,0.23902113799005748
724,862,138,0.138,0.26223311947286126
720,860,140,0.14,0.27124707846343515
790,895,105,0.105,0.26188002072486233
788,894,106,0.106,0.26252716754376887
790,895,105,0.105,0.25480671007186173
706,853,147,0.147,0.2567717632353306
804,902,98,0.098,0.24425852224230765
796,898,102,0.102,0.23399491511285306
778,889,111,0.111,0.24089110370725395
816,908,92,0.092,0.24064404532438494
758,879,121,0.121,0.25078605054022773
766,883,117,0.117,0.2804033385068178
722,861,139,0.139,0.32622192877531053
692,846,154,0.154,0.352776715323329
744,872,128,0.128,0.3431297748088837
752,876,124,0.124,0.36175208222866057
692,846,154,0.154,0.37609604190289975
746,873,127,0.127,0.35540198549443014
748,874,126,0.126,0.35888787879794837
712,856,144,0.144,0.35396472428739073
790,895,105,0.105,0.3404815019369125
798,899,101,0.101,0.33654951997101307
760,880,120,0.12,0.3400635200800898
764,882,118,0.118,0.34321832723607076
738,869,131,0.131,0.3501579028367996
704,852,148,0.148,0.36242055892944336
702,851,149,0.149,0.3731194880306721
834,917,83,0.083,0.3927452268898487
784,892,108,0.108,0.41717684069275857
804,902,98,0.098,0.4134505459368229
786,893,107,0.107,0.41779625058174136
790,895,105,0.105,0.3941894756257534
762,881,119,0.119,0.3854251419622451
810,905,95,0.095,0.36315317525511637
788,894,106,0.106,0.3612384794354439
770,885,115,0.115,0.3550980627536774
822,911,89,0.089,0.3578944543600082
698,849,151,0.151,0.3723600053042173
756,878,122,0.122,0.3601308099925518
814,907,93,0.093,0.3560860980153084
778,889,111,0.111,0.3486349918916821
766,883,117,0.117,0.34027428317512387
756,878,122,0.122,0.320305757808499
796,898,102,0.102,0.3061945676803589
744,872,128,0.128,0.3040463419146836
706,853,147,0.147,0.31474416629970076
794,897,103,0.103,0.306130146978423
832,916,84,0.084,0.3123417733163806
746,873,127,0.127,0.32840437431633474
708,854,146,0.146,0.33744392019510266
778,889,111,0.111,0.3148467537917895
828,914,86,0.086,0.28302247323095797
790,895,105,0.105,0.2789823121652007
796,898,102,0.102,0.276464656598866
716,858,142,0.142,0.2489911200373899
764,882,118,0.118,0.24100809352472424
758,879,121,0.121,0.25072267270088194
770,885,115,0.115,0.25186020736023784
750,875,125,0.125,0.2883839962631464
788,894,106,0.106,0.297803722679615
802,901,99,0.099,0.29806283001601697
772,886,114,0.114,0.30393499799072743
780,890,110,0.11,0.2986512906551361
762,881,119,0.119,0.2894488471597433
770,885,115,0.115,0.2869369427692145
726,863,137,0.137,0.29271666446328165
754,877,123,0.123,0.28253974521905184
750,875,125,0.125,0.2851034927479923
732,866,134,0.134,0.28924036967754363
770,885,115,0.115,0.2849908663649112
798,899,101,0.101,0.29913993589580057
732,866,134,0.134,0.31045451854373096
762,881,119,0.119,0.3171840183287859
766,883,117,0.117,0.31001886139810086
774,887,113,0.113,0.30739429235458376
710,855,145,0.145,0.31232544988393784
818,909,91,0.091,0.2980881727039814
784,892,108,0.108,0.29894141407310965
714,857,143,0.143,0.31362035678885875
794,897,103,0.103,0.318464830524451
798,899,101,0.101,0.3175944372266531
764,882,118,0.118,0.3203852583486892
822,911,89,0.089,0.34219575282000003
754,877,123,0.123,0.3524742329269648
760,880,120,0.12,0.354184721797708
768,884,116,0.116,0.35743299835920334
752,876,124,0.124,0.34801956596970557
696,848,152,0.152,0.3601308598667383
776,888,112,0.112,0.3533421597778797
784,892,108,0.108,0.34654683580994605
738,869,131,0.131,0.3396812294274569
758,879,121,0.121,0.3362733516991138
782,891,109,0.109,0.32757300509512427
728,864,136,0.136,0.3113603315502405
768,884,116,0.116,0.2881612236946821
730,865,135,0.135,0.2940209543555975
728,864,136,0.136,0.29832529632747173
750,875,125,0.125,0.3007080658823252
790,895,105,0.105,0.3049202827066183
754,877,123,0.123,0.30983874885865953
740,870,130,0.13,0.3110644637942314
734,867,133,0.133,0.2980342494547367
762,881,119,0.119,0.2846441442379728
778,889,111,0.111,0.28193330013379453
814,907,93,0.093,0.2833946436680853
706,853,147,0.147,0.29241279969830064
778,889,111,0.111,0.29317681658267974
746,873,127,0.127,0.29621335098147394
772,886,114,0.114,0.2957864389121532
758,879,121,0.121,0.2937911458313465
730,865,135,0.135,0.2831665213406086
784,892,108,0.108,0.27269727217033507
738,869,131,0.131,0.28028852429986
746,873,127,0.127,0.268818589784205
782,891,109,0.109,0.25210619141161444
728,864,136,0.136,0.2548339326158166
742,871,129,0.129,0.2508545964732766
724,862,138,0.138,0.2533207703460939
770,885,115,0.115,0.2451129048317671
716,858,142,0.142,0.2534276610913821
774,887,113,0.113,0.24728662954270839
818,909,91,0.091,0.2331098826378584
688,844,156,0.156,0.22618953280895948
752,876,124,0.124,0.2246381061822176
766,883,117,0.117,0.22206268482655286
698,849,151,0.151,0.23795221047103404
774,887,113,0.113,0.2519114175736904
778,889,111,0.111,0.25348555071651935
790,895,105,0.105,0.25328708593547344
690,845,155,0.155,0.24989940160512925
706,853,147,0.147,0.23855932682438288
766,883,117,0.117,0.22948242809064687
790,895,105,0.105,0.22790111146122216
794,897,103,0.103,0.222905958160758
718,859,141,0.141,0.23659561502933502
760,880,120,0.12,0.23000670131863443
768,884,116,0.116,0.22288147531449795
762,881,119,0.119,0.22218364883679897
768,884,116,0.116,0.22125927741080523
778,889,111,0.111,0.2100525027066469
770,885,115,0.115,0.20736144135147333
754,877,123,0.123,0.20694051456451415
768,884,116,0.116,0.19647569893300534
722,861,139,0.139,0.19534100243449212
812,906,94,0.094,0.18892706587165595
766,883,117,0.117,0.19951842943951487
770,885,115,0.115,0.1995978857278824
718,859,141,0.141,0.2170463259741664
718,859,141,0.141,0.21727438975125551
794,897,103,0.103,0.21157401373237372
770,885,115,0.115,0.2087196960709989
746,873,127,0.127,0.2051811738461256
806,903,97,0.097,0.19739708618821034
740,870,130,0.13,0.20182530597597362
734,867,133,0.133,0.21052873046696186
698,849,151,0.151,0.23084221649169923
784,892,108,0.108,0.2313804650530219
804,902,98,0.098,0.2267088623791933
770,885,115,0.115,0.22665005113184453
756,878,122,0.122,0.20066703812032938
724,862,138,0.138,0.187762241672026
768,884,116,0.116,0.182910126876086
800,900,100,0.1,0.18546265628933906
768,884,116,0.116,0.19775495725125075
800,900,100,0.1,0.20871608384698628
726,863,137,0.137,0.2124459790289402
732,866,134,0.134,0.2139025774896145
794,897,103,0.103,0.20527578015625478
754,877,123,0.123,0.19361938712745905
734,867,133,0.133,0.19449543519318105
758,879,121,0.121,0.19022435459739062
772,886,114,0.114,0.18834711238741875
744,872,128,0.128,0.21195943029224873
720,860,140,0.14,0.22184524378925563
768,884,116,0.116,0.22301347018778325
792,896,104,0.104,0.23233515797555446
752,876,124,0.124,0.22757930141687394
774,887,113,0.113,0.22946181729435922
746,873,127,0.127,0.22855322195589542
750,875,125,0.125,0.21327214836329222
762,881,119,0.119,0.19880054498874233
788,894,106,0.106,0.19737985802814365
806,903,97,0.097,0.1947103246152401
766,883,117,0.117,0.1901179374307394
748,874,126,0.126,0.19480679690092803
788,894,106,0.106,0.18916284782439471
816,908,92,0.092,0.1923687493801117
790,895,105,0.105,0.20273252934217453
800,900,100,0.1,0.21823303566873073
744,872,128,0.128,0.22651780270040034
686,843,157,0.157,0.23253029541671277
746,873,127,0.127,0.23062962470948697
710,855,145,0.145,0.24335711719095707
768,884,116,0.116,0.23300440488755703
754,877,123,0.123,0.24801849864423275
818,909,91,0.091,0.2301195343732834
774,887,113,0.113,0.238795968323946
746,873,127,0.127,0.24130506503582
792,896,104,0.104,0.24096734741330147
726,863,137,0.137,0.27305955773591994
766,883,117,0.117,0.2926206987947226
714,857,143,0.143,0.29616211979091167
772,886,114,0.114,0.2906398424804211
768,884,116,0.116,0.29906427055597307
812,906,94,0.094,0.291432756587863
794,897,103,0.103,0.29368629582598804
764,882,118,0.118,0.29778027890739034
796,898,102,0.102,0.2875759294629097
766,883,117,0.117,0.297644928753376
724,862,138,0.138,0.30278460080703373
794,897,103,0.103,0.2984486001729965
784,892,108,0.108,0.32724269802868367
748,874,126,0.126,0.3531525779515505
744,872,128,0.128,0.3609548775777221
752,876,124,0.124,0.35618595921993257
746,873,127,0.127,0.38415236353874205
792,896,104,0.104,0.3838139084279537
750,875,125,0.125,0.3894371058806137
650,825,175,0.175,0.40103709280490873
762,881,119,0.119,0.3854204992949963
786,893,107,0.107,0.38166429549455644
706,853,147,0.147,0.38926152285933496
726,863,137,0.137,0.3875320862233639
786,893,107,0.107,0.38946657091379167
810,905,95,0.095,0.38130683279037475
772,886,114,0.114,0.38465702018141745
658,829,171,0.171,0.3956572563648224
746,873,127,0.127,0.38552123215794565
774,887,113,0.113,0.3915765149593353
746,873,127,0.127,0.39806135565042494
754,877,123,0.123,0.4027719822227955
744,872,128,0.128,0.40759896897897124
712,856,144,0.144,0.4078126612603664
788,894,106,0.106,0.3948410333078355
774,887,113,0.113,0.3720299572646618
772,886,114,0.114,0.3569864293038845
760,880,120,0.12,0.3255050494670868
786,893,107,0.107,0.3152227110117674
748,874,126,0.126,0.3104662454128265
796,898,102,0.102,0.308338209502399
744,872,128,0.128,0.3368797238022089
752,876,124,0.124,0.33854587407410147
824,912,88,0.088,0.3536958180475049
728,864,136,0.136,0.3638055979460478
814,907,93,0.093,0.3551163049638271
770,885,115,0.115,0.35705365434288977
766,883,117,0.117,0.34464497888088225
752,876,124,0.124,0.3461973058283329
742,871,129,0.129,0.34690831553936
772,886,114,0.114,0.35193362817168233
778,889,111,0.111,0.3670345329642296
738,869,131,0.131,0.38331947779655456
728,864,136,0.136,0.3822634066939354
826,913,87,0.087,0.36453311663866045
738,869,131,0.131,0.3614419825747609
782,891,109,0.109,0.34049042083323
766,883,117,0.117,0.32823079270124433
736,868,132,0.132,0.31936747635900975
766,883,117,0.117,0.3132176134437323
774,887,113,0.113,0.30606932255788366
836,918,82,0.082,0.2984821513593197
796,898,102,0.102,0.29350779385864734
738,869,131,0.131,0.29154747916013
784,892,108,0.108,0.2986125300526619
746,873,127,0.127,0.2982101511657238
792,896,104,0.104,0.31423615230619906
728,864,136,0.136,0.3234559141844511
770,885,115,0.115,0.32898251765966413
794,897,103,0.103,0.334232852935791
796,898,102,0.102,0.32417186699807643
748,874,126,0.126,0.325895123898983
794,897,103,0.103,0.30492395697534086
736,868,132,0.132,0.3060129027917319
786,893,107,0.107,0.2737428042292595
784,892,108,0.108,0.2704245774447918
776,888,112,0.112,0.25403169780650203
698,849,151,0.151,0.25889902444183827
722,861,139,0.139,0.24424391800910233
774,887,113,0.113,0.2383190610036254
736,868,132,0.132,0.2504323521557939
714,857,143,0.143,0.254000968772918
732,866,134,0.134,0.2597767198681831
760,880,120,0.12,0.25226755847036836
760,880,120,0.12,0.24465691163716838
782,891,109,0.109,0.23837863911688328
792,896,104,0.104,0.21847244253009557
728,864,136,0.136,0.22206777095794678
748,874,126,0.126,0.21057934571057557
758,879,121,0.121,0.20731173827126623
748,874,126,0.126,0.20295969792455434
804,902,98,0.098,0.19473812471330165
776,888,112,0.112,0.18974371180683375
754,877,123,0.123,0.19038753186166285
754,877,123,0.123,0.17338994791358708
744,872,128,0.128,0.17734115049242974
766,883,117,0.117,0.1790092428252101
762,881,119,0.119,0.1791753853440023
742,871,129,0.129,0.18444451745599508
706,853,147,0.147,0.19409026084840297
752,876,124,0.124,0.18812269484996796
748,874,126,0.126,0.191828926846385
762,881,119,0.119,0.1782707680463791
762,881,119,0.119,0.17521419367939234
776,888,112,0.112,0.17527493272721767
766,883,117,0.117,0.17807847966998816
754,877,123,0.123,0.17292869774997235
772,886,114,0.114,0.17192209649831056
720,860,140,0.14,0.1743604564294219
716,858,142,0.142,0.17776052340120077
742,871,129,0.129,0.18686583951860666
750,875,125,0.125,0.19751805091649294
778,889,111,0.111,0.19432951498776674
766,883,117,0.117,0.190912003390491
656,828,172,0.172,0.1963562213448641
736,868,132,0.132,0.1852035377174616
764,882,118,0.118,0.1828838917389512
676,838,162,0.162,0.19531672749104953
784,892,108,0.108,0.19224301140755415
760,880,120,0.12,0.19419789497554302
778,889,111,0.111,0.19214370845258236
794,897,103,0.103,0.17890518361897556
772,886,114,0.114,0.17566611419431866
754,877,123,0.123,0.19113923092764873
716,858,142,0.142,0.1965001494064927
724,862,138,0.138,0.2170927961394191
786,893,107,0.107,0.23288053272664547
716,858,142,0.142,0.24022095993161202
790,895,105,0.105,0.23453091169893742
750,875,125,0.125,0.2379001744389534
764,882,118,0.118,0.2309715027064085
726,863,137,0.137,0.24272508697211742
748,874,126,0.126,0.2470600154697895
774,887,113,0.113,0.2378496668636799
746,873,127,0.127,0.23697011713683605
758,879,121,0.121,0.23257429787516595
764,882,118,0.118,0.23176169566065072
790,895,105,0.105,0.21887198077887296
810,905,95,0.095,0.2121171568259597
748,874,126,0.126,0.2251550721049616
766,883,117,0.117,0.2289958287924528
774,887,113,0.113,0.2440370620638132
784,892,108,0.108,0.23123777836561202
780,890,110,0.11,0.23642952440679074
766,883,117,0.117,0.23965701832120248
744,872,128,0.128,0.24808431527018546
798,899,101,0.101,0.2221828999966383
760,880,120,0.12,0.24032533292472363
734,867,133,0.133,0.25232770845294
770,885,115,0.115,0.2320689480006695
748,874,126,0.126,0.22118561659753322
826,913,87,0.087,0.21038099080324174
726,863,137,0.137,0.25397412046790124
816,908,92,0.092,0.22227351650595664
828,914,86,0.086,0.21850355859100817
744,872,128,0.128,0.22993164463341237
728,864,136,0.136,0.2459789862781763
764,882,118,0.118,0.2340343620479107
780,890,110,0.11,0.23967804923653602
702,851,149,0.149,0.2613751787394285
756,878,122,0.122,0.2623815209269524
742,871,129,0.129,0.2852847247123718
710,855,145,0.145,0.2899924560263753
768,884,116,0.116,0.29106874822080137
794,897,103,0.103,0.29140564270317554
816,908,92,0.092,0.2760462458878756
724,862,138,0.138,0.28570532335340976
772,886,114,0.114,0.2774698656648397
822,911,89,0.089,0.25930863045156
768,884,116,0.116,0.256720987893641
778,889,111,0.111,0.2517163454815745
762,881,119,0.119,0.24655385099351407
806,903,97,0.097,0.23501724295318127
766,883,117,0.117,0.22435355307161808
784,892,108,0.108,0.2206943865865469
746,873,127,0.127,0.22208487860113382
782,891,109,0.109,0.21661364093422888
714,857,143,0.143,0.2313894729167223
816,908,92,0.092,0.21739498572796584
736,868,132,0.132,0.2326574246287346
802,901,99,0.099,0.2228038889169693
800,900,100,0.1,0.23401246993243693
722,861,139,0.139,0.24390140110254288
752,876,124,0.124,0.23974137577414512
738,869,131,0.131,0.25800207729637625
782,891,109,0.109,0.28333283925056457
770,885,115,0.115,0.2874699997007847
752,876,124,0.124,0.29499536952376365
812,906,94,0.094,0.2975796888768673
774,887,113,0.113,0.2978457399606705
730,865,135,0.135,0.29289655762910843
796,898,102,0.102,0.2880371405333281
762,881,119,0.119,0.2985417229235172
764,882,118,0.118,0.32789400650560857
728,864,136,0.136,0.36090306405723094
690,845,155,0.155,0.37026914191246035
828,914,86,0.086,0.3878925435245037
762,881,119,0.119,0.4083129617124796
766,883,117,0.117,0.4023701865077019
736,868,132,0.132,0.4054858530461788
816,908,92,0.092,0.395055804297328
714,857,143,0.143,0.43657571426033975
744,872,128,0.128,0.45699208957859083
730,865,135,0.135,0.46601571318507196
778,889,111,0.111,0.4923306683599949
838,919,81,0.081,0.4945854869186878
788,894,106,0.106,0.48731674993038177
772,886,114,0.114,0.4893321042507887
700,850,150,0.15,0.4612477608025074
762,881,119,0.119,0.42764407363533974
758,879,121,0.121,0.42910794588923457
682,841,159,0.159,0.43428663834929465
762,881,119,0.119,0.42095626321434976
740,870,130,0.13,0.40400615414977076
758,879,121,0.121,0.39311145286262034
786,893,107,0.107,0.36907331384718417
794,897,103,0.103,0.32408790147304534
766,883,117,0.117,0.3048440573811531
744,872,128,0.128,0.2966007925570011
816,908,92,0.092,0.265505799646362
746,873,127,0.127,0.24952220042049886
732,866,134,0.134,0.24572740963101386
770,885,115,0.115,0.2399206159710884
820,910,90,0.09,0.238982953235507
748,874,126,0.126,0.24380268262326718
828,914,86,0.086,0.23019167099893093
800,900,100,0.1,0.23467230527102947
764,882,118,0.118,0.2109999465048313
804,902,98,0.098,0.20052654479444026
762,881,119,0.119,0.21259380816109477
760,880,120,0.12,0.20633096495270728
766,883,117,0.117,0.24151757942140104
762,881,119,0.119,0.2371468406021595
696,848,152,0.152,0.24982343569397927
758,879,121,0.121,0.2423304161131382
698,849,151,0.151,0.2710953948050737
750,875,125,0.125,0.2691393607109785
820,910,90,0.09,0.263495958968997
702,851,149,0.149,0.28312996272742746
808,904,96,0.096,0.25943518479168415
726,863,137,0.137,0.26663460916280746
834,917,83,0.083,0.24521525571867825
770,885,115,0.115,0.2521673601865768
760,880,120,0.12,0.24495589746534824
748,874,126,0.126,0.25016220088303087
760,880,120,0.12,0.25489196038246154
732,866,134,0.134,0.2610732552409172
744,872,128,0.128,0.32397527462244036
736,868,132,0.132,0.3337196591049433
784,892,108,0.108,0.3361007494926453
790,895,105,0.105,0.3312864782363176
744,872,128,0.128,0.3162834292650223
790,895,105,0.105,0.3031824441999197
736,868,132,0.132,0.2966675685495138
784,892,108,0.108,0.2926068249642849
740,870,130,0.13,0.28201953814551234
754,877,123,0.123,0.29135793746110944
734,867,133,0.133,0.30162793688476086
748,874,126,0.126,0.30227008178830145
754,877,123,0.123,0.33187825354933737
764,882,118,0.118,0.3149039384275675
808,904,96,0.096,0.3138062464296818
730,865,135,0.135,0.3208020835150965
696,848,152,0.152,0.30956896021599073
752,876,124,0.124,0.3182291086167097
724,862,138,0.138,0.3196494488120079
750,875,125,0.125,0.32427344109117984
804,902,98,0.098,0.35809001066967905
758,879,121,0.121,0.3639237707527354
712,856,144,0.144,0.3682565152645111
710,855,145,0.145,0.3655868694633245
794,897,103,0.103,0.3418625744283199
726,863,137,0.137,0.3440460670888424
752,876,124,0.124,0.34609928107261656
722,861,139,0.139,0.3442031949460506
722,861,139,0.139,0.3555941946208477
792,896,104,0.104,0.3608092177212238
766,883,117,0.117,0.37022555281221864
760,880,120,0.12,0.3685194324851036
822,911,89,0.089,0.3696348069608211
848,924,76,0.076,0.3596901398003101
758,879,121,0.121,0.36662604766711593
778,889,111,0.111,0.36760561347007753
750,875,125,0.125,0.37899837745868536
740,870,130,0.13,0.40501149770617484
796,898,102,0.102,0.419223558396101
796,898,102,0.102,0.4249397341310978
770,885,115,0.115,0.4491925407350063
802,901,99,0.099,0.4459045516550541
788,894,106,0.106,0.43384360313415526
756,878,122,0.122,0.43100046148896215
730,865,135,0.135,0.4304427752196789
710,855,145,0.145,0.42678595754504206
742,871,129,0.129,0.43135812827944753
772,886,114,0.114,0.43589203149080274
736,868,132,0.132,0.44944908529520033
728,864,136,0.136,0.46148408941924574
802,901,99,0.099,0.46009595969319345
714,857,143,0.143,0.45955803033709525
790,895,105,0.105,0.4446391082108021
792,896,104,0.104,0.44453631235077046
764,882,118,0.118,0.4496017437875271
704,852,148,0.148,0.46369855442643165
786,893,107,0.107,0.47643120896071195
764,882,118,0.118,0.5115229634549469
708,854,146,0.146,0.5408552171885967
738,869,131,0.131,0.5457885666191578
784,892,108,0.108,0.5460432864129543
784,892,108,0.108,0.5419691175818443
768,884,116,0.116,0.5308396347761154
766,883,117,0.117,0.52350709810853
810,905,95,0.095,0.5074284825325012
712,856,144,0.144,0.5228042960092425
768,884,116,0.116,0.5274747038185597
758,879,121,0.121,0.5343877402842044
794,897,103,0.103,0.5336341132521629
794,897,103,0.103,0.5573997424524277
742,871,129,0.129,0.5660019290447235
760,880,120,0.12,0.5659657433629036
782,891,109,0.109,0.5620085270702839
778,889,111,0.111,0.5431918548047543
766,883,117,0.117,0.5213868662118911
762,881,119,0.119,0.5195333662927151
722,861,139,0.139,0.5179151725172997
750,875,125,0.125,0.48524265506863595
804,902,98,0.098,0.45823638010025025
792,896,104,0.104,0.45389484652876855
778,889,111,0.111,0.4536866938471794
666,833,167,0.167,0.4706790548916906
744,872,128,0.128,0.4960089440047741
734,867,133,0.133,0.5098960923552514
788,894,106,0.106,0.513723243445158
746,873,127,0.127,0.5627926175482572
790,895,105,0.105,0.5550803279131651
704,852,148,0.148,0.5601808097064495
786,893,107,0.107,0.5472897537350655
754,877,123,0.123,0.52266736805439
788,894,106,0.106,0.492294179469347
774,887,113,0.113,0.4949963065981865
770,885,115,0.115,0.49403190791606905
750,875,125,0.125,0.5001458106664941
716,858,142,0.142,0.536251966625452
822,911,89,0.089,0.5340544736385345
798,899,101,0.101,0.545906272739172
758,879,121,0.121,0.5530906503200531
786,893,107,0.107,0.5216940336227417
808,904,96,0.096,0.5165751989185811
752,876,124,0.124,0.5292257478833199
758,879,121,0.121,0.5054960166811943
716,858,142,0.142,0.5099442176818848
758,879,121,0.121,0.5083277541995048
804,902,98,0.098,0.5038561688065529
762,881,119,0.119,0.5167376671731472
768,884,116,0.116,0.5439335190355777
686,843,157,0.157,0.5537582378264051
754,877,123,0.123,0.5443261198401451
730,865,135,0.135,0.5466918796598911
728,864,136,0.136,0.5926882492303849
704,852,148,0.148,0.5878185856342316
756,878,122,0.122,0.5928595413267612
746,873,127,0.127,0.5922289062738418
722,861,139,0.139,0.653587174654007
734,867,133,0.133,0.6541671854257584
754,877,123,0.123,0.6512997430562973
726,863,137,0.137,0.6529541943073273
772,886,114,0.114,0.6527955449819565
750,875,125,0.125,0.6480021414160728
760,880,120,0.12,0.6471650545150042
756,878,122,0.122,0.6268808107078075
730,865,135,0.135,0.6090242926016933
766,883,117,0.117,0.5908047869205475
740,870,130,0.13,0.5905486050248147
748,874,126,0.126,0.5791257800757885
758,879,121,0.121,0.569608020067215
734,867,133,0.133,0.5735926737189293
754,877,123,0.123,0.5754060031361878
736,868,132,0.132,0.5775323675870896
790,895,105,0.105,0.5741850127577781
780,890,110,0.11,0.5634386954009533
700,850,150,0.15,0.5750945820212364
760,880,120,0.12,0.5671770534515381
736,868,132,0.132,0.5618255873024464
718,859,141,0.141,0.5703456133753061
788,894,106,0.106,0.5732176106870175
710,855,145,0.145,0.5787417092919349
774,887,113,0.113,0.5778784113526344
810,905,95,0.095,0.5762369293272496
692,846,154,0.154,0.5735796162784099
796,898,102,0.102,0.570127221763134
704,852,148,0.148,0.5719763148650527
730,865,135,0.135,0.5570049147903919
780,890,110,0.11,0.5529553502053023
656,828,172,0.172,0.5609649547934532
794,897,103,0.103,0.5506236170828342
788,894,106,0.106,0.5420606995522976
736,868,132,0.132,0.5430067796707153
776,888,112,0.112,0.5447873346805573
806,903,97,0.097,0.5373513769805431
776,888,112,0.112,0.5293393167257309
802,901,99,0.099,0.5253930939733982
834,917,83,0.083,0.5246146398782731
794,897,103,0.103,0.5239170457869768
728,864,136,0.136,0.5449816376715898
824,912,88,0.088,0.5417356321811676
740,870,130,0.13,0.5478072920758277
750,875,125,0.125,0.5473806039988994
774,887,113,0.113,0.5265027938485145
740,870,130,0.13,0.5118249349594116
838,919,81,0.081,0.4996028460422531
728,864,136,0.136,0.5007335580289364
768,884,116,0.116,0.4691777318418026
750,875,125,0.125,0.46207021389009484
718,859,141,0.141,0.4610253822878003
746,873,127,0.127,0.45744400963187215
740,870,130,0.13,0.45341182716653566
784,892,108,0.108,0.45176294442266224
810,905,95,0.095,0.45297113636136055
684,842,158,0.158,0.4646554234623909
762,881,119,0.119,0.45389726144075393
816,908,92,0.092,0.4472425503730774
786,893,107,0.107,0.44491874232888223
778,889,111,0.111,0.44805701142549514
760,880,120,0.12,0.4431279175877571
832,916,84,0.084,0.43827360397577286
750,875,125,0.125,0.438841222345829
754,877,123,0.123,0.4313106363713741
764,882,118,0.118,0.4150000547170639
704,852,148,0.148,0.42041205063462256
784,892,108,0.108,0.3978770750761032
806,903,97,0.097,0.3913489220738411
768,884,116,0.116,0.3701899556517601
756,878,122,0.122,0.37810297407209875
784,892,108,0.108,0.35811080878973006
806,903,97,0.097,0.35495757568627595
694,847,153,0.153,0.36310772015154363
806,903,97,0.097,0.3536579492762685
716,858,142,0.142,0.3806037494689226
812,906,94,0.094,0.36649492460489275
780,890,110,0.11,0.3816488042883575
722,861,139,0.139,0.38783380906283854
788,894,106,0.106,0.3881607868075371
816,908,92,0.092,0.37881644928455355
768,884,116,0.116,0.38485447481274604
774,887,113,0.113,0.39277080619335175
794,897,103,0.103,0.37770709601044655
772,886,114,0.114,0.38131882761418817
782,891,109,0.109,0.3870815642029047
714,857,143,0.143,0.40278811287879945
770,885,115,0.115,0.4645555919408798
820,910,90,0.09,0.4670713407099247
802,901,99,0.099,0.470171818703413
778,889,111,0.111,0.49085522075369953
786,893,107,0.107,0.4859523275196552
790,895,105,0.105,0.4744434986114502
752,876,124,0.124,0.4731944159567356
828,914,86,0.086,0.46074696570634843
756,878,122,0.122,0.43739442425966263
786,893,107,0.107,0.4354660756587982
764,882,118,0.118,0.44765589414536955
752,876,124,0.124,0.45031704050302507
754,877,123,0.123,0.505783365368843
722,861,139,0.139,0.5191328640282155
770,885,115,0.115,0.511827168113552
732,866,134,0.134,0.5173573275208473
720,860,140,0.14,0.5185654434114695
794,897,103,0.103,0.5042280635684728
782,891,109,0.109,0.5060573081672192
788,894,106,0.106,0.5038067891299725
738,869,131,0.131,0.5084104224741459
730,865,135,0.135,0.5159265620708465
764,882,118,0.118,0.5158632843494415
762,881,119,0.119,0.5145100337564945
672,836,164,0.164,0.5584861254394055
742,871,129,0.129,0.542772736787796
742,871,129,0.129,0.5395639581233262
772,886,114,0.114,0.5379061561077834
772,886,114,0.114,0.45000050884485243
776,888,112,0.112,0.4359694692194462
804,902,98,0.098,0.4272298438474536
750,875,125,0.125,0.42840108002722266
810,905,95,0.095,0.37283659052848817
774,887,113,0.113,0.372091766836139
818,909,91,0.091,0.36798471750319006
736,868,132,0.132,0.37905178689956665
786,893,107,0.107,0.4397479846179485
746,873,127,0.127,0.44632387229800224
712,856,144,0.144,0.4589696895480156
758,879,121,0.121,0.46311156467348336
818,909,91,0.091,0.4338681565374136
762,881,119,0.119,0.43421940647612783
710,855,145,0.145,0.4247051517688845
796,898,102,0.102,0.4070831833481789
764,882,118,0.118,0.402552766866982
730,865,135,0.135,0.4191281766295433
770,885,115,0.115,0.4185209295451641
728,864,136,0.136,0.42692364594340326
720,860,140,0.14,0.41514177184924483
716,858,142,0.142,0.4087546373605728
718,859,141,0.141,0.39933435842394827
786,893,107,0.107,0.3869114104360342
792,896,104,0.104,0.3604938218295574
794,897,103,0.103,0.34816293689608574
766,883,117,0.117,0.3268706025034189
750,875,125,0.125,0.3248645082116127
754,877,123,0.123,0.3015355845540762
788,894,106,0.106,0.2951861215829849
794,897,103,0.103,0.294532740265131
796,898,102,0.102,0.29531203566107433
782,891,109,0.109,0.29558618913590906
690,845,155,0.155,0.30287763288617137
798,899,101,0.101,0.27369841144979
758,879,121,0.121,0.2793263998553157
778,889,111,0.111,0.2576840310096741
776,888,112,0.112,0.2546847625486553
770,885,115,0.115,0.23986636374890805
824,912,88,0.088,0.23378574481606484
774,887,113,0.113,0.2363137376457453
784,892,108,0.108,0.24333664567768573
670,835,165,0.165,0.27181958889961244
744,872,128,0.128,0.26627303175909384
730,865,135,0.135,0.2806081174463034
748,874,126,0.126,0.2790683293044567
768,884,116,0.116,0.29270006791624475
696,848,152,0.152,0.30014755570888524
736,868,132,0.132,0.3058801904022694
782,891,109,0.109,0.3023970393557538
746,873,127,0.127,0.3058959807746578
702,851,149,0.149,0.3093579728007317
806,903,97,0.097,0.2884243064671755
802,901,99,0.099,0.28633911556005476
764,882,118,0.118,0.2877569243628286
684,842,158,0.158,0.3048363906443119
826,913,87,0.087,0.2998532994538546
732,866,134,0.134,0.31756727916002275
730,865,135,0.135,0.32614333886811075
736,868,132,0.132,0.3243099205195904
762,881,119,0.119,0.3213485393833835
756,878,122,0.122,0.3218337983638048
800,900,100,0.1,0.3061067276597023
726,863,137,0.137,0.3125528001487255
780,890,110,0.11,0.29442877776920795
826,913,87,0.087,0.28329140885174275
758,879,121,0.121,0.26650027275085447
734,867,133,0.133,0.2728572143316269
784,892,108,0.108,0.26890713536739347
748,874,126,0.126,0.28089996111392973
736,868,132,0.132,0.3175615440011024
752,876,124,0.124,0.3121789170540869
792,896,104,0.104,0.30786949957007526
776,888,112,0.112,0.30837055599689484
766,883,117,0.117,0.2915796116888523
754,877,123,0.123,0.29084227222204206
756,878,122,0.122,0.28364742738008497
832,916,84,0.084,0.2733197004497051
750,875,125,0.125,0.27116575595736503
724,862,138,0.138,0.2804865418049375
766,883,117,0.117,0.27500326770544054
742,871,129,0.129,0.28213182528316977
810,905,95,0.095,0.31779206931591036
750,875,125,0.125,0.33632906956970693
782,891,109,0.109,0.3290157186985016
774,887,113,0.113,0.33304742473363874
812,906,94,0.094,0.3192512113451958
670,835,165,0.165,0.32895418027043344
740,870,130,0.13,0.3263508840948343
730,865,135,0.135,0.32515869088470933
700,850,150,0.15,0.3340487073808908
712,856,144,0.144,0.3435628245472908
790,895,105,0.105,0.3371499967724085
700,850,150,0.15,0.35206221424043177
754,877,123,0.123,0.358003548681736
774,887,113,0.113,0.3530315305441618
724,862,138,0.138,0.3521528104096651
754,877,123,0.123,0.34710856978595256
740,870,130,0.13,0.3192190359979868
754,877,123,0.123,0.31980396451056003
720,860,140,0.14,0.3270264890193939
794,897,103,0.103,0.31591182528436185
720,860,140,0.14,0.34184027043211973
776,888,112,0.112,0.33855631145834925
760,880,120,0.12,0.34203431248664856
760,880,120,0.12,0.34251250651478765
770,885,115,0.115,0.3511563562750816
700,850,150,0.15,0.3551469458485153
812,906,94,0.094,0.34881810562312604
718,859,141,0.141,0.3569806783863197
740,870,130,0.13,0.35764492335915565
756,878,122,0.122,0.3560395424859598
756,878,122,0.122,0.3572264725416899
758,879,121,0.121,0.35216847437620163
782,891,109,0.109,0.33215494580566884
718,859,141,0.141,0.3375200483202934
770,885,115,0.115,0.331911710485816
772,886,114,0.114,0.32927534757554533
774,887,113,0.113,0.3310853168517351
786,893,107,0.107,0.3330978425592184
806,903,97,0.097,0.33258066038787365
742,871,129,0.129,0.34321709679067136
770,885,115,0.115,0.32217631888389586
782,891,109,0.109,0.316462549880147
772,886,114,0.114,0.3163877835124731
736,868,132,0.132,0.31283031092584135
722,861,139,0.139,0.3127736943215132
778,889,111,0.111,0.3080943248551339
776,888,112,0.112,0.30747595554590224
762,881,119,0.119,0.31267376175150274
762,881,119,0.119,0.3069524613916874
752,876,124,0.124,0.30461566990613936
748,874,126,0.126,0.3038321996782906
764,882,118,0.118,0.29950869677960873
668,834,166,0.166,0.31307111790776254
810,905,95,0.095,0.29999499627947807
700,850,150,0.15,0.3079386402331293
770,885,115,0.115,0.30053398773784284
728,864,136,0.136,0.30137160237878563
800,900,100,0.1,0.29112830018997193
756,878,122,0.122,0.2870191515907645
784,892,108,0.108,0.2698710250258446
780,890,110,0.11,0.25838606120646
754,877,123,0.123,0.26199151812493804
766,883,117,0.117,0.2643843253850937
782,891,109,0.109,0.2703927480131388
714,857,143,0.143,0.3091168497949839
778,889,111,0.111,0.31667947660386564
740,870,130,0.13,0.3399547737156972
726,863,137,0.137,0.3635996595379038
776,888,112,0.112,0.373161116451025
810,905,95,0.095,0.36660989055037496
764,882,118,0.118,0.36404509702161886
744,872,128,0.128,0.36003875898931215
662,831,169,0.169,0.36239119121432306
780,890,110,0.11,0.35275391329824923
780,890,110,0.11,0.3653842152059078
664,832,168,0.168,0.39537844227673485
706,853,147,0.147,0.40816898742318153
762,881,119,0.119,0.415269728988409
726,863,137,0.137,0.43201114842295646
782,891,109,0.109,0.42448241186141966
760,880,120,0.12,0.4100392914712429
784,892,108,0.108,0.3860272119641304
808,904,96,0.096,0.36100996989011763
738,869,131,0.131,0.35211335170269015
738,869,131,0.131,0.3470294393636286
722,861,139,0.139,0.3531207964513451
732,866,134,0.134,0.35595807536691426
714,857,143,0.143,0.3637952124476433
758,879,121,0.121,0.3625028914078575
730,865,135,0.135,0.36670962245768673
664,832,168,0.168,0.3784647384176169
724,862,138,0.138,0.3769298443947919
712,856,144,0.144,0.3816551675349474
748,874,126,0.126,0.37065964403748514
752,876,124,0.124,0.35760538236796857
818,909,91,0.091,0.31260306534171106
774,887,113,0.113,0.3094194571785629
708,854,146,0.146,0.2936606024056673
758,879,121,0.121,0.2816108270287514
768,884,116,0.116,0.27253423001617194
712,856,144,0.144,0.27513782747089865
820,910,90,0.09,0.273174565538764
750,875,125,0.125,0.285297244027257
752,876,124,0.124,0.27423122157156465
748,874,126,0.126,0.27605337822437287
806,903,97,0.097,0.2672853925973177
738,869,131,0.131,0.27315118223428725
730,865,135,0.135,0.27195276437699795
768,884,116,0.116,0.2749478877512738
726,863,137,0.137,0.2799528418183327
690,845,155,0.155,0.2929483571648598
774,887,113,0.113,0.2899799913764
776,888,112,0.112,0.28758207787573337
722,861,139,0.139,0.2890491793304682
794,897,103,0.103,0.2687897711247206
784,892,108,0.108,0.2381954957358539
746,873,127,0.127,0.23728904476761817
776,888,112,0.112,0.21690191938728093
782,891,109,0.109,0.21997737991809846
840,920,80,0.08,0.20486425463110208
744,872,128,0.128,0.2184350087940693
744,872,128,0.128,0.22083280366659164
698,849,151,0.151,0.24213387025892735
744,872,128,0.128,0.26195746441185475
798,899,101,0.101,0.2665052423924208
792,896,104,0.104,0.2662585700601339
766,883,117,0.117,0.26576282907277343
822,911,89,0.089,0.24117170102521776
788,894,106,0.106,0.23326550106704236
776,888,112,0.112,0.23694286669790746
832,916,84,0.084,0.22941586185991764
724,862,138,0.138,0.2552139155268669
762,881,119,0.119,0.2715515495687723
738,869,131,0.131,0.2809610197544098
740,870,130,0.13,0.31367989705502985
762,881,119,0.119,0.34771201661229134
764,882,118,0.118,0.3591759375035763
772,886,114,0.114,0.3690833941996098
708,854,146,0.146,0.36721665024757383
732,866,134,0.134,0.35968412709236147
778,889,111,0.111,0.34640257243812084
770,885,115,0.115,0.3455581639781594
752,876,124,0.124,0.3384171851718595
694,847,153,0.153,0.33665536069869995
814,907,93,0.093,0.31936258932948114
760,880,120,0.12,0.3141050178855658
826,913,87,0.087,0.2921080620391294
808,904,96,0.096,0.2728660442829132
752,876,124,0.124,0.2637635128358379
830,915,85,0.085,0.24630790760740637
736,868,132,0.132,0.2445014935731888
716,858,142,0.142,0.24555678947269916
804,902,98,0.098,0.2418005809932947
796,898,102,0.102,0.2369043723270297
792,896,104,0.104,0.23404775756597518
804,902,98,0.098,0.22546844489872456
686,843,157,0.157,0.2288884529918432
730,865,135,0.135,0.22864007899165154
750,875,125,0.125,0.23304841795563697
780,890,110,0.11,0.2444668147265911
778,889,111,0.111,0.2552889827489853
766,883,117,0.117,0.2596826726645231
770,885,115,0.115,0.2607300499081612
746,873,127,0.127,0.26085630944371224
792,896,104,0.104,0.25504848296940325
762,881,119,0.119,0.25716673442721366
714,857,143,0.143,0.2661695239543915
740,870,130,0.13,0.2665856206417084
742,871,129,0.129,0.2835879991054535
710,855,145,0.145,0.3216072687506676
782,891,109,0.109,0.3289197121709585
776,888,112,0.112,0.3282245874553919
792,896,104,0.104,0.3343394522666931
806,903,97,0.097,0.3134530861178217
708,854,146,0.146,0.3115217532813549
768,884,116,0.116,0.30189323081076147
778,889,111,0.111,0.2927634705901146
732,866,134,0.134,0.3162790349423885
732,866,134,0.134,0.3297972333431244
788,894,106,0.106,0.3355824880897999
800,900,100,0.1,0.3457412643134594
746,873,127,0.127,0.36542991080880166
758,879,121,0.121,0.3653633712679148
746,873,127,0.127,0.3596789622083306
812,906,94,0.094,0.3463690647482872
704,852,148,0.148,0.3512741930782795
756,878,122,0.122,0.35552109360694883
716,858,142,0.142,0.35696235929615794
806,903,97,0.097,0.3568541929125786
784,892,108,0.108,0.3746743976473808
748,874,126,0.126,0.377981154166162
808,904,96,0.096,0.37223920606821775
762,881,119,0.119,0.3717061260342598
690,845,155,0.155,0.3668814348686719
766,883,117,0.117,0.3591217096745968
742,871,129,0.129,0.3601305224392563
776,888,112,0.112,0.3536741465330124
832,916,84,0.084,0.31631849993765354
798,899,101,0.101,0.30183303117752075
824,912,88,0.088,0.29480114139616487
714,857,143,0.143,0.29354055325686934
702,851,149,0.149,0.27996815292537214
788,894,106,0.106,0.28323223665356634
716,858,142,0.142,0.2975032381862402
732,866,134,0.134,0.30971227943897245
768,884,116,0.116,0.3349107277719886
742,871,129,0.129,0.33973844833672046
754,877,123,0.123,0.3367158454060554
756,878,122,0.122,0.3353922632485628
772,886,114,0.114,0.31260005678236485
750,875,125,0.125,0.3089303256124258
730,865,135,0.135,0.3126672435998917
798,899,101,0.101,0.3079866555184126
862,931,69,0.069,0.3371033006906509
748,874,126,0.126,0.34406251066923144
770,885,115,0.115,0.3574132423625269
784,892,108,0.108,0.3665499437451363
766,883,117,0.117,0.38658883222937585
778,889,111,0.111,0.39221151132881643
792,896,104,0.104,0.3889686948955059
796,898,102,0.102,0.3885312621295452
720,860,140,0.14,0.3867011472925078
732,866,134,0.134,0.38921930435299873
750,875,125,0.125,0.3802740152794868
794,897,103,0.103,0.38043765908479693
792,896,104,0.104,0.365783635020256
792,896,104,0.104,0.36587356512248514
728,864,136,0.136,0.3450351858101785
790,895,105,0.105,0.33851532827317715
808,904,96,0.096,0.28327249397337434
794,897,103,0.103,0.28286112669855357
788,894,106,0.106,0.27166685335338114
760,880,120,0.12,0.27284942218242214
756,878,122,0.122,0.2824111202210188
756,878,122,0.122,0.2910196687951684
776,888,112,0.112,0.28228624746203423
700,850,150,0.15,0.3013936000126414
762,881,119,0.119,0.32516482123732565
750,875,125,0.125,0.32966449531912806
730,865,135,0.135,0.3320701319724321
776,888,112,0.112,0.3259097567796707
764,882,118,0.118,0.30387262992560865
732,866,134,0.134,0.303459889665246
786,893,107,0.107,0.2990812317281961
770,885,115,0.115,0.30360447143018243
788,894,106,0.106,0.3203474607542157
802,901,99,0.099,0.32070303136948497
750,875,125,0.125,0.32376099574565886
712,856,144,0.144,0.3280712844580412
772,886,114,0.114,0.28791003035008905
764,882,118,0.118,0.2909424491673708
782,891,109,0.109,0.2863474813103676
758,879,121,0.121,0.2774488174915314
700,850,150,0.15,0.2828838995173574
814,907,93,0.093,0.2757356888686772
846,923,77,0.077,0.2889772847890854
776,888,112,0.112,0.28785111199319363
760,880,120,0.12,0.32373522029817103
748,874,126,0.126,0.324537618175149
736,868,132,0.132,0.3339130302667618
778,889,111,0.111,0.3328504612967372
802,901,99,0.099,0.33028678898885844
790,895,105,0.105,0.33213917580246927
718,859,141,0.141,0.337553144544363
744,872,128,0.128,0.33586033970121804
762,881,119,0.119,0.3330358150228858
746,873,127,0.127,0.33689603151381015
744,872,128,0.128,0.3451019323449582
706,853,147,0.147,0.3486474040150642
766,883,117,0.117,0.3609680859714727
742,871,129,0.129,0.36065774780511856
794,897,103,0.103,0.3557626330256462
750,875,125,0.125,0.3639829632937908
760,880,120,0.12,0.37851658661663534
732,866,134,0.134,0.40085135388374327
714,857,143,0.143,0.40771706395596263
762,881,119,0.119,0.4191313231885433
746,873,127,0.127,0.44242730069160463
726,863,137,0.137,0.4610553470253944
746,873,127,0.127,0.4627954085767269
688,844,156,0.156,0.47230699050426483
736,868,132,0.132,0.4418544915020466
728,864,136,0.136,0.4210551485419273
826,913,87,0.087,0.4121754031777382
752,876,124,0.124,0.4135909583568573
684,842,158,0.158,0.4076549614071846
762,881,119,0.119,0.41527465527021556
744,872,128,0.128,0.42173898899555207
788,894,106,0.106,0.4216380187571049
790,895,105,0.105,0.4241987693607807
840,920,80,0.08,0.40275224507786334
696,848,152,0.152,0.4146059260182083
754,877,123,0.123,0.40931378299598237
742,871,129,0.129,0.4106611465811729
766,883,117,0.117,0.4353262955248356
748,874,126,0.126,0.4326456648111343
748,874,126,0.126,0.4360455487370491
662,831,169,0.169,0.4490300089120865
770,885,115,0.115,0.4212458119690418
772,886,114,0.114,0.4215529983639717
800,900,100,0.1,0.40426628512633034
760,880,120,0.12,0.3955650892555714
744,872,128,0.128,0.379629284773604
762,881,119,0.119,0.3779323944598436
744,872,128,0.128,0.37541309028863906
772,886,114,0.114,0.37666330561973155
758,879,121,0.121,0.3891232808232307
824,912,88,0.088,0.38624849152565005
772,886,114,0.114,0.3910435747802258
794,897,103,0.103,0.3805507521033287
742,871,129,0.129,0.36033027145266533
796,898,102,0.102,0.3517516161799431
760,880,120,0.12,0.34399534314870833
774,887,113,0.113,0.3385164039134979
804,902,98,0.098,0.3181598783582449
750,875,125,0.125,0.3177518114596605
786,893,107,0.107,0.31490444841980936
782,891,109,0.109,0.31021578097343444
772,886,114,0.114,0.3008326867222786
740,870,130,0.13,0.29902674259245393
752,876,124,0.124,0.2945393889248371
720,860,140,0.14,0.2961976262181997
770,885,115,0.115,0.29945180186629294
758,879,121,0.121,0.3043756867647171
816,908,92,0.092,0.299759911224246
802,901,99,0.099,0.30136064618825914
758,879,121,0.121,0.29988128189742563
816,908,92,0.092,0.29773571468889715
746,873,127,0.127,0.3087959971576929
820,910,90,0.09,0.30873787500709293
820,910,90,0.09,0.325278183221817
746,873,127,0.127,0.33443417289853095
708,854,146,0.146,0.361010826587677
704,852,148,0.148,0.36467652943730355
794,897,103,0.103,0.37551675313711164
772,886,114,0.114,0.3759253691136837
790,895,105,0.105,0.380563841085881
720,860,140,0.14,0.39215528255701065
736,868,132,0.132,0.39186345008015633
758,879,121,0.121,0.3886947624615932
766,883,117,0.117,0.4015217317342758
738,869,131,0.131,0.4083145524263382
752,876,124,0.124,0.40910581245832145
756,878,122,0.122,0.40329816508293154
712,856,144,0.144,0.40615678478777406
730,865,135,0.135,0.40421910646557807
730,865,135,0.135,0.40508343958854676
758,879,121,0.121,0.3991103537902236
778,889,111,0.111,0.37932955913990735
722,861,139,0.139,0.38100887058675287
704,852,148,0.148,0.3844716126024723
760,880,120,0.12,0.3726653725206852
754,877,123,0.123,0.33753596816957
786,893,107,0.107,0.33429578886926176
746,873,127,0.127,0.3408079116344452
744,872,128,0.128,0.33190916715562346
788,894,106,0.106,0.3221380224757595
796,898,102,0.102,0.3176212622672319
758,879,121,0.121,0.318837356030941
750,875,125,0.125,0.32026064416766165
800,900,100,0.1,0.29606493793427946
746,873,127,0.127,0.2987985315406695
726,863,137,0.137,0.3043983549177647
800,900,100,0.1,0.2983330248594284
742,871,129,0.129,0.29967145492136477
782,891,109,0.109,0.3029849399924278
746,873,127,0.127,0.3048603242188692
734,867,133,0.133,0.309198235809803
790,895,105,0.105,0.31892784374952315
702,851,149,0.149,0.3267650252431631
784,892,108,0.108,0.31562187054753305
786,893,107,0.107,0.3184699162393808
822,911,89,0.089,0.23119791132956743
814,907,93,0.093,0.20449629139434547
794,897,103,0.103,0.21162290778011084
760,880,120,0.12,0.2056125904242508
792,896,104,0.104,0.17128257485479118
758,879,121,0.121,0.18509854617714883
790,895,105,0.105,0.18801601974666118
766,883,117,0.117,0.1920069445669651
758,879,121,0.121,0.20452937529981136
730,865,135,0.135,0.20628209173679352
772,886,114,0.114,0.19405311983078719
780,890,110,0.11,0.1932645408064127
806,903,97,0.097,0.17299556495482102
756,878,122,0.122,0.15565199502557517
794,897,103,0.103,0.14666067200154065
758,879,121,0.121,0.14642166411876678
740,870,130,0.13,0.1532304707467556
742,871,129,0.129,0.1682792111337185
676,838,162,0.162,0.19415074825286865
760,880,120,0.12,0.18678013928234577
744,872,128,0.128,0.20467039780318738
754,877,123,0.123,0.20919873207062484
780,890,110,0.11,0.19729810282960533
702,851,149,0.149,0.20752015762776135
716,858,142,0.142,0.1909135299474001
790,895,105,0.105,0.1738448158018291
780,890,110,0.11,0.16206955837458373
830,915,85,0.085,0.1580732736736536
774,887,113,0.113,0.16062814805656672
780,890,110,0.11,0.16712965151295067
710,855,145,0.145,0.19057381865382195
808,904,96,0.096,0.18128441747277976
780,890,110,0.11,0.18873861034214495
754,877,123,0.123,0.208367180287838
720,860,140,0.14,0.21460919569432735
762,881,119,0.119,0.20809617172181608
748,874,126,0.126,0.20685947693884374
778,889,111,0.111,0.2034551364183426
786,893,107,0.107,0.19207736034516712
756,878,122,0.122,0.19221230015158652
762,881,119,0.119,0.18556797640025616
672,836,164,0.164,0.1926456401050091
714,857,143,0.143,0.19950430637598038
750,875,125,0.125,0.20558735939487816
780,890,110,0.11,0.2032424350666729
784,892,108,0.108,0.21325894972682
752,876,124,0.124,0.20817569154500962
824,912,88,0.088,0.19349864938110112
784,892,108,0.108,0.19219985959865152
800,900,100,0.1,0.17045463317632675
752,876,124,0.124,0.17685139042139053
750,875,125,0.125,0.18432612688653172
686,843,157,0.157,0.1921386993974447
724,862,138,0.138,0.215783508554101
778,889,111,0.111,0.22820481227338313
810,905,95,0.095,0.22211660915613174
762,881,119,0.119,0.22524957971274853
732,866,134,0.134,0.21714705806970597
784,892,108,0.108,0.1848732117116451
760,880,120,0.12,0.18673638464510442
782,891,109,0.109,0.1824784808009863
780,890,110,0.11,0.1798294943869114
780,890,110,0.11,0.17480437294766307
788,894,106,0.106,0.1760562574248761
820,910,90,0.09,0.16879912039637565
744,872,128,0.128,0.17335740640759467
766,883,117,0.117,0.1815595059506595
754,877,123,0.123,0.19287534739822149
772,886,114,0.114,0.19231188892573117
784,892,108,0.108,0.19432755565643312
762,881,119,0.119,0.1978454966545105
768,884,116,0.116,0.19137442134320737
778,889,111,0.111,0.18629837138205765
712,856,144,0.144,0.18694635638594628
786,893,107,0.107,0.18657747247070075
760,880,120,0.12,0.19141267511248589
772,886,114,0.114,0.19698081302642823
748,874,126,0.126,0.19828720742091538
776,888,112,0.112,0.20169717364013195
780,890,110,0.11,0.19900882235122844
702,851,149,0.149,0.21028594277054072
774,887,113,0.113,0.20168564945459366
696,848,152,0.152,0.2093946220409125
758,879,121,0.121,0.20116282664239407
816,908,92,0.092,0.1986368124037981
782,891,109,0.109,0.20027013529837132
708,854,146,0.146,0.20126063502393662
806,903,97,0.097,0.190603850081563
766,883,117,0.117,0.19107687219232322
768,884,116,0.116,0.19267178943008184
732,866,134,0.134,0.18747137723863125
792,896,104,0.104,0.17999319787323476
798,899,101,0.101,0.17375828979164362
752,876,124,0.124,0.178116756208241
782,891,109,0.109,0.17340143544226885
726,863,137,0.137,0.18048452633619308
704,852,148,0.148,0.1840175868719816
832,916,84,0.084,0.17451625917106867
766,883,117,0.117,0.18217680353671312
744,872,128,0.128,0.1840664388714358
782,891,109,0.109,0.1827511698305607
782,891,109,0.109,0.18157315392792225
716,858,142,0.142,0.2002461474686861
728,864,136,0.136,0.2176358613371849
710,855,145,0.145,0.21296629901602865
716,858,142,0.142,0.22037947583198547
718,859,141,0.141,0.22102857162058354
762,881,119,0.119,0.21181315748766064
766,883,117,0.117,0.2077664194405079
762,881,119,0.119,0.20239012269675732
800,900,100,0.1,0.18899303881078958
730,865,135,0.135,0.1775285094976425
806,903,97,0.097,0.1691342818364501
782,891,109,0.109,0.16900377679616213
768,884,116,0.116,0.16945137455663645
822,911,89,0.089,0.1723302051126957
758,879,121,0.121,0.1773744781762362
794,897,103,0.103,0.17730605114146603
750,875,125,0.125,0.18295181852923206
764,882,118,0.118,0.1871249393671751
752,876,124,0.124,0.2040845060199499
696,848,152,0.152,0.20454049508273603
744,872,128,0.128,0.205419833868742
702,851,149,0.149,0.22084750287234783
698,849,151,0.151,0.22109663116931916
774,887,113,0.113,0.20624068638682366
798,899,101,0.101,0.19967407105863094
756,878,122,0.122,0.1765451794192195
722,861,139,0.139,0.18020712959952653
754,877,123,0.123,0.17677155820652843
760,880,120,0.12,0.17660176321119617
736,868,132,0.132,0.1892835293263197
728,864,136,0.136,0.18968057589232923
734,867,133,0.133,0.18811832047998905
760,880,120,0.12,0.18405958326160907
800,900,100,0.1,0.1810398335903883
782,891,109,0.109,0.1833217666596174
772,886,114,0.114,0.18452164515852928
814,907,93,0.093,0.17701904273033142
816,908,92,0.092,0.17777196580171586
750,875,125,0.125,0.19750204694271087
700,850,150,0.15,0.2066505425851792
740,870,130,0.13,0.20663163247704505
820,910,90,0.09,0.22658445784449577
752,876,124,0.124,0.23661794896423816
764,882,118,0.118,0.23482344657182694
738,869,131,0.131,0.2342609885983111
744,872,128,0.128,0.2308233402390033
780,890,110,0.11,0.23193234525354914
738,869,131,0.131,0.2381126969046891
750,875,125,0.125,0.23530465061962605
730,865,135,0.135,0.2452414776235819
762,881,119,0.119,0.24212287755310535
800,900,100,0.1,0.2340343362390995
740,870,130,0.13,0.2360449400693178
778,889,111,0.111,0.2214444749057293
810,905,95,0.095,0.19014360819756984
816,908,92,0.092,0.17540749153494836
790,895,105,0.105,0.1738438795506954
806,903,97,0.097,0.1646847952133394
788,894,106,0.106,0.16126183800399305
746,873,127,0.127,0.17474313153326512
774,887,113,0.113,0.17650253849476577
758,879,121,0.121,0.18733676935732366
740,870,130,0.13,0.21402298633009195
714,857,143,0.143,0.2376280155181885
710,855,145,0.145,0.2376196843534708
794,897,103,0.103,0.2325657516992129
774,887,113,0.113,0.24039429453015326
772,886,114,0.114,0.2446057220697403
748,874,126,0.126,0.24835564996302129
796,898,102,0.102,0.2411161923110485
782,891,109,0.109,0.2556631861925125
726,863,137,0.137,0.28001884945482014
742,871,129,0.129,0.2809823902671924
706,853,147,0.147,0.29130877247452736
848,924,76,0.076,0.29580564122274516
740,870,130,0.13,0.3208234694972634
784,892,108,0.108,0.31902530751367003
786,893,107,0.107,0.31500482935458424
742,871,129,0.129,0.3157624237090349
742,871,129,0.129,0.31141886864602564
740,870,130,0.13,0.3108414243608713
694,847,153,0.153,0.31248882877768486
730,865,135,0.135,0.3113670934587717
780,890,110,0.11,0.28995628990232947
764,882,118,0.118,0.28554550744593143
736,868,132,0.132,0.28583329942822455
782,891,109,0.109,0.25130556442130547
704,852,148,0.148,0.22352439576759933
732,866,134,0.134,0.2192435884475126
744,872,128,0.128,0.22136378336697818
704,852,148,0.148,0.22223890578746797
778,889,111,0.111,0.22538591066002847
780,890,110,0.11,0.22455111756920815
746,873,127,0.127,0.22790649232268334
754,877,123,0.123,0.23182575517892837
768,884,116,0.116,0.2153347887545824
738,869,131,0.131,0.21589457476139068
738,869,131,0.131,0.21497987262159585
752,876,124,0.124,0.19886226234585047
720,860,140,0.14,0.17385138146579265
730,865,135,0.135,0.1703554850127548
730,865,135,0.135,0.16666161363571882
762,881,119,0.119,0.1613369905314251
764,882,118,0.118,0.1324081458747387
782,891,109,0.109,0.1335305912620809
840,920,80,0.08,0.12392150044441223
740,870,130,0.13,0.12738413299620152
794,897,103,0.103,0.11633061806112528
774,887,113,0.113,0.12071340198814869
796,898,102,0.102,0.11697190799564124
792,896,104,0.104,0.11967895841598511
712,856,144,0.144,0.13667448338866234
794,897,103,0.103,0.13277246721088887
832,916,84,0.084,0.13251456482708454
830,915,85,0.085,0.1354878877773881
778,889,111,0.111,0.1537827007472515
818,909,91,0.091,0.15259242881834506
764,882,118,0.118,0.1592260062173009
776,888,112,0.112,0.16113730430603027
774,887,113,0.113,0.18856041816635535
792,896,104,0.104,0.18689767672866583
700,850,150,0.15,0.19985291773080827
804,902,98,0.098,0.1875517075881362
788,894,106,0.106,0.20539969782531262
808,904,96,0.096,0.20162304935604333
716,858,142,0.142,0.2124634616523981
786,893,107,0.107,0.20710027384720456
758,879,121,0.121,0.22782637174427509
862,931,69,0.069,0.22072853203117848
766,883,117,0.117,0.23609699127078057
690,845,155,0.155,0.2453117440789938
762,881,119,0.119,0.25951124739646914
780,890,110,0.11,0.25741537325084207
740,870,130,0.13,0.26388971088826657
708,854,146,0.146,0.26770637145638465
722,861,139,0.139,0.2878809814453125
832,916,84,0.084,0.2865616622192662
810,905,95,0.095,0.2861095317155123
760,880,120,0.12,0.28829694594442845
744,872,128,0.128,0.2733899423480034
784,892,108,0.108,0.2672552711740136
720,860,140,0.14,0.2703332821801305
720,860,140,0.14,0.27881294575333593
718,859,141,0.141,0.2976358763426542
778,889,111,0.111,0.2887906077206135
770,885,115,0.115,0.2906487017571926
694,847,153,0.153,0.2969314227104187
752,876,124,0.124,0.27386653083785495
704,852,148,0.148,0.2725091867260635
790,895,105,0.105,0.26334225672483447
742,871,129,0.129,0.2634823291130483
778,889,111,0.111,0.2350608019601392
782,891,109,0.109,0.23650033743679524
758,879,121,0.121,0.23676531983911991
746,873,127,0.127,0.24121343718469143
738,869,131,0.131,0.25806048783659935
794,897,103,0.103,0.2511512773782015
816,908,92,0.092,0.25074281384795905
734,867,133,0.133,0.2533110838234425
780,890,110,0.11,0.23174807576835155
758,879,121,0.121,0.23231863026320934
742,871,129,0.129,0.2280186453014612
760,880,120,0.12,0.22897148056328295
768,884,116,0.116,0.24795226941630244
740,870,130,0.13,0.2484815860818635
752,876,124,0.124,0.26360544126550667
722,861,139,0.139,0.27285477279126646
764,882,118,0.118,0.2824984588176012
770,885,115,0.115,0.2806018253713846
764,882,118,0.118,0.2795119113177061
792,896,104,0.104,0.27201506770402195
778,889,111,0.111,0.22873924028873444
826,913,87,0.087,0.22027160879969596
710,855,145,0.145,0.22203449537744746
806,903,97,0.097,0.21131279155611993
768,884,116,0.116,0.24164172779023646
786,893,107,0.107,0.24912686617672444
772,886,114,0.114,0.2703342843710034
700,850,150,0.15,0.2774862997555174
750,875,125,0.125,0.2801923695802689
782,891,109,0.109,0.2737057471424341
778,889,111,0.111,0.26884012193977835
726,863,137,0.137,0.26894232515990735
758,879,121,0.121,0.2514271124303341
776,888,112,0.112,0.24828542741760612
750,875,125,0.125,0.2505025893598795
724,862,138,0.138,0.25164408977329733
792,896,104,0.104,0.25131682316958903
746,873,127,0.127,0.2566940103173256
780,890,110,0.11,0.2505852673947811
760,880,120,0.12,0.24802010402083396
784,892,108,0.108,0.23407040662318468
756,878,122,0.122,0.23374611089751124
804,902,98,0.098,0.22367810136731714
708,854,146,0.146,0.23312696535140276
796,898,102,0.102,0.23440693024359643
718,859,141,0.141,0.2549648786187172
788,894,106,0.106,0.26938453513383864
752,876,124,0.124,0.2771888184249401
820,910,90,0.09,0.289215274438262
762,881,119,0.119,0.3025784720480442
810,905,95,0.095,0.29426201842725275
742,871,129,0.129,0.30624018047749996
766,883,117,0.117,0.2894046397041529
760,880,120,0.12,0.282880848556757
706,853,147,0.147,0.2910783516019583
798,899,101,0.101,0.28352878871560094
756,878,122,0.122,0.29971812850236895
752,876,124,0.124,0.31130628010630607
698,849,151,0.151,0.31779307150654496
698,849,151,0.151,0.32086901923269034
766,883,117,0.117,0.30102454348281027
748,874,126,0.126,0.28120686005428436
782,891,109,0.109,0.25353327628970146
766,883,117,0.117,0.2542009078916162
830,915,85,0.085,0.2224487642161548
818,909,91,0.091,0.19164038971811534
720,860,140,0.14,0.16825237529724837
792,896,104,0.104,0.16537491065636278
714,857,143,0.143,0.1626320461332798
748,874,126,0.126,0.17682313595799495
772,886,114,0.114,0.19071190667152405
752,876,124,0.124,0.19237668912578373
748,874,126,0.126,0.19798544213175773
824,912,88,0.088,0.18238650415837765
708,854,146,0.146,0.17218775541335343
790,895,105,0.105,0.16944770447909832
774,887,113,0.113,0.1620456599779427
788,894,106,0.106,0.1318504106021381
812,906,94,0.094,0.11880436695367098
824,912,88,0.088,0.1187156298160553
792,896,104,0.104,0.1168971951007843
812,906,94,0.094,0.11154518455266953
742,871,129,0.129,0.119029655829072
764,882,118,0.118,0.11846654591709375
762,881,119,0.119,0.12011545151751489
796,898,102,0.102,0.12520972154149784
786,893,107,0.107,0.12662305799871684
774,887,113,0.113,0.1272979237884283
776,888,112,0.112,0.1274024493098259
782,891,109,0.109,0.11910759251937299
800,900,100,0.1,0.1111530487164855
826,913,87,0.087,0.1116815575659275
726,863,137,0.137,0.12015270754694939
750,875,125,0.125,0.1236065147742629
788,894,106,0.106,0.12108112794160843
750,875,125,0.125,0.1248502114340663
820,910,90,0.09,0.12021178635209799
754,877,123,0.123,0.12857492655915645
750,875,125,0.125,0.1241130383759737
752,876,124,0.124,0.12576084016100503
774,887,113,0.113,0.12150472153283055
776,888,112,0.112,0.12515659949183464
726,863,137,0.137,0.12933046961203218
736,868,132,0.132,0.12651039878278972
832,916,84,0.084,0.12079724984616041
822,911,89,0.089,0.11440966111421585
722,861,139,0.139,0.11985311273136176
792,896,104,0.104,0.1178828914500773
738,869,131,0.131,0.12396614276617765
786,893,107,0.107,0.13331599781662226
812,906,94,0.094,0.14147198647260667
760,880,120,0.12,0.14582532615959645
758,879,121,0.121,0.1484979085942614
754,877,123,0.123,0.14125097305170703
810,905,95,0.095,0.1331963323354721
788,894,106,0.106,0.13075572176277636
726,863,137,0.137,0.13695512391626835
784,892,108,0.108,0.1389925018772483
756,878,122,0.122,0.14361561293900013
782,891,109,0.109,0.14595193386077882
736,868,132,0.132,0.15227993380278348
764,882,118,0.118,0.14913554000854493
774,887,113,0.113,0.15144538508355618
780,890,110,0.11,0.15110465734452008
772,886,114,0.114,0.15260138113424182
742,871,129,0.129,0.1530395123437047
748,874,126,0.126,0.15679571859911084
772,886,114,0.114,0.16041094765067102
848,924,76,0.076,0.15376497173681855
828,914,86,0.086,0.1647554532021486
792,896,104,0.104,0.16660259844362735
736,868,132,0.132,0.16098326347768308
842,921,79,0.079,0.15246624571830034
786,893,107,0.107,0.1537272593138405
752,876,124,0.124,0.15847209568321705
750,875,125,0.125,0.1766872950270772
764,882,118,0.118,0.1830953879505396
766,883,117,0.117,0.1953488748371601
786,893,107,0.107,0.19951254811882974
708,854,146,0.146,0.21101448559761046
738,869,131,0.131,0.21352968835830688
840,920,80,0.08,0.19280409839581977
748,874,126,0.126,0.19982095550000667
762,881,119,0.119,0.19565894838091785
726,863,137,0.137,0.19711752281803638
802,901,99,0.099,0.1937140465080738
776,888,112,0.112,0.19931051445007325
768,884,116,0.116,0.21542978146672248
786,893,107,0.107,0.21102574177086353
756,878,122,0.122,0.22281221798062326
756,878,122,0.122,0.2267096795886755
812,906,94,0.094,0.21917803896963597
754,877,123,0.123,0.22726399701833724
712,856,144,0.144,0.232078503459692
800,900,100,0.1,0.21916677927225828
790,895,105,0.105,0.21752869009971618
774,887,113,0.113,0.22077018184959887
732,866,134,0.134,0.2257603676338331
768,884,116,0.116,0.22852469044923782
764,882,118,0.118,0.2364426544457674
746,873,127,0.127,0.24047790721803902
784,892,108,0.108,0.2438277445733547
752,876,124,0.124,0.25153478837013243
780,890,110,0.11,0.2453931789190974
770,885,115,0.115,0.24420701114833354
760,880,120,0.12,0.23418880204483866
782,891,109,0.109,0.2311063369140029
744,872,128,0.128,0.23841975364089013
768,884,116,0.116,0.23946067042648791
764,882,118,0.118,0.24801429445540998
780,890,110,0.11,0.25821153809130193
690,845,155,0.155,0.2704251088500023
744,872,128,0.128,0.26738291591405866
756,878,122,0.122,0.26316099826991557
714,857,143,0.143,0.2644114853292704
740,870,130,0.13,0.25482778178155424
722,861,139,0.139,0.2561175233721733
726,863,137,0.137,0.2466519219428301
792,896,104,0.104,0.24680191219225525
806,903,97,0.097,0.23423914594948292
750,875,125,0.125,0.2349048433303833
802,901,99,0.099,0.22972980876266957
768,884,116,0.116,0.23383187209814787
748,874,126,0.126,0.23505731539428235
772,886,114,0.114,0.2334952440112829
716,858,142,0.142,0.2440274104177952
770,885,115,0.115,0.25077422986924647
768,884,116,0.116,0.2526841955929995
708,854,146,0.146,0.2694040734767914
754,877,123,0.123,0.28034070928394794
762,881,119,0.119,0.2793002004250884
722,861,139,0.139,0.2747464602738619
738,869,131,0.131,0.27155677852217247
782,891,109,0.109,0.25994811093062165
778,889,111,0.111,0.2590414839796722
734,867,133,0.133,0.2675016250386834
814,907,93,0.093,0.2627203479260206
766,883,117,0.117,0.2756076817214489
678,839,161,0.161,0.30968904626369476
778,889,111,0.111,0.30427913258969785
730,865,135,0.135,0.3383820329904556
740,870,130,0.13,0.3503196344971657
862,931,69,0.069,0.35259170645475385
666,833,167,0.167,0.3742862355411053
704,852,148,0.148,0.3627194801568985
776,888,112,0.112,0.34909735864400865
760,880,120,0.12,0.33118949103355405
690,845,155,0.155,0.33011783063411715
738,869,131,0.131,0.3162188235074282
744,872,128,0.128,0.3050273895263672
748,874,126,0.126,0.28549035993218425
788,894,106,0.106,0.2804504846781492
780,890,110,0.11,0.26558675278723237
734,867,133,0.133,0.2641216415017843
790,895,105,0.105,0.22821378102898598
760,880,120,0.12,0.2249712226167321
768,884,116,0.116,0.21123792940657585
742,871,129,0.129,0.2122061566710472
740,870,130,0.13,0.21792950074374676
732,866,134,0.134,0.2292966159284115
792,896,104,0.104,0.22590189485251905
728,864,136,0.136,0.2336322006136179
744,872,128,0.128,0.23888561345636844
766,883,117,0.117,0.2329447509050369
792,896,104,0.104,0.22658693300187588
746,873,127,0.127,0.23693776203505695
776,888,112,0.112,0.2296818825022783
742,871,129,0.129,0.23500103409588338
740,870,130,0.13,0.23971285160607658
728,864,136,0.136,0.2364534263163805
790,895,105,0.105,0.2393054663836956
740,870,130,0.13,0.2395380398631096
760,880,120,0.12,0.22988575653731824
746,873,127,0.127,0.23483512097597123
820,910,90,0.09,0.19646824309229852
666,833,167,0.167,0.20020973072946072
816,908,92,0.092,0.1851662482023239
740,870,130,0.13,0.19323391850292682
770,885,115,0.115,0.17118253077566623
774,887,113,0.113,0.1662692071646452
762,881,119,0.119,0.16381777586787938
752,876,124,0.124,0.16508751137554645
748,874,126,0.126,0.16895780815929173
696,848,152,0.152,0.17820486573129893
756,878,122,0.122,0.17321348955482244
746,873,127,0.127,0.17866341968625785
760,880,120,0.12,0.18336513675004243
722,861,139,0.139,0.19925836813473144
784,892,108,0.108,0.18783854325627908
764,882,118,0.118,0.2004982363730669
730,865,135,0.135,0.19947688684333115
742,871,129,0.129,0.19681653949618338
822,911,89,0.089,0.19403913821280003
740,870,130,0.13,0.20995867843925953
752,876,124,0.124,0.21813645060826092
760,880,120,0.12,0.2244196209460497
728,864,136,0.136,0.2319680921137333
740,870,130,0.13,0.23651244854182005
682,841,159,0.159,0.23973001620173454
842,921,79,0.079,0.22916928806900977
768,884,116,0.116,0.231081291988492
716,858,142,0.142,0.23566801372170448
764,882,118,0.118,0.22900293192267418
744,872,128,0.128,0.2305319311544299
814,907,93,0.093,0.22538480614125728
654,827,173,0.173,0.25029744701087475
740,870,130,0.13,0.2579226225167513
796,898,102,0.102,0.2541910232938826
776,888,112,0.112,0.2595665011703968
748,874,126,0.126,0.26299912574188783
728,864,136,0.136,0.25370286986231805
792,896,104,0.104,0.23629988561570645
738,869,131,0.131,0.22722257922589778
760,880,120,0.12,0.2151558510363102
778,889,111,0.111,0.21266263656318188
760,880,120,0.12,0.21434081399440766
802,901,99,0.099,0.2091167413406074
770,885,115,0.115,0.21304029016196727
758,879,121,0.121,0.2128533812384121
788,894,106,0.106,0.2158212362974882
728,864,136,0.136,0.2386710899323225
780,890,110,0.11,0.24001361546199768
738,869,131,0.131,0.24849891896545886
730,865,135,0.135,0.2663743097037077
760,880,120,0.12,0.30276801148056987
736,868,132,0.132,0.3057782304286957
762,881,119,0.119,0.3052910285592079
738,869,131,0.131,0.3100111947096884
718,859,141,0.141,0.31814759482443333
776,888,112,0.112,0.311166053712368
754,877,123,0.123,0.31536568162590267
788,894,106,0.106,0.31852985100058384
758,879,121,0.121,0.3749797916561365
768,884,116,0.116,0.380425782414095
670,835,165,0.165,0.3965250804170866
782,891,109,0.109,0.39663070039455545
836,918,82,0.082,0.4027413286268711
768,884,116,0.116,0.4031863291561604
770,885,115,0.115,0.4006517409980297
754,877,123,0.123,0.39506399267166853
774,887,113,0.113,0.3686714799106121
726,863,137,0.137,0.3775777021050453
758,879,121,0.121,0.3761027428358793
778,889,111,0.111,0.3813245862722397
760,880,120,0.12,0.42084023685008287
786,893,107,0.107,0.4396297660470009
758,879,121,0.121,0.4401385723054409
758,879,121,0.121,0.4433163934201002
754,877,123,0.123,0.4542338402867317
712,856,144,0.144,0.4693495100438595
752,876,124,0.124,0.4721356221884489
692,846,154,0.154,0.4775514501258731
770,885,115,0.115,0.47415124574303624
714,857,143,0.143,0.47607526659965516
704,852,148,0.148,0.4686994511783123
750,875,125,0.125,0.45681420332193373
742,871,129,0.129,0.42570248007774353
698,849,151,0.151,0.4227936479747295
788,894,106,0.106,0.41635982957482337
766,883,117,0.117,0.4182307107448578
798,899,101,0.101,0.41846984764933587
762,881,119,0.119,0.43308759619295595
672,836,164,0.164,0.4433024365007877
772,886,114,0.114,0.44153769344091415
788,894,106,0.106,0.45885200825333594
712,856,144,0.144,0.4650861247777939
804,902,98,0.098,0.45239772045612336
742,871,129,0.129,0.4586693441569805
724,862,138,0.138,0.4160723374783993
762,881,119,0.119,0.38300878946483136
756,878,122,0.122,0.37007115042954686
788,894,106,0.106,0.36613681623339656
762,881,119,0.119,0.3409735426306725
752,876,124,0.124,0.3312753852027388
806,903,97,0.097,0.3246519283354282
770,885,115,0.115,0.3240485878624022
790,895,105,0.105,0.31715678416192533
684,842,158,0.158,0.33021185970678923
780,890,110,0.11,0.3319201622456312
744,872,128,0.128,0.33689937403798104
802,901,99,0.099,0.37030311819911005
798,899,101,0.101,0.39395726785063745
766,883,117,0.117,0.40292416808009146
772,886,114,0.114,0.40419013310223817
762,881,119,0.119,0.41955783861875534
728,864,136,0.136,0.4310233113765717
808,904,96,0.096,0.44294660356640814
800,900,100,0.1,0.44346770507097244
780,890,110,0.11,0.48602853551506997
684,842,158,0.158,0.5038085325360299
766,883,117,0.117,0.5198784034177661
682,841,159,0.159,0.5247194392979145
734,867,133,0.133,0.5387286510467529
752,876,124,0.124,0.5335700776576996
766,883,117,0.117,0.5109172655642032
744,872,128,0.128,0.507889126420021
760,880,120,0.12,0.45146088778972626
746,873,127,0.127,0.43740235014259815
724,862,138,0.138,0.40040877917408946
724,862,138,0.138,0.4009533859938383
778,889,111,0.111,0.36922526705265046
788,894,106,0.106,0.3719137844145298
738,869,131,0.131,0.37184900465607645
742,871,129,0.129,0.3715442051887512
822,911,89,0.089,0.35752067795395853
770,885,115,0.115,0.35879250507056715
820,910,90,0.09,0.331867881141603
806,903,97,0.097,0.3291943278610706
742,871,129,0.129,0.3210043470710516
680,840,160,0.16,0.3268775027138181
742,871,129,0.129,0.3354061572253704
738,869,131,0.131,0.3331949241608381
786,893,107,0.107,0.3415362283292185
790,895,105,0.105,0.33933468973636627
764,882,118,0.118,0.3479441516101361
750,875,125,0.125,0.3454011620879173
820,910,90,0.09,0.3377210014462471
766,883,117,0.117,0.34083582800626755
724,862,138,0.138,0.35821682891249657
770,885,115,0.115,0.3577091694623232
772,886,114,0.114,0.37845285871624945
754,877,123,0.123,0.3807806693315506
788,894,106,0.106,0.3940244333706796
802,901,99,0.099,0.39647115920484066
712,856,144,0.144,0.4080938740540296
756,878,122,0.122,0.4044545983374119
732,866,134,0.134,0.3984801271855831
794,897,103,0.103,0.3963447251720645
772,886,114,0.114,0.3711902967095375
748,874,126,0.126,0.3680882971584797
810,905,95,0.095,0.3269831201583147
840,920,80,0.08,0.32242885291203854
720,860,140,0.14,0.3213004547059536
776,888,112,0.112,0.31611237266659736
720,860,140,0.14,0.3379545685499907
742,871,129,0.129,0.3442623195201159
740,870,130,0.13,0.36660734355449676
710,855,145,0.145,0.36985090690851213
788,894,106,0.106,0.36613309813290834
742,871,129,0.129,0.35660637974739073
770,885,115,0.115,0.34615381272137163
674,837,163,0.163,0.3425309969186783
724,862,138,0.138,0.32826965767145155
734,867,133,0.133,0.32672391896951014
784,892,108,0.108,0.32501233512163163
792,896,104,0.104,0.3255728856474161
794,897,103,0.103,0.33615457021817563
716,858,142,0.142,0.3544468102157116
724,862,138,0.138,0.3532964038848878
768,884,116,0.116,0.3695019060075283
756,878,122,0.122,0.3933911316692829
798,899,101,0.101,0.3949920902373133
760,880,120,0.12,0.4012641509026289
758,879,121,0.121,0.3990658544674516
762,881,119,0.119,0.38015561738610265
712,856,144,0.144,0.3868321179449558
794,897,103,0.103,0.3802722635269165
798,899,101,0.101,0.39401460076123473
758,879,121,0.121,0.4132441705465317
766,883,117,0.117,0.418403121471405
714,857,143,0.143,0.42188526573777196
786,893,107,0.107,0.41104031017422676
756,878,122,0.122,0.40274117597937586
758,879,121,0.121,0.40344680219888684
716,858,142,0.142,0.40555724161863327
796,898,102,0.102,0.40579228586703536
760,880,120,0.12,0.41162805515527723
776,888,112,0.112,0.40766317486763
838,919,81,0.081,0.3929745297431946
756,878,122,0.122,0.38625770780444146
766,883,117,0.117,0.35454214015603064
748,874,126,0.126,0.3543643913269043
756,878,122,0.122,0.3518663041293621
746,873,127,0.127,0.36156330701708794
734,867,133,0.133,0.3977549106650986
776,888,112,0.112,0.38920422664284704
782,891,109,0.109,0.3934139530658722
798,899,101,0.101,0.394247482419014
730,865,135,0.135,0.3999190290807388
676,838,162,0.162,0.403409259557724
792,896,104,0.104,0.39797329929471015
718,859,141,0.141,0.40656590327620507
746,873,127,0.127,0.411273857742548
786,893,107,0.107,0.4153934032022953
714,857,143,0.143,0.4117595515754074
772,886,114,0.114,0.4011956757903099
798,899,101,0.101,0.37066438819095493
782,891,109,0.109,0.3585132321231067
738,869,131,0.131,0.35432525039657253
728,864,136,0.136,0.3515532149225473
740,870,130,0.13,0.3376216380894184
756,878,122,0.122,0.32513038045167925
812,906,94,0.094,0.3127385627180338
750,875,125,0.125,0.31972315382957456
816,908,92,0.092,0.2968721105158329
756,878,122,0.122,0.28993233962357046
796,898,102,0.102,0.2878152705579996
752,876,124,0.124,0.2899272267730266
786,893,107,0.107,0.28936044620350004
812,906,94,0.094,0.2886883126781322
716,858,142,0.142,0.29466751228272914
690,845,155,0.155,0.2944438681453466
804,902,98,0.098,0.26957690745592117
740,870,130,0.13,0.2503835123181343
724,862,138,0.138,0.24517232584953308
726,863,137,0.137,0.2477709439843893
762,881,119,0.119,0.23524053941882447
798,899,101,0.101,0.234353628218174
788,894,106,0.106,0.23444919553399085
826,913,87,0.087,0.23484219701588155
794,897,103,0.103,0.22335330952703952
772,886,114,0.114,0.21860971938073634
798,899,101,0.101,0.21426825577020644
702,851,149,0.149,0.22192084549367427
810,905,95,0.095,0.2197128670066595
660,830,170,0.17,0.25758775368332865
794,897,103,0.103,0.24464739130437374
744,872,128,0.128,0.25016374154388904
748,874,126,0.126,0.26247972225397825
792,896,104,0.104,0.25097870917618276
756,878,122,0.122,0.25565172669291497
796,898,102,0.102,0.24958063718676568
764,882,118,0.118,0.24168983207643033
754,877,123,0.123,0.23917366817593574
722,861,139,0.139,0.2397907320857048
780,890,110,0.11,0.23931753012537957
780,890,110,0.11,0.2490848175873575
754,877,123,0.123,0.27978779350221156
774,887,113,0.113,0.2787083290070295
746,873,127,0.127,0.28453589679300784
832,916,84,0.084,0.27490245370566846
772,886,114,0.114,0.24899416746199132
782,891,109,0.109,0.24508014886826276
688,844,156,0.156,0.24876768824458123
778,889,111,0.111,0.2303041200041771
774,887,113,0.113,0.2220908205807209
810,905,95,0.095,0.2246039959564805
752,876,124,0.124,0.22741116443276405
786,893,107,0.107,0.22338436511158943
814,907,93,0.093,0.21478940843371674
788,894,106,0.106,0.20181438551098108
850,925,75,0.075,0.1967425175756216
750,875,125,0.125,0.19750448592659087
634,817,183,0.183,0.21897663424909114
736,868,132,0.132,0.2385902554988861
772,886,114,0.114,0.25554032674431804
740,870,130,0.13,0.2563759583979845
796,898,102,0.102,0.2930600222349167
770,885,115,0.115,0.2905585494637489
734,867,133,0.133,0.2989615999609232
748,874,126,0.126,0.288403416916728
772,886,114,0.114,0.2597356532514095
798,899,101,0.101,0.25333812318742277
698,849,151,0.151,0.2600894484370947
816,908,92,0.092,0.2502862510140894
796,898,102,0.102,0.2526716403290629
742,871,129,0.129,0.2633038961663842
766,883,117,0.117,0.2601232017725706
714,857,143,0.143,0.2689597353935242
736,868,132,0.132,0.2807423979640007
742,871,129,0.129,0.30974130046367643
754,877,123,0.123,0.3134330974966288
664,832,168,0.168,0.33005425879359246
784,892,108,0.108,0.351758237361908
736,868,132,0.132,0.3815272048711777
818,909,91,0.091,0.3753907309770584
760,880,120,0.12,0.3861433938741684
766,883,117,0.117,0.40015433222055435
758,879,121,0.121,0.4544174519777298
714,857,143,0.143,0.46302816255390644
786,893,107,0.107,0.4754390885531902
694,847,153,0.153,0.5250708457529545
722,861,139,0.139,0.5767578583955765
746,873,127,0.127,0.5795325466543436
814,907,93,0.093,0.5800477293133736
742,871,129,0.129,0.5915521322488785
792,896,104,0.104,0.5904737468659877
680,840,160,0.16,0.5970852580964565
742,871,129,0.129,0.5941813087463379
720,860,140,0.14,0.5937766405642033
762,881,119,0.119,0.6037695470452309
728,864,136,0.136,0.607452236264944
730,865,135,0.135,0.6145082855001092
752,876,124,0.124,0.614577367246151
798,899,101,0.101,0.604657626926899
778,889,111,0.111,0.5943355249166489
766,883,117,0.117,0.5886041167974472
788,894,106,0.106,0.579023250579834
692,846,154,0.154,0.5749077793359757
792,896,104,0.104,0.5878687290921807
738,869,131,0.131,0.6019692009687424
684,842,158,0.158,0.6061039230227471
708,854,146,0.146,0.626123196721077
742,871,129,0.129,0.6483394236564636
732,866,134,0.134,0.663023925960064
736,868,132,0.132,0.66259897595644
716,858,142,0.142,0.670046599288471
812,906,94,0.094,0.6693740829825401
714,857,143,0.143,0.6758825592398644
728,864,136,0.136,0.6746326704025268
752,876,124,0.124,0.6803346990942954
714,857,143,0.143,0.6918641602993012
714,857,143,0.143,0.6940157131552697
764,882,118,0.118,0.6921232478022575
708,854,146,0.146,0.6955769320130348
738,869,131,0.131,0.6894939160943031
778,889,111,0.111,0.6871855910420418
830,915,85,0.085,0.6811177810430527
726,863,137,0.137,0.6838795323967933
796,898,102,0.102,0.6280189726578538
732,866,134,0.134,0.6121715659499168
766,883,117,0.117,0.6081201967000961
712,856,144,0.144,0.615557636231184
808,904,96,0.096,0.4813932801466435
706,853,147,0.147,0.47547062492370606
754,877,123,0.123,0.46356735584506714
752,876,124,0.124,0.4657284064888954
764,882,118,0.118,0.3421910969465971
752,876,124,0.124,0.3356663063317537
726,863,137,0.137,0.32981391429901125
798,899,101,0.101,0.3169211730421666
818,909,91,0.091,0.21938436903711409
774,887,113,0.113,0.22387478877417744
748,874,126,0.126,0.22254139284044505
774,887,113,0.113,0.21312586876004935
758,879,121,0.121,0.17997701046778822
804,902,98,0.098,0.17768238969147204
754,877,123,0.123,0.18084514062851667
736,868,132,0.132,0.18159879290312528
784,892,108,0.108,0.18888614220917224
752,876,124,0.124,0.19197475358843805
800,900,100,0.1,0.18660352858901025
812,906,94,0.094,0.18588418500870466
752,876,124,0.124,0.17905976098775864
842,921,79,0.079,0.17314984184503554
826,913,87,0.087,0.173769381031394
828,914,86,0.086,0.17304543947428466
752,876,124,0.124,0.2041484423726797
786,893,107,0.107,0.19954472520574928
736,868,132,0.132,0.22120944717526436
698,849,151,0.151,0.23797660282254218
794,897,103,0.103,0.27255196537077425
690,845,155,0.155,0.28257584069669245
750,875,125,0.125,0.2795552994310856
774,887,113,0.113,0.2731400974392891
776,888,112,0.112,0.2615390823185444
692,846,154,0.154,0.26553454276919364
792,896,104,0.104,0.24674407537281512
768,884,116,0.116,0.25289063358306885
768,884,116,0.116,0.2531430217772722
744,872,128,0.128,0.26072290812432763
764,882,118,0.118,0.2669925600141287
762,881,119,0.119,0.26522090114653113
770,885,115,0.115,0.26605500645935537
688,844,156,0.156,0.2771884635388851
778,889,111,0.111,0.2611447637826204
692,846,154,0.154,0.27036804269254205
766,883,117,0.117,0.261494971498847
718,859,141,0.141,0.2665876969397068
722,861,139,0.139,0.25443053735792637
758,879,121,0.121,0.24302102813124657
748,874,126,0.126,0.23364959459751844
710,855,145,0.145,0.23611011783778668
726,863,137,0.137,0.23496706849336624
728,864,136,0.136,0.2423058247278487
798,899,101,0.101,0.24041508050262927
740,870,130,0.13,0.24661999782919883
762,881,119,0.119,0.23860854645073415
706,853,147,0.147,0.23887918858230114
782,891,109,0.109,0.2183562756329775
778,889,111,0.111,0.22150102165382698
736,868,132,0.132,0.2174342339901632
746,873,127,0.127,0.2181319742202759
786,893,107,0.107,0.21338963708281516
796,898,102,0.102,0.21728253904349412
720,860,140,0.14,0.2253796978890896
732,866,134,0.134,0.23143416312336923
684,842,158,0.158,0.23223957762386999
770,885,115,0.115,0.22730750054121018
718,859,141,0.141,0.23593626586347818
748,874,126,0.126,0.21987220722436904
802,901,99,0.099,0.2128589070290327
752,876,124,0.124,0.2150137137621641
800,900,100,0.1,0.19355505451909266
758,879,121,0.121,0.1930649275034666
748,874,126,0.126,0.19450920617580414
790,895,105,0.105,0.18876595833965343
792,896,104,0.104,0.19031729505956174
800,900,100,0.1,0.1864528266340494
730,865,135,0.135,0.1935650228857994
738,869,131,0.131,0.19207556443661453
824,912,88,0.088,0.1815552995875478
784,892,108,0.108,0.1845454855784774
734,867,133,0.133,0.18886988519190345
688,844,156,0.156,0.19348020304739474
734,867,133,0.133,0.1953052060753107
744,872,128,0.128,0.20480260388553143
740,870,130,0.13,0.20434788353741168
756,878,122,0.122,0.20021903368132188
746,873,127,0.127,0.2238013231009245
760,880,120,0.12,0.22659651154279709
740,870,130,0.13,0.22795154975354673
772,886,114,0.114,0.22573239089548588
750,875,125,0.125,0.23061861880123616
746,873,127,0.127,0.23757367853820324
754,877,123,0.123,0.23704731828719378
744,872,128,0.128,0.23840796167775988
752,876,124,0.124,0.2872049469202757
790,895,105,0.105,0.2982153609544039
732,866,134,0.134,0.29978023714572194
756,878,122,0.122,0.3018598570078611
796,898,102,0.102,0.3258289814198361
744,872,128,0.128,0.3310031226277351
772,886,114,0.114,0.32973693385347724
752,876,124,0.124,0.33080688416957854
754,877,123,0.123,0.3132037449479103
760,880,120,0.12,0.31532038889848174
790,895,105,0.105,0.3089771426618099
712,856,144,0.144,0.3149493254125118
748,874,126,0.126,0.31430041860044
712,856,144,0.144,0.31724910842747817
736,868,132,0.132,0.31670859357714654
726,863,137,0.137,0.32031031280755995
808,904,96,0.096,0.2960512914955616
706,853,147,0.147,0.3070144872367382
780,890,110,0.11,0.29638052470982074
788,894,106,0.106,0.2850865938961506
812,906,94,0.094,0.21069439041614532
734,867,133,0.133,0.21580434723198413
784,892,108,0.108,0.21132026471197604
794,897,103,0.103,0.20077012806942993
786,893,107,0.107,0.23750257483124734
770,885,115,0.115,0.24588897086679937
780,890,110,0.11,0.2467134161144495
748,874,126,0.126,0.2606864232942462
752,876,124,0.124,0.26672161599621175
794,897,103,0.103,0.25671230591833594
684,842,158,0.158,0.2648803725093603
730,865,135,0.135,0.2535503795146943
770,885,115,0.115,0.24424799310788511
690,845,155,0.155,0.2501981415450573
776,888,112,0.112,0.2507386873960495
780,890,110,0.11,0.2447301627099514
716,858,142,0.142,0.2689938169270754
800,900,100,0.1,0.25867079670727255
740,870,130,0.13,0.2625084998756647
784,892,108,0.108,0.26373070759349504
710,855,145,0.145,0.26329426427185537
752,876,124,0.124,0.25698285940289495
790,895,105,0.105,0.25114639749377965
750,875,125,0.125,0.25071314050257204
762,881,119,0.119,0.23606955461483448
730,865,135,0.135,0.23729229165613652
718,859,141,0.141,0.2393212484419346
734,867,133,0.133,0.23481704485416413
784,892,108,0.108,0.2328650411516428
758,879,121,0.121,0.23721683955192566
730,865,135,0.135,0.24220748616755008
758,879,121,0.121,0.24081682689348236
752,876,124,0.124,0.22548490562289952
738,869,131,0.131,0.22638255116343498
814,907,93,0.093,0.21678209941089152
730,865,135,0.135,0.224652115121489
762,881,119,0.119,0.23496254589781165
812,906,94,0.094,0.23782541298493742
738,869,131,0.131,0.25187130051851275
734,867,133,0.133,0.2541269141435623
756,878,122,0.122,0.26976232723891735
732,866,134,0.134,0.27644484116882084
752,876,124,0.124,0.28056663599610326
770,885,115,0.115,0.2830830467790365
724,862,138,0.138,0.3015935163535178
714,857,143,0.143,0.3051594168692827
758,879,121,0.121,0.31083121719956397
736,868,132,0.132,0.3130150847886907
792,896,104,0.104,0.33604175206273795
720,860,140,0.14,0.34976053741574287
760,880,120,0.12,0.34830178141839135
788,894,106,0.106,0.3463130301870406
828,914,86,0.086,0.3439485191702843
758,879,121,0.121,0.3404452008008957
808,904,96,0.096,0.3338986431658268
734,867,133,0.133,0.33383954161405566
762,881,119,0.119,0.3276489341259003
704,852,148,0.148,0.3383973398506641
756,878,122,0.122,0.33202701273560525
736,868,132,0.132,0.33698658576607704
702,851,149,0.149,0.3252732854783535
778,889,111,0.111,0.3022423394918442
768,884,116,0.116,0.29270878455042837
786,893,107,0.107,0.27883410258591174
788,894,106,0.106,0.23467190754413605
726,863,137,0.137,0.214341453358531
806,903,97,0.097,0.2108763569444418
786,893,107,0.107,0.20671633984148502
792,896,104,0.104,0.21931072753667832
730,865,135,0.135,0.24697153517603873
746,873,127,0.127,0.24183790364861488
804,902,98,0.098,0.25247194021940234
730,865,135,0.135,0.2614469897001982
734,867,133,0.133,0.25611645413935186
782,891,109,0.109,0.25217221151292324
714,857,143,0.143,0.25309917554935235
686,843,157,0.157,0.2583639212548733
722,861,139,0.139,0.26548634125292303
772,886,114,0.114,0.2559771162420511
792,896,104,0.104,0.2634277434796095
790,895,105,0.105,0.2621813183277845
730,865,135,0.135,0.2632285675778985
764,882,118,0.118,0.258240751683712
772,886,114,0.114,0.2538171608448029
788,894,106,0.106,0.25230663601867853
790,895,105,0.105,0.2586670728436122
822,911,89,0.089,0.25230940292775633
722,861,139,0.139,0.2588027356117964
796,898,102,0.102,0.2528901304155588
768,884,116,0.116,0.2664517885148525
760,880,120,0.12,0.26440392483770847
754,877,123,0.123,0.2748478341847658
746,873,127,0.127,0.2759703871011734
752,876,124,0.124,0.2911610124111176
754,877,123,0.123,0.2926020340323448
784,892,108,0.108,0.2873635580786504
826,913,87,0.087,0.2786273963749409
772,886,114,0.114,0.27386124831810593
692,846,154,0.154,0.2809043300151825
742,871,129,0.129,0.27847553580999374
808,904,96,0.096,0.2713960680961609
726,863,137,0.137,0.29367145968973635
726,863,137,0.137,0.2922759530246258
742,871,129,0.129,0.30247337256371976
748,874,126,0.126,0.305309876576066
808,904,96,0.096,0.30774315521121026
768,884,116,0.116,0.30902701200544835
730,865,135,0.135,0.3039399271607399
772,886,114,0.114,0.29852219377458095
772,886,114,0.114,0.2954576564952731
752,876,124,0.124,0.2966697088778019
800,900,100,0.1,0.3023416962623596
762,881,119,0.119,0.3047543087899685
766,883,117,0.117,0.3309974630204961
762,881,119,0.119,0.3432592330276966
802,901,99,0.099,0.36479319878667593
762,881,119,0.119,0.373807520493865
746,873,127,0.127,0.4114365448951721
760,880,120,0.12,0.4151023136675358
772,886,114,0.114,0.42161233362555506
664,832,168,0.168,0.42753872615098953
734,867,133,0.133,0.4229619859457016
736,868,132,0.132,0.4329244635403156
768,884,116,0.116,0.4417510980963707
806,903,97,0.097,0.4535899550616741
738,869,131,0.131,0.4714407109320164
758,879,121,0.121,0.46635809043049814
694,847,153,0.153,0.5032539991140366
742,871,129,0.129,0.5345820859838277
766,883,117,0.117,0.5473951012790204
788,894,106,0.106,0.5458440791666508
724,862,138,0.138,0.5540197305679321
816,908,92,0.092,0.535810350060463
760,880,120,0.12,0.5300418466627598
732,866,134,0.134,0.5327001660168171
780,890,110,0.11,0.5112107736766338
754,877,123,0.123,0.4993886926472187
754,877,123,0.123,0.4988846426606178
760,880,120,0.12,0.49656727331876754
750,875,125,0.125,0.47398480036854745
780,890,110,0.11,0.45698221153020857
766,883,117,0.117,0.4424962612092495
766,883,117,0.117,0.4368145056515932
780,890,110,0.11,0.4152715976089239
750,875,125,0.125,0.4048378469049931
784,892,108,0.108,0.39721375468141606
782,891,109,0.109,0.39451536107063295
840,920,80,0.08,0.3625260788202286
738,869,131,0.131,0.353857635512948
820,910,90,0.09,0.33565989033624644
772,886,114,0.114,0.3360464962720871
732,866,134,0.134,0.32787227579951284
788,894,106,0.106,0.3258202183991671
702,851,149,0.149,0.33152748346328736
736,868,132,0.132,0.33315678212046623
774,887,113,0.113,0.35134459778666494
742,871,129,0.129,0.3635230059325695
830,915,85,0.085,0.35911455103754997
776,888,112,0.112,0.35959851333498954
776,888,112,0.112,0.3467169859707355
756,878,122,0.122,0.3398666620254517
710,855,145,0.145,0.33943075650930404
734,867,133,0.133,0.3355201517939568
740,870,130,0.13,0.340676577270031
804,902,98,0.098,0.33663825638219713
730,865,135,0.135,0.34562451365590097
768,884,116,0.116,0.3348721423447132
738,869,131,0.131,0.32142735697347674
796,898,102,0.102,0.30419287364184855
780,890,110,0.11,0.2793834717720747
736,868,132,0.132,0.2694577420204878
714,857,143,0.143,0.24450794126093386
776,888,112,0.112,0.23110359872505068
782,891,109,0.109,0.21687895038723945
710,855,145,0.145,0.22265943801403046
760,880,120,0.12,0.21877739740908145
784,892,108,0.108,0.21674541505903017
708,854,146,0.146,0.23375189724564552
678,839,161,0.161,0.23793229785561562
880,940,60,0.06,0.2276764531880617
774,887,113,0.113,0.23369203432649374
788,894,106,0.106,0.22617539777606727
790,895,105,0.105,0.2187474961655753
828,914,86,0.086,0.20013587759435178
768,884,116,0.116,0.20335593125224113
812,906,94,0.094,0.19468800079636275
768,884,116,0.116,0.20106870090961457
772,886,114,0.114,0.21900152836740017
730,865,135,0.135,0.2195926347821951
792,896,104,0.104,0.24749242193996907
732,866,134,0.134,0.2601212081760168
764,882,118,0.118,0.26612184254825116
752,876,124,0.124,0.269033249437809
716,858,142,0.142,0.27376659006625415
782,891,109,0.109,0.26946186691680624
758,879,121,0.121,0.266324615880847
742,871,129,0.129,0.26619302808033446
776,888,112,0.112,0.2510523053780198
770,885,115,0.115,0.24285923380460736
720,860,140,0.14,0.22361192007362843
814,907,93,0.093,0.21334380723536014
808,904,96,0.096,0.2045535760819912
706,853,147,0.147,0.21169000700116158
772,886,114,0.114,0.20840676833689212
850,925,75,0.075,0.2032297144085169
802,901,99,0.099,0.2013006694689393
764,882,118,0.118,0.2033142721056938
678,839,161,0.161,0.2059825267791748
816,908,92,0.092,0.19155907981842757
688,844,156,0.156,0.20851684753596783
842,921,79,0.079,0.20084933781181463
730,865,135,0.135,0.22364495808631182
704,852,148,0.148,0.23497433455624955
732,866,134,0.134,0.2549349309820682
764,882,118,0.118,0.25560687433183193
784,892,108,0.108,0.25850535359978677
740,870,130,0.13,0.27011772495508196
798,899,101,0.101,0.264430495813489
732,866,134,0.134,0.27053221414238215
782,891,109,0.109,0.2680702241510153
782,891,109,0.109,0.2701558366715908
790,895,105,0.105,0.26554965222266036
742,871,129,0.129,0.2740661550462246
774,887,113,0.113,0.27450282783806323
712,856,144,0.144,0.2906079939007759
704,852,148,0.148,0.31070195750933716
736,868,132,0.132,0.3157173199020326
750,875,125,0.125,0.32374631953832067
768,884,116,0.116,0.3377649234481796
712,856,144,0.144,0.34698734754323957
738,869,131,0.131,0.347736385922879
788,894,106,0.106,0.34201861555129287
760,880,120,0.12,0.3501101837605238
702,851,149,0.149,0.36194201043248175
782,891,109,0.109,0.3634838601052761
738,869,131,0.131,0.3740284969210625
690,845,155,0.155,0.391492821007967
718,859,141,0.141,0.39906176233291624
842,921,79,0.079,0.38917509779764803
724,862,138,0.138,0.39843819084763527
742,871,129,0.129,0.40202210065722466
816,908,92,0.092,0.3924397826194763
766,883,117,0.117,0.3865562504529953
816,908,92,0.092,0.38533521577715873
754,877,123,0.123,0.38954273691773417
774,887,113,0.113,0.3925702493786812
726,863,137,0.137,0.40728670145571233
796,898,102,0.102,0.4061468856483698
846,923,77,0.077,0.4224741940200329
756,878,122,0.122,0.438131049990654
760,880,120,0.12,0.4418255325853825
800,900,100,0.1,0.442595688790094
768,884,116,0.116,0.46319574178615586
718,859,141,0.141,0.4779105081856251
754,877,123,0.123,0.48715039967373014
746,873,127,0.127,0.4872581136520894
822,911,89,0.089,0.5034419157505036
776,888,112,0.112,0.5069150005280971
772,886,114,0.114,0.5169795147776604
738,869,131,0.131,0.5208137054443359
756,878,122,0.122,0.5334187671260443
814,907,93,0.093,0.5360300358235836
764,882,118,0.118,0.5417708873748779
754,877,123,0.123,0.5404169348776341
822,911,89,0.089,0.5352417335510254
714,857,143,0.143,0.5416577270328998
762,881,119,0.119,0.5405332714319229
744,872,128,0.128,0.5325523827672005
712,856,144,0.144,0.5168005532398819
712,856,144,0.144,0.5020277341008186
758,879,121,0.121,0.5143284303873079
760,880,120,0.12,0.4734967944920063
742,871,129,0.129,0.4640811196817085
814,907,93,0.093,0.43518879598379134
782,891,109,0.109,0.4121859450340643
794,897,103,0.103,0.40668379594385623
788,894,106,0.106,0.39557891854643823
834,917,83,0.083,0.37289931628108025
748,874,126,0.126,0.37450941604375837
796,898,102,0.102,0.37311696100234987
778,889,111,0.111,0.37668353778123853
676,838,162,0.162,0.3759841442294419
790,895,105,0.105,0.3686676025688648
736,868,132,0.132,0.36741180857110883
764,882,118,0.118,0.3401096941977739
818,909,91,0.091,0.31540444858372213
754,877,123,0.123,0.2933613904863596
834,917,83,0.083,0.26628939424455167
810,905,95,0.095,0.23645831876993179
794,897,103,0.103,0.2192320423722267
732,866,134,0.134,0.2204634354710579
738,869,131,0.131,0.21777443677932024
692,846,154,0.154,0.22882411088049412
788,894,106,0.106,0.22463520514965057
776,888,112,0.112,0.2296032465696335
796,898,102,0.102,0.22967454469949006
728,864,136,0.136,0.22865440021455288
756,878,122,0.122,0.22067630942165853
754,877,123,0.123,0.21197670307010413
710,855,145,0.145,0.21915679383277892
700,850,150,0.15,0.2333426347076893
756,878,122,0.122,0.237000346650506
772,886,114,0.114,0.2365577765107155
748,874,126,0.126,0.2482853940576315
782,891,109,0.109,0.24170864616334592
786,893,107,0.107,0.22752893552184106
726,863,137,0.137,0.23191554453969002
760,880,120,0.12,0.22218958143581402
750,875,125,0.125,0.20954646094236523
792,896,104,0.104,0.19648287701606768
736,868,132,0.132,0.1998319096714258
768,884,116,0.116,0.19377579416334628
778,889,111,0.111,0.19054633934795856
722,861,139,0.139,0.18833231967687608
764,882,118,0.118,0.18755006632664573
792,896,104,0.104,0.18142167922854424
766,883,117,0.117,0.17708049935102463
766,883,117,0.117,0.15682989029586314
784,892,108,0.108,0.1558280122578144
734,867,133,0.133,0.14984850279986858
776,888,112,0.112,0.1389632088728249
710,855,145,0.145,0.14149947753548622
786,893,107,0.107,0.13791825269162655
764,882,118,0.118,0.1447470887452364
784,892,108,0.108,0.14430633918195962
782,891,109,0.109,0.14517711991071702
798,899,101,0.101,0.14467655477672817
742,871,129,0.129,0.1528523366227746
798,899,101,0.101,0.14940756729245186
738,869,131,0.131,0.14868413845449685
732,866,134,0.134,0.14567725820839406
758,879,121,0.121,0.14548616658523678
740,870,130,0.13,0.14748503525555134
748,874,126,0.126,0.1646272915825248
720,860,140,0.14,0.17539882200211288
758,879,121,0.121,0.18044450222700834
698,849,151,0.151,0.19054286598227918
788,894,106,0.106,0.194984717130661
768,884,116,0.116,0.2001735761340242
762,881,119,0.119,0.19635452698171138
764,882,118,0.118,0.19646470682322978
744,872,128,0.128,0.18129122799634934
794,897,103,0.103,0.16941563958674669
804,902,98,0.098,0.16737218705937265
784,892,108,0.108,0.16714627140015365
766,883,117,0.117,0.16213784643262624
794,897,103,0.103,0.1623571734726429
758,879,121,0.121,0.16435582681745292
754,877,123,0.123,0.1666996397972107
810,905,95,0.095,0.18192838518321514
740,870,130,0.13,0.1902862206250429
708,854,146,0.146,0.19045212997496128
800,900,100,0.1,0.1825650363713503
762,881,119,0.119,0.18022947229523362
744,872,128,0.128,0.17927675247192382
754,877,123,0.123,0.17888017883896828
716,858,142,0.142,0.1829756689965725
786,893,107,0.107,0.1736823088384699
712,856,144,0.144,0.17943505103856988
712,856,144,0.144,0.17867648252844812
732,866,134,0.134,0.17716223951801657
766,883,117,0.117,0.1754018900990486
760,880,120,0.12,0.18065240537375213
816,908,92,0.092,0.1754750358387828
794,897,103,0.103,0.17400762587040663
704,852,148,0.148,0.17507984033413232
790,895,105,0.105,0.17415524008870126
754,877,123,0.123,0.17770085781812667
818,909,91,0.091,0.17521588785946368
778,889,111,0.111,0.18015717732161282
760,880,120,0.12,0.17979941591620446
802,901,99,0.099,0.1740625006556511
776,888,112,0.112,0.1737488335520029
738,869,131,0.131,0.18118509290367366
714,857,143,0.143,0.1860016055222618
728,864,136,0.136,0.19238815405964851
788,894,106,0.106,0.18488782770931722
728,864,136,0.136,0.2135661287009716
780,890,110,0.11,0.21201031750440597
826,913,87,0.087,0.20219548395648598
760,880,120,0.12,0.20416055291891097
710,855,145,0.145,0.16843853445351123
744,872,128,0.128,0.16351409957557916
760,880,120,0.12,0.16379034217074515
786,893,107,0.107,0.16060098879039286
758,879,121,0.121,0.18566630481928587
780,890,110,0.11,0.18891183210164308
772,886,114,0.114,0.19179498340934514
766,883,117,0.117,0.1931323115080595
754,877,123,0.123,0.17681974804401399
848,924,76,0.076,0.16734421253204346
732,866,134,0.134,0.17406181775778531
716,858,142,0.142,0.17170571643859148
728,864,136,0.136,0.1734389214461553
782,891,109,0.109,0.1659245737493038
768,884,116,0.116,0.16976793038100005
818,909,91,0.091,0.16822722835093737
782,891,109,0.109,0.17912218517437578
814,907,93,0.093,0.1765941376388073
814,907,93,0.093,0.17803916302323342
758,879,121,0.121,0.18286990769184194
742,871,129,0.129,0.20116024256117543
774,887,113,0.113,0.19710827596485614
782,891,109,0.109,0.19520010501146318
812,906,94,0.094,0.2053186681419611
798,899,101,0.101,0.23419506673514842
818,909,91,0.091,0.2341651794537902
764,882,118,0.118,0.23813866804540157
740,870,130,0.13,0.25572882647812367
754,877,123,0.123,0.28283967907726765
718,859,141,0.141,0.29058629877865316
732,866,134,0.134,0.2977870609604288
752,876,124,0.124,0.3042709072083235
796,898,102,0.102,0.29559351775050163
780,890,110,0.11,0.297169384971261
780,890,110,0.11,0.2944524852782488
808,904,96,0.096,0.29201112599670886
706,853,147,0.147,0.3017368796467781
734,867,133,0.133,0.30221745603531597
716,858,142,0.142,0.32748827899992466
824,912,88,0.088,0.3287915470742155
816,908,92,0.092,0.33234209272265436
768,884,116,0.116,0.3335162244811654
772,886,114,0.114,0.3097504965774715
772,886,114,0.114,0.2753148045046255
748,874,126,0.126,0.2633931757211685
670,835,165,0.165,0.2610192704682704
828,914,86,0.086,0.23788641050818843
702,851,149,0.149,0.248628616867482
790,895,105,0.105,0.2440285829603672
768,884,116,0.116,0.2476991213709116
746,873,127,0.127,0.26982725369930266
770,885,115,0.115,0.26935439513623716
764,882,118,0.118,0.26581866417825223
780,890,110,0.11,0.26587075424194334
786,893,107,0.107,0.24556749509274958
722,861,139,0.139,0.24680924331396817
728,864,136,0.136,0.24994912791252136
796,898,102,0.102,0.2461591769605875
758,879,121,0.121,0.27962529987096785
712,856,144,0.144,0.3219166146980424
780,890,110,0.11,0.32217083955556153
796,898,102,0.102,0.31834320667386057
806,903,97,0.097,0.32146260400116444
704,852,148,0.148,0.33891751828044653
718,859,141,0.141,0.33692547798156736
784,892,108,0.108,0.33306233198940755
732,866,134,0.134,0.3585545618124306
802,901,99,0.099,0.3697949581742287
720,860,140,0.14,0.3809299297332764
780,890,110,0.11,0.3725163023769856
822,911,89,0.089,0.36431476390361783
810,905,95,0.095,0.3561977010071278
786,893,107,0.107,0.35754186066985133
740,870,130,0.13,0.36026464217156173
754,877,123,0.123,0.3751427936851978
716,858,142,0.142,0.4176268677413464
756,878,122,0.122,0.41699864891171456
748,874,126,0.126,0.4270833793878555
772,886,114,0.114,0.4436672918796539
816,908,92,0.092,0.4350186369717121
720,860,140,0.14,0.44633175318306895
744,872,128,0.128,0.43922018536925317
812,906,94,0.094,0.42717870652675627
708,854,146,0.146,0.4302933147466974
762,881,119,0.119,0.422118986884132
764,882,118,0.118,0.42710022801160813
734,867,133,0.133,0.4390963106453419
704,852,148,0.148,0.4590918259844184
718,859,141,0.141,0.460562105267647
724,862,138,0.138,0.4789013409614563
714,857,143,0.143,0.48017120894789694
748,874,126,0.126,0.4742929854989052
766,883,117,0.117,0.46185556837916375
808,904,96,0.096,0.4291537163257599
738,869,131,0.131,0.3995645681619644
818,909,91,0.091,0.3865252067446709
796,898,102,0.102,0.3604031021595001
780,890,110,0.11,0.3552779738306999
738,869,131,0.131,0.38446723757497964
752,876,124,0.124,0.38253522700071335
734,867,133,0.133,0.4090889544785023
730,865,135,0.135,0.45936156710982323
750,875,125,0.125,0.48772913837432863
708,854,146,0.146,0.4963108116984367
752,876,124,0.124,0.48407243257761
766,883,117,0.117,0.46998686650395394
790,895,105,0.105,0.45140343843400477
778,889,111,0.111,0.45525609081983565
768,884,116,0.116,0.4537494337409735
752,876,124,0.124,0.453265761077404
788,894,106,0.106,0.45610061538219454
754,877,123,0.123,0.45932295091366543
762,881,119,0.119,0.46565969705581667
766,883,117,0.117,0.4700557841956615
740,870,130,0.13,0.48212451276183127
762,881,119,0.119,0.47795601841807367
720,860,140,0.14,0.4892600166499615
772,886,114,0.114,0.4758795244693756
790,895,105,0.105,0.4672731587290764
780,890,110,0.11,0.4545615109205246
762,881,119,0.119,0.4482845867667347
796,898,102,0.102,0.4083444609344006
766,883,117,0.117,0.40273715973540675
772,886,114,0.114,0.39756773367524145
766,883,117,0.117,0.39823919734358787
792,896,104,0.104,0.40963217535614965
714,857,143,0.143,0.41383124819397926
710,855,145,0.145,0.42403626048949083
750,875,125,0.125,0.42634305557608604
722,861,139,0.139,0.4257776407897472
706,853,147,0.147,0.4278024010956287
758,879,121,0.121,0.414063842198113
754,877,123,0.123,0.39823182275146246
780,890,110,0.11,0.3665555312335491
728,864,136,0.136,0.358875805452466
760,880,120,0.12,0.335773621365428
774,887,113,0.113,0.34318857711553574
804,902,98,0.098,0.3270025152862072
698,849,151,0.151,0.339150553509593
788,894,106,0.106,0.33287162679433824
778,889,111,0.111,0.33010560330748556
698,849,151,0.151,0.33901313951611517
802,901,99,0.099,0.3315497263967991
770,885,115,0.115,0.3383950617630035
814,907,93,0.093,0.33695478197932244
804,902,98,0.098,0.31234425222873685
732,866,134,0.134,0.3039722865521908
814,907,93,0.093,0.29044111870229244
794,897,103,0.103,0.29335896998643873
804,902,98,0.098,0.28482103734463454
802,901,99,0.099,0.28886461585760115
784,892,108,0.108,0.2853206673115492
750,875,125,0.125,0.28970397358760236
744,872,128,0.128,0.2814284047782421
718,859,141,0.141,0.2828136908262968
794,897,103,0.103,0.2767637297660112
738,869,131,0.131,0.2917930296063423
754,877,123,0.123,0.2890058541244207
744,872,128,0.128,0.26526908430457113
730,865,135,0.135,0.28779000996053217
708,854,146,0.146,0.2734697513766587
828,914,86,0.086,0.25282389740645883
762,881,119,0.119,0.24022658652067183
726,863,137,0.137,0.24109605468809606
764,882,118,0.118,0.22944092154502868
760,880,120,0.12,0.22437541311979295
780,890,110,0.11,0.2014971726089716
780,890,110,0.11,0.2048636262565851
716,858,142,0.142,0.20842127409577368
758,879,121,0.121,0.20793851432204247
766,883,117,0.117,0.23502739091217517
730,865,135,0.135,0.23876241478323937
762,881,119,0.119,0.2462062604278326
760,880,120,0.12,0.2555836364775896
740,870,130,0.13,0.24842409399151802
788,894,106,0.106,0.243110186830163
768,884,116,0.116,0.23503468489646911
744,872,128,0.128,0.23123756174743176
748,874,126,0.126,0.23449941508471966
732,866,134,0.134,0.23008842596411705
732,866,134,0.134,0.2360963020324707
816,908,92,0.092,0.23446995523571967
766,883,117,0.117,0.2418364978581667
792,896,104,0.104,0.2405344827771187
742,871,129,0.129,0.24307030131321516
808,904,96,0.096,0.2363112423568964
740,870,130,0.13,0.2546857776194811
776,888,112,0.112,0.2537643810510635
758,879,121,0.121,0.25851552212924206
758,879,121,0.121,0.2647823976278305
674,837,163,0.163,0.27536528956890105
766,883,117,0.117,0.2688954509824197
786,893,107,0.107,0.26400990261137486
736,868,132,0.132,0.2685922461897135
752,876,124,0.124,0.24721678227919594
778,889,111,0.111,0.2389912845045328
788,894,106,0.106,0.22240429773926734
764,882,118,0.118,0.2268164740651846
754,877,123,0.123,0.21773170506954193
788,894,106,0.106,0.21531167167425155
796,898,102,0.102,0.21574015073478223
752,876,124,0.124,0.21942180442810058
808,904,96,0.096,0.21421049788594246
736,868,132,0.132,0.21194722078740597
776,888,112,0.112,0.20596211915463208
726,863,137,0.137,0.21439248791337012
754,877,123,0.123,0.2131428410410881
696,848,152,0.152,0.22010494800657035
768,884,116,0.116,0.20599843910336493
786,893,107,0.107,0.2058899171501398
754,877,123,0.123,0.2038083506077528
772,886,114,0.114,0.20293467408418656
762,881,119,0.119,0.198903595328331
756,878,122,0.122,0.1969274485260248
758,879,121,0.121,0.18765444469048817
764,882,118,0.118,0.1827535365521908
730,865,135,0.135,0.18314530190825462
788,894,106,0.106,0.16971433433145286
766,883,117,0.117,0.1701434054225683
786,893,107,0.107,0.16699286176264286
756,878,122,0.122,0.1648229508921504
736,868,132,0.132,0.16160889536650733
830,915,85,0.085,0.1489798102453351
804,902,98,0.098,0.14021012692898513
760,880,120,0.12,0.13906866784021257
778,889,111,0.111,0.1322480121254921
822,911,89,0.089,0.12393663100153207
748,874,126,0.126,0.1256246324032545
814,907,93,0.093,0.12377298543881625
728,864,136,0.136,0.13026260663568973
798,899,101,0.101,0.12482520731538534
776,888,112,0.112,0.12929421978630126
806,903,97,0.097,0.12750638744235038
716,858,142,0.142,0.14361996115744113
752,876,124,0.124,0.1412329494804144
706,853,147,0.147,0.1515762997418642
714,857,143,0.143,0.14703025314956902
732,866,134,0.134,0.14782832925766706
780,890,110,0.11,0.14075739128887654
748,874,126,0.126,0.14327208149433135
752,876,124,0.124,0.14112723663449286
724,862,138,0.138,0.14182469319552182
754,877,123,0.123,0.13922461901070984
770,885,115,0.115,0.13736435371264816
792,896,104,0.104,0.13614713326841593
716,858,142,0.142,0.13904113625735046
708,854,146,0.146,0.14150512753427028
790,895,105,0.105,0.14312316893786192
716,858,142,0.142,0.15391669379919767
718,859,141,0.141,0.1701940742343819
752,876,124,0.124,0.16661810667067767
730,865,135,0.135,0.16622294242680072
832,916,84,0.084,0.15849177991598845
782,891,109,0.109,0.1474781039878726
740,870,130,0.13,0.15127013110369444
752,876,124,0.124,0.13613329689949752
730,865,135,0.135,0.13602829030901192
728,864,136,0.136,0.14205219511687756
820,910,90,0.09,0.13881713980436325
780,890,110,0.11,0.1519603218585253
732,866,134,0.134,0.15731013788282872
748,874,126,0.126,0.16522406365722417
740,870,130,0.13,0.1595899725854397
754,877,123,0.123,0.15742837554961442
750,875,125,0.125,0.15452721609920264
804,902,98,0.098,0.15155140188336372
696,848,152,0.152,0.16041466300562024
758,879,121,0.121,0.15556993571668865
762,881,119,0.119,0.15793460100889206
738,869,131,0.131,0.1639627421423793
780,890,110,0.11,0.16085934046283365
772,886,114,0.114,0.16599152825400235
788,894,106,0.106,0.16995288930088281
786,893,107,0.107,0.17162299781292678
744,872,128,0.128,0.17416214130073787
800,900,100,0.1,0.16748476542532445
732,866,134,0.134,0.16968784630298614
788,894,106,0.106,0.15653816331923007
740,870,130,0.13,0.1606105061247945
796,898,102,0.102,0.1514433070991072
766,883,117,0.117,0.14873434831202031
734,867,133,0.133,0.14953475931164575
774,887,113,0.113,0.141050896669738
838,919,81,0.081,0.13301164384186268
762,881,119,0.119,0.13411839095130562
754,877,123,0.123,0.13587072653323412
808,904,96,0.096,0.1336115944162011
704,852,148,0.148,0.14216290155798197
800,900,100,0.1,0.14782187400013208
834,917,83,0.083,0.14842222394049168
792,896,104,0.104,0.15466666446626187
722,861,139,0.139,0.1604406616083579
794,897,103,0.103,0.1684197114855051
760,880,120,0.12,0.17159329447150232
780,890,110,0.11,0.17845311399549246
676,838,162,0.162,0.18741521127521993
712,856,144,0.144,0.19259426152706147
772,886,114,0.114,0.19055961067974567
754,877,123,0.123,0.19580634270608424
754,877,123,0.123,0.19509575981274246
826,913,87,0.087,0.1786880064085126
756,878,122,0.122,0.18060184010863303
682,841,159,0.159,0.1742901294492185
812,906,94,0.094,0.16596910422295333
756,878,122,0.122,0.16973458884656428
742,871,129,0.129,0.174708994820714
754,877,123,0.123,0.17995208132267
772,886,114,0.114,0.17523471424000514
772,886,114,0.114,0.18822013739496468
764,882,118,0.118,0.1899399059265852
726,863,137,0.137,0.2043918645037338
792,896,104,0.104,0.19854834331572055
768,884,116,0.116,0.21272462198883296
734,867,133,0.133,0.21754077968746424
796,898,102,0.102,0.21841232679104725
808,904,96,0.096,0.21453953349590302
806,903,97,0.097,0.20466756205260753
792,896,104,0.104,0.20709298649430274
764,882,118,0.118,0.19705410017073155
798,899,101,0.101,0.19228821343183516
736,868,132,0.132,0.1977522827833891
832,916,84,0.084,0.1928158346861601
732,866,134,0.134,0.21783362305164336
754,877,123,0.123,0.2257117532864213
772,886,114,0.114,0.2581889079213142
722,861,139,0.139,0.26259059184789657
744,872,128,0.128,0.28114791890978813
768,884,116,0.116,0.28184111599624156
756,878,122,0.122,0.2799031582772732
750,875,125,0.125,0.2786706610843539
756,878,122,0.122,0.2720863292217255
796,898,102,0.102,0.27087178923934696
788,894,106,0.106,0.28467804318666456
734,867,133,0.133,0.29275477977097036
764,882,118,0.118,0.30643201895058153
778,889,111,0.111,0.31134285098314285
706,853,147,0.147,0.3410554426014423
744,872,128,0.128,0.3291635229587555
730,865,135,0.135,0.3404784615933895
692,846,154,0.154,0.31798288264870644
728,864,136,0.136,0.31848808664083483
708,854,146,0.146,0.3178515483215451
780,890,110,0.11,0.30919195821881296
704,852,148,0.148,0.2957487362101674
854,927,73,0.073,0.2701160272806883
742,871,129,0.129,0.27397706571221353
834,917,83,0.083,0.25257512721419334
718,859,141,0.141,0.24031459964811802
756,878,122,0.122,0.22916431538760662
782,891,109,0.109,0.2318547465299598
754,877,123,0.123,0.2366568547040224
768,884,116,0.116,0.24863033656030895
790,895,105,0.105,0.25093467476964
740,870,130,0.13,0.25161316552758217
764,882,118,0.118,0.24508735969662665
754,877,123,0.123,0.23152948807179927
756,878,122,0.122,0.222563656270504
748,874,126,0.126,0.22037656326591967
728,864,136,0.136,0.22326453920453787
746,873,127,0.127,0.21974650940299034
776,888,112,0.112,0.21723355600237845
724,862,138,0.138,0.22253369003534318
700,850,150,0.15,0.22467465688288213
740,870,130,0.13,0.2289451966881752
804,902,98,0.098,0.2183142794072628
774,887,113,0.113,0.2188605314195156
774,887,113,0.113,0.21356904424726963
812,906,94,0.094,0.18541752262413502
802,901,99,0.099,0.18289109845459461
716,858,142,0.142,0.1891069237589836
756,878,122,0.122,0.18369724908471108
786,893,107,0.107,0.1981245015859604
774,887,113,0.113,0.19828579615056516
726,863,137,0.137,0.21346139276324538
798,899,101,0.101,0.20635756516456605
788,894,106,0.106,0.21637500153481962
748,874,126,0.126,0.21900740429759025
804,902,98,0.098,0.20290873655676842
798,899,101,0.101,0.20018709759414197
806,903,97,0.097,0.17865611113607882
786,893,107,0.107,0.1806121108084917
754,877,123,0.123,0.17962362084537745
768,884,116,0.116,0.17607638008892537
720,860,140,0.14,0.18809508401155473
728,864,136,0.136,0.19013592272996901
718,859,141,0.141,0.19234229002892972
782,891,109,0.109,0.1967145570218563
734,867,133,0.133,0.2028994942009449
800,900,100,0.1,0.19056561153382062
798,899,101,0.101,0.19035630714148283
742,871,129,0.129,0.1764628339856863
808,904,96,0.096,0.15231285619735718
698,849,151,0.151,0.15745725567638874
696,848,152,0.152,0.1566438234578818
732,866,134,0.134,0.1601253603324294
792,896,104,0.104,0.1747625129148364
786,893,107,0.107,0.18045238025486468
752,876,124,0.124,0.18955727175623177
820,910,90,0.09,0.1942968979179859
776,888,112,0.112,0.19906631331145763
752,876,124,0.124,0.2017267930135131
784,892,108,0.108,0.1981500629633665
738,869,131,0.131,0.1997699956446886
678,839,161,0.161,0.210310411170125
740,870,130,0.13,0.21103580178320408
724,862,138,0.138,0.21776142240711488
764,882,118,0.118,0.2319762415587902
746,873,127,0.127,0.2520205907225609
784,892,108,0.108,0.2490713707059622
796,898,102,0.102,0.2500190711915493
806,903,97,0.097,0.2415397474952241
802,901,99,0.099,0.22984095306810923
820,910,90,0.09,0.222775620099972
840,920,80,0.08,0.21352973639965056
728,864,136,0.136,0.2217711627036333
770,885,115,0.115,0.23528018249571322
822,911,89,0.089,0.24079770328104497
822,911,89,0.089,0.2503331933617592
770,885,115,0.115,0.26290097856521605
706,853,147,0.147,0.27157117368280886
720,860,140,0.14,0.27204715959727765
768,884,116,0.116,0.2701173349916935
736,868,132,0.132,0.28121520717442033
754,877,123,0.123,0.2858472944498062
836,918,82,0.082,0.27805840729177
776,888,112,0.112,0.2773745549917221
686,843,157,0.157,0.27557142336666585
740,870,130,0.13,0.2674171902537346
762,881,119,0.119,0.2632294722646475
734,867,133,0.133,0.26555487506092057
716,858,142,0.142,0.27096831346739875
718,859,141,0.141,0.28572439853474496
790,895,105,0.105,0.2857129089832306
740,870,130,0.13,0.30423223747439954
750,875,125,0.125,0.302115616224939
818,909,91,0.091,0.28423442965745926
812,906,94,0.094,0.28015565679222343
752,876,124,0.124,0.2650045532360673
790,895,105,0.105,0.2517572147399187
750,875,125,0.125,0.24354552245140076
728,864,136,0.136,0.25008034183084965
792,896,104,0.104,0.25625412081182003
764,882,118,0.118,0.2706365763694048
776,888,112,0.112,0.28572524440288544
782,891,109,0.109,0.2893713870644569
774,887,113,0.113,0.28319667947292326
770,885,115,0.115,0.27275223990332553
782,891,109,0.109,0.25726927180588244
816,908,92,0.092,0.2556339848339558
730,865,135,0.135,0.24515731438994406
764,882,118,0.118,0.23815511636435985
754,877,123,0.123,0.24345513968169688
760,880,120,0.12,0.2457237254861393
790,895,105,0.105,0.2587979276031256
794,897,103,0.103,0.26556168419122694
774,887,113,0.113,0.2674641851540655
774,887,113,0.113,0.2649697635024786
712,856,144,0.144,0.25635334360599515
748,874,126,0.126,0.24326186145842074
762,881,119,0.119,0.23088575201481581
806,903,97,0.097,0.22304129758943383
726,863,137,0.137,0.21844173198193312
744,872,128,0.128,0.20911651726067065
782,891,109,0.109,0.20242305989563464
804,902,98,0.098,0.20158571699261665
788,894,106,0.106,0.19274233731627494
710,855,145,0.145,0.19260987512767314
782,891,109,0.109,0.18264876413345338
764,882,118,0.118,0.18636026762403618
724,862,138,0.138,0.18269867788255215
796,898,102,0.102,0.1720823901295662
836,918,82,0.082,0.16332135928422212
728,864,136,0.136,0.17004016663134097
788,894,106,0.106,0.15557346384972334
770,885,115,0.115,0.15346401067078114
746,873,127,0.127,0.15219682347774505
782,891,109,0.109,0.14806639815972814
736,868,132,0.132,0.1496395934522152
790,895,105,0.105,0.13986799688637255
764,882,118,0.118,0.14199192006886005
832,916,84,0.084,0.13764010198414325
782,891,109,0.109,0.13162798747420312
758,879,121,0.121,0.1352325774356723
756,878,122,0.122,0.13951692213118078
790,895,105,0.105,0.13449365257466916
748,874,126,0.126,0.1610692289918661
774,887,113,0.113,0.1699812621101737
760,880,120,0.12,0.17443868064135312
740,870,130,0.13,0.175391809568055
724,862,138,0.138,0.19058801108598708
698,849,151,0.151,0.1915940288692218
784,892,108,0.108,0.18159091042727232
722,861,139,0.139,0.1885423918887973
756,878,122,0.122,0.1836479682326317
758,879,121,0.121,0.18204444661736488
830,915,85,0.085,0.17168848091363906
772,886,114,0.114,0.1770617037289776
712,856,144,0.144,0.16746721324755345
744,872,128,0.128,0.16539806855055547
822,911,89,0.089,0.16072658506035806
758,879,121,0.121,0.16995371502292983
784,892,108,0.108,0.19420668181031941
766,883,117,0.117,0.2063817795291543
726,863,137,0.137,0.22404460465908055
786,893,107,0.107,0.22758163537085058
726,863,137,0.137,0.2533447527289391
764,882,118,0.118,0.2602159947752953
746,873,127,0.127,0.2685794231891632
784,892,108,0.108,0.27017779916524887
798,899,101,0.101,0.2615595946609974
810,905,95,0.095,0.2576378039270639
792,896,104,0.104,0.2547641990631819
780,890,110,0.11,0.25813873967528345
800,900,100,0.1,0.2776011006683111
762,881,119,0.119,0.28351813365519535
744,872,128,0.128,0.30185727013647556
768,884,116,0.116,0.313378317758441
762,881,119,0.119,0.33293958494067194
732,866,134,0.134,0.3398361900448799
720,860,140,0.14,0.34307653725147247
778,889,111,0.111,0.33396140655875206
776,888,112,0.112,0.3327066662311554
806,903,97,0.097,0.32911650102213025
768,884,116,0.116,0.3389572601318359
784,892,108,0.108,0.3473663908243179
758,879,121,0.121,0.3748601365685463
760,880,120,0.12,0.37316270571947097
762,881,119,0.119,0.3884083840847015
684,842,158,0.158,0.40338746121525765
768,884,116,0.116,0.42651132407784464
736,868,132,0.132,0.433158453553915
810,905,95,0.095,0.43945800551214004
714,857,143,0.143,0.4555346476407722
778,889,111,0.111,0.45368590238690376
788,894,106,0.106,0.4518885714933276
744,872,128,0.128,0.45710794666409493
818,909,91,0.091,0.4557564058369026
750,875,125,0.125,0.47308338117599485
734,867,133,0.133,0.47818058578670025
740,870,130,0.13,0.4855908341286704
770,885,115,0.115,0.5013963221311569
752,876,124,0.124,0.5107315779924393
776,888,112,0.112,0.5170707356333732
740,870,130,0.13,0.5223221040964127
758,879,121,0.121,0.5248343799784779
786,893,107,0.107,0.5244127683214247
736,868,132,0.132,0.5292894842028618
732,866,134,0.134,0.5484592816133563
788,894,106,0.106,0.5367073172032834
766,883,117,0.117,0.5745428557395935
762,881,119,0.119,0.5884486060142518
736,868,132,0.132,0.6037668933197856
684,842,158,0.158,0.6074541656672955
714,857,143,0.143,0.6035483095049858
744,872,128,0.128,0.6010040753412925
702,851,149,0.149,0.6078413413167
766,883,117,0.117,0.6075957071185112
800,900,100,0.1,0.6075494476556778
668,834,166,0.166,0.6122456894218922
740,870,130,0.13,0.6123873099982738
794,897,103,0.103,0.6076991976777953
754,877,123,0.123,0.59804757326875
790,895,105,0.105,0.5909808080792427
720,860,140,0.14,0.5590690126121044
790,895,105,0.105,0.5482891263067722
714,857,143,0.143,0.5192751048495993
750,875,125,0.125,0.5152315398156643
770,885,115,0.115,0.488922832518816
752,876,124,0.124,0.4872633219063282
766,883,117,0.117,0.46853274573385717
720,860,140,0.14,0.46713620736298617
736,868,132,0.132,0.44994348526000977
702,851,149,0.149,0.43773505868017676
790,895,105,0.105,0.41343263526260854
764,882,118,0.118,0.41340626638736966
776,888,112,0.112,0.39774789571762087
726,863,137,0.137,0.392819600045681
786,893,107,0.107,0.37658258554246277
740,870,130,0.13,0.37913862243294716
710,855,145,0.145,0.3698882779702544
826,913,87,0.087,0.35466195809841156
814,907,93,0.093,0.3488494738042355
832,916,84,0.084,0.3434336895223241
804,902,98,0.098,0.34300304400362075
744,872,128,0.128,0.34938670811057093
752,876,124,0.124,0.3590588208138943
774,887,113,0.113,0.3546187992095947
782,891,109,0.109,0.36810053676366805
728,864,136,0.136,0.37810584186017515
748,874,126,0.126,0.38481544584035876
786,893,107,0.107,0.38084191393852235
778,889,111,0.111,0.37032013466954233
756,878,122,0.122,0.35843752008676527
784,892,108,0.108,0.3306485104858875
726,863,137,0.137,0.32789993357658387
860,930,70,0.07,0.293546893954277
756,878,122,0.122,0.289523319914937
776,888,112,0.112,0.2802497630342841
742,871,129,0.129,0.284538289822638
796,898,102,0.102,0.2807217852771282
762,881,119,0.119,0.28585452073812484
806,903,97,0.097,0.2872110372930765
774,887,113,0.113,0.2898236606387461
758,879,121,0.121,0.2899578434042633
762,881,119,0.119,0.28759828464786097
682,841,159,0.159,0.284807510943172
814,907,93,0.093,0.27394011367857457
764,882,118,0.118,0.27627101293206213
782,891,109,0.109,0.27791684321151844
724,862,138,0.138,0.28325336104631427
836,918,82,0.082,0.27029351131618023
734,867,133,0.133,0.26664288355223836
780,890,110,0.11,0.26343022093176843
742,871,129,0.129,0.26621671102941036
736,868,132,0.132,0.270766752137994
724,862,138,0.138,0.2834341352842748
780,890,110,0.11,0.2810253250896931
768,884,116,0.116,0.29024072501063347
776,888,112,0.112,0.29373069481304265
740,870,130,0.13,0.28985885782539844
746,873,127,0.127,0.2890083321639272
764,882,118,0.118,0.27084399539232257
754,877,123,0.123,0.27056424130713
776,888,112,0.112,0.2608758673965931
812,906,94,0.094,0.2591365476846695
774,887,113,0.113,0.25820803935080766
782,891,109,0.109,0.2558043652586639
754,877,123,0.123,0.2595692427903414
726,863,137,0.137,0.26123589564301075
818,909,91,0.091,0.27083081091940403
740,870,130,0.13,0.28059116058051586
750,875,125,0.125,0.2933933848589659
788,894,106,0.106,0.29161635239422323
770,885,115,0.115,0.29853745728731157
770,885,115,0.115,0.29754270096823254
756,878,122,0.122,0.3079193676486611
688,844,156,0.156,0.3114658564175479
738,869,131,0.131,0.3287619581669569
790,895,105,0.105,0.3283856157064438
770,885,115,0.115,0.34515069106593727
728,864,136,0.136,0.347648762345314
694,847,153,0.153,0.36587699835002424
752,876,124,0.124,0.361800675407052
762,881,119,0.119,0.36533750760555267
774,887,113,0.113,0.36161965660005807
810,905,95,0.095,0.3493506747856736
782,891,109,0.109,0.35226496773958205
732,866,134,0.134,0.34386900062300263
772,886,114,0.114,0.34113204106799255
720,860,140,0.14,0.34567078122496603
768,884,116,0.116,0.3434768127202988
766,883,117,0.117,0.3533016899526119
770,885,115,0.115,0.3563310634940863
706,853,147,0.147,0.3643029071688652
774,887,113,0.113,0.3584908793121576
680,840,160,0.16,0.35831780705973504
718,859,141,0.141,0.35396482366323473
776,888,112,0.112,0.34096156130731103
724,862,138,0.138,0.3370597897171974
760,880,120,0.12,0.313024425573647
772,886,114,0.114,0.30383867675065995
736,868,132,0.132,0.28652424120903014
794,897,103,0.103,0.2761416368931532
694,847,153,0.153,0.2798008821159601
702,851,149,0.149,0.28204712696373463
754,877,123,0.123,0.28967104519158604
760,880,120,0.12,0.2905906001701951
802,901,99,0.099,0.2751613186335321
798,899,101,0.101,0.2625022472143173
786,893,107,0.107,0.24522208643052726
780,890,110,0.11,0.2312575058331713
710,855,145,0.145,0.2189501299718395
824,912,88,0.088,0.21221477913856507
794,897,103,0.103,0.22128927417844535
762,881,119,0.119,0.23675836646556855
756,878,122,0.122,0.2624756175428629
774,887,113,0.113,0.26992895744740963
742,871,129,0.129,0.2824998888373375
798,899,101,0.101,0.28948963431455194
758,879,121,0.121,0.30233919459581376
742,871,129,0.129,0.3064342750310898
722,861,139,0.139,0.30875978437066076
778,889,111,0.111,0.3050366427749395
692,846,154,0.154,0.31336086459457874
790,895,105,0.105,0.3088560819923878
746,873,127,0.127,0.31181425596028567
800,900,100,0.1,0.3094304714947939
774,887,113,0.113,0.3137886363118887
792,896,104,0.104,0.3116148681938648
772,886,114,0.114,0.3157100355774164
762,881,119,0.119,0.31462733124615627
808,904,96,0.096,0.31490744635788726
742,871,129,0.129,0.318820827037096
782,891,109,0.109,0.3184790057607463
796,898,102,0.102,0.32304556456767025
762,881,119,0.119,0.3315758983194828
764,882,118,0.118,0.3299527760869387
802,901,99,0.099,0.32415929146083
774,887,113,0.113,0.31990039691329003
780,890,110,0.11,0.3179653545171022
770,885,115,0.115,0.3125742599070072
722,861,139,0.139,0.3158842288851738
712,856,144,0.144,0.3252597160637379
720,860,140,0.14,0.3251189588084817
772,886,114,0.114,0.3159664177596569
830,915,85,0.085,0.30840415343642236
698,849,151,0.151,0.3055810182541609
772,886,114,0.114,0.29431627529859544
750,875,125,0.125,0.2842562299678102
734,867,133,0.133,0.2822260274589062
760,880,120,0.12,0.27995511386194266
758,879,121,0.121,0.27966111329311205
774,887,113,0.113,0.27466776795685294
782,891,109,0.109,0.2736494898498058
710,855,145,0.145,0.28221932404488326
674,837,163,0.163,0.2877004506289959
750,875,125,0.125,0.29745403546946547
746,873,127,0.127,0.30041911365972374
772,886,114,0.114,0.319635816693306
736,868,132,0.132,0.31951693493127825
764,882,118,0.118,0.3171429733335972
718,859,141,0.141,0.32147079849243165
742,871,129,0.129,0.3054077918544972
716,858,142,0.142,0.3032229823321104
748,874,126,0.126,0.27959840740263464
780,890,110,0.11,0.27756827588379385
778,889,111,0.111,0.2514789370447397
808,904,96,0.096,0.23519065931625666
776,888,112,0.112,0.23570291136205196
774,887,113,0.113,0.24109757426381112
752,876,124,0.124,0.22944843804091214
756,878,122,0.122,0.22807173669338227
724,862,138,0.138,0.23734355645254254
714,857,143,0.143,0.240680197943002
778,889,111,0.111,0.242496736317873
786,893,107,0.107,0.24969108361005782
782,891,109,0.109,0.24142746777832524
726,863,137,0.137,0.24155473379790782
796,898,102,0.102,0.22232168909653627
744,872,128,0.128,0.2476182069480419
808,904,96,0.096,0.2169016246739775
794,897,103,0.103,0.21757469621300699
736,868,132,0.132,0.22603792785853147
764,882,118,0.118,0.2328518224209547
708,854,146,0.146,0.26274357287585737
722,861,139,0.139,0.2642308181375265
730,865,135,0.135,0.28152943596243857
762,881,119,0.119,0.2832652743011713
772,886,114,0.114,0.29618443274497985
794,897,103,0.103,0.29755447517335415
702,851,149,0.149,0.3217859895389639
746,873,127,0.127,0.32465330384914914
700,850,150,0.15,0.36693541003018615
754,877,123,0.123,0.36620113387703895
744,872,128,0.128,0.39427315482590347
760,880,120,0.12,0.40730751731991766
792,896,104,0.104,0.4119601565962657
816,908,92,0.092,0.4092368840873241
720,860,140,0.14,0.41165336897224186
810,905,95,0.095,0.388459569722414
738,869,131,0.131,0.3765099004507065
766,883,117,0.117,0.37232471379637716
744,872,128,0.128,0.36321620672941207
768,884,116,0.116,0.35120834367728093
740,870,130,0.13,0.3494277029186487
744,872,128,0.128,0.345689112663269
748,874,126,0.126,0.34372946942597626
764,882,118,0.118,0.339019006729126
716,858,142,0.142,0.33461237856919773
728,864,136,0.136,0.3369748016819358
748,874,126,0.126,0.33417775385081766
694,847,153,0.153,0.3344295997193319
802,901,99,0.099,0.314515884116292
798,899,101,0.101,0.31441354235606195
794,897,103,0.103,0.30195729646086694
782,891,109,0.109,0.2686000685454346
744,872,128,0.128,0.25312488728947935
752,876,124,0.124,0.2506619285941124
808,904,96,0.096,0.2437822921425104
742,871,129,0.129,0.26147256516495987
758,879,121,0.121,0.26798782086535355
774,887,113,0.113,0.27049798087775706
742,871,129,0.129,0.2709101790487766
756,878,122,0.122,0.27109109465777875
810,905,95,0.095,0.26175758671807126
728,864,136,0.136,0.2627277248816099
758,879,121,0.121,0.25827089982060714
714,857,143,0.143,0.25622031138837337
792,896,104,0.104,0.2494654860943556
788,894,106,0.106,0.24857603468000888
754,877,123,0.123,0.24868557392060756
760,880,120,0.12,0.22435036977380515
776,888,112,0.112,0.21446547075361014
704,852,148,0.148,0.2152591498205188
772,886,114,0.114,0.20826075351238252
800,900,100,0.1,0.18778165021538734
806,903,97,0.097,0.17958844565413892
780,890,110,0.11,0.17448641973314807
806,903,97,0.097,0.16915200980752707
742,871,129,0.129,0.1562439188361168
812,906,94,0.094,0.1541411283388734
746,873,127,0.127,0.16530933461338282
806,903,97,0.097,0.16037787026166916
694,847,153,0.153,0.2000761101692915
756,878,122,0.122,0.19426890409365297
782,891,109,0.109,0.198274737611413
808,904,96,0.096,0.19875703679770232
740,870,130,0.13,0.22216135458648203
706,853,147,0.147,0.2236417262525938
754,877,123,0.123,0.22998546682298182
782,891,109,0.109,0.23026069317758083
762,881,119,0.119,0.24350446079671384
778,889,111,0.111,0.24161250013113023
752,876,124,0.124,0.2370452806634712
774,887,113,0.113,0.23540453400905245
730,865,135,0.135,0.2120038382858038
718,859,141,0.141,0.21559885870665313
784,892,108,0.108,0.20577940528374164
758,879,121,0.121,0.20994752780813725
712,856,144,0.144,0.20610405695650844
762,881,119,0.119,0.2080874236524105
752,876,124,0.124,0.1990120284408331
830,915,85,0.085,0.18922839432547334
760,880,120,0.12,0.16868500870466233
718,859,141,0.141,0.17224974021315576
748,874,126,0.126,0.16880711554685798
722,861,139,0.139,0.17504549822304397
740,870,130,0.13,0.17692305082437815
790,895,105,0.105,0.17502653935551643
830,915,85,0.085,0.169897722736001
716,858,142,0.142,0.17286726107448339
832,916,84,0.084,0.15583418636460555
748,874,126,0.126,0.1616976332389661
728,864,136,0.136,0.16164475832134484
752,876,124,0.124,0.16088573994010222
766,883,117,0.117,0.17051882052607834
774,887,113,0.113,0.17130718798935413
744,872,128,0.128,0.1757695842385292
796,898,102,0.102,0.178607999548316
768,884,116,0.116,0.19006286320090293
744,872,128,0.128,0.191075289927423
756,878,122,0.122,0.1889903202652931
792,896,104,0.104,0.18272022916644345
732,866,134,0.134,0.18858467192202807
810,905,95,0.095,0.1828013470172882
724,862,138,0.138,0.18848305637543672
750,875,125,0.125,0.18892781012009072
690,845,155,0.155,0.19601868147600907
780,890,110,0.11,0.18957500433921814
756,878,122,0.122,0.18856981236301362
830,915,85,0.085,0.177637732796371
752,876,124,0.124,0.15615090871334542
764,882,118,0.118,0.15360097688436508
778,889,111,0.111,0.15259146063029766
792,896,104,0.104,0.14824023362994193
790,895,105,0.105,0.15075726056098937
752,876,124,0.124,0.15260885611059988
850,925,75,0.075,0.14722997164726256
718,859,141,0.141,0.15712559028714895
790,895,105,0.105,0.1645323505178094
836,918,82,0.082,0.16374071193486453
704,852,148,0.148,0.16996431327611208
770,885,115,0.115,0.17323611030727626
768,884,116,0.116,0.20138907834887504
718,859,141,0.141,0.207667097017169
796,898,102,0.102,0.20622071802616118
726,863,137,0.137,0.22109304932177778
772,886,114,0.114,0.21295735054725082
758,879,121,0.121,0.2150007878318429
820,910,90,0.09,0.20576973605155946
758,879,121,0.121,0.2110635575056076
782,891,109,0.109,0.2065128909945488
744,872,128,0.128,0.20992236551642418
806,903,97,0.097,0.21167762266099452
808,904,96,0.096,0.21626189817488192
728,864,136,0.136,0.224079218827188
754,877,123,0.123,0.2265421194434166
724,862,138,0.138,0.23135305674094706
742,871,129,0.129,0.23065103991236538
774,887,113,0.113,0.2350043716430664
764,882,118,0.118,0.23327277643978594
818,909,91,0.091,0.22489014238119126
814,907,93,0.093,0.22452472329884768
812,906,94,0.094,0.20210071843862534
826,913,87,0.087,0.19623140636086464
770,885,115,0.115,0.19453018356859683
784,892,108,0.108,0.19469806320220231
798,899,101,0.101,0.20003435589373111
750,875,125,0.125,0.20679908449698997
786,893,107,0.107,0.21653142140060663
770,885,115,0.115,0.22418587233126164
754,877,123,0.123,0.24902806085348128
810,905,95,0.095,0.24556233961880208
782,891,109,0.109,0.2517199735569302
722,861,139,0.139,0.25526467986404894
790,895,105,0.105,0.23775698930025102
790,895,105,0.105,0.23191272291541098
760,880,120,0.12,0.22949851281940936
728,864,136,0.136,0.22747105399519205
720,860,140,0.14,0.23092797583341598
750,875,125,0.125,0.23618184678281479
764,882,118,0.118,0.23955340369045736
820,910,90,0.09,0.23410199788212777
758,879,121,0.121,0.24500238770246505
758,879,121,0.121,0.24768113759160043
748,874,126,0.126,0.25176077446341516
776,888,112,0.112,0.25092552798986434
740,870,130,0.13,0.269066328054294
762,881,119,0.119,0.2659750539213419
754,877,123,0.123,0.2668975412100554
724,862,138,0.138,0.2705249809071247
790,895,105,0.105,0.25526620794832705
820,910,90,0.09,0.24441637931764126
776,888,112,0.112,0.2360035307407379
806,903,97,0.097,0.23128004798293114
746,873,127,0.127,0.22624801978468895
666,833,167,0.167,0.2300723986023804
770,885,115,0.115,0.22129253266903107
830,915,85,0.085,0.21339327851682902
750,875,125,0.125,0.21610064463317394
786,893,107,0.107,0.20619369772076607
824,912,88,0.088,0.17782267317175865
760,880,120,0.12,0.1814664071649313
794,897,103,0.103,0.15516547118872404
880,940,60,0.06,0.1349947677180171
828,914,86,0.086,0.12366839132271706
778,889,111,0.111,0.1289742314890027
786,893,107,0.107,0.12985160300880672
746,873,127,0.127,0.1405227994248271
722,861,139,0.139,0.16331185262650252
726,863,137,0.137,0.16655764945596457
770,885,115,0.115,0.17209493371099233
740,870,130,0.13,0.17988184939627536
760,880,120,0.12,0.1745632061585784
830,915,85,0.085,0.16923861967936682
732,866,134,0.134,0.1663310717791319
738,869,131,0.131,0.1572095762938261
780,890,110,0.11,0.1297626947099343
742,871,129,0.129,0.1321382137686014
780,890,110,0.11,0.1257110543064773
768,884,116,0.116,0.12407041582465171
790,895,105,0.105,0.12249396096169948
792,896,104,0.104,0.12368860547989607
770,885,115,0.115,0.12421110361814498
844,922,78,0.078,0.1208961093723774
750,875,125,0.125,0.13880466448515655
702,851,149,0.149,0.14181520119763444
738,869,131,0.131,0.14428065186738967
734,867,133,0.133,0.14862237137556075
704,852,148,0.148,0.16936317405104637
744,872,128,0.128,0.16924610498547554
840,920,80,0.08,0.1595336734354496
732,866,134,0.134,0.1630276533588767
708,854,146,0.146,0.13445898969471454
798,899,101,0.101,0.12723489973694085
708,854,146,0.146,0.1303660999648273
704,852,148,0.148,0.13204760300356339
782,891,109,0.109,0.1232873262912035
778,889,111,0.111,0.12917535281181336
728,864,136,0.136,0.1300764105692506
796,898,102,0.102,0.12282700239121914
786,893,107,0.107,0.11142812298983336
782,891,109,0.109,0.11034277382493018
746,873,127,0.127,0.11357217156025581
772,886,114,0.114,0.10846608310565352
790,895,105,0.105,0.09239648525044322
710,855,145,0.145,0.09474961753562093
770,885,115,0.115,0.09183483289554716
832,916,84,0.084,0.08672028639912606
790,895,105,0.105,0.0883841696307063
770,885,115,0.115,0.08911258300766349
754,877,123,0.123,0.09115462834015489
702,851,149,0.149,0.0941349633597363
748,874,126,0.126,0.09046109891234665
788,894,106,0.106,0.08860761233558878
784,892,108,0.108,0.08835474527254701
828,914,86,0.086,0.0855985315629514
700,850,150,0.15,0.08602694777585566
774,887,113,0.113,0.08088247342361138
746,873,127,0.127,0.08266869661957028
750,875,125,0.125,0.08313502943021013
752,876,124,0.124,0.0991892273388803
736,868,132,0.132,0.10149728868529201
732,866,134,0.134,0.10606132417172194
724,862,138,0.138,0.10629595638439059
734,867,133,0.133,0.10140514879606781
768,884,116,0.116,0.0979469011798501
754,877,123,0.123,0.09493846177775413
772,886,114,0.114,0.0920825229845941
714,857,143,0.143,0.08752757823094726
778,889,111,0.111,0.08460371601032964
806,903,97,0.097,0.08507329151965677
780,890,110,0.11,0.0865152099430561
704,852,148,0.148,0.09418924011864692
774,887,113,0.113,0.09269219958782196
730,865,135,0.135,0.0957365803649709
756,878,122,0.122,0.09691994174011051
790,895,105,0.105,0.09929887236654758
726,863,137,0.137,0.10252360291033984
786,893,107,0.107,0.09785917715728283
806,903,97,0.097,0.09505990950390697
702,851,149,0.149,0.09632825982919895
766,883,117,0.117,0.09212269160710275
748,874,126,0.126,0.09347679313644766
806,903,97,0.097,0.08981303243339062
698,849,151,0.151,0.099892301046988
762,881,119,0.119,0.09802138616144657
786,893,107,0.107,0.09646803842484951
766,883,117,0.117,0.09591858427971602
806,903,97,0.097,0.08182996994955465
808,904,96,0.096,0.07751760042831302
806,903,97,0.097,0.07397759845852853
754,877,123,0.123,0.07247770075034352
724,862,138,0.138,0.07557909869402647
692,846,154,0.154,0.08337417634774465
734,867,133,0.133,0.08445969020947813
732,866,134,0.134,0.10024438853934407
762,881,119,0.119,0.10976353259384632
824,912,88,0.088,0.11401389969143688
770,885,115,0.115,0.11810432281345129
714,857,143,0.143,0.11855467440932989
754,877,123,0.123,0.10854496614634994
718,859,141,0.141,0.10295569579757285
784,892,108,0.108,0.09699378797411919
752,876,124,0.124,0.09662842455506325
776,888,112,0.112,0.09421038836240768
742,871,129,0.129,0.10043255254253747
840,920,80,0.08,0.09570082205226214
752,876,124,0.124,0.10709343434660697
746,873,127,0.127,0.11033231823891403
752,876,124,0.124,0.11868345303460956
784,892,108,0.108,0.11645305280387401
798,899,101,0.101,0.11648499129712582
762,881,119,0.119,0.11533601050369362
780,890,110,0.11,0.1060500926077366
822,911,89,0.089,0.10481705606742889
756,878,122,0.122,0.10637960662692865
784,892,108,0.108,0.10538101370632648
728,864,136,0.136,0.11627063915878534
756,878,122,0.122,0.1196290025189519
772,886,114,0.114,0.13742484824359416
810,905,95,0.095,0.13457052482810103
766,883,117,0.117,0.13811780682964575
814,907,93,0.093,0.1317524099126458
818,909,91,0.091,0.11296793028339744
830,915,85,0.085,0.10895432325825095
776,888,112,0.112,0.0995552420169115
814,907,93,0.093,0.09734748624637724
772,886,114,0.114,0.1048105253018439
840,920,80,0.08,0.10310973256104626
724,862,138,0.138,0.13560806323587896
766,883,117,0.117,0.1397203591912985
728,864,136,0.136,0.17680352330207824
704,852,148,0.148,0.17792955417418851
690,845,155,0.155,0.188378858178854
818,909,91,0.091,0.17915960840135814
772,886,114,0.114,0.1676719009578228
772,886,114,0.114,0.16321425967998987
862,931,69,0.069,0.13860736197978257
734,867,133,0.133,0.14146602229215205
730,865,135,0.135,0.13123371059447528
758,879,121,0.121,0.1325604777187109
760,880,120,0.12,0.1376180783689117
734,867,133,0.133,0.14332861528743523
796,898,102,0.102,0.15550729330361354
750,875,125,0.125,0.16264752843603492
814,907,93,0.093,0.159679774411954
802,901,99,0.099,0.16268093130737543
762,881,119,0.119,0.16030075303303146
696,848,152,0.152,0.1623762101246757
756,878,122,0.122,0.15120661118626594
858,929,71,0.071,0.14937978486716746
780,890,110,0.11,0.1563446365892887
780,890,110,0.11,0.15602977197617293
748,874,126,0.126,0.15859912283718586
770,885,115,0.115,0.1597878449037671
782,891,109,0.109,0.1633999868873507
748,874,126,0.126,0.17413342982251198
746,873,127,0.127,0.18737620371580124
766,883,117,0.117,0.19317813490703703
750,875,125,0.125,0.20364867318357574
742,871,129,0.129,0.2137355704754591
784,892,108,0.108,0.21224633629620077
798,899,101,0.101,0.20408223880827428
808,904,96,0.096,0.19954920599982143
816,908,92,0.092,0.18889605140686036
788,894,106,0.106,0.19012067185342313
772,886,114,0.114,0.18827190396189689
766,883,117,0.117,0.18578728580474854
780,890,110,0.11,0.18257474532723428
754,877,123,0.123,0.18390525142103434
770,885,115,0.115,0.18362417394667863
800,900,100,0.1,0.18307474296540022
732,866,134,0.134,0.18332840636684705
782,891,109,0.109,0.1786536298072897
776,888,112,0.112,0.17081027661263942
750,875,125,0.125,0.17378810470178724
724,862,138,0.138,0.15514756888197734
782,891,109,0.109,0.1470040702622012
818,909,91,0.091,0.13560533537715674
772,886,114,0.114,0.13829976066946983
774,887,113,0.113,0.12838204284012317
766,883,117,0.117,0.1269066114127636
772,886,114,0.114,0.12657714696857147
752,876,124,0.124,0.12467066747602075
752,876,124,0.124,0.1284048037752509
738,869,131,0.131,0.12759230467677116
756,878,122,0.122,0.13043844635039567
774,887,113,0.113,0.12852219408716337
762,881,119,0.119,0.12804433829989284
768,884,116,0.116,0.1280902236625552
788,894,106,0.106,0.12015053402632475
798,899,101,0.101,0.11944759584218263
788,894,106,0.106,0.11921963393766787
728,864,136,0.136,0.12199064532213379
794,897,103,0.103,0.1226015975549817
800,900,100,0.1,0.12124419028311968
786,893,107,0.107,0.13023273408412933
802,901,99,0.099,0.13046410401910544
778,889,111,0.111,0.13812387876957655
798,899,101,0.101,0.1394411996677518
720,860,140,0.14,0.15057749850675464
714,857,143,0.143,0.15306520374881932
776,888,112,0.112,0.15537533358484507
760,880,120,0.12,0.15854119920730592
772,886,114,0.114,0.15857300464063884
772,886,114,0.114,0.1608579731732607
748,874,126,0.126,0.1610163301229477
694,847,153,0.153,0.16243494399880948
814,907,93,0.093,0.1574556863307953
712,856,144,0.144,0.16610162065178155
720,860,140,0.14,0.16985233516991138
754,877,123,0.123,0.16961933594569564
778,889,111,0.111,0.1659411304667592
750,875,125,0.125,0.16729813387803733
654,827,173,0.173,0.17441330437362193
678,839,161,0.161,0.1711588285714388
710,855,145,0.145,0.16974513094872237
760,880,120,0.12,0.1706120538637042
736,868,132,0.132,0.17362577220884667
650,825,175,0.175,0.18612726704776286
680,840,160,0.16,0.1828918410539627
748,874,126,0.126,0.17248175930976867
808,904,96,0.096,0.16854823624558798
812,906,94,0.094,0.1479664354324341
846,923,77,0.077,0.14050907527655362
738,869,131,0.131,0.13262461137771606
750,875,125,0.125,0.1299089328951086
774,887,113,0.113,0.1288420200049877
720,860,140,0.14,0.13644663743674756
760,880,120,0.12,0.15299880913645028
748,874,126,0.126,0.15526027729756606
750,875,125,0.125,0.17769644463807344
762,881,119,0.119,0.18123657369194973
740,870,130,0.13,0.18992995677888394
730,865,135,0.135,0.19131487564556302
726,863,137,0.137,0.19910113176703453
724,862,138,0.138,0.1996785282560844
770,885,115,0.115,0.19665215714275838
744,872,128,0.128,0.197864591345191
792,896,104,0.104,0.18841105179674925
796,898,102,0.102,0.18718799936771394
768,884,116,0.116,0.18656588073074817
756,878,122,0.122,0.18755174073204398
814,907,93,0.093,0.18609308990836143
806,903,97,0.097,0.1892270550429821
770,885,115,0.115,0.19384494419395923
788,894,106,0.106,0.19343744605779647
714,857,143,0.143,0.20591719484329224
774,887,113,0.113,0.20797541969240785
714,857,143,0.143,0.22344669729471206
730,865,135,0.135,0.23504918405413627
728,864,136,0.136,0.25021422550082206
830,915,85,0.085,0.2426709646433592
800,900,100,0.1,0.24237824757397175
766,883,117,0.117,0.2361423291414976
736,868,132,0.132,0.213374555259943
764,882,118,0.118,0.20496380649972706
772,886,114,0.114,0.19750856816768647
776,888,112,0.112,0.1907094174027443
810,905,95,0.095,0.18641870157420634
728,864,136,0.136,0.1947339181602001
764,882,118,0.118,0.19907416659593583
714,857,143,0.143,0.2084942951053381
778,889,111,0.111,0.22144928193092348
740,870,130,0.13,0.22599968115985394
806,903,97,0.097,0.2348829328417778
806,903,97,0.097,0.23238069553673268
774,887,113,0.113,0.2285001848563552
748,874,126,0.126,0.22779524595290424
810,905,95,0.095,0.21849267683614743
738,869,131,0.131,0.23075798808038234
736,868,132,0.132,0.2630390471395804
734,867,133,0.133,0.2692925536632538
780,890,110,0.11,0.2869916969835758
742,871,129,0.129,0.3216911123432219
752,876,124,0.124,0.3362077556718659
740,870,130,0.13,0.34277923676371574
758,879,121,0.121,0.33256693826615813
764,882,118,0.118,0.33361644734442236
752,876,124,0.124,0.32998207974433896
728,864,136,0.136,0.330040575504303
802,901,99,0.099,0.32112076339125634
796,898,102,0.102,0.30889852483570573
780,890,110,0.11,0.2896307402253151
754,877,123,0.123,0.28966644690930843
778,889,111,0.111,0.2841816827133298
728,864,136,0.136,0.28205853316187857
770,885,115,0.115,0.28094141484797003
848,924,76,0.076,0.27790024115145207
714,857,143,0.143,0.2796886302148778
754,877,123,0.123,0.25713441459834574
762,881,119,0.119,0.23956970675083722
758,879,121,0.121,0.23932401518523694
782,891,109,0.109,0.23311998437345027
732,866,134,0.134,0.23824969030171633
762,881,119,0.119,0.24637525045871736
810,905,95,0.095,0.24018563827127218
784,892,108,0.108,0.24303820467740297
804,902,98,0.098,0.23188008944690228
768,884,116,0.116,0.23192168128490448
756,878,122,0.122,0.23466256818175316
724,862,138,0.138,0.23767182083427907
778,889,111,0.111,0.2436480882614851
790,895,105,0.105,0.24924240641482326
764,882,118,0.118,0.2536416621506214
