log_avg_ept_score,log_avg_succ_req,log_avg_blk_req,log_avg_BP_req,log_avg_entropy
2730,3365,635,0.15875,1.6080698353648186
2588,3294,706,0.1765,1.6079786532521247
2702,3351,649,0.16225,1.6080885057747365
2838,3419,581,0.14525,1.6080851955115796
2620,3310,690,0.1725,1.6076680864095687
2690,3345,655,0.16375,1.6072964811278525
2738,3369,631,0.15775,1.6079130760729312
2554,3277,723,0.18075,1.6075602037012577
2702,3351,649,0.16225,1.607591700911522
2786,3393,607,0.15175,1.6076257394850253
2648,3324,676,0.169,1.607521050155163
2732,3366,634,0.1585,1.607564333409071
2734,3367,633,0.15825,1.6069453185796738
2812,3406,594,0.1485,1.6071798419952392
2642,3321,679,0.16975,1.607066223204136
2652,3326,674,0.1685,1.6068004742562771
2632,3316,684,0.171,1.6065666442513467
2660,3330,670,0.1675,1.606212680287659
2796,3398,602,0.1505,1.6063375178873538
2700,3350,650,0.1625,1.6066565766334533
2596,3298,702,0.1755,1.606027785152197
2624,3312,688,0.172,1.60414736007154
2682,3341,659,0.16475,1.6057999319434166
2598,3299,701,0.17525,1.6042591067684115
2748,3374,626,0.1565,1.6024847257776418
2700,3350,650,0.1625,1.6042175579220057
2740,3370,630,0.1575,1.603746701464057
2642,3321,679,0.16975,1.6032795347027058
2674,3337,663,0.16575,1.6006601402014493
2630,3315,685,0.17125,1.60022191901505
2736,3368,632,0.158,1.600568582375221
2684,3342,658,0.1645,1.5968705353848636
2748,3374,626,0.1565,1.5919176901087313
2714,3357,643,0.16075,1.5887424853980459
2666,3333,667,0.16675,1.5883129443875914
2726,3363,637,0.15925,1.5899686272144318
2764,3382,618,0.1545,1.5679240828109906
2874,3437,563,0.14075,1.566312641226435
2822,3411,589,0.14725,1.5594946129190648
2760,3380,620,0.155,1.560905756728258
2802,3401,599,0.14975,1.5080763368163157
2782,3391,609,0.15225,1.5020072659012422
2798,3399,601,0.15025,1.4973993126360583
2744,3372,628,0.157,1.4928896737266333
2810,3405,595,0.14875,1.3672362938873583
2720,3360,640,0.16,1.3655606212043203
2816,3408,592,0.148,1.3487377863898873
2844,3422,578,0.1445,1.3371531327181219
2856,3428,572,0.143,1.1575293638948352
2732,3366,634,0.1585,1.1542128469718107
2878,3439,561,0.14025,1.1355877454213514
2922,3461,539,0.13475,1.1262164926910774
2864,3432,568,0.142,1.0424146843466442
2872,3436,564,0.141,1.0427914755188976
2918,3459,541,0.13525,1.036237656384067
2862,3431,569,0.14225,1.0458958361819386
2946,3473,527,0.13175,1.0653177395632374
2848,3424,576,0.144,1.0672557950615882
2920,3460,540,0.135,1.0614275265724864
2736,3368,632,0.158,1.0627855179011823
2932,3466,534,0.1335,1.0853863768981682
2866,3433,567,0.14175,1.0832530729612335
2818,3409,591,0.14775,1.0904864921799073
2790,3395,605,0.15125,1.0959552162177861
2850,3425,575,0.14375,1.055838824084541
2782,3391,609,0.15225,1.0586235666826833
2810,3405,595,0.14875,1.0531387814566842
2702,3351,649,0.16225,1.0563494491556193
2796,3398,602,0.1505,0.989700492978096
2800,3400,600,0.15,0.9854118090173745
2818,3409,591,0.14775,0.9812122508125048
2738,3369,631,0.15775,0.975860674886324
2806,3403,597,0.14925,0.9048216563817114
2870,3435,565,0.14125,0.9085910006430349
2866,3433,567,0.14175,0.9039529204610736
2890,3445,555,0.13875,0.899389402007917
2688,3344,656,0.164,0.8741670301728882
2690,3345,655,0.16375,0.8699058577597316
2744,3372,628,0.157,0.8757573378942907
2866,3433,567,0.14175,0.8697469019144773
2560,3280,720,0.18,0.9073351349234581
2852,3426,574,0.1435,0.8916386820236221
2734,3367,633,0.15825,0.9067516105050067
2726,3363,637,0.15925,0.9069176329448819
2830,3415,585,0.14625,0.9471211648061871
2804,3402,598,0.1495,0.94946133621622
2674,3337,663,0.16575,0.9593258692733944
2916,3458,542,0.1355,0.9498294835123233
2704,3352,648,0.162,0.9607104839086532
2706,3353,647,0.16175,0.9579176292940974
2776,3388,612,0.153,0.9554243471613154
2730,3365,635,0.15875,0.9545085928753179
2924,3462,538,0.1345,0.930200289409142
2880,3440,560,0.14,0.9342412883490324
2780,3390,610,0.1525,0.9370982896387577
2882,3441,559,0.13975,0.9290918790176511
2880,3440,560,0.14,0.9253225945234299
2864,3432,568,0.142,0.9290006941370667
2812,3406,594,0.1485,0.9301325266510249
2792,3396,604,0.151,0.933224874407053
2862,3431,569,0.14225,0.9506478711739182
2888,3444,556,0.139,0.9518591223657131
2828,3414,586,0.1465,0.9583748932629824
2888,3444,556,0.139,0.9621432331071701
2790,3395,605,0.15125,0.9902591782882809
2870,3435,565,0.14125,0.9896586904861033
2716,3358,642,0.1605,1.000658759266138
2840,3420,580,0.145,0.9989236167669296
2772,3386,614,0.1535,1.0045524325519801
2754,3377,623,0.15575,0.9961022915989161
2852,3426,574,0.1435,0.9988824596852064
2892,3446,554,0.1385,0.9979586477093398
2880,3440,560,0.14,0.9882491601705551
2726,3363,637,0.15925,0.9888646337608806
2840,3420,580,0.145,0.9906076206006109
2854,3427,573,0.14325,0.9896221628785133
2876,3438,562,0.1405,1.0047554581612348
2730,3365,635,0.15875,1.0079084422290325
2754,3377,623,0.15575,1.0104960998892785
2772,3386,614,0.1535,1.0092820488065481
2890,3445,555,0.13875,1.0366262765824794
2834,3417,583,0.14575,1.0360945654287934
2884,3442,558,0.1395,1.038364573396131
2834,3417,583,0.14575,1.0396129432320595
2902,3451,549,0.13725,1.0398846917897462
2844,3422,578,0.1445,1.0399497721642257
2892,3446,554,0.1385,1.0342622046805918
2916,3458,542,0.1355,1.0340609529167413
2862,3431,569,0.14225,1.0156903079599142
2844,3422,578,0.1445,1.0134104429930448
2880,3440,560,0.14,1.009632563831473
2904,3452,548,0.137,1.0067514123246073
2900,3450,550,0.1375,1.0071621016934513
2848,3424,576,0.144,1.0073589776605367
2878,3439,561,0.14025,1.0060077561736107
2918,3459,541,0.13525,1.0090761199072003
2906,3453,547,0.13675,1.0209193674474955
2912,3456,544,0.136,1.0225483176857233
2888,3444,556,0.139,1.0228599190562964
2982,3491,509,0.12725,1.0233574781473727
2762,3381,619,0.15475,1.021455675035715
2996,3498,502,0.1255,1.0140074318945407
2914,3457,543,0.13575,1.0126830614805222
2930,3465,535,0.13375,1.0106647410616278
2802,3401,599,0.14975,0.9855448736995459
2926,3463,537,0.13425,0.9795806305955266
2884,3442,558,0.1395,0.9789767223522067
2838,3419,581,0.14525,0.9773917824029923
2958,3479,521,0.13025,0.9806052918583155
2886,3443,557,0.13925,0.9814886426627636
2832,3416,584,0.146,0.9854080843627453
2842,3421,579,0.14475,0.9864831070452929
2780,3390,610,0.1525,1.0031336009316147
2992,3496,504,0.126,0.9984603063166142
2986,3493,507,0.12675,0.9969475603401661
2730,3365,635,0.15875,1.0038911476992072
2892,3446,554,0.1385,0.9740633870598238
2968,3484,516,0.129,0.9644988766964359
2868,3434,566,0.1415,0.9626051811203361
2902,3451,549,0.13725,0.9615481969118118
2938,3469,531,0.13275,0.9184266499131918
2842,3421,579,0.14475,0.9125958517976105
3054,3527,473,0.11825,0.911677579857409
2866,3433,567,0.14175,0.9103526121526957
2882,3441,559,0.13975,0.9070006073564291
2998,3499,501,0.12525,0.9035294957011938
2984,3492,508,0.127,0.9002087111324072
2852,3426,574,0.1435,0.9105248218104244
3068,3534,466,0.1165,0.8946314507424832
2922,3461,539,0.13475,0.897432612001896
3016,3508,492,0.123,0.8856411642581224
2974,3487,513,0.12825,0.8867855878174304
2918,3459,541,0.13525,0.8369041458815336
2972,3486,514,0.1285,0.8344079209119082
3030,3515,485,0.12125,0.8231912270541935
2920,3460,540,0.135,0.8253781441226602
3044,3522,478,0.1195,0.7963569860961288
2974,3487,513,0.12825,0.8027440223246812
3004,3502,498,0.1245,0.7936487895339159
3130,3565,435,0.10875,0.7977387723773718
2848,3424,576,0.144,0.8007323428699746
3036,3518,482,0.1205,0.7956611944231554
2888,3444,556,0.139,0.7993798761833459
2934,3467,533,0.13325,0.7988340748250484
2950,3475,525,0.13125,0.7924805721975863
2846,3423,577,0.14425,0.7907518530935049
2926,3463,537,0.13425,0.7899513018110156
2882,3441,559,0.13975,0.7919563246518373
2942,3471,529,0.13225,0.7764903176873922
2882,3441,559,0.13975,0.7742403279393911
2970,3485,515,0.12875,0.7647605711519718
2852,3426,574,0.1435,0.7718865251839161
2980,3490,510,0.1275,0.7385193434730172
3056,3528,472,0.118,0.7365548290424049
3008,3504,496,0.124,0.7281882448711112
2874,3437,563,0.14075,0.7393047739118338
2964,3482,518,0.1295,0.7199898961593862
2926,3463,537,0.13425,0.7243486609129092
3128,3564,436,0.109,0.7116929462703411
3000,3500,500,0.125,0.7212681426970957
3042,3521,479,0.11975,0.7308413714170456
2874,3437,563,0.14075,0.7440488355904817
3084,3542,458,0.1145,0.7327830725312233
2872,3436,564,0.141,0.7434806619277224
2930,3465,535,0.13375,0.7513252201840396
3004,3502,498,0.1245,0.7458929423317313
2854,3427,573,0.14325,0.745016393750906
3110,3555,445,0.11125,0.7410933002373203
3066,3533,467,0.11675,0.7144844653988257
2842,3421,579,0.14475,0.7314039479284329
3040,3520,480,0.12,0.7151396936029196
2910,3455,545,0.13625,0.7171854485813874
2934,3467,533,0.13325,0.7082304698079824
3030,3515,485,0.12125,0.7089028966128826
2948,3474,526,0.1315,0.7155030272759293
2988,3494,506,0.1265,0.7120156475882977
2822,3411,589,0.14725,0.732789185628295
2880,3440,560,0.14,0.7333208601176738
2946,3473,527,0.13175,0.7332677144706249
2914,3457,543,0.13575,0.746781659066677
2900,3450,550,0.1375,0.7310425771698356
3044,3522,478,0.1195,0.7239949202537537
2890,3445,555,0.13875,0.7231358061805367
3026,3513,487,0.12175,0.7063099659824511
2904,3452,548,0.137,0.6761339598372579
3018,3509,491,0.12275,0.6658678083568812
3022,3511,489,0.12225,0.6604326097965241
3062,3531,469,0.11725,0.6593489982038736
3032,3516,484,0.121,0.6579110890869051
3014,3507,493,0.12325,0.6583231712147485
2998,3499,501,0.12525,0.6593881369436424
2996,3498,502,0.1255,0.6635150080630847
2992,3496,504,0.126,0.6710165179558099
3050,3525,475,0.11875,0.6683317593187094
2952,3476,524,0.131,0.6653613180667162
3060,3530,470,0.1175,0.6638136820569634
3120,3560,440,0.11,0.6443314769341377
3006,3503,497,0.12425,0.641554120503366
3006,3503,497,0.12425,0.6455136071126908
2998,3499,501,0.12525,0.6412312471270561
2876,3438,562,0.1405,0.6447055864709409
2928,3464,536,0.134,0.640840074442327
3004,3502,498,0.1245,0.6369134645108133
3032,3516,484,0.121,0.6329667257368564
3016,3508,492,0.123,0.6394046114247758
2924,3462,538,0.1345,0.6422081275209784
2902,3451,549,0.13725,0.6435876956162975
2928,3464,536,0.134,0.6443581305667758
2936,3468,532,0.133,0.643982499890495
3072,3536,464,0.116,0.638224291303195
3066,3533,467,0.11675,0.6302376191616058
2970,3485,515,0.12875,0.6318103386163711
3030,3515,485,0.12125,0.5947215256460622
2940,3470,530,0.1325,0.59841795501858
3068,3534,466,0.1165,0.5840085859000683
2946,3473,527,0.13175,0.5945057770404965
2894,3447,553,0.13825,0.6025344654312357
3116,3558,442,0.1105,0.6021390374992043
2926,3463,537,0.13425,0.6130123626813293
3066,3533,467,0.11675,0.6163991279378533
3014,3507,493,0.12325,0.6362354929894208
3038,3519,481,0.12025,0.6314987116679549
2928,3464,536,0.134,0.6373909698352218
2976,3488,512,0.128,0.6372626097500325
2912,3456,544,0.136,0.613080216204291
2922,3461,539,0.13475,0.6019310551285744
2904,3452,548,0.137,0.599061453204602
2900,3450,550,0.1375,0.6024976978376507
2992,3496,504,0.126,0.5980211011958309
2992,3496,504,0.126,0.5990246468707919
2932,3466,534,0.1335,0.6077098596385913
3054,3527,473,0.11825,0.6061737542375922
3022,3511,489,0.12225,0.6302643365040421
3090,3545,455,0.11375,0.6263202146068215
2928,3464,536,0.134,0.6382577988002449
2946,3473,527,0.13175,0.634305492259562
2934,3467,533,0.13325,0.6365682282485068
2910,3455,545,0.13625,0.634202346727252
3006,3503,497,0.12425,0.6300394855579361
2962,3481,519,0.12975,0.6270368550345302
2988,3494,506,0.1265,0.6162394211567007
3070,3535,465,0.11625,0.6080452229082585
3054,3527,473,0.11825,0.609614163197577
3066,3533,467,0.11675,0.6037081600743314
3044,3522,478,0.1195,0.585405584493652
2948,3474,526,0.1315,0.5868746766634285
3018,3509,491,0.12275,0.5869424141021445
2998,3499,501,0.12525,0.5832655453467741
3006,3503,497,0.12425,0.593092002422198
2998,3499,501,0.12525,0.5929154404777291
2948,3474,526,0.1315,0.5960426210564237
3096,3548,452,0.113,0.5895220785960555
2924,3462,538,0.1345,0.5953736272230744
3036,3518,482,0.1205,0.5782093169391155
3092,3546,454,0.1135,0.5754370763748884
3020,3510,490,0.1225,0.5687943429723382
3086,3543,457,0.11425,0.5316298876004294
3006,3503,497,0.12425,0.5295878526728302
3028,3514,486,0.1215,0.5264584644064307
3056,3528,472,0.118,0.5231333049014211
3080,3540,460,0.115,0.5300259002596139
2948,3474,526,0.1315,0.5467972209851566
3040,3520,480,0.12,0.5426842061728239
3092,3546,454,0.1135,0.5395897797278341
3060,3530,470,0.1175,0.5517961154819931
2954,3477,523,0.13075,0.5548404551446438
2950,3475,525,0.13125,0.5478449173346162
3026,3513,487,0.12175,0.5439849122688174
3110,3555,445,0.11125,0.521696081481874
2954,3477,523,0.13075,0.5209266686737537
3150,3575,425,0.10625,0.5039445585757494
3004,3502,498,0.1245,0.5000477103590966
2990,3495,505,0.12625,0.48830864480184394
3162,3581,419,0.10475,0.4848266148720868
2952,3476,524,0.131,0.4930240624342641
2948,3474,526,0.1315,0.4956352603137493
2946,3473,527,0.13175,0.5190653125699609
2918,3459,541,0.13525,0.5354923890108767
3078,3539,461,0.11525,0.5233556821886596
2974,3487,513,0.12825,0.5304788960367441
2962,3481,519,0.12975,0.5313436952569609
3084,3542,458,0.1145,0.515273488163948
2998,3499,501,0.12525,0.5126268715038895
3082,3541,459,0.11475,0.5059408173356206
3024,3512,488,0.122,0.4733329188900534
2982,3491,509,0.12725,0.4561606983616948
2960,3480,520,0.13,0.45348991214111445
2942,3471,529,0.13225,0.4530715579837561
3040,3520,480,0.12,0.45093801168724895
3078,3539,461,0.11525,0.45935391855519264
2936,3468,532,0.133,0.4656426021976076
2962,3481,519,0.12975,0.46933085373416544
3096,3548,452,0.113,0.47396474747857975
3036,3518,482,0.1205,0.4670779071301222
3084,3542,458,0.1145,0.4673579483944923
3070,3535,465,0.11625,0.46502944605425
3038,3519,481,0.12025,0.43408878822624686
3030,3515,485,0.12125,0.4139839409664273
3108,3554,446,0.1115,0.4062429460994899
2872,3436,564,0.141,0.41544390779698537
2956,3478,522,0.1305,0.4142253556251526
2944,3472,528,0.132,0.42280823294687436
3018,3509,491,0.12275,0.4155948568880558
2982,3491,509,0.12725,0.4303697929363698
3004,3502,498,0.1245,0.44721626987308266
2986,3493,507,0.12675,0.47412079902738336
3050,3525,475,0.11875,0.47016496751457454
2964,3482,518,0.1295,0.4825635138452053
3040,3520,480,0.12,0.4714417581878742
3078,3539,461,0.11525,0.4511860090568662
2992,3496,504,0.126,0.448140264889691
2890,3445,555,0.13875,0.4509983166055754
3058,3529,471,0.11775,0.4216974103482498
3174,3587,413,0.10325,0.4061758408024907
3054,3527,473,0.11825,0.4112452366128564
3102,3551,449,0.11225,0.4166858394853771
2968,3484,516,0.129,0.439377181121301
3132,3566,434,0.1085,0.4384513049272912
3038,3519,481,0.12025,0.4507930153384805
3010,3505,495,0.12375,0.46241235595196484
3072,3536,464,0.116,0.4766921164095402
2912,3456,544,0.136,0.4795338826328516
3134,3567,433,0.10825,0.46945569365666034
3072,3536,464,0.116,0.4686286219060421
3052,3526,474,0.1185,0.44402216595318167
3028,3514,486,0.1215,0.4277522941529751
3002,3501,499,0.12475,0.4261657663732767
3044,3522,478,0.1195,0.4208109510987997
3006,3503,497,0.12425,0.41439290464669465
3080,3540,460,0.115,0.4186808983311057
3042,3521,479,0.11975,0.41989696587109937
3164,3582,418,0.1045,0.41596673649549687
3078,3539,461,0.11525,0.42302873931825163
3094,3547,453,0.11325,0.4164231272265315
3044,3522,478,0.1195,0.41555088882522434
2958,3479,521,0.13025,0.41580357202142476
3048,3524,476,0.119,0.3920173876956105
3098,3549,451,0.11275,0.37458294509723783
3008,3504,496,0.124,0.37996703034173696
3040,3520,480,0.12,0.38000368835777043
3076,3538,462,0.1155,0.3703400371821014
3084,3542,458,0.1145,0.36441307988634797
3124,3562,438,0.1095,0.3644946234561503
3050,3525,475,0.11875,0.3683045159978501
3032,3516,484,0.121,0.36749933825433256
3108,3554,446,0.1115,0.3708274355906469
3204,3602,398,0.0995,0.36821369802951814
3116,3558,442,0.1105,0.3676547773288421
3080,3540,460,0.115,0.3607758445441723
2980,3490,510,0.1275,0.36097603511437776
3000,3500,500,0.125,0.355732487551868
2906,3453,547,0.13675,0.3612418591176138
3050,3525,475,0.11875,0.37066872279001756
3000,3500,500,0.125,0.3757645445423391
2922,3461,539,0.13475,0.38242239646459303
3086,3543,457,0.11425,0.38047906753601274
2954,3477,523,0.13075,0.3870666549652815
3076,3538,462,0.1155,0.37784967836691746
3080,3540,460,0.115,0.3769549360200763
3026,3513,487,0.12175,0.373892637912184
3092,3546,454,0.1135,0.34838267286494373
3024,3512,488,0.122,0.33974200616776945
2950,3475,525,0.13125,0.34315902698412537
3142,3571,429,0.10725,0.3294737287014723
2978,3489,511,0.12775,0.33629140618443487
3084,3542,458,0.1145,0.3409494800083339
2922,3461,539,0.13475,0.3526503976620734
2958,3479,521,0.13025,0.3454738223962486
2956,3478,522,0.1305,0.37296647166088226
2936,3468,532,0.133,0.383942477196455
3000,3500,500,0.125,0.39194763911455305
3028,3514,486,0.1215,0.3877346960380673
3026,3513,487,0.12175,0.3873014426194131
2950,3475,525,0.13125,0.3826341779807808
3016,3508,492,0.123,0.374973175512976
2958,3479,521,0.13025,0.3716162215024233
3096,3548,452,0.113,0.33262537825852634
2926,3463,537,0.13425,0.3227910976950079
3138,3569,431,0.10775,0.3147112386710942
2920,3460,540,0.135,0.31782666581462116
3042,3521,479,0.11975,0.3163297837272403
3006,3503,497,0.12425,0.33225194721110163
3004,3502,498,0.1245,0.33269838088286635
3098,3549,451,0.11275,0.3351841744085541
3012,3506,494,0.1235,0.3601013906475486
2954,3477,523,0.13075,0.3632954838964215
3080,3540,460,0.115,0.3562658496387303
2996,3498,502,0.1255,0.35665458943136036
3002,3501,499,0.12475,0.3299884741636924
3050,3525,475,0.11875,0.31083524818345903
2888,3444,556,0.139,0.311467705591632
2958,3479,521,0.13025,0.30809268106590026
3070,3535,465,0.11625,0.2976034601499996
3042,3521,479,0.11975,0.30740171420427215
2974,3487,513,0.12825,0.31602947848290636
3042,3521,479,0.11975,0.3199822008572519
2864,3432,568,0.142,0.3434603229430504
3034,3517,483,0.12075,0.35023076945357023
3028,3514,486,0.1215,0.34988039688300343
2986,3493,507,0.12675,0.3534874466148366
2996,3498,502,0.1255,0.34549625985696913
3020,3510,490,0.1225,0.3277352454867214
3024,3512,488,0.122,0.3266228903811425
3088,3544,456,0.114,0.318504352170974
3054,3527,473,0.11825,0.30191058871150017
3026,3513,487,0.12175,0.2901405142731965
2962,3481,519,0.12975,0.29102179064229133
3078,3539,461,0.11525,0.288379363656044
3082,3541,459,0.11475,0.30354827510984617
3014,3507,493,0.12325,0.3210908361413532
3026,3513,487,0.12175,0.3264331839475781
3060,3530,470,0.1175,0.3230572547018528
3076,3538,462,0.1155,0.3288733940050006
3050,3525,475,0.11875,0.3141985958259246
3012,3506,494,0.1235,0.3161740199001506
2902,3451,549,0.13725,0.311750989055261
2998,3499,501,0.12525,0.29434866704616436
2968,3484,516,0.129,0.2961521923989058
3118,3559,441,0.11025,0.2868731613930518
3036,3518,482,0.1205,0.2903507184619084
2992,3496,504,0.126,0.29100501855267796
3020,3510,490,0.1225,0.3012445221775364
3112,3556,444,0.111,0.2938900804149707
2998,3499,501,0.12525,0.3000430445756065
2960,3480,520,0.13,0.29994204273237846
3072,3536,464,0.116,0.29265606322628446
3102,3551,449,0.11225,0.285618352999455
3126,3563,437,0.10925,0.28769462154241043
3110,3555,445,0.11125,0.2760025628991425
3052,3526,474,0.1185,0.27411575024574997
2972,3486,514,0.1285,0.2761103501832113
3098,3549,451,0.11275,0.2732508400584775
3172,3586,414,0.1035,0.28199794894084335
2968,3484,516,0.129,0.3014854093771428
3024,3512,488,0.122,0.30573620619624853
2926,3463,537,0.13425,0.31113322159427936
3058,3529,471,0.11775,0.31732076149061367
2924,3462,538,0.1345,0.3246324424110353
3082,3541,459,0.11475,0.31699019701786163
3076,3538,462,0.1155,0.3083130388110876
2992,3496,504,0.126,0.2939972652569413
3050,3525,475,0.11875,0.27662575331330297
3052,3526,474,0.1185,0.27738375892629846
3060,3530,470,0.1175,0.2723617534247601
2940,3470,530,0.1325,0.26975945126741774
2980,3490,510,0.1275,0.27806545166508295
3068,3534,466,0.1165,0.27097923037603233
3208,3604,396,0.099,0.2689171111918986
3108,3554,446,0.1115,0.28491908938158306
3088,3544,456,0.114,0.29444663251936437
2988,3494,506,0.1265,0.2973067167707486
3156,3578,422,0.1055,0.2940257918750867
3164,3582,418,0.1045,0.2894940833877772
2994,3497,503,0.12575,0.2826357029154897
3042,3521,479,0.11975,0.27863400930166243
2942,3471,529,0.13225,0.2738775609135628
2998,3499,501,0.12525,0.26604730532690885
3060,3530,470,0.1175,0.2554744351169612
2952,3476,524,0.131,0.2612441999558359
3056,3528,472,0.118,0.25746112920468206
2898,3449,551,0.13775,0.2733333181533843
2932,3466,534,0.1335,0.2896983830370009
3016,3508,492,0.123,0.2879677835255861
3040,3520,480,0.12,0.29181472560949623
3096,3548,452,0.113,0.2989604520313442
3012,3506,494,0.1235,0.2912328167632222
3166,3583,417,0.10425,0.2807199862897396
3048,3524,476,0.119,0.27789574197307226
2946,3473,527,0.13175,0.2616840637607516
3054,3527,473,0.11825,0.23622642464004456
3132,3566,434,0.1085,0.22667132785916327
3082,3541,459,0.11475,0.2287223127214238
2986,3493,507,0.12675,0.23519710858352483
3068,3534,466,0.1165,0.25567351440910363
3130,3565,435,0.10875,0.2553623581305146
3078,3539,461,0.11525,0.26557749712467194
3070,3535,465,0.11625,0.29472133522108196
3046,3523,477,0.11925,0.31366457115385854
3022,3511,489,0.12225,0.31302605229073116
2982,3491,509,0.12725,0.31129320146515965
3152,3576,424,0.106,0.2983797115013003
3092,3546,454,0.1135,0.2846922256844118
3050,3525,475,0.11875,0.278363099116832
2944,3472,528,0.132,0.27996250197663913
3044,3522,478,0.1195,0.25852924228654955
3016,3508,492,0.123,0.25739582719681753
3122,3561,439,0.10975,0.25491541433148085
3214,3607,393,0.09825,0.25509320420026776
3022,3511,489,0.12225,0.27230743480846287
3062,3531,469,0.11725,0.27849051121094087
3104,3552,448,0.112,0.27439867121726275
3094,3547,453,0.11325,0.2836507676709443
3042,3521,479,0.11975,0.29301725719310345
3064,3532,468,0.117,0.2851583366841078
3088,3544,456,0.114,0.2818762310966849
3022,3511,489,0.12225,0.28771351370960474
3062,3531,469,0.11725,0.2756035901985015
3032,3516,484,0.121,0.28032822388107886
3104,3552,448,0.112,0.27556966479779615
2944,3472,528,0.132,0.2753642922602594
3072,3536,464,0.116,0.282901590757072
3052,3526,474,0.1185,0.293545147795808
2938,3469,531,0.13275,0.3002109718024731
3008,3504,496,0.124,0.30186219275556503
3102,3551,449,0.11225,0.30548653745651244
3074,3537,463,0.11575,0.31153224729791124
3052,3526,474,0.1185,0.3126755214189179
3118,3559,441,0.11025,0.3083612195355643
2996,3498,502,0.1255,0.2958998615797318
2996,3498,502,0.1255,0.28268146497537416
2980,3490,510,0.1275,0.2865727508679321
2978,3489,511,0.12775,0.28426777270159803
3172,3586,414,0.1035,0.2768256889893673
3016,3508,492,0.123,0.28174828656949386
3126,3563,437,0.10925,0.2819820190146565
3036,3518,482,0.1205,0.28201908893240035
3012,3506,494,0.1235,0.2855601126737893
3038,3519,481,0.12025,0.290904245013895
2998,3499,501,0.12525,0.2922333429530263
3058,3529,471,0.11775,0.28930553480237725
3060,3530,470,0.1175,0.28893215636856623
2972,3486,514,0.1285,0.28917052986472846
2914,3457,543,0.13575,0.29182164636319397
3022,3511,489,0.12225,0.2845077202923394
3064,3532,468,0.117,0.28139197681844236
2920,3460,540,0.135,0.2799589702330699
2932,3466,534,0.1335,0.2811480358093977
3148,3574,426,0.1065,0.2696060041527249
3106,3553,447,0.11175,0.27399828044697644
2952,3476,524,0.131,0.27962126955762506
3004,3502,498,0.1245,0.27924253583699465
3036,3518,482,0.1205,0.27269774105818945
3098,3549,451,0.11275,0.2732988743869355
2912,3456,544,0.136,0.2835719266943634
3040,3520,480,0.12,0.28178465450182555
3104,3552,448,0.112,0.2733100724592805
2954,3477,523,0.13075,0.2796635800418444
3152,3576,424,0.106,0.26807436261140005
3124,3562,438,0.1095,0.2702425246133935
3116,3558,442,0.1105,0.26259822824213186
3036,3518,482,0.1205,0.2522717826589942
2940,3470,530,0.1325,0.2452316253585741
3066,3533,467,0.11675,0.24065802339452785
3156,3578,422,0.1055,0.2326830704808235
2950,3475,525,0.13125,0.25079526302963495
2936,3468,532,0.133,0.2718976416415826
2958,3479,521,0.13025,0.2711212877514836
3072,3536,464,0.116,0.2638938402626518
3024,3512,488,0.122,0.28482504289376265
3138,3569,431,0.10775,0.2767769650844857
2990,3495,505,0.12625,0.27931710693612694
2968,3484,516,0.129,0.2751222729236451
2920,3460,540,0.135,0.25963201756117404
3088,3544,456,0.114,0.23473314971476794
3140,3570,430,0.1075,0.2265886139482027
2938,3469,531,0.13275,0.23159760900102264
3094,3547,453,0.11325,0.21794510623440147
2950,3475,525,0.13125,0.23162874239419398
3074,3537,463,0.11575,0.22811465205997228
3060,3530,470,0.1175,0.23524665203876793
3086,3543,457,0.11425,0.2541948900427669
3050,3525,475,0.11875,0.274592053193599
2872,3436,564,0.141,0.28108920324640346
2948,3474,526,0.1315,0.28282456139847634
3184,3592,408,0.102,0.27794892543926836
3062,3531,469,0.11725,0.2677827960884897
3070,3535,465,0.11625,0.2593653202056885
3152,3576,424,0.106,0.25792666561529043
3074,3537,463,0.11575,0.2327621503168037
2958,3479,521,0.13025,0.21652830226867992
3006,3503,497,0.12425,0.20901126491837205
2950,3475,525,0.13125,0.2118091919645667
3158,3579,421,0.10525,0.21006143523249857
2976,3488,512,0.128,0.24006189524568616
3152,3576,424,0.106,0.23863869991526007
3022,3511,489,0.12225,0.25047980845347045
2978,3489,511,0.12775,0.27525290679512543
3070,3535,465,0.11625,0.2804467289671302
3072,3536,464,0.116,0.28011087094173126
3154,3577,423,0.10575,0.2752114727899898
3116,3558,442,0.1105,0.2634215629827231
3002,3501,499,0.12475,0.2353563226275146
2952,3476,524,0.131,0.22661419214587658
3034,3517,483,0.12075,0.22085587345620109
2952,3476,524,0.131,0.2163520487882197
2870,3435,565,0.14125,0.22439933426382777
3014,3507,493,0.12325,0.22590976246621722
2888,3444,556,0.139,0.23060249774408295
3172,3586,414,0.1035,0.24563319086655974
2996,3498,502,0.1255,0.2774171761199832
3038,3519,481,0.12025,0.27517392921075223
3118,3559,441,0.11025,0.27287888199836013
3006,3503,497,0.12425,0.26651850847830066
3100,3550,450,0.1125,0.2400840275808878
3172,3586,414,0.1035,0.22883785074623303
3046,3523,477,0.11925,0.22646817086450755
2950,3475,525,0.13125,0.20310395266860723
3042,3521,479,0.11975,0.18654184251930564
3050,3525,475,0.11875,0.18977614119648933
3086,3543,457,0.11425,0.18929640387091787
3056,3528,472,0.118,0.2101980149084702
3038,3519,481,0.12025,0.24460825568810105
3132,3566,434,0.1085,0.2550979682803154
3024,3512,488,0.122,0.27041729671135545
3100,3550,450,0.1125,0.28043298939988015
2970,3485,515,0.12875,0.2896426729671657
3028,3514,486,0.1215,0.28176275903014175
2992,3496,504,0.126,0.2797397185470909
3078,3539,461,0.11525,0.25916096663165084
2936,3468,532,0.133,0.24885903506325122
2976,3488,512,0.128,0.2377670899964869
3016,3508,492,0.123,0.23126937290845853
3066,3533,467,0.11675,0.2220818337006058
2904,3452,548,0.137,0.23247286223992705
2998,3499,501,0.12525,0.23096283253328875
3080,3540,460,0.115,0.2322604524474591
3088,3544,456,0.114,0.24637871198740782
2964,3482,518,0.1295,0.2700478503219783
3160,3580,420,0.105,0.26194755617994814
2946,3473,527,0.13175,0.2732503622733057
2964,3482,518,0.1295,0.2721806412190199
2920,3460,540,0.135,0.273943986158818
2966,3483,517,0.12925,0.27246803297514954
2986,3493,507,0.12675,0.2693063403069973
3072,3536,464,0.116,0.25397563315927985
3066,3533,467,0.11675,0.24601098996298698
2872,3436,564,0.141,0.24731384943425655
3094,3547,453,0.11325,0.23636124633578584
3180,3590,410,0.1025,0.23077164694108068
2980,3490,510,0.1275,0.2365367688869519
3042,3521,479,0.11975,0.23913664262741804
3020,3510,490,0.1225,0.23975983645880478
3054,3527,473,0.11825,0.24897716917563228
2858,3429,571,0.14275,0.2651876628968167
3088,3544,456,0.114,0.26215193391605107
3032,3516,484,0.121,0.2693949580825865
3050,3525,475,0.11875,0.268653105981648
3000,3500,500,0.125,0.26780953404704166
2992,3496,504,0.126,0.2637708030231297
2922,3461,539,0.13475,0.26557363934104794
2922,3461,539,0.13475,0.25123498154497065
2994,3497,503,0.12575,0.24488431193679572
3138,3569,431,0.10775,0.23510343140773057
3094,3547,453,0.11325,0.2367071496297849
3018,3509,491,0.12275,0.22461569383756433
3080,3540,460,0.115,0.2191793118827045
2930,3465,535,0.13375,0.2218519817851484
3014,3507,493,0.12325,0.2213822821713984
3036,3518,482,0.1205,0.2309678642768413
2994,3497,503,0.12575,0.24265760116279125
3116,3558,442,0.1105,0.24371894077956677
2980,3490,510,0.1275,0.2520374006284401
2978,3489,511,0.12775,0.2567374193482101
3018,3509,491,0.12275,0.2549838741049171
3128,3564,436,0.109,0.2483208273090422
2970,3485,515,0.12875,0.25324252661690116
3122,3561,439,0.10975,0.23859539175918326
2960,3480,520,0.13,0.23558354242888163
3002,3501,499,0.12475,0.22821095887338744
2996,3498,502,0.1255,0.23164254614053062
3180,3590,410,0.1025,0.22127930920819427
3038,3519,481,0.12025,0.22175134498998522
3008,3504,496,0.124,0.22391950931120663
3024,3512,488,0.122,0.22713795792288147
2932,3466,534,0.1335,0.23325642104819416
3028,3514,486,0.1215,0.23598877597227694
2960,3480,520,0.13,0.2384546836614609
3082,3541,459,0.11475,0.23639825002173892
2932,3466,534,0.1335,0.24354666185751558
3090,3545,455,0.11375,0.23591890771104954
3040,3520,480,0.12,0.23292207566305295
3092,3546,454,0.1135,0.2296875867000781
3252,3626,374,0.0935,0.2180858175782487
3004,3502,498,0.1245,0.21831510337255894
3038,3519,481,0.12025,0.21348311624955385
2998,3499,501,0.12525,0.21373532203026116
3116,3558,442,0.1105,0.20880575073882937
3134,3567,433,0.10825,0.21963739641336724
2904,3452,548,0.137,0.23189582466660066
3030,3515,485,0.12125,0.23032392813649494
3050,3525,475,0.11875,0.23593415392731548
3138,3569,431,0.10775,0.24085183468088509
3160,3580,420,0.105,0.24442861466575413
3066,3533,467,0.11675,0.24467928460488245
2990,3495,505,0.12625,0.2429433376369998
3004,3502,498,0.1245,0.23200576409328932
3010,3505,495,0.12375,0.22865024147182703
2968,3484,516,0.129,0.2268779374063015
3044,3522,478,0.1195,0.2220477296532481
3092,3546,454,0.1135,0.2203790424000472
3124,3562,438,0.1095,0.22258469589194282
3020,3510,490,0.1225,0.2252087418921292
3006,3503,497,0.12425,0.22315525279194118
3064,3532,468,0.117,0.21878951609134675
3064,3532,468,0.117,0.21893554242141544
2878,3439,561,0.14025,0.22703000923618674
2988,3494,506,0.1265,0.2159807582088979
3112,3556,444,0.111,0.20825106412917377
3080,3540,460,0.115,0.2130993384984813
3044,3522,478,0.1195,0.21516235270985634
3146,3573,427,0.10675,0.20657397982664405
2962,3481,519,0.12975,0.2101214715540409
3120,3560,440,0.11,0.20478449549153446
3082,3541,459,0.11475,0.2025918319777011
2980,3490,510,0.1275,0.20042450583353638
2990,3495,505,0.12625,0.19467046265676619
3028,3514,486,0.1215,0.19867223740182818
3016,3508,492,0.123,0.20260777440667152
3050,3525,475,0.11875,0.2006759096563328
3006,3503,497,0.12425,0.21120212693512438
3006,3503,497,0.12425,0.21083920006994117
3012,3506,494,0.1235,0.2169043797813356
3064,3532,468,0.117,0.21741433280706407
3046,3523,477,0.11925,0.22400720382650616
3024,3512,488,0.122,0.2258826114591211
3026,3513,487,0.12175,0.22568443670554553
3064,3532,468,0.117,0.22669139213114978
3144,3572,428,0.107,0.22499395180493592
3068,3534,466,0.1165,0.2221508340202272
3004,3502,498,0.1245,0.2244491343051195
2972,3486,514,0.1285,0.23031515257433058
3056,3528,472,0.118,0.22661616695672274
3004,3502,498,0.1245,0.232565182287246
3098,3549,451,0.11275,0.22988836859166623
3068,3534,466,0.1165,0.23851243880318726
3088,3544,456,0.114,0.2417396497986956
3058,3529,471,0.11775,0.2423809085473622
2930,3465,535,0.13375,0.2533585844658689
3082,3541,459,0.11475,0.26448538848385217
3050,3525,475,0.11875,0.26366945585565904
3014,3507,493,0.12325,0.26891057658568024
3174,3587,413,0.10325,0.2647247627861798
3166,3583,417,0.10425,0.263761763388291
2990,3495,505,0.12625,0.2578572901710868
3092,3546,454,0.1135,0.24742128010978945
3014,3507,493,0.12325,0.24864792203420985
3018,3509,491,0.12275,0.24724766703136264
3136,3568,432,0.108,0.25393258377966554
2940,3470,530,0.1325,0.2607302709557117
2998,3499,501,0.12525,0.2659778236844577
3100,3550,450,0.1125,0.2731770665743388
3136,3568,432,0.108,0.2829434077851474
3072,3536,464,0.116,0.2921692505327519
3064,3532,468,0.117,0.29097787629999244
2966,3483,517,0.12925,0.2907189684139711
2994,3497,503,0.12575,0.2779436616543104
3064,3532,468,0.117,0.276128114794381
2986,3493,507,0.12675,0.27445918499864635
3062,3531,469,0.11725,0.2694898194572961
3094,3547,453,0.11325,0.2666380126248114
2950,3475,525,0.13125,0.27454019368067384
3076,3538,462,0.1155,0.2738982719369233
3018,3509,491,0.12275,0.28462461110949516
3038,3519,481,0.12025,0.28972008216753603
3002,3501,499,0.12475,0.2956316766693444
3026,3513,487,0.12175,0.29440628448128703
2878,3439,561,0.14025,0.298715807231376
3080,3540,460,0.115,0.285097266741097
3150,3575,425,0.10625,0.27930107997357845
2958,3479,521,0.13025,0.2797122487090528
3090,3545,455,0.11375,0.2759054128322814
2986,3493,507,0.12675,0.2604421807415783
2960,3480,520,0.13,0.2577196355438856
3144,3572,428,0.107,0.2514955559869195
3048,3524,476,0.119,0.2501968659143895
3206,3603,397,0.09925,0.24443059012293816
2948,3474,526,0.1315,0.2557024401053786
3152,3576,424,0.106,0.2506797951697372
3010,3505,495,0.12375,0.26444743417203426
2988,3494,506,0.1265,0.27113214690075255
3068,3534,466,0.1165,0.26911483488604426
3060,3530,470,0.1175,0.2684800018693786
3058,3529,471,0.11775,0.269384497474879
2996,3498,502,0.1255,0.2704168518297374
3054,3527,473,0.11825,0.2675617882162333
3014,3507,493,0.12325,0.2694830217730671
3174,3587,413,0.10325,0.26367954157968054
3006,3503,497,0.12425,0.2639394684843719
3030,3515,485,0.12125,0.26067395571822183
3030,3515,485,0.12125,0.2604222462363541
2974,3487,513,0.12825,0.26175257997229345
3022,3511,489,0.12225,0.26574953632615506
3058,3529,471,0.11775,0.2673383182468824
3032,3516,484,0.121,0.2695221401816234
3128,3564,436,0.109,0.27137979821272895
3076,3538,462,0.1155,0.2756824539509177
3090,3545,455,0.11375,0.2722609889046289
3012,3506,494,0.1235,0.27589320217989005
2990,3495,505,0.12625,0.2675454608169384
3100,3550,450,0.1125,0.2607682092450559
3008,3504,496,0.124,0.2672329969406128
3014,3507,493,0.12325,0.2695326605544542
2960,3480,520,0.13,0.2740221007394721
3046,3523,477,0.11925,0.28410616690292956
2956,3478,522,0.1305,0.2881240206986122
3012,3506,494,0.1235,0.2886610540151596
3112,3556,444,0.111,0.29111047270148993
3034,3517,483,0.12075,0.2911308971941471
3000,3500,500,0.125,0.29275826190039517
3166,3583,417,0.10425,0.2884542953446507
3058,3529,471,0.11775,0.27894758858531715
3018,3509,491,0.12275,0.2703401371501386
2934,3467,533,0.13325,0.27343647783249614
3052,3526,474,0.1185,0.26882405775316875
3044,3522,478,0.1195,0.2672539814284537
3032,3516,484,0.121,0.27276521115750074
3100,3550,450,0.1125,0.27418378147706973
3058,3529,471,0.11775,0.27664844267256555
3028,3514,486,0.1215,0.279423908884638
3060,3530,470,0.1175,0.2770201277391752
2942,3471,529,0.13225,0.277458866674453
3038,3519,481,0.12025,0.2722486858520424
3116,3558,442,0.1105,0.26363421785831453
3116,3558,442,0.1105,0.25472605670243503
3140,3570,430,0.1075,0.2503055324032903
3042,3521,479,0.11975,0.24708851160109044
2990,3495,505,0.12625,0.2442540056426078
2912,3456,544,0.136,0.24718886548280716
3068,3534,466,0.1165,0.2482034276782315
3008,3504,496,0.124,0.2561785810527508
3136,3568,432,0.108,0.2656604086905718
3092,3546,454,0.1135,0.27750665149837733
2992,3496,504,0.126,0.2828684888587923
3040,3520,480,0.12,0.2861555059989914
2926,3463,537,0.13425,0.29107136580115184
3136,3568,432,0.108,0.2761751455254853
3072,3536,464,0.116,0.2786980650871992
2954,3477,523,0.13075,0.2751124886640173
3130,3565,435,0.10875,0.26276457016076893
3078,3539,461,0.11525,0.2606266289203486
2984,3492,508,0.127,0.26537745193392037
3080,3540,460,0.115,0.2646061657965183
3058,3529,471,0.11775,0.27385174617823216
3112,3556,444,0.111,0.28564576016459614
2994,3497,503,0.12575,0.2978792270347476
3100,3550,450,0.1125,0.30184161236142265
3074,3537,463,0.11575,0.3215757885137573
2924,3462,538,0.1345,0.334279473484419
2938,3469,531,0.13275,0.33791665827090217
3076,3538,462,0.1155,0.33723347533356357
2962,3481,519,0.12975,0.3388026269115508
3076,3538,462,0.1155,0.32872093832772226
3008,3504,496,0.124,0.3274496721740288
3112,3556,444,0.111,0.31556736237171573
3160,3580,420,0.105,0.30682481048846966
3106,3553,447,0.11175,0.3048774160160101
3012,3506,494,0.1235,0.3082302396376617
3098,3549,451,0.11275,0.30278194460326463
3088,3544,456,0.114,0.3184337617814017
3062,3531,469,0.11725,0.3315791042111814
3002,3501,499,0.12475,0.3406757214460522
3028,3514,486,0.1215,0.34264018533937635
2982,3491,509,0.12725,0.35886769046849804
3092,3546,454,0.1135,0.35325559989517125
3012,3506,494,0.1235,0.35798100019246376
2972,3486,514,0.1285,0.35157937052007765
3076,3538,462,0.1155,0.3358920012561907
3062,3531,469,0.11725,0.3171556587740779
3078,3539,461,0.11525,0.31189816515147684
3098,3549,451,0.11275,0.29809097457502504
3122,3561,439,0.10975,0.2880192500073463
3006,3503,497,0.12425,0.28607494428940117
3066,3533,467,0.11675,0.287041498478502
3056,3528,472,0.118,0.2893078989572823
3076,3538,462,0.1155,0.30112683798745277
3032,3516,484,0.121,0.3145765819414664
2918,3459,541,0.13525,0.3257082995735109
2960,3480,520,0.13,0.33229204901773485
3066,3533,467,0.11675,0.3357951657678932
3066,3533,467,0.11675,0.33170732899122385
2962,3481,519,0.12975,0.3384383488420863
2940,3470,530,0.1325,0.32961695630289617
3042,3521,479,0.11975,0.3082060963567346
3048,3524,476,0.119,0.283821064947173
2936,3468,532,0.133,0.28586023961333556
2928,3464,536,0.134,0.2780149597295094
3012,3506,494,0.1235,0.26293914724575007
3014,3507,493,0.12325,0.26507460278039796
3008,3504,496,0.124,0.27219066393747926
3076,3538,462,0.1155,0.26950603974238035
3010,3505,495,0.12375,0.28540722084837034
3004,3502,498,0.1245,0.3005920858294703
3096,3548,452,0.113,0.29608363238655705
3064,3532,468,0.117,0.2977981508608662
3052,3526,474,0.1185,0.2868530488051474
3124,3562,438,0.1095,0.275458867598325
3024,3512,488,0.122,0.2798036746275611
2986,3493,507,0.12675,0.2806333108730614
3106,3553,447,0.11175,0.2556230604140437
3004,3502,498,0.1245,0.2555986734256148
2928,3464,536,0.134,0.2649537752181078
3190,3595,405,0.10125,0.25169814648107214
2898,3449,551,0.13775,0.27252905460307375
3150,3575,425,0.10625,0.27782877518619714
2924,3462,538,0.1345,0.2973026428079793
3080,3540,460,0.115,0.28666950114728545
3058,3529,471,0.11775,0.29187412735261026
3038,3519,481,0.12025,0.28672061071975624
2980,3490,510,0.1275,0.29319161127289406
3144,3572,428,0.107,0.286437247519847
2996,3498,502,0.1255,0.2787879250790065
2990,3495,505,0.12625,0.2633479179070455
2954,3477,523,0.13075,0.2690884285666755
3088,3544,456,0.114,0.2605207179242134
3138,3569,431,0.10775,0.2535554677434266
3126,3563,437,0.10925,0.25112907618938396
3122,3561,439,0.10975,0.2579754439815879
3002,3501,499,0.12475,0.2576785373678431
3104,3552,448,0.112,0.2552625548730914
3006,3503,497,0.12425,0.2631561306915246
3026,3513,487,0.12175,0.267722768381238
3162,3581,419,0.10475,0.2630696481205523
3116,3558,442,0.1105,0.2688981815723964
3040,3520,480,0.12,0.26215306208655237
3060,3530,470,0.1175,0.26175216380322364
3090,3545,455,0.11375,0.2525980667211115
3218,3609,391,0.09775,0.2359338423419183
3112,3556,444,0.111,0.23060785822197796
3060,3530,470,0.1175,0.23252140173688532
3096,3548,452,0.113,0.22420126519491895
3110,3555,445,0.11125,0.22674003909504972
2980,3490,510,0.1275,0.24413146312907338
3064,3532,468,0.117,0.24220278756492553
3008,3504,496,0.124,0.24251871268451214
3142,3571,429,0.10725,0.25129730001091954
3016,3508,492,0.123,0.2570111296733935
3036,3518,482,0.1205,0.25305395310744644
3066,3533,467,0.11675,0.24976028649508952
3168,3584,416,0.104,0.24094809350825397
2990,3495,505,0.12625,0.2377980512827635
3058,3529,471,0.11775,0.23174658000841736
3086,3543,457,0.11425,0.2307174139386043
3058,3529,471,0.11775,0.22822310759874495
3092,3546,454,0.1135,0.22595429415692342
3014,3507,493,0.12325,0.2248349338148859
3012,3506,494,0.1235,0.22656638771295548
2914,3457,543,0.13575,0.2279764592388924
3056,3528,472,0.118,0.23324964450486005
3050,3525,475,0.11875,0.236313053071211
2996,3498,502,0.1255,0.24026283079106361
3036,3518,482,0.1205,0.24507800912484526
2956,3478,522,0.1305,0.2448434549534068
3014,3507,493,0.12325,0.24425198881328106
3142,3571,429,0.10725,0.23592325936633274
3016,3508,492,0.123,0.22887241795519367
2952,3476,524,0.131,0.22374453729021793
3116,3558,442,0.1105,0.21656192952784475
3012,3506,494,0.1235,0.21537385142594576
2988,3494,506,0.1265,0.2173614794537425
3014,3507,493,0.12325,0.2183785235658288
3096,3548,452,0.113,0.2185213805027306
3042,3521,479,0.11975,0.21908142025617416
3112,3556,444,0.111,0.2292477345764637
2974,3487,513,0.12825,0.24218192772148542
2982,3491,509,0.12725,0.23948110736534
3038,3519,481,0.12025,0.23789889805950223
3060,3530,470,0.1175,0.2365359195906203
3112,3556,444,0.111,0.22258256355673076
3096,3548,452,0.113,0.22045592636498623
2950,3475,525,0.13125,0.22173129639035324
3042,3521,479,0.11975,0.20900212084688247
3012,3506,494,0.1235,0.20445391412896896
2972,3486,514,0.1285,0.2055350165180862
3124,3562,438,0.1095,0.20374755359021945
3182,3591,409,0.10225,0.20382141617499291
3052,3526,474,0.1185,0.2214910620934246
3118,3559,441,0.11025,0.21942272325429266
3066,3533,467,0.11675,0.22698549298010767
3024,3512,488,0.122,0.22814712172640156
3142,3571,429,0.10725,0.2309326838925481
2988,3494,506,0.1265,0.23598608419479933
3030,3515,485,0.12125,0.2348570718666019
3058,3529,471,0.11775,0.22175888988381484
3076,3538,462,0.1155,0.21557922765985132
3142,3571,429,0.10725,0.2143940088497475
2958,3479,521,0.13025,0.21629530620574952
2928,3464,536,0.134,0.21242789939130352
3208,3604,396,0.099,0.2074764752201736
3046,3523,477,0.11925,0.2116251696990803
3016,3508,492,0.123,0.21716050223633648
3124,3562,438,0.1095,0.2143920005429536
3214,3607,393,0.09825,0.21236975891888143
3052,3526,474,0.1185,0.21298155729472637
3118,3559,441,0.11025,0.2159720487283276
3014,3507,493,0.12325,0.2090144511324454
2994,3497,503,0.12575,0.2095711474588158
3092,3546,454,0.1135,0.21102069089980796
3014,3507,493,0.12325,0.21607471700944006
3040,3520,480,0.12,0.2176771742021665
3124,3562,438,0.1095,0.21803315972909332
3078,3539,461,0.11525,0.2167725335303694
2952,3476,524,0.131,0.22254921462386845
3090,3545,455,0.11375,0.21327304889261722
3126,3563,437,0.10925,0.2046358262039721
3140,3570,430,0.1075,0.20266266146826092
3042,3521,479,0.11975,0.20702568197250365
3052,3526,474,0.1185,0.2009819703809917
3080,3540,460,0.115,0.1978941017575562
3044,3522,478,0.1195,0.2009881063485518
3106,3553,447,0.11175,0.19711796406656504
3126,3563,437,0.10925,0.19450649160589092
3176,3588,412,0.103,0.1927464273683727
2960,3480,520,0.13,0.19711221658670638
2968,3484,516,0.129,0.20012299720197915
3064,3532,468,0.117,0.19675217362120748
3108,3554,446,0.1115,0.20309234246984123
3024,3512,488,0.122,0.20760874095046894
3024,3512,488,0.122,0.21010594953969122
3092,3546,454,0.1135,0.206668144912197
3048,3524,476,0.119,0.21039860712364317
3100,3550,450,0.1125,0.20735890812054275
3082,3541,459,0.11475,0.2085581033118069
3132,3566,434,0.1085,0.19939499105513095
3094,3547,453,0.11325,0.19860079357214272
3068,3534,466,0.1165,0.19663956268876792
2926,3463,537,0.13425,0.2035200441259658
3016,3508,492,0.123,0.20803574830824112
3172,3586,414,0.1035,0.21368444249778987
3054,3527,473,0.11825,0.22817499839141964
3006,3503,497,0.12425,0.2321708149202168
3014,3507,493,0.12325,0.23483714704253444
2970,3485,515,0.12875,0.24229074566438794
3048,3524,476,0.119,0.24283244811929763
3192,3596,404,0.101,0.24012313559651374
3024,3512,488,0.122,0.23505611220747233
3060,3530,470,0.1175,0.22557900422625243
3008,3504,496,0.124,0.2257245114054531
2990,3495,505,0.12625,0.2271447818089606
2892,3446,554,0.1385,0.23333606339176186
3000,3500,500,0.125,0.24727284649630019
3018,3509,491,0.12275,0.2600457615237683
2918,3459,541,0.13525,0.26822777202753695
3024,3512,488,0.122,0.2813957864610711
3126,3563,437,0.10925,0.28152134671621026
2986,3493,507,0.12675,0.28426323723441227
3150,3575,425,0.10625,0.27808279903483346
3064,3532,468,0.117,0.2634890842810273
3082,3541,459,0.11475,0.23513137677306076
2950,3475,525,0.13125,0.23014429259231112
2922,3461,539,0.13475,0.22226407969184334
3040,3520,480,0.12,0.21193364039705875
3060,3530,470,0.1175,0.21747933543925735
2956,3478,522,0.1305,0.2312587493482881
3026,3513,487,0.12175,0.2345299609649228
2986,3493,507,0.12675,0.24783729378771385
3158,3579,421,0.10525,0.25803744393587114
3052,3526,474,0.1185,0.26602570839365947
3118,3559,441,0.11025,0.26175302627310154
2980,3490,510,0.1275,0.2569463605762309
3008,3504,496,0.124,0.23570901876571587
3034,3517,483,0.12075,0.23136579767242074
3000,3500,500,0.125,0.22952552571945126
3020,3510,490,0.1225,0.21897298535647133
3008,3504,496,0.124,0.2177032028697431
3142,3571,429,0.10725,0.21958963037282228
2980,3490,510,0.1275,0.2268148317411542
3062,3531,469,0.11725,0.23541181793808938
3076,3538,462,0.1155,0.24837783851768472
3048,3524,476,0.119,0.25281521906200444
3122,3561,439,0.10975,0.2542735918026883
2996,3498,502,0.1255,0.2642362454680806
3034,3517,483,0.12075,0.26798731416654936
3024,3512,488,0.122,0.26822911297902463
3084,3542,458,0.1145,0.2681183441386456
3116,3558,442,0.1105,0.27041940318120944
2964,3482,518,0.1295,0.2742816787937627
3088,3544,456,0.114,0.2701780773715582
3070,3535,465,0.11625,0.26795139208585717
3088,3544,456,0.114,0.26972169302031396
2910,3455,545,0.13625,0.2793006501784548
2972,3486,514,0.1285,0.27434248294273667
3140,3570,430,0.1075,0.27516335126827474
3022,3511,489,0.12225,0.28163123272598517
3154,3577,423,0.10575,0.2882901007907931
3102,3551,449,0.11225,0.2871157565359026
3048,3524,476,0.119,0.2923683924286072
3052,3526,474,0.1185,0.290949884331096
3080,3540,460,0.115,0.29204337231442334
3042,3521,479,0.11975,0.28726211408455854
3080,3540,460,0.115,0.28485644529201093
2968,3484,516,0.129,0.28172856513943817
3044,3522,478,0.1195,0.2777013642936945
3024,3512,488,0.122,0.27786810861714184
2912,3456,544,0.136,0.2842751435398859
3096,3548,452,0.113,0.286690378862032
3188,3594,406,0.1015,0.29339985056883505
3022,3511,489,0.12225,0.3002194768392033
3090,3545,455,0.11375,0.3015416686103563
3062,3531,469,0.11725,0.29160872107701447
3078,3539,461,0.11525,0.28104043131694195
2944,3472,528,0.132,0.28856834525987535
3096,3548,452,0.113,0.2821355394385755
3012,3506,494,0.1235,0.2736287526395172
3058,3529,471,0.11775,0.27516818365082146
3018,3509,491,0.12275,0.2820435227782822
3130,3565,435,0.10875,0.2763204169861983
3084,3542,458,0.1145,0.28076201571487763
3058,3529,471,0.11775,0.2853371579644513
3112,3556,444,0.111,0.28761653912148905
2994,3497,503,0.12575,0.2886014128550887
3018,3509,491,0.12275,0.29436424550789686
3062,3531,469,0.11725,0.3032695173812099
3058,3529,471,0.11775,0.3028816956517458
3010,3505,495,0.12375,0.306375362213701
3018,3509,491,0.12275,0.31996814330367324
3110,3555,445,0.11125,0.31844065050780773
3110,3555,445,0.11125,0.3191856543570757
3046,3523,477,0.11925,0.32473327945545316
3042,3521,479,0.11975,0.3275673143006908
2940,3470,530,0.1325,0.33421915077447195
3046,3523,477,0.11925,0.32954705386726707
2986,3493,507,0.12675,0.3298689489252865
2990,3495,505,0.12625,0.3420071640783699
3184,3592,408,0.102,0.3512493305951357
2944,3472,528,0.132,0.3594446351006627
3042,3521,479,0.11975,0.3606708258930594
2916,3458,542,0.1355,0.3755897220680445
3004,3502,498,0.1245,0.38237584340525793
2920,3460,540,0.135,0.3915122155211866
3042,3521,479,0.11975,0.3866363328034058
3034,3517,483,0.12075,0.3924285662234761
2946,3473,527,0.13175,0.39110840086638926
3092,3546,454,0.1135,0.3928042203458101
3044,3522,478,0.1195,0.384972920300439
2950,3475,525,0.13125,0.38966853473703666
3078,3539,461,0.11525,0.3850997168049216
3056,3528,472,0.118,0.3893699998203665
2846,3423,577,0.14425,0.3912517459070903
3090,3545,455,0.11375,0.39388512931077274
2972,3486,514,0.1285,0.4140873112375848
3004,3502,498,0.1245,0.4228418495096266
3010,3505,495,0.12375,0.42784221110609566
3058,3529,471,0.11775,0.44092020222366407
2962,3481,519,0.12975,0.4551940058246255
2956,3478,522,0.1305,0.4579067960138491
3028,3514,486,0.1215,0.4583775133118033
3014,3507,493,0.12325,0.4555148540418595
3084,3542,458,0.1145,0.4392399364632522
2960,3480,520,0.13,0.4336102041453123
3034,3517,483,0.12075,0.4238464277568255
3086,3543,457,0.11425,0.41086402007937434
2870,3435,565,0.14125,0.4135029761314509
2958,3479,521,0.13025,0.4170143592469394
3004,3502,498,0.1245,0.4150079629943142
3070,3535,465,0.11625,0.4295148026002571
3050,3525,475,0.11875,0.44678601414464175
3140,3570,430,0.1075,0.4423389080348061
3064,3532,468,0.117,0.44625707143187804
2910,3455,545,0.13625,0.4415567764863081
2946,3473,527,0.13175,0.4209755677395733
3004,3502,498,0.1245,0.4049097459280412
3056,3528,472,0.118,0.3965907802954316
2992,3496,504,0.126,0.37788388227910036
2900,3450,550,0.1375,0.3677938577067107
3106,3553,447,0.11175,0.35562450367491694
2958,3479,521,0.13025,0.3487490998466992
2938,3469,531,0.13275,0.371481388015133
2932,3466,534,0.1335,0.34552166422456504
3058,3529,471,0.11775,0.32851675399392843
3020,3510,490,0.1225,0.34537191804974254
2878,3439,561,0.14025,0.32567921953089535
3096,3548,452,0.113,0.3086239545289645
3054,3527,473,0.11825,0.31019096787273887
3130,3565,435,0.10875,0.2890078172020513
2926,3463,537,0.13425,0.29430021055198446
3010,3505,495,0.12375,0.25939001765588743
2966,3483,517,0.12925,0.25732099864747215
3078,3539,461,0.11525,0.24330397951602936
2974,3487,513,0.12825,0.24494662236999848
3144,3572,428,0.107,0.21996283134818076
3032,3516,484,0.121,0.23454223074647598
3038,3519,481,0.12025,0.22850098603748484
3126,3563,437,0.10925,0.22381113803572952
3056,3528,472,0.118,0.23184564624726772
3050,3525,475,0.11875,0.2314975282011945
3050,3525,475,0.11875,0.23303707517150918
3026,3513,487,0.12175,0.22686959748343632
3038,3519,481,0.12025,0.20736994711028683
3062,3531,469,0.11725,0.20518079227741043
3074,3537,463,0.11575,0.19182962458953262
3076,3538,462,0.1155,0.18985670501785354
3056,3528,472,0.118,0.18275205370412723
3066,3533,467,0.11675,0.1926528721358627
3046,3523,477,0.11925,0.18306471992121537
2926,3463,537,0.13425,0.1935644266763602
3020,3510,490,0.1225,0.2056820632533636
3136,3568,432,0.108,0.2143044862076644
2958,3479,521,0.13025,0.22206770386267455
3112,3556,444,0.111,0.2294118162803352
3088,3544,456,0.114,0.23469999336942704
3102,3551,449,0.11225,0.22937436076608303
3028,3514,486,0.1215,0.2339761154181324
3014,3507,493,0.12325,0.22458926971815527
3026,3513,487,0.12175,0.20808267516538034
3072,3536,464,0.116,0.20074612586009608
2944,3472,528,0.132,0.20743457580544056
3042,3521,479,0.11975,0.2003063601395961
3006,3503,497,0.12425,0.205666345665346
3096,3548,452,0.113,0.20865532024241917
3064,3532,468,0.117,0.21625421055796323
3032,3516,484,0.121,0.22776743004012628
3042,3521,479,0.11975,0.23647692427784203
2998,3499,501,0.12525,0.240259935694281
3076,3538,462,0.1155,0.23781135251000524
3046,3523,477,0.11925,0.23711325723025947
3044,3522,478,0.1195,0.2300884366277441
2938,3469,531,0.13275,0.23136975414212807
3098,3549,451,0.11275,0.2202487954609096
3040,3520,480,0.12,0.2177004342637989
3150,3575,425,0.10625,0.21094060949695498
2958,3479,521,0.13025,0.21911505324206973
3008,3504,496,0.124,0.2198883402392962
3126,3563,437,0.10925,0.21940996582524327
3088,3544,456,0.114,0.2209218908264884
3096,3548,452,0.113,0.23263113310188055
2982,3491,509,0.12725,0.23643549581384285
3016,3508,492,0.123,0.24127655687148217
3010,3505,495,0.12375,0.24252169956792932
3058,3529,471,0.11775,0.24053702600952237
3068,3534,466,0.1165,0.24480308524705469
3068,3534,466,0.1165,0.2413118860636605
3006,3503,497,0.12425,0.23866735758353025
3074,3537,463,0.11575,0.2342484595948467
2988,3494,506,0.1265,0.23941810501366853
3022,3511,489,0.12225,0.2340750331688614
3212,3606,394,0.0985,0.2287224195394665
3090,3545,455,0.11375,0.22268450427724634
3054,3527,473,0.11825,0.22654872139403598
3164,3582,418,0.1045,0.217556439448148
3002,3501,499,0.12475,0.21797629780322314
3004,3502,498,0.1245,0.21142032047361137
3080,3540,460,0.115,0.2065665062442422
3150,3575,425,0.10625,0.2052863781340516
2976,3488,512,0.128,0.20909938179329038
2996,3498,502,0.1255,0.21469778868556022
3068,3534,466,0.1165,0.21293589512447944
3082,3541,459,0.11475,0.21437697524018587
3060,3530,470,0.1175,0.2255927741994683
3080,3540,460,0.115,0.22221852339059114
3106,3553,447,0.11175,0.22014517982490361
3188,3594,406,0.1015,0.21024227866111322
2962,3481,519,0.12975,0.20402310796733947
3152,3576,424,0.106,0.18865846716461238
3036,3518,482,0.1205,0.18879082935395863
3054,3527,473,0.11825,0.1829428616068908
2988,3494,506,0.1265,0.1974181530562928
3118,3559,441,0.11025,0.2008771222315263
3036,3518,482,0.1205,0.206724155443153
2940,3470,530,0.1325,0.21398799302599947
3020,3510,490,0.1225,0.22798332597229456
2980,3490,510,0.1275,0.23199457748894928
2940,3470,530,0.1325,0.24186258729750393
3230,3615,385,0.09625,0.23419709386304022
2910,3455,545,0.13625,0.24217738236114383
2940,3470,530,0.1325,0.23389494392648338
3090,3545,455,0.11375,0.22407026692625004
3074,3537,463,0.11575,0.22161388521338812
2884,3442,558,0.1395,0.2144678744616592
3104,3552,448,0.112,0.202572413418442
3064,3532,468,0.117,0.20126172793102984
3122,3561,439,0.10975,0.1963147857449949
2942,3471,529,0.13225,0.19942513510235596
3042,3521,479,0.11975,0.19657437468771605
3064,3532,468,0.117,0.19590317167900503
3036,3518,482,0.1205,0.1996576163507998
3052,3526,474,0.1185,0.2101243007266894
3096,3548,452,0.113,0.21337966575329234
3150,3575,425,0.10625,0.21371154679146262
2998,3499,501,0.12525,0.2184967761013286
3032,3516,484,0.121,0.21464504801012582
3042,3521,479,0.11975,0.2057243962176144
3098,3549,451,0.11275,0.19867615329282126
3154,3577,423,0.10575,0.19388458338481476
2998,3499,501,0.12525,0.19337853026746235
3170,3585,415,0.10375,0.1894115639328502
3082,3541,459,0.11475,0.1910757327210158
2962,3481,519,0.12975,0.19921877773479477
2976,3488,512,0.128,0.21147220768034458
2966,3483,517,0.12925,0.22700621815710656
3192,3596,404,0.101,0.22217943712323904
2920,3460,540,0.135,0.24402682873490267
3104,3552,448,0.112,0.2552518320386298
3012,3506,494,0.1235,0.26397178572640406
3008,3504,496,0.124,0.2622247207351029
3092,3546,454,0.1135,0.26230465150373594
3130,3565,435,0.10875,0.2516791903702542
3160,3580,420,0.105,0.24229012378305198
3124,3562,438,0.1095,0.2361207411697833
3050,3525,475,0.11875,0.23767190726066473
3060,3530,470,0.1175,0.23379390567573166
3074,3537,463,0.11575,0.24735926107866418
2952,3476,524,0.131,0.2525936051804234
3102,3551,449,0.11225,0.2648138138698996
3172,3586,414,0.1035,0.30318838138435966
3108,3554,446,0.1115,0.33313121895864606
3078,3539,461,0.11525,0.33657492201589045
3086,3543,457,0.11425,0.34829467099532485
3086,3543,457,0.11425,0.3504198109805584
3118,3559,441,0.11025,0.3425800938755274
3024,3512,488,0.122,0.338259970150888
3036,3518,482,0.1205,0.3381451994223171
2960,3480,520,0.13,0.33522458447368264
3058,3529,471,0.11775,0.33119912588455214
3054,3527,473,0.11825,0.33334008922427893
3024,3512,488,0.122,0.33977164172846824
2920,3460,540,0.135,0.37256182589009407
2950,3475,525,0.13125,0.3891867486000992
3014,3507,493,0.12325,0.39096122731268407
3124,3562,438,0.1095,0.3925518725812435
3126,3563,437,0.10925,0.4082701334023697
3028,3514,486,0.1215,0.4034307501511648
3000,3500,500,0.125,0.40090870540216567
2926,3463,537,0.13425,0.39582827951479704
2976,3488,512,0.128,0.3737345466930529
3010,3505,495,0.12375,0.3544209668207914
3088,3544,456,0.114,0.3467391245625913
3026,3513,487,0.12175,0.34509072482865305
3028,3514,486,0.1215,0.34044445149472813
2938,3469,531,0.13275,0.3539579813873525
3008,3504,496,0.124,0.3543768031245754
3014,3507,493,0.12325,0.36199296477839665
2900,3450,550,0.1375,0.37948122200033324
3022,3511,489,0.12225,0.3972710657347925
3078,3539,461,0.11525,0.3957465885396425
2980,3490,510,0.1275,0.39516527685057373
3108,3554,446,0.1115,0.38175508292764426
3180,3590,410,0.1025,0.35910492175235414
2930,3465,535,0.13375,0.3585556728609081
3048,3524,476,0.119,0.34214938515471294
3090,3545,455,0.11375,0.3048829976438574
3090,3545,455,0.11375,0.28966661910574476
2976,3488,512,0.128,0.2917953848876059
3042,3521,479,0.11975,0.2930709561401382
3056,3528,472,0.118,0.3049334409609437
3000,3500,500,0.125,0.3296788235791028
3034,3517,483,0.12075,0.33667164754495027
3106,3553,447,0.11175,0.34435426066076613
3030,3515,485,0.12125,0.3721781203012797
2962,3481,519,0.12975,0.38325396096310577
3150,3575,425,0.10625,0.3751947111356196
2998,3499,501,0.12525,0.3797788764052298
3030,3515,485,0.12125,0.363728439291599
2930,3465,535,0.13375,0.348531101164398
2936,3468,532,0.133,0.3426896014679223
3054,3527,473,0.11825,0.3326466834277289
3072,3536,464,0.116,0.31562834010419194
3066,3533,467,0.11675,0.31140932610006666
2976,3488,512,0.128,0.3128811767506961
2950,3475,525,0.13125,0.3167582446307497
2972,3486,514,0.1285,0.32521306413784623
3088,3544,456,0.114,0.32291440352908374
2970,3485,515,0.12875,0.3315899906232953
3100,3550,450,0.1125,0.32556548932567236
2940,3470,530,0.1325,0.330099232327193
3060,3530,470,0.1175,0.32184573653014376
3002,3501,499,0.12475,0.3167474546916783
3030,3515,485,0.12125,0.3076507203175663
2984,3492,508,0.127,0.30634485693648456
2982,3491,509,0.12725,0.291143018818937
2996,3498,502,0.1255,0.28438599125295877
3070,3535,465,0.11625,0.2746605022528674
3112,3556,444,0.111,0.2653462037576828
2928,3464,536,0.134,0.2631445918530226
2980,3490,510,0.1275,0.2636996997055994
3018,3509,491,0.12275,0.2620093885268907
3018,3509,491,0.12275,0.2619841685965657
3102,3551,449,0.11225,0.26186040538310773
2980,3490,510,0.1275,0.26732357298373244
2948,3474,526,0.1315,0.2646993787176907
3120,3560,440,0.11,0.2598074434882697
3048,3524,476,0.119,0.25923654761910436
3110,3555,445,0.11125,0.2578200474460609
3066,3533,467,0.11675,0.2544632834861077
3152,3576,424,0.106,0.24494281808669074
3176,3588,412,0.103,0.24093176568299532
3070,3535,465,0.11625,0.24742684210196603
2970,3485,515,0.12875,0.24643916377844288
2994,3497,503,0.12575,0.2503056802344509
3022,3511,489,0.12225,0.26005446637219937
3024,3512,488,0.122,0.2710583907814438
2990,3495,505,0.12625,0.2775285057844594
3036,3518,482,0.1205,0.2934502462221451
3010,3505,495,0.12375,0.3027345090410672
3012,3506,494,0.1235,0.31045959842018783
3042,3521,479,0.11975,0.3153541137576103
2934,3467,533,0.13325,0.31703124720603226
2966,3483,517,0.12925,0.32100806523859704
2994,3497,503,0.12575,0.3221143851054728
2990,3495,505,0.12625,0.3255077025399078
2958,3479,521,0.13025,0.31795785248279573
3008,3504,496,0.124,0.30694172521238217
3046,3523,477,0.11925,0.3048626154164921
3098,3549,451,0.11275,0.30150458073243497
3022,3511,489,0.12225,0.2902545279096812
3044,3522,478,0.1195,0.2850193438246081
3000,3500,500,0.125,0.28755176501348617
3080,3540,460,0.115,0.284800169236958
3048,3524,476,0.119,0.2907397199869156
2984,3492,508,0.127,0.2993888112945698
2982,3491,509,0.12725,0.3022254863679409
3026,3513,487,0.12175,0.30365585517183813
3032,3516,484,0.121,0.3112183313856496
3046,3523,477,0.11925,0.3123161367736757
3090,3545,455,0.11375,0.31148448395729067
2956,3478,522,0.1305,0.3130289785452187
3058,3529,471,0.11775,0.3022407127469778
3076,3538,462,0.1155,0.293184918959043
3144,3572,428,0.107,0.28930268564255673
3032,3516,484,0.121,0.28807319880090654
3068,3534,466,0.1165,0.27392886897805147
3102,3551,449,0.11225,0.2660983374118805
2946,3473,527,0.13175,0.27301630420237777
2992,3496,504,0.126,0.27233072273805736
3072,3536,464,0.116,0.277534689809203
3018,3509,491,0.12275,0.2850446713239653
2954,3477,523,0.13075,0.2885718649196103
3028,3514,486,0.1215,0.2912015908136964
3026,3513,487,0.12175,0.29591368183493616
3104,3552,448,0.112,0.29468165946775116
3054,3527,473,0.11825,0.2939593587713607
3012,3506,494,0.1235,0.29664121167525964
2960,3480,520,0.13,0.2781280968151987
2954,3477,523,0.13075,0.2648519521125978
2990,3495,505,0.12625,0.2618220200650394
3190,3595,405,0.10125,0.25448594292998317
3038,3519,481,0.12025,0.24727639824897052
3006,3503,497,0.12425,0.2475075585749655
3146,3573,427,0.10675,0.24416524951159954
3090,3545,455,0.11375,0.2455112493261695
3068,3534,466,0.1165,0.2528567177578807
3162,3581,419,0.10475,0.25088560250308367
3040,3520,480,0.12,0.2525733402334154
3148,3574,426,0.1065,0.2501235148529522
2976,3488,512,0.128,0.25313255304567794
2926,3463,537,0.13425,0.2483232965392526
3190,3595,405,0.10125,0.24172644159942866
2998,3499,501,0.12525,0.24647891155771823
3074,3537,463,0.11575,0.24528138428406782
3008,3504,496,0.124,0.2487097355928272
3074,3537,463,0.11575,0.24456362522436392
3068,3534,466,0.1165,0.24609395976737142
3062,3531,469,0.11725,0.2521316076591611
3040,3520,480,0.12,0.260024435646832
3074,3537,463,0.11575,0.25819778570253404
2982,3491,509,0.12725,0.26180852585844694
2982,3491,509,0.12725,0.26803578733932226
2984,3492,508,0.127,0.2770065515264869
3062,3531,469,0.11725,0.2666971715725958
2974,3487,513,0.12825,0.2747378789745271
3116,3558,442,0.1105,0.2697620451115072
3086,3543,457,0.11425,0.26396162241697313
3014,3507,493,0.12325,0.26335669934383027
3084,3542,458,0.1145,0.25891622801125047
3092,3546,454,0.1135,0.24809180118503718
2926,3463,537,0.13425,0.2393256987798959
3154,3577,423,0.10575,0.23064469471853227
2936,3468,532,0.133,0.2319065311215818
2992,3496,504,0.126,0.23076271973270923
2988,3494,506,0.1265,0.23817682354152203
3082,3541,459,0.11475,0.23045589238405229
3008,3504,496,0.124,0.2411825060546398
3000,3500,500,0.125,0.24791144815459848
3086,3543,457,0.11425,0.2489656521380827
3036,3518,482,0.1205,0.24645526934787632
3174,3587,413,0.10325,0.24566426408290862
3124,3562,438,0.1095,0.23823470093682408
3036,3518,482,0.1205,0.22637111672516796
3138,3569,431,0.10775,0.22173134267890782
3048,3524,476,0.119,0.22154862622575455
3062,3531,469,0.11725,0.21727199999988078
3042,3521,479,0.11975,0.2254914658507332
3100,3550,450,0.1125,0.227866487770807
3106,3553,447,0.11175,0.23116202199459077
3194,3597,403,0.10075,0.251422373606998
3106,3553,447,0.11175,0.2718296828344464
3020,3510,490,0.1225,0.2786961830817163
2982,3491,509,0.12725,0.2817532039178477
2948,3474,526,0.1315,0.2970564711788231
3066,3533,467,0.11675,0.3046973067696672
3048,3524,476,0.119,0.30673338095471264
3070,3535,465,0.11625,0.3057677703658849
2982,3491,509,0.12725,0.3129939713291824
3152,3576,424,0.106,0.3118326781503856
3040,3520,480,0.12,0.31783273724257016
3152,3576,424,0.106,0.3141655510226119
3108,3554,446,0.1115,0.32267718516109745
2994,3497,503,0.12575,0.32997408516705035
3046,3523,477,0.11925,0.32973923108936287
3080,3540,460,0.115,0.33027701207995414
3058,3529,471,0.11775,0.34416074584424494
3060,3530,470,0.1175,0.35488542379438875
3016,3508,492,0.123,0.3628029692731798
3022,3511,489,0.12225,0.3662893773317337
2992,3496,504,0.126,0.37951221072673796
2914,3457,543,0.13575,0.3824985027277908
2982,3491,509,0.12725,0.3825344614148944
2980,3490,510,0.1275,0.38246593562234193
3030,3515,485,0.12125,0.370769742615521
3086,3543,457,0.11425,0.36283071448653936
3068,3534,466,0.1165,0.3594141020923853
3142,3571,429,0.10725,0.3474702495150268
2994,3497,503,0.12575,0.33837128994986415
3034,3517,483,0.12075,0.33110129211697403
3034,3517,483,0.12075,0.32856991076384656
2996,3498,502,0.1255,0.33061849991726056
3056,3528,472,0.118,0.3413646372258809
3116,3558,442,0.1105,0.3532900350615382
3068,3534,466,0.1165,0.3626457531070337
2988,3494,506,0.1265,0.3739680220703303
2926,3463,537,0.13425,0.3960657900939695
3078,3539,461,0.11525,0.40070783271640537
2906,3453,547,0.13675,0.4065854631689872
2960,3480,520,0.13,0.4042218680009246
2996,3498,502,0.1255,0.40635278723353985
3072,3536,464,0.116,0.39450346387922763
2980,3490,510,0.1275,0.3989065000191331
3024,3512,488,0.122,0.39103847309414413
3056,3528,472,0.118,0.3721861996268854
3066,3533,467,0.11675,0.3519496168084443
3098,3549,451,0.11275,0.3497812284307557
3028,3514,486,0.1215,0.34324799511861054
3052,3526,474,0.1185,0.33531599830742925
3060,3530,470,0.1175,0.3431315975022153
3088,3544,456,0.114,0.3500255859126839
2998,3499,501,0.12525,0.36039001781493424
2990,3495,505,0.12625,0.3767449321821332
2996,3498,502,0.1255,0.39331639230251314
2988,3494,506,0.1265,0.3945282080844045
2994,3497,503,0.12575,0.3968317823037505
2886,3443,557,0.13925,0.3915032726172358
3096,3548,452,0.113,0.36969563373923303
2996,3498,502,0.1255,0.3640379608764779
3086,3543,457,0.11425,0.3511089038103819
3088,3544,456,0.114,0.3189803980924189
3052,3526,474,0.1185,0.2919106850769604
2954,3477,523,0.13075,0.28486548409983514
3060,3530,470,0.1175,0.2717851284305983
3014,3507,493,0.12325,0.2688407048897352
3060,3530,470,0.1175,0.26350511600449683
3176,3588,412,0.103,0.2666784424223006
2956,3478,522,0.1305,0.2776209436043621
3080,3540,460,0.115,0.2821531969728967
3104,3552,448,0.112,0.2824959785619676
2996,3498,502,0.1255,0.2808926794566214
3116,3558,442,0.1105,0.2783422076012939
3026,3513,487,0.12175,0.2725866364967078
3160,3580,420,0.105,0.2617114754811082
3068,3534,466,0.1165,0.2517478788209471
3090,3545,455,0.11375,0.24848060104250907
3014,3507,493,0.12325,0.23599689885228872
3046,3523,477,0.11925,0.2272921853736043
3050,3525,475,0.11875,0.22735486973850857
3054,3527,473,0.11825,0.22766216114432009
3034,3517,483,0.12075,0.24179142569094256
3026,3513,487,0.12175,0.2500079715822193
3044,3522,478,0.1195,0.2722309112623334
3068,3534,466,0.1165,0.2710443823938249
3056,3528,472,0.118,0.2851163337007165
3094,3547,453,0.11325,0.2855294459102588
3028,3514,486,0.1215,0.28673445953428744
3066,3533,467,0.11675,0.28325584562530354
3052,3526,474,0.1185,0.2723440498895943
2972,3486,514,0.1285,0.2663311678113168
2974,3487,513,0.12825,0.25277793542594007
3076,3538,462,0.1155,0.2498745153993368
3128,3564,436,0.109,0.24873739117645027
2964,3482,518,0.1295,0.2572273215345138
3056,3528,472,0.118,0.27488184260495474
3050,3525,475,0.11875,0.27486009753122925
3032,3516,484,0.121,0.2933324839994311
3132,3566,434,0.1085,0.29885719200823224
3032,3516,484,0.121,0.31576471780800786
2984,3492,508,0.127,0.3160903865210712
3078,3539,461,0.11525,0.31443961967062206
2928,3464,536,0.134,0.3127004108019173
3106,3553,447,0.11175,0.304307974996722
2934,3467,533,0.13325,0.30852413785155297
2962,3481,519,0.12975,0.30498212995496576
3002,3501,499,0.12475,0.30295604390255176
3104,3552,448,0.112,0.2980907142536016
3010,3505,495,0.12375,0.3035997835239135
3142,3571,429,0.10725,0.3146435184944421
3010,3505,495,0.12375,0.3248546989514725
3034,3517,483,0.12075,0.33772687552739833
2954,3477,523,0.13075,0.33940856727585195
3134,3567,433,0.10825,0.35019740199262744
3052,3526,474,0.1185,0.3620046167843975
3030,3515,485,0.12125,0.37199587108194826
2992,3496,504,0.126,0.37152370301028714
3094,3547,453,0.11325,0.37635226794332266
2930,3465,535,0.13375,0.39005061661452056
3026,3513,487,0.12175,0.38859574519842865
3040,3520,480,0.12,0.3902531293556094
3076,3538,462,0.1155,0.38934902141988276
3068,3534,466,0.1165,0.39421914754150805
3058,3529,471,0.11775,0.38648419054364785
2886,3443,557,0.13925,0.3921968451567507
3158,3579,421,0.10525,0.37974646903574466
2928,3464,536,0.134,0.3943032585896508
2916,3458,542,0.1355,0.39717426245289605
3082,3541,459,0.11475,0.39671006740718806
2914,3457,543,0.13575,0.39998493653535844
2998,3499,501,0.12525,0.4066180399097502
3004,3502,498,0.1245,0.41263908583298325
3102,3551,449,0.11225,0.41348882257126035
3022,3511,489,0.12225,0.41933663727343085
3040,3520,480,0.12,0.4242836096351966
3020,3510,490,0.1225,0.41733753626793624
2864,3432,568,0.142,0.4221078434684605
2914,3457,543,0.13575,0.41870950522087513
2960,3480,520,0.13,0.4206300383256748
2944,3472,528,0.132,0.4265019626120899
2940,3470,530,0.1325,0.42931283375620843
2886,3443,557,0.13925,0.45478795690089463
2958,3479,521,0.13025,0.46555901524052123
2984,3492,508,0.127,0.47688602171093225
3040,3520,480,0.12,0.4846608129769156
3030,3515,485,0.12125,0.4826028318628669
2998,3499,501,0.12525,0.48267613648436963
3042,3521,479,0.11975,0.46615601382777094
2978,3489,511,0.12775,0.45948093581945093
3024,3512,488,0.122,0.4347788803521544
3034,3517,483,0.12075,0.42370778403198345
2930,3465,535,0.13375,0.4199697760725394
3114,3557,443,0.11075,0.40703545144119563
3108,3554,446,0.1115,0.3948085112832487
2868,3434,566,0.1415,0.40286608841258564
3072,3536,464,0.116,0.393958575591445
2996,3498,502,0.1255,0.39051837035175413
3004,3502,498,0.1245,0.3833935789344832
3066,3533,467,0.11675,0.37896024448797105
2974,3487,513,0.12825,0.37137134598048216
3028,3514,486,0.1215,0.3615224058814347
3066,3533,467,0.11675,0.33215566632710397
3022,3511,489,0.12225,0.32203215330914736
3176,3588,412,0.103,0.29672123768366876
3100,3550,450,0.1125,0.2857357934905018
3090,3545,455,0.11375,0.255162495523924
3120,3560,440,0.11,0.24955537485057722
3066,3533,467,0.11675,0.23967294631340047
3056,3528,472,0.118,0.2386731874204379
3082,3541,459,0.11475,0.2395174393022353
2978,3489,511,0.12775,0.24550910920277239
3072,3536,464,0.116,0.25046709284558893
2974,3487,513,0.12825,0.2565131926182658
3080,3540,460,0.115,0.26297031515464186
3054,3527,473,0.11825,0.26344750764942726
3036,3518,482,0.1205,0.257882486384362
3080,3540,460,0.115,0.25274067333713174
3032,3516,484,0.121,0.22901791631057858
3080,3540,460,0.115,0.22053316473169252
3192,3596,404,0.101,0.20024292045126799
3078,3539,461,0.11525,0.19778150477074086
2902,3451,549,0.13725,0.18383167781308293
3112,3556,444,0.111,0.1758599899952704
3016,3508,492,0.123,0.17367399707396233
3106,3553,447,0.11175,0.1746963949308265
2978,3489,511,0.12775,0.18810339166224002
3080,3540,460,0.115,0.1871417891602032
3010,3505,495,0.12375,0.20002073849365123
3088,3544,456,0.114,0.20399559599906206
3144,3572,428,0.107,0.20837431682273747
3180,3590,410,0.1025,0.20156797279795866
3036,3518,482,0.1205,0.19620070509621923
3092,3546,454,0.1135,0.19002373482872645
3108,3554,446,0.1115,0.16672773947566746
3108,3554,446,0.1115,0.15906458865124953
3124,3562,438,0.1095,0.15360957252024685
2952,3476,524,0.131,0.15549281907454132
3086,3543,457,0.11425,0.16141559052467347
3024,3512,488,0.122,0.17031471939397305
3110,3555,445,0.11125,0.1846878817491263
3064,3532,468,0.117,0.19684554778039456
3100,3550,450,0.1125,0.21673844853788615
2978,3489,511,0.12775,0.2287322515282226
2830,3415,585,0.14625,0.2465786112472415
3104,3552,448,0.112,0.2402079082953115
3176,3588,412,0.103,0.2357546804100275
3068,3534,466,0.1165,0.2355465346351266
2930,3465,535,0.13375,0.23265432250127197
2992,3496,504,0.126,0.22263883572909982
3150,3575,425,0.10625,0.20680895379543654
3190,3595,405,0.10125,0.20205182542651892
2964,3482,518,0.1295,0.20767918663448653
3194,3597,403,0.10075,0.1982587524605915
3098,3549,451,0.11275,0.2054897304009646
3124,3562,438,0.1095,0.20558890622947365
3030,3515,485,0.12125,0.21721629778668283
3104,3552,448,0.112,0.22230056819133462
3120,3560,440,0.11,0.2388961755409837
2974,3487,513,0.12825,0.24529507213443866
3076,3538,462,0.1155,0.2584113928228617
3114,3557,443,0.11075,0.25505528631740254
3094,3547,453,0.11325,0.2601002165170967
3050,3525,475,0.11875,0.26064222020028593
3016,3508,492,0.123,0.25053290524252225
2900,3450,550,0.1375,0.2447652160452126
2956,3478,522,0.1305,0.23506521666171484
2932,3466,534,0.1335,0.23264031221717596
3192,3596,404,0.101,0.22479521153122187
3068,3534,466,0.1165,0.22696775290950472
3046,3523,477,0.11925,0.229625845665405
3156,3578,422,0.1055,0.22907426009257323
2946,3473,527,0.13175,0.23821748883277177
2972,3486,514,0.1285,0.24120412820748424
3044,3522,478,0.1195,0.2478637059805915
3062,3531,469,0.11725,0.24882532110996544
2980,3490,510,0.1275,0.25911646324209897
3040,3520,480,0.12,0.25980014351817676
2988,3494,506,0.1265,0.2662371849771007
3122,3561,439,0.10975,0.25894988474581626
3032,3516,484,0.121,0.2603925532777721
3058,3529,471,0.11775,0.2615379479911505
2990,3495,505,0.12625,0.2601433694139123
2900,3450,550,0.1375,0.2570202922411263
2976,3488,512,0.128,0.2545741849747937
3024,3512,488,0.122,0.2507688094750047
3028,3514,486,0.1215,0.2562151108162325
2938,3469,531,0.13275,0.2557333328023588
2938,3469,531,0.13275,0.26222870784595104
3046,3523,477,0.11925,0.25925277241400907
3010,3505,495,0.12375,0.2691695401249453
3082,3541,459,0.11475,0.2646591933533364
3116,3558,442,0.1105,0.2624775102902204
3162,3581,419,0.10475,0.26069547775015234
3010,3505,495,0.12375,0.24749659210070968
2996,3498,502,0.1255,0.24670835992920911
3050,3525,475,0.11875,0.23686224630970082
3098,3549,451,0.11275,0.23111450759042054
3150,3575,425,0.10625,0.23126640199395115
3012,3506,494,0.1235,0.23847760708130286
3128,3564,436,0.109,0.24175714010745286
2936,3468,532,0.133,0.24971426526829602
3048,3524,476,0.119,0.2581638480410911
3062,3531,469,0.11725,0.26447217556089164
3004,3502,498,0.1245,0.26514390187710524
3040,3520,480,0.12,0.2732576489448547
3064,3532,468,0.117,0.27276955292978305
3010,3505,495,0.12375,0.27597244502604007
3032,3516,484,0.121,0.2764267852619487
2962,3481,519,0.12975,0.2821524206147842
2970,3485,515,0.12875,0.29195302695408465
2992,3496,504,0.126,0.29213249089568855
3034,3517,483,0.12075,0.29853492590785025
3124,3562,438,0.1095,0.3004302741698921
2964,3482,518,0.1295,0.3103715959633191
3018,3509,491,0.12275,0.30979681222225336
2978,3489,511,0.12775,0.31406826177798214
3180,3590,410,0.1025,0.31292651876527816
3084,3542,458,0.1145,0.3254633969180286
2990,3495,505,0.12625,0.327196520563215
3152,3576,424,0.106,0.32450277951359746
3136,3568,432,0.108,0.32814456498483197
3082,3541,459,0.11475,0.3366802815683186
3096,3548,452,0.113,0.3369311765073362
3122,3561,439,0.10975,0.33637336706370113
3038,3519,481,0.12025,0.3347046467511882
2988,3494,506,0.1265,0.3461326863230753
3008,3504,496,0.124,0.3519796149147513
3072,3536,464,0.116,0.355539344235317
2988,3494,506,0.1265,0.36435936696548016
3000,3500,500,0.125,0.3735196994785219
3044,3522,478,0.1195,0.3774887595822288
2906,3453,547,0.13675,0.38069812608766923
3088,3544,456,0.114,0.37480720100551845
3016,3508,492,0.123,0.36131707551930686
3192,3596,404,0.101,0.34683572822262065
3048,3524,476,0.119,0.33912756063162447
2956,3478,522,0.1305,0.33953553330653813
2968,3484,516,0.129,0.32108165269988354
3120,3560,440,0.11,0.3059731487641111
2972,3486,514,0.1285,0.3031131660528481
3140,3570,430,0.1075,0.3006228014035732
3096,3548,452,0.113,0.304992307215929
3080,3540,460,0.115,0.2995180136412382
3074,3537,463,0.11575,0.3090608916319907
2946,3473,527,0.13175,0.32051379619538783
3226,3613,387,0.09675,0.31994218274614833
3062,3531,469,0.11725,0.322944092090912
3024,3512,488,0.122,0.3263852313384414
2954,3477,523,0.13075,0.3296436894722283
2918,3459,541,0.13525,0.32294816110728425
2966,3483,517,0.12925,0.32172509832307694
3006,3503,497,0.12425,0.3244743342290169
3030,3515,485,0.12125,0.3278905007932335
3040,3520,480,0.12,0.3322247827343594
2900,3450,550,0.1375,0.3378722105808556
3044,3522,478,0.1195,0.3346007024049759
2934,3467,533,0.13325,0.33848810144378333
3124,3562,438,0.1095,0.3276860487349331
3108,3554,446,0.1115,0.3299986841455102
2910,3455,545,0.13625,0.3325018089172481
3076,3538,462,0.1155,0.3274842608552426
3038,3519,481,0.12025,0.3182626331774518
3062,3531,469,0.11725,0.31819314977807517
3054,3527,473,0.11825,0.3185188299377332
3050,3525,475,0.11875,0.3226768293186178
3120,3560,440,0.11,0.32107119484632857
2990,3495,505,0.12625,0.3244559442596619
3046,3523,477,0.11925,0.3296251291189692
3086,3543,457,0.11425,0.3274491097405553
3066,3533,467,0.11675,0.32910829766182453
3078,3539,461,0.11525,0.33083271209633675
3078,3539,461,0.11525,0.32879870466989314
3116,3558,442,0.1105,0.32582860289514065
3130,3565,435,0.10875,0.3161723013743758
3008,3504,496,0.124,0.31572129361145196
3208,3604,396,0.099,0.30162130638677626
3222,3611,389,0.09725,0.29827302919700743
3080,3540,460,0.115,0.2978709739515325
2932,3466,534,0.1335,0.30325217203509236
3018,3509,491,0.12275,0.3016451796740294
2984,3492,508,0.127,0.3039177625579759
3120,3560,440,0.11,0.31359518474340436
3008,3504,496,0.124,0.3216365587078035
3016,3508,492,0.123,0.3272192547237501
3048,3524,476,0.119,0.3274770392104983
3066,3533,467,0.11675,0.32169129389517914
3044,3522,478,0.1195,0.3239843012690544
3102,3551,449,0.11225,0.3089161284975708
3104,3552,448,0.112,0.30139259264618157
3064,3532,468,0.117,0.27448890018567906
2896,3448,552,0.138,0.28043129482494167
2876,3438,562,0.1405,0.267240890128538
2908,3454,546,0.1365,0.2686546502709389
3104,3552,448,0.112,0.2677903424948454
3012,3506,494,0.1235,0.27520049501981897
2978,3489,511,0.12775,0.28793124629891825
2980,3490,510,0.1275,0.29434341681259685
2858,3429,571,0.14275,0.31180912525836174
3050,3525,475,0.11875,0.3118612089678645
3044,3522,478,0.1195,0.3141529824361205
3094,3547,453,0.11325,0.31330425805974266
3024,3512,488,0.122,0.3032161610343392
3098,3549,451,0.11275,0.28572412496153266
3076,3538,462,0.1155,0.2699399036469113
2982,3491,509,0.12725,0.2681343977381475
2830,3415,585,0.14625,0.26533108267746863
2994,3497,503,0.12575,0.25788083726540206
3044,3522,478,0.1195,0.2634715920146555
3144,3572,428,0.107,0.2636969128102064
3170,3585,415,0.10375,0.2803104213103652
2978,3489,511,0.12775,0.28342678332608195
2996,3498,502,0.1255,0.28533698378503325
2910,3455,545,0.13625,0.2868237370411807
3020,3510,490,0.1225,0.277752289287746
3046,3523,477,0.11925,0.2696218439786462
3116,3558,442,0.1105,0.25736155222076923
3018,3509,491,0.12275,0.2559750552792102
3036,3518,482,0.1205,0.23728645923896693
3066,3533,467,0.11675,0.2341307446276769
3044,3522,478,0.1195,0.2284003697866574
3120,3560,440,0.11,0.22503573258407414
3022,3511,489,0.12225,0.23132642329431838
3032,3516,484,0.121,0.2327827344574034
3116,3558,442,0.1105,0.23325218325853347
3016,3508,492,0.123,0.23576234670355917
2990,3495,505,0.12625,0.24989406253594576
3080,3540,460,0.115,0.2506876833550632
3032,3516,484,0.121,0.2460780806839466
3036,3518,482,0.1205,0.24760520549052717
3076,3538,462,0.1155,0.23274266831181012
2998,3499,501,0.12525,0.23216692091571167
3044,3522,478,0.1195,0.21844549405365252
3054,3527,473,0.11825,0.21727499796432675
3062,3531,469,0.11725,0.20030457727983594
3006,3503,497,0.12425,0.20518944221735
3216,3608,392,0.098,0.1937639608234167
3154,3577,423,0.10575,0.19778023317456245
3042,3521,479,0.11975,0.20513069913868093
3044,3522,478,0.1195,0.20825294554021093
3140,3570,430,0.1075,0.21069645927660166
3128,3564,436,0.109,0.21111018549531094
3088,3544,456,0.114,0.2265515701249242
2984,3492,508,0.127,0.23190494714904344
3114,3557,443,0.11075,0.22974786072131245
3194,3597,403,0.10075,0.2262363365776837
2932,3466,534,0.1335,0.23684252761676908
3042,3521,479,0.11975,0.23582464964687824
3050,3525,475,0.11875,0.23297955683153124
3038,3519,481,0.12025,0.22888898532920138
3090,3545,455,0.11375,0.2334491732781753
3048,3524,476,0.119,0.2365316910315305
2942,3471,529,0.13225,0.24396626520874634
3020,3510,490,0.1225,0.24450544036366045
3050,3525,475,0.11875,0.254559531154111
2910,3455,545,0.13625,0.26529527876526116
2990,3495,505,0.12625,0.2713102676533163
3158,3579,421,0.10525,0.26966920236498115
3074,3537,463,0.11575,0.2819052777495235
2970,3485,515,0.12875,0.28357518843468277
3040,3520,480,0.12,0.2785764525402337
3134,3567,433,0.10825,0.2743648915365338
2940,3470,530,0.1325,0.27603517653839665
3028,3514,486,0.1215,0.27190937075205146
2934,3467,533,0.13325,0.27549986954033373
2966,3483,517,0.12925,0.2780725295692682
3090,3545,455,0.11375,0.2911231069555506
2952,3476,524,0.131,0.30439505084604024
2982,3491,509,0.12725,0.30929708794131877
3102,3551,449,0.11225,0.3085999291639309
2892,3446,554,0.1385,0.3216994579442298
3040,3520,480,0.12,0.31746344862509407
3030,3515,485,0.12125,0.3177815858395916
2988,3494,506,0.1265,0.3084484687743825
3086,3543,457,0.11425,0.30023717780038717
3068,3534,466,0.1165,0.2957689657099545
3086,3543,457,0.11425,0.29014100320637226
3052,3526,474,0.1185,0.2897029538474985
3096,3548,452,0.113,0.27006031217053533
3112,3556,444,0.111,0.2711973020657897
3144,3572,428,0.107,0.2654122730046511
3096,3548,452,0.113,0.26510494376788846
3130,3565,435,0.10875,0.253358939088881
3048,3524,476,0.119,0.258661041919142
3024,3512,488,0.122,0.25828340276555906
2966,3483,517,0.12925,0.26411162594333293
2874,3437,563,0.14075,0.2811864558973595
2968,3484,516,0.129,0.2829002189319581
2920,3460,540,0.135,0.2939302919973346
3066,3533,467,0.11675,0.2978734907126096
3020,3510,490,0.1225,0.3025194525050465
3124,3562,438,0.1095,0.29629277062396875
3048,3524,476,0.119,0.28745123541913925
3048,3524,476,0.119,0.28006245254739043
2954,3477,523,0.13075,0.23883506620302797
3086,3543,457,0.11425,0.22439188366978136
3128,3564,436,0.109,0.21272545995582096
3084,3542,458,0.1145,0.20234130127541722
2926,3463,537,0.13425,0.1886817907758523
3028,3514,486,0.1215,0.18516788574378007
2998,3499,501,0.12525,0.19349066905351356
3028,3514,486,0.1215,0.19720257413433864
3092,3546,454,0.1135,0.22201187725365162
3092,3546,454,0.1135,0.22413330706048873
3122,3561,439,0.10975,0.2295858408398926
3056,3528,472,0.118,0.23217125978972764
3112,3556,444,0.111,0.21430469176918268
3088,3544,456,0.114,0.20529224977456034
3084,3542,458,0.1145,0.19649722004702197
3076,3538,462,0.1155,0.18659606249723584
3020,3510,490,0.1225,0.15338031342811884
3058,3529,471,0.11775,0.1481344874110073
3020,3510,490,0.1225,0.14338039053389798
3110,3555,445,0.11125,0.14030211095511913
3010,3505,495,0.12375,0.15714788022637755
3044,3522,478,0.1195,0.16106575372905008
3054,3527,473,0.11825,0.17125972086377442
3028,3514,486,0.1215,0.17909729876233105
3064,3532,468,0.117,0.20332306019178942
3046,3523,477,0.11925,0.20313726820994635
3132,3566,434,0.1085,0.20229353618958165
2968,3484,516,0.129,0.20451621107570828
3062,3531,469,0.11725,0.17844561287947
3112,3556,444,0.111,0.16841886015050114
3036,3518,482,0.1205,0.1517880285585036
3054,3527,473,0.11825,0.1460381872621365
3056,3528,472,0.118,0.12067922313031755
2940,3470,530,0.1325,0.12015652239087811
2968,3484,516,0.129,0.11899613687699996
3136,3568,432,0.108,0.11881575420762738
3068,3534,466,0.1165,0.1363901646397341
3134,3567,433,0.10825,0.14248696717061102
3068,3534,466,0.1165,0.14880929620079575
3110,3555,445,0.11125,0.15472632249630988
3038,3519,481,0.12025,0.16156955392588862
3040,3520,480,0.12,0.163641840480268
3100,3550,450,0.1125,0.15255457804405456
3042,3521,479,0.11975,0.14892604572698473
3018,3509,491,0.12275,0.13771832409501075
3166,3583,417,0.10425,0.1260114459823817
3068,3534,466,0.1165,0.13243103596941824
3000,3500,500,0.125,0.12413333990658339
2964,3482,518,0.1295,0.12567734936075878
3026,3513,487,0.12175,0.12393804692476988
3014,3507,493,0.12325,0.1308740527899936
2978,3489,511,0.12775,0.14275040171388537
2984,3492,508,0.127,0.16131001682482018
3150,3575,425,0.10625,0.16086657727509737
3040,3520,480,0.12,0.1686069385745724
3138,3569,431,0.10775,0.16497911196760834
3060,3530,470,0.1175,0.15219153102114796
3040,3520,480,0.12,0.1452500895028934
3036,3518,482,0.1205,0.13835357962457057
3106,3553,447,0.11175,0.12896156370118023
3158,3579,421,0.10525,0.12033365820285671
3002,3501,499,0.12475,0.12414413223904558
2960,3480,520,0.13,0.12653995136916638
3020,3510,490,0.1225,0.1291183275079016
3140,3570,430,0.1075,0.14867891315557064
3024,3512,488,0.122,0.1670723827862048
3036,3518,482,0.1205,0.1809203927759081
3016,3508,492,0.123,0.19764267608337105
2980,3490,510,0.1275,0.21116383481724188
3128,3564,436,0.109,0.21124667475000025
3044,3522,478,0.1195,0.2158490763890063
3030,3515,485,0.12125,0.21221798669498565
3048,3524,476,0.119,0.19215223002852871
3010,3505,495,0.12375,0.18631559706103873
3084,3542,458,0.1145,0.17226512159238336
2974,3487,513,0.12825,0.1756205507353545
3084,3542,458,0.1145,0.15178370531462132
3012,3506,494,0.1235,0.15253646613657473
3034,3517,483,0.12075,0.15556544694863259
3062,3531,469,0.11725,0.15843124343268572
3032,3516,484,0.121,0.16620200120285153
3052,3526,474,0.1185,0.1742598230279982
3104,3552,448,0.112,0.1772997200287209
2984,3492,508,0.127,0.1897267923373729
3030,3515,485,0.12125,0.19206547632627188
3040,3520,480,0.12,0.1973162774948869
2916,3458,542,0.1355,0.20324230488723963
3024,3512,488,0.122,0.19502872868654367
3024,3512,488,0.122,0.1796183300409466
3004,3502,498,0.1245,0.17572868685564028
2906,3453,547,0.13675,0.17315582121966872
3220,3610,390,0.0975,0.1611105389675304
3046,3523,477,0.11925,0.15540934404660584
3042,3521,479,0.11975,0.15759474598951345
3014,3507,493,0.12325,0.1578194777398655
3018,3509,491,0.12275,0.15675064851157366
3028,3514,486,0.1215,0.16926528029771246
3004,3502,498,0.1245,0.17799603463709354
3002,3501,499,0.12475,0.18327715371779305
3144,3572,428,0.107,0.18785468114563264
3084,3542,458,0.1145,0.20102652177459096
3016,3508,492,0.123,0.20081903309681684
3108,3554,446,0.1115,0.19255577053129674
2890,3445,555,0.13875,0.19625731604732574
3050,3525,475,0.11875,0.17747521288413554
2888,3444,556,0.139,0.17503661007620452
2988,3494,506,0.1265,0.1693490976272151
3094,3547,453,0.11325,0.1651008844403259
3074,3537,463,0.11575,0.15817213226102902
3044,3522,478,0.1195,0.16028177455844156
3092,3546,454,0.1135,0.15731187829747795
3098,3549,451,0.11275,0.15835309018152566
3038,3519,481,0.12025,0.165979231858626
3026,3513,487,0.12175,0.16739910471256095
3040,3520,480,0.12,0.1655170311126858
3156,3578,422,0.1055,0.16858512069890275
3130,3565,435,0.10875,0.1718880327890347
3048,3524,476,0.119,0.16913301563449204
3048,3524,476,0.119,0.1670921275585424
3002,3501,499,0.12475,0.16667354170838372
3040,3520,480,0.12,0.16010177741357734
2986,3493,507,0.12675,0.15971958670113234
3094,3547,453,0.11325,0.15698386598937214
3096,3548,452,0.113,0.1545829550535157
3098,3549,451,0.11275,0.1523831988696211
3126,3563,437,0.10925,0.15319334453406463
3086,3543,457,0.11425,0.15049866392430705
3020,3510,490,0.1225,0.15202467948151752
2916,3458,542,0.1355,0.153969735517727
3064,3532,468,0.117,0.14902552193496377
3118,3559,441,0.11025,0.1503636808025826
3052,3526,474,0.1185,0.15223269425914623
3166,3583,417,0.10425,0.14875891930097715
3160,3580,420,0.105,0.148707677106373
3110,3555,445,0.11125,0.15087082625366746
3020,3510,490,0.1225,0.15099905922217385
2892,3446,554,0.1385,0.1522505693222913
3004,3502,498,0.1245,0.14845777215536257
3086,3543,457,0.11425,0.14961172320663388
3164,3582,418,0.1045,0.14976395837403833
3034,3517,483,0.12075,0.1569272289350629
3002,3501,499,0.12475,0.15518422928903802
3000,3500,500,0.125,0.15850436818413435
2972,3486,514,0.1285,0.15980436810368287
3016,3508,492,0.123,0.1634365280009806
3078,3539,461,0.11525,0.16087738500752294
3042,3521,479,0.11975,0.1636931798476726
3070,3535,465,0.11625,0.16412247535586358
3084,3542,458,0.1145,0.16201965157833415
3082,3541,459,0.11475,0.15707180086383596
3116,3558,442,0.1105,0.1530074890125543
3122,3561,439,0.10975,0.14814081275835633
2972,3486,514,0.1285,0.1457021656706929
3074,3537,463,0.11575,0.14089749527429085
3174,3587,413,0.10325,0.14072855566628278
2928,3464,536,0.134,0.15210007032786962
3046,3523,477,0.11925,0.15497517263237387
3018,3509,491,0.12275,0.15790844576212112
2996,3498,502,0.1255,0.16226310139319686
3126,3563,437,0.10925,0.16227048047699663
2882,3441,559,0.13975,0.17597768999758595
3004,3502,498,0.1245,0.1740058829522459
3024,3512,488,0.122,0.17463872729778757
3184,3592,408,0.102,0.170692631194368
2906,3453,547,0.13675,0.17711806527965746
2984,3492,508,0.127,0.1711166162782041
3076,3538,462,0.1155,0.16483036012177887
3044,3522,478,0.1195,0.1634938825523969
3002,3501,499,0.12475,0.16515029725479946
3062,3531,469,0.11725,0.1612580309667501
2994,3497,503,0.12575,0.16438027444668113
2934,3467,533,0.13325,0.16835401769574684
2986,3493,507,0.12675,0.17435015423095318
3076,3538,462,0.1155,0.1743812545276496
2972,3486,514,0.1285,0.18097203882905116
3030,3515,485,0.12125,0.18459539116844775
3054,3527,473,0.11825,0.1822672718016712
3126,3563,437,0.10925,0.17655319586718018
3182,3591,409,0.10225,0.16691630802089738
3164,3582,418,0.1045,0.17025662035745154
3026,3513,487,0.12175,0.16229952544633203
3114,3557,443,0.11075,0.15624456003325632
3066,3533,467,0.11675,0.1484294702652842
2912,3456,544,0.136,0.15690013086411886
3134,3567,433,0.10825,0.1525953822766321
3088,3544,456,0.114,0.15305955961998552
3096,3548,452,0.113,0.15723910044273334
3040,3520,480,0.12,0.16108665035500977
3054,3527,473,0.11825,0.16896044357650294
3076,3538,462,0.1155,0.16614276022278962
2966,3483,517,0.12925,0.17229062292922753
3048,3524,476,0.119,0.16854806140832193
3016,3508,492,0.123,0.1649348457295564
3080,3540,460,0.115,0.15744434070353236
3022,3511,489,0.12225,0.16118497097573709
2982,3491,509,0.12725,0.1606999325017188
3032,3516,484,0.121,0.16097108675446747
3028,3514,486,0.1215,0.16024371924926528
3056,3528,472,0.118,0.16304035905189812
3120,3560,440,0.11,0.1649764434363107
2996,3498,502,0.1255,0.1741311155231708
3020,3510,490,0.1225,0.17393960151894164
3012,3506,494,0.1235,0.17694299115220202
3090,3545,455,0.11375,0.17773881648399817
3046,3523,477,0.11925,0.18309241139888835
3082,3541,459,0.11475,0.1812366475634335
2978,3489,511,0.12775,0.18354858147844985
3130,3565,435,0.10875,0.1788531887531318
3002,3501,499,0.12475,0.18141099845804284
2908,3454,546,0.1365,0.1842107385377783
2910,3455,545,0.13625,0.18772154372156366
3132,3566,434,0.1085,0.18458410745346798
3072,3536,464,0.116,0.19706130779127123
3040,3520,480,0.12,0.20338099343162777
3048,3524,476,0.119,0.2049917478132993
3050,3525,475,0.11875,0.20857962831067967
3042,3521,479,0.11975,0.21062751813624708
3002,3501,499,0.12475,0.212944842427969
3018,3509,491,0.12275,0.20749295906505721
3116,3558,442,0.1105,0.2063126213459764
3116,3558,442,0.1105,0.1941677873989621
2946,3473,527,0.13175,0.19571347372047604
3028,3514,486,0.1215,0.19071727430329755
3070,3535,465,0.11625,0.18907535553106572
2892,3446,554,0.1385,0.19424221399897215
3042,3521,479,0.11975,0.1901050264924009
2978,3489,511,0.12775,0.19263854810106346
3118,3559,441,0.11025,0.19746147364475472
3150,3575,425,0.10625,0.20862054262127297
3094,3547,453,0.11325,0.20873614652979147
3132,3566,434,0.1085,0.21030371695011854
2964,3482,518,0.1295,0.21040731732769752
3176,3588,412,0.103,0.1929955466609299
2960,3480,520,0.13,0.20070480844945995
3160,3580,420,0.105,0.18829819000945555
3090,3545,455,0.11375,0.1836853557653087
3062,3531,469,0.11725,0.17271204264415427
3044,3522,478,0.1195,0.174046521719903
3038,3519,481,0.12025,0.1728050957750529
3060,3530,470,0.1175,0.16988040647283195
3064,3532,468,0.117,0.17748288523056543
3112,3556,444,0.111,0.1785785307745791
3056,3528,472,0.118,0.17968611572115334
3190,3595,405,0.10125,0.17816153185395525
2964,3482,518,0.1295,0.18356432767423575
2964,3482,518,0.1295,0.18312071952378028
3100,3550,450,0.1125,0.179187563831513
3038,3519,481,0.12025,0.17718457767025847
3110,3555,445,0.11125,0.17533130270183672
3002,3501,499,0.12475,0.1798427183078602
3126,3563,437,0.10925,0.1754083955436945
2984,3492,508,0.127,0.17763317812107873
3016,3508,492,0.123,0.18270689591066913
3126,3563,437,0.10925,0.18228226379491388
2946,3473,527,0.13175,0.18686010258223135
3056,3528,472,0.118,0.19291879613138735
3052,3526,474,0.1185,0.20481842408049852
3076,3538,462,0.1155,0.20875047758434226
3030,3515,485,0.12125,0.21055255830148234
3024,3512,488,0.122,0.21453967920318245
3098,3549,451,0.11275,0.21422375801205634
3120,3560,440,0.11,0.2144049388213316
3100,3550,450,0.1125,0.21511375854106574
3112,3556,444,0.111,0.2110754439163693
3046,3523,477,0.11925,0.20812966614961625
3034,3517,483,0.12075,0.20655403963893929
2994,3497,503,0.12575,0.20905856354200858
2996,3498,502,0.1255,0.2096047739930873
3020,3510,490,0.1225,0.21520696035306902
3072,3536,464,0.116,0.21577673970069736
3042,3521,479,0.11975,0.21833489442639983
3214,3607,393,0.09825,0.21836960263474406
3172,3586,414,0.1035,0.21279544689174146
3054,3527,473,0.11825,0.21243128217551566
2974,3487,513,0.12825,0.213250947880093
3024,3512,488,0.122,0.19855032126253672
3012,3506,494,0.1235,0.18512523621786386
2888,3444,556,0.139,0.182856627798752
3040,3520,480,0.12,0.18049552327394486
2966,3483,517,0.12925,0.17933929716795688
2984,3492,508,0.127,0.1822829173859209
3144,3572,428,0.107,0.18155935443518684
3028,3514,486,0.1215,0.18159814413567074
3054,3527,473,0.11825,0.1925922841242864
3104,3552,448,0.112,0.19357414602674544
3104,3552,448,0.112,0.19449115680344403
3000,3500,500,0.125,0.19575609315838666
3042,3521,479,0.11975,0.1917114270562306
2926,3463,537,0.13425,0.18905243496410548
3080,3540,460,0.115,0.1842657907474786
3016,3508,492,0.123,0.18519713119324296
3072,3536,464,0.116,0.18513907519355416
3120,3560,440,0.11,0.18722432727364025
3144,3572,428,0.107,0.18648816050109054
2970,3485,515,0.12875,0.19089992373087444
3106,3553,447,0.11175,0.18876989563554525
3064,3532,468,0.117,0.19535256272254628
3058,3529,471,0.11775,0.19500178374227392
3012,3506,494,0.1235,0.19664800427808224
3122,3561,439,0.10975,0.19636240962253942
3086,3543,457,0.11425,0.20173188176378606
2952,3476,524,0.131,0.20500339501351117
3050,3525,475,0.11875,0.20280670459807879
2988,3494,506,0.1265,0.20335896559059619
3026,3513,487,0.12175,0.2016718590930104
3070,3535,465,0.11625,0.20161544295586645
2952,3476,524,0.131,0.20603875901084392
3074,3537,463,0.11575,0.20195746506378068
2994,3497,503,0.12575,0.2070796661605339
2994,3497,503,0.12575,0.20897112602496054
3060,3530,470,0.1175,0.2096686958194332
3026,3513,487,0.12175,0.2127148484953359
2908,3454,546,0.1365,0.21686303452216088
2988,3494,506,0.1265,0.21466541033238173
3060,3530,470,0.1175,0.21584692293182017
3152,3576,424,0.106,0.2115049057211727
3070,3535,465,0.11625,0.21064672750234603
3042,3521,479,0.11975,0.21014845028647902
2972,3486,514,0.1285,0.21032800878584385
3128,3564,436,0.109,0.20377843645740046
3166,3583,417,0.10425,0.20358228507079185
2898,3449,551,0.13775,0.2072429282739021
3150,3575,425,0.10625,0.20250695837806804
2924,3462,538,0.1345,0.2076960207442753
2996,3498,502,0.1255,0.21043752343393862
3098,3549,451,0.11275,0.21220830031494323
3078,3539,461,0.11525,0.20962058418942614
3132,3566,434,0.1085,0.2067708757482469
2968,3484,516,0.129,0.2046366002671687
2990,3495,505,0.12625,0.20047137772254064
3022,3511,489,0.12225,0.20032969780286408
3030,3515,485,0.12125,0.1888872019983828
3140,3570,430,0.1075,0.17843491441197692
3010,3505,495,0.12375,0.18373629728890956
2992,3496,504,0.126,0.17965287204025662
3146,3573,427,0.10675,0.1708682768645616
3066,3533,467,0.11675,0.17409186270504143
3134,3567,433,0.10825,0.17074476617202164
3080,3540,460,0.115,0.1708394794891815
3122,3561,439,0.10975,0.16029438112428498
3054,3527,473,0.11825,0.15953399316594005
2994,3497,503,0.12575,0.1606460789196039
3072,3536,464,0.116,0.1518561513386711
3162,3581,419,0.10475,0.13892767945352869
3000,3500,500,0.125,0.14312161112999144
2924,3462,538,0.1345,0.14405960876188822
3132,3566,434,0.1085,0.13689773979730716
3016,3508,492,0.123,0.13459741916676732
3124,3562,438,0.1095,0.13228507940618148
2962,3481,519,0.12975,0.1360067801812046
3018,3509,491,0.12275,0.133976582756266
2974,3487,513,0.12825,0.14123439643532038
3010,3505,495,0.12375,0.1367239908530058
3058,3529,471,0.11775,0.13630975665291772
3060,3530,470,0.1175,0.13807556058243028
3024,3512,488,0.122,0.1345858129457339
3026,3513,487,0.12175,0.13152986959733243
3098,3549,451,0.11275,0.12760047640694502
3036,3518,482,0.1205,0.12859194295116697
3118,3559,441,0.11025,0.12491447057481855
3030,3515,485,0.12125,0.1283569820425473
2994,3497,503,0.12575,0.127655958620242
3084,3542,458,0.1145,0.13030661019682885
3022,3511,489,0.12225,0.13382622198481112
3104,3552,448,0.112,0.14082160726416215
2952,3476,524,0.131,0.14465693597478094
3082,3541,459,0.11475,0.14378322769936566
3064,3532,468,0.117,0.14993134537537117
2960,3480,520,0.13,0.16017585415101349
3044,3522,478,0.1195,0.15886848069143888
2994,3497,503,0.12575,0.16049630955793692
3116,3558,442,0.1105,0.16038339336331045
3006,3503,497,0.12425,0.16096943253697826
3164,3582,418,0.1045,0.15442707334620354
2988,3494,506,0.1265,0.15918680002362817
2968,3484,516,0.129,0.1569775641262588
3036,3518,482,0.1205,0.15729065130356906
3204,3602,398,0.0995,0.15109682400804014
3070,3535,465,0.11625,0.1558158030677587
3210,3605,395,0.09875,0.15588820588588714
2956,3478,522,0.1305,0.1715058548545112
2984,3492,508,0.127,0.16937463625962845
3034,3517,483,0.12075,0.17002322799246758
3042,3521,479,0.11975,0.17997950981994223
2950,3475,525,0.13125,0.20080416379596863
3080,3540,460,0.115,0.19313190106311867
3180,3590,410,0.1025,0.19203913186284435
3154,3577,423,0.10575,0.19744849494472147
3084,3542,458,0.1145,0.19848246069299058
3096,3548,452,0.113,0.194292110902055
3142,3571,429,0.10725,0.19231026542527252
3072,3536,464,0.116,0.19233043500734856
3056,3528,472,0.118,0.19893074597790839
3022,3511,489,0.12225,0.20211285767285153
3044,3522,478,0.1195,0.20030853223630515
2994,3497,503,0.12575,0.21653620271012333
3056,3528,472,0.118,0.23735938175022603
3092,3546,454,0.1135,0.23922161881903037
2994,3497,503,0.12575,0.24738706659153104
3202,3601,399,0.09975,0.24957890796288848
2916,3458,542,0.1355,0.25981215324215284
3088,3544,456,0.114,0.25175115079479293
3116,3558,442,0.1105,0.25188391691032413
3080,3540,460,0.115,0.2393723000359896
3042,3521,479,0.11975,0.22401700047805206
3118,3559,441,0.11025,0.21590244477797554
3022,3511,489,0.12225,0.21899458563606217
3112,3556,444,0.111,0.2068475292387011
3094,3547,453,0.11325,0.21174501385341865
2998,3499,501,0.12525,0.2143375411097115
2970,3485,515,0.12875,0.2185477415364403
3048,3524,476,0.119,0.22991247025504707
3042,3521,479,0.11975,0.24423909332836047
3062,3531,469,0.11725,0.24614384877761314
3052,3526,474,0.1185,0.2475227773785191
2974,3487,513,0.12825,0.24889226693849195
2982,3491,509,0.12725,0.24858487422930192
3038,3519,481,0.12025,0.24714920901693405
3100,3550,450,0.1125,0.24283207349854524
3006,3503,497,0.12425,0.23678437143310352
3150,3575,425,0.10625,0.23308142034691992
3020,3510,490,0.1225,0.23415136748179793
2934,3467,533,0.13325,0.2400249258452095
2962,3481,519,0.12975,0.2428095780577264
2998,3499,501,0.12525,0.25565967114642263
2960,3480,520,0.13,0.26267514448616386
2986,3493,507,0.12675,0.2669339615113527
3056,3528,472,0.118,0.2852399326550476
2986,3493,507,0.12675,0.29122369223705025
3076,3538,462,0.1155,0.29156469327486745
3026,3513,487,0.12175,0.29195358366868457
3084,3542,458,0.1145,0.2794492644891143
3102,3551,449,0.11225,0.2581804191614459
3092,3546,454,0.1135,0.2552092711478472
3054,3527,473,0.11825,0.2501586523577822
3002,3501,499,0.12475,0.235710835304538
2978,3489,511,0.12775,0.2308397110071865
3096,3548,452,0.113,0.22759421190596185
3190,3595,405,0.10125,0.22856910469975392
2978,3489,511,0.12775,0.2400214165430516
2922,3461,539,0.13475,0.253179533833194
3030,3515,485,0.12125,0.2518646522148888
2912,3456,544,0.136,0.256223485665603
2964,3482,518,0.1295,0.26934649312961845
3094,3547,453,0.11325,0.26516545832948757
2948,3474,526,0.1315,0.26756398364156486
3098,3549,451,0.11275,0.261350616091222
3064,3532,468,0.117,0.24757980517391115
3066,3533,467,0.11675,0.2269837112314999
3168,3584,416,0.104,0.2232840976882726
3132,3566,434,0.1085,0.21687349599812297
3040,3520,480,0.12,0.2077186535168439
3034,3517,483,0.12075,0.20714768394944258
3096,3548,452,0.113,0.2073936396165227
3078,3539,461,0.11525,0.21176573326438727
3094,3547,453,0.11325,0.2268016746958666
3194,3597,403,0.10075,0.24221342161134818
3072,3536,464,0.116,0.24784850893355906
3044,3522,478,0.1195,0.25474934218253475
3128,3564,436,0.109,0.2571176880309596
3016,3508,492,0.123,0.2559646606575698
2980,3490,510,0.1275,0.25464443493261935
3078,3539,461,0.11525,0.24624759354069828
3144,3572,428,0.107,0.23196976258978247
3120,3560,440,0.11,0.22742236155861612
2924,3462,538,0.1345,0.23125699322038235
3036,3518,482,0.1205,0.22550823955610394
2988,3494,506,0.1265,0.22773609136231243
3096,3548,452,0.113,0.22985686820046977
3096,3548,452,0.113,0.23412018567970336
3032,3516,484,0.121,0.23580285028672188
3046,3523,477,0.11925,0.24277229005475853
3082,3541,459,0.11475,0.24228385063819588
2976,3488,512,0.128,0.24719888960570097
2938,3469,531,0.13275,0.24476460243985912
3048,3524,476,0.119,0.24227496309603663
3022,3511,489,0.12225,0.2368717954777967
2982,3491,509,0.12725,0.23626437520631588
3052,3526,474,0.1185,0.23124101388826968
3032,3516,484,0.121,0.2262699309848249
3106,3553,447,0.11175,0.2181887329183519
3092,3546,454,0.1135,0.218934241218841
2946,3473,527,0.13175,0.2165347728886554
3014,3507,493,0.12325,0.21357278464734555
2960,3480,520,0.13,0.2164019429795444
3012,3506,494,0.1235,0.21581454627262428
2928,3464,536,0.134,0.2229795481738438
3120,3560,440,0.11,0.2228081242167973
3006,3503,497,0.12425,0.23089776639884804
3154,3577,423,0.10575,0.22577964563667774
3088,3544,456,0.114,0.2307657632728209
2902,3451,549,0.13725,0.22446084622421766
2914,3457,543,0.13575,0.2192596563193947
2902,3451,549,0.13725,0.21341556937270803
3018,3509,491,0.12275,0.20998848845809806
3146,3573,427,0.10675,0.20206052287821774
3088,3544,456,0.114,0.20229796852055007
3104,3552,448,0.112,0.19998512180644024
2790,3395,605,0.15125,0.20934159421567164
3106,3553,447,0.11175,0.20510960013791918
3072,3536,464,0.116,0.20722555942492182
3010,3505,495,0.12375,0.20729684766661377
3074,3537,463,0.11575,0.20745407253820025
3066,3533,467,0.11675,0.2060533428490162
2966,3483,517,0.12925,0.20754019877058455
3046,3523,477,0.11925,0.2079333812277764
3154,3577,423,0.10575,0.20549151278845965
2978,3489,511,0.12775,0.20952921682223677
3104,3552,448,0.112,0.20343903863889318
2974,3487,513,0.12825,0.21093191255640703
3116,3558,442,0.1105,0.20376453611813486
3080,3540,460,0.115,0.21118425145434708
3056,3528,472,0.118,0.2136686585918069
3056,3528,472,0.118,0.21739036972301984
2990,3495,505,0.12625,0.2217779416181209
3110,3555,445,0.11125,0.22869218191972157
2968,3484,516,0.129,0.234551718834482
3026,3513,487,0.12175,0.23495518804714083
3054,3527,473,0.11825,0.2329770258255303
2998,3499,501,0.12525,0.22924733214657878
3020,3510,490,0.1225,0.22411814883351325
3022,3511,489,0.12225,0.2242521814169595
3046,3523,477,0.11925,0.21842780288284325
3086,3543,457,0.11425,0.20951127064973116
3018,3509,491,0.12275,0.20404719085387435
3082,3541,459,0.11475,0.20127520211786032
2798,3399,601,0.15025,0.20662692290506676
3002,3501,499,0.12475,0.2059820531013291
3064,3532,468,0.117,0.2132159959920554
3046,3523,477,0.11925,0.2195070380000398
2988,3494,506,0.1265,0.22828426195297072
3048,3524,476,0.119,0.22762603093569214
3126,3563,437,0.10925,0.22734906195662918
3092,3546,454,0.1135,0.22588423575647176
3140,3570,430,0.1075,0.2257417547776131
3068,3534,466,0.1165,0.2141989536136389
2924,3462,538,0.1345,0.21699892793036998
3074,3537,463,0.11575,0.21106014676060533
3154,3577,423,0.10575,0.21115607968583935
3142,3571,429,0.10725,0.2152144575609198
3116,3558,442,0.1105,0.2280346911267552
3050,3525,475,0.11875,0.22899195508104525
3170,3585,415,0.10375,0.22662011913416244
3076,3538,462,0.1155,0.2328408788246743
3178,3589,411,0.10275,0.2313011472132057
3064,3532,468,0.117,0.22935888398616067
3074,3537,463,0.11575,0.22849623797403987
3016,3508,492,0.123,0.22598040635821245
2986,3493,507,0.12675,0.22577932187513217
3074,3537,463,0.11575,0.22249799151275193
2956,3478,522,0.1305,0.22847167238313704
3120,3560,440,0.11,0.23642460685555397
2968,3484,516,0.129,0.25443595979362726
3098,3549,451,0.11275,0.25523114808196123
3128,3564,436,0.109,0.2661755677529362
2988,3494,506,0.1265,0.27664532498247174
2996,3498,502,0.1255,0.2838752863965929
2970,3485,515,0.12875,0.283614581243618
3116,3558,442,0.1105,0.2863391284085083
3082,3541,459,0.11475,0.29118897061049936
3044,3522,478,0.1195,0.2957623394979164
3104,3552,448,0.112,0.29150364913460364
3036,3518,482,0.1205,0.29680080313235524
3086,3543,457,0.11425,0.2943988484311849
3002,3501,499,0.12475,0.3025998641680926
3030,3515,485,0.12125,0.3058175275986631
3040,3520,480,0.12,0.31277246312302304
3024,3512,488,0.122,0.33633993585780264
2984,3492,508,0.127,0.3541197458608076
2930,3465,535,0.13375,0.36755724837006815
2976,3488,512,0.128,0.3773297627937864
3026,3513,487,0.12175,0.38855401094350966
3046,3523,477,0.11925,0.3961490021571517
2918,3459,541,0.13525,0.4006792774452333
3028,3514,486,0.1215,0.39495186048613684
3134,3567,433,0.10825,0.3764469906646197
3088,3544,456,0.114,0.3759868074367258
3060,3530,470,0.1175,0.36843533294873165
2988,3494,506,0.1265,0.35799517763155925
3196,3598,402,0.1005,0.3319747118912637
2958,3479,521,0.13025,0.33364555297348486
3030,3515,485,0.12125,0.3271611679745838
3006,3503,497,0.12425,0.32211124447872863
3030,3515,485,0.12125,0.31975007280800494
2932,3466,534,0.1335,0.3275400845147669
3064,3532,468,0.117,0.327017378105229
3124,3562,438,0.1095,0.32313500049058347
2986,3493,507,0.12675,0.32456472553685306
3040,3520,480,0.12,0.3145925743994303
3078,3539,461,0.11525,0.3049562226049606
3216,3608,392,0.098,0.2894634587801993
2988,3494,506,0.1265,0.27226432707155085
3060,3530,470,0.1175,0.25767769569561094
3056,3528,472,0.118,0.24625123823434114
3132,3566,434,0.1085,0.23759599097259343
3024,3512,488,0.122,0.23808330353815108
3146,3573,427,0.10675,0.2292182445442304
3024,3512,488,0.122,0.23823594059795142
3116,3558,442,0.1105,0.23712885874335562
3042,3521,479,0.11975,0.2553753842639662
3018,3509,491,0.12275,0.2553727934267372
3076,3538,462,0.1155,0.2586278573983582
3058,3529,471,0.11775,0.2593507615700364
3102,3551,449,0.11225,0.2571582388035022
3032,3516,484,0.121,0.25298122537042944
3166,3583,417,0.10425,0.24179954886125052
3034,3517,483,0.12075,0.24008820966413452
2942,3471,529,0.13225,0.22604090722278894
3140,3570,430,0.1075,0.2136824872743163
3078,3539,461,0.11525,0.21275275668519317
3020,3510,490,0.1225,0.21527209401642905
3020,3510,490,0.1225,0.21876178686219613
2840,3420,580,0.145,0.2268912105673867
2934,3467,533,0.13325,0.24070127007042266
3056,3528,472,0.118,0.2405970699665854
3048,3524,476,0.119,0.25975033869025504
3040,3520,480,0.12,0.2672416103295982
3030,3515,485,0.12125,0.272712662037462
3010,3505,495,0.12375,0.27596348713338376
3020,3510,490,0.1225,0.27229932596168815
3092,3546,454,0.1135,0.2609716489706528
2964,3482,518,0.1295,0.25972396543803417
3102,3551,449,0.11225,0.24918560402115691
3060,3530,470,0.1175,0.23704264010279438
2970,3485,515,0.12875,0.2325204969572369
3010,3505,495,0.12375,0.2274555374891666
3044,3522,478,0.1195,0.2262470314372331
3068,3534,466,0.1165,0.23260840569120045
3062,3531,469,0.11725,0.2404154939527507
2962,3481,519,0.12975,0.24880516496972246
3048,3524,476,0.119,0.2562517805509269
3056,3528,472,0.118,0.27664978277100494
3056,3528,472,0.118,0.2839928897758946
3020,3510,490,0.1225,0.2911463847235824
3164,3582,418,0.1045,0.28699598555493866
3086,3543,457,0.11425,0.2816945123801419
3006,3503,497,0.12425,0.2744256006366777
3052,3526,474,0.1185,0.2668702586146323
2976,3488,512,0.128,0.2576140659528835
3038,3519,481,0.12025,0.23600065015256405
3036,3518,482,0.1205,0.22955808152350096
3160,3580,420,0.105,0.22291326304428458
3134,3567,433,0.10825,0.2195645775268559
3038,3519,481,0.12025,0.22220906440168642
3074,3537,463,0.11575,0.22265548785391728
3118,3559,441,0.11025,0.22153508391881896
3070,3535,465,0.11625,0.2236916662128642
3046,3523,477,0.11925,0.2195551105061335
3046,3523,477,0.11925,0.2184031457619276
3082,3541,459,0.11475,0.2114309697630815
3034,3517,483,0.12075,0.20614215017855167
3120,3560,440,0.11,0.18984574377536773
3012,3506,494,0.1235,0.18824602281897812
3068,3534,466,0.1165,0.18307420818767564
3036,3518,482,0.1205,0.18268055753340012
3096,3548,452,0.113,0.18166301360084985
3120,3560,440,0.11,0.1822776004366199
3014,3507,493,0.12325,0.1853649898658041
3012,3506,494,0.1235,0.18700817705853842
2994,3497,503,0.12575,0.18874485606387043
2916,3458,542,0.1355,0.19284949332123505
3050,3525,475,0.11875,0.19194184217136354
2974,3487,513,0.12825,0.19702820446062833
3044,3522,478,0.1195,0.19753640519455076
3072,3536,464,0.116,0.19961016046395524
3098,3549,451,0.11275,0.19656909937814998
3082,3541,459,0.11475,0.19641884722560643
3038,3519,481,0.12025,0.19116649887012319
3094,3547,453,0.11325,0.18971397217327468
3028,3514,486,0.1215,0.18854753099819208
3104,3552,448,0.112,0.18793321908533836
2996,3498,502,0.1255,0.1882738446444273
3070,3535,465,0.11625,0.18850762741720245
3022,3511,489,0.12225,0.1931713210353628
2966,3483,517,0.12925,0.20124140552803874
3092,3546,454,0.1135,0.20985268864683643
3034,3517,483,0.12075,0.21582399965496735
3134,3567,433,0.10825,0.21354234952980186
3040,3520,480,0.12,0.22729779996955768
2990,3495,505,0.12625,0.22572880945727228
2998,3499,501,0.12525,0.23134063719585538
3030,3515,485,0.12125,0.22794039005812147
3002,3501,499,0.12475,0.23069407080765814
2970,3485,515,0.12875,0.23078035546699538
3044,3522,478,0.1195,0.22904783563688397
3084,3542,458,0.1145,0.2271876801155879
2926,3463,537,0.13425,0.23015231808000794
3156,3578,422,0.1055,0.22353822861611844
3130,3565,435,0.10875,0.2239786760723802
3130,3565,435,0.10875,0.2197010781057179
3002,3501,499,0.12475,0.22061102042083708
3114,3557,443,0.11075,0.2141896867815001
3030,3515,485,0.12125,0.21779837643075733
3008,3504,496,0.124,0.21854261997047658
3084,3542,458,0.1145,0.22620714069902897
3092,3546,454,0.1135,0.23679911702498793
3012,3506,494,0.1235,0.24776838836439355
3114,3557,443,0.11075,0.24580925705266418
3204,3602,398,0.0995,0.24950147406756878
3120,3560,440,0.11,0.25224713944582616
3028,3514,486,0.1215,0.25159123657643795
3014,3507,493,0.12325,0.2492999981319299
3136,3568,432,0.108,0.24109180160402321
3098,3549,451,0.11275,0.24320630758360495
3110,3555,445,0.11125,0.2455782921500504
3012,3506,494,0.1235,0.24486449471020297
3020,3510,490,0.1225,0.24666109518520535
3024,3512,488,0.122,0.26270106292143464
3042,3521,479,0.11975,0.26771391440637954
3092,3546,454,0.1135,0.27069083022885027
3000,3500,500,0.125,0.28666653637092443
3064,3532,468,0.117,0.2978716192978281
3068,3534,466,0.1165,0.3003475971333682
3140,3570,430,0.1075,0.29792962219434305
3038,3519,481,0.12025,0.29773196544994424
2964,3482,518,0.1295,0.29303865328663553
3132,3566,434,0.1085,0.2852878757186845
3120,3560,440,0.11,0.2806097215199843
3128,3564,436,0.109,0.27716543046239894
3068,3534,466,0.1165,0.2738117778115954
3116,3558,442,0.1105,0.2695012192849536
3046,3523,477,0.11925,0.2706768961936759
3080,3540,460,0.115,0.272547978599825
2920,3460,540,0.135,0.28057477768912215
3062,3531,469,0.11725,0.27849358020024373
3108,3554,446,0.1115,0.27813956677599344
3176,3588,412,0.103,0.2782472329382581
3018,3509,491,0.12275,0.2845548279610957
3078,3539,461,0.11525,0.2774493628110978
3064,3532,468,0.117,0.279890418224968
3004,3502,498,0.1245,0.2748082867675735
2984,3492,508,0.127,0.26881838339053277
3044,3522,478,0.1195,0.25679876440772204
3108,3554,446,0.1115,0.2535761403776705
2944,3472,528,0.132,0.26327992823161184
3120,3560,440,0.11,0.26609018515760907
3022,3511,489,0.12225,0.2752966922973419
2932,3466,534,0.1335,0.2795034589418574
2950,3475,525,0.13125,0.2941839023208313
3078,3539,461,0.11525,0.2957505552436057
3114,3557,443,0.11075,0.29391538692194863
3056,3528,472,0.118,0.29926640467438675
2942,3471,529,0.13225,0.2998755871225194
3182,3591,409,0.10225,0.28672720593586565
3098,3549,451,0.11275,0.2744123281540633
3136,3568,432,0.108,0.2707814985029534
3168,3584,416,0.104,0.2609698856398463
3054,3527,473,0.11825,0.2463148584338066
2990,3495,505,0.12625,0.24526571284689286
3216,3608,392,0.098,0.240015690615013
2974,3487,513,0.12825,0.24923812501411885
3072,3536,464,0.116,0.25614589105546476
3070,3535,465,0.11625,0.2696664979400125
3040,3520,480,0.12,0.2712459139674902
3048,3524,476,0.119,0.28502801450458354
3062,3531,469,0.11725,0.2913841179239971
3034,3517,483,0.12075,0.29120300379234143
3124,3562,438,0.1095,0.28328865601867437
2998,3499,501,0.12525,0.28598946642532247
3056,3528,472,0.118,0.27003421476487166
2998,3499,501,0.12525,0.26438917736785783
3098,3549,451,0.11275,0.25448945532048517
2926,3463,537,0.13425,0.2537682520910142
3034,3517,483,0.12075,0.24758961118152364
2964,3482,518,0.1295,0.24988574333798233
3162,3581,419,0.10475,0.23848513171887703
3028,3514,486,0.1215,0.2486826897934079
3040,3520,480,0.12,0.2515168934355724
3002,3501,499,0.12475,0.2592489238487824
3056,3528,472,0.118,0.2565033376295094
3068,3534,466,0.1165,0.25999615056344966
3046,3523,477,0.11925,0.2572710323484146
3072,3536,464,0.116,0.25279439295083284
2864,3432,568,0.142,0.2540769153115216
2986,3493,507,0.12675,0.24846430771803715
3072,3536,464,0.116,0.23549703297752422
3068,3534,466,0.1165,0.22794572723012607
2976,3488,512,0.128,0.22938497832813187
2910,3455,545,0.13625,0.22766643871297737
2982,3491,509,0.12725,0.2241742908048909
2998,3499,501,0.12525,0.2260303175309673
3110,3555,445,0.11125,0.22758348385966382
3066,3533,467,0.11675,0.2317317507835105
3002,3501,499,0.12475,0.23330023726599045
3044,3522,478,0.1195,0.2301761171994731
3024,3512,488,0.122,0.2287671303263502
2970,3485,515,0.12875,0.2273466551695019
3082,3541,459,0.11475,0.21528365130815655
3076,3538,462,0.1155,0.2042129305154085
3120,3560,440,0.11,0.19897798290476204
3084,3542,458,0.1145,0.19068789813295006
3030,3515,485,0.12125,0.18425364573827385
2972,3486,514,0.1285,0.1853977290429175
3054,3527,473,0.11825,0.18155769327934831
3160,3580,420,0.105,0.18180965861406975
3038,3519,481,0.12025,0.1925228858892806
2998,3499,501,0.12525,0.20316074751824875
3066,3533,467,0.11675,0.20246392649039627
3004,3502,498,0.1245,0.203544864928501
3100,3550,450,0.1125,0.20535023103433195
2940,3470,530,0.1325,0.21404069799352352
3062,3531,469,0.11725,0.21051338772079908
3022,3511,489,0.12225,0.20672505725699739
3006,3503,497,0.12425,0.2069833639501594
3012,3506,494,0.1235,0.2100315661467471
3202,3601,399,0.09975,0.2027293251330396
3056,3528,472,0.118,0.20937353890329372
2956,3478,522,0.1305,0.21725168928550556
3096,3548,452,0.113,0.22474385121455562
3060,3530,470,0.1175,0.22463913667287852
3088,3544,456,0.114,0.23396858434529433
2974,3487,513,0.12825,0.24658680073171854
3136,3568,432,0.108,0.249587491042912
2962,3481,519,0.12975,0.25405699574947616
2996,3498,502,0.1255,0.25921802801375227
3058,3529,471,0.11775,0.27000196561821543
3056,3528,472,0.118,0.27572174536286276
3204,3602,398,0.0995,0.271864513784647
2990,3495,505,0.12625,0.28633673130445825
2922,3461,539,0.13475,0.29375612726174655
3160,3580,420,0.105,0.2839695822261274
3048,3524,476,0.119,0.28466001766082727
3220,3610,390,0.0975,0.27823453560471534
3034,3517,483,0.12075,0.2864717839745224
3026,3513,487,0.12175,0.2822212278322552
3072,3536,464,0.116,0.2780551527267812
3002,3501,499,0.12475,0.2836168066598475
3060,3530,470,0.1175,0.28414307032444047
2986,3493,507,0.12675,0.2899083538930308
2970,3485,515,0.12875,0.2937241265465491
3062,3531,469,0.11725,0.29864604632928965
3024,3512,488,0.122,0.2984372913017869
2996,3498,502,0.1255,0.30550480867322766
2972,3486,514,0.1285,0.3016078587070224
2960,3480,520,0.13,0.2902445686513092
3006,3503,497,0.12425,0.274713442955374
3044,3522,478,0.1195,0.26961543595748355
3056,3528,472,0.118,0.25390414468199013
3088,3544,456,0.114,0.22984096716344357
3054,3527,473,0.11825,0.2117944062063807
3062,3531,469,0.11725,0.20448305983424786
3004,3502,498,0.1245,0.20155758400901685
2984,3492,508,0.127,0.20062236724449944
2946,3473,527,0.13175,0.20627606470137902
2958,3479,521,0.13025,0.2151782701861812
3102,3551,449,0.11225,0.21768598857872712
3020,3510,490,0.1225,0.22984881001342714
3032,3516,484,0.121,0.2392502150671628
3086,3543,457,0.11425,0.23291596794278918
2960,3480,520,0.13,0.24232796471245502
3068,3534,466,0.1165,0.2289389628693471
3086,3543,457,0.11425,0.2202675729267471
3064,3532,468,0.117,0.1963684528097617
3006,3503,497,0.12425,0.19987640862903208
3190,3595,405,0.10125,0.1770853710440201
3058,3529,471,0.11775,0.16995897629123646
3114,3557,443,0.11075,0.16200915950350464
2964,3482,518,0.1295,0.16706412334460766
3126,3563,437,0.10925,0.16346309525454852
3116,3558,442,0.1105,0.17172668844042346
3008,3504,496,0.124,0.1820594619307667
2950,3475,525,0.13125,0.1877093118164108
3022,3511,489,0.12225,0.19843223111705674
3024,3512,488,0.122,0.20639957323191027
3026,3513,487,0.12175,0.21526893011915466
3026,3513,487,0.12175,0.21599189930595458
3060,3530,470,0.1175,0.21596409955021226
3078,3539,461,0.11525,0.20959582746732572
2936,3468,532,0.133,0.19970130906788108
3102,3551,449,0.11225,0.19456733819656075
2970,3485,515,0.12875,0.18351331468857826
3106,3553,447,0.11175,0.16733649463509118
3102,3551,449,0.11225,0.161063135846518
3172,3586,414,0.1035,0.15764235782111063
3004,3502,498,0.1245,0.15671204918928947
2952,3476,524,0.131,0.1586512552770109
3002,3501,499,0.12475,0.16585121557931415
2970,3485,515,0.12875,0.16600864349876066
2982,3491,509,0.12725,0.1801165227919264
3048,3524,476,0.119,0.1947143483227119
2908,3454,546,0.1365,0.21259526833891867
2914,3457,543,0.13575,0.21161640774123253
3074,3537,463,0.11575,0.21303974201122974
3118,3559,441,0.11025,0.20714188449183712
3002,3501,499,0.12475,0.19750864301073043
3164,3582,418,0.1045,0.19167822917538904
3048,3524,476,0.119,0.17603180362140847
3072,3536,464,0.116,0.15791079107910627
2966,3483,517,0.12925,0.1500662855991705
3054,3527,473,0.11825,0.14430159578064014
2938,3469,531,0.13275,0.1435166867924163
3026,3513,487,0.12175,0.1479571355395019
3080,3540,460,0.115,0.15778990790791794
3010,3505,495,0.12375,0.15983099718693483
3120,3560,440,0.11,0.1709545878384282
2994,3497,503,0.12575,0.18883194107804893
2946,3473,527,0.13175,0.1922788567126263
3150,3575,425,0.10625,0.18558168325834945
2946,3473,527,0.13175,0.19397443318902516
3108,3554,446,0.1115,0.1839584722857057
2996,3498,502,0.1255,0.17942984258691286
3070,3535,465,0.11625,0.16966209553927183
3050,3525,475,0.11875,0.158762480661273
3160,3580,420,0.105,0.14812655195917304
3114,3557,443,0.11075,0.14118853914621285
2996,3498,502,0.1255,0.14410969874934582
3034,3517,483,0.12075,0.15242118041163344
2958,3479,521,0.13025,0.1630650631374596
3162,3581,419,0.10475,0.17287978181242944
2960,3480,520,0.13,0.18304194214008748
3108,3554,446,0.1115,0.19612590047717093
2980,3490,510,0.1275,0.21484657329341397
3140,3570,430,0.1075,0.2104626900795847
3122,3561,439,0.10975,0.21328926026634873
3084,3542,458,0.1145,0.20709152825440014
2992,3496,504,0.126,0.19607640662509948
3160,3580,420,0.105,0.18188217706955037
3068,3534,466,0.1165,0.18191459408056165
3082,3541,459,0.11475,0.1716798311106686
3046,3523,477,0.11925,0.17040419598464265
2962,3481,519,0.12975,0.17323938063359787
3064,3532,468,0.117,0.1778587740532157
3024,3512,488,0.122,0.18687220951690636
3106,3553,447,0.11175,0.2092061776483315
3104,3552,448,0.112,0.2187143910824393
2984,3492,508,0.127,0.23118684622249636
2898,3449,551,0.13775,0.242488626267761
3028,3514,486,0.1215,0.25614021271204795
3010,3505,495,0.12375,0.25615880352636305
3202,3601,399,0.09975,0.24843722692353185
3048,3524,476,0.119,0.2523416658259957
3044,3522,478,0.1195,0.2342282373830676
3106,3553,447,0.11175,0.22101111957702008
3092,3546,454,0.1135,0.20968959515396812
3040,3520,480,0.12,0.2098631315314542
3068,3534,466,0.1165,0.19540885861869903
3002,3501,499,0.12475,0.19853801346866384
3092,3546,454,0.1135,0.20403885912522673
2948,3474,526,0.1315,0.22120903089642524
3038,3519,481,0.12025,0.2502886816094824
3024,3512,488,0.122,0.2681027693641372
3124,3562,438,0.1095,0.2769200842846185
3106,3553,447,0.11175,0.29170634437375703
3192,3596,404,0.101,0.2951580335195758
3012,3506,494,0.1235,0.29778707637175833
3016,3508,492,0.123,0.29171190032842603
3082,3541,459,0.11475,0.28373125402774896
2968,3484,516,0.129,0.263678826704534
2994,3497,503,0.12575,0.25773929158898934
3146,3573,427,0.10675,0.25173196789011126
3078,3539,461,0.11525,0.2520390687626917
2908,3454,546,0.1365,0.2699542157081139
2950,3475,525,0.13125,0.27543980968436105
3100,3550,450,0.1125,0.28533782994910134
3034,3517,483,0.12075,0.300632039586319
3116,3558,442,0.1105,0.32660755068389696
3098,3549,451,0.11275,0.3311400852352381
3008,3504,496,0.124,0.33651818914711473
3018,3509,491,0.12275,0.33190607099706537
2942,3471,529,0.13225,0.3256410595849156
3024,3512,488,0.122,0.30917850677933895
3082,3541,459,0.11475,0.2946924446500946
3104,3552,448,0.112,0.2834383674026467
3128,3564,436,0.109,0.2637918087743951
2918,3459,541,0.13525,0.2586828417032957
3138,3569,431,0.10775,0.24753152846189913
3116,3558,442,0.1105,0.2455286377388984
3048,3524,476,0.119,0.25705977820612386
3012,3506,494,0.1235,0.26455408647097645
3134,3567,433,0.10825,0.26721037262213226
3054,3527,473,0.11825,0.2786299603739368
3058,3529,471,0.11775,0.3035687927647959
3012,3506,494,0.1235,0.3147013659542924
2998,3499,501,0.12525,0.31483886246266773
3116,3558,442,0.1105,0.31828784053958953
2978,3489,511,0.12775,0.3243638528436422
3064,3532,468,0.117,0.31987882745452223
2950,3475,525,0.13125,0.3150630012093261
3186,3593,407,0.10175,0.3017938010198923
3016,3508,492,0.123,0.3073105527215518
2998,3499,501,0.12525,0.3062939262094733
3028,3514,486,0.1215,0.31145279567316175
2994,3497,503,0.12575,0.314190786344343
3014,3507,493,0.12325,0.34025218211437847
3068,3534,466,0.1165,0.34622789012710564
3154,3577,423,0.10575,0.3524106507524848
3054,3527,473,0.11825,0.35732322321087123
2988,3494,506,0.1265,0.3657010070599936
3000,3500,500,0.125,0.36163759503927834
3134,3567,433,0.10825,0.3586254643577995
2936,3468,532,0.133,0.3641578247396683
3090,3545,455,0.11375,0.3492438706838912
2948,3474,526,0.1315,0.3483879536770281
3070,3535,465,0.11625,0.3395749311317122
2936,3468,532,0.133,0.34246148216395295
3012,3506,494,0.1235,0.3315131867821328
2958,3479,521,0.13025,0.3329964443324401
3054,3527,473,0.11825,0.32563372538052815
2968,3484,516,0.129,0.33209177616238594
3038,3519,481,0.12025,0.33368287515710165
3036,3518,482,0.1205,0.3386327664592686
3010,3505,495,0.12375,0.33962141039160726
3046,3523,477,0.11925,0.34320054498096736
3036,3518,482,0.1205,0.34268891563378384
3036,3518,482,0.1205,0.3407408753847703
3018,3509,491,0.12275,0.3365157400518656
3086,3543,457,0.11425,0.3360902874121894
2946,3473,527,0.13175,0.33584550172283234
2970,3485,515,0.12875,0.32884917966276406
3010,3505,495,0.12375,0.32632544488459825
2956,3478,522,0.1305,0.3267746822554618
2864,3432,568,0.142,0.3334794881902978
2890,3445,555,0.13875,0.33059849178092554
2894,3447,553,0.13825,0.3321608527310091
2962,3481,519,0.12975,0.3367462155746722
3072,3536,464,0.116,0.3407425450667506
3012,3506,494,0.1235,0.3392106696015471
3016,3508,492,0.123,0.33708381305646573
3092,3546,454,0.1135,0.3288976006869634
3100,3550,450,0.1125,0.31197477449761934
2924,3462,538,0.1345,0.30811033385713743
3062,3531,469,0.11725,0.298765673297781
3114,3557,443,0.11075,0.2963075833871335
3156,3578,422,0.1055,0.30154515300115853
2940,3470,530,0.1325,0.3125235326201655
3072,3536,464,0.116,0.312714735917747
3034,3517,483,0.12075,0.3228747167699621
2998,3499,501,0.12525,0.33916105903685095
3014,3507,493,0.12325,0.34259138396847993
2982,3491,509,0.12725,0.3458609342169948
2930,3465,535,0.13375,0.3542731624760199
3090,3545,455,0.11375,0.3496913765067949
2906,3453,547,0.13675,0.3565912885889411
2956,3478,522,0.1305,0.3478763030547276
2954,3477,523,0.13075,0.34733255228027704
3036,3518,482,0.1205,0.32670690671144986
3104,3552,448,0.112,0.32041392079833897
2946,3473,527,0.13175,0.3155335663119913
3042,3521,479,0.11975,0.3053600729178197
3138,3569,431,0.10775,0.29013921501138246
3142,3571,429,0.10725,0.2890270035881549
2942,3471,529,0.13225,0.29514196658396397
2988,3494,506,0.1265,0.2912786886278191
3016,3508,492,0.123,0.2920708354873238
3000,3500,500,0.125,0.2981605857058115
3142,3571,429,0.10725,0.29530816892534495
3000,3500,500,0.125,0.29759184435603675
2924,3462,538,0.1345,0.29998217739283145
2972,3486,514,0.1285,0.2971467180667678
2980,3490,510,0.1275,0.2913402699828299
3008,3504,496,0.124,0.28678836580645295
2878,3439,561,0.14025,0.2802244010081049
3118,3559,441,0.11025,0.2679149482123885
3040,3520,480,0.12,0.26893303723435386
2968,3484,516,0.129,0.26547668182293105
3096,3548,452,0.113,0.2503399799102817
2954,3477,523,0.13075,0.24800375622627294
3026,3513,487,0.12175,0.24133924708950857
3082,3541,459,0.11475,0.2321836505054439
2952,3476,524,0.131,0.22358002949724687
3084,3542,458,0.1145,0.2165615667141974
3030,3515,485,0.12125,0.21441354671050794
3094,3547,453,0.11325,0.2086551871584088
3078,3539,461,0.11525,0.20175250118970872
2956,3478,522,0.1305,0.19971079500371736
3012,3506,494,0.1235,0.19500420400104485
3024,3512,488,0.122,0.18800030711679738
3034,3517,483,0.12075,0.1794784890456799
3014,3507,493,0.12325,0.17857580553978913
3012,3506,494,0.1235,0.17485705319233238
3028,3514,486,0.1215,0.17253550311736762
2992,3496,504,0.126,0.17192004557140173
3050,3525,475,0.11875,0.1680972151933514
3096,3548,452,0.113,0.16629933165293187
3050,3525,475,0.11875,0.1678526323719416
3122,3561,439,0.10975,0.16173098411293177
2934,3467,533,0.13325,0.16275426739593968
2976,3488,512,0.128,0.16171987953037023
3154,3577,423,0.10575,0.1577598110787931
3056,3528,472,0.118,0.15807392579875887
3082,3541,459,0.11475,0.1605623385580912
3020,3510,490,0.1225,0.15971528826946269
3026,3513,487,0.12175,0.16104508692265485
2950,3475,525,0.13125,0.16601050462285658
3128,3564,436,0.109,0.16315051342518216
3108,3554,446,0.1115,0.16720805088385532
2978,3489,511,0.12775,0.17034016588737608
3024,3512,488,0.122,0.17838543193870282
3058,3529,471,0.11775,0.17409451739903306
2980,3490,510,0.1275,0.17996353508263663
3018,3509,491,0.12275,0.1774885561971831
3044,3522,478,0.1195,0.18006946997922446
3124,3562,438,0.1095,0.17733317192923748
2898,3449,551,0.13775,0.1826888533588506
3128,3564,436,0.109,0.17731760098226368
3040,3520,480,0.12,0.17905721335951238
3006,3503,497,0.12425,0.1805564138814807
3008,3504,496,0.124,0.18247707707062363
3054,3527,473,0.11825,0.182221120430273
3020,3510,490,0.1225,0.18765215961867943
3104,3552,448,0.112,0.18849996338818903
2866,3433,567,0.14175,0.20057664261134484
3004,3502,498,0.1245,0.1976572193275206
2984,3492,508,0.127,0.21139360019319064
2932,3466,534,0.1335,0.2195650137689663
3136,3568,432,0.108,0.2220561339224791
3096,3548,452,0.113,0.2195431299698539
2990,3495,505,0.12625,0.22454517802619375
2922,3461,539,0.13475,0.22487941845669412
2990,3495,505,0.12625,0.2240307884286158
3120,3560,440,0.11,0.2184587836197461
2968,3484,516,0.129,0.22480474933642472
2954,3477,523,0.13075,0.22589603052600796
3040,3520,480,0.12,0.22979599200934173
3116,3558,442,0.1105,0.22745759343701594
3032,3516,484,0.121,0.24518141580373048
3036,3518,482,0.1205,0.24699397276469973
3068,3534,466,0.1165,0.2566153609754983
3050,3525,475,0.11875,0.2548300213739276
3026,3513,487,0.12175,0.26400149290340696
2952,3476,524,0.131,0.26692417393103823
3088,3544,456,0.114,0.2625278376773931
3008,3504,496,0.124,0.2584274571177084
3164,3582,418,0.1045,0.24150980059313587
3006,3503,497,0.12425,0.24303458962519653
3064,3532,468,0.117,0.23353742358088495
3154,3577,423,0.10575,0.22685237392783164
3032,3516,484,0.121,0.21914876073684206
2990,3495,505,0.12625,0.22017606680534693
3016,3508,492,0.123,0.22517160033434636
3002,3501,499,0.12475,0.22502602255821694
2946,3473,527,0.13175,0.24794625674630516
3062,3531,469,0.11725,0.24823615068435903
3020,3510,490,0.1225,0.26699726744741203
3052,3526,474,0.1185,0.26718496601749214
2898,3449,551,0.13775,0.28070764319095176
3154,3577,423,0.10575,0.27291102856587257
2980,3490,510,0.1275,0.2752621506853029
2974,3487,513,0.12825,0.27657529953686755
2994,3497,503,0.12575,0.2574040323577818
3006,3503,497,0.12425,0.25214265356435156
3078,3539,461,0.11525,0.24689432507753373
2894,3447,553,0.13825,0.2520693745210156
3092,3546,454,0.1135,0.25582788632670417
3034,3517,483,0.12075,0.25997862016316503
3040,3520,480,0.12,0.27673752795974726
2984,3492,508,0.127,0.2873189648166299
2978,3489,511,0.12775,0.3142641992431745
3072,3536,464,0.116,0.30357528108917176
3170,3585,415,0.10375,0.3002607293073088
3012,3506,494,0.1235,0.3079603810082208
3006,3503,497,0.12425,0.29046504480138535
2996,3498,502,0.1255,0.28741744212177583
3104,3552,448,0.112,0.27287152628700917
3058,3529,471,0.11775,0.2762322504222393
2922,3461,539,0.13475,0.27304360233061015
3018,3509,491,0.12275,0.2683446566928178
2948,3474,526,0.1315,0.2685768701690511
2968,3484,516,0.129,0.2687995219151829
3030,3515,485,0.12125,0.2748673591502011
3116,3558,442,0.1105,0.2734215877579346
3146,3573,427,0.10675,0.26987057774575035
3114,3557,443,0.11075,0.2750748808077533
2958,3479,521,0.13025,0.27142781229286117
3194,3597,403,0.10075,0.2614556453557497
3168,3584,416,0.104,0.25187370738957543
3090,3545,455,0.11375,0.2510166695538323
3022,3511,489,0.12225,0.24374186839349568
2968,3484,516,0.129,0.2452925232986454
3030,3515,485,0.12125,0.2357145074494183
3116,3558,442,0.1105,0.23236541314946202
3012,3506,494,0.1235,0.24565524794629892
3060,3530,470,0.1175,0.24462091700822272
3038,3519,481,0.12025,0.25831827951036396
3026,3513,487,0.12175,0.25723544918396624
2912,3456,544,0.136,0.2801516002249555
2990,3495,505,0.12625,0.2822949778893962
2918,3459,541,0.13525,0.28946614922056324
3066,3533,467,0.11675,0.28244354861355403
3060,3530,470,0.1175,0.28574527038633857
3104,3552,448,0.112,0.2834627852849662
3092,3546,454,0.1135,0.2762479246114281
3068,3534,466,0.1165,0.27576893360540955
3044,3522,478,0.1195,0.2632784673758125
3038,3519,481,0.12025,0.26007750265530083
3062,3531,469,0.11725,0.2599866225323759
3106,3553,447,0.11175,0.25819639451341936
2960,3480,520,0.13,0.2887026181258261
3036,3518,482,0.1205,0.28956245760938143
3094,3547,453,0.11325,0.3121859108346216
3124,3562,438,0.1095,0.3126295375674963
3040,3520,480,0.12,0.3440741843432188
2968,3484,516,0.129,0.35241518447210435
3022,3511,489,0.12225,0.3568170888120076
3104,3552,448,0.112,0.35135046045432
3034,3517,483,0.12075,0.3486423168012075
3042,3521,479,0.11975,0.350637488164939
2996,3498,502,0.1255,0.3433328511971049
2982,3491,509,0.12725,0.3389767535030842
2984,3492,508,0.127,0.3287022644025278
3076,3538,462,0.1155,0.32699648112617435
3110,3555,445,0.11125,0.3244492027880042
3002,3501,499,0.12475,0.3238571535758674
3050,3525,475,0.11875,0.31959203991293905
3100,3550,450,0.1125,0.3166470782703691
3088,3544,456,0.114,0.3105205444863184
2978,3489,511,0.12775,0.31363085376101324
2970,3485,515,0.12875,0.3060456815410162
3114,3557,443,0.11075,0.29766866624727845
3082,3541,459,0.11475,0.2937829015105963
3126,3563,437,0.10925,0.28971802472881975
3080,3540,460,0.115,0.2808878909401464
3128,3564,436,0.109,0.27595874250424096
3066,3533,467,0.11675,0.2721429298982546
3036,3518,482,0.1205,0.27173926666598314
3006,3503,497,0.12425,0.26969633078528565
3032,3516,484,0.121,0.26696509911306204
3078,3539,461,0.11525,0.26961805779489534
2904,3452,548,0.137,0.2801237834318581
3018,3509,491,0.12275,0.29698522916663206
3084,3542,458,0.1145,0.29505730840581346
3146,3573,427,0.10675,0.29732166831819634
3056,3528,472,0.118,0.30363939606770873
3030,3515,485,0.12125,0.29584844711946473
2960,3480,520,0.13,0.2930535762512009
3170,3585,415,0.10375,0.2738512764081432
3072,3536,464,0.116,0.27283386122759523
2994,3497,503,0.12575,0.25806457781237796
3010,3505,495,0.12375,0.25582505949730255
3034,3517,483,0.12075,0.24896352666564053
2942,3471,529,0.13225,0.25176328981202095
3036,3518,482,0.1205,0.2654982045199722
2978,3489,511,0.12775,0.27149601174444976
2972,3486,514,0.1285,0.27847714263573287
2978,3489,511,0.12775,0.2864430746073799
3142,3571,429,0.10725,0.29187683720760843
3104,3552,448,0.112,0.29311795085321385
2914,3457,543,0.13575,0.29213340017133077
3048,3524,476,0.119,0.2852000092273183
3006,3503,497,0.12425,0.26120341711471695
2980,3490,510,0.1275,0.2586101854803528
3070,3535,465,0.11625,0.2496513026052512
3000,3500,500,0.125,0.24270218757539988
2992,3496,504,0.126,0.23816836046789386
3080,3540,460,0.115,0.23805022855148103
3000,3500,500,0.125,0.24562208863941487
2996,3498,502,0.1255,0.24430581568926574
3054,3527,473,0.11825,0.259403096263035
2978,3489,511,0.12775,0.26342466175497975
2998,3499,501,0.12525,0.26289604875538497
3090,3545,455,0.11375,0.25940799389546737
3064,3532,468,0.117,0.25626403885602483
3170,3585,415,0.10375,0.24491091638430953
3082,3541,459,0.11475,0.23776210808195175
3112,3556,444,0.111,0.2271947693009861
2934,3467,533,0.13325,0.21397151939065615
3116,3558,442,0.1105,0.20368806371829123
3066,3533,467,0.11675,0.2031497762268409
3156,3578,422,0.1055,0.19790985069392628
3048,3524,476,0.119,0.21097892115078867
2998,3499,501,0.12525,0.21281949435272782
3034,3517,483,0.12075,0.21717735241369002
3096,3548,452,0.113,0.21789710986608582
3046,3523,477,0.11925,0.23970179853215814
3024,3512,488,0.122,0.24386868449138455
3070,3535,465,0.11625,0.2456410311679356
3090,3545,455,0.11375,0.24208598994463681
3098,3549,451,0.11275,0.23754375972039998
3126,3563,437,0.10925,0.2327888387441635
2920,3460,540,0.135,0.2324365869795729
3092,3546,454,0.1135,0.2210580013804457
2944,3472,528,0.132,0.20939876780379335
3006,3503,497,0.12425,0.20548280108144945
3062,3531,469,0.11725,0.204332164897467
3128,3564,436,0.109,0.20218399972566203
2934,3467,533,0.13325,0.21914836538486687
3150,3575,425,0.10625,0.2194594220296022
2960,3480,520,0.13,0.23288561021536588
2938,3469,531,0.13275,0.23683692165015963
3044,3522,478,0.1195,0.25479176492244004
3062,3531,469,0.11725,0.2550253045898225
3052,3526,474,0.1185,0.26242442323750725
3060,3530,470,0.1175,0.25866479163232464
3002,3501,499,0.12475,0.25738682316316147
3142,3571,429,0.10725,0.2475022932200809
3046,3523,477,0.11925,0.24821832666988802
3082,3541,459,0.11475,0.2397656480036676
3084,3542,458,0.1145,0.23546392333693802
3054,3527,473,0.11825,0.2359261550936023
3012,3506,494,0.1235,0.24156603254253492
3038,3519,481,0.12025,0.2442719353799752
3016,3508,492,0.123,0.2705604751059
3086,3543,457,0.11425,0.27638328410679786
3018,3509,491,0.12275,0.29219698362797497
3076,3538,462,0.1155,0.29521309268354096
2984,3492,508,0.127,0.3249064120144121
3086,3543,457,0.11425,0.3278475409281673
2950,3475,525,0.13125,0.33619849747791886
2980,3490,510,0.1275,0.33611800099536776
3048,3524,476,0.119,0.32521168868243694
3108,3554,446,0.1115,0.3165830902047455
3012,3506,494,0.1235,0.3162750194717537
3024,3512,488,0.122,0.30712863861583173
3188,3594,406,0.1015,0.2872102337330289
2966,3483,517,0.12925,0.2892063762489706
2978,3489,511,0.12775,0.29314767989650137
2994,3497,503,0.12575,0.2917376221707091
3058,3529,471,0.11775,0.295777651123004
3004,3502,498,0.1245,0.3063982614486013
2822,3411,589,0.14725,0.3209117550078222
2868,3434,566,0.1415,0.3236964823543094
3054,3527,473,0.11825,0.32920170607862526
3086,3543,457,0.11425,0.33448301809921394
3104,3552,448,0.112,0.33444624480853613
3072,3536,464,0.116,0.32811085385386835
3082,3541,459,0.11475,0.30833955214882736
2842,3421,579,0.14475,0.30717243647265546
3060,3530,470,0.1175,0.2971079080561282
2924,3462,538,0.1345,0.29301442535479144
2990,3495,505,0.12625,0.2775491201000408
2992,3496,504,0.126,0.2796861353171266
2968,3484,516,0.129,0.28257369967363777
3104,3552,448,0.112,0.282471958845621
3130,3565,435,0.10875,0.28971802527442697
3060,3530,470,0.1175,0.295586998230222
2966,3483,517,0.12925,0.30172380267543486
2870,3435,565,0.14125,0.3071679227056429
2914,3457,543,0.13575,0.3069195125453734
3050,3525,475,0.11875,0.30497635773877846
3176,3588,412,0.103,0.3003109811246395
3042,3521,479,0.11975,0.29769342979312935
3014,3507,493,0.12325,0.2877507924614549
3016,3508,492,0.123,0.2848455418749363
2992,3496,504,0.126,0.281674968857489
3032,3516,484,0.121,0.2821060264697735
3024,3512,488,0.122,0.27716074198281904
3042,3521,479,0.11975,0.278106830113451
2998,3499,501,0.12525,0.28178571274364367
2986,3493,507,0.12675,0.28871788568371065
3054,3527,473,0.11825,0.2917387208287819
3010,3505,495,0.12375,0.29771017298975494
3032,3516,484,0.121,0.3006320095032156
2880,3440,560,0.14,0.3067620348686907
3022,3511,489,0.12225,0.3084475307705297
3072,3536,464,0.116,0.303837992859073
2938,3469,531,0.13275,0.31256875085644426
3000,3500,500,0.125,0.30881428235238517
3038,3519,481,0.12025,0.29746096694289964
2976,3488,512,0.128,0.2946976744234562
2924,3462,538,0.1345,0.29135617511346934
3034,3517,483,0.12075,0.282566747569479
3024,3512,488,0.122,0.2808443489894271
2936,3468,532,0.133,0.2853667199184266
3154,3577,423,0.10575,0.27785440402508177
3164,3582,418,0.1045,0.27503353155590593
3096,3548,452,0.113,0.27799111025035383
2986,3493,507,0.12675,0.28049941692108477
2958,3479,521,0.13025,0.2783768802513937
2968,3484,516,0.129,0.2771607384602539
3028,3514,486,0.1215,0.2715483988503345
3022,3511,489,0.12225,0.27131167600571643
3092,3546,454,0.1135,0.2657834771353698
2956,3478,522,0.1305,0.26564568545041023
2966,3483,517,0.12925,0.2661077244161286
2924,3462,538,0.1345,0.2719114664133244
3100,3550,450,0.1125,0.26845753215206786
3024,3512,488,0.122,0.27685286049023855
3128,3564,436,0.109,0.28740619717269167
2948,3474,526,0.1315,0.2980329811882693
2990,3495,505,0.12625,0.30101176366955407
3112,3556,444,0.111,0.30544441598653793
3002,3501,499,0.12475,0.32375486109312623
3114,3557,443,0.11075,0.3292752088533598
3036,3518,482,0.1205,0.33409537358599484
2886,3443,557,0.13925,0.34225263955630364
3108,3554,446,0.1115,0.3409830492809415
3058,3529,471,0.11775,0.3465741979132836
3110,3555,445,0.11125,0.3456670915617142
2980,3490,510,0.1275,0.35219329372793434
3100,3550,450,0.1125,0.34373018112964926
2996,3498,502,0.1255,0.3442268915325403
3064,3532,468,0.117,0.33882538408786056
3024,3512,488,0.122,0.34213388396127264
2968,3484,516,0.129,0.3423828016944407
3136,3568,432,0.108,0.33942402508408487
3082,3541,459,0.11475,0.33977667440846565
2974,3487,513,0.12825,0.3429009523721179
3012,3506,494,0.1235,0.33466710842750036
3032,3516,484,0.121,0.32573971860855816
3042,3521,479,0.11975,0.3230430896959042
3130,3565,435,0.10875,0.31772748313471677
2994,3497,503,0.12575,0.30785189564409665
3106,3553,447,0.11175,0.3012565266601741
3016,3508,492,0.123,0.2981901181223802
3114,3557,443,0.11075,0.29385898002330213
3010,3505,495,0.12375,0.3021538311950869
2996,3498,502,0.1255,0.3048969464674865
2978,3489,511,0.12775,0.30676469952358665
3040,3520,480,0.12,0.3056343799631577
2988,3494,506,0.1265,0.31555833766423164
3078,3539,461,0.11525,0.3142989671550585
2992,3496,504,0.126,0.3126900959080085
3022,3511,489,0.12225,0.31038891195802715
3038,3519,481,0.12025,0.3068727767034434
2880,3440,560,0.14,0.29643053219032794
3210,3605,395,0.09875,0.28351766063645484
3006,3503,497,0.12425,0.28990114490315316
3024,3512,488,0.122,0.28370529575561343
3048,3524,476,0.119,0.2911262000501156
3126,3563,437,0.10925,0.2872652720557526
3008,3504,496,0.124,0.29681329131964146
3058,3529,471,0.11775,0.3138896433438786
3046,3523,477,0.11925,0.3348145906217396
2908,3454,546,0.1365,0.3358239196948707
3080,3540,460,0.115,0.34326862213013376
2980,3490,510,0.1275,0.3566560666486621
3042,3521,479,0.11975,0.35662375195959717
3062,3531,469,0.11725,0.3519030474854271
3108,3554,446,0.1115,0.35078779879888167
3120,3560,440,0.11,0.341481872683391
3112,3556,444,0.111,0.3365132454372942
2950,3475,525,0.13125,0.3379708675447744
3046,3523,477,0.11925,0.33660719721865034
3098,3549,451,0.11275,0.3428250046093017
3078,3539,461,0.11525,0.3559330499558855
3054,3527,473,0.11825,0.35993068328499794
3076,3538,462,0.1155,0.3640087198744663
3108,3554,446,0.1115,0.37642258219474223
2940,3470,530,0.1325,0.37852291941600236
3122,3561,439,0.10975,0.37074027403444054
3080,3540,460,0.115,0.364842580726021
2988,3494,506,0.1265,0.3578021023857309
3120,3560,440,0.11,0.3438979364778008
2994,3497,503,0.12575,0.33934856927568036
2988,3494,506,0.1265,0.33044765491038564
3030,3515,485,0.12125,0.3211019581856152
3060,3530,470,0.1175,0.31254881380219013
3018,3509,491,0.12275,0.3110702878124016
3140,3570,430,0.1075,0.3013227787036449
3064,3532,468,0.117,0.29592691140757654
3106,3553,447,0.11175,0.2864820604258639
3028,3514,486,0.1215,0.2836459066706966
3074,3537,463,0.11575,0.2748744563497603
3038,3519,481,0.12025,0.268107114884886
2944,3472,528,0.132,0.26441811727778985
3060,3530,470,0.1175,0.2577072284789756
3042,3521,479,0.11975,0.25742151469489555
3056,3528,472,0.118,0.2546044307779521
3036,3518,482,0.1205,0.2508968018418627
3094,3547,453,0.11325,0.24577345147579216
3110,3555,445,0.11125,0.24507070555258542
3044,3522,478,0.1195,0.23775098208590317
3156,3578,422,0.1055,0.22725154968214337
3024,3512,488,0.122,0.2241440794430673
3038,3519,481,0.12025,0.22116458795179098
3166,3583,417,0.10425,0.2073456781760906
2990,3495,505,0.12625,0.2028324259565079
3068,3534,466,0.1165,0.20000665217638017
3054,3527,473,0.11825,0.20055393316596745
2906,3453,547,0.13675,0.20760276623932455
2984,3492,508,0.127,0.22099182764766737
2966,3483,517,0.12925,0.22631160029675812
3062,3531,469,0.11725,0.23301135099993825
3122,3561,439,0.10975,0.2511852107979357
3006,3503,497,0.12425,0.2630892172419117
3130,3565,435,0.10875,0.2644869284087035
2978,3489,511,0.12775,0.26873652850743385
2976,3488,512,0.128,0.2605800230614841
3052,3526,474,0.1185,0.2524974714071902
2898,3449,551,0.13775,0.250913569460623
2986,3493,507,0.12675,0.24623091511428355
2990,3495,505,0.12625,0.23761947891302407
3022,3511,489,0.12225,0.23808897109075725
2974,3487,513,0.12825,0.23652148205973209
3004,3502,498,0.1245,0.2400440132378135
2970,3485,515,0.12875,0.24326498701448065
3066,3533,467,0.11675,0.24380618465598672
2928,3464,536,0.134,0.24592443190701305
3114,3557,443,0.11075,0.2441539517068304
3056,3528,472,0.118,0.2455391793018207
3104,3552,448,0.112,0.242527330301702
3070,3535,465,0.11625,0.23766611733895843
3126,3563,437,0.10925,0.23414100906439125
3092,3546,454,0.1135,0.2326680692928785
2946,3473,527,0.13175,0.2317554477932863
3072,3536,464,0.116,0.22453857340444666
3060,3530,470,0.1175,0.2248561587166623
3146,3573,427,0.10675,0.22473218619823457
3174,3587,413,0.10325,0.22726048011133343
3086,3543,457,0.11425,0.2293600489376384
2960,3480,520,0.13,0.2345701124049956
3066,3533,467,0.11675,0.23062029794246358
2928,3464,536,0.134,0.22756931458268082
3016,3508,492,0.123,0.2264225105406731
3042,3521,479,0.11975,0.2269514139033854
3156,3578,422,0.1055,0.22428516539684148
3022,3511,489,0.12225,0.22720491659641265
3018,3509,491,0.12275,0.2248955760730896
3000,3500,500,0.125,0.22562233594257122
3072,3536,464,0.116,0.21840710326322005
3020,3510,490,0.1225,0.21841017073206603
2862,3431,569,0.14225,0.22229945153766312
3066,3533,467,0.11675,0.218722315184772
3102,3551,449,0.11225,0.2162859723009958
2916,3458,542,0.1355,0.22812486973457363
3026,3513,487,0.12175,0.2283948119944996
3062,3531,469,0.11725,0.22704985283315182
3096,3548,452,0.113,0.22854271245237037
3036,3518,482,0.1205,0.2254022498950362
3104,3552,448,0.112,0.21971751972986386
3072,3536,464,0.116,0.21795601625926808
3034,3517,483,0.12075,0.2101049173927529
3002,3501,499,0.12475,0.2063885650859834
3070,3535,465,0.11625,0.20487578184882296
2968,3484,516,0.129,0.20501974450796842
3010,3505,495,0.12375,0.2061622748436639
3214,3607,393,0.09825,0.20101267019014632
3064,3532,468,0.117,0.20538620094295948
3044,3522,478,0.1195,0.20402155126773172
3002,3501,499,0.12475,0.2072613316453935
3180,3590,410,0.1025,0.19966245000436902
3110,3555,445,0.11125,0.19886784289963544
3170,3585,415,0.10375,0.19619123640919753
3058,3529,471,0.11775,0.191348258942522
3048,3524,476,0.119,0.18661418775724634
3090,3545,455,0.11375,0.18424383276700973
3126,3563,437,0.10925,0.18342308285646142
3006,3503,497,0.12425,0.19060231401341532
3008,3504,496,0.124,0.19521159202139823
3032,3516,484,0.121,0.19641743789706378
2998,3499,501,0.12525,0.19575623556226493
3042,3521,479,0.11975,0.2067777689024806
3000,3500,500,0.125,0.2160589715912938
3090,3545,455,0.11375,0.22025759418308735
2984,3492,508,0.127,0.21861502378412706
2986,3493,507,0.12675,0.2192514608874917
3090,3545,455,0.11375,0.20837912270289263
3270,3635,365,0.09125,0.2003371656984091
3178,3589,411,0.10275,0.201158980704844
3022,3511,489,0.12225,0.19388600738791406
3036,3518,482,0.1205,0.183616926542425
2990,3495,505,0.12625,0.18022352994419635
3050,3525,475,0.11875,0.1801154252637716
3046,3523,477,0.11925,0.19532568225334399
2974,3487,513,0.12825,0.22128262815428024
3134,3567,433,0.10825,0.22322712621374877
3058,3529,471,0.11775,0.2306049569156603
3078,3539,461,0.11525,0.2566644942951389
3020,3510,490,0.1225,0.27476844083132834
3040,3520,480,0.12,0.27235699372021643
2962,3481,519,0.12975,0.2764782503015947
3052,3526,474,0.1185,0.28029141123220325
3104,3552,448,0.112,0.2797071191354189
3038,3519,481,0.12025,0.2757100977319283
2930,3465,535,0.13375,0.2798392855152488
3130,3565,435,0.10875,0.2749229328185321
3086,3543,457,0.11425,0.2734655753024663
3044,3522,478,0.1195,0.27033004381704234
3018,3509,491,0.12275,0.2767787747080729
3014,3507,493,0.12325,0.2813713564624377
3088,3544,456,0.114,0.2990702609786869
2974,3487,513,0.12825,0.30758071862068026
2924,3462,538,0.1345,0.3136132606958563
2984,3492,508,0.127,0.32707331549888474
3040,3520,480,0.12,0.3346201130887533
3038,3519,481,0.12025,0.3358290206842475
3014,3507,493,0.12325,0.33496692332391104
3038,3519,481,0.12025,0.3230131293446757
3042,3521,479,0.11975,0.2971054825074971
2966,3483,517,0.12925,0.2916914961487055
3210,3605,395,0.09875,0.2795476642511785
2994,3497,503,0.12575,0.26008706154674294
3182,3591,409,0.10225,0.23614807818457484
3016,3508,492,0.123,0.24296567618395215
3060,3530,470,0.1175,0.23896630788157927
2998,3499,501,0.12525,0.24326018074154854
2994,3497,503,0.12575,0.25889808383584023
3036,3518,482,0.1205,0.26871751717783715
3050,3525,475,0.11875,0.2678468007547076
3114,3557,443,0.11075,0.28135857804329134
3002,3501,499,0.12475,0.2924894653128281
3088,3544,456,0.114,0.288575809603557
3058,3529,471,0.11775,0.2858208267674745
2978,3489,511,0.12775,0.27579226516140626
3024,3512,488,0.122,0.25437359648769053
3032,3516,484,0.121,0.24794794624837865
3050,3525,475,0.11875,0.24211778517940774
3000,3500,500,0.125,0.23308175718830898
3046,3523,477,0.11925,0.22651593986437366
3102,3551,449,0.11225,0.2259544475525954
3020,3510,490,0.1225,0.22690235704556108
3014,3507,493,0.12325,0.23736328763805795
2978,3489,511,0.12775,0.25137827202305196
2972,3486,514,0.1285,0.25221205041185024
3048,3524,476,0.119,0.2520085812881589
3028,3514,486,0.1215,0.2581269440501928
3062,3531,469,0.11725,0.25229791370173915
3028,3514,486,0.1215,0.25358129261538853
3114,3557,443,0.11075,0.24820412235863712
3048,3524,476,0.119,0.23633171030675293
2886,3443,557,0.13925,0.21927039210432878
3098,3549,451,0.11275,0.21025875625276969
3070,3535,465,0.11625,0.20614626197512906
3084,3542,458,0.1145,0.18329682918331355
3082,3541,459,0.11475,0.1837584484703839
2972,3486,514,0.1285,0.18205539527880688
2994,3497,503,0.12575,0.18067941177153263
3180,3590,410,0.1025,0.18044633403792978
3068,3534,466,0.1165,0.18455968928322994
3070,3535,465,0.11625,0.18907638297625817
3074,3537,463,0.11575,0.18683508152887224
3108,3554,446,0.1115,0.18529406539774937
3038,3519,481,0.12025,0.17975042865239083
2998,3499,501,0.12525,0.18095902471305453
3154,3577,423,0.10575,0.17287671482004224
3036,3518,482,0.1205,0.16772578159466503
3066,3533,467,0.11675,0.15798030944530925
3024,3512,488,0.122,0.15782866374359583
3074,3537,463,0.11575,0.15452526609227618
3102,3551,449,0.11225,0.1511382486092407
3018,3509,491,0.12275,0.15696747846745712
2880,3440,560,0.14,0.16215933819056663
3032,3516,484,0.121,0.15773331103101373
3002,3501,499,0.12475,0.16013310767896474
3038,3519,481,0.12025,0.16111804366693833
3078,3539,461,0.11525,0.16149204247030866
3160,3580,420,0.105,0.15894259022224652
3010,3505,495,0.12375,0.15452388814045118
3016,3508,492,0.123,0.1400801335927099
2970,3485,515,0.12875,0.13738922158640282
3094,3547,453,0.11325,0.13075514317421402
3024,3512,488,0.122,0.1226211698583487
2980,3490,510,0.1275,0.1209880202276363
3050,3525,475,0.11875,0.12055294242128729
3140,3570,430,0.1075,0.12096192603843522
3064,3532,468,0.117,0.12320878929068567
3048,3524,476,0.119,0.12669915845245122
2934,3467,533,0.13325,0.12908906176738674
3062,3531,469,0.11725,0.12652013532647105
3044,3522,478,0.1195,0.12777011280264966
3052,3526,474,0.1185,0.12367901492283272
3056,3528,472,0.118,0.12228255054866895
3070,3535,465,0.11625,0.11894103128626012
3120,3560,440,0.11,0.10918439940271071
3078,3539,461,0.11525,0.09536994727654383
3028,3514,486,0.1215,0.09361851319434225
3112,3556,444,0.111,0.08871267203576014
2984,3492,508,0.127,0.0822060610669696
3030,3515,485,0.12125,0.08086173596303031
3022,3511,489,0.12225,0.08344440068733036
3078,3539,461,0.11525,0.08310988271472161
2930,3465,535,0.13375,0.09631925811800465
2988,3494,506,0.1265,0.11045572478036297
3138,3569,431,0.10775,0.11317121821362525
3138,3569,431,0.10775,0.11357245961762964
3090,3545,455,0.11375,0.12304054456017911
3100,3550,450,0.1125,0.12121952293091454
3032,3516,484,0.121,0.11985687428154052
2942,3471,529,0.13225,0.12120629890970483
2968,3484,516,0.129,0.11312924866005779
3158,3579,421,0.10525,0.09782514935279324
3082,3541,459,0.11475,0.09630321066547186
3126,3563,437,0.10925,0.09522451482340694
3072,3536,464,0.116,0.09383928288664811
3064,3532,468,0.117,0.09856608460424468
3018,3509,491,0.12275,0.1043516898538706
3078,3539,461,0.11525,0.10439029664918781
3038,3519,481,0.12025,0.11803763767890632
3068,3534,466,0.1165,0.13211598727516416
3030,3515,485,0.12125,0.13654263332113623
3110,3555,445,0.11125,0.13668747705987608
3160,3580,420,0.105,0.14021818821610055
2998,3499,501,0.12525,0.13911883256211877
3058,3529,471,0.11775,0.13819110226631165
3138,3569,431,0.10775,0.13466006382788237
3122,3561,439,0.10975,0.1272183635762194
3092,3546,454,0.1135,0.12269344081910094
3160,3580,420,0.105,0.11942237181356177
3096,3548,452,0.113,0.12032508182741003
3036,3518,482,0.1205,0.12242685712408274
3194,3597,403,0.10075,0.129692078864202
3162,3581,419,0.10475,0.13471706620883198
2978,3489,511,0.12775,0.14044238004684098
3028,3514,486,0.1215,0.1529414520858214
3134,3567,433,0.10825,0.16312474034540356
2962,3481,519,0.12975,0.16984531936515124
3024,3512,488,0.122,0.17118685148097576
3132,3566,434,0.1085,0.1695248090699315
3070,3535,465,0.11625,0.16693665077723563
2974,3487,513,0.12825,0.16696135187149047
3120,3560,440,0.11,0.16227512451214715
2996,3498,502,0.1255,0.15310843666270374
2954,3477,523,0.13075,0.14975012936105486
3136,3568,432,0.108,0.14516976608382537
3048,3524,476,0.119,0.14782818120159208
3138,3569,431,0.10775,0.1472930893227458
3134,3567,433,0.10825,0.15045781255699694
3084,3542,458,0.1145,0.15200537646289378
3084,3542,458,0.1145,0.15253917090967298
3002,3501,499,0.12475,0.15952266212599353
2978,3489,511,0.12775,0.168971107893507
3158,3579,421,0.10525,0.1675605537686497
3016,3508,492,0.123,0.1715232616156718
3012,3506,494,0.1235,0.17567539478652555
3010,3505,495,0.12375,0.1762298860917508
3154,3577,423,0.10575,0.1710019655600732
3088,3544,456,0.114,0.17599850845734433
3206,3603,397,0.09925,0.1652586263318081
3194,3597,403,0.10075,0.15966142337092787
2950,3475,525,0.13125,0.1616950067098951
2992,3496,504,0.126,0.16397999344873823
3106,3553,447,0.11175,0.1588599382841494
3098,3549,451,0.11275,0.1704856993854046
3132,3566,434,0.1085,0.1735579168170516
3100,3550,450,0.1125,0.17679373024590314
2950,3475,525,0.13125,0.1884085092680234
3120,3560,440,0.11,0.1911645723413676
3084,3542,458,0.1145,0.19638545055687429
3012,3506,494,0.1235,0.1959098319336772
3064,3532,468,0.117,0.19848269862681628
2990,3495,505,0.12625,0.19384658473916352
3086,3543,457,0.11425,0.19501960203051566
2980,3490,510,0.1275,0.1965156693305039
3028,3514,486,0.1215,0.19291604819521307
3028,3514,486,0.1215,0.1889714537000568
3016,3508,492,0.123,0.1896716666556895
3038,3519,481,0.12025,0.1921579100852832
3010,3505,495,0.12375,0.19144346315227448
3100,3550,450,0.1125,0.19298832879960537
3102,3551,449,0.11225,0.1970152869336307
3124,3562,438,0.1095,0.19652911480329932
2966,3483,517,0.12925,0.20343326401524248
3082,3541,459,0.11475,0.2020740319319612
3090,3545,455,0.11375,0.2057525182068348
2968,3484,516,0.129,0.20750569076091066
3138,3569,431,0.10775,0.2073859728164971
3180,3590,410,0.1025,0.21190929626487195
3060,3530,470,0.1175,0.21502718262188136
2980,3490,510,0.1275,0.22187028750777243
3108,3554,446,0.1115,0.2162965263053775
3080,3540,460,0.115,0.22339573367638513
3006,3503,497,0.12425,0.22687077655969187
3014,3507,493,0.12325,0.23224832042318785
2998,3499,501,0.12525,0.23421604042686522
3118,3559,441,0.11025,0.24206666624343093
3046,3523,477,0.11925,0.24518772290786728
3000,3500,500,0.125,0.2483022747007595
3036,3518,482,0.1205,0.24174286948761436
2914,3457,543,0.13575,0.24094981202876473
2982,3491,509,0.12725,0.2376598068913445
3100,3550,450,0.1125,0.23472710694745183
2972,3486,514,0.1285,0.23244436356565237
3030,3515,485,0.12125,0.2265137102433946
3020,3510,490,0.1225,0.230035661296919
2936,3468,532,0.133,0.2285980873168446
3136,3568,432,0.108,0.22304911307447856
3134,3567,433,0.10825,0.2256006287652999
3142,3571,429,0.10725,0.2258484615162015
3072,3536,464,0.116,0.22726857882738113
3020,3510,490,0.1225,0.22390395618975162
3054,3527,473,0.11825,0.22314302661037072
2986,3493,507,0.12675,0.22388596858223916
3034,3517,483,0.12075,0.22238900068216025
3020,3510,490,0.1225,0.22467664915136992
2916,3458,542,0.1355,0.23595416974427508
2986,3493,507,0.12675,0.23915343726923174
3136,3568,432,0.108,0.23451259265397675
2954,3477,523,0.13075,0.24313996062311344
3014,3507,493,0.12325,0.24061566671554466
3110,3555,445,0.11125,0.23913747684285044
3112,3556,444,0.111,0.2369550356566906
2972,3486,514,0.1285,0.2357504467125982
3098,3549,451,0.11275,0.2148600093773566
2900,3450,550,0.1375,0.21790056339506275
3008,3504,496,0.124,0.21269504381217122
3014,3507,493,0.12325,0.20308349459059535
3018,3509,491,0.12275,0.20276955438405275
3034,3517,483,0.12075,0.2065682949995389
2992,3496,504,0.126,0.20890321646258234
3064,3532,468,0.117,0.21885124676302076
3008,3504,496,0.124,0.23547254233062268
3044,3522,478,0.1195,0.23870696408115327
3140,3570,430,0.1075,0.23836104836021116
3040,3520,480,0.12,0.24408991422131657
3092,3546,454,0.1135,0.23862008240458
3242,3621,379,0.09475,0.23452613633871078
3050,3525,475,0.11875,0.23737315887771546
2972,3486,514,0.1285,0.23251492362143472
3034,3517,483,0.12075,0.2243875003343219
3066,3533,467,0.11675,0.21978544392425375
2988,3494,506,0.1265,0.22357068350113543
3066,3533,467,0.11675,0.23043334909168334
3006,3503,497,0.12425,0.25029175630025563
3054,3527,473,0.11825,0.24992913266923278
2926,3463,537,0.13425,0.25586542794716366
2942,3471,529,0.13225,0.2670805045515299
3066,3533,467,0.11675,0.2796211792215472
2974,3487,513,0.12825,0.28094163659360494
3012,3506,494,0.1235,0.27919547822326424
3128,3564,436,0.109,0.2755094090251796
3150,3575,425,0.10625,0.2531695143468678
2920,3460,540,0.135,0.2580535093437662
3066,3533,467,0.11675,0.2503353200229758
3164,3582,418,0.1045,0.23218860998455057
3018,3509,491,0.12275,0.20692786867753601
3060,3530,470,0.1175,0.20714332615451714
2874,3437,563,0.14075,0.20789578439213802
3110,3555,445,0.11125,0.19698833420150913
3092,3546,454,0.1135,0.20325706523348344
3086,3543,457,0.11425,0.20682187663286514
3004,3502,498,0.1245,0.211573649002763
2934,3467,533,0.13325,0.21893465873831883
3090,3545,455,0.11375,0.21552853171137448
3058,3529,471,0.11775,0.21542426323518157
3074,3537,463,0.11575,0.2157911491745617
3128,3564,436,0.109,0.20199662989971692
3022,3511,489,0.12225,0.1820298606818542
2930,3465,535,0.13375,0.18258210198953748
3082,3541,459,0.11475,0.17586423813714647
3000,3500,500,0.125,0.1658340864004806
3102,3551,449,0.11225,0.15731480479020685
3040,3520,480,0.12,0.16091409977152943
3048,3524,476,0.119,0.15999392734098764
2978,3489,511,0.12775,0.16542902845330537
3128,3564,436,0.109,0.18000915224337952
2992,3496,504,0.126,0.18868473634802588
3122,3561,439,0.10975,0.18399193563498556
3046,3523,477,0.11925,0.19466793522128145
3088,3544,456,0.114,0.19317922028526663
2760,3380,620,0.155,0.20492470275797234
2998,3499,501,0.12525,0.19776462246035226
3132,3566,434,0.1085,0.18377366815693677
3052,3526,474,0.1185,0.16937529731403628
3050,3525,475,0.11875,0.17093787881429306
3050,3525,475,0.11875,0.16778407508824042
3060,3530,470,0.1175,0.15891380708807534
3134,3567,433,0.10825,0.1490333761689435
3088,3544,456,0.114,0.15225636643916368
2986,3493,507,0.12675,0.1534774167565629
3152,3576,424,0.106,0.149787130665831
2976,3488,512,0.128,0.16175839396007358
3144,3572,428,0.107,0.1605066548851828
3074,3537,463,0.11575,0.16376000260562545
2992,3496,504,0.126,0.16776562262245714
3064,3532,468,0.117,0.1659910795232754
3164,3582,418,0.1045,0.1635214513214305
3034,3517,483,0.12075,0.1665490367319435
2864,3432,568,0.142,0.16508633816392101
3052,3526,474,0.1185,0.15559584609046578
3066,3533,467,0.11675,0.1517646400992785
3068,3534,466,0.1165,0.15269383938517422
2984,3492,508,0.127,0.15154017738066614
3096,3548,452,0.113,0.14494078574539634
3030,3515,485,0.12125,0.1413656401926719
3018,3509,491,0.12275,0.14202759030647577
3142,3571,429,0.10725,0.13640357967568112
3126,3563,437,0.10925,0.13426462981527043
3102,3551,449,0.11225,0.13510202329725166
3056,3528,472,0.118,0.13813465270679445
3064,3532,468,0.117,0.14111464713198074
3066,3533,467,0.11675,0.14747460647264962
2904,3452,548,0.137,0.15313695873636823
2916,3458,542,0.1355,0.15092604366241438
2938,3469,531,0.13275,0.15726082528359256
3132,3566,434,0.1085,0.1601494403103693
3126,3563,437,0.10925,0.15829227032372728
3012,3506,494,0.1235,0.1616065846704878
3094,3547,453,0.11325,0.15980538980662823
2944,3472,528,0.132,0.15730906214936716
3066,3533,467,0.11675,0.15090253538032994
2992,3496,504,0.126,0.15643751911178697
3088,3544,456,0.114,0.15215402412042023
3032,3516,484,0.121,0.1568555430918932
3094,3547,453,0.11325,0.15556327642221005
2944,3472,528,0.132,0.15978695985887437
3150,3575,425,0.10625,0.16107609881460666
3124,3562,438,0.1095,0.16600408747447573
3070,3535,465,0.11625,0.16727124989684672
2926,3463,537,0.13425,0.17434753415618254
3022,3511,489,0.12225,0.17069026346269692
3204,3602,398,0.0995,0.15829653071379288
3174,3587,413,0.10325,0.15892240572720767
3114,3557,443,0.11075,0.1620236000987934
2980,3490,510,0.1275,0.16155788820044098
3114,3557,443,0.11075,0.15145398716256023
2998,3499,501,0.12525,0.1520956958729694
3090,3545,455,0.11375,0.1531080074831068
3046,3523,477,0.11925,0.15407285843429058
2996,3498,502,0.1255,0.16495089471305527
3074,3537,463,0.11575,0.16519857702590526
3072,3536,464,0.116,0.16685101312235928
3098,3549,451,0.11275,0.1715067809894681
2940,3470,530,0.1325,0.17026395983435214
3086,3543,457,0.11425,0.1667329983394593
3112,3556,444,0.111,0.16343631326965988
3108,3554,446,0.1115,0.15742525190899426
3012,3506,494,0.1235,0.1468704280101033
3030,3515,485,0.12125,0.14624633579328655
3110,3555,445,0.11125,0.1426976225323524
3062,3531,469,0.11725,0.14076589023059932
3130,3565,435,0.10875,0.13981107865273953
3060,3530,470,0.1175,0.14163287604286187
3062,3531,469,0.11725,0.14241685113310815
3000,3500,500,0.125,0.14682626146663097
3098,3549,451,0.11275,0.1546667797435075
2890,3445,555,0.13875,0.16014652748219668
3118,3559,441,0.11025,0.15810344893852651
3078,3539,461,0.11525,0.1619850561521016
3088,3544,456,0.114,0.16065003025345503
3040,3520,480,0.12,0.16412607781388214
3122,3561,439,0.10975,0.16055154802643257
3218,3609,391,0.09775,0.15623818791860408
2926,3463,537,0.13425,0.15430792173859664
3198,3599,401,0.10025,0.15010673492215573
3040,3520,480,0.12,0.15063111960729464
2986,3493,507,0.12675,0.15085181491356342
3098,3549,451,0.11275,0.16158095801621675
3218,3609,391,0.09775,0.16051659276057034
3088,3544,456,0.114,0.1654355128818774
2996,3498,502,0.1255,0.17591486673615872
3118,3559,441,0.11025,0.1958199176223052
3104,3552,448,0.112,0.19400287744600792
2976,3488,512,0.128,0.2028925700634718
2984,3492,508,0.127,0.20727103020368667
3028,3514,486,0.1215,0.21102789673242045
3016,3508,492,0.123,0.2070669965221205
3046,3523,477,0.11925,0.2055920747909695
3024,3512,488,0.122,0.20332712498915675
3028,3514,486,0.1215,0.19364109385852862
3004,3502,498,0.1245,0.1917039428923108
3040,3520,480,0.12,0.19018581985216587
3134,3567,433,0.10825,0.18623320776224137
2974,3487,513,0.12825,0.19038914976260277
2966,3483,517,0.12925,0.19113879218764487
3164,3582,418,0.1045,0.18751375345140694
3030,3515,485,0.12125,0.19583005758747457
3148,3574,426,0.1065,0.19924664684885648
3202,3601,399,0.09975,0.19792207341774337
2886,3443,557,0.13925,0.20138764781590726
3050,3525,475,0.11875,0.20128430095309113
3126,3563,437,0.10925,0.19918018637201748
3140,3570,430,0.1075,0.19755901583372082
2904,3452,548,0.137,0.20239234534837305
2990,3495,505,0.12625,0.20556086095399223
2994,3497,503,0.12575,0.20746611203532667
3014,3507,493,0.12325,0.20809658653321217
3048,3524,476,0.119,0.2098648131084954
3048,3524,476,0.119,0.21835111931424103
2998,3499,501,0.12525,0.22249470157362522
3106,3553,447,0.11175,0.21890899356012233
3172,3586,414,0.1035,0.2184160447383765
2936,3468,532,0.133,0.2221913446187973
3086,3543,457,0.11425,0.2168766538053751
3098,3549,451,0.11275,0.21451086836960168
3056,3528,472,0.118,0.21584934590434932
3086,3543,457,0.11425,0.21586209442187101
3014,3507,493,0.12325,0.21327266087956767
3062,3531,469,0.11725,0.21507257566396004
3148,3574,426,0.1065,0.2111827007601969
3072,3536,464,0.116,0.21527471082099653
3084,3542,458,0.1145,0.21996235080901533
3036,3518,482,0.1205,0.2195195455760695
3032,3516,484,0.121,0.2208325924053206
2966,3483,517,0.12925,0.22920181837728196
3010,3505,495,0.12375,0.24577126559715703
3102,3551,449,0.11225,0.243943916602424
3076,3538,462,0.1155,0.24034828349139592
3076,3538,462,0.1155,0.24932825080165638
3022,3511,489,0.12225,0.24774774897224086
2928,3464,536,0.134,0.24877007945114746
2990,3495,505,0.12625,0.245891534763854
3110,3555,445,0.11125,0.2445817163748202
2936,3468,532,0.133,0.23781485499099994
3098,3549,451,0.11275,0.23705105717730737
3114,3557,443,0.11075,0.2379410056021934
2940,3470,530,0.1325,0.2412151204222173
3038,3519,481,0.12025,0.2503376138379445
2892,3446,554,0.1385,0.2534265591254647
2998,3499,501,0.12525,0.24506870399136096
3006,3503,497,0.12425,0.25970231484719575
3034,3517,483,0.12075,0.2726226418912411
2952,3476,524,0.131,0.280786933442145
3070,3535,465,0.11625,0.2708108166381717
3082,3541,459,0.11475,0.2769567946446859
3016,3508,492,0.123,0.262581486109877
3086,3543,457,0.11425,0.2645959755860639
3026,3513,487,0.12175,0.2634033493315801
3120,3560,440,0.11,0.24991703479164426
3134,3567,433,0.10825,0.23950427882000805
3048,3524,476,0.119,0.2416442078380933
3070,3535,465,0.11625,0.2450308327906532
3056,3528,472,0.118,0.24138328636949336
3020,3510,490,0.1225,0.25361315436755794
3000,3500,500,0.125,0.26057240675111826
3148,3574,426,0.1065,0.2607868300917498
3076,3538,462,0.1155,0.2626236081980169
3170,3585,415,0.10375,0.2644441813398155
3068,3534,466,0.1165,0.26893225922363523
2984,3492,508,0.127,0.2704471902124896
2906,3453,547,0.13675,0.27481700133863635
2956,3478,522,0.1305,0.2757274396602294
3020,3510,490,0.1225,0.2747075524207903
3092,3546,454,0.1135,0.2773620732193813
2988,3494,506,0.1265,0.28652238859873613
2952,3476,524,0.131,0.3063637942075729
3154,3577,423,0.10575,0.3025878810957074
3092,3546,454,0.1135,0.3071454972065985
2978,3489,511,0.12775,0.31518703925878944
3076,3538,462,0.1155,0.3219678371461392
2984,3492,508,0.127,0.32227434106962755
2946,3473,527,0.13175,0.3247215738166124
2908,3454,546,0.1365,0.32632489523562436
2944,3472,528,0.132,0.33782721363016754
2954,3477,523,0.13075,0.34152964368584454
2968,3484,516,0.129,0.34027885831805177
3116,3558,442,0.1105,0.34085175663232803
2984,3492,508,0.127,0.34716217399938615
3072,3536,464,0.116,0.3412397707173354
3056,3528,472,0.118,0.3359594882993298
3046,3523,477,0.11925,0.32951158574875444
3108,3554,446,0.1115,0.31134027379751206
3052,3526,474,0.1185,0.3088127942622682
3046,3523,477,0.11925,0.30832631802000104
2972,3486,514,0.1285,0.3067754248684505
3042,3521,479,0.11975,0.3108358958773315
3028,3514,486,0.1215,0.30935451690328775
3096,3548,452,0.113,0.31216990812237466
3024,3512,488,0.122,0.31455245234248114
3032,3516,484,0.121,0.3231237984114964
3148,3574,426,0.1065,0.3190493472633243
3050,3525,475,0.11875,0.3204657191264896
3160,3580,420,0.105,0.315705187600106
3012,3506,494,0.1235,0.3026217265876734
3100,3550,450,0.1125,0.2956689159944654
2934,3467,533,0.13325,0.299592731842544
3094,3547,453,0.11325,0.28949160628207027
3018,3509,491,0.12275,0.2968250769264996
3042,3521,479,0.11975,0.2933282722314789
3012,3506,494,0.1235,0.3029030276238918
3080,3540,460,0.115,0.30256281056069184
3122,3561,439,0.10975,0.32742651982701043
2968,3484,516,0.129,0.33449412852092186
2974,3487,513,0.12825,0.3417226646044292
3056,3528,472,0.118,0.3427066947706044
3098,3549,451,0.11275,0.3521888539848442
3052,3526,474,0.1185,0.35484813275693294
2982,3491,509,0.12725,0.356448396697411
3020,3510,490,0.1225,0.3507574207582752
3140,3570,430,0.1075,0.3374884827695787
2988,3494,506,0.1265,0.3425748154639732
2980,3490,510,0.1275,0.3431823471124003
2896,3448,552,0.138,0.3434848937351924
3032,3516,484,0.121,0.34803961252378707
2982,3491,509,0.12725,0.3536535234853254
3046,3523,477,0.11925,0.3584289465926487
2884,3442,558,0.1395,0.3687918758634478
3000,3500,500,0.125,0.37964677846524864
2970,3485,515,0.12875,0.3822728446739493
3014,3507,493,0.12325,0.38507827985519544
3066,3533,467,0.11675,0.3871755364529591
3032,3516,484,0.121,0.3955563563133252
3086,3543,457,0.11425,0.39544429375231266
3076,3538,462,0.1155,0.39441609519085546
2936,3468,532,0.133,0.39423652529850367
2890,3445,555,0.13875,0.37523982052505017
3150,3575,425,0.10625,0.3680447730990127
2960,3480,520,0.13,0.3719422859620753
3064,3532,468,0.117,0.36713940810179335
3102,3551,449,0.11225,0.3771968890528451
3096,3548,452,0.113,0.3758156857062131
2966,3483,517,0.12925,0.37946201698482035
3000,3500,500,0.125,0.37761804860830306
3088,3544,456,0.114,0.38034382185339927
2976,3488,512,0.128,0.38257575780036857
3024,3512,488,0.122,0.38251323107387
3018,3509,491,0.12275,0.38643034151195754
3030,3515,485,0.12125,0.3963525203625931
2958,3479,521,0.13025,0.3986012286656338
2972,3486,514,0.1285,0.3995108836381696
3050,3525,475,0.11875,0.4006319111980959
3020,3510,490,0.1225,0.40853784424011247
3102,3551,449,0.11225,0.4049453574999352
3092,3546,454,0.1135,0.4082859348505735
2928,3464,536,0.134,0.4130923227376952
2992,3496,504,0.126,0.4232176408097148
3018,3509,491,0.12275,0.42151463835180036
2956,3478,522,0.1305,0.42235624001676164
2994,3497,503,0.12575,0.42441692917793994
3024,3512,488,0.122,0.42990327072892215
3016,3508,492,0.123,0.4317985427216627
3014,3507,493,0.12325,0.43109540937454527
2870,3435,565,0.14125,0.43523000509291887
2986,3493,507,0.12675,0.4293329666198776
3072,3536,464,0.116,0.42298504092481565
2940,3470,530,0.1325,0.42788874939735977
3062,3531,469,0.11725,0.4201585032516159
3050,3525,475,0.11875,0.4116578154936433
3044,3522,478,0.1195,0.4066143903169971
3024,3512,488,0.122,0.40236056886809957
3066,3533,467,0.11675,0.39555710376379283
3058,3529,471,0.11775,0.37783842328190803
2978,3489,511,0.12775,0.3753020672957209
3154,3577,423,0.10575,0.37249478503584393
2956,3478,522,0.1305,0.37659253352732047
2958,3479,521,0.13025,0.3833950334191322
2978,3489,511,0.12775,0.38775161386770196
2924,3462,538,0.1345,0.3886366973657805
3124,3562,438,0.1095,0.3920269966031192
3098,3549,451,0.11275,0.4047974524390811
2984,3492,508,0.127,0.4074426927641034
3018,3509,491,0.12275,0.4046299321795814
3008,3504,496,0.124,0.4050002717995085
2972,3486,514,0.1285,0.3828320676926523
3068,3534,466,0.1165,0.3763458054047078
3036,3518,482,0.1205,0.3734411017202074
2916,3458,542,0.1355,0.3732789140726339
3066,3533,467,0.11675,0.35300934451678767
3000,3500,500,0.125,0.3554706710393075
2938,3469,531,0.13275,0.3509180391505361
3106,3553,447,0.11175,0.3522783865425736
2972,3486,514,0.1285,0.3552206292040646
3082,3541,459,0.11475,0.3522881560847163
2960,3480,520,0.13,0.3523050929147923
3072,3536,464,0.116,0.34791947859526173
3140,3570,430,0.1075,0.3340180749669671
3002,3501,499,0.12475,0.3357452400904731
2928,3464,536,0.134,0.33761873758385263
3080,3540,460,0.115,0.3295781003748965
2916,3458,542,0.1355,0.32797307802665226
3106,3553,447,0.11175,0.32420201300580687
3094,3547,453,0.11325,0.3242517088875175
2930,3465,535,0.13375,0.32811349098104986
3102,3551,449,0.11225,0.32760229865569274
3104,3552,448,0.112,0.3307761567900379
3082,3541,459,0.11475,0.33039194864151145
3062,3531,469,0.11725,0.3312166620605276
2970,3485,515,0.12875,0.32915230510317034
3016,3508,492,0.123,0.3289295259542414
3078,3539,461,0.11525,0.3287282901144354
3126,3563,437,0.10925,0.32497292302269487
3024,3512,488,0.122,0.32756167401918174
2996,3498,502,0.1255,0.3266383609584409
3062,3531,469,0.11725,0.3257595215309411
2938,3469,531,0.13275,0.3265365796612314
2964,3482,518,0.1295,0.31507186664856907
3014,3507,493,0.12325,0.31238964029587807
3162,3581,419,0.10475,0.3082701274110004
3152,3576,424,0.106,0.3063577701221093
3018,3509,491,0.12275,0.2729485809430653
3030,3515,485,0.12125,0.27521558346401437
3074,3537,463,0.11575,0.26844654494524
3052,3526,474,0.1185,0.2668474120233819
3074,3537,463,0.11575,0.25140505134249647
2892,3446,554,0.1385,0.2573065417836214
2940,3470,530,0.1325,0.2575247128486226
3080,3540,460,0.115,0.25246493466151876
3144,3572,428,0.107,0.24725172589616887
3098,3549,451,0.11275,0.2517107786455458
3158,3579,421,0.10525,0.24796428019128508
3028,3514,486,0.1215,0.2501924983903882
3060,3530,470,0.1175,0.22950626337362337
3160,3580,420,0.105,0.2256508362852037
3018,3509,491,0.12275,0.2283079160304153
3112,3556,444,0.111,0.22519911833746398
3096,3548,452,0.113,0.21878250636160373
3114,3557,443,0.11075,0.22150454635946154
3122,3561,439,0.10975,0.22375167370669874
3068,3534,466,0.1165,0.22522329097613691
3038,3519,481,0.12025,0.2643083036286407
2918,3459,541,0.13525,0.261706537786522
3126,3563,437,0.10925,0.26506380317691947
2986,3493,507,0.12675,0.26761418922314395
3064,3532,468,0.117,0.2818246795996092
2990,3495,505,0.12625,0.28564815371134317
3066,3533,467,0.11675,0.28024976877394864
3052,3526,474,0.1185,0.2770709459744394
3092,3546,454,0.1135,0.24930363536532968
3082,3541,459,0.11475,0.24999222926149303
3046,3523,477,0.11925,0.24617109016338065
2964,3482,518,0.1295,0.24682382559147664
3058,3529,471,0.11775,0.24331260012562672
3002,3501,499,0.12475,0.250133893026039
3098,3549,451,0.11275,0.24834781676804413
2996,3498,502,0.1255,0.25468997945496813
2988,3494,506,0.1265,0.2863075477638122
3184,3592,408,0.102,0.2778368208126815
3062,3531,469,0.11725,0.2825576142119733
2954,3477,523,0.13075,0.2893988488204777
3074,3537,463,0.11575,0.27155544502288104
3064,3532,468,0.117,0.2663931126198353
2986,3493,507,0.12675,0.26734655465573715
3006,3503,497,0.12425,0.2679618952075274
3000,3500,500,0.125,0.24826885132770984
2980,3490,510,0.1275,0.2452376426596311
3070,3535,465,0.11625,0.24640323199779596
3028,3514,486,0.1215,0.24623519215133274
3070,3535,465,0.11625,0.2572357841748744
3090,3545,455,0.11375,0.25694866079092027
3042,3521,479,0.11975,0.26333058584085667
3040,3520,480,0.12,0.263653434332218
3060,3530,470,0.1175,0.2956002003603593
3010,3505,495,0.12375,0.3002766743860368
3138,3569,431,0.10775,0.2987146434374154
3050,3525,475,0.11875,0.30130494099110366
3038,3519,481,0.12025,0.32142061312822623
3148,3574,426,0.1065,0.32257661938404764
3060,3530,470,0.1175,0.3236386559736333
2960,3480,520,0.13,0.32579805370792747
3012,3506,494,0.1235,0.3520924277916783
2988,3494,506,0.1265,0.36055392767657757
3040,3520,480,0.12,0.3587017837106877
3006,3503,497,0.12425,0.3635723239939389
2984,3492,508,0.127,0.41545932100874733
2946,3473,527,0.13175,0.4243115418179916
3152,3576,424,0.106,0.4217502163015306
3114,3557,443,0.11075,0.42374020344799646
3046,3523,477,0.11925,0.44083345366540105
2992,3496,504,0.126,0.4486374975361396
3062,3531,469,0.11725,0.4453984234184027
2906,3453,547,0.13675,0.44531406669691204
3020,3510,490,0.1225,0.46853347674384715
3016,3508,492,0.123,0.4753311793573266
2880,3440,560,0.14,0.4788979241689667
3056,3528,472,0.118,0.473898333914578
2958,3479,521,0.13025,0.4891057460308075
3050,3525,475,0.11875,0.4870530435453429
2990,3495,505,0.12625,0.49128358089115254
2974,3487,513,0.12825,0.4724890637320932
3124,3562,438,0.1095,0.4883476881873794
3056,3528,472,0.118,0.46878988422295786
3072,3536,464,0.116,0.4702562627829611
3088,3544,456,0.114,0.43265373741416263
3078,3539,461,0.11525,0.42825173153658397
3064,3532,468,0.117,0.4371509024053812
2980,3490,510,0.1275,0.4294774626881699
2966,3483,517,0.12925,0.3997131516057998
3102,3551,449,0.11225,0.38494686566945163
3130,3565,435,0.10875,0.38247612775862216
3014,3507,493,0.12325,0.38425697062716585
2936,3468,532,0.133,0.3929673195444047
2982,3491,509,0.12725,0.3754385365671478
2940,3470,530,0.1325,0.3776844327477738
3116,3558,442,0.1105,0.3704141110151795
3060,3530,470,0.1175,0.3744720658659935
3072,3536,464,0.116,0.33985223043523727
2894,3447,553,0.13825,0.34541476492316
3026,3513,487,0.12175,0.34098529097036223
2906,3453,547,0.13675,0.340869404271245
2992,3496,504,0.126,0.3224641134706908
2992,3496,504,0.126,0.32245609208432346
3046,3523,477,0.11925,0.3193218610708136
3092,3546,454,0.1135,0.31757807487189643
3060,3530,470,0.1175,0.30451044119765036
2956,3478,522,0.1305,0.30619679915579034
3008,3504,496,0.124,0.30209912926889954
3046,3523,477,0.11925,0.29928308755345645
2966,3483,517,0.12925,0.28008897877298294
2954,3477,523,0.13075,0.2788354697483277
3018,3509,491,0.12275,0.27886220793577376
3074,3537,463,0.11575,0.2742804086648393
3032,3516,484,0.121,0.2701798095937161
3076,3538,462,0.1155,0.26841188298910856
3102,3551,449,0.11225,0.26940444034151734
3050,3525,475,0.11875,0.2702333719906164
3246,3623,377,0.09425,0.24808403936540707
3062,3531,469,0.11725,0.2529185913866386
3054,3527,473,0.11825,0.250805887106806
3040,3520,480,0.12,0.25021863956047574
3066,3533,467,0.11675,0.22777114791353234
3070,3535,465,0.11625,0.23242482834251132
2948,3474,526,0.1315,0.23506876348750666
3002,3501,499,0.12475,0.23808493767189792
3090,3545,455,0.11375,0.26902491303918397
2928,3464,536,0.134,0.2765055943206715
3084,3542,458,0.1145,0.2770771092027886
3032,3516,484,0.121,0.28515647637280916
3072,3536,464,0.116,0.31239209056405526
3118,3559,441,0.11025,0.31599593720026725
3066,3533,467,0.11675,0.313929056590423
3082,3541,459,0.11475,0.31488766822218894
3108,3554,446,0.1115,0.30674296386167405
3054,3527,473,0.11825,0.3083390478307683
2966,3483,517,0.12925,0.30906995262827136
3018,3509,491,0.12275,0.3107958194464445
3026,3513,487,0.12175,0.33699892698859185
3018,3509,491,0.12275,0.3392366805523634
2942,3471,529,0.13225,0.3436519153821283
3030,3515,485,0.12125,0.34502191235713364
3040,3520,480,0.12,0.3719166693481384
3042,3521,479,0.11975,0.37322732520500335
2992,3496,504,0.126,0.3730192624386518
3096,3548,452,0.113,0.37275581443974626
2960,3480,520,0.13,0.3650921367618721
3100,3550,450,0.1125,0.36027464326858444
3062,3531,469,0.11725,0.36046153402597897
3108,3554,446,0.1115,0.3600331975214099
3022,3511,489,0.12225,0.37071913957595826
3170,3585,415,0.10375,0.36962175136402947
3068,3534,466,0.1165,0.37179052249790084
3118,3559,441,0.11025,0.37187656088743826
3054,3527,473,0.11825,0.41338220892101524
2986,3493,507,0.12675,0.4191128877323732
2986,3493,507,0.12675,0.42259714676521026
2996,3498,502,0.1255,0.4209926508241333
3054,3527,473,0.11825,0.45425319043919443
2938,3469,531,0.13275,0.4579456119029783
3012,3506,494,0.1235,0.45564849791675804
2994,3497,503,0.12575,0.4548946898728609
3090,3545,455,0.11375,0.4289901544838212
3070,3535,465,0.11625,0.4268202161937952
3096,3548,452,0.113,0.41983585597900674
3086,3543,457,0.11425,0.4141876576468908
3146,3573,427,0.10675,0.3752333633042872
3022,3511,489,0.12225,0.3766876849271357
3060,3530,470,0.1175,0.3750339637013222
3046,3523,477,0.11925,0.37087715601292437
3056,3528,472,0.118,0.3785500678597018
3030,3515,485,0.12125,0.3809592216212186
3026,3513,487,0.12175,0.3867950564759175
3014,3507,493,0.12325,0.3882056752377248
2992,3496,504,0.126,0.40696475670694965
3070,3535,465,0.11625,0.40079490946349894
3078,3539,461,0.11525,0.40056443346053855
3066,3533,467,0.11675,0.39868166571815
3034,3517,483,0.12075,0.35290589373302644
3102,3551,449,0.11225,0.3421045462824404
2988,3494,506,0.1265,0.3445491925541062
2958,3479,521,0.13025,0.3361706631896086
3036,3518,482,0.1205,0.3170106591954827
3030,3515,485,0.12125,0.3219866866291268
3006,3503,497,0.12425,0.3210682712791903
3072,3536,464,0.116,0.32545107704028486
3056,3528,472,0.118,0.3605554921538569
3042,3521,479,0.11975,0.3668564023282379
2870,3435,565,0.14125,0.3735252164292615
2996,3498,502,0.1255,0.3766550341524289
2940,3470,530,0.1325,0.3949980886211635
3028,3514,486,0.1215,0.39075360111824714
3076,3538,462,0.1155,0.3879454790204763
3144,3572,428,0.107,0.38409436638653277
3012,3506,494,0.1235,0.35401361937583714
2960,3480,520,0.13,0.35188310919755544
3042,3521,479,0.11975,0.34874014018848537
3022,3511,489,0.12225,0.3448000875376165
3090,3545,455,0.11375,0.32254379471996797
3098,3549,451,0.11275,0.31825506742496507
3076,3538,462,0.1155,0.3198897393904626
2966,3483,517,0.12925,0.32180243805901726
3032,3516,484,0.121,0.3128350753663981
3104,3552,448,0.112,0.3110092111903614
2926,3463,537,0.13425,0.31775982042002365
3008,3504,496,0.124,0.31720285852934466
2996,3498,502,0.1255,0.31426494372496383
3094,3547,453,0.11325,0.3109029794457601
3004,3502,498,0.1245,0.31299333784263583
3140,3570,430,0.1075,0.3076321444120258
2984,3492,508,0.127,0.29686050163371286
2966,3483,517,0.12925,0.2962435441834648
3022,3511,489,0.12225,0.29378079759554987
3080,3540,460,0.115,0.2892115581391618
3010,3505,495,0.12375,0.28313609235953696
3002,3501,499,0.12475,0.2829918112306623
3070,3535,465,0.11625,0.2795853207614864
3072,3536,464,0.116,0.2764533990003388
3064,3532,468,0.117,0.27097441951072687
3122,3561,439,0.10975,0.2689538142522797
3044,3522,478,0.1195,0.2706255668476224
3034,3517,483,0.12075,0.27085261992660564
3166,3583,417,0.10425,0.2614985699712997
2918,3459,541,0.13525,0.26317665502242743
3060,3530,470,0.1175,0.25936107867677494
3100,3550,450,0.1125,0.25728772346396
3160,3580,420,0.105,0.24006095214560627
3014,3507,493,0.12325,0.24508007000479848
3090,3545,455,0.11375,0.2436003433196456
2950,3475,525,0.13125,0.24585277025122196
3110,3555,445,0.11125,0.24791321151575596
3146,3573,427,0.10675,0.2501613691579314
2978,3489,511,0.12775,0.2559849964179994
3102,3551,449,0.11225,0.25030741815696356
3064,3532,468,0.117,0.23892684325308072
2984,3492,508,0.127,0.23941529523022473
3054,3527,473,0.11825,0.23819512216001748
2892,3446,554,0.1385,0.23952014861744828
3082,3541,459,0.11475,0.22766301489993981
3016,3508,492,0.123,0.23174503695556325
3026,3513,487,0.12175,0.2328850905559957
3156,3578,422,0.1055,0.22715530822719485
2970,3485,515,0.12875,0.23132242498060804
3182,3591,409,0.10225,0.22989174054394243
3004,3502,498,0.1245,0.2364699752768611
3104,3552,448,0.112,0.23258097275905312
3004,3502,498,0.1245,0.2519791931028194
2940,3470,530,0.1325,0.25537977735046297
3042,3521,479,0.11975,0.259463484515436
2940,3470,530,0.1325,0.26334614904411136
3086,3543,457,0.11425,0.303519447722123
2930,3465,535,0.13375,0.3118139302302967
3070,3535,465,0.11625,0.31116145139571744
3044,3522,478,0.1195,0.3189306353786649
2962,3481,519,0.12975,0.34259986983101165
2862,3431,569,0.14225,0.3497686980931288
3014,3507,493,0.12325,0.34437357531956514
3064,3532,468,0.117,0.34565124079212545
3024,3512,488,0.122,0.35613169672881484
2972,3486,514,0.1285,0.3604158798959106
2916,3458,542,0.1355,0.36499019073694944
3074,3537,463,0.11575,0.357476459832862
3118,3559,441,0.11025,0.3567256199978292
2984,3492,508,0.127,0.35962833816435885
3006,3503,497,0.12425,0.3621299703249619
3018,3509,491,0.12275,0.35694320615613834
3042,3521,479,0.11975,0.3496905699447966
2926,3463,537,0.13425,0.35071432532107977
3128,3564,436,0.109,0.3455801762172222
3092,3546,454,0.1135,0.3399105608785685
3044,3522,478,0.1195,0.3229640289992094
3120,3560,440,0.11,0.3183025901573128
3122,3561,439,0.10975,0.31810716102272274
3102,3551,449,0.11225,0.3129793172372724
3092,3546,454,0.1135,0.303124884397751
3040,3520,480,0.12,0.307020024378774
3182,3591,409,0.10225,0.2999981544725597
3004,3502,498,0.1245,0.3063153703285498
3052,3526,474,0.1185,0.3071998746580357
3084,3542,458,0.1145,0.311376761302352
3092,3546,454,0.1135,0.3096655241116241
3044,3522,478,0.1195,0.3121840492472912
3016,3508,492,0.123,0.3096834056191146
3040,3520,480,0.12,0.3133588582677804
3014,3507,493,0.12325,0.30953774520644217
3080,3540,460,0.115,0.3080775449131634
3084,3542,458,0.1145,0.29762258962448684
3010,3505,495,0.12375,0.2987502264050782
2954,3477,523,0.13075,0.2995447292306926
3030,3515,485,0.12125,0.29387673492729666
3058,3529,471,0.11775,0.28386717232409864
3120,3560,440,0.11,0.2817226703951284
3106,3553,447,0.11175,0.2842089843484985
2976,3488,512,0.128,0.2862736699655652
3080,3540,460,0.115,0.2814802941946837
3024,3512,488,0.122,0.28180170979176183
3000,3500,500,0.125,0.28368905146420004
2984,3492,508,0.127,0.2855152451663213
3154,3577,423,0.10575,0.27128255368116877
3084,3542,458,0.1145,0.2740778056296986
3130,3565,435,0.10875,0.272630643075332
3090,3545,455,0.11375,0.2719994482177941
2964,3482,518,0.1295,0.26541953431986715
3010,3505,495,0.12375,0.2654555936873155
3124,3562,438,0.1095,0.26322254586656346
2976,3488,512,0.128,0.265681133854494
3076,3538,462,0.1155,0.25467706580253435
3028,3514,486,0.1215,0.25522075255401433
3038,3519,481,0.12025,0.24983713579596953
3078,3539,461,0.11525,0.24774049660563469
3102,3551,449,0.11225,0.22514139873930253
2978,3489,511,0.12775,0.2273261206392199
2992,3496,504,0.126,0.2218917837034169
3104,3552,448,0.112,0.21585684808253428
3130,3565,435,0.10875,0.2074197168997298
3054,3527,473,0.11825,0.21202672782033152
3030,3515,485,0.12125,0.21182681351306382
3042,3521,479,0.11975,0.2118921394979028
3060,3530,470,0.1175,0.22099247651089718
2990,3495,505,0.12625,0.22304700913093983
3060,3530,470,0.1175,0.22500840644922482
3016,3508,492,0.123,0.22757244862968587
2974,3487,513,0.12825,0.22781041575358693
3020,3510,490,0.1225,0.2294260651767254
3076,3538,462,0.1155,0.22898765697245838
3014,3507,493,0.12325,0.22944043409079312
2942,3471,529,0.13225,0.21613933955784886
3154,3577,423,0.10575,0.21028308570821103
3034,3517,483,0.12075,0.21303407815952558
3148,3574,426,0.1065,0.20424155952013107
2856,3428,572,0.143,0.2028699228297919
3104,3552,448,0.112,0.1974233491680643
3076,3538,462,0.1155,0.19978960081917466
2988,3494,506,0.1265,0.20350707800127565
3124,3562,438,0.1095,0.21256002771111196
3114,3557,443,0.11075,0.2112489599654218
3158,3579,421,0.10525,0.21386569425960988
3098,3549,451,0.11275,0.21487519624643028
3128,3564,436,0.109,0.20674355328914862
2982,3491,509,0.12725,0.2064436811653523
3134,3567,433,0.10825,0.2012782138209259
3100,3550,450,0.1125,0.19821294663194566
3068,3534,466,0.1165,0.18563183403387665
3092,3546,454,0.1135,0.18543400039477273
3024,3512,488,0.122,0.18572667841310614
3080,3540,460,0.115,0.1865720181461786
3016,3508,492,0.123,0.20298146632012753
3122,3561,439,0.10975,0.20481349966765264
3072,3536,464,0.116,0.2090797692523338
3028,3514,486,0.1215,0.2152278645001773
3042,3521,479,0.11975,0.22411947799520568
3192,3596,404,0.101,0.2185418246669797
3068,3534,466,0.1165,0.21901873472239822
3136,3568,432,0.108,0.21140149407880382
3012,3506,494,0.1235,0.18989763546548782
3012,3506,494,0.1235,0.18763475180246178
2956,3478,522,0.1305,0.18498800761689654
2952,3476,524,0.131,0.18064828149881215
2930,3465,535,0.13375,0.18479000705875295
3114,3557,443,0.11075,0.18426921228133142
2990,3495,505,0.12625,0.19227765418280615
3090,3545,455,0.11375,0.19278302741977799
3004,3502,498,0.1245,0.21405170409223534
3100,3550,450,0.1125,0.21507013352774085
3074,3537,463,0.11575,0.2194869006864028
3116,3558,442,0.1105,0.21885825187526645
3006,3503,497,0.12425,0.2122379870778277
3068,3534,466,0.1165,0.203420824658242
2964,3482,518,0.1295,0.19910145917950559
3086,3543,457,0.11425,0.18830879338365047
3038,3519,481,0.12025,0.1773724467628708
2948,3474,526,0.1315,0.17689180060020915
3096,3548,452,0.113,0.17156080533623777
3034,3517,483,0.12075,0.17426103241555393
3004,3502,498,0.1245,0.1845193281713873
2986,3493,507,0.12675,0.1890070927733759
2936,3468,532,0.133,0.1963579346574843
2918,3459,541,0.13525,0.20216722933057463
3046,3523,477,0.11925,0.21206703110039235
2908,3454,546,0.1365,0.21646630976971723
3088,3544,456,0.114,0.2090177536445351
3030,3515,485,0.12125,0.21138524392101682
2970,3485,515,0.12875,0.19752368632252176
3100,3550,450,0.1125,0.18608957044716953
3074,3537,463,0.11575,0.1778878859271499
3098,3549,451,0.11275,0.17328395252140763
2930,3465,535,0.13375,0.1679150939581426
3048,3524,476,0.119,0.16280636993143707
2996,3498,502,0.1255,0.16642789453066914
3064,3532,468,0.117,0.17295504900971767
2984,3492,508,0.127,0.19402725234255194
3064,3532,468,0.117,0.19810032045405934
3034,3517,483,0.12075,0.21047516303136946
3028,3514,486,0.1215,0.22073929764786981
3146,3573,427,0.10675,0.22550329734012484
2938,3469,531,0.13275,0.23040685983562434
2900,3450,550,0.1375,0.2310577283866787
3108,3554,446,0.1115,0.22040493412688375
2962,3481,519,0.12975,0.21358089631822255
3002,3501,499,0.12475,0.20498031738167696
3070,3535,465,0.11625,0.20253557885298507
3038,3519,481,0.12025,0.19623230264522143
3060,3530,470,0.1175,0.19228059102585165
3026,3513,487,0.12175,0.1895993155901981
3118,3559,441,0.11025,0.18661769516021012
3076,3538,462,0.1155,0.18781714732106775
3130,3565,435,0.10875,0.19378698141051653
3056,3528,472,0.118,0.1958706813533645
3126,3563,437,0.10925,0.1955033807163616
3020,3510,490,0.1225,0.20056186051573605
3050,3525,475,0.11875,0.21238367842783917
3096,3548,452,0.113,0.21782472895432933
3026,3513,487,0.12175,0.22131346809118987
3126,3563,437,0.10925,0.22335641562177624
3114,3557,443,0.11075,0.224632636568218
3062,3531,469,0.11725,0.22760732571408152
3056,3528,472,0.118,0.22713939642929473
2958,3479,521,0.13025,0.22704264752566813
3030,3515,485,0.12125,0.21793196101556533
3108,3554,446,0.1115,0.2156706430317936
3088,3544,456,0.114,0.21454679904319482
3028,3514,486,0.1215,0.21760405308799818
3012,3506,494,0.1235,0.2159642099607736
2946,3473,527,0.13175,0.22211577180634776
3050,3525,475,0.11875,0.2195404105563648
3160,3580,420,0.105,0.222030153054744
3066,3533,467,0.11675,0.22937770515680314
3180,3590,410,0.1025,0.2291357016170391
3016,3508,492,0.123,0.23140668636844525
3018,3509,491,0.12275,0.23164978450536727
2978,3489,511,0.12775,0.2330222462527454
3092,3546,454,0.1135,0.2282747803591192
3042,3521,479,0.11975,0.22955092040600722
3076,3538,462,0.1155,0.22767472891818033
2910,3455,545,0.13625,0.22999017389899382
3222,3611,389,0.09725,0.22221375115774572
2976,3488,512,0.128,0.23059164920842182
3036,3518,482,0.1205,0.2282408290039748
3054,3527,473,0.11825,0.2297704767846808
3068,3534,466,0.1165,0.23104218827496514
2958,3479,521,0.13025,0.2409744270266965
2872,3436,564,0.141,0.24460762746948667
3018,3509,491,0.12275,0.25336174271592304
3148,3574,426,0.1065,0.24843048967979847
3030,3515,485,0.12125,0.25701760804187507
3120,3560,440,0.11,0.253650582457758
3108,3554,446,0.1115,0.24305153032019736
3124,3562,438,0.1095,0.2347496052295901
3072,3536,464,0.116,0.22999208864964293
3124,3562,438,0.1095,0.21966867263475434
2916,3458,542,0.1355,0.20902999729663133
3026,3513,487,0.12175,0.2044750015642494
3020,3510,490,0.1225,0.20567400787025691
3088,3544,456,0.114,0.20823289860077968
2974,3487,513,0.12825,0.22942582733945263
3118,3559,441,0.11025,0.23566951086191693
3124,3562,438,0.1095,0.2438672975459705
3076,3538,462,0.1155,0.2505565540008247
2982,3491,509,0.12725,0.26054443531669674
3086,3543,457,0.11425,0.2572056798518438
3128,3564,436,0.109,0.25483592615079104
3036,3518,482,0.1205,0.25446899090897207
3198,3599,401,0.10025,0.24196543830493464
3092,3546,454,0.1135,0.2387260909661518
2986,3493,507,0.12675,0.2374715688736178
3032,3516,484,0.121,0.2334234939205705
2990,3495,505,0.12625,0.24495708761322585
2976,3488,512,0.128,0.24704951116816665
3086,3543,457,0.11425,0.26628944610012695
2968,3484,516,0.129,0.2762100762990303
3032,3516,484,0.121,0.3087088070251048
3022,3511,489,0.12225,0.31419836058095096
2910,3455,545,0.13625,0.33666628526570497
2930,3465,535,0.13375,0.3378452645353215
3080,3540,460,0.115,0.33865974199678883
2984,3492,508,0.127,0.3372972104921937
3096,3548,452,0.113,0.32576443422213197
3096,3548,452,0.113,0.31831867742026226
2982,3491,509,0.12725,0.3043238043525489
3016,3508,492,0.123,0.2951578350886703
3024,3512,488,0.122,0.280620311871171
2988,3494,506,0.1265,0.2768643844202161
3070,3535,465,0.11625,0.26841319476952774
3054,3527,473,0.11825,0.267111080694415
3012,3506,494,0.1235,0.2654667385345965
2934,3467,533,0.13325,0.2678096058499359
3122,3561,439,0.10975,0.26327959954272956
2968,3484,516,0.129,0.26755206740315407
3038,3519,481,0.12025,0.25933226431545336
3022,3511,489,0.12225,0.2570990344397724
2958,3479,521,0.13025,0.24119569345219155
3048,3524,476,0.119,0.2345523763731951
2960,3480,520,0.13,0.22027269806712865
2980,3490,510,0.1275,0.21028625664397554
3148,3574,426,0.1065,0.18778041013142674
2954,3477,523,0.13075,0.19034977708011866
3100,3550,450,0.1125,0.17653279429354188
2978,3489,511,0.12775,0.17376641307563842
3056,3528,472,0.118,0.1691782733183354
3180,3590,410,0.1025,0.16529284826572985
3034,3517,483,0.12075,0.17103360202442855
3068,3534,466,0.1165,0.16910414260416293
3124,3562,438,0.1095,0.17229982861934787
2946,3473,527,0.13175,0.17492727850505616
3048,3524,476,0.119,0.1762842940548435
2948,3474,526,0.1315,0.1801827770556256
2978,3489,511,0.12775,0.1827746262392029
3116,3558,442,0.1105,0.1811883780825883
3080,3540,460,0.115,0.18157301665004344
3030,3515,485,0.12125,0.1792188293468207
2978,3489,511,0.12775,0.1719989620654378
2866,3433,567,0.14175,0.1721417114548385
3112,3556,444,0.111,0.15547780537379705
2990,3495,505,0.12625,0.15702602488757111
2978,3489,511,0.12775,0.1470376882702996
2992,3496,504,0.126,0.1482046646956587
2962,3481,519,0.12975,0.14248058050794146
3186,3593,407,0.10175,0.1393583846259862
3064,3532,468,0.117,0.13573405847736286
3108,3554,446,0.1115,0.1356241067936644
2984,3492,508,0.127,0.13297989202302415
2920,3460,540,0.135,0.1332264978773892
3044,3522,478,0.1195,0.12826344322997466
3016,3508,492,0.123,0.12988643738627434
2994,3497,503,0.12575,0.13036384193366393
3104,3552,448,0.112,0.1252089521870911
3160,3580,420,0.105,0.12024201653292403
3118,3559,441,0.11025,0.11911674209311604
3030,3515,485,0.12125,0.11309432778181508
3122,3561,439,0.10975,0.10610788859892636
2952,3476,524,0.131,0.10532447731157299
3150,3575,425,0.10625,0.10067164626767044
2966,3483,517,0.12925,0.10444874018539842
3068,3534,466,0.1165,0.10230152630154044
3046,3523,477,0.11925,0.1091613158764128
3120,3560,440,0.11,0.107937189865057
3022,3511,489,0.12225,0.11428330476260874
3026,3513,487,0.12175,0.11337877861689777
3042,3521,479,0.11975,0.11453746074652736
3052,3526,474,0.1185,0.11245882248040288
3110,3555,445,0.11125,0.10926357712154276
3090,3545,455,0.11375,0.10827682808833197
3118,3559,441,0.11025,0.10585056614101632
3060,3530,470,0.1175,0.10596618006099015
3042,3521,479,0.11975,0.10324024975765905
3028,3514,486,0.1215,0.10104248312602014
3032,3516,484,0.121,0.09918961340367097
3012,3506,494,0.1235,0.10087342110741916
3052,3526,474,0.1185,0.10123183762880217
3120,3560,440,0.11,0.10163699616549639
3050,3525,475,0.11875,0.1050332128223963
3040,3520,480,0.12,0.10452497112983837
2918,3459,541,0.13525,0.10550216043409545
2998,3499,501,0.12525,0.10459466790283124
2976,3488,512,0.128,0.10814759413979481
2998,3499,501,0.12525,0.10751739784516394
3100,3550,450,0.1125,0.10531794900385018
3090,3545,455,0.11375,0.1025803036055877
3052,3526,474,0.1185,0.10042910314677284
3036,3518,482,0.1205,0.10121166625435035
3136,3568,432,0.108,0.09134426001366228
2978,3489,511,0.12775,0.09475419044075534
2906,3453,547,0.13675,0.09484197634493469
3190,3595,405,0.10125,0.08974321408517724
3106,3553,447,0.11175,0.08943997931061312
2990,3495,505,0.12625,0.09458680520963293
3026,3513,487,0.12175,0.09728169823810458
3046,3523,477,0.11925,0.09813168121253148
2952,3476,524,0.131,0.10336721657248552
3156,3578,422,0.1055,0.10242972522083436
3168,3584,416,0.104,0.10605380449257791
3110,3555,445,0.11125,0.10524091046809918
3198,3599,401,0.10025,0.09858755303733051
3092,3546,454,0.1135,0.09623064381009316
2964,3482,518,0.1295,0.09227222467254956
3060,3530,470,0.1175,0.08910336442674544
3168,3584,416,0.104,0.0849713244868908
3022,3511,489,0.12225,0.08972039145976304
2968,3484,516,0.129,0.10110741990059614
3030,3515,485,0.12125,0.1000896019153297
3074,3537,463,0.11575,0.11271878211852163
3046,3523,477,0.11925,0.1253440393526107
2908,3454,546,0.1365,0.13889322623144834
3058,3529,471,0.11775,0.13707177222592873
2956,3478,522,0.1305,0.1441309610977769
3060,3530,470,0.1175,0.14373910973232643
3072,3536,464,0.116,0.14363857156038284
3056,3528,472,0.118,0.14273961752466857
3134,3567,433,0.10825,0.13506821803442107
2990,3495,505,0.12625,0.13014964095689358
3038,3519,481,0.12025,0.12098367771692574
3120,3560,440,0.11,0.11588772592949681
2954,3477,523,0.13075,0.11595270079034667
3178,3589,411,0.10275,0.11447806253726481
3044,3522,478,0.1195,0.1275469637205824
3198,3599,401,0.10025,0.12349059862381546
3076,3538,462,0.1155,0.14063890616947175
3138,3569,431,0.10775,0.15312402866024058
3070,3535,465,0.11625,0.16324804915208369
3112,3556,444,0.111,0.1610845260640549
2966,3483,517,0.12925,0.16963659947644918
3072,3536,464,0.116,0.1676733467451606
3018,3509,491,0.12275,0.16530246082507075
2940,3470,530,0.1325,0.1663545676625363
2918,3459,541,0.13525,0.16914536543289432
2946,3473,527,0.13175,0.1696673768570182
3032,3516,484,0.121,0.17322887596659306
3044,3522,478,0.1195,0.173616577407578
3040,3520,480,0.12,0.18261653789881935
3026,3513,487,0.12175,0.1832449239822798
3134,3567,433,0.10825,0.18546017576487578
3066,3533,467,0.11675,0.1865517978655916
3074,3537,463,0.11575,0.18733278795331718
2932,3466,534,0.1335,0.18865702098779744
3078,3539,461,0.11525,0.1828466669001405
3122,3561,439,0.10975,0.1816285339800961
3020,3510,490,0.1225,0.19289317509159445
2912,3456,544,0.136,0.19914862284147242
3164,3582,418,0.1045,0.20235823843814432
3074,3537,463,0.11575,0.20642885164490007
2928,3464,536,0.134,0.224694314653113
3072,3536,464,0.116,0.22555136828729883
3024,3512,488,0.122,0.23270590425282717
3080,3540,460,0.115,0.2282957864685734
3114,3557,443,0.11075,0.23068202054873108
2912,3456,544,0.136,0.23175874898280874
2926,3463,537,0.13425,0.2246905379984528
3104,3552,448,0.112,0.22078836419308756
3060,3530,470,0.1175,0.2162192409577765
3050,3525,475,0.11875,0.21521502220079441
3146,3573,427,0.10675,0.21132549386323607
2948,3474,526,0.1315,0.21516295206174255
3056,3528,472,0.118,0.2157886199466884
3106,3553,447,0.11175,0.21666805006342474
3062,3531,469,0.11725,0.22200106734223662
3134,3567,433,0.10825,0.22249345853552221
3020,3510,490,0.1225,0.2344759920090437
3014,3507,493,0.12325,0.23560260347296438
3014,3507,493,0.12325,0.23614611097770102
3054,3527,473,0.11825,0.23621930950321257
3166,3583,417,0.10425,0.23488882030243985
3026,3513,487,0.12175,0.23646420210110955
3008,3504,496,0.124,0.2333305144899641
2932,3466,534,0.1335,0.2317866001976654
2992,3496,504,0.126,0.2221512676854254
3070,3535,465,0.11625,0.21816023617615357
2988,3494,506,0.1265,0.2180102958511561
3080,3540,460,0.115,0.21588122898500298
2932,3466,534,0.1335,0.22194693418729178
3102,3551,449,0.11225,0.21666586360232487
3090,3545,455,0.11375,0.22519719636128502
2940,3470,530,0.1325,0.23228554870246443
3130,3565,435,0.10875,0.23532617719531118
3086,3543,457,0.11425,0.23884086427505546
3104,3552,448,0.112,0.23948214250100136
3106,3553,447,0.11175,0.24067821769992492
3054,3527,473,0.11825,0.23416031008746357
2966,3483,517,0.12925,0.2394697741225202
3084,3542,458,0.1145,0.23165021812885242
2928,3464,536,0.134,0.23470882257127232
2964,3482,518,0.1295,0.23613713232427835
3068,3534,466,0.1165,0.2405220057289116
2980,3490,510,0.1275,0.24794179522339255
3122,3561,439,0.10975,0.24749387495822156
3072,3536,464,0.116,0.2581469592601061
3086,3543,457,0.11425,0.25985224373731763
3016,3508,492,0.123,0.2641794725107029
3018,3509,491,0.12275,0.2647481568179362
3108,3554,446,0.1115,0.25626779497069885
3060,3530,470,0.1175,0.25450802995638583
3074,3537,463,0.11575,0.24651196467108366
3180,3590,410,0.1025,0.23873898718461267
2900,3450,550,0.1375,0.24021459412495808
3036,3518,482,0.1205,0.2333424499691451
2974,3487,513,0.12825,0.2392693016703779
3028,3514,486,0.1215,0.23786972427405773
3170,3585,415,0.10375,0.2520144851431251
3088,3544,456,0.114,0.25482937061041594
3056,3528,472,0.118,0.26437345186248423
3094,3547,453,0.11325,0.2604537120759487
3134,3567,433,0.10825,0.2571722967401147
2958,3479,521,0.13025,0.25751477801194417
3126,3563,437,0.10925,0.24899540732975117
2948,3474,526,0.1315,0.24756824140623213
3170,3585,415,0.10375,0.23554376505262917
3012,3506,494,0.1235,0.2443954745242372
3068,3534,466,0.1165,0.24418936727242543
3052,3526,474,0.1185,0.24391003980860115
3030,3515,485,0.12125,0.25244624112918973
2854,3427,573,0.14325,0.26377566624234894
3102,3551,449,0.11225,0.26804508376764863
3060,3530,470,0.1175,0.27031217143684627
3016,3508,492,0.123,0.2875666101802353
2930,3465,535,0.13375,0.29563514964981
3118,3559,441,0.11025,0.2905163215262777
3056,3528,472,0.118,0.28496736868843436
3086,3543,457,0.11425,0.27244241458177565
2992,3496,504,0.126,0.2729867555634628
2916,3458,542,0.1355,0.25879325310736156
2986,3493,507,0.12675,0.24827143248317726
3012,3506,494,0.1235,0.24176015639863907
2980,3490,510,0.1275,0.24282790678043625
2976,3488,512,0.128,0.24874022799357773
2994,3497,503,0.12575,0.24972914489358664
3072,3536,464,0.116,0.26842364884354175
3038,3519,481,0.12025,0.27602502663806083
2994,3497,503,0.12575,0.2888547068443149
3074,3537,463,0.11575,0.2890311506576836
2962,3481,519,0.12975,0.3045893860850483
2974,3487,513,0.12825,0.30953568064048886
3018,3509,491,0.12275,0.3145819179851969
2972,3486,514,0.1285,0.3170856489242624
2960,3480,520,0.13,0.3272737933434546
3082,3541,459,0.11475,0.32345106689380093
2964,3482,518,0.1295,0.3290546820573509
3146,3573,427,0.10675,0.3273970959956625
2978,3489,511,0.12775,0.33443516136473045
3030,3515,485,0.12125,0.3318396246843063
3096,3548,452,0.113,0.3400188998031844
3090,3545,455,0.11375,0.3394624560959637
2986,3493,507,0.12675,0.34890183046300394
3000,3500,500,0.125,0.3537774855872849
3032,3516,484,0.121,0.35995914619788527
3032,3516,484,0.121,0.3595073094069959
3016,3508,492,0.123,0.36525357798316893
2994,3497,503,0.12575,0.36949926503002645
3032,3516,484,0.121,0.3660327553664101
3098,3549,451,0.11275,0.3604411922708628
3088,3544,456,0.114,0.34741070672310886
3130,3565,435,0.10875,0.3462117512729019
3016,3508,492,0.123,0.3348400154002011
3044,3522,478,0.1195,0.3234471806990914
3088,3544,456,0.114,0.31083449874632063
3066,3533,467,0.11675,0.30975506362560556
2952,3476,524,0.131,0.30943916755688405
3010,3505,495,0.12375,0.30599340250721435
2992,3496,504,0.126,0.3150152266891673
3040,3520,480,0.12,0.31284163992433967
2986,3493,507,0.12675,0.3285875964909792
3158,3579,421,0.10525,0.3250747032612562
3040,3520,480,0.12,0.3395614275834523
3124,3562,438,0.1095,0.3313029162091258
2940,3470,530,0.1325,0.3356900114407763
3162,3581,419,0.10475,0.326261965341866
2964,3482,518,0.1295,0.32222680604609194
3112,3556,444,0.111,0.3054655054975301
3046,3523,477,0.11925,0.29743850522191495
2954,3477,523,0.13075,0.29418912087754245
3024,3512,488,0.122,0.28711608993214166
3044,3522,478,0.1195,0.28219818137087904
3048,3524,476,0.119,0.2850549747046689
3114,3557,443,0.11075,0.28480181005367194
2990,3495,505,0.12625,0.29674141778946433
2992,3496,504,0.126,0.29535558036728654
2972,3486,514,0.1285,0.30028665385360975
3176,3588,412,0.103,0.29309131456931936
2892,3446,554,0.1385,0.29933244409653215
3056,3528,472,0.118,0.29033641139790417
2990,3495,505,0.12625,0.2787679327545338
3110,3555,445,0.11125,0.2664273327081173
3082,3541,459,0.11475,0.2505890640541911
3046,3523,477,0.11925,0.2503159287381859
3082,3541,459,0.11475,0.23380763702839613
3048,3524,476,0.119,0.22947733899380546
3106,3553,447,0.11175,0.23337510551764445
3104,3552,448,0.112,0.2332633544806031
3090,3545,455,0.11375,0.23889491356183173
3102,3551,449,0.11225,0.24127466889216534
2966,3483,517,0.12925,0.26251741718126564
2950,3475,525,0.13125,0.2608525575338281
3122,3561,439,0.10975,0.2654535758263228
3098,3549,451,0.11275,0.27045143012110795
2988,3494,506,0.1265,0.284027564890217
3052,3526,474,0.1185,0.27915679937268895
2932,3466,534,0.1335,0.28099959627131466
3058,3529,471,0.11775,0.2766558435817715
3038,3519,481,0.12025,0.27662126570940015
3070,3535,465,0.11625,0.27344543178981096
3070,3535,465,0.11625,0.2682674280907959
3046,3523,477,0.11925,0.2665612193175184
2984,3492,508,0.127,0.26568431560811584
3182,3591,409,0.10225,0.259038991548121
3028,3514,486,0.1215,0.26256197672337295
2940,3470,530,0.1325,0.2702447547082278
3102,3551,449,0.11225,0.27397741740942
2930,3465,535,0.13375,0.28069574020956156
2988,3494,506,0.1265,0.28917865639552476
2952,3476,524,0.131,0.2955800711717457
2992,3496,504,0.126,0.2984081002995372
3062,3531,469,0.11725,0.29972174029098825
3092,3546,454,0.1135,0.296492219183594
3004,3502,498,0.1245,0.301005107905512
2992,3496,504,0.126,0.2858953411824332
3018,3509,491,0.12275,0.2829360188338906
2962,3481,519,0.12975,0.27443418100103734
2948,3474,526,0.1315,0.2778675772026181
3018,3509,491,0.12275,0.2775648431102744
3074,3537,463,0.11575,0.2754803707706742
3100,3550,450,0.1125,0.28463388167743686
3016,3508,492,0.123,0.2926927527552473
3028,3514,486,0.1215,0.3118453219621442
3026,3513,487,0.12175,0.3155987425977364
3130,3565,435,0.10875,0.3260602320321076
3114,3557,443,0.11075,0.33490724519560716
3118,3559,441,0.11025,0.35139532781863386
3102,3551,449,0.11225,0.35407939692091894
3054,3527,473,0.11825,0.36013132767379286
3002,3501,499,0.12475,0.3626180960650846
2998,3499,501,0.12525,0.3691367018489364
3124,3562,438,0.1095,0.3634165354026482
2890,3445,555,0.13875,0.37594237915408263
2972,3486,514,0.1285,0.3759515067911707
2976,3488,512,0.128,0.387491464715451
2958,3479,521,0.13025,0.38533184183388947
3046,3523,477,0.11925,0.3985936665460467
2888,3444,556,0.139,0.41379595508240163
3062,3531,469,0.11725,0.4201973069717425
2990,3495,505,0.12625,0.4237017676467076
2960,3480,520,0.13,0.4232259518345818
3016,3508,492,0.123,0.42167703159525993
3022,3511,489,0.12225,0.3985615280875936
3004,3502,498,0.1245,0.3928879069548566
3114,3557,443,0.11075,0.37250578299248327
3110,3555,445,0.11125,0.36531239031627777
2982,3491,509,0.12725,0.336798250032591
2896,3448,552,0.138,0.3348713678565546
2964,3482,518,0.1295,0.32076865132182003
2920,3460,540,0.135,0.32156255532428624
3028,3514,486,0.1215,0.3241631083009492
2984,3492,508,0.127,0.3303780640922487
3006,3503,497,0.12425,0.3341404557553363
2902,3451,549,0.13725,0.34338232806656743
2990,3495,505,0.12625,0.3391553325006334
3030,3515,485,0.12125,0.34134370780200696
3042,3521,479,0.11975,0.32488671198641716
3092,3546,454,0.1135,0.2885083858147264
3098,3549,451,0.11275,0.28178411769364176
3042,3521,479,0.11975,0.25357563219661483
3076,3538,462,0.1155,0.28374288023565897
3128,3564,436,0.109,0.22017539091827165
3068,3534,466,0.1165,0.21755966434260868
3160,3580,420,0.105,0.2163988967894693
3034,3517,483,0.12075,0.2287597185955383
3054,3527,473,0.11825,0.21540990950909447
3068,3534,466,0.1165,0.2353951383754611
3000,3500,500,0.125,0.22848966924007982
2934,3467,533,0.13325,0.2555004943497479
3128,3564,436,0.109,0.25113226380513515
2878,3439,561,0.14025,0.26366457089665346
3012,3506,494,0.1235,0.25246944235637786
3012,3506,494,0.1235,0.26137750670313836
3056,3528,472,0.118,0.2523610199462637
3128,3564,436,0.109,0.24019879832817242
3042,3521,479,0.11975,0.24342903798884707
3014,3507,493,0.12325,0.2339163525737822
3076,3538,462,0.1155,0.22554045232012868
3062,3531,469,0.11725,0.20940197012061254
3036,3518,482,0.1205,0.2075658586099744
3096,3548,452,0.113,0.20689750756158115
3016,3508,492,0.123,0.20770067014545202
3058,3529,471,0.11775,0.2220755861259231
3096,3548,452,0.113,0.2245686478698626
3082,3541,459,0.11475,0.24206499204871942
3066,3533,467,0.11675,0.24496334573199857
3086,3543,457,0.11425,0.2686316600814462
2890,3445,555,0.13875,0.28092059459469604
3034,3517,483,0.12075,0.2802334665282181
3020,3510,490,0.1225,0.2801094802903863
2990,3495,505,0.12625,0.27413031851127745
3050,3525,475,0.11875,0.2698700669088757
3010,3505,495,0.12375,0.2655206260536797
3080,3540,460,0.115,0.26109778782539067
3054,3527,473,0.11825,0.25589601692605357
2932,3466,534,0.1335,0.25645800435729327
3216,3608,392,0.098,0.25169596283882856
2970,3485,515,0.12875,0.25804791544142064
3122,3561,439,0.10975,0.26840478352158154
2960,3480,520,0.13,0.27501222235486783
2944,3472,528,0.132,0.2900638524209935
2948,3474,526,0.1315,0.29191100583411755
3088,3544,456,0.114,0.31118723556664935
3078,3539,461,0.11525,0.3144310169136152
2956,3478,522,0.1305,0.33090801936981673
2974,3487,513,0.12825,0.3349821376977488
3058,3529,471,0.11775,0.3388045821452297
3036,3518,482,0.1205,0.3404715302832484
2976,3488,512,0.128,0.3403165483120829
3134,3567,433,0.10825,0.3367695556250532
2972,3486,514,0.1285,0.33148501309379935
