log_avg_ept_score,log_avg_succ_req,log_avg_blk_req,log_avg_BP_req,log_avg_entropy
242,621,379,0.379,1.607439096570015
288,644,356,0.356,1.6074158203601838
262,631,369,0.369,1.6074025076627732
286,643,357,0.357,1.607415033340454
276,638,362,0.362,1.6073726593255997
262,631,369,0.369,1.6073984487056732
294,647,353,0.353,1.6073885217905044
386,693,307,0.307,1.6073777341842652
264,632,368,0.368,1.6072530961036682
268,634,366,0.366,1.6072569577693938
296,648,352,0.352,1.6072502249479295
296,648,352,0.352,1.6072538845539093
344,672,328,0.328,1.607252100110054
280,640,360,0.36,1.6072501833438873
266,633,367,0.367,1.6072407341003419
310,655,345,0.345,1.6072330226898193
288,644,356,0.356,1.6070951223373413
312,656,344,0.344,1.6070728394985199
276,638,362,0.362,1.6070607585906982
354,677,323,0.323,1.6070573130846024
316,658,342,0.342,1.607049621939659
318,659,341,0.341,1.6070261290073395
302,651,349,0.349,1.6070050613880158
308,654,346,0.346,1.6069658154249191
322,661,339,0.339,1.6067494224309922
240,620,380,0.38,1.6067727123498916
314,657,343,0.343,1.6067499011754989
294,647,353,0.353,1.6067264775037766
304,652,348,0.348,1.6066795083284378
320,660,340,0.34,1.6066388068199158
374,687,313,0.313,1.6066500829458237
294,647,353,0.353,1.6065802022218705
300,650,350,0.35,1.6064389078617096
282,641,359,0.359,1.606422172665596
360,680,320,0.32,1.6064108723402024
322,661,339,0.339,1.6064081654548645
256,628,372,0.372,1.6063008205890656
338,669,331,0.331,1.6062531648874283
310,655,345,0.345,1.6062454462051392
308,654,346,0.346,1.6061870604753494
272,636,364,0.364,1.6060866609811784
322,661,339,0.339,1.6060833305120468
220,610,390,0.39,1.6060653340816498
282,641,359,0.359,1.6060485540628433
236,618,382,0.382,1.605899475336075
292,646,354,0.354,1.605946728825569
334,667,333,0.333,1.6059206848144532
290,645,355,0.355,1.6059094669818879
258,629,371,0.371,1.6058664855957032
316,658,342,0.342,1.6058522330522538
244,622,378,0.378,1.6057252033948899
298,649,351,0.351,1.6057042441368103
308,654,346,0.346,1.6054102095365523
322,661,339,0.339,1.6052957440614701
288,644,356,0.356,1.6050564433336258
278,639,361,0.361,1.6050956741571427
234,617,383,0.383,1.6050483363866805
308,654,346,0.346,1.6047283324003219
306,653,347,0.347,1.6049141980409622
262,631,369,0.369,1.6045242618322373
366,683,317,0.317,1.6039372016191482
230,615,385,0.385,1.6031926162242889
316,658,342,0.342,1.6030253546237945
294,647,353,0.353,1.6027160701751708
296,648,352,0.352,1.6027752825021744
286,643,357,0.357,1.6026162221431732
310,655,345,0.345,1.6022997757196427
244,622,378,0.378,1.601955573797226
294,647,353,0.353,1.600889659166336
314,657,343,0.343,1.599550742149353
324,662,338,0.338,1.5990985409021377
334,667,333,0.333,1.599238503575325
310,655,345,0.345,1.5985768947601318
286,643,357,0.357,1.5984010345935822
270,635,365,0.365,1.5980898040533065
276,638,362,0.362,1.5979488623142242
312,656,344,0.344,1.5951806079149247
324,662,338,0.338,1.5962902418375016
250,625,375,0.375,1.5940491687059402
292,646,354,0.354,1.5895766822099686
304,652,348,0.348,1.5917046217918396
298,649,351,0.351,1.5906435725688934
338,669,331,0.331,1.5903174576759338
342,671,329,0.329,1.589917944431305
328,664,336,0.336,1.5886049984693527
262,631,369,0.369,1.586792799115181
340,670,330,0.33,1.5816229723691941
374,687,313,0.313,1.5772891815900802
256,628,372,0.372,1.5761505422592164
336,668,332,0.332,1.573817269206047
262,631,369,0.369,1.5715146545171739
288,644,356,0.356,1.5705417088270188
238,619,381,0.381,1.5661930626630782
310,655,345,0.345,1.5647030160427093
350,675,325,0.325,1.5541621861457824
286,643,357,0.357,1.553725971341133
276,638,362,0.362,1.5426411762237549
254,627,373,0.373,1.5291988822221756
280,640,360,0.36,1.5251479068994522
306,653,347,0.347,1.521275794506073
312,656,344,0.344,1.5172323929071427
330,665,335,0.335,1.5015738137960435
382,691,309,0.309,1.5127715356349944
316,658,342,0.342,1.4922959045171738
334,667,333,0.333,1.4676716743707656
334,667,333,0.333,1.4277551562786102
318,659,341,0.341,1.4187714105844498
326,663,337,0.337,1.4133269819021226
328,664,336,0.336,1.4064123616218567
260,630,370,0.37,1.4070158420801162
326,663,337,0.337,1.3916869455575942
370,685,315,0.315,1.370145693898201
286,643,357,0.357,1.2907096412181853
348,674,326,0.326,1.3213381328582763
316,658,342,0.342,1.2439044686555862
394,697,303,0.303,1.244006176829338
374,687,313,0.313,1.232575471997261
368,684,316,0.316,1.2229066284298897
312,656,344,0.344,1.1829721630811691
412,706,294,0.294,1.1861836132407189
366,683,317,0.317,1.1393663115501405
340,670,330,0.33,1.1258127432465552
294,647,353,0.353,1.040638125061989
346,673,327,0.327,0.9711854025125504
384,692,308,0.308,0.9889815289378167
348,674,326,0.326,0.9808365449905395
402,701,299,0.299,0.9623881204128265
332,666,334,0.334,0.9219029383063316
352,676,324,0.324,0.9201809511184692
362,681,319,0.319,0.9091990140080451
292,646,354,0.354,0.8290457161068916
326,663,337,0.337,0.8389528478682041
338,669,331,0.331,0.7486649565398693
318,659,341,0.341,0.7227664427161217
364,682,318,0.318,0.7410348520278931
346,673,327,0.327,0.6927042120397091
270,635,365,0.365,0.6943266487121582
338,669,331,0.331,0.671670212417841
306,653,347,0.347,0.6100162594914437
330,665,335,0.335,0.6036365267932415
318,659,341,0.341,0.4942796160578728
346,673,327,0.327,0.4706677151620388
316,658,342,0.342,0.46975318928062915
338,669,331,0.331,0.42905706752836703
378,689,311,0.311,0.4282395844608545
376,688,312,0.312,0.40279523106664417
282,641,359,0.359,0.3738452480882406
338,669,331,0.331,0.34836468248814345
344,672,328,0.328,0.25484574235975743
414,707,293,0.293,0.2597004426494241
352,676,324,0.324,0.24191404419392348
352,676,324,0.324,0.21136429634317755
346,673,327,0.327,0.2401775371581316
354,677,323,0.323,0.2366715374737978
318,659,341,0.341,0.19638507348299025
346,673,327,0.327,0.13113812554255128
362,681,319,0.319,0.16649551913887262
338,669,331,0.331,0.1173305882923305
306,653,347,0.347,0.1196651465985924
334,667,333,0.333,0.11391985517181456
334,667,333,0.333,0.11760226941853762
398,699,301,0.301,0.1133158102557063
298,649,351,0.351,0.0972199167907238
292,646,354,0.354,0.0922183645311743
376,688,312,0.312,0.09074973102845252
280,640,360,0.36,0.0831996436305344
362,681,319,0.319,0.07998338460363448
370,685,315,0.315,0.08093719337880612
338,669,331,0.331,0.08122412179224194
346,673,327,0.327,0.08141339273378254
308,654,346,0.346,0.07594449838902802
402,701,299,0.299,0.0744974429756403
370,685,315,0.315,0.07759774483367801
382,691,309,0.309,0.072203379961662
364,682,318,0.318,0.07357086811214686
282,641,359,0.359,0.07278192140720785
376,688,312,0.312,0.0740195593405515
404,702,298,0.298,0.07163849993236363
338,669,331,0.331,0.07364842309243977
354,677,323,0.323,0.07541100084595383
306,653,347,0.347,0.07354294240009039
328,664,336,0.336,0.0742913001794368
312,656,344,0.344,0.07537094139587135
336,668,332,0.332,0.07649868302699178
332,666,334,0.334,0.07630653544515371
302,651,349,0.349,0.07680667010042816
278,639,361,0.361,0.07648339449614286
382,691,309,0.309,0.07887621082924307
338,669,331,0.331,0.07729179402068258
296,648,352,0.352,0.0797328427080065
374,687,313,0.313,0.08116225045733154
330,665,335,0.335,0.08276031438354403
356,678,322,0.322,0.08384143836796283
424,712,288,0.288,0.08118865724746138
328,664,336,0.336,0.08547587510570884
344,672,328,0.328,0.08306192436814308
354,677,323,0.323,0.08728536290861666
342,671,329,0.329,0.087487106397748
374,687,313,0.313,0.08414971977472305
262,631,369,0.369,0.08769405492767691
358,679,321,0.321,0.09208474945649504
334,667,333,0.333,0.09193478006124496
346,673,327,0.327,0.09281045619212092
338,669,331,0.331,0.09100157053582371
276,638,362,0.362,0.09629299290850758
302,651,349,0.349,0.09516547826118767
306,653,347,0.347,0.10104481209442019
360,680,320,0.32,0.10536343389935791
382,691,309,0.309,0.10940005054324865
316,658,342,0.342,0.11143658030591905
348,674,326,0.326,0.11329900012351572
344,672,328,0.328,0.11890947268344462
348,674,326,0.326,0.1168400488011539
388,694,306,0.306,0.11862871397286653
366,683,317,0.317,0.12455667070671916
296,648,352,0.352,0.12632298834435643
286,643,357,0.357,0.12922307029366492
340,670,330,0.33,0.12912325945682823
252,626,374,0.374,0.13200745803490282
334,667,333,0.333,0.1295395249761641
306,653,347,0.347,0.1343337639346719
406,703,297,0.297,0.13128499135375024
386,693,307,0.307,0.13103787514567375
392,696,304,0.304,0.1352106222398579
330,665,335,0.335,0.1373697434477508
326,663,337,0.337,0.1366574106067419
294,647,353,0.353,0.13623736641183495
302,651,349,0.349,0.13514945529028774
350,675,325,0.325,0.13707793048024178
322,661,339,0.339,0.13380448452010751
360,680,320,0.32,0.13227489659562708
358,679,321,0.321,0.13535688902065157
396,698,302,0.302,0.13303692914173007
318,659,341,0.341,0.13779324140772223
314,657,343,0.343,0.14001530385762453
358,679,321,0.321,0.13743402196466922
350,675,325,0.325,0.13999598319083453
340,670,330,0.33,0.14099281675368547
282,641,359,0.359,0.14150971714034677
342,671,329,0.329,0.15497737849503757
318,659,341,0.341,0.1512019073665142
288,644,356,0.356,0.17271533581987022
308,654,346,0.346,0.17362790742516518
368,684,316,0.316,0.1767407073825598
292,646,354,0.354,0.1810185038894415
340,670,330,0.33,0.18168411818146707
372,686,314,0.314,0.18344965852424502
348,674,326,0.326,0.19628027863800526
314,657,343,0.343,0.20475566026568412
372,686,314,0.314,0.2116436961516738
340,670,330,0.33,0.21749810107052325
328,664,336,0.336,0.22131396821141244
342,671,329,0.329,0.22160656441003085
348,674,326,0.326,0.22100776600837707
292,646,354,0.354,0.22536554811894893
316,658,342,0.342,0.2251799358576536
328,664,336,0.336,0.22776849445700645
352,676,324,0.324,0.23126147005707026
378,689,311,0.311,0.22830839999765157
316,658,342,0.342,0.22751841379702092
350,675,325,0.325,0.21838565084338188
304,652,348,0.348,0.21651483077555894
356,678,322,0.322,0.206742183662951
378,689,311,0.311,0.21601642166078092
368,684,316,0.316,0.1972808858603239
360,680,320,0.32,0.19620998671650886
290,645,355,0.355,0.20018578632175923
292,646,354,0.354,0.1891922643184662
372,686,314,0.314,0.18864013256132603
288,644,356,0.356,0.1869616742953658
366,683,317,0.317,0.18314907369017602
376,688,312,0.312,0.18876652858406306
324,662,338,0.338,0.18961571505665778
360,680,320,0.32,0.18886706744134427
298,649,351,0.351,0.19469021231681108
356,678,322,0.322,0.2000540039241314
298,649,351,0.351,0.20786821710318326
324,662,338,0.338,0.21192085574567318
352,676,324,0.324,0.20692492233216764
440,720,280,0.28,0.2144986273497343
338,669,331,0.331,0.2141259911209345
300,650,350,0.35,0.22660883332043885
296,648,352,0.352,0.23345564829558135
318,659,341,0.341,0.2337564978301525
346,673,327,0.327,0.257719144359231
306,653,347,0.347,0.2581828157305717
372,686,314,0.314,0.2559190031513572
400,700,300,0.3,0.255036931052804
298,649,351,0.351,0.2628331745490432
350,675,325,0.325,0.267308104224503
354,677,323,0.323,0.2686208187788725
356,678,322,0.322,0.27123914390802384
384,692,308,0.308,0.27476613242924214
350,675,325,0.325,0.28003194051980973
346,673,327,0.327,0.2754445814937353
344,672,328,0.328,0.27645057928562167
344,672,328,0.328,0.27439545944333077
372,686,314,0.314,0.26966181392967703
352,676,324,0.324,0.27359761053323745
320,660,340,0.34,0.27045627295970914
320,660,340,0.34,0.27360555301606654
326,663,337,0.337,0.2642415450662374
374,687,313,0.313,0.2696896973103285
416,708,292,0.292,0.2662388629615307
296,648,352,0.352,0.2690422290414572
356,678,322,0.322,0.25962574441730973
302,651,349,0.349,0.2635149995088577
316,658,342,0.342,0.26560717083513735
310,655,345,0.345,0.26050824324786664
378,689,311,0.311,0.26073983453214167
444,722,278,0.278,0.25911122404038905
312,656,344,0.344,0.2599398286640644
400,700,300,0.3,0.2634807102531195
378,689,311,0.311,0.27008469732105733
456,728,272,0.272,0.26682103611528873
376,688,312,0.312,0.2716474778950214
330,665,335,0.335,0.27816183206439016
366,683,317,0.317,0.2803793919831514
362,681,319,0.319,0.28476784908771513
356,678,322,0.322,0.28501702830195424
362,681,319,0.319,0.28452092650532723
360,680,320,0.32,0.2805212745219469
338,669,331,0.331,0.29294463208317756
390,695,305,0.305,0.28568639379739763
330,665,335,0.335,0.2887069618403912
322,661,339,0.339,0.2926057462990284
278,639,361,0.361,0.29910902784764765
338,669,331,0.331,0.28894710490107534
396,698,302,0.302,0.30799378111958503
378,689,311,0.311,0.302617585465312
352,676,324,0.324,0.30837058019638064
402,701,299,0.299,0.3093378933817148
402,701,299,0.299,0.3144459259212017
374,687,313,0.313,0.3200010279715061
328,664,336,0.336,0.3305298654586077
324,662,338,0.338,0.3359920454472303
392,696,304,0.304,0.3352483580261469
418,709,291,0.291,0.3483266935646534
320,660,340,0.34,0.3441930092424154
362,681,319,0.319,0.3482616820782423
446,723,277,0.277,0.34802693612873553
326,663,337,0.337,0.3600125772804022
350,675,325,0.325,0.3635114151835442
366,683,317,0.317,0.37001808144152165
406,703,297,0.297,0.37009139873087404
392,696,304,0.304,0.3734545348584652
362,681,319,0.319,0.37542478626966475
424,712,288,0.288,0.3770135562121868
404,702,298,0.298,0.3802039224654436
432,716,284,0.284,0.38091569659113883
384,692,308,0.308,0.3840377415418625
346,673,327,0.327,0.4023834288269281
368,684,316,0.316,0.4016096187829971
418,709,291,0.291,0.4059636700749397
378,689,311,0.311,0.4240172984004021
330,665,335,0.335,0.4343065361380577
418,709,291,0.291,0.43436815318465233
404,702,298,0.298,0.43777048027515414
432,716,284,0.284,0.44578573963046075
396,698,302,0.302,0.48301570826768875
444,722,278,0.278,0.5180913434326648
418,709,291,0.291,0.5193682477772236
472,736,264,0.264,0.6036890968680382
440,720,280,0.28,0.599675907433033
434,717,283,0.283,0.6107787237763405
490,745,255,0.255,0.6167878684699535
448,724,276,0.276,0.6545068973898888
460,730,270,0.27,0.6464424350857735
442,721,279,0.279,0.7232576720118523
452,726,274,0.274,0.7033440838456154
514,757,243,0.243,0.7204207353591919
568,784,216,0.216,0.7385316874980926
518,759,241,0.241,0.7410718589425087
564,782,218,0.218,0.746912672996521
508,754,246,0.246,0.7435437734723092
526,763,237,0.237,0.7428966643810272
572,786,214,0.214,0.7385657647252083
588,794,206,0.206,0.7376763718724251
640,820,180,0.18,0.7132168471813202
596,798,202,0.202,0.7033935850858688
642,821,179,0.179,0.700036928653717
612,806,194,0.194,0.6960360618233681
642,821,179,0.179,0.689697065114975
604,802,198,0.198,0.6872579269409179
650,825,175,0.175,0.6641329851150513
626,813,187,0.187,0.6621509600877762
656,828,172,0.172,0.6184605219364167
682,841,159,0.159,0.6213383654356003
598,799,201,0.201,0.6268614314198494
650,825,175,0.175,0.6113885852694512
618,809,191,0.191,0.6108176231980323
648,824,176,0.176,0.600300255894661
646,823,177,0.177,0.5855350279211998
664,832,168,0.168,0.5776726984977723
664,832,168,0.168,0.5365977725088596
652,826,174,0.174,0.5401449666023255
672,836,164,0.164,0.5318189212679862
648,824,176,0.176,0.5198611930310726
638,819,181,0.181,0.5133219694793224
670,835,165,0.165,0.4971547340452671
654,827,173,0.173,0.4841869696378708
610,805,195,0.195,0.458718361645937
728,864,136,0.136,0.39089690166711805
702,851,149,0.149,0.38950727248191835
752,876,124,0.124,0.3543386441320181
664,832,168,0.168,0.35009114220738413
724,862,138,0.138,0.2939743231162429
670,835,165,0.165,0.31085096863657236
712,856,144,0.144,0.27995078124850986
664,832,168,0.168,0.22581489462405444
732,866,134,0.134,0.19688087363541126
776,888,112,0.112,0.1959451448507607
700,850,150,0.15,0.17869588839262723
730,865,135,0.135,0.15996268980205058
746,873,127,0.127,0.1488259095773101
728,864,136,0.136,0.14140726920962335
708,854,146,0.146,0.13864455326274036
674,837,163,0.163,0.12709653381258249
708,854,146,0.146,0.12247621723636985
710,855,145,0.145,0.11852684998512268
706,853,147,0.147,0.11874633909761906
728,864,136,0.136,0.11588473904132843
678,839,161,0.161,0.11449532209336757
754,877,123,0.123,0.1090391441397369
756,878,122,0.122,0.10836059033498167
678,839,161,0.161,0.11214037528261542
710,855,145,0.145,0.11567497073858976
726,863,137,0.137,0.109529605332762
750,875,125,0.125,0.11046820526570082
674,837,163,0.163,0.11005006096884608
734,867,133,0.133,0.10187884295359254
744,872,128,0.128,0.1035809293501079
690,845,155,0.155,0.10563802867010236
698,849,151,0.151,0.10472259999439121
760,880,120,0.12,0.10615454586967826
682,841,159,0.159,0.10710154462978244
748,874,126,0.126,0.10953187455981969
750,875,125,0.125,0.11975990382954478
702,851,149,0.149,0.13487283666804434
690,845,155,0.155,0.13670629361271858
686,843,157,0.157,0.13684011511132121
744,872,128,0.128,0.1412555769197643
780,890,110,0.11,0.14513285678997637
726,863,137,0.137,0.151534652184695
670,835,165,0.165,0.16600212677568196
704,852,148,0.148,0.1830507303327322
652,826,174,0.174,0.18781579911708832
712,856,144,0.144,0.19191125902533532
752,876,124,0.124,0.20929528304189443
728,864,136,0.136,0.22051688616722823
744,872,128,0.128,0.21214907599240543
684,842,158,0.158,0.22303883388638496
714,857,143,0.143,0.23816656690835952
734,867,133,0.133,0.2322327360510826
702,851,149,0.149,0.23083868996798992
742,871,129,0.129,0.22904797811806202
726,863,137,0.137,0.2327520882487297
728,864,136,0.136,0.22239935298264027
738,869,131,0.131,0.23301900501549244
722,861,139,0.139,0.23150188322365284
730,865,135,0.135,0.2291653291359544
748,874,126,0.126,0.2316607893258333
664,832,168,0.168,0.23141574288159608
712,856,144,0.144,0.22937014445662499
734,867,133,0.133,0.26178353786468506
724,862,138,0.138,0.2693790548592806
730,865,135,0.135,0.291319692581892
688,844,156,0.156,0.2774714249670506
730,865,135,0.135,0.2803701704293489
714,857,143,0.143,0.2824509007334709
748,874,126,0.126,0.28393057762086393
718,859,141,0.141,0.28652075605094435
634,817,183,0.183,0.3102754229456186
708,854,146,0.146,0.3140462557673454
670,835,165,0.165,0.3086516266614199
690,845,155,0.155,0.3090317973792553
712,856,144,0.144,0.3308554168641567
714,857,143,0.143,0.32722098645567893
684,842,158,0.158,0.344339761659503
726,863,137,0.137,0.3461688692718744
714,857,143,0.143,0.3664396251738071
744,872,128,0.128,0.37331988403201105
698,849,151,0.151,0.3770682852566242
676,838,162,0.162,0.37300965206325054
654,827,173,0.173,0.3668449153751135
686,843,157,0.157,0.36187285298109056
724,862,138,0.138,0.35338353519141674
688,844,156,0.156,0.3471176667511463
732,866,134,0.134,0.34690645575523377
714,857,143,0.143,0.31324104431271554
640,820,180,0.18,0.32294873374700545
674,837,163,0.163,0.3067412040680647
706,853,147,0.147,0.231578062415123
686,843,157,0.157,0.22529989802837372
652,826,174,0.174,0.21716602297127247
716,858,142,0.142,0.21105177072435619
732,866,134,0.134,0.20914967258274555
698,849,151,0.151,0.190410438016057
728,864,136,0.136,0.19125103751569986
732,866,134,0.134,0.17832912074029444
748,874,126,0.126,0.14689470411837102
742,871,129,0.129,0.14728370638936758
740,870,130,0.13,0.15149270153045655
728,864,136,0.136,0.15268010244518518
774,887,113,0.113,0.1488654187247157
758,879,121,0.121,0.14610644441843032
704,852,148,0.148,0.1509934446886182
662,831,169,0.169,0.14952036862820386
722,861,139,0.139,0.13336420657485723
700,850,150,0.15,0.1285581858046353
754,877,123,0.123,0.11631750186160207
724,862,138,0.138,0.11568872798979282
746,873,127,0.127,0.12033881595730782
766,883,117,0.117,0.11777774923667311
706,853,147,0.147,0.11975217344239354
724,862,138,0.138,0.11413361222296953
740,870,130,0.13,0.10880239562317728
780,890,110,0.11,0.10184007576853037
748,874,126,0.126,0.10547207096219063
776,888,112,0.112,0.10297936337813735
746,873,127,0.127,0.10224528877064586
750,875,125,0.125,0.10089332738518715
694,847,153,0.153,0.10474658291786909
734,867,133,0.133,0.10465506672114133
726,863,137,0.137,0.09578926928713918
740,870,130,0.13,0.10007911261916161
728,864,136,0.136,0.09053328473865986
738,869,131,0.131,0.08582392545975745
708,854,146,0.146,0.08315364996157587
738,869,131,0.131,0.08286981163360178
660,830,170,0.17,0.08548738664016127
732,866,134,0.134,0.08207163747772575
690,845,155,0.155,0.07508801433630288
738,869,131,0.131,0.07474265808053315
720,860,140,0.14,0.07229608604125679
786,893,107,0.107,0.0651301052775234
748,874,126,0.126,0.06520707970671356
724,862,138,0.138,0.0640832154545933
762,881,119,0.119,0.06257296288199722
776,888,112,0.112,0.06150536276586354
714,857,143,0.143,0.06460330684855581
712,856,144,0.144,0.061000688115134837
762,881,119,0.119,0.059112657018005846
692,846,154,0.154,0.05814427820779383
730,865,135,0.135,0.05504482833854854
722,861,139,0.139,0.05475198779627681
692,846,154,0.154,0.05488438664376736
736,868,132,0.132,0.05529812061041593
688,844,156,0.156,0.05588616614788771
670,835,165,0.165,0.05528289242275059
734,867,133,0.133,0.05697989238239825
676,838,162,0.162,0.05442283175140619
692,846,154,0.154,0.05297902607731521
728,864,136,0.136,0.050656861508265136
716,858,142,0.142,0.05179075567983091
726,863,137,0.137,0.052616600016132
692,846,154,0.154,0.05369200947508216
758,879,121,0.121,0.050359543833881616
710,855,145,0.145,0.05346708576194942
742,871,129,0.129,0.051496375042945144
724,862,138,0.138,0.05284637400135398
720,860,140,0.14,0.04905204989947379
688,844,156,0.156,0.04938835266791284
702,851,149,0.149,0.048428828354924916
694,847,153,0.153,0.048780934225767854
716,858,142,0.142,0.04732922726869583
750,875,125,0.125,0.047448820112273096
698,849,151,0.151,0.051257006126455965
694,847,153,0.153,0.04720488980598748
672,836,164,0.164,0.04632619626447559
734,867,133,0.133,0.04691112689487636
760,880,120,0.12,0.04342653126642108
688,844,156,0.156,0.04736935192160308
734,867,133,0.133,0.04516403585392982
742,871,129,0.129,0.04647681273892522
742,871,129,0.129,0.046876974154263736
704,852,148,0.148,0.047214773535728456
748,874,126,0.126,0.046594989123754205
720,860,140,0.14,0.046721897426992655
718,859,141,0.141,0.045622790798544886
740,870,130,0.13,0.047658126241527494
674,837,163,0.163,0.04835321935452521
740,870,130,0.13,0.047878265289589765
662,831,169,0.169,0.04866705229878426
722,861,139,0.139,0.0468818838596344
712,856,144,0.144,0.04557940450869501
756,878,122,0.122,0.04202444902341813
742,871,129,0.129,0.0446968716820702
708,854,146,0.146,0.0393850539829582
712,856,144,0.144,0.040294952295720575
712,856,144,0.144,0.040503302154131234
716,858,142,0.142,0.041111953616142276
700,850,150,0.15,0.04022109885979444
754,877,123,0.123,0.03797705278545618
734,867,133,0.133,0.03684410757664591
748,874,126,0.126,0.03566138576623052
738,869,131,0.131,0.032693532132543626
756,878,122,0.122,0.03486706282570958
736,868,132,0.132,0.03486892348155379
704,852,148,0.148,0.03596672475710511
730,865,135,0.135,0.03284914235398173
732,866,134,0.134,0.03523231446091086
710,855,145,0.145,0.033175363182090224
694,847,153,0.153,0.03319378934241831
766,883,117,0.117,0.030692773463204502
708,854,146,0.146,0.03251220768783242
712,856,144,0.144,0.03114315059222281
692,846,154,0.154,0.03130926852487027
734,867,133,0.133,0.03213185759121552
786,893,107,0.107,0.03030152478720993
752,876,124,0.124,0.028323117923922836
784,892,108,0.108,0.0290586489578709
760,880,120,0.12,0.026209703855216503
754,877,123,0.123,0.02600801885733381
696,848,152,0.152,0.026137686172500254
720,860,140,0.14,0.02539922854769975
778,889,111,0.111,0.024628858058247716
732,866,134,0.134,0.024221950098872184
674,837,163,0.163,0.02525400965893641
670,835,165,0.165,0.02331375948060304
730,865,135,0.135,0.02384508734755218
766,883,117,0.117,0.02210336933704093
774,887,113,0.113,0.02102936031995341
686,843,157,0.157,0.021700526675675066
724,862,138,0.138,0.021576101747807115
708,854,146,0.146,0.021365213479381053
726,863,137,0.137,0.02157202891726047
720,860,140,0.14,0.021061628150288017
754,877,123,0.123,0.02004171431157738
776,888,112,0.112,0.017371326453983784
718,859,141,0.141,0.017549749566242098
740,870,130,0.13,0.01728208637330681
756,878,122,0.122,0.015005129860015586
744,872,128,0.128,0.016791543669067325
712,856,144,0.144,0.01682630090182647
700,850,150,0.15,0.016540277090854944
704,852,148,0.148,0.015578364299144595
650,825,175,0.175,0.01607221869798377
710,855,145,0.145,0.017334256367757917
796,898,102,0.102,0.015685955852735786
764,882,118,0.118,0.015294364155735821
728,864,136,0.136,0.015569417427293956
782,891,109,0.109,0.014563542794901877
754,877,123,0.123,0.015764894476160408
732,866,134,0.134,0.014658492560032755
682,841,159,0.159,0.01679199185874313
734,867,133,0.133,0.015069484696025029
730,865,135,0.135,0.015003176781581714
766,883,117,0.117,0.01415574690210633
754,877,123,0.123,0.014396581345936283
768,884,116,0.116,0.013126011772779748
692,846,154,0.154,0.013825794067699463
728,864,136,0.136,0.01384971279045567
682,841,159,0.159,0.014957792366389186
702,851,149,0.149,0.013553387182066216
692,846,154,0.154,0.013636967920232564
766,883,117,0.117,0.013401807627175003
704,852,148,0.148,0.013651554667390884
744,872,128,0.128,0.01314783578296192
718,859,141,0.141,0.01318697630148381
716,858,142,0.142,0.013539123916067182
706,853,147,0.147,0.013231993311783298
724,862,138,0.138,0.013074466407764704
736,868,132,0.132,0.01266941507346928
700,850,150,0.15,0.013149867026600986
718,859,141,0.141,0.012590514689683915
670,835,165,0.165,0.013108771545579658
654,827,173,0.173,0.01374490139586851
750,875,125,0.125,0.011929721865337342
690,845,155,0.155,0.01361942067439668
720,860,140,0.14,0.013556426437571645
756,878,122,0.122,0.012599075226811692
744,872,128,0.128,0.013872365994378924
750,875,125,0.125,0.013644914989825337
804,902,98,0.098,0.012856653837719932
744,872,128,0.128,0.01334824195317924
754,877,123,0.123,0.013848428561817854
760,880,120,0.12,0.013645542715210467
752,876,124,0.124,0.012855468546738849
756,878,122,0.122,0.014109823599923401
764,882,118,0.118,0.013387287572491914
778,889,111,0.111,0.013748824273934588
728,864,136,0.136,0.01426021089963615
692,846,154,0.154,0.014271093257004396
740,870,130,0.13,0.013766973925521597
694,847,153,0.153,0.014369747798889875
778,889,111,0.111,0.01403823774214834
714,857,143,0.143,0.014793397930450737
672,836,164,0.164,0.01461217522691004
740,870,130,0.13,0.014935872120782732
696,848,152,0.152,0.01449739488819614
798,899,101,0.101,0.014766440769657493
712,856,144,0.144,0.015134466644376517
764,882,118,0.118,0.014940554831176997
736,868,132,0.132,0.015300320515874773
734,867,133,0.133,0.014410524982959033
728,864,136,0.136,0.014675486070103943
742,871,129,0.129,0.014714245539624244
718,859,141,0.141,0.014539971059653907
694,847,153,0.153,0.01545985530083999
758,879,121,0.121,0.01458795063616708
744,872,128,0.128,0.015134975446388126
712,856,144,0.144,0.01580476707406342
722,861,139,0.139,0.014880129062570632
692,846,154,0.154,0.015629777658265086
704,852,148,0.148,0.015037237040232868
690,845,155,0.155,0.015564478951971978
734,867,133,0.133,0.01565509131643921
698,849,151,0.151,0.014936615873593836
748,874,126,0.126,0.014622180638834834
686,843,157,0.157,0.015555693220347167
724,862,138,0.138,0.014402182951103897
692,846,154,0.154,0.01517313773650676
776,888,112,0.112,0.015067798528354616
740,870,130,0.13,0.014438070573378354
738,869,131,0.131,0.015214654428884387
714,857,143,0.143,0.015591535804793239
708,854,146,0.146,0.01520099763944745
760,880,120,0.12,0.01642748237773776
780,890,110,0.11,0.014495624321047217
730,865,135,0.135,0.015546020104084164
768,884,116,0.116,0.015659855405334384
692,846,154,0.154,0.01518999529397115
666,833,167,0.167,0.014954976664856076
764,882,118,0.118,0.01517832344956696
772,886,114,0.114,0.014374789924826473
790,895,105,0.105,0.013442510009277611
752,876,124,0.124,0.012552940988913179
736,868,132,0.132,0.012897404710762202
782,891,109,0.109,0.012826438337098806
704,852,148,0.148,0.01308802972151898
718,859,141,0.141,0.012854890479240566
722,861,139,0.139,0.012764409265946597
754,877,123,0.123,0.01198747775494121
766,883,117,0.117,0.012260012906277552
706,853,147,0.147,0.012847492367960513
714,857,143,0.143,0.012132389078149572
718,859,141,0.141,0.012318965990561991
666,833,167,0.167,0.013026900272350758
726,863,137,0.137,0.01216631800448522
712,856,144,0.144,0.013127589431591332
680,840,160,0.16,0.012341800760943442
696,848,152,0.152,0.01220824936334975
716,858,142,0.142,0.011684148260625079
740,870,130,0.13,0.011296723635867239
802,901,99,0.099,0.011164614485576749
710,855,145,0.145,0.01081659860536456
796,898,102,0.102,0.010364407549146562
754,877,123,0.123,0.010344936644891277
714,857,143,0.143,0.011078708834014833
736,868,132,0.132,0.011013969100313261
740,870,130,0.13,0.009962510743178428
740,870,130,0.13,0.010204232850577682
726,863,137,0.137,0.010372239941963925
770,885,115,0.115,0.009896202120464295
722,861,139,0.139,0.010192548130173236
708,854,146,0.146,0.010806458880193532
766,883,117,0.117,0.009912755294470117
750,875,125,0.125,0.010109847856219857
746,873,127,0.127,0.010093210035469383
722,861,139,0.139,0.010264814602211118
748,874,126,0.126,0.010165203753858805
684,842,158,0.158,0.009893002949189395
790,895,105,0.105,0.009917913627112284
716,858,142,0.142,0.010714692516019569
758,879,121,0.121,0.009546808504033834
740,870,130,0.13,0.01009396455483511
710,855,145,0.145,0.009823203736217692
778,889,111,0.111,0.00989077854435891
708,854,146,0.146,0.010460923208389431
740,870,130,0.13,0.010742671369109303
738,869,131,0.131,0.012042183869984001
726,863,137,0.137,0.01137935150647536
694,847,153,0.153,0.011717845500679686
732,866,134,0.134,0.011211072226753459
764,882,118,0.118,0.011540807322133332
750,875,125,0.125,0.01194194519543089
758,879,121,0.121,0.012200272323563695
722,861,139,0.139,0.013125791122205556
686,843,157,0.157,0.013242888771928847
734,867,133,0.133,0.013193096301052719
736,868,132,0.132,0.013234789724927396
754,877,123,0.123,0.013294892745092511
760,880,120,0.12,0.013069308813661336
674,837,163,0.163,0.014198204588145018
722,861,139,0.139,0.013726527217542753
744,872,128,0.128,0.013008172798901796
706,853,147,0.147,0.014034075893927366
722,861,139,0.139,0.014225391572341322
670,835,165,0.165,0.01546474557975307
750,875,125,0.125,0.014752447842620314
644,822,178,0.178,0.0152429948146455
756,878,122,0.122,0.014671489757485688
722,861,139,0.139,0.014626850983593613
772,886,114,0.114,0.014370845568366349
726,863,137,0.137,0.015608759713824838
680,840,160,0.16,0.015880937297362833
752,876,124,0.124,0.016793282255530357
712,856,144,0.144,0.016142361963633448
700,850,150,0.15,0.01615398481860757
700,850,150,0.15,0.016630898570176213
774,887,113,0.113,0.015271926040761172
744,872,128,0.128,0.01595196610223502
732,866,134,0.134,0.01666877232817933
748,874,126,0.126,0.01573227951861918
680,840,160,0.16,0.01681683710310608
756,878,122,0.122,0.016420817570295183
734,867,133,0.133,0.01719934620242566
706,853,147,0.147,0.01658146433113143
720,860,140,0.14,0.017303732709493487
730,865,135,0.135,0.017316513270605356
762,881,119,0.119,0.016846822788473218
744,872,128,0.128,0.017423049244098366
762,881,119,0.119,0.017042750182561576
760,880,120,0.12,0.016810846044216305
700,850,150,0.15,0.016805007059592755
702,851,149,0.149,0.017696588860824706
770,885,115,0.115,0.01677621527807787
662,831,169,0.169,0.017744159776717425
812,906,94,0.094,0.016140132317785175
742,871,129,0.129,0.016614956375211477
754,877,123,0.123,0.01705018545361236
728,864,136,0.136,0.017207318750210105
662,831,169,0.169,0.017409115944989027
720,860,140,0.14,0.015879914671182632
730,865,135,0.135,0.015707920242100954
726,863,137,0.137,0.01581385681545362
734,867,133,0.133,0.01591622880799696
732,866,134,0.134,0.01628146177297458
744,872,128,0.128,0.015618354169651866
700,850,150,0.15,0.016171137353405356
732,866,134,0.134,0.015887787965591996
766,883,117,0.117,0.015988364733289927
770,885,115,0.115,0.01615276427939534
712,856,144,0.144,0.016876829751301555
718,859,141,0.141,0.016092913875821978
772,886,114,0.114,0.015944622135721148
710,855,145,0.145,0.01707229642244056
716,858,142,0.142,0.016309631396085024
690,845,155,0.155,0.017394436978269368
754,877,123,0.123,0.017007908972911538
684,842,158,0.158,0.018577338688075543
658,829,171,0.171,0.01782705362699926
772,886,114,0.114,0.01706363180046901
760,880,120,0.12,0.017246477469801902
776,888,112,0.112,0.01692155033024028
712,856,144,0.144,0.01832602722477168
704,852,148,0.148,0.017763468546327203
744,872,128,0.128,0.018828901751432568
700,850,150,0.15,0.018269305814988913
740,870,130,0.13,0.017160898664500563
720,860,140,0.14,0.018640288663562387
748,874,126,0.126,0.018726632862351836
746,873,127,0.127,0.018519747202284633
706,853,147,0.147,0.018917068136390297
736,868,132,0.132,0.018121935083065182
728,864,136,0.136,0.01801339263189584
730,865,135,0.135,0.019024659077636896
742,871,129,0.129,0.017797688297461717
712,856,144,0.144,0.018055046643596143
708,854,146,0.146,0.018357756164856256
714,857,143,0.143,0.018858124239370225
730,865,135,0.135,0.019707953674253077
724,862,138,0.138,0.01893105632578954
734,867,133,0.133,0.018987491816747935
686,843,157,0.157,0.019047143925447017
770,885,115,0.115,0.019148523069918155
722,861,139,0.139,0.01933876420604065
730,865,135,0.135,0.020708842996507885
666,833,167,0.167,0.020354446949902922
736,868,132,0.132,0.01963751281052828
764,882,118,0.118,0.018852450953330845
728,864,136,0.136,0.019310281623154877
724,862,138,0.138,0.01943223861977458
696,848,152,0.152,0.019227962468285113
688,844,156,0.156,0.01918894769391045
750,875,125,0.125,0.01712067401735112
822,911,89,0.089,0.0174267788650468
716,858,142,0.142,0.018350268393289296
762,881,119,0.119,0.017510592052247375
742,871,129,0.129,0.01814320766320452
720,860,140,0.14,0.01711281511746347
738,869,131,0.131,0.01627826537238434
732,866,134,0.134,0.015503061005380004
690,845,155,0.155,0.015342824693303555
710,855,145,0.145,0.015254032817669213
722,861,139,0.139,0.01622402772307396
748,874,126,0.126,0.014680489509366453
694,847,153,0.153,0.015405194954946638
774,887,113,0.113,0.014582325528375805
760,880,120,0.12,0.014147123348433524
732,866,134,0.134,0.014200320465490222
708,854,146,0.146,0.014826714229770005
692,846,154,0.154,0.015089352692011743
730,865,135,0.135,0.014489744692109525
786,893,107,0.107,0.014528061302844435
690,845,155,0.155,0.01562670476315543
720,860,140,0.14,0.014916688559576868
758,879,121,0.121,0.014535025914665312
736,868,132,0.132,0.014694662877824158
726,863,137,0.137,0.015387106640730053
674,837,163,0.163,0.016249815114308147
792,896,104,0.104,0.015514419403858483
708,854,146,0.146,0.015739571144804357
690,845,155,0.155,0.016167364159133286
696,848,152,0.152,0.01626405560830608
794,897,103,0.103,0.015453272222541272
700,850,150,0.15,0.015737993139307946
710,855,145,0.145,0.017339802019763737
716,858,142,0.142,0.017983319710940124
712,856,144,0.144,0.017522007384337485
726,863,137,0.137,0.017012826771009713
706,853,147,0.147,0.01825163460755721
716,858,142,0.142,0.01866549303662032
742,871,129,0.129,0.01728578490531072
698,849,151,0.151,0.018620611746795475
706,853,147,0.147,0.01765306418435648
744,872,128,0.128,0.017970669299829753
760,880,120,0.12,0.017042301430366932
748,874,126,0.126,0.01683624331187457
736,868,132,0.132,0.01770189883746207
760,880,120,0.12,0.016562454669736326
730,865,135,0.135,0.018128168480005116
800,900,100,0.1,0.017139762910082935
714,857,143,0.143,0.01673021065350622
768,884,116,0.116,0.016136050570756198
752,876,124,0.124,0.015540469856932759
722,861,139,0.139,0.017149627677630633
700,850,150,0.15,0.01685664983140305
736,868,132,0.132,0.01666904886160046
754,877,123,0.123,0.016117722668685018
714,857,143,0.143,0.016376255882903933
660,830,170,0.17,0.017042480564676225
712,856,144,0.144,0.016767534656450152
712,856,144,0.144,0.0173540653930977
740,870,130,0.13,0.01640608982881531
712,856,144,0.144,0.017218517591711134
772,886,114,0.114,0.016756533625535665
782,891,109,0.109,0.015840962805785237
754,877,123,0.123,0.01683707384392619
728,864,136,0.136,0.01637517277058214
680,840,160,0.16,0.01790900492668152
730,865,135,0.135,0.018029034948907792
776,888,112,0.112,0.01722678775107488
698,849,151,0.151,0.017017911026719956
718,859,141,0.141,0.01801982536073774
746,873,127,0.127,0.016767302474938333
750,875,125,0.125,0.01685817043762654
754,877,123,0.123,0.016895399015396835
730,865,135,0.135,0.017335767329670487
766,883,117,0.117,0.018044330404140056
720,860,140,0.14,0.018755257653538138
680,840,160,0.16,0.018005484389606863
704,852,148,0.148,0.01877242417447269
746,873,127,0.127,0.018110387142747642
766,883,117,0.117,0.01770080269314349
742,871,129,0.129,0.01839682763488963
728,864,136,0.136,0.017620731103699654
764,882,118,0.118,0.016597848172765224
758,879,121,0.121,0.018374188614077865
722,861,139,0.139,0.018789344310294838
780,890,110,0.11,0.018092775491066276
706,853,147,0.147,0.019213025516830386
796,898,102,0.102,0.017373991165775805
700,850,150,0.15,0.018760475050657987
740,870,130,0.13,0.018577521706465632
746,873,127,0.127,0.018554088675882666
772,886,114,0.114,0.01784584365831688
728,864,136,0.136,0.020105463724583387
710,855,145,0.145,0.01996428982447833
710,855,145,0.145,0.020509363676421345
738,869,131,0.131,0.021426491182297468
724,862,138,0.138,0.02088484192546457
692,846,154,0.154,0.021459442809224127
718,859,141,0.141,0.022499596709385516
754,877,123,0.123,0.022200884276069702
738,869,131,0.131,0.023348103229887784
706,853,147,0.147,0.025261650901287794
694,847,153,0.153,0.024027878317050635
758,879,121,0.121,0.024262169225141406
702,851,149,0.149,0.025430702343583106
746,873,127,0.127,0.02477518985513598
684,842,158,0.158,0.02544795445818454
732,866,134,0.134,0.0249675754820928
750,875,125,0.125,0.025088865608908235
702,851,149,0.149,0.025334088624455034
734,867,133,0.133,0.025001278249546885
748,874,126,0.126,0.024293097185902297
716,858,142,0.142,0.022674604969099163
748,874,126,0.126,0.021023621457628906
744,872,128,0.128,0.022560650166124106
732,866,134,0.134,0.02184167986456305
736,868,132,0.132,0.021354262427426874
716,858,142,0.142,0.02206409684475511
734,867,133,0.133,0.02147329735942185
670,835,165,0.165,0.020900949050672354
768,884,116,0.116,0.016846788719762116
700,850,150,0.15,0.01875074717402458
760,880,120,0.12,0.017631906436756252
720,860,140,0.14,0.017750728632323444
746,873,127,0.127,0.017681141718756406
698,849,151,0.151,0.0177066600183025
782,891,109,0.109,0.016947290315758437
756,878,122,0.122,0.015361942357383668
776,888,112,0.112,0.015642617178615183
670,835,165,0.165,0.01679203115636483
746,873,127,0.127,0.016155200073029848
760,880,120,0.12,0.01651914262957871
752,876,124,0.124,0.016879763602744787
686,843,157,0.157,0.016440047015435992
662,831,169,0.169,0.01561494271736592
744,872,128,0.128,0.01705261658364907
716,858,142,0.142,0.01664731077523902
654,827,173,0.173,0.017534577175974845
748,874,126,0.126,0.017074482563883067
736,868,132,0.132,0.01640557572245598
704,852,148,0.148,0.01668767709331587
726,863,137,0.137,0.016037674493156375
740,870,130,0.13,0.01599327822541818
738,869,131,0.131,0.016399122880771756
736,868,132,0.132,0.01527584168408066
758,879,121,0.121,0.014883435542229564
640,820,180,0.18,0.016370460106059907
708,854,146,0.146,0.015137897876556963
800,900,100,0.1,0.01494069861760363
716,858,142,0.142,0.015190301893744618
646,823,177,0.177,0.016931930899620057
734,867,133,0.133,0.014874254793394357
732,866,134,0.134,0.016205928192008286
724,862,138,0.138,0.015351776416879147
784,892,108,0.108,0.01580697910953313
694,847,153,0.153,0.01642133946856484
730,865,135,0.135,0.016317769040819257
792,896,104,0.104,0.015407413537148387
798,899,101,0.101,0.014977915060240776
750,875,125,0.125,0.016158249069936573
712,856,144,0.144,0.016255995339713992
734,867,133,0.133,0.01612481159437448
750,875,125,0.125,0.016120714438147842
754,877,123,0.123,0.015940429658629
758,879,121,0.121,0.016463221228215842
712,856,144,0.144,0.018082236844580622
728,864,136,0.136,0.017250606406480073
692,846,154,0.154,0.01629557278146967
770,885,115,0.115,0.016143602468073368
750,875,125,0.125,0.01748979558981955
730,865,135,0.135,0.016580189034342767
792,896,104,0.104,0.015991145386360584
706,853,147,0.147,0.016470003861933948
698,849,151,0.151,0.01677611058577895
774,887,113,0.113,0.016165643117390573
738,869,131,0.131,0.0162709224158898
702,851,149,0.149,0.0165337254460901
740,870,130,0.13,0.01594168100785464
780,890,110,0.11,0.015659599876962603
672,836,164,0.164,0.017603543285746127
730,865,135,0.135,0.016604476177599282
722,861,139,0.139,0.01622210862999782
694,847,153,0.153,0.01694356618216261
764,882,118,0.118,0.016556355426553638
690,845,155,0.155,0.01704249571217224
766,883,117,0.117,0.01589238708931953
700,850,150,0.15,0.016711617847904564
746,873,127,0.127,0.01660762747982517
806,903,97,0.097,0.01573307500220835
724,862,138,0.138,0.01696863399539143
718,859,141,0.141,0.016822081825230272
736,868,132,0.132,0.0172899545552209
744,872,128,0.128,0.017068861986510454
758,879,121,0.121,0.01684832692425698
798,899,101,0.101,0.01679868929460645
740,870,130,0.13,0.017701513786800207
748,874,126,0.126,0.018881745957769452
740,870,130,0.13,0.01805527063505724
728,864,136,0.136,0.018396584059577434
772,886,114,0.114,0.017864618566818535
758,879,121,0.121,0.018705801324453205
716,858,142,0.142,0.02021187011245638
758,879,121,0.121,0.01889881781954318
718,859,141,0.141,0.020953376654535533
716,858,142,0.142,0.019224079973064363
758,879,121,0.121,0.02016178977675736
762,881,119,0.119,0.0198421846954152
698,849,151,0.151,0.020965422000736
660,830,170,0.17,0.0213071905169636
678,839,161,0.161,0.021764291364699602
678,839,161,0.161,0.021333391781896353
770,885,115,0.115,0.020489828034304082
684,842,158,0.158,0.02207646509911865
720,860,140,0.14,0.022389368792064487
738,869,131,0.131,0.021716647055000066
744,872,128,0.128,0.022999864862300455
776,888,112,0.112,0.022163198227062822
750,875,125,0.125,0.022630889573134482
716,858,142,0.142,0.022560631074942647
750,875,125,0.125,0.02321833541430533
692,846,154,0.154,0.02380352265946567
680,840,160,0.16,0.02494497341942042
708,854,146,0.146,0.02415394791867584
724,862,138,0.138,0.023823594762943684
744,872,128,0.128,0.023181491521187127
734,867,133,0.133,0.023271785404533146
726,863,137,0.137,0.023568029031157494
752,876,124,0.124,0.02309734819829464
736,868,132,0.132,0.023134309897199272
728,864,136,0.136,0.023262233784422277
704,852,148,0.148,0.023349242961965503
722,861,139,0.139,0.023221427934244275
716,858,142,0.142,0.022945457351393996
720,860,140,0.14,0.02217778146825731
716,858,142,0.142,0.022167260970920324
722,861,139,0.139,0.021200623705983163
780,890,110,0.11,0.020758400635793806
732,866,134,0.134,0.02123954464867711
736,868,132,0.132,0.02084079486504197
708,854,146,0.146,0.02017527297884226
764,882,118,0.118,0.02086943307425827
694,847,153,0.153,0.02143722427263856
734,867,133,0.133,0.020373289730399848
762,881,119,0.119,0.020885876552201806
716,858,142,0.142,0.020878762592561544
752,876,124,0.124,0.020357048983685674
742,871,129,0.129,0.02114352645445615
756,878,122,0.122,0.021032689742743967
718,859,141,0.141,0.02086446236539632
688,844,156,0.156,0.022383287286385892
694,847,153,0.153,0.02217445535492152
684,842,158,0.158,0.02243477355223149
698,849,151,0.151,0.022553539097309113
752,876,124,0.124,0.021628832682035862
758,879,121,0.121,0.022446251071989536
766,883,117,0.117,0.022060737609863282
732,866,134,0.134,0.023343277310952544
798,899,101,0.101,0.022520442995242775
722,861,139,0.139,0.024023736448958517
712,856,144,0.144,0.023732958802953362
698,849,151,0.151,0.02424227522034198
778,889,111,0.111,0.023513475528918207
708,854,146,0.146,0.024749052136205138
698,849,151,0.151,0.025242691092193126
726,863,137,0.137,0.025676352613605558
752,876,124,0.124,0.02458034833520651
732,866,134,0.134,0.024221756349317728
736,868,132,0.132,0.02509981244802475
708,854,146,0.146,0.025045326253399253
734,867,133,0.133,0.025670149938203393
752,876,124,0.124,0.02356891602370888
698,849,151,0.151,0.025753768826834857
716,858,142,0.142,0.025325060395523905
740,870,130,0.13,0.024733459546230734
704,852,148,0.148,0.024572548290714622
740,870,130,0.13,0.02436035048868507
736,868,132,0.132,0.023949650682508945
718,859,141,0.141,0.025148938927799465
746,873,127,0.127,0.025310055608861147
744,872,128,0.128,0.02464453998953104
722,861,139,0.139,0.025404032125137747
696,848,152,0.152,0.024927488847635685
740,870,130,0.13,0.023686237716116013
798,899,101,0.101,0.02362859921436757
696,848,152,0.152,0.024760207436047496
724,862,138,0.138,0.025457553554326297
732,866,134,0.134,0.023224464400671423
718,859,141,0.141,0.025951844299212098
730,865,135,0.135,0.027569548222236336
676,838,162,0.162,0.026171844081021845
710,855,145,0.145,0.025506898557767273
690,845,155,0.155,0.025689317751675843
742,871,129,0.129,0.02693572652619332
738,869,131,0.131,0.02562003395706415
760,880,120,0.12,0.02701288294326514
684,842,158,0.158,0.03130356664583087
750,875,125,0.125,0.02972204210795462
776,888,112,0.112,0.02952307174075395
782,891,109,0.109,0.029634194779209793
760,880,120,0.12,0.03086986233200878
780,890,110,0.11,0.031251406826078895
716,858,142,0.142,0.03228569041751325
760,880,120,0.12,0.031771916458383204
742,871,129,0.129,0.033884252741932866
750,875,125,0.125,0.034008791718631984
754,877,123,0.123,0.033529351567849516
756,878,122,0.122,0.03416274205222726
726,863,137,0.137,0.03652721598185599
734,867,133,0.133,0.03597607439756394
744,872,128,0.128,0.033697271902114155
710,855,145,0.145,0.037151913708075884
724,862,138,0.138,0.03659607581607997
722,861,139,0.139,0.0375173783544451
708,854,146,0.146,0.038315958185121415
774,887,113,0.113,0.037100375331938266
744,872,128,0.128,0.036067023625597355
666,833,167,0.167,0.03899349044449627
748,874,126,0.126,0.0369506256878376
732,866,134,0.134,0.03750853206403554
700,850,150,0.15,0.03876050620153546
748,874,126,0.126,0.03834584572538734
738,869,131,0.131,0.03845697794482112
726,863,137,0.137,0.03947609383426607
774,887,113,0.113,0.04025586685910821
752,876,124,0.124,0.04038447189517319
732,866,134,0.134,0.040284618636593224
678,839,161,0.161,0.04504264940880239
736,868,132,0.132,0.04674382262304425
758,879,121,0.121,0.04673509512655437
734,867,133,0.133,0.04547030839510262
688,844,156,0.156,0.048784882152453066
668,834,166,0.166,0.04952034211903811
784,892,108,0.108,0.0449710944481194
710,855,145,0.145,0.04918111811205745
718,859,141,0.141,0.04763078865036369
766,883,117,0.117,0.04613235621154308
748,874,126,0.126,0.04549333407729864
778,889,111,0.111,0.04542150695063174
752,876,124,0.124,0.04509302735514939
690,845,155,0.155,0.040964472111314536
710,855,145,0.145,0.0373792828284204
748,874,126,0.126,0.036419802160933615
714,857,143,0.143,0.03563173328153789
756,878,122,0.122,0.03273249293677509
718,859,141,0.141,0.03367949875444174
748,874,126,0.126,0.03268383854348213
754,877,123,0.123,0.02938175009470433
736,868,132,0.132,0.02075228082668036
734,867,133,0.133,0.024548754534684122
728,864,136,0.136,0.022172231420874596
670,835,165,0.165,0.02202898406703025
686,843,157,0.157,0.021945052182301878
756,878,122,0.122,0.01935162211116403
704,852,148,0.148,0.02034628326445818
710,855,145,0.145,0.01739416390378028
736,868,132,0.132,0.017660992844961584
706,853,147,0.147,0.01771148937009275
768,884,116,0.116,0.017296037130989133
692,846,154,0.154,0.01790634799655527
722,861,139,0.139,0.017640865630004554
724,862,138,0.138,0.01686521196179092
690,845,155,0.155,0.017921662855893375
766,883,117,0.117,0.0158688452988863
748,874,126,0.126,0.015509135202039033
744,872,128,0.128,0.01599128465214744
736,868,132,0.132,0.01668349191918969
762,881,119,0.119,0.015601666919421404
734,867,133,0.133,0.015182598645798863
764,882,118,0.118,0.01349164487188682
768,884,116,0.116,0.014434327502269298
678,839,161,0.161,0.015514924224931746
754,877,123,0.123,0.014092137633822858
740,870,130,0.13,0.014322273918427527
714,857,143,0.143,0.01379240746004507
720,860,140,0.14,0.013700678822584451
712,856,144,0.144,0.013182750707957894
772,886,114,0.114,0.013367604084312916
730,865,135,0.135,0.01386282410286367
744,872,128,0.128,0.013638702809344977
738,869,131,0.131,0.013407298951409756
732,866,134,0.134,0.013783781014382839
722,861,139,0.139,0.013618294212967157
778,889,111,0.111,0.013264783049467951
716,858,142,0.142,0.014277703029103576
766,883,117,0.117,0.014305440163239837
732,866,134,0.134,0.0144905347218737
766,883,117,0.117,0.014248871912248433
740,870,130,0.13,0.014438805552199483
680,840,160,0.16,0.015404812741558999
680,840,160,0.16,0.015080686301924289
744,872,128,0.128,0.01536322578135878
766,883,117,0.117,0.014698485501110553
722,861,139,0.139,0.015039254828356207
760,880,120,0.12,0.016508687977679074
708,854,146,0.146,0.01711216813046485
732,866,134,0.134,0.01648352507967502
688,844,156,0.156,0.016126406562514604
772,886,114,0.114,0.016210321315564217
762,881,119,0.119,0.014203297887928784
776,888,112,0.112,0.016038453496992587
726,863,137,0.137,0.016228058204986157
688,844,156,0.156,0.016804184262640774
748,874,126,0.126,0.015706085262820125
728,864,136,0.136,0.016737507898360492
720,860,140,0.14,0.016202954726293683
722,861,139,0.139,0.017330914914608003
778,889,111,0.111,0.015656080682761968
728,864,136,0.136,0.016375056525692343
770,885,115,0.115,0.014970332785509527
658,829,171,0.171,0.015958750572055577
722,861,139,0.139,0.01566603908594698
736,868,132,0.132,0.016305740263778717
698,849,151,0.151,0.015815550541039555
784,892,108,0.108,0.015454241593834012
746,873,127,0.127,0.014969925495330244
664,832,168,0.168,0.015878697587177158
750,875,125,0.125,0.015803082787431776
770,885,115,0.115,0.01539041301375255
696,848,152,0.152,0.01621931576123461
744,872,128,0.128,0.01524265566188842
744,872,128,0.128,0.015579955816268922
700,850,150,0.15,0.01589286993816495
774,887,113,0.113,0.015840309481136503
712,856,144,0.144,0.016226064655464143
740,870,130,0.13,0.01530081222485751
710,855,145,0.145,0.015163000379689038
714,857,143,0.143,0.015584545736201107
692,846,154,0.154,0.01647711980622262
792,896,104,0.104,0.01480674897832796
720,860,140,0.14,0.01494013969320804
740,870,130,0.13,0.015652867623604835
748,874,126,0.126,0.014649108248762786
698,849,151,0.151,0.014147684820927679
722,861,139,0.139,0.014717050882056356
764,882,118,0.118,0.014978045052848755
742,871,129,0.129,0.014429977156687528
732,866,134,0.134,0.014437612276524306
760,880,120,0.12,0.014310241744853557
698,849,151,0.151,0.015147961089853198
732,866,134,0.134,0.014029712073039264
764,882,118,0.118,0.013819253311492502
728,864,136,0.136,0.01384186996985227
742,871,129,0.129,0.014138726311270148
762,881,119,0.119,0.013839152164291591
728,864,136,0.136,0.014232019497547299
756,878,122,0.122,0.014192531255539508
728,864,136,0.136,0.014201542887371034
738,869,131,0.131,0.013967623360920698
738,869,131,0.131,0.013651724957861006
716,858,142,0.142,0.013965714864898473
732,866,134,0.134,0.013772920651361346
754,877,123,0.123,0.01273153465660289
728,864,136,0.136,0.013532383737619967
728,864,136,0.136,0.013920554606709629
684,842,158,0.158,0.014344950400758534
720,860,140,0.14,0.013842533850576728
724,862,138,0.138,0.014044367200694978
734,867,133,0.133,0.013823733414988965
730,865,135,0.135,0.01394152209861204
672,836,164,0.164,0.014532222194131464
732,866,134,0.134,0.014737309978343546
746,873,127,0.127,0.01449984337342903
704,852,148,0.148,0.01567869120417163
724,862,138,0.138,0.014810345167294145
718,859,141,0.141,0.014422173344995827
770,885,115,0.115,0.014477564396336675
776,888,112,0.112,0.014549875231925398
732,866,134,0.134,0.015429002800025045
716,858,142,0.142,0.016776566098444162
756,878,122,0.122,0.016005703691393137
764,882,118,0.118,0.015745415252633392
808,904,96,0.096,0.015547828200273216
720,860,140,0.14,0.016537514415569603
706,853,147,0.147,0.016912478632293643
750,875,125,0.125,0.015746362126432357
720,860,140,0.14,0.01639510651072487
762,881,119,0.119,0.016796136997640133
706,853,147,0.147,0.01673947990592569
738,869,131,0.131,0.016225446070544422
720,860,140,0.14,0.016967778773978353
762,881,119,0.119,0.01578190905135125
736,868,132,0.132,0.016368438728153707
748,874,126,0.126,0.01608327305689454
730,865,135,0.135,0.016625771151855588
690,845,155,0.155,0.017473657885566353
724,862,138,0.138,0.01707882990781218
696,848,152,0.152,0.016917354453355075
742,871,129,0.129,0.01725557292345911
718,859,141,0.141,0.017614232032559813
738,869,131,0.131,0.017031337928958237
716,858,142,0.142,0.01725699131283909
700,850,150,0.15,0.016454907240346074
678,839,161,0.161,0.017510283685289323
734,867,133,0.133,0.016305877798236907
700,850,150,0.15,0.01659308463521302
696,848,152,0.152,0.016701758642680944
744,872,128,0.128,0.016494768439792095
748,874,126,0.126,0.017354378649033605
702,851,149,0.149,0.01799959531147033
724,862,138,0.138,0.018228149597533046
730,865,135,0.135,0.018219537409953773
758,879,121,0.121,0.018300484229810537
786,893,107,0.107,0.017540107402019202
708,854,146,0.146,0.019806012880057098
712,856,144,0.144,0.019508887029252946
780,890,110,0.11,0.01920979710109532
760,880,120,0.12,0.020016076472587883
718,859,141,0.141,0.019671795641072094
754,877,123,0.123,0.02010630828142166
738,869,131,0.131,0.019194721191190183
710,855,145,0.145,0.020130173422396182
714,857,143,0.143,0.01947247490193695
758,879,121,0.121,0.019549926600418984
770,885,115,0.115,0.019457160205580293
746,873,127,0.127,0.019436503977514803
728,864,136,0.136,0.019577901394106447
732,866,134,0.134,0.019738809254951774
724,862,138,0.138,0.020278414107859136
756,878,122,0.122,0.019373605405911803
752,876,124,0.124,0.01744012162461877
782,891,109,0.109,0.017390566737391054
758,879,121,0.121,0.016984862538985908
754,877,123,0.123,0.01737209605425596
786,893,107,0.107,0.016721650743857026
730,865,135,0.135,0.01677400540234521
748,874,126,0.126,0.016465186554007232
714,857,143,0.143,0.017352328379638494
728,864,136,0.136,0.015193133103195578
714,857,143,0.143,0.015549246421083808
754,877,123,0.123,0.014582382921595126
642,821,179,0.179,0.015901571259833873
716,858,142,0.142,0.01429134230595082
730,865,135,0.135,0.014895368679892272
666,833,167,0.167,0.015102779108565301
762,881,119,0.119,0.014170429401565343
778,889,111,0.111,0.013830447166692466
732,866,134,0.134,0.014175303681287915
762,881,119,0.119,0.013381795728579164
750,875,125,0.125,0.013926265987101942
772,886,114,0.114,0.012952328232582659
714,857,143,0.143,0.01364345540245995
726,863,137,0.137,0.013159928196575493
828,914,86,0.086,0.011530965964775533
740,870,130,0.13,0.012617990841623395
770,885,115,0.115,0.011913248538970947
688,844,156,0.156,0.012507320410571992
694,847,153,0.153,0.012366944770328701
748,874,126,0.126,0.01184528043307364
702,851,149,0.149,0.012069936123210936
730,865,135,0.135,0.012481009166687727
714,857,143,0.143,0.012044427214656026
760,880,120,0.12,0.011232733971904963
772,886,114,0.114,0.011591796709690244
744,872,128,0.128,0.011767358392477036
762,881,119,0.119,0.011557091386057436
754,877,123,0.123,0.012257226783782244
688,844,156,0.156,0.012260372311808168
746,873,127,0.127,0.011745419875718654
754,877,123,0.123,0.011114613424055278
756,878,122,0.122,0.011807103508152068
758,879,121,0.121,0.01096769903227687
742,871,129,0.129,0.010850443574599921
724,862,138,0.138,0.011069158084690571
710,855,145,0.145,0.011001518015749752
754,877,123,0.123,0.010637423238251358
710,855,145,0.145,0.010803258184809237
702,851,149,0.149,0.010551663731690496
766,883,117,0.117,0.009934776639100164
708,854,146,0.146,0.010173289795406163
708,854,146,0.146,0.010185044846963138
676,838,162,0.162,0.010953827829565853
722,861,139,0.139,0.010481963087804615
668,834,166,0.166,0.010605544199235737
740,870,130,0.13,0.010465849574189633
690,845,155,0.155,0.010527280379086732
690,845,155,0.155,0.010641971454955637
724,862,138,0.138,0.010597970915492624
712,856,144,0.144,0.01098019463988021
772,886,114,0.114,0.010424857303965836
706,853,147,0.147,0.010681562446523457
744,872,128,0.128,0.011619137690402567
712,856,144,0.144,0.011404158069286496
710,855,145,0.145,0.012054018582683056
728,864,136,0.136,0.011086780953221024
710,855,145,0.145,0.011568475749809294
746,873,127,0.127,0.011718037012033165
698,849,151,0.151,0.011441422756761313
740,870,130,0.13,0.011548767978791147
730,865,135,0.135,0.011364962839521467
752,876,124,0.124,0.011851223394274711
778,889,111,0.111,0.011879642110317945
726,863,137,0.137,0.012261639672797173
732,866,134,0.134,0.01226942125102505
732,866,134,0.134,0.012197072390466928
730,865,135,0.135,0.012541493682656437
720,860,140,0.14,0.012589656339958311
770,885,115,0.115,0.012492741055320949
766,883,117,0.117,0.01233768639760092
768,884,116,0.116,0.011616105164866894
782,891,109,0.109,0.011827161566819996
666,833,167,0.167,0.013359704305417835
784,892,108,0.108,0.01269527140725404
754,877,123,0.123,0.01231527320900932
742,871,129,0.129,0.011973973414395005
764,882,118,0.118,0.011911326342262328
708,854,146,0.146,0.01255243203882128
748,874,126,0.126,0.011614762993063778
772,886,114,0.114,0.011925532734021544
690,845,155,0.155,0.012546341643668711
728,864,136,0.136,0.012395194091368467
700,850,150,0.15,0.01259980359999463
744,872,128,0.128,0.012855351130012422
692,846,154,0.154,0.012726571865845472
710,855,145,0.145,0.01303656565072015
722,861,139,0.139,0.013018839584663511
664,832,168,0.168,0.013449273773934692
716,858,142,0.142,0.013667303285561502
732,866,134,0.134,0.014129702523350716
722,861,139,0.139,0.01475026601506397
696,848,152,0.152,0.015898663798347114
714,857,143,0.143,0.014673854795750231
738,869,131,0.131,0.01531974378367886
724,862,138,0.138,0.015457600072957576
740,870,130,0.13,0.015058699583169072
726,863,137,0.137,0.01624286540132016
734,867,133,0.133,0.01643280932959169
762,881,119,0.119,0.015437615742441266
676,838,162,0.162,0.016499181027058513
722,861,139,0.139,0.015514205083251
712,856,144,0.144,0.01600946470629424
744,872,128,0.128,0.015406357437372207
756,878,122,0.122,0.015316866938956081
784,892,108,0.108,0.015096551584079862
744,872,128,0.128,0.014634055005386472
732,866,134,0.134,0.014992531634867192
734,867,133,0.133,0.015452236737124621
670,835,165,0.165,0.01553126776125282
728,864,136,0.136,0.015098183308728039
726,863,137,0.137,0.014495062679518014
748,874,126,0.126,0.014941435060463845
768,884,116,0.116,0.014371808769647032
718,859,141,0.141,0.014290001216810197
716,858,142,0.142,0.014203607842326164
704,852,148,0.148,0.014288709410931915
758,879,121,0.121,0.013712002171669155
744,872,128,0.128,0.013916606161743403
748,874,126,0.126,0.013594320331700147
692,846,154,0.154,0.014706286046188325
712,856,144,0.144,0.01321081366436556
730,865,135,0.135,0.012817339453846216
730,865,135,0.135,0.01330096179479733
738,869,131,0.131,0.012960298269521445
752,876,124,0.124,0.012673414257355034
728,864,136,0.136,0.012729705772362649
718,859,141,0.141,0.013057429166976362
716,858,142,0.142,0.01361537011526525
778,889,111,0.111,0.01209343485487625
684,842,158,0.158,0.012946919347625225
760,880,120,0.12,0.012204846582375467
742,871,129,0.129,0.012991067396942526
696,848,152,0.152,0.013061856306623668
784,892,108,0.108,0.012975242463871836
738,869,131,0.131,0.0131043491656892
696,848,152,0.152,0.012822188512887805
700,850,150,0.15,0.0128254105290398
744,872,128,0.128,0.012742631036322564
780,890,110,0.11,0.012020601453725249
716,858,142,0.142,0.013050452446565032
754,877,123,0.123,0.012645160082262009
724,862,138,0.138,0.01223909630207345
786,893,107,0.107,0.01139067425718531
658,829,171,0.171,0.01255533725116402
716,858,142,0.142,0.01253192228404805
696,848,152,0.152,0.011732697424013167
740,870,130,0.13,0.011808290991466493
682,841,159,0.159,0.012214629676192999
708,854,146,0.146,0.012066349178086966
732,866,134,0.134,0.012216564944945276
770,885,115,0.115,0.011512800150085241
764,882,118,0.118,0.011547255052253604
752,876,124,0.124,0.011533300963230431
766,883,117,0.117,0.01157924275798723
708,854,146,0.146,0.012248261018190532
718,859,141,0.141,0.011884396149311215
676,838,162,0.162,0.012450248799286783
708,854,146,0.146,0.01269222809234634
708,854,146,0.146,0.012771291861310602
752,876,124,0.124,0.012147958588786423
748,874,126,0.126,0.012563203406520188
738,869,131,0.131,0.01229557834379375
700,850,150,0.15,0.012632495118770749
720,860,140,0.14,0.012686051545664668
706,853,147,0.147,0.012479922723490746
674,837,163,0.163,0.012578643700107932
704,852,148,0.148,0.012021626051981002
774,887,113,0.113,0.012088541872799397
704,852,148,0.148,0.013169341320637613
748,874,126,0.126,0.012964581877458841
728,864,136,0.136,0.012340040326118469
760,880,120,0.12,0.01294671081798151
686,843,157,0.157,0.013088427145034075
720,860,140,0.14,0.013393507573753596
706,853,147,0.147,0.01263241170765832
750,875,125,0.125,0.012096141827758401
750,875,125,0.125,0.012552059975452721
770,885,115,0.115,0.011206021730322391
808,904,96,0.096,0.01127575235813856
720,860,140,0.14,0.011299704542383552
748,874,126,0.126,0.01183205055538565
718,859,141,0.141,0.011059757345356048
770,885,115,0.115,0.010959896478336305
710,855,145,0.145,0.010638700652401894
708,854,146,0.146,0.010124289518222213
738,869,131,0.131,0.010075582652818412
702,851,149,0.149,0.010112571869045496
732,866,134,0.134,0.009624257821589708
728,864,136,0.136,0.010203772421460599
742,871,129,0.129,0.009623967228922992
766,883,117,0.117,0.009463531779590995
736,868,132,0.132,0.01010793073149398
720,860,140,0.14,0.01015472701517865
724,862,138,0.138,0.010039082990959286
672,836,164,0.164,0.00993744384776801
670,835,165,0.165,0.01057282042503357
752,876,124,0.124,0.01016650143591687
746,873,127,0.127,0.010173693294636904
722,861,139,0.139,0.010284963387064635
708,854,146,0.146,0.010686746753752231
722,861,139,0.139,0.010608282702974975
716,858,142,0.142,0.010497648800723255
700,850,150,0.15,0.011243264889810234
730,865,135,0.135,0.011323874210007488
736,868,132,0.132,0.01083327096188441
746,873,127,0.127,0.010907902596984058
728,864,136,0.136,0.01164508078340441
708,854,146,0.146,0.011126064797397703
738,869,131,0.131,0.011217892199289054
732,866,134,0.134,0.010654392481315882
678,839,161,0.161,0.01166794218448922
714,857,143,0.143,0.01187160617671907
712,856,144,0.144,0.011804089690558612
730,865,135,0.135,0.011916376425419003
684,842,158,0.158,0.012360331660136581
754,877,123,0.123,0.012008489535190165
726,863,137,0.137,0.012437438576482236
712,856,144,0.144,0.012776285535655916
722,861,139,0.139,0.012644411101471633
726,863,137,0.137,0.012932814646977932
696,848,152,0.152,0.01299809693172574
742,871,129,0.129,0.013220554413273931
734,867,133,0.133,0.012516523957252503
688,844,156,0.156,0.013621473671402783
766,883,117,0.117,0.012672193016856908
756,878,122,0.122,0.013306911304593086
768,884,116,0.116,0.013478877959772944
672,836,164,0.164,0.014621478234417737
754,877,123,0.123,0.013971309941262007
750,875,125,0.125,0.013304818025324494
672,836,164,0.164,0.014855609240941703
730,865,135,0.135,0.014129129042383283
760,880,120,0.12,0.014223433949518948
726,863,137,0.137,0.014712624228559434
708,854,146,0.146,0.014259163787588477
778,889,111,0.111,0.013440179393161089
758,879,121,0.121,0.01339048138074577
728,864,136,0.136,0.01365598473791033
746,873,127,0.127,0.013586263167206198
776,888,112,0.112,0.012959600388538092
720,860,140,0.14,0.013333673113491385
726,863,137,0.137,0.013522864448837936
766,883,117,0.117,0.012609692800790072
804,902,98,0.098,0.011430183416232467
754,877,123,0.123,0.011902563693001866
736,868,132,0.132,0.011534976046066731
718,859,141,0.141,0.010832135746721178
720,860,140,0.14,0.011164557649288327
730,865,135,0.135,0.010879872130230069
752,876,124,0.124,0.009592173776123673
696,848,152,0.152,0.010531758092343807
730,865,135,0.135,0.009724334818311036
766,883,117,0.117,0.009061415095347912
700,850,150,0.15,0.009485930375289171
746,873,127,0.127,0.008996549054514616
734,867,133,0.133,0.009328684057109057
726,863,137,0.137,0.00861843584291637
746,873,127,0.127,0.008614904636517167
726,863,137,0.137,0.008724841361865401
712,856,144,0.144,0.008631815787404776
748,874,126,0.126,0.00827025131508708
790,895,105,0.105,0.008134734905790537
720,860,140,0.14,0.008272127344505862
692,846,154,0.154,0.0078531100358814
714,857,143,0.143,0.008292960606049747
686,843,157,0.157,0.008136489955708384
750,875,125,0.125,0.007576777932932601
720,860,140,0.14,0.007182265981798991
742,871,129,0.129,0.007486722236732021
696,848,152,0.152,0.007017902267165482
766,883,117,0.117,0.006587637195829302
774,887,113,0.113,0.006471377643756568
686,843,157,0.157,0.006692937345709651
756,878,122,0.122,0.006089244392933324
762,881,119,0.119,0.006335091898916289
774,887,113,0.113,0.00597259223065339
752,876,124,0.124,0.00604642269667238
700,850,150,0.15,0.0058415125920437275
708,854,146,0.146,0.0059119866928085685
754,877,123,0.123,0.00593018855410628
738,869,131,0.131,0.005609790082089603
704,852,148,0.148,0.00585089039360173
720,860,140,0.14,0.00589414775907062
716,858,142,0.142,0.005785832402529195
722,861,139,0.139,0.005613778108265251
722,861,139,0.139,0.005478245941922069
730,865,135,0.135,0.005378992926096544
698,849,151,0.151,0.00525642831181176
752,876,124,0.124,0.0051587296295911075
710,855,145,0.145,0.005287238950142637
762,881,119,0.119,0.004982921690447256
664,832,168,0.168,0.005624226573156193
746,873,127,0.127,0.00518461392284371
744,872,128,0.128,0.005067390468204394
752,876,124,0.124,0.005072596806101501
778,889,111,0.111,0.004963447909336537
706,853,147,0.147,0.005119458134053275
762,881,119,0.119,0.004973481136839836
744,872,128,0.128,0.005099118081619963
758,879,121,0.121,0.00464182342030108
726,863,137,0.137,0.004939752137754112
758,879,121,0.121,0.004701978185912594
780,890,110,0.11,0.004708729289704934
750,875,125,0.125,0.004690598479937762
732,866,134,0.134,0.004485827864613384
764,882,118,0.118,0.004225755923660472
728,864,136,0.136,0.004557731562992558
722,861,139,0.139,0.00439944669464603
710,855,145,0.145,0.004291510223643854
740,870,130,0.13,0.004246007732115686
742,871,129,0.129,0.004437876173527911
702,851,149,0.149,0.004641749667469412
772,886,114,0.114,0.004217158126877621
748,874,126,0.126,0.004198551938869059
750,875,125,0.125,0.004201372228097171
724,862,138,0.138,0.00431385359459091
746,873,127,0.127,0.004220835845684633
706,853,147,0.147,0.004243581120041199
694,847,153,0.153,0.0046690042712725695
732,866,134,0.134,0.004323555899551138
758,879,121,0.121,0.004181025835685432
666,833,167,0.167,0.004522618181072175
756,878,122,0.122,0.004275776667054742
724,862,138,0.138,0.004275595127372071
728,864,136,0.136,0.004460748029523529
710,855,145,0.145,0.004353314834879711
780,890,110,0.11,0.0040350976724876095
716,858,142,0.142,0.004261189847020432
734,867,133,0.133,0.004529443906852976
742,871,129,0.129,0.004486046146368608
728,864,136,0.136,0.00481669761845842
662,831,169,0.169,0.004829615766881034
700,850,150,0.15,0.004695559697691351
786,893,107,0.107,0.0045616493548732255
784,892,108,0.108,0.004398343627108261
778,889,111,0.111,0.004515832753153518
740,870,130,0.13,0.004979982631281018
718,859,141,0.141,0.004875368844717741
710,855,145,0.145,0.004861942003946751
730,865,135,0.135,0.005042078073136508
706,853,147,0.147,0.004864049362950027
734,867,133,0.133,0.004688158552162349
728,864,136,0.136,0.005045713176485151
726,863,137,0.137,0.004838061679853126
728,864,136,0.136,0.004772167922230438
772,886,114,0.114,0.004829121606657281
718,859,141,0.141,0.0051393044490832835
710,855,145,0.145,0.004827388090081513
690,845,155,0.155,0.004845806991914287
720,860,140,0.14,0.0046779614330735055
686,843,157,0.157,0.00472277857013978
748,874,126,0.126,0.004397213712334633
706,853,147,0.147,0.004527609902434051
734,867,133,0.133,0.004441468405071646
714,857,143,0.143,0.004301178199239075
712,856,144,0.144,0.00442244510166347
728,864,136,0.136,0.0041323116635903715
720,860,140,0.14,0.004512518469011411
754,877,123,0.123,0.004067171817878261
726,863,137,0.137,0.004066808582749218
744,872,128,0.128,0.004121655024238862
754,877,123,0.123,0.004316647940315306
708,854,146,0.146,0.003947228216100484
724,862,138,0.138,0.004057530867634341
744,872,128,0.128,0.0036466082581318917
702,851,149,0.149,0.003990762889850885
656,828,172,0.172,0.003960746761527844
734,867,133,0.133,0.003890373404836282
714,857,143,0.143,0.0035739037800813092
724,862,138,0.138,0.003636280289851129
784,892,108,0.108,0.0034624912665458395
714,857,143,0.143,0.0038169693843228742
718,859,141,0.141,0.003531620163936168
656,828,172,0.172,0.0038925245293648914
778,889,111,0.111,0.0036544320849934593
730,865,135,0.135,0.0036002418751595543
714,857,143,0.143,0.0037802472971379757
724,862,138,0.138,0.00367384989769198
702,851,149,0.149,0.003828408306115307
764,882,118,0.118,0.0037963987321127206
712,856,144,0.144,0.003930199724505656
750,875,125,0.125,0.0038417499577626585
730,865,135,0.135,0.003933278751908802
748,874,126,0.126,0.003726786422310397
774,887,113,0.113,0.0037681197591591625
746,873,127,0.127,0.0035599643817404284
762,881,119,0.119,0.003571808162145317
798,899,101,0.101,0.003408568780403584
692,846,154,0.154,0.003761601637001149
690,845,155,0.155,0.003734529689652845
740,870,130,0.13,0.003624059653724544
776,888,112,0.112,0.003431037505855784
702,851,149,0.149,0.003715813187533058
700,850,150,0.15,0.0035122704600216823
714,857,143,0.143,0.0036792321803513915
760,880,120,0.12,0.003511632169014774
692,846,154,0.154,0.003599513557855971
774,887,113,0.113,0.0033784314703661947
734,867,133,0.133,0.0033463787015061827
724,862,138,0.138,0.0036807027655886486
724,862,138,0.138,0.0034648257080698384
736,868,132,0.132,0.0034678398515097797
732,866,134,0.134,0.003645474836230278
680,840,160,0.16,0.003724497837247327
728,864,136,0.136,0.0035652644146466628
702,851,149,0.149,0.003680269682314247
756,878,122,0.122,0.003715794075047597
752,876,124,0.124,0.003985016614431515
718,859,141,0.141,0.0038348553236573933
728,864,136,0.136,0.004042734848568216
768,884,116,0.116,0.003901184085989371
752,876,124,0.124,0.003999094334198162
688,844,156,0.156,0.004090930189006031
736,868,132,0.132,0.004060983664705418
718,859,141,0.141,0.00436064789397642
714,857,143,0.143,0.004073099486762658
700,850,150,0.15,0.004484300749376416
746,873,127,0.127,0.004309016009559855
706,853,147,0.147,0.004208588931360282
712,856,144,0.144,0.004392028415109962
728,864,136,0.136,0.0042993273218162355
756,878,122,0.122,0.004109341435367241
734,867,133,0.133,0.004410407887306064
726,863,137,0.137,0.004183847765671089
750,875,125,0.125,0.004101532801520079
714,857,143,0.143,0.00411935628647916
734,867,133,0.133,0.004003484707558527
714,857,143,0.143,0.0038729546677786857
740,870,130,0.13,0.0037499498751712964
730,865,135,0.135,0.004036818744614721
698,849,151,0.151,0.003841310342308134
700,850,150,0.15,0.0037165267480304466
704,852,148,0.148,0.003895369770703837
690,845,155,0.155,0.0036164101545000447
684,842,158,0.158,0.0037589581266511234
690,845,155,0.155,0.0036441962716635317
784,892,108,0.108,0.0033379807242890818
764,882,118,0.118,0.0034629886836046353
734,867,133,0.133,0.0034943760979222133
760,880,120,0.12,0.0034159081073012205
756,878,122,0.122,0.0033021459662122654
738,869,131,0.131,0.003517550939461216
744,872,128,0.128,0.003294627080555074
712,856,144,0.144,0.0034305340625578537
672,836,164,0.164,0.003669750080211088
712,856,144,0.144,0.0035131618087179957
764,882,118,0.118,0.0033324837029213086
750,875,125,0.125,0.0034422139758244156
744,872,128,0.128,0.0032583420220762493
690,845,155,0.155,0.0033562186553608626
684,842,158,0.158,0.00342166173318401
748,874,126,0.126,0.0034413909499999137
716,858,142,0.142,0.003446462907246314
706,853,147,0.147,0.0035037198674399404
722,861,139,0.139,0.003594327219761908
738,869,131,0.131,0.0033307593250647186
730,865,135,0.135,0.003588953478378244
680,840,160,0.16,0.0037663317101541906
720,860,140,0.14,0.003403671031235717
744,872,128,0.128,0.0038184593238402157
732,866,134,0.134,0.003804604142671451
734,867,133,0.133,0.003575012345216237
742,871,129,0.129,0.003567394902347587
750,875,125,0.125,0.0038195302109234035
738,869,131,0.131,0.003880780099192634
756,878,122,0.122,0.003938174335286021
760,880,120,0.12,0.003720029114396311
740,870,130,0.13,0.0037639768929220736
712,856,144,0.144,0.003917976807802916
750,875,125,0.125,0.003909471997758374
746,873,127,0.127,0.0037369557498022916
710,855,145,0.145,0.0037831898324657233
728,864,136,0.136,0.0037921907480340453
740,870,130,0.13,0.0035668063652701675
752,876,124,0.124,0.003597519950941205
744,872,128,0.128,0.0035967995553510264
664,832,168,0.168,0.003805271859630011
708,854,146,0.146,0.003647500509163365
760,880,120,0.12,0.0035786871158052236
670,835,165,0.165,0.003834967185743153
716,858,142,0.142,0.0035720041163731365
680,840,160,0.16,0.0037529515286441892
734,867,133,0.133,0.0038588872123509646
756,878,122,0.122,0.0037790663618361576
738,869,131,0.131,0.0038468806124292315
738,869,131,0.131,0.00395404319325462
762,881,119,0.119,0.0039993408296722915
792,896,104,0.104,0.003931958487955853
748,874,126,0.126,0.00390507247694768
756,878,122,0.122,0.004032815681537613
744,872,128,0.128,0.0039920318440999835
736,868,132,0.132,0.004002598752966151
742,871,129,0.129,0.00400588663876988
740,870,130,0.13,0.004050287487218156
706,853,147,0.147,0.004034429874736816
748,874,126,0.126,0.0038932813515421003
750,875,125,0.125,0.003960031746886671
718,859,141,0.141,0.004048459543148056
688,844,156,0.156,0.003907444318756461
806,903,97,0.097,0.003701627606060356
694,847,153,0.153,0.0042424484437797215
746,873,127,0.127,0.004100986750796437
736,868,132,0.132,0.00392709748505149
758,879,121,0.121,0.003774576993426308
786,893,107,0.107,0.0038195525608025493
700,850,150,0.15,0.004210779024288058
744,872,128,0.128,0.003947250426979736
768,884,116,0.116,0.00382099009049125
742,871,129,0.129,0.0038781292140483855
694,847,153,0.153,0.003753034634748474
748,874,126,0.126,0.003898064078064635
716,858,142,0.142,0.0036804083567112686
670,835,165,0.165,0.003983294221106917
770,885,115,0.115,0.0038083675866946577
694,847,153,0.153,0.0038138665677979588
752,876,124,0.124,0.0037766994556877763
790,895,105,0.105,0.0035170729311648757
720,860,140,0.14,0.00371864098997321
764,882,118,0.118,0.003668037344352342
724,862,138,0.138,0.004001221797894686
738,869,131,0.131,0.00370814263750799
742,871,129,0.129,0.003906537206843495
760,880,120,0.12,0.0038561997287906704
724,862,138,0.138,0.004145051850005984
728,864,136,0.136,0.004059426156338304
714,857,143,0.143,0.004120282164774835
700,850,150,0.15,0.00428204755182378
734,867,133,0.133,0.004259133531711996
716,858,142,0.142,0.004302672104211524
752,876,124,0.124,0.004393498195102439
716,858,142,0.142,0.0043116425385233016
750,875,125,0.125,0.004594807218294591
708,854,146,0.146,0.00474477032572031
770,885,115,0.115,0.004337133546359837
702,851,149,0.149,0.004639616818865761
736,868,132,0.132,0.004415436223847792
704,852,148,0.148,0.00463014473230578
712,856,144,0.144,0.004437505092239008
768,884,116,0.116,0.004596189250936732
740,870,130,0.13,0.004523285123286769
734,867,133,0.133,0.004534563312772661
738,869,131,0.131,0.004543199106119573
724,862,138,0.138,0.0045304463554639365
726,863,137,0.137,0.00444906212715432
760,880,120,0.12,0.004381087722955272
670,835,165,0.165,0.0042545607078354804
786,893,107,0.107,0.0040618444341234865
742,871,129,0.129,0.004243905563140288
744,872,128,0.128,0.004356374351773411
754,877,123,0.123,0.003961869572056458
764,882,118,0.118,0.003854302642401308
790,895,105,0.105,0.0037360859425971285
722,861,139,0.139,0.0038626068998128178
702,851,149,0.149,0.003764112528064288
742,871,129,0.129,0.003318995259935036
744,872,128,0.128,0.0034479700590018185
742,871,129,0.129,0.003483982062898576
724,862,138,0.138,0.0035027578251902013
768,884,116,0.116,0.0030596739287720993
720,860,140,0.14,0.003235851360950619
740,870,130,0.13,0.003107498733792454
706,853,147,0.147,0.002921904433518648
758,879,121,0.121,0.002866011160076596
792,896,104,0.104,0.002806833775481209
702,851,149,0.149,0.0028486644575605167
734,867,133,0.133,0.002798572427360341
714,857,143,0.143,0.003009652319131419
720,860,140,0.14,0.0027100445774849505
804,902,98,0.098,0.0025363883859245108
676,838,162,0.162,0.0027158982410328465
716,858,142,0.142,0.0024461497424636035
728,864,136,0.136,0.0023409619408193976
792,896,104,0.104,0.0021143814193783327
776,888,112,0.112,0.0021810980627778916
736,868,132,0.132,0.002156708326539956
728,864,136,0.136,0.0021034755915170537
782,891,109,0.109,0.0019491653649602086
790,895,105,0.105,0.0018919639079831541
732,866,134,0.134,0.00196873611852061
778,889,111,0.111,0.0017041114922030829
708,854,146,0.146,0.0018691742647206412
748,874,126,0.126,0.0018216714572627097
716,858,142,0.142,0.0017718606765265577
758,879,121,0.121,0.0017876056768582204
648,824,176,0.176,0.0017107028884347528
710,855,145,0.145,0.0017220707725500689
754,877,123,0.123,0.0017540508803213016
648,824,176,0.176,0.0017579344240948559
770,885,115,0.115,0.00154658144939458
714,857,143,0.143,0.0017450776832411065
788,894,106,0.106,0.001582146327069495
670,835,165,0.165,0.0018118400651146657
742,871,129,0.129,0.0018051965280319565
738,869,131,0.131,0.0019470226005651058
770,885,115,0.115,0.00190312546340283
732,866,134,0.134,0.0017693562144995667
754,877,123,0.123,0.0017751083489856683
730,865,135,0.135,0.0019262530681444332
734,867,133,0.133,0.0018834302569157445
804,902,98,0.098,0.0017416887858416885
736,868,132,0.132,0.0019399624663637952
746,873,127,0.127,0.0018409877166268415
766,883,117,0.117,0.0018194107287563383
716,858,142,0.142,0.0018070663622929714
740,870,130,0.13,0.0018127692231209949
772,886,114,0.114,0.0018262999421567656
732,866,134,0.134,0.001878848937281873
738,869,131,0.131,0.001743765685125254
754,877,123,0.123,0.0017208636088762433
814,907,93,0.093,0.0016856227508396842
728,864,136,0.136,0.001847532514075283
742,871,129,0.129,0.001760242333111819
758,879,121,0.121,0.0017050114803714678
712,856,144,0.144,0.0018543607119936496
696,848,152,0.152,0.0017728407549438998
736,868,132,0.132,0.0017978300916729494
712,856,144,0.144,0.0016048537025344558
704,852,148,0.148,0.0017007319530821406
708,854,146,0.146,0.001748024223255925
722,861,139,0.139,0.001766289921477437
722,861,139,0.139,0.0017776082183700054
684,842,158,0.158,0.001786167565442156
736,868,132,0.132,0.0017800467236666008
718,859,141,0.141,0.0019703065984067506
734,867,133,0.133,0.001895169640192762
736,868,132,0.132,0.0020234696932020595
722,861,139,0.139,0.0019474888147087768
688,844,156,0.156,0.002127602106775157
768,884,116,0.116,0.00196543404716067
756,878,122,0.122,0.0019703694604104385
744,872,128,0.128,0.0021047351054148747
704,852,148,0.148,0.0021790118373464793
740,870,130,0.13,0.0021733428317820655
756,878,122,0.122,0.002123102453770116
732,866,134,0.134,0.0021508775379043073
764,882,118,0.118,0.0020374632285675032
726,863,137,0.137,0.002166270594112575
798,899,101,0.101,0.002006471568136476
772,886,114,0.114,0.001959056835854426
674,837,163,0.163,0.0021608822951093318
764,882,118,0.118,0.0020341950805159285
740,870,130,0.13,0.0019323222856037318
736,868,132,0.132,0.001977755304076709
738,869,131,0.131,0.0020160498099867255
756,878,122,0.122,0.002015409372805152
710,855,145,0.145,0.0019876956538064407
770,885,115,0.115,0.0020022504504886456
748,874,126,0.126,0.002045126418815926
748,874,126,0.126,0.001975872825598344
724,862,138,0.138,0.001995097605744377
744,872,128,0.128,0.0019727204218506814
758,879,121,0.121,0.0019268013363471254
724,862,138,0.138,0.0019667481902288274
776,888,112,0.112,0.0019224060832639224
772,886,114,0.114,0.0017380099790170788
712,856,144,0.144,0.001960246949805878
708,854,146,0.146,0.0019404841998475603
712,856,144,0.144,0.001936349719762802
762,881,119,0.119,0.001942223203019239
802,901,99,0.099,0.0017384296970558352
710,855,145,0.145,0.0019313078506384045
726,863,137,0.137,0.0018867226688889787
792,896,104,0.104,0.0017212450468796305
790,895,105,0.105,0.0018482131942291744
716,858,142,0.142,0.0018112953689415007
720,860,140,0.14,0.0017418117843335495
732,866,134,0.134,0.0017657341476297007
748,874,126,0.126,0.0018587873258511536
710,855,145,0.145,0.0018159138143528254
706,853,147,0.147,0.001776088698185049
780,890,110,0.11,0.0016892752923304214
720,860,140,0.14,0.0018033962540794164
726,863,137,0.137,0.0017985648327157834
716,858,142,0.142,0.001793708821584005
762,881,119,0.119,0.0018260275518987327
694,847,153,0.153,0.0018779674282413908
758,879,121,0.121,0.001836051533347927
708,854,146,0.146,0.0019438222252065316
724,862,138,0.138,0.0018960524371359497
750,875,125,0.125,0.0019129188841907308
708,854,146,0.146,0.00202186835964676
686,843,157,0.157,0.0019707811666885393
750,875,125,0.125,0.0019136065707425587
708,854,146,0.146,0.0019959071351913736
736,868,132,0.132,0.00202542715810705
722,861,139,0.139,0.002088955705286935
640,820,180,0.18,0.0021890343417180704
714,857,143,0.143,0.00196088128304109
682,841,159,0.159,0.002062165402108803
702,851,149,0.149,0.002074576289975084
660,830,170,0.17,0.002212164068245329
716,858,142,0.142,0.0021982344621792435
706,853,147,0.147,0.002242433530744165
760,880,120,0.12,0.0022245994019322096
776,888,112,0.112,0.0021694950636010615
758,879,121,0.121,0.002035483342828229
746,873,127,0.127,0.0021365036817733198
732,866,134,0.134,0.0021946372498059647
736,868,132,0.132,0.002106485420372337
756,878,122,0.122,0.002057548041571863
714,857,143,0.143,0.002074235202744603
654,827,173,0.173,0.002184511546511203
724,862,138,0.138,0.0020686052491655574
784,892,108,0.108,0.0018961206763633527
738,869,131,0.131,0.0021024940628558398
714,857,143,0.143,0.0020185784114873967
774,887,113,0.113,0.0017954640969401225
778,889,111,0.111,0.00168518879491603
752,876,124,0.124,0.002009008199675009
746,873,127,0.127,0.0018351354474434628
720,860,140,0.14,0.001743177002761513
708,854,146,0.146,0.001548657043487765
732,866,134,0.134,0.0016416082887444644
696,848,152,0.152,0.0018229024282773025
744,872,128,0.128,0.0015354488602606579
752,876,124,0.124,0.0015430843596695922
728,864,136,0.136,0.0015274952690233477
728,864,136,0.136,0.0016109408501069993
680,840,160,0.16,0.0015510426252731122
746,873,127,0.127,0.0014076780805480666
744,872,128,0.128,0.001437661597679835
722,861,139,0.139,0.0014552097570267506
738,869,131,0.131,0.0014596355343819596
772,886,114,0.114,0.0014568668548599817
726,863,137,0.137,0.0014507082507479935
670,835,165,0.165,0.0014884973734151572
716,858,142,0.142,0.001448613473563455
782,891,109,0.109,0.0014097935379249974
770,885,115,0.115,0.0013558761706808581
684,842,158,0.158,0.0014432526527089066
712,856,144,0.144,0.001402562270173803
774,887,113,0.113,0.0013933432867052034
762,881,119,0.119,0.0013114799415343441
706,853,147,0.147,0.0014095814016181975
698,849,151,0.151,0.001334159876627382
726,863,137,0.137,0.0014408707389957272
744,872,128,0.128,0.0013495912662474438
750,875,125,0.125,0.001372903432813473
710,855,145,0.145,0.001333286322944332
754,877,123,0.123,0.0013026738610351458
746,873,127,0.127,0.0014210594161995686
710,855,145,0.145,0.001395593237655703
746,873,127,0.127,0.0013280961944255978
768,884,116,0.116,0.0013775796108529902
718,859,141,0.141,0.0013686206782585941
714,857,143,0.143,0.0012633224416640587
800,900,100,0.1,0.0012695060890400782
732,866,134,0.134,0.0013439594097435475
682,841,159,0.159,0.0013796049881493672
766,883,117,0.117,0.0012577054411522114
774,887,113,0.113,0.0012429064243333415
720,860,140,0.14,0.0013031289628124797
760,880,120,0.12,0.001274137713073287
782,891,109,0.109,0.0013368145874119363
716,858,142,0.142,0.0013660565683967433
708,854,146,0.146,0.001325384432100691
746,873,127,0.127,0.001427891673578415
686,843,157,0.157,0.0013454458725173026
724,862,138,0.138,0.0013646505361539312
714,857,143,0.143,0.0013930348587455229
744,872,128,0.128,0.0014028748365235515
702,851,149,0.149,0.0014287869085674175
708,854,146,0.146,0.0014249088239157571
722,861,139,0.139,0.0015364633424323983
670,835,165,0.165,0.0014737665628781543
700,850,150,0.15,0.0015358772084582597
688,844,156,0.156,0.0015724365175701677
748,874,126,0.126,0.0014752603872329928
720,860,140,0.14,0.0014649892809102311
792,896,104,0.104,0.0014811761871678754
752,876,124,0.124,0.0014998168345191517
758,879,121,0.121,0.0015107171895797364
742,871,129,0.129,0.0014878198452061041
738,869,131,0.131,0.001551768563396763
724,862,138,0.138,0.0015809310271870346
706,853,147,0.147,0.0016340501072118058
704,852,148,0.148,0.0015603917529224418
758,879,121,0.121,0.0015735870754579081
724,862,138,0.138,0.0016128394942497835
726,863,137,0.137,0.0016082994762109592
692,846,154,0.154,0.00161004637676524
720,860,140,0.14,0.0015731870166491716
756,878,122,0.122,0.0015887601958820595
698,849,151,0.151,0.0016409201988135465
736,868,132,0.132,0.0015528154603671282
758,879,121,0.121,0.001585128764854744
708,854,146,0.146,0.0017086447782930917
716,858,142,0.142,0.0016119032822898588
766,883,117,0.117,0.0015512805610196664
758,879,121,0.121,0.0015636448278091848
718,859,141,0.141,0.0015824338159291073
682,841,159,0.159,0.0017693613377050496
756,878,122,0.122,0.0015401914559188298
706,853,147,0.147,0.0016436360653024167
708,854,146,0.146,0.0016763973713968881
700,850,150,0.15,0.0016083591201459058
778,889,111,0.111,0.0015283137171645648
674,837,163,0.163,0.0016895886124111712
734,867,133,0.133,0.0016126658293651418
690,845,155,0.155,0.0016548270070925355
768,884,116,0.116,0.0015812530975672417
700,850,150,0.15,0.0017508444371051154
686,843,157,0.157,0.0017784794393228367
666,833,167,0.167,0.0017839879674720579
748,874,126,0.126,0.0016999397854669952
714,857,143,0.143,0.0017151062273187564
752,876,124,0.124,0.0016286878191749566
724,862,138,0.138,0.001772832702496089
728,864,136,0.136,0.0016623052434297278
754,877,123,0.123,0.0016979360838304273
678,839,161,0.161,0.0017547616346855648
720,860,140,0.14,0.0017020539101213217
700,850,150,0.15,0.0016736125531606376
750,875,125,0.125,0.001592130485572852
718,859,141,0.141,0.001653705621138215
750,875,125,0.125,0.0015935281821293757
720,860,140,0.14,0.001639350898563862
714,857,143,0.143,0.0016833997050416656
680,840,160,0.16,0.0016159290998475626
722,861,139,0.139,0.0016021829642122612
744,872,128,0.128,0.0015462894954252988
728,864,136,0.136,0.0016115407866309397
724,862,138,0.138,0.0016291201585554517
772,886,114,0.114,0.0015882953376276418
770,885,115,0.115,0.0015138051217072643
720,860,140,0.14,0.0016168920100899412
728,864,136,0.136,0.0014774788213544525
766,883,117,0.117,0.0014861822540406138
732,866,134,0.134,0.0015315615002764388
718,859,141,0.141,0.001505997494328767
738,869,131,0.131,0.0014224964641034604
680,840,160,0.16,0.0015551183017669245
744,872,128,0.128,0.0013356033682357519
744,872,128,0.128,0.0013816123781725765
770,885,115,0.115,0.0013332064013229683
690,845,155,0.155,0.0013892034437158144
774,887,113,0.113,0.001301548203220591
778,889,111,0.111,0.0013008530189399607
762,881,119,0.119,0.0013074477462796494
696,848,152,0.152,0.0013771326141431928
768,884,116,0.116,0.0012543686803546735
690,845,155,0.155,0.0013816875812481158
748,874,126,0.126,0.0013313344364287332
766,883,117,0.117,0.0013146551411482505
714,857,143,0.143,0.001364072373486124
768,884,116,0.116,0.0012966534237493761
714,857,143,0.143,0.0013695335767697544
782,891,109,0.109,0.0012521724295220338
672,836,164,0.164,0.001383125833061058
726,863,137,0.137,0.0012841538573266007
718,859,141,0.141,0.0013823396603111179
742,871,129,0.129,0.001335010063718073
700,850,150,0.15,0.0014682447471423075
734,867,133,0.133,0.0013580431644804776
746,873,127,0.127,0.0013849945909460075
704,852,148,0.148,0.001450775872275699
720,860,140,0.14,0.0014117519690771587
782,891,109,0.109,0.0013984058510977775
726,863,137,0.137,0.001421669578703586
652,826,174,0.174,0.0016921281193499453
732,866,134,0.134,0.0015959605793468654
752,876,124,0.124,0.0015958852184121497
680,840,160,0.16,0.0015375575746875256
748,874,126,0.126,0.0016204039228032343
740,870,130,0.13,0.0016321431463002228
728,864,136,0.136,0.001642249041062314
730,865,135,0.135,0.0016838680742075668
760,880,120,0.12,0.0016338932133512572
670,835,165,0.165,0.0017592960894107818
746,873,127,0.127,0.0016432797207962722
746,873,127,0.127,0.001676671298337169
684,842,158,0.158,0.001652430366142653
698,849,151,0.151,0.0015328245084383525
730,865,135,0.135,0.0015400850304285996
706,853,147,0.147,0.0014700461833854206
740,870,130,0.13,0.0013358504486386663
782,891,109,0.109,0.0013245153548195959
686,843,157,0.157,0.0013691016557859257
752,876,124,0.124,0.0012302103459951468
756,878,122,0.122,0.0011850173345883377
750,875,125,0.125,0.0012139539578929544
734,867,133,0.133,0.0011129710948443972
770,885,115,0.115,0.0010525567814474925
750,875,125,0.125,0.001063370258314535
738,869,131,0.131,0.0010336088778276462
732,866,134,0.134,0.0009919278180459514
730,865,135,0.135,0.0009326644588727504
746,873,127,0.127,0.0009720020652166567
718,859,141,0.141,0.0009578732500085608
764,882,118,0.118,0.0008529530332889408
698,849,151,0.151,0.0008731996251444798
724,862,138,0.138,0.0008663839965302032
740,870,130,0.13,0.0008257324821606744
768,884,116,0.116,0.0007868292707426008
728,864,136,0.136,0.0007955810252169613
754,877,123,0.123,0.0007656252314045559
720,860,140,0.14,0.0008005395987129304
742,871,129,0.129,0.0007617234908393584
772,886,114,0.114,0.0007459720794286113
762,881,119,0.119,0.0007077416499087121
680,840,160,0.16,0.0007629773932567332
754,877,123,0.123,0.0007204409510304686
776,888,112,0.112,0.000684804233169416
726,863,137,0.137,0.0006947926193242893
696,848,152,0.152,0.0007136793506797403
730,865,135,0.135,0.0007023458271287382
700,850,150,0.15,0.0006926179204601794
740,870,130,0.13,0.0006713574064197019
700,850,150,0.15,0.000687523957923986
716,858,142,0.142,0.0006791936856170651
764,882,118,0.118,0.0006509011873858981
720,860,140,0.14,0.0006420526690490079
730,865,135,0.135,0.0006808958310866728
682,841,159,0.159,0.000701683279388817
702,851,149,0.149,0.0007247794523718767
772,886,114,0.114,0.0006381349477742333
698,849,151,0.151,0.0007493307445838582
732,866,134,0.134,0.0007521702239464503
706,853,147,0.147,0.0007211796937917824
764,882,118,0.118,0.0006751259654702153
756,878,122,0.122,0.0007235892032913398
742,871,129,0.129,0.0007095722411759197
728,864,136,0.136,0.0007409936648327857
700,850,150,0.15,0.0007320994546462316
720,860,140,0.14,0.0007514683884510305
776,888,112,0.112,0.0007281956110382452
700,850,150,0.15,0.0007022067296493333
716,858,142,0.142,0.0007563149324851111
748,874,126,0.126,0.0007154395881807432
714,857,143,0.143,0.000777422154438682
672,836,164,0.164,0.0007973138452507556
768,884,116,0.116,0.0007196598865266423
696,848,152,0.152,0.000794061103661079
774,887,113,0.113,0.0007248525762115606
754,877,123,0.123,0.0008217354089720175
720,860,140,0.14,0.0008266745915461798
688,844,156,0.156,0.0008239827578072436
712,856,144,0.144,0.0008017057880351786
750,875,125,0.125,0.0007563890301098582
704,852,148,0.148,0.0007938960476312787
714,857,143,0.143,0.000865137161425082
692,846,154,0.154,0.0008491285919735674
764,882,118,0.118,0.0007518442790315021
756,878,122,0.122,0.0008277786620310508
734,867,133,0.133,0.0007921367246308364
726,863,137,0.137,0.0008184251092607155
734,867,133,0.133,0.0007825522291532252
720,860,140,0.14,0.0008114832502615172
746,873,127,0.127,0.0008618439555575605
708,854,146,0.146,0.0008415426983556244
702,851,149,0.149,0.0008356296349084004
772,886,114,0.114,0.0007502158115967177
686,843,157,0.157,0.0008229530901880935
734,867,133,0.133,0.0008432537521002814
704,852,148,0.148,0.0008056780091719701
748,874,126,0.126,0.0007675471186521463
726,863,137,0.137,0.0008221077384368982
756,878,122,0.122,0.0007618751737463753
740,870,130,0.13,0.0007876407342846505
726,863,137,0.137,0.0008090371609432623
706,853,147,0.147,0.0008366735579620581
742,871,129,0.129,0.0008025788685190492
740,870,130,0.13,0.000771708889194997
740,870,130,0.13,0.0008062930403684731
764,882,118,0.118,0.0007626154078752734
714,857,143,0.143,0.000769842618756229
794,897,103,0.103,0.0007560363782686181
652,826,174,0.174,0.0008529405888693873
726,863,137,0.137,0.0008093674538249615
760,880,120,0.12,0.000803716722963145
732,866,134,0.134,0.0007908848060760647
772,886,114,0.114,0.0007865053226996679
708,854,146,0.146,0.0007658844729303382
700,850,150,0.15,0.0007933615580550395
744,872,128,0.128,0.0008377842058253009
724,862,138,0.138,0.0007357160015089903
686,843,157,0.157,0.0008058157766936347
714,857,143,0.143,0.0007820599323604256
752,876,124,0.124,0.0007253881802025717
734,867,133,0.133,0.0007599946724658367
708,854,146,0.146,0.0007243533845758066
778,889,111,0.111,0.0006950049671868328
770,885,115,0.115,0.0006797936742077581
806,903,97,0.097,0.0007139588986465242
754,877,123,0.123,0.0007116528476763051
704,852,148,0.148,0.000705801862757653
680,840,160,0.16,0.0007116062483692076
762,881,119,0.119,0.0006745032184408046
734,867,133,0.133,0.0006954318593489006
694,847,153,0.153,0.000725780282256892
684,842,158,0.158,0.000720790538325673
708,854,146,0.146,0.0006756015041610226
762,881,119,0.119,0.0006847781965916511
706,853,147,0.147,0.000802721010230016
730,865,135,0.135,0.0008154355134465731
778,889,111,0.111,0.0007477829784620553
