log_avg_ept_score,log_avg_succ_req,log_avg_blk_req,log_avg_BP_req,log_avg_entropy
118,559,441,0.441,1.6071319712400436
150,575,425,0.425,1.6070238573551179
84,542,458,0.458,1.6068898627758026
78,539,461,0.461,1.6069637410640716
160,580,420,0.42,1.6048675661087035
108,554,446,0.446,1.6047492728233337
138,569,431,0.431,1.6046171679496766
130,565,435,0.435,1.6043989757299424
154,577,423,0.423,1.597893415570259
226,613,387,0.387,1.5976048818826676
204,602,398,0.398,1.5963699425458908
106,553,447,0.447,1.5964983705282212
144,572,428,0.428,1.5698085013628007
150,575,425,0.425,1.5657267246246338
146,573,427,0.427,1.5623629587888717
168,584,416,0.416,1.5600488949418068
258,629,371,0.371,1.4470714386701584
256,628,372,0.372,1.4452814705371857
300,650,350,0.35,1.439314293563366
350,675,325,0.325,1.410905858695507
400,700,300,0.3,1.158357359468937
460,730,270,0.27,1.1652247296571732
358,679,321,0.321,1.1638564803004265
490,745,255,0.255,1.0850044713616371
492,746,254,0.254,0.8996493058800697
514,757,243,0.243,0.8918864161372185
486,743,257,0.257,0.8931201357245445
558,779,221,0.221,0.8618560672998429
590,795,205,0.205,0.7593046497553587
624,812,188,0.188,0.7503131373673677
570,785,215,0.215,0.7704514761716127
616,808,192,0.192,0.7456678646951914
666,833,167,0.167,0.542481874588877
716,858,142,0.142,0.5099325002171099
714,857,143,0.143,0.4741184528050944
700,850,150,0.15,0.44895560380816457
608,804,196,0.196,0.4150861918494338
664,832,168,0.168,0.3745678599150851
706,853,147,0.147,0.3471363310536835
700,850,150,0.15,0.35300709094200283
724,862,138,0.138,0.36135566082503645
722,861,139,0.139,0.3732301599078346
676,838,162,0.162,0.3641383656146936
740,870,130,0.13,0.320481132154353
776,888,112,0.112,0.23328183194599114
716,858,142,0.142,0.2761156215493102
762,881,119,0.119,0.21296432710060617
684,842,158,0.158,0.23181721176509745
802,901,99,0.099,0.17071463371050777
758,879,121,0.121,0.20945258680824191
852,926,74,0.074,0.18476133631786798
740,870,130,0.13,0.19062624522380064
724,862,138,0.138,0.24800443625659682
764,882,118,0.118,0.2184569131275639
708,854,146,0.146,0.25362942305952313
716,858,142,0.142,0.22337711326614954
708,854,146,0.146,0.20715734244475606
794,897,103,0.103,0.1650210701817414
730,865,135,0.135,0.16132945450670377
748,874,126,0.126,0.17224128565727734
720,860,140,0.14,0.14021819481527928
738,869,131,0.131,0.13915153317226214
744,872,128,0.128,0.12871666614834976
778,889,111,0.111,0.1275493606324162
756,878,122,0.122,0.1559114955207915
792,896,104,0.104,0.13133887861401308
688,844,156,0.156,0.17307165559110582
734,867,133,0.133,0.14463219914932415
732,866,134,0.134,0.09766564700726667
784,892,108,0.108,0.10248015459162707
758,879,121,0.121,0.09910160587207792
824,912,88,0.088,0.08614713414724974
714,857,143,0.143,0.10231400926572679
750,875,125,0.125,0.10385505482784356
796,898,102,0.102,0.0951661558359956
790,895,105,0.105,0.09782184308451725
768,884,116,0.116,0.09837452049533021
760,880,120,0.12,0.1115163691935304
750,875,125,0.125,0.10422751814607181
762,881,119,0.119,0.10155217274022289
744,872,128,0.128,0.0899996371675079
772,886,114,0.114,0.0885496237568184
772,886,114,0.114,0.08731308887380874
726,863,137,0.137,0.09783680738456314
812,906,94,0.094,0.061753073233355736
776,888,112,0.112,0.07724755132003702
778,889,111,0.111,0.07594648071906704
710,855,145,0.145,0.07953296139208396
806,903,97,0.097,0.06992668193070858
752,876,124,0.124,0.06368187268114707
762,881,119,0.119,0.06477380193461431
774,887,113,0.113,0.06286170174225117
714,857,143,0.143,0.06610670598589787
792,896,104,0.104,0.06645392389474727
848,924,76,0.076,0.044109742486474715
758,879,121,0.121,0.05222961687888164
784,892,108,0.108,0.04860297283546606
796,898,102,0.102,0.04802706081870201
802,901,99,0.099,0.03684398235863409
790,895,105,0.105,0.04706735847549499
794,897,103,0.103,0.047449990930464994
780,890,110,0.11,0.04564380400887967
740,870,130,0.13,0.04526483881124295
782,891,109,0.109,0.04453719620227639
766,883,117,0.117,0.049904290037509784
772,886,114,0.114,0.05214493815209062
772,886,114,0.114,0.0489532405953787
762,881,119,0.119,0.056453213788081484
782,891,109,0.109,0.05090341291997174
710,855,145,0.145,0.04609167855850683
772,886,114,0.114,0.05497931950716884
780,890,110,0.11,0.05271180262841517
760,880,120,0.12,0.050715489577443804
782,891,109,0.109,0.05983253884190435
758,879,121,0.121,0.05669165163055004
782,891,109,0.109,0.050561142441962144
758,879,121,0.121,0.04858802002631273
756,878,122,0.122,0.04673496099107433
760,880,120,0.12,0.04775950175122125
808,904,96,0.096,0.04276355014172804
732,866,134,0.134,0.048210754905747305
734,867,133,0.133,0.05203063191077672
778,889,111,0.111,0.051784866259375124
776,888,112,0.112,0.05216972477186937
724,862,138,0.138,0.05618979449398467
748,874,126,0.126,0.052779949348827356
790,895,105,0.105,0.04743790831998922
780,890,110,0.11,0.039875826971554486
778,889,111,0.111,0.04528904397648876
760,880,120,0.12,0.041860254479324795
770,885,115,0.115,0.058755636407178825
786,893,107,0.107,0.057329354671324835
784,892,108,0.108,0.05065414309687912
754,877,123,0.123,0.05211627216183115
798,899,101,0.101,0.03841328243834141
784,892,108,0.108,0.03978782063230028
716,858,142,0.142,0.04836739150783979
724,862,138,0.138,0.05017387464916101
748,874,126,0.126,0.052201648244517854
768,884,116,0.116,0.058295997366316445
790,895,105,0.105,0.04947910000878619
754,877,123,0.123,0.04556496609729947
778,889,111,0.111,0.03863903469993966
744,872,128,0.128,0.044461412442935395
722,861,139,0.139,0.04073779550974723
790,895,105,0.105,0.039562254985939946
748,874,126,0.126,0.04754005147359567
742,871,129,0.129,0.04100808627676451
788,894,106,0.106,0.0391357058956637
750,875,125,0.125,0.03954234947255463
806,903,97,0.097,0.037889504837337884
780,890,110,0.11,0.040363562943501165
822,911,89,0.089,0.033435405687650015
682,841,159,0.159,0.042182178049952196
828,914,86,0.086,0.03943693550216267
780,890,110,0.11,0.04509695012768498
794,897,103,0.103,0.04365515468758531
720,860,140,0.14,0.04544882126779703
734,867,133,0.133,0.0436974218095711
758,879,121,0.121,0.04691823122801725
750,875,125,0.125,0.04702386877982644
756,878,122,0.122,0.05782074756140355
744,872,128,0.128,0.067393982178648
766,883,117,0.117,0.061804886704427194
812,906,94,0.094,0.05763667857483961
724,862,138,0.138,0.06224719818629092
732,866,134,0.134,0.06716540916159283
714,857,143,0.143,0.0680464593450306
784,892,108,0.108,0.06011927025963087
708,854,146,0.146,0.0717732866014121
790,895,105,0.105,0.06764953161298763
704,852,148,0.148,0.07227631289558485
744,872,128,0.128,0.07130414334218949
810,905,95,0.095,0.06524416365404613
806,903,97,0.097,0.07304524933919311
774,887,113,0.113,0.07370304077886976
708,854,146,0.146,0.07638494924560654
720,860,140,0.14,0.08600290165981278
782,891,109,0.109,0.08601764273608568
800,900,100,0.1,0.07863863724982366
790,895,105,0.105,0.08107923778705299
742,871,129,0.129,0.09812957174377517
724,862,138,0.138,0.10125814044522122
786,893,107,0.107,0.10046471766498871
776,888,112,0.112,0.09971616906858981
832,916,84,0.084,0.08805256848176941
718,859,141,0.141,0.11034848072985187
784,892,108,0.108,0.10818247012980282
692,846,154,0.154,0.11919230950716883
800,900,100,0.1,0.12072353429254144
718,859,141,0.141,0.1372193614821881
774,887,113,0.113,0.13361125355027617
764,882,118,0.118,0.13830430945532862
718,859,141,0.141,0.13030825610831379
758,879,121,0.121,0.13476710925996305
782,891,109,0.109,0.12745260847732426
708,854,146,0.146,0.14767365535441787
720,860,140,0.14,0.13502655356237664
748,874,126,0.126,0.1523811356727965
774,887,113,0.113,0.136571675227955
740,870,130,0.13,0.13638293949887156
722,861,139,0.139,0.13749059475585818
734,867,133,0.133,0.12224600547086448
756,878,122,0.122,0.10993582690041512
762,881,119,0.119,0.11138256490416824
748,874,126,0.126,0.10815466659329831
776,888,112,0.112,0.10913387317489832
750,875,125,0.125,0.11405226029735059
742,871,129,0.129,0.10858490388281643
798,899,101,0.101,0.10484805096499622
736,868,132,0.132,0.08625088526681066
764,882,118,0.118,0.0858555390178226
802,901,99,0.099,0.09035349034704268
766,883,117,0.117,0.08635553928650916
812,906,94,0.094,0.08446628404501826
818,909,91,0.091,0.07655053034843877
706,853,147,0.147,0.09433689177408815
780,890,110,0.11,0.07748759083915502
690,845,155,0.155,0.07734676733368542
824,912,88,0.088,0.08044257901469246
788,894,106,0.106,0.07848888680525123
742,871,129,0.129,0.07818225047364831
780,890,110,0.11,0.07938118124986067
768,884,116,0.116,0.07635786101594567
772,886,114,0.114,0.07300986193679274
764,882,118,0.118,0.08124301446555182
776,888,112,0.112,0.05968971384433098
768,884,116,0.116,0.06652821600530297
768,884,116,0.116,0.060498608388006685
814,907,93,0.093,0.05508612573891878
748,874,126,0.126,0.0717633870858699
698,849,151,0.151,0.07978236395446583
728,864,136,0.136,0.08222056667762809
834,917,83,0.083,0.0750170595201198
780,890,110,0.11,0.05717087508365512
800,900,100,0.1,0.05870580387039809
768,884,116,0.116,0.060195486129028725
758,879,121,0.121,0.054841730219428425
782,891,109,0.109,0.053971925417543386
758,879,121,0.121,0.059340911846142264
768,884,116,0.116,0.05617827869235771
778,889,111,0.111,0.06550332228303887
800,900,100,0.1,0.06136581780551933
788,894,106,0.106,0.0558459678721847
748,874,126,0.126,0.06207236096245469
806,903,97,0.097,0.054321739466278815
810,905,95,0.095,0.04370266350056045
788,894,106,0.106,0.05198644665384199
804,902,98,0.098,0.05149169585946947
782,891,109,0.109,0.046749395574559455
696,848,152,0.152,0.0599530777160544
784,892,108,0.108,0.061826963705709205
728,864,136,0.136,0.0578980588587001
732,866,134,0.134,0.06212095738155767
730,865,135,0.135,0.07410323876934126
796,898,102,0.102,0.07833504522498697
698,849,151,0.151,0.0748485880238004
788,894,106,0.106,0.07033154513314366
800,900,100,0.1,0.0656712230995763
754,877,123,0.123,0.058857166445814076
732,866,134,0.134,0.0586547195322346
776,888,112,0.112,0.06213504449627362
772,886,114,0.114,0.07460334134101868
732,866,134,0.134,0.0839593984214589
772,886,114,0.114,0.087971540232189
772,886,114,0.114,0.08867734927078709
800,900,100,0.1,0.0818647053660825
790,895,105,0.105,0.08604276476567611
752,876,124,0.124,0.08163536821026356
768,884,116,0.116,0.0838899319791235
776,888,112,0.112,0.09959222851414233
808,904,96,0.096,0.105401452482678
726,863,137,0.137,0.10562067635171116
734,867,133,0.133,0.12004982686601579
778,889,111,0.111,0.10636885363142938
796,898,102,0.102,0.10264620898291468
738,869,131,0.131,0.11571190743148327
750,875,125,0.125,0.12524998282641173
782,891,109,0.109,0.1286719208471477
820,910,90,0.09,0.12716990928910674
762,881,119,0.119,0.12942235288023948
714,857,143,0.143,0.14612704211473465
776,888,112,0.112,0.1475388474855572
784,892,108,0.108,0.15198396783880888
732,866,134,0.134,0.15332332867570223
750,875,125,0.125,0.17242457096930594
778,889,111,0.111,0.1631646705120802
768,884,116,0.116,0.1517809234810993
750,875,125,0.125,0.15964491768181324
744,872,128,0.128,0.14745659890398383
780,890,110,0.11,0.15279848216101527
722,861,139,0.139,0.15536467801220716
726,863,137,0.137,0.14904971681907772
794,897,103,0.103,0.1468832442127168
736,868,132,0.132,0.13858614552393556
700,850,150,0.15,0.15492983862012624
698,849,151,0.151,0.15725541401281953
726,863,137,0.137,0.16602830128371715
748,874,126,0.126,0.1742209527567029
722,861,139,0.139,0.15145371155813336
792,896,104,0.104,0.13454160079080613
824,912,88,0.088,0.12137394824903458
746,873,127,0.127,0.11295455374568701
776,888,112,0.112,0.12921565553359687
764,882,118,0.118,0.13766638943878934
784,892,108,0.108,0.13416119290050119
762,881,119,0.119,0.16294814394414425
792,896,104,0.104,0.1500743885245174
750,875,125,0.125,0.14577298174239695
716,858,142,0.142,0.15128876597248017
694,847,153,0.153,0.14835426124557852
768,884,116,0.116,0.15032590554188938
822,911,89,0.089,0.15326124116033316
818,909,91,0.091,0.13914431409910322
796,898,102,0.102,0.1447746347114444
794,897,103,0.103,0.13141446438245474
730,865,135,0.135,0.13768876441195607
780,890,110,0.11,0.162830410387367
758,879,121,0.121,0.15702228376828134
758,879,121,0.121,0.15390359362121672
778,889,111,0.111,0.15746987156197428
794,897,103,0.103,0.14403225701861083
750,875,125,0.125,0.14567789101041853
710,855,145,0.145,0.14551453913375736
742,871,129,0.129,0.1304462341219187
754,877,123,0.123,0.14615152493678032
738,869,131,0.131,0.15832311667501928
738,869,131,0.131,0.17259639602340757
780,890,110,0.11,0.17228282280638815
828,914,86,0.086,0.14155023737810551
764,882,118,0.118,0.1456609697844833
692,846,154,0.154,0.13395744274556637
788,894,106,0.106,0.12665038047917188
788,894,106,0.106,0.13272899632528423
750,875,125,0.125,0.13727225160971285
698,849,151,0.151,0.143926414526999
738,869,131,0.131,0.14442116099782287
710,855,145,0.145,0.14083215107768773
798,899,101,0.101,0.12644347085431218
690,845,155,0.155,0.12420264546200634
754,877,123,0.123,0.1071596810379997
786,893,107,0.107,0.09987420040182769
742,871,129,0.129,0.09538992704544216
724,862,138,0.138,0.09817835676297545
754,877,123,0.123,0.10322962597105652
788,894,106,0.106,0.10780235691554844
746,873,127,0.127,0.10092955745477229
716,858,142,0.142,0.1208448186982423
792,896,104,0.104,0.08770075289160013
746,873,127,0.127,0.0977952802919317
812,906,94,0.094,0.07599035239266232
756,878,122,0.122,0.08284396184026263
788,894,106,0.106,0.09034123231377453
688,844,156,0.156,0.10315904004126787
734,867,133,0.133,0.1119695968432352
802,901,99,0.099,0.10430926430877298
756,878,122,0.122,0.0955642328064423
792,896,104,0.104,0.09002182178664953
810,905,95,0.095,0.09034692365024238
764,882,118,0.118,0.10025130892451853
764,882,118,0.118,0.12294803206436336
768,884,116,0.116,0.11159768579993397
694,847,153,0.153,0.1261765971593559
754,877,123,0.123,0.12506883561611176
724,862,138,0.138,0.11221623876690864
748,874,126,0.126,0.10235528398444876
764,882,118,0.118,0.10191172333899885
718,859,141,0.141,0.0974078980255872
672,836,164,0.164,0.13887265870533883
792,896,104,0.104,0.1268326691230759
786,893,107,0.107,0.13241225459612907
756,878,122,0.122,0.12203805313445627
722,861,139,0.139,0.09915359029360116
800,900,100,0.1,0.09715711328317411
778,889,111,0.111,0.09426122909039258
794,897,103,0.103,0.09090069840755313
744,872,128,0.128,0.10887877334281802
762,881,119,0.119,0.12306893568020313
696,848,152,0.152,0.13547975412383675
806,903,97,0.097,0.13843601531349123
756,878,122,0.122,0.14275072912313044
754,877,123,0.123,0.14183388728275895
758,879,121,0.121,0.14746975832618772
776,888,112,0.112,0.13856647933088242
772,886,114,0.114,0.17787994046881794
744,872,128,0.128,0.18352551702782513
762,881,119,0.119,0.18797776810079814
752,876,124,0.124,0.2037464968264103
714,857,143,0.143,0.21591406393423676
770,885,115,0.115,0.2146453721895814
766,883,117,0.117,0.21039194498956204
724,862,138,0.138,0.21116266091912986
784,892,108,0.108,0.20083437056839465
756,878,122,0.122,0.20972069063037635
768,884,116,0.116,0.21340527199581266
724,862,138,0.138,0.20737758737057446
802,901,99,0.099,0.19221253815293313
778,889,111,0.111,0.2053637561686337
736,868,132,0.132,0.19770128409564494
686,843,157,0.157,0.19198762990534304
810,905,95,0.095,0.1779005095176399
746,873,127,0.127,0.17576306180655957
722,861,139,0.139,0.17904226503521203
748,874,126,0.126,0.16052328285574913
774,887,113,0.113,0.13852135734073817
790,895,105,0.105,0.12694056674838067
720,860,140,0.14,0.13833696656487882
726,863,137,0.137,0.13323587184399366
804,902,98,0.098,0.11924164701998234
764,882,118,0.118,0.11969428277947008
790,895,105,0.105,0.12511209748266264
770,885,115,0.115,0.12155174586735666
780,890,110,0.11,0.09690335488971323
746,873,127,0.127,0.09203181766998023
720,860,140,0.14,0.10075901587121189
800,900,100,0.1,0.08939888735953719
664,832,168,0.168,0.14003876403905452
746,873,127,0.127,0.1206085627283901
648,824,176,0.176,0.14204839452914894
776,888,112,0.112,0.1156164405234158
750,875,125,0.125,0.10406142839230598
726,863,137,0.137,0.10324776844587177
758,879,121,0.121,0.10217197992093861
722,861,139,0.139,0.0970070365909487
792,896,104,0.104,0.09437849465850741
794,897,103,0.103,0.08858879136573523
734,867,133,0.133,0.09598656687512994
724,862,138,0.138,0.0967855550032109
854,927,73,0.073,0.07783065311145038
800,900,100,0.1,0.07729658575216308
820,910,90,0.09,0.07442271025199443
746,873,127,0.127,0.08172609820961953
720,860,140,0.14,0.09406353505607694
770,885,115,0.115,0.09042858383338899
782,891,109,0.109,0.09891905236337334
806,903,97,0.097,0.09797912688367069
728,864,136,0.136,0.10262058235984296
770,885,115,0.115,0.08969258829485625
764,882,118,0.118,0.09555659023672343
780,890,110,0.11,0.08781956330500543
764,882,118,0.118,0.10434070999361575
776,888,112,0.112,0.10694900617841631
730,865,135,0.135,0.10460935034044087
750,875,125,0.125,0.09877533418871462
762,881,119,0.119,0.09676175778824836
788,894,106,0.106,0.09768721621856094
792,896,104,0.104,0.09967651547305285
744,872,128,0.128,0.1060290282405913
730,865,135,0.135,0.11658698318898678
734,867,133,0.133,0.11178290691785514
804,902,98,0.098,0.1240247503463179
680,840,160,0.16,0.14169896995741874
740,870,130,0.13,0.15435710771009326
754,877,123,0.123,0.1490440792180598
750,875,125,0.125,0.14252936396095903
784,892,108,0.108,0.1374782908335328
790,895,105,0.105,0.13615557182207705
768,884,116,0.116,0.14443492699228228
706,853,147,0.147,0.14777789895236493
740,870,130,0.13,0.16137562598660588
752,876,124,0.124,0.1716154132038355
714,857,143,0.143,0.1687764286696911
734,867,133,0.133,0.15604697177000343
770,885,115,0.115,0.15118943919427694
764,882,118,0.118,0.12299901557806879
754,877,123,0.123,0.12943433036468924
724,862,138,0.138,0.1300532736387104
756,878,122,0.122,0.13207624885439873
748,874,126,0.126,0.15313415379077197
796,898,102,0.102,0.1441062257140875
796,898,102,0.102,0.1304439618755132
814,907,93,0.093,0.12637139537651093
778,889,111,0.111,0.12392784337885678
764,882,118,0.118,0.13618965592235327
718,859,141,0.141,0.14848852141201496
752,876,124,0.124,0.14836558636650443
774,887,113,0.113,0.16615148232877255
744,872,128,0.128,0.16792085355520248
798,899,101,0.101,0.1595951747559011
778,889,111,0.111,0.16279633194208146
792,896,104,0.104,0.18155606809444724
720,860,140,0.14,0.20466103518009185
716,858,142,0.142,0.21314684214815496
796,898,102,0.102,0.20910993754863738
766,883,117,0.117,0.20468080531805755
764,882,118,0.118,0.20618533396348357
786,893,107,0.107,0.18109039449691772
746,873,127,0.127,0.18503119087219239
782,891,109,0.109,0.20159913040697575
722,861,139,0.139,0.22036523968726396
696,848,152,0.152,0.2510262532196939
680,840,160,0.16,0.2455042835995555
756,878,122,0.122,0.19659266359731556
770,885,115,0.115,0.1870012061763555
780,890,110,0.11,0.1638472098968923
744,872,128,0.128,0.1755904947705567
832,916,84,0.084,0.16063246626220642
812,906,94,0.094,0.1638760872296989
728,864,136,0.136,0.17077994479238987
754,877,123,0.123,0.17988788878917694
706,853,147,0.147,0.20237451125308872
778,889,111,0.111,0.20259504905715583
750,875,125,0.125,0.2080234356932342
750,875,125,0.125,0.21249715308845044
808,904,96,0.096,0.188772163502872
762,881,119,0.119,0.1893394956961274
762,881,119,0.119,0.20397393157333135
750,875,125,0.125,0.2110908392816782
694,847,153,0.153,0.21246925347298384
782,891,109,0.109,0.19260987248271705
760,880,120,0.12,0.18074965090490877
772,886,114,0.114,0.17844411801174284
760,880,120,0.12,0.17030270627140998
786,893,107,0.107,0.17144742618501185
686,843,157,0.157,0.18792508497834207
760,880,120,0.12,0.17949174657836556
746,873,127,0.127,0.17186890517175196
740,870,130,0.13,0.1647600012794137
758,879,121,0.121,0.15627236291393637
808,904,96,0.096,0.1486855669952929
790,895,105,0.105,0.1363833339177072
772,886,114,0.114,0.1209461238142103
800,900,100,0.1,0.11989028806611896
814,907,93,0.093,0.12138581463694573
700,850,150,0.15,0.1387609519585967
726,863,137,0.137,0.15428733618929982
718,859,141,0.141,0.1456052608601749
784,892,108,0.108,0.15150593359023332
780,890,110,0.11,0.14258150164783
736,868,132,0.132,0.14585748501121998
696,848,152,0.152,0.15590245689079166
766,883,117,0.117,0.16485534039512276
772,886,114,0.114,0.1633007159307599
730,865,135,0.135,0.17192353978380562
764,882,118,0.118,0.15353117901831864
782,891,109,0.109,0.1496567454393953
782,891,109,0.109,0.1533409813903272
756,878,122,0.122,0.17083303191512822
740,870,130,0.13,0.19169414892047643
774,887,113,0.113,0.1974593485146761
724,862,138,0.138,0.2059314444065094
728,864,136,0.136,0.1974554331228137
774,887,113,0.113,0.1708240820840001
746,873,127,0.127,0.17257996951788665
730,865,135,0.135,0.18424623738229276
792,896,104,0.104,0.183253712490201
846,923,77,0.077,0.18271479128673673
778,889,111,0.111,0.17291160303354264
784,892,108,0.108,0.16571291803568602
734,867,133,0.133,0.17088752795383333
768,884,116,0.116,0.18672082163020967
736,868,132,0.132,0.20635461954772472
768,884,116,0.116,0.192202920448035
762,881,119,0.119,0.20384708401560783
762,881,119,0.119,0.1762542515322566
756,878,122,0.122,0.1662723765037954
756,878,122,0.122,0.169866516135633
708,854,146,0.146,0.19153138541057707
778,889,111,0.111,0.22508502274751663
784,892,108,0.108,0.21949254012852906
770,885,115,0.115,0.21802788404747844
780,890,110,0.11,0.2051985699608922
746,873,127,0.127,0.18083533794805406
778,889,111,0.111,0.18076618052273988
748,874,126,0.126,0.18511073473840953
806,903,97,0.097,0.1791783350408077
794,897,103,0.103,0.15773759324103595
726,863,137,0.137,0.14987458810582757
734,867,133,0.133,0.14219497017562388
784,892,108,0.108,0.13040193416923285
828,914,86,0.086,0.12121023819409311
774,887,113,0.113,0.12697488272562624
728,864,136,0.136,0.1278624820560217
768,884,116,0.116,0.12821933749690653
786,893,107,0.107,0.11136799953877925
786,893,107,0.107,0.10943149583227932
754,877,123,0.123,0.1184053270984441
778,889,111,0.111,0.10356640526279808
774,887,113,0.113,0.08627417281642556
792,896,104,0.104,0.08804289090447127
774,887,113,0.113,0.08518381115514785
840,920,80,0.08,0.08761332533601672
762,881,119,0.119,0.08269449804164469
730,865,135,0.135,0.08626399173587561
770,885,115,0.115,0.08727221910096705
794,897,103,0.103,0.08146086907293648
774,887,113,0.113,0.10573658846132457
740,870,130,0.13,0.1142351638842374
740,870,130,0.13,0.10987849020399153
782,891,109,0.109,0.10645626945048571
732,866,134,0.134,0.11541166328638792
710,855,145,0.145,0.12988452459126712
732,866,134,0.134,0.13033119570463897
726,863,137,0.137,0.13073418194428085
738,869,131,0.131,0.12709723459742964
784,892,108,0.108,0.11470299854315817
768,884,116,0.116,0.12127661813236773
712,856,144,0.144,0.12381547892279923
772,886,114,0.114,0.13189054583199322
748,874,126,0.126,0.1454441359899938
754,877,123,0.123,0.13994094640389085
716,858,142,0.142,0.14145440184697508
736,868,132,0.132,0.10453161090333014
768,884,116,0.116,0.09283005477034022
768,884,116,0.116,0.08964490690175445
818,909,91,0.091,0.08734669926017523
750,875,125,0.125,0.1263721083961427
788,894,106,0.106,0.12245437443815171
730,865,135,0.135,0.12998000948689878
726,863,137,0.137,0.1259770915005356
740,870,130,0.13,0.09480404638126493
778,889,111,0.111,0.08949422740004957
756,878,122,0.122,0.09418918152339756
724,862,138,0.138,0.0951419924478978
768,884,116,0.116,0.09186937076784671
760,880,120,0.12,0.08530366699211299
774,887,113,0.113,0.08046457554586231
750,875,125,0.125,0.08717817106191068
750,875,125,0.125,0.08427664227969944
804,902,98,0.098,0.08499097683653235
726,863,137,0.137,0.08873967667482793
772,886,114,0.114,0.09430972635280341
724,862,138,0.138,0.09613143870793282
746,873,127,0.127,0.09209194145910442
762,881,119,0.119,0.09183471940364689
814,907,93,0.093,0.07886181203369051
748,874,126,0.126,0.07808129447884858
810,905,95,0.095,0.07592328433133662
772,886,114,0.114,0.08696916260011495
760,880,120,0.12,0.09708975766226649
746,873,127,0.127,0.08654273667000234
764,882,118,0.118,0.07973118767561391
756,878,122,0.122,0.07499174556927755
800,900,100,0.1,0.06851960228895769
712,856,144,0.144,0.09903252360038459
764,882,118,0.118,0.0996116547472775
792,896,104,0.104,0.10516142862662672
722,861,139,0.139,0.1070954684112221
746,873,127,0.127,0.08149280095286668
754,877,123,0.123,0.08222234738059342
770,885,115,0.115,0.07522363713849337
798,899,101,0.101,0.0773770115468651
834,917,83,0.083,0.07795073888264596
806,903,97,0.097,0.07619303569407203
792,896,104,0.104,0.0745229074228555
772,886,114,0.114,0.06905043868906796
736,868,132,0.132,0.08087937258789316
712,856,144,0.144,0.08373621133901178
796,898,102,0.102,0.0832508379202336
728,864,136,0.136,0.0846157082170248
814,907,93,0.093,0.06337158413184807
712,856,144,0.144,0.06409409262938424
798,899,101,0.101,0.05914676458761096
814,907,93,0.093,0.06289026246545837
722,861,139,0.139,0.0811392365321517
748,874,126,0.126,0.07980067041143775
798,899,101,0.101,0.07603512399271131
740,870,130,0.13,0.06276759376376867
778,889,111,0.111,0.056664212131872775
742,871,129,0.129,0.0639819616675377
760,880,120,0.12,0.06441575418133288
772,886,114,0.114,0.0771536448057741
764,882,118,0.118,0.07373017550073564
784,892,108,0.108,0.06125684272521176
756,878,122,0.122,0.06872165045095607
808,904,96,0.096,0.03968615310173482
832,916,84,0.084,0.03665200587979052
776,888,112,0.112,0.03678314979420975
802,901,99,0.099,0.03618449114332907
866,933,67,0.067,0.037158760979305955
760,880,120,0.12,0.047075049054808915
772,886,114,0.114,0.05074013522919268
722,861,139,0.139,0.051203282703645527
770,885,115,0.115,0.04809158471506089
706,853,147,0.147,0.05046164837386459
736,868,132,0.132,0.051877026653848586
764,882,118,0.118,0.05172157452534884
774,887,113,0.113,0.04942981157032773
746,873,127,0.127,0.04316849602595903
764,882,118,0.118,0.037684064087225126
776,888,112,0.112,0.034464659190038216
776,888,112,0.112,0.040954492049408146
792,896,104,0.104,0.04740022426960058
800,900,100,0.1,0.050990510908421126
748,874,126,0.126,0.049013321517035364
728,864,136,0.136,0.03823420489020646
756,878,122,0.122,0.03505753385974094
764,882,118,0.118,0.03696095426892862
826,913,87,0.087,0.03732143336115405
730,865,135,0.135,0.04682112876884639
732,866,134,0.134,0.05086620427668095
730,865,135,0.135,0.047556626901961864
692,846,154,0.154,0.050007947812322526
768,884,116,0.116,0.046465481875929984
830,915,85,0.085,0.04365794628020376
742,871,129,0.129,0.04333304593898356
782,891,109,0.109,0.03638730166200548
718,859,141,0.141,0.04181889498885721
788,894,106,0.106,0.03890551240323111
738,869,131,0.131,0.039111867145635186
812,906,94,0.094,0.03667911419854499
810,905,95,0.095,0.03248862149030902
768,884,116,0.116,0.03181630418822169
760,880,120,0.12,0.034824862897396086
800,900,100,0.1,0.039107234880328176
798,899,101,0.101,0.04517749961325899
756,878,122,0.122,0.047380784139968456
712,856,144,0.144,0.0500945852259174
706,853,147,0.147,0.0427608745014295
712,856,144,0.144,0.03974029488768428
788,894,106,0.106,0.036291625111596656
818,909,91,0.091,0.03836128532234579
822,911,89,0.089,0.040216685825958845
720,860,140,0.14,0.04110924392566085
792,896,104,0.104,0.03509452341822907
758,879,121,0.121,0.035202766113448886
786,893,107,0.107,0.04035334315057844
806,903,97,0.097,0.04500594635400921
728,864,136,0.136,0.04733841121941805
736,868,132,0.132,0.05085758647508919
740,870,130,0.13,0.05538177201431244
694,847,153,0.153,0.05972813448030501
762,881,119,0.119,0.058415761653333904
750,875,125,0.125,0.0566952494373545
792,896,104,0.104,0.04145267145289108
714,857,143,0.143,0.04330205334816128
722,861,139,0.139,0.04301961491210386
770,885,115,0.115,0.04431772340205498
756,878,122,0.122,0.04837935804598965
824,912,88,0.088,0.04021043448476121
770,885,115,0.115,0.04010937694855966
784,892,108,0.108,0.033610946903470905
822,911,89,0.089,0.032136372419074175
710,855,145,0.145,0.04239307816699147
822,911,89,0.089,0.04009179007448256
726,863,137,0.137,0.04726725387293845
794,897,103,0.103,0.046511216261424126
778,889,111,0.111,0.04209963216260076
752,876,124,0.124,0.039791233086260036
782,891,109,0.109,0.0376153065902181
854,927,73,0.073,0.03438316169800237
712,856,144,0.144,0.0448965516758617
758,879,121,0.121,0.04342953111603856
740,870,130,0.13,0.0497281598681584
818,909,91,0.091,0.03935465154750273
730,865,135,0.135,0.042208095654845235
760,880,120,0.12,0.040223676515743136
756,878,122,0.122,0.04025292017590255
802,901,99,0.099,0.04346576170390472
770,885,115,0.115,0.041721799557097254
776,888,112,0.112,0.03804631502227858
758,879,121,0.121,0.03618161391839385
742,871,129,0.129,0.04688738720631227
788,894,106,0.106,0.04430923039605841
772,886,114,0.114,0.04747743542678654
750,875,125,0.125,0.050659052213653924
744,872,128,0.128,0.040821761016733946
746,873,127,0.127,0.04036255425913259
698,849,151,0.151,0.04396547146886587
748,874,126,0.126,0.04461518615763634
816,908,92,0.092,0.043581787418108434
764,882,118,0.118,0.04359949401766062
756,878,122,0.122,0.04178575621219352
756,878,122,0.122,0.04340071749826893
734,867,133,0.133,0.04238845224305987
782,891,109,0.109,0.04139386289007962
790,895,105,0.105,0.04418619051855058
754,877,123,0.123,0.045577678794041274
754,877,123,0.123,0.03605993850203231
796,898,102,0.102,0.03492165237572044
762,881,119,0.119,0.03138541315216571
756,878,122,0.122,0.0339055072623305
752,876,124,0.124,0.05031823202269152
768,884,116,0.116,0.052955857049673795
778,889,111,0.111,0.05550692357169464
768,884,116,0.116,0.05164821201935411
806,903,97,0.097,0.03921088299667463
762,881,119,0.119,0.04119400857994333
792,896,104,0.104,0.04527084165648557
726,863,137,0.137,0.050815219413489106
756,878,122,0.122,0.06146369715407491
788,894,106,0.106,0.061108287446200844
820,910,90,0.09,0.04727643956709653
810,905,95,0.095,0.047928096628747884
754,877,123,0.123,0.049613211771473285
774,887,113,0.113,0.05290237189270556
776,888,112,0.112,0.06953946775291114
738,869,131,0.131,0.07333861071895809
678,839,161,0.161,0.08897581691853702
744,872,128,0.128,0.08865838061086834
788,894,106,0.106,0.07549592652264983
734,867,133,0.133,0.0794089919347316
772,886,114,0.114,0.06054077066387981
822,911,89,0.089,0.05493942972458899
784,892,108,0.108,0.0705957999699749
830,915,85,0.085,0.06922821355145424
830,915,85,0.085,0.08737148341536521
786,893,107,0.107,0.08380262254923582
756,878,122,0.122,0.07213356006052345
748,874,126,0.126,0.07319368090480566
728,864,136,0.136,0.07223396021313966
820,910,90,0.09,0.07344367610104383
780,890,110,0.11,0.09777187662012875
786,893,107,0.107,0.09812831819616258
778,889,111,0.111,0.08990815014950931
810,905,95,0.095,0.07530513567198067
758,879,121,0.121,0.061316422786563636
708,854,146,0.146,0.07043498670309782
720,860,140,0.14,0.07290776447602548
744,872,128,0.128,0.09471153007261456
804,902,98,0.098,0.08974180391617119
800,900,100,0.1,0.08019792965892703
738,869,131,0.131,0.08193720708508044
688,844,156,0.156,0.0696685410188511
786,893,107,0.107,0.0628523315815255
808,904,96,0.096,0.0691734479367733
768,884,116,0.116,0.07905089195072651
786,893,107,0.107,0.07136015116702765
810,905,95,0.095,0.06698734461888671
762,881,119,0.119,0.06008494562190026
814,907,93,0.093,0.052212780494242904
826,913,87,0.087,0.05247848006011918
776,888,112,0.112,0.056885031790472565
716,858,142,0.142,0.06676452967710793
784,892,108,0.108,0.06429704409278929
812,906,94,0.094,0.07366901028063148
706,853,147,0.147,0.07783874348178506
772,886,114,0.114,0.07059468945674598
726,863,137,0.137,0.06908169885352254
764,882,118,0.118,0.05274173913151026
776,888,112,0.112,0.05375899486336857
774,887,113,0.113,0.05087623695377261
740,870,130,0.13,0.05484090878721327
794,897,103,0.103,0.0591999550042674
732,866,134,0.134,0.0626440282408148
740,870,130,0.13,0.05947002456709743
840,920,80,0.08,0.05178604614920914
754,877,123,0.123,0.05714026811439544
762,881,119,0.119,0.05570952996890992
738,869,131,0.131,0.08069887643493712
768,884,116,0.116,0.0766740496661514
682,841,159,0.159,0.0959276157412678
760,880,120,0.12,0.08481286923028529
796,898,102,0.102,0.06718391062319279
752,876,124,0.124,0.06992517845891416
758,879,121,0.121,0.06249785642884672
752,876,124,0.124,0.06332665093056858
822,911,89,0.089,0.06811881996504962
752,876,124,0.124,0.07425247251801192
742,871,129,0.129,0.06810112055391074
782,891,109,0.109,0.06203702341578901
736,868,132,0.132,0.06082617612555623
774,887,113,0.113,0.054925173134543
766,883,117,0.117,0.07594790797866881
770,885,115,0.115,0.07667640271037816
730,865,135,0.135,0.08755785782262683
768,884,116,0.116,0.07976721332781017
794,897,103,0.103,0.05988788123242557
788,894,106,0.106,0.05341678637079895
676,838,162,0.162,0.061612582736648616
806,903,97,0.097,0.06220415672380477
740,870,130,0.13,0.07753274791315198
780,890,110,0.11,0.07785257562994957
792,896,104,0.104,0.0727250485913828
810,905,95,0.095,0.058235513755353165
762,881,119,0.119,0.04240871504787356
738,869,131,0.131,0.04472833097213879
790,895,105,0.105,0.04583054297370836
746,873,127,0.127,0.07097102983179503
764,882,118,0.118,0.08711705842986703
834,917,83,0.083,0.07803995382599532
778,889,111,0.111,0.07421484387665987
786,893,107,0.107,0.05321247095149011
742,871,129,0.129,0.04381134840287268
730,865,135,0.135,0.04997587197227404
776,888,112,0.112,0.04927864861208946
792,896,104,0.104,0.06336208612844348
770,885,115,0.115,0.06595669518224895
768,884,116,0.116,0.060584335244260726
746,873,127,0.127,0.05731851164903492
800,900,100,0.1,0.04604037540592253
746,873,127,0.127,0.05053947506891564
756,878,122,0.122,0.05516194648854435
784,892,108,0.108,0.056637364407069984
704,852,148,0.148,0.0678968515470624
812,906,94,0.094,0.06496857519634068
830,915,85,0.085,0.05790546227432787
740,870,130,0.13,0.0571421766243875
742,871,129,0.129,0.05218556092865765
828,914,86,0.086,0.047286336185410616
766,883,117,0.117,0.056142981525510546
782,891,109,0.109,0.05448356243735179
724,862,138,0.138,0.06260978041775525
762,881,119,0.119,0.05841006244998425
812,906,94,0.094,0.05256364709883928
758,879,121,0.121,0.053133444749750194
776,888,112,0.112,0.0465292279003188
804,902,98,0.098,0.04310436050780118
764,882,118,0.118,0.044262027316726744
814,907,93,0.093,0.04188769226614386
738,869,131,0.131,0.04440853600064293
728,864,136,0.136,0.04812253598216921
760,880,120,0.12,0.04243498987937346
808,904,96,0.096,0.042546241538599136
754,877,123,0.123,0.04391115912050009
760,880,120,0.12,0.04153279622737318
740,870,130,0.13,0.05228187748230994
764,882,118,0.118,0.05265411760192364
770,885,115,0.115,0.054447727175429464
736,868,132,0.132,0.05858587578404695
780,890,110,0.11,0.04326906354771927
752,876,124,0.124,0.04387571610463783
728,864,136,0.136,0.04503434386616573
790,895,105,0.105,0.04148349377838895
756,878,122,0.122,0.047766912951134145
718,859,141,0.141,0.05028345264587551
750,875,125,0.125,0.044692456184886396
802,901,99,0.099,0.04157942636590451
784,892,108,0.108,0.03951481032511219
740,870,130,0.13,0.038970767681486905
752,876,124,0.124,0.04479104568297043
734,867,133,0.133,0.045767415156122294
786,893,107,0.107,0.048979608211666345
770,885,115,0.115,0.05388988382183015
762,881,119,0.119,0.046401417303830385
780,890,110,0.11,0.04084737915219739
758,879,121,0.121,0.036767245857976374
726,863,137,0.137,0.036093797446228565
766,883,117,0.117,0.04181360090244562
752,876,124,0.124,0.045237140385434034
710,855,145,0.145,0.052445909534581
768,884,116,0.116,0.049233268794603643
748,874,126,0.126,0.04345435331761837
798,899,101,0.101,0.0356158990226686
836,918,82,0.082,0.030348556238226593
816,908,92,0.092,0.02864268124802038
752,876,124,0.124,0.037447874448262156
752,876,124,0.124,0.040224013772327455
794,897,103,0.103,0.04308121076831594
756,878,122,0.122,0.04701324453391135
722,861,139,0.139,0.04274791470728814
724,862,138,0.138,0.040858047963585706
838,919,81,0.081,0.03277108260383829
762,881,119,0.119,0.039962216349318624
746,873,127,0.127,0.04327552455384284
788,894,106,0.106,0.041928889812435956
786,893,107,0.107,0.037803563049063085
804,902,98,0.098,0.036273900265805424
774,887,113,0.113,0.0343235947159119
724,862,138,0.138,0.03614633339922875
784,892,108,0.108,0.03560307493619621
728,864,136,0.136,0.03759775005374104
766,883,117,0.117,0.037230926007498055
792,896,104,0.104,0.03565401713643223
800,900,100,0.1,0.029803656653733922
760,880,120,0.12,0.03150043956027366
780,890,110,0.11,0.03506861379416659
810,905,95,0.095,0.03463233878603205
706,853,147,0.147,0.04706221776548773
728,864,136,0.136,0.04905089035350829
750,875,125,0.125,0.044994165125768634
802,901,99,0.099,0.039154786778846755
794,897,103,0.103,0.03445685802260414
778,889,111,0.111,0.03255198226170614
786,893,107,0.107,0.03869294162699953
740,870,130,0.13,0.041974250769242646
724,862,138,0.138,0.05010721039492637
708,854,146,0.146,0.05094024350680411
732,866,134,0.134,0.04265950707206503
762,881,119,0.119,0.04029486047662795
802,901,99,0.099,0.03183368650451303
778,889,111,0.111,0.030652101602638142
770,885,115,0.115,0.045104596410878
740,870,130,0.13,0.04903320354176685
752,876,124,0.124,0.052195260792970655
760,880,120,0.12,0.046343004006892445
844,922,78,0.078,0.02813948569796048
752,876,124,0.124,0.03042935681156814
818,909,91,0.091,0.030387281676521525
758,879,121,0.121,0.04009319479088299
788,894,106,0.106,0.05227616740763187
742,871,129,0.129,0.054348985225893556
752,876,124,0.124,0.05173544777184725
714,857,143,0.143,0.04739443356264383
788,894,106,0.106,0.033557539871893825
766,883,117,0.117,0.034123775523621586
776,888,112,0.112,0.03243881190661341
740,870,130,0.13,0.04009115153923631
776,888,112,0.112,0.03945301172649488
724,862,138,0.138,0.041161606791429224
740,870,130,0.13,0.039425375225953754
762,881,119,0.119,0.03963635847810656
818,909,91,0.091,0.034078455833252516
756,878,122,0.122,0.03528881731908769
734,867,133,0.133,0.0339523361925967
760,880,120,0.12,0.03322293652500957
712,856,144,0.144,0.038416463959030804
816,908,92,0.092,0.03630283710453659
754,877,123,0.123,0.041116530125960705
766,883,117,0.117,0.04219015850313008
792,896,104,0.104,0.042397504932712764
728,864,136,0.136,0.04422005209419876
716,858,142,0.142,0.04374054866936058
772,886,114,0.114,0.036057313275756314
796,898,102,0.102,0.031203046381473542
788,894,106,0.106,0.030980935003608465
736,868,132,0.132,0.035784759997855874
786,893,107,0.107,0.040923426048830154
706,853,147,0.147,0.04136916698887944
790,895,105,0.105,0.04181365739647299
754,877,123,0.123,0.04297631420940161
716,858,142,0.142,0.04053725088201463
756,878,122,0.122,0.03769855919154361
746,873,127,0.127,0.040171441743150356
726,863,137,0.137,0.04188173137884587
776,888,112,0.112,0.03937285294616595
810,905,95,0.095,0.036323783221654596
724,862,138,0.138,0.03831940987566486
824,912,88,0.088,0.03084175627725199
788,894,106,0.106,0.034809802955947815
780,890,110,0.11,0.03840586192533374
818,909,91,0.091,0.04362695938721299
722,861,139,0.139,0.04855889984825626
780,890,110,0.11,0.04099256641720422
828,914,86,0.086,0.037868853832827884
754,877,123,0.123,0.03854287672322244
734,867,133,0.133,0.04180997020239011
796,898,102,0.102,0.048850085995160046
744,872,128,0.128,0.051789284736849364
824,912,88,0.088,0.0492967213280499
752,876,124,0.124,0.05165657984558493
788,894,106,0.106,0.0452073240801692
762,881,119,0.119,0.047071744348853826
722,861,139,0.139,0.05368615557393059
716,858,142,0.142,0.0608325714468956
662,831,169,0.169,0.07006496913544834
758,879,121,0.121,0.06683485389687122
744,872,128,0.128,0.0644805278889835
786,893,107,0.107,0.05491716913413256
780,890,110,0.11,0.04577007427904755
774,887,113,0.113,0.04562093696650118
796,898,102,0.102,0.04498289404343814
798,899,101,0.101,0.04574492878001183
802,901,99,0.099,0.0482194226263091
824,912,88,0.088,0.047852162648923696
726,863,137,0.137,0.05136079166829586
782,891,109,0.109,0.04797903855051845
808,904,96,0.096,0.04715532177500427
744,872,128,0.128,0.05081682338751853
768,884,116,0.116,0.04987509956583381
720,860,140,0.14,0.04944083539303392
754,877,123,0.123,0.04389677920378745
794,897,103,0.103,0.043643839798867705
806,903,97,0.097,0.039694603133481
756,878,122,0.122,0.051218964971601964
796,898,102,0.102,0.050675963494926694
790,895,105,0.105,0.05251761480234563
782,891,109,0.109,0.050848081482574345
718,859,141,0.141,0.04375066660856828
698,849,151,0.151,0.05353232989646494
780,890,110,0.11,0.052710009173490106
718,859,141,0.141,0.06812251213099807
736,868,132,0.132,0.0837860886156559
748,874,126,0.126,0.0720502309044823
764,882,118,0.118,0.06109898921567947
734,867,133,0.133,0.059897092288825664
756,878,122,0.122,0.046209851483814415
810,905,95,0.095,0.054809315724298355
750,875,125,0.125,0.06447769422829151
778,889,111,0.111,0.06633361571468413
734,867,133,0.133,0.0670048543177545
714,857,143,0.143,0.062204667082987726
772,886,114,0.114,0.057184739363379776
790,895,105,0.105,0.057912789413705465
756,878,122,0.122,0.06712796893808991
694,847,153,0.153,0.07620457217469812
748,874,126,0.126,0.06969886445626616
722,861,139,0.139,0.07568926982954144
752,876,124,0.124,0.06788308241404593
776,888,112,0.112,0.05855111767351627
694,847,153,0.153,0.05779769360087812
784,892,108,0.108,0.05361309830565006
758,879,121,0.121,0.05424912111647427
738,869,131,0.131,0.06118818754516542
790,895,105,0.105,0.06055211052857339
790,895,105,0.105,0.06071181400492787
724,862,138,0.138,0.05685449970513582
820,910,90,0.09,0.05213194459490478
802,901,99,0.099,0.04927321993000806
772,886,114,0.114,0.054060816330835225
716,858,142,0.142,0.057950491182506086
792,896,104,0.104,0.05373762620752677
746,873,127,0.127,0.05705528286844492
768,884,116,0.116,0.054363737178966406
750,875,125,0.125,0.05370897062961012
736,868,132,0.132,0.05299457576684654
726,863,137,0.137,0.05563584667630494
736,868,132,0.132,0.05499639919213951
778,889,111,0.111,0.057194056016393005
764,882,118,0.118,0.05470056167524308
798,899,101,0.101,0.0483199658067897
726,863,137,0.137,0.05036212805658579
796,898,102,0.102,0.040839765328913924
674,837,163,0.163,0.04929484868980944
812,906,94,0.094,0.04557020589709282
774,887,113,0.113,0.04957529197633266
786,893,107,0.107,0.04813751896098256
738,869,131,0.131,0.04906900872290135
728,864,136,0.136,0.050479049161076546
746,873,127,0.127,0.0520993103357032
762,881,119,0.119,0.0646923557370901
822,911,89,0.089,0.06173217022512108
754,877,123,0.123,0.057215831191278994
780,890,110,0.11,0.05123009925289079
708,854,146,0.146,0.04173959094239399
802,901,99,0.099,0.04302027792250738
764,882,118,0.118,0.05921542973211035
822,911,89,0.089,0.05587712147086859
712,856,144,0.144,0.07991881854832172
784,892,108,0.108,0.06972997238487005
776,888,112,0.112,0.0681677787490189
650,825,175,0.175,0.07012925884407013
806,903,97,0.097,0.049394214321859184
814,907,93,0.093,0.04331278852745891
758,879,121,0.121,0.042594554275274275
736,868,132,0.132,0.046559529316611586
772,886,114,0.114,0.052599354242905974
740,870,130,0.13,0.06021507327258587
752,876,124,0.124,0.06438816423341633
790,895,105,0.105,0.061015067356638614
806,903,97,0.097,0.04499208124727011
736,868,132,0.132,0.04472892741207033
714,857,143,0.143,0.040600167121738195
762,881,119,0.119,0.04617192566115409
780,890,110,0.11,0.05320967137441039
724,862,138,0.138,0.05584569878689945
790,895,105,0.105,0.05194718095101416
836,918,82,0.082,0.03989522588206455
782,891,109,0.109,0.034340937637258324
814,907,93,0.093,0.03555064702685922
738,869,131,0.131,0.04324941499438137
762,881,119,0.119,0.0481432474181056
696,848,152,0.152,0.06460814571008086
768,884,116,0.116,0.06254026607610286
772,886,114,0.114,0.056761809673160316
774,887,113,0.113,0.05008743536658585
780,890,110,0.11,0.03834534474648535
800,900,100,0.1,0.03924448888422921
756,878,122,0.122,0.04443120520422235
758,879,121,0.121,0.05201644250471145
730,865,135,0.135,0.06089841809310019
812,906,94,0.094,0.05810038233548403
760,880,120,0.12,0.05498767891712487
774,887,113,0.113,0.05269730102736503
706,853,147,0.147,0.06224848879128694
710,855,145,0.145,0.06486500251851976
798,899,101,0.101,0.0768121041227132
746,873,127,0.127,0.08813333821855486
778,889,111,0.111,0.0752696966980584
758,879,121,0.121,0.07290836156904698
760,880,120,0.12,0.05805420803837478
806,903,97,0.097,0.04183731362014077
784,892,108,0.108,0.05516637006262317
802,901,99,0.099,0.05556417796947062
708,854,146,0.146,0.072351484535262
756,878,122,0.122,0.076547670641914
758,879,121,0.121,0.06628399291727692
812,906,94,0.094,0.059708276838995517
780,890,110,0.11,0.05553030577301979
800,900,100,0.1,0.047953068577684464
742,871,129,0.129,0.05564247585088015
776,888,112,0.112,0.053587183862226086
800,900,100,0.1,0.056136434674263
776,888,112,0.112,0.05764512412808836
702,851,149,0.149,0.052305915670469404
818,909,91,0.091,0.04627438314538449
720,860,140,0.14,0.05020351780857891
760,880,120,0.12,0.05807223207503557
718,859,141,0.141,0.07244093591533601
734,867,133,0.133,0.06665977153740824
774,887,113,0.113,0.06665697609260678
808,904,96,0.096,0.05201465391926467
732,866,134,0.134,0.05022658741287887
810,905,95,0.095,0.04566859916970134
756,878,122,0.122,0.05194811759050935
740,870,130,0.13,0.055694579904899004
788,894,106,0.106,0.05934723316505551
726,863,137,0.137,0.06277101444080473
772,886,114,0.114,0.06360823112539947
750,875,125,0.125,0.06475264727696776
772,886,114,0.114,0.06916401508264243
700,850,150,0.15,0.07315806272439658
774,887,113,0.113,0.06840945716761053
762,881,119,0.119,0.06753329924307763
774,887,113,0.113,0.06171261160820723
750,875,125,0.125,0.06093669161293656
772,886,114,0.114,0.05989487773738802
830,915,85,0.085,0.05687422157544643
760,880,120,0.12,0.06567962084151804
820,910,90,0.09,0.06468475776538253
754,877,123,0.123,0.06558716498501599
812,906,94,0.094,0.06144761139713228
802,901,99,0.099,0.05939173610787839
716,858,142,0.142,0.06476799438707531
772,886,114,0.114,0.0733523789551109
770,885,115,0.115,0.0857244277750142
776,888,112,0.112,0.08988449750095606
742,871,129,0.129,0.0890553174763918
832,916,84,0.084,0.07460629285685719
758,879,121,0.121,0.060334049245342615
740,870,130,0.13,0.06099900168180466
784,892,108,0.108,0.06437026991136371
790,895,105,0.105,0.06746793117560446
764,882,118,0.118,0.07912670158594846
756,878,122,0.122,0.0797802993953228
748,874,126,0.126,0.07917393189668655
758,879,121,0.121,0.07587535619549453
818,909,91,0.091,0.059794291062280534
770,885,115,0.115,0.061716671042144296
748,874,126,0.126,0.06508326347917319
734,867,133,0.133,0.07443802937120199
778,889,111,0.111,0.10302259490080178
784,892,108,0.108,0.1114980694130063
784,892,108,0.108,0.10938028962723911
820,910,90,0.09,0.0996685907356441
790,895,105,0.105,0.07135494190547616
780,890,110,0.11,0.07883591137640178
738,869,131,0.131,0.08522275859676301
758,879,121,0.121,0.08728648133575917
780,890,110,0.11,0.10061182178929448
768,884,116,0.116,0.10533423368260264
740,870,130,0.13,0.09725484723970294
756,878,122,0.122,0.09141185597516596
764,882,118,0.118,0.0748749166149646
758,879,121,0.121,0.07296192854363472
786,893,107,0.107,0.0738309939429164
768,884,116,0.116,0.07187277994304896
756,878,122,0.122,0.06659740238077938
790,895,105,0.105,0.06340096168406308
818,909,91,0.091,0.054799966842867434
726,863,137,0.137,0.06035767146386206
720,860,140,0.14,0.06055142792593688
748,874,126,0.126,0.06409167628735304
714,857,143,0.143,0.08245131436735392
736,868,132,0.132,0.08537915797531605
724,862,138,0.138,0.09196213250048459
700,850,150,0.15,0.08755283216387033
678,839,161,0.161,0.07231828835234046
748,874,126,0.126,0.06227981725893915
760,880,120,0.12,0.06025487219169736
742,871,129,0.129,0.06116770559363067
820,910,90,0.09,0.06780519939027727
718,859,141,0.141,0.076446284936741
724,862,138,0.138,0.0696751792691648
770,885,115,0.115,0.0637890118677169
738,869,131,0.131,0.05997851519845426
812,906,94,0.094,0.06308919975161552
732,866,134,0.134,0.07204409956932067
790,895,105,0.105,0.06735617272183299
698,849,151,0.151,0.076039008166641
712,856,144,0.144,0.07199674143083394
698,849,151,0.151,0.07709821678511798
812,906,94,0.094,0.07324117163382471
766,883,117,0.117,0.0794915692973882
772,886,114,0.114,0.08205074517242611
738,869,131,0.131,0.0855146940164268
704,852,148,0.148,0.08954835919290781
734,867,133,0.133,0.08690306681208312
768,884,116,0.116,0.08485414787195623
794,897,103,0.103,0.08953746849671006
754,877,123,0.123,0.09246794564276933
736,868,132,0.132,0.09470976826548576
788,894,106,0.106,0.0948803393188864
802,901,99,0.099,0.0917616246342659
720,860,140,0.14,0.10748275918513536
770,885,115,0.115,0.10487373569607734
794,897,103,0.103,0.11160756383836269
722,861,139,0.139,0.11884389112889766
746,873,127,0.127,0.11997542233020067
734,867,133,0.133,0.12199139259010554
768,884,116,0.116,0.1266030334830284
790,895,105,0.105,0.1265848947800696
816,908,92,0.092,0.12021492082998156
724,862,138,0.138,0.11928966994956136
744,872,128,0.128,0.10673229318112135
808,904,96,0.096,0.10217155336216092
782,891,109,0.109,0.10222682066261768
760,880,120,0.12,0.11107067761570215
776,888,112,0.112,0.12242563348263502
774,887,113,0.113,0.12924671223014594
708,854,146,0.146,0.12981154207885265
804,902,98,0.098,0.12446180885657668
796,898,102,0.102,0.1096108087413013
746,873,127,0.127,0.11190320206806063
738,869,131,0.131,0.12830984576046467
770,885,115,0.115,0.1349501149021089
774,887,113,0.113,0.1599297817647457
808,904,96,0.096,0.16271871568262578
746,873,127,0.127,0.17450978596135974
772,886,114,0.114,0.16826346714049578
728,864,136,0.136,0.15971236258000135
766,883,117,0.117,0.152617714446038
742,871,129,0.129,0.18552494801208377
728,864,136,0.136,0.19774375735968353
724,862,138,0.138,0.22872700487077235
736,868,132,0.132,0.22928308438509704
756,878,122,0.122,0.2059205706194043
744,872,128,0.128,0.198149017971009
772,886,114,0.114,0.16852240973711013
754,877,123,0.123,0.1705587800592184
768,884,116,0.116,0.1976736111342907
716,858,142,0.142,0.21045815941691398
760,880,120,0.12,0.2290934532135725
742,871,129,0.129,0.2287796474546194
762,881,119,0.119,0.20777294858545065
722,861,139,0.139,0.21525678700208664
798,899,101,0.101,0.21388387804478406
700,850,150,0.15,0.22595115845650435
726,863,137,0.137,0.2537753097265959
782,891,109,0.109,0.24651010036468507
788,894,106,0.106,0.24974190452694892
782,891,109,0.109,0.2512344970703125
792,896,104,0.104,0.23784268264472486
674,837,163,0.163,0.25374554833769797
746,873,127,0.127,0.2687811476290226
748,874,126,0.126,0.2704828746318817
746,873,127,0.127,0.2782702284902334
708,854,146,0.146,0.2786473955959082
756,878,122,0.122,0.25296877400577067
730,865,135,0.135,0.24958549186587334
772,886,114,0.114,0.22291304557025432
788,894,106,0.106,0.21670414587855338
760,880,120,0.12,0.2004241106659174
782,891,109,0.109,0.197883014023304
810,905,95,0.095,0.1776263879686594
754,877,123,0.123,0.18026071574538946
780,890,110,0.11,0.16823279121518134
766,883,117,0.117,0.16835308074206115
786,893,107,0.107,0.1613693049699068
810,905,95,0.095,0.15499925161898137
744,872,128,0.128,0.16751120097190142
726,863,137,0.137,0.16880752296745777
670,835,165,0.165,0.19176160377264023
780,890,110,0.11,0.18839330195635556
742,871,129,0.129,0.1968540357798338
730,865,135,0.135,0.19396842882037163
742,871,129,0.129,0.17550426349788903
736,868,132,0.132,0.16773992436006666
724,862,138,0.138,0.15241564203053712
816,908,92,0.092,0.14751307522132992
790,895,105,0.105,0.14798972648382186
764,882,118,0.118,0.1478596419580281
788,894,106,0.106,0.14135019986331462
786,893,107,0.107,0.14296358159184455
714,857,143,0.143,0.14774318289756774
752,876,124,0.124,0.15681712371110917
758,879,121,0.121,0.19574324384331704
704,852,148,0.148,0.20383169538527726
798,899,101,0.101,0.214200201690197
746,873,127,0.127,0.21072775595635176
800,900,100,0.1,0.16536312140896917
782,891,109,0.109,0.1625501007400453
798,899,101,0.101,0.15488531601428984
762,881,119,0.119,0.17032390822842716
752,876,124,0.124,0.21872907213121653
768,884,116,0.116,0.21499865889549255
736,868,132,0.132,0.2355510956197977
782,891,109,0.109,0.23138780642300844
752,876,124,0.124,0.20395750403404236
736,868,132,0.132,0.19852882010489703
742,871,129,0.129,0.19627739703655242
782,891,109,0.109,0.19907474246621132
770,885,115,0.115,0.21557933964580298
728,864,136,0.136,0.21992173093557357
708,854,146,0.146,0.21847510198503733
792,896,104,0.104,0.18639175771176816
782,891,109,0.109,0.16366628256440163
722,861,139,0.139,0.162162924926728
756,878,122,0.122,0.1534820894151926
748,874,126,0.126,0.1606378989070654
728,864,136,0.136,0.16967619109898804
704,852,148,0.148,0.17304028405994176
808,904,96,0.096,0.16420732824504375
766,883,117,0.117,0.1550304492264986
768,884,116,0.116,0.14309695898741484
804,902,98,0.098,0.14693382966145874
742,871,129,0.129,0.1503318296186626
812,906,94,0.094,0.15177023922652005
720,860,140,0.14,0.16995968866348266
778,889,111,0.111,0.16879950650036335
750,875,125,0.125,0.1722122389227152
756,878,122,0.122,0.17066544849425555
750,875,125,0.125,0.17934880050271748
698,849,151,0.151,0.18895431692898274
736,868,132,0.132,0.1890425094291568
742,871,129,0.129,0.19534648149460554
790,895,105,0.105,0.1950710141584277
726,863,137,0.137,0.19175812666863204
766,883,117,0.117,0.18245368157327174
814,907,93,0.093,0.16676144542172552
682,841,159,0.159,0.16244443809986114
732,866,134,0.134,0.16520794869214298
820,910,90,0.09,0.15774760212749242
696,848,152,0.152,0.18391335769742728
736,868,132,0.132,0.18937451703846456
826,913,87,0.087,0.16617508533596992
736,868,132,0.132,0.17276974295824765
764,882,118,0.118,0.15473505364358425
730,865,135,0.135,0.15907863783091306
778,889,111,0.111,0.1593106224872172
820,910,90,0.09,0.15772101771831512
744,872,128,0.128,0.186168987557292
712,856,144,0.144,0.1993797442317009
740,870,130,0.13,0.23888275688886643
756,878,122,0.122,0.23784061477333307
772,886,114,0.114,0.27112663799524306
740,870,130,0.13,0.2766455793380737
770,885,115,0.115,0.2753622490465641
796,898,102,0.102,0.2676548780053854
798,899,101,0.101,0.27271549969911574
788,894,106,0.106,0.2775963175743818
718,859,141,0.141,0.31319495585560797
774,887,113,0.113,0.30934907150268554
692,846,154,0.154,0.3512972604781389
774,887,113,0.113,0.34607655701041223
780,890,110,0.11,0.3183405184596777
712,856,144,0.144,0.3218785315155983
730,865,135,0.135,0.2606457892134786
732,866,134,0.134,0.2528616717457771
746,873,127,0.127,0.25942221077531574
776,888,112,0.112,0.2633148658052087
772,886,114,0.114,0.28696753780543804
702,851,149,0.149,0.290954022616148
772,886,114,0.114,0.24114419557899236
686,843,157,0.157,0.23669463965296744
712,856,144,0.144,0.18642146503925325
784,892,108,0.108,0.17853741130232811
768,884,116,0.116,0.16102239347994327
812,906,94,0.094,0.15523136403411628
824,912,88,0.088,0.14951598878204822
738,869,131,0.131,0.158562431640923
796,898,102,0.102,0.1523351872935891
768,884,116,0.116,0.14972948879748582
780,890,110,0.11,0.14980901294946672
696,848,152,0.152,0.15824581053107978
738,869,131,0.131,0.15881759659200906
748,874,126,0.126,0.15053566724807024
788,894,106,0.106,0.13842717538774013
782,891,109,0.109,0.13786462619155646
708,854,146,0.146,0.14304852207005023
720,860,140,0.14,0.15133820916339755
720,860,140,0.14,0.17747935954481364
762,881,119,0.119,0.17915229178220032
738,869,131,0.131,0.19697210832685233
754,877,123,0.123,0.1939481145888567
716,858,142,0.142,0.18599543350934983
678,839,161,0.161,0.18339696877449752
790,895,105,0.105,0.15441637325286867
802,901,99,0.099,0.14516435140371323
768,884,116,0.116,0.14448619163781404
810,905,95,0.095,0.13618821881711482
750,875,125,0.125,0.1357836368791759
778,889,111,0.111,0.13698498506471515
730,865,135,0.135,0.1421516413614154
748,874,126,0.126,0.1387030472010374
762,881,119,0.119,0.1445228245034814
766,883,117,0.117,0.15526607294380665
726,863,137,0.137,0.16232621251791715
752,876,124,0.124,0.16244279238581658
750,875,125,0.125,0.15776833971962334
786,893,107,0.107,0.14133869360387324
790,895,105,0.105,0.13391289979405702
720,860,140,0.14,0.13949338624998928
822,911,89,0.089,0.12719640693068504
722,861,139,0.139,0.1329739119373262
768,884,116,0.116,0.12535119426622987
752,876,124,0.124,0.11817277373746038
808,904,96,0.096,0.09644645995087922
784,892,108,0.108,0.08691544800251723
776,888,112,0.112,0.08477038584649563
784,892,108,0.108,0.0865549882221967
730,865,135,0.135,0.09406046892143786
726,863,137,0.137,0.08827803651615977
756,878,122,0.122,0.08282329395972192
750,875,125,0.125,0.08685225906968116
710,855,145,0.145,0.08946580655872821
768,884,116,0.116,0.08554464149475098
766,883,117,0.117,0.08879290685802699
748,874,126,0.126,0.08204165691137313
754,877,123,0.123,0.07683801999315619
750,875,125,0.125,0.06769811315275728
734,867,133,0.133,0.06949275671690702
748,874,126,0.126,0.06608851131238043
796,898,102,0.102,0.06355922284349799
742,871,129,0.129,0.05683921590819955
760,880,120,0.12,0.059205017084255816
762,881,119,0.119,0.058020667035132645
754,877,123,0.123,0.0577352241333574
796,898,102,0.102,0.05260298117436469
770,885,115,0.115,0.05304731661267579
782,891,109,0.109,0.04654652044642717
766,883,117,0.117,0.044862514917273076
796,898,102,0.102,0.03588750520767644
770,885,115,0.115,0.036978047714568675
720,860,140,0.14,0.04977606113674119
766,883,117,0.117,0.054765016565099356
756,878,122,0.122,0.06256397949904204
726,863,137,0.137,0.061659180235117676
774,887,113,0.113,0.047096727182157336
724,862,138,0.138,0.043824653157033024
762,881,119,0.119,0.038896142474375665
752,876,124,0.124,0.042693516517058015
720,860,140,0.14,0.05103382690064609
796,898,102,0.102,0.05016777385119349
810,905,95,0.095,0.05418436259403825
704,852,148,0.148,0.05995588551275432
798,899,101,0.101,0.050254042537882924
766,883,117,0.117,0.04715380258951336
760,880,120,0.12,0.04340707455342636
706,853,147,0.147,0.04618862586654723
738,869,131,0.131,0.047644308606162665
752,876,124,0.124,0.04921727586723864
730,865,135,0.135,0.05302499180845916
704,852,148,0.148,0.05210733340121806
796,898,102,0.102,0.042751183736138045
784,892,108,0.108,0.03937528629368171
796,898,102,0.102,0.024465216910932213
770,885,115,0.115,0.026122134814504535
738,869,131,0.131,0.02696233163261786
762,881,119,0.119,0.03540417172247544
762,881,119,0.119,0.052730325557291506
814,907,93,0.093,0.05058412524871528
836,918,82,0.082,0.04742301171179861
756,878,122,0.122,0.04424757182830945
774,887,113,0.113,0.02165051322162617
770,885,115,0.115,0.025015593509655445
808,904,96,0.096,0.023413597572478465
782,891,109,0.109,0.02693240555212833
730,865,135,0.135,0.048457672204822305
770,885,115,0.115,0.047328342514112595
702,851,149,0.149,0.04809725828841328
766,883,117,0.117,0.046945656970143315
776,888,112,0.112,0.03299442969821394
766,883,117,0.117,0.030887369557283818
770,885,115,0.115,0.0309954571519047
758,879,121,0.121,0.031090770189650358
790,895,105,0.105,0.03292791325040162
748,874,126,0.126,0.033556045061908665
816,908,92,0.092,0.03060131839197129
802,901,99,0.099,0.030609091196674855
720,860,140,0.14,0.027854554841062053
792,896,104,0.104,0.028489106421824544
770,885,115,0.115,0.031790149847976866
748,874,126,0.126,0.03237085981480777
822,911,89,0.089,0.03493094873195514
770,885,115,0.115,0.03267130285874009
748,874,126,0.126,0.03381924153259024
754,877,123,0.123,0.03183074377570301
800,900,100,0.1,0.027937300539109856
726,863,137,0.137,0.03245627581421286
766,883,117,0.117,0.03374517644476145
750,875,125,0.125,0.03592415300011635
792,896,104,0.104,0.033890539680141954
816,908,92,0.092,0.031151471787597983
752,876,124,0.124,0.033387079782783984
724,862,138,0.138,0.034294639913365246
774,887,113,0.113,0.030065320247085765
794,897,103,0.103,0.03333290785178542
730,865,135,0.135,0.036952895306050774
788,894,106,0.106,0.03702605482144281
738,869,131,0.131,0.043620578590780494
702,851,149,0.149,0.04282501886039972
744,872,128,0.128,0.04131371633335948
746,873,127,0.127,0.039551014268770814
682,841,159,0.159,0.034414766877889635
818,909,91,0.091,0.029191968301311134
728,864,136,0.136,0.032437940767034885
774,887,113,0.113,0.030719236891251056
704,852,148,0.148,0.03259662868641317
816,908,92,0.092,0.027272794236429036
776,888,112,0.112,0.027743142041377723
778,889,111,0.111,0.02634492818498984
718,859,141,0.141,0.025690305594354867
780,890,110,0.11,0.029098309863824397
752,876,124,0.124,0.029938310633413494
716,858,142,0.142,0.031088556182337926
694,847,153,0.153,0.04680608936864883
748,874,126,0.126,0.041105545368045567
708,854,146,0.146,0.041197796476073564
788,894,106,0.106,0.03821983382478356
736,868,132,0.132,0.03038441047212109
822,911,89,0.089,0.026894109761808067
724,862,138,0.138,0.030480913838371634
792,896,104,0.104,0.02628981069009751
774,887,113,0.113,0.03881012209877372
726,863,137,0.137,0.041992624390870335
792,896,104,0.104,0.03936709497869015
782,891,109,0.109,0.04005295408703387
766,883,117,0.117,0.030736179567873476
752,876,124,0.124,0.030921267779543994
776,888,112,0.112,0.029530974279157816
742,871,129,0.129,0.031146371264010667
782,891,109,0.109,0.035094139040447773
770,885,115,0.115,0.034978134701028465
764,882,118,0.118,0.03557866003829986
722,861,139,0.139,0.03636181308049709
786,893,107,0.107,0.0350802110740915
708,854,146,0.146,0.03993028277903795
768,884,116,0.116,0.0370957666374743
776,888,112,0.112,0.03759717763308436
750,875,125,0.125,0.03579404337145388
744,872,128,0.128,0.03775626000203192
738,869,131,0.131,0.03697762867249548
738,869,131,0.131,0.03717376238014549
800,900,100,0.1,0.03305417954921722
766,883,117,0.117,0.03646510194242
744,872,128,0.128,0.03748014740645886
748,874,126,0.126,0.0375331488167867
802,901,99,0.099,0.037832980481907724
692,846,154,0.154,0.044706887904554606
766,883,117,0.117,0.043226546665653585
766,883,117,0.117,0.042290333883836864
802,901,99,0.099,0.038790002083405856
744,872,128,0.128,0.036375271612312646
766,883,117,0.117,0.031472691733390096
760,880,120,0.12,0.03048100158991292
778,889,111,0.111,0.030730887434910984
764,882,118,0.118,0.03814090777747333
724,862,138,0.138,0.03926992380153388
772,886,114,0.114,0.03732458983547986
752,876,124,0.124,0.03487390536023304
762,881,119,0.119,0.027781594126485287
830,915,85,0.085,0.02499127235868946
804,902,98,0.098,0.026038403645157814
748,874,126,0.126,0.03369397525163367
738,869,131,0.131,0.036512743413913994
768,884,116,0.116,0.03529021093668416
766,883,117,0.117,0.033257029083557425
814,907,93,0.093,0.031085022000130268
740,870,130,0.13,0.029406669623218477
764,882,118,0.118,0.03656971741653979
774,887,113,0.113,0.037769061458297074
760,880,120,0.12,0.04062023683451116
732,866,134,0.134,0.04404899490438402
756,878,122,0.122,0.031207098874729125
760,880,120,0.12,0.028205635531106964
768,884,116,0.116,0.026837040252052247
846,923,77,0.077,0.023090516744414345
792,896,104,0.104,0.03961524819303304
764,882,118,0.118,0.0479789146464318
710,855,145,0.145,0.052841329738497735
750,875,125,0.125,0.050704023035243156
760,880,120,0.12,0.0336845600316301
744,872,128,0.128,0.02997462304774672
796,898,102,0.102,0.024885599311906845
718,859,141,0.141,0.028169832926243542
780,890,110,0.11,0.033150911439675836
758,879,121,0.121,0.0368299137246795
778,889,111,0.111,0.03574822472687811
712,856,144,0.144,0.03895392987970263
782,891,109,0.109,0.028109668612945823
768,884,116,0.116,0.026864522022660823
766,883,117,0.117,0.025695972107700072
714,857,143,0.143,0.02701341332681477
772,886,114,0.114,0.027922161919064818
766,883,117,0.117,0.029524886494502425
788,894,106,0.106,0.027995470856316387
768,884,116,0.116,0.02687761583458632
736,868,132,0.132,0.024237595981452614
814,907,93,0.093,0.021479561079759152
740,870,130,0.13,0.02542938648350537
734,867,133,0.133,0.026487194324843585
744,872,128,0.128,0.029254316449165343
764,882,118,0.118,0.02864943432016298
702,851,149,0.149,0.02836717292596586
754,877,123,0.123,0.026060386430704966
798,899,101,0.101,0.02588001938862726
736,868,132,0.132,0.027113748250994833
760,880,120,0.12,0.026345494221895933
812,906,94,0.094,0.02459773296257481
794,897,103,0.103,0.014251460838364437
808,904,96,0.096,0.014377470416366122
798,899,101,0.101,0.01566867426643148
832,916,84,0.084,0.014924619490746409
774,887,113,0.113,0.03094040072057396
784,892,108,0.108,0.02964952066214755
774,887,113,0.113,0.030330574652180076
740,870,130,0.13,0.031781774660106746
806,903,97,0.097,0.016289105088915675
790,895,105,0.105,0.014015126884274651
776,888,112,0.112,0.014805606854031794
784,892,108,0.108,0.014777170540532097
782,891,109,0.109,0.025083849073853345
752,876,124,0.124,0.02733965261466801
784,892,108,0.108,0.026616428014822304
816,908,92,0.092,0.024237867896445095
782,891,109,0.109,0.017096001630183308
686,843,157,0.157,0.01941008314490318
774,887,113,0.113,0.017201232579769566
802,901,99,0.099,0.018539450193056837
724,862,138,0.138,0.02401346875913441
684,842,158,0.158,0.026887632397003473
792,896,104,0.104,0.022400424751918762
774,887,113,0.113,0.021633655866608023
802,901,99,0.099,0.01942051514959894
794,897,103,0.103,0.018748227073810995
744,872,128,0.128,0.019796718978323042
804,902,98,0.098,0.019890962689649315
768,884,116,0.116,0.021272876595146956
774,887,113,0.113,0.0232875813646242
740,870,130,0.13,0.02309085682267323
782,891,109,0.109,0.019712726043071598
802,901,99,0.099,0.018106617268407718
798,899,101,0.101,0.02311412829393521
784,892,108,0.108,0.02766646157205105
742,871,129,0.129,0.03026637191325426
780,890,110,0.11,0.030028014269191772
782,891,109,0.109,0.02881934801209718
714,857,143,0.143,0.028512406319379808
792,896,104,0.104,0.02484215077874251
734,867,133,0.133,0.026693067238200457
810,905,95,0.095,0.025108845169190316
772,886,114,0.114,0.028558945493306963
808,904,96,0.096,0.027921897085849197
754,877,123,0.123,0.02996571759879589
676,838,162,0.162,0.02871086070407182
782,891,109,0.109,0.027566432836465538
746,873,127,0.127,0.028444715844932942
806,903,97,0.097,0.0280797609728761
760,880,120,0.12,0.03398155973665416
744,872,128,0.128,0.03278171970415861
788,894,106,0.106,0.031455658243969085
684,842,158,0.158,0.03461052215564996
804,902,98,0.098,0.027451919747516512
780,890,110,0.11,0.026665369434282184
848,924,76,0.076,0.023778857639059424
748,874,126,0.126,0.028044582532718777
788,894,106,0.106,0.027383464683312923
754,877,123,0.123,0.032770134201273324
758,879,121,0.121,0.03404433842701837
730,865,135,0.135,0.036817308047320696
770,885,115,0.115,0.03600697689782828
714,857,143,0.143,0.035331451847217976
840,920,80,0.08,0.03041418824158609
792,896,104,0.104,0.03155888687632978
796,898,102,0.102,0.026164677578024566
788,894,106,0.106,0.031323864669539035
778,889,111,0.111,0.03281572565622628
796,898,102,0.102,0.03127105099800974
720,860,140,0.14,0.055993287725374104
814,907,93,0.093,0.05163049746677279
792,896,104,0.104,0.04994767029350623
826,913,87,0.087,0.04908142888452858
786,893,107,0.107,0.030021727464161815
730,865,135,0.135,0.03563633811380714
796,898,102,0.102,0.03414618892851286
770,885,115,0.115,0.0358814617311582
784,892,108,0.108,0.05280425390601158
816,908,92,0.092,0.04777145792916417
810,905,95,0.095,0.047915348349139096
758,879,121,0.121,0.0486367958066985
746,873,127,0.127,0.03780947806872428
770,885,115,0.115,0.034052609109319745
790,895,105,0.105,0.03154629947990179
832,916,84,0.084,0.0316195111265406
776,888,112,0.112,0.031682521464303136
774,887,113,0.113,0.032468733611516656
774,887,113,0.113,0.03282611542660743
796,898,102,0.102,0.03324362775683403
730,865,135,0.135,0.047252845444716515
794,897,103,0.103,0.042918564406223596
722,861,139,0.139,0.04642215991392731
772,886,114,0.114,0.04346845537796617
762,881,119,0.119,0.04204899253323674
784,892,108,0.108,0.04225098855420947
790,895,105,0.105,0.04011582943610847
722,861,139,0.139,0.04264034008793533
796,898,102,0.102,0.03933927365485579
820,910,90,0.09,0.038750690469518304
748,874,126,0.126,0.04227598142065108
778,889,111,0.111,0.04113909054920077
748,874,126,0.126,0.0470540389996022
794,897,103,0.103,0.04821768905222416
730,865,135,0.135,0.053698922036215666
772,886,114,0.114,0.05074679565988481
790,895,105,0.105,0.04990351115167141
784,892,108,0.108,0.04525246725976467
822,911,89,0.089,0.04261568090878427
764,882,118,0.118,0.04620709065068513
730,865,135,0.135,0.04089650850463659
764,882,118,0.118,0.0420058932704851
764,882,118,0.118,0.04378290398186073
742,871,129,0.129,0.047308252175338565
738,869,131,0.131,0.061775168554857374
762,881,119,0.119,0.0613693420086056
760,880,120,0.12,0.056208678260445594
756,878,122,0.122,0.056445741643197836
722,861,139,0.139,0.03911653458513319
774,887,113,0.113,0.0361898174053058
776,888,112,0.112,0.034967935376800596
756,878,122,0.122,0.03607937390170991
822,911,89,0.089,0.03639588731713593
728,864,136,0.136,0.035277253219857814
782,891,109,0.109,0.03264163007168099
736,868,132,0.132,0.034923398428596555
736,868,132,0.132,0.03589592675399035
786,893,107,0.107,0.035311623256653546
786,893,107,0.107,0.0355732952747494
756,878,122,0.122,0.03490561996540055
774,887,113,0.113,0.030744403981603684
744,872,128,0.128,0.029333642181940376
742,871,129,0.129,0.03271604792028666
746,873,127,0.127,0.03440007377322763
722,861,139,0.139,0.042117282439023254
754,877,123,0.123,0.04592795430868864
740,870,130,0.13,0.045864536724984646
732,866,134,0.134,0.04670113356411457
772,886,114,0.114,0.04036408020881936
744,872,128,0.128,0.03619429653417319
826,913,87,0.087,0.031102111967280507
740,870,130,0.13,0.03362654739059508
744,872,128,0.128,0.03400110369641334
770,885,115,0.115,0.035324976910837
792,896,104,0.104,0.037950034893117844
792,896,104,0.104,0.03878084551915526
776,888,112,0.112,0.039367777170613405
788,894,106,0.106,0.03615556463948451
840,920,80,0.08,0.02885260402224958
798,899,101,0.101,0.03074328505853191
696,848,152,0.152,0.03631483456073329
796,898,102,0.102,0.044021897984668615
794,897,103,0.103,0.05281442951597273
766,883,117,0.117,0.053903434417210516
748,874,126,0.126,0.05486129108071327
732,866,134,0.134,0.045021379188634456
764,882,118,0.118,0.03765626163128764
780,890,110,0.11,0.038430119156837465
770,885,115,0.115,0.040797026590444145
780,890,110,0.11,0.046428137270733714
706,853,147,0.147,0.055418437575921416
786,893,107,0.107,0.05456767850741744
752,876,124,0.124,0.05641403979808092
758,879,121,0.121,0.05509153506346047
772,886,114,0.114,0.04827425561193377
774,887,113,0.113,0.043179537559859454
728,864,136,0.136,0.04509425040986389
812,906,94,0.094,0.042336323626339434
806,903,97,0.097,0.04870367490407079
738,869,131,0.131,0.05274707097746432
780,890,110,0.11,0.053267086142674086
724,862,138,0.138,0.054613220192492005
776,888,112,0.112,0.0459061601376161
782,891,109,0.109,0.04368056814093143
752,876,124,0.124,0.04431930512469262
786,893,107,0.107,0.03914068501256406
746,873,127,0.127,0.042894313630647954
764,882,118,0.118,0.04372796931210905
780,890,110,0.11,0.04443891407456249
760,880,120,0.12,0.04624015924707055
786,893,107,0.107,0.040183799617923795
856,928,72,0.072,0.034450501324608925
754,877,123,0.123,0.03290478827804327
752,876,124,0.124,0.03354192830156535
726,863,137,0.137,0.0437497191214934
742,871,129,0.129,0.04304081943351776
770,885,115,0.115,0.0447845221972093
762,881,119,0.119,0.04489138651173562
794,897,103,0.103,0.0341594909215346
734,867,133,0.133,0.03605427434062585
790,895,105,0.105,0.03111276177270338
752,876,124,0.124,0.03278583379462361
806,903,97,0.097,0.04779022862855345
704,852,148,0.148,0.05096280040964484
762,881,119,0.119,0.055236019673757256
722,861,139,0.139,0.05954468361660838
726,863,137,0.137,0.04689035253133625
758,879,121,0.121,0.045075507399626076
782,891,109,0.109,0.04197494841599837
838,919,81,0.081,0.03552345694229007
784,892,108,0.108,0.045922763772308826
792,896,104,0.104,0.04726302164793014
756,878,122,0.122,0.05289517298154533
758,879,121,0.121,0.06051775184459984
784,892,108,0.108,0.06027618770673871
770,885,115,0.115,0.06052426800318062
764,882,118,0.118,0.057761528763920066
736,868,132,0.132,0.05495782367326319
756,878,122,0.122,0.05749405712634325
740,870,130,0.13,0.05803914126101881
776,888,112,0.112,0.05964342248532921
794,897,103,0.103,0.061855123613029715
736,868,132,0.132,0.057460625655949116
826,913,87,0.087,0.05648997454158962
756,878,122,0.122,0.05143815876729786
834,917,83,0.083,0.04631276560947299
748,874,126,0.126,0.059125053986907004
750,875,125,0.125,0.061509362889453766
722,861,139,0.139,0.06588944532349705
740,870,130,0.13,0.06908557060733438
788,894,106,0.106,0.06992036490887403
790,895,105,0.105,0.07066034347377717
752,876,124,0.124,0.07124649944901466
780,890,110,0.11,0.06906313930265605
804,902,98,0.098,0.07539574180357159
682,841,159,0.159,0.08472914175875484
738,869,131,0.131,0.08622440860792994
754,877,123,0.123,0.0877032886762172
762,881,119,0.119,0.07768788724020123
752,876,124,0.124,0.07237766573764384
802,901,99,0.099,0.07057356956601143
716,858,142,0.142,0.07215810437686741
708,854,146,0.146,0.08152747559361159
748,874,126,0.126,0.08547855297848582
822,911,89,0.089,0.08709119348600507
760,880,120,0.12,0.09077103088796139
726,863,137,0.137,0.08264498860388994
746,873,127,0.127,0.0744684448055923
812,906,94,0.094,0.06825557442195714
742,871,129,0.129,0.07704610049538314
738,869,131,0.131,0.08510647097229958
792,896,104,0.104,0.08548222127184271
776,888,112,0.112,0.08104025460034608
678,839,161,0.161,0.08668345464393497
748,874,126,0.126,0.08767900006100536
736,868,132,0.132,0.09579116011783481
750,875,125,0.125,0.1070040826946497
756,878,122,0.122,0.10628044810146094
826,913,87,0.087,0.09193805021978915
810,905,95,0.095,0.0762038034889847
746,873,127,0.127,0.0674910513535142
700,850,150,0.15,0.07128394676186145
782,891,109,0.109,0.08371416715718806
826,913,87,0.087,0.0983424103744328
766,883,117,0.117,0.10658585845306516
726,863,137,0.137,0.1114297349601984
752,876,124,0.124,0.09988970441743732
698,849,151,0.151,0.0902472934871912
764,882,118,0.118,0.08662885533273221
748,874,126,0.126,0.08822094415687025
696,848,152,0.152,0.0931558913718909
776,888,112,0.112,0.09110753490030765
728,864,136,0.136,0.09651484292745591
724,862,138,0.138,0.09467191123962403
720,860,140,0.14,0.09842501904442906
798,899,101,0.101,0.09694946353510023
730,865,135,0.135,0.10399403613433242
742,871,129,0.129,0.10016695220023393
788,894,106,0.106,0.10041802709922194
782,891,109,0.109,0.08826745963469147
776,888,112,0.112,0.07982648148015141
706,853,147,0.147,0.08466760188341141
800,900,100,0.1,0.074352842874825
730,865,135,0.135,0.07530195145495236
814,907,93,0.093,0.07139087563380599
762,881,119,0.119,0.07552643763460219
776,888,112,0.112,0.07575672057457268
766,883,117,0.117,0.08268480310216546
830,915,85,0.085,0.07724220039695501
774,887,113,0.113,0.07421352451108396
750,875,125,0.125,0.07803347060643137
752,876,124,0.124,0.07781396754458547
778,889,111,0.111,0.07714547404833139
708,854,146,0.146,0.09016779724135995
778,889,111,0.111,0.09006318477168679
770,885,115,0.115,0.095686527274549
782,891,109,0.109,0.09283731302246451
754,877,123,0.123,0.09105649652145803
752,876,124,0.124,0.08912132454290986
744,872,128,0.128,0.08679172723740339
776,888,112,0.112,0.08842710707709193
764,882,118,0.118,0.09554152493923902
754,877,123,0.123,0.09878662664815784
796,898,102,0.102,0.09326586854085327
776,888,112,0.112,0.0942751049399376
766,883,117,0.117,0.08597573046945035
740,870,130,0.13,0.08193641357123851
726,863,137,0.137,0.09136050149425864
780,890,110,0.11,0.08671381827071309
744,872,128,0.128,0.09392458923906088
776,888,112,0.112,0.09309289318695664
746,873,127,0.127,0.08346896151825786
734,867,133,0.133,0.08476905018091202
724,862,138,0.138,0.08223549193143845
746,873,127,0.127,0.08398577530682087
734,867,133,0.133,0.08961781811714173
796,898,102,0.102,0.08522147532925009
780,890,110,0.11,0.08365000249259173
768,884,116,0.116,0.07986311615817249
766,883,117,0.117,0.07760491945967078
778,889,111,0.111,0.07583418319374323
716,858,142,0.142,0.08389776114933192
816,908,92,0.092,0.08079758722521364
704,852,148,0.148,0.09450468621216715
754,877,123,0.123,0.09318070762231946
748,874,126,0.126,0.09701825708150863
780,890,110,0.11,0.10156095451116562
724,862,138,0.138,0.12195714753493667
768,884,116,0.116,0.1147957981750369
734,867,133,0.133,0.12032302409783005
756,878,122,0.122,0.11646144533902407
718,859,141,0.141,0.11705883378908039
724,862,138,0.138,0.11433037128672004
754,877,123,0.123,0.11414665198326111
792,896,104,0.104,0.10847388057038188
762,881,119,0.119,0.10129021552950143
746,873,127,0.127,0.10039777493849397
776,888,112,0.112,0.09741868286579847
754,877,123,0.123,0.0960606111548841
780,890,110,0.11,0.09904996341094374
806,903,97,0.097,0.09961917629092931
744,872,128,0.128,0.10636432963982224
834,917,83,0.083,0.09651052274741233
762,881,119,0.119,0.08539738807454705
760,880,120,0.12,0.07817505591362715
814,907,93,0.093,0.0771706875283271
778,889,111,0.111,0.08302117589302362
742,871,129,0.129,0.0927417151518166
740,870,130,0.13,0.0930814753100276
788,894,106,0.106,0.08933935395255685
818,909,91,0.091,0.06903006382472814
704,852,148,0.148,0.06614852671138942
756,878,122,0.122,0.05456549593806267
756,878,122,0.122,0.058628786155954
776,888,112,0.112,0.05785302236489952
764,882,118,0.118,0.06396795141138137
806,903,97,0.097,0.061212149158120156
778,889,111,0.111,0.06165747724473476
786,893,107,0.107,0.05472280492261052
788,894,106,0.106,0.05088276587799191
774,887,113,0.113,0.0510009646024555
722,861,139,0.139,0.053492772722616794
840,920,80,0.08,0.04811218145675957
768,884,116,0.116,0.053151906315237286
818,909,91,0.091,0.04820926233381033
736,868,132,0.132,0.0536510151065886
788,894,106,0.106,0.05214376462250948
764,882,118,0.118,0.056475329477339985
720,860,140,0.14,0.059605000687763095
766,883,117,0.117,0.0593065926246345
754,877,123,0.123,0.05544250403344631
780,890,110,0.11,0.04973006225936115
736,868,132,0.132,0.05462174009904265
778,889,111,0.111,0.05499698891304433
780,890,110,0.11,0.061552839377895
782,891,109,0.109,0.062494410030543804
766,883,117,0.117,0.06315080768615007
772,886,114,0.114,0.06197514156252146
778,889,111,0.111,0.05871793278865516
834,917,83,0.083,0.05714656642265618
744,872,128,0.128,0.06477531287632883
780,890,110,0.11,0.06310762045532466
764,882,118,0.118,0.07547254197858275
790,895,105,0.105,0.07542005112860352
752,876,124,0.124,0.07797778539359569
718,859,141,0.141,0.08128861414082349
808,904,96,0.096,0.06497730635851622
802,901,99,0.099,0.06672461082786321
706,853,147,0.147,0.0746937362961471
770,885,115,0.115,0.07479408428817988
758,879,121,0.121,0.088871444221586
680,840,160,0.16,0.09688281442970037
814,907,93,0.093,0.08988432580977679
698,849,151,0.151,0.0942902135811746
786,893,107,0.107,0.07478488877974451
750,875,125,0.125,0.07324389572069048
754,877,123,0.123,0.06469353133346885
780,890,110,0.11,0.06398809044249355
768,884,116,0.116,0.06796804772503674
808,904,96,0.096,0.06668293628282845
764,882,118,0.118,0.07061612627282739
772,886,114,0.114,0.06556314709223807
754,877,123,0.123,0.05997223349660635
764,882,118,0.118,0.058390552176162604
746,873,127,0.127,0.0625705653578043
826,913,87,0.087,0.06414382512122392
768,884,116,0.116,0.07254264435358346
738,869,131,0.131,0.07450228111445904
768,884,116,0.116,0.06773362288810313
706,853,147,0.147,0.0661731446199119
730,865,135,0.135,0.06194980272091925
800,900,100,0.1,0.056890797171741725
732,866,134,0.134,0.05752891082968563
766,883,117,0.117,0.057350718485191465
768,884,116,0.116,0.06042373904213309
736,868,132,0.132,0.05951424492895603
730,865,135,0.135,0.05958194149658084
738,869,131,0.131,0.0552597954403609
774,887,113,0.113,0.0542679785490036
744,872,128,0.128,0.05510976976342499
720,860,140,0.14,0.06949823805876076
712,856,144,0.144,0.07255685201101005
796,898,102,0.102,0.06534742315113544
766,883,117,0.117,0.06767831284180284
768,884,116,0.116,0.057311292013153436
788,894,106,0.106,0.0506291053565219
722,861,139,0.139,0.056317126531153915
768,884,116,0.116,0.054742420813068744
808,904,96,0.096,0.05500478670559823
752,876,124,0.124,0.05775291559565812
752,876,124,0.124,0.0613909392375499
802,901,99,0.099,0.05623488633520901
768,884,116,0.116,0.05385502795223147
748,874,126,0.126,0.055192077800631525
666,833,167,0.167,0.06832963845692575
692,846,154,0.154,0.07626477896235884
774,887,113,0.113,0.08682580861262977
778,889,111,0.111,0.09412250753864645
798,899,101,0.101,0.0765874823089689
744,872,128,0.128,0.07042815597541631
804,902,98,0.098,0.04995722078625113
736,868,132,0.132,0.04468112885393202
816,908,92,0.092,0.04254229731345549
816,908,92,0.092,0.048963544618338344
766,883,117,0.117,0.05313392650242895
798,899,101,0.101,0.05518613449856639
786,893,107,0.107,0.047340216344222426
792,896,104,0.104,0.04165484779281542
846,923,77,0.077,0.036259334304369985
714,857,143,0.143,0.040927463452331725
750,875,125,0.125,0.04783221316151321
792,896,104,0.104,0.04776534841582179
780,890,110,0.11,0.05120232896786183
742,871,129,0.129,0.05394415447115898
774,887,113,0.113,0.047484865739941595
794,897,103,0.103,0.04374192176572979
780,890,110,0.11,0.04488089437782764
704,852,148,0.148,0.04446925010439008
784,892,108,0.108,0.04353479875251651
738,869,131,0.131,0.04456269269250333
786,893,107,0.107,0.04323625226411969
750,875,125,0.125,0.04356790709774941
838,919,81,0.081,0.03952460854128003
786,893,107,0.107,0.0403210760736838
704,852,148,0.148,0.041464653060771524
764,882,118,0.118,0.036455935849808156
784,892,108,0.108,0.03735143097490072
756,878,122,0.122,0.03919145502801984
746,873,127,0.127,0.042043363304808734
762,881,119,0.119,0.04336042749229819
762,881,119,0.119,0.03902430794946849
776,888,112,0.112,0.03763241268601269
772,886,114,0.114,0.037655095398426056
742,871,129,0.129,0.037126242908649146
774,887,113,0.113,0.03703836595080793
800,900,100,0.1,0.034384778978303075
782,891,109,0.109,0.03422786111570895
784,892,108,0.108,0.03171901974733919
764,882,118,0.118,0.03149798305798322
796,898,102,0.102,0.03017459987476468
814,907,93,0.093,0.030781882230192424
766,883,117,0.117,0.03325014368537813
820,910,90,0.09,0.029240508338436486
778,889,111,0.111,0.028116647243499757
746,873,127,0.127,0.02979585605021566
742,871,129,0.129,0.031567103325389326
732,866,134,0.134,0.03183642441406846
754,877,123,0.123,0.03187369697913527
708,854,146,0.146,0.033116663055494426
760,880,120,0.12,0.026475283471867443
798,899,101,0.101,0.021233543741051106
752,876,124,0.124,0.02160106247710064
804,902,98,0.098,0.01940410255989991
738,869,131,0.131,0.019985327190253883
798,899,101,0.101,0.018346354917157442
754,877,123,0.123,0.020620829289313407
690,845,155,0.155,0.022281466940883548
722,861,139,0.139,0.023829937115311624
786,893,107,0.107,0.022259708033874632
752,876,124,0.124,0.020458971914835273
788,894,106,0.106,0.020129976455587895
794,897,103,0.103,0.016567863275762647
724,862,138,0.138,0.017542194807669147
844,922,78,0.078,0.015473691337741912
832,916,84,0.084,0.015779702682513743
792,896,104,0.104,0.01566277254233137
748,874,126,0.126,0.01735425138915889
776,888,112,0.112,0.019810702672461048
708,854,146,0.146,0.023330948442220688
760,880,120,0.12,0.025623742685653268
736,868,132,0.132,0.02620800351444632
766,883,117,0.117,0.02138087243307382
776,888,112,0.112,0.02042471580207348
766,883,117,0.117,0.014977262066910043
710,855,145,0.145,0.016420942278578876
770,885,115,0.115,0.01979034797148779
720,860,140,0.14,0.02128776886354899
734,867,133,0.133,0.027100879403762518
722,861,139,0.139,0.02763383691944182
780,890,110,0.11,0.026181878365576266
804,902,98,0.098,0.02453483903966844
798,899,101,0.101,0.018394234434468672
734,867,133,0.133,0.019788037858437746
736,868,132,0.132,0.015669358727522193
802,901,99,0.099,0.015504094493808225
768,884,116,0.116,0.021441338891279884
738,869,131,0.131,0.02179610613081604
742,871,129,0.129,0.025079059230163694
792,896,104,0.104,0.022760985342320055
768,884,116,0.116,0.01939814626169391
774,887,113,0.113,0.018893778338097036
752,876,124,0.124,0.016155242821201683
770,885,115,0.115,0.016221384703181685
792,896,104,0.104,0.01724288567341864
770,885,115,0.115,0.017479777906322852
778,889,111,0.111,0.01696047049295157
762,881,119,0.119,0.017531712082913146
816,908,92,0.092,0.015963974230457097
768,884,116,0.116,0.018041143777314573
792,896,104,0.104,0.01893718788959086
748,874,126,0.126,0.020282258728519083
732,866,134,0.134,0.01893945681769401
792,896,104,0.104,0.01788407276943326
750,875,125,0.125,0.017392935459502042
800,900,100,0.1,0.015778483531437813
772,886,114,0.114,0.01767314212815836
748,874,126,0.126,0.019609916587825866
736,868,132,0.132,0.022393596063833683
778,889,111,0.111,0.021106315994635225
762,881,119,0.119,0.023222941586282103
794,897,103,0.103,0.020788964889012277
752,876,124,0.124,0.018998653315706177
750,875,125,0.125,0.018274816814344376
766,883,117,0.117,0.016831403937656433
782,891,109,0.109,0.019613709448836746
790,895,105,0.105,0.023951645981054752
724,862,138,0.138,0.026413357394747435
724,862,138,0.138,0.028787682101130484
780,890,110,0.11,0.023676413549110292
742,871,129,0.129,0.02273227786272764
734,867,133,0.133,0.02220293326349929
772,886,114,0.114,0.020893598812632263
738,869,131,0.131,0.022299871596507728
746,873,127,0.127,0.023359998408239335
768,884,116,0.116,0.02355049011297524
792,896,104,0.104,0.02321381350373849
698,849,151,0.151,0.023556721701286733
718,859,141,0.141,0.023278162761591375
778,889,111,0.111,0.020722111439332367
754,877,123,0.123,0.019794854058651255
760,880,120,0.12,0.01863222332345322
802,901,99,0.099,0.017275261159753426
682,841,159,0.159,0.018684632095508278
774,887,113,0.113,0.020506340405903756
790,895,105,0.105,0.0238316284250468
746,873,127,0.127,0.025266767130233347
778,889,111,0.111,0.02383595294179395
772,886,114,0.114,0.018938289314159192
724,862,138,0.138,0.016276836657081732
766,883,117,0.117,0.016065042038913815
766,883,117,0.117,0.017793976819142698
752,876,124,0.124,0.02407281733304262
750,875,125,0.125,0.02566294073034078
700,850,150,0.15,0.027973809350281955
718,859,141,0.141,0.025631402232218534
736,868,132,0.132,0.023471660033799708
756,878,122,0.122,0.02097389569459483
804,902,98,0.098,0.018947530444711445
714,857,143,0.143,0.020665769465267658
748,874,126,0.126,0.01919811315461993
826,913,87,0.087,0.014623234320199118
802,901,99,0.099,0.014418847582070156
750,875,125,0.125,0.015134743073955178
726,863,137,0.137,0.01502135297958739
798,899,101,0.101,0.018328493708744644
734,867,133,0.133,0.01967700527375564
790,895,105,0.105,0.020926604150328786
670,835,165,0.165,0.02239822658477351
752,876,124,0.124,0.016666047404520212
724,862,138,0.138,0.016845163493417203
768,884,116,0.116,0.017591140387114138
732,866,134,0.134,0.018706700588576496
772,886,114,0.114,0.016282997181173414
780,890,110,0.11,0.016241031417157503
774,887,113,0.113,0.01406688815751113
762,881,119,0.119,0.013796487062820233
754,877,123,0.123,0.016855859629111365
754,877,123,0.123,0.01669326887000352
774,887,113,0.113,0.017937191215576603
754,877,123,0.123,0.018377719993237406
702,851,149,0.149,0.015826254785526545
812,906,94,0.094,0.01294584014825523
772,886,114,0.114,0.013622709010960535
730,865,135,0.135,0.014305400347104296
710,855,145,0.145,0.01738998701190576
716,858,142,0.142,0.01674753558402881
750,875,125,0.125,0.01622576249134727
758,879,121,0.121,0.016372121169697492
756,878,122,0.122,0.016398192828521133
668,834,166,0.166,0.018069934791885317
708,854,146,0.146,0.01805853019747883
746,873,127,0.127,0.016934732597321273
762,881,119,0.119,0.01747799323545769
760,880,120,0.12,0.016776721559930593
802,901,99,0.099,0.016695512049132957
746,873,127,0.127,0.018039744656765833
664,832,168,0.168,0.017829803955508396
776,888,112,0.112,0.015535340884933248
768,884,116,0.116,0.016796988525660708
760,880,120,0.12,0.017345517002046108
684,842,158,0.158,0.021843713198788466
700,850,150,0.15,0.02127171090664342
756,878,122,0.122,0.018079595988150687
762,881,119,0.119,0.01748781404644251
714,857,143,0.143,0.018076155363582074
814,907,93,0.093,0.016136653730995022
804,902,98,0.098,0.01470390573120676
774,887,113,0.113,0.015903397513669915
724,862,138,0.138,0.015144070023670792
738,869,131,0.131,0.01609480293141678
768,884,116,0.116,0.015790192043874413
756,878,122,0.122,0.015446824131533504
766,883,117,0.117,0.014841752969194204
798,899,101,0.101,0.014218371346127242
768,884,116,0.116,0.014843066004570573
776,888,112,0.112,0.014080029318341986
714,857,143,0.143,0.017254963696002962
772,886,114,0.114,0.015917203766759484
770,885,115,0.115,0.01607965690130368
768,884,116,0.116,0.01757482206262648
768,884,116,0.116,0.01710212865052745
786,893,107,0.107,0.016532460152171552
796,898,102,0.102,0.016250006212387234
744,872,128,0.128,0.01812276774458587
800,900,100,0.1,0.016270602147560567
750,875,125,0.125,0.016678461597301065
784,892,108,0.108,0.015619275534991175
764,882,118,0.118,0.015698521696496756
780,890,110,0.11,0.015737214046064766
718,859,141,0.141,0.019281347540207206
752,876,124,0.124,0.02021632279502228
790,895,105,0.105,0.019045529854949565
772,886,114,0.114,0.019272986096329988
768,884,116,0.116,0.018320203834213317
798,899,101,0.101,0.015239346913062037
758,879,121,0.121,0.0159347228044644
790,895,105,0.105,0.016714825977571308
736,868,132,0.132,0.020921140600927174
784,892,108,0.108,0.021804623366333546
792,896,104,0.104,0.020293642670847475
750,875,125,0.125,0.02182204005587846
786,893,107,0.107,0.0187988488022238
720,860,140,0.14,0.020530079029966147
798,899,101,0.101,0.01923425249848515
790,895,105,0.105,0.02665262212883681
710,855,145,0.145,0.02596092124423012
806,903,97,0.097,0.025895958917215467
816,908,92,0.092,0.02417010205704719
696,848,152,0.152,0.02161175420321524
758,879,121,0.121,0.019938536658417435
804,902,98,0.098,0.02001998477661982
806,903,97,0.097,0.020340691877063364
732,866,134,0.134,0.022471721418667583
784,892,108,0.108,0.021350690349470822
754,877,123,0.123,0.020160761336330324
776,888,112,0.112,0.018753006838727743
746,873,127,0.127,0.01812895415723324
774,887,113,0.113,0.017054568223655225
760,880,120,0.12,0.01754513292061165
772,886,114,0.114,0.01733006158657372
756,878,122,0.122,0.017771709645166993
786,893,107,0.107,0.016299183805007486
822,911,89,0.089,0.013295382310636341
794,897,103,0.103,0.013903683317359536
784,892,108,0.108,0.01179776008031331
734,867,133,0.133,0.015455745910760016
748,874,126,0.126,0.021595064386492595
780,890,110,0.11,0.027276335186325013
776,888,112,0.112,0.024325827720575035
726,863,137,0.137,0.023986052463762463
778,889,111,0.111,0.015288966164196609
850,925,75,0.075,0.01250898617738858
778,889,111,0.111,0.012942375108017587
778,889,111,0.111,0.012287312819855288
776,888,112,0.112,0.013417424685554579
808,904,96,0.096,0.013136864910949952
814,907,93,0.093,0.013442187637556344
764,882,118,0.118,0.01212422653939575
816,908,92,0.092,0.010582918857689947
732,866,134,0.134,0.012125225997064263
790,895,105,0.105,0.011451520815957338
782,891,109,0.109,0.013732488099718467
812,906,94,0.094,0.01363536226702854
796,898,102,0.102,0.0139935030748602
766,883,117,0.117,0.013556667968863621
758,879,121,0.121,0.012354060076409951
742,871,129,0.129,0.01109896097634919
810,905,95,0.095,0.011027227647835388
740,870,130,0.13,0.012610974167939276
696,848,152,0.152,0.014923404649831355
750,875,125,0.125,0.015315548642538488
766,883,117,0.117,0.013589504424016923
782,891,109,0.109,0.013545208577997982
792,896,104,0.104,0.012093019145191647
782,891,109,0.109,0.011788911119569093
734,867,133,0.133,0.01313921784935519
780,890,110,0.11,0.013157378022326156
786,893,107,0.107,0.013711070307530463
762,881,119,0.119,0.013152100662468
670,835,165,0.165,0.014945938926190137
732,866,134,0.134,0.01358551396522671
740,870,130,0.13,0.01405188862956129
720,860,140,0.14,0.016524620352545753
788,894,106,0.106,0.015005074768792839
750,875,125,0.125,0.015210323576349764
748,874,126,0.126,0.01452448710333556
696,848,152,0.152,0.012135770360007882
790,895,105,0.105,0.01080584809044376
812,906,94,0.094,0.01058543171873316
736,868,132,0.132,0.012213159402133897
770,885,115,0.115,0.011321914711501449
778,889,111,0.111,0.009994978460250423
736,868,132,0.132,0.01109387655626051
702,851,149,0.149,0.011134955049026757
778,889,111,0.111,0.010015978718409315
804,902,98,0.098,0.00720655516453553
748,874,126,0.126,0.007410954539082013
788,894,106,0.106,0.007127938355784863
704,852,148,0.148,0.007551663369056769
808,904,96,0.096,0.009981918742065318
726,863,137,0.137,0.011346083432203159
754,877,123,0.123,0.011254187760991045
786,893,107,0.107,0.013023289436707273
766,883,117,0.117,0.010971113377250732
764,882,118,0.118,0.010758192336419597
668,834,166,0.166,0.011988441054476426
728,864,136,0.136,0.009980931523139589
762,881,119,0.119,0.011746127180173063
728,864,136,0.136,0.013559313112404197
776,888,112,0.112,0.013746385065838694
738,869,131,0.131,0.01313998051197268
802,901,99,0.099,0.00913551571208518
778,889,111,0.111,0.008172725982236444
752,876,124,0.124,0.008742140543297864
790,895,105,0.105,0.006852979867020622
766,883,117,0.117,0.007932087417226284
794,897,103,0.103,0.008294517157017253
740,870,130,0.13,0.009814041964127683
722,861,139,0.139,0.011528382710646838
696,848,152,0.152,0.012946965212002396
744,872,128,0.128,0.012572329229209572
734,867,133,0.133,0.012369444270152598
766,883,117,0.117,0.01095195265347138
752,876,124,0.124,0.009360150589141995
802,901,99,0.099,0.008872331748832948
696,848,152,0.152,0.009981423274613916
794,897,103,0.103,0.0075926597238285464
798,899,101,0.101,0.00881524516607169
756,878,122,0.122,0.009081829186878167
788,894,106,0.106,0.009477497285231947
768,884,116,0.116,0.009172543681692333
770,885,115,0.115,0.007415823136689141
820,910,90,0.09,0.006647368299541995
758,879,121,0.121,0.007292891279910691
702,851,149,0.149,0.009568921438069082
782,891,109,0.109,0.012127314629266039
772,886,114,0.114,0.013264027633937076
790,895,105,0.105,0.012339664716273546
786,893,107,0.107,0.011152157347183675
746,873,127,0.127,0.00791414491168689
752,876,124,0.124,0.00817383550433442
776,888,112,0.112,0.007885043528163806
746,873,127,0.127,0.010130839852034114
768,884,116,0.116,0.012454711919650436
826,913,87,0.087,0.010810575912357307
830,915,85,0.085,0.009898567774100229
754,877,123,0.123,0.009231683808960951
820,910,90,0.09,0.006530947595660109
706,853,147,0.147,0.0089297178091947
706,853,147,0.147,0.011179467341979034
754,877,123,0.123,0.015644747123587877
750,875,125,0.125,0.01979029191005975
724,862,138,0.138,0.018802812256617472
756,878,122,0.122,0.017233088584383948
764,882,118,0.118,0.014583849645685404
794,897,103,0.103,0.008623989175423048
768,884,116,0.116,0.0082798733265372
788,894,106,0.106,0.007499300799914636
800,900,100,0.1,0.008339664821629412
738,869,131,0.131,0.012741716670570896
806,903,97,0.097,0.013127742901793681
786,893,107,0.107,0.013548782046884299
726,863,137,0.137,0.015410521546145901
776,888,112,0.112,0.010897305331076496
812,906,94,0.094,0.00989878023590427
776,888,112,0.112,0.008579999566660263
740,870,130,0.13,0.008751818866468966
786,893,107,0.107,0.010913055040640756
748,874,126,0.126,0.01349312870646827
758,879,121,0.121,0.016447097609750928
692,846,154,0.154,0.019055361541919412
758,879,121,0.121,0.016384116017259656
728,864,136,0.136,0.015685804679989816
778,889,111,0.111,0.011548853173968383
786,893,107,0.107,0.010301165550015867
728,864,136,0.136,0.009123301167506724
780,890,110,0.11,0.009339118491043337
754,877,123,0.123,0.011793132027145475
748,874,126,0.126,0.012678244564332999
824,912,88,0.088,0.012482880741357803
718,859,141,0.141,0.01341485507762991
742,871,129,0.129,0.010933074400760233
822,911,89,0.089,0.009664987004245632
772,886,114,0.114,0.009121427880134434
792,896,104,0.104,0.010001990132499486
780,890,110,0.11,0.012140139316907153
730,865,135,0.135,0.0132891892765183
794,897,103,0.103,0.014775018067331985
698,849,151,0.151,0.017185474793659523
746,873,127,0.127,0.016373038132674992
694,847,153,0.153,0.016995310126803817
744,872,128,0.128,0.013589783632196486
754,877,123,0.123,0.011541440174332819
814,907,93,0.093,0.009192134548677131
764,882,118,0.118,0.009671059087035246
814,907,93,0.093,0.007858652368653565
800,900,100,0.1,0.009323664079071023
760,880,120,0.12,0.009716316169593483
878,939,61,0.061,0.007245342478970997
772,886,114,0.114,0.009062019408214838
812,906,94,0.094,0.008792055277503095
734,867,133,0.133,0.01085461081448011
794,897,103,0.103,0.00923986975545995
766,883,117,0.117,0.013176099440082908
698,849,151,0.151,0.014688889432698488
740,870,130,0.13,0.013811087763868272
774,887,113,0.113,0.012709872745675966
748,874,126,0.126,0.01473914070148021
732,866,134,0.134,0.015394621049053966
756,878,122,0.122,0.01487440568394959
810,905,95,0.095,0.013864173518959433
824,912,88,0.088,0.012040085047949105
686,843,157,0.157,0.012926956839393825
804,902,98,0.098,0.010721750953933224
806,903,97,0.097,0.010495139117236249
812,906,94,0.094,0.011461631105979905
772,886,114,0.114,0.014261959510622545
800,900,100,0.1,0.011996121222851798
800,900,100,0.1,0.011912843681871892
822,911,89,0.089,0.010498978108400479
720,860,140,0.14,0.012324031889322214
740,870,130,0.13,0.011869090013206005
772,886,114,0.114,0.012693059585988521
796,898,102,0.102,0.014390458514448255
772,886,114,0.114,0.015803225841838867
768,884,116,0.116,0.0166662848838605
760,880,120,0.12,0.016569412868935617
770,885,115,0.115,0.014881031258497388
722,861,139,0.139,0.01447152657341212
776,888,112,0.112,0.013175460721366107
814,907,93,0.093,0.012127849530661478
820,910,90,0.09,0.011951039048843086
738,869,131,0.131,0.014623881726758554
794,897,103,0.103,0.013065285606309771
796,898,102,0.102,0.014536542703863233
744,872,128,0.128,0.016819037907756865
782,891,109,0.109,0.019300357007887216
804,902,98,0.098,0.017719399861060085
744,872,128,0.128,0.01768908683792688
806,903,97,0.097,0.01503405810566619
716,858,142,0.142,0.013642829448683187
754,877,123,0.123,0.013418216910446062
750,875,125,0.125,0.015317324551520869
764,882,118,0.118,0.017880002559162677
858,929,71,0.071,0.017352477509062738
786,893,107,0.107,0.01809566131979227
724,862,138,0.138,0.018361880925484002
820,910,90,0.09,0.015945780272362754
742,871,129,0.129,0.015817496925592422
736,868,132,0.132,0.01785485036112368
720,860,140,0.14,0.021537530516972766
732,866,134,0.134,0.023160890080034732
818,909,91,0.091,0.022847887750249356
770,885,115,0.115,0.022885248598642646
760,880,120,0.12,0.01917719962447882
772,886,114,0.114,0.017836479350924493
732,866,134,0.134,0.01839432919071987
750,875,125,0.125,0.020256320499349386
716,858,142,0.142,0.02317720644781366
788,894,106,0.106,0.022241228298749773
750,875,125,0.125,0.021930934112053366
770,885,115,0.115,0.021156238542869688
764,882,118,0.118,0.021988768202252686
768,884,116,0.116,0.02066661837371066
756,878,122,0.122,0.023301275216508658
786,893,107,0.107,0.023663292547455056
762,881,119,0.119,0.026299328500404954
752,876,124,0.124,0.02742715840227902
778,889,111,0.111,0.02342935840273276
784,892,108,0.108,0.02020531576452777
792,896,104,0.104,0.01998609041189775
746,873,127,0.127,0.020040387315675617
750,875,125,0.125,0.020446011578198524
776,888,112,0.112,0.021568077315343544
794,897,103,0.103,0.02306043936498463
772,886,114,0.114,0.024011021981947125
800,900,100,0.1,0.024030828202143313
738,869,131,0.131,0.023853251359891147
824,912,88,0.088,0.018569877655245363
744,872,128,0.128,0.021143454380333424
826,913,87,0.087,0.019854155047331006
714,857,143,0.143,0.02472687624534592
810,905,95,0.095,0.025856986538041384
770,885,115,0.115,0.025649681915994732
724,862,138,0.138,0.02743137426767498
724,862,138,0.138,0.025970358096063136
814,907,93,0.093,0.021944718533661218
762,881,119,0.119,0.023326313747093083
752,876,124,0.124,0.02515922958124429
806,903,97,0.097,0.026457319417968393
832,916,84,0.084,0.024974665252957492
776,888,112,0.112,0.024689326249063014
748,874,126,0.126,0.02465943705663085
782,891,109,0.109,0.020760721488855778
802,901,99,0.099,0.020187041268218308
766,883,117,0.117,0.023694280800875277
704,852,148,0.148,0.028402901410125195
840,920,80,0.08,0.027398896406404673
780,890,110,0.11,0.029300799556076527
744,872,128,0.128,0.027218888832023367
722,861,139,0.139,0.023891632700804622
826,913,87,0.087,0.019739036006852985
790,895,105,0.105,0.022664311935659497
774,887,113,0.113,0.026478738445788623
750,875,125,0.125,0.030059812895953657
780,890,110,0.11,0.030213178714737297
724,862,138,0.138,0.03306839431449771
750,875,125,0.125,0.029306873617693782
740,870,130,0.13,0.027140765750780702
838,919,81,0.081,0.019254264162620528
742,871,129,0.129,0.019992440056055785
758,879,121,0.121,0.01839706584572559
812,906,94,0.094,0.01868057448323816
782,891,109,0.109,0.023194344723131508
752,876,124,0.124,0.02648629622813314
812,906,94,0.094,0.026185613567940892
784,892,108,0.108,0.025817151797004043
738,869,131,0.131,0.02237887921743095
742,871,129,0.129,0.021679082576651125
798,899,101,0.101,0.02218572627659887
788,894,106,0.106,0.023667404997162522
768,884,116,0.116,0.027916994525585322
784,892,108,0.108,0.028668592535890637
748,874,126,0.126,0.030147705411072822
776,888,112,0.112,0.030299216838087888
796,898,102,0.102,0.025325507229659705
814,907,93,0.093,0.02417779137380421
730,865,135,0.135,0.029855648655444385
814,907,93,0.093,0.026098836309742184
802,901,99,0.099,0.038712224233429876
750,875,125,0.125,0.04582329841237515
732,866,134,0.134,0.0519664365015924
750,875,125,0.125,0.051180979067459706
814,907,93,0.093,0.04449882465414703
766,883,117,0.117,0.04518733479641378
782,891,109,0.109,0.047089451510459186
756,878,122,0.122,0.04539558186940849
710,855,145,0.145,0.054628373216837646
786,893,107,0.107,0.059646772736683486
810,905,95,0.095,0.06351729197986423
758,879,121,0.121,0.06592220384255051
762,881,119,0.119,0.06525438643060624
788,894,106,0.106,0.05589640183933079
834,917,83,0.083,0.05140091653354466
684,842,158,0.158,0.060110166342929004
768,884,116,0.116,0.06443685012497008
722,861,139,0.139,0.08027233345806599
706,853,147,0.147,0.08803817538172007
766,883,117,0.117,0.08652000919729472
772,886,114,0.114,0.08571284773573279
770,885,115,0.115,0.07510563139244913
714,857,143,0.143,0.06986554337292909
692,846,154,0.154,0.07620623345673085
808,904,96,0.096,0.0669129204005003
774,887,113,0.113,0.07554469246603548
738,869,131,0.131,0.08511739839985967
718,859,141,0.141,0.08804671699553727
792,896,104,0.104,0.0843755032196641
706,853,147,0.147,0.09365961334854364
788,894,106,0.106,0.0826644025966525
744,872,128,0.128,0.08584813795238733
720,860,140,0.14,0.07827242548018694
766,883,117,0.117,0.07149695396237075
732,866,134,0.134,0.07730090451613068
756,878,122,0.122,0.07514800960943104
768,884,116,0.116,0.07366689267382026
782,891,109,0.109,0.07797439362108707
784,892,108,0.108,0.0746225295830518
800,900,100,0.1,0.07115230327285826
722,861,139,0.139,0.07020935832709074
828,914,86,0.086,0.05767372285760939
682,841,159,0.159,0.06975641896203161
820,910,90,0.09,0.061804008113220336
752,876,124,0.124,0.07260313949733972
776,888,112,0.112,0.07996234159916639
764,882,118,0.118,0.07749718776158988
764,882,118,0.118,0.07467248021438717
836,918,82,0.082,0.06912250153534115
806,903,97,0.097,0.06957828284054994
752,876,124,0.124,0.08479095899313688
712,856,144,0.144,0.08987511802837253
738,869,131,0.131,0.09635246416926384
706,853,147,0.147,0.10902718203887343
822,911,89,0.089,0.0991348186135292
784,892,108,0.108,0.10417319025099278
740,870,130,0.13,0.09961058221012353
766,883,117,0.117,0.09713789546489715
728,864,136,0.136,0.10602565912157297
830,915,85,0.085,0.09962078190967441
744,872,128,0.128,0.11003752461448311
760,880,120,0.12,0.1052665576711297
778,889,111,0.111,0.09838076397031546
762,881,119,0.119,0.09914999755099416
766,883,117,0.117,0.09633571709506214
758,879,121,0.121,0.1125640185661614
724,862,138,0.138,0.1177113949842751
694,847,153,0.153,0.12302106226980686
778,889,111,0.111,0.11661487167328596
804,902,98,0.098,0.10708583300560713
728,864,136,0.136,0.11162803705409169
748,874,126,0.126,0.10302738494798541
774,887,113,0.113,0.09872534009814263
836,918,82,0.082,0.06919333295710385
732,866,134,0.134,0.0767694252692163
826,913,87,0.087,0.07139235654473305
794,897,103,0.103,0.07197671241126954
778,889,111,0.111,0.09621953462809324
682,841,159,0.159,0.10886107421293854
718,859,141,0.141,0.11075816041603684
720,860,140,0.14,0.11064549762010574
714,857,143,0.143,0.11946124886721372
712,856,144,0.144,0.11274713604524732
772,886,114,0.114,0.10484672815352679
774,887,113,0.113,0.10434727820008993
780,890,110,0.11,0.10540986739471554
848,924,76,0.076,0.10053193948045373
762,881,119,0.119,0.1086663134507835
770,885,115,0.115,0.10755793565511704
716,858,142,0.142,0.12810847777873277
810,905,95,0.095,0.12042036483064295
800,900,100,0.1,0.12814237404614687
776,888,112,0.112,0.1324624170139432
754,877,123,0.123,0.1585104079321027
760,880,120,0.12,0.16625968819856643
692,846,154,0.154,0.17763547502458096
770,885,115,0.115,0.1752919466495514
768,884,116,0.116,0.19036756958812476
824,912,88,0.088,0.17832051899284124
726,863,137,0.137,0.19164120189845563
736,868,132,0.132,0.18639707175642253
736,868,132,0.132,0.19088142497092486
730,865,135,0.135,0.1965827233567834
740,870,130,0.13,0.20359572745114565
724,862,138,0.138,0.20707204979658128
750,875,125,0.125,0.19333028515428305
756,878,122,0.122,0.1849715754799545
732,866,134,0.134,0.17794216360896825
782,891,109,0.109,0.1680169740691781
828,914,86,0.086,0.11530659767985343
772,886,114,0.114,0.12494626931473612
736,868,132,0.132,0.12016868897527457
708,854,146,0.146,0.11752657298371195
758,879,121,0.121,0.11594552895799279
742,871,129,0.129,0.11498764139413833
766,883,117,0.117,0.1138823940679431
742,871,129,0.129,0.10654206951707601
790,895,105,0.105,0.08350261650793254
756,878,122,0.122,0.0886522795110941
752,876,124,0.124,0.08353994538262487
800,900,100,0.1,0.07264817690849304
778,889,111,0.111,0.06796710488200187
786,893,107,0.107,0.06983681602589786
794,897,103,0.103,0.07131673868745565
730,865,135,0.135,0.08044227327033877
756,878,122,0.122,0.0839549174271524
756,878,122,0.122,0.08540333849936724
794,897,103,0.103,0.08113958490639925
762,881,119,0.119,0.08224875261075795
764,882,118,0.118,0.08714082325994968
760,880,120,0.12,0.09236612129583954
732,866,134,0.134,0.10142821748927236
712,856,144,0.144,0.11265548096224666
730,865,135,0.135,0.1123718791231513
740,870,130,0.13,0.11091745099425315
750,875,125,0.125,0.10011694680154323
724,862,138,0.138,0.09074620379135012
796,898,102,0.102,0.07992405242845416
714,857,143,0.143,0.08085659819096327
762,881,119,0.119,0.07915318140015005
758,879,121,0.121,0.08199086902663112
712,856,144,0.144,0.08890539912879467
772,886,114,0.114,0.08108147637173534
746,873,127,0.127,0.08083690787106752
728,864,136,0.136,0.07731617772951722
744,872,128,0.128,0.07558565037325024
752,876,124,0.124,0.07083590743690729
780,890,110,0.11,0.07177641709521412
724,862,138,0.138,0.07441203335672616
704,852,148,0.148,0.07838606979697943
788,894,106,0.106,0.07242219330742955
800,900,100,0.1,0.06686617371067405
808,904,96,0.096,0.06464376665093005
780,890,110,0.11,0.06943136484734715
776,888,112,0.112,0.0692374488376081
792,896,104,0.104,0.07276574588380753
780,890,110,0.11,0.07995338743925094
750,875,125,0.125,0.08371426005288958
760,880,120,0.12,0.08478909393399954
752,876,124,0.124,0.08863917964696884
690,845,155,0.155,0.10884828536212444
790,895,105,0.105,0.10957966770604252
722,861,139,0.139,0.12388639184087515
722,861,139,0.139,0.13031400921940803
736,868,132,0.132,0.12869437781348825
754,877,123,0.123,0.12654989831894636
752,876,124,0.124,0.1226458377763629
802,901,99,0.099,0.11040449516847729
750,875,125,0.125,0.11226791746541857
762,881,119,0.119,0.10555539460107684
792,896,104,0.104,0.10269237308949232
742,871,129,0.129,0.1008028375543654
730,865,135,0.135,0.10658329188078641
790,895,105,0.105,0.10438721909373999
786,893,107,0.107,0.10658443173393607
784,892,108,0.108,0.10570071703195572
728,864,136,0.136,0.09457487392053009
754,877,123,0.123,0.08942247858643532
800,900,100,0.1,0.0849675289876759
764,882,118,0.118,0.09855158336088062
738,869,131,0.131,0.1059827152825892
800,900,100,0.1,0.0979927550032735
724,862,138,0.138,0.10024809968844056
786,893,107,0.107,0.088656015150249
748,874,126,0.126,0.08083304758742452
780,890,110,0.11,0.07740859232284128
748,874,126,0.126,0.08056544932164252
804,902,98,0.098,0.07853558337315918
730,865,135,0.135,0.09176750694587826
798,899,101,0.101,0.0888037623167038
778,889,111,0.111,0.08909874703735113
752,876,124,0.124,0.08555516740307212
684,842,158,0.158,0.0863764307834208
740,870,130,0.13,0.08821885580569505
726,863,137,0.137,0.08897187240421772
780,890,110,0.11,0.09221991645544768
760,880,120,0.12,0.09081309239938855
722,861,139,0.139,0.08839523864164948
764,882,118,0.118,0.0824410996735096
816,908,92,0.092,0.07064991610497236
776,888,112,0.112,0.07013969422318041
772,886,114,0.114,0.07369244760274887
794,897,103,0.103,0.06895581142231821
784,892,108,0.108,0.06847196612134576
794,897,103,0.103,0.07236674725450576
758,879,121,0.121,0.07364357315935194
782,891,109,0.109,0.07330815438553691
750,875,125,0.125,0.07424724866077304
766,883,117,0.117,0.06858092614263296
786,893,107,0.107,0.06827766809798777
800,900,100,0.1,0.0567071198746562
804,902,98,0.098,0.05556207416020334
804,902,98,0.098,0.05417563817091286
788,894,106,0.106,0.05492676136270165
798,899,101,0.101,0.05524994096532464
764,882,118,0.118,0.0604183247089386
780,890,110,0.11,0.06602293690294027
716,858,142,0.142,0.06906566365808249
722,861,139,0.139,0.08466910970583558
700,850,150,0.15,0.09112210545316339
742,871,129,0.129,0.0880936273932457
784,892,108,0.108,0.08516460695117713
718,859,141,0.141,0.07519645929150283
750,875,125,0.125,0.07027255291491746
808,904,96,0.096,0.0635353534054011
808,904,96,0.096,0.06249475515261292
782,891,109,0.109,0.06625107205659152
704,852,148,0.148,0.07478206115216017
724,862,138,0.138,0.07597818832099437
792,896,104,0.104,0.07135456983372569
760,880,120,0.12,0.0787767429947853
702,851,149,0.149,0.08139736809581519
696,848,152,0.152,0.0810178608559072
816,908,92,0.092,0.06971880539134145
838,919,81,0.081,0.06368254417739809
782,891,109,0.109,0.06302999449707568
802,901,99,0.099,0.061061661561951044
740,870,130,0.13,0.06949889609031379
744,872,128,0.128,0.07799356874637306
738,869,131,0.131,0.08365593700110913
758,879,121,0.121,0.08238861729949713
800,900,100,0.1,0.07910523089766502
732,866,134,0.134,0.072376593131572
778,889,111,0.111,0.0632529188208282
788,894,106,0.106,0.052483988508582116
748,874,126,0.126,0.05284724498540163
824,912,88,0.088,0.049049929870292545
786,893,107,0.107,0.05692013084888458
744,872,128,0.128,0.06354489067569374
762,881,119,0.119,0.06261729105375707
774,887,113,0.113,0.05840420440211892
718,859,141,0.141,0.05551532175019384
746,873,127,0.127,0.04865666021965444
744,872,128,0.128,0.05172837134078145
776,888,112,0.112,0.051351973267272116
722,861,139,0.139,0.056290236443281176
690,845,155,0.155,0.06491273893415928
772,886,114,0.114,0.0606983356308192
752,876,124,0.124,0.05877325391583145
762,881,119,0.119,0.05035702214390039
788,894,106,0.106,0.04483687974698842
722,861,139,0.139,0.04757216912601143
706,853,147,0.147,0.04975862369686365
754,877,123,0.123,0.05674940421245992
806,903,97,0.097,0.05556891624350101
758,879,121,0.121,0.05578538763709366
816,908,92,0.092,0.05284554827958345
778,889,111,0.111,0.04453373167198151
794,897,103,0.103,0.03875404337234795
794,897,103,0.103,0.03547716611716896
782,891,109,0.109,0.037336017266847196
730,865,135,0.135,0.044772883841767905
718,859,141,0.141,0.04564921981096268
782,891,109,0.109,0.03965523170493543
806,903,97,0.097,0.03672221687156707
740,870,130,0.13,0.03310824404284358
744,872,128,0.128,0.03351547504030168
740,870,130,0.13,0.0337715830700472
714,857,143,0.143,0.03853757589031011
744,872,128,0.128,0.04239407722465694
742,871,129,0.129,0.040626861876808106
818,909,91,0.091,0.033020683132112025
708,854,146,0.146,0.031109963956754656
778,889,111,0.111,0.022251113782636823
752,876,124,0.124,0.021894809580408035
724,862,138,0.138,0.02159597813617438
800,900,100,0.1,0.021528909949120136
772,886,114,0.114,0.026392684779129923
764,882,118,0.118,0.029088356991298497
732,866,134,0.134,0.0303215887947008
796,898,102,0.102,0.026887348261661826
844,922,78,0.078,0.020652217748109252
700,850,150,0.15,0.021816862546373158
766,883,117,0.117,0.02033873965078965
776,888,112,0.112,0.023241093816701322
748,874,126,0.126,0.02906242199940607
780,890,110,0.11,0.03355353835318237
756,878,122,0.122,0.03229382001189515
810,905,95,0.095,0.028732136125676332
814,907,93,0.093,0.022876371612073853
808,904,96,0.096,0.019116646410897373
798,899,101,0.101,0.019636604025261475
688,844,156,0.156,0.025467567800660618
696,848,152,0.152,0.03127632573479786
742,871,129,0.129,0.04773893076553941
802,901,99,0.099,0.044799060858786106
804,902,98,0.098,0.043821298616938294
784,892,108,0.108,0.045117286885157225
836,918,82,0.082,0.022937492550583555
760,880,120,0.12,0.021439324736362324
780,890,110,0.11,0.022147265668492764
776,888,112,0.112,0.023306010449538006
764,882,118,0.118,0.04889306915458292
706,853,147,0.147,0.05738322202675045
808,904,96,0.096,0.05390373166278005
746,873,127,0.127,0.05511485521122813
732,866,134,0.134,0.03806139258667827
728,864,136,0.136,0.035837472384795545
802,901,99,0.099,0.029803668257314713
818,909,91,0.091,0.028245940113440157
714,857,143,0.143,0.03308097012201324
732,866,134,0.134,0.04033566459594294
752,876,124,0.124,0.04101686762785539
776,888,112,0.112,0.04230942432396114
792,896,104,0.104,0.050370753676630554
784,892,108,0.108,0.04567222827579826
692,846,154,0.154,0.044551906680688265
804,902,98,0.098,0.03923216163832694
764,882,118,0.118,0.03214788390370086
780,890,110,0.11,0.03312561612110585
786,893,107,0.107,0.03562219808530062
742,871,129,0.129,0.03656382874865085
768,884,116,0.116,0.03707956530991942
790,895,105,0.105,0.034068155709654095
780,890,110,0.11,0.03255896766297519
766,883,117,0.117,0.03213028338365257
774,887,113,0.113,0.03006768369860947
742,871,129,0.129,0.033120675398036835
810,905,95,0.095,0.032641486161388455
734,867,133,0.133,0.036856643689796326
788,894,106,0.106,0.03260211768466979
790,895,105,0.105,0.03138052801135927
770,885,115,0.115,0.029200622753240167
726,863,137,0.137,0.03007583098206669
746,873,127,0.127,0.029410038142465057
734,867,133,0.133,0.029855117634870112
766,883,117,0.117,0.030751853508874775
758,879,121,0.121,0.031361446580849585
706,853,147,0.147,0.03543643803149462
686,843,157,0.157,0.03730118487216532
794,897,103,0.103,0.035272921215742825
754,877,123,0.123,0.03591141693387181
826,913,87,0.087,0.027462307585403325
768,884,116,0.116,0.02833192790253088
736,868,132,0.132,0.025478074701502918
788,894,106,0.106,0.022784792641177772
754,877,123,0.123,0.026058035261929034
768,884,116,0.116,0.026811702819075436
798,899,101,0.101,0.028982325598131867
722,861,139,0.139,0.03261184661043808
748,874,126,0.126,0.02998246215377003
734,867,133,0.133,0.029592958400491625
766,883,117,0.117,0.02700704131089151
764,882,118,0.118,0.026055298130959272
732,866,134,0.134,0.031088942823931574
796,898,102,0.102,0.029192701265681534
762,881,119,0.119,0.032794130308553576
762,881,119,0.119,0.03792152833100408
774,887,113,0.113,0.034324352134950456
810,905,95,0.095,0.03221642136340961
694,847,153,0.153,0.03448113457392901
754,877,123,0.123,0.029210822745226322
730,865,135,0.135,0.02701229426637292
744,872,128,0.128,0.02757932271109894
730,865,135,0.135,0.030149210546165706
768,884,116,0.116,0.03374122285377234
796,898,102,0.102,0.03571066064480692
732,866,134,0.134,0.03814457134716213
748,874,126,0.126,0.0364384183306247
768,884,116,0.116,0.031897579022683205
682,841,159,0.159,0.029074654106982054
812,906,94,0.094,0.024528167869430035
772,886,114,0.114,0.02612331482861191
760,880,120,0.12,0.02805938807222992
784,892,108,0.108,0.032412725242320445
730,865,135,0.135,0.03509627681132406
646,823,177,0.177,0.039215749991126356
756,878,122,0.122,0.03726004766765982
806,903,97,0.097,0.03493677845038474
696,848,152,0.152,0.03641328109940514
812,906,94,0.094,0.03146151084080338
758,879,121,0.121,0.028437906458973886
762,881,119,0.119,0.028967799643054605
748,874,126,0.126,0.031768534143455325
730,865,135,0.135,0.03182753037894145
718,859,141,0.141,0.040123282416723666
768,884,116,0.116,0.042518583968281745
800,900,100,0.1,0.043462737418711185
708,854,146,0.146,0.044663035921752456
792,896,104,0.104,0.0358242185274139
738,869,131,0.131,0.03200981925707311
722,861,139,0.139,0.03194784748088569
742,871,129,0.129,0.03292685522232205
724,862,138,0.138,0.041390256587415936
832,916,84,0.084,0.04122795395180583
796,898,102,0.102,0.04426686143316329
790,895,105,0.105,0.04410362873226404
724,862,138,0.138,0.03843965062871575
756,878,122,0.122,0.03199641462601721
816,908,92,0.092,0.028096815360710025
736,868,132,0.132,0.033299696582369503
784,892,108,0.108,0.04182477388950065
778,889,111,0.111,0.04421095264330506
742,871,129,0.129,0.04534282823558897
762,881,119,0.119,0.042479969590902326
788,894,106,0.106,0.0338144933138974
690,845,155,0.155,0.035264945407398045
774,887,113,0.113,0.033107509197667244
814,907,93,0.093,0.03243175943940878
756,878,122,0.122,0.03507241445407271
760,880,120,0.12,0.037783368970267475
820,910,90,0.09,0.034789615438319745
794,897,103,0.103,0.03872636347124353
798,899,101,0.101,0.040288860374130306
792,896,104,0.104,0.04190057601500303
708,854,146,0.146,0.04542271549254656
752,876,124,0.124,0.04518931409157813
764,882,118,0.118,0.055840705016627905
764,882,118,0.118,0.057342824786901475
792,896,104,0.104,0.05985308069176972
720,860,140,0.14,0.06084511904604733
794,897,103,0.103,0.05217423071619123
792,896,104,0.104,0.05334227174706757
748,874,126,0.126,0.053801846005022524
758,879,121,0.121,0.0574966464843601
766,883,117,0.117,0.06948489355668426
730,865,135,0.135,0.07884114191308618
728,864,136,0.136,0.08056711468100548
694,847,153,0.153,0.09457491384446622
776,888,112,0.112,0.09595694641768933
750,875,125,0.125,0.09619215803220868
732,866,134,0.134,0.09740273616835475
736,868,132,0.132,0.08391188637912274
746,873,127,0.127,0.07283953573554754
776,888,112,0.112,0.06877115797251462
784,892,108,0.108,0.06642880851775408
688,844,156,0.156,0.07162091776169836
764,882,118,0.118,0.06810037967190147
750,875,125,0.125,0.0729878381304443
760,880,120,0.12,0.07048188654892147
764,882,118,0.118,0.06653348017111421
748,874,126,0.126,0.060581932475790384
770,885,115,0.115,0.06057836543954909
700,850,150,0.15,0.059536237632855774
726,863,137,0.137,0.0588670907728374
802,901,99,0.099,0.057765744010917844
750,875,125,0.125,0.05830777931772173
754,877,123,0.123,0.05875260416418314
774,887,113,0.113,0.05425231828726828
826,913,87,0.087,0.05485868901759386
676,838,162,0.162,0.06359535474516452
744,872,128,0.128,0.06291903573274613
734,867,133,0.133,0.062473989566788075
744,872,128,0.128,0.06000435524620116
764,882,118,0.118,0.0578299459386617
822,911,89,0.089,0.053803942412137984
710,855,145,0.145,0.055552151620388034
806,903,97,0.097,0.04934878704510629
720,860,140,0.14,0.05464731256105006
726,863,137,0.137,0.05335297581506893
784,892,108,0.108,0.05184361947141588
718,859,141,0.141,0.056635469185188414
730,865,135,0.135,0.05464607733115554
764,882,118,0.118,0.05425313422270119
788,894,106,0.106,0.048525489914231
804,902,98,0.098,0.04794680970814079
800,900,100,0.1,0.04587767938245088
704,852,148,0.148,0.05048416542448103
764,882,118,0.118,0.04790869737975299
770,885,115,0.115,0.049118728326633575
794,897,103,0.103,0.04800506136193872
792,896,104,0.104,0.0504346579387784
730,865,135,0.135,0.06566371037065982
700,850,150,0.15,0.0685742654055357
738,869,131,0.131,0.06819985583238304
804,902,98,0.098,0.06346287277527153
724,862,138,0.138,0.05929712056368589
712,856,144,0.144,0.058696799045428634
762,881,119,0.119,0.05702913073822856
780,890,110,0.11,0.05566154487617314
782,891,109,0.109,0.0630327954851091
808,904,96,0.096,0.05995470286719501
732,866,134,0.134,0.06293260601907968
708,854,146,0.146,0.06624414310604333
756,878,122,0.122,0.058114598659798504
742,871,129,0.129,0.06118112286739051
732,866,134,0.134,0.06195791844464839
762,881,119,0.119,0.06453351170197129
738,869,131,0.131,0.08926245398819446
732,866,134,0.134,0.08706220615655184
712,856,144,0.144,0.09088455723971128
716,858,142,0.142,0.08985006230697036
720,860,140,0.14,0.06639564446359873
738,869,131,0.131,0.06296740775555372
814,907,93,0.093,0.0542076610904187
784,892,108,0.108,0.057740837359800935
748,874,126,0.126,0.055858619742095474
776,888,112,0.112,0.05647006350010633
748,874,126,0.126,0.05588890837877989
776,888,112,0.112,0.057745010793209074
826,913,87,0.087,0.05178240156918764
760,880,120,0.12,0.0546983162034303
800,900,100,0.1,0.05141765598021448
784,892,108,0.108,0.04936159749701619
738,869,131,0.131,0.05392343393806368
788,894,106,0.106,0.056931152483448384
780,890,110,0.11,0.05600713407620787
804,902,98,0.098,0.06183292123302817
754,877,123,0.123,0.06396119100786746
788,894,106,0.106,0.05921113052405417
764,882,118,0.118,0.059298075880855325
734,867,133,0.133,0.05847215036302805
808,904,96,0.096,0.05221588587388396
784,892,108,0.108,0.054967614889144895
672,836,164,0.164,0.0611180008482188
744,872,128,0.128,0.06055227928236127
780,890,110,0.11,0.06158104028366506
798,899,101,0.101,0.06168838845193386
752,876,124,0.124,0.06253821341507136
758,879,121,0.121,0.0592931383959949
732,866,134,0.134,0.0578305731844157
774,887,113,0.113,0.05804929896630347
850,925,75,0.075,0.056576816517859695
796,898,102,0.102,0.061725379237905144
774,887,113,0.113,0.06575179655477405
760,880,120,0.12,0.0681459373421967
732,866,134,0.134,0.06741699496656656
750,875,125,0.125,0.07049712830409408
814,907,93,0.093,0.0652816171348095
748,874,126,0.126,0.0661797109618783
784,892,108,0.108,0.06612266329675913
742,871,129,0.129,0.061744065536186096
786,893,107,0.107,0.05241641424037516
808,904,96,0.096,0.051838222332298754
794,897,103,0.103,0.05167579938098788
730,865,135,0.135,0.05245212546363473
742,871,129,0.129,0.047497112970799206
798,899,101,0.101,0.047234507016837596
734,867,133,0.133,0.050368787471205
744,872,128,0.128,0.05070104018226266
764,882,118,0.118,0.05310152460075915
780,890,110,0.11,0.050447172289714216
786,893,107,0.107,0.050600966850295664
762,881,119,0.119,0.05233211061358452
718,859,141,0.141,0.06036662123724818
774,887,113,0.113,0.06031373962573707
808,904,96,0.096,0.05745075647719204
716,858,142,0.142,0.07128220145590604
742,871,129,0.129,0.07941487756557762
804,902,98,0.098,0.07546532363072038
828,914,86,0.086,0.07250190630741417
708,854,146,0.146,0.07016435199044645
732,866,134,0.134,0.054480256855487824
770,885,115,0.115,0.051434072290547195
746,873,127,0.127,0.05323495131637901
738,869,131,0.131,0.06336614221148193
758,879,121,0.121,0.0853751469142735
686,843,157,0.157,0.08879650800302624
704,852,148,0.148,0.08889050382375717
802,901,99,0.099,0.0790304232314229
722,861,139,0.139,0.06411121071130037
790,895,105,0.105,0.05905141137354076
680,840,160,0.16,0.06178745405562222
724,862,138,0.138,0.059138529928401115
722,861,139,0.139,0.06683258847147226
754,877,123,0.123,0.06344047638773918
784,892,108,0.108,0.0638357544708997
706,853,147,0.147,0.07116997833922506
798,899,101,0.101,0.06262516784854233
770,885,115,0.115,0.06281569163873792
758,879,121,0.121,0.061923442017287014
778,889,111,0.111,0.06344366912730039
782,891,109,0.109,0.06546920900046825
734,867,133,0.133,0.07136340736038983
734,867,133,0.133,0.07397325256466866
700,850,150,0.15,0.07801279665157199
756,878,122,0.122,0.07919345454126596
744,872,128,0.128,0.07816349481418729
790,895,105,0.105,0.07421192557364702
848,924,76,0.076,0.0658591767847538
768,884,116,0.116,0.0591669634450227
748,874,126,0.126,0.053257608525455
718,859,141,0.141,0.05715992016904056
728,864,136,0.136,0.06379007952194661
762,881,119,0.119,0.0756839933078736
774,887,113,0.113,0.08944796629622578
726,863,137,0.137,0.09089079190418124
704,852,148,0.148,0.09037125613167882
756,878,122,0.122,0.08396810953691601
752,876,124,0.124,0.07854741976410151
796,898,102,0.102,0.07496708945557475
828,914,86,0.086,0.06672154996171593
820,910,90,0.09,0.06699229715950787
794,897,103,0.103,0.0768348583318293
754,877,123,0.123,0.09350577302277088
768,884,116,0.116,0.10577875100448728
710,855,145,0.145,0.11602400119602681
748,874,126,0.126,0.12466742405295372
788,894,106,0.106,0.12003746607154608
820,910,90,0.09,0.11455436390265822
760,880,120,0.12,0.11814779530465602
774,887,113,0.113,0.11774661113321781
818,909,91,0.091,0.12071924540027976
752,876,124,0.124,0.13788028322160245
774,887,113,0.113,0.13464648982137442
786,893,107,0.107,0.15122172908484935
744,872,128,0.128,0.15361139385402203
750,875,125,0.125,0.15044921730458735
706,853,147,0.147,0.1524815108180046
766,883,117,0.117,0.14453117897361517
758,879,121,0.121,0.13950970795750617
730,865,135,0.135,0.13298458525538445
742,871,129,0.129,0.1334708844795823
774,887,113,0.113,0.1117840934060514
808,904,96,0.096,0.08844948909804225
742,871,129,0.129,0.08709771451726556
762,881,119,0.119,0.08589476039260625
744,872,128,0.128,0.083503253582865
768,884,116,0.116,0.08459143210202455
740,870,130,0.13,0.08694919025152922
756,878,122,0.122,0.08802507344633341
734,867,133,0.133,0.08452448269166052
846,923,77,0.077,0.06780820535123348
736,868,132,0.132,0.0771546269133687
748,874,126,0.126,0.07433843141049147
754,877,123,0.123,0.07872605614736676
792,896,104,0.104,0.0870768933519721
774,887,113,0.113,0.08504721466079354
768,884,116,0.116,0.08303983169794082
752,876,124,0.124,0.08135152898728848
760,880,120,0.12,0.08174951793253422
714,857,143,0.143,0.09251817071065306
716,858,142,0.142,0.0935627038218081
740,870,130,0.13,0.11000490656495095
764,882,118,0.118,0.12418436737358571
702,851,149,0.149,0.13359348878264427
768,884,116,0.116,0.13303392299264669
726,863,137,0.137,0.1380492706000805
822,911,89,0.089,0.1332317742332816
776,888,112,0.112,0.14448008380457758
750,875,125,0.125,0.14807317156344652
736,868,132,0.132,0.16677206752449275
732,866,134,0.134,0.18252495791018009
788,894,106,0.106,0.19292180640995502
708,854,146,0.146,0.19832698674499988
720,860,140,0.14,0.21205687479674817
790,895,105,0.105,0.20449695881456137
774,887,113,0.113,0.1973853995203972
746,873,127,0.127,0.20172085060179235
784,892,108,0.108,0.18344512479752303
774,887,113,0.113,0.12187039422988892
780,890,110,0.11,0.12045245992019772
760,880,120,0.12,0.11666663761436939
754,877,123,0.123,0.11884676833823324
798,899,101,0.101,0.1269061121866107
758,879,121,0.121,0.13138861389458178
774,887,113,0.113,0.12702531654387714
740,870,130,0.13,0.12444242191314697
696,848,152,0.152,0.1034775805324316
772,886,114,0.114,0.09780873307213188
802,901,99,0.099,0.09865996730327606
752,876,124,0.124,0.1057883289679885
766,883,117,0.117,0.1268025078214705
750,875,125,0.125,0.12806282181292772
728,864,136,0.136,0.12922576132416724
764,882,118,0.118,0.1290371388345957
800,900,100,0.1,0.0913621934466064
792,896,104,0.104,0.08659009363502264
784,892,108,0.108,0.08456453414447605
760,880,120,0.12,0.0828259801082313
784,892,108,0.108,0.08223041705414653
800,900,100,0.1,0.08321802298352123
764,882,118,0.118,0.08731597222760319
764,882,118,0.118,0.08920091767050325
756,878,122,0.122,0.08874953448399901
736,868,132,0.132,0.09043612683564424
726,863,137,0.137,0.0891147585324943
766,883,117,0.117,0.08759751717746257
746,873,127,0.127,0.09625131602212787
730,865,135,0.135,0.09862094242498279
740,870,130,0.13,0.09899953206628562
774,887,113,0.113,0.09877773252874612
708,854,146,0.146,0.10308995946869254
706,853,147,0.147,0.1007830680347979
778,889,111,0.111,0.0941877548918128
768,884,116,0.116,0.09439218481257558
770,885,115,0.115,0.07806702221930027
756,878,122,0.122,0.07914472806453705
702,851,149,0.149,0.08305491343140602
800,900,100,0.1,0.07875150899216533
750,875,125,0.125,0.09585438505187631
764,882,118,0.118,0.09639205288141967
758,879,121,0.121,0.0950791667290032
796,898,102,0.102,0.08990137163549662
750,875,125,0.125,0.08224707271903753
730,865,135,0.135,0.08406954969093204
780,890,110,0.11,0.08093282693251967
742,871,129,0.129,0.08400579781085253
752,876,124,0.124,0.07460611795075238
778,889,111,0.111,0.07627153643965721
746,873,127,0.127,0.0761235502883792
738,869,131,0.131,0.0769976459890604
752,876,124,0.124,0.08765421403944493
744,872,128,0.128,0.0849331063888967
776,888,112,0.112,0.08592206367477774
730,865,135,0.135,0.09046205104514957
700,850,150,0.15,0.07501542933657765
754,877,123,0.123,0.07378940925002098
762,881,119,0.119,0.07346285957843066
746,873,127,0.127,0.07236755956336856
784,892,108,0.108,0.09033579148352146
794,897,103,0.103,0.08940277523547412
744,872,128,0.128,0.09408211642503739
710,855,145,0.145,0.09456095372885466
798,899,101,0.101,0.06574979466944933
734,867,133,0.133,0.06807322031259537
812,906,94,0.094,0.06065438093431294
760,880,120,0.12,0.06226840422488749
784,892,108,0.108,0.054403616035357115
802,901,99,0.099,0.051201307915151116
796,898,102,0.102,0.05150639743916691
732,866,134,0.134,0.054242797762155535
736,868,132,0.132,0.061864446120336654
746,873,127,0.127,0.06109073551371694
760,880,120,0.12,0.06420097056776285
780,890,110,0.11,0.06321762683615088
768,884,116,0.116,0.06051806130632758
806,903,97,0.097,0.0613174290265888
766,883,117,0.117,0.06103698498662561
746,873,127,0.127,0.06371529860980808
770,885,115,0.115,0.08795668593980371
750,875,125,0.125,0.084516666399315
696,848,152,0.152,0.09166303334757686
782,891,109,0.109,0.09245825409144164
772,886,114,0.114,0.08698078219033778
706,853,147,0.147,0.09094785479828715
756,878,122,0.122,0.08626197904907167
780,890,110,0.11,0.0798149549178779
778,889,111,0.111,0.0642225259821862
786,893,107,0.107,0.06316853743232786
812,906,94,0.094,0.06225949074141681
792,896,104,0.104,0.0636112208776176
752,876,124,0.124,0.07203065665252507
784,892,108,0.108,0.06906884057074786
734,867,133,0.133,0.06803308001160621
832,916,84,0.084,0.0624460571911186
742,871,129,0.129,0.0666414243299514
790,895,105,0.105,0.06591668275371194
740,870,130,0.13,0.06825843903794884
670,835,165,0.165,0.075657699752599
776,888,112,0.112,0.0891889073997736
740,870,130,0.13,0.08861152156814933
804,902,98,0.098,0.08664620813727379
640,820,180,0.18,0.09005915469303727
684,842,158,0.158,0.07010267984308302
734,867,133,0.133,0.06731320857256651
734,867,133,0.133,0.06705931175500154
784,892,108,0.108,0.06476035653986037
730,865,135,0.135,0.07324465869553387
720,860,140,0.14,0.07505983910150826
712,856,144,0.144,0.07774220178648829
758,879,121,0.121,0.07744217557832599
804,902,98,0.098,0.07104864436760545
758,879,121,0.121,0.07188194129057228
816,908,92,0.092,0.06657857871614396
800,900,100,0.1,0.0680764818098396
738,869,131,0.131,0.07357438613288105
750,875,125,0.125,0.07715876156277955
816,908,92,0.092,0.07722501417435705
774,887,113,0.113,0.08398760214075446
758,879,121,0.121,0.09968259125947952
766,883,117,0.117,0.10238301669433712
814,907,93,0.093,0.09430452354624867
730,865,135,0.135,0.10322463660314679
784,892,108,0.108,0.08649390726909041
780,890,110,0.11,0.08764693485200405
742,871,129,0.129,0.08866533263400198
736,868,132,0.132,0.09013743731379509
744,872,128,0.128,0.10590621577948332
770,885,115,0.115,0.10931474539637566
760,880,120,0.12,0.1106217732205987
724,862,138,0.138,0.11504519793391228
788,894,106,0.106,0.10826722344011068
736,868,132,0.132,0.10684270845353604
772,886,114,0.114,0.09922764099761844
748,874,126,0.126,0.10109535906836391
808,904,96,0.096,0.08115114402770997
738,869,131,0.131,0.08403199418634176
802,901,99,0.099,0.07999471759051084
744,872,128,0.128,0.08290575944259762
846,923,77,0.077,0.08072941333800554
758,879,121,0.121,0.08831236979737878
664,832,168,0.168,0.0902076659873128
764,882,118,0.118,0.08711253171414136
800,900,100,0.1,0.07378850544430315
754,877,123,0.123,0.07508009218424559
774,887,113,0.113,0.06579702869988978
794,897,103,0.103,0.06434423864632845
816,908,92,0.092,0.05356992356479168
790,895,105,0.105,0.05502956878580153
780,890,110,0.11,0.05781419444270432
728,864,136,0.136,0.06162498902902007
780,890,110,0.11,0.06268198739364743
772,886,114,0.114,0.06430013223737478
760,880,120,0.12,0.0645179662052542
762,881,119,0.119,0.06341269967518746
808,904,96,0.096,0.06289885548502207
718,859,141,0.141,0.06914148838259279
754,877,123,0.123,0.06621350547298789
826,913,87,0.087,0.061261441564187405
836,918,82,0.082,0.05595804156549275
770,885,115,0.115,0.05890104443952441
760,880,120,0.12,0.06190895412117243
800,900,100,0.1,0.05862664160318673
808,904,96,0.096,0.06484352976083756
828,914,86,0.086,0.06493089998327195
742,871,129,0.129,0.07804603869840503
742,871,129,0.129,0.07874809922464192
732,866,134,0.134,0.08282868476584554
820,910,90,0.09,0.07465150357410312
724,862,138,0.138,0.07816518266871572
748,874,126,0.126,0.07706732931733132
738,869,131,0.131,0.07473986311256886
836,918,82,0.082,0.06686525407619774
734,867,133,0.133,0.07438669563643634
762,881,119,0.119,0.06753199665434659
710,855,145,0.145,0.07488171248510479
760,880,120,0.12,0.07043239193595946
768,884,116,0.116,0.06747347898036242
778,889,111,0.111,0.06309588275291025
742,871,129,0.129,0.056777120077982544
766,883,117,0.117,0.0564964184500277
734,867,133,0.133,0.05450051950663328
732,866,134,0.134,0.05333700565621257
744,872,128,0.128,0.050207348747178915
730,865,135,0.135,0.05011833767592907
786,893,107,0.107,0.046386696545407176
724,862,138,0.138,0.049069357205182317
776,888,112,0.112,0.04580291405878961
714,857,143,0.143,0.04891607267223298
762,881,119,0.119,0.049182566748932004
756,878,122,0.122,0.0481692118216306
808,904,96,0.096,0.04478066505491734
772,886,114,0.114,0.0466637624502182
752,876,124,0.124,0.041942956518381834
742,871,129,0.129,0.041484317315742376
762,881,119,0.119,0.043777679279446605
750,875,125,0.125,0.0415354952160269
744,872,128,0.128,0.05232251050323248
794,897,103,0.103,0.050564718656241896
748,874,126,0.126,0.05188237973302603
796,898,102,0.102,0.045763028111308814
700,850,150,0.15,0.049827081710100175
768,884,116,0.116,0.047544051434844734
752,876,124,0.124,0.05210944854374975
802,901,99,0.099,0.05535765060782433
780,890,110,0.11,0.06103185765258968
774,887,113,0.113,0.0603181218970567
758,879,121,0.121,0.05398624866828322
784,892,108,0.108,0.048654725030064586
782,891,109,0.109,0.053247800150886176
780,890,110,0.11,0.055421767855994404
776,888,112,0.112,0.062284123227000235
716,858,142,0.142,0.07234127765893936
782,891,109,0.109,0.06772195458412171
794,897,103,0.103,0.0676287335678935
754,877,123,0.123,0.06485380291938782
792,896,104,0.104,0.05735353105701506
726,863,137,0.137,0.05016526788659394
748,874,126,0.126,0.05003323956206441
784,892,108,0.108,0.0480987180005759
782,891,109,0.109,0.051210522659122945
740,870,130,0.13,0.05821768567711115
778,889,111,0.111,0.0575363502856344
760,880,120,0.12,0.05892380994558334
736,868,132,0.132,0.056788322584703566
762,881,119,0.119,0.044351747631095347
770,885,115,0.115,0.04132091466896236
802,901,99,0.099,0.03827785347215831
830,915,85,0.085,0.03407446201005951
812,906,94,0.094,0.03406077111046761
814,907,93,0.093,0.0361079808389768
750,875,125,0.125,0.039707772880792615
760,880,120,0.12,0.04155349451489747
754,877,123,0.123,0.04821914639510214
754,877,123,0.123,0.04734977361932397
708,854,146,0.146,0.05115576699655503
774,887,113,0.113,0.04639408566430211
762,881,119,0.119,0.05159041729383171
804,902,98,0.098,0.047799207804724575
836,918,82,0.082,0.04499059463944286
806,903,97,0.097,0.044175567054655404
732,866,134,0.134,0.04735805907845497
732,866,134,0.134,0.05388318821787834
756,878,122,0.122,0.053616056315600874
688,844,156,0.156,0.07339562809094786
794,897,103,0.103,0.09130719578638673
740,870,130,0.13,0.09241359873488546
762,881,119,0.119,0.09089491173997521
708,854,146,0.146,0.08357560334354638
772,886,114,0.114,0.04726706269942224
792,896,104,0.104,0.04490861343499273
740,870,130,0.13,0.04465738592855632
754,877,123,0.123,0.04403742472827434
798,899,101,0.101,0.04074091156944633
782,891,109,0.109,0.041781047677621246
790,895,105,0.105,0.04026611039508134
780,890,110,0.11,0.04057675558142364
736,868,132,0.132,0.04059689622279256
730,865,135,0.135,0.04208096703607589
786,893,107,0.107,0.042195940421894194
760,880,120,0.12,0.042177604066208005
750,875,125,0.125,0.04767407125420869
770,885,115,0.115,0.04294910828024149
800,900,100,0.1,0.04108882221300155
748,874,126,0.126,0.043668578966520724
734,867,133,0.133,0.03590770883671939
828,914,86,0.086,0.034199920033104715
738,869,131,0.131,0.03927653500437737
784,892,108,0.108,0.04037858987692743
780,890,110,0.11,0.04571419808547944
708,854,146,0.146,0.04845450301095843
788,894,106,0.106,0.042372782696969806
764,882,118,0.118,0.0448770777694881
732,866,134,0.134,0.043511669242754576
776,888,112,0.112,0.04038692367170006
740,870,130,0.13,0.04271767903026193
800,900,100,0.1,0.0407078330218792
838,919,81,0.081,0.03848658311180771
726,863,137,0.137,0.04325114027224481
734,867,133,0.133,0.04429195973463357
782,891,109,0.109,0.04492701505869627
800,900,100,0.1,0.045109596976079046
798,899,101,0.101,0.04604453786974773
778,889,111,0.111,0.04613412341848016
794,897,103,0.103,0.04256200561858713
746,873,127,0.127,0.05140793099440634
778,889,111,0.111,0.051260476894676686
794,897,103,0.103,0.053656415779143575
694,847,153,0.153,0.06321173187717795
748,874,126,0.126,0.06406818392872811
732,866,134,0.134,0.06288485855422914
782,891,109,0.109,0.05748583041317761
724,862,138,0.138,0.061473412657156584
802,901,99,0.099,0.051229647340252996
834,917,83,0.083,0.044718395177274946
746,873,127,0.127,0.04788769052643329
834,917,83,0.083,0.04341643818933517
770,885,115,0.115,0.04919889995455742
798,899,101,0.101,0.051179538268595934
810,905,95,0.095,0.05212746524438262
742,871,129,0.129,0.055050487089902164
766,883,117,0.117,0.05739382002875209
796,898,102,0.102,0.05631910126470029
768,884,116,0.116,0.05791696393862367
726,863,137,0.137,0.05851064018718898
770,885,115,0.115,0.05898522582091391
752,876,124,0.124,0.062350464783608915
774,887,113,0.113,0.06537760743126274
796,898,102,0.102,0.06640035043098033
784,892,108,0.108,0.07106192907691002
762,881,119,0.119,0.06943463447317481
744,872,128,0.128,0.06879644790478051
774,887,113,0.113,0.06363389423489571
726,863,137,0.137,0.06319284654967487
744,872,128,0.128,0.0651362645328045
784,892,108,0.108,0.06418473718315362
744,872,128,0.128,0.06851961393468083
710,855,145,0.145,0.07310813862085343
718,859,141,0.141,0.0761801583915949
786,893,107,0.107,0.0707131538465619
742,871,129,0.129,0.0751574817020446
738,869,131,0.131,0.0825882164016366
792,896,104,0.104,0.08308716973289848
720,860,140,0.14,0.08622708092629909
750,875,125,0.125,0.08280475837364792
792,896,104,0.104,0.07495016579143703
766,883,117,0.117,0.06605180094949901
810,905,95,0.095,0.05963466796278954
790,895,105,0.105,0.06097774838842451
730,865,135,0.135,0.0668642450440675
810,905,95,0.095,0.07696945863775909
708,854,146,0.146,0.09534079183638096
740,870,130,0.13,0.09355329738557339
752,876,124,0.124,0.10611981879174709
790,895,105,0.105,0.09146808528900147
750,875,125,0.125,0.08737350879982114
762,881,119,0.119,0.08125737637653947
814,907,93,0.093,0.07695277385413647
742,871,129,0.129,0.09137304459139704
718,859,141,0.141,0.10574984049052
714,857,143,0.143,0.10911420929804444
766,883,117,0.117,0.1135946522951126
778,889,111,0.111,0.10962638477608562
800,900,100,0.1,0.09256324739567935
798,899,101,0.101,0.08111045655980706
816,908,92,0.092,0.0696266898913309
770,885,115,0.115,0.06262038739025592
762,881,119,0.119,0.06895274283736944
750,875,125,0.125,0.07818658957257867
708,854,146,0.146,0.08889724111184477
732,866,134,0.134,0.10493177296593785
772,886,114,0.114,0.10768192229792475
726,863,137,0.137,0.10698453650996088
776,888,112,0.112,0.09903339117765426
764,882,118,0.118,0.08146982955932618
766,883,117,0.117,0.07223511664383113
764,882,118,0.118,0.06940274957753718
802,901,99,0.099,0.06564502970315517
716,858,142,0.142,0.07726710832864046
800,900,100,0.1,0.0880849807523191
778,889,111,0.111,0.10185204531624913
776,888,112,0.112,0.1037974446080625
688,844,156,0.156,0.12231560531258583
774,887,113,0.113,0.11610736422613263
772,886,114,0.114,0.10578206642717124
706,853,147,0.147,0.11271011789515614
814,907,93,0.093,0.09289558634907007
786,893,107,0.107,0.09042850371450185
800,900,100,0.1,0.09170766869932413
686,843,157,0.157,0.10295250140503048
752,876,124,0.124,0.11643238793313503
792,896,104,0.104,0.1326625418625772
828,914,86,0.086,0.1342504858523607
698,849,151,0.151,0.15184532251954078
714,857,143,0.143,0.14744240925461055
708,854,146,0.146,0.1433473112732172
750,875,125,0.125,0.13520035201683642
782,891,109,0.109,0.1290155838318169
800,900,100,0.1,0.12841454178094863
754,877,123,0.123,0.13690685579180717
770,885,115,0.115,0.13984399130940436
736,868,132,0.132,0.14020810128003358
694,847,153,0.153,0.16466659215092658
748,874,126,0.126,0.18027050598710775
754,877,123,0.123,0.18613941176980733
728,864,136,0.136,0.1906985314488411
744,872,128,0.128,0.20036551252007484
776,888,112,0.112,0.1879050803631544
730,865,135,0.135,0.1899681071564555
670,835,165,0.165,0.1919619420841336
754,877,123,0.123,0.18246856489777566
788,894,106,0.106,0.17034364955872297
768,884,116,0.116,0.16657071698457002
796,898,102,0.102,0.16753666063398123
800,900,100,0.1,0.15683408273756505
750,875,125,0.125,0.16858329453319312
690,845,155,0.155,0.17059854868799448
764,882,118,0.118,0.1675521375462413
742,871,129,0.129,0.17483321958780287
796,898,102,0.102,0.15881688723713158
802,901,99,0.099,0.15318529741838574
810,905,95,0.095,0.13681102785468102
770,885,115,0.115,0.11991171446070074
762,881,119,0.119,0.11884580448642373
776,888,112,0.112,0.11789601546525955
806,903,97,0.097,0.11785232169181109
776,888,112,0.112,0.1382082642354071
780,890,110,0.11,0.15015456499159335
748,874,126,0.126,0.15053294691443445
808,904,96,0.096,0.14749676998704672
736,868,132,0.132,0.15620811310410498
742,871,129,0.129,0.16734851334244014
738,869,131,0.131,0.17162341887503862
732,866,134,0.134,0.1690624601021409
822,911,89,0.089,0.16351514136046172
750,875,125,0.125,0.1445091691836715
750,875,125,0.125,0.14649726762622595
742,871,129,0.129,0.1415380407012999
696,848,152,0.152,0.14240302085876466
810,905,95,0.095,0.13417422360181808
738,869,131,0.131,0.1437830531820655
796,898,102,0.102,0.13618374735862016
804,902,98,0.098,0.13572142835706472
796,898,102,0.102,0.12865474785491823
714,857,143,0.143,0.13919386626780034
726,863,137,0.137,0.1326220157891512
806,903,97,0.097,0.12799956354498862
774,887,113,0.113,0.13560246924310923
758,879,121,0.121,0.13762928218394518
728,864,136,0.136,0.13766439172625541
774,887,113,0.113,0.1316075947135687
804,902,98,0.098,0.13341248837858438
730,865,135,0.135,0.1443964526206255
802,901,99,0.099,0.14104493822157382
770,885,115,0.115,0.14350010477006436
772,886,114,0.114,0.1383313275910914
782,891,109,0.109,0.14122551691532134
724,862,138,0.138,0.1467474654838443
806,903,97,0.097,0.13847805999964474
768,884,116,0.116,0.15637256468087435
704,852,148,0.148,0.17770207514613867
810,905,95,0.095,0.16947893265634775
748,874,126,0.126,0.17704424784332515
744,872,128,0.128,0.1693285129070282
820,910,90,0.09,0.14831972441822291
800,900,100,0.1,0.14866263310611247
726,863,137,0.137,0.1436344516798854
764,882,118,0.118,0.13608594415709377
772,886,114,0.114,0.1576066251732409
724,862,138,0.138,0.1662637184932828
738,869,131,0.131,0.18035116815567018
776,888,112,0.112,0.20360350681841374
780,890,110,0.11,0.19241629140079022
800,900,100,0.1,0.1842544392645359
718,859,141,0.141,0.18645474161207676
742,871,129,0.129,0.146399449005723
782,891,109,0.109,0.1390021858625114
796,898,102,0.102,0.13901280565559865
756,878,122,0.122,0.14491643607243895
764,882,118,0.118,0.1597304536178708
750,875,125,0.125,0.16266709243506194
804,902,98,0.098,0.16341308640688657
718,859,141,0.141,0.1683796649351716
772,886,114,0.114,0.17603460393846035
756,878,122,0.122,0.18836206383258106
718,859,141,0.141,0.1960441027507186
742,871,129,0.129,0.19444481243938208
730,865,135,0.135,0.19237480138987303
724,862,138,0.138,0.18084310245513915
786,893,107,0.107,0.1759317486435175
700,850,150,0.15,0.1820279167443514
728,864,136,0.136,0.1721509038284421
762,881,119,0.119,0.15391491984575986
718,859,141,0.141,0.16122486278414727
808,904,96,0.096,0.14992269906774164
746,873,127,0.127,0.12769813495129348
756,878,122,0.122,0.11261610182747245
758,879,121,0.121,0.10914723245799542
780,890,110,0.11,0.10405930028110742
790,895,105,0.105,0.11122821187600493
766,883,117,0.117,0.12297546902671457
802,901,99,0.099,0.11877776419743896
752,876,124,0.124,0.12293756999820471
732,866,134,0.134,0.12574167740345002
820,910,90,0.09,0.10671384265273809
770,885,115,0.115,0.10993478256836534
722,861,139,0.139,0.11054443350806832
784,892,108,0.108,0.10923114626482129
842,921,79,0.079,0.1029120411798358
730,865,135,0.135,0.1123635740056634
734,867,133,0.133,0.11452879037335514
770,885,115,0.115,0.11109168452769518
740,870,130,0.13,0.11892702467367053
784,892,108,0.108,0.11240959665179252
718,859,141,0.141,0.11612082821130752
758,879,121,0.121,0.11913758694380522
796,898,102,0.102,0.11244479807466269
808,904,96,0.096,0.11065221322327852
790,895,105,0.105,0.11126679580658674
782,891,109,0.109,0.10220798901841044
784,892,108,0.108,0.10069187343120575
732,866,134,0.134,0.10914612059295177
794,897,103,0.103,0.11553776305913925
776,888,112,0.112,0.12360129089653492
766,883,117,0.117,0.1511442449465394
716,858,142,0.142,0.16166850379854442
712,856,144,0.144,0.16341102473437785
748,874,126,0.126,0.16088050866127016
746,873,127,0.127,0.13818766571953892
780,890,110,0.11,0.11785003936290742
802,901,99,0.099,0.10793021615594625
796,898,102,0.102,0.10030569275841117
778,889,111,0.111,0.09406481906026602
784,892,108,0.108,0.10496194244176149
772,886,114,0.114,0.10681416119262577
816,908,92,0.092,0.10511242720112204
828,914,86,0.086,0.11206499807164073
758,879,121,0.121,0.11281872361898422
786,893,107,0.107,0.10713888724148274
848,924,76,0.076,0.10172722792625427
728,864,136,0.136,0.10025112604349852
802,901,99,0.099,0.10109637690708041
744,872,128,0.128,0.10524861057847738
776,888,112,0.112,0.10541505655646324
706,853,147,0.147,0.12178140914067626
738,869,131,0.131,0.12345972784608603
776,888,112,0.112,0.12036993495374917
726,863,137,0.137,0.12442689856886864
750,875,125,0.125,0.11063618124276399
772,886,114,0.114,0.09767950949072837
766,883,117,0.117,0.09365902366861702
836,918,82,0.082,0.0896516855917871
718,859,141,0.141,0.09536126060038805
704,852,148,0.148,0.10263344041258096
788,894,106,0.106,0.10208841743692755
736,868,132,0.132,0.10559828843548894
782,891,109,0.109,0.11611099548265338
730,865,135,0.135,0.11867628321796655
730,865,135,0.135,0.12028641201555729
784,892,108,0.108,0.11431707407534122
728,864,136,0.136,0.10784633556380868
768,884,116,0.116,0.09872301319986582
724,862,138,0.138,0.10360618539899588
764,882,118,0.118,0.09720860471576452
764,882,118,0.118,0.10211345949396491
776,888,112,0.112,0.10284995516389608
738,869,131,0.131,0.10904172821715474
760,880,120,0.12,0.10618890260159969
816,908,92,0.092,0.09660871334001422
780,890,110,0.11,0.09311234561353922
738,869,131,0.131,0.09253358891233802
784,892,108,0.108,0.09155146456509829
716,858,142,0.142,0.09971461088582874
742,871,129,0.129,0.10827164655551315
752,876,124,0.124,0.11020401072129607
756,878,122,0.122,0.11200630402565002
754,877,123,0.123,0.1138676877617836
740,870,130,0.13,0.10703612191975116
764,882,118,0.118,0.09898104780726134
770,885,115,0.115,0.09165526486188173
788,894,106,0.106,0.07324765294976532
770,885,115,0.115,0.0711291426140815
722,861,139,0.139,0.07569530775025488
758,879,121,0.121,0.0761272171381861
718,859,141,0.141,0.08847366275638342
710,855,145,0.145,0.08848069854825735
760,880,120,0.12,0.08581009104475379
772,886,114,0.114,0.08233643012493849
678,839,161,0.161,0.07558370685577392
750,875,125,0.125,0.06711380469799041
764,882,118,0.118,0.06352802111580969
788,894,106,0.106,0.062118259796872737
778,889,111,0.111,0.0523835783842951
788,894,106,0.106,0.04742966936156154
768,884,116,0.116,0.048284759785979986
792,896,104,0.104,0.0487792181186378
808,904,96,0.096,0.045678854633122684
736,868,132,0.132,0.04908803053200245
806,903,97,0.097,0.04659998144954443
806,903,97,0.097,0.044259218210354445
782,891,109,0.109,0.044381587063893675
840,920,80,0.08,0.03963079669792205
760,880,120,0.12,0.0431476661991328
798,899,101,0.101,0.04097126290947199
786,893,107,0.107,0.04384363520331681
740,870,130,0.13,0.050790146654471756
740,870,130,0.13,0.0522952845711261
806,903,97,0.097,0.04953529003635049
784,892,108,0.108,0.04964685893803835
766,883,117,0.117,0.043659569662064315
822,911,89,0.089,0.04182564384955913
776,888,112,0.112,0.03936059644911438
768,884,116,0.116,0.04364449313282966
736,868,132,0.132,0.05348213963024318
800,900,100,0.1,0.050400971695780755
694,847,153,0.153,0.062226303812116385
734,867,133,0.133,0.06142488303780556
736,868,132,0.132,0.059038609635084865
768,884,116,0.116,0.05672420595213771
748,874,126,0.126,0.04843793373741209
792,896,104,0.104,0.03926706590410322
764,882,118,0.118,0.03942244393751025
806,903,97,0.097,0.03729022558219731
780,890,110,0.11,0.038971858641132714
758,879,121,0.121,0.04461551802232862
722,861,139,0.139,0.04888389333896339
818,909,91,0.091,0.0466911210231483
758,879,121,0.121,0.050744269821792844
762,881,119,0.119,0.054543622605502606
788,894,106,0.106,0.054759964618831876
732,866,134,0.134,0.0556673940718174
784,892,108,0.108,0.052574775133281945
828,914,86,0.086,0.046891754247713836
766,883,117,0.117,0.046891102895140646
756,878,122,0.122,0.04608373073302209
802,901,99,0.099,0.043422396822832526
778,889,111,0.111,0.04610374040156603
826,913,87,0.087,0.04957866279408336
756,878,122,0.122,0.05826091624982655
698,849,151,0.151,0.06302298873476685
818,909,91,0.091,0.06332185174524783
824,912,88,0.088,0.05941047800518572
756,878,122,0.122,0.05733906149305403
736,868,132,0.132,0.05660812067240477
690,845,155,0.155,0.054332184189930556
754,877,123,0.123,0.05971240548603236
766,883,117,0.117,0.06810235817544162
778,889,111,0.111,0.0718555303197354
786,893,107,0.107,0.07660633761622011
770,885,115,0.115,0.07192192975059152
762,881,119,0.119,0.0596095049851574
810,905,95,0.095,0.0526194240860641
798,899,101,0.101,0.045050683910027145
772,886,114,0.114,0.04920410207100213
688,844,156,0.156,0.05766956950351596
806,903,97,0.097,0.05826477079279721
820,910,90,0.09,0.07001516249030829
678,839,161,0.161,0.0764598980769515
806,903,97,0.097,0.0701523825749755
760,880,120,0.12,0.06350030266866089
860,930,70,0.07,0.04610800041165203
760,880,120,0.12,0.046702091800048945
750,875,125,0.125,0.04621492562629283
756,878,122,0.122,0.049645625525154176
806,903,97,0.097,0.05192192835733295
802,901,99,0.099,0.06012020398676395
754,877,123,0.123,0.062155722726136446
786,893,107,0.107,0.060451276417821644
818,909,91,0.091,0.05590831244178116
810,905,95,0.095,0.04984486895054579
792,896,104,0.104,0.05059761560335756
748,874,126,0.126,0.05147168237157166
788,894,106,0.106,0.048910735875368115
764,882,118,0.118,0.06632399994693697
744,872,128,0.128,0.06919855058379472
704,852,148,0.148,0.08128133973106742
750,875,125,0.125,0.0799366672039032
730,865,135,0.135,0.07466375076957046
814,907,93,0.093,0.07033632771484553
778,889,111,0.111,0.060414114400744436
816,908,92,0.092,0.058074483307078484
766,883,117,0.117,0.061899658475071194
782,891,109,0.109,0.06162207266315818
730,865,135,0.135,0.07600302678346633
766,883,117,0.117,0.07833040115609766
724,862,138,0.138,0.0963126447275281
764,882,118,0.118,0.09438460023328663
758,879,121,0.121,0.09768679522536695
772,886,114,0.114,0.09737254485860466
762,881,119,0.119,0.0996178839057684
794,897,103,0.103,0.09636990753933787
768,884,116,0.116,0.09979170201718807
738,869,131,0.131,0.10062388158589601
800,900,100,0.1,0.09464615401998162
702,851,149,0.149,0.10219772586598992
834,917,83,0.083,0.09216188158467412
704,852,148,0.148,0.1063051255196333
736,868,132,0.132,0.09814752430841327
764,882,118,0.118,0.09933688925206662
746,873,127,0.127,0.10118300983309746
798,899,101,0.101,0.09824781152233482
766,883,117,0.117,0.09612450192123652
784,892,108,0.108,0.09517818438634276
764,882,118,0.118,0.094838548284024
742,871,129,0.129,0.0936616541147232
772,886,114,0.114,0.08758078121952713
762,881,119,0.119,0.08471868592128158
744,872,128,0.128,0.07456702248752117
716,858,142,0.142,0.07851908712089062
770,885,115,0.115,0.07311048670113086
754,877,123,0.123,0.0762349308654666
756,878,122,0.122,0.07561319361627102
776,888,112,0.112,0.07407303456962108
768,884,116,0.116,0.06093985274247825
748,874,126,0.126,0.058532340230420234
766,883,117,0.117,0.04761492865625769
758,879,121,0.121,0.0488063806258142
812,906,94,0.094,0.047150898238644004
804,902,98,0.098,0.05222775937989354
726,863,137,0.137,0.0639173583574593
700,850,150,0.15,0.06524619203060865
794,897,103,0.103,0.0629717612657696
792,896,104,0.104,0.057992423836141824
790,895,105,0.105,0.05051302294805646
828,914,86,0.086,0.04893244579620659
708,854,146,0.146,0.0445007399674505
822,911,89,0.089,0.04012946217320859
760,880,120,0.12,0.04587924267165363
794,897,103,0.103,0.04487712267134339
746,873,127,0.127,0.056434745477512475
748,874,126,0.126,0.0602632643468678
770,885,115,0.115,0.0605532296448946
752,876,124,0.124,0.05829092173650861
708,854,146,0.146,0.05480313133727759
664,832,168,0.168,0.05158020136319101
772,886,114,0.114,0.046673179961740974
742,871,129,0.129,0.048167977942153814
766,883,117,0.117,0.04804122917354107
784,892,108,0.108,0.048522606564685704
770,885,115,0.115,0.04469469630718231
772,886,114,0.114,0.045293020287528636
772,886,114,0.114,0.04115324045252055
808,904,96,0.096,0.03868532023020089
720,860,140,0.14,0.04209818161837757
752,876,124,0.124,0.04082287154626101
794,897,103,0.103,0.042789030734449625
814,907,93,0.093,0.04231318718567491
786,893,107,0.107,0.04227313616964966
748,874,126,0.126,0.04056739618722349
784,892,108,0.108,0.03455931204091758
734,867,133,0.133,0.03628802866395563
772,886,114,0.114,0.035836869051679966
796,898,102,0.102,0.03774607979040593
760,880,120,0.12,0.04277443980518728
714,857,143,0.143,0.04868335010111332
804,902,98,0.098,0.04388060357794166
754,877,123,0.123,0.045658755687996745
766,883,117,0.117,0.038455776960588994
784,892,108,0.108,0.03478718622401357
764,882,118,0.118,0.035689675168134274
756,878,122,0.122,0.03582857341598719
758,879,121,0.121,0.037433785639703274
790,895,105,0.105,0.041191773320548235
732,866,134,0.134,0.04485340724419802
802,901,99,0.099,0.043180810210295024
810,905,95,0.095,0.041466659428551794
728,864,136,0.136,0.041980480721220376
776,888,112,0.112,0.04363861193694174
728,864,136,0.136,0.048073648947291076
762,881,119,0.119,0.04942046876717359
744,872,128,0.128,0.06071534792520106
758,879,121,0.121,0.05788309672474861
802,901,99,0.099,0.05423250276781619
800,900,100,0.1,0.048289664205163715
734,867,133,0.133,0.043347029134631156
804,902,98,0.098,0.038998569359071554
798,899,101,0.101,0.04051220511458814
772,886,114,0.114,0.045744404270313684
782,891,109,0.109,0.05718857832998037
744,872,128,0.128,0.05898721918091178
732,866,134,0.134,0.06186970216408372
746,873,127,0.127,0.06577276118472218
720,860,140,0.14,0.0695802734605968
762,881,119,0.119,0.0675367331393063
744,872,128,0.128,0.06970264746248722
736,868,132,0.132,0.07148001945391297
746,873,127,0.127,0.07019218417070806
788,894,106,0.106,0.06529284494370222
808,904,96,0.096,0.06124914206750691
742,871,129,0.129,0.06432099960185587
710,855,145,0.145,0.07867492450401187
724,862,138,0.138,0.07758524533733725
766,883,117,0.117,0.08502401436492801
758,879,121,0.121,0.09172888576984406
782,891,109,0.109,0.09409098117426037
762,881,119,0.119,0.09436901481822133
760,880,120,0.12,0.08661244609206915
790,895,105,0.105,0.08478330497443676
780,890,110,0.11,0.09882921559363604
720,860,140,0.14,0.09887600447237492
758,879,121,0.121,0.11489045588299632
774,887,113,0.113,0.12529879129678012
782,891,109,0.109,0.14689188984036444
810,905,95,0.095,0.14250679010152817
782,891,109,0.109,0.13529566615819932
754,877,123,0.123,0.1333347647115588
734,867,133,0.133,0.12702800711989404
754,877,123,0.123,0.12503327706083656
756,878,122,0.122,0.14117804212123156
780,890,110,0.11,0.1456427037268877
760,880,120,0.12,0.1535127084031701
774,887,113,0.113,0.15157732992619277
838,919,81,0.081,0.13323786656558514
800,900,100,0.1,0.13221032081544398
740,870,130,0.13,0.12742489065229892
772,886,114,0.114,0.12708785327523947
770,885,115,0.115,0.13495677845180035
786,893,107,0.107,0.13553216730058193
784,892,108,0.108,0.1569719499051571
710,855,145,0.145,0.163224459156394
756,878,122,0.122,0.1691432552561164
784,892,108,0.108,0.16414373639971017
770,885,115,0.115,0.14843652749806643
776,888,112,0.112,0.14780647741258143
804,902,98,0.098,0.14135214285552503
762,881,119,0.119,0.14469618913531304
780,890,110,0.11,0.1546181015074253
770,885,115,0.115,0.15753237568587064
804,902,98,0.098,0.14434969440102577
746,873,127,0.127,0.1499319697767496
824,912,88,0.088,0.12374373464658857
752,876,124,0.124,0.12398238871246577
784,892,108,0.108,0.11757613603770734
768,884,116,0.116,0.12052713701501488
716,858,142,0.142,0.13539289696142076
772,886,114,0.114,0.13132072871178388
752,876,124,0.124,0.13119126642495393
736,868,132,0.132,0.13230835297703744
726,863,137,0.137,0.12538945682346822
760,880,120,0.12,0.12084440606087446
784,892,108,0.108,0.10815266172587872
764,882,118,0.118,0.11020325284451246
742,871,129,0.129,0.09819734758511185
764,882,118,0.118,0.09740444564446807
750,875,125,0.125,0.10025255718454719
746,873,127,0.127,0.10034207514673471
760,880,120,0.12,0.10460968057438731
792,896,104,0.104,0.10023708047345281
742,871,129,0.129,0.10163784948736429
774,887,113,0.113,0.0960177911669016
684,842,158,0.158,0.08763845275342465
700,850,150,0.15,0.0849338678009808
700,850,150,0.15,0.08743267368152738
760,880,120,0.12,0.08178311228752136
758,879,121,0.121,0.09093688814714551
760,880,120,0.12,0.08994543562456965
730,865,135,0.135,0.09358714611828327
714,857,143,0.143,0.0917097987048328
732,866,134,0.134,0.08123727173916996
764,882,118,0.118,0.07571597861498594
710,855,145,0.145,0.07505873605795205
766,883,117,0.117,0.07126282571256161
768,884,116,0.116,0.07013232037983835
780,890,110,0.11,0.069324323002249
718,859,141,0.141,0.07241438985615968
708,854,146,0.146,0.07405923600122333
766,883,117,0.117,0.06721426025591791
832,916,84,0.084,0.06300292508304119
744,872,128,0.128,0.06946398769319058
728,864,136,0.136,0.0727669066954404
746,873,127,0.127,0.07621560006216169
774,887,113,0.113,0.07305619995482265
806,903,97,0.097,0.0738616701439023
772,886,114,0.114,0.0757875045966357
794,897,103,0.103,0.06998616952635348
712,856,144,0.144,0.06860910170525313
798,899,101,0.101,0.06763689082860946
696,848,152,0.152,0.0718772988729179
760,880,120,0.12,0.06940942568704486
738,869,131,0.131,0.07700559905916453
760,880,120,0.12,0.0730056059230119
752,876,124,0.124,0.07725238215550781
706,853,147,0.147,0.07479542365297676
748,874,126,0.126,0.07474239883199334
768,884,116,0.116,0.07632442823424936
758,879,121,0.121,0.07597891879826785
780,890,110,0.11,0.07505562521889805
756,878,122,0.122,0.07118178488872945
798,899,101,0.101,0.06725903227180242
808,904,96,0.096,0.06535832498595119
748,874,126,0.126,0.07422886003181338
712,856,144,0.144,0.08143671295791864
766,883,117,0.117,0.08535427124798298
782,891,109,0.109,0.0860928539596498
784,892,108,0.108,0.09170365466922521
710,855,145,0.145,0.09943085059151054
740,870,130,0.13,0.10410532044246792
756,878,122,0.122,0.10742958144471049
716,858,142,0.142,0.11031100198626519
760,880,120,0.12,0.11001644058525563
766,883,117,0.117,0.10590174961462617
776,888,112,0.112,0.10729079208150506
756,878,122,0.122,0.10837933054938913
782,891,109,0.109,0.11172708315402269
772,886,114,0.114,0.11190207726508379
754,877,123,0.123,0.10577701909467578
738,869,131,0.131,0.10496377242729067
810,905,95,0.095,0.09390875120460987
792,896,104,0.104,0.09759921228885651
728,864,136,0.136,0.10412018086761236
764,882,118,0.118,0.10288641273975373
724,862,138,0.138,0.10995670310035348
784,892,108,0.108,0.11399051050841809
728,864,136,0.136,0.11588842371851206
746,873,127,0.127,0.11479732853919268
728,864,136,0.136,0.10728168115019798
772,886,114,0.114,0.10196478521451353
718,859,141,0.141,0.10722421402856708
788,894,106,0.106,0.10073536826297641
756,878,122,0.122,0.10445014172419906
840,920,80,0.08,0.09846962648630142
732,866,134,0.134,0.10838975483551622
732,866,134,0.134,0.10590344520658254
754,877,123,0.123,0.10772329184785485
708,854,146,0.146,0.12340184526517987
792,896,104,0.104,0.1274314224049449
752,876,124,0.124,0.1265031203404069
828,914,86,0.086,0.12611719856783749
770,885,115,0.115,0.12623307543247939
808,904,96,0.096,0.12224385920912027
752,876,124,0.124,0.12872452650219202
736,868,132,0.132,0.13402723771333694
728,864,136,0.136,0.15964095978811382
788,894,106,0.106,0.17014360697567463
756,878,122,0.122,0.17364471714943647
748,874,126,0.126,0.18953793217241763
720,860,140,0.14,0.19365148939937354
754,877,123,0.123,0.19296491073071956
776,888,112,0.112,0.18950093814730645
696,848,152,0.152,0.19584379728138446
724,862,138,0.138,0.20453576365113257
826,913,87,0.087,0.19646777953207492
708,854,146,0.146,0.20764758386462928
778,889,111,0.111,0.20464464132487775
724,862,138,0.138,0.20501344989985226
714,857,143,0.143,0.20018203082680702
774,887,113,0.113,0.19516543804109096
764,882,118,0.118,0.19376920802891254
838,919,81,0.081,0.1719010046645999
728,864,136,0.136,0.17284366808831692
782,891,109,0.109,0.1639111303910613
780,890,110,0.11,0.15802775582671166
758,879,121,0.121,0.15273666513711215
770,885,115,0.115,0.15636143083125353
748,874,126,0.126,0.15736578910797835
826,913,87,0.087,0.15497963807731868
764,882,118,0.118,0.1658783942759037
744,872,128,0.128,0.16452684401720763
726,863,137,0.137,0.16712934494018555
806,903,97,0.097,0.15632898021489383
778,889,111,0.111,0.15191614700853825
762,881,119,0.119,0.15260600964725018
706,853,147,0.147,0.15466878499090672
764,882,118,0.118,0.1478816661760211
800,900,100,0.1,0.12673496874421836
826,913,87,0.087,0.12517516273260115
770,885,115,0.115,0.12649771592393516
716,858,142,0.142,0.12592546844109892
834,917,83,0.083,0.11526477373763919
770,885,115,0.115,0.11934274280443788
802,901,99,0.099,0.1162354831583798
810,905,95,0.095,0.12441340934485197
758,879,121,0.121,0.14129501095414163
746,873,127,0.127,0.1546083353832364
760,880,120,0.12,0.15893368139863015
764,882,118,0.118,0.16471622174233197
820,910,90,0.09,0.16586773515492678
724,862,138,0.138,0.16666397542506456
762,881,119,0.119,0.15584236042946578
748,874,126,0.126,0.15393202061206102
786,893,107,0.107,0.1323146737255156
782,891,109,0.109,0.12973760517686606
746,873,127,0.127,0.12829714712128043
784,892,108,0.108,0.12861568585038186
754,877,123,0.123,0.11628208873048425
810,905,95,0.095,0.10227081776037812
834,917,83,0.083,0.09591173985600472
754,877,123,0.123,0.10073482216894626
776,888,112,0.112,0.10353651060163975
758,879,121,0.121,0.11356048982962966
796,898,102,0.102,0.11475577238202095
652,826,174,0.174,0.12588504438847303
802,901,99,0.099,0.11057137124612927
780,890,110,0.11,0.10047279833769426
740,870,130,0.13,0.09083699055016041
786,893,107,0.107,0.08869347418658435
746,873,127,0.127,0.07649828516319394
722,861,139,0.139,0.08454808105155825
784,892,108,0.108,0.08914016697369516
798,899,101,0.101,0.08434283545613289
782,891,109,0.109,0.10551273725926875
718,859,141,0.141,0.11545551874861121
762,881,119,0.119,0.1118071136251092
748,874,126,0.126,0.11341260924935341
822,911,89,0.089,0.09419689413160086
752,876,124,0.124,0.0907582141943276
802,901,99,0.099,0.08568760693818331
736,868,132,0.132,0.090032250713557
738,869,131,0.131,0.09928382510319352
788,894,106,0.106,0.10843388632312417
786,893,107,0.107,0.1110115043669939
812,906,94,0.094,0.11121703000739216
812,906,94,0.094,0.11056055087223648
728,864,136,0.136,0.11139412477985025
758,879,121,0.121,0.11135258612036705
756,878,122,0.122,0.11122409037873149
806,903,97,0.097,0.10974206173792482
746,873,127,0.127,0.11273733036965132
782,891,109,0.109,0.10871886353194714
730,865,135,0.135,0.11471276362612844
708,854,146,0.146,0.12011083727702498
784,892,108,0.108,0.1212016131952405
804,902,98,0.098,0.1210772716552019
842,921,79,0.079,0.11650271495431662
792,896,104,0.104,0.1189279551655054
720,860,140,0.14,0.12471069632470608
784,892,108,0.108,0.1234227681607008
740,870,130,0.13,0.12828424072265626
796,898,102,0.102,0.12517477610707284
748,874,126,0.126,0.15496770860999823
772,886,114,0.114,0.15197009802609682
810,905,95,0.095,0.14824024321883916
696,848,152,0.152,0.15841956166923046
788,894,106,0.106,0.14640208718180656
724,862,138,0.138,0.15642485755681992
768,884,116,0.116,0.1465627285912633
754,877,123,0.123,0.15430910390615463
732,866,134,0.134,0.16348061813414097
786,893,107,0.107,0.15500706516951324
754,877,123,0.123,0.15733606255054475
758,879,121,0.121,0.15418011445179583
780,890,110,0.11,0.1431519716978073
742,871,129,0.129,0.14763115889579057
744,872,128,0.128,0.143564009539783
724,862,138,0.138,0.1410052875317633
712,856,144,0.144,0.13328277452662587
738,869,131,0.131,0.13311581756174565
802,901,99,0.099,0.12759011271595955
810,905,95,0.095,0.13137932297959923
716,858,142,0.142,0.15347648280858994
800,900,100,0.1,0.14832186721265317
710,855,145,0.145,0.15522891519218684
790,895,105,0.105,0.1534049667492509
792,896,104,0.104,0.14325483723729848
808,904,96,0.096,0.1407990607842803
732,866,134,0.134,0.1394674715846777
764,882,118,0.118,0.13045006889104843
802,901,99,0.099,0.10955792719498277
806,903,97,0.097,0.10773086896911263
760,880,120,0.12,0.11162646339088679
718,859,141,0.141,0.11522033717110754
772,886,114,0.114,0.1227370125874877
736,868,132,0.132,0.1279327787011862
750,875,125,0.125,0.12782085155323147
810,905,95,0.095,0.12334666169434785
724,862,138,0.138,0.12192326604947448
724,862,138,0.138,0.12239929657429456
772,886,114,0.114,0.11982548208534717
742,871,129,0.129,0.12175639533996582
760,880,120,0.12,0.13814704611152412
816,908,92,0.092,0.12905303579568864
782,891,109,0.109,0.13359256263822317
732,866,134,0.134,0.13864672854170204
806,903,97,0.097,0.12035520849749445
770,885,115,0.115,0.11958451684936881
802,901,99,0.099,0.11734877670183778
732,866,134,0.134,0.12578668300062418
730,865,135,0.135,0.13732984252274036
826,913,87,0.087,0.13331051472574473
828,914,86,0.086,0.13363046174496412
734,867,133,0.133,0.137799994379282
794,897,103,0.103,0.1118222136721015
734,867,133,0.133,0.11027864484861494
714,857,143,0.143,0.1142512524202466
782,891,109,0.109,0.10660171743482351
768,884,116,0.116,0.11808300878480077
712,856,144,0.144,0.12014041968435049
784,892,108,0.108,0.11522503819316626
752,876,124,0.124,0.1124143036492169
744,872,128,0.128,0.10276782945916056
694,847,153,0.153,0.10469059739261866
800,900,100,0.1,0.09855254016816616
704,852,148,0.148,0.11021247079968452
792,896,104,0.104,0.1096731988079846
748,874,126,0.126,0.1136026437394321
770,885,115,0.115,0.11085007695108652
730,865,135,0.135,0.11283280048519373
796,898,102,0.102,0.09813534734398127
752,876,124,0.124,0.09796739620342851
740,870,130,0.13,0.10134303062036633
710,855,145,0.145,0.10504187775030732
756,878,122,0.122,0.10343754321336746
836,918,82,0.082,0.0999093420393765
750,875,125,0.125,0.09942401389405131
768,884,116,0.116,0.09883590751141309
718,859,141,0.141,0.08748669405654073
786,893,107,0.107,0.08411135428026319
758,879,121,0.121,0.08750630886666477
796,898,102,0.102,0.08892571096494793
734,867,133,0.133,0.09350373229756952
724,862,138,0.138,0.09658341778442264
774,887,113,0.113,0.09505946382880211
730,865,135,0.135,0.09989259727671743
780,890,110,0.11,0.09787381207570434
780,890,110,0.11,0.09613410063832999
722,861,139,0.139,0.09670067211613059
768,884,116,0.116,0.09101100862771273
742,871,129,0.129,0.09392375277355314
786,893,107,0.107,0.09399368519708515
796,898,102,0.102,0.10233859289065003
718,859,141,0.141,0.11060357915237545
774,887,113,0.113,0.10629277059435845
772,886,114,0.114,0.10048448634520173
752,876,124,0.124,0.09955494721233844
712,856,144,0.144,0.10341713131591677
710,855,145,0.145,0.10597663052380085
762,881,119,0.119,0.11108297630771995
722,861,139,0.139,0.12157383980974555
716,858,142,0.142,0.12505543481558562
674,837,163,0.163,0.1301992160528898
744,872,128,0.128,0.11183788314834237
778,889,111,0.111,0.10741519899666309
812,906,94,0.094,0.1027097460385412
748,874,126,0.126,0.10170328970998525
696,848,152,0.152,0.1101666981689632
702,851,149,0.149,0.1212026875205338
752,876,124,0.124,0.11861504834704101
728,864,136,0.136,0.1320754517763853
732,866,134,0.134,0.16809842029958963
772,886,114,0.114,0.15824446769058703
782,891,109,0.109,0.1536080810651183
716,858,142,0.142,0.15594853019714355
752,876,124,0.124,0.11438483111187815
758,879,121,0.121,0.10679221514984966
768,884,116,0.116,0.10599157631397248
756,878,122,0.122,0.10827890380471945
814,907,93,0.093,0.10918304841220379
762,881,119,0.119,0.10887618197128177
696,848,152,0.152,0.12001258754357695
766,883,117,0.117,0.10981564712524414
786,893,107,0.107,0.11423101277276873
788,894,106,0.106,0.10884062645956874
798,899,101,0.101,0.10630633823573589
738,869,131,0.131,0.1092945522069931
742,871,129,0.129,0.09867129760608077
770,885,115,0.115,0.09660784048959613
760,880,120,0.12,0.09938584370538592
768,884,116,0.116,0.0989251295812428
714,857,143,0.143,0.10474003381282092
842,921,79,0.079,0.09234662943333387
790,895,105,0.105,0.09559041820466518
706,853,147,0.147,0.10080092379450797
774,887,113,0.113,0.0893843753002584
810,905,95,0.095,0.08542818820849062
766,883,117,0.117,0.0937556096315384
744,872,128,0.128,0.09727107417583465
730,865,135,0.135,0.12206235162168741
802,901,99,0.099,0.12341778109595179
742,871,129,0.129,0.13488983078300953
718,859,141,0.141,0.13718991578370332
742,871,129,0.129,0.12826299581304193
806,903,97,0.097,0.11476325569301844
754,877,123,0.123,0.1166980569884181
684,842,158,0.158,0.11861524887010455
786,893,107,0.107,0.11379909451305867
758,879,121,0.121,0.12004833137989045
766,883,117,0.117,0.12097389220818877
770,885,115,0.115,0.12487037394195795
678,839,161,0.161,0.12765678755566479
784,892,108,0.108,0.11685873923823237
764,882,118,0.118,0.11667260438203812
730,865,135,0.135,0.12113507983833552
730,865,135,0.135,0.1214865637011826
776,888,112,0.112,0.12253122805431485
782,891,109,0.109,0.12105643301457167
766,883,117,0.117,0.12095338859409094
790,895,105,0.105,0.1123781589269638
772,886,114,0.114,0.10973932194337249
774,887,113,0.113,0.10786391605809331
788,894,106,0.106,0.10340765285491943
826,913,87,0.087,0.09838511826843023
722,861,139,0.139,0.10998021203279496
764,882,118,0.118,0.11214450549334287
828,914,86,0.086,0.11080781285837292
750,875,125,0.125,0.1124243612214923
764,882,118,0.118,0.10943356593325734
804,902,98,0.098,0.10995826543495059
800,900,100,0.1,0.10158169730380177
742,871,129,0.129,0.10717579932510853
798,899,101,0.101,0.10756936672702432
802,901,99,0.099,0.10772109942138194
710,855,145,0.145,0.11834728110209107
706,853,147,0.147,0.12431974045932292
788,894,106,0.106,0.12105290444940328
778,889,111,0.111,0.12002041801810265
732,866,134,0.134,0.12381999519467354
750,875,125,0.125,0.11704336756840349
788,894,106,0.106,0.11496764176338911
710,855,145,0.145,0.1197241818010807
782,891,109,0.109,0.11300236753374338
760,880,120,0.12,0.10839781444519758
750,875,125,0.125,0.11456225271522999
754,877,123,0.123,0.11447140465304255
640,820,180,0.18,0.12869102013856173
834,917,83,0.083,0.12115353922918438
798,899,101,0.101,0.13082415806129574
774,887,113,0.113,0.12761991798877717
772,886,114,0.114,0.12878626964986326
768,884,116,0.116,0.12246043632179499
772,886,114,0.114,0.12453593383729458
782,891,109,0.109,0.1253608633838594
728,864,136,0.136,0.14692973413318394
778,889,111,0.111,0.15757982656359673
764,882,118,0.118,0.16242695412784816
774,887,113,0.113,0.15617141574621202
766,883,117,0.117,0.14794911216944456
760,880,120,0.12,0.13541259337216616
816,908,92,0.092,0.1274090426340699
754,877,123,0.123,0.12853300317004324
834,917,83,0.083,0.12469592878222466
752,876,124,0.124,0.13202120025455952
766,883,117,0.117,0.13179068440943956
792,896,104,0.104,0.12560328892618416
800,900,100,0.1,0.1207795278429985
816,908,92,0.092,0.11612728068977594
764,882,118,0.118,0.11411590172722935
764,882,118,0.118,0.10991314816847443
770,885,115,0.115,0.10842237448319793
754,877,123,0.123,0.11109734043851495
696,848,152,0.152,0.12183186869695782
764,882,118,0.118,0.12849115565791727
722,861,139,0.139,0.14035818842798473
780,890,110,0.11,0.1331145061701536
858,929,71,0.071,0.12380422279611229
810,905,95,0.095,0.11434460627660155
752,876,124,0.124,0.10586345631629229
750,875,125,0.125,0.09748297233134508
802,901,99,0.099,0.09436523455753923
742,871,129,0.129,0.10038355134055019
786,893,107,0.107,0.09919007214531303
770,885,115,0.115,0.10042431948706508
834,917,83,0.083,0.09493096108362079
810,905,95,0.095,0.09199341587349773
740,870,130,0.13,0.08748358820565044
742,871,129,0.129,0.0850122775360942
750,875,125,0.125,0.08180164944007992
750,875,125,0.125,0.08512464632093907
708,854,146,0.146,0.09294617124646902
728,864,136,0.136,0.0972611423842609
796,898,102,0.102,0.09314406181499361
732,866,134,0.134,0.08870495867356658
802,901,99,0.099,0.07451893628947437
740,870,130,0.13,0.07190961887687444
810,905,95,0.095,0.06711066265776754
726,863,137,0.137,0.07164921392500401
730,865,135,0.135,0.08044562603905797
746,873,127,0.127,0.0828695879932493
760,880,120,0.12,0.0855710846092552
748,874,126,0.126,0.08553690808266401
750,875,125,0.125,0.07483680211752654
784,892,108,0.108,0.07201793433539569
814,907,93,0.093,0.0651502323076129
800,900,100,0.1,0.05467427908070385
734,867,133,0.133,0.06255608978495002
820,910,90,0.09,0.05659651048108935
760,880,120,0.12,0.061271461172029376
754,877,123,0.123,0.06060182744637132
764,882,118,0.118,0.06302288071997464
792,896,104,0.104,0.06241158090345562
746,873,127,0.127,0.06627984254434705
752,876,124,0.124,0.08601341230422259
776,888,112,0.112,0.08357694328948856
784,892,108,0.108,0.08717070359364151
706,853,147,0.147,0.09162913941591978
820,910,90,0.09,0.06995844913646579
750,875,125,0.125,0.06739837774075567
782,891,109,0.109,0.06421585210040212
770,885,115,0.115,0.06341391433589161
778,889,111,0.111,0.061065882863476875
802,901,99,0.099,0.06365060623921454
764,882,118,0.118,0.06316537770628929
800,900,100,0.1,0.06513986716791988
708,854,146,0.146,0.07212995524518191
758,879,121,0.121,0.07132158107124269
786,893,107,0.107,0.06994254192896188
744,872,128,0.128,0.07079230893589557
772,886,114,0.114,0.06985005333460867
744,872,128,0.128,0.0726792194955051
772,886,114,0.114,0.06873560924082994
768,884,116,0.116,0.07028994765505195
700,850,150,0.15,0.07350000627525151
782,891,109,0.109,0.06908917256072164
772,886,114,0.114,0.07262120519205928
740,870,130,0.13,0.07459019214659929
724,862,138,0.138,0.07271412133798003
754,877,123,0.123,0.0693634973987937
720,860,140,0.14,0.07002692923136056
760,880,120,0.12,0.0679836838040501
828,914,86,0.086,0.04945769431907684
788,894,106,0.106,0.04935485589876771
800,900,100,0.1,0.04565667107608169
800,900,100,0.1,0.0453636186234653
716,858,142,0.142,0.04799819840304553
786,893,107,0.107,0.04901380906160921
742,871,129,0.129,0.05191509646549821
734,867,133,0.133,0.05181923196278512
766,883,117,0.117,0.06484455281682312
754,877,123,0.123,0.06448604591190815
766,883,117,0.117,0.062061408752575514
738,869,131,0.131,0.0642527319546789
742,871,129,0.129,0.05042362534441054
798,899,101,0.101,0.047505692604929206
700,850,150,0.15,0.05370503882318735
736,868,132,0.132,0.05294564384035766
804,902,98,0.098,0.06213235090300441
766,883,117,0.117,0.06368889466486871
784,892,108,0.108,0.062579245114699
816,908,92,0.092,0.059134727105498316
764,882,118,0.118,0.04587660236377269
742,871,129,0.129,0.04769564838707447
762,881,119,0.119,0.047608835917897524
752,876,124,0.124,0.050228433662094174
754,877,123,0.123,0.07522281565144658
724,862,138,0.138,0.07806660667061806
804,902,98,0.098,0.07358935359492898
762,881,119,0.119,0.07703814235329629
742,871,129,0.129,0.05453332256712019
788,894,106,0.106,0.050155658088624475
810,905,95,0.095,0.04798581270501018
764,882,118,0.118,0.04822580000199377
742,871,129,0.129,0.04559427514020353
846,923,77,0.077,0.0420619850102812
780,890,110,0.11,0.0448832540223375
812,906,94,0.094,0.04379674154845998
770,885,115,0.115,0.04373588018026203
786,893,107,0.107,0.04157029802724719
782,891,109,0.109,0.04006788971088827
772,886,114,0.114,0.04046748826280236
736,868,132,0.132,0.04322817858308554
776,888,112,0.112,0.04312967838533223
768,884,116,0.116,0.04566036060918122
720,860,140,0.14,0.04955638882890344
758,879,121,0.121,0.056353704094886777
702,851,149,0.149,0.05880460374802351
656,828,172,0.172,0.05992465669289231
812,906,94,0.094,0.05351892181113362
766,883,117,0.117,0.03839935317542404
730,865,135,0.135,0.04088446430908516
776,888,112,0.112,0.037243608039803804
794,897,103,0.103,0.03438533098064363
806,903,97,0.097,0.03301966701354832
804,902,98,0.098,0.03376994037907571
808,904,96,0.096,0.03317868418246508
776,888,112,0.112,0.03511223700363189
784,892,108,0.108,0.0383761541498825
774,887,113,0.113,0.03866625720541924
750,875,125,0.125,0.04006281581893563
758,879,121,0.121,0.03991440866421908
734,867,133,0.133,0.0514044620860368
698,849,151,0.151,0.05695478931441903
744,872,128,0.128,0.05323701152764261
782,891,109,0.109,0.05374373268894851
758,879,121,0.121,0.040131918743252754
796,898,102,0.102,0.035412932786159215
734,867,133,0.133,0.03737987023591995
748,874,126,0.126,0.032582730170339344
724,862,138,0.138,0.04743555990606546
786,893,107,0.107,0.048844147285446525
732,866,134,0.134,0.05048838690109551
768,884,116,0.116,0.053357810977846386
742,871,129,0.129,0.05037932651024312
762,881,119,0.119,0.046734869854524734
786,893,107,0.107,0.04266264033224434
798,899,101,0.101,0.0403279067594558
724,862,138,0.138,0.040031857730820776
796,898,102,0.102,0.03922185953659937
748,874,126,0.126,0.04301140777766704
760,880,120,0.12,0.04292034710850567
780,890,110,0.11,0.04683938542939722
740,870,130,0.13,0.04880300180055201
740,870,130,0.13,0.04936492814682424
752,876,124,0.124,0.046806511955335736
774,887,113,0.113,0.04825120504572988
780,890,110,0.11,0.04778682712465525
770,885,115,0.115,0.04721673437580466
814,907,93,0.093,0.043282334985211494
798,899,101,0.101,0.041192613633349535
816,908,92,0.092,0.039327254994772375
672,836,164,0.164,0.04663271295372397
780,890,110,0.11,0.04354312921594829
728,864,136,0.136,0.06642044692113995
746,873,127,0.127,0.06548930256813765
792,896,104,0.104,0.06969001138210297
746,873,127,0.127,0.07139373163878918
704,852,148,0.148,0.06462279439717532
784,892,108,0.108,0.06092354386672377
656,828,172,0.172,0.061186971912160514
806,903,97,0.097,0.05313067235797644
734,867,133,0.133,0.051401102378964426
780,890,110,0.11,0.047978482466191054
776,888,112,0.112,0.051165117848664524
772,886,114,0.114,0.05062308103404939
698,849,151,0.151,0.05802959978766739
790,895,105,0.105,0.05323152763582766
766,883,117,0.117,0.05201457977667451
798,899,101,0.101,0.049238749341107904
784,892,108,0.108,0.05425618162937462
826,913,87,0.087,0.05107305832114071
828,914,86,0.086,0.05446976815350354
790,895,105,0.105,0.058028982060030106
802,901,99,0.099,0.05527462988719344
736,868,132,0.132,0.05511906339041889
778,889,111,0.111,0.05339419439248741
712,856,144,0.144,0.05860317607410252
794,897,103,0.103,0.060177080009132626
796,898,102,0.102,0.0599948879648
810,905,95,0.095,0.06440857028402389
756,878,122,0.122,0.06574178444966673
804,902,98,0.098,0.05864423269405961
776,888,112,0.112,0.05712734305486083
742,871,129,0.129,0.05433643091283739
736,868,132,0.132,0.05583053029887378
732,866,134,0.134,0.05751681615225971
766,883,117,0.117,0.0585784279499203
798,899,101,0.101,0.061942159036174414
748,874,126,0.126,0.06518935488164425
748,874,126,0.126,0.05813030924834311
810,905,95,0.095,0.05478160093352199
774,887,113,0.113,0.044644626935012637
742,871,129,0.129,0.045091969507746396
764,882,118,0.118,0.04186413267068565
816,908,92,0.092,0.04007266214303672
770,885,115,0.115,0.048657074900344016
728,864,136,0.136,0.05488894410803914
702,851,149,0.149,0.05471074968390167
790,895,105,0.105,0.05206861221976578
746,873,127,0.127,0.05061254341341555
798,899,101,0.101,0.0476204643510282
788,894,106,0.106,0.04424151841364801
744,872,128,0.128,0.04584330503549427
784,892,108,0.108,0.041936992703005674
708,854,146,0.146,0.049508366246707736
764,882,118,0.118,0.047955483864992855
734,867,133,0.133,0.051490669237449764
790,895,105,0.105,0.060771246654912826
772,886,114,0.114,0.06152545366995037
782,891,109,0.109,0.058737507307901976
778,889,111,0.111,0.056285747736692426
750,875,125,0.125,0.05227129662595689
836,918,82,0.082,0.049916020501405
794,897,103,0.103,0.054299640427343546
744,872,128,0.128,0.0583336845356971
742,871,129,0.129,0.07471163493767381
766,883,117,0.117,0.07372450629994273
736,868,132,0.132,0.07718808529898524
772,886,114,0.114,0.0773798588514328
800,900,100,0.1,0.060627754360437394
786,893,107,0.107,0.0563250696901232
808,904,96,0.096,0.05193383441492915
760,880,120,0.12,0.05389562936127186
794,897,103,0.103,0.04966127139888704
692,846,154,0.154,0.05981524150259793
746,873,127,0.127,0.06045490917004645
756,878,122,0.122,0.06241628385335207
640,820,180,0.18,0.09485757371783257
766,883,117,0.117,0.09345764434337615
758,879,121,0.121,0.09440640000253916
768,884,116,0.116,0.09194728818163275
814,907,93,0.093,0.060941457783803346
742,871,129,0.129,0.055801112693734466
744,872,128,0.128,0.052573803515173496
768,884,116,0.116,0.05004443852603436
762,881,119,0.119,0.052566292344592515
786,893,107,0.107,0.05860685804672539
794,897,103,0.103,0.059490081137046215
772,886,114,0.114,0.060468549689278006
716,858,142,0.142,0.06367668791487813
722,861,139,0.139,0.05789404937624931
810,905,95,0.095,0.054667322227731345
776,888,112,0.112,0.05544508507475257
700,850,150,0.15,0.055587307771667836
776,888,112,0.112,0.05582949121296406
778,889,111,0.111,0.056846620975062254
688,844,156,0.156,0.06148122374713421
710,855,145,0.145,0.07410323501378298
734,867,133,0.133,0.07458011907339096
796,898,102,0.102,0.06999398726597428
770,885,115,0.115,0.06890883339755237
728,864,136,0.136,0.07082346995547414
754,877,123,0.123,0.06822011511586606
818,909,91,0.091,0.06408283661864698
792,896,104,0.104,0.06663450317643582
716,858,142,0.142,0.062013871695846316
748,874,126,0.126,0.0588655577916652
800,900,100,0.1,0.053771264241077005
746,873,127,0.127,0.058070926764979956
772,886,114,0.114,0.051529562564566735
774,887,113,0.113,0.048276226506568494
768,884,116,0.116,0.049714648121967915
752,876,124,0.124,0.04937201276514679
792,896,104,0.104,0.042087496309541166
756,878,122,0.122,0.04099510837998241
752,876,124,0.124,0.04217160544451326
748,874,126,0.126,0.04263749154098332
790,895,105,0.105,0.03563876435905695
798,899,101,0.101,0.03560507447924465
728,864,136,0.136,0.03784188994206488
732,866,134,0.134,0.038270802148617805
754,877,123,0.123,0.04481806337460875
800,900,100,0.1,0.04029399387538433
776,888,112,0.112,0.04085371384723112
764,882,118,0.118,0.04113420205377042
738,869,131,0.131,0.035023916774429384
750,875,125,0.125,0.0343013929957524
746,873,127,0.127,0.034945836413651704
776,888,112,0.112,0.035302657852880656
754,877,123,0.123,0.041068768145516514
738,869,131,0.131,0.04116380985639989
762,881,119,0.119,0.040195304363034666
760,880,120,0.12,0.03901243098080158
788,894,106,0.106,0.03406449050735682
728,864,136,0.136,0.03650180695578456
706,853,147,0.147,0.037893349580466744
816,908,92,0.092,0.034795232428237795
774,887,113,0.113,0.03702244720328599
772,886,114,0.114,0.03631234141811728
768,884,116,0.116,0.03799131874367595
788,894,106,0.106,0.03736424548458308
726,863,137,0.137,0.044132563700899484
750,875,125,0.125,0.046841171801090244
754,877,123,0.123,0.047390325707383454
784,892,108,0.108,0.05007190650887788
752,876,124,0.124,0.048116529278457165
758,879,121,0.121,0.045362324051558975
784,892,108,0.108,0.04336020880192518
794,897,103,0.103,0.03995664403308183
734,867,133,0.133,0.042447738129645585
736,868,132,0.132,0.04800155648216605
738,869,131,0.131,0.04832202538661659
842,921,79,0.079,0.04667958500422537
852,926,74,0.074,0.044157606451772156
756,878,122,0.122,0.039474866185337305
764,882,118,0.118,0.03807987584918737
764,882,118,0.118,0.03803784693125636
716,858,142,0.142,0.04599578749667853
704,852,148,0.148,0.0601898081228137
792,896,104,0.104,0.06488121480122208
774,887,113,0.113,0.07129950696229935
768,884,116,0.116,0.06926868170499802
792,896,104,0.104,0.060358484711498024
766,883,117,0.117,0.053750093368813395
776,888,112,0.112,0.042779424829408524
746,873,127,0.127,0.04117076314426959
790,895,105,0.105,0.04016680184844881
778,889,111,0.111,0.04643979176413268
768,884,116,0.116,0.0608965182416141
746,873,127,0.127,0.05811970493011177
752,876,124,0.124,0.06619861159287393
768,884,116,0.116,0.06376659929938615
762,881,119,0.119,0.061925291603431104
762,881,119,0.119,0.06098421804048121
822,911,89,0.089,0.05708729327842593
734,867,133,0.133,0.058586816743016246
822,911,89,0.089,0.055211559562012555
778,889,111,0.111,0.057910999484360216
754,877,123,0.123,0.06206068082526326
754,877,123,0.123,0.06852311465889216
740,870,130,0.13,0.07179798913002014
770,885,115,0.115,0.0707246305923909
742,871,129,0.129,0.07251556327939034
732,866,134,0.134,0.06766044887527824
762,881,119,0.119,0.06599542616494
764,882,118,0.118,0.061785748697817326
736,868,132,0.132,0.061220185859128834
706,853,147,0.147,0.06033472014404833
826,913,87,0.087,0.05163127056509256
716,858,142,0.142,0.05655750657245517
748,874,126,0.126,0.05489776733517647
816,908,92,0.092,0.054925030555576085
752,876,124,0.124,0.058698086738586425
738,869,131,0.131,0.06084937685914338
718,859,141,0.141,0.06606431643478572
780,890,110,0.11,0.06288873968832195
754,877,123,0.123,0.06441973717883229
748,874,126,0.126,0.06580064387619496
712,856,144,0.144,0.06299792487733066
810,905,95,0.095,0.053685310861095785
774,887,113,0.113,0.05623112086392939
766,883,117,0.117,0.05953651583380997
716,858,142,0.142,0.062261121211573484
754,877,123,0.123,0.06046103639341891
772,886,114,0.114,0.05981584483012557
782,891,109,0.109,0.056575959349051116
744,872,128,0.128,0.06109529164712876
724,862,138,0.138,0.06559126338735223
796,898,102,0.102,0.06016496236622333
788,894,106,0.106,0.06083630216866732
780,890,110,0.11,0.060770768467336894
788,894,106,0.106,0.05027326001413167
842,921,79,0.079,0.045105294805951414
784,892,108,0.108,0.045906165715307
746,873,127,0.127,0.0482519868821837
794,897,103,0.103,0.06189221071638167
796,898,102,0.102,0.06250577506050467
796,898,102,0.102,0.07000846917741001
786,893,107,0.107,0.07365805111080408
740,870,130,0.13,0.065712877208367
766,883,117,0.117,0.06329229526408017
810,905,95,0.095,0.05347232144605368
820,910,90,0.09,0.05080438703391701
790,895,105,0.105,0.047104954624548556
792,896,104,0.104,0.04608338605239987
772,886,114,0.114,0.05026789398305118
802,901,99,0.099,0.05090215333364904
706,853,147,0.147,0.07274045772477984
706,853,147,0.147,0.07314914048463106
782,891,109,0.109,0.07189028957113623
764,882,118,0.118,0.07325530857592821
770,885,115,0.115,0.06003839751146734
772,886,114,0.114,0.0581033438295126
812,906,94,0.094,0.04692358644027263
750,875,125,0.125,0.05068223641626537
784,892,108,0.108,0.05160496255382895
786,893,107,0.107,0.050824702956713735
730,865,135,0.135,0.058408301824703815
804,902,98,0.098,0.05573072664998472
772,886,114,0.114,0.06065402203798294
738,869,131,0.131,0.06345765192992986
814,907,93,0.093,0.055750762736424805
776,888,112,0.112,0.05806474019400775
782,891,109,0.109,0.050868713253177704
796,898,102,0.102,0.050055039191618564
776,888,112,0.112,0.054715073458850384
718,859,141,0.141,0.056806100911460815
808,904,96,0.096,0.06376400271058083
754,877,123,0.123,0.06885836778208614
742,871,129,0.129,0.06998828185535967
762,881,119,0.119,0.07025487069226802
762,881,119,0.119,0.05715964984335005
784,892,108,0.108,0.05549513313733041
774,887,113,0.113,0.05337544169090688
722,861,139,0.139,0.05764941023848951
668,834,166,0.166,0.07027067921869457
840,920,80,0.08,0.06372309567034244
792,896,104,0.104,0.06918325068429113
776,888,112,0.112,0.07105567785724998
766,883,117,0.117,0.06628239442408085
786,893,107,0.107,0.06316635945253074
736,868,132,0.132,0.06509673043340444
710,855,145,0.145,0.06471839094720781
816,908,92,0.092,0.07319894380494953
770,885,115,0.115,0.07630265429988503
754,877,123,0.123,0.0804940750412643
762,881,119,0.119,0.08038733797892929
792,896,104,0.104,0.06456666946038604
718,859,141,0.141,0.06162928673624992
814,907,93,0.093,0.05343146525137126
790,895,105,0.105,0.05645029173605144
756,878,122,0.122,0.06353749773278833
812,906,94,0.094,0.07117416277341544
712,856,144,0.144,0.07537274385243654
744,872,128,0.128,0.07657361800968647
788,894,106,0.106,0.07373121365346015
710,855,145,0.145,0.07082616173289716
776,888,112,0.112,0.06671653760410845
796,898,102,0.102,0.05985721347294748
726,863,137,0.137,0.05601786758378148
752,876,124,0.124,0.060444077806547286
664,832,168,0.168,0.06583597059734166
734,867,133,0.133,0.0710230324845761
752,876,124,0.124,0.09311723235994578
762,881,119,0.119,0.10034004577621818
744,872,128,0.128,0.10459078024700284
804,902,98,0.098,0.0961504227630794
786,893,107,0.107,0.08775628972798585
772,886,114,0.114,0.08348008656129241
806,903,97,0.097,0.0807726427409798
760,880,120,0.12,0.08354623791575432
800,900,100,0.1,0.09850379175134003
784,892,108,0.108,0.11983552153781056
738,869,131,0.131,0.12842485953122376
696,848,152,0.152,0.15304596029967069
784,892,108,0.108,0.17406986756622791
754,877,123,0.123,0.18136524965614081
818,909,91,0.091,0.17591039089113475
744,872,128,0.128,0.17112447910755874
790,895,105,0.105,0.1515411284416914
766,883,117,0.117,0.14168276754766704
786,893,107,0.107,0.13929046566039324
744,872,128,0.128,0.14252115886285902
802,901,99,0.099,0.13566198656708003
756,878,122,0.122,0.13731791231781243
750,875,125,0.125,0.1327130011022091
794,897,103,0.103,0.1275368600934744
696,848,152,0.152,0.12469847461953759
760,880,120,0.12,0.11282177973538637
744,872,128,0.128,0.10685527671501041
744,872,128,0.128,0.10090514743700624
736,868,132,0.132,0.0941317326053977
822,911,89,0.089,0.0840130317285657
772,886,114,0.114,0.0875993152745068
