log_avg_ept_score,log_avg_succ_req,log_avg_blk_req,log_avg_BP_req,log_avg_entropy
-42,479,521,0.521,3.9111208424568176
-62,469,531,0.531,3.9103042531013488
-78,461,539,0.539,3.9109193558692934
-112,444,556,0.556,3.911111231327057
-46,477,523,0.523,3.910943312168121
-56,472,528,0.528,3.90635428468883
-40,480,520,0.52,3.9110876932144163
-80,460,540,0.54,3.906291065983474
-82,459,541,0.541,3.9033314957208933
-142,429,571,0.571,3.9109731640815735
-96,452,548,0.548,3.9107804639339445
-10,495,505,0.505,3.9074883146286012
-100,450,550,0.55,3.9100709815025327
-92,454,546,0.546,3.9100792961120607
-98,451,549,0.549,3.91089820432663
-54,473,527,0.527,3.9061092784404754
-110,445,555,0.555,3.9102757267951964
-78,461,539,0.539,3.9049224272966385
-48,476,524,0.524,3.910430241584778
-100,450,550,0.55,3.9097848742008208
-12,494,506,0.506,3.907294347047806
-124,438,562,0.562,3.9099678981304167
-102,449,551,0.551,3.91044592666626
-56,472,528,0.528,3.9103506791591642
-46,477,523,0.523,3.909152404308319
-66,467,533,0.533,3.910296512365341
-138,431,569,0.569,3.9062675795367685
-66,467,533,0.533,3.9079152793884275
-118,441,559,0.559,3.905702497005463
-82,459,541,0.541,3.901498982850466
-112,444,556,0.556,3.907196632742882
-96,452,548,0.548,3.9077524526119234
-84,458,542,0.542,3.9083631494045257
-74,463,537,0.537,3.900955957274884
-30,485,515,0.515,3.907888298034668
-72,464,536,0.536,3.9078221776485442
-20,490,510,0.51,3.9079918341636657
-40,480,520,0.52,3.907884688138962
-76,462,538,0.538,3.906602998495102
-84,458,542,0.542,3.9051732680797575
-90,455,545,0.545,3.9062320199012754
-92,454,546,0.546,3.9056609580516817
-92,454,546,0.546,3.905392612218857
-48,476,524,0.524,3.905039994716644
-124,438,562,0.562,3.8919818947464226
-68,466,534,0.534,3.9030110232830046
-52,474,526,0.526,3.896591948270798
-36,482,518,0.518,3.901777584552765
-50,475,525,0.525,3.895041621089341
-46,477,523,0.523,3.899496843338013
0,500,500,0.5,3.894255957223475
-32,484,516,0.516,3.889994710326195
-26,487,513,0.513,3.8953326665014028
-62,469,531,0.531,3.8981300592422485
-34,483,517,0.517,3.898345468759537
-20,490,510,0.51,3.8956073863506315
-66,467,533,0.533,3.8955143001079557
-92,454,546,0.546,3.887590080533875
-58,471,529,0.529,3.891254177570343
-50,475,525,0.525,3.894839420080185
-88,456,544,0.544,3.8933555908203124
-46,477,523,0.523,3.8931046402454377
-26,487,513,0.513,3.8905356979370116
-52,474,526,0.526,3.8894829134941102
6,503,497,0.497,3.8854670292437077
-56,472,528,0.528,3.882695258796215
-42,479,521,0.521,3.8794828968354267
-20,490,510,0.51,3.887617115974426
-48,476,524,0.524,3.880647366644582
-22,489,511,0.511,3.8851147203445433
-74,463,537,0.537,3.885522366285324
-14,493,507,0.507,3.886756110906601
-52,474,526,0.526,3.886530169248581
-18,491,509,0.509,3.8851387157440187
-36,482,518,0.518,3.8819788600802423
2,501,499,0.499,3.883964567899704
0,500,500,0.5,3.8791618844270706
-42,479,521,0.521,3.877727941095829
18,509,491,0.491,3.8815231943130493
0,500,500,0.5,3.880184298992157
-2,499,501,0.501,3.8785801525115966
-22,489,511,0.511,3.876755080580711
-24,488,512,0.512,3.877845717191696
-48,476,524,0.524,3.8766403450965883
36,518,482,0.482,3.875269555449486
6,503,497,0.497,3.8685929836258293
-36,482,518,0.518,3.876130084991455
26,513,487,0.487,3.8712842117548134
-28,486,514,0.514,3.8749062147140503
-78,461,539,0.539,3.872032504081726
-36,482,518,0.518,3.853437901344514
-8,496,504,0.504,3.8673411452770234
24,512,488,0.488,3.858933538109064
40,520,480,0.48,3.859278606057167
-2,499,501,0.501,3.861062321662903
38,519,481,0.481,3.8566405277252196
36,518,482,0.482,3.8455961195677517
90,545,455,0.455,3.853613625526428
52,526,474,0.474,3.843318140864372
50,525,475,0.475,3.8468828737735747
16,508,492,0.492,3.8329558143895603
48,524,476,0.476,3.8333266490399835
24,512,488,0.488,3.8288852500282227
110,555,445,0.445,3.8155599947050214
88,544,456,0.456,3.8230865721702574
54,527,473,0.473,3.8128842910579515
34,517,483,0.483,3.812982914686203
66,533,467,0.467,3.789697729820851
54,527,473,0.473,3.795363190514967
-42,479,521,0.521,3.783489698568198
38,519,481,0.481,3.762344928758219
104,552,448,0.448,3.7507796662449837
74,537,463,0.463,3.7364203898906707
60,530,470,0.47,3.7305453326655553
124,562,438,0.438,3.707361041903496
148,574,426,0.426,3.677960518816486
182,591,409,0.409,3.6459686400908358
212,606,394,0.394,3.6453355712238698
196,598,402,0.402,3.5922831376791002
220,610,390,0.39,3.5407975019216535
204,602,398,0.398,3.5028341910243186
264,632,368,0.368,3.488292894721031
296,648,352,0.352,3.3595662591686706
324,662,338,0.338,3.20008967089653
352,676,324,0.324,3.17966671192646
372,686,314,0.314,3.1093963610082866
420,710,290,0.29,2.7665160638689996
556,778,222,0.222,2.470669615651481
504,752,248,0.248,2.5187754235775865
556,778,222,0.222,2.3699342993497847
532,766,234,0.234,2.0866311985148305
618,809,191,0.191,1.9312676577344536
548,774,226,0.226,2.0076909135580063
606,803,197,0.197,1.9998595491051674
586,793,207,0.207,2.0353533983026244
580,790,210,0.21,2.1588517059087753
632,816,184,0.184,2.0848372861146927
624,812,188,0.188,2.141097208082676
572,786,214,0.214,2.1150471282601355
602,801,199,0.199,2.0970119812488557
622,811,189,0.189,2.0430071502253413
600,800,200,0.2,2.056424586176872
656,828,172,0.172,1.9435953127145766
660,830,170,0.17,1.899352070569992
688,844,156,0.156,1.8613456905521453
618,809,191,0.191,1.829329224050045
680,840,160,0.16,1.7019737624898552
632,816,184,0.184,1.6879851720333099
618,809,191,0.191,1.6862488609552384
662,831,169,0.169,1.622647227560403
704,852,148,0.148,1.5259671992957593
696,848,152,0.152,1.4902715190313756
638,819,181,0.181,1.5470028285384179
672,836,164,0.164,1.4163838522434236
688,844,156,0.156,1.3347539930343628
732,866,134,0.134,1.2538699164688587
690,845,155,0.155,1.2530701630711556
668,834,166,0.166,1.315143745303154
746,873,127,0.127,1.0986518687251956
648,824,176,0.176,1.2131713076010346
738,869,131,0.131,1.0447935716733336
758,879,121,0.121,1.0689619502983987
814,907,93,0.093,0.854596344506368
662,831,169,0.169,1.0112368632405997
726,863,137,0.137,0.9603057337511018
686,843,157,0.157,0.9795521960357437
742,871,129,0.129,0.9103386479706482
720,860,140,0.14,0.8622503777519596
724,862,138,0.138,0.8179091552644968
748,874,126,0.126,0.7710326116054493
654,827,173,0.173,0.9242629785788595
754,877,123,0.123,0.7458627801849743
676,838,162,0.162,0.779527879950474
726,863,137,0.137,0.7280817810766602
790,895,105,0.105,0.5251296768262982
722,861,139,0.139,0.5945835604406893
756,878,122,0.122,0.5785635956563056
690,845,155,0.155,0.6542943251449033
730,865,135,0.135,0.5426878396999091
734,867,133,0.133,0.5604490275561839
798,899,101,0.101,0.4983921126176085
744,872,128,0.128,0.4998385940650478
810,905,95,0.095,0.5097706814563134
744,872,128,0.128,0.4750247336780631
708,854,146,0.146,0.5194893184967805
762,881,119,0.119,0.4351833468871191
740,870,130,0.13,0.4099429799385362
718,859,141,0.141,0.46337500937166626
708,854,146,0.146,0.46763721550628545
692,846,154,0.154,0.4834380280115891
752,876,124,0.124,0.38440972403250634
764,882,118,0.118,0.3970504322347697
746,873,127,0.127,0.4331404147432931
668,834,166,0.166,0.42783668724418383
728,864,136,0.136,0.403947516403161
772,886,114,0.114,0.3231620857194066
742,871,129,0.129,0.30862133523169905
694,847,153,0.153,0.38171424563904294
760,880,120,0.12,0.3350609569359676
814,907,93,0.093,0.2510215219049132
764,882,118,0.118,0.23888185816584154
752,876,124,0.124,0.2944442969138137
746,873,127,0.127,0.2776892825715477
766,883,117,0.117,0.3052797554907081
712,856,144,0.144,0.3848983869734748
768,884,116,0.116,0.32199161852383984
772,886,114,0.114,0.29708299675176386
710,855,145,0.145,0.3154731489904225
774,887,113,0.113,0.28998374181901454
752,876,124,0.124,0.2696445926823617
734,867,133,0.133,0.2794416684609878
730,865,135,0.135,0.3034138106331229
716,858,142,0.142,0.3915326578800018
732,866,134,0.134,0.3082089705802765
798,899,101,0.101,0.2655000478737056
776,888,112,0.112,0.2391841011820361
724,862,138,0.138,0.33686464075744915
796,898,102,0.102,0.2743968615855556
644,822,178,0.178,0.3572219187984083
828,914,86,0.086,0.2886323830940091
726,863,137,0.137,0.301764222331233
734,867,133,0.133,0.3341120199821889
754,877,123,0.123,0.2801284222761169
702,851,149,0.149,0.32074459798121824
762,881,119,0.119,0.29150659165531395
756,878,122,0.122,0.28104664060566575
792,896,104,0.104,0.2516527736005031
744,872,128,0.128,0.2667895456319675
752,876,124,0.124,0.23009352755045984
792,896,104,0.104,0.3018196773454547
750,875,125,0.125,0.21922330164536835
744,872,128,0.128,0.2772987510024104
706,853,147,0.147,0.26635353986360133
760,880,120,0.12,0.2537027519699186
696,848,152,0.152,0.2934887327746255
818,909,91,0.091,0.24013385345879942
682,841,159,0.159,0.31380386007903144
710,855,145,0.145,0.27408235310134477
752,876,124,0.124,0.26469647639177507
728,864,136,0.136,0.2801164668314159
770,885,115,0.115,0.24197268399968744
792,896,104,0.104,0.22994342036289164
692,846,154,0.154,0.34505951032415033
766,883,117,0.117,0.24980857437569648
710,855,145,0.145,0.2905241399905644
764,882,118,0.118,0.23273251794744282
750,875,125,0.125,0.2161752927051857
742,871,129,0.129,0.24628201177110895
752,876,124,0.124,0.2500070891287178
740,870,130,0.13,0.26938015488162637
780,890,110,0.11,0.2746661135004833
714,857,143,0.143,0.3345153343231068
658,829,171,0.171,0.30788401730923215
790,895,105,0.105,0.2518186084420788
786,893,107,0.107,0.29457319908191754
782,891,109,0.109,0.28649420622363686
804,902,98,0.098,0.30366617829911413
742,871,129,0.129,0.28530719884485006
688,844,156,0.156,0.40867989807203414
804,902,98,0.098,0.3014648944176733
784,892,108,0.108,0.28981236481666567
758,879,121,0.121,0.3201539035823662
790,895,105,0.105,0.333623400650835
734,867,133,0.133,0.3437312974371016
726,863,137,0.137,0.43009962162934245
786,893,107,0.107,0.3859028403684497
710,855,145,0.145,0.4581450844798237
748,874,126,0.126,0.4621355509087443
778,889,111,0.111,0.3940457352816561
806,903,97,0.097,0.4098136249557138
780,890,110,0.11,0.38064278676733376
738,869,131,0.131,0.42910937176644803
766,883,117,0.117,0.4165003059633107
788,894,106,0.106,0.39151122108402603
710,855,145,0.145,0.4616009297072887
754,877,123,0.123,0.44571832630333186
722,861,139,0.139,0.4691413102839426
708,854,146,0.146,0.4753101189285517
784,892,108,0.108,0.4247853845642621
732,866,134,0.134,0.4667616087011993
754,877,123,0.123,0.42387475611269476
742,871,129,0.129,0.4475384631678462
706,853,147,0.147,0.42617308889329436
750,875,125,0.125,0.406392526820302
776,888,112,0.112,0.4047429113164544
748,874,126,0.126,0.4025422556772828
720,860,140,0.14,0.46822321679629386
762,881,119,0.119,0.444956272110343
712,856,144,0.144,0.46333062648773193
804,902,98,0.098,0.4114096167087555
784,892,108,0.108,0.4298250736519694
730,865,135,0.135,0.5496074416157207
770,885,115,0.115,0.5196628160178661
738,869,131,0.131,0.5750663618519902
770,885,115,0.115,0.5549278780817986
774,887,113,0.113,0.5439173202812672
622,811,189,0.189,0.6869490591883659
774,887,113,0.113,0.5184167756140232
724,862,138,0.138,0.6164777504782724
728,864,136,0.136,0.6254503476768732
764,882,118,0.118,0.5909862016141415
784,892,108,0.108,0.58498577105999
792,896,104,0.104,0.5552052665650845
794,897,103,0.103,0.5205065254941583
718,859,141,0.141,0.60624713635839
806,903,97,0.097,0.5181578231938183
756,878,122,0.122,0.4986162439562613
736,868,132,0.132,0.5208359500467777
750,875,125,0.125,0.5051229161769152
766,883,117,0.117,0.49513595055788756
702,851,149,0.149,0.5519145052284002
746,873,127,0.127,0.4545361687963014
768,884,116,0.116,0.4069304032661021
716,858,142,0.142,0.46752882784605027
766,883,117,0.117,0.46505313320457936
740,870,130,0.13,0.4836830270245882
788,894,106,0.106,0.39507340066734437
780,890,110,0.11,0.39013208871358074
736,868,132,0.132,0.421347232836124
700,850,150,0.15,0.3750420576930046
762,881,119,0.119,0.37993740851059554
764,882,118,0.118,0.31246864098310473
738,869,131,0.131,0.35323909284025284
802,901,99,0.099,0.30203537580743434
754,877,123,0.123,0.31316422247795367
740,870,130,0.13,0.33629661666229366
760,880,120,0.12,0.3756664536111057
722,861,139,0.139,0.40620301088835004
736,868,132,0.132,0.3633426072596112
732,866,134,0.134,0.39143005168493095
690,845,155,0.155,0.4519151675105095
742,871,129,0.129,0.408835773691535
722,861,139,0.139,0.4352191417217255
780,890,110,0.11,0.4005412118285894
772,886,114,0.114,0.39323899954536196
808,904,96,0.096,0.3568789194286801
720,860,140,0.14,0.37047889026720077
762,881,119,0.119,0.350615082513541
748,874,126,0.126,0.34135226967558263
772,886,114,0.114,0.3708932665362954
694,847,153,0.153,0.4272538623251021
762,881,119,0.119,0.381669931557728
768,884,116,0.116,0.36446086103469133
772,886,114,0.114,0.3087269475646317
818,909,91,0.091,0.27474731862545015
746,873,127,0.127,0.3067221313503001
648,824,176,0.176,0.3501975634284317
756,878,122,0.122,0.30591374623030426
686,843,157,0.157,0.3221845618523657
726,863,137,0.137,0.3337282866090536
676,838,162,0.162,0.34857518938556314
718,859,141,0.141,0.2798868708461523
796,898,102,0.102,0.2663352810833603
806,903,97,0.097,0.2612227329388266
748,874,126,0.126,0.27911410985700785
728,864,136,0.136,0.25279590208642183
718,859,141,0.141,0.27177439145185056
752,876,124,0.124,0.20167050932068378
694,847,153,0.153,0.26211269142851235
740,870,130,0.13,0.23675779748987408
776,888,112,0.112,0.2016144056479243
738,869,131,0.131,0.22887722211846695
758,879,121,0.121,0.22816431771016504
764,882,118,0.118,0.20013908243877812
740,870,130,0.13,0.2158481146401835
804,902,98,0.098,0.19691688485443593
730,865,135,0.135,0.24837008094601334
852,926,74,0.074,0.1696966589987278
808,904,96,0.096,0.19641213434003293
778,889,111,0.111,0.16979906139391643
742,871,129,0.129,0.16754092883690463
756,878,122,0.122,0.16246768260747194
802,901,99,0.099,0.1658861440708861
750,875,125,0.125,0.20392591418707842
786,893,107,0.107,0.17031434660719538
774,887,113,0.113,0.19882935476489366
794,897,103,0.103,0.1954635514585534
712,856,144,0.144,0.24825262551568447
800,900,100,0.1,0.2259233934096992
800,900,100,0.1,0.21547718132473528
774,887,113,0.113,0.20732969610206783
764,882,118,0.118,0.2042184568089433
766,883,117,0.117,0.2073600385976024
722,861,139,0.139,0.263657235824503
758,879,121,0.121,0.21902833959646523
742,871,129,0.129,0.20610022693965585
736,868,132,0.132,0.21179948069527746
732,866,134,0.134,0.21236893105506896
702,851,149,0.149,0.2619781926050782
730,865,135,0.135,0.2742368342205882
856,928,72,0.072,0.19862854366190733
766,883,117,0.117,0.22922561743855477
756,878,122,0.122,0.27187038367055355
752,876,124,0.124,0.2581489649154246
730,865,135,0.135,0.22233852324075998
802,901,99,0.099,0.21118856052868068
766,883,117,0.117,0.29056789291335733
736,868,132,0.132,0.25185451486334204
668,834,166,0.166,0.3122757430970669
748,874,126,0.126,0.25207041496038435
776,888,112,0.112,0.2589808290787041
790,895,105,0.105,0.23864870394370483
744,872,128,0.128,0.24383969085849821
714,857,143,0.143,0.29386810960053117
780,890,110,0.11,0.23027677093818782
752,876,124,0.124,0.29711715996824206
766,883,117,0.117,0.2924154750332236
732,866,134,0.134,0.28355695809796455
770,885,115,0.115,0.2674093268365832
720,860,140,0.14,0.28474526506196707
790,895,105,0.105,0.23806289473734796
700,850,150,0.15,0.32444217745768217
796,898,102,0.102,0.2416122643551571
752,876,124,0.124,0.24375764196552335
788,894,106,0.106,0.22445509647857398
792,896,104,0.104,0.20264213494896
756,878,122,0.122,0.2012312373444438
740,870,130,0.13,0.23105095006339252
724,862,138,0.138,0.3211232902809279
778,889,111,0.111,0.2684112177575007
710,855,145,0.145,0.28186620979709553
776,888,112,0.112,0.23461139108333737
742,871,129,0.129,0.23915948067605494
746,873,127,0.127,0.248260866811499
788,894,106,0.106,0.21543416878208518
762,881,119,0.119,0.21456578723307165
742,871,129,0.129,0.21544411818683148
738,869,131,0.131,0.2168579499386251
676,838,162,0.162,0.24988937064260244
748,874,126,0.126,0.24594178258208557
748,874,126,0.126,0.2156575499586761
732,866,134,0.134,0.2469618031643331
738,869,131,0.131,0.23112814745120705
712,856,144,0.144,0.2512879731785506
738,869,131,0.131,0.24297826426755637
780,890,110,0.11,0.2172958308905363
728,864,136,0.136,0.2671227788998738
744,872,128,0.128,0.22038539195878526
736,868,132,0.132,0.24269048667699097
802,901,99,0.099,0.19645154475048185
816,908,92,0.092,0.18409371411055325
786,893,107,0.107,0.19861657203417826
736,868,132,0.132,0.19587804199568928
718,859,141,0.141,0.2668121830560267
820,910,90,0.09,0.18307346034749208
754,877,123,0.123,0.22316328644321765
724,862,138,0.138,0.2343336809426546
740,870,130,0.13,0.2044799182881834
796,898,102,0.102,0.18776505421847106
800,900,100,0.1,0.19508693698979915
780,890,110,0.11,0.17674805205530963
740,870,130,0.13,0.22316299966908992
734,867,133,0.133,0.21877282680664212
692,846,154,0.154,0.21131442804262043
756,878,122,0.122,0.2138294375911355
722,861,139,0.139,0.21108051534742117
792,896,104,0.104,0.16730253189476207
738,869,131,0.131,0.18492215540632606
784,892,108,0.108,0.18729611220397055
778,889,111,0.111,0.21845977085269988
714,857,143,0.143,0.20299628022499383
776,888,112,0.112,0.18777349562197923
756,878,122,0.122,0.1852525938693434
736,868,132,0.132,0.2330923609994352
764,882,118,0.118,0.20494302653893828
766,883,117,0.117,0.2098752580517903
764,882,118,0.118,0.23555899826809765
736,868,132,0.132,0.21466208256781102
716,858,142,0.142,0.22963503199443222
792,896,104,0.104,0.19157131774351
746,873,127,0.127,0.20933582350984214
702,851,149,0.149,0.2562971540540457
726,863,137,0.137,0.23120553178526462
712,856,144,0.144,0.21055912249535322
752,876,124,0.124,0.2061225182078779
786,893,107,0.107,0.19864115319401027
694,847,153,0.153,0.2846911178025766
742,871,129,0.129,0.21025012931600212
774,887,113,0.113,0.23389794930443167
798,899,101,0.101,0.21816682342067362
686,843,157,0.157,0.22920319269225
704,852,148,0.148,0.2774522736556828
762,881,119,0.119,0.20976099783927202
756,878,122,0.122,0.2218749861707911
712,856,144,0.144,0.2538079498811876
792,896,104,0.104,0.19395503462851046
764,882,118,0.118,0.19841859077103435
750,875,125,0.125,0.1849854732360691
790,895,105,0.105,0.1713188455142081
734,867,133,0.133,0.21924141792207957
760,880,120,0.12,0.17827644318040256
780,890,110,0.11,0.16073392165492986
736,868,132,0.132,0.181814832508564
762,881,119,0.119,0.19771519522741438
786,893,107,0.107,0.20344426310155542
780,890,110,0.11,0.19620171106792986
758,879,121,0.121,0.2393791770748794
732,866,134,0.134,0.21213959963223897
718,859,141,0.141,0.22825695968419313
778,889,111,0.111,0.20909816619940103
776,888,112,0.112,0.19470966940858203
716,858,142,0.142,0.23477251559123397
700,850,150,0.15,0.2094476016238332
718,859,141,0.141,0.20014489604532718
758,879,121,0.121,0.2335185890085995
768,884,116,0.116,0.23457618068158625
754,877,123,0.123,0.19965045692399144
746,873,127,0.127,0.2257562136799097
704,852,148,0.148,0.2321880686916411
742,871,129,0.129,0.2421901021511067
738,869,131,0.131,0.2223167308876291
814,907,93,0.093,0.2145450784191489
740,870,130,0.13,0.21099921639173408
806,903,97,0.097,0.1836343706790358
698,849,151,0.151,0.2062361727785319
792,896,104,0.104,0.17564801685139536
728,864,136,0.136,0.18127941214293242
800,900,100,0.1,0.1858888979582116
776,888,112,0.112,0.16657478575780987
792,896,104,0.104,0.18294353944869193
712,856,144,0.144,0.2105785859219468
778,889,111,0.111,0.18824874300016928
772,886,114,0.114,0.1890004018989726
776,888,112,0.112,0.19982869079336524
738,869,131,0.131,0.22191480349749326
778,889,111,0.111,0.23668908857926726
740,870,130,0.13,0.25047005580365655
768,884,116,0.116,0.24167613440006971
778,889,111,0.111,0.24389740812033414
758,879,121,0.121,0.25668450723588465
724,862,138,0.138,0.26124771881476044
796,898,102,0.102,0.24122925983709864
754,877,123,0.123,0.2529444067552686
776,888,112,0.112,0.2207944245894772
764,882,118,0.118,0.25327193112459306
740,870,130,0.13,0.2884287398904562
760,880,120,0.12,0.2753037639334798
740,870,130,0.13,0.33380910005047915
712,856,144,0.144,0.35221335005015136
750,875,125,0.125,0.351048195084908
746,873,127,0.127,0.37084061102569105
686,843,157,0.157,0.4195357138812542
756,878,122,0.122,0.3994250443279743
748,874,126,0.126,0.3798546771705151
742,871,129,0.129,0.4284090664088726
740,870,130,0.13,0.41262592214345933
708,854,146,0.146,0.4545830698311329
756,878,122,0.122,0.41645035296678545
792,896,104,0.104,0.41748248960582723
760,880,120,0.12,0.4681341931223869
668,834,166,0.166,0.4713251673206687
762,881,119,0.119,0.4827458924204111
750,875,125,0.125,0.4989642551094294
718,859,141,0.141,0.5070597155932337
744,872,128,0.128,0.46389536663889885
752,876,124,0.124,0.4722015550993383
738,869,131,0.131,0.5084322897046805
816,908,92,0.092,0.46655479872226713
660,830,170,0.17,0.5505882845968008
762,881,119,0.119,0.5031300788223744
664,832,168,0.168,0.5639256569743156
748,874,126,0.126,0.47706208302299635
744,872,128,0.128,0.5456091848611831
786,893,107,0.107,0.4961559824943543
774,887,113,0.113,0.48790484926104544
732,866,134,0.134,0.5065785250216722
734,867,133,0.133,0.5276443155407906
770,885,115,0.115,0.5068137375116348
828,914,86,0.086,0.4831409212350845
776,888,112,0.112,0.5316246308684349
748,874,126,0.126,0.5424525179266929
750,875,125,0.125,0.5377946570515633
786,893,107,0.107,0.531101686835289
722,861,139,0.139,0.5739553799927235
750,875,125,0.125,0.5514253874197602
638,819,181,0.181,0.5738712492883206
774,887,113,0.113,0.5211694766916335
734,867,133,0.133,0.5198950199782848
762,881,119,0.119,0.5183108817338944
758,879,121,0.121,0.5156824304461479
798,899,101,0.101,0.474419033870101
754,877,123,0.123,0.4812069716602564
782,891,109,0.109,0.47137846692018504
722,861,139,0.139,0.4741852291710675
704,852,148,0.148,0.4673408029647253
822,911,89,0.089,0.43844158544555467
766,883,117,0.117,0.4397748483050418
694,847,153,0.153,0.48625951206684115
778,889,111,0.111,0.43394046656787394
772,886,114,0.114,0.44680074816942217
678,839,161,0.161,0.4878928582072258
802,901,99,0.099,0.46763392944086807
716,858,142,0.142,0.5122961830347776
782,891,109,0.109,0.46666302378103136
788,894,106,0.106,0.4647672932362184
802,901,99,0.099,0.44857666294276716
762,881,119,0.119,0.4485737902931869
766,883,117,0.117,0.4373620233014226
818,909,91,0.091,0.41902168821543456
748,874,126,0.126,0.4473489971905947
700,850,150,0.15,0.4519826092869043
816,908,92,0.092,0.37850170193612576
768,884,116,0.116,0.3733672371581197
758,879,121,0.121,0.4224456631690264
756,878,122,0.122,0.40788443936407565
792,896,104,0.104,0.3838273711949587
724,862,138,0.138,0.4277646470963955
798,899,101,0.101,0.4138392165005207
696,848,152,0.152,0.4291018617078662
730,865,135,0.135,0.4463992686271667
752,876,124,0.124,0.41381034909933806
706,853,147,0.147,0.42642535886133554
758,879,121,0.121,0.4170571344271302
734,867,133,0.133,0.442975381270051
806,903,97,0.097,0.4177129777520895
726,863,137,0.137,0.40862989383190873
762,881,119,0.119,0.4306526968330145
766,883,117,0.117,0.39494889636337754
824,912,88,0.088,0.3773041619956493
720,860,140,0.14,0.4062910133207333
748,874,126,0.126,0.3734572768881917
762,881,119,0.119,0.3854661531746387
784,892,108,0.108,0.3340910750478506
784,892,108,0.108,0.32429796444205566
780,890,110,0.11,0.36850012009590866
772,886,114,0.114,0.36702708254009486
804,902,98,0.098,0.3767717349752784
752,876,124,0.124,0.3852436177358031
774,887,113,0.113,0.346923915758729
694,847,153,0.153,0.41488111031856534
784,892,108,0.108,0.32256649949215355
820,910,90,0.09,0.3264856114148938
764,882,118,0.118,0.32923049235344903
738,869,131,0.131,0.3451927302335389
772,886,114,0.114,0.35498341343551876
702,851,149,0.149,0.38139277248084547
750,875,125,0.125,0.40973036015410913
800,900,100,0.1,0.40108480063080787
720,860,140,0.14,0.5209615251719951
720,860,140,0.14,0.5114837590306998
680,840,160,0.16,0.5136301008164883
714,857,143,0.143,0.5270202039331198
672,836,164,0.164,0.5017512440234423
762,881,119,0.119,0.4700508375763893
742,871,129,0.129,0.43889485895633695
784,892,108,0.108,0.40013157473504546
728,864,136,0.136,0.4028417573571205
744,872,128,0.128,0.3512067227512598
778,889,111,0.111,0.32178354675602167
746,873,127,0.127,0.35448256961207936
776,888,112,0.112,0.33902634036540985
816,908,92,0.092,0.304933263017796
750,875,125,0.125,0.3489232988264412
762,881,119,0.119,0.33097668673237784
704,852,148,0.148,0.3061694376170635
724,862,138,0.138,0.3346048639211804
744,872,128,0.128,0.3405369004011154
706,853,147,0.147,0.3807807480469346
768,884,116,0.116,0.3467691727653146
740,870,130,0.13,0.3582537150681019
758,879,121,0.121,0.36213704317063095
730,865,135,0.135,0.31684818298369644
734,867,133,0.133,0.3145861753150821
754,877,123,0.123,0.3077731634983793
804,902,98,0.098,0.27280197882652285
794,897,103,0.103,0.2736943056099117
728,864,136,0.136,0.2588372109705524
804,902,98,0.098,0.25150316923484206
778,889,111,0.111,0.2591386503390968
800,900,100,0.1,0.24900114412978291
760,880,120,0.12,0.26980575526636497
830,915,85,0.085,0.2571219770381158
772,886,114,0.114,0.28270150627195834
788,894,106,0.106,0.2720910594984889
790,895,105,0.105,0.293790114402771
776,888,112,0.112,0.27263501252233985
746,873,127,0.127,0.29346503289733666
718,859,141,0.141,0.32363762096199206
748,874,126,0.126,0.29505963483080266
750,875,125,0.125,0.2953187040914199
800,900,100,0.1,0.315182472987799
854,927,73,0.073,0.3002741448953748
788,894,106,0.106,0.30789441890642044
756,878,122,0.122,0.3232063519096305
672,836,164,0.164,0.4189955839067698
778,889,111,0.111,0.3285501559972763
712,856,144,0.144,0.34667437206953766
792,896,104,0.104,0.3576244809168759
754,877,123,0.123,0.3886962787092838
806,903,97,0.097,0.3680632051825523
730,865,135,0.135,0.37930062678456306
746,873,127,0.127,0.3962480162233114
714,857,143,0.143,0.4035641001164913
754,877,123,0.123,0.39419960525631903
740,870,130,0.13,0.4285659333616495
744,872,128,0.128,0.4337850466221571
770,885,115,0.115,0.415470814469635
742,871,129,0.129,0.46438883982598783
760,880,120,0.12,0.4341494397222996
748,874,126,0.126,0.4524762459844351
730,865,135,0.135,0.43478882579505446
780,890,110,0.11,0.44509024246782064
706,853,147,0.147,0.4614669104963541
720,860,140,0.14,0.4561027123481035
754,877,123,0.123,0.4662539287805557
692,846,154,0.154,0.4622306324392557
692,846,154,0.154,0.4771171836256981
750,875,125,0.125,0.4535490559637547
804,902,98,0.098,0.4324283529073
806,903,97,0.097,0.4539025210216641
726,863,137,0.137,0.4664900475144386
748,874,126,0.126,0.48199806037545206
738,869,131,0.131,0.46958237113058565
824,912,88,0.088,0.42906213630735873
692,846,154,0.154,0.47564830361306665
786,893,107,0.107,0.43848009292653295
744,872,128,0.128,0.4555425471514463
694,847,153,0.153,0.497963288289749
742,871,129,0.129,0.46882079034298657
814,907,93,0.093,0.46248474916815757
772,886,114,0.114,0.46191362477838993
790,895,105,0.105,0.4520984646230936
690,845,155,0.155,0.4543619577884674
784,892,108,0.108,0.4493317331522703
720,860,140,0.14,0.4546709236903116
798,899,101,0.101,0.47105475708167066
664,832,168,0.168,0.4981814094036818
704,852,148,0.148,0.511467872325331
718,859,141,0.141,0.5054136181026697
732,866,134,0.134,0.500418110968545
776,888,112,0.112,0.4933956424444914
752,876,124,0.124,0.46529285910725593
782,891,109,0.109,0.4304037655869033
754,877,123,0.123,0.4428139709085226
756,878,122,0.122,0.41381880564027235
772,886,114,0.114,0.42269403056055305
744,872,128,0.128,0.41850351367890837
618,809,191,0.191,0.4841647218465805
798,899,101,0.101,0.4618323934078217
800,900,100,0.1,0.46031976049020884
726,863,137,0.137,0.5179055689787492
714,857,143,0.143,0.510598627179861
768,884,116,0.116,0.4942986643612385
734,867,133,0.133,0.5133143695294857
782,891,109,0.109,0.5338277478218079
736,868,132,0.132,0.5133131854916865
718,859,141,0.141,0.5532862540185451
720,860,140,0.14,0.5724242055416107
688,844,156,0.156,0.5759000395554759
706,853,147,0.147,0.5952784980014022
740,870,130,0.13,0.6127130086123943
762,881,119,0.119,0.5942522935420275
740,870,130,0.13,0.5685326507687569
708,854,146,0.146,0.6103674215078354
716,858,142,0.142,0.601237039570231
750,875,125,0.125,0.5715638523697854
706,853,147,0.147,0.5590297294184565
752,876,124,0.124,0.542605088531971
768,884,116,0.116,0.533679672986269
826,913,87,0.087,0.4807340160906315
760,880,120,0.12,0.4739723793119192
764,882,118,0.118,0.4642493730336428
724,862,138,0.138,0.4943231246173382
656,828,172,0.172,0.5488301745057106
730,865,135,0.135,0.49975787538290023
742,871,129,0.129,0.5074086981266737
726,863,137,0.137,0.5144682647436857
758,879,121,0.121,0.5189016728699207
708,854,146,0.146,0.5198487064391375
788,894,106,0.106,0.4666112885773182
770,885,115,0.115,0.47918122409284114
748,874,126,0.126,0.4533787686377764
734,867,133,0.133,0.45583524543778003
786,893,107,0.107,0.42509923154115675
710,855,145,0.145,0.44185922257602217
760,880,120,0.12,0.4295278825908899
744,872,128,0.128,0.4459143604822457
754,877,123,0.123,0.45222279662648907
754,877,123,0.123,0.456449303150177
792,896,104,0.104,0.4435647236481309
786,893,107,0.107,0.4745720340311527
738,869,131,0.131,0.47266310635209086
736,868,132,0.132,0.4798017931431532
732,866,134,0.134,0.4638980678319931
792,896,104,0.104,0.4576598601937294
742,871,129,0.129,0.48901018860936163
774,887,113,0.113,0.4882620838880539
780,890,110,0.11,0.5125375207262114
812,906,94,0.094,0.48583506122231485
800,900,100,0.1,0.47516686981893147
762,881,119,0.119,0.4930840717891988
726,863,137,0.137,0.4393649334255606
782,891,109,0.109,0.4422427387982607
730,865,135,0.135,0.44598843541741373
764,882,118,0.118,0.41140193365514277
692,846,154,0.154,0.5012659457177027
776,888,112,0.112,0.48531474387645723
752,876,124,0.124,0.4464569709959906
752,876,124,0.124,0.4941480433642864
752,876,124,0.124,0.46023899503611027
772,886,114,0.114,0.4456304842531681
808,904,96,0.096,0.4428259438276291
690,845,155,0.155,0.47916712109744547
762,881,119,0.119,0.43724248666397975
794,897,103,0.103,0.4092086090706289
720,860,140,0.14,0.4380070518106222
752,876,124,0.124,0.39513698068261144
762,881,119,0.119,0.40936736236134313
798,899,101,0.101,0.4238678601831198
708,854,146,0.146,0.44327598788536854
728,864,136,0.136,0.4431705596596003
798,899,101,0.101,0.4647043624818325
740,870,130,0.13,0.4969789769981351
762,881,119,0.119,0.4574070836007595
716,858,142,0.142,0.5059457865059376
780,890,110,0.11,0.45874819764494895
768,884,116,0.116,0.43484119477979466
768,884,116,0.116,0.4520099865309894
796,898,102,0.102,0.42083656080067156
698,849,151,0.151,0.4767746848813258
732,866,134,0.134,0.47072846433520316
718,859,141,0.141,0.448842963963747
732,866,134,0.134,0.48422764804959295
722,861,139,0.139,0.530905797034502
730,865,135,0.135,0.5227914591133594
738,869,131,0.131,0.5592302369810641
828,914,86,0.086,0.4880671074092388
758,879,121,0.121,0.5316413177847862
706,853,147,0.147,0.5631140859723092
706,853,147,0.147,0.5560339490175247
756,878,122,0.122,0.5439278572805343
744,872,128,0.128,0.5157939482852817
744,872,128,0.128,0.5398725582212209
782,891,109,0.109,0.5029148645102978
708,854,146,0.146,0.5574858711957932
704,852,148,0.148,0.5157929314139765
766,883,117,0.117,0.4685449742227793
808,904,96,0.096,0.43578338715434073
726,863,137,0.137,0.4670990263931453
750,875,125,0.125,0.4408939189463854
816,908,92,0.092,0.4354589349320158
744,872,128,0.128,0.4561027181148529
784,892,108,0.108,0.470129251530394
736,868,132,0.132,0.48476345345377925
800,900,100,0.1,0.4604730659723282
738,869,131,0.131,0.5183579031527042
776,888,112,0.112,0.46081784582138063
758,879,121,0.121,0.5050562389045954
808,904,96,0.096,0.4780878479559906
760,880,120,0.12,0.509757360547781
786,893,107,0.107,0.49669530780613425
740,870,130,0.13,0.53303455427289
770,885,115,0.115,0.49864644145965575
810,905,95,0.095,0.47366623421013354
760,880,120,0.12,0.4797767805606127
738,869,131,0.131,0.524021578822285
784,892,108,0.108,0.4692652010186171
768,884,116,0.116,0.4926301255375147
786,893,107,0.107,0.5065439704060555
748,874,126,0.126,0.5055769059509039
750,875,125,0.125,0.49285303037893025
794,897,103,0.103,0.4915734046190628
696,848,152,0.152,0.5354684384465218
746,873,127,0.127,0.5493422675728797
786,893,107,0.107,0.5364668053612113
720,860,140,0.14,0.5790859404351795
796,898,102,0.102,0.5489387490749359
696,848,152,0.152,0.5986514991670847
750,875,125,0.125,0.5633337464630603
808,904,96,0.096,0.5369097626209259
768,884,116,0.116,0.5610248308777809
806,903,97,0.097,0.5317766182560008
760,880,120,0.12,0.5334101434648036
764,882,118,0.118,0.5603140720725059
762,881,119,0.119,0.5637409698739648
764,882,118,0.118,0.5567266756892204
754,877,123,0.123,0.560246511664936
718,859,141,0.141,0.581260447164037
792,896,104,0.104,0.5811241163611413
668,834,166,0.166,0.5876422683000565
752,876,124,0.124,0.5422203012347454
734,867,133,0.133,0.5367971198519809
722,861,139,0.139,0.5476936525106431
678,839,161,0.161,0.5691265923976943
702,851,149,0.149,0.5770272818207741
712,856,144,0.144,0.549852787733078
680,840,160,0.16,0.5629053857252002
780,890,110,0.11,0.5046504523456097
736,868,132,0.132,0.5066357712708414
724,862,138,0.138,0.4887638134248555
762,881,119,0.119,0.4402309966087341
762,881,119,0.119,0.4526559466049075
802,901,99,0.099,0.39108455910404155
744,872,128,0.128,0.416365563839674
778,889,111,0.111,0.40841370924562215
798,899,101,0.101,0.4037107922807336
738,869,131,0.131,0.4307675000748131
698,849,151,0.151,0.4235554330064915
808,904,96,0.096,0.41183359699323774
788,894,106,0.106,0.37651744620403044
760,880,120,0.12,0.3905964638013393
780,890,110,0.11,0.38353055576980116
696,848,152,0.152,0.39601543814971024
798,899,101,0.101,0.356472296807915
756,878,122,0.122,0.36666521011292935
806,903,97,0.097,0.37511279179155826
748,874,126,0.126,0.3714434011206031
714,857,143,0.143,0.3706564892418683
740,870,130,0.13,0.3784156481413229
694,847,153,0.153,0.38564560367166995
794,897,103,0.103,0.30798373643814597
722,861,139,0.139,0.37125133160501717
768,884,116,0.116,0.3361899758726358
766,883,117,0.117,0.334517896078527
784,892,108,0.108,0.3184071331923551
760,880,120,0.12,0.31501858684420586
776,888,112,0.112,0.28494754859805105
782,891,109,0.109,0.2745784788429737
812,906,94,0.094,0.2692681640539086
690,845,155,0.155,0.2899587213040247
704,852,148,0.148,0.31165234958022664
692,846,154,0.154,0.3030333024803549
730,865,135,0.135,0.2945111787067726
738,869,131,0.131,0.29248960290104153
802,901,99,0.099,0.2633768008295447
722,861,139,0.139,0.285186579041183
770,885,115,0.115,0.28377301671355964
782,891,109,0.109,0.26164684615656736
704,852,148,0.148,0.25976740837058243
678,839,161,0.161,0.2791179876644164
790,895,105,0.105,0.22141962187056213
744,872,128,0.128,0.24726755803823472
698,849,151,0.151,0.27251278499141335
696,848,152,0.152,0.2642596131861211
684,842,158,0.158,0.3104662476032972
806,903,97,0.097,0.27264517758786677
768,884,116,0.116,0.28396091461365597
750,875,125,0.125,0.2870177363753319
778,889,111,0.111,0.2719251451194286
788,894,106,0.106,0.25696465575508776
830,915,85,0.085,0.2351293092891574
812,906,94,0.094,0.22215766324475408
786,893,107,0.107,0.25796459046751263
772,886,114,0.114,0.22998776284605266
746,873,127,0.127,0.26654114651493727
744,872,128,0.128,0.2715556399300694
726,863,137,0.137,0.276754400677979
804,902,98,0.098,0.26359022565558554
734,867,133,0.133,0.3318435692936182
722,861,139,0.139,0.3422208948582411
800,900,100,0.1,0.3103585777676199
766,883,117,0.117,0.30399419194832444
760,880,120,0.12,0.2922047571572075
786,893,107,0.107,0.28845967388153076
744,872,128,0.128,0.28779687740287047
734,867,133,0.133,0.28516409747302535
780,890,110,0.11,0.32341560796648267
794,897,103,0.103,0.2833505069762468
750,875,125,0.125,0.28681036227941514
762,881,119,0.119,0.3073889951496385
740,870,130,0.13,0.29645685967057944
824,912,88,0.088,0.3007851289510727
714,857,143,0.143,0.2975448563285172
738,869,131,0.131,0.28408728214353324
730,865,135,0.135,0.32311301037855444
786,893,107,0.107,0.28950290096737447
788,894,106,0.106,0.28912766589224337
734,867,133,0.133,0.29484474408626554
758,879,121,0.121,0.28944626032188536
758,879,121,0.121,0.32472625403106214
800,900,100,0.1,0.29070418551564214
792,896,104,0.104,0.30879079807116067
794,897,103,0.103,0.28585641365498304
732,866,134,0.134,0.2963961674049497
758,879,121,0.121,0.2999186867963763
758,879,121,0.121,0.29596506284922364
684,842,158,0.158,0.28474131628125904
770,885,115,0.115,0.2853000733032823
752,876,124,0.124,0.2758524821959436
818,909,91,0.091,0.27326931712403896
732,866,134,0.134,0.31855834751576184
776,888,112,0.112,0.2825713566497143
776,888,112,0.112,0.2801312353499543
778,889,111,0.111,0.3123508042168687
766,883,117,0.117,0.3195911336876452
722,861,139,0.139,0.2994716844754294
792,896,104,0.104,0.29089969165809454
716,858,142,0.142,0.3167301616296172
754,877,123,0.123,0.34201376053690913
726,863,137,0.137,0.3922102438956499
726,863,137,0.137,0.33921100364183077
794,897,103,0.103,0.3416376380013535
762,881,119,0.119,0.3773120577931404
756,878,122,0.122,0.3573371629714966
778,889,111,0.111,0.34640077255060897
710,855,145,0.145,0.3937943324092776
794,897,103,0.103,0.32292526539268146
702,851,149,0.149,0.36230226327478887
776,888,112,0.112,0.3295330216372386
762,881,119,0.119,0.3614916366040707
754,877,123,0.123,0.31554620626568797
728,864,136,0.136,0.3536842710003257
796,898,102,0.102,0.31352833278069736
758,879,121,0.121,0.370735154107213
678,839,161,0.161,0.37841507860725504
776,888,112,0.112,0.34748886646330357
810,905,95,0.095,0.33056168881058695
818,909,91,0.091,0.3162592728100717
740,870,130,0.13,0.31267860732227565
786,893,107,0.107,0.3246686784084886
780,890,110,0.11,0.3114963257908821
796,898,102,0.102,0.3355340058943257
736,868,132,0.132,0.32099281300604343
726,863,137,0.137,0.3121274803634733
830,915,85,0.085,0.2818818967714906
758,879,121,0.121,0.3139910795763135
736,868,132,0.132,0.30515638246387244
824,912,88,0.088,0.2984570365846157
744,872,128,0.128,0.32632038478553294
748,874,126,0.126,0.3219776716530323
732,866,134,0.134,0.3345290777874179
760,880,120,0.12,0.3156452970132232
758,879,121,0.121,0.3210618313550949
782,891,109,0.109,0.30374352517793884
766,883,117,0.117,0.32592999524623156
762,881,119,0.119,0.33239403741434215
796,898,102,0.102,0.3050749254973064
740,870,130,0.13,0.3270029295798595
736,868,132,0.132,0.3555290670245886
776,888,112,0.112,0.3269298642575741
790,895,105,0.105,0.3401301943212748
748,874,126,0.126,0.3368398998007178
774,887,113,0.113,0.3149454010799527
726,863,137,0.137,0.3142221858054399
700,850,150,0.15,0.30209433322399853
826,913,87,0.087,0.2990737654790282
778,889,111,0.111,0.30759703619778156
744,872,128,0.128,0.3255894717797637
672,836,164,0.164,0.3388275511703067
742,871,129,0.129,0.3293938213142101
762,881,119,0.119,0.3367180507034063
744,872,128,0.128,0.3467715106875403
762,881,119,0.119,0.34698870609514415
778,889,111,0.111,0.3312269026190042
774,887,113,0.113,0.33093265138566497
790,895,105,0.105,0.34445196053385735
772,886,114,0.114,0.3265950503200293
772,886,114,0.114,0.31841424058750273
788,894,106,0.106,0.32554792433604596
788,894,106,0.106,0.29257911562919614
828,914,86,0.086,0.28463930390775205
772,886,114,0.114,0.28727297123149037
754,877,123,0.123,0.27813597399741413
768,884,116,0.116,0.26378533723950387
766,883,117,0.117,0.2874917019791901
762,881,119,0.119,0.3312193032503128
750,875,125,0.125,0.3764217922240496
722,861,139,0.139,0.3755741205960512
756,878,122,0.122,0.3617353665971315
696,848,152,0.152,0.3932006306417752
800,900,100,0.1,0.34276338475383816
764,882,118,0.118,0.3387300532162208
754,877,123,0.123,0.3519436027873307
820,910,90,0.09,0.30805203336477277
746,873,127,0.127,0.3157165876254439
794,897,103,0.103,0.32055438312888146
732,866,134,0.134,0.31671531845629214
768,884,116,0.116,0.32534314299374817
782,891,109,0.109,0.3285752763779636
714,857,143,0.143,0.3270109103396535
750,875,125,0.125,0.36051903004944325
702,851,149,0.149,0.344885612770915
794,897,103,0.103,0.29484092235914433
796,898,102,0.102,0.2845202580690384
748,874,126,0.126,0.34056641505658625
784,892,108,0.108,0.30528775915503503
774,887,113,0.113,0.2780872361357906
772,886,114,0.114,0.3002029177248478
808,904,96,0.096,0.3031117746978998
812,906,94,0.094,0.2510706134811044
726,863,137,0.137,0.2883383842334161
724,862,138,0.138,0.2600984408278018
754,877,123,0.123,0.2881046227179468
750,875,125,0.125,0.3121593872250768
812,906,94,0.094,0.2679751398935914
770,885,115,0.115,0.2798310661315918
740,870,130,0.13,0.294082238342613
738,869,131,0.131,0.2636413194658235
766,883,117,0.117,0.2518223022334278
714,857,143,0.143,0.25824472863972187
728,864,136,0.136,0.2406892851688899
692,846,154,0.154,0.23428324813768267
784,892,108,0.108,0.21680373622803017
740,870,130,0.13,0.2384327396452427
726,863,137,0.137,0.22465313076811436
800,900,100,0.1,0.2044800782930106
750,875,125,0.125,0.20756040317232216
762,881,119,0.119,0.20213211714103818
786,893,107,0.107,0.19569862025231122
744,872,128,0.128,0.19965910018607974
770,885,115,0.115,0.19952992976438716
832,916,84,0.084,0.1649738430415972
784,892,108,0.108,0.1850558114964515
768,884,116,0.116,0.18877993420511485
744,872,128,0.128,0.1933239006847143
756,878,122,0.122,0.1999632480405271
750,875,125,0.125,0.18380693409219384
752,876,124,0.124,0.2064747669704957
702,851,149,0.149,0.23396163024380803
760,880,120,0.12,0.22401465455349534
710,855,145,0.145,0.24543935299664735
810,905,95,0.095,0.20659351719915867
792,896,104,0.104,0.20295456402748824
676,838,162,0.162,0.23349078552426214
778,889,111,0.111,0.20925460866985304
742,871,129,0.129,0.22123211634623657
788,894,106,0.106,0.21175630065053702
804,902,98,0.098,0.20719447986036538
726,863,137,0.137,0.20530422091306536
734,867,133,0.133,0.2150589535704459
752,876,124,0.124,0.19861535646952688
750,875,125,0.125,0.22445423571020365
772,886,114,0.114,0.2115490932771936
746,873,127,0.127,0.24518917481601238
728,864,136,0.136,0.25949394273012877
732,866,134,0.134,0.27418240127310856
778,889,111,0.111,0.26396265664207746
808,904,96,0.096,0.25720569674670696
704,852,148,0.148,0.2733650205284357
790,895,105,0.105,0.2265182234197855
808,904,96,0.096,0.21477010499034077
732,866,134,0.134,0.21049988779870227
772,886,114,0.114,0.1873937871400267
718,859,141,0.141,0.21538461210392415
792,896,104,0.104,0.1901412217412144
754,877,123,0.123,0.20683585952967407
754,877,123,0.123,0.21096612163633108
736,868,132,0.132,0.22137680140510202
826,913,87,0.087,0.2105302744433284
736,868,132,0.132,0.22236432487668936
776,888,112,0.112,0.19809063931554555
800,900,100,0.1,0.19070124496892094
756,878,122,0.122,0.197239114541444
738,869,131,0.131,0.20968375737404335
782,891,109,0.109,0.18738368476966571
786,893,107,0.107,0.17473114002402873
728,864,136,0.136,0.2007767283914145
794,897,103,0.103,0.18473986914115084
778,889,111,0.111,0.2100922943353653
696,848,152,0.152,0.20698925216495992
790,895,105,0.105,0.21164548230171204
738,869,131,0.131,0.23844050344079734
698,849,151,0.151,0.23581739555299283
762,881,119,0.119,0.2188261672332883
782,891,109,0.109,0.20445105630904437
770,885,115,0.115,0.2104984259903431
826,913,87,0.087,0.1817305755764246
772,886,114,0.114,0.20097580424789338
772,886,114,0.114,0.18690197418630122
792,896,104,0.104,0.19330409564077855
742,871,129,0.129,0.2256587456264533
768,884,116,0.116,0.21143120698054554
736,868,132,0.132,0.2296935984864831
740,870,130,0.13,0.24211812021583318
738,869,131,0.131,0.23982094844430685
742,871,129,0.129,0.2571383242085576
754,877,123,0.123,0.2503493270128965
726,863,137,0.137,0.24412876883149148
802,901,99,0.099,0.21046605378761887
820,910,90,0.09,0.2208090268075466
760,880,120,0.12,0.21641468700766564
746,873,127,0.127,0.2289324148652105
682,841,159,0.159,0.24071590520441533
694,847,153,0.153,0.20534399454668165
716,858,142,0.142,0.25498909889161586
698,849,151,0.151,0.258700775776495
816,908,92,0.092,0.2434367853179574
754,877,123,0.123,0.25491025025676933
766,883,117,0.117,0.26862237200140954
710,855,145,0.145,0.2807223616451665
736,868,132,0.132,0.2515223947390914
798,899,101,0.101,0.24950486158579596
746,873,127,0.127,0.24841866442235033
704,852,148,0.148,0.265205441147089
734,867,133,0.133,0.2293050672262907
766,883,117,0.117,0.2551168271247298
806,903,97,0.097,0.23358758623090398
778,889,111,0.111,0.2553970126323402
768,884,116,0.116,0.24930662692710756
702,851,149,0.149,0.26054016760527154
776,888,112,0.112,0.24985703460127115
822,911,89,0.089,0.23276977374684066
762,881,119,0.119,0.27859526095539333
822,911,89,0.089,0.2395743274241686
738,869,131,0.131,0.2619675138071179
730,865,135,0.135,0.23604804944992067
784,892,108,0.108,0.23587518649548292
750,875,125,0.125,0.24134550781548023
748,874,126,0.126,0.26750274938344953
672,836,164,0.164,0.293942559113726
742,871,129,0.129,0.270835999712348
760,880,120,0.12,0.25023292590677737
760,880,120,0.12,0.2837090922654061
778,889,111,0.111,0.25019119879604484
720,860,140,0.14,0.28956250523775817
778,889,111,0.111,0.2687896466180682
756,878,122,0.122,0.2460130477808416
718,859,141,0.141,0.26275612362474204
672,836,164,0.164,0.28077019268739967
756,878,122,0.122,0.24510111431777476
774,887,113,0.113,0.24999775622785092
666,833,167,0.167,0.25623136579990385
762,881,119,0.119,0.25298906770627944
742,871,129,0.129,0.26309678798913955
754,877,123,0.123,0.21966069180425257
786,893,107,0.107,0.2002118839547038
794,897,103,0.103,0.18614548296737485
766,883,117,0.117,0.18387733580730856
768,884,116,0.116,0.19439870768040418
780,890,110,0.11,0.18316716616864143
770,885,115,0.115,0.19248638745769858
712,856,144,0.144,0.19408360012620687
800,900,100,0.1,0.18837908806256018
746,873,127,0.127,0.19216395154769997
728,864,136,0.136,0.21466594921052456
812,906,94,0.094,0.19875351013243198
724,862,138,0.138,0.23556862634947273
728,864,136,0.136,0.20716376182809473
804,902,98,0.098,0.2085113998299057
794,897,103,0.103,0.21170396572351455
692,846,154,0.154,0.22627543706074357
738,869,131,0.131,0.22647042639553547
752,876,124,0.124,0.22068877605348824
796,898,102,0.102,0.20012949338927866
816,908,92,0.092,0.16425179468281567
786,893,107,0.107,0.1864360530488193
730,865,135,0.135,0.17685519088525326
786,893,107,0.107,0.17003576523810626
814,907,93,0.093,0.15851653785258532
798,899,101,0.101,0.17724735581874848
778,889,111,0.111,0.1818037652106202
720,860,140,0.14,0.18074123165942751
748,874,126,0.126,0.1835962191335857
766,883,117,0.117,0.18090243105590342
744,872,128,0.128,0.18243751676008105
780,890,110,0.11,0.18535010875276373
782,891,109,0.109,0.18686747971735895
736,868,132,0.132,0.18335045189037918
790,895,105,0.105,0.17636382186738775
762,881,119,0.119,0.18843803920783103
804,902,98,0.098,0.15133385019004345
764,882,118,0.118,0.1753225796893239
776,888,112,0.112,0.1581525883600116
804,902,98,0.098,0.14476731514090352
718,859,141,0.141,0.1544310183522757
808,904,96,0.096,0.12831058110267932
768,884,116,0.116,0.15509516051784158
774,887,113,0.113,0.13819716319438158
688,844,156,0.156,0.1641735099736367
816,908,92,0.092,0.1425798245615942
822,911,89,0.089,0.14286380296433346
730,865,135,0.135,0.15062319326028228
750,875,125,0.125,0.1374759146068245
770,885,115,0.115,0.1492295280992985
778,889,111,0.111,0.12402457734569908
816,908,92,0.092,0.11588913190240419
802,901,99,0.099,0.1125173426726833
702,851,149,0.149,0.13181127278879284
822,911,89,0.089,0.11603144087211695
742,871,129,0.129,0.15772425619512798
754,877,123,0.123,0.15313515050150453
732,866,134,0.134,0.18857949252799153
710,855,145,0.145,0.1848216591104865
788,894,106,0.106,0.15132707444974766
704,852,148,0.148,0.19544954643164966
802,901,99,0.099,0.15350607125530952
794,897,103,0.103,0.14859266143012792
770,885,115,0.115,0.15737327297404408
808,904,96,0.096,0.13652208193391563
748,874,126,0.126,0.14962155140191316
788,894,106,0.106,0.14046802957728505
806,903,97,0.097,0.13809333409341987
722,861,139,0.139,0.16614335327222943
750,875,125,0.125,0.14074754344299437
780,890,110,0.11,0.145981927501638
690,845,155,0.155,0.17265289416909219
740,870,130,0.13,0.14254318428598345
742,871,129,0.129,0.13669677584432066
740,870,130,0.13,0.13400491063855588
750,875,125,0.125,0.1233047276288271
778,889,111,0.111,0.12372304913261906
736,868,132,0.132,0.13906657862849534
776,888,112,0.112,0.11732932779495604
800,900,100,0.1,0.11393411115370691
818,909,91,0.091,0.10100450878776764
744,872,128,0.128,0.11391220752149821
782,891,109,0.109,0.11545465124060764
720,860,140,0.14,0.1214160779658705
798,899,101,0.101,0.12168554768338799
760,880,120,0.12,0.11490286062005907
772,886,114,0.114,0.12317317512910814
770,885,115,0.115,0.14165204103291035
790,895,105,0.105,0.12133416067250073
736,868,132,0.132,0.12255560056120157
818,909,91,0.091,0.11517682380415499
840,920,80,0.08,0.11041096484536919
758,879,121,0.121,0.12837696876182872
790,895,105,0.105,0.117569625005126
758,879,121,0.121,0.11874144323771024
792,896,104,0.104,0.10691501270467416
786,893,107,0.107,0.11360928524099291
738,869,131,0.131,0.1279636577386409
748,874,126,0.126,0.1262435800433159
798,899,101,0.101,0.1318816029727459
728,864,136,0.136,0.1449277727920562
760,880,120,0.12,0.1295109386772615
804,902,98,0.098,0.1089668599292636
796,898,102,0.102,0.11125263900868594
710,855,145,0.145,0.12276992739524575
712,856,144,0.144,0.1269466820023954
784,892,108,0.108,0.10933421133458614
728,864,136,0.136,0.10032621983252465
732,866,134,0.134,0.11686128537199693
724,862,138,0.138,0.13299383852933533
766,883,117,0.117,0.1203216840494424
760,880,120,0.12,0.13992707301303745
728,864,136,0.136,0.13162545569613576
770,885,115,0.115,0.12758235507830978
724,862,138,0.138,0.1306936714462936
808,904,96,0.096,0.10408180098049344
856,928,72,0.072,0.09262213267479091
770,885,115,0.115,0.10015196306374856
742,871,129,0.129,0.10429304199479521
776,888,112,0.112,0.11468201720365534
732,866,134,0.134,0.10569736494711833
752,876,124,0.124,0.11373122990690172
794,897,103,0.103,0.0988845129564579
766,883,117,0.117,0.09898021548341114
786,893,107,0.107,0.10819100470095873
780,890,110,0.11,0.0963397603421472
730,865,135,0.135,0.12763584758830257
790,895,105,0.105,0.10350167057476937
806,903,97,0.097,0.10900911331456155
808,904,96,0.096,0.11183686230145395
750,875,125,0.125,0.11637144632637501
814,907,93,0.093,0.09498980673216283
764,882,118,0.118,0.10301115022227168
774,887,113,0.113,0.1037406462803483
752,876,124,0.124,0.10848853604122996
764,882,118,0.118,0.11711829850263894
800,900,100,0.1,0.1276156332977116
774,887,113,0.113,0.12909248559270053
730,865,135,0.135,0.16138486282899975
712,856,144,0.144,0.15482479080926695
750,875,125,0.125,0.1568970695026219
762,881,119,0.119,0.14398364947154188
776,888,112,0.112,0.16180342936515807
712,856,144,0.144,0.15707711576647126
744,872,128,0.128,0.15914936140924693
800,900,100,0.1,0.1451946216565557
736,868,132,0.132,0.14510675908527446
746,873,127,0.127,0.16642586630769074
788,894,106,0.106,0.15953323188051582
802,901,99,0.099,0.13754902543872594
762,881,119,0.119,0.14275073843821884
778,889,111,0.111,0.1419549224134662
744,872,128,0.128,0.1399221089127095
734,867,133,0.133,0.14300644603720866
764,882,118,0.118,0.13051956468075515
736,868,132,0.132,0.15947030298871687
780,890,110,0.11,0.13741892391070723
764,882,118,0.118,0.13853799309954049
754,877,123,0.123,0.13457359309628236
780,890,110,0.11,0.15586860503256322
792,896,104,0.104,0.1227098048349144
740,870,130,0.13,0.1362241565771401
744,872,128,0.128,0.1255217805910122
782,891,109,0.109,0.13105611657482222
782,891,109,0.109,0.1335452669474762
786,893,107,0.107,0.14495169902592897
742,871,129,0.129,0.14562738094851374
758,879,121,0.121,0.15354877823218704
790,895,105,0.105,0.13787727041446884
766,883,117,0.117,0.1663315459303558
794,897,103,0.103,0.13092497637192718
752,876,124,0.124,0.13886088928061538
726,863,137,0.137,0.14349393459223211
758,879,121,0.121,0.15042938643693923
736,868,132,0.132,0.1715896720448509
750,875,125,0.125,0.15976145226880908
698,849,151,0.151,0.1708431216320314
760,880,120,0.12,0.15722137165628375
760,880,120,0.12,0.16497500577819027
764,882,118,0.118,0.18168955663964154
790,895,105,0.105,0.16682387717068195
854,927,73,0.073,0.15359225999936463
772,886,114,0.114,0.1439097506920807
734,867,133,0.133,0.14439790708199143
720,860,140,0.14,0.13969702997828523
732,866,134,0.134,0.1316687461156398
766,883,117,0.117,0.14192206045985223
758,879,121,0.121,0.15657342941785465
750,875,125,0.125,0.13565162122249602
740,870,130,0.13,0.1555212070904672
750,875,125,0.125,0.1749664338976145
754,877,123,0.123,0.17152571889758111
826,913,87,0.087,0.14020578955366922
750,875,125,0.125,0.16193357457965613
822,911,89,0.089,0.12982480847641453
712,856,144,0.144,0.1407930174022913
804,902,98,0.098,0.11539442467316985
786,893,107,0.107,0.11912099812366068
730,865,135,0.135,0.13582681965082885
756,878,122,0.122,0.13399747011438012
770,885,115,0.115,0.1431093007698655
780,890,110,0.11,0.13606238499376924
708,854,146,0.146,0.17352054378017784
758,879,121,0.121,0.1579654047600925
748,874,126,0.126,0.14828959466889502
762,881,119,0.119,0.16361429462209343
760,880,120,0.12,0.15203465053066612
774,887,113,0.113,0.15316862282529473
770,885,115,0.115,0.1554238986559212
774,887,113,0.113,0.14227677596313879
762,881,119,0.119,0.13257693060487508
766,883,117,0.117,0.13158358467835932
682,841,159,0.159,0.15659896136447787
716,858,142,0.142,0.1622822724901733
748,874,126,0.126,0.1627557568186894
780,890,110,0.11,0.15039633909612893
732,866,134,0.134,0.1663569529671222
760,880,120,0.12,0.1650078108906746
772,886,114,0.114,0.15924871641024946
768,884,116,0.116,0.14242375710979105
756,878,122,0.122,0.1546941822171211
784,892,108,0.108,0.1491107680760324
770,885,115,0.115,0.14458834959566594
784,892,108,0.108,0.12047690354137446
720,860,140,0.14,0.15057376776263118
752,876,124,0.124,0.14910026758503955
800,900,100,0.1,0.13382775029260682
790,895,105,0.105,0.15812663393467666
708,854,146,0.146,0.15923216065391899
756,878,122,0.122,0.16993110845610498
790,895,105,0.105,0.15389951777085661
732,866,134,0.134,0.18176224271953106
820,910,90,0.09,0.1576694104205817
740,870,130,0.13,0.21074671968154962
770,885,115,0.115,0.15569337388314305
708,854,146,0.146,0.18248798482120038
718,859,141,0.141,0.17854711205190493
710,855,145,0.145,0.18274474347942168
746,873,127,0.127,0.19958293344744016
736,868,132,0.132,0.18160258775204421
700,850,150,0.15,0.19287272283434867
722,861,139,0.139,0.21439305718243123
786,893,107,0.107,0.19382390011880857
780,890,110,0.11,0.20305045987311227
772,886,114,0.114,0.21181620454415678
786,893,107,0.107,0.1993446095660329
774,887,113,0.113,0.1761745457397774
740,870,130,0.13,0.19310732152312993
714,857,143,0.143,0.18865940312296153
792,896,104,0.104,0.16450491657853125
760,880,120,0.12,0.18355952624976635
780,890,110,0.11,0.20247903855144977
730,865,135,0.135,0.17127473781257868
802,901,99,0.099,0.17896591086685656
782,891,109,0.109,0.19068896777432748
810,905,95,0.095,0.19389737200737
720,860,140,0.14,0.21511129924654962
778,889,111,0.111,0.18045859799231403
762,881,119,0.119,0.1725184263214469
772,886,114,0.114,0.16447199040278793
810,905,95,0.095,0.16196338615193964
760,880,120,0.12,0.15780391858890652
770,885,115,0.115,0.15660681731253862
758,879,121,0.121,0.16028461321815848
754,877,123,0.123,0.15504212630540132
798,899,101,0.101,0.14002888868376612
722,861,139,0.139,0.1875126644335687
746,873,127,0.127,0.17674986878409982
724,862,138,0.138,0.17376961245015263
752,876,124,0.124,0.17684601100534228
748,874,126,0.126,0.18715593936666847
748,874,126,0.126,0.17727401241660118
798,899,101,0.101,0.1607482844814658
716,858,142,0.142,0.2009412848763168
810,905,95,0.095,0.14071967312321068
788,894,106,0.106,0.13575125597789883
728,864,136,0.136,0.149674407877028
778,889,111,0.111,0.1421261222437024
738,869,131,0.131,0.15377445096150041
778,889,111,0.111,0.1251276119146496
774,887,113,0.113,0.14239877693355082
774,887,113,0.113,0.14064996323082596
786,893,107,0.107,0.15923960551992059
728,864,136,0.136,0.1741660950580199
742,871,129,0.129,0.1590188030136973
736,868,132,0.132,0.1710692348256707
758,879,121,0.121,0.15544175921939313
732,866,134,0.134,0.16468138217583692
788,894,106,0.106,0.16046991279348732
712,856,144,0.144,0.16751734549622052
776,888,112,0.112,0.13730527931405231
790,895,105,0.105,0.15028223432973029
752,876,124,0.124,0.148577467643423
808,904,96,0.096,0.1218890162250027
666,833,167,0.167,0.1578892687363455
826,913,87,0.087,0.11609843624942005
770,885,115,0.115,0.14416582166962325
798,899,101,0.101,0.13315927851572656
778,889,111,0.111,0.147760409751907
734,867,133,0.133,0.1544363301768899
778,889,111,0.111,0.13339977776844536
712,856,144,0.144,0.16205587969953195
728,864,136,0.136,0.17348329258337616
768,884,116,0.116,0.15214552126053604
782,891,109,0.109,0.14721411360800266
818,909,91,0.091,0.14576620508357882
722,861,139,0.139,0.13757350266119464
788,894,106,0.106,0.1301555661521852
798,899,101,0.101,0.132118145245405
804,902,98,0.098,0.12524294224008917
760,880,120,0.12,0.13569484570249915
806,903,97,0.097,0.13959277220908553
712,856,144,0.144,0.1409804702096153
796,898,102,0.102,0.1304120632056147
746,873,127,0.127,0.15544828533381225
808,904,96,0.096,0.13576682051829994
788,894,106,0.106,0.14967435639351606
706,853,147,0.147,0.1501154203079641
728,864,136,0.136,0.1659101343676448
750,875,125,0.125,0.1520759153594263
744,872,128,0.128,0.1532601562347263
718,859,141,0.141,0.14950743136182426
756,878,122,0.122,0.16489634877815842
752,876,124,0.124,0.13753339634498116
762,881,119,0.119,0.16688102272618563
748,874,126,0.126,0.1657688226242749
692,846,154,0.154,0.17472305496782065
814,907,93,0.093,0.15710844170674682
768,884,116,0.116,0.15638275406695903
768,884,116,0.116,0.15283525234845002
778,889,111,0.111,0.13569297949738324
782,891,109,0.109,0.1538174850810319
762,881,119,0.119,0.13789159929851302
766,883,117,0.117,0.1392452844704967
800,900,100,0.1,0.14141099934838713
722,861,139,0.139,0.15966616672091186
760,880,120,0.12,0.15047240285389124
798,899,101,0.101,0.13656616004370153
714,857,143,0.143,0.1701390029285103
808,904,96,0.096,0.1519233304336667
770,885,115,0.115,0.1736323843859136
808,904,96,0.096,0.14333295719698072
690,845,155,0.155,0.15501973845987446
826,913,87,0.087,0.12043941554427147
776,888,112,0.112,0.12897949935495853
814,907,93,0.093,0.13610193901881576
730,865,135,0.135,0.16803768051788212
780,890,110,0.11,0.1529567418694496
814,907,93,0.093,0.14180277305841446
764,882,118,0.118,0.14961187122389674
748,874,126,0.126,0.15868935909867288
756,878,122,0.122,0.15919344221736537
730,865,135,0.135,0.15650490301847458
784,892,108,0.108,0.156750957370612
728,864,136,0.136,0.18294831570610404
714,857,143,0.143,0.17139988355711103
870,935,65,0.065,0.1553753634765744
788,894,106,0.106,0.17741221622005104
794,897,103,0.103,0.1521394881606102
774,887,113,0.113,0.17038181095907567
828,914,86,0.086,0.14041282277324355
848,924,76,0.076,0.1335791195873171
794,897,103,0.103,0.13426014267653227
764,882,118,0.118,0.1499172805994749
762,881,119,0.119,0.14439455848815852
758,879,121,0.121,0.15039539525052534
782,891,109,0.109,0.1595914578717202
758,879,121,0.121,0.16254432040825487
770,885,115,0.115,0.1755101799890399
700,850,150,0.15,0.19030607242137193
756,878,122,0.122,0.18458181785128544
734,867,133,0.133,0.18762509450968354
766,883,117,0.117,0.1780332618318498
758,879,121,0.121,0.16656812476497726
764,882,118,0.118,0.18226865629479289
770,885,115,0.115,0.17263648478892038
754,877,123,0.123,0.17125248200818896
728,864,136,0.136,0.1612635369898127
760,880,120,0.12,0.16486938651651145
798,899,101,0.101,0.15087963599868817
766,883,117,0.117,0.15520166424547782
784,892,108,0.108,0.1650044798925519
776,888,112,0.112,0.15189572267979384
736,868,132,0.132,0.16680485237389803
770,885,115,0.115,0.15829603536054493
714,857,143,0.143,0.17839785956440027
778,889,111,0.111,0.18259914202801883
802,901,99,0.099,0.19024448159430177
690,845,155,0.155,0.20568974975496532
766,883,117,0.117,0.20658053030818702
796,898,102,0.102,0.16307306106342004
702,851,149,0.149,0.1968209467821871
764,882,118,0.118,0.18885493014380336
778,889,111,0.111,0.18621374167315663
770,885,115,0.115,0.1609433452209251
698,849,151,0.151,0.17548756391888673
798,899,101,0.101,0.16455765748023987
782,891,109,0.109,0.16823733232263477
740,870,130,0.13,0.17484597466886043
770,885,115,0.115,0.15688456497713923
800,900,100,0.1,0.18201994790323314
710,855,145,0.145,0.19476657709106804
712,856,144,0.144,0.20900455536460505
784,892,108,0.108,0.18275657170265913
734,867,133,0.133,0.20169777436897857
746,873,127,0.127,0.2163881059885025
796,898,102,0.102,0.19146423008851707
772,886,114,0.114,0.19086648371443152
754,877,123,0.123,0.20572229031845926
756,878,122,0.122,0.19428766765818
744,872,128,0.128,0.19288295525871219
682,841,159,0.159,0.2249356088731438
740,870,130,0.13,0.19380194605928772
730,865,135,0.135,0.18392403269599356
800,900,100,0.1,0.16706279762089252
746,873,127,0.127,0.184506762634146
790,895,105,0.105,0.17316210106760263
724,862,138,0.138,0.16251864660251886
768,884,116,0.116,0.1573158027380705
702,851,149,0.149,0.1938004962168634
732,866,134,0.134,0.15953946756827644
800,900,100,0.1,0.14291648725932465
754,877,123,0.123,0.13979274418763815
764,882,118,0.118,0.14541641553025692
784,892,108,0.108,0.13058412097021938
734,867,133,0.133,0.12712451459423782
774,887,113,0.113,0.12241793239067192
794,897,103,0.103,0.11428887736638922
764,882,118,0.118,0.12160337655863258
752,876,124,0.124,0.15881259550099094
742,871,129,0.129,0.1589043776683975
760,880,120,0.12,0.14797858958158366
782,891,109,0.109,0.14535885992646216
808,904,96,0.096,0.1260506174825132
752,876,124,0.124,0.12749407813651487
736,868,132,0.132,0.14264036679657874
744,872,128,0.128,0.14079729841882363
802,901,99,0.099,0.1198776792343706
794,897,103,0.103,0.11461483549536206
818,909,91,0.091,0.10724152101569052
778,889,111,0.111,0.12155196655727923
734,867,133,0.133,0.13042898355275975
792,896,104,0.104,0.1142572365143424
804,902,98,0.098,0.11971000965684653
826,913,87,0.087,0.11078238912834786
732,866,134,0.134,0.1294705737933982
742,871,129,0.129,0.13053457549332234
844,922,78,0.078,0.11764140964299441
752,876,124,0.124,0.1304896523244679
816,908,92,0.092,0.13221351316571237
776,888,112,0.112,0.1425775401564315
734,867,133,0.133,0.13801919689332134
672,836,164,0.164,0.16597302232865332
702,851,149,0.149,0.16442209131189156
760,880,120,0.12,0.18153031329769875
756,878,122,0.122,0.16289732438698412
698,849,151,0.151,0.17523570872284472
722,861,139,0.139,0.18522033018618822
758,879,121,0.121,0.17454923271015285
764,882,118,0.118,0.16323977917805313
784,892,108,0.108,0.1696857492364943
762,881,119,0.119,0.16392271358147265
702,851,149,0.149,0.19316999312117697
806,903,97,0.097,0.15367361156135304
702,851,149,0.149,0.16793770785443485
752,876,124,0.124,0.1560578803680837
712,856,144,0.144,0.15800775139861797
742,871,129,0.129,0.15804896815260872
760,880,120,0.12,0.1403170520849526
732,866,134,0.134,0.18060438926890493
784,892,108,0.108,0.15585429499670864
732,866,134,0.134,0.1800904234452173
760,880,120,0.12,0.17081717324629425
806,903,97,0.097,0.14560895477190844
704,852,148,0.148,0.18904071785137058
734,867,133,0.133,0.14802839778736235
776,888,112,0.112,0.15511811610567383
746,873,127,0.127,0.14426559133455158
800,900,100,0.1,0.14226232830737717
788,894,106,0.106,0.13232396457670256
734,867,133,0.133,0.15434317737771197
766,883,117,0.117,0.16763819354586304
762,881,119,0.119,0.17707443657889962
720,860,140,0.14,0.20083150354711232
752,876,124,0.124,0.17060341492295264
784,892,108,0.108,0.16125661020725965
692,846,154,0.154,0.19187034862849395
750,875,125,0.125,0.1897188334390521
712,856,144,0.144,0.1944015576094389
704,852,148,0.148,0.21015528204556905
724,862,138,0.138,0.20120627484285936
744,872,128,0.128,0.21364337262511254
782,891,109,0.109,0.19899774602800607
798,899,101,0.101,0.21223080960661173
798,899,101,0.101,0.22169149438291788
790,895,105,0.105,0.21648043094575406
702,851,149,0.149,0.2402961302138865
714,857,143,0.143,0.254053652593866
806,903,97,0.097,0.20763309817016123
786,893,107,0.107,0.21607493016064108
742,871,129,0.129,0.2309407326935325
780,890,110,0.11,0.22256180695444344
712,856,144,0.144,0.23576542257796973
762,881,119,0.119,0.22120800534813315
764,882,118,0.118,0.22808244086802007
696,848,152,0.152,0.2400435667335987
728,864,136,0.136,0.23476001645334554
732,866,134,0.134,0.22250805281435418
736,868,132,0.132,0.23247944721163366
782,891,109,0.109,0.2054234816581011
712,856,144,0.144,0.2431518557742238
738,869,131,0.131,0.2436384241597026
822,911,89,0.089,0.2069210663160302
762,881,119,0.119,0.2226310151394573
720,860,140,0.14,0.2429470044271584
808,904,96,0.096,0.19091147943586112
772,886,114,0.114,0.20642124323174357
862,931,69,0.069,0.18051177150011063
762,881,119,0.119,0.19900738830491901
718,859,141,0.141,0.2297557016760111
774,887,113,0.113,0.19829232106123346
796,898,102,0.102,0.21047373626753688
714,857,143,0.143,0.19505488960072398
712,856,144,0.144,0.19070310681452976
742,871,129,0.129,0.19203600240126253
790,895,105,0.105,0.19320250302925707
728,864,136,0.136,0.21035180293023586
644,822,178,0.178,0.23197390473354607
716,858,142,0.142,0.24738832413172435
760,880,120,0.12,0.22615657649934293
794,897,103,0.103,0.22608589083328842
786,893,107,0.107,0.2258601778069658
724,862,138,0.138,0.2638547779843211
794,897,103,0.103,0.1980182233661767
772,886,114,0.114,0.17017043267842383
720,860,140,0.14,0.1960046591134742
768,884,116,0.116,0.1868404079116881
704,852,148,0.148,0.19439869606599677
712,856,144,0.144,0.23465120039670728
800,900,100,0.1,0.1919452730640769
764,882,118,0.118,0.2185560166850919
766,883,117,0.117,0.22343053307477384
806,903,97,0.097,0.20299583179020567
764,882,118,0.118,0.20685171054303647
784,892,108,0.108,0.19571264341428105
804,902,98,0.098,0.17581467667128892
794,897,103,0.103,0.17258540093004193
806,903,97,0.097,0.1849134748801589
728,864,136,0.136,0.19761161329969765
756,878,122,0.122,0.18412761037424208
766,883,117,0.117,0.21119100896874443
756,878,122,0.122,0.2383174710534513
736,868,132,0.132,0.2882745240858858
728,864,136,0.136,0.2553478495925665
702,851,149,0.149,0.3369515636228025
660,830,170,0.17,0.3325197856388986
804,902,98,0.098,0.3109103680923581
750,875,125,0.125,0.3472916292399168
722,861,139,0.139,0.3194651195108891
802,901,99,0.099,0.2594986652210355
772,886,114,0.114,0.28419383979588747
780,890,110,0.11,0.2672507035881281
738,869,131,0.131,0.27071842654794454
720,860,140,0.14,0.27140065126493573
744,872,128,0.128,0.2659015461578965
750,875,125,0.125,0.2664662362113595
760,880,120,0.12,0.292367540165782
760,880,120,0.12,0.29591986232995987
770,885,115,0.115,0.3272698606997728
788,894,106,0.106,0.3011373859941959
728,864,136,0.136,0.3355297838523984
794,897,103,0.103,0.3044566868543625
740,870,130,0.13,0.3148751158863306
774,887,113,0.113,0.3067071341034025
758,879,121,0.121,0.34741546806693074
784,892,108,0.108,0.31454645106196405
790,895,105,0.105,0.32579709925758654
780,890,110,0.11,0.323442817337811
762,881,119,0.119,0.3318181549161673
756,878,122,0.122,0.33827942553535106
722,861,139,0.139,0.340911116540432
742,871,129,0.129,0.34965630862116814
772,886,114,0.114,0.3869652792094275
780,890,110,0.11,0.38544401948148255
770,885,115,0.115,0.39223848925530913
762,881,119,0.119,0.3792887079119682
764,882,118,0.118,0.3437413249881938
680,840,160,0.16,0.36899547795765103
720,860,140,0.14,0.35746142521803265
806,903,97,0.097,0.33452871689200403
774,887,113,0.113,0.31457295721024275
808,904,96,0.096,0.29692609124351294
810,905,95,0.095,0.2855487505108731
722,861,139,0.139,0.2957541902139783
760,880,120,0.12,0.2765251981317997
708,854,146,0.146,0.2914180728644133
796,898,102,0.102,0.2622617245875299
724,862,138,0.138,0.30160324603039773
866,933,67,0.067,0.24292920152842998
780,890,110,0.11,0.2563900566039006
784,892,108,0.108,0.25203342727805284
812,906,94,0.094,0.22345949694150322
784,892,108,0.108,0.2236547189243138
698,849,151,0.151,0.26673188029415906
764,882,118,0.118,0.22910614410229027
764,882,118,0.118,0.22167652034930535
740,870,130,0.13,0.23560185124708322
736,868,132,0.132,0.22499038487952203
786,893,107,0.107,0.23130452032817084
746,873,127,0.127,0.2327531483396924
782,891,109,0.109,0.24346730453521012
732,866,134,0.134,0.2469031462073326
802,901,99,0.099,0.22428971175476908
780,890,110,0.11,0.24071671267645434
716,858,142,0.142,0.26063618133217814
694,847,153,0.153,0.2362700431854608
740,870,130,0.13,0.2343099890947342
738,869,131,0.131,0.24760408805310727
764,882,118,0.118,0.20894070593155628
684,842,158,0.158,0.2575120740309358
788,894,106,0.106,0.21513389129936694
744,872,128,0.128,0.22252837421011645
774,887,113,0.113,0.2168172411849173
732,866,134,0.134,0.23975319895520805
780,890,110,0.11,0.1967152494294569
820,910,90,0.09,0.19001585317403077
730,865,135,0.135,0.20265890718996524
762,881,119,0.119,0.17158187793195262
790,895,105,0.105,0.17340311971679329
758,879,121,0.121,0.17126175832748414
776,888,112,0.112,0.1617452651723288
782,891,109,0.109,0.15278349300846458
736,868,132,0.132,0.18904588958993554
788,894,106,0.106,0.17817178235031314
790,895,105,0.105,0.18232363099604845
744,872,128,0.128,0.18683183786273003
770,885,115,0.115,0.18646485270513222
754,877,123,0.123,0.16969270882511023
782,891,109,0.109,0.1793668044079095
774,887,113,0.113,0.18208944060280918
706,853,147,0.147,0.1913059359928593
710,855,145,0.145,0.20782612122432328
704,852,148,0.148,0.20511979493370747
774,887,113,0.113,0.18144736394658684
774,887,113,0.113,0.1978753502399195
770,885,115,0.115,0.19507220539823175
756,878,122,0.122,0.18981051750853659
736,868,132,0.132,0.1730506066494854
784,892,108,0.108,0.17631679789256305
742,871,129,0.129,0.1725615532869124
766,883,117,0.117,0.1562479734122753
802,901,99,0.099,0.14215727106295525
784,892,108,0.108,0.1455602046828717
774,887,113,0.113,0.13626683617902016
764,882,118,0.118,0.1442557974588126
818,909,91,0.091,0.1255523519979906
758,879,121,0.121,0.12959932219609618
764,882,118,0.118,0.13510006376728415
800,900,100,0.1,0.12981151841487734
764,882,118,0.118,0.1371216795277578
722,861,139,0.139,0.13373875856105588
776,888,112,0.112,0.13782348866248503
752,876,124,0.124,0.15410467049479484
760,880,120,0.12,0.1610220392011106
816,908,92,0.092,0.1378582570855797
758,879,121,0.121,0.14016292605141645
736,868,132,0.132,0.158825123783201
772,886,114,0.114,0.1413618511749769
770,885,115,0.115,0.1424918331578374
752,876,124,0.124,0.11709162086140713
740,870,130,0.13,0.12961858113424388
766,883,117,0.117,0.11820715261995793
754,877,123,0.123,0.12134002879261971
764,882,118,0.118,0.13053260158507465
778,889,111,0.111,0.12661883073434002
736,868,132,0.132,0.12248225798923522
842,921,79,0.079,0.10150425487099773
790,895,105,0.105,0.10848535873321
792,896,104,0.104,0.10203539922833445
796,898,102,0.102,0.1005268025547266
758,879,121,0.121,0.09908719651401043
758,879,121,0.121,0.08923103682708461
778,889,111,0.111,0.10566453860308064
750,875,125,0.125,0.11211647005146369
794,897,103,0.103,0.09054455850840895
678,839,161,0.161,0.11780237162671983
790,895,105,0.105,0.1008944110692002
752,876,124,0.124,0.10479791415669024
772,886,114,0.114,0.09389539008587598
788,894,106,0.106,0.0925462972810492
778,889,111,0.111,0.08206254459934974
770,885,115,0.115,0.0859839240387082
798,899,101,0.101,0.08522263774840394
782,891,109,0.109,0.07623663787171245
770,885,115,0.115,0.08146469922503456
742,871,129,0.129,0.09192753115058774
764,882,118,0.118,0.08825643501849845
736,868,132,0.132,0.10212426193287312
732,866,134,0.134,0.11011198484245688
760,880,120,0.12,0.09559428165573627
794,897,103,0.103,0.09522294748714194
802,901,99,0.099,0.090550742049468
770,885,115,0.115,0.08253944424306973
764,882,118,0.118,0.0813033599314831
674,837,163,0.163,0.1052013701805845
710,855,145,0.145,0.09663345327880234
766,883,117,0.117,0.08308481035428121
796,898,102,0.102,0.08099374039098621
768,884,116,0.116,0.09690467316936702
724,862,138,0.138,0.09626828639488667
748,874,126,0.126,0.10312158837914467
756,878,122,0.122,0.08097339484152326
774,887,113,0.113,0.08884995152152804
732,866,134,0.134,0.11917752814742562
716,858,142,0.142,0.10117440453032032
690,845,155,0.155,0.09588767369795824
760,880,120,0.12,0.09096360373774377
750,875,125,0.125,0.0921536667952314
772,886,114,0.114,0.10062771985767159
756,878,122,0.122,0.10301433518528938
808,904,96,0.096,0.08313032624526719
758,879,121,0.121,0.09189697470609098
766,883,117,0.117,0.0813645550541114
762,881,119,0.119,0.07977845329535195
748,874,126,0.126,0.0838004836680329
750,875,125,0.125,0.08515073339770748
730,865,135,0.135,0.08925854537841417
780,890,110,0.11,0.08353575436217943
786,893,107,0.107,0.08245844622212516
690,845,155,0.155,0.10513725429703481
734,867,133,0.133,0.101731794398278
780,890,110,0.11,0.0826403184044359
752,876,124,0.124,0.10191478442773223
714,857,143,0.143,0.09827096585996041
756,878,122,0.122,0.09235301284207525
760,880,120,0.12,0.07776793160475791
846,923,77,0.077,0.0710143602443859
696,848,152,0.152,0.08157086960894838
770,885,115,0.115,0.08449754676176235
722,861,139,0.139,0.08540991371638552
750,875,125,0.125,0.07899768518470228
780,890,110,0.11,0.07494744083748058
794,897,103,0.103,0.0738770033842884
782,891,109,0.109,0.0814974904730916
794,897,103,0.103,0.06802845141400121
774,887,113,0.113,0.08277089897896714
782,891,109,0.109,0.0767776689415314
704,852,148,0.148,0.07273016701434971
786,893,107,0.107,0.08252376397978514
748,874,126,0.126,0.07568256820249372
734,867,133,0.133,0.08020169672556221
744,872,128,0.128,0.07499526446402524
798,899,101,0.101,0.07784753546956927
766,883,117,0.117,0.07519878252130002
716,858,142,0.142,0.09741286050900819
748,874,126,0.126,0.0854335114103742
742,871,129,0.129,0.07853057017270476
800,900,100,0.1,0.08136129855713807
748,874,126,0.126,0.08532977885426954
772,886,114,0.114,0.07254725163612602
764,882,118,0.118,0.07832153079484123
770,885,115,0.115,0.08029126225611981
778,889,111,0.111,0.07409945824649185
744,872,128,0.128,0.08419087958760518
770,885,115,0.115,0.07558768970341771
768,884,116,0.116,0.07254322399478405
738,869,131,0.131,0.07353955128462986
764,882,118,0.118,0.06978362687886693
708,854,146,0.146,0.0841936176235322
824,912,88,0.088,0.07161496494011954
726,863,137,0.137,0.07722129668761045
802,901,99,0.099,0.0714303801220376
762,881,119,0.119,0.08656263161450625
724,862,138,0.138,0.08700758186960593
760,880,120,0.12,0.07243904390747777
830,915,85,0.085,0.05987220398243517
768,884,116,0.116,0.06874399117473513
786,893,107,0.107,0.06698838849016482
764,882,118,0.118,0.06878993988892501
756,878,122,0.122,0.06507289345376194
836,918,82,0.082,0.05364389163418673
760,880,120,0.12,0.05881325157918036
756,878,122,0.122,0.06274263689246205
742,871,129,0.129,0.06324935121817636
752,876,124,0.124,0.06335206947289407
804,902,98,0.098,0.07185803334135563
770,885,115,0.115,0.07160976435989143
824,912,88,0.088,0.06983468656428159
768,884,116,0.116,0.06999403233779596
720,860,140,0.14,0.08215846196530834
790,895,105,0.105,0.06181118856427565
828,914,86,0.086,0.06390726507361978
752,876,124,0.124,0.06823011307395063
802,901,99,0.099,0.06414673610031604
736,868,132,0.132,0.07271585641532056
748,874,126,0.126,0.08242896129877772
826,913,87,0.087,0.07119106209278106
846,923,77,0.077,0.0617140745613724
754,877,123,0.123,0.07735891704379173
780,890,110,0.11,0.062449925006832926
794,897,103,0.103,0.06287615081295371
806,903,97,0.097,0.05806126492843032
800,900,100,0.1,0.06836370604663272
756,878,122,0.122,0.060442375951446595
762,881,119,0.119,0.07434169023437426
742,871,129,0.129,0.08509378805756569
804,902,98,0.098,0.06732471455680207
760,880,120,0.12,0.06756575572164729
734,867,133,0.133,0.07909967940335627
746,873,127,0.127,0.07266494053788483
788,894,106,0.106,0.07074671052955091
792,896,104,0.104,0.0598348672289867
794,897,103,0.103,0.06451475466229022
730,865,135,0.135,0.06717899862956257
736,868,132,0.132,0.06818263965234982
804,902,98,0.098,0.0643858541919617
706,853,147,0.147,0.09015272698177432
776,888,112,0.112,0.07097166562639178
776,888,112,0.112,0.07406742492411286
764,882,118,0.118,0.07385880539134086
758,879,121,0.121,0.07069297173712402
732,866,134,0.134,0.08238481598347426
808,904,96,0.096,0.06789264407940208
804,902,98,0.098,0.06963668848434464
788,894,106,0.106,0.07364011632837356
770,885,115,0.115,0.07881738106301056
728,864,136,0.136,0.07994944724531843
766,883,117,0.117,0.08645982658863068
768,884,116,0.116,0.08456047543977313
750,875,125,0.125,0.08805718489922583
762,881,119,0.119,0.10218744731508195
732,866,134,0.134,0.10166804814152422
742,871,129,0.129,0.09035451394831762
722,861,139,0.139,0.09119945688470034
778,889,111,0.111,0.08343255356588636
752,876,124,0.124,0.0783395936023444
790,895,105,0.105,0.0686404425210203
772,886,114,0.114,0.06988693749485539
804,902,98,0.098,0.06514550900924951
696,848,152,0.152,0.0836124293198809
746,873,127,0.127,0.07937963729360491
788,894,106,0.106,0.08018437596689909
764,882,118,0.118,0.08161937285261228
698,849,151,0.151,0.10619183759822044
754,877,123,0.123,0.1016844337793721
742,871,129,0.129,0.09401978764694446
734,867,133,0.133,0.10137179977042017
756,878,122,0.122,0.11088341718114679
738,869,131,0.131,0.09401090089045465
790,895,105,0.105,0.09472545525431633
810,905,95,0.095,0.0736817201920785
760,880,120,0.12,0.08552630736838
764,882,118,0.118,0.0739424133952707
712,856,144,0.144,0.0852938978187752
788,894,106,0.106,0.0805120041128248
786,893,107,0.107,0.07890611058939248
792,896,104,0.104,0.08172407426687332
786,893,107,0.107,0.07337083651963622
790,895,105,0.105,0.07169212307129055
754,877,123,0.123,0.07018609167810064
810,905,95,0.095,0.06767197416489944
732,866,134,0.134,0.07721172012574971
764,882,118,0.118,0.0797504289019853
762,881,119,0.119,0.07607927851565183
766,883,117,0.117,0.07955555507401005
778,889,111,0.111,0.07822636601515115
748,874,126,0.126,0.08807021844666454
854,927,73,0.073,0.07213544300477953
826,913,87,0.087,0.06982351441588253
790,895,105,0.105,0.07765336986029704
772,886,114,0.114,0.07861365914158523
828,914,86,0.086,0.05750551318190992
802,901,99,0.099,0.05820812065480277
762,881,119,0.119,0.07404075727736381
778,889,111,0.111,0.07782159056514501
762,881,119,0.119,0.07753577393939486
746,873,127,0.127,0.08960250057652594
774,887,113,0.113,0.07854360706638547
776,888,112,0.112,0.07060719962604343
802,901,99,0.099,0.07696329516630067
772,886,114,0.114,0.08848035305709483
742,871,129,0.129,0.07721155318811682
792,896,104,0.104,0.07549463343780372
766,883,117,0.117,0.07263224698696286
782,891,109,0.109,0.0770910393359589
778,889,111,0.111,0.07030227674348861
760,880,120,0.12,0.07778770933973903
784,892,108,0.108,0.06838214105181396
786,893,107,0.107,0.07307803091395182
756,878,122,0.122,0.072569445325993
734,867,133,0.133,0.07157147076766705
796,898,102,0.102,0.06417404372803867
644,822,178,0.178,0.0923476483989507
768,884,116,0.116,0.07154333484172822
808,904,96,0.096,0.0690206687040627
790,895,105,0.105,0.07645542102237232
780,890,110,0.11,0.07515903371386232
772,886,114,0.114,0.06997904542573928
786,893,107,0.107,0.05040466268942693
744,872,128,0.128,0.07079330945620313
812,906,94,0.094,0.05496522874746715
840,920,80,0.08,0.048564141917508095
780,890,110,0.11,0.05306494230777025
782,891,109,0.109,0.049238854832330856
720,860,140,0.14,0.062203069833566486
802,901,99,0.099,0.058397318972857645
772,886,114,0.114,0.06423215926500325
704,852,148,0.148,0.07572411266996641
760,880,120,0.12,0.06806181126122351
732,866,134,0.134,0.0723245475497679
768,884,116,0.116,0.06381820640549996
768,884,116,0.116,0.0740042718006298
746,873,127,0.127,0.07755317389885782
794,897,103,0.103,0.05987636166671291
788,894,106,0.106,0.0564848531510507
764,882,118,0.118,0.06829892376543649
792,896,104,0.104,0.05969881027129304
742,871,129,0.129,0.05313720956910402
786,893,107,0.107,0.049714963227044794
756,878,122,0.122,0.0649354784777388
760,880,120,0.12,0.06569714390905573
786,893,107,0.107,0.07035146528443875
754,877,123,0.123,0.07172958646249027
728,864,136,0.136,0.07311698184744456
762,881,119,0.119,0.07553238761115297
712,856,144,0.144,0.08753218295983971
786,893,107,0.107,0.07757775789592417
744,872,128,0.128,0.09112271951103382
744,872,128,0.128,0.07768729858333245
732,866,134,0.134,0.08144095826932016
732,866,134,0.134,0.09722967789042741
794,897,103,0.103,0.07447027352363148
750,875,125,0.125,0.08284262623452752
736,868,132,0.132,0.09335821775905788
814,907,93,0.093,0.06909751079697161
786,893,107,0.107,0.0725841153071019
836,918,82,0.082,0.07174881236978399
796,898,102,0.102,0.07310132479947062
798,899,101,0.101,0.07068393789513903
728,864,136,0.136,0.07298539935518056
774,887,113,0.113,0.06411890914849937
802,901,99,0.099,0.07174307510443031
746,873,127,0.127,0.08767383605800569
792,896,104,0.104,0.08711548448726535
714,857,143,0.143,0.0896473975457775
782,891,109,0.109,0.08605010129325091
780,890,110,0.11,0.08966166745936273
734,867,133,0.133,0.0973208028152585
756,878,122,0.122,0.0979711965546012
810,905,95,0.095,0.07280818993011481
700,850,150,0.15,0.08511433435989602
756,878,122,0.122,0.07371519473614171
752,876,124,0.124,0.08342556598281954
806,903,97,0.097,0.07283999830287644
746,873,127,0.127,0.07006611121015158
710,855,145,0.145,0.08341665084066335
696,848,152,0.152,0.09748539468739181
828,914,86,0.086,0.08364128419756889
740,870,130,0.13,0.09188074642047286
804,902,98,0.098,0.0972740684542805
788,894,106,0.106,0.08217369485553355
820,910,90,0.09,0.08012155974615451
780,890,110,0.11,0.0923276208108291
786,893,107,0.107,0.07965646088495851
758,879,121,0.121,0.07402194602647796
830,915,85,0.085,0.06219822357827798
736,868,132,0.132,0.07868369277767533
768,884,116,0.116,0.08086940314181834
800,900,100,0.1,0.07753076766728191
752,876,124,0.124,0.09172519987262785
806,903,97,0.097,0.07608846482670617
740,870,130,0.13,0.10152161996978976
720,860,140,0.14,0.0965386589369773
788,894,106,0.106,0.0947774063136464
738,869,131,0.131,0.10093827775571844
748,874,126,0.126,0.11309943749196827
780,890,110,0.11,0.10288657639028177
790,895,105,0.105,0.11326561978959944
692,846,154,0.154,0.13378156611104713
746,873,127,0.127,0.12630272676609455
778,889,111,0.111,0.11339589399608667
780,890,110,0.11,0.10887840309925377
742,871,129,0.129,0.11844257721677423
756,878,122,0.122,0.11374994030885864
710,855,145,0.145,0.1128355008239677
698,849,151,0.151,0.13189886600337922
782,891,109,0.109,0.1130902670873329
774,887,113,0.113,0.11925663793087006
788,894,106,0.106,0.1115355205074884
760,880,120,0.12,0.1160417422267401
796,898,102,0.102,0.10111342864669917
734,867,133,0.133,0.125828420875594
846,923,77,0.077,0.08886483533476712
804,902,98,0.098,0.08654755631275475
768,884,116,0.116,0.10136300628938294
734,867,133,0.133,0.0932053574998863
772,886,114,0.114,0.0845932477779745
698,849,151,0.151,0.11182578962276198
760,880,120,0.12,0.09699081747536645
788,894,106,0.106,0.09462187738984358
726,863,137,0.137,0.11199327139835805
786,893,107,0.107,0.09668857326544823
808,904,96,0.096,0.09362090519443154
752,876,124,0.124,0.10205791037902236
750,875,125,0.125,0.0951690403809771
770,885,115,0.115,0.08876099584414623
814,907,93,0.093,0.07858908487670123
774,887,113,0.113,0.08319232409261167
754,877,123,0.123,0.09080341097153723
746,873,127,0.127,0.09608817677199841
736,868,132,0.132,0.09817964511333088
764,882,118,0.118,0.08465520218538586
724,862,138,0.138,0.10175721260812133
728,864,136,0.136,0.10284078150149555
718,859,141,0.141,0.1041402583916788
744,872,128,0.128,0.10304318569467477
654,827,173,0.173,0.12076280648468493
740,870,130,0.13,0.11964909678505864
746,873,127,0.127,0.12450102246180177
804,902,98,0.098,0.10640631326937003
766,883,117,0.117,0.1143776744410643
736,868,132,0.132,0.12135848903073929
766,883,117,0.117,0.09851689387578552
778,889,111,0.111,0.09272067401185632
770,885,115,0.115,0.08911562874913216
780,890,110,0.11,0.08105779003747739
790,895,105,0.105,0.09148254686035216
746,873,127,0.127,0.09467411214858293
748,874,126,0.126,0.09853929274406982
790,895,105,0.105,0.09362552033983229
726,863,137,0.137,0.11455421349778785
794,897,103,0.103,0.09305879243230447
774,887,113,0.113,0.10115393778122962
764,882,118,0.118,0.10185106042453239
760,880,120,0.12,0.08567978282552212
804,902,98,0.098,0.09041946884244681
734,867,133,0.133,0.09584972331346944
768,884,116,0.116,0.08555835560368723
740,870,130,0.13,0.10827148272842169
750,875,125,0.125,0.08934417513757946
684,842,158,0.158,0.12660624535381798
762,881,119,0.119,0.11191777262557298
780,890,110,0.11,0.11564871739887167
732,866,134,0.134,0.12609368944354354
732,866,134,0.134,0.12637950493313838
776,888,112,0.112,0.11084435451147147
766,883,117,0.117,0.1085688301492925
746,873,127,0.127,0.1146568062948063
714,857,143,0.143,0.11184194819806055
796,898,102,0.102,0.09597949246526696
770,885,115,0.115,0.09219640224939213
822,911,89,0.089,0.10073750913465346
772,886,114,0.114,0.09656267685070634
800,900,100,0.1,0.09298330825194716
822,911,89,0.089,0.08531555950269107
772,886,114,0.114,0.09565079055324896
760,880,120,0.12,0.09789479925155854
744,872,128,0.128,0.11110698763094842
762,881,119,0.119,0.10275862770434468
714,857,143,0.143,0.12611410856145813
812,906,94,0.094,0.13236156935463497
788,894,106,0.106,0.1222494084203046
778,889,111,0.111,0.1393453513942659
724,862,138,0.138,0.13923074043123052
788,894,106,0.106,0.14026682448165956
752,876,124,0.124,0.12145364468469051
760,880,120,0.12,0.12437203901633691
764,882,118,0.118,0.11106666852226954
794,897,103,0.103,0.09198152609914541
718,859,141,0.141,0.12322092220978811
742,871,129,0.129,0.10696204393496737
794,897,103,0.103,0.10918840534798802
794,897,103,0.103,0.11210865059122443
782,891,109,0.109,0.1335732497003046
806,903,97,0.097,0.10971074135508388
734,867,133,0.133,0.11430962678603827
716,858,142,0.142,0.1282260689989198
748,874,126,0.126,0.12456898207380436
770,885,115,0.115,0.11079143508896232
778,889,111,0.111,0.10010242007672787
782,891,109,0.109,0.11777745328426648
754,877,123,0.123,0.12134681690111757
812,906,94,0.094,0.11854086459727842
800,900,100,0.1,0.1284865922946483
764,882,118,0.118,0.12743098820509285
750,875,125,0.125,0.1566698006913066
766,883,117,0.117,0.14491885693837894
790,895,105,0.105,0.13976563634350897
760,880,120,0.12,0.15210518151894212
786,893,107,0.107,0.13671379914414136
802,901,99,0.099,0.14439762826263905
738,869,131,0.131,0.14563479284045752
756,878,122,0.122,0.17055179637111723
740,870,130,0.13,0.1698526913789101
762,881,119,0.119,0.1860232046348974
758,879,121,0.121,0.19031262604519725
738,869,131,0.131,0.2139465166091104
768,884,116,0.116,0.1944628936368972
792,896,104,0.104,0.18823814631744365
754,877,123,0.123,0.18228624296709756
756,878,122,0.122,0.18120200987718998
824,912,88,0.088,0.14948243186959007
770,885,115,0.115,0.14717503716531768
804,902,98,0.098,0.15123297961987556
790,895,105,0.105,0.14066070335193945
738,869,131,0.131,0.1581473976370471
742,871,129,0.129,0.16263543047569692
754,877,123,0.123,0.16168125773734937
800,900,100,0.1,0.14370126778259873
776,888,112,0.112,0.16862569966183735
776,888,112,0.112,0.1682643950600177
794,897,103,0.103,0.1672429583301909
798,899,101,0.101,0.1635984077794128
838,919,81,0.081,0.1596677392850672
836,918,82,0.082,0.16140467945457204
804,902,98,0.098,0.16231235110649345
792,896,104,0.104,0.18167764018126764
762,881,119,0.119,0.18179347796784714
802,901,99,0.099,0.17029307302087546
754,877,123,0.123,0.2096961877564172
752,876,124,0.124,0.19690620074095205
786,893,107,0.107,0.2037685648788465
738,869,131,0.131,0.24897050363570453
854,927,73,0.073,0.21425413926690817
690,845,155,0.155,0.24638218691200017
848,924,76,0.076,0.19328562052051784
788,894,106,0.106,0.20223789059147487
766,883,117,0.117,0.20146204806771129
718,859,141,0.141,0.21359648595005273
760,880,120,0.12,0.18840791851934047
788,894,106,0.106,0.16901909363409504
794,897,103,0.103,0.1720963078532368
770,885,115,0.115,0.18722769841044698
730,865,135,0.135,0.1688277172446251
792,896,104,0.104,0.14338851659558713
762,881,119,0.119,0.14412325238756601
750,875,125,0.125,0.15874055077508092
746,873,127,0.127,0.17750063004624098
790,895,105,0.105,0.1628561799796298
802,901,99,0.099,0.17443965839934844
756,878,122,0.122,0.18338225343590603
760,880,120,0.12,0.17727882351277532
760,880,120,0.12,0.18857721742801367
764,882,118,0.118,0.1881925850622829
706,853,147,0.147,0.1936847895644605
760,880,120,0.12,0.1875161077901721
770,885,115,0.115,0.1828681708336813
798,899,101,0.101,0.16961602062359452
744,872,128,0.128,0.18614027680084108
808,904,96,0.096,0.1678173615373671
842,921,79,0.079,0.161759124495733
714,857,143,0.143,0.19862244429439307
698,849,151,0.151,0.2008779893890023
782,891,109,0.109,0.17949997215997426
784,892,108,0.108,0.20295009942261458
768,884,116,0.116,0.18200635429471732
728,864,136,0.136,0.19228288958966733
712,856,144,0.144,0.2320800011381507
766,883,117,0.117,0.22722938787483143
766,883,117,0.117,0.2245276627857238
792,896,104,0.104,0.22007206646971464
794,897,103,0.103,0.2201001809053123
716,858,142,0.142,0.24246665135771037
774,887,113,0.113,0.222869539052248
766,883,117,0.117,0.21666374086588622
728,864,136,0.136,0.2601842999830842
692,846,154,0.154,0.2728673117761646
752,876,124,0.124,0.26317736963927746
798,899,101,0.101,0.2471788115352392
772,886,114,0.114,0.28079833220690487
710,855,145,0.145,0.3040218712107744
714,857,143,0.143,0.28732287008315327
762,881,119,0.119,0.29349604323506356
776,888,112,0.112,0.2814889041297138
784,892,108,0.108,0.25904579340666534
688,844,156,0.156,0.2873879233933985
776,888,112,0.112,0.2634850406460464
778,889,111,0.111,0.23851009342074395
720,860,140,0.14,0.2289372697895477
788,894,106,0.106,0.24128486835211516
758,879,121,0.121,0.24608512354642154
752,876,124,0.124,0.24226176507771016
728,864,136,0.136,0.2505672857720638
742,871,129,0.129,0.27506132577732206
722,861,139,0.139,0.28255594947189094
766,883,117,0.117,0.2592708781181136
744,872,128,0.128,0.2740806241835089
748,874,126,0.126,0.2516896158121526
770,885,115,0.115,0.2517223806604743
780,890,110,0.11,0.2339710084181279
766,883,117,0.117,0.24304027993790805
836,918,82,0.082,0.2193124755471945
800,900,100,0.1,0.2274592864997685
816,908,92,0.092,0.2228725495382323
686,843,157,0.157,0.2720751183503307
722,861,139,0.139,0.25685060481354594
766,883,117,0.117,0.25757244328409434
714,857,143,0.143,0.2730986288506538
822,911,89,0.089,0.2840652511715889
824,912,88,0.088,0.2657162970956415
812,906,94,0.094,0.27627555764166756
770,885,115,0.115,0.2615303854722417
812,906,94,0.094,0.2550409179031849
778,889,111,0.111,0.2723791561471298
686,843,157,0.157,0.28769295770479963
788,894,106,0.106,0.29053434093296526
808,904,96,0.096,0.3126750332191586
802,901,99,0.099,0.30242633021902293
746,873,127,0.127,0.322518477370264
734,867,133,0.133,0.3387918558418751
790,895,105,0.105,0.3170197897553444
750,875,125,0.125,0.319702862563219
732,866,134,0.134,0.32938400212675334
754,877,123,0.123,0.3379733986880282
836,918,82,0.082,0.3037469651326537
804,902,98,0.098,0.3018005752637982
756,878,122,0.122,0.34848392349481583
780,890,110,0.11,0.3237338465242647
810,905,95,0.095,0.29443523919582365
750,875,125,0.125,0.3313052494302392
732,866,134,0.134,0.3045857358255089
806,903,97,0.097,0.28879855850338937
728,864,136,0.136,0.2913552800142206
796,898,102,0.102,0.29999194960296155
796,898,102,0.102,0.28862281616125257
740,870,130,0.13,0.26993454349646345
768,884,116,0.116,0.251468306996394
810,905,95,0.095,0.24048764572502113
776,888,112,0.112,0.23113814322510734
774,887,113,0.113,0.23833911809325217
794,897,103,0.103,0.23127924514189363
734,867,133,0.133,0.23706858023908006
800,900,100,0.1,0.23095498641580342
776,888,112,0.112,0.23199024555832148
782,891,109,0.109,0.23167653128132223
728,864,136,0.136,0.24365335459955645
776,888,112,0.112,0.21982766255383335
774,887,113,0.113,0.23652483239769936
740,870,130,0.13,0.24520111107100054
782,891,109,0.109,0.21495259308117845
784,892,108,0.108,0.20446936909854413
740,870,130,0.13,0.23952979539707303
814,907,93,0.093,0.18598939815473653
770,885,115,0.115,0.1962252757132938
772,886,114,0.114,0.21586071322951467
796,898,102,0.102,0.20801358147105203
752,876,124,0.124,0.2149009643122554
790,895,105,0.105,0.21442426853853983
766,883,117,0.117,0.22597879235030996
774,887,113,0.113,0.23928359056636692
762,881,119,0.119,0.2431774944141507
782,891,109,0.109,0.24242086900398135
760,880,120,0.12,0.22319006015360354
776,888,112,0.112,0.2274999518452296
688,844,156,0.156,0.2707274827435613
718,859,141,0.141,0.26262243872135876
770,885,115,0.115,0.243031824327074
780,890,110,0.11,0.25505966071307196
770,885,115,0.115,0.24477805848419668
710,855,145,0.145,0.2803133796012262
742,871,129,0.129,0.27775748838338155
752,876,124,0.124,0.24375753244012593
780,890,110,0.11,0.25282847822643817
752,876,124,0.124,0.2369893853366375
794,897,103,0.103,0.239309802390635
812,906,94,0.094,0.23287636522203684
718,859,141,0.141,0.24696381285041571
776,888,112,0.112,0.2283239739611745
754,877,123,0.123,0.24483915799483658
722,861,139,0.139,0.2500827227979898
756,878,122,0.122,0.2613644140586257
784,892,108,0.108,0.2575565462906784
768,884,116,0.116,0.2559621426016092
806,903,97,0.097,0.25860894749313595
700,850,150,0.15,0.2707744226362556
764,882,118,0.118,0.27394961889833214
770,885,115,0.115,0.26431689634919164
770,885,115,0.115,0.25148643023520706
696,848,152,0.152,0.27110205599630716
806,903,97,0.097,0.2339215705022216
784,892,108,0.108,0.2337565742128063
726,863,137,0.137,0.282304724432528
802,901,99,0.099,0.27834641935676335
758,879,121,0.121,0.28807285279594363
752,876,124,0.124,0.31750669941818344
768,884,116,0.116,0.3136654543201906
792,896,104,0.104,0.3206899234727025
794,897,103,0.103,0.3150602471888997
806,903,97,0.097,0.3193738039396703
748,874,126,0.126,0.31483791504986586
778,889,111,0.111,0.33275697100102514
776,888,112,0.112,0.32097439108043907
716,858,142,0.142,0.34947295601665973
758,879,121,0.121,0.33395739215520914
734,867,133,0.133,0.3244460324155742
798,899,101,0.101,0.3210509644849226
724,862,138,0.138,0.3704851589947939
760,880,120,0.12,0.3367971381063398
734,867,133,0.133,0.3666354532294208
746,873,127,0.127,0.32339917428418996
778,889,111,0.111,0.3283226321615657
726,863,137,0.137,0.36387723886210005
738,869,131,0.131,0.3579238356187125
722,861,139,0.139,0.41354137474298475
830,915,85,0.085,0.38628003196418287
710,855,145,0.145,0.42664919004947294
770,885,115,0.115,0.35792954272365735
768,884,116,0.116,0.41182847405597567
720,860,140,0.14,0.4201928324326873
720,860,140,0.14,0.4039369712620974
696,848,152,0.152,0.41922679899388643
754,877,123,0.123,0.4105746916560456
812,906,94,0.094,0.41039266584813594
732,866,134,0.134,0.44522456451449693
712,856,144,0.144,0.4365267473757267
758,879,121,0.121,0.4381434940127656
734,867,133,0.133,0.4074779476216063
718,859,141,0.141,0.42146067375078566
762,881,119,0.119,0.39909681712090966
818,909,91,0.091,0.38115170269446563
730,865,135,0.135,0.38291864702649603
700,850,150,0.15,0.40242320859059694
770,885,115,0.115,0.3503198496252589
782,891,109,0.109,0.33533920012414453
754,877,123,0.123,0.3392354935324256
792,896,104,0.104,0.3642487136796117
752,876,124,0.124,0.3822668368667364
732,866,134,0.134,0.35454022759199144
784,892,108,0.108,0.3347447274401784
764,882,118,0.118,0.32451790284365417
752,876,124,0.124,0.3269614106416702
752,876,124,0.124,0.2961932380609214
766,883,117,0.117,0.28672675873339176
810,905,95,0.095,0.2606272667422891
812,906,94,0.094,0.25130421298742295
792,896,104,0.104,0.2754296479798495
766,883,117,0.117,0.2543630475304299
776,888,112,0.112,0.26464211216941474
722,861,139,0.139,0.2987703976542689
800,900,100,0.1,0.27982813016325236
764,882,118,0.118,0.31335684613883497
786,893,107,0.107,0.2946975215598941
768,884,116,0.116,0.32469293972925517
676,838,162,0.162,0.35632875360548494
748,874,126,0.126,0.34852510201931
814,907,93,0.093,0.3164896665909329
702,851,149,0.149,0.3627064503505826
780,890,110,0.11,0.3241634412536059
720,860,140,0.14,0.3698656956106424
750,875,125,0.125,0.3622079279124737
760,880,120,0.12,0.3924589083231986
708,854,146,0.146,0.40696391326141745
750,875,125,0.125,0.4018611404141411
784,892,108,0.108,0.38328508254885674
772,886,114,0.114,0.38882040389906614
730,865,135,0.135,0.3726812623310834
776,888,112,0.112,0.36894409511983395
840,920,80,0.08,0.33722413922846317
758,879,121,0.121,0.3493061187695712
776,888,112,0.112,0.3324184748194338
746,873,127,0.127,0.38343241705745457
738,869,131,0.131,0.36417410089820623
778,889,111,0.111,0.3555293059516698
700,850,150,0.15,0.4143186042932793
752,876,124,0.124,0.3970878471683609
744,872,128,0.128,0.40913648991286755
776,888,112,0.112,0.4066824474334717
756,878,122,0.122,0.3980494170486927
756,878,122,0.122,0.3771222431995702
748,874,126,0.126,0.3837663078713231
762,881,119,0.119,0.3687017857879401
800,900,100,0.1,0.37564315751194954
774,887,113,0.113,0.3667612994225565
808,904,96,0.096,0.3304729073103517
782,891,109,0.109,0.3529272197139285
732,866,134,0.134,0.3576554728895426
748,874,126,0.126,0.4000494812927209
796,898,102,0.102,0.35989063838869334
786,893,107,0.107,0.36185579226886766
772,886,114,0.114,0.3718781359279201
706,853,147,0.147,0.38354407897794224
712,856,144,0.144,0.41143329462828115
732,866,134,0.134,0.4053303558626212
796,898,102,0.102,0.40652092001661433
748,874,126,0.126,0.44400407744944104
794,897,103,0.103,0.4311047666873783
748,874,126,0.126,0.4639715654179454
710,855,145,0.145,0.4730291305074204
714,857,143,0.143,0.4684617327004671
778,889,111,0.111,0.43529648600518706
784,892,108,0.108,0.46506821693340317
750,875,125,0.125,0.474102819904685
734,867,133,0.133,0.4920089998114864
782,891,109,0.109,0.4795450762361288
754,877,123,0.123,0.48276990631222727
760,880,120,0.12,0.48096402190917237
734,867,133,0.133,0.5678911620676518
750,875,125,0.125,0.5362138334993538
736,868,132,0.132,0.5739297114014625
834,917,83,0.083,0.543286604732275
738,869,131,0.131,0.5650882267206907
806,903,97,0.097,0.5507283866865973
750,875,125,0.125,0.5944044339358807
762,881,119,0.119,0.5850539150163532
780,890,110,0.11,0.5911767623275519
738,869,131,0.131,0.6036719902455807
808,904,96,0.096,0.5804986576139927
760,880,120,0.12,0.5622712420099415
774,887,113,0.113,0.5792806871637004
792,896,104,0.104,0.563707460127771
766,883,117,0.117,0.5731341304779053
774,887,113,0.113,0.5758918832367271
756,878,122,0.122,0.6163376433104276
772,886,114,0.114,0.6098116890445817
704,852,148,0.148,0.6451391479400918
760,880,120,0.12,0.6182945283561712
782,891,109,0.109,0.6389296586811543
766,883,117,0.117,0.6483821369111538
804,902,98,0.098,0.6369659200012684
798,899,101,0.101,0.6177452447637916
712,856,144,0.144,0.6429114793092012
768,884,116,0.116,0.5943953220796111
790,895,105,0.105,0.6041583027541637
718,859,141,0.141,0.6275037208199501
732,866,134,0.134,0.6363573590964079
758,879,121,0.121,0.6501382154761232
744,872,128,0.128,0.6463559423349797
712,856,144,0.144,0.6457648346200585
760,880,120,0.12,0.5997282256055624
774,887,113,0.113,0.5797755189538002
776,888,112,0.112,0.5855826744660735
724,862,138,0.138,0.5702326179633594
736,868,132,0.132,0.5254836066663265
746,873,127,0.127,0.5316433034427464
792,896,104,0.104,0.5025865570707246
792,896,104,0.104,0.5196757953315974
796,898,102,0.102,0.5207789275391805
740,870,130,0.13,0.5160751819936559
756,878,122,0.122,0.5597969579100609
804,902,98,0.098,0.5117767889685929
728,864,136,0.136,0.5304466396272183
764,882,118,0.118,0.5394546855594963
746,873,127,0.127,0.5657824623251873
784,892,108,0.108,0.5445722510847263
776,888,112,0.112,0.5477170728594065
728,864,136,0.136,0.5774010820388794
758,879,121,0.121,0.5729261352419853
748,874,126,0.126,0.5920640882998705
794,897,103,0.103,0.551789904087782
754,877,123,0.123,0.5386962846517563
754,877,123,0.123,0.5583250309973955
732,866,134,0.134,0.5178386026927038
780,890,110,0.11,0.5194526633047499
746,873,127,0.127,0.5083642193023116
736,868,132,0.132,0.5069260239005089
760,880,120,0.12,0.509097104080492
784,892,108,0.108,0.49538208221987223
754,877,123,0.123,0.4838285972243757
708,854,146,0.146,0.497582965674853
730,865,135,0.135,0.4781112856119871
774,887,113,0.113,0.46063576072388424
748,874,126,0.126,0.47575199269879886
776,888,112,0.112,0.461768205806613
712,856,144,0.144,0.4856408148743212
722,861,139,0.139,0.48387338988660483
764,882,118,0.118,0.47835472733527423
790,895,105,0.105,0.47222723041044695
790,895,105,0.105,0.4287069039859343
806,903,97,0.097,0.41636507079261353
718,859,141,0.141,0.4426394615743411
768,884,116,0.116,0.41746149642765523
798,899,101,0.101,0.4495077763963491
690,845,155,0.155,0.49036985702261515
700,850,150,0.15,0.5178347773849964
722,861,139,0.139,0.5301482777493075
804,902,98,0.098,0.5093362304940819
724,862,138,0.138,0.5334558390825986
790,895,105,0.105,0.5071201166659594
694,847,153,0.153,0.5793421494700015
746,873,127,0.127,0.4981615886837244
766,883,117,0.117,0.4685017762929201
744,872,128,0.128,0.47189384198266815
766,883,117,0.117,0.47230035495758055
732,866,134,0.134,0.45942852184176447
748,874,126,0.126,0.45898124127679923
764,882,118,0.118,0.467560105443612
756,878,122,0.122,0.4749477921128273
708,854,146,0.146,0.5138164580903712
752,876,124,0.124,0.4738152650333941
772,886,114,0.114,0.4901515538394451
762,881,119,0.119,0.5008944507259876
766,883,117,0.117,0.5052504400461912
772,886,114,0.114,0.4756932110488415
730,865,135,0.135,0.4655037259347737
770,885,115,0.115,0.42824102567785305
766,883,117,0.117,0.45398468028008937
716,858,142,0.142,0.4301720888596028
734,867,133,0.133,0.4495352213056758
762,881,119,0.119,0.4471136997044086
738,869,131,0.131,0.47091355926624967
702,851,149,0.149,0.494236266836524
724,862,138,0.138,0.5027767537576747
740,870,130,0.13,0.4986426292099059
738,869,131,0.131,0.518029176672062
726,863,137,0.137,0.5229077567756176
744,872,128,0.128,0.4964750501103699
766,883,117,0.117,0.4858792711943388
776,888,112,0.112,0.4702457813285291
802,901,99,0.099,0.48252862578630445
790,895,105,0.105,0.488191653713584
680,840,160,0.16,0.5114468005422387
754,877,123,0.123,0.508012682987377
698,849,151,0.151,0.5468496816940606
788,894,106,0.106,0.49622061154246333
734,867,133,0.133,0.5582102926280349
794,897,103,0.103,0.5481095779202878
800,900,100,0.1,0.531173936845616
726,863,137,0.137,0.5643272359231146
754,877,123,0.123,0.5618244035020471
706,853,147,0.147,0.5629212219260412
740,870,130,0.13,0.5539612466841937
778,889,111,0.111,0.5301702713456471
760,880,120,0.12,0.5424983514994383
824,912,88,0.088,0.4750249204039574
726,863,137,0.137,0.47780725013278424
760,880,120,0.12,0.4715166699141264
738,869,131,0.131,0.47431213526427746
724,862,138,0.138,0.42591616192076254
732,866,134,0.134,0.46112272487557493
752,876,124,0.124,0.43791189145393583
756,878,122,0.122,0.4280278627919033
764,882,118,0.118,0.4279057355819864
712,856,144,0.144,0.4086804251980502
756,878,122,0.122,0.39371069364226424
790,895,105,0.105,0.36409198748833854
768,884,116,0.116,0.33411274566097215
792,896,104,0.104,0.330084426946938
764,882,118,0.118,0.30708403588901273
744,872,128,0.128,0.27997520786523816
756,878,122,0.122,0.2982400517072937
784,892,108,0.108,0.2974468343555927
720,860,140,0.14,0.29001558259129523
736,868,132,0.132,0.2992718743085861
708,854,146,0.146,0.3181730894595385
790,895,105,0.105,0.30945312342659775
804,902,98,0.098,0.2999793082103133
762,881,119,0.119,0.3631624551974237
772,886,114,0.114,0.34687191931158307
730,865,135,0.135,0.3661366664315051
748,874,126,0.126,0.3340359167568386
742,871,129,0.129,0.32875381524683694
756,878,122,0.122,0.33821111683547495
790,895,105,0.105,0.29964785507321356
758,879,121,0.121,0.3330549486581949
740,870,130,0.13,0.3525098453601822
736,868,132,0.132,0.38790389096719446
758,879,121,0.121,0.3644609098905057
698,849,151,0.151,0.40797634530998766
750,875,125,0.125,0.4027197119602933
702,851,149,0.149,0.43247403702687465
658,829,171,0.171,0.47414229035004973
774,887,113,0.113,0.44652186655215337
776,888,112,0.112,0.40224034623708577
786,893,107,0.107,0.3687854795077583
770,885,115,0.115,0.37693122187285916
742,871,129,0.129,0.3766702691568062
762,881,119,0.119,0.34801677568473693
790,895,105,0.105,0.3474467390718728
766,883,117,0.117,0.33071203511953357
740,870,130,0.13,0.3465192988954368
746,873,127,0.127,0.40209324182569983
708,854,146,0.146,0.4295612650291878
724,862,138,0.138,0.45469792468845843
756,878,122,0.122,0.42786725716292856
780,890,110,0.11,0.502921829238534
770,885,115,0.115,0.5019902274683118
754,877,123,0.123,0.4791623147163765
718,859,141,0.141,0.49202295175392646
774,887,113,0.113,0.4846307411757298
778,889,111,0.111,0.47248171421885493
740,870,130,0.13,0.4889550730914183
776,888,112,0.112,0.48310061512887476
764,882,118,0.118,0.495166018858552
724,862,138,0.138,0.5110283498764038
724,862,138,0.138,0.5387178872525692
776,888,112,0.112,0.5139222757518291
790,895,105,0.105,0.5229943215548992
730,865,135,0.135,0.5697561622727663
736,868,132,0.132,0.5541299149096012
796,898,102,0.102,0.5288858811259269
754,877,123,0.123,0.560046298244386
758,879,121,0.121,0.550718789473176
762,881,119,0.119,0.5538834938853979
760,880,120,0.12,0.5480932678282261
704,852,148,0.148,0.5384699770240113
742,871,129,0.129,0.5029377577379346
774,887,113,0.113,0.5010972527982667
758,879,121,0.121,0.4999479350335896
686,843,157,0.157,0.5267981265994894
688,844,156,0.156,0.5186397837996483
724,862,138,0.138,0.520889486828819
774,887,113,0.113,0.5012971597704473
772,886,114,0.114,0.48785725338757036
804,902,98,0.098,0.47182481978461144
746,873,127,0.127,0.47332921526767313
794,897,103,0.103,0.45340206421149926
742,871,129,0.129,0.46632615723460913
776,888,112,0.112,0.4398374348655343
758,879,121,0.121,0.4624316973388195
754,877,123,0.123,0.47164876353234286
740,870,130,0.13,0.5018488764462526
800,900,100,0.1,0.4943352142423391
726,863,137,0.137,0.5315778564624488
734,867,133,0.133,0.5440792729258537
786,893,107,0.107,0.4907024448422726
790,895,105,0.105,0.47830500197410586
776,888,112,0.112,0.4652048918008804
790,895,105,0.105,0.46942236622225025
774,887,113,0.113,0.4340098748759483
784,892,108,0.108,0.4697879472076893
736,868,132,0.132,0.44869590609148147
758,879,121,0.121,0.4486708419322967
794,897,103,0.103,0.4891891745738685
696,848,152,0.152,0.5129567693256395
786,893,107,0.107,0.48156511633098126
762,881,119,0.119,0.488617068755324
726,863,137,0.137,0.4564914441853762
784,892,108,0.108,0.4360040488176164
790,895,105,0.105,0.42645322941243646
762,881,119,0.119,0.453417404292617
732,866,134,0.134,0.4435068887373266
716,858,142,0.142,0.4409784700954333
744,872,128,0.128,0.4421454120464623
662,831,169,0.169,0.45877395967394113
762,881,119,0.119,0.4409245633147657
786,893,107,0.107,0.4070131815671921
736,868,132,0.132,0.41353590098023413
774,887,113,0.113,0.3766600731164217
762,881,119,0.119,0.34426961604120154
780,890,110,0.11,0.3140492313206414
806,903,97,0.097,0.2952581843435764
766,883,117,0.117,0.3035861819498241
758,879,121,0.121,0.3028024965133518
754,877,123,0.123,0.2714644338571033
816,908,92,0.092,0.25700016005235105
764,882,118,0.118,0.27841640285216274
726,863,137,0.137,0.31820158673190396
708,854,146,0.146,0.31122091785073286
754,877,123,0.123,0.3290936926230788
778,889,111,0.111,0.320766089707613
788,894,106,0.106,0.3128797594057396
708,854,146,0.146,0.36338808422349395
780,890,110,0.11,0.3304916003197432
776,888,112,0.112,0.3329075197852107
778,889,111,0.111,0.28608917525725064
720,860,140,0.14,0.3158499407172203
722,861,139,0.139,0.30244563248552914
762,881,119,0.119,0.3062975064590719
714,857,143,0.143,0.32483476860861993
752,876,124,0.124,0.3424727998486487
746,873,127,0.127,0.3535364971682429
724,862,138,0.138,0.36938206024467946
746,873,127,0.127,0.371353589281987
764,882,118,0.118,0.3395329854004085
772,886,114,0.114,0.3464600932500325
822,911,89,0.089,0.3045929750813375
730,865,135,0.135,0.301729150547646
750,875,125,0.125,0.3026108908765018
764,882,118,0.118,0.26230586936445616
714,857,143,0.143,0.27867735137604177
752,876,124,0.124,0.29160497883707287
734,867,133,0.133,0.29680075393617156
770,885,115,0.115,0.2819692794625454
728,864,136,0.136,0.32400315741457414
668,834,166,0.166,0.392606828391552
764,882,118,0.118,0.33719706781208514
694,847,153,0.153,0.35025636422261597
794,897,103,0.103,0.3400380341261625
762,881,119,0.119,0.3495576394349337
758,879,121,0.121,0.33606161647918636
806,903,97,0.097,0.2926689615175128
728,864,136,0.136,0.33746548829227685
686,843,157,0.157,0.31907117677712815
734,867,133,0.133,0.3063771090987197
746,873,127,0.127,0.3218793530166149
802,901,99,0.099,0.3009220467731358
704,852,148,0.148,0.3508752296410967
808,904,96,0.096,0.3155516014918685
676,838,162,0.162,0.3668970072716475
734,867,133,0.133,0.33199987972155215
804,902,98,0.098,0.336557189617306
730,865,135,0.135,0.35184259149432184
718,859,141,0.141,0.33705904623377136
808,904,96,0.096,0.3405141132324934
740,870,130,0.13,0.326557899415493
748,874,126,0.126,0.3271327008125374
802,901,99,0.099,0.31901476232742426
846,923,77,0.077,0.2807697096541524
796,898,102,0.102,0.28916579581424595
728,864,136,0.136,0.33298273810170514
776,888,112,0.112,0.2952859636823989
720,860,140,0.14,0.3495173853859305
770,885,115,0.115,0.3250857416815654
824,912,88,0.088,0.30409713212400674
736,868,132,0.132,0.3746180804669857
752,876,124,0.124,0.35459313422441485
802,901,99,0.099,0.3489864759221673
814,907,93,0.093,0.373354451879859
758,879,121,0.121,0.376399493098259
808,904,96,0.096,0.3730291878171265
774,887,113,0.113,0.3792613092362881
808,904,96,0.096,0.39607245090603826
816,908,92,0.092,0.38468496219688675
716,858,142,0.142,0.3832013323754072
808,904,96,0.096,0.3916989776704345
790,895,105,0.105,0.37805259428918364
758,879,121,0.121,0.3897789710238576
820,910,90,0.09,0.37649148465692994
726,863,137,0.137,0.43495046996325254
738,869,131,0.131,0.43498384675383567
714,857,143,0.143,0.43052669445797803
728,864,136,0.136,0.465297351755547
778,889,111,0.111,0.4330944917947054
812,906,94,0.094,0.4254067117460072
750,875,125,0.125,0.44531509884446857
742,871,129,0.129,0.4555386885295156
790,895,105,0.105,0.3838970543444157
764,882,118,0.118,0.3817363850288161
788,894,106,0.106,0.3484267579135485
818,909,91,0.091,0.3631174742196579
714,857,143,0.143,0.38293030340969564
766,883,117,0.117,0.37260810819044127
810,905,95,0.095,0.33059676210954786
762,881,119,0.119,0.3582366440407932
768,884,116,0.116,0.3963209095599595
752,876,124,0.124,0.41214783731463833
720,860,140,0.14,0.4309569335076958
796,898,102,0.102,0.409609930947423
748,874,126,0.126,0.4206696379594505
724,862,138,0.138,0.45626874152770686
714,857,143,0.143,0.4754140337206681
772,886,114,0.114,0.45118853033334017
786,893,107,0.107,0.45761137440800664
780,890,110,0.11,0.4462668100148439
762,881,119,0.119,0.45192089699545807
768,884,116,0.116,0.4399220964461565
760,880,120,0.12,0.44309267343930697
704,852,148,0.148,0.4583138676872477
732,866,134,0.134,0.4685356952105649
694,847,153,0.153,0.47701015820354226
782,891,109,0.109,0.49972917672435874
720,860,140,0.14,0.5024176337518729
746,873,127,0.127,0.49619511169195174
700,850,150,0.15,0.5160759392905597
712,856,144,0.144,0.5073693546056748
754,877,123,0.123,0.46824509905550804
782,891,109,0.109,0.472350675098598
774,887,113,0.113,0.48036087675299494
744,872,128,0.128,0.4519098117183894
764,882,118,0.118,0.4358272330276668
770,885,115,0.115,0.41348121003282723
794,897,103,0.103,0.44182868832349775
700,850,150,0.15,0.4432753068583552
758,879,121,0.121,0.43239323326572776
766,883,117,0.117,0.43705838444828987
738,869,131,0.131,0.43679676835983994
776,888,112,0.112,0.44006586176434087
786,893,107,0.107,0.4486010020375252
724,862,138,0.138,0.47935278767347334
798,899,101,0.101,0.446463756824538
744,872,128,0.128,0.467854760229513
738,869,131,0.131,0.47461596207997647
742,871,129,0.129,0.5101397435306572
668,834,166,0.166,0.5393679661015072
716,858,142,0.142,0.5167118850779903
706,853,147,0.147,0.5298872940838337
730,865,135,0.135,0.5314984350031009
760,880,120,0.12,0.5173334620185196
716,858,142,0.142,0.5397180658855932
716,858,142,0.142,0.5516125751882791
742,871,129,0.129,0.5347094933197992
696,848,152,0.152,0.5617000615373254
716,858,142,0.142,0.5441199205368757
772,886,114,0.114,0.5300150648057483
754,877,123,0.123,0.5232973099015653
780,890,110,0.11,0.5257173839509487
686,843,157,0.157,0.5614454556413694
794,897,103,0.103,0.49522069144435227
706,853,147,0.147,0.5056626151353121
786,893,107,0.107,0.46535114899277685
784,892,108,0.108,0.4573964311527988
764,882,118,0.118,0.44782444537244737
712,856,144,0.144,0.45304879938066006
738,869,131,0.131,0.45985258056223394
756,878,122,0.122,0.4528361309617758
750,875,125,0.125,0.4780262140575796
766,883,117,0.117,0.49072918985784053
742,871,129,0.129,0.47664582572881425
716,858,142,0.142,0.5016682882159949
788,894,106,0.106,0.4305076310760342
748,874,126,0.126,0.43776979759335516
782,891,109,0.109,0.4454324581921101
720,860,140,0.14,0.42280039480607956
756,878,122,0.122,0.37993446093425154
790,895,105,0.105,0.3615295790284872
772,886,114,0.114,0.3691090412258637
760,880,120,0.12,0.36094606553018094
822,911,89,0.089,0.3461091295108199
754,877,123,0.123,0.3686894645914435
738,869,131,0.131,0.3504791983962059
716,858,142,0.142,0.38846310234442355
754,877,123,0.123,0.39916782617152047
764,882,118,0.118,0.41213430988110483
820,910,90,0.09,0.37178840166702865
710,855,145,0.145,0.4232082605405501
768,884,116,0.116,0.42689139537513254
764,882,118,0.118,0.39792871405929325
806,903,97,0.097,0.3993139945100247
782,891,109,0.109,0.39354132336378095
794,897,103,0.103,0.35513920012116434
758,879,121,0.121,0.349599058970809
684,842,158,0.158,0.3875469017168507
754,877,123,0.123,0.3776443100869656
744,872,128,0.128,0.3950742589964302
728,864,136,0.136,0.38087621296197177
820,910,90,0.09,0.3584538858422893
716,858,142,0.142,0.3860443383008242
706,853,147,0.147,0.3571128817507997
742,871,129,0.129,0.3284859748389572
736,868,132,0.132,0.30728905854187905
754,877,123,0.123,0.32877641474455593
768,884,116,0.116,0.30897281946986915
760,880,120,0.12,0.2829045149758458
802,901,99,0.099,0.265416336433962
800,900,100,0.1,0.27467700273543594
748,874,126,0.126,0.2710326535452623
802,901,99,0.099,0.24904795856028794
772,886,114,0.114,0.26768906939029696
750,875,125,0.125,0.24878759135399015
722,861,139,0.139,0.262293976358138
772,886,114,0.114,0.2593386774212122
770,885,115,0.115,0.2651913475032197
688,844,156,0.156,0.29675595359034174
804,902,98,0.098,0.2743189985875506
760,880,120,0.12,0.2526066241264343
742,871,129,0.129,0.2895650987203403
736,868,132,0.132,0.28569848753139376
726,863,137,0.137,0.2776313827559352
716,858,142,0.142,0.2708259905949237
708,854,146,0.146,0.2411975892285409
740,870,130,0.13,0.24944170692328044
782,891,109,0.109,0.26894838744960725
782,891,109,0.109,0.2568004208952189
764,882,118,0.118,0.2363448024764657
764,882,118,0.118,0.23949070880399084
772,886,114,0.114,0.20795732375234366
760,880,120,0.12,0.2161879619024694
764,882,118,0.118,0.20320123695023357
728,864,136,0.136,0.20256586929783224
784,892,108,0.108,0.19284439493715763
756,878,122,0.122,0.19132085939869284
748,874,126,0.126,0.194389109592999
786,893,107,0.107,0.19063948850187
748,874,126,0.126,0.19250678115850314
794,897,103,0.103,0.1902962683774531
744,872,128,0.128,0.18824627088197007
738,869,131,0.131,0.20746171756833792
770,885,115,0.115,0.19210890198621725
786,893,107,0.107,0.21789345379173755
732,866,134,0.134,0.1960857343131139
756,878,122,0.122,0.2259384557995945
784,892,108,0.108,0.20029064267975627
752,876,124,0.124,0.21261875804606825
794,897,103,0.103,0.19004452527244575
738,869,131,0.131,0.20047302312031387
756,878,122,0.122,0.17115673505189183
770,885,115,0.115,0.18645233791694046
814,907,93,0.093,0.1767894939891994
776,888,112,0.112,0.19399522566236554
724,862,138,0.138,0.18805528110964223
734,867,133,0.133,0.1881310432682185
736,868,132,0.132,0.1935091498401016
772,886,114,0.114,0.20610248522774782
728,864,136,0.136,0.2136408526724195
802,901,99,0.099,0.19412506575979946
734,867,133,0.133,0.23345700262761965
746,873,127,0.127,0.21194060398137662
756,878,122,0.122,0.23644001326709985
846,923,77,0.077,0.1932404464739666
788,894,106,0.106,0.21520585495373235
756,878,122,0.122,0.22689276557202903
784,892,108,0.108,0.19699193095043302
758,879,121,0.121,0.21410672070131112
772,886,114,0.114,0.224766548961401
724,862,138,0.138,0.23556021967157723
816,908,92,0.092,0.22385346573592108
752,876,124,0.124,0.23925339460372924
756,878,122,0.122,0.2608476540055126
716,858,142,0.142,0.2763830534443259
750,875,125,0.125,0.2606154797411582
784,892,108,0.108,0.24312631489284103
730,865,135,0.135,0.24465502421557903
772,886,114,0.114,0.2179584170736798
782,891,109,0.109,0.2132060453519225
754,877,123,0.123,0.18143633594445419
766,883,117,0.117,0.19609947974979877
780,890,110,0.11,0.17943107428383792
806,903,97,0.097,0.1809397371369414
750,875,125,0.125,0.19704834044602468
776,888,112,0.112,0.19345554006216117
778,889,111,0.111,0.2134203041046858
760,880,120,0.12,0.19775938685797154
734,867,133,0.133,0.23902261162549257
682,841,159,0.159,0.2279970293691674
786,893,107,0.107,0.21028971889280365
794,897,103,0.103,0.20637347174156456
830,915,85,0.085,0.20171259251609444
744,872,128,0.128,0.20141607487396687
804,902,98,0.098,0.17157016087869192
812,906,94,0.094,0.1687853303817101
748,874,126,0.126,0.18191461570933462
762,881,119,0.119,0.15947353967279196
750,875,125,0.125,0.168567193985451
780,890,110,0.11,0.17344772006105633
820,910,90,0.09,0.18510996056662424
756,878,122,0.122,0.20094291061908007
806,903,97,0.097,0.1884035141839169
768,884,116,0.116,0.21179695865185932
744,872,128,0.128,0.21502238868176937
796,898,102,0.102,0.20417939368847873
738,869,131,0.131,0.22282490909270564
838,919,81,0.081,0.2184013158692452
738,869,131,0.131,0.2296229553539306
718,859,141,0.141,0.22851544710985866
738,869,131,0.131,0.23537339206621982
754,877,123,0.123,0.2459640642557818
792,896,104,0.104,0.23403633061773144
702,851,149,0.149,0.26156817745417354
764,882,118,0.118,0.25453364542964846
768,884,116,0.116,0.2571300447061658
780,890,110,0.11,0.23948030736157272
806,903,97,0.097,0.2396415057973063
716,858,142,0.142,0.2652022714985069
758,879,121,0.121,0.2414827458951623
750,875,125,0.125,0.2668371398746967
706,853,147,0.147,0.2538070756569505
758,879,121,0.121,0.23901846930384635
726,863,137,0.137,0.24735049634950712
740,870,130,0.13,0.2324437508167757
770,885,115,0.115,0.2326111964704469
794,897,103,0.103,0.2395165455075985
704,852,148,0.148,0.24857085384358651
754,877,123,0.123,0.2518401624038816
778,889,111,0.111,0.24231115302373654
716,858,142,0.142,0.25733445094416313
842,921,79,0.079,0.22064819806069136
836,918,82,0.082,0.2017815401827106
824,912,88,0.088,0.21358944793437057
752,876,124,0.124,0.21846850907988846
776,888,112,0.112,0.2035960217099637
718,859,141,0.141,0.2197940204605693
768,884,116,0.116,0.20748486976172717
662,831,169,0.169,0.2521262791585177
716,858,142,0.142,0.2310509105253732
760,880,120,0.12,0.24546255871187894
746,873,127,0.127,0.2279657160656252
768,884,116,0.116,0.22939098818253842
726,863,137,0.137,0.24791084442287684
822,911,89,0.089,0.19093967978830914
784,892,108,0.108,0.18519648076035083
776,888,112,0.112,0.17601940978318453
788,894,106,0.106,0.15246616112165065
826,913,87,0.087,0.1388026323374361
738,869,131,0.131,0.14972856547217817
780,890,110,0.11,0.15209911680338017
722,861,139,0.139,0.16161774588609115
706,853,147,0.147,0.18421220155060292
782,891,109,0.109,0.16961700666276738
774,887,113,0.113,0.1984843267723918
736,868,132,0.132,0.19731820613425224
792,896,104,0.104,0.21033653892576695
708,854,146,0.146,0.22965620443632362
764,882,118,0.118,0.19788323324127122
694,847,153,0.153,0.2225231118251686
756,878,122,0.122,0.20579795749687765
818,909,91,0.091,0.18538190132184537
756,878,122,0.122,0.19130167306476914
728,864,136,0.136,0.20079639361053706
788,894,106,0.106,0.19229596090037376
758,879,121,0.121,0.20014806551113726
732,866,134,0.134,0.19720270695872216
782,891,109,0.109,0.18293370186164976
802,901,99,0.099,0.1903738876238931
702,851,149,0.149,0.22184220336260274
748,874,126,0.126,0.21018597992137075
762,881,119,0.119,0.21676664259377867
734,867,133,0.133,0.21531331039592624
740,870,130,0.13,0.22612430990779103
754,877,123,0.123,0.22260948472839073
682,841,159,0.159,0.24135921495500953
764,882,118,0.118,0.2048870614785701
802,901,99,0.099,0.1962551042176783
734,867,133,0.133,0.2054942662276153
774,887,113,0.113,0.19239425349235534
800,900,100,0.1,0.19125086734443902
722,861,139,0.139,0.2009823562213911
796,898,102,0.102,0.182171851856634
818,909,91,0.091,0.1790914364520577
806,903,97,0.097,0.18392500825313618
740,870,130,0.13,0.19939904146147455
786,893,107,0.107,0.17240640967898094
726,863,137,0.137,0.21422979971021414
778,889,111,0.111,0.20195670761810697
792,896,104,0.104,0.18670913637429476
736,868,132,0.132,0.20154787877947092
766,883,117,0.117,0.21090943663939835
752,876,124,0.124,0.20847902464866638
786,893,107,0.107,0.2262009465601295
756,878,122,0.122,0.21054750199615954
774,887,113,0.113,0.21567293386161326
784,892,108,0.108,0.21780754534923472
778,889,111,0.111,0.241686230994761
766,883,117,0.117,0.22272108633071183
754,877,123,0.123,0.244847974142991
846,923,77,0.077,0.24118407314270734
690,845,155,0.155,0.26336954288557174
702,851,149,0.149,0.25443402019134376
770,885,115,0.115,0.24088194192200899
750,875,125,0.125,0.24214169750881978
790,895,105,0.105,0.22345119152398546
740,870,130,0.13,0.27058348727971315
736,868,132,0.132,0.2700636719488539
770,885,115,0.115,0.2708682634010911
768,884,116,0.116,0.26249531929434083
782,891,109,0.109,0.27437313564866783
692,846,154,0.154,0.27702609464611033
734,867,133,0.133,0.24763942525535823
768,884,116,0.116,0.2408908154964447
712,856,144,0.144,0.23207081684237346
752,876,124,0.124,0.2444932114109397
792,896,104,0.104,0.2411222187206149
708,854,146,0.146,0.28128884667158127
758,879,121,0.121,0.27133244560461667
774,887,113,0.113,0.2562414280101657
726,863,137,0.137,0.2759020898377612
816,908,92,0.092,0.24859640427259727
750,875,125,0.125,0.2597268738821149
796,898,102,0.102,0.21659872191247995
708,854,146,0.146,0.2581782317690668
754,877,123,0.123,0.21410329195484518
784,892,108,0.108,0.2149273257964869
734,867,133,0.133,0.231601262988057
794,897,103,0.103,0.2142537890665758
736,868,132,0.132,0.26981278213858606
822,911,89,0.089,0.22373443962296732
742,871,129,0.129,0.26376899959844136
718,859,141,0.141,0.2691701387222861
820,910,90,0.09,0.2331896288841963
746,873,127,0.127,0.263818442851305
750,875,125,0.125,0.2577657543979585
756,878,122,0.122,0.2543113953396678
798,899,101,0.101,0.23357816993724556
796,898,102,0.102,0.24159214504808188
774,887,113,0.113,0.25518475455101364
788,894,106,0.106,0.24530598090589045
762,881,119,0.119,0.25093969110399483
772,886,114,0.114,0.23505391881614926
698,849,151,0.151,0.28625940741655903
746,873,127,0.127,0.28016945636738094
720,860,140,0.14,0.2951451673582196
690,845,155,0.155,0.3068070145212114
716,858,142,0.142,0.30878393646609037
804,902,98,0.098,0.28544609690457584
720,860,140,0.14,0.2928837860102712
718,859,141,0.141,0.3040111290588975
764,882,118,0.118,0.2740931230671704
704,852,148,0.148,0.30314128585904837
752,876,124,0.124,0.25890912613261663
696,848,152,0.152,0.26924107867479324
790,895,105,0.105,0.26264043151773514
692,846,154,0.154,0.2852894266303629
796,898,102,0.102,0.25410322704928007
742,871,129,0.129,0.27913919293135403
774,887,113,0.113,0.24620364924520255
694,847,153,0.153,0.27662158877030013
728,864,136,0.136,0.2653883489255799
744,872,128,0.128,0.2827279348470811
726,863,137,0.137,0.279981678711898
744,872,128,0.128,0.28955191784563067
718,859,141,0.141,0.2904111350051561
742,871,129,0.129,0.2860360783152282
758,879,121,0.121,0.28670765485195443
804,902,98,0.098,0.28365481658279895
782,891,109,0.109,0.2832372401343255
746,873,127,0.127,0.2836738034976478
722,861,139,0.139,0.2725289634843357
700,850,150,0.15,0.24545793791115283
798,899,101,0.101,0.2238444280475378
782,891,109,0.109,0.22942309240298345
720,860,140,0.14,0.23485513003108918
752,876,124,0.124,0.2455787057504058
802,901,99,0.099,0.22198254746198653
748,874,126,0.126,0.2298454612204805
712,856,144,0.144,0.267955599963665
764,882,118,0.118,0.2366521921493113
700,850,150,0.15,0.2692763298470527
748,874,126,0.126,0.26531439755577596
760,880,120,0.12,0.2649305083975196
728,864,136,0.136,0.2557496193572879
808,904,96,0.096,0.2630987651236355
740,870,130,0.13,0.28131689290213396
786,893,107,0.107,0.26884657491743563
716,858,142,0.142,0.267205872700084
760,880,120,0.12,0.2686913174279034
720,860,140,0.14,0.2844713367805816
790,895,105,0.105,0.30195956633985044
748,874,126,0.126,0.31767616904107854
756,878,122,0.122,0.32344581140205264
762,881,119,0.119,0.3220623710521668
752,876,124,0.124,0.3394868291094899
754,877,123,0.123,0.34500993491365806
766,883,117,0.117,0.362316994138062
784,892,108,0.108,0.34081979155587033
766,883,117,0.117,0.3198512873649597
786,893,107,0.107,0.32958534782379867
764,882,118,0.118,0.30851676724392746
780,890,110,0.11,0.30845015528392106
736,868,132,0.132,0.3132937193438411
790,895,105,0.105,0.3145212111920118
768,884,116,0.116,0.3437962493626401
736,868,132,0.132,0.3733218051642179
736,868,132,0.132,0.3808165784329176
746,873,127,0.127,0.37233413249664593
788,894,106,0.106,0.37536723000392924
814,907,93,0.093,0.3598987948410213
720,860,140,0.14,0.3909654899984598
684,842,158,0.158,0.4146231106752239
740,870,130,0.13,0.3995384622598067
762,881,119,0.119,0.4000852111876011
786,893,107,0.107,0.428753998786211
718,859,141,0.141,0.4616585901977763
758,879,121,0.121,0.4448464354723692
758,879,121,0.121,0.45642450446262955
780,890,110,0.11,0.45480042064189913
724,862,138,0.138,0.4707547272469383
770,885,115,0.115,0.49318452559411524
714,857,143,0.143,0.5280337919745361
786,893,107,0.107,0.49365059108973947
732,866,134,0.134,0.5089164969087578
774,887,113,0.113,0.5221295535163953
758,879,121,0.121,0.5308245185369346
760,880,120,0.12,0.5133156760632992
766,883,117,0.117,0.5240788882821799
754,877,123,0.123,0.5180439413189888
812,906,94,0.094,0.5192374854385853
734,867,133,0.133,0.5303814640641212
718,859,141,0.141,0.5051538442182341
752,876,124,0.124,0.5075556726157665
808,904,96,0.096,0.5028664263188839
734,867,133,0.133,0.5150339561998845
752,876,124,0.124,0.5006568862944841
780,890,110,0.11,0.49826427198573947
794,897,103,0.103,0.47173867098416666
736,868,132,0.132,0.49974115613102915
742,871,129,0.129,0.5271269427537918
690,845,155,0.155,0.5217201109896923
752,876,124,0.124,0.5127358913123607
724,862,138,0.138,0.5564255571905523
798,899,101,0.101,0.5550850863307715
688,844,156,0.156,0.5716141944732517
762,881,119,0.119,0.5340686569217149
780,890,110,0.11,0.5292856624540924
806,903,97,0.097,0.5069553770050407
698,849,151,0.151,0.5107842574045062
808,904,96,0.096,0.4896342833340168
704,852,148,0.148,0.5008274996876717
758,879,121,0.121,0.4533181936872173
742,871,129,0.129,0.428868271086365
788,894,106,0.106,0.4356798527985811
710,855,145,0.145,0.4478825566917658
724,862,138,0.138,0.46281075147539374
802,901,99,0.099,0.43812673644721506
806,903,97,0.097,0.42798533824756124
778,889,111,0.111,0.4437337946295738
646,823,177,0.177,0.4739230249300599
700,850,150,0.15,0.4515222486673156
796,898,102,0.102,0.4444465023428202
668,834,166,0.166,0.4880358573552221
722,861,139,0.139,0.4716858587935567
802,901,99,0.099,0.46404066499322655
730,865,135,0.135,0.5072287657484412
770,885,115,0.115,0.46999199941754344
764,882,118,0.118,0.4612220744714141
796,898,102,0.102,0.42187441951888505
788,894,106,0.106,0.402619615778327
800,900,100,0.1,0.40227091719210145
822,911,89,0.089,0.3943052402790636
774,887,113,0.113,0.37820893617137336
804,902,98,0.098,0.36029533230522065
774,887,113,0.113,0.38407196536660193
694,847,153,0.153,0.4061775450780988
786,893,107,0.107,0.38737035982310775
766,883,117,0.117,0.41609420254826546
726,863,137,0.137,0.41041906554996965
798,899,101,0.101,0.3988455446064472
812,906,94,0.094,0.4056267956290394
732,866,134,0.134,0.36998979943152516
756,878,122,0.122,0.36662552868342024
772,886,114,0.114,0.34832127893250436
758,879,121,0.121,0.36353543736308347
776,888,112,0.112,0.3557509055022904
796,898,102,0.102,0.3351771219671937
684,842,158,0.158,0.3768877556174994
812,906,94,0.094,0.30396412752906327
746,873,127,0.127,0.30902600029877064
724,862,138,0.138,0.31003848040907156
750,875,125,0.125,0.3075801346324151
778,889,111,0.111,0.28877461977675556
734,867,133,0.133,0.3053836478800513
750,875,125,0.125,0.31247635128721596
712,856,144,0.144,0.3148592949062586
730,865,135,0.135,0.3091922569605522
776,888,112,0.112,0.30671769179962577
708,854,146,0.146,0.2977767162770033
794,897,103,0.103,0.2818403481245041
768,884,116,0.116,0.3057300817677751
752,876,124,0.124,0.2796191188024376
734,867,133,0.133,0.31886257375590504
730,865,135,0.135,0.29837180509464817
750,875,125,0.125,0.3125309495702386
786,893,107,0.107,0.29413456363976004
756,878,122,0.122,0.3051741282604635
732,866,134,0.134,0.30734375503665284
746,873,127,0.127,0.30836871949781197
800,900,100,0.1,0.30764731380343435
826,913,87,0.087,0.3094744707760729
790,895,105,0.105,0.31031218919326287
710,855,145,0.145,0.33050295496359466
776,888,112,0.112,0.3052566554123405
702,851,149,0.149,0.3152040643636137
744,872,128,0.128,0.2808522115177681
718,859,141,0.141,0.3311755537665449
804,902,98,0.098,0.3299574204012752
790,895,105,0.105,0.3173371844260255
812,906,94,0.094,0.3157668981254101
716,858,142,0.142,0.3575436656232923
744,872,128,0.128,0.3221711501167156
800,900,100,0.1,0.3043535097464919
748,874,126,0.126,0.29027529793243423
782,891,109,0.109,0.27587464553688185
750,875,125,0.125,0.2808588085914449
752,876,124,0.124,0.26215713354200126
826,913,87,0.087,0.25188088716939094
712,856,144,0.144,0.26592487807705767
796,898,102,0.102,0.2601255946094752
742,871,129,0.129,0.2549458790401695
698,849,151,0.151,0.26455688933798227
818,909,91,0.091,0.25332969176769254
758,879,121,0.121,0.26129993039460764
766,883,117,0.117,0.2747721290669615
752,876,124,0.124,0.2638545825555921
788,894,106,0.106,0.2590885669924319
788,894,106,0.106,0.24739049713403982
736,868,132,0.132,0.26390029522241093
700,850,150,0.15,0.27415642117435346
804,902,98,0.098,0.23951667072810232
776,888,112,0.112,0.2650345292864367
726,863,137,0.137,0.2732711443081498
792,896,104,0.104,0.2609863466993334
700,850,150,0.15,0.2869706110348925
834,917,83,0.083,0.25544580407440665
756,878,122,0.122,0.260092194022125
764,882,118,0.118,0.25945764407515526
760,880,120,0.12,0.28300101638727276
738,869,131,0.131,0.27666896212100983
760,880,120,0.12,0.28708169735175854
798,899,101,0.101,0.26663011104334144
684,842,158,0.158,0.3113830362490032
722,861,139,0.139,0.317418998092413
772,886,114,0.114,0.30976157570630314
756,878,122,0.122,0.34576919228024783
732,866,134,0.134,0.3299569888655096
712,856,144,0.144,0.3763064360995995
754,877,123,0.123,0.3632577460333705
742,871,129,0.129,0.3600341242682189
826,913,87,0.087,0.33182994222640994
814,907,93,0.093,0.3033593843281269
780,890,110,0.11,0.32721752168369916
818,909,91,0.091,0.28720321065932514
782,891,109,0.109,0.3121705890223384
726,863,137,0.137,0.31342184969037773
762,881,119,0.119,0.30700279198307545
750,875,125,0.125,0.3150076730698347
776,888,112,0.112,0.31960783594101666
732,866,134,0.134,0.33068447084433866
740,870,130,0.13,0.3341215790063143
726,863,137,0.137,0.3483244113624096
798,899,101,0.101,0.32693634842968083
710,855,145,0.145,0.3461380918622017
762,881,119,0.119,0.3474397213384509
728,864,136,0.136,0.3390255137514323
720,860,140,0.14,0.3442898888513446
730,865,135,0.135,0.3148012404345142
776,888,112,0.112,0.30208422186225653
774,887,113,0.113,0.29396812462992966
790,895,105,0.105,0.3074694587984213
722,861,139,0.139,0.33635963399335744
744,872,128,0.128,0.3356501479074359
738,869,131,0.131,0.31547551904711874
762,881,119,0.119,0.3292843572255224
762,881,119,0.119,0.3438772051425185
778,889,111,0.111,0.325429289765656
734,867,133,0.133,0.348947954349298
726,863,137,0.137,0.38886580867134035
694,847,153,0.153,0.36722116559743884
778,889,111,0.111,0.37345552160963413
836,918,82,0.082,0.359729432284832
724,862,138,0.138,0.37280620772475276
696,848,152,0.152,0.41112359215505423
788,894,106,0.106,0.35100341213314734
790,895,105,0.105,0.3721317611411214
750,875,125,0.125,0.36377682371065023
732,866,134,0.134,0.3501252212862018
770,885,115,0.115,0.3543512217849493
818,909,91,0.091,0.3224545455276966
726,863,137,0.137,0.3109287621781036
790,895,105,0.105,0.30318737628433157
826,913,87,0.087,0.3028871886048
774,887,113,0.113,0.3014300658916036
728,864,136,0.136,0.337073896903672
774,887,113,0.113,0.3219172080941498
746,873,127,0.127,0.34211196310076675
630,815,185,0.185,0.37018918072059753
728,864,136,0.136,0.38429311000773464
800,900,100,0.1,0.3478404864296317
746,873,127,0.127,0.3672181657031178
738,869,131,0.131,0.339841821244206
782,891,109,0.109,0.30364221860282126
796,898,102,0.102,0.27887724510780754
740,870,130,0.13,0.3063336193487048
768,884,116,0.116,0.3075108257359825
736,868,132,0.132,0.2939690226500388
746,873,127,0.127,0.3065168295875192
798,899,101,0.101,0.2970097638445441
752,876,124,0.124,0.3092793268878013
746,873,127,0.127,0.32185176230221985
726,863,137,0.137,0.33533053259551526
702,851,149,0.149,0.33858520205691456
768,884,116,0.116,0.32350885804742574
760,880,120,0.12,0.3099372450804985
770,885,115,0.115,0.3058650497868657
704,852,148,0.148,0.31193582371203227
662,831,169,0.169,0.3118980740441542
836,918,82,0.082,0.26950330762923114
808,904,96,0.096,0.2729397045224905
772,886,114,0.114,0.2811956679299474
808,904,96,0.096,0.27134298596782086
786,893,107,0.107,0.25111775302141903
766,883,117,0.117,0.25709674417972567
780,890,110,0.11,0.2617350980824849
772,886,114,0.114,0.24421558783145156
766,883,117,0.117,0.2697950849486515
770,885,115,0.115,0.2800418227413666
724,862,138,0.138,0.28277056688070296
798,899,101,0.101,0.2827018508836627
806,903,97,0.097,0.29518651943397706
786,893,107,0.107,0.2940852091386914
754,877,123,0.123,0.32077260556444526
788,894,106,0.106,0.2932511299699545
802,901,99,0.099,0.24597964479215442
788,894,106,0.106,0.2546694572903216
704,852,148,0.148,0.2677140829898417
734,867,133,0.133,0.25931301288128633
724,862,138,0.138,0.2730575360655785
808,904,96,0.096,0.25873763526231053
766,883,117,0.117,0.28695786608941853
736,868,132,0.132,0.32501446501165626
748,874,126,0.126,0.32271054156465107
758,879,121,0.121,0.32712665763945553
716,858,142,0.142,0.34689278561621906
728,864,136,0.136,0.3273842616379261
868,934,66,0.066,0.24613184813410044
742,871,129,0.129,0.30468201434891673
796,898,102,0.102,0.24165804264694452
818,909,91,0.091,0.23635779286175967
764,882,118,0.118,0.214419558086783
718,859,141,0.141,0.2247629594001919
762,881,119,0.119,0.20162368655274623
760,880,120,0.12,0.21989742409717292
792,896,104,0.104,0.24030411330237986
774,887,113,0.113,0.2403212181357685
730,865,135,0.135,0.26553963888064025
724,862,138,0.138,0.2697797485175397
766,883,117,0.117,0.2933249228820205
754,877,123,0.123,0.29634253393113613
750,875,125,0.125,0.28604127750359476
706,853,147,0.147,0.29540613751858474
760,880,120,0.12,0.262875448776409
784,892,108,0.108,0.2742362216902202
770,885,115,0.115,0.25664226302778637
764,882,118,0.118,0.2515127413868904
786,893,107,0.107,0.21232504378495748
726,863,137,0.137,0.242252643533051
754,877,123,0.123,0.2277817203236773
816,908,92,0.092,0.20663790039345623
732,866,134,0.134,0.24494657190616273
754,877,123,0.123,0.23464270676597335
774,887,113,0.113,0.2320927462453983
758,879,121,0.121,0.23286590877240815
724,862,138,0.138,0.26987031978555026
784,892,108,0.108,0.24216108266144878
778,889,111,0.111,0.2645242883861065
734,867,133,0.133,0.27075900842249395
782,891,109,0.109,0.2534034813046455
764,882,118,0.118,0.28201292636813013
726,863,137,0.137,0.2763036960185336
798,899,101,0.101,0.25609410967173063
818,909,91,0.091,0.22524652560196415
740,870,130,0.13,0.22534595274739336
854,927,73,0.073,0.21445165866985916
740,870,130,0.13,0.2535141097209416
758,879,121,0.121,0.2428296869311016
724,862,138,0.138,0.24711056017130614
826,913,87,0.087,0.22750113174319267
786,893,107,0.107,0.22966893166303634
736,868,132,0.132,0.27253499683737753
792,896,104,0.104,0.24866546969860792
744,872,128,0.128,0.25095418584346774
792,896,104,0.104,0.2502773355469108
736,868,132,0.132,0.2476504945139555
752,876,124,0.124,0.23961212602257728
796,898,102,0.102,0.23026924892514944
748,874,126,0.126,0.2442708784043789
698,849,151,0.151,0.2238584339034569
754,877,123,0.123,0.20446646997332574
768,884,116,0.116,0.20947991248965264
734,867,133,0.133,0.2137297473549843
792,896,104,0.104,0.18343561365827918
800,900,100,0.1,0.1938834813890124
768,884,116,0.116,0.2027532133422792
720,860,140,0.14,0.2250299571044743
752,876,124,0.124,0.19773279595561324
754,877,123,0.123,0.18260092678666115
808,904,96,0.096,0.19116117890624001
782,891,109,0.109,0.19350229384377599
806,903,97,0.097,0.17905979857873217
778,889,111,0.111,0.19057893984019755
684,842,158,0.158,0.22053173469206525
768,884,116,0.116,0.1945021972283721
792,896,104,0.104,0.1926698269690387
796,898,102,0.102,0.20088277710601687
800,900,100,0.1,0.2023520727204159
778,889,111,0.111,0.19999263321608304
766,883,117,0.117,0.20644316481426359
774,887,113,0.113,0.20670199591259006
708,854,146,0.146,0.1985097877830267
816,908,92,0.092,0.18863984162789138
788,894,106,0.106,0.21834709182791703
778,889,111,0.111,0.23043089194595814
752,876,124,0.124,0.22378080351650714
832,916,84,0.084,0.20980999461933972
712,856,144,0.144,0.23204282750189303
756,878,122,0.122,0.21245927356183528
812,906,94,0.094,0.20223511037789285
758,879,121,0.121,0.2210647877678275
754,877,123,0.123,0.20826924177259207
776,888,112,0.112,0.212908541418612
760,880,120,0.12,0.21056317416927778
780,890,110,0.11,0.20527781589329241
726,863,137,0.137,0.22156650253385304
706,853,147,0.147,0.24874688383284957
776,888,112,0.112,0.20947104916517856
802,901,99,0.099,0.2045676478408277
720,860,140,0.14,0.22718410665541888
784,892,108,0.108,0.20421305755799404
752,876,124,0.124,0.21932306192951967
728,864,136,0.136,0.22743263624622664
760,880,120,0.12,0.219182150747627
736,868,132,0.132,0.21318340943008662
750,875,125,0.125,0.23526565877348185
750,875,125,0.125,0.2273708869703114
786,893,107,0.107,0.2010106175094843
768,884,116,0.116,0.18028652865869826
744,872,128,0.128,0.1823952111975159
736,868,132,0.132,0.19827771890517182
788,894,106,0.106,0.1805897109946236
766,883,117,0.117,0.17369909936003386
680,840,160,0.16,0.18751618307828904
714,857,143,0.143,0.18339239098504187
728,864,136,0.136,0.20444482312723994
746,873,127,0.127,0.1918709977818653
770,885,115,0.115,0.17962318214681
760,880,120,0.12,0.19362323766363118
734,867,133,0.133,0.1934176844927788
750,875,125,0.125,0.1773748721703887
774,887,113,0.113,0.16197983325459064
814,907,93,0.093,0.16321837709099055
748,874,126,0.126,0.14486848577857017
784,892,108,0.108,0.148941921713762
786,893,107,0.107,0.13132253426581883
782,891,109,0.109,0.13491292584687473
816,908,92,0.092,0.13450782440713374
774,887,113,0.113,0.14652191311866045
674,837,163,0.163,0.18611239150337314
676,838,162,0.162,0.18748044629115612
732,866,134,0.134,0.2007393251415342
740,870,130,0.13,0.21779019634053112
694,847,153,0.153,0.23470151041075588
710,855,145,0.145,0.23917496448010206
736,868,132,0.132,0.23896615286916495
804,902,98,0.098,0.21367294001579284
678,839,161,0.161,0.2433142801731592
728,864,136,0.136,0.20135265178605913
860,930,70,0.07,0.15777872433140874
804,902,98,0.098,0.16501488944515585
816,908,92,0.092,0.15908350140880792
762,881,119,0.119,0.1674324493519962
724,862,138,0.138,0.17114313755997046
760,880,120,0.12,0.1664711822345853
756,878,122,0.122,0.18574035145279777
794,897,103,0.103,0.18852412162169827
712,856,144,0.144,0.21759223767416552
788,894,106,0.106,0.21981928372383117
806,903,97,0.097,0.2172745691880118
770,885,115,0.115,0.2351807169355452
776,888,112,0.112,0.23223369720554182
740,870,130,0.13,0.24256715375557542
756,878,122,0.122,0.23587533704191446
806,903,97,0.097,0.22899052513949572
730,865,135,0.135,0.24083853591419757
782,891,109,0.109,0.2446327579393983
770,885,115,0.115,0.2547321533435024
814,907,93,0.093,0.2358149142563343
792,896,104,0.104,0.24353737308783457
764,882,118,0.118,0.23712326544523238
686,843,157,0.157,0.2686402814164758
798,899,101,0.101,0.2390499257832464
730,865,135,0.135,0.2855398524440825
702,851,149,0.149,0.300669331855981
762,881,119,0.119,0.3079560613967478
718,859,141,0.141,0.3479742985777557
736,868,132,0.132,0.3349481598511338
808,904,96,0.096,0.3436602037269622
732,866,134,0.134,0.3413194539265278
720,860,140,0.14,0.3324612474888563
712,856,144,0.144,0.31421113534271716
792,896,104,0.104,0.2890751964077353
740,870,130,0.13,0.30685065570892767
698,849,151,0.151,0.3034535081870854
758,879,121,0.121,0.3106839883972425
768,884,116,0.116,0.300960095115006
736,868,132,0.132,0.3112532986383885
750,875,125,0.125,0.3239169095630174
828,914,86,0.086,0.3196211269274354
746,873,127,0.127,0.3362613703318605
772,886,114,0.114,0.3379442836716771
786,893,107,0.107,0.3267772332653403
760,880,120,0.12,0.33005726539716124
754,877,123,0.123,0.3185974782430567
774,887,113,0.113,0.3273411191905616
740,870,130,0.13,0.35138922772184017
780,890,110,0.11,0.33210341253876685
764,882,118,0.118,0.33597128061770054
760,880,120,0.12,0.371720530487597
772,886,114,0.114,0.3802918889215216
764,882,118,0.118,0.40061101476475597
752,876,124,0.124,0.4048369705645164
756,878,122,0.122,0.4191307299025405
744,872,128,0.128,0.4196320384703577
746,873,127,0.127,0.44036321879923346
784,892,108,0.108,0.4184698723629117
722,861,139,0.139,0.4317331452032013
736,868,132,0.132,0.4291388463824987
798,899,101,0.101,0.4188422569036484
754,877,123,0.123,0.4083829366490245
752,876,124,0.124,0.4491212868383154
790,895,105,0.105,0.4265728900968097
762,881,119,0.119,0.44843354712997097
772,886,114,0.114,0.4423265656075293
762,881,119,0.119,0.46328965490311386
788,894,106,0.106,0.451369388905845
766,883,117,0.117,0.44314180564880373
732,866,134,0.134,0.45203924176841975
738,869,131,0.131,0.4613397748786956
768,884,116,0.116,0.4739039733707905
732,866,134,0.134,0.4977180983275175
784,892,108,0.108,0.45232379604876044
712,856,144,0.144,0.5306601706892252
724,862,138,0.138,0.516884025476873
760,880,120,0.12,0.5104123693159781
828,914,86,0.086,0.5041774495299906
748,874,126,0.126,0.5228614427894354
792,896,104,0.104,0.5251182956434787
724,862,138,0.138,0.5166210859445132
758,879,121,0.121,0.5356364976929562
762,881,119,0.119,0.5259717899411916
722,861,139,0.139,0.5295259293030683
804,902,98,0.098,0.48247959334387946
776,888,112,0.112,0.5166618748903274
744,872,128,0.128,0.5265192359983921
728,864,136,0.136,0.5270075927697563
742,871,129,0.129,0.5050264886319638
808,904,96,0.096,0.522680754378438
794,897,103,0.103,0.5454474172592163
796,898,102,0.102,0.5578427338004113
728,864,136,0.136,0.5954975123479962
764,882,118,0.118,0.5825834913449799
714,857,143,0.143,0.6189965272508582
720,860,140,0.14,0.623174675568007
698,849,151,0.151,0.6780518090128899
782,891,109,0.109,0.6355027453005314
782,891,109,0.109,0.6854313338063658
720,860,140,0.14,0.7098128608763218
724,862,138,0.138,0.723103630952537
684,842,158,0.158,0.7188257053345442
726,863,137,0.137,0.7432524569630623
742,871,129,0.129,0.7523647314757109
760,880,120,0.12,0.7451834206283092
724,862,138,0.138,0.7489611527994363
768,884,116,0.116,0.7171356015604397
754,877,123,0.123,0.7148128662619628
774,887,113,0.113,0.6830893466302439
742,871,129,0.129,0.6898294968921691
734,867,133,0.133,0.6252731110677123
716,858,142,0.142,0.6361247838586569
786,893,107,0.107,0.5996681730449199
778,889,111,0.111,0.5899074300399479
806,903,97,0.097,0.5856666191890836
760,880,120,0.12,0.6120634456691477
708,854,146,0.146,0.5871127328334842
776,888,112,0.112,0.5778757001044578
736,868,132,0.132,0.5925183491241187
676,838,162,0.162,0.5859990416994988
768,884,116,0.116,0.5662191293537616
712,856,144,0.144,0.5662456406585645
776,888,112,0.112,0.5654946992844343
740,870,130,0.13,0.5664015080737881
782,891,109,0.109,0.5830018129907548
786,893,107,0.107,0.5814101724857464
750,875,125,0.125,0.5778183370642364
746,873,127,0.127,0.5670500200458221
768,884,116,0.116,0.5334009436815977
792,896,104,0.104,0.5446425176197663
754,877,123,0.123,0.52483643056266
700,850,150,0.15,0.5433054616308527
694,847,153,0.153,0.5564904557168484
762,881,119,0.119,0.550734770655632
800,900,100,0.1,0.5589316047132015
762,881,119,0.119,0.57941396266222
788,894,106,0.106,0.5621000195201487
780,890,110,0.11,0.5605791286677122
752,876,124,0.124,0.539500184867531
760,880,120,0.12,0.5473486219346523
698,849,151,0.151,0.561180146753788
792,896,104,0.104,0.528410043725032
790,895,105,0.105,0.5512926232852041
718,859,141,0.141,0.5787824608236551
756,878,122,0.122,0.5705440434217453
808,904,96,0.096,0.5817126768827439
714,857,143,0.143,0.6281826873919256
766,883,117,0.117,0.6059738968415168
762,881,119,0.119,0.6252490310966968
802,901,99,0.099,0.6230168536599958
696,848,152,0.152,0.6508188064098358
750,875,125,0.125,0.6350481726452708
784,892,108,0.108,0.6160393470636404
732,866,134,0.134,0.5810543486326933
806,903,97,0.097,0.5629904282338781
764,882,118,0.118,0.552248166039586
754,877,123,0.123,0.5516714068653528
720,860,140,0.14,0.5485958727449178
748,874,126,0.126,0.5362200989872217
746,873,127,0.127,0.5310170610807836
748,874,126,0.126,0.531706660091877
764,882,118,0.118,0.5507770815268159
786,893,107,0.107,0.5472234669313034
696,848,152,0.152,0.5805156397344544
810,905,95,0.095,0.5461730423271656
714,857,143,0.143,0.5891455960354808
746,873,127,0.127,0.5992205561511027
702,851,149,0.149,0.6236139181349426
694,847,153,0.153,0.6392647122717462
762,881,119,0.119,0.6655196665227413
754,877,123,0.123,0.6759424175154418
752,876,124,0.124,0.6851793659031391
714,857,143,0.143,0.6883892671465879
738,869,131,0.131,0.6581379905194044
776,888,112,0.112,0.6533633611798286
772,886,114,0.114,0.6640121816131286
730,865,135,0.135,0.6828033707789333
734,867,133,0.133,0.6628772053033463
706,853,147,0.147,0.6748600934669375
726,863,137,0.137,0.6893178280591965
708,854,146,0.146,0.7014987475574016
808,904,96,0.096,0.7172790367305308
752,876,124,0.124,0.7192743973713368
768,884,116,0.116,0.7407459690272808
756,878,122,0.122,0.7334985575675964
774,887,113,0.113,0.7493643850386142
742,871,129,0.129,0.7654009866416455
776,888,112,0.112,0.748382578901643
740,870,130,0.13,0.7539686326682574
750,875,125,0.125,0.7902549074068665
712,856,144,0.144,0.792834150120616
778,889,111,0.111,0.7781807440370321
710,855,145,0.145,0.7727449593650308
790,895,105,0.105,0.7406436397326761
788,894,106,0.106,0.717897191150643
660,830,170,0.17,0.7207733217177066
752,876,124,0.124,0.7090032011568547
730,865,135,0.135,0.7437766314447145
726,863,137,0.137,0.7403657928556204
738,869,131,0.131,0.7575177918076516
722,861,139,0.139,0.7993987026407392
720,860,140,0.14,0.8208827689202881
790,895,105,0.105,0.8161142739057541
738,869,131,0.131,0.8315431003420254
748,874,126,0.126,0.8264133939947351
672,836,164,0.164,0.7909907469898463
752,876,124,0.124,0.7644587826617062
710,855,145,0.145,0.7402689993996173
742,871,129,0.129,0.7429092591702938
694,847,153,0.153,0.7148518875539303
822,911,89,0.089,0.7022832390135154
774,887,113,0.113,0.709614550609127
758,879,121,0.121,0.7108347283266655
720,860,140,0.14,0.6685100368596614
756,878,122,0.122,0.649928979292512
748,874,126,0.126,0.6312734465984158
780,890,110,0.11,0.610321201552244
782,891,109,0.109,0.6450365787465125
772,886,114,0.114,0.6327619061075966
786,893,107,0.107,0.6587678490877151
780,890,110,0.11,0.6486136070042848
756,878,122,0.122,0.6932236948609352
786,893,107,0.107,0.6881923498958349
754,877,123,0.123,0.6967450114088133
758,879,121,0.121,0.722374441176653
680,840,160,0.16,0.7744874893161321
756,878,122,0.122,0.7439138051569462
772,886,114,0.114,0.767768291413784
766,883,117,0.117,0.7674142008747012
684,842,158,0.158,0.8114899619042353
742,871,129,0.129,0.7896530347466468
776,888,112,0.112,0.7471356518566609
752,876,124,0.124,0.7500982446074486
788,894,106,0.106,0.6868557319772662
758,879,121,0.121,0.6926141310713713
776,888,112,0.112,0.6507653110855026
776,888,112,0.112,0.6534062925577163
746,873,127,0.127,0.65980030265401
738,869,131,0.131,0.6681826707845321
778,889,111,0.111,0.6971660153269768
776,888,112,0.112,0.7045067414920777
766,883,117,0.117,0.6930671690106391
760,880,120,0.12,0.6932409354476461
778,889,111,0.111,0.6641769861131906
704,852,148,0.148,0.6827186322808265
722,861,139,0.139,0.6599828551113606
764,882,118,0.118,0.6554658403396606
742,871,129,0.129,0.6572109383653733
792,896,104,0.104,0.6464103911789134
746,873,127,0.127,0.6662895870273933
790,895,105,0.105,0.6747776986956596
798,899,101,0.101,0.6575923322334738
744,872,128,0.128,0.6721184991300106
740,870,130,0.13,0.6813349030478858
736,868,132,0.132,0.6605301004471257
716,858,142,0.142,0.661816403284669
696,848,152,0.152,0.6728940050974488
772,886,114,0.114,0.6194637684258633
784,892,108,0.108,0.6319754316806793
680,840,160,0.16,0.6390621118560667
746,873,127,0.127,0.6249837881326675
736,868,132,0.132,0.639422415047884
752,876,124,0.124,0.6294839099901728
748,874,126,0.126,0.6330037139817128
764,882,118,0.118,0.6188679646253585
736,868,132,0.132,0.5974984763413668
736,868,132,0.132,0.58802468314601
696,848,152,0.152,0.6010826936364174
768,884,116,0.116,0.5800279457047581
778,889,111,0.111,0.5714080335371948
788,894,106,0.106,0.559335485175252
810,905,95,0.095,0.5841612478811293
774,887,113,0.113,0.5759305818870198
762,881,119,0.119,0.6269103403563495
702,851,149,0.149,0.6336701731830835
746,873,127,0.127,0.6551986330337822
732,866,134,0.134,0.6587801770418882
734,867,133,0.133,0.7035731861963869
760,880,120,0.12,0.6941974496245384
790,895,105,0.105,0.6451381168533117
784,892,108,0.108,0.6708292425647377
728,864,136,0.136,0.6420399707593024
738,869,131,0.131,0.6360614922344685
726,863,137,0.137,0.6450723486840725
762,881,119,0.119,0.6208668712675571
762,881,119,0.119,0.6510083059668541
736,868,132,0.132,0.6619531403183937
736,868,132,0.132,0.6555294810160994
740,870,130,0.13,0.67014931191504
710,855,145,0.145,0.6663287876244831
698,849,151,0.151,0.6965473968088627
796,898,102,0.102,0.6440647696144879
772,886,114,0.114,0.6479421901106834
706,853,147,0.147,0.6483289985933071
818,909,91,0.091,0.622965228565503
700,850,150,0.15,0.6337516791075468
718,859,141,0.141,0.6362287192121148
746,873,127,0.127,0.6230579106211662
768,884,116,0.116,0.6113371652662754
756,878,122,0.122,0.6355957955420017
784,892,108,0.108,0.6336644160151481
834,917,83,0.083,0.6217098398030503
772,886,114,0.114,0.6195014523044229
724,862,138,0.138,0.6074838380652968
692,846,154,0.154,0.6067526126503945
732,866,134,0.134,0.5893309888839722
778,889,111,0.111,0.5844226127641693
766,883,117,0.117,0.5813325988247525
806,903,97,0.097,0.5832286379376537
718,859,141,0.141,0.6014654810502543
828,914,86,0.086,0.5585463585406542
730,865,135,0.135,0.5321743588671088
760,880,120,0.12,0.5363425743430853
816,908,92,0.092,0.448367533036496
736,868,132,0.132,0.45896639240831266
726,863,137,0.137,0.48247354034481216
784,892,108,0.108,0.4521330749914361
764,882,118,0.118,0.4739312312975526
766,883,117,0.117,0.48920990307024076
730,865,135,0.135,0.5164741121820696
790,895,105,0.105,0.5122972275838256
698,849,151,0.151,0.5148201951384545
762,881,119,0.119,0.5318785955905915
708,854,146,0.146,0.5094158129841089
758,879,121,0.121,0.5088917722497135
760,880,120,0.12,0.5003243894602493
730,865,135,0.135,0.5059034461528062
742,871,129,0.129,0.48946669727377595
742,871,129,0.129,0.4886577956508845
718,859,141,0.141,0.47907015661519964
806,903,97,0.097,0.4629696868881583
750,875,125,0.125,0.457431029856205
826,913,87,0.087,0.43400061179697513
736,868,132,0.132,0.4389637176170945
810,905,95,0.095,0.3983878617286682
788,894,106,0.106,0.3621179851125926
756,878,122,0.122,0.36345211053546517
768,884,116,0.116,0.37649937612571677
750,875,125,0.125,0.37544551124679854
758,879,121,0.121,0.38534948085505816
676,838,162,0.162,0.400358548328717
760,880,120,0.12,0.4268230936825275
810,905,95,0.095,0.4088257043287158
732,866,134,0.134,0.4341362006813288
714,857,143,0.143,0.42953520475607365
760,880,120,0.12,0.4142120085733477
754,877,123,0.123,0.4034855006856378
772,886,114,0.114,0.3757118849940598
734,867,133,0.133,0.37318450851738455
766,883,117,0.117,0.35241491388573193
742,871,129,0.129,0.3364776819467079
818,909,91,0.091,0.30426763253447187
780,890,110,0.11,0.3047654023580253
792,896,104,0.104,0.28589949356089345
742,871,129,0.129,0.30174702073598747
804,902,98,0.098,0.26410341567638923
788,894,106,0.106,0.28425435020029544
758,879,121,0.121,0.3086581557542086
738,869,131,0.131,0.3093378766165001
774,887,113,0.113,0.3357990752309561
830,915,85,0.085,0.3154228013083339
728,864,136,0.136,0.3371123931995826
768,884,116,0.116,0.3059125693665337
734,867,133,0.133,0.29164597488753496
766,883,117,0.117,0.2849973356984556
788,894,106,0.106,0.28631492307259393
764,882,118,0.118,0.2783840132504702
762,881,119,0.119,0.2887639501158846
768,884,116,0.116,0.3013828590802441
798,899,101,0.101,0.2891222605891526
792,896,104,0.104,0.2850680568501957
784,892,108,0.108,0.2919766527675092
766,883,117,0.117,0.28935169859096643
774,887,113,0.113,0.2947591871768236
726,863,137,0.137,0.32881609274478796
778,889,111,0.111,0.309207620665431
740,870,130,0.13,0.33491856951918453
780,890,110,0.11,0.30682347843050956
726,863,137,0.137,0.32398635645955803
734,867,133,0.133,0.3335348334442824
748,874,126,0.126,0.3046404999558469
760,880,120,0.12,0.31511956349919085
788,894,106,0.106,0.29125434496547675
722,861,139,0.139,0.3136275384835899
714,857,143,0.143,0.3035936892591417
710,855,145,0.145,0.3084271941334009
750,875,125,0.125,0.3075758541673422
850,925,75,0.075,0.2831001329869032
790,895,105,0.105,0.2988615925915952
800,900,100,0.1,0.29693623348137455
768,884,116,0.116,0.3036163339931518
772,886,114,0.114,0.299952844192856
756,878,122,0.122,0.31963843494001776
742,871,129,0.129,0.30452518758177766
770,885,115,0.115,0.31100157406181095
758,879,121,0.121,0.33371196489050636
790,895,105,0.105,0.3511979949623346
792,896,104,0.104,0.34128353696735575
764,882,118,0.118,0.3518252243185416
802,901,99,0.099,0.342337755933404
780,890,110,0.11,0.35210391229391097
692,846,154,0.154,0.3714370113760233
762,881,119,0.119,0.33293767957389353
784,892,108,0.108,0.34061135275661947
734,867,133,0.133,0.33137145755579694
766,883,117,0.117,0.3300751513779687
714,857,143,0.143,0.3382220889776945
720,860,140,0.14,0.3420355444264151
714,857,143,0.143,0.33530177375825587
768,884,116,0.116,0.33349228876084236
726,863,137,0.137,0.3312863471033052
728,864,136,0.136,0.3323694662191556
770,885,115,0.115,0.33690255245211304
804,902,98,0.098,0.33748409850150346
816,908,92,0.092,0.32607075802236796
756,878,122,0.122,0.31049246138334274
750,875,125,0.125,0.32271327084461343
732,866,134,0.134,0.3066044615880819
806,903,97,0.097,0.3064990136362612
760,880,120,0.12,0.30212245154380796
754,877,123,0.123,0.29177992478967646
764,882,118,0.118,0.3166300961114466
732,866,134,0.134,0.32439855266921225
808,904,96,0.096,0.32430444998294117
746,873,127,0.127,0.3306117276113946
810,905,95,0.095,0.318525569950258
770,885,115,0.115,0.32561310538463295
780,890,110,0.11,0.29583460569195447
770,885,115,0.115,0.2995928511545062
704,852,148,0.148,0.3280846525803208
768,884,116,0.116,0.3088157617037555
692,846,154,0.154,0.34755167557724054
794,897,103,0.103,0.34326240450888873
712,856,144,0.144,0.3703106850514282
726,863,137,0.137,0.3736045901067555
786,893,107,0.107,0.37893969222846224
766,883,117,0.117,0.4024375040167943
730,865,135,0.135,0.38523084139823915
800,900,100,0.1,0.3738235995545983
760,880,120,0.12,0.35006870196724776
730,865,135,0.135,0.37127213075761395
782,891,109,0.109,0.3583928991234586
748,874,126,0.126,0.3813323448808283
674,837,163,0.163,0.43037176319956777
722,861,139,0.139,0.46784136214037425
788,894,106,0.106,0.44546559574455025
806,903,97,0.097,0.44597814034383193
718,859,141,0.141,0.4710724472254515
802,901,99,0.099,0.44670242480933664
786,893,107,0.107,0.4218214403614402
766,883,117,0.117,0.42482578893005846
756,878,122,0.122,0.3713410020486158
716,858,142,0.142,0.37557597723510117
774,887,113,0.113,0.3678728913068771
736,868,132,0.132,0.37828175550326704
788,894,106,0.106,0.3547875790148973
750,875,125,0.125,0.36172033224254846
786,893,107,0.107,0.3599447678923607
762,881,119,0.119,0.37978189889546776
768,884,116,0.116,0.34760969375260176
774,887,113,0.113,0.3569570932345232
790,895,105,0.105,0.3483069394379854
714,857,143,0.143,0.3697486394167158
834,917,83,0.083,0.3489347829669714
788,894,106,0.106,0.36251292876154184
732,866,134,0.134,0.3651495054761181
798,899,101,0.101,0.33458372195623814
734,867,133,0.133,0.3590271229930222
782,891,109,0.109,0.34264172591641545
780,890,110,0.11,0.36095628413452696
722,861,139,0.139,0.40480050865118394
714,857,143,0.143,0.42340180718898773
788,894,106,0.106,0.3890988311266484
798,899,101,0.101,0.39279546789056624
762,881,119,0.119,0.4002961037084151
810,905,95,0.095,0.3936110706490799
752,876,124,0.124,0.3868219285085797
786,893,107,0.107,0.389501419659704
740,870,130,0.13,0.3981706033051014
716,858,142,0.142,0.38714840599476885
748,874,126,0.126,0.37628839395573593
768,884,116,0.116,0.3886227471760176
708,854,146,0.146,0.4420473613883369
796,898,102,0.102,0.45346362656354905
740,870,130,0.13,0.46349101173877716
746,873,127,0.127,0.4628085083961487
768,884,116,0.116,0.43642803516611456
816,908,92,0.092,0.4257697289586067
704,852,148,0.148,0.39928156894183486
766,883,117,0.117,0.3811957451631315
776,888,112,0.112,0.36188507463783026
748,874,126,0.126,0.36079085879027845
752,876,124,0.124,0.3765752828717256
788,894,106,0.106,0.38189810708165167
724,862,138,0.138,0.390121267687995
754,877,123,0.123,0.3906448346823454
686,843,157,0.157,0.4245056296242933
746,873,127,0.127,0.40077194044739006
728,864,136,0.136,0.4428486800754191
728,864,136,0.136,0.4622174575775862
766,883,117,0.117,0.44332680278364567
750,875,125,0.125,0.42859228667244315
772,886,114,0.114,0.41825755782425406
770,885,115,0.115,0.4026797890216112
736,868,132,0.132,0.3882590593844652
824,912,88,0.088,0.36075789407823017
706,853,147,0.147,0.35570575869828464
762,881,119,0.119,0.33258395793661477
748,874,126,0.126,0.32772106639062987
672,836,164,0.164,0.3402372753095115
738,869,131,0.131,0.3555867444414926
740,870,130,0.13,0.3504831568226218
738,869,131,0.131,0.36871255552024107
772,886,114,0.114,0.3656657853499055
808,904,96,0.096,0.3433622279427946
760,880,120,0.12,0.38099874461305444
780,890,110,0.11,0.3105631962893531
724,862,138,0.138,0.3225368806100187
804,902,98,0.098,0.2564810126014054
766,883,117,0.117,0.2695449749974068
792,896,104,0.104,0.2692383679933846
712,856,144,0.144,0.27713183354530296
726,863,137,0.137,0.32097549741878173
728,864,136,0.136,0.31607731183059534
800,900,100,0.1,0.32788140793517234
702,851,149,0.149,0.3541218275204301
770,885,115,0.115,0.3469479209568281
772,886,114,0.114,0.3368063622266054
802,901,99,0.099,0.298321649575606
756,878,122,0.122,0.32541300417482855
772,886,114,0.114,0.27985986492037773
828,914,86,0.086,0.27219769660383464
798,899,101,0.101,0.2585478243861412
728,864,136,0.136,0.2735207696583384
774,887,113,0.113,0.28035174108296634
728,864,136,0.136,0.29531260213628413
724,862,138,0.138,0.3681955067887902
768,884,116,0.116,0.3684122951030787
752,876,124,0.124,0.44261118373274805
744,872,128,0.128,0.4524014342575595
780,890,110,0.11,0.49073253546655177
714,857,143,0.143,0.502237459026277
776,888,112,0.112,0.4827536418698728
754,877,123,0.123,0.4794952485822141
746,873,127,0.127,0.4612813225798309
774,887,113,0.113,0.47278309431278465
728,864,136,0.136,0.459308039650321
768,884,116,0.116,0.4535406469553709
688,844,156,0.156,0.48354236585414034
754,877,123,0.123,0.4626620868400787
800,900,100,0.1,0.4689043695256114
742,871,129,0.129,0.4902933546025306
754,877,123,0.123,0.49633189404010775
770,885,115,0.115,0.47704136150257775
778,889,111,0.111,0.461376818748191
744,872,128,0.128,0.45324345740014543
672,836,164,0.164,0.44993217080831527
708,854,146,0.146,0.44082299000024794
768,884,116,0.116,0.4235094993561506
780,890,110,0.11,0.4080436331154924
710,855,145,0.145,0.4224867080077529
756,878,122,0.122,0.42126086421310904
722,861,139,0.139,0.4193476318016022
718,859,141,0.141,0.4386181415170431
760,880,120,0.12,0.4306259872872906
750,875,125,0.125,0.45109245942533016
722,861,139,0.139,0.4506091800034046
768,884,116,0.116,0.4590634495570703
770,885,115,0.115,0.4652885241955519
754,877,123,0.123,0.46974534128420053
780,890,110,0.11,0.45542501121759416
770,885,115,0.115,0.4543740479853004
706,853,147,0.147,0.46750982747226955
736,868,132,0.132,0.4631915719546378
788,894,106,0.106,0.4673877016752958
844,922,78,0.078,0.4417067731767893
784,892,108,0.108,0.45467345252633096
750,875,125,0.125,0.4311278931349516
750,875,125,0.125,0.4398926243931055
738,869,131,0.131,0.4241024257987738
730,865,135,0.135,0.4105433502821252
748,874,126,0.126,0.4381565842628479
752,876,124,0.124,0.4295688152462244
738,869,131,0.131,0.42945448590628804
762,881,119,0.119,0.44631494258344173
810,905,95,0.095,0.43076855237782
764,882,118,0.118,0.42646125965075316
832,916,84,0.084,0.3961040764451027
732,866,134,0.134,0.39848251359164716
808,904,96,0.096,0.32589621176617223
742,871,129,0.129,0.34867880039662125
796,898,102,0.102,0.33658981416188183
676,838,162,0.162,0.351305977065192
774,887,113,0.113,0.37243668714910744
808,904,96,0.096,0.38162273082882164
738,869,131,0.131,0.39732411193661393
722,861,139,0.139,0.39705991936835927
754,877,123,0.123,0.4053619306056148
676,838,162,0.162,0.4332614175975323
728,864,136,0.136,0.39942166610539426
792,896,104,0.104,0.39911549229174853
762,881,119,0.119,0.3929738018941134
780,890,110,0.11,0.3863144971691072
790,895,105,0.105,0.3902290985956788
762,881,119,0.119,0.3872640700367629
744,872,128,0.128,0.3984912060648203
792,896,104,0.104,0.3886886330321431
740,870,130,0.13,0.40384908719468515
756,878,122,0.122,0.3921169323401991
720,860,140,0.14,0.4081863901168108
806,903,97,0.097,0.42523298325762154
796,898,102,0.102,0.4337944694487378
716,858,142,0.142,0.4305717444459442
716,858,142,0.142,0.4390872410796583
770,885,115,0.115,0.4261520901620388
810,905,95,0.095,0.4343115587681532
764,882,118,0.118,0.42231962533295153
788,894,106,0.106,0.42814839885011313
750,875,125,0.125,0.42678152164816857
784,892,108,0.108,0.41639764311912986
744,872,128,0.128,0.4359450388380792
768,884,116,0.116,0.4515854205787349
720,860,140,0.14,0.4760614215172827
738,869,131,0.131,0.4879573220197126
736,868,132,0.132,0.5108557483931
704,852,148,0.148,0.5226335486285388
748,874,126,0.126,0.5244848774969578
786,893,107,0.107,0.49296323975920675
778,889,111,0.111,0.48814005362987517
722,861,139,0.139,0.4618396764695644
726,863,137,0.137,0.42011889852583406
708,854,146,0.146,0.4040432994514704
756,878,122,0.122,0.4027846770435572
732,866,134,0.134,0.39656858720816673
664,832,168,0.168,0.4063397615775466
778,889,111,0.111,0.3949538686018938
732,866,134,0.134,0.40494528169184923
780,890,110,0.11,0.3941207480781304
738,869,131,0.131,0.42467026710510253
740,870,130,0.13,0.40033753880113365
708,854,146,0.146,0.3966198419481516
768,884,116,0.116,0.36478309009224175
794,897,103,0.103,0.33725734473019836
786,893,107,0.107,0.3421850097985009
758,879,121,0.121,0.3293902211691275
732,866,134,0.134,0.3392119060382247
746,873,127,0.127,0.34963154048845174
778,889,111,0.111,0.3214578879084438
732,866,134,0.134,0.3423853959664702
806,903,97,0.097,0.3302857056556968
758,879,121,0.121,0.3302004306699673
768,884,116,0.116,0.32695929169654847
768,884,116,0.116,0.33276169350743295
694,847,153,0.153,0.338718399938196
724,862,138,0.138,0.3506644272898848
784,892,108,0.108,0.3319080990999937
784,892,108,0.108,0.3231550233885646
726,863,137,0.137,0.3472590016424656
752,876,124,0.124,0.3428447372796945
728,864,136,0.136,0.3497204413450716
810,905,95,0.095,0.3195946204289794
768,884,116,0.116,0.334171384563524
722,861,139,0.139,0.32687808573504695
766,883,117,0.117,0.33671610077486186
752,876,124,0.124,0.35593908859044315
806,903,97,0.097,0.3258134168603401
778,889,111,0.111,0.32736575047671795
706,853,147,0.147,0.32605759612470864
746,873,127,0.127,0.3167872721420878
798,899,101,0.101,0.30533934504771604
774,887,113,0.113,0.27626076178997755
816,908,92,0.092,0.2616794922091067
780,890,110,0.11,0.2712012471975759
750,875,125,0.125,0.2505237664375454
690,845,155,0.155,0.2369678639639169
766,883,117,0.117,0.20456004493706859
756,878,122,0.122,0.20845938530893546
764,882,118,0.118,0.20548557746898574
790,895,105,0.105,0.18768950940412468
720,860,140,0.14,0.18462046997994183
786,893,107,0.107,0.1838969185501337
804,902,98,0.098,0.17411369283869862
776,888,112,0.112,0.16888693561777474
712,856,144,0.144,0.18374292801320552
766,883,117,0.117,0.17054677059315146
732,866,134,0.134,0.18217863427847625
720,860,140,0.14,0.18304353262514997
708,854,146,0.146,0.21057628133771325
774,887,113,0.113,0.2042845301956404
768,884,116,0.116,0.2048914409209974
804,902,98,0.098,0.1747880035925191
786,893,107,0.107,0.1825140335678202
758,879,121,0.121,0.16464577135816216
784,892,108,0.108,0.17188833899715575
762,881,119,0.119,0.14789532391633844
816,908,92,0.092,0.13344383551813735
778,889,111,0.111,0.14543792022484694
778,889,111,0.111,0.13763379657734184
732,866,134,0.134,0.17730090076848865
726,863,137,0.137,0.18555153239777905
816,908,92,0.092,0.181293817628175
760,880,120,0.12,0.18470286797359586
716,858,142,0.142,0.20355467484518885
754,877,123,0.123,0.20705786991491915
806,903,97,0.097,0.19439940800901967
796,898,102,0.102,0.2016357777416706
782,891,109,0.109,0.18932766499038553
756,878,122,0.122,0.19634132747794503
748,874,126,0.126,0.18087056025892526
750,875,125,0.125,0.19939864697819576
744,872,128,0.128,0.20901818200085837
816,908,92,0.092,0.20105315167456866
790,895,105,0.105,0.2117098402529955
766,883,117,0.117,0.1964952190592885
686,843,157,0.157,0.2189750084877014
766,883,117,0.117,0.18936931836587978
722,861,139,0.139,0.20046159507345873
824,912,88,0.088,0.19283503574877978
848,924,76,0.076,0.21457354299158032
782,891,109,0.109,0.22925694507732988
782,891,109,0.109,0.22840287258906755
760,880,120,0.12,0.2259233745150268
838,919,81,0.081,0.20951810962334275
732,866,134,0.134,0.23182331904396414
766,883,117,0.117,0.21942622543498874
786,893,107,0.107,0.21744860376417638
790,895,105,0.105,0.21972031923756002
772,886,114,0.114,0.21323881933093072
786,893,107,0.107,0.22558613606800645
760,880,120,0.12,0.2264947347595844
784,892,108,0.108,0.22303406093758532
754,877,123,0.123,0.23900872788906907
740,870,130,0.13,0.23277471148222684
728,864,136,0.136,0.24363291871713955
688,844,156,0.156,0.2607328034490347
708,854,146,0.146,0.2486429252894304
826,913,87,0.087,0.22941227889806032
812,906,94,0.094,0.22622070948407053
712,856,144,0.144,0.23011257379874586
736,868,132,0.132,0.21323933055624367
752,876,124,0.124,0.22024245917914204
718,859,141,0.141,0.22828517058864237
782,891,109,0.109,0.21248390281945467
758,879,121,0.121,0.21731779230707615
814,907,93,0.093,0.21305946124924383
750,875,125,0.125,0.21533105935949448
754,877,123,0.123,0.1948980738571845
770,885,115,0.115,0.20566400568373502
764,882,118,0.118,0.17968617453426122
802,901,99,0.099,0.17627894363179802
754,877,123,0.123,0.18712832419850656
766,883,117,0.117,0.17955448320880532
744,872,128,0.128,0.18004864529054612
736,868,132,0.132,0.18559732887148858
814,907,93,0.093,0.18892606322839856
754,877,123,0.123,0.20581816277559847
770,885,115,0.115,0.20177282592518167
782,891,109,0.109,0.2015056311711669
688,844,156,0.156,0.2121220306620671
778,889,111,0.111,0.19288256119843572
744,872,128,0.128,0.19818537703872424
754,877,123,0.123,0.1925343741804827
824,912,88,0.088,0.18038367783278228
728,864,136,0.136,0.19328155986255566
772,886,114,0.114,0.18766899577683285
816,908,92,0.092,0.18585458290576934
730,865,135,0.135,0.18502865733020007
740,870,130,0.13,0.20033525404240937
810,905,95,0.095,0.18648069134727122
770,885,115,0.115,0.17923617605678738
692,846,154,0.154,0.21067184076473466
816,908,92,0.092,0.1973876441761386
782,891,109,0.109,0.21146780773228768
742,871,129,0.129,0.21885801655547252
764,882,118,0.118,0.20098353068903088
722,861,139,0.139,0.2022301167739788
736,868,132,0.132,0.20723450148488717
732,866,134,0.134,0.2045695714391768
794,897,103,0.103,0.20283463977836572
770,885,115,0.115,0.2218177378848195
770,885,115,0.115,0.22079041083059503
770,885,115,0.115,0.2137579530654475
766,883,117,0.117,0.2134267089217901
798,899,101,0.101,0.20849003941705452
722,861,139,0.139,0.21964717442920664
676,838,162,0.162,0.22679306884482503
794,897,103,0.103,0.2194164646199788
742,871,129,0.129,0.22819437916204333
822,911,89,0.089,0.23355039216205478
808,904,96,0.096,0.22519736739993096
788,894,106,0.106,0.24460295323584774
720,860,140,0.14,0.2501281175687909
722,861,139,0.139,0.2572835113182664
778,889,111,0.111,0.24476710878312588
726,863,137,0.137,0.25070621022209527
726,863,137,0.137,0.24948412883654236
788,894,106,0.106,0.2739244092218578
752,876,124,0.124,0.27479841075092554
756,878,122,0.122,0.2733334347084165
774,887,113,0.113,0.2768391369357705
728,864,136,0.136,0.2774433125145733
714,857,143,0.143,0.301981819152832
808,904,96,0.096,0.2942934422582157
716,858,142,0.142,0.33028399489074944
812,906,94,0.094,0.301936702683568
762,881,119,0.119,0.3090435849120315
786,893,107,0.107,0.2978162675201893
748,874,126,0.126,0.3019643294997513
750,875,125,0.125,0.27826552118966325
776,888,112,0.112,0.27189778374740853
650,825,175,0.175,0.303771308865631
784,892,108,0.108,0.28117553605511786
706,853,147,0.147,0.30200722302496436
764,882,118,0.118,0.30802137825940734
744,872,128,0.128,0.33365219297260046
716,858,142,0.142,0.3382598828971386
742,871,129,0.129,0.3315192520320415
736,868,132,0.132,0.3289011613824914
724,862,138,0.138,0.30210835033934563
806,903,97,0.097,0.30077297577262174
790,895,105,0.105,0.28049558017775417
700,850,150,0.15,0.2824759531049058
740,870,130,0.13,0.25536858558849074
764,882,118,0.118,0.2545953644355759
760,880,120,0.12,0.25166459530219437
728,864,136,0.136,0.2708398824185133
794,897,103,0.103,0.26026595774292943
712,856,144,0.144,0.26448957141116264
720,860,140,0.14,0.25771944163925947
760,880,120,0.12,0.2525780957546085
712,856,144,0.144,0.252372304991266
746,873,127,0.127,0.27021579022705555
764,882,118,0.118,0.25482840875233526
762,881,119,0.119,0.2578264264240861
706,853,147,0.147,0.2949727772674523
776,888,112,0.112,0.2777993807606399
766,883,117,0.117,0.2795601408854127
774,887,113,0.113,0.2881477347504115
704,852,148,0.148,0.30659753912501037
754,877,123,0.123,0.2885461897701025
742,871,129,0.129,0.2980809802338481
736,868,132,0.132,0.3012818983931832
788,894,106,0.106,0.2814683286061217
806,903,97,0.097,0.2789708993889726
776,888,112,0.112,0.2906383476704359
728,864,136,0.136,0.28462426840607075
796,898,102,0.102,0.2679274121671915
746,873,127,0.127,0.28244347467273473
760,880,120,0.12,0.2776767240595073
750,875,125,0.125,0.3334691433534026
758,879,121,0.121,0.3746156866773963
778,889,111,0.111,0.37443242520093917
748,874,126,0.126,0.3876053240522742
838,919,81,0.081,0.3801331250537187
768,884,116,0.116,0.3756074601784348
714,857,143,0.143,0.3901309910789132
808,904,96,0.096,0.3794624961465597
760,880,120,0.12,0.37784712828643385
768,884,116,0.116,0.36198622184991835
740,870,130,0.13,0.35770982416829794
768,884,116,0.116,0.3556664984032209
786,893,107,0.107,0.3525227392017841
754,877,123,0.123,0.34143611789597345
726,863,137,0.137,0.35833001659065483
780,890,110,0.11,0.362498087413609
754,877,123,0.123,0.378860703939572
818,909,91,0.091,0.37419607435038776
734,867,133,0.133,0.3764010666832328
778,889,111,0.111,0.36469624285399915
800,900,100,0.1,0.3600824867710471
654,827,173,0.173,0.3466793093583029
744,872,128,0.128,0.34171175490459427
816,908,92,0.092,0.31169326836805705
712,856,144,0.144,0.37628840789943935
754,877,123,0.123,0.3521399252763076
738,869,131,0.131,0.33947808084636927
820,910,90,0.09,0.3275271439804055
716,858,142,0.142,0.3667997701987624
732,866,134,0.134,0.36692137364298105
724,862,138,0.138,0.379922512587247
762,881,119,0.119,0.36928748113662
758,879,121,0.121,0.4169747354537249
748,874,126,0.126,0.42607249600650005
708,854,146,0.146,0.42706707121327053
810,905,95,0.095,0.3990906041190028
718,859,141,0.141,0.3995760558736511
806,903,97,0.097,0.35701196787238587
744,872,128,0.128,0.3595309465378523
766,883,117,0.117,0.3423629287709482
780,890,110,0.11,0.3084274167381227
710,855,145,0.145,0.3200379452658209
746,873,127,0.127,0.33893988401585157
768,884,116,0.116,0.34247072982788085
768,884,116,0.116,0.3722805960352198
740,870,130,0.13,0.41233608316630127
732,866,134,0.134,0.4058889678278938
802,901,99,0.099,0.3961600664407015
764,882,118,0.118,0.39069422433339057
724,862,138,0.138,0.4187252245759591
788,894,106,0.106,0.401870128698647
708,854,146,0.146,0.4148534257127903
794,897,103,0.103,0.4177787713305297
712,856,144,0.144,0.4326323583017365
720,860,140,0.14,0.4315329699056747
768,884,116,0.116,0.4433298344984651
740,870,130,0.13,0.42113027803354636
746,873,127,0.127,0.4375776132270694
724,862,138,0.138,0.4071006526320125
746,873,127,0.127,0.40957562437839806
748,874,126,0.126,0.40709491321071983
772,886,114,0.114,0.39779820960201323
696,848,152,0.152,0.40191940707340834
808,904,96,0.096,0.38577125043794513
744,872,128,0.128,0.3643967568874359
804,902,98,0.098,0.3561286236082669
736,868,132,0.132,0.34797459918260576
738,869,131,0.131,0.3531749932952225
760,880,120,0.12,0.3520887099280953
748,874,126,0.126,0.36867629741411656
766,883,117,0.117,0.3730259170383215
774,887,113,0.113,0.3832125931987539
786,893,107,0.107,0.39809623487317003
752,876,124,0.124,0.3747897584065795
764,882,118,0.118,0.3973810310140252
744,872,128,0.128,0.38224314764427253
746,873,127,0.127,0.3792002508449368
748,874,126,0.126,0.38810841705372695
716,858,142,0.142,0.3798565471470356
744,872,128,0.128,0.3897463316111243
700,850,150,0.15,0.4250619042056387
748,874,126,0.126,0.4076315985992551
746,873,127,0.127,0.43150916914963955
708,854,146,0.146,0.45753830286334596
756,878,122,0.122,0.44041624611856967
774,887,113,0.113,0.4373631622646935
778,889,111,0.111,0.4618720027673989
750,875,125,0.125,0.45448706522473364
752,876,124,0.124,0.4416893269792199
800,900,100,0.1,0.4441790862132889
812,906,94,0.094,0.4238483335822821
686,843,157,0.157,0.43274182267462263
774,887,113,0.113,0.4118781159967184
762,881,119,0.119,0.420534599243314
738,869,131,0.131,0.42989915257692335
780,890,110,0.11,0.4354923156151281
704,852,148,0.148,0.4860413124604238
754,877,123,0.123,0.46350252152979377
740,870,130,0.13,0.517755547478795
778,889,111,0.111,0.5489792118151672
762,881,119,0.119,0.5443249752447009
740,870,130,0.13,0.572331858061254
722,861,139,0.139,0.5881300833042714
754,877,123,0.123,0.5627183791175485
772,886,114,0.114,0.5720324518233547
748,874,126,0.126,0.5516922842115164
702,851,149,0.149,0.5649292677107441
796,898,102,0.102,0.5537976944111579
696,848,152,0.152,0.5579760337248445
774,887,113,0.113,0.5672217463473285
818,909,91,0.091,0.5435861703380942
716,858,142,0.142,0.5531317928247154
830,915,85,0.085,0.5621529473960399
764,882,118,0.118,0.558937002712171
698,849,151,0.151,0.5374959510799963
782,891,109,0.109,0.5674343953189437
732,866,134,0.134,0.5924371141195297
756,878,122,0.122,0.5856129455268383
716,858,142,0.142,0.6000176215469837
802,901,99,0.099,0.5940119254346354
760,880,120,0.12,0.5932475085109472
724,862,138,0.138,0.5785137806218118
856,928,72,0.072,0.5708869830220937
736,868,132,0.132,0.544075926490128
708,854,146,0.146,0.557273274738532
736,868,132,0.132,0.5548501519516577
718,859,141,0.141,0.564397207185626
736,868,132,0.132,0.594529630959034
746,873,127,0.127,0.6366944990628399
766,883,117,0.117,0.6246784286094796
664,832,168,0.168,0.6383103468811382
708,854,146,0.146,0.6283004938517697
812,906,94,0.094,0.6270033944323659
718,859,141,0.141,0.6478536552637816
750,875,125,0.125,0.6300781384467263
752,876,124,0.124,0.611352187268436
724,862,138,0.138,0.5653831827079412
746,873,127,0.127,0.5437131733139977
816,908,92,0.092,0.5503926391005516
724,862,138,0.138,0.5457198971658945
756,878,122,0.122,0.5433550366163253
704,852,148,0.148,0.5521101679652929
716,858,142,0.142,0.5653647886961699
800,900,100,0.1,0.5734400429013186
852,926,74,0.074,0.5805052256225608
798,899,101,0.101,0.5748689061179217
778,889,111,0.111,0.5835451793726534
754,877,123,0.123,0.6221047755926847
810,905,95,0.095,0.6272020737142884
696,848,152,0.152,0.6613126582801342
782,891,109,0.109,0.6574585003298564
748,874,126,0.126,0.7170589984630933
758,879,121,0.121,0.7450624440796674
766,883,117,0.117,0.7641006913781166
738,869,131,0.131,0.7810966335019366
772,886,114,0.114,0.7776773488167673
736,868,132,0.132,0.8088133581876755
710,855,145,0.145,0.7740806083455681
786,893,107,0.107,0.7969056457135012
826,913,87,0.087,0.8046604181528092
718,859,141,0.141,0.7925559170395136
722,861,139,0.139,0.8033530050922709
752,876,124,0.124,0.8043093949463218
738,869,131,0.131,0.80008794712089
722,861,139,0.139,0.811377858221531
774,887,113,0.113,0.7787006122200426
698,849,151,0.151,0.780522997006774
764,882,118,0.118,0.7919047625958919
736,868,132,0.132,0.7832422450482845
750,875,125,0.125,0.7965709452927757
688,844,156,0.156,0.7792245922982692
838,919,81,0.081,0.7344681820571423
774,887,113,0.113,0.6972499189255759
780,890,110,0.11,0.664298978185112
706,853,147,0.147,0.6784216321408748
778,889,111,0.111,0.6525812771845376
760,880,120,0.12,0.6517054011352593
760,880,120,0.12,0.6536010794341565
792,896,104,0.104,0.6590366410017013
722,861,139,0.139,0.6685380050688982
718,859,141,0.141,0.6918858724944293
706,853,147,0.147,0.6908807929535397
774,887,113,0.113,0.6829638537219705
784,892,108,0.108,0.7186703278673813
764,882,118,0.118,0.7347687480896712
688,844,156,0.156,0.7432801515236497
760,880,120,0.12,0.7447354743778706
720,860,140,0.14,0.7699003623425961
758,879,121,0.121,0.7786009211428463
788,894,106,0.106,0.7930066947489977
820,910,90,0.09,0.7839719400000759
768,884,116,0.116,0.8032871886491776
824,912,88,0.088,0.7980822105184198
728,864,136,0.136,0.7869851408600808
752,876,124,0.124,0.7883129752911627
750,875,125,0.125,0.801134864899417
750,875,125,0.125,0.8043617644011974
690,845,155,0.155,0.8110285749435425
760,880,120,0.12,0.7895735878944397
702,851,149,0.149,0.7921590782552957
784,892,108,0.108,0.7410177530199289
714,857,143,0.143,0.7283109311312437
738,869,131,0.131,0.7137472522109747
794,897,103,0.103,0.6299858090505004
732,866,134,0.134,0.6389765285253525
720,860,140,0.14,0.6056089930683375
734,867,133,0.133,0.5880798242148507
818,909,91,0.091,0.5844862306118012
778,889,111,0.111,0.5766586224452476
754,877,123,0.123,0.609868443123065
772,886,114,0.114,0.5966158953258491
726,863,137,0.137,0.6037089312597782
760,880,120,0.12,0.6140883008092641
712,856,144,0.144,0.6118305618911981
670,835,165,0.165,0.6258479265868664
800,900,100,0.1,0.671539909824729
806,903,97,0.097,0.6480731464631005
828,914,86,0.086,0.6546226009577513
766,883,117,0.117,0.6590730156401987
746,873,127,0.127,0.6190965987667442
778,889,111,0.111,0.5751121137142181
720,860,140,0.14,0.5937377686575055
848,924,76,0.076,0.5634430421069264
700,850,150,0.15,0.5522695398386568
732,866,134,0.134,0.546666441592717
726,863,137,0.137,0.5541967028314247
750,875,125,0.125,0.5586392458528717
770,885,115,0.115,0.5908314210474491
770,885,115,0.115,0.5764617994874716
750,875,125,0.125,0.5926599812908098
784,892,108,0.108,0.5612574459388852
698,849,151,0.151,0.5385999173869641
750,875,125,0.125,0.5638108139485121
734,867,133,0.133,0.5407800569832325
736,868,132,0.132,0.5552065633945167
764,882,118,0.118,0.5413692919760943
720,860,140,0.14,0.5230322015347092
760,880,120,0.12,0.5206964764147997
740,870,130,0.13,0.5151424094066024
790,895,105,0.105,0.49333956611156465
808,904,96,0.096,0.5010155177116394
754,877,123,0.123,0.4709748035052646
786,893,107,0.107,0.45938760605454443
808,904,96,0.096,0.43390526609867813
726,863,137,0.137,0.43839981353841084
738,869,131,0.131,0.4332160620614886
744,872,128,0.128,0.42468085343390705
770,885,115,0.115,0.4176486859917641
774,887,113,0.113,0.42019342248940306
806,903,97,0.097,0.4220560467690229
750,875,125,0.125,0.41550491961836816
690,845,155,0.155,0.41358794236928226
774,887,113,0.113,0.42723486269265415
774,887,113,0.113,0.4273829681798816
788,894,106,0.106,0.43751663029193877
774,887,113,0.113,0.4739871621683123
722,861,139,0.139,0.4491373669207096
746,873,127,0.127,0.4782551276385784
730,865,135,0.135,0.5058478905409575
782,891,109,0.109,0.5037642158791423
732,866,134,0.134,0.5130227820351719
742,871,129,0.129,0.5328309465244581
732,866,134,0.134,0.5160143263787031
772,886,114,0.114,0.5209195186197758
764,882,118,0.118,0.5358848247379064
760,880,120,0.12,0.5155221844885363
786,893,107,0.107,0.504252321831882
754,877,123,0.123,0.527077827536501
714,857,143,0.143,0.5040231365710497
786,893,107,0.107,0.5312024210765958
778,889,111,0.111,0.5055483562078736
768,884,116,0.116,0.4969942955235601
728,864,136,0.136,0.504335848486342
736,868,132,0.132,0.5102958939522505
750,875,125,0.125,0.46386243190614307
754,877,123,0.123,0.4767850684374571
748,874,126,0.126,0.46270286638662217
724,862,138,0.138,0.4746089162155986
712,856,144,0.144,0.4794979220256209
716,858,142,0.142,0.4875250113736838
804,902,98,0.098,0.483240341834724
756,878,122,0.122,0.4726738056214526
744,872,128,0.128,0.48782070698589086
772,886,114,0.114,0.4614087486268254
748,874,126,0.126,0.44791782055330975
772,886,114,0.114,0.44751316276565195
798,899,101,0.101,0.4824470396778199
766,883,117,0.117,0.5044752929955721
764,882,118,0.118,0.5082790990173817
738,869,131,0.131,0.5038821012373083
772,886,114,0.114,0.5015669472292066
798,899,101,0.101,0.5250732956901193
734,867,133,0.133,0.5478316007256507
656,828,172,0.172,0.5449019875675439
796,898,102,0.102,0.5899214492887258
770,885,115,0.115,0.5860911661195569
708,854,146,0.146,0.6054668957154224
752,876,124,0.124,0.6145614970624447
742,871,129,0.129,0.6089747193902731
728,864,136,0.136,0.6215795199126005
758,879,121,0.121,0.6448895030319691
748,874,126,0.126,0.64142976552248
754,877,123,0.123,0.6724667991176247
736,868,132,0.132,0.7164770326763391
730,865,135,0.135,0.7190740728114033
790,895,105,0.105,0.7406738162636757
720,860,140,0.14,0.7146443707346917
742,871,129,0.129,0.712803363198851
826,913,87,0.087,0.6826211538321676
736,868,132,0.132,0.6840457495003939
758,879,121,0.121,0.6486214855572267
750,875,125,0.125,0.6485786024481058
716,858,142,0.142,0.6533092267693705
744,872,128,0.128,0.6588576029241086
770,885,115,0.115,0.6580627528255573
720,860,140,0.14,0.6514499981254339
802,901,99,0.099,0.6430358332842588
704,852,148,0.148,0.6508047001874074
788,894,106,0.106,0.6765941666960716
722,861,139,0.139,0.6754005799740553
682,841,159,0.159,0.6958013260792941
804,902,98,0.098,0.7030485823205381
726,863,137,0.137,0.7144746734946966
744,872,128,0.128,0.7247259532898135
814,907,93,0.093,0.6983878105133772
814,907,93,0.093,0.7087821604460478
728,864,136,0.136,0.6826536777764559
714,857,143,0.143,0.6660644316936366
776,888,112,0.112,0.6481339982450008
790,895,105,0.105,0.6294492323622107
752,876,124,0.124,0.6246061967029818
774,887,113,0.113,0.650330806361977
730,865,135,0.135,0.6292958276644349
746,873,127,0.127,0.6196272258646787
772,886,114,0.114,0.6564037884733162
732,866,134,0.134,0.6431892300248147
776,888,112,0.112,0.6768447827249765
732,866,134,0.134,0.6784720500106923
784,892,108,0.108,0.6758621329837934
726,863,137,0.137,0.6604350795149803
788,894,106,0.106,0.6672714823782444
756,878,122,0.122,0.6434653598348217
758,879,121,0.121,0.6565859407416803
758,879,121,0.121,0.6728394227474928
780,890,110,0.11,0.7404348382672217
724,862,138,0.138,0.752559860676527
744,872,128,0.128,0.7710480066235177
758,879,121,0.121,0.7853124968328048
724,862,138,0.138,0.8307116915881634
704,852,148,0.148,0.8315992692261934
690,845,155,0.155,0.8540372856557369
786,893,107,0.107,0.8379659412503242
634,817,183,0.183,0.8531089843511581
690,845,155,0.155,0.8514908433310011
724,862,138,0.138,0.8598165563805669
766,883,117,0.117,0.8820472754985094
724,862,138,0.138,0.8711468405127525
730,865,135,0.135,0.8861330346215982
676,838,162,0.162,0.8762458170354366
794,897,103,0.103,0.8823658194243907
748,874,126,0.126,0.832992315819487
770,885,115,0.115,0.8301803176351823
750,875,125,0.125,0.8296480768958572
790,895,105,0.105,0.8053831785470247
734,867,133,0.133,0.7368140731342137
780,890,110,0.11,0.7555026639401913
740,870,130,0.13,0.7414349600970745
730,865,135,0.135,0.7206375804841518
744,872,128,0.128,0.7719989619553089
720,860,140,0.14,0.7713288654745833
708,854,146,0.146,0.799992903053761
718,859,141,0.141,0.8113695747796446
716,858,142,0.142,0.8601304902337475
694,847,153,0.153,0.8612293055206537
738,869,131,0.131,0.8728250848054886
786,893,107,0.107,0.8712875402569771
772,886,114,0.114,0.8933867450207472
766,883,117,0.117,0.886853425304188
748,874,126,0.126,0.9083090667128563
738,869,131,0.131,0.8628943066000938
756,878,122,0.122,0.8831423749625683
760,880,120,0.12,0.861827150017023
756,878,122,0.122,0.8563092330992221
704,852,148,0.148,0.8684072916358709
760,880,120,0.12,0.8747933434385777
726,863,137,0.137,0.8696428799033238
756,878,122,0.122,0.8365708343088627
696,848,152,0.152,0.8616280728400452
736,868,132,0.132,0.8813850318193436
730,865,135,0.135,0.8596978015663171
688,844,156,0.156,0.8561086583733559
734,867,133,0.133,0.8759796801656484
784,892,108,0.108,0.8814665193706751
754,877,123,0.123,0.8788384577333928
752,876,124,0.124,0.851428084129002
668,834,166,0.166,0.8573636169271777
748,874,126,0.126,0.8576654183119535
774,887,113,0.113,0.8441130288106442
772,886,114,0.114,0.8581317975819119
764,882,118,0.118,0.8921104248166084
752,876,124,0.124,0.8631485492476604
758,879,121,0.121,0.86689650157094
772,886,114,0.114,0.8722917331159115
724,862,138,0.138,0.8911116307461634
712,856,144,0.144,0.9195863310790156
668,834,166,0.166,0.9429618117809295
702,851,149,0.149,0.9496119403541088
716,858,142,0.142,0.9564736531674862
788,894,106,0.106,0.9371593483835459
742,871,129,0.129,0.931547618329525
690,845,155,0.155,0.9303423902243376
800,900,100,0.1,0.9059405503869057
714,857,143,0.143,0.8759572660177946
748,874,126,0.126,0.8506341526203323
718,859,141,0.141,0.8290041087185964
734,867,133,0.133,0.8181048191860318
742,871,129,0.129,0.7880998873587723
750,875,125,0.125,0.7781211676448584
726,863,137,0.137,0.8066796686574816
730,865,135,0.135,0.8014836409168784
706,853,147,0.147,0.8223196078492624
722,861,139,0.139,0.8363290853947402
722,861,139,0.139,0.8523275426030159
784,892,108,0.108,0.851376609340352
