log_avg_ept_score,log_avg_succ_req,log_avg_blk_req,log_avg_BP_req,log_avg_entropy
280,640,360,0.36,1.6092246423959733
248,624,376,0.376,1.6092306550741196
268,634,366,0.366,1.6092293846607209
260,630,370,0.37,1.6092188937664031
298,649,351,0.351,1.609250634431839
250,625,375,0.375,1.6092553362846373
238,619,381,0.381,1.609261031627655
264,632,368,0.368,1.6092536537647246
278,639,361,0.361,1.6092263090610504
292,646,354,0.354,1.60922454059124
270,635,365,0.365,1.6092167038917542
252,626,374,0.374,1.6091948407888412
302,651,349,0.349,1.6089800242185592
274,637,363,0.363,1.608955361008644
282,641,359,0.359,1.6089151260852814
304,652,348,0.348,1.6089282752275467
302,651,349,0.349,1.6084365966320038
228,614,386,0.386,1.6083189178705215
306,653,347,0.347,1.6082841799259187
286,643,357,0.357,1.608124861240387
350,675,325,0.325,1.6072272149324418
314,657,343,0.343,1.607082229733467
272,636,364,0.364,1.607105082631111
302,651,349,0.349,1.6070394570827484
240,620,380,0.38,1.6055619097948075
310,655,345,0.345,1.6054833379983902
278,639,361,0.361,1.6050076885223388
290,645,355,0.355,1.6053095281124115
296,648,352,0.352,1.6027776439189911
314,657,343,0.343,1.6027791737318038
342,671,329,0.329,1.6017512984275817
304,652,348,0.348,1.601367304801941
292,646,354,0.354,1.5944777977466584
290,645,355,0.355,1.5937357888221741
342,671,329,0.329,1.5919366455078126
264,632,368,0.368,1.5925490696430207
342,671,329,0.329,1.5732104260921478
306,653,347,0.347,1.5721955163478851
364,682,318,0.318,1.5684463101625443
266,633,367,0.367,1.5662193903923034
430,715,285,0.285,1.5109176331758498
312,656,344,0.344,1.5181574672460556
400,700,300,0.3,1.498109650015831
418,709,291,0.291,1.4883778448104859
336,668,332,0.332,1.310954111352563
438,719,281,0.281,1.295133267339319
482,741,259,0.259,1.2603233882933855
506,753,247,0.247,1.266497028246522
608,804,196,0.196,0.8513340713586658
570,785,215,0.215,0.8230499272886663
620,810,190,0.19,0.810947595958598
542,771,229,0.229,0.8080781915094704
596,798,202,0.202,0.5351759321425343
656,828,172,0.172,0.4690053130611559
634,817,183,0.183,0.4863945231884718
638,819,181,0.181,0.48125029936450303
626,813,187,0.187,0.3865649623913923
682,841,159,0.159,0.32092250585986765
740,870,130,0.13,0.2755637085015987
766,883,117,0.117,0.2677125457904331
678,839,161,0.161,0.18761423704682512
666,833,167,0.167,0.18964710942132468
734,867,133,0.133,0.16841525533463755
700,850,150,0.15,0.18251725321134837
704,852,148,0.148,0.1244110947417656
748,874,126,0.126,0.10139151771719686
732,866,134,0.134,0.09241458980390144
666,833,167,0.167,0.11924131949521348
750,875,125,0.125,0.08443471507674226
706,853,147,0.147,0.08931970772160161
732,866,134,0.134,0.09097206016947697
782,891,109,0.109,0.06430658639007443
700,850,150,0.15,0.06678690678140445
714,857,143,0.143,0.08065412278513055
676,838,162,0.162,0.07472827214800318
688,844,156,0.156,0.07368844676070135
772,886,114,0.114,0.06357940341838555
738,869,131,0.131,0.06495764219538057
760,880,120,0.12,0.054469081218296724
724,862,138,0.138,0.07665822795368982
794,897,103,0.103,0.049990827936707685
686,843,157,0.157,0.05214382839077725
684,842,158,0.158,0.06182661547656035
750,875,125,0.125,0.05059306280696667
706,853,147,0.147,0.06782476864612533
784,892,108,0.108,0.0605165580204837
708,854,146,0.146,0.062055461394821335
692,846,154,0.154,0.06192238882277584
702,851,149,0.149,0.04759739101331945
742,871,129,0.129,0.06277156422805501
798,899,101,0.101,0.03850160377006672
748,874,126,0.126,0.0392575028744922
750,875,125,0.125,0.05335244899318329
736,868,132,0.132,0.04699143403782294
736,868,132,0.132,0.051630984705116165
710,855,145,0.145,0.06167334481290909
772,886,114,0.114,0.055217187117161504
676,838,162,0.162,0.06109047380976156
726,863,137,0.137,0.06317908782277103
678,839,161,0.161,0.05205599588651562
734,867,133,0.133,0.0587419185509381
726,863,137,0.137,0.0674425220960728
708,854,146,0.146,0.06002183425260866
822,911,89,0.089,0.036979995295046864
704,852,148,0.148,0.06746569282432105
750,875,125,0.125,0.06049788280102112
710,855,145,0.145,0.0675265241388902
738,869,131,0.131,0.06555812645861699
734,867,133,0.133,0.05924850303093976
754,877,123,0.123,0.07235671746622913
676,838,162,0.162,0.06829150146322825
696,848,152,0.152,0.07011516630921306
726,863,137,0.137,0.06410324041414879
710,855,145,0.145,0.07330668245483096
760,880,120,0.12,0.055276561461604555
742,871,129,0.129,0.05906472377238104
742,871,129,0.129,0.0529615750796659
756,878,122,0.122,0.05680778297098013
734,867,133,0.133,0.05235040912464089
668,834,166,0.166,0.06828639979919908
754,877,123,0.123,0.05411007905091033
708,854,146,0.146,0.049203258766134524
714,857,143,0.143,0.05158387321231785
676,838,162,0.162,0.0616974685978287
634,817,183,0.183,0.059739681947002465
702,851,149,0.149,0.05717969486914683
724,862,138,0.138,0.0623681687941972
760,880,120,0.12,0.05601087289475753
720,860,140,0.14,0.06251432030978699
676,838,162,0.162,0.06025922024384593
682,841,159,0.159,0.05417987554175663
702,851,149,0.149,0.06525819887576134
784,892,108,0.108,0.052046323758527524
758,879,121,0.121,0.05514502394617009
714,857,143,0.143,0.05261135554373767
730,865,135,0.135,0.04926239962485312
714,857,143,0.143,0.07049234115248909
702,851,149,0.149,0.051208229169041775
668,834,166,0.166,0.0643372939522475
768,884,116,0.116,0.05017171749821334
698,849,151,0.151,0.05355171884915345
692,846,154,0.154,0.04405862473204952
726,863,137,0.137,0.05062693965698128
768,884,116,0.116,0.03686899262532627
698,849,151,0.151,0.03754805457289679
750,875,125,0.125,0.043553659360484304
754,877,123,0.123,0.03196764507151343
734,867,133,0.133,0.0334146818247373
744,872,128,0.128,0.02881316635092857
706,853,147,0.147,0.0361992544811168
750,875,125,0.125,0.02337682489609591
680,840,160,0.16,0.033743785791701654
712,856,144,0.144,0.03426143847017744
696,848,152,0.152,0.0329026104280257
740,870,130,0.13,0.0321471217307034
744,872,128,0.128,0.021927695097487543
740,870,130,0.13,0.024860367886349124
744,872,128,0.128,0.030664201788014326
714,857,143,0.143,0.038991405117088734
696,848,152,0.152,0.02788660369430008
662,831,169,0.169,0.0244748748050537
704,852,148,0.148,0.026231704649300937
746,873,127,0.127,0.027268807712807985
772,886,114,0.114,0.030568303182165735
710,855,145,0.145,0.030066552171178245
706,853,147,0.147,0.025770493515201522
772,886,114,0.114,0.023418022369655404
762,881,119,0.119,0.021475427527647525
728,864,136,0.136,0.031093989909452047
700,850,150,0.15,0.02376972367185155
716,858,142,0.142,0.023418911440800955
760,880,120,0.12,0.02716976934009989
774,887,113,0.113,0.025968849467147337
718,859,141,0.141,0.035751479863569385
734,867,133,0.133,0.032285991513293456
736,868,132,0.132,0.02496438173152471
790,895,105,0.105,0.027538171391783734
732,866,134,0.134,0.03383041819250633
712,856,144,0.144,0.03285661026193742
650,825,175,0.175,0.041520451544262184
708,854,146,0.146,0.03476852750480317
770,885,115,0.115,0.03346221269830418
710,855,145,0.145,0.036229290194155626
750,875,125,0.125,0.035871745242813974
760,880,120,0.12,0.032981448257899997
742,871,129,0.129,0.040398147782770295
694,847,153,0.153,0.04217931173417611
728,864,136,0.136,0.032417759524534975
700,850,150,0.15,0.035147821550882086
714,857,143,0.143,0.042918823719889414
738,869,131,0.131,0.030484552696088556
738,869,131,0.131,0.028501181383332862
714,857,143,0.143,0.04027231462814927
708,854,146,0.146,0.034495904421279124
746,873,127,0.127,0.02887172676251953
704,852,148,0.148,0.0302206193233678
770,885,115,0.115,0.03197747682956133
758,879,121,0.121,0.03585389327878532
742,871,129,0.129,0.02935444814570623
752,876,124,0.124,0.034162929015325263
740,870,130,0.13,0.032178782743757364
690,845,155,0.155,0.033023771010731506
754,877,123,0.123,0.03131354113870893
728,864,136,0.136,0.03477587224164168
780,890,110,0.11,0.02976682548781514
734,867,133,0.133,0.031957183575373034
730,865,135,0.135,0.03230396385884818
728,864,136,0.136,0.026650105073849586
766,883,117,0.117,0.024757415266988204
704,852,148,0.148,0.022566600183711715
736,868,132,0.132,0.021239155142564983
696,848,152,0.152,0.0330362528068667
702,851,149,0.149,0.025065848627840708
752,876,124,0.124,0.017827204924765496
776,888,112,0.112,0.02355538541740819
730,865,135,0.135,0.02222496069625447
734,867,133,0.133,0.026480628568866335
698,849,151,0.151,0.020824743402119324
680,840,160,0.16,0.018801725913922384
746,873,127,0.127,0.02259162647247001
700,850,150,0.15,0.029025655221201676
732,866,134,0.134,0.023094042055096808
694,847,153,0.153,0.028522239023771632
780,890,110,0.11,0.022809768962888922
776,888,112,0.112,0.014352075921908848
724,862,138,0.138,0.02218566279766412
704,852,148,0.148,0.022247003419205668
744,872,128,0.128,0.019696541166658605
728,864,136,0.136,0.02577939982787126
724,862,138,0.138,0.022277618599622174
712,856,144,0.144,0.025722959012984034
732,866,134,0.134,0.01854631139214837
708,854,146,0.146,0.02343509644942945
728,864,136,0.136,0.020698864205635943
758,879,121,0.121,0.02209187324181066
744,872,128,0.128,0.025682398503635583
690,845,155,0.155,0.026705592989105922
758,879,121,0.121,0.025752480312653446
780,890,110,0.11,0.016741475241671182
734,867,133,0.133,0.025451022834334508
766,883,117,0.117,0.016874356216382835
758,879,121,0.121,0.01976827307058248
682,841,159,0.159,0.024193146439544462
704,852,148,0.148,0.0217592427278164
708,854,146,0.146,0.02274548696993358
718,859,141,0.141,0.019781576835227754
732,866,134,0.134,0.02136161631463922
768,884,116,0.116,0.016224777343028848
712,856,144,0.144,0.01695473926322454
742,871,129,0.129,0.014342172675846598
684,842,158,0.158,0.018211268131378404
778,889,111,0.111,0.018495967135725096
784,892,108,0.108,0.02189632079093724
718,859,141,0.141,0.028294343274248873
722,861,139,0.139,0.015810936993914355
698,849,151,0.151,0.02030113678266922
696,848,152,0.152,0.022598265188019384
702,851,149,0.149,0.016637424973331916
686,843,157,0.157,0.01982511580875338
740,870,130,0.13,0.015382866415366578
678,839,161,0.161,0.02083057313461494
690,845,155,0.155,0.02318780186688359
730,865,135,0.135,0.01586476981842418
724,862,138,0.138,0.019035528625537465
802,901,99,0.099,0.014061480745218034
722,861,139,0.139,0.020890974898960992
744,872,128,0.128,0.019367242907068784
744,872,128,0.128,0.01734888452976928
720,860,140,0.14,0.020378910339614465
778,889,111,0.111,0.017286893207282317
698,849,151,0.151,0.017264170637214134
738,869,131,0.131,0.022738004976961306
722,861,139,0.139,0.019760281746440768
710,855,145,0.145,0.022177872280204427
756,878,122,0.122,0.016336830197378235
680,840,160,0.16,0.01877538157718834
714,857,143,0.143,0.02506247726202892
722,861,139,0.139,0.024736465339907525
766,883,117,0.117,0.017667662563298037
768,884,116,0.116,0.023965428804592646
718,859,141,0.141,0.01939959651646278
678,839,161,0.161,0.01637356624798032
722,861,139,0.139,0.022290493166911177
696,848,152,0.152,0.01909518315601656
722,861,139,0.139,0.021881422113348974
668,834,166,0.166,0.0226725518984923
724,862,138,0.138,0.018910963649723257
756,878,122,0.122,0.023199237710796565
716,858,142,0.142,0.021671777716347138
702,851,149,0.149,0.02012186747630507
738,869,131,0.131,0.02466379576838692
732,866,134,0.134,0.02172902067876828
698,849,151,0.151,0.020590966255731216
722,861,139,0.139,0.01700640577450231
686,843,157,0.157,0.02289483615412183
700,850,150,0.15,0.018418417693989938
646,823,177,0.177,0.027132356877331475
724,862,138,0.138,0.01659440969027054
750,875,125,0.125,0.020126648314154935
738,869,131,0.131,0.017342547735804743
754,877,123,0.123,0.019547292938916584
718,859,141,0.141,0.024147544531874048
822,911,89,0.089,0.016730658909495814
708,854,146,0.146,0.02151396160545228
732,866,134,0.134,0.026154768107718298
760,880,120,0.12,0.01731881111147287
748,874,126,0.126,0.020593904664132894
758,879,121,0.121,0.0211396971383397
746,873,127,0.127,0.018126090192741046
760,880,120,0.12,0.01756799629697744
732,866,134,0.134,0.020724833533941448
762,881,119,0.119,0.019014485720990463
690,845,155,0.155,0.027154945690281408
734,867,133,0.133,0.024439069271065136
746,873,127,0.127,0.022878552143416768
804,902,98,0.098,0.0217141723668845
754,877,123,0.123,0.03055335304806728
766,883,117,0.117,0.030046249910079353
718,859,141,0.141,0.03111649316883795
726,863,137,0.137,0.023357776842755116
756,878,122,0.122,0.026099323775662996
708,854,146,0.146,0.02408826686659367
674,837,163,0.163,0.0192484301918915
694,847,153,0.153,0.021272331388624194
736,868,132,0.132,0.02183762098043127
774,887,113,0.113,0.0221994235726698
730,865,135,0.135,0.025791423435420072
746,873,127,0.127,0.023579245908839426
744,872,128,0.128,0.023623137429409538
772,886,114,0.114,0.020074962484587403
762,881,119,0.119,0.021174968970177063
712,856,144,0.144,0.022452921957386407
764,882,118,0.118,0.023219270131361457
750,875,125,0.125,0.022102142825074025
708,854,146,0.146,0.021893347802748066
694,847,153,0.153,0.02495707031662914
718,859,141,0.141,0.026754257097520252
768,884,116,0.116,0.025754294404158485
694,847,153,0.153,0.025428893913990492
686,843,157,0.157,0.03328237745783244
708,854,146,0.146,0.04000150941592992
714,857,143,0.143,0.04375968795146642
718,859,141,0.141,0.036191395025455375
810,905,95,0.095,0.03116746800382923
740,870,130,0.13,0.03548849437196425
774,887,113,0.113,0.031421549403446276
686,843,157,0.157,0.03509183490567167
760,880,120,0.12,0.027739897630495322
746,873,127,0.127,0.03569439224981559
712,856,144,0.144,0.029352292924048243
720,860,140,0.14,0.03865705274884692
682,841,159,0.159,0.034382164844205476
710,855,145,0.145,0.03782489146165483
752,876,124,0.124,0.029943349602798448
718,859,141,0.141,0.034713765650142475
760,880,120,0.12,0.02768693318578836
736,868,132,0.132,0.028992967624041823
734,867,133,0.133,0.025591752898717103
724,862,138,0.138,0.030146620067340778
748,874,126,0.126,0.0280173770226545
698,849,151,0.151,0.027392913115072987
774,887,113,0.113,0.03512920315204008
724,862,138,0.138,0.028060415194327164
726,863,137,0.137,0.03450162963056454
688,844,156,0.156,0.03313286060279546
802,901,99,0.099,0.0308255014162188
810,905,95,0.095,0.03221169572187418
726,863,137,0.137,0.03295645597387126
778,889,111,0.111,0.02806453536491817
720,860,140,0.14,0.0381811920226379
722,861,139,0.139,0.034002727425523065
696,848,152,0.152,0.03849184302862665
714,857,143,0.143,0.03786963245215424
798,899,101,0.101,0.02812185067579958
780,890,110,0.11,0.03276650106990809
676,838,162,0.162,0.032980399165309135
746,873,127,0.127,0.024935520463005886
702,851,149,0.149,0.04378455170379962
738,869,131,0.131,0.02783525124408928
752,876,124,0.124,0.031156380575072022
680,840,160,0.16,0.025718401045195988
764,882,118,0.118,0.02890078711337685
748,874,126,0.126,0.03442029449124078
740,870,130,0.13,0.02935789657635155
726,863,137,0.137,0.02267541822860575
726,863,137,0.137,0.026719513994074986
690,845,155,0.155,0.028055820294990923
722,861,139,0.139,0.026903734091164054
766,883,117,0.117,0.031108317936093626
764,882,118,0.118,0.01903542076581854
730,865,135,0.135,0.01925778976264334
686,843,157,0.157,0.021299058960426692
706,853,147,0.147,0.019667163416524944
720,860,140,0.14,0.024379813190615877
706,853,147,0.147,0.019710516308172787
702,851,149,0.149,0.019041641433811436
722,861,139,0.139,0.022593088273811547
760,880,120,0.12,0.015638429112300897
758,879,121,0.121,0.01783628708065143
812,906,94,0.094,0.015995715604819664
796,898,102,0.102,0.016915803488880627
704,852,148,0.148,0.023573822782330323
722,861,139,0.139,0.018633178944430073
726,863,137,0.137,0.022020538649393386
714,857,143,0.143,0.022909620965404515
736,868,132,0.132,0.023400510872178117
732,866,134,0.134,0.018993978542375032
776,888,112,0.112,0.02525923374566713
722,861,139,0.139,0.023111670735004152
712,856,144,0.144,0.018439058767448373
732,866,134,0.134,0.01705744338589308
726,863,137,0.137,0.02170965173951113
734,867,133,0.133,0.019710720331306674
726,863,137,0.137,0.0234142018918663
736,868,132,0.132,0.024627808396103432
738,869,131,0.131,0.023794719508495703
730,865,135,0.135,0.022364819673986274
752,876,124,0.124,0.028090012133826902
684,842,158,0.158,0.025657987971255538
746,873,127,0.127,0.02395916733937628
668,834,166,0.166,0.025888878250827575
712,856,144,0.144,0.02405872359648218
710,855,145,0.145,0.01927928993749005
708,854,146,0.146,0.02556914112002083
758,879,121,0.121,0.021905224986990917
762,881,119,0.119,0.021342669914097515
702,851,149,0.149,0.01764845518919779
736,868,132,0.132,0.019160508454559206
758,879,121,0.121,0.026821471737562618
720,860,140,0.14,0.02659130314850785
734,867,133,0.133,0.0247551876932384
758,879,121,0.121,0.025253582711600542
778,889,111,0.111,0.02700958675322981
712,856,144,0.144,0.021515533710884726
750,875,125,0.125,0.02189644052698371
744,872,128,0.128,0.020079185706469032
666,833,167,0.167,0.021435582619541052
738,869,131,0.131,0.023621371258542568
688,844,156,0.156,0.030864955909118648
756,878,122,0.122,0.020947173937377796
728,864,136,0.136,0.028938305140225197
734,867,133,0.133,0.03264689758904178
702,851,149,0.149,0.03284183620729925
758,879,121,0.121,0.03490945639839758
756,878,122,0.122,0.03769565954235611
766,883,117,0.117,0.041525456718083345
694,847,153,0.153,0.03349076073957647
760,880,120,0.12,0.03738726995258685
744,872,128,0.128,0.04463810961833059
746,873,127,0.127,0.04068763666812899
736,868,132,0.132,0.047541044121796175
694,847,153,0.153,0.035152824890967056
760,880,120,0.12,0.04542692208666762
650,825,175,0.175,0.05472428035571465
754,877,123,0.123,0.0581816286302132
724,862,138,0.138,0.04160824433700236
704,852,148,0.148,0.06250038631881034
772,886,114,0.114,0.06095876930746189
748,874,126,0.126,0.0583945401900246
776,888,112,0.112,0.06031780730578157
720,860,140,0.14,0.06504799352046575
714,857,143,0.143,0.07961328978287202
736,868,132,0.132,0.05689627369229083
714,857,143,0.143,0.06449504314362094
730,865,135,0.135,0.06342130730019835
712,856,144,0.144,0.06512035067215402
776,888,112,0.112,0.05565641947676159
768,884,116,0.116,0.04890715704272806
712,856,144,0.144,0.05296337953827697
692,846,154,0.154,0.053112530220396366
766,883,117,0.117,0.06199494181103991
710,855,145,0.145,0.05244632375264382
706,853,147,0.147,0.055910231697389005
704,852,148,0.148,0.05624602609967974
728,864,136,0.136,0.07791589710149902
732,866,134,0.134,0.06682609505264918
756,878,122,0.122,0.05870954463800717
750,875,125,0.125,0.05642377094840049
746,873,127,0.127,0.06600938715300844
758,879,121,0.121,0.06801183253438513
736,868,132,0.132,0.07625047581082003
746,873,127,0.127,0.0697969408959725
794,897,103,0.103,0.0670447902414071
750,875,125,0.125,0.06823093610240903
740,870,130,0.13,0.08474229691307118
738,869,131,0.131,0.07858010776521406
712,856,144,0.144,0.080632248231238
712,856,144,0.144,0.09813071878049595
750,875,125,0.125,0.05744592291161757
754,877,123,0.123,0.06297324731883783
742,871,129,0.129,0.06625703801717145
706,853,147,0.147,0.06827392597753715
764,882,118,0.118,0.06199376074872998
714,857,143,0.143,0.07082423716309984
714,857,143,0.143,0.059979244612032974
708,854,146,0.146,0.07094099715603443
762,881,119,0.119,0.07004715948859995
748,874,126,0.126,0.0570313289640726
706,853,147,0.147,0.06294760240008145
702,851,149,0.149,0.054900856721846567
744,872,128,0.128,0.05999694425259213
784,892,108,0.108,0.053647441271794376
722,861,139,0.139,0.05038306164259484
750,875,125,0.125,0.06467562063541846
750,875,125,0.125,0.059882459394533724
744,872,128,0.128,0.058044124119628636
696,848,152,0.152,0.06235806861364813
722,861,139,0.139,0.07434018187158745
690,845,155,0.155,0.07969855824948537
686,843,157,0.157,0.07647194044336583
706,853,147,0.147,0.07483159121434436
710,855,145,0.145,0.07591257479382511
732,866,134,0.134,0.06459254630631858
702,851,149,0.149,0.07976119385442872
648,824,176,0.176,0.04718638520605523
764,882,118,0.118,0.05743876643864121
752,876,124,0.124,0.06065918182791403
754,877,123,0.123,0.05477507998667033
736,868,132,0.132,0.057176834256151776
672,836,164,0.164,0.06492021429891338
722,861,139,0.139,0.06199014934715797
728,864,136,0.136,0.07499094535487712
690,845,155,0.155,0.057967387012551996
772,886,114,0.114,0.06432503214856843
738,869,131,0.131,0.06339070559796937
734,867,133,0.133,0.0692987339590577
718,859,141,0.141,0.0681725811474119
742,871,129,0.129,0.06053797817447594
710,855,145,0.145,0.06155504693226794
714,857,143,0.143,0.06112497669313961
726,863,137,0.137,0.06006554483223954
750,875,125,0.125,0.047038173648407795
768,884,116,0.116,0.055105096555933784
744,872,128,0.128,0.054231880706257014
768,884,116,0.116,0.053220024515678234
708,854,146,0.146,0.04503513426158497
702,851,149,0.149,0.05424290202631204
694,847,153,0.153,0.05689059369108918
734,867,133,0.133,0.056795098418968334
776,888,112,0.112,0.06170016241270787
698,849,151,0.151,0.052807851539051626
758,879,121,0.121,0.04582608750015061
746,873,127,0.127,0.04284791478071656
734,867,133,0.133,0.042853058571744214
762,881,119,0.119,0.04895401655540809
744,872,128,0.128,0.04922570076738975
774,887,113,0.113,0.039271148629466554
722,861,139,0.139,0.03400542673693008
774,887,113,0.113,0.0405320626493463
690,845,155,0.155,0.04549693226564068
766,883,117,0.117,0.03192256255443204
768,884,116,0.116,0.03490189344907725
756,878,122,0.122,0.033845844111735406
764,882,118,0.118,0.02850502368469425
732,866,134,0.134,0.02015535670316194
752,876,124,0.124,0.02756100425923714
770,885,115,0.115,0.027463847175137827
764,882,118,0.118,0.02879814278804673
778,889,111,0.111,0.03392258207420426
754,877,123,0.123,0.022670287046293994
650,825,175,0.175,0.030084781928209965
738,869,131,0.131,0.025744102424188953
736,868,132,0.132,0.022364316092566155
714,857,143,0.143,0.032651477862291674
728,864,136,0.136,0.029628910794290787
758,879,121,0.121,0.022114128719773588
748,874,126,0.126,0.027798566387438144
754,877,123,0.123,0.02298565176291396
758,879,121,0.121,0.01986848063822049
768,884,116,0.116,0.02774178232483868
700,850,150,0.15,0.023557341823590563
724,862,138,0.138,0.023594624812367813
710,855,145,0.145,0.023845962572800035
710,855,145,0.145,0.02091633600579735
756,878,122,0.122,0.025402969680761105
748,874,126,0.126,0.02944162436592549
702,851,149,0.149,0.022082502948573675
718,859,141,0.141,0.027357654826321947
728,864,136,0.136,0.017923428284145216
728,864,136,0.136,0.02241043676153825
712,856,144,0.144,0.01588802539888033
678,839,161,0.161,0.01897337851471393
742,871,129,0.129,0.019469095363263862
766,883,117,0.117,0.018224062289114527
710,855,145,0.145,0.022913690490325635
728,864,136,0.136,0.01589413319692959
768,884,116,0.116,0.01870296478834845
752,876,124,0.124,0.01540980301493829
706,853,147,0.147,0.01782234466357022
734,867,133,0.133,0.017711477548917373
762,881,119,0.119,0.019051801969267586
750,875,125,0.125,0.017372845799476296
710,855,145,0.145,0.015417304095589217
760,880,120,0.12,0.015458574782216544
706,853,147,0.147,0.017182751847732065
736,868,132,0.132,0.020891670848416026
808,904,96,0.096,0.01961081962685549
766,883,117,0.117,0.013307549975222911
702,851,149,0.149,0.02093242277180315
808,904,96,0.096,0.01472301387763794
724,862,138,0.138,0.017647911199993132
724,862,138,0.138,0.018897361658970695
792,896,104,0.104,0.0224297215234496
762,881,119,0.119,0.015092696297551698
672,836,164,0.164,0.013760319609782868
678,839,161,0.161,0.015684100460121784
716,858,142,0.142,0.017201424074427082
748,874,126,0.126,0.012768877055590096
742,871,129,0.129,0.01645519708153907
722,861,139,0.139,0.016320157853003423
734,867,133,0.133,0.018568392055839395
712,856,144,0.144,0.0191255446717563
732,866,134,0.134,0.029845472008359422
776,888,112,0.112,0.015889175373215395
746,873,127,0.127,0.013635805386217897
726,863,137,0.137,0.023774413418626125
682,841,159,0.159,0.014171299880356003
734,867,133,0.133,0.0171213122021467
702,851,149,0.149,0.017262506550966818
734,867,133,0.133,0.017042553781220774
778,889,111,0.111,0.022210591730941958
748,874,126,0.126,0.015540990994613764
734,867,133,0.133,0.017306166431101302
702,851,149,0.149,0.016270764311683294
724,862,138,0.138,0.016678665820981906
722,861,139,0.139,0.011946003779420636
762,881,119,0.119,0.020394547743647025
706,853,147,0.147,0.017796605628898093
792,896,104,0.104,0.016923750919763506
692,846,154,0.154,0.014602207911233834
734,867,133,0.133,0.01665626672455177
730,865,135,0.135,0.01704686007361613
706,853,147,0.147,0.01811177143803904
794,897,103,0.103,0.015208049678538857
748,874,126,0.126,0.01687190506438742
696,848,152,0.152,0.01959508173987375
688,844,156,0.156,0.018991830688742894
688,844,156,0.156,0.017423206627429154
778,889,111,0.111,0.0171996549480197
746,873,127,0.127,0.016773364351250094
728,864,136,0.136,0.01768510800257444
776,888,112,0.112,0.01733918507905261
702,851,149,0.149,0.01380962947187757
686,843,157,0.157,0.014909251503963106
720,860,140,0.14,0.01830978235558497
748,874,126,0.126,0.021476986025265148
742,871,129,0.129,0.01636791510248679
724,862,138,0.138,0.015057715735188949
736,868,132,0.132,0.01761113263790696
690,845,155,0.155,0.01679246467136757
726,863,137,0.137,0.013743820945073551
788,894,106,0.106,0.017576276351104397
712,856,144,0.144,0.01796488238923517
706,853,147,0.147,0.01632503628470515
702,851,149,0.149,0.016271297236790716
790,895,105,0.105,0.0195825076503167
740,870,130,0.13,0.015676657596292942
768,884,116,0.116,0.01601777946195368
740,870,130,0.13,0.019076845499496356
702,851,149,0.149,0.018485851482522547
728,864,136,0.136,0.014447817319279124
760,880,120,0.12,0.01380122213494323
666,833,167,0.167,0.01769736558661266
710,855,145,0.145,0.01728037129026737
740,870,130,0.13,0.02001692482175305
710,855,145,0.145,0.01677136454239404
704,852,148,0.148,0.01599285622965709
716,858,142,0.142,0.013423294380077295
742,871,129,0.129,0.015462180976307067
722,861,139,0.139,0.024785312664834733
724,862,138,0.138,0.015663261808621185
688,844,156,0.156,0.013672333148802054
762,881,119,0.119,0.013489594003361716
736,868,132,0.132,0.018526862741532115
724,862,138,0.138,0.015078071683345044
760,880,120,0.12,0.014461553227157822
740,870,130,0.13,0.01044902521683879
742,871,129,0.129,0.014309464584845813
714,857,143,0.143,0.01765478838143875
708,854,146,0.146,0.013167034065191601
764,882,118,0.118,0.012582822388030622
694,847,153,0.153,0.01441639318316257
740,870,130,0.13,0.015078703982184862
772,886,114,0.114,0.012782183689791978
698,849,151,0.151,0.009165879889347892
758,879,121,0.121,0.013076111345189887
720,860,140,0.14,0.010792760842784674
748,874,126,0.126,0.010071651549263792
716,858,142,0.142,0.011953002777332414
708,854,146,0.146,0.011297905795327324
792,896,104,0.104,0.01031989228040365
756,878,122,0.122,0.00891178925662554
800,900,100,0.1,0.00947443680765548
696,848,152,0.152,0.012486094946021993
724,862,138,0.138,0.01411016631891522
756,878,122,0.122,0.01105544122803964
794,897,103,0.103,0.015603310419843893
740,870,130,0.13,0.0141365158713039
760,880,120,0.12,0.014321674414592039
658,829,171,0.171,0.015515663447800932
684,842,158,0.158,0.0138192843045544
766,883,117,0.117,0.014354399258833637
678,839,161,0.161,0.01855095086255875
716,858,142,0.142,0.010656488008446232
728,864,136,0.136,0.010992032024463071
714,857,143,0.143,0.009762730289746812
706,853,147,0.147,0.011202573163269093
782,891,109,0.109,0.014069790000666046
696,848,152,0.152,0.013411390890619388
736,868,132,0.132,0.014239256926167997
676,838,162,0.162,0.009039334058229074
764,882,118,0.118,0.008252765459831082
718,859,141,0.141,0.008665245978831478
702,851,149,0.149,0.010687919272779994
726,863,137,0.137,0.011253389999799026
732,866,134,0.134,0.013324747586196721
722,861,139,0.139,0.014745149354160759
752,876,124,0.124,0.013202983355883092
768,884,116,0.116,0.017520393206339677
778,889,111,0.111,0.020996430884143394
724,862,138,0.138,0.010513844099757634
704,852,148,0.148,0.013493903960292415
810,905,95,0.095,0.012934826022574966
684,842,158,0.158,0.015039327133804705
702,851,149,0.149,0.016978323775409764
666,833,167,0.167,0.014978371381605826
718,859,141,0.141,0.011847253430548335
776,888,112,0.112,0.012274923157933828
722,861,139,0.139,0.012397294393815443
722,861,139,0.139,0.012599131969548183
744,872,128,0.128,0.01224514113684333
736,868,132,0.132,0.009798278297679616
708,854,146,0.146,0.012354408258204714
688,844,156,0.156,0.01297929180383531
698,849,151,0.151,0.010375170170882625
754,877,123,0.123,0.014904758117759485
786,893,107,0.107,0.010575018525466107
692,846,154,0.154,0.014159000124242652
738,869,131,0.131,0.013149183232289688
714,857,143,0.143,0.009995146699747338
696,848,152,0.152,0.007811730662103727
702,851,149,0.149,0.00992589278790426
774,887,113,0.113,0.009161710533088752
724,862,138,0.138,0.009812571561021485
740,870,130,0.13,0.0115435840166884
784,892,108,0.108,0.012769682932983941
728,864,136,0.136,0.005626243030729441
738,869,131,0.131,0.006421250239839665
776,888,112,0.112,0.007147215225252765
692,846,154,0.154,0.010383342550866245
710,855,145,0.145,0.0121119115249368
788,894,106,0.106,0.015013640473222992
716,858,142,0.142,0.012127847227128612
738,869,131,0.131,0.007467178170430088
672,836,164,0.164,0.008144453925775764
676,838,162,0.162,0.009672300355404615
740,870,130,0.13,0.007041507552166508
656,828,172,0.172,0.007349789835174107
694,847,153,0.153,0.012418997529185802
734,867,133,0.133,0.00984145832847885
698,849,151,0.151,0.011419404238644546
678,839,161,0.161,0.009287579267220934
744,872,128,0.128,0.008256058856728728
722,861,139,0.139,0.010959566177791175
732,866,134,0.134,0.0064666764138082014
772,886,114,0.114,0.01153661068691548
768,884,116,0.116,0.013528548823779574
720,860,140,0.14,0.012562144064054778
734,867,133,0.133,0.011590311964504366
714,857,143,0.143,0.012923283747301582
726,863,137,0.137,0.0076944769053292105
790,895,105,0.105,0.010228637382400664
702,851,149,0.149,0.009206826927327199
702,851,149,0.149,0.007856526922536574
736,868,132,0.132,0.005697256438240658
690,845,155,0.155,0.007391070736213095
724,862,138,0.138,0.00961133733703204
780,890,110,0.11,0.00962306498023804
744,872,128,0.128,0.006755516606800569
764,882,118,0.118,0.007081187530892734
782,891,109,0.109,0.0063232235976344526
730,865,135,0.135,0.004846191776155507
752,876,124,0.124,0.00788346012028073
726,863,137,0.137,0.007008442800449629
730,865,135,0.135,0.009290202445151876
686,843,157,0.157,0.013042845178820343
752,876,124,0.124,0.00809964515473645
710,855,145,0.145,0.008664537264540157
754,877,123,0.123,0.0064297038501543256
676,838,162,0.162,0.006619977606285133
636,818,182,0.182,0.007941531793401069
776,888,112,0.112,0.010265626795144783
776,888,112,0.112,0.011208620359270697
732,866,134,0.134,0.011155571675003941
750,875,125,0.125,0.008438889849436422
720,860,140,0.14,0.01104916815457004
696,848,152,0.152,0.008662066767128707
714,857,143,0.143,0.015890423853445426
760,880,120,0.12,0.011314150097624391
764,882,118,0.118,0.007836528459920316
700,850,150,0.15,0.0095625840163693
766,883,117,0.117,0.010904295012452863
634,817,183,0.183,0.011226162008139
786,893,107,0.107,0.011001612768029346
748,874,126,0.126,0.007914694334508653
714,857,143,0.143,0.00913378990992301
748,874,126,0.126,0.008747002399283176
734,867,133,0.133,0.009565005025761977
698,849,151,0.151,0.009279658711969688
720,860,140,0.14,0.01174702000846095
756,878,122,0.122,0.008600163981163462
724,862,138,0.138,0.011471525344338403
748,874,126,0.126,0.012434216730374231
698,849,151,0.151,0.008915420892681325
736,868,132,0.132,0.010793871991153722
774,887,113,0.113,0.009595470424053204
682,841,159,0.159,0.014401524822890182
716,858,142,0.142,0.00620237326739435
728,864,136,0.136,0.009549751057342433
760,880,120,0.12,0.007748254197441085
732,866,134,0.134,0.010157714863865451
698,849,151,0.151,0.010894438100697115
784,892,108,0.108,0.012673540389887179
716,858,142,0.142,0.0071876476673076155
726,863,137,0.137,0.009447270831623925
766,883,117,0.117,0.009690066044548843
682,841,159,0.159,0.009718910499804594
712,856,144,0.144,0.009361506924641078
798,899,101,0.101,0.012728636507774695
756,878,122,0.122,0.007096200494442485
698,849,151,0.151,0.007880319031819866
728,864,136,0.136,0.012205693495251751
716,858,142,0.142,0.009512050151927654
738,869,131,0.131,0.010462275833081335
702,851,149,0.149,0.009545694732932318
738,869,131,0.131,0.007539581932223086
718,859,141,0.141,0.008720007545819329
788,894,106,0.106,0.00858421768767799
712,856,144,0.144,0.010196948211368408
702,851,149,0.149,0.008406238779941944
762,881,119,0.119,0.009350533660658484
768,884,116,0.116,0.00982849578270536
778,889,111,0.111,0.008853453075055171
724,862,138,0.138,0.007346345932763782
664,832,168,0.168,0.008216967081316853
780,890,110,0.11,0.007793157081647564
716,858,142,0.142,0.007801408916315992
682,841,159,0.159,0.006887199929902678
720,860,140,0.14,0.007661801875435188
732,866,134,0.134,0.00706048141874372
740,870,130,0.13,0.007656493021361413
744,872,128,0.128,0.0078064707313404685
778,889,111,0.111,0.011182090201603316
724,862,138,0.138,0.004266457151928534
756,878,122,0.122,0.009525229738633968
764,882,118,0.118,0.009187791820446819
670,835,165,0.165,0.006593609220320445
744,872,128,0.128,0.008243891897960381
698,849,151,0.151,0.009384767552108698
776,888,112,0.112,0.008938603915103911
724,862,138,0.138,0.006102608692055185
720,860,140,0.14,0.007429226783713702
762,881,119,0.119,0.007952800088930971
798,899,101,0.101,0.0079863519969213
652,826,174,0.174,0.0062300480075760875
786,893,107,0.107,0.00811159312162991
702,851,149,0.149,0.006290346453641036
712,856,144,0.144,0.008350246795334073
716,858,142,0.142,0.012729247147150019
738,869,131,0.131,0.008310191961162715
684,842,158,0.158,0.007116952444862761
726,863,137,0.137,0.011144331139417901
714,857,143,0.143,0.010803799815032633
722,861,139,0.139,0.012601490230837058
752,876,124,0.124,0.011267556416465482
692,846,154,0.154,0.013363535930107672
710,855,145,0.145,0.010671215318892166
716,858,142,0.142,0.016157650724364415
754,877,123,0.123,0.010434941036403956
688,844,156,0.156,0.014119890300054862
672,836,164,0.164,0.016144967869373913
804,902,98,0.098,0.016400458959610047
736,868,132,0.132,0.012726036698557309
716,858,142,0.142,0.014824765735190183
744,872,128,0.128,0.011659562592821374
726,863,137,0.137,0.01744798172293194
704,852,148,0.148,0.010192756789075559
704,852,148,0.148,0.017502859559677758
736,868,132,0.132,0.010259030363723384
720,860,140,0.14,0.015198254382280695
736,868,132,0.132,0.008461728957057702
736,868,132,0.132,0.01560171197658795
708,854,146,0.146,0.010860207046870088
776,888,112,0.112,0.010172459611438625
770,885,115,0.115,0.009847812401432222
694,847,153,0.153,0.009653333712485534
770,885,115,0.115,0.008337426513402291
758,879,121,0.121,0.008883108904373074
774,887,113,0.113,0.008634795006660936
754,877,123,0.123,0.010033885412652196
734,867,133,0.133,0.010952532028905936
738,869,131,0.131,0.009919931464862003
684,842,158,0.158,0.018075883497213185
690,845,155,0.155,0.012135457179942109
748,874,126,0.126,0.01147759500182579
692,846,154,0.154,0.013018908634308872
726,863,137,0.137,0.01546926053531294
702,851,149,0.149,0.00875711251577475
734,867,133,0.133,0.013897059180112435
662,831,169,0.169,0.013835894573443653
696,848,152,0.152,0.011862711112228738
730,865,135,0.135,0.01799058291031018
690,845,155,0.155,0.013681488521472659
704,852,148,0.148,0.011986129015628663
732,866,134,0.134,0.016774127168277374
722,861,139,0.139,0.014702478196384263
722,861,139,0.139,0.012350578538369461
722,861,139,0.139,0.011905227536399252
750,875,125,0.125,0.014612575985123541
740,870,130,0.13,0.01357576659739398
754,877,123,0.123,0.015704474735289606
706,853,147,0.147,0.014147033240784453
726,863,137,0.137,0.012361174932173867
724,862,138,0.138,0.015149508871815527
754,877,123,0.123,0.011132673893555677
720,860,140,0.14,0.015166057750165237
680,840,160,0.16,0.00984439529816045
722,861,139,0.139,0.01564767517411623
772,886,114,0.114,0.012318084510793938
734,867,133,0.133,0.014556534183479712
710,855,145,0.145,0.011894179600162758
696,848,152,0.152,0.01603935126146139
710,855,145,0.145,0.017310432986425397
678,839,161,0.161,0.019620448970740483
748,874,126,0.126,0.0134193487546936
718,859,141,0.141,0.014005200810493192
678,839,161,0.161,0.01973325707531757
690,845,155,0.155,0.019274190684851505
712,856,144,0.144,0.02783421080541052
674,837,163,0.163,0.01877488576064438
686,843,157,0.157,0.018241958691085414
760,880,120,0.12,0.01893178249845414
702,851,149,0.149,0.020738320511233938
708,854,146,0.146,0.022175677855137167
744,872,128,0.128,0.023374056909645675
708,854,146,0.146,0.022653458139226403
770,885,115,0.115,0.021583192709041753
734,867,133,0.133,0.02260017967621755
716,858,142,0.142,0.020396172154370645
746,873,127,0.127,0.014582479627430743
794,897,103,0.103,0.02162019726065847
724,862,138,0.138,0.019314985699776542
712,856,144,0.144,0.018983965892709703
702,851,149,0.149,0.0312210254739245
712,856,144,0.144,0.02397509034256382
722,861,139,0.139,0.024280925825500278
696,848,152,0.152,0.026241458182600524
680,840,160,0.16,0.021437743714467928
746,873,127,0.127,0.021346671863369922
692,846,154,0.154,0.02001400649333277
784,892,108,0.108,0.02177583104941209
668,834,166,0.166,0.019912516073981493
764,882,118,0.118,0.02761575536496497
758,879,121,0.121,0.024677662810080166
658,829,171,0.171,0.022481698150508437
734,867,133,0.133,0.02168894187473444
666,833,167,0.167,0.022425039362365937
690,845,155,0.155,0.016225904571160868
680,840,160,0.16,0.02724844065733612
736,868,132,0.132,0.02280984837751271
728,864,136,0.136,0.019209383505185373
710,855,145,0.145,0.018430828302861982
734,867,133,0.133,0.01920884431231815
776,888,112,0.112,0.02121800248307295
702,851,149,0.149,0.024077347995631045
698,849,151,0.151,0.03109703991686001
752,876,124,0.124,0.019629338387525876
698,849,151,0.151,0.021652558082236567
760,880,120,0.12,0.02626998938636446
736,868,132,0.132,0.02347236973880976
734,867,133,0.133,0.019934781794881742
644,822,178,0.178,0.02257696055330078
714,857,143,0.143,0.017478115366379186
720,860,140,0.14,0.02109098561779291
746,873,127,0.127,0.02105695177890584
758,879,121,0.121,0.028562270663378884
712,856,144,0.144,0.02828680963670138
714,857,143,0.143,0.02735299005552102
730,865,135,0.135,0.03506088015592172
708,854,146,0.146,0.02726089236873622
708,854,146,0.146,0.025118209315765284
706,853,147,0.147,0.029203965582426918
736,868,132,0.132,0.025818959411013566
730,865,135,0.135,0.03255448267573331
744,872,128,0.128,0.02844248220083
738,869,131,0.131,0.026715515584023707
740,870,130,0.13,0.03386426130931193
784,892,108,0.108,0.029047632547806755
764,882,118,0.118,0.024043660716074326
686,843,157,0.157,0.026143372696918504
728,864,136,0.136,0.02892249205741945
738,869,131,0.131,0.026769106625934
728,864,136,0.136,0.025239974204705844
756,878,122,0.122,0.025066577623900684
712,856,144,0.144,0.03382783969143338
742,871,129,0.129,0.032783215233153216
688,844,156,0.156,0.028195229393707676
748,874,126,0.126,0.03598866939138588
712,856,144,0.144,0.022031929392330427
770,885,115,0.115,0.03406439408607389
764,882,118,0.118,0.030099105165957554
794,897,103,0.103,0.03100650699127846
808,904,96,0.096,0.03200886513921887
770,885,115,0.115,0.030569662158576195
730,865,135,0.135,0.03326288082426618
684,842,158,0.158,0.023531658953093084
746,873,127,0.127,0.02315423483381528
734,867,133,0.133,0.01836762440953234
762,881,119,0.119,0.021978857634667975
726,863,137,0.137,0.019718801886780112
686,843,157,0.157,0.016509624255960517
748,874,126,0.126,0.01733666711035596
712,856,144,0.144,0.02377087462206357
702,851,149,0.149,0.019594601175707608
756,878,122,0.122,0.029330440123878476
662,831,169,0.169,0.017060121126067373
652,826,174,0.174,0.02641753139323211
736,868,132,0.132,0.01874312193876463
706,853,147,0.147,0.01756837378849582
748,874,126,0.126,0.019747191173279163
768,884,116,0.116,0.025814260476974254
780,890,110,0.11,0.01667791726495045
726,863,137,0.137,0.017752956769241393
762,881,119,0.119,0.025179779103815678
744,872,128,0.128,0.02457246792288629
752,876,124,0.124,0.01926326481654543
738,869,131,0.131,0.018470514119674136
720,860,140,0.14,0.023474182779792584
730,865,135,0.135,0.01802045342518562
766,883,117,0.117,0.02488492539247275
716,858,142,0.142,0.019223031407256373
764,882,118,0.118,0.02466079467911851
774,887,113,0.113,0.018093334626251747
766,883,117,0.117,0.019361855239729223
768,884,116,0.116,0.017509926600976826
732,866,134,0.134,0.019718284268777836
686,843,157,0.157,0.023051003690610628
736,868,132,0.132,0.020003825793007336
698,849,151,0.151,0.019497586239333144
720,860,140,0.14,0.023410211246934806
700,850,150,0.15,0.018468874141776268
714,857,143,0.143,0.021985201059524173
750,875,125,0.125,0.01501550419699997
706,853,147,0.147,0.02065731218286129
760,880,120,0.12,0.020016476322750065
708,854,146,0.146,0.023991073695028377
696,848,152,0.152,0.018371037922876893
692,846,154,0.154,0.023766595988537063
698,849,151,0.151,0.021137958013717296
742,871,129,0.129,0.02035429816868816
728,864,136,0.136,0.023070230651370253
722,861,139,0.139,0.02117195866744919
790,895,105,0.105,0.023341946999255243
756,878,122,0.122,0.023565138689046677
744,872,128,0.128,0.02586787681358595
742,871,129,0.129,0.01921575272928493
730,865,135,0.135,0.02027584693146389
716,858,142,0.142,0.021696275430010133
676,838,162,0.162,0.01586617339345321
744,872,128,0.128,0.01852872948492592
698,849,151,0.151,0.01898226593599833
706,853,147,0.147,0.01903690759592061
690,845,155,0.155,0.015247572137858753
690,845,155,0.155,0.01661287855076097
760,880,120,0.12,0.017454227473146375
732,866,134,0.134,0.02187505479442939
734,867,133,0.133,0.02322953044241727
678,839,161,0.161,0.016628262829461674
740,870,130,0.13,0.02034080551444066
714,857,143,0.143,0.018710014579201188
712,856,144,0.144,0.01293801342797299
752,876,124,0.124,0.016424523071945543
774,887,113,0.113,0.01425685380490529
686,843,157,0.157,0.014382331202648544
744,872,128,0.128,0.01587928086973969
726,863,137,0.137,0.01649022584010248
724,862,138,0.138,0.01434569136718261
742,871,129,0.129,0.018552365532121314
710,855,145,0.145,0.017769298062596122
764,882,118,0.118,0.02157003893415502
740,870,130,0.13,0.013313029966118477
768,884,116,0.116,0.017715513253979083
720,860,140,0.14,0.013404915635970667
680,840,160,0.16,0.01143634641089183
758,879,121,0.121,0.016831901557529803
720,860,140,0.14,0.01433182270944478
716,858,142,0.142,0.011537365722131909
724,862,138,0.138,0.013175799543049493
736,868,132,0.132,0.014564707895287939
702,851,149,0.149,0.010331055498589762
706,853,147,0.147,0.01653096797560876
630,815,185,0.185,0.011347219324161188
732,866,134,0.134,0.014908202886266082
702,851,149,0.149,0.018163482003988846
770,885,115,0.115,0.014138946405463855
750,875,125,0.125,0.015632467597410157
714,857,143,0.143,0.014104155439339437
754,877,123,0.123,0.011990508873656325
758,879,121,0.121,0.011767670524289812
724,862,138,0.138,0.014412840890126517
744,872,128,0.128,0.01455145821617583
762,881,119,0.119,0.008467420011520928
764,882,118,0.118,0.01366194402794423
798,899,101,0.101,0.015388945824722512
692,846,154,0.154,0.01195147146314774
754,877,123,0.123,0.013009122205828902
710,855,145,0.145,0.015042197246840515
754,877,123,0.123,0.012917763591283375
686,843,157,0.157,0.008181223846226913
750,875,125,0.125,0.01768928073971398
694,847,153,0.153,0.009030161084148006
778,889,111,0.111,0.013398596957847602
720,860,140,0.14,0.00882310521241024
734,867,133,0.133,0.013876072995411277
736,868,132,0.132,0.010926628648990558
672,836,164,0.164,0.011014584121911582
726,863,137,0.137,0.01275632296957167
782,891,109,0.109,0.011100839914863797
742,871,129,0.129,0.008652472565935668
652,826,174,0.174,0.012346520447502287
676,838,162,0.162,0.010665752769247007
778,889,111,0.111,0.014922694032067781
702,851,149,0.149,0.011505535243451107
736,868,132,0.132,0.01402300395373119
688,844,156,0.156,0.012096645459449775
776,888,112,0.112,0.013558400117670061
776,888,112,0.112,0.011663974973290692
752,876,124,0.124,0.012507501975374211
770,885,115,0.115,0.009387795778355213
726,863,137,0.137,0.009357131850049286
676,838,162,0.162,0.00962758697252967
730,865,135,0.135,0.0071501043248618145
708,854,146,0.146,0.010535610241826532
682,841,159,0.159,0.010815120723685553
726,863,137,0.137,0.010743690705413058
704,852,148,0.148,0.0067546523805494165
780,890,110,0.11,0.008034384475101063
742,871,129,0.129,0.016581517543657342
762,881,119,0.119,0.011517852170259416
738,869,131,0.131,0.010538109013578718
730,865,135,0.135,0.007845365600815796
670,835,165,0.165,0.008132998965808838
736,868,132,0.132,0.009433876512639756
798,899,101,0.101,0.007052206246645497
700,850,150,0.15,0.008755506575204124
700,850,150,0.15,0.009513259982524986
698,849,151,0.151,0.00801827889562199
716,858,142,0.142,0.006128980035439724
718,859,141,0.141,0.009545671603122216
700,850,150,0.15,0.007655410851262488
748,874,126,0.126,0.0073970672577165
746,873,127,0.127,0.007482779009290937
738,869,131,0.131,0.008948473133628013
730,865,135,0.135,0.008396493124485616
720,860,140,0.14,0.007355588230523424
706,853,147,0.147,0.012119931576660819
788,894,106,0.106,0.008450162869291688
722,861,139,0.139,0.008295756855143381
694,847,153,0.153,0.005878003699128527
734,867,133,0.133,0.006276675160857877
660,830,170,0.17,0.00821898794722412
714,857,143,0.143,0.00716484276617264
688,844,156,0.156,0.00785479533705815
692,846,154,0.154,0.009328305055841824
772,886,114,0.114,0.008703679369396368
716,858,142,0.142,0.006155910939347635
748,874,126,0.126,0.007996549335588937
702,851,149,0.149,0.008153213593499544
732,866,134,0.134,0.0073630486358566005
754,877,123,0.123,0.007984466757651432
730,865,135,0.135,0.006598910739158584
778,889,111,0.111,0.007351521239156867
746,873,127,0.127,0.0078023918000747015
728,864,136,0.136,0.005644169411576314
708,854,146,0.146,0.009239555465274564
722,861,139,0.139,0.006092369271269007
762,881,119,0.119,0.0076889420124999506
756,878,122,0.122,0.009273373406644978
716,858,142,0.142,0.008500235957991507
724,862,138,0.138,0.01345590928943453
760,880,120,0.12,0.01156263291881261
744,872,128,0.128,0.012920793899355146
714,857,143,0.143,0.007361218038319038
760,880,120,0.12,0.007939478127471474
752,876,124,0.124,0.009542914310640242
726,863,137,0.137,0.006813093120466732
738,869,131,0.131,0.00878270271683725
688,844,156,0.156,0.00918130383752387
676,838,162,0.162,0.006906898127197038
704,852,148,0.148,0.012223110612941767
684,842,158,0.158,0.005701508812467708
672,836,164,0.164,0.010043209989398718
750,875,125,0.125,0.008706747753262661
752,876,124,0.124,0.011137525028655318
710,855,145,0.145,0.009935104044191675
726,863,137,0.137,0.008382609665777635
776,888,112,0.112,0.010861779164181925
704,852,148,0.148,0.011373634476130334
768,884,116,0.116,0.007377964867901682
728,864,136,0.136,0.009040414427837333
748,874,126,0.126,0.006927589073912671
762,881,119,0.119,0.007152307673308627
696,848,152,0.152,0.006549581928668715
674,837,163,0.163,0.006779249006453156
742,871,129,0.129,0.008261758279994012
716,858,142,0.142,0.008767125379786534
742,871,129,0.129,0.008431845639177126
688,844,156,0.156,0.006805362062285753
696,848,152,0.152,0.009345616189054183
716,858,142,0.142,0.011287957217729556
766,883,117,0.117,0.009161364167441264
726,863,137,0.137,0.010088838867755015
724,862,138,0.138,0.009992096166785643
738,869,131,0.131,0.008250101928502772
648,824,176,0.176,0.008162322249352769
740,870,130,0.13,0.008595240302653238
692,846,154,0.154,0.008696522417287824
740,870,130,0.13,0.007532293563827196
716,858,142,0.142,0.00907327280751251
746,873,127,0.127,0.009736353522439657
696,848,152,0.152,0.007293601128540601
750,875,125,0.125,0.007907976603635646
728,864,136,0.136,0.008716883921693138
692,846,154,0.154,0.007406524815304351
704,852,148,0.148,0.010587716929250021
710,855,145,0.145,0.009950766219894703
728,864,136,0.136,0.005895427216712519
792,896,104,0.104,0.00877479611041464
742,871,129,0.129,0.00817897285974793
730,865,135,0.135,0.01023045410204604
692,846,154,0.154,0.005768977000104371
730,865,135,0.135,0.00689047859570826
722,861,139,0.139,0.007143598518352022
730,865,135,0.135,0.009001702681434168
724,862,138,0.138,0.007224738730602297
712,856,144,0.144,0.006307613076259287
756,878,122,0.122,0.008339902289238296
728,864,136,0.136,0.009489591837252504
700,850,150,0.15,0.0094090309265204
750,875,125,0.125,0.008951527901189677
776,888,112,0.112,0.013879117029859486
734,867,133,0.133,0.014891105011889038
744,872,128,0.128,0.005785947410235579
716,858,142,0.142,0.009999968631630978
728,864,136,0.136,0.010031022748653058
786,893,107,0.107,0.010775902851899005
678,839,161,0.161,0.008734099066296323
714,857,143,0.143,0.012761200427144999
774,887,113,0.113,0.00830706841286262
778,889,111,0.111,0.006991667153811292
792,896,104,0.104,0.010297299417238037
716,858,142,0.142,0.0052028554752663325
726,863,137,0.137,0.01220090843845736
698,849,151,0.151,0.008510816626669183
788,894,106,0.106,0.008590190433396813
724,862,138,0.138,0.007516771532253514
778,889,111,0.111,0.00669858458769653
690,845,155,0.155,0.008998915724288665
760,880,120,0.12,0.005877371778160779
704,852,148,0.148,0.009121228687104861
674,837,163,0.163,0.008176544589522265
718,859,141,0.141,0.01124080068959772
756,878,122,0.122,0.012968226295549015
772,886,114,0.114,0.00794022070216448
714,857,143,0.143,0.011918320436910818
718,859,141,0.141,0.011160234278062547
746,873,127,0.127,0.014811051828722355
764,882,118,0.118,0.015074317956335306
684,842,158,0.158,0.009397266792925308
774,887,113,0.113,0.012505771317449885
768,884,116,0.116,0.008815416193581001
784,892,108,0.108,0.010197839396501592
664,832,168,0.168,0.011242586646817841
722,861,139,0.139,0.008680768832119795
722,861,139,0.139,0.011223412907526651
716,858,142,0.142,0.011854679739390733
744,872,128,0.128,0.006707850236252838
766,883,117,0.117,0.009429609882410546
704,852,148,0.148,0.007828546091793854
760,880,120,0.12,0.011138776724134289
756,878,122,0.122,0.009225536930820765
754,877,123,0.123,0.008602020887086852
688,844,156,0.156,0.007699023098895538
740,870,130,0.13,0.0072445974366060996
750,875,125,0.125,0.007577913362265491
716,858,142,0.142,0.007923727755659
758,879,121,0.121,0.00768742259543977
732,866,134,0.134,0.011092573944032694
684,842,158,0.158,0.008615075209698005
708,854,146,0.146,0.006161559321419162
724,862,138,0.138,0.008554978951111309
710,855,145,0.145,0.0038400402641891843
726,863,137,0.137,0.005118244112779734
726,863,137,0.137,0.006286745186025243
758,879,121,0.121,0.010312848917778339
732,866,134,0.134,0.007082339237699401
780,890,110,0.11,0.0066015790913402555
766,883,117,0.117,0.006440367637315645
648,824,176,0.176,0.006592025624946686
730,865,135,0.135,0.007756787947923982
706,853,147,0.147,0.010122425265094236
758,879,121,0.121,0.012175997187821239
724,862,138,0.138,0.008503731840788604
728,864,136,0.136,0.007430875363619023
774,887,113,0.113,0.009378409487810331
708,854,146,0.146,0.00923215025159945
764,882,118,0.118,0.008930036617491581
748,874,126,0.126,0.009737848705621943
750,875,125,0.125,0.008610385180029155
736,868,132,0.132,0.010564882371784037
736,868,132,0.132,0.010568810266874024
754,877,123,0.123,0.0071250547013689105
748,874,126,0.126,0.00952982891456206
752,876,124,0.124,0.012169085388009676
740,870,130,0.13,0.01089575019128607
716,858,142,0.142,0.010183370077710406
738,869,131,0.131,0.014720736731214289
726,863,137,0.137,0.009754805929740002
758,879,121,0.121,0.00945957965531271
736,868,132,0.132,0.011051481940477274
756,878,122,0.122,0.008764330009488447
742,871,129,0.129,0.008289527348009258
784,892,108,0.108,0.012365250192387208
702,851,149,0.149,0.008647355922015506
788,894,106,0.106,0.008261495802100725
726,863,137,0.137,0.007064233419141971
722,861,139,0.139,0.00849999716142797
646,823,177,0.177,0.009827863952289248
796,898,102,0.102,0.00845552354298107
738,869,131,0.131,0.006751909773067254
720,860,140,0.14,0.009521682858738103
706,853,147,0.147,0.006442321028370827
746,873,127,0.127,0.010382944145989498
754,877,123,0.123,0.011162308159038658
758,879,121,0.121,0.007569489901022976
750,875,125,0.125,0.007867632800769441
770,885,115,0.115,0.00857800726273588
686,843,157,0.157,0.00745446441486105
706,853,147,0.147,0.00866012800851128
680,840,160,0.16,0.007854173071796339
752,876,124,0.124,0.008022821318947479
760,880,120,0.12,0.012503509966335216
800,900,100,0.1,0.012050825800948956
732,866,134,0.134,0.01162644572350419
728,864,136,0.136,0.013375972832954275
760,880,120,0.12,0.009451996505373074
776,888,112,0.112,0.012774498310045332
704,852,148,0.148,0.00923498179025833
698,849,151,0.151,0.012573435758385217
712,856,144,0.144,0.009496110026074476
718,859,141,0.141,0.009621486438054135
692,846,154,0.154,0.0109010882198192
774,887,113,0.113,0.011122125575239466
762,881,119,0.119,0.00905936330965143
760,880,120,0.12,0.006237379209496993
776,888,112,0.112,0.011570850505293478
698,849,151,0.151,0.010321639915496093
774,887,113,0.113,0.007770579765304788
700,850,150,0.15,0.007724511430947047
716,858,142,0.142,0.008669418576121203
766,883,117,0.117,0.011925139794150965
780,890,110,0.11,0.011604216888396678
758,879,121,0.121,0.009944377250372852
770,885,115,0.115,0.013226520219310643
768,884,116,0.116,0.008462874556677023
756,878,122,0.122,0.007550810991016505
706,853,147,0.147,0.006115120825177911
742,871,129,0.129,0.007409626409439568
674,837,163,0.163,0.009877524401081302
678,839,161,0.161,0.012538810450426055
768,884,116,0.116,0.006984082404604337
728,864,136,0.136,0.00877848494948283
750,875,125,0.125,0.009356758884300107
728,864,136,0.136,0.01250948590024032
766,883,117,0.117,0.006610707315095482
778,889,111,0.111,0.010852033343061378
748,874,126,0.126,0.006890927529457542
706,853,147,0.147,0.008244740338246175
770,885,115,0.115,0.00441690149935485
708,854,146,0.146,0.008809764904548345
802,901,99,0.099,0.009786573422865786
718,859,141,0.141,0.007081115269327327
714,857,143,0.143,0.007730703918923652
766,883,117,0.117,0.00691877811002837
794,897,103,0.103,0.006561309800280583
694,847,153,0.153,0.00862235552733938
696,848,152,0.152,0.007930408819489572
696,848,152,0.152,0.005877523746763032
722,861,139,0.139,0.008714662475066305
708,854,146,0.146,0.007285210496029521
692,846,154,0.154,0.009288311108560805
736,868,132,0.132,0.008541847005887731
724,862,138,0.138,0.007714572971506697
768,884,116,0.116,0.010491762714328062
724,862,138,0.138,0.01405347424650003
696,848,152,0.152,0.008873380648564832
686,843,157,0.157,0.012399239499543312
732,866,134,0.134,0.01085067349711241
688,844,156,0.156,0.012753520807513567
718,859,141,0.141,0.013069010331639149
724,862,138,0.138,0.010819524504647092
770,885,115,0.115,0.011480289997449261
748,874,126,0.126,0.01630097171873146
782,891,109,0.109,0.014956148766237277
792,896,104,0.104,0.013380805012480209
778,889,111,0.111,0.013413157329726118
756,878,122,0.122,0.010663352261205518
728,864,136,0.136,0.013593912636861915
788,894,106,0.106,0.01471230808595027
760,880,120,0.12,0.00967533664298557
772,886,114,0.114,0.010291817277162864
756,878,122,0.122,0.009314444184714346
674,837,163,0.163,0.008154205810348302
726,863,137,0.137,0.006130598640193284
736,868,132,0.132,0.009871922631258585
752,876,124,0.124,0.010280944662646747
710,855,145,0.145,0.01106605597834816
724,862,138,0.138,0.010899149821909987
724,862,138,0.138,0.009388071367422526
736,868,132,0.132,0.010787945527703997
714,857,143,0.143,0.008920521364920006
770,885,115,0.115,0.014355336515459541
740,870,130,0.13,0.011046522447007106
718,859,141,0.141,0.010473765373805762
722,861,139,0.139,0.010286494628102204
770,885,115,0.115,0.010194688776312888
672,836,164,0.164,0.009345011036751685
762,881,119,0.119,0.006748864755659341
704,852,148,0.148,0.007605851453259277
690,845,155,0.155,0.012258372660647708
722,861,139,0.139,0.005962107177034156
708,854,146,0.146,0.006786591909473628
732,866,134,0.134,0.007315957792381198
746,873,127,0.127,0.011517037113164989
772,886,114,0.114,0.007641352685625151
682,841,159,0.159,0.008475714154916858
688,844,156,0.156,0.012264556198901716
686,843,157,0.157,0.007190921353964029
716,858,142,0.142,0.008451528169887382
750,875,125,0.125,0.011557316754437807
774,887,113,0.113,0.0108384727280948
738,869,131,0.131,0.009105700687465627
716,858,142,0.142,0.012680995486216873
714,857,143,0.143,0.012886886603769483
712,856,144,0.144,0.010874100827794478
742,871,129,0.129,0.015205489739229775
692,846,154,0.154,0.013799218687150117
712,856,144,0.144,0.011963713224769848
726,863,137,0.137,0.012991946325068142
686,843,157,0.157,0.008983748059523095
762,881,119,0.119,0.009913817207177615
718,859,141,0.141,0.01415258554550681
754,877,123,0.123,0.01664726770066565
740,870,130,0.13,0.010722981281534516
730,865,135,0.135,0.012968023146778819
684,842,158,0.158,0.009711758681150243
742,871,129,0.129,0.009158146150802423
770,885,115,0.115,0.007513096324016246
740,870,130,0.13,0.0056165748483803955
762,881,119,0.119,0.008547335453913008
752,876,124,0.124,0.00854022825442145
766,883,117,0.117,0.006884430141669157
750,875,125,0.125,0.005453404772724511
752,876,124,0.124,0.007463834312247073
740,870,130,0.13,0.004109745975477125
650,825,175,0.175,0.0054228256736715535
748,874,126,0.126,0.00556561171843164
686,843,157,0.157,0.002953487429081491
710,855,145,0.145,0.01007248525858023
734,867,133,0.133,0.011187242727289715
696,848,152,0.152,0.005568204526006326
700,850,150,0.15,0.009177323415843788
740,870,130,0.13,0.011108840868527977
800,900,100,0.1,0.012219386339812758
714,857,143,0.143,0.012904848546251629
730,865,135,0.135,0.013850494747154258
712,856,144,0.144,0.010890573350088872
788,894,106,0.106,0.013522037449129314
730,865,135,0.135,0.010218881616394795
784,892,108,0.108,0.011243837094446632
716,858,142,0.142,0.0077736044881880845
798,899,101,0.101,0.008674740256157804
726,863,137,0.137,0.012227724002947667
756,878,122,0.122,0.011135857949538745
772,886,114,0.114,0.012866361180179482
718,859,141,0.141,0.008855734529825967
732,866,134,0.134,0.0075174021064251945
710,855,145,0.145,0.007793428229813443
756,878,122,0.122,0.007966876641840643
764,882,118,0.118,0.010817766886084613
706,853,147,0.147,0.010979615988476667
750,875,125,0.125,0.011423613366606859
710,855,145,0.145,0.006683277138765917
758,879,121,0.121,0.006891742355475927
742,871,129,0.129,0.009502152403164545
700,850,150,0.15,0.006118523637415223
718,859,141,0.141,0.005908160696803137
710,855,145,0.145,0.006681681908005658
712,856,144,0.144,0.008231510017271447
746,873,127,0.127,0.006091502668694133
768,884,116,0.116,0.005498221185008788
752,876,124,0.124,0.0032046900064732994
712,856,144,0.144,0.003137093588563559
722,861,139,0.139,0.0032234771708624806
742,871,129,0.129,0.005770345372903307
750,875,125,0.125,0.004158554221242085
750,875,125,0.125,0.004032224723231479
776,888,112,0.112,0.006010853835652327
734,867,133,0.133,0.004137267657374224
704,852,148,0.148,0.007571323574820425
750,875,125,0.125,0.006854210557844041
742,871,129,0.129,0.006266799741970729
780,890,110,0.11,0.007724436748104623
732,866,134,0.134,0.008465078582034465
760,880,120,0.12,0.005315319357043762
800,900,100,0.1,0.011743401586462695
708,854,146,0.146,0.0069769658908566895
738,869,131,0.131,0.008765603107059577
730,865,135,0.135,0.0053745573507993786
808,904,96,0.096,0.0069656272107205975
706,853,147,0.147,0.005027749514440103
734,867,133,0.133,0.00650025070025822
730,865,135,0.135,0.008760180616336086
762,881,119,0.119,0.004451016672837014
728,864,136,0.136,0.005011526756652828
738,869,131,0.131,0.0071831033631684985
718,859,141,0.141,0.002770632003672077
694,847,153,0.153,0.0069129012784501925
738,869,131,0.131,0.004485331377727292
776,888,112,0.112,0.006172341464822338
686,843,157,0.157,0.0067332110485614155
768,884,116,0.116,0.00795743823799198
712,856,144,0.144,0.0037247203608471863
724,862,138,0.138,0.006970999977131839
754,877,123,0.123,0.004717211282241849
760,880,120,0.12,0.006016684773018156
730,865,135,0.135,0.004958931130888786
730,865,135,0.135,0.007709349380474549
740,870,130,0.13,0.006707101267738239
752,876,124,0.124,0.005949147154418412
776,888,112,0.112,0.007809657199784653
752,876,124,0.124,0.004726057391900923
708,854,146,0.146,0.004509696162802158
754,877,123,0.123,0.005245350938592779
734,867,133,0.133,0.004275779703301311
716,858,142,0.142,0.0050065837426768525
798,899,101,0.101,0.00443573801905238
764,882,118,0.118,0.006460449418639527
740,870,130,0.13,0.00608718409279345
766,883,117,0.117,0.005693152258678154
736,868,132,0.132,0.0036465102482225406
734,867,133,0.133,0.0030881599333389288
718,859,141,0.141,0.006173279207375984
768,884,116,0.116,0.003266952827367064
726,863,137,0.137,0.004846156425877112
748,874,126,0.126,0.0019436877086090334
680,840,160,0.16,0.004872328487694034
696,848,152,0.152,0.005548769659073997
748,874,126,0.126,0.004998927419835056
780,890,110,0.11,0.00334958610689597
738,869,131,0.131,0.004395931043630682
696,848,152,0.152,0.004847435849456133
746,873,127,0.127,0.003969125064977405
764,882,118,0.118,0.0060307343958525194
676,838,162,0.162,0.005910503609544818
766,883,117,0.117,0.0026956437423052934
746,873,127,0.127,0.0050487122623165985
778,889,111,0.111,0.004921611567389106
734,867,133,0.133,0.004334267916579847
704,852,148,0.148,0.0035163426848877463
736,868,132,0.132,0.0050906718124096246
730,865,135,0.135,0.0065050220841150405
730,865,135,0.135,0.005948510416165078
742,871,129,0.129,0.005463352713520365
730,865,135,0.135,0.004113784825768761
742,871,129,0.129,0.004126341864740297
704,852,148,0.148,0.007218767513362508
780,890,110,0.11,0.004161482595844788
734,867,133,0.133,0.004068684668614978
770,885,115,0.115,0.004763791026825075
726,863,137,0.137,0.0035564465935769363
730,865,135,0.135,0.0031150532600399
762,881,119,0.119,0.0036161961323695523
742,871,129,0.129,0.004087510561639533
740,870,130,0.13,0.0034786603997345226
704,852,148,0.148,0.004957760347458347
718,859,141,0.141,0.0016728051090020557
670,835,165,0.165,0.0036923826603664054
728,864,136,0.136,0.0030456861227869895
706,853,147,0.147,0.002989199038701244
708,854,146,0.146,0.00518932252602302
748,874,126,0.126,0.004404925981383144
720,860,140,0.14,0.00474327161999436
778,889,111,0.111,0.0035072617924231508
740,870,130,0.13,0.0033818197290792257
732,866,134,0.134,0.004071578696648004
720,860,140,0.14,0.004282583958006384
732,866,134,0.134,0.005206559053784304
694,847,153,0.153,0.003398824562521213
736,868,132,0.132,0.004297966785920082
762,881,119,0.119,0.005323037177284604
760,880,120,0.12,0.004629843029445922
792,896,104,0.104,0.006369376587415119
696,848,152,0.152,0.0033786414003086095
734,867,133,0.133,0.004993233347718259
680,840,160,0.16,0.003511912037045647
698,849,151,0.151,0.0029494362002391626
756,878,122,0.122,0.0032718319900649673
694,847,153,0.153,0.004167502110241444
748,874,126,0.126,0.0024463934123399155
766,883,117,0.117,0.00559009446685424
736,868,132,0.132,0.002900552754699163
702,851,149,0.149,0.005240027846096097
708,854,146,0.146,0.004228625065482717
786,893,107,0.107,0.00653976006239688
692,846,154,0.154,0.004008245612677655
766,883,117,0.117,0.0024960484737302693
722,861,139,0.139,0.0027825448142663163
722,861,139,0.139,0.00521188728603731
742,871,129,0.129,0.003837802886233803
758,879,121,0.121,0.003384925764868413
696,848,152,0.152,0.004598218517894068
764,882,118,0.118,0.0031576789564428365
720,860,140,0.14,0.0032232780087076093
722,861,139,0.139,0.003776278523315568
750,875,125,0.125,0.004335290926170557
724,862,138,0.138,0.0026893159167783267
770,885,115,0.115,0.0038126340630871454
772,886,114,0.114,0.003997300993179124
730,865,135,0.135,0.003934809376219789
746,873,127,0.127,0.005256785190645033
748,874,126,0.126,0.006099700865894861
754,877,123,0.123,0.005784501094138364
690,845,155,0.155,0.004473284023430978
702,851,149,0.149,0.004849012025792817
716,858,142,0.142,0.00584320653859848
722,861,139,0.139,0.0021279079272371318
766,883,117,0.117,0.0065054846278737415
684,842,158,0.158,0.006347420111699748
766,883,117,0.117,0.0036358467263289214
694,847,153,0.153,0.004292831204920518
668,834,166,0.166,0.005937059686601245
708,854,146,0.146,0.004246928596504063
738,869,131,0.131,0.0030292612338319886
756,878,122,0.122,0.004880149947556262
722,861,139,0.139,0.0027812074411320965
734,867,133,0.133,0.0054341467189672555
762,881,119,0.119,0.005813816528567713
680,840,160,0.16,0.006018004291977519
766,883,117,0.117,0.004272812038231762
718,859,141,0.141,0.003193496258004842
708,854,146,0.146,0.004769030450035544
692,846,154,0.154,0.006950011092603546
748,874,126,0.126,0.003015884665460433
782,891,109,0.109,0.003262587611448595
674,837,163,0.163,0.0031081537151573715
702,851,149,0.149,0.0034426912942579265
690,845,155,0.155,0.00354542094587633
730,865,135,0.135,0.0033625338237559532
756,878,122,0.122,0.002896744042027038
720,860,140,0.14,0.0030233041607798726
742,871,129,0.129,0.002553991880484517
732,866,134,0.134,0.0033393231098316108
672,836,164,0.164,0.0039079509190138705
680,840,160,0.16,0.0036827318107099387
700,850,150,0.15,0.002798497544259746
696,848,152,0.152,0.002575024727608124
738,869,131,0.131,0.003646430406324768
748,874,126,0.126,0.0030455110770100475
734,867,133,0.133,0.00252898513449216
710,855,145,0.145,0.003476005254984116
766,883,117,0.117,0.003948558737209126
738,869,131,0.131,0.0043706798243562306
748,874,126,0.126,0.00419921104413892
728,864,136,0.136,0.004640825919923387
734,867,133,0.133,0.005335437029604307
738,869,131,0.131,0.0035786123386684636
742,871,129,0.129,0.00435255944550066
706,853,147,0.147,0.004553361789798246
766,883,117,0.117,0.0031977783819611004
724,862,138,0.138,0.004308868117490434
796,898,102,0.102,0.0029977569431064097
778,889,111,0.111,0.0057917744929950315
758,879,121,0.121,0.0031129902267919077
738,869,131,0.131,0.00405919942302269
722,861,139,0.139,0.0030025844559529416
758,879,121,0.121,0.0032192958107786465
768,884,116,0.116,0.002552434763644868
770,885,115,0.115,0.002028355567080595
732,866,134,0.134,0.00460512340608355
708,854,146,0.146,0.0024282346332906856
756,878,122,0.122,0.003024004495031505
706,853,147,0.147,0.002741054569262218
748,874,126,0.126,0.0028052223169630396
682,841,159,0.159,0.003628209422239877
738,869,131,0.131,0.0034118171392946836
742,871,129,0.129,0.0036711473479926157
730,865,135,0.135,0.0027581305876775417
772,886,114,0.114,0.004082318980542396
746,873,127,0.127,0.0029723291952960837
754,877,123,0.123,0.003928224864231055
696,848,152,0.152,0.0034900113545845244
704,852,148,0.148,0.003143693761678378
720,860,140,0.14,0.002581765553129131
706,853,147,0.147,0.005198990116970961
744,872,128,0.128,0.0023960625017998465
712,856,144,0.144,0.0036097394946444155
746,873,127,0.127,0.003685415154420397
744,872,128,0.128,0.00450234880990341
726,863,137,0.137,0.0052914373982124235
736,868,132,0.132,0.004590406761120036
758,879,121,0.121,0.005136460062470761
718,859,141,0.141,0.004559424876867794
760,880,120,0.12,0.004326182139445521
772,886,114,0.114,0.004245307639691177
742,871,129,0.129,0.0037863935411659925
726,863,137,0.137,0.00462562414398269
704,852,148,0.148,0.0052503982225832
772,886,114,0.114,0.005779698657605295
786,893,107,0.107,0.003119492934230294
736,868,132,0.132,0.002739404784027414
736,868,132,0.132,0.004770726562647156
778,889,111,0.111,0.001718530148912535
698,849,151,0.151,0.0031728670222994568
698,849,151,0.151,0.0037556983689451895
800,900,100,0.1,0.002813502841299723
768,884,116,0.116,0.0036914869698234016
696,848,152,0.152,0.0030719868643827083
686,843,157,0.157,0.0026599185656042577
762,881,119,0.119,0.0029768981593391998
692,846,154,0.154,0.006454247321676632
718,859,141,0.141,0.005389305389664344
762,881,119,0.119,0.0054727079489323245
696,848,152,0.152,0.0025973033819594775
744,872,128,0.128,0.004243301015269182
748,874,126,0.126,0.003425037454821421
762,881,119,0.119,0.0027822323990283307
748,874,126,0.126,0.003055341534795318
718,859,141,0.141,0.005328403237890484
704,852,148,0.148,0.003214383393443967
748,874,126,0.126,0.005016260272592277
740,870,130,0.13,0.0031949338666665598
720,860,140,0.14,0.004922586576948291
722,861,139,0.139,0.002770992926959181
768,884,116,0.116,0.0033243312485569305
756,878,122,0.122,0.0025103117567227573
776,888,112,0.112,0.004854738603258056
714,857,143,0.143,0.0028696296422710075
686,843,157,0.157,0.0036938767889240437
726,863,137,0.137,0.002133577155748739
722,861,139,0.139,0.004617233184339781
776,888,112,0.112,0.00576013607029428
766,883,117,0.117,0.004466741751441859
734,867,133,0.133,0.003187035441102282
694,847,153,0.153,0.0034394225623368157
704,852,148,0.148,0.0026883965926561186
754,877,123,0.123,0.004045838074370153
748,874,126,0.126,0.002720906893346282
780,890,110,0.11,0.0025488760301163892
740,870,130,0.13,0.003446723222695425
696,848,152,0.152,0.0034074084962876865
704,852,148,0.148,0.0035289182679806713
788,894,106,0.106,0.003962461535957985
718,859,141,0.141,0.00348324939414546
778,889,111,0.111,0.002716310182784298
690,845,155,0.155,0.0028479721200959035
684,842,158,0.158,0.003359714637540776
754,877,123,0.123,0.00234660233494121
730,865,135,0.135,0.0037279321929390933
780,890,110,0.11,0.0019725248557774648
752,876,124,0.124,0.00255190707433178
738,869,131,0.131,0.0023492887818888307
742,871,129,0.129,0.001927666461123053
720,860,140,0.14,0.0016257740583287016
742,871,129,0.129,0.001587985671381091
782,891,109,0.109,0.0030780169593156615
744,872,128,0.128,0.0011845617073717421
722,861,139,0.139,0.004323372828286409
720,860,140,0.14,0.0021854993704205727
700,850,150,0.15,0.003594700098007749
676,838,162,0.162,0.003179310568362723
642,821,179,0.179,0.003486083869305759
718,859,141,0.141,0.004488656237921944
742,871,129,0.129,0.0033728289104740555
656,828,172,0.172,0.004751215811146977
754,877,123,0.123,0.003108847213106685
718,859,141,0.141,0.004687711172969316
700,850,150,0.15,0.0038742182541488574
718,859,141,0.141,0.0027951544464050785
732,866,134,0.134,0.004343882401965601
694,847,153,0.153,0.005991139362236723
708,854,146,0.146,0.004225017461401691
760,880,120,0.12,0.0037877660895157847
728,864,136,0.136,0.00440271021133708
748,874,126,0.126,0.00392340549766881
778,889,111,0.111,0.0028261271019430724
756,878,122,0.122,0.0024632894593643612
686,843,157,0.157,0.0025270826652067343
720,860,140,0.14,0.0034440544717467816
722,861,139,0.139,0.004218052760844856
708,854,146,0.146,0.004040428178086955
776,888,112,0.112,0.0046991432005813035
758,879,121,0.121,0.004615213702381865
722,861,139,0.139,0.0031304855160322804
716,858,142,0.142,0.0037000057899375066
730,865,135,0.135,0.0032809984998879004
722,861,139,0.139,0.003536358951037471
730,865,135,0.135,0.0036283190487212806
744,872,128,0.128,0.004475698333275389
756,878,122,0.122,0.00258139408043661
736,868,132,0.132,0.0028445873542760863
758,879,121,0.121,0.004230617586671599
732,866,134,0.134,0.0037308751966095457
724,862,138,0.138,0.0024468445720533223
750,875,125,0.125,0.0024155961898516976
702,851,149,0.149,0.0036025180041793165
746,873,127,0.127,0.002265798212290662
732,866,134,0.134,0.0023788807765764658
704,852,148,0.148,0.0030570161047232744
764,882,118,0.118,0.0032799286981403243
684,842,158,0.158,0.002106238410593306
734,867,133,0.133,0.002616607008014256
692,846,154,0.154,0.003753656557780175
796,898,102,0.102,0.004176496147994697
774,887,113,0.113,0.006010611710759093
706,853,147,0.147,0.003946554275906323
706,853,147,0.147,0.004162809343548361
760,880,120,0.12,0.004093676679400787
758,879,121,0.121,0.003266753766623168
718,859,141,0.141,0.002336034701487776
764,882,118,0.118,0.003291646324579688
710,855,145,0.145,0.0036683840474861285
716,858,142,0.142,0.005495906166918061
726,863,137,0.137,0.003145813766473566
746,873,127,0.127,0.004473281799866783
720,860,140,0.14,0.0024795043938619587
752,876,124,0.124,0.0035715459816386924
742,871,129,0.129,0.0029119723109947413
730,865,135,0.135,0.0028661625439050623
734,867,133,0.133,0.0023686538964468014
680,840,160,0.16,0.0031511035459797936
780,890,110,0.11,0.0033172139775703045
758,879,121,0.121,0.0037968797690137706
750,875,125,0.125,0.0019984665552846507
768,884,116,0.116,0.003965394449530536
754,877,123,0.123,0.0027569886870281125
754,877,123,0.123,0.003411767515148469
776,888,112,0.112,0.0034605849743142444
704,852,148,0.148,0.0027196085302821586
714,857,143,0.143,0.0028664495096492573
796,898,102,0.102,0.0028939457630175695
744,872,128,0.128,0.003219217900266074
730,865,135,0.135,0.003229351533253464
756,878,122,0.122,0.0022264288341525286
724,862,138,0.138,0.0028127176206431273
710,855,145,0.145,0.002354064486764301
690,845,155,0.155,0.0034755693852256114
734,867,133,0.133,0.0031058801179517843
676,838,162,0.162,0.004587716600213255
754,877,123,0.123,0.004215516003914118
728,864,136,0.136,0.00396908684022047
730,865,135,0.135,0.00553117985440123
678,839,161,0.161,0.0029026370946189247
728,864,136,0.136,0.0020223360061646075
770,885,115,0.115,0.004134923140660305
784,892,108,0.108,0.002515117464628929
772,886,114,0.114,0.0025915413873344732
792,896,104,0.104,0.004240139756035958
706,853,147,0.147,0.001999428810576774
746,873,127,0.127,0.0026633794500330195
742,871,129,0.129,0.0029606903487378704
700,850,150,0.15,0.002097155075240693
714,857,143,0.143,0.003666984588197465
772,886,114,0.114,0.0025660665969089533
688,844,156,0.156,0.0036051477287629297
730,865,135,0.135,0.002110438208422053
740,870,130,0.13,0.002766600370091112
700,850,150,0.15,0.002102491509982215
704,852,148,0.148,0.0018737114122946536
760,880,120,0.12,0.0026401885992344914
728,864,136,0.136,0.0016268940968494974
698,849,151,0.151,0.0016121413820887084
728,864,136,0.136,0.0020709241963634923
738,869,131,0.131,0.0028478480054855595
714,857,143,0.143,0.002040589639437073
720,860,140,0.14,0.0020193100746968185
678,839,161,0.161,0.002777754452185235
732,866,134,0.134,0.003913933650971486
716,858,142,0.142,0.002766323080782527
736,868,132,0.132,0.002480375809820856
686,843,157,0.157,0.004452867942106536
706,853,147,0.147,0.004344087195682064
758,879,121,0.121,0.0034859250288722735
766,883,117,0.117,0.0025510413030066276
782,891,109,0.109,0.00473393476034883
660,830,170,0.17,0.004971286202597156
710,855,145,0.145,0.0037733723712807432
744,872,128,0.128,0.003252804223670324
752,876,124,0.124,0.004492800927893
728,864,136,0.136,0.0031417866518805796
742,871,129,0.129,0.004809064489937299
752,876,124,0.124,0.003282566103190732
756,878,122,0.122,0.004442825867512539
716,858,142,0.142,0.00385382504417241
672,836,164,0.164,0.0028412270596011526
712,856,144,0.144,0.002453518248227141
700,850,150,0.15,0.00446061235446453
726,863,137,0.137,0.002129057387437598
738,869,131,0.131,0.003475755651167248
786,893,107,0.107,0.002949331042444655
712,856,144,0.144,0.003655661524540008
712,856,144,0.144,0.004693195377024054
728,864,136,0.136,0.003496467497747844
790,895,105,0.105,0.003084818111173135
754,877,123,0.123,0.004243215438501181
720,860,140,0.14,0.003223637609615409
728,864,136,0.136,0.005482527698519661
748,874,126,0.126,0.00532477459409823
750,875,125,0.125,0.0034569757649423566
694,847,153,0.153,0.003993827227280775
720,860,140,0.14,0.00403254490653373
748,874,126,0.126,0.0028894642596134757
754,877,123,0.123,0.0039152997048293794
784,892,108,0.108,0.004716386583068712
740,870,130,0.13,0.0025497672825734127
726,863,137,0.137,0.002946962364069904
740,870,130,0.13,0.0023053704432372795
650,825,175,0.175,0.0023239519607241308
770,885,115,0.115,0.0030655878445341785
764,882,118,0.118,0.004029884635689243
712,856,144,0.144,0.001896692515121927
684,842,158,0.158,0.0026039948644871343
744,872,128,0.128,0.003245253056973482
756,878,122,0.122,0.002566096118568495
666,833,167,0.167,0.0025516592114495184
720,860,140,0.14,0.0021787724268710206
726,863,137,0.137,0.0020086296087423816
772,886,114,0.114,0.0015859847031414063
746,873,127,0.127,0.0019981820610215804
720,860,140,0.14,0.0021543286960801
734,867,133,0.133,0.0025529829874518127
758,879,121,0.121,0.0019409703060502465
790,895,105,0.105,0.002278288807648835
676,838,162,0.162,0.0022911851919353693
680,840,160,0.16,0.0022667233615496513
762,881,119,0.119,0.0033408942121445763
770,885,115,0.115,0.0022355034761286563
726,863,137,0.137,0.0026491090148548155
724,862,138,0.138,0.0018590472925817778
686,843,157,0.157,0.0016337810057415396
744,872,128,0.128,0.0016591597863528733
768,884,116,0.116,0.003070095892068224
714,857,143,0.143,0.0015623859169172647
768,884,116,0.116,0.0021549128049243647
706,853,147,0.147,0.003241889922512513
698,849,151,0.151,0.0017258474694209695
780,890,110,0.11,0.0018084225395073048
688,844,156,0.156,0.002870273582285748
688,844,156,0.156,0.0013849554399930212
730,865,135,0.135,0.0022282702977515214
702,851,149,0.149,0.001683427739139546
740,870,130,0.13,0.0018235007459994677
682,841,159,0.159,0.001989336985285604
730,865,135,0.135,0.0015207349842758049
754,877,123,0.123,0.0024576939011518987
722,861,139,0.139,0.002360612861754035
702,851,149,0.149,0.002581117585573523
708,854,146,0.146,0.0028014039965183883
780,890,110,0.11,0.004004946111468598
764,882,118,0.118,0.0016459363320887803
752,876,124,0.124,0.002304947824339081
730,865,135,0.135,0.0025676546883215538
760,880,120,0.12,0.00266214607508104
674,837,163,0.163,0.0019414111866478407
762,881,119,0.119,0.001526169077509337
740,870,130,0.13,0.0015661779378550306
764,882,118,0.118,0.0019616963718424073
706,853,147,0.147,0.0013138644808809942
700,850,150,0.15,0.0013874048129753618
670,835,165,0.165,0.002573257717676782
720,860,140,0.14,0.0014999887542032724
764,882,118,0.118,0.0034245899071804757
756,878,122,0.122,0.002334345135639779
760,880,120,0.12,0.0018252145785064044
750,875,125,0.125,0.0020496226162458556
716,858,142,0.142,0.0021625639820936726
728,864,136,0.136,0.0027187977399712937
728,864,136,0.136,0.0026245588670487765
744,872,128,0.128,0.0025272630331795937
746,873,127,0.127,0.003206656273007198
684,842,158,0.158,0.0017217266015835974
688,844,156,0.156,0.003409283932939644
684,842,158,0.158,0.002926468626943503
734,867,133,0.133,0.002997809736403738
746,873,127,0.127,0.003268338475065889
742,871,129,0.129,0.0030795370333234757
718,859,141,0.141,0.0028788645761145945
776,888,112,0.112,0.0033586759953236366
742,871,129,0.129,0.0033394699210533927
752,876,124,0.124,0.004576978133729781
680,840,160,0.16,0.0031487250594414602
716,858,142,0.142,0.0024854546855328295
754,877,123,0.123,0.0031249927216601067
722,861,139,0.139,0.0033040564902035497
744,872,128,0.128,0.0037611761893807483
734,867,133,0.133,0.003907379106466138
782,891,109,0.109,0.0035620041530957137
768,884,116,0.116,0.0030825042928295686
676,838,162,0.162,0.0030173152335817408
742,871,129,0.129,0.002613342185855288
738,869,131,0.131,0.0014539071260023348
766,883,117,0.117,0.002320015608055783
750,875,125,0.125,0.0017325227571033538
764,882,118,0.118,0.0008342930286590757
744,872,128,0.128,0.0009043685519219907
712,856,144,0.144,0.002249910674737578
744,872,128,0.128,0.0018549782372177077
718,859,141,0.141,0.0016292922228078482
726,863,137,0.137,0.0018003643694716658
674,837,163,0.163,0.0008715702878012337
732,866,134,0.134,0.0025349291024845113
662,831,169,0.169,0.001193457708955833
708,854,146,0.146,0.002747828529915637
740,870,130,0.13,0.0031795598039106635
728,864,136,0.136,0.0027131944285967934
718,859,141,0.141,0.0031347208550390063
730,865,135,0.135,0.0024468487063877688
752,876,124,0.124,0.0024776919258780905
802,901,99,0.099,0.0026074066361605618
730,865,135,0.135,0.0025550066842842654
736,868,132,0.132,0.00229488595474335
714,857,143,0.143,0.0015648352578471786
716,858,142,0.142,0.0019144758078853243
702,851,149,0.149,0.00156388820284144
732,866,134,0.134,0.002810848015399614
714,857,143,0.143,0.002847541397971483
762,881,119,0.119,0.003058369871481318
756,878,122,0.122,0.002498592097695024
724,862,138,0.138,0.0025123449308794648
736,868,132,0.132,0.0019717590995486063
736,868,132,0.132,0.002338323780742627
708,854,146,0.146,0.0016671728057322498
664,832,168,0.168,0.0021797235448812557
754,877,123,0.123,0.002498478858661656
732,866,134,0.134,0.0015581594462313576
768,884,116,0.116,0.0018027545909119454
714,857,143,0.143,0.0025140572862594438
706,853,147,0.147,0.0024219249571654873
690,845,155,0.155,0.0025957255943066713
766,883,117,0.117,0.001977706091075021
688,844,156,0.156,0.002387916002727067
748,874,126,0.126,0.0020885644901981804
754,877,123,0.123,0.003163646044779455
700,850,150,0.15,0.002479371446675316
682,841,159,0.159,0.00223929985690782
732,866,134,0.134,0.0024226940423861406
756,878,122,0.122,0.002750201702304551
700,850,150,0.15,0.0021100425116238313
724,862,138,0.138,0.0019694893447076397
714,857,143,0.143,0.0012092914521048498
776,888,112,0.112,0.0014938798451978811
748,874,126,0.126,0.0015108378903662754
710,855,145,0.145,0.0014086938990510874
742,871,129,0.129,0.0019426188295060883
754,877,123,0.123,0.001628693470919984
718,859,141,0.141,0.0021522224034300733
694,847,153,0.153,0.0009381133791179508
794,897,103,0.103,0.001674173240380739
772,886,114,0.114,0.001848239674056444
786,893,107,0.107,0.0011578694015969687
780,890,110,0.11,0.002731966236989564
736,868,132,0.132,0.0014866538027634845
776,888,112,0.112,0.0014273621108903426
706,853,147,0.147,0.001213468909641705
674,837,163,0.163,0.0009069645879140893
708,854,146,0.146,0.0025180941933648456
724,862,138,0.138,0.0015280156352252305
704,852,148,0.148,0.0009045662600274654
738,869,131,0.131,0.002812378550059151
704,852,148,0.148,0.0016479404184056108
766,883,117,0.117,0.0016366931993408258
722,861,139,0.139,0.0015877404450557293
764,882,118,0.118,0.0022034270073773713
744,872,128,0.128,0.0012697369511676868
732,866,134,0.134,0.0016795555838806707
756,878,122,0.122,0.00135379278022981
754,877,123,0.123,0.0020832221828211883
714,857,143,0.143,0.0013465826963932983
760,880,120,0.12,0.0014738194467503547
712,856,144,0.144,0.0011058004309389845
758,879,121,0.121,0.0012322104642472312
816,908,92,0.092,0.0017822325774215955
742,871,129,0.129,0.0022366575302164337
758,879,121,0.121,0.0017400158745604416
704,852,148,0.148,0.0011864261612156638
668,834,166,0.166,0.002045109687612111
730,865,135,0.135,0.002001885464945829
732,866,134,0.134,0.002512172324916435
792,896,104,0.104,0.0023091192415781166
732,866,134,0.134,0.0036863367303815835
722,861,139,0.139,0.002745366257741111
750,875,125,0.125,0.003338229557343837
772,886,114,0.114,0.0034029286135771456
720,860,140,0.14,0.0028670648190629038
708,854,146,0.146,0.0019057493947985905
766,883,117,0.117,0.0018536121585189845
780,890,110,0.11,0.0036654923506559667
736,868,132,0.132,0.0021311246404130627
734,867,133,0.133,0.0020789671935000057
702,851,149,0.149,0.0014672586607794927
636,818,182,0.182,0.0020205178455365313
720,860,140,0.14,0.0017280832862600875
724,862,138,0.138,0.002075022410029746
730,865,135,0.135,0.001291180394547368
748,874,126,0.126,0.0021299366863699303
732,866,134,0.134,0.002850395240337889
752,876,124,0.124,0.0021759954723297027
700,850,150,0.15,0.0013151418093244303
738,869,131,0.131,0.0019538161295713794
776,888,112,0.112,0.0017526376467428264
736,868,132,0.132,0.0017020901073175735
678,839,161,0.161,0.0012807629567855373
750,875,125,0.125,0.001903106923310716
760,880,120,0.12,0.0018365675452518815
696,848,152,0.152,0.0013671297897070644
738,869,131,0.131,0.0016504832863013235
722,861,139,0.139,0.0014563061165226117
742,871,129,0.129,0.0013933275585140308
710,855,145,0.145,0.0015961547546517352
760,880,120,0.12,0.0013044940149028008
706,853,147,0.147,0.0018801996759026593
746,873,127,0.127,0.002492459778920207
752,876,124,0.124,0.001911896866714045
744,872,128,0.128,0.0016510106038109455
706,853,147,0.147,0.0015664957777509585
678,839,161,0.161,0.002351304177896708
762,881,119,0.119,0.0021846204554847332
730,865,135,0.135,0.0012783350192569144
720,860,140,0.14,0.0015360800738402104
756,878,122,0.122,0.0015643414831370422
736,868,132,0.132,0.0017081410924169945
768,884,116,0.116,0.0019455690530880076
752,876,124,0.124,0.0020494919885728964
718,859,141,0.141,0.00198882532508523
676,838,162,0.162,0.001907927451181834
666,833,167,0.167,0.0020813123272885718
688,844,156,0.156,0.002434964716106293
698,849,151,0.151,0.0022536526268665683
752,876,124,0.124,0.0016130606278963455
776,888,112,0.112,0.0021727961805371194
740,870,130,0.13,0.0025223548979924856
726,863,137,0.137,0.0022906265863893507
722,861,139,0.139,0.0022878386784348096
736,868,132,0.132,0.0036098630468133167
774,887,113,0.113,0.0018295906650882615
736,868,132,0.132,0.0018204549142325987
706,853,147,0.147,0.0020493103989365127
736,868,132,0.132,0.0014823331341821415
782,891,109,0.109,0.0028668684864975374
676,838,162,0.162,0.0014105702751761981
760,880,120,0.12,0.001951187776519248
702,851,149,0.149,0.0011246802726754056
708,854,146,0.146,0.0024871515878676434
690,845,155,0.155,0.0015552228883549475
742,871,129,0.129,0.0024239379250888364
730,865,135,0.135,0.002029788843386811
754,877,123,0.123,0.0022708211455339153
786,893,107,0.107,0.002550448301866993
776,888,112,0.112,0.0019246480920513279
696,848,152,0.152,0.0023160702146485476
712,856,144,0.144,0.0017065493728350986
760,880,120,0.12,0.002871630555660019
702,851,149,0.149,0.003060486332581732
762,881,119,0.119,0.003158051738244879
730,865,135,0.135,0.002287114964666216
750,875,125,0.125,0.0017801139367116718
756,878,122,0.122,0.0020585921415971313
758,879,121,0.121,0.0020077729083575946
758,879,121,0.121,0.0022069463889640988
708,854,146,0.146,0.002105364646416575
726,863,137,0.137,0.002651778363672946
710,855,145,0.145,0.0030032609280856233
718,859,141,0.141,0.001798302178707516
746,873,127,0.127,0.0018657830682010683
720,860,140,0.14,0.0027845712166433573
736,868,132,0.132,0.0026355974475177958
790,895,105,0.105,0.003969884267678054
726,863,137,0.137,0.0030200076768137477
704,852,148,0.148,0.0034819301283491484
698,849,151,0.151,0.004366346466731244
764,882,118,0.118,0.0033120331926271263
714,857,143,0.143,0.003600958382471802
704,852,148,0.148,0.0026362252881377943
696,848,152,0.152,0.0034691206840936958
680,840,160,0.16,0.005271477239809585
718,859,141,0.141,0.0028994603126931222
734,867,133,0.133,0.0020201982426952016
758,879,121,0.121,0.0029292494281180554
690,845,155,0.155,0.002703113891713514
762,881,119,0.119,0.0020832523380474016
698,849,151,0.151,0.0010235883920532841
762,881,119,0.119,0.0019303698355529234
680,840,160,0.16,0.0017657208852756411
728,864,136,0.136,0.0017130220034790966
784,892,108,0.108,0.0014219948027244698
736,868,132,0.132,0.0021413151671517594
686,843,157,0.157,0.001447858463708684
756,878,122,0.122,0.002008005231694355
712,856,144,0.144,0.0021174414274224207
730,865,135,0.135,0.0030774228638705383
714,857,143,0.143,0.004135130244498655
732,866,134,0.134,0.004456280925228825
744,872,128,0.128,0.004288702140273827
786,893,107,0.107,0.0035084442333393894
750,875,125,0.125,0.0036643029972392186
790,895,105,0.105,0.0030910000772854003
772,886,114,0.114,0.0036878241924361674
698,849,151,0.151,0.0028462129645360364
716,858,142,0.142,0.002276957339776203
714,857,143,0.143,0.002504570613419574
768,884,116,0.116,0.0018951974868129326
762,881,119,0.119,0.002855245029355089
738,869,131,0.131,0.001193172222259605
718,859,141,0.141,0.0026779063946649018
676,838,162,0.162,0.0032679061105594658
722,861,139,0.139,0.0023027408089973844
704,852,148,0.148,0.0020991230433362916
726,863,137,0.137,0.003067070962781159
756,878,122,0.122,0.003039261200258011
684,842,158,0.158,0.0026704750760516162
672,836,164,0.164,0.0032323065596587667
784,892,108,0.108,0.002748392302718045
696,848,152,0.152,0.0020760418532730822
762,881,119,0.119,0.0026505309987105504
664,832,168,0.168,0.003082504118355786
746,873,127,0.127,0.004052634526121124
716,858,142,0.142,0.0025021239854076073
760,880,120,0.12,0.0042176069024135645
790,895,105,0.105,0.004084431528398938
714,857,143,0.143,0.005340257030960104
770,885,115,0.115,0.006159136101229762
706,853,147,0.147,0.0040311999968467805
742,871,129,0.129,0.0035503263371208077
718,859,141,0.141,0.0032324627232225966
770,885,115,0.115,0.002617049087111255
750,875,125,0.125,0.004386335272166306
728,864,136,0.136,0.003031803763200898
720,860,140,0.14,0.002403264504675292
720,860,140,0.14,0.001904989643259171
756,878,122,0.122,0.0030719116884358614
736,868,132,0.132,0.002043293301025983
664,832,168,0.168,0.003033063566768078
746,873,127,0.127,0.0022278941000711543
770,885,115,0.115,0.0036687356594527925
684,842,158,0.158,0.0030194855689098573
716,858,142,0.142,0.0031773198783896957
752,876,124,0.124,0.004793371140664533
748,874,126,0.126,0.0047787246614937684
776,888,112,0.112,0.004653163278465712
756,878,122,0.122,0.0037411232418862995
706,853,147,0.147,0.004844218792974416
742,871,129,0.129,0.004163017964467513
748,874,126,0.126,0.0030578918542336028
756,878,122,0.122,0.0016003170819352305
720,860,140,0.14,0.002347077936318442
748,874,126,0.126,0.0033407008839008655
758,879,121,0.121,0.0031777402191117974
740,870,130,0.13,0.002928061571826106
728,864,136,0.136,0.002625084965506417
758,879,121,0.121,0.0025897407972320253
706,853,147,0.147,0.004839146617707115
738,869,131,0.131,0.0036977573218969725
782,891,109,0.109,0.0029893651733241314
668,834,166,0.166,0.0034886340797915237
690,845,155,0.155,0.0050537682407844646
694,847,153,0.153,0.003711270269403954
790,895,105,0.105,0.0046316056216622456
700,850,150,0.15,0.0038441262270669796
728,864,136,0.136,0.002855112485874983
740,870,130,0.13,0.002373106763107259
680,840,160,0.16,0.0026821751037009846
710,855,145,0.145,0.003682134851380397
766,883,117,0.117,0.0029666386905910684
724,862,138,0.138,0.001852345500963125
734,867,133,0.133,0.002798506740322068
738,869,131,0.131,0.0027333381425202817
740,870,130,0.13,0.003611759972542714
776,888,112,0.112,0.0026095868158821246
776,888,112,0.112,0.0032701273502840707
738,869,131,0.131,0.0045855340818363
696,848,152,0.152,0.0024366321723022395
736,868,132,0.132,0.003874218438069562
712,856,144,0.144,0.0047837544925873774
686,843,157,0.157,0.004208650711871797
680,840,160,0.16,0.00443394312057066
688,844,156,0.156,0.003942832987278649
770,885,115,0.115,0.003367098484236166
728,864,136,0.136,0.003563900817148479
720,860,140,0.14,0.0034728968490271937
722,861,139,0.139,0.0033340816621583117
732,866,134,0.134,0.0037637695320414935
720,860,140,0.14,0.0024395459188595228
778,889,111,0.111,0.0030740596808187066
754,877,123,0.123,0.0030390597960070665
720,860,140,0.14,0.00262021529422897
742,871,129,0.129,0.0028972089276600743
678,839,161,0.161,0.003051773073041744
730,865,135,0.135,0.003158664744190858
750,875,125,0.125,0.0038180646480280274
790,895,105,0.105,0.0035824176135558334
764,882,118,0.118,0.003400132169131922
792,896,104,0.104,0.003949810806989575
744,872,128,0.128,0.0037624667196760695
744,872,128,0.128,0.002701892432144291
716,858,142,0.142,0.004178713685488759
800,900,100,0.1,0.0034140533262243763
732,866,134,0.134,0.004120578644871799
666,833,167,0.167,0.003454093318002677
706,853,147,0.147,0.004722635639212371
736,868,132,0.132,0.0040435683752181855
718,859,141,0.141,0.003407656697513758
700,850,150,0.15,0.0038611162674173725
740,870,130,0.13,0.0032254096230495575
732,866,134,0.134,0.0030645968124589445
764,882,118,0.118,0.0038330217303301738
742,871,129,0.129,0.0041852671899114
676,838,162,0.162,0.003058708862018307
708,854,146,0.146,0.004876422558370649
702,851,149,0.149,0.005112182086316693
744,872,128,0.128,0.0038047329141858055
694,847,153,0.153,0.002885904065677309
734,867,133,0.133,0.003398516495540633
684,842,158,0.158,0.0022966440494240317
700,850,150,0.15,0.003951690788988529
728,864,136,0.136,0.004123500819881926
810,905,95,0.095,0.003394753070970495
730,865,135,0.135,0.005307835296449937
720,860,140,0.14,0.002742276999352427
730,865,135,0.135,0.002918184521069648
702,851,149,0.149,0.002637639794032779
742,871,129,0.129,0.0037574296526905184
732,866,134,0.134,0.0036345888308840983
692,846,154,0.154,0.004006783337160201
676,838,162,0.162,0.0031919121330837184
782,891,109,0.109,0.002840040093404127
702,851,149,0.149,0.00397251754055705
772,886,114,0.114,0.0032898035586143666
716,858,142,0.142,0.005367699810680122
784,892,108,0.108,0.004508829852846603
752,876,124,0.124,0.004109741209195491
718,859,141,0.141,0.0024503409192041517
760,880,120,0.12,0.003411309661652396
722,861,139,0.139,0.003175348504357771
694,847,153,0.153,0.0025815158904145363
710,855,145,0.145,0.002307954871263959
744,872,128,0.128,0.0029111513733714673
742,871,129,0.129,0.004105373874446343
708,854,146,0.146,0.004458333899480565
728,864,136,0.136,0.0031494771890553607
732,866,134,0.134,0.0028156971993978743
716,858,142,0.142,0.0025633543746381945
732,866,134,0.134,0.0020967928844700767
746,873,127,0.127,0.002583490819809697
752,876,124,0.124,0.0036338574749746754
786,893,107,0.107,0.003121999919099622
688,844,156,0.156,0.0028616830599027024
762,881,119,0.119,0.003125546065871859
752,876,124,0.124,0.0036642597713327945
724,862,138,0.138,0.0020848946322858095
674,837,163,0.163,0.0025912580346374625
748,874,126,0.126,0.003908019956101598
730,865,135,0.135,0.005758514579173322
740,870,130,0.13,0.0026689692302101376
736,868,132,0.132,0.0034559878080606837
704,852,148,0.148,0.002315510269383168
736,868,132,0.132,0.003819658127199432
748,874,126,0.126,0.00464533742675161
762,881,119,0.119,0.00225842329607579
728,864,136,0.136,0.002190483411840958
786,893,107,0.107,0.0021417075781297256
736,868,132,0.132,0.0028431164524951244
694,847,153,0.153,0.0022730887460963773
772,886,114,0.114,0.0020311932296910415
728,864,136,0.136,0.002806107009270008
762,881,119,0.119,0.002173254470189292
758,879,121,0.121,0.0024934737366915697
718,859,141,0.141,0.002239653979337916
796,898,102,0.102,0.0029410760237838078
740,870,130,0.13,0.0016436678892822413
660,830,170,0.17,0.0017126362280956045
722,861,139,0.139,0.0023959390958140717
732,866,134,0.134,0.001524751081390761
732,866,134,0.134,0.002536647854488706
698,849,151,0.151,0.002995572046699337
706,853,147,0.147,0.004358008167224838
700,850,150,0.15,0.0032589902711957423
708,854,146,0.146,0.0028896197108126244
770,885,115,0.115,0.0033065246061671303
718,859,141,0.141,0.0048717995963433935
720,860,140,0.14,0.0033880607302505866
698,849,151,0.151,0.003959716220507658
716,858,142,0.142,0.0038392066272958515
788,894,106,0.106,0.004575692779483035
642,821,179,0.179,0.004625203769238468
738,869,131,0.131,0.0029733824080372243
712,856,144,0.144,0.002036318094390552
722,861,139,0.139,0.002488576354893084
760,880,120,0.12,0.0020802794172046506
778,889,111,0.111,0.0018595490452872668
788,894,106,0.106,0.0026299706824609217
730,865,135,0.135,0.0028493672166802924
730,865,135,0.135,0.002638207782232598
792,896,104,0.104,0.002332273948615409
790,895,105,0.105,0.0015664534318191414
764,882,118,0.118,0.003307207112914668
760,880,120,0.12,0.002919764405834869
710,855,145,0.145,0.0031522234116268776
714,857,143,0.143,0.002276642078113099
722,861,139,0.139,0.002128868960367271
762,881,119,0.119,0.0021099413538186694
752,876,124,0.124,0.0029939268385858497
678,839,161,0.161,0.0016119703351993877
742,871,129,0.129,0.0035438455644636806
772,886,114,0.114,0.0018777967950129124
692,846,154,0.154,0.0017982137892452528
744,872,128,0.128,0.0022573030004439686
742,871,129,0.129,0.0024522936091852616
774,887,113,0.113,0.00247026469758039
762,881,119,0.119,0.00321467718905582
768,884,116,0.116,0.002076086142735221
672,836,164,0.164,0.0020050067434179797
694,847,153,0.153,0.0016660459131254157
772,886,114,0.114,0.0018088594094179484
738,869,131,0.131,0.0023344625294191416
708,854,146,0.146,0.0017988303591575771
712,856,144,0.144,0.003155830943659396
734,867,133,0.133,0.0020170085748629275
668,834,166,0.166,0.0020776954402456057
716,858,142,0.142,0.001693909902497424
752,876,124,0.124,0.002301322795253725
760,880,120,0.12,0.002057478415720567
766,883,117,0.117,0.0020684658084529277
760,880,120,0.12,0.0024516496094936853
768,884,116,0.116,0.002865106029024304
772,886,114,0.114,0.0033792454449634306
750,875,125,0.125,0.0022940568153421025
682,841,159,0.159,0.0019266574190555871
762,881,119,0.119,0.0031923625812634525
708,854,146,0.146,0.0027054495183318748
744,872,128,0.128,0.0016818403816815674
774,887,113,0.113,0.002392827147058156
700,850,150,0.15,0.0016119101078248264
714,857,143,0.143,0.001591047425762298
704,852,148,0.148,0.002096474855911694
780,890,110,0.11,0.0020790141515209227
784,892,108,0.108,0.0018559528232801484
732,866,134,0.134,0.002058796139951994
752,876,124,0.124,0.001642551796009684
740,870,130,0.13,0.003569990158779262
712,856,144,0.144,0.0019107348306775123
766,883,117,0.117,0.002019582511482383
760,880,120,0.12,0.002387982939600306
728,864,136,0.136,0.0036031954564361827
738,869,131,0.131,0.0029859771388783827
742,871,129,0.129,0.002537149974310779
712,856,144,0.144,0.0017847425016150993
730,865,135,0.135,0.004342264663038364
752,876,124,0.124,0.002422198399677171
734,867,133,0.133,0.002391027559865634
722,861,139,0.139,0.0023110169821222684
708,854,146,0.146,0.002538713566024441
696,848,152,0.152,0.0026467031171752923
708,854,146,0.146,0.002132496256585526
696,848,152,0.152,0.002727036389452536
712,856,144,0.144,0.0028085703724723744
770,885,115,0.115,0.003646189647352898
720,860,140,0.14,0.002657449001632017
656,828,172,0.172,0.002071747211072676
722,861,139,0.139,0.004690627338626783
748,874,126,0.126,0.0032929909332744243
694,847,153,0.153,0.0016176742178676306
806,903,97,0.097,0.002007084546000769
760,880,120,0.12,0.0028846939997630443
692,846,154,0.154,0.002397538955199195
706,853,147,0.147,0.0029840517206521752
734,867,133,0.133,0.002130048512041597
712,856,144,0.144,0.003241093223281709
766,883,117,0.117,0.003510415029082992
714,857,143,0.143,0.0029961427749829995
742,871,129,0.129,0.0039396034237641825
776,888,112,0.112,0.004485949446129581
718,859,141,0.141,0.004612146718156907
686,843,157,0.157,0.0032906937463984035
770,885,115,0.115,0.00287713530798365
730,865,135,0.135,0.0030408038818035407
756,878,122,0.122,0.0030053215071218064
694,847,153,0.153,0.0031611279642614677
712,856,144,0.144,0.0031077824041878584
722,861,139,0.139,0.0026016307720378934
654,827,173,0.173,0.003103334270605188
726,863,137,0.137,0.004677336997943598
712,856,144,0.144,0.003376030808068478
760,880,120,0.12,0.0038234961659662616
738,869,131,0.131,0.004315890533401629
720,860,140,0.14,0.003094455235175232
712,856,144,0.144,0.004021510259586336
786,893,107,0.107,0.0037320042794733296
776,888,112,0.112,0.004998442243153945
668,834,166,0.166,0.003108919502176107
784,892,108,0.108,0.0046566775226733765
692,846,154,0.154,0.0021917932412442555
696,848,152,0.152,0.0028798887861419616
754,877,123,0.123,0.002779514345004472
780,890,110,0.11,0.003555879950408027
710,855,145,0.145,0.003943558927385979
712,856,144,0.144,0.00246077766797967
690,845,155,0.155,0.0035707007175838044
700,850,150,0.15,0.004078345345111657
732,866,134,0.134,0.0034568699253992178
756,878,122,0.122,0.0035581258562520615
798,899,101,0.101,0.005235667701073453
762,881,119,0.119,0.0035156966617157083
704,852,148,0.148,0.003517916829880619
738,869,131,0.131,0.003867701163717328
710,855,145,0.145,0.0024119658802863454
726,863,137,0.137,0.0029012811511730094
676,838,162,0.162,0.0038905782716907
742,871,129,0.129,0.0037792983691752936
730,865,135,0.135,0.0035660428987183365
760,880,120,0.12,0.0025551323427943657
740,870,130,0.13,0.002604508962457061
740,870,130,0.13,0.004022140104208006
766,883,117,0.117,0.0036133730514017943
696,848,152,0.152,0.004769758053081858
722,861,139,0.139,0.0022549718500216756
732,866,134,0.134,0.002435349390763221
784,892,108,0.108,0.0028074048596378703
668,834,166,0.166,0.0032707206636951296
722,861,139,0.139,0.00354395654147811
690,845,155,0.155,0.00310597064704109
714,857,143,0.143,0.0033023790521764626
770,885,115,0.115,0.004209871505417226
812,906,94,0.094,0.003299931010546743
700,850,150,0.15,0.0023772563882808982
760,880,120,0.12,0.0038267004208572073
700,850,150,0.15,0.0031125847267422413
722,861,139,0.139,0.004530571915307135
752,876,124,0.124,0.0038187275862601525
772,886,114,0.114,0.003269561230808506
756,878,122,0.122,0.0024939870989630604
720,860,140,0.14,0.0025644668271375365
730,865,135,0.135,0.0028118350528868775
684,842,158,0.158,0.0018473639796205107
722,861,139,0.139,0.002295329344197725
738,869,131,0.131,0.002906024654347888
706,853,147,0.147,0.0028256163561219553
750,875,125,0.125,0.0019232379432104238
742,871,129,0.129,0.0033744201284479944
750,875,125,0.125,0.002779945604465709
722,861,139,0.139,0.0028308381049125158
724,862,138,0.138,0.0032236442451878842
760,880,120,0.12,0.004697179725124158
760,880,120,0.12,0.003992711422989814
786,893,107,0.107,0.003272049725284802
688,844,156,0.156,0.003921276915511299
728,864,136,0.136,0.002549053832349685
740,870,130,0.13,0.0024908154611089513
736,868,132,0.132,0.0028053144209106333
784,892,108,0.108,0.003345370168666847
762,881,119,0.119,0.003009259611120683
744,872,128,0.128,0.001481471222050871
748,874,126,0.126,0.002183733703256962
734,867,133,0.133,0.0019182789843290066
732,866,134,0.134,0.002132369849527805
720,860,140,0.14,0.0018334510176122763
710,855,145,0.145,0.001976111085282554
702,851,149,0.149,0.0027588386477128777
710,855,145,0.145,0.003837548143120003
746,873,127,0.127,0.003591369250928963
712,856,144,0.144,0.0029703538049068927
702,851,149,0.149,0.0024357243629459617
686,843,157,0.157,0.004056167160339896
756,878,122,0.122,0.002565679087060573
714,857,143,0.143,0.0029079633099689203
728,864,136,0.136,0.0021797827813310137
720,860,140,0.14,0.0017045710365135279
730,865,135,0.135,0.0022890833956384286
776,888,112,0.112,0.0017238962263614753
704,852,148,0.148,0.0024657998171709323
764,882,118,0.118,0.0019817477716992755
714,857,143,0.143,0.0018331467483448734
780,890,110,0.11,0.0024473383558898973
706,853,147,0.147,0.002256932467747717
734,867,133,0.133,0.001579518528936859
718,859,141,0.141,0.0017403687762458304
742,871,129,0.129,0.0018335048543076625
774,887,113,0.113,0.001090122503521556
752,876,124,0.124,0.0018425693925933188
682,841,159,0.159,0.0012605999701351322
746,873,127,0.127,0.0015622220115784416
666,833,167,0.167,0.0011457241413875892
738,869,131,0.131,0.002667910928120364
718,859,141,0.141,0.0019016183394059568
740,870,130,0.13,0.0034355934581790704
738,869,131,0.131,0.0031691461846353945
688,844,156,0.156,0.0027843840790150835
736,868,132,0.132,0.002884480715209918
708,854,146,0.146,0.0036286528215105987
738,869,131,0.131,0.0020697862084220163
732,866,134,0.134,0.0027810501408270343
772,886,114,0.114,0.0019393000403512986
688,844,156,0.156,0.0024796524329010624
774,887,113,0.113,0.0018391911678290285
728,864,136,0.136,0.001834373105306284
752,876,124,0.124,0.0018104867960926044
714,857,143,0.143,0.0016565678443333951
726,863,137,0.137,0.001722778617340495
748,874,126,0.126,0.002127003078013445
740,870,130,0.13,0.0017425411187185916
712,856,144,0.144,0.0011012294717414619
756,878,122,0.122,0.0010770037356008543
748,874,126,0.126,0.001609261023633124
712,856,144,0.144,0.001184986883643532
806,903,97,0.097,0.0018932685210107253
732,866,134,0.134,0.0011863050696731675
740,870,130,0.13,0.002058380477875815
732,866,134,0.134,0.0020163654917293456
786,893,107,0.107,0.002049658723797833
690,845,155,0.155,0.0010627109361205243
762,881,119,0.119,0.002606320614039575
740,870,130,0.13,0.001742336746274532
772,886,114,0.114,0.0023484490722974556
730,865,135,0.135,0.0020539173972503304
722,861,139,0.139,0.002729054472336983
718,859,141,0.141,0.0019696764904587384
712,856,144,0.144,0.0016162448309764983
722,861,139,0.139,0.0023673033135564623
746,873,127,0.127,0.0027209244630591913
760,880,120,0.12,0.001992126915923336
724,862,138,0.138,0.0016371275805251173
700,850,150,0.15,0.0027680794026194635
802,901,99,0.099,0.002512327238579786
676,838,162,0.162,0.0017265559177504883
740,870,130,0.13,0.0025390547289613607
796,898,102,0.102,0.0026042551803003135
700,850,150,0.15,0.0015389204174516352
752,876,124,0.124,0.0015330289232363724
774,887,113,0.113,0.0019446284612412938
694,847,153,0.153,0.0019370347479927973
728,864,136,0.136,0.002118945063313703
738,869,131,0.131,0.0022404863488615944
730,865,135,0.135,0.0024864202374166523
736,868,132,0.132,0.0020782861429868406
670,835,165,0.165,0.0023778967773595383
680,840,160,0.16,0.0029700353726861977
728,864,136,0.136,0.0032634367306448695
712,856,144,0.144,0.0031200475141639
760,880,120,0.12,0.0023178664493570976
726,863,137,0.137,0.002344494907431084
772,886,114,0.114,0.00240880684986881
746,873,127,0.127,0.0030315621142063235
710,855,145,0.145,0.0022485262658853175
744,872,128,0.128,0.0010925373485050614
702,851,149,0.149,0.001197438229972306
784,892,108,0.108,0.0012863415342210657
734,867,133,0.133,0.001647002210541899
748,874,126,0.126,0.002244742846767082
762,881,119,0.119,0.0016040083645371937
690,845,155,0.155,0.001958440805224541
752,876,124,0.124,0.0019669768949286777
750,875,125,0.125,0.003069036585847698
740,870,130,0.13,0.00297045734076373
700,850,150,0.15,0.0027796443470326864
740,870,130,0.13,0.00298895277979328
662,831,169,0.169,0.003141874017143934
738,869,131,0.131,0.002863972654643092
756,878,122,0.122,0.002117439172448499
736,868,132,0.132,0.0019213382634793703
740,870,130,0.13,0.0024978914100277903
722,861,139,0.139,0.002215066282665461
740,870,130,0.13,0.001871702854591689
630,815,185,0.185,0.0025240509527849468
728,864,136,0.136,0.0031210399433056466
718,859,141,0.141,0.0017742858746789664
712,856,144,0.144,0.002483301628229029
744,872,128,0.128,0.002206270488307666
742,871,129,0.129,0.0025777089356286923
690,845,155,0.155,0.0027343993266617586
764,882,118,0.118,0.0022001838114866956
742,871,129,0.129,0.0030120693364994794
710,855,145,0.145,0.0017748505653035805
748,874,126,0.126,0.002359188808589806
740,870,130,0.13,0.0020092408354523174
752,876,124,0.124,0.0018003468671899583
752,876,124,0.124,0.0024224841034289
734,867,133,0.133,0.0020316489485596636
766,883,117,0.117,0.0017948685395811168
746,873,127,0.127,0.0022824856386416455
672,836,164,0.164,0.0017756955345282536
716,858,142,0.142,0.003033158642390589
752,876,124,0.124,0.0017098880449450463
662,831,169,0.169,0.003174022170523017
712,856,144,0.144,0.00156587555778502
756,878,122,0.122,0.0027632322163212704
730,865,135,0.135,0.002284506273519611
714,857,143,0.143,0.002083245203078718
728,864,136,0.136,0.002676184858276031
762,881,119,0.119,0.0024288244755017274
754,877,123,0.123,0.0024427358207291974
734,867,133,0.133,0.00302631638443367
730,865,135,0.135,0.0032297640054766105
712,856,144,0.144,0.0024651778603810184
756,878,122,0.122,0.002458750283295572
720,860,140,0.14,0.0023969101480418404
688,844,156,0.156,0.004010577134287246
752,876,124,0.124,0.0033687574430116456
708,854,146,0.146,0.001848482540079857
744,872,128,0.128,0.0018738785453391528
740,870,130,0.13,0.0025247446864830464
732,866,134,0.134,0.0038346504562372986
734,867,133,0.133,0.0038912709355202963
722,861,139,0.139,0.0041092266239844836
680,840,160,0.16,0.004609496089178691
680,840,160,0.16,0.003821701085124545
746,873,127,0.127,0.0035035506817446987
760,880,120,0.12,0.004930268861965886
702,851,149,0.149,0.00424151037071519
748,874,126,0.126,0.005622287917579612
690,845,155,0.155,0.005283174369845099
670,835,165,0.165,0.004603527583798027
720,860,140,0.14,0.003424975117448824
768,884,116,0.116,0.00372367650337641
710,855,145,0.145,0.003283506010896005
724,862,138,0.138,0.002792157008687681
724,862,138,0.138,0.0034098327102077518
748,874,126,0.126,0.002942633043231524
730,865,135,0.135,0.004869180859903764
774,887,113,0.113,0.002939201047595404
738,869,131,0.131,0.0021506788674709866
762,881,119,0.119,0.003229858520975412
732,866,134,0.134,0.0026837966371749786
714,857,143,0.143,0.002732793856456539
738,869,131,0.131,0.0015703985236862792
708,854,146,0.146,0.002269904129995112
722,861,139,0.139,0.0024946357351501975
714,857,143,0.143,0.0018248529548021964
776,888,112,0.112,0.0017858321547545302
732,866,134,0.134,0.0015771246287341824
656,828,172,0.172,0.0018763664447598387
676,838,162,0.162,0.0023393949856450433
708,854,146,0.146,0.0034012357627006082
700,850,150,0.15,0.0022747553341781954
700,850,150,0.15,0.003044687864273513
746,873,127,0.127,0.0027583286597604798
770,885,115,0.115,0.0026511913419852533
742,871,129,0.129,0.004354566861718567
726,863,137,0.137,0.0029693639054619468
812,906,94,0.094,0.0033151067365815123
700,850,150,0.15,0.002943333032896163
704,852,148,0.148,0.0030395019867852967
752,876,124,0.124,0.0028084904233416524
720,860,140,0.14,0.003820181346023986
704,852,148,0.148,0.0023289935131449225
716,858,142,0.142,0.0033479948058820243
696,848,152,0.152,0.002829622953805341
732,866,134,0.134,0.005164085039131095
670,835,165,0.165,0.006071485332949578
710,855,145,0.145,0.004870127556531671
766,883,117,0.117,0.003398223345750338
746,873,127,0.127,0.003855924790845393
712,856,144,0.144,0.00373133683775427
728,864,136,0.136,0.002932127399166646
746,873,127,0.127,0.0029723047314029714
706,853,147,0.147,0.0022864383576559535
744,872,128,0.128,0.0032273978973163366
776,888,112,0.112,0.00274598794570052
740,870,130,0.13,0.0016017354272003673
718,859,141,0.141,0.0025196766946316983
766,883,117,0.117,0.003639303484139958
780,890,110,0.11,0.0018820183714830137
726,863,137,0.137,0.00410127201370463
720,860,140,0.14,0.003215310321870433
770,885,115,0.115,0.003723340506876937
732,866,134,0.134,0.0032194352110853685
746,873,127,0.127,0.004011886005367586
754,877,123,0.123,0.003952156073453565
736,868,132,0.132,0.0034484634338554656
736,868,132,0.132,0.004485074592958071
714,857,143,0.143,0.003453977026918821
776,888,112,0.112,0.0037954445053808854
718,859,141,0.141,0.006116931162881656
690,845,155,0.155,0.004616628342379499
732,866,134,0.134,0.005534760370781839
764,882,118,0.118,0.005698823748228278
726,863,137,0.137,0.006077101800458635
742,871,129,0.129,0.005225288363085496
716,858,142,0.142,0.007102826312018252
730,865,135,0.135,0.007257570307647711
742,871,129,0.129,0.006760234174838388
720,860,140,0.14,0.007799812511230471
738,869,131,0.131,0.00713866423989839
738,869,131,0.131,0.006999579487749543
700,850,150,0.15,0.005922238642898336
802,901,99,0.099,0.008694356962806012
738,869,131,0.131,0.008860520606337786
702,851,149,0.149,0.005340910648410045
738,869,131,0.131,0.007669780770856335
802,901,99,0.099,0.007017852585238075
768,884,116,0.116,0.007427182216227721
702,851,149,0.149,0.006103775784236433
744,872,128,0.128,0.0074992981684958975
730,865,135,0.135,0.004620090513232782
744,872,128,0.128,0.0064433198375184585
754,877,123,0.123,0.005320073417496801
682,841,159,0.159,0.006225450990841409
732,866,134,0.134,0.005919722915220092
670,835,165,0.165,0.009238537277251567
740,870,130,0.13,0.007567534495707605
738,869,131,0.131,0.006651583381744217
672,836,164,0.164,0.008829510856892285
828,914,86,0.086,0.009674339388276167
736,868,132,0.132,0.00971043897181434
710,855,145,0.145,0.008034153518345646
724,862,138,0.138,0.010197669620788474
710,855,145,0.145,0.0068019663693410165
722,861,139,0.139,0.01055007708515666
756,878,122,0.122,0.006788455774245108
748,874,126,0.126,0.008621172408437645
760,880,120,0.12,0.005111503990236884
724,862,138,0.138,0.0046252184281909475
776,888,112,0.112,0.007670307635633435
744,872,128,0.128,0.007122438306915569
734,867,133,0.133,0.0071015199643604775
732,866,134,0.134,0.00804310335414516
722,861,139,0.139,0.00853235103974157
676,838,162,0.162,0.008815141468310117
746,873,127,0.127,0.013604282121144933
748,874,126,0.126,0.012024071154384728
692,846,154,0.154,0.014203870523453588
728,864,136,0.136,0.013329793170912126
768,884,116,0.116,0.011689701656237048
730,865,135,0.135,0.0123862618091307
706,853,147,0.147,0.015260963502124468
756,878,122,0.122,0.01497191984078563
752,876,124,0.124,0.011625774229031664
752,876,124,0.124,0.014024862675214536
714,857,143,0.143,0.012768284342984089
718,859,141,0.141,0.014088094031348874
730,865,135,0.135,0.014036078288016143
714,857,143,0.143,0.015229070429670174
772,886,114,0.114,0.01480978045153006
770,885,115,0.115,0.01798452945570534
780,890,110,0.11,0.016060714653181093
718,859,141,0.141,0.0175782758750629
778,889,111,0.111,0.014662795265494424
734,867,133,0.133,0.01858083941471341
686,843,157,0.157,0.016904078816023686
790,895,105,0.105,0.021610813183298886
714,857,143,0.143,0.02323408631991515
706,853,147,0.147,0.02142695201364404
750,875,125,0.125,0.021412697592395488
778,889,111,0.111,0.016806294234615052
742,871,129,0.129,0.018518435939251503
742,871,129,0.129,0.01873927558143828
764,882,118,0.118,0.021793731358622608
766,883,117,0.117,0.0171077480271706
682,841,159,0.159,0.01570715568747255
778,889,111,0.111,0.019085042596168934
744,872,128,0.128,0.02791529644675029
732,866,134,0.134,0.025916238696525398
718,859,141,0.141,0.024303366568936325
716,858,142,0.142,0.02256901031752932
750,875,125,0.125,0.0248462516912914
754,877,123,0.123,0.028867813926264717
770,885,115,0.115,0.027819964644302673
738,869,131,0.131,0.026805248925551497
678,839,161,0.161,0.026210616910313546
748,874,126,0.126,0.024376707053452264
668,834,166,0.166,0.02488066761148002
716,858,142,0.142,0.02630463789041096
720,860,140,0.14,0.02786992129391365
708,854,146,0.146,0.028377130933120498
730,865,135,0.135,0.03235123056126758
742,871,129,0.129,0.03374436270121078
702,851,149,0.149,0.034716213794919897
666,833,167,0.167,0.03308629549466423
738,869,131,0.131,0.03500438998056052
734,867,133,0.133,0.035701453411385954
764,882,118,0.118,0.03716593856205873
744,872,128,0.128,0.042191157656750876
746,873,127,0.127,0.03317428537188243
784,892,108,0.108,0.03897403400836629
682,841,159,0.159,0.04121295688673854
734,867,133,0.133,0.03835231335069693
792,896,104,0.104,0.039301303862885106
726,863,137,0.137,0.032057131564972224
812,906,94,0.094,0.03530566688727049
718,859,141,0.141,0.03547635281876137
744,872,128,0.128,0.03294201561808586
768,884,116,0.116,0.037947403112317264
754,877,123,0.123,0.03967045108095044
706,853,147,0.147,0.03339826147077838
718,859,141,0.141,0.036753075055166846
736,868,132,0.132,0.034791313795104487
704,852,148,0.148,0.031732265653656215
746,873,127,0.127,0.03299715307346196
724,862,138,0.138,0.04127719679315487
704,852,148,0.148,0.03673548936261795
670,835,165,0.165,0.0367986640757299
746,873,127,0.127,0.035356895790740965
762,881,119,0.119,0.03714064178333501
702,851,149,0.149,0.04527775224391371
738,869,131,0.131,0.03953417555879969
746,873,127,0.127,0.042771020444182795
692,846,154,0.154,0.044381242829811526
684,842,158,0.158,0.04684262447130459
776,888,112,0.112,0.044584943458932685
742,871,129,0.129,0.04768356071287417
728,864,136,0.136,0.04781819969422941
752,876,124,0.124,0.047682302660221464
678,839,161,0.161,0.045617129015561655
714,857,143,0.143,0.039038788529345766
756,878,122,0.122,0.045959936728628234
764,882,118,0.118,0.044833374453446595
732,866,134,0.134,0.03681900781963486
724,862,138,0.138,0.03622004522241696
674,837,163,0.163,0.038829395551292695
726,863,137,0.137,0.0350493619460758
740,870,130,0.13,0.03822698455789941
776,888,112,0.112,0.03777142736825408
742,871,129,0.129,0.03886571375345375
744,872,128,0.128,0.03752864186940132
746,873,127,0.127,0.038120806439212174
738,869,131,0.131,0.033458582401101014
744,872,128,0.128,0.030544718965844368
768,884,116,0.116,0.03079817624761199
748,874,126,0.126,0.028326336957121383
672,836,164,0.164,0.031998324785861766
726,863,137,0.137,0.030444790212422957
724,862,138,0.138,0.03502259042514197
714,857,143,0.143,0.03016370611077218
760,880,120,0.12,0.03140452639520663
742,871,129,0.129,0.031766688122123014
730,865,135,0.135,0.03497529919797671
740,870,130,0.13,0.03341763569090108
752,876,124,0.124,0.0371413771994994
722,861,139,0.139,0.031078356597994572
702,851,149,0.149,0.027222879249377
694,847,153,0.153,0.029871491661077016
746,873,127,0.127,0.02697144278513724
722,861,139,0.139,0.02521732422837158
766,883,117,0.117,0.018190747656029998
744,872,128,0.128,0.01796403294321044
756,878,122,0.122,0.01376928388070337
732,866,134,0.134,0.011772684710421942
718,859,141,0.141,0.015687267510782702
720,860,140,0.14,0.013887444398473236
754,877,123,0.123,0.013314963533831475
746,873,127,0.127,0.01698002703236307
664,832,168,0.168,0.02038567690706674
728,864,136,0.136,0.017023057451831847
736,868,132,0.132,0.01724437835282697
748,874,126,0.126,0.019016839407498536
718,859,141,0.141,0.01871857674741932
730,865,135,0.135,0.018857295208683355
722,861,139,0.139,0.018767042040981324
718,859,141,0.141,0.016526132971968765
726,863,137,0.137,0.019805157249522382
744,872,128,0.128,0.017834950596741693
726,863,137,0.137,0.018179614881866656
678,839,161,0.161,0.018615198154956943
744,872,128,0.128,0.015052639938916399
720,860,140,0.14,0.027550167921708633
742,871,129,0.129,0.02413287645544915
746,873,127,0.127,0.023581985313991027
750,875,125,0.125,0.02264973636749346
750,875,125,0.125,0.01955837821352361
726,863,137,0.137,0.01744903769649727
702,851,149,0.149,0.018947192881074444
710,855,145,0.145,0.01623890242377638
750,875,125,0.125,0.01945338592693588
754,877,123,0.123,0.017655203799839227
710,855,145,0.145,0.01970596318587559
712,856,144,0.144,0.018680884090915697
728,864,136,0.136,0.01631249863546441
726,863,137,0.137,0.01908520771529379
722,861,139,0.139,0.01620180122266538
746,873,127,0.127,0.015409982912184034
692,846,154,0.154,0.014002350651873711
750,875,125,0.125,0.013955760990849286
656,828,172,0.172,0.014034383853148938
742,871,129,0.129,0.012492217816628681
780,890,110,0.11,0.014601358333385179
760,880,120,0.12,0.01109065544298528
708,854,146,0.146,0.012357385794408628
730,865,135,0.135,0.009409968055142598
762,881,119,0.119,0.009936546317289071
708,854,146,0.146,0.008790417545755077
750,875,125,0.125,0.00867723313000988
718,859,141,0.141,0.008963343214805491
770,885,115,0.115,0.007470459363176758
678,839,161,0.161,0.009464804618364724
716,858,142,0.142,0.009100997353885759
738,869,131,0.131,0.009258996815980424
708,854,146,0.146,0.010053585195512141
704,852,148,0.148,0.011517915195218166
716,858,142,0.142,0.011369695831117951
738,869,131,0.131,0.009602175783114944
698,849,151,0.151,0.011303995710150502
752,876,124,0.124,0.010740779999897768
742,871,129,0.129,0.010897332622093928
756,878,122,0.122,0.015173620752855641
752,876,124,0.124,0.02027794999059188
712,856,144,0.144,0.021610970010995517
722,861,139,0.139,0.017032084231977933
774,887,113,0.113,0.019316204019349244
698,849,151,0.151,0.017258794568506347
756,878,122,0.122,0.011590106641386228
744,872,128,0.128,0.0123883348626523
732,866,134,0.134,0.011629598073533089
696,848,152,0.152,0.008801215693544919
728,864,136,0.136,0.009037178807602473
734,867,133,0.133,0.007616888040599037
688,844,156,0.156,0.007979609047598046
754,877,123,0.123,0.01571108501474737
748,874,126,0.126,0.012353895590929824
746,873,127,0.127,0.015550740877424687
700,850,150,0.15,0.014055269184623626
748,874,126,0.126,0.016908100673011177
724,862,138,0.138,0.013530794302519553
716,858,142,0.142,0.01603315897486732
754,877,123,0.123,0.019862893022327625
730,865,135,0.135,0.015583721339902695
698,849,151,0.151,0.014725955275469573
702,851,149,0.149,0.013419419656877835
736,868,132,0.132,0.019055089571394093
714,857,143,0.143,0.01531031411270942
738,869,131,0.131,0.015383880964880518
704,852,148,0.148,0.01497100894479081
776,888,112,0.112,0.017627350555478188
710,855,145,0.145,0.02051620401960042
746,873,127,0.127,0.023357388887258027
714,857,143,0.143,0.01953881752170855
704,852,148,0.148,0.021903376846075844
702,851,149,0.149,0.021721968241159628
722,861,139,0.139,0.025611295236043587
694,847,153,0.153,0.02397733409727516
742,871,129,0.129,0.030125681638369314
682,841,159,0.159,0.024941194325823743
722,861,139,0.139,0.028319604841777618
728,864,136,0.136,0.025713499386682086
738,869,131,0.131,0.02833599877323286
750,875,125,0.125,0.030812163287366273
734,867,133,0.133,0.034044648606235565
730,865,135,0.135,0.03647919862929848
728,864,136,0.136,0.03638222433547344
746,873,127,0.127,0.03342178805290314
762,881,119,0.119,0.03255099666729802
762,881,119,0.119,0.024523281585039514
694,847,153,0.153,0.030362944557236916
752,876,124,0.124,0.0393718650477349
718,859,141,0.141,0.03044749908932863
752,876,124,0.124,0.033625402073506845
744,872,128,0.128,0.03089930673647905
746,873,127,0.127,0.03287967537500663
782,891,109,0.109,0.038695327352397724
674,837,163,0.163,0.037020034917321025
712,856,144,0.144,0.034796045325274465
732,866,134,0.134,0.0353336439972627
710,855,145,0.145,0.03678868062079709
732,866,134,0.134,0.03173973851259507
748,874,126,0.126,0.03217006338781721
784,892,108,0.108,0.0337619267659029
778,889,111,0.111,0.02866728472811519
726,863,137,0.137,0.025499096544219356
732,866,134,0.134,0.03391877183280303
726,863,137,0.137,0.03281169567411416
728,864,136,0.136,0.0317394015842001
722,861,139,0.139,0.03236176553941914
706,853,147,0.147,0.033283226124454814
768,884,116,0.116,0.03758260074039572
726,863,137,0.137,0.041121815550897736
756,878,122,0.122,0.03520443981730204
658,829,171,0.171,0.047316992403008046
758,879,121,0.121,0.0482994920387282
708,854,146,0.146,0.05496964061475592
732,866,134,0.134,0.06287947892525698
754,877,123,0.123,0.05553191176761175
724,862,138,0.138,0.07245822404581122
692,846,154,0.154,0.07437937561899889
758,879,121,0.121,0.07650832321633061
768,884,116,0.116,0.0761067222787533
778,889,111,0.111,0.07574040769407293
722,861,139,0.139,0.0643586312122643
654,827,173,0.173,0.05877662630795385
726,863,137,0.137,0.05397306471641059
728,864,136,0.136,0.04227565585580305
774,887,113,0.113,0.03867511194249892
734,867,133,0.133,0.03367426810108009
694,847,153,0.153,0.036838565306155945
746,873,127,0.127,0.040320633816168995
716,858,142,0.142,0.045062382623902525
728,864,136,0.136,0.054345571520214436
770,885,115,0.115,0.05745567089680117
690,845,155,0.155,0.05684857452020515
716,858,142,0.142,0.052295394640997986
704,852,148,0.148,0.04901892186018813
752,876,124,0.124,0.03412955899912049
724,862,138,0.138,0.03870369953327463
700,850,150,0.15,0.039253316054921016
708,854,146,0.146,0.03879643598858092
702,851,149,0.149,0.033591006497008497
726,863,137,0.137,0.04145621357724304
672,836,164,0.164,0.04593566934549017
710,855,145,0.145,0.040804816934862174
660,830,170,0.17,0.04678063931673023
704,852,148,0.148,0.04845584011776373
758,879,121,0.121,0.05836315119432402
688,844,156,0.156,0.06101543232699623
708,854,146,0.146,0.05389948342530988
710,855,145,0.145,0.06433144326973707
710,855,145,0.145,0.0618030351777561
704,852,148,0.148,0.059233723818208094
718,859,141,0.141,0.05304771797289141
678,839,161,0.161,0.054857838076073674
650,825,175,0.175,0.05428558931406587
772,886,114,0.114,0.048993738890014356
732,866,134,0.134,0.0532542740810859
730,865,135,0.135,0.051615679028327574
728,864,136,0.136,0.05152787081454881
734,867,133,0.133,0.04839129874214996
730,865,135,0.135,0.057643476256460414
766,883,117,0.117,0.05635652326379204
720,860,140,0.14,0.06317756527941674
750,875,125,0.125,0.06048633372463519
704,852,148,0.148,0.05637141937122215
720,860,140,0.14,0.059703596078661575
800,900,100,0.1,0.05610508374532219
780,890,110,0.11,0.054666588516382036
786,893,107,0.107,0.05685888993003755
706,853,147,0.147,0.049772311285079925
710,855,145,0.145,0.051649307096318806
758,879,121,0.121,0.04310083997322363
768,884,116,0.116,0.05279038342720014
716,858,142,0.142,0.04778028775611892
712,856,144,0.144,0.04006409364935826
766,883,117,0.117,0.03815888814564096
728,864,136,0.136,0.03430611596512608
766,883,117,0.117,0.03243513673756388
760,880,120,0.12,0.02840773813087526
706,853,147,0.147,0.028387055784187397
786,893,107,0.107,0.027192811079228704
696,848,152,0.152,0.021570784407915197
738,869,131,0.131,0.025558556349637003
784,892,108,0.108,0.02835480958795233
760,880,120,0.12,0.031774758475758065
706,853,147,0.147,0.03700806092505809
696,848,152,0.152,0.04178906287891732
674,837,163,0.163,0.042755494861281475
748,874,126,0.126,0.035838398144180245
684,842,158,0.158,0.03585939369193511
702,851,149,0.149,0.042565108507988045
718,859,141,0.141,0.028536328844260425
762,881,119,0.119,0.027193562445569114
670,835,165,0.165,0.022486838440421708
734,867,133,0.133,0.023348453692047768
728,864,136,0.136,0.017680701173813075
750,875,125,0.125,0.01851064521797525
670,835,165,0.165,0.017388175557513024
714,857,143,0.143,0.018183251790829674
712,856,144,0.144,0.016058805292284886
746,873,127,0.127,0.018027997924400553
692,846,154,0.154,0.01817619466274482
716,858,142,0.142,0.025447201880408103
730,865,135,0.135,0.02084640503384435
646,823,177,0.177,0.01961923878228117
716,858,142,0.142,0.023233976808329317
736,868,132,0.132,0.024774353758810323
756,878,122,0.122,0.023519075143252847
724,862,138,0.138,0.02603439770170371
682,841,159,0.159,0.02250106914909702
788,894,106,0.106,0.020904448864726873
748,874,126,0.126,0.02290875447930739
734,867,133,0.133,0.015524137942597008
714,857,143,0.143,0.016160529641115317
660,830,170,0.17,0.02050339695788807
720,860,140,0.14,0.016482166487825453
756,878,122,0.122,0.018556428405936458
728,864,136,0.136,0.01644313248389517
718,859,141,0.141,0.020976724777421622
710,855,145,0.145,0.019909185279004305
774,887,113,0.113,0.01764832247403683
736,868,132,0.132,0.023176545645852458
728,864,136,0.136,0.02432088595538562
746,873,127,0.127,0.016773277381118532
718,859,141,0.141,0.017428404408834468
764,882,118,0.118,0.017106390227883822
696,848,152,0.152,0.016141226022143202
688,844,156,0.156,0.01604945594783146
738,869,131,0.131,0.01517985211294763
704,852,148,0.148,0.01680508468599237
720,860,140,0.14,0.01281076155988893
794,897,103,0.103,0.011730243753565446
776,888,112,0.112,0.01515739253366155
758,879,121,0.121,0.01454912546444757
734,867,133,0.133,0.014920216084865387
710,855,145,0.145,0.011443601271159422
738,869,131,0.131,0.015451121181507575
666,833,167,0.167,0.015651472375482627
774,887,113,0.113,0.01567162934186854
722,861,139,0.139,0.01610679358816742
730,865,135,0.135,0.01526248871270127
734,867,133,0.133,0.015178619842699845
678,839,161,0.161,0.016464815111736242
736,868,132,0.132,0.014677833657988231
746,873,127,0.127,0.016685029049600418
718,859,141,0.141,0.011560177250619518
698,849,151,0.151,0.013423704168239965
708,854,146,0.146,0.012019834785573039
736,868,132,0.132,0.01526790380648481
730,865,135,0.135,0.011812745111230014
734,867,133,0.133,0.012206182649992115
686,843,157,0.157,0.01138678574135315
702,851,149,0.149,0.013710804098045627
734,867,133,0.133,0.015327256967411813
778,889,111,0.111,0.016122206833555537
712,856,144,0.144,0.016232205959957356
768,884,116,0.116,0.013463167198086013
736,868,132,0.132,0.010852749436429804
708,854,146,0.146,0.011276079025637046
728,864,136,0.136,0.010012780897121501
746,873,127,0.127,0.008400913293570284
684,842,158,0.158,0.007426838994019818
708,854,146,0.146,0.007858146227149063
684,842,158,0.158,0.008519632900772763
734,867,133,0.133,0.009847576037503131
776,888,112,0.112,0.009370066127840233
746,873,127,0.127,0.010451605772215317
776,888,112,0.112,0.010891213253009482
718,859,141,0.141,0.008863515435532463
718,859,141,0.141,0.012966268438667612
732,866,134,0.134,0.012793647927012899
784,892,108,0.108,0.01100389802507243
730,865,135,0.135,0.011952845486455772
762,881,119,0.119,0.01165481061090577
760,880,120,0.12,0.010478487243049017
692,846,154,0.154,0.008619429317849267
742,871,129,0.129,0.007980193979748038
704,852,148,0.148,0.009671030978793169
702,851,149,0.149,0.008138560586461608
702,851,149,0.149,0.010454696970419718
790,895,105,0.105,0.011410386562894928
714,857,143,0.143,0.01149405942712201
788,894,106,0.106,0.010586262256434565
740,870,130,0.13,0.00992667630761025
718,859,141,0.141,0.011668390820476816
660,830,170,0.17,0.009210000174414744
748,874,126,0.126,0.007392712173114887
720,860,140,0.14,0.00800439311283526
762,881,119,0.119,0.009923580764525469
722,861,139,0.139,0.008159859819311804
736,868,132,0.132,0.009433484768006338
680,840,160,0.16,0.009764256829286751
714,857,143,0.143,0.009013430568770218
752,876,124,0.124,0.00894255801802501
714,857,143,0.143,0.008515676080052572
736,868,132,0.132,0.008226866531322685
672,836,164,0.164,0.009222916407175943
730,865,135,0.135,0.007745200868263964
732,866,134,0.134,0.006608535286944971
698,849,151,0.151,0.00806740499419584
774,887,113,0.113,0.008103663559682672
742,871,129,0.129,0.00552183924066037
744,872,128,0.128,0.006045051436418078
738,869,131,0.131,0.00609723428700272
752,876,124,0.124,0.0048684701205071405
756,878,122,0.122,0.005133525176009854
768,884,116,0.116,0.0069372993367926485
724,862,138,0.138,0.0066309535174450505
732,866,134,0.134,0.006009965252499001
766,883,117,0.117,0.006327572664575655
778,889,111,0.111,0.007311811225722124
742,871,129,0.129,0.005590787509523125
782,891,109,0.109,0.00367643579288432
698,849,151,0.151,0.00442662459276201
754,877,123,0.123,0.003470571298863945
772,886,114,0.114,0.003584321365863616
744,872,128,0.128,0.004506699401749756
670,835,165,0.165,0.004801603213151338
796,898,102,0.102,0.0045807221937545104
714,857,143,0.143,0.004857898556954752
728,864,136,0.136,0.005175020355763536
724,862,138,0.138,0.00543314154041883
746,873,127,0.127,0.005756967649613046
750,875,125,0.125,0.008840604677416194
742,871,129,0.129,0.007241301203551302
768,884,116,0.116,0.00914027437832192
708,854,146,0.146,0.007983572428602202
726,863,137,0.137,0.007379605243959077
764,882,118,0.118,0.006225254173933081
748,874,126,0.126,0.005237702960330126
760,880,120,0.12,0.0051095863073377925
734,867,133,0.133,0.004615404152085517
718,859,141,0.141,0.004857881793853835
690,845,155,0.155,0.0044115582861434174
754,877,123,0.123,0.0050540292030468665
660,830,170,0.17,0.0047529747762384885
770,885,115,0.115,0.005856751695628986
740,870,130,0.13,0.006693455409044418
716,858,142,0.142,0.007343562647408931
772,886,114,0.114,0.008670932279141197
774,887,113,0.113,0.009960872499489596
774,887,113,0.113,0.008395366631819343
718,859,141,0.141,0.010408932793572603
692,846,154,0.154,0.008442511655545331
768,884,116,0.116,0.007087790887277634
736,868,132,0.132,0.00689062827317889
790,895,105,0.105,0.004922313539065726
672,836,164,0.164,0.003907261261721032
748,874,126,0.126,0.005442064173579183
740,870,130,0.13,0.004232720066882521
706,853,147,0.147,0.0038896235746524324
704,852,148,0.148,0.0051874223553342634
684,842,158,0.158,0.005378207052384142
776,888,112,0.112,0.009198298228760905
774,887,113,0.113,0.008611790774415568
726,863,137,0.137,0.008431148961123654
728,864,136,0.136,0.009355164570898524
718,859,141,0.141,0.010386281166935078
758,879,121,0.121,0.008716678027107265
692,846,154,0.154,0.00779942879563896
740,870,130,0.13,0.00959552283584958
726,863,137,0.137,0.009084172132859749
798,899,101,0.101,0.007402565294948999
708,854,146,0.146,0.007048997556246946
674,837,163,0.163,0.007254317339951967
752,876,124,0.124,0.006942593262682749
724,862,138,0.138,0.007002040634234163
720,860,140,0.14,0.005873502615886992
764,882,118,0.118,0.006329176865498084
726,863,137,0.137,0.00590881683590851
758,879,121,0.121,0.005097343772483327
740,870,130,0.13,0.00535556062488655
676,838,162,0.162,0.0058307173677294485
760,880,120,0.12,0.004248012832730296
756,878,122,0.122,0.005179720928682116
726,863,137,0.137,0.0045784842446079214
718,859,141,0.141,0.003948444050538683
678,839,161,0.161,0.005533866753549773
746,873,127,0.127,0.005840930356843956
754,877,123,0.123,0.005925921415098855
706,853,147,0.147,0.004728743642967857
742,871,129,0.129,0.0068151807195481525
788,894,106,0.106,0.006508397162361689
716,858,142,0.142,0.00495815818845881
754,877,123,0.123,0.00565176867007358
790,895,105,0.105,0.004363838949781098
690,845,155,0.155,0.004417260200631062
790,895,105,0.105,0.00496305697917353
704,852,148,0.148,0.005288318352475472
690,845,155,0.155,0.005545857370580051
720,860,140,0.14,0.005714927716834041
766,883,117,0.117,0.005802347075858052
796,898,102,0.102,0.005763535409127144
706,853,147,0.147,0.006310107664605084
778,889,111,0.111,0.007080823842505197
754,877,123,0.123,0.005053331351296492
720,860,140,0.14,0.005733829842192563
702,851,149,0.149,0.004790776084023037
722,861,139,0.139,0.004627504499502862
750,875,125,0.125,0.004456827716309931
688,844,156,0.156,0.003990469722941612
682,841,159,0.159,0.004646946535312509
742,871,129,0.129,0.005968008010765971
714,857,143,0.143,0.006543404015057263
728,864,136,0.136,0.007283329553425574
716,858,142,0.142,0.007761088191540693
764,882,118,0.118,0.007844170177625528
702,851,149,0.149,0.00815489120958182
756,878,122,0.122,0.008332592381397263
656,828,172,0.172,0.007667813129717615
786,893,107,0.107,0.0068735637324693925
734,867,133,0.133,0.005995478489412562
716,858,142,0.142,0.004517371671002252
728,864,136,0.136,0.003304094934008532
752,876,124,0.124,0.00384731657358914
776,888,112,0.112,0.00392597444791582
750,875,125,0.125,0.003285748388700995
748,874,126,0.126,0.004224996998743677
714,857,143,0.143,0.004752247865981303
788,894,106,0.106,0.0076144181641140275
698,849,151,0.151,0.006685047903614077
734,867,133,0.133,0.005693124820007597
724,862,138,0.138,0.005867206242666725
748,874,126,0.126,0.010299384940872187
674,837,163,0.163,0.007037037224323285
696,848,152,0.152,0.005564763162099553
768,884,116,0.116,0.007700500563462356
692,846,154,0.154,0.007729764785040971
716,858,142,0.142,0.0071965951988822215
754,877,123,0.123,0.006738303074859686
764,882,118,0.118,0.006004256191295781
760,880,120,0.12,0.0055718787233386136
718,859,141,0.141,0.006568176743532604
684,842,158,0.158,0.0045438969956203435
694,847,153,0.153,0.005170218186483098
666,833,167,0.167,0.005468791390801925
726,863,137,0.137,0.006223592959614052
708,854,146,0.146,0.005284986034397662
774,887,113,0.113,0.00562552018444336
704,852,148,0.148,0.00781568020465579
744,872,128,0.128,0.009264902244052792
724,862,138,0.138,0.006973923915713385
722,861,139,0.139,0.007873935536725185
706,853,147,0.147,0.009166807797009823
718,859,141,0.141,0.008962101632772829
698,849,151,0.151,0.008204051264900045
742,871,129,0.129,0.009109553680617069
734,867,133,0.133,0.008980869661140787
772,886,114,0.114,0.006342643599877192
740,870,130,0.13,0.00766187281013299
732,866,134,0.134,0.004176886433510845
660,830,170,0.17,0.006027290196877402
668,834,166,0.166,0.0049722431549951126
734,867,133,0.133,0.004398183182745924
720,860,140,0.14,0.005202987695619413
744,872,128,0.128,0.007180551705484959
746,873,127,0.127,0.005740275012511119
724,862,138,0.138,0.007459122373461469
698,849,151,0.151,0.006187615557861136
742,871,129,0.129,0.006921142423276251
716,858,142,0.142,0.007337358012758159
742,871,129,0.129,0.006046663474627394
804,902,98,0.098,0.005741985132337049
756,878,122,0.122,0.005917664356617479
722,861,139,0.139,0.006019744116104107
756,878,122,0.122,0.005457046770185798
720,860,140,0.14,0.0051585474992311905
738,869,131,0.131,0.006342246652170161
706,853,147,0.147,0.006534066022268235
756,878,122,0.122,0.00711378671290322
750,875,125,0.125,0.005543566249034484
726,863,137,0.137,0.006289429147522242
736,868,132,0.132,0.006396714969124673
754,877,123,0.123,0.006531542042955152
744,872,128,0.128,0.005619701217552347
700,850,150,0.15,0.004672793433339962
678,839,161,0.161,0.005797923314156605
708,854,146,0.146,0.006158977971971581
728,864,136,0.136,0.00972022291243502
788,894,106,0.106,0.010626327303914877
752,876,124,0.124,0.011538374752839446
708,854,146,0.146,0.012244588324549568
730,865,135,0.135,0.010168661405712555
706,853,147,0.147,0.007591699049426097
770,885,115,0.115,0.004783013421607734
732,866,134,0.134,0.0050189532936983595
722,861,139,0.139,0.004294001482179965
746,873,127,0.127,0.005672954433313862
756,878,122,0.122,0.006517272317002153
704,852,148,0.148,0.0055811392168889145
692,846,154,0.154,0.00797009810965028
738,869,131,0.131,0.010202546084849018
690,845,155,0.155,0.011758895312159439
772,886,114,0.114,0.012243109172737604
752,876,124,0.124,0.011957965616551519
724,862,138,0.138,0.007903054168709787
712,856,144,0.144,0.00907253245454649
772,886,114,0.114,0.007126727732933858
752,876,124,0.124,0.006515597880207494
724,862,138,0.138,0.00653484053336797
730,865,135,0.135,0.006382112834025065
756,878,122,0.122,0.007272263489543547
794,897,103,0.103,0.005685966119654836
760,880,120,0.12,0.005713702217646926
716,858,142,0.142,0.007219896526245975
740,870,130,0.13,0.005634533952400929
722,861,139,0.139,0.006909985290501936
716,858,142,0.142,0.006044055306831069
744,872,128,0.128,0.008466048311267514
746,873,127,0.127,0.00796606865135982
762,881,119,0.119,0.00892150172725087
758,879,121,0.121,0.0069687185410352865
734,867,133,0.133,0.007911946302304386
732,866,134,0.134,0.00749122304179491
732,866,134,0.134,0.006925408787959895
726,863,137,0.137,0.005482003384255222
708,854,146,0.146,0.004770569353759015
708,854,146,0.146,0.005585528953002722
762,881,119,0.119,0.005769494246044815
746,873,127,0.127,0.00437895529487821
734,867,133,0.133,0.0052282278589314045
718,859,141,0.141,0.005085253160814318
770,885,115,0.115,0.005823330239061761
714,857,143,0.143,0.006529341441757538
736,868,132,0.132,0.007424017800597539
724,862,138,0.138,0.007902768679063229
704,852,148,0.148,0.0066167111626566
714,857,143,0.143,0.008075910404179012
736,868,132,0.132,0.007654708270367791
750,875,125,0.125,0.007467007532830394
716,858,142,0.142,0.00760059102097648
744,872,128,0.128,0.009010683931453968
702,851,149,0.149,0.007621036172029562
708,854,146,0.146,0.008701827401729133
718,859,141,0.141,0.008987000012152748
676,838,162,0.162,0.008764292582964118
754,877,123,0.123,0.007495580910833269
766,883,117,0.117,0.0061202027457657095
732,866,134,0.134,0.00572304112048596
734,867,133,0.133,0.006373374255887029
744,872,128,0.128,0.005761281808369858
730,865,135,0.135,0.00517295583913301
732,866,134,0.134,0.004845713536840606
718,859,141,0.141,0.006970386594434501
718,859,141,0.141,0.008648106312661184
732,866,134,0.134,0.007518521971909649
690,845,155,0.155,0.007920264439213497
738,869,131,0.131,0.006736631558760109
728,864,136,0.136,0.006276522603310241
724,862,138,0.138,0.004904603410479467
778,889,111,0.111,0.006124455502180354
744,872,128,0.128,0.004420573516961668
762,881,119,0.119,0.004830344622823532
732,866,134,0.134,0.004729570398872966
698,849,151,0.151,0.004921730997199575
738,869,131,0.131,0.0036765536484049334
726,863,137,0.137,0.00350996089689238
710,855,145,0.145,0.003577594436419503
734,867,133,0.133,0.0031751129640699674
718,859,141,0.141,0.0037998355529243783
706,853,147,0.147,0.004450456515060978
738,869,131,0.131,0.004670962158728798
734,867,133,0.133,0.004006410846966446
782,891,109,0.109,0.006709948526664448
698,849,151,0.151,0.005072366754355244
732,866,134,0.134,0.005849970378033845
752,876,124,0.124,0.00665741685005014
678,839,161,0.161,0.00607222843915406
750,875,125,0.125,0.005896853964314687
750,875,125,0.125,0.006195995353852595
692,846,154,0.154,0.006094648987188748
756,878,122,0.122,0.0034342671676170083
734,867,133,0.133,0.003753475347275753
720,860,140,0.14,0.0025953395358017132
692,846,154,0.154,0.0041934371769687855
782,891,109,0.109,0.003310533209964035
708,854,146,0.146,0.003965882521609458
788,894,106,0.106,0.0043664652819270485
726,863,137,0.137,0.00438607105084111
702,851,149,0.149,0.004837892437735718
746,873,127,0.127,0.005161959667626434
738,869,131,0.131,0.006230202385682788
718,859,141,0.141,0.0066447074902989695
724,862,138,0.138,0.006395429578516996
730,865,135,0.135,0.006823360426700674
720,860,140,0.14,0.0065915550150093625
768,884,116,0.116,0.006471676813711383
750,875,125,0.125,0.004141474735774864
744,872,128,0.128,0.004350358355660319
776,888,112,0.112,0.005359858179826006
698,849,151,0.151,0.0036852756439088807
740,870,130,0.13,0.002560756732696973
688,844,156,0.156,0.0030292923198806535
702,851,149,0.149,0.003177580454837198
696,848,152,0.152,0.0031337598567035344
702,851,149,0.149,0.004261930564774957
678,839,161,0.161,0.004375257723424056
684,842,158,0.158,0.004864509289963167
788,894,106,0.106,0.004876751866059749
698,849,151,0.151,0.005467586465376598
762,881,119,0.119,0.005620778097054426
778,889,111,0.111,0.005076356916419627
704,852,148,0.148,0.004989805186398371
726,863,137,0.137,0.003417516659776311
740,870,130,0.13,0.0027986306949279653
716,858,142,0.142,0.0032183812364218055
740,870,130,0.13,0.00314158998826683
746,873,127,0.127,0.0034717836429745148
682,841,159,0.159,0.004131278733573254
682,841,159,0.159,0.005268488818705919
710,855,145,0.145,0.005663484534656163
752,876,124,0.124,0.006554678659571437
666,833,167,0.167,0.006688111765204667
778,889,111,0.111,0.006612497068308585
700,850,150,0.15,0.005582964422424994
714,857,143,0.143,0.005684254087092995
688,844,156,0.156,0.004669203824557258
726,863,137,0.137,0.0036128742622950085
752,876,124,0.124,0.0036331086757001004
736,868,132,0.132,0.0033624163979284276
724,862,138,0.138,0.0028439219584697637
668,834,166,0.166,0.004074528503008878
688,844,156,0.156,0.0033211686875363284
750,875,125,0.125,0.005358693088796826
728,864,136,0.136,0.006457639927793935
680,840,160,0.16,0.007458186295705673
744,872,128,0.128,0.006775906534936439
728,864,136,0.136,0.006428643496660243
744,872,128,0.128,0.005544542266827193
720,860,140,0.14,0.004616249936851886
746,873,127,0.127,0.006202792505962861
702,851,149,0.149,0.003906870038090347
734,867,133,0.133,0.00418770343921949
732,866,134,0.134,0.0037428628341804144
746,873,127,0.127,0.004309341778029648
674,837,163,0.163,0.004790061322331894
778,889,111,0.111,0.004263443379912133
722,861,139,0.139,0.004102134693332119
728,864,136,0.136,0.003951713377406122
718,859,141,0.141,0.006123676727773273
748,874,126,0.126,0.005752006882872592
756,878,122,0.122,0.005829223579319432
738,869,131,0.131,0.0060247321746064696
730,865,135,0.135,0.004172446481497787
712,856,144,0.144,0.00391444472522744
714,857,143,0.143,0.004595758497013577
698,849,151,0.151,0.004082462154590758
680,840,160,0.16,0.004966456989706785
728,864,136,0.136,0.004685562798116223
700,850,150,0.15,0.004885398548805825
730,865,135,0.135,0.004365619509968383
778,889,111,0.111,0.004376381589714129
718,859,141,0.141,0.004369158443473452
700,850,150,0.15,0.004098184507573023
716,858,142,0.142,0.004898181706500509
784,892,108,0.108,0.004939376752864519
690,845,155,0.155,0.006307777806250669
696,848,152,0.152,0.005422969029952583
752,876,124,0.124,0.005344865352451279
710,855,145,0.145,0.005538793882500613
732,866,134,0.134,0.005376857221904174
728,864,136,0.136,0.005261631298793873
738,869,131,0.131,0.005629880222322754
704,852,148,0.148,0.005129343714521383
688,844,156,0.156,0.004564651692791813
758,879,121,0.121,0.00483080701488143
730,865,135,0.135,0.004964201107627559
720,860,140,0.14,0.0038443266344193035
748,874,126,0.126,0.0037198743664741585
736,868,132,0.132,0.0028542291654435415
708,854,146,0.146,0.004411866289616228
676,838,162,0.162,0.003612343269202029
708,854,146,0.146,0.0035908929530505704
716,858,142,0.142,0.0035506152774569272
758,879,121,0.121,0.004494254927283237
706,853,147,0.147,0.00526247171005889
716,858,142,0.142,0.004589622540022901
752,876,124,0.124,0.005491578619323263
720,860,140,0.14,0.005980483561098481
770,885,115,0.115,0.007246334709306666
732,866,134,0.134,0.007323035456087382
732,866,134,0.134,0.006002933089339194
694,847,153,0.153,0.00686652079446958
730,865,135,0.135,0.005599142400973506
738,869,131,0.131,0.00490041612760615
714,857,143,0.143,0.0057780854562674904
768,884,116,0.116,0.005993612091238902
814,907,93,0.093,0.006562637903529321
690,845,155,0.155,0.00644013735694898
702,851,149,0.149,0.007103543440854992
704,852,148,0.148,0.006028866941189336
752,876,124,0.124,0.005581339700853278
784,892,108,0.108,0.006136658703162538
758,879,121,0.121,0.005914589856532985
792,896,104,0.104,0.005412057844083392
736,868,132,0.132,0.005566584919855813
736,868,132,0.132,0.0061360955451955305
666,833,167,0.167,0.006971112351748161
768,884,116,0.116,0.007094822866634786
720,860,140,0.14,0.007596220468520187
696,848,152,0.152,0.007069935533883836
714,857,143,0.143,0.007295953667118738
742,871,129,0.129,0.006148031144111883
748,874,126,0.126,0.00526826382609579
736,868,132,0.132,0.005304452939839393
712,856,144,0.144,0.004908789601038734
714,857,143,0.143,0.004925500923176515
692,846,154,0.154,0.004068429343407388
730,865,135,0.135,0.003978614085468507
758,879,121,0.121,0.003170413483846232
742,871,129,0.129,0.003463763039655987
756,878,122,0.122,0.0035776103451755715
762,881,119,0.119,0.003984555755944711
706,853,147,0.147,0.003961027045172614
708,854,146,0.146,0.004663357346248404
728,864,136,0.136,0.007177614061292843
714,857,143,0.143,0.005643920019676443
760,880,120,0.12,0.006178999620164177
752,876,124,0.124,0.005538466499951028
718,859,141,0.141,0.003901374653385574
728,864,136,0.136,0.004439680128329201
722,861,139,0.139,0.004174943846135647
746,873,127,0.127,0.004048803196103109
730,865,135,0.135,0.0034845889739838183
712,856,144,0.144,0.004171652841998366
744,872,128,0.128,0.003858610301994304
770,885,115,0.115,0.00452569503900304
708,854,146,0.146,0.004544977447017345
754,877,123,0.123,0.004822285870774181
726,863,137,0.137,0.004367461727613773
764,882,118,0.118,0.004335491227140437
714,857,143,0.143,0.005479929634416294
736,868,132,0.132,0.0051582157293896674
694,847,153,0.153,0.005344717805572145
710,855,145,0.145,0.007236262462574814
750,875,125,0.125,0.009101488848304144
722,861,139,0.139,0.009540591740515083
700,850,150,0.15,0.007970628145209048
700,850,150,0.15,0.008540733515605097
754,877,123,0.123,0.006523890945434686
758,879,121,0.121,0.006459599573674495
716,858,142,0.142,0.0047165573427336085
662,831,169,0.169,0.004701651208225939
794,897,103,0.103,0.003906759691451953
760,880,120,0.12,0.004688041380783034
664,832,168,0.168,0.005450967221695464
686,843,157,0.157,0.004125739081595384
738,869,131,0.131,0.0058494220079555815
714,857,143,0.143,0.005720320442262164
722,861,139,0.139,0.0064583808609168045
750,875,125,0.125,0.006466708675294285
782,891,109,0.109,0.00687280353062306
742,871,129,0.129,0.007019088313918473
730,865,135,0.135,0.006256572861027962
770,885,115,0.115,0.005611052130563622
712,856,144,0.144,0.004445206298192943
736,868,132,0.132,0.003930503796414996
698,849,151,0.151,0.004721820401709465
766,883,117,0.117,0.004485625046943824
716,858,142,0.142,0.006083818469087419
758,879,121,0.121,0.0054475925247816125
750,875,125,0.125,0.005889757437729713
668,834,166,0.166,0.005878832150785456
692,846,154,0.154,0.008286326742752863
726,863,137,0.137,0.010591836684106057
720,860,140,0.14,0.012418612403072984
738,869,131,0.131,0.011315437087469037
734,867,133,0.133,0.009443930780894106
654,827,173,0.173,0.008690313498082105
760,880,120,0.12,0.005759178603594591
764,882,118,0.118,0.005246592613663325
744,872,128,0.128,0.00335342470659225
752,876,124,0.124,0.003485263450895218
744,872,128,0.128,0.003530720706939974
722,861,139,0.139,0.004067857062952953
738,869,131,0.131,0.0046447326285306186
702,851,149,0.149,0.005578935522444226
742,871,129,0.129,0.005912834294738787
702,851,149,0.149,0.006238046666548144
718,859,141,0.141,0.0059503884208115775
748,874,126,0.126,0.006005945733155386
692,846,154,0.154,0.007524782978900475
728,864,136,0.136,0.007245460891892435
758,879,121,0.121,0.007199513402876619
702,851,149,0.149,0.007220860861038091
708,854,146,0.146,0.007226867820737425
780,890,110,0.11,0.006417561280130031
772,886,114,0.114,0.0044202989413261095
750,875,125,0.125,0.005005098151512357
752,876,124,0.124,0.0027101129430620857
788,894,106,0.106,0.0026630894535668403
712,856,144,0.144,0.002604934949997187
726,863,137,0.137,0.00274133387908023
770,885,115,0.115,0.00381677020265397
724,862,138,0.138,0.003937446565214486
750,875,125,0.125,0.005108752485135483
720,860,140,0.14,0.004993775514667505
792,896,104,0.104,0.005308354486467578
724,862,138,0.138,0.005064746011456009
738,869,131,0.131,0.005912030785830211
762,881,119,0.119,0.005064597325526847
712,856,144,0.144,0.004566534790865262
738,869,131,0.131,0.004982644544194045
730,865,135,0.135,0.004681879312656065
710,855,145,0.145,0.003932379081372346
732,866,134,0.134,0.004051422921029371
698,849,151,0.151,0.0038867785267793806
746,873,127,0.127,0.003534121922182749
752,876,124,0.124,0.003765397954499349
696,848,152,0.152,0.004105618503734376
742,871,129,0.129,0.004414438466059892
778,889,111,0.111,0.004628898858180037
690,845,155,0.155,0.005268558034134912
672,836,164,0.164,0.005470220350016462
724,862,138,0.138,0.005142730750918418
728,864,136,0.136,0.005043795209454402
698,849,151,0.151,0.004424752360264393
742,871,129,0.129,0.0035121151040548282
756,878,122,0.122,0.0029260465714796738
740,870,130,0.13,0.0026989961000072073
748,874,126,0.126,0.0035754712563793875
728,864,136,0.136,0.0033485437718918545
720,860,140,0.14,0.0035807175085210475
744,872,128,0.128,0.004384893638945868
752,876,124,0.124,0.004150754876198335
750,875,125,0.125,0.004895004549794976
674,837,163,0.163,0.00508945112926267
696,848,152,0.152,0.005387063995680365
718,859,141,0.141,0.004945144187520782
784,892,108,0.108,0.004464434830181546
708,854,146,0.146,0.0037083706427537776
722,861,139,0.139,0.002984064495380608
694,847,153,0.153,0.003127749171017058
736,868,132,0.132,0.003992037156005608
722,861,139,0.139,0.004224697899159707
740,870,130,0.13,0.005479088263764424
702,851,149,0.149,0.004568088726548012
734,867,133,0.133,0.005441940541852091
694,847,153,0.153,0.004829309792830827
742,871,129,0.129,0.0037368055798688146
752,876,124,0.124,0.00403944155911995
724,862,138,0.138,0.002846654669285272
714,857,143,0.143,0.002306170085885242
740,870,130,0.13,0.0022973139518367132
706,853,147,0.147,0.0027183152010447882
778,889,111,0.111,0.004116862553792544
752,876,124,0.124,0.00405018057768757
734,867,133,0.133,0.005093489418461104
674,837,163,0.163,0.005102565115303151
732,866,134,0.134,0.0055687312441405085
730,865,135,0.135,0.005295154268309488
734,867,133,0.133,0.006031022726594529
754,877,123,0.123,0.004833788978874509
710,855,145,0.145,0.004979633081380598
776,888,112,0.112,0.004888794690104987
726,863,137,0.137,0.005066179845296574
682,841,159,0.159,0.004772532709066582
728,864,136,0.136,0.005166443717283983
656,828,172,0.172,0.005583460437574104
720,860,140,0.14,0.006415734940062976
752,876,124,0.124,0.005873855327743513
706,853,147,0.147,0.006821341429080348
728,864,136,0.136,0.007744931393346633
706,853,147,0.147,0.007490149915742222
726,863,137,0.137,0.007632771562057315
736,868,132,0.132,0.006809592787172733
742,871,129,0.129,0.006026190504660917
678,839,161,0.161,0.006084026447322685
748,874,126,0.126,0.005252245200184916
722,861,139,0.139,0.005584052022207288
696,848,152,0.152,0.005280238229810493
796,898,102,0.102,0.005012582929526616
698,849,151,0.151,0.00488179245768697
716,858,142,0.142,0.0048637944233278175
772,886,114,0.114,0.005206370348110795
680,840,160,0.16,0.006542001428235381
760,880,120,0.12,0.0072153372604225295
768,884,116,0.116,0.006935922691598534
744,872,128,0.128,0.007593511782710266
730,865,135,0.135,0.00650349696693047
768,884,116,0.116,0.006371913058392238
652,826,174,0.174,0.006149566381156547
714,857,143,0.143,0.006852957910174155
724,862,138,0.138,0.0062714741864365355
684,842,158,0.158,0.00715210275145364
682,841,159,0.159,0.006840836124426005
776,888,112,0.112,0.006219898424809798
816,908,92,0.092,0.006472793519792503
658,829,171,0.171,0.006652351677039405
738,869,131,0.131,0.0048729551071955935
778,889,111,0.111,0.005090037979737645
738,869,131,0.131,0.005165493783049897
698,849,151,0.151,0.005162585621335893
700,850,150,0.15,0.00623712063235871
720,860,140,0.14,0.005850025000643654
736,868,132,0.132,0.0067138530294505476
690,845,155,0.155,0.007098609603432123
746,873,127,0.127,0.007707456955453381
770,885,115,0.115,0.00663541282753431
738,869,131,0.131,0.006586916536674835
670,835,165,0.165,0.007238908125262242
756,878,122,0.122,0.0072799700174946335
712,856,144,0.144,0.007298840279516298
788,894,106,0.106,0.007273001987632597
766,883,117,0.117,0.008298108377559402
726,863,137,0.137,0.006758069904559306
758,879,121,0.121,0.00703030165938253
720,860,140,0.14,0.006328028632524365
678,839,161,0.161,0.005963426488950063
694,847,153,0.153,0.007249991452001268
752,876,124,0.124,0.006695983935176628
796,898,102,0.102,0.0069877391655682
744,872,128,0.128,0.006905843444568746
708,854,146,0.146,0.009362542344242684
724,862,138,0.138,0.009833528450428276
744,872,128,0.128,0.009078308205833309
676,838,162,0.162,0.009090985564806033
746,873,127,0.127,0.010664097261003917
696,848,152,0.152,0.012122011901868972
728,864,136,0.136,0.011221158016938716
746,873,127,0.127,0.010744410770174
672,836,164,0.164,0.009350720391594222
728,864,136,0.136,0.010308893466833979
732,866,134,0.134,0.010254842541035031
716,858,142,0.142,0.010413354616408469
728,864,136,0.136,0.012067037980537862
746,873,127,0.127,0.012060308723011986
732,866,134,0.134,0.011756523318821564
746,873,127,0.127,0.010647926474288397
792,896,104,0.104,0.008833856701279728
784,892,108,0.108,0.008159938051758218
742,871,129,0.129,0.007042514267086517
772,886,114,0.114,0.008102504944858082
700,850,150,0.15,0.011276758799052914
744,872,128,0.128,0.010936627264949494
680,840,160,0.16,0.011089355681557209
688,844,156,0.156,0.013236039665964199
696,848,152,0.152,0.014379411258967594
766,883,117,0.117,0.014323033725551795
708,854,146,0.146,0.014957510555774206
700,850,150,0.15,0.01582783797418233
684,842,158,0.158,0.017493417703692102
742,871,129,0.129,0.017029669244715478
694,847,153,0.153,0.018285733581637032
728,864,136,0.136,0.018577897100476547
710,855,145,0.145,0.021522926417615964
784,892,108,0.108,0.02421693258988671
704,852,148,0.148,0.02510744249340496
738,869,131,0.131,0.024028828117530793
814,907,93,0.093,0.022050323397153987
714,857,143,0.143,0.020427025100798347
728,864,136,0.136,0.021768085346906448
760,880,120,0.12,0.021784397489216643
724,862,138,0.138,0.01985548461822327
726,863,137,0.137,0.020726476816897047
740,870,130,0.13,0.0200623113810434
718,859,141,0.141,0.021711211383866613
738,869,131,0.131,0.025728232115739956
736,868,132,0.132,0.026465550818946214
714,857,143,0.143,0.024453454607049934
740,870,130,0.13,0.021335896184667944
758,879,121,0.121,0.01624396079959115
740,870,130,0.13,0.0163952382193238
734,867,133,0.133,0.015809901737957262
732,866,134,0.134,0.014330334364960435
784,892,108,0.108,0.012323237041244283
702,851,149,0.149,0.011429952302394669
722,861,139,0.139,0.011677960965840612
742,871,129,0.129,0.011426328529487363
742,871,129,0.129,0.011727288074835087
686,843,157,0.157,0.011741517114482122
726,863,137,0.137,0.013870731219649315
650,825,175,0.175,0.01689153818090563
728,864,136,0.136,0.020138840494211763
790,895,105,0.105,0.018900213943445123
744,872,128,0.128,0.021711066035728435
636,818,182,0.182,0.02242778131843079
688,844,156,0.156,0.021270074714004297
732,866,134,0.134,0.020571209340472706
738,869,131,0.131,0.01867993063631002
722,861,139,0.139,0.018584688559523783
772,886,114,0.114,0.015827856476396847
764,882,118,0.118,0.016638278545287905
756,878,122,0.122,0.01580787142011104
700,850,150,0.15,0.016721135157567915
710,855,145,0.145,0.01687759448523866
700,850,150,0.15,0.018049156107430464
686,843,157,0.157,0.017887417501187882
714,857,143,0.143,0.019084929981501773
762,881,119,0.119,0.024643174008931963
704,852,148,0.148,0.028040008300449698
744,872,128,0.128,0.028713848797837272
704,852,148,0.148,0.030086180324782618
774,887,113,0.113,0.02252132555114804
800,900,100,0.1,0.02145513105124701
740,870,130,0.13,0.01692242096803966
684,842,158,0.158,0.018357918954847265
752,876,124,0.124,0.0148078595612169
728,864,136,0.136,0.017597791701264215
754,877,123,0.123,0.020412204748776277
734,867,133,0.133,0.021975907558517065
758,879,121,0.121,0.031285681934678
732,866,134,0.134,0.03212388707831269
688,844,156,0.156,0.03129837034828961
714,857,143,0.143,0.029218836482148618
666,833,167,0.167,0.029015690037515016
738,869,131,0.131,0.025447800382506103
718,859,141,0.141,0.02512828768067993
740,870,130,0.13,0.025088938413886354
728,864,136,0.136,0.019845989691093566
716,858,142,0.142,0.01835024528449867
756,878,122,0.122,0.018285641461989143
654,827,173,0.173,0.01909699909517076
704,852,148,0.148,0.019641827256709803
698,849,151,0.151,0.020748913625837303
706,853,147,0.147,0.018232801672071218
750,875,125,0.125,0.018587733433872926
722,861,139,0.139,0.01396976295154309
790,895,105,0.105,0.013441980850679101
674,837,163,0.163,0.01230272891977802
744,872,128,0.128,0.01281319199722202
736,868,132,0.132,0.012656697625934611
756,878,122,0.122,0.013729450101149268
682,841,159,0.159,0.015254585833405145
754,877,123,0.123,0.014324100336118136
722,861,139,0.139,0.017807007194147444
736,868,132,0.132,0.017045613811234945
730,865,135,0.135,0.01699753954494372
730,865,135,0.135,0.015027514920162502
792,896,104,0.104,0.013361374726364374
736,868,132,0.132,0.014604540497413837
718,859,141,0.141,0.016548187743057496
748,874,126,0.126,0.015231552236422431
724,862,138,0.138,0.01616187297538272
740,870,130,0.13,0.01715709042927483
736,868,132,0.132,0.018874258366879077
750,875,125,0.125,0.01800562235468533
768,884,116,0.116,0.019054694025835487
718,859,141,0.141,0.018558890959451672
708,854,146,0.146,0.016378899215254934
756,878,122,0.122,0.015828093796793837
766,883,117,0.117,0.013665613995894091
772,886,114,0.114,0.013911664070619736
722,861,139,0.139,0.012541471566350083
738,869,131,0.131,0.01311984491784824
722,861,139,0.139,0.014375315000244882
760,880,120,0.12,0.014538026054739021
710,855,145,0.145,0.01665923942392692
704,852,148,0.148,0.015925192530674395
692,846,154,0.154,0.0178950807005167
730,865,135,0.135,0.01653324855910614
756,878,122,0.122,0.01645200535841286
728,864,136,0.136,0.016028304896084592
706,853,147,0.147,0.015984950293786823
716,858,142,0.142,0.0163145079499227
726,863,137,0.137,0.01710003742389381
744,872,128,0.128,0.018188498116564006
774,887,113,0.113,0.017413013942103133
728,864,136,0.136,0.015611131112964359
756,878,122,0.122,0.01198662214853539
718,859,141,0.141,0.012611326430371264
732,866,134,0.134,0.012272886878447025
768,884,116,0.116,0.012660609995611595
804,902,98,0.098,0.01367880277929362
686,843,157,0.157,0.014978747178043704
750,875,125,0.125,0.01970092818629928
722,861,139,0.139,0.01837934044818394
780,890,110,0.11,0.017012232593842783
736,868,132,0.132,0.016821771849150537
788,894,106,0.106,0.01301132748046075
736,868,132,0.132,0.01439440352784004
738,869,131,0.131,0.014638841852894983
708,854,146,0.146,0.01748394932260271
704,852,148,0.148,0.021233580925385468
784,892,108,0.108,0.02039801033650292
788,894,106,0.106,0.017861800214799585
754,877,123,0.123,0.018081569598114584
708,854,146,0.146,0.013205757338626428
780,890,110,0.11,0.012166757828061236
728,864,136,0.136,0.010039943707321072
724,862,138,0.138,0.0108083325374173
726,863,137,0.137,0.012974052547400788
746,873,127,0.127,0.013063083815039135
716,858,142,0.142,0.015361919572460464
724,862,138,0.138,0.016774333611596377
722,861,139,0.139,0.017505157522682568
714,857,143,0.143,0.016821731096191797
736,868,132,0.132,0.016374882735544816
720,860,140,0.14,0.016989449001150205
652,826,174,0.174,0.01730689612624701
750,875,125,0.125,0.015610147482831963
708,854,146,0.146,0.019328348417475355
750,875,125,0.125,0.01980484025273472
716,858,142,0.142,0.02345323009765707
760,880,120,0.12,0.022838152112672105
746,873,127,0.127,0.025020133011741563
744,872,128,0.128,0.026169097875710576
708,854,146,0.146,0.023333670992054977
800,900,100,0.1,0.02053054891055217
748,874,126,0.126,0.021583662265213206
796,898,102,0.102,0.021318702746997587
746,873,127,0.127,0.023367157948960084
740,870,130,0.13,0.022502096264157445
682,841,159,0.159,0.021142767075682058
748,874,126,0.126,0.02351414109801408
738,869,131,0.131,0.02642881129181478
734,867,133,0.133,0.023515940447337926
754,877,123,0.123,0.023569258174160494
682,841,159,0.159,0.025169044482987374
702,851,149,0.149,0.02681906764069572
728,864,136,0.136,0.028747815667418762
760,880,120,0.12,0.03160648251138627
708,854,146,0.146,0.03296105218376033
744,872,128,0.128,0.033147539401659744
806,903,97,0.097,0.03021779361588415
782,891,109,0.109,0.026178282974055035
730,865,135,0.135,0.02414215500775026
690,845,155,0.155,0.0278102632764203
814,907,93,0.093,0.02872256526676938
730,865,135,0.135,0.037974061703309414
728,864,136,0.136,0.03573697014781647
752,876,124,0.124,0.03545676591200754
756,878,122,0.122,0.03574906521942466
764,882,118,0.118,0.026447103989543395
788,894,106,0.106,0.026791638620197775
736,868,132,0.132,0.022643231908907182
756,878,122,0.122,0.023363735503226055
786,893,107,0.107,0.0243861202680273
722,861,139,0.139,0.027306047234917058
710,855,145,0.145,0.03866339724510908
702,851,149,0.149,0.04506340092048049
708,854,146,0.146,0.05993282475369051
658,829,171,0.171,0.0630139597421512
740,870,130,0.13,0.058350410355255004
696,848,152,0.152,0.05525820314930752
688,844,156,0.156,0.040140888611087576
706,853,147,0.147,0.03924985871836543
766,883,117,0.117,0.02989504200476222
732,866,134,0.134,0.026539399282075465
742,871,129,0.129,0.019199686905951238
720,860,140,0.14,0.01779871350346366
766,883,117,0.117,0.013651712832986959
722,861,139,0.139,0.011852588445326545
666,833,167,0.167,0.010355910681566455
698,849,151,0.151,0.009488315066031646
772,886,114,0.114,0.009003795697673922
726,863,137,0.137,0.008945897488214541
686,843,157,0.157,0.010481207418488339
752,876,124,0.124,0.010166175804362866
776,888,112,0.112,0.011457173022674396
690,845,155,0.155,0.011540164386038668
740,870,130,0.13,0.01178444470942486
710,855,145,0.145,0.012615431197627914
708,854,146,0.146,0.012150203251978383
752,876,124,0.124,0.011069504227372818
746,873,127,0.127,0.00936257210295298
758,879,121,0.121,0.010060174011654453
762,881,119,0.119,0.008924215605598874
728,864,136,0.136,0.00830861883945181
746,873,127,0.127,0.008741297031097928
726,863,137,0.137,0.008184581579262157
766,883,117,0.117,0.009066981503914577
676,838,162,0.162,0.010746461968656149
768,884,116,0.116,0.009437319168733665
690,845,155,0.155,0.01083648538250418
710,855,145,0.145,0.010656977590871974
712,856,144,0.144,0.011691396510927007
700,850,150,0.15,0.012710501843015663
716,858,142,0.142,0.013925972337950952
750,875,125,0.125,0.011581485848641023
714,857,143,0.143,0.011244001014565583
766,883,117,0.117,0.007993168271008471
744,872,128,0.128,0.006230648387805559
710,855,145,0.145,0.005108192598348069
762,881,119,0.119,0.004892434233035601
740,870,130,0.13,0.004066097351489589
754,877,123,0.123,0.0056346845413208935
764,882,118,0.118,0.005541063426218898
720,860,140,0.14,0.005946415537124267
748,874,126,0.126,0.00627384709045873
764,882,118,0.118,0.004702240804763278
748,874,126,0.126,0.004770165497116978
720,860,140,0.14,0.004067464600913809
776,888,112,0.112,0.0035360617683982127
688,844,156,0.156,0.003937494652935129
716,858,142,0.142,0.004345348333368747
730,865,135,0.135,0.005241799871851981
706,853,147,0.147,0.007005349322251277
654,827,173,0.173,0.007865233415272087
712,856,144,0.144,0.008260427416767925
752,876,124,0.124,0.007312003778497456
740,870,130,0.13,0.006362862334193778
776,888,112,0.112,0.005091866314611252
728,864,136,0.136,0.004444946411735145
724,862,138,0.138,0.003353797746072814
760,880,120,0.12,0.003124382325935585
728,864,136,0.136,0.003554455693665659
698,849,151,0.151,0.0036978831877640915
714,857,143,0.143,0.004724051575540216
748,874,126,0.126,0.005661168198428641
772,886,114,0.114,0.005662158317893045
688,844,156,0.156,0.006153386985271936
710,855,145,0.145,0.005548122819760465
696,848,152,0.152,0.00644109758407285
772,886,114,0.114,0.006217729759475332
740,870,130,0.13,0.006321722841530573
696,848,152,0.152,0.006715748189220903
744,872,128,0.128,0.006285238492406279
692,846,154,0.154,0.006566544798275572
720,860,140,0.14,0.007181901358999312
770,885,115,0.115,0.007208164989453507
728,864,136,0.136,0.007537497285899007
710,855,145,0.145,0.005735268650591025
654,827,173,0.173,0.004382302028607228
668,834,166,0.166,0.004148647123591218
750,875,125,0.125,0.0038800983594410353
698,849,151,0.151,0.003887731410213746
744,872,128,0.128,0.0037625663576473017
736,868,132,0.132,0.004073039989772952
726,863,137,0.137,0.0039049442418909166
742,871,129,0.129,0.0040055697898205836
788,894,106,0.106,0.003937949112711067
748,874,126,0.126,0.0038958771020115818
738,869,131,0.131,0.004141859766721609
772,886,114,0.114,0.004199440631258767
706,853,147,0.147,0.0051991363962151805
662,831,169,0.169,0.0052810423922419435
678,839,161,0.161,0.0052949358903861135
722,861,139,0.139,0.005178675041242968
722,861,139,0.139,0.004834645330876811
710,855,145,0.145,0.004495370828939485
728,864,136,0.136,0.00381760035471234
752,876,124,0.124,0.003592509508584044
730,865,135,0.135,0.004715531969559379
742,871,129,0.129,0.0053376048823120074
716,858,142,0.142,0.006416280615172582
722,861,139,0.139,0.005937586237152573
778,889,111,0.111,0.005368187864485663
734,867,133,0.133,0.00503212403429643
810,905,95,0.095,0.002235132886935389
732,866,134,0.134,0.0024706761204533905
790,895,105,0.105,0.002774499360540631
764,882,118,0.118,0.003477079319905897
726,863,137,0.137,0.007415868021143979
716,858,142,0.142,0.009344671760074561
734,867,133,0.133,0.010238824079395272
760,880,120,0.12,0.009975462052621878
676,838,162,0.162,0.00740993006536155
722,861,139,0.139,0.00625129146877589
706,853,147,0.147,0.0043987956282508095
696,848,152,0.152,0.004091736481306725
756,878,122,0.122,0.003952764022520569
720,860,140,0.14,0.004332829306673375
726,863,137,0.137,0.004608513632985705
764,882,118,0.118,0.0045676807743293465
744,872,128,0.128,0.005733381118101534
748,874,126,0.126,0.006076213079533772
716,858,142,0.142,0.006538119637407362
742,871,129,0.129,0.006121284961642231
720,860,140,0.14,0.005509061785502126
710,855,145,0.145,0.005896182695694733
786,893,107,0.107,0.005496076807045029
746,873,127,0.127,0.006291481442403892
756,878,122,0.122,0.006314776756473293
716,858,142,0.142,0.006001719883846818
736,868,132,0.132,0.005888191044796258
736,868,132,0.132,0.005439202579582343
698,849,151,0.151,0.0061323866505699695
706,853,147,0.147,0.005868766535742907
710,855,145,0.145,0.006543736434163293
720,860,140,0.14,0.006012445041560568
700,850,150,0.15,0.006207011688966304
738,869,131,0.131,0.005902466937666759
696,848,152,0.152,0.006555412213463569
680,840,160,0.16,0.006962791456957348
772,886,114,0.114,0.007438503262557788
742,871,129,0.129,0.006948789063142612
720,860,140,0.14,0.006596916095644701
744,872,128,0.128,0.006409471213250072
702,851,149,0.149,0.006511588758119614
734,867,133,0.133,0.007221473583485931
732,866,134,0.134,0.007216082584422111
666,833,167,0.167,0.007874640928930603
730,865,135,0.135,0.006806887058482971
744,872,128,0.128,0.005339812583690218
738,869,131,0.131,0.0048346705475996715
750,875,125,0.125,0.00405916516459547
746,873,127,0.127,0.0035560962176969042
748,874,126,0.126,0.003913155999478476
794,897,103,0.103,0.0037347956623070785
678,839,161,0.161,0.00455374861616292
756,878,122,0.122,0.004591145596030401
704,852,148,0.148,0.004017535981296533
784,892,108,0.108,0.0035091440156829776
736,868,132,0.132,0.0037779367504972468
758,879,121,0.121,0.0037550477143922763
778,889,111,0.111,0.005103225458733505
744,872,128,0.128,0.005665760028088698
710,855,145,0.145,0.00604709998855833
656,828,172,0.172,0.006629833246581256
762,881,119,0.119,0.00662578178793774
682,841,159,0.159,0.006831612077250611
706,853,147,0.147,0.006912208084395388
698,849,151,0.151,0.006270714893296826
702,851,149,0.149,0.0053661426728358495
768,884,116,0.116,0.004683952288309229
688,844,156,0.156,0.004282528231630749
776,888,112,0.112,0.003771265390678309
690,845,155,0.155,0.004878780042679864
754,877,123,0.123,0.004453638918348588
720,860,140,0.14,0.005476973284152337
698,849,151,0.151,0.005587453164014732
688,844,156,0.156,0.004419399297912605
768,884,116,0.116,0.003936315777915297
710,855,145,0.145,0.003917288386757718
750,875,125,0.125,0.004392639225872699
696,848,152,0.152,0.005793262876424706
718,859,141,0.141,0.005915733932164585
708,854,146,0.146,0.006736562537000282
766,883,117,0.117,0.006984076218912378
670,835,165,0.165,0.005594886702077929
738,869,131,0.131,0.0052569142017455306
710,855,145,0.145,0.004838134553945565
712,856,144,0.144,0.0048209082054672765
694,847,153,0.153,0.006137406656329404
710,855,145,0.145,0.005765241281565977
716,858,142,0.142,0.006447847961972002
680,840,160,0.16,0.006298229224630632
734,867,133,0.133,0.005609606631085626
752,876,124,0.124,0.004933473828961724
780,890,110,0.11,0.003627195415312599
750,875,125,0.125,0.0034416889780331983
770,885,115,0.115,0.0032544931970442123
746,873,127,0.127,0.004010318283626475
726,863,137,0.137,0.00540686878859924
738,869,131,0.131,0.006706930803586147
678,839,161,0.161,0.009516508597880603
706,853,147,0.147,0.00913064465788193
728,864,136,0.136,0.008195921777863987
738,869,131,0.131,0.0068724208626081236
780,890,110,0.11,0.005174033757299185
722,861,139,0.139,0.004700658771384042
764,882,118,0.118,0.004331996260258165
742,871,129,0.129,0.004079737542386283
766,883,117,0.117,0.004272455038499174
770,885,115,0.115,0.004223513347125845
718,859,141,0.141,0.005009509815768979
736,868,132,0.132,0.005405301901308121
754,877,123,0.123,0.006365032640402205
666,833,167,0.167,0.0076010352636221796
770,885,115,0.115,0.007232131811164436
738,869,131,0.131,0.007570165122568142
712,856,144,0.144,0.006486185110290535
714,857,143,0.143,0.005247609194004326
746,873,127,0.127,0.0047185383813775844
712,856,144,0.144,0.004976902917085681
718,859,141,0.141,0.007186381009378237
728,864,136,0.136,0.007877771637358819
758,879,121,0.121,0.009521672316361219
762,881,119,0.119,0.010227876304183155
784,892,108,0.108,0.008288860073836985
738,869,131,0.131,0.007469060330971842
726,863,137,0.137,0.006356654622417409
726,863,137,0.137,0.00660068412439432
678,839,161,0.161,0.008740155110099295
746,873,127,0.127,0.011765012020856376
708,854,146,0.146,0.014147117032553069
720,860,140,0.14,0.015495782137848437
758,879,121,0.121,0.013990298907272518
658,829,171,0.171,0.011226069205789826
710,855,145,0.145,0.008937498933752067
714,857,143,0.143,0.007686109606234823
754,877,123,0.123,0.00949117669412226
666,833,167,0.167,0.011941384960664436
756,878,122,0.122,0.013187287917709909
748,874,126,0.126,0.013864355867553968
732,866,134,0.134,0.013305523735529278
742,871,129,0.129,0.010291643434320576
702,851,149,0.149,0.008705497057686444
690,845,155,0.155,0.007887180107209133
710,855,145,0.145,0.010466338834608905
766,883,117,0.117,0.01243267584440764
714,857,143,0.143,0.014007950396859087
730,865,135,0.135,0.014022641424671746
716,858,142,0.142,0.012029441113059874
732,866,134,0.134,0.009162887770711677
792,896,104,0.104,0.008026066012535011
744,872,128,0.128,0.007444615051339497
798,899,101,0.101,0.007363117302535102
696,848,152,0.152,0.008614198162511457
752,876,124,0.124,0.009277959410566836
724,862,138,0.138,0.011339349299305468
740,870,130,0.13,0.014670171460136772
704,852,148,0.148,0.017694050916470586
724,862,138,0.138,0.01615577931376174
712,856,144,0.144,0.015054924328404013
716,858,142,0.142,0.010521057971578558
734,867,133,0.133,0.0072194447715301065
730,865,135,0.135,0.0064863555338524745
750,875,125,0.125,0.006496906535707239
712,856,144,0.144,0.00995868384304049
712,856,144,0.144,0.015228310528764269
758,879,121,0.121,0.016846687849843875
740,870,130,0.13,0.01710272945399629
734,867,133,0.133,0.01473225495259976
766,883,117,0.117,0.010092132908845088
788,894,106,0.106,0.007882278278295416
776,888,112,0.112,0.006278317797972705
760,880,120,0.12,0.006717962053211522
698,849,151,0.151,0.008832154781805003
736,868,132,0.132,0.009620576032350073
746,873,127,0.127,0.010817882946575992
792,896,104,0.104,0.010704083582037128
756,878,122,0.122,0.010624540092074312
732,866,134,0.134,0.009519393516078709
716,858,142,0.142,0.008994452619546792
730,865,135,0.135,0.008254036482539959
736,868,132,0.132,0.007999626029282808
740,870,130,0.13,0.00808497506432468
746,873,127,0.127,0.008789088215562514
794,897,103,0.103,0.007698536788084311
738,869,131,0.131,0.0076482217664452035
740,870,130,0.13,0.007884237625650712
670,835,165,0.165,0.008999819363001734
774,887,113,0.113,0.008873273202887503
780,890,110,0.11,0.00889874307345599
740,870,130,0.13,0.008966842139387154
704,852,148,0.148,0.00843004104256397
712,856,144,0.144,0.008665438494819683
786,893,107,0.107,0.0075358087367203555
682,841,159,0.159,0.007907855030731298
782,891,109,0.109,0.006501000205978926
754,877,123,0.123,0.004903472059613705
776,888,112,0.112,0.003965895234388881
758,879,121,0.121,0.0032221689356447315
738,869,131,0.131,0.0025826704309656633
770,885,115,0.115,0.0023760188730047958
700,850,150,0.15,0.0026384276045137087
726,863,137,0.137,0.0027686989574722248
782,891,109,0.109,0.002658515016097226
714,857,143,0.143,0.003575826628395589
756,878,122,0.122,0.003756640950916335
704,852,148,0.148,0.003964112568581186
750,875,125,0.125,0.0038169796186120946
740,870,130,0.13,0.0036424253260847763
716,858,142,0.142,0.0037781514403395704
708,854,146,0.146,0.004255358202426578
666,833,167,0.167,0.004395543325052131
752,876,124,0.124,0.0050861916203721194
726,863,137,0.137,0.004994156668893993
700,850,150,0.15,0.004532047809581855
756,878,122,0.122,0.004323790893875411
662,831,169,0.169,0.003357759626756888
778,889,111,0.111,0.003116850192229322
746,873,127,0.127,0.003345652392745251
738,869,131,0.131,0.003300253523775609
694,847,153,0.153,0.003231106083228951
742,871,129,0.129,0.0027524492802185707
752,876,124,0.124,0.0026078415070678604
736,868,132,0.132,0.002569291956271627
712,856,144,0.144,0.003528010765367071
724,862,138,0.138,0.004571858296432765
634,817,183,0.183,0.006017524401977425
660,830,170,0.17,0.006274915248970501
716,858,142,0.142,0.007343902100838022
704,852,148,0.148,0.007043742148962338
734,867,133,0.133,0.005684767046928755
750,875,125,0.125,0.005768710890755755
688,844,156,0.156,0.003506234796877834
728,864,136,0.136,0.0026260703683474275
704,852,148,0.148,0.003069940946457791
702,851,149,0.149,0.0033351845491706627
734,867,133,0.133,0.006010928126022918
708,854,146,0.146,0.007608327329799067
758,879,121,0.121,0.007311975202173926
748,874,126,0.126,0.006966559812310152
732,866,134,0.134,0.005236686201445991
726,863,137,0.137,0.003509389874365297
712,856,144,0.144,0.003084167300684385
744,872,128,0.128,0.0033350149555917597
742,871,129,0.129,0.004870813686400652
724,862,138,0.138,0.005834411097806878
720,860,140,0.14,0.006406510254120803
710,855,145,0.145,0.006288425681530498
756,878,122,0.122,0.005570689602463972
696,848,152,0.152,0.005300004181770419
770,885,115,0.115,0.004963660509878537
748,874,126,0.126,0.0049809097895631566
722,861,139,0.139,0.004985589862044435
738,869,131,0.131,0.006075994655373506
670,835,165,0.165,0.0070934318191139024
712,856,144,0.144,0.0069102258662460374
708,854,146,0.146,0.006820335819560569
784,892,108,0.108,0.005294478794297902
702,851,149,0.149,0.004659613985844771
748,874,126,0.126,0.004093585398208233
742,871,129,0.129,0.00365593155489114
734,867,133,0.133,0.0044535933671868404
662,831,169,0.169,0.0059518834437185435
726,863,137,0.137,0.006305407728097634
742,871,129,0.129,0.008070239293971099
724,862,138,0.138,0.00821355639095418
618,809,191,0.191,0.008466662015183828
736,868,132,0.132,0.007325114836043213
734,867,133,0.133,0.005033924503641174
766,883,117,0.117,0.003267542664565553
732,866,134,0.134,0.0030883729889901587
658,829,171,0.171,0.003504902250617306
732,866,134,0.134,0.004658374083825038
774,887,113,0.113,0.006278629392298171
730,865,135,0.135,0.007325061686744448
770,885,115,0.115,0.0070067913758102805
754,877,123,0.123,0.005698819855984766
716,858,142,0.142,0.003993813208981009
698,849,151,0.151,0.00388721120471746
734,867,133,0.133,0.004011449739191448
740,870,130,0.13,0.005657620222518744
734,867,133,0.133,0.007545965922239702
758,879,121,0.121,0.008444496897864156
680,840,160,0.16,0.008200460921798366
770,885,115,0.115,0.007044644566524766
744,872,128,0.128,0.004777948035276495
704,852,148,0.148,0.004244797104562167
696,848,152,0.152,0.004279999652313563
742,871,129,0.129,0.0049622554365196265
724,862,138,0.138,0.0072122856280766425
760,880,120,0.12,0.008276185413007625
744,872,128,0.128,0.009170488853240386
650,825,175,0.175,0.010588669700897299
744,872,128,0.128,0.008128674168547149
708,854,146,0.146,0.007414564089354826
786,893,107,0.107,0.005921342501882464
754,877,123,0.123,0.005024833215749823
760,880,120,0.12,0.0053936356753401925
680,840,160,0.16,0.006518891743005952
756,878,122,0.122,0.007961560949945124
740,870,130,0.13,0.010583203922593385
738,869,131,0.131,0.011787524633225984
742,871,129,0.129,0.011402454632916488
744,872,128,0.128,0.00910796560466406
784,892,108,0.108,0.0074620746618311385
772,886,114,0.114,0.00563143677978951
728,864,136,0.136,0.0065142578007362315
768,884,116,0.116,0.007846491087708274
724,862,138,0.138,0.008948445451038425
756,878,122,0.122,0.011219568739645183
754,877,123,0.123,0.0114795028984081
754,877,123,0.123,0.011123303212982136
738,869,131,0.131,0.010693624801730039
760,880,120,0.12,0.009919924011221156
726,863,137,0.137,0.009903164448798634
674,837,163,0.163,0.011988208985112579
676,838,162,0.162,0.013300586849869433
732,866,134,0.134,0.016358331156894564
756,878,122,0.122,0.01694867744646035
792,896,104,0.104,0.016703708302928135
720,860,140,0.14,0.01582594010233879
762,881,119,0.119,0.010242142774164676
762,881,119,0.119,0.009823587913473602
762,881,119,0.119,0.008045543316547991
748,874,126,0.126,0.008510643937974237
716,858,142,0.142,0.013838346957287286
702,851,149,0.149,0.014749657887441571
686,843,157,0.157,0.017954290867899545
770,885,115,0.115,0.018272544949082658
776,888,112,0.112,0.016174162385752425
646,823,177,0.177,0.016770237267483026
766,883,117,0.117,0.014556472029886209
700,850,150,0.15,0.014804408506955951
774,887,113,0.113,0.014080135990283451
674,837,163,0.163,0.015196698406885844
760,880,120,0.12,0.014815812192973682
752,876,124,0.124,0.015335404410492628
740,870,130,0.13,0.015764832602930254
734,867,133,0.133,0.01650027090543881
706,853,147,0.147,0.015955392792937347
732,866,134,0.134,0.015765904974774456
764,882,118,0.118,0.013432385858381166
734,867,133,0.133,0.01297448020329466
740,870,130,0.13,0.01352716233767569
744,872,128,0.128,0.014497002385556698
714,857,143,0.143,0.015129737379727885
748,874,126,0.126,0.015368808869970963
726,863,137,0.137,0.015512645139126107
740,870,130,0.13,0.013991999822901563
758,879,121,0.121,0.015016120026004501
720,860,140,0.14,0.01637359096715227
686,843,157,0.157,0.017398910395102576
748,874,126,0.126,0.016689997845096515
756,878,122,0.122,0.011705253009335137
736,868,132,0.132,0.011167486060643569
772,886,114,0.114,0.009401869486318902
762,881,119,0.119,0.009290735942573519
726,863,137,0.137,0.004918641791329719
776,888,112,0.112,0.00465077822135936
710,855,145,0.145,0.005415492339358024
790,895,105,0.105,0.005281003452604636
778,889,111,0.111,0.006724661667190958
744,872,128,0.128,0.007042142308899202
676,838,162,0.162,0.006998033281241078
766,883,117,0.117,0.0063289582960424015
742,871,129,0.129,0.004674774274833908
708,854,146,0.146,0.0051319210793626556
746,873,127,0.127,0.004734288514533546
772,886,114,0.114,0.004739666431298246
746,873,127,0.127,0.004377611241099658
774,887,113,0.113,0.004033862182492158
752,876,124,0.124,0.004810847382701468
712,856,144,0.144,0.004652830766353873
720,860,140,0.14,0.006065449210203951
748,874,126,0.126,0.005965807151340414
726,863,137,0.137,0.006136506104492582
718,859,141,0.141,0.005919161736150272
720,860,140,0.14,0.004885037814936368
736,868,132,0.132,0.00513615202344954
654,827,173,0.173,0.005575529805675615
712,856,144,0.144,0.005309642294596415
718,859,141,0.141,0.0077417821020353585
718,859,141,0.141,0.0080304018977331
758,879,121,0.121,0.007445594531309325
770,885,115,0.115,0.007363038970623166
758,879,121,0.121,0.003868020924273878
714,857,143,0.143,0.004125469907972729
770,885,115,0.115,0.00438722861201677
696,848,152,0.152,0.004495974271838349
720,860,140,0.14,0.012083995960070752
758,879,121,0.121,0.013826858271611854
770,885,115,0.115,0.014920386532437987
782,891,109,0.109,0.014772801919025368
720,860,140,0.14,0.007535605465644039
732,866,134,0.134,0.006458536107384134
704,852,148,0.148,0.005512085021531675
694,847,153,0.153,0.00532936605787836
772,886,114,0.114,0.006993248046026565
736,868,132,0.132,0.007562273479183205
726,863,137,0.137,0.00837645873078145
710,855,145,0.145,0.008804361367598176
758,879,121,0.121,0.007191208011121489
746,873,127,0.127,0.006603329821373336
700,850,150,0.15,0.006785494404030032
754,877,123,0.123,0.006450847568165045
688,844,156,0.156,0.0074644067152403295
742,871,129,0.129,0.007322798731678631
732,866,134,0.134,0.007417694217292592
768,884,116,0.116,0.007105719045735896
718,859,141,0.141,0.00885389992353157
696,848,152,0.152,0.009351077461731621
708,854,146,0.146,0.009687133850064129
734,867,133,0.133,0.009869403193937615
780,890,110,0.11,0.007570684584963601
772,886,114,0.114,0.006539979861889151
736,868,132,0.132,0.005908460263046436
756,878,122,0.122,0.005574656171978859
760,880,120,0.12,0.008258949787385063
714,857,143,0.143,0.010276053039269754
732,866,134,0.134,0.011198656705382747
734,867,133,0.133,0.012350427626399324
762,881,119,0.119,0.01257927676010877
728,864,136,0.136,0.012132611953420564
700,850,150,0.15,0.011214515087980544
718,859,141,0.141,0.010778599129873327
724,862,138,0.138,0.008032915719115408
736,868,132,0.132,0.008507272635062691
718,859,141,0.141,0.008939695283595938
736,868,132,0.132,0.008418730952136685
770,885,115,0.115,0.006226845984812826
750,875,125,0.125,0.005699318707600469
716,858,142,0.142,0.005095705321844435
704,852,148,0.148,0.005100254191784188
680,840,160,0.16,0.006754033115401398
722,861,139,0.139,0.006387371146731311
746,873,127,0.127,0.006288937671168241
792,896,104,0.104,0.006084241522534285
720,860,140,0.14,0.00660759877122473
770,885,115,0.115,0.0063645687360840385
686,843,157,0.157,0.006199602115753805
798,899,101,0.101,0.0062867978336289525
794,897,103,0.103,0.004303095239243703
718,859,141,0.141,0.003840041327930521
732,866,134,0.134,0.003839867014234187
722,861,139,0.139,0.004210303875675891
736,868,132,0.132,0.0063153391500381986
676,838,162,0.162,0.007836960451240884
758,879,121,0.121,0.006978563895332627
736,868,132,0.132,0.006930664316285402
766,883,117,0.117,0.004750974941720415
764,882,118,0.118,0.004037513883202336
752,876,124,0.124,0.003906090443226276
752,876,124,0.124,0.0038069306077086365
720,860,140,0.14,0.005169395073171473
740,870,130,0.13,0.006053124489786569
746,873,127,0.127,0.006127834355225787
726,863,137,0.137,0.0058927150508388875
786,893,107,0.107,0.005168554282281548
716,858,142,0.142,0.004439337658142904
686,843,157,0.157,0.004521032123098848
666,833,167,0.167,0.004747231728877523
682,841,159,0.159,0.0048367037778371015
706,853,147,0.147,0.005292391977185616
734,867,133,0.133,0.005327970162557903
694,847,153,0.153,0.0053429758346173915
682,841,159,0.159,0.005336311251157895
726,863,137,0.137,0.004970914940407965
718,859,141,0.141,0.004667940152750816
710,855,145,0.145,0.00473824481718475
780,890,110,0.11,0.00368994850027957
794,897,103,0.103,0.002961530138665694
714,857,143,0.143,0.003156659710308304
746,873,127,0.127,0.003334354758873815
736,868,132,0.132,0.005971329400374088
646,823,177,0.177,0.00771636435505934
716,858,142,0.142,0.008910344553820324
708,854,146,0.146,0.00851194235260482
702,851,149,0.149,0.00793070748494938
742,871,129,0.129,0.006078194661618909
774,887,113,0.113,0.004923125913715921
776,888,112,0.112,0.005244655615617376
656,828,172,0.172,0.004550764615996741
712,856,144,0.144,0.0065160107800911644
728,864,136,0.136,0.007211284470380633
764,882,118,0.118,0.007335674267145805
752,876,124,0.124,0.011497434514574707
702,851,149,0.149,0.010221541886974592
736,868,132,0.132,0.009272991294856182
742,871,129,0.129,0.008888798182393657
720,860,140,0.14,0.005398214706678118
724,862,138,0.138,0.0058935937694695895
730,865,135,0.135,0.006092360054171877
756,878,122,0.122,0.006300508558982983
766,883,117,0.117,0.008134103965363465
764,882,118,0.118,0.007705738573218696
744,872,128,0.128,0.0071825081323659105
758,879,121,0.121,0.007306951089733047
750,875,125,0.125,0.004169458570817369
720,860,140,0.14,0.004755987656593789
754,877,123,0.123,0.004886365784521331
702,851,149,0.149,0.0049890226531133525
730,865,135,0.135,0.009069760931510245
758,879,121,0.121,0.010496521061984822
750,875,125,0.125,0.010913560912129468
706,853,147,0.147,0.011366001097019763
682,841,159,0.159,0.00913888669712469
744,872,128,0.128,0.007832805875921622
730,865,135,0.135,0.007964815825223922
770,885,115,0.115,0.0072866956593934445
734,867,133,0.133,0.007007115934276953
710,855,145,0.145,0.007779099071223755
716,858,142,0.142,0.00830077215237543
762,881,119,0.119,0.00821977827535011
720,860,140,0.14,0.00928907270298805
694,847,153,0.153,0.008080652991018724
770,885,115,0.115,0.007885665483074263
744,872,128,0.128,0.00762531294382643
778,889,111,0.111,0.004568431901570875
774,887,113,0.113,0.004391692067991244
800,900,100,0.1,0.003922617823758628
748,874,126,0.126,0.004386175978521351
710,855,145,0.145,0.006059146155719645
774,887,113,0.113,0.006035415559425019
728,864,136,0.136,0.006324276045255829
764,882,118,0.118,0.006043874143157154
730,865,135,0.135,0.004216236442764057
728,864,136,0.136,0.0032784969334315973
742,871,129,0.129,0.0035279369009658694
708,854,146,0.146,0.0037480435759061946
744,872,128,0.128,0.005977927689498756
708,854,146,0.146,0.006784374673094134
772,886,114,0.114,0.006927008558355738
736,868,132,0.132,0.007013398523849901
752,876,124,0.124,0.005384587936045136
716,858,142,0.142,0.0040946917872061025
716,858,142,0.142,0.00427331321319798
746,873,127,0.127,0.004279017852852121
768,884,116,0.116,0.004638499810534995
710,855,145,0.145,0.005543692270905012
756,878,122,0.122,0.005166739116190001
724,862,138,0.138,0.005421087796858046
710,855,145,0.145,0.005574723642610479
738,869,131,0.131,0.005882649044680875
684,842,158,0.158,0.005384242231259122
666,833,167,0.167,0.005987626091926358
704,852,148,0.148,0.005443121492979117
724,862,138,0.138,0.0055774201359599825
730,865,135,0.135,0.005429091651458293
688,844,156,0.156,0.0059817507474217565
678,839,161,0.161,0.005851138986705337
738,869,131,0.131,0.004760061171196867
758,879,121,0.121,0.0046627169284329285
752,876,124,0.124,0.00411595332055731
722,861,139,0.139,0.002417785930119862
784,892,108,0.108,0.002218263466624194
736,868,132,0.132,0.0022529296302309376
748,874,126,0.126,0.0025389378861000295
708,854,146,0.146,0.003793915626796661
750,875,125,0.125,0.005217219169600867
686,843,157,0.157,0.005050353107741103
736,868,132,0.132,0.005126255664741621
748,874,126,0.126,0.004538424496422522
778,889,111,0.111,0.0026589237080625024
750,875,125,0.125,0.00269899518864986
706,853,147,0.147,0.002308901036551106
690,845,155,0.155,0.0021803686490748076
738,869,131,0.131,0.002598830646791612
760,880,120,0.12,0.002651886690291576
740,870,130,0.13,0.003065343533002306
740,870,130,0.13,0.003152544827607926
752,876,124,0.124,0.0025162570937682176
770,885,115,0.115,0.002266462323896121
766,883,117,0.117,0.0019182918498991057
822,911,89,0.089,0.0014294612369776588
812,906,94,0.094,0.0012589920551981776
766,883,117,0.117,0.0014320081006080727
740,870,130,0.13,0.0018440599049063167
732,866,134,0.134,0.0024901791080628754
736,868,132,0.132,0.0032672089087573113
634,817,183,0.183,0.003454221986117773
676,838,162,0.162,0.0043465867878403515
728,864,136,0.136,0.00489251703734044
720,860,140,0.14,0.004440211672743317
724,862,138,0.138,0.004421038392698392
678,839,161,0.161,0.003803569330688333
716,858,142,0.142,0.0027108517702727113
738,869,131,0.131,0.0027275267231161708
740,870,130,0.13,0.0024360064479405992
752,876,124,0.124,0.002632401803974062
728,864,136,0.136,0.0025317160870035878
760,880,120,0.12,0.0021907211667421505
754,877,123,0.123,0.0020194471747163336
784,892,108,0.108,0.001581768135416496
742,871,129,0.129,0.0012582402898806322
738,869,131,0.131,0.0013451101658974948
696,848,152,0.152,0.0014174811968296127
660,830,170,0.17,0.0021311064446927048
786,893,107,0.107,0.0038150883471244016
682,841,159,0.159,0.0038047067869338208
702,851,149,0.149,0.0032589899867307395
738,869,131,0.131,0.0033310161916015203
718,859,141,0.141,0.0014542673145624577
720,860,140,0.14,0.0014845332471231814
734,867,133,0.133,0.001286925470441929
712,856,144,0.144,0.0011480640554218553
742,871,129,0.129,0.0012396968822904455
750,875,125,0.125,0.0012801191190519603
752,876,124,0.124,0.0015189424976269946
676,838,162,0.162,0.0019445018459591666
742,871,129,0.129,0.0023550040066111252
760,880,120,0.12,0.0022131224052791367
756,878,122,0.122,0.0018338850648360677
722,861,139,0.139,0.002426164012060326
720,860,140,0.14,0.0008985117714400985
750,875,125,0.125,0.0010104152533676825
736,868,132,0.132,0.0010793429053483124
698,849,151,0.151,0.0014348253292428125
760,880,120,0.12,0.0023122995028925287
678,839,161,0.161,0.002391329633028363
740,870,130,0.13,0.002286574324447429
772,886,114,0.114,0.002032878543872357
708,854,146,0.146,0.0010511698885420629
748,874,126,0.126,0.0009983420051430584
700,850,150,0.15,0.0008949645927914389
698,849,151,0.151,0.0009247426627662207
730,865,135,0.135,0.0012797732859035022
774,887,113,0.113,0.0012484768646972952
732,866,134,0.134,0.0013445191602186241
770,885,115,0.115,0.0011920156221822253
726,863,137,0.137,0.0010186925657617394
702,851,149,0.149,0.001053738778911793
720,860,140,0.14,0.00120151086887563
734,867,133,0.133,0.001218848059346783
728,864,136,0.136,0.0012007343315744948
656,828,172,0.172,0.0012153451939011576
778,889,111,0.111,0.0010083092307249899
700,850,150,0.15,0.0010193645306280814
738,869,131,0.131,0.0006382255612506924
736,868,132,0.132,0.0006550195862782858
740,870,130,0.13,0.000641870342718903
740,870,130,0.13,0.0006803748179172544
758,879,121,0.121,0.0008950585005295579
754,877,123,0.123,0.0010079178235173458
752,876,124,0.124,0.001069252849993063
692,846,154,0.154,0.0010094131904188543
734,867,133,0.133,0.0006964804447575261
746,873,127,0.127,0.0005952932290274475
744,872,128,0.128,0.0006479197357239173
698,849,151,0.151,0.0006775575685965123
798,899,101,0.101,0.0007106349574969499
698,849,151,0.151,0.0010753593776753406
724,862,138,0.138,0.00118697014231293
746,873,127,0.127,0.0018212559353851247
736,868,132,0.132,0.0018388631098350742
710,855,145,0.145,0.0017538313637051033
764,882,118,0.118,0.0012971505175082712
708,854,146,0.146,0.0010002368753921473
750,875,125,0.125,0.0006809455061811604
708,854,146,0.146,0.0007654129592920072
728,864,136,0.136,0.0007400639521492849
768,884,116,0.116,0.0011010482775673154
778,889,111,0.111,0.0010692200527737442
730,865,135,0.135,0.0010553447253405465
746,873,127,0.127,0.0009364857267146363
686,843,157,0.157,0.0008161467986356002
688,844,156,0.156,0.0007937194702135457
718,859,141,0.141,0.000915632333864778
722,861,139,0.139,0.0009050036940352583
680,840,160,0.16,0.0014749562414799583
714,857,143,0.143,0.0016416367322599399
696,848,152,0.152,0.0015641454230208183
724,862,138,0.138,0.0016039285895167268
702,851,149,0.149,0.0009845602042514656
774,887,113,0.113,0.0007325680520425522
756,878,122,0.122,0.000764794165675994
702,851,149,0.149,0.0008370430577469961
752,876,124,0.124,0.0010098245805820626
706,853,147,0.147,0.0011626357081986499
778,889,111,0.111,0.0010507001291844063
708,854,146,0.146,0.0010395703435824544
700,850,150,0.15,0.0009226352938385389
752,876,124,0.124,0.0008252345103428525
782,891,109,0.109,0.0009401499588202568
684,842,158,0.158,0.0010522416548192268
714,857,143,0.143,0.001340704253918375
714,857,143,0.143,0.0014062324735568837
770,885,115,0.115,0.0011157345840256312
728,864,136,0.136,0.0012410893226842746
706,853,147,0.147,0.000911978510022891
716,858,142,0.142,0.0006926341865209906
734,867,133,0.133,0.0006847443403858051
794,897,103,0.103,0.0006751797689576051
798,899,101,0.101,0.0006893214395167889
716,858,142,0.142,0.0008258843850926496
724,862,138,0.138,0.0008571955380539294
764,882,118,0.118,0.0008171065900169196
788,894,106,0.106,0.0008382774360361509
748,874,126,0.126,0.0009040191036638135
754,877,123,0.123,0.0009255633483608108
714,857,143,0.143,0.0009034751478611725
742,871,129,0.129,0.0010081352981796954
766,883,117,0.117,0.0010747407206727075
750,875,125,0.125,0.0010462855721852975
694,847,153,0.153,0.0010278480772358306
750,875,125,0.125,0.0009089578331477242
730,865,135,0.135,0.0009337820951950561
764,882,118,0.118,0.0010095320249092765
734,867,133,0.133,0.0011400508892984362
718,859,141,0.141,0.0011934371690294938
718,859,141,0.141,0.0012967743512635934
728,864,136,0.136,0.001159048988323775
742,871,129,0.129,0.0011593865708528028
778,889,111,0.111,0.0010139992489712312
716,858,142,0.142,0.0010802096374318353
730,865,135,0.135,0.0012746001397172222
712,856,144,0.144,0.0013095135927360389
702,851,149,0.149,0.0018123010136478115
722,861,139,0.139,0.0021162230295740303
684,842,158,0.158,0.002433777448954061
706,853,147,0.147,0.0023791776436337384
764,882,118,0.118,0.0019155640506287454
730,865,135,0.135,0.0014458733599749395
764,882,118,0.118,0.0008249299223771231
748,874,126,0.126,0.000825066835495818
776,888,112,0.112,0.0007166357645946846
706,853,147,0.147,0.0008369846784189577
752,876,124,0.124,0.0010293343598386856
730,865,135,0.135,0.0011631778108421712
758,879,121,0.121,0.001181190784991486
690,845,155,0.155,0.0014725064329395537
734,867,133,0.133,0.0018587009121256415
698,849,151,0.151,0.0019187654801353347
734,867,133,0.133,0.0020013437246670946
698,849,151,0.151,0.002048577994471998
728,864,136,0.136,0.0013700252455892041
700,850,150,0.15,0.0014027577897431911
764,882,118,0.118,0.0010164155383681646
758,879,121,0.121,0.0008217152296710992
650,825,175,0.175,0.001076599730840826
766,883,117,0.117,0.0010806733597328276
766,883,117,0.117,0.001378838035176159
754,877,123,0.123,0.0015226600982350647
766,883,117,0.117,0.0015379281734203686
736,868,132,0.132,0.001406285049077269
772,886,114,0.114,0.0010249678239197238
712,856,144,0.144,0.0010138920596364188
678,839,161,0.161,0.0012870014487707522
724,862,138,0.138,0.001239253185078269
716,858,142,0.142,0.0014914465745387133
742,871,129,0.129,0.001497673771715199
774,887,113,0.113,0.001184965863263642
760,880,120,0.12,0.0010952651658099057
728,864,136,0.136,0.0008665025081027125
682,841,159,0.159,0.000959961331289378
716,858,142,0.142,0.0016811970725102584
654,827,173,0.173,0.0017904811648404575
766,883,117,0.117,0.002690984179178486
730,865,135,0.135,0.0027537549197149927
764,882,118,0.118,0.002178510931229539
730,865,135,0.135,0.002095304254991788
736,868,132,0.132,0.0007711508961147046
764,882,118,0.118,0.0006937276030812427
734,867,133,0.133,0.000550987437279673
716,858,142,0.142,0.0006437706394262932
744,872,128,0.128,0.0013887887076525658
744,872,128,0.128,0.0015134711807713757
738,869,131,0.131,0.002026801792693732
692,846,154,0.154,0.0021695963527890855
726,863,137,0.137,0.00154958419410832
758,879,121,0.121,0.0013470410408772295
744,872,128,0.128,0.0007322955444760737
716,858,142,0.142,0.0007382432918820996
704,852,148,0.148,0.0008617196691884601
752,876,124,0.124,0.0009671220019718021
756,878,122,0.122,0.0018157253168101307
738,869,131,0.131,0.0016414704624403385
692,846,154,0.154,0.0019570286632224453
756,878,122,0.122,0.001774123967246851
720,860,140,0.14,0.0011307093437617369
740,870,130,0.13,0.001170040739038086
768,884,116,0.116,0.0008376094564446248
744,872,128,0.128,0.0008845115555304801
700,850,150,0.15,0.0013110507037126808
