log_avg_ept_score,log_avg_succ_req,log_avg_blk_req,log_avg_BP_req,log_avg_entropy
324,662,338,0.338,1.6075247138738633
342,671,329,0.329,1.6075196508169174
258,629,371,0.371,1.607498118042946
292,646,354,0.354,1.6074792455434799
304,652,348,0.348,1.6074075033664703
278,639,361,0.361,1.6073962358236313
258,629,371,0.371,1.6073885869979858
308,654,346,0.346,1.6073996994495392
262,631,369,0.369,1.6071202696561813
320,660,340,0.34,1.6070726755857467
232,616,384,0.384,1.607122232079506
262,631,369,0.369,1.6071226960420608
322,661,339,0.339,1.6067697714567184
260,630,370,0.37,1.606712625861168
282,641,359,0.359,1.6067136245965958
252,626,374,0.374,1.6067748823165893
240,620,380,0.38,1.6060988839864732
280,640,360,0.36,1.6059391065835953
312,656,344,0.344,1.6058752304315567
284,642,358,0.358,1.6059605818986893
328,664,336,0.336,1.6049046231508255
256,628,372,0.372,1.6050195004940033
236,618,382,0.382,1.6049650822877883
322,661,339,0.339,1.6047735069990159
258,629,371,0.371,1.6029818224906922
316,658,342,0.342,1.6026367546319962
342,671,329,0.329,1.6023613815307618
272,636,364,0.364,1.6024545149803162
354,677,323,0.323,1.5980937057733535
350,675,325,0.325,1.5976616662740708
238,619,381,0.381,1.597133702158928
320,660,340,0.34,1.596669814825058
344,672,328,0.328,1.5830466908216476
288,644,356,0.356,1.5832434808015823
262,631,369,0.369,1.5824237082004546
332,666,334,0.334,1.5826595677137374
446,723,277,0.277,1.553777275323868
334,667,333,0.333,1.550324237704277
368,684,316,0.316,1.552239248394966
308,654,346,0.346,1.555777999162674
276,638,362,0.362,1.4861503450870515
378,689,311,0.311,1.4721396983265878
316,658,342,0.342,1.459754330277443
326,663,337,0.337,1.4676189106106758
398,699,301,0.301,1.3247713335305453
340,670,330,0.33,1.306883024841547
324,662,338,0.338,1.2803511564135552
346,673,327,0.327,1.2816649355590344
378,689,311,0.311,1.0249435181766748
342,671,329,0.329,1.0085847796052694
356,678,322,0.322,1.0070083356648682
398,699,301,0.301,0.9682698301449418
354,677,323,0.323,0.8117654394283891
384,692,308,0.308,0.7939008363410831
384,692,308,0.308,0.7846148846428841
408,704,296,0.296,0.7639438315955922
376,688,312,0.312,0.7131952106524259
430,715,285,0.285,0.740893489420414
332,666,334,0.334,0.7507945094318129
456,728,272,0.272,0.7283630939461291
352,676,324,0.324,0.7882586095407605
424,712,288,0.288,0.8221521071270108
420,710,290,0.29,0.8048909739479423
440,720,280,0.28,0.786452929854393
476,738,262,0.262,0.8544425504356623
486,743,257,0.257,0.8773814169615507
470,735,265,0.265,0.8815437702387572
506,753,247,0.247,0.9012840666472912
528,764,236,0.236,0.8731005057692528
490,745,255,0.255,0.874674216747284
442,721,279,0.279,0.8965475395321846
548,774,226,0.226,0.8608607147336006
524,762,238,0.238,0.8559459556937218
426,713,287,0.287,0.9063330599069596
450,725,275,0.275,0.8799649252295494
508,754,246,0.246,0.8757928539514541
522,761,239,0.239,0.8159440274238586
592,796,204,0.204,0.8130766808688641
614,807,193,0.193,0.788524210780859
562,781,219,0.219,0.7799336007237434
620,810,190,0.19,0.7435123286545277
588,794,206,0.206,0.762196670472622
588,794,206,0.206,0.7606985438466072
596,798,202,0.202,0.7765259192883969
620,810,190,0.19,0.7176004343032837
620,810,190,0.19,0.698865155339241
610,805,195,0.195,0.6975051981061697
632,816,184,0.184,0.6607464680224657
594,797,203,0.203,0.5284712154306471
660,830,170,0.17,0.5122138496059925
700,850,150,0.15,0.4928487037718296
616,808,192,0.192,0.4906104285828769
668,834,166,0.166,0.4558399298079312
714,857,143,0.143,0.4454162819590419
742,871,129,0.129,0.4293825256600976
652,826,174,0.174,0.42171409434080126
660,830,170,0.17,0.43671507013309746
668,834,166,0.166,0.39257039013132455
702,851,149,0.149,0.43296679966524243
670,835,165,0.165,0.41526184768974783
690,845,155,0.155,0.4408406608738005
650,825,175,0.175,0.4895818498618901
632,816,184,0.184,0.4746624438725412
678,839,161,0.161,0.4411458017602563
630,815,185,0.185,0.5288063451796771
636,818,182,0.182,0.5424347759000957
634,817,183,0.183,0.5497180170714855
694,847,153,0.153,0.5181366617903114
690,845,155,0.155,0.5038675731942057
654,827,173,0.173,0.5104852207452059
688,844,156,0.156,0.4869344979971647
660,830,170,0.17,0.5004214682355523
712,856,144,0.144,0.40806453179568053
712,856,144,0.144,0.40068254826404154
650,825,175,0.175,0.4409303752146661
662,831,169,0.169,0.4162080390751362
744,872,128,0.128,0.24802058556489645
744,872,128,0.128,0.23672297610063106
704,852,148,0.148,0.2338666643530596
682,841,159,0.159,0.21709531366213924
784,892,108,0.108,0.1427598815956053
738,869,131,0.131,0.1381067121402998
690,845,155,0.155,0.13468925944260263
722,861,139,0.139,0.1491330077384664
724,862,138,0.138,0.1493801457051377
746,873,127,0.127,0.13977333960886973
708,854,146,0.146,0.12781402999441344
736,868,132,0.132,0.13683347729913659
692,846,154,0.154,0.15594168450005236
722,861,139,0.139,0.14756380597925817
724,862,138,0.138,0.1332466926167108
768,884,116,0.116,0.16602562393985865
736,868,132,0.132,0.145874733438759
734,867,133,0.133,0.15571077865864608
662,831,169,0.169,0.16154782264686945
730,865,135,0.135,0.14258924149052474
746,873,127,0.127,0.1292165896133338
752,876,124,0.124,0.12853884748765268
694,847,153,0.153,0.13756739865043396
800,900,100,0.1,0.11798172385578619
686,843,157,0.157,0.13032209225535904
654,827,173,0.173,0.13826695890029442
752,876,124,0.124,0.11475004245197852
702,851,149,0.149,0.10980165700245152
738,869,131,0.131,0.11038015599440473
706,853,147,0.147,0.11822699494092012
720,860,140,0.14,0.1170357101915015
722,861,139,0.139,0.12274799721566705
680,840,160,0.16,0.11157738441917764
688,844,156,0.156,0.12409759890756686
750,875,125,0.125,0.10743798511845216
718,859,141,0.141,0.1020038897091199
644,822,178,0.178,0.125816869765524
688,844,156,0.156,0.13307601355386395
772,886,114,0.114,0.10612828718474884
768,884,116,0.116,0.10320899962138037
716,858,142,0.142,0.11849230892490596
694,847,153,0.153,0.10978610074905282
720,860,140,0.14,0.1160749675909974
748,874,126,0.126,0.14192007171449472
712,856,144,0.144,0.11889654936264196
742,871,129,0.129,0.08964184944055478
762,881,119,0.119,0.10303201269808779
688,844,156,0.156,0.12004534272115325
750,875,125,0.125,0.08675208559870588
744,872,128,0.128,0.10212049673435832
712,856,144,0.144,0.09069625329186966
722,861,139,0.139,0.1017807526602919
720,860,140,0.14,0.11402780231004363
676,838,162,0.162,0.10081631176315568
778,889,111,0.111,0.11202751793114044
724,862,138,0.138,0.09961252959814373
732,866,134,0.134,0.1269291152120204
790,895,105,0.105,0.10596729287305857
726,863,137,0.137,0.11751653398577765
740,870,130,0.13,0.10596548135725971
774,887,113,0.113,0.09747606953854347
750,875,125,0.125,0.09466386386960221
808,904,96,0.096,0.08219744602555239
678,839,161,0.161,0.1216858473346847
774,887,113,0.113,0.08107955362154277
714,857,143,0.143,0.08441579462634036
728,864,136,0.136,0.0872819535802646
758,879,121,0.121,0.08354308206823725
718,859,141,0.141,0.0818989854307888
776,888,112,0.112,0.06691467878005006
710,855,145,0.145,0.08233929259967661
744,872,128,0.128,0.0779166205427473
702,851,149,0.149,0.08933470113497514
702,851,149,0.149,0.08447065563312069
710,855,145,0.145,0.08538140557875795
722,861,139,0.139,0.07600770183192798
710,855,145,0.145,0.0734856131639117
728,864,136,0.136,0.06866591503545455
728,864,136,0.136,0.07224023231425468
724,862,138,0.138,0.07560715396836475
760,880,120,0.12,0.06759115865032708
752,876,124,0.124,0.07741079330265166
706,853,147,0.147,0.06924993814792652
726,863,137,0.137,0.06520890788803309
670,835,165,0.165,0.07673559541121085
692,846,154,0.154,0.06348097878534736
748,874,126,0.126,0.06840536341009783
716,858,142,0.142,0.0625114509642175
728,864,136,0.136,0.0719506069422257
770,885,115,0.115,0.07313543782473429
720,860,140,0.14,0.06916460309393403
734,867,133,0.133,0.0770640026869296
700,850,150,0.15,0.07992796471700558
708,854,146,0.146,0.0863070048583977
766,883,117,0.117,0.07225722652874414
736,868,132,0.132,0.07604549482903411
686,843,157,0.157,0.09154967574943111
786,893,107,0.107,0.061504395495380094
730,865,135,0.135,0.06646934576478429
698,849,151,0.151,0.07335870641289045
724,862,138,0.138,0.0672723539139638
696,848,152,0.152,0.08357020560356705
710,855,145,0.145,0.06936612511138128
734,867,133,0.133,0.0528443467822076
648,824,176,0.176,0.08643666098072209
730,865,135,0.135,0.06706612362722626
764,882,118,0.118,0.0781685393576671
734,867,133,0.133,0.07581464537016108
720,860,140,0.14,0.08506873415924202
718,859,141,0.141,0.0751615383658965
740,870,130,0.13,0.0846453432526214
710,855,145,0.145,0.09312419504161516
728,864,136,0.136,0.09026078679057992
702,851,149,0.149,0.08963663290369005
722,861,139,0.139,0.10349561275653832
738,869,131,0.131,0.08548126250991481
692,846,154,0.154,0.08904443559562787
744,872,128,0.128,0.09141909642682731
762,881,119,0.119,0.07743557005405091
714,857,143,0.143,0.08807180245947166
716,858,142,0.142,0.09400880795499032
728,864,136,0.136,0.07498901120586561
752,876,124,0.124,0.07102925830085996
688,844,156,0.156,0.09415154040327252
670,835,165,0.165,0.08387349409572925
714,857,143,0.143,0.07572656509728586
720,860,140,0.14,0.0750018959175527
758,879,121,0.121,0.080063552832381
722,861,139,0.139,0.08020004540778246
722,861,139,0.139,0.07723811323051633
694,847,153,0.153,0.0910622775992233
722,861,139,0.139,0.08515522158696467
774,887,113,0.113,0.0853504300183231
666,833,167,0.167,0.1049418191162913
762,881,119,0.119,0.10323244329464797
720,860,140,0.14,0.1041182427592712
738,869,131,0.131,0.09767394414018782
752,876,124,0.124,0.10584086567558552
724,862,138,0.138,0.12625999933411367
652,826,174,0.174,0.11110222231004445
800,900,100,0.1,0.11204619106464088
724,862,138,0.138,0.11777042805326346
730,865,135,0.135,0.10000499631908315
656,828,172,0.172,0.11413394767383216
716,858,142,0.142,0.09806038909735798
750,875,125,0.125,0.09630774467653827
724,862,138,0.138,0.09272007265625871
744,872,128,0.128,0.08993107881571633
704,852,148,0.148,0.1044295843198488
788,894,106,0.106,0.10218835221821791
718,859,141,0.141,0.10894789211518946
714,857,143,0.143,0.12359198076129542
676,838,162,0.162,0.11519960570007606
708,854,146,0.146,0.111345423284949
754,877,123,0.123,0.13592949960719852
780,890,110,0.11,0.11583555503329263
768,884,116,0.116,0.1362583123888471
714,857,143,0.143,0.12472311919013737
760,880,120,0.12,0.1386881975850556
688,844,156,0.156,0.13608171379042325
710,855,145,0.145,0.10795213758613681
728,864,136,0.136,0.11218462915135752
748,874,126,0.126,0.12260436131029565
748,874,126,0.126,0.11367028486169875
664,832,168,0.168,0.11788187328580534
720,860,140,0.14,0.11907729191101499
762,881,119,0.119,0.11228735527966636
698,849,151,0.151,0.09951097407667839
762,881,119,0.119,0.0856972939093539
736,868,132,0.132,0.10443373468924255
680,840,160,0.16,0.09447256888973062
702,851,149,0.149,0.09671618430265516
724,862,138,0.138,0.10305365033361158
710,855,145,0.145,0.09328033825842431
756,878,122,0.122,0.08865964546077884
724,862,138,0.138,0.0920343928453185
742,871,129,0.129,0.08918852214698564
760,880,120,0.12,0.09092409926309483
752,876,124,0.124,0.08539055439834192
690,845,155,0.155,0.10489156318491405
708,854,146,0.146,0.09639915551235753
756,878,122,0.122,0.08666582687101618
680,840,160,0.16,0.10511684999354474
730,865,135,0.135,0.0998887977110935
690,845,155,0.155,0.09342814792058197
686,843,157,0.157,0.09033722637338178
798,899,101,0.101,0.08932527026615207
726,863,137,0.137,0.07612975327120512
712,856,144,0.144,0.09622185574410559
738,869,131,0.131,0.08706491644011112
730,865,135,0.135,0.0920656514242728
722,861,139,0.139,0.09429498685119324
736,868,132,0.132,0.10148488237114361
718,859,141,0.141,0.08896597845989163
750,875,125,0.125,0.09060630694270366
752,876,124,0.124,0.09867812383884302
700,850,150,0.15,0.09461741485286257
642,821,179,0.179,0.11353842209698632
678,839,161,0.161,0.10780594406963792
742,871,129,0.129,0.09295119656858879
752,876,124,0.124,0.09107934670285613
720,860,140,0.14,0.09039752290212345
768,884,116,0.116,0.09520254935145203
658,829,171,0.171,0.10484543948920327
738,869,131,0.131,0.10462965504876047
752,876,124,0.124,0.10359938763530227
718,859,141,0.141,0.1072361428354052
714,857,143,0.143,0.1061072829674522
706,853,147,0.147,0.1273127065427543
740,870,130,0.13,0.11301867738077999
750,875,125,0.125,0.13681969711562852
726,863,137,0.137,0.13858966412203153
748,874,126,0.126,0.12369876634713728
742,871,129,0.129,0.12412791380981798
750,875,125,0.125,0.14008107956533786
722,861,139,0.139,0.12689439905260225
738,869,131,0.131,0.12948787245817947
638,819,181,0.181,0.128970522219548
720,860,140,0.14,0.12905605632039077
782,891,109,0.109,0.10942529114859645
682,841,159,0.159,0.11402489165519364
712,856,144,0.144,0.12350019008215167
674,837,163,0.163,0.11360633419163059
758,879,121,0.121,0.12761578245961572
726,863,137,0.137,0.12752419563243167
732,866,134,0.134,0.1299331612039823
694,847,153,0.153,0.1325978231554909
704,852,148,0.148,0.12771813091286457
772,886,114,0.114,0.12480492416804191
724,862,138,0.138,0.1706460133418441
774,887,113,0.113,0.17743996455613523
706,853,147,0.147,0.17559158913861028
726,863,137,0.137,0.2063493878780864
702,851,149,0.149,0.23297559669706971
672,836,164,0.164,0.22414728344790638
712,856,144,0.144,0.2215843448420055
708,854,146,0.146,0.19887246523523935
696,848,152,0.152,0.16142812898349074
664,832,168,0.168,0.1538558044396341
690,845,155,0.155,0.15403050043809344
672,836,164,0.164,0.12876373121183132
694,847,153,0.153,0.11274182890206794
706,853,147,0.147,0.09453903528292722
714,857,143,0.143,0.11059442986185967
724,862,138,0.138,0.08705085808247531
664,832,168,0.168,0.09193763735132233
716,858,142,0.142,0.08652177845314145
762,881,119,0.119,0.09800368503815844
734,867,133,0.133,0.0917910732821474
722,861,139,0.139,0.09808283738052705
742,871,129,0.129,0.07893150633311598
720,860,140,0.14,0.07770167807803954
710,855,145,0.145,0.07943245879042661
782,891,109,0.109,0.07301051495172578
778,889,111,0.111,0.05697574171517499
760,880,120,0.12,0.05605214721259836
746,873,127,0.127,0.057113925174751785
722,861,139,0.139,0.054209763981990816
730,865,135,0.135,0.059040256618027344
736,868,132,0.132,0.059084726637047426
820,910,90,0.09,0.05327463494136282
738,869,131,0.131,0.0525920859874168
764,882,118,0.118,0.057227653955989354
778,889,111,0.111,0.06033353898886344
766,883,117,0.117,0.05188075936972382
712,856,144,0.144,0.061061664835677223
720,860,140,0.14,0.056638382871606156
712,856,144,0.144,0.051318634501636554
752,876,124,0.124,0.06454895854012557
692,846,154,0.154,0.0561719354064835
720,860,140,0.14,0.05950787635115421
756,878,122,0.122,0.05440596762261703
744,872,128,0.128,0.06791128820174322
684,842,158,0.158,0.06100347466525272
708,854,146,0.146,0.06409501323415862
774,887,113,0.113,0.06088653572351905
742,871,129,0.129,0.05676313490120128
670,835,165,0.165,0.06320614693706648
762,881,119,0.119,0.06160971649105204
726,863,137,0.137,0.055657814667007185
734,867,133,0.133,0.06262263284639698
744,872,128,0.128,0.07332229915720381
732,866,134,0.134,0.0740296737026282
816,908,92,0.092,0.0750915863806731
754,877,123,0.123,0.08313033846321924
760,880,120,0.12,0.081389360846224
778,889,111,0.111,0.0948157909638394
722,861,139,0.139,0.08977681213945471
694,847,153,0.153,0.0822181495737168
786,893,107,0.107,0.08972752724948804
724,862,138,0.138,0.08466976641304791
768,884,116,0.116,0.100264498536475
708,854,146,0.146,0.09235495875266497
726,863,137,0.137,0.09948852403124328
736,868,132,0.132,0.12299671715777367
720,860,140,0.14,0.12778644895507021
706,853,147,0.147,0.1261935774800295
758,879,121,0.121,0.15400567163038067
666,833,167,0.167,0.15182189107476735
716,858,142,0.142,0.14824997068854281
682,841,159,0.159,0.18689116878341883
766,883,117,0.117,0.16955147669650614
772,886,114,0.114,0.18177765623107553
716,858,142,0.142,0.20725393572822212
738,869,131,0.131,0.20095859558554366
682,841,159,0.159,0.21886254689283668
724,862,138,0.138,0.20706075261812656
748,874,126,0.126,0.21145629680342973
676,838,162,0.162,0.22445380000770093
688,844,156,0.156,0.1962978868857026
708,854,146,0.146,0.17351119478978216
718,859,141,0.141,0.16265014535328373
722,861,139,0.139,0.17722859651967884
702,851,149,0.149,0.1768605706745293
702,851,149,0.149,0.1512351224949816
724,862,138,0.138,0.1447511861436069
714,857,143,0.143,0.15691159811161925
708,854,146,0.146,0.1428815314656822
702,851,149,0.149,0.14069445228902622
690,845,155,0.155,0.15933976128231733
760,880,120,0.12,0.14221499257942197
710,855,145,0.145,0.15813974650774618
736,868,132,0.132,0.1508816453735344
684,842,158,0.158,0.15597405128134414
780,890,110,0.11,0.14937168795685285
716,858,142,0.142,0.15870913446227133
730,865,135,0.135,0.1638973092525266
758,879,121,0.121,0.14294964214623906
754,877,123,0.123,0.15535595339071007
700,850,150,0.15,0.15574159800331108
700,850,150,0.15,0.18600562771060505
688,844,156,0.156,0.1792113982285373
736,868,132,0.132,0.19348398453602567
666,833,167,0.167,0.24467560471780597
678,839,161,0.161,0.3139764886451885
680,840,160,0.16,0.3184972616024315
736,868,132,0.132,0.33762919989228246
682,841,159,0.159,0.43761492958664894
712,856,144,0.144,0.47353588514775036
660,830,170,0.17,0.4998225322365761
676,838,162,0.162,0.49999169121682646
720,860,140,0.14,0.5186121126264334
656,828,172,0.172,0.49157229146361353
652,826,174,0.174,0.4888171095401049
666,833,167,0.167,0.47455687353760007
700,850,150,0.15,0.44720294692367313
712,856,144,0.144,0.45811390605568886
712,856,144,0.144,0.446926952816546
596,798,202,0.202,0.449155000127852
672,836,164,0.164,0.4500901697203517
688,844,156,0.156,0.405595496147871
666,833,167,0.167,0.41213617439568045
700,850,150,0.15,0.37201788821071385
664,832,168,0.168,0.38161324070394037
738,869,131,0.131,0.3599101107567549
676,838,162,0.162,0.3700873552709818
706,853,147,0.147,0.37182916260510684
744,872,128,0.128,0.36698018618673084
740,870,130,0.13,0.3083460500780493
722,861,139,0.139,0.30644092795997857
748,874,126,0.126,0.3116186687424779
718,859,141,0.141,0.2531633940609172
708,854,146,0.146,0.21701704069040717
718,859,141,0.141,0.2195902279065922
708,854,146,0.146,0.20426407733839005
692,846,154,0.154,0.20062817537225783
730,865,135,0.135,0.21698664872441442
738,869,131,0.131,0.23921855656709523
778,889,111,0.111,0.2379582421518862
710,855,145,0.145,0.2209839152675122
742,871,129,0.129,0.2361532504586503
716,858,142,0.142,0.25210582533851267
752,876,124,0.124,0.22727094636112452
638,819,181,0.181,0.25162264169566334
748,874,126,0.126,0.2823928090184927
738,869,131,0.131,0.28244672128930687
700,850,150,0.15,0.274674498423934
716,858,142,0.142,0.3106918077711016
676,838,162,0.162,0.3508026081621647
664,832,168,0.168,0.34520122230425476
718,859,141,0.141,0.3532644393667579
676,838,162,0.162,0.39418520795181394
706,853,147,0.147,0.47582656414061786
688,844,156,0.156,0.49284953094273803
632,816,184,0.184,0.5164079344570637
646,823,177,0.177,0.5541187491714954
572,786,214,0.214,0.5869017517864704
620,810,190,0.19,0.5862034744024277
644,822,178,0.178,0.617386070907116
588,794,206,0.206,0.6678198548555374
600,800,200,0.2,0.7000495573282242
586,793,207,0.207,0.7044686923027038
614,807,193,0.193,0.6972064230442047
554,777,223,0.223,0.6755225338041783
612,806,194,0.194,0.6389929049015045
646,823,177,0.177,0.6244013689160347
670,835,165,0.165,0.6176905996799469
670,835,165,0.165,0.620377122104168
668,834,166,0.166,0.6345210503041744
690,845,155,0.155,0.6380670797228813
654,827,173,0.173,0.6269166080653668
664,832,168,0.168,0.5847362581789494
622,811,189,0.189,0.5153710434213281
750,875,125,0.125,0.5012669984698296
702,851,149,0.149,0.46968942825496196
720,860,140,0.14,0.4421326230615377
700,850,150,0.15,0.45173155860602854
684,842,158,0.158,0.45311545361578465
746,873,127,0.127,0.46519584813714027
716,858,142,0.142,0.5199710128605366
598,799,201,0.201,0.5934527327269316
672,836,164,0.164,0.5868817591071129
618,809,191,0.191,0.6092530762851238
648,824,176,0.176,0.6273481245040894
632,816,184,0.184,0.603568429172039
658,829,171,0.171,0.5965508047640323
622,811,189,0.189,0.5965324094593525
654,827,173,0.173,0.6027172668576241
646,823,177,0.177,0.6055523904561997
632,816,184,0.184,0.6144033150672913
640,820,180,0.18,0.5845024002194404
610,805,195,0.195,0.5410186996608972
652,826,174,0.174,0.5006103595495224
702,851,149,0.149,0.500056439563632
716,858,142,0.142,0.5019580891877413
678,839,161,0.161,0.5381167890578509
642,821,179,0.179,0.5887002882957458
680,840,160,0.16,0.5855885130167008
654,827,173,0.173,0.6150189184248448
666,833,167,0.167,0.6468525436222553
622,811,189,0.189,0.6521888357996941
624,812,188,0.188,0.6440226064920426
626,813,187,0.187,0.6330833651721478
696,848,152,0.152,0.5665858098864556
688,844,156,0.156,0.5003861343115568
738,869,131,0.131,0.4860497050434351
660,830,170,0.17,0.4438543950766325
670,835,165,0.165,0.40840433664619924
648,824,176,0.176,0.3976598008573055
686,843,157,0.157,0.38087519847601653
676,838,162,0.162,0.3702654775753617
688,844,156,0.156,0.3151053653191775
718,859,141,0.141,0.3078569065015763
740,870,130,0.13,0.26618867453560235
672,836,164,0.164,0.2637998168524355
728,864,136,0.136,0.23758642814535416
684,842,158,0.158,0.23525337801501156
676,838,162,0.162,0.21908721436327322
698,849,151,0.151,0.20100385005259885
684,842,158,0.158,0.21651884467899798
720,860,140,0.14,0.19522944363381248
760,880,120,0.12,0.18849203947000207
710,855,145,0.145,0.1719099484127946
714,857,143,0.143,0.16742843264038673
716,858,142,0.142,0.14975922924792395
734,867,133,0.133,0.14121516097523273
710,855,145,0.145,0.1399037614655681
684,842,158,0.158,0.14816187306249048
742,871,129,0.129,0.14374686832376757
782,891,109,0.109,0.13038968607538845
736,868,132,0.132,0.1240912998233689
724,862,138,0.138,0.1055210707737133
748,874,126,0.126,0.12119992828986142
748,874,126,0.126,0.11302401114394889
710,855,145,0.145,0.11574696483764274
740,870,130,0.13,0.08752968111676455
746,873,127,0.127,0.0924225364580052
750,875,125,0.125,0.1157158953948383
716,858,142,0.142,0.099693491682905
742,871,129,0.129,0.08999400829208025
712,856,144,0.144,0.09143430662993342
734,867,133,0.133,0.09153544871706981
708,854,146,0.146,0.08945678985409904
748,874,126,0.126,0.10774061932228506
666,833,167,0.167,0.12393058660437237
666,833,167,0.167,0.11991335216457083
760,880,120,0.12,0.1269740481695626
692,846,154,0.154,0.13734302771138027
738,869,131,0.131,0.12988330584112553
746,873,127,0.127,0.13090044608339668
736,868,132,0.132,0.13221663228169564
666,833,167,0.167,0.1188602330305148
674,837,163,0.163,0.13542580628814177
752,876,124,0.124,0.13746610088570743
716,858,142,0.142,0.10995968375151279
648,824,176,0.176,0.11492510830261744
762,881,119,0.119,0.12329107741871849
682,841,159,0.159,0.12953843852574937
754,877,123,0.123,0.15565913754329086
724,862,138,0.138,0.13121858673449605
762,881,119,0.119,0.12788612303044647
750,875,125,0.125,0.13596097280608957
746,873,127,0.127,0.13427518524229526
680,840,160,0.16,0.14654255375755018
712,856,144,0.144,0.15090061369701288
694,847,153,0.153,0.14369283289276064
754,877,123,0.123,0.1392219258195255
722,861,139,0.139,0.1452100029096473
724,862,138,0.138,0.158620329963509
688,844,156,0.156,0.13996789031033405
692,846,154,0.154,0.13972947671217845
734,867,133,0.133,0.15276436841161922
712,856,144,0.144,0.13511672614375128
730,865,135,0.135,0.13349139665369875
700,850,150,0.15,0.17379847233532927
698,849,151,0.151,0.17543389173876495
708,854,146,0.146,0.18956402471871114
714,857,143,0.143,0.1799381815646775
710,855,145,0.145,0.20399149799952285
740,870,130,0.13,0.2167953302115202
764,882,118,0.118,0.19325494370423257
746,873,127,0.127,0.21311287306412124
716,858,142,0.142,0.1847957477029413
682,841,159,0.159,0.15783356283884495
680,840,160,0.16,0.16891051505506038
800,900,100,0.1,0.16242394942208194
764,882,118,0.118,0.16673859010031447
708,854,146,0.146,0.16584625452989712
692,846,154,0.154,0.1575993887622608
668,834,166,0.166,0.17015235050441696
740,870,130,0.13,0.15050577275967225
746,873,127,0.127,0.13497989997267723
732,866,134,0.134,0.15928155849454925
712,856,144,0.144,0.14599003669805824
700,850,150,0.15,0.16784549241652713
674,837,163,0.163,0.16062104414170608
714,857,143,0.143,0.1796920239608735
712,856,144,0.144,0.1754599447636865
726,863,137,0.137,0.15589193989802153
822,911,89,0.089,0.1698540394094307
748,874,126,0.126,0.16087439627433195
772,886,114,0.114,0.17818679502233864
700,850,150,0.15,0.15626576933916658
746,873,127,0.127,0.1517368679973297
752,876,124,0.124,0.13849774830508976
684,842,158,0.158,0.16658911645575428
718,859,141,0.141,0.11266791137610563
710,855,145,0.145,0.10619066523516085
768,884,116,0.116,0.10883616617764347
740,870,130,0.13,0.09483456346194725
690,845,155,0.155,0.08287284449546133
738,869,131,0.131,0.08991647771431599
786,893,107,0.107,0.09321263197623193
712,856,144,0.144,0.0999943344751373
722,861,139,0.139,0.0684372238436481
710,855,145,0.145,0.08864040496213965
776,888,112,0.112,0.0857485222673422
764,882,118,0.118,0.0747169617722975
748,874,126,0.126,0.07268229638232152
684,842,158,0.158,0.0695639543531579
694,847,153,0.153,0.07204337302112253
726,863,137,0.137,0.06379617852953379
726,863,137,0.137,0.06038208057265729
714,857,143,0.143,0.056837351895839675
702,851,149,0.149,0.06057986860931851
760,880,120,0.12,0.07184002666320885
716,858,142,0.142,0.06466775009905813
722,861,139,0.139,0.06451219560520258
678,839,161,0.161,0.06645202448102645
742,871,129,0.129,0.056391898242611205
840,920,80,0.08,0.0613645227788511
750,875,125,0.125,0.06739859523286577
740,870,130,0.13,0.06405557779513765
750,875,125,0.125,0.06985799380243407
694,847,153,0.153,0.06501619314905838
696,848,152,0.152,0.07613926945063576
744,872,128,0.128,0.07249920265644323
732,866,134,0.134,0.06439466210015962
752,876,124,0.124,0.06167886975224246
786,893,107,0.107,0.056822090051617126
786,893,107,0.107,0.06400646550732199
720,860,140,0.14,0.06531749794617826
776,888,112,0.112,0.05535448902723147
688,844,156,0.156,0.06839121656779025
728,864,136,0.136,0.05894229011877906
706,853,147,0.147,0.06457177203200991
754,877,123,0.123,0.06663419874964166
736,868,132,0.132,0.07414386544030276
724,862,138,0.138,0.07209630230121547
784,892,108,0.108,0.07301689433891442
732,866,134,0.134,0.0720191874205193
714,857,143,0.143,0.0727117032475071
706,853,147,0.147,0.07981089050963056
738,869,131,0.131,0.07661798820679541
654,827,173,0.173,0.08570531316788402
658,829,171,0.171,0.06725063126510941
756,878,122,0.122,0.06661397518411104
720,860,140,0.14,0.08039142972046102
760,880,120,0.12,0.08256463371473365
754,877,123,0.123,0.06349612426612838
688,844,156,0.156,0.06326618873920234
722,861,139,0.139,0.07582551591080847
738,869,131,0.131,0.06987040603061904
712,856,144,0.144,0.06600533628533595
748,874,126,0.126,0.07666962565257564
714,857,143,0.143,0.08148398547011311
766,883,117,0.117,0.08733442476490745
684,842,158,0.158,0.0712813558272901
776,888,112,0.112,0.07775274436091559
734,867,133,0.133,0.0901507125866483
740,870,130,0.13,0.06991786287931609
766,883,117,0.117,0.06729285451347823
718,859,141,0.141,0.07308318995521404
748,874,126,0.126,0.07311979778797831
748,874,126,0.126,0.09405157158896327
718,859,141,0.141,0.07341090890814667
768,884,116,0.116,0.06094658916920889
728,864,136,0.136,0.07177009761426598
754,877,123,0.123,0.07436260680500709
702,851,149,0.149,0.07844092175456172
766,883,117,0.117,0.06760811594141705
714,857,143,0.143,0.07700446014179033
782,891,109,0.109,0.06299679136535997
734,867,133,0.133,0.06615077264259162
680,840,160,0.16,0.06031376661005197
764,882,118,0.118,0.07224314782431611
682,841,159,0.159,0.060690110990923134
726,863,137,0.137,0.059199260761204645
756,878,122,0.122,0.051150217437760145
732,866,134,0.134,0.06072666265249427
712,856,144,0.144,0.04802322333253687
734,867,133,0.133,0.053392162998301504
720,860,140,0.14,0.06652396452070752
732,866,134,0.134,0.05121825369112776
740,870,130,0.13,0.03576777202615631
758,879,121,0.121,0.04529817623013605
730,865,135,0.135,0.05565216017750208
694,847,153,0.153,0.04267859573701753
744,872,128,0.128,0.051923706842022736
686,843,157,0.157,0.039427625483483095
794,897,103,0.103,0.053978703166387275
700,850,150,0.15,0.04779134738459834
746,873,127,0.127,0.04837840842086007
674,837,163,0.163,0.06050144476832793
722,861,139,0.139,0.05743416743917624
742,871,129,0.129,0.06905727154386114
734,867,133,0.133,0.05541353512290152
680,840,160,0.16,0.0667725442342562
774,887,113,0.113,0.05000154789994121
724,862,138,0.138,0.05648947199342365
722,861,139,0.139,0.05397032797223073
758,879,121,0.121,0.04791474760943919
726,863,137,0.137,0.05154426529174089
754,877,123,0.123,0.04652884180991896
792,896,104,0.104,0.05264290963158419
722,861,139,0.139,0.04768628355031251
756,878,122,0.122,0.04199814913012233
686,843,157,0.157,0.05019567721594649
758,879,121,0.121,0.05841246406422579
780,890,110,0.11,0.04964618397409049
772,886,114,0.114,0.04284081719192363
732,866,134,0.134,0.044307772527413365
708,854,146,0.146,0.03486361630771262
732,866,134,0.134,0.046488309918247976
726,863,137,0.137,0.04029022555093616
764,882,118,0.118,0.04529539068368467
706,853,147,0.147,0.033255432724010464
692,846,154,0.154,0.04561895542362618
776,888,112,0.112,0.04538218667282126
810,905,95,0.095,0.0440677367955559
668,834,166,0.166,0.049704853658020964
696,848,152,0.152,0.05123064924230857
704,852,148,0.148,0.044716598180630174
790,895,105,0.105,0.033075419828717714
716,858,142,0.142,0.03971370575146284
732,866,134,0.134,0.05043359331209194
746,873,127,0.127,0.04381282503179682
748,874,126,0.126,0.04081321944539377
748,874,126,0.126,0.03276568109124491
732,866,134,0.134,0.05027720219806906
732,866,134,0.134,0.038548234953537756
726,863,137,0.137,0.04882023134913834
732,866,134,0.134,0.04038828816404566
778,889,111,0.111,0.03697725203581922
746,873,127,0.127,0.0336225334805099
720,860,140,0.14,0.03592333868011792
746,873,127,0.127,0.03735548396587728
684,842,158,0.158,0.028179734097739127
710,855,145,0.145,0.0357004985087151
722,861,139,0.139,0.03372779325369902
726,863,137,0.137,0.0407844163014031
732,866,134,0.134,0.03886587733006126
744,872,128,0.128,0.031194464586195864
700,850,150,0.15,0.02940782952882
746,873,127,0.127,0.03579506191082146
718,859,141,0.141,0.033618638458299516
738,869,131,0.131,0.038034174081662514
788,894,106,0.106,0.02880833517699466
716,858,142,0.142,0.03140955451932314
740,870,130,0.13,0.03366427084762836
664,832,168,0.168,0.03513838933842999
758,879,121,0.121,0.03570823182991057
678,839,161,0.161,0.026153632382760406
758,879,121,0.121,0.046493970304389225
742,871,129,0.129,0.04017121665540617
692,846,154,0.154,0.041511010572110534
766,883,117,0.117,0.04792649360692303
786,893,107,0.107,0.03764918428222882
756,878,122,0.122,0.041625916830194454
736,868,132,0.132,0.044523115129210054
750,875,125,0.125,0.03297815677330982
752,876,124,0.124,0.03750461992323108
702,851,149,0.149,0.03370117425200459
696,848,152,0.152,0.0408112143153412
738,869,131,0.131,0.033766680360782626
754,877,123,0.123,0.03944598317587474
758,879,121,0.121,0.03604683719389641
814,907,93,0.093,0.030896443508368975
748,874,126,0.126,0.03188816813304584
688,844,156,0.156,0.027404230097255095
744,872,128,0.128,0.02551542743839127
718,859,141,0.141,0.03402570406354903
716,858,142,0.142,0.02942707374539168
724,862,138,0.138,0.02446361183850877
724,862,138,0.138,0.028934558940756687
722,861,139,0.139,0.026402594742004567
762,881,119,0.119,0.023683579605281013
752,876,124,0.124,0.033458954047168844
780,890,110,0.11,0.02767538055834143
742,871,129,0.129,0.026474320924251515
734,867,133,0.133,0.026181466145930244
740,870,130,0.13,0.028084511284319887
708,854,146,0.146,0.024190668497230037
702,851,149,0.149,0.0318121032487162
728,864,136,0.136,0.03566883471781421
754,877,123,0.123,0.024863837967370274
786,893,107,0.107,0.024856372366975053
728,864,136,0.136,0.027955095194603926
740,870,130,0.13,0.03681229905721102
740,870,130,0.13,0.02577932196148629
732,866,134,0.134,0.02313459838493145
748,874,126,0.126,0.029578562019178207
696,848,152,0.152,0.030982145813887654
782,891,109,0.109,0.044653529989318486
726,863,137,0.137,0.026841908418996467
780,890,110,0.11,0.03342278525774054
746,873,127,0.127,0.027186261913627333
724,862,138,0.138,0.029457576600455015
680,840,160,0.16,0.02429946678622588
750,875,125,0.125,0.023019371465777566
706,853,147,0.147,0.025684408528570204
736,868,132,0.132,0.02469492208039145
740,870,130,0.13,0.020727228769999897
708,854,146,0.146,0.020795081079103737
774,887,113,0.113,0.023773573288943906
764,882,118,0.118,0.025969034117992378
706,853,147,0.147,0.023556850399675568
728,864,136,0.136,0.02636059804948036
730,865,135,0.135,0.02402116701776504
730,865,135,0.135,0.027226457657188518
726,863,137,0.137,0.03074723767870182
724,862,138,0.138,0.02570223687851967
772,886,114,0.114,0.0256621483509457
756,878,122,0.122,0.0207229986509783
690,845,155,0.155,0.02491574521947338
712,856,144,0.144,0.025298546556638938
728,864,136,0.136,0.02603062921364446
726,863,137,0.137,0.018517173289936635
750,875,125,0.125,0.022699383591630977
762,881,119,0.119,0.027596667454520683
718,859,141,0.141,0.0248612047733086
736,868,132,0.132,0.0207718822468546
746,873,127,0.127,0.027890169371645696
758,879,121,0.121,0.018151590181161054
748,874,126,0.126,0.021198066115221365
698,849,151,0.151,0.018158847567984027
738,869,131,0.131,0.01959485305342332
694,847,153,0.153,0.018843759318765137
786,893,107,0.107,0.018776072166834638
764,882,118,0.118,0.021934576122371596
756,878,122,0.122,0.027067933043053927
760,880,120,0.12,0.019414858070667833
714,857,143,0.143,0.019417450577981867
766,883,117,0.117,0.02033517394440605
730,865,135,0.135,0.02355051683244099
706,853,147,0.147,0.018561112355842964
774,887,113,0.113,0.02058614495297502
738,869,131,0.131,0.022712538392162855
700,850,150,0.15,0.020606378982699028
706,853,147,0.147,0.021575472680209713
732,866,134,0.134,0.022590991372431632
706,853,147,0.147,0.031345454428903255
792,896,104,0.104,0.02002171303712066
736,868,132,0.132,0.023111956796191862
720,860,140,0.14,0.02037801077658429
726,863,137,0.137,0.022541097005179908
738,869,131,0.131,0.019053877159701187
748,874,126,0.126,0.018286200270898945
706,853,147,0.147,0.015384091667043435
740,870,130,0.13,0.02317094083735856
732,866,134,0.134,0.026090961983204125
744,872,128,0.128,0.022665466678059146
750,875,125,0.125,0.02773820781646282
704,852,148,0.148,0.026242008228651685
700,850,150,0.15,0.024504357052719455
724,862,138,0.138,0.025257482686789446
784,892,108,0.108,0.0185236153560287
728,864,136,0.136,0.025578122201620316
724,862,138,0.138,0.022885961225247442
740,870,130,0.13,0.024521026188313443
670,835,165,0.165,0.01747549039813157
700,850,150,0.15,0.02180431152675743
708,854,146,0.146,0.022717531980366856
768,884,116,0.116,0.0285930841877576
716,858,142,0.142,0.02261745043464225
740,870,130,0.13,0.029290659610627698
684,842,158,0.158,0.025616179336967262
800,900,100,0.1,0.025530213213687147
730,865,135,0.135,0.02314579136507291
698,849,151,0.151,0.028098082864048593
732,866,134,0.134,0.023265755860420484
718,859,141,0.141,0.027175608498060683
752,876,124,0.124,0.026367931299402583
720,860,140,0.14,0.0326531749503456
694,847,153,0.153,0.029077628639306567
718,859,141,0.141,0.025531443879704966
778,889,111,0.111,0.023188080322208406
754,877,123,0.123,0.02726517146308902
832,916,84,0.084,0.03154500767303762
734,867,133,0.133,0.020818903151427547
692,846,154,0.154,0.023965236942821662
728,864,136,0.136,0.03178535408962216
718,859,141,0.141,0.026364789725029935
718,859,141,0.141,0.026981363712120583
750,875,125,0.125,0.022414723485210744
724,862,138,0.138,0.02579845805487639
784,892,108,0.108,0.030579312521355918
768,884,116,0.116,0.02576459218837408
678,839,161,0.161,0.02991735018366603
774,887,113,0.113,0.028781062125746302
712,856,144,0.144,0.02642102420982701
738,869,131,0.131,0.03304606563749363
750,875,125,0.125,0.023622052017659826
710,855,145,0.145,0.031014511861824672
754,877,123,0.123,0.022120721373722972
724,862,138,0.138,0.03101829849855241
728,864,136,0.136,0.028932692370428413
666,833,167,0.167,0.02838770365215714
792,896,104,0.104,0.026220907549126708
754,877,123,0.123,0.030992859693416336
796,898,102,0.102,0.025094839684925915
800,900,100,0.1,0.02808403008083229
700,850,150,0.15,0.019517109018792327
666,833,167,0.167,0.02235302588756713
732,866,134,0.134,0.022408143998293825
696,848,152,0.152,0.023468479897165707
702,851,149,0.149,0.02000904213802312
692,846,154,0.154,0.020485748910749977
774,887,113,0.113,0.025745087119388416
714,857,143,0.143,0.02495289869585963
752,876,124,0.124,0.020392090378158968
652,826,174,0.174,0.026156052252064455
760,880,120,0.12,0.027500267679714852
710,855,145,0.145,0.02717157718619819
716,858,142,0.142,0.028963686626432263
726,863,137,0.137,0.02590058301227026
776,888,112,0.112,0.02698152486642533
696,848,152,0.152,0.028194857643332398
730,865,135,0.135,0.027126071156958004
700,850,150,0.15,0.0222841335544162
718,859,141,0.141,0.020305686924597468
714,857,143,0.143,0.027481596432169682
702,851,149,0.149,0.021066356173839267
738,869,131,0.131,0.02655753091978886
736,868,132,0.132,0.026910022947111544
810,905,95,0.095,0.025403610434559624
736,868,132,0.132,0.02729364260508737
704,852,148,0.148,0.022076284409183244
678,839,161,0.161,0.02550593095777185
704,852,148,0.148,0.021566383995633716
724,862,138,0.138,0.023503579497968986
730,865,135,0.135,0.024957687072473162
798,899,101,0.101,0.029304453444084517
748,874,126,0.126,0.01758882870536391
784,892,108,0.108,0.028560329697100314
740,870,130,0.13,0.021297412746550434
674,837,163,0.163,0.024025412684165758
716,858,142,0.142,0.028800299081085542
740,870,130,0.13,0.02200556962347669
756,878,122,0.122,0.021163095520524904
712,856,144,0.144,0.026192672278813917
762,881,119,0.119,0.02053136694954719
720,860,140,0.14,0.026965088502508935
748,874,126,0.126,0.017683063903364854
784,892,108,0.108,0.018047324896523376
754,877,123,0.123,0.018808578772694772
704,852,148,0.148,0.018706884248332244
744,872,128,0.128,0.02483275918503523
700,850,150,0.15,0.01892888836515931
694,847,153,0.153,0.019678160486605152
770,885,115,0.115,0.02278356054165283
714,857,143,0.143,0.02324553876571963
708,854,146,0.146,0.02191559682228717
724,862,138,0.138,0.020126448702067135
716,858,142,0.142,0.032122631594436825
740,870,130,0.13,0.023315807718757697
716,858,142,0.142,0.027204170357792462
778,889,111,0.111,0.023301841119090567
712,856,144,0.144,0.03212244932325575
692,846,154,0.154,0.025385849979931662
788,894,106,0.106,0.032174135495091835
734,867,133,0.133,0.031188003935383676
684,842,158,0.158,0.03203766533502175
742,871,129,0.129,0.02922102390729924
754,877,123,0.123,0.02949525477377756
758,879,121,0.121,0.036552926201453374
700,850,150,0.15,0.024485787050654836
730,865,135,0.135,0.027434786271098743
702,851,149,0.149,0.02979801088419208
764,882,118,0.118,0.030029217742827314
692,846,154,0.154,0.02902423184270265
726,863,137,0.137,0.031204950174193072
734,867,133,0.133,0.033354766151093375
742,871,129,0.129,0.02195875724184532
750,875,125,0.125,0.018868082165458874
732,866,134,0.134,0.02513576402432693
768,884,116,0.116,0.03153489518943661
726,863,137,0.137,0.024449463435037615
756,878,122,0.122,0.022766184862473893
744,872,128,0.128,0.022733393916268822
714,857,143,0.143,0.019169021155474184
756,878,122,0.122,0.021719970801800173
738,869,131,0.131,0.02779052117090441
720,860,140,0.14,0.027069764852183653
710,855,145,0.145,0.03153891858848874
708,854,146,0.146,0.026134062747463303
698,849,151,0.151,0.02525320309310109
796,898,102,0.102,0.020281185795402962
740,870,130,0.13,0.028223905500042803
682,841,159,0.159,0.020146826017813695
730,865,135,0.135,0.020999579945704342
718,859,141,0.141,0.023812592695685454
684,842,158,0.158,0.01957095131839867
762,881,119,0.119,0.027374867247766815
724,862,138,0.138,0.01857361275562272
772,886,114,0.114,0.020050992434904786
778,889,111,0.111,0.01964229241573503
762,881,119,0.119,0.018517618251617476
692,846,154,0.154,0.01730168381609144
764,882,118,0.118,0.017621286670295035
764,882,118,0.118,0.014750843153205153
764,882,118,0.118,0.013348773851826933
720,860,140,0.14,0.014323901611157111
780,890,110,0.11,0.015619111469596561
758,879,121,0.121,0.014512477046637542
804,902,98,0.098,0.01667755995851394
714,857,143,0.143,0.01395230960014544
710,855,145,0.145,0.013096410830778523
716,858,142,0.142,0.011883290667802044
748,874,126,0.126,0.015875476531645703
740,870,130,0.13,0.014190198824278098
732,866,134,0.134,0.011172687303189079
764,882,118,0.118,0.0115552018852878
750,875,125,0.125,0.012667805577471313
772,886,114,0.114,0.014827578488921574
718,859,141,0.141,0.011977463859930424
756,878,122,0.122,0.01373639610549759
706,853,147,0.147,0.015034216520894803
764,882,118,0.118,0.015349908786205064
704,852,148,0.148,0.012454254865517782
750,875,125,0.125,0.014114550550155855
712,856,144,0.144,0.01134851020517786
722,861,139,0.139,0.016096546319233667
734,867,133,0.133,0.012443670028149768
778,889,111,0.111,0.01279972564231545
728,864,136,0.136,0.014181157866554599
688,844,156,0.156,0.01816233349656497
668,834,166,0.166,0.016924406519621044
738,869,131,0.131,0.015320209715370495
748,874,126,0.126,0.01748186118365946
758,879,121,0.121,0.015087031060307822
640,820,180,0.18,0.018218927313189085
724,862,138,0.138,0.019498261924093485
736,868,132,0.132,0.018998926852909336
762,881,119,0.119,0.012903835036427154
732,866,134,0.134,0.02145885604905408
680,840,160,0.16,0.013110646665282673
704,852,148,0.148,0.011277361383476119
742,871,129,0.129,0.012658081762940924
704,852,148,0.148,0.014615302391708539
738,869,131,0.131,0.014598923946180719
690,845,155,0.155,0.017382132944987774
700,850,150,0.15,0.012428982852975935
742,871,129,0.129,0.013660463791458823
762,881,119,0.119,0.019224724922758868
698,849,151,0.151,0.014765229651230812
722,861,139,0.139,0.013930628648513561
728,864,136,0.136,0.013625363597477715
752,876,124,0.124,0.013558972573799793
754,877,123,0.123,0.010547004996071564
704,852,148,0.148,0.009851640745281685
750,875,125,0.125,0.009584555096434102
774,887,113,0.113,0.014885830336182152
718,859,141,0.141,0.011954097448335844
692,846,154,0.154,0.011010913622208449
760,880,120,0.12,0.010649930940226525
768,884,116,0.116,0.006934003371756802
726,863,137,0.137,0.011573760577092912
722,861,139,0.139,0.007764200498318061
746,873,127,0.127,0.008679811574142207
716,858,142,0.142,0.011587020498795567
706,853,147,0.147,0.007798548892719708
764,882,118,0.118,0.010680806143333143
718,859,141,0.141,0.010756922136134932
724,862,138,0.138,0.010270910353153084
756,878,122,0.122,0.008517611671729129
714,857,143,0.143,0.013019673820098917
750,875,125,0.125,0.010791093765757723
790,895,105,0.105,0.007835809650570895
776,888,112,0.112,0.011547239746452932
720,860,140,0.14,0.011281460471544734
732,866,134,0.134,0.00688056425391855
742,871,129,0.129,0.01028673796718732
732,866,134,0.134,0.0073946311310752865
720,860,140,0.14,0.0098181043466558
758,879,121,0.121,0.008491770616756995
794,897,103,0.103,0.012833158198179376
702,851,149,0.149,0.008547964840919946
696,848,152,0.152,0.011527509317466567
750,875,125,0.125,0.008248478867609378
698,849,151,0.151,0.011335909052279504
728,864,136,0.136,0.011381092356318333
772,886,114,0.114,0.009494277662615786
754,877,123,0.123,0.009932490386933735
704,852,148,0.148,0.013274348997829392
720,860,140,0.14,0.011143533506097356
750,875,125,0.125,0.013671688642336961
712,856,144,0.144,0.007475316834234277
762,881,119,0.119,0.013067925512123877
760,880,120,0.12,0.008698549541526945
718,859,141,0.141,0.011880659661978484
726,863,137,0.137,0.012027166810202118
764,882,118,0.118,0.012578873954198287
654,827,173,0.173,0.013347858442256623
690,845,155,0.155,0.013521116461237128
752,876,124,0.124,0.009642821988936007
658,829,171,0.171,0.014766444659740046
710,855,145,0.145,0.009985211485193346
768,884,116,0.116,0.011473024784879044
724,862,138,0.138,0.011735796852652655
754,877,123,0.123,0.015095562171094713
694,847,153,0.153,0.01383270025048796
748,874,126,0.126,0.013103179244362537
698,849,151,0.151,0.015010691759322754
746,873,127,0.127,0.019206458072039596
710,855,145,0.145,0.01198297788695436
780,890,110,0.11,0.015919129755479388
720,860,140,0.14,0.013847384784502708
768,884,116,0.116,0.014158732949854936
750,875,125,0.125,0.014944684649763758
742,871,129,0.129,0.015298617165965651
762,881,119,0.119,0.018697125127294725
746,873,127,0.127,0.014721883266587611
706,853,147,0.147,0.013905706078744515
764,882,118,0.118,0.012975843633210615
694,847,153,0.153,0.01213292020000354
696,848,152,0.152,0.008846409132314334
722,861,139,0.139,0.012821744707707921
774,887,113,0.113,0.014348785910367211
680,840,160,0.16,0.018530450646184478
648,824,176,0.176,0.01783874698130876
698,849,151,0.151,0.013597154167598546
720,860,140,0.14,0.01685764863826762
756,878,122,0.122,0.017718786753564017
686,843,157,0.157,0.018408408063831757
708,854,146,0.146,0.020962321060005708
706,853,147,0.147,0.01962794346855014
732,866,134,0.134,0.022139005512216044
702,851,149,0.149,0.02315943907135079
772,886,114,0.114,0.023516062314738576
748,874,126,0.126,0.01470325446957827
686,843,157,0.157,0.027477830590666143
776,888,112,0.112,0.022518037360842527
710,855,145,0.145,0.021392922651000845
760,880,120,0.12,0.017837625812279354
710,855,145,0.145,0.019738961674153416
628,814,186,0.186,0.013019786282377084
722,861,139,0.139,0.01621176333813628
764,882,118,0.118,0.022298980190749718
748,874,126,0.126,0.01809049650618135
700,850,150,0.15,0.014685246281777382
688,844,156,0.156,0.018436129928199534
702,851,149,0.149,0.01774461586377083
710,855,145,0.145,0.018904455790368757
724,862,138,0.138,0.017841541841885886
712,856,144,0.144,0.013852961094654517
698,849,151,0.151,0.016308859406393823
676,838,162,0.162,0.0165564263872849
794,897,103,0.103,0.017168883224796674
766,883,117,0.117,0.015989501630982887
710,855,145,0.145,0.019126461925261993
772,886,114,0.114,0.02566379846526985
758,879,121,0.121,0.018519143142084887
740,870,130,0.13,0.021398995257990463
742,871,129,0.129,0.02277950456376823
712,856,144,0.144,0.018876953276258972
724,862,138,0.138,0.022672758113838697
746,873,127,0.127,0.022070814632218914
782,891,109,0.109,0.017289846996351117
718,859,141,0.141,0.025178157976339207
696,848,152,0.152,0.020366229072337646
704,852,148,0.148,0.022086166984767716
672,836,164,0.164,0.017923683334392992
714,857,143,0.143,0.023753744343896415
742,871,129,0.129,0.02895012819128169
688,844,156,0.156,0.02388513984058227
690,845,155,0.155,0.02026567989733303
728,864,136,0.136,0.026405534330660885
706,853,147,0.147,0.029779717875343066
720,860,140,0.14,0.02207997259239801
706,853,147,0.147,0.023318503959081225
670,835,165,0.165,0.0231246327930412
700,850,150,0.15,0.020140499657758482
696,848,152,0.152,0.01928642124882572
760,880,120,0.12,0.023040101522796248
720,860,140,0.14,0.024813457576045493
708,854,146,0.146,0.021013424774296935
780,890,110,0.11,0.020598178996954944
734,867,133,0.133,0.016260074330355336
702,851,149,0.149,0.020162701175824624
748,874,126,0.126,0.014940582821913267
778,889,111,0.111,0.013562681050277433
734,867,133,0.133,0.013417402214489811
704,852,148,0.148,0.015525146018132546
726,863,137,0.137,0.017683996994618496
744,872,128,0.128,0.013171203045447897
762,881,119,0.119,0.016704493114098197
740,870,130,0.13,0.01969256172469568
722,861,139,0.139,0.015713645390350507
766,883,117,0.117,0.016842088281318866
720,860,140,0.14,0.01752891775457874
700,850,150,0.15,0.018529702374927865
732,866,134,0.134,0.016354155637145026
748,874,126,0.126,0.014394490364325975
754,877,123,0.123,0.012527044711256622
750,875,125,0.125,0.017273653967795326
692,846,154,0.154,0.012100023865794129
788,894,106,0.106,0.014182134860728326
722,861,139,0.139,0.017136798166149703
738,869,131,0.131,0.012464444283630655
762,881,119,0.119,0.012400183846088226
698,849,151,0.151,0.010538765626034603
732,866,134,0.134,0.010461003093221805
818,909,91,0.091,0.013401467140749418
784,892,108,0.108,0.01104568567032439
694,847,153,0.153,0.011276843749631438
690,845,155,0.155,0.013101297945821046
664,832,168,0.168,0.01488743143792641
666,833,167,0.167,0.013322780850928397
752,876,124,0.124,0.011838993161038161
674,837,163,0.163,0.01684865687268234
702,851,149,0.149,0.01156609551889619
734,867,133,0.133,0.015548953790215933
732,866,134,0.134,0.011385269666879822
732,866,134,0.134,0.017908251755483703
682,841,159,0.159,0.015618420321980011
682,841,159,0.159,0.01956246412718883
714,857,143,0.143,0.023618820863530062
748,874,126,0.126,0.0187998646018566
708,854,146,0.146,0.02656678829802513
774,887,113,0.113,0.01898469469059819
686,843,157,0.157,0.01878095730905261
740,870,130,0.13,0.01915809664146809
672,836,164,0.164,0.016984042399746612
768,884,116,0.116,0.01742861595603608
702,851,149,0.149,0.01613928295520509
700,850,150,0.15,0.023485449999059483
736,868,132,0.132,0.013623367099624147
698,849,151,0.151,0.01513817293929759
730,865,135,0.135,0.01731854686396764
704,852,148,0.148,0.018895917463250953
674,837,163,0.163,0.015421882429241975
702,851,149,0.149,0.015887169432408654
762,881,119,0.119,0.018709207846433488
706,853,147,0.147,0.014772865683151394
760,880,120,0.12,0.014925358134363024
762,881,119,0.119,0.020819990109811046
766,883,117,0.117,0.018535394194490438
784,892,108,0.108,0.018252774568754147
698,849,151,0.151,0.01960252224204305
722,861,139,0.139,0.018823053304689096
726,863,137,0.137,0.012163337435798439
772,886,114,0.114,0.012290275353475408
726,863,137,0.137,0.012970704358238777
764,882,118,0.118,0.015069962835817933
734,867,133,0.133,0.014769519500027457
718,859,141,0.141,0.015183965169735757
736,868,132,0.132,0.015600531792112179
686,843,157,0.157,0.01825170368419822
762,881,119,0.119,0.02382117666256778
732,866,134,0.134,0.019144416037183958
696,848,152,0.152,0.012510512004301517
696,848,152,0.152,0.018329424483707498
710,855,145,0.145,0.017581095852855073
770,885,115,0.115,0.01614704641198432
768,884,116,0.116,0.017255562265500998
728,864,136,0.136,0.01652900404874822
754,877,123,0.123,0.02067133845782928
798,899,101,0.101,0.016027238845866577
756,878,122,0.122,0.012940321278156546
720,860,140,0.14,0.01781934690540652
780,890,110,0.11,0.014512554468726648
672,836,164,0.164,0.016801659337683985
792,896,104,0.104,0.01754793660172163
698,849,151,0.151,0.01695153288827963
658,829,171,0.171,0.01789449355908073
758,879,121,0.121,0.013410290656885081
672,836,164,0.164,0.012911529135960052
730,865,135,0.135,0.013677260243346381
732,866,134,0.134,0.012141698035777892
748,874,126,0.126,0.021825169428922778
752,876,124,0.124,0.01769224754694392
756,878,122,0.122,0.01628948129821049
768,884,116,0.116,0.015803546932519567
716,858,142,0.142,0.01906968595310468
682,841,159,0.159,0.021452289479385853
692,846,154,0.154,0.013448005011217248
700,850,150,0.15,0.01077737805112264
704,852,148,0.148,0.012416308791504321
730,865,135,0.135,0.01403325102379813
668,834,166,0.166,0.012582550574698417
756,878,122,0.122,0.01571014501329114
788,894,106,0.106,0.014360655715409848
726,863,137,0.137,0.01850257709374182
704,852,148,0.148,0.016034220838389047
694,847,153,0.153,0.018098407321142988
692,846,154,0.154,0.021209370741892598
816,908,92,0.092,0.022751797395135328
708,854,146,0.146,0.01719756181253871
716,858,142,0.142,0.022695767200023056
692,846,154,0.154,0.02234697491897032
776,888,112,0.112,0.021382030834182615
754,877,123,0.123,0.02116368232131663
754,877,123,0.123,0.01953408041167245
750,875,125,0.125,0.024507776972802275
738,869,131,0.131,0.020179958726900166
700,850,150,0.15,0.021250662063368453
782,891,109,0.109,0.023619293227463457
756,878,122,0.122,0.025791499092428238
770,885,115,0.115,0.02118358633513503
730,865,135,0.135,0.02299278884421142
702,851,149,0.149,0.027790857184338165
700,850,150,0.15,0.021767859716757813
770,885,115,0.115,0.021012955628666518
722,861,139,0.139,0.026450137893550163
752,876,124,0.124,0.024171026702924793
766,883,117,0.117,0.024596305159388068
724,862,138,0.138,0.019918184960142072
714,857,143,0.143,0.026721195564571646
750,875,125,0.125,0.024296150372132615
742,871,129,0.129,0.024684978759791875
780,890,110,0.11,0.020220970650205346
720,860,140,0.14,0.025395076536367016
752,876,124,0.124,0.024449828265062933
792,896,104,0.104,0.02839543440898376
748,874,126,0.126,0.027880327642104023
706,853,147,0.147,0.02288067436304118
756,878,122,0.122,0.02964219618248535
758,879,121,0.121,0.02010310179469434
800,900,100,0.1,0.026556239427580293
756,878,122,0.122,0.024929654314870278
766,883,117,0.117,0.024164637318228415
708,854,146,0.146,0.02769649993984149
712,856,144,0.144,0.029427195550048055
718,859,141,0.141,0.025119767782867713
730,865,135,0.135,0.027255839417605784
746,873,127,0.127,0.031137325179649452
724,862,138,0.138,0.027116298622244357
720,860,140,0.14,0.030957321553859173
728,864,136,0.136,0.03392025176051766
732,866,134,0.134,0.036019044639289406
732,866,134,0.134,0.0321057937211699
710,855,145,0.145,0.030901090505471074
772,886,114,0.114,0.03252001146241128
744,872,128,0.128,0.030894978465767053
770,885,115,0.115,0.03396851358993876
716,858,142,0.142,0.03086641658843655
720,860,140,0.14,0.03031701628882729
740,870,130,0.13,0.026486985265850308
796,898,102,0.102,0.02335418573465722
696,848,152,0.152,0.02278591750400301
744,872,128,0.128,0.028944662207091822
714,857,143,0.143,0.021228423732154625
722,861,139,0.139,0.02855842345155179
720,860,140,0.14,0.028432046023584918
740,870,130,0.13,0.03466729036444667
704,852,148,0.148,0.02313988240630715
748,874,126,0.126,0.032219469555321664
704,852,148,0.148,0.022886734525071006
710,855,145,0.145,0.03468946151695127
762,881,119,0.119,0.03248788121489906
708,854,146,0.146,0.028819809298258406
736,868,132,0.132,0.028463063007059645
788,894,106,0.106,0.026244184049963225
756,878,122,0.122,0.04185303250805282
710,855,145,0.145,0.03739038541134141
696,848,152,0.152,0.03091497061697919
770,885,115,0.115,0.027199023365152245
722,861,139,0.139,0.0348777490909124
734,867,133,0.133,0.03655987224203273
794,897,103,0.103,0.03498027472094691
742,871,129,0.129,0.03443916666667792
738,869,131,0.131,0.03041728938416054
758,879,121,0.121,0.029385721488537457
724,862,138,0.138,0.030018742670965368
724,862,138,0.138,0.02833051978579897
722,861,139,0.139,0.02563936917878948
722,861,139,0.139,0.03252412975321931
742,871,129,0.129,0.03323207153494513
762,881,119,0.119,0.03710586420554227
720,860,140,0.14,0.03182531206368367
798,899,101,0.101,0.03632023254057276
728,864,136,0.136,0.03215150122725754
736,868,132,0.132,0.03358535243840015
754,877,123,0.123,0.0333850421068928
686,843,157,0.157,0.03268872973017278
770,885,115,0.115,0.029560519795748405
698,849,151,0.151,0.03715053891952266
730,865,135,0.135,0.03401801092616734
674,837,163,0.163,0.02652060726115451
762,881,119,0.119,0.031712585143821345
788,894,106,0.106,0.027572705246719124
696,848,152,0.152,0.03409549516279367
698,849,151,0.151,0.033048465841533474
732,866,134,0.134,0.03428533774052448
742,871,129,0.129,0.027562359569099498
698,849,151,0.151,0.028698609478115943
718,859,141,0.141,0.025321283753404714
784,892,108,0.108,0.022254451779246138
746,873,127,0.127,0.022739346301359546
718,859,141,0.141,0.015525958957739932
800,900,100,0.1,0.025766557985977216
748,874,126,0.126,0.02322100414079796
764,882,118,0.118,0.021223990389438768
742,871,129,0.129,0.017851867678385133
734,867,133,0.133,0.022996820191948018
688,844,156,0.156,0.02146536784723861
742,871,129,0.129,0.01743853435114386
718,859,141,0.141,0.023890813599583453
760,880,120,0.12,0.024944645292015594
722,861,139,0.139,0.021890042238524244
734,867,133,0.133,0.02030649915415688
718,859,141,0.141,0.01973892188175523
758,879,121,0.121,0.017032451466978956
734,867,133,0.133,0.022044213993372978
716,858,142,0.142,0.020724211471357192
662,831,169,0.169,0.02095782123496019
730,865,135,0.135,0.02586345041700406
672,836,164,0.164,0.01936966276090334
696,848,152,0.152,0.020700340478498218
744,872,128,0.128,0.02398895582284331
736,868,132,0.132,0.02917744172142102
682,841,159,0.159,0.0216007762045042
716,858,142,0.142,0.023318561753163523
760,880,120,0.12,0.03588216221065955
648,824,176,0.176,0.029341943777857295
726,863,137,0.137,0.028552417685508546
716,858,142,0.142,0.031180840330647698
716,858,142,0.142,0.02957470368106169
722,861,139,0.139,0.026257021260680632
688,844,156,0.156,0.02163749732451106
704,852,148,0.148,0.029367240166940974
732,866,134,0.134,0.030060790645205997
774,887,113,0.113,0.02397871462536932
702,851,149,0.149,0.024533643247359578
764,882,118,0.118,0.02899212752913536
686,843,157,0.157,0.023894505122945702
716,858,142,0.142,0.025318573116681363
732,866,134,0.134,0.029863255726456372
798,899,101,0.101,0.025003033864414874
732,866,134,0.134,0.031248557946855725
758,879,121,0.121,0.027103584504711762
708,854,146,0.146,0.0309770891450662
742,871,129,0.129,0.026207125772557446
724,862,138,0.138,0.024136126385136892
716,858,142,0.142,0.02218318079034725
702,851,149,0.149,0.023338271044613067
782,891,109,0.109,0.023359781011676205
722,861,139,0.139,0.026386304528617986
720,860,140,0.14,0.02727717887779238
720,860,140,0.14,0.018510219630432857
720,860,140,0.14,0.028434253088627882
772,886,114,0.114,0.020176734364700223
758,879,121,0.121,0.019197363215763288
696,848,152,0.152,0.023193935977522416
726,863,137,0.137,0.022430323889887405
708,854,146,0.146,0.025622516885010556
748,874,126,0.126,0.037023773437991625
684,842,158,0.158,0.033425957730429216
756,878,122,0.122,0.03230988416162654
764,882,118,0.118,0.020432601687425632
746,873,127,0.127,0.025459255498619313
764,882,118,0.118,0.025807929553399844
732,866,134,0.134,0.026693522873930762
788,894,106,0.106,0.020647218648505713
706,853,147,0.147,0.015094179383936649
722,861,139,0.139,0.02786923909785219
696,848,152,0.152,0.025045366370268538
746,873,127,0.127,0.02124613106855668
790,895,105,0.105,0.020837685963798917
722,861,139,0.139,0.02090496576885046
682,841,159,0.159,0.01746858216339274
746,873,127,0.127,0.02304367033181191
704,852,148,0.148,0.023646714048664193
758,879,121,0.121,0.022748323476593214
734,867,133,0.133,0.021996357476607956
730,865,135,0.135,0.026042214399199112
734,867,133,0.133,0.018430156714538383
758,879,121,0.121,0.016244177302965908
734,867,133,0.133,0.021205453628518625
716,858,142,0.142,0.01490709388497453
672,836,164,0.164,0.020273792715529454
712,856,144,0.144,0.016762095051166853
714,857,143,0.143,0.019489763552483056
704,852,148,0.148,0.017964617684252518
728,864,136,0.136,0.02406450239051628
696,848,152,0.152,0.017785931013271694
774,887,113,0.113,0.01784291928552693
736,868,132,0.132,0.016301661195283486
742,871,129,0.129,0.02103996067882872
764,882,118,0.118,0.018711973160633305
714,857,143,0.143,0.022731099835567876
744,872,128,0.128,0.023924195559545978
738,869,131,0.131,0.02469439403803608
726,863,137,0.137,0.019048893441971814
700,850,150,0.15,0.023186650678840123
764,882,118,0.118,0.0165234326127611
712,856,144,0.144,0.022409480828342793
716,858,142,0.142,0.020256533987829728
688,844,156,0.156,0.016444901426393245
776,888,112,0.112,0.01606606420164553
748,874,126,0.126,0.017767046334177392
756,878,122,0.122,0.019389386908443954
728,864,136,0.136,0.014309565227663143
762,881,119,0.119,0.017013636024747484
708,854,146,0.146,0.01840580030291767
754,877,123,0.123,0.018450616279844324
764,882,118,0.118,0.018753044018439368
720,860,140,0.14,0.016767332321861433
668,834,166,0.166,0.01707532501482183
728,864,136,0.136,0.016621009743897956
756,878,122,0.122,0.013895669728870417
728,864,136,0.136,0.015103975228231547
704,852,148,0.148,0.016106573821292842
760,880,120,0.12,0.015120611669014579
734,867,133,0.133,0.021752003976297146
716,858,142,0.142,0.01589370893827231
710,855,145,0.145,0.016566972656990628
754,877,123,0.123,0.016343691126678096
720,860,140,0.14,0.017093157413051813
730,865,135,0.135,0.016835631527637132
714,857,143,0.143,0.01984265863623341
702,851,149,0.149,0.018231729354281925
780,890,110,0.11,0.020027327645216246
744,872,128,0.128,0.018773870640491623
766,883,117,0.117,0.0162754435650163
752,876,124,0.124,0.02010807209497733
762,881,119,0.119,0.014573611204949117
712,856,144,0.144,0.021700113839536128
728,864,136,0.136,0.017035336175929387
714,857,143,0.143,0.019260621109341628
730,865,135,0.135,0.022714861322763683
734,867,133,0.133,0.020914309433225073
710,855,145,0.145,0.020010910299461386
774,887,113,0.113,0.0235950609578631
718,859,141,0.141,0.016873154333880848
730,865,135,0.135,0.022073182438076402
692,846,154,0.154,0.01634195844329952
682,841,159,0.159,0.019125408184136633
772,886,114,0.114,0.014395771184895125
658,829,171,0.171,0.01696964435216887
740,870,130,0.13,0.018261759730317864
694,847,153,0.153,0.019844233972309156
710,855,145,0.145,0.01514200311696402
784,892,108,0.108,0.017472364821712744
758,879,121,0.121,0.017985586751286062
694,847,153,0.153,0.018044808324749282
770,885,115,0.115,0.018007857644300202
704,852,148,0.148,0.013791790967316118
778,889,111,0.111,0.018320804894574393
704,852,148,0.148,0.01799976720594634
690,845,155,0.155,0.013602185843201936
758,879,121,0.121,0.015777869545462637
736,868,132,0.132,0.018808002409063194
764,882,118,0.118,0.023645524038096482
682,841,159,0.159,0.0222792770786491
712,856,144,0.144,0.02308725418515678
746,873,127,0.127,0.01602359165044618
706,853,147,0.147,0.016375699077423634
710,855,145,0.145,0.021193036303793635
746,873,127,0.127,0.02054613932594293
708,854,146,0.146,0.022314456092971568
734,867,133,0.133,0.019397498622591228
770,885,115,0.115,0.02220957957471501
716,858,142,0.142,0.019368971077234166
710,855,145,0.145,0.021783534796889797
794,897,103,0.103,0.020323163843764633
722,861,139,0.139,0.025485685323851728
776,888,112,0.112,0.028602562057687464
742,871,129,0.129,0.028789567669670987
782,891,109,0.109,0.02879520440335182
778,889,111,0.111,0.0308473835963141
730,865,135,0.135,0.03108116864454496
692,846,154,0.154,0.030449457579348745
702,851,149,0.149,0.024953951472693005
768,884,116,0.116,0.030461113481645954
736,868,132,0.132,0.028177747523746802
806,903,97,0.097,0.029411989145988627
734,867,133,0.133,0.01957306899966795
738,869,131,0.131,0.027544899894321132
770,885,115,0.115,0.023134856297805526
744,872,128,0.128,0.02230363579126788
682,841,159,0.159,0.01831035998126572
676,838,162,0.162,0.023041547083239494
764,882,118,0.118,0.02338978760739701
738,869,131,0.131,0.023846938688460797
738,869,131,0.131,0.02615861738181775
728,864,136,0.136,0.029423367550218245
728,864,136,0.136,0.021658611318267504
704,852,148,0.148,0.026542368123162303
726,863,137,0.137,0.027975907048290536
702,851,149,0.149,0.02479299539582644
768,884,116,0.116,0.02147590392022539
732,866,134,0.134,0.021471830963883803
698,849,151,0.151,0.02393293877641554
760,880,120,0.12,0.02357440312491718
762,881,119,0.119,0.019407565642489827
770,885,115,0.115,0.02660990397634305
774,887,113,0.113,0.02846439266334346
724,862,138,0.138,0.028792153465030425
718,859,141,0.141,0.025943366505547603
738,869,131,0.131,0.027221947968322637
720,860,140,0.14,0.02844375333488051
694,847,153,0.153,0.022982634783613322
738,869,131,0.131,0.02868538249125595
672,836,164,0.164,0.02634377689832377
760,880,120,0.12,0.023921226424354246
740,870,130,0.13,0.01921064956238115
740,870,130,0.13,0.018880846981776132
694,847,153,0.153,0.012516927921515616
702,851,149,0.149,0.018201901388453734
786,893,107,0.107,0.016704180779102417
734,867,133,0.133,0.015809432986886605
702,851,149,0.149,0.01885144312776356
734,867,133,0.133,0.013784196409545984
740,870,130,0.13,0.022308074073031092
720,860,140,0.14,0.020081195217347157
728,864,136,0.136,0.018560419677307892
772,886,114,0.114,0.0157696028267419
760,880,120,0.12,0.018030673460152684
690,845,155,0.155,0.016473122255207272
746,873,127,0.127,0.021477303898405808
774,887,113,0.113,0.019785336642444237
720,860,140,0.14,0.01790950972588871
770,885,115,0.115,0.01868885107193614
734,867,133,0.133,0.018303888579594058
778,889,111,0.111,0.022540723714150772
732,866,134,0.134,0.02272431572543138
650,825,175,0.175,0.022818588610731893
772,886,114,0.114,0.028422643418207372
746,873,127,0.127,0.019148855020060637
712,856,144,0.144,0.01960381720557598
684,842,158,0.158,0.01711439584008258
784,892,108,0.108,0.022470625277997897
752,876,124,0.124,0.018942311146230167
714,857,143,0.143,0.02267342307247941
726,863,137,0.137,0.02318027826406603
778,889,111,0.111,0.024666537393404724
738,869,131,0.131,0.023331005291278416
754,877,123,0.123,0.03093376071471721
710,855,145,0.145,0.027774030990773555
750,875,125,0.125,0.030572535138886452
768,884,116,0.116,0.022882940728864924
696,848,152,0.152,0.025637950179865584
758,879,121,0.121,0.03263850956349779
738,869,131,0.131,0.02809512561632437
734,867,133,0.133,0.03224916863773251
726,863,137,0.137,0.030660394788808845
776,888,112,0.112,0.027343375409407598
768,884,116,0.116,0.029450338075166657
736,868,132,0.132,0.023515093453881492
720,860,140,0.14,0.030882258576486493
738,869,131,0.131,0.028244370682295995
772,886,114,0.114,0.02892170561702369
776,888,112,0.112,0.027170846002700273
696,848,152,0.152,0.02926141197000834
760,880,120,0.12,0.028036381327816343
724,862,138,0.138,0.033481422172924796
690,845,155,0.155,0.02683626867824205
750,875,125,0.125,0.024316118280548835
700,850,150,0.15,0.02610306205818324
806,903,97,0.097,0.02203230513167773
688,844,156,0.156,0.022428977244540873
764,882,118,0.118,0.024892357287833875
744,872,128,0.128,0.024699444419090468
678,839,161,0.161,0.021603629480494647
702,851,149,0.149,0.02119530001592284
720,860,140,0.14,0.023300929108034326
676,838,162,0.162,0.01974432011017234
740,870,130,0.13,0.024738926119724055
756,878,122,0.122,0.025214772544552035
712,856,144,0.144,0.023332196478853803
722,861,139,0.139,0.027544909734395332
706,853,147,0.147,0.02652176750873366
824,912,88,0.088,0.02499167044931528
758,879,121,0.121,0.021613423013805005
734,867,133,0.133,0.020321219256032235
758,879,121,0.121,0.02303888489201927
722,861,139,0.139,0.018342778287251348
716,858,142,0.142,0.02492079014929368
752,876,124,0.124,0.020361209091674028
674,837,163,0.163,0.015726544945324803
766,883,117,0.117,0.01588187042949812
722,861,139,0.139,0.013573246961070026
742,871,129,0.129,0.015375949577182836
726,863,137,0.137,0.016822938172307886
672,836,164,0.164,0.01911607053544958
694,847,153,0.153,0.015438018432106333
692,846,154,0.154,0.020132099195490808
752,876,124,0.124,0.013898153697719408
738,869,131,0.131,0.017157989088334033
760,880,120,0.12,0.014021930847563112
750,875,125,0.125,0.01848174513748563
750,875,125,0.125,0.010351525014944855
702,851,149,0.149,0.022080517751245678
724,862,138,0.138,0.017216764466884797
702,851,149,0.149,0.017129809809459856
730,865,135,0.135,0.018135890995020873
708,854,146,0.146,0.014633877656830918
714,857,143,0.143,0.01502906184883068
752,876,124,0.124,0.017255730802058052
768,884,116,0.116,0.01973424282748397
712,856,144,0.144,0.012878398332783491
696,848,152,0.152,0.01374857287508098
764,882,118,0.118,0.01996198959493705
728,864,136,0.136,0.014337346780721419
724,862,138,0.138,0.019167172223447777
702,851,149,0.149,0.01989052801390187
760,880,120,0.12,0.015753284437096227
716,858,142,0.142,0.017697234190507515
778,889,111,0.111,0.016661937840555082
720,860,140,0.14,0.014675797596257553
640,820,180,0.18,0.01743148973193274
750,875,125,0.125,0.015375304553178055
728,864,136,0.136,0.013392401041594894
700,850,150,0.15,0.009912640203841874
726,863,137,0.137,0.015287313099149286
736,868,132,0.132,0.014629011595363409
704,852,148,0.148,0.016761967630871368
744,872,128,0.128,0.015285063790306594
764,882,118,0.118,0.018667838931995903
704,852,148,0.148,0.01669774346772647
758,879,121,0.121,0.015427886065473103
760,880,120,0.12,0.021973317320735077
738,869,131,0.131,0.022501085972682175
636,818,182,0.182,0.015786096176386308
766,883,117,0.117,0.014605835156215705
708,854,146,0.146,0.016620198522992652
702,851,149,0.149,0.01541122548746364
728,864,136,0.136,0.014589431627196746
746,873,127,0.127,0.014686816278109745
714,857,143,0.143,0.01294848851632628
718,859,141,0.141,0.012003800270999364
674,837,163,0.163,0.01621594366845625
744,872,128,0.128,0.01105443184260912
742,871,129,0.129,0.017585972973441586
742,871,129,0.129,0.014475216051597045
686,843,157,0.157,0.019154992030395078
726,863,137,0.137,0.025765333836204263
694,847,153,0.153,0.021346008463211545
726,863,137,0.137,0.017965113844798906
764,882,118,0.118,0.023091496279041165
764,882,118,0.118,0.01658097704441843
738,869,131,0.131,0.02137755039939202
708,854,146,0.146,0.019784692926150454
716,858,142,0.142,0.018451607704138128
746,873,127,0.127,0.018199552287842154
744,872,128,0.128,0.019703989488919434
760,880,120,0.12,0.019562709410795832
776,888,112,0.112,0.019085281594332627
710,855,145,0.145,0.015491206044186584
734,867,133,0.133,0.018078369406614
744,872,128,0.128,0.019078301578699667
690,845,155,0.155,0.013605357026447563
736,868,132,0.132,0.01370319921351998
754,877,123,0.123,0.01620662162257031
752,876,124,0.124,0.01606270152649347
714,857,143,0.143,0.019236105057248095
734,867,133,0.133,0.013218696810031816
732,866,134,0.134,0.014989720576537678
724,862,138,0.138,0.01904352845652829
712,856,144,0.144,0.017806243852814076
754,877,123,0.123,0.01776012285622619
646,823,177,0.177,0.01890953944431749
750,875,125,0.125,0.018931469018574718
696,848,152,0.152,0.01626099278303445
722,861,139,0.139,0.011772465659108661
770,885,115,0.115,0.019103203413043047
676,838,162,0.162,0.018327855347938567
746,873,127,0.127,0.020795737390703836
760,880,120,0.12,0.015987798854652284
718,859,141,0.141,0.016834453386012655
772,886,114,0.114,0.015199391018608366
758,879,121,0.121,0.015163118150273021
670,835,165,0.165,0.014728081628096476
768,884,116,0.116,0.01500585665856397
730,865,135,0.135,0.01394537039670641
746,873,127,0.127,0.015082234828638548
698,849,151,0.151,0.017875714788147888
698,849,151,0.151,0.015719324711843115
738,869,131,0.131,0.01499359506801072
720,860,140,0.14,0.016030655295872064
696,848,152,0.152,0.014686342881743713
754,877,123,0.123,0.017366058665122183
732,866,134,0.134,0.016325422508754458
754,877,123,0.123,0.01696490980199451
762,881,119,0.119,0.0183313831918058
736,868,132,0.132,0.017183417164054846
748,874,126,0.126,0.016456264128234123
764,882,118,0.118,0.02086555148733214
736,868,132,0.132,0.015118074377949597
778,889,111,0.111,0.016795630291395355
724,862,138,0.138,0.013584651866748117
766,883,117,0.117,0.010843058329786572
714,857,143,0.143,0.015958344403967203
712,856,144,0.144,0.015152233349787821
758,879,121,0.121,0.013932551536106643
760,880,120,0.12,0.014264256029181525
686,843,157,0.157,0.017069979911961127
696,848,152,0.152,0.01831410319455608
738,869,131,0.131,0.02278302863997578
708,854,146,0.146,0.01476885748931636
722,861,139,0.139,0.020185839293978915
738,869,131,0.131,0.01868581354894468
710,855,145,0.145,0.016913146869681442
712,856,144,0.144,0.022969718415172792
722,861,139,0.139,0.02578944650090307
658,829,171,0.171,0.02354577384637014
768,884,116,0.116,0.02451874860328735
742,871,129,0.129,0.020197393358916658
782,891,109,0.109,0.022929867954269868
714,857,143,0.143,0.024476844655575404
732,866,134,0.134,0.02122490472915888
658,829,171,0.171,0.02508837778785346
746,873,127,0.127,0.02798447899767416
770,885,115,0.115,0.01971457164718413
720,860,140,0.14,0.02179262378500789
756,878,122,0.122,0.023219421302697583
726,863,137,0.137,0.02374604842524286
664,832,168,0.168,0.02245011738334051
708,854,146,0.146,0.023524307616905618
762,881,119,0.119,0.028321063863483688
708,854,146,0.146,0.022316549872917677
696,848,152,0.152,0.023049310749000143
764,882,118,0.118,0.027939303468181607
776,888,112,0.112,0.028731010634302948
738,869,131,0.131,0.029268784125149067
782,891,109,0.109,0.025404040435674687
752,876,124,0.124,0.02942987951145915
730,865,135,0.135,0.03346556755896745
752,876,124,0.124,0.03362783261598815
680,840,160,0.16,0.026520844559767283
686,843,157,0.157,0.027650822685391176
728,864,136,0.136,0.025607675016915892
692,846,154,0.154,0.02805910460184532
718,859,141,0.141,0.028070512476389923
726,863,137,0.137,0.02229222819926872
770,885,115,0.115,0.025431179867598984
740,870,130,0.13,0.022543366080724807
704,852,148,0.148,0.026982723729815916
754,877,123,0.123,0.022527791856307884
770,885,115,0.115,0.027888915442665165
714,857,143,0.143,0.02655515291098709
730,865,135,0.135,0.026315604675881333
712,856,144,0.144,0.02585354523870046
734,867,133,0.133,0.029725989359503727
728,864,136,0.136,0.02612576368673763
652,826,174,0.174,0.022040479186811353
684,842,158,0.158,0.02924397375506669
688,844,156,0.156,0.022517761975828762
740,870,130,0.13,0.02952953789976891
728,864,136,0.136,0.025465633576952314
756,878,122,0.122,0.019920411073065223
760,880,120,0.12,0.026586886286677328
738,869,131,0.131,0.022675081702538593
742,871,129,0.129,0.028021644567350335
748,874,126,0.126,0.026042235975699442
764,882,118,0.118,0.026556512792478316
786,893,107,0.107,0.026734173993121658
774,887,113,0.113,0.026456071103096404
726,863,137,0.137,0.02625321837669253
700,850,150,0.15,0.029153319372446276
730,865,135,0.135,0.03065333125592315
690,845,155,0.155,0.03505947211223247
766,883,117,0.117,0.03061225185331932
720,860,140,0.14,0.0336746651167341
752,876,124,0.124,0.02715018696564948
756,878,122,0.122,0.031437304328137544
690,845,155,0.155,0.03407769374563941
728,864,136,0.136,0.03181019394901523
738,869,131,0.131,0.0314209498443015
728,864,136,0.136,0.024654105353183697
784,892,108,0.108,0.027973658939670715
710,855,145,0.145,0.027300417569131243
758,879,121,0.121,0.02368223444394607
740,870,130,0.13,0.02819099436061697
696,848,152,0.152,0.028478307892490194
724,862,138,0.138,0.023066742974398948
752,876,124,0.124,0.026542523063611042
690,845,155,0.155,0.029499717500406406
754,877,123,0.123,0.02580886079411357
760,880,120,0.12,0.02809658247107291
686,843,157,0.157,0.030376262781166587
704,852,148,0.148,0.02644607812735194
746,873,127,0.127,0.021391899999471206
758,879,121,0.121,0.0291912255105417
688,844,156,0.156,0.030639769726985833
770,885,115,0.115,0.028598942925455048
756,878,122,0.122,0.022952814816460887
732,866,134,0.134,0.034000920214173676
772,886,114,0.114,0.03591819527816551
698,849,151,0.151,0.03480577398504829
698,849,151,0.151,0.0355099304682335
714,857,143,0.143,0.03519191339050303
736,868,132,0.132,0.030527556462850044
700,850,150,0.15,0.032701654397533274
744,872,128,0.128,0.03669910742880893
724,862,138,0.138,0.0347341969677218
726,863,137,0.137,0.02941894817574939
728,864,136,0.136,0.03308528510607721
696,848,152,0.152,0.028742363074501554
722,861,139,0.139,0.02362566203325423
726,863,137,0.137,0.026142462913470808
736,868,132,0.132,0.026248176903165586
752,876,124,0.124,0.024572888804268587
668,834,166,0.166,0.0229825027799925
710,855,145,0.145,0.028555121639466278
738,869,131,0.131,0.023867420965056226
726,863,137,0.137,0.025399571535404904
714,857,143,0.143,0.03095246071769725
744,872,128,0.128,0.02608448902656164
734,867,133,0.133,0.023987243879397283
758,879,121,0.121,0.01954276209447198
732,866,134,0.134,0.028769984484901215
756,878,122,0.122,0.030037138966174097
766,883,117,0.117,0.03280579651291555
736,868,132,0.132,0.03411075235641329
738,869,131,0.131,0.02903279957731138
694,847,153,0.153,0.03141630726424046
724,862,138,0.138,0.033293855148614965
718,859,141,0.141,0.033086272409462256
766,883,117,0.117,0.03900434112647781
748,874,126,0.126,0.039309087082208864
708,854,146,0.146,0.034422227079005094
748,874,126,0.126,0.03301572024414781
688,844,156,0.156,0.035285013448155954
714,857,143,0.143,0.037441887275956105
728,864,136,0.136,0.040090234815128495
758,879,121,0.121,0.03555523859936511
750,875,125,0.125,0.0453273222494463
672,836,164,0.164,0.03433470707834931
788,894,106,0.106,0.04661040050361771
774,887,113,0.113,0.04141219949399238
670,835,165,0.165,0.042086629830126183
774,887,113,0.113,0.047605482559330996
762,881,119,0.119,0.0406478055230109
758,879,121,0.121,0.03962018919971888
764,882,118,0.118,0.035444001778945675
726,863,137,0.137,0.042967806911852674
718,859,141,0.141,0.044660913481639
698,849,151,0.151,0.041433323111356
714,857,143,0.143,0.05583541381021496
728,864,136,0.136,0.05237629135494353
744,872,128,0.128,0.05727695635982673
754,877,123,0.123,0.06034344755797065
726,863,137,0.137,0.05322119328286499
748,874,126,0.126,0.05356454596022377
698,849,151,0.151,0.051930650735273955
738,869,131,0.131,0.05330052547040395
654,827,173,0.173,0.04553819317353191
726,863,137,0.137,0.049849766445877325
730,865,135,0.135,0.04719620515502174
756,878,122,0.122,0.049168969270336677
710,855,145,0.145,0.03146016636237618
742,871,129,0.129,0.04149184176038398
738,869,131,0.131,0.04081817277695518
720,860,140,0.14,0.03982232236120035
754,877,123,0.123,0.03204622392644524
772,886,114,0.114,0.035327688652891084
744,872,128,0.128,0.03668276209375472
754,877,123,0.123,0.04391855634615058
732,866,134,0.134,0.03255882836872479
722,861,139,0.139,0.032037582895318335
712,856,144,0.144,0.032588445580971896
750,875,125,0.125,0.040273014531412625
668,834,166,0.166,0.04132309082547726
716,858,142,0.142,0.03819458246594877
722,861,139,0.139,0.03833850770848221
766,883,117,0.117,0.0391312759819557
726,863,137,0.137,0.033743923364287186
728,864,136,0.136,0.03537815403581772
744,872,128,0.128,0.03819874405722658
738,869,131,0.131,0.033005759751598814
742,871,129,0.129,0.034324432347420955
716,858,142,0.142,0.03367336873550084
720,860,140,0.14,0.04198228607533383
696,848,152,0.152,0.03587173620214162
760,880,120,0.12,0.03775308370099083
712,856,144,0.144,0.04988756865792675
714,857,143,0.143,0.04072104686987586
722,861,139,0.139,0.046834522792167266
640,820,180,0.18,0.04537575028743595
704,852,148,0.148,0.04368967195844743
698,849,151,0.151,0.04307364056249207
766,883,117,0.117,0.043288094553514386
730,865,135,0.135,0.04039106428800733
694,847,153,0.153,0.03522751091368263
716,858,142,0.142,0.04673745955480263
716,858,142,0.142,0.04517525670959731
714,857,143,0.143,0.049808802805637244
752,876,124,0.124,0.041640500844223424
734,867,133,0.133,0.04060719737110048
766,883,117,0.117,0.03659241829031817
748,874,126,0.126,0.034542356189656856
768,884,116,0.116,0.04621879703414743
758,879,121,0.121,0.03551726872715517
712,856,144,0.144,0.03400249829498352
702,851,149,0.149,0.031673132263007574
760,880,120,0.12,0.04155366162963583
704,852,148,0.148,0.03525934363726992
718,859,141,0.141,0.03892134181725851
754,877,123,0.123,0.034984139974636494
692,846,154,0.154,0.029387207829509862
704,852,148,0.148,0.036460226824565324
760,880,120,0.12,0.03928514238976641
742,871,129,0.129,0.03319791255151267
746,873,127,0.127,0.029584952834775323
724,862,138,0.138,0.03288937781260756
698,849,151,0.151,0.024610971458576388
762,881,119,0.119,0.029893565298450994
728,864,136,0.136,0.02980551210340127
758,879,121,0.121,0.02909121956757008
724,862,138,0.138,0.024855067147727825
724,862,138,0.138,0.017856732276062756
756,878,122,0.122,0.02457657170576249
738,869,131,0.131,0.028394121217064822
756,878,122,0.122,0.02250406715598001
708,854,146,0.146,0.021498776353517313
680,840,160,0.16,0.023609573695546716
726,863,137,0.137,0.024195223615010038
706,853,147,0.147,0.0204125413664151
766,883,117,0.117,0.01977073023232515
830,915,85,0.085,0.02283382941432592
782,891,109,0.109,0.023413989154018055
762,881,119,0.119,0.0212948118778113
726,863,137,0.137,0.021777219472991417
696,848,152,0.152,0.01902774956596113
740,870,130,0.13,0.021534466137628442
744,872,128,0.128,0.016763282578651343
780,890,110,0.11,0.021140764171963384
718,859,141,0.141,0.019099078269347956
720,860,140,0.14,0.016276747625641293
754,877,123,0.123,0.01835010317544402
722,861,139,0.139,0.02134250226688573
746,873,127,0.127,0.019649122448176057
728,864,136,0.136,0.018606932298542232
764,882,118,0.118,0.016887418619353584
756,878,122,0.122,0.02112709929865446
708,854,146,0.146,0.021076335706016833
752,876,124,0.124,0.02273507188522444
730,865,135,0.135,0.024916833200117252
756,878,122,0.122,0.023716098279339348
738,869,131,0.131,0.02810273148556007
720,860,140,0.14,0.03034780664239952
778,889,111,0.111,0.023226680342049805
762,881,119,0.119,0.03325503401140668
688,844,156,0.156,0.030565742561157093
776,888,112,0.112,0.03261959973291232
712,856,144,0.144,0.026429035098466558
762,881,119,0.119,0.02938219922486769
720,860,140,0.14,0.027343075902696
716,858,142,0.142,0.026936482208839152
784,892,108,0.108,0.02595534783799667
754,877,123,0.123,0.025471698562098025
704,852,148,0.148,0.02690521653514588
722,861,139,0.139,0.03181745105193113
740,870,130,0.13,0.027354434539753128
736,868,132,0.132,0.03273531844127865
698,849,151,0.151,0.028810958838563237
754,877,123,0.123,0.03099253245240834
704,852,148,0.148,0.029683751605072757
728,864,136,0.136,0.028752069564085103
712,856,144,0.144,0.029198746515467066
702,851,149,0.149,0.024328795303823425
744,872,128,0.128,0.03563912407548196
678,839,161,0.161,0.03350843507560671
740,870,130,0.13,0.02839995616579472
710,855,145,0.145,0.027271930955641437
774,887,113,0.113,0.030034943777733133
746,873,127,0.127,0.0236466937139121
786,893,107,0.107,0.027110601648440934
728,864,136,0.136,0.027325370333055616
730,865,135,0.135,0.03241909683033737
778,889,111,0.111,0.028687023403675994
704,852,148,0.148,0.03108237855628795
700,850,150,0.15,0.024731184311938704
714,857,143,0.143,0.029094237643570522
686,843,157,0.157,0.030202883894991827
688,844,156,0.156,0.040652334519603754
704,852,148,0.148,0.03304539591120556
760,880,120,0.12,0.0344069527243264
724,862,138,0.138,0.04693211353266088
760,880,120,0.12,0.03218410205713008
742,871,129,0.129,0.037178166862984655
724,862,138,0.138,0.02829044991414412
692,846,154,0.154,0.03742001756466925
744,872,128,0.128,0.04091634055771283
750,875,125,0.125,0.039979118780000135
716,858,142,0.142,0.03943429426049988
748,874,126,0.126,0.03995543571343296
740,870,130,0.13,0.044028230053343574
698,849,151,0.151,0.04190457772940863
706,853,147,0.147,0.049281603760202415
766,883,117,0.117,0.042228258236624246
750,875,125,0.125,0.04118591207213467
784,892,108,0.108,0.036996004044776785
686,843,157,0.157,0.046601416668963794
716,858,142,0.142,0.042209731567869314
762,881,119,0.119,0.04152596044127131
780,890,110,0.11,0.04652562681282871
742,871,129,0.129,0.038453005376504736
720,860,140,0.14,0.041133355668222064
738,869,131,0.131,0.0413629754202957
708,854,146,0.146,0.03971193650341593
734,867,133,0.133,0.03758868850315048
680,840,160,0.16,0.04333041450723249
738,869,131,0.131,0.041938562374183676
736,868,132,0.132,0.03895944716315716
750,875,125,0.125,0.04326819857500959
726,863,137,0.137,0.04603176809469005
732,866,134,0.134,0.0593353670501383
702,851,149,0.149,0.05827799055600917
756,878,122,0.122,0.05626101360164466
720,860,140,0.14,0.06745171194462454
722,861,139,0.139,0.08777949192561209
708,854,146,0.146,0.07133487487956881
770,885,115,0.115,0.07642369392246473
732,866,134,0.134,0.07593726570811123
696,848,152,0.152,0.07722679839012563
702,851,149,0.149,0.07449054246488959
668,834,166,0.166,0.07336306774592959
676,838,162,0.162,0.0756837289010291
712,856,144,0.144,0.06942728169471957
722,861,139,0.139,0.06750489165517501
736,868,132,0.132,0.055986349500948565
688,844,156,0.156,0.06469734310061903
698,849,151,0.151,0.047250817668507805
652,826,174,0.174,0.056907169604557564
724,862,138,0.138,0.052903985132317755
712,856,144,0.144,0.050344289727392605
764,882,118,0.118,0.049239381477877035
712,856,144,0.144,0.04749946213990915
722,861,139,0.139,0.049484888376900925
700,850,150,0.15,0.052988943711825415
728,864,136,0.136,0.05516856118151918
742,871,129,0.129,0.05140025622403482
794,897,103,0.103,0.05007645683351439
696,848,152,0.152,0.04950053729263891
792,896,104,0.104,0.051079345714300874
702,851,149,0.149,0.04922582665228401
764,882,118,0.118,0.0535724797436269
712,856,144,0.144,0.04977055874507642
734,867,133,0.133,0.04325017320149345
788,894,106,0.106,0.05030406264426711
750,875,125,0.125,0.04156805584419635
784,892,108,0.108,0.04133714800589951
738,869,131,0.131,0.03884025884945004
738,869,131,0.131,0.034005530509952225
740,870,130,0.13,0.0359440929229786
770,885,115,0.115,0.03706197246053489
742,871,129,0.129,0.03352701806857658
792,896,104,0.104,0.03072649204132904
756,878,122,0.122,0.030027402741034166
760,880,120,0.12,0.027568743953786907
732,866,134,0.134,0.028249563120480162
684,842,158,0.158,0.025429583899342106
738,869,131,0.131,0.026264073444261158
752,876,124,0.124,0.023705418941819517
746,873,127,0.127,0.02651084403368077
706,853,147,0.147,0.024726807140643358
692,846,154,0.154,0.024525688567191537
652,826,174,0.174,0.0206242861445935
704,852,148,0.148,0.027296468057174936
758,879,121,0.121,0.027650272995990235
752,876,124,0.124,0.024964794164465957
690,845,155,0.155,0.02823125866832197
736,868,132,0.132,0.022323258220909338
736,868,132,0.132,0.022660955539817222
724,862,138,0.138,0.02547837854109821
694,847,153,0.153,0.025048006379423896
780,890,110,0.11,0.02023434948783688
776,888,112,0.112,0.019513649218192767
704,852,148,0.148,0.02054562401411022
704,852,148,0.148,0.016091669094457757
744,872,128,0.128,0.020313694956550533
750,875,125,0.125,0.01654686719959136
696,848,152,0.152,0.014720644997294585
734,867,133,0.133,0.02480715641378811
768,884,116,0.116,0.014747530412780634
692,846,154,0.154,0.01454570358627052
746,873,127,0.127,0.016928443017572136
766,883,117,0.117,0.018091066835107996
708,854,146,0.146,0.015255176509279636
718,859,141,0.141,0.01523619951204455
726,863,137,0.137,0.020324318005043095
716,858,142,0.142,0.014775937240100574
714,857,143,0.143,0.0185523299992783
736,868,132,0.132,0.01959270339302384
724,862,138,0.138,0.01906144432721885
708,854,146,0.146,0.01966204635046961
700,850,150,0.15,0.02184867176235275
742,871,129,0.129,0.025149954739695203
718,859,141,0.141,0.023620313927969618
724,862,138,0.138,0.022440640101653118
682,841,159,0.159,0.025647595293747143
732,866,134,0.134,0.026474818128401238
756,878,122,0.122,0.030336769464847747
700,850,150,0.15,0.02443894412524969
712,856,144,0.144,0.02274171038409986
726,863,137,0.137,0.023016202789352975
782,891,109,0.109,0.024436409846173773
712,856,144,0.144,0.02454040500873816
714,857,143,0.143,0.020308438808719076
724,862,138,0.138,0.024157535835372983
710,855,145,0.145,0.026223618649324636
730,865,135,0.135,0.022566657647104877
686,843,157,0.157,0.025801294865552337
724,862,138,0.138,0.027392291924530583
778,889,111,0.111,0.02754299216625441
744,872,128,0.128,0.02824926505953772
728,864,136,0.136,0.03144151585281361
712,856,144,0.144,0.033706766884977694
724,862,138,0.138,0.03170664820581442
770,885,115,0.115,0.03147847643867135
748,874,126,0.126,0.03024503658786125
694,847,153,0.153,0.03203092784831824
746,873,127,0.127,0.03200713630951941
702,851,149,0.149,0.03214197481574956
754,877,123,0.123,0.03378180472804525
780,890,110,0.11,0.034397656630011625
746,873,127,0.127,0.02945004289050121
714,857,143,0.143,0.028575611754204148
730,865,135,0.135,0.034962043150444516
734,867,133,0.133,0.023818671255823574
702,851,149,0.149,0.02307581961285905
718,859,141,0.141,0.02618063364831869
770,885,115,0.115,0.025242995022581455
750,875,125,0.125,0.024777393895936257
762,881,119,0.119,0.024905170048528817
718,859,141,0.141,0.030138487111584254
738,869,131,0.131,0.02983114815488807
740,870,130,0.13,0.027495312581624604
698,849,151,0.151,0.032507278676726856
740,870,130,0.13,0.032570303915767
690,845,155,0.155,0.0361879786917998
774,887,113,0.113,0.03317508637889114
700,850,150,0.15,0.034773227029189
704,852,148,0.148,0.036162989042975824
752,876,124,0.124,0.023344806235545548
706,853,147,0.147,0.025807614203789853
722,861,139,0.139,0.02852657085838746
774,887,113,0.113,0.023743155766689596
730,865,135,0.135,0.024606699438518263
760,880,120,0.12,0.023176654984279593
686,843,157,0.157,0.02653647248983907
742,871,129,0.129,0.024103922045796936
726,863,137,0.137,0.03769257616912364
706,853,147,0.147,0.03477052388786978
714,857,143,0.143,0.03703913707565516
704,852,148,0.148,0.03643868252988795
764,882,118,0.118,0.04001685151481069
716,858,142,0.142,0.03734472838701913
716,858,142,0.142,0.040786518771899864
756,878,122,0.122,0.03975400152920338
674,837,163,0.163,0.04298799837450497
714,857,143,0.143,0.03993064296583179
710,855,145,0.145,0.03982982715289109
680,840,160,0.16,0.03549762507317064
714,857,143,0.143,0.0491053234654828
708,854,146,0.146,0.03564687627699459
746,873,127,0.127,0.050020395155937876
708,854,146,0.146,0.0406540287733078
668,834,166,0.166,0.04757030174756073
768,884,116,0.116,0.03829316671204287
722,861,139,0.139,0.034340906929021
734,867,133,0.133,0.04224984406208387
758,879,121,0.121,0.03540284077270189
692,846,154,0.154,0.04038367363928228
728,864,136,0.136,0.038502282763030964
700,850,150,0.15,0.03615323436298058
754,877,123,0.123,0.03848725719674258
746,873,127,0.127,0.036803626167587936
734,867,133,0.133,0.03940635658122483
776,888,112,0.112,0.03800508339313092
744,872,128,0.128,0.04218884614791023
762,881,119,0.119,0.040225532109645426
728,864,136,0.136,0.0352402851289371
774,887,113,0.113,0.03448816162353614
754,877,123,0.123,0.03686621324397856
712,856,144,0.144,0.0367768563450154
718,859,141,0.141,0.033355669550073797
732,866,134,0.134,0.03669930917900638
758,879,121,0.121,0.03328935258241836
758,879,121,0.121,0.03530394209254882
694,847,153,0.153,0.030219703329083133
698,849,151,0.151,0.04573057443322614
714,857,143,0.143,0.04413959689962212
694,847,153,0.153,0.046410831423418134
736,868,132,0.132,0.04431932164670434
784,892,108,0.108,0.04196061203681165
754,877,123,0.123,0.05381861548847519
778,889,111,0.111,0.045456028755404984
720,860,140,0.14,0.04203367754397914
698,849,151,0.151,0.042659971659333676
724,862,138,0.138,0.039942382249835644
760,880,120,0.12,0.040073560399239795
748,874,126,0.126,0.03764657655492192
712,856,144,0.144,0.033104063575723555
762,881,119,0.119,0.034867687770631164
756,878,122,0.122,0.03090501686531934
730,865,135,0.135,0.03769241705862442
718,859,141,0.141,0.03794796869059792
766,883,117,0.117,0.03257890484051313
736,868,132,0.132,0.038930628092180994
776,888,112,0.112,0.04288451341688051
762,881,119,0.119,0.036606690300046464
808,904,96,0.096,0.03801597085734829
742,871,129,0.129,0.03784882489521988
760,880,120,0.12,0.03583678344183136
740,870,130,0.13,0.031843322003027426
708,854,146,0.146,0.03210224291073791
716,858,142,0.142,0.03243755462356057
728,864,136,0.136,0.0346435717655113
754,877,123,0.123,0.03620249943468661
754,877,123,0.123,0.039398421517398675
712,856,144,0.144,0.037864874981110914
734,867,133,0.133,0.040208775042607156
740,870,130,0.13,0.04991412124951603
682,841,159,0.159,0.05996215089812176
710,855,145,0.145,0.054257731127843725
736,868,132,0.132,0.06762226464552805
696,848,152,0.152,0.05803787181747612
764,882,118,0.118,0.06323155242740176
744,872,128,0.128,0.06619021659344435
760,880,120,0.12,0.077959717403166
672,836,164,0.164,0.07013387021468952
742,871,129,0.129,0.07866468965308741
756,878,122,0.122,0.07498936871043406
760,880,120,0.12,0.07537246864358894
728,864,136,0.136,0.0706573612303473
746,873,127,0.127,0.06403995852032676
700,850,150,0.15,0.06688505173427985
716,858,142,0.142,0.06791299304261338
748,874,126,0.126,0.06641920396750356
734,867,133,0.133,0.05500543206462317
738,869,131,0.131,0.06021122387272772
728,864,136,0.136,0.05953638215502724
748,874,126,0.126,0.05732528661598917
740,870,130,0.13,0.057004729511681944
726,863,137,0.137,0.06251346509589348
724,862,138,0.138,0.05562891813775059
764,882,118,0.118,0.055202820274746045
730,865,135,0.135,0.048763236758299175
744,872,128,0.128,0.05055478139175102
778,889,111,0.111,0.03870786426286213
742,871,129,0.129,0.045338085659779606
750,875,125,0.125,0.039083780012500936
716,858,142,0.142,0.03731470307189738
764,882,118,0.118,0.031508832530875226
696,848,152,0.152,0.03337927837353345
668,834,166,0.166,0.04289976713090436
702,851,149,0.149,0.03894048545506666
798,899,101,0.101,0.03876296214223839
726,863,137,0.137,0.039308487291622445
714,857,143,0.143,0.030876674242390437
648,824,176,0.176,0.029842081261245768
732,866,134,0.134,0.032134877091477394
746,873,127,0.127,0.021250593983044384
730,865,135,0.135,0.026383540466194972
694,847,153,0.153,0.021859998779531452
730,865,135,0.135,0.03104410699073924
704,852,148,0.148,0.028817749854642898
720,860,140,0.14,0.033178779153995495
764,882,118,0.118,0.028127289992038642
750,875,125,0.125,0.021275671258379588
730,865,135,0.135,0.028501455797006203
736,868,132,0.132,0.03197419313082355
746,873,127,0.127,0.020760657958337106
736,868,132,0.132,0.029182126725050692
742,871,129,0.129,0.02702585415968497
804,902,98,0.098,0.026941746664211678
738,869,131,0.131,0.02240957974683988
744,872,128,0.128,0.025592029920451752
732,866,134,0.134,0.024626263682730496
760,880,120,0.12,0.025598788186522142
716,858,142,0.142,0.02014356740243238
716,858,142,0.142,0.022796989055648736
768,884,116,0.116,0.02235054588454659
764,882,118,0.118,0.019402927404596995
706,853,147,0.147,0.020208026691383565
740,870,130,0.13,0.021952824411328037
750,875,125,0.125,0.02133956175904859
728,864,136,0.136,0.022371824369198292
722,861,139,0.139,0.020662371492646343
714,857,143,0.143,0.02074409416067647
698,849,151,0.151,0.017800389497583412
774,887,113,0.113,0.018506731782770656
724,862,138,0.138,0.017296169255960194
748,874,126,0.126,0.01643271868913081
766,883,117,0.117,0.016181245849627886
762,881,119,0.119,0.016797153722744953
698,849,151,0.151,0.019510668866259948
778,889,111,0.111,0.018052591053638024
742,871,129,0.129,0.01854201860629837
750,875,125,0.125,0.01722579493111698
760,880,120,0.12,0.021958350174495534
734,867,133,0.133,0.025147664527179585
674,837,163,0.163,0.023746591446441926
748,874,126,0.126,0.025710499071647065
738,869,131,0.131,0.02448714800918242
742,871,129,0.129,0.02500268626329489
734,867,133,0.133,0.026998615499061997
746,873,127,0.127,0.0271003439604101
728,864,136,0.136,0.02404064640175784
744,872,128,0.128,0.025439025249928818
742,871,129,0.129,0.023607980952561773
732,866,134,0.134,0.02086586249928587
758,879,121,0.121,0.023648630761417735
746,873,127,0.127,0.028877386022606515
742,871,129,0.129,0.02631027976355108
758,879,121,0.121,0.028798262224037897
710,855,145,0.145,0.027086310765327654
754,877,123,0.123,0.031572948771005034
686,843,157,0.157,0.02859873758922913
708,854,146,0.146,0.03550834044232033
696,848,152,0.152,0.037220616340709965
680,840,160,0.16,0.033335832772077995
742,871,129,0.129,0.03393593032180797
756,878,122,0.122,0.03816757637710543
712,856,144,0.144,0.030550881046568976
700,850,150,0.15,0.03708431050897343
710,855,145,0.145,0.02803194159006671
770,885,115,0.115,0.03326582383591449
702,851,149,0.149,0.028905718194597283
674,837,163,0.163,0.030642152146581794
740,870,130,0.13,0.029028821320142013
684,842,158,0.158,0.027590022276272066
770,885,115,0.115,0.027260415970726173
730,865,135,0.135,0.029255009922781027
694,847,153,0.153,0.03243860220149509
678,839,161,0.161,0.028691170080188386
714,857,143,0.143,0.030108089163353724
708,854,146,0.146,0.03434009106220037
744,872,128,0.128,0.028651445721450387
726,863,137,0.137,0.03126939912495436
730,865,135,0.135,0.030687043621350312
730,865,135,0.135,0.03644857768890506
704,852,148,0.148,0.04074717360563227
740,870,130,0.13,0.03855107216484612
712,856,144,0.144,0.0348609546564403
734,867,133,0.133,0.03219886286964174
684,842,158,0.158,0.03281523242174626
758,879,121,0.121,0.03236939657679613
744,872,128,0.128,0.03455946110098739
706,853,147,0.147,0.037024007084401095
736,868,132,0.132,0.03879988880734891
740,870,130,0.13,0.03819636354513932
684,842,158,0.158,0.03200468132446258
720,860,140,0.14,0.03648205674724886
754,877,123,0.123,0.03326316988945473
776,888,112,0.112,0.03949509135948028
658,829,171,0.171,0.041376780527323714
710,855,145,0.145,0.0305012660115317
724,862,138,0.138,0.030603867658915988
720,860,140,0.14,0.03340683537450968
740,870,130,0.13,0.029499182312589255
740,870,130,0.13,0.025129368088499176
750,875,125,0.125,0.031559888501782554
744,872,128,0.128,0.027444023609703435
714,857,143,0.143,0.01990621743557131
766,883,117,0.117,0.024171428066038062
722,861,139,0.139,0.02683409861477412
740,870,130,0.13,0.02274284330503724
800,900,100,0.1,0.02799331815898529
786,893,107,0.107,0.027454728186130525
676,838,162,0.162,0.027583482351357817
732,866,134,0.134,0.02889397151401499
740,870,130,0.13,0.03022667004542018
712,856,144,0.144,0.03190687535777761
746,873,127,0.127,0.025077515147568192
726,863,137,0.137,0.022995702778162014
748,874,126,0.126,0.026061877490676125
706,853,147,0.147,0.026188210213789715
750,875,125,0.125,0.025077784019202225
764,882,118,0.118,0.02772435221075284
748,874,126,0.126,0.02947818751244631
738,869,131,0.131,0.02456848621365498
736,868,132,0.132,0.025597320775559637
742,871,129,0.129,0.02681532453109685
748,874,126,0.126,0.03285351920372341
690,845,155,0.155,0.030927897975663653
746,873,127,0.127,0.02972799257285078
686,843,157,0.157,0.038652354390651456
700,850,150,0.15,0.037098562644328925
692,846,154,0.154,0.03275878744055626
704,852,148,0.148,0.03340751692510094
752,876,124,0.124,0.03152850795921404
742,871,129,0.129,0.040389642863243355
744,872,128,0.128,0.037439561447361484
770,885,115,0.115,0.043305864534107966
716,858,142,0.142,0.0389460712755681
730,865,135,0.135,0.038541142016872074
784,892,108,0.108,0.03395601539890049
730,865,135,0.135,0.03552044469857356
712,856,144,0.144,0.030813176242234477
776,888,112,0.112,0.029596961985233067
792,896,104,0.104,0.025154931714489067
726,863,137,0.137,0.027858584539208097
720,860,140,0.14,0.026627755450477707
714,857,143,0.143,0.0292082164119347
778,889,111,0.111,0.020354131281928856
712,856,144,0.144,0.024285107886460537
722,861,139,0.139,0.022070577168429736
732,866,134,0.134,0.014896054961791378
748,874,126,0.126,0.016409153907785367
716,858,142,0.142,0.01574660862483506
710,855,145,0.145,0.017251868263090726
760,880,120,0.12,0.01874299074063674
728,864,136,0.136,0.01913904740563703
728,864,136,0.136,0.01795857407801668
744,872,128,0.128,0.02047792271032813
728,864,136,0.136,0.01812925607163197
808,904,96,0.096,0.014810678690657369
736,868,132,0.132,0.014780335046886648
766,883,117,0.117,0.01588153074746515
760,880,120,0.12,0.01432068690565211
756,878,122,0.122,0.01659356359661433
768,884,116,0.116,0.013704636438436864
740,870,130,0.13,0.014190260939365543
764,882,118,0.118,0.015584181742953661
714,857,143,0.143,0.015643627592344275
718,859,141,0.141,0.014036898055335768
742,871,129,0.129,0.012677077795477089
744,872,128,0.128,0.012038585599534371
736,868,132,0.132,0.011279425243574224
728,864,136,0.136,0.01324683238867874
768,884,116,0.116,0.010385998467907484
688,844,156,0.156,0.009313932646629837
762,881,119,0.119,0.007479217208934642
742,871,129,0.129,0.010681768091581034
774,887,113,0.113,0.00954638083316786
770,885,115,0.115,0.011331902904350955
740,870,130,0.13,0.00991409156408099
716,858,142,0.142,0.009868530348489004
676,838,162,0.162,0.010856237818359432
700,850,150,0.15,0.01223540745081118
706,853,147,0.147,0.011929828858937981
716,858,142,0.142,0.008661026689281244
668,834,166,0.166,0.009644112236528599
718,859,141,0.141,0.009202369021871163
740,870,130,0.13,0.008190862898018167
736,868,132,0.132,0.009089173462278723
694,847,153,0.153,0.008698877148012343
722,861,139,0.139,0.009320736396559823
722,861,139,0.139,0.01041655759031164
740,870,130,0.13,0.00999457663290559
720,860,140,0.14,0.008350464703476064
758,879,121,0.121,0.011542454117825401
718,859,141,0.141,0.012482726284943055
776,888,112,0.112,0.010733078143290185
762,881,119,0.119,0.009844232960511363
734,867,133,0.133,0.018057877440431185
714,857,143,0.143,0.016581619518816298
732,866,134,0.134,0.01898891829405875
726,863,137,0.137,0.015890873543874477
654,827,173,0.173,0.011086985802759955
752,876,124,0.124,0.010688850888564048
814,907,93,0.093,0.014624414119280118
746,873,127,0.127,0.012117843553953208
746,873,127,0.127,0.01279699481452917
764,882,118,0.118,0.015920120715440134
708,854,146,0.146,0.013196917433688213
734,867,133,0.133,0.015157043083700045
716,858,142,0.142,0.013845314458278152
728,864,136,0.136,0.02008008518339011
714,857,143,0.143,0.015393529833334469
730,865,135,0.135,0.014071506485122882
724,862,138,0.138,0.011022320896012388
710,855,145,0.145,0.011209414253211435
732,866,134,0.134,0.014441778498134227
732,866,134,0.134,0.012060999836907286
710,855,145,0.145,0.01090937767190553
710,855,145,0.145,0.011212066053107265
718,859,141,0.141,0.0118769317033657
758,879,121,0.121,0.008713931711251916
762,881,119,0.119,0.008503482738111415
738,869,131,0.131,0.010969233883924972
754,877,123,0.123,0.010403393318673806
746,873,127,0.127,0.011233241028814518
704,852,148,0.148,0.011714029509448665
756,878,122,0.122,0.011171384466793825
706,853,147,0.147,0.009303273051786163
734,867,133,0.133,0.008674488479997309
726,863,137,0.137,0.012817115612135239
718,859,141,0.141,0.010666367737328982
740,870,130,0.13,0.01100762349650904
698,849,151,0.151,0.008851760002880838
716,858,142,0.142,0.009079175946104898
724,862,138,0.138,0.011990244255799098
710,855,145,0.145,0.010005680059279256
732,866,134,0.134,0.009127620332451897
736,868,132,0.132,0.010714843671489234
736,868,132,0.132,0.009552808324297075
752,876,124,0.124,0.00996051953843147
740,870,130,0.13,0.010707346571030939
716,858,142,0.142,0.009106368423136701
736,868,132,0.132,0.010233901272274125
746,873,127,0.127,0.008081436880649249
804,902,98,0.098,0.008601528213357142
704,852,148,0.148,0.008633731428176361
784,892,108,0.108,0.009074544823106408
768,884,116,0.116,0.00872507348683098
754,877,123,0.123,0.009655603094460617
702,851,149,0.149,0.006866047549293398
732,866,134,0.134,0.009282824037372734
728,864,136,0.136,0.009027209524090949
718,859,141,0.141,0.012245228974681594
746,873,127,0.127,0.010555192558675116
702,851,149,0.149,0.01108554345614948
706,853,147,0.147,0.010289300354151237
754,877,123,0.123,0.014214423879373498
732,866,134,0.134,0.010487512025938485
760,880,120,0.12,0.013043905420807278
688,844,156,0.156,0.01112476753512783
712,856,144,0.144,0.013083316361626202
766,883,117,0.117,0.009701866157563927
708,854,146,0.146,0.008003173639034685
752,876,124,0.124,0.011806767302467961
716,858,142,0.142,0.010469720627675996
760,880,120,0.12,0.008632526413945924
700,850,150,0.15,0.012197862029661338
778,889,111,0.111,0.010695202743344453
698,849,151,0.151,0.009281986583489839
740,870,130,0.13,0.009586368404605309
780,890,110,0.11,0.007968875999446937
706,853,147,0.147,0.008855390327571513
756,878,122,0.122,0.008406141914165347
710,855,145,0.145,0.00963705952366763
762,881,119,0.119,0.009027029859829781
710,855,145,0.145,0.01046525486283099
732,866,134,0.134,0.007245905135738212
806,903,97,0.097,0.008878150510089312
724,862,138,0.138,0.008798389442531515
782,891,109,0.109,0.008262204543248572
726,863,137,0.137,0.007948546567873563
738,869,131,0.131,0.006964646925827992
742,871,129,0.129,0.009609548383446962
722,861,139,0.139,0.009547224722104147
788,894,106,0.106,0.009752784842818073
718,859,141,0.141,0.008611066554380613
722,861,139,0.139,0.007042556821390917
684,842,158,0.158,0.006263872643940885
734,867,133,0.133,0.006223062223112265
760,880,120,0.12,0.007884125103501902
744,872,128,0.128,0.007164137860894016
718,859,141,0.141,0.0072329804330720435
668,834,166,0.166,0.005649401053833571
728,864,136,0.136,0.006560684765017413
684,842,158,0.158,0.008460519009913696
794,897,103,0.103,0.007860938875194052
700,850,150,0.15,0.008092368762926527
712,856,144,0.144,0.007038386851220877
712,856,144,0.144,0.00750287666165218
750,875,125,0.125,0.007521755522943294
738,869,131,0.131,0.00786304235125226
762,881,119,0.119,0.007077378507044159
692,846,154,0.154,0.008689902731443
762,881,119,0.119,0.011155997503744401
760,880,120,0.12,0.008503661244980322
758,879,121,0.121,0.008055067687033443
720,860,140,0.14,0.009951096439901448
772,886,114,0.114,0.00987872345019423
732,866,134,0.134,0.009654542014224717
690,845,155,0.155,0.01007919402771131
740,870,130,0.13,0.007956413252065432
698,849,151,0.151,0.008734329987515594
764,882,118,0.118,0.010170752841220747
814,907,93,0.093,0.010289812310282287
718,859,141,0.141,0.008301603242511191
800,900,100,0.1,0.008149452617126372
762,881,119,0.119,0.010090295935870018
682,841,159,0.159,0.008993810039111849
774,887,113,0.113,0.010253553991462468
706,853,147,0.147,0.0065084942131516076
682,841,159,0.159,0.007815671988526219
710,855,145,0.145,0.006909757318024276
752,876,124,0.124,0.01004524500617299
736,868,132,0.132,0.006099009491726974
654,827,173,0.173,0.009202617896273751
758,879,121,0.121,0.01156391033460386
752,876,124,0.124,0.010768872583626717
714,857,143,0.143,0.009624624887983373
726,863,137,0.137,0.00924411156910719
682,841,159,0.159,0.008512508063457063
762,881,119,0.119,0.010764485462288576
756,878,122,0.122,0.011405171689033523
682,841,159,0.159,0.006957540519166286
718,859,141,0.141,0.007771203798739407
746,873,127,0.127,0.009927421894792133
734,867,133,0.133,0.01062641871127653
718,859,141,0.141,0.0078101748861590745
716,858,142,0.142,0.008167621630336725
762,881,119,0.119,0.007059326832865054
762,881,119,0.119,0.008301127459841155
740,870,130,0.13,0.008407621466390992
658,829,171,0.171,0.00814159057132747
732,866,134,0.134,0.007253345586888941
744,872,128,0.128,0.00893564179918394
754,877,123,0.123,0.008824042298681889
760,880,120,0.12,0.00935093229807535
700,850,150,0.15,0.00746288159742835
768,884,116,0.116,0.008407358740123527
782,891,109,0.109,0.010238455960607098
688,844,156,0.156,0.012337711094121915
716,858,142,0.142,0.010949427152256249
742,871,129,0.129,0.01344742199614484
710,855,145,0.145,0.011931931222396087
700,850,150,0.15,0.010008470865217532
766,883,117,0.117,0.01399573225878612
784,892,108,0.108,0.011737504158532829
760,880,120,0.12,0.013071861515029013
736,868,132,0.132,0.012063525181587466
734,867,133,0.133,0.013288548419808649
706,853,147,0.147,0.010628276531911979
692,846,154,0.154,0.010909428340706654
726,863,137,0.137,0.009140730995267632
728,864,136,0.136,0.008253294670565538
720,860,140,0.14,0.007856534444970748
754,877,123,0.123,0.007755312276500262
754,877,123,0.123,0.009114131926241952
740,870,130,0.13,0.007530521047919365
704,852,148,0.148,0.007234436630063101
686,843,157,0.157,0.008127934567482953
732,866,134,0.134,0.008946477348146856
734,867,133,0.133,0.009095066033935836
722,861,139,0.139,0.00800862140495883
720,860,140,0.14,0.009508165662247848
710,855,145,0.145,0.010578730733161137
714,857,143,0.143,0.011873569755160133
744,872,128,0.128,0.010217177279839234
730,865,135,0.135,0.008492700831468029
780,890,110,0.11,0.008745418102733311
756,878,122,0.122,0.008888767714197457
752,876,124,0.124,0.008087047323302841
776,888,112,0.112,0.006885763583335575
748,874,126,0.126,0.007236695401881434
744,872,128,0.128,0.005294120053052495
738,869,131,0.131,0.006523945119195105
754,877,123,0.123,0.006311813881558521
726,863,137,0.137,0.005481811225918136
752,876,124,0.124,0.00795866833215814
706,853,147,0.147,0.007371451731834213
708,854,146,0.146,0.006232661376527176
726,863,137,0.137,0.008603617028857116
720,860,140,0.14,0.007245200143785041
746,873,127,0.127,0.008977248125745973
768,884,116,0.116,0.010983707269748266
698,849,151,0.151,0.011249504447721848
732,866,134,0.134,0.00996689078106283
720,860,140,0.14,0.009719284816677373
756,878,122,0.122,0.010459892735590984
700,850,150,0.15,0.009347565612657491
720,860,140,0.14,0.008132601801275086
688,844,156,0.156,0.006962782966178566
730,865,135,0.135,0.008793831994473294
746,873,127,0.127,0.006926136181518814
720,860,140,0.14,0.008272284254810074
704,852,148,0.148,0.008992707220373632
694,847,153,0.153,0.009855916723463452
758,879,121,0.121,0.006359555980850019
734,867,133,0.133,0.007792991169483344
722,861,139,0.139,0.00799049150227438
700,850,150,0.15,0.00638884341882715
716,858,142,0.142,0.005513138029799166
756,878,122,0.122,0.005103131678350564
706,853,147,0.147,0.006580035368873496
720,860,140,0.14,0.007246772946533383
736,868,132,0.132,0.008870031724496585
720,860,140,0.14,0.010346445101576137
720,860,140,0.14,0.008182843351885821
718,859,141,0.141,0.011360141780744584
730,865,135,0.135,0.011446848523773952
700,850,150,0.15,0.009791336243622027
742,871,129,0.129,0.009631546652664838
714,857,143,0.143,0.01029134489783064
684,842,158,0.158,0.010954836731198157
736,868,132,0.132,0.01096136728289639
752,876,124,0.124,0.010959687828159077
668,834,166,0.166,0.013410769157329923
734,867,133,0.133,0.010985653053860005
708,854,146,0.146,0.010558650195192058
744,872,128,0.128,0.010933502551739365
740,870,130,0.13,0.012237119604469627
746,873,127,0.127,0.011421178375429008
722,861,139,0.139,0.009157251190474199
662,831,169,0.169,0.012866253205414978
712,856,144,0.144,0.010865469193933677
756,878,122,0.122,0.01314468461969227
714,857,143,0.143,0.013504385884274597
758,879,121,0.121,0.011747094122882117
734,867,133,0.133,0.012206512935750652
782,891,109,0.109,0.012355120834989066
714,857,143,0.143,0.012734050683611713
740,870,130,0.13,0.011902080609739641
692,846,154,0.154,0.010665059861061308
750,875,125,0.125,0.010131518344463984
770,885,115,0.115,0.011435338897066686
722,861,139,0.139,0.01106737264279218
752,876,124,0.124,0.009977962551300151
720,860,140,0.14,0.010219229636640194
666,833,167,0.167,0.009390352983826858
732,866,134,0.134,0.010438161174713969
710,855,145,0.145,0.007249857120426895
730,865,135,0.135,0.008691104300351072
738,869,131,0.131,0.009406786214061868
704,852,148,0.148,0.00789411836056115
770,885,115,0.115,0.00799826304356975
726,863,137,0.137,0.010456576409931586
758,879,121,0.121,0.008114415292997364
746,873,127,0.127,0.009625588536488067
728,864,136,0.136,0.011622451683961118
690,845,155,0.155,0.01240169772717286
752,876,124,0.124,0.011871258062894413
684,842,158,0.158,0.012889887507242747
730,865,135,0.135,0.010984096788322859
742,871,129,0.129,0.014638113983353834
708,854,146,0.146,0.014963592090862222
686,843,157,0.157,0.014007445251903845
718,859,141,0.141,0.012610109907582228
772,886,114,0.114,0.009915697443408134
732,866,134,0.134,0.010605595995480143
726,863,137,0.137,0.009723471868965135
740,870,130,0.13,0.009862309239004389
746,873,127,0.127,0.007296470919063722
718,859,141,0.141,0.007938470798791968
692,846,154,0.154,0.007070444111172037
754,877,123,0.123,0.010064982799500286
672,836,164,0.164,0.007250240693663727
790,895,105,0.105,0.007521773115982342
776,888,112,0.112,0.008016552551638597
700,850,150,0.15,0.006641830214496508
666,833,167,0.167,0.009393155553220822
736,868,132,0.132,0.009135886662963458
752,876,124,0.124,0.009008959664388385
780,890,110,0.11,0.010146495219021289
732,866,134,0.134,0.009089470916554092
706,853,147,0.147,0.009859511876114993
748,874,126,0.126,0.009734535998093635
712,856,144,0.144,0.008469686172615183
672,836,164,0.164,0.01043199456684897
734,867,133,0.133,0.010619750847702562
778,889,111,0.111,0.010059189635321673
756,878,122,0.122,0.01051257066339167
782,891,109,0.109,0.012583797442996002
742,871,129,0.129,0.011066732982417306
792,896,104,0.104,0.008768230233324402
704,852,148,0.148,0.009293481897682795
694,847,153,0.153,0.008890440565866811
734,867,133,0.133,0.006896944768462845
714,857,143,0.143,0.007840693473958708
730,865,135,0.135,0.009779257819034683
750,875,125,0.125,0.010125999791122012
672,836,164,0.164,0.010274229609232861
692,846,154,0.154,0.01136866986421228
746,873,127,0.127,0.016029743541628703
746,873,127,0.127,0.013501925664637383
654,827,173,0.173,0.015592664716474245
730,865,135,0.135,0.01323970795328205
772,886,114,0.114,0.014331008274282794
764,882,118,0.118,0.012494125940458616
740,870,130,0.13,0.013578505127916286
712,856,144,0.144,0.011719761588385154
678,839,161,0.161,0.009697338866142673
752,876,124,0.124,0.01093405246004113
750,875,125,0.125,0.01162413102786013
734,867,133,0.133,0.011448132006291417
706,853,147,0.147,0.010128660664180642
708,854,146,0.146,0.01007409834113787
776,888,112,0.112,0.00866344337305418
766,883,117,0.117,0.008914675953807545
704,852,148,0.148,0.009393304037359485
732,866,134,0.134,0.010990736722445944
748,874,126,0.126,0.010193837230777717
772,886,114,0.114,0.010182055369774389
730,865,135,0.135,0.012001499950537436
726,863,137,0.137,0.010346496308362475
734,867,133,0.133,0.009545076739906108
776,888,112,0.112,0.010040056572279354
686,843,157,0.157,0.008087890495720786
676,838,162,0.162,0.009092202082669245
774,887,113,0.113,0.008449704176702653
728,864,136,0.136,0.00914048155641649
694,847,153,0.153,0.012101045753093785
706,853,147,0.147,0.015273759589639667
762,881,119,0.119,0.01228869837950151
758,879,121,0.121,0.014662266597897542
730,865,135,0.135,0.017798427084264403
692,846,154,0.154,0.017891022733063436
726,863,137,0.137,0.015700325472877013
720,860,140,0.14,0.01758099558966933
714,857,143,0.143,0.01728650177869713
702,851,149,0.149,0.016229999968374615
742,871,129,0.129,0.01568330561784387
768,884,116,0.116,0.0164218571036472
728,864,136,0.136,0.016840777911056648
754,877,123,0.123,0.01718910748041526
722,861,139,0.139,0.016433526103384794
702,851,149,0.149,0.01848800330285303
768,884,116,0.116,0.019742550284674507
734,867,133,0.133,0.01873751960750087
782,891,109,0.109,0.021373625435575378
782,891,109,0.109,0.02553781255471404
714,857,143,0.143,0.027205335832986746
778,889,111,0.111,0.025795010316476692
748,874,126,0.126,0.028386261153471423
754,877,123,0.123,0.02534401463462564
746,873,127,0.127,0.028923430869326694
738,869,131,0.131,0.033331877324031665
712,856,144,0.144,0.03327626706182491
704,852,148,0.148,0.03475235880131368
706,853,147,0.147,0.03477907622623024
722,861,139,0.139,0.035017389675369485
744,872,128,0.128,0.03382116655737627
776,888,112,0.112,0.026844836123360437
720,860,140,0.14,0.029495304514071903
684,842,158,0.158,0.026839075352443616
684,842,158,0.158,0.022472814923530676
762,881,119,0.119,0.021816810263640945
730,865,135,0.135,0.018161905480839777
778,889,111,0.111,0.02029737990864669
710,855,145,0.145,0.02366210929918452
748,874,126,0.126,0.024094862663041568
718,859,141,0.141,0.028419902887777425
732,866,134,0.134,0.028970771640510064
774,887,113,0.113,0.03702650328958407
718,859,141,0.141,0.04127191336499527
742,871,129,0.129,0.039422679680981676
708,854,146,0.146,0.0419896694017807
772,886,114,0.114,0.0436361973893363
716,858,142,0.142,0.042062292220420204
728,864,136,0.136,0.043867598853772505
814,907,93,0.093,0.04071489231882151
688,844,156,0.156,0.044445346424879975
728,864,136,0.136,0.04225876728759613
696,848,152,0.152,0.040817842031246984
736,868,132,0.132,0.04638817133696284
744,872,128,0.128,0.04764848656929098
738,869,131,0.131,0.048460474842693654
718,859,141,0.141,0.050761568402871486
748,874,126,0.126,0.05104176298691891
704,852,148,0.148,0.04675409836950712
726,863,137,0.137,0.038981758675829044
740,870,130,0.13,0.036861717113366464
710,855,145,0.145,0.03913172911491711
708,854,146,0.146,0.03791592454758939
732,866,134,0.134,0.03133716717833886
744,872,128,0.128,0.029623420368880035
704,852,148,0.148,0.030093513095518575
762,881,119,0.119,0.03575914465906681
742,871,129,0.129,0.04253622249199543
688,844,156,0.156,0.04667541436455212
712,856,144,0.144,0.048198766408022495
756,878,122,0.122,0.04636625011451542
762,881,119,0.119,0.04346775539871305
754,877,123,0.123,0.04035812720574904
760,880,120,0.12,0.040006779121933504
726,863,137,0.137,0.03708752029039897
664,832,168,0.168,0.0446225514842663
758,879,121,0.121,0.05067960334365489
750,875,125,0.125,0.04716407877043821
728,864,136,0.136,0.04696465151943267
744,872,128,0.128,0.04681058146175929
718,859,141,0.141,0.04713358067604713
790,895,105,0.105,0.055498552310047675
746,873,127,0.127,0.0517708402974531
714,857,143,0.143,0.053694001401541756
800,900,100,0.1,0.05636637092975434
716,858,142,0.142,0.051485409679822625
712,856,144,0.144,0.04932805329049006
724,862,138,0.138,0.057841245319345036
772,886,114,0.114,0.05146957938792184
712,856,144,0.144,0.0449822813780047
738,869,131,0.131,0.049827554626273925
712,856,144,0.144,0.04280970747413812
736,868,132,0.132,0.049128350644372404
778,889,111,0.111,0.0477687255453784
704,852,148,0.148,0.054219371655024585
676,838,162,0.162,0.06321198183950037
668,834,166,0.166,0.05973162358254194
680,840,160,0.16,0.06451190597144887
670,835,165,0.165,0.0651032377127558
732,866,134,0.134,0.05162282569240779
730,865,135,0.135,0.056890785072930154
736,868,132,0.132,0.04938734769716393
766,883,117,0.117,0.052056984974304214
772,886,114,0.114,0.03706902728113346
730,865,135,0.135,0.040788724093697964
710,855,145,0.145,0.03621702229167568
700,850,150,0.15,0.03677463977894513
766,883,117,0.117,0.0348553766583791
714,857,143,0.143,0.034977162550145297
760,880,120,0.12,0.03617447925254237
736,868,132,0.132,0.03642271662922576
718,859,141,0.141,0.030869128665537572
738,869,131,0.131,0.030815475633309688
752,876,124,0.124,0.03311915023124311
724,862,138,0.138,0.03681773716586759
710,855,145,0.145,0.03620597059710417
672,836,164,0.164,0.036427775257616306
758,879,121,0.121,0.03791986723721493
730,865,135,0.135,0.04182747351075523
692,846,154,0.154,0.03796023150923429
804,902,98,0.098,0.037525348799419586
676,838,162,0.162,0.03832633468438871
744,872,128,0.128,0.038583943954319695
692,846,154,0.154,0.03346009617205709
742,871,129,0.129,0.03135742982220836
714,857,143,0.143,0.03331290373730007
684,842,158,0.158,0.03670945942713297
694,847,153,0.153,0.026583591119320772
718,859,141,0.141,0.02954177170791081
678,839,161,0.161,0.029340499781654216
726,863,137,0.137,0.025798109201423357
728,864,136,0.136,0.03134203466097824
706,853,147,0.147,0.03274071716173785
762,881,119,0.119,0.02553136371896835
736,868,132,0.132,0.029053668624197598
742,871,129,0.129,0.027833246167283505
736,868,132,0.132,0.027023626129026524
734,867,133,0.133,0.026215194892138242
684,842,158,0.158,0.023531854187080172
704,852,148,0.148,0.023825581638840958
702,851,149,0.149,0.03017958516787621
740,870,130,0.13,0.028868579517904436
706,853,147,0.147,0.027079194356745575
676,838,162,0.162,0.03299877724598627
710,855,145,0.145,0.030297694072825836
734,867,133,0.133,0.03169152134441538
690,845,155,0.155,0.02184311198676005
746,873,127,0.127,0.0181322004858157
732,866,134,0.134,0.014858217140543275
718,859,141,0.141,0.014006503929806059
744,872,128,0.128,0.012836111681113834
674,837,163,0.163,0.015002323005304788
750,875,125,0.125,0.015926687033759664
700,850,150,0.15,0.014088800723315217
720,860,140,0.14,0.01772016721055843
734,867,133,0.133,0.02215105627081357
740,870,130,0.13,0.025544655789708486
684,842,158,0.158,0.024139791317720663
712,856,144,0.144,0.02294773827622703
738,869,131,0.131,0.023587834355741508
734,867,133,0.133,0.0212980838266667
716,858,142,0.142,0.024485624504945007
658,829,171,0.171,0.022178266192320734
740,870,130,0.13,0.020310947569159906
772,886,114,0.114,0.018196663807953883
748,874,126,0.126,0.018607664351991845
738,869,131,0.131,0.017467991963305392
690,845,155,0.155,0.015696163890082063
718,859,141,0.141,0.016409980826239918
700,850,150,0.15,0.018191025126085152
754,877,123,0.123,0.014422100445619436
762,881,119,0.119,0.016256053222059565
764,882,118,0.118,0.01900800694695499
748,874,126,0.126,0.019682553059246856
766,883,117,0.117,0.015294107065012212
714,857,143,0.143,0.019679212094342802
658,829,171,0.171,0.023087728025042453
734,867,133,0.133,0.02455357560759876
808,904,96,0.096,0.02545895213692711
718,859,141,0.141,0.028155550576222595
732,866,134,0.134,0.027492286831082312
666,833,167,0.167,0.024952689807629214
764,882,118,0.118,0.022507318096933886
694,847,153,0.153,0.023907729039376137
730,865,135,0.135,0.023250056592776673
726,863,137,0.137,0.025958653876034077
744,872,128,0.128,0.022555426360748244
760,880,120,0.12,0.03335496002691798
716,858,142,0.142,0.03262432159832679
728,864,136,0.136,0.03277012348198332
740,870,130,0.13,0.03355216220632428
738,869,131,0.131,0.03681245386657247
736,868,132,0.132,0.0373280234283302
718,859,141,0.141,0.042808187511749564
746,873,127,0.127,0.04068571244226769
710,855,145,0.145,0.04512016260280507
716,858,142,0.142,0.04180050982325338
758,879,121,0.121,0.045053223475813864
706,853,147,0.147,0.04663623691257089
686,843,157,0.157,0.049878332200925794
716,858,142,0.142,0.052275809636805205
712,856,144,0.144,0.04789189169066958
742,871,129,0.129,0.04856854136730544
764,882,118,0.118,0.0427157377024414
726,863,137,0.137,0.04091054618987255
766,883,117,0.117,0.03695374091662234
756,878,122,0.122,0.040643248660955575
800,900,100,0.1,0.03650220410281327
758,879,121,0.121,0.035787271951994624
714,857,143,0.143,0.042741581661393864
676,838,162,0.162,0.03844168073844048
728,864,136,0.136,0.044691125971963626
704,852,148,0.148,0.049794055650942026
676,838,162,0.162,0.060745872236788276
744,872,128,0.128,0.057795371922897174
722,861,139,0.139,0.06927083790372125
744,872,128,0.128,0.06869666187139228
702,851,149,0.149,0.07139566404186189
724,862,138,0.138,0.06431516070128418
800,900,100,0.1,0.05931559041608125
740,870,130,0.13,0.0689634945364669
762,881,119,0.119,0.06344631833722815
724,862,138,0.138,0.062332430238835515
718,859,141,0.141,0.07191242279927246
726,863,137,0.137,0.07101741445483639
694,847,153,0.153,0.0842484863223508
756,878,122,0.122,0.07974557854421437
752,876,124,0.124,0.13338043326046317
708,854,146,0.146,0.1585695458832197
702,851,149,0.149,0.18202274205908178
694,847,153,0.153,0.20672333757020533
712,856,144,0.144,0.28124310535192487
672,836,164,0.164,0.28473734568059444
772,886,114,0.114,0.2997854629009962
670,835,165,0.165,0.29027513886243106
714,857,143,0.143,0.2673537658043206
726,863,137,0.137,0.2508958603106439
722,861,139,0.139,0.23821971356868743
696,848,152,0.152,0.2196125951372087
712,856,144,0.144,0.19946777448803185
704,852,148,0.148,0.19999348658695817
680,840,160,0.16,0.20559803137183189
718,859,141,0.141,0.1950498936958611
748,874,126,0.126,0.20700053587183356
696,848,152,0.152,0.21338927096873522
632,816,184,0.184,0.2015772454403341
732,866,134,0.134,0.20062701331824065
680,840,160,0.16,0.19471232542954386
764,882,118,0.118,0.19644496301189066
732,866,134,0.134,0.19374308359995485
702,851,149,0.149,0.1742286504097283
692,846,154,0.154,0.14946588221564888
802,901,99,0.099,0.1310465165618807
688,844,156,0.156,0.11785877743549646
762,881,119,0.119,0.10744202267937362
672,836,164,0.164,0.10259271987620741
748,874,126,0.126,0.10380957886669785
756,878,122,0.122,0.12481223925575614
694,847,153,0.153,0.12166240668855607
722,861,139,0.139,0.13227024966478348
746,873,127,0.127,0.1441921276282519
718,859,141,0.141,0.17004678469523787
710,855,145,0.145,0.17886403504014015
696,848,152,0.152,0.18436826803162695
708,854,146,0.146,0.19142166621237994
732,866,134,0.134,0.1905534042431973
746,873,127,0.127,0.2021706369575113
740,870,130,0.13,0.21027679442614317
666,833,167,0.167,0.22388799361884593
636,818,182,0.182,0.24501244161650537
726,863,137,0.137,0.24872329831123352
694,847,153,0.153,0.23304356824979186
756,878,122,0.122,0.2150252864100039
734,867,133,0.133,0.17070420113950968
722,861,139,0.139,0.15602986551448703
708,854,146,0.146,0.14690162881277502
788,894,106,0.106,0.13852719701454044
720,860,140,0.14,0.12057255366072059
734,867,133,0.133,0.10683675056882203
722,861,139,0.139,0.10152166531141847
786,893,107,0.107,0.09550501230359078
720,860,140,0.14,0.08265694976504892
708,854,146,0.146,0.08443248211499303
754,877,123,0.123,0.07741629274655133
758,879,121,0.121,0.07753938749432564
730,865,135,0.135,0.07590455197077245
668,834,166,0.166,0.07659209664119407
678,839,161,0.161,0.07335927403485402
730,865,135,0.135,0.06825291142286732
728,864,136,0.136,0.06509026522235944
688,844,156,0.156,0.06471689767064527
684,842,158,0.158,0.05343548759655096
740,870,130,0.13,0.05160630780691281
710,855,145,0.145,0.044988124763593075
736,868,132,0.132,0.03968564032483846
684,842,158,0.158,0.03554148323857226
734,867,133,0.133,0.03739345700055128
750,875,125,0.125,0.03820742830337258
682,841,159,0.159,0.0392426520352019
692,846,154,0.154,0.039788475613342596
734,867,133,0.133,0.039861124497372655
808,904,96,0.096,0.04059585192077793
734,867,133,0.133,0.034191902070015205
716,858,142,0.142,0.03405739523841476
726,863,137,0.137,0.03325562234889367
738,869,131,0.131,0.034511744232382624
780,890,110,0.11,0.03334217573492788
726,863,137,0.137,0.03700832522730343
722,861,139,0.139,0.04010249324934557
740,870,130,0.13,0.040915435287170114
758,879,121,0.121,0.037162620314222294
730,865,135,0.135,0.03712274552718736
728,864,136,0.136,0.033200150687247514
694,847,153,0.153,0.028977674726978875
700,850,150,0.15,0.025980917719076388
664,832,168,0.168,0.025125372766749934
802,901,99,0.099,0.025621345601568465
724,862,138,0.138,0.028053498434950596
764,882,118,0.118,0.025517284032073803
780,890,110,0.11,0.02583451067993883
704,852,148,0.148,0.020685339978401315
698,849,151,0.151,0.020247884062540834
704,852,148,0.148,0.020614813381253042
758,879,121,0.121,0.01986616736848373
710,855,145,0.145,0.021226490155910143
686,843,157,0.157,0.02258705075106991
698,849,151,0.151,0.021075922118208835
744,872,128,0.128,0.023965022832737305
726,863,137,0.137,0.026029010036261752
740,870,130,0.13,0.026939791799464728
726,863,137,0.137,0.02569506257348985
716,858,142,0.142,0.023094742823333944
694,847,153,0.153,0.019874180735554546
720,860,140,0.14,0.02172065884177573
716,858,142,0.142,0.023127970822970384
766,883,117,0.117,0.020988740590342787
728,864,136,0.136,0.02090086932934355
750,875,125,0.125,0.019871481713256797
756,878,122,0.122,0.019828082059102598
734,867,133,0.133,0.018638352739886614
734,867,133,0.133,0.019920791583601386
748,874,126,0.126,0.01851365538345999
724,862,138,0.138,0.017300205549574458
662,831,169,0.169,0.01727165704674553
752,876,124,0.124,0.017415216156237874
748,874,126,0.126,0.017489561385358683
754,877,123,0.123,0.016731736051966435
722,861,139,0.139,0.01716500681609614
792,896,104,0.104,0.01609748260467313
664,832,168,0.168,0.018375624733103904
716,858,142,0.142,0.01874095644048066
730,865,135,0.135,0.017960855594312305
758,879,121,0.121,0.019246951478358823
776,888,112,0.112,0.01800287690953701
730,865,135,0.135,0.015697947233158628
706,853,147,0.147,0.01381064949931897
720,860,140,0.14,0.017521756305126472
762,881,119,0.119,0.014939694980566855
722,861,139,0.139,0.015133294469298562
744,872,128,0.128,0.017272433128324337
712,856,144,0.144,0.01643291036671144
734,867,133,0.133,0.015938549997401425
692,846,154,0.154,0.018187758548854616
784,892,108,0.108,0.01754415559064364
724,862,138,0.138,0.016714049921312837
734,867,133,0.133,0.01945379131200025
742,871,129,0.129,0.021662407498806716
802,901,99,0.099,0.02257728148715978
740,870,130,0.13,0.022079416486492847
762,881,119,0.119,0.02358459084155038
768,884,116,0.116,0.021736053772736342
720,860,140,0.14,0.025729700448806396
678,839,161,0.161,0.02660971592878923
740,870,130,0.13,0.024228221978613875
702,851,149,0.149,0.027032461689435877
748,874,126,0.126,0.029130538580589928
732,866,134,0.134,0.026028986256511417
784,892,108,0.108,0.029986976690299344
776,888,112,0.112,0.027361355846864173
740,870,130,0.13,0.02753180405939929
790,895,105,0.105,0.027860857294464948
700,850,150,0.15,0.026781703392683993
706,853,147,0.147,0.024857331789971796
776,888,112,0.112,0.028795981135219334
728,864,136,0.136,0.024237034258141648
746,873,127,0.127,0.02626999651477672
692,846,154,0.154,0.025281557597219943
742,871,129,0.129,0.025998564283858286
748,874,126,0.126,0.026659018523059786
748,874,126,0.126,0.026129096516757273
736,868,132,0.132,0.020367949872859753
658,829,171,0.171,0.019190881315560546
700,850,150,0.15,0.019441663308767603
748,874,126,0.126,0.019757679386151722
742,871,129,0.129,0.020074498440051686
728,864,136,0.136,0.01806869515584549
696,848,152,0.152,0.017801322688406798
722,861,139,0.139,0.018121952767396577
690,845,155,0.155,0.017496791759389452
732,866,134,0.134,0.017501372915663525
764,882,118,0.118,0.01723881038041145
786,893,107,0.107,0.01848616687615868
716,858,142,0.142,0.021419862669019494
690,845,155,0.155,0.01860454659347306
784,892,108,0.108,0.019929844808910274
676,838,162,0.162,0.018875572194170673
732,866,134,0.134,0.019482526882900857
712,856,144,0.144,0.01859478124586167
744,872,128,0.128,0.02238377304241294
788,894,106,0.106,0.02075761979006347
704,852,148,0.148,0.02633773466211278
718,859,141,0.141,0.025979189495323227
716,858,142,0.142,0.02390262947010342
754,877,123,0.123,0.02334758383675944
748,874,126,0.126,0.021903967030637433
728,864,136,0.136,0.018932874022284524
684,842,158,0.158,0.02305206358176656
808,904,96,0.096,0.019625806693176855
760,880,120,0.12,0.021510947858681902
750,875,125,0.125,0.022339166931196815
720,860,140,0.14,0.020516593241714873
718,859,141,0.141,0.021313275412539953
758,879,121,0.121,0.022199940567370503
718,859,141,0.141,0.026650253666331992
672,836,164,0.164,0.027284524819115176
718,859,141,0.141,0.025202351761749016
732,866,134,0.134,0.024626183810411022
760,880,120,0.12,0.02402899752592202
700,850,150,0.15,0.022881122990133007
712,856,144,0.144,0.0214450100819231
734,867,133,0.133,0.022451841839327243
728,864,136,0.136,0.01909911876503611
748,874,126,0.126,0.01900046918453154
706,853,147,0.147,0.021225061448756605
766,883,117,0.117,0.019924935846116567
720,860,140,0.14,0.019842426352246548
720,860,140,0.14,0.01958435175352497
758,879,121,0.121,0.019077187154883633
706,853,147,0.147,0.02345120424614288
736,868,132,0.132,0.024666056201895117
722,861,139,0.139,0.025137890715093817
724,862,138,0.138,0.023307038724655286
738,869,131,0.131,0.02278738719341345
710,855,145,0.145,0.023743777531781234
756,878,122,0.122,0.023365037154289895
718,859,141,0.141,0.022028689416416454
710,855,145,0.145,0.02345500356517732
748,874,126,0.126,0.024869712488813093
778,889,111,0.111,0.023448252434376628
734,867,133,0.133,0.02417500832589576
732,866,134,0.134,0.02365510049078148
694,847,153,0.153,0.025816744000301695
702,851,149,0.149,0.022731975141563453
722,861,139,0.139,0.02405774549412308
746,873,127,0.127,0.02536817852081731
730,865,135,0.135,0.030305474192253313
730,865,135,0.135,0.029454857633507345
728,864,136,0.136,0.027693333911185617
756,878,122,0.122,0.02643465328053571
766,883,117,0.117,0.030381063241744413
704,852,148,0.148,0.028770016011083498
788,894,106,0.106,0.028192921864334496
686,843,157,0.157,0.036831198421888985
756,878,122,0.122,0.03223593039251864
738,869,131,0.131,0.031901797840720975
712,856,144,0.144,0.032267367492429914
764,882,118,0.118,0.030653377447277308
774,887,113,0.113,0.029150536731467582
718,859,141,0.141,0.027281880058231765
736,868,132,0.132,0.03110420309053734
724,862,138,0.138,0.035184810512000696
718,859,141,0.141,0.04153491877671331
710,855,145,0.145,0.043431301987031476
770,885,115,0.115,0.04229200208978728
684,842,158,0.158,0.043521218731068075
734,867,133,0.133,0.04187329071760178
736,868,132,0.132,0.043687279567471704
730,865,135,0.135,0.03923544318694621
702,851,149,0.149,0.03844456765684299
726,863,137,0.137,0.03670133564574644
720,860,140,0.14,0.03680943114566617
750,875,125,0.125,0.03484969648113474
790,895,105,0.105,0.03377536815451458
758,879,121,0.121,0.03165551233920269
724,862,138,0.138,0.03233019146858714
718,859,141,0.141,0.03310854832082987
746,873,127,0.127,0.03070497012708802
716,858,142,0.142,0.04286166809406131
694,847,153,0.153,0.041854150112209026
752,876,124,0.124,0.04035936163458973
772,886,114,0.114,0.039565443717176095
706,853,147,0.147,0.03317172027018387
738,869,131,0.131,0.03436625324818306
678,839,161,0.161,0.03243838414980564
704,852,148,0.148,0.027361332949949427
726,863,137,0.137,0.02399350917292759
700,850,150,0.15,0.027027982002706268
730,865,135,0.135,0.025982305995305068
754,877,123,0.123,0.027757792837102897
724,862,138,0.138,0.026429599813418463
704,852,148,0.148,0.028796833962551317
714,857,143,0.143,0.029286621814011597
674,837,163,0.163,0.031212362993275747
788,894,106,0.106,0.027190868321456948
734,867,133,0.133,0.03126014478062279
730,865,135,0.135,0.029790786994533847
744,872,128,0.128,0.02512913009431213
660,830,170,0.17,0.02555600963276811
754,877,123,0.123,0.02437731588369934
740,870,130,0.13,0.02409477441443596
750,875,125,0.125,0.024698945881216787
764,882,118,0.118,0.02186528618435841
772,886,114,0.114,0.023076907550974284
736,868,132,0.132,0.023886037210933863
732,866,134,0.134,0.02182828306395095
762,881,119,0.119,0.021847859925823287
672,836,164,0.164,0.0234386517778039
746,873,127,0.127,0.020835173086845318
642,821,179,0.179,0.02362176348088542
724,862,138,0.138,0.021741462775156834
704,852,148,0.148,0.02285996888088994
664,832,168,0.168,0.023490406956872902
752,876,124,0.124,0.0195539161117631
744,872,128,0.128,0.01736475860796054
780,890,110,0.11,0.018322958511300384
760,880,120,0.12,0.018662691581936088
724,862,138,0.138,0.0158086936542677
718,859,141,0.141,0.01564037647866644
664,832,168,0.168,0.015061047731491271
766,883,117,0.117,0.016650102632003835
728,864,136,0.136,0.017071480176746263
752,876,124,0.124,0.019361515467462596
756,878,122,0.122,0.020394978043506852
654,827,173,0.173,0.020421978229045634
764,882,118,0.118,0.020277001876966096
728,864,136,0.136,0.018385971806652378
740,870,130,0.13,0.01923505243920954
762,881,119,0.119,0.0183232707142015
754,877,123,0.123,0.0176449262429378
710,855,145,0.145,0.015517446588055463
738,869,131,0.131,0.014941699992690701
720,860,140,0.14,0.016978328976314516
674,837,163,0.163,0.018951023424393497
750,875,125,0.125,0.019424431050290878
668,834,166,0.166,0.01911822555679828
730,865,135,0.135,0.01974087759980466
724,862,138,0.138,0.01909812758472981
706,853,147,0.147,0.018087358232587575
690,845,155,0.155,0.01951014201203361
754,877,123,0.123,0.018073957575077657
702,851,149,0.149,0.018906691359123214
804,902,98,0.098,0.013906298235437134
748,874,126,0.126,0.01366040612605866
750,875,125,0.125,0.012512042635687975
720,860,140,0.14,0.011995740286743967
738,869,131,0.131,0.010787866531012696
698,849,151,0.151,0.013020558420917951
742,871,129,0.129,0.012009689875412732
746,873,127,0.127,0.012810314110160106
702,851,149,0.149,0.015368778267875314
688,844,156,0.156,0.01884590701921843
716,858,142,0.142,0.018767906690540258
712,856,144,0.144,0.020389119588187895
684,842,158,0.158,0.019308499870589003
738,869,131,0.131,0.017309231855615507
732,866,134,0.134,0.01855916674993932
736,868,132,0.132,0.017580215251044137
730,865,135,0.135,0.017041648536076537
758,879,121,0.121,0.01646487001288915
700,850,150,0.15,0.016268219201359898
742,871,129,0.129,0.014877857775078156
758,879,121,0.121,0.014386864431566209
732,866,134,0.134,0.014053095200943062
716,858,142,0.142,0.015759713045321404
732,866,134,0.134,0.014068837098457153
710,855,145,0.145,0.014553269673109753
728,864,136,0.136,0.01341601372306468
686,843,157,0.157,0.015082438173121772
720,860,140,0.14,0.015530820671468973
720,860,140,0.14,0.013141511325491592
764,882,118,0.118,0.014837102010264062
718,859,141,0.141,0.015501730156131089
698,849,151,0.151,0.016297891012683977
758,879,121,0.121,0.013853381518623791
750,875,125,0.125,0.01077895949822414
740,870,130,0.13,0.011078600969995023
726,863,137,0.137,0.01158914409220597
716,858,142,0.142,0.011405131688108668
788,894,106,0.106,0.013718417576310458
726,863,137,0.137,0.013295809662682586
740,870,130,0.13,0.014059290468867402
784,892,108,0.108,0.016941219161730258
696,848,152,0.152,0.019462856747442855
746,873,127,0.127,0.019655586766893975
746,873,127,0.127,0.019982612216379494
704,852,148,0.148,0.020945188654353842
718,859,141,0.141,0.01860358538653236
782,891,109,0.109,0.01807492496271152
740,870,130,0.13,0.017712448262551334
784,892,108,0.108,0.011071173055992404
814,907,93,0.093,0.00948820742679527
740,870,130,0.13,0.010267532206431496
718,859,141,0.141,0.010940430808084784
768,884,116,0.116,0.012922027404682013
754,877,123,0.123,0.013343079441285226
716,858,142,0.142,0.013601801501703448
720,860,140,0.14,0.01239272065628029
730,865,135,0.135,0.01001142758509377
722,861,139,0.139,0.008774340310657863
748,874,126,0.126,0.009978520184464287
710,855,145,0.145,0.009304068134195403
744,872,128,0.128,0.009807354724674951
778,889,111,0.111,0.008658113643628894
762,881,119,0.119,0.00918191756674787
692,846,154,0.154,0.009709972610580734
722,861,139,0.139,0.007998184363226756
726,863,137,0.137,0.008860435261522071
748,874,126,0.126,0.007335677589347142
720,860,140,0.14,0.007554253718277323
768,884,116,0.116,0.006842004369220376
714,857,143,0.143,0.006697781867122103
728,864,136,0.136,0.005833889670597273
716,858,142,0.142,0.0061200473984790735
718,859,141,0.141,0.006464373592214543
676,838,162,0.162,0.006567152764968341
766,883,117,0.117,0.006654070771583065
736,868,132,0.132,0.006373559327446855
758,879,121,0.121,0.006357980076412787
736,868,132,0.132,0.005942643354683241
706,853,147,0.147,0.006096518487000139
750,875,125,0.125,0.005124557299466688
742,871,129,0.129,0.004698607377344161
712,856,144,0.144,0.004623245829163352
744,872,128,0.128,0.004520167244350887
764,882,118,0.118,0.00449331184624316
722,861,139,0.139,0.004464129745399987
762,881,119,0.119,0.0050657394167210445
678,839,161,0.161,0.005341158036630077
750,875,125,0.125,0.00512415941436484
682,841,159,0.159,0.005928001718129963
704,852,148,0.148,0.006931055416120217
728,864,136,0.136,0.00662177131025237
738,869,131,0.131,0.007267860177438706
698,849,151,0.151,0.005325081163129653
724,862,138,0.138,0.00402459227502186
814,907,93,0.093,0.002970832508413878
760,880,120,0.12,0.00355637240462238
746,873,127,0.127,0.0037876445055262595
764,882,118,0.118,0.004672020111684105
760,880,120,0.12,0.004799226547165744
698,849,151,0.151,0.004989406972490542
744,872,128,0.128,0.0045537066979741215
650,825,175,0.175,0.004327417855034582
710,855,145,0.145,0.004164494551230745
714,857,143,0.143,0.004401049162036088
732,866,134,0.134,0.0051140744284784885
750,875,125,0.125,0.005192655814520549
764,882,118,0.118,0.005406910357938614
708,854,146,0.146,0.005325388090801425
748,874,126,0.126,0.00535008969163755
704,852,148,0.148,0.004637047721698764
714,857,143,0.143,0.004983579474974249
714,857,143,0.143,0.004289681299673248
742,871,129,0.129,0.003974906920848298
708,854,146,0.146,0.005223257337529503
790,895,105,0.105,0.00524678310911986
726,863,137,0.137,0.005657646589344949
718,859,141,0.141,0.005872038720688579
698,849,151,0.151,0.005164017509232508
742,871,129,0.129,0.004966157483399002
760,880,120,0.12,0.004460842146712821
732,866,134,0.134,0.004867753509541216
740,870,130,0.13,0.005642774408901459
742,871,129,0.129,0.0054711839655537916
714,857,143,0.143,0.006171300795824209
730,865,135,0.135,0.006320084623555886
716,858,142,0.142,0.006658073708909797
740,870,130,0.13,0.006459564365737606
774,887,113,0.113,0.006586113621262484
766,883,117,0.117,0.004995844416931504
722,861,139,0.139,0.004223258956757491
736,868,132,0.132,0.0042681982155845614
746,873,127,0.127,0.0044116585396550365
796,898,102,0.102,0.004931541940211901
724,862,138,0.138,0.005563542620380758
746,873,127,0.127,0.004788382577113225
746,873,127,0.127,0.005553023943240987
734,867,133,0.133,0.0052668643410870575
700,850,150,0.15,0.0050124286343634595
744,872,128,0.128,0.004978221103214309
730,865,135,0.135,0.004896317934035324
776,888,112,0.112,0.004832932616758626
628,814,186,0.186,0.00572562134067266
736,868,132,0.132,0.004969961194099597
696,848,152,0.152,0.0061895350995619085
742,871,129,0.129,0.006505899855357712
738,869,131,0.131,0.006808432727731997
680,840,160,0.16,0.007018267295177793
718,859,141,0.141,0.006650434944574954
698,849,151,0.151,0.007107321922667324
744,872,128,0.128,0.0059185571534035265
740,870,130,0.13,0.005882180257074651
716,858,142,0.142,0.005227638900247257
746,873,127,0.127,0.005124853435117985
702,851,149,0.149,0.006572151048225351
694,847,153,0.153,0.006060116646141978
732,866,134,0.134,0.006308813619805733
742,871,129,0.129,0.0063922624734696004
690,845,155,0.155,0.005807574213205953
748,874,126,0.126,0.005894119510048768
734,867,133,0.133,0.005559484398221685
754,877,123,0.123,0.005087571922267671
720,860,140,0.14,0.00551271196862217
712,856,144,0.144,0.005015368667533039
740,870,130,0.13,0.005562195701757446
684,842,158,0.158,0.0057135875333769945
740,870,130,0.13,0.005134928741223121
768,884,116,0.116,0.005563119605656539
734,867,133,0.133,0.005235905160589027
732,866,134,0.134,0.004955893994861981
730,865,135,0.135,0.005228488481225213
780,890,110,0.11,0.004855894708831329
696,848,152,0.152,0.006122033357329201
754,877,123,0.123,0.006315237389528192
764,882,118,0.118,0.007032590558199445
798,899,101,0.101,0.006846989706653403
702,851,149,0.149,0.0051139314952924906
766,883,117,0.117,0.005070296011370374
742,871,129,0.129,0.004615704389951134
682,841,159,0.159,0.005499596739862681
704,852,148,0.148,0.008413738917122828
734,867,133,0.133,0.008786418721516384
712,856,144,0.144,0.00935957926773699
736,868,132,0.132,0.008392236150772078
712,856,144,0.144,0.007738033390021883
770,885,115,0.115,0.006961434688113513
686,843,157,0.157,0.005348369812243618
780,890,110,0.11,0.005310049337800592
748,874,126,0.126,0.0058482619639253245
762,881,119,0.119,0.005369474215061927
714,857,143,0.143,0.005997267892360469
720,860,140,0.14,0.0063411072245762624
766,883,117,0.117,0.0059946766941138775
722,861,139,0.139,0.005437854519535904
750,875,125,0.125,0.005244164772164368
732,866,134,0.134,0.005287923740193946
710,855,145,0.145,0.005514538430667017
652,826,174,0.174,0.005426847240421921
702,851,149,0.149,0.007556634686072357
770,885,115,0.115,0.008430065948923584
758,879,121,0.121,0.008181538684468252
708,854,146,0.146,0.008423165477346629
704,852,148,0.148,0.00735981073914445
692,846,154,0.154,0.0066603815541893705
738,869,131,0.131,0.0065564603429520505
730,865,135,0.135,0.005700227813242236
696,848,152,0.152,0.005591242692535161
734,867,133,0.133,0.00553824652833282
744,872,128,0.128,0.00594311853981344
700,850,150,0.15,0.006913427011968451
744,872,128,0.128,0.0073499327233294024
702,851,149,0.149,0.007352947188075632
674,837,163,0.163,0.0080085907674802
734,867,133,0.133,0.010507578748452942
714,857,143,0.143,0.011302339810470585
716,858,142,0.142,0.012048562669660897
710,855,145,0.145,0.011635883791779633
672,836,164,0.164,0.010021994583381457
700,850,150,0.15,0.009383439281198662
752,876,124,0.124,0.009539513099094619
758,879,121,0.121,0.009243256655114237
768,884,116,0.116,0.009307048613583902
758,879,121,0.121,0.009964263524540001
742,871,129,0.129,0.009541355585330166
758,879,121,0.121,0.009623973409150494
700,850,150,0.15,0.011626659542147536
754,877,123,0.123,0.011558646408841014
734,867,133,0.133,0.011899284455983435
752,876,124,0.124,0.011503382442810108
732,866,134,0.134,0.010325478961123735
706,853,147,0.147,0.010927911018952727
716,858,142,0.142,0.010195064746309072
782,891,109,0.109,0.010133168188680429
692,846,154,0.154,0.011988422168360557
648,824,176,0.176,0.013308325150894234
712,856,144,0.144,0.01421612059927429
698,849,151,0.151,0.015110176851623691
790,895,105,0.105,0.014389086521230637
702,851,149,0.149,0.013374810142093338
714,857,143,0.143,0.012882151398574933
744,872,128,0.128,0.010959675522753969
778,889,111,0.111,0.010824322795058834
714,857,143,0.143,0.01321766358288005
720,860,140,0.14,0.013154396901838481
726,863,137,0.137,0.0157151740785921
694,847,153,0.153,0.016858268987154586
738,869,131,0.131,0.016791295748844276
722,861,139,0.139,0.01590290389029542
802,901,99,0.099,0.01131287005788181
732,866,134,0.134,0.01193928109126864
772,886,114,0.114,0.011089876922982512
764,882,118,0.118,0.01068502671015449
738,869,131,0.131,0.011732472583855269
752,876,124,0.124,0.011344537816592492
722,861,139,0.139,0.01288672828907147
690,845,155,0.155,0.012565333764767274
778,889,111,0.111,0.013862080283346586
778,889,111,0.111,0.013392151235893834
688,844,156,0.156,0.014360627029440366
752,876,124,0.124,0.014722940052801278
688,844,156,0.156,0.015997766412619966
728,864,136,0.136,0.01555208575236611
724,862,138,0.138,0.016683045455807587
766,883,117,0.117,0.015991255505359733
724,862,138,0.138,0.018965607258258386
782,891,109,0.109,0.017425104606780224
740,870,130,0.13,0.018167384825414048
732,866,134,0.134,0.020220598666230216
722,861,139,0.139,0.02251559950155206
682,841,159,0.159,0.02037862015387509
738,869,131,0.131,0.020549693622626364
742,871,129,0.129,0.021095780349714915
720,860,140,0.14,0.023799939876189457
694,847,153,0.153,0.02301467635296285
664,832,168,0.168,0.024458886445034297
766,883,117,0.117,0.02547496731078718
762,881,119,0.119,0.024162144190631805
716,858,142,0.142,0.023573751133168116
792,896,104,0.104,0.02131964685651474
774,887,113,0.113,0.01737278126680758
726,863,137,0.137,0.014619021890568547
688,844,156,0.156,0.015105156351579354
784,892,108,0.108,0.013901579505531118
742,871,129,0.129,0.017068485573865474
694,847,153,0.153,0.02235543076333124
784,892,108,0.108,0.02040364956751
782,891,109,0.109,0.020821470702590886
686,843,157,0.157,0.019888627172447743
782,891,109,0.109,0.018816254951409064
754,877,123,0.123,0.01934878296928946
732,866,134,0.134,0.01882249072846025
732,866,134,0.134,0.017835185090720188
712,856,144,0.144,0.020710006557404993
668,834,166,0.166,0.0206913671430666
716,858,142,0.142,0.021758506761165336
722,861,139,0.139,0.024514832419576124
772,886,114,0.114,0.02405348330619745
698,849,151,0.151,0.025297291380586104
656,828,172,0.172,0.02532152969785966
758,879,121,0.121,0.025456764451926576
730,865,135,0.135,0.027674875299679116
684,842,158,0.158,0.027827087566256525
762,881,119,0.119,0.027443883618339895
740,870,130,0.13,0.028963897060602904
772,886,114,0.114,0.028077932126354427
732,866,134,0.134,0.029198802723549307
724,862,138,0.138,0.030829160762485118
684,842,158,0.158,0.03197548030293547
774,887,113,0.113,0.03633571262145415
740,870,130,0.13,0.03756886284798384
726,863,137,0.137,0.03752454159548506
694,847,153,0.153,0.03226016010716558
734,867,133,0.133,0.024935181498760357
728,864,136,0.136,0.024740308055072092
692,846,154,0.154,0.022935372196836397
752,876,124,0.124,0.02159102642699145
744,872,128,0.128,0.02185125386668369
744,872,128,0.128,0.021688966245972552
694,847,153,0.153,0.02221480541070923
716,858,142,0.142,0.02528965910919942
748,874,126,0.126,0.029865164692746474
782,891,109,0.109,0.027903922465397045
710,855,145,0.145,0.02925380734959617
678,839,161,0.161,0.0318823384065181
732,866,134,0.134,0.030423901605885477
768,884,116,0.116,0.02872958640079014
680,840,160,0.16,0.028095147290499882
766,883,117,0.117,0.024359050846280296
734,867,133,0.133,0.028037199343787508
812,906,94,0.094,0.02778047478478402
738,869,131,0.131,0.03157717370404862
680,840,160,0.16,0.031621022303123025
752,876,124,0.124,0.029649751876015217
776,888,112,0.112,0.02808777869027108
718,859,141,0.141,0.02731348760635592
728,864,136,0.136,0.026830073300749064
706,853,147,0.147,0.03144636214349884
706,853,147,0.147,0.032958294250420295
724,862,138,0.138,0.03441632765508257
746,873,127,0.127,0.03512344038207084
710,855,145,0.145,0.03225784970843233
718,859,141,0.141,0.030313881121808665
750,875,125,0.125,0.028499519582954234
712,856,144,0.144,0.027020873200614005
722,861,139,0.139,0.02763013127935119
680,840,160,0.16,0.027847217364702373
710,855,145,0.145,0.027254688219632953
690,845,155,0.155,0.027134151809848846
738,869,131,0.131,0.027045049880165605
698,849,151,0.151,0.024950390104437246
746,873,127,0.127,0.021530512780998833
738,869,131,0.131,0.019354868645546957
770,885,115,0.115,0.017349727307242574
728,864,136,0.136,0.018285926273674705
734,867,133,0.133,0.016393100427347235
790,895,105,0.105,0.013412884939869401
686,843,157,0.157,0.014285850206739269
712,856,144,0.144,0.013868852796498686
700,850,150,0.15,0.014401018543401733
730,865,135,0.135,0.01402108444343321
726,863,137,0.137,0.016890437711263074
666,833,167,0.167,0.017485345446970314
704,852,148,0.148,0.019955089778406546
642,821,179,0.179,0.020894488560967147
746,873,127,0.127,0.017782223735470323
726,863,137,0.137,0.017911022742977366
758,879,121,0.121,0.015556365378201008
644,822,178,0.178,0.016372830037376843
770,885,115,0.115,0.014492617518553743
724,862,138,0.138,0.016339428408653475
712,856,144,0.144,0.016249095893930643
802,901,99,0.099,0.01595316818592255
690,845,155,0.155,0.01620464560785331
728,864,136,0.136,0.01557645478961058
734,867,133,0.133,0.015288031627773308
770,885,115,0.115,0.014248763306532054
762,881,119,0.119,0.01487916515872348
716,858,142,0.142,0.015584827553248033
706,853,147,0.147,0.022788042071275414
704,852,148,0.148,0.022992600766476242
760,880,120,0.12,0.024959165387554095
794,897,103,0.103,0.02549660939606838
796,898,102,0.102,0.021035417269333265
744,872,128,0.128,0.021086693045683204
652,826,174,0.174,0.02422035585111007
690,845,155,0.155,0.023702298015588895
692,846,154,0.154,0.028083529734052717
794,897,103,0.103,0.024919982220511883
732,866,134,0.134,0.023926510034245438
712,856,144,0.144,0.02512327707116492
716,858,142,0.142,0.02226435589743778
728,864,136,0.136,0.02127076998562552
730,865,135,0.135,0.021271663506049664
716,858,142,0.142,0.02134125071170274
752,876,124,0.124,0.01924222066288348
782,891,109,0.109,0.017764435014221817
718,859,141,0.141,0.019016134622623214
708,854,146,0.146,0.019413195950677618
758,879,121,0.121,0.024021619122242554
744,872,128,0.128,0.024280058961361647
684,842,158,0.158,0.02874484623898752
736,868,132,0.132,0.028497064169030636
698,849,151,0.151,0.03068939213315025
734,867,133,0.133,0.03001320921536535
728,864,136,0.136,0.030260637192986904
706,853,147,0.147,0.03031490934221074
660,830,170,0.17,0.03163806640426628
714,857,143,0.143,0.03005076420144178
728,864,136,0.136,0.03455735454941168
694,847,153,0.153,0.03655496834497899
690,845,155,0.155,0.039522171896882355
692,846,154,0.154,0.039758353687822816
728,864,136,0.136,0.03321976830577478
700,850,150,0.15,0.030127463931334204
716,858,142,0.142,0.028143053598119878
752,876,124,0.124,0.02857629127963446
790,895,105,0.105,0.035471353286877276
800,900,100,0.1,0.03794539462355897
782,891,109,0.109,0.04540669994801283
770,885,115,0.115,0.04531874941056594
718,859,141,0.141,0.043219015342649075
728,864,136,0.136,0.04105095938174054
726,863,137,0.137,0.0350409029899165
712,856,144,0.144,0.03209510752232745
734,867,133,0.133,0.031850185334682465
758,879,121,0.121,0.0346649279454723
694,847,153,0.153,0.04008925355412066
730,865,135,0.135,0.04240594552084804
762,881,119,0.119,0.048722251831553876
662,831,169,0.169,0.05261330547742546
720,860,140,0.14,0.04967078653909266
704,852,148,0.148,0.04849089975049719
700,850,150,0.15,0.04122952088736929
718,859,141,0.141,0.039261835157405583
704,852,148,0.148,0.03876486476417631
688,844,156,0.156,0.038311599154025315
744,872,128,0.128,0.038149226657114926
728,864,136,0.136,0.035248433320783076
740,870,130,0.13,0.030593891478143634
696,848,152,0.152,0.028987190606305377
796,898,102,0.102,0.026765319325961174
696,848,152,0.152,0.02569736455916427
738,869,131,0.131,0.02266214711725479
682,841,159,0.159,0.022366286272648722
682,841,159,0.159,0.022197512545157224
766,883,117,0.117,0.019133654683479107
754,877,123,0.123,0.01725689097936265
764,882,118,0.118,0.016755982660572044
746,873,127,0.127,0.018102600459242238
738,869,131,0.131,0.02065644146967679
716,858,142,0.142,0.020126181062543765
750,875,125,0.125,0.020741612733807414
746,873,127,0.127,0.019782930117566138
724,862,138,0.138,0.018601804063029703
728,864,136,0.136,0.022202678200090305
738,869,131,0.131,0.02264984853111673
724,862,138,0.138,0.02630602620658465
718,859,141,0.141,0.03329277765285224
730,865,135,0.135,0.038736662001581865
650,825,175,0.175,0.03869821333233267
756,878,122,0.122,0.036953573207370936
694,847,153,0.153,0.03334005702333525
720,860,140,0.14,0.03413275215076283
756,878,122,0.122,0.03308314755768515
766,883,117,0.117,0.03463337767589837
772,886,114,0.114,0.0408203348654788
740,870,130,0.13,0.04585398530028761
700,850,150,0.15,0.0484315070156008
676,838,162,0.162,0.050909133340697736
718,859,141,0.141,0.05271394654829055
780,890,110,0.11,0.05150844041677192
774,887,113,0.113,0.05655282046599314
722,861,139,0.139,0.05951516042789445
734,867,133,0.133,0.058156853187829254
714,857,143,0.143,0.0629978942121379
674,837,163,0.163,0.0684616533704102
768,884,116,0.116,0.06868113400787115
738,869,131,0.131,0.07718727467767894
746,873,127,0.127,0.09093081765808166
680,840,160,0.16,0.09385699462890625
734,867,133,0.133,0.09481180313043297
698,849,151,0.151,0.09564690670743585
756,878,122,0.122,0.09817809835076333
716,858,142,0.142,0.10659081832878292
748,874,126,0.126,0.10306430046446621
704,852,148,0.148,0.11085914692468941
754,877,123,0.123,0.10889203457720578
750,875,125,0.125,0.09994341800548136
746,873,127,0.127,0.09627853056788445
714,857,143,0.143,0.09022749385051429
678,839,161,0.161,0.08855413640290499
758,879,121,0.121,0.08971206739731133
680,840,160,0.16,0.09272852241806685
746,873,127,0.127,0.09175018689781428
740,870,130,0.13,0.08990016273409128
772,886,114,0.114,0.08507890452165157
720,860,140,0.14,0.09349037611205131
740,870,130,0.13,0.0971586391441524
732,866,134,0.134,0.10743215497583151
778,889,111,0.111,0.10813931926339865
678,839,161,0.161,0.11136744596529752
696,848,152,0.152,0.11558062556385994
722,861,139,0.139,0.13236865070089698
738,869,131,0.131,0.1422759625017643
714,857,143,0.143,0.1456550769545138
758,879,121,0.121,0.14274371633678676
764,882,118,0.118,0.15663657366856934
768,884,116,0.116,0.1714262482188642
662,831,169,0.169,0.18857472487166524
646,823,177,0.177,0.205629555426538
642,821,179,0.179,0.2821767871975899
676,838,162,0.162,0.3030331651195884
698,849,151,0.151,0.3371042291074991
688,844,156,0.156,0.3702756244987249
656,828,172,0.172,0.4693645963519812
654,827,173,0.173,0.5144620939791202
678,839,161,0.161,0.551654666826129
718,859,141,0.141,0.5831274440884591
602,801,199,0.199,0.6455276656448841
582,791,209,0.209,0.6647811281979084
562,781,219,0.219,0.6803520616889
610,805,195,0.195,0.6880019795298576
578,789,211,0.211,0.6938386061191559
522,761,239,0.239,0.6906561942696572
652,826,174,0.174,0.6787058129310608
606,803,197,0.197,0.6804514646232128
586,793,207,0.207,0.6744622203409671
622,811,189,0.189,0.6716865034103393
628,814,186,0.186,0.6702504378557205
640,820,180,0.18,0.6731690496802331
652,826,174,0.174,0.6724754643440246
688,844,156,0.156,0.6586876431107521
608,804,196,0.196,0.663718244433403
606,803,197,0.197,0.6589010979533195
584,792,208,0.208,0.6651054908633232
668,834,166,0.166,0.6718962945938111
626,813,187,0.187,0.665920919418335
644,822,178,0.178,0.6597174135148525
588,794,206,0.206,0.6438882418870926
712,856,144,0.144,0.6170392210483551
632,816,184,0.184,0.6037970667779445
586,793,207,0.207,0.5962451182305812
650,825,175,0.175,0.5826141554117202
674,837,163,0.163,0.5691566987633705
674,837,163,0.163,0.5749925778210163
622,811,189,0.189,0.5769017248153686
624,812,188,0.188,0.5801178328692913
668,834,166,0.166,0.5535722029805183
652,826,174,0.174,0.5361763328313828
602,801,199,0.199,0.5247563764154911
666,833,167,0.167,0.49239943623542787
660,830,170,0.17,0.4750832301825285
648,824,176,0.176,0.460389800414443
686,843,157,0.157,0.4466641829907894
696,848,152,0.152,0.4374209352731705
706,853,147,0.147,0.429963196054101
664,832,168,0.168,0.4397057924568653
632,816,184,0.184,0.44241325710713864
658,829,171,0.171,0.43446564380824565
654,827,173,0.173,0.4477834396213293
738,869,131,0.131,0.4760616240799427
696,848,152,0.152,0.5038465951979161
636,818,182,0.182,0.5467393817305565
588,794,206,0.206,0.5784274394512177
666,833,167,0.167,0.5829340780079365
636,818,182,0.182,0.5881234546005726
668,834,166,0.166,0.5763349867761135
650,825,175,0.175,0.5663158864378929
674,837,163,0.163,0.5390889922082425
670,835,165,0.165,0.5169486297667026
686,843,157,0.157,0.48313741217553613
690,845,155,0.155,0.43853358675539494
660,830,170,0.17,0.3904312722310424
766,883,117,0.117,0.35830192452669146
680,840,160,0.16,0.3447024677395821
672,836,164,0.164,0.37171649596095085
676,838,162,0.162,0.4048473324775696
660,830,170,0.17,0.42242327561974524
668,834,166,0.166,0.4350815492421389
676,838,162,0.162,0.4140725539326668
728,864,136,0.136,0.3857468826472759
720,860,140,0.14,0.3725351527035236
716,858,142,0.142,0.3376938695386052
792,896,104,0.104,0.3128618078231811
726,863,137,0.137,0.3276131231039762
712,856,144,0.144,0.3285443562939763
676,838,162,0.162,0.3683631249964237
688,844,156,0.156,0.3949169310629368
676,838,162,0.162,0.41084256988763806
634,817,183,0.183,0.42375391533970835
668,834,166,0.166,0.43063867731392386
724,862,138,0.138,0.4369801254570484
724,862,138,0.138,0.42099795727431777
690,845,155,0.155,0.42783749496936796
720,860,140,0.14,0.40244948403537273
694,847,153,0.153,0.38618391764163973
690,845,155,0.155,0.37089314714074134
698,849,151,0.151,0.36001253241300585
700,850,150,0.15,0.32882202264666555
682,841,159,0.159,0.3208524609655142
666,833,167,0.167,0.2850917997956276
680,840,160,0.16,0.2705126429647207
706,853,147,0.147,0.24812381210923196
718,859,141,0.141,0.23733747966960073
712,856,144,0.144,0.20453194541484118
710,855,145,0.145,0.19889452005177735
738,869,131,0.131,0.18659985492378472
734,867,133,0.133,0.18553456238284707
692,846,154,0.154,0.1859088874012232
690,845,155,0.155,0.18504096089676023
720,860,140,0.14,0.18419528479129077
726,863,137,0.137,0.18720125156641007
738,869,131,0.131,0.16948409176245333
642,821,179,0.179,0.17873123374208807
750,875,125,0.125,0.15496268073096872
726,863,137,0.137,0.15515025023370982
734,867,133,0.133,0.15063164216652514
730,865,135,0.135,0.15547518153116108
710,855,145,0.145,0.16636232685483993
728,864,136,0.136,0.16390926779806614
714,857,143,0.143,0.15478824278339742
724,862,138,0.138,0.14710912152007222
728,864,136,0.136,0.1367888883948326
700,850,150,0.15,0.1314262566808611
714,857,143,0.143,0.13079705353081225
754,877,123,0.123,0.1331391050852835
714,857,143,0.143,0.1412669926583767
706,853,147,0.147,0.1411148459520191
660,830,170,0.17,0.14713351507857442
754,877,123,0.123,0.1445100399889052
718,859,141,0.141,0.14275130657106638
724,862,138,0.138,0.14272885256633164
734,867,133,0.133,0.15281082520261408
734,867,133,0.133,0.1601641030497849
730,865,135,0.135,0.18200688997656106
692,846,154,0.154,0.18887768114358186
754,877,123,0.123,0.19082952889800073
724,862,138,0.138,0.1783101816996932
752,876,124,0.124,0.17171288889274
720,860,140,0.14,0.16334055450186133
786,893,107,0.107,0.15606547940522433
716,858,142,0.142,0.16533694391697645
816,908,92,0.092,0.16374581057578325
720,860,140,0.14,0.16672569319978356
782,891,109,0.109,0.17756334563717246
746,873,127,0.127,0.1889680476076901
696,848,152,0.152,0.19771795918419957
676,838,162,0.162,0.19646184652671217
708,854,146,0.146,0.19352404617145658
754,877,123,0.123,0.19160017408803107
674,837,163,0.163,0.18808761283010245
626,813,187,0.187,0.19206198861822485
764,882,118,0.118,0.19814585811644791
698,849,151,0.151,0.22585166742652654
752,876,124,0.124,0.24217079424858093
696,848,152,0.152,0.2466408013999462
722,861,139,0.139,0.25689571084827184
710,855,145,0.145,0.2478225097581744
776,888,112,0.112,0.2227277310565114
674,837,163,0.163,0.22072055495530368
732,866,134,0.134,0.19304599152505397
692,846,154,0.154,0.17638048242405058
732,866,134,0.134,0.17280320991575718
696,848,152,0.152,0.17746650218218565
640,820,180,0.18,0.19827040991187095
692,846,154,0.154,0.2135569798350334
654,827,173,0.173,0.2090098264440894
692,846,154,0.154,0.21616631527245045
708,854,146,0.146,0.22888791483640672
746,873,127,0.127,0.2613717189915478
708,854,146,0.146,0.2739347794353962
724,862,138,0.138,0.2750773177072406
750,875,125,0.125,0.28825077234208585
716,858,142,0.142,0.29579105012863877
712,856,144,0.144,0.29093404699862
700,850,150,0.15,0.29335841099917886
714,857,143,0.143,0.28830257734656334
690,845,155,0.155,0.28734319189935925
696,848,152,0.152,0.28823061034083364
694,847,153,0.153,0.2906414378732443
742,871,129,0.129,0.302290762655437
686,843,157,0.157,0.31454229368269443
690,845,155,0.155,0.31681048944592477
688,844,156,0.156,0.32303366471081973
698,849,151,0.151,0.31087450856715443
710,855,145,0.145,0.3011970156431198
632,816,184,0.184,0.2917964437156916
658,829,171,0.171,0.28022898465394974
686,843,157,0.157,0.2634775538817048
710,855,145,0.145,0.24699117063730955
690,845,155,0.155,0.2448700539469719
706,853,147,0.147,0.2518419679477811
692,846,154,0.154,0.27984240724146364
742,871,129,0.129,0.2972833084985614
748,874,126,0.126,0.31458801837265493
734,867,133,0.133,0.3131421929076314
694,847,153,0.153,0.29894091169536113
704,852,148,0.148,0.267510296240449
712,856,144,0.144,0.273727934114635
728,864,136,0.136,0.2734311613589525
648,824,176,0.176,0.27322664941847324
698,849,151,0.151,0.2574766553118825
704,852,148,0.148,0.25151477198302746
770,885,115,0.115,0.23748608698695897
670,835,165,0.165,0.22529777516424657
752,876,124,0.124,0.22134985874593258
754,877,123,0.123,0.21899064304679633
706,853,147,0.147,0.2218106863722205
776,888,112,0.112,0.20164468935877083
722,861,139,0.139,0.1947788364700973
708,854,146,0.146,0.1875820578634739
710,855,145,0.145,0.18818264924734832
662,831,169,0.169,0.17295289611816406
738,869,131,0.131,0.16344084146246313
686,843,157,0.157,0.15931038557179272
692,846,154,0.154,0.15923312372714282
704,852,148,0.148,0.15184087817557157
684,842,158,0.158,0.15633243900164961
742,871,129,0.129,0.16122753609716892
686,843,157,0.157,0.16352248010411857
690,845,155,0.155,0.1639468378573656
724,862,138,0.138,0.15524866941571236
712,856,144,0.144,0.14739824459329248
712,856,144,0.144,0.14708801147341727
732,866,134,0.134,0.1253187574390322
772,886,114,0.114,0.09997185257449746
716,858,142,0.142,0.09930837787687778
754,877,123,0.123,0.09225515334121882
690,845,155,0.155,0.09493971236795187
732,866,134,0.134,0.10061880205664783
758,879,121,0.121,0.09731411805376411
776,888,112,0.112,0.09747750114370138
732,866,134,0.134,0.10300411888211966
732,866,134,0.134,0.10998785016871988
716,858,142,0.142,0.11640428904071451
720,860,140,0.14,0.11601789533346892
720,860,140,0.14,0.12018170681223274
684,842,158,0.158,0.11828018580749632
718,859,141,0.141,0.12079007551446556
714,857,143,0.143,0.11804751003533602
696,848,152,0.152,0.11608738305047155
674,837,163,0.163,0.11034617809019982
756,878,122,0.122,0.10821949417330325
724,862,138,0.138,0.11249551715143025
746,873,127,0.127,0.10660042776539921
756,878,122,0.122,0.10491405031085015
718,859,141,0.141,0.1026802679579705
774,887,113,0.113,0.10088337242323905
686,843,157,0.157,0.09623150747362524
728,864,136,0.136,0.09259071457386017
734,867,133,0.133,0.09196603945083916
710,855,145,0.145,0.09144552511628717
716,858,142,0.142,0.07441202675830573
732,866,134,0.134,0.0638345755925402
748,874,126,0.126,0.06228133020270616
742,871,129,0.129,0.06163039863016456
746,873,127,0.127,0.06958740600943565
724,862,138,0.138,0.0841307444088161
686,843,157,0.157,0.0860189864486456
744,872,128,0.128,0.08111816366016865
740,870,130,0.13,0.07415252556279302
722,861,139,0.139,0.06429918542969972
732,866,134,0.134,0.06321666521858424
762,881,119,0.119,0.06291287200897933
712,856,144,0.144,0.06425623519718647
710,855,145,0.145,0.06450829125847668
718,859,141,0.141,0.06167160557908937
704,852,148,0.148,0.0641117770653218
718,859,141,0.141,0.05671813341975212
690,845,155,0.155,0.051738349612569436
718,859,141,0.141,0.05246508234832436
726,863,137,0.137,0.049082634516060354
740,870,130,0.13,0.05021207666117698
732,866,134,0.134,0.0561571130566299
744,872,128,0.128,0.05434588346257806
708,854,146,0.146,0.057353262359276416
706,853,147,0.147,0.06218000409658998
720,860,140,0.14,0.06263582639582455
686,843,157,0.157,0.06238572350982577
722,861,139,0.139,0.06295951868407429
698,849,151,0.151,0.06069962013326585
726,863,137,0.137,0.06404435823857785
724,862,138,0.138,0.061978984099812805
766,883,117,0.117,0.06577664935961365
734,867,133,0.133,0.06526610120013356
788,894,106,0.106,0.06218808365147561
732,866,134,0.134,0.06346649176999927
740,870,130,0.13,0.06297293370310217
806,903,97,0.097,0.06429708485584706
732,866,134,0.134,0.07034086401201785
688,844,156,0.156,0.07262663969025016
742,871,129,0.129,0.06990366409160197
712,856,144,0.144,0.06933561860676855
682,841,159,0.159,0.07347720196284353
658,829,171,0.171,0.07399276802502573
714,857,143,0.143,0.07057653308846057
718,859,141,0.141,0.06997017013654112
704,852,148,0.148,0.06629493966512381
772,886,114,0.114,0.062331943831406535
692,846,154,0.154,0.06268758673686534
752,876,124,0.124,0.060067259271629155
724,862,138,0.138,0.062434128494933246
730,865,135,0.135,0.06484903971012682
698,849,151,0.151,0.06593993101269006
748,874,126,0.126,0.0670275119561702
706,853,147,0.147,0.07108306643739343
686,843,157,0.157,0.07337338118813932
696,848,152,0.152,0.07256467611901463
780,890,110,0.11,0.06803935471177101
680,840,160,0.16,0.06963813807629049
722,861,139,0.139,0.06710524851456284
700,850,150,0.15,0.06388551814202219
760,880,120,0.12,0.052321023643016815
758,879,121,0.121,0.050429177746176716
774,887,113,0.113,0.047210676160641014
728,864,136,0.136,0.04147794668795541
688,844,156,0.156,0.038140587048837916
742,871,129,0.129,0.03839764441968873
708,854,146,0.146,0.039794926153495905
762,881,119,0.119,0.04425508846715093
690,845,155,0.155,0.05032265003863722
738,869,131,0.131,0.04813795582205057
716,858,142,0.142,0.04883998254407197
746,873,127,0.127,0.045960630339570346
698,849,151,0.151,0.03892602901859209
750,875,125,0.125,0.040088405200745914
744,872,128,0.128,0.03367048838082701
724,862,138,0.138,0.03089307956956327
768,884,116,0.116,0.030234419029438866
740,870,130,0.13,0.03069966537039727
704,852,148,0.148,0.03249428813904524
750,875,125,0.125,0.035000904674641786
742,871,129,0.129,0.03541220044810325
692,846,154,0.154,0.03670978008979
734,867,133,0.133,0.03542192220501602
738,869,131,0.131,0.0353684892472811
770,885,115,0.115,0.03299029867304489
674,837,163,0.163,0.03648754869727418
742,871,129,0.129,0.035436679108068345
724,862,138,0.138,0.036043459731154144
728,864,136,0.136,0.03429087435011752
698,849,151,0.151,0.032786473350133745
744,872,128,0.128,0.031013066248502582
762,881,119,0.119,0.03286705241771415
730,865,135,0.135,0.028054318844806404
778,889,111,0.111,0.027856483147013934
796,898,102,0.102,0.027053783561103047
666,833,167,0.167,0.028487924685468898
752,876,124,0.124,0.027245161068625748
712,856,144,0.144,0.027966379766119643
740,870,130,0.13,0.02997646413464099
664,832,168,0.168,0.03212990210438147
732,866,134,0.134,0.031150028015486896
796,898,102,0.102,0.02744640454952605
748,874,126,0.126,0.027301145259989425
714,857,143,0.143,0.027993416086770594
700,850,150,0.15,0.034802065638592464
730,865,135,0.135,0.037741500747855754
720,860,140,0.14,0.037701327349990606
736,868,132,0.132,0.03821844244748354
656,828,172,0.172,0.03441690600058064
670,835,165,0.165,0.030379906414775178
678,839,161,0.161,0.029331018477212638
718,859,141,0.141,0.030490391038823873
718,859,141,0.141,0.03178948475699872
736,868,132,0.132,0.033333077372051774
752,876,124,0.124,0.031194094474893064
750,875,125,0.125,0.03086056586774066
756,878,122,0.122,0.030797777774278074
756,878,122,0.122,0.02828348929528147
704,852,148,0.148,0.029646870400290935
738,869,131,0.131,0.02911185254366137
666,833,167,0.167,0.028401488367235286
712,856,144,0.144,0.026556443709880112
714,857,143,0.143,0.02594869470736012
694,847,153,0.153,0.02713894168753177
698,849,151,0.151,0.025300343505572528
726,863,137,0.137,0.02518188161216676
728,864,136,0.136,0.021940631863079034
744,872,128,0.128,0.02298018626286648
692,846,154,0.154,0.0213374703892041
694,847,153,0.153,0.021432803296484053
726,863,137,0.137,0.021727863708976655
716,858,142,0.142,0.021759930150583386
782,891,109,0.109,0.02181419443199411
722,861,139,0.139,0.02195692656247411
746,873,127,0.127,0.022232042980380357
770,885,115,0.115,0.021548430921975524
704,852,148,0.148,0.01985942842811346
718,859,141,0.141,0.019195586738409473
696,848,152,0.152,0.02062820428656414
772,886,114,0.114,0.01950714105251245
726,863,137,0.137,0.02115930976346135
770,885,115,0.115,0.019569059549365192
724,862,138,0.138,0.018109528315719218
760,880,120,0.12,0.016383247417048552
776,888,112,0.112,0.01678394332935568
750,875,125,0.125,0.018212270605610682
708,854,146,0.146,0.0201191198034212
730,865,135,0.135,0.01909882029052824
798,899,101,0.101,0.01827949732076377
766,883,117,0.117,0.017938401630264708
756,878,122,0.122,0.01524517451855354
750,875,125,0.125,0.015449335930403322
802,901,99,0.099,0.014818977831397205
728,864,136,0.136,0.015186358907609247
716,858,142,0.142,0.016865829478250816
782,891,109,0.109,0.01643636561150197
724,862,138,0.138,0.015775535874767228
762,881,119,0.119,0.015759002034552397
704,852,148,0.148,0.014817997273406946
740,870,130,0.13,0.015177479169098661
724,862,138,0.138,0.017237640454666688
764,882,118,0.118,0.01863403089751955
732,866,134,0.134,0.019807931870920583
704,852,148,0.148,0.019071153527358546
698,849,151,0.151,0.0183163255113177
672,836,164,0.164,0.01814762533828616
750,875,125,0.125,0.019369343033991755
774,887,113,0.113,0.018230628473917022
726,863,137,0.137,0.01892154240142554
684,842,158,0.158,0.01885819831036497
758,879,121,0.121,0.016654203432612123
752,876,124,0.124,0.017083197558065876
812,906,94,0.094,0.016729026809101925
718,859,141,0.141,0.01887231926980894
750,875,125,0.125,0.01772173831798136
742,871,129,0.129,0.017126065131044015
714,857,143,0.143,0.017163431959343143
708,854,146,0.146,0.016189549882663416
738,869,131,0.131,0.015527722791943234
714,857,143,0.143,0.01582601278612856
722,861,139,0.139,0.014793240045197309
724,862,138,0.138,0.015184285565977916
706,853,147,0.147,0.015611041475087404
714,857,143,0.143,0.016075776632875204
676,838,162,0.162,0.016292372754542157
708,854,146,0.146,0.015514992617303505
722,861,139,0.139,0.013712123068980873
772,886,114,0.114,0.012340973247308285
740,870,130,0.13,0.011449120579985901
716,858,142,0.142,0.009980006842524744
726,863,137,0.137,0.009643300599767826
736,868,132,0.132,0.009899180362466722
734,867,133,0.133,0.0102672801137669
720,860,140,0.14,0.010963351053418592
768,884,116,0.116,0.01067381764180027
692,846,154,0.154,0.011108960909070447
720,860,140,0.14,0.010326994947856293
696,848,152,0.152,0.010795615460840053
740,870,130,0.13,0.010361117079737596
710,855,145,0.145,0.01005216112616472
752,876,124,0.124,0.009973554524127393
736,868,132,0.132,0.010615299687255175
696,848,152,0.152,0.011356098330812529
682,841,159,0.159,0.01222048658397398
706,853,147,0.147,0.012142733667744324
788,894,106,0.106,0.011340218957746402
724,862,138,0.138,0.010051360561163165
724,862,138,0.138,0.009772400453861338
764,882,118,0.118,0.008824123962258455
724,862,138,0.138,0.009894973856280558
692,846,154,0.154,0.013797322495491244
732,866,134,0.134,0.013620272082509472
684,842,158,0.158,0.013215689449920319
718,859,141,0.141,0.012459938999847509
750,875,125,0.125,0.009227716621244325
748,874,126,0.126,0.008986465863068588
756,878,122,0.122,0.009093408861430362
786,893,107,0.107,0.008253251120622735
746,873,127,0.127,0.0075840213826159015
778,889,111,0.111,0.007200140906730667
740,870,130,0.13,0.007994561394851189
706,853,147,0.147,0.008705627731280401
712,856,144,0.144,0.011105673531419597
710,855,145,0.145,0.01163185730553232
704,852,148,0.148,0.011363855025265365
748,874,126,0.126,0.010566364524202072
710,855,145,0.145,0.007366448118875269
706,853,147,0.147,0.007719027412356809
760,880,120,0.12,0.007326072929688962
742,871,129,0.129,0.008260796883143484
754,877,123,0.123,0.009672449121018872
734,867,133,0.133,0.010202880064578495
690,845,155,0.155,0.010448948899516836
730,865,135,0.135,0.010799391926440876
742,871,129,0.129,0.011069600186659954
704,852,148,0.148,0.011194114644778892
788,894,106,0.106,0.010570957906194962
760,880,120,0.12,0.00973306045634672
738,869,131,0.131,0.007947919730446302
738,869,131,0.131,0.00884563827974489
778,889,111,0.111,0.008460437671135879
754,877,123,0.123,0.009099773098132573
732,866,134,0.134,0.010423756559495814
756,878,122,0.122,0.009907427593600004
722,861,139,0.139,0.009820294353266945
758,879,121,0.121,0.00914645534416195
750,875,125,0.125,0.009250151993473992
778,889,111,0.111,0.008756505982717499
782,891,109,0.109,0.008690536275331397
696,848,152,0.152,0.009262327497825027
738,869,131,0.131,0.012395837187068538
734,867,133,0.133,0.014629842309746892
772,886,114,0.114,0.013592623592587188
750,875,125,0.125,0.014167070186231286
722,861,139,0.139,0.012294758703908884
714,857,143,0.143,0.010047397001064383
712,856,144,0.144,0.010212422885233536
684,842,158,0.158,0.009716035893652587
672,836,164,0.164,0.010343489815684734
714,857,143,0.143,0.010264659909298644
756,878,122,0.122,0.009845524873933755
800,900,100,0.1,0.00945459593931446
708,854,146,0.146,0.009404973493947182
730,865,135,0.135,0.008949932621733752
766,883,117,0.117,0.008674337874341291
692,846,154,0.154,0.00941392496379558
762,881,119,0.119,0.010071570538566449
780,890,110,0.11,0.00981775780406315
694,847,153,0.153,0.010369177448679693
768,884,116,0.116,0.00984015268587973
692,846,154,0.154,0.010266655892482959
726,863,137,0.137,0.010431713472353294
768,884,116,0.116,0.010143912760424428
738,869,131,0.131,0.010249464642838576
786,893,107,0.107,0.008722518112277613
714,857,143,0.143,0.009126428575546014
708,854,146,0.146,0.009236954674648587
736,868,132,0.132,0.009521028024173574
734,867,133,0.133,0.011108905982458964
732,866,134,0.134,0.010776762272929773
764,882,118,0.118,0.011826916934223846
762,881,119,0.119,0.012214434814290144
716,858,142,0.142,0.013723788643837907
702,851,149,0.149,0.014390098300762474
680,840,160,0.16,0.014302034149644897
702,851,149,0.149,0.013982348367804662
736,868,132,0.132,0.012549461970920675
800,900,100,0.1,0.012129378021112643
714,857,143,0.143,0.012097735846647993
732,866,134,0.134,0.01100511927390471
690,845,155,0.155,0.01157248934265226
714,857,143,0.143,0.011249763884930871
768,884,116,0.116,0.01095890102314297
746,873,127,0.127,0.01032505821599625
720,860,140,0.14,0.009570735540473834
682,841,159,0.159,0.009688830687256995
774,887,113,0.113,0.00931745993939694
792,896,104,0.104,0.009992414102947805
694,847,153,0.153,0.011776643902412615
736,868,132,0.132,0.011732739218627103
750,875,125,0.125,0.011583094142086338
716,858,142,0.142,0.011475110151339323
756,878,122,0.122,0.01284049233724363
754,877,123,0.123,0.012764206457417458
778,889,111,0.111,0.01230552139104111
750,875,125,0.125,0.012332349797186908
704,852,148,0.148,0.010256243428797461
716,858,142,0.142,0.010929039571201428
714,857,143,0.143,0.01143869973195251
718,859,141,0.141,0.011964832194964402
752,876,124,0.124,0.01603925664257258
716,858,142,0.142,0.016426939012249932
752,876,124,0.124,0.015430725448764861
698,849,151,0.151,0.0166951070507057
702,851,149,0.149,0.013684031304903328
712,856,144,0.144,0.01298711261455901
740,870,130,0.13,0.012679196983983275
698,849,151,0.151,0.013223544319858775
758,879,121,0.121,0.012901781407883391
746,873,127,0.127,0.012450750509859063
758,879,121,0.121,0.011983014807046857
730,865,135,0.135,0.011831048586172984
768,884,116,0.116,0.010398727513616904
758,879,121,0.121,0.010194310776903876
756,878,122,0.122,0.010705865898169577
758,879,121,0.121,0.010346963424584828
674,837,163,0.163,0.012046534105902538
766,883,117,0.117,0.011183386725606396
662,831,169,0.169,0.012552619833964855
776,888,112,0.112,0.012045350215863436
756,878,122,0.122,0.013908472296607214
750,875,125,0.125,0.013901579999132082
734,867,133,0.133,0.014246854355325923
754,877,123,0.123,0.012964037438505329
700,850,150,0.15,0.011633849175530486
752,876,124,0.124,0.011008078377810307
740,870,130,0.13,0.011510452169226483
704,852,148,0.148,0.011526442938717083
730,865,135,0.135,0.012399689221987501
670,835,165,0.165,0.012863675556262024
752,876,124,0.124,0.012536984731210395
748,874,126,0.126,0.012439682836993598
758,879,121,0.121,0.010724427410284988
772,886,114,0.114,0.01019557397972676
736,868,132,0.132,0.00947091902513057
748,874,126,0.126,0.00900960966484854
728,864,136,0.136,0.01243535800895188
730,865,135,0.135,0.013288187440950424
704,852,148,0.148,0.01347397867316613
734,867,133,0.133,0.013692473651142791
750,875,125,0.125,0.01058442786760861
780,890,110,0.11,0.00993313566769939
768,884,116,0.116,0.010084359007829334
718,859,141,0.141,0.010807911809766665
704,852,148,0.148,0.015042296435683966
732,866,134,0.134,0.01520736543845851
750,875,125,0.125,0.014732313957298175
738,869,131,0.131,0.014761469466378912
744,872,128,0.128,0.012067250716499984
752,876,124,0.124,0.011741743356687949
710,855,145,0.145,0.012328101537539623
748,874,126,0.126,0.011306075798813254
772,886,114,0.114,0.011332341744564474
736,868,132,0.132,0.0117357390508987
662,831,169,0.169,0.014595210688887163
726,863,137,0.137,0.013744428500765935
748,874,126,0.126,0.015958090606261976
710,855,145,0.145,0.015831252688076346
718,859,141,0.141,0.014910800437442959
738,869,131,0.131,0.015498799923807382
714,857,143,0.143,0.013666868140804582
802,901,99,0.099,0.012620946548151551
748,874,126,0.126,0.013373261924716644
700,850,150,0.15,0.013514913927996532
726,863,137,0.137,0.015110940856626258
786,893,107,0.107,0.01495083973801229
744,872,128,0.128,0.014258741074474529
724,862,138,0.138,0.01494879540023976
718,859,141,0.141,0.014556583374505862
724,862,138,0.138,0.01433836516100564
728,864,136,0.136,0.014856313474359922
786,893,107,0.107,0.014575020247953943
706,853,147,0.147,0.015197070114081725
756,878,122,0.122,0.013963182949228213
746,873,127,0.127,0.014399220244493336
742,871,129,0.129,0.015207810163963586
780,890,110,0.11,0.01481401040777564
790,895,105,0.105,0.01456365757319145
732,866,134,0.134,0.013385150733520278
764,882,118,0.118,0.013084531871019862
730,865,135,0.135,0.013894850716693326
686,843,157,0.157,0.014888412742875516
676,838,162,0.162,0.017318871947587466
736,868,132,0.132,0.016284941922524013
756,878,122,0.122,0.017750740798423068
640,820,180,0.18,0.018584820760879667
772,886,114,0.114,0.016952300756820478
772,886,114,0.114,0.017094449917320162
760,880,120,0.12,0.01777817390987184
702,851,149,0.149,0.018925460796337574
692,846,154,0.154,0.018857392664416692
778,889,111,0.111,0.017161815680097788
738,869,131,0.131,0.013626487030414865
798,899,101,0.101,0.012707734533003532
744,872,128,0.128,0.013924258294049651
782,891,109,0.109,0.012973550180380699
786,893,107,0.107,0.011827739033498801
812,906,94,0.094,0.012483268325566314
720,860,140,0.14,0.012319791281595827
682,841,159,0.159,0.012554904305608943
656,828,172,0.172,0.014549350637185854
742,871,129,0.129,0.01402857290339307
750,875,125,0.125,0.01619485565344803
692,846,154,0.154,0.01605043931840919
730,865,135,0.135,0.01317831897456199
706,853,147,0.147,0.01279376950697042
800,900,100,0.1,0.00981450392329134
720,860,140,0.14,0.010715757614816539
692,846,154,0.154,0.010867112832260318
728,864,136,0.136,0.010667593161575496
774,887,113,0.113,0.010933398052991834
746,873,127,0.127,0.011593593509518541
746,873,127,0.127,0.012072664086706937
708,854,146,0.146,0.012291943533229642
674,837,163,0.163,0.012579056540387682
744,872,128,0.128,0.012183658638503403
730,865,135,0.135,0.012065325488918461
772,886,114,0.114,0.01204779906733893
714,857,143,0.143,0.012771472775784786
640,820,180,0.18,0.014052242553327233
740,870,130,0.13,0.012670871401787735
768,884,116,0.116,0.01233403689682018
726,863,137,0.137,0.013525271467049606
696,848,152,0.152,0.013612134195398539
692,846,154,0.154,0.013018549510277807
678,839,161,0.161,0.013593017785926349
754,877,123,0.123,0.013229216553736479
718,859,141,0.141,0.01345937994227279
734,867,133,0.133,0.01210363614372909
754,877,123,0.123,0.011895838135795202
744,872,128,0.128,0.011617634876980447
672,836,164,0.164,0.011738668016041629
730,865,135,0.135,0.012216409842832945
770,885,115,0.115,0.011561605486087501
776,888,112,0.112,0.011076911682263017
720,860,140,0.14,0.011017474109656178
716,858,142,0.142,0.009837116081267595
754,877,123,0.123,0.009403876022668555
738,869,131,0.131,0.010212518924148753
722,861,139,0.139,0.010668309292988851
748,874,126,0.126,0.00971814326918684
744,872,128,0.128,0.00987173382868059
776,888,112,0.112,0.009255537396646104
716,858,142,0.142,0.009184770451422082
680,840,160,0.16,0.010400464644364548
736,868,132,0.132,0.009346396790700965
782,891,109,0.109,0.009198913249303586
772,886,114,0.114,0.008734330848034006
728,864,136,0.136,0.007916364962700755
782,891,109,0.109,0.007945730643346905
722,861,139,0.139,0.009732798209530302
738,869,131,0.131,0.010307521611452103
734,867,133,0.133,0.013510635421378538
730,865,135,0.135,0.013660170327173546
800,900,100,0.1,0.012747652966936585
702,851,149,0.149,0.0121498387894826
686,843,157,0.157,0.011864588118856772
738,869,131,0.131,0.010500731178210116
768,884,116,0.116,0.010923983986140228
742,871,129,0.129,0.011569453059346415
688,844,156,0.156,0.013004929976654239
826,913,87,0.087,0.01156107793893898
738,869,131,0.131,0.011863133766688407
794,897,103,0.103,0.011512167459935881
770,885,115,0.115,0.008958221566543216
766,883,117,0.117,0.00912627379067999
696,848,152,0.152,0.010388121581694576
752,876,124,0.124,0.012095361487590708
702,851,149,0.149,0.01689004327170551
716,858,142,0.142,0.01631265828362666
750,875,125,0.125,0.017050340642919763
702,851,149,0.149,0.015702814598334953
770,885,115,0.115,0.012004232255043462
728,864,136,0.136,0.01172459404252004
702,851,149,0.149,0.011397996448387857
688,844,156,0.156,0.011168342462042347
742,871,129,0.129,0.010149179067695514
706,853,147,0.147,0.01001991192670539
748,874,126,0.126,0.009778168831486255
738,869,131,0.131,0.009148961761617102
696,848,152,0.152,0.010771450397034641
778,889,111,0.111,0.010123590820410755
718,859,141,0.141,0.012742232611228246
770,885,115,0.115,0.012870585344964639
740,870,130,0.13,0.011720785260084085
720,860,140,0.14,0.011516164945438504
734,867,133,0.133,0.01005052762143896
760,880,120,0.12,0.008688167089654598
732,866,134,0.134,0.009071168973227031
804,902,98,0.098,0.009752785451302771
760,880,120,0.12,0.010046234000707045
748,874,126,0.126,0.01044162440591026
742,871,129,0.129,0.01059545285452623
690,845,155,0.155,0.011153734975960106
716,858,142,0.142,0.011291771947289817
706,853,147,0.147,0.012773315026657656
758,879,121,0.121,0.012257634852314368
776,888,112,0.112,0.011600819242186844
720,860,140,0.14,0.010635028075659648
726,863,137,0.137,0.008993194667389617
710,855,145,0.145,0.009478852547035786
740,870,130,0.13,0.00885426228895085
738,869,131,0.131,0.009637477371055865
774,887,113,0.113,0.009426921891863458
716,858,142,0.142,0.009210292909527197
736,868,132,0.132,0.008691578669240698
662,831,169,0.169,0.009444415739446413
690,845,155,0.155,0.01203894303785637
696,848,152,0.152,0.012331395700341091
694,847,153,0.153,0.013601206564111635
722,861,139,0.139,0.01310246569395531
712,856,144,0.144,0.009499967192299664
792,896,104,0.104,0.0078718962292769
730,865,135,0.135,0.006960522876237519
692,846,154,0.154,0.006945075136783998
782,891,109,0.109,0.00734516204072861
710,855,145,0.145,0.007648891600780189
750,875,125,0.125,0.007777870872872882
738,869,131,0.131,0.007476301833463367
728,864,136,0.136,0.00639296339196153
764,882,118,0.118,0.00592683925293386
720,860,140,0.14,0.00621832388517214
710,855,145,0.145,0.007323146669659763
722,861,139,0.139,0.009696288123377599
712,856,144,0.144,0.010020328159211203
668,834,166,0.166,0.0111369426518213
758,879,121,0.121,0.010409567337133921
720,860,140,0.14,0.009202652340114583
716,858,142,0.142,0.0088794959372608
752,876,124,0.124,0.008477654573245673
724,862,138,0.138,0.007623199306195602
764,882,118,0.118,0.009025670865434222
708,854,146,0.146,0.009548054189654067
700,850,150,0.15,0.009755334677814972
778,889,111,0.111,0.009612616926664487
724,862,138,0.138,0.008547897022683174
796,898,102,0.102,0.00825682105004671
716,858,142,0.142,0.008157149580772967
774,887,113,0.113,0.008202863908139988
696,848,152,0.152,0.009503094763844274
806,903,97,0.097,0.00956255213834811
706,853,147,0.147,0.009987652195501141
694,847,153,0.153,0.010316079814452678
692,846,154,0.154,0.010242988299229183
684,842,158,0.158,0.010624381222063675
732,866,134,0.134,0.009865266384906136
730,865,135,0.135,0.009272700286412146
738,869,131,0.131,0.007496866896864958
702,851,149,0.149,0.007445628379762638
722,861,139,0.139,0.0071742502604611215
768,884,116,0.116,0.007272266371641308
744,872,128,0.128,0.008025354580546264
732,866,134,0.134,0.007999423581175506
732,866,134,0.134,0.007727455665415619
702,851,149,0.149,0.007973889726330527
736,868,132,0.132,0.006073179475090001
712,856,144,0.144,0.0059374403948313555
724,862,138,0.138,0.005730862349533709
736,868,132,0.132,0.006196353462990373
800,900,100,0.1,0.006687173451005947
710,855,145,0.145,0.007332525427103974
732,866,134,0.134,0.007038014382240362
764,882,118,0.118,0.0066699712827103215
726,863,137,0.137,0.006857257146097254
698,849,151,0.151,0.006888320650934475
756,878,122,0.122,0.006935539030702785
762,881,119,0.119,0.007265200591995381
718,859,141,0.141,0.008525626506656407
730,865,135,0.135,0.008418580244062468
768,884,116,0.116,0.008289708702795906
738,869,131,0.131,0.007383824560674839
684,842,158,0.158,0.007803519192093517
716,858,142,0.142,0.007655468690209091
780,890,110,0.11,0.007289001427241601
774,887,113,0.113,0.007508374312776141
670,835,165,0.165,0.008144125513674225
730,865,135,0.135,0.007541626302641816
718,859,141,0.141,0.008121107542072422
710,855,145,0.145,0.008743528399965726
788,894,106,0.106,0.010061463958991226
752,876,124,0.124,0.009763415732275462
722,861,139,0.139,0.00942527652066201
744,872,128,0.128,0.008762462802551454
720,860,140,0.14,0.005634953233558918
724,862,138,0.138,0.005964096578187309
764,882,118,0.118,0.006545422064686136
770,885,115,0.115,0.007898430687811923
718,859,141,0.141,0.01571957748848945
712,856,144,0.144,0.015811143602710218
702,851,149,0.149,0.015278995913686231
688,844,156,0.156,0.014932677672593854
740,870,130,0.13,0.008342691170517355
682,841,159,0.159,0.008095325913862325
708,854,146,0.146,0.008189916283008643
708,854,146,0.146,0.008342441432585473
796,898,102,0.102,0.009179458850063384
694,847,153,0.153,0.009678731565829367
726,863,137,0.137,0.009033889460100909
770,885,115,0.115,0.008324531445628964
726,863,137,0.137,0.008947579684667289
752,876,124,0.124,0.008929841062257764
728,864,136,0.136,0.009595445461221971
738,869,131,0.131,0.01036841257510241
718,859,141,0.141,0.012916394252679311
734,867,133,0.133,0.013531221279408782
682,841,159,0.159,0.01355005328275729
698,849,151,0.151,0.013683446374139749
774,887,113,0.113,0.011067340024397708
724,862,138,0.138,0.010771779773844173
742,871,129,0.129,0.010258947902533691
730,865,135,0.135,0.009018419984146021
688,844,156,0.156,0.009127099187579006
730,865,135,0.135,0.009505377342138672
730,865,135,0.135,0.009455016599502415
768,884,116,0.116,0.009726117425365374
766,883,117,0.117,0.008595843573915771
734,867,133,0.133,0.0082012898325047
692,846,154,0.154,0.008173515666625462
762,881,119,0.119,0.0071273949933238325
724,862,138,0.138,0.007033386215451173
712,856,144,0.144,0.007143165658198995
714,857,143,0.143,0.007616146984568331
740,870,130,0.13,0.008574549235752784
702,851,149,0.149,0.013560689923353493
668,834,166,0.166,0.01398719569190871
746,873,127,0.127,0.01329907486506272
732,866,134,0.134,0.012757058074348605
672,836,164,0.164,0.008658341853588354
750,875,125,0.125,0.00817707481601974
682,841,159,0.159,0.007958668943159865
792,896,104,0.104,0.007294519827701152
740,870,130,0.13,0.008981067233951763
752,876,124,0.124,0.008794958418380702
730,865,135,0.135,0.009038133988855406
704,852,148,0.148,0.008755164309055544
716,858,142,0.142,0.008680827971431427
746,873,127,0.127,0.008272148410847877
722,861,139,0.139,0.0085218005834613
670,835,165,0.165,0.008576918602135265
738,869,131,0.131,0.009501041346229613
790,895,105,0.105,0.009346550778253004
698,849,151,0.151,0.010272022448247299
738,869,131,0.131,0.010068116056732834
716,858,142,0.142,0.010804832155117764
710,855,145,0.145,0.011043384545948356
730,865,135,0.135,0.011787172905984335
744,872,128,0.128,0.012163784318603574
734,867,133,0.133,0.01073547325131949
724,862,138,0.138,0.011138080682139844
712,856,144,0.144,0.010911250333534553
726,863,137,0.137,0.010769975905190222
712,856,144,0.144,0.009171522391494364
768,884,116,0.116,0.009331164421339053
738,869,131,0.131,0.009376295408350416
702,851,149,0.149,0.009090900065493769
766,883,117,0.117,0.009335450738610234
712,856,144,0.144,0.0097854882486281
698,849,151,0.151,0.010669946768553927
708,854,146,0.146,0.010211641673988197
776,888,112,0.112,0.008525982258259318
690,845,155,0.155,0.009137369786505587
708,854,146,0.146,0.008667875256040134
708,854,146,0.146,0.008274488292401657
748,874,126,0.126,0.009298102443339304
760,880,120,0.12,0.009421229043917265
666,833,167,0.167,0.009797555764438585
702,851,149,0.149,0.010232345259399154
694,847,153,0.153,0.010014149175374768
736,868,132,0.132,0.010299282263615168
688,844,156,0.156,0.010093047784175723
770,885,115,0.115,0.010156251646112651
728,864,136,0.136,0.008615043127443642
724,862,138,0.138,0.007979684096120763
742,871,129,0.129,0.00816074055491481
710,855,145,0.145,0.007503390586789465
730,865,135,0.135,0.007543225196830462
700,850,150,0.15,0.007768138610350433
742,871,129,0.129,0.007666262951679528
750,875,125,0.125,0.007756817813438829
754,877,123,0.123,0.006357796154508833
732,866,134,0.134,0.006683838036493398
734,867,133,0.133,0.006624363338109106
668,834,166,0.166,0.006702214635210112
708,854,146,0.146,0.008214433757704682
774,887,113,0.113,0.00779122664098395
738,869,131,0.131,0.0076944235900446075
766,883,117,0.117,0.007509515747311525
742,871,129,0.129,0.005680579657841008
750,875,125,0.125,0.0058365380567265675
746,873,127,0.127,0.0059244003619242
700,850,150,0.15,0.006144711049913895
720,860,140,0.14,0.00677542823186377
732,866,134,0.134,0.0068834695855621245
696,848,152,0.152,0.007006397771765478
696,848,152,0.152,0.007152468889195006
722,861,139,0.139,0.008312164081376977
724,862,138,0.138,0.008285097040934488
700,850,150,0.15,0.008660400264372583
734,867,133,0.133,0.009168499159277416
742,871,129,0.129,0.008721837168501225
758,879,121,0.121,0.00887818398536183
724,862,138,0.138,0.008957675375189865
678,839,161,0.161,0.008502432346867863
674,837,163,0.163,0.00729260753816925
700,850,150,0.15,0.00737482721178094
744,872,128,0.128,0.007153793134610169
772,886,114,0.114,0.007375071172602474
686,843,157,0.157,0.008277695522876456
706,853,147,0.147,0.008031869532540441
788,894,106,0.106,0.008275124071631581
718,859,141,0.141,0.00838259338226635
760,880,120,0.12,0.007615866512642242
740,870,130,0.13,0.00782999882713193
766,883,117,0.117,0.007505733073427109
756,878,122,0.122,0.00705056556215277
742,871,129,0.129,0.008512417035119142
708,854,146,0.146,0.0089087233399041
724,862,138,0.138,0.009141745289554819
718,859,141,0.141,0.00927144579263404
704,852,148,0.148,0.007829740754328669
754,877,123,0.123,0.0074954849674832074
688,844,156,0.156,0.00884585665341001
782,891,109,0.109,0.009012399198720232
742,871,129,0.129,0.009536117425683187
700,850,150,0.15,0.009860288060561289
764,882,118,0.118,0.008357334522996097
788,894,106,0.106,0.007331884470651857
752,876,124,0.124,0.008848037258998374
724,862,138,0.138,0.00862931972538354
768,884,116,0.116,0.009260859493399038
742,871,129,0.129,0.00952178811118938
706,853,147,0.147,0.009451538173947484
678,839,161,0.161,0.009862667601613794
736,868,132,0.132,0.009693792605074122
758,879,121,0.121,0.00913232938107103
700,850,150,0.15,0.011481620459468104
794,897,103,0.103,0.009321157904225401
706,853,147,0.147,0.009641424797475338
760,880,120,0.12,0.008878542904596543
774,887,113,0.113,0.012505512778297999
698,849,151,0.151,0.012276778354425914
730,865,135,0.135,0.012011162295006216
720,860,140,0.14,0.01300719498586841
796,898,102,0.102,0.011829846067703329
718,859,141,0.141,0.012503699672117364
786,893,107,0.107,0.012324589586933143
696,848,152,0.152,0.012948135979240761
742,871,129,0.129,0.015960426614619792
704,852,148,0.148,0.016014828195329754
706,853,147,0.147,0.01611001492245123
730,865,135,0.135,0.016314177958061917
726,863,137,0.137,0.017409349544439463
750,875,125,0.125,0.01800789173063822
742,871,129,0.129,0.017614990629255773
724,862,138,0.138,0.018745710297720507
746,873,127,0.127,0.01916846335073933
736,868,132,0.132,0.019447280522086656
698,849,151,0.151,0.018457678403356114
758,879,121,0.121,0.01937404537934344
722,861,139,0.139,0.022808679055189712
