log_avg_ept_score,log_avg_succ_req,log_avg_blk_req,log_avg_BP_req,log_avg_entropy
90,545,455,0.455,2.3004454622268677
80,540,460,0.46,2.3004376966953277
66,533,467,0.467,2.30043821644783
34,517,483,0.483,2.300431292295456
50,525,475,0.475,2.3004291036129
-10,495,505,0.505,2.3004106702804568
58,529,471,0.471,2.3004163546562193
30,515,485,0.485,2.300421985387802
58,529,471,0.471,2.3004119958877562
80,540,460,0.46,2.300427524328232
80,540,460,0.46,2.300418258190155
70,535,465,0.465,2.300415321111679
-4,498,502,0.502,2.3004036128520964
54,527,473,0.473,2.300411604881287
0,500,500,0.5,2.3003951506614686
2,501,499,0.499,2.300393627882004
104,552,448,0.448,2.3004003038406373
72,536,464,0.464,2.3003907289505006
32,516,484,0.484,2.300388686656952
52,526,474,0.474,2.3003925478458402
78,539,461,0.461,2.300373528718948
52,526,474,0.474,2.300384855031967
36,518,482,0.482,2.3003820753097535
24,512,488,0.488,2.3003875620365144
36,518,482,0.482,2.3003720128536225
102,551,449,0.449,2.3003737225532532
22,511,489,0.489,2.300354207992554
10,505,495,0.495,2.3003539736270904
58,529,471,0.471,2.300349448442459
78,539,461,0.461,2.300369479417801
32,516,484,0.484,2.3003603868484497
2,501,499,0.499,2.300341059446335
10,505,495,0.495,2.3003530995845796
8,504,496,0.496,2.3003483893871306
114,557,443,0.443,2.3003439791202545
74,537,463,0.463,2.30035480093956
18,509,491,0.491,2.300331833600998
48,524,476,0.476,2.3003426620960234
84,542,458,0.458,2.3003367507457733
32,516,484,0.484,2.300319096803665
90,545,455,0.455,2.300334370136261
68,534,466,0.466,2.3003352115154265
46,523,477,0.477,2.3003249220848083
-20,490,510,0.51,2.300316198348999
64,532,468,0.468,2.300315910577774
110,555,445,0.445,2.300323553085327
120,560,440,0.44,2.3003296494483947
58,529,471,0.471,2.3003196794986724
14,507,493,0.493,2.300306725978851
26,513,487,0.487,2.3002961890697478
42,521,479,0.479,2.3002937798500063
24,512,488,0.488,2.3002999212741853
92,546,454,0.454,2.30030033993721
34,517,483,0.483,2.3002984437942504
40,520,480,0.48,2.300288600683212
56,528,472,0.472,2.3002874553203583
30,515,485,0.485,2.300288582086563
68,534,466,0.466,2.300283447265625
20,510,490,0.49,2.3002676236629487
56,528,472,0.472,2.30027880859375
52,526,474,0.474,2.3002692110538483
36,518,482,0.482,2.3002629635334015
70,535,465,0.465,2.300274358510971
38,519,481,0.481,2.300239142894745
52,526,474,0.474,2.3002558517456055
44,522,478,0.478,2.300248068571091
60,530,470,0.47,2.3002268497943876
32,516,484,0.484,2.3002273080348967
52,526,474,0.474,2.3002266340255737
50,525,475,0.475,2.3002296736240386
50,525,475,0.475,2.300210147857666
18,509,491,0.491,2.300217220067978
98,549,451,0.451,2.300224638223648
102,551,449,0.449,2.300217668056488
38,519,481,0.481,2.3002039732933044
42,521,479,0.479,2.3001967651844026
58,529,471,0.471,2.300187999725342
18,509,491,0.491,2.3001891157627106
68,534,466,0.466,2.3001957223415377
12,506,494,0.494,2.300167451620102
70,535,465,0.465,2.3001792681217195
-10,495,505,0.505,2.3001666731834414
30,515,485,0.485,2.3001624615192413
22,511,489,0.489,2.3001690096855163
4,502,498,0.498,2.3001379761695864
36,518,482,0.482,2.300157017946243
52,526,474,0.474,2.300141991615295
54,527,473,0.473,2.3001373553276063
8,504,496,0.496,2.3001360201835634
22,511,489,0.489,2.3001296536922453
72,536,464,0.464,2.3001324005126955
60,530,470,0.47,2.3001260766983034
50,525,475,0.475,2.3000976355075835
104,552,448,0.448,2.300096448421478
40,520,480,0.48,2.3000971262454986
118,559,441,0.441,2.3001006920337677
30,515,485,0.485,2.300069796800613
64,532,468,0.468,2.3000651631355287
28,514,486,0.486,2.300056601047516
50,525,475,0.475,2.3000600562095643
68,534,466,0.466,2.3000498197078705
22,511,489,0.489,2.3000494220256806
6,503,497,0.497,2.300027375936508
142,571,429,0.429,2.3000356891155245
52,526,474,0.474,2.2999868607521057
94,547,453,0.453,2.2999907088279725
86,543,457,0.457,2.2999749162197114
20,510,490,0.49,2.299976694345474
40,520,480,0.48,2.2999505445957182
44,522,478,0.478,2.299927767753601
30,515,485,0.485,2.299940200090408
22,511,489,0.489,2.299936190843582
164,582,418,0.418,2.299905243396759
86,543,457,0.457,2.2998981485366823
156,578,422,0.422,2.2998939740657804
46,523,477,0.477,2.299868227005005
146,573,427,0.427,2.29982901930809
72,536,464,0.464,2.2998279485702513
84,542,458,0.458,2.2998378076553343
74,537,463,0.463,2.299813354730606
2,501,499,0.499,2.299762136697769
78,539,461,0.461,2.2997333724498747
70,535,465,0.465,2.2997644608020784
44,522,478,0.478,2.29972812461853
108,554,446,0.446,2.2996602976322174
110,555,445,0.445,2.299711133956909
84,542,458,0.458,2.2996849086284636
78,539,461,0.461,2.2996914038658143
52,526,474,0.474,2.2996262152194977
68,534,466,0.466,2.299565808773041
96,548,452,0.452,2.2996086180210114
28,514,486,0.486,2.2995516703128813
34,517,483,0.483,2.299485213756561
26,513,487,0.487,2.2994843180179596
104,552,448,0.448,2.299471905469894
74,537,463,0.463,2.2994535937309264
42,521,479,0.479,2.2994276087284087
22,511,489,0.489,2.2994054453372956
68,534,466,0.466,2.2993183653354645
74,537,463,0.463,2.299333606004715
96,548,452,0.452,2.2992887206077577
92,546,454,0.454,2.299308340549469
10,505,495,0.495,2.2992038445472716
54,527,473,0.473,2.2991927230358122
76,538,462,0.462,2.299165699720383
74,537,463,0.463,2.2991869785785677
-6,497,503,0.503,2.2990944027900695
28,514,486,0.486,2.2990242576599123
88,544,456,0.456,2.2990627505779266
2,501,499,0.499,2.2990081355571745
62,531,469,0.469,2.298873953819275
120,560,440,0.44,2.2989216504096985
18,509,491,0.491,2.298866057872772
48,524,476,0.476,2.2988849573135375
76,538,462,0.462,2.298783564329147
40,520,480,0.48,2.298723284006119
68,534,466,0.466,2.2987732260227203
38,519,481,0.481,2.2987229413986205
4,502,498,0.498,2.298571171283722
38,519,481,0.481,2.2985973253250123
96,548,452,0.452,2.298575614929199
52,526,474,0.474,2.298574352264404
90,545,455,0.455,2.2984409239292143
66,533,467,0.467,2.298331288814545
68,534,466,0.466,2.2984141981601716
128,564,436,0.436,2.2983784854412077
94,547,453,0.453,2.2982849683761595
54,527,473,0.473,2.298151634693146
80,540,460,0.46,2.2981661524772643
56,528,472,0.472,2.2982252101898193
28,514,486,0.486,2.298068300485611
62,531,469,0.469,2.297939982175827
42,521,479,0.479,2.297927349090576
104,552,448,0.448,2.2978848526477815
124,562,438,0.438,2.297850713253021
54,527,473,0.473,2.2976096074581145
106,553,447,0.447,2.2975733840465544
82,541,459,0.459,2.297627888441086
82,541,459,0.459,2.297528467655182
24,512,488,0.488,2.297269250392914
120,560,440,0.44,2.297307344675064
70,535,465,0.465,2.297169814825058
106,553,447,0.447,2.2970831360816955
98,549,451,0.451,2.296876063346863
80,540,460,0.46,2.296827645778656
26,513,487,0.487,2.296718589067459
94,547,453,0.453,2.2965165803432463
34,517,483,0.483,2.2963650143146515
98,549,451,0.451,2.296280363082886
68,534,466,0.466,2.2962247195243837
28,514,486,0.486,2.296046405315399
90,545,455,0.455,2.2958687460422516
66,533,467,0.467,2.295897328853607
50,525,475,0.475,2.295810349225998
92,546,454,0.454,2.2955457606315615
44,522,478,0.478,2.2953757424354553
54,527,473,0.473,2.2953121700286867
106,553,447,0.447,2.295343685388565
68,534,466,0.466,2.2948916828632355
98,549,451,0.451,2.294800776720047
118,559,441,0.441,2.29480753660202
64,532,468,0.468,2.2947584571838378
136,568,432,0.432,2.2944076294898985
54,527,473,0.473,2.294295142889023
68,534,466,0.466,2.2939742720127105
114,557,443,0.443,2.2939721932411192
102,551,449,0.449,2.293480004787445
80,540,460,0.46,2.293240289926529
120,560,440,0.44,2.293040804386139
54,527,473,0.473,2.292814792871475
136,568,432,0.432,2.2924511737823488
76,538,462,0.462,2.292044460058212
116,558,442,0.442,2.291621111392975
44,522,478,0.478,2.2917809345722198
98,549,451,0.451,2.291198539495468
50,525,475,0.475,2.290657642364502
54,527,473,0.473,2.290192826271057
28,514,486,0.486,2.2902020292282104
108,554,446,0.446,2.2901695482730866
100,550,450,0.45,2.2892040841579435
56,528,472,0.472,2.2889232144355773
78,539,461,0.461,2.2888784403800964
138,569,431,0.431,2.288887789964676
86,543,457,0.457,2.287618055343628
126,563,437,0.437,2.2876893231868745
130,565,435,0.435,2.287361664533615
136,568,432,0.432,2.2871959829330444
156,578,422,0.422,2.2854940793514253
80,540,460,0.46,2.285567619085312
124,562,438,0.438,2.2853507905006407
80,540,460,0.46,2.2847539663314818
148,574,426,0.426,2.2835755064487455
102,551,449,0.449,2.2833749105930328
156,578,422,0.422,2.2830710563659666
118,559,441,0.441,2.2826630463600157
194,597,403,0.403,2.2814512474536897
136,568,432,0.432,2.280583577871323
166,583,417,0.417,2.2803878746032713
102,551,449,0.449,2.2797068445682527
114,557,443,0.443,2.2782478199005127
168,584,416,0.416,2.2768388171195983
124,562,438,0.438,2.276295995950699
130,565,435,0.435,2.275513398647308
118,559,441,0.441,2.2742672309875487
188,594,406,0.406,2.272535405635834
192,596,404,0.404,2.2719075019359587
156,578,422,0.422,2.271080159187317
96,548,452,0.452,2.269838288784027
118,559,441,0.441,2.267142092704773
174,587,413,0.413,2.2663415369987487
180,590,410,0.41,2.2655678815841673
132,566,434,0.434,2.2646057171821594
186,593,407,0.407,2.259935333490372
150,575,425,0.425,2.2593602640628814
208,604,396,0.396,2.258078309059143
94,547,453,0.453,2.2571372430324557
160,580,420,0.42,2.2525492069721222
176,588,412,0.412,2.2513389744758605
108,554,446,0.446,2.2499470331668854
142,571,429,0.429,2.2494539682865144
198,599,401,0.401,2.2422351698875427
150,575,425,0.425,2.240475037813187
158,579,421,0.421,2.2414367768764496
222,611,389,0.389,2.2401643736362455
152,576,424,0.424,2.2294429013729093
202,601,399,0.399,2.228076243162155
142,571,429,0.429,2.227448809862137
158,579,421,0.421,2.225737534046173
184,592,408,0.408,2.2140345714092255
210,605,395,0.395,2.214558069705963
150,575,425,0.425,2.2108682448863983
140,570,430,0.43,2.2095774431228636
210,605,395,0.395,2.198554881095886
178,589,411,0.411,2.194564947843552
192,596,404,0.404,2.193632593870163
224,612,388,0.388,2.190173367500305
160,580,420,0.42,2.177702039003372
274,637,363,0.363,2.17065727186203
270,635,365,0.365,2.16938552069664
242,621,379,0.379,2.1627757363319398
294,647,353,0.353,2.150850448846817
192,596,404,0.404,2.138340235233307
202,601,399,0.399,2.1383193731307983
194,597,403,0.403,2.1306647300720214
234,617,383,0.383,2.116597044944763
276,638,362,0.362,2.105464200258255
304,652,348,0.348,2.102247255563736
278,639,361,0.361,2.0913233416080477
246,623,377,0.377,2.079171531677246
304,652,348,0.348,2.0625438027381895
378,689,311,0.311,2.057550573825836
340,670,330,0.33,2.038872377038002
324,662,338,0.338,2.0327075983285905
324,662,338,0.338,2.0061683143377302
394,697,303,0.303,1.9928223798274993
316,658,342,0.342,1.9712865781784057
332,666,334,0.334,1.9707346682548523
392,696,304,0.304,1.9400709520578385
328,664,336,0.336,1.9220209965705872
348,674,326,0.326,1.8995530525445938
402,701,299,0.299,1.9002789583206177
440,720,280,0.28,1.8691838126182556
398,699,301,0.301,1.8403239203691482
404,702,298,0.298,1.8220100963115693
364,682,318,0.318,1.8129722782373427
380,690,310,0.31,1.7849547729492188
462,731,269,0.269,1.7465629453659057
468,734,266,0.266,1.7321818504333497
434,717,283,0.283,1.7135105942487716
474,737,263,0.263,1.6902818244695663
482,741,259,0.259,1.6346144905090332
482,741,259,0.259,1.6343802832365035
466,733,267,0.267,1.5935344741344453
476,738,262,0.262,1.5841973719596862
566,783,217,0.217,1.5182000336647035
552,776,224,0.224,1.5120029269456863
552,776,224,0.224,1.4636883614063263
504,752,248,0.248,1.4684712734222412
578,789,211,0.211,1.3890750615596772
580,790,210,0.21,1.3745774776935578
610,805,195,0.195,1.3430639517307281
484,742,258,0.258,1.33023583817482
622,811,189,0.189,1.2624051986932754
622,811,189,0.189,1.2253515983819963
630,815,185,0.185,1.20334980905056
618,809,191,0.191,1.1953801194429396
622,811,189,0.189,1.1223932364583016
630,815,185,0.185,1.0771494470834733
638,819,181,0.181,1.0628354811668397
668,834,166,0.166,1.0454943147301674
594,797,203,0.203,0.9896198819875717
642,821,179,0.179,0.9466292300224304
714,857,143,0.143,0.9326207256913185
678,839,161,0.161,0.9034950411915779
716,858,142,0.142,0.8591827504634857
664,832,168,0.168,0.8039288330078125
658,829,171,0.171,0.8145894975066185
674,837,163,0.163,0.7718852831721306
660,830,170,0.17,0.7279995011687279
722,861,139,0.139,0.6816388800144195
668,834,166,0.166,0.6661542778015137
700,850,150,0.15,0.640452859044075
738,869,131,0.131,0.6161336951851845
708,854,146,0.146,0.5793057982623577
674,837,163,0.163,0.5582283951044082
754,877,123,0.123,0.5344712757468224
694,847,153,0.153,0.5226589549481869
720,860,140,0.14,0.49255869346857073
780,890,110,0.11,0.4713046112060547
692,846,154,0.154,0.43728822422027586
724,862,138,0.138,0.4406076655089855
748,874,126,0.126,0.41115207540988924
756,878,122,0.122,0.38989888989925386
718,859,141,0.141,0.3706404259502888
776,888,112,0.112,0.37521086141467097
740,870,130,0.13,0.3552022665143013
744,872,128,0.128,0.32655080646276474
774,887,113,0.113,0.33270793974399565
740,870,130,0.13,0.32459972766041756
760,880,120,0.12,0.31731006056070327
760,880,120,0.12,0.2983519351631403
738,869,131,0.131,0.3012450968921185
796,898,102,0.102,0.2951924615949392
772,886,114,0.114,0.29836220052838325
718,859,141,0.141,0.2878671268075705
720,860,140,0.14,0.2855959317982197
792,896,104,0.104,0.28803886359930037
756,878,122,0.122,0.2835147880315781
716,858,142,0.142,0.27972612518072126
714,857,143,0.143,0.2756640221476555
708,854,146,0.146,0.27481619998812673
756,878,122,0.122,0.27486188820004465
746,873,127,0.127,0.27021706527471545
762,881,119,0.119,0.271183837518096
752,876,124,0.124,0.2733497275561094
698,849,151,0.151,0.2722487019598484
730,865,135,0.135,0.2757861415296793
858,929,71,0.071,0.2763078036606312
706,853,147,0.147,0.26843737825751307
766,883,117,0.117,0.2687134835422039
762,881,119,0.119,0.2695773161053657
708,854,146,0.146,0.2684290963709354
696,848,152,0.152,0.26807016964256764
750,875,125,0.125,0.26747840957343577
700,850,150,0.15,0.26906901977956293
768,884,116,0.116,0.26736529599130154
790,895,105,0.105,0.26822172552347184
750,875,125,0.125,0.2670000112503767
776,888,112,0.112,0.26961810019612314
740,870,130,0.13,0.2663239877820015
684,842,158,0.158,0.2629186605811119
742,871,129,0.129,0.26562905351817606
698,849,151,0.151,0.2620740543454885
674,837,163,0.163,0.26666909392178056
760,880,120,0.12,0.2694453588873148
702,851,149,0.149,0.2686542638540268
738,869,131,0.131,0.2681385808885097
682,841,159,0.159,0.2753190883249044
798,899,101,0.101,0.2774181636571884
712,856,144,0.144,0.27439135605096815
822,911,89,0.089,0.2710690225362778
792,896,104,0.104,0.2774003603309393
758,879,121,0.121,0.26734087578952315
716,858,142,0.142,0.2651569767743349
764,882,118,0.118,0.2654171568006277
732,866,134,0.134,0.26390871708095076
776,888,112,0.112,0.2630324662476778
716,858,142,0.142,0.26310984505712987
772,886,114,0.114,0.2612414332777262
780,890,110,0.11,0.2615147449672222
722,861,139,0.139,0.25966171154379847
766,883,117,0.117,0.25676170517504215
704,852,148,0.148,0.25495025973021984
732,866,134,0.134,0.260871616512537
782,891,109,0.109,0.261333986774087
752,876,124,0.124,0.25630097664892676
742,871,129,0.129,0.2560697055906057
736,868,132,0.132,0.254599673897028
774,887,113,0.113,0.2527046967744827
760,880,120,0.12,0.2501036592423916
730,865,135,0.135,0.2497701027095318
756,878,122,0.122,0.24958396761119367
804,902,98,0.098,0.2509532413482666
728,864,136,0.136,0.24560982204973697
790,895,105,0.105,0.25014930115640166
756,878,122,0.122,0.24589427968859673
736,868,132,0.132,0.2500246079713106
734,867,133,0.133,0.2488974556028843
796,898,102,0.102,0.24708006362617016
750,875,125,0.125,0.2500193436145782
796,898,102,0.102,0.24864331869781017
738,869,131,0.131,0.2420412553101778
692,846,154,0.154,0.2436195750683546
756,878,122,0.122,0.24643806309998034
746,873,127,0.127,0.24868863748013972
802,901,99,0.099,0.24342444434762
726,863,137,0.137,0.2437824869900942
724,862,138,0.138,0.2438143855780363
702,851,149,0.149,0.24514214493334294
732,866,134,0.134,0.24531942157447337
726,863,137,0.137,0.2421713815331459
714,857,143,0.143,0.24216025391221047
750,875,125,0.125,0.24587761299312114
790,895,105,0.105,0.24504214154183865
798,899,101,0.101,0.24311498387157918
680,840,160,0.16,0.23847051773965358
794,897,103,0.103,0.23801024070382118
754,877,123,0.123,0.2406273593455553
740,870,130,0.13,0.23309221306443215
726,863,137,0.137,0.2385554842799902
744,872,128,0.128,0.2352265623807907
750,875,125,0.125,0.23636625210940837
752,876,124,0.124,0.23492134353518487
702,851,149,0.149,0.23553131717443465
802,901,99,0.099,0.23854275886714457
724,862,138,0.138,0.23430845227837563
772,886,114,0.114,0.23473079745471478
756,878,122,0.122,0.23459838297963143
780,890,110,0.11,0.23489742352068424
734,867,133,0.133,0.23253153631091117
770,885,115,0.115,0.23097374607622623
756,878,122,0.122,0.22957714964449405
740,870,130,0.13,0.22868437719345092
776,888,112,0.112,0.22818726846575738
762,881,119,0.119,0.22443873985111715
742,871,129,0.129,0.2203370078355074
728,864,136,0.136,0.2186991123408079
754,877,123,0.123,0.22075284174084664
750,875,125,0.125,0.21995331241190433
760,880,120,0.12,0.21456687019765378
720,860,140,0.14,0.2171382440328598
752,876,124,0.124,0.21085635368525982
782,891,109,0.109,0.21382077802717686
704,852,148,0.148,0.2115251829177141
740,870,130,0.13,0.21349619817733764
796,898,102,0.102,0.21949559265375138
738,869,131,0.131,0.21559587347507478
726,863,137,0.137,0.2130670979321003
788,894,106,0.106,0.2176250323653221
774,887,113,0.113,0.21403714959323406
698,849,151,0.151,0.21380357068777084
696,848,152,0.152,0.21485377319157123
804,902,98,0.098,0.2160464217811823
774,887,113,0.113,0.21372829526662826
738,869,131,0.131,0.20891619607806206
776,888,112,0.112,0.20931407900154592
698,849,151,0.151,0.20982687245309353
728,864,136,0.136,0.2075182835906744
780,890,110,0.11,0.20845048590004445
754,877,123,0.123,0.2096402575224638
786,893,107,0.107,0.20975844942033292
758,879,121,0.121,0.20694846950471402
798,899,101,0.101,0.20954479683935642
746,873,127,0.127,0.20754848782718183
756,878,122,0.122,0.20360222101211548
794,897,103,0.103,0.20387758342921733
774,887,113,0.113,0.20461259098351
762,881,119,0.119,0.20100116416811942
770,885,115,0.115,0.2009124253243208
676,838,162,0.162,0.1979613875746727
764,882,118,0.118,0.1990691169053316
736,868,132,0.132,0.1973782425224781
746,873,127,0.127,0.19574039788544179
766,883,117,0.117,0.19616010366380215
792,896,104,0.104,0.19610789409279825
764,882,118,0.118,0.1950256827622652
782,891,109,0.109,0.19354003888368607
704,852,148,0.148,0.1912839193046093
808,904,96,0.096,0.19488202741742133
760,880,120,0.12,0.19158209563791753
744,872,128,0.128,0.19002620784938334
736,868,132,0.132,0.1899200437963009
728,864,136,0.136,0.18770636405050756
826,913,87,0.087,0.18813149715960026
774,887,113,0.113,0.18632747998833657
730,865,135,0.135,0.18615027628839015
730,865,135,0.135,0.1852942056953907
742,871,129,0.129,0.18897959458827973
690,845,155,0.155,0.18779113213717938
724,862,138,0.138,0.18693519973754882
828,914,86,0.086,0.18853041550517083
826,913,87,0.087,0.19149071446061133
766,883,117,0.117,0.1891916458159685
726,863,137,0.137,0.1861566486954689
772,886,114,0.114,0.18618634362518788
724,862,138,0.138,0.18620418283343315
774,887,113,0.113,0.18145017164945604
742,871,129,0.129,0.1829789012372494
738,869,131,0.131,0.185434364259243
706,853,147,0.147,0.18347867527604103
690,845,155,0.155,0.18442647571861745
698,849,151,0.151,0.18539286570250987
736,868,132,0.132,0.18792357270419596
720,860,140,0.14,0.18857668107748032
754,877,123,0.123,0.18765171480178833
760,880,120,0.12,0.18415308511257172
748,874,126,0.126,0.1893639879077673
762,881,119,0.119,0.1884932450056076
758,879,121,0.121,0.1862280160933733
706,853,147,0.147,0.1901166368275881
792,896,104,0.104,0.18661154155433177
758,879,121,0.121,0.18395426824688912
686,843,157,0.157,0.1832918370962143
758,879,121,0.121,0.1838147554397583
728,864,136,0.136,0.1819492435902357
758,879,121,0.121,0.1821843018680811
774,887,113,0.113,0.18362181028723717
782,891,109,0.109,0.18014255692064762
708,854,146,0.146,0.17704912896454333
794,897,103,0.103,0.18052239486575128
752,876,124,0.124,0.17453770076483488
774,887,113,0.113,0.17339096332341433
722,861,139,0.139,0.17180114442110062
780,890,110,0.11,0.17195158629119398
758,879,121,0.121,0.1713113843500614
824,912,88,0.088,0.17354983877390623
824,912,88,0.088,0.1701083440184593
790,895,105,0.105,0.1688145114481449
712,856,144,0.144,0.16279324828833341
714,857,143,0.143,0.16635985146462917
738,869,131,0.131,0.16424330706894397
784,892,108,0.108,0.16604740664362908
762,881,119,0.119,0.1622136635631323
764,882,118,0.118,0.16516533441841602
724,862,138,0.138,0.16365734057128428
750,875,125,0.125,0.1637538754492998
702,851,149,0.149,0.16283559867739678
810,905,95,0.095,0.16503987802565098
730,865,135,0.135,0.1590859818458557
732,866,134,0.134,0.16285198745131493
760,880,120,0.12,0.162877748593688
678,839,161,0.161,0.16119653107225895
814,907,93,0.093,0.16431499557197093
734,867,133,0.133,0.15970148278027774
708,854,146,0.146,0.16393632750213147
696,848,152,0.152,0.16242996927350759
784,892,108,0.108,0.16338864521682261
730,865,135,0.135,0.16317110785841943
736,868,132,0.132,0.1596332645714283
752,876,124,0.124,0.16254535311460494
714,857,143,0.143,0.16003230510652064
710,855,145,0.145,0.16086334640532732
708,854,146,0.146,0.1580751007720828
780,890,110,0.11,0.16241530368477106
774,887,113,0.113,0.16661992137134074
772,886,114,0.114,0.16100096087157725
700,850,150,0.15,0.15859795810282232
792,896,104,0.104,0.16207106010615827
756,878,122,0.122,0.1588267153352499
744,872,128,0.128,0.15737864618748426
772,886,114,0.114,0.1572864378541708
790,895,105,0.105,0.1548418830037117
778,889,111,0.111,0.15417195266485215
804,902,98,0.098,0.15293408527225255
772,886,114,0.114,0.15008084146678446
804,902,98,0.098,0.1512540303617716
762,881,119,0.119,0.14721695824712516
718,859,141,0.141,0.1486694793999195
752,876,124,0.124,0.14573181282728911
742,871,129,0.129,0.14722062616050244
732,866,134,0.134,0.14474756446480752
796,898,102,0.102,0.145962661921978
772,886,114,0.114,0.14567565443366767
750,875,125,0.125,0.14436287572234868
748,874,126,0.126,0.1451119698435068
748,874,126,0.126,0.14481567771732806
742,871,129,0.129,0.14320318122208117
800,900,100,0.1,0.14653707871586083
766,883,117,0.117,0.14448980602622033
750,875,125,0.125,0.14419991516321898
734,867,133,0.133,0.14289954174309968
742,871,129,0.129,0.14268657653033734
696,848,152,0.152,0.1409202093631029
786,893,107,0.107,0.14258073703199625
712,856,144,0.144,0.14174017376452686
738,869,131,0.131,0.14064797468483448
722,861,139,0.139,0.13982050876319407
780,890,110,0.11,0.13979293774813414
762,881,119,0.119,0.1436515064314008
722,861,139,0.139,0.14240878992527722
724,862,138,0.138,0.13976970479637385
718,859,141,0.141,0.14147128155082464
750,875,125,0.125,0.14075857115536927
798,899,101,0.101,0.14318970483541488
802,901,99,0.099,0.1398294749557972
714,857,143,0.143,0.13804167599976064
790,895,105,0.105,0.1371327208504081
822,911,89,0.089,0.13900588967651129
790,895,105,0.105,0.13576186993718148
808,904,96,0.096,0.13679037668555974
784,892,108,0.108,0.13479902066290378
754,877,123,0.123,0.1333410519436002
768,884,116,0.116,0.13096898482739924
718,859,141,0.141,0.1305026014149189
794,897,103,0.103,0.13025987391918897
772,886,114,0.114,0.1283803238272667
700,850,150,0.15,0.12994102162867785
714,857,143,0.143,0.13024634390324355
780,890,110,0.11,0.13129816180467604
724,862,138,0.138,0.13285525319725275
796,898,102,0.102,0.1329086331501603
690,845,155,0.155,0.1287717537432909
768,884,116,0.116,0.1304758437052369
744,872,128,0.128,0.12754673191159963
804,902,98,0.098,0.12974834793061019
756,878,122,0.122,0.12963804199546575
798,899,101,0.101,0.12801035715639592
792,896,104,0.104,0.12837202712893486
796,898,102,0.102,0.1259216861501336
718,859,141,0.141,0.12416608580946922
814,907,93,0.093,0.125915454082191
732,866,134,0.134,0.12350020992010832
760,880,120,0.12,0.12324356276541948
746,873,127,0.127,0.12259443309158087
772,886,114,0.114,0.12189897131174803
746,873,127,0.127,0.1226487384364009
812,906,94,0.094,0.12079679970443248
720,860,140,0.14,0.1172967051267624
770,885,115,0.115,0.12256557527929544
718,859,141,0.141,0.1204371379762888
668,834,166,0.166,0.11993654146790504
710,855,145,0.145,0.12092300195991992
820,910,90,0.09,0.12074955343455077
786,893,107,0.107,0.12104984982311726
746,873,127,0.127,0.11965966676920653
796,898,102,0.102,0.11944371472299099
810,905,95,0.095,0.12288688227534295
794,897,103,0.103,0.11821070319414138
768,884,116,0.116,0.11834016377478838
752,876,124,0.124,0.11762524175643921
742,871,129,0.129,0.11512039110809565
782,891,109,0.109,0.11630191329866647
704,852,148,0.148,0.11537545026093722
756,878,122,0.122,0.11396425805985927
788,894,106,0.106,0.11597246203571558
688,844,156,0.156,0.11565907987952233
824,912,88,0.088,0.11577970482409
772,886,114,0.114,0.11418313774466514
786,893,107,0.107,0.11326529514789581
790,895,105,0.105,0.11265058255195617
768,884,116,0.116,0.11302653910964727
760,880,120,0.12,0.11369111014902591
818,909,91,0.091,0.1119368287101388
714,857,143,0.143,0.10634725664556026
790,895,105,0.105,0.11006670811027289
760,880,120,0.12,0.10706857555359602
718,859,141,0.141,0.10822374171763659
706,853,147,0.147,0.11029107400029897
726,863,137,0.137,0.10997432685643435
682,841,159,0.159,0.10785228557884693
720,860,140,0.14,0.11257162755727768
804,902,98,0.098,0.11457129920274019
760,880,120,0.12,0.11194017777591944
724,862,138,0.138,0.1119023121520877
770,885,115,0.115,0.1131073183119297
700,850,150,0.15,0.1138555708155036
762,881,119,0.119,0.11408940404653549
780,890,110,0.11,0.1133312130048871
776,888,112,0.112,0.11580819091200828
794,897,103,0.103,0.11597246213257313
688,844,156,0.156,0.11391363701224327
748,874,126,0.126,0.11802117975056171
748,874,126,0.126,0.11522262066602706
686,843,157,0.157,0.11528735170513392
710,855,145,0.145,0.11331938403099776
732,866,134,0.134,0.11425184421241283
760,880,120,0.12,0.1139803284779191
778,889,111,0.111,0.11270312106609344
786,893,107,0.107,0.11302932657301426
766,883,117,0.117,0.11487798354029656
784,892,108,0.108,0.11582669685035944
766,883,117,0.117,0.1121497647240758
760,880,120,0.12,0.11259949180483818
792,896,104,0.104,0.11453006131201983
760,880,120,0.12,0.11390112896263599
724,862,138,0.138,0.11237097143381834
780,890,110,0.11,0.11289730195701123
766,883,117,0.117,0.1106789178699255
780,890,110,0.11,0.11113449131697416
786,893,107,0.107,0.1116729553937912
740,870,130,0.13,0.11068583346903324
808,904,96,0.096,0.11148077090829611
764,882,118,0.118,0.10874551890790463
730,865,135,0.135,0.1075507073327899
818,909,91,0.091,0.10767467679828405
818,909,91,0.091,0.10888612766563892
710,855,145,0.145,0.10913784997910261
740,870,130,0.13,0.1069260532259941
810,905,95,0.095,0.10769282227754592
820,910,90,0.09,0.10726897390931844
780,890,110,0.11,0.10712749928236008
808,904,96,0.096,0.10695602884143592
748,874,126,0.126,0.1044373389557004
758,879,121,0.121,0.10262834567576647
778,889,111,0.111,0.10248285879939795
786,893,107,0.107,0.10273384756594896
718,859,141,0.141,0.10082246802002191
762,881,119,0.119,0.10153198140114546
802,901,99,0.099,0.0990316558033228
768,884,116,0.116,0.10312023187428712
684,842,158,0.158,0.10055752328783274
730,865,135,0.135,0.1018368723243475
744,872,128,0.128,0.10289296741783618
714,857,143,0.143,0.10272421306371689
792,896,104,0.104,0.10748323886096478
730,865,135,0.135,0.1043261077105999
742,871,129,0.129,0.10751551473140716
796,898,102,0.102,0.10765538668632507
756,878,122,0.122,0.10868416740000247
762,881,119,0.119,0.10874203106760978
756,878,122,0.122,0.10833260864764452
802,901,99,0.099,0.1081775762066245
784,892,108,0.108,0.10796042995154857
782,891,109,0.109,0.10909252808243036
732,866,134,0.134,0.10676471624523401
802,901,99,0.099,0.10894602822512388
728,864,136,0.136,0.10588110993802548
746,873,127,0.127,0.10742223068326712
774,887,113,0.113,0.10562377418577672
742,871,129,0.129,0.10565308231860399
706,853,147,0.147,0.10577457884699107
768,884,116,0.116,0.10602760408073664
742,871,129,0.129,0.10537824808061123
834,917,83,0.083,0.1061380678638816
796,898,102,0.102,0.10725292108953
834,917,83,0.083,0.1046579920053482
752,876,124,0.124,0.1042261011749506
760,880,120,0.12,0.10304177626222372
760,880,120,0.12,0.10089531654119492
766,883,117,0.117,0.10046453998237849
754,877,123,0.123,0.10098323278874159
730,865,135,0.135,0.100293906532228
708,854,146,0.146,0.09933833104372025
758,879,121,0.121,0.10302444674819708
748,874,126,0.126,0.1006409652531147
786,893,107,0.107,0.10049626145511865
732,866,134,0.134,0.10097990041226149
784,892,108,0.108,0.10463549263775349
728,864,136,0.136,0.10034589355438947
820,910,90,0.09,0.10527427841722965
744,872,128,0.128,0.10159920775145292
700,850,150,0.15,0.10158400548249483
752,876,124,0.124,0.10585454879701138
790,895,105,0.105,0.10491390183568
748,874,126,0.126,0.1050822028964758
772,886,114,0.114,0.1019342066347599
764,882,118,0.118,0.10276103568077087
772,886,114,0.114,0.10175856057554483
750,875,125,0.125,0.10111548041552305
802,901,99,0.099,0.10142070928961039
796,898,102,0.102,0.10047017109394074
766,883,117,0.117,0.10152689892053604
730,865,135,0.135,0.1003753643706441
760,880,120,0.12,0.10186782441288232
740,870,130,0.13,0.09874477750808
738,869,131,0.131,0.1002302296385169
764,882,118,0.118,0.10114755702018738
802,901,99,0.099,0.10078763932734727
748,874,126,0.126,0.09975010738521814
818,909,91,0.091,0.09938895861804485
770,885,115,0.115,0.09822507548332214
806,903,97,0.097,0.09807256283611059
754,877,123,0.123,0.09626005189865827
730,865,135,0.135,0.09688454961776734
708,854,146,0.146,0.0982822072058916
724,862,138,0.138,0.09790622600913047
772,886,114,0.114,0.10069597229361534
786,893,107,0.107,0.09743553613126278
802,901,99,0.099,0.09864973690360784
768,884,116,0.116,0.09670231769979
734,867,133,0.133,0.09552825402468443
744,872,128,0.128,0.09734270966798067
766,883,117,0.117,0.09547058166563512
758,879,121,0.121,0.0979849556311965
774,887,113,0.113,0.09919143870100379
776,888,112,0.112,0.09941476902365684
750,875,125,0.125,0.09988622261583804
764,882,118,0.118,0.09818921629339457
780,890,110,0.11,0.09799692916125059
752,876,124,0.124,0.09643566298484803
790,895,105,0.105,0.09876574554294348
766,883,117,0.117,0.09534861053526401
700,850,150,0.15,0.09751409488171339
790,895,105,0.105,0.0960067920833826
716,858,142,0.142,0.09713843055814504
750,875,125,0.125,0.0982211987376213
748,874,126,0.126,0.0990369603484869
818,909,91,0.091,0.09768758544325828
800,900,100,0.1,0.0995620090290904
800,900,100,0.1,0.09726984923332929
740,870,130,0.13,0.09684293738752603
712,856,144,0.144,0.09741084698587656
768,884,116,0.116,0.09838181226700544
768,884,116,0.116,0.09855034197866917
770,885,115,0.115,0.09833207272738219
792,896,104,0.104,0.09795008677244187
762,881,119,0.119,0.09775737757980824
784,892,108,0.108,0.0967028710320592
758,879,121,0.121,0.09842684126645326
790,895,105,0.105,0.0969043356925249
758,879,121,0.121,0.09810048559308052
734,867,133,0.133,0.09883646602928639
806,903,97,0.097,0.09806456741690636
780,890,110,0.11,0.0961177980080247
770,885,115,0.115,0.09617835060507059
722,861,139,0.139,0.09613154262304306
806,903,97,0.097,0.09718152061104775
734,867,133,0.133,0.09405621816962957
742,871,129,0.129,0.09551589061319828
750,875,125,0.125,0.09588402716070414
752,876,124,0.124,0.094595120921731
762,881,119,0.119,0.09428128097951412
800,900,100,0.1,0.09726789655536414
702,851,149,0.149,0.09574826719611883
742,871,129,0.129,0.09501744095236063
734,867,133,0.133,0.09586574108898639
770,885,115,0.115,0.09695626252144575
782,891,109,0.109,0.09747722993791104
748,874,126,0.126,0.09750436142086982
802,901,99,0.099,0.09768024295568466
772,886,114,0.114,0.09757729657739402
686,843,157,0.157,0.09738168209791183
792,896,104,0.104,0.09776111394912004
770,885,115,0.115,0.09530620484054089
792,896,104,0.104,0.09790716385841369
752,876,124,0.124,0.0963779250010848
770,885,115,0.115,0.09782061169296503
728,864,136,0.136,0.09542948311567306
810,905,95,0.095,0.09727734919637442
770,885,115,0.115,0.09622982122749091
740,870,130,0.13,0.09261970300972462
804,902,98,0.098,0.09294802399724722
776,888,112,0.112,0.09209513889998197
790,895,105,0.105,0.09510477336496115
742,871,129,0.129,0.09308965952694416
700,850,150,0.15,0.09225480991601943
776,888,112,0.112,0.09181979043036699
738,869,131,0.131,0.09285825771093369
782,891,109,0.109,0.09487179654091596
724,862,138,0.138,0.09209962103515863
808,904,96,0.096,0.09201369579136372
726,863,137,0.137,0.09072632516175508
714,857,143,0.143,0.09122981046140194
778,889,111,0.111,0.09137153673917055
764,882,118,0.118,0.09270123419165612
806,903,97,0.097,0.09096487312018871
792,896,104,0.104,0.08899898069351911
792,896,104,0.104,0.09235693374276162
732,866,134,0.134,0.08982891602814197
690,845,155,0.155,0.09150667472183704
772,886,114,0.114,0.09171589869260788
790,895,105,0.105,0.09376417876034975
776,888,112,0.112,0.09098022711277008
770,885,115,0.115,0.09435880596935749
716,858,142,0.142,0.09149748641997575
772,886,114,0.114,0.0908130105510354
742,871,129,0.129,0.09108226428180934
788,894,106,0.106,0.0929396895468235
716,858,142,0.142,0.09073375664651394
714,857,143,0.143,0.09007240473479032
790,895,105,0.105,0.09115156108886004
818,909,91,0.091,0.09098382855951787
770,885,115,0.115,0.0902250134423375
736,868,132,0.132,0.09036786741018295
812,906,94,0.094,0.09149561275541783
760,880,120,0.12,0.09080284532159567
812,906,94,0.094,0.08941776850447059
804,902,98,0.098,0.09064574503153562
700,850,150,0.15,0.08773092801123858
746,873,127,0.127,0.08848482758179307
768,884,116,0.116,0.0878450518399477
770,885,115,0.115,0.08798648234456778
722,861,139,0.139,0.0877279591858387
764,882,118,0.118,0.08705868830904365
768,884,116,0.116,0.08799466446787119
782,891,109,0.109,0.08786268500983715
788,894,106,0.106,0.08808000005781651
740,870,130,0.13,0.08593174979090691
722,861,139,0.139,0.08605881812423467
778,889,111,0.111,0.08654219073057175
730,865,135,0.135,0.0877018040381372
736,868,132,0.132,0.08945468387752771
704,852,148,0.148,0.0858407377935946
816,908,92,0.092,0.0897133558243513
766,883,117,0.117,0.08982132571190596
760,880,120,0.12,0.08750630651414394
708,854,146,0.146,0.08798737943172455
806,903,97,0.097,0.0889419025927782
794,897,103,0.103,0.08919832582771778
748,874,126,0.126,0.08787312505394221
762,881,119,0.119,0.08857953950762748
806,903,97,0.097,0.08891698273271323
762,881,119,0.119,0.08795633866637945
710,855,145,0.145,0.08608363767713309
770,885,115,0.115,0.08672245205566287
774,887,113,0.113,0.08760975140333176
804,902,98,0.098,0.08535378435254097
790,895,105,0.105,0.08665598276257515
782,891,109,0.109,0.0854210857078433
774,887,113,0.113,0.08596731723472475
730,865,135,0.135,0.08547866413742304
808,904,96,0.096,0.08558557418733835
782,891,109,0.109,0.08407392024993897
758,879,121,0.121,0.08463752061128617
760,880,120,0.12,0.08410609103366733
820,910,90,0.09,0.08585652679949998
748,874,126,0.126,0.08409531529992818
758,879,121,0.121,0.08248009974136948
692,846,154,0.154,0.08302681506797671
808,904,96,0.096,0.08537406084686518
824,912,88,0.088,0.08402520746737718
784,892,108,0.108,0.08460860696434974
778,889,111,0.111,0.08327716958150268
742,871,129,0.129,0.08312887265533209
780,890,110,0.11,0.08262042956426739
778,889,111,0.111,0.08323056743294001
780,890,110,0.11,0.08292060744762421
808,904,96,0.096,0.08316348683461547
704,852,148,0.148,0.08101577455177904
786,893,107,0.107,0.08328039395064116
706,853,147,0.147,0.07991380873322487
756,878,122,0.122,0.08215728762000798
762,881,119,0.119,0.08218822782486677
778,889,111,0.111,0.08314653252065182
758,879,121,0.121,0.08227821027487517
794,897,103,0.103,0.08204268636927009
744,872,128,0.128,0.08135708693042397
708,854,146,0.146,0.08302885082736611
766,883,117,0.117,0.08319460432976485
770,885,115,0.115,0.08519163062423468
700,850,150,0.15,0.08447859271615743
772,886,114,0.114,0.08533341181278228
792,896,104,0.104,0.08491322649642825
752,876,124,0.124,0.08613314630836248
734,867,133,0.133,0.08635014751926065
812,906,94,0.094,0.08653505206853151
756,878,122,0.122,0.08469045929610729
710,855,145,0.145,0.08467085671797395
858,929,71,0.071,0.0846903685182333
750,875,125,0.125,0.08489601562544703
778,889,111,0.111,0.08472778493911028
770,885,115,0.115,0.08443454253673553
796,898,102,0.102,0.08429867851361632
732,866,134,0.134,0.08215236662700773
780,890,110,0.11,0.08455458248779178
732,866,134,0.134,0.08146249033138156
782,891,109,0.109,0.08360624687373638
732,866,134,0.134,0.08325597162172198
768,884,116,0.116,0.08461353681981564
742,871,129,0.129,0.0825613370127976
754,877,123,0.123,0.08282627169787883
768,884,116,0.116,0.08337689694017172
780,890,110,0.11,0.08611547303199768
724,862,138,0.138,0.0860197734311223
730,865,135,0.135,0.08636075017601251
790,895,105,0.105,0.08760302293300629
774,887,113,0.113,0.0846829046010971
764,882,118,0.118,0.08704172586649657
738,869,131,0.131,0.08462045560032129
728,864,136,0.136,0.08388815857842565
760,880,120,0.12,0.08641926857829094
684,842,158,0.158,0.08467565042153001
702,851,149,0.149,0.084106753885746
788,894,106,0.106,0.08532991945371032
820,910,90,0.09,0.08590511637181043
764,882,118,0.118,0.08735196311026812
776,888,112,0.112,0.08931822504103183
778,889,111,0.111,0.08824906108528376
770,885,115,0.115,0.08570280116423964
714,857,143,0.143,0.08585049521178006
784,892,108,0.108,0.08513918837532401
812,906,94,0.094,0.0848951427526772
706,853,147,0.147,0.08404459178075194
770,885,115,0.115,0.08631682805344462
788,894,106,0.106,0.08538869680464267
794,897,103,0.103,0.08333847979083657
766,883,117,0.117,0.08290077013522387
794,897,103,0.103,0.08243642457574606
772,886,114,0.114,0.08466182839125395
792,896,104,0.104,0.08069987545907498
782,891,109,0.109,0.08099698101729155
722,861,139,0.139,0.08202310033887625
778,889,111,0.111,0.08117349492013455
724,862,138,0.138,0.07981681611761451
688,844,156,0.156,0.08199935543909669
740,870,130,0.13,0.08100235971063376
802,901,99,0.099,0.08032960360497236
802,901,99,0.099,0.08340091882646083
734,867,133,0.133,0.08111521890759468
756,878,122,0.122,0.08186369093507528
790,895,105,0.105,0.08344333008304239
794,897,103,0.103,0.08178889194130898
816,908,92,0.092,0.08145880069956184
826,913,87,0.087,0.08377012974768877
792,896,104,0.104,0.07945714981108903
708,854,146,0.146,0.07744931005686521
784,892,108,0.108,0.07877160126715899
764,882,118,0.118,0.08005939305573702
778,889,111,0.111,0.07975671485438943
730,865,135,0.135,0.07881511626020074
738,869,131,0.131,0.08003144880011678
666,833,167,0.167,0.07717276468500495
802,901,99,0.099,0.07977099003270269
786,893,107,0.107,0.07888331331312656
798,899,101,0.101,0.07859153567254543
682,841,159,0.159,0.07808855973556637
734,867,133,0.133,0.07911917151883245
780,890,110,0.11,0.07949306851625443
754,877,123,0.123,0.08090989506617188
770,885,115,0.115,0.0796092278547585
816,908,92,0.092,0.07941488829255104
766,883,117,0.117,0.08069538497924805
782,891,109,0.109,0.08033052354678512
766,883,117,0.117,0.07943099690973758
728,864,136,0.136,0.07847840200364589
732,866,134,0.134,0.08030941385775804
792,896,104,0.104,0.08030719078332185
812,906,94,0.094,0.07917681496590376
772,886,114,0.114,0.08005247362330556
778,889,111,0.111,0.08112285867333412
750,875,125,0.125,0.0791189699396491
822,911,89,0.089,0.08041772297769785
796,898,102,0.102,0.0793089332394302
764,882,118,0.118,0.0790008393600583
786,893,107,0.107,0.0791143452078104
826,913,87,0.087,0.0780213777013123
724,862,138,0.138,0.07720266735553741
752,876,124,0.124,0.07709114136919379
702,851,149,0.149,0.07719883459061384
656,828,172,0.172,0.07649424584209918
740,870,130,0.13,0.07901686841621995
820,910,90,0.09,0.07964886496588587
838,919,81,0.081,0.08104584933444857
758,879,121,0.121,0.08001728593558073
708,854,146,0.146,0.07834346880018711
768,884,116,0.116,0.08108547971770168
746,873,127,0.127,0.07956255565956236
726,863,137,0.137,0.08032798124104738
760,880,120,0.12,0.08110425601154565
748,874,126,0.126,0.08127199479565024
736,868,132,0.132,0.08102776556462049
816,908,92,0.092,0.0813038729801774
672,836,164,0.164,0.07881061268597842
736,868,132,0.132,0.0808118888437748
830,915,85,0.085,0.08182938578724862
800,900,100,0.1,0.08046237165108323
702,851,149,0.149,0.07904661766812206
798,899,101,0.101,0.08128362857177854
776,888,112,0.112,0.0791720157749951
798,899,101,0.101,0.07947287836298346
760,880,120,0.12,0.08020230859145522
734,867,133,0.133,0.08000401490926742
730,865,135,0.135,0.07904907174408436
726,863,137,0.137,0.0797771962210536
732,866,134,0.134,0.07895587676018477
802,901,99,0.099,0.07844170959666372
736,868,132,0.132,0.07801294130459428
764,882,118,0.118,0.07902517976611853
780,890,110,0.11,0.07847926007956266
716,858,142,0.142,0.07720489533618093
784,892,108,0.108,0.07808368619903922
720,860,140,0.14,0.07725735855102539
766,883,117,0.117,0.07820939454808831
792,896,104,0.104,0.07793496475741267
792,896,104,0.104,0.07868831664696335
798,899,101,0.101,0.07878923398628832
822,911,89,0.089,0.07910409688949585
788,894,106,0.106,0.07601702133193612
786,893,107,0.107,0.07685883428901434
712,856,144,0.144,0.07466980662196875
794,897,103,0.103,0.0760536323338747
740,870,130,0.13,0.07397904516011476
812,906,94,0.094,0.07551567607373
754,877,123,0.123,0.07352174179628491
766,883,117,0.117,0.07279210906103253
714,857,143,0.143,0.07194226857274771
754,877,123,0.123,0.07312836786732077
730,865,135,0.135,0.07126046394184232
790,895,105,0.105,0.07102873338758946
726,863,137,0.137,0.0726263644322753
680,840,160,0.16,0.0727987956777215
816,908,92,0.092,0.07324684065207838
844,922,78,0.078,0.07275196462497115
770,885,115,0.115,0.07479348201304674
758,879,121,0.121,0.0720945917479694
700,850,150,0.15,0.07216353838145732
752,876,124,0.124,0.07301482351496816
766,883,117,0.117,0.07228185429051519
766,883,117,0.117,0.0734772797189653
748,874,126,0.126,0.07104360041394829
762,881,119,0.119,0.07269644017517567
754,877,123,0.123,0.07309364298731089
772,886,114,0.114,0.07338237738981843
772,886,114,0.114,0.07444826363399625
776,888,112,0.112,0.07420021320506931
752,876,124,0.124,0.07278516597673297
740,870,130,0.13,0.07354475319013
752,876,124,0.124,0.07332390869408846
826,913,87,0.087,0.07273595387116075
766,883,117,0.117,0.07270810395106674
754,877,123,0.123,0.07260620297119022
760,880,120,0.12,0.072575345415622
786,893,107,0.107,0.07155368573963643
828,914,86,0.086,0.07352795399352909
836,918,82,0.082,0.07257942902296781
810,905,95,0.095,0.07071088576316834
792,896,104,0.104,0.07011809806898237
762,881,119,0.119,0.07036079249158501
760,880,120,0.12,0.06917566475644708
758,879,121,0.121,0.0691476576142013
738,869,131,0.131,0.06991812985017895
746,873,127,0.127,0.06875869369879364
792,896,104,0.104,0.06820350224897266
722,861,139,0.139,0.06909404235705734
708,854,146,0.146,0.06798944967985153
758,879,121,0.121,0.06856101834028959
824,912,88,0.088,0.06978347792103887
778,889,111,0.111,0.06882692232355475
722,861,139,0.139,0.0674681853055954
734,867,133,0.133,0.06937864322960377
752,876,124,0.124,0.0703087706118822
776,888,112,0.112,0.06976691498234867
706,853,147,0.147,0.07092447154968977
732,866,134,0.134,0.07034238308295608
804,902,98,0.098,0.07100623423978686
736,868,132,0.132,0.07131372133642436
744,872,128,0.128,0.07138692755997181
766,883,117,0.117,0.07114255738630891
774,887,113,0.113,0.07236705664917827
786,893,107,0.107,0.07155219635739922
798,899,101,0.101,0.07139539963379503
762,881,119,0.119,0.07123436187207699
698,849,151,0.151,0.06968182998523116
782,891,109,0.109,0.0708666958026588
710,855,145,0.145,0.06991003864631057
710,855,145,0.145,0.07002474129572511
786,893,107,0.107,0.07148175235837698
716,858,142,0.142,0.07077466001361608
776,888,112,0.112,0.07135132733732462
734,867,133,0.133,0.07035908981785179
820,910,90,0.09,0.07316853448748589
804,902,98,0.098,0.07150003073737025
792,896,104,0.104,0.07192437120527029
686,843,157,0.157,0.07107258098945021
782,891,109,0.109,0.07071821819990873
796,898,102,0.102,0.07153903682902456
722,861,139,0.139,0.07168895427882671
752,876,124,0.124,0.07231734317541122
770,885,115,0.115,0.07196649699285626
706,853,147,0.147,0.0719485588222742
752,876,124,0.124,0.07043107936531305
730,865,135,0.135,0.07278077988326549
752,876,124,0.124,0.07159258137643337
714,857,143,0.143,0.07193910139426589
784,892,108,0.108,0.07291596197336912
750,875,125,0.125,0.07181261722743511
790,895,105,0.105,0.07183775386586785
790,895,105,0.105,0.0724787193313241
786,893,107,0.107,0.07124813506007195
772,886,114,0.114,0.07153032029792666
724,862,138,0.138,0.06965464979037643
764,882,118,0.118,0.07182074312120676
746,873,127,0.127,0.07139940414950252
748,874,126,0.126,0.07179046122729778
744,872,128,0.128,0.07045010178536176
804,902,98,0.098,0.07078814539685846
728,864,136,0.136,0.06811617509648203
776,888,112,0.112,0.07160154840350151
834,917,83,0.083,0.06852587096765637
816,908,92,0.092,0.06883682087808847
782,891,109,0.109,0.06820811336487531
796,898,102,0.102,0.06803795673698187
754,877,123,0.123,0.06618438391759991
756,878,122,0.122,0.06635421257838607
748,874,126,0.126,0.06472673971951008
740,870,130,0.13,0.06501998299732804
744,872,128,0.128,0.06535769400745631
840,920,80,0.08,0.06678731802105904
768,884,116,0.116,0.06475165566429496
806,903,97,0.097,0.06506737072020768
832,916,84,0.084,0.06587063805013894
782,891,109,0.109,0.0633189324401319
766,883,117,0.117,0.06378828193619847
780,890,110,0.11,0.06277890759706498
740,870,130,0.13,0.06203869470581412
866,933,67,0.067,0.06338694784417749
800,900,100,0.1,0.06189938978850842
734,867,133,0.133,0.06265167434513569
740,870,130,0.13,0.06153032350167632
750,875,125,0.125,0.06158566285297275
732,866,134,0.134,0.060177330050617456
820,910,90,0.09,0.06243214213475585
804,902,98,0.098,0.06264893627911806
718,859,141,0.141,0.06264447061344981
742,871,129,0.129,0.06154041664302349
752,876,124,0.124,0.06237545451149344
738,869,131,0.131,0.06257145518809556
766,883,117,0.117,0.06253279361873865
724,862,138,0.138,0.06262614440917968
778,889,111,0.111,0.06331866248697042
806,903,97,0.097,0.0641181809976697
760,880,120,0.12,0.06396524898335337
742,871,129,0.129,0.06474396748840809
752,876,124,0.124,0.0637948860116303
718,859,141,0.141,0.06465636195987463
714,857,143,0.143,0.06521100517362356
758,879,121,0.121,0.06642515799030661
702,851,149,0.149,0.06552295449376107
778,889,111,0.111,0.06725258269160986
772,886,114,0.114,0.0675748281776905
800,900,100,0.1,0.06780346124619245
764,882,118,0.118,0.06574853266775608
782,891,109,0.109,0.06595852804556489
780,890,110,0.11,0.06746814972162246
796,898,102,0.102,0.0675288536734879
778,889,111,0.111,0.06598454519733786
756,878,122,0.122,0.06598513315990567
774,887,113,0.113,0.06584868258237839
802,901,99,0.099,0.06618458798527718
804,902,98,0.098,0.06650848819687963
808,904,96,0.096,0.06422830086946488
750,875,125,0.125,0.06360584748908878
810,905,95,0.095,0.06433778845518827
770,885,115,0.115,0.06394851367548109
828,914,86,0.086,0.06296286218613387
686,843,157,0.157,0.06251324358209967
780,890,110,0.11,0.06188994647562504
704,852,148,0.148,0.06216592251509428
810,905,95,0.095,0.06197480523213744
756,878,122,0.122,0.061041164875030515
718,859,141,0.141,0.06337584532797337
780,890,110,0.11,0.06339103554934264
838,919,81,0.081,0.06351354587450624
774,887,113,0.113,0.0632588524185121
708,854,146,0.146,0.0635242313966155
802,901,99,0.099,0.06354415683075786
832,916,84,0.084,0.06423068975657224
710,855,145,0.145,0.0625447313003242
758,879,121,0.121,0.06475066044181585
770,885,115,0.115,0.06442592062056064
718,859,141,0.141,0.06274856689199805
668,834,166,0.166,0.06350705883651972
780,890,110,0.11,0.06445985529944301
772,886,114,0.114,0.06468407565355301
800,900,100,0.1,0.06468921918421984
792,896,104,0.104,0.06579089886322617
758,879,121,0.121,0.0659949596375227
758,879,121,0.121,0.06527428014948965
770,885,115,0.115,0.06390436511114239
720,860,140,0.14,0.06605882040038705
854,927,73,0.073,0.06626774511858821
758,879,121,0.121,0.06517372925579548
702,851,149,0.149,0.06374328473955393
698,849,151,0.151,0.06422205404192209
746,873,127,0.127,0.06549281165003777
686,843,157,0.157,0.06438314193114639
802,901,99,0.099,0.06495318153500557
774,887,113,0.113,0.06441034222394228
784,892,108,0.108,0.06554661125317215
748,874,126,0.126,0.06528285815939307
790,895,105,0.105,0.06437846727669239
718,859,141,0.141,0.06391990058496594
724,862,138,0.138,0.06433672834187747
774,887,113,0.113,0.06534852114319802
736,868,132,0.132,0.0636474875509739
766,883,117,0.117,0.06385523597896099
736,868,132,0.132,0.0644584940224886
754,877,123,0.123,0.06428198593482375
750,875,125,0.125,0.06561943434551358
768,884,116,0.116,0.06341892318800092
766,883,117,0.117,0.06515015895664691
756,878,122,0.122,0.06389231226220728
752,876,124,0.124,0.06472856566309929
794,897,103,0.103,0.06373267234116793
782,891,109,0.109,0.06372679328918457
712,856,144,0.144,0.06344446818158031
784,892,108,0.108,0.06290998838469386
818,909,91,0.091,0.06333968659117818
774,887,113,0.113,0.062031821571290495
806,903,97,0.097,0.06229532751068473
742,871,129,0.129,0.06233669901266694
790,895,105,0.105,0.06291972362995148
760,880,120,0.12,0.061380185276269913
826,913,87,0.087,0.06290653566643596
776,888,112,0.112,0.06046709122136235
764,882,118,0.118,0.06013051033392548
778,889,111,0.111,0.05938495639339089
776,888,112,0.112,0.0609034456834197
714,857,143,0.143,0.057863026935607194
764,882,118,0.118,0.05809782932698727
758,879,121,0.121,0.058343100592494014
794,897,103,0.103,0.05909777568280697
796,898,102,0.102,0.058123899549245836
772,886,114,0.114,0.0589088743776083
796,898,102,0.102,0.05798931159079075
724,862,138,0.138,0.05897830351814628
732,866,134,0.134,0.05795962781459093
802,901,99,0.099,0.05791431246697903
752,876,124,0.124,0.05848491127043962
800,900,100,0.1,0.05940284476801753
776,888,112,0.112,0.058606437247246505
794,897,103,0.103,0.056232847686856983
720,860,140,0.14,0.0584223335981369
758,879,121,0.121,0.05840445028617978
744,872,128,0.128,0.05846340746805072
732,866,134,0.134,0.05731700905039906
708,854,146,0.146,0.058582096099853515
780,890,110,0.11,0.057386587221175435
828,914,86,0.086,0.05828293510526419
738,869,131,0.131,0.05924326051026583
722,861,139,0.139,0.05944869015365839
746,873,127,0.127,0.05988154781237245
710,855,145,0.145,0.060113134346902374
742,871,129,0.129,0.05996076749265194
764,882,118,0.118,0.060500591974705455
774,887,113,0.113,0.060226367391645906
756,878,122,0.122,0.06123810072243214
740,870,130,0.13,0.061018312886357305
784,892,108,0.108,0.06110667387023568
794,897,103,0.103,0.06116831670701504
676,838,162,0.162,0.061336501087993385
766,883,117,0.117,0.061644678972661494
814,907,93,0.093,0.06240394438430667
800,900,100,0.1,0.061154258355498314
730,865,135,0.135,0.06107765165343881
810,905,95,0.095,0.06032973474264145
738,869,131,0.131,0.06078442941606045
730,865,135,0.135,0.06029703890532255
710,855,145,0.145,0.06066108376905322
722,861,139,0.139,0.059994171511381866
776,888,112,0.112,0.060909908939152956
794,897,103,0.103,0.06259973168745638
818,909,91,0.091,0.061075348760932686
730,865,135,0.135,0.061395912077277896
804,902,98,0.098,0.059954053178429605
790,895,105,0.105,0.059120412919670344
754,877,123,0.123,0.05858556591719389
782,891,109,0.109,0.06050947687402368
704,852,148,0.148,0.05703121355175972
748,874,126,0.126,0.05826571450009942
758,879,121,0.121,0.05834376423433423
718,859,141,0.141,0.05897982842847705
740,870,130,0.13,0.05888141695410013
782,891,109,0.109,0.059896684385836126
778,889,111,0.111,0.058513707738369704
788,894,106,0.106,0.05960746520012617
768,884,116,0.116,0.05892953721433878
740,870,130,0.13,0.05754150713980198
748,874,126,0.126,0.058273343898355964
770,885,115,0.115,0.05877143033221364
712,856,144,0.144,0.0574888400323689
716,858,142,0.142,0.05805845728516579
752,876,124,0.124,0.05789376762881875
766,883,117,0.117,0.05889571310579777
748,874,126,0.126,0.06039705191552639
748,874,126,0.126,0.0593103809915483
682,841,159,0.159,0.05922464568167925
802,901,99,0.099,0.060912426318973305
712,856,144,0.144,0.061164493069052694
806,903,97,0.097,0.060410280406475066
730,865,135,0.135,0.05990082895383239
772,886,114,0.114,0.06010564598441124
670,835,165,0.165,0.060095629666000606
774,887,113,0.113,0.05926486396789551
754,877,123,0.123,0.06102486235648394
806,903,97,0.097,0.060545460630208256
828,914,86,0.086,0.05998804661259055
776,888,112,0.112,0.06054901584237814
790,895,105,0.105,0.05933289759233594
754,877,123,0.123,0.060644972871989014
800,900,100,0.1,0.05894552980735898
812,906,94,0.094,0.060077096901834014
718,859,141,0.141,0.05725870512053371
784,892,108,0.108,0.05864447993412614
804,902,98,0.098,0.058036694325506684
746,873,127,0.127,0.05797912194952369
748,874,126,0.126,0.05685188395529985
706,853,147,0.147,0.05730257657170296
762,881,119,0.119,0.05766529778018594
786,893,107,0.107,0.057743921183049676
758,879,121,0.121,0.056582482971251014
784,892,108,0.108,0.05682302111387253
772,886,114,0.114,0.05720667726919055
744,872,128,0.128,0.05734835456311703
760,880,120,0.12,0.05834025978669524
764,882,118,0.118,0.05857453855127096
746,873,127,0.127,0.05812352243438363
692,846,154,0.154,0.056958988565951586
796,898,102,0.102,0.05815776388719678
756,878,122,0.122,0.05807972573116422
820,910,90,0.09,0.05787382960692048
826,913,87,0.087,0.05863083391264081
712,856,144,0.144,0.056234106838703155
800,900,100,0.1,0.057291097212582826
768,884,116,0.116,0.05647389616817236
726,863,137,0.137,0.05740118961781263
810,905,95,0.095,0.0570540914721787
746,873,127,0.127,0.057080262824893
768,884,116,0.116,0.05649824015051126
708,854,146,0.146,0.05512183645367622
748,874,126,0.126,0.05667784541100264
784,892,108,0.108,0.054750942319631575
778,889,111,0.111,0.05570178792998195
750,875,125,0.125,0.05642983977496624
688,844,156,0.156,0.05755060643702745
766,883,117,0.117,0.05680891009420157
738,869,131,0.131,0.05643328732252121
794,897,103,0.103,0.05654377732053399
808,904,96,0.096,0.0566621459685266
718,859,141,0.141,0.05558849507570267
746,873,127,0.127,0.05751650764793158
726,863,137,0.137,0.05621373273432255
766,883,117,0.117,0.05739211294054985
816,908,92,0.092,0.05847814279049635
778,889,111,0.111,0.05709726528450847
762,881,119,0.119,0.05774357830360532
786,893,107,0.107,0.05590584115684032
804,902,98,0.098,0.05731421014666557
772,886,114,0.114,0.05682952096685767
846,923,77,0.077,0.056044230192899704
676,838,162,0.162,0.05504654508456588
766,883,117,0.117,0.055141495503485204
768,884,116,0.116,0.056164145559072495
746,873,127,0.127,0.053985930640250444
784,892,108,0.108,0.0547145122513175
732,866,134,0.134,0.05453441219776869
784,892,108,0.108,0.05396464359015227
778,889,111,0.111,0.05558424997329712
754,877,123,0.123,0.055234343014657496
702,851,149,0.149,0.05378866422176361
752,876,124,0.124,0.055124329093843696
742,871,129,0.129,0.055881133198738095
794,897,103,0.103,0.05689013745635748
756,878,122,0.122,0.056605761144310235
756,878,122,0.122,0.056134077813476325
730,865,135,0.135,0.055711923979222776
728,864,136,0.136,0.05733810534328222
790,895,105,0.105,0.057512183506041765
746,873,127,0.127,0.05732125437259674
732,866,134,0.134,0.0568627880141139
772,886,114,0.114,0.056208037190139296
706,853,147,0.147,0.057540808003395796
742,871,129,0.129,0.058122436501085756
702,851,149,0.149,0.058526313915848734
724,862,138,0.138,0.0568788397423923
794,897,103,0.103,0.058474522296339274
686,843,157,0.157,0.058018848337233066
752,876,124,0.124,0.057342425473034385
756,878,122,0.122,0.05993049156293273
810,905,95,0.095,0.05944550269842148
746,873,127,0.127,0.058386651642620566
772,886,114,0.114,0.06028584753349423
732,866,134,0.134,0.05854702527076006
824,912,88,0.088,0.05958716036006808
724,862,138,0.138,0.057655520774424075
714,857,143,0.143,0.057368467710912224
706,853,147,0.147,0.05775407397001982
776,888,112,0.112,0.05681448785215616
730,865,135,0.135,0.057542298670858145
786,893,107,0.107,0.057556126210838554
764,882,118,0.118,0.057950275994837284
794,897,103,0.103,0.05850771227478981
718,859,141,0.141,0.05876335736736655
696,848,152,0.152,0.0580619497038424
780,890,110,0.11,0.05906363517045975
714,857,143,0.143,0.05686058539524674
790,895,105,0.105,0.05818207884579897
794,897,103,0.103,0.058558922946453096
714,857,143,0.143,0.05668429064750671
668,834,166,0.166,0.05702220315858722
784,892,108,0.108,0.05813031691685319
760,880,120,0.12,0.058581407602876424
772,886,114,0.114,0.05702849555015564
772,886,114,0.114,0.05804829302802682
824,912,88,0.088,0.05659478909149766
810,905,95,0.095,0.05731639973074198
774,887,113,0.113,0.05604091578722
784,892,108,0.108,0.05463855595141649
802,901,99,0.099,0.05430447899922729
728,864,136,0.136,0.05416829480230808
740,870,130,0.13,0.05373576753586531
752,876,124,0.124,0.05338847890868783
684,842,158,0.158,0.053463393088430164
762,881,119,0.119,0.05266757031902671
728,864,136,0.136,0.053694043211638925
800,900,100,0.1,0.05489202694222331
776,888,112,0.112,0.05493208153918386
806,903,97,0.097,0.053702527593821284
752,876,124,0.124,0.054572701096534726
750,875,125,0.125,0.05333637485653162
782,891,109,0.109,0.05321568199247122
770,885,115,0.115,0.05273998694866896
736,868,132,0.132,0.054499428734183314
754,877,123,0.123,0.053178575795143845
764,882,118,0.118,0.05245320775359869
806,903,97,0.097,0.053906095076352356
740,870,130,0.13,0.052027023028582337
722,861,139,0.139,0.052774252083152534
764,882,118,0.118,0.05185063484311104
754,877,123,0.123,0.05151845072954893
774,887,113,0.113,0.05210126388072968
778,889,111,0.111,0.0528381886407733
766,883,117,0.117,0.05256134479492903
790,895,105,0.105,0.05279418473690748
794,897,103,0.103,0.05285851703956723
768,884,116,0.116,0.0520467514693737
714,857,143,0.143,0.05095205493271351
770,885,115,0.115,0.05261550747975707
748,874,126,0.126,0.05200546599179506
780,890,110,0.11,0.051271322056651115
656,828,172,0.172,0.05114799301326275
754,877,123,0.123,0.05302922100201249
756,878,122,0.122,0.05188480233773589
758,879,121,0.121,0.05165446470677853
762,881,119,0.119,0.05206230867654085
770,885,115,0.115,0.05168082298338413
700,850,150,0.15,0.052219768781214954
824,912,88,0.088,0.05306171512976289
794,897,103,0.103,0.05240070604905486
770,885,115,0.115,0.05249837402999401
760,880,120,0.12,0.05210214922577143
710,855,145,0.145,0.05168599100783467
784,892,108,0.108,0.052304368387907745
798,899,101,0.101,0.051460022125393155
816,908,92,0.092,0.05260334088653326
802,901,99,0.099,0.04972546247020364
734,867,133,0.133,0.050651270136237145
734,867,133,0.133,0.05057113584876061
770,885,115,0.115,0.04981277528777719
740,870,130,0.13,0.05023781848698854
798,899,101,0.101,0.04906262827292085
772,886,114,0.114,0.04969079321250319
752,876,124,0.124,0.049715422973036764
742,871,129,0.129,0.04999799020588398
742,871,129,0.129,0.048568341210484506
824,912,88,0.088,0.05069233775138855
738,869,131,0.131,0.05017114114388824
762,881,119,0.119,0.05021327433735132
738,869,131,0.131,0.04980745018646121
742,871,129,0.129,0.048521748561412094
760,880,120,0.12,0.04858332881331444
762,881,119,0.119,0.04911007355898619
774,887,113,0.113,0.048918671684339644
802,901,99,0.099,0.049449053052812816
676,838,162,0.162,0.05032944834977388
778,889,111,0.111,0.04907904486358166
786,893,107,0.107,0.04915554285421968
774,887,113,0.113,0.049575436420738694
724,862,138,0.138,0.04917133148014546
802,901,99,0.099,0.04977584163472056
754,877,123,0.123,0.04960112995654344
720,860,140,0.14,0.04987450685352087
776,888,112,0.112,0.049506143536418676
784,892,108,0.108,0.0497782374881208
788,894,106,0.106,0.05039271905273199
744,872,128,0.128,0.050892744425684214
782,891,109,0.109,0.04977057876437902
782,891,109,0.109,0.051047982532531025
724,862,138,0.138,0.05013537634164095
754,877,123,0.123,0.050055874712765215
768,884,116,0.116,0.05024017385020852
790,895,105,0.105,0.05085712323710322
782,891,109,0.109,0.04873344604671002
830,915,85,0.085,0.049661364816129205
756,878,122,0.122,0.04966843166947365
716,858,142,0.142,0.04924696303904057
756,878,122,0.122,0.04924167931824923
702,851,149,0.149,0.050197802651673555
708,854,146,0.146,0.04864788381010294
760,880,120,0.12,0.049657037500292066
804,902,98,0.098,0.04994178856164217
726,863,137,0.137,0.05082465595006943
800,900,100,0.1,0.0498465267457068
814,907,93,0.093,0.04960820266604424
768,884,116,0.116,0.05043663045018911
832,916,84,0.084,0.04995107777044177
786,893,107,0.107,0.051257497128099204
754,877,123,0.123,0.04836192686110735
732,866,134,0.134,0.04869160494953394
788,894,106,0.106,0.049763812255114316
786,893,107,0.107,0.04906396514549852
788,894,106,0.106,0.04698572625219822
810,905,95,0.095,0.04872982313111424
846,923,77,0.077,0.0490331199541688
798,899,101,0.101,0.0474016643203795
780,890,110,0.11,0.04684853198006749
746,873,127,0.127,0.045959000140428544
740,870,130,0.13,0.04615045876055956
750,875,125,0.125,0.04600569290667772
736,868,132,0.132,0.04622170849889517
806,903,97,0.097,0.04666719408705831
732,866,134,0.134,0.04649528547003865
768,884,116,0.116,0.046027836915105584
792,896,104,0.104,0.04729312005639076
794,897,103,0.103,0.04675552673265338
746,873,127,0.127,0.0462502514757216
732,866,134,0.134,0.04799624127149582
736,868,132,0.132,0.047348864644765856
796,898,102,0.102,0.04850020010024309
720,860,140,0.14,0.04848696631193161
780,890,110,0.11,0.049271014925092456
710,855,145,0.145,0.05033898394927382
710,855,145,0.145,0.04972745470330119
730,865,135,0.135,0.04859060918539763
792,896,104,0.104,0.04967171481251716
742,871,129,0.129,0.04994077816605568
786,893,107,0.107,0.05038577434420586
712,856,144,0.144,0.0496173574142158
750,875,125,0.125,0.05083591116219759
798,899,101,0.101,0.050685313686728475
808,904,96,0.096,0.051779309011995796
802,901,99,0.099,0.05210973853617907
788,894,106,0.106,0.05100500591099262
788,894,106,0.106,0.05023878154531121
722,861,139,0.139,0.04981931810453534
786,893,107,0.107,0.04908183867484331
800,900,100,0.1,0.049206806544214485
752,876,124,0.124,0.048632341708987954
784,892,108,0.108,0.04779715291410685
802,901,99,0.099,0.048692153219133616
748,874,126,0.126,0.047632196869701146
758,879,121,0.121,0.04789880631119013
810,905,95,0.095,0.04765307995676994
756,878,122,0.122,0.04861268749833107
754,877,123,0.123,0.04787179521098733
770,885,115,0.115,0.04782731968536973
756,878,122,0.122,0.046405572412535546
776,888,112,0.112,0.04659792496263981
788,894,106,0.106,0.04641477578319609
712,856,144,0.144,0.04566997218877077
714,857,143,0.143,0.04667716375738382
702,851,149,0.149,0.04708922300487757
702,851,149,0.149,0.04658062367513776
722,861,139,0.139,0.047479277625679966
748,874,126,0.126,0.04845244201272726
828,914,86,0.086,0.04952519078180194
750,875,125,0.125,0.04840350107476115
732,866,134,0.134,0.049183168072253466
782,891,109,0.109,0.04943142321333289
788,894,106,0.106,0.05011603143811226
736,868,132,0.132,0.049176464095711706
744,872,128,0.128,0.0502195369489491
752,876,124,0.124,0.04863703906536102
752,876,124,0.124,0.04923998062312603
736,868,132,0.132,0.04959857861697674
754,877,123,0.123,0.0491210390329361
740,870,130,0.13,0.04855486312881112
802,901,99,0.099,0.04951201593503356
726,863,137,0.137,0.04885927265137434
714,857,143,0.143,0.047750702071934936
728,864,136,0.136,0.048392997521907094
782,891,109,0.109,0.04868758092448115
726,863,137,0.137,0.049846373077481985
826,913,87,0.087,0.050747880037873984
762,881,119,0.119,0.04879484666883945
772,886,114,0.114,0.04959576693549752
718,859,141,0.141,0.04888831574842334
782,891,109,0.109,0.0500343568995595
834,917,83,0.083,0.04967752788960934
762,881,119,0.119,0.049124988220632076
766,883,117,0.117,0.048234866846352815
790,895,105,0.105,0.048821283791214226
768,884,116,0.116,0.04704136169329286
762,881,119,0.119,0.04705517903342843
824,912,88,0.088,0.04778805996850133
790,895,105,0.105,0.0467031483463943
784,892,108,0.108,0.046554605308920145
774,887,113,0.113,0.04652188593521714
810,905,95,0.095,0.04680415223166347
784,892,108,0.108,0.046186301726847886
744,872,128,0.128,0.04638150150328874
784,892,108,0.108,0.04578245742619037
828,914,86,0.086,0.04480361222103238
756,878,122,0.122,0.04505312003567815
834,917,83,0.083,0.04481537475064397
748,874,126,0.126,0.04385899417847395
762,881,119,0.119,0.042857466582208875
738,869,131,0.131,0.04404710165411234
810,905,95,0.095,0.04424543555825949
764,882,118,0.118,0.04376219179853797
736,868,132,0.132,0.042557569243013856
764,882,118,0.118,0.043252516977489
720,860,140,0.14,0.04357721382565796
802,901,99,0.099,0.04386300409212709
764,882,118,0.118,0.04445621674321592
760,880,120,0.12,0.044558280024677516
808,904,96,0.096,0.043425100836902854
742,871,129,0.129,0.04371530684456229
754,877,123,0.123,0.04478754838183522
764,882,118,0.118,0.04517356732487678
744,872,128,0.128,0.04343509798124433
834,917,83,0.083,0.044450464643537996
772,886,114,0.114,0.044120184686034916
746,873,127,0.127,0.04426921117305756
736,868,132,0.132,0.044299773192033175
700,850,150,0.15,0.04418490994721651
782,891,109,0.109,0.04482128917053342
764,882,118,0.118,0.04495055275410414
682,841,159,0.159,0.04561170931532979
770,885,115,0.115,0.04636681396886706
736,868,132,0.132,0.04592329189553857
766,883,117,0.117,0.046331490859389306
742,871,129,0.129,0.04745867707952857
740,870,130,0.13,0.04779250521585345
776,888,112,0.112,0.04727750651165843
738,869,131,0.131,0.04728181150183081
684,842,158,0.158,0.046345922086387874
736,868,132,0.132,0.04736264365166426
750,875,125,0.125,0.047555701054632665
768,884,116,0.116,0.04724680470302701
782,891,109,0.109,0.04767701314017177
720,860,140,0.14,0.04935457711666823
804,902,98,0.098,0.04919596168026328
680,840,160,0.16,0.0504245068654418
784,892,108,0.108,0.04842928354069591
806,903,97,0.097,0.048284067276865246
772,886,114,0.114,0.04782681255415082
756,878,122,0.122,0.047977291125804185
776,888,112,0.112,0.04845132001489401
790,895,105,0.105,0.047878732793033126
766,883,117,0.117,0.04823924330621958
730,865,135,0.135,0.04645667204633355
772,886,114,0.114,0.04522427216172218
778,889,111,0.111,0.04651237964630127
740,870,130,0.13,0.04675581612810493
786,893,107,0.107,0.04697138091176748
706,853,147,0.147,0.045655518805608156
742,871,129,0.129,0.046354560390114784
782,891,109,0.109,0.045915657319128514
760,880,120,0.12,0.04572006439417601
728,864,136,0.136,0.04670632015541196
762,881,119,0.119,0.04577731350809336
776,888,112,0.112,0.045185548359528184
788,894,106,0.106,0.04606193866953254
758,879,121,0.121,0.04689983133599162
808,904,96,0.096,0.045673166148364544
802,901,99,0.099,0.0455354697406292
778,889,111,0.111,0.04515892568230629
772,886,114,0.114,0.04561542515084147
704,852,148,0.148,0.04481056004017592
740,870,130,0.13,0.04368087693676353
816,908,92,0.092,0.0444543985016644
754,877,123,0.123,0.04532605885714293
704,852,148,0.148,0.04387283407896757
746,873,127,0.127,0.04431968630664051
746,873,127,0.127,0.043526098988950254
742,871,129,0.129,0.04490490086749196
766,883,117,0.117,0.04459297532960772
792,896,104,0.104,0.043568750692531466
768,884,116,0.116,0.04371877477318049
768,884,116,0.116,0.04414405746757984
802,901,99,0.099,0.04356386034190655
810,905,95,0.095,0.04366404115781188
728,864,136,0.136,0.04315079737827182
790,895,105,0.105,0.04303490602783859
734,867,133,0.133,0.043273348446935415
768,884,116,0.116,0.042610108094289896
754,877,123,0.123,0.04254163493216038
758,879,121,0.121,0.04264099564403295
816,908,92,0.092,0.041881414184346794
806,903,97,0.097,0.041439303701743486
824,912,88,0.088,0.041771509010344744
752,876,124,0.124,0.04077714111283422
802,901,99,0.099,0.04138741810806096
814,907,93,0.093,0.04133039188757539
780,890,110,0.11,0.04120948848314583
782,891,109,0.109,0.04086183015443385
776,888,112,0.112,0.041496102867648
728,864,136,0.136,0.04019363516755402
812,906,94,0.094,0.039874112829566
766,883,117,0.117,0.03943284605816007
798,899,101,0.101,0.040082743963226676
738,869,131,0.131,0.03986678765900433
784,892,108,0.108,0.03917448503151536
740,870,130,0.13,0.040734665067866445
710,855,145,0.145,0.03986664961092174
710,855,145,0.145,0.040481930773705245
682,841,159,0.159,0.04079515841789544
742,871,129,0.129,0.04086804092861712
778,889,111,0.111,0.041281298702582715
788,894,106,0.106,0.04216425622999668
842,921,79,0.079,0.0417029067799449
802,901,99,0.099,0.04073687332868576
770,885,115,0.115,0.04086785314045847
740,870,130,0.13,0.03991415913961828
778,889,111,0.111,0.04053252375684679
762,881,119,0.119,0.040457694582641125
822,911,89,0.089,0.04068770287744701
730,865,135,0.135,0.03982485905848444
746,873,127,0.127,0.04025920518115163
784,892,108,0.108,0.039706969356164336
764,882,118,0.118,0.040357558701187374
820,910,90,0.09,0.04018795680254698
720,860,140,0.14,0.03922360600344837
756,878,122,0.122,0.03937392572313547
724,862,138,0.138,0.04068790826015174
738,869,131,0.131,0.04097145964764059
784,892,108,0.108,0.0398194756899029
768,884,116,0.116,0.04041812217235565
786,893,107,0.107,0.041299351308494804
776,888,112,0.112,0.04115463226661086
700,850,150,0.15,0.04082458672858775
790,895,105,0.105,0.0407228634878993
766,883,117,0.117,0.040543800465762614
758,879,121,0.121,0.04044764475338161
764,882,118,0.118,0.03989572712220252
814,907,93,0.093,0.04029969860799611
774,887,113,0.113,0.040223129386082294
758,879,121,0.121,0.03904086665250361
776,888,112,0.112,0.038029497340321544
790,895,105,0.105,0.0387173483222723
788,894,106,0.106,0.039149305496364833
786,893,107,0.107,0.039094541674479844
726,863,137,0.137,0.03888434207625687
702,851,149,0.149,0.03878744934685528
776,888,112,0.112,0.03876901619136333
776,888,112,0.112,0.04011654649302363
770,885,115,0.115,0.039223092373460534
726,863,137,0.137,0.039169724894687535
706,853,147,0.147,0.04020020883344114
760,880,120,0.12,0.04052708456292749
746,873,127,0.127,0.040122647991403936
748,874,126,0.126,0.0408449715282768
810,905,95,0.095,0.04159674072638154
742,871,129,0.129,0.04023939068615436
724,862,138,0.138,0.04094447536766529
772,886,114,0.114,0.041222256049513815
748,874,126,0.126,0.04029969353601336
736,868,132,0.132,0.040142381416633725
786,893,107,0.107,0.040922677172347904
832,916,84,0.084,0.041822937631979584
700,850,150,0.15,0.03968027560971677
788,894,106,0.106,0.04155542600341141
788,894,106,0.106,0.04004943472519517
814,907,93,0.093,0.03987222520634532
760,880,120,0.12,0.0404050756059587
738,869,131,0.131,0.040106181709095835
750,875,125,0.125,0.0400673641692847
814,907,93,0.093,0.04044511210732162
784,892,108,0.108,0.04001623885892332
810,905,95,0.095,0.0396119989361614
776,888,112,0.112,0.03915211778692901
742,871,129,0.129,0.03878979383595288
740,870,130,0.13,0.03899551706202328
768,884,116,0.116,0.040006609939038755
710,855,145,0.145,0.039397101992741226
796,898,102,0.102,0.03945052975974977
722,861,139,0.139,0.039562877882272
714,857,143,0.143,0.03928556995652616
724,862,138,0.138,0.040606844566762446
716,858,142,0.142,0.04026070976629853
798,899,101,0.101,0.0403266001585871
788,894,106,0.106,0.040236531222239136
738,869,131,0.131,0.041096084157004956
656,828,172,0.172,0.04098653061315417
796,898,102,0.102,0.04063262856937945
766,883,117,0.117,0.0410715553984046
768,884,116,0.116,0.04081049831584096
764,882,118,0.118,0.040789316538721324
758,879,121,0.121,0.041585728108882905
758,879,121,0.121,0.04058555926010013
800,900,100,0.1,0.040817993581295016
806,903,97,0.097,0.04092795844189823
770,885,115,0.115,0.04006157719157636
746,873,127,0.127,0.039398627433925866
780,890,110,0.11,0.039297118408605454
772,886,114,0.114,0.039658259723335504
756,878,122,0.122,0.040038712065666913
732,866,134,0.134,0.040187067149206994
760,880,120,0.12,0.039205914227291944
796,898,102,0.102,0.03874575173854828
762,881,119,0.119,0.039829346233978866
698,849,151,0.151,0.03944292360916734
732,866,134,0.134,0.039280827637761834
756,878,122,0.122,0.03994659864716232
796,898,102,0.102,0.03956729912757873
744,872,128,0.128,0.039499463891610506
818,909,91,0.091,0.039414908634498716
772,886,114,0.114,0.03866679126210511
722,861,139,0.139,0.03835415527969599
738,869,131,0.131,0.03918820196203888
746,873,127,0.127,0.03874903527833522
760,880,120,0.12,0.03958718438073993
762,881,119,0.119,0.04021410900913179
748,874,126,0.126,0.03993624467775226
796,898,102,0.102,0.04066681338846684
758,879,121,0.121,0.04039858772791922
724,862,138,0.138,0.04117285867780447
762,881,119,0.119,0.040341659124940636
772,886,114,0.114,0.040273681161925194
696,848,152,0.152,0.04073433793894947
796,898,102,0.102,0.039702406398952006
742,871,129,0.129,0.040638652361929414
764,882,118,0.118,0.04019777148589492
770,885,115,0.115,0.04064562320150435
702,851,149,0.149,0.039681399185210464
764,882,118,0.118,0.04065796971134841
782,891,109,0.109,0.04042124421335757
812,906,94,0.094,0.04054162641428411
744,872,128,0.128,0.03998852127417922
706,853,147,0.147,0.040125484174117446
742,871,129,0.129,0.0393071876950562
828,914,86,0.086,0.040240224301815036
784,892,108,0.108,0.04021049191989005
790,895,105,0.105,0.0401103386040777
822,911,89,0.089,0.03958726526983082
734,867,133,0.133,0.038928001504391435
808,904,96,0.096,0.04030315084569156
694,847,153,0.153,0.03987610441446304
788,894,106,0.106,0.0391189915202558
760,880,120,0.12,0.0401092733964324
750,875,125,0.125,0.038755897797644136
798,899,101,0.101,0.03994876613654196
774,887,113,0.113,0.03812669508345425
750,875,125,0.125,0.038509914349764585
736,868,132,0.132,0.03858632495626807
794,897,103,0.103,0.039500110171735284
778,889,111,0.111,0.038822104016318915
816,908,92,0.092,0.03942235570587218
788,894,106,0.106,0.03909014090150595
762,881,119,0.119,0.038703906012699005
730,865,135,0.135,0.038552653266116975
756,878,122,0.122,0.038853169301524756
818,909,91,0.091,0.03811206042580306
776,888,112,0.112,0.03824070817604661
744,872,128,0.128,0.03868016100116074
774,887,113,0.113,0.03875547640956938
760,880,120,0.12,0.03835865067876875
770,885,115,0.115,0.03764574487134814
746,873,127,0.127,0.03862309215962887
806,903,97,0.097,0.039153529070317744
756,878,122,0.122,0.038936214407905935
764,882,118,0.118,0.03895945614390075
728,864,136,0.136,0.038559912962839005
784,892,108,0.108,0.038481099681928754
772,886,114,0.114,0.037397775163874034
778,889,111,0.111,0.03888938928209245
782,891,109,0.109,0.03883700848929584
800,900,100,0.1,0.040007073683664206
754,877,123,0.123,0.03984713421948254
746,873,127,0.127,0.03862013107724488
810,905,95,0.095,0.038816615572199224
796,898,102,0.102,0.03870144546404481
778,889,111,0.111,0.03917803647555411
808,904,96,0.096,0.03961688619852066
828,914,86,0.086,0.0391314736828208
750,875,125,0.125,0.0383261309042573
718,859,141,0.141,0.038005757985636594
738,869,131,0.131,0.03764835358224809
750,875,125,0.125,0.03850659870356321
804,902,98,0.098,0.037514995485544204
766,883,117,0.117,0.03850467112287879
772,886,114,0.114,0.038081511532887816
738,869,131,0.131,0.037557997059077024
678,839,161,0.161,0.039658945091068744
714,857,143,0.143,0.039067399196326735
768,884,116,0.116,0.03966255150549114
718,859,141,0.141,0.040378265473991634
800,900,100,0.1,0.03968613709136844
726,863,137,0.137,0.03990282984450459
782,891,109,0.109,0.039530045758932826
786,893,107,0.107,0.039958985313773156
756,878,122,0.122,0.040426461534574624
708,854,146,0.146,0.04018420086428523
780,890,110,0.11,0.04064962215162814
786,893,107,0.107,0.04050980650447309
768,884,116,0.116,0.04089177451096475
722,861,139,0.139,0.03976224640011788
808,904,96,0.096,0.039831600861623885
708,854,146,0.146,0.04070286914333701
784,892,108,0.108,0.039804622177034614
792,896,104,0.104,0.03925370897911489
776,888,112,0.112,0.04028514574281871
714,857,143,0.143,0.03915150398947299
784,892,108,0.108,0.0410245596896857
744,872,128,0.128,0.040053171847015616
720,860,140,0.14,0.03993955564685166
770,885,115,0.115,0.040558378664776684
760,880,120,0.12,0.0416160237044096
768,884,116,0.116,0.04203613469935954
698,849,151,0.151,0.040628416640684006
772,886,114,0.114,0.04117480800114572
800,900,100,0.1,0.041113135561347006
778,889,111,0.111,0.04124802091345191
806,903,97,0.097,0.04118876795843244
744,872,128,0.128,0.04115650635585189
812,906,94,0.094,0.04172062490880489
790,895,105,0.105,0.040015399280935525
796,898,102,0.102,0.04040487826801836
734,867,133,0.133,0.04016404777392745
768,884,116,0.116,0.04016902761533856
752,876,124,0.124,0.039799564534798264
754,877,123,0.123,0.04004758134484291
704,852,148,0.148,0.039111255381256343
694,847,153,0.153,0.04013764050230384
756,878,122,0.122,0.03931976624764502
694,847,153,0.153,0.039022167520597575
752,876,124,0.124,0.03964816118776798
806,903,97,0.097,0.04126757784001529
782,891,109,0.109,0.04028905703313649
818,909,91,0.091,0.03994335883297026
798,899,101,0.101,0.04087247490137815
704,852,148,0.148,0.03959209264628589
692,846,154,0.154,0.040163514809682964
750,875,125,0.125,0.04114799268916249
778,889,111,0.111,0.04045617111213505
772,886,114,0.114,0.04020352418720722
752,876,124,0.124,0.03951098202727735
758,879,121,0.121,0.04116475264728069
742,871,129,0.129,0.04017858373373747
778,889,111,0.111,0.040728754676878455
696,848,152,0.152,0.03952409374713898
752,876,124,0.124,0.040147461228072646
730,865,135,0.135,0.03959707512333989
754,877,123,0.123,0.03974788746610284
780,890,110,0.11,0.039426948016509415
750,875,125,0.125,0.04067674810253084
796,898,102,0.102,0.039828494172543284
722,861,139,0.139,0.0402519806176424
754,877,123,0.123,0.04033765789307654
772,886,114,0.114,0.03969726015627384
770,885,115,0.115,0.04050535839609802
728,864,136,0.136,0.04041455260291696
730,865,135,0.135,0.0403243832886219
746,873,127,0.127,0.039521115079522134
732,866,134,0.134,0.039276050647720696
744,872,128,0.128,0.04016566068865359
670,835,165,0.165,0.039201819971203804
778,889,111,0.111,0.03971859858185053
766,883,117,0.117,0.040332641027867794
754,877,123,0.123,0.03996780368685722
778,889,111,0.111,0.040412384254857894
732,866,134,0.134,0.04057751522772014
802,901,99,0.099,0.04079591145552695
786,893,107,0.107,0.04030862564407289
802,901,99,0.099,0.04016887429915369
782,891,109,0.109,0.03996309217251837
756,878,122,0.122,0.03977241628244519
762,881,119,0.119,0.03917377268150449
752,876,124,0.124,0.03982340377010405
748,874,126,0.126,0.03815811119414866
788,894,106,0.106,0.038880565755069256
792,896,104,0.104,0.03847191025316715
766,883,117,0.117,0.039851681943982836
806,903,97,0.097,0.0384072646163404
714,857,143,0.143,0.03780381299369037
802,901,99,0.099,0.03804458145797253
758,879,121,0.121,0.0379011482167989
750,875,125,0.125,0.0381814081594348
714,857,143,0.143,0.03847658865712583
682,841,159,0.159,0.03780657752417028
804,902,98,0.098,0.03828862471506
710,855,145,0.145,0.0382270860876888
778,889,111,0.111,0.039230712600052356
768,884,116,0.116,0.038074922151863574
742,871,129,0.129,0.038402194319292905
798,899,101,0.101,0.03836897377483547
770,885,115,0.115,0.03882625800184906
836,918,82,0.082,0.038498376678675415
738,869,131,0.131,0.03888153127022088
752,876,124,0.124,0.03811224013008177
782,891,109,0.109,0.037470469480380415
788,894,106,0.106,0.038473511692136524
770,885,115,0.115,0.0383099768422544
776,888,112,0.112,0.03776382622867823
694,847,153,0.153,0.03748698164150119
750,875,125,0.125,0.037168691547587514
808,904,96,0.096,0.0381147517953068
808,904,96,0.096,0.036715083932504056
806,903,97,0.097,0.03721328139677644
712,856,144,0.144,0.03706685123965144
742,871,129,0.129,0.0376269000172615
748,874,126,0.126,0.03655907316878438
764,882,118,0.118,0.03696413693763316
746,873,127,0.127,0.03669921180419624
734,867,133,0.133,0.03662877106294036
782,891,109,0.109,0.03645521741732955
756,878,122,0.122,0.03608810915239155
788,894,106,0.106,0.03743305003270507
800,900,100,0.1,0.03667052123695612
726,863,137,0.137,0.03648708216845989
782,891,109,0.109,0.03706599630042911
800,900,100,0.1,0.03720987782627344
776,888,112,0.112,0.03626087390817702
816,908,92,0.092,0.03641916468180716
702,851,149,0.149,0.03526884071342647
776,888,112,0.112,0.03577653701417148
776,888,112,0.112,0.035176943285390734
772,886,114,0.114,0.035848047843202946
738,869,131,0.131,0.03497415615990758
812,906,94,0.094,0.03491062553785741
818,909,91,0.091,0.035026643885299566
776,888,112,0.112,0.03521288831159473
814,907,93,0.093,0.03518805504776537
754,877,123,0.123,0.03662800735980272
766,883,117,0.117,0.035691905179992316
798,899,101,0.101,0.035429771315306426
800,900,100,0.1,0.03500167209468782
792,896,104,0.104,0.034436080178245905
810,905,95,0.095,0.03378364921547473
746,873,127,0.127,0.034615834007039666
740,870,130,0.13,0.035325235845521094
750,875,125,0.125,0.03486937765032053
728,864,136,0.136,0.034050257485359905
824,912,88,0.088,0.035066063212230804
758,879,121,0.121,0.03464243390038609
776,888,112,0.112,0.03494760167039931
778,889,111,0.111,0.03498777947761118
754,877,123,0.123,0.03519959881901741
834,917,83,0.083,0.03548986921459436
786,893,107,0.107,0.03500157177634537
764,882,118,0.118,0.03445744912140072
764,882,118,0.118,0.03547618139907718
708,854,146,0.146,0.035671337885782126
748,874,126,0.126,0.034538983983919025
776,888,112,0.112,0.03497201223857701
832,916,84,0.084,0.036374247895553706
788,894,106,0.106,0.035967216031625865
734,867,133,0.133,0.03508819805458188
774,887,113,0.113,0.0353458959441632
784,892,108,0.108,0.03584083519689739
788,894,106,0.106,0.03585132701322436
782,891,109,0.109,0.0347203601077199
718,859,141,0.141,0.03497161776199937
778,889,111,0.111,0.03570888174325228
774,887,113,0.113,0.03542727626673877
750,875,125,0.125,0.0355350106805563
788,894,106,0.106,0.03536691737361252
752,876,124,0.124,0.035610495582222935
758,879,121,0.121,0.03547291746549308
766,883,117,0.117,0.03542730168811977
732,866,134,0.134,0.03521699995361269
718,859,141,0.141,0.03576440712437034
744,872,128,0.128,0.03558964298851788
772,886,114,0.114,0.03545726703107357
806,903,97,0.097,0.035341642517596486
778,889,111,0.111,0.035491465277969834
730,865,135,0.135,0.035330057453364136
696,848,152,0.152,0.03625713947042823
716,858,142,0.142,0.035845579275861385
736,868,132,0.132,0.03743526228144765
674,837,163,0.163,0.03688972845114768
754,877,123,0.123,0.03756140733323991
772,886,114,0.114,0.03736474018357694
740,870,130,0.13,0.03840397953242063
826,913,87,0.087,0.039727129722014067
712,856,144,0.144,0.03794499476440251
722,861,139,0.139,0.03888410763256252
686,843,157,0.157,0.03894927743077278
756,878,122,0.122,0.039792179556563494
712,856,144,0.144,0.03965794094465673
808,904,96,0.096,0.04058530746214092
686,843,157,0.157,0.04074758601374924
788,894,106,0.106,0.041928571509197356
814,907,93,0.093,0.042003391349688175
782,891,109,0.109,0.04067646118253469
748,874,126,0.126,0.04026013543829322
752,876,124,0.124,0.041115584433078764
804,902,98,0.098,0.04030163542553782
768,884,116,0.116,0.0406449661962688
832,916,84,0.084,0.040041331021115185
742,871,129,0.129,0.03793703319877386
784,892,108,0.108,0.03838448427245021
716,858,142,0.142,0.03897403143905103
786,893,107,0.107,0.03834167403168976
806,903,97,0.097,0.03833298996090889
694,847,153,0.153,0.037372312197461725
834,917,83,0.083,0.03730020279437304
734,867,133,0.133,0.03718219081684947
750,875,125,0.125,0.03705635548196733
770,885,115,0.115,0.03632082315720618
786,893,107,0.107,0.03653733130171895
734,867,133,0.133,0.03674677775986493
768,884,116,0.116,0.03676898475550115
714,857,143,0.143,0.03660228412784636
730,865,135,0.135,0.03646421001665294
798,899,101,0.101,0.03662552772648633
712,856,144,0.144,0.036020343644544484
748,874,126,0.126,0.03760052723251283
774,887,113,0.113,0.03707423463463783
776,888,112,0.112,0.03808265777677298
734,867,133,0.133,0.037485149562358856
792,896,104,0.104,0.038313472609966995
742,871,129,0.129,0.03753146116435528
730,865,135,0.135,0.03771846058964729
788,894,106,0.106,0.03894893955253065
766,883,117,0.117,0.03887923613190651
778,889,111,0.111,0.03830947636440396
780,890,110,0.11,0.03836871457472443
806,903,97,0.097,0.03816431325674057
770,885,115,0.115,0.038379940323531626
776,888,112,0.112,0.038826775601133706
696,848,152,0.152,0.038048478441312907
782,891,109,0.109,0.03780329195782542
730,865,135,0.135,0.038359760297462346
766,883,117,0.117,0.038668204575777056
750,875,125,0.125,0.03676489551179111
792,896,104,0.104,0.03819634299911558
778,889,111,0.111,0.03767682350985706
780,890,110,0.11,0.037970978513360024
740,870,130,0.13,0.03769597098790109
824,912,88,0.088,0.03848763388209045
736,868,132,0.132,0.03730117931030691
788,894,106,0.106,0.03692920228466392
782,891,109,0.109,0.03761128966137767
748,874,126,0.126,0.03686065864562988
804,902,98,0.098,0.037115212101489305
804,902,98,0.098,0.03593400441110134
774,887,113,0.113,0.03593199993856251
844,922,78,0.078,0.03521887761354446
750,875,125,0.125,0.035987217435613277
774,887,113,0.113,0.03462061930261552
796,898,102,0.102,0.03480391245521605
724,862,138,0.138,0.03396098018065095
760,880,120,0.12,0.03351077150180936
742,871,129,0.129,0.034412539718672634
770,885,115,0.115,0.03492034094966948
740,870,130,0.13,0.035079630602151156
732,866,134,0.134,0.03417886145971715
792,896,104,0.104,0.03478761939145625
794,897,103,0.103,0.03655839592963457
750,875,125,0.125,0.03444613744877279
804,902,98,0.098,0.035200349459424615
748,874,126,0.126,0.03559909822233021
740,870,130,0.13,0.035662497200071815
794,897,103,0.103,0.035165581084787845
760,880,120,0.12,0.03585381898470223
752,876,124,0.124,0.03609709368646145
820,910,90,0.09,0.03658189041167498
802,901,99,0.099,0.03583387796208262
800,900,100,0.1,0.035132447279989716
726,863,137,0.137,0.035027955183759334
806,903,97,0.097,0.034835573425516485
828,914,86,0.086,0.0345061870124191
750,875,125,0.125,0.03395895480923355
748,874,126,0.126,0.03556109722703695
790,895,105,0.105,0.03412480342760682
792,896,104,0.104,0.034095047168433666
728,864,136,0.136,0.033877145757898686
764,882,118,0.118,0.033764429911971094
748,874,126,0.126,0.03382675871625543
760,880,120,0.12,0.033472990315407514
748,874,126,0.126,0.03397082655131817
758,879,121,0.121,0.033365713123232124
710,855,145,0.145,0.03357465978339314
754,877,123,0.123,0.034424489671364425
800,900,100,0.1,0.03463648570142686
790,895,105,0.105,0.03466989610344171
674,837,163,0.163,0.03498358506523073
792,896,104,0.104,0.03540299045667052
788,894,106,0.106,0.035667789423838255
776,888,112,0.112,0.0354296202827245
728,864,136,0.136,0.0358795040436089
790,895,105,0.105,0.03484074810519815
740,870,130,0.13,0.03529885486327112
744,872,128,0.128,0.035041089020669464
770,885,115,0.115,0.03582232242263854
790,895,105,0.105,0.0352600101903081
734,867,133,0.133,0.03603750028461218
756,878,122,0.122,0.034962524922564624
806,903,97,0.097,0.035001593632623555
826,913,87,0.087,0.035122673358768224
768,884,116,0.116,0.03565482893958688
762,881,119,0.119,0.034039786376059054
744,872,128,0.128,0.034311812710016966
804,902,98,0.098,0.033763781651854514
788,894,106,0.106,0.0335023234449327
744,872,128,0.128,0.0334417544323951
732,866,134,0.134,0.03345597379468381
770,885,115,0.115,0.033855876969173554
738,869,131,0.131,0.03288977731205523
786,893,107,0.107,0.0344746304359287
788,894,106,0.106,0.03393827231228352
804,902,98,0.098,0.03364797077327967
766,883,117,0.117,0.034385403718799355
798,899,101,0.101,0.03398538115248084
782,891,109,0.109,0.03458755915053189
736,868,132,0.132,0.03284187640994787
712,856,144,0.144,0.03410043166391551
764,882,118,0.118,0.03363195981830359
762,881,119,0.119,0.033484005270525814
758,879,121,0.121,0.03303903158381581
718,859,141,0.141,0.03274005740135908
762,881,119,0.119,0.033753240399062634
780,890,110,0.11,0.033768695283681156
774,887,113,0.113,0.03346517105773091
708,854,146,0.146,0.03281973218359053
810,905,95,0.095,0.033690096382051705
812,906,94,0.094,0.03313923010788858
724,862,138,0.138,0.034256622675806286
790,895,105,0.105,0.033701335621997716
750,875,125,0.125,0.03336701335199177
744,872,128,0.128,0.0331584106720984
850,925,75,0.075,0.03337306729517877
672,836,164,0.164,0.033287659026682376
736,868,132,0.132,0.03371080465614796
686,843,157,0.157,0.033555797833949325
740,870,130,0.13,0.0336443528290838
812,906,94,0.094,0.03361959503777325
734,867,133,0.133,0.03397410953417421
730,865,135,0.135,0.03405177492275834
788,894,106,0.106,0.03386824209243059
864,932,68,0.068,0.03300380146130919
786,893,107,0.107,0.033797249218448996
780,890,110,0.11,0.03408181715011597
806,903,97,0.097,0.03329935932345689
744,872,128,0.128,0.03363678159378469
808,904,96,0.096,0.03256754566915333
780,890,110,0.11,0.032688320763409134
800,900,100,0.1,0.032943136621266605
740,870,130,0.13,0.03297948396392167
700,850,150,0.15,0.032530441919341686
750,875,125,0.125,0.033703340284526345
788,894,106,0.106,0.032930876776576044
748,874,126,0.126,0.03285044866800308
708,854,146,0.146,0.03399460258334875
760,880,120,0.12,0.0335880660507828
712,856,144,0.144,0.033755610352382066
796,898,102,0.102,0.03350875679589808
822,911,89,0.089,0.033901237457990646
740,870,130,0.13,0.03381815834343433
794,897,103,0.103,0.03407243658415973
776,888,112,0.112,0.03390954470075667
752,876,124,0.124,0.03340148137509823
812,906,94,0.094,0.03380262065120041
760,880,120,0.12,0.03363794811069965
696,848,152,0.152,0.03300296534784138
766,883,117,0.117,0.032911653531715275
748,874,126,0.126,0.03309248594008386
796,898,102,0.102,0.03358145033940673
762,881,119,0.119,0.033719632748514416
770,885,115,0.115,0.03492571878619492
788,894,106,0.106,0.034457393223419785
784,892,108,0.108,0.03393667120672762
740,870,130,0.13,0.03330377330072224
728,864,136,0.136,0.03407344062440097
736,868,132,0.132,0.03416676622070372
778,889,111,0.111,0.034149507358670235
720,860,140,0.14,0.03422537182085216
764,882,118,0.118,0.033795061672106386
762,881,119,0.119,0.03635739371366799
766,883,117,0.117,0.035027525674551724
704,852,148,0.148,0.034426460430026055
720,860,140,0.14,0.03482270845770836
766,883,117,0.117,0.035021022502332924
706,853,147,0.147,0.03665550681017339
754,877,123,0.123,0.03472631927393377
816,908,92,0.092,0.036015497954562305
704,852,148,0.148,0.0354948905762285
778,889,111,0.111,0.03618218126520514
662,831,169,0.169,0.03669124982506037
712,856,144,0.144,0.03612408046610653
760,880,120,0.12,0.03614861231483519
768,884,116,0.116,0.036407473117113114
720,860,140,0.14,0.0358596676364541
704,852,148,0.148,0.03605146297253668
722,861,139,0.139,0.03629791020601988
780,890,110,0.11,0.03725308525748551
788,894,106,0.106,0.037179461672902106
770,885,115,0.115,0.03679326494596898
742,871,129,0.129,0.03709930314309895
760,880,120,0.12,0.0360647858325392
766,883,117,0.117,0.03631015008501708
744,872,128,0.128,0.03653831240348518
754,877,123,0.123,0.03710471145994961
756,878,122,0.122,0.03638441251590848
740,870,130,0.13,0.03601230818964541
746,873,127,0.127,0.03571061218716204
748,874,126,0.126,0.036538875008001924
732,866,134,0.134,0.036870628545060756
710,855,145,0.145,0.03654086376540363
758,879,121,0.121,0.036627746906131506
742,871,129,0.129,0.03651980686932802
702,851,149,0.149,0.036552479857578875
862,931,69,0.069,0.03695323704369366
754,877,123,0.123,0.03764152717590332
794,897,103,0.103,0.0366273637060076
768,884,116,0.116,0.03689008206129074
806,903,97,0.097,0.03676427593640983
758,879,121,0.121,0.03591155701503158
790,895,105,0.105,0.03599839399568736
792,896,104,0.104,0.03553104210086167
762,881,119,0.119,0.03478734933398664
752,876,124,0.124,0.03429756505414844
746,873,127,0.127,0.03412100367061794
750,875,125,0.125,0.03435251882299781
712,856,144,0.144,0.03427447200752795
710,855,145,0.145,0.03433832060359419
760,880,120,0.12,0.03421783054992557
762,881,119,0.119,0.03433761936426163
798,899,101,0.101,0.03451280576735735
658,829,171,0.171,0.03505177245102823
742,871,129,0.129,0.035349594758823516
804,902,98,0.098,0.035845947543159125
824,912,88,0.088,0.03445588922686875
802,901,99,0.099,0.03484338758140802
794,897,103,0.103,0.0347657429613173
768,884,116,0.116,0.0338086458183825
788,894,106,0.106,0.03337364746816456
816,908,92,0.092,0.0337482236828655
816,908,92,0.092,0.03339590452611446
774,887,113,0.113,0.03416351808607578
734,867,133,0.133,0.032061971720308065
780,890,110,0.11,0.032100834120064974
866,933,67,0.067,0.03203976579196751
832,916,84,0.084,0.03135216805525124
782,891,109,0.109,0.03174061613343656
788,894,106,0.106,0.031268879706040024
748,874,126,0.126,0.031293756082654
782,891,109,0.109,0.03099356852285564
742,871,129,0.129,0.03087608590349555
764,882,118,0.118,0.03138152760267258
794,897,103,0.103,0.030282000787556173
776,888,112,0.112,0.031702374124899506
750,875,125,0.125,0.030818940423429014
790,895,105,0.105,0.030809017388150096
784,892,108,0.108,0.03217074714787305
746,873,127,0.127,0.03096090548299253
768,884,116,0.116,0.03191313303261995
780,890,110,0.11,0.03136660271883011
780,890,110,0.11,0.03155068092048168
744,872,128,0.128,0.03214527391828596
788,894,106,0.106,0.0312540995310992
762,881,119,0.119,0.031113092686980964
794,897,103,0.103,0.03233332652039826
778,889,111,0.111,0.03234355012141168
710,855,145,0.145,0.03214262095093727
772,886,114,0.114,0.0321585238315165
742,871,129,0.129,0.03257856459356844
812,906,94,0.094,0.03306974544376135
764,882,118,0.118,0.03293239519372582
758,879,121,0.121,0.03221544613130391
790,895,105,0.105,0.03252831407636404
740,870,130,0.13,0.03228109931387007
766,883,117,0.117,0.032357567992061374
756,878,122,0.122,0.03305224391445517
752,876,124,0.124,0.03371214040182531
808,904,96,0.096,0.03425148377753794
750,875,125,0.125,0.033668623792007565
786,893,107,0.107,0.034106786424294114
754,877,123,0.123,0.0340613433662802
750,875,125,0.125,0.03370992942526937
754,877,123,0.123,0.03355754432827234
748,874,126,0.126,0.033012500666081905
824,912,88,0.088,0.034020270256325605
760,880,120,0.12,0.033283335246145726
768,884,116,0.116,0.03430967676267028
742,871,129,0.129,0.03292391087114811
732,866,134,0.134,0.03375430108048022
734,867,133,0.133,0.03399851418286562
834,917,83,0.083,0.03395594913698733
794,897,103,0.103,0.03475315069966018
772,886,114,0.114,0.03363681005127728
796,898,102,0.102,0.033424289129674434
716,858,142,0.142,0.032693065715953706
726,863,137,0.137,0.03275403561070561
788,894,106,0.106,0.033071534629911185
786,893,107,0.107,0.033352251924574375
736,868,132,0.132,0.03353298383764922
730,865,135,0.135,0.03378787862509489
752,876,124,0.124,0.033644454266875984
784,892,108,0.108,0.03285230184532702
724,862,138,0.138,0.03389477785490453
716,858,142,0.142,0.03425169186852872
758,879,121,0.121,0.03431028495170176
788,894,106,0.106,0.03508069374598563
734,867,133,0.133,0.035305657405406234
770,885,115,0.115,0.03560686622001231
752,876,124,0.124,0.03494723798520863
690,845,155,0.155,0.035582276890054346
798,899,101,0.101,0.03664623533375561
752,876,124,0.124,0.035460167216137053
718,859,141,0.141,0.03547084336727858
794,897,103,0.103,0.03630915908887982
732,866,134,0.134,0.03585164285264909
716,858,142,0.142,0.035788304712623356
746,873,127,0.127,0.03591691579669714
810,905,95,0.095,0.035912029564380644
794,897,103,0.103,0.03599225438386202
728,864,136,0.136,0.036296775575727226
802,901,99,0.099,0.03687490887194872
740,870,130,0.13,0.03593768252618611
758,879,121,0.121,0.03546989578008652
708,854,146,0.146,0.03597573217190802
790,895,105,0.105,0.03582216338440776
712,856,144,0.144,0.036017602486535905
782,891,109,0.109,0.036114754777401684
732,866,134,0.134,0.035428567266091705
746,873,127,0.127,0.035185998804867266
776,888,112,0.112,0.036022659920156005
764,882,118,0.118,0.03600039767473936
742,871,129,0.129,0.035622994411736726
772,886,114,0.114,0.03670954714715481
716,858,142,0.142,0.03681644815765321
656,828,172,0.172,0.03552222594432533
724,862,138,0.138,0.03684325555711985
812,906,94,0.094,0.03598768290132284
792,896,104,0.104,0.035619321417063476
782,891,109,0.109,0.03567264085821807
768,884,116,0.116,0.03623127366043627
766,883,117,0.117,0.03549166471324861
826,913,87,0.087,0.035829207567498085
738,869,131,0.131,0.034770148005336524
774,887,113,0.113,0.03506369510665536
766,883,117,0.117,0.03502250481583178
778,889,111,0.111,0.03571189135685563
834,917,83,0.083,0.03388194081559777
750,875,125,0.125,0.03505646659433842
746,873,127,0.127,0.03477209847979248
790,895,105,0.105,0.03445150082372129
754,877,123,0.123,0.03406790646910667
750,875,125,0.125,0.03346570833027363
754,877,123,0.123,0.0325094629470259
802,901,99,0.099,0.033831600088626144
798,899,101,0.101,0.03393910316750407
746,873,127,0.127,0.03265886676311493
776,888,112,0.112,0.03227793171443045
776,888,112,0.112,0.03281066194921732
738,869,131,0.131,0.033238645013421775
818,909,91,0.091,0.03243735752999782
710,855,145,0.145,0.03241397110745311
768,884,116,0.116,0.03279534667171538
804,902,98,0.098,0.03295133911818266
758,879,121,0.121,0.03243834038451314
800,900,100,0.1,0.03249179868772626
786,893,107,0.107,0.03250171546265483
776,888,112,0.112,0.03244717839360237
738,869,131,0.131,0.03202787304483354
760,880,120,0.12,0.032256772387772796
742,871,129,0.129,0.031845744656398896
756,878,122,0.122,0.03256320966221392
750,875,125,0.125,0.032376271110028026
780,890,110,0.11,0.032576804511249065
768,884,116,0.116,0.03178785079903901
744,872,128,0.128,0.03175214141793549
778,889,111,0.111,0.03147456557676196
746,873,127,0.127,0.03201220128685236
808,904,96,0.096,0.03217310773395002
764,882,118,0.118,0.032602849008515476
754,877,123,0.123,0.0319651891309768
736,868,132,0.132,0.03198188106156886
754,877,123,0.123,0.03189742128364742
748,874,126,0.126,0.0322275254689157
758,879,121,0.121,0.03252905759215355
732,866,134,0.134,0.03252912675775588
768,884,116,0.116,0.03364462712779641
782,891,109,0.109,0.032937548818066716
676,838,162,0.162,0.03353252137452364
818,909,91,0.091,0.03422451062500477
788,894,106,0.106,0.033705697648227215
802,901,99,0.099,0.033818150017410516
764,882,118,0.118,0.034007514616474506
800,900,100,0.1,0.03403424695320428
812,906,94,0.094,0.03378976956754923
784,892,108,0.108,0.033332772716879844
784,892,108,0.108,0.034038777939975264
778,889,111,0.111,0.03323435525223613
810,905,95,0.095,0.03314358739554882
738,869,131,0.131,0.03287451022490859
724,862,138,0.138,0.032223163271322845
712,856,144,0.144,0.032245304914191364
792,896,104,0.104,0.033450616143643856
728,864,136,0.136,0.03281821445934475
748,874,126,0.126,0.03295342469960451
752,876,124,0.124,0.033664154917001726
788,894,106,0.106,0.032676172012463214
860,930,70,0.07,0.03354349802434444
780,890,110,0.11,0.032548396311700346
788,894,106,0.106,0.03320710266381502
752,876,124,0.124,0.03271608424931765
770,885,115,0.115,0.032772420722991226
784,892,108,0.108,0.0323541372474283
790,895,105,0.105,0.032334645330905916
822,911,89,0.089,0.032163631243631245
764,882,118,0.118,0.03271061707288027
736,868,132,0.132,0.03293381618708372
794,897,103,0.103,0.032031261153519154
744,872,128,0.128,0.032291348580271
666,833,167,0.167,0.031925738582387564
724,862,138,0.138,0.0334366273060441
786,893,107,0.107,0.03272734331153333
784,892,108,0.108,0.0321645006686449
836,918,82,0.082,0.03279949354752898
792,896,104,0.104,0.033436156772077084
698,849,151,0.151,0.032853742251172664
732,866,134,0.134,0.03304688059911132
786,893,107,0.107,0.03277870870567858
730,865,135,0.135,0.032447225116193294
744,872,128,0.128,0.033199628092348575
748,874,126,0.126,0.03300851273536682
774,887,113,0.113,0.03327206206694246
784,892,108,0.108,0.03239702805131674
740,870,130,0.13,0.033208579828962685
698,849,151,0.151,0.033405949806794524
760,880,120,0.12,0.03326144634746015
754,877,123,0.123,0.033243569666519764
796,898,102,0.102,0.033587065992876884
732,866,134,0.134,0.03351540473662317
816,908,92,0.092,0.03408281353861094
818,909,91,0.091,0.03363912069797516
744,872,128,0.128,0.03328288636915386
790,895,105,0.105,0.03341939891315997
766,883,117,0.117,0.03323808377981186
742,871,129,0.129,0.032198963398113845
778,889,111,0.111,0.032884155474603174
724,862,138,0.138,0.03333205731213093
766,883,117,0.117,0.03237408367730677
794,897,103,0.103,0.033284543877467515
722,861,139,0.139,0.03254685127548874
766,883,117,0.117,0.03360433011688292
722,861,139,0.139,0.032309339441359046
734,867,133,0.133,0.03324104151688516
750,875,125,0.125,0.03340860540606082
762,881,119,0.119,0.03348302935436368
736,868,132,0.132,0.033332829149439934
802,901,99,0.099,0.034269153732806444
794,897,103,0.103,0.034186536552384496
766,883,117,0.117,0.03402296055853367
798,899,101,0.101,0.03412727667018771
826,913,87,0.087,0.03441616120561957
762,881,119,0.119,0.03429319922067225
752,876,124,0.124,0.03328315983898938
730,865,135,0.135,0.03334387470409274
682,841,159,0.159,0.03386152872815728
752,876,124,0.124,0.033582343600690366
712,856,144,0.144,0.034124625757336616
738,869,131,0.131,0.033690683433786034
734,867,133,0.133,0.03378368192911148
820,910,90,0.09,0.03400361778773368
796,898,102,0.102,0.03428563432581723
732,866,134,0.134,0.03508032641373575
724,862,138,0.138,0.034439538503065706
772,886,114,0.114,0.034708750588819386
846,923,77,0.077,0.03474577226303518
766,883,117,0.117,0.034815154192969204
776,888,112,0.112,0.03424440399929881
742,871,129,0.129,0.03457329311408103
754,877,123,0.123,0.03350461585819721
766,883,117,0.117,0.03450073381885886
706,853,147,0.147,0.03392607779055834
770,885,115,0.115,0.034608838740736246
756,878,122,0.122,0.034611552393063905
838,919,81,0.081,0.0345218100361526
730,865,135,0.135,0.034663709757849576
764,882,118,0.118,0.034261543998494744
728,864,136,0.136,0.03396931295096874
788,894,106,0.106,0.03480108169838786
768,884,116,0.116,0.03400571211613715
698,849,151,0.151,0.0339434484988451
798,899,101,0.101,0.03507739830762148
754,877,123,0.123,0.03423231061547995
710,855,145,0.145,0.03414676225371659
758,879,121,0.121,0.03477132627181709
742,871,129,0.129,0.03463618570938706
756,878,122,0.122,0.03468708537705242
824,912,88,0.088,0.0341542989872396
750,875,125,0.125,0.03533769074082375
812,906,94,0.094,0.03430780698172748
812,906,94,0.094,0.03511818977259099
714,857,143,0.143,0.03382969514280558
816,908,92,0.092,0.03453922439366579
760,880,120,0.12,0.03393495045974851
732,866,134,0.134,0.03404842701368034
724,862,138,0.138,0.03473186996020377
764,882,118,0.118,0.03398551609553397
754,877,123,0.123,0.035136695962399246
714,857,143,0.143,0.03535082916170359
812,906,94,0.094,0.03539869885146618
782,891,109,0.109,0.03458746519684792
706,853,147,0.147,0.034841959035024045
706,853,147,0.147,0.03430212960578501
750,875,125,0.125,0.03553478052839637
734,867,133,0.133,0.03450549156777561
784,892,108,0.108,0.03551085624657571
772,886,114,0.114,0.035809549011290076
788,894,106,0.106,0.03506335892900825
724,862,138,0.138,0.034219784189015626
752,876,124,0.124,0.03425353418663144
792,896,104,0.104,0.034888203272596
696,848,152,0.152,0.03504668090678752
780,890,110,0.11,0.03501785714365542
788,894,106,0.106,0.034677878327667715
794,897,103,0.103,0.03460305717587471
762,881,119,0.119,0.034710095265880224
786,893,107,0.107,0.03413071613013744
770,885,115,0.115,0.035140561304986474
784,892,108,0.108,0.034306329099461436
766,883,117,0.117,0.03396779984049499
772,886,114,0.114,0.03375870243273676
798,899,101,0.101,0.034912441534921526
774,887,113,0.113,0.03366065260209143
734,867,133,0.133,0.03360577647201717
774,887,113,0.113,0.033188802871853114
806,903,97,0.097,0.03308123442903161
752,876,124,0.124,0.032833300257101655
822,911,89,0.089,0.03325969247147441
720,860,140,0.14,0.03242940234392881
796,898,102,0.102,0.033040433241054414
812,906,94,0.094,0.03249921185337007
868,934,66,0.066,0.03274715208820999
802,901,99,0.099,0.03118697134964168
792,896,104,0.104,0.032173323733732107
794,897,103,0.103,0.030374565441161395
778,889,111,0.111,0.03109539726935327
736,868,132,0.132,0.030508268101140858
806,903,97,0.097,0.030587851975113153
782,891,109,0.109,0.0296638292465359
730,865,135,0.135,0.03027836569212377
704,852,148,0.148,0.03017624886520207
810,905,95,0.095,0.030032921789214014
712,856,144,0.144,0.03052069090306759
760,880,120,0.12,0.03066110169701278
764,882,118,0.118,0.031183266350999474
804,902,98,0.098,0.031267186857759956
770,885,115,0.115,0.031099429411813616
718,859,141,0.141,0.03183370537869632
782,891,109,0.109,0.03220665031298995
726,863,137,0.137,0.031712617345154286
740,870,130,0.13,0.03278236034885049
730,865,135,0.135,0.0322054970599711
778,889,111,0.111,0.03340368616208434
768,884,116,0.116,0.033740045784041287
850,925,75,0.075,0.032832108033820986
760,880,120,0.12,0.03241658525913954
764,882,118,0.118,0.03272469211556017
734,867,133,0.133,0.033566717360168696
748,874,126,0.126,0.03323225024528802
790,895,105,0.105,0.03299245452880859
770,885,115,0.115,0.03269213056750596
776,888,112,0.112,0.033410512920469045
782,891,109,0.109,0.03275062277168035
768,884,116,0.116,0.0340356437060982
792,896,104,0.104,0.03256135113351047
732,866,134,0.134,0.033795334599912165
812,906,94,0.094,0.033253214484080675
746,873,127,0.127,0.03283995836786926
770,885,115,0.115,0.03313153933919966
760,880,120,0.12,0.032898120161145926
820,910,90,0.09,0.033328309338539835
750,875,125,0.125,0.032419874504208565
778,889,111,0.111,0.03332553037069738
744,872,128,0.128,0.03342784740589559
792,896,104,0.104,0.03405362858250737
738,869,131,0.131,0.03328896421194077
766,883,117,0.117,0.03304191490076482
794,897,103,0.103,0.03299539752304554
808,904,96,0.096,0.03327346609905362
746,873,127,0.127,0.033389005376026036
792,896,104,0.104,0.033127128668129446
750,875,125,0.125,0.032869384994730355
816,908,92,0.092,0.03325633680820465
752,876,124,0.124,0.0330902158152312
762,881,119,0.119,0.032788264265283945
802,901,99,0.099,0.03324080036580562
848,924,76,0.076,0.032308632571250204
788,894,106,0.106,0.03244957578927279
804,902,98,0.098,0.031936786798760296
822,911,89,0.089,0.032950170353055
806,903,97,0.097,0.032087280390784144
764,882,118,0.118,0.03190107525885105
756,878,122,0.122,0.031183927599340678
792,896,104,0.104,0.031171328166499732
770,885,115,0.115,0.03106763826869428
778,889,111,0.111,0.031564600463956594
782,891,109,0.109,0.031014792447909712
816,908,92,0.092,0.031166967863216995
730,865,135,0.135,0.03024060758948326
802,901,99,0.099,0.030944854576140643
784,892,108,0.108,0.030329879926517606
788,894,106,0.106,0.030822028873488307
740,870,130,0.13,0.030379941022023557
708,854,146,0.146,0.030921689555048943
754,877,123,0.123,0.031207298148423435
758,879,121,0.121,0.031229155899956822
720,860,140,0.14,0.03088288917951286
790,895,105,0.105,0.031396805323660376
816,908,92,0.092,0.03163826865702867
728,864,136,0.136,0.031430979516357184
752,876,124,0.124,0.03219480047374964
782,891,109,0.109,0.03302445449307561
736,868,132,0.132,0.03266966389678418
792,896,104,0.104,0.03311207076907158
762,881,119,0.119,0.0331525238789618
748,874,126,0.126,0.033045176453888415
776,888,112,0.112,0.034082187755033376
740,870,130,0.13,0.03417031742073596
804,902,98,0.098,0.03388681969419122
774,887,113,0.113,0.03420615340396762
808,904,96,0.096,0.0341367384493351
742,871,129,0.129,0.03369327303022146
812,906,94,0.094,0.033251613553613425
720,860,140,0.14,0.03301207424513996
736,868,132,0.132,0.03376921984739602
754,877,123,0.123,0.03304600836522877
668,834,166,0.166,0.034199047734960915
746,873,127,0.127,0.03385597029700875
792,896,104,0.104,0.033661687415093185
760,880,120,0.12,0.034098029227927325
750,875,125,0.125,0.033874826623126866
826,913,87,0.087,0.03433318194188178
754,877,123,0.123,0.03355410380288958
706,853,147,0.147,0.03400846699625254
730,865,135,0.135,0.032952472779899836
736,868,132,0.132,0.03462053079530597
770,885,115,0.115,0.03390153587050736
746,873,127,0.127,0.034876861000433565
778,889,111,0.111,0.03452944619767368
770,885,115,0.115,0.034475155098363755
776,888,112,0.112,0.03462704081460834
766,883,117,0.117,0.03409950323402881
724,862,138,0.138,0.03411009800247848
728,864,136,0.136,0.03439649173803627
738,869,131,0.131,0.03408163870871067
766,883,117,0.117,0.03464464489743114
750,875,125,0.125,0.03483530247397721
794,897,103,0.103,0.033349152486771345
704,852,148,0.148,0.03347914524935186
748,874,126,0.126,0.03367305785790086
760,880,120,0.12,0.03428020543605089
822,911,89,0.089,0.034151340255513786
846,923,77,0.077,0.033686819292604926
730,865,135,0.135,0.033834488971158865
716,858,142,0.142,0.03442915203981101
780,890,110,0.11,0.0341263171043247
748,874,126,0.126,0.03408090611733496
710,855,145,0.145,0.03468865241296589
772,886,114,0.114,0.03327608884312212
804,902,98,0.098,0.034814967462792994
742,871,129,0.129,0.03341708461567759
754,877,123,0.123,0.034084341244772075
790,895,105,0.105,0.03450386617332697
842,921,79,0.079,0.033933484058827165
784,892,108,0.108,0.03470917153172195
778,889,111,0.111,0.03446748525649309
758,879,121,0.121,0.033766133988276124
798,899,101,0.101,0.03456182526424527
788,894,106,0.106,0.033814501641318204
728,864,136,0.136,0.03378371888026595
738,869,131,0.131,0.03293964577279985
722,861,139,0.139,0.03422264783270657
790,895,105,0.105,0.03371059240959585
798,899,101,0.101,0.03383683967217803
776,888,112,0.112,0.03379811826720834
788,894,106,0.106,0.033086380003020166
762,881,119,0.119,0.03302575663663447
782,891,109,0.109,0.033575652653351426
710,855,145,0.145,0.032943942485377194
720,860,140,0.14,0.033096104031428694
778,889,111,0.111,0.03295941254869104
782,891,109,0.109,0.0340101842135191
748,874,126,0.126,0.03328250977024436
712,856,144,0.144,0.03308676706627011
824,912,88,0.088,0.033969833912327885
686,843,157,0.157,0.033984262112528085
822,911,89,0.089,0.034638810386881234
812,906,94,0.094,0.0344998327717185
820,910,90,0.09,0.03493141951225698
754,877,123,0.123,0.034134444590657946
762,881,119,0.119,0.03416044829040766
746,873,127,0.127,0.0341837738584727
732,866,134,0.134,0.03430972032621503
822,911,89,0.089,0.03401794612593949
778,889,111,0.111,0.03326140812039375
782,891,109,0.109,0.033282137867063286
718,859,141,0.141,0.03304853879474103
736,868,132,0.132,0.03343011513724923
718,859,141,0.141,0.033369715144857766
792,896,104,0.104,0.033722620086744426
730,865,135,0.135,0.03369185102730989
764,882,118,0.118,0.034409689785912634
768,884,116,0.116,0.033997532539069654
750,875,125,0.125,0.03357472379691899
756,878,122,0.122,0.033824433464556936
792,896,104,0.104,0.03452886030450463
784,892,108,0.108,0.03424244030378759
758,879,121,0.121,0.0342726831920445
718,859,141,0.141,0.033975118968635795
774,887,113,0.113,0.03390363279357553
742,871,129,0.129,0.033607540681958196
786,893,107,0.107,0.03382456842251122
772,886,114,0.114,0.03497247825562954
756,878,122,0.122,0.034929591476917266
720,860,140,0.14,0.034780171750113366
764,882,118,0.118,0.03445076526887715
750,875,125,0.125,0.0344961174800992
742,871,129,0.129,0.034699014451354745
730,865,135,0.135,0.035672464890405535
774,887,113,0.113,0.03526192922890186
768,884,116,0.116,0.035960106519982216
734,867,133,0.133,0.03561504750326276
790,895,105,0.105,0.036218569507822394
754,877,123,0.123,0.036536913715302946
810,905,95,0.095,0.035941534413024785
762,881,119,0.119,0.03581112514808774
774,887,113,0.113,0.03500715078599751
754,877,123,0.123,0.03515116338059306
760,880,120,0.12,0.03459367518313229
728,864,136,0.136,0.03462728114426136
750,875,125,0.125,0.03455238378047943
756,878,122,0.122,0.035095546090975406
770,885,115,0.115,0.03543458250164986
786,893,107,0.107,0.034897289564833046
804,902,98,0.098,0.03481810873933137
684,842,158,0.158,0.03520457896962762
766,883,117,0.117,0.035545731447637084
764,882,118,0.118,0.03487568670138717
642,821,179,0.179,0.035801868246868256
772,886,114,0.114,0.034632458727806806
766,883,117,0.117,0.03490330643206835
810,905,95,0.095,0.03537530533783138
750,875,125,0.125,0.0347751008849591
792,896,104,0.104,0.03448082108981907
680,840,160,0.16,0.03544248963333666
802,901,99,0.099,0.034313631504774095
740,870,130,0.13,0.03528517051972449
726,863,137,0.137,0.03550417956523597
794,897,103,0.103,0.03529808606952429
778,889,111,0.111,0.0349899036269635
776,888,112,0.112,0.035397727373987435
754,877,123,0.123,0.035152952682226894
758,879,121,0.121,0.03411803768947721
702,851,149,0.149,0.034928063690662384
798,899,101,0.101,0.03528819827362895
740,870,130,0.13,0.03506808753311634
798,899,101,0.101,0.03579342217743397
756,878,122,0.122,0.03560856901295483
744,872,128,0.128,0.034495332412421705
704,852,148,0.148,0.0353097311295569
810,905,95,0.095,0.03583347631245851
748,874,126,0.126,0.03522047074139118
754,877,123,0.123,0.03486029942706227
754,877,123,0.123,0.03579910578764975
678,839,161,0.161,0.03508913617953658
792,896,104,0.104,0.03574288979358971
778,889,111,0.111,0.0368052316904068
736,868,132,0.132,0.03567779982089996
794,897,103,0.103,0.03531971267610788
710,855,145,0.145,0.03510894508101046
790,895,105,0.105,0.03567103214561939
772,886,114,0.114,0.03587692950293422
796,898,102,0.102,0.03579223428107798
782,891,109,0.109,0.03541492110863328
762,881,119,0.119,0.035113033706322315
788,894,106,0.106,0.036122095098719
816,908,92,0.092,0.035990681443363426
812,906,94,0.094,0.0347690751645714
720,860,140,0.14,0.03542648168280721
780,890,110,0.11,0.034872671529650685
770,885,115,0.115,0.03437468950264156
784,892,108,0.108,0.034098285667598247
740,870,130,0.13,0.03377538819238544
716,858,142,0.142,0.03337490721419454
736,868,132,0.132,0.03344619470089674
762,881,119,0.119,0.03383629186078906
760,880,120,0.12,0.03350358169339597
832,916,84,0.084,0.033986997546628116
734,867,133,0.133,0.03370182474888861
802,901,99,0.099,0.03467746708728373
790,895,105,0.105,0.033988213796168565
752,876,124,0.124,0.033351504348218444
712,856,144,0.144,0.0343608054947108
792,896,104,0.104,0.034251299675554035
772,886,114,0.114,0.03477370760403573
764,882,118,0.118,0.0344955503642559
788,894,106,0.106,0.03400713712908328
774,887,113,0.113,0.0338631198592484
804,902,98,0.098,0.03317935599572957
770,885,115,0.115,0.0336060788333416
756,878,122,0.122,0.033332140555605294
712,856,144,0.144,0.03324472404457629
734,867,133,0.133,0.03265934037417174
804,902,98,0.098,0.03253353122249246
758,879,121,0.121,0.03250331362709403
748,874,126,0.126,0.03295407894253731
806,903,97,0.097,0.0331398565005511
692,846,154,0.154,0.03398627577535808
694,847,153,0.153,0.033273205446079375
718,859,141,0.141,0.03372141876630485
778,889,111,0.111,0.03397695862315595
706,853,147,0.147,0.034157569356262685
782,891,109,0.109,0.03459500203467906
738,869,131,0.131,0.033999808598309755
730,865,135,0.135,0.034104814758524296
760,880,120,0.12,0.03522042644396424
746,873,127,0.127,0.03533688466064632
756,878,122,0.122,0.03486021213978529
768,884,116,0.116,0.03508145756460726
790,895,105,0.105,0.03581228960119188
676,838,162,0.162,0.03486504410766065
796,898,102,0.102,0.035373913602903484
778,889,111,0.111,0.03533879421465099
724,862,138,0.138,0.03491748635470867
788,894,106,0.106,0.03441914619132876
848,924,76,0.076,0.03590083916671574
754,877,123,0.123,0.03535371637158096
720,860,140,0.14,0.0351046807654202
800,900,100,0.1,0.034595175428316
734,867,133,0.133,0.03425176463276148
780,890,110,0.11,0.03447646956704557
828,914,86,0.086,0.033746476978063586
738,869,131,0.131,0.03377316351793706
792,896,104,0.104,0.033468562439084054
730,865,135,0.135,0.033583544701337814
728,864,136,0.136,0.03318234093673527
822,911,89,0.089,0.03340849333815277
806,903,97,0.097,0.033036545639857647
800,900,100,0.1,0.03249107752554119
784,892,108,0.108,0.03169068469107151
758,879,121,0.121,0.03152298010140658
798,899,101,0.101,0.031239109817892314
692,846,154,0.154,0.03119325357116759
798,899,101,0.101,0.031352643372491
734,867,133,0.133,0.031580419661477205
730,865,135,0.135,0.031028827058151364
700,850,150,0.15,0.03190012617222965
744,872,128,0.128,0.030557991420850156
772,886,114,0.114,0.0320346324685961
736,868,132,0.132,0.03189549434371292
738,869,131,0.131,0.0314732098672539
786,893,107,0.107,0.03239185365475714
754,877,123,0.123,0.03263768163882196
788,894,106,0.106,0.03241345514915884
738,869,131,0.131,0.03243435068242252
752,876,124,0.124,0.03250345970876515
760,880,120,0.12,0.03136533434316516
734,867,133,0.133,0.032163706919178366
766,883,117,0.117,0.03229950107075274
782,891,109,0.109,0.0325122086443007
726,863,137,0.137,0.03205481294728815
768,884,116,0.116,0.03245274098217487
766,883,117,0.117,0.03225847671180963
748,874,126,0.126,0.032746822766959664
802,901,99,0.099,0.03215039937570691
786,893,107,0.107,0.03244532820396125
748,874,126,0.126,0.032821886248886586
748,874,126,0.126,0.032543810429051516
756,878,122,0.122,0.031930695930495856
802,901,99,0.099,0.03154898480139673
762,881,119,0.119,0.031983140038326384
864,932,68,0.068,0.031007507406175135
760,880,120,0.12,0.03080537287890911
754,877,123,0.123,0.030365550784394145
702,851,149,0.149,0.030898020336404444
744,872,128,0.128,0.030952893618494272
788,894,106,0.106,0.03068293033912778
800,900,100,0.1,0.03029509437084198
768,884,116,0.116,0.030407388512045146
806,903,97,0.097,0.03023060877621174
820,910,90,0.09,0.03070954635925591
790,895,105,0.105,0.030295679287984968
732,866,134,0.134,0.029145853059366345
744,872,128,0.128,0.02960133296623826
720,860,140,0.14,0.028629973450675607
772,886,114,0.114,0.02916088069230318
814,907,93,0.093,0.028956297405064106
756,878,122,0.122,0.028799649711698294
732,866,134,0.134,0.02897634115256369
716,858,142,0.142,0.028964639140293003
758,879,121,0.121,0.029737752048298715
804,902,98,0.098,0.029357502253726124
802,901,99,0.099,0.030006897401064634
764,882,118,0.118,0.029193821761757135
822,911,89,0.089,0.02921365541219711
752,876,124,0.124,0.029703716773539782
778,889,111,0.111,0.02940021781437099
710,855,145,0.145,0.028664022587239744
800,900,100,0.1,0.029099811270833015
782,891,109,0.109,0.029334352040663363
824,912,88,0.088,0.029526748448610307
756,878,122,0.122,0.028997691174969076
722,861,139,0.139,0.02889022930338979
804,902,98,0.098,0.028890954775735736
742,871,129,0.129,0.028745083663612604
802,901,99,0.099,0.029158416554331778
724,862,138,0.138,0.027955877577885986
810,905,95,0.095,0.028993438336998224
792,896,104,0.104,0.028141942750662566
774,887,113,0.113,0.0288877702858299
766,883,117,0.117,0.02958610030077398
770,885,115,0.115,0.029116653924807907
744,872,128,0.128,0.0287200775668025
784,892,108,0.108,0.028506733356043697
840,920,80,0.08,0.028917420014739036
758,879,121,0.121,0.028646456960588693
756,878,122,0.122,0.028928370734676717
774,887,113,0.113,0.02859413124062121
764,882,118,0.118,0.028394882056862115
778,889,111,0.111,0.029354225194081665
712,856,144,0.144,0.028353835156187415
792,896,104,0.104,0.028359396982938052
838,919,81,0.081,0.028455802027136087
764,882,118,0.118,0.02868983968347311
772,886,114,0.114,0.027610297920182346
796,898,102,0.102,0.02816461617127061
716,858,142,0.142,0.027507130412384867
818,909,91,0.091,0.02736669634655118
760,880,120,0.12,0.02782417991012335
808,904,96,0.096,0.027084336418658494
760,880,120,0.12,0.02794205030053854
782,891,109,0.109,0.027585657477378844
750,875,125,0.125,0.028426475647836923
732,866,134,0.134,0.027948332831263543
746,873,127,0.127,0.028164308272302152
722,861,139,0.139,0.027928548716008663
780,890,110,0.11,0.029062397681176664
766,883,117,0.117,0.02932016871124506
778,889,111,0.111,0.028915251517668366
796,898,102,0.102,0.02912556755915284
904,952,48,0.048,0.029277717154473068
802,901,99,0.099,0.029544129859656095
746,873,127,0.127,0.02854414713382721
656,828,172,0.172,0.02889147930778563
844,922,78,0.078,0.028707117047160863
724,862,138,0.138,0.028401233188807964
756,878,122,0.122,0.028582802629098295
772,886,114,0.114,0.02890599600225687
794,897,103,0.103,0.028489302512258292
778,889,111,0.111,0.02770542092435062
776,888,112,0.112,0.028171211281791328
702,851,149,0.149,0.027949214950203895
762,881,119,0.119,0.029081633357331157
730,865,135,0.135,0.028435195131227373
790,895,105,0.105,0.028877406613901258
730,865,135,0.135,0.029380912728607655
752,876,124,0.124,0.029831452367827298
762,881,119,0.119,0.029854280484840272
766,883,117,0.117,0.02959299756400287
794,897,103,0.103,0.03014249074086547
774,887,113,0.113,0.029846092469990253
762,881,119,0.119,0.02955497834458947
774,887,113,0.113,0.0295388656090945
792,896,104,0.104,0.030136270528659224
776,888,112,0.112,0.030087546737864613
678,839,161,0.161,0.03031023614294827
718,859,141,0.141,0.02899998264759779
784,892,108,0.108,0.030074246771633624
730,865,135,0.135,0.030433956073597074
706,853,147,0.147,0.02957493733242154
760,880,120,0.12,0.03013080401532352
794,897,103,0.103,0.030205127578228713
742,871,129,0.129,0.03061967171356082
734,867,133,0.133,0.030474418800324202
754,877,123,0.123,0.03099813585355878
806,903,97,0.097,0.03056081686541438
788,894,106,0.106,0.030197432359680535
734,867,133,0.133,0.030801993876695632
792,896,104,0.104,0.03042810652963817
732,866,134,0.134,0.03028448821604252
690,845,155,0.155,0.030658252358436583
794,897,103,0.103,0.030622607180848718
776,888,112,0.112,0.03033778797648847
772,886,114,0.114,0.029999015094712377
760,880,120,0.12,0.03073816635645926
760,880,120,0.12,0.02985591218434274
716,858,142,0.142,0.03145097539760172
774,887,113,0.113,0.030977788239717485
800,900,100,0.1,0.03063270174153149
730,865,135,0.135,0.030509367510676386
794,897,103,0.103,0.031301390703767536
730,865,135,0.135,0.031099915804341436
776,888,112,0.112,0.030291658364236355
736,868,132,0.132,0.03084180014580488
796,898,102,0.102,0.030896734569221734
786,893,107,0.107,0.030249234853312372
768,884,116,0.116,0.030660116314888
664,832,168,0.168,0.030138513278216122
752,876,124,0.124,0.03065215291082859
746,873,127,0.127,0.030504049498587846
732,866,134,0.134,0.030251397760584952
744,872,128,0.128,0.031133739231154322
758,879,121,0.121,0.030723319672048093
742,871,129,0.129,0.03176050370559096
732,866,134,0.134,0.031524565979838375
852,926,74,0.074,0.031426094027236104
704,852,148,0.148,0.03133369430154562
754,877,123,0.123,0.03139187488332391
746,873,127,0.127,0.03226114298030734
768,884,116,0.116,0.032128343645483254
754,877,123,0.123,0.03190815675072372
800,900,100,0.1,0.0328142537008971
714,857,143,0.143,0.031402595272287726
742,871,129,0.129,0.031166892638429998
802,901,99,0.099,0.031509811105206606
742,871,129,0.129,0.03102583535388112
738,869,131,0.131,0.031168318431824445
762,881,119,0.119,0.032015536040067676
808,904,96,0.096,0.03149278397485614
750,875,125,0.125,0.03157856352813542
764,882,118,0.118,0.03225282119959593
746,873,127,0.127,0.03135623227246106
742,871,129,0.129,0.03171059918403626
794,897,103,0.103,0.032158131385222076
756,878,122,0.122,0.03114008062146604
776,888,112,0.112,0.03206465077959001
798,899,101,0.101,0.03077780350111425
674,837,163,0.163,0.031265859577804804
766,883,117,0.117,0.03168940391764045
730,865,135,0.135,0.03117407543025911
796,898,102,0.102,0.031138712091371416
754,877,123,0.123,0.03119436935707927
730,865,135,0.135,0.031163939401507378
820,910,90,0.09,0.03102674669586122
746,873,127,0.127,0.030660476313903926
746,873,127,0.127,0.03027833381295204
778,889,111,0.111,0.030901581559330225
788,894,106,0.106,0.030440086165443064
780,890,110,0.11,0.03055347663909197
760,880,120,0.12,0.03041132481396198
730,865,135,0.135,0.031016301717609166
662,831,169,0.169,0.03034696539491415
778,889,111,0.111,0.030763458304107188
754,877,123,0.123,0.030975620610639455
756,878,122,0.122,0.031083301780745386
754,877,123,0.123,0.031135350663214923
796,898,102,0.102,0.031437027614563705
786,893,107,0.107,0.031641935784369704
756,878,122,0.122,0.031201373547315597
748,874,126,0.126,0.03129020265676081
754,877,123,0.123,0.030605082804337144
720,860,140,0.14,0.031186983566731215
786,893,107,0.107,0.03131136537902057
722,861,139,0.139,0.03203955801948905
752,876,124,0.124,0.0313145836237818
732,866,134,0.134,0.03139909447170794
792,896,104,0.104,0.03175422499328852
736,868,132,0.132,0.03117067788913846
700,850,150,0.15,0.030791413979604842
788,894,106,0.106,0.03136527374759317
744,872,128,0.128,0.031223126066848635
746,873,127,0.127,0.03169391574896872
796,898,102,0.102,0.031529584735631944
728,864,136,0.136,0.031833092443645
764,882,118,0.118,0.032374583529308436
830,915,85,0.085,0.03182313466258347
838,919,81,0.081,0.031946644205600026
740,870,130,0.13,0.03128156362473965
746,873,127,0.127,0.03126181149855256
764,882,118,0.118,0.03074576782807708
780,890,110,0.11,0.03018270338885486
760,880,120,0.12,0.030767041109502315
762,881,119,0.119,0.03002514621429145
778,889,111,0.111,0.03021915115043521
738,869,131,0.131,0.029635655630379915
766,883,117,0.117,0.03036655898578465
720,860,140,0.14,0.029462045032531022
736,868,132,0.132,0.030445035722106696
758,879,121,0.121,0.030373785378411414
764,882,118,0.118,0.03070906081609428
776,888,112,0.112,0.030233546018600465
752,876,124,0.124,0.03046065949462354
744,872,128,0.128,0.03079690431058407
794,897,103,0.103,0.030968026857823135
756,878,122,0.122,0.030646160358563067
818,909,91,0.091,0.031431059615686534
730,865,135,0.135,0.030510050881654024
756,878,122,0.122,0.030518828684464098
744,872,128,0.128,0.030224812261760235
824,912,88,0.088,0.03070807366259396
804,902,98,0.098,0.02993843013048172
738,869,131,0.131,0.029703530112281443
772,886,114,0.114,0.02988842824473977
766,883,117,0.117,0.02954167949408293
764,882,118,0.118,0.029170017149299385
764,882,118,0.118,0.02886267089098692
738,869,131,0.131,0.028889798674732448
738,869,131,0.131,0.028071592716500164
746,873,127,0.127,0.027770959589630367
824,912,88,0.088,0.028877128494903447
696,848,152,0.152,0.02857938160933554
724,862,138,0.138,0.028876287080347538
744,872,128,0.128,0.028966816820204258
740,870,130,0.13,0.029113368580117822
794,897,103,0.103,0.028854405658319593
816,908,92,0.092,0.028662039447575807
856,928,72,0.072,0.0293755444008857
744,872,128,0.128,0.029248862816020845
822,911,89,0.089,0.0294414436314255
770,885,115,0.115,0.028099038254469633
714,857,143,0.143,0.028066821342334153
780,890,110,0.11,0.028861956549808384
730,865,135,0.135,0.02853768757916987
750,875,125,0.125,0.027964157788082956
746,873,127,0.127,0.027749396210536362
776,888,112,0.112,0.0271499168202281
748,874,126,0.126,0.02813860340975225
768,884,116,0.116,0.028268754741176964
758,879,121,0.121,0.027826346196234225
814,907,93,0.093,0.02800791177339852
794,897,103,0.103,0.027847004033625125
724,862,138,0.138,0.027788483049720526
792,896,104,0.104,0.02839288115873933
720,860,140,0.14,0.028079683454707266
758,879,121,0.121,0.027619623953476547
772,886,114,0.114,0.027356492379680276
758,879,121,0.121,0.027825968382880092
748,874,126,0.126,0.027114904657006264
794,897,103,0.103,0.027892634108662606
714,857,143,0.143,0.027861412201076748
806,903,97,0.097,0.027598272169008852
758,879,121,0.121,0.028243459075689314
766,883,117,0.117,0.02821499893255532
750,875,125,0.125,0.027217008443549275
776,888,112,0.112,0.02780603725463152
752,876,124,0.124,0.028030227104201912
680,840,160,0.16,0.028457124484702945
772,886,114,0.114,0.028056431049481034
780,890,110,0.11,0.02785871881246567
750,875,125,0.125,0.02822913225926459
806,903,97,0.097,0.028245338121429087
716,858,142,0.142,0.027833380863070488
782,891,109,0.109,0.028584030507132412
748,874,126,0.126,0.028659967018291353
820,910,90,0.09,0.02824909168854356
750,875,125,0.125,0.02880539828725159
812,906,94,0.094,0.028594935899600386
822,911,89,0.089,0.028887521939352154
728,864,136,0.136,0.028121474895626306
736,868,132,0.132,0.028571267472580077
842,921,79,0.079,0.028575068436563014
804,902,98,0.098,0.028925033450126647
758,879,121,0.121,0.028597797833383082
720,860,140,0.14,0.028273163609206675
822,911,89,0.089,0.02851727228052914
818,909,91,0.091,0.02877965936623514
798,899,101,0.101,0.02797581543214619
792,896,104,0.104,0.028483838791027664
746,873,127,0.127,0.02788876371830702
768,884,116,0.116,0.027724671179428697
716,858,142,0.142,0.02754921612329781
728,864,136,0.136,0.02730302907899022
772,886,114,0.114,0.027839274430647494
694,847,153,0.153,0.028188158836215733
778,889,111,0.111,0.028577224809676408
736,868,132,0.132,0.02938383050635457
766,883,117,0.117,0.02959555694460869
774,887,113,0.113,0.0299670317042619
748,874,126,0.126,0.03010391365364194
796,898,102,0.102,0.029951245637610556
742,871,129,0.129,0.0303705921638757
744,872,128,0.128,0.03028421405144036
776,888,112,0.112,0.031012481177225708
690,845,155,0.155,0.02986506744660437
712,856,144,0.144,0.030749536698684098
766,883,117,0.117,0.030817969521507622
728,864,136,0.136,0.03133738707378507
756,878,122,0.122,0.03096798413619399
722,861,139,0.139,0.031139364019036293
784,892,108,0.108,0.031533614093437794
776,888,112,0.112,0.031439286161214115
808,904,96,0.096,0.032769230365753174
762,881,119,0.119,0.03152132369764149
708,854,146,0.146,0.0321831481307745
796,898,102,0.102,0.03199317166209221
802,901,99,0.099,0.03126033918745816
766,883,117,0.117,0.031123639449477197
798,899,101,0.101,0.031531993065029386
794,897,103,0.103,0.031036065259948373
708,854,146,0.146,0.030812087289988993
814,907,93,0.093,0.03061346779577434
766,883,117,0.117,0.030766501024365425
762,881,119,0.119,0.029940903918817638
772,886,114,0.114,0.030739124368876217
758,879,121,0.121,0.03043402880243957
816,908,92,0.092,0.030228599702939393
782,891,109,0.109,0.029682683443650604
792,896,104,0.104,0.02906406910903752
778,889,111,0.111,0.028774681329727173
766,883,117,0.117,0.028690588299185037
734,867,133,0.133,0.02890475635230541
750,875,125,0.125,0.02831996294669807
766,883,117,0.117,0.02910409937798977
684,842,158,0.158,0.028421442246064545
758,879,121,0.121,0.028578299108892678
768,884,116,0.116,0.028766382582485674
776,888,112,0.112,0.028553633868694306
748,874,126,0.126,0.028254974896088244
742,871,129,0.129,0.028144723830744626
782,891,109,0.109,0.02794446444697678
764,882,118,0.118,0.028387690523639323
752,876,124,0.124,0.02819700818695128
796,898,102,0.102,0.02801404263265431
792,896,104,0.104,0.028041268287226556
710,855,145,0.145,0.028104727054014803
788,894,106,0.106,0.02838845094293356
678,839,161,0.161,0.027733498217538
750,875,125,0.125,0.028181594314053655
772,886,114,0.114,0.028751859895884992
762,881,119,0.119,0.02840009699203074
838,919,81,0.081,0.02862611891888082
732,866,134,0.134,0.028581489846110343
730,865,135,0.135,0.029070191845297813
782,891,109,0.109,0.028899914100766182
844,922,78,0.078,0.028493315218016506
790,895,105,0.105,0.028188294986262918
798,899,101,0.101,0.028426447238773106
772,886,114,0.114,0.027890358755365014
758,879,121,0.121,0.028067920733243226
762,881,119,0.119,0.028145182568579914
756,878,122,0.122,0.028026174150407316
774,887,113,0.113,0.028364246420562268
726,863,137,0.137,0.02784493253193796
810,905,95,0.095,0.02777968947775662
800,900,100,0.1,0.027257025238126516
818,909,91,0.091,0.02683637380413711
772,886,114,0.114,0.02775264091603458
796,898,102,0.102,0.02726822818443179
832,916,84,0.084,0.02766851207241416
758,879,121,0.121,0.027223148567602037
760,880,120,0.12,0.027507639670744537
764,882,118,0.118,0.026496706068515778
752,876,124,0.124,0.02685503428056836
786,893,107,0.107,0.02677726487442851
794,897,103,0.103,0.02737009592540562
756,878,122,0.122,0.027210750870406628
788,894,106,0.106,0.026892196785658597
774,887,113,0.113,0.026090258782729508
754,877,123,0.123,0.026460539277642966
790,895,105,0.105,0.026718147231265903
794,897,103,0.103,0.026471426855772733
800,900,100,0.1,0.02652790697477758
694,847,153,0.153,0.02672688030079007
770,885,115,0.115,0.026361670203506948
774,887,113,0.113,0.026463411159813405
714,857,143,0.143,0.027172591419890525
798,899,101,0.101,0.027032613128423692
814,907,93,0.093,0.026656857153400777
768,884,116,0.116,0.02709558092802763
744,872,128,0.128,0.027753211131319403
770,885,115,0.115,0.027575802445411683
778,889,111,0.111,0.027760169891640544
774,887,113,0.113,0.027571705842390656
784,892,108,0.108,0.02736432313360274
756,878,122,0.122,0.028133751450106503
708,854,146,0.146,0.027796693647280334
724,862,138,0.138,0.028940681118518115
784,892,108,0.108,0.028099465534090994
732,866,134,0.134,0.028313748275861143
726,863,137,0.137,0.02875181439332664
754,877,123,0.123,0.029107026958838104
750,875,125,0.125,0.02906232343800366
820,910,90,0.09,0.028681834552437068
750,875,125,0.125,0.02870150807313621
746,873,127,0.127,0.028712948666885497
814,907,93,0.093,0.028833403933793307
706,853,147,0.147,0.02898011720366776
828,914,86,0.086,0.029183068607002496
746,873,127,0.127,0.0291573588270694
746,873,127,0.127,0.028555696615949273
762,881,119,0.119,0.028814893748611212
826,913,87,0.087,0.028732373842969536
770,885,115,0.115,0.02890070892125368
760,880,120,0.12,0.02922328470647335
766,883,117,0.117,0.02863982037268579
776,888,112,0.112,0.028891988126561047
772,886,114,0.114,0.02926892432011664
792,896,104,0.104,0.028811769537627697
718,859,141,0.141,0.028528870780020952
804,902,98,0.098,0.02785900404304266
706,853,147,0.147,0.028768859492614866
718,859,141,0.141,0.028971035979688167
750,875,125,0.125,0.028559822930023075
742,871,129,0.129,0.029398813139647244
724,862,138,0.138,0.02870203854702413
704,852,148,0.148,0.028785271564498543
762,881,119,0.119,0.02911881819367409
710,855,145,0.145,0.029617795696482062
728,864,136,0.136,0.0295028629489243
754,877,123,0.123,0.029867552088573574
780,890,110,0.11,0.0297167296577245
774,887,113,0.113,0.030437639513984323
794,897,103,0.103,0.02964292639493942
752,876,124,0.124,0.030037753481417896
746,873,127,0.127,0.02996482731960714
730,865,135,0.135,0.030015851829200982
718,859,141,0.141,0.030548125211149454
762,881,119,0.119,0.030288908263668417
776,888,112,0.112,0.03047177151963115
798,899,101,0.101,0.03015928202867508
752,876,124,0.124,0.029859919723123313
760,880,120,0.12,0.029593769462779165
744,872,128,0.128,0.029957725597545504
782,891,109,0.109,0.0291659913957119
764,882,118,0.118,0.030381897220388056
696,848,152,0.152,0.030028294866904618
772,886,114,0.114,0.029442386690527202
740,870,130,0.13,0.028950208738446236
750,875,125,0.125,0.029132558407261967
742,871,129,0.129,0.02868127173371613
728,864,136,0.136,0.02935976102389395
778,889,111,0.111,0.029700559200719
766,883,117,0.117,0.029833343585953118
692,846,154,0.154,0.028986136194318533
766,883,117,0.117,0.03006640202924609
728,864,136,0.136,0.030372696701437236
698,849,151,0.151,0.029952055647969246
728,864,136,0.136,0.030458576947450636
742,871,129,0.129,0.030910115255042912
756,878,122,0.122,0.030380760004743934
760,880,120,0.12,0.03027988521195948
752,876,124,0.124,0.030672941360622645
786,893,107,0.107,0.031230375638231635
718,859,141,0.141,0.03073051308840513
748,874,126,0.126,0.03060992923565209
798,899,101,0.101,0.03012439407967031
812,906,94,0.094,0.03015084112621844
730,865,135,0.135,0.031108973685652016
708,854,146,0.146,0.03012185425683856
710,855,145,0.145,0.02998983789049089
694,847,153,0.153,0.03039232403412461
800,900,100,0.1,0.03091748752258718
724,862,138,0.138,0.031234944177791477
800,900,100,0.1,0.03125265330635011
782,891,109,0.109,0.03134907591715455
728,864,136,0.136,0.03118925653770566
846,923,77,0.077,0.0315133716147393
784,892,108,0.108,0.030460377605631948
812,906,94,0.094,0.031217700397595763
834,917,83,0.083,0.03043476766347885
710,855,145,0.145,0.030156878434121608
794,897,103,0.103,0.029257123678922654
812,906,94,0.094,0.02974268158338964
784,892,108,0.108,0.02941073590144515
792,896,104,0.104,0.029174131479114292
722,861,139,0.139,0.028093132838606833
760,880,120,0.12,0.028459231512621044
770,885,115,0.115,0.02721209686808288
758,879,121,0.121,0.028354539504274724
796,898,102,0.102,0.027297169299796222
804,902,98,0.098,0.028390470825135707
792,896,104,0.104,0.027144441252574324
812,906,94,0.094,0.028053606467321517
770,885,115,0.115,0.02778739414550364
780,890,110,0.11,0.027653995314612986
846,923,77,0.077,0.02735210910998285
754,877,123,0.123,0.02691062879189849
808,904,96,0.096,0.026715530367568137
802,901,99,0.099,0.02624573060311377
790,895,105,0.105,0.026231395779177547
746,873,127,0.127,0.027343368439003826
804,902,98,0.098,0.025751027474179865
768,884,116,0.116,0.026394481275230645
770,885,115,0.115,0.026138773357495666
772,886,114,0.114,0.02698653379827738
740,870,130,0.13,0.026175187679007648
778,889,111,0.111,0.026897957136854528
758,879,121,0.121,0.026636461788788438
776,888,112,0.112,0.02703918732702732
786,893,107,0.107,0.026388902068138122
798,899,101,0.101,0.026653949128463864
832,916,84,0.084,0.026955457579344512
758,879,121,0.121,0.0269491491895169
710,855,145,0.145,0.026311836581677198
800,900,100,0.1,0.027106939112767577
792,896,104,0.104,0.027166271122172476
822,911,89,0.089,0.026680342976003885
768,884,116,0.116,0.027033854119479655
716,858,142,0.142,0.02669686964340508
768,884,116,0.116,0.02690528784133494
788,894,106,0.106,0.027174840059131383
712,856,144,0.144,0.026534036161378026
740,870,130,0.13,0.02774598435126245
872,936,64,0.064,0.027009947996586563
830,915,85,0.085,0.027571723109111188
728,864,136,0.136,0.027138872023671864
736,868,132,0.132,0.027589737499132752
698,849,151,0.151,0.02697049199230969
818,909,91,0.091,0.027320061672478916
808,904,96,0.096,0.027138954309746624
810,905,95,0.095,0.028039443425834178
756,878,122,0.122,0.027337471030652524
780,890,110,0.11,0.027710178904235362
782,891,109,0.109,0.027746037997305392
758,879,121,0.121,0.02709069704450667
730,865,135,0.135,0.027395504048094155
718,859,141,0.141,0.02783138579316437
824,912,88,0.088,0.028203499831259252
744,872,128,0.128,0.027417346026748418
788,894,106,0.106,0.02807670136541128
740,870,130,0.13,0.02789566440694034
778,889,111,0.111,0.027935042729601265
732,866,134,0.134,0.028209139505401253
726,863,137,0.137,0.02839703101478517
746,873,127,0.127,0.028563089476898312
856,928,72,0.072,0.029053840601816774
770,885,115,0.115,0.028594659347087145
782,891,109,0.109,0.027901168923825024
754,877,123,0.123,0.027496612204238772
778,889,111,0.111,0.028003747651353477
768,884,116,0.116,0.02818153443746269
792,896,104,0.104,0.027263524008914828
748,874,126,0.126,0.027719929287210107
804,902,98,0.098,0.028006264850497245
780,890,110,0.11,0.026955711895599963
766,883,117,0.117,0.027673439705744384
694,847,153,0.153,0.02746873327717185
758,879,121,0.121,0.02740879047475755
784,892,108,0.108,0.027060622034594417
688,844,156,0.156,0.027662036564201117
778,889,111,0.111,0.028560699129477143
756,878,122,0.122,0.028180480994284152
782,891,109,0.109,0.027918066523969172
730,865,135,0.135,0.029100826824083926
802,901,99,0.099,0.029132557533681394
738,869,131,0.131,0.02857728568650782
672,836,164,0.164,0.028928828349336983
798,899,101,0.101,0.03001340711861849
700,850,150,0.15,0.03010338955372572
726,863,137,0.137,0.02921789327263832
752,876,124,0.124,0.030545816715806723
746,873,127,0.127,0.029538951182737947
748,874,126,0.126,0.02947482533752918
740,870,130,0.13,0.03020720641128719
756,878,122,0.122,0.030498025314882396
774,887,113,0.113,0.030076016202569007
758,879,121,0.121,0.029850029280409217
828,914,86,0.086,0.030490614315494893
788,894,106,0.106,0.029835893729701638
770,885,115,0.115,0.02973385583423078
760,880,120,0.12,0.02996532209403813
748,874,126,0.126,0.029492725167423486
752,876,124,0.124,0.029146072592586277
756,878,122,0.122,0.0297869743257761
770,885,115,0.115,0.029844427177682518
790,895,105,0.105,0.028906684363260864
690,845,155,0.155,0.029613829061388968
746,873,127,0.127,0.02937341977842152
788,894,106,0.106,0.02901079276576638
804,902,98,0.098,0.03013050598092377
770,885,115,0.115,0.02907180198468268
776,888,112,0.112,0.029450436387211086
776,888,112,0.112,0.028793033769354225
786,893,107,0.107,0.029275591010227798
728,864,136,0.136,0.029070461152121425
812,906,94,0.094,0.02874842928349972
700,850,150,0.15,0.02851031209528446
784,892,108,0.108,0.028836227290332316
748,874,126,0.126,0.028207002559676765
800,900,100,0.1,0.028210546385496856
780,890,110,0.11,0.02816021875478327
804,902,98,0.098,0.028265962414443492
794,897,103,0.103,0.028230832204222678
698,849,151,0.151,0.0284692700188607
848,924,76,0.076,0.028315362012013793
760,880,120,0.12,0.028247747488319874
738,869,131,0.131,0.02848515606112778
792,896,104,0.104,0.028067283384501936
730,865,135,0.135,0.02822736792638898
732,866,134,0.134,0.02781240605190396
834,917,83,0.083,0.02767925308085978
708,854,146,0.146,0.027361473478376867
726,863,137,0.137,0.02767932090908289
772,886,114,0.114,0.027521639142185448
768,884,116,0.116,0.027691411329433323
736,868,132,0.132,0.027549402542412282
772,886,114,0.114,0.027766754280775786
766,883,117,0.117,0.027863325610756873
670,835,165,0.165,0.027812487222254278
758,879,121,0.121,0.0284474643394351
774,887,113,0.113,0.027925945088267325
792,896,104,0.104,0.028069096656516194
732,866,134,0.134,0.028460330601781606
802,901,99,0.099,0.028564115026965736
658,829,171,0.171,0.029151438850909473
800,900,100,0.1,0.02873578866571188
752,876,124,0.124,0.029264545356854795
722,861,139,0.139,0.02872323508001864
732,866,134,0.134,0.029171856814995407
790,895,105,0.105,0.02931452203541994
740,870,130,0.13,0.0292181019410491
784,892,108,0.108,0.029070896485820414
762,881,119,0.119,0.02834947239048779
796,898,102,0.102,0.029494941184297203
744,872,128,0.128,0.02897707049921155
736,868,132,0.132,0.02851872592419386
728,864,136,0.136,0.02845895140990615
776,888,112,0.112,0.028871358977630733
794,897,103,0.103,0.028141353279352188
778,889,111,0.111,0.028133389730006456
752,876,124,0.124,0.02783368430659175
724,862,138,0.138,0.02745252200216055
810,905,95,0.095,0.027808874636888505
770,885,115,0.115,0.027628693537786603
754,877,123,0.123,0.027391403026878834
818,909,91,0.091,0.027998200116679074
756,878,122,0.122,0.027632649790495633
728,864,136,0.136,0.028139674853533508
760,880,120,0.12,0.027964876748621463
846,923,77,0.077,0.027725563775748016
796,898,102,0.102,0.027734305523335934
786,893,107,0.107,0.027425930693745614
754,877,123,0.123,0.02786607639491558
768,884,116,0.116,0.02697265045158565
824,912,88,0.088,0.0273115977589041
772,886,114,0.114,0.02711509627662599
758,879,121,0.121,0.02667211824655533
768,884,116,0.116,0.026510374557226896
734,867,133,0.133,0.02643333820998669
724,862,138,0.138,0.026889400225132705
774,887,113,0.113,0.027560910359025
782,891,109,0.109,0.02636031010746956
730,865,135,0.135,0.026617536239326
720,860,140,0.14,0.02731895145960152
754,877,123,0.123,0.027326669313013554
774,887,113,0.113,0.026975397961214186
748,874,126,0.126,0.027303811410441994
786,893,107,0.107,0.02748075158894062
732,866,134,0.134,0.02673802199587226
762,881,119,0.119,0.027102268569171428
704,852,148,0.148,0.02784741795808077
762,881,119,0.119,0.02775688626803458
728,864,136,0.136,0.02736339282244444
734,867,133,0.133,0.02791062078624964
778,889,111,0.111,0.027890095774084328
774,887,113,0.113,0.02830164171010256
696,848,152,0.152,0.027987024435773493
806,903,97,0.097,0.02824933351948857
758,879,121,0.121,0.028082835398614406
790,895,105,0.105,0.027879486570134757
736,868,132,0.132,0.028271018037572503
718,859,141,0.141,0.028280634993687274
706,853,147,0.147,0.02832429277524352
756,878,122,0.122,0.02842928290180862
704,852,148,0.148,0.029409632930532097
760,880,120,0.12,0.028720202235504984
792,896,104,0.104,0.028856629146263003
808,904,96,0.096,0.02940786677412689
734,867,133,0.133,0.028756709821522237
776,888,112,0.112,0.029265883080661297
784,892,108,0.108,0.029049044031649828
724,862,138,0.138,0.029153211414813994
728,864,136,0.136,0.028790057586506008
708,854,146,0.146,0.02889362154714763
760,880,120,0.12,0.02951376143656671
768,884,116,0.116,0.02856147727370262
758,879,121,0.121,0.029993700750172138
712,856,144,0.144,0.029150720432400704
812,906,94,0.094,0.02948473601602018
768,884,116,0.116,0.02930856291949749
822,911,89,0.089,0.0292068459559232
778,889,111,0.111,0.029239656982943417
766,883,117,0.117,0.02870100568048656
784,892,108,0.108,0.028610796628519893
758,879,121,0.121,0.028806463608518244
784,892,108,0.108,0.028321219125762583
762,881,119,0.119,0.028007149489596487
680,840,160,0.16,0.027663670277222992
776,888,112,0.112,0.02754120931774378
680,840,160,0.16,0.027725067803636195
792,896,104,0.104,0.02824560296535492
764,882,118,0.118,0.028491410218179226
714,857,143,0.143,0.028786076290532946
762,881,119,0.119,0.028959794100373984
768,884,116,0.116,0.02843236411549151
754,877,123,0.123,0.028871434338390827
776,888,112,0.112,0.02910289726220071
792,896,104,0.104,0.028763418512418867
796,898,102,0.102,0.02758116707392037
754,877,123,0.123,0.0284001444298774
738,869,131,0.131,0.028107663869857788
722,861,139,0.139,0.027055657785385847
792,896,104,0.104,0.027134740637615323
778,889,111,0.111,0.027662814231589436
726,863,137,0.137,0.027473199121654034
764,882,118,0.118,0.02705900852754712
784,892,108,0.108,0.02788142525218427
748,874,126,0.126,0.02794466425664723
758,879,121,0.121,0.027398663660511375
752,876,124,0.124,0.027046422073617578
782,891,109,0.109,0.027600351566448807
704,852,148,0.148,0.0277299963273108
744,872,128,0.128,0.02743492047302425
770,885,115,0.115,0.026902306800708174
708,854,146,0.146,0.027521094355732204
802,901,99,0.099,0.027418908033519984
796,898,102,0.102,0.027613273672759533
748,874,126,0.126,0.027638286205008626
776,888,112,0.112,0.02745787659101188
784,892,108,0.108,0.02742291644588113
762,881,119,0.119,0.028286314914003016
804,902,98,0.098,0.02802478452399373
752,876,124,0.124,0.027842736635357142
804,902,98,0.098,0.027388742474839092
780,890,110,0.11,0.02699123535864055
712,856,144,0.144,0.02678722159937024
682,841,159,0.159,0.027579973943531514
726,863,137,0.137,0.02700319479778409
806,903,97,0.097,0.02735078920610249
788,894,106,0.106,0.027231707589700817
814,907,93,0.093,0.02688928261399269
770,885,115,0.115,0.026924050565809012
756,878,122,0.122,0.026709229845553635
726,863,137,0.137,0.026593070596456526
784,892,108,0.108,0.026427407041192053
724,862,138,0.138,0.027085832994431257
754,877,123,0.123,0.02666837405785918
732,866,134,0.134,0.026414400778710843
750,875,125,0.125,0.02597546725347638
782,891,109,0.109,0.026329718071967365
718,859,141,0.141,0.0263564489595592
782,891,109,0.109,0.02663258894532919
768,884,116,0.116,0.02627658443711698
760,880,120,0.12,0.02649498587846756
764,882,118,0.118,0.026598411373794078
764,882,118,0.118,0.026417953008785845
784,892,108,0.108,0.02656207798421383
780,890,110,0.11,0.026172826854512096
758,879,121,0.121,0.02665157142467797
746,873,127,0.127,0.026804605836048722
834,917,83,0.083,0.02666622451134026
720,860,140,0.14,0.027026244163513184
756,878,122,0.122,0.026722625186666845
750,875,125,0.125,0.02673533152602613
758,879,121,0.121,0.026871051266789438
764,882,118,0.118,0.02770707281678915
736,868,132,0.132,0.027175081083551048
764,882,118,0.118,0.027075557809323074
770,885,115,0.115,0.027980819735676052
752,876,124,0.124,0.02638432926312089
770,885,115,0.115,0.02645011117681861
834,917,83,0.083,0.02662555088289082
772,886,114,0.114,0.0267016166690737
722,861,139,0.139,0.02653376168757677
714,857,143,0.143,0.025724269043654203
788,894,106,0.106,0.02651393151842058
740,870,130,0.13,0.025716781049966813
802,901,99,0.099,0.02662918270751834
764,882,118,0.118,0.026379231844097375
720,860,140,0.14,0.026208965791389347
780,890,110,0.11,0.027048209527507423
776,888,112,0.112,0.02714700546488166
712,856,144,0.144,0.026827786583453417
790,895,105,0.105,0.026556941786780953
740,870,130,0.13,0.027352419178932906
746,873,127,0.127,0.027817771619185805
758,879,121,0.121,0.026750659620389344
736,868,132,0.132,0.026659529604017733
810,905,95,0.095,0.02750554490275681
774,887,113,0.113,0.027425577895715834
762,881,119,0.119,0.02711273937113583
712,856,144,0.144,0.02716369917988777
752,876,124,0.124,0.02637052209675312
768,884,116,0.116,0.027120574520900845
720,860,140,0.14,0.026825174070894717
712,856,144,0.144,0.02701423086412251
750,875,125,0.125,0.027825637945905327
762,881,119,0.119,0.027400652458891273
724,862,138,0.138,0.027238584069535138
776,888,112,0.112,0.026993747308850288
826,913,87,0.087,0.02684710918366909
734,867,133,0.133,0.027456902334466578
698,849,151,0.151,0.026653914086520673
776,888,112,0.112,0.026981967061758042
722,861,139,0.139,0.026474919030442835
830,915,85,0.085,0.02669924247637391
796,898,102,0.102,0.02666905867867172
752,876,124,0.124,0.027037084436044096
740,870,130,0.13,0.027035349702462554
718,859,141,0.141,0.02659766887873411
758,879,121,0.121,0.026682897478342057
750,875,125,0.125,0.0269269952327013
752,876,124,0.124,0.026250368086621165
738,869,131,0.131,0.026547025304287673
738,869,131,0.131,0.026003662621602416
808,904,96,0.096,0.026085425831377507
794,897,103,0.103,0.02576698560640216
782,891,109,0.109,0.02636860872618854
732,866,134,0.134,0.026836966346949338
772,886,114,0.114,0.02638477191515267
804,902,98,0.098,0.02599307012371719
732,866,134,0.134,0.025610949665307997
696,848,152,0.152,0.02580253953114152
780,890,110,0.11,0.025524146810173988
766,883,117,0.117,0.025653880873695016
756,878,122,0.122,0.025756136320531368
788,894,106,0.106,0.025872166140004992
774,887,113,0.113,0.025545557690784336
808,904,96,0.096,0.0257298905774951
740,870,130,0.13,0.02565565892495215
736,868,132,0.132,0.02567430282384157
768,884,116,0.116,0.025728338090702893
780,890,110,0.11,0.025911133233457805
764,882,118,0.118,0.02548457513190806
774,887,113,0.113,0.025677994871512056
810,905,95,0.095,0.025311497217044236
724,862,138,0.138,0.025130583887919784
720,860,140,0.14,0.02516495141014457
784,892,108,0.108,0.025210430355742573
772,886,114,0.114,0.025537969693541527
746,873,127,0.127,0.025843312626704574
794,897,103,0.103,0.025219033606350423
794,897,103,0.103,0.025990188309922814
784,892,108,0.108,0.026498561887070535
730,865,135,0.135,0.0263059801235795
798,899,101,0.101,0.025346612388268113
802,901,99,0.099,0.025162838093936442
778,889,111,0.111,0.02500974754616618
788,894,106,0.106,0.02527345751784742
764,882,118,0.118,0.025179841615259647
768,884,116,0.116,0.025343225497752427
822,911,89,0.089,0.024760109443217517
780,890,110,0.11,0.025438896073028447
716,858,142,0.142,0.02491605946049094
782,891,109,0.109,0.02517612454108894
758,879,121,0.121,0.02467852813564241
782,891,109,0.109,0.024859133198857308
724,862,138,0.138,0.025824057461693882
730,865,135,0.135,0.02530130690895021
736,868,132,0.132,0.025319465210661293
798,899,101,0.101,0.02618301411345601
858,929,71,0.071,0.02565462460927665
780,890,110,0.11,0.025879615211859344
768,884,116,0.116,0.02611495745368302
726,863,137,0.137,0.025789444342255594
772,886,114,0.114,0.025437368214130403
742,871,129,0.129,0.025748363440856337
770,885,115,0.115,0.025882016165181994
788,894,106,0.106,0.02538436173275113
756,878,122,0.122,0.02520536919310689
836,918,82,0.082,0.02563977035135031
698,849,151,0.151,0.02558310690149665
778,889,111,0.111,0.024951293097808958
748,874,126,0.126,0.02496260622702539
724,862,138,0.138,0.02493860558979213
804,902,98,0.098,0.024795063570141794
708,854,146,0.146,0.02460445200279355
732,866,134,0.134,0.024295017613098026
782,891,109,0.109,0.024465971022844316
722,861,139,0.139,0.02472281696461141
792,896,104,0.104,0.024968806276097894
738,869,131,0.131,0.02455268490500748
808,904,96,0.096,0.02513335951603949
696,848,152,0.152,0.02483868114836514
748,874,126,0.126,0.025280580123886467
734,867,133,0.133,0.025361985279247164
750,875,125,0.125,0.025385405691340564
792,896,104,0.104,0.02621686122380197
728,864,136,0.136,0.026175844291225075
766,883,117,0.117,0.025639512289315464
740,870,130,0.13,0.02569490617699921
768,884,116,0.116,0.02586038267426193
826,913,87,0.087,0.02587190981209278
798,899,101,0.101,0.026060786802321673
822,911,89,0.089,0.025592873370274903
760,880,120,0.12,0.025348407743498683
686,843,157,0.157,0.02451633412577212
782,891,109,0.109,0.024638751272112132
816,908,92,0.092,0.024623270463198423
772,886,114,0.114,0.02487606997601688
756,878,122,0.122,0.0245005025267601
762,881,119,0.119,0.024644696533679962
742,871,129,0.129,0.023813828889280558
738,869,131,0.131,0.023872738795354963
698,849,151,0.151,0.023838248976506292
790,895,105,0.105,0.02390097950771451
764,882,118,0.118,0.02403632440045476
810,905,95,0.095,0.023716814750805497
680,840,160,0.16,0.024373034643009304
736,868,132,0.132,0.024742933487519624
736,868,132,0.132,0.024489534381777048
714,857,143,0.143,0.024393786728382112
802,901,99,0.099,0.024999385323375464
836,918,82,0.082,0.02542292660754174
786,893,107,0.107,0.024841033585369588
774,887,113,0.113,0.025118682056665422
796,898,102,0.102,0.02491843273304403
798,899,101,0.101,0.024599459791556002
834,917,83,0.083,0.024712252270430328
742,871,129,0.129,0.02395833216048777
830,915,85,0.085,0.023512158075347542
776,888,112,0.112,0.023480875205248594
748,874,126,0.126,0.023516734873875976
718,859,141,0.141,0.022754011122509837
798,899,101,0.101,0.022616272270679475
780,890,110,0.11,0.023020052803680302
706,853,147,0.147,0.022944883236661554
762,881,119,0.119,0.022993356445804237
792,896,104,0.104,0.023065132390707732
752,876,124,0.124,0.023081598971039057
764,882,118,0.118,0.02331269769743085
696,848,152,0.152,0.02409261286444962
754,877,123,0.123,0.02371616625599563
756,878,122,0.122,0.023707148948684333
730,865,135,0.135,0.02368837507069111
800,900,100,0.1,0.02387906899675727
728,864,136,0.136,0.02360414084792137
798,899,101,0.101,0.02403528310917318
724,862,138,0.138,0.024603993557393553
788,894,106,0.106,0.02401207590289414
720,860,140,0.14,0.024703645953908563
778,889,111,0.111,0.024729783240705728
776,888,112,0.112,0.024693145714700222
806,903,97,0.097,0.02461178114078939
792,896,104,0.104,0.023814445677213372
720,860,140,0.14,0.024249379185959697
722,861,139,0.139,0.024237888179719447
740,870,130,0.13,0.02461344223283231
754,877,123,0.123,0.024912804428488016
786,893,107,0.107,0.02488434891961515
786,893,107,0.107,0.024571783646941184
760,880,120,0.12,0.02452432787977159
812,906,94,0.094,0.02457149801030755
716,858,142,0.142,0.024872478259727358
728,864,136,0.136,0.024329353333450855
764,882,118,0.118,0.0253902000579983
770,885,115,0.115,0.02413492903113365
718,859,141,0.141,0.0246685662958771
770,885,115,0.115,0.02439032787270844
780,890,110,0.11,0.024273829681798816
724,862,138,0.138,0.025062274292111397
752,876,124,0.124,0.024925073727965354
792,896,104,0.104,0.024472283167764543
726,863,137,0.137,0.024610107321292162
754,877,123,0.123,0.025078394008800388
816,908,92,0.092,0.025284256909042596
680,840,160,0.16,0.024996140146628022
736,868,132,0.132,0.02548834397830069
746,873,127,0.127,0.025687329458072783
796,898,102,0.102,0.025016337962821125
774,887,113,0.113,0.02534575424157083
690,845,155,0.155,0.025010328669101
792,896,104,0.104,0.024785804063081743
800,900,100,0.1,0.02549371849372983
734,867,133,0.133,0.025238203788176178
776,888,112,0.112,0.025474634932354093
758,879,121,0.121,0.025191325599327682
808,904,96,0.096,0.025049789229407905
740,870,130,0.13,0.025331207077950238
766,883,117,0.117,0.024824032017961146
784,892,108,0.108,0.024620981879532336
712,856,144,0.144,0.025470168642699718
790,895,105,0.105,0.02460974053107202
776,888,112,0.112,0.024940472453832626
794,897,103,0.103,0.024465324100106954
764,882,118,0.118,0.024266147444024683
786,893,107,0.107,0.024421127151697874
768,884,116,0.116,0.02432320379652083
764,882,118,0.118,0.0234589493367821
800,900,100,0.1,0.023582452857866882
816,908,92,0.092,0.02392687597312033
730,865,135,0.135,0.02491882492415607
780,890,110,0.11,0.023883811760693787
810,905,95,0.095,0.023469613708555697
768,884,116,0.116,0.023209908535704017
766,883,117,0.117,0.02373934968560934
764,882,118,0.118,0.023334364684298635
784,892,108,0.108,0.02291581139527261
788,894,106,0.106,0.023250230520963668
760,880,120,0.12,0.02267174996063113
788,894,106,0.106,0.022954672135412694
732,866,134,0.134,0.023331442568451165
710,855,145,0.145,0.023047196581959726
752,876,124,0.124,0.022701086139306426
754,877,123,0.123,0.02284056063834578
764,882,118,0.118,0.022947639383375646
796,898,102,0.102,0.023893702689558267
744,872,128,0.128,0.02371772351115942
752,876,124,0.124,0.023170488443225622
736,868,132,0.132,0.023777999827638268
746,873,127,0.127,0.02390087736211717
724,862,138,0.138,0.023539027342572807
712,856,144,0.144,0.023868129132315518
780,890,110,0.11,0.023895907117053868
756,878,122,0.122,0.0239839819483459
794,897,103,0.103,0.02389037211239338
828,914,86,0.086,0.023925096062943338
744,872,128,0.128,0.023837360268458722
780,890,110,0.11,0.02345179479662329
790,895,105,0.105,0.02296898802742362
770,885,115,0.115,0.02316592661291361
730,865,135,0.135,0.02350348917208612
720,860,140,0.14,0.023612545944750308
782,891,109,0.109,0.023402518205344676
782,891,109,0.109,0.023548235680907966
796,898,102,0.102,0.023636356485076247
710,855,145,0.145,0.023725372299551965
806,903,97,0.097,0.023414287419989705
776,888,112,0.112,0.02354145779646933
752,876,124,0.124,0.02382304397970438
778,889,111,0.111,0.023368650710210204
790,895,105,0.105,0.023552270408719777
748,874,126,0.126,0.023358664278872312
766,883,117,0.117,0.023211860846728088
718,859,141,0.141,0.02343678854033351
724,862,138,0.138,0.023509284622967242
770,885,115,0.115,0.024424858689308167
660,830,170,0.17,0.02359904061537236
754,877,123,0.123,0.023837934674695135
756,878,122,0.122,0.02411386363953352
748,874,126,0.126,0.024515309046953915
748,874,126,0.126,0.024284289505332707
780,890,110,0.11,0.025219767101109028
782,891,109,0.109,0.024386894388124348
720,860,140,0.14,0.023989768425002694
778,889,111,0.111,0.02455235537327826
734,867,133,0.133,0.02457386826723814
770,885,115,0.115,0.02407322409749031
776,888,112,0.112,0.023631875228136777
820,910,90,0.09,0.024204860236495734
728,864,136,0.136,0.024540543582290412
732,866,134,0.134,0.02399893903359771
806,903,97,0.097,0.024398891791701318
748,874,126,0.126,0.023914590058848263
768,884,116,0.116,0.02402298483066261
708,854,146,0.146,0.023580295786261557
776,888,112,0.112,0.024258050572127102
776,888,112,0.112,0.023885916266590358
720,860,140,0.14,0.02374196846038103
714,857,143,0.143,0.023798097616061567
768,884,116,0.116,0.024620512530207635
792,896,104,0.104,0.023604902260005473
792,896,104,0.104,0.023773597456514837
756,878,122,0.122,0.023834698863327505
774,887,113,0.113,0.023609178820624948
762,881,119,0.119,0.02360918684117496
808,904,96,0.096,0.024129806099459528
810,905,95,0.095,0.023412211891263725
786,893,107,0.107,0.022946961728855967
768,884,116,0.116,0.02315296714939177
716,858,142,0.142,0.022546214915812015
712,856,144,0.144,0.022677756475284697
810,905,95,0.095,0.023007303679361938
742,871,129,0.129,0.023477608559653165
794,897,103,0.103,0.022813404457643627
820,910,90,0.09,0.02327153435535729
774,887,113,0.113,0.022529132110998034
824,912,88,0.088,0.02330844764597714
788,894,106,0.106,0.02221241384651512
762,881,119,0.119,0.02272538208588958
750,875,125,0.125,0.022765449504368006
806,903,97,0.097,0.02222034179698676
796,898,102,0.102,0.0221828058026731
734,867,133,0.133,0.021762024003081023
748,874,126,0.126,0.022060626154765485
706,853,147,0.147,0.022086531419306995
764,882,118,0.118,0.022092786828055978
734,867,133,0.133,0.022174190344288944
778,889,111,0.111,0.022119626630097627
756,878,122,0.122,0.022488001194782555
706,853,147,0.147,0.022679418745450677
742,871,129,0.129,0.02206765923369676
842,921,79,0.079,0.02250701059028506
752,876,124,0.124,0.022807375747710468
732,866,134,0.134,0.02212651149369776
754,877,123,0.123,0.022412870088592173
736,868,132,0.132,0.022795304765924812
748,874,126,0.126,0.022651050494983792
746,873,127,0.127,0.02333426851220429
814,907,93,0.093,0.02282396039366722
696,848,152,0.152,0.02333768339455128
802,901,99,0.099,0.02304212309792638
800,900,100,0.1,0.02326067406870425
732,866,134,0.134,0.023640131900087
776,888,112,0.112,0.023568957176059484
764,882,118,0.118,0.023500690672546624
770,885,115,0.115,0.023091210884042083
760,880,120,0.12,0.022714482112787662
770,885,115,0.115,0.023031199044547975
736,868,132,0.132,0.023464261701330542
798,899,101,0.101,0.022188845366239548
730,865,135,0.135,0.022475602209568023
708,854,146,0.146,0.022919312834739684
758,879,121,0.121,0.022666207594797014
784,892,108,0.108,0.02212170717585832
766,883,117,0.117,0.02204283674992621
748,874,126,0.126,0.022076348030939698
736,868,132,0.132,0.022603918977081777
788,894,106,0.106,0.022066898790188135
782,891,109,0.109,0.0219751031184569
770,885,115,0.115,0.021669627561233938
724,862,138,0.138,0.022219048488885163
758,879,121,0.121,0.02214066030830145
782,891,109,0.109,0.021908137413673104
748,874,126,0.126,0.02177077106013894
736,868,132,0.132,0.021835836911574005
748,874,126,0.126,0.021635102327913047
790,895,105,0.105,0.022088001750409602
716,858,142,0.142,0.021971010072156787
754,877,123,0.123,0.022570773454383016
838,919,81,0.081,0.021588805475272237
794,897,103,0.103,0.022103600349277257
798,899,101,0.101,0.02188594437763095
764,882,118,0.118,0.0222772344853729
756,878,122,0.122,0.02168400863185525
712,856,144,0.144,0.021858531344681978
766,883,117,0.117,0.02174653767235577
714,857,143,0.143,0.021528162651695312
784,892,108,0.108,0.021685684965923428
784,892,108,0.108,0.022570653836242856
746,873,127,0.127,0.022093480184674264
778,889,111,0.111,0.022255298860371114
794,897,103,0.103,0.022352045144885778
726,863,137,0.137,0.022561869186349212
770,885,115,0.115,0.022638036276213826
802,901,99,0.099,0.022779513025656343
798,899,101,0.101,0.02246924920938909
800,900,100,0.1,0.02234895157441497
744,872,128,0.128,0.02200129088945687
804,902,98,0.098,0.021627207851968706
828,914,86,0.086,0.021841576248407366
722,861,139,0.139,0.022116832377389074
730,865,135,0.135,0.02144351792987436
726,863,137,0.137,0.02157232322450727
786,893,107,0.107,0.021589371382258832
758,879,121,0.121,0.021179454945027827
756,878,122,0.122,0.02169420281611383
744,872,128,0.128,0.02210784157644957
758,879,121,0.121,0.02200493757147342
812,906,94,0.094,0.02192586028855294
716,858,142,0.142,0.02254464054200798
748,874,126,0.126,0.022085439073853196
780,890,110,0.11,0.022572213328443468
744,872,128,0.128,0.02218745456635952
748,874,126,0.126,0.022506310870870946
802,901,99,0.099,0.02238645245321095
834,917,83,0.083,0.02244421905465424
704,852,148,0.148,0.022590333327651025
752,876,124,0.124,0.023047754591330887
740,870,130,0.13,0.023366709746420383
826,913,87,0.087,0.02353505515307188
784,892,108,0.108,0.022940208466723563
780,890,110,0.11,0.022621598763391374
802,901,99,0.099,0.02234136721678078
826,913,87,0.087,0.022179004857316612
754,877,123,0.123,0.022507293850183487
698,849,151,0.151,0.02185072067845613
686,843,157,0.157,0.022420499544590713
804,902,98,0.098,0.02218250939529389
756,878,122,0.122,0.022448001855053006
758,879,121,0.121,0.022276901020668448
748,874,126,0.126,0.023004485217854382
814,907,93,0.093,0.022617160088382663
724,862,138,0.138,0.02283797314018011
734,867,133,0.133,0.023016019141301514
798,899,101,0.101,0.02313422343507409
786,893,107,0.107,0.02279041095264256
742,871,129,0.129,0.022814139164984225
776,888,112,0.112,0.02320298725925386
798,899,101,0.101,0.023283045075833796
790,895,105,0.105,0.022748168564401566
768,884,116,0.116,0.022452882762998342
750,875,125,0.125,0.02292831701040268
718,859,141,0.141,0.022391524761915207
756,878,122,0.122,0.022709304185584187
804,902,98,0.098,0.022166275212541223
780,890,110,0.11,0.02260674705915153
730,865,135,0.135,0.0229710384150967
738,869,131,0.131,0.022719100592657925
776,888,112,0.112,0.022187401689589024
816,908,92,0.092,0.022558255657553674
782,891,109,0.109,0.021783288599923255
802,901,99,0.099,0.02269647065550089
754,877,123,0.123,0.021733701746910812
748,874,126,0.126,0.021790526131168008
786,893,107,0.107,0.02129481516778469
796,898,102,0.102,0.02238306331075728
824,912,88,0.088,0.022221667164936662
762,881,119,0.119,0.021597135469317436
778,889,111,0.111,0.021751411809585987
768,884,116,0.116,0.02233591320272535
824,912,88,0.088,0.021708006827160717
736,868,132,0.132,0.021581771613098683
796,898,102,0.102,0.020976007368415595
754,877,123,0.123,0.021353601169772446
738,869,131,0.131,0.021366146626882253
804,902,98,0.098,0.020979569864459337
824,912,88,0.088,0.02084503535274416
722,861,139,0.139,0.02153601701930165
716,858,142,0.142,0.02106975900940597
698,849,151,0.151,0.020953450012020768
750,875,125,0.125,0.02156433650199324
786,893,107,0.107,0.021512370339594782
796,898,102,0.102,0.021557604705914855
790,895,105,0.105,0.022154744609259067
704,852,148,0.148,0.022166182933375238
754,877,123,0.123,0.022452461077831685
772,886,114,0.114,0.02263861880078912
730,865,135,0.135,0.02203920199815184
804,902,98,0.098,0.02217627856694162
838,919,81,0.081,0.021405337582342327
790,895,105,0.105,0.021807021528482438
802,901,99,0.099,0.0220071004005149
764,882,118,0.118,0.02122808623407036
758,879,121,0.121,0.02106203881185502
734,867,133,0.133,0.022181879302486777
752,876,124,0.124,0.02134715799614787
766,883,117,0.117,0.0213937976192683
758,879,121,0.121,0.021874367067590356
738,869,131,0.131,0.021690619310364128
790,895,105,0.105,0.022002392882481216
774,887,113,0.113,0.022213424384593963
776,888,112,0.112,0.022128563756123185
734,867,133,0.133,0.022117764574475587
760,880,120,0.12,0.02232967179827392
818,909,91,0.091,0.022032767218537627
766,883,117,0.117,0.021922046944499014
798,899,101,0.101,0.022176201407797635
766,883,117,0.117,0.021580951729789376
724,862,138,0.138,0.021924835382029415
764,882,118,0.118,0.021764675866812466
764,882,118,0.118,0.02162006918992847
772,886,114,0.114,0.021775899265892802
802,901,99,0.099,0.021561989125795662
738,869,131,0.131,0.02175173799879849
804,902,98,0.098,0.02192611461598426
738,869,131,0.131,0.02200001028366387
838,919,81,0.081,0.021414419419132174
778,889,111,0.111,0.021361601958982648
726,863,137,0.137,0.021413505675271154
764,882,118,0.118,0.02147223515808582
796,898,102,0.102,0.02149050799943507
734,867,133,0.133,0.021985254535451533
704,852,148,0.148,0.021609469525516033
812,906,94,0.094,0.022284598046913743
732,866,134,0.134,0.021813225626945494
734,867,133,0.133,0.02213519686460495
700,850,150,0.15,0.02194559664465487
792,896,104,0.104,0.02264617760013789
850,925,75,0.075,0.022418518308550118
756,878,122,0.122,0.022899552296847106
822,911,89,0.089,0.02250709270965308
762,881,119,0.119,0.022820279156789185
722,861,139,0.139,0.02210886865388602
770,885,115,0.115,0.02202040106058121
804,902,98,0.098,0.022864181485027075
708,854,146,0.146,0.02250767861586064
738,869,131,0.131,0.022155568988993762
766,883,117,0.117,0.0221184807876125
708,854,146,0.146,0.022253229638561606
766,883,117,0.117,0.022546276629902422
786,893,107,0.107,0.02219642507378012
684,842,158,0.158,0.02319327354710549
714,857,143,0.143,0.02292894946876913
772,886,114,0.114,0.023352195542305706
768,884,116,0.116,0.022878275205381216
802,901,99,0.099,0.023224327634088694
792,896,104,0.104,0.02349460363574326
748,874,126,0.126,0.023618265060707928
744,872,128,0.128,0.02362147415243089
682,841,159,0.159,0.02272145145665854
754,877,123,0.123,0.02354360273294151
780,890,110,0.11,0.023083246676251293
730,865,135,0.135,0.022801131227985025
756,878,122,0.122,0.023209569031372668
696,848,152,0.152,0.02259760017134249
772,886,114,0.114,0.023379641335457564
754,877,123,0.123,0.023224009182304144
732,866,134,0.134,0.02333513535745442
726,863,137,0.137,0.023132336258888244
778,889,111,0.111,0.023326356323435903
756,878,122,0.122,0.023179694019258023
786,893,107,0.107,0.024184825960546733
760,880,120,0.12,0.023941637467592956
750,875,125,0.125,0.02438785057142377
724,862,138,0.138,0.023953846745193005
814,907,93,0.093,0.02433493623510003
806,903,97,0.097,0.023726998617872596
768,884,116,0.116,0.024141401385888456
780,890,110,0.11,0.024148045862093567
760,880,120,0.12,0.024212217247113584
784,892,108,0.108,0.02350445056334138
782,891,109,0.109,0.023077400498092173
732,866,134,0.134,0.023574783667922018
746,873,127,0.127,0.022734601225703956
762,881,119,0.119,0.022936183085665106
778,889,111,0.111,0.022551419750787317
790,895,105,0.105,0.023205633868463336
790,895,105,0.105,0.022574069034308194
808,904,96,0.096,0.022566716434434055
770,885,115,0.115,0.022385149626992642
756,878,122,0.122,0.021678964733146133
732,866,134,0.134,0.0216898062992841
788,894,106,0.106,0.021878462122753264
808,904,96,0.096,0.022180126905441286
736,868,132,0.132,0.022752082109451295
788,894,106,0.106,0.02211168374121189
764,882,118,0.118,0.022114249052479863
758,879,121,0.121,0.021987474334426223
728,864,136,0.136,0.02231659484375268
714,857,143,0.143,0.022847927753813564
754,877,123,0.123,0.022804249052889646
764,882,118,0.118,0.022796229923143983
734,867,133,0.133,0.02306566272303462
692,846,154,0.154,0.023213536359369756
756,878,122,0.122,0.023063359318301082
728,864,136,0.136,0.024177148895338178
730,865,135,0.135,0.023680618653073908
802,901,99,0.099,0.024493126371875406
784,892,108,0.108,0.023343322213739158
788,894,106,0.106,0.023363013710826636
778,889,111,0.111,0.022947054581716655
800,900,100,0.1,0.022961900010704993
774,887,113,0.113,0.02287613344658166
738,869,131,0.131,0.02263655641581863
804,902,98,0.098,0.023057247169315814
762,881,119,0.119,0.022242641570046545
782,891,109,0.109,0.02215308125317097
748,874,126,0.126,0.021817301236093045
710,855,145,0.145,0.02190646139346063
764,882,118,0.118,0.021736689042299986
818,909,91,0.091,0.022332457009702922
724,862,138,0.138,0.022172877836972475
722,861,139,0.139,0.02217032926529646
776,888,112,0.112,0.022181609351187945
778,889,111,0.111,0.02272213952243328
772,886,114,0.114,0.02195517331175506
750,875,125,0.125,0.021853971091099083
752,876,124,0.124,0.022126716730184855
792,896,104,0.104,0.021932453878223897
778,889,111,0.111,0.021846052337437867
754,877,123,0.123,0.0224038443248719
726,863,137,0.137,0.022033008931204676
720,860,140,0.14,0.02254589689988643
804,902,98,0.098,0.022492618422023953
792,896,104,0.104,0.02261935923807323
778,889,111,0.111,0.022303971964865922
766,883,117,0.117,0.02231730101071298
666,833,167,0.167,0.02282094228826463
792,896,104,0.104,0.022423598309978844
742,871,129,0.129,0.02295985286589712
786,893,107,0.107,0.022899429889395834
790,895,105,0.105,0.02290680999774486
788,894,106,0.106,0.022741303242743014
780,890,110,0.11,0.02227622487396002
798,899,101,0.101,0.022206343606114388
772,886,114,0.114,0.022746126471087338
764,882,118,0.118,0.02199233745969832
738,869,131,0.131,0.02204233994241804
738,869,131,0.131,0.021918246689252557
800,900,100,0.1,0.021869584986940027
752,876,124,0.124,0.02197354841604829
786,893,107,0.107,0.021527372498065234
856,928,72,0.072,0.02209217733517289
686,843,157,0.157,0.02215488010738045
726,863,137,0.137,0.021890153964981438
714,857,143,0.143,0.021861877747811377
762,881,119,0.119,0.02175195155106485
762,881,119,0.119,0.022054704281501473
762,881,119,0.119,0.021726050519384445
740,870,130,0.13,0.022077422161586584
814,907,93,0.093,0.021503372688777746
780,890,110,0.11,0.021808167157694697
814,907,93,0.093,0.02133592206053436
752,876,124,0.124,0.021223224417306483
774,887,113,0.113,0.021076358852908015
782,891,109,0.109,0.02126267427019775
750,875,125,0.125,0.021343772111460567
818,909,91,0.091,0.021264501379802823
756,878,122,0.122,0.021154553559608758
770,885,115,0.115,0.02144312052708119
774,887,113,0.113,0.021651663699187338
738,869,131,0.131,0.021015703761950135
768,884,116,0.116,0.021303910073824227
756,878,122,0.122,0.021513308729045093
780,890,110,0.11,0.021822779420763255
784,892,108,0.108,0.02142331928387284
760,880,120,0.12,0.021511319073848425
752,876,124,0.124,0.02175089671742171
712,856,144,0.144,0.021568415849469603
760,880,120,0.12,0.021375025667250157
740,870,130,0.13,0.02187124080210924
770,885,115,0.115,0.021958409651182592
774,887,113,0.113,0.022298730215989052
782,891,109,0.109,0.02229847924411297
692,846,154,0.154,0.022118558894842863
782,891,109,0.109,0.022141583252698185
826,913,87,0.087,0.02241616987250745
742,871,129,0.129,0.022581821251660587
666,833,167,0.167,0.022317536615766586
776,888,112,0.112,0.02234827692620456
786,893,107,0.107,0.02247746063582599
754,877,123,0.123,0.02220587954390794
810,905,95,0.095,0.022597263070754707
740,870,130,0.13,0.022014641181565823
784,892,108,0.108,0.022790729822590946
764,882,118,0.118,0.022077031597495078
814,907,93,0.093,0.022208635659888388
842,921,79,0.079,0.022026474573649465
778,889,111,0.111,0.02142886995058507
736,868,132,0.132,0.02169335312116891
746,873,127,0.127,0.021420438219793142
732,866,134,0.134,0.021186966775916517
762,881,119,0.119,0.020918414184823632
802,901,99,0.099,0.021155384294688703
776,888,112,0.112,0.021288609308190643
822,911,89,0.089,0.020457239468581974
804,902,98,0.098,0.020469618497416377
760,880,120,0.12,0.02082121293526143
778,889,111,0.111,0.020553434561006726
742,871,129,0.129,0.020471910571679474
790,895,105,0.105,0.02110000144690275
804,902,98,0.098,0.020263614741154016
736,868,132,0.132,0.02034025112260133
764,882,118,0.118,0.02024210865236819
760,880,120,0.12,0.019974147494882345
710,855,145,0.145,0.020350082286633552
762,881,119,0.119,0.019500273142941296
764,882,118,0.118,0.020129176191985607
734,867,133,0.133,0.019873617954552173
766,883,117,0.117,0.020416515449993313
814,907,93,0.093,0.01983690423890948
760,880,120,0.12,0.020541973603889346
734,867,133,0.133,0.02064779879525304
816,908,92,0.092,0.020780807762406768
764,882,118,0.118,0.020484202522784472
744,872,128,0.128,0.020712762515991925
706,853,147,0.147,0.02047444555629045
734,867,133,0.133,0.02084609262086451
744,872,128,0.128,0.02106141797825694
718,859,141,0.141,0.021589799863286317
768,884,116,0.116,0.02183211572188884
724,862,138,0.138,0.02211576111149043
800,900,100,0.1,0.02193018563557416
718,859,141,0.141,0.022482328353449703
736,868,132,0.132,0.02251076277717948
830,915,85,0.085,0.022583675504662098
772,886,114,0.114,0.022782677479088305
776,888,112,0.112,0.02203121308516711
772,886,114,0.114,0.022259227263741195
786,893,107,0.107,0.022310049627907575
738,869,131,0.131,0.021902703063562512
690,845,155,0.155,0.021799816423095763
736,868,132,0.132,0.022748118622228503
748,874,126,0.126,0.022323123710229993
752,876,124,0.124,0.022774763523600996
792,896,104,0.104,0.022065935796126722
790,895,105,0.105,0.02251527490466833
764,882,118,0.118,0.02218302699737251
760,880,120,0.12,0.02284122047573328
746,873,127,0.127,0.022381988887675106
798,899,101,0.101,0.02244564636796713
752,876,124,0.124,0.022217982261441647
772,886,114,0.114,0.02237309724651277
708,854,146,0.146,0.022121233824640513
778,889,111,0.111,0.021883951598778366
814,907,93,0.093,0.021589316237717867
728,864,136,0.136,0.021778709125705065
814,907,93,0.093,0.021566651798784732
786,893,107,0.107,0.020667592101730407
778,889,111,0.111,0.021369432121515274
786,893,107,0.107,0.02048631370346993
784,892,108,0.108,0.020657177733257412
792,896,104,0.104,0.020603456614539026
788,894,106,0.106,0.01975191932078451
748,874,126,0.126,0.019981511323712765
754,877,123,0.123,0.019848782723769547
728,864,136,0.136,0.019669138515368105
828,914,86,0.086,0.019882535302080215
796,898,102,0.102,0.01935805249400437
738,869,131,0.131,0.019865823955275117
734,867,133,0.133,0.019893458456732332
762,881,119,0.119,0.01985080976970494
744,872,128,0.128,0.019569603735581042
764,882,118,0.118,0.020110257062129676
822,911,89,0.089,0.019455381033010782
786,893,107,0.107,0.020112562568858267
752,876,124,0.124,0.020046551149338485
760,880,120,0.12,0.01976037453301251
756,878,122,0.122,0.019961035773158074
774,887,113,0.113,0.01969452136475593
786,893,107,0.107,0.019970286150462927
746,873,127,0.127,0.02035289970971644
724,862,138,0.138,0.020614859104156495
792,896,104,0.104,0.020001113527454435
862,931,69,0.069,0.019934586310759186
814,907,93,0.093,0.019995431832969188
774,887,113,0.113,0.019802793458104134
752,876,124,0.124,0.020139012303203346
720,860,140,0.14,0.01984871321823448
660,830,170,0.17,0.020227373558096586
734,867,133,0.133,0.02040978776011616
772,886,114,0.114,0.019915668482892217
812,906,94,0.094,0.020060284819453954
810,905,95,0.095,0.020346282232552765
736,868,132,0.132,0.020801948237232862
784,892,108,0.108,0.02072319850511849
788,894,106,0.106,0.020349667811766267
754,877,123,0.123,0.02068255515862256
774,887,113,0.113,0.02002168766129762
766,883,117,0.117,0.0201840594811365
834,917,83,0.083,0.020454016663134098
778,889,111,0.111,0.020653112379834054
772,886,114,0.114,0.020545385905541478
788,894,106,0.106,0.020365782829001547
734,867,133,0.133,0.020592664432711898
804,902,98,0.098,0.0207829620083794
662,831,169,0.169,0.02037813414633274
748,874,126,0.126,0.02096976911649108
734,867,133,0.133,0.020630469146184622
778,889,111,0.111,0.020936482646502556
828,914,86,0.086,0.02083568313997239
800,900,100,0.1,0.02115786817111075
798,899,101,0.101,0.020388562597334386
744,872,128,0.128,0.019956659020856023
794,897,103,0.103,0.020378840977326035
760,880,120,0.12,0.019916983547620476
760,880,120,0.12,0.019955499792471527
676,838,162,0.162,0.020079431135207413
806,903,97,0.097,0.02083825017232448
790,895,105,0.105,0.019960007638670504
684,842,158,0.158,0.020166334361769258
776,888,112,0.112,0.019863903437741103
800,900,100,0.1,0.020251045000739397
776,888,112,0.112,0.020083035226911305
708,854,146,0.146,0.020178644179366528
782,891,109,0.109,0.020084298928268254
750,875,125,0.125,0.02005957727599889
828,914,86,0.086,0.02021792476158589
746,873,127,0.127,0.020956562540493905
748,874,126,0.126,0.02069141494203359
756,878,122,0.122,0.020209581972099842
806,903,97,0.097,0.020200060010887682
720,860,140,0.14,0.020152011102065444
788,894,106,0.106,0.02067036732286215
798,899,101,0.101,0.01970096566248685
796,898,102,0.102,0.0200051862699911
722,861,139,0.139,0.019553883142769336
760,880,120,0.12,0.020070592113770543
734,867,133,0.133,0.01935324081964791
746,873,127,0.127,0.019452902249991893
750,875,125,0.125,0.020028366710990668
758,879,121,0.121,0.02010434023011476
762,881,119,0.119,0.020031295363791286
800,900,100,0.1,0.020380567310377955
800,900,100,0.1,0.020153179856948554
758,879,121,0.121,0.0201825974881649
744,872,128,0.128,0.02051034442614764
766,883,117,0.117,0.020082190654240547
816,908,92,0.092,0.020093340906314552
702,851,149,0.149,0.019923294447362423
764,882,118,0.118,0.020481285938061772
756,878,122,0.122,0.019988729027099906
788,894,106,0.106,0.02029568474367261
714,857,143,0.143,0.020323322432115674
784,892,108,0.108,0.020269443867728113
816,908,92,0.092,0.02075075614079833
782,891,109,0.109,0.020431494628079236
780,890,110,0.11,0.020657820268534122
796,898,102,0.102,0.019641588412225245
768,884,116,0.116,0.0196688749268651
774,887,113,0.113,0.0197382806641981
834,917,83,0.083,0.019059920923784376
774,887,113,0.113,0.01974069426301867
790,895,105,0.105,0.019203327946364878
776,888,112,0.112,0.019172576867975296
684,842,158,0.158,0.018958446389995515
806,903,97,0.097,0.019015760833397507
760,880,120,0.12,0.01946921816561371
792,896,104,0.104,0.019144415569491684
752,876,124,0.124,0.019389213502407073
768,884,116,0.116,0.01992793091200292
722,861,139,0.139,0.0191561317788437
814,907,93,0.093,0.019701726178638638
776,888,112,0.112,0.01977229001931846
722,861,139,0.139,0.01951313122641295
710,855,145,0.145,0.019918069887906314
766,883,117,0.117,0.019554801976308225
796,898,102,0.102,0.02011784453317523
776,888,112,0.112,0.020003830026835204
746,873,127,0.127,0.020596366797573866
796,898,102,0.102,0.019791159485466777
756,878,122,0.122,0.020314221314154564
708,854,146,0.146,0.020919585975818337
754,877,123,0.123,0.021078009827062486
754,877,123,0.123,0.02045152364484966
750,875,125,0.125,0.020639690059237183
724,862,138,0.138,0.0208754472034052
724,862,138,0.138,0.02051464437134564
704,852,148,0.148,0.021216934056952595
792,896,104,0.104,0.021415139206685127
802,901,99,0.099,0.02120365276839584
730,865,135,0.135,0.021581704961135983
772,886,114,0.114,0.021258084677159787
792,896,104,0.104,0.02103705197572708
804,902,98,0.098,0.021529642120935024
708,854,146,0.146,0.02146093575377017
778,889,111,0.111,0.02120759969763458
826,913,87,0.087,0.021219180369749666
806,903,97,0.097,0.02081216437369585
758,879,121,0.121,0.02144690845068544
766,883,117,0.117,0.020747396547347308
750,875,125,0.125,0.020279580699279903
770,885,115,0.115,0.019892622811719777
762,881,119,0.119,0.020224149607121943
798,899,101,0.101,0.02038050354830921
714,857,143,0.143,0.01984872974921018
756,878,122,0.122,0.020214495135471224
824,912,88,0.088,0.02046086962800473
772,886,114,0.114,0.020432976350188255
764,882,118,0.118,0.020009095001965762
784,892,108,0.108,0.019891293820925058
810,905,95,0.095,0.02012261120416224
742,871,129,0.129,0.020233743962831795
734,867,133,0.133,0.020198204815387727
782,891,109,0.109,0.019918770262971522
762,881,119,0.119,0.02004428196977824
814,907,93,0.093,0.01975183806568384
744,872,128,0.128,0.019928854753263295
768,884,116,0.116,0.019394146232865752
790,895,105,0.105,0.01923174184001982
814,907,93,0.093,0.01941616613417864
762,881,119,0.119,0.019466160863637925
764,882,118,0.118,0.019627142096869648
776,888,112,0.112,0.01946740381512791
774,887,113,0.113,0.019584729140624403
766,883,117,0.117,0.019443700911477207
750,875,125,0.125,0.019096162456087768
824,912,88,0.088,0.019572851395234465
784,892,108,0.108,0.019473374870605766
798,899,101,0.101,0.01916002516914159
794,897,103,0.103,0.019108875695616007
770,885,115,0.115,0.018717501637525856
788,894,106,0.106,0.018401987731456758
808,904,96,0.096,0.01824797254987061
778,889,111,0.111,0.018694454080425204
718,859,141,0.141,0.018826770801097154
732,866,134,0.134,0.01911799763236195
738,869,131,0.131,0.018943795904517172
738,869,131,0.131,0.019245612867176534
768,884,116,0.116,0.018861603279598058
772,886,114,0.114,0.01955861459951848
816,908,92,0.092,0.019736079591326415
770,885,115,0.115,0.019370358171872794
776,888,112,0.112,0.019341687506064773
710,855,145,0.145,0.019181397466920318
734,867,133,0.133,0.01987589669879526
814,907,93,0.093,0.01963376796245575
738,869,131,0.131,0.01974141612555832
692,846,154,0.154,0.019709458492696286
750,875,125,0.125,0.02018897085264325
748,874,126,0.126,0.01997359823156148
766,883,117,0.117,0.020415753902867435
706,853,147,0.147,0.02056012556888163
786,893,107,0.107,0.020633107353933155
748,874,126,0.126,0.020577793563716112
780,890,110,0.11,0.020490960801020263
732,866,134,0.134,0.020874680867418647
694,847,153,0.153,0.021048168825916945
726,863,137,0.137,0.021262663524597884
820,910,90,0.09,0.02178319124970585
786,893,107,0.107,0.02166066682897508
724,862,138,0.138,0.021389816891402007
754,877,123,0.123,0.02173145691305399
744,872,128,0.128,0.02175431416463107
776,888,112,0.112,0.02124290220346302
772,886,114,0.114,0.02156245374586433
836,918,82,0.082,0.021413445383310317
794,897,103,0.103,0.021014405582100153
708,854,146,0.146,0.021177573462948202
812,906,94,0.094,0.02105251362081617
786,893,107,0.107,0.021394036278128623
774,887,113,0.113,0.020644169970415533
754,877,123,0.123,0.02065597102791071
834,917,83,0.083,0.020468878283165397
774,887,113,0.113,0.020241300728172065
746,873,127,0.127,0.020988137622363866
776,888,112,0.112,0.02021767860651016
798,899,101,0.101,0.020308501710183918
834,917,83,0.083,0.020043492226861418
840,920,80,0.08,0.020109238861128687
740,870,130,0.13,0.019850898294709624
792,896,104,0.104,0.019734587049111723
828,914,86,0.086,0.01973359332047403
708,854,146,0.146,0.019332718350924552
732,866,134,0.134,0.01950123062543571
786,893,107,0.107,0.0191946292668581
730,865,135,0.135,0.01920127845555544
774,887,113,0.113,0.019420662210322917
792,896,104,0.104,0.020344466300681232
756,878,122,0.122,0.019612272836267947
758,879,121,0.121,0.020002629191614687
780,890,110,0.11,0.020062639503739776
806,903,97,0.097,0.02003617983032018
784,892,108,0.108,0.01931869800109416
784,892,108,0.108,0.019185513246804477
798,899,101,0.101,0.01880736124329269
782,891,109,0.109,0.01979222715925425
738,869,131,0.131,0.01953864931408316
760,880,120,0.12,0.0200619642296806
784,892,108,0.108,0.019868215134367345
778,889,111,0.111,0.019663665187545122
784,892,108,0.108,0.019353390333242713
780,890,110,0.11,0.019389195056632162
800,900,100,0.1,0.019637537052854894
756,878,122,0.122,0.019846201753243805
756,878,122,0.122,0.01933897737786174
726,863,137,0.137,0.019222330543212592
836,918,82,0.082,0.01955031543876976
776,888,112,0.112,0.019537426522932947
692,846,154,0.154,0.019930825917981565
712,856,144,0.144,0.019833913046866655
786,893,107,0.107,0.020145107466727496
724,862,138,0.138,0.020437000441364945
756,878,122,0.122,0.020707632061094047
758,879,121,0.121,0.020438649808987974
748,874,126,0.126,0.020765220590867103
778,889,111,0.111,0.020749597628600895
752,876,124,0.124,0.020554352171719074
684,842,158,0.158,0.021551924354396762
704,852,148,0.148,0.02075085968244821
756,878,122,0.122,0.0203623215733096
806,903,97,0.097,0.02180136518832296
776,888,112,0.112,0.020418049753643572
808,904,96,0.096,0.02155034142918885
782,891,109,0.109,0.02123040904570371
820,910,90,0.09,0.021468141787685455
728,864,136,0.136,0.020888753104023636
830,915,85,0.085,0.020257873292081056
750,875,125,0.125,0.020722766804508866
784,892,108,0.108,0.020435933953151107
718,859,141,0.141,0.02084429403115064
768,884,116,0.116,0.02073503410257399
750,875,125,0.125,0.020487964968197048
702,851,149,0.149,0.020785984565503894
760,880,120,0.12,0.020958868225105107
852,926,74,0.074,0.020339753986336293
800,900,100,0.1,0.02077430787589401
718,859,141,0.141,0.021211000236682594
756,878,122,0.122,0.020986712655983866
702,851,149,0.149,0.021078220577910544
764,882,118,0.118,0.020725159780122338
740,870,130,0.13,0.021237410423345864
786,893,107,0.107,0.02100700382422656
666,833,167,0.167,0.021013545415364206
688,844,156,0.156,0.02099183894880116
714,857,143,0.143,0.021684993785806
760,880,120,0.12,0.021226411123760044
738,869,131,0.131,0.022002476250752807
752,876,124,0.124,0.021509487132541836
792,896,104,0.104,0.021678077382966877
760,880,120,0.12,0.021246296498924493
776,888,112,0.112,0.021970117545686663
792,896,104,0.104,0.02124177629034966
766,883,117,0.117,0.02131546678673476
772,886,114,0.114,0.02152732496149838
788,894,106,0.106,0.021451338426209988
744,872,128,0.128,0.021719007993116976
774,887,113,0.113,0.02139354237355292
730,865,135,0.135,0.021066573954187335
756,878,122,0.122,0.021595379459671677
762,881,119,0.119,0.02092275936808437
788,894,106,0.106,0.021676161048002542
740,870,130,0.13,0.021193009674549103
702,851,149,0.149,0.021110384356230496
758,879,121,0.121,0.02134778695460409
726,863,137,0.137,0.02111190335266292
788,894,106,0.106,0.021433355211280286
816,908,92,0.092,0.02099914666172117
678,839,161,0.161,0.021430494136177005
826,913,87,0.087,0.0211093574417755
786,893,107,0.107,0.02121131549682468
784,892,108,0.108,0.021074225079268216
710,855,145,0.145,0.020594390879385173
774,887,113,0.113,0.021404233898036182
778,889,111,0.111,0.021088609001599253
788,894,106,0.106,0.02095786997396499
810,905,95,0.095,0.020713985208421947
772,886,114,0.114,0.020786552200093865
776,888,112,0.112,0.020678562225773932
756,878,122,0.122,0.020962165664881467
794,897,103,0.103,0.020608793264254927
776,888,112,0.112,0.020380815128795804
790,895,105,0.105,0.020381481180898844
798,899,101,0.101,0.020335571428760885
774,887,113,0.113,0.02017905498854816
804,902,98,0.098,0.01967382232658565
798,899,101,0.101,0.019419106339104472
798,899,101,0.101,0.019647821173071862
776,888,112,0.112,0.01919852230604738
752,876,124,0.124,0.019076153947040438
760,880,120,0.12,0.019870217501185835
782,891,109,0.109,0.019206257624551654
762,881,119,0.119,0.018907845200970767
756,878,122,0.122,0.01931199595052749
778,889,111,0.111,0.01957814285904169
774,887,113,0.113,0.019152636406943202
744,872,128,0.128,0.019308635639958084
756,878,122,0.122,0.019516775408759714
808,904,96,0.096,0.018882900248281657
770,885,115,0.115,0.019210425736382604
830,915,85,0.085,0.018611912928521632
800,900,100,0.1,0.01911525429971516
788,894,106,0.106,0.018468872192315758
804,902,98,0.098,0.01871977351978421
750,875,125,0.125,0.018585925394669175
722,861,139,0.139,0.01883338930271566
788,894,106,0.106,0.01841724134236574
742,871,129,0.129,0.01866295909974724
640,820,180,0.18,0.018354091885499656
794,897,103,0.103,0.018207924298010766
748,874,126,0.126,0.01915646488312632
768,884,116,0.116,0.01855238087847829
798,899,101,0.101,0.018477937531657516
760,880,120,0.12,0.01822774824872613
776,888,112,0.112,0.019355876479297877
772,886,114,0.114,0.018745536044239997
780,890,110,0.11,0.018727371989749372
814,907,93,0.093,0.019128610112704336
800,900,100,0.1,0.018873809644021095
810,905,95,0.095,0.018973719978705048
762,881,119,0.119,0.01873477794416249
776,888,112,0.112,0.01823042821511626
718,859,141,0.141,0.018379434707574548
734,867,133,0.133,0.01843712803721428
724,862,138,0.138,0.018368896098807454
810,905,95,0.095,0.018139944100752474
768,884,116,0.116,0.01875434821192175
778,889,111,0.111,0.01878954560868442
752,876,124,0.124,0.01821945916581899
780,890,110,0.11,0.018708409112878143
782,891,109,0.109,0.01828900461178273
766,883,117,0.117,0.018731924107298254
768,884,116,0.116,0.01816337768174708
768,884,116,0.116,0.01853564906027168
748,874,126,0.126,0.01848523808363825
762,881,119,0.119,0.019109842187725008
756,878,122,0.122,0.018799302685074508
740,870,130,0.13,0.01877801281865686
748,874,126,0.126,0.019041281051933766
724,862,138,0.138,0.01909326740540564
784,892,108,0.108,0.019241989302448928
784,892,108,0.108,0.01926335554290563
782,891,109,0.109,0.01921296559739858
760,880,120,0.12,0.019314734996296466
746,873,127,0.127,0.019671825393103064
772,886,114,0.114,0.019397791443392633
784,892,108,0.108,0.01910085176397115
748,874,126,0.126,0.019493598605506122
768,884,116,0.116,0.019562944033183156
768,884,116,0.116,0.01929731705226004
768,884,116,0.116,0.019162392589263617
738,869,131,0.131,0.01937709180638194
806,903,97,0.097,0.02019302968028933
788,894,106,0.106,0.019107140574604272
792,896,104,0.104,0.019372019334696233
758,879,121,0.121,0.01958087730873376
714,857,143,0.143,0.019453047436662017
778,889,111,0.111,0.019347545057535172
782,891,109,0.109,0.01902335727214813
742,871,129,0.129,0.01985485254507512
794,897,103,0.103,0.019292027480900288
760,880,120,0.12,0.019542308936826885
744,872,128,0.128,0.01963746002409607
794,897,103,0.103,0.01957656661607325
764,882,118,0.118,0.01962454984895885
770,885,115,0.115,0.019770291687920688
722,861,139,0.139,0.019832771689631046
784,892,108,0.108,0.019721358962357043
784,892,108,0.108,0.019501135827973484
746,873,127,0.127,0.01960945275332779
748,874,126,0.126,0.020211876166053116
802,901,99,0.099,0.019997713246382772
828,914,86,0.086,0.01972808392252773
770,885,115,0.115,0.019735088677145542
760,880,120,0.12,0.019996120552532373
754,877,123,0.123,0.01969818525854498
754,877,123,0.123,0.018738479344174264
714,857,143,0.143,0.019546411731280387
706,853,147,0.147,0.01931830650847405
776,888,112,0.112,0.019606714270077645
748,874,126,0.126,0.020054129159078
