log_avg_ept_score,log_avg_succ_req,log_avg_blk_req,log_avg_BP_req,log_avg_entropy
-408,46,454,0.908,2.9943556513786316
-434,33,467,0.934,2.9943274564743043
-414,43,457,0.914,2.9943114919662475
-416,42,458,0.916,2.994267667770386
-432,34,466,0.932,2.993947109222412
-420,40,460,0.92,2.993960120201111
-432,34,466,0.932,2.9938887133598326
-422,39,461,0.922,2.993868646621704
-442,29,471,0.942,2.9932784790992737
-432,34,466,0.932,2.99302170419693
-436,32,468,0.936,2.992618749141693
-436,32,468,0.936,2.9928533501625063
-434,33,467,0.934,2.9914692053794862
-426,37,463,0.926,2.9912766418457033
-424,38,462,0.924,2.9907959938049316
-428,36,464,0.928,2.9907976779937746
-428,36,464,0.928,2.988979166507721
-440,30,470,0.94,2.988402397632599
-422,39,461,0.922,2.988248609542847
-432,34,466,0.932,2.987754552364349
-402,49,451,0.902,2.9845940942764284
-430,35,465,0.93,2.982667887687683
-420,40,460,0.92,2.98069655418396
-428,36,464,0.928,2.9809456486701964
-410,45,455,0.91,2.969111005783081
-378,61,439,0.878,2.9679868326187133
-384,58,442,0.884,2.959740895271301
-386,57,443,0.886,2.9606896677017214
-422,39,461,0.922,2.925867005825043
-396,52,448,0.896,2.925242066860199
-398,51,449,0.898,2.9106010022163393
-386,57,443,0.886,2.9104601378440855
-400,50,450,0.9,2.8385172715187075
-370,65,435,0.87,2.8321196336746217
-364,68,432,0.864,2.7831649198532102
-360,70,430,0.86,2.800155826330185
-318,91,409,0.818,2.5536895780563356
-308,96,404,0.808,2.5088825063705444
-264,118,382,0.764,2.3709205477237703
-268,116,384,0.768,2.4025301489830015
-56,222,278,0.556,1.9340108813345431
-14,243,257,0.514,1.8290506455898285
26,263,237,0.474,1.705504927225411
84,292,208,0.416,1.6365035940413364
230,365,135,0.27,1.097029757635668
236,368,132,0.264,1.1318954561722931
224,362,138,0.276,1.0869199358876795
240,370,130,0.26,1.0812538368405076
208,354,146,0.292,1.259097914364189
220,360,140,0.28,1.2951778092142194
138,319,181,0.362,1.4684280011951922
106,303,197,0.394,1.5744580445438623
74,287,213,0.426,1.9487248866371811
24,262,238,0.476,2.1165673221796752
10,255,245,0.49,2.0798368633165953
48,274,226,0.452,2.0236381393820047
-8,246,254,0.508,2.270140747517347
-42,229,271,0.542,2.313551497459412
16,258,242,0.484,2.265021074295044
2,251,249,0.498,2.322905099570751
8,254,246,0.492,2.338752406746149
4,252,248,0.496,2.3808121325969696
26,263,237,0.474,2.306923141181469
24,262,238,0.476,2.3219312041401863
-12,244,256,0.512,2.3394885271787644
4,252,248,0.496,2.291705158144236
-20,240,260,0.52,2.265323120459914
-2,249,251,0.502,2.3212837911844253
12,256,244,0.488,2.2495874332636596
36,268,232,0.464,2.2191457350850103
40,270,230,0.46,2.2169371457099913
20,260,240,0.48,2.2047081146985295
46,273,227,0.454,2.1754932947456838
128,314,186,0.372,2.067804261237383
98,299,201,0.402,2.086323408693075
88,294,206,0.412,2.116358262658119
60,280,220,0.44,2.0744867847263815
88,294,206,0.412,2.0202556959316134
66,283,217,0.434,1.9503827688694
96,298,202,0.404,1.9410837875306606
164,332,168,0.336,1.740749822884798
174,337,163,0.326,1.6672567015439272
154,327,173,0.346,1.6206886411719024
150,325,175,0.35,1.6382160294004715
202,351,149,0.298,1.392490206692368
212,356,144,0.288,1.3474301534816622
216,358,142,0.284,1.3174744408996775
236,368,132,0.264,1.25238195014745
234,367,133,0.266,0.9572065660016796
328,414,86,0.172,0.8610728726229864
300,400,100,0.2,0.7842065242480021
298,399,101,0.202,0.7273641419259366
400,450,50,0.1,0.3000869020122127
342,421,79,0.158,0.22803071734651836
380,440,60,0.12,0.19172658679819762
344,422,78,0.156,0.182986545900999
362,431,69,0.138,0.06751252624874005
392,446,54,0.108,0.029018768398456133
400,450,50,0.1,0.013598677404137447
328,414,86,0.172,0.021407016551199688
386,443,57,0.114,0.0029918178991679553
356,428,72,0.144,0.0013780682548688787
384,442,58,0.116,0.005789487873291989
386,443,57,0.114,0.002216716157589076
374,437,63,0.126,0.0020011126095782856
372,436,64,0.128,0.0035164770258589613
400,450,50,0.1,0.0014353147090476455
386,443,57,0.114,0.00015452865645391967
388,444,56,0.112,0.00018323123928894346
360,430,70,0.14,0.00034153840173743787
376,438,62,0.124,0.00034694612040257766
378,439,61,0.122,0.0005613316260075294
406,453,47,0.094,0.00043300102050429246
372,436,64,0.128,0.00015990822924976555
396,448,52,0.104,0.000266255309493431
330,415,85,0.17,0.0013917547305930214
386,443,57,0.114,0.00031427992575660824
382,441,59,0.118,0.00038451267029407176
322,411,89,0.178,0.0005644919030324331
388,444,56,0.112,0.00013576152399713236
366,433,67,0.134,0.0002667225008696619
380,440,60,0.12,7.681536578448345e-05
386,443,57,0.114,0.000661742769350667
354,427,73,0.146,0.0013170287016563975
410,455,45,0.09,3.431632459489719e-05
406,453,47,0.094,6.408756153456352e-05
356,428,72,0.144,0.0004449615055294771
324,412,88,0.176,0.0001843530803992337
370,435,65,0.13,0.0004198614700392227
358,429,71,0.142,5.079603340885797e-05
362,431,69,0.138,0.0038208506244449152
366,433,67,0.134,7.968621145050748e-05
386,443,57,0.114,0.0005368404815563963
384,442,58,0.116,0.0018237486325641044
348,424,76,0.152,0.001641341605347435
362,431,69,0.138,0.0021141437370037295
408,454,46,0.092,0.004528013073580155
382,441,59,0.118,0.0005324851743099828
388,444,56,0.112,0.002613406659390563
348,424,76,0.152,0.001290773123607238
388,444,56,0.112,0.00032120208890268033
402,451,49,0.098,0.0011783469198371392
408,454,46,0.092,0.000535321017292091
402,451,49,0.098,0.0044208348053768705
380,440,60,0.12,0.0014829625157571798
380,440,60,0.12,0.004383058845113993
418,459,41,0.082,0.000505487451958146
432,466,34,0.068,3.513726442878351e-05
380,440,60,0.12,9.229302851855437e-05
398,449,51,0.102,3.5806226112441666e-05
388,444,56,0.112,3.491802812277456e-06
360,430,70,0.14,0.001031937664898777
426,463,37,0.074,0.000188473486327581
412,456,44,0.088,5.192029218980565e-05
362,431,69,0.138,0.001022590753271544
386,443,57,0.114,0.0007947784457584249
408,454,46,0.092,0.00015385530330004827
368,434,66,0.132,0.000999652317664868
384,442,58,0.116,0.00013384967364973478
404,452,48,0.096,3.955161265292872e-05
394,447,53,0.106,0.0026624617616750187
422,461,39,0.078,5.576509534259344e-05
400,450,50,0.1,2.191519446043344e-05
412,456,44,0.088,1.3559312273656588e-05
408,454,46,0.092,0.0009554560863221013
392,446,54,0.108,8.152097430686923e-05
298,399,101,0.202,0.0023326560376064264
326,413,87,0.174,0.00037180485730408465
384,442,58,0.116,0.0023991488824696887
362,431,69,0.138,0.00015069332363469812
388,444,56,0.112,1.0080491474440123e-05
396,448,52,0.104,4.902445197606653e-05
386,443,57,0.114,0.0007671951594094537
322,411,89,0.178,0.0037446854205464035
352,426,74,0.148,0.0008388626539820052
380,440,60,0.12,0.0001947144960740843
354,427,73,0.146,0.0001548346526977582
368,434,66,0.132,0.00026398309682835477
358,429,71,0.142,0.0001814510804177303
402,451,49,0.098,0.00011318542482405291
396,448,52,0.104,4.732223666101731e-05
384,442,58,0.116,5.018643328665462e-05
394,447,53,0.106,6.566838999327729e-05
354,427,73,0.146,0.0003343001760464972
374,437,63,0.126,0.0012241393058852169
418,459,41,0.082,4.194180592932639e-05
394,447,53,0.106,0.00015459779278546648
410,455,45,0.09,0.0002876699740114077
420,460,40,0.08,0.000466109079511142
380,440,60,0.12,0.0001806769601972462
344,422,78,0.156,0.0002391760543528676
404,452,48,0.096,9.099619528373637e-05
398,449,51,0.102,5.421019522563597e-05
384,442,58,0.116,3.539880275178575e-05
388,444,56,0.112,4.9196007915782045e-05
382,441,59,0.118,4.6990037354589734e-05
422,461,39,0.078,0.0012817617294294905
358,429,71,0.142,0.00012225401876389696
414,457,43,0.086,3.543828229408064e-05
432,466,34,0.068,5.1966034663166734e-06
362,431,69,0.138,0.0008090508854262453
360,430,70,0.14,0.0014062567708063795
412,456,44,0.088,1.733271057929642e-05
380,440,60,0.12,0.002695918277549765
362,431,69,0.138,0.0002831466228609543
378,439,61,0.122,0.00180885924802638
386,443,57,0.114,8.308202261807195e-05
396,448,52,0.104,1.3410363911447121e-05
408,454,46,0.092,4.3018165042923325e-05
292,396,104,0.208,0.002912559478592215
368,434,66,0.132,0.0003657549339496597
410,455,45,0.09,9.259867855050174e-05
358,429,71,0.142,7.515974085640665e-05
388,444,56,0.112,0.00010187832320931989
354,427,73,0.146,1.761050009648102e-05
426,463,37,0.074,0.0004537171289923094
424,462,38,0.076,2.025351257765351e-05
404,452,48,0.096,0.002888764117700134
370,435,65,0.13,0.000385512927698187
392,446,54,0.108,0.00043155190938358603
368,434,66,0.132,5.374686271457563e-05
370,435,65,0.13,2.9941580184384975e-05
368,434,66,0.132,5.356022024588469e-05
398,449,51,0.102,0.00018210937569503472
376,438,62,0.124,0.004183341523029099
450,475,25,0.05,6.940844456892137e-06
400,450,50,0.1,6.231977665777322e-06
402,451,49,0.098,0.002088474201932115
362,431,69,0.138,0.00022638149961304066
382,441,59,0.118,2.892516612689633e-05
392,446,54,0.108,7.60747796931298e-05
396,448,52,0.104,2.35343951854361e-06
404,452,48,0.096,0.004162551356686691
356,428,72,0.144,1.8021459934630003e-05
376,438,62,0.124,0.0008591062684419342
368,434,66,0.132,0.0013247146774749581
362,431,69,0.138,0.00018073995142816557
370,435,65,0.13,0.0011778119168995146
386,443,57,0.114,1.1508097817085172e-05
346,423,77,0.154,0.0013861099489249399
376,438,62,0.124,5.3392817497126545e-05
410,455,45,0.09,1.0403570847671518e-05
368,434,66,0.132,7.209095430761181e-05
362,431,69,0.138,1.2326360341290865e-05
378,439,61,0.122,0.0032177832768120426
380,440,60,0.12,9.319888546158949e-05
392,446,54,0.108,2.6908458248698252e-05
396,448,52,0.104,0.00019798739047013214
388,444,56,0.112,0.00018814826095186275
398,449,51,0.102,2.9804803531078505e-05
390,445,55,0.11,4.727523274851819e-06
348,424,76,0.152,0.00016636434581417348
394,447,53,0.106,0.0003313888723699279
408,454,46,0.092,0.0003672933003444143
364,432,68,0.136,3.9223816457763404e-05
388,444,56,0.112,0.00220219794991246
380,440,60,0.12,1.2678414087247347e-05
394,447,53,0.106,2.303981592086757e-05
388,444,56,0.112,1.1947620996778596e-05
382,441,59,0.118,1.7938882248728304e-05
390,445,55,0.11,5.822820839938459e-06
394,447,53,0.106,8.916547865740653e-05
368,434,66,0.132,0.00030306174822354137
380,440,60,0.12,0.0004238252632009676
398,449,51,0.102,2.9301128214740402e-06
364,432,68,0.136,1.6667127159962547e-05
368,434,66,0.132,3.097146493900027e-05
376,438,62,0.124,0.0001531923880777697
408,454,46,0.092,7.4152167783836376e-06
362,431,69,0.138,9.413875222605839e-06
376,438,62,0.124,3.62623293754325e-05
386,443,57,0.114,3.2031407220671326e-05
372,436,64,0.128,0.00028951024844982954
400,450,50,0.1,5.9818683387987904e-05
374,437,63,0.126,0.00010527230428209578
394,447,53,0.106,2.501243031025524e-05
384,442,58,0.116,0.002105179348142059
316,408,92,0.184,0.002657764233261446
410,455,45,0.09,8.220690636989048e-06
362,431,69,0.138,0.0020123979327403277
426,463,37,0.074,1.064322034940801e-05
390,445,55,0.11,0.0002220038447119066
390,445,55,0.11,3.062600080187394e-05
372,436,64,0.128,6.3965313291873824e-06
398,449,51,0.102,0.00013582994669380355
378,439,61,0.122,0.00045328950185981396
350,425,75,0.15,0.0008785088425433685
374,437,63,0.126,1.4623367137886589e-05
350,425,75,0.15,0.0017056471437756785
396,448,52,0.104,7.164471773478454e-06
374,437,63,0.126,0.00026806026369891354
404,452,48,0.096,0.00014628628691281165
410,455,45,0.09,7.945906082511556e-06
380,440,60,0.12,4.635574919899454e-05
320,410,90,0.18,5.283814850778867e-05
364,432,68,0.136,1.1632379224352007e-05
362,431,69,0.138,4.4367712190336304e-05
366,433,67,0.134,0.0003366704747507185
386,443,57,0.114,2.658181267614168e-05
366,433,67,0.134,0.00016593757005787778
402,451,49,0.098,1.4924746236687269e-05
384,442,58,0.116,0.0002916729644316831
362,431,69,0.138,6.37647898052478e-05
346,423,77,0.154,0.0014081587974211515
384,442,58,0.116,3.4952189081423058e-06
402,451,49,0.098,1.5825766994538525e-05
396,448,52,0.104,5.6888361195859715e-05
362,431,69,0.138,3.898508046577831e-05
392,446,54,0.108,0.00023639601502372897
338,419,81,0.162,5.7750951012167204e-05
348,424,76,0.152,0.00038444214506696997
384,442,58,0.116,4.884513956653791e-06
354,427,73,0.146,4.4472243823463485e-05
404,452,48,0.096,5.739858856344426e-06
404,452,48,0.096,0.00023594714792747596
374,437,63,0.126,0.0001366844607222788
368,434,66,0.132,0.0007057308100706336
348,424,76,0.152,0.0005640183614610521
420,460,40,0.08,5.149801161593359e-05
374,437,63,0.126,0.0015875097437881322
370,435,65,0.13,6.793969217594053e-05
390,445,55,0.11,4.347762146622358e-05
360,430,70,0.14,0.0004689923908678111
344,422,78,0.156,0.00016848527918836
336,418,82,0.164,0.00011998087811977598
356,428,72,0.144,0.0012566685019933742
404,452,48,0.096,1.3427432375891613e-05
370,435,65,0.13,4.944103876238159e-05
374,437,63,0.126,4.09214883399045e-05
424,462,38,0.076,1.2018635327564198e-05
408,454,46,0.092,2.3605955206477346e-05
408,454,46,0.092,4.348993134826173e-05
404,452,48,0.096,2.9255708392611267e-05
354,427,73,0.146,2.3459066269538197e-05
366,433,67,0.134,1.1965809056817989e-05
398,449,51,0.102,2.8347772203858315e-06
414,457,43,0.086,7.892175973694294e-06
362,431,69,0.138,1.3336608830940121e-05
398,449,51,0.102,5.875449051148962e-05
396,448,52,0.104,1.1555117764942224e-05
390,445,55,0.11,3.5241319077385925e-06
412,456,44,0.088,2.8656994783830216e-05
420,460,40,0.08,1.964370492223111e-05
342,421,79,0.158,0.001219996225423671
386,443,57,0.114,1.1128334242187065e-05
372,436,64,0.128,1.0195598447950261e-05
390,445,55,0.11,0.00011944248635577992
376,438,62,0.124,1.7548455832326226e-05
412,456,44,0.088,0.0011749573218706076
380,440,60,0.12,0.00013976728459059017
362,431,69,0.138,1.5161737847904533e-05
374,437,63,0.126,5.6206950799918334e-05
400,450,50,0.1,0.00030612114485344935
346,423,77,0.154,5.496053197219908e-06
370,435,65,0.13,1.948668764933359e-05
386,443,57,0.114,2.961230916639579e-06
398,449,51,0.102,4.317684792795262e-06
392,446,54,0.108,1.168162926325067e-05
396,448,52,0.104,4.276358012930359e-06
408,454,46,0.092,1.9492819095688675e-05
392,446,54,0.108,1.596406220247104e-05
362,431,69,0.138,0.001084989217691657
398,449,51,0.102,3.0461395177496797e-06
372,436,64,0.128,0.0009754885929179693
406,453,47,0.094,3.855426711680821e-06
400,450,50,0.1,1.7522073367786105e-06
398,449,51,0.102,0.00021591528080475085
388,444,56,0.112,0.001101694213034932
382,441,59,0.118,0.0024447461831312864
410,455,45,0.09,0.0012764456043326219
402,451,49,0.098,1.3008807946192747e-05
400,450,50,0.1,1.5225063917938541e-05
336,418,82,0.164,2.4183584844109873e-05
382,441,59,0.118,1.3228313051769192e-05
364,432,68,0.136,0.00011373365090801712
416,458,42,0.084,5.98107125218803e-05
426,463,37,0.074,7.987767751927776e-06
358,429,71,0.142,8.83673878229274e-06
418,459,41,0.082,1.1108354659199904e-05
424,462,38,0.076,2.608905469060119e-06
360,430,70,0.14,0.0001343706552390529
444,472,28,0.056,0.0006365957377507527
400,450,50,0.1,3.1401240495654293e-06
390,445,55,0.11,3.1843893699800673e-05
364,432,68,0.136,1.921859882259014e-06
372,436,64,0.128,0.0007884971785267964
374,437,63,0.126,4.496472617830705e-06
368,434,66,0.132,7.861844786475558e-06
372,436,64,0.128,1.1331952638158783e-05
392,446,54,0.108,0.0009271896221297311
364,432,68,0.136,8.363802777068941e-05
416,458,42,0.084,0.00019239880420937537
388,444,56,0.112,9.849382965185783e-05
376,438,62,0.124,1.1142093554553867e-05
386,443,57,0.114,0.00014989147014426863
396,448,52,0.104,0.0021347599938159193
382,441,59,0.118,1.69681806192159e-05
392,446,54,0.108,9.515954363763513e-06
402,451,49,0.098,2.111496901207488e-05
404,452,48,0.096,3.666448037890291e-05
396,448,52,0.104,0.000433978783494041
416,458,42,0.084,1.2592436079415847e-05
350,425,75,0.15,1.5836094548518532e-05
362,431,69,0.138,6.229271578462203e-06
380,440,60,0.12,1.8566837346781995e-05
358,429,71,0.142,8.114616390997753e-06
354,427,73,0.146,0.0005243128855199189
372,436,64,0.128,5.762196417799714e-05
392,446,54,0.108,7.221607061097757e-06
398,449,51,0.102,6.464417154057855e-05
424,462,38,0.076,5.440276626586637e-06
376,438,62,0.124,1.388258034160117e-05
416,458,42,0.084,0.00014864384572172185
354,427,73,0.146,3.0677771195485094e-05
358,429,71,0.142,0.00012544274473867743
392,446,54,0.108,5.713404091665098e-06
356,428,72,0.144,0.00012126011649951351
354,427,73,0.146,0.0011446271507880113
330,415,85,0.17,0.0007653717786773484
376,438,62,0.124,7.847418697195963e-06
376,438,62,0.124,0.0005753800834929734
392,446,54,0.108,4.536889673036626e-05
400,450,50,0.1,0.0007140349702515323
370,435,65,0.13,1.6874084618564212e-05
422,461,39,0.078,2.274095533550735e-06
426,463,37,0.074,0.0006424659952247964
364,432,68,0.136,3.939165435241421e-06
416,458,42,0.084,3.089511167544856e-05
388,444,56,0.112,0.00025097700338943694
390,445,55,0.11,1.0381615287826661e-06
386,443,57,0.114,3.7230335786091474e-06
358,429,71,0.142,6.45875473230717e-06
388,444,56,0.112,1.2312991931366924e-06
428,464,36,0.072,5.516398074689733e-07
388,444,56,0.112,9.427884705530687e-07
436,468,32,0.064,1.7717489197366376e-07
404,452,48,0.096,0.0004798731885326504
366,433,67,0.134,4.562896286756768e-06
420,460,40,0.08,2.044553441720609e-06
348,424,76,0.152,3.5936945778871634e-06
402,451,49,0.098,7.666445958989243e-07
394,447,53,0.106,1.1835463934346535e-06
430,465,35,0.07,2.966677570526599e-06
390,445,55,0.11,9.980945453918366e-06
344,422,78,0.156,3.6660453009176307e-06
350,425,75,0.15,0.00011633350296193612
394,447,53,0.106,4.411864334889515e-05
390,445,55,0.11,1.1004754625218994e-05
390,445,55,0.11,3.1344253538065913e-06
368,434,66,0.132,0.0006911998011325408
400,450,50,0.1,0.000732863707880881
332,416,84,0.168,7.056602613099017e-05
396,448,52,0.104,2.492683105458582e-06
368,434,66,0.132,1.502651791750509e-05
394,447,53,0.106,6.6071371381042355e-06
334,417,83,0.166,1.1165728360055028e-05
372,436,64,0.128,0.0007696093578996113
378,439,61,0.122,8.176289125626113e-05
412,456,44,0.088,9.731060878351628e-06
340,420,80,0.16,0.00010435776436946753
378,439,61,0.122,3.463703221314063e-06
378,439,61,0.122,0.0010501259974745665
378,439,61,0.122,0.0007350190249977118
386,443,57,0.114,1.4869630571922698e-05
382,441,59,0.118,5.674337235575422e-06
428,464,36,0.072,3.4646331494627702e-06
352,426,74,0.148,1.1940065017000734e-05
362,431,69,0.138,7.99453817826361e-05
408,454,46,0.092,0.0004794696643851921
344,422,78,0.156,0.0002938958969113514
392,446,54,0.108,1.1999548031838002e-06
342,421,79,0.158,1.479949742187614e-05
384,442,58,0.116,3.798193525537385e-05
374,437,63,0.126,6.103453972059469e-07
414,457,43,0.086,9.185082686997248e-06
418,459,41,0.082,8.249272566217769e-06
386,443,57,0.114,0.00038843175091992065
366,433,67,0.134,1.1490541168200252e-05
398,449,51,0.102,1.1093560322876783e-06
436,468,32,0.064,7.634707578176858e-07
374,437,63,0.126,0.00038322732507816684
392,446,54,0.108,5.688205323906459e-06
352,426,74,0.148,1.2179343936509213e-06
386,443,57,0.114,0.0004919412762235425
400,450,50,0.1,6.001976787217699e-07
378,439,61,0.122,1.8230304633192417e-05
374,437,63,0.126,6.693813489988543e-06
386,443,57,0.114,0.0001255755224848656
418,459,41,0.082,6.008286815131214e-06
370,435,65,0.13,4.020662046039547e-05
392,446,54,0.108,4.968607727525409e-05
386,443,57,0.114,1.645637219334617e-05
394,447,53,0.106,4.110066750342867e-06
418,459,41,0.082,0.00017173859523978764
424,462,38,0.076,2.582078928355713e-06
398,449,51,0.102,4.86975175693658e-05
370,435,65,0.13,0.0008020389026290786
382,441,59,0.118,5.108208417138371e-05
410,455,45,0.09,6.030104392948488e-06
390,445,55,0.11,0.0005219832379674755
368,434,66,0.132,3.681278172933844e-06
342,421,79,0.158,1.715909808919491e-05
394,447,53,0.106,6.2529400078688015e-06
374,437,63,0.126,1.5416145159008465e-06
374,437,63,0.126,0.0005386376823338423
406,453,47,0.094,1.0257311510969203e-05
358,429,71,0.142,4.3887628681318345e-06
352,426,74,0.148,0.00013976926103924825
348,424,76,0.152,0.0009548420318848798
372,436,64,0.128,1.3598980177079056e-05
396,448,52,0.104,1.1584562167541889e-05
374,437,63,0.126,1.644717249524774e-05
400,450,50,0.1,1.3415772743343268e-05
396,448,52,0.104,0.00012185533144446481
390,445,55,0.11,1.981329135998067e-05
372,436,64,0.128,8.596659299968224e-06
418,459,41,0.082,9.31623413748639e-07
350,425,75,0.15,4.427787712813825e-06
378,439,61,0.122,5.3183358516434966e-05
370,435,65,0.13,0.0005348290932116129
422,461,39,0.078,0.0004880481392266915
360,430,70,0.14,6.120028474839501e-06
398,449,51,0.102,1.5870250925047458e-06
384,442,58,0.116,9.690740771276295e-06
388,444,56,0.112,0.00038651056666938645
356,428,72,0.144,5.655264910586766e-06
388,444,56,0.112,0.0003034408346053681
376,438,62,0.124,0.0003939460618081796
372,436,64,0.128,4.1001327887215666e-05
348,424,76,0.152,2.3391477443794883e-06
336,418,82,0.164,0.0003547300425805133
380,440,60,0.12,8.214053084429906e-06
378,439,61,0.122,0.0007387105751546414
426,463,37,0.074,5.227046358612597e-06
340,420,80,0.16,0.00037261923683445274
370,435,65,0.13,0.0005258892161293431
408,454,46,0.092,1.1792220075221848e-06
380,440,60,0.12,3.936028435191474e-06
364,432,68,0.136,5.229080914574524e-06
380,440,60,0.12,4.923704008945151e-06
364,432,68,0.136,6.383972295196827e-06
388,444,56,0.112,5.293338224362287e-06
400,450,50,0.1,2.1096741076007675e-06
376,438,62,0.124,6.2144149555081184e-06
370,435,65,0.13,0.0003623585195232124
394,447,53,0.106,1.623692373726726e-06
402,451,49,0.098,4.349201104162148e-06
418,459,41,0.082,3.434195724270239e-05
392,446,54,0.108,3.1560794566019014e-06
366,433,67,0.134,0.0002519042158047853
386,443,57,0.114,7.210000178417885e-06
384,442,58,0.116,2.512268077992985e-06
416,458,42,0.084,4.80589161639955e-07
418,459,41,0.082,1.110476042299524e-06
396,448,52,0.104,0.0001584268659383099
400,450,50,0.1,0.00023603791199030866
384,442,58,0.116,0.00025419741669432483
380,440,60,0.12,2.2383523841824624e-06
372,436,64,0.128,2.468130753251785e-05
352,426,74,0.148,6.822716213690683e-05
362,431,69,0.138,1.0643627033175563e-06
352,426,74,0.148,0.0002259192941134529
404,452,48,0.096,4.538438843042059e-06
422,461,39,0.078,5.12265068178408e-06
400,450,50,0.1,8.827556056019149e-06
372,436,64,0.128,2.5277884295746844e-06
410,455,45,0.09,3.2002005742413075e-06
390,445,55,0.11,1.0496598711938533e-05
392,446,54,0.108,9.024957177788906e-05
376,438,62,0.124,0.0003329842287810436
376,438,62,0.124,5.625335313908408e-06
386,443,57,0.114,1.418757235086332e-06
376,438,62,0.124,5.205282285345447e-06
370,435,65,0.13,4.968440195682433e-06
396,448,52,0.104,4.879797327475899e-06
424,462,38,0.076,3.014230963628961e-06
420,460,40,0.08,1.7425446541210476e-06
404,452,48,0.096,4.782644439217165e-06
386,443,57,0.114,4.226606951934286e-05
426,463,37,0.074,6.434752806143251e-06
378,439,61,0.122,0.00013626218417235237
378,439,61,0.122,1.5317841629041595e-05
350,425,75,0.15,1.8107381573088333e-05
344,422,78,0.156,0.0004414770594720494
394,447,53,0.106,1.93839005383154e-05
388,444,56,0.112,3.609650257158137e-05
354,427,73,0.146,4.062067651403822e-06
416,458,42,0.084,8.426893625141929e-07
380,440,60,0.12,0.0003011543628133211
366,433,67,0.134,1.761034086294444e-05
396,448,52,0.104,4.545384563783728e-06
392,446,54,0.108,8.103539861281207e-06
372,436,64,0.128,4.0609742109154465e-07
376,438,62,0.124,1.1498561331876545e-05
354,427,73,0.146,2.8234336024013374e-06
360,430,70,0.14,5.75867129452945e-06
380,440,60,0.12,8.614768237521276e-06
380,440,60,0.12,2.9957191121724236e-05
374,437,63,0.126,1.110664084023938e-06
364,432,68,0.136,0.00010004937949273085
364,432,68,0.136,9.675719631047741e-06
358,429,71,0.142,0.0005496357714051499
402,451,49,0.098,3.0421353105566595e-05
360,430,70,0.14,0.0001782003996275705
358,429,71,0.142,0.0006129964225220874
354,427,73,0.146,3.789284785938207e-06
382,441,59,0.118,8.365251639872895e-06
382,441,59,0.118,0.00036247552789421886
370,435,65,0.13,3.131770038658033e-05
378,439,61,0.122,3.8587403399503726e-06
376,438,62,0.124,7.687364900164085e-07
406,453,47,0.094,4.594992814986654e-06
354,427,73,0.146,3.893778027929784e-06
412,456,44,0.088,2.840151183505668e-06
360,430,70,0.14,0.00013679603923452533
378,439,61,0.122,5.694345788242572e-06
384,442,58,0.116,2.922032699967758e-05
378,439,61,0.122,0.0002673286516682083
412,456,44,0.088,7.493784417249572e-07
358,429,71,0.142,0.0003465376401237563
386,443,57,0.114,1.6902244585196512e-05
378,439,61,0.122,5.426149510017808e-05
376,438,62,0.124,2.5461082645307443e-05
326,413,87,0.174,7.415027379664707e-06
412,456,44,0.088,8.005353299324724e-06
344,422,78,0.156,5.289425851759688e-05
368,434,66,0.132,0.000276656795954267
348,424,76,0.152,0.0005325842905193099
390,445,55,0.11,1.399361686904399e-05
380,440,60,0.12,1.3877912007473015e-05
404,452,48,0.096,1.4978675904302464e-05
366,433,67,0.134,1.6835511940257673e-05
390,445,55,0.11,7.858245681433119e-06
396,448,52,0.104,3.8123770852507735e-05
350,425,75,0.15,1.3267622276771362e-06
374,437,63,0.126,1.4386054513693126e-06
382,441,59,0.118,1.2101302606680519e-05
374,437,63,0.126,1.1446613670017314e-05
386,443,57,0.114,2.5061503460506173e-06
426,463,37,0.074,1.895216038548142e-06
336,418,82,0.164,3.914322508734358e-05
410,455,45,0.09,2.4090262303104738e-06
402,451,49,0.098,2.787100055314795e-06
398,449,51,0.102,2.1487489602520783e-06
400,450,50,0.1,9.094380748024378e-06
356,428,72,0.144,0.00014790695783875664
396,448,52,0.104,5.165874120422132e-06
382,441,59,0.118,5.264459788435261e-06
376,438,62,0.124,2.7316859421887328e-05
366,433,67,0.134,4.769417851861135e-06
338,419,81,0.162,1.3136071451867793e-05
384,442,58,0.116,1.1000939962286793e-06
388,444,56,0.112,0.00027517858006820007
422,461,39,0.078,1.919566976170017e-06
384,442,58,0.116,4.906802766299734e-06
380,440,60,0.12,0.0002722542830870509
386,443,57,0.114,0.00023334036624081023
388,444,56,0.112,2.1769147051770688e-05
378,439,61,0.122,4.708025445268049e-07
358,429,71,0.142,7.699341225497847e-05
356,428,72,0.144,0.00012283950097821615
376,438,62,0.124,0.00021791678266973235
394,447,53,0.106,3.171473506711209e-06
382,441,59,0.118,0.0001266456908695659
352,426,74,0.148,1.8582230826780233e-06
380,440,60,0.12,1.8233700982932533e-06
368,434,66,0.132,9.377738594679385e-06
384,442,58,0.116,3.0145663538945655e-05
402,451,49,0.098,6.491981053954987e-06
346,423,77,0.154,2.7375101089660346e-05
368,434,66,0.132,7.079243149775038e-06
398,449,51,0.102,9.872802997705321e-06
386,443,57,0.114,1.0634108748917015e-05
396,448,52,0.104,1.6145384600179113e-06
372,436,64,0.128,1.209257280413567e-05
392,446,54,0.108,9.002189157797601e-06
370,435,65,0.13,2.912708349981585e-06
394,447,53,0.106,1.1684608084863157e-06
378,439,61,0.122,8.286150325795916e-05
378,439,61,0.122,8.038459839752932e-06
384,442,58,0.116,2.724359395074316e-07
376,438,62,0.124,0.000151119704719747
366,433,67,0.134,7.576714967001408e-07
376,438,62,0.124,1.4460602363044473e-06
360,430,70,0.14,1.7820371592449647e-06
430,465,35,0.07,1.740119828070874e-07
356,428,72,0.144,1.1224913642223556e-05
364,432,68,0.136,3.8102802474213606e-06
406,453,47,0.094,1.7216630221810193e-06
400,450,50,0.1,8.862473344208866e-07
382,441,59,0.118,2.4074640682812287e-05
372,436,64,0.128,1.1351508017298784e-06
360,430,70,0.14,8.373679095399211e-05
432,466,34,0.068,3.0984559570867987e-06
396,448,52,0.104,7.87679998060753e-06
364,432,68,0.136,3.846708646497632e-05
404,452,48,0.096,4.555677472154684e-06
384,442,58,0.116,0.0001904237785152816
398,449,51,0.102,8.096285144537773e-05
408,454,46,0.092,9.89779534762647e-07
356,428,72,0.144,2.8894549574118854e-05
376,438,62,0.124,1.3944671802676112e-05
406,453,47,0.094,2.60137737916466e-06
406,453,47,0.094,8.989274473947262e-07
344,422,78,0.156,4.4451130984271e-06
406,453,47,0.094,5.054598677645572e-06
368,434,66,0.132,5.878699887176708e-06
396,448,52,0.104,2.656659241694115e-06
366,433,67,0.134,6.998035798915225e-07
410,455,45,0.09,3.831592168410225e-06
382,441,59,0.118,6.409138131715508e-06
336,418,82,0.164,3.2488307895164325e-06
350,425,75,0.15,3.4802694474365127e-06
344,422,78,0.156,3.3928243121295054e-06
402,451,49,0.098,1.980174047915284e-05
386,443,57,0.114,0.00028386020688645885
362,431,69,0.138,5.821251346787903e-06
368,434,66,0.132,3.6256391750271177e-06
380,440,60,0.12,2.0757625572400683e-06
342,421,79,0.158,0.0002921246165196578
384,442,58,0.116,2.683264166932986e-06
342,421,79,0.158,0.0001627664738956014
422,461,39,0.078,6.992427435648097e-07
366,433,67,0.134,3.651950687117278e-05
396,448,52,0.104,5.0398207470152555e-06
352,426,74,0.148,0.00015529232247968138
378,439,61,0.122,9.886943796573177e-07
372,436,64,0.128,6.032977396358774e-06
384,442,58,0.116,2.162810026192119e-06
388,444,56,0.112,3.964876595631494e-06
356,428,72,0.144,4.247242073830648e-06
406,453,47,0.094,0.00010477612495174071
384,442,58,0.116,2.3838445451076495e-06
420,460,40,0.08,5.768533304149059e-07
406,453,47,0.094,2.36926783020408e-06
394,447,53,0.106,2.1760678686177925e-07
392,446,54,0.108,5.0823848813166704e-05
426,463,37,0.074,2.6329909366040737e-07
320,410,90,0.18,1.3133885580003834e-05
404,452,48,0.096,8.09237299307597e-07
378,439,61,0.122,1.077244158295798e-06
424,462,38,0.076,5.948785261011835e-07
388,444,56,0.112,6.077974461788926e-07
370,435,65,0.13,7.54843689092013e-05
392,446,54,0.108,9.322904397777165e-07
408,454,46,0.092,9.065065187883192e-07
402,451,49,0.098,7.3927804982929505e-06
394,447,53,0.106,2.0634114579735297e-05
380,440,60,0.12,0.00010758685641226861
414,457,43,0.086,3.2574736748642863e-06
384,442,58,0.116,7.034893706645562e-07
362,431,69,0.138,6.193544393551065e-05
360,430,70,0.14,1.7244708583945113e-05
364,432,68,0.136,2.9498865339405713e-06
400,450,50,0.1,2.438693397266434e-06
360,430,70,0.14,2.7259817936226227e-05
392,446,54,0.108,6.640597179398355e-06
372,436,64,0.128,4.298028676979016e-05
412,456,44,0.088,2.9158699082643124e-06
370,435,65,0.13,3.069725154830394e-06
360,430,70,0.14,2.079082174319069e-05
434,467,33,0.066,1.3723751256748073e-05
398,449,51,0.102,3.795803650035623e-06
394,447,53,0.106,4.573690992884849e-06
384,442,58,0.116,1.9476095941911352e-05
352,426,74,0.148,5.682682102809622e-05
360,430,70,0.14,1.5566153922463854e-06
384,442,58,0.116,3.203478260132897e-06
372,436,64,0.128,2.3664656924893277e-06
370,435,65,0.13,3.7189660135368285e-06
388,444,56,0.112,1.363919540523284e-06
402,451,49,0.098,2.2687319985436715e-05
370,435,65,0.13,1.5709235722766835e-05
422,461,39,0.078,9.389361990386647e-05
392,446,54,0.108,8.02027223895152e-06
404,452,48,0.096,1.6553881377490142e-07
360,430,70,0.14,5.030437591244663e-07
376,438,62,0.124,1.1418014924231556e-06
424,462,38,0.076,4.614314809748521e-05
352,426,74,0.148,0.00011141007874849151
426,463,37,0.074,2.8814266428867085e-07
410,455,45,0.09,5.748610488154782e-06
394,447,53,0.106,1.6648745743282235e-05
400,450,50,0.1,8.797668122059576e-05
406,453,47,0.094,8.196731252087375e-05
382,441,59,0.118,1.1482732024035158e-05
406,453,47,0.094,1.5781059162662813e-05
406,453,47,0.094,1.482992646145931e-06
332,416,84,0.168,0.00037414183653419286
340,420,80,0.16,1.0681001858472427e-06
406,453,47,0.094,4.551786133504265e-07
434,467,33,0.066,1.455946489633675e-05
394,447,53,0.106,1.4274446276772323e-05
410,455,45,0.09,5.646273756667597e-07
408,454,46,0.092,9.370937405719815e-06
408,454,46,0.092,0.00013755716475085934
380,440,60,0.12,1.7093552793312483e-06
352,426,74,0.148,2.469031637787111e-06
384,442,58,0.116,1.653276336065801e-05
372,436,64,0.128,4.499909585717887e-06
410,455,45,0.09,3.065932704345187e-06
346,423,77,0.154,4.35322853144271e-06
354,427,73,0.146,8.498388192180073e-06
368,434,66,0.132,4.555283402197574e-06
370,435,65,0.13,6.270033698433508e-05
400,450,50,0.1,3.233808564769447e-05
402,451,49,0.098,6.919224023249627e-07
406,453,47,0.094,4.1889783265105504e-05
360,430,70,0.14,6.262236555471645e-06
406,453,47,0.094,2.747071533349299e-06
392,446,54,0.108,2.690024619454334e-06
374,437,63,0.126,3.0512871358041595e-06
370,435,65,0.13,2.3476993909525844e-06
390,445,55,0.11,5.0843582798449915e-06
426,463,37,0.074,1.6774337440779163e-06
404,452,48,0.096,2.7222322663362775e-06
420,460,40,0.08,4.5633967133085207e-07
378,439,61,0.122,0.00010092326373865035
400,450,50,0.1,1.1592830934716858e-06
330,415,85,0.17,1.940064834718669e-05
396,448,52,0.104,3.263824079076016e-05
400,450,50,0.1,3.37822905899543e-06
372,436,64,0.128,2.1698904959151833e-05
380,440,60,0.12,2.1924040564726963e-06
378,439,61,0.122,0.0001097971270156961
402,451,49,0.098,8.941195225133924e-07
362,431,69,0.138,0.00010590539084111583
394,447,53,0.106,8.652416052115087e-06
346,423,77,0.154,2.0406105436450162e-06
364,432,68,0.136,7.792439612921954e-05
386,443,57,0.114,3.423136669866267e-05
394,447,53,0.106,6.702482529931331e-06
406,453,47,0.094,5.070335349159905e-07
434,467,33,0.066,2.4520048687861616e-06
368,434,66,0.132,5.844289387141543e-06
376,438,62,0.124,6.452440989403386e-05
376,438,62,0.124,5.408685123001078e-06
326,413,87,0.174,1.904614723372333e-05
364,432,68,0.136,2.0053658999103164e-05
370,435,65,0.13,4.231842469408775e-06
362,431,69,0.138,2.8578253564603528e-05
374,437,63,0.126,3.6198936918481196e-06
380,440,60,0.12,8.695571937607838e-06
358,429,71,0.142,5.162460830007376e-06
396,448,52,0.104,0.0001636288884692192
404,452,48,0.096,7.714342532381124e-07
380,440,60,0.12,7.302294202389703e-06
390,445,55,0.11,1.054244005217697e-06
388,444,56,0.112,1.9429994833046748e-05
430,465,35,0.07,2.9845915175314986e-06
368,434,66,0.132,1.5964070273639663e-06
384,442,58,0.116,1.8708984808711194e-05
410,455,45,0.09,2.401830970967467e-06
386,443,57,0.114,1.7629866718493758e-06
356,428,72,0.144,1.1209141116268028e-05
392,446,54,0.108,5.9634889937086655e-05
404,452,48,0.096,5.082242462549402e-06
378,439,61,0.122,6.168283109673211e-07
364,432,68,0.136,1.7038800456816716e-06
342,421,79,0.158,1.1839289782358263e-06
350,425,75,0.15,2.3736362077215744e-06
418,459,41,0.082,9.636644734570154e-06
372,436,64,0.128,4.810139402445657e-05
368,434,66,0.132,8.288286494462227e-07
394,447,53,0.106,4.6368105651595217e-07
390,445,55,0.11,5.985490825821671e-07
370,435,65,0.13,1.8918799294453948e-05
368,434,66,0.132,9.458835685819622e-06
396,448,52,0.104,7.333467422085959e-07
392,446,54,0.108,2.6416451523800786e-06
368,434,66,0.132,0.00010170097043487659
360,430,70,0.14,6.32279728534968e-06
374,437,63,0.126,4.4191976562046877e-05
400,450,50,0.1,6.761132746902376e-06
372,436,64,0.128,9.944065113450051e-05
382,441,59,0.118,3.87742101631261e-06
384,442,58,0.116,2.0918624462950674e-05
348,424,76,0.152,6.1670145203436274e-06
380,440,60,0.12,9.203216655905067e-05
364,432,68,0.136,2.7338690307857407e-05
370,435,65,0.13,5.213648795358949e-05
402,451,49,0.098,9.143373974183078e-06
372,436,64,0.128,3.6026670189244215e-06
376,438,62,0.124,2.0504541164712007e-06
330,415,85,0.17,0.00010192166445409612
378,439,61,0.122,1.977731804299765e-05
390,445,55,0.11,3.5839050238877234e-05
388,444,56,0.112,4.115331669225953e-06
368,434,66,0.132,1.0134468244103801e-05
386,443,57,0.114,1.8699944372258414e-05
388,444,56,0.112,4.868633659214083e-07
360,430,70,0.14,4.670823535235513e-05
410,455,45,0.09,3.0134450223613386e-06
354,427,73,0.146,2.5576070884767434e-06
406,453,47,0.094,2.4019874148279996e-06
376,438,62,0.124,1.3437510371375082e-05
392,446,54,0.108,1.1290498899541036e-06
386,443,57,0.114,5.90394794784288e-07
404,452,48,0.096,1.0072076383153216e-05
352,426,74,0.148,4.073654454998632e-06
378,439,61,0.122,8.169308846817103e-06
394,447,53,0.106,2.0138280788728479e-07
404,452,48,0.096,4.126074929047263e-07
390,445,55,0.11,1.7685208287048227e-06
416,458,42,0.084,1.3478651178786548e-06
314,407,93,0.186,1.0639322359025982e-05
360,430,70,0.14,1.673565944514621e-06
366,433,67,0.134,9.176134215323373e-06
398,449,51,0.102,3.619245301251794e-07
412,456,44,0.088,1.7467975358727016e-06
362,431,69,0.138,9.96197859080894e-07
410,455,45,0.09,6.126472503012792e-06
404,452,48,0.096,6.160474052029485e-05
414,457,43,0.086,5.868382554297114e-07
412,456,44,0.088,2.0100247138543636e-07
364,432,68,0.136,2.757140571588934e-06
352,426,74,0.148,8.614110627632954e-06
416,458,42,0.084,3.677480553562873e-06
366,433,67,0.134,8.265173310746832e-06
322,411,89,0.178,0.0001676389813888477
374,437,63,0.126,5.428903234815153e-06
364,432,68,0.136,5.802499257282534e-05
424,462,38,0.076,0.00010077327169048545
372,436,64,0.128,3.7906847543979436e-05
366,433,67,0.134,4.368921053924169e-06
374,437,63,0.126,1.822429337215681e-05
396,448,52,0.104,1.8406313180776122e-05
388,444,56,0.112,1.4730089832085014e-05
400,450,50,0.1,1.3079831283249631e-05
394,447,53,0.106,2.7787868086193157e-06
360,430,70,0.14,1.8077036345601984e-05
394,447,53,0.106,1.3319990611080357e-06
374,437,63,0.126,9.828135816550798e-05
366,433,67,0.134,9.483453846030443e-06
388,444,56,0.112,3.3575896648301296e-06
420,460,40,0.08,2.2883198838030694e-07
380,440,60,0.12,3.153581368167124e-06
366,433,67,0.134,9.544142587856186e-07
350,425,75,0.15,6.277119893297822e-06
408,454,46,0.092,6.757932843015624e-07
386,443,57,0.114,1.939183224237695e-06
388,444,56,0.112,2.2961828088341462e-07
376,438,62,0.124,1.1490133766244526e-05
396,448,52,0.104,5.1639033506518216e-05
422,461,39,0.078,1.990444831875493e-06
384,442,58,0.116,3.386263397703715e-05
392,446,54,0.108,1.932451118139511e-05
364,432,68,0.136,1.675772003181919e-06
386,443,57,0.114,7.07089928679352e-05
394,447,53,0.106,3.8726666186050806e-06
380,440,60,0.12,1.6644676129487835e-05
378,439,61,0.122,6.194868938166564e-05
352,426,74,0.148,6.534138985955451e-06
354,427,73,0.146,5.367229472909685e-06
376,438,62,0.124,7.590130577455057e-07
376,438,62,0.124,6.902968377542607e-05
354,427,73,0.146,2.6849871821923442e-06
380,440,60,0.12,5.58595511790827e-07
386,443,57,0.114,2.4113359692705673e-06
396,448,52,0.104,1.1839215743236764e-06
388,444,56,0.112,6.446497575325339e-07
396,448,52,0.104,5.500841032244352e-07
326,413,87,0.174,0.00010565601608422525
358,429,71,0.142,7.178343470002346e-07
396,448,52,0.104,6.378074604157291e-06
388,444,56,0.112,6.8408197345775075e-06
392,446,54,0.108,1.3455389462819767e-06
374,437,63,0.126,3.3135426404072635e-05
342,421,79,0.158,6.063381686658431e-05
404,452,48,0.096,2.538215186831394e-06
390,445,55,0.11,3.7329073801714686e-05
354,427,73,0.146,1.9450844780806164e-06
420,460,40,0.08,3.281535435917249e-07
388,444,56,0.112,5.811099327388547e-06
404,452,48,0.096,1.4025492731377653e-06
368,434,66,0.132,1.9871811614109448e-06
372,436,64,0.128,5.385424443934994e-05
380,440,60,0.12,1.1045021183235804e-06
394,447,53,0.106,1.3742773774083617e-06
392,446,54,0.108,1.3584941409590102e-06
406,453,47,0.094,1.1795777854786137e-06
360,430,70,0.14,3.73875593311368e-06
374,437,63,0.126,1.0063612959100965e-05
374,437,63,0.126,1.5461476002656128e-06
382,441,59,0.118,1.5621075746139468e-06
410,455,45,0.09,5.489628279633507e-07
404,452,48,0.096,4.682607252277648e-06
416,458,42,0.084,1.068278686773283e-06
394,447,53,0.106,2.4315679557673776e-06
368,434,66,0.132,4.277485606934306e-06
422,461,39,0.078,4.507906298073294e-06
390,445,55,0.11,9.01278593548227e-06
362,431,69,0.138,1.7463285606993396e-06
372,436,64,0.128,7.198573349569415e-07
374,437,63,0.126,1.2141375230498852e-06
400,450,50,0.1,1.8576710395734609e-06
390,445,55,0.11,1.484930082625624e-06
378,439,61,0.122,2.092229026686709e-06
396,448,52,0.104,1.2411553180697866e-06
380,440,60,0.12,4.207037435577377e-06
362,431,69,0.138,3.964114755063974e-06
382,441,59,0.118,2.5735002356270798e-06
410,455,45,0.09,8.784058302069297e-07
432,466,34,0.068,7.120309181743778e-06
352,426,74,0.148,1.8947284051762382e-06
426,463,37,0.074,4.2263252160523734e-07
336,418,82,0.164,1.2457936831253847e-06
374,437,63,0.126,4.984161951739452e-06
424,462,38,0.076,3.836391813933915e-07
442,471,29,0.058,2.2537798602684234e-07
394,447,53,0.106,3.301678804916719e-07
396,448,52,0.104,6.307109747183403e-07
386,443,57,0.114,1.1756676179857095e-05
426,463,37,0.074,8.534322500395319e-07
362,431,69,0.138,4.304479142814444e-05
368,434,66,0.132,2.6889651969668195e-06
398,449,51,0.102,1.503844365288387e-06
382,441,59,0.118,4.297256008101158e-07
386,443,57,0.114,1.0395713094055735e-06
392,446,54,0.108,1.2628872759563592e-05
366,433,67,0.134,8.389818029741036e-06
382,441,59,0.118,1.4883956653761744e-06
396,448,52,0.104,2.4741367016645197e-07
384,442,58,0.116,9.753301010022141e-06
388,444,56,0.112,7.595089405754152e-07
400,450,50,0.1,4.77169575390235e-07
376,438,62,0.124,1.6473352051775692e-06
464,482,18,0.036,1.192552840194594e-06
384,442,58,0.116,1.985478594150436e-06
380,440,60,0.12,8.62557351894111e-07
408,454,46,0.092,1.286636302779698e-07
420,460,40,0.08,1.6442696117451305e-06
372,436,64,0.128,1.9486257799854912e-05
422,461,39,0.078,7.650746190677182e-07
378,439,61,0.122,3.3446615931609357e-06
364,432,68,0.136,2.711004108277848e-07
336,418,82,0.164,6.150599257637168e-07
380,440,60,0.12,8.028570003943969e-07
358,429,71,0.142,3.9301558838332084e-05
372,436,64,0.128,1.6238294911971708e-05
388,444,56,0.112,1.972537482487269e-06
386,443,57,0.114,3.7445370456339333e-06
404,452,48,0.096,4.68898254040937e-05
376,438,62,0.124,5.069042705088122e-06
398,449,51,0.102,1.202474160265865e-06
390,445,55,0.11,2.304357584336003e-06
396,448,52,0.104,2.4640362676962014e-06
374,437,63,0.126,1.599247235378698e-05
386,443,57,0.114,4.820276471946272e-07
382,441,59,0.118,2.0166306924807033e-06
376,438,62,0.124,4.1500081042045167e-07
362,431,69,0.138,3.881283847135819e-07
432,466,34,0.068,1.6535018883701014e-07
356,428,72,0.144,9.871281123707831e-07
352,426,74,0.148,6.631873845037717e-07
410,455,45,0.09,2.283654770337762e-06
440,470,30,0.06,5.963982488594866e-07
366,433,67,0.134,2.3020145059717835e-05
350,425,75,0.15,9.254745986140734e-06
378,439,61,0.122,3.0400421868250758e-06
378,439,61,0.122,3.0936258914096013e-06
372,436,64,0.128,2.3114824779639777e-05
404,452,48,0.096,6.5892310282720245e-06
404,452,48,0.096,1.378017672726628e-05
394,447,53,0.106,5.0726671477491436e-05
398,449,51,0.102,3.391175002397517e-05
378,439,61,0.122,2.7034168358426313e-05
362,431,69,0.138,3.265517123566042e-06
362,431,69,0.138,1.4290724749628225e-06
356,428,72,0.144,4.2022087018267485e-07
398,449,51,0.102,3.2600275753509324e-06
374,437,63,0.126,2.067050057235065e-06
378,439,61,0.122,1.9442835327936336e-05
368,434,66,0.132,6.214020588939207e-05
364,432,68,0.136,2.7847829962013293e-06
366,433,67,0.134,4.4132128329010813e-07
404,452,48,0.096,4.730252962852433e-05
372,436,64,0.128,6.05477114805808e-06
394,447,53,0.106,1.9424231039408824e-06
380,440,60,0.12,7.690002872209334e-07
408,454,46,0.092,1.6435077552046096e-06
416,458,42,0.084,3.056877236247146e-07
392,446,54,0.108,3.413889028649919e-06
402,451,49,0.098,1.0236064923390132e-06
406,453,47,0.094,7.050492368136929e-07
422,461,39,0.078,4.3157400702398265e-07
390,445,55,0.11,2.438581895688685e-06
394,447,53,0.106,5.247979154887616e-07
374,437,63,0.126,5.428945410216102e-06
358,429,71,0.142,1.0974168188823796e-05
386,443,57,0.114,1.2883208141829527e-06
376,438,62,0.124,9.94133200606484e-07
368,434,66,0.132,1.400516562142684e-06
382,441,59,0.118,7.815836771953854e-07
390,445,55,0.11,2.7617189535760645e-05
384,442,58,0.116,1.580555331230471e-06
420,460,40,0.08,2.492222107832731e-07
374,437,63,0.126,4.790990896879066e-07
360,430,70,0.14,6.492266946594327e-06
418,459,41,0.082,2.6480710366172387e-07
362,431,69,0.138,8.706973706125609e-06
344,422,78,0.156,7.773558344126742e-06
428,464,36,0.072,5.987098497826082e-07
388,444,56,0.112,2.0469365975003483e-05
366,433,67,0.134,1.0385020167404946e-06
386,443,57,0.114,6.89957255445961e-07
354,427,73,0.146,6.455862399263878e-07
370,435,65,0.13,2.5820944623262674e-05
400,450,50,0.1,1.5113919075702143e-06
402,451,49,0.098,2.4080497116187873e-06
388,444,56,0.112,2.86475892096405e-07
372,436,64,0.128,2.252112465808409e-05
404,452,48,0.096,3.0350596338735157e-07
420,460,40,0.08,1.4792977489719305e-07
410,455,45,0.09,2.8763041484580755e-06
390,445,55,0.11,2.2321564919423053e-06
388,444,56,0.112,4.020960784316685e-07
396,448,52,0.104,3.4304800843187877e-07
358,429,71,0.142,1.0124019011357178e-06
400,450,50,0.1,9.488134094766566e-06
372,436,64,0.128,2.988489731308164e-07
384,442,58,0.116,6.375121473354284e-07
376,438,62,0.124,1.7784004085967809e-06
362,431,69,0.138,2.1204266948956273e-05
416,458,42,0.084,8.476513614539272e-07
396,448,52,0.104,1.7419275187364747e-06
388,444,56,0.112,2.5799242658308685e-07
334,417,83,0.166,5.061606614162884e-07
394,447,53,0.106,7.765726798254491e-07
400,450,50,0.1,1.51736680987824e-06
404,452,48,0.096,2.1428285307933947e-07
368,434,66,0.132,7.380330775390576e-07
408,454,46,0.092,1.99917425646845e-07
372,436,64,0.128,1.1810920594257369e-06
416,458,42,0.084,7.600655653448029e-07
390,445,55,0.11,3.575253716974203e-07
408,454,46,0.092,6.189733077633264e-06
352,426,74,0.148,4.706556014753005e-06
394,447,53,0.106,9.130657546734256e-07
452,476,24,0.048,4.1134519824481686e-07
402,451,49,0.098,6.184548554699631e-07
400,450,50,0.1,1.0080833489780616e-06
392,446,54,0.108,5.408950547973745e-07
370,435,65,0.13,1.5545040135975796e-06
462,481,19,0.038,1.8868842153096921e-07
354,427,73,0.146,1.4519249806880908e-05
396,448,52,0.104,2.809067204054827e-07
374,437,63,0.126,1.3711710216455231e-05
426,463,37,0.074,4.341585336931075e-07
376,438,62,0.124,1.7320858811302743e-05
342,421,79,0.158,6.632765249520389e-06
350,425,75,0.15,8.817335348396682e-07
408,454,46,0.092,7.466842314443056e-07
392,446,54,0.108,6.623197038777562e-07
376,438,62,0.124,2.5039020510405408e-05
394,447,53,0.106,8.950518888184433e-07
348,424,76,0.152,2.7791065836311192e-06
370,435,65,0.13,2.531760016736939e-05
380,440,60,0.12,8.335222043740487e-07
388,444,56,0.112,1.270906999309318e-06
360,430,70,0.14,2.189103733059028e-06
370,435,65,0.13,8.826507912829129e-07
400,450,50,0.1,1.970758375762216e-07
366,433,67,0.134,5.69982053197009e-05
366,433,67,0.134,5.144467787658868e-07
374,437,63,0.126,3.3433138673331087e-06
412,456,44,0.088,1.5532615129359328e-05
356,428,72,0.144,1.016779237289711e-06
362,431,69,0.138,3.055619269758836e-06
382,441,59,0.118,3.5462290281884636e-07
412,456,44,0.088,4.267272362596941e-07
412,456,44,0.088,3.1567309562774424e-07
370,435,65,0.13,1.65351688687565e-06
416,458,42,0.084,6.761600482150243e-07
334,417,83,0.166,1.9457717287139078e-06
394,447,53,0.106,2.364924048976036e-06
382,441,59,0.118,1.0924860236514178e-06
412,456,44,0.088,2.0071962887868722e-07
388,444,56,0.112,9.776119925675174e-07
376,438,62,0.124,1.1272873345262724e-05
398,449,51,0.102,1.3503312822166436e-05
392,446,54,0.108,2.754740810871681e-06
410,455,45,0.09,8.998123997230323e-07
382,441,59,0.118,4.13228356492823e-06
378,439,61,0.122,4.5993843457381443e-07
360,430,70,0.14,9.04136441818082e-06
374,437,63,0.126,3.414198248350431e-06
422,461,39,0.078,3.069161958819677e-07
356,428,72,0.144,3.1387222504321245e-05
364,432,68,0.136,7.313655500837512e-06
386,443,57,0.114,6.033030157936991e-07
344,422,78,0.156,1.6189949684246585e-06
412,456,44,0.088,3.0131514748177325e-07
390,445,55,0.11,1.3099344168097104e-06
440,470,30,0.06,1.380492442507375e-06
394,447,53,0.106,9.528747506521995e-07
386,443,57,0.114,1.5256132839738256e-06
434,467,33,0.066,3.2493323325866185e-07
410,455,45,0.09,3.198448022772027e-07
410,455,45,0.09,1.1238242274203003e-06
432,466,34,0.068,2.2544697653472667e-06
370,435,65,0.13,4.292715154861071e-07
356,428,72,0.144,4.889484848860093e-06
372,436,64,0.128,2.0159296445854126e-07
416,458,42,0.084,3.896860912988131e-06
366,433,67,0.134,5.084057017086252e-07
396,448,52,0.104,2.5393197191192483e-06
402,451,49,0.098,2.2013773642015622e-07
402,451,49,0.098,5.106946478292684e-07
368,434,66,0.132,5.698919987082718e-07
410,455,45,0.09,1.0604471361830291e-06
420,460,40,0.08,6.472778948875657e-06
334,417,83,0.166,1.4168285987352647e-06
402,451,49,0.098,8.903260952223491e-06
452,476,24,0.048,1.2725754675102508e-07
416,458,42,0.084,9.324634532674736e-07
402,451,49,0.098,2.336752881916482e-06
426,463,37,0.074,3.1875890334731593e-07
390,445,55,0.11,3.247971169457742e-07
392,446,54,0.108,3.609723970896539e-07
376,438,62,0.124,3.5163671583404723e-07
376,438,62,0.124,2.4140708919162534e-07
358,429,71,0.142,5.329465401189282e-07
436,468,32,0.064,1.2531628656518024e-06
402,451,49,0.098,3.6030373249218427e-07
412,456,44,0.088,3.164052856732269e-07
382,441,59,0.118,3.694187080043321e-06
398,449,51,0.102,4.879822933759215e-06
378,439,61,0.122,3.6534919968289615e-07
408,454,46,0.092,1.6371718896181164e-05
334,417,83,0.166,2.349304579470868e-05
406,453,47,0.094,2.1380325352822637e-05
362,431,69,0.138,1.7103149021409082e-06
398,449,51,0.102,1.0292334880261934e-06
410,455,45,0.09,5.895456541509248e-07
412,456,44,0.088,6.577891507788536e-07
384,442,58,0.116,5.896090859096148e-06
410,455,45,0.09,3.695790450706227e-07
366,433,67,0.134,7.475176257401017e-06
386,443,57,0.114,1.3405475272065814e-07
416,458,42,0.084,3.89433757476354e-07
354,427,73,0.146,6.716886716731096e-07
364,432,68,0.136,1.6398132407289268e-06
432,466,34,0.068,1.2788912295036425e-07
418,459,41,0.082,1.5031728096914775e-07
422,461,39,0.078,3.284053869379022e-07
352,426,74,0.148,1.6779428898701098e-06
382,441,59,0.118,8.872971266384866e-07
392,446,54,0.108,6.7140841552202345e-06
366,433,67,0.134,2.1926661609938947e-06
346,423,77,0.154,8.999515875615315e-06
364,432,68,0.136,2.0611224855201725e-05
382,441,59,0.118,1.5887432501244803e-06
418,459,41,0.082,4.411714135414968e-07
416,458,42,0.084,1.0859816635218067e-06
386,443,57,0.114,1.098723452315653e-06
388,444,56,0.112,1.3633104428436127e-05
392,446,54,0.108,7.270217279824464e-07
376,438,62,0.124,3.7265902042804556e-06
398,449,51,0.102,6.818878353840318e-07
394,447,53,0.106,6.224392397484735e-07
402,451,49,0.098,1.119368204984994e-05
416,458,42,0.084,2.2893927564382466e-07
406,453,47,0.094,3.2317997599307093e-07
374,437,63,0.126,2.9751958312829176e-06
390,445,55,0.11,2.721746531278768e-06
370,435,65,0.13,6.429814252300048e-06
366,433,67,0.134,1.5710280275982314e-06
376,438,62,0.124,5.932456340957515e-06
376,438,62,0.124,8.727774338410654e-07
404,452,48,0.096,1.1189787584839906e-06
368,434,66,0.132,1.7042635516304472e-06
398,449,51,0.102,5.805048438105586e-07
392,446,54,0.108,4.1303743049070365e-07
406,453,47,0.094,4.361945571531578e-07
416,458,42,0.084,2.6990760980538653e-07
396,448,52,0.104,4.043980608940956e-06
348,424,76,0.152,3.997992900508507e-06
428,464,36,0.072,3.479614373702589e-07
350,425,75,0.15,3.62550509228754e-06
402,451,49,0.098,5.468203021052887e-07
372,436,64,0.128,5.181493663712899e-07
362,431,69,0.138,1.3185868568541537e-06
406,453,47,0.094,6.128740904500773e-07
346,423,77,0.154,1.0908907055409145e-06
406,453,47,0.094,2.763884326452626e-05
414,457,43,0.086,2.7560288427253e-07
348,424,76,0.152,1.3999397550037429e-06
374,437,63,0.126,6.931864019179556e-07
402,451,49,0.098,2.443957921798301e-07
392,446,54,0.108,5.074762334231764e-07
360,430,70,0.14,5.436023328400097e-07
402,451,49,0.098,2.8681982209377567e-07
392,446,54,0.108,6.899477111232954e-07
376,438,62,0.124,1.4888323239290457e-06
390,445,55,0.11,1.7641591029189385e-06
382,441,59,0.118,6.534977418510835e-06
404,452,48,0.096,5.8240497396582214e-06
342,421,79,0.158,3.3823992888244447e-06
390,445,55,0.11,1.2596900550079227e-06
412,456,44,0.088,3.1868688049030424e-07
392,446,54,0.108,1.175849577094823e-06
358,429,71,0.142,3.4872791055136077e-06
338,419,81,0.162,9.303498514924513e-06
402,451,49,0.098,5.027328279538778e-07
370,435,65,0.13,4.545015364953997e-07
368,434,66,0.132,4.781379874430058e-07
382,441,59,0.118,3.954142499168256e-06
358,429,71,0.142,1.6786351273765377e-06
422,461,39,0.078,2.0342452415889057e-07
374,437,63,0.126,6.8691119624872955e-06
382,441,59,0.118,5.830493630014644e-07
394,447,53,0.106,9.0314750123639e-06
378,439,61,0.122,2.77058171917588e-07
390,445,55,0.11,2.3097352823242544e-07
392,446,54,0.108,2.6802771705547455e-07
352,426,74,0.148,9.94850071256792e-06
374,437,63,0.126,8.238916529279549e-06
336,418,82,0.164,5.578885971715408e-07
402,451,49,0.098,1.1528871243910998e-06
364,432,68,0.136,1.0505580530065118e-05
406,453,47,0.094,4.474448668901232e-06
398,449,51,0.102,6.485516031204952e-07
376,438,62,0.124,1.919868363927435e-06
364,432,68,0.136,1.4109771974233353e-06
396,448,52,0.104,2.8840904653293366e-07
378,439,61,0.122,2.4480726851834333e-06
352,426,74,0.148,6.8680626025923174e-06
352,426,74,0.148,5.530579507819767e-07
392,446,54,0.108,1.1077246819866105e-06
388,444,56,0.112,3.2714243570808322e-06
386,443,57,0.114,2.967124505431684e-06
404,452,48,0.096,4.3387583522758176e-07
390,445,55,0.11,6.616090779232309e-07
370,435,65,0.13,7.77364607858999e-06
368,434,66,0.132,1.8084121757340198e-06
384,442,58,0.116,1.8884929437490428e-06
346,423,77,0.154,3.3953284897165757e-06
416,458,42,0.084,2.2808109599168347e-06
392,446,54,0.108,1.415231537805539e-06
396,448,52,0.104,1.1070838330027755e-05
368,434,66,0.132,6.073247387519132e-07
378,439,61,0.122,6.539216830958594e-06
386,443,57,0.114,1.5299227395644265e-06
396,448,52,0.104,7.347457975072302e-06
338,419,81,0.162,9.929400727855864e-06
398,449,51,0.102,2.9893115225831936e-07
348,424,76,0.152,6.058664142472026e-07
314,407,93,0.186,4.4242003468752953e-07
364,432,68,0.136,8.716880184636011e-07
370,435,65,0.13,2.3064833498551707e-06
372,436,64,0.128,3.4058170842854452e-06
398,449,51,0.102,5.184063794274607e-07
376,438,62,0.124,2.733822959442023e-06
378,439,61,0.122,9.956621381945753e-07
340,420,80,0.16,1.379004122668448e-05
382,441,59,0.118,1.999489646266284e-06
396,448,52,0.104,4.281971608008916e-07
392,446,54,0.108,3.0874518051859925e-07
374,437,63,0.126,1.769288276932457e-06
324,412,88,0.176,2.10027730261686e-06
368,434,66,0.132,2.2266794093184216e-07
328,414,86,0.172,5.752868067361305e-07
386,443,57,0.114,1.5757884287381784e-07
364,432,68,0.136,3.5451199005365195e-07
392,446,54,0.108,3.8020244284098227e-07
388,444,56,0.112,5.108103003323094e-06
332,416,84,0.168,1.0280115383807242e-06
360,430,70,0.14,2.1723986835411322e-06
376,438,62,0.124,4.084664722370235e-07
418,459,41,0.082,1.1149825006015135e-05
418,459,41,0.082,8.12665550370184e-07
404,452,48,0.096,7.689671769981033e-06
352,426,74,0.148,7.689460890787814e-06
380,440,60,0.12,1.8488147049993131e-06
420,460,40,0.08,5.228166099016107e-07
360,430,70,0.14,4.18572193638056e-07
338,419,81,0.162,1.471072849057009e-06
350,425,75,0.15,1.954017088223736e-07
370,435,65,0.13,5.419358910245365e-06
370,435,65,0.13,7.374102414132722e-07
376,438,62,0.124,4.7612145266384686e-07
368,434,66,0.132,9.303115948000595e-07
412,456,44,0.088,5.929272031011123e-06
388,444,56,0.112,8.782368294646403e-07
384,442,58,0.116,4.045941347186499e-06
400,450,50,0.1,4.0036938214882415e-06
396,448,52,0.104,1.3652485720285766e-06
374,437,63,0.126,5.499897269771737e-07
416,458,42,0.084,6.598292222577129e-07
414,457,43,0.086,6.724035613956403e-07
396,448,52,0.104,2.1053419968097842e-07
384,442,58,0.116,1.0955220354560425e-06
390,445,55,0.11,3.5207426725207823e-06
416,458,42,0.084,3.789069639026366e-07
388,444,56,0.112,3.1371377701816527e-07
368,434,66,0.132,3.4174039983554396e-06
388,444,56,0.112,4.659443811476649e-07
380,440,60,0.12,2.1044511829586555e-06
380,440,60,0.12,3.951820725063726e-06
396,448,52,0.104,2.5301083658746393e-06
380,440,60,0.12,7.797571989556218e-07
382,441,59,0.118,1.260568808163498e-06
420,460,40,0.08,8.357969461485481e-07
414,457,43,0.086,2.68642342041403e-06
424,462,38,0.076,7.984385365205071e-07
378,439,61,0.122,1.4251694006759409e-06
426,463,37,0.074,2.717991239080675e-07
450,475,25,0.05,1.3955355379380307e-07
378,439,61,0.122,5.719209801782199e-07
410,455,45,0.09,2.2814459046571756e-07
372,436,64,0.128,2.2006695863296955e-07
440,470,30,0.06,1.40483663727764e-07
328,414,86,0.172,3.0771431131881855e-06
392,446,54,0.108,5.143760267287689e-07
392,446,54,0.108,7.37376921648547e-07
406,453,47,0.094,3.7535478989525474e-07
370,435,65,0.13,6.613827801231764e-07
372,436,64,0.128,8.405793250574334e-07
392,446,54,0.108,1.1704125331561955e-06
388,444,56,0.112,5.045439118418926e-06
424,462,38,0.076,1.7096926916337907e-07
370,435,65,0.13,2.1981848022676333e-06
396,448,52,0.104,9.614402745512507e-07
374,437,63,0.126,8.194482251155933e-07
414,457,43,0.086,1.0692118383701655e-06
390,445,55,0.11,1.1190268835434837e-06
402,451,49,0.098,3.6378735467224033e-07
362,431,69,0.138,7.690803810987746e-06
370,435,65,0.13,5.5751861142141475e-06
392,446,54,0.108,1.2556132522547614e-06
410,455,45,0.09,3.9645804844212764e-07
378,439,61,0.122,8.803717486557616e-06
388,444,56,0.112,6.376460308388232e-07
408,454,46,0.092,2.448070402181202e-07
320,410,90,0.18,8.824804575624512e-07
386,443,57,0.114,6.397275210190401e-07
378,439,61,0.122,6.136287449720612e-06
390,445,55,0.11,4.955455713769652e-06
382,441,59,0.118,5.334994333452414e-07
380,440,60,0.12,5.815057567701843e-07
380,440,60,0.12,1.1185864736944496e-06
412,456,44,0.088,3.9809437654980684e-07
388,444,56,0.112,1.336965581202776e-06
402,451,49,0.098,8.681569536008738e-07
412,456,44,0.088,7.241277993443873e-07
386,443,57,0.114,2.2829306882385936e-06
400,450,50,0.1,4.3477263130853316e-07
372,436,64,0.128,2.3283953362351894e-07
382,441,59,0.118,4.255513786119991e-07
386,443,57,0.114,3.7296371215234104e-07
326,413,87,0.174,1.242946312231652e-06
382,441,59,0.118,9.428384300065317e-07
408,454,46,0.092,2.7598167920928063e-07
390,445,55,0.11,2.0953056130963432e-06
380,440,60,0.12,2.563113000633166e-07
344,422,78,0.156,4.817290423204667e-07
364,432,68,0.136,9.465867039693877e-06
354,427,73,0.146,1.207734351879708e-06
398,449,51,0.102,7.370417995105072e-07
382,441,59,0.118,1.546884123882819e-06
394,447,53,0.106,5.00323355367982e-07
380,440,60,0.12,2.9975231075525244e-06
390,445,55,0.11,6.656201660746319e-07
402,451,49,0.098,1.7698154598235761e-06
352,426,74,0.148,8.942952043753394e-07
386,443,57,0.114,1.2124131820598905e-06
408,454,46,0.092,1.5238748427179872e-06
396,448,52,0.104,5.4961228750016744e-06
396,448,52,0.104,8.023715207826854e-06
396,448,52,0.104,1.639405584768383e-06
362,431,69,0.138,4.0533211878255315e-06
428,464,36,0.072,1.250404142467687e-07
374,437,63,0.126,4.692838970754565e-07
356,428,72,0.144,5.798693455290049e-07
386,443,57,0.114,4.3314029687735454e-07
370,435,65,0.13,2.6307076973637324e-06
424,462,38,0.076,3.8481482619090455e-07
394,447,53,0.106,3.208711366994521e-06
396,448,52,0.104,3.8131750233105777e-07
362,431,69,0.138,2.6487746602299465e-06
322,411,89,0.178,2.6153442291558803e-06
366,433,67,0.134,3.5795219179419747e-06
396,448,52,0.104,5.901619322003171e-06
378,439,61,0.122,3.4782092270688736e-06
346,423,77,0.154,2.5556546391669598e-06
382,441,59,0.118,4.936822483330161e-07
418,459,41,0.082,2.2569625969026673e-07
382,441,59,0.118,3.0833128400047372e-06
366,433,67,0.134,3.440484010468481e-06
384,442,58,0.116,7.106626250106274e-07
410,455,45,0.09,3.5077934055038894e-07
396,448,52,0.104,2.9199449463988005e-06
410,455,45,0.09,2.452147966323537e-06
394,447,53,0.106,3.899049886229022e-07
378,439,61,0.122,1.192415781957834e-06
396,448,52,0.104,1.6113977807208358e-07
374,437,63,0.126,4.984696724363857e-07
406,453,47,0.094,4.674255817747053e-07
376,438,62,0.124,1.9915945696880045e-07
412,456,44,0.088,6.881311473421192e-07
368,434,66,0.132,9.95887426824993e-07
346,423,77,0.154,3.787331130212124e-06
356,428,72,0.144,3.465002944267326e-07
396,448,52,0.104,3.685347105601977e-07
360,430,70,0.14,1.5616351541609674e-06
440,470,30,0.06,1.4486235787103396e-07
352,426,74,0.148,6.717070031641015e-07
354,427,73,0.146,3.9820898086873057e-07
384,442,58,0.116,1.0028728790416608e-06
392,446,54,0.108,8.265262479767444e-07
376,438,62,0.124,4.5046747112564846e-07
394,447,53,0.106,3.129400269301641e-07
380,440,60,0.12,7.876514059432793e-07
376,438,62,0.124,1.8734479429269867e-06
366,433,67,0.134,7.769469183358523e-07
416,458,42,0.084,2.2209050331412074e-07
374,437,63,0.126,4.631238923309411e-07
328,414,86,0.172,8.55080766740457e-07
316,408,92,0.184,2.2326114944348773e-06
368,434,66,0.132,7.25124270275046e-06
396,448,52,0.104,9.561924019863e-07
404,452,48,0.096,2.002680136143908e-06
414,457,43,0.086,6.890200279485725e-07
416,458,42,0.084,1.2819790474623005e-06
420,460,40,0.08,2.2809004545365497e-07
416,458,42,0.084,2.4981714062732864e-07
392,446,54,0.108,2.521489136313448e-07
370,435,65,0.13,4.597466800362326e-07
398,449,51,0.102,3.1388963688527835e-07
434,467,33,0.066,1.816449909028961e-07
388,444,56,0.112,8.830736461789002e-07
384,442,58,0.116,3.1412321254720156e-07
384,442,58,0.116,2.2819025539888571e-07
388,444,56,0.112,9.223522839079123e-07
352,426,74,0.148,2.1826773387658703e-06
406,453,47,0.094,4.559475708560967e-07
376,438,62,0.124,2.484464303904588e-07
410,455,45,0.09,4.54412581291308e-07
376,438,62,0.124,5.113062104555866e-07
324,412,88,0.176,7.906851454038133e-07
340,420,80,0.16,1.3111279234010453e-06
378,439,61,0.122,3.046247107619138e-06
374,437,63,0.126,5.916960252250191e-07
340,420,80,0.16,2.124510322005335e-06
388,444,56,0.112,2.0009852398459317e-06
400,450,50,0.1,6.791102867680366e-07
380,440,60,0.12,5.798336310078867e-07
382,441,59,0.118,9.403844808275608e-07
420,460,40,0.08,6.645330074945832e-07
362,431,69,0.138,5.434999109638739e-06
374,437,63,0.126,5.37482674860712e-06
382,441,59,0.118,1.3761152643212427e-06
364,432,68,0.136,7.218485182534095e-07
396,448,52,0.104,4.0246700754664746e-07
400,450,50,0.1,4.9745860913503746e-06
348,424,76,0.152,6.332128167514383e-07
372,436,64,0.128,1.034249160284162e-06
348,424,76,0.152,1.779495530058739e-07
380,440,60,0.12,3.6215820360041562e-06
386,443,57,0.114,9.84308367662834e-07
360,430,70,0.14,1.614813980523877e-06
370,435,65,0.13,3.366839786735909e-07
370,435,65,0.13,8.575416066776143e-07
366,433,67,0.134,1.4021135067139312e-06
372,436,64,0.128,5.321228227614938e-07
382,441,59,0.118,2.984573344008368e-06
376,438,62,0.124,7.957518454304591e-07
364,432,68,0.136,1.22224155376216e-06
362,431,69,0.138,3.495478163131338e-07
394,447,53,0.106,1.1302838141205029e-06
420,460,40,0.08,5.945362161980939e-07
398,449,51,0.102,2.4897460338024755e-07
326,413,87,0.174,3.1231074433435426e-07
384,442,58,0.116,5.567825818957318e-07
412,456,44,0.088,2.0742255488244154e-06
366,433,67,0.134,2.1627579573646473e-07
412,456,44,0.088,2.518117705108125e-07
340,420,80,0.16,6.517622058197503e-07
406,453,47,0.094,2.9357889642653844e-06
402,451,49,0.098,4.6523444805757207e-07
382,441,59,0.118,1.1821066975414852e-06
352,426,74,0.148,5.0902021724823495e-06
418,459,41,0.082,3.829286651750863e-07
390,445,55,0.11,1.2696874176754136e-06
376,438,62,0.124,5.262626814044325e-07
362,431,69,0.138,4.58910616060848e-07
396,448,52,0.104,5.765635535226466e-07
406,453,47,0.094,4.390228031638799e-07
408,454,46,0.092,4.4399531543604097e-07
416,458,42,0.084,4.978565758335662e-07
410,455,45,0.09,2.5801347641163374e-07
394,447,53,0.106,1.7782097592373703e-06
384,442,58,0.116,1.6930159333128358e-07
396,448,52,0.104,1.3436769529562299e-06
358,429,71,0.142,7.686963085973275e-07
402,451,49,0.098,2.914753115987878e-07
372,436,64,0.128,5.004161787667272e-07
402,451,49,0.098,1.1582034327659585e-06
406,453,47,0.094,1.2193660130037642e-06
412,456,44,0.088,2.397577777628612e-07
398,449,51,0.102,4.051772811806131e-07
370,435,65,0.13,2.743490356948541e-06
418,459,41,0.082,3.1491081878698425e-07
362,431,69,0.138,2.3485609839042355e-06
338,419,81,0.162,1.1749267249001605e-06
344,422,78,0.156,8.722346478293729e-07
388,444,56,0.112,1.9017699341929983e-06
406,453,47,0.094,4.769239821484917e-07
400,450,50,0.1,3.6953871898504073e-07
370,435,65,0.13,2.209819506617805e-06
406,453,47,0.094,8.804161876412309e-07
384,442,58,0.116,1.4549150034781634e-06
372,436,64,0.128,2.6554207633751048e-06
340,420,80,0.16,2.327463940218877e-06
364,432,68,0.136,2.8103572824136338e-06
330,415,85,0.17,1.4376586496780419e-06
348,424,76,0.152,5.794555818283698e-07
382,441,59,0.118,4.6634118825750193e-07
388,444,56,0.112,2.3924698507755693e-06
340,420,80,0.16,5.450350348326083e-07
394,447,53,0.106,3.975883822420201e-07
352,426,74,0.148,4.0342831817952174e-07
392,446,54,0.108,2.8513278394939333e-06
352,426,74,0.148,8.294086290447922e-07
398,449,51,0.102,3.326937452328593e-06
398,449,51,0.102,2.6389748174437954e-06
392,446,54,0.108,9.488977801197507e-07
380,440,60,0.12,3.3279132358643435e-07
400,450,50,0.1,1.541429080305079e-07
374,437,63,0.126,5.622963046789664e-07
342,421,79,0.158,3.494915474107074e-07
356,428,72,0.144,3.787155325767344e-07
368,434,66,0.132,1.7093563435537362e-06
388,444,56,0.112,3.7601789786094743e-06
406,453,47,0.094,1.7011697119357904e-06
360,430,70,0.14,2.715404663291565e-06
342,421,79,0.158,5.6654026467413136e-06
378,439,61,0.122,2.7101380597969184e-06
400,450,50,0.1,4.587099605487311e-06
364,432,68,0.136,1.0692492862261815e-05
366,433,67,0.134,1.308450854480725e-06
384,442,58,0.116,8.436342137372321e-07
364,432,68,0.136,1.279778754195604e-06
360,430,70,0.14,1.1016141864672591e-06
352,426,74,0.148,7.027456263415388e-07
378,439,61,0.122,3.3799019007574314e-07
356,428,72,0.144,1.8275000455503232e-06
410,455,45,0.09,1.9907976084709844e-07
412,456,44,0.088,2.934447281290886e-07
374,437,63,0.126,1.0275413594911242e-06
380,440,60,0.12,1.7233937373362095e-07
344,422,78,0.156,3.3494711053094764e-07
384,442,58,0.116,4.5713177786410596e-07
352,426,74,0.148,6.023817023503852e-07
380,440,60,0.12,1.0115720706096453e-06
388,444,56,0.112,3.012891445166588e-07
358,429,71,0.142,1.268876802015484e-06
370,435,65,0.13,7.043474261649862e-07
380,440,60,0.12,2.272784831092167e-06
354,427,73,0.146,9.56487125364447e-07
370,435,65,0.13,2.119872370116127e-06
354,427,73,0.146,3.1353246573644353e-06
384,442,58,0.116,6.034228255771268e-07
342,421,79,0.158,2.034074840082667e-06
368,434,66,0.132,5.348425134570789e-06
372,436,64,0.128,8.722317229228338e-07
394,447,53,0.106,4.6155267520475715e-07
384,442,58,0.116,1.0471929566335802e-06
370,435,65,0.13,3.969009583215666e-07
368,434,66,0.132,2.1182031682087655e-07
390,445,55,0.11,3.3095851193820635e-07
328,414,86,0.172,4.1660859160117525e-06
360,430,70,0.14,2.530695110465331e-07
380,440,60,0.12,3.812015432345106e-07
362,431,69,0.138,3.1650639732561103e-07
408,454,46,0.092,4.841291959394312e-07
402,451,49,0.098,1.1955857722512064e-06
402,451,49,0.098,3.690115898109525e-07
368,434,66,0.132,3.803549109306914e-07
406,453,47,0.094,2.0435274709029727e-07
364,432,68,0.136,1.6082269783623814e-07
370,435,65,0.13,2.4044607337714296e-07
378,439,61,0.122,2.526931984618841e-07
408,454,46,0.092,1.5273477524146983e-07
338,419,81,0.162,1.5966034976599986e-07
368,434,66,0.132,5.649586043148247e-07
402,451,49,0.098,1.3587908408965177e-06
388,444,56,0.112,1.0112277571465712e-06
436,468,32,0.064,1.685834298541522e-07
340,420,80,0.16,1.003099781257788e-06
386,443,57,0.114,1.6935619711944128e-07
412,456,44,0.088,2.948257944126453e-07
402,451,49,0.098,2.147172553748078e-07
372,436,64,0.128,6.177361434822614e-07
402,451,49,0.098,2.562751207904057e-07
372,436,64,0.128,4.513296860011451e-07
416,458,42,0.084,2.421573073831951e-07
372,436,64,0.128,1.7320920045449383e-07
394,447,53,0.106,2.9446347372186213e-07
440,470,30,0.06,1.4350356696013477e-07
328,414,86,0.172,2.273316361822708e-07
418,459,41,0.082,9.942041200190488e-07
386,443,57,0.114,1.7172667972431554e-07
386,443,57,0.114,1.4160623501879856e-07
406,453,47,0.094,4.059353992147408e-07
368,434,66,0.132,3.6418979107111224e-07
386,443,57,0.114,3.39855572946135e-07
362,431,69,0.138,3.437819006819609e-07
422,461,39,0.078,2.46165014516464e-07
394,447,53,0.106,2.1627838620474904e-07
402,451,49,0.098,1.6553807264187981e-06
428,464,36,0.072,3.496001349390099e-07
368,434,66,0.132,4.675570034464727e-07
388,444,56,0.112,7.553442333687599e-07
384,442,58,0.116,5.579711360041983e-07
430,465,35,0.07,1.8801563302872638e-07
368,434,66,0.132,1.1863840784087642e-06
378,439,61,0.122,4.10310166301997e-07
406,453,47,0.094,1.5910807184127407e-07
398,449,51,0.102,1.4027340181996805e-06
388,444,56,0.112,1.481004134689101e-07
400,450,50,0.1,1.9632008209669038e-07
380,440,60,0.12,8.577098666080473e-07
348,424,76,0.152,1.11354929697427e-06
390,445,55,0.11,1.9701867944377226e-07
428,464,36,0.072,1.8350531576061256e-07
388,444,56,0.112,2.759601193247363e-07
376,438,62,0.124,4.7414223513442264e-07
424,462,38,0.076,1.659633713018138e-07
370,435,65,0.13,1.922685686963632e-07
362,431,69,0.138,1.9509251933413908e-07
424,462,38,0.076,1.6955851867805905e-07
404,452,48,0.096,2.0800310895197073e-07
352,426,74,0.148,1.4407835206498022e-07
378,439,61,0.122,1.9333899354023744e-07
402,451,49,0.098,1.4016725012311327e-07
400,450,50,0.1,1.858168277237837e-07
360,430,70,0.14,1.2169759492053344e-06
396,448,52,0.104,1.8683751798675984e-07
398,449,51,0.102,1.4914855100016665e-06
388,444,56,0.112,1.721690477154425e-07
410,455,45,0.09,2.597626427132127e-07
392,446,54,0.108,3.7052301223639004e-07
362,431,69,0.138,2.1670764664349919e-07
410,455,45,0.09,3.224694225991698e-07
366,433,67,0.134,2.3181976797559402e-07
424,462,38,0.076,1.2240361024851153e-07
382,441,59,0.118,2.536214735187059e-07
362,431,69,0.138,2.8993837125312895e-07
354,427,73,0.146,4.902143658114255e-07
390,445,55,0.11,3.826576171945817e-07
390,445,55,0.11,7.582907354333201e-07
402,451,49,0.098,5.634837486638844e-07
400,450,50,0.1,6.43213400849163e-07
338,419,81,0.162,8.909827980971841e-07
382,441,59,0.118,8.773285219376703e-07
354,427,73,0.146,3.7471747785389197e-07
350,425,75,0.15,3.5045073178707754e-07
390,445,55,0.11,2.1093491338319837e-07
396,448,52,0.104,2.5609910346702236e-07
340,420,80,0.16,4.871868139844082e-07
382,441,59,0.118,3.073718378630019e-07
410,455,45,0.09,1.7751138694563906e-06
356,428,72,0.144,9.697321127930537e-07
384,442,58,0.116,4.692405699699975e-07
392,446,54,0.108,4.156317852732627e-07
370,435,65,0.13,1.9532663276322637e-07
374,437,63,0.126,4.290824372219504e-07
376,438,62,0.124,2.5589221127120256e-07
388,444,56,0.112,1.0589348742087168e-06
374,437,63,0.126,6.46360488474329e-07
362,431,69,0.138,6.211831841937964e-07
338,419,81,0.162,6.354302220472618e-07
382,441,59,0.118,1.9366155120792426e-07
364,432,68,0.136,3.240810761440116e-07
360,430,70,0.14,9.518672014792173e-07
392,446,54,0.108,5.839846052140274e-07
412,456,44,0.088,3.544332183480492e-07
356,428,72,0.144,1.1692270693686169e-06
384,442,58,0.116,4.463605640125934e-07
376,438,62,0.124,3.4209065333357105e-07
390,445,55,0.11,2.442370949324868e-07
400,450,50,0.1,1.4633018545850973e-07
370,435,65,0.13,1.9174173493752279e-07
370,435,65,0.13,7.063943814102913e-07
326,413,87,0.174,1.335654775346029e-06
418,459,41,0.082,1.984778918711072e-07
376,438,62,0.124,1.9454313394362544e-07
364,432,68,0.136,5.819618879741028e-07
400,450,50,0.1,2.2182383327162824e-07
384,442,58,0.116,1.1076585261378113e-06
368,434,66,0.132,1.1034460163728e-06
338,419,81,0.162,1.0809914132323684e-06
384,442,58,0.116,1.6849602209845215e-07
390,445,55,0.11,3.1897412154080483e-07
366,433,67,0.134,1.5363275666402388e-06
352,426,74,0.148,3.3420219730828647e-07
376,438,62,0.124,1.099653820858748e-06
426,463,37,0.074,3.206665109019013e-07
338,419,81,0.162,3.0372201004524867e-07
390,445,55,0.11,2.839110147192514e-07
412,456,44,0.088,1.8109185663206517e-07
368,434,66,0.132,4.338355330730792e-07
404,452,48,0.096,1.809864462813948e-07
400,450,50,0.1,1.7690478480858474e-07
354,427,73,0.146,2.1008315937365295e-07
372,436,64,0.128,1.2707093843573601e-06
344,422,78,0.156,2.68467563557806e-07
386,443,57,0.114,5.423273207725288e-07
350,425,75,0.15,2.1030953561762544e-07
382,441,59,0.118,7.518458085655766e-07
382,441,59,0.118,2.0937074327775917e-07
400,450,50,0.1,8.892920944845173e-07
370,435,65,0.13,3.9081501344639946e-07
368,434,66,0.132,1.0742640363616829e-06
394,447,53,0.106,5.008927351184411e-07
404,452,48,0.096,1.8829828914590508e-07
366,433,67,0.134,5.943654844600132e-07
394,447,53,0.106,5.047525396548736e-07
394,447,53,0.106,3.792631085843823e-07
404,452,48,0.096,5.752278839281644e-07
348,424,76,0.152,5.16467339053861e-07
404,452,48,0.096,2.3215238468310416e-07
400,450,50,0.1,4.571484237203549e-07
372,436,64,0.128,1.5637213232366775e-07
360,430,70,0.14,2.025785664443447e-07
370,435,65,0.13,1.8823533937961656e-07
408,454,46,0.092,3.0317993747530637e-07
384,442,58,0.116,1.7044591442072489e-07
382,441,59,0.118,5.902518321647677e-07
370,435,65,0.13,6.413840797279136e-07
388,444,56,0.112,8.056423076538977e-07
400,450,50,0.1,2.9705252526923686e-07
394,447,53,0.106,3.235454295236195e-07
370,435,65,0.13,7.479366609288718e-07
372,436,64,0.128,6.462706648449057e-07
342,421,79,0.158,3.813746320702194e-07
396,448,52,0.104,2.8714744101421274e-07
372,436,64,0.128,8.944003996020911e-07
420,460,40,0.08,1.6135596271737994e-07
364,432,68,0.136,5.628544278124537e-07
396,448,52,0.104,4.833157354937611e-07
402,451,49,0.098,2.048590631886782e-07
396,448,52,0.104,4.1710162972208307e-07
366,433,67,0.134,5.546771562308095e-07
392,446,54,0.108,1.1592694610556009e-06
340,420,80,0.16,2.77472421373659e-07
410,455,45,0.09,3.8212320691854986e-07
384,442,58,0.116,4.53762665188151e-07
374,437,63,0.126,2.4634391397171384e-07
398,449,51,0.102,4.627691576786219e-07
402,451,49,0.098,2.2032865504684196e-07
414,457,43,0.086,3.336991865410255e-07
360,430,70,0.14,4.520554802809329e-07
392,446,54,0.108,2.5801130075819854e-07
348,424,76,0.152,5.739564337829961e-07
374,437,63,0.126,1.6197983097754332e-07
406,453,47,0.094,1.6273926800636218e-07
392,446,54,0.108,8.534030353928301e-07
376,438,62,0.124,3.3866112696046003e-07
410,455,45,0.09,1.532621394915168e-07
404,452,48,0.096,4.764080308063967e-07
394,447,53,0.106,2.606044154447318e-07
396,448,52,0.104,2.0186219569495734e-07
396,448,52,0.104,1.801988269960475e-07
370,435,65,0.13,3.4316347387175483e-07
406,453,47,0.094,2.003051486667573e-07
354,427,73,0.146,1.6923740892593742e-07
408,454,46,0.092,2.1559599940701446e-07
384,442,58,0.116,3.7381776783718126e-07
394,447,53,0.106,2.8254907266500596e-07
410,455,45,0.09,3.3947609057349835e-07
390,445,55,0.11,2.1889955127107897e-07
404,452,48,0.096,1.4865931964891387e-07
398,449,51,0.102,4.901597997104546e-07
358,429,71,0.142,3.8451726626931305e-07
380,440,60,0.12,1.9840589072828153e-07
372,436,64,0.128,1.3559208713331829e-07
400,450,50,0.1,2.8871230256299896e-07
350,425,75,0.15,3.7430275597216676e-07
362,431,69,0.138,2.7537488699636014e-07
378,439,61,0.122,1.4376010699379549e-07
368,434,66,0.132,4.1848352921647347e-07
378,439,61,0.122,1.7179157063651472e-07
426,463,37,0.074,3.5878975742775764e-07
396,448,52,0.104,3.637058568131124e-07
410,455,45,0.09,4.889494445308173e-07
386,443,57,0.114,1.5961487179083633e-07
382,441,59,0.118,2.3408195986007741e-07
400,450,50,0.1,1.5861143143069968e-07
390,445,55,0.11,1.9704356006400302e-07
372,436,64,0.128,3.902226798402353e-07
374,437,63,0.126,7.5595152603114e-07
372,436,64,0.128,4.0801784857080746e-07
388,444,56,0.112,2.5716629082239705e-07
362,431,69,0.138,2.8560863927395985e-07
382,441,59,0.118,2.5625193498513e-07
418,459,41,0.082,1.433641718904255e-07
382,441,59,0.118,2.103439595657619e-07
372,436,64,0.128,2.685256727090746e-07
368,434,66,0.132,3.499168767007177e-07
362,431,69,0.138,8.652465622560613e-07
376,438,62,0.124,1.025560963682892e-06
378,439,61,0.122,3.162212549625565e-07
376,438,62,0.124,7.300337826166015e-07
396,448,52,0.104,2.6111396317674006e-07
356,428,72,0.144,4.6731248323794715e-07
386,443,57,0.114,5.522793211696353e-07
350,425,75,0.15,3.125751367747398e-07
414,457,43,0.086,3.5725437297173814e-07
372,436,64,0.128,1.9319832622954892e-07
408,454,46,0.092,3.7997768558284407e-07
390,445,55,0.11,2.789570857544277e-07
394,447,53,0.106,6.228825335199417e-07
384,442,58,0.116,2.3582655779819106e-07
388,444,56,0.112,3.514599009406538e-07
378,439,61,0.122,2.8075496058477256e-07
372,436,64,0.128,3.405875814337378e-07
362,431,69,0.138,3.5380783083382996e-07
408,454,46,0.092,2.672444246343275e-07
376,438,62,0.124,3.0836156966529416e-07
370,435,65,0.13,5.811648795770452e-07
400,450,50,0.1,2.3967633453025885e-07
422,461,39,0.078,2.0524570291513555e-07
422,461,39,0.078,1.4463806223830035e-07
412,456,44,0.088,4.4349560673140333e-07
378,439,61,0.122,2.361583543972756e-07
320,410,90,0.18,3.6106441447714134e-07
384,442,58,0.116,6.016123640506521e-07
368,434,66,0.132,2.645267604464152e-07
384,442,58,0.116,1.3274540592078665e-07
380,440,60,0.12,2.17608638109823e-07
390,445,55,0.11,1.8122834947575938e-07
380,440,60,0.12,2.1795372830979432e-07
372,436,64,0.128,5.665338021856314e-07
366,433,67,0.134,2.242224773851831e-07
406,453,47,0.094,4.23305517585959e-07
378,439,61,0.122,3.837164149160799e-07
408,454,46,0.092,2.4511815956884674e-07
384,442,58,0.116,2.0350813301206472e-07
406,453,47,0.094,2.466592227392539e-07
402,451,49,0.098,1.3972496236647202e-07
388,444,56,0.112,1.4734882483935507e-07
406,453,47,0.094,1.368436792290595e-07
360,430,70,0.14,1.344601008099744e-07
402,451,49,0.098,1.322838330963805e-07
384,442,58,0.116,1.4578951359567326e-07
422,461,39,0.078,1.255451766724036e-07
418,459,41,0.082,1.4119811615387334e-07
328,414,86,0.172,4.4824589519976144e-07
390,445,55,0.11,1.4938208602188752e-07
392,446,54,0.108,2.4740429282132937e-07
418,459,41,0.082,3.942606941791382e-07
402,451,49,0.098,1.6566996353617469e-07
388,444,56,0.112,1.594885469557994e-07
414,457,43,0.086,3.217272314088859e-07
356,428,72,0.144,1.7340708092206115e-07
364,432,68,0.136,3.7697777372613927e-07
382,441,59,0.118,3.9966380342093546e-07
432,466,34,0.068,1.376149055545284e-07
374,437,63,0.126,1.5337342301791068e-07
390,445,55,0.11,1.544158215835978e-07
424,462,38,0.076,1.2944952860038939e-07
396,448,52,0.104,1.380909401405006e-07
346,423,77,0.154,1.6409149836249526e-07
408,454,46,0.092,1.5887148705928666e-07
388,444,56,0.112,1.3465775998611206e-07
432,466,34,0.068,2.1187265599564853e-07
392,446,54,0.108,2.1698497752709045e-07
350,425,75,0.15,2.512960636238404e-07
414,457,43,0.086,2.3876923185639497e-07
410,455,45,0.09,2.1324082581486435e-07
398,449,51,0.102,2.091544082531982e-07
400,450,50,0.1,1.7213738559007652e-07
414,457,43,0.086,1.582741038248514e-07
364,432,68,0.136,1.2735256177620613e-07
372,436,64,0.128,1.6250315050569953e-07
320,410,90,0.18,2.4538330708878676e-07
392,446,54,0.108,1.5014091593457124e-07
386,443,57,0.114,1.8321276667165876e-07
346,423,77,0.154,3.905348917498941e-07
354,427,73,0.146,2.636658618371257e-07
344,422,78,0.156,7.510915348802882e-07
418,459,41,0.082,4.5436248271357725e-07
374,437,63,0.126,2.2397120551431726e-07
364,432,68,0.136,2.823122897268604e-07
378,439,61,0.122,7.647520232580973e-07
360,430,70,0.14,1.1565801057429326e-06
382,441,59,0.118,1.4585946529734884e-06
396,448,52,0.104,4.192038950066035e-07
378,439,61,0.122,2.452794893201826e-07
380,440,60,0.12,1.497815451330098e-07
400,450,50,0.1,1.304593593545178e-07
382,441,59,0.118,1.6314573207409921e-07
402,451,49,0.098,1.8040674186181605e-07
366,433,67,0.134,2.502626170439726e-07
406,453,47,0.094,1.370103794613442e-07
374,437,63,0.126,1.9769513139067385e-07
412,456,44,0.088,1.9809629837482136e-05
420,460,40,0.08,1.7398055970829773e-07
374,437,63,0.126,4.2667505908866585e-07
378,439,61,0.122,1.5188178818448251e-07
372,436,64,0.128,4.590872023300108e-07
412,456,44,0.088,2.0313842287578153e-07
414,457,43,0.086,1.8008164190064236e-07
364,432,68,0.136,2.6186631049540666e-07
378,439,61,0.122,2.105496868409773e-07
376,438,62,0.124,2.1960129805620453e-07
388,444,56,0.112,1.2337991566369054e-07
356,428,72,0.144,2.1095548149219213e-07
388,444,56,0.112,1.358968130773519e-07
406,453,47,0.094,3.8395188974504893e-07
384,442,58,0.116,2.4249557151279076e-07
348,424,76,0.152,2.2387160350945125e-07
364,432,68,0.136,2.2791771016272831e-07
364,432,68,0.136,3.571787292742101e-07
396,448,52,0.104,2.6652369527369047e-07
400,450,50,0.1,2.1072051424653183e-07
342,421,79,0.158,1.1726956416566737e-06
370,435,65,0.13,4.3871795313066287e-07
364,432,68,0.136,6.172763451388619e-07
364,432,68,0.136,2.8919854418063553e-07
374,437,63,0.126,1.955642362361232e-07
420,460,40,0.08,2.4041780957873015e-07
394,447,53,0.106,1.8236444174135613e-07
416,458,42,0.084,1.6601573526031643e-07
432,466,34,0.068,4.0943945566596084e-07
374,437,63,0.126,4.3286116968488387e-07
354,427,73,0.146,1.7483241086324597e-07
352,426,74,0.148,4.0405699454026946e-07
412,456,44,0.088,1.409457251781987e-07
386,443,57,0.114,2.191312811703483e-07
382,441,59,0.118,5.518054214519453e-07
388,444,56,0.112,4.2463908991408063e-07
390,445,55,0.11,1.6285023150430788e-07
382,441,59,0.118,4.3618233459596923e-07
396,448,52,0.104,1.7793866334159246e-07
370,435,65,0.13,1.8285368835790904e-07
386,443,57,0.114,1.497859906294252e-07
408,454,46,0.092,1.325169622532485e-07
346,423,77,0.154,3.9925521983263933e-07
416,458,42,0.084,1.3557540694364435e-07
374,437,63,0.126,1.8214042475506176e-07
382,441,59,0.118,1.4072794940034328e-07
386,443,57,0.114,2.449162949744732e-07
388,444,56,0.112,2.670747086597203e-07
370,435,65,0.13,3.0794375831533217e-07
408,454,46,0.092,2.6525135271526776e-07
402,451,49,0.098,8.218887942632591e-07
392,446,54,0.108,1.8234127443861327e-07
388,444,56,0.112,1.115692197572571e-06
358,429,71,0.142,4.488759084608773e-07
404,452,48,0.096,1.5417491630387305e-07
366,433,67,0.134,1.7854061769639883e-07
392,446,54,0.108,1.8917740317192512e-07
388,444,56,0.112,5.739079045099515e-07
350,425,75,0.15,2.482328928010702e-07
390,445,55,0.11,2.3115690314057248e-07
384,442,58,0.116,1.9839789158027088e-07
398,449,51,0.102,1.406808950719096e-07
392,446,54,0.108,1.632542605989329e-07
376,438,62,0.124,1.599076648517439e-07
422,461,39,0.078,3.1380479353515514e-07
372,436,64,0.128,2.900545539432642e-07
366,433,67,0.134,2.43769805052807e-07
370,435,65,0.13,3.020270118554436e-07
392,446,54,0.108,1.777933404127907e-07
400,450,50,0.1,2.682314573121403e-07
388,444,56,0.112,2.2058340942976428e-07
446,473,27,0.054,1.479510530089101e-07
352,426,74,0.148,8.826680229958583e-07
368,434,66,0.132,2.565660387006119e-07
406,453,47,0.094,2.8572746887789436e-07
400,450,50,0.1,3.171415990266269e-07
380,440,60,0.12,4.47660505415115e-07
346,423,77,0.154,4.83499507254237e-07
386,443,57,0.114,2.135314858549009e-07
374,437,63,0.126,4.814121028573481e-07
408,454,46,0.092,1.6714474014634108e-07
370,435,65,0.13,1.687725568899623e-07
394,447,53,0.106,3.2117122006525276e-07
382,441,59,0.118,3.145225968239629e-07
386,443,57,0.114,2.1906318625042333e-07
402,451,49,0.098,2.9192392787535936e-07
368,434,66,0.132,1.555597343951831e-07
340,420,80,0.16,1.856030317526347e-07
390,445,55,0.11,2.9399857876910575e-07
386,443,57,0.114,3.704302093296974e-07
340,420,80,0.16,1.6758009985551327e-07
426,463,37,0.074,1.7837707480339306e-07
408,454,46,0.092,1.970119113252622e-07
382,441,59,0.118,2.1053034924989334e-07
412,456,44,0.088,1.5593560738125234e-07
396,448,52,0.104,1.802235657351048e-07
376,438,62,0.124,2.1028719129390083e-07
366,433,67,0.134,1.3742187090315383e-07
404,452,48,0.096,1.4305141735349025e-07
410,455,45,0.09,1.3535916224327593e-07
420,460,40,0.08,1.2490107314988564e-07
422,461,39,0.078,1.2477980581593328e-07
374,437,63,0.126,1.292424336440945e-07
394,447,53,0.106,1.746006836071956e-07
388,444,56,0.112,2.254712051410479e-07
378,439,61,0.122,1.460406751618848e-07
350,425,75,0.15,1.7318316207592944e-07
382,441,59,0.118,1.822575422920636e-07
400,450,50,0.1,3.566898154758746e-07
392,446,54,0.108,1.3050575148554344e-07
346,423,77,0.154,2.0827896565833726e-07
372,436,64,0.128,3.8625054705221374e-07
396,448,52,0.104,3.876562527977967e-07
350,425,75,0.15,1.6520758404681147e-07
376,438,62,0.124,1.6118352445460006e-07
396,448,52,0.104,4.3752646033112794e-07
384,442,58,0.116,1.8919247310122956e-07
382,441,59,0.118,1.3334421004174147e-07
378,439,61,0.122,2.949481866778569e-07
422,461,39,0.078,1.4663128231973133e-07
354,427,73,0.146,2.200352161878527e-07
398,449,51,0.102,1.5234031312161278e-07
398,449,51,0.102,1.776473241648091e-07
380,440,60,0.12,1.3203187901922319e-07
398,449,51,0.102,1.4028817008693295e-07
400,450,50,0.1,1.5243302857470552e-07
408,454,46,0.092,1.2937396283518865e-07
356,428,72,0.144,1.392368142489886e-07
368,434,66,0.132,1.4697827273835173e-07
390,445,55,0.11,1.2784516331976193e-07
396,448,52,0.104,1.298400162568214e-07
388,444,56,0.112,1.3437648073022502e-07
364,432,68,0.136,1.7660176911249436e-07
328,414,86,0.172,3.651269030910953e-07
376,438,62,0.124,1.9414566125419695e-07
402,451,49,0.098,1.9230462811492543e-07
350,425,75,0.15,2.1465568559619897e-07
406,453,47,0.094,1.7223002055288815e-07
388,444,56,0.112,2.078337110731354e-07
376,438,62,0.124,2.1330413377995683e-07
390,445,55,0.11,2.1700983566574904e-07
392,446,54,0.108,1.474873472204763e-07
370,435,65,0.13,2.2031613315220966e-07
324,412,88,0.176,3.0205311068698394e-07
392,446,54,0.108,1.5697850452056627e-07
396,448,52,0.104,1.8017329912822788e-07
426,463,37,0.074,1.7637015287164103e-07
368,434,66,0.132,1.8377750649278823e-07
370,435,65,0.13,4.06895268270091e-07
428,464,36,0.072,1.72728560755786e-07
372,436,64,0.128,5.763707254118344e-07
374,437,63,0.126,2.2023231883849803e-07
368,434,66,0.132,2.1389169785379635e-07
392,446,54,0.108,1.7406017067855827e-07
420,460,40,0.08,1.520102126733036e-07
368,434,66,0.132,3.50409704338972e-07
392,446,54,0.108,1.4600498352024261e-07
412,456,44,0.088,1.4538376686346054e-07
394,447,53,0.106,1.6466623330302355e-07
358,429,71,0.142,1.769958191175647e-07
404,452,48,0.096,1.3688215085494448e-07
390,445,55,0.11,1.9742128506550215e-07
382,441,59,0.118,2.2434401731175058e-07
388,444,56,0.112,1.585274017941174e-07
378,439,61,0.122,8.553868366618644e-07
376,438,62,0.124,1.4602062879021105e-07
380,440,60,0.12,2.8340155256501023e-07
404,452,48,0.096,2.8611682498649318e-06
368,434,66,0.132,2.5549539790858944e-07
368,434,66,0.132,1.4516949082121755e-07
406,453,47,0.094,1.9843291795496043e-07
388,444,56,0.112,1.509017179159855e-07
346,423,77,0.154,2.358675594393844e-07
398,449,51,0.102,1.3526029687227492e-07
366,433,67,0.134,1.4677892349368448e-07
388,444,56,0.112,4.075738307847132e-07
360,430,70,0.14,1.5072571417817925e-07
384,442,58,0.116,1.8935005036269105e-07
412,456,44,0.088,1.5794488683695816e-07
380,440,60,0.12,1.6997545881736186e-07
398,449,51,0.102,1.4583479412522138e-07
386,443,57,0.114,2.1035979892758405e-07
358,429,71,0.142,1.9201372006705243e-07
360,430,70,0.14,1.2759323027466963e-07
374,437,63,0.126,1.553987484044228e-07
422,461,39,0.078,1.3558539689029202e-07
358,429,71,0.142,1.8997354356997674e-07
418,459,41,0.082,1.2994860804838027e-07
394,447,53,0.106,1.3213593254590705e-07
364,432,68,0.136,1.7519364638474144e-07
356,428,72,0.144,1.4754077659517862e-07
388,444,56,0.112,1.4910972078041596e-07
324,412,88,0.176,2.4966064978571014e-07
346,423,77,0.154,2.0602063773367262e-07
348,424,76,0.152,3.8190721491559996e-07
408,454,46,0.092,1.4313529121068313e-07
364,432,68,0.136,2.70508117580448e-07
354,427,73,0.146,2.5372820840630084e-07
374,437,63,0.126,1.9066764878061804e-07
390,445,55,0.11,1.919037622144515e-07
372,436,64,0.128,2.089577805861609e-07
412,456,44,0.088,1.967958547197668e-07
368,434,66,0.132,2.5186687298628387e-07
344,422,78,0.156,2.0793654172734933e-07
390,445,55,0.11,1.3151751534223878e-07
394,447,53,0.106,1.6869352870685362e-07
402,451,49,0.098,1.571365153267834e-07
386,443,57,0.114,1.6086609176113596e-07
430,465,35,0.07,1.2221919769217493e-07
398,449,51,0.102,1.6541994295948825e-07
340,420,80,0.16,1.7265249198317177e-07
432,466,34,0.068,1.2512731964875458e-07
354,427,73,0.146,1.676176867704271e-07
386,443,57,0.114,1.4345648270364108e-07
426,463,37,0.074,1.2691422475086256e-07
404,452,48,0.096,1.371658712230328e-07
372,436,64,0.128,1.6788246580290434e-07
424,462,38,0.076,1.330069985101545e-07
376,438,62,0.124,1.4783127025452813e-07
352,426,74,0.148,1.4443225310856177e-07
424,462,38,0.076,1.5150517199913337e-07
378,439,61,0.122,1.3646856714899513e-07
372,436,64,0.128,1.7395362547745208e-07
390,445,55,0.11,2.1933465924917073e-07
378,439,61,0.122,1.8986568088052992e-07
404,452,48,0.096,1.3515272746644769e-07
364,432,68,0.136,1.48540280662246e-07
390,445,55,0.11,1.3839387821690253e-07
388,444,56,0.112,1.408182621958076e-07
350,425,75,0.15,2.517696442794204e-07
360,430,70,0.14,1.5365375773512825e-07
406,453,47,0.094,1.5342288216402267e-07
378,439,61,0.122,1.4931506433413232e-07
388,444,56,0.112,1.910546417889236e-07
360,430,70,0.14,1.8539321069965807e-07
372,436,64,0.128,2.784598918026404e-07
366,433,67,0.134,1.422374992898767e-07
358,429,71,0.142,1.446203504258392e-07
370,435,65,0.13,1.7101285499165898e-07
368,434,66,0.132,1.307518035105204e-07
408,454,46,0.092,1.5202184064833091e-07
400,450,50,0.1,1.5380421027089142e-07
374,437,63,0.126,1.2956034396438553e-07
392,446,54,0.108,1.411462728810875e-07
348,424,76,0.152,1.3007005082954492e-07
410,455,45,0.09,1.8335119580115135e-07
392,446,54,0.108,1.409459753176634e-07
428,464,36,0.072,1.4936339607629633e-07
402,451,49,0.098,1.3812603455676253e-07
372,436,64,0.128,1.3759980200234169e-07
384,442,58,0.116,1.3224857789850831e-07
404,452,48,0.096,1.5335149967654614e-07
400,450,50,0.1,1.457454100943778e-07
406,453,47,0.094,1.440029518278152e-07
354,427,73,0.146,2.2887241695457306e-07
360,430,70,0.14,1.4870772614017368e-07
332,416,84,0.168,1.9874093729299603e-07
364,432,68,0.136,2.3473906762205843e-07
368,434,66,0.132,4.6549011835850254e-07
378,439,61,0.122,3.237273932086282e-07
410,455,45,0.09,2.0325364164364146e-07
346,423,77,0.154,1.9213395790984578e-07
394,447,53,0.106,1.872842104830852e-07
388,444,56,0.112,1.4749381153933427e-07
396,448,52,0.104,1.5782592265622952e-07
386,443,57,0.114,1.3922615352157664e-07
358,429,71,0.142,1.428897817561392e-07
380,440,60,0.12,1.377398747592906e-07
380,440,60,0.12,1.405996748076177e-07
382,441,59,0.118,1.3209132924885126e-07
408,454,46,0.092,1.6301846923738595e-07
418,459,41,0.082,1.5869240345978143e-07
426,463,37,0.074,1.6395593056017788e-07
372,436,64,0.128,1.4753581899640266e-07
372,436,64,0.128,1.307618612713668e-07
360,430,70,0.14,1.356578042930323e-07
392,446,54,0.108,3.0955429008372446e-07
380,440,60,0.12,1.3001632754594538e-07
428,464,36,0.072,1.3088688484685918e-07
386,443,57,0.114,1.3423834724335392e-07
374,437,63,0.126,1.3651221397026349e-07
368,434,66,0.132,1.5858339358487684e-07
404,452,48,0.096,2.67461740094177e-07
368,434,66,0.132,1.2932014311672901e-07
396,448,52,0.104,1.448815760056732e-07
414,457,43,0.086,1.4487451994682487e-07
392,446,54,0.108,1.676326660913219e-07
394,447,53,0.106,1.4765400496230542e-07
400,450,50,0.1,1.741208185421783e-07
380,440,60,0.12,1.386600603154875e-07
336,418,82,0.164,1.891181537700959e-07
374,437,63,0.126,1.418094266796288e-07
392,446,54,0.108,1.338478480761296e-07
412,456,44,0.088,1.395371935473122e-07
394,447,53,0.106,1.8539947492968166e-07
406,453,47,0.094,2.203116679595496e-07
408,454,46,0.092,1.33508824802675e-07
392,446,54,0.108,1.2925596425361617e-07
346,423,77,0.154,1.3780639932292615e-07
382,441,59,0.118,1.2242581823329602e-07
394,447,53,0.106,1.6006714224658936e-07
364,432,68,0.136,1.441524894687518e-07
356,428,72,0.144,2.5310020933488885e-07
350,425,75,0.15,1.5959733767090256e-07
384,442,58,0.116,1.5749296633771336e-07
338,419,81,0.162,2.829311255823086e-07
324,412,88,0.176,2.0588928086340274e-07
400,450,50,0.1,2.433760597284618e-07
356,428,72,0.144,2.3465679794298922e-07
330,415,85,0.17,4.488702761307195e-07
392,446,54,0.108,2.3540529406318455e-07
340,420,80,0.16,1.7704242495142352e-07
386,443,57,0.114,1.534543132493127e-07
404,452,48,0.096,1.3718413941887774e-07
338,419,81,0.162,1.817028116875008e-07
394,447,53,0.106,1.3841064526332048e-07
398,449,51,0.102,1.5278372131888318e-07
362,431,69,0.138,1.6208953866225783e-07
358,429,71,0.142,2.7767847666382296e-07
380,440,60,0.12,1.8394001591559573e-07
382,441,59,0.118,1.4530626543773906e-07
342,421,79,0.158,3.111634658239382e-07
412,456,44,0.088,1.3002939058992525e-07
422,461,39,0.078,1.6620165604308567e-07
390,445,55,0.11,1.3722479641842256e-07
372,436,64,0.128,1.3177575317513402e-07
412,456,44,0.088,1.267879736417399e-07
382,441,59,0.118,1.3057447267783574e-07
352,426,74,0.148,1.3441332174579658e-07
378,439,61,0.122,1.5286272932257816e-07
414,457,43,0.086,1.9096717460342914e-07
354,427,73,0.146,1.887100704891509e-07
368,434,66,0.132,1.3889401361666388e-07
400,450,50,0.1,1.3351952733842153e-07
394,447,53,0.106,1.310564418872673e-07
384,442,58,0.116,1.2449909993961227e-07
412,456,44,0.088,1.2897702916347953e-07
376,438,62,0.124,1.2719268261207618e-07
398,449,51,0.102,1.404191278879807e-07
392,446,54,0.108,1.376440792739686e-07
366,433,67,0.134,1.3489687131595928e-07
354,427,73,0.146,1.3759616714992262e-07
374,437,63,0.126,1.534212265141832e-07
406,453,47,0.094,1.4673180484692238e-07
372,436,64,0.128,1.5316613459503969e-07
400,450,50,0.1,1.7115389789523761e-07
398,449,51,0.102,1.5049147165768771e-07
388,444,56,0.112,1.2944337487397207e-07
368,434,66,0.132,1.2562871768295737e-07
386,443,57,0.114,1.2501791661634342e-07
392,446,54,0.108,1.1023439843143023e-06
416,458,42,0.084,1.4120197201350493e-07
398,449,51,0.102,1.4026223865926113e-07
374,437,63,0.126,1.477514872476604e-07
392,446,54,0.108,1.2465362621583153e-07
436,468,32,0.064,1.482958807343948e-07
370,435,65,0.13,1.3263659079143507e-07
416,458,42,0.084,1.3064532001294538e-07
328,414,86,0.172,1.5656548700349048e-07
422,461,39,0.078,1.87240530976851e-07
380,440,60,0.12,1.73014265016036e-07
392,446,54,0.108,1.4551883657532016e-07
324,412,88,0.176,2.5207159839624183e-07
388,444,56,0.112,2.2311298161525882e-07
386,443,57,0.114,1.912489755682145e-07
318,409,91,0.182,2.1406779856647516e-07
418,459,41,0.082,1.7013083061101497e-07
358,429,71,0.142,1.6610935622907163e-07
350,425,75,0.15,1.8733973550411065e-07
368,434,66,0.132,2.457415491221582e-07
412,456,44,0.088,1.66516097664271e-07
356,428,72,0.144,1.4783678119556498e-07
408,454,46,0.092,1.7917338061579358e-07
358,429,71,0.142,1.647524840961978e-07
372,436,64,0.128,1.5089561813397268e-07
384,442,58,0.116,1.62490268678539e-07
414,457,43,0.086,1.7930635206653278e-07
326,413,87,0.174,1.6306287412248822e-07
370,435,65,0.13,1.9226080152634495e-07
376,438,62,0.124,2.1309943281266895e-07
382,441,59,0.118,1.8079913456858777e-07
422,461,39,0.078,1.391251795723747e-07
402,451,49,0.098,3.125885687893515e-07
344,422,78,0.156,1.4613398292340206e-07
376,438,62,0.124,1.607899408782032e-07
362,431,69,0.138,1.243094584708615e-07
362,431,69,0.138,1.5175817517842916e-07
374,437,63,0.126,1.5286440415707148e-07
352,426,74,0.148,1.777620308587302e-07
386,443,57,0.114,1.6018584406651826e-07
350,425,75,0.15,1.908785986017847e-07
376,438,62,0.124,1.8344154102578613e-07
418,459,41,0.082,1.5750649143342344e-07
406,453,47,0.094,1.571547394121353e-07
402,451,49,0.098,1.9020689543935987e-07
392,446,54,0.108,1.4263293567751135e-07
418,459,41,0.082,1.390011052819773e-07
400,450,50,0.1,1.261747233911592e-07
390,445,55,0.11,1.3161524509541778e-07
398,449,51,0.102,1.2141073275984126e-07
414,457,43,0.086,1.307310399170092e-07
334,417,83,0.166,1.3480855659508962e-07
384,442,58,0.116,1.324166785821035e-07
366,433,67,0.134,1.3732785674847037e-07
440,470,30,0.06,1.3191121391287197e-07
416,458,42,0.084,1.2717534031025934e-07
402,451,49,0.098,1.234014397937244e-07
384,442,58,0.116,1.3571050558880415e-07
382,441,59,0.118,1.2362763411033483e-07
332,416,84,0.168,1.3600143947201105e-07
382,441,59,0.118,1.2366441282551932e-07
394,447,53,0.106,1.2545045692036182e-07
390,445,55,0.11,1.3215036287306247e-07
372,436,64,0.128,1.6909539044718258e-07
370,435,65,0.13,2.0244890177423258e-07
338,419,81,0.162,3.317430883384986e-07
346,423,77,0.154,1.979305818906596e-07
394,447,53,0.106,1.4924552311867956e-07
396,448,52,0.104,1.5372099457522382e-07
340,420,80,0.16,4.059347022007387e-07
406,453,47,0.094,1.7335459762080064e-07
404,452,48,0.096,1.561177995199614e-07
362,431,69,0.138,1.373447349237722e-07
388,444,56,0.112,1.6615718521961754e-07
390,445,55,0.11,1.5611630954026623e-07
376,438,62,0.124,1.9624706450827034e-07
370,435,65,0.13,1.274434210642994e-07
396,448,52,0.104,1.5082805103361353e-07
392,446,54,0.108,1.35100330453497e-07
360,430,70,0.14,1.5017372891179547e-07
404,452,48,0.096,1.341019212190986e-07
376,438,62,0.124,2.8317378001929685e-07
392,446,54,0.108,1.255124442423039e-07
390,445,55,0.11,1.2843059053579963e-07
400,450,50,0.1,1.3506459140444349e-07
394,447,53,0.106,1.2739144838747053e-07
380,440,60,0.12,1.3748757277198819e-07
378,439,61,0.122,1.2743304094442465e-07
390,445,55,0.11,1.8261908419958673e-07
376,438,62,0.124,1.2918190864752432e-07
398,449,51,0.102,1.241584447484456e-07
386,443,57,0.114,1.2731783832009568e-07
358,429,71,0.142,1.3596143620020484e-07
358,429,71,0.142,1.3565708050577995e-07
378,439,61,0.122,1.2397501430427837e-07
336,418,82,0.164,1.478290236605062e-07
360,430,70,0.14,1.6072098853214811e-07
404,452,48,0.096,1.5770782317758858e-07
384,442,58,0.116,1.392143566931736e-07
438,469,31,0.062,1.3622337360175152e-07
416,458,42,0.084,1.3537522445972173e-07
392,446,54,0.108,1.3105933660995106e-07
374,437,63,0.126,2.3850095740840514e-07
386,443,57,0.114,1.324830270448274e-07
394,447,53,0.106,1.4110533390976342e-07
396,448,52,0.104,1.4004296696157326e-07
376,438,62,0.124,1.4946570908591638e-07
374,437,63,0.126,1.2993209401201966e-07
390,445,55,0.11,1.3054427859060525e-07
362,431,69,0.138,1.2919119868115559e-07
392,446,54,0.108,1.5060888307516506e-07
380,440,60,0.12,1.2749104351428287e-07
376,438,62,0.124,1.299139246100367e-07
428,464,36,0.072,1.441448752643737e-07
360,430,70,0.14,1.8501265302006687e-07
372,436,64,0.128,1.4557571608975194e-07
376,438,62,0.124,1.4206283177031764e-07
400,450,50,0.1,1.391164400956768e-07
352,426,74,0.148,1.3824762072545127e-07
380,440,60,0.12,1.3866376079363364e-07
380,440,60,0.12,1.357073604708603e-07
414,457,43,0.086,1.3079747955657695e-07
358,429,71,0.142,1.2528134953981861e-07
370,435,65,0.13,1.2376629894106374e-07
406,453,47,0.094,1.24119274403256e-07
410,455,45,0.09,1.226865163914681e-07
424,462,38,0.076,1.3274211619318522e-07
366,433,67,0.134,1.2773700947832367e-07
398,449,51,0.102,1.2159628144559064e-07
414,457,43,0.086,1.2190850972615407e-07
384,442,58,0.116,1.2319158625473393e-07
420,460,40,0.08,1.2051745127905634e-07
382,441,59,0.118,1.3348866599471877e-07
354,427,73,0.146,1.2394095091394774e-07
356,428,72,0.144,1.5899935763741268e-07
350,425,75,0.15,1.4740422204795323e-07
434,467,33,0.066,5.872508320692305e-07
412,456,44,0.088,1.5700926422823613e-07
376,438,62,0.124,1.4738999158225851e-07
352,426,74,0.148,1.6220506333297636e-07
418,459,41,0.082,1.3955919590102895e-07
412,456,44,0.088,1.5134339204792012e-07
408,454,46,0.092,1.2552289857126197e-07
340,420,80,0.16,1.256480881011157e-07
346,423,77,0.154,1.701998249643566e-07
388,444,56,0.112,1.342444417105071e-07
422,461,39,0.078,1.216886708732545e-07
380,440,60,0.12,1.3366534386705098e-07
392,446,54,0.108,2.401310339621432e-07
352,426,74,0.148,1.8444570247311275e-07
326,413,87,0.174,1.710880008829463e-07
410,455,45,0.09,1.734496816823139e-07
372,436,64,0.128,2.0727927639541121e-07
368,434,66,0.132,2.817995235773196e-07
372,436,64,0.128,2.2467885079890947e-07
354,427,73,0.146,1.643223856433451e-07
388,444,56,0.112,2.4476161587472236e-07
378,439,61,0.122,1.7169477624179308e-07
360,430,70,0.14,1.5552226886939025e-07
372,436,64,0.128,1.4124575918117444e-07
376,438,62,0.124,1.4572798730227988e-07
364,432,68,0.136,1.4093457036779e-07
406,453,47,0.094,1.330913048320781e-07
394,447,53,0.106,1.4490689349599962e-07
402,451,49,0.098,1.284055578310017e-07
386,443,57,0.114,1.3089626918372233e-07
376,438,62,0.124,1.2898364369107186e-07
380,440,60,0.12,1.2304811227181744e-07
380,440,60,0.12,1.218943456535726e-07
370,435,65,0.13,1.3678753009571664e-07
316,408,92,0.184,1.5356562235524508e-07
370,435,65,0.13,1.3633570011961639e-07
340,420,80,0.16,2.316442405572161e-07
410,455,45,0.09,1.4578742249682363e-07
384,442,58,0.116,2.4493904024325275e-07
410,455,45,0.09,1.4769630115551992e-07
370,435,65,0.13,1.5221373038798446e-07
386,443,57,0.114,1.3155695532418575e-07
364,432,68,0.136,1.460716878227686e-07
394,447,53,0.106,1.569682801516592e-07
360,430,70,0.14,1.8580953130253874e-07
416,458,42,0.084,1.2523882745085757e-07
388,444,56,0.112,1.3341849870585065e-07
402,451,49,0.098,1.300888043829218e-07
366,433,67,0.134,1.4974558686731142e-07
396,448,52,0.104,1.2798948020531498e-07
350,425,75,0.15,1.6826238925204962e-07
366,433,67,0.134,1.2950636909181412e-07
356,428,72,0.144,1.4681040801178824e-07
352,426,74,0.148,1.581026013752762e-07
364,432,68,0.136,1.497348773966678e-07
432,466,34,0.068,1.3835815929041927e-07
366,433,67,0.134,1.441594234279364e-07
396,448,52,0.104,1.4221974996075914e-07
392,446,54,0.108,1.257004576871168e-07
360,430,70,0.14,1.4090979252046055e-07
376,438,62,0.124,1.2303972351901393e-07
366,433,67,0.134,1.584753563861341e-07
386,443,57,0.114,1.4149656067274917e-07
386,443,57,0.114,2.6914097077224143e-07
386,443,57,0.114,1.3701586698289248e-07
358,429,71,0.142,1.7455011305855806e-07
412,456,44,0.088,1.375921873147945e-07
386,443,57,0.114,1.4802011358483468e-07
426,463,37,0.074,1.5012303839512243e-07
386,443,57,0.114,1.2572216206763187e-07
384,442,58,0.116,1.2499357561068792e-07
372,436,64,0.128,1.2339553364881795e-07
398,449,51,0.102,1.2038963939176028e-07
358,429,71,0.142,1.311530598968602e-07
412,456,44,0.088,1.201701186914761e-07
372,436,64,0.128,1.2199303210991275e-07
358,429,71,0.142,1.2652876364427356e-07
390,445,55,0.11,1.3164538665932924e-07
400,450,50,0.1,1.4434232429039185e-07
380,440,60,0.12,1.3867491466612592e-07
416,458,42,0.084,1.29020287062076e-07
406,453,47,0.094,1.2569899223535686e-07
390,445,55,0.11,1.23437160937101e-07
378,439,61,0.122,1.2714495170484952e-07
408,454,46,0.092,2.9641109094313834e-07
318,409,91,0.182,1.3283546206821484e-07
386,443,57,0.114,1.5266564111016123e-07
404,452,48,0.096,1.2559517489307838e-07
386,443,57,0.114,1.3559511410221603e-07
390,445,55,0.11,1.822831587503515e-07
428,464,36,0.072,1.2322101943595952e-07
410,455,45,0.09,1.2411649728960583e-07
376,438,62,0.124,1.6471238907911357e-07
362,431,69,0.138,1.7955234869759806e-07
342,421,79,0.158,1.3056683837930906e-07
404,452,48,0.096,1.2801072460888463e-07
380,440,60,0.12,1.3553338555993832e-07
378,439,61,0.122,1.488926600359264e-07
402,451,49,0.098,1.41481725080439e-07
392,446,54,0.108,1.4270773013436156e-07
348,424,76,0.152,1.4208922436864667e-07
412,456,44,0.088,1.3219370160300058e-07
360,430,70,0.14,1.497932029792537e-07
378,439,61,0.122,1.3415552155038312e-07
418,459,41,0.082,1.3314823260657249e-07
390,445,55,0.11,1.2961953436274598e-07
354,427,73,0.146,1.332388581545274e-07
332,416,84,0.168,1.4348356427262843e-07
378,439,61,0.122,1.2660461422342452e-07
382,441,59,0.118,1.3239138291964992e-07
386,443,57,0.114,1.4365862301701783e-07
380,440,60,0.12,1.2581292671143273e-07
392,446,54,0.108,1.3514088257693402e-07
366,433,67,0.134,1.4943566213787564e-07
388,444,56,0.112,1.335549377188272e-07
412,456,44,0.088,1.3733481151234628e-07
376,438,62,0.124,1.3427787095565691e-07
408,454,46,0.092,1.351332086869661e-07
394,447,53,0.106,1.2689010586086624e-07
342,421,79,0.158,1.428712424171863e-07
356,428,72,0.144,1.3129074159223818e-07
408,454,46,0.092,1.979191835914662e-07
350,425,75,0.15,1.9265251646061187e-07
398,449,51,0.102,1.3311250128822395e-07
336,418,82,0.164,1.4782812155544888e-07
390,445,55,0.11,2.4511617842222223e-06
378,439,61,0.122,1.4832816486887167e-07
410,455,45,0.09,1.3193190650895303e-07
390,445,55,0.11,1.2481710624001606e-07
426,463,37,0.074,1.2535064135477114e-07
396,448,52,0.104,1.5951523977264514e-07
360,430,70,0.14,1.2898873555400315e-07
388,444,56,0.112,1.255804716890907e-07
348,424,76,0.152,1.2425030067220177e-07
386,443,57,0.114,1.2322199256686871e-07
396,448,52,0.104,1.2785869091658242e-07
384,442,58,0.116,1.2810453736733506e-07
376,438,62,0.124,1.4586868039145884e-07
414,457,43,0.086,1.2521181463398535e-07
410,455,45,0.09,1.7508995895809675e-07
358,429,71,0.142,1.2282873478852707e-07
406,453,47,0.094,1.239740454366256e-07
386,443,57,0.114,1.2235679753302975e-07
408,454,46,0.092,1.2218668149444057e-07
390,445,55,0.11,1.207726672021181e-07
370,435,65,0.13,1.8208831900778932e-07
408,454,46,0.092,1.2267742420135618e-07
378,439,61,0.122,1.2105620038482812e-07
380,440,60,0.12,1.2397139096265165e-07
374,437,63,0.126,1.2777341868286385e-07
384,442,58,0.116,1.3230518527507228e-07
364,432,68,0.136,1.3793920587090724e-07
384,442,58,0.116,1.452275724602714e-07
368,434,66,0.132,1.6445277179855112e-07
372,436,64,0.128,1.528616881785183e-07
398,449,51,0.102,1.391105531638459e-07
364,432,68,0.136,1.3180268857126976e-07
430,465,35,0.07,1.3259149616828835e-07
396,448,52,0.104,1.3181169450149355e-07
382,441,59,0.118,1.2684805705021062e-07
428,464,36,0.072,1.251776415074346e-07
394,447,53,0.106,1.661134154460342e-07
422,461,39,0.078,1.553456276894849e-07
364,432,68,0.136,1.4041282753396444e-07
402,451,49,0.098,1.423186817817168e-06
390,445,55,0.11,1.2073746717078392e-07
384,442,58,0.116,1.2240874099234135e-07
366,433,67,0.134,1.3217417111377472e-07
390,445,55,0.11,1.2277553381068175e-07
374,437,63,0.126,1.2378435607729444e-07
362,431,69,0.138,1.2356337100527527e-07
430,465,35,0.07,1.2066026590673573e-07
404,452,48,0.096,1.236448186432426e-07
392,446,54,0.108,1.234778489163091e-07
344,422,78,0.156,1.246634747928965e-07
336,418,82,0.164,1.342994678168452e-07
430,465,35,0.07,1.233660762807176e-07
410,455,45,0.09,1.265692006882091e-07
394,447,53,0.106,1.2444845117443037e-07
360,430,70,0.14,1.2414151308348665e-07
370,435,65,0.13,1.4361392607042944e-07
386,443,57,0.114,1.2196347901749505e-07
418,459,41,0.082,1.2510644552321538e-07
418,459,41,0.082,1.2214811400212966e-07
378,439,61,0.122,1.262809509512408e-07
398,449,51,0.102,1.2625883610439814e-07
396,448,52,0.104,1.706725485064453e-07
358,429,71,0.142,1.2604633076307437e-07
388,444,56,0.112,1.2423960055230054e-07
382,441,59,0.118,1.2821644165228464e-07
350,425,75,0.15,1.2177724423168e-07
362,431,69,0.138,1.3035254400506347e-07
424,462,38,0.076,1.21631726187843e-07
324,412,88,0.176,1.2565871026026798e-07
380,440,60,0.12,1.2798727323115598e-07
410,455,45,0.09,1.2270763076571712e-07
366,433,67,0.134,1.2751569448710143e-07
400,450,50,0.1,1.3040961812293972e-07
352,426,74,0.148,1.271681808248104e-07
354,427,73,0.146,1.2507053946819724e-07
344,422,78,0.156,1.298574875079339e-07
366,433,67,0.134,1.555877130385852e-07
368,434,66,0.132,1.2654469804829204e-07
386,443,57,0.114,1.6114237953956944e-07
380,440,60,0.12,1.2428255834606716e-07
432,466,34,0.068,1.2765030675154775e-07
374,437,63,0.126,1.2644260797856077e-07
452,476,24,0.048,1.231473391385407e-07
390,445,55,0.11,1.2369636107223413e-07
348,424,76,0.152,1.2230780106392558e-07
380,440,60,0.12,1.2410816353281006e-07
384,442,58,0.116,1.2648233968093335e-07
388,444,56,0.112,1.2471420805582056e-07
356,428,72,0.144,1.2759356894775919e-07
410,455,45,0.09,1.3498471864181738e-07
368,434,66,0.132,1.239392320258048e-07
424,462,38,0.076,1.2794787957659538e-07
368,434,66,0.132,1.329650838783891e-07
334,417,83,0.166,1.317655141974683e-07
374,437,63,0.126,1.2468665403275736e-07
394,447,53,0.106,1.510203199757143e-07
378,439,61,0.122,1.306909963716407e-07
392,446,54,0.108,1.2877709849590245e-07
376,438,62,0.124,1.2892353726101647e-07
366,433,67,0.134,1.344544957078142e-07
404,452,48,0.096,1.22168822514368e-07
422,461,39,0.078,1.2768675671281927e-07
374,437,63,0.126,1.229331293757241e-07
358,429,71,0.142,1.2717202938006267e-07
408,454,46,0.092,1.2086243361864036e-07
424,462,38,0.076,1.3673090353449878e-07
396,448,52,0.104,1.2266574810837483e-07
312,406,94,0.188,1.2710187206721456e-07
402,451,49,0.098,1.2477407676669827e-07
402,451,49,0.098,1.209276041151952e-07
422,461,39,0.078,1.2315269009377515e-07
352,426,74,0.148,1.2348221397928682e-07
382,441,59,0.118,1.208133961654312e-07
410,455,45,0.09,1.2108263854315737e-07
376,438,62,0.124,1.255410647900135e-07
458,479,21,0.042,1.1983480186472663e-07
384,442,58,0.116,1.2183422737166438e-07
430,465,35,0.07,1.203672652820842e-07
412,456,44,0.088,1.2003966213569584e-07
332,416,84,0.168,1.2633211011348065e-07
402,451,49,0.098,1.2132245652196615e-07
404,452,48,0.096,1.2255562879204262e-07
368,434,66,0.132,1.2654291415969965e-07
338,419,81,0.162,1.2174508603379762e-07
382,441,59,0.118,1.2119991441750244e-07
364,432,68,0.136,1.2174443250501098e-07
378,439,61,0.122,1.3037747692123958e-07
378,439,61,0.122,1.4472518785169087e-07
408,454,46,0.092,1.2932157807199473e-07
398,449,51,0.102,1.4835064462204173e-07
392,446,54,0.108,1.2972291801816028e-07
376,438,62,0.124,1.3343554800826496e-07
394,447,53,0.106,1.2635709504138505e-07
406,453,47,0.094,1.2736779379451947e-07
394,447,53,0.106,1.2441162044751764e-07
366,433,67,0.134,1.761784045584136e-07
408,454,46,0.092,1.269188278456568e-07
380,440,60,0.12,1.2573785710401352e-07
358,429,71,0.142,1.303818953033442e-07
380,440,60,0.12,1.5939393421149362e-07
380,440,60,0.12,1.265812042277048e-07
390,445,55,0.11,1.2658019466016411e-07
326,413,87,0.174,1.2422887598972922e-07
384,442,58,0.116,3.3936313749620694e-06
372,436,64,0.128,1.2813844577408417e-07
376,438,62,0.124,1.2571379133419213e-07
404,452,48,0.096,1.2964645844704137e-07
354,427,73,0.146,3.286134892240966e-05
436,468,32,0.064,1.254706480438017e-07
426,463,37,0.074,1.206584307453795e-07
378,439,61,0.122,1.2147947836638194e-07
384,442,58,0.116,1.2238998098723641e-07
398,449,51,0.102,1.3230808355046975e-07
402,451,49,0.098,1.2417764907013408e-07
370,435,65,0.13,1.229309486063812e-07
404,452,48,0.096,1.2117667805000565e-07
340,420,80,0.16,0.004053629155727663
364,432,68,0.136,1.3168159014753657e-07
358,429,71,0.142,1.3946519578666994e-07
398,449,51,0.102,1.411729790845584e-07
356,428,72,0.144,1.6767423528563087e-07
350,425,75,0.15,2.2017892692360875e-07
388,444,56,0.112,1.701354551073564e-07
372,436,64,0.128,1.6296455765996142e-07
342,421,79,0.158,2.311097631491066e-07
406,453,47,0.094,1.5629624664370568e-07
354,427,73,0.146,1.3787113653052074e-07
398,449,51,0.102,1.5050006186356768e-07
398,449,51,0.102,1.5049239914333157e-07
392,446,54,0.108,1.2411790083888265e-07
408,454,46,0.092,1.2298886116468567e-07
382,441,59,0.118,1.292762096909428e-07
372,436,64,0.128,1.2162042631302937e-07
370,435,65,0.13,1.3495693517029395e-07
402,451,49,0.098,1.251790722278656e-07
390,445,55,0.11,1.2636836714818856e-07
348,424,76,0.152,1.3311042991404064e-07
392,446,54,0.108,1.4032807936814607e-07
390,445,55,0.11,1.8414412639344846e-07
398,449,51,0.102,1.2677065700472667e-07
390,445,55,0.11,1.4094292856725587e-07
368,434,66,0.132,1.523373651082238e-07
372,436,64,0.128,1.4763977910092764e-07
400,450,50,0.1,1.25942040085647e-07
402,451,49,0.098,1.2276505793806792e-07
366,433,67,0.134,1.2097076054828904e-07
350,425,75,0.15,1.3511580422687074e-07
434,467,33,0.066,1.2723727385832718e-07
384,442,58,0.116,1.276107677767868e-07
364,432,68,0.136,1.3164278510657824e-07
324,412,88,0.176,1.3801941139490738e-07
408,454,46,0.092,1.3026343989963606e-07
372,436,64,0.128,1.339487091911451e-07
402,451,49,0.098,1.3544018653988132e-07
400,450,50,0.1,1.3599269718156393e-07
334,417,83,0.166,1.6489664912455738e-07
424,462,38,0.076,1.3863392265989206e-07
390,445,55,0.11,1.345756853936564e-07
376,438,62,0.124,1.2839597093261547e-07
370,435,65,0.13,1.3585123184611803e-07
384,442,58,0.116,1.635433557396482e-07
356,428,72,0.144,1.3448006677663215e-07
390,445,55,0.11,1.2339001193595323e-07
402,451,49,0.098,1.253236055731577e-07
360,430,70,0.14,1.2962668247951113e-07
390,445,55,0.11,1.5320589369594017e-07
424,462,38,0.076,1.231899315996543e-07
398,449,51,0.102,1.2540564850382907e-07
396,448,52,0.104,1.2297589162812983e-07
402,451,49,0.098,1.4002344084929062e-07
354,427,73,0.146,1.2641680046954208e-07
384,442,58,0.116,1.2237659026936853e-07
330,415,85,0.17,1.3016954085287579e-07
364,432,68,0.136,1.2351738885740816e-07
354,427,73,0.146,1.2729057806382116e-07
364,432,68,0.136,1.3527223472920013e-07
378,439,61,0.122,1.4136087008864705e-07
388,444,56,0.112,1.597019809480571e-07
384,442,58,0.116,1.3135077051629195e-07
388,444,56,0.112,1.326638169985017e-07
434,467,33,0.066,1.2894673298546876e-07
386,443,57,0.114,1.2938946593976653e-07
390,445,55,0.11,1.2765427030103637e-07
334,417,83,0.166,1.20855593536362e-07
388,444,56,0.112,1.209311187722051e-07
392,446,54,0.108,1.2108573099567365e-07
396,448,52,0.104,1.3222357148379161e-07
382,441,59,0.118,1.2397420749721277e-07
402,451,49,0.098,1.392202803742748e-07
368,434,66,0.132,1.2385271980974722e-07
414,457,43,0.086,1.3684882677011956e-07
388,444,56,0.112,1.2359309673115603e-07
362,431,69,0.138,1.2889273676819357e-07
366,433,67,0.134,1.3639053565839276e-07
376,438,62,0.124,1.2589717971422942e-07
374,437,63,0.126,1.3351973527164774e-07
404,452,48,0.096,1.4221544984138744e-07
392,446,54,0.108,1.3456317904569915e-07
396,448,52,0.104,4.677940332547337e-05
360,430,70,0.14,1.2874935464424198e-07
428,464,36,0.072,1.235797817571438e-07
384,442,58,0.116,1.317989011795362e-07
412,456,44,0.088,1.2234682989742396e-07
352,426,74,0.148,1.2558016538832816e-07
384,442,58,0.116,1.206795848247566e-07
340,420,80,0.16,1.2337723131849998e-07
370,435,65,0.13,1.2071883082853674e-07
370,435,65,0.13,1.2644305988374073e-07
412,456,44,0.088,1.3279917615705018e-07
398,449,51,0.102,1.290829902416135e-07
378,439,61,0.122,1.3334232602346675e-07
382,441,59,0.118,1.7920107688951247e-07
404,452,48,0.096,1.317157234836941e-07
372,436,64,0.128,1.3726929748258953e-07
370,435,65,0.13,1.2952821310818763e-07
360,430,70,0.14,1.2847601718135592e-07
388,444,56,0.112,1.6538023726297978e-07
384,442,58,0.116,9.78442158566395e-06
356,428,72,0.144,1.3313415061588784e-07
410,455,45,0.09,1.2655691335794473e-07
394,447,53,0.106,1.5811111825314584e-07
374,437,63,0.126,1.4738729643681837e-07
374,437,63,0.126,1.391465711719775e-07
332,416,84,0.168,1.374739125878932e-07
410,455,45,0.09,1.3210931609819453e-07
402,451,49,0.098,1.2171298092766848e-07
368,434,66,0.132,1.2232026148240037e-07
368,434,66,0.132,1.2804503910501807e-07
326,413,87,0.174,1.4190076237241556e-07
380,440,60,0.12,1.3503402857395486e-07
392,446,54,0.108,1.3657543343015276e-07
364,432,68,0.136,2.02334579142871e-07
378,439,61,0.122,2.0806353671787293e-07
384,442,58,0.116,1.58105315335888e-07
370,435,65,0.13,1.4116877045466936e-07
380,440,60,0.12,1.4197289223716325e-07
414,457,43,0.086,1.3614664530336995e-07
408,454,46,0.092,1.3150141330697808e-07
372,436,64,0.128,1.286190785378949e-07
372,436,64,0.128,1.2284707602816525e-07
422,461,39,0.078,1.2378710439975294e-07
368,434,66,0.132,1.2102600277330566e-07
384,442,58,0.116,1.223458498600394e-07
376,438,62,0.124,1.244159198563466e-07
362,431,69,0.138,1.3631377800038535e-07
402,451,49,0.098,1.2537572894188999e-07
386,443,57,0.114,1.3095120968387165e-07
386,443,57,0.114,1.2326912789717425e-07
380,440,60,0.12,1.227409700561566e-07
412,456,44,0.088,1.2937833844262058e-07
368,434,66,0.132,1.273932271033118e-07
382,441,59,0.118,1.3403160286884484e-07
360,430,70,0.14,1.353302901634379e-07
410,455,45,0.09,1.231406872932439e-07
398,449,51,0.102,1.226270974257204e-07
362,431,69,0.138,1.2374618478361298e-07
360,430,70,0.14,1.2920281653805432e-07
382,441,59,0.118,1.231993546753074e-07
382,441,59,0.118,1.4755222355233855e-07
374,437,63,0.126,1.412735523729225e-07
384,442,58,0.116,1.3802322132505652e-07
348,424,76,0.152,0.00011186978989380237
366,433,67,0.134,1.3313132032521936e-07
378,439,61,0.122,1.51136926547224e-07
386,443,57,0.114,1.4628460053245361e-07
414,457,43,0.086,1.3625150509710693e-07
396,448,52,0.104,1.392135115736437e-07
388,444,56,0.112,1.3217608648119494e-07
432,466,34,0.068,1.2103271777164082e-07
388,444,56,0.112,1.2187136019292666e-07
370,435,65,0.13,1.204266958154676e-07
384,442,58,0.116,1.2473899678866473e-07
392,446,54,0.108,1.206554735233567e-07
408,454,46,0.092,1.1976444051242653e-07
378,439,61,0.122,1.28358707939924e-07
376,438,62,0.124,1.2031135602796894e-07
358,429,71,0.142,1.2258311653567944e-07
358,429,71,0.142,1.2497451541548798e-07
382,441,59,0.118,1.5162950253966302e-07
370,435,65,0.13,1.393175061252805e-07
366,433,67,0.134,1.4149885660685868e-07
358,429,71,0.142,1.3414243369425093e-07
404,452,48,0.096,1.5179533417608583e-07
392,446,54,0.108,1.3658864395438287e-07
392,446,54,0.108,1.3385322003500732e-07
378,439,61,0.122,1.3357603194208422e-07
408,454,46,0.092,1.3255756735475188e-07
370,435,65,0.13,1.229381299765464e-07
358,429,71,0.142,1.2197950988479535e-07
400,450,50,0.1,1.2509676437844065e-07
394,447,53,0.106,1.227242080972246e-07
328,414,86,0.172,1.2261790129741712e-07
404,452,48,0.096,1.2044866232940877e-07
390,445,55,0.11,1.2282033716815022e-07
364,432,68,0.136,1.284855188146139e-07
370,435,65,0.13,1.2131906402146341e-07
358,429,71,0.142,1.3957403328390683e-07
328,414,86,0.172,1.2632528560629908e-07
380,440,60,0.12,1.266506343426954e-07
380,440,60,0.12,1.218816354082719e-07
314,407,93,0.186,1.2962702493268808e-07
358,429,71,0.142,1.225469386270106e-07
394,447,53,0.106,1.276477384806185e-07
388,444,56,0.112,1.3111884069871848e-07
360,430,70,0.14,1.4195342879474994e-07
390,445,55,0.11,1.3220436258620794e-07
388,444,56,0.112,1.275318118416635e-07
396,448,52,0.104,1.276454060530341e-07
382,441,59,0.118,1.2199504155319117e-07
406,453,47,0.094,0.003936158611158049
384,442,58,0.116,1.279056126861633e-07
366,433,67,0.134,1.1975270345487843e-07
412,456,44,0.088,1.1967500157084033e-07
414,457,43,0.086,1.1948751810564318e-07
390,445,55,0.11,1.198083948565909e-07
396,448,52,0.104,1.204269507582012e-07
374,437,63,0.126,1.2172868829907203e-07
364,432,68,0.136,1.1975400457231445e-07
394,447,53,0.106,2.4510160181989706e-07
412,456,44,0.088,1.210642952003127e-07
364,432,68,0.136,1.2130927035514105e-07
346,423,77,0.154,1.2621743297813737e-07
368,434,66,0.132,1.272485233698717e-07
368,434,66,0.132,1.2097175735448217e-07
386,443,57,0.114,1.2020522220268503e-07
374,437,63,0.126,1.2631842116661575e-07
378,439,61,0.122,2.238757360260024e-07
386,443,57,0.114,1.1993579207114636e-07
396,448,52,0.104,1.204415949587201e-07
410,455,45,0.09,1.2041519821082148e-07
378,439,61,0.122,1.1969889615670582e-07
352,426,74,0.148,1.1961523139802922e-07
346,423,77,0.154,1.2411175333681968e-07
358,429,71,0.142,1.24281370119661e-07
360,430,70,0.14,1.3820060286207082e-07
394,447,53,0.106,1.2254882449269645e-07
378,439,61,0.122,1.2473425908865465e-07
424,462,38,0.076,1.2047748296595272e-07
394,447,53,0.106,1.2843872730172734e-07
336,418,82,0.164,1.2094464588585653e-07
364,432,68,0.136,1.2242205207257938e-07
364,432,68,0.136,1.2108292062862346e-07
376,438,62,0.124,1.2645273324096707e-07
376,438,62,0.124,1.2781250345028637e-07
406,453,47,0.094,1.2119411590560958e-07
394,447,53,0.106,1.2420542586255578e-07
380,440,60,0.12,1.27009900666053e-07
402,451,49,0.098,1.1950331483490117e-07
376,438,62,0.124,1.2277448317377094e-07
382,441,59,0.118,1.2121252024144269e-07
396,448,52,0.104,1.1970939135608206e-07
404,452,48,0.096,1.209438353839687e-07
400,450,50,0.1,1.2191820960083531e-07
360,430,70,0.14,1.2059106620654348e-07
396,448,52,0.104,1.2049013264459063e-07
384,442,58,0.116,1.2379008072116448e-07
354,427,73,0.146,1.1980958041135636e-07
356,428,72,0.144,1.2035579717917243e-07
364,432,68,0.136,1.19809126886139e-07
354,427,73,0.146,1.2087727560583518e-07
382,441,59,0.118,1.4731096919717856e-07
382,441,59,0.118,1.2333722122548353e-07
378,439,61,0.122,1.2493849794736888e-07
360,430,70,0.14,1.310793546451805e-07
394,447,53,0.106,1.2555148114756776e-07
354,427,73,0.146,1.2218689366250146e-07
356,428,72,0.144,1.2157389400613282e-07
398,449,51,0.102,1.2510161343470827e-07
402,451,49,0.098,1.2419133511798462e-07
368,434,66,0.132,1.2204360785972312e-07
378,439,61,0.122,1.219092656015164e-07
416,458,42,0.084,1.2957442356764659e-07
390,445,55,0.11,1.1977838744314795e-07
370,435,65,0.13,1.1980218027929368e-07
392,446,54,0.108,1.1971120332532336e-07
348,424,76,0.152,1.211614616352108e-07
346,423,77,0.154,1.2158355141878018e-07
380,440,60,0.12,1.2915432478166623e-07
384,442,58,0.116,1.2114147429542755e-07
382,441,59,0.118,1.2751802796628908e-07
388,444,56,0.112,1.2506460421946032e-07
386,443,57,0.114,1.3011182772970642e-07
366,433,67,0.134,1.2090591511082494e-07
384,442,58,0.116,1.2150775256714042e-07
400,450,50,0.1,1.2062648119126606e-07
376,438,62,0.124,1.2016672582149112e-07
426,463,37,0.074,1.1975597655577984e-07
374,437,63,0.126,1.1954731459695722e-07
414,457,43,0.086,1.1975196150615374e-07
412,456,44,0.088,1.2087536541116605e-07
420,460,40,0.08,1.1941537090365274e-07
372,436,64,0.128,1.197381423025945e-07
400,450,50,0.1,1.1989617615881797e-07
394,447,53,0.106,1.200657534923266e-07
410,455,45,0.09,1.2032522508320654e-07
422,461,39,0.078,1.1959652221094074e-07
372,436,64,0.128,1.1957273360962972e-07
390,445,55,0.11,1.195661172914697e-07
342,421,79,0.158,1.1971711097658043e-07
394,447,53,0.106,1.1959938197492192e-07
424,462,38,0.076,1.19988042172281e-07
402,451,49,0.098,1.1991167448854868e-07
366,433,67,0.134,1.2021365111536398e-07
422,461,39,0.078,1.1953763132055428e-07
444,472,28,0.056,1.1934217243947386e-07
396,448,52,0.104,1.1929755518735875e-07
424,462,38,0.076,1.1933741456005008e-07
388,444,56,0.112,1.1988972462972924e-07
354,427,73,0.146,1.1930432634699172e-07
384,442,58,0.116,1.1943456038920886e-07
402,451,49,0.098,1.1942355482119637e-07
398,449,51,0.102,1.1963062883069143e-07
414,457,43,0.086,1.1977337908319896e-07
384,442,58,0.116,1.197737384188713e-07
436,468,32,0.064,1.2002146939948943e-07
372,436,64,0.128,1.1945141122282622e-07
332,416,84,0.168,1.2010289643171747e-07
350,425,75,0.15,1.1973486937222334e-07
388,444,56,0.112,1.200013232960373e-07
376,438,62,0.124,1.201023914063626e-07
384,442,58,0.116,1.2376664645330494e-07
430,465,35,0.07,1.1994374759183302e-07
446,473,27,0.054,1.2278425646172764e-07
392,446,54,0.108,1.2063772612691538e-07
398,449,51,0.102,2.2658922455320864e-07
366,433,67,0.134,1.221739683501255e-07
370,435,65,0.13,1.241812995544933e-07
376,438,62,0.124,1.2434963520036035e-07
370,435,65,0.13,1.2470636028183435e-07
378,439,61,0.122,1.2383645082536533e-07
388,444,56,0.112,1.2527190119726584e-07
372,436,64,0.128,1.2262460506917705e-07
386,443,57,0.114,1.2527904664239032e-07
410,455,45,0.09,1.2325940093660393e-07
398,449,51,0.102,1.2194443840485292e-07
412,456,44,0.088,1.2900563768880602e-07
362,431,69,0.138,1.1944765452653883e-07
386,443,57,0.114,1.2062271508739287e-07
338,419,81,0.162,1.1995091480798692e-07
412,456,44,0.088,1.204392056024517e-07
358,429,71,0.142,1.2034849984843277e-07
404,452,48,0.096,1.228683640874806e-07
398,449,51,0.102,1.2074661327687862e-07
352,426,74,0.148,1.2170305114977963e-07
386,443,57,0.114,1.200556069989034e-07
366,433,67,0.134,1.2406230106876136e-07
392,446,54,0.108,1.2102739816555185e-07
392,446,54,0.108,1.2086171096825638e-07
364,432,68,0.136,1.1964483226734047e-07
376,438,62,0.124,1.2332031525374987e-07
410,455,45,0.09,1.200340292086821e-07
354,427,73,0.146,1.1992617913847424e-07
362,431,69,0.138,1.219315898026707e-07
336,418,82,0.164,4.93923922505246e-07
358,429,71,0.142,1.380303266955707e-07
372,436,64,0.128,1.382217226080229e-07
340,420,80,0.16,1.3805304362790594e-07
392,446,54,0.108,1.29625924927268e-07
372,436,64,0.128,1.47800023853506e-07
382,441,59,0.118,1.2863014583786025e-07
404,452,48,0.096,1.2135939982726996e-07
396,448,52,0.104,1.22738435464953e-07
384,442,58,0.116,1.2265745539252748e-07
370,435,65,0.13,1.217091567866646e-07
398,449,51,0.102,2.977537656647655e-06
386,443,57,0.114,1.2089384370028712e-07
392,446,54,0.108,1.2804756667605942e-07
354,427,73,0.146,1.277406638280354e-07
390,445,55,0.11,1.2112184845136654e-07
408,454,46,0.092,1.2129116166192943e-07
438,469,31,0.062,1.2142921599433977e-07
382,441,59,0.118,1.19456991029665e-07
382,441,59,0.118,1.2136535414697392e-07
408,454,46,0.092,1.195865757779302e-07
414,457,43,0.086,1.200620093868565e-07
362,431,69,0.138,1.2157661248579642e-07
394,447,53,0.106,1.2002261598809127e-07
360,430,70,0.14,1.2221436438153433e-07
380,440,60,0.12,2.740182620982523e-06
406,453,47,0.094,1.2080078099074854e-07
376,438,62,0.124,1.1976062035046198e-07
364,432,68,0.136,1.1995377042239853e-07
412,456,44,0.088,1.202602604735148e-07
414,457,43,0.086,1.1986914987005547e-07
376,438,62,0.124,1.202568141422944e-07
344,422,78,0.156,1.2022011637213836e-07
398,449,51,0.102,1.205545954974241e-07
400,450,50,0.1,1.221769363723979e-07
350,425,75,0.15,1.2183516480490652e-07
396,448,52,0.104,1.209198594267491e-07
364,432,68,0.136,1.2513502696265276e-07
354,427,73,0.146,1.2049699788008183e-07
406,453,47,0.094,1.2208668991320338e-07
376,438,62,0.124,1.2042547766100143e-07
422,461,39,0.078,1.1962962744860307e-07
378,439,61,0.122,1.2088764489703862e-07
404,452,48,0.096,1.1957451343391768e-07
384,442,58,0.116,1.1939630908841537e-07
406,453,47,0.094,1.1953973438494358e-07
380,440,60,0.12,1.1961222261902548e-07
406,453,47,0.094,1.203784207461922e-07
404,452,48,0.096,1.2548685393198867e-07
360,430,70,0.14,1.206909286111113e-07
376,438,62,0.124,1.1977205687685456e-07
396,448,52,0.104,1.2051192007334065e-07
402,451,49,0.098,1.195327049288153e-07
392,446,54,0.108,1.19652201505005e-07
340,420,80,0.16,1.2041570226983822e-07
406,453,47,0.094,1.2159819914359105e-07
334,417,83,0.166,1.2038701839856004e-07
350,425,75,0.15,1.2465985852827544e-07
420,460,40,0.08,1.20811385329489e-07
362,431,69,0.138,1.2089967873407658e-07
390,445,55,0.11,1.203695732669985e-07
346,423,77,0.154,1.2146046023531198e-07
354,427,73,0.146,1.3387670932729634e-07
374,437,63,0.126,1.229266815698793e-07
390,445,55,0.11,1.296063962001881e-07
428,464,36,0.072,1.3588717351353807e-07
390,445,55,0.11,1.234717519480455e-07
402,451,49,0.098,1.1984815711230113e-07
364,432,68,0.136,1.2031953201585567e-07
378,439,61,0.122,1.2021472323908712e-07
402,451,49,0.098,1.2026756863292575e-07
376,438,62,0.124,1.2008599574642175e-07
414,457,43,0.086,1.1998215580888428e-07
352,426,74,0.148,1.1997137275443492e-07
440,470,30,0.06,1.2050158980514425e-07
394,447,53,0.106,1.1941594866016203e-07
410,455,45,0.09,1.1967787651201434e-07
392,446,54,0.108,1.1971823295198193e-07
402,451,49,0.098,1.1935230392623453e-07
342,421,79,0.158,1.2049411611769755e-07
354,427,73,0.146,1.2131036888263224e-07
362,431,69,0.138,1.233291959295002e-07
388,444,56,0.112,1.479114975779794e-07
358,429,71,0.142,1.333199876398794e-07
386,443,57,0.114,1.2651009640762822e-07
376,438,62,0.124,1.4070412058231342e-07
320,410,90,0.18,1.6218326587136288e-07
406,453,47,0.094,1.2522136063353174e-07
388,444,56,0.112,1.2391747677042985e-07
400,450,50,0.1,1.2255306469910464e-07
354,427,73,0.146,1.245824311126853e-07
368,434,66,0.132,1.2017752194992682e-07
412,456,44,0.088,1.199285767938818e-07
384,442,58,0.116,1.2008112841499497e-07
398,449,51,0.102,1.2123313496203993e-07
366,433,67,0.134,1.2026939126030812e-07
400,450,50,0.1,1.1951935883303123e-07
378,439,61,0.122,1.2116508864323805e-07
422,461,39,0.078,1.2040872593388486e-07
398,449,51,0.102,1.1966465251589398e-07
364,432,68,0.136,1.1995044022228285e-07
360,430,70,0.14,1.1970773670100243e-07
352,426,74,0.148,1.1989795001454695e-07
354,427,73,0.146,1.1990689327490144e-07
386,443,57,0.114,1.201254169416188e-07
340,420,80,0.16,1.230738690765065e-07
358,429,71,0.142,1.2799654612649648e-07
412,456,44,0.088,1.2350207663303082e-07
382,441,59,0.118,1.4231398731112676e-07
404,452,48,0.096,1.278237893984624e-07
412,456,44,0.088,1.2121713851342975e-07
336,418,82,0.164,1.2302285790610769e-07
364,432,68,0.136,1.2135389906120509e-07
410,455,45,0.09,1.2032165813025131e-07
386,443,57,0.114,1.2397010851827872e-07
404,452,48,0.096,1.195900284187701e-07
362,431,69,0.138,1.2048977072254274e-07
386,443,57,0.114,1.2007103924815966e-07
440,470,30,0.06,1.197495113842706e-07
396,448,52,0.104,1.2219655772582883e-07
410,455,45,0.09,1.2016213560173128e-07
374,437,63,0.126,1.195742037509717e-07
366,433,67,0.134,1.1967315123229128e-07
358,429,71,0.142,1.2633095977321318e-07
350,425,75,0.15,1.209806723352358e-07
388,444,56,0.112,1.2065191134524865e-07
382,441,59,0.118,1.5036147300406811e-07
392,446,54,0.108,1.2116973141473864e-07
364,432,68,0.136,1.2520274196958781e-07
374,437,63,0.126,1.2019960047382484e-07
384,442,58,0.116,6.165669511034366e-06
346,423,77,0.154,1.2181354759377428e-07
370,435,65,0.13,1.2697328185140578e-07
396,448,52,0.104,1.3153630408169192e-07
350,425,75,0.15,1.278513989291241e-07
356,428,72,0.144,1.4490181919768475e-07
368,434,66,0.132,1.2883981071354355e-07
378,439,61,0.122,1.3299637791419628e-07
392,446,54,0.108,1.2911082077948777e-07
396,448,52,0.104,1.2575431327377373e-07
400,450,50,0.1,1.226001557199652e-07
392,446,54,0.108,1.2018512072131671e-07
374,437,63,0.126,1.2020029913628604e-07
392,446,54,0.108,1.2020813232993534e-07
404,452,48,0.096,1.1975182883361413e-07
390,445,55,0.11,1.2173879176202717e-07
368,434,66,0.132,1.197261487675405e-07
378,439,61,0.122,1.208659322173844e-07
396,448,52,0.104,1.2127490333568858e-07
392,446,54,0.108,1.2044944560329895e-07
396,448,52,0.104,1.210355205500946e-07
380,440,60,0.12,1.2077281559186304e-07
382,441,59,0.118,1.2290687908489418e-07
388,444,56,0.112,1.2091316500573156e-07
406,453,47,0.094,1.239488223632179e-07
352,426,74,0.148,1.2065034971442402e-07
382,441,59,0.118,1.2012666752525546e-07
396,448,52,0.104,1.1976117730227998e-07
388,444,56,0.112,1.217253504250948e-07
420,460,40,0.08,1.1950397475857245e-07
330,415,85,0.17,1.197128227374833e-07
374,437,63,0.126,1.2250473471908662e-07
396,448,52,0.104,1.2065014578865886e-07
420,460,40,0.08,1.1994390658287557e-07
380,440,60,0.12,1.2064254158872245e-07
376,438,62,0.124,1.3371490393865316e-07
424,462,38,0.076,1.2237610337706427e-07
368,434,66,0.132,1.1959746558432017e-07
396,448,52,0.104,1.195397630624484e-07
378,439,61,0.122,1.1947770914844113e-07
378,439,61,0.122,1.2126079451491023e-07
392,446,54,0.108,1.2586618561272188e-07
354,427,73,0.146,1.253232698559259e-07
366,433,67,0.134,1.222515505787669e-07
378,439,61,0.122,1.2203382254938333e-07
386,443,57,0.114,1.233927758619302e-07
422,461,39,0.078,1.206929035504345e-07
390,445,55,0.11,1.1977905481330707e-07
430,465,35,0.07,1.195504585780327e-07
418,459,41,0.082,1.272724608440967e-07
374,437,63,0.126,1.1971149024248008e-07
362,431,69,0.138,1.1938424040636165e-07
412,456,44,0.088,1.19612945411518e-07
360,430,70,0.14,1.194901540486626e-07
382,441,59,0.118,1.2430083177150664e-07
404,452,48,0.096,1.2004798281850525e-07
388,444,56,0.112,1.2048304591871783e-07
364,432,68,0.136,1.2448546436871766e-07
386,443,57,0.114,1.2504137657742832e-07
374,437,63,0.126,1.2049450481299572e-07
394,447,53,0.106,1.2091563928606773e-07
410,455,45,0.09,1.201304891367272e-07
364,432,68,0.136,1.2125573616117436e-07
400,450,50,0.1,1.2069006822912343e-07
404,452,48,0.096,1.1981947372419199e-07
360,430,70,0.14,1.2025533433757117e-07
350,425,75,0.15,1.2782230402308414e-07
388,444,56,0.112,1.2179588955518738e-07
406,453,47,0.094,1.200462014878667e-07
424,462,38,0.076,1.206109274960454e-07
402,451,49,0.098,1.1944473081371143e-07
394,447,53,0.106,1.208357715256625e-07
410,455,45,0.09,1.1943042133566452e-07
388,444,56,0.112,1.2044175639402964e-07
382,441,59,0.118,1.1944094603677513e-07
376,438,62,0.124,1.2149509885261977e-07
386,443,57,0.114,1.1976414680248125e-07
394,447,53,0.106,1.2024811374544698e-07
370,435,65,0.13,1.2026550180621598e-07
356,428,72,0.144,1.1980486965512681e-07
398,449,51,0.102,1.199845964663382e-07
390,445,55,0.11,1.2030912964178243e-07
394,447,53,0.106,1.2024253447862066e-07
374,437,63,0.126,1.2032263995820359e-07
390,445,55,0.11,1.199207799515989e-07
380,440,60,0.12,1.313702683773954e-07
386,443,57,0.114,1.2154652094409358e-07
378,439,61,0.122,1.2074194071942656e-07
394,447,53,0.106,1.2331415544508672e-07
378,439,61,0.122,1.213799920094516e-07
416,458,42,0.084,1.2458733334597126e-07
414,457,43,0.086,1.2706383533696908e-05
380,440,60,0.12,1.2126150946301096e-07
376,438,62,0.124,1.196339500495469e-07
390,445,55,0.11,1.1968193524580782e-07
328,414,86,0.172,1.2340706240365763e-07
436,468,32,0.064,1.198938037134667e-07
396,448,52,0.104,1.2017418595178243e-07
414,457,43,0.086,1.1984039798562663e-07
360,430,70,0.14,1.210368020565511e-07
348,424,76,0.152,1.205651189479795e-07
380,440,60,0.12,1.20660369759662e-07
396,448,52,0.104,1.221394701360623e-07
346,423,77,0.154,1.244698808307021e-07
404,452,48,0.096,1.2067283464034517e-07
372,436,64,0.128,1.2216979732215804e-07
420,460,40,0.08,1.196703583730141e-07
424,462,38,0.076,1.1976926086276763e-07
380,440,60,0.12,1.1943053789309488e-07
362,431,69,0.138,1.1937540224948863e-07
394,447,53,0.106,1.1955023722975967e-07
398,449,51,0.102,1.1939109282366188e-07
380,440,60,0.12,1.1942258859676257e-07
364,432,68,0.136,1.218539355249959e-07
386,443,57,0.114,1.3464464103662977e-07
380,440,60,0.12,1.229199028216499e-07
386,443,57,0.114,1.2002313619063898e-07
316,408,92,0.184,1.2038559231086766e-07
396,448,52,0.104,1.2104069509177862e-07
396,448,52,0.104,1.2143766505801067e-07
424,462,38,0.076,1.1999392174288915e-07
388,444,56,0.112,1.208795909519722e-07
348,424,76,0.152,1.2094287450281627e-07
392,446,54,0.108,1.2040609632890663e-07
382,441,59,0.118,1.1999508822668757e-07
394,447,53,0.106,1.2025195337628247e-07
364,432,68,0.136,1.2039307605959948e-07
364,432,68,0.136,1.5795072096125296e-07
334,417,83,0.166,1.2209004458441086e-07
388,444,56,0.112,1.198327578606495e-07
396,448,52,0.104,1.198630610588225e-07
338,419,81,0.162,1.204493761690628e-07
366,433,67,0.134,1.1987615667408136e-07
400,450,50,0.1,1.1955925839401972e-07
382,441,59,0.118,1.1941788426383937e-07
398,449,51,0.102,1.230931087548015e-07
420,460,40,0.08,1.1943359649535524e-07
404,452,48,0.096,1.195340373953968e-07
362,431,69,0.138,1.2032914295900809e-07
380,440,60,0.12,1.19581520095835e-07
376,438,62,0.124,1.1966684323283516e-07
382,441,59,0.118,1.1954873232866704e-07
376,438,62,0.124,1.196994660119799e-07
342,421,79,0.158,1.203371592168878e-07
384,442,58,0.116,1.2046014310840293e-07
392,446,54,0.108,1.2678988312586625e-07
370,435,65,0.13,1.2611915948923523e-07
392,446,54,0.108,4.83253898156022e-06
360,430,70,0.14,1.2351892229389705e-07
374,437,63,0.126,1.211667406550987e-07
410,455,45,0.09,1.216731206454824e-07
338,419,81,0.162,1.222241170921734e-07
404,452,48,0.096,1.1988735724344224e-07
378,439,61,0.122,1.1950699311569225e-07
372,436,64,0.128,1.1947206192530756e-07
436,468,32,0.064,1.194704169904526e-07
380,440,60,0.12,1.196767078965877e-07
396,448,52,0.104,1.208816505595678e-07
330,415,85,0.17,1.3100330329507416e-07
394,447,53,0.106,6.220317222016547e-07
374,437,63,0.126,1.195936142721621e-07
354,427,73,0.146,1.2271439354094583e-07
428,464,36,0.072,1.222770780202609e-07
404,452,48,0.096,1.2233793790983327e-07
410,455,45,0.09,1.228621689222109e-07
364,432,68,0.136,1.2923409133236418e-07
344,422,78,0.156,1.2040075742447697e-07
412,456,44,0.088,1.2047994297859077e-07
412,456,44,0.088,1.209327091942214e-07
374,437,63,0.126,1.203426377003325e-07
356,428,72,0.144,1.2075667291355786e-07
406,453,47,0.094,1.2039015354048387e-07
416,458,42,0.084,1.1966376823124848e-07
394,447,53,0.106,1.2012364572910884e-07
374,437,63,0.126,1.2182459752807516e-07
378,439,61,0.122,1.2096214189227793e-07
368,434,66,0.132,1.217755109337304e-07
412,456,44,0.088,1.2590794500511037e-07
400,450,50,0.1,1.222278217198891e-07
338,419,81,0.162,1.2149422929041975e-07
364,432,68,0.136,1.2024669419474776e-07
386,443,57,0.114,1.2278961176548365e-07
364,432,68,0.136,1.2323150139081917e-07
364,432,68,0.136,1.212867155686581e-07
370,435,65,0.13,1.2022650784615507e-07
406,453,47,0.094,1.2179230805031692e-07
392,446,54,0.108,1.200279987472186e-07
400,450,50,0.1,1.2267011396716044e-07
382,441,59,0.118,1.2104753366770637e-07
388,444,56,0.112,1.1987241438760066e-07
394,447,53,0.106,1.1942608642812046e-07
386,443,57,0.114,1.200917435824067e-07
372,436,64,0.128,1.2476625389012952e-07
328,414,86,0.172,1.2460336901654045e-07
362,431,69,0.138,1.2455191915705654e-07
390,445,55,0.11,1.2633231233394326e-07
364,432,68,0.136,1.251759486251558e-07
396,448,52,0.104,1.4306836106925403e-07
362,431,69,0.138,1.3133267168541353e-07
386,443,57,0.114,1.2025445164454142e-07
404,452,48,0.096,1.2073533775947e-07
394,447,53,0.106,1.2030511601324179e-07
406,453,47,0.094,1.194860308260104e-07
412,456,44,0.088,1.203722601701429e-07
404,452,48,0.096,1.1942394024799795e-07
408,454,46,0.092,1.1963696402972345e-07
344,422,78,0.156,1.19517204211661e-07
410,455,45,0.09,1.205518809683781e-07
384,442,58,0.116,1.1955095175153474e-07
396,448,52,0.104,1.2063424836128435e-07
424,462,38,0.076,1.196298208014923e-07
366,433,67,0.134,1.1969423110258504e-07
414,457,43,0.086,1.195747865665453e-07
394,447,53,0.106,1.2016530905611945e-07
380,440,60,0.12,1.193852893948133e-07
356,428,72,0.144,1.211708874109263e-07
404,452,48,0.096,1.200610334706198e-07
420,460,40,0.08,1.1994024376349444e-07
360,430,70,0.14,1.2749224779895484e-07
410,455,45,0.09,1.2731399306176172e-07
352,426,74,0.148,1.2483271419228004e-07
390,445,55,0.11,0.004400930797633407
350,425,75,0.15,1.2233329178457098e-07
354,427,73,0.146,1.203185605334056e-07
384,442,58,0.116,1.216405331661008e-07
374,437,63,0.126,1.2227216120663798e-07
352,426,74,0.148,1.2231169876031346e-07
370,435,65,0.13,1.2086880479955654e-07
388,444,56,0.112,1.2085780196002815e-07
372,436,64,0.128,1.209335449345872e-07
386,443,57,0.114,1.199668591596037e-07
416,458,42,0.084,1.1969489531793443e-07
378,439,61,0.122,1.2050694090248727e-07
410,455,45,0.09,1.1953282361787388e-07
422,461,39,0.078,1.1990976582865187e-07
394,447,53,0.106,1.197730805131414e-07
406,453,47,0.094,1.1983961712758172e-07
396,448,52,0.104,1.1980069896821987e-07
376,438,62,0.124,1.2001298239283643e-07
354,427,73,0.146,1.1959968975361334e-07
424,462,38,0.076,1.1947583416827001e-07
414,457,43,0.086,1.350253530745249e-07
364,432,68,0.136,1.1938121070897978e-07
366,433,67,0.134,1.1933286072007832e-07
360,430,70,0.14,1.2137331486883342e-07
344,422,78,0.156,1.2165374778305705e-07
378,439,61,0.122,1.2015116598718124e-07
380,440,60,0.12,1.203676417276256e-07
392,446,54,0.108,1.2142436014528357e-07
338,419,81,0.162,1.2212237874109632e-07
432,466,34,0.068,1.2100770246092907e-07
378,439,61,0.122,1.19629265640242e-07
346,423,77,0.154,1.1954457039564658e-07
368,434,66,0.132,1.1954163545624397e-07
394,447,53,0.106,1.2009890014041956e-07
384,442,58,0.116,1.1964361132754674e-07
340,420,80,0.16,1.2010297299980265e-07
380,440,60,0.12,1.2109764230672227e-07
366,433,67,0.134,1.2058259446234843e-07
390,445,55,0.11,1.2198021372000767e-07
336,418,82,0.164,1.2196568368949558e-07
368,434,66,0.132,1.2276467174388016e-07
386,443,57,0.114,1.2433487034968494e-07
390,445,55,0.11,1.2135297367876773e-07
352,426,74,0.148,1.2225631255091685e-07
390,445,55,0.11,1.202368975441459e-07
416,458,42,0.084,1.2254793398369657e-07
392,446,54,0.108,1.1924362826221113e-07
412,456,44,0.088,1.1938314332837762e-07
386,443,57,0.114,1.1926611182389024e-07
368,434,66,0.132,1.1937282661733661e-07
338,419,81,0.162,1.197163344954788e-07
410,455,45,0.09,1.1942122503683094e-07
370,435,65,0.13,1.1946743913426872e-07
350,425,75,0.15,1.1957767844705812e-07
398,449,51,0.102,1.20370931654179e-07
370,435,65,0.13,1.1996254946211593e-07
390,445,55,0.11,1.1956016959402404e-07
358,429,71,0.142,1.2041188020361914e-07
402,451,49,0.098,1.1927956265367356e-07
418,459,41,0.082,1.192831429079888e-07
432,466,34,0.068,1.2458290933636818e-07
406,453,47,0.094,1.1939810130456863e-07
386,443,57,0.114,1.1922315636070378e-07
340,420,80,0.16,1.192787194668199e-07
402,451,49,0.098,1.1923511644340578e-07
416,458,42,0.084,1.1927053211024942e-07
370,435,65,0.13,1.194832463795592e-07
352,426,74,0.148,1.1977547828223578e-07
380,440,60,0.12,1.201792651386313e-07
392,446,54,0.108,1.2236026100254093e-07
364,432,68,0.136,1.2413085113394116e-07
402,451,49,0.098,1.232421379313564e-07
378,439,61,0.122,1.236631457004478e-07
392,446,54,0.108,1.247665539949594e-07
370,435,65,0.13,1.2088234370821739e-07
392,446,54,0.108,1.204224378170693e-07
338,419,81,0.162,1.1958258332356308e-07
376,438,62,0.124,1.1997631685289889e-07
358,429,71,0.142,1.1951995867320874e-07
364,432,68,0.136,1.1976879437725075e-07
366,433,67,0.134,1.20302938853456e-07
384,442,58,0.116,1.1946495345682706e-07
376,438,62,0.124,1.203211749896127e-07
392,446,54,0.108,1.201610206180703e-07
364,432,68,0.136,1.218987407582972e-07
388,444,56,0.112,1.19943177338655e-07
396,448,52,0.104,1.1947669474920986e-07
362,431,69,0.138,1.194989764883303e-07
408,454,46,0.092,1.1941387734282215e-07
416,458,42,0.084,1.1965896473498105e-07
392,446,54,0.108,1.1939612579681125e-07
400,450,50,0.1,1.193304203184198e-07
334,417,83,0.166,1.1949588176207726e-07
402,451,49,0.098,1.1932068338182943e-07
372,436,64,0.128,1.205602503375758e-07
372,436,64,0.128,1.2029602189045363e-07
360,430,70,0.14,1.2061933767881782e-07
402,451,49,0.098,1.1980834452174348e-07
364,432,68,0.136,1.2104528659051539e-07
370,435,65,0.13,1.1994110610658027e-07
366,433,67,0.134,1.20308811005998e-07
358,429,71,0.142,1.1971433872304261e-07
376,438,62,0.124,1.194498368022323e-07
364,432,68,0.136,1.1941490711819825e-07
368,434,66,0.132,1.194001795852273e-07
410,455,45,0.09,1.206739125052536e-07
370,435,65,0.13,1.1949762742347047e-07
374,437,63,0.126,1.1984627559513683e-07
382,441,59,0.118,1.196961083280712e-07
412,456,44,0.088,1.1977504078686252e-07
380,440,60,0.12,1.2019239619576184e-07
402,451,49,0.098,1.1982902921658932e-07
422,461,39,0.078,1.3132101449286892e-07
368,434,66,0.132,1.1937059900901658e-07
378,439,61,0.122,1.1924533040996721e-07
410,455,45,0.09,1.1926108271609336e-07
390,445,55,0.11,1.1927112839771325e-07
416,458,42,0.084,1.1924814387498374e-07
436,468,32,0.064,1.1923850482276066e-07
368,434,66,0.132,1.192909300584688e-07
420,460,40,0.08,1.1928370153668767e-07
368,434,66,0.132,1.1927117836307844e-07
392,446,54,0.108,1.192527567752677e-07
334,417,83,0.166,1.1934221132037238e-07
364,432,68,0.136,1.1960278763467613e-07
400,450,50,0.1,1.194039583083395e-07
394,447,53,0.106,3.289219587173875e-06
382,441,59,0.118,1.1948165021635758e-07
372,436,64,0.128,1.1952240404866642e-07
396,448,52,0.104,1.1947603385920046e-07
396,448,52,0.104,1.196850511178127e-07
402,451,49,0.098,1.193759811997097e-07
356,428,72,0.144,1.1959192397625885e-07
340,420,80,0.16,1.1940272887045467e-07
402,451,49,0.098,1.1955275945751964e-07
352,426,74,0.148,1.1951694426670657e-07
350,425,75,0.15,1.2112649346818217e-07
392,446,54,0.108,1.2339575297914963e-07
372,436,64,0.128,1.2144461075536127e-07
376,438,62,0.124,1.2093972171101085e-07
336,418,82,0.164,1.1998769971910405e-07
354,427,73,0.146,1.203026631344528e-07
390,445,55,0.11,1.1997809673403025e-07
358,429,71,0.142,1.2123227077154297e-07
398,449,51,0.102,1.1982184759062874e-07
348,424,76,0.152,1.201458334776362e-07
394,447,53,0.106,1.1985502720790464e-07
386,443,57,0.114,1.199163900196254e-07
406,453,47,0.094,1.1983070777432658e-07
412,456,44,0.088,1.2135271546753756e-07
366,433,67,0.134,1.193843592659505e-07
392,446,54,0.108,1.197102091907709e-07
346,423,77,0.154,1.2010655706262696e-07
364,432,68,0.136,1.19311548303358e-07
404,452,48,0.096,1.1928622257073584e-07
390,445,55,0.11,1.1926917608207078e-07
412,456,44,0.088,1.1931943961940305e-07
360,430,70,0.14,1.2032343829559977e-07
376,438,62,0.124,1.2060392285206945e-07
338,419,81,0.162,1.1944250942974578e-07
384,442,58,0.116,1.2000719797811143e-07
396,448,52,0.104,1.194008413847314e-07
386,443,57,0.114,1.1979919457871802e-07
410,455,45,0.09,1.1955227731164087e-07
374,437,63,0.126,1.1940496358420204e-07
376,438,62,0.124,1.193096685767614e-07
388,444,56,0.112,1.1951303295631987e-07
426,463,37,0.074,1.1931440374723935e-07
374,437,63,0.126,1.1935045887412343e-07
382,441,59,0.118,1.1986138196107277e-07
360,430,70,0.14,1.193529159309037e-07
384,442,58,0.116,1.193149889218148e-07
388,444,56,0.112,1.1975243918982414e-07
416,458,42,0.084,1.1947465975481463e-07
340,420,80,0.16,1.1970556261076126e-07
366,433,67,0.134,1.195594097396224e-07
408,454,46,0.092,1.19513557422124e-07
418,459,41,0.082,1.1960547132616738e-07
358,429,71,0.142,1.1932561798744246e-07
374,437,63,0.126,1.1926097664627377e-07
416,458,42,0.084,1.195955848061203e-07
362,431,69,0.138,1.1959434223740573e-07
362,431,69,0.138,1.1942687930854844e-07
406,453,47,0.094,1.2027711278506105e-07
380,440,60,0.12,1.2103247411232588e-07
402,451,49,0.098,1.2032287492047545e-07
384,442,58,0.116,1.2015597562253787e-07
398,449,51,0.102,1.2132733957059826e-07
426,463,37,0.074,1.1962390615849473e-07
408,454,46,0.092,1.2076149303652527e-07
338,419,81,0.162,1.1981054450416195e-07
410,455,45,0.09,1.200064103556997e-07
410,455,45,0.09,1.1926893722602472e-07
388,444,56,0.112,1.192828281944003e-07
366,433,67,0.134,1.192971813281929e-07
376,438,62,0.124,1.1927800943567491e-07
390,445,55,0.11,1.1943463363195405e-07
378,439,61,0.122,1.210317319078058e-07
382,441,59,0.118,1.1936954410884937e-07
402,451,49,0.098,1.1975319429780028e-07
390,445,55,0.11,1.2020989737493438e-07
386,443,57,0.114,1.200408045178847e-07
358,429,71,0.142,1.1973216714977753e-07
392,446,54,0.108,1.1955529686247245e-07
368,434,66,0.132,1.2055538232402795e-07
364,432,68,0.136,1.1957160504039167e-07
384,442,58,0.116,1.1976174499750415e-07
398,449,51,0.102,1.1946401164664166e-07
380,440,60,0.12,1.1945126547630024e-07
368,434,66,0.132,1.1942361800265644e-07
366,433,67,0.134,1.1941091790390602e-07
370,435,65,0.13,1.1946497156145597e-07
388,444,56,0.112,1.1945472206775777e-07
394,447,53,0.106,1.1929649147646158e-07
422,461,39,0.078,1.192815349781995e-07
352,426,74,0.148,1.1930437256069126e-07
362,431,69,0.138,1.1926657154504027e-07
428,464,36,0.072,3.4820364085987877e-06
388,444,56,0.112,1.192946256196592e-07
372,436,64,0.128,1.1988102500026798e-07
386,443,57,0.114,1.1955769124938342e-07
416,458,42,0.084,1.2044606165773075e-07
406,453,47,0.094,1.1956983757954732e-07
426,463,37,0.074,1.1993898482387522e-07
358,429,71,0.142,1.193187784451766e-07
386,443,57,0.114,1.1931983925705937e-07
396,448,52,0.104,1.1959206872802496e-07
432,466,34,0.068,1.1926809878559653e-07
402,451,49,0.098,1.1925591937256285e-07
326,413,87,0.174,1.197823600875836e-07
416,458,42,0.084,1.1937634843661726e-07
376,438,62,0.124,1.193555741565433e-07
364,432,68,0.136,1.1971298937396568e-07
354,427,73,0.146,1.1997297497146065e-07
366,433,67,0.134,1.1990696444286185e-07
368,434,66,0.132,1.2041787468319854e-07
384,442,58,0.116,1.2130897505358008e-07
394,447,53,0.106,1.2123669739594333e-07
360,430,70,0.14,1.208201411486698e-07
396,448,52,0.104,1.2026251863517245e-07
386,443,57,0.114,1.2013797169174723e-07
354,427,73,0.146,1.1974901133271487e-07
370,435,65,0.13,1.19973867583667e-07
390,445,55,0.11,1.1962029685719244e-07
412,456,44,0.088,1.1930574089547008e-07
390,445,55,0.11,1.2126068236284483e-07
392,446,54,0.108,1.2056036328544905e-07
356,428,72,0.144,1.1928602691568813e-07
408,454,46,0.092,1.1930368236789945e-07
366,433,67,0.134,1.2346480269798122e-07
394,447,53,0.106,1.1936906395249025e-07
378,439,61,0.122,1.1947175829618574e-07
376,438,62,0.124,1.199760706640518e-07
404,452,48,0.096,1.1938377895148732e-07
396,448,52,0.104,1.1971691751000436e-07
370,435,65,0.13,1.1946640734095126e-07
362,431,69,0.138,1.193985261522812e-07
368,434,66,0.132,1.194162194906312e-07
382,441,59,0.118,1.195715415747145e-07
386,443,57,0.114,1.1944633118332605e-07
376,438,62,0.124,1.1980542097944635e-07
388,444,56,0.112,1.207634813340519e-07
404,452,48,0.096,1.1971922063480635e-07
388,444,56,0.112,1.1933393949448147e-07
366,433,67,0.134,1.1953651988960702e-07
414,457,43,0.086,1.1936210887597554e-07
402,451,49,0.098,1.192856757654681e-07
430,465,35,0.07,1.1926323495004e-07
386,443,57,0.114,1.1925320890782133e-07
402,451,49,0.098,3.4300206445436744e-07
414,457,43,0.086,1.1924670792495818e-07
386,443,57,0.114,1.19613775069638e-07
392,446,54,0.108,1.1931249872532134e-07
372,436,64,0.128,1.192692919289584e-07
396,448,52,0.104,1.1970437543595836e-07
376,438,62,0.124,1.1951698797929566e-07
374,437,63,0.126,1.203135093135188e-07
404,452,48,0.096,1.196413200261759e-07
422,461,39,0.078,1.198140804774539e-07
390,445,55,0.11,1.1953554596288996e-07
358,429,71,0.142,1.1980184353888034e-07
394,447,53,0.106,1.1928698569363406e-07
368,434,66,0.132,1.1924034899379876e-07
362,431,69,0.138,1.193099112128948e-07
354,427,73,0.146,1.1979751599255904e-07
364,432,68,0.136,1.1930592273756702e-07
440,470,30,0.06,1.1949189237725476e-07
388,444,56,0.112,1.1965744653252842e-07
342,421,79,0.158,1.196281095587892e-07
422,461,39,0.078,1.2034245082759298e-07
432,466,34,0.068,1.1957927463868145e-07
374,437,63,0.126,1.19657252412253e-07
416,458,42,0.084,1.200882604450726e-07
392,446,54,0.108,1.193533921366452e-07
428,464,36,0.072,1.1925742910534608e-07
382,441,59,0.118,1.1926020658847847e-07
378,439,61,0.122,1.192223287773686e-07
400,450,50,0.1,1.1923053190798783e-07
354,427,73,0.146,1.1925242966981386e-07
390,445,55,0.11,1.1928659932891605e-07
444,472,28,0.056,1.1941493212930255e-07
412,456,44,0.088,1.1933584173107192e-07
408,454,46,0.092,1.194322018704952e-07
414,457,43,0.086,1.2074523476712784e-07
388,444,56,0.112,1.193744055569823e-07
392,446,54,0.108,1.195093308581363e-07
400,450,50,0.1,1.193555576151084e-07
350,425,75,0.15,1.1937660309513375e-07
376,438,62,0.124,1.1929800507459732e-07
402,451,49,0.098,1.1932466222219774e-07
356,428,72,0.144,1.194923695493344e-07
358,429,71,0.142,1.2014890421596648e-07
366,433,67,0.134,1.2090772216311052e-07
404,452,48,0.096,1.207250160177864e-07
388,444,56,0.112,1.2027062834363278e-07
396,448,52,0.104,1.2025643121660323e-07
412,456,44,0.088,1.2390453835564586e-07
410,455,45,0.09,1.198039350072122e-07
386,443,57,0.114,1.1977186724720923e-07
378,439,61,0.122,1.1957369116544213e-07
376,438,62,0.124,1.196116319306384e-07
408,454,46,0.092,1.1939843051322896e-07
412,456,44,0.088,1.1926949690632682e-07
396,448,52,0.104,1.1959223988355915e-07
374,437,63,0.126,1.1981705605990102e-07
374,437,63,0.126,1.1928783669645782e-07
376,438,62,0.124,1.1939567971808173e-07
390,445,55,0.11,1.194106773709791e-07
346,423,77,0.154,1.1935862295331389e-07
390,445,55,0.11,1.1943614717324636e-07
374,437,63,0.126,1.195490219174644e-07
382,441,59,0.118,1.1977458913747796e-07
372,436,64,0.128,1.2265412777878736e-07
394,447,53,0.106,1.205692162500327e-07
422,461,39,0.078,3.3709627908251607e-07
336,418,82,0.164,1.1976135351687845e-07
402,451,49,0.098,1.1970859821985868e-07
374,437,63,0.126,1.1938093692265283e-07
370,435,65,0.13,1.1936699607417721e-07
344,422,78,0.156,1.1983188312569838e-07
348,424,76,0.152,1.1941377906055095e-07
410,455,45,0.09,1.192696867633458e-07
366,433,67,0.134,1.1982566780943672e-07
356,428,72,0.144,1.1983098133327985e-07
360,430,70,0.14,1.2002709141256673e-07
406,453,47,0.094,1.2010007844764915e-07
348,424,76,0.152,1.2156561371057252e-07
376,438,62,0.124,1.1992094286483735e-07
424,462,38,0.076,1.2078901855261393e-07
412,456,44,0.088,1.1953501510220121e-07
420,460,40,0.08,1.1929519212117158e-07
390,445,55,0.11,1.1930625655054428e-07
440,470,30,0.06,1.1925336582407909e-07
410,455,45,0.09,1.192182200497882e-07
388,444,56,0.112,1.1925197580353598e-07
386,443,57,0.114,1.1922395225383298e-07
408,454,46,0.092,1.1924647802175058e-07
398,449,51,0.102,1.1933403195030223e-07
388,444,56,0.112,1.1958414779655868e-07
350,425,75,0.15,1.1967616859465124e-07
386,443,57,0.114,1.2025148490124593e-07
362,431,69,0.138,1.2051780217348097e-07
374,437,63,0.126,1.2093651821487584e-07
398,449,51,0.102,1.2098918148240045e-07
342,421,79,0.158,1.2224182441400444e-07
396,448,52,0.104,1.317033396333045e-07
400,450,50,0.1,1.2093450146721806e-07
362,431,69,0.138,1.2131860117392534e-07
312,406,94,0.188,1.2024254954212666e-07
388,444,56,0.112,1.2039665190854977e-07
402,451,49,0.098,1.205802363415387e-07
392,446,54,0.108,1.1947323486083405e-07
408,454,46,0.092,1.1960215326212164e-07
418,459,41,0.082,1.1941694549477688e-07
372,436,64,0.128,1.1934046418105027e-07
384,442,58,0.116,1.1929219391504376e-07
406,453,47,0.094,1.1926061196732009e-07
380,440,60,0.12,1.1924080320113716e-07
390,445,55,0.11,1.1968575768150913e-07
406,453,47,0.094,1.1929689006251464e-07
372,436,64,0.128,1.1927164547387292e-07
402,451,49,0.098,1.1939475237454645e-07
420,460,40,0.08,1.1931583253499412e-07
372,436,64,0.128,1.197347641266333e-07
378,439,61,0.122,1.1950735745358544e-07
378,439,61,0.122,1.1944901515903438e-07
370,435,65,0.13,1.1966663603857342e-07
382,441,59,0.118,1.1949015703294207e-07
370,435,65,0.13,1.1962423695877078e-07
388,444,56,0.112,1.1959024828911424e-07
400,450,50,0.1,1.195280542560795e-07
420,460,40,0.08,1.1981376235326025e-07
420,460,40,0.08,1.2007341982211983e-07
362,431,69,0.138,1.2017033444067238e-07
358,429,71,0.142,1.1926376157589403e-07
392,446,54,0.108,1.1925209534524583e-07
400,450,50,0.1,1.1925652682975853e-07
384,442,58,0.116,1.1946518100103276e-07
312,406,94,0.188,1.199139096002e-07
342,421,79,0.158,1.210678975951396e-07
390,445,55,0.11,1.200021834222298e-07
386,443,57,0.114,1.2152908209372982e-07
400,450,50,0.1,2.3245686031714284e-07
392,446,54,0.108,1.2007156874460635e-07
404,452,48,0.096,1.1978179637139873e-07
416,458,42,0.084,1.1933707318689812e-07
402,451,49,0.098,1.1937677098217137e-07
376,438,62,0.124,1.1955085787462848e-07
426,463,37,0.074,1.1928002612648924e-07
404,452,48,0.096,1.1984394387809516e-07
360,430,70,0.14,1.193558300087716e-07
416,458,42,0.084,1.1937599211364614e-07
348,424,76,0.152,1.193502598084706e-07
396,448,52,0.104,1.1967556525860345e-07
402,451,49,0.098,1.1928486293300012e-07
390,445,55,0.11,1.19266794683881e-07
368,434,66,0.132,1.1925628737685655e-07
372,436,64,0.128,1.194075501871339e-07
392,446,54,0.108,1.1954661357549412e-07
344,422,78,0.156,1.1977183021372183e-07
394,447,53,0.106,1.1973816634736067e-07
388,444,56,0.112,1.202189236266804e-07
428,464,36,0.072,1.1957602083612073e-07
422,461,39,0.078,1.2155967093008257e-07
402,451,49,0.098,1.2003674174820844e-07
434,467,33,0.066,1.1922992348445404e-07
370,435,65,0.13,1.1923682487235965e-07
386,443,57,0.114,1.192776197171952e-07
378,439,61,0.122,1.192666442193513e-07
356,428,72,0.144,1.1927385341437004e-07
376,438,62,0.124,1.1935116017980362e-07
392,446,54,0.108,1.2001696359220659e-07
394,447,53,0.106,1.195333875330107e-07
374,437,63,0.126,1.1979024048969223e-07
382,441,59,0.118,1.2046749165506299e-07
384,442,58,0.116,1.1967268935109132e-07
380,440,60,0.12,1.1953776530049255e-07
376,438,62,0.124,1.1949085910600844e-07
390,445,55,0.11,1.203955875439533e-07
348,424,76,0.152,1.1979047204135896e-07
352,426,74,0.148,1.1952877184739918e-07
396,448,52,0.104,1.2093735770690727e-07
378,439,61,0.122,1.2060851543083116e-07
366,433,67,0.134,1.2016411969284492e-07
376,438,62,0.124,8.183738289062604e-07
406,453,47,0.094,1.1932204841968995e-07
400,450,50,0.1,1.1935064762269575e-07
364,432,68,0.136,1.192660201070339e-07
396,448,52,0.104,1.1928384950010695e-07
368,434,66,0.132,1.1926552366503529e-07
364,432,68,0.136,1.192857769467537e-07
374,437,63,0.126,1.199833845930698e-07
390,445,55,0.11,1.1937837015807418e-07
338,419,81,0.162,1.1949348635198477e-07
374,437,63,0.126,1.193960889338541e-07
366,433,67,0.134,1.1948558284302636e-07
380,440,60,0.12,1.2057085643846222e-07
388,444,56,0.112,1.1942585919655356e-07
370,435,65,0.13,1.215646024945727e-07
366,433,67,0.134,1.1984652761043436e-07
334,417,83,0.166,1.1991038951464361e-07
372,436,64,0.128,1.203075849787183e-07
360,430,70,0.14,1.2039539242891806e-07
372,436,64,0.128,1.2077765251206075e-07
404,452,48,0.096,1.2053304979531278e-07
364,432,68,0.136,1.210061413985386e-07
352,426,74,0.148,1.3607813053795325e-07
378,439,61,0.122,1.1992126135851323e-07
408,454,46,0.092,1.1960989670001253e-07
382,441,59,0.118,1.2067282921179868e-07
364,432,68,0.136,1.1940685379840942e-07
418,459,41,0.082,1.1937382649307437e-07
370,435,65,0.13,1.1941964143602491e-07
404,452,48,0.096,1.1953824844113115e-07
366,433,67,0.134,1.1933325893664915e-07
382,441,59,0.118,1.1925001336976493e-07
344,422,78,0.156,1.1937075672108222e-07
400,450,50,0.1,1.1936379249277706e-07
370,435,65,0.13,1.193539035853064e-07
322,411,89,0.178,1.197803812829079e-07
362,431,69,0.138,1.1987297557425336e-07
344,422,78,0.156,1.2076202213506804e-07
350,425,75,0.15,1.2440105516020595e-07
342,421,79,0.158,1.299598317530126e-07
344,422,78,0.156,1.36865159475974e-07
384,442,58,0.116,1.3207296774453426e-07
318,409,91,0.182,1.3390510667932177e-07
394,447,53,0.106,1.6150162866779282e-07
396,448,52,0.104,1.4881478466577392e-07
380,440,60,0.12,1.2307885580753463e-07
338,419,81,0.162,1.222755961407529e-07
362,431,69,0.138,1.206234924495675e-07
452,476,24,0.048,1.203371450344548e-07
402,451,49,0.098,1.1975303564781826e-07
412,456,44,0.088,1.196261010818489e-07
392,446,54,0.108,1.323044221521741e-07
392,446,54,0.108,1.1926403087159087e-07
400,450,50,0.1,1.192424241196477e-07
374,437,63,0.126,1.192712484510139e-07
420,460,40,0.08,1.1926180303589718e-07
396,448,52,0.104,1.2037128593078705e-07
370,435,65,0.13,1.1959782594317403e-07
384,442,58,0.116,1.1997570126709433e-07
402,451,49,0.098,1.1956346222063986e-07
418,459,41,0.082,1.1938321665638795e-07
380,440,60,0.12,1.193025580334961e-07
382,441,59,0.118,1.1934372020050432e-07
372,436,64,0.128,1.1929623673267997e-07
368,434,66,0.132,1.19410421206112e-07
412,456,44,0.088,1.1947002263923424e-07
344,422,78,0.156,1.1981643010017252e-07
366,433,67,0.134,1.2042105771570278e-07
402,451,49,0.098,1.2430746104996616e-07
386,443,57,0.114,1.2016525838021152e-07
382,441,59,0.118,1.194520287128853e-07
408,454,46,0.092,1.1945236579435915e-07
362,431,69,0.138,1.19379027779587e-07
388,444,56,0.112,1.212377355841454e-07
340,420,80,0.16,1.1932678253856467e-07
390,445,55,0.11,1.195787883432331e-07
356,428,72,0.144,1.1994485004152012e-07
366,433,67,0.134,1.1947724956939964e-07
398,449,51,0.102,1.1997447100497992e-07
364,432,68,0.136,1.1972324921316613e-07
400,450,50,0.1,1.1979154280084003e-07
360,430,70,0.14,1.1976848298900223e-07
422,461,39,0.078,1.1964882182269322e-07
388,444,56,0.112,1.19373422364788e-07
350,425,75,0.15,1.1930546347116433e-07
366,433,67,0.134,1.1926560409847298e-07
366,433,67,0.134,1.1932986333818008e-07
352,426,74,0.148,1.196500360265418e-07
360,430,70,0.14,1.1993498827678194e-07
372,436,64,0.128,1.213619650570763e-07
374,437,63,0.126,1.2129144326422646e-07
374,437,63,0.126,1.2277299731522363e-07
380,440,60,0.12,1.2329783749009947e-07
380,440,60,0.12,1.2557284176750726e-07
404,452,48,0.096,1.204361755071659e-07
328,414,86,0.172,1.2152355941452698e-07
406,453,47,0.094,1.2012873946787295e-07
374,437,63,0.126,1.1987123960466307e-07
372,436,64,0.128,1.2023436883623616e-07
378,439,61,0.122,1.2283913122246304e-07
380,440,60,0.12,1.1964004019660023e-07
386,443,57,0.114,1.196183783918059e-07
404,452,48,0.096,1.1973476182447483e-07
432,466,34,0.068,1.193502514809097e-07
414,457,43,0.086,1.1964495431016076e-07
360,430,70,0.14,1.1928757677992507e-07
386,443,57,0.114,1.1937946314333204e-07
364,432,68,0.136,1.1935017099062862e-07
396,448,52,0.104,1.1932619150911706e-07
382,441,59,0.118,1.1932521042012923e-07
400,450,50,0.1,1.200671103163131e-07
364,432,68,0.136,1.2096073785983208e-07
342,421,79,0.158,1.197682641418396e-07
378,439,61,0.122,8.564700636668477e-07
392,446,54,0.108,1.2759244040694285e-07
368,434,66,0.132,1.2063764404501853e-07
400,450,50,0.1,1.2520989028530494e-07
420,460,40,0.08,1.2182810041849734e-07
350,425,75,0.15,1.2067731753973022e-07
366,433,67,0.134,1.1960861013449174e-07
412,456,44,0.088,1.200902912614765e-07
380,440,60,0.12,1.1929591235571025e-07
390,445,55,0.11,1.1959039679254603e-07
376,438,62,0.124,1.1925356727715551e-07
380,440,60,0.12,1.193547592208688e-07
380,440,60,0.12,1.1927263045663495e-07
386,443,57,0.114,1.1942154472421863e-07
402,451,49,0.098,1.1926917659366155e-07
424,462,38,0.076,1.1927550571044777e-07
370,435,65,0.13,1.1954006458836374e-07
366,433,67,0.134,3.202668622179772e-07
420,460,40,0.08,1.1927998787086835e-07
356,428,72,0.144,1.1926669264994416e-07
426,463,37,0.074,1.1924588901024436e-07
394,447,53,0.106,1.1925675454449446e-07
412,456,44,0.088,1.1922635394512328e-07
414,457,43,0.086,1.1924746263503039e-07
402,451,49,0.098,1.1922650463702665e-07
376,438,62,0.124,1.1933588842794052e-07
382,441,59,0.118,1.193336165670189e-07
362,431,69,0.138,1.1942812062670783e-07
390,445,55,0.11,1.1953958966159916e-07
396,448,52,0.104,1.2056675475946576e-07
434,467,33,0.066,1.1965505012767607e-07
380,440,60,0.12,1.2072242751060004e-07
412,456,44,0.088,1.200134238388273e-07
368,434,66,0.132,1.1939773963831612e-07
412,456,44,0.088,1.193241537293943e-07
428,464,36,0.072,1.192609854570037e-07
384,442,58,0.116,1.1941315577246315e-07
338,419,81,0.162,1.211193827828083e-07
390,445,55,0.11,1.203960896702938e-07
350,425,75,0.15,1.1930291896078416e-07
372,436,64,0.128,1.196975717903115e-07
402,451,49,0.098,1.200189524297457e-07
382,441,59,0.118,1.193266193411091e-07
400,450,50,0.1,1.197918531090636e-07
370,435,65,0.13,1.1940197984472434e-07
418,459,41,0.082,1.1933360161719975e-07
400,450,50,0.1,2.633588503613282e-07
414,457,43,0.086,1.194870814344995e-07
376,438,62,0.124,1.1943958966753598e-07
372,436,64,0.128,1.1933198229030494e-07
378,439,61,0.122,1.197551810605546e-07
378,439,61,0.122,1.1943370989797585e-07
362,431,69,0.138,1.2060256992185715e-07
380,440,60,0.12,1.1981831818275168e-07
398,449,51,0.102,1.1945169325144888e-07
376,438,62,0.124,1.1943928399205106e-07
386,443,57,0.114,1.1950365163215793e-07
390,445,55,0.11,1.1967458817707666e-07
372,436,64,0.128,1.1945515663569493e-07
390,445,55,0.11,1.1931347512472712e-07
432,466,34,0.068,1.1931030826417555e-07
372,436,64,0.128,1.1926741419188147e-07
402,451,49,0.098,1.193109726500552e-07
406,453,47,0.094,1.1923353144993597e-07
378,439,61,0.122,1.1925808686896744e-07
352,426,74,0.148,1.1940800848719846e-07
394,447,53,0.106,1.200880696501372e-07
364,432,68,0.136,1.9698967173553683e-07
364,432,68,0.136,1.2270685004978076e-07
412,456,44,0.088,1.2289102841123167e-07
358,429,71,0.142,1.274216355398039e-07
412,456,44,0.088,1.2194837634638133e-07
390,445,55,0.11,1.2085195547228977e-07
366,433,67,0.134,1.2058622954214116e-07
384,442,58,0.116,1.2026834554035303e-07
378,439,61,0.122,1.1989954140290137e-07
374,437,63,0.126,1.1981832554397441e-07
402,451,49,0.098,1.1952488924293903e-07
378,439,61,0.122,1.1951397794973671e-07
392,446,54,0.108,1.1957021197872564e-07
394,447,53,0.106,1.195664400199803e-07
388,444,56,0.112,1.1937025112729317e-07
372,436,64,0.128,1.2059502870442883e-07
372,436,64,0.128,1.1941690556227512e-07
380,440,60,0.12,1.2517531311573292e-07
334,417,83,0.166,1.1989431615688772e-07
384,442,58,0.116,1.1988785843186632e-07
360,430,70,0.14,1.2024032483282099e-07
376,438,62,0.124,1.1961936326088107e-07
388,444,56,0.112,1.196904733831161e-07
404,452,48,0.096,1.196910107239546e-07
382,441,59,0.118,1.194407937248343e-07
344,422,78,0.156,1.198091664207368e-07
404,452,48,0.096,1.211912393159764e-07
362,431,69,0.138,1.196179775888595e-07
414,457,43,0.086,1.194274747149393e-07
390,445,55,0.11,1.2039152929332886e-07
360,430,70,0.14,1.1953282071885952e-07
380,440,60,0.12,1.1951093847528681e-07
410,455,45,0.09,1.2094183708200035e-07
368,434,66,0.132,1.5441317443986692e-05
412,456,44,0.088,1.194399739290475e-07
372,436,64,0.128,1.1953656050422978e-07
332,416,84,0.168,1.204093177022969e-07
412,456,44,0.088,1.1945732723006585e-07
334,417,83,0.166,1.2055361068519232e-07
332,416,84,0.168,1.2056602957954965e-07
380,440,60,0.12,1.2112901205796333e-07
380,440,60,0.12,1.2285488253382938e-07
402,451,49,0.098,1.2292082416820448e-07
360,430,70,0.14,1.223060862400871e-07
346,423,77,0.154,1.2220981227528683e-07
400,450,50,0.1,1.2066305319535786e-07
382,441,59,0.118,1.1984446430801653e-07
410,455,45,0.09,1.1938793031163186e-07
388,444,56,0.112,1.1934599700680337e-07
390,445,55,0.11,1.1928861678711655e-07
408,454,46,0.092,1.1929142482358655e-07
382,441,59,0.118,1.1949551176826389e-07
390,445,55,0.11,1.2030940177965023e-07
400,450,50,0.1,1.1938320301396744e-07
400,450,50,0.1,1.196222258670332e-07
350,425,75,0.15,1.194287565056129e-07
366,433,67,0.134,1.193793476375049e-07
400,450,50,0.1,1.1929712815117455e-07
384,442,58,0.116,1.1944327366109064e-07
378,439,61,0.122,1.2015022093692096e-07
416,458,42,0.084,1.1939598812205078e-07
386,443,57,0.114,1.2000463735262201e-07
366,433,67,0.134,1.199267287290695e-07
366,433,67,0.134,1.1940880403926713e-07
444,472,28,0.056,1.20363308440119e-07
352,426,74,0.148,1.1935211145441827e-07
388,444,56,0.112,1.1925819393354686e-07
368,434,66,0.132,1.1936786594901606e-07
430,465,35,0.07,1.19229513160235e-07
390,445,55,0.11,1.1924288142495243e-07
374,437,63,0.126,1.197666689449761e-07
400,450,50,0.1,1.194405340072535e-07
396,448,52,0.104,1.1941034711071551e-07
358,429,71,0.142,1.193571551709738e-07
350,425,75,0.15,1.2011307632064927e-07
362,431,69,0.138,1.194326464144524e-07
390,445,55,0.11,1.1965044251383007e-07
352,426,74,0.148,1.19653850646273e-07
362,431,69,0.138,1.1961314473296624e-07
374,437,63,0.126,1.1964394948904555e-07
364,432,68,0.136,1.1994780845725472e-07
372,436,64,0.128,1.2030447211941463e-07
338,419,81,0.162,1.2083911707350125e-07
362,431,69,0.138,1.2028106522166126e-07
374,437,63,0.126,1.1995557196087248e-07
422,461,39,0.078,1.1944771856065016e-07
370,435,65,0.13,1.1931440039347762e-07
384,442,58,0.116,1.193952913922658e-07
390,445,55,0.11,1.1928099939950697e-07
426,463,37,0.074,1.1925900471965178e-07
394,447,53,0.106,1.1932732374475563e-07
396,448,52,0.104,1.1933106961237172e-07
406,453,47,0.094,1.1926674920914593e-07
344,422,78,0.156,1.193798114229594e-07
402,451,49,0.098,1.1929792563591947e-07
402,451,49,0.098,1.1928019344509266e-07
406,453,47,0.094,1.1942653239316315e-07
388,444,56,0.112,1.2054621015522572e-07
392,446,54,0.108,1.1927109216003372e-07
380,440,60,0.12,1.1930737403531567e-07
370,435,65,0.13,1.1939198907384706e-07
410,455,45,0.09,1.193002027264356e-07
372,436,64,0.128,1.1935621117231675e-07
386,443,57,0.114,1.1929059596127444e-07
370,435,65,0.13,1.1932702187777978e-07
412,456,44,0.088,1.1935703545873366e-07
374,437,63,0.126,1.193191971537999e-07
400,450,50,0.1,1.193580196456878e-07
392,446,54,0.108,1.1928610359746017e-07
376,438,62,0.124,1.193082195527495e-07
374,437,63,0.126,1.1937649961168972e-07
388,444,56,0.112,1.193317834804475e-07
404,452,48,0.096,1.1956935799162237e-07
394,447,53,0.106,1.1948296992159157e-07
416,458,42,0.084,1.193131013224047e-07
402,451,49,0.098,1.1935455270872807e-07
372,436,64,0.128,1.193473376304155e-07
362,431,69,0.138,1.193223924076392e-07
356,428,72,0.144,1.1946349258096235e-07
418,459,41,0.082,1.1937080799384602e-07
348,424,76,0.152,1.194408872038366e-07
390,445,55,0.11,1.193058126887081e-07
344,422,78,0.156,1.1938220799834198e-07
420,460,40,0.08,1.1927867629424327e-07
412,456,44,0.088,1.1929416120892712e-07
412,456,44,0.088,1.192680342398944e-07
354,427,73,0.146,1.1942657778263311e-07
382,441,59,0.118,1.1939296251739505e-07
374,437,63,0.126,1.1935732587176063e-07
394,447,53,0.106,1.1937803043338137e-07
382,441,59,0.118,1.1944777943995176e-07
400,450,50,0.1,1.1960758479290235e-07
370,435,65,0.13,1.19645438758198e-07
400,450,50,0.1,1.1938500796304653e-07
410,455,45,0.09,1.1954623579413236e-07
374,437,63,0.126,1.192876486300065e-07
418,459,41,0.082,1.1933384030271555e-07
362,431,69,0.138,1.1926940871376246e-07
386,443,57,0.114,1.193164584663009e-07
398,449,51,0.102,1.2037171995871175e-07
398,449,51,0.102,1.193855434564739e-07
420,460,40,0.08,1.1936978211224414e-07
362,431,69,0.138,1.1963779408574736e-07
400,450,50,0.1,1.1935654688954854e-07
348,424,76,0.152,1.1959245111370364e-07
376,438,62,0.124,1.1970457975962744e-07
396,448,52,0.104,1.1954211009879147e-07
418,459,41,0.082,1.198285794430376e-07
390,445,55,0.11,1.194750279580603e-07
354,427,73,0.146,1.1942978159140693e-07
368,434,66,0.132,1.1982147665889897e-07
408,454,46,0.092,1.1978166114090528e-07
358,429,71,0.142,1.2016603866982222e-07
382,441,59,0.118,1.2114906471083486e-07
338,419,81,0.162,1.2026709273982305e-07
364,432,68,0.136,1.1939062642341015e-07
400,450,50,0.1,1.1951004137245037e-07
394,447,53,0.106,1.1929926230891396e-07
334,417,83,0.166,1.1952855237495896e-07
376,438,62,0.124,1.1942156950794924e-07
398,449,51,0.102,1.193167767326031e-07
374,437,63,0.126,1.203140664927105e-07
394,447,53,0.106,1.19687139800817e-07
354,427,73,0.146,1.1937584264387623e-07
368,434,66,0.132,1.2293698023313483e-07
402,451,49,0.098,1.1979753648461157e-07
380,440,60,0.12,1.1944515799200418e-07
388,444,56,0.112,1.197584661269957e-07
388,444,56,0.112,1.1927215606988283e-07
394,447,53,0.106,1.1936930633282827e-07
366,433,67,0.134,1.2248159902128464e-07
376,438,62,0.124,1.1930189234021782e-07
412,456,44,0.088,1.1924044156330638e-07
410,455,45,0.09,1.1928799716542926e-07
390,445,55,0.11,1.194638531671899e-07
382,441,59,0.118,1.1931097662909451e-07
376,438,62,0.124,1.1940447328129268e-07
414,457,43,0.086,1.1936468095541387e-07
342,421,79,0.158,1.1932337784514857e-07
366,433,67,0.134,1.1943444289386206e-07
418,459,41,0.082,1.1933942940345334e-07
362,431,69,0.138,1.1944747234338138e-07
412,456,44,0.088,1.1980874043615587e-07
416,458,42,0.084,2.762540221397103e-07
386,443,57,0.114,1.1956025571180363e-07
326,413,87,0.174,1.1957448478483457e-07
396,448,52,0.104,1.1942105919615642e-07
392,446,54,0.108,1.194592622937307e-07
384,442,58,0.116,1.2532532795717088e-07
344,422,78,0.156,1.1963678673510002e-07
370,435,65,0.13,1.2051659629719325e-07
412,456,44,0.088,1.2053951283519383e-07
352,426,74,0.148,1.202554392705224e-07
358,429,71,0.142,1.210036901966305e-07
378,439,61,0.122,1.1954258687296714e-07
372,436,64,0.128,1.2085147929496998e-07
360,430,70,0.14,1.1974442108453331e-07
400,450,50,0.1,1.1946255870043389e-07
388,444,56,0.112,1.2211640989789885e-07
348,424,76,0.152,1.1969046030912977e-07
376,438,62,0.124,1.1979526883010294e-07
372,436,64,0.128,1.2000447776472356e-07
380,440,60,0.12,1.2023055950294291e-07
390,445,55,0.11,1.2053131132461204e-07
378,439,61,0.122,1.227842710704863e-07
368,434,66,0.132,1.1950709685493165e-07
408,454,46,0.092,4.262946844448834e-07
358,429,71,0.142,1.1959147909124114e-07
366,433,67,0.134,1.1944209165903886e-07
410,455,45,0.09,1.193232666594213e-07
396,448,52,0.104,1.194304126386214e-07
370,435,65,0.13,1.1953402457720586e-07
412,456,44,0.088,1.1943245675638535e-07
404,452,48,0.096,1.194156173198735e-07
356,428,72,0.144,1.1926664717520908e-07
408,454,46,0.092,1.1925608984597603e-07
406,453,47,0.094,1.193728666351035e-07
368,434,66,0.132,1.194719236821129e-07
366,433,67,0.134,1.194466333060973e-07
344,422,78,0.156,1.193451074072982e-07
350,425,75,0.15,1.1993090203077372e-07
350,425,75,0.15,1.1961949940086924e-07
408,454,46,0.092,1.2086253678944559e-07
346,423,77,0.154,1.2118534596083917e-07
406,453,47,0.094,1.2860733448860627e-07
396,448,52,0.104,1.2058263121161871e-07
394,447,53,0.106,1.2159748433759886e-07
422,461,39,0.078,1.1944201995106597e-07
382,441,59,0.118,1.1988439879928592e-07
396,448,52,0.104,1.1965447814077379e-07
350,425,75,0.15,1.19708626556303e-07
406,453,47,0.094,1.1930455787023676e-07
354,427,73,0.146,1.1953495189231943e-07
388,444,56,0.112,1.19294106639245e-07
358,429,71,0.142,1.194711867924525e-07
396,448,52,0.104,1.1957812807850132e-07
380,440,60,0.12,1.1948964001362583e-07
366,433,67,0.134,1.1982182761016702e-07
394,447,53,0.106,1.2043945423556578e-07
316,408,92,0.184,1.2194287492661716e-07
398,449,51,0.102,1.204270496089066e-07
408,454,46,0.092,1.2081755059512035e-07
422,461,39,0.078,1.2029944966229779e-07
400,450,50,0.1,1.2013208987582403e-07
370,435,65,0.13,1.2023071207067916e-07
362,431,69,0.138,1.2016375967505155e-07
388,444,56,0.112,1.1938155213897518e-07
408,454,46,0.092,1.193328621695855e-07
360,430,70,0.14,1.1936283638647183e-07
420,460,40,0.08,1.192926473265743e-07
360,430,70,0.14,1.1929552169931413e-07
384,442,58,0.116,1.192989444689374e-07
420,460,40,0.08,1.1924785189876276e-07
382,441,59,0.118,3.191046766346517e-07
380,440,60,0.12,1.1927951314305574e-07
366,433,67,0.134,1.196529568119331e-07
378,439,61,0.122,1.1944534696795016e-07
384,442,58,0.116,1.195449121667025e-07
370,435,65,0.13,1.2015975602253092e-07
404,452,48,0.096,1.1981123108739665e-07
386,443,57,0.114,1.2040049156780697e-07
358,429,71,0.142,1.2010864352873796e-07
388,444,56,0.112,1.1966482696834647e-07
430,465,35,0.07,1.1927038403314329e-07
384,442,58,0.116,1.1937216211777013e-07
412,456,44,0.088,1.1933542677411425e-07
390,445,55,0.11,1.192382677572823e-07
366,433,67,0.134,1.1929055145287749e-07
414,457,43,0.086,1.2056793130454936e-07
364,432,68,0.136,1.1931277910548487e-07
376,438,62,0.124,1.1949525816135065e-07
340,420,80,0.16,1.195520196972666e-07
426,463,37,0.074,1.201665072301239e-07
420,460,40,0.08,1.1944046755729687e-07
342,421,79,0.158,1.1953163590305847e-07
376,438,62,0.124,1.2109140249094708e-07
400,450,50,0.1,1.1954817691162134e-07
362,431,69,0.138,1.2097895228180278e-07
362,431,69,0.138,1.1993138582511164e-07
378,439,61,0.122,1.199040405879259e-07
354,427,73,0.146,1.1968649363325313e-07
404,452,48,0.096,1.202652492793277e-07
400,450,50,0.1,1.1953532666098e-07
350,425,75,0.15,1.195849802115845e-07
384,442,58,0.116,1.194982088463803e-07
404,452,48,0.096,1.195127834705545e-07
372,436,64,0.128,1.194108660058646e-07
402,451,49,0.098,1.1945436162363877e-07
346,423,77,0.154,1.1942011536802966e-07
350,425,75,0.15,1.204102655378847e-07
398,449,51,0.102,1.1971005494615384e-07
390,445,55,0.11,1.194522023411082e-07
380,440,60,0.12,1.195266601712319e-07
366,433,67,0.134,1.1954362796018358e-07
346,423,77,0.154,1.19415978986126e-07
368,434,66,0.132,1.197533739514256e-07
398,449,51,0.102,1.1946690014497107e-07
380,440,60,0.12,1.1990126640171183e-07
392,446,54,0.108,1.1944670737307206e-07
338,419,81,0.162,1.1937820713114887e-07
310,405,95,0.19,1.1965126910240542e-07
404,452,48,0.096,1.2031807955281693e-07
392,446,54,0.108,1.1993743780180922e-07
386,443,57,0.114,1.1991414078238448e-07
376,438,62,0.124,1.1994889561606215e-07
332,416,84,0.168,1.2022502733088913e-07
384,442,58,0.116,1.1987015818704093e-07
394,447,53,0.106,1.2012431491825738e-07
354,427,73,0.146,1.1944139370712038e-07
344,422,78,0.156,1.1956867308526854e-07
406,453,47,0.094,1.1937032437003836e-07
408,454,46,0.092,1.192934026335024e-07
368,434,66,0.132,1.1948447024678898e-07
384,442,58,0.116,1.1953711577916693e-07
424,462,38,0.076,1.1949910751241078e-07
430,465,35,0.07,1.1967633545850732e-07
318,409,91,0.182,1.200775384404551e-07
358,429,71,0.142,1.2029731607299255e-07
440,470,30,0.06,1.2083482903335608e-07
384,442,58,0.116,1.2937061600837296e-07
376,438,62,0.124,1.1937435257891594e-07
380,440,60,0.12,1.196303692552192e-07
408,454,46,0.092,1.196201415325504e-07
370,435,65,0.13,1.193424717769176e-07
388,444,56,0.112,1.1922030992650435e-07
376,438,62,0.124,1.192280547854807e-07
394,447,53,0.106,1.193050450751798e-07
386,443,57,0.114,1.1922979399514588e-07
374,437,63,0.126,1.193171929116943e-07
396,448,52,0.104,1.193500796716762e-07
368,434,66,0.132,1.1934251207890156e-07
370,435,65,0.13,1.1973391201536288e-07
404,452,48,0.096,1.1949168157343594e-07
352,426,74,0.148,1.1957425056152714e-07
392,446,54,0.108,1.1988618456371114e-07
386,443,57,0.114,1.1948702461950235e-07
426,463,37,0.074,1.194577128558194e-07
364,432,68,0.136,1.2016969975547908e-07
390,445,55,0.11,1.193494783535698e-07
376,438,62,0.124,1.1938791882926125e-07
408,454,46,0.092,1.1953219515703494e-07
392,446,54,0.108,1.1945662103585163e-07
338,419,81,0.162,1.199402927340998e-07
366,433,67,0.134,1.195435683598589e-07
378,439,61,0.122,1.1931663607356313e-07
368,434,66,0.132,1.20026201869905e-07
386,443,57,0.114,1.1952402459769473e-07
412,456,44,0.088,1.193657042790619e-07
360,430,70,0.14,1.1963950606741491e-07
452,476,24,0.048,1.1934607078956105e-07
370,435,65,0.13,1.195431927953905e-07
412,456,44,0.088,1.1936531055312117e-07
370,435,65,0.13,1.1931519429708714e-07
386,443,57,0.114,1.1928448643061529e-07
410,455,45,0.09,1.1943217378984628e-07
386,443,57,0.114,1.1942254175778543e-07
358,429,71,0.142,1.196338011766329e-07
380,440,60,0.12,1.198533236106414e-07
424,462,38,0.076,1.194335852403583e-07
344,422,78,0.156,1.2162022696315944e-07
336,418,82,0.164,1.19670705913677e-07
382,441,59,0.118,1.1963754323573995e-07
386,443,57,0.114,1.195487440384113e-07
422,461,39,0.078,1.1987386795908606e-07
380,440,60,0.12,1.1954789479773353e-07
382,441,59,0.118,1.1954782215184423e-07
386,443,57,0.114,1.1931180773672167e-07
378,439,61,0.122,1.1959087842683402e-07
386,443,57,0.114,1.1949904720154335e-07
392,446,54,0.108,1.2133856631635353e-07
414,457,43,0.086,1.1936300685988498e-07
390,445,55,0.11,1.2020244128052582e-07
390,445,55,0.11,1.2031101647380638e-07
410,455,45,0.09,1.1933701131283668e-07
354,427,73,0.146,1.2039956052944944e-07
410,455,45,0.09,1.1946345554747495e-07
350,425,75,0.15,1.2034332110033575e-07
406,453,47,0.094,1.1938158792190734e-07
380,440,60,0.12,1.194476875809869e-07
388,444,56,0.112,1.1950208087796453e-07
338,419,81,0.162,1.194487963687152e-07
412,456,44,0.088,1.1942812577103724e-07
370,435,65,0.13,0.0028525732313686093
370,435,65,0.13,1.1933238710071238e-07
380,440,60,0.12,1.193199831561742e-07
404,452,48,0.096,1.1926468178558024e-07
346,423,77,0.154,1.198195463416596e-07
452,476,24,0.048,1.1926995330213686e-07
360,430,70,0.14,1.1943174260409251e-07
358,429,71,0.142,1.194253146366009e-07
372,436,64,0.128,1.194935579462708e-07
384,442,58,0.116,1.1958912133991362e-07
322,411,89,0.178,1.199411297250208e-07
366,433,67,0.134,1.2364611600901298e-07
404,452,48,0.096,1.2016265952752293e-07
360,430,70,0.14,1.2097414719391963e-07
376,438,62,0.124,1.2159077627416082e-07
422,461,39,0.078,1.1961452904074577e-07
372,436,64,0.128,1.1969851880166972e-07
410,455,45,0.09,1.1941911074586642e-07
390,445,55,0.11,1.1932183136309506e-07
398,449,51,0.102,1.1924205770696972e-07
380,440,60,0.12,1.1926551866281443e-07
410,455,45,0.09,1.192363799020768e-07
334,417,83,0.166,1.1939257464632646e-07
368,434,66,0.132,1.1964402179387436e-07
402,451,49,0.098,1.199063201795525e-07
404,452,48,0.096,1.201054950570324e-07
400,450,50,0.1,1.2012787547632797e-07
370,435,65,0.13,1.1974949342175024e-07
402,451,49,0.098,1.2003320102849103e-07
386,443,57,0.114,1.1999465982626133e-07
416,458,42,0.084,1.1950030611274088e-07
374,437,63,0.126,1.1936591150174535e-07
348,424,76,0.152,1.193703447199823e-07
388,444,56,0.112,1.1939922097781163e-07
408,454,46,0.092,1.194203385352921e-07
364,432,68,0.136,1.1937989054899845e-07
398,449,51,0.102,1.1937160513753043e-07
394,447,53,0.106,1.193458437001027e-07
402,451,49,0.098,1.197046589140882e-07
362,431,69,0.138,1.19336185832708e-07
362,431,69,0.138,1.1941330561171526e-07
358,429,71,0.142,1.1962895496253622e-07
344,422,78,0.156,1.1990957639795852e-07
372,436,64,0.128,1.198203423484756e-07
398,449,51,0.102,1.202133660740401e-07
358,429,71,0.142,1.2336649044186741e-07
412,456,44,0.088,1.207486023417914e-07
396,448,52,0.104,1.203187723319843e-07
388,444,56,0.112,1.194914596567287e-07
398,449,51,0.102,1.1961474785948667e-07
348,424,76,0.152,1.1986701781552256e-07
400,450,50,0.1,1.1935209414559723e-07
336,418,82,0.164,1.192903172864135e-07
356,428,72,0.144,1.1932806222603176e-07
414,457,43,0.086,1.1935174680388628e-07
404,452,48,0.096,1.193242254657889e-07
396,448,52,0.104,1.193178646872184e-07
396,448,52,0.104,1.551686939336605e-06
364,432,68,0.136,1.1946953483743527e-07
392,446,54,0.108,1.1935496544879242e-07
386,443,57,0.114,1.1981391290305509e-07
380,440,60,0.12,1.1951907168850085e-07
362,431,69,0.138,1.1949908818564837e-07
412,456,44,0.088,1.1970833870122987e-07
358,429,71,0.142,1.2004114688579647e-07
400,450,50,0.1,1.1979568617448423e-07
390,445,55,0.11,1.199219388468009e-07
404,452,48,0.096,1.1980579500914246e-07
388,444,56,0.112,1.1945676129698769e-07
384,442,58,0.116,1.197290509935556e-07
404,452,48,0.096,1.1961094608636813e-07
342,421,79,0.158,1.1985710096951153e-07
416,458,42,0.084,1.2012727836463456e-07
350,425,75,0.15,1.208758811515054e-07
388,444,56,0.112,1.2013103113872604e-07
382,441,59,0.118,1.1958666027567233e-07
388,444,56,0.112,1.20385147909019e-07
370,435,65,0.13,1.1938651053355898e-07
388,444,56,0.112,1.1956899388110287e-07
378,439,61,0.122,1.1935363571069502e-07
380,440,60,0.12,1.1949395616284163e-07
376,438,62,0.124,0.0012184022352814737
384,442,58,0.116,1.1943607117359533e-07
372,436,64,0.128,1.2522179949314705e-07
360,430,70,0.14,1.1961008434013821e-07
392,446,54,0.108,1.199799461630846e-07
356,428,72,0.144,1.199861914642497e-07
388,444,56,0.112,1.1989984693627775e-07
392,446,54,0.108,1.236823972305956e-07
386,443,57,0.114,1.196999693604539e-07
350,425,75,0.15,1.196371784715211e-07
362,431,69,0.138,1.1974980569107174e-07
370,435,65,0.13,1.1944693275722783e-07
392,446,54,0.108,1.1945283205250234e-07
396,448,52,0.104,1.1969151807988964e-07
380,440,60,0.12,1.1972428356443744e-07
336,418,82,0.164,1.1990103499215365e-07
382,441,59,0.118,1.1954979086681306e-07
350,425,75,0.15,1.1955071266811502e-07
322,411,89,0.178,1.2011892533791978e-07
400,450,50,0.1,1.2055842410063632e-07
382,441,59,0.118,1.1959514586123986e-07
380,440,60,0.12,1.195616944755784e-07
398,449,51,0.102,1.1946520501737722e-07
356,428,72,0.144,1.199547718044869e-07
394,447,53,0.106,1.1948920365512094e-07
400,450,50,0.1,1.1952158587291706e-07
372,436,64,0.128,1.1941390329184288e-07
438,469,31,0.062,1.194215461737258e-07
382,441,59,0.118,1.1979475789303251e-07
402,451,49,0.098,1.1929837239677e-07
360,430,70,0.14,1.1933399716212988e-07
414,457,43,0.086,1.193550136235899e-07
392,446,54,0.108,1.1976860770346321e-07
354,427,73,0.146,1.202984045676203e-07
394,447,53,0.106,1.198945499822912e-07
390,445,55,0.11,1.196273584582741e-07
354,427,73,0.146,1.196520828159464e-07
352,426,74,0.148,1.1939689295559218e-07
408,454,46,0.092,1.1929621808803857e-07
366,433,67,0.134,1.193305044466797e-07
356,428,72,0.144,1.1933744076486619e-07
364,432,68,0.136,1.1930886415711938e-07
364,432,68,0.136,1.1982397077758834e-07
372,436,64,0.128,1.1990961505148335e-07
402,451,49,0.098,1.2948568092951972e-07
370,435,65,0.13,1.2144531419266968e-07
396,448,52,0.104,1.2199179312233354e-07
352,426,74,0.148,1.2005312771634636e-07
380,440,60,0.12,1.2044804290667342e-07
428,464,36,0.072,1.1947937144896058e-07
380,440,60,0.12,1.1940388367293054e-07
386,443,57,0.114,1.1956234627064077e-07
366,433,67,0.134,1.1945599754881186e-07
382,441,59,0.118,1.1937984240262267e-07
394,447,53,0.106,1.1949073160621992e-07
344,422,78,0.156,1.198602739123089e-07
390,445,55,0.11,1.1952335052001216e-07
394,447,53,0.106,1.1935407309238143e-07
340,420,80,0.16,1.1944705372002317e-07
388,444,56,0.112,1.1933797330243577e-07
372,436,64,0.128,1.1960143913825049e-07
372,436,64,0.128,1.1937877033574296e-07
406,453,47,0.094,1.195059348617633e-07
366,433,67,0.134,1.2047391646774487e-07
356,428,72,0.144,1.194469673180265e-07
398,449,51,0.102,1.195358396728352e-07
338,419,81,0.162,1.1947000552936514e-07
402,451,49,0.098,1.1954720974927113e-07
380,440,60,0.12,1.1936913622889735e-07
424,462,38,0.076,1.194971144968804e-07
400,450,50,0.1,1.1987310728045485e-07
406,453,47,0.094,1.193985144709586e-07
426,463,37,0.074,1.1936355710417956e-07
394,447,53,0.106,1.1925491699571466e-07
396,448,52,0.104,1.1925902953180413e-07
342,421,79,0.158,1.2000813401868982e-07
404,452,48,0.096,1.1935411893659874e-07
366,433,67,0.134,1.1956657579048624e-07
414,457,43,0.086,1.195915971550221e-07
352,426,74,0.148,1.198315116255344e-07
406,453,47,0.094,1.2222948248563626e-07
348,424,76,0.152,1.204003681039012e-07
394,447,53,0.106,1.2007144593439989e-07
352,426,74,0.148,1.228045178436332e-07
422,461,39,0.078,1.2006580334400497e-07
400,450,50,0.1,1.1945412012437373e-07
364,432,68,0.136,1.1967873194862478e-07
326,413,87,0.174,1.1932455328178548e-07
354,427,73,0.146,1.193071800571488e-07
418,459,41,0.082,1.193405049093599e-07
402,451,49,0.098,1.192975357469095e-07
414,457,43,0.086,1.1931898652051132e-07
418,459,41,0.082,1.192647717687123e-07
412,456,44,0.088,1.1923650882295078e-07
390,445,55,0.11,1.19258582827797e-07
354,427,73,0.146,1.1923755087650533e-07
382,441,59,0.118,1.192403997833935e-07
392,446,54,0.108,1.1942286039356985e-07
378,439,61,0.122,1.193991838306374e-07
340,420,80,0.16,1.1990012063733956e-07
424,462,38,0.076,1.1949399603849996e-07
378,439,61,0.122,1.1954401756497647e-07
346,423,77,0.154,1.1944763431870342e-07
404,452,48,0.096,1.204499833988848e-07
372,436,64,0.128,1.217117649332522e-07
404,452,48,0.096,1.19373530253597e-07
418,459,41,0.082,1.1936592031247528e-07
386,443,57,0.114,1.195397217941263e-07
390,445,55,0.11,1.1931164274869843e-07
362,431,69,0.138,1.1934075220665363e-07
428,464,36,0.072,1.1932200260389436e-07
398,449,51,0.102,1.1970518323778378e-07
356,428,72,0.144,1.1937366787151406e-07
402,451,49,0.098,1.1933212616099807e-07
370,435,65,0.13,1.1932978816275862e-07
382,441,59,0.118,1.1937678499407412e-07
344,422,78,0.156,1.193223704092361e-07
384,442,58,0.116,1.1983252593950055e-07
340,420,80,0.16,1.198179622861062e-07
390,445,55,0.11,1.210378870837303e-07
384,442,58,0.116,1.2082350531272822e-07
362,431,69,0.138,1.2194817375643652e-07
394,447,53,0.106,1.2080455456953132e-07
400,450,50,0.1,1.206348603375318e-07
398,449,51,0.102,1.197442920499725e-07
376,438,62,0.124,1.196050183978059e-07
362,431,69,0.138,1.1952994151442909e-07
382,441,59,0.118,1.208524256526289e-07
376,438,62,0.124,1.1933052070389749e-07
378,439,61,0.122,1.1935286974562587e-07
384,442,58,0.116,1.1928286002671486e-07
376,438,62,0.124,1.193767852214478e-07
408,454,46,0.092,1.192862371794945e-07
344,422,78,0.156,1.1931689823541093e-07
378,439,61,0.122,1.1925363429554635e-07
382,441,59,0.118,1.192860045762245e-07
404,452,48,0.096,1.1957235253134968e-07
388,444,56,0.112,1.1927943992873224e-07
412,456,44,0.088,1.1927358733032633e-07
406,453,47,0.094,1.192485304954971e-07
386,443,57,0.114,2.1700992107298588e-07
402,451,49,0.098,1.1935564580767277e-07
346,423,77,0.154,1.1950500896773518e-07
368,434,66,0.132,1.1937658803162777e-07
380,440,60,0.12,1.1940375907215638e-07
374,437,63,0.126,1.193936467700496e-07
398,449,51,0.102,1.1934329498330953e-07
406,453,47,0.094,1.19333048161252e-07
456,478,22,0.044,1.1929926699849602e-07
376,438,62,0.124,1.192661743800727e-07
386,443,57,0.114,1.1925946415658472e-07
406,453,47,0.094,1.1944633789084946e-07
388,444,56,0.112,1.1924451925438007e-07
362,431,69,0.138,1.1934451472939145e-07
374,437,63,0.126,1.194146655905115e-07
402,451,49,0.098,1.193777656567363e-07
412,456,44,0.088,1.1940467098270346e-07
376,438,62,0.124,1.1938408249534406e-07
390,445,55,0.11,1.1930397889159394e-07
332,416,84,0.168,1.1932533948311176e-07
368,434,66,0.132,1.192649604035978e-07
408,454,46,0.092,1.19388262277198e-07
346,423,77,0.154,1.1971012096978485e-07
336,418,82,0.164,1.1946791900641073e-07
420,460,40,0.08,1.200300300752133e-07
382,441,59,0.118,1.1962821642441666e-07
394,447,53,0.106,1.2003245345226787e-07
374,437,63,0.126,1.196939772114547e-07
372,436,64,0.128,1.196875258244745e-07
408,454,46,0.092,1.1950628660883923e-07
392,446,54,0.108,1.2019038808830374e-07
368,434,66,0.132,1.1972422214512335e-07
370,435,65,0.13,1.1952906140777486e-07
348,424,76,0.152,1.1960781580455659e-07
364,432,68,0.136,1.1972503207857698e-07
352,426,74,0.148,1.1998294738191362e-07
424,462,38,0.076,1.1963086373611986e-07
412,456,44,0.088,1.1963489794197814e-07
420,460,40,0.08,1.1944365223826026e-07
390,445,55,0.11,1.1929395057563852e-07
372,436,64,0.128,1.1924470280177956e-07
374,437,63,0.126,1.192986536011631e-07
392,446,54,0.108,1.1937924554672463e-07
398,449,51,0.102,1.1924177877631336e-07
442,471,29,0.058,1.1939003394445534e-07
352,426,74,0.148,1.208258755696079e-07
348,424,76,0.152,1.1987306510263805e-07
394,447,53,0.106,1.1992602512123085e-07
382,441,59,0.118,1.2058007700943563e-07
346,423,77,0.154,1.199131805833531e-07
380,440,60,0.12,1.1985676246695221e-07
384,442,58,0.116,1.2069705590533886e-07
378,439,61,0.122,1.1930154462902464e-07
342,421,79,0.158,1.2015935499221087e-07
400,450,50,0.1,1.1929457210158034e-07
366,433,67,0.134,1.192870460897666e-07
358,429,71,0.142,1.1950107256097907e-07
348,424,76,0.152,1.6825798064701303e-07
370,435,65,0.13,1.1941091554490412e-07
434,467,33,0.066,1.194167915627986e-07
384,442,58,0.116,1.2001579528941875e-07
418,459,41,0.082,1.1951466396453724e-07
400,450,50,0.1,1.1937360090996662e-07
394,447,53,0.106,1.1931363710004916e-07
396,448,52,0.104,1.192581455313757e-07
432,466,34,0.068,1.1934702322946577e-07
356,428,72,0.144,1.1926899128411605e-07
400,450,50,0.1,1.1926875976087104e-07
428,464,36,0.072,1.1935067541912758e-07
388,444,56,0.112,1.1997595561297203e-07
416,458,42,0.084,1.2035741713134485e-07
350,425,75,0.15,1.20132110026816e-07
370,435,65,0.13,1.19751410494473e-07
402,451,49,0.098,1.196096934279467e-07
386,443,57,0.114,1.19487861155676e-07
380,440,60,0.12,1.193117806508326e-07
422,461,39,0.078,1.201400598631608e-07
412,456,44,0.088,1.1933611068570828e-07
348,424,76,0.152,1.192845084290184e-07
368,434,66,0.132,1.1928758127055515e-07
398,449,51,0.102,1.1927051900784137e-07
374,437,63,0.126,1.1928769225733049e-07
390,445,55,0.11,1.1962385505626116e-07
342,421,79,0.158,1.1943666203251268e-07
364,432,68,0.136,1.1962705809764883e-07
390,445,55,0.11,1.204465106070529e-07
410,455,45,0.09,1.1996154560733884e-07
354,427,73,0.146,1.1983384359837147e-07
406,453,47,0.094,1.243868960045802e-07
410,455,45,0.09,1.194681352956195e-07
392,446,54,0.108,1.193180096663582e-07
428,464,36,0.072,1.193947010165175e-07
390,445,55,0.11,1.1982183426084703e-07
402,451,49,0.098,1.1922867724933895e-07
344,422,78,0.156,1.1928357642432274e-07
384,442,58,0.116,1.192596023997794e-07
410,455,45,0.09,1.1930256610526159e-07
392,446,54,0.108,1.1939568005914225e-07
352,426,74,0.148,1.1955878062508418e-07
416,458,42,0.084,1.195545368375406e-07
394,447,53,0.106,1.1987275317437707e-07
388,444,56,0.112,1.1956625002085274e-07
354,427,73,0.146,1.1984886688765074e-07
382,441,59,0.118,1.2010759894565125e-07
418,459,41,0.082,1.1935999052070656e-07
356,428,72,0.144,2.3086556569751338e-07
386,443,57,0.114,1.1930447877261942e-07
408,454,46,0.092,1.1951172842827874e-07
352,426,74,0.148,1.1937987645183056e-07
372,436,64,0.128,1.1983439461005217e-07
392,446,54,0.108,1.2174927979913265e-07
422,461,39,0.078,1.2046715644942197e-07
358,429,71,0.142,1.1976779524047743e-07
362,431,69,0.138,1.197165849191606e-07
290,395,105,0.21,1.1971140298783212e-07
364,432,68,0.136,1.1967022089720558e-07
374,437,63,0.126,1.1970668288086017e-07
398,449,51,0.102,1.1977789176853547e-07
398,449,51,0.102,1.1963278558368983e-07
376,438,62,0.124,1.19897388657364e-07
438,469,31,0.062,1.2280001712383637e-07
416,458,42,0.084,1.1932366464861843e-07
380,440,60,0.12,1.1931127690445463e-07
400,450,50,0.1,1.1922871323122309e-07
388,444,56,0.112,1.1922836947064753e-07
386,443,57,0.114,1.192189596110893e-07
400,450,50,0.1,1.1923274504965775e-07
398,449,51,0.102,1.1967701169623978e-07
386,443,57,0.114,1.195220844181222e-07
402,451,49,0.098,1.1942566837319646e-07
408,454,46,0.092,1.196701564367686e-07
380,440,60,0.12,1.1952732151598866e-07
366,433,67,0.134,1.1957394383443898e-07
394,447,53,0.106,1.1949850329528998e-07
406,453,47,0.094,1.1992712040864718e-07
398,449,51,0.102,1.1942046461399513e-07
378,439,61,0.122,1.1932181271845366e-07
394,447,53,0.106,1.1953624300531373e-07
362,431,69,0.138,1.1964868974700947e-07
400,450,50,0.1,1.193698115287134e-07
392,446,54,0.108,1.1934046742112515e-07
406,453,47,0.094,1.1931216383231912e-07
368,434,66,0.132,1.194046155603701e-07
418,459,41,0.082,1.1930665570503152e-07
396,448,52,0.104,1.19270460743337e-07
408,454,46,0.092,1.1930768442880436e-07
382,441,59,0.118,1.1940722558279049e-07
380,440,60,0.12,1.1926732651090788e-07
372,436,64,0.128,1.1937602809553027e-07
382,441,59,0.118,1.1936598380657416e-07
400,450,50,0.1,1.194086424334273e-07
364,432,68,0.136,1.216182416214906e-07
392,446,54,0.108,1.195455879496876e-07
376,438,62,0.124,1.1942418737476146e-07
362,431,69,0.138,1.1968139014584267e-07
422,461,39,0.078,1.1935041044353056e-07
348,424,76,0.152,1.1942063224523736e-07
386,443,57,0.114,1.290455996638684e-07
420,460,40,0.08,1.2057120952135846e-07
418,459,41,0.082,1.1949342962225273e-07
376,438,62,0.124,1.1929334425531123e-07
364,432,68,0.136,1.1946466403855992e-07
384,442,58,0.116,1.1934859483631044e-07
374,437,63,0.126,1.1932623738175606e-07
356,428,72,0.144,1.19438958279261e-07
350,425,75,0.15,1.1939888344159043e-07
438,469,31,0.062,1.1956292016179758e-07
356,428,72,0.144,1.194916519580147e-07
382,441,59,0.118,1.1982602478610715e-07
384,442,58,0.116,1.1950740358201984e-07
410,455,45,0.09,1.1971418919642928e-07
408,454,46,0.092,1.1945847313654667e-07
410,455,45,0.09,1.1930419103123312e-07
390,445,55,0.11,1.1935146380892547e-07
376,438,62,0.124,1.1923603761943014e-07
386,443,57,0.114,1.1924552811137802e-07
392,446,54,0.108,1.1925582921890053e-07
346,423,77,0.154,1.192902685147601e-07
398,449,51,0.102,1.2149111921644362e-07
380,440,60,0.12,1.194912966013817e-07
396,448,52,0.104,1.2048101734762895e-07
378,439,61,0.122,1.1950627094847733e-07
394,447,53,0.106,1.1975955075627098e-07
348,424,76,0.152,1.1945646730282532e-07
378,439,61,0.122,1.194835826936469e-07
388,444,56,0.112,1.1984616472204835e-07
404,452,48,0.096,1.1927353708074405e-07
410,455,45,0.09,1.1936141805790612e-07
392,446,54,0.108,1.1929225428275458e-07
396,448,52,0.104,1.1926780268822767e-07
370,435,65,0.13,1.1931312596402676e-07
386,443,57,0.114,1.1927340196393743e-07
384,442,58,0.116,1.1928099360147825e-07
396,448,52,0.104,1.6047692773213384e-07
378,439,61,0.122,1.195203889210461e-07
382,441,59,0.118,1.1986962871901596e-07
358,429,71,0.142,1.194480913966345e-07
412,456,44,0.088,1.1949428699153942e-07
374,437,63,0.126,1.1941517422542348e-07
396,448,52,0.104,1.194731144948946e-07
394,447,53,0.106,1.1953166770695135e-07
402,451,49,0.098,1.20291216262558e-07
368,434,66,0.132,1.2006083227333875e-07
384,442,58,0.116,1.207553520998772e-07
426,463,37,0.074,1.1968255853389565e-07
384,442,58,0.116,1.1983623616629303e-07
396,448,52,0.104,1.2009505638843622e-07
372,436,64,0.128,1.1941621508526623e-07
392,446,54,0.108,1.1943036628281335e-07
396,448,52,0.104,1.1934663976376215e-07
418,459,41,0.082,1.192989013532042e-07
378,439,61,0.122,1.1947338791173933e-07
400,450,50,0.1,1.1933428356769582e-07
342,421,79,0.158,1.193973972135609e-07
392,446,54,0.108,1.1931337121495745e-07
404,452,48,0.096,1.196297438923466e-07
374,437,63,0.126,1.1957099039250352e-07
378,439,61,0.122,1.1943636988576144e-07
384,442,58,0.116,1.1977238989402396e-07
392,446,54,0.108,1.1938955088908188e-07
426,463,37,0.074,1.193650726065698e-07
392,446,54,0.108,1.1944548282372125e-07
376,438,62,0.124,1.200335990745316e-07
388,444,56,0.112,1.193075284788847e-07
382,441,59,0.118,1.192930038200757e-07
382,441,59,0.118,1.1936270769297153e-07
376,438,62,0.124,1.1928213058354232e-07
396,448,52,0.104,1.19813561468618e-07
362,431,69,0.138,1.1958471276329875e-07
412,456,44,0.088,1.1939960495510603e-07
354,427,73,0.146,1.1948183657750632e-07
416,458,42,0.084,1.1935966927012486e-07
404,452,48,0.096,1.1936013902413833e-07
412,456,44,0.088,1.1940734455606615e-07
394,447,53,0.106,1.192552984150552e-07
382,441,59,0.118,1.19306833482824e-07
392,446,54,0.108,1.1930742414278937e-07
368,434,66,0.132,1.2246440672925018e-07
394,447,53,0.106,1.1941658524960986e-07
380,440,60,0.12,1.1935980322164142e-07
374,437,63,0.126,1.1948592046451267e-07
386,443,57,0.114,1.1966250127670718e-07
376,438,62,0.124,1.195686130586182e-07
408,454,46,0.092,1.1958397107036945e-07
372,436,64,0.128,1.1936371555520964e-07
372,436,64,0.128,1.1931531386721873e-07
404,452,48,0.096,1.193351457402514e-07
390,445,55,0.11,1.1923363322807745e-07
402,451,49,0.098,1.192958121691845e-07
422,461,39,0.078,1.192757324588456e-07
398,449,51,0.102,1.194400815620611e-07
424,462,38,0.076,1.1931697662248552e-07
372,436,64,0.128,1.1930630856227254e-07
392,446,54,0.108,1.2007301788230507e-07
356,428,72,0.144,1.192891235461957e-07
382,441,59,0.118,1.192751619782939e-07
358,429,71,0.142,1.192625439045969e-07
396,448,52,0.104,1.1926118494898218e-07
386,443,57,0.114,1.192877119251534e-07
418,459,41,0.082,1.1926562521580308e-07
372,436,64,0.128,1.2021489271774044e-07
388,444,56,0.112,1.1931668836950848e-07
398,449,51,0.102,1.1973596761549744e-07
394,447,53,0.106,1.1932865979247254e-07
372,436,64,0.128,1.193671225792059e-07
390,445,55,0.11,1.2043290922747474e-07
356,428,72,0.144,1.1948442428888484e-07
414,457,43,0.086,1.1948202080702684e-07
392,446,54,0.108,1.1949750501116795e-07
400,450,50,0.1,1.196507476493025e-07
390,445,55,0.11,1.1941379830204824e-07
360,430,70,0.14,1.1943655380264319e-07
448,474,26,0.052,1.192359202377702e-07
388,444,56,0.112,1.192454503211593e-07
376,438,62,0.124,1.1922547355425194e-07
390,445,55,0.11,1.192236566680549e-07
372,436,64,0.128,1.1922940612407728e-07
394,447,53,0.106,0.005601032225852464
390,445,55,0.11,1.1934861450413336e-07
368,434,66,0.132,1.194036005642829e-07
378,439,61,0.122,1.1990624653890336e-07
394,447,53,0.106,1.1951025805956306e-07
384,442,58,0.116,1.1958440700254868e-07
390,445,55,0.11,1.1945350658493225e-07
388,444,56,0.112,1.1958422021507432e-07
360,430,70,0.14,1.1933546053910506e-07
352,426,74,0.148,1.1937463509070767e-07
412,456,44,0.088,1.1943534809688572e-07
392,446,54,0.108,1.1943234190425757e-07
382,441,59,0.118,1.2008927993178986e-07
354,427,73,0.146,1.1938242167275348e-07
368,434,66,0.132,1.1955524644235992e-07
364,432,68,0.136,1.1955986923339878e-07
410,455,45,0.09,1.1958563499092634e-07
376,438,62,0.124,1.1949690616575027e-07
394,447,53,0.106,1.1996610584219524e-07
372,436,64,0.128,1.196941568366583e-07
326,413,87,0.174,1.1963500202227806e-07
370,435,65,0.13,1.1972773771162793e-07
350,425,75,0.15,1.197255043905443e-07
400,450,50,0.1,1.1964765053562588e-07
378,439,61,0.122,1.194421348884589e-07
366,433,67,0.134,1.1947383114829792e-07
374,437,63,0.126,1.1942119297714272e-07
364,432,68,0.136,1.193365388019174e-07
426,463,37,0.074,1.1936302266235542e-07
402,451,49,0.098,1.21309294911498e-07
352,426,74,0.148,1.195718658379974e-07
378,439,61,0.122,1.1949685315926218e-07
390,445,55,0.11,1.1953087425808917e-07
376,438,62,0.124,1.1939218833845187e-07
358,429,71,0.142,1.194351840467789e-07
338,419,81,0.162,1.194308815399836e-07
372,436,64,0.128,1.1960113366171754e-07
350,425,75,0.15,1.1964849159085135e-07
414,457,43,0.086,1.1963733442144076e-07
374,437,63,0.126,1.1955958242992892e-07
362,431,69,0.138,1.1963421138716512e-07
402,451,49,0.098,1.1947988969041034e-07
