log_avg_ept_score,log_avg_succ_req,log_avg_blk_req,log_avg_BP_req,log_avg_entropy
308,654,346,0.346,1.6076109299659729
318,659,341,0.341,1.6075910277366638
308,654,346,0.346,1.6076146281957626
264,632,368,0.368,1.6075949980020523
304,652,348,0.348,1.6074946361780167
274,637,363,0.363,1.6075213769674301
286,643,357,0.357,1.6074333606958389
292,646,354,0.354,1.6074768130779267
348,674,326,0.326,1.6072851405143738
328,664,336,0.336,1.6073096821308135
246,623,377,0.377,1.6072790098190308
382,691,309,0.309,1.60723976290226
298,649,351,0.351,1.6070462896823883
270,635,365,0.365,1.6070603376626968
242,621,379,0.379,1.607026339173317
316,658,342,0.342,1.6069941109418868
252,626,374,0.374,1.606768237709999
264,632,368,0.368,1.606770271539688
262,631,369,0.369,1.6067378315925598
294,647,353,0.353,1.6066837747097016
278,639,361,0.361,1.6064029495716095
262,631,369,0.369,1.6064737515449523
256,628,372,0.372,1.6063897733688355
250,625,375,0.375,1.6063874642848968
306,653,347,0.347,1.6059921290874482
270,635,365,0.365,1.6059911308288575
260,630,370,0.37,1.6058944947719573
324,662,338,0.338,1.6060203756093978
274,637,363,0.363,1.6055621708631516
312,656,344,0.344,1.6054770826101303
308,654,346,0.346,1.6053321486711503
300,650,350,0.35,1.6053584673404693
324,662,338,0.338,1.604456504702568
308,654,346,0.346,1.604443293094635
314,657,343,0.343,1.6043893002271652
306,653,347,0.347,1.604477919101715
266,633,367,0.367,1.603387938976288
326,663,337,0.337,1.6033948987722397
334,667,333,0.333,1.602941115140915
270,635,365,0.365,1.6032380726337432
252,626,374,0.374,1.6017857736349106
270,635,365,0.365,1.6013094168901443
330,665,335,0.335,1.600862572312355
246,623,377,0.377,1.6010345944166184
304,652,348,0.348,1.5976922384500503
232,616,384,0.384,1.5971695839166642
304,652,348,0.348,1.5961904381513596
278,639,361,0.361,1.5969387346506119
286,643,357,0.357,1.590630688548088
322,661,339,0.339,1.5887493970394135
312,656,344,0.344,1.5877991523742676
372,686,314,0.314,1.5869263722896576
366,683,317,0.317,1.576658704996109
270,635,365,0.365,1.5790363894701005
326,663,337,0.337,1.572569956421852
274,637,363,0.363,1.5734081736803054
340,670,330,0.33,1.5527032643556595
330,665,335,0.335,1.5543523420095444
372,686,314,0.314,1.5471938257217408
390,695,305,0.305,1.5428397150039672
414,707,293,0.293,1.516190890431404
430,715,285,0.285,1.5088332492113112
408,704,296,0.296,1.501461541891098
440,720,280,0.28,1.4987787975072862
374,687,313,0.313,1.4673921205401421
382,691,309,0.309,1.4603578264713288
404,702,298,0.298,1.442978883624077
458,729,271,0.271,1.4393266274929046
428,714,286,0.286,1.386278343141079
432,716,284,0.284,1.3910552653670312
436,718,282,0.282,1.3760256509184838
346,673,327,0.327,1.3945955765843392
442,721,279,0.279,1.30865023624897
430,715,285,0.285,1.3217428013682366
450,725,275,0.275,1.3188757367730142
444,722,278,0.278,1.3122673460841179
480,740,260,0.26,1.2817069311738014
488,744,256,0.256,1.272711869060993
530,765,235,0.235,1.248426139175892
468,734,266,0.266,1.2735480167865754
488,744,256,0.256,1.1988498656749724
552,776,224,0.224,1.19305015873909
544,772,228,0.228,1.2055428262352943
486,743,257,0.257,1.2166110049188137
458,729,271,0.271,1.2107910938858986
532,766,234,0.234,1.1778965215086936
482,741,259,0.259,1.1931370896101
536,768,232,0.232,1.1755851853489876
540,770,230,0.23,1.1777901825606822
552,776,224,0.224,1.1538046746850015
538,769,231,0.231,1.1542935135364532
520,760,240,0.24,1.1488664684295655
518,759,241,0.241,1.1188556040823459
564,782,218,0.218,1.1165652401745318
498,749,251,0.251,1.1256543281674385
548,774,226,0.226,1.1221314987242221
516,758,242,0.242,1.0984382219016553
566,783,217,0.217,1.0674538380205632
556,778,222,0.222,1.0880759897828103
588,794,206,0.206,1.0656551044285298
566,783,217,0.217,0.9898333793878555
534,767,233,0.233,1.0143113413453102
594,797,203,0.203,0.9810358954370022
566,783,217,0.217,0.9681909725069999
612,806,194,0.194,0.8471574288457632
538,769,231,0.231,0.8998847307115794
560,780,220,0.22,0.8686554621905088
616,808,192,0.192,0.8630980210341513
680,840,160,0.16,0.7627674423381686
660,830,170,0.17,0.7527510268837213
586,793,207,0.207,0.7838287655599415
602,801,199,0.199,0.8111613984629512
712,856,144,0.144,0.6165539875011891
598,799,201,0.201,0.7384095270875841
628,814,186,0.186,0.6766152577884496
670,835,165,0.165,0.6632952919229865
648,824,176,0.176,0.5790746257361025
728,864,136,0.136,0.5418626041160897
666,833,167,0.167,0.5565196011215449
660,830,170,0.17,0.6027787438854575
608,804,196,0.196,0.5594513903101906
652,826,174,0.174,0.5475013602543622
684,842,158,0.158,0.5044429438905791
622,811,189,0.189,0.5698809064533561
694,847,153,0.153,0.5012731990753673
636,818,182,0.182,0.5470443427748978
662,831,169,0.169,0.5221478402763605
660,830,170,0.17,0.5612037751507014
662,831,169,0.169,0.542835003670305
658,829,171,0.171,0.5345956644020043
642,821,179,0.179,0.5258605281021446
714,857,143,0.143,0.5059618003424257
708,854,146,0.146,0.5576530554695055
626,813,187,0.187,0.6606442984025925
568,784,216,0.216,0.6466008885712363
686,843,157,0.157,0.5604056779183447
694,847,153,0.153,0.5863827605433762
682,841,159,0.159,0.5840772402603179
648,824,176,0.176,0.5907603823393583
618,809,191,0.191,0.6069384220857174
768,884,116,0.116,0.548413037433289
672,836,164,0.164,0.5976021893117577
638,819,181,0.181,0.6060779661089182
686,843,157,0.157,0.6023410169482231
714,857,143,0.143,0.553350609369576
708,854,146,0.146,0.5514144146917388
616,808,192,0.192,0.5714362555630506
620,810,190,0.19,0.5793562803380191
632,816,184,0.184,0.6120991674195975
704,852,148,0.148,0.5584775009881705
716,858,142,0.142,0.5526087725814431
634,817,183,0.183,0.6054003540808335
674,837,163,0.163,0.5750816144095734
660,830,170,0.17,0.5601734694689512
640,820,180,0.18,0.5368919406122296
620,810,190,0.19,0.5771251290366054
644,822,178,0.178,0.5773446957338602
658,829,171,0.171,0.5724140517916531
664,832,168,0.168,0.5694473169315606
614,807,193,0.193,0.5540599403909873
694,847,153,0.153,0.48376060746237637
724,862,138,0.138,0.49419498205324636
654,827,173,0.173,0.5509788258541375
656,828,172,0.172,0.539031198457349
668,834,166,0.166,0.5269403565800749
674,837,163,0.163,0.5175846320744604
650,825,175,0.175,0.5164481796557083
612,806,194,0.194,0.5436675244849175
722,861,139,0.139,0.48566351198696067
664,832,168,0.168,0.5201308488035574
618,809,191,0.191,0.5611190383760258
692,846,154,0.154,0.48239861860498784
664,832,168,0.168,0.46285605170018973
684,842,158,0.158,0.46702929414156824
678,839,161,0.161,0.43596370118437333
752,876,124,0.124,0.393767189851962
662,831,169,0.169,0.4722869801486377
736,868,132,0.132,0.3774741319920868
712,856,144,0.144,0.40039265362615695
668,834,166,0.166,0.3985702586583793
676,838,162,0.162,0.3721783550885739
692,846,154,0.154,0.40286253311834297
750,875,125,0.125,0.38814901995123363
728,864,136,0.136,0.3929896391767543
738,869,131,0.131,0.35343791168474126
708,854,146,0.146,0.3919133277595975
700,850,150,0.15,0.39040014952234925
658,829,171,0.171,0.37574938524048773
700,850,150,0.15,0.38304731583409013
654,827,173,0.173,0.40838032621628373
666,833,167,0.167,0.37073929513664916
738,869,131,0.131,0.35044649581750853
698,849,151,0.151,0.40005363744171335
728,864,136,0.136,0.40151782520010604
692,846,154,0.154,0.3895981674515642
674,837,163,0.163,0.42262203878723087
704,852,148,0.148,0.3650942252185196
726,863,137,0.137,0.32755824926448984
692,846,154,0.154,0.39145117126079276
778,889,111,0.111,0.34760124796349556
742,871,129,0.129,0.327592466511298
716,858,142,0.142,0.39502789788006337
722,861,139,0.139,0.3826106835226528
752,876,124,0.124,0.3632877556955209
698,849,151,0.151,0.3407750319072511
712,856,144,0.144,0.33574849235699367
646,823,177,0.177,0.3620066379624186
674,837,163,0.163,0.3631358019250911
716,858,142,0.142,0.31552486729389057
686,843,157,0.157,0.34033649779472036
706,853,147,0.147,0.36677537418855355
662,831,169,0.169,0.3751946083572693
688,844,156,0.156,0.32541594959997744
678,839,161,0.161,0.3992673790547997
670,835,165,0.165,0.3828564928434789
690,845,155,0.155,0.3627021670173854
712,856,144,0.144,0.3761466258368455
628,814,186,0.186,0.371328405553475
732,866,134,0.134,0.3926197735769674
642,821,179,0.179,0.4072452046289109
718,859,141,0.141,0.3559896791069768
674,837,163,0.163,0.38872324642492456
648,824,176,0.176,0.35387896082480436
740,870,130,0.13,0.36110650344518946
704,852,148,0.148,0.3427949204691686
688,844,156,0.156,0.4044460084444727
702,851,149,0.149,0.35338390761148186
664,832,168,0.168,0.38371625674597454
728,864,136,0.136,0.3330138317993842
714,857,143,0.143,0.3512606005356647
718,859,141,0.141,0.29450170438643547
678,839,161,0.161,0.2975892297483515
728,864,136,0.136,0.29417049305851106
722,861,139,0.139,0.3048637538549956
760,880,120,0.12,0.31269949458912016
680,840,160,0.16,0.3102060283768224
750,875,125,0.125,0.338793717680499
762,881,119,0.119,0.27382432467653417
708,854,146,0.146,0.3450109345749952
684,842,158,0.158,0.3214165624009911
638,819,181,0.181,0.3653168537709862
654,827,173,0.173,0.32667566450382585
704,852,148,0.148,0.3116107808079105
688,844,156,0.156,0.3033777304523392
706,853,147,0.147,0.33228934949741235
712,856,144,0.144,0.3440135416476987
664,832,168,0.168,0.3464552297956543
702,851,149,0.149,0.32541206053923816
734,867,133,0.133,0.3227902684397995
708,854,146,0.146,0.3159171393974684
692,846,154,0.154,0.3136913134173956
738,869,131,0.131,0.3217648991423921
672,836,164,0.164,0.34262232586718167
700,850,150,0.15,0.3145437876221258
668,834,166,0.166,0.33573627900355496
668,834,166,0.166,0.3455029309876263
724,862,138,0.138,0.3100373624897984
668,834,166,0.166,0.3003040870092809
712,856,144,0.144,0.3450702642826363
684,842,158,0.158,0.3468591088191606
700,850,150,0.15,0.29635308171948416
696,848,152,0.152,0.3754707345240749
732,866,134,0.134,0.330244299961254
684,842,158,0.158,0.3396706791564357
690,845,155,0.155,0.32099610290117564
706,853,147,0.147,0.34098972350358964
736,868,132,0.132,0.31860863595502453
676,838,162,0.162,0.30414719154452907
656,828,172,0.172,0.3207655393217865
674,837,163,0.163,0.3232748627720866
706,853,147,0.147,0.29808664533589035
648,824,176,0.176,0.3445930143049918
748,874,126,0.126,0.29542859610007144
736,868,132,0.132,0.2799394076154567
670,835,165,0.165,0.33127014250773934
698,849,151,0.151,0.29904480805434286
716,858,142,0.142,0.31908502415788825
674,837,163,0.163,0.3082462706153747
742,871,129,0.129,0.28644541748822666
694,847,153,0.153,0.32165941266377923
694,847,153,0.153,0.3078479673012625
742,871,129,0.129,0.3171622836790048
702,851,149,0.149,0.28550590404029935
726,863,137,0.137,0.32635737480106763
684,842,158,0.158,0.25914639711612836
636,818,182,0.182,0.29319872782705353
660,830,170,0.17,0.3103705507928971
702,851,149,0.149,0.293645562613965
748,874,126,0.126,0.2750152019758243
630,815,185,0.185,0.2929242411148734
708,854,146,0.146,0.2656427898393013
688,844,156,0.156,0.29932132981193715
744,872,128,0.128,0.272687065445818
738,869,131,0.131,0.2683568732973654
742,871,129,0.129,0.24433800244568557
722,861,139,0.139,0.2486109926693025
704,852,148,0.148,0.2608554949550889
694,847,153,0.153,0.23150707639694157
718,859,141,0.141,0.2298364382091677
756,878,122,0.122,0.20498704038508003
714,857,143,0.143,0.22907355723832734
652,826,174,0.174,0.2705459361829271
730,865,135,0.135,0.2266130798328668
716,858,142,0.142,0.25543768520408777
696,848,152,0.152,0.2356476540188305
662,831,169,0.169,0.23165028515062294
676,838,162,0.162,0.26026113818118757
674,837,163,0.163,0.2571603108458221
746,873,127,0.127,0.24456029250769643
678,839,161,0.161,0.23965742851723917
722,861,139,0.139,0.245261279872444
744,872,128,0.128,0.24326645866798935
728,864,136,0.136,0.22103930304048117
728,864,136,0.136,0.20452454103973286
720,860,140,0.14,0.22282073851770837
692,846,154,0.154,0.2356113379234448
656,828,172,0.172,0.24387843606923706
774,887,113,0.113,0.21404182376828976
716,858,142,0.142,0.21963657582190355
720,860,140,0.14,0.22580050306576596
700,850,150,0.15,0.22486025238066212
708,854,146,0.146,0.19793029314791782
676,838,162,0.162,0.23563001709144737
738,869,131,0.131,0.20785204539599364
678,839,161,0.161,0.23552541854418815
716,858,142,0.142,0.2544926983896876
714,857,143,0.143,0.2462806044439785
728,864,136,0.136,0.24151824386429507
770,885,115,0.115,0.2269998610294424
726,863,137,0.137,0.238802432754077
704,852,148,0.148,0.2302815541138407
732,866,134,0.134,0.23359174515507766
696,848,152,0.152,0.2330343880194705
728,864,136,0.136,0.2159575264925079
744,872,128,0.128,0.2144466085364693
704,852,148,0.148,0.20172044900408945
798,899,101,0.101,0.1928070893395925
726,863,137,0.137,0.1937538259842404
666,833,167,0.167,0.21942714645560774
752,876,124,0.124,0.1862721142322116
736,868,132,0.132,0.18618913336054538
752,876,124,0.124,0.20743568489252356
702,851,149,0.149,0.18076324672011104
682,841,159,0.159,0.1976566111932334
730,865,135,0.135,0.18156921524368227
742,871,129,0.129,0.19365612871292978
708,854,146,0.146,0.218470369764138
694,847,153,0.153,0.22484664680174318
680,840,160,0.16,0.2332161125902785
718,859,141,0.141,0.2362414695669213
694,847,153,0.153,0.22575239393516677
730,865,135,0.135,0.22877684509765822
768,884,116,0.116,0.20604820903227664
696,848,152,0.152,0.20087696077267173
742,871,129,0.129,0.20631788132200019
722,861,139,0.139,0.23978820215840824
736,868,132,0.132,0.204587586531532
656,828,172,0.172,0.21370778954208072
744,872,128,0.128,0.2177744781106012
744,872,128,0.128,0.22082175835076487
740,870,130,0.13,0.20267333749990213
696,848,152,0.152,0.20742478289094288
748,874,126,0.126,0.19383507322188234
686,843,157,0.157,0.2165880329166539
728,864,136,0.136,0.19747224282333628
680,840,160,0.16,0.2128078716348391
666,833,167,0.167,0.21159733344870618
776,888,112,0.112,0.21980053364357446
704,852,148,0.148,0.19451582899579078
714,857,143,0.143,0.197920089246938
740,870,130,0.13,0.21535098339305841
730,865,135,0.135,0.20238895554468037
750,875,125,0.125,0.2113099455158226
686,843,157,0.157,0.22280994718387956
684,842,158,0.158,0.18969300191217917
738,869,131,0.131,0.2215781243540114
686,843,157,0.157,0.1897762592646759
726,863,137,0.137,0.21368198047974146
750,875,125,0.125,0.22438909836404491
690,845,155,0.155,0.19626591592328624
682,841,159,0.159,0.2135791457381565
680,840,160,0.16,0.22648867492401042
750,875,125,0.125,0.21550967921165284
758,879,121,0.121,0.19431603676034137
722,861,139,0.139,0.20831273091735783
722,861,139,0.139,0.20128247351606843
676,838,162,0.162,0.20067254022764974
758,879,121,0.121,0.2131930773906206
668,834,166,0.166,0.23766833638586105
728,864,136,0.136,0.22924684809625615
724,862,138,0.138,0.20734963422780855
702,851,149,0.149,0.2244666819436825
702,851,149,0.149,0.21196980767278
722,861,139,0.139,0.19564085138367954
726,863,137,0.137,0.19697739037452267
732,866,134,0.134,0.208170524644549
666,833,167,0.167,0.21592649525403976
732,866,134,0.134,0.2156232222649269
700,850,150,0.15,0.2106701838291483
682,841,159,0.159,0.2453086755387485
726,863,137,0.137,0.2193147461041226
720,860,140,0.14,0.19148839713190682
690,845,155,0.155,0.23550260561716277
660,830,170,0.17,0.24178769034473224
752,876,124,0.124,0.23106521070469171
702,851,149,0.149,0.19748812873731367
684,842,158,0.158,0.2504212225414667
766,883,117,0.117,0.21803247136855497
706,853,147,0.147,0.197112136045238
694,847,153,0.153,0.1934526326463092
766,883,117,0.117,0.17997127885441297
716,858,142,0.142,0.21396465419861488
776,888,112,0.112,0.2011460988118779
772,886,114,0.114,0.21566676462849135
724,862,138,0.138,0.19719574569212273
710,855,145,0.145,0.20324338747595902
700,850,150,0.15,0.178908369066834
752,876,124,0.124,0.2007191326217726
738,869,131,0.131,0.222677436967846
754,877,123,0.123,0.22044365428714083
672,836,164,0.164,0.2340123581122607
700,850,150,0.15,0.23509539970406332
706,853,147,0.147,0.21799201885797084
716,858,142,0.142,0.21768685096036644
708,854,146,0.146,0.23327940091327765
698,849,151,0.151,0.1825659114960581
720,860,140,0.14,0.24012256043870003
706,853,147,0.147,0.231720551442937
742,871,129,0.129,0.21063251828639476
726,863,137,0.137,0.22164135989476927
686,843,157,0.157,0.22889204883994535
704,852,148,0.148,0.22967586041381582
690,845,155,0.155,0.23675089009618386
670,835,165,0.165,0.23132809075410476
736,868,132,0.132,0.22695899633812952
716,858,142,0.142,0.23752682982827536
708,854,146,0.146,0.2212755579603836
728,864,136,0.136,0.2211779648287338
696,848,152,0.152,0.2377832616819069
682,841,159,0.159,0.1911177919891197
728,864,136,0.136,0.21186158759868703
666,833,167,0.167,0.21263561301515438
694,847,153,0.153,0.2499986735205166
714,857,143,0.143,0.23211473395634674
658,829,171,0.171,0.2502519081304781
690,845,155,0.155,0.276067190175876
686,843,157,0.157,0.26799909459566695
712,856,144,0.144,0.24348857021844014
728,864,136,0.136,0.23914336928725244
726,863,137,0.137,0.2640370490219211
720,860,140,0.14,0.24291895923612172
698,849,151,0.151,0.22644812756823376
714,857,143,0.143,0.23630266710266004
716,858,142,0.142,0.23326586620369927
710,855,145,0.145,0.226275470060762
686,843,157,0.157,0.26417731538042427
684,842,158,0.158,0.24999008053843863
700,850,150,0.15,0.2398742417820613
720,860,140,0.14,0.23439179301261903
722,861,139,0.139,0.24385116459429265
688,844,156,0.156,0.2507163203768432
724,862,138,0.138,0.25256055632280183
726,863,137,0.137,0.27705302203586324
694,847,153,0.153,0.24642744010780007
688,844,156,0.156,0.26024113127891907
694,847,153,0.153,0.26205817496636885
718,859,141,0.141,0.2595589915411547
700,850,150,0.15,0.24917629180662335
738,869,131,0.131,0.25114424294652415
660,830,170,0.17,0.2408295171300415
716,858,142,0.142,0.23119400732871145
714,857,143,0.143,0.24676966950297355
754,877,123,0.123,0.22988405332807452
738,869,131,0.131,0.24244145785155707
708,854,146,0.146,0.2482038931476418
752,876,124,0.124,0.2640646396656521
746,873,127,0.127,0.20753462738962844
736,868,132,0.132,0.21727554436853097
720,860,140,0.14,0.23264439910324292
714,857,143,0.143,0.213273382415995
652,826,174,0.174,0.22157898611295967
700,850,150,0.15,0.22862083145836368
716,858,142,0.142,0.2254532968149888
670,835,165,0.165,0.2081066391672939
774,887,113,0.113,0.23845682472269983
724,862,138,0.138,0.2526349806468934
632,816,184,0.184,0.2648383703952422
708,854,146,0.146,0.21478917840868234
706,853,147,0.147,0.25691272955038585
696,848,152,0.152,0.250066381615703
692,846,154,0.154,0.2457221890395158
736,868,132,0.132,0.270279285939876
696,848,152,0.152,0.2610176240960136
612,806,194,0.194,0.2703922398509458
720,860,140,0.14,0.27681700165197254
756,878,122,0.122,0.27384876732365226
710,855,145,0.145,0.29590327670518307
716,858,142,0.142,0.28009280969726386
758,879,121,0.121,0.255562159481924
686,843,157,0.157,0.2478352234447375
724,862,138,0.138,0.2263942911652848
730,865,135,0.135,0.22495154827227817
738,869,131,0.131,0.24310209038946778
696,848,152,0.152,0.26158276486734394
742,871,129,0.129,0.22692706376686692
770,885,115,0.115,0.24536505952477455
726,863,137,0.137,0.24575317347608508
688,844,156,0.156,0.26702866060100494
662,831,169,0.169,0.2584113407544792
682,841,159,0.159,0.23197227964177727
706,853,147,0.147,0.22403122874675319
706,853,147,0.147,0.2640638067633845
714,857,143,0.143,0.2530654714684351
744,872,128,0.128,0.2486853392990306
774,887,113,0.113,0.2681158763210988
684,842,158,0.158,0.2669548921366222
690,845,155,0.155,0.2587666974789463
710,855,145,0.145,0.26096530244499444
730,865,135,0.135,0.22677458821190521
712,856,144,0.144,0.24429068941844162
724,862,138,0.138,0.2354756224770099
746,873,127,0.127,0.24156334937689825
732,866,134,0.134,0.23563241202058272
696,848,152,0.152,0.23703423929109704
718,859,141,0.141,0.27012709611176977
618,809,191,0.191,0.2670890994213987
720,860,140,0.14,0.25775753338448704
744,872,128,0.128,0.2298160572812194
746,873,127,0.127,0.24226339907804503
700,850,150,0.15,0.27053662633162456
728,864,136,0.136,0.2459961011579726
648,824,176,0.176,0.30213490561954676
684,842,158,0.158,0.28185607244540006
700,850,150,0.15,0.2695495215458795
756,878,122,0.122,0.26001942794484784
754,877,123,0.123,0.27194161593168975
732,866,134,0.134,0.26281035129434893
668,834,166,0.166,0.23688675789628177
730,865,135,0.135,0.23043063191446708
688,844,156,0.156,0.2479458230738528
696,848,152,0.152,0.23009488081838936
764,882,118,0.118,0.2588725320158992
766,883,117,0.117,0.2699509783595568
744,872,128,0.128,0.23362895709229634
678,839,161,0.161,0.22791165421530604
778,889,111,0.111,0.22817344726109878
660,830,170,0.17,0.2577008947003633
706,853,147,0.147,0.23651843528472818
736,868,132,0.132,0.20444408504944295
606,803,197,0.197,0.22046459237206728
676,838,162,0.162,0.2183175354313571
708,854,146,0.146,0.21271882061962968
696,848,152,0.152,0.21412327635637485
752,876,124,0.124,0.20951926239416935
728,864,136,0.136,0.221625068644993
742,871,129,0.129,0.22063118434976786
710,855,145,0.145,0.2096947662262246
738,869,131,0.131,0.20809704568638698
656,828,172,0.172,0.20105330097663682
732,866,134,0.134,0.23105671209283174
760,880,120,0.12,0.1952590610125917
744,872,128,0.128,0.16625610402156782
720,860,140,0.14,0.16786506722355263
716,858,142,0.142,0.20188130400236695
682,841,159,0.159,0.18014954828936608
750,875,125,0.125,0.18066191762435482
766,883,117,0.117,0.15633956691314232
782,891,109,0.109,0.1531945344643027
714,857,143,0.143,0.16599805108469445
760,880,120,0.12,0.1622495754531119
772,886,114,0.114,0.1421505954390159
706,853,147,0.147,0.1460440062271664
756,878,122,0.122,0.17083701985614608
736,868,132,0.132,0.15489824969496113
710,855,145,0.145,0.15020497143489775
700,850,150,0.15,0.1808941122905817
718,859,141,0.141,0.1736662709673401
742,871,129,0.129,0.17259925507600565
712,856,144,0.144,0.17130894024196458
680,840,160,0.16,0.18171992322709413
728,864,136,0.136,0.1828922413982218
756,878,122,0.122,0.18269651342974977
674,837,163,0.163,0.19435298149939625
734,867,133,0.133,0.1684375160227064
748,874,126,0.126,0.19075276449683587
694,847,153,0.153,0.16351561086112634
766,883,117,0.117,0.1655255378911388
692,846,154,0.154,0.18724528905033366
760,880,120,0.12,0.17367764991836157
796,898,102,0.102,0.15861204806878232
702,851,149,0.149,0.1707283142870292
742,871,129,0.129,0.17312529014097527
780,890,110,0.11,0.16622411597683096
726,863,137,0.137,0.14108104593132156
700,850,150,0.15,0.17737144468672342
692,846,154,0.154,0.1716689431220293
666,833,167,0.167,0.1755243438415928
740,870,130,0.13,0.1768888589022681
718,859,141,0.141,0.17360632590099703
746,873,127,0.127,0.1829184352690354
680,840,160,0.16,0.19451415878371336
756,878,122,0.122,0.17724879143899305
724,862,138,0.138,0.19596673788601765
782,891,109,0.109,0.18582908356178085
714,857,143,0.143,0.16407065372972285
720,860,140,0.14,0.17016617497522385
764,882,118,0.118,0.16159759645583108
726,863,137,0.137,0.16714958419092
696,848,152,0.152,0.18918550933059305
690,845,155,0.155,0.17842454634752358
724,862,138,0.138,0.1760829144991003
762,881,119,0.119,0.17588969171256758
722,861,139,0.139,0.18637025501113386
704,852,148,0.148,0.18898359592305497
710,855,145,0.145,0.18046456145099365
676,838,162,0.162,0.1847792039089836
684,842,158,0.158,0.18238501730840653
644,822,178,0.178,0.21004077480453998
722,861,139,0.139,0.18713905745418744
706,853,147,0.147,0.20449275962426328
760,880,120,0.12,0.22005647273827345
794,897,103,0.103,0.2027628947685007
698,849,151,0.151,0.19162327520223335
728,864,136,0.136,0.19963324007065966
704,852,148,0.148,0.18787809168919922
698,849,151,0.151,0.15424111651652492
686,843,157,0.157,0.1680291185604874
710,855,145,0.145,0.1559393049835926
750,875,125,0.125,0.13369931760447798
658,829,171,0.171,0.16972434691118543
734,867,133,0.133,0.18265669046458788
660,830,170,0.17,0.17237248210556572
664,832,168,0.168,0.1837438279114431
712,856,144,0.144,0.21724470521509648
740,870,130,0.13,0.20005758425500245
700,850,150,0.15,0.20308140867576002
756,878,122,0.122,0.19745643127607854
718,859,141,0.141,0.18054239382594825
694,847,153,0.153,0.20260945362588972
722,861,139,0.139,0.19146073892340065
734,867,133,0.133,0.18116908403253182
696,848,152,0.152,0.19738028842877248
758,879,121,0.121,0.15990927240159364
706,853,147,0.147,0.1823667690695147
762,881,119,0.119,0.15046486834157258
778,889,111,0.111,0.1846120026340941
696,848,152,0.152,0.19193303654555346
716,858,142,0.142,0.18145473192376085
670,835,165,0.165,0.15834611995704473
670,835,165,0.165,0.19014419114775954
732,866,134,0.134,0.14051660410407932
706,853,147,0.147,0.12794429909827887
728,864,136,0.136,0.1449066016820725
710,855,145,0.145,0.1547129943863256
772,886,114,0.114,0.14359157297364436
726,863,137,0.137,0.1717785569834523
710,855,145,0.145,0.15975228036075714
758,879,121,0.121,0.14738381382403895
728,864,136,0.136,0.16727221192535943
728,864,136,0.136,0.15967340859607793
716,858,142,0.142,0.15485734978760593
700,850,150,0.15,0.1503897947923979
750,875,125,0.125,0.12666607189492787
746,873,127,0.127,0.13556971219624392
754,877,123,0.123,0.1300682110231137
768,884,116,0.116,0.13885700772635756
716,858,142,0.142,0.12979187284590443
810,905,95,0.095,0.1302976210527122
680,840,160,0.16,0.12612434884879622
670,835,165,0.165,0.1261532903825864
734,867,133,0.133,0.1319285966993775
712,856,144,0.144,0.12186426594771911
698,849,151,0.151,0.1199801426618942
712,856,144,0.144,0.1548432710651541
692,846,154,0.154,0.1416692829812964
724,862,138,0.138,0.15568149647081736
742,871,129,0.129,0.14878242354857502
752,876,124,0.124,0.14459662000241225
740,870,130,0.13,0.18345130093116313
756,878,122,0.122,0.16491034853167366
658,829,171,0.171,0.15279232445429078
710,855,145,0.145,0.14112067318367189
742,871,129,0.129,0.1428969099924434
684,842,158,0.158,0.14257954379238072
740,870,130,0.13,0.13690282607101836
732,866,134,0.134,0.15065695262828377
746,873,127,0.127,0.13422574792103842
738,869,131,0.131,0.1370978635137435
732,866,134,0.134,0.14004967376864808
742,871,129,0.129,0.1334258591058897
744,872,128,0.128,0.13950117106322432
710,855,145,0.145,0.11832324068405432
718,859,141,0.141,0.11338242289907066
758,879,121,0.121,0.15084555880230618
764,882,118,0.118,0.12728788093756885
754,877,123,0.123,0.14595534462772775
764,882,118,0.118,0.13315101821639108
704,852,148,0.148,0.12952821558623692
740,870,130,0.13,0.14110438795109803
756,878,122,0.122,0.1357205676753656
728,864,136,0.136,0.11855704570264788
742,871,129,0.129,0.12483651197212749
762,881,119,0.119,0.120756160009827
756,878,122,0.122,0.12096816002950073
772,886,114,0.114,0.13032619102997706
736,868,132,0.132,0.12812382204397
730,865,135,0.135,0.10829942555067829
772,886,114,0.114,0.13743921930581565
720,860,140,0.14,0.11608593880478292
764,882,118,0.118,0.1243893795160111
740,870,130,0.13,0.13034042153839254
690,845,155,0.155,0.1459561093907105
738,869,131,0.131,0.13627713294047863
740,870,130,0.13,0.1519832185906198
708,854,146,0.146,0.14936291548633016
748,874,126,0.126,0.12721391274387134
752,876,124,0.124,0.13417645285802426
688,844,156,0.156,0.13944021050387528
718,859,141,0.141,0.15881115195271558
728,864,136,0.136,0.12413107696938096
756,878,122,0.122,0.13453069879795657
750,875,125,0.125,0.14437310481947496
744,872,128,0.128,0.14001642188074037
744,872,128,0.128,0.15242928457591914
750,875,125,0.125,0.1326795442608709
662,831,169,0.169,0.15231517408578657
740,870,130,0.13,0.1351862368482398
780,890,110,0.11,0.12853656953202153
684,842,158,0.158,0.1631861470376607
738,869,131,0.131,0.15532309501967392
748,874,126,0.126,0.1265968662936939
702,851,149,0.149,0.132878274922492
746,873,127,0.127,0.15794518468272872
734,867,133,0.133,0.1366957985762856
760,880,120,0.12,0.1302124657764798
748,874,126,0.126,0.13973626956084625
682,841,159,0.159,0.11207394358119928
778,889,111,0.111,0.13140383059608576
784,892,108,0.108,0.12119806184084154
700,850,150,0.15,0.11473621643790102
732,866,134,0.134,0.1389790279167937
736,868,132,0.132,0.11558614041570399
706,853,147,0.147,0.10870826014888008
688,844,156,0.156,0.1358404707571317
750,875,125,0.125,0.1251738467150135
720,860,140,0.14,0.13071600349148502
704,852,148,0.148,0.13272138215758605
764,882,118,0.118,0.1261191857951344
784,892,108,0.108,0.1376824776842259
712,856,144,0.144,0.10296574071599753
736,868,132,0.132,0.12060915713605937
744,872,128,0.128,0.14470472333801446
708,854,146,0.146,0.13174143980874214
746,873,127,0.127,0.1260256560978014
756,878,122,0.122,0.13818945953599177
704,852,148,0.148,0.13873794491786975
754,877,123,0.123,0.15890889727009927
712,856,144,0.144,0.1237215058367001
730,865,135,0.135,0.12850293150509243
780,890,110,0.11,0.1440009439996793
730,865,135,0.135,0.12416474527155515
732,866,134,0.134,0.12492199138819705
770,885,115,0.115,0.11225003795097109
756,878,122,0.122,0.13508484479988692
742,871,129,0.129,0.1322063984942215
708,854,146,0.146,0.11758187143458053
752,876,124,0.124,0.12754875091812573
710,855,145,0.145,0.10468922835728153
726,863,137,0.137,0.14053833481817857
712,856,144,0.144,0.1255365361127042
694,847,153,0.153,0.14828488697163994
740,870,130,0.13,0.1399386994113447
754,877,123,0.123,0.1431937897420139
698,849,151,0.151,0.15669811817389565
726,863,137,0.137,0.13090220972764655
746,873,127,0.127,0.12484348925956874
736,868,132,0.132,0.13763813324499644
728,864,136,0.136,0.11835259309888352
686,843,157,0.157,0.1142303184508346
708,854,146,0.146,0.11611723823484499
762,881,119,0.119,0.11860310008435045
716,858,142,0.142,0.13365253975300584
676,838,162,0.162,0.1357260196559364
704,852,148,0.148,0.12778285534016323
746,873,127,0.127,0.1325747409144533
724,862,138,0.138,0.14640455011857556
718,859,141,0.141,0.1273716084915359
698,849,151,0.151,0.14158119729324245
718,859,141,0.141,0.1192557554176965
696,848,152,0.152,0.14625128439971014
712,856,144,0.144,0.12494273040544067
732,866,134,0.134,0.11507400894828607
748,874,126,0.126,0.14965793979808223
684,842,158,0.158,0.1303898863189388
694,847,153,0.153,0.10510656229461893
720,860,140,0.14,0.12602043337549548
718,859,141,0.141,0.12327053696053918
724,862,138,0.138,0.11360450021116413
758,879,121,0.121,0.13123139422883104
726,863,137,0.137,0.12854307190707187
756,878,122,0.122,0.1344608970754125
758,879,121,0.121,0.1205186728434055
754,877,123,0.123,0.1061324583729147
702,851,149,0.149,0.11485534488422855
722,861,139,0.139,0.11289024753688136
698,849,151,0.151,0.1237108673256007
688,844,156,0.156,0.12910307089360867
722,861,139,0.139,0.10986262908077334
740,870,130,0.13,0.11039399618291645
718,859,141,0.141,0.13056052691861988
754,877,123,0.123,0.09929987432679627
764,882,118,0.118,0.12095175667549483
750,875,125,0.125,0.11193667358427774
710,855,145,0.145,0.11727974816186179
720,860,140,0.14,0.13899585949030005
752,876,124,0.124,0.09353696395154111
698,849,151,0.151,0.12372125193287502
706,853,147,0.147,0.11236188647290692
750,875,125,0.125,0.12373276237933896
708,854,146,0.146,0.10870028335282404
742,871,129,0.129,0.12425825233716387
728,864,136,0.136,0.10866059402957035
680,840,160,0.16,0.1494699215243454
754,877,123,0.123,0.12214874717593192
734,867,133,0.133,0.10958229663721432
706,853,147,0.147,0.1387004907191731
706,853,147,0.147,0.11180242972413544
706,853,147,0.147,0.12095913001948792
746,873,127,0.127,0.12723440550023224
762,881,119,0.119,0.12291591002582572
736,868,132,0.132,0.1218358718683594
714,857,143,0.143,0.10423775359790306
760,880,120,0.12,0.12356445678157615
760,880,120,0.12,0.1186124262243975
738,869,131,0.131,0.1075834656766383
678,839,161,0.161,0.11992561007384211
752,876,124,0.124,0.1105664757991617
750,875,125,0.125,0.1356184845782118
720,860,140,0.14,0.11112197699004536
686,843,157,0.157,0.13064168366708326
732,866,134,0.134,0.1333436260735034
766,883,117,0.117,0.13213887249631806
772,886,114,0.114,0.1212410665762145
808,904,96,0.096,0.11095654447138077
686,843,157,0.157,0.10869046173410607
756,878,122,0.122,0.094682762744691
724,862,138,0.138,0.10888400903277215
748,874,126,0.126,0.10515849944227375
728,864,136,0.136,0.10416018753005118
742,871,129,0.129,0.09796452967336518
728,864,136,0.136,0.1238486518318241
694,847,153,0.153,0.13677913033134245
726,863,137,0.137,0.10209662615487468
746,873,127,0.127,0.09160194751608651
736,868,132,0.132,0.09785954571072944
708,854,146,0.146,0.10566868212330155
724,862,138,0.138,0.11911708731949329
690,845,155,0.155,0.13353646244517767
734,867,133,0.133,0.10643332752665446
722,861,139,0.139,0.11493021692993352
728,864,136,0.136,0.11863233541906812
664,832,168,0.168,0.11302933016070164
748,874,126,0.126,0.13122329569228897
740,870,130,0.13,0.11430273394848336
712,856,144,0.144,0.11284286801423878
680,840,160,0.16,0.0936819635531865
682,841,159,0.159,0.09956697937496937
702,851,149,0.149,0.1132632973107975
734,867,133,0.133,0.10755309131206013
756,878,122,0.122,0.09372326663316927
746,873,127,0.127,0.11273192035517422
730,865,135,0.135,0.0963387666141789
724,862,138,0.138,0.11012081263776054
742,871,129,0.129,0.11000738676892069
720,860,140,0.14,0.09975165848522738
688,844,156,0.156,0.10981603638562229
754,877,123,0.123,0.09329832846263889
728,864,136,0.136,0.09858538171502004
724,862,138,0.138,0.12260775792424101
682,841,159,0.159,0.11797092663514196
702,851,149,0.149,0.10314000033872299
694,847,153,0.153,0.11682903486862779
778,889,111,0.111,0.11158921664589434
728,864,136,0.136,0.10681973198149353
732,866,134,0.134,0.10711960185073258
694,847,153,0.153,0.10404305952426512
766,883,117,0.117,0.11482396512803825
716,858,142,0.142,0.09295886698803588
702,851,149,0.149,0.09236562204750953
754,877,123,0.123,0.104060316637886
702,851,149,0.149,0.10271746056657867
718,859,141,0.141,0.09853075162265304
636,818,182,0.182,0.12044755360724957
770,885,115,0.115,0.11379584702145075
734,867,133,0.133,0.11133904886094388
748,874,126,0.126,0.1313967657184694
728,864,136,0.136,0.10618201432272326
696,848,152,0.152,0.13150712020750507
714,857,143,0.143,0.12287234693433857
710,855,145,0.145,0.12432082587719197
704,852,148,0.148,0.1059330809507519
744,872,128,0.128,0.10721329323398822
692,846,154,0.154,0.09728960428625578
730,865,135,0.135,0.12049642680319084
674,837,163,0.163,0.11293990113196924
730,865,135,0.135,0.1236196358396819
764,882,118,0.118,0.09546080129229813
682,841,159,0.159,0.10731225824274589
732,866,134,0.134,0.11186454633221729
684,842,158,0.158,0.12368300407676724
702,851,149,0.149,0.12134574680363584
726,863,137,0.137,0.12948315267747967
746,873,127,0.127,0.10950491798005532
684,842,158,0.158,0.127871744570788
690,845,155,0.155,0.1159770519482845
746,873,127,0.127,0.11389239105221349
726,863,137,0.137,0.0995577513378812
718,859,141,0.141,0.10859395560546545
708,854,146,0.146,0.133361123519775
668,834,166,0.166,0.116650115244498
762,881,119,0.119,0.10004170074635477
754,877,123,0.123,0.12873755009734306
744,872,128,0.128,0.10669700214633485
704,852,148,0.148,0.10060055146165542
694,847,153,0.153,0.12392617168556899
732,866,134,0.134,0.08892969426338095
706,853,147,0.147,0.11616626499436097
716,858,142,0.142,0.10135586800347664
720,860,140,0.14,0.09698772289479529
712,856,144,0.144,0.10983951034670462
698,849,151,0.151,0.12753602772491285
752,876,124,0.124,0.11576702080690301
760,880,120,0.12,0.12016000888473355
702,851,149,0.149,0.11970853038056521
700,850,150,0.15,0.11990964762639487
758,879,121,0.121,0.09571674325148342
766,883,117,0.117,0.10004726396713522
760,880,120,0.12,0.1269366806994658
778,889,111,0.111,0.09686526900561876
750,875,125,0.125,0.10181910481047816
770,885,115,0.115,0.10651491006751894
734,867,133,0.133,0.08653297479767934
694,847,153,0.153,0.10415977427214966
684,842,158,0.158,0.10571221944311401
776,888,112,0.112,0.12862281380605417
686,843,157,0.157,0.11002351735054981
714,857,143,0.143,0.10049798035406275
754,877,123,0.123,0.12153725409548496
728,864,136,0.136,0.1260288965665386
712,856,144,0.144,0.12730660527118015
726,863,137,0.137,0.14565249677270184
698,849,151,0.151,0.1365645812752191
710,855,145,0.145,0.13610454675264191
730,865,135,0.135,0.12657682222459699
714,857,143,0.143,0.11504261902184226
704,852,148,0.148,0.13737127034080912
736,868,132,0.132,0.13215518845600308
774,887,113,0.113,0.11485649199475302
746,873,127,0.127,0.10409697652980686
704,852,148,0.148,0.11223285781871527
766,883,117,0.117,0.1119413354903445
682,841,159,0.159,0.11303800776507705
772,886,114,0.114,0.0984442389481992
718,859,141,0.141,0.10918798372987658
712,856,144,0.144,0.11991097710139002
748,874,126,0.126,0.12290640563716443
728,864,136,0.136,0.10405277494140319
702,851,149,0.149,0.11711995854316047
742,871,129,0.129,0.11577854386019498
730,865,135,0.135,0.09281720391908038
690,845,155,0.155,0.12157752474921289
660,830,170,0.17,0.11761247103940696
766,883,117,0.117,0.10379338547820226
726,863,137,0.137,0.143128807115354
758,879,121,0.121,0.12279459652285732
812,906,94,0.094,0.10974154028343036
746,873,127,0.127,0.13022718802228336
700,850,150,0.15,0.11621103304202551
790,895,105,0.105,0.0871774505987978
748,874,126,0.126,0.11613902748542022
724,862,138,0.138,0.11167285659824847
728,864,136,0.136,0.09253830300164555
688,844,156,0.156,0.08138337247585878
730,865,135,0.135,0.1065083353574155
714,857,143,0.143,0.10508996648713946
734,867,133,0.133,0.11907724017457803
708,854,146,0.146,0.11193028324132319
730,865,135,0.135,0.11819645340705756
688,844,156,0.156,0.14108801804059476
734,867,133,0.133,0.10907830262609787
742,871,129,0.129,0.10100997459870996
710,855,145,0.145,0.1218370352393249
796,898,102,0.102,0.1272374412858626
792,896,104,0.104,0.0979068086775951
724,862,138,0.138,0.10538193365471671
712,856,144,0.144,0.12259788078343263
732,866,134,0.134,0.10049170793294615
716,858,142,0.142,0.11787401808191499
682,841,159,0.159,0.0954292464354221
730,865,135,0.135,0.10650198576224648
716,858,142,0.142,0.10288004416960757
772,886,114,0.114,0.10656775292419479
702,851,149,0.149,0.1078287354853237
726,863,137,0.137,0.12009216244480922
740,870,130,0.13,0.10512029943641392
764,882,118,0.118,0.09452599084645044
690,845,155,0.155,0.1021995494934963
732,866,134,0.134,0.1081595862461545
734,867,133,0.133,0.08448613322078018
724,862,138,0.138,0.10177423086446652
758,879,121,0.121,0.10355820387083804
698,849,151,0.151,0.09722325191528944
700,850,150,0.15,0.09763257677621733
760,880,120,0.12,0.10651624899427406
762,881,119,0.119,0.10999788412329509
804,902,98,0.098,0.11480918377349736
700,850,150,0.15,0.1094627001985209
762,881,119,0.119,0.09925156394671648
782,891,109,0.109,0.07576497719768667
704,852,148,0.148,0.10086823180878128
714,857,143,0.143,0.08934668051375774
740,870,130,0.13,0.10312817438194179
750,875,125,0.125,0.0873698440430453
656,828,172,0.172,0.10482156093441881
690,845,155,0.155,0.09774583490856457
786,893,107,0.107,0.12017072016416933
758,879,121,0.121,0.12659700548567343
718,859,141,0.141,0.14140058258426144
742,871,129,0.129,0.10981200216041179
754,877,123,0.123,0.11074787431181175
792,896,104,0.104,0.10077583085704828
714,857,143,0.143,0.11052721345238388
768,884,116,0.116,0.12159731059521436
762,881,119,0.119,0.09080083356518298
752,876,124,0.124,0.08807025698327925
734,867,133,0.133,0.10844592965263292
722,861,139,0.139,0.09978254721226404
698,849,151,0.151,0.09607241740659811
656,828,172,0.172,0.12189547939429758
710,855,145,0.145,0.12322338591970038
732,866,134,0.134,0.1235107343159034
682,841,159,0.159,0.13720877735863907
670,835,165,0.165,0.1450174648964312
710,855,145,0.145,0.14784377014747588
754,877,123,0.123,0.13928481587336863
728,864,136,0.136,0.13499217100433816
722,861,139,0.139,0.12125631291861647
718,859,141,0.141,0.14078817108651856
718,859,141,0.141,0.1251169411447481
756,878,122,0.122,0.12315616633777972
702,851,149,0.149,0.13170261233625932
708,854,146,0.146,0.1063926113047637
692,846,154,0.154,0.12359992769065138
716,858,142,0.142,0.12363780669157859
720,860,140,0.14,0.12750695529862424
728,864,136,0.136,0.09971399243759516
710,855,145,0.145,0.11756653178099077
718,859,141,0.141,0.10890364457349642
772,886,114,0.114,0.11872403322719037
700,850,150,0.15,0.11508316663850565
718,859,141,0.141,0.12019907806930132
690,845,155,0.155,0.11591539486846887
770,885,115,0.115,0.11534309747209773
750,875,125,0.125,0.10558291955981985
748,874,126,0.126,0.10197959025274031
752,876,124,0.124,0.10090802218113094
752,876,124,0.124,0.10361209952723584
700,850,150,0.15,0.1083555416376912
768,884,116,0.116,0.10373976399750973
672,836,164,0.164,0.11134533027370344
746,873,127,0.127,0.10959013861155836
726,863,137,0.137,0.10546696448489093
712,856,144,0.144,0.12845273105427624
718,859,141,0.141,0.12057811782800126
684,842,158,0.158,0.13142556663020513
708,854,146,0.146,0.12798228204011683
714,857,143,0.143,0.12326565305725672
760,880,120,0.12,0.12791427932080116
750,875,125,0.125,0.11435912965107127
698,849,151,0.151,0.11044510949309916
728,864,136,0.136,0.11968883051653392
706,853,147,0.147,0.11844818298658356
736,868,132,0.132,0.12437129832612118
740,870,130,0.13,0.14193906168133252
746,873,127,0.127,0.15220198780077043
728,864,136,0.136,0.11239229611272458
728,864,136,0.136,0.14183662439449107
756,878,122,0.122,0.12704829202219844
732,866,134,0.134,0.12764521775834145
690,845,155,0.155,0.12504862558514834
734,867,133,0.133,0.12936872149328701
756,878,122,0.122,0.1264877056244004
726,863,137,0.137,0.12468577434046893
690,845,155,0.155,0.11871106705919374
710,855,145,0.145,0.12097917130659334
750,875,125,0.125,0.12739584384893532
734,867,133,0.133,0.1388315412486554
734,867,133,0.133,0.12735122234630397
734,867,133,0.133,0.13224661736097187
742,871,129,0.129,0.12876741612341722
720,860,140,0.14,0.1292247017377522
758,879,121,0.121,0.13571246883089771
750,875,125,0.125,0.13220818122953643
746,873,127,0.127,0.11482580069435062
770,885,115,0.115,0.12269830244246986
736,868,132,0.132,0.11595559377246537
686,843,157,0.157,0.12650502733536995
746,873,127,0.127,0.11360049542196793
728,864,136,0.136,0.13976185646094383
676,838,162,0.162,0.12244073974969796
662,831,169,0.169,0.14041983693256044
706,853,147,0.147,0.14683539726305753
740,870,130,0.13,0.1634935130297672
716,858,142,0.142,0.16144865999999455
764,882,118,0.118,0.14877188128686974
684,842,158,0.158,0.1536297906807158
716,858,142,0.142,0.15405430361395703
694,847,153,0.153,0.14365418044180842
726,863,137,0.137,0.14072085968172177
746,873,127,0.127,0.14471932989137712
708,854,146,0.146,0.15432466676994228
736,868,132,0.132,0.14905798036500345
738,869,131,0.131,0.12587540179211645
738,869,131,0.131,0.12045996161689981
746,873,127,0.127,0.11833915124996565
732,866,134,0.134,0.12276460760852205
722,861,139,0.139,0.13477968100074214
738,869,131,0.131,0.1556436457231175
730,865,135,0.135,0.14363583853701128
682,841,159,0.159,0.15643968979883358
734,867,133,0.133,0.1631104628460016
730,865,135,0.135,0.14772424808249343
672,836,164,0.164,0.14255648554838263
712,856,144,0.144,0.15637183226342313
704,852,148,0.148,0.14313260340946726
698,849,151,0.151,0.16134271205798723
724,862,138,0.138,0.16668384500639513
720,860,140,0.14,0.14614387668459677
660,830,170,0.17,0.14042983191413805
756,878,122,0.122,0.14920427802670747
708,854,146,0.146,0.13502524693193846
738,869,131,0.131,0.1411434049254749
744,872,128,0.128,0.15178025416843594
716,858,142,0.142,0.16046274834265933
744,872,128,0.128,0.15183714536437765
754,877,123,0.123,0.15011407622396655
734,867,133,0.133,0.13314609788614326
738,869,131,0.131,0.13291968295385595
676,838,162,0.162,0.14972926492255648
702,851,149,0.149,0.14372722603182775
724,862,138,0.138,0.15951316513726488
746,873,127,0.127,0.13224311367631889
704,852,148,0.148,0.14810019703675062
696,848,152,0.152,0.15972677501651925
760,880,120,0.12,0.14753344425396062
676,838,162,0.162,0.1492864631966222
706,853,147,0.147,0.15965890167234464
696,848,152,0.152,0.1474250173715409
698,849,151,0.151,0.1765828621108667
714,857,143,0.143,0.17011216712929308
724,862,138,0.138,0.16721355106774718
712,856,144,0.144,0.16158739255880936
788,894,106,0.106,0.14453711397293956
766,883,117,0.117,0.15065237115556374
774,887,113,0.113,0.15176494342763908
714,857,143,0.143,0.1540528998520167
778,889,111,0.111,0.12887965021113632
762,881,119,0.119,0.11951175083522685
680,840,160,0.16,0.13707382067735308
732,866,134,0.134,0.1134256117849145
740,870,130,0.13,0.1303041433689068
746,873,127,0.127,0.1256008138096222
702,851,149,0.149,0.13936605093808613
738,869,131,0.131,0.13249220756208524
736,868,132,0.132,0.15322788614407182
726,863,137,0.137,0.1478791878412012
664,832,168,0.168,0.15574111344653646
776,888,112,0.112,0.1515991972833872
788,894,106,0.106,0.15028098877053708
794,897,103,0.103,0.14244096025195904
732,866,134,0.134,0.15700929323170568
722,861,139,0.139,0.15174841863918118
770,885,115,0.115,0.14129989615216618
706,853,147,0.147,0.12979284976253985
758,879,121,0.121,0.14553310051187873
722,861,139,0.139,0.14136315505183303
692,846,154,0.154,0.14340618245233783
678,839,161,0.161,0.13630132155236788
744,872,128,0.128,0.1376058265727479
760,880,120,0.12,0.14272486156737432
756,878,122,0.122,0.1833790195733309
716,858,142,0.142,0.17252401374594775
720,860,140,0.14,0.15921928673982622
720,860,140,0.14,0.17685338188381866
674,837,163,0.163,0.16553161462582647
724,862,138,0.138,0.16681809499301017
718,859,141,0.141,0.16294443812500686
682,841,159,0.159,0.1941973687283462
732,866,134,0.134,0.17205618473561482
772,886,114,0.114,0.17141961211478338
696,848,152,0.152,0.16089745083730667
746,873,127,0.127,0.17866454860102385
684,842,158,0.158,0.1754807831188664
736,868,132,0.132,0.15383654996525728
722,861,139,0.139,0.1815169275633525
766,883,117,0.117,0.14744258027151227
714,857,143,0.143,0.15960424619971308
696,848,152,0.152,0.1706310540770646
772,886,114,0.114,0.1568019029609859
692,846,154,0.154,0.15480604469290118
762,881,119,0.119,0.15392357272119261
786,893,107,0.107,0.14529416928914723
758,879,121,0.121,0.14874881715222726
754,877,123,0.123,0.16250753010390326
762,881,119,0.119,0.15277834913201513
726,863,137,0.137,0.1505544090871699
774,887,113,0.113,0.15492703320248985
726,863,137,0.137,0.15251195337576792
752,876,124,0.124,0.1342745988140814
716,858,142,0.142,0.14763713906204792
728,864,136,0.136,0.1522860404921812
712,856,144,0.144,0.15456766705249902
676,838,162,0.162,0.17295315176760778
714,857,143,0.143,0.17130318925110624
708,854,146,0.146,0.1762854720239411
728,864,136,0.136,0.16772891208156943
736,868,132,0.132,0.19256458396883683
742,871,129,0.129,0.19837704235687853
678,839,161,0.161,0.16897036663629114
690,845,155,0.155,0.1808196979444474
706,853,147,0.147,0.21425506692915225
766,883,117,0.117,0.18039987677847966
738,869,131,0.131,0.18456435107043945
690,845,155,0.155,0.17044467619806528
740,870,130,0.13,0.1761930622747168
718,859,141,0.141,0.17313111720327287
746,873,127,0.127,0.14330752197280527
758,879,121,0.121,0.1615211688433774
754,877,123,0.123,0.17863924418436364
690,845,155,0.155,0.15773377648601308
710,855,145,0.145,0.17805098409717904
686,843,157,0.157,0.1914351626341231
750,875,125,0.125,0.18237536359002116
750,875,125,0.125,0.2036071433261968
764,882,118,0.118,0.175616762757767
712,856,144,0.144,0.19566459733224473
698,849,151,0.151,0.17391245092032478
688,844,156,0.156,0.16788590744277462
758,879,121,0.121,0.15794881141977385
722,861,139,0.139,0.1665664764296962
754,877,123,0.123,0.1826006593084894
738,869,131,0.131,0.16013069241156336
728,864,136,0.136,0.15635134287830443
784,892,108,0.108,0.1560827248468995
770,885,115,0.115,0.13991185660858174
680,840,160,0.16,0.15649093419779092
726,863,137,0.137,0.16441743124475033
728,864,136,0.136,0.14337217279570177
784,892,108,0.108,0.16517533763323444
734,867,133,0.133,0.14497652961697896
670,835,165,0.165,0.15701082920952467
694,847,153,0.153,0.14687711204704829
700,850,150,0.15,0.13368218039092608
748,874,126,0.126,0.14381951648462563
756,878,122,0.122,0.15510125499928837
706,853,147,0.147,0.15712082917499356
694,847,153,0.153,0.1640266807258595
704,852,148,0.148,0.14850217104586771
726,863,137,0.137,0.14899447848042474
744,872,128,0.128,0.1527450609545922
730,865,135,0.135,0.14346304056979717
778,889,111,0.111,0.14410373698920012
732,866,134,0.134,0.13870619622874072
716,858,142,0.142,0.15738916001981124
704,852,148,0.148,0.15842400745605117
716,858,142,0.142,0.15833634836575947
730,865,135,0.135,0.14579786915984005
706,853,147,0.147,0.15414691009558737
704,852,148,0.148,0.14339935799315573
752,876,124,0.124,0.14045116747543215
670,835,165,0.165,0.15622912305220962
694,847,153,0.153,0.15973535245924722
748,874,126,0.126,0.16978743671625854
708,854,146,0.146,0.18298052633390763
728,864,136,0.136,0.18199467652337625
742,871,129,0.129,0.15974552312120796
678,839,161,0.161,0.16693535237549803
756,878,122,0.122,0.15337035685125738
720,860,140,0.14,0.15931180957751348
710,855,145,0.145,0.13906693310290574
714,857,143,0.143,0.14377608346752824
710,855,145,0.145,0.15747334922431036
696,848,152,0.152,0.13456364419998135
740,870,130,0.13,0.17277652300300542
708,854,146,0.146,0.17370020522235427
730,865,135,0.135,0.1560360775280278
706,853,147,0.147,0.15604600549512543
726,863,137,0.137,0.1564422408079263
722,861,139,0.139,0.17562171440292149
698,849,151,0.151,0.16642669489001854
734,867,133,0.133,0.16975655459734845
728,864,136,0.136,0.15182795009331312
758,879,121,0.121,0.15202572371670978
726,863,137,0.137,0.17379059059917926
674,837,163,0.163,0.18466355335479603
690,845,155,0.155,0.16762843583221548
738,869,131,0.131,0.14903679407807066
758,879,121,0.121,0.15705151631170883
766,883,117,0.117,0.1728203629819909
682,841,159,0.159,0.15508589461725206
734,867,133,0.133,0.15654257567413152
766,883,117,0.117,0.15927985295117833
702,851,149,0.149,0.14220933683100156
744,872,128,0.128,0.15387190196290612
730,865,135,0.135,0.1514430595615413
702,851,149,0.149,0.14455354692740366
722,861,139,0.139,0.15173310375690927
722,861,139,0.139,0.1613142477669753
738,869,131,0.131,0.18033663451950996
740,870,130,0.13,0.14210105548566207
750,875,125,0.125,0.17005023040855302
742,871,129,0.129,0.16358244168059902
750,875,125,0.125,0.1537225486934185
798,899,101,0.101,0.1285741371451877
740,870,130,0.13,0.1522489287655335
748,874,126,0.126,0.12613302587741054
710,855,145,0.145,0.13074399660837663
732,866,134,0.134,0.13158760055340826
672,836,164,0.164,0.13934156689647353
756,878,122,0.122,0.1313973569839727
748,874,126,0.126,0.1519706393108354
732,866,134,0.134,0.14757865163404493
748,874,126,0.126,0.16196757832262665
746,873,127,0.127,0.16259934544953286
708,854,146,0.146,0.14945843578246423
698,849,151,0.151,0.1481099088944029
698,849,151,0.151,0.1421081320999656
784,892,108,0.108,0.13238084218185395
722,861,139,0.139,0.13572495010792046
718,859,141,0.141,0.13672371842357098
720,860,140,0.14,0.1353342505625915
754,877,123,0.123,0.14830244640156162
764,882,118,0.118,0.1310658507226035
710,855,145,0.145,0.1382632417716086
712,856,144,0.144,0.13263573430920952
750,875,125,0.125,0.1453764355762396
630,815,185,0.185,0.14058032151078806
682,841,159,0.159,0.1528646197724156
726,863,137,0.137,0.1278016790172551
710,855,145,0.145,0.1483793570890557
674,837,163,0.163,0.15174330085830298
774,887,113,0.113,0.1607725456452463
730,865,135,0.135,0.1494545848479029
726,863,137,0.137,0.14532807992293964
708,854,146,0.146,0.17204902055580168
758,879,121,0.121,0.16003734165639616
720,860,140,0.14,0.17117670502350665
740,870,130,0.13,0.1511907101699617
720,860,140,0.14,0.15026718210056425
736,868,132,0.132,0.14641012724139726
730,865,135,0.135,0.1481505558937788
750,875,125,0.125,0.13544877553125845
680,840,160,0.16,0.14534429720253683
708,854,146,0.146,0.1557356276079081
760,880,120,0.12,0.154463686181698
750,875,125,0.125,0.14116445635224226
788,894,106,0.106,0.1481127904637251
746,873,127,0.127,0.16641140824509784
674,837,163,0.163,0.15936518816906028
678,839,161,0.161,0.15624800535710529
734,867,133,0.133,0.1605234420783818
736,868,132,0.132,0.14723984248610214
698,849,151,0.151,0.18242022572876884
764,882,118,0.118,0.17782770934980363
714,857,143,0.143,0.15618185911886395
706,853,147,0.147,0.1699405542779714
748,874,126,0.126,0.1732215016465634
704,852,148,0.148,0.16444811307580676
736,868,132,0.132,0.17302212922624313
782,891,109,0.109,0.1654612595946528
752,876,124,0.124,0.1606933659983333
708,854,146,0.146,0.16214395801001227
752,876,124,0.124,0.16232602706691251
694,847,153,0.153,0.16759178013307974
770,885,115,0.115,0.1605683180047199
680,840,160,0.16,0.1613234805688262
740,870,130,0.13,0.17120418684731703
724,862,138,0.138,0.147281032750383
738,869,131,0.131,0.15551987606706097
722,861,139,0.139,0.15081723923468962
724,862,138,0.138,0.1510527568375692
734,867,133,0.133,0.1583811464034952
772,886,114,0.114,0.1593574507420417
724,862,138,0.138,0.17024316767416894
764,882,118,0.118,0.16410860666190275
730,865,135,0.135,0.1600216820911155
674,837,163,0.163,0.1571172196646221
714,857,143,0.143,0.1442255480112508
746,873,127,0.127,0.15924719973932952
746,873,127,0.127,0.14737843207363038
700,850,150,0.15,0.16934722580434755
740,870,130,0.13,0.1650406895026099
792,896,104,0.104,0.16158196119219065
696,848,152,0.152,0.18110586828086525
776,888,112,0.112,0.16745581996184775
698,849,151,0.151,0.18421435890113935
804,902,98,0.098,0.17441872574482112
726,863,137,0.137,0.16644789050193504
738,869,131,0.131,0.14343872908409686
720,860,140,0.14,0.15670398480212316
696,848,152,0.152,0.1623403611034155
740,870,130,0.13,0.15940930749289692
694,847,153,0.153,0.14594362124986945
730,865,135,0.135,0.15430569837056102
742,871,129,0.129,0.1529784154763911
754,877,123,0.123,0.1614042327790521
714,857,143,0.143,0.15147662976384163
656,828,172,0.172,0.16917678894475102
734,867,133,0.133,0.16704376430716367
790,895,105,0.105,0.1758504477178212
748,874,126,0.126,0.14943919415865092
760,880,120,0.12,0.15970926360832527
768,884,116,0.116,0.13377622937702108
742,871,129,0.129,0.13852168019698002
788,894,106,0.106,0.1397945382813341
728,864,136,0.136,0.12871326995696292
706,853,147,0.147,0.13370538213098188
736,868,132,0.132,0.14496469488553704
720,860,140,0.14,0.1454776685689576
770,885,115,0.115,0.14177459261310288
726,863,137,0.137,0.15101656948728487
762,881,119,0.119,0.14829630072822328
728,864,136,0.136,0.1504509367417777
746,873,127,0.127,0.15134028931008653
742,871,129,0.129,0.1378672105590813
728,864,136,0.136,0.1447264887113124
730,865,135,0.135,0.16249393238173798
774,887,113,0.113,0.1419163596765138
728,864,136,0.136,0.14122969840466976
734,867,133,0.133,0.13659221838368102
722,861,139,0.139,0.12819840570352972
732,866,134,0.134,0.14054279858624796
766,883,117,0.117,0.13046633485902567
730,865,135,0.135,0.13064620435191318
700,850,150,0.15,0.14028144307574258
742,871,129,0.129,0.15265232647722587
700,850,150,0.15,0.16760568967787548
742,871,129,0.129,0.1322063011347782
724,862,138,0.138,0.12761735054012388
724,862,138,0.138,0.15560082030156627
762,881,119,0.119,0.14807806909712962
708,854,146,0.146,0.14639925823546945
716,858,142,0.142,0.16662192162452266
738,869,131,0.131,0.14614567148941568
702,851,149,0.149,0.12954165780101903
734,867,133,0.133,0.14057653086772187
708,854,146,0.146,0.1289833500732202
786,893,107,0.107,0.12728870088420807
790,895,105,0.105,0.13492132175673033
732,866,134,0.134,0.1421022932974156
758,879,121,0.121,0.139573226614506
750,875,125,0.125,0.1277023407588713
740,870,130,0.13,0.12160634444851894
742,871,129,0.129,0.11164444976882078
746,873,127,0.127,0.11186829252075405
782,891,109,0.109,0.13549444486922585
704,852,148,0.148,0.1321290133795701
722,861,139,0.139,0.13313972024573012
722,861,139,0.139,0.14548723399150185
714,857,143,0.143,0.15444025701330974
726,863,137,0.137,0.1474176247101277
774,887,113,0.113,0.1507648340854794
698,849,151,0.151,0.15455474383151158
678,839,161,0.161,0.15966222540859598
706,853,147,0.147,0.1662358813113533
696,848,152,0.152,0.1683254111497663
718,859,141,0.141,0.18812153733195738
738,869,131,0.131,0.16411591093079186
746,873,127,0.127,0.12142380741448142
752,876,124,0.124,0.1429707558522932
768,884,116,0.116,0.1506555789426202
730,865,135,0.135,0.12161164198431652
718,859,141,0.141,0.13238680009928067
688,844,156,0.156,0.13240896201133728
698,849,151,0.151,0.1389046049127355
684,842,158,0.158,0.15206368896225467
738,869,131,0.131,0.14816506445745473
750,875,125,0.125,0.14488218038855122
742,871,129,0.129,0.14787638354371302
774,887,113,0.113,0.15060204304615035
774,887,113,0.113,0.14702588123409077
684,842,158,0.158,0.1354036238640547
748,874,126,0.126,0.13922554926970043
708,854,146,0.146,0.13841896943841128
716,858,142,0.142,0.140667344921967
698,849,151,0.151,0.137839924398344
776,888,112,0.112,0.12367170039130725
754,877,123,0.123,0.13365800813259557
698,849,151,0.151,0.15812302782572807
730,865,135,0.135,0.1288667620541528
688,844,156,0.156,0.16759292404493317
718,859,141,0.141,0.16767756210686638
758,879,121,0.121,0.16243537086364812
760,880,120,0.12,0.1499415095592849
702,851,149,0.149,0.1856805400676094
752,876,124,0.124,0.16408243172359652
770,885,115,0.115,0.1406741193700582
748,874,126,0.126,0.13388803746388295
736,868,132,0.132,0.1482188705620356
688,844,156,0.156,0.15227266085660085
742,871,129,0.129,0.12786149298213423
724,862,138,0.138,0.12309432224195917
724,862,138,0.138,0.13626503046834842
696,848,152,0.152,0.11718061250867322
670,835,165,0.165,0.15988494992954658
726,863,137,0.137,0.14514704092312605
726,863,137,0.137,0.15197055671468843
734,867,133,0.133,0.18280041971278843
710,855,145,0.145,0.1679051428665407
688,844,156,0.156,0.16346492401510476
776,888,112,0.112,0.14262058898166288
680,840,160,0.16,0.14679717963800068
756,878,122,0.122,0.15201793617359363
732,866,134,0.134,0.1374947236739099
714,857,143,0.143,0.14284533289074897
740,870,130,0.13,0.13526506960357074
718,859,141,0.141,0.12687578078510706
744,872,128,0.128,0.1295952862750273
766,883,117,0.117,0.12552845073840582
710,855,145,0.145,0.13433391857217067
726,863,137,0.137,0.13756414069258607
736,868,132,0.132,0.12584077735617757
758,879,121,0.121,0.10834567070531193
662,831,169,0.169,0.14591524372855202
742,871,129,0.129,0.15953061534650623
766,883,117,0.117,0.13367097764182836
790,895,105,0.105,0.13898285662778653
716,858,142,0.142,0.146934428722132
712,856,144,0.144,0.12252221183804796
764,882,118,0.118,0.10346797287871595
752,876,124,0.124,0.1008185185912298
750,875,125,0.125,0.09705199266166892
800,900,100,0.1,0.11596013854211196
694,847,153,0.153,0.1320252336304402
754,877,123,0.123,0.13067904866114258
692,846,154,0.154,0.14858941518445498
718,859,141,0.141,0.14828820253978484
742,871,129,0.129,0.15481038042483852
674,837,163,0.163,0.14677616578992456
660,830,170,0.17,0.14327635555109008
706,853,147,0.147,0.15024382401257752
760,880,120,0.12,0.14329126174817794
744,872,128,0.128,0.14426286620320752
718,859,141,0.141,0.1355010261721909
740,870,130,0.13,0.14654195202980191
708,854,146,0.146,0.13920445183082483
724,862,138,0.138,0.14447735920082777
690,845,155,0.155,0.1367038817226421
698,849,151,0.151,0.1327426265857648
732,866,134,0.134,0.14270110829314217
652,826,174,0.174,0.16121553773945196
722,861,139,0.139,0.16280785311502405
702,851,149,0.149,0.13268366622552275
730,865,135,0.135,0.14882447764882817
688,844,156,0.156,0.1465962044079788
748,874,126,0.126,0.15132083874195815
712,856,144,0.144,0.14486847756360657
680,840,160,0.16,0.16122087732411455
694,847,153,0.153,0.14309607503190636
708,854,146,0.146,0.15455100446660072
718,859,141,0.141,0.16199522972665728
676,838,162,0.162,0.1614379398851888
764,882,118,0.118,0.14700833455496468
748,874,126,0.126,0.16262805472678155
692,846,154,0.154,0.14790844329819083
660,830,170,0.17,0.1448158431695774
722,861,139,0.139,0.14892623633192853
672,836,164,0.164,0.1658388536274433
722,861,139,0.139,0.14100151006365194
748,874,126,0.126,0.1373465632047737
706,853,147,0.147,0.1345401964255143
730,865,135,0.135,0.14551893417863176
734,867,133,0.133,0.15500681120669468
712,856,144,0.144,0.14705624606739728
690,845,155,0.155,0.14047945442609489
788,894,106,0.106,0.1341408254187554
698,849,151,0.151,0.13956830613326748
728,864,136,0.136,0.12569590923399665
702,851,149,0.149,0.1503401349594351
774,887,113,0.113,0.13683092462923377
712,856,144,0.144,0.1372433412647806
726,863,137,0.137,0.14381424040324053
778,889,111,0.111,0.13901702665607446
740,870,130,0.13,0.1325739976215409
734,867,133,0.133,0.14409563715336846
674,837,163,0.163,0.1453140904167667
652,826,174,0.174,0.14297928187204526
748,874,126,0.126,0.1587927940953523
728,864,136,0.136,0.15365061968099325
736,868,132,0.132,0.15552615372091533
740,870,130,0.13,0.15830769669171424
770,885,115,0.115,0.15392482038168237
690,845,155,0.155,0.14338509480364156
680,840,160,0.16,0.139709909921512
716,858,142,0.142,0.12855090625653975
726,863,137,0.137,0.14732939469628037
694,847,153,0.153,0.14329298783047126
750,875,125,0.125,0.14431177992001176
688,844,156,0.156,0.15275309755653144
712,856,144,0.144,0.15665385764371603
696,848,152,0.152,0.15188636530423538
784,892,108,0.108,0.1590081651788205
746,873,127,0.127,0.15574920990318059
702,851,149,0.149,0.1393837906899862
730,865,135,0.135,0.1460137131535448
724,862,138,0.138,0.13953986270615132
746,873,127,0.127,0.14201391750993206
758,879,121,0.121,0.14015058965526986
738,869,131,0.131,0.13174662047461608
752,876,124,0.124,0.14224189444002697
700,850,150,0.15,0.12904353740951047
686,843,157,0.157,0.14573324926709758
754,877,123,0.123,0.15082674215454608
730,865,135,0.135,0.16731216178904287
764,882,118,0.118,0.16606837035296484
770,885,115,0.115,0.16359861331013964
692,846,154,0.154,0.16421339101856575
708,854,146,0.146,0.12829983292194083
804,902,98,0.098,0.1307688313657418
718,859,141,0.141,0.13493268653936685
810,905,95,0.095,0.12771307710232213
744,872,128,0.128,0.11211636754893697
760,880,120,0.12,0.10956643325321784
710,855,145,0.145,0.11900981632480398
764,882,118,0.118,0.1123550243836944
708,854,146,0.146,0.11160791722917929
770,885,115,0.115,0.11980666092503815
780,890,110,0.11,0.11542191579029895
680,840,160,0.16,0.12583681994397194
724,862,138,0.138,0.15446469117642847
746,873,127,0.127,0.14265416288515553
746,873,127,0.127,0.13797679350990802
704,852,148,0.148,0.1548833476617001
764,882,118,0.118,0.14702411662694068
734,867,133,0.133,0.13733678411506117
744,872,128,0.128,0.13659615142352413
772,886,114,0.114,0.11697725497419015
754,877,123,0.123,0.11843646849645302
716,858,142,0.142,0.14034649257315324
770,885,115,0.115,0.1236344996090047
680,840,160,0.16,0.1327642193485517
744,872,128,0.128,0.15090927573433147
754,877,123,0.123,0.15101499045453964
760,880,120,0.12,0.15333061063010245
726,863,137,0.137,0.1606741298090201
668,834,166,0.166,0.1622373782172799
750,875,125,0.125,0.15427082010125742
706,853,147,0.147,0.16643582217162475
706,853,147,0.147,0.16530180687317625
686,843,157,0.157,0.18586895551439375
704,852,148,0.148,0.15529792993422598
700,850,150,0.15,0.159270839843899
706,853,147,0.147,0.17322232096781953
740,870,130,0.13,0.1637506315195933
706,853,147,0.147,0.1597096523102373
694,847,153,0.153,0.17023499887797516
684,842,158,0.158,0.16687640327308326
766,883,117,0.117,0.1681678151767701
684,842,158,0.158,0.1653430686686188
736,868,132,0.132,0.16991646626219153
706,853,147,0.147,0.1621006763727637
758,879,121,0.121,0.159543119286187
702,851,149,0.149,0.15743583801621572
766,883,117,0.117,0.14632373132137583
726,863,137,0.137,0.14749484608042984
732,866,134,0.134,0.14984407213702797
738,869,131,0.131,0.1460065119229257
658,829,171,0.171,0.15351041571749374
754,877,123,0.123,0.1491622735678684
690,845,155,0.155,0.14864796264795588
734,867,133,0.133,0.16709350355388597
736,868,132,0.132,0.15128062731120737
712,856,144,0.144,0.18618101926613598
690,845,155,0.155,0.16481788005121054
650,825,175,0.175,0.17271324634738267
728,864,136,0.136,0.15164179470622913
720,860,140,0.14,0.14626775518897922
684,842,158,0.158,0.17141705160960555
708,854,146,0.146,0.1653665248360485
670,835,165,0.165,0.1747190819103271
746,873,127,0.127,0.17205899280309678
686,843,157,0.157,0.18664842393156142
714,857,143,0.143,0.17087463287543506
760,880,120,0.12,0.1790359128783457
698,849,151,0.151,0.16504339943267404
734,867,133,0.133,0.15143807782267685
716,858,142,0.142,0.15809597265906633
748,874,126,0.126,0.16064456466888077
776,888,112,0.112,0.1399329367815517
688,844,156,0.156,0.14646357640391217
670,835,165,0.165,0.16162634518783306
696,848,152,0.152,0.15650248882779852
746,873,127,0.127,0.16434910964639857
718,859,141,0.141,0.17758684703183827
730,865,135,0.135,0.17654317509522663
738,869,131,0.131,0.1741692243698053
708,854,146,0.146,0.17554212110111256
742,871,129,0.129,0.17153920896351338
704,852,148,0.148,0.15973674360383303
744,872,128,0.128,0.1809607254001312
716,858,142,0.142,0.1614814039238263
714,857,143,0.143,0.1583584699323401
718,859,141,0.141,0.14494138704519718
748,874,126,0.126,0.16468055561417713
678,839,161,0.161,0.15765023989975452
698,849,151,0.151,0.1924955601282418
764,882,118,0.118,0.19575778172537683
720,860,140,0.14,0.18960317981243133
716,858,142,0.142,0.16916964847315102
748,874,126,0.126,0.1722662900297437
742,871,129,0.129,0.17096348180668428
698,849,151,0.151,0.1770023874938488
744,872,128,0.128,0.15404703244729898
712,856,144,0.144,0.16866289411531762
726,863,137,0.137,0.16650333178043367
730,865,135,0.135,0.1846562750376761
740,870,130,0.13,0.17046313260262833
688,844,156,0.156,0.18160303603718056
668,834,166,0.166,0.1737561545772478
654,827,173,0.173,0.1839182506110519
694,847,153,0.153,0.2006526704854332
714,857,143,0.143,0.19765844966750593
758,879,121,0.121,0.19183762790821493
724,862,138,0.138,0.19070507356431335
710,855,145,0.145,0.1756196970073506
710,855,145,0.145,0.17777121582627298
782,891,109,0.109,0.17518304578773677
744,872,128,0.128,0.17731388013227842
740,870,130,0.13,0.1552898337622173
734,867,133,0.133,0.16478318876679987
674,837,163,0.163,0.16854038712731562
732,866,134,0.134,0.16184611860197037
770,885,115,0.115,0.16151627865014598
696,848,152,0.152,0.1708793734041974
754,877,123,0.123,0.15538826043787413
684,842,158,0.158,0.17927109969314187
736,868,132,0.132,0.18739530845172703
736,868,132,0.132,0.17703861494734882
656,828,172,0.172,0.1742661937503144
784,892,108,0.108,0.17296835685847328
732,866,134,0.134,0.18145499686989933
692,846,154,0.154,0.17420398664101958
704,852,148,0.148,0.1655027886093594
742,871,129,0.129,0.1701969672399573
754,877,123,0.123,0.1411951760193333
736,868,132,0.132,0.15214520762255415
764,882,118,0.118,0.15560475071100519
688,844,156,0.156,0.1564138501100242
722,861,139,0.139,0.15957711183233186
720,860,140,0.14,0.17111922957049683
772,886,114,0.114,0.1529858813174069
754,877,123,0.123,0.15327126157889143
736,868,132,0.132,0.16221465470734983
760,880,120,0.12,0.15429138848464935
712,856,144,0.144,0.16007833747658878
742,871,129,0.129,0.1522531815604307
720,860,140,0.14,0.15976648344658315
780,890,110,0.11,0.1436800913568586
708,854,146,0.146,0.15654167744098232
768,884,116,0.116,0.1541506741512567
722,861,139,0.139,0.14999546867609023
778,889,111,0.111,0.13432891798065974
726,863,137,0.137,0.1409566495353356
780,890,110,0.11,0.13486219761520624
714,857,143,0.143,0.13857494814833626
750,875,125,0.125,0.12701786380517296
722,861,139,0.139,0.12217371615651064
728,864,136,0.136,0.13668928959826007
726,863,137,0.137,0.13496016867447178
740,870,130,0.13,0.15521548415356665
708,854,146,0.146,0.15227295546326786
692,846,154,0.154,0.15650646605878138
758,879,121,0.121,0.15315484910039232
720,860,140,0.14,0.15491644420940429
710,855,145,0.145,0.1636776871792972
726,863,137,0.137,0.1519412254560739
740,870,130,0.13,0.16391953207738696
752,876,124,0.124,0.14859803012525663
752,876,124,0.124,0.15154646281618625
714,857,143,0.143,0.1326288555781357
746,873,127,0.127,0.1305978784232866
762,881,119,0.119,0.13534590367414057
700,850,150,0.15,0.13027647867938505
660,830,170,0.17,0.1586280528611969
752,876,124,0.124,0.1508798427497968
724,862,138,0.138,0.15957332908501848
758,879,121,0.121,0.1462862740540877
658,829,171,0.171,0.1618452237774618
732,866,134,0.134,0.1604554946355056
776,888,112,0.112,0.13431907935021445
720,860,140,0.14,0.1363666228975635
722,861,139,0.139,0.13810038002347574
722,861,139,0.139,0.142088180037681
800,900,100,0.1,0.11523859322397038
690,845,155,0.155,0.12524126514187084
724,862,138,0.138,0.11830618036258966
680,840,160,0.16,0.11962965881684795
706,853,147,0.147,0.13579468150809407
720,860,140,0.14,0.1380120899230242
750,875,125,0.125,0.14286671186285094
748,874,126,0.126,0.1307560445391573
730,865,135,0.135,0.1260546930867713
728,864,136,0.136,0.12433721322542987
766,883,117,0.117,0.11776491723023355
764,882,118,0.118,0.12127884019538761
716,858,142,0.142,0.10638317191833631
690,845,155,0.155,0.11485758452070877
730,865,135,0.135,0.1072527682678774
722,861,139,0.139,0.10751970215165056
754,877,123,0.123,0.11686514056823216
788,894,106,0.106,0.12549243488296632
720,860,140,0.14,0.13903898314153776
738,869,131,0.131,0.1289549423661083
720,860,140,0.14,0.1599635695964098
654,827,173,0.173,0.13561140657425858
676,838,162,0.162,0.12664421533979475
766,883,117,0.117,0.12422957368195058
716,858,142,0.142,0.1395183431673795
642,821,179,0.179,0.12615861997043248
716,858,142,0.142,0.13356615663599222
798,899,101,0.101,0.1218935212586075
732,866,134,0.134,0.10850166441313923
740,870,130,0.13,0.12174445500946604
728,864,136,0.136,0.11122690238803624
704,852,148,0.148,0.11733961595402798
692,846,154,0.154,0.13676632526703178
710,855,145,0.145,0.13210597691545262
698,849,151,0.151,0.1285994138063397
772,886,114,0.114,0.12978494628611953
786,893,107,0.107,0.12008718618610874
720,860,140,0.14,0.13807634479785338
726,863,137,0.137,0.11537852515652776
794,897,103,0.103,0.1143947959691286
772,886,114,0.114,0.11203764392237645
740,870,130,0.13,0.11926527816196904
736,868,132,0.132,0.10082970623672008
744,872,128,0.128,0.11808042168407701
746,873,127,0.127,0.12339335274952463
740,870,130,0.13,0.11675862338452134
698,849,151,0.151,0.11838931302260608
752,876,124,0.124,0.10955908695235848
780,890,110,0.11,0.12736247335281223
646,823,177,0.177,0.1296976276910864
736,868,132,0.132,0.12008083950309083
732,866,134,0.134,0.12988524458062603
704,852,148,0.148,0.1286154678314924
754,877,123,0.123,0.1267984553799033
734,867,133,0.133,0.12053676547203213
738,869,131,0.131,0.13165954304207117
662,831,169,0.169,0.12565415315376594
760,880,120,0.12,0.1241135529219173
708,854,146,0.146,0.13740039235213772
722,861,139,0.139,0.12352891028719024
700,850,150,0.15,0.13815936109935864
710,855,145,0.145,0.1308988252929412
734,867,133,0.133,0.12626892822328956
720,860,140,0.14,0.12703885554429142
706,853,147,0.147,0.1436769988881424
740,870,130,0.13,0.11932042665989138
762,881,119,0.119,0.11763873886456713
726,863,137,0.137,0.10815388635685667
744,872,128,0.128,0.10800153066543862
772,886,114,0.114,0.11350677712151082
666,833,167,0.167,0.1230909795111511
736,868,132,0.132,0.12052076223818585
742,871,129,0.129,0.12294255493581295
692,846,154,0.154,0.12804069910570978
750,875,125,0.125,0.13568010961078109
746,873,127,0.127,0.1382655282765627
684,842,158,0.158,0.14400088731059804
750,875,125,0.125,0.13601206166855992
760,880,120,0.12,0.13454541347909252
724,862,138,0.138,0.12815832186175977
748,874,126,0.126,0.13381229156348853
694,847,153,0.153,0.12931696960423142
736,868,132,0.132,0.1338973798812367
702,851,149,0.149,0.14162700807489453
752,876,124,0.124,0.13327301376103423
678,839,161,0.161,0.12812154123536312
740,870,130,0.13,0.13264545764774083
724,862,138,0.138,0.14960344805661588
698,849,151,0.151,0.14075547175761313
680,840,160,0.16,0.14069955883850344
746,873,127,0.127,0.12528537046490237
792,896,104,0.104,0.12554782158555464
706,853,147,0.147,0.14827950818021782
720,860,140,0.14,0.13541828908398748
790,895,105,0.105,0.12762434356613084
750,875,125,0.125,0.13584489903750363
728,864,136,0.136,0.132931412873324
718,859,141,0.141,0.13911878224043175
724,862,138,0.138,0.13431854765093884
712,856,144,0.144,0.14524743517092428
732,866,134,0.134,0.1346315669910982
706,853,147,0.147,0.14999634168669582
710,855,145,0.145,0.15694607313349843
722,861,139,0.139,0.15926971208723262
744,872,128,0.128,0.17812849793676286
704,852,148,0.148,0.16510107997432352
730,865,135,0.135,0.17152002622070722
724,862,138,0.138,0.16647078062128276
672,836,164,0.164,0.17154220179095864
766,883,117,0.117,0.15996249516308308
728,864,136,0.136,0.16306763106305153
706,853,147,0.147,0.15357843231409787
712,856,144,0.144,0.1647572277924046
680,840,160,0.16,0.17054665778623893
712,856,144,0.144,0.1694687850177288
702,851,149,0.149,0.17366750839911402
736,868,132,0.132,0.17438222346641125
642,821,179,0.179,0.17437226534262298
768,884,116,0.116,0.17434126600343733
760,880,120,0.12,0.17848466842249036
742,871,129,0.129,0.17281188663328068
666,833,167,0.167,0.16337229565531014
738,869,131,0.131,0.1773560284532141
734,867,133,0.133,0.17834356256201864
740,870,130,0.13,0.18686850368510932
710,855,145,0.145,0.1784114719349891
754,877,123,0.123,0.18688181537389756
726,863,137,0.137,0.19960038129985333
712,856,144,0.144,0.183849949748721
738,869,131,0.131,0.1688604827541858
662,831,169,0.169,0.18409634165273747
728,864,136,0.136,0.18265937750414013
742,871,129,0.129,0.18440172963030638
750,875,125,0.125,0.17704940834455193
724,862,138,0.138,0.19325393701717258
684,842,158,0.158,0.16947047423780895
734,867,133,0.133,0.18455214947648346
752,876,124,0.124,0.17325383493863047
710,855,145,0.145,0.187577857746277
724,862,138,0.138,0.18945879566855728
672,836,164,0.164,0.1988812214708887
754,877,123,0.123,0.18654890586994588
728,864,136,0.136,0.18925640522642062
722,861,139,0.139,0.18695352536067367
756,878,122,0.122,0.18699087815918028
746,873,127,0.127,0.17776097573433072
694,847,153,0.153,0.17167414285149427
702,851,149,0.149,0.18636201544292272
768,884,116,0.116,0.1540627584136091
732,866,134,0.134,0.1809124207291752
750,875,125,0.125,0.17084131872002034
722,861,139,0.139,0.18199187052063645
718,859,141,0.141,0.17521195413917304
740,870,130,0.13,0.17861144034564494
738,869,131,0.131,0.19174781527556478
734,867,133,0.133,0.19881332845799624
708,854,146,0.146,0.20116705770045518
684,842,158,0.158,0.1866327836494893
692,846,154,0.154,0.19179253306612373
738,869,131,0.131,0.20013700919039548
724,862,138,0.138,0.20645786150638015
734,867,133,0.133,0.2098818495385349
712,856,144,0.144,0.22014832977950574
752,876,124,0.124,0.21196519244648515
720,860,140,0.14,0.207366994086653
740,870,130,0.13,0.20168222765251995
650,825,175,0.175,0.23339586305245758
738,869,131,0.131,0.22949630405381322
730,865,135,0.135,0.2208673513829708
782,891,109,0.109,0.21664600892178715
734,867,133,0.133,0.21659209263511003
674,837,163,0.163,0.2327440776284784
742,871,129,0.129,0.21821120299119504
694,847,153,0.153,0.2309707901654765
630,815,185,0.185,0.2507648827247322
716,858,142,0.142,0.2391994900032878
684,842,158,0.158,0.2770638531260192
732,866,134,0.134,0.2663396513238549
728,864,136,0.136,0.2605107909590006
688,844,156,0.156,0.2647951197884977
784,892,108,0.108,0.23378026248700917
734,867,133,0.133,0.24941817223280668
744,872,128,0.128,0.21138672779593617
698,849,151,0.151,0.2050680633354932
654,827,173,0.173,0.24468176293186844
760,880,120,0.12,0.2131164304842241
718,859,141,0.141,0.23356774862483143
734,867,133,0.133,0.2450731401592493
696,848,152,0.152,0.26514885998517274
716,858,142,0.142,0.2479904270581901
762,881,119,0.119,0.22722347417473793
682,841,159,0.159,0.232972719527781
728,864,136,0.136,0.22096860908158122
734,867,133,0.133,0.23973769913241266
712,856,144,0.144,0.2098552056401968
720,860,140,0.14,0.21724153908714652
714,857,143,0.143,0.2032909699101001
738,869,131,0.131,0.2269494283758104
726,863,137,0.137,0.2396568164434284
706,853,147,0.147,0.22489509960543363
776,888,112,0.112,0.2351680815825239
736,868,132,0.132,0.22406563282757996
746,873,127,0.127,0.19875893321540206
726,863,137,0.137,0.19109685998782516
708,854,146,0.146,0.20319125761091708
692,846,154,0.154,0.19841723554581403
756,878,122,0.122,0.21017562182620167
714,857,143,0.143,0.22378439864329994
720,860,140,0.14,0.21254234068468214
718,859,141,0.141,0.20944645086862146
772,886,114,0.114,0.21032648260518907
702,851,149,0.149,0.18956232879124582
774,887,113,0.113,0.20137053411267697
768,884,116,0.116,0.19480898240022362
746,873,127,0.127,0.16962447438261005
782,891,109,0.109,0.17402438533492387
700,850,150,0.15,0.18467083159461617
732,866,134,0.134,0.17682700463506626
748,874,126,0.126,0.19416700763255357
726,863,137,0.137,0.1969369493741542
694,847,153,0.153,0.21458090588822962
716,858,142,0.142,0.2060922086685896
712,856,144,0.144,0.2274203596431762
690,845,155,0.155,0.2301543683144264
764,882,118,0.118,0.21558617175370454
702,851,149,0.149,0.21171264498867096
690,845,155,0.155,0.2057806814648211
708,854,146,0.146,0.2030737478248775
732,866,134,0.134,0.21883444785512984
710,855,145,0.145,0.2253426515609026
672,836,164,0.164,0.22789503686875104
722,861,139,0.139,0.2230795634072274
716,858,142,0.142,0.2326229879334569
748,874,126,0.126,0.2224825513344258
688,844,156,0.156,0.22035696544498204
728,864,136,0.136,0.2179126617675647
798,899,101,0.101,0.22157917412510142
714,857,143,0.143,0.22764386789686977
680,840,160,0.16,0.22498096859827638
688,844,156,0.156,0.23303828064352275
740,870,130,0.13,0.23406874729320407
718,859,141,0.141,0.25690430621802807
674,837,163,0.163,0.2481194222252816
744,872,128,0.128,0.23193480326980354
736,868,132,0.132,0.22884524103626608
646,823,177,0.177,0.2450058326665312
728,864,136,0.136,0.2213391280323267
700,850,150,0.15,0.20332260223850607
768,884,116,0.116,0.19967057451419531
760,880,120,0.12,0.2006648409292102
788,894,106,0.106,0.19228236271627247
668,834,166,0.166,0.19974180372152478
692,846,154,0.154,0.19560260456986725
702,851,149,0.149,0.20864866324793546
700,850,150,0.15,0.2174593244055286
716,858,142,0.142,0.22761414241045713
746,873,127,0.127,0.22037355954386295
702,851,149,0.149,0.21311357452720403
778,889,111,0.111,0.17469484511576594
740,870,130,0.13,0.17826422502286732
682,841,159,0.159,0.1930109867984429
746,873,127,0.127,0.1859820318054408
718,859,141,0.141,0.18183050497807562
720,860,140,0.14,0.1871215032245964
738,869,131,0.131,0.19085445240698753
666,833,167,0.167,0.2001378415040672
722,861,139,0.139,0.19794891120120883
772,886,114,0.114,0.18263898883201182
746,873,127,0.127,0.17857519440166653
648,824,176,0.176,0.19291419035568833
724,862,138,0.138,0.18429372921958564
734,867,133,0.133,0.18914076102431865
714,857,143,0.143,0.18903173514269292
734,867,133,0.133,0.19076711834035814
712,856,144,0.144,0.19395931912306696
740,870,130,0.13,0.20446591404080391
728,864,136,0.136,0.2042421146593988
742,871,129,0.129,0.19654308964125813
764,882,118,0.118,0.17352228720812127
748,874,126,0.126,0.18516363852843643
744,872,128,0.128,0.17872096248343586
726,863,137,0.137,0.16264172052778303
730,865,135,0.135,0.19326613316312433
806,903,97,0.097,0.17204670166037977
678,839,161,0.161,0.18520213423203677
752,876,124,0.124,0.18879924601130188
720,860,140,0.14,0.18260556922480464
742,871,129,0.129,0.17480171044170856
728,864,136,0.136,0.19880034209042788
686,843,157,0.157,0.1827567746527493
752,876,124,0.124,0.1621788719492033
826,913,87,0.087,0.16907153080031276
652,826,174,0.174,0.1710800693128258
780,890,110,0.11,0.1706937804194167
780,890,110,0.11,0.1606518933195621
726,863,137,0.137,0.17061035385169088
740,870,130,0.13,0.1616501807793975
734,867,133,0.133,0.1704627827834338
740,870,130,0.13,0.15915267445333303
786,893,107,0.107,0.15590834168531
718,859,141,0.141,0.1704667119178921
710,855,145,0.145,0.15723628625553102
688,844,156,0.156,0.18807952410914003
744,872,128,0.128,0.18864173171855508
662,831,169,0.169,0.2021672639809549
670,835,165,0.165,0.19924788558389991
702,851,149,0.149,0.18970333560183644
724,862,138,0.138,0.18166306541487576
722,861,139,0.139,0.17786473577516154
714,857,143,0.143,0.17847880288679152
718,859,141,0.141,0.15840223459433764
712,856,144,0.144,0.1625459162229672
760,880,120,0.12,0.15599904117081315
742,871,129,0.129,0.16320644672587514
706,853,147,0.147,0.1901752169150859
680,840,160,0.16,0.1930550481006503
718,859,141,0.141,0.1795577466385439
732,866,134,0.134,0.1953759150840342
768,884,116,0.116,0.18881442830804734
746,873,127,0.127,0.18656291453819723
748,874,126,0.126,0.19452383272349835
732,866,134,0.134,0.19383725974708796
766,883,117,0.117,0.15477309408551082
702,851,149,0.149,0.16396825777739285
750,875,125,0.125,0.15913988767936826
734,867,133,0.133,0.15956856217235327
728,864,136,0.136,0.22473922523111106
720,860,140,0.14,0.22662269035726787
760,880,120,0.12,0.21158939673844726
716,858,142,0.142,0.2112463785521686
756,878,122,0.122,0.1749338892949745
750,875,125,0.125,0.1699715543333441
726,863,137,0.137,0.18866345566837117
718,859,141,0.141,0.1824566620546393
728,864,136,0.136,0.194854134041816
730,865,135,0.135,0.19514550170488656
652,826,174,0.174,0.19189449569769204
700,850,150,0.15,0.20496391809731723
714,857,143,0.143,0.20622793823480606
738,869,131,0.131,0.21829036388359963
716,858,142,0.142,0.23140470685437323
696,848,152,0.152,0.23172439125180244
734,867,133,0.133,0.18095999815827235
690,845,155,0.155,0.197477744018659
778,889,111,0.111,0.1694056108985096
690,845,155,0.155,0.1912392340954393
724,862,138,0.138,0.19980735652148723
782,891,109,0.109,0.19638847829494627
712,856,144,0.144,0.20975989075005055
736,868,132,0.132,0.20567400853894652
732,866,134,0.134,0.1762958283191547
732,866,134,0.134,0.16912778666988015
726,863,137,0.137,0.17054117093794047
750,875,125,0.125,0.16320000714389607
716,858,142,0.142,0.19666085537336767
710,855,145,0.145,0.2091427803579718
698,849,151,0.151,0.1998780586628709
718,859,141,0.141,0.199802210255526
710,855,145,0.145,0.22516434870660304
716,858,142,0.142,0.21700599839910864
782,891,109,0.109,0.21159174545202405
708,854,146,0.146,0.20847681540902704
696,848,152,0.152,0.19605747123248876
702,851,149,0.149,0.203072404012084
776,888,112,0.112,0.19583727431017905
782,891,109,0.109,0.19375383519288153
730,865,135,0.135,0.1952660716008395
728,864,136,0.136,0.19265600625798107
730,865,135,0.135,0.19386870033293963
756,878,122,0.122,0.19295987593755126
724,862,138,0.138,0.21054962231963872
748,874,126,0.126,0.2091781995240599
736,868,132,0.132,0.19305946288630366
696,848,152,0.152,0.2157533994987607
710,855,145,0.145,0.2268959593977779
706,853,147,0.147,0.22835749204456807
700,850,150,0.15,0.22548028269410134
702,851,149,0.149,0.2287486510388553
730,865,135,0.135,0.22663927382789553
688,844,156,0.156,0.228032587017864
690,845,155,0.155,0.23695597486570477
764,882,118,0.118,0.2129127840064466
732,866,134,0.134,0.1990326074147597
688,844,156,0.156,0.2027238032910973
732,866,134,0.134,0.2012261669691652
758,879,121,0.121,0.18962715422175824
668,834,166,0.166,0.2386854725498706
732,866,134,0.134,0.22862853860482574
684,842,158,0.158,0.2459791954085231
738,869,131,0.131,0.23151410199701786
744,872,128,0.128,0.2235145241841674
718,859,141,0.141,0.22321196722239256
680,840,160,0.16,0.22858645659126342
794,897,103,0.103,0.2275102582797408
736,868,132,0.132,0.20289556581899523
766,883,117,0.117,0.19936670779436827
732,866,134,0.134,0.2122797929123044
718,859,141,0.141,0.21045201945118605
716,858,142,0.142,0.25975200087949635
728,864,136,0.136,0.2515724573843181
762,881,119,0.119,0.26001196309551594
722,861,139,0.139,0.25492247031629084
706,853,147,0.147,0.23987746726721526
728,864,136,0.136,0.238561295427382
758,879,121,0.121,0.23012038911134006
738,869,131,0.131,0.22739709839224814
718,859,141,0.141,0.24931015771627427
714,857,143,0.143,0.2412382314801216
738,869,131,0.131,0.25328111854568125
744,872,128,0.128,0.2600389917418361
714,857,143,0.143,0.26604086434841157
754,877,123,0.123,0.2671639027707279
786,893,107,0.107,0.2472879326827824
718,859,141,0.141,0.24805791842192412
742,871,129,0.129,0.2333559382520616
706,853,147,0.147,0.23021810941025614
764,882,118,0.118,0.21044734656624495
748,874,126,0.126,0.21606785194203257
726,863,137,0.137,0.22217438424751162
718,859,141,0.141,0.22645889407023786
676,838,162,0.162,0.23077155423536896
738,869,131,0.131,0.22656815320253373
756,878,122,0.122,0.24836513678357006
696,848,152,0.152,0.2548489452637732
746,873,127,0.127,0.2325116563923657
762,881,119,0.119,0.2503573506325483
718,859,141,0.141,0.19921233628690244
762,881,119,0.119,0.1791655496265739
774,887,113,0.113,0.17827647862490267
770,885,115,0.115,0.18294620181247592
726,863,137,0.137,0.20306249766796827
726,863,137,0.137,0.2464382593370974
710,855,145,0.145,0.25054151787608864
740,870,130,0.13,0.243621868878603
732,866,134,0.134,0.27108484458178284
774,887,113,0.113,0.23924393890611828
744,872,128,0.128,0.2545307750031352
736,868,132,0.132,0.2535298365689814
722,861,139,0.139,0.19332166140154003
726,863,137,0.137,0.19730179181322455
730,865,135,0.135,0.19708461406454444
782,891,109,0.109,0.19068434243649243
766,883,117,0.117,0.23320395970344543
720,860,140,0.14,0.22902413757145404
718,859,141,0.141,0.23000967023149133
760,880,120,0.12,0.2302913554366678
750,875,125,0.125,0.23514863658696414
732,866,134,0.134,0.23801498372294008
714,857,143,0.143,0.24313921945169567
680,840,160,0.16,0.2278945373566821
714,857,143,0.143,0.2407485609622672
742,871,129,0.129,0.2520591307170689
720,860,140,0.14,0.24386492565646767
760,880,120,0.12,0.23821580692008137
736,868,132,0.132,0.24886022613197564
730,865,135,0.135,0.24254848592891357
758,879,121,0.121,0.2520448945723474
734,867,133,0.133,0.2492204359918833
686,843,157,0.157,0.23392474940046667
704,852,148,0.148,0.25854551477730275
756,878,122,0.122,0.2786995274797082
706,853,147,0.147,0.2531637158282101
684,842,158,0.158,0.2941199444569647
706,853,147,0.147,0.2887167276516557
680,840,160,0.16,0.28828233982622625
698,849,151,0.151,0.29243619975447654
736,868,132,0.132,0.26860836897045376
724,862,138,0.138,0.25402359214052556
666,833,167,0.167,0.26600137070566415
690,845,155,0.155,0.26445268861576915
744,872,128,0.128,0.2741555006727576
738,869,131,0.131,0.28516767389327285
678,839,161,0.161,0.2894374149292707
698,849,151,0.151,0.2989465285986662
756,878,122,0.122,0.2745441407337785
686,843,157,0.157,0.245310991730541
696,848,152,0.152,0.2651458402462304
690,845,155,0.155,0.26866919788345694
680,840,160,0.16,0.26544026996940373
686,843,157,0.157,0.2761876534931362
754,877,123,0.123,0.26655973656475546
690,845,155,0.155,0.2845357037559152
712,856,144,0.144,0.2649031354524195
730,865,135,0.135,0.267573542624712
708,854,146,0.146,0.28145318265259267
664,832,168,0.168,0.28801602496579287
696,848,152,0.152,0.27609616399928927
696,848,152,0.152,0.2567771566621959
690,845,155,0.155,0.2687169162631035
732,866,134,0.134,0.2652812702842057
682,841,159,0.159,0.2782697203196585
702,851,149,0.149,0.26185927511006596
750,875,125,0.125,0.2565567171908915
692,846,154,0.154,0.2705595007538795
792,896,104,0.104,0.2326083478704095
712,856,144,0.144,0.22497433365136385
712,856,144,0.144,0.22683512437902392
730,865,135,0.135,0.22656511090695858
720,860,140,0.14,0.2237632639668882
720,860,140,0.14,0.22567507963627575
752,876,124,0.124,0.23127635364979507
730,865,135,0.135,0.23885270486399532
692,846,154,0.154,0.2301130717471242
726,863,137,0.137,0.22253007002547384
772,886,114,0.114,0.21328247446753085
748,874,126,0.126,0.21338182519376278
674,837,163,0.163,0.21246329743787645
746,873,127,0.127,0.20124737497232853
756,878,122,0.122,0.2001648624781519
714,857,143,0.143,0.2047272868975997
726,863,137,0.137,0.2212387818377465
730,865,135,0.135,0.22536334240436554
740,870,130,0.13,0.22599649949744344
750,875,125,0.125,0.2143519767485559
720,860,140,0.14,0.21557386664301156
746,873,127,0.127,0.21847462254948913
732,866,134,0.134,0.21936785341612994
722,861,139,0.139,0.21490987614542245
776,888,112,0.112,0.2230675436053425
704,852,148,0.148,0.23264529467001557
712,856,144,0.144,0.2270729014351964
694,847,153,0.153,0.23742258153483273
682,841,159,0.159,0.23482511141896248
724,862,138,0.138,0.24141851064935327
742,871,129,0.129,0.22862365328148007
724,862,138,0.138,0.242117666981183
672,836,164,0.164,0.23667664944380523
700,850,150,0.15,0.23884119552746416
750,875,125,0.125,0.23070135445147752
664,832,168,0.168,0.25212652136571706
708,854,146,0.146,0.25963555357232687
740,870,130,0.13,0.2397895751968026
710,855,145,0.145,0.24369436824321747
732,866,134,0.134,0.23909719540551305
714,857,143,0.143,0.24696167185902596
726,863,137,0.137,0.24014482133463025
726,863,137,0.137,0.23195846597105266
738,869,131,0.131,0.24366558117233217
686,843,157,0.157,0.25192901873961093
716,858,142,0.142,0.2612173563912511
726,863,137,0.137,0.2593901397995651
740,870,130,0.13,0.26819560876116155
686,843,157,0.157,0.2581193238683045
700,850,150,0.15,0.2674345395117998
722,861,139,0.139,0.26770401576906444
704,852,148,0.148,0.26278628335893156
716,858,142,0.142,0.2523859737478197
700,850,150,0.15,0.2473652305752039
714,857,143,0.143,0.24211760906502605
706,853,147,0.147,0.2641462990269065
798,899,101,0.101,0.2374405420906842
732,866,134,0.134,0.22798875766526908
730,865,135,0.135,0.2225984153673053
716,858,142,0.142,0.22510790506005288
754,877,123,0.123,0.21307754423469305
716,858,142,0.142,0.2035834843115881
724,862,138,0.138,0.21730214354768396
700,850,150,0.15,0.23408204341121017
670,835,165,0.165,0.2663363335467875
716,858,142,0.142,0.2523357349932194
768,884,116,0.116,0.2605230920352042
714,857,143,0.143,0.26896984443441035
732,866,134,0.134,0.23542540531978012
780,890,110,0.11,0.23401462195813655
710,855,145,0.145,0.21872373669967055
758,879,121,0.121,0.22523496229946613
736,868,132,0.132,0.22902955720201135
760,880,120,0.12,0.2313836971670389
734,867,133,0.133,0.2529122946076095
732,866,134,0.134,0.2437744675129652
730,865,135,0.135,0.24894260003045202
710,855,145,0.145,0.243765719614923
710,855,145,0.145,0.23184075233340262
718,859,141,0.141,0.23717329726740718
740,870,130,0.13,0.2384447765573859
756,878,122,0.122,0.23434543960541487
776,888,112,0.112,0.23226993976160884
720,860,140,0.14,0.22653981560096145
710,855,145,0.145,0.23704133817739784
750,875,125,0.125,0.23752217983081936
686,843,157,0.157,0.26022113268822433
678,839,161,0.161,0.2558247907720506
734,867,133,0.133,0.2593986348807812
748,874,126,0.126,0.2687055794596672
706,853,147,0.147,0.2585041838847101
708,854,146,0.146,0.26027049363404514
720,860,140,0.14,0.25406945087760685
738,869,131,0.131,0.2346261017359793
704,852,148,0.148,0.2514533699452877
692,846,154,0.154,0.24824345694854855
760,880,120,0.12,0.26460849088057875
704,852,148,0.148,0.27387210642546417
766,883,117,0.117,0.2667134246379137
646,823,177,0.177,0.2839214489273727
776,888,112,0.112,0.263655439324677
724,862,138,0.138,0.27737240713089706
716,858,142,0.142,0.2641473789066076
680,840,160,0.16,0.2734277288988233
728,864,136,0.136,0.2532879728749394
752,876,124,0.124,0.2571513826325536
718,859,141,0.141,0.2648261979036033
712,856,144,0.144,0.2718326707184315
754,877,123,0.123,0.2954751653075218
692,846,154,0.154,0.28232104635983707
764,882,118,0.118,0.2811333732306957
724,862,138,0.138,0.28858195298165085
762,881,119,0.119,0.2406853782348335
694,847,153,0.153,0.25314722084626556
728,864,136,0.136,0.24826062670350074
720,860,140,0.14,0.24862971532344819
756,878,122,0.122,0.26419559561274947
766,883,117,0.117,0.26451510229706765
702,851,149,0.149,0.2745049637295306
718,859,141,0.141,0.2669956278130412
728,864,136,0.136,0.2519154920168221
742,871,129,0.129,0.24987648990005254
692,846,154,0.154,0.26117036053165793
782,891,109,0.109,0.24264195007830858
696,848,152,0.152,0.2546586434729397
746,873,127,0.127,0.24645995711162685
732,866,134,0.134,0.25522071570530536
710,855,145,0.145,0.2601527412235737
706,853,147,0.147,0.2880161521360278
704,852,148,0.148,0.2705196924768388
690,845,155,0.155,0.27797360804677007
752,876,124,0.124,0.277091240093112
746,873,127,0.127,0.24742013989388942
744,872,128,0.128,0.23935890992358327
702,851,149,0.149,0.24701754745468496
666,833,167,0.167,0.23591516290977596
756,878,122,0.122,0.21957101763784886
744,872,128,0.128,0.22788214012607932
718,859,141,0.141,0.23846689871698618
718,859,141,0.141,0.24668136356584727
734,867,133,0.133,0.2142481471337378
800,900,100,0.1,0.20477974556759
756,878,122,0.122,0.19213995164632797
702,851,149,0.149,0.20395185769349336
764,882,118,0.118,0.19124678482115268
732,866,134,0.134,0.1949378961608745
724,862,138,0.138,0.1941231133081019
796,898,102,0.102,0.1960817072018981
790,895,105,0.105,0.1891841916255653
702,851,149,0.149,0.20505760806053877
730,865,135,0.135,0.20505433868616818
664,832,168,0.168,0.2149348405711353
722,861,139,0.139,0.2285788646377623
720,860,140,0.14,0.23022635954618453
714,857,143,0.143,0.2310623506065458
688,844,156,0.156,0.2303654536344111
724,862,138,0.138,0.19771456161886453
724,862,138,0.138,0.2117333073746413
690,845,155,0.155,0.19744434202834965
688,844,156,0.156,0.20153027109988034
732,866,134,0.134,0.2143923484897241
744,872,128,0.128,0.21797390238940717
710,855,145,0.145,0.22146338885650038
740,870,130,0.13,0.21505667224153877
756,878,122,0.122,0.1859244078360498
712,856,144,0.144,0.192477521751076
712,856,144,0.144,0.19180486326664686
754,877,123,0.123,0.18191773022711277
692,846,154,0.154,0.19873377557098865
714,857,143,0.143,0.19670031357184053
676,838,162,0.162,0.21030527515895664
756,878,122,0.122,0.19598979404196143
778,889,111,0.111,0.19316724990680814
764,882,118,0.118,0.19207657128572464
752,876,124,0.124,0.18241144901700318
730,865,135,0.135,0.1883640259243548
770,885,115,0.115,0.1831649953816086
718,859,141,0.141,0.19680287773907185
718,859,141,0.141,0.20549412581324578
716,858,142,0.142,0.21187240152433515
704,852,148,0.148,0.2124651334397495
694,847,153,0.153,0.2202068424373865
698,849,151,0.151,0.2210136411190033
754,877,123,0.123,0.20876418284140527
794,897,103,0.103,0.19562640539556742
720,860,140,0.14,0.21163665407150983
648,824,176,0.176,0.20430734940618275
690,845,155,0.155,0.20249622052907942
676,838,162,0.162,0.2360028055086732
684,842,158,0.158,0.24199872582033277
684,842,158,0.158,0.25216202760860323
730,865,135,0.135,0.23600170862302183
698,849,151,0.151,0.241036505529657
716,858,142,0.142,0.22007380947843194
746,873,127,0.127,0.1950974229183048
794,897,103,0.103,0.18391698067821563
734,867,133,0.133,0.19070248695649206
714,857,143,0.143,0.1970306099615991
754,877,123,0.123,0.20856857189536096
746,873,127,0.127,0.22789815897867083
692,846,154,0.154,0.24019549955800176
718,859,141,0.141,0.24215158366411924
782,891,109,0.109,0.21570353822037577
684,842,158,0.158,0.22063977203145624
730,865,135,0.135,0.22097218503803015
690,845,155,0.155,0.22356348276883364
742,871,129,0.129,0.2263413838222623
716,858,142,0.142,0.22813256659731268
748,874,126,0.126,0.22849152567982672
712,856,144,0.144,0.23915270086750387
650,825,175,0.175,0.24411097798123957
728,864,136,0.136,0.23511603346280754
688,844,156,0.156,0.24634100291132927
680,840,160,0.16,0.24865730131417513
734,867,133,0.133,0.24575083165615796
746,873,127,0.127,0.231179480696097
764,882,118,0.118,0.2192395862862468
748,874,126,0.126,0.21803704446926714
756,878,122,0.122,0.20139208847284318
720,860,140,0.14,0.20759875701367855
724,862,138,0.138,0.2118052926119417
754,877,123,0.123,0.21886402929760515
682,841,159,0.159,0.23845024180412291
770,885,115,0.115,0.24226786664128303
696,848,152,0.152,0.24988962529599668
726,863,137,0.137,0.24308217891305686
756,878,122,0.122,0.23222825176268816
734,867,133,0.133,0.21887536295875906
722,861,139,0.139,0.22133617366477848
770,885,115,0.115,0.209899856235832
718,859,141,0.141,0.20903859230875968
732,866,134,0.134,0.2200774310529232
704,852,148,0.148,0.24556787313520909
696,848,152,0.152,0.25009961998835206
706,853,147,0.147,0.2874721268489957
742,871,129,0.129,0.2906772240102291
742,871,129,0.129,0.2886137854903936
682,841,159,0.159,0.28309582237154246
730,865,135,0.135,0.23671676407940687
744,872,128,0.128,0.2291702279318124
708,854,146,0.146,0.21513295153714718
690,845,155,0.155,0.2290775373633951
706,853,147,0.147,0.24361192401871085
726,863,137,0.137,0.26154298186302183
720,860,140,0.14,0.2662480882741511
728,864,136,0.136,0.2740073690097779
616,808,192,0.192,0.2686020136922598
756,878,122,0.122,0.24812977338582276
708,854,146,0.146,0.23467113795131445
768,884,116,0.116,0.2279862461872399
720,860,140,0.14,0.24352467431128025
710,855,145,0.145,0.24684585009515286
676,838,162,0.162,0.2564936599433422
714,857,143,0.143,0.2545514968186617
718,859,141,0.141,0.257704783372581
716,858,142,0.142,0.252761729978025
754,877,123,0.123,0.24112005919218063
782,891,109,0.109,0.23350477943010628
662,831,169,0.169,0.2157534386496991
772,886,114,0.114,0.19592097688093782
696,848,152,0.152,0.21042041352577506
744,872,128,0.128,0.20444157263450324
676,838,162,0.162,0.24806580752506852
710,855,145,0.145,0.25493328184634445
674,837,163,0.163,0.2693729000836611
718,859,141,0.141,0.2713165550045669
694,847,153,0.153,0.26382040762901304
718,859,141,0.141,0.25285774970240893
700,850,150,0.15,0.24348472797125578
706,853,147,0.147,0.2340998725183308
676,838,162,0.162,0.2331575806736946
726,863,137,0.137,0.23080535162985324
770,885,115,0.115,0.22812854482606054
694,847,153,0.153,0.24786604368686677
686,843,157,0.157,0.2503193056695163
688,844,156,0.156,0.24842021894082428
686,843,157,0.157,0.2524030103161931
778,889,111,0.111,0.23679966033622624
764,882,118,0.118,0.22198959109000863
776,888,112,0.112,0.21972622088715435
676,838,162,0.162,0.22879512429609894
786,893,107,0.107,0.21343987511470913
746,873,127,0.127,0.23199167231097817
750,875,125,0.125,0.23000501589849592
764,882,118,0.118,0.23331367741525172
740,870,130,0.13,0.22598381542786955
734,867,133,0.133,0.22826546462625266
718,859,141,0.141,0.22661564065888523
730,865,135,0.135,0.2335369048602879
722,861,139,0.139,0.23929980180040003
724,862,138,0.138,0.24927400472015143
690,845,155,0.155,0.25417050889879467
762,881,119,0.119,0.25491091356426476
742,871,129,0.129,0.25282989265397193
674,837,163,0.163,0.255506967023015
728,864,136,0.136,0.24883814961463213
760,880,120,0.12,0.23715754000097514
732,866,134,0.134,0.23695586191862822
764,882,118,0.118,0.23092399236932398
726,863,137,0.137,0.24160246236622335
714,857,143,0.143,0.2534793587438762
718,859,141,0.141,0.2555267418548465
682,841,159,0.159,0.26649938260018824
748,874,126,0.126,0.2584664746336639
752,876,124,0.124,0.2566272749826312
722,861,139,0.139,0.26015067019313576
690,845,155,0.155,0.25180181762948634
760,880,120,0.12,0.24930418909341096
696,848,152,0.152,0.2660418120324612
734,867,133,0.133,0.269089808665216
638,819,181,0.181,0.28438285598903895
772,886,114,0.114,0.27949500089883805
694,847,153,0.153,0.32326390603929755
662,831,169,0.169,0.30719465589895845
750,875,125,0.125,0.3145413929447532
702,851,149,0.149,0.31400052574276927
720,860,140,0.14,0.2689258072450757
748,874,126,0.126,0.2724708075001836
716,858,142,0.142,0.26247205163538456
660,830,170,0.17,0.2696529571264982
766,883,117,0.117,0.28222269320487975
698,849,151,0.151,0.2987884172126651
688,844,156,0.156,0.3008642349168658
708,854,146,0.146,0.30146596650779245
780,890,110,0.11,0.2638593435436487
706,853,147,0.147,0.2761641165353358
732,866,134,0.134,0.2627452396452427
686,843,157,0.157,0.2693208983652294
618,809,191,0.191,0.29282683466747406
662,831,169,0.169,0.29192081724107266
698,849,151,0.151,0.3248754244595766
718,859,141,0.141,0.31553215269744395
682,841,159,0.159,0.33930836290866134
732,866,134,0.134,0.32341557063907383
692,846,154,0.154,0.308059031881392
680,840,160,0.16,0.2844456680342555
690,845,155,0.155,0.2607872675023973
706,853,147,0.147,0.2623760988526046
664,832,168,0.168,0.2602596526965499
780,890,110,0.11,0.26088932804390785
720,860,140,0.14,0.2882250689044595
718,859,141,0.141,0.28002991104871033
690,845,155,0.155,0.2776004068106413
700,850,150,0.15,0.27685718388482927
746,873,127,0.127,0.26022334326431157
796,898,102,0.102,0.2505242481008172
694,847,153,0.153,0.2549264207463712
710,855,145,0.145,0.25331364465877415
746,873,127,0.127,0.24148050822317602
762,881,119,0.119,0.23583145095407962
750,875,125,0.125,0.24133825283497573
674,837,163,0.163,0.25969669468700884
722,861,139,0.139,0.2702598070502281
718,859,141,0.141,0.2568376985266805
736,868,132,0.132,0.2652958093583584
734,867,133,0.133,0.2627849174514413
692,846,154,0.154,0.2511421074643731
778,889,111,0.111,0.23155565462261438
704,852,148,0.148,0.23433294020965695
792,896,104,0.104,0.22440454694628714
734,867,133,0.133,0.22669366163760424
722,861,139,0.139,0.2285498572383076
684,842,158,0.158,0.23927802729792894
710,855,145,0.145,0.2328845251724124
688,844,156,0.156,0.2490283265784383
704,852,148,0.148,0.26375222914665936
694,847,153,0.153,0.2674492159932852
696,848,152,0.152,0.27005401626974346
704,852,148,0.148,0.2593940684646368
724,862,138,0.138,0.23521838941797615
710,855,145,0.145,0.21720350960083307
716,858,142,0.142,0.2210267349332571
742,871,129,0.129,0.20688589335419239
706,853,147,0.147,0.19853394381701947
710,855,145,0.145,0.20957795081660152
724,862,138,0.138,0.20712942784652114
714,857,143,0.143,0.227790978576988
708,854,146,0.146,0.2388626410216093
704,852,148,0.148,0.2382581068649888
734,867,133,0.133,0.23493426290526986
742,871,129,0.129,0.2340940910167992
660,830,170,0.17,0.2556912208124995
748,874,126,0.126,0.2405482322536409
676,838,162,0.162,0.24725446583330632
698,849,151,0.151,0.2572323418818414
716,858,142,0.142,0.24774021251127123
694,847,153,0.153,0.24880664595589042
710,855,145,0.145,0.24014856109395624
672,836,164,0.164,0.24348124324902892
730,865,135,0.135,0.24393104163557291
736,868,132,0.132,0.24090260208770634
720,860,140,0.14,0.24517593051493167
700,850,150,0.15,0.2571757257990539
728,864,136,0.136,0.24469690795615315
730,865,135,0.135,0.24112889289855957
760,880,120,0.12,0.22743319481238722
742,871,129,0.129,0.2225456390157342
718,859,141,0.141,0.2207657489068806
666,833,167,0.167,0.22422093103453516
726,863,137,0.137,0.2216305435858667
774,887,113,0.113,0.22814779379591346
718,859,141,0.141,0.24041404437273742
726,863,137,0.137,0.24506996695697308
702,851,149,0.149,0.23751027397438884
764,882,118,0.118,0.20108370853215457
726,863,137,0.137,0.19765679982304574
754,877,123,0.123,0.18582332498207688
746,873,127,0.127,0.18621834554523228
770,885,115,0.115,0.20134735353291033
748,874,126,0.126,0.21301763994246722
726,863,137,0.137,0.21754649687744676
712,856,144,0.144,0.216569262413308
760,880,120,0.12,0.21595312458649277
704,852,148,0.148,0.21767396065033973
672,836,164,0.164,0.2239961087629199
672,836,164,0.164,0.23278779067099095
668,834,166,0.166,0.23513500885665417
686,843,157,0.157,0.22594447444751858
680,840,160,0.16,0.22672634132392705
720,860,140,0.14,0.22509904980659484
762,881,119,0.119,0.20206531680747866
702,851,149,0.149,0.20465256129577755
748,874,126,0.126,0.19884450571984053
770,885,115,0.115,0.19506265597604217
748,874,126,0.126,0.19417730836570263
740,870,130,0.13,0.20048208848573268
772,886,114,0.114,0.19600063489750028
754,877,123,0.123,0.1971754319630563
732,866,134,0.134,0.19105925719812514
756,878,122,0.122,0.18277478800341487
718,859,141,0.141,0.19070275409147144
736,868,132,0.132,0.188590211302042
718,859,141,0.141,0.22054146251454948
726,863,137,0.137,0.2449893528483808
748,874,126,0.126,0.24225109600648284
710,855,145,0.145,0.2426073337048292
764,882,118,0.118,0.2157862083092332
726,863,137,0.137,0.20128875078633426
762,881,119,0.119,0.19051199386268855
700,850,150,0.15,0.18916799229755998
684,842,158,0.158,0.20220890044420958
722,861,139,0.139,0.21542823535576464
718,859,141,0.141,0.21735565758496522
768,884,116,0.116,0.2258542011976242
700,850,150,0.15,0.2388539642430842
692,846,154,0.154,0.24164193568378686
748,874,126,0.126,0.22152406564727425
700,850,150,0.15,0.2332558555789292
728,864,136,0.136,0.2142660132236779
724,862,138,0.138,0.21221911122556775
736,868,132,0.132,0.1983912054877728
744,872,128,0.128,0.2015560857616365
720,860,140,0.14,0.20915895738825202
726,863,137,0.137,0.21214428516104816
754,877,123,0.123,0.2082395216654986
686,843,157,0.157,0.22894574612751603
716,858,142,0.142,0.21013510713540018
726,863,137,0.137,0.21600045822188257
680,840,160,0.16,0.21001131157577038
756,878,122,0.122,0.20029361976869403
778,889,111,0.111,0.19899578841403126
696,848,152,0.152,0.19902265521883963
730,865,135,0.135,0.19628911685198547
754,877,123,0.123,0.19271871890872716
698,849,151,0.151,0.1976566712036729
730,865,135,0.135,0.19905588669888674
748,874,126,0.126,0.1987139421775937
730,865,135,0.135,0.2073335154801607
706,853,147,0.147,0.2078277443945408
728,864,136,0.136,0.20061966697499156
754,877,123,0.123,0.1977928511817008
716,858,142,0.142,0.201981167845428
726,863,137,0.137,0.19371225191652774
714,857,143,0.143,0.20607473820075392
724,862,138,0.138,0.20019940424337984
740,870,130,0.13,0.20794058970734478
700,850,150,0.15,0.21332902140915394
790,895,105,0.105,0.18974929939955473
692,846,154,0.154,0.2069993297867477
668,834,166,0.166,0.21117390309646725
814,907,93,0.093,0.19801306506618857
690,845,155,0.155,0.20486365734040737
748,874,126,0.126,0.2067093495167792
716,858,142,0.142,0.20888206746056676
752,876,124,0.124,0.19247203990630807
754,877,123,0.123,0.18954597997479142
750,875,125,0.125,0.19391416011750698
698,849,151,0.151,0.19917744075506927
720,860,140,0.14,0.19772107023186983
710,855,145,0.145,0.22291437383368612
702,851,149,0.149,0.21593800138682126
690,845,155,0.155,0.21984588894248008
756,878,122,0.122,0.20402350080013276
742,871,129,0.129,0.1925862540267408
700,850,150,0.15,0.19716288504377008
708,854,146,0.146,0.19896502589806914
682,841,159,0.159,0.1952629247121513
766,883,117,0.117,0.189201564963907
706,853,147,0.147,0.19561122949048876
686,843,157,0.157,0.20506933366134764
716,858,142,0.142,0.22075008169934154
720,860,140,0.14,0.23195058128982782
708,854,146,0.146,0.2252823155708611
684,842,158,0.158,0.22595144057273864
690,845,155,0.155,0.20628650403395296
696,848,152,0.152,0.19237762229330838
724,862,138,0.138,0.19489118560403584
742,871,129,0.129,0.19178756971284747
704,852,148,0.148,0.20180636674538255
776,888,112,0.112,0.2048783397115767
704,852,148,0.148,0.2061730136424303
686,843,157,0.157,0.21322580657154322
742,871,129,0.129,0.18589237014763058
732,866,134,0.134,0.18425022605992852
760,880,120,0.12,0.1826509361807257
742,871,129,0.129,0.1831387484036386
776,888,112,0.112,0.18070212665945293
720,860,140,0.14,0.20793142367899417
720,860,140,0.14,0.2082923679165542
734,867,133,0.133,0.21300234838202595
750,875,125,0.125,0.21732193014025689
630,815,185,0.185,0.23183517683297394
694,847,153,0.153,0.22339815032482147
680,840,160,0.16,0.22410928054712712
754,877,123,0.123,0.2304259193316102
764,882,118,0.118,0.22793413464352488
712,856,144,0.144,0.23546034041419625
726,863,137,0.137,0.23443290316313506
766,883,117,0.117,0.20335485680401325
712,856,144,0.144,0.20121791227534414
818,909,91,0.091,0.1802028698232025
736,868,132,0.132,0.19537080466002227
688,844,156,0.156,0.23675548956170678
732,866,134,0.134,0.280364448428154
672,836,164,0.164,0.29362666548788546
742,871,129,0.129,0.2814284086897969
766,883,117,0.117,0.2578811647593975
716,858,142,0.142,0.21263351948559284
746,873,127,0.127,0.2022539261393249
698,849,151,0.151,0.20746171240508557
766,883,117,0.117,0.20578508841991425
718,859,141,0.141,0.2643171842172742
780,890,110,0.11,0.25731951744109394
732,866,134,0.134,0.2546091159284115
718,859,141,0.141,0.2655849315151572
714,857,143,0.143,0.2449986906275153
704,852,148,0.148,0.2540656049139798
706,853,147,0.147,0.25216101679950953
734,867,133,0.133,0.24733710873126985
728,864,136,0.136,0.2475161501429975
714,857,143,0.143,0.24654772792756557
718,859,141,0.141,0.25200842846930027
758,879,121,0.121,0.2273495723158121
714,857,143,0.143,0.22723605046048762
744,872,128,0.128,0.2226428954899311
686,843,157,0.157,0.22910737485438584
708,854,146,0.146,0.23327166641503572
692,846,154,0.154,0.2541658072769642
682,841,159,0.159,0.2581829546019435
690,845,155,0.155,0.2553051775842905
740,870,130,0.13,0.2499372697547078
706,853,147,0.147,0.23696948049217462
712,856,144,0.144,0.2321233473420143
694,847,153,0.153,0.2386470323652029
730,865,135,0.135,0.23045602795481682
702,851,149,0.149,0.23400409008190035
700,850,150,0.15,0.23000302623957394
718,859,141,0.141,0.2374197750017047
676,838,162,0.162,0.23573110202699898
772,886,114,0.114,0.21894848433323205
738,869,131,0.131,0.21865870844945312
720,860,140,0.14,0.23242808524891734
646,823,177,0.177,0.2329392374381423
708,854,146,0.146,0.24596768920123577
684,842,158,0.158,0.2519894994497299
708,854,146,0.146,0.25133715830743314
722,861,139,0.139,0.25576817474514246
732,866,134,0.134,0.22832677236571908
756,878,122,0.122,0.2258637824766338
700,850,150,0.15,0.2286125845350325
738,869,131,0.131,0.21363479839265345
752,876,124,0.124,0.23308553026616574
730,865,135,0.135,0.23540397954732178
732,866,134,0.134,0.24086188745498657
754,877,123,0.123,0.24436094582825899
698,849,151,0.151,0.22653814230300487
706,853,147,0.147,0.2273290407769382
738,869,131,0.131,0.22385457206889986
782,891,109,0.109,0.21996514865756034
712,856,144,0.144,0.22448447020351886
702,851,149,0.149,0.2267884371317923
772,886,114,0.114,0.21489808490127324
688,844,156,0.156,0.23002933286875488
706,853,147,0.147,0.22972481857985258
718,859,141,0.141,0.2274104142524302
738,869,131,0.131,0.23200883438438177
680,840,160,0.16,0.24236610417813062
710,855,145,0.145,0.24856987899914385
730,865,135,0.135,0.25264225170761345
636,818,182,0.182,0.25769856649264694
758,879,121,0.121,0.23692721125110983
662,831,169,0.169,0.23426666750758887
716,858,142,0.142,0.2320296813286841
690,845,155,0.155,0.23686413329839706
722,861,139,0.139,0.23769364443793892
720,860,140,0.14,0.247552568256855
728,864,136,0.136,0.24494060809910298
748,874,126,0.126,0.23890510196238757
766,883,117,0.117,0.22470103823766113
714,857,143,0.143,0.20399338045902551
768,884,116,0.116,0.2007790919318795
706,853,147,0.147,0.20557923869788647
710,855,145,0.145,0.22333040630444884
718,859,141,0.141,0.23839679022878407
752,876,124,0.124,0.23763101040571927
710,855,145,0.145,0.2491616206020117
758,879,121,0.121,0.2340296553261578
744,872,128,0.128,0.21443489586934447
770,885,115,0.115,0.2162632232569158
728,864,136,0.136,0.21597602451220155
710,855,145,0.145,0.23206591801717877
756,878,122,0.122,0.25818563970178365
758,879,121,0.121,0.25957571890950204
694,847,153,0.153,0.2716585610955954
758,879,121,0.121,0.25576980677992106
724,862,138,0.138,0.23350113220512866
736,868,132,0.132,0.23066946157068013
740,870,130,0.13,0.224360279686749
696,848,152,0.152,0.23508502236381174
696,848,152,0.152,0.2735339600071311
686,843,157,0.157,0.28009803204238415
712,856,144,0.144,0.2989847547188401
666,833,167,0.167,0.31703723648935556
756,878,122,0.122,0.2946979295760393
712,856,144,0.144,0.29154964636266234
746,873,127,0.127,0.2760571790933609
706,853,147,0.147,0.2603907510563731
690,845,155,0.155,0.2615977926328778
738,869,131,0.131,0.2649725596494973
704,852,148,0.148,0.27329460364580155
756,878,122,0.122,0.27056725197657944
720,860,140,0.14,0.27957908052951097
686,843,157,0.157,0.27592565352469683
682,841,159,0.159,0.2765730902608484
684,842,158,0.158,0.27322088710963727
722,861,139,0.139,0.2585644243694842
782,891,109,0.109,0.23506364623084663
748,874,126,0.126,0.2274544691517949
688,844,156,0.156,0.2360840928517282
790,895,105,0.105,0.2250330829322338
704,852,148,0.148,0.23364297980442644
754,877,123,0.123,0.23375002413988114
698,849,151,0.151,0.24200467240065338
706,853,147,0.147,0.2548525849059224
680,840,160,0.16,0.2625138071402907
678,839,161,0.161,0.25454445216804744
716,858,142,0.142,0.2618272555992007
740,870,130,0.13,0.24805346835032105
744,872,128,0.128,0.24161288650333881
674,837,163,0.163,0.2444153983220458
686,843,157,0.157,0.23926055200770496
742,871,129,0.129,0.2166542685329914
702,851,149,0.149,0.21961310053616762
720,860,140,0.14,0.22214669527113437
670,835,165,0.165,0.2218557563647628
674,837,163,0.163,0.2633141541928053
682,841,159,0.159,0.2771653541699052
720,860,140,0.14,0.2855422767698765
728,864,136,0.136,0.297684719376266
738,869,131,0.131,0.26232853168994186
702,851,149,0.149,0.2551880147606134
704,852,148,0.148,0.22209081396088004
748,874,126,0.126,0.2065968826301396
738,869,131,0.131,0.19384377133101224
720,860,140,0.14,0.20179942749813198
696,848,152,0.152,0.22121145069226622
730,865,135,0.135,0.2199590656980872
712,856,144,0.144,0.24686191163212062
704,852,148,0.148,0.2526746437251568
748,874,126,0.126,0.23320870487764478
704,852,148,0.148,0.23010903831571342
716,858,142,0.142,0.20195057844370604
706,853,147,0.147,0.20205785016715527
742,871,129,0.129,0.20315357014909385
734,867,133,0.133,0.20034967575222254
724,862,138,0.138,0.21883799888193609
718,859,141,0.141,0.21602638056874277
742,871,129,0.129,0.2083470923937857
736,868,132,0.132,0.21110869210213423
696,848,152,0.152,0.18726325975731015
734,867,133,0.133,0.18070010044239462
708,854,146,0.146,0.1882831627242267
772,886,114,0.114,0.18220365051645784
674,837,163,0.163,0.22283689745515584
740,870,130,0.13,0.2162048138976097
710,855,145,0.145,0.22667323840782047
718,859,141,0.141,0.22360022924095393
726,863,137,0.137,0.19407116198167204
728,864,136,0.136,0.18583043177053332
728,864,136,0.136,0.18353341987729072
752,876,124,0.124,0.17877324712835252
662,831,169,0.169,0.2134661324545741
712,856,144,0.144,0.20894171901792288
722,861,139,0.139,0.2096972170956433
718,859,141,0.141,0.2096336626559496
740,870,130,0.13,0.19601572513207793
718,859,141,0.141,0.1925388383306563
704,852,148,0.148,0.18570567392930387
704,852,148,0.148,0.1868430366832763
696,848,152,0.152,0.18736349983140826
756,878,122,0.122,0.1784536862783134
656,828,172,0.172,0.19973616500385105
720,860,140,0.14,0.2037437031492591
680,840,160,0.16,0.2072088051252067
718,859,141,0.141,0.20155795781314373
760,880,120,0.12,0.1906736561320722
756,878,122,0.122,0.1771820637471974
688,844,156,0.156,0.17160162449441851
724,862,138,0.138,0.16971383605152368
708,854,146,0.146,0.18794324677810073
714,857,143,0.143,0.19689677659794688
752,876,124,0.124,0.20728483302518724
766,883,117,0.117,0.19865952065214515
730,865,135,0.135,0.19035542365536093
678,839,161,0.161,0.18648214541003108
766,883,117,0.117,0.16154337695799767
734,867,133,0.133,0.16619528480991722
766,883,117,0.117,0.16649641497433185
718,859,141,0.141,0.17609603071026503
726,863,137,0.137,0.18587976706400514
762,881,119,0.119,0.18022679887712
768,884,116,0.116,0.17914514519274236
756,878,122,0.122,0.18000554139167071
738,869,131,0.131,0.17991914372332393
752,876,124,0.124,0.1799263545125723
722,861,139,0.139,0.1882778554689139
730,865,135,0.135,0.18831652740761637
728,864,136,0.136,0.18256246226280928
714,857,143,0.143,0.17748757137730717
772,886,114,0.114,0.17010217808559536
726,863,137,0.137,0.17333995135501026
744,872,128,0.128,0.19347309953719377
714,857,143,0.143,0.19227703193947673
684,842,158,0.158,0.2098536178506911
670,835,165,0.165,0.2154572333432734
708,854,146,0.146,0.2213919170871377
700,850,150,0.15,0.21481375282630324
706,853,147,0.147,0.21035207483917476
718,859,141,0.141,0.19917231434956192
764,882,118,0.118,0.1772364738783799
720,860,140,0.14,0.1730104046948254
690,845,155,0.155,0.1785266060233116
756,878,122,0.122,0.17711033863946796
724,862,138,0.138,0.1726095776706934
728,864,136,0.136,0.18014307234436275
740,870,130,0.13,0.17924870289117098
684,842,158,0.158,0.1917559519968927
694,847,153,0.153,0.21240023762732743
692,846,154,0.154,0.21363042833656073
772,886,114,0.114,0.21451286816596984
728,864,136,0.136,0.20543912606686354
710,855,145,0.145,0.1979515060596168
720,860,140,0.14,0.19053366169333458
724,862,138,0.138,0.18781910943798721
692,846,154,0.154,0.20405417481437327
736,868,132,0.132,0.20447318925708532
678,839,161,0.161,0.21626196118444205
756,878,122,0.122,0.20440163392201066
688,844,156,0.156,0.21086596120521425
716,858,142,0.142,0.2163085419870913
664,832,168,0.168,0.2210493761189282
696,848,152,0.152,0.22408165454491974
700,850,150,0.15,0.24212599534541368
708,854,146,0.146,0.23001338017731904
712,856,144,0.144,0.22136072371155024
738,869,131,0.131,0.20866517236083745
700,850,150,0.15,0.20057174963876606
726,863,137,0.137,0.19505580529384314
744,872,128,0.128,0.18883572452515363
748,874,126,0.126,0.19739601531997322
692,846,154,0.154,0.21316950106248259
708,854,146,0.146,0.22356896002590657
638,819,181,0.181,0.2311676990687847
712,856,144,0.144,0.22764160609617828
722,861,139,0.139,0.21481765611283482
702,851,149,0.149,0.19532428641617297
740,870,130,0.13,0.19339465936645867
740,870,130,0.13,0.1857905197329819
750,875,125,0.125,0.1905578100718558
690,845,155,0.155,0.2082499822601676
724,862,138,0.138,0.19895463458076118
738,869,131,0.131,0.2037550389878452
710,855,145,0.145,0.19706851271539927
742,871,129,0.129,0.18543358875997365
690,845,155,0.155,0.17495600079372525
670,835,165,0.165,0.17329429289884865
690,845,155,0.155,0.18470644390396773
766,883,117,0.117,0.18757136690244078
724,862,138,0.138,0.19809156392514707
746,873,127,0.127,0.20366257839277388
744,872,128,0.128,0.19025547323562206
764,882,118,0.118,0.16744467944838107
754,877,123,0.123,0.17174791182763874
736,868,132,0.132,0.15675524284876882
734,867,133,0.133,0.1604234342351556
732,866,134,0.134,0.1730598038621247
682,841,159,0.159,0.1852852229475975
726,863,137,0.137,0.1949864312261343
752,876,124,0.124,0.19347414469718932
604,802,198,0.198,0.20227030492387713
768,884,116,0.116,0.18935992339998484
712,856,144,0.144,0.18644206658378243
724,862,138,0.138,0.18978060990571977
720,860,140,0.14,0.19022661839425564
634,817,183,0.183,0.20220519651845098
696,848,152,0.152,0.20278286324813963
732,866,134,0.134,0.20052402384206652
696,848,152,0.152,0.2030879527181387
728,864,136,0.136,0.1867174468524754
698,849,151,0.151,0.17989239024743436
702,851,149,0.149,0.18380764616280795
748,874,126,0.126,0.19069449107721448
674,837,163,0.163,0.19740560272708535
696,848,152,0.152,0.20976593971997498
740,870,130,0.13,0.2106157654915005
718,859,141,0.141,0.2023982542231679
694,847,153,0.153,0.20332787979394198
764,882,118,0.118,0.171651529468596
724,862,138,0.138,0.1627733938731253
730,865,135,0.135,0.16343329991959035
748,874,126,0.126,0.1666104799285531
732,866,134,0.134,0.1824528300706297
682,841,159,0.159,0.19229136285744608
762,881,119,0.119,0.1941351758055389
746,873,127,0.127,0.19058232841268183
732,866,134,0.134,0.18059967196546495
762,881,119,0.119,0.17116349947452544
704,852,148,0.148,0.17426478071510793
672,836,164,0.164,0.1800362963024527
756,878,122,0.122,0.17963277315720916
724,862,138,0.138,0.19542251700907945
730,865,135,0.135,0.20378422074392438
760,880,120,0.12,0.1998232002854347
688,844,156,0.156,0.19658734934404493
726,863,137,0.137,0.18692593824490905
664,832,168,0.168,0.2002823307365179
696,848,152,0.152,0.19644488186761738
686,843,157,0.157,0.21061225620657206
728,864,136,0.136,0.22195979630202056
692,846,154,0.154,0.2341317399032414
708,854,146,0.146,0.2295293799377978
712,856,144,0.144,0.22055258532427252
732,866,134,0.134,0.19705083180591465
728,864,136,0.136,0.1916114498116076
752,876,124,0.124,0.18751562636904417
688,844,156,0.156,0.18677113096043468
738,869,131,0.131,0.1912816109508276
708,854,146,0.146,0.19518284015730022
730,865,135,0.135,0.19920739828795195
740,870,130,0.13,0.2062007237523794
706,853,147,0.147,0.21382917910814286
692,846,154,0.154,0.2183308421187103
784,892,108,0.108,0.2118537917584181
748,874,126,0.126,0.20538801057264208
682,841,159,0.159,0.2047842664271593
726,863,137,0.137,0.19836198036000133
696,848,152,0.152,0.20379583418741823
746,873,127,0.127,0.20614258549362421
696,848,152,0.152,0.22099981115013362
720,860,140,0.14,0.2138138366676867
746,873,127,0.127,0.20553030424565077
782,891,109,0.109,0.18741054956614972
730,865,135,0.135,0.18277246260270477
672,836,164,0.164,0.1892043573074043
738,869,131,0.131,0.19338852529227735
758,879,121,0.121,0.19568527058139443
678,839,161,0.161,0.2257563874721527
692,846,154,0.154,0.22795921053737403
696,848,152,0.152,0.23225011055916547
662,831,169,0.169,0.23357685510069132
702,851,149,0.149,0.21230792005732654
740,870,130,0.13,0.19471454568579794
722,861,139,0.139,0.18887998815253376
804,902,98,0.098,0.1649469725973904
696,848,152,0.152,0.1763594321757555
714,857,143,0.143,0.18087305686995386
746,873,127,0.127,0.19127950210124253
720,860,140,0.14,0.20465920000895857
702,851,149,0.149,0.22869231151416897
758,879,121,0.121,0.21823084619641303
718,859,141,0.141,0.21910764906182886
788,894,106,0.106,0.19675170681998133
740,870,130,0.13,0.1713623339831829
738,869,131,0.131,0.16385519427619874
772,886,114,0.114,0.16286626006290317
730,865,135,0.135,0.1753658552020788
736,868,132,0.132,0.21531164861470461
694,847,153,0.153,0.23184776167571544
730,865,135,0.135,0.23229509503394366
762,881,119,0.119,0.24325838596373797
722,861,139,0.139,0.2228106803931296
720,860,140,0.14,0.21472977616265415
716,858,142,0.142,0.2060815782248974
736,868,132,0.132,0.19627761954814196
738,869,131,0.131,0.21883157271146775
694,847,153,0.153,0.23231099861487747
700,850,150,0.15,0.2507056803740561
744,872,128,0.128,0.2713510845899582
724,862,138,0.138,0.26515328280627726
690,845,155,0.155,0.26131199771910907
734,867,133,0.133,0.2534684475176036
680,840,160,0.16,0.22994041587412356
766,883,117,0.117,0.21630772997066378
704,852,148,0.148,0.22459203059598803
660,830,170,0.17,0.23623454723507165
712,856,144,0.144,0.25310900108516216
718,859,141,0.141,0.25163706950470804
742,871,129,0.129,0.2497503540366888
768,884,116,0.116,0.2403200159445405
734,867,133,0.133,0.20575679082050918
758,879,121,0.121,0.18078698248416186
722,861,139,0.139,0.1852998580019921
772,886,114,0.114,0.17615634137764574
704,852,148,0.148,0.20730670249462127
732,866,134,0.134,0.23212479150667786
702,851,149,0.149,0.2424512794613838
696,848,152,0.152,0.24724606726691126
690,845,155,0.155,0.2657385914623737
756,878,122,0.122,0.24354655702412129
704,852,148,0.148,0.24423290053755045
724,862,138,0.138,0.23995019914954901
728,864,136,0.136,0.21286637710221112
730,865,135,0.135,0.21371667105704545
676,838,162,0.162,0.2160995809212327
742,871,129,0.129,0.21694758066534997
678,839,161,0.161,0.24244399724900723
690,845,155,0.155,0.24757879137992858
724,862,138,0.138,0.24584439904987812
676,838,162,0.162,0.24703602128475904
714,857,143,0.143,0.2460986275151372
724,862,138,0.138,0.23060985670238734
712,856,144,0.144,0.2278878087028861
766,883,117,0.117,0.2209254996702075
706,853,147,0.147,0.21258935290947556
738,869,131,0.131,0.21906256242841482
738,869,131,0.131,0.22711538244783877
694,847,153,0.153,0.23073003352433444
766,883,117,0.117,0.23968156201392413
698,849,151,0.151,0.23342967086285352
708,854,146,0.146,0.22932466602697968
766,883,117,0.117,0.22037020429223775
710,855,145,0.145,0.22896739916875958
712,856,144,0.144,0.245243305683136
718,859,141,0.141,0.2413266585431993
694,847,153,0.153,0.24653755439445377
750,875,125,0.125,0.23536401697248222
754,877,123,0.123,0.23472283715754746
668,834,166,0.166,0.24552276645973325
752,876,124,0.124,0.2343486309237778
674,837,163,0.163,0.23978211387619378
732,866,134,0.134,0.2395500892624259
646,823,177,0.177,0.247744507715106
672,836,164,0.164,0.24372578769922257
728,864,136,0.136,0.25443934809416535
722,861,139,0.139,0.25121124591305855
748,874,126,0.126,0.2497513198927045
730,865,135,0.135,0.24302970752120018
700,850,150,0.15,0.22011208217591047
670,835,165,0.165,0.20792034323513509
726,863,137,0.137,0.1987907310910523
754,877,123,0.123,0.2022802305109799
710,855,145,0.145,0.21141490214690567
782,891,109,0.109,0.22396808887273073
682,841,159,0.159,0.23517659457400442
728,864,136,0.136,0.23264891033619642
686,843,157,0.157,0.24819366645812987
676,838,162,0.162,0.24504459090158343
714,857,143,0.143,0.23604126535728573
704,852,148,0.148,0.23765597107633948
796,898,102,0.102,0.20947901079058648
736,868,132,0.132,0.1979114002250135
666,833,167,0.167,0.2075921750217676
752,876,124,0.124,0.19873154861479997
774,887,113,0.113,0.2022869062833488
716,858,142,0.142,0.22019940730556845
766,883,117,0.117,0.21219082319922744
728,864,136,0.136,0.2112582019008696
718,859,141,0.141,0.19792825005576015
792,896,104,0.104,0.17571950150839985
710,855,145,0.145,0.18616635632514952
768,884,116,0.116,0.17471090924367308
728,864,136,0.136,0.19487054439261556
740,870,130,0.13,0.2089261416979134
764,882,118,0.118,0.21262641207501293
758,879,121,0.121,0.213601443503052
678,839,161,0.161,0.21476301749050616
768,884,116,0.116,0.19107037094980478
714,857,143,0.143,0.19878501721471548
716,858,142,0.142,0.19695685302466154
724,862,138,0.138,0.19918739112466574
746,873,127,0.127,0.21698217111080884
732,866,134,0.134,0.21583995451405644
694,847,153,0.153,0.22315896869078278
706,853,147,0.147,0.22616941990703343
730,865,135,0.135,0.21011880373209715
688,844,156,0.156,0.21436016418784856
702,851,149,0.149,0.2045986499041319
684,842,158,0.158,0.20489982310310006
708,854,146,0.146,0.20345269571989774
734,867,133,0.133,0.20357201537117361
712,856,144,0.144,0.20989175405353308
686,843,157,0.157,0.21375789634510875
720,860,140,0.14,0.2049766993522644
718,859,141,0.141,0.2030531384125352
744,872,128,0.128,0.19691941964253784
788,894,106,0.106,0.17624750551767648
744,872,128,0.128,0.17508603996783495
726,863,137,0.137,0.17904032868891953
734,867,133,0.133,0.18645645649917425
658,829,171,0.171,0.21963872500881554
720,860,140,0.14,0.22849932030960918
808,904,96,0.096,0.21842102758213877
760,880,120,0.12,0.21450788770243526
748,874,126,0.126,0.17781720034964382
740,870,130,0.13,0.1601659648194909
728,864,136,0.136,0.15658120503462852
738,869,131,0.131,0.16112432853505015
790,895,105,0.105,0.17490508300065993
782,891,109,0.109,0.18716210221499205
716,858,142,0.142,0.19567731815949083
714,857,143,0.143,0.2010502587892115
710,855,145,0.145,0.19561787669360636
724,862,138,0.138,0.19560895067453385
710,855,145,0.145,0.1989940838366747
684,842,158,0.158,0.2152503436356783
680,840,160,0.16,0.2246013963520527
738,869,131,0.131,0.22936418434232472
736,868,132,0.132,0.23034665128588677
708,854,146,0.146,0.21827985551580786
708,854,146,0.146,0.20752788852155207
740,870,130,0.13,0.1995492374561727
718,859,141,0.141,0.19987574882805348
754,877,123,0.123,0.2100446801967919
696,848,152,0.152,0.22117013603448868
760,880,120,0.12,0.22110500501096247
706,853,147,0.147,0.22222581300139427
718,859,141,0.141,0.20973867488652467
724,862,138,0.138,0.2030907439030707
726,863,137,0.137,0.20143611869961023
740,870,130,0.13,0.2032236688360572
682,841,159,0.159,0.2249804906770587
764,882,118,0.118,0.23988987599313258
698,849,151,0.151,0.2529719015806913
720,860,140,0.14,0.2545882076174021
686,843,157,0.157,0.2586517061591148
720,860,140,0.14,0.24594209970533848
748,874,126,0.126,0.23463168080896138
718,859,141,0.141,0.23415305382758378
760,880,120,0.12,0.2204460306018591
704,852,148,0.148,0.22382869116589427
676,838,162,0.162,0.22791608807072045
714,857,143,0.143,0.2257114917598665
682,841,159,0.159,0.2381503989584744
688,844,156,0.156,0.24849049344286323
742,871,129,0.129,0.2530454561635852
686,843,157,0.157,0.26042707438766954
804,902,98,0.098,0.24207328049466015
718,859,141,0.141,0.2343984614983201
722,861,139,0.139,0.22842328703030945
734,867,133,0.133,0.2199709994122386
764,882,118,0.118,0.21424474570155144
726,863,137,0.137,0.2337125924192369
740,870,130,0.13,0.2321112048253417
686,843,157,0.157,0.24399049416929483
696,848,152,0.152,0.2459973874464631
698,849,151,0.151,0.26474728222936394
682,841,159,0.159,0.27767964439094067
724,862,138,0.138,0.27783931685984137
658,829,171,0.171,0.2902522840127349
704,852,148,0.148,0.2716670000180602
704,852,148,0.148,0.2579386609643698
728,864,136,0.136,0.25732441479340196
754,877,123,0.123,0.2294423050917685
758,879,121,0.121,0.22488167045637966
712,856,144,0.144,0.21795822140946985
762,881,119,0.119,0.21095465418323875
790,895,105,0.105,0.20745461484789848
734,867,133,0.133,0.22000470054894686
666,833,167,0.167,0.257814334820956
706,853,147,0.147,0.2567696630693972
776,888,112,0.112,0.2690109868198633
710,855,145,0.145,0.28020946865528823
722,861,139,0.139,0.25829676334932444
688,844,156,0.156,0.258984721980989
726,863,137,0.137,0.23478345345333218
724,862,138,0.138,0.23086891401931645
782,891,109,0.109,0.2252400883026421
720,860,140,0.14,0.23159499406814577
744,872,128,0.128,0.23010834239795805
746,873,127,0.127,0.22387968030571936
704,852,148,0.148,0.22472153633087874
740,870,130,0.13,0.21703096763044596
724,862,138,0.138,0.22850222732126713
724,862,138,0.138,0.23853854059427976
692,846,154,0.154,0.25731397287547586
738,869,131,0.131,0.25857019989937546
752,876,124,0.124,0.25496602265536783
702,851,149,0.149,0.2486019021868706
730,865,135,0.135,0.23296415340155363
722,861,139,0.139,0.2324084639698267
712,856,144,0.144,0.22492213874682784
698,849,151,0.151,0.2258394934460521
748,874,126,0.126,0.21884062035009266
732,866,134,0.134,0.22417834540829062
742,871,129,0.129,0.23018136851489543
772,886,114,0.114,0.23629734149575232
736,868,132,0.132,0.2376513413116336
734,867,133,0.133,0.23181886657327413
688,844,156,0.156,0.24353560969978572
762,881,119,0.119,0.23527629793435334
734,867,133,0.133,0.2440814689807594
756,878,122,0.122,0.23921394003927707
706,853,147,0.147,0.2429471014663577
742,871,129,0.129,0.23219519183784723
694,847,153,0.153,0.24169479492306709
644,822,178,0.178,0.24935611985623837
700,850,150,0.15,0.25697102563083174
712,856,144,0.144,0.2591764644607902
710,855,145,0.145,0.25908602780103684
794,897,103,0.103,0.239480139054358
730,865,135,0.135,0.23209700783342124
690,845,155,0.155,0.23867977456003428
734,867,133,0.133,0.23674434543028475
742,871,129,0.129,0.24208471765741707
700,850,150,0.15,0.25111588490754366
708,854,146,0.146,0.25569886635988953
754,877,123,0.123,0.2463288451731205
704,852,148,0.148,0.24515388808399438
818,909,91,0.091,0.22603547829017043
704,852,148,0.148,0.21228289425745606
684,842,158,0.158,0.22185827806219457
728,864,136,0.136,0.23050236370414495
768,884,116,0.116,0.23964367321133614
750,875,125,0.125,0.2662722435258329
722,861,139,0.139,0.25878055062890054
712,856,144,0.144,0.26272382693737745
810,905,95,0.095,0.24223762476816774
720,860,140,0.14,0.22346903120353817
724,862,138,0.138,0.22795533218979835
752,876,124,0.124,0.22571988341212273
750,875,125,0.125,0.22826386871933937
720,860,140,0.14,0.26650629979372026
714,857,143,0.143,0.26619243300706147
696,848,152,0.152,0.2687365259602666
766,883,117,0.117,0.2641522505506873
706,853,147,0.147,0.24701514584571124
754,877,123,0.123,0.22975733843445778
662,831,169,0.169,0.23957907710969448
740,870,130,0.13,0.23249272356927395
700,850,150,0.15,0.2427749132514
776,888,112,0.112,0.24583965223282575
690,845,155,0.155,0.24889941701292992
778,889,111,0.111,0.24226292936131358
726,863,137,0.137,0.2563221689388156
674,837,163,0.163,0.2627875370308757
774,887,113,0.113,0.24951278500258922
716,858,142,0.142,0.2574314447939396
724,862,138,0.138,0.26991637160629034
718,859,141,0.141,0.2767204054966569
732,866,134,0.134,0.2702948739230633
726,863,137,0.137,0.2693314168155193
690,845,155,0.155,0.27746221287548545
720,860,140,0.14,0.2688124715387821
782,891,109,0.109,0.2620283634886146
746,873,127,0.127,0.26574321591109035
702,851,149,0.149,0.26457738292962313
694,847,153,0.153,0.27245575466006994
742,871,129,0.129,0.26574536319077013
728,864,136,0.136,0.26459175757318737
682,841,159,0.159,0.3022883947640657
726,863,137,0.137,0.3021976375281811
748,874,126,0.126,0.3009664147719741
698,849,151,0.151,0.29776333091408014
698,849,151,0.151,0.2804516398720443
774,887,113,0.113,0.2785656029433012
726,863,137,0.137,0.2835227443501353
692,846,154,0.154,0.27492404460161923
698,849,151,0.151,0.30098148045688866
728,864,136,0.136,0.3056760685071349
694,847,153,0.153,0.31805926948785784
740,870,130,0.13,0.3053926080837846
696,848,152,0.152,0.30336596819013356
738,869,131,0.131,0.29077563678473234
708,854,146,0.146,0.2834610153511167
704,852,148,0.148,0.2864257631674409
722,861,139,0.139,0.28433726904541257
740,870,130,0.13,0.28803202165663244
714,857,143,0.143,0.29386552430689333
708,854,146,0.146,0.29058203441649677
772,886,114,0.114,0.27282370790094135
678,839,161,0.161,0.27610718279331925
648,824,176,0.176,0.27580764672160146
712,856,144,0.144,0.2719460274130106
708,854,146,0.146,0.2865443976894021
702,851,149,0.149,0.2948441822826862
718,859,141,0.141,0.290470479644835
744,872,128,0.128,0.2872007746472955
726,863,137,0.137,0.275238514598459
706,853,147,0.147,0.2800067100375891
726,863,137,0.137,0.28539781069010495
708,854,146,0.146,0.29050882236659525
688,844,156,0.156,0.3188730892241001
634,817,183,0.183,0.3285417877435684
742,871,129,0.129,0.32089976493269207
706,853,147,0.147,0.3264143902808428
670,835,165,0.165,0.33291952989995477
652,826,174,0.174,0.34619369089603425
732,866,134,0.134,0.33629418460279703
700,850,150,0.15,0.33369824156165123
664,832,168,0.168,0.31961278926581144
688,844,156,0.156,0.2946081593185663
666,833,167,0.167,0.29653166367858647
718,859,141,0.141,0.28605072014778854
694,847,153,0.153,0.31386794018745423
712,856,144,0.144,0.3261013506650925
672,836,164,0.164,0.3319103755950928
724,862,138,0.138,0.3290194775611162
698,849,151,0.151,0.3188382899463177
688,844,156,0.156,0.2992054632753134
678,839,161,0.161,0.30044366600364447
704,852,148,0.148,0.29195203955471516
732,866,134,0.134,0.2915252461433411
702,851,149,0.149,0.3163228666186333
708,854,146,0.146,0.31414068123698236
672,836,164,0.164,0.3247014831528068
728,864,136,0.136,0.3143115012124181
726,863,137,0.137,0.30162043366581204
704,852,148,0.148,0.3067397141158581
744,872,128,0.128,0.29363860392570496
720,860,140,0.14,0.2841298322752118
714,857,143,0.143,0.30600510983914136
648,824,176,0.176,0.3095212729275227
658,829,171,0.171,0.30600073834508656
782,891,109,0.109,0.313034007281065
740,870,130,0.13,0.3037578429058194
730,865,135,0.135,0.29801078349351884
628,814,186,0.186,0.30623258282244203
738,869,131,0.131,0.2618153653889895
726,863,137,0.137,0.2723655933365226
710,855,145,0.145,0.27251128693670035
754,877,123,0.123,0.26909381928667425
696,848,152,0.152,0.2899695905148983
692,846,154,0.154,0.29382368928194047
736,868,132,0.132,0.28787586141377686
734,867,133,0.133,0.2905205384120345
748,874,126,0.126,0.2840703125298023
732,866,134,0.134,0.26968677001446484
770,885,115,0.115,0.2657593259885907
712,856,144,0.144,0.27236725825071334
742,871,129,0.129,0.2565241063907743
726,863,137,0.137,0.2671577222682536
722,861,139,0.139,0.27164031905680897
770,885,115,0.115,0.2754091352522373
760,880,120,0.12,0.27108806458860635
710,855,145,0.145,0.27318325731158255
704,852,148,0.148,0.26682002232968804
680,840,160,0.16,0.278095636934042
762,881,119,0.119,0.27670010790973903
734,867,133,0.133,0.30776562897861004
706,853,147,0.147,0.30935615921765564
702,851,149,0.149,0.30762832996994255
708,854,146,0.146,0.2881333483606577
726,863,137,0.137,0.2586394038647413
682,841,159,0.159,0.26085962598025797
684,842,158,0.158,0.25799807454645635
722,861,139,0.139,0.2697868600413203
732,866,134,0.134,0.27125664804130795
724,862,138,0.138,0.27772777394205334
726,863,137,0.137,0.28350518161058424
680,840,160,0.16,0.28233246214687824
728,864,136,0.136,0.2701360571309924
724,862,138,0.138,0.26612079752236606
736,868,132,0.132,0.2616642905771732
690,845,155,0.155,0.2522094335258007
724,862,138,0.138,0.24813457811251283
746,873,127,0.127,0.25574974424391983
686,843,157,0.157,0.2674706076011062
708,854,146,0.146,0.3125176915079355
744,872,128,0.128,0.3178206983208656
682,841,159,0.159,0.32370785204321145
744,872,128,0.128,0.32060088075697424
770,885,115,0.115,0.2798906154707074
726,863,137,0.137,0.2760430389717221
726,863,137,0.137,0.2762544639147818
728,864,136,0.136,0.26726579504460096
748,874,126,0.126,0.2789976660609245
722,861,139,0.139,0.2802842851579189
700,850,150,0.15,0.2951209385693073
744,872,128,0.128,0.2879141781628132
752,876,124,0.124,0.3096370733082294
748,874,126,0.126,0.30198441255837677
722,861,139,0.139,0.30006191036850216
674,837,163,0.163,0.3135142098590732
782,891,109,0.109,0.2982413133755326
680,840,160,0.16,0.2958357576951385
700,850,150,0.15,0.31140700593590737
732,866,134,0.134,0.3154820162914693
752,876,124,0.124,0.33726268777251245
716,858,142,0.142,0.35212081934511663
642,821,179,0.179,0.362350126080215
664,832,168,0.168,0.3500575463473797
722,861,139,0.139,0.3721053362190723
694,847,153,0.153,0.37196003876626493
706,853,147,0.147,0.3671179697439074
692,846,154,0.154,0.36808131712675096
708,854,146,0.146,0.3417689680606127
732,866,134,0.134,0.3419244944527745
738,869,131,0.131,0.3451553243547678
704,852,148,0.148,0.35060893137007954
684,842,158,0.158,0.36153610110282897
686,843,157,0.157,0.372451285764575
668,834,166,0.166,0.3848876207023859
676,838,162,0.162,0.3966357789114118
676,838,162,0.162,0.436221397459507
724,862,138,0.138,0.4295677475631237
740,870,130,0.13,0.4185318970829248
688,844,156,0.156,0.41378371754288673
722,861,139,0.139,0.3534447491541505
710,855,145,0.145,0.34159715960174797
732,866,134,0.134,0.3362867364063859
740,870,130,0.13,0.33754741786420345
720,860,140,0.14,0.3971706257611513
702,851,149,0.149,0.4235271056815982
750,875,125,0.125,0.4273579542338848
742,871,129,0.129,0.43288090884685515
724,862,138,0.138,0.3746495420783758
764,882,118,0.118,0.3480892401859164
726,863,137,0.137,0.3385378447286785
736,868,132,0.132,0.332231138125062
696,848,152,0.152,0.37459968686103823
704,852,148,0.148,0.3928563108444214
766,883,117,0.117,0.4141519628763199
650,825,175,0.175,0.4349558148682117
698,849,151,0.151,0.4176850859373808
684,842,158,0.158,0.4092220683321357
732,866,134,0.134,0.3779276186078787
708,854,146,0.146,0.38076375687122344
640,820,180,0.18,0.36764375780522823
666,833,167,0.167,0.36896224751323464
722,861,139,0.139,0.37545836161077023
692,846,154,0.154,0.3785977132469416
742,871,129,0.129,0.39332132728397845
698,849,151,0.151,0.39637913113832474
704,852,148,0.148,0.3757847975790501
676,838,162,0.162,0.3698334013968706
708,854,146,0.146,0.35636679161339996
702,851,149,0.149,0.35871743044257165
696,848,152,0.152,0.36966330091655253
750,875,125,0.125,0.38108043768256905
712,856,144,0.144,0.3956036649495363
736,868,132,0.132,0.4034603262096643
696,848,152,0.152,0.3974111676514149
720,860,140,0.14,0.3994623511061072
682,841,159,0.159,0.3855226365178823
672,836,164,0.164,0.3842977055385709
716,858,142,0.142,0.4064624995589256
732,866,134,0.134,0.40109684894979
736,868,132,0.132,0.44057768502831457
684,842,158,0.158,0.4446118067651987
712,856,144,0.144,0.4432617551982403
704,852,148,0.148,0.43439838199317454
656,828,172,0.172,0.4425427838712931
702,851,149,0.149,0.44735348850488665
690,845,155,0.155,0.46357472737133504
638,819,181,0.181,0.46558658914268014
708,854,146,0.146,0.45848050597310064
760,880,120,0.12,0.45412452349066734
668,834,166,0.166,0.43613735294342043
748,874,126,0.126,0.4341527792364359
706,853,147,0.147,0.4254079561084509
628,814,186,0.186,0.4418262485861778
652,826,174,0.174,0.4741247750222683
676,838,162,0.162,0.47458660061657426
706,853,147,0.147,0.5147293358445167
714,857,143,0.143,0.5078776700794697
672,836,164,0.164,0.5005072222054004
690,845,155,0.155,0.4971519019305706
756,878,122,0.122,0.43178064877539873
632,816,184,0.184,0.4324178012609482
692,846,154,0.154,0.4241168821007013
710,855,145,0.145,0.4187128162533045
722,861,139,0.139,0.4478721987754107
692,846,154,0.154,0.4616299204528332
720,860,140,0.14,0.4731210522055626
676,838,162,0.162,0.46803855530917643
750,875,125,0.125,0.4781181435883045
678,839,161,0.161,0.46737740644812586
676,838,162,0.162,0.4512440635859966
738,869,131,0.131,0.4515140869319439
754,877,123,0.123,0.4196714903265238
738,869,131,0.131,0.4118012681603432
720,860,140,0.14,0.4019534503221512
694,847,153,0.153,0.4074512932896614
742,871,129,0.129,0.39809295497834685
692,846,154,0.154,0.4159837013632059
702,851,149,0.149,0.4124202927350998
680,840,160,0.16,0.4141195464581251
728,864,136,0.136,0.4086957573145628
712,856,144,0.144,0.42118662226200104
726,863,137,0.137,0.4133398740589619
774,887,113,0.113,0.40413568633794783
738,869,131,0.131,0.37249224562942984
754,877,123,0.123,0.3587567760646343
708,854,146,0.146,0.36909755993634463
710,855,145,0.145,0.3723443130850792
734,867,133,0.133,0.41194925478100775
750,875,125,0.125,0.4234800872802734
658,829,171,0.171,0.4434291623085737
728,864,136,0.136,0.4376188040524721
744,872,128,0.128,0.39670839977264405
710,855,145,0.145,0.391284653544426
670,835,165,0.165,0.3713280183300376
744,872,128,0.128,0.36062904297560455
668,834,166,0.166,0.38037326715141534
732,866,134,0.134,0.3861153452321887
726,863,137,0.137,0.39972060790658
706,853,147,0.147,0.39554186844825745
728,864,136,0.136,0.36912819582223894
724,862,138,0.138,0.3628294783309102
718,859,141,0.141,0.3604127769246697
716,858,142,0.142,0.3555000347048044
724,862,138,0.138,0.354626953125
720,860,140,0.14,0.3582784275263548
750,875,125,0.125,0.3918624081909656
648,824,176,0.176,0.3930227986723185
706,853,147,0.147,0.41099391362071036
706,853,147,0.147,0.40324033580720425
682,841,159,0.159,0.40826392579823734
688,844,156,0.156,0.4083567770123482
720,860,140,0.14,0.3831955203190446
662,831,169,0.169,0.37753548159450295
732,866,134,0.134,0.38010401279479267
692,846,154,0.154,0.3820848213285208
756,878,122,0.122,0.3987867977619171
656,828,172,0.172,0.4090225030630827
744,872,128,0.128,0.38740603770315646
674,837,163,0.163,0.3897554098367691
722,861,139,0.139,0.36875925622880457
778,889,111,0.111,0.3590281305089593
680,840,160,0.16,0.3640075238496065
710,855,145,0.145,0.36153823563456533
764,882,118,0.118,0.3634272885248065
684,842,158,0.158,0.38786762600392105
718,859,141,0.141,0.3931540087237954
692,846,154,0.154,0.39346856097877025
718,859,141,0.141,0.38941409316658976
742,871,129,0.129,0.38277392943948507
716,858,142,0.142,0.38392940030246975
714,857,143,0.143,0.3745031527355313
708,854,146,0.146,0.389963023647666
698,849,151,0.151,0.40832299187779425
618,809,191,0.191,0.4347029902338982
630,815,185,0.185,0.45076289238035677
726,863,137,0.137,0.45474516136944293
700,850,150,0.15,0.44769801865518094
684,842,158,0.158,0.40918700659275054
680,840,160,0.16,0.41159036959707734
740,870,130,0.13,0.35963575503975154
740,870,130,0.13,0.3550713819488883
716,858,142,0.142,0.36646845581382514
756,878,122,0.122,0.3670935464054346
704,852,148,0.148,0.39483564379066227
678,839,161,0.161,0.4166160641759634
714,857,143,0.143,0.44763737319409846
772,886,114,0.114,0.42868502439558503
728,864,136,0.136,0.42405339413136245
732,866,134,0.134,0.41280979243665933
672,836,164,0.164,0.3896592106148601
704,852,148,0.148,0.38685189145058396
744,872,128,0.128,0.3745704760402441
684,842,158,0.158,0.3751453732550144
712,856,144,0.144,0.386541473582387
718,859,141,0.141,0.3837856046482921
702,851,149,0.149,0.3827255484908819
750,875,125,0.125,0.3699247745722532
720,860,140,0.14,0.37252501667290927
730,865,135,0.135,0.3704119333922863
630,815,185,0.185,0.3808582893460989
752,876,124,0.124,0.3629943116605282
758,879,121,0.121,0.37692109373956917
676,838,162,0.162,0.3814138948097825
734,867,133,0.133,0.3918906849175692
688,844,156,0.156,0.37861428731679914
730,865,135,0.135,0.3502356445491314
690,845,155,0.155,0.342599506765604
764,882,118,0.118,0.3340574676543474
684,842,158,0.158,0.3246780666485429
728,864,136,0.136,0.3339036671370268
688,844,156,0.156,0.35178944252431393
722,861,139,0.139,0.35928912979364397
704,852,148,0.148,0.37229270198941233
710,855,145,0.145,0.36081744683533906
704,852,148,0.148,0.3599851891845465
666,833,167,0.167,0.3604095389246941
674,837,163,0.163,0.3448717353567481
682,841,159,0.159,0.34231427901238204
730,865,135,0.135,0.34251277235150335
712,856,144,0.144,0.34314198525995016
710,855,145,0.145,0.3451776953190565
736,868,132,0.132,0.3670821897611022
694,847,153,0.153,0.36389839761704207
668,834,166,0.166,0.36438871692866087
710,855,145,0.145,0.35628794284164905
720,860,140,0.14,0.33408324936032296
662,831,169,0.169,0.33268880382180216
726,863,137,0.137,0.3255727072134614
780,890,110,0.11,0.3017757046595216
736,868,132,0.132,0.3064776129052043
716,858,142,0.142,0.3170603012405336
714,857,143,0.143,0.3146283885166049
724,862,138,0.138,0.3443902202397585
716,858,142,0.142,0.3599774248227477
708,854,146,0.146,0.36188212997466324
716,858,142,0.142,0.350491698615253
704,852,148,0.148,0.3461680360138416
756,878,122,0.122,0.31701557742804287
702,851,149,0.149,0.31754243925213815
730,865,135,0.135,0.30269684820622206
662,831,169,0.169,0.3090276284739375
752,876,124,0.124,0.31877319886535405
742,871,129,0.129,0.3265268694534898
648,824,176,0.176,0.33013177183270453
778,889,111,0.111,0.34019582614302635
734,867,133,0.133,0.3267620234079659
692,846,154,0.154,0.3403102093487978
728,864,136,0.136,0.3230652943626046
720,860,140,0.14,0.3124004810154438
754,877,123,0.123,0.31601179448515176
710,855,145,0.145,0.32163726703077555
676,838,162,0.162,0.33132352681457994
718,859,141,0.141,0.34895025815069675
684,842,158,0.158,0.3478615782558918
720,860,140,0.14,0.3517089903354645
666,833,167,0.167,0.3458898885324597
720,860,140,0.14,0.3319688473045826
714,857,143,0.143,0.340460058093071
750,875,125,0.125,0.3314280328527093
718,859,141,0.141,0.33632085198909045
714,857,143,0.143,0.34184478800743817
762,881,119,0.119,0.33110525394976137
736,868,132,0.132,0.32709065622836353
684,842,158,0.158,0.3389069595858455
776,888,112,0.112,0.334371470220387
726,863,137,0.137,0.340256916411221
722,861,139,0.139,0.3553814660310745
708,854,146,0.146,0.354148513302207
672,836,164,0.164,0.37401985536515714
712,856,144,0.144,0.394992696210742
678,839,161,0.161,0.39834158681333065
724,862,138,0.138,0.41469440460205076
694,847,153,0.153,0.40442799231410026
768,884,116,0.116,0.4001493131071329
702,851,149,0.149,0.39001412113010886
724,862,138,0.138,0.3849146421998739
754,877,123,0.123,0.38156729570776227
708,854,146,0.146,0.3750174473449588
702,851,149,0.149,0.37331469859182836
722,861,139,0.139,0.3988268911615014
688,844,156,0.156,0.4177664671167731
758,879,121,0.121,0.43542897860705854
628,814,186,0.186,0.4500125287771225
698,849,151,0.151,0.44342597261071204
690,845,155,0.155,0.43750837150216104
664,832,168,0.168,0.4449146671295166
694,847,153,0.153,0.4567148192077875
674,837,163,0.163,0.448641149610281
668,834,166,0.166,0.4574412516206503
698,849,151,0.151,0.4387560871988535
730,865,135,0.135,0.43312792736291883
726,863,137,0.137,0.4231255838274956
750,875,125,0.125,0.3799707487374544
734,867,133,0.133,0.3649241960793734
744,872,128,0.128,0.35757124750316144
718,859,141,0.141,0.3594588357433677
696,848,152,0.152,0.3618369618058205
726,863,137,0.137,0.3890928891822696
700,850,150,0.15,0.3719613307639956
668,834,166,0.166,0.4048560302183032
660,830,170,0.17,0.4385893723219633
734,867,133,0.133,0.43797615176439286
706,853,147,0.147,0.43397131344676015
766,883,117,0.117,0.4101723721474409
722,861,139,0.139,0.36610593664646146
686,843,157,0.157,0.35224038414657116
700,850,150,0.15,0.3575856043100357
722,861,139,0.139,0.3415328238606453
688,844,156,0.156,0.35841001546382906
694,847,153,0.153,0.38860134736448526
726,863,137,0.137,0.3991503141373396
682,841,159,0.159,0.4176025387570262
712,856,144,0.144,0.4507023275792599
674,837,163,0.163,0.4343783684670925
676,838,162,0.162,0.42274541736394167
672,836,164,0.164,0.4120855739787221
738,869,131,0.131,0.3728509706631303
698,849,151,0.151,0.3678925943747163
762,881,119,0.119,0.35353402157127856
662,831,169,0.169,0.37159138726443053
704,852,148,0.148,0.38277098213136196
710,855,145,0.145,0.4052707592844963
596,798,202,0.202,0.40850897811353204
706,853,147,0.147,0.4182655385285616
690,845,155,0.155,0.41401855298131707
662,831,169,0.169,0.40779395578056576
722,861,139,0.139,0.4076737141609192
696,848,152,0.152,0.37808030331134795
694,847,153,0.153,0.353805668130517
676,838,162,0.162,0.34442668610066174
680,840,160,0.16,0.34352396946400404
680,840,160,0.16,0.34015205973386764
740,870,130,0.13,0.3522085031680763
776,888,112,0.112,0.36437838068604467
702,851,149,0.149,0.36494113074988127
704,852,148,0.148,0.3547436771914363
726,863,137,0.137,0.34928806039690974
746,873,127,0.127,0.32929064317047596
710,855,145,0.145,0.3287720285281539
668,834,166,0.166,0.3456051964275539
734,867,133,0.133,0.34964726861566303
710,855,145,0.145,0.3554976367950439
658,829,171,0.171,0.38105660033226013
740,870,130,0.13,0.3736107738241553
708,854,146,0.146,0.3684013662189245
704,852,148,0.148,0.3679325950592756
720,860,140,0.14,0.3595052052810788
716,858,142,0.142,0.3559492725431919
710,855,145,0.145,0.3513244439959526
716,858,142,0.142,0.36156582790613173
652,826,174,0.174,0.382409496948123
650,825,175,0.175,0.4232459428906441
724,862,138,0.138,0.4453562949448824
668,834,166,0.166,0.44085193330794575
682,841,159,0.159,0.43302430148422716
748,874,126,0.126,0.385753644220531
676,838,162,0.162,0.3621271196082234
762,881,119,0.119,0.34185584039986133
684,842,158,0.158,0.3403920176848769
680,840,160,0.16,0.36718931057304144
690,845,155,0.155,0.3805747302621603
724,862,138,0.138,0.3824509704783559
690,845,155,0.155,0.41626331986486914
686,843,157,0.157,0.40831554716825486
688,844,156,0.156,0.39865424057096244
758,879,121,0.121,0.38875689467042684
748,874,126,0.126,0.3705347396507859
732,866,134,0.134,0.33946565752476454
760,880,120,0.12,0.33755713982507585
686,843,157,0.157,0.3467723682373762
756,878,122,0.122,0.37461792229115964
716,858,142,0.142,0.405998275719583
684,842,158,0.158,0.4176595014333725
690,845,155,0.155,0.4318847853094339
696,848,152,0.152,0.426558292850852
756,878,122,0.122,0.42938604364544153
712,856,144,0.144,0.4290537059754133
722,861,139,0.139,0.4058209553062916
708,854,146,0.146,0.3895492294356227
732,866,134,0.134,0.39235317935049535
688,844,156,0.156,0.3981160711497068
718,859,141,0.141,0.4070370295345783
684,842,158,0.158,0.4267554602473974
744,872,128,0.128,0.4099633461013436
704,852,148,0.148,0.42686838782578707
702,851,149,0.149,0.425494178429246
732,866,134,0.134,0.4070332153737545
656,828,172,0.172,0.4151866703033447
670,835,165,0.165,0.42410866723954677
798,899,101,0.101,0.3981518839970231
704,852,148,0.148,0.41287195071578026
670,835,165,0.165,0.402231134288013
680,840,160,0.16,0.4119032268002629
720,860,140,0.14,0.40847385121136903
764,882,118,0.118,0.39783348360657694
704,852,148,0.148,0.4245629422143102
610,805,195,0.195,0.43272655832767487
676,838,162,0.162,0.45150646182894705
742,871,129,0.129,0.46253246058523656
676,838,162,0.162,0.4761055830717087
650,825,175,0.175,0.49666078262776137
652,826,174,0.174,0.49274891540408133
648,824,176,0.176,0.4936382861435413
712,856,144,0.144,0.4721081360131502
674,837,163,0.163,0.4454132146313787
720,860,140,0.14,0.4431707849949598
746,873,127,0.127,0.41255984764546155
690,845,155,0.155,0.4220028036236763
650,825,175,0.175,0.4370274175107479
676,838,162,0.162,0.4448711638897657
682,841,159,0.159,0.4683666264936328
696,848,152,0.152,0.48094923999905587
692,846,154,0.154,0.5045388645678759
734,867,133,0.133,0.47641852632910014
680,840,160,0.16,0.46339887338876723
688,844,156,0.156,0.4052639956176281
730,865,135,0.135,0.3928543937578797
716,858,142,0.142,0.38685879270732404
662,831,169,0.169,0.39553280851244926
726,863,137,0.137,0.4126477954238653
700,850,150,0.15,0.43620392215251924
716,858,142,0.142,0.44670417461544276
724,862,138,0.138,0.44754548969864844
766,883,117,0.117,0.3974555095434189
684,842,158,0.158,0.37850632855296135
706,853,147,0.147,0.3594990952685475
744,872,128,0.128,0.34947584134712817
718,859,141,0.141,0.3670638392195106
668,834,166,0.166,0.38147500648349525
662,831,169,0.169,0.4431529275923967
704,852,148,0.148,0.4585743456929922
690,845,155,0.155,0.5212733627408743
662,831,169,0.169,0.5410215221047402
686,843,157,0.157,0.5335727154165506
702,851,149,0.149,0.49997131577134135
690,845,155,0.155,0.44622595332562925
712,856,144,0.144,0.4260317356809974
730,865,135,0.135,0.41628835105895995
708,854,146,0.146,0.4339144597798586
646,823,177,0.177,0.446722809612751
628,814,186,0.186,0.46480842166393993
736,868,132,0.132,0.4824921552836895
728,864,136,0.136,0.49687220285832884
654,827,173,0.173,0.4843747284114361
726,863,137,0.137,0.45701247759163377
730,865,135,0.135,0.4265262871384621
698,849,151,0.151,0.40738005186617376
710,855,145,0.145,0.3939574674256146
716,858,142,0.142,0.39963169272243976
714,857,143,0.143,0.41815962619334457
712,856,144,0.144,0.4345957865267992
742,871,129,0.129,0.45120067792385815
714,857,143,0.143,0.4456862845122814
704,852,148,0.148,0.4334935139939189
752,876,124,0.124,0.4163734361678362
714,857,143,0.143,0.37055871906131505
688,844,156,0.156,0.3702341758683324
734,867,133,0.133,0.36639025078713894
724,862,138,0.138,0.3852788530215621
722,861,139,0.139,0.40612900231033566
746,873,127,0.127,0.421134712330997
696,848,152,0.152,0.4183430683836341
702,851,149,0.149,0.41598770053684714
738,869,131,0.131,0.39784796243160964
720,860,140,0.14,0.40785286312550306
712,856,144,0.144,0.40438709541410206
718,859,141,0.141,0.38384244560450315
730,865,135,0.135,0.38272972479462625
762,881,119,0.119,0.3761167365685105
692,846,154,0.154,0.388543854996562
688,844,156,0.156,0.3935321903601289
766,883,117,0.117,0.4101758023202419
678,839,161,0.161,0.40559906014800073
682,841,159,0.159,0.41807579252123833
676,838,162,0.162,0.4173747718185186
714,857,143,0.143,0.42772603753209115
720,860,140,0.14,0.44561570486426355
660,830,170,0.17,0.4573957350999117
662,831,169,0.169,0.48518175635486843
726,863,137,0.137,0.48232351131737233
700,850,150,0.15,0.47363876559585333
652,826,174,0.174,0.49416832976043223
740,870,130,0.13,0.4738429400324822
702,851,149,0.149,0.44203836639225486
676,838,162,0.162,0.45448379223048685
734,867,133,0.133,0.4308577857911587
662,831,169,0.169,0.4366495455354452
732,866,134,0.134,0.45574935449659826
662,831,169,0.169,0.4728698586821556
680,840,160,0.16,0.48512085711956027
718,859,141,0.141,0.5142684532701969
648,824,176,0.176,0.5005223152339459
696,848,152,0.152,0.4882984994649887
716,858,142,0.142,0.47528585243225097
744,872,128,0.128,0.46545760606229303
704,852,148,0.148,0.43742580887675286
732,866,134,0.134,0.43806997618079185
638,819,181,0.181,0.44253942526876927
694,847,153,0.153,0.45880083863437177
756,878,122,0.122,0.45667617688328027
718,859,141,0.141,0.4619317826926708
680,840,160,0.16,0.4556433309465647
734,867,133,0.133,0.4266360274478793
710,855,145,0.145,0.42296113858371975
714,857,143,0.143,0.4179008020982146
744,872,128,0.128,0.4108817532584071
696,848,152,0.152,0.4223473522365093
706,853,147,0.147,0.42909376678615807
690,845,155,0.155,0.4374901709854603
732,866,134,0.134,0.4405084484964609
714,857,143,0.143,0.4327987482845783
754,877,123,0.123,0.4000658265054226
772,886,114,0.114,0.38040841260552405
752,876,124,0.124,0.3772511205971241
666,833,167,0.167,0.367457782715559
702,851,149,0.149,0.38934957759827377
726,863,137,0.137,0.4074011689424515
728,864,136,0.136,0.4281423756927252
722,861,139,0.139,0.4317151031717658
742,871,129,0.129,0.4563491204604507
640,820,180,0.18,0.45805107870697975
694,847,153,0.153,0.4538617239743471
758,879,121,0.121,0.4365921149328351
692,846,154,0.154,0.4405917344018817
660,830,170,0.17,0.43429882630705835
734,867,133,0.133,0.43202891128510235
678,839,161,0.161,0.4166641476750374
698,849,151,0.151,0.45121090311557055
714,857,143,0.143,0.4592349941730499
674,837,163,0.163,0.46749174328148363
688,844,156,0.156,0.4767546661794186
720,860,140,0.14,0.4658416353166103
688,844,156,0.156,0.4482708326205611
728,864,136,0.136,0.44475393986701967
734,867,133,0.133,0.4256524102464318
636,818,182,0.182,0.42762885289639235
704,852,148,0.148,0.4510755400955677
694,847,153,0.153,0.4609454006403685
710,855,145,0.145,0.5115491800904274
700,850,150,0.15,0.5547402733564377
724,862,138,0.138,0.5384663784503937
674,837,163,0.163,0.5297882954776287
680,840,160,0.16,0.5285511271208525
730,865,135,0.135,0.5008557040393352
678,839,161,0.161,0.4838085893020034
734,867,133,0.133,0.4742375917956233
696,848,152,0.152,0.478754009321332
684,842,158,0.158,0.4825430817455053
740,870,130,0.13,0.4922479058355093
676,838,162,0.162,0.49572570990026
658,829,171,0.171,0.5019187921881676
668,834,166,0.166,0.5378429756313562
672,836,164,0.164,0.5492317771166563
696,848,152,0.152,0.550576561242342
690,845,155,0.155,0.5476342620849609
720,860,140,0.14,0.5097795030772686
654,827,173,0.173,0.5195010489523411
728,864,136,0.136,0.4989811903834343
678,839,161,0.161,0.4738623085618019
756,878,122,0.122,0.44565876232087615
716,858,142,0.142,0.4334117745086551
722,861,139,0.139,0.435804365478456
712,856,144,0.144,0.44505175434052946
686,843,157,0.157,0.4756314617842436
748,874,126,0.126,0.4613983849585056
706,853,147,0.147,0.46970415572822094
694,847,153,0.153,0.4766135216504335
738,869,131,0.131,0.4539498115181923
716,858,142,0.142,0.4414861730635166
710,855,145,0.145,0.4421071453616023
726,863,137,0.137,0.45187837415188553
720,860,140,0.14,0.4417828734070063
726,863,137,0.137,0.46380557264387606
674,837,163,0.163,0.4613293379545212
730,865,135,0.135,0.47150807447731496
704,852,148,0.148,0.4616169057637453
714,857,143,0.143,0.4455641346797347
726,863,137,0.137,0.4533302720785141
684,842,158,0.158,0.4483764253035188
668,834,166,0.166,0.4487112936228514
774,887,113,0.113,0.4491840209886432
760,880,120,0.12,0.44411000910401344
716,858,142,0.142,0.44027925131469964
732,866,134,0.134,0.4129284529462457
724,862,138,0.138,0.40362063874304294
762,881,119,0.119,0.41009142058342696
722,861,139,0.139,0.42439438769966364
640,820,180,0.18,0.46133735951781274
656,828,172,0.172,0.49070074619352816
670,835,165,0.165,0.4862291523814201
748,874,126,0.126,0.49518061766773463
658,829,171,0.171,0.4855894248858094
766,883,117,0.117,0.4569681310877204
730,865,135,0.135,0.4738994938880205
704,852,148,0.148,0.4531178941503167
688,844,156,0.156,0.442275368206203
780,890,110,0.11,0.4406785818487406
692,846,154,0.154,0.4403575826510787
668,834,166,0.166,0.4522167264893651
650,825,175,0.175,0.4886377810239792
704,852,148,0.148,0.4924741012826562
724,862,138,0.138,0.499000112272799
676,838,162,0.162,0.4929435604214668
636,818,182,0.182,0.5074709583073854
756,878,122,0.122,0.5017413877248764
686,843,157,0.157,0.4990220117866993
714,857,143,0.143,0.5036339554190635
730,865,135,0.135,0.45739832571148875
700,850,150,0.15,0.4254096772074699
712,856,144,0.144,0.4424820471405983
702,851,149,0.149,0.42735807444155216
640,820,180,0.18,0.4523587222322822
702,851,149,0.149,0.46523781979084017
714,857,143,0.143,0.47142919939756395
696,848,152,0.152,0.4822023154348135
722,861,139,0.139,0.48598643073439596
704,852,148,0.148,0.47746840738505125
682,841,159,0.159,0.48081566222012045
676,838,162,0.162,0.4830521101504564
710,855,145,0.145,0.4755211865752935
740,870,130,0.13,0.46771659757196904
738,869,131,0.131,0.46532319764047864
678,839,161,0.161,0.4609533160701394
730,865,135,0.135,0.4641921725794673
694,847,153,0.153,0.4950609300658107
698,849,151,0.151,0.4950583652406931
742,871,129,0.129,0.5063033251166343
710,855,145,0.145,0.466708422139287
656,828,172,0.172,0.4592434788644314
714,857,143,0.143,0.4651273931786418
692,846,154,0.154,0.465831541582942
730,865,135,0.135,0.48136526162922383
676,838,162,0.162,0.5116641841381788
736,868,132,0.132,0.49316995503753425
672,836,164,0.164,0.5231897653862834
716,858,142,0.142,0.49266332706809046
678,839,161,0.161,0.4957276014238596
700,850,150,0.15,0.4915466780513525
682,841,159,0.159,0.48956241677701473
658,829,171,0.171,0.5143848998770117
732,866,134,0.134,0.5304659160375595
676,838,162,0.162,0.5085452976673841
698,849,151,0.151,0.5342348939627409
690,845,155,0.155,0.5113533759117126
672,836,164,0.164,0.49014184208959344
684,842,158,0.158,0.4926202113479376
718,859,141,0.141,0.4737687417790294
730,865,135,0.135,0.45930154477804896
690,845,155,0.155,0.4756028334647417
656,828,172,0.172,0.48988439421355723
652,826,174,0.174,0.509370382964611
682,841,159,0.159,0.5197631891667843
680,840,160,0.16,0.5102010742425919
670,835,165,0.165,0.5171202500611544
760,880,120,0.12,0.5201674600690603
688,844,156,0.156,0.49498200085014105
658,829,171,0.171,0.4940013854205608
682,841,159,0.159,0.500678470864892
680,840,160,0.16,0.4905599001273513
622,811,189,0.189,0.5261477297544479
684,842,158,0.158,0.5497999303936958
600,800,200,0.2,0.5603144427835941
646,823,177,0.177,0.5525195724964141
710,855,145,0.145,0.5532044796943665
622,811,189,0.189,0.5654488776177168
666,833,167,0.167,0.5325956666320563
678,839,161,0.161,0.5451941465735436
682,841,159,0.159,0.4992116238102317
632,816,184,0.184,0.49393819846212866
750,875,125,0.125,0.49882220530509946
720,860,140,0.14,0.48989522153139115
666,833,167,0.167,0.4777041979059577
684,842,158,0.158,0.48231418468803167
688,844,156,0.156,0.48657139875739813
718,859,141,0.141,0.47893722508847714
734,867,133,0.133,0.5072390590906143
692,846,154,0.154,0.516576495885849
712,856,144,0.144,0.5086934486851096
624,812,188,0.188,0.5056520358622074
772,886,114,0.114,0.47733871260285377
684,842,158,0.158,0.45094307713210585
716,858,142,0.142,0.43882517909258606
680,840,160,0.16,0.4493088531419635
714,857,143,0.143,0.44175556023418905
724,862,138,0.138,0.48094248243421317
700,850,150,0.15,0.486252650141716
658,829,171,0.171,0.47975817827880385
714,857,143,0.143,0.4805791881084442
656,828,172,0.172,0.4633625520020723
736,868,132,0.132,0.44597306624799965
704,852,148,0.148,0.45117514734715225
746,873,127,0.127,0.4232418762929738
714,857,143,0.143,0.41662575700879095
694,847,153,0.153,0.4277342862226069
740,870,130,0.13,0.4253556348755956
718,859,141,0.141,0.4617240364328027
724,862,138,0.138,0.47720231434702876
670,835,165,0.165,0.5041005297005177
726,863,137,0.137,0.48535611262917516
734,867,133,0.133,0.47177839709073305
710,855,145,0.145,0.44114071609824895
702,851,149,0.149,0.4709363718107343
720,860,140,0.14,0.439136603936553
742,871,129,0.129,0.42680265805870293
670,835,165,0.165,0.463796941049397
706,853,147,0.147,0.4569856793656945
712,856,144,0.144,0.4560834669098258
754,877,123,0.123,0.49675302574038505
652,826,174,0.174,0.4774465081617236
662,831,169,0.169,0.490229740858078
712,856,144,0.144,0.48973371045291425
660,830,170,0.17,0.4552238069027662
722,861,139,0.139,0.4872340000346303
676,838,162,0.162,0.49678482869267465
660,830,170,0.17,0.4953356781154871
730,865,135,0.135,0.5053889511674643
742,871,129,0.129,0.4935301300212741
682,841,159,0.159,0.49573828452825547
754,877,123,0.123,0.49288007026165725
740,870,130,0.13,0.44773742570728065
652,826,174,0.174,0.4635748704969883
692,846,154,0.154,0.47107356625795366
726,863,137,0.137,0.4606288727298379
716,858,142,0.142,0.5210727357640862
680,840,160,0.16,0.5371691858619452
664,832,168,0.168,0.5456678792536259
708,854,146,0.146,0.5267610347941518
772,886,114,0.114,0.5242546226233243
698,849,151,0.151,0.4948172520324588
688,844,156,0.156,0.4840344536304474
634,817,183,0.183,0.5043854362741113
706,853,147,0.147,0.4944005552753806
724,862,138,0.138,0.5374160213842988
700,850,150,0.15,0.5433880396932363
688,844,156,0.156,0.536157553985715
664,832,168,0.168,0.5568072592169047
652,826,174,0.174,0.5655029040575027
704,852,148,0.148,0.5600436914116144
698,849,151,0.151,0.5563231410980225
712,856,144,0.144,0.47867474491894246
710,855,145,0.145,0.4880060129836202
652,826,174,0.174,0.4860544400662184
692,846,154,0.154,0.47267882359027863
680,840,160,0.16,0.5105398656353355
710,855,145,0.145,0.5341890903562307
662,831,169,0.169,0.5280386689975858
666,833,167,0.167,0.5330489055067301
768,884,116,0.116,0.5161746115237474
708,854,146,0.146,0.49207822675257923
742,871,129,0.129,0.47889980459213255
730,865,135,0.135,0.46859173038601876
740,870,130,0.13,0.45277157926559447
702,851,149,0.149,0.46626830208301545
706,853,147,0.147,0.4701552120298147
662,831,169,0.169,0.4919161369949579
724,862,138,0.138,0.5210666563287377
664,832,168,0.168,0.5267381770759821
708,854,146,0.146,0.5317431222349406
692,846,154,0.154,0.54074032728374
696,848,152,0.152,0.5094271726608276
680,840,160,0.16,0.5238812725320459
656,828,172,0.172,0.5116311064139009
724,862,138,0.138,0.48935391994565725
710,855,145,0.145,0.5079856613948941
726,863,137,0.137,0.5148574057966471
724,862,138,0.138,0.5291410369947552
708,854,146,0.146,0.5186471903622151
646,823,177,0.177,0.5419098318964243
724,862,138,0.138,0.5341640119850636
732,866,134,0.134,0.5431299469321966
718,859,141,0.141,0.5346169405728578
656,828,172,0.172,0.5231749134808779
664,832,168,0.168,0.5300017967522145
628,814,186,0.186,0.5333392394930124
702,851,149,0.149,0.5422978513911366
682,841,159,0.159,0.5838978321999312
692,846,154,0.154,0.5847478211075068
684,842,158,0.158,0.5747501581087708
676,838,162,0.162,0.5713150456100702
734,867,133,0.133,0.5418272706866264
666,833,167,0.167,0.5150417664945126
754,877,123,0.123,0.5015509131252766
710,855,145,0.145,0.5132395237460733
702,851,149,0.149,0.49005996810644864
688,844,156,0.156,0.4910514773726463
700,850,150,0.15,0.5297321340218186
726,863,137,0.137,0.5185568747743964
706,853,147,0.147,0.5477624222040176
682,841,159,0.159,0.5911359818428755
662,831,169,0.169,0.5858512994498014
702,851,149,0.149,0.5874761617928743
704,852,148,0.148,0.5898541614860296
734,867,133,0.133,0.5708359352499247
650,825,175,0.175,0.5583696511536836
694,847,153,0.153,0.5679369377419352
686,843,157,0.157,0.5470889219269156
692,846,154,0.154,0.5538800076991319
684,842,158,0.158,0.5533856732845306
668,834,166,0.166,0.565261545971036
690,845,155,0.155,0.5853692606687546
682,841,159,0.159,0.6041383961588145
652,826,174,0.174,0.5957312749624253
692,846,154,0.154,0.6112383193969727
686,843,157,0.157,0.6010249062776566
622,811,189,0.189,0.5810312437564135
642,821,179,0.179,0.5891728275120258
660,830,170,0.17,0.5880652987957
598,799,201,0.201,0.6055446829944849
686,843,157,0.157,0.6031407862007618
678,839,161,0.161,0.5973094913959504
758,879,121,0.121,0.570422217734158
686,843,157,0.157,0.530306431144476
660,830,170,0.17,0.4937432447895408
702,851,149,0.149,0.48627036666870116
716,858,142,0.142,0.48964662282913923
690,845,155,0.155,0.5151350274533033
680,840,160,0.16,0.5552259374782443
628,814,186,0.186,0.5634957580789923
722,861,139,0.139,0.5784696060419082
674,837,163,0.163,0.5861543060690164
716,858,142,0.142,0.5429344030320644
698,849,151,0.151,0.5478341059461236
674,837,163,0.163,0.5291887047216296
690,845,155,0.155,0.5067645443752408
704,852,148,0.148,0.48966958933323623
724,862,138,0.138,0.4938058967888355
760,880,120,0.12,0.4819744520559907
736,868,132,0.132,0.5173320189788938
670,835,165,0.165,0.5062843300253153
696,848,152,0.152,0.5172034965381026
712,856,144,0.144,0.5289143447577953
734,867,133,0.133,0.5039175018444657
666,833,167,0.167,0.5472831256836653
646,823,177,0.177,0.5396176801323891
662,831,169,0.169,0.5389521538540721
636,818,182,0.182,0.5538713310062885
696,848,152,0.152,0.56758741389215
692,846,154,0.154,0.5502192941308022
736,868,132,0.132,0.564890150770545
650,825,175,0.175,0.5263064945489169
736,868,132,0.132,0.48750161128491165
666,833,167,0.167,0.4771082472354174
674,837,163,0.163,0.4859016928598285
720,860,140,0.14,0.47795536926388743
700,850,150,0.15,0.4763042081147432
716,858,142,0.142,0.4726219451352954
704,852,148,0.148,0.4768141650483012
722,861,139,0.139,0.48156681149452923
674,837,163,0.163,0.4699363018646836
688,844,156,0.156,0.45484002261981366
724,862,138,0.138,0.4633093571215868
714,857,143,0.143,0.4595581445135176
664,832,168,0.168,0.4597726032063365
730,865,135,0.135,0.47945686657726766
682,841,159,0.159,0.466575730971992
708,854,146,0.146,0.4602610266134143
724,862,138,0.138,0.4435373361632228
716,858,142,0.142,0.44251560053229333
698,849,151,0.151,0.4483497449494898
686,843,157,0.157,0.4366686680018902
732,866,134,0.134,0.43362473700940607
736,868,132,0.132,0.427153123229742
714,857,143,0.143,0.4333002438917756
742,871,129,0.129,0.42818625071272254
746,873,127,0.127,0.42549794413894415
674,837,163,0.163,0.43142186222970486
674,837,163,0.163,0.4271260345540941
718,859,141,0.141,0.4620265235491097
684,842,158,0.158,0.44688382237404584
728,864,136,0.136,0.45541445460915564
686,843,157,0.157,0.46387479357421396
716,858,142,0.142,0.45554422288388013
728,864,136,0.136,0.4424015337489545
724,862,138,0.138,0.4536122576259077
684,842,158,0.158,0.4625172917321324
718,859,141,0.141,0.45386505366116764
684,842,158,0.158,0.4498349568918347
740,870,130,0.13,0.4558529535681009
702,851,149,0.149,0.4606597534567118
700,850,150,0.15,0.47302851496636866
694,847,153,0.153,0.5115364217087627
688,844,156,0.156,0.5285548958852887
718,859,141,0.141,0.5204862376973033
668,834,166,0.166,0.5337062047198414
646,823,177,0.177,0.5285020158588887
736,868,132,0.132,0.5198513211160898
674,837,163,0.163,0.5139350881651044
708,854,146,0.146,0.5318836131244897
710,855,145,0.145,0.5405015766099095
698,849,151,0.151,0.5411418884769083
688,844,156,0.156,0.5367173965275288
678,839,161,0.161,0.5389320364445448
638,819,181,0.181,0.5514849498346448
694,847,153,0.153,0.5474101181551814
680,840,160,0.16,0.550291972130537
664,832,168,0.168,0.5540461176559329
690,845,155,0.155,0.5280581925660371
654,827,173,0.173,0.5297405902072787
718,859,141,0.141,0.5266332665756345
692,846,154,0.154,0.5206699804961681
746,873,127,0.127,0.5177043831497431
732,866,134,0.134,0.4854206005260348
666,833,167,0.167,0.4919288677088916
662,831,169,0.169,0.4783830922245979
710,855,145,0.145,0.46188958931714297
732,866,134,0.134,0.47280893260240553
682,841,159,0.159,0.47852271361276505
684,842,158,0.158,0.49204346088692547
696,848,152,0.152,0.47205576083809137
726,863,137,0.137,0.4780557818897069
686,843,157,0.157,0.45679947184771297
708,854,146,0.146,0.47449985898286107
640,820,180,0.18,0.4858148555383086
642,821,179,0.179,0.47959934384375813
692,846,154,0.154,0.4819622460156679
680,840,160,0.16,0.5000666993185878
702,851,149,0.149,0.5038974821791052
674,837,163,0.163,0.4979113122597337
704,852,148,0.148,0.4956934502124786
728,864,136,0.136,0.47384862169250846
734,867,133,0.133,0.43809272328019144
722,861,139,0.139,0.44522343470156195
776,888,112,0.112,0.4422271309606731
744,872,128,0.128,0.4279545497708023
742,871,129,0.129,0.45629484033584594
682,841,159,0.159,0.4536708870083094
706,853,147,0.147,0.46266047552973033
748,874,126,0.126,0.5008285779282451
740,870,130,0.13,0.47485031265765426
706,853,147,0.147,0.48613529819995166
692,846,154,0.154,0.4703256520926952
670,835,165,0.165,0.45392372948676346
690,845,155,0.155,0.4852540648430586
662,831,169,0.169,0.46579328983277085
670,835,165,0.165,0.48699169944226744
660,830,170,0.17,0.49625160347670316
696,848,152,0.152,0.4945564134269953
704,852,148,0.148,0.49685396562516687
708,854,146,0.146,0.5115187908560037
736,868,132,0.132,0.4747910470217466
702,851,149,0.149,0.44814819119870664
690,845,155,0.155,0.4295383624099195
744,872,128,0.128,0.4233182545863092
760,880,120,0.12,0.43277763824909926
720,860,140,0.14,0.47277329217270014
718,859,141,0.141,0.48464635680615903
670,835,165,0.165,0.503277102574706
664,832,168,0.168,0.5089073183611036
692,846,154,0.154,0.5043565929681063
720,860,140,0.14,0.4826849582977593
702,851,149,0.149,0.4898219673410058
740,870,130,0.13,0.4723079909533262
700,850,150,0.15,0.4278290313705802
696,848,152,0.152,0.42792591148987413
708,854,146,0.146,0.43590748322196304
698,849,151,0.151,0.44344821622595193
748,874,126,0.126,0.48334807991981504
742,871,129,0.129,0.4872699336670339
696,848,152,0.152,0.4866329403296113
692,846,154,0.154,0.5071271009221673
726,863,137,0.137,0.4852367008924484
690,845,155,0.155,0.47891312100738287
754,877,123,0.123,0.48038357885926963
618,809,191,0.191,0.4662101761475205
686,843,157,0.157,0.49385354018211364
700,850,150,0.15,0.48680449584499
732,866,134,0.134,0.49381792966276405
768,884,116,0.116,0.49029560846835374
762,881,119,0.119,0.4962575852423906
728,864,136,0.136,0.4788363531976938
694,847,153,0.153,0.4775638064071536
690,845,155,0.155,0.47723061676323414
684,842,158,0.158,0.5034322043173015
668,834,166,0.166,0.5004391933828592
684,842,158,0.158,0.5118987791910767
668,834,166,0.166,0.5291844604611396
636,818,182,0.182,0.5353500404283404
708,854,146,0.146,0.5196939959824085
674,837,163,0.163,0.5240420774742961
742,871,129,0.129,0.505038985721767
774,887,113,0.113,0.46699852995947005
736,868,132,0.132,0.4658686493653804
668,834,166,0.166,0.4580118808634579
730,865,135,0.135,0.45807960943505166
690,845,155,0.155,0.4735593398921192
712,856,144,0.144,0.4936669484563172
700,850,150,0.15,0.5035681112706661
718,859,141,0.141,0.4971509052440524
744,872,128,0.128,0.5117481191083789
680,840,160,0.16,0.5045659370496869
708,854,146,0.146,0.5180729109570384
700,850,150,0.15,0.4991962310448289
660,830,170,0.17,0.5104203986972571
692,846,154,0.154,0.5126949923112989
694,847,153,0.153,0.5077521401867271
682,841,159,0.159,0.5290886002928018
700,850,150,0.15,0.5034141633622349
706,853,147,0.147,0.4880794965997338
696,848,152,0.152,0.510444473400712
748,874,126,0.126,0.49322527515888215
704,852,148,0.148,0.44590092557109895
708,854,146,0.146,0.4415322806276381
758,879,121,0.121,0.44456200149282815
708,854,146,0.146,0.4546851447448134
682,841,159,0.159,0.4860583148300648
666,833,167,0.167,0.5094918221831322
726,863,137,0.137,0.4962904345467687
650,825,175,0.175,0.5090563286170363
746,873,127,0.127,0.48581944066658617
692,846,154,0.154,0.4497149743884802
738,869,131,0.131,0.4680760173201561
752,876,124,0.124,0.4547401273213327
702,851,149,0.149,0.42913340764865276
696,848,152,0.152,0.41584358834847807
670,835,165,0.165,0.4472921024635434
722,861,139,0.139,0.433108537312597
686,843,157,0.157,0.4629093190096319
646,823,177,0.177,0.48128977897390723
726,863,137,0.137,0.4868545188009739
680,840,160,0.16,0.4840536095350981
736,868,132,0.132,0.4690717804096639
738,869,131,0.131,0.4565643402002752
730,865,135,0.135,0.454651896238327
756,878,122,0.122,0.4581031222641468
768,884,116,0.116,0.4676482551842928
738,869,131,0.131,0.45135946636646984
724,862,138,0.138,0.4708927544169128
754,877,123,0.123,0.47541043942421674
652,826,174,0.174,0.4972844004109502
632,816,184,0.184,0.5079636000692844
698,849,151,0.151,0.5222797641307115
702,851,149,0.149,0.529472779609263
660,830,170,0.17,0.5346878022551537
716,858,142,0.142,0.5319794842004776
676,838,162,0.162,0.5332697710469365
688,844,156,0.156,0.5147502035759389
730,865,135,0.135,0.5152735127210617
738,869,131,0.131,0.4908744341954589
668,834,166,0.166,0.48510335030406715
736,868,132,0.132,0.46181887705251573
688,844,156,0.156,0.48649096938967706
696,848,152,0.152,0.48887829860299825
688,844,156,0.156,0.494779791302979
704,852,148,0.148,0.5148503114096821
682,841,159,0.159,0.5360191687196493
660,830,170,0.17,0.5384664354622364
640,820,180,0.18,0.550688447162509
688,844,156,0.156,0.5516195731461048
710,855,145,0.145,0.5295645950883627
694,847,153,0.153,0.5075789711624384
678,839,161,0.161,0.5235898035392165
662,831,169,0.169,0.4947588793039322
686,843,157,0.157,0.504683787085116
684,842,158,0.158,0.4945363402962685
704,852,148,0.148,0.5127288367822767
652,826,174,0.174,0.5090686986595392
688,844,156,0.156,0.5174601377248764
682,841,159,0.159,0.5241391565687954
648,824,176,0.176,0.5076384375952184
704,852,148,0.148,0.5180948553718626
724,862,138,0.138,0.47517943622171877
664,832,168,0.168,0.4777132687568665
674,837,163,0.163,0.45176366207003593
706,853,147,0.147,0.45261247507855296
746,873,127,0.127,0.4336386833153665
706,853,147,0.147,0.44535138973966243
706,853,147,0.147,0.4349165770225227
654,827,173,0.173,0.4419406891614199
728,864,136,0.136,0.4435131081305444
682,841,159,0.159,0.43646415998414156
704,852,148,0.148,0.4418684451729059
712,856,144,0.144,0.41649854972586037
726,863,137,0.137,0.42200929500162604
708,854,146,0.146,0.4082090322114527
732,866,134,0.134,0.4092110999673605
690,845,155,0.155,0.41540993839129803
702,851,149,0.149,0.41487325422093274
650,825,175,0.175,0.41888483776152136
746,873,127,0.127,0.4292855437807739
694,847,153,0.153,0.4400191173963249
730,865,135,0.135,0.43391328500956294
720,860,140,0.14,0.42570418832451107
696,848,152,0.152,0.4293665794171393
686,843,157,0.157,0.4143824265822768
728,864,136,0.136,0.415358670970425
740,870,130,0.13,0.40980379280634227
672,836,164,0.164,0.41394192262738944
692,846,154,0.154,0.41427626555785535
722,861,139,0.139,0.4306663598250598
736,868,132,0.132,0.41230059102736416
708,854,146,0.146,0.40977005220763385
746,873,127,0.127,0.4235827114358544
660,830,170,0.17,0.4090839334651828
754,877,123,0.123,0.4259449775433168
686,843,157,0.157,0.42309336380288004
696,848,152,0.152,0.4350534229166806
736,868,132,0.132,0.43957321454584597
754,877,123,0.123,0.4433330279588699
678,839,161,0.161,0.4416737216822803
718,859,141,0.141,0.4360691486261785
738,869,131,0.131,0.3829824038222432
680,840,160,0.16,0.39971030889824033
666,833,167,0.167,0.39806416460126637
672,836,164,0.164,0.40094159298017623
616,808,192,0.192,0.46233706090971827
734,867,133,0.133,0.4751957740969956
668,834,166,0.166,0.4889151492528617
706,853,147,0.147,0.4884710966013372
730,865,135,0.135,0.47944811757281425
730,865,135,0.135,0.4158436934351921
712,856,144,0.144,0.4146657504569739
778,889,111,0.111,0.4163206994915381
722,861,139,0.139,0.3627404524628073
708,854,146,0.146,0.3909504803037271
676,838,162,0.162,0.402953957747668
734,867,133,0.133,0.4127280759382993
716,858,142,0.142,0.4496790001578629
726,863,137,0.137,0.4411672725491226
754,877,123,0.123,0.4289615168944001
754,877,123,0.123,0.42523281767591836
716,858,142,0.142,0.3707003951575607
706,853,147,0.147,0.36842671559005974
680,840,160,0.16,0.37294014541432263
702,851,149,0.149,0.3777926851157099
716,858,142,0.142,0.41951580659113824
688,844,156,0.156,0.44328417560458183
690,845,155,0.155,0.44612591103836896
646,823,177,0.177,0.46073886508308354
710,855,145,0.145,0.44865634348616
738,869,131,0.131,0.43166844360530376
750,875,125,0.125,0.4297752827499062
710,855,145,0.145,0.4176739949118346
706,853,147,0.147,0.39097811199352145
686,843,157,0.157,0.36410230660624804
764,882,118,0.118,0.37920575177296995
796,898,102,0.102,0.3932887804172933
720,860,140,0.14,0.4163215123061091
684,842,158,0.158,0.42530730056762694
710,855,145,0.145,0.43990110011957584
652,826,174,0.174,0.4462882987372577
684,842,158,0.158,0.4458741155872121
734,867,133,0.133,0.44862658700346947
660,830,170,0.17,0.45632248038798573
670,835,165,0.165,0.4652279177829623
720,860,140,0.14,0.43211750668659804
712,856,144,0.144,0.4495648356899619
730,865,135,0.135,0.42372201492637396
710,855,145,0.145,0.41684388717263937
738,869,131,0.131,0.4044728998430073
770,885,115,0.115,0.4053476772382855
758,879,121,0.121,0.3839121417943388
732,866,134,0.134,0.4056801607012749
776,888,112,0.112,0.3978540617637336
674,837,163,0.163,0.40329063481185584
746,873,127,0.127,0.43329364256933334
692,846,154,0.154,0.43492270535230637
736,868,132,0.132,0.43255291152745484
710,855,145,0.145,0.4408268378004432
712,856,144,0.144,0.4493739313259721
750,875,125,0.125,0.4269184893742204
746,873,127,0.127,0.4080315532814711
712,856,144,0.144,0.4113882101783529
708,854,146,0.146,0.41155826647020877
714,857,143,0.143,0.42785487808752803
734,867,133,0.133,0.4444822841100395
736,868,132,0.132,0.46034999211505057
712,856,144,0.144,0.4613160631265491
720,860,140,0.14,0.4656213683858514
644,822,178,0.178,0.4499583944566548
696,848,152,0.152,0.4527524851094931
688,844,156,0.156,0.44265978346578777
688,844,156,0.156,0.4377517519854009
684,842,158,0.158,0.44300790229812265
740,870,130,0.13,0.4679482644163072
696,848,152,0.152,0.4518448738828301
760,880,120,0.12,0.46086218931898476
712,856,144,0.144,0.46431902258843183
680,840,160,0.16,0.4505076066982001
724,862,138,0.138,0.43730621776916084
720,860,140,0.14,0.43304149981588125
774,887,113,0.113,0.4116565621830523
740,870,130,0.13,0.4052834344860166
684,842,158,0.158,0.43977392664551734
656,828,172,0.172,0.42593828644603493
706,853,147,0.147,0.4214179977141321
750,875,125,0.125,0.43052027688920497
754,877,123,0.123,0.43970322946086526
744,872,128,0.128,0.43727270115166905
728,864,136,0.136,0.40117583235912024
744,872,128,0.128,0.3920559682678431
732,866,134,0.134,0.36597438250482084
760,880,120,0.12,0.3810751496432349
734,867,133,0.133,0.383357633067295
712,856,144,0.144,0.3921231923419982
774,887,113,0.113,0.3993123528948054
724,862,138,0.138,0.38535029935464266
718,859,141,0.141,0.38833402559440583
728,864,136,0.136,0.3722916840231046
724,862,138,0.138,0.3865157390665263
756,878,122,0.122,0.3776470408327878
684,842,158,0.158,0.40207298400625585
660,830,170,0.17,0.3934048465229571
688,844,156,0.156,0.4209705996066332
696,848,152,0.152,0.44456179602630436
696,848,152,0.152,0.4390052585434169
674,837,163,0.163,0.45289530396275224
678,839,161,0.161,0.429554730177857
670,835,165,0.165,0.45222946477867665
736,868,132,0.132,0.41130109105166046
766,883,117,0.117,0.37743309066537767
700,850,150,0.15,0.39291539187543095
770,885,115,0.115,0.38340924674179405
770,885,115,0.115,0.37020660504559055
722,861,139,0.139,0.3550880489195697
708,854,146,0.146,0.3756222495418042
720,860,140,0.14,0.3698448675288819
720,860,140,0.14,0.4195237993821502
670,835,165,0.165,0.4122385328356177
704,852,148,0.148,0.42757783659733833
706,853,147,0.147,0.4169772423412651
732,866,134,0.134,0.42997871029376983
734,867,133,0.133,0.398325025793165
700,850,150,0.15,0.40769096987321973
754,877,123,0.123,0.39439425394684074
704,852,148,0.148,0.391106775585562
690,845,155,0.155,0.41447357313055544
694,847,153,0.153,0.41555667568184435
678,839,161,0.161,0.42318450002186
654,827,173,0.173,0.43178390452079474
724,862,138,0.138,0.44891725630685686
676,838,162,0.162,0.43413487370312215
728,864,136,0.136,0.43873644691705704
730,865,135,0.135,0.3957529268655926
706,853,147,0.147,0.3905173081252724
758,879,121,0.121,0.3758135577458888
730,865,135,0.135,0.38948320390470326
730,865,135,0.135,0.3720873805945739
736,868,132,0.132,0.3838310095332563
718,859,141,0.141,0.3820410189870745
716,858,142,0.142,0.41926710426434877
672,836,164,0.164,0.42193132162094116
696,848,152,0.152,0.4085461966823786
712,856,144,0.144,0.41077107316069306
678,839,161,0.161,0.4289673071950674
686,843,157,0.157,0.41998238876927646
654,827,173,0.173,0.4255258034374565
662,831,169,0.169,0.43341389165073635
704,852,148,0.148,0.4262269298899919
726,863,137,0.137,0.44639240188896656
728,864,136,0.136,0.42631955245137215
708,854,146,0.146,0.4159673063158989
680,840,160,0.16,0.41726535855047403
750,875,125,0.125,0.4157567001301795
750,875,125,0.125,0.40937750692572444
754,877,123,0.123,0.4135341930789873
748,874,126,0.126,0.4011363660432398
674,837,163,0.163,0.3918125695567578
684,842,158,0.158,0.40366075093764814
714,857,143,0.143,0.4090883451960981
760,880,120,0.12,0.3997577087627724
760,880,120,0.12,0.4107058295756578
696,848,152,0.152,0.3990160204367712
738,869,131,0.131,0.39700759778916833
770,885,115,0.115,0.3939845036547631
692,846,154,0.154,0.37130462993029506
730,865,135,0.135,0.37358210337813946
704,852,148,0.148,0.40127718626894054
718,859,141,0.141,0.3787036762088537
728,864,136,0.136,0.3982001479938626
706,853,147,0.147,0.39814063939638433
714,857,143,0.143,0.40535360130108894
700,850,150,0.15,0.4224979851283133
724,862,138,0.138,0.3997572878538631
664,832,168,0.168,0.4020627165324986
674,837,163,0.163,0.40133073450624945
728,864,136,0.136,0.4065683500729501
716,858,142,0.142,0.4058246295042336
740,870,130,0.13,0.39864242733456196
738,869,131,0.131,0.40562696219980715
718,859,141,0.141,0.3968867666814476
696,848,152,0.152,0.3916253333985806
744,872,128,0.128,0.3970271080005914
756,878,122,0.122,0.40391351995803415
742,871,129,0.129,0.4027311724005267
740,870,130,0.13,0.4021317057665437
744,872,128,0.128,0.41561313086468726
712,856,144,0.144,0.4310052721127868
694,847,153,0.153,0.40720648590289055
712,856,144,0.144,0.4420877779126167
712,856,144,0.144,0.4439409946650267
680,840,160,0.16,0.4526851670239121
670,835,165,0.165,0.4651194222867489
722,861,139,0.139,0.453598849311471
726,863,137,0.137,0.458854579012841
690,845,155,0.155,0.45859978599101303
704,852,148,0.148,0.44863156679272653
694,847,153,0.153,0.46250496319308876
682,841,159,0.159,0.44698221815004946
748,874,126,0.126,0.46495763649232685
704,852,148,0.148,0.4546507102493197
674,837,163,0.163,0.4619855155609548
692,846,154,0.154,0.4791199235375971
684,842,158,0.158,0.4760677627362311
710,855,145,0.145,0.4669750811047852
640,820,180,0.18,0.47100248220562935
708,854,146,0.146,0.4718521999642253
772,886,114,0.114,0.47923394740745423
730,865,135,0.135,0.4617640085145831
666,833,167,0.167,0.4518232945650816
732,866,134,0.134,0.43774797255545855
734,867,133,0.133,0.4435555230602622
736,868,132,0.132,0.4384815942998975
712,856,144,0.144,0.462193903291598
660,830,170,0.17,0.4609630001820624
746,873,127,0.127,0.46707968685403467
702,851,149,0.149,0.45113277121260764
704,852,148,0.148,0.4391323863491416
738,869,131,0.131,0.43876376111619175
724,862,138,0.138,0.43648818975687026
754,877,123,0.123,0.4218051677607
710,855,145,0.145,0.39810239303205164
736,868,132,0.132,0.40068333308026194
710,855,145,0.145,0.41230685015022756
736,868,132,0.132,0.41637503987923263
702,851,149,0.149,0.4267351258788258
700,850,150,0.15,0.4302155334483832
678,839,161,0.161,0.43652815325185657
744,872,128,0.128,0.4424664724506438
740,870,130,0.13,0.40565071475878356
770,885,115,0.115,0.4025658415108919
690,845,155,0.155,0.38844290527142583
704,852,148,0.148,0.3976194373872131
706,853,147,0.147,0.41501473189517857
668,834,166,0.166,0.4414992310218513
688,844,156,0.156,0.43508985374495385
664,832,168,0.168,0.4498060688525438
702,851,149,0.149,0.4329753134669736
708,854,146,0.146,0.42894801713712516
724,862,138,0.138,0.4204359407611191
634,817,183,0.183,0.392184243792668
714,857,143,0.143,0.39907836613524705
744,872,128,0.128,0.4048698510657996
738,869,131,0.131,0.38759883228875697
708,854,146,0.146,0.403410230868496
720,860,140,0.14,0.40051932924985884
722,861,139,0.139,0.3728374786498025
748,874,126,0.126,0.39213042765296996
692,846,154,0.154,0.39806394957005975
714,857,143,0.143,0.38629107172973454
718,859,141,0.141,0.38695450526848435
682,841,159,0.159,0.3908007191307843
718,859,141,0.141,0.4161896762289107
704,852,148,0.148,0.4013746776357293
778,889,111,0.111,0.3844968805983663
728,864,136,0.136,0.37897241105511786
688,844,156,0.156,0.3926992984032258
740,870,130,0.13,0.3829953191280365
702,851,149,0.149,0.4074669466689229
754,877,123,0.123,0.39162676461786033
734,867,133,0.133,0.3982223344752565
712,856,144,0.144,0.38887387518957256
738,869,131,0.131,0.4090296216662973
690,845,155,0.155,0.4016438805060461
708,854,146,0.146,0.41507925851736216
712,856,144,0.144,0.3947629436496645
700,850,150,0.15,0.40597784728556874
720,860,140,0.14,0.408842570733279
692,846,154,0.154,0.40826400816906244
736,868,132,0.132,0.42313286603242156
732,866,134,0.134,0.4074815248688683
712,856,144,0.144,0.40729028891958297
730,865,135,0.135,0.38221781941037625
674,837,163,0.163,0.3829509016377851
736,868,132,0.132,0.35660517431469635
762,881,119,0.119,0.3809486176264472
768,884,116,0.116,0.37895840634871275
700,850,150,0.15,0.36386179403308777
712,856,144,0.144,0.3757227294174954
694,847,153,0.153,0.39227037905808537
688,844,156,0.156,0.40057555303303527
682,841,159,0.159,0.408430340428371
738,869,131,0.131,0.3869732428221032
660,830,170,0.17,0.38871876494027674
708,854,146,0.146,0.39399255317822096
710,855,145,0.145,0.39563739540986714
738,869,131,0.131,0.3954188644802198
758,879,121,0.121,0.38106970527768136
712,856,144,0.144,0.37976178308040837
758,879,121,0.121,0.3896092844661325
742,871,129,0.129,0.3972132425913587
742,871,129,0.129,0.38636351842992006
734,867,133,0.133,0.3852352702235803
720,860,140,0.14,0.3891162218260579
722,861,139,0.139,0.37441624425444753
748,874,126,0.126,0.3685417170310393
744,872,128,0.128,0.37683991344459355
706,853,147,0.147,0.3746141901072115
682,841,159,0.159,0.3714645720925182
738,869,131,0.131,0.3823064345763996
742,871,129,0.129,0.37769148286245763
692,846,154,0.154,0.384073409138713
792,896,104,0.104,0.3832335031721741
746,873,127,0.127,0.380612019456923
742,871,129,0.129,0.3789278032025322
684,842,158,0.158,0.3897500761607662
750,875,125,0.125,0.3861158457128331
710,855,145,0.145,0.40455582420807334
704,852,148,0.148,0.4147556342957541
706,853,147,0.147,0.4203484122203663
690,845,155,0.155,0.4179164735041559
740,870,130,0.13,0.44302737309224904
716,858,142,0.142,0.4424735501036048
726,863,137,0.137,0.43952815648913385
734,867,133,0.133,0.4308342174640857
674,837,163,0.163,0.4320377295697108
