log_avg_ept_score,log_avg_succ_req,log_avg_blk_req,log_avg_BP_req,log_avg_entropy
296,648,352,0.352,1.60756187915802
302,651,349,0.349,1.607482123017311
288,644,356,0.356,1.6075249444246291
330,665,335,0.335,1.6074606533050537
318,659,341,0.341,1.6074731653928758
248,624,376,0.376,1.6074370427131652
328,664,336,0.336,1.607462287425995
244,622,378,0.378,1.6074302206039428
342,671,329,0.329,1.6072695831060408
210,605,395,0.395,1.6071875590085982
284,642,358,0.358,1.6072179206609727
286,643,357,0.357,1.6072116636037828
246,623,377,0.377,1.6072251291275024
304,652,348,0.348,1.6071873251199722
280,640,360,0.36,1.6071685687303543
248,624,376,0.376,1.6072187814712524
322,661,339,0.339,1.6071281425952912
308,654,346,0.346,1.6069349551200867
306,653,347,0.347,1.6069080384969712
364,682,318,0.318,1.6068424116373061
288,644,356,0.356,1.6065749793052673
306,653,347,0.347,1.6067565321922301
312,656,344,0.344,1.606612912774086
286,643,357,0.357,1.6066513944864274
268,634,366,0.366,1.606645898103714
324,662,338,0.338,1.606389540195465
302,651,349,0.349,1.6062050814628601
310,655,345,0.345,1.6061046392917633
276,638,362,0.362,1.6059780341386796
278,639,361,0.361,1.6059004664421082
316,658,342,0.342,1.6056389387845993
284,642,358,0.358,1.605676408290863
260,630,370,0.37,1.6056214386224748
230,615,385,0.385,1.6055748643875123
282,641,359,0.359,1.6054020379781724
268,634,366,0.366,1.6051209833621978
276,638,362,0.362,1.6051093484163284
280,640,360,0.36,1.604015396475792
354,677,323,0.323,1.603749405860901
324,662,338,0.338,1.6037257508039475
296,648,352,0.352,1.6038309137821198
258,629,371,0.371,1.6035710700750352
280,640,360,0.36,1.6033465328216552
296,648,352,0.352,1.6026999934911728
228,614,386,0.386,1.603031807422638
298,649,351,0.351,1.600174009680748
304,652,348,0.348,1.5998965369462967
290,645,355,0.355,1.5993305304050445
290,645,355,0.355,1.5992441364526748
294,647,353,0.353,1.5987900421619414
242,621,379,0.379,1.598329641699791
332,666,334,0.334,1.597025415301323
326,663,337,0.337,1.5966060378551483
302,651,349,0.349,1.5913628863096236
368,684,316,0.316,1.5834119287729262
358,679,321,0.321,1.5815822204351426
294,647,353,0.353,1.5838286900520324
358,679,321,0.321,1.5762770990133286
338,669,331,0.331,1.575405083656311
268,634,366,0.366,1.5814949477910996
316,658,342,0.342,1.579231789112091
304,652,348,0.348,1.5667779163122177
316,658,342,0.342,1.5584852166175842
378,689,311,0.311,1.5286032648086547
324,662,338,0.338,1.5261549153327942
364,682,318,0.318,1.5268922955989839
382,691,309,0.309,1.5239663002192974
332,666,334,0.334,1.5029614787697791
358,679,321,0.321,1.514728041946888
370,685,315,0.315,1.5021978546380996
410,705,295,0.295,1.5003445563316344
402,701,299,0.299,1.433262642800808
380,690,310,0.31,1.4099337007403374
386,693,307,0.307,1.408388015270233
418,709,291,0.291,1.4023587657809258
422,711,289,0.289,1.3872767117023468
378,689,311,0.311,1.3789353219866753
384,692,308,0.308,1.3798203523755073
446,723,277,0.277,1.3688517245650291
362,681,319,0.319,1.3468210874795914
436,718,282,0.282,1.3073323128819465
430,715,285,0.285,1.2896721842288972
398,699,301,0.301,1.2855151838064194
404,702,298,0.298,1.2890517389774323
422,711,289,0.289,1.2956351639032364
388,694,306,0.306,1.263044366657734
472,736,264,0.264,1.2526855261921883
518,759,241,0.241,1.2250753810405732
508,754,246,0.246,1.2051748822927475
424,712,288,0.288,1.2278795523047448
494,747,253,0.253,1.1834536319375037
480,740,260,0.26,1.1685000870227813
512,756,244,0.244,1.1834569867253304
498,749,251,0.251,1.164363489329815
570,785,215,0.215,1.145221115529537
500,750,250,0.25,1.1672109737992287
512,756,244,0.244,1.1346166139245033
596,798,202,0.202,1.111537702202797
562,781,219,0.219,1.0969922860860826
544,772,228,0.228,1.0620555026829244
614,807,193,0.193,1.002296655356884
554,777,223,0.223,1.0821969030499459
548,774,226,0.226,1.0293569120764732
486,743,257,0.257,1.0483481266796588
556,778,222,0.222,1.0140035542845727
574,787,213,0.213,1.0345404181182385
630,815,185,0.185,0.9139852937161922
576,788,212,0.212,0.9491418411135674
604,802,198,0.198,0.8790175660550594
582,791,209,0.209,0.8925348838269711
586,793,207,0.207,0.8959523743391037
618,809,191,0.191,0.8716404149234295
628,814,186,0.186,0.8577228949964046
604,802,198,0.198,0.8895799344331026
616,808,192,0.192,0.8692334368973971
642,821,179,0.179,0.8413379127979279
630,815,185,0.185,0.7319249679222704
592,796,204,0.204,0.7967975128144026
606,803,197,0.197,0.7798743825629354
578,789,211,0.211,0.7732058888860047
614,807,193,0.193,0.7213847841396928
668,834,166,0.166,0.6833620457202196
692,846,154,0.154,0.6867513558976353
674,837,163,0.163,0.688173629231751
638,819,181,0.181,0.5958573443442583
694,847,153,0.153,0.6581846923306585
706,853,147,0.147,0.5882791023496539
630,815,185,0.185,0.5620597301386296
656,828,172,0.172,0.5737883013878018
674,837,163,0.163,0.5576245826259255
682,841,159,0.159,0.5952147938609124
662,831,169,0.169,0.6161699980963021
686,843,157,0.157,0.5380072653461248
690,845,155,0.155,0.49608861456031444
656,828,172,0.172,0.5008808603398502
710,855,145,0.145,0.4874581821737811
646,823,177,0.177,0.5185019729975611
674,837,163,0.163,0.4771492946492508
608,804,196,0.196,0.5592384494300932
656,828,172,0.172,0.4802462787665427
672,836,164,0.164,0.4435380298411474
658,829,171,0.171,0.45616016278904864
674,837,163,0.163,0.44685265445895495
668,834,166,0.166,0.4225808017431991
648,824,176,0.176,0.42877903625927866
692,846,154,0.154,0.4211419617794454
660,830,170,0.17,0.40986685946653595
672,836,164,0.164,0.406357139141066
690,845,155,0.155,0.42380810316326095
678,839,161,0.161,0.4100174579038285
712,856,144,0.144,0.375484970466583
716,858,142,0.142,0.3445632348670624
730,865,135,0.135,0.37582931631675454
722,861,139,0.139,0.3470524440503214
668,834,166,0.166,0.4124087993414141
678,839,161,0.161,0.37537301778094845
686,843,157,0.157,0.4169526081786025
624,812,188,0.188,0.4002086836127564
672,836,164,0.164,0.37618347399355845
688,844,156,0.156,0.3558680306859314
706,853,147,0.147,0.33419875998573845
774,887,113,0.113,0.3196282373205759
684,842,158,0.158,0.34807053963560614
698,849,151,0.151,0.3679270946540637
712,856,144,0.144,0.3660194291698863
670,835,165,0.165,0.35042341267666777
682,841,159,0.159,0.35184016995714046
680,840,160,0.16,0.3537354110354645
664,832,168,0.168,0.3420681355261477
708,854,146,0.146,0.359668555270182
714,857,143,0.143,0.31480065001128243
748,874,126,0.126,0.3020800717703096
674,837,163,0.163,0.3687266268529929
706,853,147,0.147,0.3156880143461749
666,833,167,0.167,0.3768939534047386
720,860,140,0.14,0.32777618550986515
702,851,149,0.149,0.3365761445414682
726,863,137,0.137,0.32685613694088533
692,846,154,0.154,0.34935847217217086
646,823,177,0.177,0.3228726192219183
720,860,140,0.14,0.3014512649960816
674,837,163,0.163,0.35498040491000576
706,853,147,0.147,0.30942491968943797
718,859,141,0.141,0.2998609113288112
670,835,165,0.165,0.31547107273701114
714,857,143,0.143,0.3206945478502894
690,845,155,0.155,0.3048279472364811
756,878,122,0.122,0.28983858225867154
676,838,162,0.162,0.32425367208966055
696,848,152,0.152,0.32803187746740875
688,844,156,0.156,0.3287624665340991
644,822,178,0.178,0.3336685844642343
696,848,152,0.152,0.3221888275979145
728,864,136,0.136,0.32129955221083945
724,862,138,0.138,0.3051627022450557
678,839,161,0.161,0.30222997133806345
682,841,159,0.159,0.27853969923761907
720,860,140,0.14,0.28931360008043705
658,829,171,0.171,0.30588873064122163
654,827,173,0.173,0.31735103369597345
706,853,147,0.147,0.2751447065707653
682,841,159,0.159,0.3064500092784874
658,829,171,0.171,0.3156576726329513
636,818,182,0.182,0.31867085315822624
742,871,129,0.129,0.3246608935557306
736,868,132,0.132,0.2901050732017029
690,845,155,0.155,0.30064180108357685
712,856,144,0.144,0.3608270703307353
718,859,141,0.141,0.3008621842589346
734,867,133,0.133,0.26629853654326874
702,851,149,0.149,0.3302620673684869
740,870,130,0.13,0.2965187404700555
772,886,114,0.114,0.26074135188385844
760,880,120,0.12,0.3021029817715753
700,850,150,0.15,0.272843926240108
692,846,154,0.154,0.2782101479235571
714,857,143,0.143,0.2906143203366082
800,900,100,0.1,0.23344294584111777
748,874,126,0.126,0.2579154373109341
724,862,138,0.138,0.26367594402690886
674,837,163,0.163,0.27191569984867237
756,878,122,0.122,0.22220316477899904
710,855,145,0.145,0.25053195939876605
728,864,136,0.136,0.25779791787068823
704,852,148,0.148,0.24807343493535883
742,871,129,0.129,0.24785592656902736
694,847,153,0.153,0.2638150695170916
766,883,117,0.117,0.253940523658297
688,844,156,0.156,0.2547312903704587
728,864,136,0.136,0.24375857076747343
704,852,148,0.148,0.21569234477562713
738,869,131,0.131,0.2482395029666368
738,869,131,0.131,0.23810861977556488
676,838,162,0.162,0.26443631320094574
696,848,152,0.152,0.2535416348106228
720,860,140,0.14,0.26880027396208606
720,860,140,0.14,0.29661804157518784
660,830,170,0.17,0.26265389485366175
752,876,124,0.124,0.21919292827928438
684,842,158,0.158,0.2712627329985844
694,847,153,0.153,0.2523666019865195
664,832,168,0.168,0.2837178958422446
760,880,120,0.12,0.2512335905475775
678,839,161,0.161,0.2634348144996329
718,859,141,0.141,0.2649721217238111
760,880,120,0.12,0.2462440822099452
738,869,131,0.131,0.25391670072451233
674,837,163,0.163,0.25295571932545863
670,835,165,0.165,0.26647192077382353
736,868,132,0.132,0.2573733745390782
684,842,158,0.158,0.23131180322240108
718,859,141,0.141,0.27515090705873446
710,855,145,0.145,0.2575108667470049
626,813,187,0.187,0.28517557072697675
726,863,137,0.137,0.2529612885250244
758,879,121,0.121,0.22176116921263747
754,877,123,0.123,0.23183376922650495
706,853,147,0.147,0.25624618282762823
686,843,157,0.157,0.25439344735688063
710,855,145,0.145,0.2450625670043519
654,827,173,0.173,0.25641883386403785
686,843,157,0.157,0.2595117058465257
696,848,152,0.152,0.26527005549380556
726,863,137,0.137,0.2678876962964423
726,863,137,0.137,0.2598264178192439
668,834,166,0.166,0.2574220191508357
756,878,122,0.122,0.23333815846138167
724,862,138,0.138,0.21534288421797101
738,869,131,0.131,0.2131767358528159
690,845,155,0.155,0.24456139345743577
760,880,120,0.12,0.20878631667164155
736,868,132,0.132,0.19279583249113058
650,825,175,0.175,0.2156998208684672
732,866,134,0.134,0.21432736039336306
732,866,134,0.134,0.1946794892151738
692,846,154,0.154,0.20079642489465185
698,849,151,0.151,0.2122023618798703
672,836,164,0.164,0.2066040843472292
728,864,136,0.136,0.1847861378841917
740,870,130,0.13,0.19191391648317221
754,877,123,0.123,0.19231475305033383
722,861,139,0.139,0.18268818859921884
696,848,152,0.152,0.19290200968272983
746,873,127,0.127,0.19390535018994706
754,877,123,0.123,0.18327554264408535
718,859,141,0.141,0.18279426675252033
734,867,133,0.133,0.19107797214057062
722,861,139,0.139,0.19058830551890424
734,867,133,0.133,0.19526812043518293
768,884,116,0.116,0.18454822077637073
694,847,153,0.153,0.22264719215699005
704,852,148,0.148,0.18852400978135847
684,842,158,0.158,0.22053783042207942
694,847,153,0.153,0.20094135459535756
804,902,98,0.098,0.20072555541957263
720,860,140,0.14,0.20143872269347776
716,858,142,0.142,0.230599256363319
708,854,146,0.146,0.1941906481741462
732,866,134,0.134,0.2076493954147445
716,858,142,0.142,0.18016109018895077
752,876,124,0.124,0.20562555750482717
702,851,149,0.149,0.2112062939842872
744,872,128,0.128,0.18615686382976127
680,840,160,0.16,0.20061059947090326
792,896,104,0.104,0.20407425714365673
738,869,131,0.131,0.18666166849783622
690,845,155,0.155,0.17405291630304418
720,860,140,0.14,0.17527345653568044
674,837,163,0.163,0.1883267462258227
708,854,146,0.146,0.18097098559618463
722,861,139,0.139,0.18030190830398352
740,870,130,0.13,0.17104990694682057
682,841,159,0.159,0.17981488411046304
684,842,158,0.158,0.17472320943123487
730,865,135,0.135,0.19351381246330857
738,869,131,0.131,0.185227843943052
736,868,132,0.132,0.18926992537517798
744,872,128,0.128,0.19159638667921536
648,824,176,0.176,0.19625092996063176
730,865,135,0.135,0.1848447662158869
744,872,128,0.128,0.21296595157834236
690,845,155,0.155,0.1563947049959097
720,860,140,0.14,0.1755478758951358
694,847,153,0.153,0.18440627563314047
732,866,134,0.134,0.169222416931123
702,851,149,0.149,0.18936125941445062
734,867,133,0.133,0.1648225320845231
766,883,117,0.117,0.17077120158658363
780,890,110,0.11,0.1521281193670584
758,879,121,0.121,0.1585753884199512
716,858,142,0.142,0.16297310610004934
720,860,140,0.14,0.1587212350977029
766,883,117,0.117,0.1634725481409114
676,838,162,0.162,0.14808472772688402
766,883,117,0.117,0.1278460576212965
696,848,152,0.152,0.15829994624541724
748,874,126,0.126,0.15464133012486855
732,866,134,0.134,0.13821174164221156
748,874,126,0.126,0.12591434275420033
742,871,129,0.129,0.1376487873806691
768,884,116,0.116,0.1536236115458014
706,853,147,0.147,0.14593633435218362
722,861,139,0.139,0.14469092968294353
752,876,124,0.124,0.15404047853700467
712,856,144,0.144,0.1600124502981198
770,885,115,0.115,0.14187259993259796
712,856,144,0.144,0.15259738740485046
662,831,169,0.169,0.16246165994422335
710,855,145,0.145,0.15216296176055039
734,867,133,0.133,0.16585619268712617
756,878,122,0.122,0.158237177069881
756,878,122,0.122,0.1300264092090074
760,880,120,0.12,0.1467796047720476
662,831,169,0.169,0.14782371780462564
758,879,121,0.121,0.16433370547823142
706,853,147,0.147,0.16651754286028153
742,871,129,0.129,0.1490939546394511
760,880,120,0.12,0.14107820065307897
746,873,127,0.127,0.15675225302646867
746,873,127,0.127,0.14664338216967734
696,848,152,0.152,0.14582262096885826
700,850,150,0.15,0.13588893899612595
658,829,171,0.171,0.16445557851623743
692,846,154,0.154,0.1611435901838704
720,860,140,0.14,0.1622048521473771
688,844,156,0.156,0.16662385470652952
694,847,153,0.153,0.18069897048632266
716,858,142,0.142,0.18373790055063363
770,885,115,0.115,0.17049182717274539
680,840,160,0.16,0.16884979348166962
764,882,118,0.118,0.14251860165165273
746,873,127,0.127,0.16133900831034406
760,880,120,0.12,0.1701284533654107
704,852,148,0.148,0.16774466889948234
696,848,152,0.152,0.12733009763015252
710,855,145,0.145,0.13087290851072886
714,857,143,0.143,0.15456595883803675
738,869,131,0.131,0.1496974014317966
752,876,124,0.124,0.1353964125175553
680,840,160,0.16,0.14549655982799595
684,842,158,0.158,0.13594048263455624
746,873,127,0.127,0.13139810065331403
748,874,126,0.126,0.13046868176115095
778,889,111,0.111,0.14692692604026525
740,870,130,0.13,0.11063161315210164
700,850,150,0.15,0.13740051840880188
742,871,129,0.129,0.13443761152902153
680,840,160,0.16,0.149592832867158
684,842,158,0.158,0.15023136060367323
758,879,121,0.121,0.1390011338353652
736,868,132,0.132,0.1478098826513451
696,848,152,0.152,0.1640259853572643
690,845,155,0.155,0.14203558756044368
642,821,179,0.179,0.14967150595283601
698,849,151,0.151,0.16409557909239084
734,867,133,0.133,0.1314012751873088
710,855,145,0.145,0.13089250735891983
792,896,104,0.104,0.12351291248889175
752,876,124,0.124,0.13145886629499728
748,874,126,0.126,0.11694701007564436
696,848,152,0.152,0.10350150854690582
718,859,141,0.141,0.12410108512484294
736,868,132,0.132,0.11244271635587211
740,870,130,0.13,0.12526333076265292
716,858,142,0.142,0.10836323540180456
774,887,113,0.113,0.11577943001912172
696,848,152,0.152,0.1014018108061282
724,862,138,0.138,0.11528615706793516
686,843,157,0.157,0.12589303825854586
750,875,125,0.125,0.13119842077949578
742,871,129,0.129,0.12238297982489076
740,870,130,0.13,0.11080668620192591
698,849,151,0.151,0.11735962010856019
694,847,153,0.153,0.10869905212764115
716,858,142,0.142,0.12203559229285839
706,853,147,0.147,0.13206735327251953
730,865,135,0.135,0.12162812241275969
748,874,126,0.126,0.14513539258116726
696,848,152,0.152,0.1312592920110037
776,888,112,0.112,0.12230164973942738
676,838,162,0.162,0.12152997933677398
742,871,129,0.129,0.12527762024180264
762,881,119,0.119,0.12144560730073863
728,864,136,0.136,0.12909407601687417
706,853,147,0.147,0.13853104946546954
726,863,137,0.137,0.12053638218520792
712,856,144,0.144,0.11132542149592792
716,858,142,0.142,0.1358730496147764
730,865,135,0.135,0.11211642253614673
686,843,157,0.157,0.12124131168678287
774,887,113,0.113,0.1129931460476655
724,862,138,0.138,0.1360192416585196
720,860,140,0.14,0.13334998232544604
696,848,152,0.152,0.12578167701153142
686,843,157,0.157,0.1194170078584284
740,870,130,0.13,0.134039734016289
732,866,134,0.134,0.10733184689610062
744,872,128,0.128,0.12135143532622897
722,861,139,0.139,0.12868240149948543
708,854,146,0.146,0.12207080458442215
740,870,130,0.13,0.142043603722268
718,859,141,0.141,0.12965388282102502
738,869,131,0.131,0.12459183543815743
694,847,153,0.153,0.12208677356086264
706,853,147,0.147,0.11548726987794362
702,851,149,0.149,0.12347741172160022
724,862,138,0.138,0.10996608625579757
714,857,143,0.143,0.11818102000071667
732,866,134,0.134,0.11514535731501382
716,858,142,0.142,0.11905490295284835
696,848,152,0.152,0.12818485966383014
732,866,134,0.134,0.13126558478921652
702,851,149,0.149,0.13466509892232717
762,881,119,0.119,0.12088858808024087
778,889,111,0.111,0.1276811044003116
738,869,131,0.131,0.1387090586226841
792,896,104,0.104,0.12084214733180124
688,844,156,0.156,0.14864344564871862
772,886,114,0.114,0.12503075941099814
724,862,138,0.138,0.11873305290317512
750,875,125,0.125,0.13831861969147577
780,890,110,0.11,0.10364897846565872
732,866,134,0.134,0.11983089408166415
744,872,128,0.128,0.10509353924787865
736,868,132,0.132,0.09831728864755132
782,891,109,0.109,0.10110859956173227
700,850,150,0.15,0.10577387470882241
722,861,139,0.139,0.12381478012888693
742,871,129,0.129,0.10909199733684363
746,873,127,0.127,0.1080276380280411
700,850,150,0.15,0.11940493270951992
726,863,137,0.137,0.09444365498138359
702,851,149,0.149,0.1279000181911397
772,886,114,0.114,0.13585837334315876
676,838,162,0.162,0.1171586931971833
742,871,129,0.129,0.11713345612246485
684,842,158,0.158,0.11785584982582077
752,876,124,0.124,0.10071125014488644
756,878,122,0.122,0.12012141387409064
714,857,143,0.143,0.10075339174642431
722,861,139,0.139,0.09911883506506274
666,833,167,0.167,0.10267573485471075
694,847,153,0.153,0.14384185587603132
758,879,121,0.121,0.11090535952404025
766,883,117,0.117,0.12566722216994095
716,858,142,0.142,0.11015333585072222
716,858,142,0.142,0.11799793856518227
624,812,188,0.188,0.1152288644966975
708,854,146,0.146,0.10234350693860324
750,875,125,0.125,0.10538678830426942
728,864,136,0.136,0.12294430690448643
746,873,127,0.127,0.10834190202347235
712,856,144,0.144,0.1188407188905403
744,872,128,0.128,0.11211577120472793
714,857,143,0.143,0.12389016016083769
778,889,111,0.111,0.11802371494859108
772,886,114,0.114,0.09313750801768038
670,835,165,0.165,0.10977440907526761
700,850,150,0.15,0.1066549136340327
774,887,113,0.113,0.10906285544417915
656,828,172,0.172,0.1168233791946841
718,859,141,0.141,0.10916272202292249
760,880,120,0.12,0.10490626443136716
722,861,139,0.139,0.10337213608558522
670,835,165,0.165,0.11149139127187664
750,875,125,0.125,0.11366132487473078
780,890,110,0.11,0.10757748253500904
782,891,109,0.109,0.11899376317305724
774,887,113,0.113,0.08883878324841135
708,854,146,0.146,0.11213270797248696
708,854,146,0.146,0.09317834665748524
738,869,131,0.131,0.11186156910208228
662,831,169,0.169,0.12931631617434322
668,834,166,0.166,0.11423358683004335
742,871,129,0.129,0.10025790513876563
682,841,159,0.159,0.11650383761810372
782,891,109,0.109,0.12123721870397276
666,833,167,0.167,0.11107175413682126
724,862,138,0.138,0.10277339913183824
674,837,163,0.163,0.10446416333841625
744,872,128,0.128,0.1339540000523557
746,873,127,0.127,0.11787406140398525
768,884,116,0.116,0.10924851712495728
714,857,143,0.143,0.10789630780104198
660,830,170,0.17,0.11396604832838056
760,880,120,0.12,0.1051115073916735
786,893,107,0.107,0.10288873020254323
686,843,157,0.157,0.09414875014091376
740,870,130,0.13,0.11479864371338044
756,878,122,0.122,0.09075296837263158
736,868,132,0.132,0.09388807175446709
762,881,119,0.119,0.1018433055626404
726,863,137,0.137,0.09809436497889146
708,854,146,0.146,0.08976067352759128
764,882,118,0.118,0.09077337958851057
736,868,132,0.132,0.12411802644911223
712,856,144,0.144,0.10341959461802616
746,873,127,0.127,0.08457592796225799
676,838,162,0.162,0.09518768284023826
726,863,137,0.137,0.09078030983055578
730,865,135,0.135,0.1130343011932382
738,869,131,0.131,0.1042044005964417
758,879,121,0.121,0.09532164134673075
726,863,137,0.137,0.11127175356118824
716,858,142,0.142,0.11663797591225011
744,872,128,0.128,0.1186009526779817
700,850,150,0.15,0.11803622704836016
722,861,139,0.139,0.09630014150186617
732,866,134,0.134,0.09908099246122583
752,876,124,0.124,0.09135945188932237
694,847,153,0.153,0.0998525378015911
748,874,126,0.126,0.09861208751314553
690,845,155,0.155,0.1142957339479326
766,883,117,0.117,0.10016466498823139
732,866,134,0.134,0.1046151530938805
720,860,140,0.14,0.1099586467941408
720,860,140,0.14,0.09282694295281545
728,864,136,0.136,0.10658618877992558
682,841,159,0.159,0.1051218305855873
700,850,150,0.15,0.10209529047189426
678,839,161,0.161,0.1059418470269884
704,852,148,0.148,0.10658821375033949
726,863,137,0.137,0.10427704419812653
676,838,162,0.162,0.10995739802788011
744,872,128,0.128,0.11117420126713114
692,846,154,0.154,0.11276096009335015
790,895,105,0.105,0.10363298307484366
706,853,147,0.147,0.10911189333800576
718,859,141,0.141,0.10552534813660895
692,846,154,0.154,0.10693972257834684
686,843,157,0.157,0.10530110268748831
732,866,134,0.134,0.08916766390728298
766,883,117,0.117,0.09659518645790012
724,862,138,0.138,0.09766085574073441
760,880,120,0.12,0.10691844166617374
728,864,136,0.136,0.10507388115233698
762,881,119,0.119,0.10771125651072362
722,861,139,0.139,0.10006685011321678
748,874,126,0.126,0.08473053835090832
750,875,125,0.125,0.09421850560787971
668,834,166,0.166,0.1017092491247895
668,834,166,0.166,0.10207305395306321
736,868,132,0.132,0.10089766900299582
712,856,144,0.144,0.11038885555992602
746,873,127,0.127,0.081886146692259
742,871,129,0.129,0.1210910013292305
690,845,155,0.155,0.10905196804009029
696,848,152,0.152,0.1041564865940054
720,860,140,0.14,0.10927266742067877
694,847,153,0.153,0.09629901119449641
710,855,145,0.145,0.09709331884013954
768,884,116,0.116,0.11921261027426226
708,854,146,0.146,0.10481774843417224
682,841,159,0.159,0.1105464522117727
722,861,139,0.139,0.10183571543150902
714,857,143,0.143,0.11053546665224713
748,874,126,0.126,0.09318027654402249
694,847,153,0.153,0.11543062557844679
706,853,147,0.147,0.11557276134946733
736,868,132,0.132,0.12250177911539503
776,888,112,0.112,0.10613087070308393
758,879,121,0.121,0.10612099777143158
654,827,173,0.173,0.11265485452624853
746,873,127,0.127,0.09763427875926209
702,851,149,0.149,0.1175846262423438
700,850,150,0.15,0.10968731401228797
734,867,133,0.133,0.1098217906387872
694,847,153,0.153,0.10346183863771148
790,895,105,0.105,0.1020523528271442
748,874,126,0.126,0.10122330541943893
742,871,129,0.129,0.10732903171994258
742,871,129,0.129,0.10372431244145264
722,861,139,0.139,0.09143832985503832
734,867,133,0.133,0.0908418123650772
746,873,127,0.127,0.1037903316393531
716,858,142,0.142,0.0963141212246228
764,882,118,0.118,0.09825897925887693
706,853,147,0.147,0.09273583259343286
702,851,149,0.149,0.07705825160128006
734,867,133,0.133,0.09835109385557007
650,825,175,0.175,0.09612027955602388
722,861,139,0.139,0.09521700507160859
738,869,131,0.131,0.09247430589165015
684,842,158,0.158,0.10631325118758832
758,879,121,0.121,0.10101074724452337
770,885,115,0.115,0.09970095300546382
706,853,147,0.147,0.10949371515054372
712,856,144,0.144,0.10978285669526668
792,896,104,0.104,0.11181566204108458
706,853,147,0.147,0.11340612479596165
724,862,138,0.138,0.10951824404242506
726,863,137,0.137,0.11216427954286337
770,885,115,0.115,0.10078825670447258
690,845,155,0.155,0.097721937684546
718,859,141,0.141,0.09521010209986708
692,846,154,0.154,0.11674192878094618
734,867,133,0.133,0.1068941587840527
676,838,162,0.162,0.10015305621793959
694,847,153,0.153,0.0994211344790674
686,843,157,0.157,0.11096132765818038
798,899,101,0.101,0.10291176280425861
700,850,150,0.15,0.09471310506435111
740,870,130,0.13,0.10693891656311462
736,868,132,0.132,0.0998278064969927
734,867,133,0.133,0.11331829228496644
720,860,140,0.14,0.09615951152140041
700,850,150,0.15,0.11271678987778432
748,874,126,0.126,0.08903167148735519
756,878,122,0.122,0.11346019108343171
696,848,152,0.152,0.08280731129425112
744,872,128,0.128,0.09743228497402742
740,870,130,0.13,0.08978550297979382
766,883,117,0.117,0.10364870091184275
744,872,128,0.128,0.10258170416142093
660,830,170,0.17,0.08705702455057326
770,885,115,0.115,0.088585433319804
722,861,139,0.139,0.0899553466658399
700,850,150,0.15,0.09483729227192816
778,889,111,0.111,0.0829986465521506
688,844,156,0.156,0.07728364495481946
706,853,147,0.147,0.09837498680516728
696,848,152,0.152,0.10692408551437256
680,840,160,0.16,0.0824454630351247
776,888,112,0.112,0.10851883735408774
780,890,110,0.11,0.09371212734264554
740,870,130,0.13,0.09314902183000232
684,842,158,0.158,0.08188785064712283
746,873,127,0.127,0.11015594300173688
762,881,119,0.119,0.11162337381998078
756,878,122,0.122,0.10998184501021752
686,843,157,0.157,0.08733169983385597
730,865,135,0.135,0.1007875643500156
772,886,114,0.114,0.10379080187249928
754,877,123,0.123,0.08991201408792404
694,847,153,0.153,0.10025254363910062
718,859,141,0.141,0.10243389797068812
712,856,144,0.144,0.07990449069395254
740,870,130,0.13,0.10046736592974048
754,877,123,0.123,0.09353995210348512
706,853,147,0.147,0.07035595735651441
706,853,147,0.147,0.08452218199093477
748,874,126,0.126,0.08760485314097605
760,880,120,0.12,0.09925240238768675
750,875,125,0.125,0.08826810690884668
750,875,125,0.125,0.09629985077412857
720,860,140,0.14,0.09051024387020153
762,881,119,0.119,0.0914492382252065
672,836,164,0.164,0.07864339266836759
724,862,138,0.138,0.10147024408216385
736,868,132,0.132,0.10808936875392101
706,853,147,0.147,0.09273122244473234
736,868,132,0.132,0.09642618607106851
700,850,150,0.15,0.07827708730523592
772,886,114,0.114,0.09393621587179951
742,871,129,0.129,0.10965329035428295
740,870,130,0.13,0.09557134437698733
742,871,129,0.129,0.09623066612653201
682,841,159,0.159,0.1091644403328828
700,850,150,0.15,0.09017599138391962
712,856,144,0.144,0.08886521447489212
768,884,116,0.116,0.07223434427530447
716,858,142,0.142,0.11046989163151011
706,853,147,0.147,0.08971794706373476
698,849,151,0.151,0.09601445779227652
724,862,138,0.138,0.08411522623553173
712,856,144,0.144,0.08653498502332878
794,897,103,0.103,0.08728327758757223
742,871,129,0.129,0.09912348067457788
686,843,157,0.157,0.08028599870170001
732,866,134,0.134,0.07999953971934155
748,874,126,0.126,0.08915823984675808
694,847,153,0.153,0.08263438276834495
768,884,116,0.116,0.09377069181858678
754,877,123,0.123,0.0869087287778184
708,854,146,0.146,0.07765386193539597
742,871,129,0.129,0.09671707990586174
698,849,151,0.151,0.11269025737806805
786,893,107,0.107,0.08402422485261923
716,858,142,0.142,0.08608141705824528
696,848,152,0.152,0.09312324336543679
686,843,157,0.157,0.07472319281753152
728,864,136,0.136,0.08965591640425555
758,879,121,0.121,0.0785292200097756
768,884,116,0.116,0.10502550036398134
744,872,128,0.128,0.08393812609816087
716,858,142,0.142,0.09483212034383905
688,844,156,0.156,0.09397058734859456
736,868,132,0.132,0.07771743801078992
752,876,124,0.124,0.09044506757645286
730,865,135,0.135,0.0961128887172672
770,885,115,0.115,0.08329839507475845
734,867,133,0.133,0.08885354141209972
774,887,113,0.113,0.08880978446111112
752,876,124,0.124,0.08544164924926008
712,856,144,0.144,0.08678135485132225
784,892,108,0.108,0.0944216677875229
728,864,136,0.136,0.07349941336066695
750,875,125,0.125,0.08121868036529487
758,879,121,0.121,0.08556473791603639
706,853,147,0.147,0.07801988306832573
776,888,112,0.112,0.08778251230579735
756,878,122,0.122,0.08537884737846616
692,846,154,0.154,0.07708879743305806
700,850,150,0.15,0.08919307850854238
754,877,123,0.123,0.08260329298779834
714,857,143,0.143,0.09055040221760283
714,857,143,0.143,0.08933796478121075
748,874,126,0.126,0.0880215617083013
726,863,137,0.137,0.09697880255870404
730,865,135,0.135,0.08777272404686665
762,881,119,0.119,0.0850039781739033
708,854,146,0.146,0.07347174954807269
728,864,136,0.136,0.09095006836295942
696,848,152,0.152,0.08403226686941344
774,887,113,0.113,0.08811110830231336
684,842,158,0.158,0.08863146023085573
724,862,138,0.138,0.08393212656740798
716,858,142,0.142,0.08712884638356627
730,865,135,0.135,0.08278911742020864
768,884,116,0.116,0.08965297139644099
752,876,124,0.124,0.07539017605944355
692,846,154,0.154,0.08533627618668833
790,895,105,0.105,0.09136466757504969
766,883,117,0.117,0.08647564490147489
690,845,155,0.155,0.091507009827008
764,882,118,0.118,0.10045837441139156
754,877,123,0.123,0.10903139041771646
732,866,134,0.134,0.09484219533052965
738,869,131,0.131,0.07581393239500175
726,863,137,0.137,0.0847131923775305
708,854,146,0.146,0.07867134218507271
736,868,132,0.132,0.07892959684832021
726,863,137,0.137,0.07958099803587539
744,872,128,0.128,0.0829183182434208
722,861,139,0.139,0.09556492370244814
770,885,115,0.115,0.08975200530444272
718,859,141,0.141,0.07817026933994202
710,855,145,0.145,0.11229026677491492
692,846,154,0.154,0.09161493595299544
690,845,155,0.155,0.10096382477485168
694,847,153,0.153,0.10133784459796152
710,855,145,0.145,0.09966461623132636
714,857,143,0.143,0.08737421107589034
688,844,156,0.156,0.09791984650626545
786,893,107,0.107,0.09026837158185663
734,867,133,0.133,0.10456188217720773
712,856,144,0.144,0.10267963796612094
702,851,149,0.149,0.09458575486104383
742,871,129,0.129,0.10315707835409557
724,862,138,0.138,0.09304818612306553
706,853,147,0.147,0.09589416735881241
758,879,121,0.121,0.09648485418950441
662,831,169,0.169,0.08336132668887149
722,861,139,0.139,0.09886611738579813
694,847,153,0.153,0.09719214733495028
760,880,120,0.12,0.10717770915107394
726,863,137,0.137,0.0798458491358906
784,892,108,0.108,0.08929653641547702
706,853,147,0.147,0.08506595714433933
760,880,120,0.12,0.10313636448048055
762,881,119,0.119,0.09014751986900228
684,842,158,0.158,0.10488551544130315
740,870,130,0.13,0.11421253857501142
684,842,158,0.158,0.08672981394259113
760,880,120,0.12,0.08768238348291925
738,869,131,0.131,0.09142793401604285
748,874,126,0.126,0.0998451592096244
752,876,124,0.124,0.08301378089666832
770,885,115,0.115,0.09530803167808335
728,864,136,0.136,0.08321258307114476
680,840,160,0.16,0.08781120722688501
730,865,135,0.135,0.07031783429571078
716,858,142,0.142,0.08256668375898153
764,882,118,0.118,0.09048692914564163
688,844,156,0.156,0.08616992516373284
786,893,107,0.107,0.07961653993176879
708,854,146,0.146,0.09591885754618852
716,858,142,0.142,0.09490513145228033
782,891,109,0.109,0.10531334786413936
744,872,128,0.128,0.08415041350445245
706,853,147,0.147,0.09425763913056198
722,861,139,0.139,0.09151671598455868
740,870,130,0.13,0.09150842206459492
762,881,119,0.119,0.0925455333479913
792,896,104,0.104,0.08701363945403136
786,893,107,0.107,0.09825005284225335
698,849,151,0.151,0.09298241279495414
750,875,125,0.125,0.08832112395029253
754,877,123,0.123,0.09346082402797765
694,847,153,0.153,0.08579923435469392
738,869,131,0.131,0.07966520125418901
680,840,160,0.16,0.09163490708207246
714,857,143,0.143,0.109506038813357
796,898,102,0.102,0.1025773777476279
762,881,119,0.119,0.10050016149879958
642,821,179,0.179,0.10183128551399569
718,859,141,0.141,0.1036477207535645
702,851,149,0.149,0.08916142096837575
746,873,127,0.127,0.10969300773541908
700,850,150,0.15,0.11055776650618646
726,863,137,0.137,0.12927398789332073
720,860,140,0.14,0.10783513841300738
702,851,149,0.149,0.11277357959124493
750,875,125,0.125,0.11400392531554099
716,858,142,0.142,0.1195562353626592
700,850,150,0.15,0.0911738153322367
718,859,141,0.141,0.0978922140612267
760,880,120,0.12,0.0987972610015131
712,856,144,0.144,0.08268148771184497
714,857,143,0.143,0.08533928532025312
746,873,127,0.127,0.0931062922438723
748,874,126,0.126,0.08803846687887562
748,874,126,0.126,0.09919838671653997
720,860,140,0.14,0.09764774036081508
694,847,153,0.153,0.09088745579347597
680,840,160,0.16,0.10029532310247305
758,879,121,0.121,0.07920542101876345
766,883,117,0.117,0.09289128930558217
730,865,135,0.135,0.09059524483283167
770,885,115,0.115,0.09502055015851511
732,866,134,0.134,0.10170139674027451
708,854,146,0.146,0.0838492535747937
754,877,123,0.123,0.0840778787619638
726,863,137,0.137,0.08147751359177346
712,856,144,0.144,0.08413074606936424
726,863,137,0.137,0.09494365360752272
712,856,144,0.144,0.09091907836886821
718,859,141,0.141,0.09748341350877308
696,848,152,0.152,0.10191368116490776
726,863,137,0.137,0.10591656323554344
806,903,97,0.097,0.09127994829587988
786,893,107,0.107,0.09244099168562389
718,859,141,0.141,0.09170585661434598
764,882,118,0.118,0.08694462261791341
710,855,145,0.145,0.10806097046338255
672,836,164,0.164,0.09017335067824751
706,853,147,0.147,0.1016354598382386
710,855,145,0.145,0.09225402483611833
728,864,136,0.136,0.1020358701281366
670,835,165,0.165,0.08127595510467654
726,863,137,0.137,0.10131604183197487
760,880,120,0.12,0.11454115131008438
772,886,114,0.114,0.10778316330740927
740,870,130,0.13,0.09529314637364587
724,862,138,0.138,0.0920074888211675
682,841,159,0.159,0.10088298364161165
744,872,128,0.128,0.10622558798710816
734,867,133,0.133,0.12122202976472908
736,868,132,0.132,0.10630927680822788
682,841,159,0.159,0.12268218758021249
786,893,107,0.107,0.10318330554943532
712,856,144,0.144,0.08858271925878944
718,859,141,0.141,0.10398005201481282
682,841,159,0.159,0.09599729683069745
686,843,157,0.157,0.09515214926371118
722,861,139,0.139,0.08681984513530915
716,858,142,0.142,0.09035933566339373
776,888,112,0.112,0.09777301667819847
702,851,149,0.149,0.09716875400266145
722,861,139,0.139,0.11426533391376142
730,865,135,0.135,0.11170732727448922
688,844,156,0.156,0.13077017451275605
682,841,159,0.159,0.11346643688413315
726,863,137,0.137,0.11803680387281928
768,884,116,0.116,0.10219969876750838
774,887,113,0.113,0.1204400891159894
730,865,135,0.135,0.11120183333364549
788,894,106,0.106,0.1043968192946777
762,881,119,0.119,0.09904400933114811
756,878,122,0.122,0.0971114177039126
784,892,108,0.108,0.10027106958947843
716,858,142,0.142,0.10023252036707708
772,886,114,0.114,0.10159992070426233
798,899,101,0.101,0.0953428467316844
774,887,113,0.113,0.09013037001859629
738,869,131,0.131,0.07846417702111648
736,868,132,0.132,0.09763643200631486
740,870,130,0.13,0.07843948872745386
702,851,149,0.149,0.07468209776369622
754,877,123,0.123,0.08248770122462884
692,846,154,0.154,0.08165057385951513
716,858,142,0.142,0.09252875225979369
702,851,149,0.149,0.11462937672599219
770,885,115,0.115,0.09383736535266507
724,862,138,0.138,0.10064189300013822
720,860,140,0.14,0.10223070154694142
728,864,136,0.136,0.12116137672807963
686,843,157,0.157,0.11279551036789781
746,873,127,0.127,0.105894445825601
704,852,148,0.148,0.11437804262677673
742,871,129,0.129,0.10609492740326096
730,865,135,0.135,0.11777849438774865
742,871,129,0.129,0.12141676600289066
726,863,137,0.137,0.12682523833890447
694,847,153,0.153,0.11813062081922544
724,862,138,0.138,0.09037603388295974
746,873,127,0.127,0.09931502627019655
744,872,128,0.128,0.1031361836581491
704,852,148,0.148,0.1047144226388482
764,882,118,0.118,0.1189367401386844
792,896,104,0.104,0.10387095836910885
712,856,144,0.144,0.10811945027159527
718,859,141,0.141,0.1010128944074895
764,882,118,0.118,0.09552370583784069
690,845,155,0.155,0.09894720121694263
670,835,165,0.165,0.1078006055133883
742,871,129,0.129,0.09152619335951749
736,868,132,0.132,0.10442445712650078
774,887,113,0.113,0.10253730193787487
754,877,123,0.123,0.10621012634859653
718,859,141,0.141,0.10341766485670814
742,871,129,0.129,0.08972235548059689
750,875,125,0.125,0.1153923145637964
758,879,121,0.121,0.12345864205923862
664,832,168,0.168,0.1087784496039385
730,865,135,0.135,0.09497457609826233
768,884,116,0.116,0.11175927337046232
724,862,138,0.138,0.11163196500972844
694,847,153,0.153,0.12736712861259003
786,893,107,0.107,0.10312435365882994
708,854,146,0.146,0.1194371123193414
724,862,138,0.138,0.10414539791486459
742,871,129,0.129,0.11440030838176608
740,870,130,0.13,0.10319730329036975
782,891,109,0.109,0.09596185466824682
698,849,151,0.151,0.11164851288474165
772,886,114,0.114,0.11420687530492432
746,873,127,0.127,0.09905239742199774
758,879,121,0.121,0.09447906947269803
754,877,123,0.123,0.09376811096619349
750,875,125,0.125,0.106028204201255
688,844,156,0.156,0.09920262630764046
738,869,131,0.131,0.10383534047279681
702,851,149,0.149,0.10906064522452652
656,828,172,0.172,0.0970941258695675
722,861,139,0.139,0.11643293416697997
756,878,122,0.122,0.12089655226003379
748,874,126,0.126,0.12286895123368595
702,851,149,0.149,0.11976698936178581
716,858,142,0.142,0.10437672470451799
748,874,126,0.126,0.11437734370655381
734,867,133,0.133,0.10687328627239913
714,857,143,0.143,0.1267443816854211
746,873,127,0.127,0.10582155778515152
720,860,140,0.14,0.10233200142218266
764,882,118,0.118,0.11733374820358586
680,840,160,0.16,0.11670145254557064
732,866,134,0.134,0.10404048458533362
760,880,120,0.12,0.09341750410099485
712,856,144,0.144,0.09951219627694809
720,860,140,0.14,0.11547036668815418
712,856,144,0.144,0.0982619914195966
740,870,130,0.13,0.10163712534157093
740,870,130,0.13,0.11501707688672468
754,877,123,0.123,0.10821156802537735
724,862,138,0.138,0.10507110011647455
696,848,152,0.152,0.12371630190056748
768,884,116,0.116,0.11250991419056663
792,896,104,0.104,0.11502902466629167
796,898,102,0.102,0.10749368717445759
686,843,157,0.157,0.11642447018821259
678,839,161,0.161,0.1106829881221056
720,860,140,0.14,0.11382641110813711
712,856,144,0.144,0.10358892700338038
658,829,171,0.171,0.11450755451011355
722,861,139,0.139,0.09523873262456618
776,888,112,0.112,0.0930680134507129
704,852,148,0.148,0.10085292384645436
736,868,132,0.132,0.10752590195130324
766,883,117,0.117,0.09416711658396525
732,866,134,0.134,0.10779790407995461
738,869,131,0.131,0.09748177061369642
760,880,120,0.12,0.10324782211356796
706,853,147,0.147,0.09392570290993899
706,853,147,0.147,0.10358337233262137
744,872,128,0.128,0.10321183328528423
724,862,138,0.138,0.10092878351634135
730,865,135,0.135,0.09675483641459141
702,851,149,0.149,0.11217358052817872
702,851,149,0.149,0.12159010569797829
716,858,142,0.142,0.09876534762204392
756,878,122,0.122,0.1293022591667832
746,873,127,0.127,0.1340964545116294
734,867,133,0.133,0.12893802842449803
728,864,136,0.136,0.12116650287059019
648,824,176,0.176,0.12911622169497422
698,849,151,0.151,0.12218885038630106
712,856,144,0.144,0.11557592980389017
780,890,110,0.11,0.10672209059982561
714,857,143,0.143,0.10776600994495675
704,852,148,0.148,0.10484552545761107
754,877,123,0.123,0.10852190455494565
694,847,153,0.153,0.09982272334676236
762,881,119,0.119,0.09945323249703505
786,893,107,0.107,0.11024233952979558
724,862,138,0.138,0.10876261737789901
770,885,115,0.115,0.11448614808701678
722,861,139,0.139,0.09735194872063585
732,866,134,0.134,0.07707922475039959
776,888,112,0.112,0.09424479212943697
750,875,125,0.125,0.0916805418645672
704,852,148,0.148,0.09190581747738179
718,859,141,0.141,0.08756881275202613
756,878,122,0.122,0.08632222893876315
714,857,143,0.143,0.08974701765086501
710,855,145,0.145,0.10241242265340407
716,858,142,0.142,0.09225988120323746
718,859,141,0.141,0.08493040594695776
690,845,155,0.155,0.09501746060705045
714,857,143,0.143,0.07992330196898546
784,892,108,0.108,0.09925187516899314
756,878,122,0.122,0.09649419838706672
698,849,151,0.151,0.11728972855706525
764,882,118,0.118,0.09064210438466398
792,896,104,0.104,0.09986523242719704
796,898,102,0.102,0.0931955617647618
704,852,148,0.148,0.09058211010694504
702,851,149,0.149,0.10957427129498683
690,845,155,0.155,0.08628789015188885
700,850,150,0.15,0.09326352117717034
704,852,148,0.148,0.08247322155465373
686,843,157,0.157,0.10589386104838923
734,867,133,0.133,0.09936936736229109
680,840,160,0.16,0.1073256698899495
706,853,147,0.147,0.09265465671893616
768,884,116,0.116,0.11016360963176704
742,871,129,0.129,0.10875263007543981
738,869,131,0.131,0.10563594403222669
718,859,141,0.141,0.10288363947805192
728,864,136,0.136,0.11532276975130662
710,855,145,0.145,0.09387925413635094
720,860,140,0.14,0.08908604081568774
724,862,138,0.138,0.10963232945592609
682,841,159,0.159,0.10090139158355305
718,859,141,0.141,0.121931113606086
696,848,152,0.152,0.10016038037175895
728,864,136,0.136,0.10757627994439099
686,843,157,0.157,0.11282802623684984
730,865,135,0.135,0.08728811754379422
716,858,142,0.142,0.09939864381757797
644,822,178,0.178,0.10004935072612715
698,849,151,0.151,0.1031853529785294
726,863,137,0.137,0.09961191931110806
698,849,151,0.151,0.10592055612667173
766,883,117,0.117,0.0842590724317124
718,859,141,0.141,0.1067988487223629
708,854,146,0.146,0.09144349153793882
680,840,160,0.16,0.09544969789500465
784,892,108,0.108,0.10216760280547896
710,855,145,0.145,0.09846747262985446
730,865,135,0.135,0.09933699193559005
706,853,147,0.147,0.09384275883738882
712,856,144,0.144,0.08604120136730489
750,875,125,0.125,0.0889855076558888
710,855,145,0.145,0.08443305023686844
728,864,136,0.136,0.0844542347835195
722,861,139,0.139,0.08902813368063653
736,868,132,0.132,0.08487509678344941
684,842,158,0.158,0.08840897602049518
738,869,131,0.131,0.0803656731620431
708,854,146,0.146,0.08721905222244368
708,854,146,0.146,0.08546384596830467
712,856,144,0.144,0.08836325020098593
718,859,141,0.141,0.09544232664606533
766,883,117,0.117,0.08228630829765461
728,864,136,0.136,0.08524911463842727
666,833,167,0.167,0.08544994298933306
730,865,135,0.135,0.08775484755486831
764,882,118,0.118,0.09677916804503184
730,865,135,0.135,0.09411230249010259
736,868,132,0.132,0.077677448225033
760,880,120,0.12,0.08876377895367478
730,865,135,0.135,0.1005568077370699
694,847,153,0.153,0.08368910506548127
722,861,139,0.139,0.09185925461538136
734,867,133,0.133,0.11428439220285509
716,858,142,0.142,0.08493830737128519
710,855,145,0.145,0.09306470812691259
728,864,136,0.136,0.0894259826259804
714,857,143,0.143,0.08005635253753281
688,844,156,0.156,0.08984202710870887
724,862,138,0.138,0.08280028599657817
722,861,139,0.139,0.09093901342211756
754,877,123,0.123,0.08695039124012692
810,905,95,0.095,0.07932321727270028
698,849,151,0.151,0.09087692439148669
750,875,125,0.125,0.07902450788648276
730,865,135,0.135,0.08635014901247633
766,883,117,0.117,0.08432721127997501
786,893,107,0.107,0.09087451493614936
746,873,127,0.127,0.07509579681168543
712,856,144,0.144,0.07230331507138908
688,844,156,0.156,0.09354048300435534
782,891,109,0.109,0.08537427320617985
696,848,152,0.152,0.1008351859167451
688,844,156,0.156,0.0702195114975766
694,847,153,0.153,0.07821238552586875
718,859,141,0.141,0.08437028876395197
750,875,125,0.125,0.09557865288147331
726,863,137,0.137,0.09102990858816702
750,875,125,0.125,0.08903904362701724
748,874,126,0.126,0.10110631253798419
762,881,119,0.119,0.08004767158656614
736,868,132,0.132,0.07619043145066826
698,849,151,0.151,0.09026418101077434
686,843,157,0.157,0.09258326013194164
738,869,131,0.131,0.08607969882636098
706,853,147,0.147,0.10710850176928216
718,859,141,0.141,0.09170931250136345
718,859,141,0.141,0.08890767324937042
742,871,129,0.129,0.09704008931372664
748,874,126,0.126,0.08321656689528027
712,856,144,0.144,0.08007845606892079
706,853,147,0.147,0.08109086632357503
730,865,135,0.135,0.1055067307195859
774,887,113,0.113,0.08204466877353843
712,856,144,0.144,0.0938071723052999
750,875,125,0.125,0.09104914408206241
708,854,146,0.146,0.08539739635394654
774,887,113,0.113,0.07028811485198821
764,882,118,0.118,0.08004026916268049
778,889,111,0.111,0.07248804048809689
754,877,123,0.123,0.08963461328507401
714,857,143,0.143,0.09237330347596436
756,878,122,0.122,0.07628850131446961
704,852,148,0.148,0.08434018345085133
708,854,146,0.146,0.07962058816475766
720,860,140,0.14,0.0825051114425878
792,896,104,0.104,0.08174048685096567
708,854,146,0.146,0.08197868417197605
726,863,137,0.137,0.08955782137610367
734,867,133,0.133,0.08200670096217072
702,851,149,0.149,0.07058924548112555
764,882,118,0.118,0.10241782738873735
712,856,144,0.144,0.08362962758127833
760,880,120,0.12,0.09209101351528079
790,895,105,0.105,0.09746211725682952
748,874,126,0.126,0.10050384106766433
682,841,159,0.159,0.10866400994404103
686,843,157,0.157,0.08633999505545945
720,860,140,0.14,0.10402777123235865
746,873,127,0.127,0.0872520917688962
690,845,155,0.155,0.10184805210062768
790,895,105,0.105,0.08021336883716322
742,871,129,0.129,0.08855409715219867
720,860,140,0.14,0.10416197273426224
748,874,126,0.126,0.08648439659900033
784,892,108,0.108,0.08106572137484909
780,890,110,0.11,0.08148714109754655
710,855,145,0.145,0.10569699334929464
750,875,125,0.125,0.08512177307985257
738,869,131,0.131,0.07412880240027152
738,869,131,0.131,0.08187214323860827
756,878,122,0.122,0.08328806174205419
722,861,139,0.139,0.07878203501192911
720,860,140,0.14,0.08513115212296543
728,864,136,0.136,0.07515022176413913
784,892,108,0.108,0.07270150288724107
686,843,157,0.157,0.06961789853894151
688,844,156,0.156,0.07111229541287321
770,885,115,0.115,0.07956240677141614
690,845,155,0.155,0.0742578810507548
698,849,151,0.151,0.08101388321237027
746,873,127,0.127,0.08328966701789614
752,876,124,0.124,0.08706287401763256
722,861,139,0.139,0.09260423245694255
770,885,115,0.115,0.08748646300552354
726,863,137,0.137,0.08427881487592823
764,882,118,0.118,0.08899194205908861
758,879,121,0.121,0.09653024082400953
762,881,119,0.119,0.08767880638269708
696,848,152,0.152,0.07719711645273492
720,860,140,0.14,0.07869064591068309
696,848,152,0.152,0.07212645079504
712,856,144,0.144,0.07565540344300098
728,864,136,0.136,0.09101466634866665
718,859,141,0.141,0.08134241803517216
718,859,141,0.141,0.0705735423679289
764,882,118,0.118,0.07416341648505477
692,846,154,0.154,0.0683335378204647
702,851,149,0.149,0.08288856345659769
686,843,157,0.157,0.07143475073642912
742,871,129,0.129,0.09347058756719344
752,876,124,0.124,0.07777248360626982
714,857,143,0.143,0.08756521279440495
718,859,141,0.141,0.08996754578052787
742,871,129,0.129,0.08861949078098405
748,874,126,0.126,0.08983092295523966
706,853,147,0.147,0.07794981202628697
744,872,128,0.128,0.09482603459106759
744,872,128,0.128,0.08625312016562747
720,860,140,0.14,0.08697635364276357
740,870,130,0.13,0.08762873197090812
752,876,124,0.124,0.0706085716534435
764,882,118,0.118,0.09084040036000078
682,841,159,0.159,0.09360647071356652
764,882,118,0.118,0.07447432132469839
748,874,126,0.126,0.07527844211680348
712,856,144,0.144,0.07508537031889864
706,853,147,0.147,0.0727625650879345
732,866,134,0.134,0.07677944778080564
736,868,132,0.132,0.07138634214980993
742,871,129,0.129,0.08220074593936443
744,872,128,0.128,0.0731457736408338
718,859,141,0.141,0.09472510090831202
720,860,140,0.14,0.07006468132317241
756,878,122,0.122,0.07487829366128426
742,871,129,0.129,0.08409244159603259
720,860,140,0.14,0.07370397908455925
706,853,147,0.147,0.08528230257800896
716,858,142,0.142,0.09013967599236639
670,835,165,0.165,0.07561173669702839
766,883,117,0.117,0.07961347060982371
766,883,117,0.117,0.07595474447996821
704,852,148,0.148,0.07177106782645569
766,883,117,0.117,0.07299656957908883
720,860,140,0.14,0.07004406083693539
684,842,158,0.158,0.07636295792903547
766,883,117,0.117,0.08469756968363072
754,877,123,0.123,0.056479351739890264
758,879,121,0.121,0.07458916608296567
662,831,169,0.169,0.07708344633301079
698,849,151,0.151,0.07163841091821087
748,874,126,0.126,0.06895303956729185
712,856,144,0.144,0.07557827504904707
708,854,146,0.146,0.06919935672580323
752,876,124,0.124,0.07801425481241313
752,876,124,0.124,0.08590029870622674
770,885,115,0.115,0.07209616818808717
740,870,130,0.13,0.07216974677651888
776,888,112,0.112,0.07631234050301282
684,842,158,0.158,0.07812217040511314
718,859,141,0.141,0.07500056543516985
716,858,142,0.142,0.07932611710461789
702,851,149,0.149,0.07563961091564851
722,861,139,0.139,0.0817060551080649
674,837,163,0.163,0.08868596723851079
776,888,112,0.112,0.07438073672709287
766,883,117,0.117,0.06150780192939419
732,866,134,0.134,0.07231268353716587
708,854,146,0.146,0.070294825701043
740,870,130,0.13,0.0681535025131211
734,867,133,0.133,0.06522319460535073
716,858,142,0.142,0.0669835226018331
748,874,126,0.126,0.07343610333584366
678,839,161,0.161,0.08851125695182419
772,886,114,0.114,0.06326856355137715
720,860,140,0.14,0.06397662842171849
770,885,115,0.115,0.08275037958766916
704,852,148,0.148,0.07571384171655518
760,880,120,0.12,0.07598617900937098
708,854,146,0.146,0.07024584308010526
714,857,143,0.143,0.07661610404099338
730,865,135,0.135,0.07679115177001222
688,844,156,0.156,0.08870702407322824
766,883,117,0.117,0.07502359137440362
724,862,138,0.138,0.07732250606689195
766,883,117,0.117,0.07101062849737355
696,848,152,0.152,0.08740598693076754
768,884,116,0.116,0.06976684347016271
736,868,132,0.132,0.07894486112098821
712,856,144,0.144,0.06853214585733076
762,881,119,0.119,0.07907243550856219
718,859,141,0.141,0.06359067876522022
716,858,142,0.142,0.08206272543023806
744,872,128,0.128,0.07481183429679368
740,870,130,0.13,0.08013192195113515
724,862,138,0.138,0.09424654237544747
760,880,120,0.12,0.08968850587954512
700,850,150,0.15,0.07859826934362354
768,884,116,0.116,0.08195778926304774
752,876,124,0.124,0.06875651124180876
716,858,142,0.142,0.08656296714345808
800,900,100,0.1,0.07314759040760692
704,852,148,0.148,0.08347503646355471
714,857,143,0.143,0.09195490812754724
768,884,116,0.116,0.07530451373434334
718,859,141,0.141,0.0882731595504447
750,875,125,0.125,0.07365635992077296
752,876,124,0.124,0.0687664972152852
760,880,120,0.12,0.07534274423873284
736,868,132,0.132,0.07396335582894972
764,882,118,0.118,0.07997792872154241
702,851,149,0.149,0.07026723821811902
730,865,135,0.135,0.08566815854463493
648,824,176,0.176,0.07748300660058158
724,862,138,0.138,0.07509147846176348
700,850,150,0.15,0.09005457243695855
778,889,111,0.111,0.08219885337422601
734,867,133,0.133,0.08934170490692486
746,873,127,0.127,0.09026684928359464
736,868,132,0.132,0.08830335151161126
718,859,141,0.141,0.07937080813373905
724,862,138,0.138,0.08836768048233352
778,889,111,0.111,0.0981817467029905
732,866,134,0.134,0.07763406743734959
736,868,132,0.132,0.0779923112266697
742,871,129,0.129,0.07273446751674055
716,858,142,0.142,0.08451873778156732
714,857,143,0.143,0.08491059695876901
682,841,159,0.159,0.07722482951238635
730,865,135,0.135,0.07148104983486701
680,840,160,0.16,0.08346846375692984
728,864,136,0.136,0.07864110436673946
762,881,119,0.119,0.09117867735831532
724,862,138,0.138,0.08419335680553923
762,881,119,0.119,0.07422862096539756
712,856,144,0.144,0.08574045430432306
784,892,108,0.108,0.07081206593352544
760,880,120,0.12,0.08877598682581447
734,867,133,0.133,0.08134812909347237
728,864,136,0.136,0.07687463146384108
700,850,150,0.15,0.08336781170338509
686,843,157,0.157,0.07888565212412504
764,882,118,0.118,0.08710620005428792
722,861,139,0.139,0.07955017821316142
738,869,131,0.131,0.07905501097621163
700,850,150,0.15,0.07836380944849225
716,858,142,0.142,0.08880965181905777
746,873,127,0.127,0.07644454744360701
666,833,167,0.167,0.08243062442084192
716,858,142,0.142,0.08142928898107493
766,883,117,0.117,0.08097524058673299
750,875,125,0.125,0.10277490690111882
708,854,146,0.146,0.0844251106329466
744,872,128,0.128,0.09381150410545525
746,873,127,0.127,0.0943352088383399
738,869,131,0.131,0.10011489910888485
718,859,141,0.141,0.08400620556657669
722,861,139,0.139,0.08305431965156458
802,901,99,0.099,0.08959831468804623
690,845,155,0.155,0.09059873408736895
754,877,123,0.123,0.07810956757288659
756,878,122,0.122,0.07807392856321531
774,887,113,0.113,0.06613111561417463
724,862,138,0.138,0.07599611857580021
728,864,136,0.136,0.0763418220061576
726,863,137,0.137,0.07653483912686351
790,895,105,0.105,0.07234950810612645
704,852,148,0.148,0.0811067176979268
766,883,117,0.117,0.07447393178672064
722,861,139,0.139,0.07754445982014295
704,852,148,0.148,0.08835374905200297
714,857,143,0.143,0.07847892754571513
768,884,116,0.116,0.0882528982606891
756,878,122,0.122,0.09524646573828068
712,856,144,0.144,0.09497108709183522
712,856,144,0.144,0.10197014756989665
738,869,131,0.131,0.09245677759544924
740,870,130,0.13,0.08101272697329114
702,851,149,0.149,0.10744327499740756
752,876,124,0.124,0.0853625169142324
756,878,122,0.122,0.07976124802805862
742,871,129,0.129,0.07930738372603083
748,874,126,0.126,0.07946741917295731
750,875,125,0.125,0.07814525576012966
728,864,136,0.136,0.06328374608061131
738,869,131,0.131,0.07047390562808141
738,869,131,0.131,0.06672745428554482
746,873,127,0.127,0.06680195975682
716,858,142,0.142,0.0681554685633746
680,840,160,0.16,0.06924431795190321
712,856,144,0.144,0.0671163767723483
750,875,125,0.125,0.08149859535618452
728,864,136,0.136,0.08823391722887755
670,835,165,0.165,0.09122872801311314
750,875,125,0.125,0.09284345971303992
726,863,137,0.137,0.08220528903778176
734,867,133,0.133,0.07975585953157861
768,884,116,0.116,0.09045132121350616
716,858,142,0.142,0.09034389656341227
778,889,111,0.111,0.0738427767160465
760,880,120,0.12,0.0790395480216539
736,868,132,0.132,0.08390364437445533
812,906,94,0.094,0.08281527370604454
638,819,181,0.181,0.0797940831866581
730,865,135,0.135,0.07476831486268201
768,884,116,0.116,0.08474396979354788
708,854,146,0.146,0.06908322625202709
726,863,137,0.137,0.08380757631213782
754,877,123,0.123,0.08217733121931087
710,855,145,0.145,0.06518856865039652
722,861,139,0.139,0.07482050354601233
790,895,105,0.105,0.07368861706688767
734,867,133,0.133,0.0712665708399727
728,864,136,0.136,0.0715888181825212
676,838,162,0.162,0.07847947791591287
728,864,136,0.136,0.06390126040761243
714,857,143,0.143,0.07384340371721192
740,870,130,0.13,0.08438006757362745
698,849,151,0.151,0.08396683203801512
758,879,121,0.121,0.08408833798690467
702,851,149,0.149,0.08566109127935488
708,854,146,0.146,0.07159936424996703
660,830,170,0.17,0.09883604309457587
744,872,128,0.128,0.09075909076178505
722,861,139,0.139,0.07729412352421787
766,883,117,0.117,0.08817261544448411
728,864,136,0.136,0.08451000322960317
746,873,127,0.127,0.09807469820638653
730,865,135,0.135,0.08635365614811599
704,852,148,0.148,0.08736906868452206
744,872,128,0.128,0.06906573333760024
730,865,135,0.135,0.09278633125897613
738,869,131,0.131,0.08252672045238432
760,880,120,0.12,0.0725832761808415
746,873,127,0.127,0.07393270179702086
774,887,113,0.113,0.07655995966563933
724,862,138,0.138,0.07592156867630546
758,879,121,0.121,0.0704621165778517
680,840,160,0.16,0.06940277724596672
734,867,133,0.133,0.07431935113086365
746,873,127,0.127,0.07206636854523095
714,857,143,0.143,0.07184439915732946
608,804,196,0.196,0.08172867803787813
698,849,151,0.151,0.08058792546208134
700,850,150,0.15,0.08770859930003644
736,868,132,0.132,0.08660593399312347
748,874,126,0.126,0.09791388145065866
722,861,139,0.139,0.0843028209588374
706,853,147,0.147,0.0694220363078639
740,870,130,0.13,0.07144666730068275
826,913,87,0.087,0.08151494406646816
738,869,131,0.131,0.09074804808420595
640,820,180,0.18,0.07389339749934151
688,844,156,0.156,0.08565661848464515
692,846,154,0.154,0.07261052118621592
746,873,127,0.127,0.0681953076852078
694,847,153,0.153,0.07331606207313598
698,849,151,0.151,0.07331902625315706
736,868,132,0.132,0.060641728115428124
708,854,146,0.146,0.08254234383255243
730,865,135,0.135,0.0861769744118792
762,881,119,0.119,0.08491215335656306
718,859,141,0.141,0.08276969466541777
690,845,155,0.155,0.08641580689785769
764,882,118,0.118,0.09278690005988756
744,872,128,0.128,0.08833004691763927
676,838,162,0.162,0.09391711428575218
660,830,170,0.17,0.08302929166244576
682,841,159,0.159,0.07651396190101514
698,849,151,0.151,0.07119128888478736
716,858,142,0.142,0.09153481371497037
754,877,123,0.123,0.06818672775052255
768,884,116,0.116,0.06877257059919066
794,897,103,0.103,0.06988305950921495
736,868,132,0.132,0.054461059577282867
796,898,102,0.102,0.06487094183271984
754,877,123,0.123,0.05832927253439266
750,875,125,0.125,0.06170350094634341
758,879,121,0.121,0.06101943982028024
778,889,111,0.111,0.05106299557293096
726,863,137,0.137,0.06092396526380617
736,868,132,0.132,0.056689934648646155
746,873,127,0.127,0.0713463985540584
774,887,113,0.113,0.0744405511267687
700,850,150,0.15,0.07910091360611841
726,863,137,0.137,0.06741085513633152
710,855,145,0.145,0.07671385707939044
676,838,162,0.162,0.08017282259790227
724,862,138,0.138,0.07220530156057793
746,873,127,0.127,0.07695237990596797
782,891,109,0.109,0.06298448023787932
722,861,139,0.139,0.08557549320149702
738,869,131,0.131,0.06992448683199473
704,852,148,0.148,0.08046494166465709
696,848,152,0.152,0.07574869156093336
706,853,147,0.147,0.07445124612090877
732,866,134,0.134,0.09351417915488128
732,866,134,0.134,0.07458122186778929
706,853,147,0.147,0.07267255325528095
772,886,114,0.114,0.0718432673868374
710,855,145,0.145,0.08658050721622385
750,875,125,0.125,0.08001280821525142
776,888,112,0.112,0.06932877801309223
756,878,122,0.122,0.07025728317152242
678,839,161,0.161,0.07692578679954022
716,858,142,0.142,0.06897158358327579
686,843,157,0.157,0.0672500786502751
692,846,154,0.154,0.07262468947877551
668,834,166,0.166,0.05920586672850186
758,879,121,0.121,0.05980148534908949
698,849,151,0.151,0.06366473606404179
728,864,136,0.136,0.06843441067072854
714,857,143,0.143,0.07088104509786354
764,882,118,0.118,0.08130636205535847
668,834,166,0.166,0.07433665896707681
702,851,149,0.149,0.0832231165021367
736,868,132,0.132,0.08911904940509703
764,882,118,0.118,0.07155249193916097
670,835,165,0.165,0.08548320970084751
800,900,100,0.1,0.07454817667449243
752,876,124,0.124,0.08590787070267834
720,860,140,0.14,0.06616359524594737
802,901,99,0.099,0.06497196333824831
720,860,140,0.14,0.07570866890985053
738,869,131,0.131,0.07156219415748273
718,859,141,0.141,0.06541310448935837
748,874,126,0.126,0.04998629883526155
700,850,150,0.15,0.07095766497198201
778,889,111,0.111,0.060992115988687146
728,864,136,0.136,0.05879388533155725
798,899,101,0.101,0.06425002327550465
758,879,121,0.121,0.05972664392471779
766,883,117,0.117,0.07201218885791605
706,853,147,0.147,0.08730007270502392
754,877,123,0.123,0.06471244778315303
720,860,140,0.14,0.07114007025203319
752,876,124,0.124,0.07013283044160926
672,836,164,0.164,0.0747546856670524
722,861,139,0.139,0.07067894515476655
706,853,147,0.147,0.07577855600438488
756,878,122,0.122,0.08380621999097639
714,857,143,0.143,0.08105925549668609
722,861,139,0.139,0.07865331488451921
714,857,143,0.143,0.08620953288549207
692,846,154,0.154,0.08527328805363504
722,861,139,0.139,0.08894035065930803
704,852,148,0.148,0.07522299852286232
742,871,129,0.129,0.07234826381756283
722,861,139,0.139,0.0809240139167523
722,861,139,0.139,0.07263511363882572
784,892,108,0.108,0.07036193821608322
732,866,134,0.134,0.08402247382188216
730,865,135,0.135,0.07362329002626938
754,877,123,0.123,0.06394554091358441
728,864,136,0.136,0.06776671238616108
752,876,124,0.124,0.055100406990997726
742,871,129,0.129,0.0654584027120145
748,874,126,0.126,0.07351703619780892
754,877,123,0.123,0.06445324678707402
734,867,133,0.133,0.06639033774967538
774,887,113,0.113,0.06104211150843184
752,876,124,0.124,0.058920932875131254
698,849,151,0.151,0.06421029617681051
730,865,135,0.135,0.06337424834976264
678,839,161,0.161,0.07046705543179996
698,849,151,0.151,0.07423061867640354
664,832,168,0.168,0.07220227854326368
782,891,109,0.109,0.07591426856283215
736,868,132,0.132,0.08012513375555863
728,864,136,0.136,0.08603067031200044
738,869,131,0.131,0.08905413419893012
780,890,110,0.11,0.07760211606952362
730,865,135,0.135,0.07640982523097045
724,862,138,0.138,0.0903048852042848
756,878,122,0.122,0.06891322827985277
744,872,128,0.128,0.07523221883352381
678,839,161,0.161,0.0889111331035383
742,871,129,0.129,0.06500839144169003
708,854,146,0.146,0.07009745078010018
718,859,141,0.141,0.07445173835859169
722,861,139,0.139,0.0681063531964901
740,870,130,0.13,0.06825485312298406
764,882,118,0.118,0.07171075501431187
702,851,149,0.149,0.06548465961182956
764,882,118,0.118,0.06579680850516888
728,864,136,0.136,0.07148093106789748
734,867,133,0.133,0.06348076168546686
710,855,145,0.145,0.07005500659428071
726,863,137,0.137,0.08126253739945241
714,857,143,0.143,0.07247110497276299
704,852,148,0.148,0.07056647089906619
740,870,130,0.13,0.07222934188655927
702,851,149,0.149,0.07393991268135142
714,857,143,0.143,0.0806977378274314
726,863,137,0.137,0.07367578380741178
742,871,129,0.129,0.07946661537629553
764,882,118,0.118,0.08087201225577155
782,891,109,0.109,0.0730549224599963
744,872,128,0.128,0.0807680602427572
740,870,130,0.13,0.08575998187169899
694,847,153,0.153,0.07752175500785233
696,848,152,0.152,0.08604186574125197
740,870,130,0.13,0.0695138546458329
762,881,119,0.119,0.07243746784213
734,867,133,0.133,0.06827818251332428
730,865,135,0.135,0.06132707729789581
712,856,144,0.144,0.06437974316018881
770,885,115,0.115,0.06832738535075623
748,874,126,0.126,0.06607910153496778
706,853,147,0.147,0.06955005662521581
756,878,122,0.122,0.06578955667925766
674,837,163,0.163,0.07583132896729512
824,912,88,0.088,0.059842405909730584
684,842,158,0.158,0.06491426773997955
732,866,134,0.134,0.06577147039039119
780,890,110,0.11,0.06567647254338954
730,865,135,0.135,0.06472049223212525
710,855,145,0.145,0.06814528328612506
720,860,140,0.14,0.08062689613748808
742,871,129,0.129,0.07878933346335543
722,861,139,0.139,0.0803592903369572
750,875,125,0.125,0.06637995968596079
756,878,122,0.122,0.06610434785505641
734,867,133,0.133,0.07658213199209422
704,852,148,0.148,0.06339279573396198
698,849,151,0.151,0.07615714712225599
680,840,160,0.16,0.07116428621264641
676,838,162,0.162,0.07521333718084497
724,862,138,0.138,0.06639863931830041
728,864,136,0.136,0.06824389293481363
730,865,135,0.135,0.07588067572811269
622,811,189,0.189,0.07620083404832985
744,872,128,0.128,0.07010502190090483
778,889,111,0.111,0.07231176041375147
732,866,134,0.134,0.08278787589486455
750,875,125,0.125,0.07467381272208877
720,860,140,0.14,0.08459916360036004
732,866,134,0.134,0.07846028452331666
718,859,141,0.141,0.07786434443516191
664,832,168,0.168,0.07708696717076237
700,850,150,0.15,0.0642070948575274
730,865,135,0.135,0.0710103242797777
736,868,132,0.132,0.06418099763552891
758,879,121,0.121,0.062107960417692086
726,863,137,0.137,0.05823680177645292
706,853,147,0.147,0.06858202657969377
748,874,126,0.126,0.06467735847302537
706,853,147,0.147,0.0682648360063322
730,865,135,0.135,0.0590151423253119
676,838,162,0.162,0.07040672687237384
738,869,131,0.131,0.05865514176123543
740,870,130,0.13,0.06479937058530777
712,856,144,0.144,0.07132525683048879
748,874,126,0.126,0.07175090611944325
736,868,132,0.132,0.0723191704666533
694,847,153,0.153,0.07544549093527894
702,851,149,0.149,0.07060855094715952
788,894,106,0.106,0.06165796206076629
712,856,144,0.144,0.06799444364808732
694,847,153,0.153,0.09160486042528646
762,881,119,0.119,0.08145235723898804
698,849,151,0.151,0.07720536346372682
768,884,116,0.116,0.06992789827315937
690,845,155,0.155,0.07095155047380831
790,895,105,0.105,0.07547071716967912
730,865,135,0.135,0.06960655054158997
684,842,158,0.158,0.06695555084006628
690,845,155,0.155,0.07397462348967383
768,884,116,0.116,0.06252171067122982
676,838,162,0.162,0.0603092440442997
780,890,110,0.11,0.055270764856046296
708,854,146,0.146,0.06925705966242822
756,878,122,0.122,0.05972605770082737
714,857,143,0.143,0.07076089384744409
720,860,140,0.14,0.06434621991749737
746,873,127,0.127,0.07037197651303723
770,885,115,0.115,0.07055696639593224
746,873,127,0.127,0.06571904223921593
746,873,127,0.127,0.07436274644482183
678,839,161,0.161,0.08286099412117619
724,862,138,0.138,0.07224957191076828
748,874,126,0.126,0.07394458828691859
772,886,114,0.114,0.07037160859786673
810,905,95,0.095,0.058088786447049644
744,872,128,0.128,0.05122653989001992
732,866,134,0.134,0.058848898154246855
724,862,138,0.138,0.05215617260267027
758,879,121,0.121,0.051499964452697895
766,883,117,0.117,0.05206617911462672
778,889,111,0.111,0.052175035587802995
720,860,140,0.14,0.06421132929755186
734,867,133,0.133,0.05609607871202752
750,875,125,0.125,0.06023577824874883
766,883,117,0.117,0.052785105734161335
734,867,133,0.133,0.06546225697868067
746,873,127,0.127,0.07644113271398237
742,871,129,0.129,0.07418847673665732
748,874,126,0.126,0.07545427786008804
694,847,153,0.153,0.06828166288463398
756,878,122,0.122,0.07811975841107778
742,871,129,0.129,0.05803448946843855
810,905,95,0.095,0.06058598194236402
746,873,127,0.127,0.06794288157462143
736,868,132,0.132,0.0682049818484229
758,879,121,0.121,0.0668853117863182
696,848,152,0.152,0.05774855970754288
764,882,118,0.118,0.057638029361172814
710,855,145,0.145,0.058481510526209604
688,844,156,0.156,0.059548714006436056
756,878,122,0.122,0.06289799832267454
774,887,113,0.113,0.059897852029185746
732,866,134,0.134,0.0611749724408146
754,877,123,0.123,0.07326733863097616
768,884,116,0.116,0.058714548995863876
708,854,146,0.146,0.07524466354874312
706,853,147,0.147,0.06294778371090069
702,851,149,0.149,0.07659676060960191
756,878,122,0.122,0.07146150800635223
664,832,168,0.168,0.08643505099765025
712,856,144,0.144,0.07598806967097335
734,867,133,0.133,0.0710892661649268
670,835,165,0.165,0.06759673766163178
718,859,141,0.141,0.08064949722122401
748,874,126,0.126,0.07049887216521893
718,859,141,0.141,0.06748996360530145
760,880,120,0.12,0.06369749017304276
716,858,142,0.142,0.06134138680668548
728,864,136,0.136,0.05842630406678654
774,887,113,0.113,0.06128065555232751
702,851,149,0.149,0.06606095945852576
706,853,147,0.147,0.06037185527209658
722,861,139,0.139,0.05381690434398479
764,882,118,0.118,0.06113687090716849
746,873,127,0.127,0.06250681955122854
682,841,159,0.159,0.07122970829397673
784,892,108,0.108,0.06443746469158214
716,858,142,0.142,0.0709907023421838
674,837,163,0.163,0.07048281813919312
712,856,144,0.144,0.0730193904247717
712,856,144,0.144,0.07448238274623872
778,889,111,0.111,0.060127629611757584
676,838,162,0.162,0.07544649607362226
708,854,146,0.146,0.07619645197904902
762,881,119,0.119,0.06809425840748008
736,868,132,0.132,0.058310015699156795
734,867,133,0.133,0.06681615171412704
692,846,154,0.154,0.05767644653656476
790,895,105,0.105,0.05172175389507902
774,887,113,0.113,0.05677129839728696
710,855,145,0.145,0.06334053288109134
724,862,138,0.138,0.05818192454057862
736,868,132,0.132,0.05455269035321544
676,838,162,0.162,0.06477071853546658
742,871,129,0.129,0.06743411679760902
752,876,124,0.124,0.06191159331350354
700,850,150,0.15,0.06494540740543743
770,885,115,0.115,0.06391431859740987
724,862,138,0.138,0.0754692877997877
722,861,139,0.139,0.09210921069176402
720,860,140,0.14,0.08418014537997077
734,867,133,0.133,0.07283993068395649
678,839,161,0.161,0.06853987769875676
742,871,129,0.129,0.06601959487091517
714,857,143,0.143,0.08109698418452171
766,883,117,0.117,0.059784641489910424
686,843,157,0.157,0.06609620971809636
742,871,129,0.129,0.06324781971680932
724,862,138,0.138,0.06884813239221695
768,884,116,0.116,0.06958912621904165
772,886,114,0.114,0.05530747852509375
738,869,131,0.131,0.06268993625696749
740,870,130,0.13,0.06044238558667712
706,853,147,0.147,0.06727542456157971
750,875,125,0.125,0.06119588246912463
736,868,132,0.132,0.06084588016348425
762,881,119,0.119,0.06591149908781517
726,863,137,0.137,0.06344220784460049
706,853,147,0.147,0.0736023448453052
750,875,125,0.125,0.07136115292157047
748,874,126,0.126,0.06051259936871065
816,908,92,0.092,0.06636384794698097
752,876,124,0.124,0.07617165270439
712,856,144,0.144,0.06269483971776207
694,847,153,0.153,0.08192976303241449
766,883,117,0.117,0.06985842022235739
778,889,111,0.111,0.0659821760999912
772,886,114,0.114,0.06344402635209553
778,889,111,0.111,0.06371274038916454
722,861,139,0.139,0.07554848294245312
728,864,136,0.136,0.06350503027654486
710,855,145,0.145,0.0725446349443373
774,887,113,0.113,0.0638399189056363
738,869,131,0.131,0.06139290129466099
738,869,131,0.131,0.0731224639742868
722,861,139,0.139,0.07048648844391574
680,840,160,0.16,0.06010752998385578
702,851,149,0.149,0.06586220161622623
728,864,136,0.136,0.06580071771115763
744,872,128,0.128,0.06331247205217369
758,879,121,0.121,0.07371336257501389
672,836,164,0.164,0.07842538937876815
704,852,148,0.148,0.08012051388679538
748,874,126,0.126,0.07997802797425538
740,870,130,0.13,0.0723245138543425
760,880,120,0.12,0.08094773802242708
742,871,129,0.129,0.08218946097363368
716,858,142,0.142,0.06962326655653306
720,860,140,0.14,0.076378958248446
694,847,153,0.153,0.07258666775678284
720,860,140,0.14,0.06900553507765289
696,848,152,0.152,0.06605945099296515
676,838,162,0.162,0.06924281416786834
766,883,117,0.117,0.06996735063241795
652,826,174,0.174,0.07349788707843982
710,855,145,0.145,0.06700894573243568
758,879,121,0.121,0.07054643532104092
766,883,117,0.117,0.07354431649856269
754,877,123,0.123,0.07655831968854182
736,868,132,0.132,0.07411095392750576
714,857,143,0.143,0.07647027614194667
750,875,125,0.125,0.07352303795336047
752,876,124,0.124,0.07309833422358497
738,869,131,0.131,0.06614480097440537
694,847,153,0.153,0.07644145927476348
738,869,131,0.131,0.069528408368089
710,855,145,0.145,0.06106495254902984
728,864,136,0.136,0.07120138867280912
758,879,121,0.121,0.06716541617608164
756,878,122,0.122,0.0746376422692556
774,887,113,0.113,0.07177438623760826
696,848,152,0.152,0.06996890694729518
722,861,139,0.139,0.07589986047195271
808,904,96,0.096,0.08084557469229912
750,875,125,0.125,0.07167014933997416
728,864,136,0.136,0.07997514853751636
708,854,146,0.146,0.0676430778344802
696,848,152,0.152,0.06846628723677714
766,883,117,0.117,0.062438547182362525
728,864,136,0.136,0.07614197069604416
730,865,135,0.135,0.05868383181237368
764,882,118,0.118,0.06308870284934529
686,843,157,0.157,0.07510601867362857
688,844,156,0.156,0.0675999094605213
718,859,141,0.141,0.07021029730001464
724,862,138,0.138,0.07175286041057552
720,860,140,0.14,0.07928958296426572
682,841,159,0.159,0.09400373232131824
708,854,146,0.146,0.0798497217039112
718,859,141,0.141,0.08311159927712287
682,841,159,0.159,0.08250954108289443
744,872,128,0.128,0.08098191893333569
700,850,150,0.15,0.08852987555606523
702,851,149,0.149,0.07405594045406906
756,878,122,0.122,0.06884579329343979
760,880,120,0.12,0.06387588519259589
762,881,119,0.119,0.06669490769348341
762,881,119,0.119,0.06659254404727835
742,871,129,0.129,0.06457032991410233
726,863,137,0.137,0.0650504302137997
720,860,140,0.14,0.07373050147277536
740,870,130,0.13,0.06030775776994415
710,855,145,0.145,0.058817639499378856
774,887,113,0.113,0.07233750905655324
768,884,116,0.116,0.07006851317663677
776,888,112,0.112,0.05947749933763407
690,845,155,0.155,0.07551233497913927
716,858,142,0.142,0.0671595556687098
724,862,138,0.138,0.06769020246947184
738,869,131,0.131,0.06977415215328801
722,861,139,0.139,0.07945274639222771
702,851,149,0.149,0.09281749305364792
734,867,133,0.133,0.07118863286997658
708,854,146,0.146,0.07538698608608684
754,877,123,0.123,0.07768963733088458
742,871,129,0.129,0.06683561669511255
762,881,119,0.119,0.06568877245078329
740,870,130,0.13,0.0653067917402368
782,891,109,0.109,0.060397996481100565
748,874,126,0.126,0.06388104453263804
756,878,122,0.122,0.0665068129558058
700,850,150,0.15,0.06449646057066274
718,859,141,0.141,0.07862566471856552
734,867,133,0.133,0.05908710498741129
708,854,146,0.146,0.07258615874891984
778,889,111,0.111,0.0794625713826972
708,854,146,0.146,0.06823062680033036
698,849,151,0.151,0.06598627163318452
692,846,154,0.154,0.08552877887384966
746,873,127,0.127,0.0726986817488214
744,872,128,0.128,0.07938731645117514
778,889,111,0.111,0.0688234087000892
720,860,140,0.14,0.07574591933580814
676,838,162,0.162,0.07349107865436236
730,865,135,0.135,0.06427529166277964
752,876,124,0.124,0.07304699313186575
740,870,130,0.13,0.07010257195626036
726,863,137,0.137,0.07625280597137317
682,841,159,0.159,0.07148162029872765
698,849,151,0.151,0.06439102933584945
692,846,154,0.154,0.07997193664440419
784,892,108,0.108,0.07671578846673947
700,850,150,0.15,0.08241992316010874
734,867,133,0.133,0.0811631299284054
756,878,122,0.122,0.08605552141531371
758,879,121,0.121,0.0824436184388469
728,864,136,0.136,0.08311570864008536
704,852,148,0.148,0.07921198859624565
720,860,140,0.14,0.07968955510214437
720,860,140,0.14,0.06829177578096278
698,849,151,0.151,0.0721764997758437
760,880,120,0.12,0.06296338206680957
760,880,120,0.12,0.069638066608808
692,846,154,0.154,0.07428552004339872
742,871,129,0.129,0.07051369220457855
700,850,150,0.15,0.08016760860831709
736,868,132,0.132,0.07180559186637402
732,866,134,0.134,0.07334383348084521
746,873,127,0.127,0.08230411071749404
748,874,126,0.126,0.07633802395925159
738,869,131,0.131,0.07518036235810723
690,845,155,0.155,0.09372394887794508
688,844,156,0.156,0.0800422342964448
738,869,131,0.131,0.07114282862504478
740,870,130,0.13,0.08543848446250195
794,897,103,0.103,0.07537199481669814
706,853,147,0.147,0.07832637534069363
714,857,143,0.143,0.06549012657511048
736,868,132,0.132,0.06948157016967889
756,878,122,0.122,0.07161432155848889
710,855,145,0.145,0.07574110790895792
786,893,107,0.107,0.06995796248235274
704,852,148,0.148,0.07310934478754644
766,883,117,0.117,0.0646456723077572
718,859,141,0.141,0.06807014480012004
746,873,127,0.127,0.05840124361263588
762,881,119,0.119,0.05986084326650598
732,866,134,0.134,0.06355810289198416
728,864,136,0.136,0.06833197111601476
746,873,127,0.127,0.06482572300039464
744,872,128,0.128,0.06340904745529406
738,869,131,0.131,0.05585231359256432
732,866,134,0.134,0.0686967964686919
728,864,136,0.136,0.07349228413106175
714,857,143,0.143,0.06774169691201677
746,873,127,0.127,0.06997499729273841
750,875,125,0.125,0.07356023037817795
712,856,144,0.144,0.07723823994712438
716,858,142,0.142,0.07193485662247985
704,852,148,0.148,0.0742808444419934
740,870,130,0.13,0.07452420166844968
746,873,127,0.127,0.06885586524684914
710,855,145,0.145,0.06429637321882183
730,865,135,0.135,0.06686782042763662
738,869,131,0.131,0.06647466000923305
746,873,127,0.127,0.06367953737743665
654,827,173,0.173,0.0698792372928292
736,868,132,0.132,0.07080985296331346
750,875,125,0.125,0.0647161863114452
684,842,158,0.158,0.07436614230409032
740,870,130,0.13,0.07421017690235748
664,832,168,0.168,0.08914612360624596
774,887,113,0.113,0.07385578935040393
746,873,127,0.127,0.07181061288481579
730,865,135,0.135,0.08538040998508223
762,881,119,0.119,0.06903077784366905
730,865,135,0.135,0.06979932452284265
728,864,136,0.136,0.07171254616347142
782,891,109,0.109,0.06990257398108951
702,851,149,0.149,0.059958248383714816
748,874,126,0.126,0.06051990083884448
764,882,118,0.118,0.05393374891602434
724,862,138,0.138,0.0644413863287191
746,873,127,0.127,0.06442325669145793
688,844,156,0.156,0.059076807177101724
762,881,119,0.119,0.062496449861675504
690,845,155,0.155,0.06432121133734472
734,867,133,0.133,0.06828262515983079
680,840,160,0.16,0.06949659827898721
760,880,120,0.12,0.07086990148812765
752,876,124,0.124,0.0608578233839944
764,882,118,0.118,0.06971923598875583
710,855,145,0.145,0.07336566655570641
752,876,124,0.124,0.06685897624772041
662,831,169,0.169,0.07179880552820396
752,876,124,0.124,0.0732515886076726
766,883,117,0.117,0.06334645430807723
734,867,133,0.133,0.06133344528381713
710,855,145,0.145,0.06441436614841223
722,861,139,0.139,0.06713769819779554
694,847,153,0.153,0.07148642518511042
684,842,158,0.158,0.0702701362175867
706,853,147,0.147,0.06991838259727229
728,864,136,0.136,0.07282987428235356
700,850,150,0.15,0.06794664627639577
708,854,146,0.146,0.06641296659538057
752,876,124,0.124,0.06202353413915262
682,841,159,0.159,0.058912830404238774
740,870,130,0.13,0.06481928477296606
720,860,140,0.14,0.05683470379468054
740,870,130,0.13,0.057881258140376306
734,867,133,0.133,0.07140003799181431
748,874,126,0.126,0.06179194255819311
692,846,154,0.154,0.07472951364243637
690,845,155,0.155,0.06884371516853571
780,890,110,0.11,0.05689874319807859
722,861,139,0.139,0.06595181026973296
720,860,140,0.14,0.07101663265482057
712,856,144,0.144,0.06443451622792054
698,849,151,0.151,0.06856992100877687
714,857,143,0.143,0.06313422951602843
726,863,137,0.137,0.0604973444141433
700,850,150,0.15,0.06585471930878703
726,863,137,0.137,0.06407649926930026
728,864,136,0.136,0.06134470841442817
740,870,130,0.13,0.06265400132001378
736,868,132,0.132,0.06055838903988479
754,877,123,0.123,0.06211454507010058
754,877,123,0.123,0.05919930139486678
754,877,123,0.123,0.053306906393612734
756,878,122,0.122,0.06986378752533347
762,881,119,0.119,0.05854364054067992
714,857,143,0.143,0.06825891010509803
776,888,112,0.112,0.05673829526611371
766,883,117,0.117,0.06031654453327428
740,870,130,0.13,0.0597804944232339
706,853,147,0.147,0.06446101294318214
722,861,139,0.139,0.05976413635419158
710,855,145,0.145,0.06777766144322231
738,869,131,0.131,0.06712934216903522
724,862,138,0.138,0.06642570260306821
780,890,110,0.11,0.06493043315818067
762,881,119,0.119,0.06250161466063582
784,892,108,0.108,0.06324371463764691
736,868,132,0.132,0.059182612282631455
708,854,146,0.146,0.0651399413201725
688,844,156,0.156,0.06387758701993153
746,873,127,0.127,0.06158753410784994
762,881,119,0.119,0.059871309419031606
690,845,155,0.155,0.060721908055595124
724,862,138,0.138,0.05751452762028202
726,863,137,0.137,0.05486148421745747
680,840,160,0.16,0.058335641602578106
792,896,104,0.104,0.0588723198340158
764,882,118,0.118,0.06829663814650848
746,873,127,0.127,0.06413543830707204
758,879,121,0.121,0.06625615817989455
738,869,131,0.131,0.0662427098536864
710,855,145,0.145,0.06876822984375758
732,866,134,0.134,0.06409732573683141
770,885,115,0.115,0.06192846311442554
748,874,126,0.126,0.06379322825471172
802,901,99,0.099,0.0566556766674621
672,836,164,0.164,0.06152660173160257
726,863,137,0.137,0.06091592707019299
726,863,137,0.137,0.06679573363612872
746,873,127,0.127,0.060793966038851066
740,870,130,0.13,0.07448563246696721
734,867,133,0.133,0.07426400839944836
708,854,146,0.146,0.06460866194439586
758,879,121,0.121,0.06455702330206986
678,839,161,0.161,0.0674558944660821
752,876,124,0.124,0.06280317693692632
712,856,144,0.144,0.06666081593686249
752,876,124,0.124,0.06390593945042929
718,859,141,0.141,0.05783358625075198
766,883,117,0.117,0.05616085795429535
740,870,130,0.13,0.059869196866755375
700,850,150,0.15,0.06097057496447815
730,865,135,0.135,0.05827530106832273
736,868,132,0.132,0.0651515377247706
742,871,129,0.129,0.07039575525687541
712,856,144,0.144,0.07087138943746686
740,870,130,0.13,0.0521992521288339
746,873,127,0.127,0.06454722179076634
740,870,130,0.13,0.06633646206872072
638,819,181,0.181,0.07587551840342348
696,848,152,0.152,0.07200351321767084
694,847,153,0.153,0.07369532000785693
798,899,101,0.101,0.06724342271627393
684,842,158,0.158,0.07998248846211936
744,872,128,0.128,0.07484027375746519
664,832,168,0.168,0.07607788036135026
696,848,152,0.152,0.07474805608217139
742,871,129,0.129,0.06735534398804885
774,887,113,0.113,0.0579203727124841
698,849,151,0.151,0.057001432782562915
752,876,124,0.124,0.045381230924627744
808,904,96,0.096,0.053796700778460944
744,872,128,0.128,0.05087914030876709
730,865,135,0.135,0.055978874562832064
676,838,162,0.162,0.06578518371959217
768,884,116,0.116,0.059093897322600245
706,853,147,0.147,0.06421633698209189
792,896,104,0.104,0.06086900306865573
718,859,141,0.141,0.0619082551341271
734,867,133,0.133,0.061268452307849657
720,860,140,0.14,0.05709647116431733
752,876,124,0.124,0.06229097065975657
764,882,118,0.118,0.0586505489966803
750,875,125,0.125,0.05065370492794318
748,874,126,0.126,0.049744474255363456
664,832,168,0.168,0.056800902138638774
758,879,121,0.121,0.04647384795969992
718,859,141,0.141,0.05856103475368582
696,848,152,0.152,0.059590789858135394
740,870,130,0.13,0.05816157508268952
770,885,115,0.115,0.06491865068755578
730,865,135,0.135,0.06297967951760802
744,872,128,0.128,0.05864346210169606
672,836,164,0.164,0.06407565769040957
710,855,145,0.145,0.06531147695833352
792,896,104,0.104,0.04984588343388168
684,842,158,0.158,0.05245075715298299
754,877,123,0.123,0.04916417009930592
698,849,151,0.151,0.049741289622266774
690,845,155,0.155,0.05533326692176342
764,882,118,0.118,0.05140144599657833
760,880,120,0.12,0.05443078461232653
758,879,121,0.121,0.05778714213258354
730,865,135,0.135,0.05495379265758674
776,888,112,0.112,0.055934581663575955
778,889,111,0.111,0.04783416069066152
792,896,104,0.104,0.04741715504825697
708,854,146,0.146,0.051467357998015356
758,879,121,0.121,0.04856741965014953
782,891,109,0.109,0.04952626812341623
754,877,123,0.123,0.04901812785619404
704,852,148,0.148,0.0441733074511576
746,873,127,0.127,0.04532275955466321
742,871,129,0.129,0.053516251332417594
704,852,148,0.148,0.05033405031263828
710,855,145,0.145,0.05772095914685633
756,878,122,0.122,0.05830093657510588
736,868,132,0.132,0.0560727830719552
692,846,154,0.154,0.06783734373222979
718,859,141,0.141,0.05997886666769046
762,881,119,0.119,0.05961368177644909
724,862,138,0.138,0.05194062392693013
828,914,86,0.086,0.05222955566144083
706,853,147,0.147,0.05340331594704185
762,881,119,0.119,0.05079393928678473
744,872,128,0.128,0.04825286238529952
738,869,131,0.131,0.04756527714840195
758,879,121,0.121,0.044988233908778055
750,875,125,0.125,0.045720394216361454
692,846,154,0.154,0.0433369290131377
770,885,115,0.115,0.04729129217244918
736,868,132,0.132,0.05731130333291367
730,865,135,0.135,0.04632888288260437
682,841,159,0.159,0.05490904449939262
762,881,119,0.119,0.05885599936638027
754,877,123,0.123,0.05167080352053745
750,875,125,0.125,0.042694158097845505
770,885,115,0.115,0.04838877448052517
772,886,114,0.114,0.04867910196914454
742,871,129,0.129,0.04613678333014832
694,847,153,0.153,0.04994176477321889
626,813,187,0.187,0.05173759662167868
768,884,116,0.116,0.0507199733343441
700,850,150,0.15,0.052218722055258696
740,870,130,0.13,0.059337402042467145
714,857,143,0.143,0.06204203639551997
716,858,142,0.142,0.06083037488837727
704,852,148,0.148,0.06185965515242424
726,863,137,0.137,0.06851060687599238
716,858,142,0.142,0.055186682673171165
720,860,140,0.14,0.05316066381061683
790,895,105,0.105,0.046558299933589294
736,868,132,0.132,0.0535785603923141
748,874,126,0.126,0.044329428647994065
710,855,145,0.145,0.044836761707643745
722,861,139,0.139,0.04570264172309544
708,854,146,0.146,0.049471129524928985
726,863,137,0.137,0.04978747090371326
740,870,130,0.13,0.054009992758452426
752,876,124,0.124,0.05611286346468842
710,855,145,0.145,0.06281334630423226
748,874,126,0.126,0.059339198235189544
694,847,153,0.153,0.05887264771130867
720,860,140,0.14,0.05979507844161708
738,869,131,0.131,0.055281499093747695
722,861,139,0.139,0.0494021582242276
726,863,137,0.137,0.04842580768687185
706,853,147,0.147,0.05707946888636797
764,882,118,0.118,0.04866339815799438
770,885,115,0.115,0.045509344699094074
750,875,125,0.125,0.044899868476670234
734,867,133,0.133,0.0495762230323744
758,879,121,0.121,0.050056697712570895
682,841,159,0.159,0.060862726389663294
758,879,121,0.121,0.04687204097840004
712,856,144,0.144,0.05245311563718133
740,870,130,0.13,0.054143180284503614
724,862,138,0.138,0.05276578291936312
762,881,119,0.119,0.05119605686282739
674,837,163,0.163,0.055922844120417724
720,860,140,0.14,0.051312464867252855
780,890,110,0.11,0.04716874308846309
702,851,149,0.149,0.050851212685578503
724,862,138,0.138,0.04932534213573672
756,878,122,0.122,0.04839742935443064
728,864,136,0.136,0.05483095571293961
724,862,138,0.138,0.05229030988342129
738,869,131,0.131,0.05677046395831712
700,850,150,0.15,0.054016468014273414
732,866,134,0.134,0.05067671420336774
698,849,151,0.151,0.054134454268729315
766,883,117,0.117,0.04919345045854425
772,886,114,0.114,0.04751508062731591
700,850,150,0.15,0.05500376476155361
730,865,135,0.135,0.05373066670430126
754,877,123,0.123,0.0506964195559849
724,862,138,0.138,0.06289855816669296
706,853,147,0.147,0.0639660466609057
738,869,131,0.131,0.05899688155303011
734,867,133,0.133,0.059984754288278055
724,862,138,0.138,0.059386616195668464
726,863,137,0.137,0.052721493779914454
702,851,149,0.149,0.05591339645348489
756,878,122,0.122,0.05886224925192073
720,860,140,0.14,0.050667998734803404
746,873,127,0.127,0.05066378053656081
754,877,123,0.123,0.04718221336638089
720,860,140,0.14,0.05001122953830054
774,887,113,0.113,0.05031411317308084
752,876,124,0.124,0.04775155068768436
738,869,131,0.131,0.05480726960033644
720,860,140,0.14,0.06260016113845632
756,878,122,0.122,0.05594928513802006
754,877,123,0.123,0.06127107300749048
756,878,122,0.122,0.06030907187936828
728,864,136,0.136,0.06389152214350179
786,893,107,0.107,0.057903036056028215
704,852,148,0.148,0.061171492852037775
720,860,140,0.14,0.04823843584489077
700,850,150,0.15,0.05612785112806887
738,869,131,0.131,0.058542460724769624
732,866,134,0.134,0.050461738037643956
846,923,77,0.077,0.04933885504322825
732,866,134,0.134,0.05589938125974731
730,865,135,0.135,0.058522591123241
734,867,133,0.133,0.0546710209074663
756,878,122,0.122,0.05699259717646055
694,847,153,0.153,0.05772002302366309
774,887,113,0.113,0.05301437208801508
762,881,119,0.119,0.05065033127984498
704,852,148,0.148,0.048838171458221044
750,875,125,0.125,0.051973385476856496
724,862,138,0.138,0.05811994230240816
686,843,157,0.157,0.05921989368996583
710,855,145,0.145,0.05486078654823359
720,860,140,0.14,0.0598627348887967
730,865,135,0.135,0.05789386506169103
748,874,126,0.126,0.06500098525779321
726,863,137,0.137,0.05605316315102391
704,852,148,0.148,0.05953301396089955
690,845,155,0.155,0.05872047990723513
708,854,146,0.146,0.04995763906510547
756,878,122,0.122,0.05221882368659135
682,841,159,0.159,0.049349097439437176
770,885,115,0.115,0.053035554291214794
722,861,139,0.139,0.05506376970524434
720,860,140,0.14,0.056603014070307836
780,890,110,0.11,0.05243715656886343
676,838,162,0.162,0.06683446305256803
750,875,125,0.125,0.058525163646321744
728,864,136,0.136,0.0540986844766885
692,846,154,0.154,0.061375615399330855
750,875,125,0.125,0.059199465407873506
738,869,131,0.131,0.05891306122910464
720,860,140,0.14,0.06329605097370222
740,870,130,0.13,0.05704275747790234
746,873,127,0.127,0.05180601743253646
744,872,128,0.128,0.04925204430753365
760,880,120,0.12,0.050220019385102205
698,849,151,0.151,0.05226868242677301
730,865,135,0.135,0.05108197793713771
730,865,135,0.135,0.04832812665309757
714,857,143,0.143,0.05612880009703804
706,853,147,0.147,0.050710418635862876
732,866,134,0.134,0.05664257088291925
716,858,142,0.142,0.05127984127716627
752,876,124,0.124,0.052070033475756644
710,855,145,0.145,0.053560350408079105
746,873,127,0.127,0.049964472008519806
736,868,132,0.132,0.0538061116929166
742,871,129,0.129,0.06051622393867001
734,867,133,0.133,0.055071217787684874
746,873,127,0.127,0.05581257321569137
712,856,144,0.144,0.05432333556562662
738,869,131,0.131,0.056612581740919266
702,851,149,0.149,0.05476962625351735
760,880,120,0.12,0.05170493193971924
704,852,148,0.148,0.06009222068125382
734,867,133,0.133,0.04431977269938216
746,873,127,0.127,0.045037051448482086
734,867,133,0.133,0.051259215125639454
750,875,125,0.125,0.050462106392602436
746,873,127,0.127,0.04911090019403491
748,874,126,0.126,0.04533702806304791
720,860,140,0.14,0.045948677075561134
656,828,172,0.172,0.057707666796282864
718,859,141,0.141,0.054672440816182645
810,905,95,0.095,0.05377578991150949
696,848,152,0.152,0.0676180337012047
670,835,165,0.165,0.06503250519069843
726,863,137,0.137,0.06165827121550683
732,866,134,0.134,0.058691448986297474
728,864,136,0.136,0.061423181829974055
726,863,137,0.137,0.05837252959297621
730,865,135,0.135,0.060438099150778725
704,852,148,0.148,0.056814762508380225
702,851,149,0.149,0.05158041351020802
772,886,114,0.114,0.04763899644848425
734,867,133,0.133,0.0460844600192504
746,873,127,0.127,0.04270244313590228
790,895,105,0.105,0.04677394795801956
744,872,128,0.128,0.05113563600456109
718,859,141,0.141,0.052005156868312044
772,886,114,0.114,0.05133672272809781
712,856,144,0.144,0.05518964284696267
750,875,125,0.125,0.049820029849157434
748,874,126,0.126,0.05048340402950999
722,861,139,0.139,0.052916014610091225
680,840,160,0.16,0.05521271153353155
752,876,124,0.124,0.057600878350320274
748,874,126,0.126,0.0544300619099522
750,875,125,0.125,0.051269493948144375
702,851,149,0.149,0.05677920882467515
680,840,160,0.16,0.05447070896276273
716,858,142,0.142,0.05182880254590418
732,866,134,0.134,0.04837601600494236
754,877,123,0.123,0.047120035409461705
754,877,123,0.123,0.044519644010550107
678,839,161,0.161,0.04901638323394582
772,886,114,0.114,0.04678012736653909
742,871,129,0.129,0.04697127872530837
738,869,131,0.131,0.04546085672767367
766,883,117,0.117,0.05077834704492125
714,857,143,0.143,0.053539001589873805
676,838,162,0.162,0.05547724542324431
682,841,159,0.159,0.05875932997069321
720,860,140,0.14,0.050998400854179636
748,874,126,0.126,0.051977680238778703
726,863,137,0.137,0.05131754605495371
724,862,138,0.138,0.04867032194358762
758,879,121,0.121,0.04064403323549777
800,900,100,0.1,0.04518836926179938
748,874,126,0.126,0.04763986784470035
698,849,151,0.151,0.0466956122899428
726,863,137,0.137,0.050221292595844715
656,828,172,0.172,0.054677671392448245
768,884,116,0.116,0.046002996793598865
744,872,128,0.128,0.05314315986027941
698,849,151,0.151,0.053807809412130155
700,850,150,0.15,0.057241008670534936
710,855,145,0.145,0.05477176442858763
716,858,142,0.142,0.047397068265418056
736,868,132,0.132,0.053694985371781516
706,853,147,0.147,0.05639892246003728
720,860,140,0.14,0.04453405756951542
738,869,131,0.131,0.04811653212807141
736,868,132,0.132,0.051041847407119346
800,900,100,0.1,0.046699032013391845
694,847,153,0.153,0.05302849000156857
742,871,129,0.129,0.05557261604734231
766,883,117,0.117,0.05512975828233175
700,850,150,0.15,0.05612456135300454
746,873,127,0.127,0.058291583671118134
682,841,159,0.159,0.06284374903846765
738,869,131,0.131,0.055237873286008835
688,844,156,0.156,0.05983785905278637
674,837,163,0.163,0.05707907714473549
742,871,129,0.129,0.05394588317465968
740,870,130,0.13,0.04840461248956854
696,848,152,0.152,0.05211649281694554
696,848,152,0.152,0.05202540687250439
738,869,131,0.131,0.055553133385954426
780,890,110,0.11,0.04649413610331248
714,857,143,0.143,0.058275891716126356
702,851,149,0.149,0.05481555910769385
764,882,118,0.118,0.05314896139886696
762,881,119,0.119,0.054077929290710015
764,882,118,0.118,0.05502707493002527
632,816,184,0.184,0.05823428936419077
766,883,117,0.117,0.05059226962528191
752,876,124,0.124,0.04856750221271068
722,861,139,0.139,0.05114750759082381
722,861,139,0.139,0.04821104247833136
694,847,153,0.153,0.05187085838522762
772,886,114,0.114,0.04984515532292426
746,873,127,0.127,0.05025972600764362
694,847,153,0.153,0.0619202561120328
684,842,158,0.158,0.061826238042500335
758,879,121,0.121,0.05447941088723019
722,861,139,0.139,0.05608955099142622
704,852,148,0.148,0.05898418253427371
710,855,145,0.145,0.05978200147394091
752,876,124,0.124,0.05118232465675101
764,882,118,0.118,0.0539441864064429
728,864,136,0.136,0.05617880239477381
704,852,148,0.148,0.052042342147760795
720,860,140,0.14,0.05385247829859145
748,874,126,0.126,0.05656397973652929
734,867,133,0.133,0.05698083379305899
758,879,121,0.121,0.0582648934792378
676,838,162,0.162,0.06584192574577173
746,873,127,0.127,0.06480304539203643
724,862,138,0.138,0.06112707540782867
766,883,117,0.117,0.05832263642805628
746,873,127,0.127,0.052536214004736397
706,853,147,0.147,0.05369119724933989
722,861,139,0.139,0.05334738308849046
694,847,153,0.153,0.04862884975649649
726,863,137,0.137,0.0527644341357518
702,851,149,0.149,0.053684379016980525
734,867,133,0.133,0.0702756560142152
732,866,134,0.134,0.06696919003908988
730,865,135,0.135,0.06168758976692334
786,893,107,0.107,0.0661826742538251
724,862,138,0.138,0.06567834043712355
708,854,146,0.146,0.0743371347328648
722,861,139,0.139,0.05425629646994639
718,859,141,0.141,0.06395511475007515
704,852,148,0.148,0.05883418688457459
718,859,141,0.141,0.04823558935843175
720,860,140,0.14,0.04775741976988502
680,840,160,0.16,0.0505514212930575
740,870,130,0.13,0.05169667563121766
694,847,153,0.153,0.052836262586293745
776,888,112,0.112,0.05264312902407255
748,874,126,0.126,0.057690293104853484
786,893,107,0.107,0.06076382608059794
728,864,136,0.136,0.05556674770847894
738,869,131,0.131,0.05442370935733197
766,883,117,0.117,0.055713281878532146
770,885,115,0.115,0.05987896874116268
760,880,120,0.12,0.05317538918950595
702,851,149,0.149,0.051392443016520704
766,883,117,0.117,0.04327035625244025
666,833,167,0.167,0.057053994164103644
744,872,128,0.128,0.049231865463312714
702,851,149,0.149,0.08203150591533631
756,878,122,0.122,0.06400992989132646
752,876,124,0.124,0.0632348980717361
698,849,151,0.151,0.06860342745180242
754,877,123,0.123,0.06744937215396203
744,872,128,0.128,0.06630617515649646
760,880,120,0.12,0.06535211411328055
778,889,111,0.111,0.05946844184258953
732,866,134,0.134,0.04659777894787839
772,886,114,0.114,0.05056092167960014
684,842,158,0.158,0.04758484308910556
708,854,146,0.146,0.050696831316279715
714,857,143,0.143,0.05188978901947849
786,893,107,0.107,0.045705452789203266
748,874,126,0.126,0.053423573627951554
686,843,157,0.157,0.06210833804678987
728,864,136,0.136,0.0682628544192412
712,856,144,0.144,0.06622372775431723
724,862,138,0.138,0.06608412175707054
758,879,121,0.121,0.06265417213039473
646,823,177,0.177,0.0637024853072362
660,830,170,0.17,0.062132769687334076
750,875,125,0.125,0.056504254319006575
772,886,114,0.114,0.051807322292821485
736,868,132,0.132,0.05257577971357386
718,859,141,0.141,0.05234566413704306
738,869,131,0.131,0.05406597073050216
738,869,131,0.131,0.05567677465756424
774,887,113,0.113,0.05467773251212202
738,869,131,0.131,0.06047670768364333
744,872,128,0.128,0.056731116556329654
710,855,145,0.145,0.06389454473555088
714,857,143,0.143,0.060396576025523244
730,865,135,0.135,0.06234259270073381
738,869,131,0.131,0.05843417348852381
758,879,121,0.121,0.0580292258518748
764,882,118,0.118,0.05675351205770857
692,846,154,0.154,0.0611129889797885
714,857,143,0.143,0.05775844522367697
694,847,153,0.153,0.062421795180998746
780,890,110,0.11,0.050942478534358085
726,863,137,0.137,0.05459613342108787
720,860,140,0.14,0.05503075604105834
720,860,140,0.14,0.061356460911396425
722,861,139,0.139,0.060984530178713615
738,869,131,0.131,0.061852442046278155
660,830,170,0.17,0.061289938190951944
742,871,129,0.129,0.062419992431532595
722,861,139,0.139,0.06398159015085549
736,868,132,0.132,0.06571211008727551
678,839,161,0.161,0.06803430290613323
728,864,136,0.136,0.06258475502976216
718,859,141,0.141,0.05432754377718083
762,881,119,0.119,0.05140376096381806
736,868,132,0.132,0.05418210551911034
764,882,118,0.118,0.05132780581479892
706,853,147,0.147,0.05301490739220753
790,895,105,0.105,0.04972468938538804
768,884,116,0.116,0.05022994583571563
740,870,130,0.13,0.05534976254729554
740,870,130,0.13,0.051463612673105674
738,869,131,0.131,0.05458804072719067
692,846,154,0.154,0.06378026710054838
704,852,148,0.148,0.05929827029095031
750,875,125,0.125,0.05537062143115327
738,869,131,0.131,0.05967731089540757
704,852,148,0.148,0.058651802224689166
706,853,147,0.147,0.06286473489273339
702,851,149,0.149,0.062448121717665346
698,849,151,0.151,0.05640232829004526
740,870,130,0.13,0.056996967918239536
682,841,159,0.159,0.05615071452409029
726,863,137,0.137,0.05683619275013916
748,874,126,0.126,0.05731943449052051
742,871,129,0.129,0.05602170768450014
778,889,111,0.111,0.056823362404480576
696,848,152,0.152,0.06160835863556713
742,871,129,0.129,0.05916494353045709
782,891,109,0.109,0.05587886654934846
742,871,129,0.129,0.05804108269652352
742,871,129,0.129,0.05729193796450272
720,860,140,0.14,0.05163968106984976
730,865,135,0.135,0.05151098683697637
758,879,121,0.121,0.04986580471461639
730,865,135,0.135,0.04703163781657349
734,867,133,0.133,0.04770893461297965
714,857,143,0.143,0.054938202143006494
728,864,136,0.136,0.06263470709184185
696,848,152,0.152,0.07296693635056727
718,859,141,0.141,0.06642359585338273
710,855,145,0.145,0.07139961187611334
670,835,165,0.165,0.07676370991847943
692,846,154,0.154,0.0715234682066366
712,856,144,0.144,0.0700589215249638
680,840,160,0.16,0.06836304380802903
784,892,108,0.108,0.055579477640720146
722,861,139,0.139,0.05654024288291112
714,857,143,0.143,0.051432700242847205
728,864,136,0.136,0.04939100126514677
774,887,113,0.113,0.04864474852383137
744,872,128,0.128,0.061488293908303605
704,852,148,0.148,0.057006691644433886
704,852,148,0.148,0.06507747840182855
734,867,133,0.133,0.05921488062560093
788,894,106,0.106,0.06021814435976557
758,879,121,0.121,0.058256722314981746
748,874,126,0.126,0.06630834597232751
688,844,156,0.156,0.06462635472882539
670,835,165,0.165,0.0645221183821559
812,906,94,0.094,0.0577780988458544
710,855,145,0.145,0.05583872934989631
682,841,159,0.159,0.059239369147457185
754,877,123,0.123,0.05414097467379179
752,876,124,0.124,0.06302812145336066
694,847,153,0.153,0.07081056242017075
706,853,147,0.147,0.06498593147424982
720,860,140,0.14,0.0701176492846571
734,867,133,0.133,0.0677263492490747
716,858,142,0.142,0.07189357638498768
740,870,130,0.13,0.06779738327395171
734,867,133,0.133,0.06776450503431261
746,873,127,0.127,0.05698302769381553
736,868,132,0.132,0.06007854281272739
752,876,124,0.124,0.05736055884324014
716,858,142,0.142,0.055619462309405204
758,879,121,0.121,0.05446243276610039
700,850,150,0.15,0.05886583954430535
732,866,134,0.134,0.053023757298709825
734,867,133,0.133,0.057197790421545505
708,854,146,0.146,0.0645611593592912
784,892,108,0.108,0.05808019601320848
754,877,123,0.123,0.06100623797089793
720,860,140,0.14,0.06496227300562896
742,871,129,0.129,0.06262573394528591
706,853,147,0.147,0.06537899363902397
754,877,123,0.123,0.06255062136030756
700,850,150,0.15,0.05747997458884493
720,860,140,0.14,0.06049299667798914
712,856,144,0.144,0.05462222067080438
680,840,160,0.16,0.06023963370127603
722,861,139,0.139,0.062149954789259935
734,867,133,0.133,0.06044363878318108
754,877,123,0.123,0.06065943913720548
702,851,149,0.149,0.06488624511705711
724,862,138,0.138,0.06270699022477493
724,862,138,0.138,0.06425444875564426
686,843,157,0.157,0.06875853191502393
794,897,103,0.103,0.0610428390733432
712,856,144,0.144,0.05817535933945328
736,868,132,0.132,0.05703339307778515
708,854,146,0.146,0.05550648537138477
730,865,135,0.135,0.058979733407264576
778,889,111,0.111,0.04978811283619143
702,851,149,0.149,0.06503636222728527
742,871,129,0.129,0.05611233274755068
728,864,136,0.136,0.061377681378158744
680,840,160,0.16,0.06711903652592446
692,846,154,0.154,0.06804540880490094
716,858,142,0.142,0.0660960878758342
788,894,106,0.106,0.06317188504361547
720,860,140,0.14,0.06776909989700652
718,859,141,0.141,0.05933521375525743
680,840,160,0.16,0.056359420248307285
758,879,121,0.121,0.0521581821818836
738,869,131,0.131,0.05602367402333766
732,866,134,0.134,0.05410317553114146
770,885,115,0.115,0.05261169834178872
674,837,163,0.163,0.05490444927988574
776,888,112,0.112,0.05004225995985325
738,869,131,0.131,0.0540013715592213
746,873,127,0.127,0.054317487623076886
700,850,150,0.15,0.056251689049880954
748,874,126,0.126,0.05327046872070059
722,861,139,0.139,0.05403786228969693
762,881,119,0.119,0.05558552990388125
686,843,157,0.157,0.05708531127078459
714,857,143,0.143,0.05670074488595128
734,867,133,0.133,0.05476209102221764
782,891,109,0.109,0.04956716189812869
716,858,142,0.142,0.05415927022090182
760,880,120,0.12,0.06275495172385126
700,850,150,0.15,0.06037683134572581
690,845,155,0.155,0.06301472829462727
734,867,133,0.133,0.06476233699033036
794,897,103,0.103,0.05590864583780058
738,869,131,0.131,0.05718779815826565
706,853,147,0.147,0.0595648546917364
658,829,171,0.171,0.059325228923466054
780,890,110,0.11,0.04695034544356167
674,837,163,0.163,0.05047327808034606
714,857,143,0.143,0.05264608770119958
782,891,109,0.109,0.044759898036485536
762,881,119,0.119,0.04665157097321935
768,884,116,0.116,0.04957427054492291
712,856,144,0.144,0.052213063049595804
752,876,124,0.124,0.04941821390413679
642,821,179,0.179,0.055956401732284576
758,879,121,0.121,0.05251906721177511
754,877,123,0.123,0.05567234277026728
754,877,123,0.123,0.057347707452252504
678,839,161,0.161,0.058147281876881604
712,856,144,0.144,0.05523551299306564
780,890,110,0.11,0.048612802472431216
728,864,136,0.136,0.051034000614658
744,872,128,0.128,0.047267023344757034
702,851,149,0.149,0.050479333655908704
744,872,128,0.128,0.047200029465602714
736,868,132,0.132,0.04557766323839314
724,862,138,0.138,0.05666355229425244
684,842,158,0.158,0.060452394052874295
744,872,128,0.128,0.052978164740721694
744,872,128,0.128,0.05688760290201753
732,866,134,0.134,0.0568759045728948
694,847,153,0.153,0.056653147384990006
722,861,139,0.139,0.054225194331025704
732,866,134,0.134,0.05491950699232984
704,852,148,0.148,0.056145709564443674
782,891,109,0.109,0.049943379992851984
750,875,125,0.125,0.05071146182483062
706,853,147,0.147,0.05599826482310891
764,882,118,0.118,0.048928346474422145
792,896,104,0.104,0.043362238868256096
714,857,143,0.143,0.05000323350878898
714,857,143,0.143,0.0467980410043383
730,865,135,0.135,0.04646281555760652
722,861,139,0.139,0.047168791262200103
720,860,140,0.14,0.05043754060612991
746,873,127,0.127,0.05507823260477744
726,863,137,0.137,0.0560115225413756
748,874,126,0.126,0.05451495739701204
736,868,132,0.132,0.05470274242199957
700,850,150,0.15,0.0558638247277122
748,874,126,0.126,0.05361071827705018
710,855,145,0.145,0.053386169298319144
726,863,137,0.137,0.049228241381235424
722,861,139,0.139,0.044866006490308794
782,891,109,0.109,0.0458888706821017
766,883,117,0.117,0.04547845881595276
726,863,137,0.137,0.04989753480535
740,870,130,0.13,0.04991656153718941
742,871,129,0.129,0.04915183235611766
778,889,111,0.111,0.04356043627031613
748,874,126,0.126,0.045174095696536826
804,902,98,0.098,0.04055963206494925
756,878,122,0.122,0.046410566672682764
718,859,141,0.141,0.045218324449379
760,880,120,0.12,0.045247292301617566
746,873,127,0.127,0.04764664758206345
670,835,165,0.165,0.054414227798813955
750,875,125,0.125,0.05589318716828711
718,859,141,0.141,0.05869642713735811
744,872,128,0.128,0.0562680867863819
662,831,169,0.169,0.06126867020409554
702,851,149,0.149,0.05705327320063952
744,872,128,0.128,0.055129991059657185
764,882,118,0.118,0.055012940131826324
692,846,154,0.154,0.04894016894046217
744,872,128,0.128,0.0472343703857623
738,869,131,0.131,0.047815035245614125
698,849,151,0.151,0.04952977085579187
682,841,159,0.159,0.04988851351803169
730,865,135,0.135,0.05053989564150106
748,874,126,0.126,0.05508650694251992
700,850,150,0.15,0.05798732663271949
718,859,141,0.141,0.05732671560184099
710,855,145,0.145,0.05537025613733567
754,877,123,0.123,0.053449681288562714
710,855,145,0.145,0.0480944116471801
766,883,117,0.117,0.04470671195606701
720,860,140,0.14,0.04696700495644473
764,882,118,0.118,0.03920697198447306
752,876,124,0.124,0.05000661474536173
754,877,123,0.123,0.0455538605726324
744,872,128,0.128,0.045987288003467255
758,879,121,0.121,0.051183505513472484
714,857,143,0.143,0.05890301854745485
700,850,150,0.15,0.061924786303890866
722,861,139,0.139,0.06547055195411668
734,867,133,0.133,0.06432457992713898
712,856,144,0.144,0.06223467977857217
712,856,144,0.144,0.06139733964344487
732,866,134,0.134,0.05770445716311224
730,865,135,0.135,0.04838453357876278
710,855,145,0.145,0.050836233705980706
722,861,139,0.139,0.04993508228787687
728,864,136,0.136,0.047584144954336806
774,887,113,0.113,0.05068165197572671
690,845,155,0.155,0.05967876439844258
758,879,121,0.121,0.06423723415564746
704,852,148,0.148,0.05871824173023924
700,850,150,0.15,0.0625543593824841
722,861,139,0.139,0.06682614449912216
718,859,141,0.141,0.06460199630702845
778,889,111,0.111,0.05706787569681183
714,857,143,0.143,0.06280642586189787
736,868,132,0.132,0.05575544979749247
680,840,160,0.16,0.05166648866096511
806,903,97,0.097,0.0464064522657718
740,870,130,0.13,0.04873710739566013
698,849,151,0.151,0.0545091843472328
756,878,122,0.122,0.057881795021006835
714,857,143,0.143,0.05039692129637115
744,872,128,0.128,0.0567325397063978
772,886,114,0.114,0.06368753277882934
708,854,146,0.146,0.06608720548264682
768,884,116,0.116,0.06195040364889428
736,868,132,0.132,0.058756663816515356
760,880,120,0.12,0.057974440582096574
698,849,151,0.151,0.056469348410028035
708,854,146,0.146,0.05521304903132841
740,870,130,0.13,0.04960907718987437
680,840,160,0.16,0.04980234634596854
768,884,116,0.116,0.0552055286904797
744,872,128,0.128,0.07363819824159146
676,838,162,0.162,0.0648956421846524
760,880,120,0.12,0.06678724528336898
694,847,153,0.153,0.06518691430101171
778,889,111,0.111,0.07285841977479868
728,864,136,0.136,0.06658260581782088
698,849,151,0.151,0.07200261407578364
742,871,129,0.129,0.04728728666983079
802,901,99,0.099,0.048941186299780386
698,849,151,0.151,0.0523833961521741
726,863,137,0.137,0.052361039174720646
754,877,123,0.123,0.05312499900592957
716,858,142,0.142,0.05399278139765375
712,856,144,0.144,0.05913956925808452
744,872,128,0.128,0.05719686128746253
734,867,133,0.133,0.06646330227563158
704,852,148,0.148,0.06233834289340302
730,865,135,0.135,0.06082426134776324
736,868,132,0.132,0.05616867457679473
742,871,129,0.129,0.05451916920789517
718,859,141,0.141,0.05382302546547726
752,876,124,0.124,0.05026039258390665
738,869,131,0.131,0.0485826247301884
752,876,124,0.124,0.04555854242737405
784,892,108,0.108,0.04613232333911583
766,883,117,0.117,0.04554768493096344
732,866,134,0.134,0.04739891176263336
708,854,146,0.146,0.0510511035353411
774,887,113,0.113,0.048594905209494756
718,859,141,0.141,0.051443663413403555
710,855,145,0.145,0.05335394766693935
768,884,116,0.116,0.050464316798374056
732,866,134,0.134,0.04905845979973674
694,847,153,0.153,0.05299457561213058
712,856,144,0.144,0.05101352866191883
712,856,144,0.144,0.04945641644275747
756,878,122,0.122,0.05275377303780988
736,868,132,0.132,0.05281446032645181
710,855,145,0.145,0.05250841084844433
720,860,140,0.14,0.05338832082552835
732,866,134,0.134,0.051501251108013096
780,890,110,0.11,0.050059647879563275
678,839,161,0.161,0.05205350776854902
714,857,143,0.143,0.05293467407452408
730,865,135,0.135,0.04652723174192943
740,870,130,0.13,0.044761557511752474
732,866,134,0.134,0.04691899755829945
704,852,148,0.148,0.0468148850647267
686,843,157,0.157,0.0482316436516121
746,873,127,0.127,0.050499333984684196
730,865,135,0.135,0.04954514210438356
700,850,150,0.15,0.05209252894320525
738,869,131,0.131,0.054744145301170645
720,860,140,0.14,0.0519961916586617
732,866,134,0.134,0.04939298058417626
756,878,122,0.122,0.0503865754280705
686,843,157,0.157,0.055079300533514466
782,891,109,0.109,0.04689737289049663
672,836,164,0.164,0.04872297889785841
730,865,135,0.135,0.04759262487757951
748,874,126,0.126,0.046027885379153304
740,870,130,0.13,0.05798290803236887
724,862,138,0.138,0.0475520759759238
724,862,138,0.138,0.050737771568587046
692,846,154,0.154,0.05463040286581963
712,856,144,0.144,0.05566725702513941
736,868,132,0.132,0.05495001910859719
746,873,127,0.127,0.0523194628728088
740,870,130,0.13,0.04984984739916399
778,889,111,0.111,0.04694099743757397
696,848,152,0.152,0.04901022628531791
722,861,139,0.139,0.044962528442032634
744,872,128,0.128,0.04395485497754999
722,861,139,0.139,0.04706468831584789
762,881,119,0.119,0.04464726377138868
792,896,104,0.104,0.04376946689374745
746,873,127,0.127,0.043005085669690746
720,860,140,0.14,0.04416926838224754
706,853,147,0.147,0.05012599460477941
698,849,151,0.151,0.05328229302959517
822,911,89,0.089,0.04835349619295448
692,846,154,0.154,0.05230526756355539
706,853,147,0.147,0.052315659581916404
708,854,146,0.146,0.05372266152640805
724,862,138,0.138,0.049855142479762436
764,882,118,0.118,0.04996763110323809
760,880,120,0.12,0.051349620607914405
698,849,151,0.151,0.05459473144588992
728,864,136,0.136,0.054635674258694054
682,841,159,0.159,0.0551013330409769
730,865,135,0.135,0.05133088286733255
680,840,160,0.16,0.05440448099328205
722,861,139,0.139,0.0532447294453159
726,863,137,0.137,0.05691669854009524
756,878,122,0.122,0.04990316661377438
714,857,143,0.143,0.053183977143839004
720,860,140,0.14,0.05038992038508877
692,846,154,0.154,0.04991638460243121
764,882,118,0.118,0.04930085781821981
682,841,159,0.159,0.04901854391139932
786,893,107,0.107,0.04644884393003303
792,896,104,0.104,0.04405772877251729
746,873,127,0.127,0.04402870991686359
722,861,139,0.139,0.047432763804798016
740,870,130,0.13,0.04697817767900415
704,852,148,0.148,0.05005064140679315
688,844,156,0.156,0.04955360070522875
714,857,143,0.143,0.052882640154100956
730,865,135,0.135,0.051654011139879004
740,870,130,0.13,0.052506338387262076
720,860,140,0.14,0.05544020891189575
732,866,134,0.134,0.051135108207934536
742,871,129,0.129,0.05036665599560365
764,882,118,0.118,0.04561613684415351
744,872,128,0.128,0.04298691365611739
732,866,134,0.134,0.04026962035242468
746,873,127,0.127,0.04232717328367289
804,902,98,0.098,0.03890972794767004
702,851,149,0.149,0.04419304138305597
722,861,139,0.139,0.04481196610140614
708,854,146,0.146,0.0518657395883929
672,836,164,0.164,0.05508308409689926
778,889,111,0.111,0.04828668796620332
702,851,149,0.149,0.052820572194177656
772,886,114,0.114,0.051180138252442706
718,859,141,0.141,0.053681077112269125
696,848,152,0.152,0.05425223084166646
738,869,131,0.131,0.04919938810111489
732,866,134,0.134,0.043989744703052565
778,889,111,0.111,0.0413583377012983
722,861,139,0.139,0.041689445433439686
752,876,124,0.124,0.040869413531967436
768,884,116,0.116,0.041918198749655855
756,878,122,0.122,0.04177818851941265
676,838,162,0.162,0.045142557016573846
726,863,137,0.137,0.043975540310144424
758,879,121,0.121,0.04472150297980988
694,847,153,0.153,0.04444756585499272
690,845,155,0.155,0.04214824494230561
750,875,125,0.125,0.03811833076691255
724,862,138,0.138,0.040876902275253084
766,883,117,0.117,0.03771435317141004
754,877,123,0.123,0.03808469778904691
780,890,110,0.11,0.039828257621615196
736,868,132,0.132,0.03945436012558639
726,863,137,0.137,0.04044407791504637
720,860,140,0.14,0.03900507119484246
714,857,143,0.143,0.04469942227145657
712,856,144,0.144,0.04222964547155425
748,874,126,0.126,0.04059690726990812
746,873,127,0.127,0.040092275038710795
784,892,108,0.108,0.03760972044081427
730,865,135,0.135,0.04293468863377348
760,880,120,0.12,0.04035170838353224
752,876,124,0.124,0.03975110770668835
732,866,134,0.134,0.0370200323050376
730,865,135,0.135,0.0369330246510217
748,874,126,0.126,0.04434802440553903
732,866,134,0.134,0.049102711970685047
712,856,144,0.144,0.040770376996835694
718,859,141,0.141,0.043292998412624004
752,876,124,0.124,0.042949200191069396
764,882,118,0.118,0.046230386633658783
702,851,149,0.149,0.04508833414549008
732,866,134,0.134,0.04290043257467915
744,872,128,0.128,0.03334137763595209
742,871,129,0.129,0.0346873604923021
732,866,134,0.134,0.03378837575542275
786,893,107,0.107,0.033433497358928435
690,845,155,0.155,0.03648979164566845
760,880,120,0.12,0.033680888148141096
740,870,130,0.13,0.035963437933125536
734,867,133,0.133,0.04200574775796849
722,861,139,0.139,0.04236672498215921
730,865,135,0.135,0.04251353991613723
718,859,141,0.141,0.03963346063042991
728,864,136,0.136,0.037246044837636876
738,869,131,0.131,0.03691604555863887
742,871,129,0.129,0.03547239824337885
720,860,140,0.14,0.03419737212429754
746,873,127,0.127,0.035133005836512896
698,849,151,0.151,0.03630953424226027
740,870,130,0.13,0.035652149907546116
718,859,141,0.141,0.03851505179086234
724,862,138,0.138,0.03957226644502953
742,871,129,0.129,0.03665727276308462
736,868,132,0.132,0.036023734469199556
712,856,144,0.144,0.03788231678819284
780,890,110,0.11,0.029895733408513477
758,879,121,0.121,0.037373748583719134
762,881,119,0.119,0.03605956272734329
714,857,143,0.143,0.03770023862028029
720,860,140,0.14,0.035753398707485756
672,836,164,0.164,0.03928953993949108
736,868,132,0.132,0.03634018464537803
738,869,131,0.131,0.03608138768328354
730,865,135,0.135,0.04102246970153647
778,889,111,0.111,0.040288494189269844
720,860,140,0.14,0.040885514923604205
726,863,137,0.137,0.042979432839667424
740,870,130,0.13,0.04134329206403345
678,839,161,0.161,0.04418380139535293
706,853,147,0.147,0.03646656615729444
692,846,154,0.154,0.040009531908901406
704,852,148,0.148,0.03729306408099364
734,867,133,0.133,0.03671828856132925
720,860,140,0.14,0.03601014851860236
700,850,150,0.15,0.03741324343858287
734,867,133,0.133,0.035260340196313335
716,858,142,0.142,0.03740403990261257
768,884,116,0.116,0.04317682352964766
652,826,174,0.174,0.04423615801334381
714,857,143,0.143,0.04033747409237549
702,851,149,0.149,0.039825044855941086
728,864,136,0.136,0.040449777188710866
720,860,140,0.14,0.03960392219317146
696,848,152,0.152,0.03907753302832134
758,879,121,0.121,0.03399154692934826
736,868,132,0.132,0.03146080069476739
746,873,127,0.127,0.0350714559822809
742,871,129,0.129,0.03177396828396013
732,866,134,0.134,0.03482195557857631
716,858,142,0.142,0.036540606636786835
736,868,132,0.132,0.03471155827521579
752,876,124,0.124,0.0356490173835773
746,873,127,0.127,0.03670666099316441
760,880,120,0.12,0.035642841429449616
704,852,148,0.148,0.04043689987924881
690,845,155,0.155,0.04062506667611888
732,866,134,0.134,0.03501616074261255
778,889,111,0.111,0.033052472978830336
748,874,126,0.126,0.03608910654252395
758,879,121,0.121,0.03431671849125996
712,856,144,0.144,0.03269211340765469
728,864,136,0.136,0.03406047461926937
768,884,116,0.116,0.036225672835018485
692,846,154,0.154,0.0361885872813873
750,875,125,0.125,0.0359602087084204
760,880,120,0.12,0.03326687487924937
742,871,129,0.129,0.0338224371643737
762,881,119,0.119,0.030223756613675504
736,868,132,0.132,0.03191568592796102
810,905,95,0.095,0.03245187211105076
740,870,130,0.13,0.03505155099416152
772,886,114,0.114,0.03251719333836809
688,844,156,0.156,0.04018053131992929
678,839,161,0.161,0.04087510319810826
694,847,153,0.153,0.044493839059956374
682,841,159,0.159,0.04683364672889002
758,879,121,0.121,0.042638188446871936
700,850,150,0.15,0.04346938991651405
704,852,148,0.148,0.04132491946092341
738,869,131,0.131,0.04068900702451356
732,866,134,0.134,0.04124162383796647
724,862,138,0.138,0.036369694941677154
734,867,133,0.133,0.035826850701705555
784,892,108,0.108,0.03335254012257792
732,866,134,0.134,0.034223167875781654
742,871,129,0.129,0.03436846647458151
750,875,125,0.125,0.03381053550203796
688,844,156,0.156,0.036969091186416336
734,867,133,0.133,0.035416786789312024
694,847,153,0.153,0.03889442533743568
730,865,135,0.135,0.04387559822294861
758,879,121,0.121,0.03919910718291066
720,860,140,0.14,0.043832862217212096
682,841,159,0.159,0.0446198012502864
778,889,111,0.111,0.039587179485708474
692,846,154,0.154,0.04215398342270055
662,831,169,0.169,0.0406208812239347
736,868,132,0.132,0.040205269471975044
742,871,129,0.129,0.03636025524779689
716,858,142,0.142,0.032516142685664814
774,887,113,0.113,0.03332490414415952
784,892,108,0.108,0.030631351902527967
800,900,100,0.1,0.030609683730639516
722,861,139,0.139,0.033521763044642286
724,862,138,0.138,0.03427261391247157
738,869,131,0.131,0.034198363488714675
692,846,154,0.154,0.037294807202881204
716,858,142,0.142,0.042627586033195254
734,867,133,0.133,0.041780026758788155
698,849,151,0.151,0.040842469451949
736,868,132,0.132,0.041253655320266265
722,861,139,0.139,0.03998501040972769
716,858,142,0.142,0.04155379420681857
766,883,117,0.117,0.039122761122649535
726,863,137,0.137,0.038788744256598874
702,851,149,0.149,0.03460312736430205
770,885,115,0.115,0.03352729981282027
778,889,111,0.111,0.0331150599361863
742,871,129,0.129,0.034865704792900944
770,885,115,0.115,0.03694428016548045
730,865,135,0.135,0.03503938886686228
728,864,136,0.136,0.03336977045610547
772,886,114,0.114,0.03384709843853489
762,881,119,0.119,0.032104438424226826
680,840,160,0.16,0.032481011291616596
796,898,102,0.102,0.029100486734474542
760,880,120,0.12,0.030416329706902615
730,865,135,0.135,0.0321364064309746
720,860,140,0.14,0.03928034386935178
706,853,147,0.147,0.03926808901736513
714,857,143,0.143,0.04059728117659688
732,866,134,0.134,0.03887382395612076
776,888,112,0.112,0.03932683926308528
742,871,129,0.129,0.03968030679423828
716,858,142,0.142,0.04225267742667347
718,859,141,0.141,0.03696451344783418
736,868,132,0.132,0.03504825370036997
738,869,131,0.131,0.035369460851652545
716,858,142,0.142,0.038543960452312606
738,869,131,0.131,0.03742376019631047
698,849,151,0.151,0.0423947919360362
706,853,147,0.147,0.04340083349216729
738,869,131,0.131,0.04370862654759548
750,875,125,0.125,0.04970379236037843
688,844,156,0.156,0.047921006185002626
712,856,144,0.144,0.045516891221748665
724,862,138,0.138,0.042059646497364156
722,861,139,0.139,0.04277686587045901
722,861,139,0.139,0.04030807367659872
702,851,149,0.149,0.03842270634439774
742,871,129,0.129,0.035279685016488656
788,894,106,0.106,0.030511442497954705
702,851,149,0.149,0.03492388584068976
712,856,144,0.144,0.03888132178829983
752,876,124,0.124,0.036553399217431434
752,876,124,0.124,0.03474555423710263
748,874,126,0.126,0.03728629357879981
744,872,128,0.128,0.035211749735288324
726,863,137,0.137,0.036852569264534396
800,900,100,0.1,0.03255290885828435
754,877,123,0.123,0.03142578329355456
740,870,130,0.13,0.029956719409441574
724,862,138,0.138,0.029790787249745335
746,873,127,0.127,0.03123460861516651
730,865,135,0.135,0.03146346949509461
714,857,143,0.143,0.033654519468371294
716,858,142,0.142,0.03462977025355212
750,875,125,0.125,0.031133225255529397
792,896,104,0.104,0.035257502347696576
724,862,138,0.138,0.0354713544996921
776,888,112,0.112,0.034994961075484755
706,853,147,0.147,0.037280924809107094
724,862,138,0.138,0.03901694923546165
716,858,142,0.142,0.04028270447999239
774,887,113,0.113,0.040292736049741505
748,874,126,0.126,0.0390480189693626
772,886,114,0.114,0.0357020318263676
736,868,132,0.132,0.03723220239917282
708,854,146,0.146,0.03544500491558574
716,858,142,0.142,0.03930243164207786
766,883,117,0.117,0.030359669940080495
708,854,146,0.146,0.03287482396722771
730,865,135,0.135,0.03279332740965765
708,854,146,0.146,0.03471361874882132
702,851,149,0.149,0.03697035363037139
760,880,120,0.12,0.03851194551656954
738,869,131,0.131,0.04284451651701238
718,859,141,0.141,0.04157888579973951
700,850,150,0.15,0.03659652214706875
720,860,140,0.14,0.03894110445922706
700,850,150,0.15,0.03492029966850532
724,862,138,0.138,0.03441590157127939
742,871,129,0.129,0.032122349517419935
684,842,158,0.158,0.028274638911461807
732,866,134,0.134,0.028969021347002126
766,883,117,0.117,0.031541325590224004
742,871,129,0.129,0.040450232458300886
750,875,125,0.125,0.03923538321442902
728,864,136,0.136,0.03660211717605125
726,863,137,0.137,0.03748492999211885
742,871,129,0.129,0.035554866395890714
694,847,153,0.153,0.038172552118616296
736,868,132,0.132,0.03554172826942522
770,885,115,0.115,0.029865552464034408
734,867,133,0.133,0.02810909953061491
760,880,120,0.12,0.0276149666873971
702,851,149,0.149,0.029011282184510493
750,875,125,0.125,0.027890448543941602
736,868,132,0.132,0.02920527900569141
746,873,127,0.127,0.028622071939753368
748,874,126,0.126,0.02909321748500224
726,863,137,0.137,0.03423048738297075
680,840,160,0.16,0.03427645028103143
782,891,109,0.109,0.03050783583987504
722,861,139,0.139,0.03328793618734926
730,865,135,0.135,0.03173663633642718
714,857,143,0.143,0.030953088868875055
698,849,151,0.151,0.02806025184877217
730,865,135,0.135,0.028745230516011362
696,848,152,0.152,0.03024995463201776
756,878,122,0.122,0.029298166618216784
738,869,131,0.131,0.029678379089804367
770,885,115,0.115,0.028314851468545385
716,858,142,0.142,0.030669219265691935
728,864,136,0.136,0.03169740950164851
732,866,134,0.134,0.030566316147800535
676,838,162,0.162,0.03246910463040695
732,866,134,0.134,0.027362887204857543
718,859,141,0.141,0.030581344682141208
718,859,141,0.141,0.02944567928602919
740,870,130,0.13,0.02893170717958128
748,874,126,0.126,0.026665494281216524
760,880,120,0.12,0.024615733157959768
718,859,141,0.141,0.028427091790246776
674,837,163,0.163,0.0287611994787585
736,868,132,0.132,0.028180031871655957
748,874,126,0.126,0.028710036750417202
758,879,121,0.121,0.026935660527757137
784,892,108,0.108,0.025530983454780654
768,884,116,0.116,0.024439995889202693
768,884,116,0.116,0.021779140899074265
722,861,139,0.139,0.025324638359365055
768,884,116,0.116,0.022697842237539588
734,867,133,0.133,0.023553288232185877
726,863,137,0.137,0.02552142524032388
682,841,159,0.159,0.02488784838456195
744,872,128,0.128,0.023070001440588385
752,876,124,0.124,0.02340889631956816
732,866,134,0.134,0.025907854499469977
756,878,122,0.122,0.02760898794303648
786,893,107,0.107,0.024760026370640845
768,884,116,0.116,0.02485282247280702
726,863,137,0.137,0.026327088096993974
728,864,136,0.136,0.025033498803852125
770,885,115,0.115,0.02459475808014395
712,856,144,0.144,0.025315227651502938
682,841,159,0.159,0.02822692401218228
740,870,130,0.13,0.023793329569860362
750,875,125,0.125,0.025068915303130778
690,845,155,0.155,0.028143717374070547
706,853,147,0.147,0.03127512434637174
704,852,148,0.148,0.031920133253443055
730,865,135,0.135,0.032901304302504285
740,870,130,0.13,0.03220238931849599
718,859,141,0.141,0.03392540158936754
744,872,128,0.128,0.032324458844959734
738,869,131,0.131,0.03137276453548111
710,855,145,0.145,0.02850776421756018
706,853,147,0.147,0.02642118972215394
756,878,122,0.122,0.023144601072650404
712,856,144,0.144,0.02486749119940214
716,858,142,0.142,0.02796718157384021
728,864,136,0.136,0.025957546700024977
752,876,124,0.124,0.027172097940579988
754,877,123,0.123,0.02677574735460803
708,854,146,0.146,0.03561578354518861
712,856,144,0.144,0.03313632415363099
732,866,134,0.134,0.026209384642308577
710,855,145,0.145,0.029301839686348103
760,880,120,0.12,0.02669679064396769
768,884,116,0.116,0.025915258553170135
716,858,142,0.142,0.026137538866023532
770,885,115,0.115,0.025210222206427716
678,839,161,0.161,0.023389880166650983
764,882,118,0.118,0.025787376769352704
734,867,133,0.133,0.02894219419162255
662,831,169,0.169,0.03147662205726374
708,854,146,0.146,0.03420486164116301
688,844,156,0.156,0.03188379614241421
720,860,140,0.14,0.03080726576736197
722,861,139,0.139,0.02963323789066635
726,863,137,0.137,0.028609356253640725
772,886,114,0.114,0.023002534542349167
752,876,124,0.124,0.022439570412039755
766,883,117,0.117,0.02182682074292097
746,873,127,0.127,0.021901667007186917
790,895,105,0.105,0.023090443663531916
692,846,154,0.154,0.02539911496290006
724,862,138,0.138,0.02703913292265497
706,853,147,0.147,0.027514608576195313
764,882,118,0.118,0.02838872668769909
754,877,123,0.123,0.028532155411201528
768,884,116,0.116,0.027065732968505472
732,866,134,0.134,0.0271209245249629
714,857,143,0.143,0.02624577836773824
726,863,137,0.137,0.02591384276561439
718,859,141,0.141,0.023643136089434847
688,844,156,0.156,0.027191771721001713
728,864,136,0.136,0.025852786525967533
706,853,147,0.147,0.031833690950879824
732,866,134,0.134,0.03013193093938753
772,886,114,0.114,0.02958826702227816
698,849,151,0.151,0.029544123724335805
712,856,144,0.144,0.03160188738000579
782,891,109,0.109,0.029843386013002602
728,864,136,0.136,0.028024655621731655
710,855,145,0.145,0.028488163539150263
760,880,120,0.12,0.023511800116539236
726,863,137,0.137,0.023768912141560575
762,881,119,0.119,0.023638367639272472
758,879,121,0.121,0.02459613931423519
740,870,130,0.13,0.03178105986607261
704,852,148,0.148,0.028145999021769966
762,881,119,0.119,0.02753693068405846
728,864,136,0.136,0.03095752577111125
736,868,132,0.132,0.02951246961619472
732,866,134,0.134,0.031111042931326664
704,852,148,0.148,0.031030087762279435
722,861,139,0.139,0.027058626021316742
746,873,127,0.127,0.02388626533059869
732,866,134,0.134,0.022323071724153123
776,888,112,0.112,0.021626149414340035
712,856,144,0.144,0.02470730729470961
746,873,127,0.127,0.023968791263992897
808,904,96,0.096,0.022787929273443298
740,870,130,0.13,0.023583587209810502
752,876,124,0.124,0.02484657724481076
752,876,124,0.124,0.025625891631469132
698,849,151,0.151,0.025817073884303682
706,853,147,0.147,0.024968425028549974
710,855,145,0.145,0.02512071911734529
740,870,130,0.13,0.024162689336168115
628,814,186,0.186,0.026341629071044734
768,884,116,0.116,0.023734208624460733
712,856,144,0.144,0.02657814176310785
706,853,147,0.147,0.026967051564715804
728,864,136,0.136,0.02512091049668379
812,906,94,0.094,0.025335127434576863
696,848,152,0.152,0.02857034577126615
708,854,146,0.146,0.028097248720703648
722,861,139,0.139,0.028627657958422786
742,871,129,0.129,0.02812679159711115
656,828,172,0.172,0.031100757921347394
732,866,134,0.134,0.02853614953288343
686,843,157,0.157,0.031392879836726936
696,848,152,0.152,0.030664134079823272
658,829,171,0.171,0.03387761504924856
738,869,131,0.131,0.030530605410924182
736,868,132,0.132,0.029939487972063944
698,849,151,0.151,0.02855463277362287
722,861,139,0.139,0.02440441276674392
782,891,109,0.109,0.022382396374479866
740,870,130,0.13,0.023338748494512403
766,883,117,0.117,0.019381883019261296
732,866,134,0.134,0.02143500763527118
772,886,114,0.114,0.020885276554967278
754,877,123,0.123,0.026962437823938673
734,867,133,0.133,0.025447948613436893
784,892,108,0.108,0.024051628957036882
692,846,154,0.154,0.02720625877706334
734,867,133,0.133,0.025977536388207226
756,878,122,0.122,0.024279130890150553
698,849,151,0.151,0.026660504801082424
784,892,108,0.108,0.02266976232705929
734,867,133,0.133,0.0249282479560934
702,851,149,0.149,0.025428241711109877
688,844,156,0.156,0.02559791364544071
766,883,117,0.117,0.02325442147976719
676,838,162,0.162,0.025948975689709188
754,877,123,0.123,0.023644320257590154
722,861,139,0.139,0.025581023204606028
692,846,154,0.154,0.024814221767243
726,863,137,0.137,0.024681901866919362
802,901,99,0.099,0.02299923126905924
730,865,135,0.135,0.024843150053173304
756,878,122,0.122,0.02431882316386327
706,853,147,0.147,0.0233718643670436
734,867,133,0.133,0.024518583651748485
702,851,149,0.149,0.028116138266865164
734,867,133,0.133,0.02570180232671555
752,876,124,0.124,0.023531917891232296
764,882,118,0.118,0.024449301105341874
752,876,124,0.124,0.0244329200303182
688,844,156,0.156,0.0237807778941351
720,860,140,0.14,0.022984792515286245
708,854,146,0.146,0.021928254847764037
780,890,110,0.11,0.018212677812436597
718,859,141,0.141,0.020807929077243898
742,871,129,0.129,0.024214181537157854
694,847,153,0.153,0.024074801466893406
744,872,128,0.128,0.025199412515736184
754,877,123,0.123,0.028605689519550653
758,879,121,0.121,0.024769428893516306
686,843,157,0.157,0.028304886153433472
790,895,105,0.105,0.02454399375221692
676,838,162,0.162,0.027712388416985048
666,833,167,0.167,0.024969971554819493
710,855,145,0.145,0.023826834282721393
704,852,148,0.148,0.024420910700806417
758,879,121,0.121,0.022752823796792655
702,851,149,0.149,0.025868761870777236
728,864,136,0.136,0.02634170523122884
700,850,150,0.15,0.027524907909857576
744,872,128,0.128,0.027917727323016152
702,851,149,0.149,0.02851080582954455
718,859,141,0.141,0.029113866898231207
762,881,119,0.119,0.02646158879471477
750,875,125,0.125,0.02303465004591271
760,880,120,0.12,0.025770256138639525
694,847,153,0.153,0.02666161741898395
774,887,113,0.113,0.020054910188540817
672,836,164,0.164,0.022913987713167445
770,885,115,0.115,0.02044323354266817
704,852,148,0.148,0.021767319395730737
744,872,128,0.128,0.023005662499926985
722,861,139,0.139,0.02333805170925916
762,881,119,0.119,0.022804691149969584
684,842,158,0.158,0.02734576936531812
692,846,154,0.154,0.02764514809520915
754,877,123,0.123,0.025851539925206453
756,878,122,0.122,0.025250767381396144
728,864,136,0.136,0.02452892901364248
728,864,136,0.136,0.02561928554729093
688,844,156,0.156,0.02431031689711381
730,865,135,0.135,0.021372140436200424
684,842,158,0.158,0.022516276899666992
738,869,131,0.131,0.021254480807110666
714,857,143,0.143,0.02584594542044215
712,856,144,0.144,0.025839494280167855
744,872,128,0.128,0.025931944173760713
762,881,119,0.119,0.0268389302266296
672,836,164,0.164,0.033491665080189706
684,842,158,0.158,0.031217320222174747
736,868,132,0.132,0.028865216829581188
748,874,126,0.126,0.029033071350306274
736,868,132,0.132,0.026784710332518443
794,897,103,0.103,0.02061829474143451
718,859,141,0.141,0.01814470425818581
768,884,116,0.116,0.019368214364134474
780,890,110,0.11,0.01707164905477566
698,849,151,0.151,0.03030416108726058
742,871,129,0.129,0.029355459531827364
736,868,132,0.132,0.026122937663982156
678,839,161,0.161,0.0295043916728755
706,853,147,0.147,0.028091023604269138
686,843,157,0.157,0.041456836390774694
730,865,135,0.135,0.03851859870739281
784,892,108,0.108,0.038262359268730506
722,861,139,0.139,0.031342225732980296
740,870,130,0.13,0.030596662111754994
696,848,152,0.152,0.030872323923918886
726,863,137,0.137,0.02697034046781482
736,868,132,0.132,0.02649381060578162
780,890,110,0.11,0.02124555994440743
770,885,115,0.115,0.02062520967022283
712,856,144,0.144,0.024175095521786715
748,874,126,0.126,0.023232501000806222
698,849,151,0.151,0.030295296258758753
714,857,143,0.143,0.03262140863600507
734,867,133,0.133,0.03972737011744175
720,860,140,0.14,0.037766368510841856
742,871,129,0.129,0.037841930478811264
730,865,135,0.135,0.03744661396928132
744,872,128,0.128,0.031931688529672105
654,827,173,0.173,0.03302143949488527
720,860,140,0.14,0.030848817834281363
698,849,151,0.151,0.02601719781558495
786,893,107,0.107,0.020527835515211337
726,863,137,0.137,0.021351381100015714
678,839,161,0.161,0.023232729513722006
786,893,107,0.107,0.021441316884418485
718,859,141,0.141,0.03256934261112474
750,875,125,0.125,0.030541644667857328
734,867,133,0.133,0.03264481756696477
692,846,154,0.154,0.03475552064611111
728,864,136,0.136,0.03294274848792702
770,885,115,0.115,0.02955744005716406
726,863,137,0.137,0.03213312305518775
780,890,110,0.11,0.02287828653701581
718,859,141,0.141,0.032109010175219735
732,866,134,0.134,0.02073273444105871
752,876,124,0.124,0.021012322791968473
724,862,138,0.138,0.02190778331249021
778,889,111,0.111,0.019899212236487072
754,877,123,0.123,0.025352169636986218
716,858,142,0.142,0.026963778340505087
752,876,124,0.124,0.02811402977607213
732,866,134,0.134,0.02936076110077556
758,879,121,0.121,0.026148253726307302
712,856,144,0.144,0.031023235778789966
720,860,140,0.14,0.028880103001138194
728,864,136,0.136,0.0289652432234725
738,869,131,0.131,0.026636004060972482
764,882,118,0.118,0.02370283905498218
732,866,134,0.134,0.02452010576694738
704,852,148,0.148,0.02473296241404023
764,882,118,0.118,0.021457900878827787
734,867,133,0.133,0.020561668973299675
708,854,146,0.146,0.028150117256504018
668,834,166,0.166,0.03276225067838095
706,853,147,0.147,0.03265058278804645
698,849,151,0.151,0.03370310594502371
762,881,119,0.119,0.03300486033235211
706,853,147,0.147,0.0369980863238452
740,870,130,0.13,0.035802608135389165
732,866,134,0.134,0.03716524054738693
780,890,110,0.11,0.02874858903698623
682,841,159,0.159,0.027173283735988662
746,873,127,0.127,0.025266785585205072
712,856,144,0.144,0.02869186547398567
706,853,147,0.147,0.02954048618208617
744,872,128,0.128,0.022144321739906447
740,870,130,0.13,0.02371486932656262
732,866,134,0.134,0.02603101334744133
760,880,120,0.12,0.027235872570658102
694,847,153,0.153,0.03065382794244215
740,870,130,0.13,0.030528841476887465
712,856,144,0.144,0.030913832917533
742,871,129,0.129,0.034110987168271094
732,866,134,0.134,0.03568137202202343
734,867,133,0.133,0.03358402672840748
754,877,123,0.123,0.0312882630507811
744,872,128,0.128,0.02939815287711099
688,844,156,0.156,0.031042439885204658
764,882,118,0.118,0.025738813248928637
702,851,149,0.149,0.02560793082183227
722,861,139,0.139,0.02435613744414877
714,857,143,0.143,0.024853926338953898
698,849,151,0.151,0.04213013250869699
692,846,154,0.154,0.036223546438035555
696,848,152,0.152,0.03621667541304942
740,870,130,0.13,0.033002862863242624
704,852,148,0.148,0.0363382338329975
738,869,131,0.131,0.044159177435096356
738,869,131,0.131,0.04508572411257774
736,868,132,0.132,0.0449923667057883
728,864,136,0.136,0.038302198407473044
710,855,145,0.145,0.03875890828948468
728,864,136,0.136,0.03600721107787103
750,875,125,0.125,0.033490253866882994
788,894,106,0.106,0.030570604163222014
694,847,153,0.153,0.02286241828429047
718,859,141,0.141,0.0269028388496954
720,860,140,0.14,0.02671055047758273
704,852,148,0.148,0.029880018180876506
722,861,139,0.139,0.0327168304445222
776,888,112,0.112,0.03345986269041896
702,851,149,0.149,0.0407339434158057
752,876,124,0.124,0.03614562864438631
708,854,146,0.146,0.04042146882833913
730,865,135,0.135,0.03569377498188987
716,858,142,0.142,0.035566083017503844
640,820,180,0.18,0.03760437544807792
724,862,138,0.138,0.03467159762606025
766,883,117,0.117,0.030166612686938606
800,900,100,0.1,0.027983438410097733
726,863,137,0.137,0.028295388592057862
704,852,148,0.148,0.02850233076349832
802,901,99,0.099,0.027829572394490243
750,875,125,0.125,0.02728872239026532
752,876,124,0.124,0.02811904774652794
702,851,149,0.149,0.03042288030683994
766,883,117,0.117,0.028633017882006243
698,849,151,0.151,0.033263334962306546
732,866,134,0.134,0.03288845026527997
744,872,128,0.128,0.037237110908143224
730,865,135,0.135,0.03741884575970471
712,856,144,0.144,0.03765438270708546
664,832,168,0.168,0.03774295377265662
686,843,157,0.157,0.03723317658272572
696,848,152,0.152,0.03889054930699058
702,851,149,0.149,0.03669020737707615
762,881,119,0.119,0.027873226569965482
750,875,125,0.125,0.02843823215388693
698,849,151,0.151,0.030449622975313104
736,868,132,0.132,0.029174128183163704
730,865,135,0.135,0.03099802197609097
696,848,152,0.152,0.031022027818253264
706,853,147,0.147,0.029958581201033667
726,863,137,0.137,0.031234881547861734
734,867,133,0.133,0.029443744654767214
748,874,126,0.126,0.02796578446449712
746,873,127,0.127,0.031074680098798126
754,877,123,0.123,0.03014608519524336
724,862,138,0.138,0.028906080752494744
782,891,109,0.109,0.02848117313766852
712,856,144,0.144,0.02884579932532506
720,860,140,0.14,0.029820064998231827
710,855,145,0.145,0.029765185732394457
706,853,147,0.147,0.029938365250083733
728,864,136,0.136,0.031221553408075125
734,867,133,0.133,0.028518818714714143
740,870,130,0.13,0.032519479367649186
756,878,122,0.122,0.030208580398233608
716,858,142,0.142,0.03338632214907557
726,863,137,0.137,0.03323130258079618
714,857,143,0.143,0.033730007397010923
702,851,149,0.149,0.031419347409682816
728,864,136,0.136,0.02996712360077072
800,900,100,0.1,0.02657468454167247
710,855,145,0.145,0.0281593953485135
782,891,109,0.109,0.024628814338939264
764,882,118,0.118,0.026497560930787586
760,880,120,0.12,0.025438445459236392
730,865,135,0.135,0.028063073535915466
726,863,137,0.137,0.026277652408509312
720,860,140,0.14,0.026854205168492625
704,852,148,0.148,0.03245373182813637
740,870,130,0.13,0.03143929397244938
762,881,119,0.119,0.031693442924530246
698,849,151,0.151,0.03620839118061121
690,845,155,0.155,0.036805445960490034
754,877,123,0.123,0.030768404325703158
716,858,142,0.142,0.033346250201109796
702,851,149,0.149,0.033451090891612696
756,878,122,0.122,0.024892986422753893
768,884,116,0.116,0.024379405433195642
746,873,127,0.127,0.02457650785811711
734,867,133,0.133,0.02500203780841548
738,869,131,0.131,0.024401224372675643
726,863,137,0.137,0.025223442824033555
736,868,132,0.132,0.02517055900627747
744,872,128,0.128,0.024345852318278047
712,856,144,0.144,0.027947466449346394
746,873,127,0.127,0.028090296554495582
730,865,135,0.135,0.028535626511089505
722,861,139,0.139,0.028028270063223316
722,861,139,0.139,0.027572767331264913
690,845,155,0.155,0.02845294774894137
772,886,114,0.114,0.027630879590520636
758,879,121,0.121,0.027710877708042973
754,877,123,0.123,0.026379272118210794
736,868,132,0.132,0.027608449862571435
754,877,123,0.123,0.029120439538965003
612,806,194,0.194,0.03347165945079177
716,858,142,0.142,0.028977858652127906
778,889,111,0.111,0.02823396337660961
722,861,139,0.139,0.029853024503216148
706,853,147,0.147,0.028270282123237848
708,854,146,0.146,0.025843766182661057
768,884,116,0.116,0.023991575832827947
786,893,107,0.107,0.02399603565095458
820,910,90,0.09,0.02223536798520945
654,827,173,0.173,0.025134462677437113
718,859,141,0.141,0.024795333681162445
706,853,147,0.147,0.025591176507994532
780,890,110,0.11,0.0266271978688892
742,871,129,0.129,0.027439803429646418
752,876,124,0.124,0.02507144019473344
704,852,148,0.148,0.027506467917002737
732,866,134,0.134,0.024584223886486144
710,855,145,0.145,0.025421570568578317
734,867,133,0.133,0.025653287104680202
694,847,153,0.153,0.028672469808021562
686,843,157,0.157,0.026639290906023235
768,884,116,0.116,0.026473031782894396
744,872,128,0.128,0.026382691866951063
710,855,145,0.145,0.026653342355042697
736,868,132,0.132,0.02639871764695272
720,860,140,0.14,0.027311372608382952
760,880,120,0.12,0.02471035888849292
742,871,129,0.129,0.027008180147153324
718,859,141,0.141,0.026579783192428295
734,867,133,0.133,0.02708156754414085
684,842,158,0.158,0.028808766848174856
714,857,143,0.143,0.025891346000717023
722,861,139,0.139,0.027442053863953333
722,861,139,0.139,0.02627112242812291
668,834,166,0.166,0.024454910176573322
750,875,125,0.125,0.022177050972008148
726,863,137,0.137,0.02423776214988902
758,879,121,0.121,0.023910376761574297
742,871,129,0.129,0.02331859266886022
740,870,130,0.13,0.023581717768334783
786,893,107,0.107,0.021973923391196876
658,829,171,0.171,0.028137688072631135
752,876,124,0.124,0.02553977973642759
806,903,97,0.097,0.024042054015211763
718,859,141,0.141,0.027610316205071286
756,878,122,0.122,0.02408919476205483
702,851,149,0.149,0.02682729943585582
774,887,113,0.113,0.024296737950993703
710,855,145,0.145,0.02552046817401424
700,850,150,0.15,0.02536715882550925
760,880,120,0.12,0.02159525481844321
714,857,143,0.143,0.02250261712120846
766,883,117,0.117,0.02277166333317291
722,861,139,0.139,0.025184276835876516
738,869,131,0.131,0.024455102928448467
756,878,122,0.122,0.023022812562878244
714,857,143,0.143,0.02795329681481235
708,854,146,0.146,0.02908601615257794
696,848,152,0.152,0.03132389335380867
724,862,138,0.138,0.03172563680441817
712,856,144,0.144,0.030888027838780543
708,854,146,0.146,0.03317477210704237
720,860,140,0.14,0.03189909925195388
734,867,133,0.133,0.03226323858462274
734,867,133,0.133,0.02873793570837006
694,847,153,0.153,0.027874108118936418
730,865,135,0.135,0.027974523293145467
654,827,173,0.173,0.025838624236523174
728,864,136,0.136,0.024466364081017673
732,866,134,0.134,0.02540416098397691
748,874,126,0.126,0.02534027330146637
734,867,133,0.133,0.03201377183268778
714,857,143,0.143,0.02649476697400678
732,866,134,0.134,0.027017031628638506
798,899,101,0.101,0.02415266890625935
738,869,131,0.131,0.026374953698483295
796,898,102,0.102,0.02387896917675971
756,878,122,0.122,0.02295370744675165
744,872,128,0.128,0.018019350583432243
700,850,150,0.15,0.021929094444960356
778,889,111,0.111,0.021647141904220915
756,878,122,0.122,0.023230096499901265
696,848,152,0.152,0.031212848302209748
716,858,142,0.142,0.028563590839505194
740,870,130,0.13,0.029983639217098245
720,860,140,0.14,0.031843077377183365
726,863,137,0.137,0.030345897688763217
748,874,126,0.126,0.03234532343409956
724,862,138,0.138,0.031004087381763384
740,870,130,0.13,0.02917815326573327
726,863,137,0.137,0.023715560893760992
768,884,116,0.116,0.025984580978984012
724,862,138,0.138,0.024034358908684227
732,866,134,0.134,0.023928232748643495
762,881,119,0.119,0.020137515403446743
718,859,141,0.141,0.026288592513505137
726,863,137,0.137,0.030971905109006912
722,861,139,0.139,0.02792389190918766
718,859,141,0.141,0.031185920011950658
702,851,149,0.149,0.03363762964622583
706,853,147,0.147,0.030896688287728465
702,851,149,0.149,0.03246348412940279
700,850,150,0.15,0.03183724099688698
740,870,130,0.13,0.02917190128553193
760,880,120,0.12,0.026640351523004938
800,900,100,0.1,0.02225828020006884
750,875,125,0.125,0.020603524677921085
748,874,126,0.126,0.020885821769828908
720,860,140,0.14,0.0209107067680452
742,871,129,0.129,0.01971199335542042
756,878,122,0.122,0.020204844363761368
736,868,132,0.132,0.02232308984862175
776,888,112,0.112,0.019697867523529568
764,882,118,0.118,0.02488094393676147
664,832,168,0.168,0.02659379373327829
778,889,111,0.111,0.022332794645044486
746,873,127,0.127,0.02241550173179712
688,844,156,0.156,0.02080158609536011
754,877,123,0.123,0.02296951828605961
746,873,127,0.127,0.022958712461520918
730,865,135,0.135,0.02283512538508512
746,873,127,0.127,0.024121548412833364
676,838,162,0.162,0.03350078299548477
692,846,154,0.154,0.034377167319064025
746,873,127,0.127,0.03184396794508211
672,836,164,0.164,0.03912098738574423
702,851,149,0.149,0.035560559335397555
720,860,140,0.14,0.033430692524649204
710,855,145,0.145,0.032146478377049786
800,900,100,0.1,0.02791574820294045
706,853,147,0.147,0.025182744252029807
738,869,131,0.131,0.02302685773256235
740,870,130,0.13,0.021994646498584187
748,874,126,0.126,0.022856018881633643
772,886,114,0.114,0.0196467882146826
742,871,129,0.129,0.02325948242470622
738,869,131,0.131,0.025302597278612667
720,860,140,0.14,0.02711540172668174
730,865,135,0.135,0.02832823175820522
702,851,149,0.149,0.029794989343965426
678,839,161,0.161,0.032853753599803893
730,865,135,0.135,0.032191689347848294
738,869,131,0.131,0.029830744770937598
742,871,129,0.129,0.0267568837441504
760,880,120,0.12,0.02251433561556041
704,852,148,0.148,0.024206026219995694
746,873,127,0.127,0.02411595674313139
726,863,137,0.137,0.02183925365936011
756,878,122,0.122,0.021571030830411474
724,862,138,0.138,0.02228451983112609
744,872,128,0.128,0.024732767400448212
666,833,167,0.167,0.023975557767960707
722,861,139,0.139,0.02449804974789731
734,867,133,0.133,0.024473775099264457
726,863,137,0.137,0.027445451553910972
730,865,135,0.135,0.026779491159832105
742,871,129,0.129,0.02733530475338921
710,855,145,0.145,0.02801611401909031
760,880,120,0.12,0.026883368893701118
718,859,141,0.141,0.026931305916747077
712,856,144,0.144,0.024597391628078186
738,869,131,0.131,0.021932833112077787
742,871,129,0.129,0.022206135295156856
764,882,118,0.118,0.020219185832431322
794,897,103,0.103,0.018615134346066042
768,884,116,0.116,0.018788705394021235
734,867,133,0.133,0.02014429154235404
740,870,130,0.13,0.020281250240746885
732,866,134,0.134,0.02248732286924496
742,871,129,0.129,0.02096384699875489
744,872,128,0.128,0.02172842911205953
766,883,117,0.117,0.023517974577698622
684,842,158,0.158,0.025780493092432154
756,878,122,0.122,0.021706314558163284
700,850,150,0.15,0.023724752113688737
700,850,150,0.15,0.024328945559682326
720,860,140,0.14,0.023280302139231934
746,873,127,0.127,0.023496792695485054
710,855,145,0.145,0.022952253209310585
696,848,152,0.152,0.022595566340140066
714,857,143,0.143,0.02405428723245859
682,841,159,0.159,0.02382039146439638
716,858,142,0.142,0.02346981874445919
718,859,141,0.141,0.024472966953529976
712,856,144,0.144,0.02451953807915561
698,849,151,0.151,0.022725954436231405
768,884,116,0.116,0.02118189292383613
730,865,135,0.135,0.02109611400793074
756,878,122,0.122,0.020789930877508595
692,846,154,0.154,0.020554544995655306
724,862,138,0.138,0.0189308192084427
798,899,101,0.101,0.018373068695073016
690,845,155,0.155,0.020760181106685194
678,839,161,0.161,0.0243419816516689
702,851,149,0.149,0.025649639772018416
742,871,129,0.129,0.024683810600428843
672,836,164,0.164,0.02640221878828015
692,846,154,0.154,0.027988278805511073
770,885,115,0.115,0.02578706662217155
740,870,130,0.13,0.020476572750427295
758,879,121,0.121,0.02358402781118639
758,879,121,0.121,0.023174100116826593
684,842,158,0.158,0.019707176619558595
694,847,153,0.153,0.020387096960679627
696,848,152,0.152,0.018194655050407165
752,876,124,0.124,0.020085295719327406
714,857,143,0.143,0.017815284725278616
750,875,125,0.125,0.016937106408528052
716,858,142,0.142,0.021855829002568498
730,865,135,0.135,0.021286021738866113
730,865,135,0.135,0.022274483267392498
790,895,105,0.105,0.019495758753560948
712,856,144,0.144,0.0221693648530636
758,879,121,0.121,0.022375899257720447
686,843,157,0.157,0.02279183314938564
688,844,156,0.156,0.02081898965872824
726,863,137,0.137,0.020575052690343
720,860,140,0.14,0.01840493756532669
750,875,125,0.125,0.019168828442459925
730,865,135,0.135,0.018864973732968793
652,826,174,0.174,0.0209950414178893
702,851,149,0.149,0.02033300971100107
766,883,117,0.117,0.017802456278470345
752,876,124,0.124,0.018381031359022016
788,894,106,0.106,0.018122494851006195
780,890,110,0.11,0.01921641257754527
736,868,132,0.132,0.01840364578505978
740,870,130,0.13,0.018355110529228114
680,840,160,0.16,0.019674227547599003
764,882,118,0.118,0.01725614875520114
744,872,128,0.128,0.017694099417305553
736,868,132,0.132,0.01773171930760145
694,847,153,0.153,0.01897217877046205
732,866,134,0.134,0.01729118723818101
780,890,110,0.11,0.017199619948980397
736,868,132,0.132,0.017256041223707143
744,872,128,0.128,0.01867803187086247
710,855,145,0.145,0.019163894629105924
770,885,115,0.115,0.018403164784016553
716,858,142,0.142,0.019846925295889377
768,884,116,0.116,0.018421916766092183
744,872,128,0.128,0.018825280799996107
788,894,106,0.106,0.017159727565653156
758,879,121,0.121,0.015552573544322513
756,878,122,0.122,0.016031587334582584
808,904,96,0.096,0.015580110747352592
706,853,147,0.147,0.01794057476578746
720,860,140,0.14,0.016243809641920962
710,855,145,0.145,0.017168409604608314
714,857,143,0.143,0.018809809567406775
736,868,132,0.132,0.022849244928103873
732,866,134,0.134,0.02274587214773055
696,848,152,0.152,0.02286355932895094
714,857,143,0.143,0.02744151605432853
690,845,155,0.155,0.024087961261626333
724,862,138,0.138,0.024047194074839354
724,862,138,0.138,0.023337502042297273
732,866,134,0.134,0.023806666558259165
740,870,130,0.13,0.021642082362959628
720,860,140,0.14,0.020218769644881833
722,861,139,0.139,0.019311508187907746
744,872,128,0.128,0.01763463262945879
748,874,126,0.126,0.018625901954583243
684,842,158,0.158,0.01959256407269277
734,867,133,0.133,0.019375645880470985
714,857,143,0.143,0.02081671765912324
760,880,120,0.12,0.01965979451010935
720,860,140,0.14,0.022588169791037217
734,867,133,0.133,0.023098167305230163
686,843,157,0.157,0.023333227169321617
770,885,115,0.115,0.02232972650125157
780,890,110,0.11,0.020643416975741274
698,849,151,0.151,0.021472037331433966
766,883,117,0.117,0.018305977894575335
736,868,132,0.132,0.019151411409431603
738,869,131,0.131,0.017935681227303577
772,886,114,0.114,0.01632193774060579
748,874,126,0.126,0.015529282410279848
732,866,134,0.134,0.015551367376581766
814,907,93,0.093,0.014348875298484927
758,879,121,0.121,0.016269989832420832
782,891,109,0.109,0.017279848729085643
768,884,116,0.116,0.016815315319341606
720,860,140,0.14,0.02123277003946714
756,878,122,0.122,0.01822786890377756
762,881,119,0.119,0.017842684432616808
758,879,121,0.121,0.01974802074042964
756,878,122,0.122,0.019389361587469466
740,870,130,0.13,0.01939457147149369
608,804,196,0.196,0.02281133647286333
700,850,150,0.15,0.020037312398315407
708,854,146,0.146,0.02072227844747249
746,873,127,0.127,0.02030013496466563
714,857,143,0.143,0.022742961212527005
700,850,150,0.15,0.030166044112294912
702,851,149,0.149,0.028484372438368155
684,842,158,0.158,0.027670091186417268
754,877,123,0.123,0.029266641493653878
784,892,108,0.108,0.025851382234948688
730,865,135,0.135,0.028330167164327576
766,883,117,0.117,0.02282612764078658
730,865,135,0.135,0.022643540033488535
684,842,158,0.158,0.0175544527140446
764,882,118,0.118,0.01609187376347836
686,843,157,0.157,0.018356964573904407
746,873,127,0.127,0.01772859839978628
746,873,127,0.127,0.01697641957376618
710,855,145,0.145,0.021701600054395385
710,855,145,0.145,0.023055769207829143
700,850,150,0.15,0.02680749792000279
754,877,123,0.123,0.02912437638035044
708,854,146,0.146,0.02933344899280928
688,844,156,0.156,0.02429649955924833
752,876,124,0.124,0.029121080143144355
722,861,139,0.139,0.02627411744243
726,863,137,0.137,0.025208996946690605
696,848,152,0.152,0.02467720528889913
676,838,162,0.162,0.020182264069386294
732,866,134,0.134,0.017292222580173985
738,869,131,0.131,0.01802639820263721
674,837,163,0.163,0.019334713378044398
742,871,129,0.129,0.01812577684293501
748,874,126,0.126,0.01979409724107245
730,865,135,0.135,0.020282776961801575
744,872,128,0.128,0.019976205977261997
722,861,139,0.139,0.02170781697332859
772,886,114,0.114,0.01833293656411115
748,874,126,0.126,0.020654924223315902
778,889,111,0.111,0.01969123224588111
738,869,131,0.131,0.0191229081430356
720,860,140,0.14,0.015901440771413037
764,882,118,0.118,0.016463314941851423
748,874,126,0.126,0.015510707802779506
758,879,121,0.121,0.015891321228002197
674,837,163,0.163,0.018140648327302188
714,857,143,0.143,0.01743880160083063
760,880,120,0.12,0.01772661632054951
742,871,129,0.129,0.0176228174068965
750,875,125,0.125,0.017615832372917795
772,886,114,0.114,0.01574057293694932
724,862,138,0.138,0.016182883199653587
776,888,112,0.112,0.017069061800604687
740,870,130,0.13,0.016127624282904436
746,873,127,0.127,0.014883741544967051
676,838,162,0.162,0.015648785704921467
720,860,140,0.14,0.015403176101623103
730,865,135,0.135,0.022847899076761678
780,890,110,0.11,0.02148741256794892
648,824,176,0.176,0.02518721459247172
692,846,154,0.154,0.02365151285554748
650,825,175,0.175,0.024721624006226194
740,870,130,0.13,0.02734071597480215
686,843,157,0.157,0.030104160613846034
750,875,125,0.125,0.02615981157752685
714,857,143,0.143,0.01994618852849817
744,872,128,0.128,0.01583020994969411
706,853,147,0.147,0.018449527350254357
718,859,141,0.141,0.01730064742389368
728,864,136,0.136,0.01738637411640957
776,888,112,0.112,0.01716586800798541
752,876,124,0.124,0.0150625878960127
712,856,144,0.144,0.015028647755971179
764,882,118,0.118,0.016070020324899816
688,844,156,0.156,0.018842658345005474
788,894,106,0.106,0.016724764461047016
740,870,130,0.13,0.01575333908898756
776,888,112,0.112,0.016653426729957573
752,876,124,0.124,0.01728619745746255
754,877,123,0.123,0.016305454742279835
724,862,138,0.138,0.015033987014438026
744,872,128,0.128,0.015103531165543246
708,854,146,0.146,0.016793497085454873
742,871,129,0.129,0.016952447278425098
740,870,130,0.13,0.021482990743941627
732,866,134,0.134,0.020353907836717554
740,870,130,0.13,0.021179225643048995
790,895,105,0.105,0.020172550142509862
722,861,139,0.139,0.021079924103338272
738,869,131,0.131,0.021748883484804537
744,872,128,0.128,0.021438570530852304
738,869,131,0.131,0.01957699830920319
806,903,97,0.097,0.013733918819285464
722,861,139,0.139,0.014475498185143806
704,852,148,0.148,0.01497968278999906
706,853,147,0.147,0.01536907862109365
772,886,114,0.114,0.013726768325373995
744,872,128,0.128,0.01598484654922504
732,866,134,0.134,0.015972790189029182
752,876,124,0.124,0.01815963315172121
736,868,132,0.132,0.021687511126860046
684,842,158,0.158,0.022784751129569486
680,840,160,0.16,0.022163469277671537
760,880,120,0.12,0.019275254170352127
760,880,120,0.12,0.020997532719862648
772,886,114,0.114,0.020140433470834978
720,860,140,0.14,0.02117733391735237
768,884,116,0.116,0.018252842858666553
694,847,153,0.153,0.015810692165308865
672,836,164,0.164,0.021532096367678603
714,857,143,0.143,0.021368052698788234
728,864,136,0.136,0.022347031039651483
746,873,127,0.127,0.02169574150850531
714,857,143,0.143,0.022331764035858213
756,878,122,0.122,0.021609270470100455
686,843,157,0.157,0.02318119668064173
680,840,160,0.16,0.024051750691738562
734,867,133,0.133,0.016697174465894932
720,860,140,0.14,0.015734343489690217
762,881,119,0.119,0.017536318648024463
728,864,136,0.136,0.01724789497256279
720,860,140,0.14,0.01742301443265751
728,864,136,0.136,0.017853275848872727
736,868,132,0.132,0.018128863837802784
670,835,165,0.165,0.01940405750204809
728,864,136,0.136,0.023909234977560118
702,851,149,0.149,0.02440439104125835
748,874,126,0.126,0.026459549778548534
680,840,160,0.16,0.02563121377112111
740,870,130,0.13,0.022773358712147456
752,876,124,0.124,0.02118610656313831
746,873,127,0.127,0.022029795282520352
750,875,125,0.125,0.019742302479106
724,862,138,0.138,0.014425958088977495
726,863,137,0.137,0.01539345610665623
746,873,127,0.127,0.015077137938002125
744,872,128,0.128,0.014470249023564976
702,851,149,0.149,0.016751641658891456
708,854,146,0.146,0.01811645192105789
754,877,123,0.123,0.017106126087601297
722,861,139,0.139,0.021357274414855056
728,864,136,0.136,0.019180485751247034
708,854,146,0.146,0.02000859754648991
778,889,111,0.111,0.018562846238026395
752,876,124,0.124,0.018807072143652476
764,882,118,0.118,0.016748389670276084
732,866,134,0.134,0.01663185452192556
728,864,136,0.136,0.016531752082315505
694,847,153,0.153,0.016765343496808784
692,846,154,0.154,0.017442358543281442
764,882,118,0.118,0.016378028409089893
758,879,121,0.121,0.015218707587715471
740,870,130,0.13,0.016389740330225323
752,876,124,0.124,0.016621844399371186
746,873,127,0.127,0.017017070881207474
730,865,135,0.135,0.01903254102822393
732,866,134,0.134,0.0180346629335545
696,848,152,0.152,0.01772857102600392
784,892,108,0.108,0.016832339758984745
674,837,163,0.163,0.01935163533058949
712,856,144,0.144,0.01757713563472498
730,865,135,0.135,0.015518094701132213
756,878,122,0.122,0.016223230026778765
736,868,132,0.132,0.015096101417031604
708,854,146,0.146,0.01663984422280919
730,865,135,0.135,0.013808467940893025
750,875,125,0.125,0.015720237091183663
764,882,118,0.118,0.015489147367421538
748,874,126,0.126,0.015907119249110112
714,857,143,0.143,0.015538046739355195
710,855,145,0.145,0.017212584643042646
724,862,138,0.138,0.017127079628873616
778,889,111,0.111,0.01699688943946967
766,883,117,0.117,0.017086648880504072
758,879,121,0.121,0.01797942626499571
720,860,140,0.14,0.01781829395762179
764,882,118,0.118,0.015113785786670633
758,879,121,0.121,0.013782836598111317
730,865,135,0.135,0.01356855805357918
696,848,152,0.152,0.016409753003972582
758,879,121,0.121,0.01574424527247902
736,868,132,0.132,0.01517035637871595
686,843,157,0.157,0.016462071563699283
718,859,141,0.141,0.019313581858645193
716,858,142,0.142,0.01892421160428785
722,861,139,0.139,0.017440652374411003
730,865,135,0.135,0.01691077923862031
740,870,130,0.13,0.01781278906366788
680,840,160,0.16,0.019333409306564135
708,854,146,0.146,0.019247358229127712
716,858,142,0.142,0.018158370453165845
708,854,146,0.146,0.01852692783693783
750,875,125,0.125,0.016803213945706375
750,875,125,0.125,0.016565068216586952
754,877,123,0.123,0.016607596906716936
764,882,118,0.118,0.015310417663014959
688,844,156,0.156,0.016138049922068604
766,883,117,0.117,0.015020028273575008
744,872,128,0.128,0.011406380508793518
746,873,127,0.127,0.013299236288235988
720,860,140,0.14,0.013668538468074984
762,881,119,0.119,0.013515847072208998
742,871,129,0.129,0.013514330865466035
756,878,122,0.122,0.013247674111858941
764,882,118,0.118,0.013700229680049233
764,882,118,0.118,0.014312868233420886
720,860,140,0.14,0.01694153529056348
704,852,148,0.148,0.0187907375136856
726,863,137,0.137,0.016585454846674112
764,882,118,0.118,0.01551413774228422
802,901,99,0.099,0.015638339808792808
744,872,128,0.128,0.015429480409657116
748,874,126,0.126,0.015765201259811873
730,865,135,0.135,0.01480340598267503
734,867,133,0.133,0.013705165501567536
752,876,124,0.124,0.012570054081559647
710,855,145,0.145,0.015714592330739834
772,886,114,0.114,0.015479123735567556
716,858,142,0.142,0.01736249284882797
734,867,133,0.133,0.016063255980145186
764,882,118,0.118,0.017387899109860883
722,861,139,0.139,0.019115130663587478
708,854,146,0.146,0.017176619529724123
728,864,136,0.136,0.01766002327739261
760,880,120,0.12,0.014019380169571377
708,854,146,0.146,0.01412926578243787
756,878,122,0.122,0.012292791984858923
720,860,140,0.14,0.012504688274580985
748,874,126,0.126,0.012973011721507647
722,861,139,0.139,0.01373507139144931
734,867,133,0.133,0.013383700189937371
714,857,143,0.143,0.01356503285805229
770,885,115,0.115,0.016631251392303967
728,864,136,0.136,0.017441060543525965
730,865,135,0.135,0.017429205249180086
758,879,121,0.121,0.017628593499888667
742,871,129,0.129,0.01657989156030817
740,870,130,0.13,0.016939993309206328
740,870,130,0.13,0.01740780399146024
734,867,133,0.133,0.01801271825307049
748,874,126,0.126,0.012904546194069553
714,857,143,0.143,0.012401668423757655
794,897,103,0.103,0.009679812393762404
774,887,113,0.113,0.010769081547681707
774,887,113,0.113,0.009943662002013298
778,889,111,0.111,0.01110805983512546
780,890,110,0.11,0.012095923752873204
696,848,152,0.152,0.012396397105738288
760,880,120,0.12,0.012022490839484817
662,831,169,0.169,0.014187275506439619
782,891,109,0.109,0.014721544067724609
700,850,150,0.15,0.0186384726742981
708,854,146,0.146,0.019293022105237468
766,883,117,0.117,0.017698728426999877
736,868,132,0.132,0.017889582183328458
704,852,148,0.148,0.01873999142542016
728,864,136,0.136,0.018569798734592042
750,875,125,0.125,0.017853885110234842
664,832,168,0.168,0.018405128296581096
734,867,133,0.133,0.011724970457376912
754,877,123,0.123,0.01304706039984012
740,870,130,0.13,0.012019561505818274
754,877,123,0.123,0.011957359804364387
738,869,131,0.131,0.01198607650824124
782,891,109,0.109,0.011919441490783356
768,884,116,0.116,0.012026417174260132
720,860,140,0.14,0.012690084517933428
758,879,121,0.121,0.012930070147616789
732,866,134,0.134,0.014276761361630634
740,870,130,0.13,0.013504110879206565
682,841,159,0.159,0.016218857857515104
732,866,134,0.134,0.01444259577000048
740,870,130,0.13,0.013881616047176066
704,852,148,0.148,0.014680727275088429
766,883,117,0.117,0.013998256038321414
702,851,149,0.149,0.01624231004389003
702,851,149,0.149,0.01633664391899947
760,880,120,0.12,0.016506110666901806
710,855,145,0.145,0.016323474117321893
766,883,117,0.117,0.015399228469410445
770,885,115,0.115,0.015433687689481303
724,862,138,0.138,0.01175203667479218
758,879,121,0.121,0.015447907745372504
798,899,101,0.101,0.014787651607766747
774,887,113,0.113,0.013244300367252436
764,882,118,0.118,0.013001992465782678
744,872,128,0.128,0.015368556614412228
720,860,140,0.14,0.015663764844764956
738,869,131,0.131,0.015000348692148691
754,877,123,0.123,0.016115134076331743
742,871,129,0.129,0.01584811039560009
738,869,131,0.131,0.01605409406448598
684,842,158,0.158,0.017242573910451028
770,885,115,0.115,0.015838880590046758
752,876,124,0.124,0.013489528196660104
730,865,135,0.135,0.0139190910012112
764,882,118,0.118,0.010755066777317551
748,874,126,0.126,0.011694389897282236
756,878,122,0.122,0.012977874383155723
750,875,125,0.125,0.013124783104634843
712,856,144,0.144,0.01427628543652827
680,840,160,0.16,0.020383304391871207
706,853,147,0.147,0.0167405889906222
688,844,156,0.156,0.022042541667819025
708,854,146,0.146,0.022479333422437776
696,848,152,0.152,0.02441184579289984
718,859,141,0.141,0.023145797501085325
760,880,120,0.12,0.02151538120955229
758,879,121,0.121,0.020135721395723522
748,874,126,0.126,0.01851713243580889
732,866,134,0.134,0.017618316591600888
746,873,127,0.127,0.013200137560441362
732,866,134,0.134,0.012858045837143436
752,876,124,0.124,0.011669157398631795
736,868,132,0.132,0.013227723287360276
712,856,144,0.144,0.013957323031441773
712,856,144,0.144,0.015709205224295145
746,873,127,0.127,0.015962787978845882
724,862,138,0.138,0.016641723300883312
756,878,122,0.122,0.018104370604734868
724,862,138,0.138,0.019150986880762503
744,872,128,0.128,0.01906321174383629
728,864,136,0.136,0.01580929193610791
746,873,127,0.127,0.014822474900458474
712,856,144,0.144,0.015593064819695428
774,887,113,0.113,0.013179770956572611
718,859,141,0.141,0.01532636696373811
724,862,138,0.138,0.012908538916846738
666,833,167,0.167,0.014349368109833449
754,877,123,0.123,0.014343364743195707
712,856,144,0.144,0.0225426094889408
766,883,117,0.117,0.02107101109973155
670,835,165,0.165,0.022448454019613564
780,890,110,0.11,0.02252509869658388
704,852,148,0.148,0.023115637945535127
778,889,111,0.111,0.02236318421375472
742,871,129,0.129,0.021251593612716533
728,864,136,0.136,0.02037429131951649
772,886,114,0.114,0.01108997737854952
716,858,142,0.142,0.012960207581578289
766,883,117,0.117,0.011710526802187815
734,867,133,0.133,0.011822773458028677
792,896,104,0.104,0.011878433762700298
754,877,123,0.123,0.011944402036315296
744,872,128,0.128,0.012036879593331832
742,871,129,0.129,0.012465383279195521
720,860,140,0.14,0.017172880637401248
760,880,120,0.12,0.016602772568410726
728,864,136,0.136,0.019155372086446732
716,858,142,0.142,0.01823256108403439
724,862,138,0.138,0.020431552793597804
702,851,149,0.149,0.019518715964863077
708,854,146,0.146,0.0194302064012154
728,864,136,0.136,0.019128874390764394
712,856,144,0.144,0.017934004726703277
742,871,129,0.129,0.01622693141666241
752,876,124,0.124,0.014359210810041986
726,863,137,0.137,0.015042829851736314
732,866,134,0.134,0.014512378220329993
690,845,155,0.155,0.016079284143983387
726,863,137,0.137,0.01563468183427176
744,872,128,0.128,0.014876738048507832
712,856,144,0.144,0.016171908206481022
712,856,144,0.144,0.017314667346130592
744,872,128,0.128,0.020072742820717394
740,870,130,0.13,0.020376721961423754
746,873,127,0.127,0.019604428586782886
718,859,141,0.141,0.02064065433572978
700,850,150,0.15,0.01831863474845886
724,862,138,0.138,0.01834549239045009
714,857,143,0.143,0.018254761107382365
692,846,154,0.154,0.018309247533325107
710,855,145,0.145,0.01702330603270093
742,871,129,0.129,0.013702218706603162
726,863,137,0.137,0.014873225974966773
684,842,158,0.158,0.01603206683107419
720,860,140,0.14,0.016215667773620226
738,869,131,0.131,0.016541908081562723
746,873,127,0.127,0.01701203401281964
714,857,143,0.143,0.017090125932358206
750,875,125,0.125,0.01616206472448539
766,883,117,0.117,0.01544268965756055
702,851,149,0.149,0.016091672413866037
716,858,142,0.142,0.017042334445635788
748,874,126,0.126,0.015777803753619084
778,889,111,0.111,0.014598821933963337
730,865,135,0.135,0.015665485198434907
702,851,149,0.149,0.017728851875057444
692,846,154,0.154,0.016757671628321986
714,857,143,0.143,0.01605418690631632
734,867,133,0.133,0.016409491401631386
644,822,178,0.178,0.018597962728352287
712,856,144,0.144,0.018351864080526865
736,868,132,0.132,0.01686776854749769
720,860,140,0.14,0.016707827578647992
692,846,154,0.154,0.017475872484617867
712,856,144,0.144,0.0166917695273296
744,872,128,0.128,0.015994463960756548
730,865,135,0.135,0.01610513628111221
738,869,131,0.131,0.015609776129131205
708,854,146,0.146,0.015261449459590948
728,864,136,0.136,0.01441891341342125
740,870,130,0.13,0.01402008346898947
752,876,124,0.124,0.013748761519906111
736,868,132,0.132,0.013853347982047126
708,854,146,0.146,0.014453447501873598
806,903,97,0.097,0.011892422411008737
738,869,131,0.131,0.014045277921570232
686,843,157,0.157,0.014777145606174599
704,852,148,0.148,0.014835155187174678
706,853,147,0.147,0.0159707719956059
742,871,129,0.129,0.016789572682522704
688,844,156,0.156,0.01854966096463613
724,862,138,0.138,0.0171390754499007
728,864,136,0.136,0.01756298459356185
770,885,115,0.115,0.01597751271224115
720,860,140,0.14,0.018567311040824278
678,839,161,0.161,0.018533790360786954
724,862,138,0.138,0.015996968579362145
686,843,157,0.157,0.016974807928258086
752,876,124,0.124,0.0143082145745866
722,861,139,0.139,0.012624812247115187
750,875,125,0.125,0.013603679879510309
762,881,119,0.119,0.011871188995661214
806,903,97,0.097,0.011221344288613181
710,855,145,0.145,0.012552635294618085
752,876,124,0.124,0.012241335640719626
768,884,116,0.116,0.015105350736761466
710,855,145,0.145,0.01686874981864821
746,873,127,0.127,0.0169565098361345
650,825,175,0.175,0.01984237214975292
716,858,142,0.142,0.01859337264113128
770,885,115,0.115,0.01987070157111157
714,857,143,0.143,0.018875178940303158
710,855,145,0.145,0.019022661132155918
692,846,154,0.154,0.015973306376021356
730,865,135,0.135,0.015455165402439889
722,861,139,0.139,0.016701146125647937
756,878,122,0.122,0.011531268364051358
732,866,134,0.134,0.013574521658418234
660,830,170,0.17,0.013555830281198724
774,887,113,0.113,0.012488686880329624
704,852,148,0.148,0.013791564363462384
784,892,108,0.108,0.0120416725713294
720,860,140,0.14,0.01419780659751268
702,851,149,0.149,0.017278313127462752
740,870,130,0.13,0.0152313488299842
762,881,119,0.119,0.01567050840065349
720,860,140,0.14,0.01640041218139231
708,854,146,0.146,0.016136518906452693
686,843,157,0.157,0.016764579922077246
696,848,152,0.152,0.01726546602480812
696,848,152,0.152,0.016332217915100044
714,857,143,0.143,0.015789111158112063
762,881,119,0.119,0.014023209901613883
736,868,132,0.132,0.014720421346428338
736,868,132,0.132,0.014070216746185906
730,865,135,0.135,0.015547837942955084
724,862,138,0.138,0.014713782923179678
682,841,159,0.159,0.015559844859293662
702,851,149,0.149,0.015294199387310073
660,830,170,0.17,0.01551323921768926
740,870,130,0.13,0.014749061298905871
730,865,135,0.135,0.015880986680684144
748,874,126,0.126,0.015020436332677491
686,843,157,0.157,0.01738046508352272
780,890,110,0.11,0.015125282290857285
746,873,127,0.127,0.015641485664098582
712,856,144,0.144,0.016498005586385263
734,867,133,0.133,0.016053511501173488
744,872,128,0.128,0.011495402546483091
730,865,135,0.135,0.012534416344715282
734,867,133,0.133,0.012362398603610927
784,892,108,0.108,0.010975318775541382
776,888,112,0.112,0.010173065924289404
706,853,147,0.147,0.011872575807676184
742,871,129,0.129,0.012241573860694188
722,861,139,0.139,0.013294752523652278
712,856,144,0.144,0.017043764059315434
750,875,125,0.125,0.015139409381314181
724,862,138,0.138,0.015528509705152828
728,864,136,0.136,0.015993662825436333
732,866,134,0.134,0.015966084050538485
724,862,138,0.138,0.015823693717247806
766,883,117,0.117,0.012949963071499952
732,866,134,0.134,0.012661643775820266
774,887,113,0.113,0.010173030583857327
746,873,127,0.127,0.014192348571261391
724,862,138,0.138,0.012588741073792334
688,844,156,0.156,0.01378344824630767
694,847,153,0.153,0.01509746250070748
744,872,128,0.128,0.019642303322150837
790,895,105,0.105,0.018131282390735578
710,855,145,0.145,0.019712189256213604
688,844,156,0.156,0.01933043663180433
750,875,125,0.125,0.018366113154334018
746,873,127,0.127,0.01916167149087414
730,865,135,0.135,0.017399171581608242
678,839,161,0.161,0.016993237476272044
722,861,139,0.139,0.012449178496433887
780,890,110,0.11,0.00947617509146221
762,881,119,0.119,0.011205412781331688
750,875,125,0.125,0.011383057227591052
782,891,109,0.109,0.010526608708169079
738,869,131,0.131,0.011927272200249717
748,874,126,0.126,0.013058089246100281
726,863,137,0.137,0.016245103617795395
694,847,153,0.153,0.016319235951988958
674,837,163,0.163,0.016580190895590933
774,887,113,0.113,0.014744631774607114
776,888,112,0.112,0.015236775080440567
684,842,158,0.158,0.016554908549645916
696,848,152,0.152,0.016339249753393233
722,861,139,0.139,0.014944567546015605
690,845,155,0.155,0.014662498019752092
746,873,127,0.127,0.013422584736021235
700,850,150,0.15,0.014347307885065675
702,851,149,0.149,0.013568415824440308
730,865,135,0.135,0.01242784395761555
696,848,152,0.152,0.013678693310241215
800,900,100,0.1,0.012457029464567313
738,869,131,0.131,0.013669641904882155
724,862,138,0.138,0.014451240578549913
718,859,141,0.141,0.01650081349548418
680,840,160,0.16,0.016735286891052966
706,853,147,0.147,0.016031268381513655
712,856,144,0.144,0.015719811798539013
708,854,146,0.146,0.01573310935799964
796,898,102,0.102,0.013061545779579319
748,874,126,0.126,0.01454377920483239
786,893,107,0.107,0.013960119164839852
760,880,120,0.12,0.013080427611479536
742,871,129,0.129,0.010881014363490977
792,896,104,0.104,0.011458594281575642
754,877,123,0.123,0.012141698400257155
720,860,140,0.14,0.010853541098476853
732,866,134,0.134,0.010671903929134714
682,841,159,0.159,0.012946795290743466
750,875,125,0.125,0.011573020447103772
692,846,154,0.154,0.012593448165163864
724,862,138,0.138,0.014473912539542652
774,887,113,0.113,0.01512422336754389
730,865,135,0.135,0.014737093002506299
736,868,132,0.132,0.016626438924344258
734,867,133,0.133,0.017318292269250378
670,835,165,0.165,0.018545278270728886
772,886,114,0.114,0.014834864285192453
710,855,145,0.145,0.016638986576581374
736,868,132,0.132,0.014341796290886123
762,881,119,0.119,0.01422106819835608
770,885,115,0.115,0.010410681401757757
756,878,122,0.122,0.012941949935921002
730,865,135,0.135,0.011835248987772502
726,863,137,0.137,0.010665394421666861
708,854,146,0.146,0.013461121637083124
750,875,125,0.125,0.013217093934712466
780,890,110,0.11,0.012237118785065832
714,857,143,0.143,0.017624708010000177
740,870,130,0.13,0.015840050262806472
714,857,143,0.143,0.018113348098122515
688,844,156,0.156,0.019125277960672975
708,854,146,0.146,0.018810242478502916
748,874,126,0.126,0.014629229036800098
712,856,144,0.144,0.016673461203579792
790,895,105,0.105,0.015040385555708781
750,875,125,0.125,0.014399035784503212
764,882,118,0.118,0.012876132684294134
724,862,138,0.138,0.012056185569032095
710,855,145,0.145,0.017525019506225363
714,857,143,0.143,0.013072421709541232
762,881,119,0.119,0.01303154243680183
762,881,119,0.119,0.016330478936200963
682,841,159,0.159,0.019693573423603086
728,864,136,0.136,0.018741567700053564
740,870,130,0.13,0.018404861963936127
748,874,126,0.126,0.02108564433909487
694,847,153,0.153,0.020660166125220713
734,867,133,0.133,0.01925305800908245
706,853,147,0.147,0.019910350387450308
770,885,115,0.115,0.015932681582635267
704,852,148,0.148,0.015883370623050723
766,883,117,0.117,0.013699288630479714
732,866,134,0.134,0.010365774774647434
734,867,133,0.133,0.012914136995736044
734,867,133,0.133,0.01193272502126638
744,872,128,0.128,0.01507557165704202
746,873,127,0.127,0.015698069234436843
728,864,136,0.136,0.016291883711400258
712,856,144,0.144,0.018264755270560273
760,880,120,0.12,0.018756381726707332
728,864,136,0.136,0.01718102147243917
726,863,137,0.137,0.018837456777342595
696,848,152,0.152,0.017805001999600792
754,877,123,0.123,0.013499459007027327
714,857,143,0.143,0.013699040588748176
682,841,159,0.159,0.012878695609084388
780,890,110,0.11,0.012294321418856271
740,870,130,0.13,0.011944379056920298
706,853,147,0.147,0.012969507958507166
720,860,140,0.14,0.012951235299638939
712,856,144,0.144,0.012499663161172066
758,879,121,0.121,0.01422065668279538
702,851,149,0.149,0.015295766204537358
752,876,124,0.124,0.016825229254784062
698,849,151,0.151,0.01817335266293958
658,829,171,0.171,0.01867631983861793
750,875,125,0.125,0.016940517654875295
704,852,148,0.148,0.01735038700187579
746,873,127,0.127,0.01587969105341472
730,865,135,0.135,0.013815600818721577
718,859,141,0.141,0.013137724433327093
764,882,118,0.118,0.011386229897965677
748,874,126,0.126,0.010775320547341835
754,877,123,0.123,0.010873192081344314
698,849,151,0.151,0.01252738377294736
730,865,135,0.135,0.01349327903194353
800,900,100,0.1,0.013322812909726053
688,844,156,0.156,0.015449087187764235
726,863,137,0.137,0.014240383308890159
728,864,136,0.136,0.015294025339127984
772,886,114,0.114,0.016454555982374587
674,837,163,0.163,0.01798508532176493
774,887,113,0.113,0.014319697035709397
712,856,144,0.144,0.016337499720742926
742,871,129,0.129,0.014135927792056463
714,857,143,0.143,0.014607495811476839
734,867,133,0.133,0.01372367153095547
772,886,114,0.114,0.01183449224557262
750,875,125,0.125,0.01176781003177166
752,876,124,0.124,0.012059755390626379
688,844,156,0.156,0.014408564533572645
712,856,144,0.144,0.013865175678336528
736,868,132,0.132,0.015913614057877567
744,872,128,0.128,0.014352727728779428
698,849,151,0.151,0.01545669556921348
720,860,140,0.14,0.015959194978233428
772,886,114,0.114,0.015949342324049213
704,852,148,0.148,0.016355246245278978
708,854,146,0.146,0.013132719183107837
686,843,157,0.157,0.013449407081061508
766,883,117,0.117,0.011774219617305789
736,868,132,0.132,0.01117600137172849
832,916,84,0.084,0.010137694723787718
724,862,138,0.138,0.011341751225292683
736,868,132,0.132,0.011233052834868432
736,868,132,0.132,0.010921436578442809
710,855,145,0.145,0.012262465190491638
720,860,140,0.14,0.01233253679702466
684,842,158,0.158,0.012758458004158455
718,859,141,0.141,0.011917561129201204
710,855,145,0.145,0.012718480175826698
788,894,106,0.106,0.011679582497454249
736,868,132,0.132,0.012373201872105711
794,897,103,0.103,0.01145544559013797
706,853,147,0.147,0.013628768963972106
766,883,117,0.117,0.012287181159364991
748,874,126,0.126,0.011964578868704848
780,890,110,0.11,0.012059247964643874
742,871,129,0.129,0.011994611942092889
754,877,123,0.123,0.012609623872849625
760,880,120,0.12,0.011837005479144864
686,843,157,0.157,0.01278209525917191
720,860,140,0.14,0.012550332624814474
746,873,127,0.127,0.011239540684618987
776,888,112,0.112,0.0108038646276691
706,853,147,0.147,0.01218219635420246
800,900,100,0.1,0.010280569118214771
688,844,156,0.156,0.011573849837208399
732,866,134,0.134,0.012359045494755264
734,867,133,0.133,0.011590807503147517
732,866,134,0.134,0.01203550089255441
766,883,117,0.117,0.011733831186895258
698,849,151,0.151,0.012931970096193254
716,858,142,0.142,0.014278406421188265
720,860,140,0.14,0.013151759180123918
700,850,150,0.15,0.014596880698925816
688,844,156,0.156,0.014597651284770108
750,875,125,0.125,0.01378108584380243
808,904,96,0.096,0.01295833121961914
728,864,136,0.136,0.013882985296542756
774,887,113,0.113,0.012119397988077252
756,878,122,0.122,0.011153340125107207
690,845,155,0.155,0.012512829449318814
704,852,148,0.148,0.012438068205665332
722,861,139,0.139,0.013009962032083423
672,836,164,0.164,0.012771767506725155
712,856,144,0.144,0.012157463246257976
738,869,131,0.131,0.01232412099832436
734,867,133,0.133,0.013294204055273439
730,865,135,0.135,0.015037954826431815
692,846,154,0.154,0.01744584574800683
724,862,138,0.138,0.016161129694781267
738,869,131,0.131,0.01585848206380615
772,886,114,0.114,0.014580849233665504
702,851,149,0.149,0.014193289456306957
748,874,126,0.126,0.014021239923371467
728,864,136,0.136,0.01390440265694633
700,850,150,0.15,0.013227156764070968
736,868,132,0.132,0.012842512602743227
730,865,135,0.135,0.015229194443672895
720,860,140,0.14,0.014772930207022
748,874,126,0.126,0.014695317892241292
696,848,152,0.152,0.01568172647198662
690,845,155,0.155,0.015633704800507985
774,887,113,0.113,0.014839024986693403
754,877,123,0.123,0.013862341726257001
740,870,130,0.13,0.014285362643771804
758,879,121,0.121,0.010249160387495067
698,849,151,0.151,0.011697034491633531
754,877,123,0.123,0.011922146225871984
744,872,128,0.128,0.013253561487421394
724,862,138,0.138,0.013129942239960656
744,872,128,0.128,0.014288721265736968
784,892,108,0.108,0.01395917612631456
706,853,147,0.147,0.015464950821362436
744,872,128,0.128,0.016922052406705915
728,864,136,0.136,0.016778245480149053
688,844,156,0.156,0.017093647045781837
760,880,120,0.12,0.013101984479697421
706,853,147,0.147,0.014134989579732065
760,880,120,0.12,0.0124983049522707
756,878,122,0.122,0.013011365930433385
772,886,114,0.114,0.011552875870023854
754,877,123,0.123,0.01019668935489608
740,870,130,0.13,0.010567565425881185
660,830,170,0.17,0.013465988318930613
710,855,145,0.145,0.016676163969139454
714,857,143,0.143,0.016700178334256636
706,853,147,0.147,0.017183343039243484
798,899,101,0.101,0.015144603036489571
718,859,141,0.141,0.018290538954141084
788,894,106,0.106,0.016681452605174854
738,869,131,0.131,0.016586468439491
738,869,131,0.131,0.01315670867037261
760,880,120,0.12,0.013949061974650248
792,896,104,0.104,0.010331633419089485
702,851,149,0.149,0.011072797452448867
722,861,139,0.139,0.01103097068585339
694,847,153,0.153,0.012431136663770303
700,850,150,0.15,0.011421734913485125
728,864,136,0.136,0.011698995630897116
714,857,143,0.143,0.02282105062773917
756,878,122,0.122,0.018440998017322272
760,880,120,0.12,0.01961880810454022
738,869,131,0.131,0.019862552865291944
750,875,125,0.125,0.02202253290754743
680,840,160,0.16,0.02105912050767802
688,844,156,0.156,0.021092670293175617
726,863,137,0.137,0.020405292921699583
770,885,115,0.115,0.014483869127827348
718,859,141,0.141,0.012816518464765976
692,846,154,0.154,0.011461592130784994
776,888,112,0.112,0.00996147533704061
752,876,124,0.124,0.010218204545497428
722,861,139,0.139,0.011493605092779035
722,861,139,0.139,0.011503890836029313
734,867,133,0.133,0.012754818064160645
722,861,139,0.139,0.013162176590660237
748,874,126,0.126,0.015570382259611507
674,837,163,0.163,0.028434156375937165
692,846,154,0.154,0.023511695283465087
716,858,142,0.142,0.023105488407891242
686,843,157,0.157,0.022949659469537437
710,855,145,0.145,0.02165454242390115
770,885,115,0.115,0.02107795664918376
762,881,119,0.119,0.018827156548853963
748,874,126,0.126,0.01935387304489268
762,881,119,0.119,0.012672842106199823
724,862,138,0.138,0.011856026586843654
748,874,126,0.126,0.013063606236886698
748,874,126,0.126,0.012555562216846738
698,849,151,0.151,0.01357598143524956
758,879,121,0.121,0.013001911452272906
700,850,150,0.15,0.013409710774372797
730,865,135,0.135,0.01429473436519038
784,892,108,0.108,0.015112396653275937
732,866,134,0.134,0.014114718971657567
788,894,106,0.106,0.013782855189056135
664,832,168,0.168,0.014796962073538452
730,865,135,0.135,0.013842235362826614
832,916,84,0.084,0.011369927065039519
780,890,110,0.11,0.012903131198021583
778,889,111,0.111,0.011904991704795975
712,856,144,0.144,0.01382803272039746
764,882,118,0.118,0.011836409479903522
744,872,128,0.128,0.014105646482115845
706,853,147,0.147,0.015945946293999442
708,854,146,0.146,0.01748333092906978
676,838,162,0.162,0.017259614967624657
734,867,133,0.133,0.015576262431684881
690,845,155,0.155,0.01579240817273967
766,883,117,0.117,0.016132897825329565
784,892,108,0.108,0.015028217968996614
720,860,140,0.14,0.015957528902799823
752,876,124,0.124,0.014723682731506415
740,870,130,0.13,0.0151689591340255
748,874,126,0.126,0.016362357003381477
726,863,137,0.137,0.01620302680658642
742,871,129,0.129,0.016330632357276043
678,839,161,0.161,0.017532931751338764
694,847,153,0.153,0.017283778191078455
720,860,140,0.14,0.01726176205975935
712,856,144,0.144,0.01749671071965713
770,885,115,0.115,0.015256738705327734
732,866,134,0.134,0.016197279936634005
726,863,137,0.137,0.01550417978153564
712,856,144,0.144,0.0156670239912346
740,870,130,0.13,0.01513502394972602
724,862,138,0.138,0.014841207501245663
738,869,131,0.131,0.014049690088431816
714,857,143,0.143,0.014661368258821313
746,873,127,0.127,0.014502549454104155
692,846,154,0.154,0.015394531003432348
738,869,131,0.131,0.014678031946008559
778,889,111,0.111,0.014032678439456504
744,872,128,0.128,0.015278901791549287
746,873,127,0.127,0.014888771632569842
736,868,132,0.132,0.015333344010286964
704,852,148,0.148,0.01538575065342593
702,851,149,0.149,0.015939066534221637
706,853,147,0.147,0.017226335300132633
744,872,128,0.128,0.01629674976883689
712,856,144,0.144,0.016961267542559652
790,895,105,0.105,0.016924375744536518
694,847,153,0.153,0.017864357851678506
658,829,171,0.171,0.0182057491929736
646,823,177,0.177,0.019032382974168285
682,841,159,0.159,0.017730405214824715
662,831,169,0.169,0.01794900313112885
778,889,111,0.111,0.014620063069276512
712,856,144,0.144,0.016878749614814295
706,853,147,0.147,0.01572909186827019
778,889,111,0.111,0.01426310887967702
722,861,139,0.139,0.014776293784263544
756,878,122,0.122,0.01361161466804333
748,874,126,0.126,0.013870864593889564
768,884,116,0.116,0.013509373797336592
720,860,140,0.14,0.012838480399921536
754,877,123,0.123,0.011765080328594194
698,849,151,0.151,0.013132904894562671
762,881,119,0.119,0.013355385574395768
796,898,102,0.102,0.011916496610152535
704,852,148,0.148,0.01459586740116356
732,866,134,0.134,0.01476995334593812
730,865,135,0.135,0.014438257021422032
752,876,124,0.124,0.016058665128191933
730,865,135,0.135,0.015398280732930288
748,874,126,0.126,0.014064206138369627
752,876,124,0.124,0.012379027655289974
756,878,122,0.122,0.012271871458331588
746,873,127,0.127,0.012411278102837969
736,868,132,0.132,0.011392605643253773
796,898,102,0.102,0.010294502641889266
706,853,147,0.147,0.012051650400477228
740,870,130,0.13,0.011270264671882614
778,889,111,0.111,0.014559173108020332
694,847,153,0.153,0.017369910796987825
708,854,146,0.146,0.018344128461321815
722,861,139,0.139,0.020429338915273546
716,858,142,0.142,0.019055757082765922
736,868,132,0.132,0.01922016397677362
718,859,141,0.141,0.01891666149185039
702,851,149,0.149,0.01881578938255552
748,874,126,0.126,0.013475155830208679
728,864,136,0.136,0.01297373937361408
754,877,123,0.123,0.013187360566924326
712,856,144,0.144,0.014197938327270095
780,890,110,0.11,0.010693326864158735
762,881,119,0.119,0.011192220718599856
704,852,148,0.148,0.012245905753283296
764,882,118,0.118,0.011638688468781766
726,863,137,0.137,0.015014936238527298
714,857,143,0.143,0.015615515846875497
678,839,161,0.161,0.016105641852132976
668,834,166,0.166,0.016771875792503124
722,861,139,0.139,0.015605394008220173
716,858,142,0.142,0.015604614526848309
746,873,127,0.127,0.015831366765429265
758,879,121,0.121,0.014932754169916735
732,866,134,0.134,0.014002254201681353
712,856,144,0.144,0.013907667112216587
764,882,118,0.118,0.013749199034704361
740,870,130,0.13,0.013560551066329935
708,854,146,0.146,0.013596512808115222
754,877,123,0.123,0.013454343888792209
740,870,130,0.13,0.014363017330877482
720,860,140,0.14,0.015669231213978493
772,886,114,0.114,0.013456208739662544
730,865,135,0.135,0.014490643265889957
766,883,117,0.117,0.014728827542625368
740,870,130,0.13,0.014759201324894094
756,878,122,0.122,0.014300546681450215
716,858,142,0.142,0.015077149856253528
682,841,159,0.159,0.014987709813780383
704,852,148,0.148,0.015388018227997236
772,886,114,0.114,0.01398571120161796
666,833,167,0.167,0.015023935423698277
746,873,127,0.127,0.015062837872072124
714,857,143,0.143,0.01724606421648059
698,849,151,0.151,0.015968537400243805
724,862,138,0.138,0.0168436322392663
732,866,134,0.134,0.016785408652678597
734,867,133,0.133,0.01672165978641715
734,867,133,0.133,0.01657717835670337
728,864,136,0.136,0.01680696306808386
722,861,139,0.139,0.016082806993392297
720,860,140,0.14,0.014353103589615784
738,869,131,0.131,0.013880133692291565
744,872,128,0.128,0.013100207247654908
666,833,167,0.167,0.013891021822404582
724,862,138,0.138,0.013997568733990192
762,881,119,0.119,0.012826757644652388
760,880,120,0.12,0.013890706195437814
790,895,105,0.105,0.013883813143591396
740,870,130,0.13,0.015009757304680533
778,889,111,0.111,0.01594142908696085
702,851,149,0.149,0.016932906320202164
744,872,128,0.128,0.014795957950176672
714,857,143,0.143,0.01377436505665537
752,876,124,0.124,0.015086975506856106
758,879,121,0.121,0.013918666998957633
780,890,110,0.11,0.01233543233583623
760,880,120,0.12,0.012765936502371915
748,874,126,0.126,0.013862638302904087
738,869,131,0.131,0.012996208280688733
766,883,117,0.117,0.012675182840030174
732,866,134,0.134,0.0146740028107306
722,861,139,0.139,0.01674111089616781
704,852,148,0.148,0.017975082250311972
686,843,157,0.157,0.017569632824277506
696,848,152,0.152,0.01926980519085191
748,874,126,0.126,0.020505830038455315
736,868,132,0.132,0.020688853387138807
716,858,142,0.142,0.0200575727308169
722,861,139,0.139,0.017985377059318124
720,860,140,0.14,0.018094447335519362
720,860,140,0.14,0.016488266065949574
742,871,129,0.129,0.0127220184004982
730,865,135,0.135,0.016222928617266007
780,890,110,0.11,0.013771912238327787
758,879,121,0.121,0.013749407968018204
712,856,144,0.144,0.015508909691940062
722,861,139,0.139,0.015313414870819542
776,888,112,0.112,0.015644359782803804
782,891,109,0.109,0.016719520336948335
708,854,146,0.146,0.017285726199508644
732,866,134,0.134,0.016880075065302664
760,880,120,0.12,0.01547213415056467
712,856,144,0.144,0.016415620545041747
778,889,111,0.111,0.01407838851166889
740,870,130,0.13,0.014590007160208187
790,895,105,0.105,0.013092142082983628
726,863,137,0.137,0.014024802263767924
742,871,129,0.129,0.013519137758412398
788,894,106,0.106,0.013514449539827183
752,876,124,0.124,0.014919381580781191
726,863,137,0.137,0.014479101887030993
694,847,153,0.153,0.0162969770336058
730,865,135,0.135,0.019647086073062384
684,842,158,0.158,0.019474788541905583
732,866,134,0.134,0.018871254677418618
728,864,136,0.136,0.021218900846375618
776,888,112,0.112,0.018986033193184995
716,858,142,0.142,0.020290036882157438
750,875,125,0.125,0.01960432453895919
718,859,141,0.141,0.0202229354766896
770,885,115,0.115,0.015537551619578153
756,878,122,0.122,0.013538025096349883
754,877,123,0.123,0.014716182383926935
730,865,135,0.135,0.014384436846536118
826,913,87,0.087,0.012588856401911472
728,864,136,0.136,0.014713619704009034
680,840,160,0.16,0.0159683420577785
722,861,139,0.139,0.016204506318550558
724,862,138,0.138,0.01795796593790874
704,852,148,0.148,0.018784654691815377
742,871,129,0.129,0.019545824002241717
760,880,120,0.12,0.01951701697637327
726,863,137,0.137,0.018583205712842756
686,843,157,0.157,0.020489534555934368
732,866,134,0.134,0.01971744602988474
792,896,104,0.104,0.018139458555961028
680,840,160,0.16,0.020279904955881646
768,884,116,0.116,0.01627158669801429
784,892,108,0.108,0.014203247871715575
682,841,159,0.159,0.015154893590137362
732,866,134,0.134,0.015216676751966588
738,869,131,0.131,0.01481612976663746
784,892,108,0.108,0.013909326822584262
738,869,131,0.131,0.014059081867220812
724,862,138,0.138,0.01618626586685423
762,881,119,0.119,0.01604235494529712
730,865,135,0.135,0.017585630807327106
714,857,143,0.143,0.01922308286698535
722,861,139,0.139,0.01880314306309447
762,881,119,0.119,0.017429647156386636
744,872,128,0.128,0.017904810927808285
724,862,138,0.138,0.01798253581300378
706,853,147,0.147,0.01875766354764346
732,866,134,0.134,0.017392997477203607
704,852,148,0.148,0.017210715753259137
732,866,134,0.134,0.01611952985089738
720,860,140,0.14,0.0150004764017649
738,869,131,0.131,0.014697131000750232
756,878,122,0.122,0.01463070784136653
772,886,114,0.114,0.014583081104210577
708,854,146,0.146,0.01674178461439442
668,834,166,0.166,0.017454258686862886
736,868,132,0.132,0.015222262967494316
780,890,110,0.11,0.016708168374490923
702,851,149,0.149,0.018753822327591478
760,880,120,0.12,0.017676941488403826
752,876,124,0.124,0.017126974557642824
774,887,113,0.113,0.016917215475696138
728,864,136,0.136,0.018307711920700968
706,853,147,0.147,0.018924117401707918
732,866,134,0.134,0.017558415895560755
722,861,139,0.139,0.015464048692199868
696,848,152,0.152,0.01568238652322907
732,866,134,0.134,0.015546282250958028
726,863,137,0.137,0.01589310657198075
784,892,108,0.108,0.01523333183163777
752,876,124,0.124,0.015913857628009283
718,859,141,0.141,0.016255450704018584
666,833,167,0.167,0.017649297695374117
742,871,129,0.129,0.016785365164279937
748,874,126,0.126,0.0159093570074765
726,863,137,0.137,0.01646175384754315
684,842,158,0.158,0.01656768284284044
738,869,131,0.131,0.016975278396974318
774,887,113,0.113,0.016974507868872023
720,860,140,0.14,0.016931088364333845
646,823,177,0.177,0.020054962564492598
788,894,106,0.106,0.017047536136349663
666,833,167,0.167,0.020018457416212186
752,876,124,0.124,0.01856517705740407
740,870,130,0.13,0.01832316836202517
716,858,142,0.142,0.01776701418630546
736,868,132,0.132,0.01739050648972625
732,866,134,0.134,0.016215174216311426
752,876,124,0.124,0.015571660425281152
722,861,139,0.139,0.017341577120358123
722,861,139,0.139,0.017242524249712007
778,889,111,0.111,0.015057998892036267
762,881,119,0.119,0.016629417560645378
712,856,144,0.144,0.018007127190881874
688,844,156,0.156,0.017684616802842355
744,872,128,0.128,0.016434414734714665
666,833,167,0.167,0.0190506838420406
748,874,126,0.126,0.018803286213660612
742,871,129,0.129,0.018830561207025313
690,845,155,0.155,0.020775847413693555
682,841,159,0.159,0.01912636834522709
780,890,110,0.11,0.017354489278281107
792,896,104,0.104,0.01725897428765893
730,865,135,0.135,0.017038127325475216
780,890,110,0.11,0.013603190583991818
724,862,138,0.138,0.0138821078024921
724,862,138,0.138,0.01447506398812402
722,861,139,0.139,0.01391421279089991
740,870,130,0.13,0.013983667559426977
786,893,107,0.107,0.013945678541553206
706,853,147,0.147,0.016735626950161533
686,843,157,0.157,0.01851215668558143
730,865,135,0.135,0.01659946324909106
718,859,141,0.141,0.017775686771143228
688,844,156,0.156,0.01959204554918688
752,876,124,0.124,0.0183809562176466
732,866,134,0.134,0.017159685191581956
746,873,127,0.127,0.016631081692816223
724,862,138,0.138,0.017143272708635776
712,856,144,0.144,0.01805192429292947
726,863,137,0.137,0.017719899790827186
754,877,123,0.123,0.01673731407476589
704,852,148,0.148,0.018812921325705247
722,861,139,0.139,0.01753324467703351
702,851,149,0.149,0.017847222262062132
774,887,113,0.113,0.017073357495712118
778,889,111,0.111,0.01654393276956398
726,863,137,0.137,0.016760040442401078
694,847,153,0.153,0.017194594453903846
742,871,129,0.129,0.016701868212316184
754,877,123,0.123,0.01582380562950857
822,911,89,0.089,0.013083905279869214
732,866,134,0.134,0.015877104962826707
722,861,139,0.139,0.015051562370121245
714,857,143,0.143,0.014948493243311533
736,868,132,0.132,0.013994841698557138
762,881,119,0.119,0.012198672151571372
780,890,110,0.11,0.012769152912660502
748,874,126,0.126,0.012578148764790967
780,890,110,0.11,0.014054576889262534
762,881,119,0.119,0.012970818407309707
674,837,163,0.163,0.017315782958874478
762,881,119,0.119,0.016256985619082117
716,858,142,0.142,0.01696256774174981
748,874,126,0.126,0.017463035731343553
708,854,146,0.146,0.023037176579004153
740,870,130,0.13,0.020446245173923672
682,841,159,0.159,0.022019910326343962
768,884,116,0.116,0.019382569752749986
708,854,146,0.146,0.018806212467257864
728,864,136,0.136,0.01857175196777098
718,859,141,0.141,0.01950817668857053
720,860,140,0.14,0.018832146680215375
744,872,128,0.128,0.015377957520424389
722,861,139,0.139,0.01726421740045771
742,871,129,0.129,0.016210233162273654
740,870,130,0.13,0.017090820453362538
744,872,128,0.128,0.016822126822546125
768,884,116,0.116,0.016820916050462983
712,856,144,0.144,0.017508503874531015
730,865,135,0.135,0.01859659845288843
696,848,152,0.152,0.018993878110311925
740,870,130,0.13,0.016352312563220037
738,869,131,0.131,0.016361661722068675
734,867,133,0.133,0.01639946198812686
746,873,127,0.127,0.015803631816932465
764,882,118,0.118,0.01564706356532406
730,865,135,0.135,0.016287390277022498
694,847,153,0.153,0.01753197389037814
782,891,109,0.109,0.014964760364673566
760,880,120,0.12,0.016084194750059396
700,850,150,0.15,0.017902754153939895
732,866,134,0.134,0.01682449499203358
744,872,128,0.128,0.015723540246719493
740,870,130,0.13,0.01611208335252013
