log_avg_ept_score,log_avg_succ_req,log_avg_blk_req,log_avg_BP_req,log_avg_entropy
-230,885,1115,0.5575,3.910139841198921
-158,921,1079,0.5395,3.9081267008138822
-192,904,1096,0.548,3.910969167351723
-208,896,1104,0.552,3.9104392787218094
-126,937,1063,0.5315,3.9091541526317597
-138,931,1069,0.5345,3.909776175022125
-90,955,1045,0.5225,3.9087565146684646
-150,925,1075,0.5375,3.9092927168607714
-122,939,1061,0.5305,3.9066211338043213
-146,927,1073,0.5365,3.904840865568258
-128,936,1064,0.532,3.907888572216034
-100,950,1050,0.525,3.907561579823494
-42,979,1021,0.5105,3.8938935937508283
-66,967,1033,0.5165,3.9030906105041505
-54,973,1027,0.5135,3.90095342053473
-82,959,1041,0.5205,3.8998042047917845
-90,955,1045,0.5225,3.888912726530805
-80,960,1040,0.52,3.8803834794880823
-46,977,1023,0.5115,3.8908411093950273
-82,959,1041,0.5205,3.8829182281363757
-14,993,1007,0.5035,3.8798379093408584
-86,957,1043,0.5215,3.8685829859887115
-66,967,1033,0.5165,3.876839837655425
-84,958,1042,0.521,3.870788611650467
50,1025,975,0.4875,3.8497135244344607
-12,994,1006,0.503,3.8522759889244633
32,1016,984,0.492,3.85822921949625
-74,963,1037,0.5185,3.8547264112305712
2,1001,999,0.4995,3.826631658308208
72,1036,964,0.482,3.8226401629204925
98,1049,951,0.4755,3.8263283174629814
98,1049,951,0.4755,3.8235188201367856
362,1181,819,0.4095,3.6402911881655453
332,1166,834,0.417,3.649557938663439
352,1176,824,0.412,3.543450498477716
360,1180,820,0.41,3.566937158263754
1104,1552,448,0.224,1.6656139385901896
1058,1529,471,0.2355,1.488074396758907
1148,1574,426,0.213,1.2804251866509533
1216,1608,392,0.196,1.1821801428589471
1234,1617,383,0.1915,0.6019856304880485
1302,1651,349,0.1745,0.5586511106507157
1346,1673,327,0.1635,0.5576323091626433
1336,1668,332,0.166,0.5454109913259317
1272,1636,364,0.182,0.4928352519995242
1374,1687,313,0.1565,0.45764564355642334
1306,1653,347,0.1735,0.5031091143197018
1254,1627,373,0.1865,0.5259500132007856
1314,1657,343,0.1715,0.5250165005359911
1200,1600,400,0.2,0.5777701853625702
1310,1655,345,0.1725,0.4786416823108316
1306,1653,347,0.1735,0.5441387762440554
1302,1651,349,0.1745,0.3520166694490564
1320,1660,340,0.17,0.25659937495201507
1386,1693,307,0.1535,0.28159157386779465
1358,1679,321,0.1605,0.27319950657564096
1310,1655,345,0.1725,0.2950303060404258
1304,1652,348,0.174,0.3062856407581132
1306,1653,347,0.1735,0.30689343535765357
1318,1659,341,0.1705,0.30181736476831045
1392,1696,304,0.152,0.2772206018093565
1334,1667,333,0.1665,0.27089497201215934
1300,1650,350,0.175,0.31696932102768915
1306,1653,347,0.1735,0.27902465668337106
1356,1678,322,0.161,0.29188159319127227
1268,1634,366,0.183,0.3440231419423799
1296,1648,352,0.176,0.32983585860446707
1338,1669,331,0.1655,0.31449641962895736
1332,1666,334,0.167,0.2567060230562981
1344,1672,328,0.164,0.24969649699237856
1280,1640,360,0.18,0.28671490847808306
1444,1722,278,0.139,0.2034352331070695
1322,1661,339,0.1695,0.2076495072633557
1226,1613,387,0.1935,0.2455874684432502
1366,1683,317,0.1585,0.19443513455998618
1406,1703,297,0.1485,0.18046670120563796
1314,1657,343,0.1715,0.15567400881065988
1334,1667,333,0.1665,0.1535420375802679
1266,1633,367,0.1835,0.17150230265260796
1292,1646,354,0.177,0.15838151112561366
1322,1661,339,0.1695,0.12578486222352747
1226,1613,387,0.1935,0.13418244234430676
1312,1656,344,0.172,0.13253578492740045
1374,1687,313,0.1565,0.11067954706577621
1382,1691,309,0.1545,0.08330460526363459
1426,1713,287,0.1435,0.07432980140616344
1340,1670,330,0.165,0.08616709290953213
1374,1687,313,0.1565,0.0813374309760984
1320,1660,340,0.17,0.07848074891339116
1312,1656,344,0.172,0.09156274607457894
1298,1649,351,0.1755,0.0926746736044808
1280,1640,360,0.18,0.10549588870548726
1314,1657,343,0.1715,0.09140919534610614
1314,1657,343,0.1715,0.07910531413987211
1362,1681,319,0.1595,0.06858822860009968
1336,1668,332,0.166,0.09001462814032994
1352,1676,324,0.162,0.09994345182339748
1328,1664,336,0.168,0.08427129737904761
1394,1697,303,0.1515,0.08707246278348671
1390,1695,305,0.1525,0.08631577904941365
1348,1674,326,0.163,0.0812583850194877
1376,1688,312,0.156,0.07096431194740706
1394,1697,303,0.1515,0.06795794407460198
1298,1649,351,0.1755,0.08379392996852555
1330,1665,335,0.1675,0.07367898085633351
1336,1668,332,0.166,0.07331641067867167
1318,1659,341,0.1705,0.07479604225737876
1438,1719,281,0.1405,0.06567141868160829
1306,1653,347,0.1735,0.09993114844984302
1392,1696,304,0.152,0.08969679511777551
1316,1658,342,0.171,0.08909234854073325
1340,1670,330,0.165,0.09586381748492409
1362,1681,319,0.1595,0.10565332990286225
1250,1625,375,0.1875,0.1303459440390434
1350,1675,325,0.1625,0.10344185866904039
1384,1692,308,0.154,0.1080475394369747
1366,1683,317,0.1585,0.12695585966363432
1210,1605,395,0.1975,0.17175739806285129
1334,1667,333,0.1665,0.15340025764446547
1328,1664,336,0.168,0.14841258585634137
1384,1692,308,0.154,0.14866538360646564
1344,1672,328,0.164,0.15926593272551767
1376,1688,312,0.156,0.1625848017395765
1334,1667,333,0.1665,0.16497002870938748
1308,1654,346,0.173,0.22287631102922095
1352,1676,324,0.162,0.23428065202775178
1242,1621,379,0.1895,0.26430624615789694
1310,1655,345,0.1725,0.2297173558327505
1374,1687,313,0.1565,0.1822153742539882
1324,1662,338,0.169,0.1940349712299503
1378,1689,311,0.1555,0.18698601710139717
1338,1669,331,0.1655,0.20020975801965687
1348,1674,326,0.163,0.18925383335072546
1342,1671,329,0.1645,0.17252803274213718
1260,1630,370,0.185,0.19320513847752227
1344,1672,328,0.164,0.1684896344796189
1312,1656,344,0.172,0.15403840420208872
1380,1690,310,0.155,0.12699382528617434
1312,1656,344,0.172,0.13470315263001248
1274,1637,363,0.1815,0.14252656071959063
1402,1701,299,0.1495,0.1092170853165444
1342,1671,329,0.1645,0.10720491039232195
1410,1705,295,0.1475,0.0926916125931787
1348,1674,326,0.163,0.10608110782763105
1334,1667,333,0.1665,0.12233571694969606
1238,1619,381,0.1905,0.15089665254910545
1304,1652,348,0.174,0.13501035112241747
1366,1683,317,0.1585,0.13382197806188925
1366,1683,317,0.1585,0.13262286726364983
1366,1683,317,0.1585,0.12812288720099543
1410,1705,295,0.1475,0.1372232219522775
1362,1681,319,0.1595,0.1650677626732504
1374,1687,313,0.1565,0.16704674849449658
1334,1667,333,0.1665,0.1617037919968716
1270,1635,365,0.1825,0.15899373242409706
1358,1679,321,0.1605,0.16525314282812179
1314,1657,343,0.1715,0.19517845628771466
1348,1674,326,0.163,0.18380650533506923
1368,1684,316,0.158,0.18076553554693237
1328,1664,336,0.168,0.17729348406350562
1284,1642,358,0.179,0.1477756070021278
1310,1655,345,0.1725,0.15672600372753187
1366,1683,317,0.1585,0.1488987385457203
1308,1654,346,0.173,0.16996912246383727
1384,1692,308,0.154,0.17364596544992947
1312,1656,344,0.172,0.15476006792102698
1372,1686,314,0.157,0.12958354144974013
1316,1658,342,0.171,0.1478879137756885
1276,1638,362,0.181,0.15714463684521615
1260,1630,370,0.185,0.17678129270304743
1380,1690,310,0.155,0.17093708849642097
1332,1666,334,0.167,0.15749396975696744
1266,1633,367,0.1835,0.17630751228340152
1266,1633,367,0.1835,0.1857443860557396
1340,1670,330,0.165,0.15499432978243566
1382,1691,309,0.1545,0.14862439648993314
1346,1673,327,0.1635,0.13672698923270218
1348,1674,326,0.163,0.11636105001154692
1298,1649,351,0.1755,0.13109369465708734
1360,1680,320,0.16,0.12827499362307307
1342,1671,329,0.1645,0.13000649021432747
1342,1671,329,0.1645,0.1399529250741084
1358,1679,321,0.1605,0.10872296835351505
1368,1684,316,0.158,0.1252103064405141
1256,1628,372,0.186,0.14669606767130608
1266,1633,367,0.1835,0.147259401785287
1388,1694,306,0.153,0.15520054323750082
1326,1663,337,0.1685,0.16709878084954108
1326,1663,337,0.1685,0.12155468962332497
1348,1674,326,0.163,0.11604689249536022
1282,1641,359,0.1795,0.10857033994838947
1388,1694,306,0.153,0.09250838454257769
1346,1673,327,0.1635,0.1090492191486992
1394,1697,303,0.1515,0.09279711230052635
1388,1694,306,0.153,0.09402592804003507
1286,1643,357,0.1785,0.10701590961756301
1404,1702,298,0.149,0.10280434214800846
1332,1666,334,0.167,0.09143957696977305
1396,1698,302,0.151,0.08686021066267859
1272,1636,364,0.182,0.09957330082982663
1324,1662,338,0.169,0.10609769047597001
1270,1635,365,0.1825,0.12443699434879318
1296,1648,352,0.176,0.15832885622305912
1338,1669,331,0.1655,0.11883669688423151
1266,1633,367,0.1835,0.14096156276297098
1392,1696,304,0.152,0.13723306461266646
1332,1666,334,0.167,0.11372111131110159
1308,1654,346,0.173,0.12130981708732724
1324,1662,338,0.169,0.1174755316035953
1276,1638,362,0.181,0.1355171708567068
1358,1679,321,0.1605,0.1353992427151535
1288,1644,356,0.178,0.13768654085546048
1262,1631,369,0.1845,0.14002231072203722
1370,1685,315,0.1575,0.10626338978381318
1366,1683,317,0.1585,0.12459072770364582
1366,1683,317,0.1585,0.13014354656275248
1442,1721,279,0.1395,0.12720982282841578
1296,1648,352,0.176,0.16161790616592167
1260,1630,370,0.185,0.17347840460876335
1296,1648,352,0.176,0.15021865319157968
1440,1720,280,0.14,0.11537698743818328
1386,1693,307,0.1535,0.11596648346399893
1318,1659,341,0.1705,0.11362830260583849
1390,1695,305,0.1525,0.1030935413901243
1392,1696,304,0.152,0.11408695794130141
1324,1662,338,0.169,0.13678165765878691
1290,1645,355,0.1775,0.16044706863603006
1342,1671,329,0.1645,0.13967139175185003
1386,1693,307,0.1535,0.1342616835096851
1304,1652,348,0.174,0.129882788824616
1328,1664,336,0.168,0.1279206302482483
1396,1698,302,0.151,0.10792997671297053
1304,1652,348,0.174,0.14081252826251875
1316,1658,342,0.171,0.12838823126215357
1354,1677,323,0.1615,0.1173857853776237
1220,1610,390,0.195,0.13965556723892006
1326,1663,337,0.1685,0.12258042044559267
1450,1725,275,0.1375,0.1320259723285571
1314,1657,343,0.1715,0.15526934781734877
1314,1657,343,0.1715,0.1566237504100427
1352,1676,324,0.162,0.1273408156090899
1412,1706,294,0.147,0.11854781121660977
1336,1668,332,0.166,0.12372232345292161
1370,1685,315,0.1575,0.13797209946415387
1296,1648,352,0.176,0.16870914915483445
1288,1644,356,0.178,0.16603885251143946
1406,1703,297,0.1485,0.14638424871604547
1302,1651,349,0.1745,0.15415786657637182
1316,1658,342,0.171,0.17108711687854658
1328,1664,336,0.168,0.15626371918283352
1326,1663,337,0.1685,0.1791538281532528
1280,1640,360,0.18,0.20131485669780522
1352,1676,324,0.162,0.16954316213952147
1250,1625,375,0.1875,0.19148643018329675
1370,1685,315,0.1575,0.16937390372075606
1328,1664,336,0.168,0.18918810481808032
1300,1650,350,0.175,0.1763335087623418
1346,1673,327,0.1635,0.1544699319731444
1352,1676,324,0.162,0.13832073038630188
1360,1680,320,0.16,0.14337578068216572
1346,1673,327,0.1635,0.12010793403984281
1352,1676,324,0.162,0.1257172783352107
1188,1594,406,0.203,0.1444596333731952
1324,1662,338,0.169,0.14081365861857967
1238,1619,381,0.1905,0.12108382852785753
1418,1709,291,0.1455,0.1025415607391746
1302,1651,349,0.1745,0.11300177852452717
1372,1686,314,0.157,0.11225365516124293
1332,1666,334,0.167,0.12379920884719513
1340,1670,330,0.165,0.12236365431074955
1294,1647,353,0.1765,0.11787414540316968
1336,1668,332,0.166,0.12023819097131491
1386,1693,307,0.1535,0.10771483653222458
1316,1658,342,0.171,0.10074285207570317
1478,1739,261,0.1305,0.09423872520828612
1348,1674,326,0.163,0.0993313430807544
1386,1693,307,0.1535,0.09213568898579515
1332,1666,334,0.167,0.0887575694818661
1328,1664,336,0.168,0.10358559444418643
1376,1688,312,0.156,0.08579236099636182
1368,1684,316,0.158,0.11516452337976857
1228,1614,386,0.193,0.129848804465204
1312,1656,344,0.172,0.1273028077110711
1300,1650,350,0.175,0.11762934929530663
1264,1632,368,0.184,0.13336096107805537
1292,1646,354,0.177,0.13936278020357712
1364,1682,318,0.159,0.1277946971609199
1382,1691,309,0.1545,0.12134380851039896
1360,1680,320,0.16,0.14299322035609424
1232,1616,384,0.192,0.1643285350892886
1318,1659,341,0.1705,0.15640780585678293
1246,1623,377,0.1885,0.17136159395275172
1330,1665,335,0.1675,0.18246537308802363
1302,1651,349,0.1745,0.18453053435977199
1266,1633,367,0.1835,0.20626208163950652
1276,1638,362,0.181,0.19158131073661813
1376,1688,312,0.156,0.1865300167570822
1392,1696,304,0.152,0.18327307689337705
1348,1674,326,0.163,0.20198220499651506
1388,1694,306,0.153,0.21242020207412635
1342,1671,329,0.1645,0.2694721689911632
1288,1644,356,0.178,0.31260302546616003
1350,1675,325,0.1625,0.313571658951405
1330,1665,335,0.1675,0.3347797790057957
1344,1672,328,0.164,0.40797461703792215
1332,1666,334,0.167,0.4229288702158956
1292,1646,354,0.177,0.4571957887821169
1298,1649,351,0.1755,0.48331964829959906
1354,1677,323,0.1615,0.5866101420125146
1348,1674,326,0.163,0.6791294880184506
1276,1638,362,0.181,0.7463599450103938
1336,1668,332,0.166,0.7488105847285081
1392,1696,304,0.152,0.7137835636585951
1378,1689,311,0.1555,0.6709934276130807
1344,1672,328,0.164,0.6438773236386478
1422,1711,289,0.1445,0.615250123873353
1392,1696,304,0.152,0.6088725968546321
1358,1679,321,0.1605,0.6004428402408958
1302,1651,349,0.1745,0.5931411282452754
1318,1659,341,0.1705,0.5976311167635454
1338,1669,331,0.1655,0.5692720109373332
1382,1691,309,0.1545,0.6011345923990011
1326,1663,337,0.1685,0.5832703870162368
1254,1627,373,0.1865,0.5950984098911285
1304,1652,348,0.174,0.6114791456162929
1244,1622,378,0.189,0.685626145716209
1310,1655,345,0.1725,0.6443348281830549
1314,1657,343,0.1715,0.661397828862071
1354,1677,323,0.1615,0.6415623219162225
1342,1671,329,0.1645,0.6348918704986573
1448,1724,276,0.138,0.6189677449851296
1430,1715,285,0.1425,0.6505752564221621
1312,1656,344,0.172,0.6932995399981737
1276,1638,362,0.181,0.7441956208348274
1298,1649,351,0.1755,0.7452493211714477
1340,1670,330,0.165,0.742643383028917
1308,1654,346,0.173,0.7420336123108864
1312,1656,344,0.172,0.6885485354810953
1332,1666,334,0.167,0.6636470053642988
1326,1663,337,0.1685,0.6695438082888723
1290,1645,355,0.1775,0.6719713302437927
1364,1682,318,0.159,0.6413110890034586
1388,1694,306,0.153,0.6153695721328258
1296,1648,352,0.176,0.614252266133204
1318,1659,341,0.1705,0.607204766370356
1410,1705,295,0.1475,0.5854527343129885
1278,1639,361,0.1805,0.5851051178613372
1424,1712,288,0.144,0.5740038885679096
1356,1678,322,0.161,0.5719433012313608
1392,1696,304,0.152,0.5146688077040301
1456,1728,272,0.136,0.5018163422346115
1312,1656,344,0.172,0.5011126055317
1418,1709,291,0.1455,0.5019946882640943
1402,1701,299,0.1495,0.4598444933495484
1272,1636,364,0.182,0.4646144999079406
1420,1710,290,0.145,0.42399409506842495
1318,1659,341,0.1705,0.42768139773549047
1344,1672,328,0.164,0.2975917054010509
1358,1679,321,0.1605,0.22359596113669977
1350,1675,325,0.1625,0.19762331396713853
1328,1664,336,0.168,0.19885688650860175
1358,1679,321,0.1605,0.14888021234319768
1242,1621,379,0.1895,0.15746216887989112
1358,1679,321,0.1605,0.14272386302305312
1366,1683,317,0.1585,0.13601996249076667
1332,1666,334,0.167,0.1488518312527449
1328,1664,336,0.168,0.153090044671144
1366,1683,317,0.1585,0.1533159887888469
1288,1644,356,0.178,0.15339672225329565
1374,1687,313,0.1565,0.1358549116833013
1316,1658,342,0.171,0.13545770276535768
1362,1681,319,0.1595,0.14176980350655516
1400,1700,300,0.15,0.1464973544225759
1350,1675,325,0.1625,0.16112495615397346
1308,1654,346,0.173,0.17190731422044336
1296,1648,352,0.176,0.19509776460705325
1404,1702,298,0.149,0.17075826335282496
1434,1717,283,0.1415,0.1634018919648527
1384,1692,308,0.154,0.16708188417073616
1334,1667,333,0.1665,0.17373485524207355
1314,1657,343,0.1715,0.17437712130495742
1356,1678,322,0.161,0.2074972843176634
1350,1675,325,0.1625,0.20518475590558954
1430,1715,285,0.1425,0.19536139555461704
1386,1693,307,0.1535,0.20970590652081678
1456,1728,272,0.136,0.20831613593221907
1444,1722,278,0.139,0.21432791358977557
1320,1660,340,0.17,0.2276990445885258
1458,1729,271,0.1355,0.21471843837504276
1278,1639,361,0.1805,0.2747449816761139
1406,1703,297,0.1485,0.2725251714494079
1388,1694,306,0.153,0.2962643533715874
1376,1688,312,0.156,0.3036357853010274
1316,1658,342,0.171,0.34178195045143367
1350,1675,325,0.1625,0.33907796694712633
1386,1693,307,0.1535,0.34107271580408155
1372,1686,314,0.157,0.377884363366693
1332,1666,334,0.167,0.3807113503651926
1382,1691,309,0.1545,0.3988816496796238
1330,1665,335,0.1675,0.39120366250444205
1400,1700,300,0.15,0.375789749341493
1236,1618,382,0.191,0.43044706432815294
1382,1691,309,0.1545,0.40103012157790363
1388,1694,306,0.153,0.42574092988531764
1336,1668,332,0.166,0.414204224618662
1354,1677,323,0.1615,0.44051169469440354
1380,1690,310,0.155,0.44356945491023364
1406,1703,297,0.1485,0.4260853446047992
1330,1665,335,0.1675,0.43308441994409075
1382,1691,309,0.1545,0.40132700321555603
1374,1687,313,0.1565,0.40798594109618064
1324,1662,338,0.169,0.3800746782436677
1380,1690,310,0.155,0.3734543537771494
1298,1649,351,0.1755,0.30972814113926594
1348,1674,326,0.163,0.31132868347705833
1346,1673,327,0.1635,0.2920761634474738
1310,1655,345,0.1725,0.2919503123030436
1376,1688,312,0.156,0.2546496870800734
1366,1683,317,0.1585,0.24772992070877903
1312,1656,344,0.172,0.2757435237990515
1300,1650,350,0.175,0.28683611056173325
1334,1667,333,0.1665,0.2755880307359621
1378,1689,311,0.1555,0.2577157983825491
1352,1676,324,0.162,0.26423602920444683
1390,1695,305,0.1525,0.2712290909794392
1280,1640,360,0.18,0.2916388499315368
1394,1697,303,0.1515,0.2755252043785731
1384,1692,308,0.154,0.28250971430928623
1484,1742,258,0.129,0.2615824660642829
1366,1683,317,0.1585,0.28809938482101405
1370,1685,315,0.1575,0.27929305988375563
1312,1656,344,0.172,0.3018513685913058
1380,1690,310,0.155,0.31647567985757213
1292,1646,354,0.177,0.29538385482066404
1304,1652,348,0.174,0.27779679919034245
1312,1656,344,0.172,0.2758702917031844
1398,1699,301,0.1505,0.2769563881005643
1348,1674,326,0.163,0.2586510516181634
1340,1670,330,0.165,0.2422148286200354
1340,1670,330,0.165,0.24405815395712852
1364,1682,318,0.159,0.2302918547714146
1324,1662,338,0.169,0.21274278159607637
1370,1685,315,0.1575,0.20163295812393636
1352,1676,324,0.162,0.18958779255620903
1402,1701,299,0.1495,0.1812061891178809
1288,1644,356,0.178,0.17616251108689177
1312,1656,344,0.172,0.17173862173117233
1404,1702,298,0.149,0.17466458389025866
1322,1661,339,0.1695,0.1554326509928817
1370,1685,315,0.1575,0.1486866575698092
1326,1663,337,0.1685,0.14934394058578523
1398,1699,301,0.1505,0.1400256692359921
1384,1692,308,0.154,0.14084951434726828
1274,1637,363,0.1815,0.1474340389118223
1420,1710,290,0.145,0.14288146168692037
1298,1649,351,0.1755,0.13766282911677138
1320,1660,340,0.17,0.14300199671278083
1380,1690,310,0.155,0.1377498148140594
1412,1706,294,0.147,0.11498759671745938
1360,1680,320,0.16,0.1349360086020315
1406,1703,297,0.1485,0.1276095632451622
1428,1714,286,0.143,0.1333882239502564
1282,1641,359,0.1795,0.149265628394689
1366,1683,317,0.1585,0.1413443145575584
1256,1628,372,0.186,0.15291539224644657
1436,1718,282,0.141,0.14555982935102657
1390,1695,305,0.1525,0.14776495493456193
1324,1662,338,0.169,0.1636845456151059
1424,1712,288,0.144,0.16512357241030537
1328,1664,336,0.168,0.18694881732609792
1354,1677,323,0.1615,0.19876065466074191
1426,1713,287,0.1435,0.1942294719410129
1360,1680,320,0.16,0.21522232478133077
1320,1660,340,0.17,0.25223391017038377
1402,1701,299,0.1495,0.256188551587984
1412,1706,294,0.147,0.23087587689653039
1344,1672,328,0.164,0.2677246176204228
1360,1680,320,0.16,0.26055392972234404
1408,1704,296,0.148,0.2620638110805303
1378,1689,311,0.1555,0.27145207031240914
1392,1696,304,0.152,0.25804708519422603
1396,1698,302,0.151,0.3181909152388107
1378,1689,311,0.1555,0.33141937061157917
1364,1682,318,0.159,0.32027324695234727
1290,1645,355,0.1775,0.3772702803872526
1368,1684,316,0.158,0.4297072935898991
1398,1699,301,0.1505,0.4045506527941268
1272,1636,364,0.182,0.4419540176696267
1398,1699,301,0.1505,0.42516050211392187
1272,1636,364,0.182,0.4117094102938273
1424,1712,288,0.144,0.36085230710566973
1380,1690,310,0.155,0.3860033222750877
1296,1648,352,0.176,0.39672466602243367
1320,1660,340,0.17,0.4059075538439263
1406,1703,297,0.1485,0.38032501168942556
1328,1664,336,0.168,0.3847407153278764
1280,1640,360,0.18,0.4198292279814177
1374,1687,313,0.1565,0.45819526826852097
1370,1685,315,0.1575,0.44896183342057977
1434,1717,283,0.1415,0.4766504411045462
1420,1710,290,0.145,0.514574306885553
1334,1667,333,0.1665,0.703396600140039
1364,1682,318,0.159,0.7244242974575792
1370,1685,315,0.1575,0.7523312152866274
1376,1688,312,0.156,0.7777672538471245
1302,1651,349,0.1745,0.7872791718646045
1270,1635,365,0.1825,0.7815457050875491
1392,1696,304,0.152,0.710908219287172
1320,1660,340,0.17,0.715443127989769
1352,1676,324,0.162,0.6320031206588
1364,1682,318,0.159,0.6359683366555237
1328,1664,336,0.168,0.6337136006156797
1366,1683,317,0.1585,0.6267782159037452
1360,1680,320,0.16,0.6050248004840699
1374,1687,313,0.1565,0.5914325875582164
1356,1678,322,0.161,0.5605198370618164
1376,1688,312,0.156,0.5217104561150191
1320,1660,340,0.17,0.5172423637104221
1342,1671,329,0.1645,0.5073024524797802
1458,1729,271,0.1355,0.5362714710479232
1402,1701,299,0.1495,0.5742227568942689
1280,1640,360,0.18,0.6660957087799907
1272,1636,364,0.182,0.7429773407699467
1410,1705,295,0.1475,0.7836771756559611
1386,1693,307,0.1535,0.8645618385225534
1392,1696,304,0.152,0.9739716696534306
1298,1649,351,0.1755,1.0180575694353515
1448,1724,276,0.138,0.9976839548423886
1386,1693,307,0.1535,1.0384544907211966
1338,1669,331,0.1655,1.0821293989941478
1304,1652,348,0.174,1.1083300372653804
1434,1717,283,0.1415,1.0509792564436793
1416,1708,292,0.146,0.9959136766195297
1420,1710,290,0.145,0.8572168305963278
1356,1678,322,0.161,0.806253746281378
1376,1688,312,0.156,0.723483976751566
1370,1685,315,0.1575,0.6653921974822878
1446,1723,277,0.1385,0.5146570827559772
1462,1731,269,0.1345,0.4767745380103588
1438,1719,281,0.1405,0.48044027990102767
1398,1699,301,0.1505,0.4881792727239081
1326,1663,337,0.1685,0.5410178268618879
1402,1701,299,0.1495,0.5392481581233441
1348,1674,326,0.163,0.5146450052894652
1364,1682,318,0.159,0.49327603929361796
1328,1664,336,0.168,0.46809406448839735
1448,1724,276,0.138,0.45383318583946675
1368,1684,316,0.158,0.45481359377421904
1324,1662,338,0.169,0.4516012874022126
1360,1680,320,0.16,0.44285072179511187
1408,1704,296,0.148,0.4139768062005751
1426,1713,287,0.1435,0.4082021520870912
1398,1699,301,0.1505,0.41543036530824246
1448,1724,276,0.138,0.4186532039940357
1390,1695,305,0.1525,0.3902542048274827
1314,1657,343,0.1715,0.4086363415371676
1416,1708,292,0.146,0.4155679014064372
1322,1661,339,0.1695,0.43407659693807366
1392,1696,304,0.152,0.46902700985223056
1394,1697,303,0.1515,0.4295603946223855
1372,1686,314,0.157,0.4294690338196457
1432,1716,284,0.142,0.37335826287814416
1374,1687,313,0.1565,0.3610169350169599
1360,1680,320,0.16,0.3496012770552188
1312,1656,344,0.172,0.3460004155094522
1428,1714,286,0.143,0.291599324202165
1490,1745,255,0.1275,0.27653551515564323
1302,1651,349,0.1745,0.2791189055144787
1384,1692,308,0.154,0.2799878666418954
1430,1715,285,0.1425,0.27747936119497174
1488,1744,256,0.128,0.27857708920910956
1418,1709,291,0.1455,0.3232706810310483
1434,1717,283,0.1415,0.32898813886387507
1362,1681,319,0.1595,0.3551967308381572
1420,1710,290,0.145,0.3316559460423887
1398,1699,301,0.1505,0.27654398326740975
1418,1709,291,0.1455,0.2721869558138278
1378,1689,311,0.1555,0.265626558996737
1406,1703,297,0.1485,0.28467912729486344
1384,1692,308,0.154,0.26683375127054754
1376,1688,312,0.156,0.2653367168144723
1350,1675,325,0.1625,0.26914865850657227
1428,1714,286,0.143,0.26439215170219543
1412,1706,294,0.147,0.2908122535273433
1426,1713,287,0.1435,0.3000609755468504
1340,1670,330,0.165,0.3129588827416301
1320,1660,340,0.17,0.33352023394219577
1346,1673,327,0.1635,0.36408517242223065
1370,1685,315,0.1575,0.3661935241278261
1416,1708,292,0.146,0.3823594949096441
1404,1702,298,0.149,0.3618095062673092
1404,1702,298,0.149,0.38279426055029037
1358,1679,321,0.1605,0.3962218647241172
1402,1701,299,0.1495,0.3978240396808833
1368,1684,316,0.158,0.4427436541256029
1454,1727,273,0.1365,0.4128859412446618
1368,1684,316,0.158,0.49630575510568453
1370,1685,315,0.1575,0.4475954657880897
1344,1672,328,0.164,0.4728374558224557
1382,1691,309,0.1545,0.4600862930342555
1374,1687,313,0.1565,0.45254795651308816
1294,1647,353,0.1765,0.45383844862133266
1384,1692,308,0.154,0.41919599952394493
1372,1686,314,0.157,0.36837803988420637
1362,1681,319,0.1595,0.3903429860339802
1426,1713,287,0.1435,0.3505518519766629
1388,1694,306,0.153,0.3677153268408642
1378,1689,311,0.1555,0.4146399289444089
1494,1747,253,0.1265,0.3987858863398433
1372,1686,314,0.157,0.41347796196490527
1384,1692,308,0.154,0.44771028821286746
1482,1741,259,0.1295,0.4249046687823316
1468,1734,266,0.133,0.42472287723422053
1388,1694,306,0.153,0.4547360693672672
1372,1686,314,0.157,0.500455627612118
1362,1681,319,0.1595,0.510576722654514
1398,1699,301,0.1505,0.5565101051410863
1356,1678,322,0.161,0.5538983910828829
1418,1709,291,0.1455,0.5604905226950775
1422,1711,289,0.1445,0.551410851880908
1446,1723,277,0.1385,0.529056944352953
1380,1690,310,0.155,0.5760158911570906
1358,1679,321,0.1605,0.594922681376338
1394,1697,303,0.1515,0.6015661633505515
1408,1704,296,0.148,0.6199517652541399
1402,1701,299,0.1495,0.6300667826235294
1400,1700,300,0.15,0.6160645246952772
1428,1714,286,0.143,0.6089863104095558
1442,1721,279,0.1395,0.6373320562772891
1424,1712,288,0.144,0.6686621412783861
1420,1710,290,0.145,0.7114348379417952
1352,1676,324,0.162,0.8664294008654543
1372,1686,314,0.157,0.9423821171321469
1446,1723,277,0.1385,0.9165027171636466
1434,1717,283,0.1415,0.9705553533413019
1568,1784,216,0.108,0.9916234713522717
1408,1704,296,0.148,1.002793891876936
1398,1699,301,0.1505,0.9747627195138484
1376,1688,312,0.156,0.9617296953797341
1442,1721,279,0.1395,0.8544247031210691
1402,1701,299,0.1495,0.8345789420471992
1410,1705,295,0.1475,0.8337784264683723
1400,1700,300,0.15,0.8308812105208635
1482,1741,259,0.1295,0.8304109284281731
1412,1706,294,0.147,0.776941748470068
1596,1798,202,0.101,0.7379114464744926
1458,1729,271,0.1355,0.7161647402346134
1498,1749,251,0.1255,0.6180219290870672
1514,1757,243,0.1215,0.5173701498628105
1534,1767,233,0.1165,0.5342128270938993
1472,1736,264,0.132,0.5081275319358974
1458,1729,271,0.1355,0.4502014892622829
1410,1705,295,0.1475,0.4173043502257356
1522,1761,239,0.1195,0.40056682376684205
1588,1794,206,0.103,0.3670145356543362
1508,1754,246,0.123,0.35120484944526104
1462,1731,269,0.1345,0.3294413690569543
1476,1738,262,0.131,0.33197993619227917
1558,1779,221,0.1105,0.2914546504214628
1538,1769,231,0.1155,0.27776920542126754
1444,1722,278,0.139,0.29693842622911326
1506,1753,247,0.1235,0.28028461446000424
1418,1709,291,0.1455,0.25863794632019654
1522,1761,239,0.1195,0.21381346901470896
1554,1777,223,0.1115,0.19977395722363145
1588,1794,206,0.103,0.1661481574618956
1576,1788,212,0.106,0.17240806762408464
1480,1740,260,0.13,0.16607366564793466
1546,1773,227,0.1135,0.14686039346709112
1566,1783,217,0.1085,0.14943501803226097
1600,1800,200,0.1,0.14658939292654394
1518,1759,241,0.1205,0.16512181327978356
1498,1749,251,0.1255,0.18042518123798074
1484,1742,258,0.129,0.19183186646729597
1472,1736,264,0.132,0.18303010746277867
1506,1753,247,0.1235,0.1852422645309125
1532,1766,234,0.117,0.17047512978035956
1570,1785,215,0.1075,0.1589215286700055
1578,1789,211,0.1055,0.1575846928791143
1528,1764,236,0.118,0.19810425063595175
1538,1769,231,0.1155,0.1998211148862185
1450,1725,275,0.1375,0.22263826153931904
1564,1782,218,0.109,0.19559107914983906
1606,1803,197,0.0985,0.17423977634124457
1534,1767,233,0.1165,0.20472905029170238
1420,1710,290,0.145,0.22173137219274486
1484,1742,258,0.129,0.2150340198688209
1546,1773,227,0.1135,0.2052684999834746
1560,1780,220,0.11,0.1838451969716698
1528,1764,236,0.118,0.17667712143563039
1532,1766,234,0.117,0.17120630010656793
1508,1754,246,0.123,0.19944387112325057
1560,1780,220,0.11,0.20137884080363438
1568,1784,216,0.108,0.20200944839569274
1482,1741,259,0.1295,0.22041845710854976
1574,1787,213,0.1065,0.21571022969340795
1596,1798,202,0.101,0.21208752772957087
1626,1813,187,0.0935,0.2193128548184759
1468,1734,266,0.133,0.2418399706657322
1474,1737,263,0.1315,0.22568828850053252
1502,1751,249,0.1245,0.23015490244758258
1564,1782,218,0.109,0.2006182150223449
1548,1774,226,0.113,0.2067662628658566
1500,1750,250,0.125,0.22868249504950744
1594,1797,203,0.1015,0.2131572455309797
1458,1729,271,0.1355,0.22973488757800484
1460,1730,270,0.135,0.23364632112998515
1538,1769,231,0.1155,0.1770846680678078
1588,1794,206,0.103,0.1785539340339601
1488,1744,256,0.128,0.18897528079571202
1548,1774,226,0.113,0.19574751308641863
1526,1763,237,0.1185,0.2018138829802205
1530,1765,235,0.1175,0.20896632148325442
1572,1786,214,0.107,0.18554892856508376
1506,1753,247,0.1235,0.20506437186850235
1494,1747,253,0.1265,0.223087909627704
1482,1741,259,0.1295,0.23147777957096696
1470,1735,265,0.1325,0.23488353794813155
1558,1779,221,0.1105,0.20556567051324964
1448,1724,276,0.138,0.25677149677596056
1558,1779,221,0.1105,0.24179498700116847
1524,1762,238,0.119,0.2931002833470702
1526,1763,237,0.1185,0.2955754012029211
1518,1759,241,0.1205,0.36386180150471775
1566,1783,217,0.1085,0.38326862717419863
1592,1796,204,0.102,0.3972563620731235
1534,1767,233,0.1165,0.4156577695431188
1484,1742,258,0.129,0.39281954776263606
1612,1806,194,0.097,0.36962221494503317
1444,1722,278,0.139,0.3340478364755399
1472,1736,264,0.132,0.3216361060240307
1520,1760,240,0.12,0.2381036867393168
1492,1746,254,0.127,0.22860033389017917
1530,1765,235,0.1175,0.1891234092001419
1606,1803,197,0.0985,0.1830745881797905
1536,1768,232,0.116,0.1493414566013962
1492,1746,254,0.127,0.16331538907485083
1510,1755,245,0.1225,0.15610202086158098
1494,1747,253,0.1265,0.14761117668324913
1484,1742,258,0.129,0.16252718235738575
1494,1747,253,0.1265,0.17522922604336577
1510,1755,245,0.1225,0.16863371718040945
1512,1756,244,0.122,0.1669195072511211
1516,1758,242,0.121,0.16929312013709347
1570,1785,215,0.1075,0.1728457185018051
1602,1801,199,0.0995,0.15908416146598756
1514,1757,243,0.1215,0.16464917569980025
1526,1763,237,0.1185,0.15954781800694764
1604,1802,198,0.099,0.1465061695901677
1540,1770,230,0.115,0.15649630575141057
1514,1757,243,0.1215,0.1801651146315271
1602,1801,199,0.0995,0.14957504955616607
1584,1792,208,0.104,0.15163224583491683
1580,1790,210,0.105,0.15481326229409478
1594,1797,203,0.1015,0.15096287165395916
1566,1783,217,0.1085,0.1526898962642299
1452,1726,274,0.137,0.17194674294442075
1416,1708,292,0.146,0.14600339158898715
1510,1755,245,0.1225,0.13774859589655095
1632,1816,184,0.092,0.12590760595584288
1430,1715,285,0.1425,0.15698719481942316
1598,1799,201,0.1005,0.12055984276403597
1484,1742,258,0.129,0.1303630594899878
1534,1767,233,0.1165,0.11946859723608941
1462,1731,269,0.1345,0.14913317237142484
1502,1751,249,0.1245,0.14049712635492861
1484,1742,258,0.129,0.14436888133920728
1578,1789,211,0.1055,0.10712211640154419
1506,1753,247,0.1235,0.10855133384559652
1588,1794,206,0.103,0.09572711584158242
1542,1771,229,0.1145,0.10294659253256395
1612,1806,194,0.097,0.09432982030836866
1512,1756,244,0.122,0.10927508751755079
1526,1763,237,0.1185,0.1106581657272024
1540,1770,230,0.115,0.10030296357564839
1492,1746,254,0.127,0.11076627683875688
1510,1755,245,0.1225,0.11960586640611291
1534,1767,233,0.1165,0.11595173369068652
1456,1728,272,0.136,0.1279757570886286
1532,1766,234,0.117,0.12199751451006159
1502,1751,249,0.1245,0.11944740300439298
1496,1748,252,0.126,0.10336052059428766
1554,1777,223,0.1115,0.10685826435638592
1580,1790,210,0.105,0.08816293539758771
1572,1786,214,0.107,0.08398049931998895
1584,1792,208,0.104,0.08178300740930718
1620,1810,190,0.095,0.0710974786723964
1540,1770,230,0.115,0.07797411078098958
1528,1764,236,0.118,0.07605394373397575
1414,1707,293,0.1465,0.08108608562608571
1460,1730,270,0.135,0.07652776685972094
1520,1760,240,0.12,0.07138296489510701
1600,1800,200,0.1,0.05855581495806109
1604,1802,198,0.099,0.05432820839399938
1558,1779,221,0.1105,0.05265137273014989
1518,1759,241,0.1205,0.053867150627522856
1590,1795,205,0.1025,0.05992026048642583
1506,1753,247,0.1235,0.059504882738513384
1554,1777,223,0.1115,0.05990285688838231
1504,1752,248,0.124,0.06633785359383429
1486,1743,257,0.1285,0.06303484587885023
1562,1781,219,0.1095,0.06817623067537261
1620,1810,190,0.095,0.06908043231937674
1584,1792,208,0.104,0.07509959158100538
1496,1748,252,0.126,0.07424502372700954
1456,1728,272,0.136,0.0839992322572507
1508,1754,246,0.123,0.08189779428206384
1570,1785,215,0.1075,0.07829827859229409
1566,1783,217,0.1085,0.08243862898042426
1468,1734,266,0.133,0.09255810507480058
1496,1748,252,0.126,0.09199596510403717
1470,1735,265,0.1325,0.08577936399448663
1546,1773,227,0.1135,0.08960940377414227
1474,1737,263,0.1315,0.08601194370075706
1496,1748,252,0.126,0.08326067080436042
1564,1782,218,0.109,0.08321861210930001
1462,1731,269,0.1345,0.08774298685230315
1500,1750,250,0.125,0.08187909693728042
1526,1763,237,0.1185,0.0787085658398646
1534,1767,233,0.1165,0.08668102141266354
1564,1782,218,0.109,0.07947052003035787
1586,1793,207,0.1035,0.0690637884628959
1566,1783,217,0.1085,0.07382691360090393
1492,1746,254,0.127,0.08141365781932013
1488,1744,256,0.128,0.08495875986805186
1524,1762,238,0.119,0.08169444194459476
1646,1823,177,0.0885,0.06694390208506956
1622,1811,189,0.0945,0.07041200233646669
1552,1776,224,0.112,0.07095472887996584
1552,1776,224,0.112,0.0696358095772265
1578,1789,211,0.1055,0.0715260508293286
1520,1760,240,0.12,0.07123440052988007
1566,1783,217,0.1085,0.07903369940619451
1482,1741,259,0.1295,0.08417045440897346
1474,1737,263,0.1315,0.079836266531609
1516,1758,242,0.121,0.07749247466365841
1510,1755,245,0.1225,0.07582403669938026
1620,1810,190,0.095,0.07176396258501336
1574,1787,213,0.1065,0.07200014599063861
1542,1771,229,0.1145,0.07422555290209129
1564,1782,218,0.109,0.07285476484482971
1518,1759,241,0.1205,0.07617770458292215
1558,1779,221,0.1105,0.07198630380734304
1546,1773,227,0.1135,0.07657511276849095
1452,1726,274,0.137,0.08829858786348095
1526,1763,237,0.1185,0.07967214623732138
1514,1757,243,0.1215,0.07704487332468853
1444,1722,278,0.139,0.08947102975662628
1572,1786,214,0.107,0.06294723478407832
1552,1776,224,0.112,0.05828433850919828
1488,1744,256,0.128,0.06799614067515358
1538,1769,231,0.1155,0.06355618570638086
1524,1762,238,0.119,0.06672492463435628
1492,1746,254,0.127,0.06648029239405878
1540,1770,230,0.115,0.06149788638832979
1526,1763,237,0.1185,0.05587797536107247
1522,1761,239,0.1195,0.05553132452510272
1486,1743,257,0.1285,0.05649305585003459
1500,1750,250,0.125,0.05443587413546631
1438,1719,281,0.1405,0.05808276306828788
1592,1796,204,0.102,0.04715826932573691
1448,1724,276,0.138,0.05433644956073704
1586,1793,207,0.1035,0.048101194974384275
1438,1719,281,0.1405,0.048324474456952884
1526,1763,237,0.1185,0.0398930886693779
1596,1798,202,0.101,0.0431826012718957
1494,1747,253,0.1265,0.051790408999775536
1592,1796,204,0.102,0.044245643234346065
1520,1760,240,0.12,0.0464629436973605
1528,1764,236,0.118,0.050793230137548905
1556,1778,222,0.111,0.04112612195825205
1594,1797,203,0.1015,0.03745136631171741
1594,1797,203,0.1015,0.03831284011641401
1550,1775,225,0.1125,0.04321208656538382
1514,1757,243,0.1215,0.04273367445426994
1550,1775,225,0.1125,0.043063699095047925
1556,1778,222,0.111,0.04220583602343687
1560,1780,220,0.11,0.040236701671063205
1588,1794,206,0.103,0.0410561497315357
1510,1755,245,0.1225,0.045657868244203065
1478,1739,261,0.1305,0.04860089092274575
1580,1790,210,0.105,0.047318748439120116
1514,1757,243,0.1215,0.04951292976149631
1438,1719,281,0.1405,0.05148033316945657
1456,1728,272,0.136,0.06142237756442228
1514,1757,243,0.1215,0.05632181019181067
1460,1730,270,0.135,0.058587860229425144
1534,1767,233,0.1165,0.05419941057654796
1476,1738,262,0.131,0.05543503353904248
1670,1835,165,0.0825,0.04245532142401498
1454,1727,273,0.1365,0.05038495846558362
1548,1774,226,0.113,0.04889982595550828
1528,1764,236,0.118,0.048603402449202575
1664,1832,168,0.084,0.04066947734897924
1506,1753,247,0.1235,0.043702095780548275
1520,1760,240,0.12,0.040703708202525585
1550,1775,225,0.1125,0.04530013717822698
1568,1784,216,0.108,0.0404436382483691
1508,1754,246,0.123,0.04053040576704734
1574,1787,213,0.1065,0.037229511643325414
1486,1743,257,0.1285,0.04480254610208795
1534,1767,233,0.1165,0.04135417499957839
1572,1786,214,0.107,0.049479878835855744
1600,1800,200,0.1,0.044798418064313644
1490,1745,255,0.1275,0.0380636636285617
1538,1769,231,0.1155,0.03880315433507349
1560,1780,220,0.11,0.046919608257128854
1550,1775,225,0.1125,0.044386499139776006
1484,1742,258,0.129,0.046842688018297454
1488,1744,256,0.128,0.04818651565234177
1554,1777,223,0.1115,0.03355158941047939
1544,1772,228,0.114,0.03932660411123652
1458,1729,271,0.1355,0.0440155441859315
1442,1721,279,0.1395,0.04161010939927373
1618,1809,191,0.0955,0.030696460615090473
1528,1764,236,0.118,0.03427421756088734
1500,1750,250,0.125,0.03225146622298053
1524,1762,238,0.119,0.03360926908694956
1510,1755,245,0.1225,0.029522848790616535
1642,1821,179,0.0895,0.024320849532959984
1480,1740,260,0.13,0.03259829704540001
1536,1768,232,0.116,0.03114822673401795
1492,1746,254,0.127,0.03541215624677716
1506,1753,247,0.1235,0.03179819084698102
1448,1724,276,0.138,0.042487753621899174
1384,1692,308,0.154,0.04112724964336576
1526,1763,237,0.1185,0.02880459953704849
1572,1786,214,0.107,0.02680768238696328
1524,1762,238,0.119,0.02877612608775962
1554,1777,223,0.1115,0.026635791258006563
1574,1787,213,0.1065,0.025746407289018863
1538,1769,231,0.1155,0.02478791377010382
1546,1773,227,0.1135,0.02488897352258209
1554,1777,223,0.1115,0.026890913469949738
1466,1733,267,0.1335,0.03695920676016249
1490,1745,255,0.1275,0.03169287955830805
1592,1796,204,0.102,0.028782145043518538
1502,1751,249,0.1245,0.02901078079265551
1536,1768,232,0.116,0.03431918780237902
1448,1724,276,0.138,0.038042457488134625
1516,1758,242,0.121,0.03551390651530528
1506,1753,247,0.1235,0.03647632880770834
1436,1718,282,0.141,0.02859350123634431
1572,1786,214,0.107,0.025372503896605395
1564,1782,218,0.109,0.026116989913702128
1530,1765,235,0.1175,0.02502555464764714
1542,1771,229,0.1145,0.029712442646850832
1464,1732,268,0.134,0.03133665883836837
1430,1715,285,0.1425,0.03111830349607046
1558,1779,221,0.1105,0.028828449480002915
1494,1747,253,0.1265,0.03416365812102264
1554,1777,223,0.1115,0.03298110329596966
1502,1751,249,0.1245,0.037853523736799614
1420,1710,290,0.145,0.0373940686385613
1520,1760,240,0.12,0.035172488765732854
1482,1741,259,0.1295,0.03578738967841491
1482,1741,259,0.1295,0.03222235534276758
1534,1767,233,0.1165,0.029896373488736572
1564,1782,218,0.109,0.027721533128031304
1528,1764,236,0.118,0.029815596571279464
1526,1763,237,0.1185,0.025457090782641897
1420,1710,290,0.145,0.029364235075483577
1454,1727,273,0.1365,0.029330878616009904
1510,1755,245,0.1225,0.02805985536699882
1558,1779,221,0.1105,0.026954542048508303
1556,1778,222,0.111,0.022243942229102687
1526,1763,237,0.1185,0.02616006277449196
1600,1800,200,0.1,0.02440913742518751
1560,1780,220,0.11,0.021861620338051595
1528,1764,236,0.118,0.025829715926229256
1498,1749,251,0.1255,0.028285404454188333
1510,1755,245,0.1225,0.026852870216040173
1560,1780,220,0.11,0.026652815254067094
1428,1714,286,0.143,0.030231956702045863
1554,1777,223,0.1115,0.021148804928234313
1516,1758,242,0.121,0.02340674593636504
1590,1795,205,0.1025,0.020480894314570834
1466,1733,267,0.1335,0.023231668533058844
1588,1794,206,0.103,0.020816604237217696
1488,1744,256,0.128,0.020033942013040665
1506,1753,247,0.1235,0.02277906952219201
1592,1796,204,0.102,0.020001503616894574
1460,1730,270,0.135,0.02617400167490996
1594,1797,203,0.1015,0.022667886917595765
1586,1793,207,0.1035,0.021705725546358735
1454,1727,273,0.1365,0.02579000432212343
1524,1762,238,0.119,0.02996740211659926
1422,1711,289,0.1445,0.031280927847721615
1536,1768,232,0.116,0.03199113600340206
1460,1730,270,0.135,0.03496150356112048
1608,1804,196,0.098,0.019478065930974495
1442,1721,279,0.1395,0.02485108749923529
1494,1747,253,0.1265,0.022488676049964056
1560,1780,220,0.11,0.021814233038794328
1494,1747,253,0.1265,0.03015790099534206
1488,1744,256,0.128,0.03293188903152991
1474,1737,263,0.1315,0.03366201571957208
1534,1767,233,0.1165,0.035422131695377175
1564,1782,218,0.109,0.02411812597088283
1482,1741,259,0.1295,0.025437739956606004
1558,1779,221,0.1105,0.02349586222375143
1478,1739,261,0.1305,0.027241905541622594
1536,1768,232,0.116,0.029156807531119745
1554,1777,223,0.1115,0.02917632912431145
1498,1749,251,0.1255,0.03262655771290884
1536,1768,232,0.116,0.030622503040445736
1456,1728,272,0.136,0.037205254036933186
1504,1752,248,0.124,0.03350891366763972
1590,1795,205,0.1025,0.031904751485330056
1478,1739,261,0.1305,0.0362107257367461
1516,1758,242,0.121,0.03797669236584794
1448,1724,276,0.138,0.03760188168863533
1496,1748,252,0.126,0.03537903636564272
1458,1729,271,0.1355,0.04027977432787157
1510,1755,245,0.1225,0.03116507770487442
1516,1758,242,0.121,0.03269334681718088
1454,1727,273,0.1365,0.03116182169318199
1488,1744,256,0.128,0.03252541381452465
1552,1776,224,0.112,0.030708227675640954
1526,1763,237,0.1185,0.027068356791860423
1584,1792,208,0.104,0.028810011922323617
1576,1788,212,0.106,0.02950480726605747
1486,1743,257,0.1285,0.030135224862780974
1492,1746,254,0.127,0.03620856051515148
1514,1757,243,0.1215,0.03266295048064785
1504,1752,248,0.124,0.02861575463028749
1498,1749,251,0.1255,0.029161759571336914
1494,1747,253,0.1265,0.03252118227059555
1600,1800,200,0.1,0.02792438225721709
1476,1738,262,0.131,0.029017894390419314
1584,1792,208,0.104,0.02283862637583536
1536,1768,232,0.116,0.02618250996572897
1510,1755,245,0.1225,0.028858927020151897
1526,1763,237,0.1185,0.02924357234643454
1620,1810,190,0.095,0.021467442168762844
1504,1752,248,0.124,0.02893183880241125
1556,1778,222,0.111,0.02348225912705129
1580,1790,210,0.105,0.022593837509630257
1606,1803,197,0.0985,0.026290752043481917
1492,1746,254,0.127,0.031226784034388062
1516,1758,242,0.121,0.026320754004487752
1526,1763,237,0.1185,0.02693904757033124
1522,1761,239,0.1195,0.024196542180592567
1550,1775,225,0.1125,0.02377341225351847
1582,1791,209,0.1045,0.0218040260698014
1582,1791,209,0.1045,0.02390344801612082
1516,1758,242,0.121,0.024587594018667006
1550,1775,225,0.1125,0.025959197874064557
1484,1742,258,0.129,0.02500468000709953
1536,1768,232,0.116,0.025168759694330817
1592,1796,204,0.102,0.021294674622033206
1562,1781,219,0.1095,0.022227814116880053
1572,1786,214,0.107,0.021579040375771002
1538,1769,231,0.1155,0.02384304270138653
1548,1774,226,0.113,0.022402295702486297
1556,1778,222,0.111,0.02127115676289168
1480,1740,260,0.13,0.024315075994997642
1568,1784,216,0.108,0.021460150375554803
1422,1711,289,0.1445,0.027340535964758602
1526,1763,237,0.1185,0.02362614775361726
1570,1785,215,0.1075,0.02365710795740597
1428,1714,286,0.143,0.026236260160400506
1430,1715,285,0.1425,0.035045980978495206
1576,1788,212,0.106,0.022948283171072944
1518,1759,241,0.1205,0.02800468114996329
1500,1750,250,0.125,0.029290152812404265
1520,1760,240,0.12,0.024312509898149984
1532,1766,234,0.117,0.0273253200079198
1490,1745,255,0.1275,0.023775208668846973
1424,1712,288,0.144,0.02971496603634511
1320,1660,340,0.17,0.039604514477658094
1542,1771,229,0.1145,0.029759027100517414
1550,1775,225,0.1125,0.02910399219225895
1502,1751,249,0.1245,0.029991480601959723
1562,1781,219,0.1095,0.024597667076246586
1568,1784,216,0.108,0.0236014111150867
1510,1755,245,0.1225,0.023651962292061377
1464,1732,268,0.134,0.02602123436075636
1426,1713,287,0.1435,0.031945995412145524
1512,1756,244,0.122,0.027523438441217875
1558,1779,221,0.1105,0.025841515463928887
1548,1774,226,0.113,0.025197066378314047
1544,1772,228,0.114,0.020214832782448063
1516,1758,242,0.121,0.022602245706038963
1574,1787,213,0.1065,0.021729923669627168
1542,1771,229,0.1145,0.022076320836900122
1582,1791,209,0.1045,0.024648526467033662
1484,1742,258,0.129,0.029353436271776445
1462,1731,269,0.1345,0.027357361733529168
1466,1733,267,0.1335,0.026265109109354968
1494,1747,253,0.1265,0.03139412567368709
1470,1735,265,0.1325,0.029414427918029774
1494,1747,253,0.1265,0.03126720825931989
1538,1769,231,0.1155,0.027478285263429547
1498,1749,251,0.1255,0.024372971778182546
1442,1721,279,0.1395,0.027693724496173678
1590,1795,205,0.1025,0.02201706738770008
1480,1740,260,0.13,0.025622335944441146
1524,1762,238,0.119,0.02107354366389336
1502,1751,249,0.1245,0.022437836080360818
1518,1759,241,0.1205,0.0215139744260523
1600,1800,200,0.1,0.02040603693758021
1486,1743,257,0.1285,0.027574257465545097
1536,1768,232,0.116,0.027703386108793963
1462,1731,269,0.1345,0.029983979182781704
1406,1703,297,0.1485,0.03243922395967556
1550,1775,225,0.1125,0.020962578741688064
1506,1753,247,0.1235,0.0200052310905594
1570,1785,215,0.1075,0.01963207638468168
1518,1759,241,0.1205,0.018873237010933734
1604,1802,198,0.099,0.019766165113708007
1496,1748,252,0.126,0.024863053821769433
1500,1750,250,0.125,0.02393127219573944
1578,1789,211,0.1055,0.018938861578376476
1568,1784,216,0.108,0.022586226025421638
1472,1736,264,0.132,0.029506663030148962
1520,1760,240,0.12,0.02545081324608662
1480,1740,260,0.13,0.03170033295270696
1554,1777,223,0.1115,0.02697229479579437
1548,1774,226,0.113,0.026815978762093125
1506,1753,247,0.1235,0.02691964609303978
1534,1767,233,0.1165,0.022889409165945843
1536,1768,232,0.116,0.02490619410990628
1634,1817,183,0.0915,0.022496280312068278
1544,1772,228,0.114,0.02539274471940007
1574,1787,213,0.1065,0.02698692019417149
1498,1749,251,0.1255,0.02985570334915303
1554,1777,223,0.1115,0.03128531416801898
1546,1773,227,0.1135,0.03113622317948466
1462,1731,269,0.1345,0.033129142138524914
1476,1738,262,0.131,0.029294655374774985
1592,1796,204,0.102,0.02654636089035234
1562,1781,219,0.1095,0.031004069363467685
1476,1738,262,0.131,0.033100996198489156
1550,1775,225,0.1125,0.025377258189837448
1590,1795,205,0.1025,0.023115906447723218
1458,1729,271,0.1355,0.02929138947138563
1512,1756,244,0.122,0.02826729311834788
1446,1723,277,0.1385,0.03537935138237663
1508,1754,246,0.123,0.03491904090403114
1488,1744,256,0.128,0.03150360205241827
1564,1782,218,0.109,0.02810668229028557
1528,1764,236,0.118,0.03033861086622347
1480,1740,260,0.13,0.029302210759138702
1550,1775,225,0.1125,0.025509715315653013
1540,1770,230,0.115,0.027782398794195615
1534,1767,233,0.1165,0.023968492220657944
1546,1773,227,0.1135,0.027706747080606883
1486,1743,257,0.1285,0.027166270108893515
1512,1756,244,0.122,0.03158412526268876
1540,1770,230,0.115,0.028879140818869935
1494,1747,253,0.1265,0.02430971571637202
1570,1785,215,0.1075,0.023238309474894785
1618,1809,191,0.0955,0.019814314068178653
1500,1750,250,0.125,0.028351029196135642
1506,1753,247,0.1235,0.027607486665074246
1596,1798,202,0.101,0.02549302475710283
1570,1785,215,0.1075,0.026337380194381695
1562,1781,219,0.1095,0.02468758708902169
1556,1778,222,0.111,0.024181236674281535
1512,1756,244,0.122,0.024744119261915328
1510,1755,245,0.1225,0.028025252807303332
1592,1796,204,0.102,0.019449386748368852
1578,1789,211,0.1055,0.022548817074134156
1452,1726,274,0.137,0.025036488376557826
1524,1762,238,0.119,0.02753837598835028
1532,1766,234,0.117,0.026029029291327943
1498,1749,251,0.1255,0.03663063082423564
1530,1765,235,0.1175,0.026710717786336317
1520,1760,240,0.12,0.022797478714201142
1618,1809,191,0.0955,0.02323568106527801
1530,1765,235,0.1175,0.027491578605753318
1540,1770,230,0.115,0.021969425234043
1570,1785,215,0.1075,0.02354145653683043
1458,1729,271,0.1355,0.02599114142261239
1536,1768,232,0.116,0.020264158169178707
1502,1751,249,0.1245,0.024854625754349408
1500,1750,250,0.125,0.023645299939097867
1414,1707,293,0.1465,0.02937776242929977
1554,1777,223,0.1115,0.020528962986546048
1470,1735,265,0.1325,0.025347920389380305
1498,1749,251,0.1255,0.022935242447456424
1610,1805,195,0.0975,0.01370694099973494
1490,1745,255,0.1275,0.017850390511020806
1628,1814,186,0.093,0.015129442827927178
1574,1787,213,0.1065,0.018593397942968295
1566,1783,217,0.1085,0.0194154286198318
1566,1783,217,0.1085,0.01960109059706884
1480,1740,260,0.13,0.019983955257890842
1594,1797,203,0.1015,0.01910845622897614
1500,1750,250,0.125,0.014873130259130164
1526,1763,237,0.1185,0.01603143269096742
1574,1787,213,0.1065,0.017237318351227715
1466,1733,267,0.1335,0.01935281637404114
1502,1751,249,0.1245,0.02188816783456975
1456,1728,272,0.136,0.02217975491342804
1558,1779,221,0.1105,0.017957134188385696
1536,1768,232,0.116,0.018595412828441425
1534,1767,233,0.1165,0.014005049131781569
1504,1752,248,0.124,0.0148169197920106
1534,1767,233,0.1165,0.012056922511284937
1536,1768,232,0.116,0.013444539780612103
1546,1773,227,0.1135,0.013917372328782228
1544,1772,228,0.114,0.012183102889977284
1558,1779,221,0.1105,0.015196556123047919
1624,1812,188,0.094,0.013126050874322118
1454,1727,273,0.1365,0.016145798633167372
1498,1749,251,0.1255,0.01637082059708315
1504,1752,248,0.124,0.017639485453750246
1500,1750,250,0.125,0.018728671471966676
1530,1765,235,0.1175,0.01794633118416823
1476,1738,262,0.131,0.014447617040517158
1560,1780,220,0.11,0.014126370656042126
1510,1755,245,0.1225,0.015001838491959268
1570,1785,215,0.1075,0.012242007427383215
1494,1747,253,0.1265,0.013445444017180307
1498,1749,251,0.1255,0.01570925475578406
1640,1820,180,0.09,0.013084895685438368
1494,1747,253,0.1265,0.01605442359700234
1540,1770,230,0.115,0.018188058560190255
1502,1751,249,0.1245,0.014735956245625858
1492,1746,254,0.127,0.01689375258993823
1492,1746,254,0.127,0.020554125924012623
1544,1772,228,0.114,0.01975555173004978
1488,1744,256,0.128,0.02043229820369743
1514,1757,243,0.1215,0.019696223856823052
1584,1792,208,0.104,0.016406514344282783
1540,1770,230,0.115,0.015977559250968058
1558,1779,221,0.1105,0.01520211249515264
1468,1734,266,0.133,0.01931311450499925
1524,1762,238,0.119,0.01878038943179818
1574,1787,213,0.1065,0.018156797808769647
1560,1780,220,0.11,0.015827061097879784
1528,1764,236,0.118,0.01810854380420642
1484,1742,258,0.129,0.02187865093362052
1528,1764,236,0.118,0.020667642645932696
1378,1689,311,0.1555,0.03070027100893092
1466,1733,267,0.1335,0.027276102352305324
1460,1730,270,0.135,0.02343770861065605
1546,1773,227,0.1135,0.02035830986640073
1618,1809,191,0.0955,0.017941244232504695
1572,1786,214,0.107,0.016358093159255745
1542,1771,229,0.1145,0.014766918994893786
1566,1783,217,0.1085,0.015756457280201176
1572,1786,214,0.107,0.015410564067369363
1544,1772,228,0.114,0.017538465325128684
1526,1763,237,0.1185,0.018355275297304616
1502,1751,249,0.1245,0.018781179892816
1568,1784,216,0.108,0.014853382709668949
1502,1751,249,0.1245,0.017460036075350387
1572,1786,214,0.107,0.019142864894209202
1530,1765,235,0.1175,0.017471717399370427
1638,1819,181,0.0905,0.01494539589661872
1560,1780,220,0.11,0.01851299866113272
1532,1766,234,0.117,0.01794158354559712
1474,1737,263,0.1315,0.02165722238179297
1546,1773,227,0.1135,0.016417520154580416
1570,1785,215,0.1075,0.022040019297605157
1522,1761,239,0.1195,0.02010699698596728
1522,1761,239,0.1195,0.02113418144111182
1464,1732,268,0.134,0.01911437936463336
1512,1756,244,0.122,0.020703911739750766
1568,1784,216,0.108,0.016732844609124185
1470,1735,265,0.1325,0.019575599552450407
1590,1795,205,0.1025,0.01835577346663922
1544,1772,228,0.114,0.01949046296362048
1616,1808,192,0.096,0.01668894691663445
1546,1773,227,0.1135,0.0190933542153353
1464,1732,268,0.134,0.020061603805981584
1564,1782,218,0.109,0.018086560559575447
1568,1784,216,0.108,0.014322576477940004
1564,1782,218,0.109,0.014967909335392207
1540,1770,230,0.115,0.017227080382829277
1604,1802,198,0.099,0.01565841948031448
1524,1762,238,0.119,0.021886046853964225
1452,1726,274,0.137,0.027933700965950266
1444,1722,278,0.139,0.029253750681461462
1512,1756,244,0.122,0.026811047954834067
1574,1787,213,0.1065,0.022507314303237564
1514,1757,243,0.1215,0.02600560707913246
1550,1775,225,0.1125,0.02072735059238039
1502,1751,249,0.1245,0.018796675048710312
1484,1742,258,0.129,0.024319059598976338
1574,1787,213,0.1065,0.02259992804865128
1510,1755,245,0.1225,0.02640101937170222
1444,1722,278,0.139,0.02808249025144852
1606,1803,197,0.0985,0.01950151521632042
1478,1739,261,0.1305,0.02063034246352663
1532,1766,234,0.117,0.017941302210092557
1596,1798,202,0.101,0.0179869645830986
1562,1781,219,0.1095,0.022729144718982533
1516,1758,242,0.121,0.022158955830534077
1554,1777,223,0.1115,0.016939498200641934
1528,1764,236,0.118,0.018020822578342633
1470,1735,265,0.1325,0.02044866336239584
1478,1739,261,0.1305,0.01871725942503415
1604,1802,198,0.099,0.01805803757510148
1622,1811,189,0.0945,0.016121648366970477
1582,1791,209,0.1045,0.01426210815826198
1500,1750,250,0.125,0.016131807417899834
1634,1817,183,0.0915,0.013993377222341763
1568,1784,216,0.108,0.01374085573415507
1576,1788,212,0.106,0.014767508739869307
1478,1739,261,0.1305,0.01859736491664741
1536,1768,232,0.116,0.02042339865742725
1506,1753,247,0.1235,0.018267180105720905
1446,1723,277,0.1385,0.02113340698904358
1530,1765,235,0.1175,0.018074094555515344
1546,1773,227,0.1135,0.018457838948768485
1450,1725,275,0.1375,0.022871024383810456
1546,1773,227,0.1135,0.01663227195161744
1554,1777,223,0.1115,0.01962363421460759
1452,1726,274,0.137,0.02265720183680242
1568,1784,216,0.108,0.017663756320544052
1564,1782,218,0.109,0.015965550678374713
1466,1733,267,0.1335,0.02041248953796458
1540,1770,230,0.115,0.017977037482953394
1546,1773,227,0.1135,0.01742768532019238
1582,1791,209,0.1045,0.01705954020842364
1518,1759,241,0.1205,0.018457825139969075
1516,1758,242,0.121,0.01522869860195653
1604,1802,198,0.099,0.015171714142934242
1548,1774,226,0.113,0.024230634858016856
1530,1765,235,0.1175,0.02579622384473258
1400,1700,300,0.15,0.03279570423906362
1510,1755,245,0.1225,0.026318299981881864
1528,1764,236,0.118,0.01892701210708008
1534,1767,233,0.1165,0.01734452827750647
1558,1779,221,0.1105,0.015802830770582667
1542,1771,229,0.1145,0.019127999926480704
1526,1763,237,0.1185,0.016888235621170915
1568,1784,216,0.108,0.016679156992468053
1502,1751,249,0.1245,0.01602987977976958
1512,1756,244,0.122,0.017857526172646878
1524,1762,238,0.119,0.021759368648422886
1484,1742,258,0.129,0.023981220963061788
1542,1771,229,0.1145,0.02140631200041389
1560,1780,220,0.11,0.018101512784254738
1476,1738,262,0.131,0.02051692968096728
1520,1760,240,0.12,0.017639633129059803
1456,1728,272,0.136,0.018224714785115795
1514,1757,243,0.1215,0.021170567198551007
1438,1719,281,0.1405,0.024744524443432246
1558,1779,221,0.1105,0.01914790858018945
1478,1739,261,0.1305,0.022471472835051826
1574,1787,213,0.1065,0.01795841886743438
1550,1775,225,0.1125,0.016707770825276393
1572,1786,214,0.107,0.014092025035701226
1546,1773,227,0.1135,0.014628255613647752
1592,1796,204,0.102,0.014444915773014145
1454,1727,273,0.1365,0.024356529318989493
1488,1744,256,0.128,0.018921252172932838
1550,1775,225,0.1125,0.019867813007762834
1482,1741,259,0.1295,0.023966196486304398
1602,1801,199,0.0995,0.015330307707248721
1540,1770,230,0.115,0.01581969646696234
1530,1765,235,0.1175,0.016053940402402076
1546,1773,227,0.1135,0.015894176544847143
1600,1800,200,0.1,0.018409448996237195
1562,1781,219,0.1095,0.017991366258157882
1560,1780,220,0.11,0.01701376271317713
1446,1723,277,0.1385,0.016700550278765193
1488,1744,256,0.128,0.01726837472129056
1532,1766,234,0.117,0.015851029570927495
1530,1765,235,0.1175,0.01572807177795471
1512,1756,244,0.122,0.01617923918261659
1506,1753,247,0.1235,0.014881767494014639
1514,1757,243,0.1215,0.014601176366282744
1494,1747,253,0.1265,0.014373693750358341
1468,1734,266,0.133,0.014417476424598142
1558,1779,221,0.1105,0.013292449361033505
1470,1735,265,0.1325,0.014267400958899274
1570,1785,215,0.1075,0.010667352411866886
1534,1767,233,0.1165,0.013793122379531269
1510,1755,245,0.1225,0.01170291135495063
1430,1715,285,0.1425,0.016026385063461972
1488,1744,256,0.128,0.014417468017840307
1544,1772,228,0.114,0.012754601449152688
1482,1741,259,0.1295,0.01424708313951897
1498,1749,251,0.1255,0.013791669905493308
1586,1793,207,0.1035,0.013317218274714833
1606,1803,197,0.0985,0.009449287624884164
1500,1750,250,0.125,0.011683682858245448
1534,1767,233,0.1165,0.016849593886386856
1516,1758,242,0.121,0.013649451938022231
1610,1805,195,0.0975,0.012418911405943589
1536,1768,232,0.116,0.009825254248920829
1566,1783,217,0.1085,0.009303944959741791
1534,1767,233,0.1165,0.00928354542212024
1540,1770,230,0.115,0.011246723462332738
1476,1738,262,0.131,0.015465308211627416
1418,1709,291,0.1455,0.01573923876028857
1544,1772,228,0.114,0.0120116564022901
1540,1770,230,0.115,0.012239767596176534
1482,1741,259,0.1295,0.015220675716525875
1520,1760,240,0.12,0.017617770255176766
1504,1752,248,0.124,0.013250448421598001
1486,1743,257,0.1285,0.01513973460024863
1544,1772,228,0.114,0.010617543464293704
1538,1769,231,0.1155,0.016148222206873484
1512,1756,244,0.122,0.021205468313914032
1616,1808,192,0.096,0.012655217493709642
1500,1750,250,0.125,0.024979180577618536
1540,1770,230,0.115,0.016094481349095014
1562,1781,219,0.1095,0.017247443520964075
1530,1765,235,0.1175,0.018546634704235003
1516,1758,242,0.121,0.018124869800653833
1502,1751,249,0.1245,0.019732286813590044
1500,1750,250,0.125,0.020858689686633083
1482,1741,259,0.1295,0.02220449922943955
1484,1742,258,0.129,0.019799748081484877
1464,1732,268,0.134,0.01839979709262843
1524,1762,238,0.119,0.014368899167980998
1630,1815,185,0.0925,0.010825123208884926
1416,1708,292,0.146,0.02376819388946751
1582,1791,209,0.1045,0.012630161942648365
1494,1747,253,0.1265,0.013264827513621647
1498,1749,251,0.1255,0.011703486697249915
1652,1826,174,0.087,0.011248864889726973
1574,1787,213,0.1065,0.010070672911373556
1444,1722,278,0.139,0.010458162757413746
1532,1766,234,0.117,0.010759159571774944
1506,1753,247,0.1235,0.013264355708219235
1462,1731,269,0.1345,0.011237581443916704
1520,1760,240,0.12,0.012667386692774016
1554,1777,223,0.1115,0.012169223733017133
1504,1752,248,0.124,0.011147962391911286
1502,1751,249,0.1245,0.009812676402420038
1566,1783,217,0.1085,0.010935610806225946
1456,1728,272,0.136,0.01518046465307998
1494,1747,253,0.1265,0.009970386242493988
1498,1749,251,0.1255,0.009223224708490307
1590,1795,205,0.1025,0.006887425787298568
1538,1769,231,0.1155,0.010314362876961247
1446,1723,277,0.1385,0.012262583982991742
1494,1747,253,0.1265,0.009591656838194474
1534,1767,233,0.1165,0.009125717611750588
1474,1737,263,0.1315,0.013291403255934718
1552,1776,224,0.112,0.012286776845956823
1556,1778,222,0.111,0.010796286339711515
1486,1743,257,0.1285,0.011866811302319548
1484,1742,258,0.129,0.010620139872917206
1488,1744,256,0.128,0.015472255220253892
1548,1774,226,0.113,0.01263821004673082
1502,1751,249,0.1245,0.01360013797128341
1534,1767,233,0.1165,0.016223743411537733
1472,1736,264,0.132,0.009400148499349599
1524,1762,238,0.119,0.01015037548780674
1510,1755,245,0.1225,0.011169253535757888
1632,1816,184,0.092,0.010070183011295747
1474,1737,263,0.1315,0.01677901619259501
1582,1791,209,0.1045,0.013837910206952074
1464,1732,268,0.134,0.01743507748877164
1454,1727,273,0.1365,0.013946183107909746
1494,1747,253,0.1265,0.014310746805979406
1488,1744,256,0.128,0.01381138838748302
1528,1764,236,0.118,0.012871681875738433
1500,1750,250,0.125,0.012733946433720689
1474,1737,263,0.1315,0.013397138729023936
1564,1782,218,0.109,0.010321523470800457
1632,1816,184,0.092,0.009398498062451842
1546,1773,227,0.1135,0.009999439843410755
1550,1775,225,0.1125,0.008692454397591063
1560,1780,220,0.11,0.008953717715936378
1480,1740,260,0.13,0.011079837236902677
1660,1830,170,0.085,0.009701780749292994
1542,1771,229,0.1145,0.010251603246335434
1562,1781,219,0.1095,0.01067604738425871
1574,1787,213,0.1065,0.00864559479253277
1496,1748,252,0.126,0.009996869834562333
1508,1754,246,0.123,0.010908337365046464
1634,1817,183,0.0915,0.008870014550907825
1558,1779,221,0.1105,0.00967883312702179
1494,1747,253,0.1265,0.011376946857722942
1438,1719,281,0.1405,0.012676714882836677
1590,1795,205,0.1025,0.010915370620437898
1488,1744,256,0.128,0.012796069087809883
1550,1775,225,0.1125,0.011443752866762224
1570,1785,215,0.1075,0.008132464395748685
1548,1774,226,0.113,0.00872251557558775
1566,1783,217,0.1085,0.0076928135683410805
1524,1762,238,0.119,0.008753356926634183
1534,1767,233,0.1165,0.01080691164257587
1558,1779,221,0.1105,0.01087316673908208
1594,1797,203,0.1015,0.011259944002087657
1456,1728,272,0.136,0.013967349440179532
1494,1747,253,0.1265,0.011956698008530046
1516,1758,242,0.121,0.0121525501604483
1476,1738,262,0.131,0.017014816046605135
1522,1761,239,0.1195,0.015056474651623873
1576,1788,212,0.106,0.008842189184469766
1516,1758,242,0.121,0.010939142392295707
1584,1792,208,0.104,0.010974038241300157
1576,1788,212,0.106,0.010765149024111452
1586,1793,207,0.1035,0.010500611555326032
1556,1778,222,0.111,0.012429102321795654
1560,1780,220,0.11,0.009254502853262842
1576,1788,212,0.106,0.010322339353824645
1438,1719,281,0.1405,0.018152292830287485
1546,1773,227,0.1135,0.015351618491200498
1562,1781,219,0.1095,0.014866996115581167
1630,1815,185,0.0925,0.013518671160738457
1576,1788,212,0.106,0.011281033444218337
1466,1733,267,0.1335,0.01310443393042079
1510,1755,245,0.1225,0.014905861956620355
1566,1783,217,0.1085,0.0146623056128606
1574,1787,213,0.1065,0.015189251392739259
1560,1780,220,0.11,0.015631925117726497
1462,1731,269,0.1345,0.015370880446454975
1522,1761,239,0.1195,0.01420382393398905
1544,1772,228,0.114,0.014728600235015633
1578,1789,211,0.1055,0.012695106083177962
1542,1771,229,0.1145,0.014690438769283063
1528,1764,236,0.118,0.014484969448921546
1540,1770,230,0.115,0.017408883887025974
1514,1757,243,0.1215,0.018283193546710208
1504,1752,248,0.124,0.024264039343272956
1482,1741,259,0.1295,0.021543822968320463
1496,1748,252,0.126,0.01810589926835417
1564,1782,218,0.109,0.017441599602228963
1466,1733,267,0.1335,0.018312694247178612
1464,1732,268,0.134,0.01947515335054421
1526,1763,237,0.1185,0.018237330096773804
1544,1772,228,0.114,0.015521436324692993
1562,1781,219,0.1095,0.017461768439544157
1476,1738,262,0.131,0.019820625745749568
1516,1758,242,0.121,0.017092141236472343
1540,1770,230,0.115,0.018619627616368234
1576,1788,212,0.106,0.013171538427937775
1522,1761,239,0.1195,0.016245133685914234
1526,1763,237,0.1185,0.01467614079086703
1482,1741,259,0.1295,0.015408931536670544
1514,1757,243,0.1215,0.01578472916391911
1502,1751,249,0.1245,0.01642481139074006
1556,1778,222,0.111,0.013477400069474243
1484,1742,258,0.129,0.015300526634193382
1554,1777,223,0.1115,0.01585873699915829
1478,1739,261,0.1305,0.01414751575619448
1552,1776,224,0.112,0.012264227079213015
1590,1795,205,0.1025,0.011617582400609535
1630,1815,185,0.0925,0.00990195559653148
1496,1748,252,0.126,0.012976450388658122
1514,1757,243,0.1215,0.011112857928565064
1580,1790,210,0.105,0.01270756447603344
1590,1795,205,0.1025,0.013457209837681148
1480,1740,260,0.13,0.01473108972654154
1546,1773,227,0.1135,0.015352635151648435
1512,1756,244,0.122,0.016690913800070126
1652,1826,174,0.087,0.013816940690014242
1478,1739,261,0.1305,0.01744618884086966
1528,1764,236,0.118,0.017861425768933258
1580,1790,210,0.105,0.016746181076043285
1540,1770,230,0.115,0.014162920804326006
1530,1765,235,0.1175,0.015759233502147255
1566,1783,217,0.1085,0.01777478117129067
1512,1756,244,0.122,0.01675548122829059
1580,1790,210,0.105,0.016605344318783934
1504,1752,248,0.124,0.018679185418295673
1564,1782,218,0.109,0.017491537886351587
1510,1755,245,0.1225,0.0161395235300879
1596,1798,202,0.101,0.01277027711503615
1548,1774,226,0.113,0.014272479135688626
1536,1768,232,0.116,0.012660917604458519
1552,1776,224,0.112,0.012423265681441989
1592,1796,204,0.102,0.014654978083855632
1444,1722,278,0.139,0.0145082275852983
1612,1806,194,0.097,0.014081818866884518
1518,1759,241,0.1205,0.015870450747958783
1530,1765,235,0.1175,0.010572341560226114
1598,1799,201,0.1005,0.009691150906306583
1572,1786,214,0.107,0.013020955086569301
1520,1760,240,0.12,0.011424875638482384
1514,1757,243,0.1215,0.01645056812292796
1546,1773,227,0.1135,0.015871830091276146
1494,1747,253,0.1265,0.016299022321999614
1562,1781,219,0.1095,0.014505556613323279
1470,1735,265,0.1325,0.016394103866419762
1498,1749,251,0.1255,0.014859247221094846
1544,1772,228,0.114,0.01632090902788332
1476,1738,262,0.131,0.018588076088427906
1546,1773,227,0.1135,0.016654476692943718
1508,1754,246,0.123,0.017870773467935457
1546,1773,227,0.1135,0.014515497452579438
1458,1729,271,0.1355,0.022704095326685155
1502,1751,249,0.1245,0.012572924719392304
1540,1770,230,0.115,0.015712209023942707
1564,1782,218,0.109,0.015015547021175742
1488,1744,256,0.128,0.0184214267150396
1518,1759,241,0.1205,0.013371179387154314
1580,1790,210,0.105,0.011102996707311838
1570,1785,215,0.1075,0.012348318026168271
1530,1765,235,0.1175,0.012754337483987912
1530,1765,235,0.1175,0.014394614977734818
1470,1735,265,0.1325,0.01385539818756547
1518,1759,241,0.1205,0.014735713154543192
1522,1761,239,0.1195,0.017687513934608767
1560,1780,220,0.11,0.01029715386961471
1512,1756,244,0.122,0.014138518001127594
1518,1759,241,0.1205,0.010915885366954071
1534,1767,233,0.1165,0.011800107262766688
1590,1795,205,0.1025,0.011941457139603266
1540,1770,230,0.115,0.012825246528584102
1532,1766,234,0.117,0.012732743789325469
1460,1730,270,0.135,0.013850322576588952
1658,1829,171,0.0855,0.008362102676532231
1664,1832,168,0.084,0.010385377725317085
1572,1786,214,0.107,0.00937742922814141
1486,1743,257,0.1285,0.009899381791765336
1594,1797,203,0.1015,0.009341809127985294
1556,1778,222,0.111,0.00999842424353119
1558,1779,221,0.1105,0.010388495930528733
1484,1742,258,0.129,0.011979108972809627
1516,1758,242,0.121,0.010723800070712514
1468,1734,266,0.133,0.012125723617015523
1498,1749,251,0.1255,0.013192251210991173
1522,1761,239,0.1195,0.009773193626722786
1540,1770,230,0.115,0.01221271036196299
1474,1737,263,0.1315,0.01391760046420677
1456,1728,272,0.136,0.01303037890723499
1526,1763,237,0.1185,0.011884817223297432
1564,1782,218,0.109,0.011316800016385969
1522,1761,239,0.1195,0.011732278712344857
1456,1728,272,0.136,0.011088509048015113
1526,1763,237,0.1185,0.011325981965230823
1512,1756,244,0.122,0.01049546409919276
1618,1809,191,0.0955,0.009304050115446444
1548,1774,226,0.113,0.009610724537807983
1488,1744,256,0.128,0.011478835485566379
1526,1763,237,0.1185,0.010752767573110774
1622,1811,189,0.0945,0.008585497530584697
1640,1820,180,0.09,0.007724060527956368
1520,1760,240,0.12,0.010177278137762648
1530,1765,235,0.1175,0.00864139268533927
1584,1792,208,0.104,0.008992191333061783
1618,1809,191,0.0955,0.008535183203930501
1580,1790,210,0.105,0.009176055951506215
1506,1753,247,0.1235,0.007929079915909824
1566,1783,217,0.1085,0.008273647019297961
1518,1759,241,0.1205,0.01029190761731266
1522,1761,239,0.1195,0.010017160845069156
1590,1795,205,0.1025,0.008166316744289361
1542,1771,229,0.1145,0.008493219499167025
1548,1774,226,0.113,0.007348427139193518
1544,1772,228,0.114,0.008161000643813168
1444,1722,278,0.139,0.013115069918578378
1568,1784,216,0.108,0.011812745171118877
1472,1736,264,0.132,0.012322568378760494
1618,1809,191,0.0955,0.008210967964027076
1520,1760,240,0.12,0.013876816339441576
1538,1769,231,0.1155,0.014745166517748466
1556,1778,222,0.111,0.011273171288861619
1484,1742,258,0.129,0.012461477676151859
1482,1741,259,0.1295,0.00987054425725364
1556,1778,222,0.111,0.009959102687658742
1542,1771,229,0.1145,0.010501541658044261
1518,1759,241,0.1205,0.01135178548147269
1542,1771,229,0.1145,0.011558307790895924
1526,1763,237,0.1185,0.012172027837392307
1470,1735,265,0.1325,0.012019790503123658
1592,1796,204,0.102,0.009322479569975258
1566,1783,217,0.1085,0.010154307765333222
1532,1766,234,0.117,0.010193910300906288
1386,1693,307,0.1535,0.012486492292284311
1480,1740,260,0.13,0.012311698990641162
1548,1774,226,0.113,0.014314859556987358
1558,1779,221,0.1105,0.011469405719840097
1528,1764,236,0.118,0.012267766445526533
1570,1785,215,0.1075,0.010088025657669846
1498,1749,251,0.1255,0.01126505005958461
1486,1743,257,0.1285,0.01793101385866479
1566,1783,217,0.1085,0.01070383770141052
1544,1772,228,0.114,0.01274539975891934
1516,1758,242,0.121,0.014603224958870129
1544,1772,228,0.114,0.01170489501726115
1448,1724,276,0.138,0.013886609432496365
1540,1770,230,0.115,0.012355544692196418
1478,1739,261,0.1305,0.016038023465836885
1552,1776,224,0.112,0.01487230449783965
1582,1791,209,0.1045,0.013409405433462324
1500,1750,250,0.125,0.014886347406081768
1568,1784,216,0.108,0.011182715422939509
1452,1726,274,0.137,0.016702256127930012
1570,1785,215,0.1075,0.016068170148471835
1410,1705,295,0.1475,0.02060135982756038
1558,1779,221,0.1105,0.013921335164435732
1532,1766,234,0.117,0.012716851964406323
1576,1788,212,0.106,0.013829126831308713
1564,1782,218,0.109,0.01272883477513824
1468,1734,266,0.133,0.016567192544345744
1506,1753,247,0.1235,0.021828280978719704
1534,1767,233,0.1165,0.01846921734896023
1526,1763,237,0.1185,0.017411423979559915
1510,1755,245,0.1225,0.017829434735118412
1542,1771,229,0.1145,0.01650400493138546
1512,1756,244,0.122,0.018426220676205047
1518,1759,241,0.1205,0.01603277587989578
1584,1792,208,0.104,0.01821118732542436
1506,1753,247,0.1235,0.02268845404748572
1544,1772,228,0.114,0.02055649614200229
1442,1721,279,0.1395,0.022507202111941297
1490,1745,255,0.1275,0.022516001753101592
1544,1772,228,0.114,0.01917677813497805
1506,1753,247,0.1235,0.02073737619095482
1536,1768,232,0.116,0.019766633222199743
1558,1779,221,0.1105,0.0231278947617393
1436,1718,282,0.141,0.02487553717882894
1534,1767,233,0.1165,0.023769560742541215
1442,1721,279,0.1395,0.024348054922622396
1546,1773,227,0.1135,0.021545527188718553
1432,1716,284,0.142,0.027841014364762485
1542,1771,229,0.1145,0.026231875811587087
1458,1729,271,0.1355,0.027764862361669664
1556,1778,222,0.111,0.022696122684094013
1550,1775,225,0.1125,0.023039044886041665
1564,1782,218,0.109,0.022806244291717993
1566,1783,217,0.1085,0.022284332983655248
1636,1818,182,0.091,0.018662203728104943
1578,1789,211,0.1055,0.016610443969198967
1550,1775,225,0.1125,0.01962834943082271
1538,1769,231,0.1155,0.01989909176459998
1518,1759,241,0.1205,0.01681298525520834
1570,1785,215,0.1075,0.016818420436233283
1488,1744,256,0.128,0.019973910490809543
1632,1816,184,0.092,0.019171714073163457
1502,1751,249,0.1245,0.02354668730429694
1504,1752,248,0.124,0.02343074041651562
1530,1765,235,0.1175,0.01962896769691725
1494,1747,253,0.1265,0.018232607610523702
1488,1744,256,0.128,0.02390308261454629
1518,1759,241,0.1205,0.02091699777764734
1518,1759,241,0.1205,0.02410309738817889
1528,1764,236,0.118,0.019657458786335156
1498,1749,251,0.1255,0.01718348928290652
1458,1729,271,0.1355,0.020444220316610882
1518,1759,241,0.1205,0.01581512064067647
1508,1754,246,0.123,0.016937559089739807
1494,1747,253,0.1265,0.015243419678765349
1590,1795,205,0.1025,0.01397141336632194
1540,1770,230,0.115,0.014891825659782625
1546,1773,227,0.1135,0.01655164854946441
1568,1784,216,0.108,0.016032076716983285
1582,1791,209,0.1045,0.016915124721010217
1552,1776,224,0.112,0.018159188145189548
1616,1808,192,0.096,0.017712270677962806
1572,1786,214,0.107,0.01778747876804573
1522,1761,239,0.1195,0.019272105772746725
1522,1761,239,0.1195,0.02030376684467774
1560,1780,220,0.11,0.019749400089611298
1534,1767,233,0.1165,0.025539068301906817
1478,1739,261,0.1305,0.024835635588504375
1564,1782,218,0.109,0.023903706272598357
1550,1775,225,0.1125,0.0230188834098808
1530,1765,235,0.1175,0.02580002502343268
1520,1760,240,0.12,0.023071024337084977
1476,1738,262,0.131,0.025874687760137023
1582,1791,209,0.1045,0.02389480337080022
1512,1756,244,0.122,0.023349443882354534
1540,1770,230,0.115,0.020893274649977697
1556,1778,222,0.111,0.02338840002000507
1592,1796,204,0.102,0.023252212735969807
1502,1751,249,0.1245,0.02599458548759634
1576,1788,212,0.106,0.02450226168598117
1606,1803,197,0.0985,0.02508463794144336
1536,1768,232,0.116,0.02858844930579562
1554,1777,223,0.1115,0.02765451010502625
1472,1736,264,0.132,0.031215823363870812
1506,1753,247,0.1235,0.028642934619476874
1538,1769,231,0.1155,0.03029558109869791
1502,1751,249,0.1245,0.023083262098720296
1526,1763,237,0.1185,0.022733920117607342
1574,1787,213,0.1065,0.018985951684881
1608,1804,196,0.098,0.01775122010882478
1506,1753,247,0.1235,0.018020826929830945
1542,1771,229,0.1145,0.01779374774931159
1486,1743,257,0.1285,0.018713085471885278
1572,1786,214,0.107,0.01901335545472103
1574,1787,213,0.1065,0.018755692340214493
1550,1775,225,0.1125,0.020712266024904644
1504,1752,248,0.124,0.020096933340420953
1544,1772,228,0.114,0.02018030660832301
1484,1742,258,0.129,0.02068291198499628
1428,1714,286,0.143,0.025055692207506957
1536,1768,232,0.116,0.020644270885548748
1536,1768,232,0.116,0.021124831431370693
1526,1763,237,0.1185,0.01812363490839198
1554,1777,223,0.1115,0.01693816255334241
1556,1778,222,0.111,0.01599609069607687
1594,1797,203,0.1015,0.014814698483212851
1494,1747,253,0.1265,0.01882294985646149
1560,1780,220,0.11,0.017057579696585896
1628,1814,186,0.093,0.0146393828386991
1468,1734,266,0.133,0.018452713675913408
1572,1786,214,0.107,0.0182182205147692
1542,1771,229,0.1145,0.018400022954534506
1496,1748,252,0.126,0.019679939817404374
1542,1771,229,0.1145,0.018446027311235413
1440,1720,280,0.14,0.016400299784552777
1558,1779,221,0.1105,0.014568453109019174
1616,1808,192,0.096,0.01293459355953383
1534,1767,233,0.1165,0.015282110252592247
1538,1769,231,0.1155,0.01825549999165329
1574,1787,213,0.1065,0.018894894760276656
1540,1770,230,0.115,0.01748139657755531
1472,1736,264,0.132,0.01787368113885168
1558,1779,221,0.1105,0.015218293769808952
1488,1744,256,0.128,0.01784429530788674
1450,1725,275,0.1375,0.019928665340063163
1528,1764,236,0.118,0.020268882843432947
1568,1784,216,0.108,0.016988627688826908
1516,1758,242,0.121,0.01927312261005865
1472,1736,264,0.132,0.019609862021800838
1552,1776,224,0.112,0.01707077559858317
1428,1714,286,0.143,0.021302692795637995
1562,1781,219,0.1095,0.016417359030456283
1540,1770,230,0.115,0.01629208383061632
1574,1787,213,0.1065,0.016289343491429464
1520,1760,240,0.12,0.01868187965728633
1584,1792,208,0.104,0.015661500781192446
1574,1787,213,0.1065,0.016610139880445785
1460,1730,270,0.135,0.016901764772512252
1540,1770,230,0.115,0.01807086601934862
1572,1786,214,0.107,0.01821400084073427
1492,1746,254,0.127,0.022091001903783762
1488,1744,256,0.128,0.02001886696733375
1572,1786,214,0.107,0.014027258629052086
1452,1726,274,0.137,0.017850026291038375
1504,1752,248,0.124,0.017311626722487865
1552,1776,224,0.112,0.01741712300335348
1540,1770,230,0.115,0.02290937879845847
1496,1748,252,0.126,0.020801329542940956
1560,1780,220,0.11,0.01896633758014646
1464,1732,268,0.134,0.02478488009708235
1472,1736,264,0.132,0.02247138543432812
1568,1784,216,0.108,0.020464177266592748
1550,1775,225,0.1125,0.023772680723100188
1586,1793,207,0.1035,0.01877135427926936
1494,1747,253,0.1265,0.020786854699254037
1552,1776,224,0.112,0.018657512523875083
1560,1780,220,0.11,0.01867143135581864
1486,1743,257,0.1285,0.02044528019168502
1504,1752,248,0.124,0.0218732505865919
1486,1743,257,0.1285,0.02824970197433774
1456,1728,272,0.136,0.021786353874020285
1544,1772,228,0.114,0.022341814711187916
1554,1777,223,0.1115,0.019167443043129034
1560,1780,220,0.11,0.01754657058068551
1514,1757,243,0.1215,0.020729396555805586
1562,1781,219,0.1095,0.01760021494521061
1526,1763,237,0.1185,0.023768217643140823
1570,1785,215,0.1075,0.026215274849077822
1580,1790,210,0.105,0.02275665467616637
1546,1773,227,0.1135,0.02576792548596859
1546,1773,227,0.1135,0.02315480620836297
1532,1766,234,0.117,0.028207627005008583
1582,1791,209,0.1045,0.0232054598220572
1550,1775,225,0.1125,0.022900597412139193
1382,1691,309,0.1545,0.03913932379458413
1450,1725,275,0.1375,0.04151603351542144
1486,1743,257,0.1285,0.03770178165660763
1580,1790,210,0.105,0.03679295871907635
1486,1743,257,0.1285,0.03568343925645311
1546,1773,227,0.1135,0.027419047777075326
1500,1750,250,0.125,0.030480889662750997
1538,1769,231,0.1155,0.02704949278093409
1530,1765,235,0.1175,0.03030631447606845
1496,1748,252,0.126,0.02410645732993727
1502,1751,249,0.1245,0.025897376661188902
1662,1831,169,0.0845,0.020356882578750464
1488,1744,256,0.128,0.022961808191697172
1586,1793,207,0.1035,0.020784175348596348
1538,1769,231,0.1155,0.025426562513021052
1488,1744,256,0.128,0.023256990708116262
1590,1795,205,0.1025,0.020813970468239858
1536,1768,232,0.116,0.01955577320244629
1578,1789,211,0.1055,0.018512667344592046
1574,1787,213,0.1065,0.01554086792261836
1566,1783,217,0.1085,0.026854122069867637
1536,1768,232,0.116,0.027414442921594513
1554,1777,223,0.1115,0.02475410432094941
1524,1762,238,0.119,0.0242717646707315
1604,1802,198,0.099,0.014876314597408055
1452,1726,274,0.137,0.01664457911087993
1572,1786,214,0.107,0.015287889295723289
1570,1785,215,0.1075,0.014168123927753186
1438,1719,281,0.1405,0.023176537432567784
1508,1754,246,0.123,0.02414104610950006
1478,1739,261,0.1305,0.021942496832518373
1524,1762,238,0.119,0.022822044935846292
1598,1799,201,0.1005,0.014217023226548917
1544,1772,228,0.114,0.01518063040295965
1582,1791,209,0.1045,0.013410697696264833
1598,1799,201,0.1005,0.012750068744690552
1508,1754,246,0.123,0.01543959339230787
1416,1708,292,0.146,0.019653062282176635
1558,1779,221,0.1105,0.019115517774477668
1540,1770,230,0.115,0.017221416590546143
1468,1734,266,0.133,0.019879651192226448
1550,1775,225,0.1125,0.016798130462644622
1470,1735,265,0.1325,0.01871436450795955
1508,1754,246,0.123,0.017773596661165215
1482,1741,259,0.1295,0.02104277774329307
1502,1751,249,0.1245,0.020353149129769016
1594,1797,203,0.1015,0.016738835351518162
1552,1776,224,0.112,0.017032572327763774
1518,1759,241,0.1205,0.0148885494755204
1536,1768,232,0.116,0.0159545005734999
1556,1778,222,0.111,0.01518336725881514
1506,1753,247,0.1235,0.015957761840429165
1552,1776,224,0.112,0.014731015296383092
1560,1780,220,0.11,0.017234162928070874
1510,1755,245,0.1225,0.01683585806316114
1424,1712,288,0.144,0.017149961243849248
1472,1736,264,0.132,0.01876878514990676
1452,1726,274,0.137,0.019845929023053047
1504,1752,248,0.124,0.017033368828939275
1544,1772,228,0.114,0.018439449678815435
1522,1761,239,0.1195,0.02244820058521873
1546,1773,227,0.1135,0.021039835761405015
1502,1751,249,0.1245,0.022205071397962454
1560,1780,220,0.11,0.018277318226450005
1476,1738,262,0.131,0.018203182712546558
1534,1767,233,0.1165,0.02071870906351996
1462,1731,269,0.1345,0.019813772660330877
1584,1792,208,0.104,0.017774706118085307
1528,1764,236,0.118,0.017755143203426697
1574,1787,213,0.1065,0.01577732421126712
1514,1757,243,0.1215,0.016383649596944452
1490,1745,255,0.1275,0.018131875335791848
1584,1792,208,0.104,0.016296393628227407
1506,1753,247,0.1235,0.01648650059667063
1558,1779,221,0.1105,0.01411251243203879
1574,1787,213,0.1065,0.01424477249478565
1504,1752,248,0.124,0.017490057476738003
1584,1792,208,0.104,0.015199878210936732
1506,1753,247,0.1235,0.01706580022649723
1596,1798,202,0.101,0.014962774171188357
1586,1793,207,0.1035,0.014080081697087734
1484,1742,258,0.129,0.014964499990921474
1582,1791,209,0.1045,0.0178448611836477
1552,1776,224,0.112,0.016677017536272324
1526,1763,237,0.1185,0.01889724549375387
1508,1754,246,0.123,0.016952357085305268
1582,1791,209,0.1045,0.012781240814714693
1578,1789,211,0.1055,0.015884000957606483
1564,1782,218,0.109,0.016298226175394333
1572,1786,214,0.107,0.015779166284104577
1572,1786,214,0.107,0.01508346199011431
1508,1754,246,0.123,0.018342273185649745
1564,1782,218,0.109,0.017187025075994868
1514,1757,243,0.1215,0.021194972683442757
1510,1755,245,0.1225,0.02303053879122228
1582,1791,209,0.1045,0.01750287107759432
1498,1749,251,0.1255,0.020332821148156655
1560,1780,220,0.11,0.015056299396154877
1484,1742,258,0.129,0.022294555006488487
1496,1748,252,0.126,0.01566160316544119
1448,1724,276,0.138,0.022852591873612254
1528,1764,236,0.118,0.02038792459170154
1504,1752,248,0.124,0.02333800080034417
1468,1734,266,0.133,0.015745979636209086
1420,1710,290,0.145,0.015347060747775138
1570,1785,215,0.1075,0.01370328787633548
1542,1771,229,0.1145,0.014268123209664004
1518,1759,241,0.1205,0.015871157085933157
1446,1723,277,0.1385,0.01682950520041834
1586,1793,207,0.1035,0.01726683060943469
1528,1764,236,0.118,0.017632491113327
1486,1743,257,0.1285,0.021380716779246776
1468,1734,266,0.133,0.02014286506036297
1512,1756,244,0.122,0.021531200922360313
1516,1758,242,0.121,0.020862777666747212
1492,1746,254,0.127,0.020774923005463776
1594,1797,203,0.1015,0.01805547879489039
1572,1786,214,0.107,0.022088850633386763
1586,1793,207,0.1035,0.018211581368581392
1496,1748,252,0.126,0.023399381135357545
1604,1802,198,0.099,0.01864174035913311
1532,1766,234,0.117,0.02058308851479206
1544,1772,228,0.114,0.02283536043465474
1460,1730,270,0.135,0.026124708786062
1492,1746,254,0.127,0.021255944456957002
1522,1761,239,0.1195,0.020848610928485868
1600,1800,200,0.1,0.018247388613177463
1510,1755,245,0.1225,0.020835314286872745
1514,1757,243,0.1215,0.02211673775699456
1646,1823,177,0.0885,0.018629921600296157
1568,1784,216,0.108,0.021318728869312558
1564,1782,218,0.109,0.02194736237206962
1546,1773,227,0.1135,0.02171198361110874
1484,1742,258,0.129,0.02377764185835798
1546,1773,227,0.1135,0.022750998619245365
1572,1786,214,0.107,0.022106022020743694
1496,1748,252,0.126,0.024616414471296595
1558,1779,221,0.1105,0.021457559678412508
1498,1749,251,0.1255,0.024915599033397372
1554,1777,223,0.1115,0.020780395959114215
1430,1715,285,0.1425,0.025752599362458568
1538,1769,231,0.1155,0.024149665924604057
1444,1722,278,0.139,0.030378370023857407
1494,1747,253,0.1265,0.029561275443353224
1594,1797,203,0.1015,0.02920760026905509
1564,1782,218,0.109,0.024045181733439676
1552,1776,224,0.112,0.020821159463608636
1490,1745,255,0.1275,0.022926865412232645
1574,1787,213,0.1065,0.01624308792760712
1482,1741,259,0.1295,0.021723900209464773
1508,1754,246,0.123,0.022885954797908205
1538,1769,231,0.1155,0.020585935410112142
1482,1741,259,0.1295,0.024214919641704
1560,1780,220,0.11,0.0229102208436816
1530,1765,235,0.1175,0.01977311041684152
1524,1762,238,0.119,0.020943151326493107
1512,1756,244,0.122,0.019051460565184242
1616,1808,192,0.096,0.016568022344371835
1624,1812,188,0.094,0.016390463154297322
1506,1753,247,0.1235,0.018499462256440894
1606,1803,197,0.0985,0.017570481233269673
1522,1761,239,0.1195,0.02248187099993811
1532,1766,234,0.117,0.02103542555239983
1590,1795,205,0.1025,0.018317848896840586
1610,1805,195,0.0975,0.014206000692211092
1574,1787,213,0.1065,0.01774917565623764
1616,1808,192,0.096,0.015849833067506553
1492,1746,254,0.127,0.020550833619679566
1546,1773,227,0.1135,0.023194523287442287
1546,1773,227,0.1135,0.022449762612739507
1476,1738,262,0.131,0.021327916167472736
1478,1739,261,0.1305,0.023921108402020764
1522,1761,239,0.1195,0.025271222206996753
1552,1776,224,0.112,0.022761498023872263
1448,1724,276,0.138,0.02763804839589879
1536,1768,232,0.116,0.023266799194389023
1606,1803,197,0.0985,0.016876908121164887
1592,1796,204,0.102,0.01639806762419258
1552,1776,224,0.112,0.01764363544806838
1478,1739,261,0.1305,0.01930762417789083
1494,1747,253,0.1265,0.026730298880371265
1514,1757,243,0.1215,0.023415280236989928
1588,1794,206,0.103,0.021276129551231874
1488,1744,256,0.128,0.021639515086542816
1520,1760,240,0.12,0.01572956080082804
1582,1791,209,0.1045,0.013879326301859691
1544,1772,228,0.114,0.01659229958304786
1474,1737,263,0.1315,0.017952981349662913
1534,1767,233,0.1165,0.014307206025507184
1488,1744,256,0.128,0.017797903237573336
1562,1781,219,0.1095,0.023185829522321007
1548,1774,226,0.113,0.01903292687635917
1590,1795,205,0.1025,0.01671613997858367
1534,1767,233,0.1165,0.018535750840347944
1462,1731,269,0.1345,0.02265804642206058
1528,1764,236,0.118,0.019725667498219992
1520,1760,240,0.12,0.022241530334401155
1494,1747,253,0.1265,0.02994248602380685
1492,1746,254,0.127,0.018451519974041736
1514,1757,243,0.1215,0.0187999550216482
1564,1782,218,0.109,0.01707648798735903
1500,1750,250,0.125,0.01945623222096806
1566,1783,217,0.1085,0.018004116253310557
1534,1767,233,0.1165,0.019475689971935935
1562,1781,219,0.1095,0.01756702907650834
1574,1787,213,0.1065,0.019997572042862892
1486,1743,257,0.1285,0.024822729931725105
1474,1737,263,0.1315,0.02133771192643326
1510,1755,245,0.1225,0.021901491540484132
1428,1714,286,0.143,0.022900626023571364
1648,1824,176,0.088,0.018046329094679094
1544,1772,228,0.114,0.022893002579687162
1478,1739,261,0.1305,0.024502170272789135
1490,1745,255,0.1275,0.0261318751682411
1528,1764,236,0.118,0.022756548193704703
1526,1763,237,0.1185,0.027446839467753305
1550,1775,225,0.1125,0.026728284445254758
1530,1765,235,0.1175,0.026199981221672716
1532,1766,234,0.117,0.024053639748191927
1592,1796,204,0.102,0.02230088276648894
1514,1757,243,0.1215,0.02308835044216824
1502,1751,249,0.1245,0.023427972798800965
1470,1735,265,0.1325,0.024555687282747565
1610,1805,195,0.0975,0.019286287349881606
1636,1818,182,0.091,0.01964650752948364
1580,1790,210,0.105,0.01813261453417951
1596,1798,202,0.101,0.018056066668010316
1512,1756,244,0.122,0.022145083877428036
1494,1747,253,0.1265,0.02383271335784957
1512,1756,244,0.122,0.02091967972042039
1412,1706,294,0.147,0.023328061140491626
1546,1773,227,0.1135,0.022001831330464492
1562,1781,219,0.1095,0.022046045309049078
1608,1804,196,0.098,0.019179236517607934
1490,1745,255,0.1275,0.019169672889236607
1530,1765,235,0.1175,0.018214843173631166
1586,1793,207,0.1035,0.018594065119250453
1444,1722,278,0.139,0.022607657782093157
1622,1811,189,0.0945,0.021819250938098774
1592,1796,204,0.102,0.020874615560751417
1468,1734,266,0.133,0.023250479999471167
1560,1780,220,0.11,0.01910242793732324
1552,1776,224,0.112,0.022818014499265713
1484,1742,258,0.129,0.024564471984260535
1612,1806,194,0.097,0.02226793903572252
1456,1728,272,0.136,0.025774286375904922
1538,1769,231,0.1155,0.01836687894398347
1552,1776,224,0.112,0.018106645013371236
1510,1755,245,0.1225,0.019600204321644738
1504,1752,248,0.124,0.025907991974803486
1528,1764,236,0.118,0.02561226795124822
1486,1743,257,0.1285,0.024733075579551043
1426,1713,287,0.1435,0.023853822415258037
1568,1784,216,0.108,0.01902957908351275
1482,1741,259,0.1295,0.02080371294915677
1630,1815,185,0.0925,0.01745124262321042
1614,1807,193,0.0965,0.01737762252868174
1526,1763,237,0.1185,0.01911037082859548
1534,1767,233,0.1165,0.017743288698904507
1536,1768,232,0.116,0.02245152995875469
1488,1744,256,0.128,0.025901115319458767
1556,1778,222,0.111,0.028162283977976217
1466,1733,267,0.1335,0.026448049900354823
1566,1783,217,0.1085,0.01981777466193307
1512,1756,244,0.122,0.022107508193701504
1562,1781,219,0.1095,0.019735571706085517
1478,1739,261,0.1305,0.026375380615703763
1516,1758,242,0.121,0.027200074454536663
1592,1796,204,0.102,0.020922407410573215
1482,1741,259,0.1295,0.028457532041369495
1518,1759,241,0.1205,0.02414002032782264
1534,1767,233,0.1165,0.020558540519088987
1496,1748,252,0.126,0.026200864898426518
1486,1743,257,0.1285,0.027842285106891674
1522,1761,239,0.1195,0.02824745626657352
1474,1737,263,0.1315,0.02814929665961344
1506,1753,247,0.1235,0.02537019670580048
1456,1728,272,0.136,0.02603461157041602
1548,1774,226,0.113,0.021563455837420725
1470,1735,265,0.1325,0.028543601475073958
1536,1768,232,0.116,0.02748709980701097
1568,1784,216,0.108,0.027303213828971457
1656,1828,172,0.086,0.02187077372316344
1516,1758,242,0.121,0.02412454929239175
1562,1781,219,0.1095,0.025504505639779396
1542,1771,229,0.1145,0.02699402973338284
1448,1724,276,0.138,0.03188532863324508
1540,1770,230,0.115,0.032098141366383066
1504,1752,248,0.124,0.030094738784338
1518,1759,241,0.1205,0.02714918687992031
1596,1798,202,0.101,0.022908561545424165
1418,1709,291,0.1455,0.027814629481357413
1516,1758,242,0.121,0.02707697971042132
1492,1746,254,0.127,0.030653190782043625
1588,1794,206,0.103,0.02522124930407154
1606,1803,197,0.0985,0.020392620794688576
1638,1819,181,0.0905,0.02135738384214711
1470,1735,265,0.1325,0.029741282606057618
1536,1768,232,0.116,0.026557663658401
1522,1761,239,0.1195,0.03350923324655741
1540,1770,230,0.115,0.03294656582432883
1478,1739,261,0.1305,0.036889038368842504
1520,1760,240,0.12,0.03361235883650306
1558,1779,221,0.1105,0.03462404297292251
1542,1771,229,0.1145,0.0381791111866641
1534,1767,233,0.1165,0.038706421197921184
1556,1778,222,0.111,0.031309066220419485
1492,1746,254,0.127,0.03213684666492919
1528,1764,236,0.118,0.03100156946068189
1530,1765,235,0.1175,0.03038072094283598
1522,1761,239,0.1195,0.03420612828352614
1564,1782,218,0.109,0.0333891244055506
1540,1770,230,0.115,0.026729725586017602
1528,1764,236,0.118,0.026951983226202025
1536,1768,232,0.116,0.025849897082429393
1622,1811,189,0.0945,0.023637108061739128
1486,1743,257,0.1285,0.022872566730831764
1586,1793,207,0.1035,0.021363666923789423
1558,1779,221,0.1105,0.020176336574717426
1454,1727,273,0.1365,0.025766938333349663
1596,1798,202,0.101,0.023875774039278996
1440,1720,280,0.14,0.027245674912260483
1510,1755,245,0.1225,0.026258921912580262
1508,1754,246,0.123,0.024193927444983273
1502,1751,249,0.1245,0.029124077649416904
1516,1758,242,0.121,0.02728530008334201
1496,1748,252,0.126,0.028082665566005745
1510,1755,245,0.1225,0.024587891970877535
1586,1793,207,0.1035,0.020688230065881264
1564,1782,218,0.109,0.0224437100426294
1556,1778,222,0.111,0.02328068927777349
1552,1776,224,0.112,0.02519668452965563
1514,1757,243,0.1215,0.027079640727616493
1542,1771,229,0.1145,0.028303950432338753
1582,1791,209,0.1045,0.024799462218303234
1558,1779,221,0.1105,0.02196352909845284
1600,1800,200,0.1,0.022681345632649026
1554,1777,223,0.1115,0.027159308918319015
1502,1751,249,0.1245,0.029795531172230768
1470,1735,265,0.1325,0.03661266274955051
1554,1777,223,0.1115,0.030024038293255218
1494,1747,253,0.1265,0.03131938403171707
1522,1761,239,0.1195,0.033093193450593396
1504,1752,248,0.124,0.02551985398051329
1456,1728,272,0.136,0.026507282219881745
1528,1764,236,0.118,0.024653227046139363
1606,1803,197,0.0985,0.02174126935420874
1498,1749,251,0.1255,0.024321013663196937
1576,1788,212,0.106,0.020936093120020816
1656,1828,172,0.086,0.017312263988191263
1530,1765,235,0.1175,0.020211876889225096
1574,1787,213,0.1065,0.018604415631620214
1510,1755,245,0.1225,0.020416666791657916
1558,1779,221,0.1105,0.020781090122298337
1522,1761,239,0.1195,0.02328612784544823
1500,1750,250,0.125,0.025321791740899244
1546,1773,227,0.1135,0.024220737806463156
1542,1771,229,0.1145,0.022661766220743174
1570,1785,215,0.1075,0.021512519314186646
1582,1791,209,0.1045,0.019476971728494392
1546,1773,227,0.1135,0.025548098669562022
1478,1739,261,0.1305,0.02592344840283932
1494,1747,253,0.1265,0.029539651480458957
1486,1743,257,0.1285,0.029445959605276593
1540,1770,230,0.115,0.02586592698737514
1608,1804,196,0.098,0.019238804207649084
1542,1771,229,0.1145,0.01797519987716805
1536,1768,232,0.116,0.02464279136736877
1452,1726,274,0.137,0.025838987583614654
1492,1746,254,0.127,0.02604398473666515
1548,1774,226,0.113,0.02694274961447809
1540,1770,230,0.115,0.025374464314549868
1556,1778,222,0.111,0.02357588973758556
1456,1728,272,0.136,0.02397343139114674
1534,1767,233,0.1165,0.022096110321697778
1552,1776,224,0.112,0.024572578468141728
1514,1757,243,0.1215,0.025542940128332702
1506,1753,247,0.1235,0.025204083225973607
1520,1760,240,0.12,0.021149744222984736
1546,1773,227,0.1135,0.023740607387910586
1460,1730,270,0.135,0.02502131447038846
1510,1755,245,0.1225,0.026383931513410074
1528,1764,236,0.118,0.029213936419207363
1392,1696,304,0.152,0.028677406164657512
1572,1786,214,0.107,0.020425152073760736
1530,1765,235,0.1175,0.02173514473310206
1562,1781,219,0.1095,0.020070006146919697
1502,1751,249,0.1245,0.019857789968140423
1574,1787,213,0.1065,0.017470194084802642
1566,1783,217,0.1085,0.019172958205741452
1458,1729,271,0.1355,0.01957461874815637
1576,1788,212,0.106,0.0193778906755615
1506,1753,247,0.1235,0.019915593963989522
1448,1724,276,0.138,0.02103729715937516
1442,1721,279,0.1395,0.022886503269895917
1548,1774,226,0.113,0.01828848557692254
1534,1767,233,0.1165,0.01947375626837577
1592,1796,204,0.102,0.016343538702814867
1616,1808,192,0.096,0.014964461287541787
1478,1739,261,0.1305,0.023945234407437965
1488,1744,256,0.128,0.026880148967949033
1454,1727,273,0.1365,0.02788249787829409
1578,1789,211,0.1055,0.027184164453938137
1520,1760,240,0.12,0.027113302190031562
1438,1719,281,0.1405,0.02665319033921697
1498,1749,251,0.1255,0.020557902589091098
1546,1773,227,0.1135,0.019777906492585318
1518,1759,241,0.1205,0.021046204058569856
1542,1771,229,0.1145,0.018213543776015285
1544,1772,228,0.114,0.018014983090834845
1590,1795,205,0.1025,0.014836388503958006
1486,1743,257,0.1285,0.01888671223336133
1510,1755,245,0.1225,0.019588575891102664
1584,1792,208,0.104,0.020645808364701233
1430,1715,285,0.1425,0.022355491182999686
1640,1820,180,0.09,0.016188048774842173
1516,1758,242,0.121,0.019443118534865796
1524,1762,238,0.119,0.016311444260350305
1528,1764,236,0.118,0.015000832509627799
1518,1759,241,0.1205,0.020086000199778943
1444,1722,278,0.139,0.01873942166112829
1542,1771,229,0.1145,0.017588030951053952
1536,1768,232,0.116,0.023378137977786536
1416,1708,292,0.146,0.024112778022245037
1568,1784,216,0.108,0.024576541428062683
1434,1717,283,0.1415,0.0240269691674323
1508,1754,246,0.123,0.020061201376491228
1564,1782,218,0.109,0.01813900822389405
1546,1773,227,0.1135,0.01848518731689547
1504,1752,248,0.124,0.020190640847044052
1608,1804,196,0.098,0.013966264005651737
1548,1774,226,0.113,0.01847371067525819
1534,1767,233,0.1165,0.016434835662716075
1526,1763,237,0.1185,0.016607891937717795
1468,1734,266,0.133,0.020683483218621405
1484,1742,258,0.129,0.021697322798660025
1462,1731,269,0.1345,0.022555840689558366
1638,1819,181,0.0905,0.017135710497444962
1500,1750,250,0.125,0.017760405928886044
1610,1805,195,0.0975,0.016636416014516733
1514,1757,243,0.1215,0.017646971399363266
1494,1747,253,0.1265,0.019238799020204807
1564,1782,218,0.109,0.01791447348811198
1560,1780,220,0.11,0.017551795724313705
1614,1807,193,0.0965,0.016107938989125842
1430,1715,285,0.1425,0.019602287420340887
1506,1753,247,0.1235,0.018197266528444403
1544,1772,228,0.114,0.01974165201943834
1576,1788,212,0.106,0.01588019696518313
1510,1755,245,0.1225,0.019940686972993723
1492,1746,254,0.127,0.01813522651103267
1516,1758,242,0.121,0.014773290534387343
1610,1805,195,0.0975,0.01754682223114651
1416,1708,292,0.146,0.01854153021494858
1536,1768,232,0.116,0.021842103396193125
1472,1736,264,0.132,0.020188227408449166
1530,1765,235,0.1175,0.017271755830268375
1524,1762,238,0.119,0.017299319238595224
1430,1715,285,0.1425,0.0194643295132264
1500,1750,250,0.125,0.02064678560185734
1568,1784,216,0.108,0.017712717979331508
1548,1774,226,0.113,0.016651213492790702
1572,1786,214,0.107,0.018152997637283987
1578,1789,211,0.1055,0.01777251399686544
1498,1749,251,0.1255,0.021106745440869417
1520,1760,240,0.12,0.019727575207012706
1544,1772,228,0.114,0.016372836480208208
1570,1785,215,0.1075,0.015497196063632146
1490,1745,255,0.1275,0.014281138429651037
1540,1770,230,0.115,0.01714282568007593
1478,1739,261,0.1305,0.019614352436110545
1470,1735,265,0.1325,0.019081448890821782
1492,1746,254,0.127,0.019340129028423695
1576,1788,212,0.106,0.018828275071224206
1562,1781,219,0.1095,0.016192404429079033
1530,1765,235,0.1175,0.016692170920788726
1558,1779,221,0.1105,0.01553169190618064
1524,1762,238,0.119,0.016646780170674908
1474,1737,263,0.1315,0.019660738141022895
1510,1755,245,0.1225,0.023232136719714618
1524,1762,238,0.119,0.020383133078339596
1490,1745,255,0.1275,0.02182835432504367
1558,1779,221,0.1105,0.020118022296519485
1550,1775,225,0.1125,0.014784097267433346
1518,1759,241,0.1205,0.01882731617492212
1488,1744,256,0.128,0.016633945195659187
1548,1774,226,0.113,0.01876084727741645
1584,1792,208,0.104,0.018087468246318166
1474,1737,263,0.1315,0.024714742478216065
1576,1788,212,0.106,0.020138287457938362
1498,1749,251,0.1255,0.019986018989467995
1590,1795,205,0.1025,0.01943274325306993
1514,1757,243,0.1215,0.021764690258780077
1494,1747,253,0.1265,0.020943876843783075
1476,1738,262,0.131,0.021168023110537584
1592,1796,204,0.102,0.01817158686398034
1440,1720,280,0.14,0.024213940384914166
1460,1730,270,0.135,0.023364587553485763
1488,1744,256,0.128,0.02614200023910962
1480,1740,260,0.13,0.019942557227470396
1544,1772,228,0.114,0.021533938398405034
1532,1766,234,0.117,0.02032972558203619
1482,1741,259,0.1295,0.02084472481987905
1554,1777,223,0.1115,0.016881705981097183
1550,1775,225,0.1125,0.018575042432756164
1572,1786,214,0.107,0.01815308675015811
1528,1764,236,0.118,0.016605002218624123
1512,1756,244,0.122,0.01576519011592609
1518,1759,241,0.1205,0.01759254123819121
1600,1800,200,0.1,0.014369543911921029
1518,1759,241,0.1205,0.014882734308892403
1534,1767,233,0.1165,0.01533621212514118
1534,1767,233,0.1165,0.015153556721372304
1534,1767,233,0.1165,0.013405599392484873
1510,1755,245,0.1225,0.015127858238120098
1552,1776,224,0.112,0.01388061238086084
1494,1747,253,0.1265,0.018519298582017847
1580,1790,210,0.105,0.01442610020301072
1566,1783,217,0.1085,0.011884301537764258
1518,1759,241,0.1205,0.016896771275962237
1552,1776,224,0.112,0.014664931386709214
1546,1773,227,0.1135,0.016082428855627166
1504,1752,248,0.124,0.014958481527270138
1502,1751,249,0.1245,0.016033207834139297
1554,1777,223,0.1115,0.015332029141270163
1500,1750,250,0.125,0.01594715781854495
1458,1729,271,0.1355,0.020921148270846686
1574,1787,213,0.1065,0.012639034649047972
1472,1736,264,0.132,0.01520503679808462
1540,1770,230,0.115,0.01320067251997535
1656,1828,172,0.086,0.008531450421673468
1608,1804,196,0.098,0.010076108604873298
1570,1785,215,0.1075,0.011157520969886718
1590,1795,205,0.1025,0.01096376974019222
1512,1756,244,0.122,0.015476345842354931
1476,1738,262,0.131,0.015894227087928835
1504,1752,248,0.124,0.017158911262102266
1544,1772,228,0.114,0.015499814965121005
1544,1772,228,0.114,0.013985835704072087
1482,1741,259,0.1295,0.015166588416873714
1490,1745,255,0.1275,0.014674885378078671
1594,1797,203,0.1015,0.015209099859672563
1658,1829,171,0.0855,0.010417107783665416
1594,1797,203,0.1015,0.012541633655609117
1624,1812,188,0.094,0.009882437442700592
1524,1762,238,0.119,0.012119551746625632
1500,1750,250,0.125,0.012651972005609424
1526,1763,237,0.1185,0.013441330163564998
1540,1770,230,0.115,0.016391821267461026
1410,1705,295,0.1475,0.01932448632625166
1456,1728,272,0.136,0.01746544350887209
1656,1828,172,0.086,0.01181564026640298
1488,1744,256,0.128,0.012327767112932634
1550,1775,225,0.1125,0.012063092376396526
1402,1701,299,0.1495,0.015022087119198203
1608,1804,196,0.098,0.011354636923759251
1500,1750,250,0.125,0.014066792103705665
1528,1764,236,0.118,0.014496485760827347
1606,1803,197,0.0985,0.01186421032645012
1486,1743,257,0.1285,0.013127137707080691
1554,1777,223,0.1115,0.0116996588591428
1576,1788,212,0.106,0.012359975429309998
1534,1767,233,0.1165,0.016683104193041805
1530,1765,235,0.1175,0.015100460994652167
1564,1782,218,0.109,0.015051053584935843
1496,1748,252,0.126,0.014944891971230391
1588,1794,206,0.103,0.012755672831757693
1522,1761,239,0.1195,0.017576958859950538
1534,1767,233,0.1165,0.01779181524585833
1480,1740,260,0.13,0.01951873541448731
1508,1754,246,0.123,0.016377562437731634
1500,1750,250,0.125,0.01617002629267504
1560,1780,220,0.11,0.018222558728419245
1504,1752,248,0.124,0.01900156406885238
1476,1738,262,0.131,0.019123827843228355
1530,1765,235,0.1175,0.016149626951868414
1494,1747,253,0.1265,0.016912143174326048
1520,1760,240,0.12,0.017430926029162946
1528,1764,236,0.118,0.013206840717438354
1558,1779,221,0.1105,0.011852056941746852
1514,1757,243,0.1215,0.01208105205191987
1590,1795,205,0.1025,0.01024661353977217
1506,1753,247,0.1235,0.015061487707644119
1546,1773,227,0.1135,0.012382807787798811
1458,1729,271,0.1355,0.01502629167761188
1592,1796,204,0.102,0.013160577722599782
1556,1778,222,0.111,0.010019061549159233
1544,1772,228,0.114,0.011251145896778326
1486,1743,257,0.1285,0.014196356228989316
1600,1800,200,0.1,0.010756798478359812
1514,1757,243,0.1215,0.01288945368945133
1442,1721,279,0.1395,0.013558816350705456
1536,1768,232,0.116,0.013103540784359212
1564,1782,218,0.109,0.011629428036605539
1500,1750,250,0.125,0.01582660398236476
1500,1750,250,0.125,0.013981946118801715
1538,1769,231,0.1155,0.01399097363522742
1524,1762,238,0.119,0.0136441981173557
1546,1773,227,0.1135,0.012405240662454162
1512,1756,244,0.122,0.01569589980703313
1566,1783,217,0.1085,0.014756748970597982
1508,1754,246,0.123,0.015106264827976702
1486,1743,257,0.1285,0.013065594867264736
1550,1775,225,0.1125,0.012304086231892143
1528,1764,236,0.118,0.011941159911861178
1540,1770,230,0.115,0.013111907685859478
1600,1800,200,0.1,0.013276212485116958
1484,1742,258,0.129,0.013477159438094532
1496,1748,252,0.126,0.013416228087822673
1616,1808,192,0.096,0.010394638115540146
1580,1790,210,0.105,0.011727267695794581
1510,1755,245,0.1225,0.012645003959565656
1552,1776,224,0.112,0.014004406365915201
1532,1766,234,0.117,0.012136538012680838
1552,1776,224,0.112,0.013819223237695936
1554,1777,223,0.1115,0.014426166015909984
1394,1697,303,0.1515,0.023680669920926448
1524,1762,238,0.119,0.013647626480611514
1542,1771,229,0.1145,0.016301353702367308
1520,1760,240,0.12,0.012045692724554101
1530,1765,235,0.1175,0.012510549673850561
1446,1723,277,0.1385,0.012408469898975455
1596,1798,202,0.101,0.012092153749719729
1612,1806,194,0.097,0.011300619124769583
1566,1783,217,0.1085,0.0109482365459262
1638,1819,181,0.0905,0.00970769015105907
1536,1768,232,0.116,0.009791621938958998
1598,1799,201,0.1005,0.011067043547998765
1478,1739,261,0.1305,0.01411773594934494
1556,1778,222,0.111,0.012512504670143244
1512,1756,244,0.122,0.01769810013543101
1524,1762,238,0.119,0.01434103140320412
1500,1750,250,0.125,0.013791575857088902
1596,1798,202,0.101,0.01207388651897503
1546,1773,227,0.1135,0.01255575088574551
1536,1768,232,0.116,0.014028551970252011
1548,1774,226,0.113,0.014827897492371449
1542,1771,229,0.1145,0.014418331675428817
1566,1783,217,0.1085,0.011079161706962623
1500,1750,250,0.125,0.011561511330340196
1638,1819,181,0.0905,0.011196417127066524
1604,1802,198,0.099,0.011784728611382888
1468,1734,266,0.133,0.014733258516251227
1510,1755,245,0.1225,0.01417342693755154
1560,1780,220,0.11,0.013746030520007488
1572,1786,214,0.107,0.01466643603389982
1496,1748,252,0.126,0.015977527278686475
1548,1774,226,0.113,0.014247252748522442
1550,1775,225,0.1125,0.015595994448522894
1490,1745,255,0.1275,0.016017021240215406
1518,1759,241,0.1205,0.016786233812652426
1430,1715,285,0.1425,0.023165707228909014
1420,1710,290,0.145,0.01912078933622979
1570,1785,215,0.1075,0.01772749538178323
1562,1781,219,0.1095,0.019817671738157513
1532,1766,234,0.117,0.017063580691814424
1624,1812,188,0.094,0.013453367799054832
1500,1750,250,0.125,0.016858703111793147
1534,1767,233,0.1165,0.015696745150630114
1554,1777,223,0.1115,0.018278191393823362
1570,1785,215,0.1075,0.01717792945689871
1524,1762,238,0.119,0.01624952837463934
1562,1781,219,0.1095,0.015824480624462012
1554,1777,223,0.1115,0.015817462514853105
1580,1790,210,0.105,0.015210661058548802
1526,1763,237,0.1185,0.016274263287778014
1504,1752,248,0.124,0.018394032142939977
1532,1766,234,0.117,0.015112795060125792
1604,1802,198,0.099,0.014324459885829128
1570,1785,215,0.1075,0.014545441715396009
1586,1793,207,0.1035,0.014547080894408282
1530,1765,235,0.1175,0.015373541755135462
1630,1815,185,0.0925,0.015369139425107278
1528,1764,236,0.118,0.01756157561915461
1560,1780,220,0.11,0.016030339721155223
1540,1770,230,0.115,0.015519447299760415
1562,1781,219,0.1095,0.017605384612328925
1584,1792,208,0.104,0.015259694499807665
1586,1793,207,0.1035,0.020970643261680386
1474,1737,263,0.1315,0.02841785096227965
1526,1763,237,0.1185,0.022106890228402336
1490,1745,255,0.1275,0.022502970455352624
1596,1798,202,0.101,0.014260884474904742
1530,1765,235,0.1175,0.020588244004989976
1602,1801,199,0.0995,0.017682416148318423
1484,1742,258,0.129,0.021929051157621705
1512,1756,244,0.122,0.023230896550798207
1590,1795,205,0.1025,0.0237164167012088
1460,1730,270,0.135,0.027791744315298274
1546,1773,227,0.1135,0.027215770918560558
1532,1766,234,0.117,0.02766255960583453
1440,1720,280,0.14,0.030471217938465998
1598,1799,201,0.1005,0.027410854529822247
1470,1735,265,0.1325,0.030445515791419894
1544,1772,228,0.114,0.026442716075569712
1538,1769,231,0.1155,0.02319190054491628
1518,1759,241,0.1205,0.024078375461278483
1484,1742,258,0.129,0.023575684448288853
1594,1797,203,0.1015,0.024816178385633974
1554,1777,223,0.1115,0.025359362310962752
1548,1774,226,0.113,0.024018322568619625
1496,1748,252,0.126,0.02834372649466957
1472,1736,264,0.132,0.02808293545791485
1498,1749,251,0.1255,0.03084735613851809
1628,1814,186,0.093,0.026600318748038268
1590,1795,205,0.1025,0.025244453090999742
1464,1732,268,0.134,0.026222139062505617
1538,1769,231,0.1155,0.02272528238419909
1478,1739,261,0.1305,0.027485043016728015
1512,1756,244,0.122,0.02797063424851924
1440,1720,280,0.14,0.03146436944312882
1526,1763,237,0.1185,0.02646613045677078
1508,1754,246,0.123,0.02581916251848452
1432,1716,284,0.142,0.02539131134668424
1598,1799,201,0.1005,0.022945496071004535
1562,1781,219,0.1095,0.02852442665003312
1484,1742,258,0.129,0.0325875072520578
1428,1714,286,0.143,0.035118668422801425
1548,1774,226,0.113,0.032623983252502514
1482,1741,259,0.1295,0.03232790181506425
1458,1729,271,0.1355,0.03338955843704752
1540,1770,230,0.115,0.02701610430658912
1536,1768,232,0.116,0.024049209573073313
1508,1754,246,0.123,0.0234125568842137
1566,1783,217,0.1085,0.02111490930902073
1568,1784,216,0.108,0.024374080709974152
1456,1728,272,0.136,0.022025483559700666
1486,1743,257,0.1285,0.023849219626594278
1590,1795,205,0.1025,0.01828941800669054
1468,1734,266,0.133,0.018705076738116985
1586,1793,207,0.1035,0.017110356489894913
1502,1751,249,0.1245,0.02232623686961597
1518,1759,241,0.1205,0.022094132189559117
1488,1744,256,0.128,0.02374230580101721
1544,1772,228,0.114,0.01972407291433774
1596,1798,202,0.101,0.01695111615292262
1598,1799,201,0.1005,0.01813228629174708
1590,1795,205,0.1025,0.017375239552140563
1532,1766,234,0.117,0.016103421992622317
1612,1806,194,0.097,0.01640203449389083
1522,1761,239,0.1195,0.018364398234387187
1544,1772,228,0.114,0.020199559411528754
1508,1754,246,0.123,0.016792689716702624
1500,1750,250,0.125,0.022971124183270148
1522,1761,239,0.1195,0.021039550881936656
1598,1799,201,0.1005,0.016927796289371435
1598,1799,201,0.1005,0.015186492806649767
1566,1783,217,0.1085,0.015271992912981659
1476,1738,262,0.131,0.01630337356182281
1536,1768,232,0.116,0.01579956776002655
1546,1773,227,0.1135,0.018180084423860536
1550,1775,225,0.1125,0.017805575042148122
1576,1788,212,0.106,0.016510205360944382
1542,1771,229,0.1145,0.016320313121628714
1568,1784,216,0.108,0.015793255452183075
1416,1708,292,0.146,0.02098767309098912
1530,1765,235,0.1175,0.0200196537501472
1512,1756,244,0.122,0.019674141271738336
1576,1788,212,0.106,0.020485872456803916
1494,1747,253,0.1265,0.02585582076420542
1584,1792,208,0.104,0.02236189658206422
1614,1807,193,0.0965,0.02291388894510252
1528,1764,236,0.118,0.020564074485795572
1566,1783,217,0.1085,0.02003970318182837
1516,1758,242,0.121,0.02235502289060969
1552,1776,224,0.112,0.022080691224003204
1538,1769,231,0.1155,0.026361212974137745
1576,1788,212,0.106,0.02397342493350152
1482,1741,259,0.1295,0.025325375201005956
1534,1767,233,0.1165,0.02516932155028917
1530,1765,235,0.1175,0.027877777318371044
1544,1772,228,0.114,0.03344441151432693
1552,1776,224,0.112,0.028405289868125693
1590,1795,205,0.1025,0.028787135234873702
1468,1734,266,0.133,0.031948175438634735
1448,1724,276,0.138,0.040747680573258546
1474,1737,263,0.1315,0.041768938825963456
1548,1774,226,0.113,0.03725890270366654
1524,1762,238,0.119,0.03656278792768717
1510,1755,245,0.1225,0.03266812595585361
1556,1778,222,0.111,0.03241310947792436
1478,1739,261,0.1305,0.03492336218887067
1426,1713,287,0.1435,0.03911360031618989
1486,1743,257,0.1285,0.03433820487675257
1524,1762,238,0.119,0.035335011257685435
1510,1755,245,0.1225,0.03509308805759065
1560,1780,220,0.11,0.03285627081757411
1494,1747,253,0.1265,0.030449394725030287
1572,1786,214,0.107,0.03083714657218661
1546,1773,227,0.1135,0.030167945047374814
1562,1781,219,0.1095,0.03332383336825296
1552,1776,224,0.112,0.034704607609426605
1478,1739,261,0.1305,0.03901166873826878
1444,1722,278,0.139,0.04031820971379057
1456,1728,272,0.136,0.042993369571398946
1528,1764,236,0.118,0.039267922822444234
1642,1821,179,0.0895,0.03191416228655726
1514,1757,243,0.1215,0.034435575130512014
1542,1771,229,0.1145,0.028677613433683292
1498,1749,251,0.1255,0.031210857355035843
1528,1764,236,0.118,0.02983964509906946
1574,1787,213,0.1065,0.027972600074717774
1540,1770,230,0.115,0.02689531164907385
1506,1753,247,0.1235,0.027426658366644915
1530,1765,235,0.1175,0.029171731145267814
1524,1762,238,0.119,0.03309131584344123
1520,1760,240,0.12,0.035524930440609295
1536,1768,232,0.116,0.0331469145466399
1564,1782,218,0.109,0.032589899961429185
1548,1774,226,0.113,0.03040248235728359
1560,1780,220,0.11,0.031988474173704165
1504,1752,248,0.124,0.033991860021429614
1580,1790,210,0.105,0.028558506083686593
1572,1786,214,0.107,0.030701041121734305
1602,1801,199,0.0995,0.028647507429588586
1538,1769,231,0.1155,0.03746200076630339
1548,1774,226,0.113,0.03919663845897426
1548,1774,226,0.113,0.03786013619002876
1580,1790,210,0.105,0.03486483703646809
1556,1778,222,0.111,0.028701510117622092
1580,1790,210,0.105,0.027715434236219152
1490,1745,255,0.1275,0.02967445712722852
1570,1785,215,0.1075,0.02722666403874777
1522,1761,239,0.1195,0.031070720716612415
1498,1749,251,0.1255,0.021115801742533222
1572,1786,214,0.107,0.020323259020340628
1540,1770,230,0.115,0.01995733211830521
1606,1803,197,0.0985,0.016283330079517336
1448,1724,276,0.138,0.02080284302990185
1546,1773,227,0.1135,0.017385721294908094
1562,1781,219,0.1095,0.0175047178597888
1586,1793,207,0.1035,0.01368948068114696
1488,1744,256,0.128,0.01849790197319817
1514,1757,243,0.1215,0.016290049461182208
1592,1796,204,0.102,0.01522667962498599
1518,1759,241,0.1205,0.017200047854712474
1556,1778,222,0.111,0.015560493122087791
1582,1791,209,0.1045,0.01309628644303831
1456,1728,272,0.136,0.016736900738746043
1526,1763,237,0.1185,0.015841173274442552
1488,1744,256,0.128,0.018840263383055573
1472,1736,264,0.132,0.02529559194786271
1546,1773,227,0.1135,0.01735882300235795
1590,1795,205,0.1025,0.016385276081156915
1580,1790,210,0.105,0.015263119895796998
1500,1750,250,0.125,0.01763832939392887
1512,1756,244,0.122,0.017438087329268454
1606,1803,197,0.0985,0.013245682270440746
1570,1785,215,0.1075,0.014134548610514138
1568,1784,216,0.108,0.016845333445467993
1484,1742,258,0.129,0.015899625690770334
1622,1811,189,0.0945,0.01634923111158423
1518,1759,241,0.1205,0.018672083368654058
1564,1782,218,0.109,0.016666850160131162
1516,1758,242,0.121,0.01764942065894138
1558,1779,221,0.1105,0.01881100550091651
1458,1729,271,0.1355,0.016395942203875167
1514,1757,243,0.1215,0.01794060930702836
1564,1782,218,0.109,0.016000494950683803
1516,1758,242,0.121,0.01791569524013903
1516,1758,242,0.121,0.020934313314734027
1462,1731,269,0.1345,0.024338343815063126
1432,1716,284,0.142,0.025578401852632146
1488,1744,256,0.128,0.023143494685641287
1486,1743,257,0.1285,0.019182288703832456
1568,1784,216,0.108,0.01847383421380073
1572,1786,214,0.107,0.01815315347351134
1520,1760,240,0.12,0.02060162848624896
1632,1816,184,0.092,0.02063868427697254
1482,1741,259,0.1295,0.024314502390276174
1540,1770,230,0.115,0.022784772124622463
1456,1728,272,0.136,0.024533947549643935
1576,1788,212,0.106,0.020350805894035148
1510,1755,245,0.1225,0.02392377243109516
1550,1775,225,0.1125,0.02026267721457407
1532,1766,234,0.117,0.023647672506631353
1440,1720,280,0.14,0.02836495677070343
1442,1721,279,0.1395,0.026174354792431374
1482,1741,259,0.1295,0.02835735788854005
1598,1799,201,0.1005,0.020240026261046297
1522,1761,239,0.1195,0.01608019394287203
1550,1775,225,0.1125,0.015620198862423423
1496,1748,252,0.126,0.016834810654834654
1538,1769,231,0.1155,0.015893530219153035
1516,1758,242,0.121,0.016428942247204474
1506,1753,247,0.1235,0.01649177975577186
1512,1756,244,0.122,0.016280018907622436
1562,1781,219,0.1095,0.017207443131424954
1490,1745,255,0.1275,0.021822354428528343
1390,1695,305,0.1525,0.023392533944673083
1656,1828,172,0.086,0.01733718115277363
1620,1810,190,0.095,0.015382030891578325
1540,1770,230,0.115,0.018804092486243464
1576,1788,212,0.106,0.01812346337651252
1480,1740,260,0.13,0.01752182448718594
1508,1754,246,0.123,0.020655668196268386
1574,1787,213,0.1065,0.02085503190034069
1474,1737,263,0.1315,0.02069605599026545
1586,1793,207,0.1035,0.02066005892295107
1554,1777,223,0.1115,0.020356094248854796
1480,1740,260,0.13,0.02023281403584406
1538,1769,231,0.1155,0.0181197779175127
1486,1743,257,0.1285,0.01784319928259356
1580,1790,210,0.105,0.015930703704016197
1474,1737,263,0.1315,0.018201903311314025
1584,1792,208,0.104,0.016933027519437018
1540,1770,230,0.115,0.016990922444138277
1528,1764,236,0.118,0.016438928512856364
1608,1804,196,0.098,0.014135597101179315
1586,1793,207,0.1035,0.013583304201386405
1552,1776,224,0.112,0.013981715661488123
1540,1770,230,0.115,0.015052116132465017
1568,1784,216,0.108,0.018061428392655215
1504,1752,248,0.124,0.020144515791314467
1530,1765,235,0.1175,0.020260332030942664
1564,1782,218,0.109,0.01839081262628315
1514,1757,243,0.1215,0.019785277051909363
1508,1754,246,0.123,0.01864768482930959
1470,1735,265,0.1325,0.02045088135482365
1548,1774,226,0.113,0.01985813420970226
1556,1778,222,0.111,0.01528187072777655
1542,1771,229,0.1145,0.014460879937949358
1442,1721,279,0.1395,0.016343260523361096
1508,1754,246,0.123,0.01565223776298808
1544,1772,228,0.114,0.014143627256720479
1520,1760,240,0.12,0.014197538579406683
1492,1746,254,0.127,0.014272960767295444
1530,1765,235,0.1175,0.01257817161519779
1610,1805,195,0.0975,0.015022693901640353
1600,1800,200,0.1,0.012167270370176994
1562,1781,219,0.1095,0.011065334753016942
1582,1791,209,0.1045,0.013105782311864466
1514,1757,243,0.1215,0.010146587067632936
1578,1789,211,0.1055,0.009661513786326395
1676,1838,162,0.081,0.008377320475341548
1620,1810,190,0.095,0.009373393440619111
1548,1774,226,0.113,0.0101497619758593
1496,1748,252,0.126,0.011774481012602337
1546,1773,227,0.1135,0.0100888321591774
1546,1773,227,0.1135,0.01100482774773792
1530,1765,235,0.1175,0.010116540717426688
1576,1788,212,0.106,0.010985246391541295
1570,1785,215,0.1075,0.009125887647038325
1468,1734,266,0.133,0.009817581075243652
1468,1734,266,0.133,0.014108587711404198
1628,1814,186,0.093,0.010328225084785281
1548,1774,226,0.113,0.011187613158428577
1506,1753,247,0.1235,0.011743283210933441
1588,1794,206,0.103,0.010921588888273626
1462,1731,269,0.1345,0.012762810938908388
1458,1729,271,0.1355,0.013077032386849168
1484,1742,258,0.129,0.011874200855731033
1558,1779,221,0.1105,0.011285331461054739
1500,1750,250,0.125,0.01128651628102029
1486,1743,257,0.1285,0.0106139752395787
1540,1770,230,0.115,0.010840179087041178
1532,1766,234,0.117,0.013271195697656366
1488,1744,256,0.128,0.01509725159877567
1446,1723,277,0.1385,0.014759316604779088
1534,1767,233,0.1165,0.01285573066524627
1462,1731,269,0.1345,0.012320466533498355
1536,1768,232,0.116,0.011016516745265107
1510,1755,245,0.1225,0.01109529223293066
1508,1754,246,0.123,0.010199934150470654
1542,1771,229,0.1145,0.008442558186681744
1482,1741,259,0.1295,0.008856228309470807
1602,1801,199,0.0995,0.0084555359157157
1510,1755,245,0.1225,0.009534572041554383
1452,1726,274,0.137,0.009183615290618036
1468,1734,266,0.133,0.007759122172428768
1524,1762,238,0.119,0.007694764580606716
1612,1806,194,0.097,0.0074501542256111865
1516,1758,242,0.121,0.006246607694847626
1594,1797,203,0.1015,0.0061805277460516665
1530,1765,235,0.1175,0.006155705377750564
1514,1757,243,0.1215,0.006961021802533651
1514,1757,243,0.1215,0.0072022344081196935
1534,1767,233,0.1165,0.006605695015852689
1576,1788,212,0.106,0.0067367355752649015
1584,1792,208,0.104,0.005859396147332582
1434,1717,283,0.1415,0.008636420287701185
1526,1763,237,0.1185,0.008802061413764023
1588,1794,206,0.103,0.008394175061432179
1524,1762,238,0.119,0.010106828906456939
1414,1707,293,0.1465,0.008572289672854823
1538,1769,231,0.1155,0.007532954646236888
1528,1764,236,0.118,0.006982658433145843
1520,1760,240,0.12,0.007340772681374801
1612,1806,194,0.097,0.005522015252965503
1630,1815,185,0.0925,0.006267657011965639
1544,1772,228,0.114,0.006149902665408263
1536,1768,232,0.116,0.005738449896729435
1450,1725,275,0.1375,0.008465476090132143
1558,1779,221,0.1105,0.009046993460156956
1478,1739,261,0.1305,0.009796895131730708
1546,1773,227,0.1135,0.008557130077737384
1532,1766,234,0.117,0.00709466628471273
1530,1765,235,0.1175,0.00652141390516772
1508,1754,246,0.123,0.007291768160215732
1532,1766,234,0.117,0.007045045324775856
1454,1727,273,0.1365,0.009029291303770151
1488,1744,256,0.128,0.008189017637758752
1496,1748,252,0.126,0.008498364535917062
1520,1760,240,0.12,0.007439156743159401
1472,1736,264,0.132,0.006999631114136946
1480,1740,260,0.13,0.0060310410210204285
1630,1815,185,0.0925,0.005475201930239564
1654,1827,173,0.0865,0.00477688419331389
1504,1752,248,0.124,0.006587004015600541
1520,1760,240,0.12,0.006033202921011252
1536,1768,232,0.116,0.0062726480815545075
1572,1786,214,0.107,0.006032694656460081
1494,1747,253,0.1265,0.007422861092403764
1544,1772,228,0.114,0.006027465028208098
1558,1779,221,0.1105,0.00609959083571448
1480,1740,260,0.13,0.00637258974800352
1488,1744,256,0.128,0.007372019456553971
1498,1749,251,0.1255,0.008294582733156858
1506,1753,247,0.1235,0.007841700220771599
1482,1741,259,0.1295,0.00815701284314855
1568,1784,216,0.108,0.006062566134952249
1460,1730,270,0.135,0.006273700964782656
1446,1723,277,0.1385,0.0074387577622096685
1546,1773,227,0.1135,0.007111468758419505
1566,1783,217,0.1085,0.0073206834023876585
1580,1790,210,0.105,0.006636541144689545
1462,1731,269,0.1345,0.006241584488219814
1604,1802,198,0.099,0.005409375103935986
1616,1808,192,0.096,0.005187328188592879
1570,1785,215,0.1075,0.006521886023984564
1520,1760,240,0.12,0.007085174928659257
1546,1773,227,0.1135,0.005944300274655688
1476,1738,262,0.131,0.006276945499994326
1560,1780,220,0.11,0.005166846431005979
1476,1738,262,0.131,0.00656774684911943
1490,1745,255,0.1275,0.007991126289956796
1534,1767,233,0.1165,0.005161720413481816
1532,1766,234,0.117,0.004886695280089043
1588,1794,206,0.103,0.004810847001353977
1548,1774,226,0.113,0.004623201791197061
1564,1782,218,0.109,0.004550014779480989
1578,1789,211,0.1055,0.005817892334336648
1510,1755,245,0.1225,0.0053714868082461184
1566,1783,217,0.1085,0.004401416314067319
1588,1794,206,0.103,0.008256499647141027
1494,1747,253,0.1265,0.00506610614461534
1522,1761,239,0.1195,0.006232347606510302
1496,1748,252,0.126,0.006491935200785519
1616,1808,192,0.096,0.003971664913636232
1626,1813,187,0.0935,0.004522050824374681
1426,1713,287,0.1435,0.006926862417873977
1570,1785,215,0.1075,0.004528293836829114
1484,1742,258,0.129,0.006002455438014294
1524,1762,238,0.119,0.005864648003000184
1528,1764,236,0.118,0.0052267406032478906
1504,1752,248,0.124,0.00559582063324342
1516,1758,242,0.121,0.006995363817550256
1444,1722,278,0.139,0.010067517778166803
1568,1784,216,0.108,0.005472662076570032
1558,1779,221,0.1105,0.005817345435265459
1482,1741,259,0.1295,0.007785511942476056
1468,1734,266,0.133,0.007020517580260517
1546,1773,227,0.1135,0.008124005647405284
1572,1786,214,0.107,0.006535150281480128
1508,1754,246,0.123,0.005199933936135494
1532,1766,234,0.117,0.006274621115207083
1658,1829,171,0.0855,0.004458234002758217
1490,1745,255,0.1275,0.007343443046453103
1562,1781,219,0.1095,0.005593146203333163
1566,1783,217,0.1085,0.006209264960285509
1442,1721,279,0.1395,0.008485969888104598
1502,1751,249,0.1245,0.006701212318350826
1580,1790,210,0.105,0.0049935462168265235
1574,1787,213,0.1065,0.006352717607282109
1444,1722,278,0.139,0.009579366173260497
1604,1802,198,0.099,0.004474647408411329
1478,1739,261,0.1305,0.009284272181982665
1554,1777,223,0.1115,0.006066117266047513
1500,1750,250,0.125,0.009083797521554516
1624,1812,188,0.094,0.008253024981444475
1542,1771,229,0.1145,0.006885174248105613
1518,1759,241,0.1205,0.007848316482130947
1510,1755,245,0.1225,0.007037541125959251
1532,1766,234,0.117,0.007025058258266661
1466,1733,267,0.1335,0.011678456384659513
1504,1752,248,0.124,0.014136244227032876
1470,1735,265,0.1325,0.011368844688724494
1484,1742,258,0.129,0.009510106549831114
1570,1785,215,0.1075,0.006123228446881263
1524,1762,238,0.119,0.008502264529824976
1532,1766,234,0.117,0.009051435267484748
1542,1771,229,0.1145,0.007674408606573707
1494,1747,253,0.1265,0.007950607381193549
1536,1768,232,0.116,0.005450234158415696
1428,1714,286,0.143,0.008944732520292747
1546,1773,227,0.1135,0.007370814460096881
1498,1749,251,0.1255,0.008717034557295847
1596,1798,202,0.101,0.006910377648149733
1566,1783,217,0.1085,0.007002130851264155
1544,1772,228,0.114,0.008864340691376128
1564,1782,218,0.109,0.006944201395906027
1500,1750,250,0.125,0.0071593073112463795
1468,1734,266,0.133,0.006762823008873965
1594,1797,203,0.1015,0.0068195184336509555
1554,1777,223,0.1115,0.0056499310052334694
1556,1778,222,0.111,0.005540505958881113
1452,1726,274,0.137,0.005835350913068396
1560,1780,220,0.11,0.005264117147708021
1588,1794,206,0.103,0.006459851362771587
1510,1755,245,0.1225,0.005942836423182932
1438,1719,281,0.1405,0.00741709164638258
1430,1715,285,0.1425,0.007428141833641412
1518,1759,241,0.1205,0.00833052382110327
1582,1791,209,0.1045,0.006785371399339063
1518,1759,241,0.1205,0.00969580842284995
1476,1738,262,0.131,0.009110422788799042
1476,1738,262,0.131,0.009375165142609148
1480,1740,260,0.13,0.009376105914212531
1558,1779,221,0.1105,0.007910139757284013
1512,1756,244,0.122,0.006717417583400675
1470,1735,265,0.1325,0.006283445668108925
1560,1780,220,0.11,0.004351986132511229
1548,1774,226,0.113,0.0055030815437543835
1526,1763,237,0.1185,0.005729599293839783
1578,1789,211,0.1055,0.007157542374741752
1410,1705,295,0.1475,0.007744091722706799
1436,1718,282,0.141,0.007719437085602415
1572,1786,214,0.107,0.007484133069130536
1512,1756,244,0.122,0.006851136308701825
1494,1747,253,0.1265,0.006835074808316904
1530,1765,235,0.1175,0.006619656588700316
1482,1741,259,0.1295,0.00658051118604272
1576,1788,212,0.106,0.005645437046528513
1524,1762,238,0.119,0.006230140744420204
1582,1791,209,0.1045,0.005040703072445467
1560,1780,220,0.11,0.0043801699879372795
1546,1773,227,0.1135,0.005077375383814797
1508,1754,246,0.123,0.005911555875580234
1626,1813,187,0.0935,0.006527174572838711
1528,1764,236,0.118,0.0077729080035860605
1500,1750,250,0.125,0.008153825174915256
1512,1756,244,0.122,0.00740421603510913
1574,1787,213,0.1065,0.006024551222933731
1564,1782,218,0.109,0.004579954113010899
1620,1810,190,0.095,0.004182933550444432
1562,1781,219,0.1095,0.007731204972842541
1582,1791,209,0.1045,0.004844088081576075
1550,1775,225,0.1125,0.0057711829966232454
1544,1772,228,0.114,0.005373455594555708
1568,1784,216,0.108,0.004960709626193421
1528,1764,236,0.118,0.008771607781469357
1458,1729,271,0.1355,0.009551339147910766
1456,1728,272,0.136,0.01133680351012299
1506,1753,247,0.1235,0.010919050526208693
1510,1755,245,0.1225,0.007309587914074655
1574,1787,213,0.1065,0.00629522460285807
1500,1750,250,0.125,0.007886161480273586
1534,1767,233,0.1165,0.007300445353250091
1608,1804,196,0.098,0.005920001570422755
1600,1800,200,0.1,0.006257782821909018
1520,1760,240,0.12,0.005689185848299531
1612,1806,194,0.097,0.006450499731729671
1514,1757,243,0.1215,0.006481615939133917
1442,1721,279,0.1395,0.008373522057208007
1518,1759,241,0.1205,0.008129630369658115
1502,1751,249,0.1245,0.0076611824299325235
1580,1790,210,0.105,0.00934573885682039
1494,1747,253,0.1265,0.009513915889092459
1522,1761,239,0.1195,0.009617076922313785
1512,1756,244,0.122,0.008242094213175732
1484,1742,258,0.129,0.007378736932368007
1532,1766,234,0.117,0.007861787709436612
1546,1773,227,0.1135,0.00784526904989616
1472,1736,264,0.132,0.00973089925860404
1506,1753,247,0.1235,0.0064579266217479085
1624,1812,188,0.094,0.00567037404268035
1524,1762,238,0.119,0.006675453520783776
1536,1768,232,0.116,0.008008758542709984
1552,1776,224,0.112,0.009316475310188253
1524,1762,238,0.119,0.008735398547927624
1398,1699,301,0.1505,0.011075758224149468
1528,1764,236,0.118,0.008067787081490679
1544,1772,228,0.114,0.006317839747509425
1510,1755,245,0.1225,0.006471300221863202
1562,1781,219,0.1095,0.006890297931677196
1526,1763,237,0.1185,0.007925675393526035
1524,1762,238,0.119,0.006444974419180653
1508,1754,246,0.123,0.006512750809139107
1556,1778,222,0.111,0.005856920867789085
1554,1777,223,0.1115,0.006929836614506712
1530,1765,235,0.1175,0.006503388184501091
1510,1755,245,0.1225,0.007311240376948263
1530,1765,235,0.1175,0.00697703187764273
1494,1747,253,0.1265,0.007393489403708372
1434,1717,283,0.1415,0.009227814055333738
1488,1744,256,0.128,0.010092042214178946
1566,1783,217,0.1085,0.008295818711281754
1516,1758,242,0.121,0.00837980804284598
1532,1766,234,0.117,0.007070168570244277
1460,1730,270,0.135,0.007049840290508428
1412,1706,294,0.147,0.008570930275309365
1516,1758,242,0.121,0.007550306020308198
1470,1735,265,0.1325,0.00790568495120538
1634,1817,183,0.0915,0.006289109363744501
1492,1746,254,0.127,0.00749647589708912
1524,1762,238,0.119,0.00811538836179534
1520,1760,240,0.12,0.007184107920295901
1580,1790,210,0.105,0.007537320222262657
1586,1793,207,0.1035,0.00608712874824414
1460,1730,270,0.135,0.008572350086906226
1528,1764,236,0.118,0.007332045265182387
1564,1782,218,0.109,0.006904961086343974
1548,1774,226,0.113,0.007832289933867287
1514,1757,243,0.1215,0.00756439016058426
1560,1780,220,0.11,0.007922784128255443
1504,1752,248,0.124,0.007312253268202767
1440,1720,280,0.14,0.008173798395611812
1526,1763,237,0.1185,0.007957863613366499
1472,1736,264,0.132,0.009919347895571263
1486,1743,257,0.1285,0.009510127857494808
1464,1732,268,0.134,0.00895754972495331
1530,1765,235,0.1175,0.008232612060266547
1496,1748,252,0.126,0.007295776943153669
1588,1794,206,0.103,0.006896287628213031
1588,1794,206,0.103,0.0072507075309113135
1538,1769,231,0.1155,0.00819417065475136
1562,1781,219,0.1095,0.006639584390708478
1520,1760,240,0.12,0.00634548438595084
1544,1772,228,0.114,0.00578107425683038
1458,1729,271,0.1355,0.007292453681158349
1496,1748,252,0.126,0.008563350389740662
1552,1776,224,0.112,0.007932367741654161
1484,1742,258,0.129,0.009185219137230902
1596,1798,202,0.101,0.007019809519566479
1590,1795,205,0.1025,0.0057731946167969
1516,1758,242,0.121,0.006629611477968865
1546,1773,227,0.1135,0.005811536599328974
1566,1783,217,0.1085,0.005370484707440482
1506,1753,247,0.1235,0.008271914655400905
1486,1743,257,0.1285,0.008157509781071085
1508,1754,246,0.123,0.007763855407742085
1530,1765,235,0.1175,0.008657778217634785
1440,1720,280,0.14,0.008104285197157878
1546,1773,227,0.1135,0.00848320980895651
1522,1761,239,0.1195,0.008005146428244188
1526,1763,237,0.1185,0.006713411730275027
1568,1784,216,0.108,0.008193543243076426
1494,1747,253,0.1265,0.011770921077113606
1584,1792,208,0.104,0.009356902058123182
1612,1806,194,0.097,0.008299998686008628
1518,1759,241,0.1205,0.010068970420921693
1522,1761,239,0.1195,0.010269022865082661
1512,1756,244,0.122,0.010184683695435523
1494,1747,253,0.1265,0.009679664561597754
1484,1742,258,0.129,0.010588415941834682
1528,1764,236,0.118,0.010220528245064244
1484,1742,258,0.129,0.011760985105182052
1456,1728,272,0.136,0.010636344845523126
1504,1752,248,0.124,0.010930826429917943
1572,1786,214,0.107,0.0091556991841353
1486,1743,257,0.1285,0.011233795551408549
1530,1765,235,0.1175,0.010960715618857649
1496,1748,252,0.126,0.011235763461969327
1566,1783,217,0.1085,0.009876953564933509
1504,1752,248,0.124,0.012489621408865788
1560,1780,220,0.11,0.010854833143520863
1582,1791,209,0.1045,0.009565271161860437
1530,1765,235,0.1175,0.009876244357088587
1518,1759,241,0.1205,0.010337370037469299
1440,1720,280,0.14,0.011052805147257913
1510,1755,245,0.1225,0.01526062526844658
1574,1787,213,0.1065,0.01296587757347698
1550,1775,225,0.1125,0.013284615928167619
1508,1754,246,0.123,0.013420140845594581
1558,1779,221,0.1105,0.012577158845374584
1596,1798,202,0.101,0.012594063854543492
1526,1763,237,0.1185,0.012411059817764908
1478,1739,261,0.1305,0.015498073261012962
1592,1796,204,0.102,0.011561236461247973
1558,1779,221,0.1105,0.014102133197419455
1568,1784,216,0.108,0.011655485857918393
1558,1779,221,0.1105,0.01290483422653051
1428,1714,286,0.143,0.01728045991113845
1492,1746,254,0.127,0.015607126927123887
1540,1770,230,0.115,0.016777909244643525
1588,1794,206,0.103,0.015196113479149061
1490,1745,255,0.1275,0.013179367640319477
1542,1771,229,0.1145,0.01474827742786875
1470,1735,265,0.1325,0.013452512591444248
1544,1772,228,0.114,0.013645389709476149
1564,1782,218,0.109,0.01446992470623809
1564,1782,218,0.109,0.015042090134491445
1548,1774,226,0.113,0.01685106305370573
1540,1770,230,0.115,0.015294574995787577
1536,1768,232,0.116,0.02202226951322518
1430,1715,285,0.1425,0.024636598187251366
1520,1760,240,0.12,0.020377156893955542
1482,1741,259,0.1295,0.024165740164462476
1576,1788,212,0.106,0.01728614332759753
1586,1793,207,0.1035,0.019521175186615437
1522,1761,239,0.1195,0.01651671025028918
1600,1800,200,0.1,0.015581931881671706
1566,1783,217,0.1085,0.015986571845336583
1518,1759,241,0.1205,0.017372172124385094
1496,1748,252,0.126,0.01868352996383328
1506,1753,247,0.1235,0.019115502632092104
1560,1780,220,0.11,0.020457380922627635
1484,1742,258,0.129,0.022867285326938144
1550,1775,225,0.1125,0.022242234396399014
1604,1802,198,0.099,0.021841836949693976
1408,1704,296,0.148,0.02398115628206605
1452,1726,274,0.137,0.026699618933489547
1558,1779,221,0.1105,0.02412926860706648
1500,1750,250,0.125,0.025329566602578665
1584,1792,208,0.104,0.014276255072411004
1572,1786,214,0.107,0.013743848445490585
1596,1798,202,0.101,0.012597639245257596
1502,1751,249,0.1245,0.015105442094325554
1470,1735,265,0.1325,0.019549732786831486
1438,1719,281,0.1405,0.01778780425384447
1594,1797,203,0.1015,0.016225646548555232
1504,1752,248,0.124,0.017549754760017067
1604,1802,198,0.099,0.010812327763054783
1498,1749,251,0.1255,0.011831181544373976
1660,1830,170,0.085,0.010115094101973227
1564,1782,218,0.109,0.011049722667958123
1500,1750,250,0.125,0.015112276108702645
1578,1789,211,0.1055,0.012652627389938715
1630,1815,185,0.0925,0.011503253561328166
1538,1769,231,0.1155,0.014043261454207822
1496,1748,252,0.126,0.011537976706932568
1438,1719,281,0.1405,0.011601547952639521
1600,1800,200,0.1,0.010516560874937568
1524,1762,238,0.119,0.011717512957344297
1508,1754,246,0.123,0.01369094600144308
1504,1752,248,0.124,0.013894305190362503
1648,1824,176,0.088,0.009696708221919835
1578,1789,211,0.1055,0.011095293652033433
1548,1774,226,0.113,0.010838473341951612
1536,1768,232,0.116,0.011607584129145835
1452,1726,274,0.137,0.011979742035269737
1528,1764,236,0.118,0.012596792124444619
1524,1762,238,0.119,0.012617729734454769
1616,1808,192,0.096,0.009991923192923424
1546,1773,227,0.1135,0.011717005253787648
1454,1727,273,0.1365,0.013603523365600268
1428,1714,286,0.143,0.01618219434015282
1484,1742,258,0.129,0.014955973672520486
1482,1741,259,0.1295,0.015960968619619962
1526,1763,237,0.1185,0.01524188138730824
1554,1777,223,0.1115,0.01201476423539156
1552,1776,224,0.112,0.01373442542849807
1482,1741,259,0.1295,0.0161374013241948
1588,1794,206,0.103,0.013538112460511918
1530,1765,235,0.1175,0.013994866665918386
1512,1756,244,0.122,0.013667952212260616
1494,1747,253,0.1265,0.013966837274434518
1644,1822,178,0.089,0.009771901840489598
1478,1739,261,0.1305,0.01483712771476712
1442,1721,279,0.1395,0.01675901637948118
1496,1748,252,0.126,0.01865218595792868
1578,1789,211,0.1055,0.015592907653423025
1496,1748,252,0.126,0.01938382977605943
1618,1809,191,0.0955,0.015638947973027825
1392,1696,304,0.152,0.019450387659831904
1510,1755,245,0.1225,0.01760586353575772
1492,1746,254,0.127,0.021883843342890032
1506,1753,247,0.1235,0.019571872960746993
1582,1791,209,0.1045,0.015676283356064233
1580,1790,210,0.105,0.015149755831167568
1618,1809,191,0.0955,0.014850711204460822
1492,1746,254,0.127,0.019321950952027697
1512,1756,244,0.122,0.01848570288726114
1520,1760,240,0.12,0.016909470409188002
1568,1784,216,0.108,0.014490685752782156
1532,1766,234,0.117,0.013613201964307308
1562,1781,219,0.1095,0.011941134614229668
1532,1766,234,0.117,0.013327764329937054
1508,1754,246,0.123,0.013462231462763158
1570,1785,215,0.1075,0.01100204759038752
1542,1771,229,0.1145,0.013179325405624696
1504,1752,248,0.124,0.014809775699919555
1604,1802,198,0.099,0.011367251033668289
1488,1744,256,0.128,0.012643562742116046
1552,1776,224,0.112,0.010786115462469752
1486,1743,257,0.1285,0.013113778998114875
1576,1788,212,0.106,0.01627984031679807
1518,1759,241,0.1205,0.015366021782014285
1440,1720,280,0.14,0.017802655366482213
1530,1765,235,0.1175,0.016036593341967092
1510,1755,245,0.1225,0.014654508688021458
1556,1778,222,0.111,0.01408321374837417
1462,1731,269,0.1345,0.016447530310717412
1554,1777,223,0.1115,0.012895663073984907
1574,1787,213,0.1065,0.013432669455157515
1572,1786,214,0.107,0.012416769700939774
1442,1721,279,0.1395,0.01835981530290156
1534,1767,233,0.1165,0.014499675341619877
1470,1735,265,0.1325,0.018600722957227846
1484,1742,258,0.129,0.018702584454906173
1554,1777,223,0.1115,0.014413218015426537
1500,1750,250,0.125,0.01720968002983136
1510,1755,245,0.1225,0.015424056442105212
1532,1766,234,0.117,0.013949054734105338
1556,1778,222,0.111,0.01179843088860791
1558,1779,221,0.1105,0.01414567663753406
1524,1762,238,0.119,0.012017115815659061
1484,1742,258,0.129,0.013389785339538043
1558,1779,221,0.1105,0.011788964494189712
1534,1767,233,0.1165,0.011473670287348796
1506,1753,247,0.1235,0.011682837501371978
1590,1795,205,0.1025,0.010615603244969364
1484,1742,258,0.129,0.013060466011869722
1558,1779,221,0.1105,0.012546862903582678
1536,1768,232,0.116,0.014793833834584802
1496,1748,252,0.126,0.015383065786911182
1554,1777,223,0.1115,0.014623368487082195
1418,1709,291,0.1455,0.02074539442219651
1578,1789,211,0.1055,0.013444478688354139
1498,1749,251,0.1255,0.017961748991743662
1542,1771,229,0.1145,0.015431674070095823
1496,1748,252,0.126,0.016954690705053507
1426,1713,287,0.1435,0.015163525408017456
1486,1743,257,0.1285,0.018051131377811544
1488,1744,256,0.128,0.01491453262429382
1510,1755,245,0.1225,0.014696602741838432
1420,1710,290,0.145,0.018583925115177407
1470,1735,265,0.1325,0.017054916408553254
1488,1744,256,0.128,0.017453575648573832
1558,1779,221,0.1105,0.017912823532300535
1550,1775,225,0.1125,0.010123415193091205
1544,1772,228,0.114,0.010842144705994997
1514,1757,243,0.1215,0.011226660333079053
1506,1753,247,0.1235,0.011541231424751459
1580,1790,210,0.105,0.01735056279069977
1544,1772,228,0.114,0.01968497107393341
1524,1762,238,0.119,0.021407028085400903
1488,1744,256,0.128,0.016783668084273812
1538,1769,231,0.1155,0.013748344532243209
1520,1760,240,0.12,0.014341427812236362
1496,1748,252,0.126,0.013193878632242558
1530,1765,235,0.1175,0.015872902119823267
1542,1771,229,0.1145,0.011792616142018233
1466,1733,267,0.1335,0.012037104377930518
1510,1755,245,0.1225,0.012380404837519876
1558,1779,221,0.1105,0.011531724894522092
1468,1734,266,0.133,0.016637799308038943
1552,1776,224,0.112,0.012730250536114908
1576,1788,212,0.106,0.011991391767034657
1410,1705,295,0.1475,0.015472857306205953
1542,1771,229,0.1145,0.01305109021626413
1512,1756,244,0.122,0.014892852029181086
1556,1778,222,0.111,0.01339066248685296
1532,1766,234,0.117,0.014933962339127901
1478,1739,261,0.1305,0.010725560081191361
1622,1811,189,0.0945,0.009433941776522261
1502,1751,249,0.1245,0.010767265730159124
1580,1790,210,0.105,0.013217327545920853
1546,1773,227,0.1135,0.013156507525010974
1528,1764,236,0.118,0.012344563377613667
1568,1784,216,0.108,0.012943130911211484
1536,1768,232,0.116,0.011380387012817664
1470,1735,265,0.1325,0.01845479422708741
1452,1726,274,0.137,0.016235947112902067
1484,1742,258,0.129,0.018296957725251566
1524,1762,238,0.119,0.014343476646803516
1590,1795,205,0.1025,0.008195453475753319
1558,1779,221,0.1105,0.009517149820749183
1554,1777,223,0.1115,0.008816608342800463
1516,1758,242,0.121,0.0114185379180417
1606,1803,197,0.0985,0.010261554921336938
1530,1765,235,0.1175,0.013831291376147426
1586,1793,207,0.1035,0.009051696733571589
1434,1717,283,0.1415,0.01159241481556819
1546,1773,227,0.1135,0.012315298855244593
1398,1699,301,0.1505,0.01591370239923709
1604,1802,198,0.099,0.012155541218979181
1492,1746,254,0.127,0.013285073088824
1534,1767,233,0.1165,0.008146659400692442
1554,1777,223,0.1115,0.00836923995683901
1528,1764,236,0.118,0.008186721659277304
1626,1813,187,0.0935,0.007343630688614212
1514,1757,243,0.1215,0.009361031335080042
1514,1757,243,0.1215,0.008555398864962626
1500,1750,250,0.125,0.008254670641210396
1582,1791,209,0.1045,0.00908483401167905
1494,1747,253,0.1265,0.007446676999495757
1546,1773,227,0.1135,0.006440257910697255
1580,1790,210,0.105,0.00622346477478277
1642,1821,179,0.0895,0.005370856231515063
1558,1779,221,0.1105,0.007108156151909497
1602,1801,199,0.0995,0.007701685266627465
1588,1794,206,0.103,0.007536589233379345
1554,1777,223,0.1115,0.0071707239129873415
1520,1760,240,0.12,0.01052004834912956
1570,1785,215,0.1075,0.009514339194691274
1388,1694,306,0.153,0.01774418254970624
1502,1751,249,0.1245,0.011769144943001955
1584,1792,208,0.104,0.006159157027374022
1560,1780,220,0.11,0.007129916732650599
1492,1746,254,0.127,0.007856926619366277
1566,1783,217,0.1085,0.009939239137816443
1572,1786,214,0.107,0.009413500784929398
1596,1798,202,0.101,0.008361633417755414
1572,1786,214,0.107,0.008664684681891232
1536,1768,232,0.116,0.009498545593937067
1522,1761,239,0.1195,0.0126897061218624
1544,1772,228,0.114,0.012137278344831429
1518,1759,241,0.1205,0.011326607377501212
1512,1756,244,0.122,0.010787026146485005
1480,1740,260,0.13,0.01441667465085552
1534,1767,233,0.1165,0.011078140871133662
1474,1737,263,0.1315,0.010530069896037957
1568,1784,216,0.108,0.013728984391171253
1500,1750,250,0.125,0.011118295298649371
1576,1788,212,0.106,0.008838154019491562
1540,1770,230,0.115,0.008488648225087672
1512,1756,244,0.122,0.007809261271147989
1480,1740,260,0.13,0.011598586030857411
1374,1687,313,0.1565,0.012085428633403353
1522,1761,239,0.1195,0.010958226059156011
1616,1808,192,0.096,0.009621244134247675
1542,1771,229,0.1145,0.011079370123625438
1490,1745,255,0.1275,0.0101512155351229
1470,1735,265,0.1325,0.011614475373466859
1444,1722,278,0.139,0.011452880408440258
1552,1776,224,0.112,0.008427423717366765
1498,1749,251,0.1255,0.007875535593395405
1540,1770,230,0.115,0.008110971842426807
1510,1755,245,0.1225,0.007834833304339555
1576,1788,212,0.106,0.010157195884361507
1466,1733,267,0.1335,0.009664174080609171
1470,1735,265,0.1325,0.011552486367898844
1498,1749,251,0.1255,0.012242448531062109
1488,1744,256,0.128,0.009894825299728318
1464,1732,268,0.134,0.009383429059758782
1530,1765,235,0.1175,0.008054764074477142
1510,1755,245,0.1225,0.009474270004808204
1536,1768,232,0.116,0.008744003174011595
1488,1744,256,0.128,0.009117982722598412
1546,1773,227,0.1135,0.007676387831317705
1534,1767,233,0.1165,0.008535790331545286
1562,1781,219,0.1095,0.008200750370393514
1466,1733,267,0.1335,0.009811207159189508
1418,1709,291,0.1455,0.011327271583955734
1588,1794,206,0.103,0.006618949128780514
1540,1770,230,0.115,0.0074511916013544595
1470,1735,265,0.1325,0.010547272682888433
1566,1783,217,0.1085,0.006439559464924976
1502,1751,249,0.1245,0.006665494212502381
1536,1768,232,0.116,0.0092658587487252
1450,1725,275,0.1375,0.009957825778898042
1560,1780,220,0.11,0.007440330207260559
1470,1735,265,0.1325,0.009437352375418413
1564,1782,218,0.109,0.008286013865377754
1538,1769,231,0.1155,0.007627071009919746
1522,1761,239,0.1195,0.007749104251910467
1468,1734,266,0.133,0.00879201625211499
1436,1718,282,0.141,0.009311324427845371
1564,1782,218,0.109,0.006846919160738537
1494,1747,253,0.1265,0.007868600939036696
1496,1748,252,0.126,0.009210993522545324
1528,1764,236,0.118,0.009305201507522724
1550,1775,225,0.1125,0.009141580883543669
1538,1769,231,0.1155,0.007256097420482597
1526,1763,237,0.1185,0.006685906011642146
1476,1738,262,0.131,0.009913198520429432
1486,1743,257,0.1285,0.009166802307250614
1470,1735,265,0.1325,0.011206077877432108
1536,1768,232,0.116,0.008757214506593307
1570,1785,215,0.1075,0.0051127715603506655
1600,1800,200,0.1,0.004881388146619436
1468,1734,266,0.133,0.0061983458292088475
1650,1825,175,0.0875,0.003957563854244654
1520,1760,240,0.12,0.006681781629536999
1582,1791,209,0.1045,0.006567662455985555
1550,1775,225,0.1125,0.006050874834094429
1558,1779,221,0.1105,0.00679772341743228
1520,1760,240,0.12,0.006910400510660118
1552,1776,224,0.112,0.006075373642932391
1512,1756,244,0.122,0.009524117227733832
1424,1712,288,0.144,0.010596692429346148
1508,1754,246,0.123,0.008783023989206412
1486,1743,257,0.1285,0.008872701608750503
1520,1760,240,0.12,0.008515081733381535
1544,1772,228,0.114,0.007421018624940189
1602,1801,199,0.0995,0.007510863179893932
1466,1733,267,0.1335,0.00805938237701777
1564,1782,218,0.109,0.008268285088303585
1490,1745,255,0.1275,0.008640438430564813
1494,1747,253,0.1265,0.012139215444072086
1560,1780,220,0.11,0.010443009477831559
1504,1752,248,0.124,0.008118583162868162
1574,1787,213,0.1065,0.006792704195962869
1584,1792,208,0.104,0.006910037535155425
1524,1762,238,0.119,0.007529112430810443
1584,1792,208,0.104,0.0066873164759017525
1502,1751,249,0.1245,0.008994386987120379
1540,1770,230,0.115,0.008613113551412645
1544,1772,228,0.114,0.007832478703356236
1482,1741,259,0.1295,0.009889832588087302
1540,1770,230,0.115,0.0079740809006571
1512,1756,244,0.122,0.00777878482211964
1568,1784,216,0.108,0.007022621767886449
1562,1781,219,0.1095,0.007653084699599056
1556,1778,222,0.111,0.007455509261722917
1578,1789,211,0.1055,0.006622590667812353
1486,1743,257,0.1285,0.00874462475323311
1572,1786,214,0.107,0.0069710371405817565
1598,1799,201,0.1005,0.006588950602876139
1588,1794,206,0.103,0.006876309682029302
1538,1769,231,0.1155,0.008906114855799188
1572,1786,214,0.107,0.006931263553065946
1508,1754,246,0.123,0.007406825672582272
1576,1788,212,0.106,0.009110734415415208
1558,1779,221,0.1105,0.008935679229163846
1476,1738,262,0.131,0.01120374967454837
1584,1792,208,0.104,0.010912721569520023
1498,1749,251,0.1255,0.008436561051581443
1542,1771,229,0.1145,0.00844445501614247
1568,1784,216,0.108,0.0073190538976086825
1556,1778,222,0.111,0.00598963271867251
1536,1768,232,0.116,0.008353215455979807
1500,1750,250,0.125,0.012511417885369155
1486,1743,257,0.1285,0.009496616493794135
1542,1771,229,0.1145,0.01037411884214589
1564,1782,218,0.109,0.006159016170349787
1450,1725,275,0.1375,0.008442916111228441
1492,1746,254,0.127,0.009497937530985318
1582,1791,209,0.1045,0.006957092313132705
1558,1779,221,0.1105,0.007773587417824338
1428,1714,286,0.143,0.007474282965442398
1614,1807,193,0.0965,0.006789792066025257
1586,1793,207,0.1035,0.006433257926146325
1472,1736,264,0.132,0.007493560483038891
1572,1786,214,0.107,0.00619876279313663
1542,1771,229,0.1145,0.007161952665865101
1416,1708,292,0.146,0.008914056982585634
1508,1754,246,0.123,0.007592791803530417
1544,1772,228,0.114,0.006988085911074976
1568,1784,216,0.108,0.007313352719277112
1578,1789,211,0.1055,0.006427357823959028
1532,1766,234,0.117,0.006318183826573659
1560,1780,220,0.11,0.006488585647519357
1612,1806,194,0.097,0.006340114798338618
1580,1790,210,0.105,0.007680788768179944
1544,1772,228,0.114,0.005911787038683542
1546,1773,227,0.1135,0.006258269108977409
1524,1762,238,0.119,0.005978117804217618
1532,1766,234,0.117,0.00635063616895787
1564,1782,218,0.109,0.007729079059383366
1524,1762,238,0.119,0.007384951326748705
1476,1738,262,0.131,0.006360667153203394
1546,1773,227,0.1135,0.005376306151854806
1580,1790,210,0.105,0.005620775803981822
1578,1789,211,0.1055,0.005513340611360043
1506,1753,247,0.1235,0.006261865789507283
1526,1763,237,0.1185,0.006453563064060291
1528,1764,236,0.118,0.006258935283798572
1614,1807,193,0.0965,0.0050019093262963
1476,1738,262,0.131,0.005270858003248584
1518,1759,241,0.1205,0.006148657835440879
1532,1766,234,0.117,0.00636029970754322
1442,1721,279,0.1395,0.007156303432037823
1480,1740,260,0.13,0.00836191773870815
1588,1794,206,0.103,0.006118890223974972
1494,1747,253,0.1265,0.005423981677364402
1582,1791,209,0.1045,0.004738198742196488
1470,1735,265,0.1325,0.0054931647137418695
1482,1741,259,0.1295,0.005304546029568882
1590,1795,205,0.1025,0.0048765937311400194
1458,1729,271,0.1355,0.006243982872489141
1488,1744,256,0.128,0.0054290066579706035
1564,1782,218,0.109,0.005439049800203066
1554,1777,223,0.1115,0.0046336860039155
1558,1779,221,0.1105,0.004994698601876735
1594,1797,203,0.1015,0.004144618505218261
1518,1759,241,0.1205,0.005830689574577263
1514,1757,243,0.1215,0.004095479293830977
1594,1797,203,0.1015,0.0038207524421741256
1532,1766,234,0.117,0.004120294669352006
1506,1753,247,0.1235,0.004921387485024752
1542,1771,229,0.1145,0.005158783416743972
1600,1800,200,0.1,0.004862168570201909
1518,1759,241,0.1205,0.004619340093888922
1550,1775,225,0.1125,0.0041936515825643636
1568,1784,216,0.108,0.004425145559216617
1574,1787,213,0.1065,0.004267432762237149
1492,1746,254,0.127,0.004571659631925286
1500,1750,250,0.125,0.004373386262188432
1476,1738,262,0.131,0.006780599789053667
1580,1790,210,0.105,0.005814977074825834
1562,1781,219,0.1095,0.005739737293405881
1490,1745,255,0.1275,0.006312106567354931
1568,1784,216,0.108,0.004137820849544368
1526,1763,237,0.1185,0.004761630840570433
1534,1767,233,0.1165,0.004222656545337898
1508,1754,246,0.123,0.0053450870153419604
1486,1743,257,0.1285,0.006158364063870977
1484,1742,258,0.129,0.0061611748751165575
1574,1787,213,0.1065,0.006593226706998394
1520,1760,240,0.12,0.006295008091718102
1538,1769,231,0.1155,0.007691492337087766
1528,1764,236,0.118,0.010503915983981187
1470,1735,265,0.1325,0.011787828549593775
1426,1713,287,0.1435,0.013397620958010989
1516,1758,242,0.121,0.011394698403799112
1500,1750,250,0.125,0.010975275158329169
1516,1758,242,0.121,0.009318389894549682
1486,1743,257,0.1285,0.007775494874134893
1568,1784,216,0.108,0.008783340276509996
1492,1746,254,0.127,0.0101257975170156
1572,1786,214,0.107,0.00779265719675459
1592,1796,204,0.102,0.0069452299120603125
1548,1774,226,0.113,0.007869205100135737
1530,1765,235,0.1175,0.00805031723732828
1522,1761,239,0.1195,0.009909546371811316
1540,1770,230,0.115,0.00831202374693126
1496,1748,252,0.126,0.00906791674845647
1578,1789,211,0.1055,0.0065598132669692855
1536,1768,232,0.116,0.007328481603806722
1522,1761,239,0.1195,0.006927753310097621
1604,1802,198,0.099,0.006142384777604207
1534,1767,233,0.1165,0.006062284391135563
1548,1774,226,0.113,0.006451286526851625
1498,1749,251,0.1255,0.006416638024442364
1562,1781,219,0.1095,0.007071723173809012
1628,1814,186,0.093,0.0065123649325978476
1500,1750,250,0.125,0.006928850627329673
1530,1765,235,0.1175,0.006509133592871876
1586,1793,207,0.1035,0.0058070135669501255
1586,1793,207,0.1035,0.004441388343519066
1534,1767,233,0.1165,0.00521584225515835
1570,1785,215,0.1075,0.0058924383488978905
1486,1743,257,0.1285,0.007269652092502838
1562,1781,219,0.1095,0.005690292079397842
1608,1804,196,0.098,0.006037858973897535
1530,1765,235,0.1175,0.0046543937496026045
1562,1781,219,0.1095,0.004841167077873252
1522,1761,239,0.1195,0.006766253085277079
1538,1769,231,0.1155,0.006136228008343579
1556,1778,222,0.111,0.006405505426136188
1526,1763,237,0.1185,0.005701524965872522
1548,1774,226,0.113,0.005892551682278281
1486,1743,257,0.1285,0.00718797515456572
1476,1738,262,0.131,0.00903449278678454
1490,1745,255,0.1275,0.008367502856679494
1526,1763,237,0.1185,0.006133216702612117
1554,1777,223,0.1115,0.00632125383391395
1504,1752,248,0.124,0.006822236804769126
1536,1768,232,0.116,0.007341399104800075
1548,1774,226,0.113,0.0078108925307315644
1548,1774,226,0.113,0.008148115016248446
1570,1785,215,0.1075,0.007509935036796378
1538,1769,231,0.1155,0.005594849099259591
1510,1755,245,0.1225,0.007284507791636145
1540,1770,230,0.115,0.0061249442839762195
1522,1761,239,0.1195,0.005901997201899114
1482,1741,259,0.1295,0.007694236266077496
1518,1759,241,0.1205,0.006881111114038518
1508,1754,246,0.123,0.006208554018256109
1456,1728,272,0.136,0.006725151345627466
1556,1778,222,0.111,0.0054021460188378116
1658,1829,171,0.0855,0.0044634877778298755
1592,1796,204,0.102,0.005195573784614688
1494,1747,253,0.1265,0.006539362252282452
1582,1791,209,0.1045,0.0054186919771600514
1502,1751,249,0.1245,0.0054105755848377155
1600,1800,200,0.1,0.004624720823863754
1620,1810,190,0.095,0.0048503065466357
1548,1774,226,0.113,0.0056124268024628065
1476,1738,262,0.131,0.008265744912422178
1446,1723,277,0.1385,0.007279328893346247
1482,1741,259,0.1295,0.0075710721245850435
1598,1799,201,0.1005,0.007037324850352917
1498,1749,251,0.1255,0.006648248641897226
1520,1760,240,0.12,0.006020612894015094
1636,1818,182,0.091,0.005848038629698358
1560,1780,220,0.11,0.006255114907534491
1532,1766,234,0.117,0.006134182708065304
1588,1794,206,0.103,0.005562516117235674
1482,1741,259,0.1295,0.0068754271944635615
1534,1767,233,0.1165,0.006903239185567522
1540,1770,230,0.115,0.007633980057173175
1566,1783,217,0.1085,0.007520486458333849
1466,1733,267,0.1335,0.008789330359839368
1510,1755,245,0.1225,0.006767808283133491
1528,1764,236,0.118,0.006935624673024002
1610,1805,195,0.0975,0.005962670794910991
1520,1760,240,0.12,0.007017823182435336
1496,1748,252,0.126,0.007173444435329095
1490,1745,255,0.1275,0.007442355608090239
1586,1793,207,0.1035,0.007341327915957663
1606,1803,197,0.0985,0.005809223367192317
1574,1787,213,0.1065,0.006350466934236465
1610,1805,195,0.0975,0.0051020302616962
1558,1779,221,0.1105,0.0049532147233258
1516,1758,242,0.121,0.006654340223343752
1560,1780,220,0.11,0.007076290732558853
1488,1744,256,0.128,0.01012956486834446
1516,1758,242,0.121,0.008235590817951966
1490,1745,255,0.1275,0.008086959654559906
1552,1776,224,0.112,0.00866054606938269
1488,1744,256,0.128,0.008811132676569513
1414,1707,293,0.1465,0.008915554980322576
1540,1770,230,0.115,0.007177110559888476
1530,1765,235,0.1175,0.006969368126243353
1538,1769,231,0.1155,0.0068974587785553465
1578,1789,211,0.1055,0.006719088526326445
1400,1700,300,0.15,0.008147277907921137
1558,1779,221,0.1105,0.006873848555551384
1592,1796,204,0.102,0.006103757059783682
1554,1777,223,0.1115,0.006496418387163438
1536,1768,232,0.116,0.006759112813963518
1542,1771,229,0.1145,0.007207260095223319
1572,1786,214,0.107,0.008868493522080826
1586,1793,207,0.1035,0.009722532210119766
1494,1747,253,0.1265,0.01109016070716411
1518,1759,241,0.1205,0.009061954973786222
1520,1760,240,0.12,0.007622865482435522
1560,1780,220,0.11,0.007996636179508649
1556,1778,222,0.111,0.008600669809158105
1564,1782,218,0.109,0.008110916407371405
1496,1748,252,0.126,0.01171405920676625
1528,1764,236,0.118,0.010889623026247136
1566,1783,217,0.1085,0.010883994742244055
1532,1766,234,0.117,0.01103469900216443
1562,1781,219,0.1095,0.00849734330125716
1510,1755,245,0.1225,0.010238466899143532
1590,1795,205,0.1025,0.008181242170336191
1492,1746,254,0.127,0.013417786789616103
1490,1745,255,0.1275,0.01410649699184554
1504,1752,248,0.124,0.014146374000527437
1560,1780,220,0.11,0.012329491942381927
1574,1787,213,0.1065,0.009824908367125318
1496,1748,252,0.126,0.011857445944217034
1488,1744,256,0.128,0.015677234264090678
1482,1741,259,0.1295,0.013617469869495835
1474,1737,263,0.1315,0.013678103897022084
1554,1777,223,0.1115,0.01248363851747127
1510,1755,245,0.1225,0.013439025029889315
1416,1708,292,0.146,0.013942157162236988
1418,1709,291,0.1455,0.01808507009013556
1470,1735,265,0.1325,0.022670226043207734
1460,1730,270,0.135,0.019468288433388808
1482,1741,259,0.1295,0.02122023935444304
1556,1778,222,0.111,0.01294408977573039
1518,1759,241,0.1205,0.01885597174139133
1538,1769,231,0.1155,0.014163616456700083
1570,1785,215,0.1075,0.01692545269324913
1512,1756,244,0.122,0.014605246392660774
1510,1755,245,0.1225,0.013884542668587536
1468,1734,266,0.133,0.01439748442720157
1506,1753,247,0.1235,0.013613091102011872
1600,1800,200,0.1,0.013769723737820932
1544,1772,228,0.114,0.012942464186973318
1540,1770,230,0.115,0.01098597518270487
1538,1769,231,0.1155,0.011546217161004905
1564,1782,218,0.109,0.010528621211841092
1528,1764,236,0.118,0.01283914944512071
1496,1748,252,0.126,0.013323264864929314
1430,1715,285,0.1425,0.014293568080698612
1510,1755,245,0.1225,0.013334115668135502
1494,1747,253,0.1265,0.01357623357517879
1504,1752,248,0.124,0.01213699313050347
1524,1762,238,0.119,0.011578844184317923
1580,1790,210,0.105,0.010578890265387607
1472,1736,264,0.132,0.01013581025356838
1528,1764,236,0.118,0.009951575336745016
1540,1770,230,0.115,0.009362755958224028
1534,1767,233,0.1165,0.009211755049997017
1612,1806,194,0.097,0.008408397566643544
1532,1766,234,0.117,0.009034488791890907
1542,1771,229,0.1145,0.007624772189301438
1532,1766,234,0.117,0.009050279925326187
1538,1769,231,0.1155,0.007906305779041034
1494,1747,253,0.1265,0.00987295427265554
1588,1794,206,0.103,0.007891627519740723
1570,1785,215,0.1075,0.00840958339656936
1572,1786,214,0.107,0.007811434706847649
1592,1796,204,0.102,0.009073590199812322
1484,1742,258,0.129,0.011655259592259725
1516,1758,242,0.121,0.011084833247703508
1552,1776,224,0.112,0.008760139396064915
1524,1762,238,0.119,0.008882065754733055
1560,1780,220,0.11,0.007807082750485279
1494,1747,253,0.1265,0.01128719583202465
1448,1724,276,0.138,0.01302464079260244
1564,1782,218,0.109,0.011067349556687986
1538,1769,231,0.1155,0.00903897217931808
1556,1778,222,0.111,0.007322177851165193
1520,1760,240,0.12,0.007176674802976365
1518,1759,241,0.1205,0.008389959730462578
1548,1774,226,0.113,0.00774124470348761
1520,1760,240,0.12,0.009450940475508119
1624,1812,188,0.094,0.00684744590121818
1550,1775,225,0.1125,0.0059631918526283694
1566,1783,217,0.1085,0.0062338235525530835
1552,1776,224,0.112,0.0066708279097365515
1592,1796,204,0.102,0.008158287506607315
1584,1792,208,0.104,0.009008558007015381
1536,1768,232,0.116,0.008221112407444948
1522,1761,239,0.1195,0.0077458637569807675
1550,1775,225,0.1125,0.006301462212199112
1626,1813,187,0.0935,0.006848137506720377
1502,1751,249,0.1245,0.00955411192572057
1542,1771,229,0.1145,0.008200175327178939
1472,1736,264,0.132,0.008203463093379632
1618,1809,191,0.0955,0.006134517958620563
1486,1743,257,0.1285,0.008923901357181734
1524,1762,238,0.119,0.009316068092070062
1478,1739,261,0.1305,0.009453921994194389
1554,1777,223,0.1115,0.00845318664563829
1480,1740,260,0.13,0.009248671393987024
1530,1765,235,0.1175,0.006920878791734139
1560,1780,220,0.11,0.007574099406286905
1588,1794,206,0.103,0.005063306536108541
1470,1735,265,0.1325,0.007555247135720933
1484,1742,258,0.129,0.0074857245253204
1600,1800,200,0.1,0.009789557488725684
1564,1782,218,0.109,0.00831311730114976
1566,1783,217,0.1085,0.008050666075245154
1586,1793,207,0.1035,0.006347369727533085
1578,1789,211,0.1055,0.007313474383117871
1532,1766,234,0.117,0.008768619472073623
1572,1786,214,0.107,0.007607589254596981
1478,1739,261,0.1305,0.009711152820440062
1526,1763,237,0.1185,0.008922151036385913
1468,1734,266,0.133,0.011313561749091611
1536,1768,232,0.116,0.00961347085284126
1508,1754,246,0.123,0.010055300360071677
1464,1732,268,0.134,0.010232423462523002
1576,1788,212,0.106,0.007340135400292638
1482,1741,259,0.1295,0.009430141228105654
1500,1750,250,0.125,0.009889717043668504
1472,1736,264,0.132,0.010110483152118838
1530,1765,235,0.1175,0.010617600857454825
1520,1760,240,0.12,0.010507786718721086
1532,1766,234,0.117,0.010059569168253802
1558,1779,221,0.1105,0.008265353363793117
1426,1713,287,0.1435,0.011579615003371145
1564,1782,218,0.109,0.009177577604597907
1508,1754,246,0.123,0.01107977797682277
1514,1757,243,0.1215,0.01058718097453675
1528,1764,236,0.118,0.009476023539551534
1578,1789,211,0.1055,0.00822932964232217
1630,1815,185,0.0925,0.007912503352068598
1530,1765,235,0.1175,0.01010070321249077
1506,1753,247,0.1235,0.011842719967302401
1498,1749,251,0.1255,0.012853496533040036
1578,1789,211,0.1055,0.010567682701512239
1588,1794,206,0.103,0.008761144957941731
1460,1730,270,0.135,0.008711197479466762
1504,1752,248,0.124,0.007912938079909516
1496,1748,252,0.126,0.009185135079246351
1534,1767,233,0.1165,0.00893223633159505
1524,1762,238,0.119,0.007411252657242585
1610,1805,195,0.0975,0.007811303673486691
1472,1736,264,0.132,0.008873078567862371
1546,1773,227,0.1135,0.007597925171750831
1512,1756,244,0.122,0.009996218833257443
1548,1774,226,0.113,0.008596843611157964
1488,1744,256,0.128,0.008528118003509007
1496,1748,252,0.126,0.009309509758418053
1498,1749,251,0.1255,0.008897003543888787
1586,1793,207,0.1035,0.007753006562765222
1574,1787,213,0.1065,0.009972062545336434
1552,1776,224,0.112,0.009250699928834507
1518,1759,241,0.1205,0.007419264459276747
1506,1753,247,0.1235,0.007463022510925967
1418,1709,291,0.1455,0.009552220769168344
1510,1755,245,0.1225,0.007777164024621016
1534,1767,233,0.1165,0.008638427715035512
1582,1791,209,0.1045,0.008020920862647479
1532,1766,234,0.117,0.008078674285032322
1494,1747,253,0.1265,0.006626290038373554
1602,1801,199,0.0995,0.006814156351087149
1510,1755,245,0.1225,0.008419483828940429
1490,1745,255,0.1275,0.00878035143984016
1550,1775,225,0.1125,0.007503752663385086
1504,1752,248,0.124,0.00840559100615792
1456,1728,272,0.136,0.011329605646729626
1530,1765,235,0.1175,0.010891702151617224
1478,1739,261,0.1305,0.011188186997295816
1522,1761,239,0.1195,0.0084602916064905
1516,1758,242,0.121,0.008734130736411317
1466,1733,267,0.1335,0.01018176597280356
1552,1776,224,0.112,0.008973101140116341
1496,1748,252,0.126,0.009587932945695897
1440,1720,280,0.14,0.010878880068557919
1522,1761,239,0.1195,0.010030960791802499
1546,1773,227,0.1135,0.01153115959171555
1552,1776,224,0.112,0.010017467265862912
1512,1756,244,0.122,0.009559183033474255
1562,1781,219,0.1095,0.00872022491932148
1592,1796,204,0.102,0.009548288822454658
1498,1749,251,0.1255,0.01050287133587699
1548,1774,226,0.113,0.010751132132180373
1488,1744,256,0.128,0.01216243543397286
1524,1762,238,0.119,0.012091488922422285
1560,1780,220,0.11,0.010042324809110142
1558,1779,221,0.1105,0.008427216748706997
1474,1737,263,0.1315,0.012143409712778528
1428,1714,286,0.143,0.015030447202756477
1476,1738,262,0.131,0.01638065929975346
1488,1744,256,0.128,0.016495904677547527
1474,1737,263,0.1315,0.01621459033002611
1446,1723,277,0.1385,0.018214563898800412
1530,1765,235,0.1175,0.014686874279024778
1560,1780,220,0.11,0.012497266821069459
1628,1814,186,0.093,0.01063795939327975
1474,1737,263,0.1315,0.013284750699258439
1504,1752,248,0.124,0.015631027442475905
1542,1771,229,0.1145,0.010890081645571634
1552,1776,224,0.112,0.012156464786839934
1510,1755,245,0.1225,0.011644880730542354
1538,1769,231,0.1155,0.01125350159930531
1542,1771,229,0.1145,0.013062910743465182
1528,1764,236,0.118,0.011308838485023443
1520,1760,240,0.12,0.012721514826553175
1574,1787,213,0.1065,0.010182486425169814
1426,1713,287,0.1435,0.01001263884437504
1544,1772,228,0.114,0.010881238417499852
1482,1741,259,0.1295,0.012309766147111077
1522,1761,239,0.1195,0.01764338032212027
1574,1787,213,0.1065,0.01393996365178051
1552,1776,224,0.112,0.012200862343830523
1540,1770,230,0.115,0.010452575899194926
1598,1799,201,0.1005,0.0076247810459244645
1512,1756,244,0.122,0.010788107592036831
1478,1739,261,0.1305,0.011364964069944207
1558,1779,221,0.1105,0.010814991055554855
1536,1768,232,0.116,0.00997080553610067
1522,1761,239,0.1195,0.01091032625533336
1564,1782,218,0.109,0.010836195519557805
1632,1816,184,0.092,0.008141354767314623
1548,1774,226,0.113,0.0069685568092754694
1584,1792,208,0.104,0.007751652490027482
1548,1774,226,0.113,0.007703678034128053
1542,1771,229,0.1145,0.00964674580349194
1524,1762,238,0.119,0.01056802038097522
1502,1751,249,0.1245,0.009782283318032107
1570,1785,215,0.1075,0.008895985700772144
1466,1733,267,0.1335,0.012761226673177192
1554,1777,223,0.1115,0.00996793261245739
1566,1783,217,0.1085,0.009257887359592131
1536,1768,232,0.116,0.009321657321648679
1534,1767,233,0.1165,0.009242633104591419
1478,1739,261,0.1305,0.011634561290337665
1550,1775,225,0.1125,0.008622876783367246
1524,1762,238,0.119,0.008349087516374084
1558,1779,221,0.1105,0.00941514908790893
1520,1760,240,0.12,0.009636665985170111
1480,1740,260,0.13,0.01215516042963742
1568,1784,216,0.108,0.008392502822011011
1588,1794,206,0.103,0.0075272223057982045
1496,1748,252,0.126,0.007435407664277591
1516,1758,242,0.121,0.008683235710772912
1496,1748,252,0.126,0.008388765616259498
1544,1772,228,0.114,0.010857347866834892
1574,1787,213,0.1065,0.008580552503757645
1570,1785,215,0.1075,0.008803152478256379
1496,1748,252,0.126,0.00838797962920944
1590,1795,205,0.1025,0.008354111124412157
1452,1726,274,0.137,0.012797184803338546
1500,1750,250,0.125,0.012232468746700469
1554,1777,223,0.1115,0.01073433551628841
1608,1804,196,0.098,0.00928882847773093
1538,1769,231,0.1155,0.008268253211543198
1500,1750,250,0.125,0.010302355038409587
1534,1767,233,0.1165,0.01027191809299984
1452,1726,274,0.137,0.011883025163086132
1516,1758,242,0.121,0.011045718106637651
1516,1758,242,0.121,0.011730644921073697
1590,1795,205,0.1025,0.010654922976973473
1468,1734,266,0.133,0.010989910962400757
1500,1750,250,0.125,0.010198352653986149
1542,1771,229,0.1145,0.010902662987100215
1500,1750,250,0.125,0.011872161708749296
1472,1736,264,0.132,0.01044381150754635
1636,1818,182,0.091,0.010768628720273725
1504,1752,248,0.124,0.010708309207402643
1532,1766,234,0.117,0.010606150992156472
1540,1770,230,0.115,0.011297738890329128
1536,1768,232,0.116,0.010061813540465665
1568,1784,216,0.108,0.00909279403388792
1510,1755,245,0.1225,0.012126218147589952
1546,1773,227,0.1135,0.011356532725912992
1618,1809,191,0.0955,0.010324302586540853
1620,1810,190,0.095,0.009108991955766215
1564,1782,218,0.109,0.009356545653834474
1516,1758,242,0.121,0.01614623902719177
1500,1750,250,0.125,0.012097150176168463
1558,1779,221,0.1105,0.010929319231858244
1568,1784,216,0.108,0.0129934431702494
1576,1788,212,0.106,0.0112681693766826
1548,1774,226,0.113,0.010074627405265353
1474,1737,263,0.1315,0.013187113011484826
1510,1755,245,0.1225,0.01210117639698774
1488,1744,256,0.128,0.013540202437201514
1532,1766,234,0.117,0.01342638071681722
1516,1758,242,0.121,0.011340561169951123
1568,1784,216,0.108,0.010585098284704301
1518,1759,241,0.1205,0.010127341125176628
1574,1787,213,0.1065,0.008491057091014227
1540,1770,230,0.115,0.00917388182612745
1536,1768,232,0.116,0.010323159885875505
1528,1764,236,0.118,0.009104612755036214
1506,1753,247,0.1235,0.009188406441296329
1580,1790,210,0.105,0.008000815398801934
1568,1784,216,0.108,0.007576021028497059
1492,1746,254,0.127,0.008922115163091746
1482,1741,259,0.1295,0.010702322623581267
1568,1784,216,0.108,0.01037348790850956
1632,1816,184,0.092,0.008090147059190457
1592,1796,204,0.102,0.008944975924998289
1548,1774,226,0.113,0.010270078420056962
1520,1760,240,0.12,0.009493203079968225
1510,1755,245,0.1225,0.011386015226831688
1526,1763,237,0.1185,0.011054047228476988
1508,1754,246,0.123,0.009814115086133824
1550,1775,225,0.1125,0.00711792763782433
1470,1735,265,0.1325,0.008350031230409513
1536,1768,232,0.116,0.008612274593327151
1556,1778,222,0.111,0.009946920005779248
1570,1785,215,0.1075,0.008226584901043686
1522,1761,239,0.1195,0.010091820326531895
1516,1758,242,0.121,0.008962893775460543
1506,1753,247,0.1235,0.009692428718291922
1582,1791,209,0.1045,0.00914931980120224
1554,1777,223,0.1115,0.010679834799477369
1518,1759,241,0.1205,0.008920437808062332
1562,1781,219,0.1095,0.008198291219305254
1600,1800,200,0.1,0.007553278891078669
1472,1736,264,0.132,0.008588058254259522
1564,1782,218,0.109,0.007819979425607023
1542,1771,229,0.1145,0.009881531617167639
1464,1732,268,0.134,0.011001090109697543
1450,1725,275,0.1375,0.012061062167806086
1494,1747,253,0.1265,0.010675963892950677
1482,1741,259,0.1295,0.011811671974486671
1476,1738,262,0.131,0.01077985707464245
1426,1713,287,0.1435,0.011740746753290296
1532,1766,234,0.117,0.009203513402643694
1614,1807,193,0.0965,0.00839856470575615
1478,1739,261,0.1305,0.008023955583092175
1570,1785,215,0.1075,0.006475779955304461
1536,1768,232,0.116,0.007130534506213735
1604,1802,198,0.099,0.005316073771420633
1518,1759,241,0.1205,0.005838986035611015
1606,1803,197,0.0985,0.005375449387123808
1546,1773,227,0.1135,0.00691983224663273
1540,1770,230,0.115,0.007110373618004438
1566,1783,217,0.1085,0.006761278381047312
1562,1781,219,0.1095,0.0069013987397192975
1574,1787,213,0.1065,0.007328915871912613
1558,1779,221,0.1105,0.0076662572992790955
1526,1763,237,0.1185,0.008255506417410416
1560,1780,220,0.11,0.007319001829106128
1548,1774,226,0.113,0.007228216778166868
1486,1743,257,0.1285,0.00833734793877676
1434,1717,283,0.1415,0.008983886884932879
1448,1724,276,0.138,0.008111116229993059
1558,1779,221,0.1105,0.0073615930285013745
1474,1737,263,0.1315,0.0069281376682629485
1568,1784,216,0.108,0.005827246092569112
1474,1737,263,0.1315,0.0057987427470943655
1572,1786,214,0.107,0.004663466073269689
1580,1790,210,0.105,0.007170223349877631
1538,1769,231,0.1155,0.006947906054391311
1484,1742,258,0.129,0.006438842050134554
1572,1786,214,0.107,0.005894928433836654
1538,1769,231,0.1155,0.007430068503825176
1532,1766,234,0.117,0.006241268545458297
1484,1742,258,0.129,0.006022841474110692
1518,1759,241,0.1205,0.00839055199968459
1558,1779,221,0.1105,0.005388411078311037
1518,1759,241,0.1205,0.006779236022388304
1546,1773,227,0.1135,0.005137252879489097
1568,1784,216,0.108,0.007222987175628077
1466,1733,267,0.1335,0.0084644758939164
1574,1787,213,0.1065,0.006027400239721935
1576,1788,212,0.106,0.005756318445748001
1542,1771,229,0.1145,0.00658249162552238
1502,1751,249,0.1245,0.005380616034165769
1496,1748,252,0.126,0.0067294810343883
1504,1752,248,0.124,0.006567316084814699
1526,1763,237,0.1185,0.004528553327632842
1516,1758,242,0.121,0.005109955633161917
1614,1807,193,0.0965,0.005204180866829134
1458,1729,271,0.1355,0.0060101785487204325
1556,1778,222,0.111,0.004113103507377673
1474,1737,263,0.1315,0.00577602267673047
1462,1731,269,0.1345,0.005350487557021551
1518,1759,241,0.1205,0.005326642223924864
1484,1742,258,0.129,0.004862910857948009
1428,1714,286,0.143,0.005570434137399389
1530,1765,235,0.1175,0.004857291248255933
1498,1749,251,0.1255,0.006350612571338409
1612,1806,194,0.097,0.004038047805652241
1566,1783,217,0.1085,0.0033936110897338947
1512,1756,244,0.122,0.004618612596933858
1538,1769,231,0.1155,0.0036735890700656457
1520,1760,240,0.12,0.0034374824711558174
1518,1759,241,0.1205,0.004145041788360693
1542,1771,229,0.1145,0.0035381008375043165
1348,1674,326,0.163,0.004957427754823584
1588,1794,206,0.103,0.0035614683138078364
1494,1747,253,0.1265,0.003805179936772653
1578,1789,211,0.1055,0.002589871691321612
1558,1779,221,0.1105,0.0026823594167835834
1498,1749,251,0.1255,0.0031664489281829447
1544,1772,228,0.114,0.0036293581668214755
1524,1762,238,0.119,0.003300693115990725
1488,1744,256,0.128,0.0031573511757724193
1448,1724,276,0.138,0.00388990172006379
1490,1745,255,0.1275,0.005132543144427472
1468,1734,266,0.133,0.005006374783931094
1450,1725,275,0.1375,0.004827453182959289
1568,1784,216,0.108,0.004968826672367875
1604,1802,198,0.099,0.003361293265457789
1558,1779,221,0.1105,0.002382663856522413
1496,1748,252,0.126,0.003191738315676652
1514,1757,243,0.1215,0.0031262321256072026
1568,1784,216,0.108,0.0030820549277268583
1536,1768,232,0.116,0.0030340307849219244
1572,1786,214,0.107,0.0030140317711193345
1472,1736,264,0.132,0.004894707998522797
1500,1750,250,0.125,0.0035957866818789627
1538,1769,231,0.1155,0.0033019364538922746
1626,1813,187,0.0935,0.003217215758500977
1572,1786,214,0.107,0.002600967670193647
1474,1737,263,0.1315,0.0032064483985982405
1526,1763,237,0.1185,0.0031980695568599913
1522,1761,239,0.1195,0.003286330676797661
1510,1755,245,0.1225,0.0029050840205018177
1512,1756,244,0.122,0.0035521014222613303
1544,1772,228,0.114,0.003618163097606157
1488,1744,256,0.128,0.003464501713518985
1506,1753,247,0.1235,0.005088284490815113
1552,1776,224,0.112,0.003310842507618936
1432,1716,284,0.142,0.004418024447702926
1544,1772,228,0.114,0.00442470722940017
1524,1762,238,0.119,0.004021958080280456
1508,1754,246,0.123,0.004335772142285059
1534,1767,233,0.1165,0.003510417603494716
1468,1734,266,0.133,0.004682477200913133
1522,1761,239,0.1195,0.0037323245370498625
1580,1790,210,0.105,0.0029647424153372414
1584,1792,208,0.104,0.0026864404237421694
1466,1733,267,0.1335,0.0033005553578223045
1588,1794,206,0.103,0.003225834983284592
1434,1717,283,0.1415,0.006416327130980889
1564,1782,218,0.109,0.0033832904526498167
1572,1786,214,0.107,0.003430045756855506
1566,1783,217,0.1085,0.004011925244267332
1492,1746,254,0.127,0.003742445849252647
1500,1750,250,0.125,0.0029608504372881724
1466,1733,267,0.1335,0.002991036390658337
1648,1824,176,0.088,0.0029919025679291736
1544,1772,228,0.114,0.004109588433844941
1452,1726,274,0.137,0.004795630417982466
1496,1748,252,0.126,0.005081635177033604
1476,1738,262,0.131,0.004679682520531059
1526,1763,237,0.1185,0.0034537297678907636
1506,1753,247,0.1235,0.0032554673077247642
1610,1805,195,0.0975,0.00272733349415649
1536,1768,232,0.116,0.0035762871538846924
1486,1743,257,0.1285,0.0034226111849275185
1612,1806,194,0.097,0.0038324144588405035
1476,1738,262,0.131,0.004189113288302906
1506,1753,247,0.1235,0.003999577800925181
1506,1753,247,0.1235,0.0033625520687055543
1472,1736,264,0.132,0.003820492816346814
1504,1752,248,0.124,0.004464082508158768
1564,1782,218,0.109,0.0050739755589829655
1520,1760,240,0.12,0.005446007913342335
1482,1741,259,0.1295,0.004123246816160801
1564,1782,218,0.109,0.0032710104352299822
1524,1762,238,0.119,0.0036202384090720584
1582,1791,209,0.1045,0.0032658788785047362
1580,1790,210,0.105,0.0027269108684267918
1574,1787,213,0.1065,0.0036109262412666824
1488,1744,256,0.128,0.0034771081734151182
1510,1755,245,0.1225,0.0042338048133337405
1584,1792,208,0.104,0.0037632348634651864
1504,1752,248,0.124,0.004643209604939329
1516,1758,242,0.121,0.003925561576220388
1500,1750,250,0.125,0.0036975900576540753
1322,1661,339,0.1695,0.006832792946021073
1496,1748,252,0.126,0.00510769864366739
1498,1749,251,0.1255,0.0046325060358140034
1514,1757,243,0.1215,0.004959472456786898
1478,1739,261,0.1305,0.004232327569967317
1592,1796,204,0.102,0.003457011540194799
1598,1799,201,0.1005,0.004011665333433491
1562,1781,219,0.1095,0.0031385724213469075
1542,1771,229,0.1145,0.004658870319472044
1526,1763,237,0.1185,0.0031054830360226333
1558,1779,221,0.1105,0.0035916089213933445
1544,1772,228,0.114,0.0030924903850536793
1528,1764,236,0.118,0.0028757156160663724
1526,1763,237,0.1185,0.0035258672676500282
1546,1773,227,0.1135,0.0036152427320703283
1552,1776,224,0.112,0.004637441992366803
1386,1693,307,0.1535,0.005987966323085857
1542,1771,229,0.1145,0.004304039204740547
1532,1766,234,0.117,0.0047494602161861155
1470,1735,265,0.1325,0.005177961603825679
1584,1792,208,0.104,0.003897810835949052
1546,1773,227,0.1135,0.004411991638669861
1522,1761,239,0.1195,0.0048505995686828176
1554,1777,223,0.1115,0.002700659935449046
1506,1753,247,0.1235,0.0034497329204241467
1524,1762,238,0.119,0.002990076965725194
1610,1805,195,0.0975,0.002784192372841062
1462,1731,269,0.1345,0.003992537489561982
1490,1745,255,0.1275,0.004710446134707716
1570,1785,215,0.1075,0.004244219257161603
1466,1733,267,0.1335,0.004617962611319513
1522,1761,239,0.1195,0.004883849210548078
1570,1785,215,0.1075,0.0035345090560224435
1522,1761,239,0.1195,0.0035490036288538247
1590,1795,205,0.1025,0.0029457804184785347
1580,1790,210,0.105,0.0032883534793945726
1430,1715,285,0.1425,0.005229969065403445
1516,1758,242,0.121,0.005103949894772085
1558,1779,221,0.1105,0.007812229754213355
1394,1697,303,0.1515,0.006215820148480816
1566,1783,217,0.1085,0.003971081394840439
1508,1754,246,0.123,0.003945517898297112
1544,1772,228,0.114,0.004146193961511017
1480,1740,260,0.13,0.00524532492503932
1364,1682,318,0.159,0.00664214687054104
1556,1778,222,0.111,0.0056812064472951534
1500,1750,250,0.125,0.006447872893200845
1518,1759,241,0.1205,0.00588293891819194
1630,1815,185,0.0925,0.0036018318791257967
1508,1754,246,0.123,0.004034113255285803
1438,1719,281,0.1405,0.00539361868485868
1562,1781,219,0.1095,0.0037178949944354825
1570,1785,215,0.1075,0.0030926384499762208
1564,1782,218,0.109,0.0029024253851093816
1570,1785,215,0.1075,0.0026699982094542064
1458,1729,271,0.1355,0.0034448074055544566
1542,1771,229,0.1145,0.0038495774041275013
1540,1770,230,0.115,0.0039223989516031
1500,1750,250,0.125,0.004210866426034499
1488,1744,256,0.128,0.004795411480139592
1536,1768,232,0.116,0.004019104649653301
1478,1739,261,0.1305,0.0045151377006224895
1568,1784,216,0.108,0.0037780993043343186
1594,1797,203,0.1015,0.004763657350926231
1554,1777,223,0.1115,0.0038299693023109284
1514,1757,243,0.1215,0.004444582725322107
1652,1826,174,0.087,0.0035534436898087733
1504,1752,248,0.124,0.003620737611694501
1562,1781,219,0.1095,0.003961712445117883
1562,1781,219,0.1095,0.0035679792548617114
1564,1782,218,0.109,0.0038509914344977006
1566,1783,217,0.1085,0.005411337243232999
1548,1774,226,0.113,0.004648876967712568
1594,1797,203,0.1015,0.003709549843203618
1464,1732,268,0.134,0.005330052159127263
1510,1755,245,0.1225,0.004580547697813017
1562,1781,219,0.1095,0.004410897850932087
1496,1748,252,0.126,0.004681889041123213
1494,1747,253,0.1265,0.004869809428186272
1510,1755,245,0.1225,0.004743779075749749
1406,1703,297,0.1485,0.005891740595048759
1598,1799,201,0.1005,0.005095460424647172
1534,1767,233,0.1165,0.0058099514359346354
1460,1730,270,0.135,0.0060382158834136135
1544,1772,228,0.114,0.0033897575209994174
1620,1810,190,0.095,0.0028665369561191836
1586,1793,207,0.1035,0.0034497277458004874
1474,1737,263,0.1315,0.004889450672329985
1570,1785,215,0.1075,0.0032565193560440166
1536,1768,232,0.116,0.0037636724989715802
1570,1785,215,0.1075,0.0033996150842376663
1418,1709,291,0.1455,0.004097256339268014
1492,1746,254,0.127,0.004234278456475472
1520,1760,240,0.12,0.0033976083845125233
1478,1739,261,0.1305,0.003801921195365139
1556,1778,222,0.111,0.004408920108689926
1532,1766,234,0.117,0.0034439618122250977
1498,1749,251,0.1255,0.003971914772002492
1552,1776,224,0.112,0.0035235321104264586
1594,1797,203,0.1015,0.003174328756500472
1568,1784,216,0.108,0.002903957231480959
1620,1810,190,0.095,0.0024692185501897015
1600,1800,200,0.1,0.0027128246802458305
1548,1774,226,0.113,0.0028207505794416647
1492,1746,254,0.127,0.003363965156560887
1520,1760,240,0.12,0.0036896340260718858
1636,1818,182,0.091,0.002860029621697322
1492,1746,254,0.127,0.0036148820684975365
1432,1716,284,0.142,0.003533930999117729
1602,1801,199,0.0995,0.002670331019794027
1492,1746,254,0.127,0.003425799634453142
1642,1821,179,0.0895,0.0023908625932599534
1576,1788,212,0.106,0.003047895798154059
1594,1797,203,0.1015,0.0026464113348629325
1552,1776,224,0.112,0.0031352392109893117
1526,1763,237,0.1185,0.00298560527592781
1606,1803,197,0.0985,0.0020947177423622705
1578,1789,211,0.1055,0.002528534748722457
1574,1787,213,0.1065,0.0020548913268139657
1538,1769,231,0.1155,0.0026789531075992272
1616,1808,192,0.096,0.002705828002362978
1544,1772,228,0.114,0.0034384054305119276
1508,1754,246,0.123,0.003081566587163252
1502,1751,249,0.1245,0.003975048777738266
1492,1746,254,0.127,0.0026770540700963466
1530,1765,235,0.1175,0.002914342605430271
1562,1781,219,0.1095,0.0027215411859870075
1494,1747,253,0.1265,0.003933752365228429
1578,1789,211,0.1055,0.0031942461054422894
1478,1739,261,0.1305,0.0036689327461399443
1598,1799,201,0.1005,0.0029215166157810016
1528,1764,236,0.118,0.003283203803366689
1532,1766,234,0.117,0.0034557679517020004
1508,1754,246,0.123,0.0035406369741103846
1570,1785,215,0.1075,0.0032304570719861657
1538,1769,231,0.1155,0.003290656441982719
1400,1700,300,0.15,0.004312946398008776
1546,1773,227,0.1135,0.0038538502044966664
1544,1772,228,0.114,0.004057270146920935
1544,1772,228,0.114,0.0038005506405263604
1580,1790,210,0.105,0.003008700357880123
1522,1761,239,0.1195,0.0035689855566743063
1460,1730,270,0.135,0.004223775129052228
1424,1712,288,0.144,0.0043549637489354465
1478,1739,261,0.1305,0.005580340769825853
1434,1717,283,0.1415,0.006248942518985132
1498,1749,251,0.1255,0.004754756791866392
1548,1774,226,0.113,0.004540417482479825
1540,1770,230,0.115,0.0035024885432103476
1514,1757,243,0.1215,0.003805887932856429
1510,1755,245,0.1225,0.0035007239840952023
1510,1755,245,0.1225,0.004071877074529766
1518,1759,241,0.1205,0.004127345472210436
1504,1752,248,0.124,0.004116515296256694
1498,1749,251,0.1255,0.004346855111791228
1500,1750,250,0.125,0.004718546418109326
1552,1776,224,0.112,0.0037017603006315766
1568,1784,216,0.108,0.002873005594155984
1472,1736,264,0.132,0.004030202189300603
1592,1796,204,0.102,0.0036297671976569176
1564,1782,218,0.109,0.0047348826360321256
1614,1807,193,0.0965,0.00279366621808731
1524,1762,238,0.119,0.006073458262168877
1638,1819,181,0.0905,0.0027504581867770026
1480,1740,260,0.13,0.0045178028550872116
1544,1772,228,0.114,0.00425251741877338
1626,1813,187,0.0935,0.003163212215316889
1510,1755,245,0.1225,0.004125490688922582
1478,1739,261,0.1305,0.004388642690508277
1520,1760,240,0.12,0.004326160714908255
1462,1731,269,0.1345,0.005116359184614893
1576,1788,212,0.106,0.004395679368448327
1534,1767,233,0.1165,0.005604968621622902
1520,1760,240,0.12,0.005544869314326888
1412,1706,294,0.147,0.007765669081301894
1440,1720,280,0.14,0.006023701074908317
1500,1750,250,0.125,0.006361162883529687
1552,1776,224,0.112,0.004829511461182854
1536,1768,232,0.116,0.004420644086290849
1538,1769,231,0.1155,0.0049111917284390075
1612,1806,194,0.097,0.005191693757747999
1572,1786,214,0.107,0.004859078660709201
1536,1768,232,0.116,0.0038702796084497918
1596,1798,202,0.101,0.004074189565260894
1568,1784,216,0.108,0.004117952016953495
1548,1774,226,0.113,0.006452579768199939
1530,1765,235,0.1175,0.005831272237358931
1520,1760,240,0.12,0.005527561908354983
1516,1758,242,0.121,0.005811485274534789
1610,1805,195,0.0975,0.0033486550372617786
1580,1790,210,0.105,0.003927413535100641
1516,1758,242,0.121,0.004122150411932353
1538,1769,231,0.1155,0.004491619659005664
1542,1771,229,0.1145,0.004579651021656922
1572,1786,214,0.107,0.004337069411092671
1584,1792,208,0.104,0.003275481437536655
1648,1824,176,0.088,0.003674120940631852
1530,1765,235,0.1175,0.003996638928580644
1506,1753,247,0.1235,0.004338108927506269
1560,1780,220,0.11,0.0035744982683572745
1532,1766,234,0.117,0.003338066849682939
1570,1785,215,0.1075,0.003925587516147061
1548,1774,226,0.113,0.0031806060292597633
1510,1755,245,0.1225,0.0034024147844465913
1564,1782,218,0.109,0.0033261327324707038
1516,1758,242,0.121,0.003563506621954737
1506,1753,247,0.1235,0.003930325181019732
1418,1709,291,0.1455,0.004015793541126186
1460,1730,270,0.135,0.0053844702661590416
1482,1741,259,0.1295,0.004409457380397726
1552,1776,224,0.112,0.0036034251910782586
1464,1732,268,0.134,0.004541079626651481
1558,1779,221,0.1105,0.004027188373785414
1520,1760,240,0.12,0.00407628764875858
1566,1783,217,0.1085,0.0032814521831678574
1514,1757,243,0.1215,0.004055452538740802
1482,1741,259,0.1295,0.004030736677232205
1564,1782,218,0.109,0.0033358584068955677
1476,1738,262,0.131,0.0044129162312674455
1598,1799,201,0.1005,0.003157018100930145
1474,1737,263,0.1315,0.004907057390431874
1474,1737,263,0.1315,0.0038030935814167607
1470,1735,265,0.1325,0.0034661630074060666
1540,1770,230,0.115,0.004175548786670561
1590,1795,205,0.1025,0.003011925115250051
1496,1748,252,0.126,0.0041303701442229794
1516,1758,242,0.121,0.004020903607532091
1502,1751,249,0.1245,0.004232140156082373
1572,1786,214,0.107,0.0032321135434904137
1500,1750,250,0.125,0.005000034616120367
1506,1753,247,0.1235,0.004986842665908625
1434,1717,283,0.1415,0.005241296793815365
1564,1782,218,0.109,0.00423798495174561
1500,1750,250,0.125,0.004554503587749892
1632,1816,184,0.092,0.0034384741639805726
1528,1764,236,0.118,0.0029495589278812984
1594,1797,203,0.1015,0.00347871724523975
1446,1723,277,0.1385,0.0037580245052163904
1538,1769,231,0.1155,0.0038428535523710537
1608,1804,196,0.098,0.003276185622011141
1496,1748,252,0.126,0.004340573209585273
1486,1743,257,0.1285,0.00513054280585493
1544,1772,228,0.114,0.0042149899339710825
1558,1779,221,0.1105,0.005165821273330977
1528,1764,236,0.118,0.004730888158170274
1542,1771,229,0.1145,0.003965311033870023
1574,1787,213,0.1065,0.003612354180717375
1512,1756,244,0.122,0.003985012913646642
1472,1736,264,0.132,0.003506047692077132
1536,1768,232,0.116,0.005303239133629411
1590,1795,205,0.1025,0.0034314111617495726
1530,1765,235,0.1175,0.003929113880672958
1598,1799,201,0.1005,0.003793362118045366
1428,1714,286,0.143,0.005046035464445595
1506,1753,247,0.1235,0.0051218579585838595
1440,1720,280,0.14,0.005371534517580592
1514,1757,243,0.1215,0.004556237954675453
1452,1726,274,0.137,0.004937130276841352
1498,1749,251,0.1255,0.004446483955354779
1500,1750,250,0.125,0.005247675597505811
1608,1804,196,0.098,0.0042042578288019284
1510,1755,245,0.1225,0.004454138072323992
1528,1764,236,0.118,0.004374856222540984
1484,1742,258,0.129,0.005188721812446602
1548,1774,226,0.113,0.005697481142764445
1548,1774,226,0.113,0.00471094985364698
1476,1738,262,0.131,0.006058902686298204
1566,1783,217,0.1085,0.004029392473603366
1522,1761,239,0.1195,0.004194533604913488
1616,1808,192,0.096,0.003809816036504344
1520,1760,240,0.12,0.004084435046621366
1524,1762,238,0.119,0.004288527322798025
1502,1751,249,0.1245,0.004870534169691382
1582,1791,209,0.1045,0.00495470491620771
1556,1778,222,0.111,0.005164526480047641
1526,1763,237,0.1185,0.0053327510474491645
1524,1762,238,0.119,0.0052472396929224485
1464,1732,268,0.134,0.004705611248733476
1564,1782,218,0.109,0.004290966903441586
1534,1767,233,0.1165,0.004412806987444128
1502,1751,249,0.1245,0.006563151471491438
1474,1737,263,0.1315,0.0067589849513897205
1432,1716,284,0.142,0.007161182199022733
1450,1725,275,0.1375,0.006336977061087964
1496,1748,252,0.126,0.0053973048239131455
1546,1773,227,0.1135,0.004295095337843364
1538,1769,231,0.1155,0.004125240665001911
1562,1781,219,0.1095,0.004537607063291944
1458,1729,271,0.1355,0.004991935746977113
1490,1745,255,0.1275,0.005281922367361254
1524,1762,238,0.119,0.004122646655261633
1552,1776,224,0.112,0.004562172617763281
1516,1758,242,0.121,0.004196046655968857
1530,1765,235,0.1175,0.003499930389371002
1548,1774,226,0.113,0.003906649929740524
1558,1779,221,0.1105,0.0037719386359021884
1528,1764,236,0.118,0.0042042664788095865
1578,1789,211,0.1055,0.0041307450908061585
1610,1805,195,0.0975,0.0037989191596279853
1562,1781,219,0.1095,0.004041025178798016
1520,1760,240,0.12,0.004399348299880828
1448,1724,276,0.138,0.0046490434801926385
1540,1770,230,0.115,0.005452939845228819
1500,1750,250,0.125,0.005328751249966445
1490,1745,255,0.1275,0.005363615708163707
1516,1758,242,0.121,0.004365639898775043
1574,1787,213,0.1065,0.0050876193413423604
1498,1749,251,0.1255,0.005573037799797021
1580,1790,210,0.105,0.004497578447058914
1490,1745,255,0.1275,0.005548327024909668
1482,1741,259,0.1295,0.006510276614222676
1568,1784,216,0.108,0.005872923155868201
1498,1749,251,0.1255,0.005190666198221151
1514,1757,243,0.1215,0.005905599384830566
1526,1763,237,0.1185,0.005792892551951809
1564,1782,218,0.109,0.005745935002800252
1504,1752,248,0.124,0.0070162540836318
1488,1744,256,0.128,0.0064721639079289165
1520,1760,240,0.12,0.006293819858645293
1504,1752,248,0.124,0.0063407531559770474
1528,1764,236,0.118,0.006441143172210786
1480,1740,260,0.13,0.007241874804312829
1542,1771,229,0.1145,0.006407278042606776
1596,1798,202,0.101,0.006558286001309171
1504,1752,248,0.124,0.007138704037657597
1434,1717,283,0.1415,0.007538823476032121
1554,1777,223,0.1115,0.0067817770345136525
1524,1762,238,0.119,0.006698083272000077
1528,1764,236,0.118,0.006045486638540815
1570,1785,215,0.1075,0.005861967910204385
1466,1733,267,0.1335,0.006055760102841304
1528,1764,236,0.118,0.006949946874893442
1442,1721,279,0.1395,0.008642541475448524
1502,1751,249,0.1245,0.007663074682916886
1628,1814,186,0.093,0.0054238106110691435
1506,1753,247,0.1235,0.007051433639473551
1526,1763,237,0.1185,0.0062432027118920815
1544,1772,228,0.114,0.0073093481082486915
1554,1777,223,0.1115,0.007402175749849903
1518,1759,241,0.1205,0.007247729143913603
1460,1730,270,0.135,0.009167763622837818
1504,1752,248,0.124,0.0062066975457419175
1552,1776,224,0.112,0.0050468421474251955
1532,1766,234,0.117,0.006157487438293174
1470,1735,265,0.1325,0.006894270459631066
1642,1821,179,0.0895,0.005481165129343481
1590,1795,205,0.1025,0.005104181471455377
1554,1777,223,0.1115,0.005278220379469929
1556,1778,222,0.111,0.004728753344101278
1524,1762,238,0.119,0.004957388554051477
1576,1788,212,0.106,0.0047241322989575564
1672,1836,164,0.082,0.004983037464422523
1542,1771,229,0.1145,0.005593954195152037
1522,1761,239,0.1195,0.006508145833126037
1526,1763,237,0.1185,0.006715462307911366
1580,1790,210,0.105,0.0059664199548660765
1516,1758,242,0.121,0.007685079267015687
1528,1764,236,0.118,0.00612406308763579
1582,1791,209,0.1045,0.005314469041021085
1588,1794,206,0.103,0.006172716059342804
1472,1736,264,0.132,0.00721282225946198
1542,1771,229,0.1145,0.007519082501385128
1540,1770,230,0.115,0.0072720708084962095
1526,1763,237,0.1185,0.007779832679312676
1578,1789,211,0.1055,0.005741766512335744
1560,1780,220,0.11,0.005640502175600887
1602,1801,199,0.0995,0.00732606503064973
1466,1733,267,0.1335,0.0072122244508063885
1586,1793,207,0.1035,0.006779185428990324
1612,1806,194,0.097,0.006128330680978252
1464,1732,268,0.134,0.005229023987312758
1614,1807,193,0.0965,0.004695750830207544
1570,1785,215,0.1075,0.005302373183333657
1634,1817,183,0.0915,0.005089560097461799
1514,1757,243,0.1215,0.007246737112174749
1578,1789,211,0.1055,0.00598708503347774
1538,1769,231,0.1155,0.006471871708776916
1594,1797,203,0.1015,0.005494510378775885
1560,1780,220,0.11,0.006237653237189327
1502,1751,249,0.1245,0.007273906044210889
1484,1742,258,0.129,0.006461886320292251
1422,1711,289,0.1445,0.009123421121291586
1434,1717,283,0.1415,0.010289979504945222
1448,1724,276,0.138,0.011095987907028758
1452,1726,274,0.137,0.010474864344737525
1584,1792,208,0.104,0.007680681935773464
1440,1720,280,0.14,0.006649371385190534
1440,1720,280,0.14,0.0069426334541931286
1552,1776,224,0.112,0.004627668026718311
1588,1794,206,0.103,0.004855404356392455
1506,1753,247,0.1235,0.005360432627097417
1610,1805,195,0.0975,0.005311154597628047
1488,1744,256,0.128,0.00490823482687847
1460,1730,270,0.135,0.005181455323150658
1620,1810,190,0.095,0.003444074002029822
1614,1807,193,0.0965,0.003418814010437927
1564,1782,218,0.109,0.003975259126847959
1524,1762,238,0.119,0.004824840055051027
1470,1735,265,0.1325,0.004676926983054826
1558,1779,221,0.1105,0.003803680453612756
1474,1737,263,0.1315,0.004475980156916201
1588,1794,206,0.103,0.003179444554120266
1514,1757,243,0.1215,0.0030961570581712295
1526,1763,237,0.1185,0.003797595130003174
1448,1724,276,0.138,0.004843071795650758
1526,1763,237,0.1185,0.004020374799392634
1550,1775,225,0.1125,0.0035782120908479627
1532,1766,234,0.117,0.003391643711314835
1546,1773,227,0.1135,0.0030492998121553682
1512,1756,244,0.122,0.002949186178799046
1516,1758,242,0.121,0.0036055792268372216
1540,1770,230,0.115,0.003351580676891899
1528,1764,236,0.118,0.005316867114353982
1594,1797,203,0.1015,0.0049327382828123515
1604,1802,198,0.099,0.0027429460386277143
1496,1748,252,0.126,0.005154319445264072
1598,1799,201,0.1005,0.0026561374827651888
1566,1783,217,0.1085,0.0032439589830755722
1570,1785,215,0.1075,0.003086376128728034
1462,1731,269,0.1345,0.0034071030345749023
1548,1774,226,0.113,0.003435340499857773
1576,1788,212,0.106,0.003980818445823388
1534,1767,233,0.1165,0.003703545524702349
1534,1767,233,0.1165,0.003778816570818172
1554,1777,223,0.1115,0.0032739508075173944
1494,1747,253,0.1265,0.0038704463581816528
1556,1778,222,0.111,0.0031090316819797153
1584,1792,208,0.104,0.0030129550440597085
1488,1744,256,0.128,0.0029563141149301516
1622,1811,189,0.0945,0.0025431033477907477
1520,1760,240,0.12,0.0027713133232100517
1512,1756,244,0.122,0.0038402464927203327
1438,1719,281,0.1405,0.005818785702475004
1480,1740,260,0.13,0.004339051928080153
1470,1735,265,0.1325,0.005656379456719236
1504,1752,248,0.124,0.004258236496389145
1560,1780,220,0.11,0.004115345493235509
1486,1743,257,0.1285,0.003327052888969774
1540,1770,230,0.115,0.004318437520571024
1560,1780,220,0.11,0.0029417959604616044
1470,1735,265,0.1325,0.002914351129460556
1556,1778,222,0.111,0.0024800791789093635
1628,1814,186,0.093,0.0029051616335964495
1576,1788,212,0.106,0.002661164494496916
1486,1743,257,0.1285,0.0030726481530000526
1464,1732,268,0.134,0.0035014018422079973
1566,1783,217,0.1085,0.0031622405497691943
1524,1762,238,0.119,0.003009819698854699
1606,1803,197,0.0985,0.003590092205653491
1508,1754,246,0.123,0.004086741971877963
1548,1774,226,0.113,0.002670461769332178
1472,1736,264,0.132,0.003149686575619853
1574,1787,213,0.1065,0.0031602099590309083
1474,1737,263,0.1315,0.0044959855749766575
1512,1756,244,0.122,0.003932347414316624
1466,1733,267,0.1335,0.003966007949937477
1634,1817,183,0.0915,0.0026605252446646973
1592,1796,204,0.102,0.0027171535866509656
1530,1765,235,0.1175,0.003484144510265196
1548,1774,226,0.113,0.00352371847374161
1456,1728,272,0.136,0.0033968051858573817
1562,1781,219,0.1095,0.003504096909084183
1490,1745,255,0.1275,0.003972451969646513
1522,1761,239,0.1195,0.004522583757937582
1434,1717,283,0.1415,0.005013310238849954
1544,1772,228,0.114,0.004195232857107847
1480,1740,260,0.13,0.0046240689027763505
1502,1751,249,0.1245,0.006836690628711949
1502,1751,249,0.1245,0.004704998406545556
1492,1746,254,0.127,0.004936600819964958
1534,1767,233,0.1165,0.004147508264650248
1432,1716,284,0.142,0.005231417024720031
1464,1732,268,0.134,0.0042840466624963795
1532,1766,234,0.117,0.004928075443080175
1504,1752,248,0.124,0.003979443877637095
1490,1745,255,0.1275,0.003926192063780036
1492,1746,254,0.127,0.004106619441899511
1584,1792,208,0.104,0.0038492833344716927
1480,1740,260,0.13,0.0037978574760214414
1494,1747,253,0.1265,0.003900962408484709
1566,1783,217,0.1085,0.0027476374144571308
1456,1728,272,0.136,0.0030024238010810294
1486,1743,257,0.1285,0.00377046271123254
1488,1744,256,0.128,0.004338843605597504
1496,1748,252,0.126,0.004621575523204228
1482,1741,259,0.1295,0.004646555006092967
1456,1728,272,0.136,0.005213517088865046
1430,1715,285,0.1425,0.004536184968520501
1472,1736,264,0.132,0.005394972943529865
1572,1786,214,0.107,0.004064878064993536
1544,1772,228,0.114,0.004301440149276459
1514,1757,243,0.1215,0.0034308062553500347
1570,1785,215,0.1075,0.00404194618780275
1592,1796,204,0.102,0.002871027073211742
1568,1784,216,0.108,0.0026127620499466105
1600,1800,200,0.1,0.0034450788714439112
1502,1751,249,0.1245,0.003675016015622532
1598,1799,201,0.1005,0.003234211538634554
1608,1804,196,0.098,0.004210377200764924
1534,1767,233,0.1165,0.0034210840312734947
1432,1716,284,0.142,0.004917828796096728
1492,1746,254,0.127,0.004800799696757167
1548,1774,226,0.113,0.004573534407901178
1570,1785,215,0.1075,0.004635843446369108
1518,1759,241,0.1205,0.003596225820838299
1510,1755,245,0.1225,0.00546405034638471
1498,1749,251,0.1255,0.004747690488695831
1558,1779,221,0.1105,0.005122120900050504
1470,1735,265,0.1325,0.005285141543208738
1552,1776,224,0.112,0.006364538523193915
1520,1760,240,0.12,0.006523034686219461
1560,1780,220,0.11,0.0038478788632128344
1572,1786,214,0.107,0.002345210607069021
1546,1773,227,0.1135,0.004874341550671041
1572,1786,214,0.107,0.0027451151011337062
1550,1775,225,0.1125,0.004768136101101845
1464,1732,268,0.134,0.003984380060093827
1520,1760,240,0.12,0.004450387463512015
1484,1742,258,0.129,0.004103438626480056
1494,1747,253,0.1265,0.0038470909115335843
1528,1764,236,0.118,0.0030932250152134345
1564,1782,218,0.109,0.0032521445268483833
1586,1793,207,0.1035,0.002488673044837931
1586,1793,207,0.1035,0.002213322569623422
1566,1783,217,0.1085,0.0022588168900635566
1554,1777,223,0.1115,0.0033583567702153232
1546,1773,227,0.1135,0.0030753845615472527
1518,1759,241,0.1205,0.004269473965570796
1494,1747,253,0.1265,0.0040742949237615
1520,1760,240,0.12,0.004068686618935316
1448,1724,276,0.138,0.004445594359878115
1614,1807,193,0.0965,0.0030025771120126593
1444,1722,278,0.139,0.00362742388593324
1526,1763,237,0.1185,0.0038866101802123012
1500,1750,250,0.125,0.003031291368071834
1630,1815,185,0.0925,0.0031591496574928895
1480,1740,260,0.13,0.00365071247902722
1526,1763,237,0.1185,0.003702609957443201
1600,1800,200,0.1,0.0031568615548822976
1532,1766,234,0.117,0.0033232135818194023
1546,1773,227,0.1135,0.0035581696829758585
1458,1729,271,0.1355,0.004615000884565234
1564,1782,218,0.109,0.003984543498248968
1578,1789,211,0.1055,0.003104672809937057
1534,1767,233,0.1165,0.003580040703600396
1560,1780,220,0.11,0.002863202039174233
1558,1779,221,0.1105,0.003178496647509746
1502,1751,249,0.1245,0.004892289964584052
1474,1737,263,0.1315,0.004629148476429691
1524,1762,238,0.119,0.0034894925591652283
1546,1773,227,0.1135,0.002691682218843198
1588,1794,206,0.103,0.002953570025114459
1526,1763,237,0.1185,0.0033644570556170946
1542,1771,229,0.1145,0.0032787294301942324
1492,1746,254,0.127,0.004463927620105096
1478,1739,261,0.1305,0.0037317628011514898
1574,1787,213,0.1065,0.003018746494446532
1520,1760,240,0.12,0.0034552871148189296
1530,1765,235,0.1175,0.0035771874880883843
1544,1772,228,0.114,0.003863702943272074
1484,1742,258,0.129,0.0037372749161729076
1552,1776,224,0.112,0.0033668817497673445
1550,1775,225,0.1125,0.0029489181988392376
1510,1755,245,0.1225,0.0031617538421269274
1594,1797,203,0.1015,0.0025326778266153696
1572,1786,214,0.107,0.0037160996639868243
1556,1778,222,0.111,0.0027660347497003384
1646,1823,177,0.0885,0.0028867914850761738
1504,1752,248,0.124,0.0035047546419112122
1562,1781,219,0.1095,0.0031235780087008605
1480,1740,260,0.13,0.003840068787074415
1462,1731,269,0.1345,0.00488751814583884
1632,1816,184,0.092,0.0036910853811132254
1496,1748,252,0.126,0.005354523128757137
1546,1773,227,0.1135,0.0036837225973649764
1560,1780,220,0.11,0.004231322602063301
1534,1767,233,0.1165,0.004445089153712616
1554,1777,223,0.1115,0.004759298155731812
1556,1778,222,0.111,0.004150583982467652
1516,1758,242,0.121,0.004211791778478073
1548,1774,226,0.113,0.003808687736731372
1452,1726,274,0.137,0.004731052034362151
1610,1805,195,0.0975,0.0036122800577868476
1518,1759,241,0.1205,0.003984839344853242
1476,1738,262,0.131,0.004875919652971796
1464,1732,268,0.134,0.005761170141951879
1464,1732,268,0.134,0.004179038159555538
1630,1815,185,0.0925,0.004059812624173219
1518,1759,241,0.1205,0.0035969310084474275
1536,1768,232,0.116,0.0035799693746634063
1532,1766,234,0.117,0.003486609388462966
1550,1775,225,0.1125,0.003566103196833865
1536,1768,232,0.116,0.003999934751693217
1578,1789,211,0.1055,0.0026101122569853886
1528,1764,236,0.118,0.003350344411483576
1538,1769,231,0.1155,0.0038825593698320515
1524,1762,238,0.119,0.0036538465661360535
1616,1808,192,0.096,0.0034764068200747716
1488,1744,256,0.128,0.0035705376225948766
1526,1763,237,0.1185,0.004015259291940318
1416,1708,292,0.146,0.005107103853602893
1548,1774,226,0.113,0.004374229843582725
1594,1797,203,0.1015,0.004298104222398251
1512,1756,244,0.122,0.0035067569657621788
1516,1758,242,0.121,0.0033779142415337944
1548,1774,226,0.113,0.0034495190173404423
1548,1774,226,0.113,0.003771630191564327
1600,1800,200,0.1,0.002902425773903815
1494,1747,253,0.1265,0.003662415354825498
1530,1765,235,0.1175,0.003026739428808469
1466,1733,267,0.1335,0.0034191878791607453
1522,1761,239,0.1195,0.0035521055774443084
1558,1779,221,0.1105,0.0034435926335499973
1506,1753,247,0.1235,0.004594738478904716
1582,1791,209,0.1045,0.0038276327640924136
1576,1788,212,0.106,0.002613154210808716
1522,1761,239,0.1195,0.0030525462655859883
1458,1729,271,0.1355,0.003393826790499588
1528,1764,236,0.118,0.003104886058471095
1608,1804,196,0.098,0.002921268975987914
1508,1754,246,0.123,0.003549690490934154
1502,1751,249,0.1245,0.003462619421465206
1502,1751,249,0.1245,0.0030824730383756105
1476,1738,262,0.131,0.006886478112879559
1594,1797,203,0.1015,0.004834037314998575
1492,1746,254,0.127,0.00592500095970172
1578,1789,211,0.1055,0.00310045633718255
1526,1763,237,0.1185,0.0033368057108309587
1556,1778,222,0.111,0.003021977268959745
1524,1762,238,0.119,0.0029838999444036745
1570,1785,215,0.1075,0.002643431223004548
1466,1733,267,0.1335,0.004080180325472611
1558,1779,221,0.1105,0.0030009985030919777
1490,1745,255,0.1275,0.0034601846982368445
1486,1743,257,0.1285,0.0041792883428861385
1534,1767,233,0.1165,0.0038116787826729705
1452,1726,274,0.137,0.003989283429036732
1542,1771,229,0.1145,0.002982707289317659
1540,1770,230,0.115,0.0028455378049163757
1554,1777,223,0.1115,0.0033144965405226684
1576,1788,212,0.106,0.0032161319870574515
1538,1769,231,0.1155,0.004131717928758007
1576,1788,212,0.106,0.0031167367899615855
1622,1811,189,0.0945,0.002135134611453395
1596,1798,202,0.101,0.003256457947951276
1510,1755,245,0.1225,0.002607604432851076
1532,1766,234,0.117,0.003248553202585761
1586,1793,207,0.1035,0.004777793978425436
1564,1782,218,0.109,0.0028411018934821185
1570,1785,215,0.1075,0.00263860789512546
1534,1767,233,0.1165,0.0035297196434657964
1432,1716,284,0.142,0.00401590293626942
1440,1720,280,0.14,0.004099777641785749
1494,1747,253,0.1265,0.003807222415988946
1590,1795,205,0.1025,0.0038143092098053017
1526,1763,237,0.1185,0.0029859837026852605
1560,1780,220,0.11,0.002675743308705243
1474,1737,263,0.1315,0.002834403428545585
1556,1778,222,0.111,0.0025955550764119907
1506,1753,247,0.1235,0.0032660765353721218
1542,1771,229,0.1145,0.0025530095920366877
1460,1730,270,0.135,0.002892781971509976
1582,1791,209,0.1045,0.0020526849182437063
1538,1769,231,0.1155,0.002851314555362478
1458,1729,271,0.1355,0.003852537955615844
1486,1743,257,0.1285,0.004184948969717226
1574,1787,213,0.1065,0.0029291067896371104
1516,1758,242,0.121,0.0025654643516136275
1554,1777,223,0.1115,0.0021353008957266865
1532,1766,234,0.117,0.00323783060695132
1600,1800,200,0.1,0.0023661904133078977
1522,1761,239,0.1195,0.002747837683229591
1590,1795,205,0.1025,0.0026953437410847983
1534,1767,233,0.1165,0.0021868962654552886
1536,1768,232,0.116,0.0019036355499411001
1564,1782,218,0.109,0.0022277035721417703
1576,1788,212,0.106,0.0021548218839488984
1456,1728,272,0.136,0.0032368793708825194
1560,1780,220,0.11,0.002222169552549531
1520,1760,240,0.12,0.0032675986676495086
1526,1763,237,0.1185,0.002496515265623209
1544,1772,228,0.114,0.002688367232964083
1560,1780,220,0.11,0.0022688769689266338
1594,1797,203,0.1015,0.0020847346312676224
1470,1735,265,0.1325,0.0026556194953354863
1530,1765,235,0.1175,0.002585687718399981
1586,1793,207,0.1035,0.002503123092774331
1478,1739,261,0.1305,0.0022532328938531664
1514,1757,243,0.1215,0.0017217272319921904
1508,1754,246,0.123,0.002010908690186632
1624,1812,188,0.094,0.0022458991735071192
1568,1784,216,0.108,0.001990656955062612
1564,1782,218,0.109,0.001506269670963718
1510,1755,245,0.1225,0.0017539815157103292
1432,1716,284,0.142,0.0018875992209422137
1532,1766,234,0.117,0.001787390100445741
1514,1757,243,0.1215,0.002642864120784793
1530,1765,235,0.1175,0.0022732194149560456
1456,1728,272,0.136,0.0030281575258838487
1440,1720,280,0.14,0.003067452562652761
1570,1785,215,0.1075,0.0026449912479074556
1638,1819,181,0.0905,0.0026302763235312126
1520,1760,240,0.12,0.0019164060571492882
1480,1740,260,0.13,0.002789503367472207
1560,1780,220,0.11,0.002827967543125851
1538,1769,231,0.1155,0.0022561589257456944
1500,1750,250,0.125,0.002806808958843355
1632,1816,184,0.092,0.002541958476409491
1504,1752,248,0.124,0.002170032884612738
1514,1757,243,0.1215,0.0020165706393599978
1554,1777,223,0.1115,0.0027281984441228815
1504,1752,248,0.124,0.003503014934962266
1484,1742,258,0.129,0.0036077375825116177
1532,1766,234,0.117,0.0028789560775330757
1458,1729,271,0.1355,0.004655594731288204
1498,1749,251,0.1255,0.0037058820969832667
1524,1762,238,0.119,0.0029198995350016048
1580,1790,210,0.105,0.0027092103712384416
1508,1754,246,0.123,0.002565452614260266
1442,1721,279,0.1395,0.004418297596504999
1570,1785,215,0.1075,0.0023785084284108963
1612,1806,194,0.097,0.0028002319488305075
1520,1760,240,0.12,0.003021836741002126
1524,1762,238,0.119,0.002428586028699826
1592,1796,204,0.102,0.0016430102185952648
1468,1734,266,0.133,0.003889304157260895
1498,1749,251,0.1255,0.0023004354243430143
1550,1775,225,0.1125,0.0019916273279741363
1538,1769,231,0.1155,0.0041693322357641595
1566,1783,217,0.1085,0.0025840414059257453
1532,1766,234,0.117,0.002430062651561457
1526,1763,237,0.1185,0.0019340947878968109
1606,1803,197,0.0985,0.0017415814285304805
1554,1777,223,0.1115,0.0012940003025601072
1582,1791,209,0.1045,0.00204553304964611
1534,1767,233,0.1165,0.002287014954322075
1590,1795,205,0.1025,0.002015371851157397
1460,1730,270,0.135,0.002580679449463787
1514,1757,243,0.1215,0.002364894826966065
1504,1752,248,0.124,0.002282586892481049
1626,1813,187,0.0935,0.0018904451452058098
1558,1779,221,0.1105,0.0018623774139523448
1440,1720,280,0.14,0.0033561226796737175
1494,1747,253,0.1265,0.002478323848245054
1538,1769,231,0.1155,0.0018777402275950976
1466,1733,267,0.1335,0.0030460516129678654
1482,1741,259,0.1295,0.0019279344190915495
1564,1782,218,0.109,0.0023500606666189013
1452,1726,274,0.137,0.0034725622105579532
1516,1758,242,0.121,0.0031886986357276327
1496,1748,252,0.126,0.003303499671063037
1532,1766,234,0.117,0.002521880566418993
1406,1703,297,0.1485,0.002527214052086492
1542,1771,229,0.1145,0.002628399966059078
1498,1749,251,0.1255,0.0027550706105175776
1494,1747,253,0.1265,0.002520569218278979
1482,1741,259,0.1295,0.002315257496904451
1500,1750,250,0.125,0.004095182040364307
1566,1783,217,0.1085,0.0021609328602280584
1528,1764,236,0.118,0.0018397777561885676
1424,1712,288,0.144,0.0023999523210295665
1476,1738,262,0.131,0.0027283841729287277
1498,1749,251,0.1255,0.003081028129989683
1576,1788,212,0.106,0.002556556141928013
1516,1758,242,0.121,0.0027559563047511587
1552,1776,224,0.112,0.0021922508256882337
1550,1775,225,0.1125,0.002004106851322604
1514,1757,243,0.1215,0.0016167967220098944
1468,1734,266,0.133,0.002392289895378781
1562,1781,219,0.1095,0.0023403155297964987
1484,1742,258,0.129,0.002585759700708877
1530,1765,235,0.1175,0.0020593385785628014
1596,1798,202,0.101,0.0013615672794575176
1506,1753,247,0.1235,0.0015503021837375854
1570,1785,215,0.1075,0.0014253094599953329
1566,1783,217,0.1085,0.0015344848946315323
1590,1795,205,0.1025,0.001365812401403673
1536,1768,232,0.116,0.0013759820604009293
1552,1776,224,0.112,0.0014691907638078377
1638,1819,181,0.0905,0.001393874197419791
1562,1781,219,0.1095,0.0016817381905420915
1540,1770,230,0.115,0.001704455555372988
1604,1802,198,0.099,0.0016500291595039015
1582,1791,209,0.1045,0.0015466380113502965
1564,1782,218,0.109,0.0019045496731923777
1456,1728,272,0.136,0.0018583289738871827
1624,1812,188,0.094,0.0015579900977404507
1576,1788,212,0.106,0.0017540295157632499
1554,1777,223,0.1115,0.0013471446518706286
1568,1784,216,0.108,0.0014283019834576934
1558,1779,221,0.1105,0.001376318292794167
1522,1761,239,0.1195,0.0016210694003830355
1512,1756,244,0.122,0.0026019514424551744
1592,1796,204,0.102,0.0025216005906040662
1494,1747,253,0.1265,0.002957646989605564
1586,1793,207,0.1035,0.0029754018348030513
1520,1760,240,0.12,0.0025461325059768568
1540,1770,230,0.115,0.0014323600449404523
1578,1789,211,0.1055,0.003159075847319976
1528,1764,236,0.118,0.0023982082512993656
1484,1742,258,0.129,0.0021232392265940233
1470,1735,265,0.1325,0.0020045595961782963
1600,1800,200,0.1,0.0023048565975103655
1504,1752,248,0.124,0.0025952523428641144
1586,1793,207,0.1035,0.003633158661194102
1492,1746,254,0.127,0.0020775591686879123
1618,1809,191,0.0955,0.0019053040728613268
1518,1759,241,0.1205,0.002399566768701341
1622,1811,189,0.0945,0.001549585334182872
1540,1770,230,0.115,0.0017206642110177554
1552,1776,224,0.112,0.003115026272103009
1554,1777,223,0.1115,0.002390671979122999
1528,1764,236,0.118,0.0034797771824305527
1596,1798,202,0.101,0.0017424114702700778
1568,1784,216,0.108,0.0018424427741183535
1542,1771,229,0.1145,0.0016448986954419524
1550,1775,225,0.1125,0.00180757796844199
1544,1772,228,0.114,0.0017654962840933876
1504,1752,248,0.124,0.0025472844015760076
1488,1744,256,0.128,0.003849311946468674
1578,1789,211,0.1055,0.002445293239921739
1526,1763,237,0.1185,0.002570701016769817
1496,1748,252,0.126,0.002348956832420299
1484,1742,258,0.129,0.0021160114043946195
1572,1786,214,0.107,0.001979694461484996
1522,1761,239,0.1195,0.001724570764789604
1604,1802,198,0.099,0.00161794635944171
1462,1731,269,0.1345,0.0017316049607470632
1506,1753,247,0.1235,0.0022342511992813384
1538,1769,231,0.1155,0.002223238192156714
1474,1737,263,0.1315,0.002012368798357784
1532,1766,234,0.117,0.0021800511257060863
1640,1820,180,0.09,0.0023678349930451076
1544,1772,228,0.114,0.0020489749863572796
1522,1761,239,0.1195,0.002105827873938331
1432,1716,284,0.142,0.0029864712030139343
1502,1751,249,0.1245,0.001987198045609503
1606,1803,197,0.0985,0.0016974174264505564
1586,1793,207,0.1035,0.0019962093351896327
1488,1744,256,0.128,0.002341905646659143
1532,1766,234,0.117,0.003235644816686545
1580,1790,210,0.105,0.002174671504399157
1562,1781,219,0.1095,0.0024248191287188094
1546,1773,227,0.1135,0.0022690281606237476
1504,1752,248,0.124,0.0021942760259203806
1584,1792,208,0.104,0.0016481296880119772
1518,1759,241,0.1205,0.002225788456673399
1618,1809,191,0.0955,0.0022249871160805695
1428,1714,286,0.143,0.0028877464788856742
1652,1826,174,0.087,0.0018515151621832046
1452,1726,274,0.137,0.003286737984199135
1486,1743,257,0.1285,0.002725703756240975
1552,1776,224,0.112,0.0029820814359918656
1546,1773,227,0.1135,0.0027927536367351423
1574,1787,213,0.1065,0.0024827916313034776
