log_avg_ept_score,log_avg_succ_req,log_avg_blk_req,log_avg_BP_req,log_avg_entropy
1426,1713,287,0.1435,1.6076584556400777
1328,1664,336,0.168,1.6073703568279742
1276,1638,362,0.181,1.6081254879832267
1380,1690,310,0.155,1.6080622732043266
1290,1645,355,0.1775,1.6081233997941018
1302,1651,349,0.1745,1.608123622775078
1326,1663,337,0.1685,1.6081128214597702
1276,1638,362,0.181,1.60812183201313
1306,1653,347,0.1735,1.6081030671596528
1422,1711,289,0.1445,1.6075992336273193
1360,1680,320,0.16,1.6081022080779075
1296,1648,352,0.176,1.6081029801368714
1368,1684,316,0.158,1.608082010269165
1380,1690,310,0.155,1.6080758911371231
1320,1660,340,0.17,1.6080808405280114
1344,1672,328,0.164,1.60808028870821
1338,1669,331,0.1655,1.6080609278082847
1386,1693,307,0.1535,1.6080594841241838
1282,1641,359,0.1795,1.6080410223007202
1274,1637,363,0.1815,1.6080431736707688
1348,1674,326,0.163,1.6080172110199928
1368,1684,316,0.158,1.6080465541481972
1380,1690,310,0.155,1.6080448910593987
1298,1649,351,0.1755,1.6080444542169572
1356,1678,322,0.161,1.6080232373476029
1350,1675,325,0.1625,1.6080274398326875
1306,1653,347,0.1735,1.6077257913947105
1344,1672,328,0.164,1.608014171898365
1400,1700,300,0.15,1.6080095472931861
1408,1704,296,0.148,1.608010314822197
1392,1696,304,0.152,1.6080103334784508
1412,1706,294,0.147,1.6079839330911636
1350,1675,325,0.1625,1.6077707363963127
1348,1674,326,0.163,1.6079957075119018
1386,1693,307,0.1535,1.60798797672987
1356,1678,322,0.161,1.6079806417822837
1462,1731,269,0.1345,1.6079846068620682
1400,1700,300,0.15,1.6079373959898948
1412,1706,294,0.147,1.6079753198623656
1272,1636,364,0.182,1.6079473670125008
1440,1720,280,0.14,1.607967539548874
1312,1656,344,0.172,1.6079691299796104
1410,1705,295,0.1475,1.6079676350951195
1332,1666,334,0.167,1.6076854367256164
1360,1680,320,0.16,1.607954721570015
1356,1678,322,0.161,1.6079459313750266
1396,1698,302,0.151,1.6079589387774467
1418,1709,291,0.1455,1.6079580321907998
1398,1699,301,0.1505,1.607954105257988
1406,1703,297,0.1485,1.6079303321242333
1390,1695,305,0.1525,1.6076472921967506
1372,1686,314,0.157,1.6079508864879608
1354,1677,323,0.1615,1.6073403990864754
1432,1716,284,0.142,1.6079398134350777
1352,1676,324,0.162,1.6079376935362817
1328,1664,336,0.168,1.6079486577510833
1372,1686,314,0.157,1.6079419685602188
1394,1697,303,0.1515,1.6079419126510621
1342,1671,329,0.1645,1.6079434276223183
1356,1678,322,0.161,1.6079355303049088
1354,1677,323,0.1615,1.6079270220398902
1294,1647,353,0.1765,1.6076993121504783
1320,1660,340,0.17,1.6079353798627853
1364,1682,318,0.159,1.6079199756979943
1386,1693,307,0.1535,1.6079218659996986
1486,1743,257,0.1285,1.607920094370842
1350,1675,325,0.1625,1.607920449256897
1294,1647,353,0.1765,1.6078104279637337
1442,1721,279,0.1395,1.6076854384541512
1384,1692,308,0.154,1.607903494656086
1308,1654,346,0.173,1.6078983719348907
1288,1644,356,0.178,1.607889729499817
1376,1688,312,0.156,1.607790475845337
1332,1666,334,0.167,1.607888327538967
1364,1682,318,0.159,1.6078844732046127
1276,1638,362,0.181,1.6076959669589996
1302,1651,349,0.1745,1.607878126502037
1352,1676,324,0.162,1.6078849539756774
1404,1702,298,0.149,1.6078824065923691
1290,1645,355,0.1775,1.6078812088370322
1330,1665,335,0.1675,1.6078668746352196
1302,1651,349,0.1745,1.607870891392231
1322,1661,339,0.1695,1.6071207735165953
1370,1685,315,0.1575,1.6076999082565309
1336,1668,332,0.166,1.6078421251177788
1322,1661,339,0.1695,1.6074092910587787
1396,1698,302,0.151,1.6078443415760995
1368,1684,316,0.158,1.607840358376503
1330,1665,335,0.1675,1.6078182255029678
1406,1703,297,0.1485,1.607766723394394
1402,1701,299,0.1495,1.607639678120613
1332,1666,334,0.167,1.607364322990179
1362,1681,319,0.1595,1.6073849938511848
1374,1687,313,0.1565,1.6075034765601157
1322,1661,339,0.1695,1.6076200001239778
1310,1655,345,0.1725,1.6077541377544402
1388,1694,306,0.153,1.607740764439106
1386,1693,307,0.1535,1.607736706137657
1384,1692,308,0.154,1.607725748717785
1322,1661,339,0.1695,1.6076274597048759
1366,1683,317,0.1585,1.6073615723848342
1396,1698,302,0.151,1.6076565794944764
1298,1649,351,0.1755,1.6076632580757142
1376,1688,312,0.156,1.6076922716498374
1320,1660,340,0.17,1.6067622741152972
1368,1684,316,0.158,1.6076750294566156
1302,1651,349,0.1745,1.6076596652269364
1398,1699,301,0.1505,1.607614234685898
1336,1668,332,0.166,1.6076196539402008
1390,1695,305,0.1525,1.6075903201699258
1382,1691,309,0.1545,1.6076096211671829
1372,1686,314,0.157,1.6075272573828696
1326,1663,337,0.1685,1.607561436831951
1300,1650,350,0.175,1.6073486686348915
1348,1674,326,0.163,1.6073877944350243
1352,1676,324,0.162,1.607565150141716
1394,1697,303,0.1515,1.607521555006504
1418,1709,291,0.1455,1.607507962346077
1240,1620,380,0.19,1.6074296787977218
1286,1643,357,0.1785,1.6074659942388534
1326,1663,337,0.1685,1.6074336718916893
1306,1653,347,0.1735,1.6074317507743836
1260,1630,370,0.185,1.6074521328806877
1314,1657,343,0.1715,1.607406709074974
1386,1693,307,0.1535,1.6073065655231475
1354,1677,323,0.1615,1.6073575965166091
1346,1673,327,0.1635,1.6073497379422188
1316,1658,342,0.171,1.6072907372117042
1382,1691,309,0.1545,1.607188216805458
1338,1669,331,0.1655,1.607140551149845
1468,1734,266,0.133,1.607281139731407
1372,1686,314,0.157,1.607260339796543
1310,1655,345,0.1725,1.6070818027853966
1326,1663,337,0.1685,1.6071998699307442
1314,1657,343,0.1715,1.6072218235135078
1400,1700,300,0.15,1.607218460917473
1456,1728,272,0.136,1.6071669550538064
1388,1694,306,0.153,1.6071520723104478
1394,1697,303,0.1515,1.607157093346119
1300,1650,350,0.175,1.607125230848789
1446,1723,277,0.1385,1.6069997670650482
1394,1697,303,0.1515,1.6070721967816353
1312,1656,344,0.172,1.6071059744954108
1364,1682,318,0.159,1.6060985992223722
1372,1686,314,0.157,1.6067839562296868
1344,1672,328,0.164,1.6065022354722023
1380,1690,310,0.155,1.6070198714733124
1272,1636,364,0.182,1.6070314807891846
1336,1668,332,0.166,1.6070292718410493
1352,1676,324,0.162,1.6069105582237244
1360,1680,320,0.16,1.60695910936594
1300,1650,350,0.175,1.6069507190585137
1404,1702,298,0.149,1.6067228016853332
1360,1680,320,0.16,1.6069529269337655
1390,1695,305,0.1525,1.6059659968018531
1426,1713,287,0.1435,1.6068493717312813
1332,1666,334,0.167,1.6068766504526137
1332,1666,334,0.167,1.6058674991130828
1234,1617,383,0.1915,1.606565619468689
1310,1655,345,0.1725,1.6067860254049302
1352,1676,324,0.162,1.6067734422683715
1366,1683,317,0.1585,1.606746931374073
1338,1669,331,0.1655,1.6065572420954704
1448,1724,276,0.138,1.606655363559723
1422,1711,289,0.1445,1.606606516778469
1452,1726,274,0.137,1.6067512394189836
1318,1659,341,0.1705,1.6066363186836243
1298,1649,351,0.1755,1.6066363645792008
1372,1686,314,0.157,1.6067187349796295
1340,1670,330,0.165,1.6066907451748849
1404,1702,298,0.149,1.606640245616436
1338,1669,331,0.1655,1.6066707306504249
1376,1688,312,0.156,1.6059681985676288
1442,1721,279,0.1395,1.6065858161449433
1368,1684,316,0.158,1.606064065158367
1348,1674,326,0.163,1.6065969623327254
1352,1676,324,0.162,1.6060068994760512
1428,1714,286,0.143,1.6058730726838113
1384,1692,308,0.154,1.6063117414116859
1356,1678,322,0.161,1.6064433740973472
1344,1672,328,0.164,1.606310908317566
1354,1677,323,0.1615,1.6062352074980735
1368,1684,316,0.158,1.6063724720478059
1288,1644,356,0.178,1.6060018320381642
1302,1651,349,0.1745,1.6060032578706742
1410,1705,295,0.1475,1.6055642911344767
1366,1683,317,0.1585,1.6061497687101365
1382,1691,309,0.1545,1.6059960307478904
1358,1679,321,0.1605,1.6059309252500533
1398,1699,301,0.1505,1.6058903434872627
1296,1648,352,0.176,1.6057721855640412
1356,1678,322,0.161,1.6059386098384858
1260,1630,370,0.185,1.6049461071099396
1268,1634,366,0.183,1.6054042662382126
1308,1654,346,0.173,1.6057292597293853
1228,1614,386,0.193,1.6049761177783366
1366,1683,317,0.1585,1.6056463643312455
1286,1643,357,0.1785,1.6051081690192222
1366,1683,317,0.1585,1.6052422361969947
1396,1698,302,0.151,1.6055570669174195
1374,1687,313,0.1565,1.6047602863907815
1324,1662,338,0.169,1.6041632898151874
1384,1692,308,0.154,1.6048465503156186
1398,1699,301,0.1505,1.604743857741356
1456,1728,272,0.136,1.6050750660300255
1344,1672,328,0.164,1.6038500406742096
1362,1681,319,0.1595,1.6050959449410438
1318,1659,341,0.1705,1.6049249835014343
1366,1683,317,0.1585,1.6037778875278308
1374,1687,313,0.1565,1.6047795526981354
1482,1741,259,0.1295,1.6046882438659669
1328,1664,336,0.168,1.6045504345297814
1320,1660,340,0.17,1.6039597309827804
1404,1702,298,0.149,1.6038592525296844
1386,1693,307,0.1535,1.6041032591760158
1274,1637,363,0.1815,1.6045435727834703
1330,1665,335,0.1675,1.604530066072941
1460,1730,270,0.135,1.6044348106980324
1396,1698,302,0.151,1.6043099925518036
1362,1681,319,0.1595,1.6041663966178894
1316,1658,342,0.171,1.6041742520332336
1360,1680,320,0.16,1.604029046714306
1424,1712,288,0.144,1.6027037054691464
1324,1662,338,0.169,1.6040919244885445
1362,1681,319,0.1595,1.6033292392194272
1352,1676,324,0.162,1.6037034336328506
1292,1646,354,0.177,1.6031849261522293
1412,1706,294,0.147,1.6035403916835784
1418,1709,291,0.1455,1.6029553534686565
1228,1614,386,0.193,1.6013854477509375
1260,1630,370,0.185,1.6030781502127647
1410,1705,295,0.1475,1.6027485460639
1376,1688,312,0.156,1.6025287937521935
1396,1698,302,0.151,1.6019639265537262
1254,1627,373,0.1865,1.6021228935420513
1426,1713,287,0.1435,1.6015164437890053
1312,1656,344,0.172,1.601643909484148
1346,1673,327,0.1635,1.6009758039712907
1466,1733,267,0.1335,1.6014499116539955
1332,1666,334,0.167,1.601189147889614
1350,1675,325,0.1625,1.599763974532485
1314,1657,343,0.1715,1.600483098655939
1358,1679,321,0.1605,1.599183002891643
1330,1665,335,0.1675,1.6007334825396538
1348,1674,326,0.163,1.5997339215278625
1344,1672,328,0.164,1.5998056007027626
1374,1687,313,0.1565,1.5984544659852982
1358,1679,321,0.1605,1.5985624146461488
1312,1656,344,0.172,1.598369801670313
1326,1663,337,0.1685,1.5972758095562458
1370,1685,315,0.1575,1.5974061512351037
1284,1642,358,0.179,1.5977851001024246
1430,1715,285,0.1425,1.598032719552517
1374,1687,313,0.1565,1.5974624349474906
1330,1665,335,0.1675,1.5960269334316253
1310,1655,345,0.1725,1.5971567478775979
1384,1692,308,0.154,1.5963390076458455
1368,1684,316,0.158,1.595762736260891
1326,1663,337,0.1685,1.5949893329143525
1394,1697,303,0.1515,1.5933501360714435
1426,1713,287,0.1435,1.5927887736558914
1280,1640,360,0.18,1.5912636821828783
1378,1689,311,0.1555,1.5934294224381447
1420,1710,290,0.145,1.5929085567593575
1382,1691,309,0.1545,1.592866358578205
1252,1626,374,0.187,1.5924558221697807
1304,1652,348,0.174,1.5903460460305214
1382,1691,309,0.1545,1.5884835069850087
1358,1679,321,0.1605,1.5870626748055219
1354,1677,323,0.1615,1.5859650822728872
1354,1677,323,0.1615,1.5837448135287269
1292,1646,354,0.177,1.5871906137466432
1426,1713,287,0.1435,1.58698667293787
1278,1639,361,0.1805,1.5852501202225686
1446,1723,277,0.1385,1.5841101167798042
1458,1729,271,0.1355,1.5849781656265258
1416,1708,292,0.146,1.5818156664967538
1394,1697,303,0.1515,1.5806309552490712
1446,1723,277,0.1385,1.5789564146995545
1356,1678,322,0.161,1.5779711239131866
1328,1664,336,0.168,1.5773033060450108
1404,1702,298,0.149,1.5756804142594338
1330,1665,335,0.1675,1.5751754033565522
1290,1645,355,0.1775,1.571873321628502
1326,1663,337,0.1685,1.5703364182161168
1346,1673,327,0.1635,1.5720977028906344
1270,1635,365,0.1825,1.5677901104986667
1346,1673,327,0.1635,1.568814870864153
1436,1718,282,0.141,1.5669938323199748
1432,1716,284,0.142,1.5656456975638866
1350,1675,325,0.1625,1.563688787162304
1388,1694,306,0.153,1.5627205435037612
1282,1641,359,0.1795,1.5601417847424746
1432,1716,284,0.142,1.5569509425610304
1294,1647,353,0.1765,1.556497451722622
1432,1716,284,0.142,1.5534286017579324
1402,1701,299,0.1495,1.5517063620090485
1372,1686,314,0.157,1.5486861586410596
1388,1694,306,0.153,1.5488254574537277
1400,1700,300,0.15,1.5427811180457938
1524,1762,238,0.119,1.5417680856212974
1374,1687,313,0.1565,1.5371590367298174
1272,1636,364,0.182,1.5398018733114005
1318,1659,341,0.1705,1.5380844776779414
1302,1651,349,0.1745,1.534962765187025
1370,1685,315,0.1575,1.5297287835776805
1282,1641,359,0.1795,1.5239501771876238
1342,1671,329,0.1645,1.5298377822339535
1388,1694,306,0.153,1.5309944008290768
1498,1749,251,0.1255,1.5178992898389696
1426,1713,287,0.1435,1.5214260551407934
1332,1666,334,0.167,1.5187792338877917
1412,1706,294,0.147,1.5198997994363308
1476,1738,262,0.131,1.5105247221291065
1376,1688,312,0.156,1.5121013652086257
1314,1657,343,0.1715,1.5121611513495445
1296,1648,352,0.176,1.5017893550246955
1344,1672,328,0.164,1.5054385055303574
1356,1678,322,0.161,1.4986785315275193
1362,1681,319,0.1595,1.495890015989542
1386,1693,307,0.1535,1.4941901498436927
1458,1729,271,0.1355,1.484792836368084
1340,1670,330,0.165,1.4829493706226349
1434,1717,283,0.1415,1.4818862702178028
1334,1667,333,0.1665,1.47786730568856
1346,1673,327,0.1635,1.4634762495392935
1360,1680,320,0.16,1.4672741497457027
1376,1688,312,0.156,1.4627730262875558
1364,1682,318,0.159,1.4631312648952006
1438,1719,281,0.1405,1.44649391739429
1428,1714,286,0.143,1.4462540146261453
1278,1639,361,0.1805,1.4442494409382343
1314,1657,343,0.1715,1.442392549932003
1388,1694,306,0.153,1.4274174363017083
1334,1667,333,0.1665,1.4293406150341035
1360,1680,320,0.16,1.4213528577983379
1374,1687,313,0.1565,1.4147485845386982
1414,1707,293,0.1465,1.4111921740174294
1478,1739,261,0.1305,1.4014565244913102
1390,1695,305,0.1525,1.3970524430274964
1428,1714,286,0.143,1.3984472715258598
1328,1664,336,0.168,1.3816401942968368
1364,1682,318,0.159,1.3763651229441165
1402,1701,299,0.1495,1.3715792427510023
1390,1695,305,0.1525,1.369179638415575
1376,1688,312,0.156,1.3579534362256527
1352,1676,324,0.162,1.3629623232483863
1420,1710,290,0.145,1.351922987550497
1282,1641,359,0.1795,1.355839842826128
1430,1715,285,0.1425,1.3306892929673195
1346,1673,327,0.1635,1.333404252499342
1404,1702,298,0.149,1.3230639917254448
1364,1682,318,0.159,1.3223901556134223
1396,1698,302,0.151,1.3153549463152885
1308,1654,346,0.173,1.3161905693411826
1362,1681,319,0.1595,1.309878278464079
1456,1728,272,0.136,1.3025303966999053
1386,1693,307,0.1535,1.3074223087430001
1362,1681,319,0.1595,1.2968397639691829
1468,1734,266,0.133,1.2899998916983604
1282,1641,359,0.1795,1.303012887865305
1420,1710,290,0.145,1.2959133433401584
1370,1685,315,0.1575,1.2902152530252933
1396,1698,302,0.151,1.283769602328539
1426,1713,287,0.1435,1.2769677603840828
1372,1686,314,0.157,1.2805028251409531
1376,1688,312,0.156,1.2804603161513806
1354,1677,323,0.1615,1.284926840275526
1416,1708,292,0.146,1.2731817749738694
1458,1729,271,0.1355,1.2717400365285576
1372,1686,314,0.157,1.270861290693283
1416,1708,292,0.146,1.273600846081972
1414,1707,293,0.1465,1.2682380166351794
1464,1732,268,0.134,1.2504142700135707
1406,1703,297,0.1485,1.268268034517765
1416,1708,292,0.146,1.2703740761876106
1360,1680,320,0.16,1.2643911490812898
1328,1664,336,0.168,1.2748752239048482
1372,1686,314,0.157,1.2640153088271617
1298,1649,351,0.1755,1.2727068985924124
1356,1678,322,0.161,1.2594458140283824
1350,1675,325,0.1625,1.266189027890563
1362,1681,319,0.1595,1.2730132370591163
1332,1666,334,0.167,1.2591453261077403
1468,1734,266,0.133,1.2642693621516228
1254,1627,373,0.1865,1.2752621692717074
1386,1693,307,0.1535,1.2718351723849772
1384,1692,308,0.154,1.269728117108345
1348,1674,326,0.163,1.2772675769627093
1374,1687,313,0.1565,1.2670783696845174
1368,1684,316,0.158,1.2735995279848575
1400,1700,300,0.15,1.267938132867217
1386,1693,307,0.1535,1.2660642527937889
1466,1733,267,0.1335,1.2738817178606987
1442,1721,279,0.1395,1.2660910651087784
1358,1679,321,0.1605,1.2710016868710519
1370,1685,315,0.1575,1.274915038779378
1338,1669,331,0.1655,1.276112289249897
1354,1677,323,0.1615,1.2666645689234137
1372,1686,314,0.157,1.2659692274928094
1398,1699,301,0.1505,1.2653783644522802
1400,1700,300,0.15,1.273383725464344
1362,1681,319,0.1595,1.274231736742193
1426,1713,287,0.1435,1.2687505397498609
1362,1681,319,0.1595,1.2814390535652638
1474,1737,263,0.1315,1.263843979690914
1392,1696,304,0.152,1.270908448576927
1368,1684,316,0.158,1.2707286379486322
1378,1689,311,0.1555,1.268103623244402
1420,1710,290,0.145,1.2729763508439065
1412,1706,294,0.147,1.2684000301361085
1446,1723,277,0.1385,1.2744927739202976
1432,1716,284,0.142,1.2634896302792913
1400,1700,300,0.15,1.2744598611593247
1340,1670,330,0.165,1.2720725663304329
1346,1673,327,0.1635,1.2706263029370457
1458,1729,271,0.1355,1.2681973872892558
1418,1709,291,0.1455,1.2667291349523822
1376,1688,312,0.156,1.2702805561890882
1326,1663,337,0.1685,1.2752215592972935
1406,1703,297,0.1485,1.2731687304079533
1454,1727,273,0.1365,1.2659717538878321
1354,1677,323,0.1615,1.2659318277854472
1368,1684,316,0.158,1.2655334720164537
1358,1679,321,0.1605,1.2703176404833794
1364,1682,318,0.159,1.267777623025235
1402,1701,299,0.1495,1.2660459327995777
1406,1703,297,0.1485,1.2694859528839588
1432,1716,284,0.142,1.268451386258006
1458,1729,271,0.1355,1.2602984219267965
1360,1680,320,0.16,1.2719165113568307
1326,1663,337,0.1685,1.2698833749182523
1390,1695,305,0.1525,1.2644520310279914
1366,1683,317,0.1585,1.2653018198529609
1404,1702,298,0.149,1.2688217841386795
1356,1678,322,0.161,1.2639446591216257
1374,1687,313,0.1565,1.2664734526127577
1404,1702,298,0.149,1.260796124100685
1410,1705,295,0.1475,1.265031961154542
1442,1721,279,0.1395,1.2617011171864578
1398,1699,301,0.1505,1.2694634571674979
1324,1662,338,0.169,1.272032841205597
1390,1695,305,0.1525,1.2625335530284791
1338,1669,331,0.1655,1.2689361418113112
1388,1694,306,0.153,1.2645045958657284
1346,1673,327,0.1635,1.2699128084778786
1276,1638,362,0.181,1.2690683838427066
1366,1683,317,0.1585,1.274170866161585
1366,1683,317,0.1585,1.2680515789017082
1402,1701,299,0.1495,1.271666599214077
1408,1704,296,0.148,1.266426630960108
1338,1669,331,0.1655,1.2734193166047334
1432,1716,284,0.142,1.2664606472086162
1422,1711,289,0.1445,1.2679506450295448
1294,1647,353,0.1765,1.27624976593256
1472,1736,264,0.132,1.2686851358041167
1440,1720,280,0.14,1.2710846006274223
1504,1752,248,0.124,1.2652286297529935
1492,1746,254,0.127,1.2654751166701317
1478,1739,261,0.1305,1.269790738105774
1364,1682,318,0.159,1.2665200274586677
1378,1689,311,0.1555,1.2719298563748598
1538,1769,231,0.1155,1.263462688818574
1404,1702,298,0.149,1.271250401651021
1348,1674,326,0.163,1.2692512672245502
1384,1692,308,0.154,1.2649968500879076
1386,1693,307,0.1535,1.271556016087532
1360,1680,320,0.16,1.263645052060485
1384,1692,308,0.154,1.2681419660449027
1414,1707,293,0.1465,1.2635103818252682
1406,1703,297,0.1485,1.2706814271733164
1356,1678,322,0.161,1.2696050135493393
1364,1682,318,0.159,1.2617693349719048
1458,1729,271,0.1355,1.2618926519453526
1410,1705,295,0.1475,1.2679301903247833
1328,1664,336,0.168,1.2656196349188686
1408,1704,296,0.148,1.2681164235547184
1444,1722,278,0.139,1.2638485736548901
1350,1675,325,0.1625,1.2689956617355347
1354,1677,323,0.1615,1.2675207625627518
1436,1718,282,0.141,1.2672000679057092
1396,1698,302,0.151,1.2643249583688616
1378,1689,311,0.1555,1.2688410001061856
1408,1704,296,0.148,1.2670977179408074
1384,1692,308,0.154,1.265991721138358
1460,1730,270,0.135,1.2722221565246583
1428,1714,286,0.143,1.2682833736240864
1484,1742,258,0.129,1.263842152506113
1440,1720,280,0.14,1.2637958946824073
1382,1691,309,0.1545,1.2673005997762083
1348,1674,326,0.163,1.2669118460416793
1338,1669,331,0.1655,1.2732261100298492
1380,1690,310,0.155,1.2638912687897683
1402,1701,299,0.1495,1.2697187548279762
1392,1696,304,0.152,1.2697328362986446
1358,1679,321,0.1605,1.2715420207411516
1502,1751,249,0.1245,1.2681729394495487
1456,1728,272,0.136,1.2704776412844658
1456,1728,272,0.136,1.2713815937042237
1442,1721,279,0.1395,1.2688351465463639
1508,1754,246,0.123,1.2643039638400078
1298,1649,351,0.1755,1.2718480071723461
1358,1679,321,0.1605,1.2756668196320533
1378,1689,311,0.1555,1.269885421782732
1396,1698,302,0.151,1.2700167473629116
1386,1693,307,0.1535,1.2736591611206531
1466,1733,267,0.1335,1.2703479579687118
1368,1684,316,0.158,1.26886410805583
1352,1676,324,0.162,1.278611499786377
1412,1706,294,0.147,1.271149434348376
1440,1720,280,0.14,1.273187698185444
1368,1684,316,0.158,1.2727025386095048
1370,1685,315,0.1575,1.2693013940178688
1452,1726,274,0.137,1.267883304938674
1386,1693,307,0.1535,1.2726251250952483
1334,1667,333,0.1665,1.2725728655457496
1324,1662,338,0.169,1.2777531663775443
1404,1702,298,0.149,1.2742298531532288
1456,1728,272,0.136,1.27146834430847
1462,1731,269,0.1345,1.2667355741262436
1312,1656,344,0.172,1.2754133614599705
1538,1769,231,0.1155,1.267341343998909
1376,1688,312,0.156,1.2750198837779463
1452,1726,274,0.137,1.2689046601504088
1418,1709,291,0.1455,1.2730994904339314
1386,1693,307,0.1535,1.2737936507314445
1414,1707,293,0.1465,1.2656798557106268
1526,1763,237,0.1185,1.2675830871611833
1536,1768,232,0.116,1.271107575595379
1340,1670,330,0.165,1.2753822035193443
1496,1748,252,0.126,1.2700183104872704
1412,1706,294,0.147,1.2742414329946041
1362,1681,319,0.1595,1.2705058569908143
1472,1736,264,0.132,1.270077151954174
1302,1651,349,0.1745,1.2747277802824974
1388,1694,306,0.153,1.2737396096587181
1362,1681,319,0.1595,1.2711436764951796
1494,1747,253,0.1265,1.2665964670181273
1348,1674,326,0.163,1.273698252201787
1336,1668,332,0.166,1.2734724663197994
1464,1732,268,0.134,1.2669688007235527
1460,1730,270,0.135,1.2702463728785516
1364,1682,318,0.159,1.2752143752239644
1328,1664,336,0.168,1.2768220281004905
1362,1681,319,0.1595,1.2732066089790315
1326,1663,337,0.1685,1.28077547454834
1362,1681,319,0.1595,1.2773652938604354
1422,1711,289,0.1445,1.2763881403803825
1420,1710,290,0.145,1.2734717324857132
1448,1724,276,0.138,1.273769353123702
1374,1687,313,0.1565,1.2783851989507675
1368,1684,316,0.158,1.279748685657978
1408,1704,296,0.148,1.2772615727484227
1434,1717,283,0.1415,1.2770872687548398
1324,1662,338,0.169,1.2812499984204768
1396,1698,302,0.151,1.273138943232596
1408,1704,296,0.148,1.2763055137991905
1496,1748,252,0.126,1.277040987432003
1364,1682,318,0.159,1.277545495390892
1392,1696,304,0.152,1.2776685529612004
1362,1681,319,0.1595,1.2800373409092427
1396,1698,302,0.151,1.2774298577308654
1284,1642,358,0.179,1.281010428339243
1454,1727,273,0.1365,1.2784753302931786
1366,1683,317,0.1585,1.2798602629899978
1422,1711,289,0.1445,1.2752667928934098
1348,1674,326,0.163,1.278453995936783
1448,1724,276,0.138,1.2757986236810683
1398,1699,301,0.1505,1.2779008861258625
1422,1711,289,0.1445,1.274608950938331
1354,1677,323,0.1615,1.2765112932026386
1446,1723,277,0.1385,1.2731699586510659
1384,1692,308,0.154,1.2775009263753891
1394,1697,303,0.1515,1.27721363145113
1310,1655,345,0.1725,1.2780215350538493
1354,1677,323,0.1615,1.2789787586331367
1448,1724,276,0.138,1.2759765466451645
1418,1709,291,0.1455,1.2739253922328353
1400,1700,300,0.15,1.2753269273340702
1374,1687,313,0.1565,1.278919099420309
1410,1705,295,0.1475,1.2740722373127937
1432,1716,284,0.142,1.2751773824095727
1438,1719,281,0.1405,1.2773125895261765
1466,1733,267,0.1335,1.2771561141610146
1370,1685,315,0.1575,1.27620725107193
1414,1707,293,0.1465,1.2747616764009
1436,1718,282,0.141,1.2707225376069546
1362,1681,319,0.1595,1.2773767042756081
1412,1706,294,0.147,1.2749297345280648
1462,1731,269,0.1345,1.269912271976471
1448,1724,276,0.138,1.2689012833833695
1378,1689,311,0.1555,1.272617552086711
1446,1723,277,0.1385,1.2696380018591882
1468,1734,266,0.133,1.2669811788201333
1416,1708,292,0.146,1.2705605169534684
1352,1676,324,0.162,1.2729631114900113
1402,1701,299,0.1495,1.2738046090602875
1450,1725,275,0.1375,1.27059160643816
1444,1722,278,0.139,1.2630987030118703
1350,1675,325,0.1625,1.2678455119468273
1430,1715,285,0.1425,1.265778950303793
1370,1685,315,0.1575,1.2700553890019655
1498,1749,251,0.1255,1.2643658306002616
1340,1670,330,0.165,1.2688639599084854
1446,1723,277,0.1385,1.2679817149937154
1424,1712,288,0.144,1.2642374526858329
1406,1703,297,0.1485,1.263274534702301
1438,1719,281,0.1405,1.2632637929320336
1482,1741,259,0.1295,1.26499201887846
1446,1723,277,0.1385,1.2600911646625028
1344,1672,328,0.164,1.27069825476408
1390,1695,305,0.1525,1.2651692371964454
1460,1730,270,0.135,1.2636531414389611
1408,1704,296,0.148,1.2679623505473137
1390,1695,305,0.1525,1.2634791174829005
1424,1712,288,0.144,1.2630907478333082
1416,1708,292,0.146,1.2658002168685198
1400,1700,300,0.15,1.2663351794183255
1340,1670,330,0.165,1.2720368355810643
1352,1676,324,0.162,1.263267765045166
1418,1709,291,0.1455,1.2652058044672012
1422,1711,289,0.1445,1.2643896124362946
1410,1705,295,0.1475,1.2646895021796227
1396,1698,302,0.151,1.265915024101734
1406,1703,297,0.1485,1.2655598714282097
1436,1718,282,0.141,1.2645525671243667
1460,1730,270,0.135,1.2671003144979478
1390,1695,305,0.1525,1.2666951808333398
1400,1700,300,0.15,1.2672945986688138
1354,1677,323,0.1615,1.263717481315136
1426,1713,287,0.1435,1.2633945815563201
1484,1742,258,0.129,1.2617150434553623
1330,1665,335,0.1675,1.2659806939065457
1360,1680,320,0.16,1.2654818637371064
1454,1727,273,0.1365,1.2636898701190948
1368,1684,316,0.158,1.2640389477014542
1450,1725,275,0.1375,1.2646190738976002
1422,1711,289,0.1445,1.2632477125525474
1454,1727,273,0.1365,1.2634905270040035
1494,1747,253,0.1265,1.2578453681468964
1410,1705,295,0.1475,1.2622722797840833
1308,1654,346,0.173,1.2671022261977196
1332,1666,334,0.167,1.2631309426426887
1388,1694,306,0.153,1.265090482980013
1504,1752,248,0.124,1.2600674502253533
1440,1720,280,0.14,1.2600963747948408
1434,1717,283,0.1415,1.2627845870256424
1504,1752,248,0.124,1.2559248456750065
1422,1711,289,0.1445,1.2586104312241078
1448,1724,276,0.138,1.2581978406310081
1460,1730,270,0.135,1.2577350275218486
1428,1714,286,0.143,1.2574532356858255
1410,1705,295,0.1475,1.2555780456066132
1374,1687,313,0.1565,1.2562484994931147
1388,1694,306,0.153,1.26145441198349
1400,1700,300,0.15,1.256532458305359
1416,1708,292,0.146,1.2541873511800081
1352,1676,324,0.162,1.2563708665966988
1396,1698,302,0.151,1.2566320445239545
1396,1698,302,0.151,1.2584699765816332
1408,1704,296,0.148,1.2541163259018213
1458,1729,271,0.1355,1.2555858727544547
1424,1712,288,0.144,1.2542656591534616
1464,1732,268,0.134,1.251830875862157
1356,1678,322,0.161,1.2547851278781892
1432,1716,284,0.142,1.2585053448081016
1440,1720,280,0.14,1.2538830918667372
1422,1711,289,0.1445,1.2576962305903434
1388,1694,306,0.153,1.2558013479709624
1452,1726,274,0.137,1.2514609235278331
1458,1729,271,0.1355,1.249116612240672
1314,1657,343,0.1715,1.2576047680675984
1424,1712,288,0.144,1.253137026667595
1434,1717,283,0.1415,1.2515743318200112
1550,1775,225,0.1125,1.249471435904503
1436,1718,282,0.141,1.2508341720104217
1402,1701,299,0.1495,1.2475933537585662
1464,1732,268,0.134,1.2532989152669907
1510,1755,245,0.1225,1.2477957492619753
1418,1709,291,0.1455,1.2540273922681808
1416,1708,292,0.146,1.2500581403574906
1352,1676,324,0.162,1.2510673644461203
1348,1674,326,0.163,1.2513110293149947
1470,1735,265,0.1325,1.2468591939508915
1410,1705,295,0.1475,1.247895044028759
1400,1700,300,0.15,1.2478253277242184
1410,1705,295,0.1475,1.2476422565579415
1414,1707,293,0.1465,1.2490457810759545
1354,1677,323,0.1615,1.2510073229670524
1538,1769,231,0.1155,1.2444407115876674
1408,1704,296,0.148,1.2487778459191323
1490,1745,255,0.1275,1.2434636313319207
1368,1684,316,0.158,1.2479036947190763
1504,1752,248,0.124,1.2417260937094687
1386,1693,307,0.1535,1.2496231319382787
1342,1671,329,0.1645,1.2481392843723298
1384,1692,308,0.154,1.2462660612761973
1404,1702,298,0.149,1.2434901401996612
1432,1716,284,0.142,1.2423901996351778
1426,1713,287,0.1435,1.2438522655963897
1456,1728,272,0.136,1.2418956139087678
1418,1709,291,0.1455,1.2430763546072994
1396,1698,302,0.151,1.2404928411692382
1446,1723,277,0.1385,1.241069108515978
1470,1735,265,0.1325,1.2392047145068645
1448,1724,276,0.138,1.23891945374012
1406,1703,297,0.1485,1.2415082813426852
1378,1689,311,0.1555,1.2419531445503236
1488,1744,256,0.128,1.238655696362257
1450,1725,275,0.1375,1.2381609952673316
1430,1715,285,0.1425,1.2400138981938362
1346,1673,327,0.1635,1.241485766366124
1440,1720,280,0.14,1.2375533847510816
1440,1720,280,0.14,1.2371829041838647
1410,1705,295,0.1475,1.23869724971056
1396,1698,302,0.151,1.2409517442584037
1500,1750,250,0.125,1.2363898794203996
1432,1716,284,0.142,1.2355024779438972
1388,1694,306,0.153,1.2366373582184316
1496,1748,252,0.126,1.2322045350074768
1448,1724,276,0.138,1.2316124933790416
1330,1665,335,0.1675,1.2369538515312597
1456,1728,272,0.136,1.2320386283621192
1516,1758,242,0.121,1.2338144897818566
1446,1723,277,0.1385,1.2317855803966522
1524,1762,238,0.119,1.2290004092343152
1446,1723,277,0.1385,1.2312545761168003
1474,1737,263,0.1315,1.2303166635744274
1422,1711,289,0.1445,1.2297071358561524
1368,1684,316,0.158,1.2334611790776253
1440,1720,280,0.14,1.2333116276562215
1442,1721,279,0.1395,1.230375543113798
1510,1755,245,0.1225,1.2286172057334335
1404,1702,298,0.149,1.2336588623477438
1416,1708,292,0.146,1.229473081767559
1416,1708,292,0.146,1.2299700807631015
1418,1709,291,0.1455,1.226318548425188
1500,1750,250,0.125,1.229728165641427
1408,1704,296,0.148,1.2315048362612724
1428,1714,286,0.143,1.2254993709698319
1478,1739,261,0.1305,1.2280230281949043
1426,1713,287,0.1435,1.2301152585446835
1420,1710,290,0.145,1.226588888257742
1446,1723,277,0.1385,1.227708910292099
1454,1727,273,0.1365,1.2280751678645612
1446,1723,277,0.1385,1.2237529000639915
1496,1748,252,0.126,1.2259690784811974
1464,1732,268,0.134,1.2228828662931919
1338,1669,331,0.1655,1.2274149298071861
1430,1715,285,0.1425,1.2194864179862197
1418,1709,291,0.1455,1.2255685098730027
1466,1733,267,0.1335,1.2202392505081079
1434,1717,283,0.1415,1.2228000713288785
1508,1754,246,0.123,1.2190857967734336
1428,1714,286,0.143,1.2238600315451622
1410,1705,295,0.1475,1.2243347952067851
1362,1681,319,0.1595,1.2235763995349407
1402,1701,299,0.1495,1.2236664473786951
1378,1689,311,0.1555,1.2218157191423076
1418,1709,291,0.1455,1.2227999719977378
1404,1702,298,0.149,1.2239417799711227
1474,1737,263,0.1315,1.2183877966597374
1488,1744,256,0.128,1.2203974975978782
1388,1694,306,0.153,1.2236195513010024
1476,1738,262,0.131,1.218480628278428
1452,1726,274,0.137,1.2198140411823988
1524,1762,238,0.119,1.216437141721601
1424,1712,288,0.144,1.2237442837357522
1466,1733,267,0.1335,1.2231392664909362
1446,1723,277,0.1385,1.218812006816268
1522,1761,239,0.1195,1.2189451636075974
1432,1716,284,0.142,1.2184906404702924
1368,1684,316,0.158,1.2219897312521935
1430,1715,285,0.1425,1.2223550927639009
1358,1679,321,0.1605,1.2217088493872434
1462,1731,269,0.1345,1.2166562379598618
1382,1691,309,0.1545,1.2176941036693751
1532,1766,234,0.117,1.2130087603917123
1422,1711,289,0.1445,1.217887541651743
1434,1717,283,0.1415,1.218289935465902
1438,1719,281,0.1405,1.219657153725624
1398,1699,301,0.1505,1.2214139044173062
1438,1719,281,0.1405,1.2177073315735907
1462,1731,269,0.1345,1.2139961659274996
1474,1737,263,0.1315,1.2152511948645115
1450,1725,275,0.1375,1.2172553363516927
1452,1726,274,0.137,1.2171838291585446
1442,1721,279,0.1395,1.2145175393521785
1398,1699,301,0.1505,1.2186277085542678
1510,1755,245,0.1225,1.2135912038037455
1380,1690,310,0.155,1.2163011379539967
1344,1672,328,0.164,1.2144493359066546
1492,1746,254,0.127,1.2148000950217246
1512,1756,244,0.122,1.2121706224381923
1438,1719,281,0.1405,1.2121747769713402
1564,1782,218,0.109,1.2072838020846248
1328,1664,336,0.168,1.2174966411292554
1452,1726,274,0.137,1.2121417534947396
1506,1753,247,0.1235,1.206112883299589
1404,1702,298,0.149,1.2139666586220264
1370,1685,315,0.1575,1.2136319215893745
1456,1728,272,0.136,1.205715375872329
1384,1692,308,0.154,1.2101940052844584
1362,1681,319,0.1595,1.211870079703914
1440,1720,280,0.14,1.2132215212583541
1468,1734,266,0.133,1.2081183541286737
1352,1676,324,0.162,1.2112269591167568
1478,1739,261,0.1305,1.2064073896110057
1378,1689,311,0.1555,1.2091965115591883
1366,1683,317,0.1585,1.2114706452249921
1406,1703,297,0.1485,1.2098966286977062
1478,1739,261,0.1305,1.2064284583330154
1432,1716,284,0.142,1.2064760381281376
1438,1719,281,0.1405,1.2089591012299061
1440,1720,280,0.14,1.207511290706694
1426,1713,287,0.1435,1.211348955541849
1474,1737,263,0.1315,1.207748109817505
1400,1700,300,0.15,1.2086460723876953
1430,1715,285,0.1425,1.205637308359146
1444,1722,278,0.139,1.2073476594686507
1406,1703,297,0.1485,1.2078151058703661
1400,1700,300,0.15,1.2095149764865636
1378,1689,311,0.1555,1.210302916765213
1430,1715,285,0.1425,1.2084297937247903
1398,1699,301,0.1505,1.20768145352602
1420,1710,290,0.145,1.2076434387266637
1378,1689,311,0.1555,1.2075148045420647
1514,1757,243,0.1215,1.2032679880857469
1390,1695,305,0.1525,1.2069535553455353
1582,1791,209,0.1045,1.198805579928824
1480,1740,260,0.13,1.2079375739321112
1448,1724,276,0.138,1.2053192848563195
1454,1727,273,0.1365,1.2054135857224464
1460,1730,270,0.135,1.2020597228407859
1498,1749,251,0.1255,1.2013728384077549
1398,1699,301,0.1505,1.2044502664208412
1498,1749,251,0.1255,1.1979578920993954
1432,1716,284,0.142,1.200929830766136
1390,1695,305,0.1525,1.1991135684596375
1492,1746,254,0.127,1.1992598343491554
1492,1746,254,0.127,1.1976431945264339
1426,1713,287,0.1435,1.1981628884537823
1460,1730,270,0.135,1.19850016567111
1482,1741,259,0.1295,1.1949496845006942
1436,1718,282,0.141,1.1981407123804093
1352,1676,324,0.162,1.20279096531868
1438,1719,281,0.1405,1.1941358202081174
1364,1682,318,0.159,1.1983850244529313
1460,1730,270,0.135,1.19215976667889
1498,1749,251,0.1255,1.1895895222723485
1436,1718,282,0.141,1.1959953970313073
1442,1721,279,0.1395,1.1954112077355386
1424,1712,288,0.144,1.1985653137862682
1402,1701,299,0.1495,1.1921877073384821
1462,1731,269,0.1345,1.192983816385269
1486,1743,257,0.1285,1.1940735701918601
1428,1714,286,0.143,1.1927457739114762
1432,1716,284,0.142,1.1948497874736785
1434,1717,283,0.1415,1.1926330331265926
1454,1727,273,0.1365,1.1930539834797382
1472,1736,264,0.132,1.1875870666746051
1396,1698,302,0.151,1.1932456531822682
1488,1744,256,0.128,1.1907138225734233
1446,1723,277,0.1385,1.1913132543563842
1516,1758,242,0.121,1.1857946487367153
1462,1731,269,0.1345,1.1899373405575753
1462,1731,269,0.1345,1.1875325577218319
1442,1721,279,0.1395,1.186706387102604
1400,1700,300,0.15,1.1907150276601315
1432,1716,284,0.142,1.1893190615475178
1430,1715,285,0.1425,1.1848148739049211
1458,1729,271,0.1355,1.188771610289812
1376,1688,312,0.156,1.1856912314593793
1454,1727,273,0.1365,1.186904283761978
1360,1680,320,0.16,1.1895177387595177
1348,1674,326,0.163,1.1945252638459205
1432,1716,284,0.142,1.185417457154952
1294,1647,353,0.1765,1.190594470411539
1496,1748,252,0.126,1.18251335850358
1462,1731,269,0.1345,1.1875101665854455
1440,1720,280,0.14,1.184981388747692
1448,1724,276,0.138,1.1861286497990988
1446,1723,277,0.1385,1.1870973913088092
1332,1666,334,0.167,1.1906388270105235
1356,1678,322,0.161,1.1905059282717694
1422,1711,289,0.1445,1.1877897084653377
1400,1700,300,0.15,1.184692147170892
1472,1736,264,0.132,1.1839048375189305
1440,1720,280,0.14,1.186871770054102
1450,1725,275,0.1375,1.183413664065767
1370,1685,315,0.1575,1.1905797121178512
1392,1696,304,0.152,1.1895528337955474
1360,1680,320,0.16,1.1884028451517223
1444,1722,278,0.139,1.1871097650825977
1334,1667,333,0.1665,1.1903259894251823
1384,1692,308,0.154,1.1865238946378232
1416,1708,292,0.146,1.1871376901566981
1358,1679,321,0.1605,1.1865811077654362
1410,1705,295,0.1475,1.1867530962228776
1478,1739,261,0.1305,1.1833075560629367
1394,1697,303,0.1515,1.1870467117130756
1442,1721,279,0.1395,1.1852201671898366
1478,1739,261,0.1305,1.1798689687848092
1490,1745,255,0.1275,1.1775420684546698
1436,1718,282,0.141,1.1857296349406243
1410,1705,295,0.1475,1.1816919387280942
1476,1738,262,0.131,1.1781016696691513
1426,1713,287,0.1435,1.1793053286969661
1424,1712,288,0.144,1.1810862949043512
1344,1672,328,0.164,1.181579884275794
1492,1746,254,0.127,1.1772314821071923
1416,1708,292,0.146,1.178994893580675
1382,1691,309,0.1545,1.1776487849354744
1428,1714,286,0.143,1.1798636069893838
1496,1748,252,0.126,1.1747296492514434
1324,1662,338,0.169,1.1797508009001612
1426,1713,287,0.1435,1.1794143505245447
1440,1720,280,0.14,1.1746653519272805
1454,1727,273,0.1365,1.1770338480174543
1410,1705,295,0.1475,1.172361637979746
1526,1763,237,0.1185,1.1724191379249096
1432,1716,284,0.142,1.1764174377657473
1460,1730,270,0.135,1.1756577214226127
1456,1728,272,0.136,1.175629833430052
1410,1705,295,0.1475,1.1711868553571403
1408,1704,296,0.148,1.1752930060625075
1490,1745,255,0.1275,1.1716226642429828
1498,1749,251,0.1255,1.1704106962357181
1418,1709,291,0.1455,1.1687216259158808
1334,1667,333,0.1665,1.1741245637834072
1410,1705,295,0.1475,1.1722891110777856
1468,1734,266,0.133,1.1649690261185168
1380,1690,310,0.155,1.17074492508173
1420,1710,290,0.145,1.162855862622164
1422,1711,289,0.1445,1.1655214550793171
1442,1721,279,0.1395,1.1649172755032777
1440,1720,280,0.14,1.1633729609251022
1428,1714,286,0.143,1.1627959332764148
1414,1707,293,0.1465,1.1645953639622313
1420,1710,290,0.145,1.1618659191429614
1384,1692,308,0.154,1.159733409166336
1394,1697,303,0.1515,1.1606405070126056
1442,1721,279,0.1395,1.1563002831041813
1444,1722,278,0.139,1.1578125691413879
1392,1696,304,0.152,1.1626057110503316
1356,1678,322,0.161,1.1609944302141666
1378,1689,311,0.1555,1.1614696972072125
1364,1682,318,0.159,1.1648640551269054
1502,1751,249,0.1245,1.1532005378603936
1422,1711,289,0.1445,1.1571873904764651
1460,1730,270,0.135,1.1572407747805118
1444,1722,278,0.139,1.158066576898098
1442,1721,279,0.1395,1.1551766339540481
1402,1701,299,0.1495,1.1561018056571484
1428,1714,286,0.143,1.1545056154429914
1372,1686,314,0.157,1.1586724562644959
1388,1694,306,0.153,1.154492518544197
1504,1752,248,0.124,1.1459552172124385
1430,1715,285,0.1425,1.151500730127096
1454,1727,273,0.1365,1.1501724418764934
1352,1676,324,0.162,1.1500505634740694
1470,1735,265,0.1325,1.1444894998371602
1508,1754,246,0.123,1.141939679890871
1434,1717,283,0.1415,1.1445197269618512
1546,1773,227,0.1135,1.1385803794711828
1520,1760,240,0.12,1.141383810967207
1508,1754,246,0.123,1.1396481308937072
1442,1721,279,0.1395,1.1375242063701152
1458,1729,271,0.1355,1.1387741862032563
1494,1747,253,0.1265,1.1383004026897252
1490,1745,255,0.1275,1.1358600236475467
1472,1736,264,0.132,1.136690114557743
1474,1737,263,0.1315,1.1337404646128415
1436,1718,282,0.141,1.1331577084064484
1492,1746,254,0.127,1.133055485755205
1332,1666,334,0.167,1.1338458464390424
1474,1737,263,0.1315,1.130834287941456
1444,1722,278,0.139,1.1289766062727522
1468,1734,266,0.133,1.1253199075153097
1352,1676,324,0.162,1.1298359960317612
1474,1737,263,0.1315,1.125125936716795
1420,1710,290,0.145,1.1249066694134398
1422,1711,289,0.1445,1.1261159471273423
1474,1737,263,0.1315,1.1241417578458786
1366,1683,317,0.1585,1.1234663283945994
1482,1741,259,0.1295,1.1207185076773167
1510,1755,245,0.1225,1.1212051135599612
1436,1718,282,0.141,1.1257469471395016
1480,1740,260,0.13,1.1194596287608147
1442,1721,279,0.1395,1.1214690220952035
1412,1706,294,0.147,1.1240126141905784
1432,1716,284,0.142,1.1194261917322874
1460,1730,270,0.135,1.1176578472107648
1444,1722,278,0.139,1.1239786013206468
1478,1739,261,0.1305,1.1175751022994518
1460,1730,270,0.135,1.121900731690228
1448,1724,276,0.138,1.11970415430516
1412,1706,294,0.147,1.119028896050062
1398,1699,301,0.1505,1.1209554497897625
1458,1729,271,0.1355,1.1170189033448696
1564,1782,218,0.109,1.1098281736671924
1470,1735,265,0.1325,1.1115107602924108
1366,1683,317,0.1585,1.1149222147166729
1458,1729,271,0.1355,1.113605433791876
1428,1714,286,0.143,1.1156541292965412
1470,1735,265,0.1325,1.1162402297875378
1422,1711,289,0.1445,1.1144821709543467
1466,1733,267,0.1335,1.1118597084414215
1528,1764,236,0.118,1.1058823500871657
1486,1743,257,0.1285,1.1103854660093784
1470,1735,265,0.1325,1.1120171072036027
1454,1727,273,0.1365,1.1075444804131984
1412,1706,294,0.147,1.1097925936877728
1510,1755,245,0.1225,1.103887796342373
1508,1754,246,0.123,1.1085190080106258
1448,1724,276,0.138,1.1063055140450597
1406,1703,297,0.1485,1.107473229020834
1546,1773,227,0.1135,1.1000016926229
1414,1707,293,0.1465,1.1040138264298438
1428,1714,286,0.143,1.1029685905575752
1394,1697,303,0.1515,1.1047416071891785
1454,1727,273,0.1365,1.0981042067748494
1460,1730,270,0.135,1.1036965172886848
1422,1711,289,0.1445,1.102258496299386
1498,1749,251,0.1255,1.098991976737976
1470,1735,265,0.1325,1.1015445745289325
1574,1787,213,0.1065,1.0950848583877086
1444,1722,278,0.139,1.1028687597215177
1448,1724,276,0.138,1.097005793571472
1400,1700,300,0.15,1.1002732252627612
1458,1729,271,0.1355,1.097448912203312
1464,1732,268,0.134,1.0919125076392697
1412,1706,294,0.147,1.0946126119196415
1394,1697,303,0.1515,1.0988201918415725
1446,1723,277,0.1385,1.0971684001088142
1482,1741,259,0.1295,1.090547984227538
1472,1736,264,0.132,1.0899949730336667
1468,1734,266,0.133,1.095803890824318
1402,1701,299,0.1495,1.099329668879509
1492,1746,254,0.127,1.0914048785567283
1448,1724,276,0.138,1.0960232697245227
1468,1734,266,0.133,1.0935595227181911
1430,1715,285,0.1425,1.0936088302115459
1394,1697,303,0.1515,1.0964432301297784
1466,1733,267,0.1335,1.0929274725466966
1492,1746,254,0.127,1.0907456452548503
1390,1695,305,0.1525,1.0984776006639003
1556,1778,222,0.111,1.0881860829591752
1500,1750,250,0.125,1.0913326314985752
1506,1753,247,0.1235,1.0931285779476165
1454,1727,273,0.1365,1.0909943944066762
1290,1645,355,0.1775,1.0952938462691382
1426,1713,287,0.1435,1.0906624368131161
1424,1712,288,0.144,1.0956771889925003
1400,1700,300,0.15,1.0936867358982563
1422,1711,289,0.1445,1.0934206113517284
1396,1698,302,0.151,1.089927970767021
1426,1713,287,0.1435,1.0943183001205325
1440,1720,280,0.14,1.094209631115198
1508,1754,246,0.123,1.0883553071022034
1450,1725,275,0.1375,1.0922671871483325
1416,1708,292,0.146,1.0921291214823723
1438,1719,281,0.1405,1.0931729654073714
1450,1725,275,0.1375,1.0872843483984471
1574,1787,213,0.1065,1.0812943791151046
1522,1761,239,0.1195,1.0868605958521367
1506,1753,247,0.1235,1.0852927464954591
1502,1751,249,0.1245,1.0851903837919235
1482,1741,259,0.1295,1.0845936909094454
1446,1723,277,0.1385,1.0871582770347594
1458,1729,271,0.1355,1.0838966903686524
1404,1702,298,0.149,1.0871192057430745
1444,1722,278,0.139,1.0811436558663845
1462,1731,269,0.1345,1.0835812665224076
1482,1741,259,0.1295,1.0805370900332927
1462,1731,269,0.1345,1.0798812006525405
1442,1721,279,0.1395,1.084084028095007
1442,1721,279,0.1395,1.0781717106103896
1338,1669,331,0.1655,1.0861201611459255
1466,1733,267,0.1335,1.0785372445881367
1510,1755,245,0.1225,1.0760724029541016
1506,1753,247,0.1235,1.0759685363918543
1428,1714,286,0.143,1.0751257213265126
1480,1740,260,0.13,1.0739754396006465
1408,1704,296,0.148,1.0771622759886086
1546,1773,227,0.1135,1.0740799992978574
1442,1721,279,0.1395,1.0788269575238227
1516,1758,242,0.121,1.0744858365654946
1444,1722,278,0.139,1.0775053217411041
1370,1685,315,0.1575,1.0778204127773643
1458,1729,271,0.1355,1.0800924876788631
1428,1714,286,0.143,1.0767461104193936
1430,1715,285,0.1425,1.0793044865131378
1414,1707,293,0.1465,1.0766040490269662
1436,1718,282,0.141,1.0727433633208274
1458,1729,271,0.1355,1.074864239692688
1434,1717,283,0.1415,1.0752248262763024
1426,1713,287,0.1435,1.0750821504294872
1454,1727,273,0.1365,1.076442341387272
1452,1726,274,0.137,1.075168907046318
1370,1685,315,0.1575,1.0792376917488873
1510,1755,245,0.1225,1.0688649621605872
1522,1761,239,0.1195,1.0697618155404924
1460,1730,270,0.135,1.0659322941116989
1488,1744,256,0.128,1.0675092745423318
1496,1748,252,0.126,1.0640296327341348
1420,1710,290,0.145,1.0647236237078905
1420,1710,290,0.145,1.0699311074614526
1448,1724,276,0.138,1.0649311661459506
1450,1725,275,0.1375,1.0692662829756736
1476,1738,262,0.131,1.0618514072895051
1402,1701,299,0.1495,1.0644902841001749
1458,1729,271,0.1355,1.0661294814348221
1428,1714,286,0.143,1.0663946063816547
1528,1764,236,0.118,1.0567814683131873
1460,1730,270,0.135,1.0610678913295268
1380,1690,310,0.155,1.056549274265766
1530,1765,235,0.1175,1.0590211282670499
1428,1714,286,0.143,1.057963690750301
1512,1756,244,0.122,1.0569263683743775
1442,1721,279,0.1395,1.0558125950098038
1368,1684,316,0.158,1.0599659785330295
1454,1727,273,0.1365,1.053002208545804
1466,1733,267,0.1335,1.0537224650233985
1528,1764,236,0.118,1.0486280358588465
1456,1728,272,0.136,1.0534537129700765
1482,1741,259,0.1295,1.0476524250910015
1448,1724,276,0.138,1.0494719378054143
1392,1696,304,0.152,1.0531427893042564
1490,1745,255,0.1275,1.0518558311462403
1418,1709,291,0.1455,1.0541819282770157
1336,1668,332,0.166,1.053101930588484
1494,1747,253,0.1265,1.048474739611149
1526,1763,237,0.1185,1.048588716506958
1432,1716,284,0.142,1.0515245943554545
1458,1729,271,0.1355,1.04820944160223
1506,1753,247,0.1235,1.0490523536074907
1412,1706,294,0.147,1.0535028694570066
1444,1722,278,0.139,1.0464712814688684
1492,1746,254,0.127,1.044540036201477
1494,1747,253,0.1265,1.0414227722883225
1508,1754,246,0.123,1.0487702652513982
1512,1756,244,0.122,1.0453071707189083
1442,1721,279,0.1395,1.043907691448927
1548,1774,226,0.113,1.037040715340525
1438,1719,281,0.1405,1.041838655250147
1498,1749,251,0.1255,1.0440018547177314
1376,1688,312,0.156,1.037103282764554
1514,1757,243,0.1215,1.0332598847448826
1492,1746,254,0.127,1.0305113139152526
1398,1699,301,0.1505,1.0407078056037427
1416,1708,292,0.146,1.0375575832054018
1390,1695,305,0.1525,1.0326250084638595
1500,1750,250,0.125,1.0280924115665258
1448,1724,276,0.138,1.0339945513606073
1504,1752,248,0.124,1.0343274168968202
1464,1732,268,0.134,1.0304335351735354
1456,1728,272,0.136,1.035252891242504
1522,1761,239,0.1195,1.0325055073201657
1466,1733,267,0.1335,1.0316694689244033
1400,1700,300,0.15,1.0399924648404122
1452,1726,274,0.137,1.038168004103005
1448,1724,276,0.138,1.0335086202844976
1466,1733,267,0.1335,1.0364000553786754
1466,1733,267,0.1335,1.03671052095294
1544,1772,228,0.114,1.0331167731583117
1348,1674,326,0.163,1.0399984581293538
1494,1747,253,0.1265,1.0327619066387415
1410,1705,295,0.1475,1.036430376291275
1480,1740,260,0.13,1.0323527997881174
1408,1704,296,0.148,1.0400214869976043
1452,1726,274,0.137,1.0355350830791867
1464,1732,268,0.134,1.0343336390415208
1370,1685,315,0.1575,1.0332099617370405
1492,1746,254,0.127,1.0315396116375923
1422,1711,289,0.1445,1.0358537275791169
1500,1750,250,0.125,1.0344529198110104
1422,1711,289,0.1445,1.0391137191951274
1496,1748,252,0.126,1.0303020676374435
1464,1732,268,0.134,1.0329786334335804
1434,1717,283,0.1415,1.0319046673476695
1446,1723,277,0.1385,1.0369877557704459
1412,1706,294,0.147,1.0304016596749426
1460,1730,270,0.135,1.0309497389793396
1398,1699,301,0.1505,1.035879456420662
1332,1666,334,0.167,1.0380595163404942
1432,1716,284,0.142,1.031989205211401
1406,1703,297,0.1485,1.0339746576547624
1396,1698,302,0.151,1.0358316446244717
1450,1725,275,0.1375,1.0335572566203772
1486,1743,257,0.1285,1.0254312599487603
1470,1735,265,0.1325,1.031184722185135
1488,1744,256,0.128,1.0300842814743518
1440,1720,280,0.14,1.0378055015227292
1470,1735,265,0.1325,1.034358470827341
1512,1756,244,0.122,1.030369832713157
1502,1751,249,0.1245,1.0311148605048657
1428,1714,286,0.143,1.0335656335651875
1480,1740,260,0.13,1.034808805733919
1462,1731,269,0.1345,1.0309996920824052
1432,1716,284,0.142,1.0315086583793163
1400,1700,300,0.15,1.033472074151039
1448,1724,276,0.138,1.0314049422959466
1486,1743,257,0.1285,1.0278480494022368
1488,1744,256,0.128,1.0269724179003388
1488,1744,256,0.128,1.0295345104121951
1564,1782,218,0.109,1.0230188644081355
1422,1711,289,0.1445,1.0214052505940199
1526,1763,237,0.1185,1.0199968904703856
1474,1737,263,0.1315,1.025588295629691
1360,1680,320,0.16,1.0304751331955195
1412,1706,294,0.147,1.023485353320837
1474,1737,263,0.1315,1.0184510170007124
1470,1735,265,0.1325,1.0212408951222895
1474,1737,263,0.1315,1.0206102922856808
1442,1721,279,0.1395,1.0212114366590976
1482,1741,259,0.1295,1.017098983746022
1410,1705,295,0.1475,1.0255709769129753
1412,1706,294,0.147,1.0235725154578685
1486,1743,257,0.1285,1.0213908346109093
1500,1750,250,0.125,1.022210347890854
1506,1753,247,0.1235,1.0182168584167957
1516,1758,242,0.121,1.0158916571736336
1512,1756,244,0.122,1.0197461069822311
1464,1732,268,0.134,1.0184789067192468
1388,1694,306,0.153,1.0221362970769405
1468,1734,266,0.133,1.0198505870699883
1466,1733,267,0.1335,1.0153921060115099
1378,1689,311,0.1555,1.0227345589995385
1466,1733,267,0.1335,1.017665208697319
1488,1744,256,0.128,1.0120835519731044
1496,1748,252,0.126,1.009596039146185
1530,1765,235,0.1175,1.0081240666545928
1442,1721,279,0.1395,1.013954420685768
1454,1727,273,0.1365,1.0180856778070781
1396,1698,302,0.151,1.013769625365734
1478,1739,261,0.1305,1.008077887967229
1450,1725,275,0.1375,1.0081172349750995
1444,1722,278,0.139,1.006179399549961
1476,1738,262,0.131,1.0065667239427567
1450,1725,275,0.1375,1.005988058000803
1526,1763,237,0.1185,1.0046095958948136
1456,1728,272,0.136,1.005609966397335
1384,1692,308,0.154,1.0111454412937164
1432,1716,284,0.142,1.0044164143800736
1476,1738,262,0.131,1.001775221645832
1406,1703,297,0.1485,1.004555608034134
1532,1766,234,0.117,0.9991761008799076
1416,1708,292,0.146,1.0046809259000236
1444,1722,278,0.139,1.0047577707745585
1482,1741,259,0.1295,1.0028224775064847
1468,1734,266,0.133,0.9978107205268462
1430,1715,285,0.1425,1.0030444072522222
1436,1718,282,0.141,1.0069745977818967
1480,1740,260,0.13,1.0016327718421816
1564,1782,218,0.109,0.989665401019156
1466,1733,267,0.1335,0.9969743177890777
1394,1697,303,0.1515,0.999149271087721
1426,1713,287,0.1435,1.0008894302258269
1352,1676,324,0.162,1.0036472261026501
1406,1703,297,0.1485,0.9986035468578338
1438,1719,281,0.1405,0.9951270594102098
1464,1732,268,0.134,0.9968450662493705
1460,1730,270,0.135,0.996535490759241
1484,1742,258,0.129,0.9948583605429158
1430,1715,285,0.1425,0.9932970741689205
1534,1767,233,0.1165,0.9881879455689341
1492,1746,254,0.127,0.9949254952510346
1398,1699,301,0.1505,0.9908041808009148
1332,1666,334,0.167,0.9971730973105772
1472,1736,264,0.132,0.9885406365543604
1468,1734,266,0.133,0.9895055523738265
1462,1731,269,0.1345,0.9905483574271202
1408,1704,296,0.148,0.9938590613305569
1400,1700,300,0.15,0.9878576139304787
1462,1731,269,0.1345,0.989755620803703
1506,1753,247,0.1235,0.9867350998520851
1432,1716,284,0.142,0.9902223685979843
1416,1708,292,0.146,0.9893387554883957
1450,1725,275,0.1375,0.9894955864548683
1396,1698,302,0.151,0.9905041289925576
1552,1776,224,0.112,0.9801061927229167
1440,1720,280,0.14,0.9887634015977382
1436,1718,282,0.141,0.9898760233819485
1434,1717,283,0.1415,0.9893670993149281
1518,1759,241,0.1205,0.984952443140326
1440,1720,280,0.14,0.9829690920859575
1528,1764,236,0.118,0.9794799499930814
1350,1675,325,0.1625,0.9871087372750044
1448,1724,276,0.138,0.9860649110227824
1438,1719,281,0.1405,0.9853092959597707
1486,1743,257,0.1285,0.9756536257451133
1500,1750,250,0.125,0.9747060823142528
1496,1748,252,0.126,0.9729646157622337
1454,1727,273,0.1365,0.9768766322135926
1532,1766,234,0.117,0.9646738459765911
1458,1729,271,0.1355,0.9697813124060631
1458,1729,271,0.1355,0.9694806607645005
1570,1785,215,0.1075,0.9595284182429313
1468,1734,266,0.133,0.9626336491405963
1384,1692,308,0.154,0.9645283996295638
1504,1752,248,0.124,0.9554185013901669
1416,1708,292,0.146,0.9623763143154683
1354,1677,323,0.1615,0.9633397954255343
1506,1753,247,0.1235,0.9518944124063955
1472,1736,264,0.132,0.9536646563112736
1526,1763,237,0.1185,0.9463547651171684
1460,1730,270,0.135,0.9525142008960268
1530,1765,235,0.1175,0.9487263323068619
1524,1762,238,0.119,0.9485084714889527
1518,1759,241,0.1205,0.9498922817111015
1558,1779,221,0.1105,0.9417829052694142
1448,1724,276,0.138,0.9459824086606459
1464,1732,268,0.134,0.9456195810437202
1474,1737,263,0.1315,0.9434582390487194
1406,1703,297,0.1485,0.9524221622347832
1406,1703,297,0.1485,0.9431190385520458
1474,1737,263,0.1315,0.9453534125198712
1494,1747,253,0.1265,0.9400575129375893
1492,1746,254,0.127,0.9445058458896795
1480,1740,260,0.13,0.9458252510298043
1480,1740,260,0.13,0.9444213289804757
1448,1724,276,0.138,0.9446101520955562
1382,1691,309,0.1545,0.9485549890398979
1468,1734,266,0.133,0.944100480824709
1502,1751,249,0.1245,0.9431728235697374
1468,1734,266,0.133,0.9441716654598713
1426,1713,287,0.1435,0.9452818960249424
1500,1750,250,0.125,0.9416257093846798
1464,1732,268,0.134,0.946079532392323
1460,1730,270,0.135,0.9370084585752345
1368,1684,316,0.158,0.9458300590626896
1476,1738,262,0.131,0.9413003453387319
1402,1701,299,0.1495,0.9457634680271149
1434,1717,283,0.1415,0.9464579855203629
1490,1745,255,0.1275,0.9398929266631604
1478,1739,261,0.1305,0.9409210416078567
1430,1715,285,0.1425,0.941438660979271
1524,1762,238,0.119,0.941595344632864
1422,1711,289,0.1445,0.9457702262869695
1508,1754,246,0.123,0.9410304116010666
1440,1720,280,0.14,0.944947405308485
1540,1770,230,0.115,0.9396684535741806
1402,1701,299,0.1495,0.9448352057635784
1482,1741,259,0.1295,0.9381677510440349
1572,1786,214,0.107,0.9339192907810211
1438,1719,281,0.1405,0.9389173049032689
1474,1737,263,0.1315,0.9330878474414349
1506,1753,247,0.1235,0.9272139462530613
1464,1732,268,0.134,0.9313413661405211
1422,1711,289,0.1445,0.9338134573921562
1440,1720,280,0.14,0.9282464720308781
1506,1753,247,0.1235,0.926133263707161
1476,1738,262,0.131,0.9243892223238945
1416,1708,292,0.146,0.933175324678421
1410,1705,295,0.1475,0.9300426235198974
1430,1715,285,0.1425,0.9298028037548065
1478,1739,261,0.1305,0.9240565283000469
1466,1733,267,0.1335,0.9249569959400106
1524,1762,238,0.119,0.9222431180179119
1462,1731,269,0.1345,0.922415814310341
1394,1697,303,0.1515,0.9294246829748154
1518,1759,241,0.1205,0.9193764381092624
1584,1792,208,0.104,0.9161181662231683
1560,1780,220,0.11,0.913825551211834
1472,1736,264,0.132,0.9177903549075127
1482,1741,259,0.1295,0.9183842221200467
1466,1733,267,0.1335,0.9205450056148693
1428,1714,286,0.143,0.9184595564007759
1582,1791,209,0.1045,0.911139327455312
1422,1711,289,0.1445,0.9158882819134742
1458,1729,271,0.1355,0.9094666510522366
1346,1673,327,0.1635,0.9172545317042096
1490,1745,255,0.1275,0.9147129226177931
1522,1761,239,0.1195,0.9067119386103004
1416,1708,292,0.146,0.9127442462742329
1502,1751,249,0.1245,0.9053609511177055
1498,1749,251,0.1255,0.9072415516674519
1512,1756,244,0.122,0.9062549755442888
1454,1727,273,0.1365,0.9147812841832638
1498,1749,251,0.1255,0.9051387803554535
1414,1707,293,0.1465,0.9157505404427652
1484,1742,258,0.129,0.909044085919857
1500,1750,250,0.125,0.9088431543409824
1552,1776,224,0.112,0.8998044620454312
1472,1736,264,0.132,0.9049624105514958
1442,1721,279,0.1395,0.9071745101511478
1394,1697,303,0.1515,0.9153307428061962
1514,1757,243,0.1215,0.9057671453356743
1426,1713,287,0.1435,0.9084599047899247
1542,1771,229,0.1145,0.9041080538928509
1552,1776,224,0.112,0.9042911314368248
1406,1703,297,0.1485,0.9156420197188854
1512,1756,244,0.122,0.904034174144268
1546,1773,227,0.1135,0.9051838743686677
1444,1722,278,0.139,0.9064133595824242
1510,1755,245,0.1225,0.9051622723042965
1494,1747,253,0.1265,0.9065890593826771
1462,1731,269,0.1345,0.9059561733008202
1536,1768,232,0.116,0.9016314615607262
1526,1763,237,0.1185,0.8988009246587754
1410,1705,295,0.1475,0.9081030424535275
1522,1761,239,0.1195,0.9026753975152969
1578,1789,211,0.1055,0.8973284665048122
1452,1726,274,0.137,0.904465529024601
1448,1724,276,0.138,0.9032202470749616
1436,1718,282,0.141,0.9072566926777362
1472,1736,264,0.132,0.904260062456131
1422,1711,289,0.1445,0.9030307441353798
1488,1744,256,0.128,0.8994770103693008
1452,1726,274,0.137,0.9029492048621177
1568,1784,216,0.108,0.8951044405102729
1526,1763,237,0.1185,0.8985601705014705
1516,1758,242,0.121,0.898718132674694
1534,1767,233,0.1165,0.904438230116386
1486,1743,257,0.1285,0.9045181909203529
1450,1725,275,0.1375,0.8984853795023336
1452,1726,274,0.137,0.9069100434929133
1544,1772,228,0.114,0.8946405374555033
1546,1773,227,0.1135,0.8941011394411326
1514,1757,243,0.1215,0.8940497053784784
1554,1777,223,0.1115,0.8905039682388306
1398,1699,301,0.1505,0.9008450159728527
1528,1764,236,0.118,0.8971450492367148
1426,1713,287,0.1435,0.8996617485582828
1564,1782,218,0.109,0.8898797747790813
1446,1723,277,0.1385,0.9015731687322259
1466,1733,267,0.1335,0.8983245968781411
1470,1735,265,0.1325,0.8958641164898873
1426,1713,287,0.1435,0.8954388860762119
1446,1723,277,0.1385,0.8956013494729995
1422,1711,289,0.1445,0.8997372840940953
1502,1751,249,0.1245,0.8944172561764717
1502,1751,249,0.1245,0.8952906433641911
1476,1738,262,0.131,0.8962422502934932
1404,1702,298,0.149,0.8985047649145126
1430,1715,285,0.1425,0.9008844846040011
1430,1715,285,0.1425,0.9018365904879756
1470,1735,265,0.1325,0.899899090216728
1524,1762,238,0.119,0.8995102483630181
1462,1731,269,0.1345,0.9033065870404243
1462,1731,269,0.1345,0.8994932182729244
1370,1685,315,0.1575,0.902246303409338
1488,1744,256,0.128,0.8958218002319336
1486,1743,257,0.1285,0.8966089150058105
1384,1692,308,0.154,0.9058254165798426
1372,1686,314,0.157,0.9038692601584585
1458,1729,271,0.1355,0.9055152588487855
1450,1725,275,0.1375,0.9005699031938129
1482,1741,259,0.1295,0.9025319887530059
1474,1737,263,0.1315,0.9042862048999697
1440,1720,280,0.14,0.9056728631258011
1436,1718,282,0.141,0.9045242555095254
1494,1747,253,0.1265,0.9023839862715686
1492,1746,254,0.127,0.8981176137328147
1488,1744,256,0.128,0.8999400952458382
1520,1760,240,0.12,0.9012154029011726
1474,1737,263,0.1315,0.8987885580509901
1406,1703,297,0.1485,0.9040704413577915
1434,1717,283,0.1415,0.9019055199446157
1504,1752,248,0.124,0.8946972764208913
1428,1714,286,0.143,0.903009649341926
1500,1750,250,0.125,0.8956622642204165
1490,1745,255,0.1275,0.8898858094215393
1510,1755,245,0.1225,0.8918929876685142
1510,1755,245,0.1225,0.8901863966584206
1392,1696,304,0.152,0.896408255815506
1434,1717,283,0.1415,0.8873663043230772
1596,1798,202,0.101,0.8804055997729301
1464,1732,268,0.134,0.8875836264987191
1558,1779,221,0.1105,0.880603236079216
1476,1738,262,0.131,0.8857316346382722
1450,1725,275,0.1375,0.8822857766747475
1410,1705,295,0.1475,0.8794246429801365
1466,1733,267,0.1335,0.8765185985472054
1466,1733,267,0.1335,0.8761505585946142
1540,1770,230,0.115,0.8652893862128258
1456,1728,272,0.136,0.8735468990438601
1520,1760,240,0.12,0.8671401177827611
1476,1738,262,0.131,0.8704563013315201
1446,1723,277,0.1385,0.8689780993014574
1508,1754,246,0.123,0.8656085803359747
1530,1765,235,0.1175,0.8607053450942039
1500,1750,250,0.125,0.8626321710944176
1462,1731,269,0.1345,0.8642412155270577
1506,1753,247,0.1235,0.8606340639069676
1474,1737,263,0.1315,0.8631412644088269
1434,1717,283,0.1415,0.8686042718589306
1536,1768,232,0.116,0.8577848730683326
1502,1751,249,0.1245,0.8624022728707641
1488,1744,256,0.128,0.860697687625885
1414,1707,293,0.1465,0.8653090982437134
1478,1739,261,0.1305,0.8663952423036099
1482,1741,259,0.1295,0.8638004629015923
1484,1742,258,0.129,0.8605578328371049
1476,1738,262,0.131,0.8665117623992846
1526,1763,237,0.1185,0.8655074377954006
1514,1757,243,0.1215,0.8642747314367444
1544,1772,228,0.114,0.863429698728025
1498,1749,251,0.1255,0.8633223094344139
1474,1737,263,0.1315,0.8600592016875744
1516,1758,242,0.121,0.8629574220627546
1518,1759,241,0.1205,0.8604187761768699
1514,1757,243,0.1215,0.8607907356619835
1438,1719,281,0.1405,0.8626603063046933
1566,1783,217,0.1085,0.8537549285888671
1442,1721,279,0.1395,0.8625263363495469
1404,1702,298,0.149,0.8604408937692642
1558,1779,221,0.1105,0.8547701371610165
1458,1729,271,0.1355,0.8572776788976043
1486,1743,257,0.1285,0.8581774335503578
1472,1736,264,0.132,0.8561172756552696
1494,1747,253,0.1265,0.8496490290164948
1458,1729,271,0.1355,0.855722171574831
1428,1714,286,0.143,0.8559392569661141
1412,1706,294,0.147,0.8626955185830593
1396,1698,302,0.151,0.8563470376729965
1488,1744,256,0.128,0.8494138880074025
1556,1778,222,0.111,0.848383419290185
1478,1739,261,0.1305,0.8557132856100798
1472,1736,264,0.132,0.8519437995702028
1510,1755,245,0.1225,0.8496657965765335
1534,1767,233,0.1165,0.8491037174165249
1466,1733,267,0.1335,0.851422339439392
1476,1738,262,0.131,0.849557632625103
1466,1733,267,0.1335,0.8467580468952656
1502,1751,249,0.1245,0.8531749475002289
1394,1697,303,0.1515,0.8547785990238189
1510,1755,245,0.1225,0.850218906134367
1506,1753,247,0.1235,0.8519054772257805
1488,1744,256,0.128,0.8462918421924114
1408,1704,296,0.148,0.8543344931788742
1540,1770,230,0.115,0.8479749184139073
1558,1779,221,0.1105,0.8438196803927421
1412,1706,294,0.147,0.8537390517890453
1558,1779,221,0.1105,0.845317266980186
1450,1725,275,0.1375,0.8503677709023805
1402,1701,299,0.1495,0.8518842870295048
1456,1728,272,0.136,0.8479033615589142
1504,1752,248,0.124,0.8383090078532696
1420,1710,290,0.145,0.8481782272746786
1452,1726,274,0.137,0.8414910108615877
1486,1743,257,0.1285,0.8459667132352479
1520,1760,240,0.12,0.8386842994242907
1518,1759,241,0.1205,0.8360051830112935
1390,1695,305,0.1525,0.8481073555052281
1498,1749,251,0.1255,0.8422558317780495
1416,1708,292,0.146,0.8355538717391355
1510,1755,245,0.1225,0.8368717623054981
1486,1743,257,0.1285,0.835207739084959
1460,1730,270,0.135,0.8414722348041832
1500,1750,250,0.125,0.8384187319725752
1546,1773,227,0.1135,0.8362108451426029
1500,1750,250,0.125,0.836284791380167
1446,1723,277,0.1385,0.8359573399722576
1442,1721,279,0.1395,0.8380040087997913
1482,1741,259,0.1295,0.842353725016117
1526,1763,237,0.1185,0.8400848606973886
1530,1765,235,0.1175,0.8369429108723998
1522,1761,239,0.1195,0.8302612985223532
1432,1716,284,0.142,0.834461587369442
1548,1774,226,0.113,0.8272303801851522
1458,1729,271,0.1355,0.8296275613959879
1516,1758,242,0.121,0.8310359312593937
1442,1721,279,0.1395,0.8335797978043556
1464,1732,268,0.134,0.8271705812290311
1496,1748,252,0.126,0.8238859569691122
1372,1686,314,0.157,0.8265163935720921
1368,1684,316,0.158,0.8306621391563677
1434,1717,283,0.1415,0.8201731998247331
1542,1771,229,0.1145,0.8202627065628767
1518,1759,241,0.1205,0.8204192780852317
1502,1751,249,0.1245,0.8167650128304959
1520,1760,240,0.12,0.8195732375457883
1496,1748,252,0.126,0.8270375575721264
1470,1735,265,0.1325,0.8245950548797846
1504,1752,248,0.124,0.820204816326499
1490,1745,255,0.1275,0.8228895176649094
1546,1773,227,0.1135,0.818821080993861
1484,1742,258,0.129,0.8221319672316313
1514,1757,243,0.1215,0.8149186559319496
1456,1728,272,0.136,0.8185265875756741
1522,1761,239,0.1195,0.8114896104633809
1420,1710,290,0.145,0.8215822806165234
1406,1703,297,0.1485,0.8255093581676484
1500,1750,250,0.125,0.8220527460873127
1504,1752,248,0.124,0.8131703630387783
1460,1730,270,0.135,0.8196468003690243
1426,1713,287,0.1435,0.8234199868877186
1500,1750,250,0.125,0.8192282981276512
1438,1719,281,0.1405,0.8183895054459572
1456,1728,272,0.136,0.8209894925355912
1408,1704,296,0.148,0.8242474828660488
1488,1744,256,0.128,0.8173573752343655
1460,1730,270,0.135,0.8141323614418506
1562,1781,219,0.1095,0.8102065546289087
1480,1740,260,0.13,0.8187424852252007
1556,1778,222,0.111,0.8123094821469858
1512,1756,244,0.122,0.8144596742838621
1416,1708,292,0.146,0.8278720010221005
1524,1762,238,0.119,0.8128415435552597
1524,1762,238,0.119,0.8107538150846958
1554,1777,223,0.1115,0.8042131772339344
1420,1710,290,0.145,0.8220465129025979
1438,1719,281,0.1405,0.810816689401865
1514,1757,243,0.1215,0.805921696856618
1582,1791,209,0.1045,0.8033281688094139
1424,1712,288,0.144,0.8092197407409549
1466,1733,267,0.1335,0.8021963128447532
1516,1758,242,0.121,0.794685271769762
1432,1716,284,0.142,0.8005373647250235
1398,1699,301,0.1505,0.8090458695888519
1526,1763,237,0.1185,0.7966797357872129
1466,1733,267,0.1335,0.7956306195240468
1494,1747,253,0.1265,0.7907906622390437
1480,1740,260,0.13,0.7960208301246167
1556,1778,222,0.111,0.7873106339126825
1460,1730,270,0.135,0.7964870862662792
1440,1720,280,0.14,0.7993880757391453
1482,1741,259,0.1295,0.7951217592246831
1492,1746,254,0.127,0.7893297537267208
1466,1733,267,0.1335,0.7897930218279362
1534,1767,233,0.1165,0.7847850477695465
1444,1722,278,0.139,0.7846610498726367
1534,1767,233,0.1165,0.7857018796717748
1542,1771,229,0.1145,0.7866816174983978
1560,1780,220,0.11,0.7840047748684883
1542,1771,229,0.1145,0.7900132240951061
1494,1747,253,0.1265,0.7849048214554787
1404,1702,298,0.149,0.7922168072462082
1448,1724,276,0.138,0.7864166786372662
1506,1753,247,0.1235,0.784757748797536
1492,1746,254,0.127,0.7876727475523949
1548,1774,226,0.113,0.7827062002486234
1524,1762,238,0.119,0.7859407192766666
1486,1743,257,0.1285,0.7890325481035267
1484,1742,258,0.129,0.7826556531488895
1536,1768,232,0.116,0.7843866092711687
1460,1730,270,0.135,0.7861341750919819
1520,1760,240,0.12,0.7820423442423343
1544,1772,228,0.114,0.7844734996706247
1394,1697,303,0.1515,0.7909241646826267
1548,1774,226,0.113,0.7808928904533387
1556,1778,222,0.111,0.7832323195636273
1514,1757,243,0.1215,0.7885453157424926
1432,1716,284,0.142,0.7910856026411056
1496,1748,252,0.126,0.7856062042713166
1536,1768,232,0.116,0.7844432767629623
1466,1733,267,0.1335,0.7898930766582489
1530,1765,235,0.1175,0.7853688356280327
1454,1727,273,0.1365,0.794988746330142
1464,1732,268,0.134,0.7945637392401695
1496,1748,252,0.126,0.7909289322495461
1458,1729,271,0.1355,0.7887082002560346
1404,1702,298,0.149,0.7983914348364342
1452,1726,274,0.137,0.7929840543568134
1450,1725,275,0.1375,0.7926953051686287
1438,1719,281,0.1405,0.7955795200616121
1468,1734,266,0.133,0.7974870974123478
1438,1719,281,0.1405,0.7971749920547009
1498,1749,251,0.1255,0.7974396824836731
1454,1727,273,0.1365,0.8017586855047096
1458,1729,271,0.1355,0.799244152367115
1424,1712,288,0.144,0.8045681002894416
1456,1728,272,0.136,0.7980727491974831
1498,1749,251,0.1255,0.8028523075059056
1458,1729,271,0.1355,0.806299257621169
1440,1720,280,0.14,0.8063228980712592
1496,1748,252,0.126,0.7979099130630494
1492,1746,254,0.127,0.8041876487582922
1506,1753,247,0.1235,0.7998776993751526
1520,1760,240,0.12,0.7935545335710049
1544,1772,228,0.114,0.8019911879599094
1496,1748,252,0.126,0.798505127299577
1460,1730,270,0.135,0.7988150410354138
1530,1765,235,0.1175,0.7949818550348282
1528,1764,236,0.118,0.7865994438352134
1508,1754,246,0.123,0.794161727936007
1486,1743,257,0.1285,0.7935333410948515
1562,1781,219,0.1095,0.7905253988504409
1470,1735,265,0.1325,0.7888465435206891
1448,1724,276,0.138,0.7903005494177342
1426,1713,287,0.1435,0.7898232295233756
1480,1740,260,0.13,0.7859002397060394
1484,1742,258,0.129,0.7841554081977524
1504,1752,248,0.124,0.7736895191669464
1518,1759,241,0.1205,0.7733838771581649
1464,1732,268,0.134,0.781011579528451
1502,1751,249,0.1245,0.7743139626309276
1462,1731,269,0.1345,0.7718916769367643
1496,1748,252,0.126,0.7721330945193767
1502,1751,249,0.1245,0.7727509339600801
1528,1764,236,0.118,0.7670080883651972
1454,1727,273,0.1365,0.7754072486491643
1458,1729,271,0.1355,0.7735776703953743
1452,1726,274,0.137,0.7704208325329819
1360,1680,320,0.16,0.7756696219891309
1542,1771,229,0.1145,0.7663742251992226
1546,1773,227,0.1135,0.7673384483829141
1556,1778,222,0.111,0.7672623681426048
1394,1697,303,0.1515,0.778532199472189
1468,1734,266,0.133,0.7720179588729515
1506,1753,247,0.1235,0.7678651494979858
1538,1769,231,0.1155,0.7633396697938443
1432,1716,284,0.142,0.7741924388768384
1542,1771,229,0.1145,0.7689665976464748
1466,1733,267,0.1335,0.7695961921736598
1538,1769,231,0.1155,0.7684796417402103
1456,1728,272,0.136,0.7759505735337734
1468,1734,266,0.133,0.7691438465714454
1508,1754,246,0.123,0.768487986553045
1484,1742,258,0.129,0.76926600715518
1514,1757,243,0.1215,0.7669376311600208
1478,1739,261,0.1305,0.7712406480312347
1496,1748,252,0.126,0.7699399088920458
1458,1729,271,0.1355,0.7752296836227178
1510,1755,245,0.1225,0.7683959873616696
1484,1742,258,0.129,0.7700240236651152
1492,1746,254,0.127,0.7676120156446267
1418,1709,291,0.1455,0.7730927618420683
1518,1759,241,0.1205,0.7650907989442348
1494,1747,253,0.1265,0.7607105793654919
1462,1731,269,0.1345,0.7670682715661824
1466,1733,267,0.1335,0.7649371598014549
1522,1761,239,0.1195,0.7611276789307594
1430,1715,285,0.1425,0.7660940239131451
1518,1759,241,0.1205,0.7591019591093063
1528,1764,236,0.118,0.7580857778489589
1422,1711,289,0.1445,0.7664267183840274
1604,1802,198,0.099,0.7516335129663348
1342,1671,329,0.1645,0.7699588932693004
1420,1710,290,0.145,0.7654441945701838
1526,1763,237,0.1185,0.7552565680742264
1514,1757,243,0.1215,0.7611785063706339
1480,1740,260,0.13,0.7611877907216549
1458,1729,271,0.1355,0.7672328902930021
1496,1748,252,0.126,0.7658339865505696
1490,1745,255,0.1275,0.7610331359952688
1464,1732,268,0.134,0.7651111450493335
1440,1720,280,0.14,0.7703813279271126
1438,1719,281,0.1405,0.7645056531205774
1542,1771,229,0.1145,0.7554698673337698
1508,1754,246,0.123,0.756809066966176
1448,1724,276,0.138,0.7662404443621635
1496,1748,252,0.126,0.7604850828945636
1448,1724,276,0.138,0.7659804477542639
1468,1734,266,0.133,0.7583274998553097
1462,1731,269,0.1345,0.7603567994982005
1500,1750,250,0.125,0.75345183236897
1528,1764,236,0.118,0.7530769608169794
1370,1685,315,0.1575,0.7680475331246853
1446,1723,277,0.1385,0.7599177394055295
1516,1758,242,0.121,0.7509850706607103
1586,1793,207,0.1035,0.7466220290660858
1432,1716,284,0.142,0.7593297574222944
1530,1765,235,0.1175,0.7522639644560404
1492,1746,254,0.127,0.7573079182724468
1516,1758,242,0.121,0.7499948288425803
1474,1737,263,0.1315,0.7507955829128623
1440,1720,280,0.14,0.7527140226885677
1548,1774,226,0.113,0.7428246894627809
1516,1758,242,0.121,0.745175022954616
1384,1692,308,0.154,0.7565226412245538
1578,1789,211,0.1055,0.7401617753058672
1424,1712,288,0.144,0.7456402696724981
1510,1755,245,0.1225,0.7403215591600165
1432,1716,284,0.142,0.7488490164726973
1400,1700,300,0.15,0.7544855518639088
1502,1751,249,0.1245,0.7444770959354937
1584,1792,208,0.104,0.7333799935524584
1538,1769,231,0.1155,0.7432359961882467
1412,1706,294,0.147,0.7513445351719856
1508,1754,246,0.123,0.7437721358984709
1442,1721,279,0.1395,0.7496582521796227
1472,1736,264,0.132,0.7469277837574482
1488,1744,256,0.128,0.7481649203002453
1484,1742,258,0.129,0.7455285883843898
1458,1729,271,0.1355,0.7477137700021267
1508,1754,246,0.123,0.7461016202718019
1536,1768,232,0.116,0.7410606429800392
1468,1734,266,0.133,0.7428997194846161
1482,1741,259,0.1295,0.7371623072423972
1476,1738,262,0.131,0.7443934678286314
1432,1716,284,0.142,0.7465888499766589
1470,1735,265,0.1325,0.7404810592681169
1464,1732,268,0.134,0.7397323408722878
1498,1749,251,0.1255,0.740010940478649
1582,1791,209,0.1045,0.7336028755911975
1426,1713,287,0.1435,0.7511435694396495
1520,1760,240,0.12,0.7426593725830316
1432,1716,284,0.142,0.746335579700768
1424,1712,288,0.144,0.751353039461159
1416,1708,292,0.146,0.7474178885519509
1446,1723,277,0.1385,0.744712262943387
1496,1748,252,0.126,0.7432268414199352
1498,1749,251,0.1255,0.7440010488778352
1506,1753,247,0.1235,0.7412022438943386
1522,1761,239,0.1195,0.7422051034867764
1540,1770,230,0.115,0.7385318636894226
1526,1763,237,0.1185,0.7383420669585467
1570,1785,215,0.1075,0.7355523154139518
1606,1803,197,0.0985,0.7372285363227129
1584,1792,208,0.104,0.7369806142598391
1416,1708,292,0.146,0.7458349020183086
1524,1762,238,0.119,0.7421991891302169
1490,1745,255,0.1275,0.7300437233299018
1510,1755,245,0.1225,0.7290959408581257
1522,1761,239,0.1195,0.7288593695834279
1476,1738,262,0.131,0.7345234301537276
1522,1761,239,0.1195,0.7278430319465696
1476,1738,262,0.131,0.7262858645170926
1446,1723,277,0.1385,0.7341573587357998
1352,1676,324,0.162,0.7346704660691321
1482,1741,259,0.1295,0.7269505030848086
1454,1727,273,0.1365,0.7264008284062147
1522,1761,239,0.1195,0.7227462226934731
1450,1725,275,0.1375,0.7237930157333612
1448,1724,276,0.138,0.7344512456357479
1486,1743,257,0.1285,0.7295387360155874
1526,1763,237,0.1185,0.7281022318452597
1444,1722,278,0.139,0.7347437710016966
1478,1739,261,0.1305,0.7278706949572079
1476,1738,262,0.131,0.7312173825204372
1444,1722,278,0.139,0.7317176888287067
1450,1725,275,0.1375,0.7391715343131218
1446,1723,277,0.1385,0.728471581007354
1510,1755,245,0.1225,0.7311757708191872
1540,1770,230,0.115,0.7272815720140934
1504,1752,248,0.124,0.7278912916183472
1448,1724,276,0.138,0.7375879633575678
1472,1736,264,0.132,0.7290041090936118
1548,1774,226,0.113,0.7286109629832208
1532,1766,234,0.117,0.7300552179068327
1558,1779,221,0.1105,0.7164547054767608
1466,1733,267,0.1335,0.7281475268620997
1584,1792,208,0.104,0.7182765206694603
1476,1738,262,0.131,0.7278959582224488
1520,1760,240,0.12,0.7221819789558649
1492,1746,254,0.127,0.7191446074114586
1454,1727,273,0.1365,0.7144012606218457
1546,1773,227,0.1135,0.7140110795050859
1464,1732,268,0.134,0.7163844207674265
1476,1738,262,0.131,0.7186973605249077
1526,1763,237,0.1185,0.7139564568251371
1474,1737,263,0.1315,0.7150154273211956
1504,1752,248,0.124,0.7112364156886615
1488,1744,256,0.128,0.7093552675862483
1432,1716,284,0.142,0.7196933652460575
1502,1751,249,0.1245,0.7077674912065267
1570,1785,215,0.1075,0.700202614819631
1534,1767,233,0.1165,0.7102760021239519
1470,1735,265,0.1325,0.7131872990652919
1510,1755,245,0.1225,0.711105628233403
1550,1775,225,0.1125,0.7033892902731895
1526,1763,237,0.1185,0.7059077984280884
1602,1801,199,0.0995,0.7014544345289468
1502,1751,249,0.1245,0.7064325001984835
1576,1788,212,0.106,0.6973072666204534
1506,1753,247,0.1235,0.6948993940800429
1446,1723,277,0.1385,0.7100424386725063
1526,1763,237,0.1185,0.6970835952460765
1384,1692,308,0.154,0.7063444576244802
1468,1734,266,0.133,0.6954108830623604
1488,1744,256,0.128,0.6930115364566445
1520,1760,240,0.12,0.6937198950409075
1470,1735,265,0.1325,0.6949466245695949
1560,1780,220,0.11,0.6873355055600405
1496,1748,252,0.126,0.6913973973614629
1326,1663,337,0.1685,0.7034636486917735
1422,1711,289,0.1445,0.6995836243182421
1526,1763,237,0.1185,0.6924136091023684
1514,1757,243,0.1215,0.6927793301939964
1556,1778,222,0.111,0.6867882414162159
1374,1687,313,0.1565,0.7071013483628631
1490,1745,255,0.1275,0.6954845263147726
1538,1769,231,0.1155,0.6920276013463735
1506,1753,247,0.1235,0.692756800726056
1494,1747,253,0.1265,0.7011937277938439
1566,1783,217,0.1085,0.6906419868171215
1476,1738,262,0.131,0.6975211975723505
1508,1754,246,0.123,0.6961662982851267
1462,1731,269,0.1345,0.6963155893534422
1514,1757,243,0.1215,0.6935570789948106
1498,1749,251,0.1255,0.6909481490403414
1530,1765,235,0.1175,0.6931203582957387
1474,1737,263,0.1315,0.6966573313525878
1398,1699,301,0.1505,0.6989065528437495
1508,1754,246,0.123,0.6849788529991638
1466,1733,267,0.1335,0.6915153555886943
1410,1705,295,0.1475,0.6964880988299846
1502,1751,249,0.1245,0.686662028131599
1498,1749,251,0.1255,0.689673694729805
1614,1807,193,0.0965,0.6781494220644235
1528,1764,236,0.118,0.6846144938054931
1512,1756,244,0.122,0.6871853290647268
1490,1745,255,0.1275,0.6863376576974988
1438,1719,281,0.1405,0.6892107127606869
1562,1781,219,0.1095,0.6785660006292165
1482,1741,259,0.1295,0.6795498597808183
1540,1770,230,0.115,0.6741406760215759
1408,1704,296,0.148,0.6903232379257679
1548,1774,226,0.113,0.670377032098826
1522,1761,239,0.1195,0.6747989685833454
1548,1774,226,0.113,0.6677226555086673
1468,1734,266,0.133,0.6725438954681158
1394,1697,303,0.1515,0.6788334121704102
1468,1734,266,0.133,0.6726825900673866
1430,1715,285,0.1425,0.6775198609496583
1520,1760,240,0.12,0.6662916398197413
1498,1749,251,0.1255,0.6711007370203733
1484,1742,258,0.129,0.6759579554631588
1516,1758,242,0.121,0.6752397035211325
1500,1750,250,0.125,0.672960020800906
1534,1767,233,0.1165,0.6704666630774736
1548,1774,226,0.113,0.6692124303579331
1530,1765,235,0.1175,0.6708159078796744
1500,1750,250,0.125,0.6681277029961348
1464,1732,268,0.134,0.672105364294958
1522,1761,239,0.1195,0.665418944152334
1430,1715,285,0.1425,0.6716192946135998
1534,1767,233,0.1165,0.6620864534080029
1524,1762,238,0.119,0.6627555989921093
1542,1771,229,0.1145,0.6643849100619554
1566,1783,217,0.1085,0.664666154295206
1394,1697,303,0.1515,0.672864652261138
1502,1751,249,0.1245,0.6646180811379818
1550,1775,225,0.1125,0.663767776787281
1486,1743,257,0.1285,0.6677317799180746
1458,1729,271,0.1355,0.6592477336376905
1584,1792,208,0.104,0.6493649614155292
1486,1743,257,0.1285,0.6603471200657471
1548,1774,226,0.113,0.6524421806931495
1514,1757,243,0.1215,0.6530458074957133
1476,1738,262,0.131,0.6524726625978947
1394,1697,303,0.1515,0.6598987476080656
1470,1735,265,0.1325,0.649740621343255
1540,1770,230,0.115,0.6420778163038194
1522,1761,239,0.1195,0.6407889757305384
1496,1748,252,0.126,0.6488744358096833
1490,1745,255,0.1275,0.6504693270474672
1462,1731,269,0.1345,0.6501947028636932
1540,1770,230,0.115,0.6428385466635227
1572,1786,214,0.107,0.6439014981985092
1446,1723,277,0.1385,0.6528520818180461
1428,1714,286,0.143,0.6532643677443266
1500,1750,250,0.125,0.6448799503743649
1484,1742,258,0.129,0.648839593499899
1558,1779,221,0.1105,0.6448445823937654
1550,1775,225,0.1125,0.6443073221147061
1508,1754,246,0.123,0.646740725338459
1512,1756,244,0.122,0.6459910851418972
1560,1780,220,0.11,0.6361461649239063
1526,1763,237,0.1185,0.6446737806946039
1474,1737,263,0.1315,0.6446066624671221
1452,1726,274,0.137,0.6435432658046484
1504,1752,248,0.124,0.6345429713279009
1494,1747,253,0.1265,0.6370697779799811
1486,1743,257,0.1285,0.6404281451872812
1464,1732,268,0.134,0.6442941289362497
1470,1735,265,0.1325,0.6389703788310289
1516,1758,242,0.121,0.6434136026203633
1448,1724,276,0.138,0.643388045758009
1540,1770,230,0.115,0.6310607111674035
1482,1741,259,0.1295,0.6389994808733463
1488,1744,256,0.128,0.6397762451320886
1414,1707,293,0.1465,0.6369295459687709
1524,1762,238,0.119,0.6394832647293807
1492,1746,254,0.127,0.6363520891964436
1580,1790,210,0.105,0.6317162566184997
1510,1755,245,0.1225,0.6347445183356467
1412,1706,294,0.147,0.6402908508069813
1460,1730,270,0.135,0.6418664947375655
1616,1808,192,0.096,0.6282002590745688
1504,1752,248,0.124,0.6385182995051145
1482,1741,259,0.1295,0.6331046001035721
1484,1742,258,0.129,0.6299148778971284
1512,1756,244,0.122,0.6337265823334456
1516,1758,242,0.121,0.6339415739625692
1492,1746,254,0.127,0.6311578564196825
1566,1783,217,0.1085,0.6255244322828949
1506,1753,247,0.1235,0.6312524270415306
1538,1769,231,0.1155,0.6289023414525716
1562,1781,219,0.1095,0.6200980809605681
1486,1743,257,0.1285,0.6300507510602474
1516,1758,242,0.121,0.6251034338474274
1434,1717,283,0.1415,0.6323891403097659
1492,1746,254,0.127,0.6265335984826088
1570,1785,215,0.1075,0.6173844548221677
1574,1787,213,0.1065,0.6177941602990031
1506,1753,247,0.1235,0.6226903938651085
1504,1752,248,0.124,0.6150757369548082
1434,1717,283,0.1415,0.6238111093901098
1484,1742,258,0.129,0.6156859313785831
1536,1768,232,0.116,0.6162653452754021
1480,1740,260,0.13,0.6203636652963833
1462,1731,269,0.1345,0.6172340479996056
1496,1748,252,0.126,0.6141824043989181
1500,1750,250,0.125,0.612575404703617
1446,1723,277,0.1385,0.6164061361439526
1578,1789,211,0.1055,0.609101912215352
1538,1769,231,0.1155,0.6121956993490457
1504,1752,248,0.124,0.6184958616793156
1454,1727,273,0.1365,0.615919798091054
1480,1740,260,0.13,0.6176220679614925
1504,1752,248,0.124,0.6121268350630998
1522,1761,239,0.1195,0.6202258336544036
1518,1759,241,0.1205,0.6138562700748443
1532,1766,234,0.117,0.6081749454289674
1548,1774,226,0.113,0.6140170816481113
1478,1739,261,0.1305,0.6251963888406753
1508,1754,246,0.123,0.6097013234645128
1516,1758,242,0.121,0.611193229496479
1474,1737,263,0.1315,0.6165963239222765
1482,1741,259,0.1295,0.6160513800531626
1612,1806,194,0.097,0.6091251585632562
1480,1740,260,0.13,0.6143448333907873
1592,1796,204,0.102,0.6048702360764145
1578,1789,211,0.1055,0.6038773441057438
1398,1699,301,0.1505,0.6188005142658949
1566,1783,217,0.1085,0.6062683333903551
1558,1779,221,0.1105,0.6093243301957846
1464,1732,268,0.134,0.6138458942791439
1504,1752,248,0.124,0.6063967695534229
1508,1754,246,0.123,0.606082466930151
1536,1768,232,0.116,0.6079210540503264
1476,1738,262,0.131,0.6078624385352887
1476,1738,262,0.131,0.6099426815509796
1462,1731,269,0.1345,0.6120221998542548
1554,1777,223,0.1115,0.603043422088027
1362,1681,319,0.1595,0.6163590636611698
1474,1737,263,0.1315,0.6039222407685593
1484,1742,258,0.129,0.6107189278304577
1522,1761,239,0.1195,0.6023026818819344
1492,1746,254,0.127,0.6091915731579065
1536,1768,232,0.116,0.6137963143885136
1520,1760,240,0.12,0.6084132232964039
1564,1782,218,0.109,0.6052626664042473
1512,1756,244,0.122,0.6085992457419633
1492,1746,254,0.127,0.6058346505612134
1550,1775,225,0.1125,0.6054349038377405
1572,1786,214,0.107,0.6047070029824972
1540,1770,230,0.115,0.6095069447159767
1492,1746,254,0.127,0.6068761423379183
1408,1704,296,0.148,0.6163715967088937
1492,1746,254,0.127,0.6085378694534301
1542,1771,229,0.1145,0.6013741478919983
1470,1735,265,0.1325,0.6082207719111994
1516,1758,242,0.121,0.6041920245736837
1486,1743,257,0.1285,0.6012644283026457
1572,1786,214,0.107,0.5970751677788794
1416,1708,292,0.146,0.6107131337672472
1464,1732,268,0.134,0.6053962758546466
1506,1753,247,0.1235,0.6017522024102508
1486,1743,257,0.1285,0.6031808600652131
1506,1753,247,0.1235,0.6030516283772885
1496,1748,252,0.126,0.6051551011033134
1434,1717,283,0.1415,0.6108869597278536
1446,1723,277,0.1385,0.6151569046378136
1520,1760,240,0.12,0.6167997218668461
1518,1759,241,0.1205,0.6094741176068783
1510,1755,245,0.1225,0.611738574847579
1512,1756,244,0.122,0.6124980535507202
1460,1730,270,0.135,0.6178001742511988
1478,1739,261,0.1305,0.6156835337430239
1512,1756,244,0.122,0.6070062810182572
1516,1758,242,0.121,0.6146130608022213
1438,1719,281,0.1405,0.6158314716536551
1552,1776,224,0.112,0.6116374435722828
1502,1751,249,0.1245,0.6083685716986656
1566,1783,217,0.1085,0.6137332163006067
1596,1798,202,0.101,0.6001849122047441
1534,1767,233,0.1165,0.6061922849174589
1588,1794,206,0.103,0.5973325326293707
1566,1783,217,0.1085,0.5993109340965748
1518,1759,241,0.1205,0.5997087408900261
1500,1750,250,0.125,0.5966545095592737
1578,1789,211,0.1055,0.5932292854785919
1566,1783,217,0.1085,0.5883284132704139
1430,1715,285,0.1425,0.6013946142345666
1456,1728,272,0.136,0.5949880795746921
1512,1756,244,0.122,0.5900602174801752
1446,1723,277,0.1385,0.5915997269257623
1566,1783,217,0.1085,0.5864123239815235
1506,1753,247,0.1235,0.5900862016379833
1478,1739,261,0.1305,0.5917692970264808
1430,1715,285,0.1425,0.5970989132302639
1522,1761,239,0.1195,0.5884496609121561
1506,1753,247,0.1235,0.5912170759656074
1466,1733,267,0.1335,0.5963772600740195
1412,1706,294,0.147,0.5955855750441551
1476,1738,262,0.131,0.5948503853902221
1524,1762,238,0.119,0.588333571985364
1518,1759,241,0.1205,0.5908912456631661
1512,1756,244,0.122,0.5894763520210982
1414,1707,293,0.1465,0.6090676425546407
1500,1750,250,0.125,0.5958148936927319
1530,1765,235,0.1175,0.5904850791841746
1460,1730,270,0.135,0.6014020006209612
1536,1768,232,0.116,0.5910307667809539
1480,1740,260,0.13,0.5982713594734669
1536,1768,232,0.116,0.5970759636163712
1582,1791,209,0.1045,0.5901569115370512
1620,1810,190,0.095,0.5962263870835304
1610,1805,195,0.0975,0.5939022513610834
1456,1728,272,0.136,0.6029606298849685
1496,1748,252,0.126,0.6050918804407119
1560,1780,220,0.11,0.590283840790391
1478,1739,261,0.1305,0.5983819140146944
1622,1811,189,0.0945,0.588024190545082
1576,1788,212,0.106,0.5921565161645412
1522,1761,239,0.1195,0.5899421775043011
1528,1764,236,0.118,0.5859919663667679
1482,1741,259,0.1295,0.5878439660724253
1512,1756,244,0.122,0.5882273432314395
1484,1742,258,0.129,0.5819515204280615
1566,1783,217,0.1085,0.5768982120752335
1516,1758,242,0.121,0.5863392273634672
1584,1792,208,0.104,0.5729970183586702
1526,1763,237,0.1185,0.5786154037863016
1500,1750,250,0.125,0.5809157589823007
1438,1719,281,0.1405,0.5904265195429325
1468,1734,266,0.133,0.5780854432880879
1500,1750,250,0.125,0.5793846305310726
1500,1750,250,0.125,0.5832125097205862
1432,1716,284,0.142,0.5904412702433764
1398,1699,301,0.1505,0.5865840278565884
1364,1682,318,0.159,0.5996809933502227
1514,1757,243,0.1215,0.5898739551603794
1452,1726,274,0.137,0.5982462749332189
1512,1756,244,0.122,0.587475283369422
1572,1786,214,0.107,0.5909040026534349
1372,1686,314,0.157,0.6058639309294522
1486,1743,257,0.1285,0.6013394071608782
1534,1767,233,0.1165,0.599106562614441
1452,1726,274,0.137,0.6008854832649231
1500,1750,250,0.125,0.6006367678567767
1472,1736,264,0.132,0.5986804590672254
1570,1785,215,0.1075,0.5935429685385898
1488,1744,256,0.128,0.6052168640494346
1500,1750,250,0.125,0.6010220811069011
1524,1762,238,0.119,0.5978676965683699
1558,1779,221,0.1105,0.5939164187461138
1480,1740,260,0.13,0.608801984205842
1530,1765,235,0.1175,0.5909110657572746
1530,1765,235,0.1175,0.5879827405102551
1602,1801,199,0.0995,0.5903396027684211
1646,1823,177,0.0885,0.5833925843536854
1488,1744,256,0.128,0.5896902384907007
1534,1767,233,0.1165,0.5906556586027145
1572,1786,214,0.107,0.5814323488324881
1424,1712,288,0.144,0.5856705994009972
1438,1719,281,0.1405,0.5814638541154563
1522,1761,239,0.1195,0.5725805503465236
1576,1788,212,0.106,0.574253027349713
1516,1758,242,0.121,0.5647888674736022
1504,1752,248,0.124,0.575313504969934
1506,1753,247,0.1235,0.5732010117322206
1430,1715,285,0.1425,0.5730862145721926
1542,1771,229,0.1145,0.5581061473339796
1530,1765,235,0.1175,0.5661512617021799
1436,1718,282,0.141,0.5704829651713371
1482,1741,259,0.1295,0.569993018237874
1532,1766,234,0.117,0.5653021211326122
1542,1771,229,0.1145,0.5629209313988686
1486,1743,257,0.1285,0.5674347296357155
1444,1722,278,0.139,0.567857382401824
1536,1768,232,0.116,0.5579772403240204
1488,1744,256,0.128,0.5657604179307818
1464,1732,268,0.134,0.5643618817478419
1520,1760,240,0.12,0.5636853509321809
1544,1772,228,0.114,0.56073834698461
1534,1767,233,0.1165,0.5624550633132458
1480,1740,260,0.13,0.5669100054651499
1496,1748,252,0.126,0.5640816489756107
1498,1749,251,0.1255,0.5655432494133711
1498,1749,251,0.1255,0.563330596730113
1606,1803,197,0.0985,0.5503752101548016
1592,1796,204,0.102,0.5556333328038454
1420,1710,290,0.145,0.5744263920783996
1446,1723,277,0.1385,0.568918921045959
1474,1737,263,0.1315,0.5629363048363011
1436,1718,282,0.141,0.5648294049638789
1574,1787,213,0.1065,0.5524420782625675
1554,1777,223,0.1115,0.5580000855475664
1518,1759,241,0.1205,0.5596693926528096
1480,1740,260,0.13,0.5655843875855208
1564,1782,218,0.109,0.5596048982143402
1512,1756,244,0.122,0.561051541365683
1492,1746,254,0.127,0.5610290382524181
1650,1825,175,0.0875,0.5490376420468092
1504,1752,248,0.124,0.5640826221108437
1612,1806,194,0.097,0.5476961180977523
1532,1766,234,0.117,0.5600977401286363
1584,1792,208,0.104,0.5463825712651015
1486,1743,257,0.1285,0.5575900088325143
1524,1762,238,0.119,0.5534087831527017
1576,1788,212,0.106,0.5477432206710003
1570,1785,215,0.1075,0.5485941790342331
1500,1750,250,0.125,0.5555735199972988
1402,1701,299,0.1495,0.561784166163045
1470,1735,265,0.1325,0.55699080611096
1458,1729,271,0.1355,0.5536797448042781
1502,1751,249,0.1245,0.559910293970257
1582,1791,209,0.1045,0.5543378888368606
1546,1773,227,0.1135,0.5565356615185738
1474,1737,263,0.1315,0.5605917214751244
1550,1775,225,0.1125,0.5575092468708753
1490,1745,255,0.1275,0.5647144726663827
1518,1759,241,0.1205,0.5602202033288777
1504,1752,248,0.124,0.5665007219016552
1522,1761,239,0.1195,0.5643545979559421
1486,1743,257,0.1285,0.5703899665176868
1474,1737,263,0.1315,0.5661030781120062
1540,1770,230,0.115,0.55942637334764
1466,1733,267,0.1335,0.5732229818403721
1578,1789,211,0.1055,0.5640381611287594
1450,1725,275,0.1375,0.5722433627992869
1500,1750,250,0.125,0.5715278353393077
1504,1752,248,0.124,0.5718422978669455
1542,1771,229,0.1145,0.5690920990109444
1514,1757,243,0.1215,0.5727482150644064
1488,1744,256,0.128,0.578699409365654
1450,1725,275,0.1375,0.5725686374306679
1430,1715,285,0.1425,0.5807585337013006
1598,1799,201,0.1005,0.5647938552647829
1478,1739,261,0.1305,0.5751846542523126
1426,1713,287,0.1435,0.5841189457708388
1454,1727,273,0.1365,0.5811418756495897
1454,1727,273,0.1365,0.5830067487806082
1360,1680,320,0.16,0.5928900985866785
1508,1754,246,0.123,0.5805436733216047
1502,1751,249,0.1245,0.5819071595565619
1392,1696,304,0.152,0.5859167565405369
1522,1761,239,0.1195,0.5770094952583313
1538,1769,231,0.1155,0.5778486028909683
1534,1767,233,0.1165,0.576709352903068
1548,1774,226,0.113,0.5766646492034196
1492,1746,254,0.127,0.5812679025895705
1574,1787,213,0.1065,0.5714913112074137
1490,1745,255,0.1275,0.5762829684317112
1540,1770,230,0.115,0.5766851227432489
1472,1736,264,0.132,0.5820350032714195
1568,1784,216,0.108,0.5725456648375838
1524,1762,238,0.119,0.5686407088935376
1584,1792,208,0.104,0.5634852499412373
1506,1753,247,0.1235,0.5714829289969057
1552,1776,224,0.112,0.569432618945837
1560,1780,220,0.11,0.5604299973770976
1478,1739,261,0.1305,0.5628032305389643
1588,1794,206,0.103,0.5583879258036614
1444,1722,278,0.139,0.5653835377432406
1510,1755,245,0.1225,0.5593293794691563
1506,1753,247,0.1235,0.5575286112427712
1460,1730,270,0.135,0.5556670116428286
1434,1717,283,0.1415,0.558076540064998
1526,1763,237,0.1185,0.548896045461297
1448,1724,276,0.138,0.5558805443731726
1480,1740,260,0.13,0.555276795566082
1496,1748,252,0.126,0.5536499137543142
1454,1727,273,0.1365,0.5583865651303495
1450,1725,275,0.1375,0.5638491552900523
1580,1790,210,0.105,0.5585891527235508
1476,1738,262,0.131,0.5629264786317945
1610,1805,195,0.0975,0.5502496652789414
1510,1755,245,0.1225,0.5602327810823917
1520,1760,240,0.12,0.5609591983035207
1576,1788,212,0.106,0.5652115528434515
1560,1780,220,0.11,0.562380792170763
1546,1773,227,0.1135,0.5577804372236133
1518,1759,241,0.1205,0.5619418345838785
1484,1742,258,0.129,0.5574191338817472
1400,1700,300,0.15,0.5773289384394884
1566,1783,217,0.1085,0.5582092641741038
1512,1756,244,0.122,0.565949511051178
1544,1772,228,0.114,0.5590844659730793
1448,1724,276,0.138,0.5636153629571199
1446,1723,277,0.1385,0.5683416408747435
1524,1762,238,0.119,0.5628227907121182
1534,1767,233,0.1165,0.5629292315393686
1436,1718,282,0.141,0.5736661185920239
1364,1682,318,0.159,0.5778886506333947
1560,1780,220,0.11,0.5584571213871241
1558,1779,221,0.1105,0.5616081048548222
1472,1736,264,0.132,0.5679515623766929
1532,1766,234,0.117,0.5613277806639672
1434,1717,283,0.1415,0.5774707927405834
1540,1770,230,0.115,0.5607229788556997
1532,1766,234,0.117,0.5612119439542294
1474,1737,263,0.1315,0.5618668814599515
1550,1775,225,0.1125,0.5660091736763716
1372,1686,314,0.157,0.5708146689683199
1450,1725,275,0.1375,0.569837785333395
1496,1748,252,0.126,0.5648751682490111
1466,1733,267,0.1335,0.5647916229814292
1478,1739,261,0.1305,0.565860507486388
1530,1765,235,0.1175,0.5642066006809473
1482,1741,259,0.1295,0.5601900567561388
1540,1770,230,0.115,0.5634093085229397
1490,1745,255,0.1275,0.5676516480147838
1520,1760,240,0.12,0.5595670188292861
1544,1772,228,0.114,0.5625102412700653
1532,1766,234,0.117,0.5615147158503533
1532,1766,234,0.117,0.5658575409986079
1530,1765,235,0.1175,0.5604416897930204
1514,1757,243,0.1215,0.5545193386226892
1452,1726,274,0.137,0.5648549660593272
1640,1820,180,0.09,0.548792329877615
1502,1751,249,0.1245,0.5574192655784509
1448,1724,276,0.138,0.5626799482530914
1506,1753,247,0.1235,0.5520055016130209
1538,1769,231,0.1155,0.5456415673792362
1518,1759,241,0.1205,0.5533925789408386
1546,1773,227,0.1135,0.5465285726189614
1504,1752,248,0.124,0.5499097058475018
1538,1769,231,0.1155,0.5396670696884394
1508,1754,246,0.123,0.542378212377429
1418,1709,291,0.1455,0.5495526065304875
1628,1814,186,0.093,0.5360895100608468
1480,1740,260,0.13,0.545262221391662
1392,1696,304,0.152,0.5551147165670991
1500,1750,250,0.125,0.5483400250673294
1416,1708,292,0.146,0.5534176566451788
1446,1723,277,0.1385,0.5518422165364028
1486,1743,257,0.1285,0.5470418638885021
1512,1756,244,0.122,0.5427718573212623
1470,1735,265,0.1325,0.5472542741894721
1484,1742,258,0.129,0.5482920296639204
1402,1701,299,0.1495,0.556663364417851
1556,1778,222,0.111,0.5403761297613382
1470,1735,265,0.1325,0.5526969609356019
1492,1746,254,0.127,0.551341634510085
1468,1734,266,0.133,0.5553456225860864
1610,1805,195,0.0975,0.5387790092676878
1498,1749,251,0.1255,0.5503602328457055
1492,1746,254,0.127,0.5526323290020227
1496,1748,252,0.126,0.5555072502866387
1570,1785,215,0.1075,0.5479879101743572
1510,1755,245,0.1225,0.5540689788505919
1430,1715,285,0.1425,0.5566622402146458
1516,1758,242,0.121,0.5488079902231693
1394,1697,303,0.1515,0.5612090073488653
1550,1775,225,0.1125,0.5477354996055365
1472,1736,264,0.132,0.5502228994806064
1474,1737,263,0.1315,0.5571527020335197
1546,1773,227,0.1135,0.5493811926096678
1484,1742,258,0.129,0.5574079724848271
1508,1754,246,0.123,0.5568252927511931
1420,1710,290,0.145,0.5642823964804411
1494,1747,253,0.1265,0.5473261226713657
1530,1765,235,0.1175,0.5499281381797045
1426,1713,287,0.1435,0.5526261892020702
1472,1736,264,0.132,0.5502413735836744
1548,1774,226,0.113,0.5453277860991657
1496,1748,252,0.126,0.5470646362304687
1476,1738,262,0.131,0.5508291343227029
1468,1734,266,0.133,0.5405747150033713
1420,1710,290,0.145,0.552992638327647
1520,1760,240,0.12,0.5446213182732463
1494,1747,253,0.1265,0.5503830832242965
1610,1805,195,0.0975,0.538950952780433
1522,1761,239,0.1195,0.5453277811482549
1436,1718,282,0.141,0.5446385753303766
1530,1765,235,0.1175,0.539184875920415
1546,1773,227,0.1135,0.5400855686794966
1528,1764,236,0.118,0.5383714300319552
1492,1746,254,0.127,0.5421655226591975
1526,1763,237,0.1185,0.5414596352130174
1526,1763,237,0.1185,0.53908240814507
1540,1770,230,0.115,0.5460679353624582
1518,1759,241,0.1205,0.5350294232666493
1540,1770,230,0.115,0.5332760683856904
1508,1754,246,0.123,0.5347236705273389
1554,1777,223,0.1115,0.5329435174763203
1550,1775,225,0.1125,0.5290168304294348
1512,1756,244,0.122,0.5297486402727664
1480,1740,260,0.13,0.5319168407432735
1518,1759,241,0.1205,0.5302027596440166
1556,1778,222,0.111,0.5289544310241472
1370,1685,315,0.1575,0.5424398870319128
1322,1661,339,0.1695,0.5444168088287115
1494,1747,253,0.1265,0.5311979800577974
1504,1752,248,0.124,0.5297774284332991
1530,1765,235,0.1175,0.5307496793996889
1478,1739,261,0.1305,0.5354584936201573
1518,1759,241,0.1205,0.5315553886890412
1454,1727,273,0.1365,0.5400378281049744
1454,1727,273,0.1365,0.5362408003695309
1534,1767,233,0.1165,0.530819867104292
1544,1772,228,0.114,0.533903629526496
1488,1744,256,0.128,0.543064842492342
1488,1744,256,0.128,0.5390674910098314
1506,1753,247,0.1235,0.539206370934844
1554,1777,223,0.1115,0.5350427301079035
1540,1770,230,0.115,0.5378797197490931
1494,1747,253,0.1265,0.5451387564903125
1592,1796,204,0.102,0.5322913557216525
1552,1776,224,0.112,0.5287037182003259
1572,1786,214,0.107,0.5242136911004782
1544,1772,228,0.114,0.5318389906734228
1560,1780,220,0.11,0.5367522604614496
1546,1773,227,0.1135,0.5257825340479613
1430,1715,285,0.1425,0.5360657719671726
1484,1742,258,0.129,0.5278143162001195
1492,1746,254,0.127,0.5216395501941442
1462,1731,269,0.1345,0.5286896048635245
1474,1737,263,0.1315,0.5253739637722028
1434,1717,283,0.1415,0.5298863474875689
1524,1762,238,0.119,0.521621424779296
1506,1753,247,0.1235,0.5230725869983435
1512,1756,244,0.122,0.5217735545635224
1492,1746,254,0.127,0.5312844619452953
1460,1730,270,0.135,0.5270818715989589
1506,1753,247,0.1235,0.5217285188883543
1576,1788,212,0.106,0.5152767679542303
1510,1755,245,0.1225,0.521299794152379
1436,1718,282,0.141,0.532079599918332
1474,1737,263,0.1315,0.5272707685828208
1478,1739,261,0.1305,0.5289001927524805
1530,1765,235,0.1175,0.519879645422101
1558,1779,221,0.1105,0.5256405478348024
1468,1734,266,0.133,0.5297755724489689
1474,1737,263,0.1315,0.5326429805904627
1468,1734,266,0.133,0.5276840266101063
1510,1755,245,0.1225,0.5255856037214398
1490,1745,255,0.1275,0.5327535453587771
1602,1801,199,0.0995,0.5147281209230423
1482,1741,259,0.1295,0.5243031677305698
1500,1750,250,0.125,0.5275176563411951
1514,1757,243,0.1215,0.5244217464178801
1582,1791,209,0.1045,0.5219067523414241
1560,1780,220,0.11,0.5232979488670826
1554,1777,223,0.1115,0.5130429712086916
1532,1766,234,0.117,0.516498308762908
1464,1732,268,0.134,0.5216429667635205
1606,1803,197,0.0985,0.5140976315494409
1498,1749,251,0.1255,0.5096944543719292
1492,1746,254,0.127,0.5141469503976405
1556,1778,222,0.111,0.5018879329115152
1520,1760,240,0.12,0.5148201579758898
1472,1736,264,0.132,0.5078604835420847
1450,1725,275,0.1375,0.512277736350894
1548,1774,226,0.113,0.5082653047293425
1556,1778,222,0.111,0.5033949133008718
1520,1760,240,0.12,0.5003597653359175
1494,1747,253,0.1265,0.5057258658409118
1506,1753,247,0.1235,0.504081475541927
1524,1762,238,0.119,0.507819461941719
1524,1762,238,0.119,0.5051279935091734
1510,1755,245,0.1225,0.5043185567557812
1512,1756,244,0.122,0.5012017847821116
1480,1740,260,0.13,0.5093479809165001
1460,1730,270,0.135,0.5134128314703703
1570,1785,215,0.1075,0.5027804297800758
1484,1742,258,0.129,0.5127695760130883
1510,1755,245,0.1225,0.510709538396448
1486,1743,257,0.1285,0.5151416424512864
1516,1758,242,0.121,0.5085669491700828
1508,1754,246,0.123,0.5147148550152779
1444,1722,278,0.139,0.5179784511625767
1478,1739,261,0.1305,0.5142921501398087
1540,1770,230,0.115,0.5145180477499962
1480,1740,260,0.13,0.5161606099307537
1452,1726,274,0.137,0.5259424034282565
1516,1758,242,0.121,0.5122931573092937
1480,1740,260,0.13,0.5190538852512836
1502,1751,249,0.1245,0.5300433627367019
1494,1747,253,0.1265,0.522228070242796
1398,1699,301,0.1505,0.5304836544076388
1562,1781,219,0.1095,0.5280270675867796
1454,1727,273,0.1365,0.5376708410009742
1490,1745,255,0.1275,0.5320360363721848
1534,1767,233,0.1165,0.5271749154478311
1478,1739,261,0.1305,0.5370677265822887
1582,1791,209,0.1045,0.5252055368721485
1518,1759,241,0.1205,0.5336237044930459
1562,1781,219,0.1095,0.5259538586735726
1456,1728,272,0.136,0.5346845104955137
1480,1740,260,0.13,0.5261689824201167
1476,1738,262,0.131,0.5305419881939888
1476,1738,262,0.131,0.5313907383643091
1494,1747,253,0.1265,0.5218832156062126
1474,1737,263,0.1315,0.524490602013554
1584,1792,208,0.104,0.5169080387353897
1504,1752,248,0.124,0.5230239361599087
1506,1753,247,0.1235,0.5203718577586114
1544,1772,228,0.114,0.5183306450098752
1486,1743,257,0.1285,0.5268046512752771
1508,1754,246,0.123,0.5232026803195476
1550,1775,225,0.1125,0.5236603484265506
1474,1737,263,0.1315,0.5253361020156895
1520,1760,240,0.12,0.5172710385961691
1528,1764,236,0.118,0.5183415942192078
1552,1776,224,0.112,0.5144607174461155
1534,1767,233,0.1165,0.5150120050534606
1530,1765,235,0.1175,0.5170738769471646
1406,1703,297,0.1485,0.5253334962707013
1516,1758,242,0.121,0.5147441276684598
1544,1772,228,0.114,0.5108513422086834
1578,1789,211,0.1055,0.5092911990582943
1444,1722,278,0.139,0.5223492687903345
1468,1734,266,0.133,0.5216559491828084
1456,1728,272,0.136,0.5179240047000349
1490,1745,255,0.1275,0.5202085579484701
1528,1764,236,0.118,0.5189154666364193
1522,1761,239,0.1195,0.5170211841166019
1518,1759,241,0.1205,0.5198425490707159
1542,1771,229,0.1145,0.519209123134613
1538,1769,231,0.1155,0.5183661984652281
1560,1780,220,0.11,0.5204940937161445
1426,1713,287,0.1435,0.524897814065218
1454,1727,273,0.1365,0.5209412709283643
1506,1753,247,0.1235,0.5177166587146931
1472,1736,264,0.132,0.5195235723927617
1448,1724,276,0.138,0.5180423047080404
1464,1732,268,0.134,0.523902647331357
1456,1728,272,0.136,0.520266808271408
1546,1773,227,0.1135,0.5151215112917126
1550,1775,225,0.1125,0.5103092867583037
1452,1726,274,0.137,0.5213247344201819
1546,1773,227,0.1135,0.5152650104910135
1448,1724,276,0.138,0.5211369357407093
1550,1775,225,0.1125,0.512612383896485
1584,1792,208,0.104,0.5131324140070533
1520,1760,240,0.12,0.5180553269184487
1470,1735,265,0.1325,0.5200597683042287
1508,1754,246,0.123,0.5158937560915947
1472,1736,264,0.132,0.5217373678172007
1370,1685,315,0.1575,0.5275226316795042
1460,1730,270,0.135,0.5223527878522873
1444,1722,278,0.139,0.5210460676774382
1560,1780,220,0.11,0.5162056140303611
1490,1745,255,0.1275,0.5194333322960883
1604,1802,198,0.099,0.503434649348259
1538,1769,231,0.1155,0.5126599515527487
1440,1720,280,0.14,0.5176917262226343
1532,1766,234,0.117,0.5139244955182075
1514,1757,243,0.1215,0.5153653902336784
1486,1743,257,0.1285,0.5155157472193241
1536,1768,232,0.116,0.5071698728650809
1454,1727,273,0.1365,0.5137357023320879
1474,1737,263,0.1315,0.5139329913407564
1498,1749,251,0.1255,0.5096355201611296
1580,1790,210,0.105,0.5019353901753549
1524,1762,238,0.119,0.5088396263122559
1470,1735,265,0.1325,0.499894128292799
1512,1756,244,0.122,0.5057373082488775
1464,1732,268,0.134,0.5057384519167244
1492,1746,254,0.127,0.4992783231016735
1604,1802,198,0.099,0.49659011378884316
1512,1756,244,0.122,0.497757416293025
1544,1772,228,0.114,0.4926534164696932
1424,1712,288,0.144,0.5042417895495892
1516,1758,242,0.121,0.49851025971770285
1506,1753,247,0.1235,0.502323809593916
1528,1764,236,0.118,0.49067027534544466
1568,1784,216,0.108,0.48760194354876873
1536,1768,232,0.116,0.494455724388361
1464,1732,268,0.134,0.49582170583307755
1518,1759,241,0.1205,0.4869501079842448
1434,1717,283,0.1415,0.4893900702595711
1444,1722,278,0.139,0.48763021564483644
1500,1750,250,0.125,0.48700874619185924
1492,1746,254,0.127,0.48613962897658347
1494,1747,253,0.1265,0.488885841101408
1440,1720,280,0.14,0.4825060351938009
1538,1769,231,0.1155,0.4796707606613636
1580,1790,210,0.105,0.4777502350658178
1540,1770,230,0.115,0.47956446193158625
1494,1747,253,0.1265,0.48152513924241064
1490,1745,255,0.1275,0.4839804015755653
1546,1773,227,0.1135,0.47891192930936816
1544,1772,228,0.114,0.48448675490915777
1550,1775,225,0.1125,0.4767448281943798
1604,1802,198,0.099,0.46710145138204096
1464,1732,268,0.134,0.4831343313753605
1514,1757,243,0.1215,0.48186750399321315
1538,1769,231,0.1155,0.4723161056488752
1500,1750,250,0.125,0.4723272061944008
1396,1698,302,0.151,0.47635021848161707
1454,1727,273,0.1365,0.4801907422244549
1406,1703,297,0.1485,0.48578718534857035
1512,1756,244,0.122,0.47193566352128985
1488,1744,256,0.128,0.4748637450039387
1450,1725,275,0.1375,0.47509558372199534
1590,1795,205,0.1025,0.46735987228155135
1532,1766,234,0.117,0.4697762267589569
1574,1787,213,0.1065,0.4686271626576781
1530,1765,235,0.1175,0.470329871147871
1608,1804,196,0.098,0.46019249518215655
1542,1771,229,0.1145,0.4665171426087618
1454,1727,273,0.1365,0.4728170033068163
1490,1745,255,0.1275,0.4693711309872725
1534,1767,233,0.1165,0.4661588489860296
1488,1744,256,0.128,0.46247341434657574
1520,1760,240,0.12,0.46131709329783915
1520,1760,240,0.12,0.46526797395944597
1518,1759,241,0.1205,0.4675374520123005
1464,1732,268,0.134,0.46545444440841677
1498,1749,251,0.1255,0.463856534332037
1520,1760,240,0.12,0.4649436053326936
1496,1748,252,0.126,0.4647624772787094
1526,1763,237,0.1185,0.46015523815565795
1518,1759,241,0.1205,0.4590514456033707
1566,1783,217,0.1085,0.4523709653094411
1438,1719,281,0.1405,0.46517103604227306
1500,1750,250,0.125,0.4647181861549616
1494,1747,253,0.1265,0.46693216463923454
1462,1731,269,0.1345,0.4675408929139376
1484,1742,258,0.129,0.4660870021879673
1592,1796,204,0.102,0.4572264194786549
1554,1777,223,0.1115,0.46198087637871504
1498,1749,251,0.1255,0.46602300254022705
1528,1764,236,0.118,0.46326880821585653
1514,1757,243,0.1215,0.45927645070105794
1470,1735,265,0.1325,0.46373658330738543
1490,1745,255,0.1275,0.46636644538491967
1452,1726,274,0.137,0.46417603787741973
1556,1778,222,0.111,0.4606800317317247
1562,1781,219,0.1095,0.45548222395777704
1512,1756,244,0.122,0.46146018121391535
1600,1800,200,0.1,0.45301081191003323
1574,1787,213,0.1065,0.4547994233816862
1478,1739,261,0.1305,0.45887217910587785
1496,1748,252,0.126,0.46141235890984533
1630,1815,185,0.0925,0.4520201091170311
1674,1837,163,0.0815,0.4439245744496584
1514,1757,243,0.1215,0.45313419289141893
1522,1761,239,0.1195,0.45677897103875875
1412,1706,294,0.147,0.45948581881821154
1504,1752,248,0.124,0.4501052686171606
1502,1751,249,0.1245,0.45306324277818205
1496,1748,252,0.126,0.45255354669783265
1462,1731,269,0.1345,0.45526568273082374
1572,1786,214,0.107,0.44403828573483045
1484,1742,258,0.129,0.44696212453614864
1470,1735,265,0.1325,0.4566254156976938
1516,1758,242,0.121,0.45180440824260654
1520,1760,240,0.12,0.45223561456799505
1480,1740,260,0.13,0.46115424316376447
1518,1759,241,0.1205,0.4569895367659628
1528,1764,236,0.118,0.45734235105873083
1518,1759,241,0.1205,0.45518507158756255
1482,1741,259,0.1295,0.4621218787059188
1388,1694,306,0.153,0.47300512926280497
1562,1781,219,0.1095,0.45705701594755294
1512,1756,244,0.122,0.4666306878775358
1534,1767,233,0.1165,0.46623086361587046
1446,1723,277,0.1385,0.469708217471838
1546,1773,227,0.1135,0.45777908515930177
1496,1748,252,0.126,0.4654731275290251
1660,1830,170,0.085,0.451492919921875
1440,1720,280,0.14,0.46698631841130556
1526,1763,237,0.1185,0.4641282343175262
1448,1724,276,0.138,0.4702908786386251
1536,1768,232,0.116,0.4607025585797019
1608,1804,196,0.098,0.45496931701493837
1562,1781,219,0.1095,0.4555910682231188
1468,1734,266,0.133,0.46196172064170243
1606,1803,197,0.0985,0.45701156863570214
1520,1760,240,0.12,0.4568140447884798
1456,1728,272,0.136,0.4637335972636938
1480,1740,260,0.13,0.46267208287884093
1502,1751,249,0.1245,0.4541294503584504
1534,1767,233,0.1165,0.45642819115519523
1574,1787,213,0.1065,0.44415480457246304
1488,1744,256,0.128,0.4558484888076782
1516,1758,242,0.121,0.4525729563273353
1516,1758,242,0.121,0.4553651914149523
1458,1729,271,0.1355,0.45474950526871544
1448,1724,276,0.138,0.4540559202581644
1478,1739,261,0.1305,0.4604337340388447
1554,1777,223,0.1115,0.4517242804020643
1516,1758,242,0.121,0.454205229267478
1584,1792,208,0.104,0.447403540045023
1546,1773,227,0.1135,0.4566511417925358
1494,1747,253,0.1265,0.4598715645512566
1486,1743,257,0.1285,0.4599032119214535
1348,1674,326,0.163,0.46748871146142484
1488,1744,256,0.128,0.46440659834444525
1514,1757,243,0.1215,0.4638158034682274
1538,1769,231,0.1155,0.45854342032969
1508,1754,246,0.123,0.46420226112008095
1524,1762,238,0.119,0.4617823191639036
1558,1779,221,0.1105,0.4616284197389614
1544,1772,228,0.114,0.46634487783163786
1572,1786,214,0.107,0.4635689225522801
1498,1749,251,0.1255,0.46638588090240957
1532,1766,234,0.117,0.4689440783709288
1540,1770,230,0.115,0.4637190489768982
1532,1766,234,0.117,0.46715400280058383
1568,1784,216,0.108,0.4635644092336297
1584,1792,208,0.104,0.45830396813340485
1536,1768,232,0.116,0.4620859151631594
1520,1760,240,0.12,0.46246674393676224
1500,1750,250,0.125,0.46037586361169813
1570,1785,215,0.1075,0.4559784560649423
1526,1763,237,0.1185,0.4548989852666855
1562,1781,219,0.1095,0.4570504560098052
1450,1725,275,0.1375,0.46478114913933677
1558,1779,221,0.1105,0.45650365642675783
1498,1749,251,0.1255,0.45355755876749754
1490,1745,255,0.1275,0.4592708619236946
1456,1728,272,0.136,0.4656676952764392
1454,1727,273,0.1365,0.4582369878226891
1452,1726,274,0.137,0.4623876838337164
1462,1731,269,0.1345,0.45775612390041354
1494,1747,253,0.1265,0.46450565829873086
1468,1734,266,0.133,0.46183812866359947
1490,1745,255,0.1275,0.4669362029880285
1446,1723,277,0.1385,0.4667679276777867
1550,1775,225,0.1125,0.4636874088868499
1552,1776,224,0.112,0.4638776828497648
1450,1725,275,0.1375,0.4714280612394214
1506,1753,247,0.1235,0.4695386167373508
1550,1775,225,0.1125,0.46891646440327167
1568,1784,216,0.108,0.46728325967490675
1612,1806,194,0.097,0.4629926219433546
1494,1747,253,0.1265,0.47326132459938525
1462,1731,269,0.1345,0.4750408311188221
1462,1731,269,0.1345,0.46834086455398327
1542,1771,229,0.1145,0.4643050373718143
1336,1668,332,0.166,0.4798889058105415
1510,1755,245,0.1225,0.4693387914835475
1436,1718,282,0.141,0.4746164505779743
1588,1794,206,0.103,0.4664940717369318
1516,1758,242,0.121,0.4673301267400384
1542,1771,229,0.1145,0.4607853534966707
1522,1761,239,0.1195,0.46508918769657615
1468,1734,266,0.133,0.46222363554791807
1546,1773,227,0.1135,0.46146699026226995
1516,1758,242,0.121,0.4590886036902666
1520,1760,240,0.12,0.4655022054314613
1406,1703,297,0.1485,0.46628801309689877
1532,1766,234,0.117,0.46442740722140297
1466,1733,267,0.1335,0.469408449575305
1532,1766,234,0.117,0.46688684570789335
1460,1730,270,0.135,0.46588581161201
1542,1771,229,0.1145,0.4628603871925734
1406,1703,297,0.1485,0.4729374712370336
1566,1783,217,0.1085,0.4581755124889314
1474,1737,263,0.1315,0.4703251917660236
1556,1778,222,0.111,0.46829540563374755
1544,1772,228,0.114,0.4632336863130331
1480,1740,260,0.13,0.4619668248407543
1514,1757,243,0.1215,0.4641359144411981
1448,1724,276,0.138,0.47187420423608273
1490,1745,255,0.1275,0.46306949692964555
1520,1760,240,0.12,0.46464103381335736
1520,1760,240,0.12,0.46057795363198967
1616,1808,192,0.096,0.45774397844821213
1546,1773,227,0.1135,0.4652365454658866
1468,1734,266,0.133,0.4687516514509916
1532,1766,234,0.117,0.4629414845108986
1452,1726,274,0.137,0.464712394681992
1534,1767,233,0.1165,0.46218421518802644
1654,1827,173,0.0865,0.4475331068187952
1484,1742,258,0.129,0.45596141342818736
1556,1778,222,0.111,0.45368091215193274
1520,1760,240,0.12,0.4546334199085832
1496,1748,252,0.126,0.45659127646684644
1500,1750,250,0.125,0.45828272554359867
1506,1753,247,0.1235,0.4525446416893974
1516,1758,242,0.121,0.4526361010335386
1378,1689,311,0.1555,0.46184276781976225
1532,1766,234,0.117,0.44496503634005785
1554,1777,223,0.1115,0.44848779338110306
1484,1742,258,0.129,0.45235344289243223
1498,1749,251,0.1255,0.4578822787869722
1496,1748,252,0.126,0.450532638929865
1394,1697,303,0.1515,0.4658123980935197
1450,1725,275,0.1375,0.4647330317068845
1530,1765,235,0.1175,0.453680131100351
1516,1758,242,0.121,0.4616132746213116
1450,1725,275,0.1375,0.4589558473666548
1516,1758,242,0.121,0.4621764043814328
1558,1779,221,0.1105,0.4567708997130394
1528,1764,236,0.118,0.4610176933966577
1600,1800,200,0.1,0.45630693692713975
1552,1776,224,0.112,0.46148923988640306
1490,1745,255,0.1275,0.46813032676439614
1576,1788,212,0.106,0.4538239961117506
1502,1751,249,0.1245,0.4616659153662622
1442,1721,279,0.1395,0.46854731361567975
1464,1732,268,0.134,0.4636805730294236
1490,1745,255,0.1275,0.45648677825555206
1446,1723,277,0.1385,0.46236031282693146
1488,1744,256,0.128,0.4573268939554691
1536,1768,232,0.116,0.4539212082519662
1490,1745,255,0.1275,0.46046004328131673
1586,1793,207,0.1035,0.44823561980616067
1484,1742,258,0.129,0.4524545408040285
1546,1773,227,0.1135,0.4513595582544804
1572,1786,214,0.107,0.44599534468352797
1452,1726,274,0.137,0.45403728400237015
1540,1770,230,0.115,0.44971956768844396
1526,1763,237,0.1185,0.4496605865359306
1466,1733,267,0.1335,0.45105864538252355
1602,1801,199,0.0995,0.4406658558920026
1392,1696,304,0.152,0.45494574259221554
1556,1778,222,0.111,0.440218037132232
1604,1802,198,0.099,0.44121474305540326
1396,1698,302,0.151,0.45716779129672797
1540,1770,230,0.115,0.4392947227805853
1496,1748,252,0.126,0.4504298755526543
1558,1779,221,0.1105,0.445522642172873
1572,1786,214,0.107,0.4372057441174984
1566,1783,217,0.1085,0.43072240214794877
1546,1773,227,0.1135,0.4358405699878931
1466,1733,267,0.1335,0.44182351556384675
1518,1759,241,0.1205,0.44152169923757173
1492,1746,254,0.127,0.444049059510231
1520,1760,240,0.12,0.43926486756652594
1550,1775,225,0.1125,0.43643739134073256
1648,1824,176,0.088,0.4295916600525379
1584,1792,208,0.104,0.43308188698627054
1544,1772,228,0.114,0.43504850113391874
1556,1778,222,0.111,0.4330039695948362
1440,1720,280,0.14,0.4322697415307048
1534,1767,233,0.1165,0.4254372728168964
1578,1789,211,0.1055,0.42548085360229015
1568,1784,216,0.108,0.4243353851363063
1588,1794,206,0.103,0.4212150504291058
1494,1747,253,0.1265,0.43455752005982506
1550,1775,225,0.1125,0.4273458319753408
1472,1736,264,0.132,0.4349359372109175
1452,1726,274,0.137,0.4353722194157799
1494,1747,253,0.1265,0.43327547424564544
1518,1759,241,0.1205,0.4294105806277439
1504,1752,248,0.124,0.4299161468520761
1534,1767,233,0.1165,0.4350904842764139
1456,1728,272,0.136,0.43854744829982517
1440,1720,280,0.14,0.44353668630149334
1520,1760,240,0.12,0.440321777716279
1570,1785,215,0.1075,0.4372649542838335
1548,1774,226,0.113,0.44173865177901983
1532,1766,234,0.117,0.4394416211545467
1510,1755,245,0.1225,0.43893908575642854
1506,1753,247,0.1235,0.4399298191449921
1544,1772,228,0.114,0.4386255929571307
1538,1769,231,0.1155,0.4422374854627997
1486,1743,257,0.1285,0.44405852105468513
1404,1702,298,0.149,0.4529426801176742
1548,1774,226,0.113,0.43581044826097787
1506,1753,247,0.1235,0.44028637251257896
1518,1759,241,0.1205,0.441463410243392
1480,1740,260,0.13,0.44300215812027455
1526,1763,237,0.1185,0.4387726623956114
1476,1738,262,0.131,0.4445153548270464
1472,1736,264,0.132,0.44539039993425833
1590,1795,205,0.1025,0.4367407850548625
1612,1806,194,0.097,0.4339206971339881
1420,1710,290,0.145,0.4483086543530226
1562,1781,219,0.1095,0.4362290184050798
1512,1756,244,0.122,0.4419866525586694
1538,1769,231,0.1155,0.4415945715084672
1490,1745,255,0.1275,0.44177382735162973
1506,1753,247,0.1235,0.4389175069183111
1544,1772,228,0.114,0.43265466654373447
1534,1767,233,0.1165,0.43179781349748375
1512,1756,244,0.122,0.4389481901824474
1560,1780,220,0.11,0.42988517494499684
1488,1744,256,0.128,0.4419681898821145
1482,1741,259,0.1295,0.4421727612838149
1554,1777,223,0.1115,0.4293934654220939
1510,1755,245,0.1225,0.434752747150138
1576,1788,212,0.106,0.4336665307264775
1600,1800,200,0.1,0.425635987572372
1472,1736,264,0.132,0.4353078516181558
1536,1768,232,0.116,0.4320889539718628
1480,1740,260,0.13,0.43195003598183396
1592,1796,204,0.102,0.4195278093740344
1498,1749,251,0.1255,0.42618693609535696
1504,1752,248,0.124,0.4289330730396323
1500,1750,250,0.125,0.4229681977555156
1466,1733,267,0.1335,0.4288497422337532
1522,1761,239,0.1195,0.42550216052006
1508,1754,246,0.123,0.4292617731839418
1460,1730,270,0.135,0.4311800341308117
1468,1734,266,0.133,0.42249866013228893
1424,1712,288,0.144,0.43516706342995165
1462,1731,269,0.1345,0.43035669696331025
1486,1743,257,0.1285,0.4351804980635643
1486,1743,257,0.1285,0.4314551882147789
1426,1713,287,0.1435,0.4439287720442519
1512,1756,244,0.122,0.43688883125782013
1500,1750,250,0.125,0.43513760060071943
1552,1776,224,0.112,0.43915205082204195
1466,1733,267,0.1335,0.44711869364231827
1522,1761,239,0.1195,0.4401164331436157
1536,1768,232,0.116,0.4379969154596329
1438,1719,281,0.1405,0.44755032208375634
1492,1746,254,0.127,0.4434072842150927
1546,1773,227,0.1135,0.43913874807953834
1508,1754,246,0.123,0.44138788831233977
1570,1785,215,0.1075,0.4376128417849541
1520,1760,240,0.12,0.43967557971179483
1476,1738,262,0.131,0.4409944052427163
1472,1736,264,0.132,0.4411476540230215
1502,1751,249,0.1245,0.4354583485722542
1480,1740,260,0.13,0.4388509120121598
1502,1751,249,0.1245,0.436849486105144
1536,1768,232,0.116,0.4286415688320994
1492,1746,254,0.127,0.4376209446042776
1522,1761,239,0.1195,0.4262578538581729
1494,1747,253,0.1265,0.4288928560614586
1462,1731,269,0.1345,0.43163627601787447
1444,1722,278,0.139,0.4263560089915991
1472,1736,264,0.132,0.4264350817576051
1566,1783,217,0.1085,0.4173280102349818
1478,1739,261,0.1305,0.424051849193871
1540,1770,230,0.115,0.4171899361014366
1526,1763,237,0.1185,0.4174457849413228
1578,1789,211,0.1055,0.4107476019561291
1498,1749,251,0.1255,0.4177765304595232
1532,1766,234,0.117,0.4117748745695135
1538,1769,231,0.1155,0.41884826094657185
1584,1792,208,0.104,0.40695823170244694
1576,1788,212,0.106,0.40935153225436804
1574,1787,213,0.1065,0.4087070139348507
1514,1757,243,0.1215,0.4082047028914094
1472,1736,264,0.132,0.4075631646743004
1444,1722,278,0.139,0.4101194398403168
1552,1776,224,0.112,0.4077942952150479
1468,1734,266,0.133,0.4122883907556534
1596,1798,202,0.101,0.3986489687487483
1516,1758,242,0.121,0.4160411730231972
1562,1781,219,0.1095,0.40103608371317384
1530,1765,235,0.1175,0.41223977705836296
1478,1739,261,0.1305,0.41403904457390306
1500,1750,250,0.125,0.4162401961311698
1440,1720,280,0.14,0.4222319896817207
1568,1784,216,0.108,0.41322560008615256
1474,1737,263,0.1315,0.4153645583093166
1472,1736,264,0.132,0.4226868948340416
1498,1749,251,0.1255,0.4251428174823523
1494,1747,253,0.1265,0.41988647112995386
1616,1808,192,0.096,0.4157782564610243
1500,1750,250,0.125,0.41860731145739555
1558,1779,221,0.1105,0.4203614425361156
1422,1711,289,0.1445,0.42561711901426313
1368,1684,316,0.158,0.4339852828504518
1502,1751,249,0.1245,0.4223836348950863
1528,1764,236,0.118,0.4161553533673286
1484,1742,258,0.129,0.4217259619086981
1500,1750,250,0.125,0.4201539887115359
1516,1758,242,0.121,0.42076731454674154
1512,1756,244,0.122,0.42607232684083285
1556,1778,222,0.111,0.41736708326637745
1578,1789,211,0.1055,0.40895155009813605
1492,1746,254,0.127,0.4190880471467972
1520,1760,240,0.12,0.4122284766063094
1562,1781,219,0.1095,0.4121216822564602
1540,1770,230,0.115,0.40998671207431836
1492,1746,254,0.127,0.40735074812173844
1482,1741,259,0.1295,0.4135550611242652
1448,1724,276,0.138,0.4146554391980171
1500,1750,250,0.125,0.412741481564939
1596,1798,202,0.101,0.4002051356583834
1540,1770,230,0.115,0.4005997613891959
1608,1804,196,0.098,0.3983168035596609
1484,1742,258,0.129,0.4040773216772686
1396,1698,302,0.151,0.40812326516956093
1498,1749,251,0.1255,0.39729021771252154
1516,1758,242,0.121,0.4006857957616448
1500,1750,250,0.125,0.4022622779682279
1544,1772,228,0.114,0.39208091025054453
1448,1724,276,0.138,0.4027933917194605
1520,1760,240,0.12,0.40027271961420774
1550,1775,225,0.1125,0.3964210185185075
1504,1752,248,0.124,0.39165311940014363
1508,1754,246,0.123,0.3988073872551322
1520,1760,240,0.12,0.3942051030024886
1502,1751,249,0.1245,0.39677648060023785
1490,1745,255,0.1275,0.39977447424829005
1526,1763,237,0.1185,0.40408137775957587
1478,1739,261,0.1305,0.4082326455339789
1448,1724,276,0.138,0.4086967409849167
1548,1774,226,0.113,0.4021514228135347
1480,1740,260,0.13,0.4065381040684879
1416,1708,292,0.146,0.41875051871687174
1504,1752,248,0.124,0.40240750640630724
1408,1704,296,0.148,0.4181480911672115
1510,1755,245,0.1225,0.4143024399221331
1574,1787,213,0.1065,0.40900549279898407
1540,1770,230,0.115,0.40987671315670016
1510,1755,245,0.1225,0.41771513639821206
1544,1772,228,0.114,0.4133818779066205
1512,1756,244,0.122,0.41318903177976607
1536,1768,232,0.116,0.41756269401311874
1482,1741,259,0.1295,0.41702211104333403
1490,1745,255,0.1275,0.41772254879772663
1498,1749,251,0.1255,0.4173014045357704
1554,1777,223,0.1115,0.40963527283445
1546,1773,227,0.1135,0.40912636243046857
1494,1747,253,0.1265,0.41077755760215223
1490,1745,255,0.1275,0.41075164906680584
1448,1724,276,0.138,0.4160533242211677
1494,1747,253,0.1265,0.40851462660357357
1530,1765,235,0.1175,0.4075108584687114
1536,1768,232,0.116,0.40847089083865284
1436,1718,282,0.141,0.4129653850495815
1548,1774,226,0.113,0.4057505196630955
1478,1739,261,0.1305,0.408456509664662
1530,1765,235,0.1175,0.4090162167102098
1516,1758,242,0.121,0.4027898956537247
1558,1779,221,0.1105,0.4024248615205288
1558,1779,221,0.1105,0.40379347671568394
1456,1728,272,0.136,0.40976966394484043
1512,1756,244,0.122,0.4032647744193673
1480,1740,260,0.13,0.4048277568519115
1562,1781,219,0.1095,0.399446464933455
1476,1738,262,0.131,0.40600410210341215
1514,1757,243,0.1215,0.40213201494514944
1484,1742,258,0.129,0.4011366740129888
1534,1767,233,0.1165,0.4020342753306031
1510,1755,245,0.1225,0.40098355039209127
1574,1787,213,0.1065,0.3951950505171626
1512,1756,244,0.122,0.39509642174094917
1478,1739,261,0.1305,0.3976814283244894
1542,1771,229,0.1145,0.39264008731860667
1524,1762,238,0.119,0.3997832687902264
1416,1708,292,0.146,0.40105508268624546
1492,1746,254,0.127,0.40364658693235994
1502,1751,249,0.1245,0.4059569066688418
1556,1778,222,0.111,0.40561396087985485
1508,1754,246,0.123,0.4094399876669049
1410,1705,295,0.1475,0.4214479164495133
1530,1765,235,0.1175,0.4104176431354135
1528,1764,236,0.118,0.4178460316807034
1520,1760,240,0.12,0.4188450850099325
1578,1789,211,0.1055,0.4129810789587709
1464,1732,268,0.134,0.415145559488592
1436,1718,282,0.141,0.4206079257801175
1570,1785,215,0.1075,0.41617781022936107
1486,1743,257,0.1285,0.419973230317235
1450,1725,275,0.1375,0.4210377093167044
1474,1737,263,0.1315,0.4215662975460291
1468,1734,266,0.133,0.42356556773837656
1492,1746,254,0.127,0.41317234992980956
1518,1759,241,0.1205,0.4151052745729685
1500,1750,250,0.125,0.4198292818367481
1550,1775,225,0.1125,0.409321195140481
1494,1747,253,0.1265,0.4182715518027544
1432,1716,284,0.142,0.4189974325597286
1504,1752,248,0.124,0.415986395701766
1560,1780,220,0.11,0.4132571377903223
1436,1718,282,0.141,0.41977057240903376
1500,1750,250,0.125,0.4148768609017134
1580,1790,210,0.105,0.4055389369577169
1576,1788,212,0.106,0.4088543364480138
1458,1729,271,0.1355,0.4161120122075081
1500,1750,250,0.125,0.4129937619119883
1500,1750,250,0.125,0.4141429460197687
1484,1742,258,0.129,0.4123137532249093
1514,1757,243,0.1215,0.4111376240327955
1550,1775,225,0.1125,0.4084070739335557
1498,1749,251,0.1255,0.4122168881073594
1564,1782,218,0.109,0.4024105636309832
1462,1731,269,0.1345,0.40936923648416995
1560,1780,220,0.11,0.4000311644822359
1462,1731,269,0.1345,0.410105799421668
1514,1757,243,0.1215,0.405765276953578
1378,1689,311,0.1555,0.4163858399093151
1572,1786,214,0.107,0.39689114839583634
1526,1763,237,0.1185,0.40291396393626927
1496,1748,252,0.126,0.40513265546830374
1560,1780,220,0.11,0.3974517737925053
1476,1738,262,0.131,0.40669405333697795
1482,1741,259,0.1295,0.40418313416838647
1524,1762,238,0.119,0.40103728852421044
1468,1734,266,0.133,0.40240818744152784
1490,1745,255,0.1275,0.40645027884289814
1540,1770,230,0.115,0.4014308361262083
1448,1724,276,0.138,0.4094872462078929
1572,1786,214,0.107,0.3996130056381226
1580,1790,210,0.105,0.39824939795583486
1518,1759,241,0.1205,0.4009706649184227
1508,1754,246,0.123,0.40423111186921595
1492,1746,254,0.127,0.40200765897333623
1560,1780,220,0.11,0.3979101399630308
1512,1756,244,0.122,0.40750937735289333
1504,1752,248,0.124,0.3983624172434211
1554,1777,223,0.1115,0.3959937855154276
1502,1751,249,0.1245,0.40420695053040984
1512,1756,244,0.122,0.40232164842778
1584,1792,208,0.104,0.395002981223166
1524,1762,238,0.119,0.3954753339812159
1510,1755,245,0.1225,0.3944947553128004
1540,1770,230,0.115,0.3887465866279872
1462,1731,269,0.1345,0.3961102711707354
1526,1763,237,0.1185,0.39098182816058397
1496,1748,252,0.126,0.3928932778760791
1574,1787,213,0.1065,0.3912882189117372
1492,1746,254,0.127,0.39206379194557667
1458,1729,271,0.1355,0.38978998619131744
1520,1760,240,0.12,0.38928954465687277
1448,1724,276,0.138,0.39439616349339485
1482,1741,259,0.1295,0.39133961099386216
1518,1759,241,0.1205,0.39072884324751794
1528,1764,236,0.118,0.3877612891639583
1474,1737,263,0.1315,0.3973593198377639
1488,1744,256,0.128,0.39147746608406303
1532,1766,234,0.117,0.3927044701523409
1518,1759,241,0.1205,0.39143133427202703
1516,1758,242,0.121,0.3978885221891105
1546,1773,227,0.1135,0.38689289410412314
1506,1753,247,0.1235,0.39426796961575744
1530,1765,235,0.1175,0.38656790648400785
1536,1768,232,0.116,0.3863068915307522
1496,1748,252,0.126,0.3909425528496504
1598,1799,201,0.1005,0.38518140983581545
1564,1782,218,0.109,0.3867168632000685
1440,1720,280,0.14,0.40069199790805576
1510,1755,245,0.1225,0.3886251732334495
1492,1746,254,0.127,0.396301678838845
1520,1760,240,0.12,0.38861428581923246
1552,1776,224,0.112,0.3910573034286499
1462,1731,269,0.1345,0.3916350623787657
1474,1737,263,0.1315,0.39400452633947136
1480,1740,260,0.13,0.3895229303389788
1542,1771,229,0.1145,0.38907788664847615
1512,1756,244,0.122,0.3907144138526055
1466,1733,267,0.1335,0.3871295724436641
1570,1785,215,0.1075,0.3861404298618436
1530,1765,235,0.1175,0.38687415909022094
1612,1806,194,0.097,0.37889752222675604
1612,1806,194,0.097,0.38342703439416165
1426,1713,287,0.1435,0.3930040218182839
1544,1772,228,0.114,0.38380812034755946
1456,1728,272,0.136,0.3900308884233236
1378,1689,311,0.1555,0.38893400094658137
1512,1756,244,0.122,0.3838539714803919
1600,1800,200,0.1,0.37586229215562345
1514,1757,243,0.1215,0.37807723894901574
1512,1756,244,0.122,0.3779716427633539
1596,1798,202,0.101,0.3719488366022706
1520,1760,240,0.12,0.37965963435173034
1514,1757,243,0.1215,0.3745226504653692
1488,1744,256,0.128,0.3783418912650086
1568,1784,216,0.108,0.37445878325402737
1476,1738,262,0.131,0.37623082432238153
1544,1772,228,0.114,0.37788693857216277
1508,1754,246,0.123,0.379094361721538
1494,1747,253,0.1265,0.373968566863623
1568,1784,216,0.108,0.3746653233990073
1556,1778,222,0.111,0.3770525643453002
1490,1745,255,0.1275,0.3775339799299836
1502,1751,249,0.1245,0.3754232403077185
1530,1765,235,0.1175,0.3764024676308036
1512,1756,244,0.122,0.37734892798028885
1466,1733,267,0.1335,0.37653042074479165
1498,1749,251,0.1255,0.3781062851771712
1492,1746,254,0.127,0.3720217901704018
1592,1796,204,0.102,0.36872847081162036
1560,1780,220,0.11,0.37280272600799813
1522,1761,239,0.1195,0.3747609794493765
1434,1717,283,0.1415,0.3788310222104192
1520,1760,240,0.12,0.3785630784481764
1476,1738,262,0.131,0.38180632779929585
1534,1767,233,0.1165,0.3739240650907159
1560,1780,220,0.11,0.3795188858062029
1514,1757,243,0.1215,0.3859420655220747
1612,1806,194,0.097,0.37294208458065986
1494,1747,253,0.1265,0.3837466005682945
1516,1758,242,0.121,0.38488937832042575
1542,1771,229,0.1145,0.384558452680707
1468,1734,266,0.133,0.3893802917972207
1568,1784,216,0.108,0.3798470725836232
1548,1774,226,0.113,0.3803828740492463
1538,1769,231,0.1155,0.38155073948204515
1494,1747,253,0.1265,0.38287452536076305
1524,1762,238,0.119,0.38070905543514527
1528,1764,236,0.118,0.3771154949739575
1606,1803,197,0.0985,0.3650644010081887
1542,1771,229,0.1145,0.37785645324736833
1426,1713,287,0.1435,0.387593616765691
1414,1707,293,0.1465,0.38907126140594483
1474,1737,263,0.1315,0.3797217786423862
1598,1799,201,0.1005,0.36743596275150775
1512,1756,244,0.122,0.3747225920036435
1590,1795,205,0.1025,0.36850322076678277
1486,1743,257,0.1285,0.3738396255746484
1564,1782,218,0.109,0.36324294011795427
1436,1718,282,0.141,0.3750717882886529
1512,1756,244,0.122,0.36543928846716883
1474,1737,263,0.1315,0.3763558774655685
1552,1776,224,0.112,0.36278874886780976
1548,1774,226,0.113,0.3658439514860511
1620,1810,190,0.095,0.3555761636570105
1474,1737,263,0.1315,0.3650116204172373
1558,1779,221,0.1105,0.3615154101699591
1522,1761,239,0.1195,0.36118988995999096
1522,1761,239,0.1195,0.3624093960896134
1482,1741,259,0.1295,0.3628366221860051
1496,1748,252,0.126,0.36194104893507517
1438,1719,281,0.1405,0.36770904176682234
1524,1762,238,0.119,0.36457039749994874
1582,1791,209,0.1045,0.3575026017725468
1452,1726,274,0.137,0.36495957555146774
1446,1723,277,0.1385,0.3697433103322983
1458,1729,271,0.1355,0.3623275843039155
1502,1751,249,0.1245,0.36247557618469
1450,1725,275,0.1375,0.37082661675661804
1488,1744,256,0.128,0.3642275077700615
1416,1708,292,0.146,0.37739229810982944
1442,1721,279,0.1395,0.36961821670830247
1558,1779,221,0.1105,0.36612435336411
1554,1777,223,0.1115,0.3653047606050968
1400,1700,300,0.15,0.37594112911075356
1536,1768,232,0.116,0.37226015356754216
1406,1703,297,0.1485,0.37864685643464324
1598,1799,201,0.1005,0.36499518451094626
1478,1739,261,0.1305,0.37947095082700255
1560,1780,220,0.11,0.37299977139756085
1444,1722,278,0.139,0.3838288882598281
1504,1752,248,0.124,0.3815576779693365
1460,1730,270,0.135,0.37832102681230756
1556,1778,222,0.111,0.369387327991426
1538,1769,231,0.1155,0.37520430827885864
1528,1764,236,0.118,0.3712274848818779
1530,1765,235,0.1175,0.37371818351000546
1576,1788,212,0.106,0.36340961176157
1518,1759,241,0.1205,0.3705246198512614
1482,1741,259,0.1295,0.37175416143238543
1482,1741,259,0.1295,0.37404465429484846
1528,1764,236,0.118,0.3612257231611293
1392,1696,304,0.152,0.3740754535794258
1544,1772,228,0.114,0.36633141119685025
1494,1747,253,0.1265,0.36747650217264893
1568,1784,216,0.108,0.361930525355041
1514,1757,243,0.1215,0.36565921012005126
1480,1740,260,0.13,0.36365880999714134
1450,1725,275,0.1375,0.3702949700132012
1550,1775,225,0.1125,0.35814221764355897
1494,1747,253,0.1265,0.3626167955175042
1524,1762,238,0.119,0.3616660232692957
1452,1726,274,0.137,0.36610383384583617
1530,1765,235,0.1175,0.3551851934194565
1562,1781,219,0.1095,0.35684496307370633
1536,1768,232,0.116,0.3574432064667344
1464,1732,268,0.134,0.3713879691921175
1472,1736,264,0.132,0.36783652989164695
1466,1733,267,0.1335,0.36802101404219867
1552,1776,224,0.112,0.3600723003298044
1588,1794,206,0.103,0.3527127709985216
1540,1770,230,0.115,0.36343084608763454
1456,1728,272,0.136,0.3648757145926356
1410,1705,295,0.1475,0.3745518994554877
1566,1783,217,0.1085,0.36518422520905736
1444,1722,278,0.139,0.3750517283901572
1546,1773,227,0.1135,0.3661800129562616
1526,1763,237,0.1185,0.3663054688386619
1432,1716,284,0.142,0.3703465989008546
1534,1767,233,0.1165,0.36476267381795924
1548,1774,226,0.113,0.3636102985665202
1568,1784,216,0.108,0.35833415741473434
1548,1774,226,0.113,0.35748903939127924
1562,1781,219,0.1095,0.35688837397148354
1452,1726,274,0.137,0.3637309139817953
1542,1771,229,0.1145,0.36061257535964253
1566,1783,217,0.1085,0.35545228499919174
1584,1792,208,0.104,0.3539250790870283
1606,1803,197,0.0985,0.35052590631693603
1488,1744,256,0.128,0.3572763181105256
1394,1697,303,0.1515,0.3681809426397085
1388,1694,306,0.153,0.3665881346447859
1548,1774,226,0.113,0.35138260620832446
1538,1769,231,0.1155,0.35743076412379743
1500,1750,250,0.125,0.3546212567687035
1440,1720,280,0.14,0.362677059173584
1576,1788,212,0.106,0.3536135171428323
1550,1775,225,0.1125,0.35323531005467523
1534,1767,233,0.1165,0.3580513674467802
1562,1781,219,0.1095,0.35557830331474544
1594,1797,203,0.1015,0.3518849410638213
1512,1756,244,0.122,0.3563694382533431
1586,1793,207,0.1035,0.3494356208443642
1452,1726,274,0.137,0.3616388339176774
1492,1746,254,0.127,0.3603332555890083
1560,1780,220,0.11,0.35096888046711683
1508,1754,246,0.123,0.3547832525297999
1526,1763,237,0.1185,0.3550198265016079
1574,1787,213,0.1065,0.34818598680198193
1560,1780,220,0.11,0.3504002323746681
1526,1763,237,0.1185,0.3546068223565817
1442,1721,279,0.1395,0.35864681129902604
1476,1738,262,0.131,0.35359389482438564
1494,1747,253,0.1265,0.35307171334326265
1552,1776,224,0.112,0.349758390635252
1474,1737,263,0.1315,0.35602725703269245
1500,1750,250,0.125,0.3520406602397561
1482,1741,259,0.1295,0.350750309586525
1474,1737,263,0.1315,0.3537963453158736
1552,1776,224,0.112,0.3515818711146712
1524,1762,238,0.119,0.3560987886041403
1538,1769,231,0.1155,0.35343535581976177
1516,1758,242,0.121,0.35304360412061214
1510,1755,245,0.1225,0.35463870618492366
1540,1770,230,0.115,0.35105788668245075
1594,1797,203,0.1015,0.3487100408151746
1466,1733,267,0.1335,0.3562842075675726
1548,1774,226,0.113,0.3531386735513806
1530,1765,235,0.1175,0.3534175371035999
1606,1803,197,0.0985,0.34908100455254315
1432,1716,284,0.142,0.360435528036207
1472,1736,264,0.132,0.35582788107544183
1556,1778,222,0.111,0.3519045669864863
1578,1789,211,0.1055,0.34519627936603503
1434,1717,283,0.1415,0.3591618326678872
1574,1787,213,0.1065,0.3510018011853099
1562,1781,219,0.1095,0.34847994314134123
1518,1759,241,0.1205,0.35768502341397107
1486,1743,257,0.1285,0.36063294383883476
1548,1774,226,0.113,0.35407285077869893
1538,1769,231,0.1155,0.3503589386641979
1594,1797,203,0.1015,0.3490554713234305
1548,1774,226,0.113,0.34669550277292727
1618,1809,191,0.0955,0.34416551146656277
1474,1737,263,0.1315,0.3539280903781764
1514,1757,243,0.1215,0.35412137677306693
1476,1738,262,0.131,0.349614984922111
1572,1786,214,0.107,0.3422247553169727
1464,1732,268,0.134,0.350454320927339
1508,1754,246,0.123,0.3478394735455513
1432,1716,284,0.142,0.35422354393627575
1554,1777,223,0.1115,0.34133930267672985
1532,1766,234,0.117,0.34209270602464675
1478,1739,261,0.1305,0.35120193438977004
1572,1786,214,0.107,0.3396107575520873
1536,1768,232,0.116,0.34380684478580953
1452,1726,274,0.137,0.3501292393654585
1504,1752,248,0.124,0.34401592246443036
1632,1816,184,0.092,0.3353933618739247
1444,1722,278,0.139,0.35636403819173573
1520,1760,240,0.12,0.3450532716140151
1524,1762,238,0.119,0.34563273926265536
1456,1728,272,0.136,0.3476378195509314
1570,1785,215,0.1075,0.34311662854719904
1504,1752,248,0.124,0.35088477563858034
1592,1796,204,0.102,0.342018448010087
1498,1749,251,0.1255,0.3481694578640163
1504,1752,248,0.124,0.35243687333911655
1552,1776,224,0.112,0.3455771934688091
1486,1743,257,0.1285,0.3519352221861554
1548,1774,226,0.113,0.34198017994686963
1642,1821,179,0.0895,0.3376985487230122
1522,1761,239,0.1195,0.3512046363130212
1538,1769,231,0.1155,0.35075361357070506
1570,1785,215,0.1075,0.345506576448679
1498,1749,251,0.1255,0.3534518461227417
1544,1772,228,0.114,0.3442024144232273
1474,1737,263,0.1315,0.35055521535128353
1544,1772,228,0.114,0.3445186703700639
1524,1762,238,0.119,0.35072829270735384
1456,1728,272,0.136,0.3504119291678071
1506,1753,247,0.1235,0.3507266714349389
1558,1779,221,0.1105,0.3405552396140993
1592,1796,204,0.102,0.34560914340429005
1546,1773,227,0.1135,0.34174293862096966
1566,1783,217,0.1085,0.3438262699767947
1454,1727,273,0.1365,0.35412543975003064
1544,1772,228,0.114,0.343328901052475
1530,1765,235,0.1175,0.34732472549378873
1528,1764,236,0.118,0.34905505484342575
1540,1770,230,0.115,0.34309139645310643
1566,1783,217,0.1085,0.3447450734525919
1574,1787,213,0.1065,0.34563516103223085
1532,1766,234,0.117,0.349164891757071
1626,1813,187,0.0935,0.3377464683651924
1418,1709,291,0.1455,0.3534156869351864
1554,1777,223,0.1115,0.34783631140878424
1522,1761,239,0.1195,0.34698581031174397
1508,1754,246,0.123,0.3431175685450435
1604,1802,198,0.099,0.3410252869855612
1522,1761,239,0.1195,0.34788177397847175
1400,1700,300,0.15,0.3534094897471368
1528,1764,236,0.118,0.34645326349139216
1492,1746,254,0.127,0.35566700101723836
1504,1752,248,0.124,0.3483389983675588
1544,1772,228,0.114,0.3504811453051225
1438,1719,281,0.1405,0.3524902080395259
1490,1745,255,0.1275,0.3541199005767703
1576,1788,212,0.106,0.3471401847973466
1526,1763,237,0.1185,0.35141623168438674
1396,1698,302,0.151,0.3641565868072212
1510,1755,245,0.1225,0.36258521252872555
1536,1768,232,0.116,0.3560942896049229
1552,1776,224,0.112,0.35442016849640884
1536,1768,232,0.116,0.3568496575281024
1474,1737,263,0.1315,0.3639922059252858
1532,1766,234,0.117,0.35914265339821577
1576,1788,212,0.106,0.35877922360490266
1544,1772,228,0.114,0.3578222458527016
1544,1772,228,0.114,0.35771499744111357
1564,1782,218,0.109,0.3572312212213874
1498,1749,251,0.1255,0.3622935003042221
1508,1754,246,0.123,0.3591498665586114
1464,1732,268,0.134,0.3634494849443436
1570,1785,215,0.1075,0.34810956548154354
1530,1765,235,0.1175,0.35854798532277343
1448,1724,276,0.138,0.362153341114521
1488,1744,256,0.128,0.3610222480096854
1508,1754,246,0.123,0.35868292503617877
1506,1753,247,0.1235,0.36088211467501974
1582,1791,209,0.1045,0.35222574801190787
1488,1744,256,0.128,0.35464432744681834
1562,1781,219,0.1095,0.35179897580016406
1540,1770,230,0.115,0.3543204900420151
1544,1772,228,0.114,0.3571125094741583
1476,1738,262,0.131,0.3559154868796468
1558,1779,221,0.1105,0.35602904580533506
1440,1720,280,0.14,0.3640796251744032
1594,1797,203,0.1015,0.34782239381968977
1494,1747,253,0.1265,0.35743292797356846
1528,1764,236,0.118,0.35059585912525654
1458,1729,271,0.1355,0.3565337145254016
1512,1756,244,0.122,0.3515363606214523
1524,1762,238,0.119,0.3519376880340278
1576,1788,212,0.106,0.347900818529806
1494,1747,253,0.1265,0.3558515788316727
1570,1785,215,0.1075,0.3520238334313035
1574,1787,213,0.1065,0.3516205888837576
1500,1750,250,0.125,0.34968136727809906
1414,1707,293,0.1465,0.35662908045202496
1542,1771,229,0.1145,0.3482352486997843
1478,1739,261,0.1305,0.3580813326537609
1432,1716,284,0.142,0.3648631176602794
1482,1741,259,0.1295,0.35922634061722786
1514,1757,243,0.1215,0.35285396805866914
1566,1783,217,0.1085,0.35117011365294454
1466,1733,267,0.1335,0.36230195136601107
1454,1727,273,0.1365,0.35726347570307554
1550,1775,225,0.1125,0.3540610197354108
1564,1782,218,0.109,0.35318422884494066
1532,1766,234,0.117,0.3563151559829733
1514,1757,243,0.1215,0.35838659311830995
1388,1694,306,0.153,0.36940514955862386
1372,1686,314,0.157,0.37148249462246896
1524,1762,238,0.119,0.3560039932289983
1538,1769,231,0.1155,0.3582465890496969
1554,1777,223,0.1115,0.35707527843210846
1646,1823,177,0.0885,0.34979107047617436
1588,1794,206,0.103,0.35430876756459473
1458,1729,271,0.1355,0.36632635359838606
1544,1772,228,0.114,0.35920221264660357
1544,1772,228,0.114,0.3518025229200721
1524,1762,238,0.119,0.3540567060485482
1558,1779,221,0.1105,0.35045188092440366
1492,1746,254,0.127,0.3564584223073907
1542,1771,229,0.1145,0.3526783713698387
1602,1801,199,0.0995,0.34513085436075924
1526,1763,237,0.1185,0.3517223730161786
1544,1772,228,0.114,0.3478437395617366
1522,1761,239,0.1195,0.34741670521348716
1462,1731,269,0.1345,0.34856922676041724
1546,1773,227,0.1135,0.3448991519138217
1506,1753,247,0.1235,0.34242704129219054
1546,1773,227,0.1135,0.34208081705868243
1464,1732,268,0.134,0.34383625618368385
1526,1763,237,0.1185,0.3447112367078662
1492,1746,254,0.127,0.35095691825449465
1536,1768,232,0.116,0.3432915509939194
1566,1783,217,0.1085,0.34330983946432386
1546,1773,227,0.1135,0.34380356716364624
1516,1758,242,0.121,0.34297157368063924
1456,1728,272,0.136,0.3491577394679189
1480,1740,260,0.13,0.34808385545387865
1498,1749,251,0.1255,0.34508829189650714
1510,1755,245,0.1225,0.34529836058616636
1638,1819,181,0.0905,0.3366686679795384
1464,1732,268,0.134,0.35085134649276734
1558,1779,221,0.1105,0.3456322424104437
1440,1720,280,0.14,0.3543263983877841
1496,1748,252,0.126,0.3504719922520162
1544,1772,228,0.114,0.34533594430238007
1546,1773,227,0.1135,0.34644813821464776
1498,1749,251,0.1255,0.3522520546503365
1598,1799,201,0.1005,0.3472934979862766
1468,1734,266,0.133,0.355336612097919
1540,1770,230,0.115,0.3515085468515754
1538,1769,231,0.1155,0.3495139101147652
1482,1741,259,0.1295,0.35352061938084556
1458,1729,271,0.1355,0.35516038465313615
1476,1738,262,0.131,0.3547786147892475
1496,1748,252,0.126,0.34922931186202916
1494,1747,253,0.1265,0.3592816817498242
1530,1765,235,0.1175,0.3549592175334692
1526,1763,237,0.1185,0.353746686860919
1494,1747,253,0.1265,0.35855238468851897
1504,1752,248,0.124,0.35798547299578787
1498,1749,251,0.1255,0.356904457408702
1474,1737,263,0.1315,0.36171560488040166
1522,1761,239,0.1195,0.35731400589644907
1582,1791,209,0.1045,0.3529189896173775
1372,1686,314,0.157,0.3728008773224428
1548,1774,226,0.113,0.3562848298624158
1506,1753,247,0.1235,0.36202995817363265
1518,1759,241,0.1205,0.3594477525799302
1484,1742,258,0.129,0.3656647822484374
1574,1787,213,0.1065,0.3536850973144174
1510,1755,245,0.1225,0.3556658859476447
1480,1740,260,0.13,0.3616162713831291
1518,1759,241,0.1205,0.3591571705713868
1574,1787,213,0.1065,0.36034704542160034
1538,1769,231,0.1155,0.35960223193253477
1440,1720,280,0.14,0.36613025719672443
1580,1790,210,0.105,0.3542044414952397
1576,1788,212,0.106,0.35118046366423367
1436,1718,282,0.141,0.36524279073625804
1476,1738,262,0.131,0.360717989705503
1508,1754,246,0.123,0.3555230860893921
1618,1809,191,0.0955,0.3483157177716494
1504,1752,248,0.124,0.35667382191866637
1516,1758,242,0.121,0.35564923675358295
1454,1727,273,0.1365,0.3578475727951154
1526,1763,237,0.1185,0.35579562425613404
1500,1750,250,0.125,0.3556049213251099
1500,1750,250,0.125,0.35301019535958766
1522,1761,239,0.1195,0.3520002284795919
1470,1735,265,0.1325,0.35507347051630495
1556,1778,222,0.111,0.348913514137239
1572,1786,214,0.107,0.34932196512073277
1504,1752,248,0.124,0.35506352712213995
1498,1749,251,0.1255,0.35647339237487524
1554,1777,223,0.1115,0.3553410435169935
1574,1787,213,0.1065,0.3503670350415632
1534,1767,233,0.1165,0.35225247690733524
1410,1705,295,0.1475,0.36549078999832274
1596,1798,202,0.101,0.3474213066548109
1442,1721,279,0.1395,0.36146246601909215
1550,1775,225,0.1125,0.3529177957836655
1538,1769,231,0.1155,0.3520693587437272
1488,1744,256,0.128,0.3590371802709997
1582,1791,209,0.1045,0.3520395697206259
1506,1753,247,0.1235,0.35928829949349167
1520,1760,240,0.12,0.3596372307697311
1512,1756,244,0.122,0.361154307294919
1554,1777,223,0.1115,0.35604890336096284
1498,1749,251,0.1255,0.3599242205505725
1474,1737,263,0.1315,0.3623789060562849
1440,1720,280,0.14,0.3628156441450119
1552,1776,224,0.112,0.3571719451621175
1452,1726,274,0.137,0.3612217805236578
1526,1763,237,0.1185,0.3609702234938741
1502,1751,249,0.1245,0.35935045855492354
1484,1742,258,0.129,0.3586374621335417
1604,1802,198,0.099,0.34931861401349307
1528,1764,236,0.118,0.3609123305976391
1442,1721,279,0.1395,0.3643475896939635
1520,1760,240,0.12,0.35524338081479073
1510,1755,245,0.1225,0.3536946392133832
1514,1757,243,0.1215,0.3578768284842372
1458,1729,271,0.1355,0.35779191631823776
1466,1733,267,0.1335,0.3599239752081048
1532,1766,234,0.117,0.35687820813804866
1572,1786,214,0.107,0.3564208150431514
1532,1766,234,0.117,0.3583468066044152
1514,1757,243,0.1215,0.35938978792505805
1560,1780,220,0.11,0.3530314585641027
1524,1762,238,0.119,0.3596657556332648
1566,1783,217,0.1085,0.35470151572674513
1486,1743,257,0.1285,0.3597338441833854
1542,1771,229,0.1145,0.3496627071562616
1556,1778,222,0.111,0.3482086676284671
1484,1742,258,0.129,0.3574809073340148
1558,1779,221,0.1105,0.3499581383243203
1426,1713,287,0.1435,0.35928623195644466
1442,1721,279,0.1395,0.35359698436409237
1518,1759,241,0.1205,0.35247055695205926
1536,1768,232,0.116,0.3501972260177135
1466,1733,267,0.1335,0.3568224270045757
1584,1792,208,0.104,0.34605409476161003
1526,1763,237,0.1185,0.35109585762768986
1500,1750,250,0.125,0.3531801037378609
1608,1804,196,0.098,0.3443716264441609
1534,1767,233,0.1165,0.34782895517349244
1546,1773,227,0.1135,0.34962745804339646
1514,1757,243,0.1215,0.350936787687242
1544,1772,228,0.114,0.3486249887496233
1480,1740,260,0.13,0.3543431611338128
1554,1777,223,0.1115,0.3446124465316534
1562,1781,219,0.1095,0.3420550359934568
1574,1787,213,0.1065,0.343914902061224
1518,1759,241,0.1205,0.3475873331055045
1506,1753,247,0.1235,0.34514579009916635
1556,1778,222,0.111,0.34603763782233
1514,1757,243,0.1215,0.34204282880201936
1492,1746,254,0.127,0.349147302120924
1526,1763,237,0.1185,0.3469821331575513
1552,1776,224,0.112,0.3448413277864456
1516,1758,242,0.121,0.34915409867465497
1540,1770,230,0.115,0.3500574708506465
1502,1751,249,0.1245,0.35097286696732044
1470,1735,265,0.1325,0.3517233123779297
1422,1711,289,0.1445,0.3631354998871684
1458,1729,271,0.1355,0.35941201493144037
1448,1724,276,0.138,0.35935539129205424
1532,1766,234,0.117,0.3589927790760994
1578,1789,211,0.1055,0.3549889274537563
1544,1772,228,0.114,0.3576490746293275
1438,1719,281,0.1405,0.36221560921519996
1562,1781,219,0.1095,0.35577672204375266
1406,1703,297,0.1485,0.3719391883388162
1510,1755,245,0.1225,0.3639772179760039
1510,1755,245,0.1225,0.36479602520167825
1520,1760,240,0.12,0.36266886235028506
1484,1742,258,0.129,0.3675300469845533
1524,1762,238,0.119,0.3675212134942412
1516,1758,242,0.121,0.36339955219626424
1436,1718,282,0.141,0.3727149361073971
1522,1761,239,0.1195,0.3673279626891017
1442,1721,279,0.1395,0.3678011004079166
1540,1770,230,0.115,0.3692383291870356
1556,1778,222,0.111,0.36804899710416794
1582,1791,209,0.1045,0.36694850916415456
1534,1767,233,0.1165,0.3628661013841629
1414,1707,293,0.1465,0.3706719019645825
1550,1775,225,0.1125,0.3593162357211113
1504,1752,248,0.124,0.36635399094969034
1438,1719,281,0.1405,0.36754981139302256
1458,1729,271,0.1355,0.36210627253353594
1588,1794,206,0.103,0.3562311694398522
1510,1755,245,0.1225,0.3626658569276333
1522,1761,239,0.1195,0.35558360974863173
1488,1744,256,0.128,0.36265414524823425
1468,1734,266,0.133,0.36566258236020804
1540,1770,230,0.115,0.35823005831241606
1514,1757,243,0.1215,0.36275489323586224
1464,1732,268,0.134,0.36566963471705094
1544,1772,228,0.114,0.3540464075729251
1520,1760,240,0.12,0.3541720566238698
1522,1761,239,0.1195,0.3562366954609752
1390,1695,305,0.1525,0.36613385542482135
1472,1736,264,0.132,0.36114604073762896
1460,1730,270,0.135,0.3592814721763134
1488,1744,256,0.128,0.35625525026815014
1624,1812,188,0.094,0.3523260455057025
1480,1740,260,0.13,0.36624467169493435
1498,1749,251,0.1255,0.3589512913674116
1486,1743,257,0.1285,0.3614461377039552
1480,1740,260,0.13,0.36438803403824566
1536,1768,232,0.116,0.35771701944619416
1538,1769,231,0.1155,0.3544217589274049
1498,1749,251,0.1255,0.3574413429312408
1560,1780,220,0.11,0.3510807430669665
1484,1742,258,0.129,0.3568604277148843
1492,1746,254,0.127,0.3555420644655824
1464,1732,268,0.134,0.35779833725467325
1554,1777,223,0.1115,0.3501102335900068
1442,1721,279,0.1395,0.3597441374026239
1554,1777,223,0.1115,0.3518318323716521
1586,1793,207,0.1035,0.35594424972950856
1560,1780,220,0.11,0.34742402936472166
1462,1731,269,0.1345,0.35986974442750214
1554,1777,223,0.1115,0.3509395561851561
1446,1723,277,0.1385,0.35394520807266233
1560,1780,220,0.11,0.3509289334481591
1556,1778,222,0.111,0.3503001511245966
1470,1735,265,0.1325,0.35424969262164085
1534,1767,233,0.1165,0.3465501452460885
1526,1763,237,0.1185,0.34813982541129374
1480,1740,260,0.13,0.35669853614270686
1528,1764,236,0.118,0.34977640050277115
1486,1743,257,0.1285,0.35424230120098216
1566,1783,217,0.1085,0.3494179980047047
1628,1814,186,0.093,0.3396788866147399
1534,1767,233,0.1165,0.35311388434818947
1454,1727,273,0.1365,0.3584010310358135
1606,1803,197,0.0985,0.34656902034580706
1460,1730,270,0.135,0.3566494599059224
1552,1776,224,0.112,0.3513611971139908
1570,1785,215,0.1075,0.35174354426562787
1574,1787,213,0.1065,0.352134719915688
1556,1778,222,0.111,0.3483020502105355
1484,1742,258,0.129,0.35489297285676
1450,1725,275,0.1375,0.35453677054867583
1538,1769,231,0.1155,0.34790498089790345
1496,1748,252,0.126,0.354430390201509
1422,1711,289,0.1445,0.35688253520429136
1518,1759,241,0.1205,0.3526977625079453
1530,1765,235,0.1175,0.35103193098308716
1552,1776,224,0.112,0.3462625714987516
1540,1770,230,0.115,0.35159956295788286
1384,1692,308,0.154,0.36019334486313165
1564,1782,218,0.109,0.34519060294330123
1528,1764,236,0.118,0.3519457170069218
1444,1722,278,0.139,0.356149445027113
1458,1729,271,0.1355,0.3612361721619964
1504,1752,248,0.124,0.35294891426712277
1514,1757,243,0.1215,0.3564018210619688
1578,1789,211,0.1055,0.355638145186007
1502,1751,249,0.1245,0.3604324158877134
1470,1735,265,0.1325,0.36118267332017423
1526,1763,237,0.1185,0.3585964822173119
1516,1758,242,0.121,0.35910171938687563
1498,1749,251,0.1255,0.36024035573005675
1494,1747,253,0.1265,0.3584738990217447
1526,1763,237,0.1185,0.3633590240441263
1542,1771,229,0.1145,0.35579570312798026
1556,1778,222,0.111,0.3556551701501012
1458,1729,271,0.1355,0.36494783460348845
1496,1748,252,0.126,0.35816252683848143
1570,1785,215,0.1075,0.3509870308339596
1538,1769,231,0.1155,0.3550111435726285
1488,1744,256,0.128,0.3586249019077861
1478,1739,261,0.1305,0.36162980265170336
1460,1730,270,0.135,0.3574218151597306
1492,1746,254,0.127,0.3497899200841785
1528,1764,236,0.118,0.3518201834801584
1448,1724,276,0.138,0.36010382875800134
1492,1746,254,0.127,0.3546499567404389
1526,1763,237,0.1185,0.35318196886777875
1482,1741,259,0.1295,0.3571288029924035
1506,1753,247,0.1235,0.3542909603193402
1468,1734,266,0.133,0.3597849176824093
1462,1731,269,0.1345,0.35658218690752985
1518,1759,241,0.1205,0.3512968914434314
1562,1781,219,0.1095,0.3504364657535916
1400,1700,300,0.15,0.3649407569244504
1596,1798,202,0.101,0.3511849561110139
1454,1727,273,0.1365,0.36064816172420977
1550,1775,225,0.1125,0.3563687118142843
1598,1799,201,0.1005,0.35143635065108536
1536,1768,232,0.116,0.35807388892769815
1604,1802,198,0.099,0.3516438644081354
1556,1778,222,0.111,0.35502010945919743
1526,1763,237,0.1185,0.35492560488505115
1536,1768,232,0.116,0.35676882338896393
1408,1704,296,0.148,0.36245887144084554
1604,1802,198,0.099,0.34604374394565823
1478,1739,261,0.1305,0.3505043518312741
1500,1750,250,0.125,0.35080778677761554
1526,1763,237,0.1185,0.3544979132115841
1504,1752,248,0.124,0.34929076517101204
1502,1751,249,0.1245,0.3533528688848019
1482,1741,259,0.1295,0.35633609641715897
1440,1720,280,0.14,0.3500549807380885
1496,1748,252,0.126,0.3442480052039027
1496,1748,252,0.126,0.35053857599385085
1500,1750,250,0.125,0.3503107824586332
1474,1737,263,0.1315,0.3481446249783039
1478,1739,261,0.1305,0.35404915954358873
1566,1783,217,0.1085,0.34122063075855913
1516,1758,242,0.121,0.35283180731814356
1492,1746,254,0.127,0.35088652501255274
1478,1739,261,0.1305,0.3582518043108284
1468,1734,266,0.133,0.35768979986291377
1496,1748,252,0.126,0.3595514426827431
1450,1725,275,0.1375,0.35994207867234945
1484,1742,258,0.129,0.36072353526204826
1502,1751,249,0.1245,0.35853032098710536
1494,1747,253,0.1265,0.3624802138134837
1528,1764,236,0.118,0.3590029863369764
1492,1746,254,0.127,0.3617997701764107
1508,1754,246,0.123,0.3640483486056328
1456,1728,272,0.136,0.3663404914215207
1572,1786,214,0.107,0.3577359955087304
1602,1801,199,0.0995,0.35442090521007774
1542,1771,229,0.1145,0.35686075694486497
1508,1754,246,0.123,0.3633988389447331
1470,1735,265,0.1325,0.36575143547356126
1396,1698,302,0.151,0.36578940343111754
1510,1755,245,0.1225,0.3583604735843837
1514,1757,243,0.1215,0.35946515139349505
1546,1773,227,0.1135,0.35495047201216223
1554,1777,223,0.1115,0.3523983992817812
1514,1757,243,0.1215,0.3585482626259327
1570,1785,215,0.1075,0.35024255406856536
1586,1793,207,0.1035,0.34585235472023484
1522,1761,239,0.1195,0.35527251062821597
1504,1752,248,0.124,0.354127779468894
1466,1733,267,0.1335,0.3555795169714838
1604,1802,198,0.099,0.3414443200826645
1490,1745,255,0.1275,0.3521311018611559
1558,1779,221,0.1105,0.3450942157842219
1496,1748,252,0.126,0.34704441936314107
1518,1759,241,0.1205,0.346539234213531
1578,1789,211,0.1055,0.3410041113421321
1502,1751,249,0.1245,0.3460496593415737
1474,1737,263,0.1315,0.3466716756597161
1482,1741,259,0.1295,0.34753014954700484
1578,1789,211,0.1055,0.33911357079446314
1572,1786,214,0.107,0.3393289047852159
1582,1791,209,0.1045,0.33385137873142956
1578,1789,211,0.1055,0.336954649604857
1536,1768,232,0.116,0.3378946218267083
1534,1767,233,0.1165,0.33971831342577935
1522,1761,239,0.1195,0.34044855216145514
1542,1771,229,0.1145,0.33803153486549853
1548,1774,226,0.113,0.3370328202969147
1512,1756,244,0.122,0.3368246206920594
1544,1772,228,0.114,0.3381109466664493
1536,1768,232,0.116,0.34006331603508444
1516,1758,242,0.121,0.33718852939229693
1492,1746,254,0.127,0.33833448752760886
1446,1723,277,0.1385,0.3384920469224453
1540,1770,230,0.115,0.3398148491680622
1594,1797,203,0.1015,0.3319951070994139
1474,1737,263,0.1315,0.3448863783981651
1412,1706,294,0.147,0.3547131464257836
1570,1785,215,0.1075,0.341503306542612
1524,1762,238,0.119,0.3401557193659246
1524,1762,238,0.119,0.34137637517414987
1510,1755,245,0.1225,0.3469720869627199
1500,1750,250,0.125,0.34266198724508284
1550,1775,225,0.1125,0.34032544342428445
1430,1715,285,0.1425,0.3553311465198058
1566,1783,217,0.1085,0.34874746401887385
1558,1779,221,0.1105,0.34403165881157793
1566,1783,217,0.1085,0.3474783871844411
1440,1720,280,0.14,0.354070862673223
1556,1778,222,0.111,0.3437592204362154
1510,1755,245,0.1225,0.3482805944234133
1394,1697,303,0.1515,0.3610708391416132
1396,1698,302,0.151,0.35596659814146825
1592,1796,204,0.102,0.34511314694583417
1496,1748,252,0.126,0.35377889454737305
1496,1748,252,0.126,0.3561919015049934
1456,1728,272,0.136,0.35769036115519703
1460,1730,270,0.135,0.36011714248359206
1598,1799,201,0.1005,0.3479644624143839
1454,1727,273,0.1365,0.3552321662977338
1506,1753,247,0.1235,0.3585670280223712
1502,1751,249,0.1245,0.3577839977182448
1536,1768,232,0.116,0.35714909482747315
1594,1797,203,0.1015,0.35252586802095176
1478,1739,261,0.1305,0.36343034987151623
1564,1782,218,0.109,0.35153933840990065
1516,1758,242,0.121,0.3576105359494686
1492,1746,254,0.127,0.35592333391308784
1506,1753,247,0.1235,0.35689197662472727
1472,1736,264,0.132,0.357103321293951
1492,1746,254,0.127,0.35056592980775797
1438,1719,281,0.1405,0.36180377280618997
1544,1772,228,0.114,0.34633393663726747
1506,1753,247,0.1235,0.35353946026787164
1538,1769,231,0.1155,0.3522294090688229
1500,1750,250,0.125,0.35136288397759197
1586,1793,207,0.1035,0.3457088284343481
1430,1715,285,0.1425,0.35740620974078774
1432,1716,284,0.142,0.3581951265782118
1562,1781,219,0.1095,0.3490706721916795
1512,1756,244,0.122,0.3583085553224664
1516,1758,242,0.121,0.3556212065666914
1512,1756,244,0.122,0.35633915436267855
1500,1750,250,0.125,0.35501620177179577
1476,1738,262,0.131,0.35589632169529795
1464,1732,268,0.134,0.35912569282488127
1504,1752,248,0.124,0.35845840752124786
1574,1787,213,0.1065,0.35748842744529247
1542,1771,229,0.1145,0.35672737687826156
1530,1765,235,0.1175,0.35837186443805696
1400,1700,300,0.15,0.36994983375072477
1470,1735,265,0.1325,0.36207014721632
1536,1768,232,0.116,0.3589670183621347
1512,1756,244,0.122,0.3595923618376255
1504,1752,248,0.124,0.3577102609649301
1546,1773,227,0.1135,0.3543725116704591
1546,1773,227,0.1135,0.3573674793839455
1630,1815,185,0.0925,0.34974342299997807
1496,1748,252,0.126,0.3607535202205181
1458,1729,271,0.1355,0.3568287514636759
1450,1725,275,0.1375,0.3607292331196368
1428,1714,286,0.143,0.3621537368893623
1434,1717,283,0.1415,0.36441453343629837
1442,1721,279,0.1395,0.3614811338292784
1518,1759,241,0.1205,0.3560798677429557
1448,1724,276,0.138,0.3662951055020094
1546,1773,227,0.1135,0.35371673537790776
1502,1751,249,0.1245,0.3592596622519195
1520,1760,240,0.12,0.3596317859115079
1532,1766,234,0.117,0.35516418477147815
1480,1740,260,0.13,0.36223041589930655
1554,1777,223,0.1115,0.3530344528704882
1580,1790,210,0.105,0.3540385210700333
1506,1753,247,0.1235,0.35830000015348196
1574,1787,213,0.1065,0.3562292637974024
1484,1742,258,0.129,0.361033291824162
1588,1794,206,0.103,0.3517700997143984
1510,1755,245,0.1225,0.3636195371672511
1548,1774,226,0.113,0.35412056859210134
1534,1767,233,0.1165,0.3579711040639043
1464,1732,268,0.134,0.35611090383678673
1514,1757,243,0.1215,0.35726782151311637
1492,1746,254,0.127,0.3571199122741818
1470,1735,265,0.1325,0.3603980348532859
1500,1750,250,0.125,0.35890997856855394
1386,1693,307,0.1535,0.36463652580976486
1566,1783,217,0.1085,0.34993854742497205
1618,1809,191,0.0955,0.35011532995011657
1558,1779,221,0.1105,0.35348047970980406
1528,1764,236,0.118,0.3572670606300235
1508,1754,246,0.123,0.35680881072580817
1514,1757,243,0.1215,0.3551356059387326
1514,1757,243,0.1215,0.3558648518584669
1524,1762,238,0.119,0.35183163134753703
1472,1736,264,0.132,0.3539739328548312
1428,1714,286,0.143,0.35552374793589114
1508,1754,246,0.123,0.3518138635568321
1552,1776,224,0.112,0.35228985987603667
1542,1771,229,0.1145,0.35182423815876246
1500,1750,250,0.125,0.35265093748271464
1480,1740,260,0.13,0.3546644570752978
1454,1727,273,0.1365,0.3560724653772195
1512,1756,244,0.122,0.35071899700164794
1598,1799,201,0.1005,0.3467870219275355
1526,1763,237,0.1185,0.3509768012315035
1558,1779,221,0.1105,0.34742499818266154
1468,1734,266,0.133,0.35666662895679474
1402,1701,299,0.1495,0.35808521231263873
1552,1776,224,0.112,0.34594838333129885
1564,1782,218,0.109,0.346410846285522
1496,1748,252,0.126,0.3492971079479903
1556,1778,222,0.111,0.3433392793908715
1590,1795,205,0.1025,0.33862691295892
1580,1790,210,0.105,0.33896176551282403
1496,1748,252,0.126,0.34173051052168013
1522,1761,239,0.1195,0.3388622749522328
1494,1747,253,0.1265,0.3430722796483551
1574,1787,213,0.1065,0.33573047929257155
1506,1753,247,0.1235,0.3438531252220273
1514,1757,243,0.1215,0.3369727916419506
1552,1776,224,0.112,0.3361438112333417
1614,1807,193,0.0965,0.3345550234168768
1512,1756,244,0.122,0.3368840636909008
1504,1752,248,0.124,0.33854546878486874
1474,1737,263,0.1315,0.3399954086039215
1592,1796,204,0.102,0.3254745311886072
1532,1766,234,0.117,0.33525608785450456
1512,1756,244,0.122,0.33455267783626913
1556,1778,222,0.111,0.3333684668727219
1502,1751,249,0.1245,0.33494291162490847
1520,1760,240,0.12,0.334395896345377
1510,1755,245,0.1225,0.33681506652757526
1480,1740,260,0.13,0.34095331017673014
1566,1783,217,0.1085,0.33219699312001466
1512,1756,244,0.122,0.3379410787075758
1514,1757,243,0.1215,0.33631374628096816
1470,1735,265,0.1325,0.34114338384568693
1564,1782,218,0.109,0.33787697277963163
1534,1767,233,0.1165,0.33749570935219525
1600,1800,200,0.1,0.33598503145575526
1612,1806,194,0.097,0.3377543307095766
1546,1773,227,0.1135,0.33610784183244685
1594,1797,203,0.1015,0.3355446001961827
1470,1735,265,0.1325,0.34704364062845705
1526,1763,237,0.1185,0.3413605084866285
1562,1781,219,0.1095,0.3386162480041385
1556,1778,222,0.111,0.3344983337074518
1604,1802,198,0.099,0.325375929415226
1572,1786,214,0.107,0.3335876813642681
1490,1745,255,0.1275,0.33714827546477316
1538,1769,231,0.1155,0.33410613138228656
1530,1765,235,0.1175,0.3341124969718512
1494,1747,253,0.1265,0.33674632336944343
1396,1698,302,0.151,0.34060563205182554
1532,1766,234,0.117,0.33343238608539105
1432,1716,284,0.142,0.33908353163301946
1542,1771,229,0.1145,0.3330771037563682
1442,1721,279,0.1395,0.3437851237654686
1486,1743,257,0.1285,0.34090499897301196
1474,1737,263,0.1315,0.34000936279445887
1480,1740,260,0.13,0.346128811493516
1574,1787,213,0.1065,0.3342949175015092
1556,1778,222,0.111,0.33800510173290965
1546,1773,227,0.1135,0.3424721729308367
1534,1767,233,0.1165,0.3365399454236576
1504,1752,248,0.124,0.34447470247745515
1592,1796,204,0.102,0.33561384577304126
1440,1720,280,0.14,0.3465903720408678
1478,1739,261,0.1305,0.3441353768631816
1592,1796,204,0.102,0.3340804522186518
1558,1779,221,0.1105,0.33948670014366505
1566,1783,217,0.1085,0.3341419861242175
1464,1732,268,0.134,0.34134780772402884
1498,1749,251,0.1255,0.3394479572623968
1512,1756,244,0.122,0.337113139034119
1544,1772,228,0.114,0.3366501296982169
1556,1778,222,0.111,0.3342543369978666
1546,1773,227,0.1135,0.3355963067263369
1618,1809,191,0.0955,0.32948276087641715
1456,1728,272,0.136,0.33743666315451265
1392,1696,304,0.152,0.34527772112935784
1586,1793,207,0.1035,0.3335007167287404
1522,1761,239,0.1195,0.3326498996913433
1554,1777,223,0.1115,0.3258123702332377
1528,1764,236,0.118,0.3304350109919906
1562,1781,219,0.1095,0.32364975136891005
1484,1742,258,0.129,0.32967027301900087
1570,1785,215,0.1075,0.32743105153739455
1502,1751,249,0.1245,0.3295554085187614
1556,1778,222,0.111,0.3229134892895818
1496,1748,252,0.126,0.3287538215890527
1522,1761,239,0.1195,0.3268855414125137
1482,1741,259,0.1295,0.325282055310905
1462,1731,269,0.1345,0.33204678904971113
1430,1715,285,0.1425,0.33238364094495776
1452,1726,274,0.137,0.32982112862914803
1472,1736,264,0.132,0.3309132308370317
1574,1787,213,0.1065,0.3300785010829568
1482,1741,259,0.1295,0.3316190847530961
1518,1759,241,0.1205,0.3336428923755884
1546,1773,227,0.1135,0.3298931389823556
1562,1781,219,0.1095,0.3291103556603193
1524,1762,238,0.119,0.3363434630483389
1486,1743,257,0.1285,0.33997986144560854
1544,1772,228,0.114,0.3345174822844565
1554,1777,223,0.1115,0.3361303773894906
1610,1805,195,0.0975,0.33346815176308153
1520,1760,240,0.12,0.3390263463667943
1498,1749,251,0.1255,0.34052559988200665
1524,1762,238,0.119,0.3371294449791312
1460,1730,270,0.135,0.3416426668218337
1558,1779,221,0.1105,0.33156865525059404
1508,1754,246,0.123,0.33898981935487243
1384,1692,308,0.154,0.346218181848526
1450,1725,275,0.1375,0.34246834159866557
1528,1764,236,0.118,0.33738145730178803
1598,1799,201,0.1005,0.33162838050843857
1518,1759,241,0.1205,0.33828247102349995
1464,1732,268,0.134,0.3447456932812929
1470,1735,265,0.1325,0.3386376395962143
1556,1778,222,0.111,0.33666628973931073
1520,1760,240,0.12,0.33409279813989995
1584,1792,208,0.104,0.33535786675164636
1502,1751,249,0.1245,0.3418568122535944
1442,1721,279,0.1395,0.3423206580318511
1494,1747,253,0.1265,0.341460010483861
1508,1754,246,0.123,0.3389718573763967
1546,1773,227,0.1135,0.33703941365331413
1506,1753,247,0.1235,0.3400865096561617
1624,1812,188,0.094,0.33131819461286066
1456,1728,272,0.136,0.3404624120146036
1466,1733,267,0.1335,0.3391121191345155
1606,1803,197,0.0985,0.3274797876402736
1488,1744,256,0.128,0.33567681031301616
1478,1739,261,0.1305,0.3338893677555025
1534,1767,233,0.1165,0.33587632458657024
1500,1750,250,0.125,0.3352198556885123
1532,1766,234,0.117,0.3286032224297524
1490,1745,255,0.1275,0.33299768243730066
1582,1791,209,0.1045,0.32456131745936
1568,1784,216,0.108,0.33136653930693866
1576,1788,212,0.106,0.32404203786700964
1516,1758,242,0.121,0.3285669602677226
1504,1752,248,0.124,0.32779490330815314
1506,1753,247,0.1235,0.3314573344811797
1470,1735,265,0.1325,0.33196007258445026
1612,1806,194,0.097,0.3212117201820947
1466,1733,267,0.1335,0.3312719247696805
1414,1707,293,0.1465,0.3328307964783162
1550,1775,225,0.1125,0.32413959624990824
1576,1788,212,0.106,0.3200825177278166
1560,1780,220,0.11,0.3222353092273697
1642,1821,179,0.0895,0.3197804296258837
1456,1728,272,0.136,0.3330288205298896
1528,1764,236,0.118,0.32320407929917566
1592,1796,204,0.102,0.31907556728087366
1448,1724,276,0.138,0.32639731734246014
1542,1771,229,0.1145,0.32350010228159953
1574,1787,213,0.1065,0.31878370875120166
1482,1741,259,0.1295,0.3244648317992687
1532,1766,234,0.117,0.3193738228753209
1508,1754,246,0.123,0.32189300447702407
1460,1730,270,0.135,0.3228298198538987
1486,1743,257,0.1285,0.32252467897232284
1508,1754,246,0.123,0.3225566743770614
1540,1770,230,0.115,0.316595993689727
1574,1787,213,0.1065,0.3174380262643099
1406,1703,297,0.1485,0.32855585069209337
1410,1705,295,0.1475,0.3314251365542336
1536,1768,232,0.116,0.32102418372035024
1434,1717,283,0.1415,0.32988846268986527
1568,1784,216,0.108,0.32013106071203945
1480,1740,260,0.13,0.33064061106089504
1458,1729,271,0.1355,0.3292161501348019
1510,1755,245,0.1225,0.32688046925514935
1546,1773,227,0.1135,0.32906791391968726
1562,1781,219,0.1095,0.3281908177062869
1548,1774,226,0.113,0.3257632353156805
1470,1735,265,0.1325,0.3368479433730245
1568,1784,216,0.108,0.3270260633230209
1454,1727,273,0.1365,0.33784577197581944
1584,1792,208,0.104,0.3275469265654683
1522,1761,239,0.1195,0.3318503250777721
1462,1731,269,0.1345,0.33480634820461275
1482,1741,259,0.1295,0.32942496707332747
1514,1757,243,0.1215,0.3275549777862034
1474,1737,263,0.1315,0.3332534776628017
1488,1744,256,0.128,0.32928856885814684
1498,1749,251,0.1255,0.3265322464779019
1544,1772,228,0.114,0.3241892415029433
1528,1764,236,0.118,0.3287242727652192
1540,1770,230,0.115,0.3272668247502297
1446,1723,277,0.1385,0.33102910817406916
1540,1770,230,0.115,0.3234367656707764
1454,1727,273,0.1365,0.32971863594651224
1488,1744,256,0.128,0.32425316225737333
1484,1742,258,0.129,0.33117878631799247
1536,1768,232,0.116,0.3231310335518792
1498,1749,251,0.1255,0.3245402656279548
1442,1721,279,0.1395,0.3279682902507484
1602,1801,199,0.0995,0.3154413756802678
1588,1794,206,0.103,0.318276690620929
1490,1745,255,0.1275,0.3220435935035348
1534,1767,233,0.1165,0.3194561127088964
1524,1762,238,0.119,0.3173709715305886
1556,1778,222,0.111,0.3148720681592822
1570,1785,215,0.1075,0.31098103456944226
1590,1795,205,0.1025,0.3162085068076849
1518,1759,241,0.1205,0.3171664667055011
1562,1781,219,0.1095,0.3187649502003378
1432,1716,284,0.142,0.32490036548832724
1462,1731,269,0.1345,0.3227991184666753
1492,1746,254,0.127,0.31826647106558087
1534,1767,233,0.1165,0.31819292026013135
1504,1752,248,0.124,0.317805441647768
1476,1738,262,0.131,0.3245116903409362
1526,1763,237,0.1185,0.31817271115630863
1422,1711,289,0.1445,0.32390347064845265
1540,1770,230,0.115,0.3190202645882964
1494,1747,253,0.1265,0.3227093026563525
1480,1740,260,0.13,0.3216006725368206
1548,1774,226,0.113,0.3223903227671981
1490,1745,255,0.1275,0.32876889749616384
1460,1730,270,0.135,0.3290548121184111
1522,1761,239,0.1195,0.3254876986173913
1536,1768,232,0.116,0.326803674351424
1500,1750,250,0.125,0.33106895367056133
1488,1744,256,0.128,0.33243313148920434
1410,1705,295,0.1475,0.3382401031777263
1538,1769,231,0.1155,0.33161621379277495
1570,1785,215,0.1075,0.3312177100367844
1614,1807,193,0.0965,0.3291274254620075
1560,1780,220,0.11,0.3333641969695808
1532,1766,234,0.117,0.32756118972599507
1586,1793,207,0.1035,0.32785808584932236
1576,1788,212,0.106,0.32744026520848274
1458,1729,271,0.1355,0.3321661994172391
1504,1752,248,0.124,0.3301653002022067
1502,1751,249,0.1245,0.3260861515251454
1462,1731,269,0.1345,0.33122709652159
1566,1783,217,0.1085,0.3266660442157652
1510,1755,245,0.1225,0.32682969031855463
1458,1729,271,0.1355,0.33172232879661895
1504,1752,248,0.124,0.32688873836025595
1570,1785,215,0.1075,0.3224344421625137
1470,1735,265,0.1325,0.3277182263541035
1508,1754,246,0.123,0.3267556959837675
1548,1774,226,0.113,0.3209951587919204
1494,1747,253,0.1265,0.3227290673186071
1514,1757,243,0.1215,0.324397331064567
1454,1727,273,0.1365,0.32858937519788745
1488,1744,256,0.128,0.32693606843054296
1498,1749,251,0.1255,0.33032004451751706
1510,1755,245,0.1225,0.327250277787447
1326,1663,337,0.1685,0.3418970552012324
1558,1779,221,0.1105,0.328582106359303
1516,1758,242,0.121,0.3292698043754729
1524,1762,238,0.119,0.33389986534416677
1446,1723,277,0.1385,0.3388496853634715
1564,1782,218,0.109,0.32726970791201315
1550,1775,225,0.1125,0.3327181202205538
1498,1749,251,0.1255,0.335429797179997
1458,1729,271,0.1355,0.3379598235785961
1428,1714,286,0.143,0.3429452493959252
1486,1743,257,0.1285,0.33312928648560775
1644,1822,178,0.089,0.32663093114644287
1466,1733,267,0.1335,0.33701505431160333
1536,1768,232,0.116,0.32983473132923247
1544,1772,228,0.114,0.33333135087788107
1546,1773,227,0.1135,0.32925964607298375
1542,1771,229,0.1145,0.3335576981604099
1562,1781,219,0.1095,0.3238828468024731
1472,1736,264,0.132,0.3283227606117725
1518,1759,241,0.1205,0.33159823225811125
1522,1761,239,0.1195,0.3277834261264652
1498,1749,251,0.1255,0.3302565373512916
1516,1758,242,0.121,0.32278195915091784
1502,1751,249,0.1245,0.32788849116489294
1568,1784,216,0.108,0.32420556761324404
1522,1761,239,0.1195,0.3183160774037242
1524,1762,238,0.119,0.3225475530629046
1518,1759,241,0.1205,0.3214271061271429
1458,1729,271,0.1355,0.3251031363196671
1510,1755,245,0.1225,0.3187623135186732
1520,1760,240,0.12,0.31960828813910486
1520,1760,240,0.12,0.3170966983512044
1574,1787,213,0.1065,0.31662836500728736
1484,1742,258,0.129,0.3159066504761577
1488,1744,256,0.128,0.3221945430636406
1532,1766,234,0.117,0.3123745477683842
1480,1740,260,0.13,0.3201595920920372
1540,1770,230,0.115,0.3137692922353745
1582,1791,209,0.1045,0.3159266627877951
1484,1742,258,0.129,0.3201246283649816
1474,1737,263,0.1315,0.3212049662396312
1448,1724,276,0.138,0.3238362688049674
1592,1796,204,0.102,0.3107534258142114
1562,1781,219,0.1095,0.31633309200033544
1530,1765,235,0.1175,0.3218433960080147
1506,1753,247,0.1235,0.31825892225652935
1554,1777,223,0.1115,0.32079464697209187
1506,1753,247,0.1235,0.3240967154055834
1468,1734,266,0.133,0.32672300315648317
1510,1755,245,0.1225,0.32294777979701755
1490,1745,255,0.1275,0.323033936906606
1430,1715,285,0.1425,0.32739067322760823
1572,1786,214,0.107,0.318601479768753
1516,1758,242,0.121,0.3244127650111914
1508,1754,246,0.123,0.32802735989540815
1534,1767,233,0.1165,0.3256531801372767
1466,1733,267,0.1335,0.33070455568283796
1592,1796,204,0.102,0.3180267650410533
1468,1734,266,0.133,0.33172875137772645
1518,1759,241,0.1205,0.3261176081122867
1450,1725,275,0.1375,0.3274536443203688
1438,1719,281,0.1405,0.33139527463912966
1554,1777,223,0.1115,0.325322051984258
1498,1749,251,0.1255,0.33002158857136965
1540,1770,230,0.115,0.3256194726265967
1570,1785,215,0.1075,0.32265228417225444
1462,1731,269,0.1345,0.3323417526707053
1490,1745,255,0.1275,0.327902057081461
1588,1794,206,0.103,0.32238602357357743
1516,1758,242,0.121,0.3259862232711166
1432,1716,284,0.142,0.3270223404772114
1546,1773,227,0.1135,0.32156339839613063
1532,1766,234,0.117,0.32176142974942923
1546,1773,227,0.1135,0.32148730182554575
1532,1766,234,0.117,0.3255225980710238
1512,1756,244,0.122,0.3277380073145032
1412,1706,294,0.147,0.32902590567147855
1482,1741,259,0.1295,0.32808332191140654
1548,1774,226,0.113,0.32611460430920125
1466,1733,267,0.1335,0.33114423233522483
1464,1732,268,0.134,0.3366352700665593
1538,1769,231,0.1155,0.3256506627462804
1536,1768,232,0.116,0.3256153902928345
1516,1758,242,0.121,0.324701012738049
1584,1792,208,0.104,0.3244474335573614
1570,1785,215,0.1075,0.32185397287621165
1540,1770,230,0.115,0.3249313201531768
1486,1743,257,0.1285,0.3295281818062067
1496,1748,252,0.126,0.32916576793417335
1546,1773,227,0.1135,0.32709060835838316
1514,1757,243,0.1215,0.3243647924512625
1518,1759,241,0.1205,0.3245983014926314
1482,1741,259,0.1295,0.3284576282501221
1578,1789,211,0.1055,0.3209622130096941
1490,1745,255,0.1275,0.3248298945778515
1588,1794,206,0.103,0.31766174850612877
1438,1719,281,0.1405,0.3260204639285803
1498,1749,251,0.1255,0.32090717025619914
1452,1726,274,0.137,0.3301664753109217
1504,1752,248,0.124,0.32355607151798904
1458,1729,271,0.1355,0.32759882394224404
1524,1762,238,0.119,0.32048663989454507
1564,1782,218,0.109,0.3178623448405415
1466,1733,267,0.1335,0.32721585995703933
1538,1769,231,0.1155,0.3295153928101063
1504,1752,248,0.124,0.3267027146774344
1502,1751,249,0.1245,0.3254157737120986
1508,1754,246,0.123,0.32977141478657723
1466,1733,267,0.1335,0.33201135181635616
1488,1744,256,0.128,0.32630196079355667
1530,1765,235,0.1175,0.3284297151118517
1484,1742,258,0.129,0.33270015070587394
1484,1742,258,0.129,0.33362361282855274
1542,1771,229,0.1145,0.3300816473170998
1464,1732,268,0.134,0.3367718845587806
1474,1737,263,0.1315,0.33416801238805055
1586,1793,207,0.1035,0.3277669557258487
1602,1801,199,0.0995,0.3255179818794131
1508,1754,246,0.123,0.33277489618211986
1538,1769,231,0.1155,0.33265777184069156
1524,1762,238,0.119,0.33451269107311965
1580,1790,210,0.105,0.3272737892046878
1524,1762,238,0.119,0.3316745479293168
1560,1780,220,0.11,0.32878208750486376
1568,1784,216,0.108,0.32527477750182154
1562,1781,219,0.1095,0.32712028183043
1394,1697,303,0.1515,0.3396811096966267
1494,1747,253,0.1265,0.33199708443135023
1632,1816,184,0.092,0.31907230193028224
1528,1764,236,0.118,0.32454628927260637
1532,1766,234,0.117,0.3224358540326357
1526,1763,237,0.1185,0.3250306328877341
1508,1754,246,0.123,0.31733049217611553
1532,1766,234,0.117,0.3193680872963741
1520,1760,240,0.12,0.31865505453944204
1534,1767,233,0.1165,0.3181027176491916
1438,1719,281,0.1405,0.3272296020254726
1438,1719,281,0.1405,0.324353308878839
1456,1728,272,0.136,0.32238664865493777
1478,1739,261,0.1305,0.32471853306144477
1486,1743,257,0.1285,0.32574195168493314
1438,1719,281,0.1405,0.32628956296225076
1508,1754,246,0.123,0.32111895517379163
1566,1783,217,0.1085,0.3215283271744847
1536,1768,232,0.116,0.32936371617764254
1532,1766,234,0.117,0.32579531194227457
1422,1711,289,0.1445,0.3373986092582345
1460,1730,270,0.135,0.33342116281948986
1502,1751,249,0.1245,0.33689749155938625
1488,1744,256,0.128,0.3370607180520892
1594,1797,203,0.1015,0.3312699613124132
1568,1784,216,0.108,0.33710239759301475
1600,1800,200,0.1,0.3275544304698706
1612,1806,194,0.097,0.3319077403098345
1454,1727,273,0.1365,0.3395339291617274
1578,1789,211,0.1055,0.33141133199213074
1504,1752,248,0.124,0.3364024146720767
1606,1803,197,0.0985,0.32739149904996157
1550,1775,225,0.1125,0.33194015878997746
1608,1804,196,0.098,0.3242605075314641
1552,1776,224,0.112,0.3271544362679124
1518,1759,241,0.1205,0.32690758533775804
1512,1756,244,0.122,0.3269396272227168
1460,1730,270,0.135,0.33350287680188195
1492,1746,254,0.127,0.32702672570198776
1480,1740,260,0.13,0.32446603823585246
1562,1781,219,0.1095,0.32068203426897524
1508,1754,246,0.123,0.32554855839908126
1534,1767,233,0.1165,0.32450912513816726
1576,1788,212,0.106,0.3166036411738023
1536,1768,232,0.116,0.32113035847246646
1590,1795,205,0.1025,0.3189706335030496
1446,1723,277,0.1385,0.3281028403043747
1558,1779,221,0.1105,0.31746191791072487
1552,1776,224,0.112,0.31431635915488004
1596,1798,202,0.101,0.3127817450715229
1506,1753,247,0.1235,0.32092326575517655
1428,1714,286,0.143,0.32669032803550363
1474,1737,263,0.1315,0.3226807686028473
1548,1774,226,0.113,0.31457093089073895
1482,1741,259,0.1295,0.3233798321969807
1486,1743,257,0.1285,0.32457089187204835
1584,1792,208,0.104,0.3168232896849513
1528,1764,236,0.118,0.32116303641162813
1576,1788,212,0.106,0.32014370582293816
1496,1748,252,0.126,0.3248845210908257
1498,1749,251,0.1255,0.32566595140844584
1554,1777,223,0.1115,0.3212697834633291
1490,1745,255,0.1275,0.327551979373442
1402,1701,299,0.1495,0.3339771027341485
1594,1797,203,0.1015,0.3205785794965923
1450,1725,275,0.1375,0.33116233845171517
1532,1766,234,0.117,0.3242967344206345
1614,1807,193,0.0965,0.318453423820436
1530,1765,235,0.1175,0.32474820175021885
1470,1735,265,0.1325,0.330695378895849
1488,1744,256,0.128,0.3293185465186834
1564,1782,218,0.109,0.32473494359105826
1480,1740,260,0.13,0.32705398936907293
1530,1765,235,0.1175,0.3252534489110112
1562,1781,219,0.1095,0.3265548141412437
1582,1791,209,0.1045,0.3221485194507277
1578,1789,211,0.1055,0.32160737780481574
1560,1780,220,0.11,0.32256173763982954
1540,1770,230,0.115,0.3231289746686816
1572,1786,214,0.107,0.31861563234217466
1540,1770,230,0.115,0.3214776991587132
1526,1763,237,0.1185,0.3224711237922311
1514,1757,243,0.1215,0.32268196012079714
1498,1749,251,0.1255,0.3221280141620082
1518,1759,241,0.1205,0.32155834533111194
1518,1759,241,0.1205,0.31892178859747944
1598,1799,201,0.1005,0.3112196371778846
1518,1759,241,0.1205,0.31716014175595775
1524,1762,238,0.119,0.32453405418992043
1498,1749,251,0.1255,0.3177643898107344
1576,1788,212,0.106,0.31392669715827376
1492,1746,254,0.127,0.3195738538578153
1416,1708,292,0.146,0.3274756855200976
1466,1733,267,0.1335,0.3242242878973484
1532,1766,234,0.117,0.3180084012746811
1508,1754,246,0.123,0.31841068467497824
1516,1758,242,0.121,0.3199321784619242
1440,1720,280,0.14,0.32095559529215095
1470,1735,265,0.1325,0.32440335098281503
1530,1765,235,0.1175,0.32307247041165826
1538,1769,231,0.1155,0.3224747593104839
1562,1781,219,0.1095,0.31994451167495574
1458,1729,271,0.1355,0.3289630655758083
1518,1759,241,0.1205,0.32351212814450264
1514,1757,243,0.1215,0.32224836401641777
1512,1756,244,0.122,0.32335562547296287
1588,1794,206,0.103,0.31556972066313027
1594,1797,203,0.1015,0.3164938896074891
1476,1738,262,0.131,0.3269412168376148
1506,1753,247,0.1235,0.3202341167777777
1394,1697,303,0.1515,0.32547026919573546
1524,1762,238,0.119,0.31722748305689036
1500,1750,250,0.125,0.3219143703840673
1556,1778,222,0.111,0.3191813329309225
1500,1750,250,0.125,0.315632703628391
1548,1774,226,0.113,0.31356793376244607
1408,1704,296,0.148,0.324042389318347
1584,1792,208,0.104,0.3110600054264069
1460,1730,270,0.135,0.31618760177120564
1524,1762,238,0.119,0.3138223430514336
1554,1777,223,0.1115,0.3101365844085813
1570,1785,215,0.1075,0.3105228332579136
1554,1777,223,0.1115,0.31114702289318663
1510,1755,245,0.1225,0.31048414900898935
1530,1765,235,0.1175,0.308881402649451
1520,1760,240,0.12,0.31046536967903376
1498,1749,251,0.1255,0.3115535339321214
1556,1778,222,0.111,0.30292855293973114
1558,1779,221,0.1105,0.30528342457162216
1484,1742,258,0.129,0.31181145236641167
1428,1714,286,0.143,0.3146901167454198
1544,1772,228,0.114,0.30564459050924053
1532,1766,234,0.117,0.3078996465727687
1546,1773,227,0.1135,0.3048680253215682
1550,1775,225,0.1125,0.3108023880561814
1506,1753,247,0.1235,0.3107265226095915
1522,1761,239,0.1195,0.31051348335668444
1512,1756,244,0.122,0.3085079080807045
1506,1753,247,0.1235,0.3115238798521459
1494,1747,253,0.1265,0.30728033106029035
1512,1756,244,0.122,0.3123119421433657
1510,1755,245,0.1225,0.31273993678949774
1568,1784,216,0.108,0.3084468384608626
1548,1774,226,0.113,0.311213671579957
1550,1775,225,0.1125,0.308701465391081
1514,1757,243,0.1215,0.31588702464899504
1528,1764,236,0.118,0.31184489842504265
1478,1739,261,0.1305,0.3181890210509361
1554,1777,223,0.1115,0.308325265340507
1442,1721,279,0.1395,0.3176315546184778
1538,1769,231,0.1155,0.31138785314187406
1506,1753,247,0.1235,0.3129975891157874
1540,1770,230,0.115,0.30887461094744506
1498,1749,251,0.1255,0.31600585816800597
1434,1717,283,0.1415,0.31881066283024845
1476,1738,262,0.131,0.3137526310607791
1558,1779,221,0.1105,0.31191519402566303
1522,1761,239,0.1195,0.3144275220411364
1496,1748,252,0.126,0.315898316586623
1470,1735,265,0.1325,0.3190002615544072
1540,1770,230,0.115,0.31198822834342715
1448,1724,276,0.138,0.3210509054275899
1492,1746,254,0.127,0.3173406292125583
1582,1791,209,0.1045,0.3137302798703313
1492,1746,254,0.127,0.32253655268996956
1512,1756,244,0.122,0.319905900914222
1508,1754,246,0.123,0.3259630988556892
1470,1735,265,0.1325,0.32433374420180916
1480,1740,260,0.13,0.32347404420562087
1520,1760,240,0.12,0.3219449262917042
1492,1746,254,0.127,0.32495703530311587
1472,1736,264,0.132,0.32272982015646995
1512,1756,244,0.122,0.3209160248339176
1600,1800,200,0.1,0.3145771749783307
1542,1771,229,0.1145,0.323035306699574
1472,1736,264,0.132,0.3268191837668419
1530,1765,235,0.1175,0.32460868065059184
1548,1774,226,0.113,0.3192558229342103
1558,1779,221,0.1105,0.3156716196760535
1466,1733,267,0.1335,0.32619927476346494
1544,1772,228,0.114,0.32061530388891696
1522,1761,239,0.1195,0.32092137091606854
1500,1750,250,0.125,0.31980166455358267
1552,1776,224,0.112,0.3192568718791008
1576,1788,212,0.106,0.3137925610616803
1372,1686,314,0.157,0.32880649792402983
1496,1748,252,0.126,0.31708769471943377
1566,1783,217,0.1085,0.31400394785404206
1568,1784,216,0.108,0.31250509374029933
1516,1758,242,0.121,0.3192637521624565
1578,1789,211,0.1055,0.31203752136975527
1556,1778,222,0.111,0.3102178145200014
1528,1764,236,0.118,0.31144675735384225
1520,1760,240,0.12,0.3147202821150422
1492,1746,254,0.127,0.31207376435771583
1478,1739,261,0.1305,0.31545272825844584
1588,1794,206,0.103,0.30516256254166363
1488,1744,256,0.128,0.3104881584286183
1592,1796,204,0.102,0.308108256842941
1468,1734,266,0.133,0.3158982558923926
1520,1760,240,0.12,0.310552422080189
1542,1771,229,0.1145,0.3109791256636381
1496,1748,252,0.126,0.312828994769603
1470,1735,265,0.1325,0.31560805785283447
1408,1704,296,0.148,0.3245066354079172
1514,1757,243,0.1215,0.31356308873184024
1558,1779,221,0.1105,0.3091286398395896
1464,1732,268,0.134,0.32136256160587073
1582,1791,209,0.1045,0.30906314884871244
1630,1815,185,0.0925,0.30450236607342956
1542,1771,229,0.1145,0.3107001582980156
1556,1778,222,0.111,0.3075141169652343
1500,1750,250,0.125,0.3124147944971919
1454,1727,273,0.1365,0.3152745987456292
1548,1774,226,0.113,0.31252005392499266
1514,1757,243,0.1215,0.3132483075335622
1488,1744,256,0.128,0.31728371827676893
1552,1776,224,0.112,0.3114440699573024
1494,1747,253,0.1265,0.3097100091407428
1492,1746,254,0.127,0.316213189702481
1508,1754,246,0.123,0.31123030656203626
1518,1759,241,0.1205,0.3091475107371807
1406,1703,297,0.1485,0.3122287856632829
1452,1726,274,0.137,0.31822237849980595
1562,1781,219,0.1095,0.30674864166136834
1488,1744,256,0.128,0.3081526481807232
1494,1747,253,0.1265,0.31464700515940786
1560,1780,220,0.11,0.3116712826930452
1518,1759,241,0.1205,0.3138510079756379
1556,1778,222,0.111,0.30415835580974815
1400,1700,300,0.15,0.31726639907807114
1434,1717,283,0.1415,0.31843448483198883
1484,1742,258,0.129,0.31506291490606964
1568,1784,216,0.108,0.3132385422311068
1524,1762,238,0.119,0.31736668817698954
1598,1799,201,0.1005,0.31034208279290126
1528,1764,236,0.118,0.31225698069483043
1530,1765,235,0.1175,0.31295453909784554
1504,1752,248,0.124,0.30880382362380626
1598,1799,201,0.1005,0.30689373119175434
1468,1734,266,0.133,0.3150670968964696
1486,1743,257,0.1285,0.3138386414274573
1564,1782,218,0.109,0.31066373269818726
1484,1742,258,0.129,0.319567746989429
1566,1783,217,0.1085,0.31174024377018217
1504,1752,248,0.124,0.3170230988934636
1496,1748,252,0.126,0.3139678993150592
1528,1764,236,0.118,0.3141360521318101
1512,1756,244,0.122,0.31290242641419175
1540,1770,230,0.115,0.3152452876791358
1400,1700,300,0.15,0.32079138069599866
1470,1735,265,0.1325,0.3240442618653178
1510,1755,245,0.1225,0.316382566049695
1496,1748,252,0.126,0.3202075490541756
1530,1765,235,0.1175,0.3181835233643651
1474,1737,263,0.1315,0.32008764990046623
1506,1753,247,0.1235,0.3197404165267944
1534,1767,233,0.1165,0.3170080343298614
1472,1736,264,0.132,0.3215364302818198
1626,1813,187,0.0935,0.31373742103576663
1590,1795,205,0.1025,0.31470240888788703
1554,1777,223,0.1115,0.31675240528397264
1436,1718,282,0.141,0.3258539089486003
1560,1780,220,0.11,0.3177892945556743
1594,1797,203,0.1015,0.31323250499367716
1568,1784,216,0.108,0.3166766248047352
1508,1754,246,0.123,0.31768227843940255
1548,1774,226,0.113,0.31275842515379193
1538,1769,231,0.1155,0.3120891720242798
1594,1797,203,0.1015,0.3080269144028425
1524,1762,238,0.119,0.3087189025208354
1468,1734,266,0.133,0.3154117533082608
1518,1759,241,0.1205,0.3143178918492049
1528,1764,236,0.118,0.3139069663695991
1588,1794,206,0.103,0.30691827131382887
1440,1720,280,0.14,0.3190699617862701
1446,1723,277,0.1385,0.3194288001950481
1458,1729,271,0.1355,0.3167647252148018
1550,1775,225,0.1125,0.30920525808632376
1484,1742,258,0.129,0.31906999311596157
1484,1742,258,0.129,0.32139790245890615
1596,1798,202,0.101,0.3159560098946094
1532,1766,234,0.117,0.31903795993328093
1594,1797,203,0.1015,0.3109579822346568
1540,1770,230,0.115,0.3155150189325213
1490,1745,255,0.1275,0.3174329314753413
1458,1729,271,0.1355,0.3215714624449611
1506,1753,247,0.1235,0.32322286784100107
1474,1737,263,0.1315,0.3206665819771588
1506,1753,247,0.1235,0.3218324810483764
1556,1778,222,0.111,0.3214407877922058
1604,1802,198,0.099,0.31724949803948405
1608,1804,196,0.098,0.3158058489266244
1556,1778,222,0.111,0.3196699340119958
1574,1787,213,0.1065,0.31467970253527167
1466,1733,267,0.1335,0.32476263702008873
1524,1762,238,0.119,0.3177305634692311
1540,1770,230,0.115,0.3166772894226015
1558,1779,221,0.1105,0.31161302169039845
1480,1740,260,0.13,0.32005727281142027
1496,1748,252,0.126,0.31781527008861304
1616,1808,192,0.096,0.30604060741513966
1574,1787,213,0.1065,0.3083600775822997
1532,1766,234,0.117,0.3127289825733751
1492,1746,254,0.127,0.3135038609132171
1462,1731,269,0.1345,0.3165946034118533
1464,1732,268,0.134,0.3161934866830707
1556,1778,222,0.111,0.3090223592296243
1514,1757,243,0.1215,0.3127783239111304
1514,1757,243,0.1215,0.31195184590108693
1538,1769,231,0.1155,0.3114843987494572
1500,1750,250,0.125,0.3151084341146052
1518,1759,241,0.1205,0.31120359227922745
1564,1782,218,0.109,0.3073466645888984
1502,1751,249,0.1245,0.31497328568995
1488,1744,256,0.128,0.3157973293857649
1462,1731,269,0.1345,0.3146741420328617
1622,1811,189,0.0945,0.30666409930586813
1494,1747,253,0.1265,0.3170253097647801
1554,1777,223,0.1115,0.3135834439843893
1464,1732,268,0.134,0.3205967931597719
1548,1774,226,0.113,0.31563334235548973
1586,1793,207,0.1035,0.3121543246656656
1474,1737,263,0.1315,0.3210095525428056
1468,1734,266,0.133,0.31931293397163973
1418,1709,291,0.1455,0.3255135255269706
1494,1747,253,0.1265,0.32273871029913426
1576,1788,212,0.106,0.3135918940678239
1394,1697,303,0.1515,0.32926641443185506
1574,1787,213,0.1065,0.3176662376075983
1636,1818,182,0.091,0.31403796485171187
1494,1747,253,0.1265,0.3224137524403632
1610,1805,195,0.0975,0.3164124481976032
1526,1763,237,0.1185,0.3208916025045328
1576,1788,212,0.106,0.31596947560692207
1562,1781,219,0.1095,0.3115146048069
1438,1719,281,0.1405,0.3215531611442566
1592,1796,204,0.102,0.3124347852463834
1508,1754,246,0.123,0.3153296254239976
1518,1759,241,0.1205,0.3118777060210731
1514,1757,243,0.1215,0.3119843026753515
1514,1757,243,0.1215,0.3127463939152658
1498,1749,251,0.1255,0.3139905489128229
1448,1724,276,0.138,0.3176746784001589
1580,1790,210,0.105,0.304814508728683
1460,1730,270,0.135,0.31393320839852096
1480,1740,260,0.13,0.3111445952341892
1572,1786,214,0.107,0.3018940118141472
1542,1771,229,0.1145,0.3084973860848695
1588,1794,206,0.103,0.3030167644917965
1480,1740,260,0.13,0.31011705674231055
1506,1753,247,0.1235,0.3070809353142977
1504,1752,248,0.124,0.30278113089129327
1592,1796,204,0.102,0.3027476033754647
1530,1765,235,0.1175,0.3062949347253889
1566,1783,217,0.1085,0.3029672907218337
1484,1742,258,0.129,0.30462240825966
1564,1782,218,0.109,0.30124062617123126
1522,1761,239,0.1195,0.30457192650437354
1558,1779,221,0.1105,0.30206226886808873
1486,1743,257,0.1285,0.3017651968225837
1608,1804,196,0.098,0.2956076726540923
1462,1731,269,0.1345,0.3070431482344866
1580,1790,210,0.105,0.2986314090863882
1502,1751,249,0.1245,0.3039668702185154
1480,1740,260,0.13,0.3038859433829784
1560,1780,220,0.11,0.30218320774286983
1500,1750,250,0.125,0.31027089405059816
1540,1770,230,0.115,0.30507411047816274
1482,1741,259,0.1295,0.31034724055649715
1538,1769,231,0.1155,0.30684402690827844
1460,1730,270,0.135,0.31634055371704745
1564,1782,218,0.109,0.3118022926673293
1448,1724,276,0.138,0.3154804357513785
1448,1724,276,0.138,0.3181704577878118
1478,1739,261,0.1305,0.31810708668082954
1592,1796,204,0.102,0.3112565119676292
1540,1770,230,0.115,0.30995786977559325
1544,1772,228,0.114,0.3119209969826043
1556,1778,222,0.111,0.31268688330054284
1516,1758,242,0.121,0.3138691856670193
1582,1791,209,0.1045,0.30768719577789305
1578,1789,211,0.1055,0.30828404065771753
1532,1766,234,0.117,0.31337237520662165
1508,1754,246,0.123,0.3130903903618455
1500,1750,250,0.125,0.31307296884804964
1440,1720,280,0.14,0.3117329724955489
1520,1760,240,0.12,0.3086907851060387
1562,1781,219,0.1095,0.3061800509514403
1586,1793,207,0.1035,0.3024232294391841
1464,1732,268,0.134,0.3110298467297107
1468,1734,266,0.133,0.3065215397995075
1532,1766,234,0.117,0.3051512581408024
1542,1771,229,0.1145,0.3062999848928301
1524,1762,238,0.119,0.30384512785917106
1556,1778,222,0.111,0.30282987854070964
1486,1743,257,0.1285,0.30729738503694537
1458,1729,271,0.1355,0.3079064385164529
1450,1725,275,0.1375,0.30798048364115016
1526,1763,237,0.1185,0.3036171834008419
1480,1740,260,0.13,0.31145726816356184
1540,1770,230,0.115,0.3062745749525202
1540,1770,230,0.115,0.30444694684445855
1500,1750,250,0.125,0.308925875492394
1556,1778,222,0.111,0.3068620687648654
1478,1739,261,0.1305,0.313150351356715
1420,1710,290,0.145,0.31203762321174144
1506,1753,247,0.1235,0.31330433394759893
1476,1738,262,0.131,0.3143561135828495
1514,1757,243,0.1215,0.3115318785905838
1492,1746,254,0.127,0.31561314053088424
1580,1790,210,0.105,0.3092384812161326
1554,1777,223,0.1115,0.3145258631408215
1592,1796,204,0.102,0.3129710804708302
1582,1791,209,0.1045,0.3075055984631181
1516,1758,242,0.121,0.31403800159692763
1578,1789,211,0.1055,0.31016719923913477
1504,1752,248,0.124,0.31462443371117116
1376,1688,312,0.156,0.31561178131957424
1562,1781,219,0.1095,0.3079593641832471
1480,1740,260,0.13,0.31260529274493454
1534,1767,233,0.1165,0.3053804241158068
1526,1763,237,0.1185,0.30808965224772694
1552,1776,224,0.112,0.3079907235056162
1516,1758,242,0.121,0.31060206832036785
1532,1766,234,0.117,0.31190158950537444
1532,1766,234,0.117,0.306828242802927
1516,1758,242,0.121,0.30520129688084124
1544,1772,228,0.114,0.3057553549408913
1486,1743,257,0.1285,0.30760419418197127
1556,1778,222,0.111,0.30476382274925706
1532,1766,234,0.117,0.30617247650399804
1472,1736,264,0.132,0.3119914865089922
1450,1725,275,0.1375,0.31225035271421075
1594,1797,203,0.1015,0.3029332503974438
1506,1753,247,0.1235,0.3089352839338398
1532,1766,234,0.117,0.3051607066877186
1464,1732,268,0.134,0.3091228530090302
1490,1745,255,0.1275,0.3069108145982027
1614,1807,193,0.0965,0.3064123666768428
1538,1769,231,0.1155,0.3061826318874955
1548,1774,226,0.113,0.304002147462219
1562,1781,219,0.1095,0.304280105676502
1500,1750,250,0.125,0.3136970761604607
1446,1723,277,0.1385,0.31778280942887066
1462,1731,269,0.1345,0.31338542156666516
1412,1706,294,0.147,0.319509531326592
1538,1769,231,0.1155,0.3146764483302832
1544,1772,228,0.114,0.3130430812686682
1614,1807,193,0.0965,0.3073917881548405
1594,1797,203,0.1015,0.30385325879053426
1448,1724,276,0.138,0.31876793152373284
1540,1770,230,0.115,0.3086943345218897
1530,1765,235,0.1175,0.3088849234506488
1500,1750,250,0.125,0.3149116474762559
1518,1759,241,0.1205,0.3112839887961745
1588,1794,206,0.103,0.30427299909293654
1574,1787,213,0.1065,0.308538575142622
1566,1783,217,0.1085,0.30484186878427866
1496,1748,252,0.126,0.30930540450848637
1526,1763,237,0.1185,0.3081788715645671
1506,1753,247,0.1235,0.31061273480951784
1460,1730,270,0.135,0.3143400145024061
1498,1749,251,0.1255,0.3128512855395675
1588,1794,206,0.103,0.3113467867076397
1528,1764,236,0.118,0.31389635548740624
1512,1756,244,0.122,0.31517469286173583
1558,1779,221,0.1105,0.31325256575644017
1542,1771,229,0.1145,0.309421695895493
1532,1766,234,0.117,0.31326482113450765
1534,1767,233,0.1165,0.3085545426607132
1578,1789,211,0.1055,0.30865736907720565
1510,1755,245,0.1225,0.312040605828166
1406,1703,297,0.1485,0.31759983803331854
1590,1795,205,0.1025,0.3048468712568283
1524,1762,238,0.119,0.30899267809093
1424,1712,288,0.144,0.32036037861392835
1466,1733,267,0.1335,0.3131987724900246
1508,1754,246,0.123,0.3163896106956527
1606,1803,197,0.0985,0.3048453524559736
1496,1748,252,0.126,0.31481076502721406
1500,1750,250,0.125,0.3121076132245362
1534,1767,233,0.1165,0.31000575789809226
1582,1791,209,0.1045,0.3066123950779438
1484,1742,258,0.129,0.31479615407437084
1442,1721,279,0.1395,0.3185008324949813
1562,1781,219,0.1095,0.3087950994670391
1550,1775,225,0.1125,0.3087810573279858
1520,1760,240,0.12,0.3120571103077382
1426,1713,287,0.1435,0.3194042329494841
1580,1790,210,0.105,0.30663265055418015
1516,1758,242,0.121,0.31219167131907305
1480,1740,260,0.13,0.31300315498560666
1512,1756,244,0.122,0.31315756428986785
1494,1747,253,0.1265,0.31083418311085553
1478,1739,261,0.1305,0.31326460832357406
1462,1731,269,0.1345,0.3125505925100297
1536,1768,232,0.116,0.30771241151168943
1508,1754,246,0.123,0.31345869818346184
1564,1782,218,0.109,0.3101687750443816
1406,1703,297,0.1485,0.32106300816731526
1568,1784,216,0.108,0.30751128609478473
1572,1786,214,0.107,0.30636270256340503
1534,1767,233,0.1165,0.30836270038038494
1446,1723,277,0.1385,0.31233231861144306
1482,1741,259,0.1295,0.31297218044963665
1508,1754,246,0.123,0.3130358596560545
1508,1754,246,0.123,0.305683747602161
1590,1795,205,0.1025,0.30167080826312304
1476,1738,262,0.131,0.3065090181918349
1520,1760,240,0.12,0.30783608303777876
1580,1790,210,0.105,0.30177791020274164
1564,1782,218,0.109,0.30336718743667007
1418,1709,291,0.1455,0.31151782380789517
1488,1744,256,0.128,0.30302627680695804
1486,1743,257,0.1285,0.3067037801109254
1548,1774,226,0.113,0.3043115065023303
1508,1754,246,0.123,0.30578963880240917
1540,1770,230,0.115,0.29801130943000315
1570,1785,215,0.1075,0.3019654009565711
1486,1743,257,0.1285,0.3033951157256961
1534,1767,233,0.1165,0.300891335695982
1548,1774,226,0.113,0.30246928105503323
1502,1751,249,0.1245,0.299625059440732
1534,1767,233,0.1165,0.29785417298972605
1504,1752,248,0.124,0.29939655981212854
1544,1772,228,0.114,0.2947853803187609
1560,1780,220,0.11,0.2950391694828868
1506,1753,247,0.1235,0.29482505651563407
1476,1738,262,0.131,0.2961786814930404
1550,1775,225,0.1125,0.291053855471313
1492,1746,254,0.127,0.29781262055039404
1498,1749,251,0.1255,0.2968581061144155
1480,1740,260,0.13,0.29671565047651527
1588,1794,206,0.103,0.2899168499313388
1502,1751,249,0.1245,0.2959653562456369
1614,1807,193,0.0965,0.2829837579280138
1486,1743,257,0.1285,0.295456799544394
1438,1719,281,0.1405,0.299158782617189
1538,1769,231,0.1155,0.29363069250434637
1554,1777,223,0.1115,0.2910943579301238
1452,1726,274,0.137,0.29422869805246593
1538,1769,231,0.1155,0.2884138810187578
1462,1731,269,0.1345,0.29588856717689427
1468,1734,266,0.133,0.295116644570604
1480,1740,260,0.13,0.29355778823792933
1488,1744,256,0.128,0.29156863565757524
1490,1745,255,0.1275,0.2921422303020954
1552,1776,224,0.112,0.2902971777096391
1468,1734,266,0.133,0.29730703827738764
1510,1755,245,0.1225,0.2989729748144746
1546,1773,227,0.1135,0.29464858458936216
1542,1771,229,0.1145,0.2966371027827263
1542,1771,229,0.1145,0.29638730570301414
1534,1767,233,0.1165,0.29729441639780996
1478,1739,261,0.1305,0.3000261127911508
1468,1734,266,0.133,0.3030930806305259
1586,1793,207,0.1035,0.2952632971405983
1524,1762,238,0.119,0.3000915930718184
1536,1768,232,0.116,0.29890895025432107
1482,1741,259,0.1295,0.30411784357577565
1518,1759,241,0.1205,0.3008829616755247
1512,1756,244,0.122,0.30260012877784903
1544,1772,228,0.114,0.298428568854928
1468,1734,266,0.133,0.3000979466914819
1444,1722,278,0.139,0.30653420055285097
1474,1737,263,0.1315,0.3023830984029919
1538,1769,231,0.1155,0.3020249522253871
1468,1734,266,0.133,0.3074699374884367
1492,1746,254,0.127,0.30633019217662516
1522,1761,239,0.1195,0.304533114746213
1470,1735,265,0.1325,0.31077714783677945
1562,1781,219,0.1095,0.3043451323881745
1572,1786,214,0.107,0.3025152260288596
1504,1752,248,0.124,0.3028541707359254
1476,1738,262,0.131,0.3044260469302535
1526,1763,237,0.1185,0.3038328220620751
1524,1762,238,0.119,0.30760089099407195
1482,1741,259,0.1295,0.3112872673422098
1602,1801,199,0.0995,0.2971293953447603
1518,1759,241,0.1205,0.29615782519429923
1550,1775,225,0.1125,0.2990381906926632
1544,1772,228,0.114,0.2991956494003534
1538,1769,231,0.1155,0.2959227593615651
1474,1737,263,0.1315,0.3002776342603627
1500,1750,250,0.125,0.29862973010540006
1520,1760,240,0.12,0.3006238666029178
1516,1758,242,0.121,0.30133266723155977
1478,1739,261,0.1305,0.3046101730638184
1544,1772,228,0.114,0.2995127341374755
1514,1757,243,0.1215,0.2977629778832197
1564,1782,218,0.109,0.2930360723626508
1608,1804,196,0.098,0.2903505866974592
1506,1753,247,0.1235,0.2978277772217989
1534,1767,233,0.1165,0.2956296257376671
1424,1712,288,0.144,0.3016377986967564
1514,1757,243,0.1215,0.299688453771174
1570,1785,215,0.1075,0.2922245410662144
1534,1767,233,0.1165,0.2950002254731953
1518,1759,241,0.1205,0.2986273700008169
1456,1728,272,0.136,0.30378997898101806
1546,1773,227,0.1135,0.29987301073223355
1490,1745,255,0.1275,0.3039313847050071
1520,1760,240,0.12,0.30103467354923485
1496,1748,252,0.126,0.30509145868569615
1528,1764,236,0.118,0.3058530344783549
1454,1727,273,0.1365,0.31030105268210173
1484,1742,258,0.129,0.30915539030730727
1518,1759,241,0.1205,0.30999299038946626
1514,1757,243,0.1215,0.30532097174227235
1536,1768,232,0.116,0.3104993221238255
1458,1729,271,0.1355,0.31540240928530694
1518,1759,241,0.1205,0.30919628821872175
1424,1712,288,0.144,0.31775578801706433
1540,1770,230,0.115,0.3126080772727728
1536,1768,232,0.116,0.3084815443828702
1536,1768,232,0.116,0.3173649936467409
1610,1805,195,0.0975,0.3075066620185971
1476,1738,262,0.131,0.3194519836679101
1526,1763,237,0.1185,0.3182626208588481
1570,1785,215,0.1075,0.31483336399123074
1550,1775,225,0.1125,0.31407109429687263
1566,1783,217,0.1085,0.3135668011382222
1618,1809,191,0.0955,0.30971873600315303
1508,1754,246,0.123,0.3134715677612235
1570,1785,215,0.1075,0.3053906987309456
1550,1775,225,0.1125,0.3075609433550853
1540,1770,230,0.115,0.30304714234918356
1514,1757,243,0.1215,0.305746542006731
1504,1752,248,0.124,0.3035237859878689
1578,1789,211,0.1055,0.29670678450539706
1572,1786,214,0.107,0.29455589633065393
1490,1745,255,0.1275,0.30020864263921976
1522,1761,239,0.1195,0.2989989539384842
1490,1745,255,0.1275,0.2985411233063787
1562,1781,219,0.1095,0.2942055363864638
1594,1797,203,0.1015,0.29081139620393515
1522,1761,239,0.1195,0.2960206402670592
1538,1769,231,0.1155,0.2969943522940157
1564,1782,218,0.109,0.2959160063937306
1478,1739,261,0.1305,0.3042218416891992
1528,1764,236,0.118,0.2973300186097622
1396,1698,302,0.151,0.31198592408001424
1602,1801,199,0.0995,0.29491735994070767
1538,1769,231,0.1155,0.2984843337908387
1498,1749,251,0.1255,0.30186041341722014
1510,1755,245,0.1225,0.30373158542066814
1538,1769,231,0.1155,0.30379586659371854
1506,1753,247,0.1235,0.306405483153183
1424,1712,288,0.144,0.3113442499190569
1486,1743,257,0.1285,0.3088689337782562
1456,1728,272,0.136,0.31700860598869623
1434,1717,283,0.1415,0.3126219323351979
1514,1757,243,0.1215,0.30957043553888797
1536,1768,232,0.116,0.31041397040337326
1594,1797,203,0.1015,0.30737675447016954
1510,1755,245,0.1225,0.3153918187469244
1478,1739,261,0.1305,0.3161665479391813
1536,1768,232,0.116,0.31380491599906235
1588,1794,206,0.103,0.31162588008493186
1534,1767,233,0.1165,0.3162801343127328
1466,1733,267,0.1335,0.32185331466048955
1594,1797,203,0.1015,0.31132187202572825
1562,1781,219,0.1095,0.31392008582502606
1510,1755,245,0.1225,0.3206381378993392
1512,1756,244,0.122,0.316284142062068
1558,1779,221,0.1105,0.31250787475705144
1404,1702,298,0.149,0.32006004589796067
1568,1784,216,0.108,0.3121573947072029
1518,1759,241,0.1205,0.31319011879339814
1518,1759,241,0.1205,0.31363924553757533
1426,1713,287,0.1435,0.32111525958031417
1564,1782,218,0.109,0.31176066388189794
1502,1751,249,0.1245,0.31039841466397045
1536,1768,232,0.116,0.3130851174737327
1524,1762,238,0.119,0.3130093038380146
1580,1790,210,0.105,0.30770339753478765
1554,1777,223,0.1115,0.31378626577556135
1470,1735,265,0.1325,0.3193339390233159
1590,1795,205,0.1025,0.3071161637753248
1560,1780,220,0.11,0.30598886093497274
1476,1738,262,0.131,0.3136665711402893
1530,1765,235,0.1175,0.30601567343622443
1510,1755,245,0.1225,0.3086286467462778
1490,1745,255,0.1275,0.306478261190583
1536,1768,232,0.116,0.3056569881818723
1554,1777,223,0.1115,0.3072522657364607
1440,1720,280,0.14,0.31247893554065376
1524,1762,238,0.119,0.30793607931797656
1560,1780,220,0.11,0.30165199453383684
1536,1768,232,0.116,0.3093284973725677
1542,1771,229,0.1145,0.3078515056669712
1492,1746,254,0.127,0.31177852253615856
1484,1742,258,0.129,0.31263379369676114
1506,1753,247,0.1235,0.30919744963198903
1466,1733,267,0.1335,0.31684495019167663
1482,1741,259,0.1295,0.31538402649760244
1422,1711,289,0.1445,0.32230628006672485
1516,1758,242,0.121,0.31508885278273374
1568,1784,216,0.108,0.31286386942863464
1532,1766,234,0.117,0.31905141845345497
1496,1748,252,0.126,0.31753818760227476
1444,1722,278,0.139,0.32468770269304514
1510,1755,245,0.1225,0.3163843325972557
1506,1753,247,0.1235,0.3216551818959415
1558,1779,221,0.1105,0.3181298788264394
1486,1743,257,0.1285,0.3212872154340148
1508,1754,246,0.123,0.31978555098176004
1534,1767,233,0.1165,0.31996752981096505
1570,1785,215,0.1075,0.32106052161443976
1500,1750,250,0.125,0.3205618482623249
1498,1749,251,0.1255,0.32199556882679464
1482,1741,259,0.1295,0.32450613647326826
1456,1728,272,0.136,0.32222050510856115
1486,1743,257,0.1285,0.3252125894594938
1474,1737,263,0.1315,0.32294202552735807
1486,1743,257,0.1285,0.3244917156909651
1522,1761,239,0.1195,0.3226992113366723
