log_avg_ept_score,log_avg_succ_req,log_avg_blk_req,log_avg_BP_req,log_avg_entropy
310,655,345,0.345,1.6068137893676757
376,688,312,0.312,1.6068132512569429
350,675,325,0.325,1.6068064341545105
430,715,285,0.285,1.6068137100934983
338,669,331,0.331,1.6068181146383285
340,670,330,0.33,1.6068113057613373
372,686,314,0.314,1.6068240952491761
296,648,352,0.352,1.6068113813400269
304,652,348,0.348,1.6068280925750733
350,675,325,0.325,1.606819010257721
284,642,358,0.358,1.606804556965828
278,639,361,0.361,1.6068138707876205
308,654,346,0.346,1.6068053911924363
308,654,346,0.346,1.606800957083702
298,649,351,0.351,1.6068049955368042
324,662,338,0.338,1.6068036317825318
238,619,381,0.381,1.6067820780277253
314,657,343,0.343,1.6067809722423554
348,674,326,0.326,1.6067758431434631
294,647,353,0.353,1.6067819850444793
264,632,368,0.368,1.6067776038646697
272,636,364,0.364,1.606773217320442
288,644,356,0.356,1.606783395051956
346,673,327,0.327,1.6067781049013137
316,658,342,0.342,1.606744708776474
262,631,369,0.369,1.606737496972084
294,647,353,0.353,1.6067226860523225
338,669,331,0.331,1.6067376437187195
338,669,331,0.331,1.6067126395702362
292,646,354,0.354,1.6067149826288223
348,674,326,0.326,1.6067137632369994
362,681,319,0.319,1.6067215876579284
284,642,358,0.358,1.6066855008602143
272,636,364,0.364,1.606659944295883
328,664,336,0.336,1.6066597338914872
296,648,352,0.352,1.606662595629692
276,638,362,0.362,1.6066451841592788
218,609,391,0.391,1.6066394177675247
284,642,358,0.358,1.6066313461065291
344,672,328,0.328,1.6066374047994614
316,658,342,0.342,1.6065912606716155
282,641,359,0.359,1.606596388578415
362,681,319,0.319,1.6065694103240966
302,651,349,0.349,1.6065767707824707
268,634,366,0.366,1.6065789734125138
364,682,318,0.318,1.606568342447281
290,645,355,0.355,1.606562388420105
244,622,378,0.378,1.6065514285564422
344,672,328,0.328,1.6065258966684342
288,644,356,0.356,1.6065160819292068
286,643,357,0.357,1.6065031218528747
290,645,355,0.355,1.6065087530612945
240,620,380,0.38,1.6064797332286835
276,638,362,0.362,1.6064966939687728
328,664,336,0.336,1.6064853378534316
270,635,365,0.365,1.6064712196588515
322,661,339,0.339,1.6064412801265717
286,643,357,0.357,1.6064179588556289
254,627,373,0.373,1.6064196187257767
296,648,352,0.352,1.6064284797906876
332,666,334,0.334,1.6064086451530457
302,651,349,0.349,1.6064059987068176
300,650,350,0.35,1.6064183036088944
352,676,324,0.324,1.6063950160741807
252,626,374,0.374,1.6063529567718506
312,656,344,0.344,1.6063480736017228
258,629,371,0.371,1.6063472384214401
304,652,348,0.348,1.6063420526981353
308,654,346,0.346,1.6063309825658798
234,617,383,0.383,1.6063298476934433
304,652,348,0.348,1.6063158050775528
338,669,331,0.331,1.6063235176801682
312,656,344,0.344,1.6062841960191727
282,641,359,0.359,1.606276778936386
284,642,358,0.358,1.6062766522169114
274,637,363,0.363,1.606264087319374
278,639,361,0.361,1.6062613997459412
274,637,363,0.363,1.6062590466737747
320,660,340,0.34,1.6062579386234284
314,657,343,0.343,1.6062431458234787
276,638,362,0.362,1.606213555574417
260,630,370,0.37,1.6062013782262803
342,671,329,0.329,1.6062139625549317
294,647,353,0.353,1.6061970516443254
294,647,353,0.353,1.6061856801509857
240,620,380,0.38,1.606176703929901
250,625,375,0.375,1.6061723990440369
268,634,366,0.366,1.6061729075908662
328,664,336,0.336,1.6061513365507125
340,670,330,0.33,1.606133330821991
302,651,349,0.349,1.6061330951452255
312,656,344,0.344,1.6061245906352997
370,685,315,0.315,1.6061175199747086
374,687,313,0.313,1.6061072602272033
364,682,318,0.318,1.6061203646659852
260,630,370,0.37,1.6060978612899781
230,615,385,0.385,1.6060652695894242
326,663,337,0.337,1.606048574924469
268,634,366,0.366,1.6060407668352128
332,666,334,0.334,1.6060425622463226
290,645,355,0.355,1.6060393701791764
298,649,351,0.351,1.6060290434360505
340,670,330,0.33,1.6060501854419709
266,633,367,0.367,1.606003394126892
272,636,364,0.364,1.605958596587181
328,664,336,0.336,1.6059683799743651
292,646,354,0.354,1.6059510482549668
306,653,347,0.347,1.60595563352108
232,616,384,0.384,1.6059427455663682
382,691,309,0.309,1.6059521820545197
350,675,325,0.325,1.6059403237104415
316,658,342,0.342,1.6059220204353333
296,648,352,0.352,1.6058603632450104
308,654,346,0.346,1.6058659108877182
296,648,352,0.352,1.6058519275188445
328,664,336,0.336,1.6058518999814988
374,687,313,0.313,1.60586263859272
296,648,352,0.352,1.6058267134428024
268,634,366,0.366,1.6058213974237443
314,657,343,0.343,1.6058163237571716
312,656,344,0.344,1.6057646995782853
352,676,324,0.324,1.6057673944234847
300,650,350,0.35,1.6057478148937225
274,637,363,0.363,1.605734901547432
322,661,339,0.339,1.6057412732839584
276,638,362,0.362,1.6057183759212494
338,669,331,0.331,1.6057328869104386
322,661,339,0.339,1.605727334022522
268,634,366,0.366,1.6056651968955993
272,636,364,0.364,1.6056346811056137
260,630,370,0.37,1.6056450242996216
336,668,332,0.332,1.6056257401704788
272,636,364,0.364,1.6056393271684646
288,644,356,0.356,1.6056273822784424
380,690,310,0.31,1.6056359540224074
364,682,318,0.318,1.6056229676008225
302,651,349,0.349,1.605573720932007
300,650,350,0.35,1.6055592613220215
316,658,342,0.342,1.6055541441440582
310,655,345,0.345,1.6055532892942428
296,648,352,0.352,1.6055247684717178
304,652,348,0.348,1.6055246775150298
272,636,364,0.364,1.6055211765766144
286,643,357,0.357,1.6055014915466308
314,657,343,0.343,1.6054599999189376
318,659,341,0.341,1.6054648896455765
302,651,349,0.349,1.6054359941482543
320,660,340,0.34,1.6054438610076904
340,670,330,0.33,1.6054485577344895
288,644,356,0.356,1.6054308463335036
310,655,345,0.345,1.6054193351268768
238,619,381,0.381,1.605412076830864
306,653,347,0.347,1.6053706448078155
288,644,356,0.356,1.605343181014061
274,637,363,0.363,1.6053460974693299
290,645,355,0.355,1.6053416327238084
330,665,335,0.335,1.6053354485034943
254,627,373,0.373,1.6053149862289429
250,625,375,0.375,1.605318574309349
292,646,354,0.354,1.6052980889081956
318,659,341,0.341,1.6052517211437225
326,663,337,0.337,1.6052428761720656
336,668,332,0.332,1.6052415181398392
344,672,328,0.328,1.605234209895134
400,700,300,0.3,1.6052399533987045
358,679,321,0.321,1.6052232950925827
272,636,364,0.364,1.605205675125122
312,656,344,0.344,1.60518041574955
310,655,345,0.345,1.6051199102401734
286,643,357,0.357,1.6051016033887864
340,670,330,0.33,1.6050990929603577
260,630,370,0.37,1.605089914083481
326,663,337,0.337,1.6050862716436387
278,639,361,0.361,1.605066801905632
254,627,373,0.373,1.6050500296354293
304,652,348,0.348,1.6050404217243195
342,671,329,0.329,1.605017506957054
310,655,345,0.345,1.6049666117429733
238,619,381,0.381,1.6049428985118865
338,669,331,0.331,1.60496297621727
288,644,356,0.356,1.6049457113742829
350,675,325,0.325,1.604930230140686
354,677,323,0.323,1.6049516431093216
270,635,365,0.365,1.6049161021709442
312,656,344,0.344,1.60485424888134
346,673,327,0.327,1.604841339111328
272,636,364,0.364,1.6048212678432465
280,640,360,0.36,1.6048355456590653
310,655,345,0.345,1.6048153254985809
268,634,366,0.366,1.6047599556446075
262,631,369,0.369,1.6047731493711472
328,664,336,0.336,1.6047962114810943
212,606,394,0.394,1.604690868973732
276,638,362,0.362,1.6046970639228821
240,620,380,0.38,1.6046592967510223
354,677,323,0.323,1.6046810349225997
332,666,334,0.334,1.6046445546150208
282,641,359,0.359,1.6046430470943451
288,644,356,0.356,1.6046420539617539
338,669,331,0.331,1.6046226069927216
328,664,336,0.336,1.604533189535141
294,647,353,0.353,1.604517879009247
306,653,347,0.347,1.6045199873447418
304,652,348,0.348,1.604515474796295
274,637,363,0.363,1.6044762090444564
326,663,337,0.337,1.6044913864135741
290,645,355,0.355,1.6044528452157973
340,670,330,0.33,1.6044484820365905
284,642,358,0.358,1.6043554302453995
268,634,366,0.366,1.6043505184650422
254,627,373,0.373,1.6043658677339554
282,641,359,0.359,1.604329020380974
296,648,352,0.352,1.6043346402645111
356,678,322,0.322,1.6043393301963806
234,617,383,0.383,1.6042900009155274
254,627,373,0.373,1.6042781628370284
322,661,339,0.339,1.6042487802505494
246,623,377,0.377,1.604157244324684
304,652,348,0.348,1.604191994190216
354,677,323,0.323,1.6042136536836624
234,617,383,0.383,1.6041375609636306
302,651,349,0.349,1.6041695338487625
340,670,330,0.33,1.6041678686141967
328,664,336,0.336,1.6041452999114991
302,651,349,0.349,1.6040698864459992
300,650,350,0.35,1.6040598924160003
348,674,326,0.326,1.6040861876010895
274,637,363,0.363,1.6040415432453154
324,662,338,0.338,1.6040483238697052
248,624,376,0.376,1.6040052773952485
330,665,335,0.335,1.6040070539712905
338,669,331,0.331,1.603986526966095
272,636,364,0.364,1.6039426774978638
216,608,392,0.392,1.6038525735139846
306,653,347,0.347,1.603875599384308
302,651,349,0.349,1.603852545619011
394,697,303,0.303,1.6038769513368607
282,641,359,0.359,1.6038168287277221
362,681,319,0.319,1.6038584052324294
236,618,382,0.382,1.603766145348549
278,639,361,0.361,1.603726828455925
340,670,330,0.33,1.6037342485189439
348,674,326,0.326,1.6037553390264512
296,648,352,0.352,1.6037079129219056
264,632,368,0.368,1.6037113860845567
278,639,361,0.361,1.60366277050972
278,639,361,0.361,1.6036402893066406
310,655,345,0.345,1.6036677936315535
330,665,335,0.335,1.6035644359588623
330,665,335,0.335,1.6035720118284225
292,646,354,0.354,1.6035660527944564
298,649,351,0.351,1.6035458208322526
312,656,344,0.344,1.6035045105218888
304,652,348,0.348,1.6035168758630753
348,674,326,0.326,1.6035291339159012
306,653,347,0.347,1.6034863418340684
270,635,365,0.365,1.6033723863363265
338,669,331,0.331,1.6033622386455535
322,661,339,0.339,1.6033752661943437
278,639,361,0.361,1.6033670239448548
322,661,339,0.339,1.60337815451622
314,657,343,0.343,1.6033370846509933
300,650,350,0.35,1.6033255512714386
280,640,360,0.36,1.6032846105098724
248,624,376,0.376,1.6032246522903442
314,657,343,0.343,1.6031492058038712
252,626,374,0.374,1.603186357975006
308,654,346,0.346,1.6032099640369415
312,656,344,0.344,1.603136017203331
314,657,343,0.343,1.603145619034767
282,641,359,0.359,1.6030755257606506
352,676,324,0.324,1.6030339875221253
304,652,348,0.348,1.6030015288591384
330,665,335,0.335,1.6029931678771974
356,678,322,0.322,1.6029579848051072
254,627,373,0.373,1.6028859058618545
304,652,348,0.348,1.602903609395027
306,653,347,0.347,1.602916956305504
276,638,362,0.362,1.6028794763088225
250,625,375,0.375,1.6028285191059113
268,634,366,0.366,1.6028212387561798
322,661,339,0.339,1.602742744088173
328,664,336,0.336,1.6027799880504607
280,640,360,0.36,1.602706497311592
262,631,369,0.369,1.602696785211563
288,644,356,0.356,1.6026488690376282
282,641,359,0.359,1.6026959476470948
330,665,335,0.335,1.6026683678627014
342,671,329,0.329,1.6026707738637924
318,659,341,0.341,1.6026486076116562
310,655,345,0.345,1.6025575271844863
270,635,365,0.365,1.6024957708120346
298,649,351,0.351,1.6024912077188491
266,633,367,0.367,1.602540959596634
278,639,361,0.361,1.6024713195562363
258,629,371,0.371,1.602420373916626
384,692,308,0.308,1.6024392598867416
304,652,348,0.348,1.6023333584070205
332,666,334,0.334,1.60237318110466
302,651,349,0.349,1.6023017939329147
316,658,342,0.342,1.6022777968645097
318,659,341,0.341,1.6022362730503081
352,676,324,0.324,1.602314416527748
350,675,325,0.325,1.6022729748487472
292,646,354,0.354,1.602221983551979
398,699,301,0.301,1.6022044800519943
278,639,361,0.361,1.602085805773735
324,662,338,0.338,1.6021346242427825
302,651,349,0.349,1.6020570224523545
352,676,324,0.324,1.602120143175125
304,652,348,0.348,1.602005755186081
308,654,346,0.346,1.6020217438936233
360,680,320,0.32,1.6019881740808486
352,676,324,0.324,1.6019889339208604
336,668,332,0.332,1.6019189440011978
338,669,331,0.331,1.6018641644716263
332,666,334,0.334,1.6018490401506424
284,642,358,0.358,1.601904238820076
282,641,359,0.359,1.6017922661304473
302,651,349,0.349,1.6017595821619033
302,651,349,0.349,1.6017441120147704
340,670,330,0.33,1.6016599225997925
272,636,364,0.364,1.6015772545337676
308,654,346,0.346,1.601612408041954
366,683,317,0.317,1.6016299906969071
290,645,355,0.355,1.601524843096733
360,680,320,0.32,1.6015635229349137
238,619,381,0.381,1.6015205566883086
318,659,341,0.341,1.601466167449951
312,656,344,0.344,1.6013902499675752
304,652,348,0.348,1.601370019197464
364,682,318,0.318,1.6013393728733063
302,651,349,0.349,1.6012017924785613
338,669,331,0.331,1.6013436373472214
262,631,369,0.369,1.6011412889957428
326,663,337,0.337,1.6011610419750213
310,655,345,0.345,1.6012055718898772
308,654,346,0.346,1.601078964948654
286,643,357,0.357,1.6010685384273529
322,661,339,0.339,1.601012201666832
278,639,361,0.361,1.6009229468107224
308,654,346,0.346,1.600949266910553
346,673,327,0.327,1.60095882666111
350,675,325,0.325,1.6008955036401749
318,659,341,0.341,1.600840761899948
282,641,359,0.359,1.6007451392412186
294,647,353,0.353,1.6008103597164154
348,674,326,0.326,1.6007106922864913
334,667,333,0.333,1.6007003613710404
282,641,359,0.359,1.6006783344745636
318,659,341,0.341,1.6006208964586257
302,651,349,0.349,1.6005524861812592
310,655,345,0.345,1.6005219906568526
354,677,323,0.323,1.60052809715271
312,656,344,0.344,1.6003944857120513
274,637,363,0.363,1.6002934395074844
286,643,357,0.357,1.6003316267728807
334,667,333,0.333,1.600332554936409
318,659,341,0.341,1.6002522644996644
344,672,328,0.328,1.6002327007055284
310,655,345,0.345,1.600186536550522
336,668,332,0.332,1.6001962286233902
328,664,336,0.336,1.6000950680971147
390,695,305,0.305,1.6000848714113236
330,665,335,0.335,1.6000245680809022
302,651,349,0.349,1.6000259882211685
346,673,327,0.327,1.5998699476718903
348,674,326,0.326,1.5999446668624877
350,675,325,0.325,1.599808666229248
332,666,334,0.334,1.5998521243333816
382,691,309,0.309,1.5997536383867264
360,680,320,0.32,1.5995938818454742
352,676,324,0.324,1.5996480355262757
346,673,327,0.327,1.5995493031740189
334,667,333,0.333,1.5996356788873674
348,674,326,0.326,1.5995061148405074
288,644,356,0.356,1.599457976937294
236,618,382,0.382,1.5994361248016358
272,636,364,0.364,1.5993253341913223
318,659,341,0.341,1.5993394916057586
292,646,354,0.354,1.5991892726421357
302,651,349,0.349,1.5991893681287765
256,628,372,0.372,1.5990145868062973
298,649,351,0.351,1.599030775785446
314,657,343,0.343,1.5990764676332474
396,698,302,0.302,1.5989921402931213
358,679,321,0.321,1.5989208775758743
312,656,344,0.344,1.5986985943317413
336,668,332,0.332,1.598766798734665
358,679,321,0.321,1.5987414863109588
306,653,347,0.347,1.5986521847248076
302,651,349,0.349,1.598617438673973
292,646,354,0.354,1.5985563467741013
346,673,327,0.327,1.5985110174417496
332,666,334,0.334,1.598262265086174
352,676,324,0.324,1.598284668803215
346,673,327,0.327,1.598401474237442
336,668,332,0.332,1.598253577709198
310,655,345,0.345,1.5982217671871186
300,650,350,0.35,1.5981752203702926
310,655,345,0.345,1.5982171322107315
306,653,347,0.347,1.5979610500335693
308,654,346,0.346,1.5979801477193833
326,663,337,0.337,1.5978731236457824
290,645,355,0.355,1.5977927190065384
270,635,365,0.365,1.5977629898786545
354,677,323,0.323,1.5976750631332397
310,655,345,0.345,1.5977265460491181
272,636,364,0.364,1.5974973862171173
318,659,341,0.341,1.5974507106542588
304,652,348,0.348,1.5973816717863083
292,646,354,0.354,1.5971312685012817
306,653,347,0.347,1.5972605262994766
306,653,347,0.347,1.597149958729744
342,671,329,0.329,1.597301739692688
342,671,329,0.329,1.59705429148674
320,660,340,0.34,1.596846666574478
362,681,319,0.319,1.5967994219064712
350,675,325,0.325,1.5968999701738358
374,687,313,0.313,1.5968526157140732
366,683,317,0.317,1.5967776155471802
340,670,330,0.33,1.596601055264473
342,671,329,0.329,1.5964482998847962
376,688,312,0.312,1.596425742149353
314,657,343,0.343,1.5963773627281188
354,677,323,0.323,1.596233584523201
264,632,368,0.368,1.596129977464676
328,664,336,0.336,1.5961017273664475
344,672,328,0.328,1.5959439171552658
376,688,312,0.312,1.5959313060045242
278,639,361,0.361,1.5958314868211747
304,652,348,0.348,1.5958722670078278
300,650,350,0.35,1.5956323412656783
258,629,371,0.371,1.5955783823728562
298,649,351,0.351,1.5954754804372788
286,643,357,0.357,1.5954993336200713
274,637,363,0.363,1.5952603936195373
336,668,332,0.332,1.5953290259838104
324,662,338,0.338,1.5952829468250274
264,632,368,0.368,1.5950477894544601
326,663,337,0.337,1.5950523220300674
186,593,407,0.407,1.5947984274625777
268,634,366,0.366,1.5947581362724303
260,630,370,0.37,1.5945117797851562
248,624,376,0.376,1.5946929768323899
312,656,344,0.344,1.5947370458841323
256,628,372,0.372,1.594425027012825
366,683,317,0.317,1.5944307520389558
306,653,347,0.347,1.5945441187620164
308,654,346,0.346,1.5943391596078873
330,665,335,0.335,1.5942832322120666
278,639,361,0.361,1.5941385449171066
346,673,327,0.327,1.594109657406807
308,654,346,0.346,1.5941107839345932
340,670,330,0.33,1.5939222741127015
338,669,331,0.331,1.5938856681585312
330,665,335,0.335,1.5938071887493133
348,674,326,0.326,1.5937767373323442
318,659,341,0.341,1.5935230742692947
270,635,365,0.365,1.5933580995798111
322,661,339,0.339,1.5936593309640885
358,679,321,0.321,1.5933213461637497
280,640,360,0.36,1.593276062130928
312,656,344,0.344,1.59301895236969
340,670,330,0.33,1.593142470240593
320,660,340,0.34,1.592962904572487
324,662,338,0.338,1.5928457443714141
330,665,335,0.335,1.5927789689302445
332,666,334,0.334,1.5926233204603195
308,654,346,0.346,1.592429873943329
282,641,359,0.359,1.5924042613506317
364,682,318,0.318,1.5923773239850998
336,668,332,0.332,1.592443904876709
360,680,320,0.32,1.5921045939922334
354,677,323,0.323,1.5918909803628922
308,654,346,0.346,1.591922907948494
316,658,342,0.342,1.5916783970594406
296,648,352,0.352,1.5917564237117767
332,666,334,0.334,1.5917643809318542
344,672,328,0.328,1.5914602309465409
372,686,314,0.314,1.5915714457035064
318,659,341,0.341,1.5911425683498384
384,692,308,0.308,1.591046355009079
350,675,325,0.325,1.591000909805298
308,654,346,0.346,1.590914937019348
314,657,343,0.343,1.5907970895767212
314,657,343,0.343,1.5906874837875367
364,682,318,0.318,1.5905923295021056
286,643,357,0.357,1.5904996552467345
408,704,296,0.296,1.590524666428566
302,651,349,0.349,1.5898303250074386
300,650,350,0.35,1.5901770054101945
318,659,341,0.341,1.5900955100059508
324,662,338,0.338,1.5898229098320007
290,645,355,0.355,1.589857104420662
326,663,337,0.337,1.5894605959653854
298,649,351,0.351,1.589303263902664
326,663,337,0.337,1.5890918124914168
324,662,338,0.338,1.5892751256227493
314,657,343,0.343,1.5888252246379853
236,618,382,0.382,1.5886820746660233
376,688,312,0.312,1.5890956400632859
348,674,326,0.326,1.588754189491272
368,684,316,0.316,1.5884743843078613
302,651,349,0.349,1.588246938228607
364,682,318,0.318,1.5879862059354781
390,695,305,0.305,1.5880884890556335
346,673,327,0.327,1.5878682317733765
334,667,333,0.333,1.5876375188827514
358,679,321,0.321,1.587856020450592
402,701,299,0.299,1.5877075619697572
316,658,342,0.342,1.587446368932724
346,673,327,0.327,1.5873329696655274
350,675,325,0.325,1.5869613918066026
360,680,320,0.32,1.5869033625125886
234,617,383,0.383,1.5865652505159378
326,663,337,0.337,1.5863131991624833
332,666,334,0.334,1.5866403423547746
328,664,336,0.336,1.586174239873886
356,678,322,0.322,1.5861018605232238
340,670,330,0.33,1.5858960084915161
304,652,348,0.348,1.5855752265453338
306,653,347,0.347,1.5855177503824234
360,680,320,0.32,1.585290022134781
296,648,352,0.352,1.5853235490322113
330,665,335,0.335,1.5848939615488051
360,680,320,0.32,1.5851703890562057
324,662,338,0.338,1.5844761452674865
344,672,328,0.328,1.584351441860199
368,684,316,0.316,1.5842939637899398
344,672,328,0.328,1.5841915415525436
384,692,308,0.308,1.583952647089958
336,668,332,0.332,1.5835268930196762
388,694,306,0.306,1.5836189788579942
334,667,333,0.333,1.5835222088098526
320,660,340,0.34,1.5829587275981902
346,673,327,0.327,1.5828807818889619
354,677,323,0.323,1.5826162683963776
314,657,343,0.343,1.582193760752678
334,667,333,0.333,1.5824388291835785
344,672,328,0.328,1.5822041045427322
350,675,325,0.325,1.5819707605838775
378,689,311,0.311,1.5816710290908813
284,642,358,0.358,1.581340535402298
254,627,373,0.373,1.580924381017685
302,651,349,0.349,1.5813187359571457
324,662,338,0.338,1.5810016629695893
256,628,372,0.372,1.5805119785070418
302,651,349,0.349,1.5802460852861404
338,669,331,0.331,1.5806475076675415
372,686,314,0.314,1.5803485631942749
306,653,347,0.347,1.579683862566948
330,665,335,0.335,1.5795842401981355
382,691,309,0.309,1.5796740324497223
394,697,303,0.303,1.5791613394021988
428,714,286,0.286,1.5790484510660172
380,690,310,0.31,1.578998242378235
364,682,318,0.318,1.5788348392248153
362,681,319,0.319,1.57836077773571
326,663,337,0.337,1.5783408842086792
352,676,324,0.324,1.577770958662033
332,666,334,0.334,1.5779951232671738
346,673,327,0.327,1.5776262255907059
310,655,345,0.345,1.576803079843521
346,673,327,0.327,1.5773843017816545
298,649,351,0.351,1.5768532940149307
358,679,321,0.321,1.5763091125488282
364,682,318,0.318,1.5767187452316285
294,647,353,0.353,1.5759790543317795
408,704,296,0.296,1.5761317843198777
338,669,331,0.331,1.5757148246765136
282,641,359,0.359,1.5750572022199631
398,699,301,0.301,1.5752126528024673
354,677,323,0.323,1.5749125723838806
378,689,311,0.311,1.5748011131286621
320,660,340,0.34,1.5744454498291016
332,666,334,0.334,1.574342933177948
374,687,313,0.313,1.5739252725839614
344,672,328,0.328,1.5732686223983765
408,704,296,0.296,1.57338332092762
334,667,333,0.333,1.5730439965724945
350,675,325,0.325,1.5729507219791412
328,664,336,0.336,1.5722648034095763
374,687,313,0.313,1.5724236962795257
422,711,289,0.289,1.572632227063179
372,686,314,0.314,1.5721207783222197
320,660,340,0.34,1.571398174762726
344,672,328,0.328,1.5709150215387344
312,656,344,0.344,1.5712170581817626
394,697,303,0.303,1.5704640361070632
276,638,362,0.362,1.5702525916099548
338,669,331,0.331,1.5704594792127609
376,688,312,0.312,1.5701872357130051
320,660,340,0.34,1.5697456396818161
356,678,322,0.322,1.5695601253509521
340,670,330,0.33,1.5693297218084334
386,693,307,0.307,1.569048703312874
384,692,308,0.308,1.5688853033781052
396,698,302,0.302,1.5688639928102492
348,674,326,0.326,1.5684594995975494
320,660,340,0.34,1.567607950091362
350,675,325,0.325,1.5675423055887223
366,683,317,0.317,1.5671879763603211
362,681,319,0.319,1.5676367758512497
364,682,318,0.318,1.567579682469368
344,672,328,0.328,1.5666211998462678
322,661,339,0.339,1.5660583025217056
364,682,318,0.318,1.5661376883983613
376,688,312,0.312,1.5655694062709808
328,664,336,0.336,1.565554886817932
330,665,335,0.335,1.5649847077131271
340,670,330,0.33,1.5649129178524017
348,674,326,0.326,1.564768368959427
328,664,336,0.336,1.5636160904169083
400,700,300,0.3,1.5649154416322708
340,670,330,0.33,1.5636583721637727
396,698,302,0.302,1.5640096735954285
354,677,323,0.323,1.5634539923667907
378,689,311,0.311,1.563234459042549
370,685,315,0.315,1.56302084505558
340,670,330,0.33,1.562629880309105
420,710,290,0.29,1.562630936741829
388,694,306,0.306,1.5622233922481537
362,681,319,0.319,1.5620557155609132
376,688,312,0.312,1.5607959661483766
314,657,343,0.343,1.561050042271614
410,705,295,0.295,1.5602200572490692
328,664,336,0.336,1.5600479338169098
344,672,328,0.328,1.5596757624149322
306,653,347,0.347,1.5601211322546005
302,651,349,0.349,1.5587934702634811
356,678,322,0.322,1.5596681640148162
348,674,326,0.326,1.5583225551843642
410,705,295,0.295,1.557912367105484
386,693,307,0.307,1.5584561250209807
360,680,320,0.32,1.557999387025833
376,688,312,0.312,1.55745188832283
354,677,323,0.323,1.557243028998375
434,717,283,0.283,1.5577874536514282
412,706,294,0.294,1.556363396525383
384,692,308,0.308,1.5559402693510056
342,671,329,0.329,1.555280099272728
346,673,327,0.327,1.555701774954796
410,705,295,0.295,1.5562109575271605
360,680,320,0.32,1.5541048942804336
358,679,321,0.321,1.5546276814937592
414,707,293,0.293,1.5536601392030716
370,685,315,0.315,1.5536041543483734
364,682,318,0.318,1.5528535676002502
302,651,349,0.349,1.5521933584213257
440,720,280,0.28,1.5530291041135789
362,681,319,0.319,1.5513950937986374
368,684,316,0.316,1.5514113702774048
312,656,344,0.344,1.5511157793998718
352,676,324,0.324,1.5510194774866104
374,687,313,0.313,1.5505322585105896
444,722,278,0.278,1.5511352553367614
332,666,334,0.334,1.5495124076604843
404,702,298,0.298,1.5499854590892792
322,661,339,0.339,1.5473264981508255
404,702,298,0.298,1.5485438525676727
332,666,334,0.334,1.5481512761116027
354,677,323,0.323,1.5470288351774215
382,691,309,0.309,1.5474647513628006
376,688,312,0.312,1.5469892016649247
356,678,322,0.322,1.545486865401268
414,707,293,0.293,1.5456516613960267
380,690,310,0.31,1.545862444639206
340,670,330,0.33,1.5447556549310684
378,689,311,0.311,1.5458305492401123
384,692,308,0.308,1.5446141594648362
448,724,276,0.276,1.5434367978572845
310,655,345,0.345,1.5434488606452943
420,710,290,0.29,1.5439484843015672
386,693,307,0.307,1.5427732156515122
356,678,322,0.322,1.5428955963850022
378,689,311,0.311,1.5409594864845275
404,702,298,0.298,1.5408517320156097
426,713,287,0.287,1.5412147127389908
426,713,287,0.287,1.5413304839134216
460,730,270,0.27,1.539740432024002
374,687,313,0.313,1.538326926589012
430,715,285,0.285,1.5383576074838639
428,714,286,0.286,1.5391176985502244
420,710,290,0.29,1.5369723813533782
464,732,268,0.268,1.5372128976583481
322,661,339,0.339,1.5358207095861436
372,686,314,0.314,1.535910126209259
418,709,291,0.291,1.535568527698517
384,692,308,0.308,1.5351878439188003
418,709,291,0.291,1.533850399851799
390,695,305,0.305,1.534517300605774
432,716,284,0.284,1.534232076048851
368,684,316,0.316,1.5319186245203018
452,726,274,0.274,1.5324292917251587
414,707,293,0.293,1.5318178788423538
330,665,335,0.335,1.5313412928581238
402,701,299,0.299,1.5320225131511689
382,691,309,0.309,1.5308873634338378
412,706,294,0.294,1.5289814356565476
400,700,300,0.3,1.529239599108696
362,681,319,0.319,1.5273542045354842
378,689,311,0.311,1.5274839510917664
356,678,322,0.322,1.5268337379693986
408,704,296,0.296,1.526909129858017
396,698,302,0.302,1.5254650778770447
378,689,311,0.311,1.5246343559026718
422,711,289,0.289,1.5243896187543868
396,698,302,0.302,1.5231189025640488
314,657,343,0.343,1.5218976422548294
396,698,302,0.302,1.5227641060352326
424,712,288,0.288,1.5204512548446656
412,706,294,0.294,1.5219760613441466
414,707,293,0.293,1.5200053769350053
380,690,310,0.31,1.5181882858276368
378,689,311,0.311,1.518254665017128
432,716,284,0.284,1.5190819411277772
456,728,272,0.272,1.5199025138616562
396,698,302,0.302,1.517489742875099
376,688,312,0.312,1.5172497071027755
500,750,250,0.25,1.5156418205499649
352,676,324,0.324,1.5152913564443589
346,673,327,0.327,1.5125532068014145
382,691,309,0.309,1.5127277196645736
394,697,303,0.303,1.51269939827919
380,690,310,0.31,1.5111351099014283
384,692,308,0.308,1.5105182887315751
416,708,292,0.292,1.510162015914917
396,698,302,0.302,1.5092000106573105
368,684,316,0.316,1.5086105135679244
424,712,288,0.288,1.5090732980966568
436,718,282,0.282,1.507453376531601
380,690,310,0.31,1.5064454885721206
448,724,276,0.276,1.5061826654672623
408,704,296,0.296,1.5068053439855575
382,691,309,0.309,1.5049733523130417
480,740,260,0.26,1.5051650726795196
440,720,280,0.28,1.504191172003746
424,712,288,0.288,1.5014281007051469
442,721,279,0.279,1.5012232540845871
430,715,285,0.285,1.4996425832509994
434,717,283,0.283,1.5002494381666183
386,693,307,0.307,1.5014983316659927
412,706,294,0.294,1.4998882254362107
384,692,308,0.308,1.4973833944797517
456,728,272,0.272,1.498547625541687
420,710,290,0.29,1.494637882232666
384,692,308,0.308,1.4951707582473754
350,675,325,0.325,1.4923328198194503
396,698,302,0.302,1.4936475081443787
352,676,324,0.324,1.4939360092878342
376,688,312,0.312,1.4915865964889525
378,689,311,0.311,1.4929123203754424
422,711,289,0.289,1.489921047449112
396,698,302,0.302,1.4907432199716568
402,701,299,0.299,1.489111764907837
396,698,302,0.302,1.4891253328323364
396,698,302,0.302,1.4879163726568223
442,721,279,0.279,1.488546013355255
458,729,271,0.271,1.4888494699001311
386,693,307,0.307,1.484694748401642
380,690,310,0.31,1.4830891687870025
408,704,296,0.296,1.4828552371263504
366,683,317,0.317,1.4812917808294297
482,741,259,0.259,1.482206335067749
426,713,287,0.287,1.4793369846343993
414,707,293,0.293,1.4811353632211686
438,719,281,0.281,1.48070523416996
414,707,293,0.293,1.4780276943445205
478,739,261,0.261,1.478889880180359
490,745,255,0.255,1.4771430906057357
404,702,298,0.298,1.4773262439966202
458,729,271,0.271,1.4757304638624191
430,715,285,0.285,1.4728159540891648
450,725,275,0.275,1.472913869380951
450,725,275,0.275,1.47404294526577
456,728,272,0.272,1.47418625831604
450,725,275,0.275,1.472732523560524
354,677,323,0.323,1.468033145546913
442,721,279,0.279,1.4672812461853026
464,732,268,0.268,1.4689505971670151
348,674,326,0.326,1.4673621619939805
438,719,281,0.281,1.465196275472641
400,700,300,0.3,1.4655129014253616
424,712,288,0.288,1.4635580188035966
484,742,258,0.258,1.4621721447706222
440,720,280,0.28,1.461911653161049
442,721,279,0.279,1.4602085913419725
420,710,290,0.29,1.457944412469864
410,705,295,0.295,1.458537119626999
380,690,310,0.31,1.4595355657339095
444,722,278,0.278,1.4585585633516311
394,697,303,0.303,1.4538103147745132
382,691,309,0.309,1.4512028588056565
350,675,325,0.325,1.4505516788959503
410,705,295,0.295,1.4509645550251007
460,730,270,0.27,1.4515700610876083
452,726,274,0.274,1.4530867459774017
382,691,309,0.309,1.4488739156723023
492,746,254,0.254,1.4527050423622132
354,677,323,0.323,1.4474138966798782
438,719,281,0.281,1.4470246751308442
436,718,282,0.282,1.4426889206171036
410,705,295,0.295,1.4437267248630523
522,761,239,0.239,1.4440596611499787
420,710,290,0.29,1.4413723880052567
472,736,264,0.264,1.4412601363658906
452,726,274,0.274,1.4419245306253434
476,738,262,0.262,1.438340498805046
502,751,249,0.249,1.4403522379398346
450,725,275,0.275,1.4357982943058014
458,729,271,0.271,1.4365555262565612
368,684,316,0.316,1.4352953480482102
504,752,248,0.248,1.4350515409708022
478,739,261,0.261,1.4318200747966767
508,754,246,0.246,1.434668699145317
488,744,256,0.256,1.4310648468732834
480,740,260,0.26,1.432077710032463
480,740,260,0.26,1.4298928598165512
450,725,275,0.275,1.4253124709129334
434,717,283,0.283,1.427673213481903
402,701,299,0.299,1.4227711818218232
468,734,266,0.266,1.4240004922151566
456,728,272,0.272,1.4236063158512116
428,714,286,0.286,1.4212108561992645
384,692,308,0.308,1.4188760863542558
472,736,264,0.264,1.4172033803462982
412,706,294,0.294,1.416718569636345
462,731,269,0.269,1.4192212796211243
394,697,303,0.303,1.4162718399763108
456,728,272,0.272,1.4154223060607911
470,735,265,0.265,1.413320374250412
522,761,239,0.239,1.4167927398681641
448,724,276,0.276,1.4126399667263032
438,719,281,0.281,1.409807936310768
466,733,267,0.267,1.4104217272996902
510,755,245,0.245,1.409944819688797
426,713,287,0.287,1.4088629994392394
520,760,240,0.24,1.4090694683790206
492,746,254,0.254,1.4060343905687331
476,738,262,0.262,1.405317834496498
492,746,254,0.254,1.4061420993804932
522,761,239,0.239,1.403623388171196
512,756,244,0.244,1.4019837789535523
484,742,258,0.258,1.4019299737215043
518,759,241,0.241,1.3993782130479813
464,732,268,0.268,1.3991098619699478
482,741,259,0.259,1.3966879538297654
458,729,271,0.271,1.3967989464998245
466,733,267,0.267,1.3955234242677688
420,710,290,0.29,1.3930550057888031
508,754,246,0.246,1.3949127806425095
456,728,272,0.272,1.3929661695957183
484,742,258,0.258,1.3925003877878188
414,707,293,0.293,1.3916747888326646
506,753,247,0.247,1.391449672937393
476,738,262,0.262,1.3887774654626845
438,719,281,0.281,1.3878568209409714
488,744,256,0.256,1.386207925915718
382,691,309,0.309,1.3835994083881378
450,725,275,0.275,1.3833658212423325
458,729,271,0.271,1.3828406064510346
456,728,272,0.272,1.3796115078926086
446,723,277,0.277,1.3805571236610412
456,728,272,0.272,1.3808756588697433
490,745,255,0.255,1.3796459488868713
442,721,279,0.279,1.3781414093971251
478,739,261,0.261,1.3790047450065612
462,731,269,0.269,1.3758983430862426
492,746,254,0.254,1.376626637339592
428,714,286,0.286,1.373701434493065
450,725,275,0.275,1.3736096624135972
494,747,253,0.253,1.3723897296190262
450,725,275,0.275,1.3711321494579316
548,774,226,0.226,1.370065945982933
484,742,258,0.258,1.3671508396863938
492,746,254,0.254,1.3681174392700195
524,762,238,0.238,1.3680674809217452
502,751,249,0.249,1.3631883199214936
492,746,254,0.254,1.3687438250780106
462,731,269,0.269,1.3643394327163696
510,755,245,0.245,1.3605633063316345
464,732,268,0.268,1.3634998584985734
542,771,229,0.229,1.364134629368782
520,760,240,0.24,1.358140188574791
472,736,264,0.264,1.3580639647245407
464,732,268,0.268,1.3574586797952652
540,770,230,0.23,1.3603125926256179
528,764,236,0.236,1.356681158900261
470,735,265,0.265,1.3587996039390564
430,715,285,0.285,1.3529979603290558
512,756,244,0.244,1.3528126711845398
510,755,245,0.245,1.353925352692604
502,751,249,0.249,1.3480741748809815
448,724,276,0.276,1.3523337721824646
480,740,260,0.26,1.3483906413316726
478,739,261,0.261,1.3476820905208589
496,748,252,0.252,1.3466705235242844
470,735,265,0.265,1.3437387951612472
496,748,252,0.252,1.3432542839050292
452,726,274,0.274,1.3396074650287628
434,717,283,0.283,1.337286241054535
500,750,250,0.25,1.3405973714590074
520,760,240,0.24,1.3410355561971665
474,737,263,0.263,1.3367825409173966
488,744,256,0.256,1.3354267213344575
510,755,245,0.245,1.3360091627836228
450,725,275,0.275,1.3360688312053681
542,771,229,0.229,1.337481019616127
500,750,250,0.25,1.327714033961296
492,746,254,0.254,1.332287482023239
540,770,230,0.23,1.331489538192749
512,756,244,0.244,1.3271685926914214
496,748,252,0.252,1.32650634431839
464,732,268,0.268,1.324857338309288
482,741,259,0.259,1.3263557488918305
482,741,259,0.259,1.3221592086553573
506,753,247,0.247,1.3248090374469756
512,756,244,0.244,1.321680145263672
466,733,267,0.267,1.3183892142772675
486,743,257,0.257,1.3197805066108703
498,749,251,0.251,1.3177970455884933
504,752,248,0.248,1.3173993784189224
520,760,240,0.24,1.3150780893564225
494,747,253,0.253,1.315898233771324
516,758,242,0.242,1.310277658700943
468,734,266,0.266,1.3147356261014937
518,759,241,0.241,1.3113811349868774
500,750,250,0.25,1.3117114567756654
452,726,274,0.274,1.311536729335785
462,731,269,0.269,1.308027025461197
500,750,250,0.25,1.303721888780594
462,731,269,0.269,1.3066941646337509
514,757,243,0.243,1.2996862379312515
496,748,252,0.252,1.3029504047632217
486,743,257,0.257,1.2998266457319259
494,747,253,0.253,1.3007094134092332
442,721,279,0.279,1.2971067621707917
530,765,235,0.235,1.2968227913379669
482,741,259,0.259,1.2981614068746568
428,714,286,0.286,1.294365425348282
494,747,253,0.253,1.295623822927475
552,776,224,0.224,1.2950422962903976
516,758,242,0.242,1.296435700774193
466,733,267,0.267,1.286816561460495
514,757,243,0.243,1.2872198469638825
440,720,280,0.28,1.286982511162758
430,715,285,0.285,1.2833649975061416
476,738,262,0.262,1.2818421605825425
532,766,234,0.234,1.2831089898347854
494,747,253,0.253,1.286695488333702
492,746,254,0.254,1.2831202882528305
476,738,262,0.262,1.2800251154899598
492,746,254,0.254,1.277916824221611
544,772,228,0.228,1.2773309149742127
508,754,246,0.246,1.277889608979225
534,767,233,0.233,1.2766511006355286
498,749,251,0.251,1.274073262691498
564,782,218,0.218,1.2742160452604294
510,755,245,0.245,1.270653278708458
542,771,229,0.229,1.2715942425727844
542,771,229,0.229,1.2679482887983322
532,766,234,0.234,1.2675563856363297
550,775,225,0.225,1.2714846233129502
448,724,276,0.276,1.265738193511963
530,765,235,0.235,1.2653797591924667
514,757,243,0.243,1.2625833055973052
486,743,257,0.257,1.2609242525100708
594,797,203,0.203,1.2626111527681352
498,749,251,0.251,1.2571235941648484
472,736,264,0.264,1.2558606861829757
486,743,257,0.257,1.2547010686397553
520,760,240,0.24,1.2567044303417205
548,774,226,0.226,1.2539853883385659
532,766,234,0.234,1.253326801598072
508,754,246,0.246,1.252424269914627
550,775,225,0.225,1.2516150308847427
494,747,253,0.253,1.2461215035915374
532,766,234,0.234,1.2442863634228707
496,748,252,0.252,1.2415695227384567
502,751,249,0.249,1.2426279287338258
526,763,237,0.237,1.2433139234781265
568,784,216,0.216,1.2408821941614152
548,774,226,0.226,1.2401318794488907
514,757,243,0.243,1.238898984372616
488,744,256,0.256,1.234321041584015
576,788,212,0.212,1.2374852646589278
554,777,223,0.223,1.2306852786540985
500,750,250,0.25,1.230629468202591
518,759,241,0.241,1.2315641171336174
498,749,251,0.251,1.226443547308445
508,754,246,0.246,1.225464583694935
530,765,235,0.235,1.226882323384285
488,744,256,0.256,1.2215079471468926
614,807,193,0.193,1.218356660783291
520,760,240,0.24,1.2132225850820542
576,788,212,0.212,1.2149950693845748
550,775,225,0.225,1.2195192024111747
514,757,243,0.243,1.216970215499401
482,741,259,0.259,1.2142826164364815
624,812,188,0.188,1.2114652993679047
546,773,227,0.227,1.21069527977705
504,752,248,0.248,1.209138457596302
540,770,230,0.23,1.2086445255875586
580,790,210,0.21,1.2095614320635795
590,795,205,0.205,1.2046096276044846
520,760,240,0.24,1.2038041762709617
482,741,259,0.259,1.2027392686605454
534,767,233,0.233,1.1998749313950539
578,789,211,0.211,1.2034133913516998
544,772,228,0.228,1.194208008646965
504,752,248,0.248,1.199294614613056
590,795,205,0.205,1.1951502593159675
520,760,240,0.24,1.1924294217824936
580,790,210,0.21,1.1931025279164313
534,767,233,0.233,1.1960849794745445
498,749,251,0.251,1.1898486508131028
542,771,229,0.229,1.189938064813614
560,780,220,0.22,1.1852137212753295
568,784,216,0.216,1.1862228657603264
600,800,200,0.2,1.1805737510323524
550,775,225,0.225,1.1769845107793808
540,770,230,0.23,1.1825228474140168
472,736,264,0.264,1.1805086809396743
566,783,217,0.217,1.1765671688914299
616,808,192,0.192,1.1787608969211578
502,751,249,0.249,1.1694436572790146
520,760,240,0.24,1.1736647651791572
570,785,215,0.215,1.1703522124886512
542,771,229,0.229,1.170236470103264
516,758,242,0.242,1.1671328229308129
532,766,234,0.234,1.162585849404335
594,797,203,0.203,1.1646794493794441
530,765,235,0.235,1.1657802874445915
588,794,206,0.206,1.1585079619288445
496,748,252,0.252,1.1525716224908829
532,766,234,0.234,1.1590586972236634
528,764,236,0.236,1.1512991815805436
578,789,211,0.211,1.155999263703823
544,772,228,0.228,1.1515527562499046
586,793,207,0.207,1.1504722199440003
566,783,217,0.217,1.1477325013279915
530,765,235,0.235,1.1479421102404594
596,798,202,0.202,1.1456410183906556
604,802,198,0.198,1.14804205596447
578,789,211,0.211,1.139232508957386
588,794,206,0.206,1.142986709356308
562,781,219,0.219,1.141347070813179
586,793,207,0.207,1.142064525783062
598,799,201,0.201,1.13448944491148
524,762,238,0.238,1.1361833401322365
528,764,236,0.236,1.1330944595336914
534,767,233,0.233,1.1272514740228652
510,755,245,0.245,1.1236325330138206
540,770,230,0.23,1.123495610833168
578,789,211,0.211,1.1232125625014304
568,784,216,0.216,1.1225353364348412
608,804,196,0.196,1.124641164958477
604,802,198,0.198,1.1176666719913482
568,784,216,0.216,1.114893075466156
600,800,200,0.2,1.1190552267432212
604,802,198,0.198,1.1108351221084596
584,792,208,0.208,1.1125459460616112
592,796,204,0.204,1.1074725958704947
560,780,220,0.22,1.1081616020202636
618,809,191,0.191,1.1071320303678513
590,795,205,0.205,1.1026425263285637
606,803,197,0.197,1.1027932314276696
574,787,213,0.213,1.103742582321167
608,804,196,0.196,1.0981648878455161
574,787,213,0.213,1.0969475461244582
588,794,206,0.206,1.0972425079345702
548,774,226,0.226,1.0954260094165802
558,779,221,0.221,1.0957927337288857
530,765,235,0.235,1.090366525888443
576,788,212,0.212,1.0871161509156226
574,787,213,0.213,1.0891616979241372
632,816,184,0.184,1.0826919339299201
550,775,225,0.225,1.0875935708880424
602,801,199,0.199,1.0798814963102341
560,780,220,0.22,1.0817788280248641
564,782,218,0.218,1.0874787071347236
598,799,201,0.201,1.0775753697752952
624,812,188,0.188,1.0767538655996323
548,774,226,0.226,1.0723652503490448
596,798,202,0.202,1.0716668898463249
630,815,185,0.185,1.069760147333145
568,784,216,0.216,1.0718963550925256
588,794,206,0.206,1.0680903099179269
558,779,221,0.221,1.058948637187481
596,798,202,0.202,1.0674648726582527
568,784,216,0.216,1.0598817019462585
590,795,205,0.205,1.0597485003471374
618,809,191,0.191,1.055386234164238
598,799,201,0.201,1.0541320708990096
580,790,210,0.21,1.0553120416402817
564,782,218,0.218,1.0534648116230965
566,783,217,0.217,1.0525986430048944
612,806,194,0.194,1.0556264816522598
558,779,221,0.221,1.0422487763762474
624,812,188,0.188,1.0426658533215523
616,808,192,0.192,1.0406753203868866
600,800,200,0.2,1.04010268586874
584,792,208,0.208,1.0398460608124733
576,788,212,0.212,1.038378522694111
618,809,191,0.191,1.0431453570723535
594,797,203,0.203,1.035015251517296
654,827,173,0.173,1.031188881754875
578,789,211,0.211,1.0298416261076928
584,792,208,0.208,1.024859313607216
606,803,197,0.197,1.0224639254808425
632,816,184,0.184,1.0207748990058898
654,827,173,0.173,1.0246738590598106
610,805,195,0.195,1.0155175080895424
642,821,179,0.179,1.014282663822174
530,765,235,0.235,1.0123865407705308
598,799,201,0.201,1.0064830567240715
622,811,189,0.189,1.0019011143445968
616,808,192,0.192,1.0089182966351509
558,779,221,0.221,1.0040118210315705
564,782,218,0.218,0.9995172499418259
566,783,217,0.217,0.9972966685891151
566,783,217,0.217,1.0031250437498094
632,816,184,0.184,0.9952421840429306
552,776,224,0.224,0.9927920104265213
544,772,228,0.228,0.9942753493785859
596,798,202,0.202,0.9910348705649376
634,817,183,0.183,0.986048480451107
604,802,198,0.198,0.9834738857150078
600,800,200,0.2,0.9873637583851814
676,838,162,0.162,0.9759836875200272
656,828,172,0.172,0.9760136641860008
658,829,171,0.171,0.9841690434217453
542,771,229,0.229,0.9758005914092064
632,816,184,0.184,0.9726872888803482
586,793,207,0.207,0.9710240857005119
602,801,199,0.199,0.9715087594389915
574,787,213,0.213,0.9687484082579613
640,820,180,0.18,0.966543163061142
518,759,241,0.241,0.9620699728131294
614,807,193,0.193,0.955505037009716
570,785,215,0.215,0.9575711578726769
594,797,203,0.203,0.9563576899170876
648,824,176,0.176,0.9569641631245613
534,767,233,0.233,0.9516537261605262
622,811,189,0.189,0.9465827952623367
658,829,171,0.171,0.9477376108765602
596,798,202,0.202,0.9446853841543198
614,807,193,0.193,0.9452676284313202
610,805,195,0.195,0.9378419933915139
596,798,202,0.202,0.9459962970614433
590,795,205,0.205,0.9382336519360542
676,838,162,0.162,0.9368857138752937
606,803,197,0.197,0.9310750512480735
612,806,194,0.194,0.9259221968054772
578,789,211,0.211,0.9307485699653626
648,824,176,0.176,0.9294869058132171
616,808,192,0.192,0.925308210670948
638,819,181,0.181,0.9217992405295372
606,803,197,0.197,0.9229537909030914
678,839,161,0.161,0.9216756527423858
642,821,179,0.179,0.9167406620383263
648,824,176,0.176,0.9111694378256798
612,806,194,0.194,0.9102755140662193
666,833,167,0.167,0.9072893921732903
576,788,212,0.212,0.9057515951395034
576,788,212,0.212,0.9083672499656678
556,778,222,0.222,0.8982630963325501
624,812,188,0.188,0.9038474259376525
600,800,200,0.2,0.8927704780101776
620,810,190,0.19,0.898422315120697
672,836,164,0.164,0.898567469060421
680,840,160,0.16,0.8952400012016296
628,814,186,0.186,0.8942337347269058
630,815,185,0.185,0.8927439832687378
576,788,212,0.212,0.8926292474269867
628,814,186,0.186,0.8909274671077728
618,809,191,0.191,0.885928173482418
612,806,194,0.194,0.882914419233799
616,808,192,0.192,0.8865714425444603
592,796,204,0.204,0.8797961414456368
622,811,189,0.189,0.8824216839075089
654,827,173,0.173,0.8824606631994247
584,792,208,0.208,0.8715247492790222
606,803,197,0.197,0.8753011705875396
604,802,198,0.198,0.8720369358062744
594,797,203,0.203,0.8621185569763183
606,803,197,0.197,0.8663439825773239
606,803,197,0.197,0.8653316950798035
634,817,183,0.183,0.8597768586277962
630,815,185,0.185,0.8621366983056068
640,820,180,0.18,0.8635894844532013
634,817,183,0.183,0.8576370651721954
592,796,204,0.204,0.852882927596569
656,828,172,0.172,0.8621180703341961
622,811,189,0.189,0.8583492821455002
580,790,210,0.21,0.8561717829108239
636,818,182,0.182,0.8484914693236351
632,816,184,0.184,0.8422388081550598
612,806,194,0.194,0.8471420294046402
676,838,162,0.162,0.8452181931138039
686,843,157,0.157,0.8405931773781776
630,815,185,0.185,0.8436531110405922
662,831,169,0.169,0.8378199579715728
606,803,197,0.197,0.8373473036885262
610,805,195,0.195,0.836559349745512
668,834,166,0.166,0.835725648522377
670,835,165,0.165,0.8370475593209267
650,825,175,0.175,0.8312952511310577
664,832,168,0.168,0.8377140438258648
662,831,169,0.169,0.8380708574056626
652,826,174,0.174,0.8287925019860267
654,827,173,0.173,0.8255185367166996
662,831,169,0.169,0.8265128836035729
620,810,190,0.19,0.8215565434098244
624,812,188,0.188,0.8285660896897316
668,834,166,0.166,0.8194365569353104
600,800,200,0.2,0.8215788526535034
644,822,178,0.178,0.8206325404047966
648,824,176,0.176,0.8132823139429093
638,819,181,0.181,0.8098197792768478
646,823,177,0.177,0.8107041644752025
702,851,149,0.149,0.8150004894733429
604,802,198,0.198,0.81436285084486
698,849,151,0.151,0.8156767102777958
584,792,208,0.208,0.8031993327140808
644,822,178,0.178,0.8028973198533058
670,835,165,0.165,0.8074175819754601
668,834,166,0.166,0.8029456379413604
646,823,177,0.177,0.8061694808006287
692,846,154,0.154,0.7968792846798897
678,839,161,0.161,0.7926383439600467
696,848,152,0.152,0.7936761863231659
614,807,193,0.193,0.7943669789135456
600,800,200,0.2,0.7895088875591755
634,817,183,0.183,0.7899595982432366
682,841,159,0.159,0.7954877000153064
650,825,175,0.175,0.7815081533789635
680,840,160,0.16,0.7868634257614613
638,819,181,0.181,0.7840499321222305
672,836,164,0.164,0.7852208737134934
674,837,163,0.163,0.770765936166048
678,839,161,0.161,0.7735435677170753
682,841,159,0.159,0.7705297710895538
652,826,174,0.174,0.7722704065442085
662,831,169,0.169,0.7690213870406151
706,853,147,0.147,0.7695274430513382
624,812,188,0.188,0.7646641446948051
690,845,155,0.155,0.7602044063210487
702,851,149,0.149,0.7620238128602504
642,821,179,0.179,0.7625549893081188
634,817,183,0.183,0.7496492394208908
654,827,173,0.173,0.7597408219873906
632,816,184,0.184,0.7643524923026562
638,819,181,0.181,0.7569228464961052
648,824,176,0.176,0.7526420030891895
636,818,182,0.182,0.7495352589786053
706,853,147,0.147,0.7471116576492787
716,858,142,0.142,0.7554150923490525
646,823,177,0.177,0.750390622228384
644,822,178,0.178,0.7483376112878323
680,840,160,0.16,0.7427470452189445
598,799,201,0.201,0.7449903751313687
668,834,166,0.166,0.743119262099266
592,796,204,0.204,0.7375054754316807
634,817,183,0.183,0.7347196449339389
600,800,200,0.2,0.7383436125218868
650,825,175,0.175,0.7256298621892929
592,796,204,0.204,0.7319318360984325
646,823,177,0.177,0.7279801406860351
684,842,158,0.158,0.7264208006858826
640,820,180,0.18,0.7242341676652432
692,846,154,0.154,0.7293728961348533
662,831,169,0.169,0.7246661548614501
696,848,152,0.152,0.7194460068941116
656,828,172,0.172,0.71902268704772
590,795,205,0.205,0.7139259515702725
600,800,200,0.2,0.7187838670611382
702,851,149,0.149,0.7294598017632962
648,824,176,0.176,0.7201638042330741
580,790,210,0.21,0.7131664188206196
596,798,202,0.202,0.7189045611023903
672,836,164,0.164,0.7103824510276318
676,838,162,0.162,0.7174329861104488
650,825,175,0.175,0.705940106511116
658,829,171,0.171,0.6992452190220356
634,817,183,0.183,0.7101659094393253
686,843,157,0.157,0.7118345959186554
652,826,174,0.174,0.7091451224386692
648,824,176,0.176,0.6997328626513482
640,820,180,0.18,0.7044615218639374
634,817,183,0.183,0.6996934525668621
622,811,189,0.189,0.6935532090365887
608,804,196,0.196,0.7048855558335781
748,874,126,0.126,0.6941401995718479
658,829,171,0.171,0.6996220774352551
700,850,150,0.15,0.6881811391711236
678,839,161,0.161,0.6912030720412731
684,842,158,0.158,0.6921861047446728
680,840,160,0.16,0.6868978085517883
654,827,173,0.173,0.6892942232489586
654,827,173,0.173,0.6904904846251011
722,861,139,0.139,0.6882063477933407
682,841,159,0.159,0.6866945623457432
612,806,194,0.194,0.6869714578092099
702,851,149,0.149,0.6886844781637191
686,843,157,0.157,0.6828205191791058
676,838,162,0.162,0.680504900932312
624,812,188,0.188,0.6783620010614395
636,818,182,0.182,0.6764739241600036
684,842,158,0.158,0.6708778449594974
640,820,180,0.18,0.6753509947955608
684,842,158,0.158,0.6735016885995865
686,843,157,0.157,0.6792896504998207
640,820,180,0.18,0.6683831485509872
684,842,158,0.158,0.6683101547062397
636,818,182,0.182,0.6667143659293652
654,827,173,0.173,0.667026792705059
666,833,167,0.167,0.6589574418962002
670,835,165,0.165,0.6619389962852001
712,856,144,0.144,0.6650126444399357
676,838,162,0.162,0.6639237360954284
670,835,165,0.165,0.6564195862710476
642,821,179,0.179,0.6599416310191154
678,839,161,0.161,0.6573127590417862
650,825,175,0.175,0.6620920051932335
674,837,163,0.163,0.6558841825127601
660,830,170,0.17,0.6582459096312523
648,824,176,0.176,0.6617293117642402
654,827,173,0.173,0.6570631930530071
716,858,142,0.142,0.6439016474485397
668,834,166,0.166,0.6551005943417549
662,831,169,0.169,0.6442734710574151
694,847,153,0.153,0.6519922010302543
742,871,129,0.129,0.6416069033145905
676,838,162,0.162,0.6494445654153824
684,842,158,0.158,0.6405176219940185
680,840,160,0.16,0.6507091135084629
698,849,151,0.151,0.6422430365383625
700,850,150,0.15,0.6444397740066051
646,823,177,0.177,0.6425799838900567
678,839,161,0.161,0.643515375316143
700,850,150,0.15,0.6399413098692894
674,837,163,0.163,0.6330004216432571
698,849,151,0.151,0.6451338706016541
666,833,167,0.167,0.63944651684165
632,816,184,0.184,0.6340834667384625
718,859,141,0.141,0.6339528113305569
666,833,167,0.167,0.6362014379203319
660,830,170,0.17,0.6325305514335632
668,834,166,0.166,0.6295931449532509
674,837,163,0.163,0.632738315910101
684,842,158,0.158,0.6345515988469124
654,827,173,0.173,0.6256240577697754
610,805,195,0.195,0.6311774114966393
674,837,163,0.163,0.6301309852600098
700,850,150,0.15,0.6314490500688553
654,827,173,0.173,0.6203251866400242
702,851,149,0.149,0.6224746216833591
622,811,189,0.189,0.6261235978603363
708,854,146,0.146,0.6229656608700752
692,846,154,0.154,0.6213890432715415
710,855,145,0.145,0.6204052166640759
622,811,189,0.189,0.6210354683399201
712,856,144,0.144,0.618720829218626
652,826,174,0.174,0.6229934911429882
682,841,159,0.159,0.6152827112972736
712,856,144,0.144,0.614542004942894
612,806,194,0.194,0.6196879741847515
688,844,156,0.156,0.6091047287285328
672,836,164,0.164,0.6159935766756535
678,839,161,0.161,0.6153336077332496
674,837,163,0.163,0.6112567218840123
636,818,182,0.182,0.6140564073622227
622,811,189,0.189,0.6112176186740398
686,843,157,0.157,0.6129999393224717
658,829,171,0.171,0.6014260094463825
696,848,152,0.152,0.6081896819472313
698,849,151,0.151,0.6096755782067775
646,823,177,0.177,0.6045183261036873
712,856,144,0.144,0.6022560786008835
706,853,147,0.147,0.6034703488647938
648,824,176,0.176,0.5956241587400436
722,861,139,0.139,0.6024826227724552
712,856,144,0.144,0.6046080765128136
652,826,174,0.174,0.5973032916486263
720,860,140,0.14,0.5986063654124737
710,855,145,0.145,0.5958130643367767
656,828,172,0.172,0.6031784052848816
696,848,152,0.152,0.6019770247340203
696,848,152,0.152,0.5936580094099044
692,846,154,0.154,0.5972208852767944
642,821,179,0.179,0.5898811542987823
742,871,129,0.129,0.5908830066025257
626,813,187,0.187,0.5912822697162629
682,841,159,0.159,0.5900416032671928
692,846,154,0.154,0.5918749251961708
696,848,152,0.152,0.5942764222174883
712,856,144,0.144,0.5910629456341266
666,833,167,0.167,0.5966379543244839
662,831,169,0.169,0.5957230778038501
712,856,144,0.144,0.5944021827280521
688,844,156,0.156,0.5897330455183983
728,864,136,0.136,0.5907168263196945
658,829,171,0.171,0.5850394322574138
696,848,152,0.152,0.5875112969875336
654,827,173,0.173,0.5818649902045727
726,863,137,0.137,0.5833437277078628
686,843,157,0.157,0.5802871879339219
632,816,184,0.184,0.5830352788865566
616,808,192,0.192,0.5739311406612396
682,841,159,0.159,0.5874161419868469
650,825,175,0.175,0.5749460799992084
630,815,185,0.185,0.5816589222848415
654,827,173,0.173,0.580526777073741
646,823,177,0.177,0.5737021574676037
702,851,149,0.149,0.5688717646598815
660,830,170,0.17,0.5681606812477111
692,846,154,0.154,0.5688391198515892
656,828,172,0.172,0.5657346372008324
674,837,163,0.163,0.5686443543136119
684,842,158,0.158,0.5671690522134304
636,818,182,0.182,0.5733552634119987
642,821,179,0.179,0.5691149469912052
714,857,143,0.143,0.5689873014390469
600,800,200,0.2,0.5675247326493263
704,852,148,0.148,0.5668245375752449
644,822,178,0.178,0.5679956957995892
700,850,150,0.15,0.5724253923892975
704,852,148,0.148,0.5609350982606411
684,842,158,0.158,0.5736569810807705
686,843,157,0.157,0.5623172446787358
690,845,155,0.155,0.5657818111479282
696,848,152,0.152,0.5609945644438267
656,828,172,0.172,0.5681288582086563
740,870,130,0.13,0.5595056355297565
646,823,177,0.177,0.5595691978633404
682,841,159,0.159,0.5615234526544809
586,793,207,0.207,0.5545636402964592
686,843,157,0.157,0.5528440850377083
694,847,153,0.153,0.5541469268798828
714,857,143,0.143,0.5595298088788986
660,830,170,0.17,0.5579303098917008
656,828,172,0.172,0.5636942929923534
676,838,162,0.162,0.5558709770739079
694,847,153,0.153,0.5625634398311377
676,838,162,0.162,0.5607464161217213
672,836,164,0.164,0.5588893643021584
642,821,179,0.179,0.5540747321844101
656,828,172,0.172,0.5505214169025421
674,837,163,0.163,0.5545633720457553
700,850,150,0.15,0.557468505859375
646,823,177,0.177,0.5555740795135498
682,841,159,0.159,0.548921692699194
678,839,161,0.161,0.5495669159293175
664,832,168,0.168,0.5492161048203706
710,855,145,0.145,0.5512135764658451
658,829,171,0.171,0.5484098384678364
642,821,179,0.179,0.5407177930176258
690,845,155,0.155,0.5498636364042759
684,842,158,0.158,0.5468884747028351
586,793,207,0.207,0.5480501190423965
744,872,128,0.128,0.5432603577077388
632,816,184,0.184,0.5450106338560581
704,852,148,0.148,0.5472612080723047
682,841,159,0.159,0.5456079769134522
652,826,174,0.174,0.5463387082517147
706,853,147,0.147,0.5441781712472439
692,846,154,0.154,0.5470018194019794
668,834,166,0.166,0.5496508993804455
674,837,163,0.163,0.538247612759471
720,860,140,0.14,0.542459930151701
646,823,177,0.177,0.5435852191150189
712,856,144,0.144,0.538252784177661
710,855,145,0.145,0.5386495713442564
622,811,189,0.189,0.5423767501711846
638,819,181,0.181,0.5423725014925003
656,828,172,0.172,0.5387563908100128
664,832,168,0.168,0.541106247574091
664,832,168,0.168,0.5477052401602268
634,817,183,0.183,0.5364408805072307
694,847,153,0.153,0.5416709082573652
620,810,190,0.19,0.5389091289639473
674,837,163,0.163,0.5390564641654492
688,844,156,0.156,0.5372564801573754
650,825,175,0.175,0.5435334519594908
736,868,132,0.132,0.5442313124239445
732,866,134,0.134,0.5365718053430318
728,864,136,0.136,0.5423669483661652
708,854,146,0.146,0.5395009554028511
674,837,163,0.163,0.5341528069376945
726,863,137,0.137,0.5347249352037907
704,852,148,0.148,0.5350158326029778
636,818,182,0.182,0.5379762675762176
714,857,143,0.143,0.5327204499095678
640,820,180,0.18,0.5345281184315681
742,871,129,0.129,0.5300288446843624
692,846,154,0.154,0.5289130001664162
704,852,148,0.148,0.5291244050860405
656,828,172,0.172,0.5338598012179137
742,871,129,0.129,0.5254950665831566
694,847,153,0.153,0.5262814036756754
652,826,174,0.174,0.5312088108360767
718,859,141,0.141,0.5281755534112453
704,852,148,0.148,0.5261325366795063
730,865,135,0.135,0.5326421494781971
684,842,158,0.158,0.5287106659561396
702,851,149,0.149,0.5309182355999946
700,850,150,0.15,0.5279837002903223
732,866,134,0.134,0.5235087274909019
738,869,131,0.131,0.5203124254047871
772,886,114,0.114,0.5224501372575759
696,848,152,0.152,0.523275477796793
666,833,167,0.167,0.5243293786942959
648,824,176,0.176,0.5238283607959747
710,855,145,0.145,0.5259192268252373
674,837,163,0.163,0.522643128708005
690,845,155,0.155,0.5211900246739387
626,813,187,0.187,0.5208493681401014
714,857,143,0.143,0.5108720100522042
646,823,177,0.177,0.5221137150526046
630,815,185,0.185,0.5249841817319393
660,830,170,0.17,0.5196607151925564
704,852,148,0.148,0.5187845785617828
650,825,175,0.175,0.518484255373478
666,833,167,0.167,0.5190386268496513
678,839,161,0.161,0.5201427769362926
676,838,162,0.162,0.5262730914354324
664,832,168,0.168,0.5152182584553957
666,833,167,0.167,0.5171871747672557
692,846,154,0.154,0.5085670698434115
668,834,166,0.166,0.5198042233586311
738,869,131,0.131,0.5151585838347673
676,838,162,0.162,0.5109575972408056
720,860,140,0.14,0.508368923202157
734,867,133,0.133,0.506849550485611
658,829,171,0.171,0.517255048468709
648,824,176,0.176,0.511879819214344
664,832,168,0.168,0.5132816455960274
724,862,138,0.138,0.5079490410685539
732,866,134,0.134,0.5104320750832557
702,851,149,0.149,0.5142812696695328
692,846,154,0.154,0.5007419458776713
662,831,169,0.169,0.5096619294732809
686,843,157,0.157,0.5073033383190632
662,831,169,0.169,0.5119050268679858
650,825,175,0.175,0.5089367595016956
728,864,136,0.136,0.4986121096462011
730,865,135,0.135,0.5051318151801825
708,854,146,0.146,0.5053367949277162
674,837,163,0.163,0.5016806033998727
720,860,140,0.14,0.5047769283801318
650,825,175,0.175,0.4965356796979904
650,825,175,0.175,0.5004908622950316
670,835,165,0.165,0.499404747068882
656,828,172,0.172,0.5036537857353687
680,840,160,0.16,0.5017886550724506
700,850,150,0.15,0.5045468837022782
734,867,133,0.133,0.4935009181201458
692,846,154,0.154,0.4955251982808113
638,819,181,0.181,0.5010689828842878
690,845,155,0.155,0.49527796180546285
684,842,158,0.158,0.5006497574895621
694,847,153,0.153,0.5040624809116125
786,893,107,0.107,0.4958106632679701
738,869,131,0.131,0.48983375751972197
770,885,115,0.115,0.4885717271566391
654,827,173,0.173,0.4989386734068394
674,837,163,0.163,0.5003906547874212
668,834,166,0.166,0.4955672219544649
688,844,156,0.156,0.49445018757879733
682,841,159,0.159,0.4901796445399523
722,861,139,0.139,0.4937945217192173
770,885,115,0.115,0.4879811110496521
684,842,158,0.158,0.4910962845683098
682,841,159,0.159,0.48511771538853643
724,862,138,0.138,0.48617566595971584
698,849,151,0.151,0.4849182276725769
708,854,146,0.146,0.48421265730261803
654,827,173,0.173,0.48802344377338885
702,851,149,0.149,0.48738280065357686
704,852,148,0.148,0.4837764336615801
708,854,146,0.146,0.4763547692596912
642,821,179,0.179,0.4809516355395317
730,865,135,0.135,0.483171210065484
676,838,162,0.162,0.4748721012920141
706,853,147,0.147,0.4787565435320139
712,856,144,0.144,0.48021654154360294
676,838,162,0.162,0.48297090676426885
690,845,155,0.155,0.48152523370087147
698,849,151,0.151,0.4829139239937067
638,819,181,0.181,0.4780578327924013
718,859,141,0.141,0.4761406774967909
722,861,139,0.139,0.47032378587126733
730,865,135,0.135,0.471438542842865
646,823,177,0.177,0.47532469682395456
714,857,143,0.143,0.4723457714170218
656,828,172,0.172,0.4726247020214796
726,863,137,0.137,0.4676212550550699
736,868,132,0.132,0.4692244470566511
692,846,154,0.154,0.47221504731476305
694,847,153,0.153,0.47094035185873506
712,856,144,0.144,0.46322309152781965
692,846,154,0.154,0.46729288333654406
662,831,169,0.169,0.46663338343799116
682,841,159,0.159,0.45876623658835886
644,822,178,0.178,0.4699059463739395
652,826,174,0.174,0.46202300748229025
698,849,151,0.151,0.46791314324736594
710,855,145,0.145,0.46108513362705705
728,864,136,0.136,0.4665393104851246
674,837,163,0.163,0.4663031247407198
744,872,128,0.128,0.4644995552152395
726,863,137,0.137,0.4673122328072786
688,844,156,0.156,0.4665043524354696
724,862,138,0.138,0.46210389088094234
754,877,123,0.123,0.4544313303083181
658,829,171,0.171,0.4576544390916824
660,830,170,0.17,0.4530504483282566
620,810,190,0.19,0.45887632510066034
728,864,136,0.136,0.4558647204786539
710,855,145,0.145,0.4546355639398098
690,845,155,0.155,0.462631082624197
740,870,130,0.13,0.4540541300177574
684,842,158,0.158,0.45278788298368455
716,858,142,0.142,0.45964772094786166
696,848,152,0.152,0.4519277753829956
658,829,171,0.171,0.4529940654337406
706,853,147,0.147,0.4558794628828764
650,825,175,0.175,0.4534430156946182
646,823,177,0.177,0.45526911506056783
716,858,142,0.142,0.44971356189250944
684,842,158,0.158,0.44721422335505484
678,839,161,0.161,0.44836157163977625
612,806,194,0.194,0.4515866325348616
696,848,152,0.152,0.449929043546319
738,869,131,0.131,0.4499985290914774
728,864,136,0.136,0.4450648882985115
656,828,172,0.172,0.4485809867233038
680,840,160,0.16,0.4491756485104561
646,823,177,0.177,0.44302316977083683
634,817,183,0.183,0.44791630533337595
686,843,157,0.157,0.44387446793913843
680,840,160,0.16,0.4491889405697584
686,843,157,0.157,0.44996432489156724
644,822,178,0.178,0.44379923708736896
652,826,174,0.174,0.4363121461868286
656,828,172,0.172,0.44224195916950704
684,842,158,0.158,0.44449299409985543
700,850,150,0.15,0.4384135172069073
730,865,135,0.135,0.437657946780324
706,853,147,0.147,0.4423457243293524
672,836,164,0.164,0.4367681817561388
750,875,125,0.125,0.43760215754806997
670,835,165,0.165,0.4364922550469637
646,823,177,0.177,0.43809902913868426
664,832,168,0.168,0.43821338130533694
742,871,129,0.129,0.43874542228877544
690,845,155,0.155,0.4275163933932781
710,855,145,0.145,0.43230199901759625
730,865,135,0.135,0.4333117218911648
726,863,137,0.137,0.4254618629962206
692,846,154,0.154,0.42429909954965117
674,837,163,0.163,0.4247718417495489
684,842,158,0.158,0.4299952039718628
680,840,160,0.16,0.43499811463057997
734,867,133,0.133,0.4323354533165693
676,838,162,0.162,0.4264162375479937
688,844,156,0.156,0.4264718620479107
692,846,154,0.154,0.4245749479085207
678,839,161,0.161,0.42412953996658326
692,846,154,0.154,0.4285919222533703
666,833,167,0.167,0.4230206484645605
676,838,162,0.162,0.42280363668501375
684,842,158,0.158,0.42353739629685877
694,847,153,0.153,0.42020871806144716
672,836,164,0.164,0.4254347620457411
672,836,164,0.164,0.42649507023394106
702,851,149,0.149,0.42675562818348406
716,858,142,0.142,0.41968615452945235
710,855,145,0.145,0.4245845424681902
710,855,145,0.145,0.42439432360231877
720,860,140,0.14,0.4217719693183899
656,828,172,0.172,0.41624902291595933
722,861,139,0.139,0.4144636210203171
704,852,148,0.148,0.4223813851773739
746,873,127,0.127,0.4130077732056379
670,835,165,0.165,0.4191415598988533
718,859,141,0.141,0.4143278754800558
678,839,161,0.161,0.413323269456625
688,844,156,0.156,0.411052076369524
754,877,123,0.123,0.4087430144548416
668,834,166,0.166,0.41348118712008
710,855,145,0.145,0.41544929064810276
710,855,145,0.145,0.41153862592577933
672,836,164,0.164,0.41805654200911524
686,843,157,0.157,0.4094177592396736
682,841,159,0.159,0.40455221219360826
726,863,137,0.137,0.41076977117359637
678,839,161,0.161,0.4124139600098133
664,832,168,0.168,0.4107411936223507
674,837,163,0.163,0.40554773642122743
672,836,164,0.164,0.40428030836582185
734,867,133,0.133,0.4051720054969192
702,851,149,0.149,0.40147775545716285
682,841,159,0.159,0.40726036615669725
722,861,139,0.139,0.4041474867016077
746,873,127,0.127,0.39757134406268596
704,852,148,0.148,0.40151720386743545
674,837,163,0.163,0.40515591567754744
692,846,154,0.154,0.4046987142264843
704,852,148,0.148,0.40526820249855516
718,859,141,0.141,0.40304829090833666
668,834,166,0.166,0.39379487571120264
704,852,148,0.148,0.40098600076138974
682,841,159,0.159,0.3976780998110771
642,821,179,0.179,0.4015971196144819
670,835,165,0.165,0.4087336450666189
714,857,143,0.143,0.39802828162908555
726,863,137,0.137,0.3961134629994631
700,850,150,0.15,0.39659057873487474
724,862,138,0.138,0.3982434099465609
706,853,147,0.147,0.3966723497360945
714,857,143,0.143,0.39472614835202696
722,861,139,0.139,0.39430542719364164
706,853,147,0.147,0.39480509160459043
704,852,148,0.148,0.3946158514618874
638,819,181,0.181,0.39816121046245095
730,865,135,0.135,0.39099458849430085
744,872,128,0.128,0.3961424104422331
678,839,161,0.161,0.3942995295971632
724,862,138,0.138,0.38977207274734976
700,850,150,0.15,0.39352493807673455
724,862,138,0.138,0.39050719168782233
710,855,145,0.145,0.3919268393665552
702,851,149,0.149,0.3866983382701874
672,836,164,0.164,0.39141544967889785
680,840,160,0.16,0.39076612634956837
724,862,138,0.138,0.38525839072465895
692,846,154,0.154,0.38968301902711394
634,817,183,0.183,0.3943374422490597
624,812,188,0.188,0.3939870724231005
660,830,170,0.17,0.38858951763808725
686,843,157,0.157,0.38558781156688926
742,871,129,0.129,0.381117545068264
742,871,129,0.129,0.3782625625282526
746,873,127,0.127,0.3838039321601391
668,834,166,0.166,0.37977540366351603
702,851,149,0.149,0.38124900502711534
666,833,167,0.167,0.38002768909931184
692,846,154,0.154,0.38061230204999447
712,856,144,0.144,0.380059447273612
672,836,164,0.164,0.3879330939352512
598,799,201,0.201,0.37884221759438513
726,863,137,0.137,0.3823679346069694
726,863,137,0.137,0.37697661624848844
682,841,159,0.159,0.38411910335719585
732,866,134,0.134,0.38056266044080256
670,835,165,0.165,0.38271628007292746
768,884,116,0.116,0.3764188382178545
696,848,152,0.152,0.374941358089447
700,850,150,0.15,0.3767341674417257
706,853,147,0.147,0.3799065527766943
780,890,110,0.11,0.37730713564157486
708,854,146,0.146,0.3818036318421364
688,844,156,0.156,0.3741911111921072
784,892,108,0.108,0.3717868132069707
684,842,158,0.158,0.37956458994746206
700,850,150,0.15,0.37354693664610383
706,853,147,0.147,0.37110690626502035
662,831,169,0.169,0.3721803820878267
710,855,145,0.145,0.3769463149011135
676,838,162,0.162,0.37894061985611915
764,882,118,0.118,0.3711464123353362
688,844,156,0.156,0.37215075205266474
710,855,145,0.145,0.3693863564133644
666,833,167,0.167,0.3756269160360098
718,859,141,0.141,0.3695352207273245
706,853,147,0.147,0.37124868005514144
696,848,152,0.152,0.37440420015156267
690,845,155,0.155,0.3763935817927122
628,814,186,0.186,0.3724601340740919
662,831,169,0.169,0.36986224073171614
704,852,148,0.148,0.3723927564620972
688,844,156,0.156,0.37215228663384914
740,870,130,0.13,0.3708325240164995
744,872,128,0.128,0.3681669752001762
740,870,130,0.13,0.36710086096823213
724,862,138,0.138,0.3700628006011248
702,851,149,0.149,0.37245654612779616
698,849,151,0.151,0.36782923018932345
732,866,134,0.134,0.36537737764418127
714,857,143,0.143,0.37048492935299876
658,829,171,0.171,0.36058206417411565
670,835,165,0.165,0.3716637356132269
766,883,117,0.117,0.36947656463831663
706,853,147,0.147,0.364563790500164
722,861,139,0.139,0.3690905836671591
730,865,135,0.135,0.36770009772479534
700,850,150,0.15,0.3667293288856745
728,864,136,0.136,0.3653762047737837
662,831,169,0.169,0.36631051474809645
740,870,130,0.13,0.36782999727129934
722,861,139,0.139,0.36608133156597616
746,873,127,0.127,0.361372192338109
746,873,127,0.127,0.37052628679573535
722,861,139,0.139,0.3616725140362978
754,877,123,0.123,0.363944139122963
764,882,118,0.118,0.3672207544595003
694,847,153,0.153,0.3633387469947338
678,839,161,0.161,0.3695458415597677
682,841,159,0.159,0.35917739756405354
680,840,160,0.16,0.3598489316031337
736,868,132,0.132,0.3542833321094513
718,859,141,0.141,0.35985475867241623
736,868,132,0.132,0.356303065314889
696,848,152,0.152,0.3614332339912653
740,870,130,0.13,0.3563791578188539
770,885,115,0.115,0.3537986378371716
702,851,149,0.149,0.3561360432356596
728,864,136,0.136,0.36020801138877867
704,852,148,0.148,0.35648965637385843
728,864,136,0.136,0.3586440179795027
736,868,132,0.132,0.3557431857138872
696,848,152,0.152,0.3534578094482422
676,838,162,0.162,0.36092569206655023
676,838,162,0.162,0.3516355129629374
722,861,139,0.139,0.3526820075660944
724,862,138,0.138,0.3508662298768759
702,851,149,0.149,0.35430902971327305
734,867,133,0.133,0.35108754577487705
680,840,160,0.16,0.359759021833539
736,868,132,0.132,0.3541726956963539
680,840,160,0.16,0.3571385903954506
732,866,134,0.134,0.3569065817147493
670,835,165,0.165,0.352153345271945
740,870,130,0.13,0.3485247408598661
696,848,152,0.152,0.35025033294409513
724,862,138,0.138,0.35202840134501456
692,846,154,0.154,0.3557222526147962
768,884,116,0.116,0.35312326945364475
772,886,114,0.114,0.35676536136865616
762,881,119,0.119,0.35209439663589
678,839,161,0.161,0.3499507925286889
662,831,169,0.169,0.3474839503318071
638,819,181,0.181,0.35196224980056284
720,860,140,0.14,0.3520837292522192
668,834,166,0.166,0.35240135085582736
724,862,138,0.138,0.35108438500761985
756,878,122,0.122,0.3521208649724722
700,850,150,0.15,0.35449678456783296
672,836,164,0.164,0.34975639963895083
746,873,127,0.127,0.3541338922008872
696,848,152,0.152,0.34939608541876077
696,848,152,0.152,0.3494870748817921
660,830,170,0.17,0.3613371820747852
718,859,141,0.141,0.3518908039033413
684,842,158,0.158,0.3525543551966548
720,860,140,0.14,0.34664287930727006
728,864,136,0.136,0.34860858516395093
702,851,149,0.149,0.3569148482233286
658,829,171,0.171,0.35437246745824813
694,847,153,0.153,0.3512210010141134
744,872,128,0.128,0.3511508918106556
714,857,143,0.143,0.35411772356927396
590,795,205,0.205,0.3579452653825283
614,807,193,0.193,0.3458778333812952
704,852,148,0.148,0.3528343513011932
702,851,149,0.149,0.34985286214202643
742,871,129,0.129,0.3549044446572661
676,838,162,0.162,0.3522887781560421
728,864,136,0.136,0.3486905986070633
676,838,162,0.162,0.35430390609800816
638,819,181,0.181,0.35002983644604685
656,828,172,0.172,0.35028828121721745
720,860,140,0.14,0.35565790757536886
716,858,142,0.142,0.3476161588430405
732,866,134,0.134,0.34716200493276117
746,873,127,0.127,0.3500567518174648
740,870,130,0.13,0.3484179537296295
728,864,136,0.136,0.3464518620222807
690,845,155,0.155,0.350234164878726
724,862,138,0.138,0.34652978864312173
664,832,168,0.168,0.35182679407298567
736,868,132,0.132,0.349133653819561
666,833,167,0.167,0.3533870494887233
730,865,135,0.135,0.3495832350552082
722,861,139,0.139,0.34520156049728395
722,861,139,0.139,0.3419202924221754
682,841,159,0.159,0.3452141301482916
694,847,153,0.153,0.3471279963105917
696,848,152,0.152,0.3416341556981206
696,848,152,0.152,0.351351062938571
708,854,146,0.146,0.34674061186611654
726,863,137,0.137,0.3411000019311905
748,874,126,0.126,0.33807231073081495
750,875,125,0.125,0.3468274902552366
672,836,164,0.164,0.34735415820777416
658,829,171,0.171,0.351847155675292
630,815,185,0.185,0.3519484440088272
748,874,126,0.126,0.3504336700364947
698,849,151,0.151,0.35349640049040315
696,848,152,0.152,0.35143634951114655
710,855,145,0.145,0.3516335684508085
730,865,135,0.135,0.34862795811891556
776,888,112,0.112,0.35238655491173265
708,854,146,0.146,0.3450203673839569
672,836,164,0.164,0.3445598902255297
704,852,148,0.148,0.3478938493132591
766,883,117,0.117,0.3422554076239467
768,884,116,0.116,0.34667621947824956
748,874,126,0.126,0.34717719088494775
666,833,167,0.167,0.34811085122823715
648,824,176,0.176,0.34817448890954256
666,833,167,0.167,0.3457451012134552
708,854,146,0.146,0.344571126781404
684,842,158,0.158,0.34994436891376973
690,845,155,0.155,0.3467484136968851
742,871,129,0.129,0.3396309950947762
714,857,143,0.143,0.34467425613105296
672,836,164,0.164,0.3482601484209299
714,857,143,0.143,0.3379098763167858
682,841,159,0.159,0.3440695445537567
716,858,142,0.142,0.3474636510014534
680,840,160,0.16,0.33492250233888626
734,867,133,0.133,0.34643581736832857
666,833,167,0.167,0.34122389736771586
722,861,139,0.139,0.33799668302387
726,863,137,0.137,0.3441735474318266
716,858,142,0.142,0.34233903321623804
670,835,165,0.165,0.3453305206000805
664,832,168,0.168,0.34205833591520785
662,831,169,0.169,0.34640766198933126
658,829,171,0.171,0.34774065943062304
690,845,155,0.155,0.34320728766173125
708,854,146,0.146,0.3380824987590313
638,819,181,0.181,0.3439524145871401
660,830,170,0.17,0.3376296319440007
676,838,162,0.162,0.3375138913244009
684,842,158,0.158,0.34066749285161496
706,853,147,0.147,0.33979828855395317
678,839,161,0.161,0.3374947714060545
690,845,155,0.155,0.33753676886856554
704,852,148,0.148,0.3392202766686678
666,833,167,0.167,0.3416224438622594
694,847,153,0.153,0.34206797966361047
698,849,151,0.151,0.3406170166954398
624,812,188,0.188,0.34257785795629025
722,861,139,0.139,0.34520066040754316
748,874,126,0.126,0.3463843265771866
686,843,157,0.157,0.34294284977018835
716,858,142,0.142,0.34181279070675374
728,864,136,0.136,0.33952052509784697
702,851,149,0.149,0.3364720152169466
698,849,151,0.151,0.34251834116876123
760,880,120,0.12,0.33905877503007653
694,847,153,0.153,0.33535294714570046
680,840,160,0.16,0.3424391526430845
644,822,178,0.178,0.3392018266767263
730,865,135,0.135,0.3389418087899685
702,851,149,0.149,0.3437801813930273
746,873,127,0.127,0.33696479656547307
706,853,147,0.147,0.33562317623198035
692,846,154,0.154,0.33606459937989713
732,866,134,0.134,0.3473775399625301
774,887,113,0.113,0.33177030320465567
654,827,173,0.173,0.3313869047909975
710,855,145,0.145,0.3387643152624369
748,874,126,0.126,0.334795316234231
726,863,137,0.137,0.33664353463053703
678,839,161,0.161,0.3403662055507302
696,848,152,0.152,0.3380340346544981
692,846,154,0.154,0.33234837687015534
728,864,136,0.136,0.3324240562915802
706,853,147,0.147,0.33486279053986073
718,859,141,0.141,0.33327383384108544
656,828,172,0.172,0.3367097555696964
738,869,131,0.131,0.3330333224534988
704,852,148,0.148,0.33799591770768167
676,838,162,0.162,0.33614553321897983
702,851,149,0.149,0.3310655790641904
678,839,161,0.161,0.3369005872011185
736,868,132,0.132,0.33100879333913324
730,865,135,0.135,0.3329099959358573
714,857,143,0.143,0.33124793096631766
756,878,122,0.122,0.33145039063692094
676,838,162,0.162,0.3359586292654276
754,877,123,0.123,0.33419398199766875
704,852,148,0.148,0.3296458890363574
712,856,144,0.144,0.33170894742012025
700,850,150,0.15,0.3299862911179662
684,842,158,0.158,0.33491788244992493
756,878,122,0.122,0.3317000765502453
738,869,131,0.131,0.320936897829175
650,825,175,0.175,0.33314765760302545
656,828,172,0.172,0.3307846076637507
688,844,156,0.156,0.32631817476451397
700,850,150,0.15,0.33410589292645454
684,842,158,0.158,0.3267600184082985
708,854,146,0.146,0.3306006294041872
742,871,129,0.129,0.3192594103217125
664,832,168,0.168,0.3314260122328997
690,845,155,0.155,0.32690220361202954
672,836,164,0.164,0.33200530023872854
708,854,146,0.146,0.321109404489398
730,865,135,0.135,0.32438305784761906
688,844,156,0.156,0.325039116717875
730,865,135,0.135,0.33271729554235935
722,861,139,0.139,0.32295212928950784
710,855,145,0.145,0.32283308835327623
706,853,147,0.147,0.32643271557986736
770,885,115,0.115,0.31992179180681707
810,905,95,0.095,0.3196705392077565
704,852,148,0.148,0.3265905917584896
702,851,149,0.149,0.32470988067239526
696,848,152,0.152,0.32500964537262916
692,846,154,0.154,0.3244340450167656
736,868,132,0.132,0.3255235805213451
706,853,147,0.147,0.32900683269649744
730,865,135,0.135,0.3302901458144188
724,862,138,0.138,0.33052431646734476
650,825,175,0.175,0.3273605879768729
726,863,137,0.137,0.3187872175723314
690,845,155,0.155,0.3265424927771092
646,823,177,0.177,0.32865861419588327
722,861,139,0.139,0.31875008389353754
696,848,152,0.152,0.3198629090934992
740,870,130,0.13,0.3189150308817625
658,829,171,0.171,0.31737391087412836
676,838,162,0.162,0.3200296635627747
676,838,162,0.162,0.3199170863777399
670,835,165,0.165,0.31891462318599223
702,851,149,0.149,0.3227489729747176
678,839,161,0.161,0.3207085946798325
726,863,137,0.137,0.31853467824310067
754,877,123,0.123,0.3206568515226245
664,832,168,0.168,0.3146419849693775
686,843,157,0.157,0.31941821617633104
744,872,128,0.128,0.3093344032689929
658,829,171,0.171,0.3203114258348942
708,854,146,0.146,0.31635127356648446
694,847,153,0.153,0.3213500818014145
692,846,154,0.154,0.32393947483599184
720,860,140,0.14,0.3213393377661705
694,847,153,0.153,0.31911701725423336
772,886,114,0.114,0.30825904351472855
746,873,127,0.127,0.3121061977669597
704,852,148,0.148,0.31715369945764543
650,825,175,0.175,0.32368163502961395
704,852,148,0.148,0.318578983142972
674,837,163,0.163,0.31334281181544066
710,855,145,0.145,0.3207649499028921
780,890,110,0.11,0.30962122927606106
714,857,143,0.143,0.3172400032579899
718,859,141,0.141,0.3139819650799036
682,841,159,0.159,0.315459096968174
716,858,142,0.142,0.316513200558722
692,846,154,0.154,0.3159896928369999
730,865,135,0.135,0.3081947645992041
686,843,157,0.157,0.3083247364759445
680,840,160,0.16,0.3148744696080685
698,849,151,0.151,0.31071506220102313
700,850,150,0.15,0.3108857832178473
702,851,149,0.149,0.31298427168279885
752,876,124,0.124,0.3077816641628742
668,834,166,0.166,0.30817966417968273
732,866,134,0.134,0.3130067074000835
680,840,160,0.16,0.3124012669250369
700,850,150,0.15,0.3102771857231855
726,863,137,0.137,0.3097845531627536
742,871,129,0.129,0.30565707536041736
742,871,129,0.129,0.31168895042687655
694,847,153,0.153,0.30864734642207625
744,872,128,0.128,0.304170343875885
708,854,146,0.146,0.3098666714578867
710,855,145,0.145,0.3072528469115496
750,875,125,0.125,0.306867476336658
706,853,147,0.147,0.3031546688824892
730,865,135,0.135,0.30670663656294345
738,869,131,0.131,0.302665605686605
724,862,138,0.138,0.3023322732523084
694,847,153,0.153,0.3044811846539378
718,859,141,0.141,0.3048014723435044
684,842,158,0.158,0.3077232869416475
770,885,115,0.115,0.30110599858313797
722,861,139,0.139,0.3083622115775943
690,845,155,0.155,0.30345514572411775
640,820,180,0.18,0.302551512606442
726,863,137,0.137,0.2979877866581082
706,853,147,0.147,0.30460951571166517
692,846,154,0.154,0.30211286824196576
720,860,140,0.14,0.30300095258653165
696,848,152,0.152,0.29848515294492245
734,867,133,0.133,0.3055945804566145
708,854,146,0.146,0.304064539000392
714,857,143,0.143,0.3026104232221842
738,869,131,0.131,0.30219685700535776
780,890,110,0.11,0.29927782037854195
732,866,134,0.134,0.29936840757727623
736,868,132,0.132,0.30289434395730497
768,884,116,0.116,0.29746529054641724
662,831,169,0.169,0.30190791230648756
716,858,142,0.142,0.2968382643908262
720,860,140,0.14,0.2969665832296014
700,850,150,0.15,0.2986588544100523
708,854,146,0.146,0.30230827336013316
688,844,156,0.156,0.29959918014705184
736,868,132,0.132,0.30544522310048344
708,854,146,0.146,0.30197630484402177
694,847,153,0.153,0.30129499100893736
704,852,148,0.148,0.30271319542080166
740,870,130,0.13,0.2965294054076076
686,843,157,0.157,0.3019369193241
758,879,121,0.121,0.29795088250935076
694,847,153,0.153,0.298618093021214
680,840,160,0.16,0.301557440854609
714,857,143,0.143,0.3005291789248586
716,858,142,0.142,0.2955686408281326
724,862,138,0.138,0.2933290335834026
726,863,137,0.137,0.29144084120541813
682,841,159,0.159,0.3026613048762083
668,834,166,0.166,0.2946232264339924
726,863,137,0.137,0.2945425052419305
748,874,126,0.126,0.29536735857278107
710,855,145,0.145,0.29809456474334
718,859,141,0.141,0.2973669805675745
706,853,147,0.147,0.296144918911159
706,853,147,0.147,0.2963090154081583
664,832,168,0.168,0.29528902483731506
728,864,136,0.136,0.29327008593082426
668,834,166,0.166,0.29424840780347583
704,852,148,0.148,0.29074032631516455
748,874,126,0.126,0.28947506422549485
678,839,161,0.161,0.288696607246995
690,845,155,0.155,0.2913566576689482
772,886,114,0.114,0.2961469921320677
728,864,136,0.136,0.2899156418442726
710,855,145,0.145,0.29404985870420935
704,852,148,0.148,0.29368796102702616
694,847,153,0.153,0.29065703849494456
692,846,154,0.154,0.2920856215879321
750,875,125,0.125,0.29057073417305945
718,859,141,0.141,0.2910406226143241
754,877,123,0.123,0.29232545183598996
758,879,121,0.121,0.29149316442012785
702,851,149,0.149,0.2895794972851872
718,859,141,0.141,0.2930138235539198
756,878,122,0.122,0.2936984765455127
706,853,147,0.147,0.2914331306144595
724,862,138,0.138,0.28095925083011386
734,867,133,0.133,0.2890836017727852
706,853,147,0.147,0.2935119440108538
740,870,130,0.13,0.2922153904214501
700,850,150,0.15,0.2902359366416931
708,854,146,0.146,0.28088292201608417
752,876,124,0.124,0.286814303137362
734,867,133,0.133,0.28891824739426375
688,844,156,0.156,0.2897233681753278
690,845,155,0.155,0.2901416929140687
686,843,157,0.157,0.29064539322257044
700,850,150,0.15,0.2839696897491813
706,853,147,0.147,0.2963185888975859
726,863,137,0.137,0.286950550891459
716,858,142,0.142,0.2800337679237127
724,862,138,0.138,0.28423900065571067
662,831,169,0.169,0.2871622573658824
692,846,154,0.154,0.2862879133746028
706,853,147,0.147,0.287052795521915
676,838,162,0.162,0.28475628545880316
760,880,120,0.12,0.28611594373732807
726,863,137,0.137,0.2828671745061874
710,855,145,0.145,0.28840950478613375
798,899,101,0.101,0.2808731072768569
672,836,164,0.164,0.2840792747810483
682,841,159,0.159,0.28909667433798314
722,861,139,0.139,0.2782090622931719
708,854,146,0.146,0.28307586327940226
724,862,138,0.138,0.2836307909861207
782,891,109,0.109,0.2833290746510029
724,862,138,0.138,0.2853574872165918
738,869,131,0.131,0.2865087756887078
704,852,148,0.148,0.28595142328739165
684,842,158,0.158,0.2814786570593715
648,824,176,0.176,0.2833236045539379
706,853,147,0.147,0.28624170788377523
748,874,126,0.126,0.27726073706150056
738,869,131,0.131,0.28081664868444206
720,860,140,0.14,0.2838811416104436
702,851,149,0.149,0.2859702626094222
760,880,120,0.12,0.28253802967071534
722,861,139,0.139,0.27867019682377575
692,846,154,0.154,0.28269102025032045
714,857,143,0.143,0.2818535207659006
744,872,128,0.128,0.27851577082276346
704,852,148,0.148,0.28555102967470886
660,830,170,0.17,0.2806888213977218
686,843,157,0.157,0.2841449033468962
660,830,170,0.17,0.28797760094702246
668,834,166,0.166,0.2863722665309906
718,859,141,0.141,0.28204854122549294
738,869,131,0.131,0.27602753749489783
766,883,117,0.117,0.27861298397928475
690,845,155,0.155,0.2761138016730547
726,863,137,0.137,0.27540338987857105
716,858,142,0.142,0.2781967140287161
700,850,150,0.15,0.27932058638334273
692,846,154,0.154,0.2752534353137016
654,827,173,0.173,0.2816932987719774
704,852,148,0.148,0.28173494289070367
688,844,156,0.156,0.2801906002089381
682,841,159,0.159,0.28278108655661344
646,823,177,0.177,0.2802394398972392
732,866,134,0.134,0.27669045557826755
726,863,137,0.137,0.2827060721963644
716,858,142,0.142,0.2778161670714617
690,845,155,0.155,0.27653146133571865
712,856,144,0.144,0.27518990037590263
686,843,157,0.157,0.2809502260684967
718,859,141,0.141,0.2785134458318353
730,865,135,0.135,0.2779717938899994
716,858,142,0.142,0.27680599269270895
706,853,147,0.147,0.27836570555716755
696,848,152,0.152,0.2820706585869193
676,838,162,0.162,0.27694414331763983
714,857,143,0.143,0.2754506369233131
714,857,143,0.143,0.2822305962890387
712,856,144,0.144,0.27772420351207255
750,875,125,0.125,0.2709687779918313
650,825,175,0.175,0.2823482109978795
754,877,123,0.123,0.2749776054695249
718,859,141,0.141,0.27715067748725414
744,872,128,0.128,0.28149815544486045
746,873,127,0.127,0.27534132240712644
690,845,155,0.155,0.28385880095511673
744,872,128,0.128,0.2727592677846551
680,840,160,0.16,0.2789323439449072
736,868,132,0.132,0.28483462700247764
742,871,129,0.129,0.2810503339543939
710,855,145,0.145,0.2828803517520428
692,846,154,0.154,0.28654320220649243
694,847,153,0.153,0.2784918682724237
736,868,132,0.132,0.28008351013064386
742,871,129,0.129,0.2794107851088047
734,867,133,0.133,0.2721711227446795
732,866,134,0.134,0.27827516388893125
672,836,164,0.164,0.2751995331868529
748,874,126,0.126,0.27986751921474934
736,868,132,0.132,0.27745915251225234
732,866,134,0.134,0.28357144252210853
642,821,179,0.179,0.2782304138019681
656,828,172,0.172,0.27677103013545273
722,861,139,0.139,0.2814128340408206
688,844,156,0.156,0.2802527432665229
712,856,144,0.144,0.2810325639098883
752,876,124,0.124,0.2727033272460103
736,868,132,0.132,0.27710830999165775
754,877,123,0.123,0.28038794512301685
680,840,160,0.16,0.280442137427628
728,864,136,0.136,0.2809489171504974
718,859,141,0.141,0.2766102153360844
758,879,121,0.121,0.27872256141901014
678,839,161,0.161,0.28052010909467934
704,852,148,0.148,0.2773679552003741
768,884,116,0.116,0.276152376934886
770,885,115,0.115,0.27349803379923104
774,887,113,0.113,0.27994782415777447
720,860,140,0.14,0.2776108047738671
716,858,142,0.142,0.27034120985120536
650,825,175,0.175,0.2770754484832287
708,854,146,0.146,0.27791760667413473
742,871,129,0.129,0.2737421477138996
750,875,125,0.125,0.2743994958102703
646,823,177,0.177,0.2747591875195503
734,867,133,0.133,0.2776173222735524
748,874,126,0.126,0.28129208512604237
714,857,143,0.143,0.2785896673351526
746,873,127,0.127,0.28071250987052915
688,844,156,0.156,0.2781165617108345
736,868,132,0.132,0.2700170780941844
724,862,138,0.138,0.27546677948534487
670,835,165,0.165,0.2752485673874617
734,867,133,0.133,0.2713788401335478
746,873,127,0.127,0.2735656072124839
732,866,134,0.134,0.27663372705131767
714,857,143,0.143,0.27434631503373386
714,857,143,0.143,0.2723915121331811
702,851,149,0.149,0.2705515778809786
656,828,172,0.172,0.27457290126383305
664,832,168,0.168,0.27194098408520223
688,844,156,0.156,0.27069731160998345
768,884,116,0.116,0.2676814984306693
762,881,119,0.119,0.27083584053069354
756,878,122,0.122,0.2710866406485438
672,836,164,0.164,0.2774778589680791
734,867,133,0.133,0.26881306200474503
738,869,131,0.131,0.2734163055494428
734,867,133,0.133,0.2667369056865573
688,844,156,0.156,0.27908679614961146
708,854,146,0.146,0.2686001373305917
696,848,152,0.152,0.26985440668463706
698,849,151,0.151,0.27245775692909957
716,858,142,0.142,0.27652474485337736
722,861,139,0.139,0.26595501115173104
754,877,123,0.123,0.2709182370826602
720,860,140,0.14,0.2678609435707331
688,844,156,0.156,0.274536987490952
742,871,129,0.129,0.26843555595725777
676,838,162,0.162,0.27116402915865184
708,854,146,0.146,0.26879945628345014
698,849,151,0.151,0.2698849808126688
748,874,126,0.126,0.265756200119853
754,877,123,0.123,0.2704900376647711
728,864,136,0.136,0.2632518640384078
748,874,126,0.126,0.2702118293121457
686,843,157,0.157,0.267484067954123
756,878,122,0.122,0.26629163581132886
674,837,163,0.163,0.2697975424155593
680,840,160,0.16,0.26998590386658905
640,820,180,0.18,0.2709110377132893
720,860,140,0.14,0.2769795227646828
698,849,151,0.151,0.2637182789221406
738,869,131,0.131,0.26240211249142886
682,841,159,0.159,0.27278177542984483
728,864,136,0.136,0.2645257082283497
690,845,155,0.155,0.2656011923402548
774,887,113,0.113,0.26335266411304475
726,863,137,0.137,0.2614694779217243
742,871,129,0.129,0.2658073296546936
690,845,155,0.155,0.2673845387399197
688,844,156,0.156,0.26641824186593294
738,869,131,0.131,0.2716286927387118
676,838,162,0.162,0.2695099482089281
706,853,147,0.147,0.26605038837343453
672,836,164,0.164,0.2667488860785961
674,837,163,0.163,0.26064241605252025
714,857,143,0.143,0.2682883644104004
744,872,128,0.128,0.26298436130583286
760,880,120,0.12,0.25915358009934425
730,865,135,0.135,0.26402387994527815
646,823,177,0.177,0.27065882258862256
718,859,141,0.141,0.2664182150438428
738,869,131,0.131,0.26206303751468657
726,863,137,0.137,0.27096237341314555
678,839,161,0.161,0.26757066893577575
754,877,123,0.123,0.26836470764130355
660,830,170,0.17,0.26575518521666525
644,822,178,0.178,0.2641598750203848
722,861,139,0.139,0.2633446702286601
730,865,135,0.135,0.26536827994138
740,870,130,0.13,0.2641676627099514
672,836,164,0.164,0.265962307959795
712,856,144,0.144,0.26502775005996226
712,856,144,0.144,0.2618979131951928
716,858,142,0.142,0.26240080467611554
708,854,146,0.146,0.2645353708639741
694,847,153,0.153,0.25898866809159515
726,863,137,0.137,0.26858703991770744
714,857,143,0.143,0.2635524695813656
742,871,129,0.129,0.2614155777841806
736,868,132,0.132,0.2683367640525103
740,870,130,0.13,0.258027705937624
744,872,128,0.128,0.25953397592902183
692,846,154,0.154,0.2625690116137266
726,863,137,0.137,0.26349094749987123
752,876,124,0.124,0.26227794111520053
726,863,137,0.137,0.267328504383564
758,879,121,0.121,0.2616955193057656
690,845,155,0.155,0.26908549609035254
702,851,149,0.149,0.26321834225952623
702,851,149,0.149,0.2628944609761238
668,834,166,0.166,0.2707634614855051
718,859,141,0.141,0.2632035658583045
684,842,158,0.158,0.26190687572211024
708,854,146,0.146,0.2600169052258134
704,852,148,0.148,0.2687162440940738
706,853,147,0.147,0.25718249718844893
732,866,134,0.134,0.26369329991191626
714,857,143,0.143,0.26351839420199397
694,847,153,0.153,0.2611528913527727
714,857,143,0.143,0.2618654403835535
738,869,131,0.131,0.2597533177211881
728,864,136,0.136,0.2641484871059656
722,861,139,0.139,0.26013277911394833
698,849,151,0.151,0.26389319434762
692,846,154,0.154,0.26173551167547704
716,858,142,0.142,0.26137149495631457
780,890,110,0.11,0.2620365549996495
692,846,154,0.154,0.2621525394245982
680,840,160,0.16,0.2633493560478091
718,859,141,0.141,0.2578107918947935
722,861,139,0.139,0.26696207448095083
702,851,149,0.149,0.26570962750166655
680,840,160,0.16,0.2661016385406256
746,873,127,0.127,0.2576690775379539
780,890,110,0.11,0.2595964924097061
658,829,171,0.171,0.26515986247360707
740,870,130,0.13,0.2604605875611305
748,874,126,0.126,0.26567388140410186
708,854,146,0.146,0.26426685832440855
740,870,130,0.13,0.2619352708309889
742,871,129,0.129,0.26332348568737507
706,853,147,0.147,0.2617503320723772
722,861,139,0.139,0.26179952277243135
658,829,171,0.171,0.26752505379915237
700,850,150,0.15,0.26491457445919514
682,841,159,0.159,0.25905097340792416
728,864,136,0.136,0.2645268248319626
698,849,151,0.151,0.26423038075864314
678,839,161,0.161,0.26198965461552143
684,842,158,0.158,0.261246013648808
724,862,138,0.138,0.2552117225974798
704,852,148,0.148,0.2690682621970773
768,884,116,0.116,0.258085122987628
712,856,144,0.144,0.2612186888456345
728,864,136,0.136,0.2719848164394498
702,851,149,0.149,0.2624595244154334
712,856,144,0.144,0.2682744534239173
726,863,137,0.137,0.25841028296947477
734,867,133,0.133,0.25956241533160207
714,857,143,0.143,0.2634115648195148
756,878,122,0.122,0.26319949992001057
712,856,144,0.144,0.25916084900498393
706,853,147,0.147,0.2635400840565562
728,864,136,0.136,0.258440713532269
692,846,154,0.154,0.265904607526958
666,833,167,0.167,0.26125302450358867
748,874,126,0.126,0.26111130248010156
712,856,144,0.144,0.2630136683136225
724,862,138,0.138,0.2607676367536187
718,859,141,0.141,0.2604300134405494
700,850,150,0.15,0.26314618534594775
708,854,146,0.146,0.26242547891289
754,877,123,0.123,0.2601468319669366
760,880,120,0.12,0.25763285484164955
742,871,129,0.129,0.25678159986436366
726,863,137,0.137,0.26331746130436656
772,886,114,0.114,0.2585337387099862
644,822,178,0.178,0.26560697292536495
752,876,124,0.124,0.25286775847524406
724,862,138,0.138,0.2574503104016185
724,862,138,0.138,0.25436726485937833
736,868,132,0.132,0.26092416401207447
694,847,153,0.153,0.2631402376964688
680,840,160,0.16,0.25638687662035226
680,840,160,0.16,0.2560607689395547
724,862,138,0.138,0.25714384589344264
724,862,138,0.138,0.2547216210886836
724,862,138,0.138,0.2505666301622987
640,820,180,0.18,0.26196956176310776
720,860,140,0.14,0.25730490271747114
730,865,135,0.135,0.2555557032302022
758,879,121,0.121,0.25544801326096056
738,869,131,0.131,0.25649265901744367
732,866,134,0.134,0.2572259078472853
704,852,148,0.148,0.2607660385891795
744,872,128,0.128,0.25132187240570786
758,879,121,0.121,0.255951188147068
704,852,148,0.148,0.2521271905899048
746,873,127,0.127,0.2533089627325535
708,854,146,0.146,0.25664777590334414
752,876,124,0.124,0.25283835612237454
736,868,132,0.132,0.25190080016851424
716,858,142,0.142,0.2549517949447036
692,846,154,0.154,0.25515501788258554
702,851,149,0.149,0.2544842969402671
710,855,145,0.145,0.2548128249645233
698,849,151,0.151,0.24803442641347648
698,849,151,0.151,0.2633569495677948
724,862,138,0.138,0.25612054803222417
706,853,147,0.147,0.2553308158516884
676,838,162,0.162,0.2581031388118863
700,850,150,0.15,0.2558533364161849
722,861,139,0.139,0.24897542840987444
728,864,136,0.136,0.2511512540876865
736,868,132,0.132,0.24834757083654405
690,845,155,0.155,0.25350892417132853
648,824,176,0.176,0.25775768548995254
664,832,168,0.168,0.25556608571112155
742,871,129,0.129,0.24725766649842262
706,853,147,0.147,0.2556282890588045
712,856,144,0.144,0.25517162634432317
732,866,134,0.134,0.25463637604564426
674,837,163,0.163,0.2507689304202795
722,861,139,0.139,0.25275011578947304
722,861,139,0.139,0.25226307144761084
736,868,132,0.132,0.25336476100981237
682,841,159,0.159,0.2519511248841882
712,856,144,0.144,0.24831381876021624
752,876,124,0.124,0.2455970957353711
740,870,130,0.13,0.24730259521305561
716,858,142,0.142,0.2510831605494022
686,843,157,0.157,0.24803545912355185
750,875,125,0.125,0.24952962970733641
714,857,143,0.143,0.24591634345799684
722,861,139,0.139,0.24999558084458112
732,866,134,0.134,0.251043934956193
678,839,161,0.161,0.24822295787930487
674,837,163,0.163,0.2552118187099695
734,867,133,0.133,0.2501041712760925
674,837,163,0.163,0.25082809809595347
700,850,150,0.15,0.24975711086392402
654,827,173,0.173,0.25251456270366907
766,883,117,0.117,0.2444473533257842
746,873,127,0.127,0.24993057584762574
676,838,162,0.162,0.24887627808004617
696,848,152,0.152,0.2456272854283452
706,853,147,0.147,0.2491681267172098
746,873,127,0.127,0.25047960571944716
738,869,131,0.131,0.24691024500131606
750,875,125,0.125,0.2500217407792807
728,864,136,0.136,0.2466128160133958
736,868,132,0.132,0.2507728711888194
714,857,143,0.143,0.24737073697149753
754,877,123,0.123,0.24300679244101048
726,863,137,0.137,0.24025136149674653
736,868,132,0.132,0.24430683543533085
736,868,132,0.132,0.247242088124156
628,814,186,0.186,0.2460368104055524
768,884,116,0.116,0.24967995323985814
728,864,136,0.136,0.24321550814062357
750,875,125,0.125,0.24356290402263403
660,830,170,0.17,0.24790033088624477
734,867,133,0.133,0.2491718589887023
738,869,131,0.131,0.24547703406214713
688,844,156,0.156,0.24621518462896347
700,850,150,0.15,0.2434803088530898
698,849,151,0.151,0.24109613774716854
670,835,165,0.165,0.24260636536031963
692,846,154,0.154,0.24453592835366725
706,853,147,0.147,0.24678387754410505
730,865,135,0.135,0.24275391536951066
706,853,147,0.147,0.24434269476681947
730,865,135,0.135,0.2408009266704321
714,857,143,0.143,0.23873753058165312
724,862,138,0.138,0.2379315520375967
694,847,153,0.153,0.2466087941750884
704,852,148,0.148,0.24333711513876916
706,853,147,0.147,0.24407908152788876
680,840,160,0.16,0.24348007337749003
740,870,130,0.13,0.2412900944724679
694,847,153,0.153,0.24412756512314082
692,846,154,0.154,0.24598023159056903
706,853,147,0.147,0.24505722854286432
720,860,140,0.14,0.24334482442587613
706,853,147,0.147,0.24255422542989255
692,846,154,0.154,0.2464401824399829
700,850,150,0.15,0.24258000360429288
788,894,106,0.106,0.24318895866721868
730,865,135,0.135,0.2394333903491497
682,841,159,0.159,0.24626194793730974
690,845,155,0.155,0.24496950200200082
658,829,171,0.171,0.2454953396320343
712,856,144,0.144,0.24302764263004065
678,839,161,0.161,0.24481358583271504
700,850,150,0.15,0.24058723976463078
684,842,158,0.158,0.2445160970389843
688,844,156,0.156,0.2452884408161044
642,821,179,0.179,0.24654451942443847
706,853,147,0.147,0.2392130070850253
722,861,139,0.139,0.24670653822273017
750,875,125,0.125,0.243848031103611
772,886,114,0.114,0.2406383588463068
776,888,112,0.112,0.23470895283669233
738,869,131,0.131,0.23742398815602064
676,838,162,0.162,0.24308667802810668
730,865,135,0.135,0.24166370610147714
746,873,127,0.127,0.2402832183986902
712,856,144,0.144,0.24501865305751563
696,848,152,0.152,0.23858245599269867
728,864,136,0.136,0.24609411475807427
712,856,144,0.144,0.23851083984971047
676,838,162,0.162,0.2493274436146021
698,849,151,0.151,0.23985985984653235
728,864,136,0.136,0.23907966364175082
692,846,154,0.154,0.24043171398341656
754,877,123,0.123,0.23635818301141262
712,856,144,0.144,0.24013091864436864
700,850,150,0.15,0.23976828730106353
728,864,136,0.136,0.2404853038340807
708,854,146,0.146,0.23877502198517322
702,851,149,0.149,0.24175725787878036
714,857,143,0.143,0.239426043510437
702,851,149,0.149,0.23768032668530942
706,853,147,0.147,0.23716385877132415
722,861,139,0.139,0.24328405931591987
678,839,161,0.161,0.23548554379492997
724,862,138,0.138,0.23785194258391856
720,860,140,0.14,0.24091454098373652
684,842,158,0.158,0.24018525531888008
818,909,91,0.091,0.23164096459001302
754,877,123,0.123,0.2338905277326703
694,847,153,0.153,0.2383179694786668
728,864,136,0.136,0.24014686851203443
700,850,150,0.15,0.23524896515905858
756,878,122,0.122,0.23367676880955696
698,849,151,0.151,0.24011222639679908
694,847,153,0.153,0.23548815345019103
700,850,150,0.15,0.2366595456302166
694,847,153,0.153,0.24149717243760824
686,843,157,0.157,0.2396745031401515
702,851,149,0.149,0.23464507602900267
648,824,176,0.176,0.23815564651042223
744,872,128,0.128,0.23934764774888753
666,833,167,0.167,0.23616453778743743
752,876,124,0.124,0.2340386351197958
690,845,155,0.155,0.2381858430430293
712,856,144,0.144,0.23307464120537041
708,854,146,0.146,0.23523489946871995
712,856,144,0.144,0.23572209593653679
672,836,164,0.164,0.237969102345407
722,861,139,0.139,0.23987825939804316
718,859,141,0.141,0.23072842751443387
710,855,145,0.145,0.23885762476921082
724,862,138,0.138,0.23436671061813832
724,862,138,0.138,0.23356098464876413
708,854,146,0.146,0.2405382704883814
690,845,155,0.155,0.2370043542534113
674,837,163,0.163,0.23462832574546338
722,861,139,0.139,0.23458626413345338
770,885,115,0.115,0.2328834259286523
720,860,140,0.14,0.2287721709161997
710,855,145,0.145,0.24086575469374658
718,859,141,0.141,0.2348838114887476
784,892,108,0.108,0.23192729821056127
744,872,128,0.128,0.23433107335865497
712,856,144,0.144,0.23540395575016737
710,855,145,0.145,0.23932133795320987
772,886,114,0.114,0.23576959354430438
712,856,144,0.144,0.24221717332303525
744,872,128,0.128,0.2352716316357255
688,844,156,0.156,0.23389886485785247
744,872,128,0.128,0.23160693131387233
722,861,139,0.139,0.23754716744273902
770,885,115,0.115,0.2331750416085124
718,859,141,0.141,0.2398636976480484
720,860,140,0.14,0.23482795322686434
742,871,129,0.129,0.23102656667679547
718,859,141,0.141,0.23284637692570687
688,844,156,0.156,0.2430131290629506
734,867,133,0.133,0.23427938525378705
740,870,130,0.13,0.23536943961679935
702,851,149,0.149,0.23823962976783514
698,849,151,0.151,0.2334578469619155
746,873,127,0.127,0.23285993440449237
726,863,137,0.137,0.23707486645877363
668,834,166,0.166,0.23902851056307553
716,858,142,0.142,0.23409890420734883
808,904,96,0.096,0.2309358355551958
712,856,144,0.144,0.23214912097156049
748,874,126,0.126,0.23389513040333987
620,810,190,0.19,0.23557523196190597
732,866,134,0.134,0.23429230595380068
670,835,165,0.165,0.23414319340139628
686,843,157,0.157,0.23250991140305996
742,871,129,0.129,0.22663316737860442
710,855,145,0.145,0.23612770795822144
726,863,137,0.137,0.23119631695747375
718,859,141,0.141,0.2317462317496538
702,851,149,0.149,0.2387195708230138
748,874,126,0.126,0.23192766787856817
706,853,147,0.147,0.23084897366911172
730,865,135,0.135,0.2319739138484001
754,877,123,0.123,0.22852867095917465
748,874,126,0.126,0.23262899915128946
696,848,152,0.152,0.22945670971274376
682,841,159,0.159,0.23865055298805238
746,873,127,0.127,0.23272429183870555
740,870,130,0.13,0.23336392035335302
722,861,139,0.139,0.22991824696958066
648,824,176,0.176,0.23538751872628927
680,840,160,0.16,0.23332635591924192
700,850,150,0.15,0.23253907123208045
676,838,162,0.162,0.23780061732977628
702,851,149,0.149,0.2367597122117877
704,852,148,0.148,0.23696273813396693
762,881,119,0.119,0.23593266547471284
730,865,135,0.135,0.23276978220790626
718,859,141,0.141,0.23590569941699505
748,874,126,0.126,0.2283649718388915
692,846,154,0.154,0.23409881723672152
754,877,123,0.123,0.2261736094355583
700,850,150,0.15,0.2354192061573267
738,869,131,0.131,0.23353270561248063
748,874,126,0.126,0.23183214712888003
706,853,147,0.147,0.23577542351186276
642,821,179,0.179,0.23148619543015958
748,874,126,0.126,0.23088606434315442
792,896,104,0.104,0.2292348740249872
698,849,151,0.151,0.2372680648341775
670,835,165,0.165,0.23487830159813167
670,835,165,0.165,0.2312864838540554
712,856,144,0.144,0.22825140099227428
720,860,140,0.14,0.2304466088935733
716,858,142,0.142,0.23120923490077258
660,830,170,0.17,0.23514443994313478
748,874,126,0.126,0.2343916025683284
740,870,130,0.13,0.2289587843939662
700,850,150,0.15,0.23841193982958794
678,839,161,0.161,0.2296401103362441
738,869,131,0.131,0.23196143955737353
722,861,139,0.139,0.2282424730733037
718,859,141,0.141,0.23728463134914637
732,866,134,0.134,0.23523316010087728
692,846,154,0.154,0.23262385543435812
682,841,159,0.159,0.23700009006261827
686,843,157,0.157,0.23388124695420265
732,866,134,0.134,0.2336598256751895
718,859,141,0.141,0.23079608492553233
756,878,122,0.122,0.22930423946678638
782,891,109,0.109,0.22771841602027415
682,841,159,0.159,0.23570608039200305
738,869,131,0.131,0.23159672590345146
656,828,172,0.172,0.23230811959505082
656,828,172,0.172,0.2329277930930257
718,859,141,0.141,0.2273054181560874
748,874,126,0.126,0.23073967142403126
698,849,151,0.151,0.23344781352579594
656,828,172,0.172,0.23056193156540394
768,884,116,0.116,0.229848887167871
750,875,125,0.125,0.22759916201978922
692,846,154,0.154,0.23760309268534183
740,870,130,0.13,0.23081504534929992
740,870,130,0.13,0.23162321678549053
738,869,131,0.131,0.2284197247698903
770,885,115,0.115,0.22568311139941216
718,859,141,0.141,0.23324787095934152
722,861,139,0.139,0.22756798343360424
654,827,173,0.173,0.23083135598897933
762,881,119,0.119,0.22833831193298101
734,867,133,0.133,0.22578460308909415
758,879,121,0.121,0.23436965975165366
734,867,133,0.133,0.23373454270511865
788,894,106,0.106,0.23547937110066414
706,853,147,0.147,0.22841830050200224
664,832,168,0.168,0.23085543358325958
700,850,150,0.15,0.23153811348974704
726,863,137,0.137,0.22960401292145252
720,860,140,0.14,0.23599040864408016
720,860,140,0.14,0.22873773073405027
676,838,162,0.162,0.22968501222878696
766,883,117,0.117,0.22572446098923682
700,850,150,0.15,0.23304049526900053
728,864,136,0.136,0.23281723742187024
712,856,144,0.144,0.22556763708591462
698,849,151,0.151,0.23387418008595706
738,869,131,0.131,0.23021518321335316
696,848,152,0.152,0.2317495378628373
716,858,142,0.142,0.22902509105205535
716,858,142,0.142,0.22982737351208926
702,851,149,0.149,0.22786927384883165
708,854,146,0.146,0.2274918280169368
738,869,131,0.131,0.23763415560126305
678,839,161,0.161,0.23194934682548046
734,867,133,0.133,0.22479396504163743
718,859,141,0.141,0.2288907876610756
656,828,172,0.172,0.22948427775502206
720,860,140,0.14,0.22828606758266687
736,868,132,0.132,0.22847954653948546
694,847,153,0.153,0.2330521317124367
696,848,152,0.152,0.22897236748039723
722,861,139,0.139,0.22932381460815668
714,857,143,0.143,0.23101449869573115
742,871,129,0.129,0.2329622543081641
680,840,160,0.16,0.2294230305403471
724,862,138,0.138,0.23007362933456899
744,872,128,0.128,0.2313904180303216
760,880,120,0.12,0.2221135425567627
754,877,123,0.123,0.2290256713926792
736,868,132,0.132,0.2298038592636585
706,853,147,0.147,0.22750310368090867
794,897,103,0.103,0.22908072958886624
736,868,132,0.132,0.22675563962757586
660,830,170,0.17,0.23104983082413674
722,861,139,0.139,0.2295961449071765
752,876,124,0.124,0.22261761547625064
662,831,169,0.169,0.22669265381991863
728,864,136,0.136,0.23165000687539578
710,855,145,0.145,0.226703272767365
736,868,132,0.132,0.22880655697733163
740,870,130,0.13,0.22013492387533187
740,870,130,0.13,0.21944287633150816
734,867,133,0.133,0.22389443208277227
730,865,135,0.135,0.22653805457800627
722,861,139,0.139,0.2263852476403117
760,880,120,0.12,0.22610044398158788
678,839,161,0.161,0.2295193541944027
732,866,134,0.134,0.22238704799860715
672,836,164,0.164,0.22296734704077245
724,862,138,0.138,0.22253117641806602
708,854,146,0.146,0.22590386617928743
708,854,146,0.146,0.22135710675269366
740,870,130,0.13,0.222281848795712
716,858,142,0.142,0.22922539930790664
708,854,146,0.146,0.223520060390234
742,871,129,0.129,0.22428304629027843
694,847,153,0.153,0.2222210959121585
744,872,128,0.128,0.22051300775259733
706,853,147,0.147,0.22778118200600148
758,879,121,0.121,0.22648259561508893
680,840,160,0.16,0.22513475434482097
724,862,138,0.138,0.22399562273919582
750,875,125,0.125,0.22228843120485545
734,867,133,0.133,0.22564793372154235
708,854,146,0.146,0.22065211293846368
696,848,152,0.152,0.22719856531918048
750,875,125,0.125,0.22101982226967812
670,835,165,0.165,0.2277994896918535
754,877,123,0.123,0.21510749938338994
702,851,149,0.149,0.2247008352726698
746,873,127,0.127,0.22225527529418468
668,834,166,0.166,0.23210623134672642
736,868,132,0.132,0.2251265169456601
660,830,170,0.17,0.2227347927093506
682,841,159,0.159,0.2262298537939787
712,856,144,0.144,0.2257937553077936
734,867,133,0.133,0.220179913982749
710,855,145,0.145,0.22238156358152628
722,861,139,0.139,0.22334430351108311
686,843,157,0.157,0.224055725954473
718,859,141,0.141,0.2254835610985756
722,861,139,0.139,0.21981683705747126
654,827,173,0.173,0.22357887385040523
690,845,155,0.155,0.22557432260364293
764,882,118,0.118,0.2195590045377612
716,858,142,0.142,0.22266208098083734
720,860,140,0.14,0.2193657348304987
706,853,147,0.147,0.22128862269967794
710,855,145,0.145,0.21866502729803325
700,850,150,0.15,0.2221516066491604
738,869,131,0.131,0.220475444316864
730,865,135,0.135,0.2235178608596325
710,855,145,0.145,0.22559745109826326
768,884,116,0.116,0.21564826750010252
704,852,148,0.148,0.21930963481962681
726,863,137,0.137,0.22327356546372176
704,852,148,0.148,0.22148893492296337
770,885,115,0.115,0.2165974772349
652,826,174,0.174,0.21865919106453657
708,854,146,0.146,0.225868381395936
700,850,150,0.15,0.22278666131943464
764,882,118,0.118,0.22432594499737024
700,850,150,0.15,0.2255662212148309
684,842,158,0.158,0.2219579371958971
720,860,140,0.14,0.2282143990471959
734,867,133,0.133,0.2205451526120305
766,883,117,0.117,0.2209902965798974
742,871,129,0.129,0.22028647365421056
756,878,122,0.122,0.22192482157051563
698,849,151,0.151,0.22254250042885543
758,879,121,0.121,0.21334751554578543
692,846,154,0.154,0.2166111256852746
772,886,114,0.114,0.2181566089913249
704,852,148,0.148,0.22604820767045022
786,893,107,0.107,0.21961646781861782
700,850,150,0.15,0.22005959670990705
678,839,161,0.161,0.22108499201387166
682,841,159,0.159,0.21644173764437438
750,875,125,0.125,0.22062868225574495
704,852,148,0.148,0.21992958093434573
714,857,143,0.143,0.21487164183706045
736,868,132,0.132,0.22374601677060127
716,858,142,0.142,0.2203478518947959
674,837,163,0.163,0.22093570800870657
742,871,129,0.129,0.2214297758489847
744,872,128,0.128,0.22053436210006475
726,863,137,0.137,0.21850446889549494
644,822,178,0.178,0.2186581020578742
750,875,125,0.125,0.21482326139509678
732,866,134,0.134,0.22443240199238063
710,855,145,0.145,0.21556316892057656
712,856,144,0.144,0.21785091509670018
678,839,161,0.161,0.22322955950349568
700,850,150,0.15,0.21669415028393268
702,851,149,0.149,0.22191410478949547
684,842,158,0.158,0.21713636811822654
732,866,134,0.134,0.22024147011339665
730,865,135,0.135,0.21332479537278415
736,868,132,0.132,0.21318778543919326
730,865,135,0.135,0.2158914001584053
742,871,129,0.129,0.21691834987699984
764,882,118,0.118,0.206081881724298
772,886,114,0.114,0.2125976317599416
710,855,145,0.145,0.22384621583670378
694,847,153,0.153,0.2186915884539485
714,857,143,0.143,0.21461192361265422
734,867,133,0.133,0.2148309458270669
696,848,152,0.152,0.21075859335809946
766,883,117,0.117,0.21082346279174088
708,854,146,0.146,0.21822978201508522
736,868,132,0.132,0.21385535500943662
716,858,142,0.142,0.21860718570649623
716,858,142,0.142,0.2210458497032523
730,865,135,0.135,0.21468291886150837
648,824,176,0.176,0.21740815901756286
692,846,154,0.154,0.21922735102474689
730,865,135,0.135,0.21743775734305382
690,845,155,0.155,0.21837071865797042
712,856,144,0.144,0.21788136302679778
726,863,137,0.137,0.21818743347376585
764,882,118,0.118,0.20868079525232314
670,835,165,0.165,0.2194555965140462
750,875,125,0.125,0.21600318945944308
736,868,132,0.132,0.2185756371319294
698,849,151,0.151,0.21814396518468857
778,889,111,0.111,0.20830097571015357
664,832,168,0.168,0.22334003869444133
652,826,174,0.174,0.2173273568674922
670,835,165,0.165,0.22003586655855178
760,880,120,0.12,0.21194884292036295
730,865,135,0.135,0.2134892212972045
778,889,111,0.111,0.21378166707605123
686,843,157,0.157,0.22227291029691695
672,836,164,0.164,0.22122620590031147
670,835,165,0.165,0.2194920982271433
744,872,128,0.128,0.21616750733554363
736,868,132,0.132,0.2144109153598547
740,870,130,0.13,0.21920700199902057
738,869,131,0.131,0.20899504037946462
700,850,150,0.15,0.21699786011874675
716,858,142,0.142,0.21991020091623067
722,861,139,0.139,0.22249220731854438
752,876,124,0.124,0.21610337603092195
738,869,131,0.131,0.22241589734703301
728,864,136,0.136,0.2183143033757806
722,861,139,0.139,0.21605149203538895
718,859,141,0.141,0.2154040172174573
754,877,123,0.123,0.21759031720459462
694,847,153,0.153,0.21973267295211554
716,858,142,0.142,0.21343114510178565
638,819,181,0.181,0.21736158394813537
772,886,114,0.114,0.21240972763299942
728,864,136,0.136,0.21596383544802666
708,854,146,0.146,0.22027318678796293
688,844,156,0.156,0.21594825769215822
678,839,161,0.161,0.21944055934250356
726,863,137,0.137,0.21906656640768052
692,846,154,0.154,0.22212319321930407
678,839,161,0.161,0.22586660598218442
704,852,148,0.148,0.22092036297917367
674,837,163,0.163,0.226257059186697
680,840,160,0.16,0.21819724418222905
704,852,148,0.148,0.21926851474493742
680,840,160,0.16,0.21751484834402798
682,841,159,0.159,0.21980266344547272
740,870,130,0.13,0.21946575162559748
718,859,141,0.141,0.21405836918205023
718,859,141,0.141,0.21844947145879268
728,864,136,0.136,0.2151525195762515
692,846,154,0.154,0.21946227968484164
712,856,144,0.144,0.22481998723745347
716,858,142,0.142,0.221289158269763
700,850,150,0.15,0.22107790406793357
692,846,154,0.154,0.21923735786229373
788,894,106,0.106,0.21517057990282773
778,889,111,0.111,0.213190693333745
720,860,140,0.14,0.21525294995307923
734,867,133,0.133,0.21807049488276242
690,845,155,0.155,0.2213847930431366
798,899,101,0.101,0.21102485344558955
718,859,141,0.141,0.21941802982240916
700,850,150,0.15,0.21542857512831687
696,848,152,0.152,0.22253632923960687
782,891,109,0.109,0.21680310136824846
702,851,149,0.149,0.2204649439007044
682,841,159,0.159,0.22044012932479382
720,860,140,0.14,0.21822860100865363
732,866,134,0.134,0.2161559608951211
698,849,151,0.151,0.22229885601997376
764,882,118,0.118,0.21702488171309234
682,841,159,0.159,0.221439004547894
698,849,151,0.151,0.2245042448565364
698,849,151,0.151,0.22359315430372953
724,862,138,0.138,0.21573233466595412
690,845,155,0.155,0.21961724464595317
742,871,129,0.129,0.21775822293758393
728,864,136,0.136,0.2197431837171316
742,871,129,0.129,0.2146592798307538
738,869,131,0.131,0.21727733996510507
686,843,157,0.157,0.22487844521552325
686,843,157,0.157,0.2194662311077118
718,859,141,0.141,0.21826446979492903
714,857,143,0.143,0.2238400456532836
704,852,148,0.148,0.21693759005516766
710,855,145,0.145,0.21762785761803388
656,828,172,0.172,0.2184187669530511
706,853,147,0.147,0.21751007359474897
710,855,145,0.145,0.21918588498979807
714,857,143,0.143,0.21547981037199498
694,847,153,0.153,0.21503941256552936
664,832,168,0.168,0.22267357113957406
710,855,145,0.145,0.22247086095064877
702,851,149,0.149,0.21825200517475604
704,852,148,0.148,0.21949937734752895
714,857,143,0.143,0.21798275616019963
704,852,148,0.148,0.22386808036267758
722,861,139,0.139,0.21788068572431804
742,871,129,0.129,0.21594002925604583
784,892,108,0.108,0.21155693432688713
722,861,139,0.139,0.21727384919673204
700,850,150,0.15,0.2150424371883273
752,876,124,0.124,0.2143740786612034
708,854,146,0.146,0.2215200613811612
748,874,126,0.126,0.20866511415690184
702,851,149,0.149,0.21604007060825825
698,849,151,0.151,0.21827868589758873
740,870,130,0.13,0.21760344570875167
722,861,139,0.139,0.21330635291337968
672,836,164,0.164,0.21720134431868793
692,846,154,0.154,0.21767727044224738
674,837,163,0.163,0.2199789471551776
702,851,149,0.149,0.21438431157916785
670,835,165,0.165,0.22252633979916572
682,841,159,0.159,0.2227313911765814
720,860,140,0.14,0.2117968769222498
760,880,120,0.12,0.21386077705025672
712,856,144,0.144,0.21895713533461095
708,854,146,0.146,0.2190594894513488
700,850,150,0.15,0.21964661049842835
662,831,169,0.169,0.2209180307239294
656,828,172,0.172,0.22218100029975177
736,868,132,0.132,0.21355638970434665
760,880,120,0.12,0.21190940567851066
670,835,165,0.165,0.21930561507493257
720,860,140,0.14,0.21859963285177947
718,859,141,0.141,0.21372636280208826
702,851,149,0.149,0.2166646973118186
730,865,135,0.135,0.2149223396256566
716,858,142,0.142,0.21940978112071752
708,854,146,0.146,0.21393902383744717
738,869,131,0.131,0.2151305746510625
748,874,126,0.126,0.21721198224276303
710,855,145,0.145,0.21979954291135073
716,858,142,0.142,0.2144151321798563
704,852,148,0.148,0.22353629785776138
742,871,129,0.129,0.21456984951347113
672,836,164,0.164,0.20943886471539735
730,865,135,0.135,0.2182253003641963
688,844,156,0.156,0.21834551794081927
698,849,151,0.151,0.21299026911705732
708,854,146,0.146,0.21296671257913113
760,880,120,0.12,0.21150586177408695
690,845,155,0.155,0.21912012599408626
662,831,169,0.169,0.21893847555667162
714,857,143,0.143,0.2146523282676935
720,860,140,0.14,0.21172982423752545
680,840,160,0.16,0.21976344722509383
716,858,142,0.142,0.21350657787173988
714,857,143,0.143,0.21511300502717495
718,859,141,0.141,0.21779662213474513
766,883,117,0.117,0.21081411588937043
750,875,125,0.125,0.2175174219980836
722,861,139,0.139,0.21282060762494803
698,849,151,0.151,0.21613351182639598
750,875,125,0.125,0.212940597563982
742,871,129,0.129,0.21689319280534983
748,874,126,0.126,0.21679816545546055
634,817,183,0.183,0.22013214454054833
686,843,157,0.157,0.21550884415954352
730,865,135,0.135,0.21639982014894485
692,846,154,0.154,0.21258295176923275
680,840,160,0.16,0.21837919030338526
700,850,150,0.15,0.2125128755941987
738,869,131,0.131,0.21234583353996278
676,838,162,0.162,0.21727380108833313
668,834,166,0.166,0.21634753500670195
684,842,158,0.158,0.21491136872768402
700,850,150,0.15,0.2147415026128292
722,861,139,0.139,0.21451876412332058
742,871,129,0.129,0.21535469999164342
694,847,153,0.153,0.20913779856264592
724,862,138,0.138,0.21241408509016038
752,876,124,0.124,0.21368598322570323
714,857,143,0.143,0.21766243562847376
754,877,123,0.123,0.21480435647815466
746,873,127,0.127,0.2138379403203726
662,831,169,0.169,0.21285862621665
734,867,133,0.133,0.20993821164220572
682,841,159,0.159,0.21871229725331068
732,866,134,0.134,0.21400517859309912
736,868,132,0.132,0.20573780777305364
696,848,152,0.152,0.2147566224038601
692,846,154,0.154,0.21496584617346526
698,849,151,0.151,0.2166163584291935
706,853,147,0.147,0.20823662661015988
714,857,143,0.143,0.212016716144979
744,872,128,0.128,0.2140563311725855
706,853,147,0.147,0.2141651264205575
692,846,154,0.154,0.2144460753723979
736,868,132,0.132,0.21284281703829766
696,848,152,0.152,0.21869527856260537
744,872,128,0.128,0.20804824435710906
708,854,146,0.146,0.21230143150687217
762,881,119,0.119,0.21169640178978444
698,849,151,0.151,0.2068993572294712
710,855,145,0.145,0.2113290894255042
682,841,159,0.159,0.2121454555988312
742,871,129,0.129,0.21284690476208926
708,854,146,0.146,0.2164000705331564
714,857,143,0.143,0.20912015274167062
720,860,140,0.14,0.21245977099984883
784,892,108,0.108,0.20318672805279495
722,861,139,0.139,0.20948822911083698
674,837,163,0.163,0.20974956956505775
638,819,181,0.181,0.21304640121012927
744,872,128,0.128,0.20977294520288706
716,858,142,0.142,0.21578471544384956
714,857,143,0.143,0.2130422873646021
786,893,107,0.107,0.20588343839347362
704,852,148,0.148,0.2058588187471032
666,833,167,0.167,0.21275882183015346
670,835,165,0.165,0.21057177913933992
686,843,157,0.157,0.21419786895811557
682,841,159,0.159,0.2127247542217374
740,870,130,0.13,0.21261647809296846
722,861,139,0.139,0.21142929991334677
714,857,143,0.143,0.20463136602938176
714,857,143,0.143,0.2035851809233427
694,847,153,0.153,0.2133647077307105
700,850,150,0.15,0.209115029707551
782,891,109,0.109,0.20576722848415374
742,871,129,0.129,0.20574066621810197
722,861,139,0.139,0.2100350672006607
702,851,149,0.149,0.2116045240238309
738,869,131,0.131,0.20553345529735087
684,842,158,0.158,0.21213481436669826
708,854,146,0.146,0.2083080568239093
700,850,150,0.15,0.2147728735655546
720,860,140,0.14,0.2071921599805355
710,855,145,0.145,0.20887538665533065
748,874,126,0.126,0.20979554156959057
796,898,102,0.102,0.20545986656099557
788,894,106,0.106,0.20207535880804062
724,862,138,0.138,0.20565098404139281
696,848,152,0.152,0.21338186686486005
708,854,146,0.146,0.20675452519208193
742,871,129,0.129,0.20691209880262612
636,818,182,0.182,0.21082495477795601
710,855,145,0.145,0.2071415541023016
726,863,137,0.137,0.2082410307601094
684,842,158,0.158,0.21148266891390086
730,865,135,0.135,0.2077843429222703
658,829,171,0.171,0.20793656230717897
718,859,141,0.141,0.20441156168282032
684,842,158,0.158,0.2118213125690818
770,885,115,0.115,0.20208496053516864
756,878,122,0.122,0.20484000173956154
660,830,170,0.17,0.2096562283411622
684,842,158,0.158,0.20682981254160404
796,898,102,0.102,0.20331882911920549
700,850,150,0.15,0.21037954626977443
740,870,130,0.13,0.20801480836421252
732,866,134,0.134,0.20709631548076868
716,858,142,0.142,0.20666469874233007
760,880,120,0.12,0.19939360128343106
736,868,132,0.132,0.20803073966503144
652,826,174,0.174,0.21297287545353175
744,872,128,0.128,0.20484160003811122
682,841,159,0.159,0.20682042814046145
748,874,126,0.126,0.2065900534540415
724,862,138,0.138,0.2000267558246851
688,844,156,0.156,0.20279455456137657
722,861,139,0.139,0.2120253474712372
714,857,143,0.143,0.2064102798551321
754,877,123,0.123,0.2019634078219533
730,865,135,0.135,0.2028943432196975
746,873,127,0.127,0.20325850103795529
700,850,150,0.15,0.20772183138132094
716,858,142,0.142,0.20080719839036465
710,855,145,0.145,0.20909660215675832
710,855,145,0.145,0.20635368404537438
710,855,145,0.145,0.2008866562694311
744,872,128,0.128,0.20278535359352828
748,874,126,0.126,0.20840165531635285
680,840,160,0.16,0.20127496138960124
684,842,158,0.158,0.20586134745925666
752,876,124,0.124,0.20560771107673645
754,877,123,0.123,0.1989843819960952
756,878,122,0.122,0.20420234552025796
688,844,156,0.156,0.21313798774033785
712,856,144,0.144,0.2004806564077735
734,867,133,0.133,0.2017238564491272
722,861,139,0.139,0.2023958687260747
746,873,127,0.127,0.2067258412465453
654,827,173,0.173,0.20277969174832106
730,865,135,0.135,0.2051230975314975
726,863,137,0.137,0.20489292644709348
742,871,129,0.129,0.2016170373558998
668,834,166,0.166,0.2081150689125061
730,865,135,0.135,0.1994859393760562
730,865,135,0.135,0.20544059266895057
694,847,153,0.153,0.20482292792201043
708,854,146,0.146,0.20644107390195132
728,864,136,0.136,0.2027476319000125
708,854,146,0.146,0.20322183600068092
682,841,159,0.159,0.20369021133333445
726,863,137,0.137,0.20334069170057772
738,869,131,0.131,0.20166050864011048
718,859,141,0.141,0.20528395567834376
692,846,154,0.154,0.20424937992542982
732,866,134,0.134,0.19879251542687415
680,840,160,0.16,0.20169890843331814
690,845,155,0.155,0.20107264618575574
714,857,143,0.143,0.19842539958655833
696,848,152,0.152,0.20452343353629113
668,834,166,0.166,0.20420126315951348
780,890,110,0.11,0.2007691431120038
720,860,140,0.14,0.20052310491353273
686,843,157,0.157,0.20844254613667726
700,850,150,0.15,0.20299231836944817
734,867,133,0.133,0.19883459291607142
660,830,170,0.17,0.2022048430070281
718,859,141,0.141,0.1968706176802516
726,863,137,0.137,0.2032077735438943
680,840,160,0.16,0.20337600781023502
684,842,158,0.158,0.20072666808962822
752,876,124,0.124,0.19697628974169493
686,843,157,0.157,0.20308335085958243
694,847,153,0.153,0.19875872775167228
724,862,138,0.138,0.20587416318058968
700,850,150,0.15,0.20380280946195126
744,872,128,0.128,0.20110114105045795
760,880,120,0.12,0.199953623957932
724,862,138,0.138,0.20270432324707507
718,859,141,0.141,0.19784451756626367
694,847,153,0.153,0.20466492437571288
638,819,181,0.181,0.2027541416436434
748,874,126,0.126,0.19994218342006206
682,841,159,0.159,0.2057126492857933
742,871,129,0.129,0.2068742006123066
670,835,165,0.165,0.20582639092206956
738,869,131,0.131,0.2030838619619608
706,853,147,0.147,0.20228903578966856
708,854,146,0.146,0.2009066314175725
678,839,161,0.161,0.20624665270000697
714,857,143,0.143,0.19980518767982722
680,840,160,0.16,0.20255604177713393
746,873,127,0.127,0.19883170247077941
708,854,146,0.146,0.1973611127436161
718,859,141,0.141,0.2041126003190875
682,841,159,0.159,0.20421088434755802
732,866,134,0.134,0.2027280692756176
684,842,158,0.158,0.20538542237132787
714,857,143,0.143,0.20203348365426063
762,881,119,0.119,0.2015664435327053
774,887,113,0.113,0.19589973345398903
726,863,137,0.137,0.20281953030824662
694,847,153,0.153,0.20739814472943544
752,876,124,0.124,0.2016901262253523
702,851,149,0.149,0.2016665405705571
692,846,154,0.154,0.20595192889124156
720,860,140,0.14,0.2022530808225274
714,857,143,0.143,0.20383350322395563
722,861,139,0.139,0.20182847828418016
732,866,134,0.134,0.2030923379212618
752,876,124,0.124,0.19785780629515648
728,864,136,0.136,0.19752215218544006
686,843,157,0.157,0.20543484595417977
770,885,115,0.115,0.19914496031403542
706,853,147,0.147,0.20000077037513256
684,842,158,0.158,0.2017197858840227
708,854,146,0.146,0.2030231012403965
732,866,134,0.134,0.19539081009477377
730,865,135,0.135,0.1986908425539732
696,848,152,0.152,0.20487108210474253
708,854,146,0.146,0.20356816063076258
672,836,164,0.164,0.2038263903260231
668,834,166,0.166,0.20215766079723835
752,876,124,0.124,0.20354176384210587
716,858,142,0.142,0.2040937517285347
672,836,164,0.164,0.20738038635998965
726,863,137,0.137,0.19948837715387344
682,841,159,0.159,0.1962197519466281
672,836,164,0.164,0.20143142223358154
762,881,119,0.119,0.20174512233585118
670,835,165,0.165,0.21045634939521551
738,869,131,0.131,0.20509996010363102
740,870,130,0.13,0.20307524911314248
686,843,157,0.157,0.1999377258196473
716,858,142,0.142,0.2012414130344987
704,852,148,0.148,0.2023763806372881
692,846,154,0.154,0.20084267401695252
742,871,129,0.129,0.201727319188416
734,867,133,0.133,0.20466168347001076
696,848,152,0.152,0.20834953025728464
720,860,140,0.14,0.20847527168691157
720,860,140,0.14,0.20315011797845364
704,852,148,0.148,0.20579566250741482
694,847,153,0.153,0.20368286901712418
746,873,127,0.127,0.19608391255885363
694,847,153,0.153,0.20551323576271535
662,831,169,0.169,0.20272455057501793
658,829,171,0.171,0.20459520015120505
736,868,132,0.132,0.19481154364347458
800,900,100,0.1,0.2037351168319583
698,849,151,0.151,0.20524595540761947
750,875,125,0.125,0.20058717279136182
754,877,123,0.123,0.19734932454675436
788,894,106,0.106,0.1947188473418355
686,843,157,0.157,0.2043674945756793
696,848,152,0.152,0.20590529565513133
734,867,133,0.133,0.19412531945109368
630,815,185,0.185,0.20228645105659962
736,868,132,0.132,0.19650727321207523
672,836,164,0.164,0.19730020932108164
690,845,155,0.155,0.20438800310343505
790,895,105,0.105,0.1939354310557246
680,840,160,0.16,0.19787730249762536
732,866,134,0.134,0.19691473913937807
736,868,132,0.132,0.19460480504482985
744,872,128,0.128,0.19873610945045947
716,858,142,0.142,0.20314213794469832
724,862,138,0.138,0.2020057356581092
694,847,153,0.153,0.2028340824767947
720,860,140,0.14,0.1939562532156706
768,884,116,0.116,0.19813408672064542
728,864,136,0.136,0.20144359711557627
692,846,154,0.154,0.20305173839628696
778,889,111,0.111,0.19323733167350293
720,860,140,0.14,0.2016334511488676
736,868,132,0.132,0.19738627842068673
686,843,157,0.157,0.2010891261175275
734,867,133,0.133,0.1951495889350772
712,856,144,0.144,0.20024994083493947
702,851,149,0.149,0.19573365407437085
792,896,104,0.104,0.18614169106632472
662,831,169,0.169,0.205313522182405
718,859,141,0.141,0.19503442545235156
752,876,124,0.124,0.19558804427087306
724,862,138,0.138,0.1959470278993249
686,843,157,0.157,0.1967978832051158
712,856,144,0.144,0.19625074341148138
710,855,145,0.145,0.19862112440168858
728,864,136,0.136,0.19502949444204568
750,875,125,0.125,0.19620560076087712
696,848,152,0.152,0.19845328163355588
670,835,165,0.165,0.19567977826297284
714,857,143,0.143,0.1995330272167921
688,844,156,0.156,0.19562409060448407
722,861,139,0.139,0.19436761128902436
748,874,126,0.126,0.19371862737089396
742,871,129,0.129,0.19699898306280375
698,849,151,0.151,0.20026259291917087
678,839,161,0.161,0.19968078856915236
714,857,143,0.143,0.19067196218669413
736,868,132,0.132,0.1944865850433707
694,847,153,0.153,0.19569859360903502
744,872,128,0.128,0.19552793137729169
752,876,124,0.124,0.1928939182087779
796,898,102,0.102,0.1931409649774432
800,900,100,0.1,0.1893545032143593
716,858,142,0.142,0.19296094414591788
710,855,145,0.145,0.19334206487983466
742,871,129,0.129,0.19430679807066917
710,855,145,0.145,0.1975706183165312
734,867,133,0.133,0.19458869705349208
712,856,144,0.144,0.18995825973153113
736,868,132,0.132,0.19453090883791446
750,875,125,0.125,0.19332307303696872
754,877,123,0.123,0.18762365794181823
712,856,144,0.144,0.19385717932879926
732,866,134,0.134,0.19640099960565566
718,859,141,0.141,0.19583821735531093
718,859,141,0.141,0.1936552095413208
730,865,135,0.135,0.19379327788949013
680,840,160,0.16,0.20005565243959428
738,869,131,0.131,0.19678663811087607
766,883,117,0.117,0.1900897324979305
710,855,145,0.145,0.19308940895646812
712,856,144,0.144,0.1887557732760906
716,858,142,0.142,0.1980733604580164
720,860,140,0.14,0.19546931242197751
688,844,156,0.156,0.19490446789562701
738,869,131,0.131,0.19543957045674323
770,885,115,0.115,0.19293518961966039
702,851,149,0.149,0.19176732406765223
688,844,156,0.156,0.19568412800133228
734,867,133,0.133,0.18763195338100194
686,843,157,0.157,0.1926720626950264
700,850,150,0.15,0.19174144527316092
728,864,136,0.136,0.1922814765870571
770,885,115,0.115,0.19318844647705555
706,853,147,0.147,0.19352285926789045
690,845,155,0.155,0.19579486943781377
682,841,159,0.159,0.19276432853937148
732,866,134,0.134,0.18644482920318842
726,863,137,0.137,0.1866687073558569
698,849,151,0.151,0.19147069539129735
720,860,140,0.14,0.1898073028922081
744,872,128,0.128,0.19213079084455967
752,876,124,0.124,0.18857183085381984
756,878,122,0.122,0.1904147977679968
722,861,139,0.139,0.19077158149331808
654,827,173,0.173,0.19484953314065934
754,877,123,0.123,0.1881319767087698
718,859,141,0.141,0.19611623902618885
684,842,158,0.158,0.18999057403951883
678,839,161,0.161,0.19180539558827878
716,858,142,0.142,0.1871249055787921
704,852,148,0.148,0.19164664945751428
696,848,152,0.152,0.18796871756017208
736,868,132,0.132,0.18717086985707282
700,850,150,0.15,0.19288195921480655
778,889,111,0.111,0.1866266364455223
696,848,152,0.152,0.18965918149799108
718,859,141,0.141,0.19331478150188922
730,865,135,0.135,0.189914214335382
732,866,134,0.134,0.19411240783706307
712,856,144,0.144,0.19194238278269768
734,867,133,0.133,0.190911964841187
780,890,110,0.11,0.18393892259150743
710,855,145,0.145,0.18501962656527757
692,846,154,0.154,0.18728739595413207
772,886,114,0.114,0.1866988784149289
734,867,133,0.133,0.18706388573348523
762,881,119,0.119,0.18655099441111087
706,853,147,0.147,0.19649573711305857
758,879,121,0.121,0.18482067769020796
756,878,122,0.122,0.18672408346831798
680,840,160,0.16,0.19027245964109898
700,850,150,0.15,0.19422307155281304
680,840,160,0.16,0.19131781943887471
762,881,119,0.119,0.19031981956213712
724,862,138,0.138,0.1888884542286396
704,852,148,0.148,0.18975821701437234
704,852,148,0.148,0.19042956031113864
702,851,149,0.149,0.19177290192991495
702,851,149,0.149,0.18785909974575044
722,861,139,0.139,0.19137736662477256
772,886,114,0.114,0.19164194530248643
722,861,139,0.139,0.1915481885150075
698,849,151,0.151,0.1917349481880665
738,869,131,0.131,0.18531003507971763
704,852,148,0.148,0.19385780276358128
666,833,167,0.167,0.19710980627685784
720,860,140,0.14,0.1918339896388352
702,851,149,0.149,0.19318475918471814
772,886,114,0.114,0.18735101313889027
726,863,137,0.137,0.18798490345478058
754,877,123,0.123,0.18816824742406607
728,864,136,0.136,0.19056576436012984
724,862,138,0.138,0.18702617432177066
738,869,131,0.131,0.18814995817095043
684,842,158,0.158,0.19421266774088145
758,879,121,0.121,0.1849346087872982
684,842,158,0.158,0.192801575191319
686,843,157,0.157,0.18622694729268552
720,860,140,0.14,0.18663693598657846
776,888,112,0.112,0.18138022896647454
682,841,159,0.159,0.19372649291157723
718,859,141,0.141,0.19094234000891447
732,866,134,0.134,0.1898770400956273
746,873,127,0.127,0.1865759449750185
688,844,156,0.156,0.19211854865401984
754,877,123,0.123,0.18622963957488536
718,859,141,0.141,0.18584012227505445
800,900,100,0.1,0.18351160154491664
704,852,148,0.148,0.19202203568816184
738,869,131,0.131,0.19202339613437652
768,884,116,0.116,0.18431866436451674
744,872,128,0.128,0.18820378561317921
754,877,123,0.123,0.1846297379806638
684,842,158,0.158,0.18455310677736997
692,846,154,0.154,0.18716540206223725
742,871,129,0.129,0.1879986146092415
670,835,165,0.165,0.1904644151031971
724,862,138,0.138,0.18341223150491714
682,841,159,0.159,0.18991168715804815
694,847,153,0.153,0.18591233554482461
706,853,147,0.147,0.1883448079675436
700,850,150,0.15,0.18595452535524964
670,835,165,0.165,0.1887456746250391
714,857,143,0.143,0.18766152816265821
718,859,141,0.141,0.18513269609212876
756,878,122,0.122,0.18631750006228687
752,876,124,0.124,0.1861127045825124
788,894,106,0.106,0.18215094040334226
682,841,159,0.159,0.18745919889956714
732,866,134,0.134,0.19451980812102557
704,852,148,0.148,0.1861690714508295
710,855,145,0.145,0.1883403296917677
736,868,132,0.132,0.18481321303546427
754,877,123,0.123,0.1865009960979223
676,838,162,0.162,0.18699853708595038
758,879,121,0.121,0.18772701754420995
758,879,121,0.121,0.18568706064671278
674,837,163,0.163,0.18649094208329917
710,855,145,0.145,0.18724458736926317
706,853,147,0.147,0.18688185565918683
734,867,133,0.133,0.18563279066234828
728,864,136,0.136,0.1854069290831685
716,858,142,0.142,0.18331222466379404
702,851,149,0.149,0.18747761045396327
784,892,108,0.108,0.18257750014960766
748,874,126,0.126,0.1907690624669194
794,897,103,0.103,0.17928308646380903
722,861,139,0.139,0.1868022810742259
670,835,165,0.165,0.1899054051861167
712,856,144,0.144,0.1848843435421586
716,858,142,0.142,0.18704476995021105
650,825,175,0.175,0.18666070640832186
726,863,137,0.137,0.18454019798338414
736,868,132,0.132,0.19008612386882306
784,892,108,0.108,0.18078961382061243
730,865,135,0.135,0.1862226979136467
698,849,151,0.151,0.18587353208661078
728,864,136,0.136,0.18410034019500018
734,867,133,0.133,0.18302068238705396
760,880,120,0.12,0.18582685445994138
692,846,154,0.154,0.1871343205496669
754,877,123,0.123,0.183606398537755
666,833,167,0.167,0.18908875152468682
686,843,157,0.157,0.18700792990624904
732,866,134,0.134,0.18564054794609547
740,870,130,0.13,0.18511997406184674
712,856,144,0.144,0.18710041761398316
708,854,146,0.146,0.187296042509377
726,863,137,0.137,0.1919874593615532
682,841,159,0.159,0.19086720905452967
702,851,149,0.149,0.18890457163006066
660,830,170,0.17,0.18974392087757588
668,834,166,0.166,0.19091365140676497
672,836,164,0.164,0.18966119610518217
758,879,121,0.121,0.18442494815587998
710,855,145,0.145,0.18281846798956394
726,863,137,0.137,0.1851230873093009
704,852,148,0.148,0.1908253989890218
758,879,121,0.121,0.18338427267223598
686,843,157,0.157,0.19227951836586
706,853,147,0.147,0.1905680448040366
726,863,137,0.137,0.18610402803122997
724,862,138,0.138,0.18109726114571095
736,868,132,0.132,0.18659291436523198
738,869,131,0.131,0.18729455522447824
692,846,154,0.154,0.18599041107296943
712,856,144,0.144,0.18451917697489262
726,863,137,0.137,0.18884940637648107
710,855,145,0.145,0.18834738570451737
726,863,137,0.137,0.190058634147048
738,869,131,0.131,0.18028727672994138
740,870,130,0.13,0.19267879866808652
704,852,148,0.148,0.1921390727907419
732,866,134,0.134,0.1887738950699568
734,867,133,0.133,0.1817571055740118
766,883,117,0.117,0.18489565682411194
696,848,152,0.152,0.18700172232836484
700,850,150,0.15,0.18509467622637749
732,866,134,0.134,0.19015833315998315
696,848,152,0.152,0.1907112360522151
736,868,132,0.132,0.1843007205873728
718,859,141,0.141,0.1875630802065134
732,866,134,0.134,0.18839555191993712
720,860,140,0.14,0.18230021299421786
684,842,158,0.158,0.18822225441783666
688,844,156,0.156,0.18743618282675742
728,864,136,0.136,0.18803747940808535
740,870,130,0.13,0.19195903576910495
748,874,126,0.126,0.18326727660745382
692,846,154,0.154,0.18906505647301675
766,883,117,0.117,0.18088062444329261
716,858,142,0.142,0.1868809479624033
712,856,144,0.144,0.19039448803663253
690,845,155,0.155,0.1860882816389203
704,852,148,0.148,0.18682197549194096
730,865,135,0.135,0.1850435442402959
720,860,140,0.14,0.18342627289891242
762,881,119,0.119,0.1824501191303134
718,859,141,0.141,0.18235718055814504
746,873,127,0.127,0.18137062429636716
720,860,140,0.14,0.185278468683362
706,853,147,0.147,0.18736373495310546
748,874,126,0.126,0.18352017910033463
756,878,122,0.122,0.18359846038371325
622,811,189,0.189,0.184702933318913
674,837,163,0.163,0.18837780018895864
738,869,131,0.131,0.184183760330081
718,859,141,0.141,0.1823952750340104
706,853,147,0.147,0.18376307317614554
774,887,113,0.113,0.1767922587916255
722,861,139,0.139,0.1844075054600835
730,865,135,0.135,0.18378937439620494
710,855,145,0.145,0.1852565020173788
692,846,154,0.154,0.18578614103794097
708,854,146,0.146,0.18570035844296218
716,858,142,0.142,0.18404599177837372
726,863,137,0.137,0.18712331849336625
728,864,136,0.136,0.187545416533947
728,864,136,0.136,0.18354132343828677
726,863,137,0.137,0.18490398863703011
766,883,117,0.117,0.17945097537338733
724,862,138,0.138,0.18815557377040387
692,846,154,0.154,0.18920004698634146
710,855,145,0.145,0.18666239161789416
696,848,152,0.152,0.18724018129706382
690,845,155,0.155,0.18315927984565497
740,870,130,0.13,0.1810838172659278
674,837,163,0.163,0.1876608867496252
658,829,171,0.171,0.18406061433255672
762,881,119,0.119,0.18183252716064452
712,856,144,0.144,0.18020542000979184
748,874,126,0.126,0.18150913562625648
770,885,115,0.115,0.18088548474758864
758,879,121,0.121,0.18367889412492514
692,846,154,0.154,0.18466027845442295
708,854,146,0.146,0.18429780220240355
768,884,116,0.116,0.1851103332862258
722,861,139,0.139,0.1841250681951642
770,885,115,0.115,0.18273037901520728
766,883,117,0.117,0.17828589943051337
748,874,126,0.126,0.18265616825968028
744,872,128,0.128,0.17922798684984445
756,878,122,0.122,0.18145110502839087
734,867,133,0.133,0.1810491063296795
696,848,152,0.152,0.18355698934942483
706,853,147,0.147,0.18144592779874802
720,860,140,0.14,0.17995509601384402
724,862,138,0.138,0.1876733245998621
708,854,146,0.146,0.18970456778258085
676,838,162,0.162,0.18844610652327537
708,854,146,0.146,0.18170635031163693
676,838,162,0.162,0.1885643994435668
736,868,132,0.132,0.18185010148584843
730,865,135,0.135,0.18377677785605193
730,865,135,0.135,0.18753642871975898
706,853,147,0.147,0.17697712192684412
722,861,139,0.139,0.1833761908262968
720,860,140,0.14,0.18140943298488854
736,868,132,0.132,0.1849548304826021
754,877,123,0.123,0.18102458915114403
738,869,131,0.131,0.18285740230977535
742,871,129,0.129,0.17727757372707129
694,847,153,0.153,0.18534816382825375
760,880,120,0.12,0.1812508651986718
682,841,159,0.159,0.18691081821918487
710,855,145,0.145,0.1892998728454113
712,856,144,0.144,0.18333356081694366
736,868,132,0.132,0.18073435371369123
744,872,128,0.128,0.17994995207339526
820,910,90,0.09,0.17829394914954902
762,881,119,0.119,0.17758890266716482
754,877,123,0.123,0.18320495156943797
738,869,131,0.131,0.1770968951061368
754,877,123,0.123,0.17907816600054502
706,853,147,0.147,0.18681597685068846
704,852,148,0.148,0.18177795670181512
686,843,157,0.157,0.18665211119502784
770,885,115,0.115,0.1773610867112875
656,828,172,0.172,0.17862954496592284
698,849,151,0.151,0.18248121079057456
810,905,95,0.095,0.1747905969619751
736,868,132,0.132,0.177972147539258
708,854,146,0.146,0.17890897314995527
694,847,153,0.153,0.1822022029608488
740,870,130,0.13,0.17885797724872826
714,857,143,0.143,0.17748615258187056
726,863,137,0.137,0.17858243066072463
726,863,137,0.137,0.18330521939694883
694,847,153,0.153,0.1814814828336239
700,850,150,0.15,0.18122269078344105
724,862,138,0.138,0.1785376960411668
708,854,146,0.146,0.17638714919239282
712,856,144,0.144,0.1852072165235877
732,866,134,0.134,0.17597769049555062
814,907,93,0.093,0.17017925786972046
722,861,139,0.139,0.18045900451391936
692,846,154,0.154,0.18397441602498293
684,842,158,0.158,0.17689747711271048
746,873,127,0.127,0.179012260094285
718,859,141,0.141,0.18481320294737816
704,852,148,0.148,0.17874177311360837
694,847,153,0.153,0.18219140385836363
706,853,147,0.147,0.17822611533850433
734,867,133,0.133,0.17756127052009105
722,861,139,0.139,0.1800436845049262
686,843,157,0.157,0.17546381632238625
724,862,138,0.138,0.1793213957026601
672,836,164,0.164,0.1776411546841264
768,884,116,0.116,0.17467436463385821
738,869,131,0.131,0.1816853926256299
724,862,138,0.138,0.1772899949401617
706,853,147,0.147,0.17799529185146093
706,853,147,0.147,0.1759966575950384
686,843,157,0.157,0.17893278805911542
732,866,134,0.134,0.1774019901752472
716,858,142,0.142,0.1744870755597949
726,863,137,0.137,0.17867338701337576
718,859,141,0.141,0.18073730178922415
692,846,154,0.154,0.1768952409029007
730,865,135,0.135,0.17992227866500615
724,862,138,0.138,0.17347333398461343
762,881,119,0.119,0.17587113888561726
718,859,141,0.141,0.1765538947507739
688,844,156,0.156,0.18164023395627737
724,862,138,0.138,0.18187895246595145
694,847,153,0.153,0.17959245266765356
712,856,144,0.144,0.18188641975820063
714,857,143,0.143,0.17905143386125563
766,883,117,0.117,0.17453147111833095
678,839,161,0.161,0.18211661203205584
764,882,118,0.118,0.17769953650981188
740,870,130,0.13,0.17800513414293528
734,867,133,0.133,0.17393814708292485
714,857,143,0.143,0.17959382623434067
676,838,162,0.162,0.18460454243421553
696,848,152,0.152,0.18288992077112198
712,856,144,0.144,0.17921032036095857
724,862,138,0.138,0.17738036058098078
712,856,144,0.144,0.17873447457700967
730,865,135,0.135,0.18086939723044634
716,858,142,0.142,0.17457662453502418
666,833,167,0.167,0.17591687376052142
700,850,150,0.15,0.1813785966411233
738,869,131,0.131,0.17568245754390954
708,854,146,0.146,0.18013634226098657
736,868,132,0.132,0.17825424472242593
734,867,133,0.133,0.17719045697897673
752,876,124,0.124,0.1793546383678913
706,853,147,0.147,0.17929458521306516
716,858,142,0.142,0.17390600622445346
726,863,137,0.137,0.1804644595235586
704,852,148,0.148,0.17821541255712509
706,853,147,0.147,0.17982706164568663
670,835,165,0.165,0.18201169966906308
716,858,142,0.142,0.1795238585472107
764,882,118,0.118,0.1757499014660716
716,858,142,0.142,0.1737878698334098
658,829,171,0.171,0.18390741297602653
742,871,129,0.129,0.17832273833453655
724,862,138,0.138,0.1792203975096345
700,850,150,0.15,0.1808611250668764
736,868,132,0.132,0.17941096245497465
632,816,184,0.184,0.17590891825407742
696,848,152,0.152,0.1782449135929346
690,845,155,0.155,0.18173552136868237
706,853,147,0.147,0.18157935390621424
716,858,142,0.142,0.17488309945911168
672,836,164,0.164,0.1794074689075351
708,854,146,0.146,0.17805062343925238
748,874,126,0.126,0.18012263173609971
712,856,144,0.144,0.18232306561619044
684,842,158,0.158,0.1760865240097046
700,850,150,0.15,0.1773797809034586
684,842,158,0.158,0.18040211365371941
710,855,145,0.145,0.1814822148233652
708,854,146,0.146,0.17716486067324877
684,842,158,0.158,0.17861103368550538
712,856,144,0.144,0.18077575089782477
734,867,133,0.133,0.1750437307357788
698,849,151,0.151,0.183247564278543
760,880,120,0.12,0.1755672034099698
676,838,162,0.162,0.18117263539880515
720,860,140,0.14,0.17480896140635013
702,851,149,0.149,0.1794278774112463
714,857,143,0.143,0.17391062541306018
756,878,122,0.122,0.1752452543079853
696,848,152,0.152,0.17604310485720634
712,856,144,0.144,0.1799125605300069
782,891,109,0.109,0.17586653582006692
750,875,125,0.125,0.17320525947958232
734,867,133,0.133,0.1782982061728835
732,866,134,0.134,0.1781852145344019
686,843,157,0.157,0.1791986273676157
716,858,142,0.142,0.1778802387267351
710,855,145,0.145,0.1778161813095212
640,820,180,0.18,0.17761232249438763
724,862,138,0.138,0.17588041085749864
752,876,124,0.124,0.17653819795697928
694,847,153,0.153,0.17721198511868716
716,858,142,0.142,0.17996731300652027
722,861,139,0.139,0.17858932161331176
708,854,146,0.146,0.18219128496199846
708,854,146,0.146,0.179254492752254
766,883,117,0.117,0.1790838705599308
714,857,143,0.143,0.1798240811675787
702,851,149,0.149,0.17766450363397598
740,870,130,0.13,0.17218033484369516
794,897,103,0.103,0.17685573557019232
668,834,166,0.166,0.1907593708857894
702,851,149,0.149,0.1733268655911088
732,866,134,0.134,0.17436483634263278
716,858,142,0.142,0.1799539771154523
756,878,122,0.122,0.17773652148246766
720,860,140,0.14,0.17814223746210336
686,843,157,0.157,0.17834063962846994
724,862,138,0.138,0.1775437478721142
728,864,136,0.136,0.17878250788152217
746,873,127,0.127,0.1783871241658926
758,879,121,0.121,0.1743353635519743
728,864,136,0.136,0.18068653271347285
676,838,162,0.162,0.18033229772746562
702,851,149,0.149,0.1807671257853508
720,860,140,0.14,0.1798666170760989
688,844,156,0.156,0.1763041310161352
706,853,147,0.147,0.1751167767867446
688,844,156,0.156,0.1826950137540698
722,861,139,0.139,0.1757456176429987
698,849,151,0.151,0.1789850076213479
716,858,142,0.142,0.17949139238893985
718,859,141,0.141,0.18100236923992633
764,882,118,0.118,0.17537839347124098
670,835,165,0.165,0.18791949962079524
736,868,132,0.132,0.1829429838359356
776,888,112,0.112,0.1778542650938034
716,858,142,0.142,0.17913722402602433
692,846,154,0.154,0.18020289664715528
688,844,156,0.156,0.18124968931823968
688,844,156,0.156,0.17879692654311657
770,885,115,0.115,0.17409845507889987
696,848,152,0.152,0.1803442064896226
716,858,142,0.142,0.18106527372449638
728,864,136,0.136,0.17739237854629755
736,868,132,0.132,0.17675468366593122
728,864,136,0.136,0.1827403572499752
730,865,135,0.135,0.17541692209243775
726,863,137,0.137,0.1802801802754402
744,872,128,0.128,0.17284210001677275
702,851,149,0.149,0.17930175022780895
700,850,150,0.15,0.18049006277322768
720,860,140,0.14,0.17591807866096495
714,857,143,0.143,0.17851165649294853
706,853,147,0.147,0.17551878947764635
652,826,174,0.174,0.1799625034108758
700,850,150,0.15,0.18111907737702132
736,868,132,0.132,0.17762155939638616
696,848,152,0.152,0.18064626386761665
694,847,153,0.153,0.17788744849711657
730,865,135,0.135,0.17729195545613766
740,870,130,0.13,0.1797864012271166
740,870,130,0.13,0.18504566130787134
694,847,153,0.153,0.17772105640918018
710,855,145,0.145,0.1851486036926508
716,858,142,0.142,0.17915801701694728
678,839,161,0.161,0.17869187669456005
622,811,189,0.189,0.18249024710059167
724,862,138,0.138,0.17988254072517157
672,836,164,0.164,0.17783856344223023
724,862,138,0.138,0.18027584878355266
764,882,118,0.118,0.17346359721571208
764,882,118,0.118,0.1754530814886093
712,856,144,0.144,0.17640329073369504
704,852,148,0.148,0.176418743789196
718,859,141,0.141,0.1879580672159791
750,875,125,0.125,0.18256512001156808
730,865,135,0.135,0.17763474637269974
688,844,156,0.156,0.17686984830349683
732,866,134,0.134,0.17207189308851958
738,869,131,0.131,0.18029475736618042
740,870,130,0.13,0.17359203879535198
688,844,156,0.156,0.1827476788237691
708,854,146,0.146,0.17934639225900173
684,842,158,0.158,0.17975788224488498
762,881,119,0.119,0.17270481027662754
696,848,152,0.152,0.1812476446405053
744,872,128,0.128,0.1745627187639475
722,861,139,0.139,0.18382410122454165
770,885,115,0.115,0.1754850442558527
724,862,138,0.138,0.17750054544210433
732,866,134,0.134,0.17887317709624767
746,873,127,0.127,0.17858389179408551
720,860,140,0.14,0.17596028610318898
690,845,155,0.155,0.17738548561930656
716,858,142,0.142,0.1781519759967923
726,863,137,0.137,0.17873381409049033
710,855,145,0.145,0.18051881978660822
670,835,165,0.165,0.18208504511415957
738,869,131,0.131,0.17760937752574682
714,857,143,0.143,0.18014268063008784
724,862,138,0.138,0.17842113089561462
788,894,106,0.106,0.17331292590498923
766,883,117,0.117,0.17394595185667278
784,892,108,0.108,0.17904146034270524
730,865,135,0.135,0.1760250663533807
656,828,172,0.172,0.18226859747618437
668,834,166,0.166,0.18730952904373407
732,866,134,0.134,0.17438574085384606
672,836,164,0.164,0.1835827956646681
752,876,124,0.124,0.1787476161196828
732,866,134,0.134,0.18289127318561077
710,855,145,0.145,0.17988338736444712
718,859,141,0.141,0.17622773279249668
780,890,110,0.11,0.17610316613316537
728,864,136,0.136,0.17783485756069423
734,867,133,0.133,0.17729139924794435
752,876,124,0.124,0.1776516481935978
724,862,138,0.138,0.17532282477617264
740,870,130,0.13,0.17724971136450768
666,833,167,0.167,0.18716299380362034
738,869,131,0.131,0.17334862354397773
732,866,134,0.134,0.17753243164718152
752,876,124,0.124,0.1774032888188958
682,841,159,0.159,0.18360238339751958
780,890,110,0.11,0.1771361445263028
700,850,150,0.15,0.18405081733316184
718,859,141,0.141,0.17900244116038083
732,866,134,0.134,0.1816761456504464
716,858,142,0.142,0.18061284317821263
740,870,130,0.13,0.17542186610400676
772,886,114,0.114,0.17404764867573977
744,872,128,0.128,0.17271121991425753
718,859,141,0.141,0.1768909655585885
704,852,148,0.148,0.1783977230936289
710,855,145,0.145,0.18425118970125914
754,877,123,0.123,0.17901362758874892
722,861,139,0.139,0.17358986902981996
762,881,119,0.119,0.17800045292824507
666,833,167,0.167,0.17579301235824824
728,864,136,0.136,0.17693289361149073
706,853,147,0.147,0.1771548017859459
762,881,119,0.119,0.17738507425040007
722,861,139,0.139,0.17371930334717034
722,861,139,0.139,0.17364687256515027
700,850,150,0.15,0.17833210587501525
660,830,170,0.17,0.18129396814107895
738,869,131,0.131,0.1740934949144721
666,833,167,0.167,0.17771189537644386
740,870,130,0.13,0.1735021730735898
700,850,150,0.15,0.1768214395865798
746,873,127,0.127,0.17619716694206
654,827,173,0.173,0.17577983847260475
762,881,119,0.119,0.1732301601842046
706,853,147,0.147,0.1771248077377677
698,849,151,0.151,0.1755852087661624
716,858,142,0.142,0.17024403536319732
688,844,156,0.156,0.18012699292600154
734,867,133,0.133,0.17464989852160215
742,871,129,0.129,0.1787249997034669
712,856,144,0.144,0.17147366554290056
678,839,161,0.161,0.17886567313224078
682,841,159,0.159,0.17485469141602517
694,847,153,0.153,0.17857841419428586
710,855,145,0.145,0.1806204940751195
760,880,120,0.12,0.17408286125212907
728,864,136,0.136,0.17615461179614067
726,863,137,0.137,0.17489192890375851
722,861,139,0.139,0.17767050264775752
690,845,155,0.155,0.1813084595054388
794,897,103,0.103,0.17008279898762704
724,862,138,0.138,0.1718560373336077
726,863,137,0.137,0.17545476097613574
696,848,152,0.152,0.1788828636407852
710,855,145,0.145,0.16609135277569295
690,845,155,0.155,0.17545945896953344
710,855,145,0.145,0.1748391476199031
720,860,140,0.14,0.17438913989812135
726,863,137,0.137,0.17415586318075657
746,873,127,0.127,0.1786799264922738
708,854,146,0.146,0.17458934547007085
690,845,155,0.155,0.1775090447664261
732,866,134,0.134,0.17117760697752238
738,869,131,0.131,0.17645965281128884
692,846,154,0.154,0.17425191100686788
740,870,130,0.13,0.17311546348780393
746,873,127,0.127,0.17002681800723077
682,841,159,0.159,0.17792694493383168
692,846,154,0.154,0.17577788324654103
732,866,134,0.134,0.17194243264943362
698,849,151,0.151,0.1778028494864702
734,867,133,0.133,0.17516071050614118
742,871,129,0.129,0.17624319565296173
710,855,145,0.145,0.17279601234197617
760,880,120,0.12,0.17729699098318816
724,862,138,0.138,0.1742634144946933
696,848,152,0.152,0.1743698079586029
714,857,143,0.143,0.17176852018386127
712,856,144,0.144,0.17288565776497125
718,859,141,0.141,0.17276974055916072
762,881,119,0.119,0.1701269692927599
760,880,120,0.12,0.17095119912922382
728,864,136,0.136,0.17095424661040307
676,838,162,0.162,0.17660420150309802
738,869,131,0.131,0.17457414001226426
730,865,135,0.135,0.17569620472192765
686,843,157,0.157,0.17462235318124295
714,857,143,0.143,0.17507527086883784
730,865,135,0.135,0.17202707923203706
772,886,114,0.114,0.16698998644948004
702,851,149,0.149,0.1746602436378598
724,862,138,0.138,0.17278825150430202
760,880,120,0.12,0.17198433017730713
798,899,101,0.101,0.167661108545959
694,847,153,0.153,0.17716607016324998
706,853,147,0.147,0.17376044470071791
708,854,146,0.146,0.18149338963627815
780,890,110,0.11,0.1674177648127079
754,877,123,0.123,0.1740984811410308
752,876,124,0.124,0.17038879779726268
666,833,167,0.167,0.17796457993239165
690,845,155,0.155,0.17014122445881366
694,847,153,0.153,0.17520499715954066
740,870,130,0.13,0.169788893930614
754,877,123,0.123,0.17213776641339062
772,886,114,0.114,0.17053835962712766
678,839,161,0.161,0.17226908731460572
714,857,143,0.143,0.17358361254632473
752,876,124,0.124,0.1683086188212037
750,875,125,0.125,0.17403825581073762
732,866,134,0.134,0.17106526359915733
708,854,146,0.146,0.17659322191029786
704,852,148,0.148,0.16981092741340398
666,833,167,0.167,0.17494066572934389
694,847,153,0.153,0.17670297595113515
682,841,159,0.159,0.17506235641241075
688,844,156,0.156,0.17250561331957578
706,853,147,0.147,0.17197335759550333
718,859,141,0.141,0.17166360911726952
716,858,142,0.142,0.17356447251886128
740,870,130,0.13,0.1707741346359253
694,847,153,0.153,0.17170311988145112
688,844,156,0.156,0.1730807014927268
802,901,99,0.099,0.1678674549534917
646,823,177,0.177,0.17101755698770285
758,879,121,0.121,0.16934841115772725
722,861,139,0.139,0.16678624404966833
750,875,125,0.125,0.1706863433867693
730,865,135,0.135,0.1697350679859519
692,846,154,0.154,0.1724393995627761
686,843,157,0.157,0.1675856657102704
748,874,126,0.126,0.1679024933129549
788,894,106,0.106,0.16668578853458166
734,867,133,0.133,0.1650150086954236
734,867,133,0.133,0.1709006415233016
716,858,142,0.142,0.1664454742372036
694,847,153,0.153,0.17059068195521832
690,845,155,0.155,0.17214281995594502
718,859,141,0.141,0.16525146564096213
750,875,125,0.125,0.16335913541167973
752,876,124,0.124,0.17113175309449435
714,857,143,0.143,0.16931432704627514
760,880,120,0.12,0.1669364075884223
740,870,130,0.13,0.16638360823690893
730,865,135,0.135,0.1726633307263255
736,868,132,0.132,0.1723174580708146
726,863,137,0.137,0.16672210370004176
742,871,129,0.129,0.17153814730793238
688,844,156,0.156,0.16973099095374347
672,836,164,0.164,0.1715260972008109
692,846,154,0.154,0.17013914277404546
752,876,124,0.124,0.1670691388323903
750,875,125,0.125,0.16952257961779832
690,845,155,0.155,0.17079119876027107
732,866,134,0.134,0.16307695934921504
716,858,142,0.142,0.17427224092185498
690,845,155,0.155,0.16927021522074936
686,843,157,0.157,0.17222174602746965
644,822,178,0.178,0.17587499306350945
728,864,136,0.136,0.16778194339573382
744,872,128,0.128,0.16196388693153857
690,845,155,0.155,0.17374690639972687
702,851,149,0.149,0.17124839613586665
772,886,114,0.114,0.16453785844892263
700,850,150,0.15,0.1714840570986271
726,863,137,0.137,0.16716928304731846
748,874,126,0.126,0.1666153099015355
722,861,139,0.139,0.1617784853130579
662,831,169,0.169,0.1723917681276798
686,843,157,0.157,0.17180354634672404
700,850,150,0.15,0.1727202259749174
674,837,163,0.163,0.17147890684753656
708,854,146,0.146,0.1705819400176406
716,858,142,0.142,0.1674473954215646
714,857,143,0.143,0.1707080232799053
688,844,156,0.156,0.17146603616327047
708,854,146,0.146,0.16918453887850046
740,870,130,0.13,0.17245544812828303
696,848,152,0.152,0.16522811257094144
734,867,133,0.133,0.1687038370668888
768,884,116,0.116,0.1653034752160311
716,858,142,0.142,0.1690697963386774
728,864,136,0.136,0.16574696557223798
692,846,154,0.154,0.16800029664486646
758,879,121,0.121,0.16361984922736883
700,850,150,0.15,0.1694579284787178
720,860,140,0.14,0.1683034671396017
760,880,120,0.12,0.1657591174095869
750,875,125,0.125,0.16388608575612307
686,843,157,0.157,0.17249095571041106
744,872,128,0.128,0.1680534398034215
712,856,144,0.144,0.16947899898141622
718,859,141,0.141,0.16957802587747575
722,861,139,0.139,0.16852013582736253
692,846,154,0.154,0.16738952208310365
686,843,157,0.157,0.17169245032221078
714,857,143,0.143,0.16997189149260522
718,859,141,0.141,0.17075458194315435
720,860,140,0.14,0.17047781965136527
702,851,149,0.149,0.16748207549750804
702,851,149,0.149,0.16543816234916447
776,888,112,0.112,0.16790393259376288
736,868,132,0.132,0.16891827950626612
798,899,101,0.101,0.16575178207457067
708,854,146,0.146,0.16992693020403385
654,827,173,0.173,0.17127293625473977
724,862,138,0.138,0.16767986395955087
694,847,153,0.153,0.16649037366360425
712,856,144,0.144,0.17017834763973952
716,858,142,0.142,0.16843931315839292
708,854,146,0.146,0.17116065303236247
702,851,149,0.149,0.16586208967864513
696,848,152,0.152,0.16686929132789374
668,834,166,0.166,0.1660901878029108
740,870,130,0.13,0.16683940954506396
730,865,135,0.135,0.16592209982126951
754,877,123,0.123,0.1685786997899413
710,855,145,0.145,0.17053789388388396
732,866,134,0.134,0.1707466262578964
694,847,153,0.153,0.17046584702283143
690,845,155,0.155,0.17124034162610768
760,880,120,0.12,0.16467407842725515
710,855,145,0.145,0.16738088589161634
690,845,155,0.155,0.17153827229887247
754,877,123,0.123,0.17040362841635942
716,858,142,0.142,0.16580375607311726
742,871,129,0.129,0.16517248209565877
724,862,138,0.138,0.16677752320468425
734,867,133,0.133,0.16521716614067555
768,884,116,0.116,0.16549449238181113
720,860,140,0.14,0.164281333245337
716,858,142,0.142,0.16739203364402055
736,868,132,0.132,0.1702910242602229
704,852,148,0.148,0.16621027953177692
688,844,156,0.156,0.1682931251451373
732,866,134,0.134,0.17140866246819497
744,872,128,0.128,0.1667781514003873
726,863,137,0.137,0.16956547759473323
718,859,141,0.141,0.16693876503407956
736,868,132,0.132,0.16920302797853948
744,872,128,0.128,0.16789176762104036
700,850,150,0.15,0.17075803026556968
730,865,135,0.135,0.16140893386304378
680,840,160,0.16,0.17352408396452665
692,846,154,0.154,0.17071239394694568
710,855,145,0.145,0.16958936215937137
702,851,149,0.149,0.16274412306398153
714,857,143,0.143,0.17250491421669722
754,877,123,0.123,0.168262004211545
696,848,152,0.152,0.16908862769976257
706,853,147,0.147,0.1684788501560688
742,871,129,0.129,0.16730453377217055
742,871,129,0.129,0.16015967735648154
692,846,154,0.154,0.16908434815704823
680,840,160,0.16,0.17237627536803485
784,892,108,0.108,0.1629008982181549
692,846,154,0.154,0.1675784870237112
676,838,162,0.162,0.17276888364553453
734,867,133,0.133,0.17104182815551758
748,874,126,0.126,0.17133345818519594
696,848,152,0.152,0.1690165896192193
648,824,176,0.176,0.17541240724921225
706,853,147,0.147,0.16940156424045563
694,847,153,0.153,0.16664814864844082
684,842,158,0.158,0.16807694912701845
700,850,150,0.15,0.17181522139161826
760,880,120,0.12,0.16710845022648574
782,891,109,0.109,0.17057276353240014
684,842,158,0.158,0.16709063691645862
714,857,143,0.143,0.1650560927465558
714,857,143,0.143,0.16953321204334498
730,865,135,0.135,0.1677000420242548
754,877,123,0.123,0.16237374307960273
798,899,101,0.101,0.16279309502989053
730,865,135,0.135,0.1716956694200635
706,853,147,0.147,0.1695645653232932
722,861,139,0.139,0.16706000527739526
690,845,155,0.155,0.17159031090885402
694,847,153,0.153,0.17112623918801545
712,856,144,0.144,0.16874908177554607
768,884,116,0.116,0.16486129267513752
728,864,136,0.136,0.16759987116605043
688,844,156,0.156,0.16917316987365486
702,851,149,0.149,0.16586787659674884
660,830,170,0.17,0.17144914428144695
748,874,126,0.126,0.16352006036788225
722,861,139,0.139,0.16815758591890334
724,862,138,0.138,0.16866501788049937
716,858,142,0.142,0.16969830541312694
736,868,132,0.132,0.1692832218259573
730,865,135,0.135,0.1712379600405693
732,866,134,0.134,0.16650993612408638
740,870,130,0.13,0.16825664342194796
750,875,125,0.125,0.16706094270944596
752,876,124,0.124,0.16129762867093086
714,857,143,0.143,0.16742406688630582
692,846,154,0.154,0.16966805332899093
712,856,144,0.144,0.1713802225664258
742,871,129,0.129,0.1656508003771305
760,880,120,0.12,0.1663564802110195
690,845,155,0.155,0.16858832866698503
746,873,127,0.127,0.16307999738305806
782,891,109,0.109,0.16353798080980778
726,863,137,0.137,0.17001622162014246
706,853,147,0.147,0.16626764872670174
766,883,117,0.117,0.16982743698358535
744,872,128,0.128,0.16570091331005096
740,870,130,0.13,0.16378331468254329
714,857,143,0.143,0.16858284588158132
658,829,171,0.171,0.17087010908126832
700,850,150,0.15,0.17151509848237037
720,860,140,0.14,0.16987000054121018
758,879,121,0.121,0.16936110294610263
688,844,156,0.156,0.17133421364426613
768,884,116,0.116,0.16800720673054456
714,857,143,0.143,0.16809124570339917
694,847,153,0.153,0.17241332652419805
732,866,134,0.134,0.17015518900752066
732,866,134,0.134,0.1673378860577941
706,853,147,0.147,0.17136982653290034
736,868,132,0.132,0.17169913211464882
734,867,133,0.133,0.1716897423416376
712,856,144,0.144,0.17063288971036672
730,865,135,0.135,0.16916992996633054
696,848,152,0.152,0.17069092139601708
728,864,136,0.136,0.1681159469410777
762,881,119,0.119,0.1664658308401704
750,875,125,0.125,0.16656339511275292
728,864,136,0.136,0.1682003378868103
808,904,96,0.096,0.16415721950680018
720,860,140,0.14,0.16936755444854498
664,832,168,0.168,0.16806082865595817
678,839,161,0.161,0.1712771061360836
788,894,106,0.106,0.16650449735671283
740,870,130,0.13,0.17158460449427365
706,853,147,0.147,0.1685891886278987
740,870,130,0.13,0.16340328896790743
676,838,162,0.162,0.17307456980645658
662,831,169,0.169,0.17289307451248168
736,868,132,0.132,0.16830186580866574
768,884,116,0.116,0.1683217322230339
698,849,151,0.151,0.1698740934357047
754,877,123,0.123,0.16805436956882477
732,866,134,0.134,0.16761333967000247
704,852,148,0.148,0.16568996523320675
704,852,148,0.148,0.1670965692177415
754,877,123,0.123,0.16254501923173667
738,869,131,0.131,0.16963232132047415
736,868,132,0.132,0.16735237373411654
750,875,125,0.125,0.1603823061734438
762,881,119,0.119,0.1673637815117836
704,852,148,0.148,0.17079251031577586
754,877,123,0.123,0.1655889289304614
712,856,144,0.144,0.16676141782850026
700,850,150,0.15,0.1677752423323691
702,851,149,0.149,0.16979588082432748
728,864,136,0.136,0.16339531295746565
750,875,125,0.125,0.16023577044159173
754,877,123,0.123,0.16339442155510187
686,843,157,0.157,0.1682116447389126
722,861,139,0.139,0.16475394751876593
756,878,122,0.122,0.16855243130773306
684,842,158,0.158,0.17355128678679466
726,863,137,0.137,0.1692433867007494
754,877,123,0.123,0.1694129648655653
758,879,121,0.121,0.16427084434777497
706,853,147,0.147,0.16631769674271346
714,857,143,0.143,0.17093164417892695
742,871,129,0.129,0.15977800258994102
676,838,162,0.162,0.17237738432735206
680,840,160,0.16,0.16719999373704195
706,853,147,0.147,0.1646021069213748
700,850,150,0.15,0.17193357870727777
704,852,148,0.148,0.16713690172880888
706,853,147,0.147,0.16925503055006266
658,829,171,0.171,0.16735145484656094
732,866,134,0.134,0.16771890703588724
704,852,148,0.148,0.16735546904802323
726,863,137,0.137,0.16439599382132292
682,841,159,0.159,0.16930744300037623
736,868,132,0.132,0.16332783027738332
690,845,155,0.155,0.1686685614362359
710,855,145,0.145,0.1647971539646387
730,865,135,0.135,0.15973010379821062
740,870,130,0.13,0.16311487156152726
726,863,137,0.137,0.16767092709243298
676,838,162,0.162,0.1681627843901515
690,845,155,0.155,0.16951057410985232
664,832,168,0.168,0.1689881315305829
730,865,135,0.135,0.16455695833265782
728,864,136,0.136,0.16414705311506986
732,866,134,0.134,0.16693598109483718
646,823,177,0.177,0.1646317108348012
724,862,138,0.138,0.16432120199501515
732,866,134,0.134,0.17052579557150602
698,849,151,0.151,0.1686717094630003
696,848,152,0.152,0.16412538271397353
718,859,141,0.141,0.1662341978251934
708,854,146,0.146,0.16768098693341016
760,880,120,0.12,0.1619307480826974
732,866,134,0.134,0.165427137337625
722,861,139,0.139,0.16057076362520456
702,851,149,0.149,0.1704791128858924
666,833,167,0.167,0.1672787953838706
690,845,155,0.155,0.16414328406751155
756,878,122,0.122,0.16514493732899427
718,859,141,0.141,0.16798599227517844
714,857,143,0.143,0.16916993578523398
706,853,147,0.147,0.16445003379136325
706,853,147,0.147,0.16501373559981586
692,846,154,0.154,0.16920155815780163
674,837,163,0.163,0.16833141628652812
744,872,128,0.128,0.16525106942653656
740,870,130,0.13,0.16223738825321196
732,866,134,0.134,0.16278911575675012
710,855,145,0.145,0.16628982349485158
736,868,132,0.132,0.1651969454512
718,859,141,0.141,0.1643744246289134
664,832,168,0.168,0.16910825470089913
738,869,131,0.131,0.16658779372274876
700,850,150,0.15,0.1670972087010741
764,882,118,0.118,0.16272334019839763
718,859,141,0.141,0.16629672469943763
698,849,151,0.151,0.17083200942724944
746,873,127,0.127,0.16492689510434866
732,866,134,0.134,0.1696210838854313
700,850,150,0.15,0.16825159135460854
740,870,130,0.13,0.16406575586646796
702,851,149,0.149,0.1675465758293867
714,857,143,0.143,0.16719812801480294
710,855,145,0.145,0.16661074101924897
700,850,150,0.15,0.16611883656680584
690,845,155,0.155,0.1681563493013382
750,875,125,0.125,0.16124189019948243
708,854,146,0.146,0.16606482449918986
720,860,140,0.14,0.166124446593225
732,866,134,0.134,0.1688382370620966
728,864,136,0.136,0.16336894468218088
730,865,135,0.135,0.16760640201717616
742,871,129,0.129,0.15887781213223934
738,869,131,0.131,0.16688928190618754
716,858,142,0.142,0.16612348068505525
664,832,168,0.168,0.1723162185251713
746,873,127,0.127,0.1672664955407381
680,840,160,0.16,0.16793951591849327
698,849,151,0.151,0.16703410626202822
736,868,132,0.132,0.16581284882873296
770,885,115,0.115,0.1628240595012903
696,848,152,0.152,0.1661257204711437
734,867,133,0.133,0.16469810181856157
752,876,124,0.124,0.1656987777799368
722,861,139,0.139,0.16173643904179336
730,865,135,0.135,0.1589456120952964
706,853,147,0.147,0.16581244480609894
702,851,149,0.149,0.16517110995203257
750,875,125,0.125,0.16295263420790435
746,873,127,0.127,0.16837352824956178
752,876,124,0.124,0.16134906784445047
720,860,140,0.14,0.1641510469391942
700,850,150,0.15,0.16675488843768835
792,896,104,0.104,0.16365309109538795
738,869,131,0.131,0.160254896633327
736,868,132,0.132,0.1637130110785365
714,857,143,0.143,0.16607758727669716
708,854,146,0.146,0.16262766087055205
750,875,125,0.125,0.16543211521953344
736,868,132,0.132,0.16179837346076964
736,868,132,0.132,0.1661191057562828
738,869,131,0.131,0.16413326948136092
746,873,127,0.127,0.15663674786686899
772,886,114,0.114,0.16043939539045096
684,842,158,0.158,0.16496539486199618
684,842,158,0.158,0.16218075885623692
728,864,136,0.136,0.16373954075574876
720,860,140,0.14,0.1657598244920373
708,854,146,0.146,0.1652504941523075
764,882,118,0.118,0.15832278599590063
740,870,130,0.13,0.16011274594068528
740,870,130,0.13,0.15914134185761214
694,847,153,0.153,0.16087871226668357
686,843,157,0.157,0.16604898668825627
722,861,139,0.139,0.16461142705380916
680,840,160,0.16,0.16509317345172167
714,857,143,0.143,0.1692133214622736
718,859,141,0.141,0.1620795842781663
722,861,139,0.139,0.1592231719046831
700,850,150,0.15,0.16234345814585685
756,878,122,0.122,0.15891249307990074
750,875,125,0.125,0.1608156912177801
720,860,140,0.14,0.1629055122807622
694,847,153,0.153,0.1620708617120981
750,875,125,0.125,0.1587619749456644
740,870,130,0.13,0.16434800247102976
728,864,136,0.136,0.1614705670028925
718,859,141,0.141,0.1647767343223095
720,860,140,0.14,0.16101451003551484
676,838,162,0.162,0.16795192316919566
690,845,155,0.155,0.16048138232529163
750,875,125,0.125,0.15844953179359436
762,881,119,0.119,0.15466307543218136
728,864,136,0.136,0.16245842181891204
758,879,121,0.121,0.16151333374530077
728,864,136,0.136,0.16328185763955116
744,872,128,0.128,0.1623045577853918
702,851,149,0.149,0.1634411109238863
700,850,150,0.15,0.16435585065931083
730,865,135,0.135,0.16121845132112503
768,884,116,0.116,0.16124436457455157
754,877,123,0.123,0.15624713978916407
758,879,121,0.121,0.16133475732803346
744,872,128,0.128,0.15982085112482308
752,876,124,0.124,0.15987679793685675
746,873,127,0.127,0.15938542222976684
772,886,114,0.114,0.15676764636486767
702,851,149,0.149,0.16271276748180388
732,866,134,0.134,0.1591804973036051
768,884,116,0.116,0.15961011335253716
702,851,149,0.149,0.16428074280172586
742,871,129,0.129,0.1628995715752244
720,860,140,0.14,0.16281795235723256
730,865,135,0.135,0.16712966112047434
714,857,143,0.143,0.1641675052344799
682,841,159,0.159,0.1638144414871931
718,859,141,0.141,0.16100830900669097
712,856,144,0.144,0.16327154626697302
768,884,116,0.116,0.15563900504261255
678,839,161,0.161,0.16446425700187683
692,846,154,0.154,0.15975992622226476
726,863,137,0.137,0.1606550849378109
690,845,155,0.155,0.1651582241728902
712,856,144,0.144,0.15850985518842936
714,857,143,0.143,0.1614529721364379
698,849,151,0.151,0.16191894634068013
704,852,148,0.148,0.16034335968643426
672,836,164,0.164,0.1598611521869898
718,859,141,0.141,0.15874765126407148
730,865,135,0.135,0.15803463519364597
724,862,138,0.138,0.15832536552846432
754,877,123,0.123,0.15603517650812865
676,838,162,0.162,0.1574535728469491
656,828,172,0.172,0.1640737759321928
744,872,128,0.128,0.15946588744223117
702,851,149,0.149,0.16128713708370923
724,862,138,0.138,0.15768607724457978
684,842,158,0.158,0.16493010714650155
644,822,178,0.178,0.16322597597539426
746,873,127,0.127,0.15684891115874053
718,859,141,0.141,0.15622730389237405
696,848,152,0.152,0.16283332001417875
702,851,149,0.149,0.15597588365525009
690,845,155,0.155,0.16315514835715295
676,838,162,0.162,0.164326199144125
708,854,146,0.146,0.16214834076166154
680,840,160,0.16,0.15997292797267437
678,839,161,0.161,0.15866214890778066
734,867,133,0.133,0.15671128219366073
710,855,145,0.145,0.15886495579779147
734,867,133,0.133,0.1577335433885455
744,872,128,0.128,0.15802550595998763
728,864,136,0.136,0.15975321555882693
746,873,127,0.127,0.16081572439521552
696,848,152,0.152,0.16185677168518306
734,867,133,0.133,0.16232539092749357
744,872,128,0.128,0.15980760874599217
684,842,158,0.158,0.16295035651326178
716,858,142,0.142,0.16448463964462282
664,832,168,0.168,0.16285624366998672
686,843,157,0.157,0.16062303448468446
694,847,153,0.153,0.16225192345678807
708,854,146,0.146,0.15931611813604832
740,870,130,0.13,0.15844805600494147
758,879,121,0.121,0.15888776437938212
718,859,141,0.141,0.15687629625201224
774,887,113,0.113,0.15145293811708688
724,862,138,0.138,0.15754865238070487
730,865,135,0.135,0.16238369163125754
734,867,133,0.133,0.15962925012409687
732,866,134,0.134,0.15861906512826682
730,865,135,0.135,0.15913110507279635
654,827,173,0.173,0.1628850177153945
778,889,111,0.111,0.15410552208870648
724,862,138,0.138,0.15997791601717473
728,864,136,0.136,0.16015632933378218
700,850,150,0.15,0.15721124554425478
682,841,159,0.159,0.1599078849479556
730,865,135,0.135,0.15462894519418477
706,853,147,0.147,0.1576305868551135
716,858,142,0.142,0.1624409964904189
704,852,148,0.148,0.1620024565011263
708,854,146,0.146,0.15792740754038095
740,870,130,0.13,0.15850979618728162
706,853,147,0.147,0.15962673147022724
746,873,127,0.127,0.16201133017241956
712,856,144,0.144,0.15711972005665303
732,866,134,0.134,0.1575973346978426
706,853,147,0.147,0.15480258291959761
768,884,116,0.116,0.15425692734867336
716,858,142,0.142,0.1610424021631479
792,896,104,0.104,0.15373033253103494
732,866,134,0.134,0.1590023028254509
762,881,119,0.119,0.15256580787152052
692,846,154,0.154,0.16134762070327996
694,847,153,0.153,0.1629275638461113
698,849,151,0.151,0.15912253846973182
746,873,127,0.127,0.15715680780261754
764,882,118,0.118,0.1558633689060807
714,857,143,0.143,0.15636632654070853
716,858,142,0.142,0.1613873439654708
644,822,178,0.178,0.16559991858154535
814,907,93,0.093,0.15242140512168406
720,860,140,0.14,0.16101026050001382
678,839,161,0.161,0.16661487493664026
752,876,124,0.124,0.15983600670099257
710,855,145,0.145,0.16218075190484524
750,875,125,0.125,0.1559905426427722
766,883,117,0.117,0.15405405270308256
734,867,133,0.133,0.15603841253370046
762,881,119,0.119,0.15473054465651512
748,874,126,0.126,0.1583912883028388
654,827,173,0.173,0.16190502298623324
738,869,131,0.131,0.15543772960454225
742,871,129,0.129,0.15771097469329834
720,860,140,0.14,0.15332157469168306
690,845,155,0.155,0.1565079876333475
736,868,132,0.132,0.1582287738993764
700,850,150,0.15,0.1555527602136135
710,855,145,0.145,0.15948434409499168
714,857,143,0.143,0.16043761671334505
730,865,135,0.135,0.15431099729239942
770,885,115,0.115,0.1588943226635456
764,882,118,0.118,0.15282872111350299
658,829,171,0.171,0.15858355946838856
692,846,154,0.154,0.15858917608112097
698,849,151,0.151,0.1584938654229045
722,861,139,0.139,0.15497240380197763
712,856,144,0.144,0.16184946088492871
716,858,142,0.142,0.16268256428092717
742,871,129,0.129,0.15477461102604867
700,850,150,0.15,0.15806270598620176
726,863,137,0.137,0.1531438772752881
750,875,125,0.125,0.15476155264675617
758,879,121,0.121,0.15072407757490874
718,859,141,0.141,0.15473587692528962
698,849,151,0.151,0.1575029862821102
788,894,106,0.106,0.15577305261790753
754,877,123,0.123,0.1556339033469558
726,863,137,0.137,0.15424678719043733
736,868,132,0.132,0.15419075056165457
740,870,130,0.13,0.15607230973243713
722,861,139,0.139,0.15320641447603703
718,859,141,0.141,0.15710614893585442
694,847,153,0.153,0.15511770068109035
716,858,142,0.142,0.15537915235757827
694,847,153,0.153,0.15665173111110925
690,845,155,0.155,0.15850816415995359
724,862,138,0.138,0.1548153919801116
732,866,134,0.134,0.15509331120550632
764,882,118,0.118,0.15054734771698713
736,868,132,0.132,0.15425151930004358
740,870,130,0.13,0.1535912708938122
720,860,140,0.14,0.15262887106090783
746,873,127,0.127,0.1508661392852664
694,847,153,0.153,0.15137721018493175
696,848,152,0.152,0.15457686107605695
706,853,147,0.147,0.1545145414993167
776,888,112,0.112,0.1516028634160757
732,866,134,0.134,0.14681368774920703
674,837,163,0.163,0.15517544336616992
708,854,146,0.146,0.15325095972418784
718,859,141,0.141,0.1530430993065238
712,856,144,0.144,0.15451426919549704
718,859,141,0.141,0.15605264883488418
728,864,136,0.136,0.1484324500337243
768,884,116,0.116,0.14784822914749385
668,834,166,0.166,0.15464171607792376
738,869,131,0.131,0.1572882612273097
718,859,141,0.141,0.14976101050525903
776,888,112,0.112,0.14315153047442436
682,841,159,0.159,0.16058763716369867
758,879,121,0.121,0.15063744259625672
786,893,107,0.107,0.14831554132699967
704,852,148,0.148,0.15088612703233958
684,842,158,0.158,0.1552937848493457
748,874,126,0.126,0.15127740049362182
708,854,146,0.146,0.1536995053254068
712,856,144,0.144,0.15524456606060266
776,888,112,0.112,0.15677846582233906
654,827,173,0.173,0.15668460192531347
690,845,155,0.155,0.1556944903358817
692,846,154,0.154,0.15273593598604202
720,860,140,0.14,0.15590278024971485
748,874,126,0.126,0.14896363973617555
754,877,123,0.123,0.15240452209860086
766,883,117,0.117,0.14839514281600713
748,874,126,0.126,0.15181029312312602
740,870,130,0.13,0.15250453289598226
786,893,107,0.107,0.14956210836023093
754,877,123,0.123,0.15110731115937234
754,877,123,0.123,0.15346991796791554
716,858,142,0.142,0.14760382510721684
710,855,145,0.145,0.15731884275376798
718,859,141,0.141,0.15395932802557946
704,852,148,0.148,0.15069125138223172
696,848,152,0.152,0.15582164232432844
716,858,142,0.142,0.15115561983734369
708,854,146,0.146,0.15553289460390807
704,852,148,0.148,0.15343708864599467
704,852,148,0.148,0.15269022221118211
710,855,145,0.145,0.1552313614487648
734,867,133,0.133,0.15334553856402636
728,864,136,0.136,0.1545524620860815
792,896,104,0.104,0.14286899525672198
790,895,105,0.105,0.1470548858717084
670,835,165,0.165,0.15224948228895666
642,821,179,0.179,0.1546461886689067
708,854,146,0.146,0.1527806394174695
726,863,137,0.137,0.15011706356704235
724,862,138,0.138,0.15156219340860844
714,857,143,0.143,0.15726062507927419
678,839,161,0.161,0.1550397430807352
720,860,140,0.14,0.14740160720050335
750,875,125,0.125,0.14477124830335378
692,846,154,0.154,0.1552200361788273
680,840,160,0.16,0.1508673779591918
748,874,126,0.126,0.15410026548057795
700,850,150,0.15,0.15174663823097945
722,861,139,0.139,0.14747415519505738
772,886,114,0.114,0.14654576963931323
692,846,154,0.154,0.15543046260625124
730,865,135,0.135,0.15021698886156082
730,865,135,0.135,0.14959504918009042
660,830,170,0.17,0.15446059895306827
726,863,137,0.137,0.15273992747813464
728,864,136,0.136,0.15460295533388854
710,855,145,0.145,0.14817268430441619
734,867,133,0.133,0.14909522715210916
692,846,154,0.154,0.15216203179210425
688,844,156,0.156,0.15600443901121616
740,870,130,0.13,0.14984540089964868
678,839,161,0.161,0.1541911611557007
770,885,115,0.115,0.14912177393585443
712,856,144,0.144,0.15144261419028043
710,855,145,0.145,0.1524242748618126
674,837,163,0.163,0.16114544242620468
726,863,137,0.137,0.15132059525698424
692,846,154,0.154,0.1576763784736395
746,873,127,0.127,0.14461739742755889
650,825,175,0.175,0.15585699245333673
728,864,136,0.136,0.1540955758690834
712,856,144,0.144,0.15045584086328745
754,877,123,0.123,0.14748298053443432
748,874,126,0.126,0.14964366613328456
714,857,143,0.143,0.15028060257434844
704,852,148,0.148,0.15203391414880751
696,848,152,0.152,0.1506533218473196
784,892,108,0.108,0.1462749448493123
696,848,152,0.152,0.15501136932522058
764,882,118,0.118,0.1487956241518259
672,836,164,0.164,0.15396217681467533
744,872,128,0.128,0.15144912899285554
722,861,139,0.139,0.1542185178101063
758,879,121,0.121,0.14927703998982905
700,850,150,0.15,0.15279087977856398
766,883,117,0.117,0.15158803407847882
702,851,149,0.149,0.1576359891295433
716,858,142,0.142,0.1509739469513297
686,843,157,0.157,0.1510734000876546
736,868,132,0.132,0.14882120972126722
706,853,147,0.147,0.15645079351961613
754,877,123,0.123,0.15069193371385337
762,881,119,0.119,0.15189733339846134
710,855,145,0.145,0.15428474561870098
736,868,132,0.132,0.14774929734319447
744,872,128,0.128,0.1510959236174822
744,872,128,0.128,0.14805851688981056
740,870,130,0.13,0.1462869156822562
706,853,147,0.147,0.15372618401050567
774,887,113,0.113,0.1502908640280366
742,871,129,0.129,0.1462539440318942
732,866,134,0.134,0.15122033253312112
708,854,146,0.146,0.1507453177794814
720,860,140,0.14,0.14893697538226844
730,865,135,0.135,0.15021345049142837
766,883,117,0.117,0.1433523458316922
672,836,164,0.164,0.1540794398933649
748,874,126,0.126,0.14983077746629714
716,858,142,0.142,0.1536356814429164
716,858,142,0.142,0.15047759432345628
722,861,139,0.139,0.15339587225019932
666,833,167,0.167,0.15583452063053846
692,846,154,0.154,0.15769339971244334
728,864,136,0.136,0.15231001108139752
684,842,158,0.158,0.14973830546438693
732,866,134,0.134,0.1473777482137084
740,870,130,0.13,0.1499064886868
692,846,154,0.154,0.149614055596292
714,857,143,0.143,0.1508170451745391
746,873,127,0.127,0.15035293436050415
740,870,130,0.13,0.14863455169647932
662,831,169,0.169,0.1525184905640781
716,858,142,0.142,0.15130838922411202
746,873,127,0.127,0.14657504635304214
750,875,125,0.125,0.15073448725789784
702,851,149,0.149,0.150231610737741
742,871,129,0.129,0.14984767349809408
764,882,118,0.118,0.1465429938212037
736,868,132,0.132,0.14838773109763861
704,852,148,0.148,0.14869657147675752
746,873,127,0.127,0.1448874851614237
716,858,142,0.142,0.14907310894876719
734,867,133,0.133,0.14887214359641074
706,853,147,0.147,0.15247738346457482
722,861,139,0.139,0.14894363655894996
708,854,146,0.146,0.15414209981262683
716,858,142,0.142,0.15566434394568204
706,853,147,0.147,0.15362116921693086
706,853,147,0.147,0.15184745191782714
736,868,132,0.132,0.1488153037801385
692,846,154,0.154,0.14667045260965825
732,866,134,0.134,0.14955351645499468
752,876,124,0.124,0.151008945196867
784,892,108,0.108,0.14456857217103242
662,831,169,0.169,0.1510291190892458
722,861,139,0.139,0.15445791063457728
738,869,131,0.131,0.15007732214778663
636,818,182,0.182,0.15507461666315794
730,865,135,0.135,0.14828483656048774
740,870,130,0.13,0.15161237231642008
760,880,120,0.12,0.14868794583529235
758,879,121,0.121,0.1475789769589901
718,859,141,0.141,0.15234271237254143
750,875,125,0.125,0.14465590299665929
692,846,154,0.154,0.1466703851893544
730,865,135,0.135,0.1457298886999488
686,843,157,0.157,0.15175754521787166
700,850,150,0.15,0.14840727643668652
726,863,137,0.137,0.15010493189096452
774,887,113,0.113,0.14714828006923197
740,870,130,0.13,0.14499100084602834
758,879,121,0.121,0.14291661876440048
718,859,141,0.141,0.14923742062970996
682,841,159,0.159,0.15404402270168066
686,843,157,0.157,0.15434632297605277
768,884,116,0.116,0.14813028724491598
744,872,128,0.128,0.14835065503418446
674,837,163,0.163,0.15418215301632882
738,869,131,0.131,0.14741301423311234
794,897,103,0.103,0.14614699909090995
720,860,140,0.14,0.14988948075473307
638,819,181,0.181,0.15605539385974407
788,894,106,0.106,0.14796725513786077
708,854,146,0.146,0.14663107716292142
702,851,149,0.149,0.15041834453493358
734,867,133,0.133,0.14971991276741028
676,838,162,0.162,0.15341698974370957
756,878,122,0.122,0.14274383572489024
728,864,136,0.136,0.1497697131037712
724,862,138,0.138,0.14943837174028157
720,860,140,0.14,0.1461599000543356
766,883,117,0.117,0.14267686706036328
766,883,117,0.117,0.14351866943016647
730,865,135,0.135,0.15050065763294695
774,887,113,0.113,0.14948684081435204
744,872,128,0.128,0.14857175444811582
730,865,135,0.135,0.15023735126107932
706,853,147,0.147,0.14822835662215947
722,861,139,0.139,0.15172043543308975
634,817,183,0.183,0.15312033570557831
758,879,121,0.121,0.1458858592286706
734,867,133,0.133,0.1505904860496521
718,859,141,0.141,0.14492100406438113
710,855,145,0.145,0.14790973191708326
646,823,177,0.177,0.1523495972827077
750,875,125,0.125,0.14616909321397542
680,840,160,0.16,0.15030320359021426
722,861,139,0.139,0.1495040209516883
686,843,157,0.157,0.15314614275097846
710,855,145,0.145,0.1516236737817526
680,840,160,0.16,0.14985546079277992
676,838,162,0.162,0.14994936448335647
690,845,155,0.155,0.15221172950416803
776,888,112,0.112,0.1474987233057618
786,893,107,0.107,0.14575359234213828
748,874,126,0.126,0.14603965502232313
710,855,145,0.145,0.14858218210935592
726,863,137,0.137,0.1461620490550995
772,886,114,0.114,0.14068017513304948
716,858,142,0.142,0.15054424902051688
714,857,143,0.143,0.1563589679673314
700,850,150,0.15,0.15176119432598353
774,887,113,0.113,0.1423740283511579
768,884,116,0.116,0.1408794342316687
694,847,153,0.153,0.1465091272741556
752,876,124,0.124,0.14253741092979907
692,846,154,0.154,0.14725259228050708
696,848,152,0.152,0.14768687987327575
742,871,129,0.129,0.14620412009209394
748,874,126,0.126,0.14942414294928313
748,874,126,0.126,0.1500612607821822
784,892,108,0.108,0.14192217917740346
742,871,129,0.129,0.14342088340967893
746,873,127,0.127,0.15156228923797607
712,856,144,0.144,0.15067449233680963
752,876,124,0.124,0.14339239491522313
698,849,151,0.151,0.14806100966781377
712,856,144,0.144,0.1520534381568432
746,873,127,0.127,0.14920431680977345
698,849,151,0.151,0.15164104238897563
796,898,102,0.102,0.14077873888611794
758,879,121,0.121,0.1456864764764905
676,838,162,0.162,0.1495774389207363
734,867,133,0.133,0.15169539373368024
740,870,130,0.13,0.14325638995319606
674,837,163,0.163,0.15273368964344264
722,861,139,0.139,0.14622515054047108
766,883,117,0.117,0.1460315848737955
700,850,150,0.15,0.14888124107569456
722,861,139,0.139,0.1470666132643819
754,877,123,0.123,0.14522164372354746
672,836,164,0.164,0.15122537700086833
724,862,138,0.138,0.14640603150427342
738,869,131,0.131,0.1473137700855732
708,854,146,0.146,0.14858380414545536
774,887,113,0.113,0.14187373048812152
724,862,138,0.138,0.1470306136161089
742,871,129,0.129,0.14510075373202563
662,831,169,0.169,0.15165587961673738
708,854,146,0.146,0.15220252431929113
700,850,150,0.15,0.15329081290215255
738,869,131,0.131,0.14572345887124538
686,843,157,0.157,0.1478841530531645
716,858,142,0.142,0.15115093366801738
676,838,162,0.162,0.1530176687836647
708,854,146,0.146,0.1477196720317006
714,857,143,0.143,0.14634424952417613
744,872,128,0.128,0.14369493570923805
668,834,166,0.166,0.153458927847445
724,862,138,0.138,0.14641631601005792
710,855,145,0.145,0.15064196667075158
702,851,149,0.149,0.1463445143774152
740,870,130,0.13,0.15005854003876448
692,846,154,0.154,0.15181651946902275
664,832,168,0.168,0.15748550799489022
738,869,131,0.131,0.14926956462860108
738,869,131,0.131,0.15372977882623673
682,841,159,0.159,0.15198694516718386
712,856,144,0.144,0.14714842569082975
672,836,164,0.164,0.15778559397161007
778,889,111,0.111,0.14371195974946022
740,870,130,0.13,0.14986367288976907
744,872,128,0.128,0.14782019110023975
708,854,146,0.146,0.1520654693841934
720,860,140,0.14,0.15127865894138812
698,849,151,0.151,0.15202730659395455
730,865,135,0.135,0.14867695359885694
698,849,151,0.151,0.15412984950095415
680,840,160,0.16,0.15499740977585316
772,886,114,0.114,0.14933054888248443
744,872,128,0.128,0.14928977759182452
764,882,118,0.118,0.14483560568839313
724,862,138,0.138,0.14947061708569526
762,881,119,0.119,0.14825810738652945
780,890,110,0.11,0.1470503015294671
700,850,150,0.15,0.15584313540905714
702,851,149,0.149,0.15268672052025795
666,833,167,0.167,0.15285962048172952
734,867,133,0.133,0.1523956345319748
734,867,133,0.133,0.14804735404253005
718,859,141,0.141,0.15276831863820553
706,853,147,0.147,0.15544206362962723
762,881,119,0.119,0.1478455532863736
688,844,156,0.156,0.14778113171458243
724,862,138,0.138,0.15112679239362478
718,859,141,0.141,0.1532096091285348
690,845,155,0.155,0.151031449213624
744,872,128,0.128,0.15282807835936546
754,877,123,0.123,0.14555522552877664
736,868,132,0.132,0.14616574895381929
732,866,134,0.134,0.14503804954886437
688,844,156,0.156,0.15677764424681664
736,868,132,0.132,0.1513905336931348
714,857,143,0.143,0.15348824355751275
682,841,159,0.159,0.15230971678346394
762,881,119,0.119,0.1487143948301673
738,869,131,0.131,0.15303764709830284
722,861,139,0.139,0.15490150874108077
684,842,158,0.158,0.14685048042982818
654,827,173,0.173,0.15607038425654174
738,869,131,0.131,0.1457490161508322
652,826,174,0.174,0.15690925128012895
716,858,142,0.142,0.15122456430643796
708,854,146,0.146,0.15069410602748395
718,859,141,0.141,0.15093172483146192
724,862,138,0.138,0.1512948554456234
714,857,143,0.143,0.15153435780107974
748,874,126,0.126,0.15115173433721066
712,856,144,0.144,0.15309847538918256
660,830,170,0.17,0.15690512055158615
676,838,162,0.162,0.1591345404833555
714,857,143,0.143,0.15781123852729798
720,860,140,0.14,0.15293078061938287
728,864,136,0.136,0.14884066639840604
706,853,147,0.147,0.14937367691099643
720,860,140,0.14,0.14628283021599053
762,881,119,0.119,0.15161077615618707
752,876,124,0.124,0.15039877631515264
716,858,142,0.142,0.15411506079882384
756,878,122,0.122,0.14519641201198102
696,848,152,0.152,0.15210416062176227
706,853,147,0.147,0.15470575908571482
678,839,161,0.161,0.15129823814332485
722,861,139,0.139,0.15333908266574145
750,875,125,0.125,0.15066717655211687
704,852,148,0.148,0.1556501654535532
650,825,175,0.175,0.15487887201458217
730,865,135,0.135,0.15086862877011298
784,892,108,0.108,0.14545524308085442
684,842,158,0.158,0.1561971475854516
752,876,124,0.124,0.15285689368098973
718,859,141,0.141,0.14775606003403663
742,871,129,0.129,0.15438758356124163
734,867,133,0.133,0.15324015197902918
682,841,159,0.159,0.1540740602016449
738,869,131,0.131,0.15105969206988812
728,864,136,0.136,0.15043069614097476
700,850,150,0.15,0.1509082265868783
710,855,145,0.145,0.1545092920586467
686,843,157,0.157,0.15098166742175817
638,819,181,0.181,0.1609041107147932
702,851,149,0.149,0.15446890921145678
766,883,117,0.117,0.15182363548129796
750,875,125,0.125,0.15177770909667015
700,850,150,0.15,0.154276937648654
728,864,136,0.136,0.15437142215669156
720,860,140,0.14,0.15309530287235976
712,856,144,0.144,0.14988328674435616
702,851,149,0.149,0.15472217420488596
754,877,123,0.123,0.14833354472368956
736,868,132,0.132,0.14999749452620745
698,849,151,0.151,0.15107669462263584
768,884,116,0.116,0.1468666149303317
702,851,149,0.149,0.15520861440896988
726,863,137,0.137,0.1474971304088831
768,884,116,0.116,0.14951421908289195
724,862,138,0.138,0.1520235284343362
760,880,120,0.12,0.14592203444987537
694,847,153,0.153,0.1531783496811986
668,834,166,0.166,0.16030828167498112
692,846,154,0.154,0.15230064207315444
658,829,171,0.171,0.15826805837452412
696,848,152,0.152,0.15008783480525018
782,891,109,0.109,0.14731162977963685
768,884,116,0.116,0.146998859975487
726,863,137,0.137,0.15078662741929294
730,865,135,0.135,0.14926400397717954
656,828,172,0.172,0.15500177396833897
786,893,107,0.107,0.14757316444069146
700,850,150,0.15,0.15119451475143433
686,843,157,0.157,0.15486126836389302
730,865,135,0.135,0.1548802297115326
722,861,139,0.139,0.15405483882129192
762,881,119,0.119,0.14946027544885873
696,848,152,0.152,0.15319247983396053
688,844,156,0.156,0.15639093939960003
692,846,154,0.154,0.15816860178858042
678,839,161,0.161,0.1580533236414194
694,847,153,0.153,0.1594649695828557
706,853,147,0.147,0.15485790248215198
778,889,111,0.111,0.15011363033205272
706,853,147,0.147,0.15273546681553124
670,835,165,0.165,0.15133321056514978
680,840,160,0.16,0.15178589786589144
726,863,137,0.137,0.15162849133461714
786,893,107,0.107,0.1453470053896308
688,844,156,0.156,0.1528190730959177
762,881,119,0.119,0.15484259786456822
732,866,134,0.134,0.14818631206452845
686,843,157,0.157,0.15509467317909004
714,857,143,0.143,0.15074019314348697
710,855,145,0.145,0.14613650385290383
726,863,137,0.137,0.1486307376846671
728,864,136,0.136,0.14977729044109583
646,823,177,0.177,0.15677515939623118
696,848,152,0.152,0.15813492796570064
768,884,116,0.116,0.1510145627707243
712,856,144,0.144,0.1474950325191021
714,857,143,0.143,0.1531817998215556
722,861,139,0.139,0.14499341305345298
676,838,162,0.162,0.15642667270451785
718,859,141,0.141,0.1536275538057089
640,820,180,0.18,0.15410153736919166
726,863,137,0.137,0.15153590181469917
748,874,126,0.126,0.14653600140661002
708,854,146,0.146,0.14959193406254054
664,832,168,0.168,0.15584395485371352
658,829,171,0.171,0.1574612155556679
690,845,155,0.155,0.15300342305004597
718,859,141,0.141,0.1524547142162919
768,884,116,0.116,0.14427755599468947
706,853,147,0.147,0.15138507774472237
742,871,129,0.129,0.14971353209763766
724,862,138,0.138,0.14894512420892717
736,868,132,0.132,0.14643917062133552
720,860,140,0.14,0.15444022887945175
794,897,103,0.103,0.15426762107759714
800,900,100,0.1,0.15081195034831762
764,882,118,0.118,0.14762231743335724
704,852,148,0.148,0.15130613113194705
686,843,157,0.157,0.15129843696206807
768,884,116,0.116,0.1539921925291419
736,868,132,0.132,0.14937420129776002
768,884,116,0.116,0.15179600705951452
742,871,129,0.129,0.15025030702352524
686,843,157,0.157,0.15078068320453167
712,856,144,0.144,0.15024464606493712
