log_avg_ept_score,log_avg_succ_req,log_avg_blk_req,log_avg_BP_req,log_avg_entropy
238,619,381,0.381,1.6076164222955704
290,645,355,0.355,1.6076066383123397
314,657,343,0.343,1.6076002405881882
298,649,351,0.351,1.6075949704647063
266,633,367,0.367,1.607515663743019
246,623,377,0.377,1.6075356882810592
302,651,349,0.349,1.6075255433320998
252,626,374,0.374,1.6075042650699616
348,674,326,0.326,1.6074064663648606
266,633,367,0.367,1.6074432826042175
276,638,362,0.362,1.607406675338745
268,634,366,0.366,1.6074335527420045
298,649,351,0.351,1.6072415137290954
250,625,375,0.375,1.607258003115654
298,649,351,0.351,1.607218039393425
296,648,352,0.352,1.6072479587793351
300,650,350,0.35,1.6068858478069306
304,652,348,0.348,1.6069530448913574
322,661,339,0.339,1.6069808415174485
262,631,369,0.369,1.6069246356487275
214,607,393,0.393,1.6066637277603149
314,657,343,0.343,1.6065566425323485
278,639,361,0.361,1.606642313838005
246,623,377,0.377,1.6066247372627258
342,671,329,0.329,1.6063445156812668
304,652,348,0.348,1.606379676103592
260,630,370,0.37,1.606386001110077
274,637,363,0.363,1.606352849841118
360,680,320,0.32,1.6057668428421021
252,626,374,0.374,1.6060181117057801
248,624,376,0.376,1.6058537131547928
254,627,373,0.373,1.605857561826706
262,631,369,0.369,1.6050015614032744
266,633,367,0.367,1.604981312394142
260,630,370,0.37,1.604966970205307
326,663,337,0.337,1.6045628566741943
292,646,354,0.354,1.6034440672397614
330,665,335,0.335,1.603630178451538
262,631,369,0.369,1.603568416595459
282,641,359,0.359,1.6033985050916673
304,652,348,0.348,1.6008585238456725
264,632,368,0.368,1.6011910004615784
306,653,347,0.347,1.601156294107437
292,646,354,0.354,1.6005002176761627
372,686,314,0.314,1.5953069753646851
240,620,380,0.38,1.5958433556556701
394,697,303,0.303,1.5955593121051788
282,641,359,0.359,1.5950608575344085
384,692,308,0.308,1.5861223390102386
274,637,363,0.363,1.5873551305532456
250,625,375,0.375,1.5869230862855912
308,654,346,0.346,1.5854022353887558
384,692,308,0.308,1.5680092362165452
394,697,303,0.303,1.5640455745458604
308,654,346,0.346,1.565434557557106
282,641,359,0.359,1.5631867092847824
378,689,311,0.311,1.5217936590909957
404,702,298,0.298,1.5207377065420151
390,695,305,0.305,1.5293018153905868
382,691,309,0.309,1.5097827289700507
384,692,308,0.308,1.4692361992001532
420,710,290,0.29,1.4632618978619576
348,674,326,0.326,1.4703226395845412
322,661,339,0.339,1.454551005244255
378,689,311,0.311,1.3885075598061085
362,681,319,0.319,1.3917916620373725
348,674,326,0.326,1.395172359108925
370,685,315,0.315,1.3982637267112732
362,681,319,0.319,1.3293431766033172
394,697,303,0.303,1.3269724599123
398,699,301,0.301,1.3243643217384815
386,693,307,0.307,1.3264825470745563
354,677,323,0.323,1.3018152545690536
380,690,310,0.31,1.3120280864834786
384,692,308,0.308,1.3136429818570614
438,719,281,0.281,1.2793750959932804
392,696,304,0.304,1.2720510318279266
408,704,296,0.296,1.2942849540710448
408,704,296,0.296,1.2903501064777374
482,741,259,0.259,1.2846514897346497
490,745,255,0.255,1.2254062743782996
510,755,245,0.245,1.2272261533737183
326,663,337,0.337,1.264523957312107
452,726,274,0.274,1.2405060479044914
450,725,275,0.275,1.2033644131422043
492,746,254,0.254,1.2073946741223336
482,741,259,0.259,1.1925503071546555
436,718,282,0.282,1.21441601729393
430,715,285,0.285,1.2029529492259026
412,706,294,0.294,1.2117269451022148
438,719,281,0.281,1.1948532497286797
500,750,250,0.25,1.1860555672049522
536,768,232,0.232,1.1491592824459076
548,774,226,0.226,1.1406779573559762
514,757,243,0.243,1.1551031031012535
480,740,260,0.26,1.1703881977796555
504,752,248,0.248,1.1436978124380113
550,775,225,0.225,1.1044743036627769
518,759,241,0.241,1.0916115146279335
500,750,250,0.25,1.129825575351715
516,758,242,0.242,1.0639976687431336
520,760,240,0.24,1.0570659943223
532,766,234,0.234,1.0454572529494763
568,784,216,0.216,1.0371858438253403
560,780,220,0.22,0.9809673601686955
598,799,201,0.201,0.9657624963223934
554,777,223,0.223,0.9856747319996357
564,782,218,0.218,0.9797746432423592
604,802,198,0.198,0.9272305241674185
596,798,202,0.202,0.8810326662361622
600,800,200,0.2,0.8845396234840155
604,802,198,0.198,0.9119089060276747
662,831,169,0.169,0.8373803115338088
596,798,202,0.202,0.866035470366478
540,770,230,0.23,0.8230672449991107
610,805,195,0.195,0.8212322432026267
610,805,195,0.195,0.7861533990278841
590,795,205,0.205,0.7612688628882169
582,791,209,0.209,0.7973472950980067
676,838,162,0.162,0.7431963923424483
666,833,167,0.167,0.6080717455260456
582,791,209,0.209,0.6613577298633754
638,819,181,0.181,0.6545734608918429
668,834,166,0.166,0.6505729157738388
656,828,172,0.172,0.6657614043056965
600,800,200,0.2,0.6871296757217497
618,809,191,0.191,0.6728412621617317
662,831,169,0.169,0.6291362758036703
612,806,194,0.194,0.6144816268822179
664,832,168,0.168,0.561755689056823
638,819,181,0.181,0.6273007672205567
660,830,170,0.17,0.5808506834823638
670,835,165,0.165,0.5145748545313255
680,840,160,0.16,0.4935907035432756
660,830,170,0.17,0.5659991077166051
678,839,161,0.161,0.4974744458030909
646,823,177,0.177,0.5787486797608435
650,825,175,0.175,0.5791978117856197
650,825,175,0.175,0.529656667292118
744,872,128,0.128,0.5072406619489193
634,817,183,0.183,0.5625659249443561
704,852,148,0.148,0.522841735040769
706,853,147,0.147,0.5407678779382259
682,841,159,0.159,0.5652838338366709
664,832,168,0.168,0.502116219855845
688,844,156,0.156,0.44556107731815425
682,841,159,0.159,0.49172215637378397
614,807,193,0.193,0.5033091335101053
676,838,162,0.162,0.4352681662891991
670,835,165,0.165,0.41044409404322507
634,817,183,0.183,0.5087969187018462
656,828,172,0.172,0.4771151412315667
742,871,129,0.129,0.4226620271857828
656,828,172,0.172,0.4580797567288391
656,828,172,0.172,0.43320250655850395
700,850,150,0.15,0.4303978695119731
706,853,147,0.147,0.39219595586135986
674,837,163,0.163,0.4194217931625899
710,855,145,0.145,0.3720856705319602
658,829,171,0.171,0.4423389950487763
704,852,148,0.148,0.3982307265372947
726,863,137,0.137,0.4177380668781698
680,840,160,0.16,0.4159748103563543
674,837,163,0.163,0.41730215448513625
734,867,133,0.133,0.37667721807933413
620,810,190,0.19,0.39593713197787295
704,852,148,0.148,0.3971145495946985
738,869,131,0.131,0.33362361186835915
712,856,144,0.144,0.36122062007524075
726,863,137,0.137,0.33779590015753636
718,859,141,0.141,0.3433300242573023
682,841,159,0.159,0.37865633509011243
692,846,154,0.154,0.3314956903599086
752,876,124,0.124,0.32725439543800894
686,843,157,0.157,0.35265640076139243
684,842,158,0.158,0.32832343047327595
704,852,148,0.148,0.3203578057431878
722,861,139,0.139,0.3061033579688519
638,819,181,0.181,0.35472400521230885
704,852,148,0.148,0.30336479363200486
736,868,132,0.132,0.3381226599770598
738,869,131,0.131,0.2767633590087071
688,844,156,0.156,0.3080198345986428
662,831,169,0.169,0.3482337251206627
704,852,148,0.148,0.3113357790244627
740,870,130,0.13,0.31398865465112613
696,848,152,0.152,0.3093261429136328
690,845,155,0.155,0.2948674445445649
700,850,150,0.15,0.30297209058271257
684,842,158,0.158,0.26537428105623984
722,861,139,0.139,0.2820514000032563
756,878,122,0.122,0.25482872147485613
750,875,125,0.125,0.22332246809091885
762,881,119,0.119,0.2669330912333098
724,862,138,0.138,0.2643363207460789
720,860,140,0.14,0.23651920111688376
696,848,152,0.152,0.25227104788692667
762,881,119,0.119,0.26823762827191966
698,849,151,0.151,0.2752792436775635
698,849,151,0.151,0.23986622159261606
698,849,151,0.151,0.2546030725557357
718,859,141,0.141,0.26556250353882205
618,809,191,0.191,0.31039648495672734
672,836,164,0.164,0.31546018520291547
668,834,166,0.166,0.29990752782384517
738,869,131,0.131,0.2995427868689294
668,834,166,0.166,0.28465788716933454
732,866,134,0.134,0.27808401292708
672,836,164,0.164,0.2794487098338432
718,859,141,0.141,0.24837518998479935
718,859,141,0.141,0.24675876778099337
658,829,171,0.171,0.2715518845421611
654,827,173,0.173,0.2724354359435383
696,848,152,0.152,0.2602878389956895
704,852,148,0.148,0.25222538315251586
702,851,149,0.149,0.26942726186884103
702,851,149,0.149,0.27364518860849785
676,838,162,0.162,0.24776916986878494
722,861,139,0.139,0.24132947108060762
704,852,148,0.148,0.21981597118274657
730,865,135,0.135,0.21204265646712156
704,852,148,0.148,0.22457439210616575
708,854,146,0.146,0.2512696327411686
710,855,145,0.145,0.21806271327238938
694,847,153,0.153,0.24066539679392007
692,846,154,0.154,0.2309971713809209
718,859,141,0.141,0.2181094228515285
712,856,144,0.144,0.2236363369149185
714,857,143,0.143,0.19884260285569325
646,823,177,0.177,0.22030527354478
750,875,125,0.125,0.19603378660310408
706,853,147,0.147,0.2317640847322764
688,844,156,0.156,0.2342710948261083
652,826,174,0.174,0.22513714100276774
712,856,144,0.144,0.21900514084708994
644,822,178,0.178,0.21793375093664508
712,856,144,0.144,0.23538918061339065
714,857,143,0.143,0.24010035833856092
698,849,151,0.151,0.21659647875273366
688,844,156,0.156,0.24237023043673253
770,885,115,0.115,0.19461220100799984
724,862,138,0.138,0.24515491808083606
756,878,122,0.122,0.17638633037765977
674,837,163,0.163,0.1985900632349949
674,837,163,0.163,0.19168689094111324
688,844,156,0.156,0.19954382096527842
708,854,146,0.146,0.1839611214584038
748,874,126,0.126,0.18214521575287654
730,865,135,0.135,0.179575585040875
730,865,135,0.135,0.18536651065752677
716,858,142,0.142,0.1931056090387035
730,865,135,0.135,0.19099057926554086
740,870,130,0.13,0.18778978254160028
700,850,150,0.15,0.21392753308325335
696,848,152,0.152,0.21600871588978315
716,858,142,0.142,0.18360756605990172
692,846,154,0.154,0.17565872148410927
708,854,146,0.146,0.16891563476790908
720,860,140,0.14,0.16872620498506877
638,819,181,0.181,0.2063140283957473
686,843,157,0.157,0.16999307143754414
720,860,140,0.14,0.1773306662407158
748,874,126,0.126,0.16860355688782147
732,866,134,0.134,0.16241545126128767
750,875,125,0.125,0.16339266254176618
726,863,137,0.137,0.1809471067411032
702,851,149,0.149,0.17141557335689778
718,859,141,0.141,0.16457990103872724
696,848,152,0.152,0.17477639770627137
670,835,165,0.165,0.1888231281698445
736,868,132,0.132,0.1946666680960625
762,881,119,0.119,0.16857902083622683
726,863,137,0.137,0.17912248551868834
722,861,139,0.139,0.17303501792620227
758,879,121,0.121,0.16694613024208865
682,841,159,0.159,0.15962102923299243
756,878,122,0.122,0.160970450347324
700,850,150,0.15,0.20988280051383482
730,865,135,0.135,0.16184292363365238
670,835,165,0.165,0.15743188769257926
754,877,123,0.123,0.15061644266372604
698,849,151,0.151,0.16234276177189894
728,864,136,0.136,0.1701479814196025
714,857,143,0.143,0.16774508132565824
738,869,131,0.131,0.16316537991038058
732,866,134,0.134,0.15509035411254446
752,876,124,0.124,0.16459057601267704
680,840,160,0.16,0.1619823260322737
714,857,143,0.143,0.14437685952552057
688,844,156,0.156,0.146420459171306
690,845,155,0.155,0.1507374306837155
710,855,145,0.145,0.14402855016372088
696,848,152,0.152,0.15361658593076186
706,853,147,0.147,0.15892159224351782
702,851,149,0.149,0.16220767815364526
722,861,139,0.139,0.14097700961435475
706,853,147,0.147,0.18303932840201287
708,854,146,0.146,0.14792584588301544
772,886,114,0.114,0.1498628854568251
696,848,152,0.152,0.1669332446021808
698,849,151,0.151,0.13744413875343525
744,872,128,0.128,0.12714192514809838
702,851,149,0.149,0.13989015972621563
750,875,125,0.125,0.11691186051871046
718,859,141,0.141,0.14672007616110933
732,866,134,0.134,0.15096706051446382
714,857,143,0.143,0.15436244512984923
734,867,133,0.133,0.1266352971952747
758,879,121,0.121,0.1258716130448447
696,848,152,0.152,0.14676055627402093
714,857,143,0.143,0.12624158867007645
752,876,124,0.124,0.13424496583165454
712,856,144,0.144,0.13970584159569263
698,849,151,0.151,0.161483578036612
734,867,133,0.133,0.1292288847002783
676,838,162,0.162,0.142302503697676
760,880,120,0.12,0.1366987132432987
740,870,130,0.13,0.1210884072582121
748,874,126,0.126,0.12522631160392847
730,865,135,0.135,0.14373746925606976
708,854,146,0.146,0.1348276325656043
694,847,153,0.153,0.12445080281616902
768,884,116,0.116,0.13737862280682386
704,852,148,0.148,0.13604223910604196
698,849,151,0.151,0.12315174035425298
732,866,134,0.134,0.1362036777222934
756,878,122,0.122,0.13689446307100525
722,861,139,0.139,0.13681466174004892
720,860,140,0.14,0.1406328097582009
744,872,128,0.128,0.149837176311652
708,854,146,0.146,0.13349376654287334
734,867,133,0.133,0.13283989097483573
744,872,128,0.128,0.12773439299542225
724,862,138,0.138,0.129400234719913
774,887,113,0.113,0.12643993790486296
716,858,142,0.142,0.16159177839730546
744,872,128,0.128,0.12085880889680266
752,876,124,0.124,0.14452302772691472
706,853,147,0.147,0.14965720894955667
744,872,128,0.128,0.15172738603814287
732,866,134,0.134,0.14465095614903611
730,865,135,0.135,0.13520453090210138
622,811,189,0.189,0.165993787009902
710,855,145,0.145,0.13518943877983838
702,851,149,0.149,0.1365057447917934
734,867,133,0.133,0.1388583960813412
722,861,139,0.139,0.13460734351289283
702,851,149,0.149,0.1439685161529924
798,899,101,0.101,0.13380238584052495
678,839,161,0.161,0.1257464468049875
762,881,119,0.119,0.13584574378943945
646,823,177,0.177,0.13604973583120228
704,852,148,0.148,0.140908061736975
686,843,157,0.157,0.1557066102465811
702,851,149,0.149,0.13431243951810756
678,839,161,0.161,0.1466955540715644
726,863,137,0.137,0.16052629604611138
724,862,138,0.138,0.14806166552810465
710,855,145,0.145,0.1699136241179949
728,864,136,0.136,0.1600515658353688
668,834,166,0.166,0.14112341531514538
690,845,155,0.155,0.17270258846606884
710,855,145,0.145,0.1558189494087128
732,866,134,0.134,0.1369401177225809
706,853,147,0.147,0.13878655662341044
778,889,111,0.111,0.1468707341326226
736,868,132,0.132,0.13399894734512782
684,842,158,0.158,0.13002262760580924
772,886,114,0.114,0.11980939739743189
778,889,111,0.111,0.14507205569798678
746,873,127,0.127,0.13799032690105378
726,863,137,0.137,0.13625488437669991
674,837,163,0.163,0.1348532661648351
726,863,137,0.137,0.14091549052005575
702,851,149,0.149,0.14526106647933193
726,863,137,0.137,0.13771687723256765
694,847,153,0.153,0.15502583501802292
784,892,108,0.108,0.14020530733131453
712,856,144,0.144,0.14468560081938267
740,870,130,0.13,0.13346757776620508
730,865,135,0.135,0.13709528745984426
694,847,153,0.153,0.14751865857088706
722,861,139,0.139,0.1309756119891099
694,847,153,0.153,0.1522538141491241
734,867,133,0.133,0.12566989947530965
728,864,136,0.136,0.11769253159053188
718,859,141,0.141,0.12264051432692213
720,860,140,0.14,0.1315951307370633
778,889,111,0.111,0.10777700682576688
718,859,141,0.141,0.1514511328059889
720,860,140,0.14,0.12402732969733188
792,896,104,0.104,0.13455603336727653
728,864,136,0.136,0.1433064532409717
716,858,142,0.142,0.13568233442219207
696,848,152,0.152,0.12614498505469054
772,886,114,0.114,0.12709685529402212
726,863,137,0.137,0.11615849146538312
680,840,160,0.16,0.10942634486588941
706,853,147,0.147,0.13855859431030695
780,890,110,0.11,0.13689797756903863
672,836,164,0.164,0.1303854875051784
738,869,131,0.131,0.1223786874544021
690,845,155,0.155,0.13520254921657032
704,852,148,0.148,0.1478466043556982
704,852,148,0.148,0.12721067136130296
732,866,134,0.134,0.1379644603744673
742,871,129,0.129,0.15140077914891298
694,847,153,0.153,0.13381529555597807
736,868,132,0.132,0.16396815424012856
716,858,142,0.142,0.13189147362383666
766,883,117,0.117,0.12200559662439628
694,847,153,0.153,0.13263934033794794
680,840,160,0.16,0.12658124517824035
680,840,160,0.16,0.12455348554584998
776,888,112,0.112,0.12840149920023397
644,822,178,0.178,0.12079480846747401
696,848,152,0.152,0.1535804909513681
766,883,117,0.117,0.14256147537124345
706,853,147,0.147,0.126988007874701
732,866,134,0.134,0.13201693706173684
716,858,142,0.142,0.15843791142315602
704,852,148,0.148,0.1593792822449468
748,874,126,0.126,0.1338011844649136
716,858,142,0.142,0.13501754946292932
738,869,131,0.131,0.13308186767372535
762,881,119,0.119,0.14159482792561176
700,850,150,0.15,0.12182172323816486
682,841,159,0.159,0.13753603694247432
744,872,128,0.128,0.15805211752409376
708,854,146,0.146,0.14138935736007988
760,880,120,0.12,0.1540701838917521
726,863,137,0.137,0.17815456178898603
758,879,121,0.121,0.15556066828302573
680,840,160,0.16,0.15839367438392946
708,854,146,0.146,0.15425523186893406
708,854,146,0.146,0.1267591368243104
736,868,132,0.132,0.13561333922125776
684,842,158,0.158,0.11630658412535558
704,852,148,0.148,0.13014034838732913
744,872,128,0.128,0.1498087135986425
718,859,141,0.141,0.13908743830639286
714,857,143,0.143,0.12298059503411787
746,873,127,0.127,0.145320293916855
752,876,124,0.124,0.14372590348636732
692,846,154,0.154,0.145389617784007
722,861,139,0.139,0.13426642797471142
736,868,132,0.132,0.12454295757284126
746,873,127,0.127,0.16645221630018203
704,852,148,0.148,0.1513371016789024
778,889,111,0.111,0.1375323348151578
730,865,135,0.135,0.13631136055698154
680,840,160,0.16,0.1313742040721445
710,855,145,0.145,0.143223062092904
724,862,138,0.138,0.14475278769509167
762,881,119,0.119,0.1211385305006952
784,892,108,0.108,0.14947747398715
716,858,142,0.142,0.13339387100836028
718,859,141,0.141,0.12557807434763527
736,868,132,0.132,0.14582165199473093
702,851,149,0.149,0.13153200857972114
760,880,120,0.12,0.14172430634492775
728,864,136,0.136,0.13231718463342987
736,868,132,0.132,0.1623097504627076
730,865,135,0.135,0.13110152172005474
776,888,112,0.112,0.14244933149707503
746,873,127,0.127,0.1360367788169242
744,872,128,0.128,0.13262828889582307
700,850,150,0.15,0.12595953091638512
720,860,140,0.14,0.15561836851330713
698,849,151,0.151,0.14557388597755927
726,863,137,0.137,0.14304659421625548
734,867,133,0.133,0.1624669633268495
762,881,119,0.119,0.1683067217572243
728,864,136,0.136,0.14979411838168016
746,873,127,0.127,0.15729288756276946
706,853,147,0.147,0.13508255877051487
754,877,123,0.123,0.12046129501838004
722,861,139,0.139,0.12533636468368786
720,860,140,0.14,0.12201066846150206
768,884,116,0.116,0.1259394156927301
704,852,148,0.148,0.12126306927460245
766,883,117,0.117,0.13093467002516446
682,841,159,0.159,0.13578099299618043
756,878,122,0.122,0.14524501515614974
692,846,154,0.154,0.13151186247169971
746,873,127,0.127,0.12168469957019261
752,876,124,0.124,0.13568038074224023
684,842,158,0.158,0.1263386281390267
692,846,154,0.154,0.11527566604391905
768,884,116,0.116,0.104723594434181
734,867,133,0.133,0.12413538447866448
708,854,146,0.146,0.12792588150828668
744,872,128,0.128,0.13620432856151457
750,875,125,0.125,0.14077444473060313
748,874,126,0.126,0.14192309564878816
732,866,134,0.134,0.13412169082416223
772,886,114,0.114,0.1268902485014405
674,837,163,0.163,0.13606276365360828
710,855,145,0.145,0.11517827969946666
694,847,153,0.153,0.1476478218892298
708,854,146,0.146,0.12686835091069223
730,865,135,0.135,0.13039476899856528
734,867,133,0.133,0.15005921226034116
734,867,133,0.133,0.13615165379922836
744,872,128,0.128,0.12323106298223138
752,876,124,0.124,0.13955800517564784
708,854,146,0.146,0.1335631448723143
676,838,162,0.162,0.11631244234979385
688,844,156,0.156,0.12968394076329423
776,888,112,0.112,0.11055552197266662
714,857,143,0.143,0.15344361975684295
756,878,122,0.122,0.12712597786763216
754,877,123,0.123,0.12197631429190005
698,849,151,0.151,0.12709148983238264
746,873,127,0.127,0.12873667987357476
712,856,144,0.144,0.12790455489992747
698,849,151,0.151,0.12857229672413087
676,838,162,0.162,0.13486141885182587
754,877,123,0.123,0.14280012427420297
672,836,164,0.164,0.149654031684855
738,869,131,0.131,0.15775643809768372
722,861,139,0.139,0.14117752489453414
712,856,144,0.144,0.14979843996863929
714,857,143,0.143,0.15075273427413777
718,859,141,0.141,0.15178377541017835
724,862,138,0.138,0.12355321301781805
702,851,149,0.149,0.13569829911219494
768,884,116,0.116,0.1389394294669837
706,853,147,0.147,0.11849197767250007
760,880,120,0.12,0.12340208873483062
670,835,165,0.165,0.12073624541884055
678,839,161,0.161,0.12492987076131976
736,868,132,0.132,0.12903006390525842
708,854,146,0.146,0.14050984878384043
734,867,133,0.133,0.12685306518624564
756,878,122,0.122,0.1362516106545663
754,877,123,0.123,0.12333642227662495
696,848,152,0.152,0.12564688996080076
688,844,156,0.156,0.14175667794197216
798,899,101,0.101,0.15275859640949785
750,875,125,0.125,0.12707854382658842
748,874,126,0.126,0.12127307527617086
748,874,126,0.126,0.12208466605516151
696,848,152,0.152,0.10966923365971888
698,849,151,0.151,0.1153427119941407
772,886,114,0.114,0.11762391251942608
656,828,172,0.172,0.1190122980887827
704,852,148,0.148,0.11267357984664704
728,864,136,0.136,0.11216083759936737
742,871,129,0.129,0.12090140488941688
738,869,131,0.131,0.12470183738296328
772,886,114,0.114,0.11191118355441722
728,864,136,0.136,0.1256474406470079
680,840,160,0.16,0.12117423522297759
744,872,128,0.128,0.11459925504183048
694,847,153,0.153,0.12014018662377203
730,865,135,0.135,0.12050015681274817
692,846,154,0.154,0.09310183266518471
718,859,141,0.141,0.10744266705837799
732,866,134,0.134,0.11131375551165547
796,898,102,0.102,0.10944795872518444
752,876,124,0.124,0.10562676632031798
712,856,144,0.144,0.10266228862549179
684,842,158,0.158,0.11017839635146083
756,878,122,0.122,0.11249552554800175
736,868,132,0.132,0.10412867296283367
762,881,119,0.119,0.10026021322013184
702,851,149,0.149,0.0947667577012544
820,910,90,0.09,0.09020505037729162
712,856,144,0.144,0.09886753645563841
734,867,133,0.133,0.0814246426988193
736,868,132,0.132,0.08943163173398352
786,893,107,0.107,0.09411318702210701
692,846,154,0.154,0.11221042631354067
722,861,139,0.139,0.08658551051357517
704,852,148,0.148,0.08553460229757184
814,907,93,0.093,0.09659649922113385
748,874,126,0.126,0.09334963938081638
724,862,138,0.138,0.08568149452591751
762,881,119,0.119,0.08880406881214004
754,877,123,0.123,0.0824632361992326
684,842,158,0.158,0.08140188324389601
758,879,121,0.121,0.11279166809204616
720,860,140,0.14,0.10702487953932723
748,874,126,0.126,0.10891631676259567
692,846,154,0.154,0.08947361371758233
726,863,137,0.137,0.10038341151382338
718,859,141,0.141,0.09915378210924973
696,848,152,0.152,0.08341638768999837
724,862,138,0.138,0.11282869610182934
688,844,156,0.156,0.09160735817585373
824,912,88,0.088,0.09958779243573372
726,863,137,0.137,0.0874187744034134
766,883,117,0.117,0.07964903933231836
710,855,145,0.145,0.09555591234451276
712,856,144,0.144,0.09980566596750941
712,856,144,0.144,0.0968761604642932
756,878,122,0.122,0.0889486121632217
786,893,107,0.107,0.09797215783953288
704,852,148,0.148,0.09264939915989089
726,863,137,0.137,0.10296181190517746
738,869,131,0.131,0.1060343903573521
686,843,157,0.157,0.10843262912153659
732,866,134,0.134,0.10666882595527567
748,874,126,0.126,0.11080534700609496
730,865,135,0.135,0.10168313944898545
712,856,144,0.144,0.09424209844553844
714,857,143,0.143,0.1011358580950473
732,866,134,0.134,0.10273088352928607
722,861,139,0.139,0.12606556255082252
652,826,174,0.174,0.12748611708328828
738,869,131,0.131,0.13420015221720677
714,857,143,0.143,0.11466476382664405
692,846,154,0.154,0.11752589569007978
764,882,118,0.118,0.12657770868795343
682,841,159,0.159,0.12517051313242336
726,863,137,0.137,0.12684763425661366
716,858,142,0.142,0.12235471920459531
728,864,136,0.136,0.1027945893848373
682,841,159,0.159,0.12285930687573272
662,831,169,0.169,0.12145389069878729
738,869,131,0.131,0.09235284156296984
724,862,138,0.138,0.11151340866615647
756,878,122,0.122,0.1087698836333584
778,889,111,0.111,0.10494591819681227
748,874,126,0.126,0.12579767221058136
722,861,139,0.139,0.11225533443517634
764,882,118,0.118,0.10443309344030421
782,891,109,0.109,0.10251553136302391
736,868,132,0.132,0.09894265299378094
716,858,142,0.142,0.10179181003099075
698,849,151,0.151,0.10698096563346916
704,852,148,0.148,0.09183982507181646
702,851,149,0.149,0.0947802846886334
776,888,112,0.112,0.09536800358671463
664,832,168,0.168,0.09618730290729581
696,848,152,0.152,0.09894970168190412
716,858,142,0.142,0.12082060831155104
740,870,130,0.13,0.09732268399483292
750,875,125,0.125,0.10674633518831979
742,871,129,0.129,0.10130182332586264
784,892,108,0.108,0.09989529085883987
734,867,133,0.133,0.1050897423766437
698,849,151,0.151,0.09632920118822585
700,850,150,0.15,0.12937862294219668
734,867,133,0.133,0.11302801437726157
726,863,137,0.137,0.09321209423088293
740,870,130,0.13,0.09079980853333837
756,878,122,0.122,0.09965509436550929
754,877,123,0.123,0.0900572385713749
786,893,107,0.107,0.08901314370236878
724,862,138,0.138,0.09858713097880537
806,903,97,0.097,0.09177424128798521
710,855,145,0.145,0.08797862324172183
736,868,132,0.132,0.08576251788948139
724,862,138,0.138,0.09499447204580065
724,862,138,0.138,0.09748383330501383
706,853,147,0.147,0.10635433334902336
730,865,135,0.135,0.09076016265042562
698,849,151,0.151,0.09437176532577723
730,865,135,0.135,0.11397484173614066
646,823,177,0.177,0.1121264796416508
724,862,138,0.138,0.11872481456270907
708,854,146,0.146,0.12137637337343768
738,869,131,0.131,0.10589708204161434
710,855,145,0.145,0.1053570175247587
702,851,149,0.149,0.11750414302537683
736,868,132,0.132,0.1117437040874429
770,885,115,0.115,0.09750142643289292
702,851,149,0.149,0.11637222887115786
692,846,154,0.154,0.09677639946468117
734,867,133,0.133,0.10420440779242199
744,872,128,0.128,0.09828902998322156
766,883,117,0.117,0.10892570053327653
732,866,134,0.134,0.11738456796825267
714,857,143,0.143,0.09636699438252254
680,840,160,0.16,0.10387337918626144
736,868,132,0.132,0.10057721602579113
676,838,162,0.162,0.10968907085183309
704,852,148,0.148,0.12331639359111432
716,858,142,0.142,0.11477931024914051
728,864,136,0.136,0.10186081377031224
698,849,151,0.151,0.1326636340522673
750,875,125,0.125,0.0975243730491784
722,861,139,0.139,0.11883761676984432
766,883,117,0.117,0.11376582999131642
676,838,162,0.162,0.10318319106404669
722,861,139,0.139,0.10327398070090567
744,872,128,0.128,0.09248085410770546
742,871,129,0.129,0.11645284431779873
734,867,133,0.133,0.09471669338809442
732,866,134,0.134,0.11317203320880072
724,862,138,0.138,0.10546397406125106
730,865,135,0.135,0.08606140053240233
740,870,130,0.13,0.09320382968302875
758,879,121,0.121,0.09983912109539961
766,883,117,0.117,0.10453099582255528
770,885,115,0.115,0.10556001195826684
742,871,129,0.129,0.09079537504413747
708,854,146,0.146,0.09166953744908096
736,868,132,0.132,0.0930614641335851
726,863,137,0.137,0.09405515453721819
708,854,146,0.146,0.0819566601315164
690,845,155,0.155,0.101631640116575
684,842,158,0.158,0.10411603776883567
682,841,159,0.159,0.09977346802061947
702,851,149,0.149,0.10577896116045303
690,845,155,0.155,0.11490781994286225
756,878,122,0.122,0.10426655700110132
724,862,138,0.138,0.12003955555659923
698,849,151,0.151,0.11429352393600857
732,866,134,0.134,0.11512573204637738
698,849,151,0.151,0.11130029037059284
736,868,132,0.132,0.1149793422554394
756,878,122,0.122,0.1175535319862247
684,842,158,0.158,0.11611426699347066
700,850,150,0.15,0.10385160620901843
702,851,149,0.149,0.11396520251547917
738,869,131,0.131,0.12170352506595372
732,866,134,0.134,0.10648785580327967
740,870,130,0.13,0.10217729076070828
706,853,147,0.147,0.11246308743126429
744,872,128,0.128,0.11672125693422276
746,873,127,0.127,0.1366581488638185
668,834,166,0.166,0.10083741901500616
724,862,138,0.138,0.09067053808178753
742,871,129,0.129,0.10914708496925596
740,870,130,0.13,0.1034881220627576
704,852,148,0.148,0.11537828387360786
712,856,144,0.144,0.0979243230304055
730,865,135,0.135,0.12320270617920323
756,878,122,0.122,0.11042985715460964
696,848,152,0.152,0.10976566759403796
714,857,143,0.143,0.11284747047064593
704,852,148,0.148,0.0980345398467034
684,842,158,0.158,0.11746134047588566
740,870,130,0.13,0.12243860267566925
734,867,133,0.133,0.10538256952536176
726,863,137,0.137,0.11815032695385162
722,861,139,0.139,0.11637610063998727
780,890,110,0.11,0.11459252150647808
740,870,130,0.13,0.10444738828134723
696,848,152,0.152,0.12273624148603994
752,876,124,0.124,0.13230486455718346
718,859,141,0.141,0.10976490184303839
724,862,138,0.138,0.11078033510548994
700,850,150,0.15,0.11420383198722993
774,887,113,0.113,0.10517216381925391
732,866,134,0.134,0.11357980692794081
706,853,147,0.147,0.10354999281311938
716,858,142,0.142,0.10418843633326469
742,871,129,0.129,0.11820096994243795
662,831,169,0.169,0.10770123468188103
754,877,123,0.123,0.09230904116587044
696,848,152,0.152,0.11475691117474343
716,858,142,0.142,0.09962160947700613
740,870,130,0.13,0.11533217202802189
654,827,173,0.173,0.1090856405593222
690,845,155,0.155,0.11616506155816023
692,846,154,0.154,0.12625744810840114
722,861,139,0.139,0.10844947233697166
698,849,151,0.151,0.13056684277389832
724,862,138,0.138,0.11214889824474812
710,855,145,0.145,0.12212993014252971
756,878,122,0.122,0.10632565888614044
776,888,112,0.112,0.1200502757600043
732,866,134,0.134,0.10590067211716087
724,862,138,0.138,0.09669445304066175
702,851,149,0.149,0.10082862277708773
700,850,150,0.15,0.08807343013639911
736,868,132,0.132,0.10501841177981987
742,871,129,0.129,0.11192163652819363
730,865,135,0.135,0.08800169022184855
706,853,147,0.147,0.09435654219752178
766,883,117,0.117,0.08723452482346329
736,868,132,0.132,0.08369828428253823
736,868,132,0.132,0.11234642726025777
710,855,145,0.145,0.0828999740446161
740,870,130,0.13,0.1147829975345594
752,876,124,0.124,0.09589973001315957
700,850,150,0.15,0.10079773016963736
724,862,138,0.138,0.09737185103079538
748,874,126,0.126,0.09269699258721266
740,870,130,0.13,0.08965356132067609
764,882,118,0.118,0.10121631216586684
702,851,149,0.149,0.10923160570687923
724,862,138,0.138,0.1118265418362862
718,859,141,0.141,0.098413335044228
706,853,147,0.147,0.10092034538439475
726,863,137,0.137,0.0964295079538424
726,863,137,0.137,0.09098136259755847
714,857,143,0.143,0.10414825659725466
742,871,129,0.129,0.08220726107675
696,848,152,0.152,0.09124502234143438
662,831,169,0.169,0.07726421604232746
748,874,126,0.126,0.09600346920769516
722,861,139,0.139,0.09119379604922141
706,853,147,0.147,0.11038474664486421
756,878,122,0.122,0.08970812274917989
744,872,128,0.128,0.08174058954860083
724,862,138,0.138,0.0968314326655236
746,873,127,0.127,0.10423992304094917
780,890,110,0.11,0.09353148909798802
704,852,148,0.148,0.10532799991389039
768,884,116,0.116,0.10356363409914775
758,879,121,0.121,0.07535288926567592
712,856,144,0.144,0.08875735771478503
744,872,128,0.128,0.08780544777726755
690,845,155,0.155,0.10008588606639388
686,843,157,0.157,0.08152120422788721
720,860,140,0.14,0.09988316230394412
702,851,149,0.149,0.08962458635063376
748,874,126,0.126,0.12966268371680054
744,872,128,0.128,0.10953823106718483
758,879,121,0.121,0.09987178110664535
760,880,120,0.12,0.1033632871152804
736,868,132,0.132,0.10465330875688961
702,851,149,0.149,0.09172494751552586
726,863,137,0.137,0.08721122725697933
742,871,129,0.129,0.0998047216001869
720,860,140,0.14,0.10225089515336003
750,875,125,0.125,0.109704870698577
734,867,133,0.133,0.09935311769670807
750,875,125,0.125,0.09126358259854897
714,857,143,0.143,0.09500598970986902
726,863,137,0.137,0.10059805086541747
824,912,88,0.088,0.08963930263572548
774,887,113,0.113,0.07819761143953656
728,864,136,0.136,0.0848364491120301
724,862,138,0.138,0.09290778193096048
730,865,135,0.135,0.08444367704243633
762,881,119,0.119,0.08575176352303242
832,916,84,0.084,0.09752744114040979
740,870,130,0.13,0.09932393066585064
748,874,126,0.126,0.08672237992144073
732,866,134,0.134,0.08996949621511158
680,840,160,0.16,0.08502380728139541
766,883,117,0.117,0.10190302914942731
766,883,117,0.117,0.09018099479757075
706,853,147,0.147,0.09364067137808889
736,868,132,0.132,0.08241758451897477
694,847,153,0.153,0.08103702335133857
724,862,138,0.138,0.10169857037978364
722,861,139,0.139,0.08085609968868812
734,867,133,0.133,0.09656490197753374
694,847,153,0.153,0.09010112580351415
688,844,156,0.156,0.10025537101047667
726,863,137,0.137,0.08731370182886349
784,892,108,0.108,0.08522580678167287
756,878,122,0.122,0.09313226038131689
732,866,134,0.134,0.10386579705676922
694,847,153,0.153,0.0967309632319957
704,852,148,0.148,0.10506439247273375
760,880,120,0.12,0.08890086399124357
682,841,159,0.159,0.08764012337854366
760,880,120,0.12,0.09245637566274673
742,871,129,0.129,0.10229530543215515
756,878,122,0.122,0.08398387529650063
716,858,142,0.142,0.07338604690719512
678,839,161,0.161,0.08343491549111787
756,878,122,0.122,0.0955355610888655
742,871,129,0.129,0.10524310029295157
684,842,158,0.158,0.09408391215903976
744,872,128,0.128,0.0737342966945871
706,853,147,0.147,0.10198859011739841
774,887,113,0.113,0.1021702747540985
704,852,148,0.148,0.07784220362271299
714,857,143,0.143,0.07636848458714666
712,856,144,0.144,0.09305030549892399
692,846,154,0.154,0.09130553733452688
726,863,137,0.137,0.10785117578395875
714,857,143,0.143,0.10909038125962252
748,874,126,0.126,0.09457436551267347
736,868,132,0.132,0.09444382648232567
678,839,161,0.161,0.10773901767696953
768,884,116,0.116,0.10337870865606237
708,854,146,0.146,0.07999896607489791
666,833,167,0.167,0.10232480538733126
736,868,132,0.132,0.0910901953252178
710,855,145,0.145,0.08645447227065597
740,870,130,0.13,0.10053094663054798
742,871,129,0.129,0.08290493606775999
764,882,118,0.118,0.08523857775078432
680,840,160,0.16,0.09179074475364178
678,839,161,0.161,0.08999067543860292
702,851,149,0.149,0.09118916693536448
748,874,126,0.126,0.07497177980089327
800,900,100,0.1,0.07307073978989502
750,875,125,0.125,0.07414394666455337
788,894,106,0.106,0.08380325702769914
760,880,120,0.12,0.08481903092091671
770,885,115,0.115,0.07101083366265812
744,872,128,0.128,0.09370207417286293
704,852,148,0.148,0.07874941211244732
748,874,126,0.126,0.08558225528264302
712,856,144,0.144,0.07757978758861282
760,880,120,0.12,0.0854229892869189
714,857,143,0.143,0.08087598463526229
704,852,148,0.148,0.08575375383030041
742,871,129,0.129,0.08042899678618415
704,852,148,0.148,0.09670619652845336
764,882,118,0.118,0.08798973942356679
708,854,146,0.146,0.1002484151828976
712,856,144,0.144,0.09761236633459339
666,833,167,0.167,0.08301240629265158
738,869,131,0.131,0.08583694805621053
764,882,118,0.118,0.09236147831269409
736,868,132,0.132,0.08843727180204587
716,858,142,0.142,0.09040567616996123
756,878,122,0.122,0.09322270855336683
806,903,97,0.097,0.10252835538997897
774,887,113,0.113,0.08178483334727207
736,868,132,0.132,0.0801219994497078
768,884,116,0.116,0.07970094901787525
698,849,151,0.151,0.08561295299994526
722,861,139,0.139,0.08963230195127107
722,861,139,0.139,0.08292555069141963
752,876,124,0.124,0.09338798984176537
758,879,121,0.121,0.08484497779798403
768,884,116,0.116,0.07738698378914705
718,859,141,0.141,0.07561885850867839
744,872,128,0.128,0.08702856157865609
738,869,131,0.131,0.08757453560669091
702,851,149,0.149,0.09016413419783931
786,893,107,0.107,0.08980776574349147
766,883,117,0.117,0.0966386999553597
732,866,134,0.134,0.09938121028251953
696,848,152,0.152,0.07662184119539597
738,869,131,0.131,0.07638261530763703
728,864,136,0.136,0.08499116171625792
698,849,151,0.151,0.08064830497328512
772,886,114,0.114,0.09683275084942579
716,858,142,0.142,0.11532388938352232
790,895,105,0.105,0.08186496370114764
728,864,136,0.136,0.08634826575769694
764,882,118,0.118,0.08662747043932541
778,889,111,0.111,0.0897169764124119
784,892,108,0.108,0.08054878041008487
794,897,103,0.103,0.07624160093640966
722,861,139,0.139,0.09146785945537522
698,849,151,0.151,0.06822540174706591
706,853,147,0.147,0.07697237886092625
698,849,151,0.151,0.07135682272701524
736,868,132,0.132,0.08694911571875855
742,871,129,0.129,0.10611128686284065
716,858,142,0.142,0.08974920815706719
676,838,162,0.162,0.09718984973907936
748,874,126,0.126,0.093280525195044
732,866,134,0.134,0.09540051595657133
748,874,126,0.126,0.10735519709953223
734,867,133,0.133,0.09889698339746975
706,853,147,0.147,0.08658033171581338
744,872,128,0.128,0.07312054750362586
722,861,139,0.139,0.07255390985813574
762,881,119,0.119,0.07439663057591679
748,874,126,0.126,0.09133945538356784
716,858,142,0.142,0.07629979434646521
772,886,114,0.114,0.074444944438932
756,878,122,0.122,0.07686692810608656
690,845,155,0.155,0.07708472045033704
728,864,136,0.136,0.09957529914200132
710,855,145,0.145,0.09983917951479089
750,875,125,0.125,0.09260883564926917
708,854,146,0.146,0.08368001071103208
774,887,113,0.113,0.07840132398767309
766,883,117,0.117,0.08397426350222667
760,880,120,0.12,0.08071705192069203
774,887,113,0.113,0.0871695449394465
704,852,148,0.148,0.07726602911687769
752,876,124,0.124,0.07302064494384831
660,830,170,0.17,0.08328168674992048
726,863,137,0.137,0.08438748788174416
738,869,131,0.131,0.08719365787964489
786,893,107,0.107,0.09469793597979878
728,864,136,0.136,0.08834735108981841
720,860,140,0.14,0.10454085417604074
678,839,161,0.161,0.0805232883728022
718,859,141,0.141,0.08527946378714842
632,816,184,0.184,0.077682149776796
762,881,119,0.119,0.08376481344341301
744,872,128,0.128,0.08566845657187513
772,886,114,0.114,0.08889274833046511
698,849,151,0.151,0.08177128750897827
730,865,135,0.135,0.09230976258414739
716,858,142,0.142,0.0858480938824523
704,852,148,0.148,0.08205369164526928
748,874,126,0.126,0.0853477045232612
702,851,149,0.149,0.09512251065637975
688,844,156,0.156,0.08327899158664513
798,899,101,0.101,0.08348423007701058
702,851,149,0.149,0.07900492093633511
742,871,129,0.129,0.07785483598580321
756,878,122,0.122,0.10849204592547904
772,886,114,0.114,0.07675768981016881
704,852,148,0.148,0.09040279220635421
704,852,148,0.148,0.08305134386607096
778,889,111,0.111,0.07947646797395282
692,846,154,0.154,0.07348463802915649
752,876,124,0.124,0.07160205339825189
708,854,146,0.146,0.08471175738360034
682,841,159,0.159,0.06653505851657246
756,878,122,0.122,0.08467288700710923
740,870,130,0.13,0.07660390009888579
704,852,148,0.148,0.08217219582681719
722,861,139,0.139,0.08385197897962644
718,859,141,0.141,0.0854476582208299
696,848,152,0.152,0.0907213944665673
714,857,143,0.143,0.07357031915878179
752,876,124,0.124,0.07908982697212195
732,866,134,0.134,0.07994918724885793
756,878,122,0.122,0.0809105463974338
718,859,141,0.141,0.08165521166105463
754,877,123,0.123,0.08472569427042617
722,861,139,0.139,0.08029943057603305
752,876,124,0.124,0.08340756931854412
772,886,114,0.114,0.07474608443843317
752,876,124,0.124,0.07895602637153934
760,880,120,0.12,0.07222811155278759
740,870,130,0.13,0.07245754698624296
746,873,127,0.127,0.0703867203425034
734,867,133,0.133,0.07332277697440441
754,877,123,0.123,0.07060403737903106
770,885,115,0.115,0.06891400052147219
740,870,130,0.13,0.08060634127160302
746,873,127,0.127,0.06534064350710833
744,872,128,0.128,0.08168519730157005
768,884,116,0.116,0.07477242896053213
750,875,125,0.125,0.07013839011160598
696,848,152,0.152,0.09224038068184473
762,881,119,0.119,0.06967659079884027
770,885,115,0.115,0.08523751228902256
714,857,143,0.143,0.07528092062787618
680,840,160,0.16,0.08992665012535872
700,850,150,0.15,0.10339957479788608
682,841,159,0.159,0.090658653051898
732,866,134,0.134,0.08203861194517231
730,865,135,0.135,0.08944411145185586
702,851,149,0.149,0.09744534945761552
702,851,149,0.149,0.08487599815898283
692,846,154,0.154,0.10056430564709444
766,883,117,0.117,0.08529865249435534
674,837,163,0.163,0.10392812183941715
716,858,142,0.142,0.09789369055567476
748,874,126,0.126,0.09703427189718059
738,869,131,0.131,0.09741192806648906
732,866,134,0.134,0.09895686638214102
724,862,138,0.138,0.09990390473697335
724,862,138,0.138,0.09191172641393495
740,870,130,0.13,0.08022661683009938
722,861,139,0.139,0.09410650282370625
770,885,115,0.115,0.08900413908602786
704,852,148,0.148,0.09422922929777997
762,881,119,0.119,0.07320734148175688
758,879,121,0.121,0.08087606577627594
772,886,114,0.114,0.06456043455612961
704,852,148,0.148,0.0726870083953254
764,882,118,0.118,0.07542433553281444
706,853,147,0.147,0.07008792883298884
772,886,114,0.114,0.0818501187110087
728,864,136,0.136,0.07827570173967979
736,868,132,0.132,0.09144794790622109
748,874,126,0.126,0.07514278797095904
716,858,142,0.142,0.07051412383331626
730,865,135,0.135,0.07792643667459197
664,832,168,0.168,0.08817689258520113
716,858,142,0.142,0.07402507410683756
700,850,150,0.15,0.07989204183989931
708,854,146,0.146,0.07064359417937521
724,862,138,0.138,0.07964226100994347
734,867,133,0.133,0.08137266779481797
746,873,127,0.127,0.09492715314634552
732,866,134,0.134,0.0864083419660601
720,860,140,0.14,0.07234292110739625
712,856,144,0.144,0.08386695428401436
690,845,155,0.155,0.08867848725401564
630,815,185,0.185,0.07965379720821511
736,868,132,0.132,0.1154693138982111
670,835,165,0.165,0.09199755340197589
738,869,131,0.131,0.09229166120913578
746,873,127,0.127,0.07484700283988786
720,860,140,0.14,0.08130754352899384
768,884,116,0.116,0.08383711243074504
742,871,129,0.129,0.08762449549420853
728,864,136,0.136,0.0745467051663436
758,879,121,0.121,0.06770236011175439
734,867,133,0.133,0.05881771181045406
724,862,138,0.138,0.06326876736155827
732,866,134,0.134,0.07456616399354425
742,871,129,0.129,0.059043173228121304
742,871,129,0.129,0.05636984562868156
702,851,149,0.149,0.0686434029360571
774,887,113,0.113,0.082752700461715
688,844,156,0.156,0.08725061978926534
742,871,129,0.129,0.07570658411551266
724,862,138,0.138,0.07101465508398906
758,879,121,0.121,0.09220347250666236
754,877,123,0.123,0.0799336034906446
728,864,136,0.136,0.07561530317894358
718,859,141,0.141,0.07958059444164246
724,862,138,0.138,0.0820553849710268
746,873,127,0.127,0.07188677846253268
742,871,129,0.129,0.06276937111574807
716,858,142,0.142,0.07577463362696289
726,863,137,0.137,0.07458932723353792
782,891,109,0.109,0.0620743282866315
752,876,124,0.124,0.07610782433176064
736,868,132,0.132,0.06055163066618661
744,872,128,0.128,0.062223510332172736
764,882,118,0.118,0.06575795131106497
764,882,118,0.118,0.07790866825896955
692,846,154,0.154,0.07366881243865646
714,857,143,0.143,0.06506182037995313
770,885,115,0.115,0.07538821734073281
744,872,128,0.128,0.06850231704570069
730,865,135,0.135,0.08704065485326282
748,874,126,0.126,0.08459065699856183
736,868,132,0.132,0.06360604629360023
748,874,126,0.126,0.0725259534791694
754,877,123,0.123,0.07511753459545434
702,851,149,0.149,0.07837792770774103
708,854,146,0.146,0.07456079069264523
712,856,144,0.144,0.0847466845792369
702,851,149,0.149,0.07003623692627298
694,847,153,0.153,0.09403073806844714
768,884,116,0.116,0.07802117350150366
734,867,133,0.133,0.07970125026207825
706,853,147,0.147,0.07991051839708961
766,883,117,0.117,0.0820155325756059
750,875,125,0.125,0.06838429365812045
746,873,127,0.127,0.08347619206126547
764,882,118,0.118,0.060755486281876075
734,867,133,0.133,0.0716266207912704
728,864,136,0.136,0.0731899806812271
760,880,120,0.12,0.08053288174883345
748,874,126,0.126,0.0788610179774696
754,877,123,0.123,0.0757168456074287
770,885,115,0.115,0.06770544965362933
778,889,111,0.111,0.08912610144523206
786,893,107,0.107,0.06801985974369018
734,867,133,0.133,0.07547763776639477
762,881,119,0.119,0.07100266048172489
728,864,136,0.136,0.07119988364737946
746,873,127,0.127,0.06356486343496362
726,863,137,0.137,0.07445372854324524
712,856,144,0.144,0.10086596426554024
676,838,162,0.162,0.08447956561140017
742,871,129,0.129,0.09272215513628908
712,856,144,0.144,0.10785978744452586
700,850,150,0.15,0.08908413502073381
698,849,151,0.151,0.09278008510146174
744,872,128,0.128,0.08618706488813041
730,865,135,0.135,0.09007518712841557
672,836,164,0.164,0.0988199179940857
732,866,134,0.134,0.07839633081085048
768,884,116,0.116,0.0915231523810362
704,852,148,0.148,0.07976971294858959
770,885,115,0.115,0.08575459988974035
780,890,110,0.11,0.07320437440839304
748,874,126,0.126,0.06859371260652551
736,868,132,0.132,0.07602290971469483
744,872,128,0.128,0.07728144030657132
766,883,117,0.117,0.07756911423473503
746,873,127,0.127,0.0807572321478292
722,861,139,0.139,0.08420950919855386
742,871,129,0.129,0.073359890428168
748,874,126,0.126,0.09286849811527645
724,862,138,0.138,0.07847547036493052
752,876,124,0.124,0.09536032811565746
764,882,118,0.118,0.0769341062756721
712,856,144,0.144,0.0790534321129744
772,886,114,0.114,0.08412528760026908
688,844,156,0.156,0.09111934473257861
756,878,122,0.122,0.08680173607738106
744,872,128,0.128,0.08546642492630054
738,869,131,0.131,0.08154643900878
748,874,126,0.126,0.08647089923900785
686,843,157,0.157,0.08029122277692659
736,868,132,0.132,0.07023223666334524
682,841,159,0.159,0.07585595433431444
772,886,114,0.114,0.08269066388945794
678,839,161,0.161,0.09523423927772091
732,866,134,0.134,0.08919133983284701
666,833,167,0.167,0.11244906074466417
742,871,129,0.129,0.0764437729328638
728,864,136,0.136,0.09948375322969515
698,849,151,0.151,0.09216468951915158
756,878,122,0.122,0.08692477852659067
730,865,135,0.135,0.09031010109186173
746,873,127,0.127,0.08514478692374541
704,852,148,0.148,0.09677054618124384
728,864,136,0.136,0.08819646134437062
720,860,140,0.14,0.09129367809201358
678,839,161,0.161,0.08126612007274525
714,857,143,0.143,0.08994278392937849
756,878,122,0.122,0.0849028800426313
756,878,122,0.122,0.10824886990565574
728,864,136,0.136,0.09881015513837338
728,864,136,0.136,0.10881753736588871
680,840,160,0.16,0.09268201306299306
696,848,152,0.152,0.09794244397040165
734,867,133,0.133,0.09301544573414139
770,885,115,0.115,0.08967982418260362
702,851,149,0.149,0.11599050219450147
756,878,122,0.122,0.10705964642565231
774,887,113,0.113,0.09051777674158802
728,864,136,0.136,0.09489369707383594
766,883,117,0.117,0.10373656992404721
756,878,122,0.122,0.07950164694590785
756,878,122,0.122,0.09624738116655498
686,843,157,0.157,0.09486874129530043
692,846,154,0.154,0.08086577594169649
760,880,120,0.12,0.10454451327094284
718,859,141,0.141,0.10570757869497174
746,873,127,0.127,0.09458755960324197
720,860,140,0.14,0.09033620582151343
696,848,152,0.152,0.0949444213177194
702,851,149,0.149,0.09789316879177931
740,870,130,0.13,0.09777479344740277
716,858,142,0.142,0.11494388057955075
724,862,138,0.138,0.11612011930509471
666,833,167,0.167,0.10233213771035662
688,844,156,0.156,0.10349026299576508
746,873,127,0.127,0.1061178566745366
666,833,167,0.167,0.10662209558219184
664,832,168,0.168,0.13530190998665056
694,847,153,0.153,0.09949299563642125
658,829,171,0.171,0.10508527977601625
782,891,109,0.109,0.11117451258029905
660,830,170,0.17,0.11004906834335998
728,864,136,0.136,0.11671617631340632
672,836,164,0.164,0.1201284574760939
754,877,123,0.123,0.13610316678823436
762,881,119,0.119,0.09947083628166001
758,879,121,0.121,0.13056942058715504
684,842,158,0.158,0.10738223455025582
770,885,115,0.115,0.10549489489506232
740,870,130,0.13,0.10774204162950628
784,892,108,0.108,0.09799084877962014
692,846,154,0.154,0.0886015065034735
702,851,149,0.149,0.10286244557332247
708,854,146,0.146,0.09766308049613144
684,842,158,0.158,0.10841570610669442
784,892,108,0.108,0.10503116511780536
708,854,146,0.146,0.10766743623296497
726,863,137,0.137,0.10739578187346342
716,858,142,0.142,0.10405170759584871
750,875,125,0.125,0.10092788353058858
692,846,154,0.154,0.11690324933001102
744,872,128,0.128,0.10616736510640476
718,859,141,0.141,0.11265151579788653
678,839,161,0.161,0.11706568136403803
732,866,134,0.134,0.1145899808414979
746,873,127,0.127,0.12226445015438367
760,880,120,0.12,0.11615653245401336
660,830,170,0.17,0.13152363989688456
756,878,122,0.122,0.12700838451529853
722,861,139,0.139,0.1017527286040131
694,847,153,0.153,0.12764152259167166
702,851,149,0.149,0.11881902213633293
710,855,145,0.145,0.11940336857241346
742,871,129,0.129,0.12586701041506604
708,854,146,0.146,0.1223519995440729
702,851,149,0.149,0.13268167858576635
740,870,130,0.13,0.11474346976273228
712,856,144,0.144,0.09652849987818626
754,877,123,0.123,0.11637732124503236
720,860,140,0.14,0.10768300364154856
752,876,124,0.124,0.11305092374345986
766,883,117,0.117,0.11229427990157273
772,886,114,0.114,0.09984521160542499
688,844,156,0.156,0.12122223235297133
722,861,139,0.139,0.10922231548385025
728,864,136,0.136,0.10312425467814319
756,878,122,0.122,0.11027461288613268
752,876,124,0.124,0.10792011853528674
744,872,128,0.128,0.11400494169490412
712,856,144,0.144,0.10138611762905202
776,888,112,0.112,0.11440238219010644
722,861,139,0.139,0.09728046991181327
750,875,125,0.125,0.11953329946436861
748,874,126,0.126,0.10076740973937558
726,863,137,0.137,0.1048642898015969
730,865,135,0.135,0.11036165006970987
734,867,133,0.133,0.10028037121274974
694,847,153,0.153,0.11243404233537149
760,880,120,0.12,0.09757717258541379
692,846,154,0.154,0.11556681539415149
722,861,139,0.139,0.1244983377411263
684,842,158,0.158,0.10429043144575553
724,862,138,0.138,0.10801716754573863
774,887,113,0.113,0.10878739746070641
724,862,138,0.138,0.12586163469054737
718,859,141,0.141,0.10128956401534378
780,890,110,0.11,0.10435195348685375
734,867,133,0.133,0.09586666082692683
710,855,145,0.145,0.1090726237014751
748,874,126,0.126,0.09875630761287175
772,886,114,0.114,0.1106855334508
678,839,161,0.161,0.10015960149408784
718,859,141,0.141,0.09445123153011081
734,867,133,0.133,0.09386857992154546
720,860,140,0.14,0.09725044816592708
726,863,137,0.137,0.11380319063755451
706,853,147,0.147,0.10795884652459063
748,874,126,0.126,0.0951766371576814
752,876,124,0.124,0.10199404885584955
754,877,123,0.123,0.1118061946490925
716,858,142,0.142,0.10552083139587194
772,886,114,0.114,0.0882323850961402
756,878,122,0.122,0.092358117495256
702,851,149,0.149,0.10055256173072849
732,866,134,0.134,0.08972623597219354
792,896,104,0.104,0.08374299901531776
676,838,162,0.162,0.088684291433623
744,872,128,0.128,0.08823398323985748
742,871,129,0.129,0.08867794287996367
712,856,144,0.144,0.098345086505753
742,871,129,0.129,0.10219067234068643
672,836,164,0.164,0.10495638160099043
722,861,139,0.139,0.0857300279228948
732,866,134,0.134,0.09851670793950325
756,878,122,0.122,0.10348916974308668
722,861,139,0.139,0.09826207653060555
694,847,153,0.153,0.09467659040295985
718,859,141,0.141,0.11067610846995377
742,871,129,0.129,0.1016040201911237
738,869,131,0.131,0.0903618905535841
714,857,143,0.143,0.10631393168281647
644,822,178,0.178,0.11576151648024097
734,867,133,0.133,0.11511572094209259
714,857,143,0.143,0.10578361883270554
810,905,95,0.095,0.10164358033487224
768,884,116,0.116,0.10677838214713847
706,853,147,0.147,0.10832797951507382
706,853,147,0.147,0.10973073757629026
718,859,141,0.141,0.12767904576775618
726,863,137,0.137,0.10437636807029776
708,854,146,0.146,0.0927409254219383
712,856,144,0.144,0.0987819312601896
734,867,133,0.133,0.10743881240626797
768,884,116,0.116,0.09329788509302307
718,859,141,0.141,0.11176029892754741
706,853,147,0.147,0.10493258529933519
768,884,116,0.116,0.09734194647253025
722,861,139,0.139,0.09505665998067707
774,887,113,0.113,0.09872949454231275
680,840,160,0.16,0.08463561894964368
786,893,107,0.107,0.0908652812813525
716,858,142,0.142,0.09148547773872269
718,859,141,0.141,0.08989027366030496
708,854,146,0.146,0.09595539256586016
758,879,121,0.121,0.09817006892558856
720,860,140,0.14,0.07697286628733854
740,870,130,0.13,0.08964074878871907
724,862,138,0.138,0.07750681802624604
684,842,158,0.158,0.09847394970688765
706,853,147,0.147,0.08731621358260963
734,867,133,0.133,0.08143687057563512
766,883,117,0.117,0.08234799401913187
756,878,122,0.122,0.09382794488758009
702,851,149,0.149,0.07819533613655949
772,886,114,0.114,0.07794862672392629
784,892,108,0.108,0.08081620819470846
764,882,118,0.118,0.07168680253493949
700,850,150,0.15,0.08042051056021592
706,853,147,0.147,0.08795442766905762
732,866,134,0.134,0.08393638171325438
784,892,108,0.108,0.08577144492411753
730,865,135,0.135,0.0889348419425296
704,852,148,0.148,0.08579093315589126
796,898,102,0.102,0.07754467779543484
756,878,122,0.122,0.09253536922043963
786,893,107,0.107,0.08011280991206877
748,874,126,0.126,0.08276191163912881
692,846,154,0.154,0.08581034445029218
738,869,131,0.131,0.08118490705807926
692,846,154,0.154,0.0969295860833372
756,878,122,0.122,0.09811074170627399
766,883,117,0.117,0.09609654056071304
710,855,145,0.145,0.09781238639217918
760,880,120,0.12,0.09278093639755389
748,874,126,0.126,0.08304212546901545
740,870,130,0.13,0.09004937841242645
628,814,186,0.186,0.08825522660394199
728,864,136,0.136,0.08513344036998023
772,886,114,0.114,0.08698607762387837
698,849,151,0.151,0.09378562302398495
692,846,154,0.154,0.07358855858410243
754,877,123,0.123,0.08550929912770516
696,848,152,0.152,0.09449387269117869
802,901,99,0.099,0.0801546392487071
784,892,108,0.108,0.08454996046071755
776,888,112,0.112,0.08335592913097935
786,893,107,0.107,0.08061546375922626
696,848,152,0.152,0.08979045012616553
728,864,136,0.136,0.09617638722065021
726,863,137,0.137,0.07032220149223577
752,876,124,0.124,0.08199356851539051
714,857,143,0.143,0.0870994253573008
740,870,130,0.13,0.07876908396050566
762,881,119,0.119,0.08992177411197917
704,852,148,0.148,0.09310372673471283
710,855,145,0.145,0.08497945157764479
672,836,164,0.164,0.09680542675364995
720,860,140,0.14,0.10158396882453234
670,835,165,0.165,0.10357882987054472
714,857,143,0.143,0.10132755322739831
770,885,115,0.115,0.11020642629102803
756,878,122,0.122,0.10426726056286134
766,883,117,0.117,0.08782130530985888
728,864,136,0.136,0.08783174429342035
752,876,124,0.124,0.09488775415520649
728,864,136,0.136,0.09562674790254096
750,875,125,0.125,0.08785801019042265
712,856,144,0.144,0.08844434284245653
690,845,155,0.155,0.07988459333300126
694,847,153,0.153,0.09580721002674546
744,872,128,0.128,0.07788756721100071
720,860,140,0.14,0.08912247649207711
758,879,121,0.121,0.09529050948502846
720,860,140,0.14,0.10401499127072748
708,854,146,0.146,0.09206620707316324
762,881,119,0.119,0.09602946009847801
704,852,148,0.148,0.09159260586183518
688,844,156,0.156,0.09693815688206814
740,870,130,0.13,0.08996577161300229
766,883,117,0.117,0.09294123825337738
714,857,143,0.143,0.09426939130120444
762,881,119,0.119,0.08254010115202982
706,853,147,0.147,0.0754925369538978
742,871,129,0.129,0.07885488447733223
702,851,149,0.149,0.075946923510317
746,873,127,0.127,0.07578256683147629
712,856,144,0.144,0.06870818780141418
766,883,117,0.117,0.07089708733531006
768,884,116,0.116,0.08927644269826124
700,850,150,0.15,0.07814076809331891
726,863,137,0.137,0.08883004855603213
734,867,133,0.133,0.07866795921322774
726,863,137,0.137,0.07892979224509326
674,837,163,0.163,0.08314851395962523
758,879,121,0.121,0.09698119655338815
762,881,119,0.119,0.07940108187915758
734,867,133,0.133,0.08204867264954373
742,871,129,0.129,0.08092774117451336
752,876,124,0.124,0.07626267252510296
736,868,132,0.132,0.06658624631128623
782,891,109,0.109,0.07508719757675862
654,827,173,0.173,0.07089747970618192
786,893,107,0.107,0.07703055448879605
710,855,145,0.145,0.07358176822483074
756,878,122,0.122,0.06465821494537521
818,909,91,0.091,0.07652953677967889
668,834,166,0.166,0.07800463104934897
758,879,121,0.121,0.07771733520377894
726,863,137,0.137,0.07639880530606023
768,884,116,0.116,0.06880020760664775
724,862,138,0.138,0.07663670692706365
712,856,144,0.144,0.07916235739790135
716,858,142,0.142,0.06420170504854286
758,879,121,0.121,0.07298768696712796
704,852,148,0.148,0.08024451762897661
730,865,135,0.135,0.07944183688276098
798,899,101,0.101,0.06893529652437427
716,858,142,0.142,0.08211440308403689
716,858,142,0.142,0.07663466556335334
724,862,138,0.138,0.07135778417286928
738,869,131,0.131,0.0868761275102006
710,855,145,0.145,0.07549879023246467
724,862,138,0.138,0.08731836371179089
724,862,138,0.138,0.08984308658642112
794,897,103,0.103,0.06683647162513807
700,850,150,0.15,0.07522115366120125
704,852,148,0.148,0.07169720045261783
702,851,149,0.149,0.07847534303298744
772,886,114,0.114,0.083892160568299
754,877,123,0.123,0.07315296563133597
776,888,112,0.112,0.07411397559172474
732,866,134,0.134,0.08260624149629439
770,885,115,0.115,0.07144788260408677
756,878,122,0.122,0.07216317995825375
702,851,149,0.149,0.08144371415738715
700,850,150,0.15,0.07721677370532416
748,874,126,0.126,0.07010316043969943
704,852,148,0.148,0.07885265748397796
808,904,96,0.096,0.0749827180581051
712,856,144,0.144,0.078969134607265
720,860,140,0.14,0.07568405109184095
720,860,140,0.14,0.0909848764805356
712,856,144,0.144,0.08848814355238574
766,883,117,0.117,0.07990068569564028
732,866,134,0.134,0.08563727853563614
722,861,139,0.139,0.07698055390070659
730,865,135,0.135,0.09298844214799465
760,880,120,0.12,0.08876466636593977
720,860,140,0.14,0.07854366388391645
732,866,134,0.134,0.07463444304448785
702,851,149,0.149,0.07085637520684394
738,869,131,0.131,0.06973317176415367
706,853,147,0.147,0.06838340809880174
728,864,136,0.136,0.08558290388947352
718,859,141,0.141,0.07681598332457361
700,850,150,0.15,0.09016034557000967
728,864,136,0.136,0.08395769839768763
682,841,159,0.159,0.08123153376788832
748,874,126,0.126,0.07678612101136241
744,872,128,0.128,0.0845364135671989
750,875,125,0.125,0.0766190368498792
724,862,138,0.138,0.081349919778615
742,871,129,0.129,0.0767413781515279
744,872,128,0.128,0.0579511407125683
750,875,125,0.125,0.07439422532723984
708,854,146,0.146,0.06263221324695041
706,853,147,0.147,0.07339670696598477
710,855,145,0.145,0.07598966798353649
742,871,129,0.129,0.07056743092682155
734,867,133,0.133,0.08487395376618952
734,867,133,0.133,0.08024451656913152
698,849,151,0.151,0.07247934268857352
696,848,152,0.152,0.09221320348314475
722,861,139,0.139,0.08553307618887629
766,883,117,0.117,0.08816180613750475
732,866,134,0.134,0.09762595922267064
732,866,134,0.134,0.0858190580123337
744,872,128,0.128,0.08814207680991967
766,883,117,0.117,0.0808177920783055
760,880,120,0.12,0.0765318580903113
700,850,150,0.15,0.07076898758395692
720,860,140,0.14,0.07970516278073773
702,851,149,0.149,0.081341353993339
676,838,162,0.162,0.08990095487632789
702,851,149,0.149,0.08718592250987421
758,879,121,0.121,0.08440717465727357
706,853,147,0.147,0.0866812399449991
756,878,122,0.122,0.09092150391044561
722,861,139,0.139,0.0856509688885999
762,881,119,0.119,0.08838072089335765
678,839,161,0.161,0.07593350943969562
746,873,127,0.127,0.08476054943737109
724,862,138,0.138,0.08081667304788426
700,850,150,0.15,0.09211241966564558
744,872,128,0.128,0.08347064117486071
676,838,162,0.162,0.07436472398769184
726,863,137,0.137,0.08804626397637184
720,860,140,0.14,0.07896415657307079
716,858,142,0.142,0.08326046099205268
742,871,129,0.129,0.0951352063305094
682,841,159,0.159,0.08137585273562581
742,871,129,0.129,0.08046465636098583
742,871,129,0.129,0.07906741855689324
718,859,141,0.141,0.09390630381723167
738,869,131,0.131,0.0749788899582345
774,887,113,0.113,0.07802660518247286
714,857,143,0.143,0.0733996646552987
758,879,121,0.121,0.07263654254187714
754,877,123,0.123,0.07251583220707834
758,879,121,0.121,0.07071926468328456
724,862,138,0.138,0.068326254490883
718,859,141,0.141,0.06570713462312415
750,875,125,0.125,0.08008738242095569
756,878,122,0.122,0.07801555481378454
702,851,149,0.149,0.08622133370541268
724,862,138,0.138,0.07513575417519314
706,853,147,0.147,0.07583231304201764
744,872,128,0.128,0.08199954876172706
740,870,130,0.13,0.08543559085263405
726,863,137,0.137,0.07238351026552846
772,886,114,0.114,0.06813352161257354
700,850,150,0.15,0.0768902387401904
732,866,134,0.134,0.06649144258303567
770,885,115,0.115,0.06782555355556542
740,870,130,0.13,0.06618004833266605
722,861,139,0.139,0.06969524039895623
740,870,130,0.13,0.0746848801317974
738,869,131,0.131,0.0750555058440077
694,847,153,0.153,0.06273610430397093
722,861,139,0.139,0.08560905261404696
760,880,120,0.12,0.07658716642810032
758,879,121,0.121,0.0824297504958522
736,868,132,0.132,0.07307446636864916
746,873,127,0.127,0.06831411877315259
682,841,159,0.159,0.06641535444970942
700,850,150,0.15,0.06681406124017666
760,880,120,0.12,0.07107515828095894
700,850,150,0.15,0.06792262968729483
728,864,136,0.136,0.06594071276232717
744,872,128,0.128,0.06944147636555136
794,897,103,0.103,0.07331202218704858
796,898,102,0.102,0.06827825181285152
710,855,145,0.145,0.07020347368267903
710,855,145,0.145,0.06660704642895143
690,845,155,0.155,0.06540073980067973
722,861,139,0.139,0.07421396505244775
738,869,131,0.131,0.08403463314019609
712,856,144,0.144,0.07348170443903655
754,877,123,0.123,0.08564767694909824
756,878,122,0.122,0.07228667608078103
712,856,144,0.144,0.07858323724121147
706,853,147,0.147,0.06029810697576613
704,852,148,0.148,0.06732038756430847
790,895,105,0.105,0.06032880594009475
748,874,126,0.126,0.07395814984317986
686,843,157,0.157,0.0667467853516573
754,877,123,0.123,0.06539650396528304
746,873,127,0.127,0.0643453843398238
692,846,154,0.154,0.07404768820605387
706,853,147,0.147,0.07798690972415352
758,879,121,0.121,0.0628345078714483
744,872,128,0.128,0.07349944956845138
714,857,143,0.143,0.06796396856423234
772,886,114,0.114,0.0781375753308239
716,858,142,0.142,0.0785012081185123
688,844,156,0.156,0.06950146851220051
736,868,132,0.132,0.07665436806000071
762,881,119,0.119,0.07267200202145614
698,849,151,0.151,0.06148286151175853
736,868,132,0.132,0.08146715250944181
740,870,130,0.13,0.06992793738591717
714,857,143,0.143,0.07371799907021341
720,860,140,0.14,0.072742829605937
708,854,146,0.146,0.07278275164029037
674,837,163,0.163,0.07702171888877637
708,854,146,0.146,0.08426989802665776
716,858,142,0.142,0.07579693845787551
756,878,122,0.122,0.07800694302853663
680,840,160,0.16,0.0801446701339446
732,866,134,0.134,0.061318944834987635
722,861,139,0.139,0.07085009290033485
706,853,147,0.147,0.06879136558514437
720,860,140,0.14,0.06796099108394991
772,886,114,0.114,0.06361129809889826
764,882,118,0.118,0.07425822328825597
740,870,130,0.13,0.06524076089053414
710,855,145,0.145,0.06057951148529537
770,885,115,0.115,0.06548280114683439
712,856,144,0.144,0.06352845515825901
792,896,104,0.104,0.062939192129008
778,889,111,0.111,0.05601034793275175
702,851,149,0.149,0.07707041644098353
686,843,157,0.157,0.0666369113419787
756,878,122,0.122,0.06411183543683728
736,868,132,0.132,0.07378651255921795
718,859,141,0.141,0.0752223216471175
688,844,156,0.156,0.07992390321388666
668,834,166,0.166,0.06956166449126158
752,876,124,0.124,0.08636448856037895
684,842,158,0.158,0.07513126144837588
728,864,136,0.136,0.0803736529375019
746,873,127,0.127,0.07310404002005816
808,904,96,0.096,0.07383314717706525
720,860,140,0.14,0.08004732828488341
700,850,150,0.15,0.07196179769898299
700,850,150,0.15,0.06617262047861004
742,871,129,0.129,0.06913945300108754
736,868,132,0.132,0.07757547742140014
712,856,144,0.144,0.08318609890059452
740,870,130,0.13,0.08059116506541614
696,848,152,0.152,0.0874510199566721
752,876,124,0.124,0.0720937767273499
736,868,132,0.132,0.06730002598254942
686,843,157,0.157,0.07837159109624918
722,861,139,0.139,0.07373729688796447
724,862,138,0.138,0.08105045445769793
750,875,125,0.125,0.07239493641920854
738,869,131,0.131,0.07127579736267217
730,865,135,0.135,0.07438128493505064
734,867,133,0.133,0.09161080993560608
740,870,130,0.13,0.06860067567238003
764,882,118,0.118,0.07060255894615693
724,862,138,0.138,0.07474981449486222
706,853,147,0.147,0.07569035250859452
688,844,156,0.156,0.08585194437706377
670,835,165,0.165,0.0854444134288933
716,858,142,0.142,0.09582809118786827
750,875,125,0.125,0.0954294011790771
730,865,135,0.135,0.0872290163678117
714,857,143,0.143,0.08303291026991792
712,856,144,0.144,0.08080272572406103
780,890,110,0.11,0.06638738777453546
752,876,124,0.124,0.06966790162742836
728,864,136,0.136,0.05858253483200679
744,872,128,0.128,0.05637545374731417
768,884,116,0.116,0.06511667731887429
632,816,184,0.184,0.07438532741228118
754,877,123,0.123,0.0717028347273008
744,872,128,0.128,0.07378963406337426
714,857,143,0.143,0.07863393118965906
738,869,131,0.131,0.07902815320709487
708,854,146,0.146,0.06411954898835392
736,868,132,0.132,0.08288205245498102
682,841,159,0.159,0.08019114852603525
686,843,157,0.157,0.08121951076079859
742,871,129,0.129,0.06906372660468332
724,862,138,0.138,0.07781841489730869
736,868,132,0.132,0.06817823447182308
736,868,132,0.132,0.07177960537868784
724,862,138,0.138,0.07417927572030748
706,853,147,0.147,0.0636155758369714
678,839,161,0.161,0.06732311744312756
688,844,156,0.156,0.0834040645713103
736,868,132,0.132,0.06746405773208244
720,860,140,0.14,0.06658322498953202
752,876,124,0.124,0.07685167378559708
698,849,151,0.151,0.07423411929994472
714,857,143,0.143,0.06916555134608643
698,849,151,0.151,0.08415784105547937
722,861,139,0.139,0.07732736751344055
746,873,127,0.127,0.06957198512763717
712,856,144,0.144,0.07099092997657135
720,860,140,0.14,0.06399388926726533
736,868,132,0.132,0.06780562409920093
704,852,148,0.148,0.06578342459947453
744,872,128,0.128,0.06834207280067495
740,870,130,0.13,0.07716292545979377
748,874,126,0.126,0.05261789511877578
760,880,120,0.12,0.0689048483791994
760,880,120,0.12,0.06094360445119673
750,875,125,0.125,0.06350918734673178
698,849,151,0.151,0.07522424813883845
694,847,153,0.153,0.06966797202103771
738,869,131,0.131,0.07851521105488064
672,836,164,0.164,0.06692567855818198
736,868,132,0.132,0.08578647088362777
712,856,144,0.144,0.07760583991988096
818,909,91,0.091,0.06725586152949836
776,888,112,0.112,0.06806587080254393
750,875,125,0.125,0.06425306773802732
698,849,151,0.151,0.07576102858962258
762,881,119,0.119,0.060486564686114436
760,880,120,0.12,0.07184221476537642
694,847,153,0.153,0.06686158557894668
672,836,164,0.164,0.07092397077544592
712,856,144,0.144,0.06511952004121849
768,884,116,0.116,0.07549666971317492
750,875,125,0.125,0.08141864198469558
744,872,128,0.128,0.06620843914482975
702,851,149,0.149,0.07110019423035556
696,848,152,0.152,0.07097008888062556
712,856,144,0.144,0.07138338512321935
800,900,100,0.1,0.07756254349248774
702,851,149,0.149,0.06852839001189569
700,850,150,0.15,0.057289851058973
744,872,128,0.128,0.06840309206556412
796,898,102,0.102,0.06618059433571762
710,855,145,0.145,0.06227966437980649
754,877,123,0.123,0.06205506699247053
732,866,134,0.134,0.056925615826025025
700,850,150,0.15,0.0689391136825434
700,850,150,0.15,0.06668028567358851
784,892,108,0.108,0.07085741902771406
684,842,158,0.158,0.07826655152312015
746,873,127,0.127,0.07498187393236731
740,870,130,0.13,0.07306546399055515
694,847,153,0.153,0.06759370675036916
770,885,115,0.115,0.06690274641453288
756,878,122,0.122,0.061330877152424364
670,835,165,0.165,0.07522334055881948
718,859,141,0.141,0.07240615930140484
782,891,109,0.109,0.06647987717337674
670,835,165,0.165,0.07314646253666433
714,857,143,0.143,0.08184449145017425
774,887,113,0.113,0.07124141495832009
720,860,140,0.14,0.0760347420302569
736,868,132,0.132,0.07432297801156529
702,851,149,0.149,0.07323845585691742
774,887,113,0.113,0.06780781911406666
704,852,148,0.148,0.07267677011194974
740,870,130,0.13,0.06169125821723719
702,851,149,0.149,0.07139714756875765
720,860,140,0.14,0.07396326730886357
736,868,132,0.132,0.06200529124331661
710,855,145,0.145,0.0653659545981791
752,876,124,0.124,0.06479383589886129
746,873,127,0.127,0.07003973170810787
648,824,176,0.176,0.07518591615883634
752,876,124,0.124,0.08475303068815265
706,853,147,0.147,0.06906332789815496
680,840,160,0.16,0.06769631666986242
682,841,159,0.159,0.06749433231807779
692,846,154,0.154,0.07485022000729805
736,868,132,0.132,0.06786135136673693
802,901,99,0.099,0.06494501491589472
740,870,130,0.13,0.06130913751322078
762,881,119,0.119,0.05517776885308558
778,889,111,0.111,0.05366963100229623
656,828,172,0.172,0.058582504787831564
760,880,120,0.12,0.0641064340032899
736,868,132,0.132,0.05954756962074316
768,884,116,0.116,0.06179674335353775
760,880,120,0.12,0.06026068963864236
714,857,143,0.143,0.06423417111305753
726,863,137,0.137,0.0629655207163014
802,901,99,0.099,0.06211739731917623
690,845,155,0.155,0.056368033095175636
718,859,141,0.141,0.058173892588616584
750,875,125,0.125,0.0516619707912323
750,875,125,0.125,0.052063473380494545
732,866,134,0.134,0.06241280767178978
694,847,153,0.153,0.06311614640470362
654,827,173,0.173,0.0656673618190689
746,873,127,0.127,0.053389877859095575
742,871,129,0.129,0.05756981899529273
714,857,143,0.143,0.06845028540375643
720,860,140,0.14,0.06376658687368035
728,864,136,0.136,0.060279187095671656
790,895,105,0.105,0.05669468308554497
744,872,128,0.128,0.056416156887426044
738,869,131,0.131,0.05117974419757956
708,854,146,0.146,0.052172338011383546
698,849,151,0.151,0.04790344314940739
776,888,112,0.112,0.04824623029727809
774,887,113,0.113,0.05807056063023629
688,844,156,0.156,0.06471552343279473
766,883,117,0.117,0.051095464601530693
760,880,120,0.12,0.054111137815649274
722,861,139,0.139,0.06034762351971585
686,843,157,0.157,0.05731810952661908
718,859,141,0.141,0.05518068222736474
696,848,152,0.152,0.06166932133946102
736,868,132,0.132,0.06500485658133402
752,876,124,0.124,0.0652471820154169
754,877,123,0.123,0.0581287153957528
732,866,134,0.134,0.05596755200627376
728,864,136,0.136,0.05839828024432063
758,879,121,0.121,0.051816660520329606
726,863,137,0.137,0.062102368515406854
752,876,124,0.124,0.057436808926460796
728,864,136,0.136,0.052756979608224355
740,870,130,0.13,0.046561163225458585
744,872,128,0.128,0.04718168878936558
682,841,159,0.159,0.05098817227132167
726,863,137,0.137,0.062246524483067334
768,884,116,0.116,0.0711052802654449
704,852,148,0.148,0.06826451663626358
752,876,124,0.124,0.07192642199959665
740,870,130,0.13,0.061221209440380335
710,855,145,0.145,0.05191507243542583
734,867,133,0.133,0.04953524080247735
742,871,129,0.129,0.05488633846770972
758,879,121,0.121,0.05178513155301334
696,848,152,0.152,0.057524706893687834
782,891,109,0.109,0.05400447685498511
744,872,128,0.128,0.05544606693086098
744,872,128,0.128,0.047743288943674994
722,861,139,0.139,0.05712979740089213
686,843,157,0.157,0.054806202736999696
764,882,118,0.118,0.06321620308369165
694,847,153,0.153,0.06335913011565572
762,881,119,0.119,0.06257773808232742
728,864,136,0.136,0.05889069410142838
730,865,135,0.135,0.05944737673315103
726,863,137,0.137,0.06185987517918693
730,865,135,0.135,0.056677244046673875
746,873,127,0.127,0.06110049860610161
700,850,150,0.15,0.06244442957523279
698,849,151,0.151,0.05387440549384337
728,864,136,0.136,0.055699308453069536
712,856,144,0.144,0.06347112721548183
756,878,122,0.122,0.056365930366475366
746,873,127,0.127,0.053695031128168924
732,866,134,0.134,0.050751455059828005
642,821,179,0.179,0.060960224756039676
714,857,143,0.143,0.06643937710672616
724,862,138,0.138,0.06548638970655156
758,879,121,0.121,0.07239846018987009
740,870,130,0.13,0.06422309886181028
732,866,134,0.134,0.06745643495371041
698,849,151,0.151,0.06566972547103068
714,857,143,0.143,0.0650749591581407
736,868,132,0.132,0.06296275739418343
726,863,137,0.137,0.060183731958502906
732,866,134,0.134,0.05877583934918221
654,827,173,0.173,0.06165189670622931
772,886,114,0.114,0.06731276247516507
742,871,129,0.129,0.06016026741923997
754,877,123,0.123,0.06372847558523062
698,849,151,0.151,0.061877887158072555
728,864,136,0.136,0.060080121468170544
756,878,122,0.122,0.05869198623870034
800,900,100,0.1,0.05830964383175888
762,881,119,0.119,0.055940772221481895
698,849,151,0.151,0.05504875095133321
746,873,127,0.127,0.05231940666487207
740,870,130,0.13,0.05417694042803487
710,855,145,0.145,0.06543706661823671
750,875,125,0.125,0.0652308323867037
722,861,139,0.139,0.06009326013998361
804,902,98,0.098,0.06287925132911186
716,858,142,0.142,0.061324269377495515
752,876,124,0.124,0.05053991792503803
684,842,158,0.158,0.05068663270556135
710,855,145,0.145,0.050362105548148975
726,863,137,0.137,0.06330160400655586
694,847,153,0.153,0.05884922603238374
764,882,118,0.118,0.06619916634843685
738,869,131,0.131,0.07116814169022836
730,865,135,0.135,0.05898281850537751
726,863,137,0.137,0.06665328379522543
714,857,143,0.143,0.06168513989663916
706,853,147,0.147,0.06297404199332232
716,858,142,0.142,0.050060027753701435
736,868,132,0.132,0.05427579413546482
752,876,124,0.124,0.05885441512048419
744,872,128,0.128,0.05933696000807686
670,835,165,0.165,0.0638829750099103
716,858,142,0.142,0.07283980464868364
764,882,118,0.118,0.06484146775270347
778,889,111,0.111,0.06336735264828894
678,839,161,0.161,0.06539519910316449
746,873,127,0.127,0.05578248061460909
708,854,146,0.146,0.0554466580809094
724,862,138,0.138,0.0519314250400057
750,875,125,0.125,0.06421870573666093
766,883,117,0.117,0.05756045479583554
720,860,140,0.14,0.05843820835155202
772,886,114,0.114,0.05647647197911283
750,875,125,0.125,0.05885308050917229
696,848,152,0.152,0.056017243544454684
700,850,150,0.15,0.060200661380717065
774,887,113,0.113,0.054947119028132874
680,840,160,0.16,0.0703008173872513
692,846,154,0.154,0.0686772165573202
704,852,148,0.148,0.06374803560017608
748,874,126,0.126,0.06471179042133736
744,872,128,0.128,0.06386266282880387
720,860,140,0.14,0.06046081321674865
768,884,116,0.116,0.0643444819941651
744,872,128,0.128,0.06342092757020146
762,881,119,0.119,0.05133115434956562
756,878,122,0.122,0.04999483218666865
816,908,92,0.092,0.055004521147115154
748,874,126,0.126,0.04792739540332695
710,855,145,0.145,0.05583041345141828
770,885,115,0.115,0.05390378414967563
762,881,119,0.119,0.05118368705344619
734,867,133,0.133,0.05144202933489578
716,858,142,0.142,0.06326490009506233
720,860,140,0.14,0.0665354937032098
692,846,154,0.154,0.06520068469794933
764,882,118,0.118,0.06482810680754483
740,870,130,0.13,0.060807894165860486
766,883,117,0.117,0.05447598177252803
754,877,123,0.123,0.05500988401653012
696,848,152,0.152,0.045609494938049465
748,874,126,0.126,0.05161122069583507
766,883,117,0.117,0.04653275428529014
748,874,126,0.126,0.052850371300650296
758,879,121,0.121,0.05217345344100613
734,867,133,0.133,0.05388021667423891
768,884,116,0.116,0.05673945399885997
700,850,150,0.15,0.059975917516101616
692,846,154,0.154,0.057258486158156305
724,862,138,0.138,0.059124341442715375
760,880,120,0.12,0.05932405610857677
748,874,126,0.126,0.051348267061810476
764,882,118,0.118,0.05758856381528312
736,868,132,0.132,0.04609980240151344
710,855,145,0.145,0.05374186684014421
716,858,142,0.142,0.04403561273639207
708,854,146,0.146,0.04873572003626032
764,882,118,0.118,0.054702258065808564
694,847,153,0.153,0.06594536352329305
736,868,132,0.132,0.065923042207025
724,862,138,0.138,0.06012795131839812
746,873,127,0.127,0.056855026981094854
700,850,150,0.15,0.061129685890628026
664,832,168,0.168,0.06432306005156715
734,867,133,0.133,0.05480692248721607
748,874,126,0.126,0.058287906597892285
726,863,137,0.137,0.07198848481848837
740,870,130,0.13,0.059512607802636924
682,841,159,0.159,0.06541120108845644
722,861,139,0.139,0.06210373486037133
794,897,103,0.103,0.05200339573383098
728,864,136,0.136,0.06101814529896365
728,864,136,0.136,0.05981542559927766
720,860,140,0.14,0.0551641983538575
730,865,135,0.135,0.05536622445227113
684,842,158,0.158,0.06055611588724423
714,857,143,0.143,0.06402785000827863
698,849,151,0.151,0.054056104304559996
740,870,130,0.13,0.06616848778858549
730,865,135,0.135,0.058438382078020365
718,859,141,0.141,0.06144178748558625
772,886,114,0.114,0.06740536759069073
708,854,146,0.146,0.06311213733465411
748,874,126,0.126,0.05857986764234374
776,888,112,0.112,0.06260442061029607
768,884,116,0.116,0.04495090612961212
722,861,139,0.139,0.04679695320868632
766,883,117,0.117,0.04644672137495945
776,888,112,0.112,0.046433990525431
776,888,112,0.112,0.055236169618088755
716,858,142,0.142,0.05394220403913642
712,856,144,0.144,0.06344794963524328
670,835,165,0.165,0.06523423205385916
774,887,113,0.113,0.05364405938412529
716,858,142,0.142,0.060496958371193614
760,880,120,0.12,0.05734864332235884
770,885,115,0.115,0.0590971844325104
752,876,124,0.124,0.05083737161988393
796,898,102,0.102,0.05162341729569016
716,858,142,0.142,0.047059889816562644
708,854,146,0.146,0.045019184293603756
692,846,154,0.154,0.06415140100820281
710,855,145,0.145,0.05505916961855837
720,860,140,0.14,0.06367131631192752
718,859,141,0.141,0.0572529537397495
754,877,123,0.123,0.07210097123542801
674,837,163,0.163,0.06492261517373844
768,884,116,0.116,0.058224113103235144
750,875,125,0.125,0.06253489542403258
706,853,147,0.147,0.04694249719977233
698,849,151,0.151,0.04104492232640768
770,885,115,0.115,0.041862034334684724
746,873,127,0.127,0.042892438471200875
738,869,131,0.131,0.053870380484615454
696,848,152,0.152,0.055020648393430745
758,879,121,0.121,0.04894483652274357
756,878,122,0.122,0.05836516170826508
708,854,146,0.146,0.05460980947513599
702,851,149,0.149,0.055814645745558666
738,869,131,0.131,0.05042155749045196
804,902,98,0.098,0.05189945838402491
734,867,133,0.133,0.049603455784963446
764,882,118,0.118,0.05258426803367911
734,867,133,0.133,0.04780414099973859
668,834,166,0.166,0.04772864329855656
734,867,133,0.133,0.05325828718181583
758,879,121,0.121,0.05372600039246026
752,876,124,0.124,0.05484813261288218
710,855,145,0.145,0.05879072353395168
750,875,125,0.125,0.055667197019211016
718,859,141,0.141,0.06092574945607339
670,835,165,0.165,0.05116406955372076
714,857,143,0.143,0.05241958127834369
724,862,138,0.138,0.05655058791715419
740,870,130,0.13,0.049549482903428727
702,851,149,0.149,0.05540542056221602
738,869,131,0.131,0.05235496260999935
692,846,154,0.154,0.06141171828476945
708,854,146,0.146,0.06000407171301776
680,840,160,0.16,0.060727035967749546
766,883,117,0.117,0.06064905378286494
706,853,147,0.147,0.05664123908546753
760,880,120,0.12,0.05291260444704676
724,862,138,0.138,0.05037619645323139
712,856,144,0.144,0.04888769147341372
730,865,135,0.135,0.04828160715987906
756,878,122,0.122,0.049055013557896016
750,875,125,0.125,0.050118764043596456
726,863,137,0.137,0.05564772093994543
700,850,150,0.15,0.058946414239704606
738,869,131,0.131,0.0567384081344353
748,874,126,0.126,0.048729802847607064
754,877,123,0.123,0.04954268257941294
740,870,130,0.13,0.04266379634081386
778,889,111,0.111,0.04819269508344587
714,857,143,0.143,0.043794362408732926
694,847,153,0.153,0.05222402732499177
768,884,116,0.116,0.051059439046497575
706,853,147,0.147,0.054396876743296164
754,877,123,0.123,0.059865169143420646
744,872,128,0.128,0.056626523370621726
710,855,145,0.145,0.05182618579082191
772,886,114,0.114,0.04969009327354434
738,869,131,0.131,0.050806498178222685
778,889,111,0.111,0.04075589281279827
754,877,123,0.123,0.045389690488009365
744,872,128,0.128,0.050032373932306654
702,851,149,0.149,0.04772514125879388
788,894,106,0.106,0.0461760642155441
712,856,144,0.144,0.05178122518328018
730,865,135,0.135,0.054430221065238586
734,867,133,0.133,0.05162949627439957
724,862,138,0.138,0.054910874904424416
720,860,140,0.14,0.050130108077340994
764,882,118,0.118,0.04360486115748063
714,857,143,0.143,0.03989959300798364
760,880,120,0.12,0.044241218817885966
718,859,141,0.141,0.05312202426342265
744,872,128,0.128,0.04916287026309874
708,854,146,0.146,0.04767832015830208
688,844,156,0.156,0.054654259810165966
736,868,132,0.132,0.0433677110086428
746,873,127,0.127,0.04588811734691262
770,885,115,0.115,0.04571687482162088
708,854,146,0.146,0.046820090101100505
706,853,147,0.147,0.0391987192834822
768,884,116,0.116,0.0366077265785425
712,856,144,0.144,0.04066610279910674
732,866,134,0.134,0.04196576216653921
704,852,148,0.148,0.04766202423351933
688,844,156,0.156,0.04574199997195683
708,854,146,0.146,0.05016339815128595
704,852,148,0.148,0.05040127514826599
720,860,140,0.14,0.05536679170769639
644,822,178,0.178,0.05333673240162898
728,864,136,0.136,0.04442652428772999
632,816,184,0.184,0.05386573328950908
714,857,143,0.143,0.050930725115526
744,872,128,0.128,0.048625690568878784
752,876,124,0.124,0.043331711571721825
710,855,145,0.145,0.04395768927678
754,877,123,0.123,0.03617229138917173
782,891,109,0.109,0.03335219401096765
690,845,155,0.155,0.03430986279153149
690,845,155,0.155,0.03977399938047165
712,856,144,0.144,0.04447593347623478
698,849,151,0.151,0.044817023197399976
702,851,149,0.149,0.0477685361369513
726,863,137,0.137,0.04433015002240427
782,891,109,0.109,0.04081196556793293
756,878,122,0.122,0.037999834298912905
718,859,141,0.141,0.037364604911184866
764,882,118,0.118,0.036343646448105574
740,870,130,0.13,0.03409636610859888
770,885,115,0.115,0.030525750906032954
786,893,107,0.107,0.032302062882488825
736,868,132,0.132,0.0358910055183951
708,854,146,0.146,0.05162242098935531
694,847,153,0.153,0.04929268438433064
722,861,139,0.139,0.04793634078931063
770,885,115,0.115,0.0471687831004383
782,891,109,0.109,0.03669479918736033
674,837,163,0.163,0.04581107923365198
726,863,137,0.137,0.0420098843582673
758,879,121,0.121,0.04028709741967032
734,867,133,0.133,0.038419391767674824
722,861,139,0.139,0.04090270900254836
790,895,105,0.105,0.04025257202790817
722,861,139,0.139,0.04431711989454925
768,884,116,0.116,0.044550436981946405
684,842,158,0.158,0.04625106670032255
704,852,148,0.148,0.043055568212876094
734,867,133,0.133,0.04010028819262516
700,850,150,0.15,0.042842432083853056
690,845,155,0.155,0.04188577602829901
732,866,134,0.134,0.04307555438193958
780,890,110,0.11,0.038613605997903505
730,865,135,0.135,0.05088296566705685
682,841,159,0.159,0.04586283965910843
748,874,126,0.126,0.04239535133657046
720,860,140,0.14,0.04244947131772642
726,863,137,0.137,0.03880672445119126
714,857,143,0.143,0.04112117881310405
758,879,121,0.121,0.04380332368711243
720,860,140,0.14,0.047125322710955514
708,854,146,0.146,0.03993273244040756
738,869,131,0.131,0.03717095509324645
770,885,115,0.115,0.03574011907484965
718,859,141,0.141,0.03933319512140588
740,870,130,0.13,0.046276854784693566
748,874,126,0.126,0.04689501755029778
696,848,152,0.152,0.04740224875381682
696,848,152,0.152,0.04670212282289867
746,873,127,0.127,0.045761281203929687
720,860,140,0.14,0.04708959201510879
730,865,135,0.135,0.045644672496157
722,861,139,0.139,0.044685725426999855
684,842,158,0.158,0.04364222714360221
686,843,157,0.157,0.04351491209391315
700,850,150,0.15,0.04273980042766198
804,902,98,0.098,0.035006044999026924
708,854,146,0.146,0.04491545977513306
722,861,139,0.139,0.043187922695695304
720,860,140,0.14,0.04778926099120872
716,858,142,0.142,0.04912965826934669
764,882,118,0.118,0.049388850075949446
718,859,141,0.141,0.044872480851699946
712,856,144,0.144,0.04077094167614996
738,869,131,0.131,0.04650517598597798
712,856,144,0.144,0.040962312939518596
700,850,150,0.15,0.042086347986652985
776,888,112,0.112,0.043425648461969106
720,860,140,0.14,0.04009846025290608
694,847,153,0.153,0.05192633151129121
750,875,125,0.125,0.047320641065074595
684,842,158,0.158,0.056356485442287524
782,891,109,0.109,0.048365946789970624
716,858,142,0.142,0.04257110753684538
722,861,139,0.139,0.04177230729591975
732,866,134,0.134,0.03826786959634046
738,869,131,0.131,0.042215720024367326
786,893,107,0.107,0.03702960516458552
740,870,130,0.13,0.04401142330560833
742,871,129,0.129,0.04389134800247848
682,841,159,0.159,0.042101337274187245
744,872,128,0.128,0.04265372113964986
754,877,123,0.123,0.04715681574551854
706,853,147,0.147,0.0484153358284384
720,860,140,0.14,0.056398390040325465
718,859,141,0.141,0.04720059731241781
712,856,144,0.144,0.04233280592149822
736,868,132,0.132,0.045213432494434526
698,849,151,0.151,0.0449299978466006
754,877,123,0.123,0.0391499510837466
746,873,127,0.127,0.03811415570988902
730,865,135,0.135,0.0424804824150051
762,881,119,0.119,0.037231708888110004
734,867,133,0.133,0.04331751305051148
702,851,149,0.149,0.05139418657240458
704,852,148,0.148,0.05718250905058812
752,876,124,0.124,0.04534014028625097
740,870,130,0.13,0.05161743836804817
686,843,157,0.157,0.04689027401735075
714,857,143,0.143,0.04224513092919369
708,854,146,0.146,0.0477324900743115
684,842,158,0.158,0.04475636504037538
670,835,165,0.165,0.050444585493241906
706,853,147,0.147,0.04836192982736975
726,863,137,0.137,0.041623496916377914
700,850,150,0.15,0.04801213139676838
742,871,129,0.129,0.04405668553279247
710,855,145,0.145,0.045075753812212495
716,858,142,0.142,0.04668372520449338
750,875,125,0.125,0.04533753576967865
712,856,144,0.144,0.042332510547887066
722,861,139,0.139,0.04043466061720392
702,851,149,0.149,0.04211467568401713
708,854,146,0.146,0.044958179783658125
752,876,124,0.124,0.0450645240630256
746,873,127,0.127,0.04619264373264741
706,853,147,0.147,0.04385466496086156
732,866,134,0.134,0.041170722519920676
700,850,150,0.15,0.04191959586556186
738,869,131,0.131,0.04495172364061
720,860,140,0.14,0.03888378520727565
724,862,138,0.138,0.04151471750752535
748,874,126,0.126,0.04415033186587971
766,883,117,0.117,0.04053430459392257
800,900,100,0.1,0.04104293411935214
774,887,113,0.113,0.034145967069955076
678,839,161,0.161,0.04027017674758099
788,894,106,0.106,0.03391914116946282
710,855,145,0.145,0.03781331443632371
738,869,131,0.131,0.04950336824214537
742,871,129,0.129,0.04806941150551211
726,863,137,0.137,0.047071299157338216
742,871,129,0.129,0.042264063399285075
728,864,136,0.136,0.041063988285837696
700,850,150,0.15,0.04768106005618756
658,829,171,0.171,0.046317729185801
738,869,131,0.131,0.04089163846592419
746,873,127,0.127,0.040156768197237395
762,881,119,0.119,0.044079358948511074
770,885,115,0.115,0.04411802345048636
736,868,132,0.132,0.04489371940959245
758,879,121,0.121,0.03853091466383193
710,855,145,0.145,0.04075677598186303
748,874,126,0.126,0.03729988619932555
756,878,122,0.122,0.037744127453595865
704,852,148,0.148,0.04556990734068677
756,878,122,0.122,0.049182105906074865
672,836,164,0.164,0.05096506356936879
712,856,144,0.144,0.05248145331250271
778,889,111,0.111,0.04498012327495962
720,860,140,0.14,0.05194032538159809
684,842,158,0.158,0.0492665188596875
710,855,145,0.145,0.04937540822289884
726,863,137,0.137,0.038744565624103416
828,914,86,0.086,0.03434572751782253
726,863,137,0.137,0.036639344597351735
728,864,136,0.136,0.03889943800547917
758,879,121,0.121,0.03976832202325022
704,852,148,0.148,0.041678336027645854
722,861,139,0.139,0.044501405602961314
730,865,135,0.135,0.04211891360767186
680,840,160,0.16,0.0489278591995826
732,866,134,0.134,0.05105540114850737
722,861,139,0.139,0.046465838286851066
698,849,151,0.151,0.04747430691152112
740,870,130,0.13,0.04405526367097627
706,853,147,0.147,0.04925385846584686
790,895,105,0.105,0.04065729587740498
742,871,129,0.129,0.0413940365985618
762,881,119,0.119,0.04098875106719788
746,873,127,0.127,0.03708483082667226
756,878,122,0.122,0.03641870862938231
700,850,150,0.15,0.042435067411046475
774,887,113,0.113,0.046411703175515864
718,859,141,0.141,0.053627104816841895
704,852,148,0.148,0.051680005791189615
740,870,130,0.13,0.04974912465387024
684,842,158,0.158,0.047993926130526235
698,849,151,0.151,0.03950131683255313
792,896,104,0.104,0.04039786613221804
734,867,133,0.133,0.04163494862653897
708,854,146,0.146,0.03826090256414318
714,857,143,0.143,0.047679860080592336
720,860,140,0.14,0.04604776608353132
706,853,147,0.147,0.04413793277624063
742,871,129,0.129,0.048666242135106584
708,854,146,0.146,0.050948009381536395
652,826,174,0.174,0.04686753160977969
772,886,114,0.114,0.052210205215844324
774,887,113,0.113,0.03982189148245379
726,863,137,0.137,0.04069002738790004
758,879,121,0.121,0.0389880458280677
742,871,129,0.129,0.04072232238244033
738,869,131,0.131,0.04179251134488732
714,857,143,0.143,0.040895905330748064
714,857,143,0.143,0.04458444698058884
752,876,124,0.124,0.04739901794720208
782,891,109,0.109,0.04280513162096031
724,862,138,0.138,0.037623377357202115
742,871,129,0.129,0.04476702186721377
724,862,138,0.138,0.04534989659488201
740,870,130,0.13,0.041980096124229024
728,864,136,0.136,0.038598726690572224
742,871,129,0.129,0.036580505749967414
750,875,125,0.125,0.04277153276556055
740,870,130,0.13,0.043552011615684026
716,858,142,0.142,0.048753181943495295
710,855,145,0.145,0.04805700767406961
662,831,169,0.169,0.05563509574625641
762,881,119,0.119,0.05134143455701996
718,859,141,0.141,0.04812973380833864
752,876,124,0.124,0.04735040543787181
740,870,130,0.13,0.04615898258329253
704,852,148,0.148,0.03862106405798113
690,845,155,0.155,0.039156485366256676
778,889,111,0.111,0.03596822158695431
746,873,127,0.127,0.03862101979565341
730,865,135,0.135,0.04627039261884056
738,869,131,0.131,0.048944325388001746
758,879,121,0.121,0.04837983472854103
732,866,134,0.134,0.04292846525006462
708,854,146,0.146,0.038724777469586115
722,861,139,0.139,0.040131839316272816
720,860,140,0.14,0.0404937040299119
676,838,162,0.162,0.04021516173586133
742,871,129,0.129,0.05239162090758327
698,849,151,0.151,0.05065852746134624
756,878,122,0.122,0.052343796906381614
728,864,136,0.136,0.0501156574008055
726,863,137,0.137,0.03978894739414682
672,836,164,0.164,0.041238791201729325
750,875,125,0.125,0.03451489942421904
698,849,151,0.151,0.0371029658781772
710,855,145,0.145,0.04535305003845133
766,883,117,0.117,0.03868422684248071
780,890,110,0.11,0.03734626845404273
732,866,134,0.134,0.03623515022126958
742,871,129,0.129,0.03482364236566354
696,848,152,0.152,0.03726212086941814
680,840,160,0.16,0.03968167814883054
756,878,122,0.122,0.03932282525365008
728,864,136,0.136,0.04633700586220948
726,863,137,0.137,0.05011884827038739
742,871,129,0.129,0.05142565815278795
744,872,128,0.128,0.045178483429830524
742,871,129,0.129,0.03893133038561791
768,884,116,0.116,0.032885646011782226
708,854,146,0.146,0.033296802074473816
728,864,136,0.136,0.029756409821551644
666,833,167,0.167,0.04753860311734025
744,872,128,0.128,0.04525831643166021
692,846,154,0.154,0.049557204524753616
702,851,149,0.149,0.0502876930119819
716,858,142,0.142,0.04887770468229428
756,878,122,0.122,0.04142233957661665
758,879,121,0.121,0.03604542686115019
676,838,162,0.162,0.0434408883859287
738,869,131,0.131,0.039986079649650494
728,864,136,0.136,0.038177592566644304
746,873,127,0.127,0.03779401490993041
694,847,153,0.153,0.043255211089155636
696,848,152,0.152,0.046607349573343525
738,869,131,0.131,0.04873952340241522
732,866,134,0.134,0.049435257051722144
754,877,123,0.123,0.04610505969886435
724,862,138,0.138,0.04180556904396508
682,841,159,0.159,0.043941082354052925
720,860,140,0.14,0.0421280498363194
656,828,172,0.172,0.04566334612376522
670,835,165,0.165,0.05284676337966812
752,876,124,0.124,0.04980637611921702
694,847,153,0.153,0.0509532195397187
716,858,142,0.142,0.0542377660489874
696,848,152,0.152,0.04828331226191949
746,873,127,0.127,0.0401149501701002
734,867,133,0.133,0.03492609663344774
736,868,132,0.132,0.034444912429404215
726,863,137,0.137,0.044580584377399646
704,852,148,0.148,0.044575966984732075
746,873,127,0.127,0.044918725038238336
718,859,141,0.141,0.047080555896274745
792,896,104,0.104,0.042729797694308215
748,874,126,0.126,0.03903292144203442
770,885,115,0.115,0.0399466994303657
700,850,150,0.15,0.036588731495721734
752,876,124,0.124,0.03263101373541576
668,834,166,0.166,0.03899212951489608
716,858,142,0.142,0.035060640765354034
694,847,153,0.153,0.04377228827631916
742,871,129,0.129,0.0547589942952618
740,870,130,0.13,0.046494748664670627
706,853,147,0.147,0.04823881842044648
726,863,137,0.137,0.05148383448424283
698,849,151,0.151,0.04433384584635496
718,859,141,0.141,0.04127024106786121
714,857,143,0.143,0.04000690533965826
682,841,159,0.159,0.04265285836148541
740,870,130,0.13,0.043548345235860327
760,880,120,0.12,0.03685136023009545
698,849,151,0.151,0.04354644240037305
698,849,151,0.151,0.04536273168178741
672,836,164,0.164,0.04177641607623082
786,893,107,0.107,0.043485962461214514
734,867,133,0.133,0.03972632195265032
722,861,139,0.139,0.0418150876192376
720,860,140,0.14,0.03947895563044585
708,854,146,0.146,0.03792794520047028
704,852,148,0.148,0.03909282685602375
738,869,131,0.131,0.03507854178966954
732,866,134,0.134,0.03982941124145873
736,868,132,0.132,0.040970820890739564
692,846,154,0.154,0.04111579009174602
746,873,127,0.127,0.03892540714179631
630,815,185,0.185,0.0413202052670531
742,871,129,0.129,0.046082979055936446
722,861,139,0.139,0.0446572183216922
694,847,153,0.153,0.04230091996211559
724,862,138,0.138,0.042532420297095086
744,872,128,0.128,0.03462446978921071
752,876,124,0.124,0.034260392438882264
708,854,146,0.146,0.04136125055333832
760,880,120,0.12,0.029856004685163497
700,850,150,0.15,0.03301794413290918
768,884,116,0.116,0.03486267759924522
716,858,142,0.142,0.032197927057410196
748,874,126,0.126,0.042056675783824174
768,884,116,0.116,0.044043176109174964
666,833,167,0.167,0.04211267935566138
760,880,120,0.12,0.03931528815999627
736,868,132,0.132,0.030440998694248263
782,891,109,0.109,0.028475227789596828
810,905,95,0.095,0.02540354288497474
736,868,132,0.132,0.026689573399315124
776,888,112,0.112,0.03178136220817396
710,855,145,0.145,0.03442036406090483
784,892,108,0.108,0.0344883924004389
760,880,120,0.12,0.035304827057785586
702,851,149,0.149,0.034236288957530635
750,875,125,0.125,0.029497708578710445
760,880,120,0.12,0.030789970085148523
692,846,154,0.154,0.03085637628872064
728,864,136,0.136,0.03717065168049885
768,884,116,0.116,0.035463298003945966
820,910,90,0.09,0.03634411311557051
742,871,129,0.129,0.036988767155911775
724,862,138,0.138,0.036180855211539895
750,875,125,0.125,0.030314986799203324
700,850,150,0.15,0.031849277005065235
760,880,120,0.12,0.03014350792084588
694,847,153,0.153,0.04234308243112173
716,858,142,0.142,0.04364348783146124
732,866,134,0.134,0.04077856849943055
754,877,123,0.123,0.0387753241113387
770,885,115,0.115,0.032983028092741735
754,877,123,0.123,0.032951832672712046
762,881,119,0.119,0.02961273296462605
740,870,130,0.13,0.02981132480717497
718,859,141,0.141,0.033871403359939
730,865,135,0.135,0.03429587342786544
764,882,118,0.118,0.031763753230683506
664,832,168,0.168,0.041204877881216816
756,878,122,0.122,0.039718149389955215
728,864,136,0.136,0.03935870323324343
752,876,124,0.124,0.0347142973721202
732,866,134,0.134,0.03665696286660386
726,863,137,0.137,0.0326596308139051
722,861,139,0.139,0.031640327859116954
764,882,118,0.118,0.030206918430689258
692,846,154,0.154,0.037104009234404656
724,862,138,0.138,0.037427795882395004
724,862,138,0.138,0.03697256916496554
752,876,124,0.124,0.03456954828996095
738,869,131,0.131,0.03833613965686527
706,853,147,0.147,0.03533205398439895
706,853,147,0.147,0.029615040685865096
736,868,132,0.132,0.03199479671416339
734,867,133,0.133,0.0344268127338728
704,852,148,0.148,0.03875723620428471
756,878,122,0.122,0.04113174564990914
714,857,143,0.143,0.043857406840310434
756,878,122,0.122,0.04032726360438391
754,877,123,0.123,0.02962030047958251
738,869,131,0.131,0.03291368156159297
740,870,130,0.13,0.028206948017294054
698,849,151,0.151,0.03062449961938546
748,874,126,0.126,0.036468528498080556
696,848,152,0.152,0.03619059857982211
762,881,119,0.119,0.039472522878437305
696,848,152,0.152,0.04066500143939629
714,857,143,0.143,0.03823466118221404
726,863,137,0.137,0.03573625593647012
758,879,121,0.121,0.03170097829637234
742,871,129,0.129,0.03170815841038711
728,864,136,0.136,0.029807811306221992
748,874,126,0.126,0.03218431566777872
720,860,140,0.14,0.034728277811780575
714,857,143,0.143,0.03600777318223845
722,861,139,0.139,0.042209786350445935
774,887,113,0.113,0.03464442732627503
688,844,156,0.156,0.04080387661000714
712,856,144,0.144,0.04200098469352815
690,845,155,0.155,0.03366979148905375
686,843,157,0.157,0.035458920575561936
724,862,138,0.138,0.03702608244516887
740,870,130,0.13,0.03283651870675385
704,852,148,0.148,0.03675687470880803
800,900,100,0.1,0.03516703400229744
740,870,130,0.13,0.034051623622945046
738,869,131,0.131,0.03239183673897059
742,871,129,0.129,0.03043397814378841
780,890,110,0.11,0.02878982227499364
716,858,142,0.142,0.029791724821785465
724,862,138,0.138,0.029364625733229333
698,849,151,0.151,0.04005250069813337
698,849,151,0.151,0.04285123197961366
704,852,148,0.148,0.04640767261851579
690,845,155,0.155,0.047826020532287655
688,844,156,0.156,0.04259009615232935
714,857,143,0.143,0.03907455223076977
736,868,132,0.132,0.03378842670994345
758,879,121,0.121,0.031938246602352595
792,896,104,0.104,0.027999666563613572
706,853,147,0.147,0.03111826111470873
712,856,144,0.144,0.0316045667717699
766,883,117,0.117,0.03155861822195584
786,893,107,0.107,0.03325016336870613
758,879,121,0.121,0.035560791382798926
772,886,114,0.114,0.03165140175982378
726,863,137,0.137,0.034296856919652785
750,875,125,0.125,0.033331074442947285
714,857,143,0.143,0.03487208980123978
688,844,156,0.156,0.03566763810021803
704,852,148,0.148,0.03571872678108048
742,871,129,0.129,0.037317733416042755
736,868,132,0.132,0.04038714530214202
734,867,133,0.133,0.03630591729399748
726,863,137,0.137,0.0375848495514947
734,867,133,0.133,0.032397895417176185
750,875,125,0.125,0.03219014842278557
788,894,106,0.106,0.03191476587962825
728,864,136,0.136,0.03172993389517069
762,881,119,0.119,0.03216235176686314
714,857,143,0.143,0.03279489142681996
700,850,150,0.15,0.033945761586073785
768,884,116,0.116,0.031028617164178287
714,857,143,0.143,0.042236706299125217
720,860,140,0.14,0.037960196723986886
658,829,171,0.171,0.04458809383597691
678,839,161,0.161,0.04617394945397973
800,900,100,0.1,0.03317965016377275
718,859,141,0.141,0.037279179958743046
784,892,108,0.108,0.033644561176057325
766,883,117,0.117,0.030810012108464433
730,865,135,0.135,0.02962774593141512
730,865,135,0.135,0.028764146928384436
724,862,138,0.138,0.03126940980798099
772,886,114,0.114,0.03334835997596383
776,888,112,0.112,0.0354798184792744
746,873,127,0.127,0.038432785834709646
688,844,156,0.156,0.03892205209255917
762,881,119,0.119,0.03135387222183635
762,881,119,0.119,0.03158692651154706
686,843,157,0.157,0.03787893308600178
712,856,144,0.144,0.03659955964691471
710,855,145,0.145,0.0362983229936799
768,884,116,0.116,0.03944536569400225
730,865,135,0.135,0.041729787354881406
772,886,114,0.114,0.03649885773123242
730,865,135,0.135,0.03684528540901374
746,873,127,0.127,0.030224952462074725
722,861,139,0.139,0.02966634938836796
760,880,120,0.12,0.03115123819425935
784,892,108,0.108,0.029628425668692216
744,872,128,0.128,0.034039019748452116
728,864,136,0.136,0.03676341468677856
726,863,137,0.137,0.03940174195403233
740,870,130,0.13,0.0390997298553848
750,875,125,0.125,0.03267562700912822
748,874,126,0.126,0.03384564193125698
756,878,122,0.122,0.03234533521078992
728,864,136,0.136,0.03333625194622437
738,869,131,0.131,0.0321955891201942
790,895,105,0.105,0.03343260487623047
702,851,149,0.149,0.032606765601434745
694,847,153,0.153,0.035821319805574604
752,876,124,0.124,0.03815120496065356
686,843,157,0.157,0.03993505060614552
696,848,152,0.152,0.040349457306903785
760,880,120,0.12,0.03538673451490468
686,843,157,0.157,0.037673777247197
706,853,147,0.147,0.03479623239405919
786,893,107,0.107,0.03079748427425511
750,875,125,0.125,0.036489130622067024
720,860,140,0.14,0.036884923870195055
780,890,110,0.11,0.03334149446245283
722,861,139,0.139,0.034389380529522895
670,835,165,0.165,0.032641181795566805
726,863,137,0.137,0.03855563481306308
724,862,138,0.138,0.0415408920358168
752,876,124,0.124,0.04017381534079323
690,845,155,0.155,0.045858484193799086
750,875,125,0.125,0.0432771846910473
680,840,160,0.16,0.04036417378135957
770,885,115,0.115,0.03553357146447524
730,865,135,0.135,0.033584283743985
756,878,122,0.122,0.03132807815744309
718,859,141,0.141,0.03399924486561213
748,874,126,0.126,0.03510067894155509
734,867,133,0.133,0.03823185000923695
748,874,126,0.126,0.03787786897830665
750,875,125,0.125,0.040959060404915364
682,841,159,0.159,0.041827446618000974
734,867,133,0.133,0.039017324542044665
718,859,141,0.141,0.03910692097235005
660,830,170,0.17,0.04012725986982696
746,873,127,0.127,0.04045894703723025
692,846,154,0.154,0.04267485002870672
754,877,123,0.123,0.04186005384277087
750,875,125,0.125,0.039626974317710846
714,857,143,0.143,0.037835678723757156
766,883,117,0.117,0.03503431285521947
730,865,135,0.135,0.034843959316262045
710,855,145,0.145,0.0372486862775404
718,859,141,0.141,0.03360648502485128
722,861,139,0.139,0.03656340959732188
692,846,154,0.154,0.045759917754447085
758,879,121,0.121,0.040758983247564176
704,852,148,0.148,0.04415979445248377
708,854,146,0.146,0.04533929164917208
698,849,151,0.151,0.03920320282154716
736,868,132,0.132,0.0362675737804966
694,847,153,0.153,0.0358618107009388
760,880,120,0.12,0.03372706977603957
706,853,147,0.147,0.03783916286943713
738,869,131,0.131,0.036922585484397134
788,894,106,0.106,0.03489640986511949
772,886,114,0.114,0.03638139854982728
740,870,130,0.13,0.034122903852141465
700,850,150,0.15,0.034033834107220176
776,888,112,0.112,0.031474269021244256
730,865,135,0.135,0.040924095614580436
778,889,111,0.111,0.038088116433355024
696,848,152,0.152,0.038638076957664455
752,876,124,0.124,0.0370027004602598
716,858,142,0.142,0.03591091981035424
752,876,124,0.124,0.033134753147896844
784,892,108,0.108,0.032260726003383755
736,868,132,0.132,0.03506487454648595
778,889,111,0.111,0.03133590511372313
744,872,128,0.128,0.030190977521939204
740,870,130,0.13,0.03390833614283474
708,854,146,0.146,0.03840407722152304
726,863,137,0.137,0.036032725549302994
776,888,112,0.112,0.03697225335397525
716,858,142,0.142,0.03834098383877426
704,852,148,0.148,0.03595588031929219
792,896,104,0.104,0.030800419449311448
720,860,140,0.14,0.030121676826267502
732,866,134,0.134,0.030022635525849183
726,863,137,0.137,0.02987285249622073
746,873,127,0.127,0.030889277707901782
748,874,126,0.126,0.03788048688846175
756,878,122,0.122,0.036223775615449996
752,876,124,0.124,0.03736219129047822
736,868,132,0.132,0.03314514904946554
704,852,148,0.148,0.03183024646987906
680,840,160,0.16,0.03306032810965553
702,851,149,0.149,0.03661656941880938
758,879,121,0.121,0.03416046031797305
704,852,148,0.148,0.03857675374357496
740,870,130,0.13,0.03792499076790409
746,873,127,0.127,0.03146718769497238
684,842,158,0.158,0.03535578613250982
692,846,154,0.154,0.038549311492592095
728,864,136,0.136,0.04083240452012978
706,853,147,0.147,0.04090821009728825
732,866,134,0.134,0.0413378221137682
786,893,107,0.107,0.03230731158517301
748,874,126,0.126,0.02977634495322127
712,856,144,0.144,0.029813585407770005
696,848,152,0.152,0.027164823616592913
690,845,155,0.155,0.033516256811330095
730,865,135,0.135,0.034983642844832505
746,873,127,0.127,0.0398010631998186
702,851,149,0.149,0.04235630649319501
742,871,129,0.129,0.043426146401790905
690,845,155,0.155,0.04345274895231705
746,873,127,0.127,0.039179265650338496
690,845,155,0.155,0.038549029327579774
742,871,129,0.129,0.033410910344100556
686,843,157,0.157,0.03691386939329095
786,893,107,0.107,0.030661048281996044
744,872,128,0.128,0.03424662529211491
720,860,140,0.14,0.02987756092165364
730,865,135,0.135,0.03202793188142823
768,884,116,0.116,0.029628373199375346
770,885,115,0.115,0.03312580686155707
712,856,144,0.144,0.03742926610971335
704,852,148,0.148,0.03531547341501573
682,841,159,0.159,0.03842566262034234
772,886,114,0.114,0.03199400910010445
742,871,129,0.129,0.03299814764451003
760,880,120,0.12,0.02982729494886007
768,884,116,0.116,0.026365683955722488
696,848,152,0.152,0.027704938159615267
716,858,142,0.142,0.032684105420019476
690,845,155,0.155,0.035096263175364587
720,860,140,0.14,0.04117748074361589
786,893,107,0.107,0.03970295551570598
766,883,117,0.117,0.038675763657782226
748,874,126,0.126,0.03369026337331161
740,870,130,0.13,0.032235313263139685
716,858,142,0.142,0.026806772562325932
734,867,133,0.133,0.027720899111096514
710,855,145,0.145,0.03260855197624187
736,868,132,0.132,0.03648928786662873
812,906,94,0.094,0.03511494091758505
686,843,157,0.157,0.03955053163485718
778,889,111,0.111,0.036186378657701426
758,879,121,0.121,0.0336768824794126
706,853,147,0.147,0.029457695515593515
750,875,125,0.125,0.03225757970457198
694,847,153,0.153,0.031677296906666014
706,853,147,0.147,0.035598032617475836
744,872,128,0.128,0.03667739216634072
734,867,133,0.133,0.0395602034899639
744,872,128,0.128,0.035121669318177735
702,851,149,0.149,0.037537485223962
756,878,122,0.122,0.029494760438683442
740,870,130,0.13,0.02994846953341039
736,868,132,0.132,0.03151015170995379
726,863,137,0.137,0.030407681545359083
788,894,106,0.106,0.03108088699373184
736,868,132,0.132,0.033359331221086905
710,855,145,0.145,0.03357324739382602
716,858,142,0.142,0.035097024414106275
802,901,99,0.099,0.029520899318158628
762,881,119,0.119,0.02676219426951138
708,854,146,0.146,0.02978926318907179
750,875,125,0.125,0.02713381258316804
770,885,115,0.115,0.028928681689445512
672,836,164,0.164,0.0417184325393755
778,889,111,0.111,0.040122502316720786
742,871,129,0.129,0.0450225016779732
710,855,145,0.145,0.03721105663315393
730,865,135,0.135,0.03265208163583884
756,878,122,0.122,0.02639771206548903
766,883,117,0.117,0.025698441544751403
734,867,133,0.133,0.027476517287548633
736,868,132,0.132,0.030871236771752592
758,879,121,0.121,0.03307909295696299
720,860,140,0.14,0.03576719271636102
746,873,127,0.127,0.03626642288698349
742,871,129,0.129,0.03494148194795707
712,856,144,0.144,0.03128782496839994
768,884,116,0.116,0.02825587318523321
722,861,139,0.139,0.026479822681751104
698,849,151,0.151,0.030891902319563087
720,860,140,0.14,0.03556135515155256
714,857,143,0.143,0.03713988054567017
736,868,132,0.132,0.04064726772590075
756,878,122,0.122,0.03760246810255921
720,860,140,0.14,0.03308775526640238
776,888,112,0.112,0.028659661272016818
744,872,128,0.128,0.023102521350461758
706,853,147,0.147,0.02519313410890754
748,874,126,0.126,0.029879536084874418
734,867,133,0.133,0.030959924383001634
694,847,153,0.153,0.04066368796757888
748,874,126,0.126,0.03988939059094992
684,842,158,0.158,0.041169230867410075
722,861,139,0.139,0.03651760698761791
724,862,138,0.138,0.03142083270708099
710,855,145,0.145,0.03351210444257595
754,877,123,0.123,0.02941502497458714
742,871,129,0.129,0.02885087328450754
792,896,104,0.104,0.0241047158051515
756,878,122,0.122,0.02311607471681782
728,864,136,0.136,0.02651690031340695
772,886,114,0.114,0.02463466003665235
752,876,124,0.124,0.026956372772809118
744,872,128,0.128,0.03179465399926994
774,887,113,0.113,0.02878238470235374
752,876,124,0.124,0.028605011312058195
736,868,132,0.132,0.029533781557227485
700,850,150,0.15,0.030537301032221877
742,871,129,0.129,0.03178945640142774
766,883,117,0.117,0.03389218132046517
716,858,142,0.142,0.031336718044942244
686,843,157,0.157,0.03298007996042725
680,840,160,0.16,0.03152200332644861
772,886,114,0.114,0.028957284194941167
730,865,135,0.135,0.031690155960503036
784,892,108,0.108,0.030264900211637722
744,872,128,0.128,0.028453926031826997
816,908,92,0.092,0.024874843799043447
764,882,118,0.118,0.02470231393123686
740,870,130,0.13,0.026490061494812835
706,853,147,0.147,0.030499464803840966
732,866,134,0.134,0.02999223588441964
734,867,133,0.133,0.03522465853052563
728,864,136,0.136,0.036015463006682694
720,860,140,0.14,0.03276744341378799
740,870,130,0.13,0.03315789818263147
754,877,123,0.123,0.02636048297365778
704,852,148,0.148,0.026748897309938912
726,863,137,0.137,0.027291181027248968
732,866,134,0.134,0.02812580449396046
754,877,123,0.123,0.030469721665838733
752,876,124,0.124,0.03426844796573278
704,852,148,0.148,0.036349284362397156
722,861,139,0.139,0.03538094541837927
706,853,147,0.147,0.0350207105310401
724,862,138,0.138,0.03353496002854081
712,856,144,0.144,0.02907179561682278
718,859,141,0.141,0.03044913343945518
784,892,108,0.108,0.028295728585391772
728,864,136,0.136,0.028594934184628072
688,844,156,0.156,0.034098243308719245
746,873,127,0.127,0.033113433016929775
722,861,139,0.139,0.03478084882942494
758,879,121,0.121,0.03254017064368236
742,871,129,0.129,0.02916958970937412
740,870,130,0.13,0.026611964434792752
740,870,130,0.13,0.025821901249990332
724,862,138,0.138,0.025521167569211686
752,876,124,0.124,0.027503858397132718
714,857,143,0.143,0.02987334889016347
702,851,149,0.149,0.03570886885409709
726,863,137,0.137,0.03661282872001175
728,864,136,0.136,0.03570133450313005
712,856,144,0.144,0.03582218573841965
736,868,132,0.132,0.031420770189142785
702,851,149,0.149,0.02804079446764081
756,878,122,0.122,0.027348488942545372
780,890,110,0.11,0.02841836590017192
688,844,156,0.156,0.03409329785092268
666,833,167,0.167,0.036057698092598005
690,845,155,0.155,0.0400528813963756
762,881,119,0.119,0.03997714494774118
668,834,166,0.166,0.04120187410595827
704,852,148,0.148,0.03667247165043955
704,852,148,0.148,0.037374853753339266
708,854,146,0.146,0.0339521030698088
712,856,144,0.144,0.032124089498538524
726,863,137,0.137,0.03216135050193407
742,871,129,0.129,0.0331469741652254
730,865,135,0.135,0.03118872578625451
690,845,155,0.155,0.03365569626237266
728,864,136,0.136,0.03257700199936517
708,854,146,0.146,0.034807130674249495
672,836,164,0.164,0.036037635928485544
718,859,141,0.141,0.03345932792581152
734,867,133,0.133,0.03363751833571587
726,863,137,0.137,0.03310973934060894
776,888,112,0.112,0.03257963895087596
710,855,145,0.145,0.03267760294873733
720,860,140,0.14,0.031149172308854757
708,854,146,0.146,0.029635722802719103
680,840,160,0.16,0.032518066987628116
686,843,157,0.157,0.03692954659392126
704,852,148,0.148,0.03865197152469773
742,871,129,0.129,0.03529560913646128
672,836,164,0.164,0.041143524570507
742,871,129,0.129,0.030982714942831082
726,863,137,0.137,0.03177741166134365
678,839,161,0.161,0.029621814163401722
740,870,130,0.13,0.029388546549133025
732,866,134,0.134,0.03290865846927045
672,836,164,0.164,0.03696377187524922
714,857,143,0.143,0.03747015145723708
734,867,133,0.133,0.03835669869341655
704,852,148,0.148,0.0351044923409645
740,870,130,0.13,0.031175659460946917
740,870,130,0.13,0.02810216205776669
740,870,130,0.13,0.026422460060799496
730,865,135,0.135,0.029885489595821126
716,858,142,0.142,0.03312475013284711
714,857,143,0.143,0.03753593265890959
728,864,136,0.136,0.039338807354099115
770,885,115,0.115,0.03753655511001125
682,841,159,0.159,0.041296326076102556
784,892,108,0.108,0.031204397510140553
800,900,100,0.1,0.027376025878067593
736,868,132,0.132,0.024246437365058226
752,876,124,0.124,0.024962147858546814
750,875,125,0.125,0.026757146923220718
654,827,173,0.173,0.03255549720773706
708,854,146,0.146,0.03572618864791002
726,863,137,0.137,0.038217951745260506
764,882,118,0.118,0.03482039695116691
690,845,155,0.155,0.03807391763292253
736,868,132,0.132,0.02723490694674547
728,864,136,0.136,0.027307867015711963
798,899,101,0.101,0.024421053814468904
684,842,158,0.158,0.02909117860882543
798,899,101,0.101,0.028838522249716333
734,867,133,0.133,0.03316771636673366
760,880,120,0.12,0.02939014227426378
726,863,137,0.137,0.03187206072815024
712,856,144,0.144,0.028813788482686505
738,869,131,0.131,0.029149309145170263
714,857,143,0.143,0.030267258278559892
744,872,128,0.128,0.030239900646032766
726,863,137,0.137,0.038665869543561715
722,861,139,0.139,0.038824168453924356
708,854,146,0.146,0.04082288940920262
744,872,128,0.128,0.035366167398984544
742,871,129,0.129,0.028314420662762133
698,849,151,0.151,0.026858199709749897
716,858,142,0.142,0.025593479918781668
732,866,134,0.134,0.027338044114760124
682,841,159,0.159,0.03554086712875869
714,857,143,0.143,0.03471936753578484
732,866,134,0.134,0.03703648121881997
694,847,153,0.153,0.037112110273796135
722,861,139,0.139,0.03349114059761632
698,849,151,0.151,0.03511831408756552
678,839,161,0.161,0.03510102702712174
760,880,120,0.12,0.030865794226236174
706,853,147,0.147,0.030701186082675122
812,906,94,0.094,0.025911315306497273
686,843,157,0.157,0.027804320570314303
758,879,121,0.121,0.024848283804079982
732,866,134,0.134,0.028528000077814794
772,886,114,0.114,0.026841641083010473
710,855,145,0.145,0.030822589997318572
728,864,136,0.136,0.030771503958152608
714,857,143,0.143,0.03064528182533104
718,859,141,0.141,0.03004169857001398
766,883,117,0.117,0.027308855667710304
732,866,134,0.134,0.02837481724936515
742,871,129,0.129,0.026668639110052027
712,856,144,0.144,0.028233503146562724
730,865,135,0.135,0.027696899282804225
750,875,125,0.125,0.026547428543388377
736,868,132,0.132,0.029509987654222643
736,868,132,0.132,0.026716126428102144
720,860,140,0.14,0.02625323652831139
742,871,129,0.129,0.026344366585719398
716,858,142,0.142,0.028311649158771615
656,828,172,0.172,0.028621749765472486
748,874,126,0.126,0.028256046853843145
732,866,134,0.134,0.03225786398304626
694,847,153,0.153,0.03225034256797517
746,873,127,0.127,0.03196370205190033
684,842,158,0.158,0.03019660044379998
748,874,126,0.126,0.026118761663208714
732,866,134,0.134,0.030335085700557103
696,848,152,0.152,0.030584934559301474
684,842,158,0.158,0.03384354443661869
704,852,148,0.148,0.03179791504290188
748,874,126,0.126,0.030806495059398004
748,874,126,0.126,0.02810059936030302
734,867,133,0.133,0.02738513773982413
764,882,118,0.118,0.024198476053039486
740,870,130,0.13,0.02504618548823055
730,865,135,0.135,0.023269428857485765
702,851,149,0.149,0.02640328302211128
704,852,148,0.148,0.028617961821728388
830,915,85,0.085,0.025796693845419213
792,896,104,0.104,0.02637413742847275
710,855,145,0.145,0.028103204824728893
718,859,141,0.141,0.02494509102916345
746,873,127,0.127,0.02183552852118737
754,877,123,0.123,0.022410908597754315
708,854,146,0.146,0.02774673973908648
716,858,142,0.142,0.02869620361394482
678,839,161,0.161,0.02860129548353143
754,877,123,0.123,0.028120911796286237
780,890,110,0.11,0.02628078350436408
744,872,128,0.128,0.02416426163467986
708,854,146,0.146,0.024886116475856396
768,884,116,0.116,0.02337825013755355
770,885,115,0.115,0.02530453840648988
710,855,145,0.145,0.028443669491098264
762,881,119,0.119,0.02766915999742923
736,868,132,0.132,0.027451810121478046
750,875,125,0.125,0.02585354609542992
746,873,127,0.127,0.022360689861001447
750,875,125,0.125,0.023829123641480692
756,878,122,0.122,0.02336620458716061
712,856,144,0.144,0.028416782779502683
774,887,113,0.113,0.026885715198819524
756,878,122,0.122,0.028516127806389704
756,878,122,0.122,0.023323957997607066
772,886,114,0.114,0.022061133025679736
764,882,118,0.118,0.02140796238562325
742,871,129,0.129,0.020371195814979728
728,864,136,0.136,0.022979865473636892
774,887,113,0.113,0.02251840453792829
716,858,142,0.142,0.024873849268187767
778,889,111,0.111,0.025357161072897726
772,886,114,0.114,0.025249847191385923
710,855,145,0.145,0.02683583488065051
708,854,146,0.146,0.02760356280882843
692,846,154,0.154,0.02678455797128845
746,873,127,0.127,0.02520753590995446
736,868,132,0.132,0.023238273604074492
740,870,130,0.13,0.02467309686448425
774,887,113,0.113,0.025107309398124927
710,855,145,0.145,0.025143930850783362
760,880,120,0.12,0.025354000439750963
710,855,145,0.145,0.02618702125013806
694,847,153,0.153,0.02696436765708495
770,885,115,0.115,0.023701144622871654
730,865,135,0.135,0.025006401052640286
716,858,142,0.142,0.025246675762347875
770,885,115,0.115,0.02365609242534265
748,874,126,0.126,0.023269920601160267
716,858,142,0.142,0.0225847509255982
778,889,111,0.111,0.021032747849356385
788,894,106,0.106,0.021638402640324784
730,865,135,0.135,0.02354897552559851
782,891,109,0.109,0.022935635721485596
728,864,136,0.136,0.022683146600669717
738,869,131,0.131,0.022857284072495532
792,896,104,0.104,0.023324778079404494
742,871,129,0.129,0.026012220544856975
726,863,137,0.137,0.025953043104032986
726,863,137,0.137,0.02581008832727093
708,854,146,0.146,0.02664084306062432
700,850,150,0.15,0.029204589000670238
714,857,143,0.143,0.026899673094507307
782,891,109,0.109,0.02328617620887235
720,860,140,0.14,0.023874736844700237
764,882,118,0.118,0.02368947208550526
746,873,127,0.127,0.022646740958327426
726,863,137,0.137,0.02388648207683582
754,877,123,0.123,0.024761061835801228
704,852,148,0.148,0.02580591266549891
704,852,148,0.148,0.028140087906213012
690,845,155,0.155,0.032492878168821335
726,863,137,0.137,0.030320741932024248
706,853,147,0.147,0.031010836476110852
814,907,93,0.093,0.027455418291094248
740,870,130,0.13,0.02347874839178985
810,905,95,0.095,0.02163904284191085
782,891,109,0.109,0.018145085111464142
702,851,149,0.149,0.01804205315528088
746,873,127,0.127,0.022461802008678207
716,858,142,0.142,0.023137312195176493
722,861,139,0.139,0.03059514851786662
728,864,136,0.136,0.032090703244204634
772,886,114,0.114,0.028078825776057782
764,882,118,0.118,0.02863536312695942
742,871,129,0.129,0.021277245134289843
716,858,142,0.142,0.02202993234898895
718,859,141,0.141,0.022345918046194128
724,862,138,0.138,0.02392303415981587
710,855,145,0.145,0.031203136450843886
746,873,127,0.127,0.026758337620762178
670,835,165,0.165,0.03397467956901528
718,859,141,0.141,0.031475383615354076
762,881,119,0.119,0.023853870717226527
800,900,100,0.1,0.019257663198339287
708,854,146,0.146,0.020452658670023084
768,884,116,0.116,0.01904713577858638
790,895,105,0.105,0.018043047016253696
732,866,134,0.134,0.020996153233922087
768,884,116,0.116,0.02198197706916835
734,867,133,0.133,0.026785719950567
718,859,141,0.141,0.027728951631579547
734,867,133,0.133,0.025267100022931116
736,868,132,0.132,0.027173253876972014
718,859,141,0.141,0.024609552686917596
714,857,143,0.143,0.024988148940785323
766,883,117,0.117,0.020255095115047878
698,849,151,0.151,0.02361505102676165
732,866,134,0.134,0.026275320727960207
790,895,105,0.105,0.02403011750697624
698,849,151,0.151,0.029038162056327563
728,864,136,0.136,0.02562415836279979
768,884,116,0.116,0.022435535493248608
738,869,131,0.131,0.020103098615276396
726,863,137,0.137,0.02247077395679662
728,864,136,0.136,0.02229503785149427
706,853,147,0.147,0.023669385004090146
776,888,112,0.112,0.023515165104414336
736,868,132,0.132,0.02547031012183288
738,869,131,0.131,0.02576310754858423
762,881,119,0.119,0.024750353576033376
742,871,129,0.129,0.020462750998303816
696,848,152,0.152,0.022269900805549695
724,862,138,0.138,0.02236287057417212
724,862,138,0.138,0.02408612662210362
684,842,158,0.158,0.03084482658863999
736,868,132,0.132,0.029755748754658272
748,874,126,0.126,0.0310881503225537
742,871,129,0.129,0.02740312271506991
732,866,134,0.134,0.02479482564155478
716,858,142,0.142,0.02152913144021295
788,894,106,0.106,0.01919828227063408
690,845,155,0.155,0.022531793723406735
688,844,156,0.156,0.029152362306718714
764,882,118,0.118,0.03157891968684271
684,842,158,0.158,0.03504668127803598
708,854,146,0.146,0.03376061920297798
724,862,138,0.138,0.032793840858561456
740,870,130,0.13,0.029501731590367855
760,880,120,0.12,0.025546223194163758
754,877,123,0.123,0.02473753406223841
692,846,154,0.154,0.021495070818113162
820,910,90,0.09,0.019547485750023044
724,862,138,0.138,0.02206716615654295
776,888,112,0.112,0.021677118101913948
742,871,129,0.129,0.02930514105921611
734,867,133,0.133,0.030364398884295953
774,887,113,0.113,0.03298213701252826
694,847,153,0.153,0.03335275558102876
738,869,131,0.131,0.024342927566962318
790,895,105,0.105,0.01877214228338562
778,889,111,0.111,0.017400176766852384
794,897,103,0.103,0.016817641671164892
720,860,140,0.14,0.023419989202928263
730,865,135,0.135,0.02430502085288754
772,886,114,0.114,0.025051704992831218
740,870,130,0.13,0.028539194857235998
726,863,137,0.137,0.03131225125712808
756,878,122,0.122,0.029798328035278245
708,854,146,0.146,0.02875026888330467
726,863,137,0.137,0.023731342483719345
784,892,108,0.108,0.019369045601924883
708,854,146,0.146,0.023817907096643467
728,864,136,0.136,0.02503952023125021
688,844,156,0.156,0.030910691103199498
680,840,160,0.16,0.03501368488790468
736,868,132,0.132,0.033436877361265945
670,835,165,0.165,0.03379193301266059
740,870,130,0.13,0.02976590476554702
776,888,112,0.112,0.0245136889150599
736,868,132,0.132,0.022358478623500558
726,863,137,0.137,0.022765836498292627
748,874,126,0.126,0.020877499138878194
726,863,137,0.137,0.024525386568071555
718,859,141,0.141,0.02941608420945704
682,841,159,0.159,0.03297718779498245
764,882,118,0.118,0.03423560102004558
778,889,111,0.111,0.03205664190626703
656,828,172,0.172,0.030358664789935572
778,889,111,0.111,0.02545701320422813
724,862,138,0.138,0.02352652472211048
726,863,137,0.137,0.0234247576231719
688,844,156,0.156,0.026615798488608563
742,871,129,0.129,0.026639795710972976
650,825,175,0.175,0.03617533937387634
718,859,141,0.141,0.03632892189966515
754,877,123,0.123,0.03364289810182527
724,862,138,0.138,0.0322383756141644
690,845,155,0.155,0.026377045514411293
802,901,99,0.099,0.018871960334290633
676,838,162,0.162,0.02469113502764958
726,863,137,0.137,0.02416945356898941
680,840,160,0.16,0.029314605372783263
714,857,143,0.143,0.03374553344113519
724,862,138,0.138,0.03401508302008733
688,844,156,0.156,0.035502253255806866
708,854,146,0.146,0.02886015776696149
708,854,146,0.146,0.026550204697996377
732,866,134,0.134,0.02483312858850695
704,852,148,0.148,0.02374959861993557
704,852,148,0.148,0.02559086787891283
746,873,127,0.127,0.02648710841673892
730,865,135,0.135,0.02500378802861087
734,867,133,0.133,0.025952876301598735
706,853,147,0.147,0.024639977892336903
670,835,165,0.165,0.027018057143635817
748,874,126,0.126,0.02699335791321937
722,861,139,0.139,0.029355829797452316
760,880,120,0.12,0.02800345071987249
694,847,153,0.153,0.0304539934276836
726,863,137,0.137,0.028585101343691348
718,859,141,0.141,0.02852888877270743
764,882,118,0.118,0.026209000429313165
718,859,141,0.141,0.02384194214042509
712,856,144,0.144,0.022412041983800007
706,853,147,0.147,0.022927210167050363
732,866,134,0.134,0.02302452102524694
802,901,99,0.099,0.024611102858849335
730,865,135,0.135,0.027820590041344986
712,856,144,0.144,0.027609597234404645
756,878,122,0.122,0.025701820850139483
708,854,146,0.146,0.02392552597669419
742,871,129,0.129,0.02264157307991991
706,853,147,0.147,0.022555524738214445
760,880,120,0.12,0.02081573843647493
650,825,175,0.175,0.029514178685931255
690,845,155,0.155,0.03265566642896738
702,851,149,0.149,0.0314307729518041
708,854,146,0.146,0.036056120245717464
686,843,157,0.157,0.034440557712339795
690,845,155,0.155,0.030777447874541394
718,859,141,0.141,0.027036217729953932
680,840,160,0.16,0.02435298938595224
744,872,128,0.128,0.023207905988267157
788,894,106,0.106,0.021993895936437184
752,876,124,0.124,0.022575743299152237
696,848,152,0.152,0.023536775365355426
730,865,135,0.135,0.021595113360206596
746,873,127,0.127,0.022691331261972664
712,856,144,0.144,0.02399158169608563
732,866,134,0.134,0.02300733393477276
754,877,123,0.123,0.02534170088020619
760,880,120,0.12,0.02458345905225724
746,873,127,0.127,0.025113875010050832
690,845,155,0.155,0.026334345574432518
774,887,113,0.113,0.021098563175532034
772,886,114,0.114,0.02065367537777638
742,871,129,0.129,0.02037835093987087
726,863,137,0.137,0.020707676304504274
710,855,145,0.145,0.02168752307194518
706,853,147,0.147,0.025104059288743884
706,853,147,0.147,0.02696626372379251
770,885,115,0.115,0.024169178629730594
762,881,119,0.119,0.02692355124372989
736,868,132,0.132,0.025663959972560407
718,859,141,0.141,0.026381985598200118
752,876,124,0.124,0.02290665672250907
740,870,130,0.13,0.02003407353145303
744,872,128,0.128,0.02189230333978776
682,841,159,0.159,0.02426439651203691
768,884,116,0.116,0.02516964194725733
750,875,125,0.125,0.025454577622935175
700,850,150,0.15,0.02668711553304456
774,887,113,0.113,0.025271788905083668
754,877,123,0.123,0.020326949126669207
732,866,134,0.134,0.018515058050397784
748,874,126,0.126,0.017806966813048348
768,884,116,0.116,0.01696780067583313
772,886,114,0.114,0.017863200552324997
764,882,118,0.118,0.01872568918345496
748,874,126,0.126,0.020862917121936334
738,869,131,0.131,0.02133454819174949
730,865,135,0.135,0.024322545601986347
732,866,134,0.134,0.024302690978744067
714,857,143,0.143,0.02403127527527977
742,871,129,0.129,0.023948524007108063
754,877,123,0.123,0.021561253790336195
718,859,141,0.141,0.021746107975486664
716,858,142,0.142,0.021307508966419846
704,852,148,0.148,0.018536267719464376
768,884,116,0.116,0.020557728651328943
732,866,134,0.134,0.023810637023067103
752,876,124,0.124,0.02095232134583057
740,870,130,0.13,0.02403334036935121
778,889,111,0.111,0.01810727861203486
686,843,157,0.157,0.01748233352584066
746,873,127,0.127,0.018417951773124514
748,874,126,0.126,0.019059299799322617
740,870,130,0.13,0.020871250291063917
734,867,133,0.133,0.0221829510803218
658,829,171,0.171,0.023707231940235943
774,887,113,0.113,0.02208828899875516
762,881,119,0.119,0.01973489193536807
702,851,149,0.149,0.02232215721422108
748,874,126,0.126,0.02118284557131119
770,885,115,0.115,0.0214704232144868
754,877,123,0.123,0.021306453322584275
712,856,144,0.144,0.02035026051045861
700,850,150,0.15,0.020229758266883436
736,868,132,0.132,0.018826070046517998
740,870,130,0.13,0.017540371438139118
702,851,149,0.149,0.022888378621835726
726,863,137,0.137,0.02432310884987237
716,858,142,0.142,0.025037067504832523
694,847,153,0.153,0.029371580309118146
714,857,143,0.143,0.02655174024309963
746,873,127,0.127,0.026117079765710514
732,866,134,0.134,0.02569914762748522
730,865,135,0.135,0.019198613669897894
710,855,145,0.145,0.0185670256158337
748,874,126,0.126,0.018577328091138042
730,865,135,0.135,0.0206813559938455
772,886,114,0.114,0.02095719042237033
802,901,99,0.099,0.019290293901896804
710,855,145,0.145,0.02189735426119296
714,857,143,0.143,0.021583014525240286
770,885,115,0.115,0.016865190744108985
718,859,141,0.141,0.02148013037868077
722,861,139,0.139,0.022853478609176817
720,860,140,0.14,0.022140104317804797
680,840,160,0.16,0.024773707775922957
744,872,128,0.128,0.02480837547974079
736,868,132,0.132,0.026298963890236338
708,854,146,0.146,0.02587552621541545
756,878,122,0.122,0.020902543209085706
756,878,122,0.122,0.017529002930619753
768,884,116,0.116,0.017862794025597397
706,853,147,0.147,0.019345304525748362
752,876,124,0.124,0.019429041834315285
672,836,164,0.164,0.026250169711303898
750,875,125,0.125,0.02785009133905987
644,822,178,0.178,0.031461252716835586
740,870,130,0.13,0.02754324952675961
746,873,127,0.127,0.025640945225430187
668,834,166,0.166,0.02474490754015278
778,889,111,0.111,0.02145098707667785
698,849,151,0.151,0.0208582577125635
720,860,140,0.14,0.02267146689549554
672,836,164,0.164,0.023737328789080494
732,866,134,0.134,0.02817719772888813
754,877,123,0.123,0.028378827162319795
764,882,118,0.118,0.02845143595209811
656,828,172,0.172,0.031050837494200095
700,850,150,0.15,0.02684808760159649
712,856,144,0.144,0.023388312531169506
744,872,128,0.128,0.01983586541225668
756,878,122,0.122,0.019497949132695792
748,874,126,0.126,0.018688607115007472
750,875,125,0.125,0.0202394799644826
740,870,130,0.13,0.023926241431559903
708,854,146,0.146,0.0258704734891071
718,859,141,0.141,0.028397675262647682
738,869,131,0.131,0.027213725264533424
728,864,136,0.136,0.026304573257802985
734,867,133,0.133,0.022703644024324603
798,899,101,0.101,0.02033294295828091
764,882,118,0.118,0.01769467561681813
760,880,120,0.12,0.018609398945089197
730,865,135,0.135,0.01885564259934472
770,885,115,0.115,0.017512045942654368
730,865,135,0.135,0.021658574428234715
716,858,142,0.142,0.02436978822381934
742,871,129,0.129,0.025167902578483337
700,850,150,0.15,0.025192333954910284
678,839,161,0.161,0.02763915189693216
700,850,150,0.15,0.02841267876792699
700,850,150,0.15,0.029818609876092524
776,888,112,0.112,0.02533285114332102
756,878,122,0.122,0.023550369352276904
716,858,142,0.142,0.022197604557441082
722,861,139,0.139,0.020821866237791257
722,861,139,0.139,0.020592719988082535
680,840,160,0.16,0.023197284751804544
760,880,120,0.12,0.024899393528408836
728,864,136,0.136,0.024742846046749038
752,876,124,0.124,0.026210692430555356
700,850,150,0.15,0.024543585318373515
786,893,107,0.107,0.019963488719949966
784,892,108,0.108,0.018877066306886264
666,833,167,0.167,0.019203382757666986
650,825,175,0.175,0.02195990116003668
750,875,125,0.125,0.022623405755788552
752,876,124,0.124,0.023616032004531006
698,849,151,0.151,0.03222448758000974
730,865,135,0.135,0.029251088846474885
706,853,147,0.147,0.028091266161645763
722,861,139,0.139,0.027043464893242344
748,874,126,0.126,0.021590258699376134
734,867,133,0.133,0.020038253253442235
754,877,123,0.123,0.01843196619139053
672,836,164,0.164,0.020359591508749872
682,841,159,0.159,0.02369961275249807
740,870,130,0.13,0.02592295919766184
772,886,114,0.114,0.02431821127870353
748,874,126,0.126,0.028385627431387547
726,863,137,0.137,0.0249225005999906
732,866,134,0.134,0.018597466981445904
760,880,120,0.12,0.017198309987667016
770,885,115,0.115,0.017792290044075343
706,853,147,0.147,0.018091323831526097
814,907,93,0.093,0.018620701774489136
690,845,155,0.155,0.02242834674421465
710,855,145,0.145,0.022427934592880776
720,860,140,0.14,0.024980039977002887
786,893,107,0.107,0.021792079049977472
788,894,106,0.106,0.021387759949080647
728,864,136,0.136,0.022763733292988034
720,860,140,0.14,0.020774688034493012
754,877,123,0.123,0.017583784265152645
712,856,144,0.144,0.019961537310795394
770,885,115,0.115,0.019170736153027973
750,875,125,0.125,0.02254761353286449
764,882,118,0.118,0.024332888243254275
710,855,145,0.145,0.027444919743575154
702,851,149,0.149,0.026151891006273218
722,861,139,0.139,0.02576669004530413
652,826,174,0.174,0.02741829038679134
738,869,131,0.131,0.02701587640342768
776,888,112,0.112,0.025279373998288064
726,863,137,0.137,0.025376782095176166
710,855,145,0.145,0.02580397773801815
706,853,147,0.147,0.025271842454676518
734,867,133,0.133,0.02572404841601383
666,833,167,0.167,0.025699153265159112
708,854,146,0.146,0.026266798617318274
784,892,108,0.108,0.02565700340748299
720,860,140,0.14,0.02512906272674445
760,880,120,0.12,0.02522337274730671
712,856,144,0.144,0.023451094408053905
728,864,136,0.136,0.019478001679613954
776,888,112,0.112,0.02163830998756748
726,863,137,0.137,0.022287887935177424
698,849,151,0.151,0.02796563629200682
756,878,122,0.122,0.027077228824142367
762,881,119,0.119,0.027765338241821154
640,820,180,0.18,0.031071668975637293
784,892,108,0.108,0.026553606047149514
732,866,134,0.134,0.02239890547620598
744,872,128,0.128,0.02121093254847801
726,863,137,0.137,0.01977341951870767
756,878,122,0.122,0.021872256096743512
738,869,131,0.131,0.02415580120278173
756,878,122,0.122,0.025806393781676887
746,873,127,0.127,0.028008639876614325
714,857,143,0.143,0.028903445253847165
706,853,147,0.147,0.02733803743927274
686,843,157,0.157,0.028058758715866133
720,860,140,0.14,0.027128292019362562
766,883,117,0.117,0.0240776101348456
708,854,146,0.146,0.02751303771592211
774,887,113,0.113,0.026052807875908912
698,849,151,0.151,0.02865328995627351
718,859,141,0.141,0.026924741235678083
754,877,123,0.123,0.0266967061489122
720,860,140,0.14,0.026954313120571897
660,830,170,0.17,0.028531421310734002
770,885,115,0.115,0.02750938265770674
698,849,151,0.151,0.029194575481116772
736,868,132,0.132,0.029165287961193827
726,863,137,0.137,0.030586543795303442
742,871,129,0.129,0.02760639510990586
770,885,115,0.115,0.025977008079760708
732,866,134,0.134,0.025045701218768954
704,852,148,0.148,0.024566240354441108
756,878,122,0.122,0.02406231524114264
718,859,141,0.141,0.02566391509876121
770,885,115,0.115,0.029064914133225102
764,882,118,0.118,0.028996947656734846
734,867,133,0.133,0.02875642798515037
734,867,133,0.133,0.02879111784696579
668,834,166,0.166,0.025331708729092496
744,872,128,0.128,0.023264204552746377
776,888,112,0.112,0.02374858864909038
700,850,150,0.15,0.025351759315701203
716,858,142,0.142,0.028066231703036466
768,884,116,0.116,0.024168406602941103
716,858,142,0.142,0.02460651737381704
728,864,136,0.136,0.024545002542319706
808,904,96,0.096,0.021617642003577204
750,875,125,0.125,0.025918092287436592
662,831,169,0.169,0.023012779967684763
778,889,111,0.111,0.01885381456487812
788,894,106,0.106,0.01863321733646444
748,874,126,0.126,0.019546438281133307
746,873,127,0.127,0.022478263251367026
712,856,144,0.144,0.023133993861731143
732,866,134,0.134,0.0245359058030881
740,870,130,0.13,0.024551182337047065
726,863,137,0.137,0.028534915026510135
734,867,133,0.133,0.027437381286057643
758,879,121,0.121,0.02593385083344765
748,874,126,0.126,0.025868708569207227
716,858,142,0.142,0.022898765033693053
656,828,172,0.172,0.02632882308808621
664,832,168,0.168,0.02873502088629175
764,882,118,0.118,0.02510942542360863
698,849,151,0.151,0.035118084423243996
774,887,113,0.113,0.03257620075531304
786,893,107,0.107,0.029879280362627467
686,843,157,0.157,0.03065466901095351
734,867,133,0.133,0.02244721734675113
750,875,125,0.125,0.022250685839215294
686,843,157,0.157,0.023648430898727382
752,876,124,0.124,0.021746472143247958
688,844,156,0.156,0.030155152085586452
722,861,139,0.139,0.031323605259414765
722,861,139,0.139,0.03150360462768003
746,873,127,0.127,0.03324190473533235
744,872,128,0.128,0.0278480183390202
760,880,120,0.12,0.02192385357513558
736,868,132,0.132,0.0203746039699181
800,900,100,0.1,0.02028362861974165
762,881,119,0.119,0.01765728679065069
738,869,131,0.131,0.021216194622567856
714,857,143,0.143,0.02494601132813841
748,874,126,0.126,0.02378382519306615
722,861,139,0.139,0.027016539876756725
802,901,99,0.099,0.024625217240594792
754,877,123,0.123,0.026840651348931713
732,866,134,0.134,0.027699112134170718
718,859,141,0.141,0.023070816990337334
724,862,138,0.138,0.023150320666201877
734,867,133,0.133,0.024137835308734795
704,852,148,0.148,0.025621851107338445
750,875,125,0.125,0.027338106091017837
728,864,136,0.136,0.02620853555202484
766,883,117,0.117,0.02396013916679658
824,912,88,0.088,0.02315025685215369
728,864,136,0.136,0.019246089958411174
748,874,126,0.126,0.018581861697661226
782,891,109,0.109,0.01783091563367634
776,888,112,0.112,0.017707166690204758
736,868,132,0.132,0.024712828412360978
704,852,148,0.148,0.025020098039647564
762,881,119,0.119,0.026552606276236474
732,866,134,0.134,0.024763316285214387
734,867,133,0.133,0.024961852178210394
712,856,144,0.144,0.02381798454595264
760,880,120,0.12,0.021988622564123945
728,864,136,0.136,0.022427065056166613
702,851,149,0.149,0.02348017647062079
718,859,141,0.141,0.02371449382411083
718,859,141,0.141,0.023231247053830884
778,889,111,0.111,0.022788118821103126
688,844,156,0.156,0.024746085637423674
722,861,139,0.139,0.022482295965077354
736,868,132,0.132,0.02222015820769593
722,861,139,0.139,0.023093902328051627
738,869,131,0.131,0.022196486334200016
750,875,125,0.125,0.021655739180278032
728,864,136,0.136,0.020690005616925192
710,855,145,0.145,0.023177974338759667
724,862,138,0.138,0.021701456980430522
718,859,141,0.141,0.024125488320598378
720,860,140,0.14,0.023406489467131905
694,847,153,0.153,0.025000650644418785
744,872,128,0.128,0.023290979065117425
746,873,127,0.127,0.02226414730009856
666,833,167,0.167,0.023170571602415292
708,854,146,0.146,0.022087982589029706
704,852,148,0.148,0.022618278356501834
738,869,131,0.131,0.02067499273683643
746,873,127,0.127,0.020737823482602835
762,881,119,0.119,0.021307671551709064
746,873,127,0.127,0.02071845101879444
748,874,126,0.126,0.017689644047030016
736,868,132,0.132,0.019198621659597848
704,852,148,0.148,0.019851182454498486
720,860,140,0.14,0.01996623652812559
730,865,135,0.135,0.021705209863954224
758,879,121,0.121,0.022441021631238983
728,864,136,0.136,0.023222541040333455
742,871,129,0.129,0.020622028112062252
770,885,115,0.115,0.018370379991130902
768,884,116,0.116,0.017488072724125232
714,857,143,0.143,0.019469919035909698
730,865,135,0.135,0.017360017364058875
708,854,146,0.146,0.01823087594943354
704,852,148,0.148,0.018805573160469068
750,875,125,0.125,0.019687776235339696
712,856,144,0.144,0.02551444270287175
736,868,132,0.132,0.023892307569505646
718,859,141,0.141,0.02404672972037224
698,849,151,0.151,0.02407070666993968
786,893,107,0.107,0.01819696102605667
742,871,129,0.129,0.017890039775811602
686,843,157,0.157,0.017367567631416024
792,896,104,0.104,0.015451073603879194
690,845,155,0.155,0.020298846673278605
704,852,148,0.148,0.023285353306448087
700,850,150,0.15,0.021917717119300507
748,874,126,0.126,0.02328491169482004
718,859,141,0.141,0.027405743199866266
768,884,116,0.116,0.023163252253085374
762,881,119,0.119,0.02313921772595495
734,867,133,0.133,0.017668264513486066
772,886,114,0.114,0.014333656218106625
740,870,130,0.13,0.015351720399572513
742,871,129,0.129,0.01609327806730289
742,871,129,0.129,0.021319486631662585
686,843,157,0.157,0.023492451120866464
714,857,143,0.143,0.022111410532379524
748,874,126,0.126,0.022718561330693773
788,894,106,0.106,0.018738839572994038
706,853,147,0.147,0.0196734229925205
722,861,139,0.139,0.01841662326740334
722,861,139,0.139,0.016644782778283115
760,880,120,0.12,0.02019730735034682
720,860,140,0.14,0.019745239852854864
734,867,133,0.133,0.02230603512469679
784,892,108,0.108,0.01968743246747181
774,887,113,0.113,0.01737731177027308
724,862,138,0.138,0.018822646793589227
746,873,127,0.127,0.01605191143223783
708,854,146,0.146,0.01826207973016426
732,866,134,0.134,0.021411142246448436
736,868,132,0.132,0.022689836486417335
716,858,142,0.142,0.027997864509234204
720,860,140,0.14,0.028316494098398835
690,845,155,0.155,0.028816323703620583
688,844,156,0.156,0.027085871660208795
724,862,138,0.138,0.02171566665219143
700,850,150,0.15,0.025731068068998865
738,869,131,0.131,0.020668380046845413
674,837,163,0.163,0.022473753963771742
758,879,121,0.121,0.020826087888563053
658,829,171,0.171,0.022534593470976687
788,894,106,0.106,0.019445961611374515
760,880,120,0.12,0.020200825856416485
728,864,136,0.136,0.02465816658840049
722,861,139,0.139,0.023895709949079903
700,850,150,0.15,0.023256302823952864
692,846,154,0.154,0.02575829190609511
724,862,138,0.138,0.026317142302636057
702,851,149,0.149,0.0256454618308926
698,849,151,0.151,0.02646162506355904
704,852,148,0.148,0.02645148524828255
728,864,136,0.136,0.023485835207044146
762,881,119,0.119,0.022214966295287013
728,864,136,0.136,0.022149099180067425
662,831,169,0.169,0.021108906325651332
742,871,129,0.129,0.021525413466384636
784,892,108,0.108,0.022849644836154766
716,858,142,0.142,0.02383510123193264
742,871,129,0.129,0.027380059426650404
724,862,138,0.138,0.022276031443907413
720,860,140,0.14,0.02135474293300649
686,843,157,0.157,0.02265783472696785
730,865,135,0.135,0.018681917416950456
770,885,115,0.115,0.018371681927528697
782,891,109,0.109,0.019625937850272748
678,839,161,0.161,0.020104732818261254
720,860,140,0.14,0.020728431056835687
748,874,126,0.126,0.02015644501330098
720,860,140,0.14,0.020264103076566245
766,883,117,0.117,0.01893303992319852
760,880,120,0.12,0.020131338231032716
758,879,121,0.121,0.01961644696543226
746,873,127,0.127,0.018649843201623297
702,851,149,0.149,0.018825813877338077
730,865,135,0.135,0.023875715623260477
748,874,126,0.126,0.02217211961193243
750,875,125,0.125,0.02170655092294328
726,863,137,0.137,0.020141767309920396
742,871,129,0.129,0.018069146181689574
758,879,121,0.121,0.01613914546719752
748,874,126,0.126,0.016524167335475796
776,888,112,0.112,0.015540128308406566
750,875,125,0.125,0.01772710661491146
736,868,132,0.132,0.02007630662812153
732,866,134,0.134,0.0206962613647338
712,856,144,0.144,0.02279904877720401
758,879,121,0.121,0.023217040054267273
696,848,152,0.152,0.02495673875755165
760,880,120,0.12,0.023717293535009957
734,867,133,0.133,0.022774941943236628
762,881,119,0.119,0.017511540891719052
742,871,129,0.129,0.01787280741747236
734,867,133,0.133,0.018839455018984153
748,874,126,0.126,0.01693753323207784
758,879,121,0.121,0.020904491911409424
756,878,122,0.122,0.02323470951942727
700,850,150,0.15,0.023703272907529025
726,863,137,0.137,0.023693528403993695
760,880,120,0.12,0.024318577443016694
688,844,156,0.156,0.027379237201064825
660,830,170,0.17,0.027743104069028048
774,887,113,0.113,0.022685646752011963
682,841,159,0.159,0.024014584700460546
738,869,131,0.131,0.022901016341871583
746,873,127,0.127,0.022160931019228884
710,855,145,0.145,0.023112532002152877
736,868,132,0.132,0.02389265918172896
668,834,166,0.166,0.025339913927717134
734,867,133,0.133,0.02223476715711877
736,868,132,0.132,0.02292655912833288
746,873,127,0.127,0.022612845629628283
764,882,118,0.118,0.02176987121748971
756,878,122,0.122,0.022190486845094712
766,883,117,0.117,0.019077963578514753
684,842,158,0.158,0.01979968805180397
800,900,100,0.1,0.01671371194173116
732,866,134,0.134,0.019804259850236122
702,851,149,0.149,0.020190769500448368
726,863,137,0.137,0.022445694222697057
722,861,139,0.139,0.02487662852514768
782,891,109,0.109,0.021163955021533183
698,849,151,0.151,0.025332688894937748
754,877,123,0.123,0.01991308240336366
746,873,127,0.127,0.01782609837257769
742,871,129,0.129,0.017095940223691288
778,889,111,0.111,0.016855045366392006
762,881,119,0.119,0.017660406641603912
692,846,154,0.154,0.020834874229622075
720,860,140,0.14,0.020401213803619613
742,871,129,0.129,0.02197597079066327
744,872,128,0.128,0.023395635429536925
740,870,130,0.13,0.02321401411201805
708,854,146,0.146,0.022506282260757873
704,852,148,0.148,0.022775843217154035
664,832,168,0.168,0.021704275451716968
728,864,136,0.136,0.020141816015238873
740,870,130,0.13,0.01867800512292888
712,856,144,0.144,0.019807489661339786
732,866,134,0.134,0.020499224524537566
722,861,139,0.139,0.02288928213668987
764,882,118,0.118,0.020826945465640165
784,892,108,0.108,0.021207932637189515
744,872,128,0.128,0.01974430673397728
726,863,137,0.137,0.018589298320439412
736,868,132,0.132,0.01837016182075604
720,860,140,0.14,0.018534068585082424
796,898,102,0.102,0.01905767685023602
724,862,138,0.138,0.021236590480490123
740,870,130,0.13,0.020341160311189016
746,873,127,0.127,0.01914889645954827
728,864,136,0.136,0.01917278010561131
722,861,139,0.139,0.01784435699880123
768,884,116,0.116,0.017093587999697776
696,848,152,0.152,0.0197362537329318
704,852,148,0.148,0.020864543339121154
742,871,129,0.129,0.021637475454597734
752,876,124,0.124,0.0206323219074402
768,884,116,0.116,0.018976729532238095
756,878,122,0.122,0.016178611562150762
712,856,144,0.144,0.01593632251257077
720,860,140,0.14,0.015014610869926401
744,872,128,0.128,0.015354111037915572
688,844,156,0.156,0.019743924247450195
794,897,103,0.103,0.01892646650444658
710,855,145,0.145,0.021639248824445532
748,874,126,0.126,0.021350377625087277
706,853,147,0.147,0.019291356333415024
756,878,122,0.122,0.015475822183216224
736,868,132,0.132,0.01629445709049469
714,857,143,0.143,0.016430938681645784
666,833,167,0.167,0.022959833235945554
738,869,131,0.131,0.023320582892512903
678,839,161,0.161,0.027296351881930605
718,859,141,0.141,0.029872457287041472
708,854,146,0.146,0.025450702035217546
744,872,128,0.128,0.022631196437228936
818,909,91,0.091,0.018890613229654265
738,869,131,0.131,0.016855085915129166
722,861,139,0.139,0.014734070255421103
732,866,134,0.134,0.015237750140193384
722,861,139,0.139,0.0169806593611429
770,885,115,0.115,0.019081978769041597
686,843,157,0.157,0.027509963449614587
718,859,141,0.141,0.027420160731184296
696,848,152,0.152,0.026200385872100013
710,855,145,0.145,0.02601716575823957
762,881,119,0.119,0.02014327279938152
752,876,124,0.124,0.019115983649680857
716,858,142,0.142,0.019240050482942025
724,862,138,0.138,0.017349406753783114
718,859,141,0.141,0.016177578457805795
748,874,126,0.126,0.016316141051182058
752,876,124,0.124,0.01915637600491755
668,834,166,0.166,0.020050538606767077
724,862,138,0.138,0.022180416883878933
776,888,112,0.112,0.020451050393108745
738,869,131,0.131,0.020739560117246585
726,863,137,0.137,0.020870359722990544
674,837,163,0.163,0.018384066011116373
698,849,151,0.151,0.018076065183617176
744,872,128,0.128,0.01702418096486872
748,874,126,0.126,0.019115248677844646
760,880,120,0.12,0.02060792304732604
742,871,129,0.129,0.019722366060130298
708,854,146,0.146,0.018991928635601653
766,883,117,0.117,0.01930015118746087
732,866,134,0.134,0.016651715530621003
802,901,99,0.099,0.014292159876902587
714,857,143,0.143,0.015902729718145565
718,859,141,0.141,0.016749435352045112
732,866,134,0.134,0.021963115751510488
740,870,130,0.13,0.02143260190775618
668,834,166,0.166,0.026568557244492693
720,860,140,0.14,0.024774874266120604
808,904,96,0.096,0.018942707786394748
740,870,130,0.13,0.0202320491328137
730,865,135,0.135,0.01674676382006146
732,866,134,0.134,0.015212101150478703
748,874,126,0.126,0.013852680803625844
760,880,120,0.12,0.014477847168862353
702,851,149,0.149,0.017510116442688742
740,870,130,0.13,0.017958079678821376
720,860,140,0.14,0.022198365995078347
750,875,125,0.125,0.02253492774127517
710,855,145,0.145,0.02423504394525662
712,856,144,0.144,0.023937932467553765
740,870,130,0.13,0.019454524182889146
770,885,115,0.115,0.017801120116142558
740,870,130,0.13,0.017198772697825916
700,850,150,0.15,0.017744666733487974
762,881,119,0.119,0.016385149011915928
670,835,165,0.165,0.018520517387543806
752,876,124,0.124,0.017934734532638687
730,865,135,0.135,0.019717277794203257
772,886,114,0.114,0.019176763827737888
704,852,148,0.148,0.020678989580483177
702,851,149,0.149,0.02139107194135431
708,854,146,0.146,0.020430945671570954
722,861,139,0.139,0.018295080458337908
738,869,131,0.131,0.018795350588072326
792,896,104,0.104,0.016061656574194786
750,875,125,0.125,0.01613915430608904
752,876,124,0.124,0.013664201205479912
704,852,148,0.148,0.015175166699744296
798,899,101,0.101,0.011931328938662772
768,884,116,0.116,0.013180481684481491
712,856,144,0.144,0.017813525164267048
706,853,147,0.147,0.017333461878588422
794,897,103,0.103,0.017343978104065173
688,844,156,0.156,0.021826297359832096
734,867,133,0.133,0.01951663477747934
758,879,121,0.121,0.020658184751373484
722,861,139,0.139,0.017987281365087256
758,879,121,0.121,0.017727835404570215
720,860,140,0.14,0.014946992312616203
734,867,133,0.133,0.01496631874560262
790,895,105,0.105,0.014261626962339506
734,867,133,0.133,0.015267201737180585
734,867,133,0.133,0.018961554539680948
744,872,128,0.128,0.019528296942065936
722,861,139,0.139,0.018645646600984035
740,870,130,0.13,0.019141940166940912
724,862,138,0.138,0.01562659868798801
676,838,162,0.162,0.017079951447551138
720,860,140,0.14,0.016544554232037625
760,880,120,0.12,0.016610466334386727
764,882,118,0.118,0.016149772399803624
726,863,137,0.137,0.017690649308678984
726,863,137,0.137,0.016412555426592007
728,864,136,0.136,0.015599002152172034
754,877,123,0.123,0.015795977582572958
738,869,131,0.131,0.016576180471776752
680,840,160,0.16,0.017902092700096545
690,845,155,0.155,0.019349402383959387
674,837,163,0.163,0.01991271574178245
724,862,138,0.138,0.018607029375736602
676,838,162,0.162,0.01903619989188155
708,854,146,0.146,0.018930775206768884
726,863,137,0.137,0.018354179962712807
696,848,152,0.152,0.01839951422705781
730,865,135,0.135,0.015407350168330594
730,865,135,0.135,0.01750470675359247
764,882,118,0.118,0.013844055660825689
752,876,124,0.124,0.014226435147167649
684,842,158,0.158,0.016447562136225315
760,880,120,0.12,0.01441038231580751
764,882,118,0.118,0.016141179018770345
768,884,116,0.116,0.014511067500367063
716,858,142,0.142,0.016761059922166168
758,879,121,0.121,0.01487813703363645
788,894,106,0.106,0.013417485658399527
714,857,143,0.143,0.016045561587787232
714,857,143,0.143,0.017490777517377865
718,859,141,0.141,0.01774737687036395
804,902,98,0.098,0.018850802771863528
768,884,116,0.116,0.019358892458316405
694,847,153,0.153,0.01892686830216553
706,853,147,0.147,0.018075304527650587
708,854,146,0.146,0.017309582471149044
706,853,147,0.147,0.01761299333011266
704,852,148,0.148,0.019806468037539163
714,857,143,0.143,0.019760134101263246
716,858,142,0.142,0.018912165478541285
780,890,110,0.11,0.018345491226704324
718,859,141,0.141,0.016632928654318674
746,873,127,0.127,0.016790034242556432
732,866,134,0.134,0.015919262769079068
694,847,153,0.153,0.01620284345583059
728,864,136,0.136,0.017875004736706616
742,871,129,0.129,0.018968550671706906
660,830,170,0.17,0.023845268856181066
720,860,140,0.14,0.022592899616574867
760,880,120,0.12,0.022097577040665783
728,864,136,0.136,0.021428852376760916
732,866,134,0.134,0.01843341647769557
752,876,124,0.124,0.016459563477546908
730,865,135,0.135,0.015358826425857843
724,862,138,0.138,0.014880206332309171
710,855,145,0.145,0.016039781389234124
758,879,121,0.121,0.016264987682690843
736,868,132,0.132,0.018255679932190107
738,869,131,0.131,0.019477834907593205
758,879,121,0.121,0.018563872454396915
758,879,121,0.121,0.017171447001048362
698,849,151,0.151,0.017931892054213677
744,872,128,0.128,0.016171370945987293
756,878,122,0.122,0.016514730076072737
738,869,131,0.131,0.015442393181438092
784,892,108,0.108,0.014015793368889718
740,870,130,0.13,0.015233476808381965
778,889,111,0.111,0.015668634597503114
732,866,134,0.134,0.01762466670104186
710,855,145,0.145,0.02071535954787396
664,832,168,0.168,0.02236999062454561
766,883,117,0.117,0.02036537126865005
762,881,119,0.119,0.020449314172496087
728,864,136,0.136,0.019412405360475532
756,878,122,0.122,0.016112053306438612
730,865,135,0.135,0.01449780793878017
752,876,124,0.124,0.014577484421810368
738,869,131,0.131,0.018064176302985287
700,850,150,0.15,0.02215997923910618
700,850,150,0.15,0.022368770906701686
758,879,121,0.121,0.02164141647442011
714,857,143,0.143,0.02266079487022944
722,861,139,0.139,0.021526036088733234
670,835,165,0.165,0.020142924304120242
692,846,154,0.154,0.01833514351746999
738,869,131,0.131,0.017883688378264196
796,898,102,0.102,0.015337885225308127
728,864,136,0.136,0.0189167609551223
760,880,120,0.12,0.017821594524837565
714,857,143,0.143,0.01674944158393191
772,886,114,0.114,0.015154463584476616
738,869,131,0.131,0.014803973756890628
748,874,126,0.126,0.015267219323752215
710,855,145,0.145,0.01789487342053326
710,855,145,0.145,0.016941394089517416
724,862,138,0.138,0.02094672377483221
728,864,136,0.136,0.021383104369509964
698,849,151,0.151,0.022828171313303756
728,864,136,0.136,0.02075779576523928
760,880,120,0.12,0.015182045325869694
668,834,166,0.166,0.016287897578993578
704,852,148,0.148,0.015648806198179956
796,898,102,0.102,0.013715816643554717
738,869,131,0.131,0.016464608608424896
748,874,126,0.126,0.016212904205429368
772,886,114,0.114,0.017210779454966543
752,876,124,0.124,0.01633805841417052
706,853,147,0.147,0.017322791573242284
792,896,104,0.104,0.013675324197072769
708,854,146,0.146,0.017282013039221056
744,872,128,0.128,0.014516735611687181
754,877,123,0.123,0.016382451900106388
742,871,129,0.129,0.01596517172799213
726,863,137,0.137,0.018336945901392027
704,852,148,0.148,0.018828999927733094
722,861,139,0.139,0.022030085832229814
694,847,153,0.153,0.020494244214263744
730,865,135,0.135,0.018415761970420136
748,874,126,0.126,0.018050102129869627
750,875,125,0.125,0.014846872520938631
724,862,138,0.138,0.015528801167558413
686,843,157,0.157,0.0162985816586297
750,875,125,0.125,0.014306330370018258
716,858,142,0.142,0.018307000724671525
692,846,154,0.154,0.020976246002712286
684,842,158,0.158,0.025458275888930074
758,879,121,0.121,0.02444663164927624
736,868,132,0.132,0.02411550613353029
714,857,143,0.143,0.024919186681974678
726,863,137,0.137,0.0190374720338732
730,865,135,0.135,0.017746892259980086
738,869,131,0.131,0.012753960224566981
772,886,114,0.114,0.012956700454407838
766,883,117,0.117,0.01377992974233348
722,861,139,0.139,0.016261872310133187
746,873,127,0.127,0.017137226179940627
746,873,127,0.127,0.018722571525489912
728,864,136,0.136,0.019909279896179213
722,861,139,0.139,0.019188131782691926
698,849,151,0.151,0.018375088166969363
784,892,108,0.108,0.016796401695813985
792,896,104,0.104,0.013383772341941949
754,877,123,0.123,0.015190221860684687
786,893,107,0.107,0.014920342295081355
700,850,150,0.15,0.01896263954904862
718,859,141,0.141,0.018265081524907145
774,887,113,0.113,0.017793957352056168
736,868,132,0.132,0.01653340803878382
762,881,119,0.119,0.015679548321466428
708,854,146,0.146,0.015707385888468706
776,888,112,0.112,0.015724852152634413
718,859,141,0.141,0.018857077558175662
748,874,126,0.126,0.01709714758687187
726,863,137,0.137,0.02139888251607772
760,880,120,0.12,0.02083924926223699
742,871,129,0.129,0.020188607389689424
746,873,127,0.127,0.01934084987116512
690,845,155,0.155,0.018393122640729415
754,877,123,0.123,0.01577480643609306
726,863,137,0.137,0.02022118993412005
714,857,143,0.143,0.01996149865881307
770,885,115,0.115,0.021627352396491915
724,862,138,0.138,0.02219525146705564
692,846,154,0.154,0.02336016131029464
756,878,122,0.122,0.021748042301274837
700,850,150,0.15,0.02106254936568439
698,849,151,0.151,0.02242494609078858
728,864,136,0.136,0.020631329444237054
734,867,133,0.133,0.01894906233274378
764,882,118,0.118,0.017567582385905552
692,846,154,0.154,0.020435137287538964
692,846,154,0.154,0.01982468863792019
718,859,141,0.141,0.02073798577656271
744,872,128,0.128,0.023502759782946667
720,860,140,0.14,0.025725935136084444
726,863,137,0.137,0.026538625858840533
698,849,151,0.151,0.026433241025311874
770,885,115,0.115,0.019497361144982277
696,848,152,0.152,0.019072400563512927
792,896,104,0.104,0.016597931704600343
744,872,128,0.128,0.016954983112344054
746,873,127,0.127,0.017789048596896465
700,850,150,0.15,0.02103707334806677
756,878,122,0.122,0.019227584364940414
698,849,151,0.151,0.023628060027956962
722,861,139,0.139,0.02429469109803904
740,870,130,0.13,0.023821604004362597
724,862,138,0.138,0.02218013998225797
672,836,164,0.164,0.023477740615140647
658,829,171,0.171,0.022392131207569037
654,827,173,0.173,0.023769582435605115
688,844,156,0.156,0.02455679901689291
730,865,135,0.135,0.026215180527069604
740,870,130,0.13,0.026803184867603705
662,831,169,0.169,0.02783088353194762
742,871,129,0.129,0.02484683093125932
722,861,139,0.139,0.023671489603351803
744,872,128,0.128,0.02052190984180197
722,861,139,0.139,0.02102732361824019
714,857,143,0.143,0.020404174187919125
748,874,126,0.126,0.019402908402378672
714,857,143,0.143,0.01858215786362416
712,856,144,0.144,0.019098021606972906
782,891,109,0.109,0.016954544943000655
726,863,137,0.137,0.017024019469565246
726,863,137,0.137,0.018522961310693063
792,896,104,0.104,0.016558135985280387
726,863,137,0.137,0.01816201575557352
780,890,110,0.11,0.016573114631173665
748,874,126,0.126,0.01842558724968694
688,844,156,0.156,0.01862987236471963
714,857,143,0.143,0.018893418572086377
720,860,140,0.14,0.020961222602636553
724,862,138,0.138,0.02127771285152994
742,871,129,0.129,0.021734953891835176
718,859,141,0.141,0.02262112536194036
760,880,120,0.12,0.020336769894696773
722,861,139,0.139,0.018234947727411053
676,838,162,0.162,0.018733814988692758
798,899,101,0.101,0.01544947505905293
700,850,150,0.15,0.016408085588016548
690,845,155,0.155,0.019812698259775063
672,836,164,0.164,0.023305694325244986
744,872,128,0.128,0.023060354147397447
726,863,137,0.137,0.024240264696883968
680,840,160,0.16,0.02683603499282617
746,873,127,0.127,0.021518998750369063
752,876,124,0.124,0.020535320427967234
678,839,161,0.161,0.021515187223412793
738,869,131,0.131,0.016466750118182973
742,871,129,0.129,0.014092639327049255
678,839,161,0.161,0.016297021477366797
742,871,129,0.129,0.015654146708955523
704,852,148,0.148,0.016869119461334778
724,862,138,0.138,0.01840195248153759
722,861,139,0.139,0.01953819663822651
750,875,125,0.125,0.01828873886988731
716,858,142,0.142,0.020589101987192406
750,875,125,0.125,0.018587616352539044
768,884,116,0.116,0.01900968197817565
758,879,121,0.121,0.01875273300497065
722,861,139,0.139,0.013939227919574478
758,879,121,0.121,0.01311234088052879
756,878,122,0.122,0.011580699101847131
780,890,110,0.11,0.011949496867986454
720,860,140,0.14,0.01391403653562884
742,871,129,0.129,0.01793419839954004
730,865,135,0.135,0.018930851850949695
742,871,129,0.129,0.019549906347761863
662,831,169,0.169,0.022715160007821394
712,856,144,0.144,0.0174048735506949
740,870,130,0.13,0.018131121062266175
688,844,156,0.156,0.017835730264661835
732,866,134,0.134,0.01590167649445357
746,873,127,0.127,0.01585294611894642
708,854,146,0.146,0.017672818442923018
734,867,133,0.133,0.01600727507553529
708,854,146,0.146,0.017227194655890343
782,891,109,0.109,0.014384840363491094
740,870,130,0.13,0.014386928283201997
710,855,145,0.145,0.016220221347000914
710,855,145,0.145,0.014713229387300089
802,901,99,0.099,0.013226006819633767
758,879,121,0.121,0.013446270517306402
734,867,133,0.133,0.012858786409837194
748,874,126,0.126,0.01378586083976552
738,869,131,0.131,0.011111300976728671
748,874,126,0.126,0.011401108547172044
754,877,123,0.123,0.01192506126340595
680,840,160,0.16,0.014719454681791831
770,885,115,0.115,0.014538213439984246
758,879,121,0.121,0.014971250928239897
760,880,120,0.12,0.0133987708442437
702,851,149,0.149,0.013941584162530489
756,878,122,0.122,0.012915692921291338
718,859,141,0.141,0.01322482788551133
714,857,143,0.143,0.014185012310219463
734,867,133,0.133,0.014494591235998087
732,866,134,0.134,0.013473097614652943
728,864,136,0.136,0.013814769227872602
740,870,130,0.13,0.01368291201608372
766,883,117,0.117,0.012036397231160663
778,889,111,0.111,0.010925061370624461
708,854,146,0.146,0.011809172642970225
706,853,147,0.147,0.011779642712033819
690,845,155,0.155,0.014121892136172392
734,867,133,0.133,0.014808519678539597
762,881,119,0.119,0.014414558174379635
754,877,123,0.123,0.013606412705266848
744,872,128,0.128,0.014196423271787353
752,876,124,0.124,0.013389681365515571
728,864,136,0.136,0.01396183496050071
722,861,139,0.139,0.014061379594539175
754,877,123,0.123,0.013136217986961128
726,863,137,0.137,0.013964678285527042
740,870,130,0.13,0.013334672763361595
724,862,138,0.138,0.014417431949666933
780,890,110,0.11,0.012476550573890563
742,871,129,0.129,0.012338386725779856
704,852,148,0.148,0.01176636341912672
716,858,142,0.142,0.011946295828092843
760,880,120,0.12,0.012641554081172218
724,862,138,0.138,0.01428200082067633
788,894,106,0.106,0.013876939793699422
730,865,135,0.135,0.015268440183834173
716,858,142,0.142,0.014433691129321233
762,881,119,0.119,0.01165764640524867
740,870,130,0.13,0.012059640338935423
712,856,144,0.144,0.012618953469733242
730,865,135,0.135,0.011915942778949102
748,874,126,0.126,0.013604145414574305
708,854,146,0.146,0.013832032096688636
742,871,129,0.129,0.01430826779193012
738,869,131,0.131,0.013355593437387143
690,845,155,0.155,0.014543686668141162
734,867,133,0.133,0.014649205464753323
712,856,144,0.144,0.014072465969715267
754,877,123,0.123,0.01478665764129255
698,849,151,0.151,0.015635382320382633
688,844,156,0.156,0.016215241357916965
708,854,146,0.146,0.01541871615157288
750,875,125,0.125,0.014179578912211582
736,868,132,0.132,0.014767849490803201
724,862,138,0.138,0.015510488075437024
674,837,163,0.163,0.016086065696086733
770,885,115,0.115,0.014255392586579546
752,876,124,0.124,0.013724691840237937
768,884,116,0.116,0.012368257166759577
734,867,133,0.133,0.0125527220662334
758,879,121,0.121,0.011649313777510542
738,869,131,0.131,0.010504985907638912
768,884,116,0.116,0.01012543777654355
734,867,133,0.133,0.010585710959072457
752,876,124,0.124,0.011265148287129705
760,880,120,0.12,0.013622419972904027
740,870,130,0.13,0.015131801068346249
698,849,151,0.151,0.01693250869301846
752,876,124,0.124,0.015177949710632674
710,855,145,0.145,0.015333664511854295
740,870,130,0.13,0.013615933504945133
732,866,134,0.134,0.014122625178453745
756,878,122,0.122,0.013611959829810075
720,860,140,0.14,0.014136771379067796
732,866,134,0.134,0.013352795360027812
742,871,129,0.129,0.013480572231579571
738,869,131,0.131,0.014008357987098862
736,868,132,0.132,0.014198163103370461
728,864,136,0.136,0.014477333223156166
728,864,136,0.136,0.014846186130540446
758,879,121,0.121,0.014230650333571248
708,854,146,0.146,0.013253221242281142
756,878,122,0.122,0.01391243361402303
724,862,138,0.138,0.014489967415807768
724,862,138,0.138,0.015400518161302898
758,879,121,0.121,0.015344753891869914
734,867,133,0.133,0.01639129428344313
742,871,129,0.129,0.013123999063158408
780,890,110,0.11,0.011817291519400896
780,890,110,0.11,0.01202833317965269
706,853,147,0.147,0.012892656546086073
700,850,150,0.15,0.016910390789009397
660,830,170,0.17,0.01945729580742773
740,870,130,0.13,0.022996371068526058
716,858,142,0.142,0.024105566664249636
736,868,132,0.132,0.01939677617343841
716,858,142,0.142,0.019637941224267708
740,870,130,0.13,0.01309629229363054
742,871,129,0.129,0.013511376199952792
688,844,156,0.156,0.013268479029356968
726,863,137,0.137,0.013152201745600904
752,876,124,0.124,0.014317170568683651
722,861,139,0.139,0.0149572356196295
722,861,139,0.139,0.016536685049242807
718,859,141,0.141,0.01635983075632248
718,859,141,0.141,0.01701506477827206
690,845,155,0.155,0.016295590413268654
670,835,165,0.165,0.016550559106544824
726,863,137,0.137,0.01653392145491671
718,859,141,0.141,0.017502727906685323
696,848,152,0.152,0.01842125812335871
772,886,114,0.114,0.016989907007839065
722,861,139,0.139,0.01736297970841406
790,895,105,0.105,0.012838045494048857
658,829,171,0.171,0.01554260118008824
698,849,151,0.151,0.014156096586084459
734,867,133,0.133,0.013280029090470635
686,843,157,0.157,0.018164040521485732
704,852,148,0.148,0.020719139981782063
738,869,131,0.131,0.020216463972930795
690,845,155,0.155,0.020496291236253454
714,857,143,0.143,0.017647927710670048
702,851,149,0.149,0.017701270353631116
708,854,146,0.146,0.016189855290460402
728,864,136,0.136,0.014635603476781398
778,889,111,0.111,0.014878784842556343
742,871,129,0.129,0.015555494699277915
710,855,145,0.145,0.015380278275923047
738,869,131,0.131,0.015061146595864557
740,870,130,0.13,0.014662363887531683
756,878,122,0.122,0.014369751348218414
728,864,136,0.136,0.015456975484266878
708,854,146,0.146,0.016634150214260443
738,869,131,0.131,0.015110105281753931
746,873,127,0.127,0.015927313483669422
754,877,123,0.123,0.01536209818039788
722,861,139,0.139,0.01668880585808074
680,840,160,0.16,0.015041859141696477
722,861,139,0.139,0.014114387355279177
706,853,147,0.147,0.013869685384008335
770,885,115,0.115,0.013579301807374577
706,853,147,0.147,0.016323982481379062
790,895,105,0.105,0.014956902514852117
678,839,161,0.161,0.01763545080833137
736,868,132,0.132,0.015839427255792543
746,873,127,0.127,0.015410483819840011
732,866,134,0.134,0.012985372853640001
742,871,129,0.129,0.011912595529545798
778,889,111,0.111,0.011060383122385246
728,864,136,0.136,0.012573938340763561
702,851,149,0.149,0.014982412325887708
744,872,128,0.128,0.015939887126674875
690,845,155,0.155,0.019290249440993647
696,848,152,0.152,0.020555719790398143
700,850,150,0.15,0.018666536896373147
720,860,140,0.14,0.017637978692848263
712,856,144,0.144,0.017772888880572282
698,849,151,0.151,0.017365384779288433
726,863,137,0.137,0.01688962295325473
740,870,130,0.13,0.014924485315859784
734,867,133,0.133,0.01499274174356833
726,863,137,0.137,0.014896594163641566
768,884,116,0.116,0.013710505539667793
768,884,116,0.116,0.013958999653928912
772,886,114,0.114,0.01214143355784472
746,873,127,0.127,0.0128537105765281
770,885,115,0.115,0.010974591580103152
690,845,155,0.155,0.012866058790648822
746,873,127,0.127,0.011878668243647554
768,884,116,0.116,0.013194925106501615
820,910,90,0.09,0.013377686254825676
642,821,179,0.179,0.01708766415284481
694,847,153,0.153,0.016401898455806075
778,889,111,0.111,0.014344690820085815
700,850,150,0.15,0.014477489617594983
770,885,115,0.115,0.012746089103457052
792,896,104,0.104,0.01218979288704577
698,849,151,0.151,0.013482799564197194
728,864,136,0.136,0.013198637042194605
702,851,149,0.149,0.013340481285646091
786,893,107,0.107,0.011906007754878373
766,883,117,0.117,0.012136771813675295
782,891,109,0.109,0.011395956285181455
692,846,154,0.154,0.012328548057208536
742,871,129,0.129,0.01151617763453396
732,866,134,0.134,0.012918630545408632
754,877,123,0.123,0.01407267571176635
716,858,142,0.142,0.015494835172314196
688,844,156,0.156,0.01635857318417402
770,885,115,0.115,0.015311128043947974
726,863,137,0.137,0.013978907679367695
764,882,118,0.118,0.012154413770127576
740,870,130,0.13,0.012534457514120731
756,878,122,0.122,0.010578371527924901
726,863,137,0.137,0.011907855876110261
754,877,123,0.123,0.012234191549912794
722,861,139,0.139,0.013516376837185817
668,834,166,0.166,0.01504791160504101
728,864,136,0.136,0.015576802739873528
698,849,151,0.151,0.01756723754829727
712,856,144,0.144,0.016439388505183162
740,870,130,0.13,0.014673853141081054
718,859,141,0.141,0.01248697325080866
730,865,135,0.135,0.011544520985218696
758,879,121,0.121,0.010727744556672405
748,874,126,0.126,0.010754085778520675
722,861,139,0.139,0.011874880177039812
728,864,136,0.136,0.013600868335008271
724,862,138,0.138,0.013966957528784405
698,849,151,0.151,0.014098707601195202
762,881,119,0.119,0.014353322062641382
732,866,134,0.134,0.013652858267654664
728,864,136,0.136,0.012417153658025199
758,879,121,0.121,0.01097939234029036
718,859,141,0.141,0.010210275959747378
736,868,132,0.132,0.010262990907183848
724,862,138,0.138,0.011265592159499647
674,837,163,0.163,0.013159964088816195
762,881,119,0.119,0.01230073753479519
760,880,120,0.12,0.013916246511333157
754,877,123,0.123,0.012862802027302677
728,864,136,0.136,0.013387651768076466
752,876,124,0.124,0.010718034000048646
742,871,129,0.129,0.008813441006874199
728,864,136,0.136,0.01021067098407366
704,852,148,0.148,0.009845041883265366
730,865,135,0.135,0.011822819780209102
762,881,119,0.119,0.01389780348763452
696,848,152,0.152,0.016267076669864763
694,847,153,0.153,0.015895792336610613
794,897,103,0.103,0.012759015249903314
762,881,119,0.119,0.011364524494449142
746,873,127,0.127,0.010175908100907691
688,844,156,0.156,0.011695919589983532
714,857,143,0.143,0.010451122191559989
728,864,136,0.136,0.011317120309337042
706,853,147,0.147,0.013400656850310043
690,845,155,0.155,0.013508897527121007
742,871,129,0.129,0.013162559107760898
780,890,110,0.11,0.01269474903534865
756,878,122,0.122,0.011085275636287407
734,867,133,0.133,0.010909182652205345
734,867,133,0.133,0.009755888120096642
722,861,139,0.139,0.00946300329157384
772,886,114,0.114,0.009252859152038582
790,895,105,0.105,0.009534615569718881
736,868,132,0.132,0.009767975538794417
748,874,126,0.126,0.009450662966672099
710,855,145,0.145,0.010664708042982966
720,860,140,0.14,0.011016889751306736
732,866,134,0.134,0.011374029490863904
714,857,143,0.143,0.011853034378989833
720,860,140,0.14,0.011693791509198491
724,862,138,0.138,0.01207900722301565
688,844,156,0.156,0.013264857238973492
760,880,120,0.12,0.012500544708222152
728,864,136,0.136,0.011703455101931468
752,876,124,0.124,0.010810275165858911
734,867,133,0.133,0.009564882278180448
746,873,127,0.127,0.008095127526437864
718,859,141,0.141,0.009782748058409197
708,854,146,0.146,0.010421768872663962
746,873,127,0.127,0.011034391383669571
750,875,125,0.125,0.011350240606348962
692,846,154,0.154,0.012567516306531615
694,847,153,0.153,0.012584553771070204
756,878,122,0.122,0.011275105166394496
816,908,92,0.092,0.008767632558665354
680,840,160,0.16,0.010055338380479952
740,870,130,0.13,0.009358692124544177
768,884,116,0.116,0.009406881705333945
702,851,149,0.149,0.009127884793779231
732,866,134,0.134,0.009835254145611544
724,862,138,0.138,0.010901843189349164
754,877,123,0.123,0.010156905671334244
752,876,124,0.124,0.010923351559555159
710,855,145,0.145,0.011414321697899141
678,839,161,0.161,0.012111222731968156
714,857,143,0.143,0.01122064976603724
740,870,130,0.13,0.010951522731542354
728,864,136,0.136,0.010511473859995022
786,893,107,0.107,0.009256700410449412
718,859,141,0.141,0.008437598502263426
720,860,140,0.14,0.008712054749994423
702,851,149,0.149,0.00976061604815186
704,852,148,0.148,0.011076669820351525
736,868,132,0.132,0.011608772732608486
716,858,142,0.142,0.012970969962829258
746,873,127,0.127,0.012158578000613488
738,869,131,0.131,0.011738742420682683
734,867,133,0.133,0.009547731225407915
712,856,144,0.144,0.009759493759635007
752,876,124,0.124,0.007058889033229206
794,897,103,0.103,0.007804774183343397
728,864,136,0.136,0.00880868103481771
698,849,151,0.151,0.009602807040733751
700,850,150,0.15,0.01283797760141897
764,882,118,0.118,0.012743464150291402
780,890,110,0.11,0.012972851759113837
710,855,145,0.145,0.013975405171804596
712,856,144,0.144,0.010595205210425774
702,851,149,0.149,0.009693859819642967
736,868,132,0.132,0.008367262559942901
688,844,156,0.156,0.009905235077807446
768,884,116,0.116,0.009117195669561625
730,865,135,0.135,0.009805860167572972
696,848,152,0.152,0.009972129100919118
760,880,120,0.12,0.0091325416565669
708,854,146,0.146,0.009881527994308272
758,879,121,0.121,0.009074232288228814
746,873,127,0.127,0.00935793458033004
738,869,131,0.131,0.009045437013788614
738,869,131,0.131,0.009120401856751415
720,860,140,0.14,0.008635351528093452
772,886,114,0.114,0.008087478996276331
760,880,120,0.12,0.007801560582738603
752,876,124,0.124,0.007685376236724551
776,888,112,0.112,0.006898140751553001
704,852,148,0.148,0.008097944460754661
682,841,159,0.159,0.008646475159061083
710,855,145,0.145,0.009208892196649686
738,869,131,0.131,0.01066300176436198
720,860,140,0.14,0.010533864981131047
790,895,105,0.105,0.010236997837862872
720,860,140,0.14,0.009339772634528344
740,870,130,0.13,0.007556519366829889
650,825,175,0.175,0.008308700393041364
794,897,103,0.103,0.00644624230741465
730,865,135,0.135,0.007966135404625674
738,869,131,0.131,0.009863161549146753
736,868,132,0.132,0.009780784076399868
676,838,162,0.162,0.010915968123415951
716,858,142,0.142,0.00939182885500486
754,877,123,0.123,0.008813157574651996
726,863,137,0.137,0.009258840066802804
728,864,136,0.136,0.009512759521661793
742,871,129,0.129,0.008638314351788723
702,851,149,0.149,0.010014619053254136
732,866,134,0.134,0.010338350468693533
730,865,135,0.135,0.01062899988607387
722,861,139,0.139,0.011137886675685877
764,882,118,0.118,0.008965313311040517
760,880,120,0.12,0.007525940362917026
696,848,152,0.152,0.008778857781231636
746,873,127,0.127,0.007101289346304838
734,867,133,0.133,0.008912586569931592
712,856,144,0.144,0.008620213674963451
710,855,145,0.145,0.009445071938142063
770,885,115,0.115,0.010019651435461128
738,869,131,0.131,0.010046816698391922
760,880,120,0.12,0.009190713806368876
758,879,121,0.121,0.009840300138748717
764,882,118,0.118,0.007030032175367524
716,858,142,0.142,0.007194120704923989
778,889,111,0.111,0.006698329336017195
764,882,118,0.118,0.007154644344504049
736,868,132,0.132,0.008088172206335002
674,837,163,0.163,0.010078357842983677
690,845,155,0.155,0.011290134624679923
712,856,144,0.144,0.011372057599335676
752,876,124,0.124,0.011384025484672747
694,847,153,0.153,0.010060150031698868
710,855,145,0.145,0.009753540161633281
752,876,124,0.124,0.008420671076484722
734,867,133,0.133,0.008281998413105611
734,867,133,0.133,0.007987783876204049
704,852,148,0.148,0.008212150800216478
734,867,133,0.133,0.007864955378550803
738,869,131,0.131,0.008014128692404483
756,878,122,0.122,0.0075931921245719425
752,876,124,0.124,0.00833339150334723
770,885,115,0.115,0.0077215873510176605
774,887,113,0.113,0.007023037718339765
708,854,146,0.146,0.007763725436780078
774,887,113,0.113,0.007049374368929421
724,862,138,0.138,0.008488807798203197
700,850,150,0.15,0.009661752512794919
698,849,151,0.151,0.010066827196191298
746,873,127,0.127,0.009785893870561268
692,846,154,0.154,0.00967725962298573
726,863,137,0.137,0.009182230613805586
700,850,150,0.15,0.010789565620507346
710,855,145,0.145,0.010489907730690902
684,842,158,0.158,0.010700950273720082
760,880,120,0.12,0.009173213677364402
766,883,117,0.117,0.008770812591537834
736,868,132,0.132,0.0066005308330786645
756,878,122,0.122,0.006405635323928436
744,872,128,0.128,0.006146987182786688
708,854,146,0.146,0.007719317107112147
776,888,112,0.112,0.009179333990628948
694,847,153,0.153,0.011326462882134365
718,859,141,0.141,0.011438876039872412
758,879,121,0.121,0.009929555664741201
738,869,131,0.131,0.007677529420587234
742,871,129,0.129,0.007860556954241473
754,877,123,0.123,0.00730581283934589
690,845,155,0.155,0.0077625838795211165
692,846,154,0.154,0.008568108317791484
722,861,139,0.139,0.008588317952555371
768,884,116,0.116,0.008145550094959618
756,878,122,0.122,0.011406071966688615
674,837,163,0.163,0.010279299665111466
784,892,108,0.108,0.008376321122035733
788,894,106,0.106,0.007890667638508602
734,867,133,0.133,0.007508872021357092
728,864,136,0.136,0.008298976833830239
734,867,133,0.133,0.008500273175057372
698,849,151,0.151,0.009038704777660314
720,860,140,0.14,0.01133145929314196
714,857,143,0.143,0.010970878910040482
772,886,114,0.114,0.010476894617604558
746,873,127,0.127,0.010700823702645721
764,882,118,0.118,0.007183003474739962
746,873,127,0.127,0.007859322137621349
684,842,158,0.158,0.008408253312518354
730,865,135,0.135,0.008315152552895597
690,845,155,0.155,0.011970807530684397
696,848,152,0.152,0.013513818328734488
736,868,132,0.132,0.012116506982652936
762,881,119,0.119,0.011813886523217661
782,891,109,0.109,0.009533553370842128
706,853,147,0.147,0.008804965973540675
730,865,135,0.135,0.009007432262180374
702,851,149,0.149,0.009032420523915789
738,869,131,0.131,0.009705674766039011
698,849,151,0.151,0.010824383577215485
750,875,125,0.125,0.009771380301492173
714,857,143,0.143,0.009937159767810953
730,865,135,0.135,0.010084599845386037
702,851,149,0.149,0.01029556501787738
696,848,152,0.152,0.010719542657687271
706,853,147,0.147,0.010796020239475183
712,856,144,0.144,0.01109955991586321
700,850,150,0.15,0.01168526406836463
770,885,115,0.115,0.010731257241102866
746,873,127,0.127,0.010000321261468343
738,869,131,0.131,0.009418067553560831
742,871,129,0.129,0.00845723804467707
746,873,127,0.127,0.008507135009669582
740,870,130,0.13,0.008010371956566814
680,840,160,0.16,0.009859244291175856
710,855,145,0.145,0.01021926595235709
678,839,161,0.161,0.011911070767120691
770,885,115,0.115,0.011489817282010335
800,900,100,0.1,0.011110639715159777
770,885,115,0.115,0.009483343188141589
774,887,113,0.113,0.008647924695804249
730,865,135,0.135,0.008629073253483511
752,876,124,0.124,0.007278005565869535
734,867,133,0.133,0.008724680268584053
754,877,123,0.123,0.008921006806747756
702,851,149,0.149,0.00937700566984131
740,870,130,0.13,0.011593906714639161
746,873,127,0.127,0.012046713391551748
718,859,141,0.141,0.011589776673383312
768,884,116,0.116,0.010499578907809337
756,878,122,0.122,0.008718113080351031
676,838,162,0.162,0.008699564610389643
770,885,115,0.115,0.007218519093614304
712,856,144,0.144,0.008584395591926296
732,866,134,0.134,0.010369121383526362
732,866,134,0.134,0.01209300613787491
754,877,123,0.123,0.011884054446942172
762,881,119,0.119,0.01172792272415245
702,851,149,0.149,0.011254854106460698
778,889,111,0.111,0.0074391019914182835
750,875,125,0.125,0.007878268054570071
738,869,131,0.131,0.007827332532324363
788,894,106,0.106,0.008138723639931414
736,868,132,0.132,0.00870311951059557
708,854,146,0.146,0.008178311324882089
782,891,109,0.109,0.008190878138993867
706,853,147,0.147,0.008487788798243854
754,877,123,0.123,0.008403149855977971
722,861,139,0.139,0.008865882460246211
758,879,121,0.121,0.00809513649076689
748,874,126,0.126,0.008994006411056034
742,871,129,0.129,0.010898511682404206
732,866,134,0.134,0.010737655727411038
698,849,151,0.151,0.0109030349299901
730,865,135,0.135,0.011041355382010806
758,879,121,0.121,0.010107669949968113
752,876,124,0.124,0.009863654435510398
718,859,141,0.141,0.00996751677436987
726,863,137,0.137,0.00859159780947084
742,871,129,0.129,0.009518423154775519
710,855,145,0.145,0.011165688492939807
762,881,119,0.119,0.010745079762302339
716,858,142,0.142,0.0114310902513389
750,875,125,0.125,0.01104718995001167
740,870,130,0.13,0.010713288145212572
708,854,146,0.146,0.01128668043424841
756,878,122,0.122,0.009787545561383013
740,870,130,0.13,0.008188955239660572
734,867,133,0.133,0.009061455512506655
690,845,155,0.155,0.009467664133408106
798,899,101,0.101,0.00804754531889921
742,871,129,0.129,0.010055329172086203
736,868,132,0.132,0.010842842504338477
720,860,140,0.14,0.011108933334602625
762,881,119,0.119,0.009799784230795921
740,870,130,0.13,0.010045045505685267
778,889,111,0.111,0.009861222522653406
742,871,129,0.129,0.00947508085417212
774,887,113,0.113,0.008194548076440697
766,883,117,0.117,0.00776321276082308
690,845,155,0.155,0.008975243077846244
698,849,151,0.151,0.009538534332357813
786,893,107,0.107,0.010078869998367736
752,876,124,0.124,0.01419132320425706
690,845,155,0.155,0.017503626264224293
728,864,136,0.136,0.01589428989146836
716,858,142,0.142,0.014945312021125574
796,898,102,0.102,0.01058292883069953
714,857,143,0.143,0.009967505253982382
758,879,121,0.121,0.008812326912157005
744,872,128,0.128,0.008406219203316141
740,870,130,0.13,0.009294065728841816
734,867,133,0.133,0.010575547485088464
760,880,120,0.12,0.011138219369167928
736,868,132,0.132,0.012313662970002042
734,867,133,0.133,0.01271342390961945
698,849,151,0.151,0.012762488152948209
700,850,150,0.15,0.012548255261499434
742,871,129,0.129,0.010958363942801952
752,876,124,0.124,0.009813852655875963
716,858,142,0.142,0.010935079861839768
716,858,142,0.142,0.01106705401626823
752,876,124,0.124,0.010300834793859395
794,897,103,0.103,0.010125498985726154
752,876,124,0.124,0.009698409526259638
690,845,155,0.155,0.010640425068195326
740,870,130,0.13,0.00979016613177373
774,887,113,0.113,0.009096389858896145
750,875,125,0.125,0.008871268669259734
766,883,117,0.117,0.00865296585377655
750,875,125,0.125,0.008728145502100233
742,871,129,0.129,0.00964781688064977
684,842,158,0.158,0.013085923104838002
750,875,125,0.125,0.011618643718888051
690,845,155,0.155,0.01413472563456162
756,878,122,0.122,0.014110944609972649
694,847,153,0.153,0.015223915609065443
704,852,148,0.148,0.014714632934774272
682,841,159,0.159,0.01484236952237552
686,843,157,0.157,0.013415049422765151
732,866,134,0.134,0.012256525530887302
730,865,135,0.135,0.011801768256613287
706,853,147,0.147,0.010568523153982825
732,866,134,0.134,0.01012942025566008
754,877,123,0.123,0.00979048125524423
748,874,126,0.126,0.009373343657469377
790,895,105,0.105,0.009435862562408148
722,861,139,0.139,0.011712951503242948
680,840,160,0.16,0.01289632873464143
710,855,145,0.145,0.012759516398771665
702,851,149,0.149,0.012194559714116622
772,886,114,0.114,0.01057181248391862
716,858,142,0.142,0.010567412667849567
672,836,164,0.164,0.010761320605306537
740,870,130,0.13,0.011160194290918298
744,872,128,0.128,0.012181685098214075
744,872,128,0.128,0.012556055949971778
730,865,135,0.135,0.01302192321716575
716,858,142,0.142,0.0134186488596024
728,864,136,0.136,0.011053803431917914
724,862,138,0.138,0.011353853316919413
696,848,152,0.152,0.011003112957638223
714,857,143,0.143,0.010444532275345409
738,869,131,0.131,0.012503700980567373
736,868,132,0.132,0.012455172744230367
680,840,160,0.16,0.014264781362086068
682,841,159,0.159,0.01400901575991884
776,888,112,0.112,0.011129914374905639
742,871,129,0.129,0.011201149403001182
688,844,156,0.156,0.01209586701344233
722,861,139,0.139,0.010225880087033148
674,837,163,0.163,0.012233199160575168
744,872,128,0.128,0.01142018988064956
748,874,126,0.126,0.01142686553072417
718,859,141,0.141,0.012446117481682449
714,857,143,0.143,0.010413559159875149
784,892,108,0.108,0.009559209267084952
706,853,147,0.147,0.010824162306613289
746,873,127,0.127,0.009561919638990276
788,894,106,0.106,0.009284531566139776
728,864,136,0.136,0.009851611682533986
776,888,112,0.112,0.00987206511698605
734,867,133,0.133,0.009782753828971182
704,852,148,0.148,0.00990398807974998
698,849,151,0.151,0.010570791642167024
690,845,155,0.155,0.01003977885239874
752,876,124,0.124,0.010985281636647415
718,859,141,0.141,0.01264879429753637
732,866,134,0.134,0.012776059840689413
764,882,118,0.118,0.012367577458906454
716,858,142,0.142,0.011005285459832521
706,853,147,0.147,0.00952022594131995
788,894,106,0.106,0.008320148192207853
678,839,161,0.161,0.00953376628481783
726,863,137,0.137,0.00949909057188779
706,853,147,0.147,0.01213486358744558
672,836,164,0.164,0.012308494354365394
766,883,117,0.117,0.011695485597476364
758,879,121,0.121,0.01164785937423585
754,877,123,0.123,0.01042564067420608
748,874,126,0.126,0.010059843186667422
734,867,133,0.133,0.00981374838121701
756,878,122,0.122,0.008903701350907796
736,868,132,0.132,0.008322840196051402
744,872,128,0.128,0.008952280669633182
714,857,143,0.143,0.009134792817756534
724,862,138,0.138,0.01049940055886691
722,861,139,0.139,0.012788479303126224
724,862,138,0.138,0.01338854252139572
764,882,118,0.118,0.01242021037946688
808,904,96,0.096,0.010646392324924819
718,859,141,0.141,0.008579691988241394
718,859,141,0.141,0.007681733859608357
732,866,134,0.134,0.00810096717675333
736,868,132,0.132,0.0088349644447444
768,884,116,0.116,0.011427624173462391
744,872,128,0.128,0.012115813407814131
784,892,108,0.108,0.011609425457369071
718,859,141,0.141,0.010514634216946433
778,889,111,0.111,0.006542411035996338
760,880,120,0.12,0.0076359476136130975
750,875,125,0.125,0.007830515515641309
690,845,155,0.155,0.008650180762459058
692,846,154,0.154,0.014284810175464372
710,855,145,0.145,0.014234475971083157
740,870,130,0.13,0.01394996175140841
726,863,137,0.137,0.013943275977508164
732,866,134,0.134,0.010434632869597407
718,859,141,0.141,0.009640083981954376
746,873,127,0.127,0.009070711142761865
732,866,134,0.134,0.008259130811144133
730,865,135,0.135,0.010193994613771792
708,854,146,0.146,0.010753654337808257
714,857,143,0.143,0.0109438516064547
718,859,141,0.141,0.012043238800717518
764,882,118,0.118,0.009929816025920446
750,875,125,0.125,0.010032901952567045
760,880,120,0.12,0.009780492596910335
694,847,153,0.153,0.009920623535232152
754,877,123,0.123,0.008755876068025827
720,860,140,0.14,0.009705989994021365
742,871,129,0.129,0.009266747129469876
702,851,149,0.149,0.011072708955209237
740,870,130,0.13,0.011209891845006495
736,868,132,0.132,0.01187608227871533
736,868,132,0.132,0.012553359772340627
720,860,140,0.14,0.011052495315670968
752,876,124,0.124,0.009351347800489749
724,862,138,0.138,0.009578087942092679
768,884,116,0.116,0.008827328518178548
762,881,119,0.119,0.008979026259388775
732,866,134,0.134,0.009466360562539194
734,867,133,0.133,0.009847880288871238
722,861,139,0.139,0.010449470293708145
670,835,165,0.165,0.01170797714470973
746,873,127,0.127,0.01067261271062307
716,858,142,0.142,0.011267625060791034
786,893,107,0.107,0.009756388792360668
788,894,106,0.106,0.008698789532063529
796,898,102,0.102,0.007418355250323657
742,871,129,0.129,0.007400275138978032
734,867,133,0.133,0.007886945591773838
720,860,140,0.14,0.009198686965348316
740,870,130,0.13,0.010606127297360218
738,869,131,0.131,0.010923089961870573
754,877,123,0.123,0.010305477113986853
782,891,109,0.109,0.00985327150367084
736,868,132,0.132,0.008591121858349652
724,862,138,0.138,0.008598939215095015
664,832,168,0.168,0.009414927432342665
768,884,116,0.116,0.00967996508316719
758,879,121,0.121,0.012006369853799697
686,843,157,0.157,0.013132546641048974
716,858,142,0.142,0.012050530483858892
716,858,142,0.142,0.01009888896814664
746,873,127,0.127,0.008825402099493658
732,866,134,0.134,0.00878550599105074
746,873,127,0.127,0.00781219581325422
720,860,140,0.14,0.010373988114006352
654,827,173,0.173,0.012312218428123743
740,870,130,0.13,0.011346624966536182
772,886,114,0.114,0.010747137979371473
736,868,132,0.132,0.01012232638784917
726,863,137,0.137,0.010272298496798612
708,854,146,0.146,0.01001818186181481
672,836,164,0.164,0.010594026922699413
718,859,141,0.141,0.01127054565725848
728,864,136,0.136,0.011320806575065944
724,862,138,0.138,0.010645548588014208
730,865,135,0.135,0.012052280020958279
724,862,138,0.138,0.012754691895795986
748,874,126,0.126,0.011386915991868592
718,859,141,0.141,0.01274996831594035
688,844,156,0.156,0.012611911792424508
700,850,150,0.15,0.01131449616048485
704,852,148,0.148,0.010348495256446768
796,898,102,0.102,0.009374991392731317
762,881,119,0.119,0.00976866838207934
714,857,143,0.143,0.009080031787627377
746,873,127,0.127,0.008913143855897943
782,891,109,0.109,0.008194374663144117
728,864,136,0.136,0.008777439294397482
714,857,143,0.143,0.00906366620832705
782,891,109,0.109,0.008593980624951656
716,858,142,0.142,0.010124343528761529
710,855,145,0.145,0.010090175120538333
742,871,129,0.129,0.009267992522974965
718,859,141,0.141,0.010779253609500302
784,892,108,0.108,0.009006137186399428
754,877,123,0.123,0.010486798490223008
694,847,153,0.153,0.010898619833722478
676,838,162,0.162,0.01145689366653096
724,862,138,0.138,0.01094115480632172
784,892,108,0.108,0.0095604282686254
716,858,142,0.142,0.010636436387954746
720,860,140,0.14,0.010367673345812364
782,891,109,0.109,0.00879053412983194
714,857,143,0.143,0.008355194101037342
708,854,146,0.146,0.008718947935314645
758,879,121,0.121,0.008606881438870914
734,867,133,0.133,0.009554564758582273
748,874,126,0.126,0.010970178991614375
752,876,124,0.124,0.01131712945905747
748,874,126,0.126,0.010522748910472729
742,871,129,0.129,0.010021234132611426
742,871,129,0.129,0.008045792144883308
734,867,133,0.133,0.007759445001851418
744,872,128,0.128,0.007738479432358872
720,860,140,0.14,0.008102508534255322
738,869,131,0.131,0.00999727243979578
726,863,137,0.137,0.01201971342600882
700,850,150,0.15,0.01372240587050328
754,877,123,0.123,0.01199998811702244
690,845,155,0.155,0.012661995006434154
756,878,122,0.122,0.010953434390597977
716,858,142,0.142,0.009597769371554023
780,890,110,0.11,0.009023311699871556
716,858,142,0.142,0.010604308519177721
664,832,168,0.168,0.011700019213196355
626,813,187,0.187,0.01424550205504056
754,877,123,0.123,0.01269925564825826
750,875,125,0.125,0.01318835074477829
700,850,150,0.15,0.014739659737562761
736,868,132,0.132,0.011320521739835386
678,839,161,0.161,0.009925626159878447
698,849,151,0.151,0.009699281275010435
752,876,124,0.124,0.009228378231666284
752,876,124,0.124,0.012417509561724728
766,883,117,0.117,0.012093308463983703
690,845,155,0.155,0.013151560422382318
764,882,118,0.118,0.011380962079769233
746,873,127,0.127,0.008833178939588834
754,877,123,0.123,0.008882340820156969
712,856,144,0.144,0.009930970109358896
744,872,128,0.128,0.00925059019013861
752,876,124,0.124,0.010065847954479977
718,859,141,0.141,0.010781489455053816
774,887,113,0.113,0.011193525131573552
734,867,133,0.133,0.011197582494176458
698,849,151,0.151,0.010715829420951195
738,869,131,0.131,0.011348378400725778
704,852,148,0.148,0.010491774849535432
720,860,140,0.14,0.011826215808163397
748,874,126,0.126,0.012593392882612534
772,886,114,0.114,0.011395599352079443
814,907,93,0.093,0.011185150083678309
726,863,137,0.137,0.011898250920756255
766,883,117,0.117,0.009399567051266785
716,858,142,0.142,0.010499554395501036
724,862,138,0.138,0.010446979878295678
744,872,128,0.128,0.011446977262734435
736,868,132,0.132,0.011767990696709602
706,853,147,0.147,0.012114304705057293
770,885,115,0.115,0.011771225071512162
740,870,130,0.13,0.011612261898408178
728,864,136,0.136,0.010843158586998471
770,885,115,0.115,0.010571290227060671
748,874,126,0.126,0.009461075521481689
730,865,135,0.135,0.009771167389204492
738,869,131,0.131,0.010248082912942665
720,860,140,0.14,0.010887990559102036
770,885,115,0.115,0.010092876860057004
740,870,130,0.13,0.0124566989413579
706,853,147,0.147,0.013339768096979242
674,837,163,0.163,0.013695219172048382
712,856,144,0.144,0.013045955090870849
740,870,130,0.13,0.012005663396441378
740,870,130,0.13,0.011067971826065332
700,850,150,0.15,0.011987412088084966
722,861,139,0.139,0.011634369663021062
758,879,121,0.121,0.010771389917324996
794,897,103,0.103,0.009998250955133698
780,890,110,0.11,0.009684997777891112
722,861,139,0.139,0.009778124102565925
786,893,107,0.107,0.007499820680968696
768,884,116,0.116,0.007712942139973165
778,889,111,0.111,0.008133782133088971
690,845,155,0.155,0.011062234351731605
714,857,143,0.143,0.01466461111677927
746,873,127,0.127,0.015347463590092958
770,885,115,0.115,0.015466776587883941
712,856,144,0.144,0.014780605240142904
716,858,142,0.142,0.011973182804023963
782,891,109,0.109,0.008646773449290776
756,878,122,0.122,0.008295245357381645
728,864,136,0.136,0.008697947359847604
764,882,118,0.118,0.01012657531145669
732,866,134,0.134,0.01420754595269682
702,851,149,0.149,0.015415142061654478
694,847,153,0.153,0.015439740621601231
788,894,106,0.106,0.013666959040361689
788,894,106,0.106,0.00999379952644813
790,895,105,0.105,0.00955339027789887
734,867,133,0.133,0.009543944910576101
754,877,123,0.123,0.0077238078049122125
738,869,131,0.131,0.010363935363828205
764,882,118,0.118,0.009784900768034276
708,854,146,0.146,0.012237854902952677
752,876,124,0.124,0.013026611543114996
752,876,124,0.124,0.012764871061139275
768,884,116,0.116,0.01219261101342272
666,833,167,0.167,0.01267557716119336
730,865,135,0.135,0.011674737215274945
744,872,128,0.128,0.011113569114299025
736,868,132,0.132,0.011539325429184828
778,889,111,0.111,0.01023662072425941
774,887,113,0.113,0.010596466872375459
714,857,143,0.143,0.009521075493277749
812,906,94,0.094,0.008667264414820238
696,848,152,0.152,0.009744662751865689
744,872,128,0.128,0.010812243873398984
744,872,128,0.128,0.01284076698939316
754,877,123,0.123,0.01295921740034828
710,855,145,0.145,0.013591950503061525
792,896,104,0.104,0.011948574663314502
724,862,138,0.138,0.010517705583726639
738,869,131,0.131,0.009763571361181675
750,875,125,0.125,0.010136766926007113
684,842,158,0.158,0.010955121677194255
762,881,119,0.119,0.012073331622232217
730,865,135,0.135,0.012906138038626523
684,842,158,0.158,0.015093313278863206
714,857,143,0.143,0.014704597444157115
722,861,139,0.139,0.013756329349736916
710,855,145,0.145,0.013367486315604764
738,869,131,0.131,0.012779092516517267
716,858,142,0.142,0.011779547280049882
790,895,105,0.105,0.010193920986901504
754,877,123,0.123,0.010727703051001299
730,865,135,0.135,0.011963608570571523
786,893,107,0.107,0.009946492381510325
714,857,143,0.143,0.009747258047718787
726,863,137,0.137,0.009727610824978911
704,852,148,0.148,0.009689859614532906
760,880,120,0.12,0.010152830559207359
776,888,112,0.112,0.011583116086141671
716,858,142,0.142,0.012299075648887083
718,859,141,0.141,0.01197515152352571
696,848,152,0.152,0.012862706108309795
702,851,149,0.149,0.011575433895952301
796,898,102,0.102,0.010801232533616712
764,882,118,0.118,0.010701107384840725
740,870,130,0.13,0.009391351203143132
752,876,124,0.124,0.008312074720131932
728,864,136,0.136,0.00938915724720573
692,846,154,0.154,0.009691663544537732
726,863,137,0.137,0.01182378313044319
708,854,146,0.146,0.01488995893514948
736,868,132,0.132,0.014711333774903324
752,876,124,0.124,0.01459776943345787
692,846,154,0.154,0.014572064893669448
762,881,119,0.119,0.00937525976804318
784,892,108,0.108,0.00881578535499284
744,872,128,0.128,0.008164992955134948
766,883,117,0.117,0.007392694307276543
744,872,128,0.128,0.008822606186527991
714,857,143,0.143,0.011022213773801923
740,870,130,0.13,0.00994282453757478
710,855,145,0.145,0.014786522079550196
732,866,134,0.134,0.015677362548187374
720,860,140,0.14,0.016075463695917277
724,862,138,0.138,0.016098322712059597
728,864,136,0.136,0.012622156678000465
702,851,149,0.149,0.009494546969712246
734,867,133,0.133,0.008631206979698618
754,877,123,0.123,0.008985465429635952
738,869,131,0.131,0.009300502799625973
748,874,126,0.126,0.009700253378483467
736,868,132,0.132,0.010518104539456544
688,844,156,0.156,0.010255164735164727
738,869,131,0.131,0.010865244168657227
738,869,131,0.131,0.012593307318980805
720,860,140,0.14,0.012713230410648976
726,863,137,0.137,0.01238282305089524
728,864,136,0.136,0.011451602759902016
738,869,131,0.131,0.010609647493387456
712,856,144,0.144,0.011480551284003014
760,880,120,0.12,0.010358659584773704
716,858,142,0.142,0.01070622207550332
754,877,123,0.123,0.010209965751870186
700,850,150,0.15,0.011289322231838013
754,877,123,0.123,0.009553454484208487
688,844,156,0.156,0.011909310735703912
768,884,116,0.116,0.010607464318396523
810,905,95,0.095,0.00997199592954712
724,862,138,0.138,0.011043994089966872
766,883,117,0.117,0.009533006464276695
