log_avg_ept_score,log_avg_succ_req,log_avg_blk_req,log_avg_BP_req,log_avg_entropy
-86,457,543,0.543,3.910624116897583
-98,451,549,0.549,3.9104152133464813
-84,458,542,0.542,3.907249671280384
-40,480,520,0.52,3.9106094563007354
-102,449,551,0.551,3.9103914887905122
-24,488,512,0.512,3.9105874519348145
-110,445,555,0.555,3.9101445336341856
-86,457,543,0.543,3.9103759632110595
-64,468,532,0.532,3.9104639387130735
-62,469,531,0.531,3.907259082376957
-16,492,508,0.508,3.910014500141144
-122,439,561,0.561,3.910291846036911
-118,441,559,0.559,3.908475286483765
-62,469,531,0.531,3.9098281133174897
-44,478,522,0.522,3.9100006518363952
-110,445,555,0.555,3.9104983253479
-96,452,548,0.548,3.91033513879776
-60,470,530,0.53,3.910574219942093
-94,453,547,0.547,3.907180871129036
-66,467,533,0.533,3.906756335243583
-100,450,550,0.55,3.9024781898111103
-34,483,517,0.517,3.9102523953914643
-94,453,547,0.547,3.9105512533187867
-54,473,527,0.527,3.910280224084854
-76,462,538,0.538,3.9102550601959227
-64,468,532,0.532,3.9101637222766876
-56,472,528,0.528,3.907881669521332
-78,461,539,0.539,3.909515428304672
-50,475,525,0.525,3.907166605234146
-52,474,526,0.526,3.9065301641225814
-90,455,545,0.545,3.9100802285671232
-88,456,544,0.544,3.909312699794769
-138,431,569,0.569,3.9079149520397185
-76,462,538,0.538,3.9103886189460755
-62,469,531,0.531,3.9102665724754333
-122,439,561,0.561,3.9099950754642485
-128,436,564,0.564,3.906268632983789
-76,462,538,0.538,3.910222762107849
-164,418,582,0.582,3.910080927610397
-122,439,561,0.561,3.893391969627043
-64,468,532,0.532,3.9099469735622407
-76,462,538,0.538,3.9054639682332053
-70,465,535,0.535,3.9099550697803496
-104,448,552,0.552,3.909765708684921
-122,439,561,0.561,3.9100359511375427
-56,472,528,0.528,3.909849238395691
-102,449,551,0.551,3.90425738132
-84,458,542,0.542,3.9089147174358367
-64,468,532,0.532,3.909850311279297
-96,452,548,0.548,3.9096101961135865
-30,485,515,0.515,3.9092530012130737
-116,442,558,0.558,3.9093855698108673
-130,435,565,0.565,3.9095741882324218
-134,433,567,0.567,3.9092326531410215
-82,459,541,0.541,3.9094824421405794
-102,449,551,0.551,3.9091034874916075
-100,450,550,0.55,3.898828507344675
-96,452,548,0.548,3.9075232203006744
-88,456,544,0.544,3.9041893672943115
-118,441,559,0.559,3.9048998844623566
-104,448,552,0.552,3.9078221628665926
-74,463,537,0.537,3.9083665921688078
-98,451,549,0.549,3.9032167767882346
-52,474,526,0.526,3.903960108876228
-60,470,530,0.53,3.9064559433460238
-80,460,540,0.54,3.904123168755323
-72,464,536,0.536,3.906660877466202
-56,472,528,0.528,3.907696852207184
-120,440,560,0.56,3.907475046157837
-86,457,543,0.543,3.9081097321510314
-102,449,551,0.551,3.9080191745758057
-114,443,557,0.557,3.907803069114685
-50,475,525,0.525,3.9056816263198852
-76,462,538,0.538,3.904798925638199
-50,475,525,0.525,3.899521694302559
-38,481,519,0.519,3.9058120572566986
-12,494,506,0.506,3.9038152635097503
-14,493,507,0.507,3.893581285755616
-44,478,522,0.522,3.89516792495817
-40,480,520,0.52,3.904413691997528
-60,470,530,0.53,3.904700607776642
-50,475,525,0.525,3.902844451189041
-92,454,546,0.546,3.898577739298344
-112,444,556,0.556,3.9037852914333344
-58,471,529,0.529,3.903450658082962
-100,450,550,0.55,3.90042081618309
-60,470,530,0.53,3.9028605127334597
-96,452,548,0.548,3.9021387672424317
-46,477,523,0.523,3.8969563878774642
-56,472,528,0.528,3.9011941499710083
-74,463,537,0.537,3.8973006906399967
-14,493,507,0.507,3.8992787744998934
-66,467,533,0.533,3.898709611415863
-80,460,540,0.54,3.9010437569618226
-80,460,540,0.54,3.892632919240743
-116,442,558,0.558,3.8985026173591613
-26,487,513,0.513,3.893227543771267
-2,499,501,0.501,3.8787311791777612
-70,465,535,0.535,3.896860203742981
-32,484,516,0.516,3.8955458743572233
0,500,500,0.5,3.8880436860919
-62,469,531,0.531,3.8935873519778252
-58,471,529,0.529,3.8966869308948517
-14,493,507,0.507,3.8935196397304535
-50,475,525,0.525,3.8901246545165775
-56,472,528,0.528,3.8881214094231837
-56,472,528,0.528,3.892096397191286
-8,496,504,0.504,3.8840132871335373
-52,474,526,0.526,3.8953564026355743
-44,478,522,0.522,3.894783164739609
-58,471,529,0.529,3.8759293154151537
-80,460,540,0.54,3.8953501880168915
-60,470,530,0.53,3.878343158364296
-36,482,518,0.518,3.8876271046325566
-2,499,501,0.501,3.88091395175457
-20,490,510,0.51,3.881262666586597
-6,497,503,0.503,3.8872558348015884
4,502,498,0.498,3.888628597021103
-52,474,526,0.526,3.8863151935338975
-58,471,529,0.529,3.8807433161011433
-46,477,523,0.523,3.8928462374210357
-88,456,544,0.544,3.8923322553634643
-52,474,526,0.526,3.891112749814987
-82,459,541,0.541,3.8899720084667204
-24,488,512,0.512,3.88693722653389
-10,495,505,0.505,3.8912359020709992
-64,468,532,0.532,3.890927530050278
0,500,500,0.5,3.8881702115249355
-44,478,522,0.522,3.888626087427139
18,509,491,0.491,3.884269847311105
-34,483,517,0.517,3.8878915226459503
-8,496,504,0.504,3.8877860062122345
8,504,496,0.496,3.8853524162769317
-44,478,522,0.522,3.883633064031601
-14,493,507,0.507,3.8797612606137992
-14,493,507,0.507,3.8849362453110516
-44,478,522,0.522,3.8846445450782774
-40,480,520,0.52,3.8831849026800485
-60,470,530,0.53,3.8843212398290636
-10,495,505,0.505,3.88794277048111
-78,461,539,0.539,3.886871526002884
-18,491,509,0.509,3.8865941174030305
-24,488,512,0.512,3.8873651452064513
-32,484,516,0.516,3.8815494250655176
12,506,494,0.494,3.8859304332733156
-36,482,518,0.518,3.8832212796211243
-12,494,506,0.506,3.8822243778705596
-32,484,516,0.516,3.8679492948651313
-16,492,508,0.508,3.880301523566246
-72,464,536,0.536,3.8835940787792205
-10,495,505,0.505,3.8732693660855295
-60,470,530,0.53,3.8784397469025245
24,512,488,0.488,3.881206988096237
26,513,487,0.487,3.8826342070102693
-34,483,517,0.517,3.8841475703716277
-54,473,527,0.527,3.878640121102333
-52,474,526,0.526,3.8611551344392994
-20,490,510,0.51,3.873860300987959
-26,487,513,0.513,3.877300349712372
-12,494,506,0.506,3.8828634285926817
-44,478,522,0.522,3.8777289251089098
0,500,500,0.5,3.8801325335502623
-20,490,510,0.51,3.8807540361881254
-64,468,532,0.532,3.869801056745251
-30,485,515,0.515,3.880319929122925
10,505,495,0.495,3.8652746144298
-6,497,503,0.503,3.868722546327044
-20,490,510,0.51,3.8639108708576098
-38,481,519,0.519,3.866563633620739
4,502,498,0.498,3.8734405982494353
-22,489,511,0.511,3.816986912963851
-12,494,506,0.506,3.8606396583320604
22,511,489,0.489,3.8669521970077914
28,514,486,0.486,3.8670413853044154
-22,489,511,0.511,3.8663602118231357
10,505,495,0.495,3.8454572516680128
20,510,490,0.49,3.873900166749954
-28,486,514,0.514,3.861215914994478
-14,493,507,0.507,3.86327308084359
30,515,485,0.485,3.8706122527039843
-32,484,516,0.516,3.8644430592070567
-50,475,525,0.525,3.865262163895575
-16,492,508,0.508,3.8680054817199707
-74,463,537,0.537,3.861400401473045
28,514,486,0.486,3.8653096187114717
34,517,483,0.483,3.8498229752123296
26,513,487,0.487,3.8496324316022155
32,516,484,0.484,3.853774984590709
-2,499,501,0.501,3.855072262986563
14,507,493,0.493,3.850145612835884
-38,481,519,0.519,3.8501342643797396
66,533,467,0.467,3.8559398630857467
-24,488,512,0.512,3.8542619298696517
4,502,498,0.498,3.8551023371219637
-46,477,523,0.523,3.8578687019348146
-24,488,512,0.512,3.850214297488332
2,501,499,0.499,3.859042519569397
-38,481,519,0.519,3.8455322976708413
-24,488,512,0.512,3.8579423022270203
-32,484,516,0.516,3.8457863589040935
56,528,472,0.472,3.8410475450495722
8,504,496,0.496,3.8425192432403565
14,507,493,0.493,3.8275506598353384
34,517,483,0.483,3.8318864306045324
48,524,476,0.476,3.8341255712509157
36,518,482,0.482,3.81865025137654
20,510,490,0.49,3.8312196547297064
-24,488,512,0.512,3.8269130229353903
58,529,471,0.471,3.8195749703003092
80,540,460,0.46,3.826053796052933
18,509,491,0.491,3.823051693677902
78,539,461,0.461,3.82633043217659
22,511,489,0.489,3.8172381379745204
116,558,442,0.442,3.8192151967287065
28,514,486,0.486,3.8195244057700037
74,537,463,0.463,3.8148611404505792
64,532,468,0.468,3.7955107177119936
84,542,458,0.458,3.7891307195574044
38,519,481,0.481,3.7759050428888816
64,532,468,0.468,3.777075031995773
54,527,473,0.473,3.7748967185020446
60,530,470,0.47,3.7662936121898603
68,534,466,0.466,3.7784801571369173
58,529,471,0.471,3.7732364042066036
60,530,470,0.47,3.736227704524994
114,557,443,0.443,3.723958802834153
104,552,448,0.448,3.6976038079892266
110,555,445,0.445,3.7137917787432673
66,533,467,0.467,3.7167469366788866
174,587,413,0.413,3.705609517097473
130,565,435,0.435,3.6746951860679253
128,564,436,0.436,3.7079429187774657
136,568,432,0.432,3.6851199083328248
116,558,442,0.442,3.6915447306632996
158,579,421,0.421,3.6357025137551275
158,579,421,0.421,3.6339364002943038
156,578,422,0.422,3.6280613344328034
218,609,391,0.391,3.6215680337543534
202,601,399,0.399,3.609099681004882
188,594,406,0.406,3.6114882876873016
246,623,377,0.377,3.356235916092992
230,615,385,0.385,3.4165528309345246
238,619,381,0.381,3.2922512523929144
298,649,351,0.351,3.272687537416816
292,646,354,0.354,3.2768284865021706
242,621,379,0.379,3.2637093914635478
312,656,344,0.344,3.2363485069542075
292,646,354,0.354,3.245215154929843
268,634,366,0.366,3.226462695479393
274,637,363,0.363,3.1768343170955777
232,616,384,0.384,3.1949971423338868
364,682,318,0.318,3.1938844710588454
294,647,353,0.353,3.086401993321255
292,646,354,0.354,3.0564895218856254
292,646,354,0.354,3.1537402271265456
350,675,325,0.325,2.9924643974282428
500,750,250,0.25,2.1430798863280778
556,778,222,0.222,2.028856360340491
520,760,240,0.24,1.8885247866436838
488,744,256,0.256,1.7369896562498572
452,726,274,0.274,1.745048662126129
486,743,257,0.257,1.9235392049594258
536,768,232,0.232,1.801654500766446
556,778,222,0.222,1.724782583869994
552,776,224,0.224,1.5454977701806678
562,781,219,0.219,1.4722154222471782
544,772,228,0.228,1.4656529775653035
518,759,241,0.241,1.7250900098577804
554,777,223,0.223,1.6124218479452574
506,753,247,0.247,1.4662836250867985
532,766,234,0.234,1.483028260463383
566,783,217,0.217,1.2988771320977988
584,792,208,0.208,0.645745764588105
582,791,209,0.209,0.4759734134061242
596,798,202,0.202,0.5013107988977386
618,809,191,0.191,0.4341715866247532
628,814,186,0.186,0.4276361478109611
592,796,204,0.204,0.3353289438448144
588,794,206,0.206,0.4129814040860994
602,801,199,0.199,0.4389114465367748
684,842,158,0.158,0.3072500475008128
636,818,182,0.182,0.40934502077249274
642,821,179,0.179,0.35693695044004564
658,829,171,0.171,0.3083815661827443
602,801,199,0.199,0.29078806276246905
634,817,183,0.183,0.3098596394826891
620,810,190,0.19,0.31627453834432206
636,818,182,0.182,0.2942397849582776
584,792,208,0.208,0.3251730808452703
648,824,176,0.176,0.36298576592247456
598,799,201,0.201,0.36155272422154666
574,787,213,0.213,0.4332514573057076
596,798,202,0.202,0.3998944468260743
622,811,189,0.189,0.4973473143858194
642,821,179,0.179,0.5187861709251627
616,808,192,0.192,0.6005483133938396
548,774,226,0.226,0.6762977659101402
618,809,191,0.191,0.7050618677027524
576,788,212,0.212,0.8356820355951786
656,828,172,0.172,0.7357182304728777
612,806,194,0.194,0.9076291350601273
580,790,210,0.21,0.8813017527784687
576,788,212,0.212,0.8279529535645052
584,792,208,0.208,0.9184548530187457
562,781,219,0.219,0.960063034543647
670,835,165,0.165,0.9410659498344176
654,827,173,0.173,1.0510530576817692
596,798,202,0.202,1.0821442378275097
568,784,216,0.216,1.1338576871446058
576,788,212,0.212,1.155172968495637
632,816,184,0.184,1.214457264125347
562,781,219,0.219,1.3231187843341259
556,778,222,0.222,1.2779804303050042
600,800,200,0.2,1.3266621448919178
604,802,198,0.198,1.323536721047014
602,801,199,0.199,1.3444554588496684
530,765,235,0.235,1.4040044176317752
576,788,212,0.212,1.344011172130704
588,794,206,0.206,1.322871413656103
570,785,215,0.215,1.4147419857531787
598,799,201,0.201,1.2953822264000774
644,822,178,0.178,1.310662899157538
526,763,237,0.237,1.3961453493018634
554,777,223,0.223,1.4315496217713808
558,779,221,0.221,1.4043359917742781
564,782,218,0.218,1.3226564956456424
594,797,203,0.203,1.350000371778864
576,788,212,0.212,1.3593698940388859
624,812,188,0.188,1.1821329760998487
588,794,206,0.206,1.2594096501767744
566,783,217,0.217,1.3187443913022203
594,797,203,0.203,1.1698326478675007
576,788,212,0.212,1.2126631478947014
570,785,215,0.215,1.1166721753180027
594,797,203,0.203,1.17673505724594
624,812,188,0.188,1.0639951139187733
630,815,185,0.185,1.020140388779342
636,818,182,0.182,1.0955071303546429
584,792,208,0.208,1.1408801553342491
520,760,240,0.24,1.2484607527405023
628,814,186,0.186,1.103099860191578
570,785,215,0.215,1.1744007545635105
576,788,212,0.212,1.1427937965687016
584,792,208,0.208,1.0574448615778238
638,819,181,0.181,1.0219335050582885
612,806,194,0.194,1.0969743883311749
582,791,209,0.209,1.104202924547158
614,807,193,0.193,1.0384380375742912
540,770,230,0.23,1.126907386904172
578,789,211,0.211,1.2184546075705438
650,825,175,0.175,1.0220116174283294
590,795,205,0.205,1.130946723781526
600,800,200,0.2,1.1074133492819964
630,815,185,0.185,1.0539889411479235
592,796,204,0.204,1.1694237577868625
568,784,216,0.216,1.1893262289315463
622,811,189,0.189,1.1669913700073957
648,824,176,0.176,1.0629167972952127
654,827,173,0.173,1.0939020497500898
618,809,191,0.191,1.2653517568036914
640,820,180,0.18,1.2932942231197375
546,773,227,0.227,1.430918162420392
640,820,180,0.18,1.3827796211061067
586,793,207,0.207,1.4816237585544587
534,767,233,0.233,1.665062267947942
574,787,213,0.213,1.5866006953306495
604,802,198,0.198,1.5923918650448323
604,802,198,0.198,1.487777716010809
572,786,214,0.214,1.60852245002985
574,787,213,0.213,1.657435680048705
578,789,211,0.211,1.669562120718183
612,806,194,0.194,1.6130796152055265
620,810,190,0.19,1.6824328591022641
550,775,225,0.225,1.7878223778605462
582,791,209,0.209,1.7547037928197533
582,791,209,0.209,1.7999502175450326
632,816,184,0.184,1.7313475062996149
576,788,212,0.212,1.8876060652136804
564,782,218,0.218,1.8651553089375688
590,795,205,0.205,1.8761138776540756
610,805,195,0.195,1.8738653551340103
586,793,207,0.207,1.846563869178295
612,806,194,0.194,1.882678901284933
580,790,210,0.21,1.949561551451683
548,774,226,0.226,2.0180197385549543
638,819,181,0.181,1.9276810349375009
646,823,177,0.177,1.9274603838920594
656,828,172,0.172,1.9199787765741347
668,834,166,0.166,1.8898406884670258
616,808,192,0.192,1.970327442765236
614,807,193,0.193,1.928528968155384
654,827,173,0.173,1.8798215622901917
630,815,185,0.185,1.90879557100254
616,808,192,0.192,1.9152211562767625
664,832,168,0.168,1.857973262503743
610,805,195,0.195,1.9055879032313823
666,833,167,0.167,1.8762514250278473
624,812,188,0.188,1.876290484368801
612,806,194,0.194,1.8517668980360031
680,840,160,0.16,1.8004864925146102
706,853,147,0.147,1.6616964701414108
666,833,167,0.167,1.6808103549480438
640,820,180,0.18,1.6114181472063065
690,845,155,0.155,1.637905522942543
654,827,173,0.173,1.6667526518702507
682,841,159,0.159,1.5908663323372603
668,834,166,0.166,1.6068386448025704
666,833,167,0.167,1.588839797258377
638,819,181,0.181,1.6004144693017006
706,853,147,0.147,1.5466483551859855
734,867,133,0.133,1.5117139028310775
606,803,197,0.197,1.633310319542885
656,828,172,0.172,1.5987482576668262
694,847,153,0.153,1.5258001340329648
686,843,157,0.157,1.5330318178534508
604,802,198,0.198,1.5897920459508896
718,859,141,0.141,1.3530464037954808
654,827,173,0.173,1.3838135616779328
690,845,155,0.155,1.3346425157785415
726,863,137,0.137,1.2503233592244614
686,843,157,0.157,1.3032598971128464
690,845,155,0.155,1.3287063524127007
676,838,162,0.162,1.3612732049226761
744,872,128,0.128,1.2672056129388511
648,824,176,0.176,1.3696667518913745
634,817,183,0.183,1.3680224631726743
732,866,134,0.134,1.2744521633158439
708,854,146,0.146,1.2713245608443395
682,841,159,0.159,1.3108999980390073
618,809,191,0.191,1.3198784649372102
716,858,142,0.142,1.2635314429402351
660,830,170,0.17,1.2792048684954642
714,857,143,0.143,1.197042089805007
722,861,139,0.139,1.2014347445368767
710,855,145,0.145,1.1571799761184958
718,859,141,0.141,1.0965684030726552
604,802,198,0.198,1.1972557050138712
736,868,132,0.132,1.0346574009700706
704,852,148,0.148,1.116827452659607
664,832,168,0.168,1.1255399366747587
708,854,146,0.146,1.1402238442003727
728,864,136,0.136,1.0620749832198197
712,856,144,0.144,1.081669427406212
658,829,171,0.171,1.1429382892646827
752,876,124,0.124,1.0495885559958407
640,820,180,0.18,1.0821253145358496
764,882,118,0.118,0.9727976321578026
712,856,144,0.144,0.9388073924630881
752,876,124,0.124,0.9207733962386847
652,826,174,0.174,0.9394157250598073
670,835,165,0.165,0.9031933524906636
722,861,139,0.139,0.834004047955299
662,831,169,0.169,0.8712308505028487
696,848,152,0.152,0.7945187587067485
716,858,142,0.142,0.7814524683989584
734,867,133,0.133,0.7236869955956936
766,883,117,0.117,0.7006798748783767
732,866,134,0.134,0.7255610029324889
684,842,158,0.158,0.6698738947734236
762,881,119,0.119,0.5927043219320476
744,872,128,0.128,0.5567684484626928
696,848,152,0.152,0.6503206948686857
730,865,135,0.135,0.6656017164364457
748,874,126,0.126,0.5619761498571632
734,867,133,0.133,0.5815286631248892
764,882,118,0.118,0.5058909845737234
732,866,134,0.134,0.5195269905929454
812,906,94,0.094,0.478885146536144
682,841,159,0.159,0.5795786343440413
708,854,146,0.146,0.557180944647652
694,847,153,0.153,0.5794425987736324
730,865,135,0.135,0.4964434475041926
730,865,135,0.135,0.4045528980163726
774,887,113,0.113,0.37063560970127585
714,857,143,0.143,0.44623745801486076
788,894,106,0.106,0.34755037890933455
758,879,121,0.121,0.37633486567623914
736,868,132,0.132,0.40059269180893897
774,887,113,0.113,0.35442907528270734
740,870,130,0.13,0.43329827053286135
716,858,142,0.142,0.4308033668673085
724,862,138,0.138,0.42390876437351105
788,894,106,0.106,0.3205566477142274
736,868,132,0.132,0.3895922035919648
802,901,99,0.099,0.3373042689486756
720,860,140,0.14,0.36537923822831364
750,875,125,0.125,0.36446446481067685
712,856,144,0.144,0.3597220381842926
752,876,124,0.124,0.2803061268301681
744,872,128,0.128,0.3151293027008373
746,873,127,0.127,0.3167405266641932
724,862,138,0.138,0.3081429597502574
708,854,146,0.146,0.3241462389752269
764,882,118,0.118,0.3144553165749837
778,889,111,0.111,0.29265204040939896
786,893,107,0.107,0.2925266011748463
728,864,136,0.136,0.29633573049765255
692,846,154,0.154,0.35244522025377956
796,898,102,0.102,0.23757964260783046
750,875,125,0.125,0.30559741423185915
752,876,124,0.124,0.2811071827383712
778,889,111,0.111,0.24020557998958975
756,878,122,0.122,0.2715481371637434
784,892,108,0.108,0.24625368532980793
776,888,112,0.112,0.23734942536707967
768,884,116,0.116,0.19882952067628504
772,886,114,0.114,0.22387065350078048
812,906,94,0.094,0.2033662993935868
744,872,128,0.128,0.21183436876293854
802,901,99,0.099,0.1901069679860957
684,842,158,0.158,0.29209230830051863
772,886,114,0.114,0.19982076711719857
754,877,123,0.123,0.23255787301016972
786,893,107,0.107,0.16298950244206936
712,856,144,0.144,0.25032415685924936
730,865,135,0.135,0.20147967816011805
784,892,108,0.108,0.1831127530564554
790,895,105,0.105,0.18065431101422383
796,898,102,0.102,0.16463191978796385
702,851,149,0.149,0.2211001413348131
770,885,115,0.115,0.16268788397544995
722,861,139,0.139,0.2064630835026037
764,882,118,0.118,0.13506777666928246
806,903,97,0.097,0.12275739712431095
796,898,102,0.102,0.14960535427752347
780,890,110,0.11,0.16173940308588988
776,888,112,0.112,0.14665209340909496
732,866,134,0.134,0.19319633158668875
778,889,111,0.111,0.15891092066187826
774,887,113,0.113,0.147414551755056
752,876,124,0.124,0.15075765150481674
800,900,100,0.1,0.14130640897876584
732,866,134,0.134,0.1755830227358383
782,891,109,0.109,0.14456593686282088
794,897,103,0.103,0.1366766482307785
816,908,92,0.092,0.13597264916379936
714,857,143,0.143,0.17048742261715233
750,875,125,0.125,0.1622399585297585
794,897,103,0.103,0.13961705174829558
764,882,118,0.118,0.16473219444416462
738,869,131,0.131,0.16640472798096015
820,910,90,0.09,0.13707012418347586
772,886,114,0.114,0.14369132998110126
786,893,107,0.107,0.1622608706546016
784,892,108,0.108,0.14627168948482722
748,874,126,0.126,0.16828136212420214
702,851,149,0.149,0.17295270052622072
770,885,115,0.115,0.1560972468634136
786,893,107,0.107,0.13514478202722965
790,895,105,0.105,0.14350849518540781
706,853,147,0.147,0.185786484927914
808,904,96,0.096,0.13810241592791864
774,887,113,0.113,0.13774317197677804
706,853,147,0.147,0.19086818421061616
712,856,144,0.144,0.15415850338502787
780,890,110,0.11,0.15617676704376937
692,846,154,0.154,0.147892792112194
822,911,89,0.089,0.13284116495528725
762,881,119,0.119,0.12623847702424973
720,860,140,0.14,0.1511541450165678
764,882,118,0.118,0.11856296679211666
802,901,99,0.099,0.1294462452046573
732,866,134,0.134,0.13944307750859297
696,848,152,0.152,0.15338342782319522
768,884,116,0.116,0.11021792600688059
756,878,122,0.122,0.13251407148130237
814,907,93,0.093,0.10314936118747678
742,871,129,0.129,0.12667797932168673
768,884,116,0.116,0.10994098942409047
782,891,109,0.109,0.0825511855671648
696,848,152,0.152,0.1277455914054635
744,872,128,0.128,0.1256879229352344
776,888,112,0.112,0.10555823971630478
750,875,125,0.125,0.14357881184935103
802,901,99,0.099,0.13211416628188455
820,910,90,0.09,0.10630657806328964
778,889,111,0.111,0.10739504279417952
790,895,105,0.105,0.11278678859540799
846,923,77,0.077,0.10119545969439787
756,878,122,0.122,0.1275185638035182
786,893,107,0.107,0.11189244947848363
798,899,101,0.101,0.11307265187054873
776,888,112,0.112,0.115282066862571
732,866,134,0.134,0.12307066254298116
776,888,112,0.112,0.1104662666800432
742,871,129,0.129,0.1344227156881243
780,890,110,0.11,0.10094534486078191
754,877,123,0.123,0.10602914764569141
726,863,137,0.137,0.11992649019043893
796,898,102,0.102,0.10781574750849177
730,865,135,0.135,0.1261258652457418
778,889,111,0.111,0.10427184825763108
754,877,123,0.123,0.10884359421732734
796,898,102,0.102,0.10688741268776357
768,884,116,0.116,0.12788452497398975
778,889,111,0.111,0.09865027968492358
790,895,105,0.105,0.08974614200834187
724,862,138,0.138,0.12379165144916623
762,881,119,0.119,0.10329538372228854
750,875,125,0.125,0.10849125940990421
798,899,101,0.101,0.10929637877772674
742,871,129,0.129,0.12278620831505395
708,854,146,0.146,0.13043358092300394
762,881,119,0.119,0.09428095454827416
768,884,116,0.116,0.11817279994976707
712,856,144,0.144,0.14946836090126817
804,902,98,0.098,0.09874621133110488
734,867,133,0.133,0.10917024020431564
824,912,88,0.088,0.09473390724849014
770,885,115,0.115,0.12051690912621144
816,908,92,0.092,0.08407894865363626
736,868,132,0.132,0.1083714237078093
802,901,99,0.099,0.08009773013560334
764,882,118,0.118,0.11438523036870174
808,904,96,0.096,0.08141588043642696
766,883,117,0.117,0.13068560682074168
820,910,90,0.09,0.07311110496288166
768,884,116,0.116,0.13236796612484614
722,861,139,0.139,0.10978435042523779
764,882,118,0.118,0.09822662869014312
816,908,92,0.092,0.08274350292654709
768,884,116,0.116,0.10737620558636263
750,875,125,0.125,0.10309872266884122
726,863,137,0.137,0.09360108285991009
778,889,111,0.111,0.09807085030130111
834,917,83,0.083,0.08099888129346074
744,872,128,0.128,0.10076749432377984
758,879,121,0.121,0.09472476335032844
764,882,118,0.118,0.09612432704051026
736,868,132,0.132,0.10985608020762447
692,846,154,0.154,0.10504876777320168
706,853,147,0.147,0.09824256270681508
724,862,138,0.138,0.12079328511399216
808,904,96,0.096,0.07227718857907808
798,899,101,0.101,0.07512984303190236
788,894,106,0.106,0.06631260896637253
722,861,139,0.139,0.1065566321213264
756,878,122,0.122,0.08718670238445884
772,886,114,0.114,0.0874497883723816
780,890,110,0.11,0.07179979327961765
766,883,117,0.117,0.09353566785828611
754,877,123,0.123,0.08069222308369353
718,859,141,0.141,0.07179137736783826
778,889,111,0.111,0.07304311852541287
762,881,119,0.119,0.08842445561146474
756,878,122,0.122,0.0744647874997463
730,865,135,0.135,0.0871171617593764
766,883,117,0.117,0.07096978563917776
784,892,108,0.108,0.0734039783156477
772,886,114,0.114,0.07283182361653599
786,893,107,0.107,0.10697777523892
790,895,105,0.105,0.0857089553171536
780,890,110,0.11,0.08973932459182106
850,925,75,0.075,0.07122964505301933
698,849,151,0.151,0.10797310634842144
738,869,131,0.131,0.11244408399378882
838,919,81,0.081,0.07406620162446052
750,875,125,0.125,0.10851082827150822
788,894,106,0.106,0.07497934726104724
746,873,127,0.127,0.09289734719949774
744,872,128,0.128,0.10621859094384126
728,864,136,0.136,0.11397071733651683
742,871,129,0.129,0.11032928497786637
742,871,129,0.129,0.0806287856705021
774,887,113,0.113,0.08637410974642262
764,882,118,0.118,0.08972406559600495
732,866,134,0.134,0.08181168482557406
726,863,137,0.137,0.09453722601489789
748,874,126,0.126,0.08235130240640137
756,878,122,0.122,0.06893459023467428
712,856,144,0.144,0.09067374915326945
750,875,125,0.125,0.07157266591209918
796,898,102,0.102,0.06039439614699222
712,856,144,0.144,0.0925956080230244
716,858,142,0.142,0.06993677893888525
748,874,126,0.126,0.0721575460608583
818,909,91,0.091,0.06058833277458325
762,881,119,0.119,0.06779844977695029
710,855,145,0.145,0.08092303083278239
786,893,107,0.107,0.06353548156394391
710,855,145,0.145,0.0809771516568144
776,888,112,0.112,0.059276937079848734
798,899,101,0.101,0.055556290299320264
742,871,129,0.129,0.08101209862536052
730,865,135,0.135,0.08897108847764322
778,889,111,0.111,0.07612112659867853
820,910,90,0.09,0.06005923329759389
740,870,130,0.13,0.0779719753691731
824,912,88,0.088,0.05488561255647801
804,902,98,0.098,0.07548619184433485
748,874,126,0.126,0.06400732821901328
838,919,81,0.081,0.06754822897049598
736,868,132,0.132,0.08372050365526229
672,836,164,0.164,0.12432935170803212
684,842,158,0.158,0.10668002223502844
770,885,115,0.115,0.0939801100774439
750,875,125,0.125,0.07899134417530322
758,879,121,0.121,0.09583376842131838
766,883,117,0.117,0.09207515909388896
786,893,107,0.107,0.07990597950678498
792,896,104,0.104,0.08093271022909905
774,887,113,0.113,0.08339563213731163
760,880,120,0.12,0.0732173951080758
776,888,112,0.112,0.07024975905823522
824,912,88,0.088,0.05893421429820593
780,890,110,0.11,0.058220482806442306
832,916,84,0.084,0.060919050230295396
730,865,135,0.135,0.07526534198317676
784,892,108,0.108,0.061834470159723424
758,879,121,0.121,0.06355993616126944
776,888,112,0.112,0.06858725614193827
830,915,85,0.085,0.051062131421844244
776,888,112,0.112,0.06833330437610857
784,892,108,0.108,0.05106223934853915
780,890,110,0.11,0.050108873280580155
752,876,124,0.124,0.04379574660514481
766,883,117,0.117,0.05030120319973708
806,903,97,0.097,0.048453084067790766
734,867,133,0.133,0.06204116823303049
770,885,115,0.115,0.04626068893272895
756,878,122,0.122,0.06584158741123974
780,890,110,0.11,0.0511511016623117
794,897,103,0.103,0.05587733703388949
684,842,158,0.158,0.06957463334163186
772,886,114,0.114,0.06161399375348561
776,888,112,0.112,0.044756140261190014
776,888,112,0.112,0.0557927346782526
746,873,127,0.127,0.06812722678564023
762,881,119,0.119,0.0655337071330447
788,894,106,0.106,0.05690170480916277
802,901,99,0.099,0.05955432311166078
740,870,130,0.13,0.07546283589128872
830,915,85,0.085,0.0605797108723782
790,895,105,0.105,0.05706552896555513
802,901,99,0.099,0.05385871240880806
734,867,133,0.133,0.06939864868111909
716,858,142,0.142,0.08381764502159786
800,900,100,0.1,0.06831689445350256
758,879,121,0.121,0.06501285617868416
786,893,107,0.107,0.07073346681281692
826,913,87,0.087,0.05655503618775289
814,907,93,0.093,0.06782165342033843
798,899,101,0.101,0.06808171576684016
740,870,130,0.13,0.06865078834985618
774,887,113,0.113,0.06662244171299972
728,864,136,0.136,0.058369638367579156
836,918,82,0.082,0.0414475773709128
782,891,109,0.109,0.062127558653577594
726,863,137,0.137,0.055717990286211716
784,892,108,0.108,0.04840389688705
756,878,122,0.122,0.04463740698783659
802,901,99,0.099,0.04327718734525843
780,890,110,0.11,0.04037302767112851
786,893,107,0.107,0.050905765414936466
760,880,120,0.12,0.05626935770564873
754,877,123,0.123,0.03769153359142365
776,888,112,0.112,0.0484347591299029
812,906,94,0.094,0.03996438334521373
788,894,106,0.106,0.039193775092600844
766,883,117,0.117,0.04102998478151858
814,907,93,0.093,0.043356226485964725
784,892,108,0.108,0.0482718571111327
768,884,116,0.116,0.038776088834158146
756,878,122,0.122,0.0418721592532238
758,879,121,0.121,0.053653861617771324
714,857,143,0.143,0.05678829232923454
732,866,134,0.134,0.05915405983873644
758,879,121,0.121,0.06602005339356766
746,873,127,0.127,0.05693357746803667
764,882,118,0.118,0.06103531230345834
766,883,117,0.117,0.04995536806981545
730,865,135,0.135,0.06510812061454635
790,895,105,0.105,0.05067546389288327
788,894,106,0.106,0.05376625174109358
826,913,87,0.087,0.061859851116475996
726,863,137,0.137,0.07264597861655056
710,855,145,0.145,0.07333506118711847
794,897,103,0.103,0.06464148607314564
788,894,106,0.106,0.06558023943519223
778,889,111,0.111,0.07052353799479898
782,891,109,0.109,0.04726393264578655
752,876,124,0.124,0.07089340173784128
768,884,116,0.116,0.07199242092008558
780,890,110,0.11,0.05469749124615919
774,887,113,0.113,0.058072223432711324
790,895,105,0.105,0.048365431748796255
804,902,98,0.098,0.05698636345009254
808,904,96,0.096,0.047197057236684485
832,916,84,0.084,0.04798614372860174
828,914,86,0.086,0.03990851342078531
772,886,114,0.114,0.058372359852772206
776,888,112,0.112,0.04279876512871124
786,893,107,0.107,0.041904165288666265
718,859,141,0.141,0.055319046318528325
758,879,121,0.121,0.05574245217801945
772,886,114,0.114,0.03631845833800617
788,894,106,0.106,0.03324782940617297
738,869,131,0.131,0.04928968174249167
780,890,110,0.11,0.0421373551992001
792,896,104,0.104,0.02992832347364346
758,879,121,0.121,0.04360504558391404
748,874,126,0.126,0.039838415075260855
800,900,100,0.1,0.03397677953436505
718,859,141,0.141,0.053244117213180286
726,863,137,0.137,0.039027779919095354
764,882,118,0.118,0.04332210180722177
778,889,111,0.111,0.05981022828677669
814,907,93,0.093,0.038754294898477384
738,869,131,0.131,0.05796189052326372
750,875,125,0.125,0.052186474767746405
760,880,120,0.12,0.047076006006798704
790,895,105,0.105,0.056858219095127435
740,870,130,0.13,0.06069427450909281
746,873,127,0.127,0.06063728772255127
780,890,110,0.11,0.052479787746095095
728,864,136,0.136,0.08200884405802936
752,876,124,0.124,0.05764711594593247
770,885,115,0.115,0.058909122891840526
748,874,126,0.126,0.06695589121174998
746,873,127,0.127,0.047605515703791755
702,851,149,0.149,0.07598629195510875
808,904,96,0.096,0.048830175391009915
764,882,118,0.118,0.06283024217677302
750,875,125,0.125,0.058930342060979454
762,881,119,0.119,0.057531870549282285
734,867,133,0.133,0.06671577145101039
808,904,96,0.096,0.06074921458098106
768,884,116,0.116,0.06777753617113923
732,866,134,0.134,0.06228187164454721
810,905,95,0.095,0.06079370372106178
750,875,125,0.125,0.05533063805755228
748,874,126,0.126,0.05298107875394635
798,899,101,0.101,0.040789811497030315
730,865,135,0.135,0.04601223915058654
796,898,102,0.102,0.04143066436929803
760,880,120,0.12,0.03957864386844449
754,877,123,0.123,0.042059449181018865
736,868,132,0.132,0.04482347472454421
730,865,135,0.135,0.0408628696507094
764,882,118,0.118,0.03459213283705822
790,895,105,0.105,0.0391344265131047
786,893,107,0.107,0.03996816869574832
696,848,152,0.152,0.045449925551129124
718,859,141,0.141,0.04036282757848677
826,913,87,0.087,0.031298919367953204
760,880,120,0.12,0.044916354240437176
704,852,148,0.148,0.04903785609020724
822,911,89,0.089,0.03361669758154457
772,886,114,0.114,0.04391931676539104
778,889,111,0.111,0.0453348666090169
734,867,133,0.133,0.05205027056736304
716,858,142,0.142,0.05702660215939615
742,871,129,0.129,0.04882569496217184
748,874,126,0.126,0.051736209698254244
788,894,106,0.106,0.05189963539208503
794,897,103,0.103,0.05216002671330109
764,882,118,0.118,0.05806747235811783
736,868,132,0.132,0.061423765829822514
788,894,106,0.106,0.05190264943637885
738,869,131,0.131,0.07050394151121872
736,868,132,0.132,0.07263434918574058
734,867,133,0.133,0.04889978424878791
776,888,112,0.112,0.0634915674686199
728,864,136,0.136,0.07313550033397041
730,865,135,0.135,0.07325794560625218
744,872,128,0.128,0.07914307941682638
786,893,107,0.107,0.07103774856263771
796,898,102,0.102,0.04894999298080802
670,835,165,0.165,0.09330566506856121
786,893,107,0.107,0.06945139354001731
782,891,109,0.109,0.056361820800695565
808,904,96,0.096,0.07026300773909315
756,878,122,0.122,0.06177118385687936
808,904,96,0.096,0.059236190943047405
776,888,112,0.112,0.06060626249478082
768,884,116,0.116,0.0635342978683475
760,880,120,0.12,0.061341452096123246
680,840,160,0.16,0.06178909316955834
736,868,132,0.132,0.05012681901070756
752,876,124,0.124,0.04647196790152248
756,878,122,0.122,0.05011855714104604
770,885,115,0.115,0.04932649620343
756,878,122,0.122,0.049610453850240446
736,868,132,0.132,0.038024899667594585
776,888,112,0.112,0.04108299221843481
768,884,116,0.116,0.0504037705467199
764,882,118,0.118,0.048653310974012126
808,904,96,0.096,0.03465084800939076
750,875,125,0.125,0.042287887807702644
730,865,135,0.135,0.04854546131507959
710,855,145,0.145,0.048942456716264134
804,902,98,0.098,0.05255452517524731
708,854,146,0.146,0.0540517885386944
730,865,135,0.135,0.03979088929551654
730,865,135,0.135,0.060004470087646054
852,926,74,0.074,0.038201882496650796
740,870,130,0.13,0.06298188116890378
766,883,117,0.117,0.05795814180653542
812,906,94,0.094,0.06010709797469994
772,886,114,0.114,0.04311584246414717
820,910,90,0.09,0.04986191065574531
752,876,124,0.124,0.06486027270671911
688,844,156,0.156,0.09227182843128687
752,876,124,0.124,0.062219615704187166
786,893,107,0.107,0.05756467327000633
674,837,163,0.163,0.07709924188553467
760,880,120,0.12,0.061087052599982886
736,868,132,0.132,0.06312906277598813
794,897,103,0.103,0.0652381830389495
746,873,127,0.127,0.04851385263498241
774,887,113,0.113,0.06509053911059164
762,881,119,0.119,0.06327768035046756
740,870,130,0.13,0.06341435960400851
790,895,105,0.105,0.06449402693624143
792,896,104,0.104,0.05092511541926069
770,885,115,0.115,0.05234201486851089
698,849,151,0.151,0.07367834592192948
794,897,103,0.103,0.057193982131662775
764,882,118,0.118,0.06350883034372237
778,889,111,0.111,0.05725367231341079
814,907,93,0.093,0.0426435070130392
748,874,126,0.126,0.05233115131170054
762,881,119,0.119,0.048951450778597944
768,884,116,0.116,0.05226933420126443
746,873,127,0.127,0.04350278542823889
774,887,113,0.113,0.0419043510548654
750,875,125,0.125,0.04407634474623193
776,888,112,0.112,0.043279395860161454
744,872,128,0.128,0.04240884466325224
824,912,88,0.088,0.03262388316752576
698,849,151,0.151,0.0565209238127286
732,866,134,0.134,0.05164475652016699
712,856,144,0.144,0.05427182236249105
702,851,149,0.149,0.044459211046108976
692,846,154,0.154,0.04763711725082249
770,885,115,0.115,0.054790620034676975
826,913,87,0.087,0.0329985574868042
728,864,136,0.136,0.053270899041809656
732,866,134,0.134,0.03743897665916514
680,840,160,0.16,0.06846360889210337
778,889,111,0.111,0.042625991970671746
762,881,119,0.119,0.05233708210941404
714,857,143,0.143,0.05970435078558512
680,840,160,0.16,0.05526771463791374
758,879,121,0.121,0.05096848147737865
738,869,131,0.131,0.0457490031644702
766,883,117,0.117,0.04848424945469016
756,878,122,0.122,0.06185216145461891
768,884,116,0.116,0.05522376123804133
770,885,115,0.115,0.06282295165223331
754,877,123,0.123,0.055933485932881014
776,888,112,0.112,0.058169907039497065
808,904,96,0.096,0.049395187285263105
772,886,114,0.114,0.054968685336116326
790,895,105,0.105,0.046081932198489085
774,887,113,0.113,0.054189488708003566
764,882,118,0.118,0.0707159947209293
796,898,102,0.102,0.05040981901943451
802,901,99,0.099,0.04028207696019672
764,882,118,0.118,0.043414444320136684
738,869,131,0.131,0.05470187574997544
746,873,127,0.127,0.05729725190463959
726,863,137,0.137,0.06403186968970112
738,869,131,0.131,0.05068770245463007
780,890,110,0.11,0.04330816585198045
796,898,102,0.102,0.03589824541856069
708,854,146,0.146,0.0563156395177357
728,864,136,0.136,0.05554008766147308
798,899,101,0.101,0.02636281080275741
750,875,125,0.125,0.05150044688116759
744,872,128,0.128,0.047441355900824274
788,894,106,0.106,0.042086483432678505
718,859,141,0.141,0.054638089533895255
774,887,113,0.113,0.03548291687935125
740,870,130,0.13,0.038698291437292934
722,861,139,0.139,0.05474590372652169
708,854,146,0.146,0.051964880293700846
768,884,116,0.116,0.04975928842939902
768,884,116,0.116,0.03646419122620136
740,870,130,0.13,0.04136031005790573
736,868,132,0.132,0.044268695244769334
766,883,117,0.117,0.039446922561968675
796,898,102,0.102,0.03426252009521704
740,870,130,0.13,0.04645299310258997
768,884,116,0.116,0.04353677494433941
786,893,107,0.107,0.043339024734450504
816,908,92,0.092,0.04073258872027509
774,887,113,0.113,0.04336723494030957
794,897,103,0.103,0.045231639692443426
748,874,126,0.126,0.04740352508507931
768,884,116,0.116,0.048503915361827236
756,878,122,0.122,0.06062781006819568
722,861,139,0.139,0.055077235335251315
794,897,103,0.103,0.041628040252486245
782,891,109,0.109,0.05532753004389815
750,875,125,0.125,0.058587478374163594
742,871,129,0.129,0.06168305550320656
726,863,137,0.137,0.05213018015795387
796,898,102,0.102,0.05136103900545278
776,888,112,0.112,0.04739339802903123
756,878,122,0.122,0.043125306344752784
798,899,101,0.101,0.04711605758634528
774,887,113,0.113,0.05776096472307108
774,887,113,0.113,0.05829888053215109
726,863,137,0.137,0.05291394098452292
722,861,139,0.139,0.05126506557140965
828,914,86,0.086,0.03578032801844347
746,873,127,0.127,0.04709780236988685
794,897,103,0.103,0.03377833932428622
812,906,94,0.094,0.03808339046011679
806,903,97,0.097,0.028252488711383195
744,872,128,0.128,0.03850968076253775
750,875,125,0.125,0.0479468405728694
760,880,120,0.12,0.03729873880784726
776,888,112,0.112,0.043030744629446414
738,869,131,0.131,0.04226600589998998
710,855,145,0.145,0.04463879798608832
770,885,115,0.115,0.03154704162341659
812,906,94,0.094,0.032144784717176265
766,883,117,0.117,0.03776611138181761
778,889,111,0.111,0.04039182392868679
808,904,96,0.096,0.025847303481888958
756,878,122,0.122,0.036963182956911624
752,876,124,0.124,0.043005298262466726
764,882,118,0.118,0.037270463353203186
780,890,110,0.11,0.042816348064341585
680,840,160,0.16,0.06717287138810935
814,907,93,0.093,0.03290035016834736
764,882,118,0.118,0.04567352327433218
774,887,113,0.113,0.05508271558396518
766,883,117,0.117,0.04919127881433815
798,899,101,0.101,0.04369181827065769
760,880,120,0.12,0.04894035499516758
792,896,104,0.104,0.053946912160168725
772,886,114,0.114,0.05407129933248507
814,907,93,0.093,0.05001261947536841
808,904,96,0.096,0.04190093012619764
780,890,110,0.11,0.039127764396835116
800,900,100,0.1,0.050512734002404615
766,883,117,0.117,0.046866299365181475
840,920,80,0.08,0.03916697492683306
722,861,139,0.139,0.05914902522286636
774,887,113,0.113,0.0510607528379187
764,882,118,0.118,0.04568254871142562
850,925,75,0.075,0.036373854865611066
808,904,96,0.096,0.0367851719974351
730,865,135,0.135,0.043021452810120535
738,869,131,0.131,0.055044560133246705
744,872,128,0.128,0.050150190480053425
746,873,127,0.127,0.038795805332250896
796,898,102,0.102,0.039760144311236215
728,864,136,0.136,0.036470287834177724
760,880,120,0.12,0.0382896711359972
784,892,108,0.108,0.039057537128566765
730,865,135,0.135,0.035720383124251395
812,906,94,0.094,0.03354962358099874
772,886,114,0.114,0.03530078405094379
738,869,131,0.131,0.041249754512231444
790,895,105,0.105,0.032232168038871564
732,866,134,0.134,0.03124833485501587
730,865,135,0.135,0.03752871758886613
770,885,115,0.115,0.037736772599164393
764,882,118,0.118,0.03753526508971119
794,897,103,0.103,0.03904547736456155
722,861,139,0.139,0.04788967385103024
808,904,96,0.096,0.03491646854719147
720,860,140,0.14,0.05441584161086939
792,896,104,0.104,0.05534281994844787
744,872,128,0.128,0.046402259764727206
780,890,110,0.11,0.04332519597560167
768,884,116,0.116,0.045985831036625326
778,889,111,0.111,0.05045412633124784
830,915,85,0.085,0.03812791246548295
790,895,105,0.105,0.05106536156346557
786,893,107,0.107,0.046989454445429145
766,883,117,0.117,0.05342443031189032
778,889,111,0.111,0.049833199610468
794,897,103,0.103,0.05263265225081704
796,898,102,0.102,0.04507112981704995
712,856,144,0.144,0.05942888236558065
760,880,120,0.12,0.055469729410950096
800,900,100,0.1,0.04284997281467076
680,840,160,0.16,0.06045173177868128
766,883,117,0.117,0.038447110780457254
732,866,134,0.134,0.05853285755240358
744,872,128,0.128,0.04331224628258497
708,854,146,0.146,0.055692427617730585
786,893,107,0.107,0.04686813739873264
792,896,104,0.104,0.04156888913037255
716,858,142,0.142,0.05647911517880857
794,897,103,0.103,0.039092989597456836
700,850,150,0.15,0.05444307744130492
762,881,119,0.119,0.05054648700309919
734,867,133,0.133,0.056901247972622526
760,880,120,0.12,0.04665374069986865
784,892,108,0.108,0.047211071845376866
766,883,117,0.117,0.045298213793779726
770,885,115,0.115,0.05280129616311751
746,873,127,0.127,0.04471026332816109
808,904,96,0.096,0.03932721657387447
760,880,120,0.12,0.04298026905092411
744,872,128,0.128,0.04229910642474741
702,851,149,0.149,0.048188617090578194
782,891,109,0.109,0.041241004018113016
780,890,110,0.11,0.04483019438522751
814,907,93,0.093,0.034865455302562534
796,898,102,0.102,0.04436630956386216
762,881,119,0.119,0.046505537249380724
782,891,109,0.109,0.0428442068847362
770,885,115,0.115,0.04801217620796524
704,852,148,0.148,0.053790864045033235
788,894,106,0.106,0.04626660748006179
744,872,128,0.128,0.043697706531670745
768,884,116,0.116,0.044597156845207805
740,870,130,0.13,0.04823290789197199
752,876,124,0.124,0.061510604487499225
734,867,133,0.133,0.048694649779237806
738,869,131,0.131,0.054452969688922166
762,881,119,0.119,0.05771720221061619
718,859,141,0.141,0.048135335985105485
800,900,100,0.1,0.05617935180058703
720,860,140,0.14,0.05060566157523135
790,895,105,0.105,0.042546083459397775
754,877,123,0.123,0.05335564582120328
810,905,95,0.095,0.048098872414382654
722,861,139,0.139,0.05766533236345276
784,892,108,0.108,0.043302217158186294
760,880,120,0.12,0.04862357831420377
752,876,124,0.124,0.053010515122208744
814,907,93,0.093,0.0377740928564599
770,885,115,0.115,0.055235349245369436
734,867,133,0.133,0.04841365867177956
792,896,104,0.104,0.03959312441862133
740,870,130,0.13,0.049363071242114545
830,915,85,0.085,0.03743649389279017
740,870,130,0.13,0.04873228392086293
756,878,122,0.122,0.045776533895900966
770,885,115,0.115,0.05101463316334411
800,900,100,0.1,0.039002734423265795
740,870,130,0.13,0.03670168820594245
754,877,123,0.123,0.04810608230122307
758,879,121,0.121,0.04871096866717562
730,865,135,0.135,0.048003278052899986
740,870,130,0.13,0.05619401096785441
802,901,99,0.099,0.037943239696462114
746,873,127,0.127,0.04030608173756627
762,881,119,0.119,0.04378482753108256
784,892,108,0.108,0.039345901566324754
706,853,147,0.147,0.05960049639130011
814,907,93,0.093,0.04147128664096998
794,897,103,0.103,0.04376441157865338
728,864,136,0.136,0.055724739022087307
770,885,115,0.115,0.040628237716853616
796,898,102,0.102,0.0441660241659265
814,907,93,0.093,0.046020577407674866
776,888,112,0.112,0.04795919093448901
742,871,129,0.129,0.05203435507649556
784,892,108,0.108,0.040228330901125445
782,891,109,0.109,0.05088765646796674
726,863,137,0.137,0.05606469160877168
794,897,103,0.103,0.05000440201209858
744,872,128,0.128,0.062110570144606754
806,903,97,0.097,0.050551126474048955
764,882,118,0.118,0.05391083338484168
672,836,164,0.164,0.08568658632796723
790,895,105,0.105,0.051386435744137995
730,865,135,0.135,0.054895831872243436
806,903,97,0.097,0.055123738226946446
812,906,94,0.094,0.05257948754122481
764,882,118,0.118,0.06180034847580828
774,887,113,0.113,0.059220018054824325
704,852,148,0.148,0.06087221446392221
836,918,82,0.082,0.0391160594811663
764,882,118,0.118,0.05657160204369575
724,862,138,0.138,0.059340963025344536
816,908,92,0.092,0.05479980490752496
756,878,122,0.122,0.04893565137544647
782,891,109,0.109,0.04828020119154826
798,899,101,0.101,0.05137812375836075
744,872,128,0.128,0.052892953074071554
724,862,138,0.138,0.0497610318218358
728,864,136,0.136,0.05666859677853063
750,875,125,0.125,0.05194852888653986
748,874,126,0.126,0.05195261435346765
750,875,125,0.125,0.04638315674220212
720,860,140,0.14,0.05735601042986127
768,884,116,0.116,0.05370723325066501
786,893,107,0.107,0.03716639796062372
712,856,144,0.144,0.07392246724339202
762,881,119,0.119,0.04597226726775989
774,887,113,0.113,0.048330485959289946
766,883,117,0.117,0.04220006011583611
786,893,107,0.107,0.04915077574178578
780,890,110,0.11,0.06074483423633501
808,904,96,0.096,0.05706238854071125
790,895,105,0.105,0.04900693804754104
720,860,140,0.14,0.056358556341612714
772,886,114,0.114,0.056093289740384675
724,862,138,0.138,0.0622305981318932
728,864,136,0.136,0.0647229079999961
750,875,125,0.125,0.0550794603009461
694,847,153,0.153,0.057701971243368504
748,874,126,0.126,0.057322543816433154
792,896,104,0.104,0.048883483795449136
806,903,97,0.097,0.0492143239584706
804,902,98,0.098,0.045508051308511925
774,887,113,0.113,0.05152772326202466
754,877,123,0.123,0.05450187490181997
834,917,83,0.083,0.042763122702017424
762,881,119,0.119,0.06635714909201487
756,878,122,0.122,0.05278645488899202
778,889,111,0.111,0.04802084035100415
702,851,149,0.149,0.06014797220658511
790,895,105,0.105,0.05081768040824683
732,866,134,0.134,0.060429747503130786
714,857,143,0.143,0.05395117589784786
802,901,99,0.099,0.04749527768348344
756,878,122,0.122,0.04467229688586667
724,862,138,0.138,0.06478885831031948
716,858,142,0.142,0.055578669761307535
804,902,98,0.098,0.04311580265857124
786,893,107,0.107,0.04495796045847237
762,881,119,0.119,0.054727298356359824
744,872,128,0.128,0.053032318535842934
778,889,111,0.111,0.053261530499439685
812,906,94,0.094,0.03766480716364458
720,860,140,0.14,0.06448947495268746
786,893,107,0.107,0.06019662896683441
756,878,122,0.122,0.048686314120306634
818,909,91,0.091,0.04711546215671116
764,882,118,0.118,0.0486289592157118
718,859,141,0.141,0.05239080673782155
780,890,110,0.11,0.04514925230439985
804,902,98,0.098,0.038092069910140705
808,904,96,0.096,0.039206705022836116
744,872,128,0.128,0.053523339450825005
794,897,103,0.103,0.03977690531370899
734,867,133,0.133,0.05364945786446333
770,885,115,0.115,0.054844786663365085
766,883,117,0.117,0.04550501085678115
804,902,98,0.098,0.04049159827065887
690,845,155,0.155,0.051486934192478656
738,869,131,0.131,0.05288626622716001
736,868,132,0.132,0.05025260365731083
764,882,118,0.118,0.06170468831754823
754,877,123,0.123,0.05170668589510024
810,905,95,0.095,0.042216101996134965
790,895,105,0.105,0.046552484136540444
800,900,100,0.1,0.040813197981573464
784,892,108,0.108,0.044810640056684864
752,876,124,0.124,0.04696083822334185
780,890,110,0.11,0.04747872549957289
730,865,135,0.135,0.05652522920665797
752,876,124,0.124,0.050551111565175236
808,904,96,0.096,0.04733207789901644
784,892,108,0.108,0.046536479012575
808,904,96,0.096,0.04360375233814256
766,883,117,0.117,0.05128111507045105
772,886,114,0.114,0.04742115033856591
786,893,107,0.107,0.04650599684473127
784,892,108,0.108,0.04535071438644081
764,882,118,0.118,0.03608868871197137
760,880,120,0.12,0.044215693129459395
786,893,107,0.107,0.04553389011719264
786,893,107,0.107,0.04465553846629337
800,900,100,0.1,0.043011112967971714
822,911,89,0.089,0.03654768720410357
732,866,134,0.134,0.054586210060632384
802,901,99,0.099,0.044219374977595774
734,867,133,0.133,0.04448889126448194
736,868,132,0.132,0.046075708566807407
782,891,109,0.109,0.050453309066273745
778,889,111,0.111,0.037142346411360334
784,892,108,0.108,0.040322238962398844
734,867,133,0.133,0.04803564764773341
766,883,117,0.117,0.04627746187068987
828,914,86,0.086,0.03294665944762528
812,906,94,0.094,0.0489236038425006
750,875,125,0.125,0.05544342046533711
640,820,180,0.18,0.0634557778001763
766,883,117,0.117,0.05943278810708649
772,886,114,0.114,0.04787024170049145
718,859,141,0.141,0.062052296527894214
756,878,122,0.122,0.04358529225364328
804,902,98,0.098,0.04551547225513644
760,880,120,0.12,0.05630706428618215
680,840,160,0.16,0.0571754325330497
778,889,111,0.111,0.05007392115365792
786,893,107,0.107,0.04209063900925958
798,899,101,0.101,0.04446988923894241
750,875,125,0.125,0.05257963050319813
816,908,92,0.092,0.044452472202014176
810,905,95,0.095,0.04993752713361755
764,882,118,0.118,0.039769767126534135
766,883,117,0.117,0.04351549187907949
776,888,112,0.112,0.051602129322709515
754,877,123,0.123,0.05307422729447718
760,880,120,0.12,0.039296120625804176
866,933,67,0.067,0.03396416281186977
756,878,122,0.122,0.04706484271422778
772,886,114,0.114,0.046915103883016854
740,870,130,0.13,0.04284004089422524
770,885,115,0.115,0.04908028855593875
798,899,101,0.101,0.03828361723692069
722,861,139,0.139,0.05209296100613209
762,881,119,0.119,0.04843840092717542
760,880,120,0.12,0.044857923828065395
784,892,108,0.108,0.04531123469863087
758,879,121,0.121,0.043939389444189146
798,899,101,0.101,0.03835481866891496
758,879,121,0.121,0.05343644770141691
776,888,112,0.112,0.042291155383456513
704,852,148,0.148,0.04744410090532619
786,893,107,0.107,0.04741280360072257
788,894,106,0.106,0.04577970823965739
774,887,113,0.113,0.0530002427669242
802,901,99,0.099,0.037857322979718444
770,885,115,0.115,0.048868884157156574
714,857,143,0.143,0.048684635664831145
806,903,97,0.097,0.03817908519878983
768,884,116,0.116,0.05409091949342388
732,866,134,0.134,0.06349896636931227
764,882,118,0.118,0.04603224355680868
784,892,108,0.108,0.05060368964789289
874,937,63,0.063,0.03949575638608076
732,866,134,0.134,0.05409921151446179
818,909,91,0.091,0.04200387638155371
790,895,105,0.105,0.039652821207710076
744,872,128,0.128,0.06232252884737682
808,904,96,0.096,0.053317121144385735
760,880,120,0.12,0.05363813569907688
728,864,136,0.136,0.06364938656303457
772,886,114,0.114,0.04213140742453606
728,864,136,0.136,0.056675043445080515
708,854,146,0.146,0.049737733079120515
800,900,100,0.1,0.036778676455840466
778,889,111,0.111,0.04535183933889493
754,877,123,0.123,0.04135711775349206
840,920,80,0.08,0.036193139664828775
762,881,119,0.119,0.05186185714416206
774,887,113,0.113,0.04040725616645068
748,874,126,0.126,0.05022707610949875
790,895,105,0.105,0.04464332900661975
834,917,83,0.083,0.03581984387128614
750,875,125,0.125,0.0444311340523418
780,890,110,0.11,0.05274833660081913
798,899,101,0.101,0.03568218728690408
752,876,124,0.124,0.04889638920966536
734,867,133,0.133,0.05404177545034326
756,878,122,0.122,0.05147784772887826
780,890,110,0.11,0.048400189500302074
720,860,140,0.14,0.057537388494355315
782,891,109,0.109,0.052441233861958605
752,876,124,0.124,0.059488024419942276
754,877,123,0.123,0.05483690483495593
760,880,120,0.12,0.052982969235861675
750,875,125,0.125,0.054920092883723556
732,866,134,0.134,0.0484127310329409
758,879,121,0.121,0.054614395792421416
722,861,139,0.139,0.062302014659624545
740,870,130,0.13,0.055283735311590136
738,869,131,0.131,0.0636632942724973
784,892,108,0.108,0.049450179413426665
776,888,112,0.112,0.06141360437087816
814,907,93,0.093,0.04274322259868497
780,890,110,0.11,0.05580086389975622
776,888,112,0.112,0.04993969046231359
750,875,125,0.125,0.05436630887538196
816,908,92,0.092,0.04209196140789608
744,872,128,0.128,0.05127483930205926
834,917,83,0.083,0.040371981077827516
798,899,101,0.101,0.040154711969141305
868,934,66,0.066,0.03187913038325496
778,889,111,0.111,0.042882728986776815
778,889,111,0.111,0.03752655421034433
750,875,125,0.125,0.04036733239179011
788,894,106,0.106,0.03956347857019865
744,872,128,0.128,0.04455872997513507
814,907,93,0.093,0.03639367532730103
702,851,149,0.149,0.05297175742143009
726,863,137,0.137,0.043816164440453574
780,890,110,0.11,0.0411484353847336
764,882,118,0.118,0.042598235663259404
790,895,105,0.105,0.03465124357957393
750,875,125,0.125,0.03649976025032814
792,896,104,0.104,0.03329574327543379
738,869,131,0.131,0.047470914721358
776,888,112,0.112,0.039496847193542635
746,873,127,0.127,0.03848325468936764
746,873,127,0.127,0.04723183036153205
750,875,125,0.125,0.04354160064645113
814,907,93,0.093,0.03899860875053855
706,853,147,0.147,0.063090061119192
796,898,102,0.102,0.04407326329825446
776,888,112,0.112,0.049151876811869444
758,879,121,0.121,0.04823639159859158
798,899,101,0.101,0.04867446570203704
740,870,130,0.13,0.05074248076742515
776,888,112,0.112,0.05512010204920081
732,866,134,0.134,0.057421094545857726
742,871,129,0.129,0.053129478723276405
764,882,118,0.118,0.05870351064325449
778,889,111,0.111,0.05809760964661838
730,865,135,0.135,0.06345518325874581
762,881,119,0.119,0.059143686769909436
762,881,119,0.119,0.06727657649316825
750,875,125,0.125,0.05361535607324913
726,863,137,0.137,0.06555934637761675
818,909,91,0.091,0.05905303924111651
694,847,153,0.153,0.06809887475008145
768,884,116,0.116,0.054652658402454105
774,887,113,0.113,0.045455069459509105
784,892,108,0.108,0.04238452602243707
794,897,103,0.103,0.051250668485008644
808,904,96,0.096,0.04868013491380225
732,866,134,0.134,0.056345268082106485
808,904,96,0.096,0.04580939564434811
766,883,117,0.117,0.04866241528186947
742,871,129,0.129,0.04752093918435275
716,858,142,0.142,0.05516844546073287
726,863,137,0.137,0.0512871196861379
722,861,139,0.139,0.04340419599556981
760,880,120,0.12,0.037177103944355624
738,869,131,0.131,0.04877260628089425
738,869,131,0.131,0.03798580103251152
714,857,143,0.143,0.03784311425103806
808,904,96,0.096,0.031099665379850195
744,872,128,0.128,0.04402344159584027
754,877,123,0.123,0.036758618531472165
746,873,127,0.127,0.03811468779901043
752,876,124,0.124,0.04870907201385125
750,875,125,0.125,0.039170925308018925
730,865,135,0.135,0.050071354187559335
762,881,119,0.119,0.03739827635859456
776,888,112,0.112,0.04297569858026694
746,873,127,0.127,0.04135051288735121
760,880,120,0.12,0.04342206932121189
740,870,130,0.13,0.04803186501562595
776,888,112,0.112,0.05677880406146869
834,917,83,0.083,0.03117403174867242
776,888,112,0.112,0.04413045120433617
784,892,108,0.108,0.05237208224553615
788,894,106,0.106,0.05516909119667252
792,896,104,0.104,0.04967241099569947
750,875,125,0.125,0.059026302866404874
752,876,124,0.124,0.049702835370087996
764,882,118,0.118,0.04972840619272517
764,882,118,0.118,0.04826942801069527
782,891,109,0.109,0.04327430882374756
734,867,133,0.133,0.05393298542266712
740,870,130,0.13,0.05444268577848578
828,914,86,0.086,0.034038777272449805
764,882,118,0.118,0.04978514184476808
680,840,160,0.16,0.05188268349552527
802,901,99,0.099,0.0387237779693678
752,876,124,0.124,0.047435826236847785
760,880,120,0.12,0.03885220244247466
800,900,100,0.1,0.03261722078442108
750,875,125,0.125,0.04100379575439729
778,889,111,0.111,0.03481058992468753
754,877,123,0.123,0.045450769547745025
778,889,111,0.111,0.03204413608158939
742,871,129,0.129,0.044205420081038026
730,865,135,0.135,0.0373242716776731
718,859,141,0.141,0.04064341299538502
776,888,112,0.112,0.03956304020747497
782,891,109,0.109,0.03734681828971952
784,892,108,0.108,0.03623958630699448
732,866,134,0.134,0.04318451493280009
800,900,100,0.1,0.0323811527461512
716,858,142,0.142,0.04974398108410793
776,888,112,0.112,0.03195039317677767
744,872,128,0.128,0.03486919382354245
736,868,132,0.132,0.037309158442425557
716,858,142,0.142,0.05097787694958971
772,886,114,0.114,0.04508383167302236
770,885,115,0.115,0.04897561363968998
742,871,129,0.129,0.04765294805122539
812,906,94,0.094,0.04280989097701968
812,906,94,0.094,0.03779022994521074
836,918,82,0.082,0.041807356346398594
772,886,114,0.114,0.04584330425574444
740,870,130,0.13,0.04626615597959608
788,894,106,0.106,0.0488212654532399
712,856,144,0.144,0.05491821872070432
804,902,98,0.098,0.04319665111415088
782,891,109,0.109,0.047097370974253865
752,876,124,0.124,0.0499254658408463
774,887,113,0.113,0.04720887328591198
784,892,108,0.108,0.04446965626272851
792,896,104,0.104,0.0541232886967191
806,903,97,0.097,0.03965757638961077
780,890,110,0.11,0.04165657055797072
762,881,119,0.119,0.05173124027485028
726,863,137,0.137,0.05098184551973827
736,868,132,0.132,0.05613534550531767
776,888,112,0.112,0.039936483768738984
788,894,106,0.106,0.03894098874460906
796,898,102,0.102,0.041548210995271805
714,857,143,0.143,0.05244821510300972
766,883,117,0.117,0.03515802222280763
722,861,139,0.139,0.04822546051698737
754,877,123,0.123,0.046176753313280645
754,877,123,0.123,0.0522117614634335
762,881,119,0.119,0.05015492375823669
744,872,128,0.128,0.05622815934382379
758,879,121,0.121,0.04164354245440336
718,859,141,0.141,0.04980587785993703
734,867,133,0.133,0.05464115257328376
780,890,110,0.11,0.04143006689613685
750,875,125,0.125,0.04313377047982067
712,856,144,0.144,0.0579864691591647
780,890,110,0.11,0.04765230985591188
828,914,86,0.086,0.045030135384993626
732,866,134,0.134,0.06529181875381619
752,876,124,0.124,0.05471016681939409
772,886,114,0.114,0.05055063961353153
830,915,85,0.085,0.048734712006989866
750,875,125,0.125,0.06195512092928402
710,855,145,0.145,0.06407921035494656
814,907,93,0.093,0.05741969177825376
788,894,106,0.106,0.05435099282534793
754,877,123,0.123,0.057748717958573254
802,901,99,0.099,0.04437014719804591
708,854,146,0.146,0.06969940260471776
710,855,145,0.145,0.0673260554007334
778,889,111,0.111,0.06281478665675969
716,858,142,0.142,0.06732004671008326
748,874,126,0.126,0.05685795437125489
810,905,95,0.095,0.04383508476894349
730,865,135,0.135,0.05500726027134806
808,904,96,0.096,0.04895663492800668
696,848,152,0.152,0.06671798792068148
800,900,100,0.1,0.05319547561369836
780,890,110,0.11,0.051239521782379595
786,893,107,0.107,0.04877643345320408
744,872,128,0.128,0.04929344394261995
782,891,109,0.109,0.04969302781228908
760,880,120,0.12,0.051749119762098415
754,877,123,0.123,0.052746027843095365
730,865,135,0.135,0.05038413155393438
746,873,127,0.127,0.04645858029558076
754,877,123,0.123,0.04872427031910047
776,888,112,0.112,0.04595530132454587
816,908,92,0.092,0.03540366888092831
794,897,103,0.103,0.038893530098255726
746,873,127,0.127,0.04563392878952436
818,909,91,0.091,0.0415291439620778
746,873,127,0.127,0.04651759307901375
752,876,124,0.124,0.049574160320875305
760,880,120,0.12,0.047824832308571784
728,864,136,0.136,0.0505279631530866
784,892,108,0.108,0.04286269196979083
766,883,117,0.117,0.043195967772509905
794,897,103,0.103,0.04750314101926051
730,865,135,0.135,0.053573170190211385
748,874,126,0.126,0.050641004809178415
782,891,109,0.109,0.04905991634959355
732,866,134,0.134,0.05851090767094865
778,889,111,0.111,0.06483483264874666
782,891,109,0.109,0.05324287503957748
776,888,112,0.112,0.04757394906179979
752,876,124,0.124,0.05931223061347788
744,872,128,0.128,0.060792718772310766
784,892,108,0.108,0.06308392243646085
776,888,112,0.112,0.05579026415105909
804,902,98,0.098,0.06023638375103474
728,864,136,0.136,0.06505124263691596
686,843,157,0.157,0.07026784382387996
790,895,105,0.105,0.057011823689509585
766,883,117,0.117,0.05927558484487236
730,865,135,0.135,0.07522430419828743
772,886,114,0.114,0.060388067428953945
750,875,125,0.125,0.06132661893893965
734,867,133,0.133,0.06313290816172958
782,891,109,0.109,0.04930610447660865
760,880,120,0.12,0.052794767449027856
740,870,130,0.13,0.06181631285324693
804,902,98,0.098,0.04659630405019993
774,887,113,0.113,0.06569840244296939
774,887,113,0.113,0.054766769026406106
710,855,145,0.145,0.06116901064810918
788,894,106,0.106,0.04735532523453412
762,881,119,0.119,0.05653227871842682
776,888,112,0.112,0.04335120280366391
720,860,140,0.14,0.0653309723441489
714,857,143,0.143,0.05147396977621612
714,857,143,0.143,0.05840374237857759
764,882,118,0.118,0.04725479447946418
702,851,149,0.149,0.07109565644746181
810,905,95,0.095,0.04547118142968975
720,860,140,0.14,0.05282114055822604
756,878,122,0.122,0.041037803747458385
776,888,112,0.112,0.050369457672408316
778,889,111,0.111,0.055065581785514954
750,875,125,0.125,0.052329732833663004
766,883,117,0.117,0.05346847241230364
816,908,92,0.092,0.04309945824136958
708,854,146,0.146,0.05249869372027752
756,878,122,0.122,0.053836421543033794
704,852,148,0.148,0.07109985718265306
760,880,120,0.12,0.0545113693298772
784,892,108,0.108,0.05822312836850456
774,887,113,0.113,0.060686565896961836
788,894,106,0.106,0.06032783081755042
758,879,121,0.121,0.0662574511730927
754,877,123,0.123,0.06524011126697589
786,893,107,0.107,0.05050574623048305
750,875,125,0.125,0.06570894859964029
742,871,129,0.129,0.07012273254136671
738,869,131,0.131,0.07819363931624321
716,858,142,0.142,0.0789344574576244
768,884,116,0.116,0.06409978691932611
758,879,121,0.121,0.05552804409991951
764,882,118,0.118,0.058934964600950476
756,878,122,0.122,0.06603380199056119
802,901,99,0.099,0.06266047525033357
792,896,104,0.104,0.051033473122864964
772,886,114,0.114,0.05776468835724518
738,869,131,0.131,0.061741558947600424
792,896,104,0.104,0.057416562587488444
828,914,86,0.086,0.05237241481943056
758,879,121,0.121,0.07296645398740656
726,863,137,0.137,0.06462253647949547
758,879,121,0.121,0.06333705919387285
784,892,108,0.108,0.05145671296911314
732,866,134,0.134,0.05837450802465901
712,856,144,0.144,0.057090404103520995
756,878,122,0.122,0.061711753606330605
742,871,129,0.129,0.06112154494877905
774,887,113,0.113,0.05659065769379958
790,895,105,0.105,0.05676045996675937
812,906,94,0.094,0.048104469539131986
696,848,152,0.152,0.07226706619840115
712,856,144,0.144,0.04719267461728305
816,908,92,0.092,0.04522214051708579
760,880,120,0.12,0.055121628105000126
778,889,111,0.111,0.052902085381094366
780,890,110,0.11,0.05627154472260736
804,902,98,0.098,0.05393670438695699
748,874,126,0.126,0.05440188652975485
754,877,123,0.123,0.05993268734496087
770,885,115,0.115,0.05394012250052765
776,888,112,0.112,0.04915468138968572
786,893,107,0.107,0.05683240485563874
704,852,148,0.148,0.07605226383201079
722,861,139,0.139,0.06718913305271416
748,874,126,0.126,0.06627492512925529
724,862,138,0.138,0.0795726854838431
770,885,115,0.115,0.06926941570034251
758,879,121,0.121,0.06999625166971236
736,868,132,0.132,0.06879128450155259
798,899,101,0.101,0.05291448562778533
782,891,109,0.109,0.06400093007460236
698,849,151,0.151,0.09059409965388476
748,874,126,0.126,0.06772314005717635
698,849,151,0.151,0.07456984553206714
714,857,143,0.143,0.07732117413101833
742,871,129,0.129,0.08228429433796555
738,869,131,0.131,0.08095651451218873
758,879,121,0.121,0.08582276309962389
750,875,125,0.125,0.0712138704183565
714,857,143,0.143,0.08263847597908272
742,871,129,0.129,0.08883496744558216
778,889,111,0.111,0.06966767557151615
780,890,110,0.11,0.07127081660088151
778,889,111,0.111,0.07777833651797847
746,873,127,0.127,0.07445116146400688
768,884,116,0.116,0.07306541186012329
752,876,124,0.124,0.07394296898582253
758,879,121,0.121,0.07627065744363062
730,865,135,0.135,0.0800256364280358
700,850,150,0.15,0.0776064985228877
758,879,121,0.121,0.06763737775571645
768,884,116,0.116,0.06893361978906434
766,883,117,0.117,0.06534421269316229
736,868,132,0.132,0.07111702500347747
786,893,107,0.107,0.06741220974479802
726,863,137,0.137,0.07178074239031412
742,871,129,0.129,0.0738735964205116
764,882,118,0.118,0.07183245919924229
774,887,113,0.113,0.0643804752798751
694,847,153,0.153,0.08783999837655575
768,884,116,0.116,0.06425459038390545
700,850,150,0.15,0.07342754390317714
740,870,130,0.13,0.0765124519886449
784,892,108,0.108,0.07141882629852625
736,868,132,0.132,0.06640506818592075
794,897,103,0.103,0.0602575968480669
800,900,100,0.1,0.06036754643265158
780,890,110,0.11,0.060632228986360136
718,859,141,0.141,0.06759179968480021
826,913,87,0.087,0.06025778771852492
762,881,119,0.119,0.06979519350128248
694,847,153,0.153,0.06942401234957743
726,863,137,0.137,0.06628990253358914
796,898,102,0.102,0.06056586910993792
736,868,132,0.132,0.08010762807936407
760,880,120,0.12,0.057464993044195584
782,891,109,0.109,0.06557924015354365
782,891,109,0.109,0.07375734846200796
810,905,95,0.095,0.06701739444583654
716,858,142,0.142,0.08710781466402114
764,882,118,0.118,0.06853861485275566
760,880,120,0.12,0.06872903434559705
716,858,142,0.142,0.07411364255193621
800,900,100,0.1,0.06837666420079767
720,860,140,0.14,0.07397929187491536
752,876,124,0.124,0.06923996552304812
718,859,141,0.141,0.06988175215292725
770,885,115,0.115,0.06764695658814163
794,897,103,0.103,0.08047499154182151
738,869,131,0.131,0.07374822196389141
740,870,130,0.13,0.0802198536551484
786,893,107,0.107,0.0655183470044285
820,910,90,0.09,0.07573446079390124
776,888,112,0.112,0.08481326967198402
760,880,120,0.12,0.08175485587120056
820,910,90,0.09,0.0682129056211561
774,887,113,0.113,0.08387100161239505
768,884,116,0.116,0.07305867421998133
800,900,100,0.1,0.06896146190522995
738,869,131,0.131,0.07203405304532498
728,864,136,0.136,0.07454159810952843
734,867,133,0.133,0.08384159625973553
752,876,124,0.124,0.07335146695211142
784,892,108,0.108,0.06404327679146081
740,870,130,0.13,0.0695306436807441
788,894,106,0.106,0.05979185730312019
730,865,135,0.135,0.07779878756869585
764,882,118,0.118,0.07190979421511294
742,871,129,0.129,0.07760349753953778
778,889,111,0.111,0.0618304661763832
782,891,109,0.109,0.05556837353622541
812,906,94,0.094,0.0701353250592947
820,910,90,0.09,0.0635562049811706
764,882,118,0.118,0.07681982872681692
770,885,115,0.115,0.07847390193963656
768,884,116,0.116,0.05542398027516902
786,893,107,0.107,0.0691291142879054
756,878,122,0.122,0.060241349140182136
764,882,118,0.118,0.06496325302041714
772,886,114,0.114,0.06136534072910945
796,898,102,0.102,0.05965623737033456
766,883,117,0.117,0.06815896309213713
754,877,123,0.123,0.06870040971692651
732,866,134,0.134,0.0658908398775384
764,882,118,0.118,0.06361646372359246
810,905,95,0.095,0.05591132577881217
744,872,128,0.128,0.06261596274515614
714,857,143,0.143,0.07631979719176889
800,900,100,0.1,0.06023545782547444
752,876,124,0.124,0.06676825007330627
792,896,104,0.104,0.05809999690763652
740,870,130,0.13,0.06533897775877268
720,860,140,0.14,0.06665819058613852
790,895,105,0.105,0.05831795184256987
726,863,137,0.137,0.06649096018262207
856,928,72,0.072,0.04827879646699876
758,879,121,0.121,0.06293214388230119
802,901,99,0.099,0.05854315230599604
700,850,150,0.15,0.08160538187343629
824,912,88,0.088,0.05548969700187445
738,869,131,0.131,0.07401745146885515
720,860,140,0.14,0.07235688891772588
706,853,147,0.147,0.0722660209465539
718,859,141,0.141,0.06530477232765407
758,879,121,0.121,0.0676088661486283
738,869,131,0.131,0.06848612561356276
740,870,130,0.13,0.06287314713187515
776,888,112,0.112,0.07189587165601552
814,907,93,0.093,0.061506615553982555
750,875,125,0.125,0.08330363128430326
808,904,96,0.096,0.05655902670910143
826,913,87,0.087,0.05057998147187755
818,909,91,0.091,0.056825292775174605
796,898,102,0.102,0.06762271391597766
800,900,100,0.1,0.05838893540482968
718,859,141,0.141,0.06062283909553662
792,896,104,0.104,0.0544483910711715
780,890,110,0.11,0.05552407572465017
782,891,109,0.109,0.05155363549105823
798,899,101,0.101,0.05254979530302808
804,902,98,0.098,0.04206793581275269
790,895,105,0.105,0.04624555816361681
776,888,112,0.112,0.042688905329909176
768,884,116,0.116,0.04153411544323899
806,903,97,0.097,0.03771439223829657
846,923,77,0.077,0.034304599296243396
786,893,107,0.107,0.04657026995439082
760,880,120,0.12,0.043640280690509826
780,890,110,0.11,0.03941145422402769
792,896,104,0.104,0.035582411216790205
768,884,116,0.116,0.04341703117080033
760,880,120,0.12,0.04299681072263047
730,865,135,0.135,0.048659050426911564
762,881,119,0.119,0.03934980685764458
854,927,73,0.073,0.03232420387605089
764,882,118,0.118,0.040346057270653546
748,874,126,0.126,0.0499000514330346
750,875,125,0.125,0.044770408586249685
728,864,136,0.136,0.05336758221295895
686,843,157,0.157,0.07389672130614053
772,886,114,0.114,0.05829412212077295
812,906,94,0.094,0.06437424421729519
718,859,141,0.141,0.06779532925300373
784,892,108,0.108,0.06098713019311035
794,897,103,0.103,0.06578593872678655
766,883,117,0.117,0.05588531371972021
738,869,131,0.131,0.0691256520469424
748,874,126,0.126,0.08074498086748645
700,850,150,0.15,0.09256155533110723
758,879,121,0.121,0.07338900537060379
784,892,108,0.108,0.062027799775707534
796,898,102,0.102,0.07614307601563633
780,890,110,0.11,0.07335904488665983
738,869,131,0.131,0.0929685615869239
766,883,117,0.117,0.06983074698178098
804,902,98,0.098,0.06280393912224098
706,853,147,0.147,0.06648406732128245
734,867,133,0.133,0.07463970959186554
766,883,117,0.117,0.07284115629759617
812,906,94,0.094,0.05788544550258666
778,889,111,0.111,0.07258211538568139
762,881,119,0.119,0.05236650490760803
776,888,112,0.112,0.06287507951445878
764,882,118,0.118,0.05974798074564703
754,877,123,0.123,0.06656578964693471
754,877,123,0.123,0.058874021403084044
694,847,153,0.153,0.06263192433727238
762,881,119,0.119,0.06439240923488979
798,899,101,0.101,0.060952300363220274
732,866,134,0.134,0.044516249895510555
738,869,131,0.131,0.05092509985715151
742,871,129,0.129,0.04942159163951874
758,879,121,0.121,0.05196085974620655
684,842,158,0.158,0.061653732582079644
766,883,117,0.117,0.050261583439118115
728,864,136,0.136,0.0518574307979016
812,906,94,0.094,0.04262399075160113
770,885,115,0.115,0.05198332231266444
814,907,93,0.093,0.05066804352169856
776,888,112,0.112,0.052112658021273094
752,876,124,0.124,0.0628124962267466
740,870,130,0.13,0.05621062385570258
764,882,118,0.118,0.06104227180406451
768,884,116,0.116,0.06365523114684038
770,885,115,0.115,0.05970519780740142
756,878,122,0.122,0.08704093977808952
800,900,100,0.1,0.05883055916987359
702,851,149,0.149,0.08278929156251252
794,897,103,0.103,0.06732131944783032
754,877,123,0.123,0.06715751534560695
762,881,119,0.119,0.08543597226162819
750,875,125,0.125,0.08924737464415955
816,908,92,0.092,0.07158170243538917
720,860,140,0.14,0.08246564407087863
712,856,144,0.144,0.09298994401097298
730,865,135,0.135,0.08680636739451439
748,874,126,0.126,0.06950013395119459
764,882,118,0.118,0.0850626616179943
768,884,116,0.116,0.07497238537110389
738,869,131,0.131,0.07620385776273907
760,880,120,0.12,0.07998866026103575
756,878,122,0.122,0.06847015008516609
746,873,127,0.127,0.07609740560315549
742,871,129,0.129,0.09242306856811047
760,880,120,0.12,0.06399285033531486
768,884,116,0.116,0.07522163664270193
792,896,104,0.104,0.05960173915047198
740,870,130,0.13,0.0667356081805192
764,882,118,0.118,0.05094647573283873
754,877,123,0.123,0.056767757303081465
786,893,107,0.107,0.05032611630205065
738,869,131,0.131,0.05763163705915213
798,899,101,0.101,0.050072215011554365
794,897,103,0.103,0.0470019022799097
754,877,123,0.123,0.04904847989674579
760,880,120,0.12,0.05200673023642238
728,864,136,0.136,0.057540093013551084
758,879,121,0.121,0.05607371616363527
816,908,92,0.092,0.04678474569041282
718,859,141,0.141,0.04961442183889449
728,864,136,0.136,0.05352356416592374
702,851,149,0.149,0.0618174390704371
772,886,114,0.114,0.05281297556729987
752,876,124,0.124,0.061224569145124405
776,888,112,0.112,0.05180444931145758
842,921,79,0.079,0.052181082371652907
744,872,128,0.128,0.05634464750345796
740,870,130,0.13,0.06894866919785275
726,863,137,0.137,0.06920018049990642
762,881,119,0.119,0.06781574279628694
820,910,90,0.09,0.05243235896201804
818,909,91,0.091,0.06065433964765576
726,863,137,0.137,0.05801275620982051
768,884,116,0.116,0.05761614792702403
748,874,126,0.126,0.06643420707166661
640,820,180,0.18,0.08882477128137513
744,872,128,0.128,0.06687113112816902
774,887,113,0.113,0.06672872305754572
656,828,172,0.172,0.0794146477673228
774,887,113,0.113,0.06384523602854461
714,857,143,0.143,0.08940332308039069
776,888,112,0.112,0.061379146034829316
748,874,126,0.126,0.07303575538634323
748,874,126,0.126,0.08506887824973092
786,893,107,0.107,0.0654455029204901
668,834,166,0.166,0.08101814995473251
774,887,113,0.113,0.06180198484659195
750,875,125,0.125,0.061821340871509166
716,858,142,0.142,0.060433849395216996
788,894,106,0.106,0.06900174624414648
820,910,90,0.09,0.051841803955612706
830,915,85,0.085,0.046294797921553256
748,874,126,0.126,0.06399439483834432
730,865,135,0.135,0.06385656685847789
732,866,134,0.134,0.05730209025135264
740,870,130,0.13,0.06012299538869411
756,878,122,0.122,0.052561572614591566
692,846,154,0.154,0.06817743395396975
800,900,100,0.1,0.03900265480403323
778,889,111,0.111,0.05521241024462506
794,897,103,0.103,0.04190259849038756
784,892,108,0.108,0.04898671711680592
728,864,136,0.136,0.05060274587219465
758,879,121,0.121,0.04976159435163028
754,877,123,0.123,0.04867737841192866
726,863,137,0.137,0.05028396066018368
762,881,119,0.119,0.06459643643628805
748,874,126,0.126,0.057669126198161405
792,896,104,0.104,0.04744553761230783
824,912,88,0.088,0.04447855880611317
796,898,102,0.102,0.04508269604016097
772,886,114,0.114,0.05385242336434753
692,846,154,0.154,0.06551633847970516
778,889,111,0.111,0.0527911661490798
774,887,113,0.113,0.053215501714497807
716,858,142,0.142,0.0663954860949889
746,873,127,0.127,0.05860321022616699
720,860,140,0.14,0.0602257042819829
748,874,126,0.126,0.05634788310341537
700,850,150,0.15,0.0762357105477713
822,911,89,0.089,0.05690544026251882
690,845,155,0.155,0.09071712533198296
810,905,95,0.095,0.07597155635847287
758,879,121,0.121,0.07757477774005384
768,884,116,0.116,0.0751743990899995
810,905,95,0.095,0.07041378886066377
790,895,105,0.105,0.08228659907146357
786,893,107,0.107,0.0603764539193362
740,870,130,0.13,0.07652504551131278
800,900,100,0.1,0.06719835649989546
762,881,119,0.119,0.08301639754325152
800,900,100,0.1,0.0683445213055238
764,882,118,0.118,0.06874121522856877
796,898,102,0.102,0.055882070471532645
808,904,96,0.096,0.07341532050728271
812,906,94,0.094,0.07107464497734328
720,860,140,0.14,0.07496774863451719
846,923,77,0.077,0.04848620786365183
782,891,109,0.109,0.0580884471219033
826,913,87,0.087,0.03942286065523513
750,875,125,0.125,0.0516243013329804
756,878,122,0.122,0.04874051223048355
724,862,138,0.138,0.06407016351772472
714,857,143,0.143,0.04623119513317943
762,881,119,0.119,0.04848960847760463
698,849,151,0.151,0.048416831164722694
788,894,106,0.106,0.04464094652980566
724,862,138,0.138,0.04777751687774435
824,912,88,0.088,0.03725056733423844
800,900,100,0.1,0.04740655002277344
718,859,141,0.141,0.0676797980829142
758,879,121,0.121,0.04829255601763725
750,875,125,0.125,0.05487067230045795
752,876,124,0.124,0.052954376294976103
750,875,125,0.125,0.058483830724842846
740,870,130,0.13,0.062388879699665264
740,870,130,0.13,0.061526832357514646
774,887,113,0.113,0.05885042448993772
692,846,154,0.154,0.07465505249053239
784,892,108,0.108,0.0675516674797982
722,861,139,0.139,0.07160799292417319
758,879,121,0.121,0.07951370800513541
832,916,84,0.084,0.07155408630333841
794,897,103,0.103,0.07631014471873641
756,878,122,0.122,0.09215760524291546
712,856,144,0.144,0.10185710491329883
742,871,129,0.129,0.09807294376846402
796,898,102,0.102,0.08346467775308582
766,883,117,0.117,0.08299005591589957
766,883,117,0.117,0.09478354459721597
792,896,104,0.104,0.08580959123698995
776,888,112,0.112,0.07415921274496941
782,891,109,0.109,0.08810570891946554
764,882,118,0.118,0.08589897955907509
778,889,111,0.111,0.08376967927228544
742,871,129,0.129,0.08811151342093945
710,855,145,0.145,0.09738204129842051
744,872,128,0.128,0.06988271481450647
748,874,126,0.126,0.07138368484156672
796,898,102,0.102,0.05809522885072511
732,866,134,0.134,0.06069267792627216
722,861,139,0.139,0.06382713243846161
782,891,109,0.109,0.04955606099590659
804,902,98,0.098,0.050428612778894606
800,900,100,0.1,0.05156209852453321
666,833,167,0.167,0.05167585348477587
788,894,106,0.106,0.054156090396340006
792,896,104,0.104,0.049499406109564006
748,874,126,0.126,0.06133849748561625
812,906,94,0.094,0.04377404562077938
762,881,119,0.119,0.04867253144149816
748,874,126,0.126,0.04812283668565844
764,882,118,0.118,0.040723152622522324
788,894,106,0.106,0.0416217498194452
784,892,108,0.108,0.03822526249685325
762,881,119,0.119,0.045520686121948546
764,882,118,0.118,0.0564185037703719
810,905,95,0.095,0.041324715933995324
796,898,102,0.102,0.04769658025965327
790,895,105,0.105,0.05414350011036731
780,890,110,0.11,0.057031690179836
744,872,128,0.128,0.053691866819281134
742,871,129,0.129,0.05840215388638899
788,894,106,0.106,0.05355933048715816
726,863,137,0.137,0.06813071948289871
782,891,109,0.109,0.07445387785648927
816,908,92,0.092,0.061804263687285144
730,865,135,0.135,0.07144763586608535
762,881,119,0.119,0.07132469709124416
764,882,118,0.118,0.0612292175579496
758,879,121,0.121,0.08345509151741862
754,877,123,0.123,0.07939117658510804
800,900,100,0.1,0.08019852307857946
736,868,132,0.132,0.09589852586202323
756,878,122,0.122,0.09680818394664675
778,889,111,0.111,0.07218353340169414
778,889,111,0.111,0.08207486292193061
798,899,101,0.101,0.09115985480695964
704,852,148,0.148,0.09200658209715039
822,911,89,0.089,0.07096596736181528
738,869,131,0.131,0.08319113840255886
772,886,114,0.114,0.06460195646621286
752,876,124,0.124,0.06535856520698871
762,881,119,0.119,0.08203927047550678
782,891,109,0.109,0.0825079928651685
744,872,128,0.128,0.06655340196029283
772,886,114,0.114,0.0674940765015781
770,885,115,0.115,0.07299067552719499
752,876,124,0.124,0.07400940641555644
762,881,119,0.119,0.08083393356809393
780,890,110,0.11,0.06237902951611781
766,883,117,0.117,0.06575399444252253
704,852,148,0.148,0.06257161701237783
756,878,122,0.122,0.06151077393628657
814,907,93,0.093,0.0481670252867043
802,901,99,0.099,0.04145681066637189
786,893,107,0.107,0.0564473614199087
804,902,98,0.098,0.050700431831646714
850,925,75,0.075,0.04251007462758571
700,850,150,0.15,0.050421905145049094
778,889,111,0.111,0.04997318746708333
810,905,95,0.095,0.04291625341291365
734,867,133,0.133,0.05197892164277438
782,891,109,0.109,0.043383301088592306
704,852,148,0.148,0.0671624654168561
774,887,113,0.113,0.05462346910731867
826,913,87,0.087,0.04965137386912835
728,864,136,0.136,0.05408816786389798
772,886,114,0.114,0.04977440416766331
782,891,109,0.109,0.0589897425044328
802,901,99,0.099,0.05342083986368743
658,829,171,0.171,0.08219834119360894
736,868,132,0.132,0.0681326397098601
778,889,111,0.111,0.06256752928719925
802,901,99,0.099,0.06418564855493605
722,861,139,0.139,0.07939096673664425
798,899,101,0.101,0.07397406362509355
808,904,96,0.096,0.07723094243564083
784,892,108,0.108,0.06610127134993672
798,899,101,0.101,0.08170342944655568
796,898,102,0.102,0.06945226890849267
744,872,128,0.128,0.06676816072594374
770,885,115,0.115,0.07905188233288937
694,847,153,0.153,0.07241876389086248
808,904,96,0.096,0.07342193577112632
782,891,109,0.109,0.07659478681407604
736,868,132,0.132,0.07782324184906843
754,877,123,0.123,0.0745602949783206
812,906,94,0.094,0.06379928891779856
760,880,120,0.12,0.08459283505100758
786,893,107,0.107,0.07210921892896295
754,877,123,0.123,0.07322389084007591
804,902,98,0.098,0.054537469493225216
786,893,107,0.107,0.050381258680160725
800,900,100,0.1,0.059109786070883276
770,885,115,0.115,0.06485532351676375
788,894,106,0.106,0.05810818390315398
750,875,125,0.125,0.06197988712065893
790,895,105,0.105,0.054543246134737274
788,894,106,0.106,0.05625656558780793
762,881,119,0.119,0.06560105258738622
738,869,131,0.131,0.062294534350340595
782,891,109,0.109,0.04556155934324488
690,845,155,0.155,0.0641059037889354
774,887,113,0.113,0.05067821053881198
780,890,110,0.11,0.050776334822090576
746,873,127,0.127,0.059590460328836414
790,895,105,0.105,0.04671800472121686
774,887,113,0.113,0.05460688907507574
762,881,119,0.119,0.05479120383039117
758,879,121,0.121,0.06535399202257394
780,890,110,0.11,0.05210656536836177
732,866,134,0.134,0.07398792998344379
808,904,96,0.096,0.049904592343140396
760,880,120,0.12,0.05721581377706026
734,867,133,0.133,0.0738658831845969
804,902,98,0.098,0.06328981393296272
726,863,137,0.137,0.0771984968939796
776,888,112,0.112,0.06510956032155081
754,877,123,0.123,0.0676298963367608
760,880,120,0.12,0.07358935061742887
760,880,120,0.12,0.07413610198535027
772,886,114,0.114,0.07344663264930569
734,867,133,0.133,0.09998081011138857
752,876,124,0.124,0.08769343649968504
766,883,117,0.117,0.07903464996255934
808,904,96,0.096,0.08979160778038203
728,864,136,0.136,0.10186973776156935
690,845,155,0.155,0.09160816054568567
758,879,121,0.121,0.10526140520977789
872,936,64,0.064,0.08285315835522487
798,899,101,0.101,0.08928107707574964
776,888,112,0.112,0.09058745264166926
758,879,121,0.121,0.10397300241515041
798,899,101,0.101,0.08445501131517813
760,880,120,0.12,0.10494360461085851
768,884,116,0.116,0.08980008969921618
718,859,141,0.141,0.10705853762477636
746,873,127,0.127,0.09474779011367354
780,890,110,0.11,0.08827494334170478
774,887,113,0.113,0.09545950543694198
796,898,102,0.102,0.08740307936724277
762,881,119,0.119,0.08889734673686325
806,903,97,0.097,0.07139387968182563
740,870,130,0.13,0.07600727146863938
760,880,120,0.12,0.0708018737516686
696,848,152,0.152,0.07085352681018411
814,907,93,0.093,0.0743395108897239
776,888,112,0.112,0.06577291294466704
750,875,125,0.125,0.06748813503514975
758,879,121,0.121,0.06407920191530138
780,890,110,0.11,0.06042449106182943
766,883,117,0.117,0.06612629046384247
788,894,106,0.106,0.06594363295211224
744,872,128,0.128,0.07063351103011518
756,878,122,0.122,0.06915617719711736
772,886,114,0.114,0.06053323592268862
794,897,103,0.103,0.06632316337525858
724,862,138,0.138,0.08010823111142963
726,863,137,0.137,0.0813771084123291
710,855,145,0.145,0.08346047679893673
774,887,113,0.113,0.07209214802831411
764,882,118,0.118,0.07746331875398756
728,864,136,0.136,0.09212489738129079
796,898,102,0.102,0.0812056823775182
758,879,121,0.121,0.10961179897910915
704,852,148,0.148,0.09722934460267424
784,892,108,0.108,0.11197253155335785
764,882,118,0.118,0.09152050681272522
854,927,73,0.073,0.083708148692723
778,889,111,0.111,0.10002629883837653
796,898,102,0.102,0.09585188326786738
782,891,109,0.109,0.0975116195268929
768,884,116,0.116,0.10513876780954888
738,869,131,0.131,0.13417460194788874
780,890,110,0.11,0.10443915830366314
778,889,111,0.111,0.10537242523021996
668,834,166,0.166,0.1460279606548138
748,874,126,0.126,0.13096027963422238
778,889,111,0.111,0.11862438622489571
780,890,110,0.11,0.11159480285458266
746,873,127,0.127,0.11877773403562605
674,837,163,0.163,0.1261382805891335
812,906,94,0.094,0.09636159506067633
706,853,147,0.147,0.11690385240431715
698,849,151,0.151,0.10891811527498066
746,873,127,0.127,0.12293612701445818
706,853,147,0.147,0.12385423370017601
698,849,151,0.151,0.09386035787263244
732,866,134,0.134,0.12115408286824822
736,868,132,0.132,0.13011033007316292
752,876,124,0.124,0.12542003603908233
750,875,125,0.125,0.10069544814527034
732,866,134,0.134,0.11457288454752415
728,864,136,0.136,0.09571570864413043
744,872,128,0.128,0.11630280584655703
764,882,118,0.118,0.11220678874614987
714,857,143,0.143,0.10596444181539118
782,891,109,0.109,0.09913595339469612
810,905,95,0.095,0.0874166078306735
758,879,121,0.121,0.10736569711659104
778,889,111,0.111,0.09067131985537707
718,859,141,0.141,0.11092395766393748
726,863,137,0.137,0.10450624168477952
812,906,94,0.094,0.07961636145599187
794,897,103,0.103,0.08442156882444396
760,880,120,0.12,0.09586032044887542
744,872,128,0.128,0.09238070047319343
794,897,103,0.103,0.09664671978303818
776,888,112,0.112,0.09794013313157483
698,849,151,0.151,0.10102635333687067
752,876,124,0.124,0.0952002882733941
678,839,161,0.161,0.1170265640746802
814,907,93,0.093,0.09158167190290988
806,903,97,0.097,0.08875728446617723
768,884,116,0.116,0.08828530653100461
794,897,103,0.103,0.0933202282456914
774,887,113,0.113,0.0866644751355052
760,880,120,0.12,0.09512778227031231
782,891,109,0.109,0.1055448166669364
768,884,116,0.116,0.08406377728842199
766,883,117,0.117,0.09049259908206295
754,877,123,0.123,0.0950545417026442
718,859,141,0.141,0.10733455120958388
764,882,118,0.118,0.09742849848186598
796,898,102,0.102,0.09167451023776084
820,910,90,0.09,0.09003027055706637
772,886,114,0.114,0.08379535236768425
768,884,116,0.116,0.10171380904689431
750,875,125,0.125,0.0908853239572702
748,874,126,0.126,0.0985362954987213
846,923,77,0.077,0.07382351886481046
766,883,117,0.117,0.09258026824452094
770,885,115,0.115,0.08532245148345828
784,892,108,0.108,0.09212678503990174
796,898,102,0.102,0.0841678869035095
802,901,99,0.099,0.07997567640896887
794,897,103,0.103,0.07969763287343085
768,884,116,0.116,0.08711548434104771
794,897,103,0.103,0.07880995846820425
784,892,108,0.108,0.08667383788246662
786,893,107,0.107,0.08567760982364415
774,887,113,0.113,0.08469958699774376
822,911,89,0.089,0.08394205557275564
824,912,88,0.088,0.07293507405184209
744,872,128,0.128,0.08845875150617212
796,898,102,0.102,0.0771329755820916
794,897,103,0.103,0.07240647079143675
824,912,88,0.088,0.07618581868625915
768,884,116,0.116,0.07611356284841896
738,869,131,0.131,0.07353061133204028
780,890,110,0.11,0.06334100740925351
710,855,145,0.145,0.07727776581042417
780,890,110,0.11,0.07197702971669787
762,881,119,0.119,0.07483738650847227
774,887,113,0.113,0.07587128447182478
786,893,107,0.107,0.06655936748534441
744,872,128,0.128,0.0801016006115824
774,887,113,0.113,0.07829605261870892
790,895,105,0.105,0.0814586227517575
760,880,120,0.12,0.08801051764562726
722,861,139,0.139,0.09422231299802661
780,890,110,0.11,0.07318622737471014
808,904,96,0.096,0.08281389364076314
734,867,133,0.133,0.09464963149465626
776,888,112,0.112,0.08742676106933504
796,898,102,0.102,0.0942035736432299
744,872,128,0.128,0.102060079023242
752,876,124,0.124,0.0922838177960366
776,888,112,0.112,0.08756976755335927
720,860,140,0.14,0.1004392969510518
810,905,95,0.095,0.10165013596642217
712,856,144,0.144,0.10564753430336714
764,882,118,0.118,0.10430950274225324
740,870,130,0.13,0.10344770328840242
760,880,120,0.12,0.10641237707063556
762,881,119,0.119,0.10147851915564388
696,848,152,0.152,0.10715869350207104
750,875,125,0.125,0.11161352257616818
734,867,133,0.133,0.11055600715987385
714,857,143,0.143,0.11223943225946277
748,874,126,0.126,0.12206114560551941
714,857,143,0.143,0.10303887781438244
750,875,125,0.125,0.10163999363221228
742,871,129,0.129,0.1219056277370113
772,886,114,0.114,0.09758779168943875
744,872,128,0.128,0.09298276264220476
776,888,112,0.112,0.09925261873699492
814,907,93,0.093,0.0949827233068645
798,899,101,0.101,0.08579800208224334
786,893,107,0.107,0.09385734960623086
812,906,94,0.094,0.08333167995419354
752,876,124,0.124,0.09379906517229573
802,901,99,0.099,0.08406838793453061
758,879,121,0.121,0.09496549383272186
778,889,111,0.111,0.08303964454866945
786,893,107,0.107,0.08441332690635649
754,877,123,0.123,0.0888262809664011
754,877,123,0.123,0.09080989292170852
784,892,108,0.108,0.0892776929186657
762,881,119,0.119,0.08770705419752631
730,865,135,0.135,0.09496529860631563
788,894,106,0.106,0.09083014256758704
782,891,109,0.109,0.0931841090861708
730,865,135,0.135,0.10110369401366552
760,880,120,0.12,0.08383890418761984
762,881,119,0.119,0.07977830903790892
744,872,128,0.128,0.09748698188830167
750,875,125,0.125,0.08913085444550962
740,870,130,0.13,0.10017908904445358
762,881,119,0.119,0.0931821551611647
754,877,123,0.123,0.09416605946952768
736,868,132,0.132,0.10492993690259754
720,860,140,0.14,0.10141783588832551
724,862,138,0.138,0.11085053548589349
746,873,127,0.127,0.10884402227587998
808,904,96,0.096,0.10422344558499753
800,900,100,0.1,0.10257187807257287
740,870,130,0.13,0.12141486372752115
764,882,118,0.118,0.1190009751841426
698,849,151,0.151,0.1422355490368588
790,895,105,0.105,0.11580603207997046
766,883,117,0.117,0.13184827319532633
720,860,140,0.14,0.14427717892080547
736,868,132,0.132,0.1272832991852888
732,866,134,0.134,0.12593133777007462
738,869,131,0.131,0.13774030370158719
798,899,101,0.101,0.12204993709735572
732,866,134,0.134,0.13160746084526181
742,871,129,0.129,0.13666416215676594
760,880,120,0.12,0.12894780977815423
750,875,125,0.125,0.13115141712129116
778,889,111,0.111,0.1264784872867167
722,861,139,0.139,0.13059040443016057
728,864,136,0.136,0.14524486307241022
748,874,126,0.126,0.12650685094296932
760,880,120,0.12,0.11683214428834617
774,887,113,0.113,0.11162462963993312
760,880,120,0.12,0.1222150235399604
786,893,107,0.107,0.09534680988546461
766,883,117,0.117,0.1273875723022502
754,877,123,0.123,0.11329254727624356
702,851,149,0.149,0.12063068730942968
754,877,123,0.123,0.11593297686986626
790,895,105,0.105,0.10638170114252717
804,902,98,0.098,0.1006650137398392
764,882,118,0.118,0.09619195389654488
794,897,103,0.103,0.10282839989825152
808,904,96,0.096,0.10880155970994383
750,875,125,0.125,0.11141316538117828
876,938,62,0.062,0.08762793201836758
732,866,134,0.134,0.11268872913578525
806,903,97,0.097,0.103304268585518
808,904,96,0.096,0.09450459454301745
824,912,88,0.088,0.09393304866502876
776,888,112,0.112,0.09815994410030544
806,903,97,0.097,0.09365555242262781
736,868,132,0.132,0.10624962136149406
752,876,124,0.124,0.12216168873384595
802,901,99,0.099,0.10863948467792943
758,879,121,0.121,0.11187767039053143
750,875,125,0.125,0.11801794388331473
712,856,144,0.144,0.1235249392053229
758,879,121,0.121,0.1091179509535432
740,870,130,0.13,0.12064397369981089
778,889,111,0.111,0.11478270859344777
744,872,128,0.128,0.11218402397334284
688,844,156,0.156,0.14733198609016834
756,878,122,0.122,0.13022528267974848
804,902,98,0.098,0.12024276956989616
800,900,100,0.1,0.12009701160333909
740,870,130,0.13,0.12648506177403032
810,905,95,0.095,0.11711920152790845
776,888,112,0.112,0.13307994718208274
786,893,107,0.107,0.13054923372808844
734,867,133,0.133,0.1448705040945206
770,885,115,0.115,0.12611946057900786
760,880,120,0.12,0.138915344029665
738,869,131,0.131,0.12251748729357496
800,900,100,0.1,0.13876847093179823
802,901,99,0.099,0.12279501978307962
716,858,142,0.142,0.14429608577104955
782,891,109,0.109,0.12574012891575695
728,864,136,0.136,0.14303194722149964
722,861,139,0.139,0.1353336187787354
742,871,129,0.129,0.13496530804038048
786,893,107,0.107,0.12179469794593753
792,896,104,0.104,0.11494054893350823
714,857,143,0.143,0.15255183236595166
788,894,106,0.106,0.11117505484051071
792,896,104,0.104,0.11670798847079276
750,875,125,0.125,0.12001832618378104
786,893,107,0.107,0.1071667449483648
760,880,120,0.12,0.12528900314401836
750,875,125,0.125,0.1307517127804458
802,901,99,0.099,0.10653295404277742
714,857,143,0.143,0.1137082113046199
748,874,126,0.126,0.11590464633889497
778,889,111,0.111,0.12259665175482383
746,873,127,0.127,0.11668126848340034
806,903,97,0.097,0.10542643023654819
794,897,103,0.103,0.09807349226810039
748,874,126,0.126,0.10724510255083441
792,896,104,0.104,0.09277371996454895
782,891,109,0.109,0.10292059717746452
700,850,150,0.15,0.1153371744828255
750,875,125,0.125,0.10771491899341344
764,882,118,0.118,0.11001798290849547
754,877,123,0.123,0.11437792296148896
728,864,136,0.136,0.11532611536607146
738,869,131,0.131,0.12329475224004091
762,881,119,0.119,0.11249986844230443
738,869,131,0.131,0.11156878493074328
796,898,102,0.102,0.10791607953794302
848,924,76,0.076,0.09112106650555506
786,893,107,0.107,0.11546784355177078
784,892,108,0.108,0.12086823622899828
744,872,128,0.128,0.1193927123071626
760,880,120,0.12,0.11138658336177468
806,903,97,0.097,0.10479597361199558
768,884,116,0.116,0.1196170107703656
768,884,116,0.116,0.11172705919109285
832,916,84,0.084,0.09805878460034728
808,904,96,0.096,0.09815221548918635
816,908,92,0.092,0.10392669068742619
738,869,131,0.131,0.11197623082995414
782,891,109,0.109,0.0946005528951064
730,865,135,0.135,0.10306822693534196
764,882,118,0.118,0.099589042281555
842,921,79,0.079,0.0727791628621354
764,882,118,0.118,0.0979431752153323
756,878,122,0.122,0.10459425203944557
718,859,141,0.141,0.11029959838447394
732,866,134,0.134,0.09913468115265277
790,895,105,0.105,0.09866404769569635
796,898,102,0.102,0.10148969020321966
778,889,111,0.111,0.09711886375769975
772,886,114,0.114,0.09269484637212008
790,895,105,0.105,0.09330437522009015
832,916,84,0.084,0.09454150180611759
766,883,117,0.117,0.09486000259313734
768,884,116,0.116,0.10176321813532949
758,879,121,0.121,0.09940572362020612
762,881,119,0.119,0.09739755858201533
786,893,107,0.107,0.08935067300405353
742,871,129,0.129,0.11487418517284095
776,888,112,0.112,0.10896414716169239
826,913,87,0.087,0.10111179227754474
774,887,113,0.113,0.1140811633609992
736,868,132,0.132,0.10839629991338734
758,879,121,0.121,0.11157696962798945
774,887,113,0.113,0.12375802954286337
794,897,103,0.103,0.11579143590666353
762,881,119,0.119,0.13164506782758575
712,856,144,0.144,0.1238065423425287
856,928,72,0.072,0.10924353211186827
774,887,113,0.113,0.12852752030082046
782,891,109,0.109,0.11512113902159035
750,875,125,0.125,0.11612520389817656
816,908,92,0.092,0.12153168748132885
740,870,130,0.13,0.12140028703212738
800,900,100,0.1,0.11268628973790862
682,841,159,0.159,0.1286456390414387
808,904,96,0.096,0.10428582981601357
770,885,115,0.115,0.10698510713689029
814,907,93,0.093,0.09458636149577797
762,881,119,0.119,0.1183282434567809
744,872,128,0.128,0.10826639175415038
772,886,114,0.114,0.10925056695565581
790,895,105,0.105,0.11419880808889867
810,905,95,0.095,0.10426365336182061
698,849,151,0.151,0.1264888868138778
740,870,130,0.13,0.12168496785470054
798,899,101,0.101,0.09223687863536179
740,870,130,0.13,0.10864186602458357
794,897,103,0.103,0.11289695793188002
722,861,139,0.139,0.11749159015715122
784,892,108,0.108,0.10037702886015176
818,909,91,0.091,0.09992211032658817
842,921,79,0.079,0.09739084502495825
826,913,87,0.087,0.09409091052785516
780,890,110,0.11,0.10917257168146897
780,890,110,0.11,0.10413940331153572
724,862,138,0.138,0.12693450707383455
736,868,132,0.132,0.12939534740056843
720,860,140,0.14,0.14129113060084636
744,872,128,0.128,0.1454422485101968
736,868,132,0.132,0.13004802186397496
724,862,138,0.138,0.1518936718753539
768,884,116,0.116,0.1367099276445806
834,917,83,0.083,0.11679265855625272
740,870,130,0.13,0.14229706856525673
800,900,100,0.1,0.13586757661774754
756,878,122,0.122,0.1266339175440371
784,892,108,0.108,0.12731864496320486
786,893,107,0.107,0.12544248904119196
764,882,118,0.118,0.12430663808062675
718,859,141,0.141,0.13665709638223053
758,879,121,0.121,0.15121201554499566
710,855,145,0.145,0.14415759343421086
734,867,133,0.133,0.13532913220275533
744,872,128,0.128,0.13906204546568915
790,895,105,0.105,0.12554788861225824
774,887,113,0.113,0.11978443126101047
764,882,118,0.118,0.12728801945591112
798,899,101,0.101,0.13470148718729616
720,860,140,0.14,0.1443089176118374
770,885,115,0.115,0.1262812821343541
772,886,114,0.114,0.13006885482743383
800,900,100,0.1,0.11593600055016577
786,893,107,0.107,0.127465777882142
772,886,114,0.114,0.12535618213459385
764,882,118,0.118,0.12864231194369494
732,866,134,0.134,0.13385789336636664
740,870,130,0.13,0.13195081199146808
798,899,101,0.101,0.12759885201882573
708,854,146,0.146,0.14187909345701336
748,874,126,0.126,0.13620895012468098
738,869,131,0.131,0.13438554652594029
790,895,105,0.105,0.13179270426928996
740,870,130,0.13,0.13376912546157838
744,872,128,0.128,0.1600576225669647
770,885,115,0.115,0.13299159899866209
758,879,121,0.121,0.13579323989897965
740,870,130,0.13,0.14090423637256028
708,854,146,0.146,0.14506293866224587
808,904,96,0.096,0.13175974167237292
706,853,147,0.147,0.1426996970716864
706,853,147,0.147,0.14853725388087338
732,866,134,0.134,0.14614327255263926
706,853,147,0.147,0.15546017840132118
812,906,94,0.094,0.13852891441048631
678,839,161,0.161,0.1738823486417532
680,840,160,0.16,0.17035241452604533
734,867,133,0.133,0.17054265928268433
752,876,124,0.124,0.1770999803824925
754,877,123,0.123,0.1685735052525997
680,840,160,0.16,0.19023683795332907
724,862,138,0.138,0.17650287314876914
832,916,84,0.084,0.15980720691010356
768,884,116,0.116,0.1663820295035839
782,891,109,0.109,0.18407239507883788
740,870,130,0.13,0.1685095420703292
798,899,101,0.101,0.15435762884281576
762,881,119,0.119,0.187301875770092
808,904,96,0.096,0.17349772399291397
716,858,142,0.142,0.19210221435502173
756,878,122,0.122,0.1690714979460402
794,897,103,0.103,0.1663249052427709
784,892,108,0.108,0.1710336894094944
788,894,106,0.106,0.16267105516046285
754,877,123,0.123,0.16132840164750814
872,936,64,0.064,0.13704102636646712
746,873,127,0.127,0.17719796956703066
710,855,145,0.145,0.17733256076276302
826,913,87,0.087,0.13802681739255787
816,908,92,0.092,0.11791597606241704
762,881,119,0.119,0.14663051212206482
778,889,111,0.111,0.12831515949778258
786,893,107,0.107,0.14268012777343392
756,878,122,0.122,0.12731802463531494
720,860,140,0.14,0.14247728066612034
794,897,103,0.103,0.12289262545248493
766,883,117,0.117,0.15080719628185033
788,894,106,0.106,0.12544108089804648
750,875,125,0.125,0.14197018305901418
772,886,114,0.114,0.11626354889944196
750,875,125,0.125,0.1290510286302239
778,889,111,0.111,0.12449405372701586
752,876,124,0.124,0.1404179977234453
746,873,127,0.127,0.12091087587922812
788,894,106,0.106,0.13408386048302054
776,888,112,0.112,0.1386295718289912
792,896,104,0.104,0.1477694044802338
798,899,101,0.101,0.1322770941108465
796,898,102,0.102,0.14969409186020494
738,869,131,0.131,0.18300289104739204
794,897,103,0.103,0.15045294956397265
786,893,107,0.107,0.17456507025659085
730,865,135,0.135,0.18465219119936227
818,909,91,0.091,0.15471398844011128
740,870,130,0.13,0.17044517161697148
800,900,100,0.1,0.16179669580422343
756,878,122,0.122,0.18574066821485757
708,854,146,0.146,0.1932137459563092
758,879,121,0.121,0.19001050109090284
704,852,148,0.148,0.20425548107502983
784,892,108,0.108,0.1993380305469102
800,900,100,0.1,0.16698317033797502
738,869,131,0.131,0.20619534743577242
794,897,103,0.103,0.20113806011527777
752,876,124,0.124,0.1900268095806241
776,888,112,0.112,0.18447798138461075
844,922,78,0.078,0.16966756849735976
758,879,121,0.121,0.19965739903738722
748,874,126,0.126,0.18090989345897104
704,852,148,0.148,0.19481384960892184
742,871,129,0.129,0.1861588040397037
768,884,116,0.116,0.18320607485994697
772,886,114,0.114,0.17256086332311224
688,844,156,0.156,0.18411468131141737
736,868,132,0.132,0.1843645043759044
818,909,91,0.091,0.15163746482133866
758,879,121,0.121,0.16762182719822158
830,915,85,0.085,0.1442985295196122
848,924,76,0.076,0.1446196070946753
748,874,126,0.126,0.17700533520802855
768,884,116,0.116,0.16824239392206072
780,890,110,0.11,0.15007762699387966
756,878,122,0.122,0.16307666109412822
734,867,133,0.133,0.18239035702465298
762,881,119,0.119,0.16697812864556907
716,858,142,0.142,0.16952060771704283
768,884,116,0.116,0.18779294158960694
810,905,95,0.095,0.14480485897138715
720,860,140,0.14,0.1791832426087931
788,894,106,0.106,0.16619206589087843
742,871,129,0.129,0.16510059533532362
746,873,127,0.127,0.18270787843689323
758,879,121,0.121,0.1919596606945177
726,863,137,0.137,0.18289232191471938
768,884,116,0.116,0.19516795509308577
772,886,114,0.114,0.16577116199210287
762,881,119,0.119,0.20726975996419789
748,874,126,0.126,0.19362390248663724
750,875,125,0.125,0.20299570399895311
792,896,104,0.104,0.18906417402578518
786,893,107,0.107,0.215659679537639
740,870,130,0.13,0.20383010505139829
764,882,118,0.118,0.21689965607225895
720,860,140,0.14,0.23902032851055263
730,865,135,0.135,0.24357280142977833
722,861,139,0.139,0.24245787654817105
760,880,120,0.12,0.249428280133754
748,874,126,0.126,0.23773967071614982
740,870,130,0.13,0.2510642586275935
742,871,129,0.129,0.2408196701705456
764,882,118,0.118,0.25028015710413454
786,893,107,0.107,0.23990200887992977
740,870,130,0.13,0.26600311762839557
746,873,127,0.127,0.24135994175449013
746,873,127,0.127,0.26018563310056925
768,884,116,0.116,0.2522238264977932
804,902,98,0.098,0.23326007775589824
748,874,126,0.126,0.2651880482394481
788,894,106,0.106,0.24370500500500203
752,876,124,0.124,0.25599844901263713
714,857,143,0.143,0.2753296378962696
788,894,106,0.106,0.24800930960476397
724,862,138,0.138,0.24286830629975156
722,861,139,0.139,0.25373343481123445
736,868,132,0.132,0.26122689589112996
764,882,118,0.118,0.23448376456648112
770,885,115,0.115,0.2529809531830251
750,875,125,0.125,0.24940378476306796
714,857,143,0.143,0.2505129777565599
770,885,115,0.115,0.22495011234655976
784,892,108,0.108,0.2518449607528746
828,914,86,0.086,0.2388007171479985
768,884,116,0.116,0.23937719102576374
738,869,131,0.131,0.2551840048287995
744,872,128,0.128,0.259330541800669
686,843,157,0.157,0.2669542748807289
756,878,122,0.122,0.2506392467599362
776,888,112,0.112,0.24838820215687155
792,896,104,0.104,0.24288528445953853
776,888,112,0.112,0.26730430048331616
704,852,148,0.148,0.2675090219676495
698,849,151,0.151,0.26357266279383523
774,887,113,0.113,0.27698024682700634
712,856,144,0.144,0.29603671846166324
790,895,105,0.105,0.25942696471512317
726,863,137,0.137,0.2671005331352353
644,822,178,0.178,0.30590219849348066
744,872,128,0.128,0.26937760018743573
704,852,148,0.148,0.2842011028695124
716,858,142,0.142,0.28606850576400755
764,882,118,0.118,0.2909892038106918
764,882,118,0.118,0.2894028090685606
782,891,109,0.109,0.2511927903518081
850,925,75,0.075,0.2607419458660297
764,882,118,0.118,0.29240885873138905
800,900,100,0.1,0.2725267765596509
788,894,106,0.106,0.2844669952846839
726,863,137,0.137,0.2860862916633487
736,868,132,0.132,0.28782539916038813
764,882,118,0.118,0.278489056671439
768,884,116,0.116,0.2840467540547252
828,914,86,0.086,0.2576477994769812
708,854,146,0.146,0.29817861498147247
732,866,134,0.134,0.28267638598755
802,901,99,0.099,0.2686687635643175
790,895,105,0.105,0.2510500437617302
758,879,121,0.121,0.2796473413556814
786,893,107,0.107,0.2545956429988146
770,885,115,0.115,0.2528716456145048
762,881,119,0.119,0.2653398724355483
772,886,114,0.114,0.25005476906895635
784,892,108,0.108,0.2589456600174308
768,884,116,0.116,0.22521979185225963
828,914,86,0.086,0.22034812648384833
722,861,139,0.139,0.2326302588507533
788,894,106,0.106,0.212309698481793
776,888,112,0.112,0.21948219367384444
728,864,136,0.136,0.2400735345577484
784,892,108,0.108,0.2004014492444694
810,905,95,0.095,0.20335579287260772
764,882,118,0.118,0.2139265590558616
764,882,118,0.118,0.21320474533736705
746,873,127,0.127,0.2284100529104471
792,896,104,0.104,0.2081762687638402
812,906,94,0.094,0.21375481395423412
738,869,131,0.131,0.22650712942518295
762,881,119,0.119,0.21170249545387923
818,909,91,0.091,0.2008481309024284
770,885,115,0.115,0.228847774584312
710,855,145,0.145,0.27288891311734914
822,911,89,0.089,0.24520408795212278
706,853,147,0.147,0.2967469019815326
776,888,112,0.112,0.2460044408813119
770,885,115,0.115,0.2536932882369074
746,873,127,0.127,0.27799349800037454
706,853,147,0.147,0.2904108516275883
728,864,136,0.136,0.27742441643029453
784,892,108,0.108,0.2681076583636823
776,888,112,0.112,0.2949613803103566
804,902,98,0.098,0.274527688421309
770,885,115,0.115,0.29210332145076245
770,885,115,0.115,0.29729985716193913
738,869,131,0.131,0.32256697098887527
700,850,150,0.15,0.3337969597124029
644,822,178,0.178,0.33531790727607663
766,883,117,0.117,0.32883747000992297
750,875,125,0.125,0.35437782923132183
750,875,125,0.125,0.34800219421088696
744,872,128,0.128,0.3599244793206453
730,865,135,0.135,0.3537359820753336
756,878,122,0.122,0.3422677839100361
766,883,117,0.117,0.36906111097335814
746,873,127,0.127,0.37212618654966356
826,913,87,0.087,0.3544243853390217
834,917,83,0.083,0.36083781526982783
774,887,113,0.113,0.3535105716760736
794,897,103,0.103,0.3543461451232433
720,860,140,0.14,0.39319490681402386
750,875,125,0.125,0.3498172376602902
738,869,131,0.131,0.3774740747213364
740,870,130,0.13,0.3556907605236124
710,855,145,0.145,0.3736604142712895
744,872,128,0.128,0.40534858250617983
736,868,132,0.132,0.3798851315942593
810,905,95,0.095,0.3590120321214199
810,905,95,0.095,0.32739431385695933
742,871,129,0.129,0.37117439848184586
808,904,96,0.096,0.32783345560729504
802,901,99,0.099,0.3223847503047437
732,866,134,0.134,0.3500947846451309
750,875,125,0.125,0.36551515839993953
690,845,155,0.155,0.39151349311145167
760,880,120,0.12,0.37142445660568774
686,843,157,0.157,0.3681387572977692
750,875,125,0.125,0.36288046698260584
806,903,97,0.097,0.34021379287540915
744,872,128,0.128,0.351917851254344
748,874,126,0.126,0.35170923550054434
798,899,101,0.101,0.35000093914289027
804,902,98,0.098,0.32537113383412364
762,881,119,0.119,0.35242090151458977
786,893,107,0.107,0.3642311562541872
794,897,103,0.103,0.34670801913924515
732,866,134,0.134,0.3809260260015726
734,867,133,0.133,0.39783247069641947
752,876,124,0.124,0.39412989556789396
780,890,110,0.11,0.4040975651857443
808,904,96,0.096,0.39798893469572066
764,882,118,0.118,0.3991393691450357
756,878,122,0.122,0.39675150740891696
722,861,139,0.139,0.4384855357855558
788,894,106,0.106,0.3973147017629817
754,877,123,0.123,0.4125694293999113
722,861,139,0.139,0.43158880599332045
682,841,159,0.159,0.47733571816304043
724,862,138,0.138,0.4620087597072707
750,875,125,0.125,0.4508912898004055
778,889,111,0.111,0.4381309374123812
768,884,116,0.116,0.4440646777788917
698,849,151,0.151,0.47482612675927477
712,856,144,0.144,0.4700045220484677
716,858,142,0.142,0.48258650928735736
750,875,125,0.125,0.44866364447772505
754,877,123,0.123,0.46724464839696883
706,853,147,0.147,0.45375650249235333
786,893,107,0.107,0.446470831528306
770,885,115,0.115,0.4415476225540042
778,889,111,0.111,0.42770131640136244
730,865,135,0.135,0.4618018506922526
682,841,159,0.159,0.45424559965729716
768,884,116,0.116,0.436533881302923
758,879,121,0.121,0.43685220974683764
730,865,135,0.135,0.44802147679030896
782,891,109,0.109,0.44276284299924734
714,857,143,0.143,0.44223952071368694
720,860,140,0.14,0.4281788417845964
828,914,86,0.086,0.3988542855679989
784,892,108,0.108,0.3931457382440567
752,876,124,0.124,0.4197053903574124
788,894,106,0.106,0.3847241218090057
754,877,123,0.123,0.3790214865547605
762,881,119,0.119,0.35065890209348866
742,871,129,0.129,0.384347560480237
720,860,140,0.14,0.3673569337995259
800,900,100,0.1,0.34890939345585603
800,900,100,0.1,0.35466042560338973
732,866,134,0.134,0.3524279239922762
702,851,149,0.149,0.3428977662473917
750,875,125,0.125,0.3420180518180132
754,877,123,0.123,0.35726793530583384
776,888,112,0.112,0.34329588839784264
740,870,130,0.13,0.3482337911576033
750,875,125,0.125,0.3619709660485387
800,900,100,0.1,0.30223721282691146
764,882,118,0.118,0.32416298791257686
794,897,103,0.103,0.3137713077843655
778,889,111,0.111,0.31089707396924493
770,885,115,0.115,0.31340327033773063
762,881,119,0.119,0.31138892270624635
788,894,106,0.106,0.3066862903386354
732,866,134,0.134,0.32906914162961765
770,885,115,0.115,0.322578801086795
732,866,134,0.134,0.3219275151118636
760,880,120,0.12,0.3050827511548996
756,878,122,0.122,0.3262224883362651
790,895,105,0.105,0.31774580405373126
726,863,137,0.137,0.3256641861945391
808,904,96,0.096,0.2926682245656848
754,877,123,0.123,0.33105291635277834
772,886,114,0.114,0.33940081133553757
760,880,120,0.12,0.30940217715501783
772,886,114,0.114,0.3144871490523219
798,899,101,0.101,0.3052936354279518
744,872,128,0.128,0.33886281883716585
762,881,119,0.119,0.30952782439568544
786,893,107,0.107,0.3120107913836837
720,860,140,0.14,0.3202784671410918
770,885,115,0.115,0.3339514898657799
828,914,86,0.086,0.3127339100241661
782,891,109,0.109,0.3062599928230047
726,863,137,0.137,0.32526142283537046
766,883,117,0.117,0.296024729385972
784,892,108,0.108,0.3016861382946372
802,901,99,0.099,0.2863244497701526
752,876,124,0.124,0.29370432708393857
816,908,92,0.092,0.2871965869856067
750,875,125,0.125,0.29408503909409045
792,896,104,0.104,0.27832026095502077
826,913,87,0.087,0.26736628690361974
822,911,89,0.089,0.2643053610716015
742,871,129,0.129,0.2844851440265775
694,847,153,0.153,0.3177168019488454
706,853,147,0.147,0.24509833616763355
728,864,136,0.136,0.2412041626945138
686,843,157,0.157,0.23982423823326826
738,869,131,0.131,0.27118531011790037
818,909,91,0.091,0.23580483457859372
738,869,131,0.131,0.25109486892819405
720,860,140,0.14,0.2588461779649369
742,871,129,0.129,0.2559895367398858
758,879,121,0.121,0.24995185163617134
776,888,112,0.112,0.2253910707142204
776,888,112,0.112,0.23825729655474423
758,879,121,0.121,0.25360821520537136
770,885,115,0.115,0.22822913646092638
712,856,144,0.144,0.25747742385964373
724,862,138,0.138,0.2597323870509863
762,881,119,0.119,0.25896613205899033
698,849,151,0.151,0.26407912753149865
704,852,148,0.148,0.2770501728569398
778,889,111,0.111,0.2591309089437127
838,919,81,0.081,0.26388798574358224
784,892,108,0.108,0.26143689233728945
806,903,97,0.097,0.23782490939646958
750,875,125,0.125,0.2611376263200655
800,900,100,0.1,0.25460084921121595
732,866,134,0.134,0.29573233100771906
704,852,148,0.148,0.2878573354902357
720,860,140,0.14,0.27073253939300773
760,880,120,0.12,0.27912165720015764
790,895,105,0.105,0.2702236006284811
784,892,108,0.108,0.2569492645487189
816,908,92,0.092,0.24473670522123575
758,879,121,0.121,0.25840155117958785
804,902,98,0.098,0.253832486525178
770,885,115,0.115,0.24941290371119976
742,871,129,0.129,0.2596420494765043
804,902,98,0.098,0.24479135374724864
746,873,127,0.127,0.2597122998999582
736,868,132,0.132,0.2608986596018076
774,887,113,0.113,0.24064353668130933
716,858,142,0.142,0.24717654383182525
778,889,111,0.111,0.22777661058311066
818,909,91,0.091,0.213550072517246
738,869,131,0.131,0.22776267865788116
770,885,115,0.115,0.23740110766209638
740,870,130,0.13,0.2296073929667473
776,888,112,0.112,0.21352678931696573
752,876,124,0.124,0.2017548024840653
752,876,124,0.124,0.23237161699700254
800,900,100,0.1,0.22293764869868754
740,870,130,0.13,0.22766535242646932
756,878,122,0.122,0.21985699770972134
742,871,129,0.129,0.2198046903833747
776,888,112,0.112,0.20712934033945202
770,885,115,0.115,0.22185444014519454
774,887,113,0.113,0.20746259574592113
716,858,142,0.142,0.21072116821305825
742,871,129,0.129,0.21558510503172876
790,895,105,0.105,0.19450785320997238
792,896,104,0.104,0.1922846150882542
790,895,105,0.105,0.19663876759272533
746,873,127,0.127,0.204273103736341
748,874,126,0.126,0.21336774390921404
748,874,126,0.126,0.21614671101421118
774,887,113,0.113,0.22154122129827739
774,887,113,0.113,0.21457056487214868
756,878,122,0.122,0.21538468743860723
792,896,104,0.104,0.19878075809031726
816,908,92,0.092,0.19839619456231594
770,885,115,0.115,0.21577599752694368
776,888,112,0.112,0.2104864329844713
788,894,106,0.106,0.20050749123841524
752,876,124,0.124,0.21227904527571628
730,865,135,0.135,0.23450689949840306
790,895,105,0.105,0.21437466248869896
770,885,115,0.115,0.21554067750833927
836,918,82,0.082,0.20190064917877318
698,849,151,0.151,0.23106888616085053
808,904,96,0.096,0.21321229227352886
788,894,106,0.106,0.20901105149835347
722,861,139,0.139,0.2102661394700408
792,896,104,0.104,0.19738397175073624
774,887,113,0.113,0.1974502286631614
734,867,133,0.133,0.20434941060096026
724,862,138,0.138,0.22361571739241481
778,889,111,0.111,0.19466387973353266
750,875,125,0.125,0.21340752015286124
736,868,132,0.132,0.208140652038157
750,875,125,0.125,0.20447690512984992
758,879,121,0.121,0.1964728224297469
710,855,145,0.145,0.18884988648071885
758,879,121,0.121,0.2026159184606513
714,857,143,0.143,0.20215036077424883
782,891,109,0.109,0.18558260085433723
826,913,87,0.087,0.18482907953113317
734,867,133,0.133,0.20785477632842958
756,878,122,0.122,0.20217703256383537
762,881,119,0.119,0.17765204587474365
784,892,108,0.108,0.17245645086467265
764,882,118,0.118,0.19043355509452523
828,914,86,0.086,0.16700318050011992
776,888,112,0.112,0.18621444147080182
738,869,131,0.131,0.1997811819303315
826,913,87,0.087,0.1825652321986854
806,903,97,0.097,0.16860763509656682
744,872,128,0.128,0.18152988368039952
778,889,111,0.111,0.16071814352273942
766,883,117,0.117,0.17893700931267814
758,879,121,0.121,0.185695428183785
762,881,119,0.119,0.1709742570356466
804,902,98,0.098,0.17544429072737694
762,881,119,0.119,0.1760921230316162
790,895,105,0.105,0.1700990694873035
752,876,124,0.124,0.16613519133343335
810,905,95,0.095,0.1424718386260812
774,887,113,0.113,0.16549456812627614
808,904,96,0.096,0.15406550527736546
782,891,109,0.109,0.14843397054134402
746,873,127,0.127,0.14672203121497843
782,891,109,0.109,0.14733059057220815
754,877,123,0.123,0.1660921345727402
776,888,112,0.112,0.14388060444593428
796,898,102,0.102,0.15196439128751285
746,873,127,0.127,0.14540158540010453
802,901,99,0.099,0.1322521857615208
784,892,108,0.108,0.13648841908946632
776,888,112,0.112,0.14538120113220065
818,909,91,0.091,0.12587142875092833
762,881,119,0.119,0.13668386443331837
728,864,136,0.136,0.16481471126154065
764,882,118,0.118,0.14695474256091984
704,852,148,0.148,0.15601969414018094
814,907,93,0.093,0.1513298082012916
740,870,130,0.13,0.16491159415121365
746,873,127,0.127,0.16818339414894581
776,888,112,0.112,0.13681161164864897
766,883,117,0.117,0.15215986567316578
786,893,107,0.107,0.14337072417512536
806,903,97,0.097,0.1412987972709816
732,866,134,0.134,0.16146043909341096
782,891,109,0.109,0.14861847055600924
748,874,126,0.126,0.16166074510251566
764,882,118,0.118,0.15061873667873443
794,897,103,0.103,0.15003923108242453
792,896,104,0.104,0.1596415681540966
768,884,116,0.116,0.1562399136852473
752,876,124,0.124,0.14050507650896907
758,879,121,0.121,0.1621854837754436
768,884,116,0.116,0.14624276620661839
712,856,144,0.144,0.1517504729256034
796,898,102,0.102,0.1305719714388257
770,885,115,0.115,0.1411213805116713
744,872,128,0.128,0.16139093634858728
772,886,114,0.114,0.1393623211045508
782,891,109,0.109,0.14959442231431602
782,891,109,0.109,0.134277648312971
790,895,105,0.105,0.1350532930996269
704,852,148,0.148,0.15531462237238883
742,871,129,0.129,0.1415557157546282
744,872,128,0.128,0.147189840298146
754,877,123,0.123,0.13777173486351968
750,875,125,0.125,0.1439980966541916
740,870,130,0.13,0.14061177137866615
728,864,136,0.136,0.1547378780990839
744,872,128,0.128,0.14932334038185946
808,904,96,0.096,0.13169670789316296
690,845,155,0.155,0.14807389877286914
820,910,90,0.09,0.13059075682982801
770,885,115,0.115,0.13817968437820674
774,887,113,0.113,0.14539935790747405
756,878,122,0.122,0.14947763885542373
738,869,131,0.131,0.12611536685066357
760,880,120,0.12,0.14123742639736497
800,900,100,0.1,0.1413810299760662
800,900,100,0.1,0.14342755537130142
692,846,154,0.154,0.1672620212584734
800,900,100,0.1,0.1318962546462426
726,863,137,0.137,0.15521123456209898
776,888,112,0.112,0.14093407119043785
750,875,125,0.125,0.14786090791547393
764,882,118,0.118,0.16470264334975765
804,902,98,0.098,0.1415798769108951
792,896,104,0.104,0.13942366937431508
816,908,92,0.092,0.13771943548694254
776,888,112,0.112,0.1375661988921347
814,907,93,0.093,0.1377748254649341
778,889,111,0.111,0.14692923901230096
826,913,87,0.087,0.14278317702934146
834,917,83,0.083,0.13610062093660236
762,881,119,0.119,0.14636872229435538
752,876,124,0.124,0.15644261893883232
730,865,135,0.135,0.16723821158707142
756,878,122,0.122,0.14243850479554385
730,865,135,0.135,0.14900305500999092
706,853,147,0.147,0.17017972208932042
750,875,125,0.125,0.16505253198044376
784,892,108,0.108,0.15344406799933324
740,870,130,0.13,0.1467150688652391
750,875,125,0.125,0.15834222830086947
766,883,117,0.117,0.164055214332785
816,908,92,0.092,0.1467947332635522
766,883,117,0.117,0.16077068497193978
808,904,96,0.096,0.15603992215829363
776,888,112,0.112,0.1598976466800086
732,866,134,0.134,0.16691229844820918
752,876,124,0.124,0.17164013803885791
756,878,122,0.122,0.1661162742767483
756,878,122,0.122,0.18463380383700131
756,878,122,0.122,0.18320862408526592
798,899,101,0.101,0.17124618033971636
732,866,134,0.134,0.18953335362300278
804,902,98,0.098,0.16485233678239877
754,877,123,0.123,0.1919156048828736
800,900,100,0.1,0.18446939738839865
656,828,172,0.172,0.2228530527795665
740,870,130,0.13,0.1825942080300083
728,864,136,0.136,0.20542462508380419
720,860,140,0.14,0.1970712103098631
762,881,119,0.119,0.19395951341092588
782,891,109,0.109,0.19570615395903587
730,865,135,0.135,0.21153833065916114
756,878,122,0.122,0.20649465884640814
782,891,109,0.109,0.2065604491084814
750,875,125,0.125,0.22044577484671027
788,894,106,0.106,0.2008348039067491
724,862,138,0.138,0.2215563075095415
758,879,121,0.121,0.20070317148789762
730,865,135,0.135,0.20058271960914134
696,848,152,0.152,0.2128321578149469
744,872,128,0.128,0.20736057657189666
782,891,109,0.109,0.20894510144600645
708,854,146,0.146,0.23795859336759895
770,885,115,0.115,0.1927229775711894
814,907,93,0.093,0.18904777216911317
778,889,111,0.111,0.21761197978139535
694,847,153,0.153,0.2163730294207926
832,916,84,0.084,0.1679794582761824
718,859,141,0.141,0.21547991118437834
778,889,111,0.111,0.20426517741102
754,877,123,0.123,0.1983229311387986
770,885,115,0.115,0.1909209772348404
698,849,151,0.151,0.22011211723789528
756,878,122,0.122,0.20422218549725824
768,884,116,0.116,0.2164786702259164
742,871,129,0.129,0.20400641232730146
756,878,122,0.122,0.21307440368584502
774,887,113,0.113,0.20556895073503256
680,840,160,0.16,0.21860875747795216
740,870,130,0.13,0.19460454706847669
760,880,120,0.12,0.20251174559175036
750,875,125,0.125,0.1919420967772603
796,898,102,0.102,0.18258528646454214
776,888,112,0.112,0.1888392734872177
814,907,93,0.093,0.18836714403593352
756,878,122,0.122,0.1915933182090521
754,877,123,0.123,0.2028044917397201
750,875,125,0.125,0.20795664740353823
722,861,139,0.139,0.21638502681232052
738,869,131,0.131,0.20232443200645503
720,860,140,0.14,0.19947159245610238
754,877,123,0.123,0.19769896303117276
826,913,87,0.087,0.1786879019588232
750,875,125,0.125,0.20822987664211542
752,876,124,0.124,0.1934645165600033
710,855,145,0.145,0.20761073782055064
768,884,116,0.116,0.19921616693824762
800,900,100,0.1,0.17967669897899033
710,855,145,0.145,0.19965719641745092
782,891,109,0.109,0.19850525617881307
794,897,103,0.103,0.1811485203523851
772,886,114,0.114,0.19689994343183934
702,851,149,0.149,0.20561011342704297
798,899,101,0.101,0.17494647009298206
750,875,125,0.125,0.1981854888498783
782,891,109,0.109,0.17560601900517941
696,848,152,0.152,0.20345817206097128
760,880,120,0.12,0.20290663394342925
696,848,152,0.152,0.2141407851986587
740,870,130,0.13,0.20572073677554725
776,888,112,0.112,0.1839470257635694
706,853,147,0.147,0.20128188056126237
786,893,107,0.107,0.18467382617727343
760,880,120,0.12,0.17470608506444843
800,900,100,0.1,0.182507141828537
672,836,164,0.164,0.20640499345236457
698,849,151,0.151,0.19450853149220348
756,878,122,0.122,0.18171401673474225
706,853,147,0.147,0.2078532929577159
768,884,116,0.116,0.17567440503835677
764,882,118,0.118,0.17649295255541803
698,849,151,0.151,0.2122611133493483
756,878,122,0.122,0.1728367801643908
724,862,138,0.138,0.20645188915729523
774,887,113,0.113,0.18558136235922576
732,866,134,0.134,0.1899631653772667
780,890,110,0.11,0.16951624296605586
682,841,159,0.159,0.21090688506513833
792,896,104,0.104,0.18161882469190005
752,876,124,0.124,0.19226806614920497
748,874,126,0.126,0.17676272296532988
790,895,105,0.105,0.17300014395266772
780,890,110,0.11,0.18874388303607703
758,879,121,0.121,0.18461487276479602
738,869,131,0.131,0.19040717271130417
726,863,137,0.137,0.20368610575795174
770,885,115,0.115,0.18683574188500643
810,905,95,0.095,0.1721955533027649
754,877,123,0.123,0.18957212838248233
786,893,107,0.107,0.17494313887227328
816,908,92,0.092,0.17506477015838026
730,865,135,0.135,0.1930354660898447
820,910,90,0.09,0.16096826836187392
728,864,136,0.136,0.196355406103512
776,888,112,0.112,0.1653034002520144
732,866,134,0.134,0.17515051838755608
732,866,134,0.134,0.16039476664038374
792,896,104,0.104,0.16424141530133785
790,895,105,0.105,0.17026474826037885
756,878,122,0.122,0.15251767057180404
752,876,124,0.124,0.16319581186771392
766,883,117,0.117,0.16110108523070812
712,856,144,0.144,0.16594699409832608
766,883,117,0.117,0.15800533321127294
746,873,127,0.127,0.16718478990012378
742,871,129,0.129,0.15800508120283485
768,884,116,0.116,0.1512756848114368
792,896,104,0.104,0.15257207100372763
774,887,113,0.113,0.15568538121079836
786,893,107,0.107,0.16074267454445362
752,876,124,0.124,0.15717518828215543
800,900,100,0.1,0.14637709283073128
768,884,116,0.116,0.15181443152343854
738,869,131,0.131,0.1555558011252433
776,888,112,0.112,0.16033915636315943
730,865,135,0.135,0.1662968823723499
802,901,99,0.099,0.15482566543668508
778,889,111,0.111,0.15600896132038905
750,875,125,0.125,0.16485603920184075
760,880,120,0.12,0.15693773694994162
796,898,102,0.102,0.15070631711371243
818,909,91,0.091,0.14383504280075432
778,889,111,0.111,0.15781520824506878
748,874,126,0.126,0.16884190376661717
786,893,107,0.107,0.1511678445842117
696,848,152,0.152,0.17277284279372543
714,857,143,0.143,0.17493224239349364
748,874,126,0.126,0.16829978977888824
814,907,93,0.093,0.1599646570715122
768,884,116,0.116,0.1514562507122755
760,880,120,0.12,0.17270377956191077
772,886,114,0.114,0.17539745146408678
726,863,137,0.137,0.16242708951979876
788,894,106,0.106,0.1736535699995927
750,875,125,0.125,0.16889444124698638
784,892,108,0.108,0.1584904641301837
768,884,116,0.116,0.16512972735241055
740,870,130,0.13,0.160573839813238
722,861,139,0.139,0.1848376630395651
704,852,148,0.148,0.1970001495294273
760,880,120,0.12,0.17687416984545415
774,887,113,0.113,0.16352915971726179
788,894,106,0.106,0.16910403905063867
786,893,107,0.107,0.15841391423158346
734,867,133,0.133,0.17627578185638412
786,893,107,0.107,0.16016216767206787
724,862,138,0.138,0.18199801382422448
756,878,122,0.122,0.17199369012409443
740,870,130,0.13,0.1751920642890036
792,896,104,0.104,0.1765979892835021
800,900,100,0.1,0.16130130158152678
752,876,124,0.124,0.17359567119181157
834,917,83,0.083,0.15440738517418504
708,854,146,0.146,0.17200159261748194
834,917,83,0.083,0.17175844116508962
784,892,108,0.108,0.1577090633250773
714,857,143,0.143,0.17499577633291483
732,866,134,0.134,0.17496429446938128
826,913,87,0.087,0.1642791035932023
752,876,124,0.124,0.16637329210713506
732,866,134,0.134,0.16978825025632976
750,875,125,0.125,0.16490721204131842
822,911,89,0.089,0.16447509540803731
782,891,109,0.109,0.1729384722597897
760,880,120,0.12,0.1628186185892535
766,883,117,0.117,0.17156787253916264
802,901,99,0.099,0.1692470999546349
760,880,120,0.12,0.1891276850476861
764,882,118,0.118,0.19152511133626104
720,860,140,0.14,0.16741916100564094
710,855,145,0.145,0.19564455406367778
738,869,131,0.131,0.18288516638772326
718,859,141,0.141,0.18983352829364145
722,861,139,0.139,0.1837125852406025
694,847,153,0.153,0.19326031766689433
814,907,93,0.093,0.18278678204270546
734,867,133,0.133,0.20841040548933962
806,903,97,0.097,0.16359330552816392
800,900,100,0.1,0.17207091843605496
776,888,112,0.112,0.188898351803422
714,857,143,0.143,0.20684469914925285
734,867,133,0.133,0.1877784057855606
712,856,144,0.144,0.1828646062500775
816,908,92,0.092,0.18696238535910378
752,876,124,0.124,0.18204575629889222
784,892,108,0.108,0.20510798673331737
790,895,105,0.105,0.18343755359202624
774,887,113,0.113,0.20798978338022334
762,881,119,0.119,0.2066449965314211
756,878,122,0.122,0.1984552598586306
750,875,125,0.125,0.21157136357575654
824,912,88,0.088,0.19996899817117
734,867,133,0.133,0.21017210894823074
758,879,121,0.121,0.19710472314432265
790,895,105,0.105,0.19097303366102278
720,860,140,0.14,0.21316352569684385
742,871,129,0.129,0.20634694385528565
790,895,105,0.105,0.195284692985937
754,877,123,0.123,0.23107000435984254
762,881,119,0.119,0.21930138633186652
814,907,93,0.093,0.20718188690452372
748,874,126,0.126,0.21219152316451073
720,860,140,0.14,0.23400228937901557
722,861,139,0.139,0.21815376630984246
740,870,130,0.13,0.2130061082256143
694,847,153,0.153,0.22908296258747576
762,881,119,0.119,0.20714509354770416
776,888,112,0.112,0.22467318530380725
778,889,111,0.111,0.20684242490679025
800,900,100,0.1,0.20160083487516386
774,887,113,0.113,0.21853186694160104
814,907,93,0.093,0.21935115277185105
734,867,133,0.133,0.22542254144366597
722,861,139,0.139,0.22728375107795
690,845,155,0.155,0.23546949923038482
726,863,137,0.137,0.24233901086449622
816,908,92,0.092,0.19727832709252835
754,877,123,0.123,0.213730002399534
788,894,106,0.106,0.21426737271994353
684,842,158,0.158,0.24974148798393433
772,886,114,0.114,0.2175827517178841
752,876,124,0.124,0.21659506802260875
748,874,126,0.126,0.22363356080651284
780,890,110,0.11,0.19639391276240348
758,879,121,0.121,0.21131715787947178
736,868,132,0.132,0.20585713179968299
790,895,105,0.105,0.1915228208899498
676,838,162,0.162,0.24963740099361167
740,870,130,0.13,0.23092829420784255
688,844,156,0.156,0.22260100414603948
848,924,76,0.076,0.18258208199590445
718,859,141,0.141,0.20003803594037892
760,880,120,0.12,0.19731823386067118
720,860,140,0.14,0.21234332989901306
714,857,143,0.143,0.2229935109862397
772,886,114,0.114,0.20426939199119806
814,907,93,0.093,0.1904096716865897
722,861,139,0.139,0.22340753139276057
770,885,115,0.115,0.20971252263337373
734,867,133,0.133,0.20761839090660214
742,871,129,0.129,0.17989065693318843
726,863,137,0.137,0.19957884287834168
746,873,127,0.127,0.19936256830766796
744,872,128,0.128,0.1919975090250373
762,881,119,0.119,0.1954459575712681
782,891,109,0.109,0.2024591544866562
788,894,106,0.106,0.19403560952097176
722,861,139,0.139,0.1794329703450203
734,867,133,0.133,0.21871278555924087
796,898,102,0.102,0.20506011240556837
760,880,120,0.12,0.20578051978577605
798,899,101,0.101,0.18214565482992243
794,897,103,0.103,0.18243028651736676
800,900,100,0.1,0.1843961133286357
784,892,108,0.108,0.18981465634331107
772,886,114,0.114,0.1829157605431974
774,887,113,0.113,0.19127855387702583
764,882,118,0.118,0.20175411806787089
744,872,128,0.128,0.19334828191640555
734,867,133,0.133,0.20460592520982027
748,874,126,0.126,0.18939672249804532
770,885,115,0.115,0.1867884791791439
724,862,138,0.138,0.19101497980952262
726,863,137,0.137,0.18477560237795115
806,903,97,0.097,0.1789062648322433
730,865,135,0.135,0.19778886257763953
720,860,140,0.14,0.2031545260027051
700,850,150,0.15,0.221369526989758
734,867,133,0.133,0.19912516567111016
770,885,115,0.115,0.19067945370823144
792,896,104,0.104,0.1891286375366617
782,891,109,0.109,0.19480683249751746
722,861,139,0.139,0.22101792334020137
790,895,105,0.105,0.20075703325957148
802,901,99,0.099,0.1875833022929728
760,880,120,0.12,0.20670921967364847
784,892,108,0.108,0.19505470766499639
808,904,96,0.096,0.19764951727184235
750,875,125,0.125,0.20899524957034737
730,865,135,0.135,0.2080463872924447
764,882,118,0.118,0.2134809664698951
734,867,133,0.133,0.2261236268952489
746,873,127,0.127,0.20284652126184666
782,891,109,0.109,0.2075655251890421
772,886,114,0.114,0.2124838498493191
776,888,112,0.112,0.21589501105621456
792,896,104,0.104,0.20962707633525132
792,896,104,0.104,0.1906638448089361
772,886,114,0.114,0.20774976536631584
734,867,133,0.133,0.223168662877648
742,871,129,0.129,0.2216933429390192
786,893,107,0.107,0.19338637694343924
720,860,140,0.14,0.21214118153763412
742,871,129,0.129,0.21525726095587014
744,872,128,0.128,0.19489089577645063
730,865,135,0.135,0.22323160976497455
730,865,135,0.135,0.226280039250094
726,863,137,0.137,0.2314459593743086
772,886,114,0.114,0.22380736033432186
794,897,103,0.103,0.2159705620112618
816,908,92,0.092,0.21628250444494188
776,888,112,0.112,0.2187312944823425
744,872,128,0.128,0.25103779754415156
752,876,124,0.124,0.23940767699037988
736,868,132,0.132,0.22779530929774047
744,872,128,0.128,0.2218410718893283
760,880,120,0.12,0.24569330701977016
752,876,124,0.124,0.2452093229535967
720,860,140,0.14,0.27061118257045746
710,855,145,0.145,0.2928581302016974
742,871,129,0.129,0.29182842911034823
730,865,135,0.135,0.28119989529252054
856,928,72,0.072,0.26321111642569306
714,857,143,0.143,0.29774005945026877
780,890,110,0.11,0.2796792999282479
766,883,117,0.117,0.2906553014665842
788,894,106,0.106,0.2981272699609399
766,883,117,0.117,0.30412190540879963
778,889,111,0.111,0.29414456747472284
812,906,94,0.094,0.28822865776717665
694,847,153,0.153,0.34620492681860926
806,903,97,0.097,0.3012514610737562
800,900,100,0.1,0.315979925468564
730,865,135,0.135,0.33056766745448113
742,871,129,0.129,0.3232673525883292
746,873,127,0.127,0.32282545251077827
698,849,151,0.151,0.3218524398803711
800,900,100,0.1,0.3092415001615882
720,860,140,0.14,0.3273785759201273
754,877,123,0.123,0.2978728794157505
744,872,128,0.128,0.31307982666790485
786,893,107,0.107,0.31316030158102515
714,857,143,0.143,0.3347908449313974
740,870,130,0.13,0.3201988348811865
746,873,127,0.127,0.3242455123688505
776,888,112,0.112,0.30675829455256465
790,895,105,0.105,0.3079851596606895
768,884,116,0.116,0.3136338365525007
724,862,138,0.138,0.32865724302828314
728,864,136,0.136,0.3233612225651741
812,906,94,0.094,0.3089960676878691
758,879,121,0.121,0.32899318778980524
796,898,102,0.102,0.3100433614919366
806,903,97,0.097,0.3098027834147215
712,856,144,0.144,0.3375712374759023
776,888,112,0.112,0.33820844900261726
768,884,116,0.116,0.32707641369104384
780,890,110,0.11,0.3492906226068735
708,854,146,0.146,0.3595473832190037
754,877,123,0.123,0.350116926535964
778,889,111,0.111,0.3499044248908758
632,816,184,0.184,0.3917566216200494
786,893,107,0.107,0.3422618613578379
760,880,120,0.12,0.36032083129882814
714,857,143,0.143,0.3628045880198479
718,859,141,0.141,0.384570604415019
700,850,150,0.15,0.40256471851747483
746,873,127,0.127,0.38960372836887835
756,878,122,0.122,0.40773956367373465
776,888,112,0.112,0.38973785775228315
758,879,121,0.121,0.40685135309398174
786,893,107,0.107,0.3871591180115938
748,874,126,0.126,0.3997727856785059
826,913,87,0.087,0.37139603893458845
746,873,127,0.127,0.4269613414264329
748,874,126,0.126,0.4134597584605217
754,877,123,0.123,0.430801729619503
692,846,154,0.154,0.41822822293639184
720,860,140,0.14,0.4265142902574589
744,872,128,0.128,0.41721034434437754
762,881,119,0.119,0.42542434138059615
778,889,111,0.111,0.4141260929480195
796,898,102,0.102,0.4127888349890709
770,885,115,0.115,0.4147503546923399
676,838,162,0.162,0.45347917775809765
728,864,136,0.136,0.4346578322220594
750,875,125,0.125,0.42603146898344857
752,876,124,0.124,0.41827770446636364
720,860,140,0.14,0.4392199046164751
736,868,132,0.132,0.42088302001776173
772,886,114,0.114,0.43134339129924776
750,875,125,0.125,0.4180175693035126
736,868,132,0.132,0.41310923820734025
748,874,126,0.126,0.4157534132003784
724,862,138,0.138,0.4249203064888716
740,870,130,0.13,0.4285682435892522
722,861,139,0.139,0.41845444668745224
744,872,128,0.128,0.4364300075471401
768,884,116,0.116,0.42443071845173835
774,887,113,0.113,0.4219759980738163
740,870,130,0.13,0.4306202212125063
736,868,132,0.132,0.41575263457000255
768,884,116,0.116,0.4233219852149487
764,882,118,0.118,0.41113110633403993
772,886,114,0.114,0.40998589070141317
738,869,131,0.131,0.41170480589568614
772,886,114,0.114,0.3971593846306205
720,860,140,0.14,0.40693892785906793
786,893,107,0.107,0.40633196759436396
792,896,104,0.104,0.41113175924122336
754,877,123,0.123,0.4122203645631671
710,855,145,0.145,0.4101141115427017
758,879,121,0.121,0.3975215905308723
774,887,113,0.113,0.39343425746262073
772,886,114,0.114,0.4076877423375845
722,861,139,0.139,0.40693357050756457
836,918,82,0.082,0.38362658298015595
724,862,138,0.138,0.4144077309817076
756,878,122,0.122,0.36762118432018903
802,901,99,0.099,0.37785391689323256
770,885,115,0.115,0.39552401786815605
692,846,154,0.154,0.4033360295486909
784,892,108,0.108,0.38360793952643873
698,849,151,0.151,0.3946148579735309
700,850,150,0.15,0.39207887594248675
776,888,112,0.112,0.381460744574666
732,866,134,0.134,0.39209505666792394
774,887,113,0.113,0.3837361779808998
788,894,106,0.106,0.3884413402974606
746,873,127,0.127,0.3834269986003637
822,911,89,0.089,0.35646572031080725
764,882,118,0.118,0.3935127392783761
714,857,143,0.143,0.3944464547373354
684,842,158,0.158,0.4013238267675042
782,891,109,0.109,0.37613148632645604
784,892,108,0.108,0.37894314459284945
724,862,138,0.138,0.38264176623523233
746,873,127,0.127,0.4122162650078535
804,902,98,0.098,0.37002885770821015
682,841,159,0.159,0.4028009523451328
758,879,121,0.121,0.39947181957960126
786,893,107,0.107,0.3839047973006964
796,898,102,0.102,0.3770506490468979
744,872,128,0.128,0.3976062083989382
724,862,138,0.138,0.40771486911736426
754,877,123,0.123,0.40801682844012976
768,884,116,0.116,0.40019300575554373
742,871,129,0.129,0.40923247215151787
812,906,94,0.094,0.38405998545695913
706,853,147,0.147,0.40711695194244385
756,878,122,0.122,0.407624532610178
782,891,109,0.109,0.40456568557024003
742,871,129,0.129,0.42231791105866434
722,861,139,0.139,0.417187377050519
762,881,119,0.119,0.4174405048638582
768,884,116,0.116,0.39885703269788064
806,903,97,0.097,0.40016758753731846
756,878,122,0.122,0.4035521182268858
754,877,123,0.123,0.4236559514701366
740,870,130,0.13,0.4105339002609253
774,887,113,0.113,0.40472588493861256
758,879,121,0.121,0.43174742510449143
754,877,123,0.123,0.4273152265846729
690,845,155,0.155,0.4689505638107657
710,855,145,0.145,0.45407108862698076
734,867,133,0.133,0.4699582710433751
750,875,125,0.125,0.43848495444655416
814,907,93,0.093,0.4260004653930664
806,903,97,0.097,0.44929111312776515
732,866,134,0.134,0.48768532115407287
780,890,110,0.11,0.463541966419667
768,884,116,0.116,0.4682930255540414
784,892,108,0.108,0.44618756183981895
726,863,137,0.137,0.4637288641035557
782,891,109,0.109,0.46682168048620226
792,896,104,0.104,0.45868214145861563
732,866,134,0.134,0.4962118170897156
646,823,177,0.177,0.4934556711984505
718,859,141,0.141,0.4998914876580238
730,865,135,0.135,0.5029405980410229
722,861,139,0.139,0.5175700631141679
810,905,95,0.095,0.5110268813669682
698,849,151,0.151,0.5489174194335937
770,885,115,0.115,0.5343547155950218
784,892,108,0.108,0.5340871295928955
758,879,121,0.121,0.5294231165871024
834,917,83,0.083,0.5282697007289389
806,903,97,0.097,0.5222786985747516
754,877,123,0.123,0.5605236619710923
754,877,123,0.123,0.5429221209138632
728,864,136,0.136,0.554531068444252
704,852,148,0.148,0.5576013204455376
694,847,153,0.153,0.6025161403119564
726,863,137,0.137,0.5798210738301445
700,850,150,0.15,0.5674259673207999
700,850,150,0.15,0.6067580818980932
752,876,124,0.124,0.5780591379404068
752,876,124,0.124,0.5731457640528679
762,881,119,0.119,0.6080504484474659
716,858,142,0.142,0.6073005476978109
748,874,126,0.126,0.5999898900687695
710,855,145,0.145,0.6236265209019184
746,873,127,0.127,0.6209805862009525
776,888,112,0.112,0.6143802681565285
722,861,139,0.139,0.6232197709847241
722,861,139,0.139,0.6467129594087601
760,880,120,0.12,0.6270286297500134
738,869,131,0.131,0.6289803496599198
732,866,134,0.134,0.6384937153160573
770,885,115,0.115,0.6391677550673485
796,898,102,0.102,0.6348998095095157
788,894,106,0.106,0.6362283340983121
722,861,139,0.139,0.6421029509902001
710,855,145,0.145,0.656941828834678
726,863,137,0.137,0.6670273430868984
748,874,126,0.126,0.6559555859267712
676,838,162,0.162,0.6551447326659691
760,880,120,0.12,0.6359656180003658
730,865,135,0.135,0.649290508011356
764,882,118,0.118,0.6320401432961226
758,879,121,0.121,0.6337971454683866
802,901,99,0.099,0.625277650937438
772,886,114,0.114,0.6217461805045604
724,862,138,0.138,0.6370040780659765
818,909,91,0.091,0.6151395099759102
762,881,119,0.119,0.6455182709395886
778,889,111,0.111,0.6258230297118426
784,892,108,0.108,0.6250816053524614
746,873,127,0.127,0.6097274303138256
750,875,125,0.125,0.619678562815829
772,886,114,0.114,0.6050448317527771
732,866,134,0.134,0.6093310806453228
778,889,111,0.111,0.6119758644998073
760,880,120,0.12,0.6030213942378759
692,846,154,0.154,0.5888625590503216
774,887,113,0.113,0.5669712515849995
738,869,131,0.131,0.5556067451536656
750,875,125,0.125,0.5566821282505989
794,897,103,0.103,0.5462609486579895
816,908,92,0.092,0.5244864835739136
770,885,115,0.115,0.5287429191470147
780,890,110,0.11,0.5347759954407811
778,889,111,0.111,0.5292437975108624
678,839,161,0.161,0.5243497837930918
758,879,121,0.121,0.5293898585736752
790,895,105,0.105,0.5212862358130514
802,901,99,0.099,0.5050308748781681
750,875,125,0.125,0.5234235287234187
752,876,124,0.124,0.5085911605805159
734,867,133,0.133,0.5121716862767934
766,883,117,0.117,0.49102419083003407
708,854,146,0.146,0.49526370215415955
758,879,121,0.121,0.45809387394785883
722,861,139,0.139,0.45159203341260945
788,894,106,0.106,0.43836129000782964
716,858,142,0.142,0.43672121169526235
796,898,102,0.102,0.40718003511428835
706,853,147,0.147,0.43542536617815497
792,896,104,0.104,0.40973034340143205
720,860,140,0.14,0.4125783703205138
770,885,115,0.115,0.42122762559354304
794,897,103,0.103,0.41243000112389566
774,887,113,0.113,0.41180339477027883
852,926,74,0.074,0.3636934554560653
788,894,106,0.106,0.38534095741581403
794,897,103,0.103,0.36715871465206146
734,867,133,0.133,0.38508729556202886
752,876,124,0.124,0.34648916839063165
748,874,126,0.126,0.3543116307705641
804,902,98,0.098,0.3476145657151937
784,892,108,0.108,0.326135453119874
724,862,138,0.138,0.3461033151782276
732,866,134,0.134,0.3314296966791153
742,871,129,0.129,0.32311747238039973
736,868,132,0.132,0.32542072136282807
762,881,119,0.119,0.30964714753493017
764,882,118,0.118,0.30553523492066986
790,895,105,0.105,0.2968902562111616
778,889,111,0.111,0.29139114674925803
762,881,119,0.119,0.30802417363226414
764,882,118,0.118,0.2898232783935964
702,851,149,0.149,0.31452095580101014
782,891,109,0.109,0.2820427144542336
768,884,116,0.116,0.29165490955859424
716,858,142,0.142,0.29944321498135107
740,870,130,0.13,0.3059613833874464
792,896,104,0.104,0.28539103819429873
790,895,105,0.105,0.3038917036530693
764,882,118,0.118,0.2839254366438836
768,884,116,0.116,0.29457891069352626
784,892,108,0.108,0.29371227547153833
756,878,122,0.122,0.2935174686256796
758,879,121,0.121,0.30245086328788967
758,879,121,0.121,0.29457970850150195
774,887,113,0.113,0.2892107471809722
780,890,110,0.11,0.31098903382569554
766,883,117,0.117,0.2800260235443711
752,876,124,0.124,0.2923940504998136
738,869,131,0.131,0.31172821357222047
794,897,103,0.103,0.2866736246235669
744,872,128,0.128,0.28548547787219286
760,880,120,0.12,0.28266886229254307
746,873,127,0.127,0.30144899994134905
770,885,115,0.115,0.30010723794208843
728,864,136,0.136,0.2836925871670246
796,898,102,0.102,0.29501794562890427
762,881,119,0.119,0.28179657028010113
796,898,102,0.102,0.28295266287904813
718,859,141,0.141,0.27540577130019667
752,876,124,0.124,0.2708774310052395
752,876,124,0.124,0.2697385982722044
722,861,139,0.139,0.28109333262592556
782,891,109,0.109,0.2641661486923695
718,859,141,0.141,0.27187278191186487
762,881,119,0.119,0.2716371783306119
722,861,139,0.139,0.2977349378168583
824,912,88,0.088,0.25654736754670737
816,908,92,0.092,0.26625935327680234
780,890,110,0.11,0.25076406935602424
766,883,117,0.117,0.2520097461491823
744,872,128,0.128,0.25859836140275
800,900,100,0.1,0.2383186451662332
830,915,85,0.085,0.23142525519430637
732,866,134,0.134,0.2501099419379607
762,881,119,0.119,0.22947493435442448
822,911,89,0.089,0.22160580485221
768,884,116,0.116,0.22675493983924389
800,900,100,0.1,0.21761500846594573
746,873,127,0.127,0.2396271519110305
782,891,109,0.109,0.22766223987936973
816,908,92,0.092,0.21843025873601438
800,900,100,0.1,0.2272205344438553
812,906,94,0.094,0.20796298230439425
754,877,123,0.123,0.21055371591076255
784,892,108,0.108,0.2302748017385602
772,886,114,0.114,0.21849291205406188
794,897,103,0.103,0.2142819058969617
814,907,93,0.093,0.2164976730197668
708,854,146,0.146,0.22294540283083916
742,871,129,0.129,0.20949067495018245
750,875,125,0.125,0.2193606840420398
744,872,128,0.128,0.2257994232736528
796,898,102,0.102,0.2142416367814876
768,884,116,0.116,0.21226002666066052
750,875,125,0.125,0.21330692320875824
732,866,134,0.134,0.21551535915992645
754,877,123,0.123,0.22367383343994152
734,867,133,0.133,0.23506735846739116
752,876,124,0.124,0.23583409672714606
790,895,105,0.105,0.21650370789319276
764,882,118,0.118,0.20496622374960802
820,910,90,0.09,0.21426967568695546
830,915,85,0.085,0.21135917764197712
782,891,109,0.109,0.2339142036885023
762,881,119,0.119,0.23880494098365307
742,871,129,0.129,0.23629380242503248
716,858,142,0.142,0.25154488119482993
752,876,124,0.124,0.24730394852161408
738,869,131,0.131,0.25026053162338213
710,855,145,0.145,0.2445510819107294
788,894,106,0.106,0.24624324350606183
788,894,106,0.106,0.2597624085918069
762,881,119,0.119,0.23991693887859583
792,896,104,0.104,0.24591020120680332
736,868,132,0.132,0.2512449136003852
790,895,105,0.105,0.23510468397499076
734,867,133,0.133,0.2524008795693517
732,866,134,0.134,0.24602476627615819
748,874,126,0.126,0.2517741702888161
776,888,112,0.112,0.23341643910109997
788,894,106,0.106,0.24339007955789566
758,879,121,0.121,0.24151744379103185
756,878,122,0.122,0.24792176047503017
692,846,154,0.154,0.2584728529996428
790,895,105,0.105,0.23192862685024737
794,897,103,0.103,0.23537866740580649
700,850,150,0.15,0.2479948402568698
788,894,106,0.106,0.23913110215659253
768,884,116,0.116,0.23178341282904147
810,905,95,0.095,0.2193147595152259
764,882,118,0.118,0.22031478356570006
816,908,92,0.092,0.20336897689290345
792,896,104,0.104,0.20552702801674605
832,916,84,0.084,0.19515638034255245
756,878,122,0.122,0.2005233411273948
812,906,94,0.094,0.20508689176387657
734,867,133,0.133,0.2217725311666727
724,862,138,0.138,0.21944355629384518
746,873,127,0.127,0.21653212814965497
720,860,140,0.14,0.20323480014503
734,867,133,0.133,0.21173543091118335
780,890,110,0.11,0.21573414922505618
760,880,120,0.12,0.2031747881952906
758,879,121,0.121,0.2132162860721086
722,861,139,0.139,0.19464317148923874
736,868,132,0.132,0.19790039763599634
762,881,119,0.119,0.20594139068201184
756,878,122,0.122,0.20530463586747646
768,884,116,0.116,0.20113583786785602
744,872,128,0.128,0.20810571286827326
752,876,124,0.124,0.23243700816482304
720,860,140,0.14,0.21570588981360198
784,892,108,0.108,0.20458409322076476
806,903,97,0.097,0.18799317786842584
698,849,151,0.151,0.2232710367324762
764,882,118,0.118,0.2080943645760417
804,902,98,0.098,0.19782477717101574
732,866,134,0.134,0.2211126701757312
750,875,125,0.125,0.20718256913276856
754,877,123,0.123,0.2002471918463707
732,866,134,0.134,0.2133229054696858
714,857,143,0.143,0.21733200896531343
790,895,105,0.105,0.21032775957523622
716,858,142,0.142,0.2100894579233136
768,884,116,0.116,0.19854864211007953
732,866,134,0.134,0.2101709861457348
780,890,110,0.11,0.20066622774116694
816,908,92,0.092,0.1723554654866457
820,910,90,0.09,0.156654439907521
828,914,86,0.086,0.17547111771255733
778,889,111,0.111,0.17738614170625805
754,877,123,0.123,0.17695629817619932
834,917,83,0.083,0.14574361376836895
806,903,97,0.097,0.14758077769353986
738,869,131,0.131,0.17121061345562338
816,908,92,0.092,0.15122037104144692
762,881,119,0.119,0.14988097800314426
766,883,117,0.117,0.1486833845153451
792,896,104,0.104,0.14366849724203348
740,870,130,0.13,0.13048999291983351
788,894,106,0.106,0.127853940282017
738,869,131,0.131,0.15371483333036304
788,894,106,0.106,0.13236749064549805
792,896,104,0.104,0.13570428685098887
782,891,109,0.109,0.13481744161620737
756,878,122,0.122,0.12902123877018312
796,898,102,0.102,0.11598618580400943
776,888,112,0.112,0.13487586383605912
738,869,131,0.131,0.13516875229403377
772,886,114,0.114,0.12839843590883537
768,884,116,0.116,0.13689897803666282
810,905,95,0.095,0.13410859091923338
766,883,117,0.117,0.11984195194020868
756,878,122,0.122,0.1420285800761776
778,889,111,0.111,0.13799439223855733
766,883,117,0.117,0.13800337382778524
768,884,116,0.116,0.1523297918625176
754,877,123,0.123,0.14818337551683555
786,893,107,0.107,0.1322195355258882
810,905,95,0.095,0.13489340383931994
764,882,118,0.118,0.1483723516046166
782,891,109,0.109,0.16133867343887687
738,869,131,0.131,0.16544075750559567
772,886,114,0.114,0.15797996336966752
734,867,133,0.133,0.1707475692104781
696,848,152,0.152,0.1928042012937367
744,872,128,0.128,0.16591264826990665
670,835,165,0.165,0.16782306851281828
744,872,128,0.128,0.16766278497242457
684,842,158,0.158,0.1799138316671092
780,890,110,0.11,0.16152933259308339
798,899,101,0.101,0.16679669413156809
756,878,122,0.122,0.1658233301192522
816,908,92,0.092,0.16122682454623283
798,899,101,0.101,0.161490751548047
752,876,124,0.124,0.17098760125786067
734,867,133,0.133,0.17191377352178097
758,879,121,0.121,0.1605024913214147
736,868,132,0.132,0.161316678696312
750,875,125,0.125,0.15369904903136195
790,895,105,0.105,0.14825473527610303
766,883,117,0.117,0.15088681112759242
764,882,118,0.118,0.16074184909112768
742,871,129,0.129,0.16086175523346666
764,882,118,0.118,0.16275287813693284
714,857,143,0.143,0.15719950861209686
750,875,125,0.125,0.15410729383137625
792,896,104,0.104,0.13966959783341737
802,901,99,0.099,0.14178900907817296
706,853,147,0.147,0.17751776856323703
738,869,131,0.131,0.15202870756434278
748,874,126,0.126,0.15098963789921255
736,868,132,0.132,0.15725192939117552
798,899,101,0.101,0.13625407730042935
748,874,126,0.126,0.16959246372367487
714,857,143,0.143,0.1508735858584114
752,876,124,0.124,0.1539752608067356
706,853,147,0.147,0.1703363290820271
764,882,118,0.118,0.1699865262033418
748,874,126,0.126,0.1626666034013033
720,860,140,0.14,0.1784378237426281
732,866,134,0.134,0.17705992384254932
736,868,132,0.132,0.17661522077396513
754,877,123,0.123,0.17977367500888072
722,861,139,0.139,0.18999732511490583
850,925,75,0.075,0.1776457917690277
770,885,115,0.115,0.18394018398039044
724,862,138,0.138,0.19730871312320233
736,868,132,0.132,0.2113738855421543
766,883,117,0.117,0.20161576899141073
786,893,107,0.107,0.1945260025933385
710,855,145,0.145,0.21778302611783146
834,917,83,0.083,0.18791474090889096
746,873,127,0.127,0.2112114071957767
788,894,106,0.106,0.18835667492449285
772,886,114,0.114,0.21432883538305758
678,839,161,0.161,0.2448885818645358
810,905,95,0.095,0.21535222141444682
776,888,112,0.112,0.20382763132080436
822,911,89,0.089,0.18848786260560155
774,887,113,0.113,0.19743733700199664
800,900,100,0.1,0.18708510959131694
812,906,94,0.094,0.17990491682291032
800,900,100,0.1,0.18038967805355788
778,889,111,0.111,0.193402144291671
758,879,121,0.121,0.19957607918977738
722,861,139,0.139,0.20220189271867275
712,856,144,0.144,0.21603207628056406
770,885,115,0.115,0.20228096059337258
722,861,139,0.139,0.1859877746552229
732,866,134,0.134,0.19217573609948158
776,888,112,0.112,0.18775245653539605
772,886,114,0.114,0.1869576644450426
802,901,99,0.099,0.18402258720993997
712,856,144,0.144,0.19472316636890172
692,846,154,0.154,0.19827506879818885
792,896,104,0.104,0.1846678268685937
778,889,111,0.111,0.1825905966348946
716,858,142,0.142,0.19641989792883396
704,852,148,0.148,0.20981364304944872
754,877,123,0.123,0.19895836500823497
766,883,117,0.117,0.1951741764144972
732,866,134,0.134,0.20399292243948183
818,909,91,0.091,0.18713229350419716
740,870,130,0.13,0.20030623811483383
698,849,151,0.151,0.19191211404651404
720,860,140,0.14,0.2251800820119679
790,895,105,0.105,0.1960531198484823
808,904,96,0.096,0.21436561229825019
744,872,128,0.128,0.25610649227164684
708,854,146,0.146,0.24385961292127262
758,879,121,0.121,0.2336522100754082
772,886,114,0.114,0.22447143560647964
766,883,117,0.117,0.24442043833434582
774,887,113,0.113,0.2232708718702197
764,882,118,0.118,0.22997004707530141
796,898,102,0.102,0.21830048079788686
808,904,96,0.096,0.2232902234592475
790,895,105,0.105,0.2220133702903986
754,877,123,0.123,0.23485370025318117
696,848,152,0.152,0.2532072860131383
758,879,121,0.121,0.2338378610238433
738,869,131,0.131,0.24098438396677374
768,884,116,0.116,0.219031987644732
742,871,129,0.129,0.22263074377179146
754,877,123,0.123,0.21517687249183653
846,923,77,0.077,0.19801679611951112
774,887,113,0.113,0.2189771733954549
764,882,118,0.118,0.20909440602968146
812,906,94,0.094,0.2023498471271161
750,875,125,0.125,0.19415317573158244
762,881,119,0.119,0.20747548117240944
748,874,126,0.126,0.1970294665619731
726,863,137,0.137,0.20055822665290907
768,884,116,0.116,0.20340338893979787
790,895,105,0.105,0.17510186262695787
740,870,130,0.13,0.18275583271309737
738,869,131,0.131,0.19262904036045075
752,876,124,0.124,0.19932370522618295
790,895,105,0.105,0.18309521535784007
772,886,114,0.114,0.19120995888486506
712,856,144,0.144,0.1992401611492969
768,884,116,0.116,0.19022076903260313
782,891,109,0.109,0.18423555121244864
762,881,119,0.119,0.201591258443892
696,848,152,0.152,0.21787213018536566
760,880,120,0.12,0.1972535098940134
834,917,83,0.083,0.19685975102055817
766,883,117,0.117,0.19761010524609446
776,888,112,0.112,0.19631576143950225
762,881,119,0.119,0.226481354534626
690,845,155,0.155,0.23628653204906733
754,877,123,0.123,0.22630408919602632
706,853,147,0.147,0.22889373707026242
758,879,121,0.121,0.2192820099145174
742,871,129,0.129,0.2220030947700143
708,854,146,0.146,0.21438818021863698
788,894,106,0.106,0.21636243089288473
784,892,108,0.108,0.21120744797680527
800,900,100,0.1,0.21579554242640733
738,869,131,0.131,0.23801020821928978
796,898,102,0.102,0.21796856125444175
774,887,113,0.113,0.2257681088745594
724,862,138,0.138,0.2398314003057676
748,874,126,0.126,0.21658834209665656
738,869,131,0.131,0.21741518411040306
758,879,121,0.121,0.22369065018743275
764,882,118,0.118,0.2034157300516963
786,893,107,0.107,0.18372329630702733
806,903,97,0.097,0.18033869526162744
744,872,128,0.128,0.190825713776052
748,874,126,0.126,0.2141054321621469
792,896,104,0.104,0.1716687245890498
788,894,106,0.106,0.19109507616981863
706,853,147,0.147,0.2042885067650567
732,866,134,0.134,0.18331087020412087
766,883,117,0.117,0.18135626827180384
684,842,158,0.158,0.18928511569276452
770,885,115,0.115,0.17470802903175353
716,858,142,0.142,0.19549881430499955
686,843,157,0.157,0.1861574248298857
718,859,141,0.141,0.15998770533428372
748,874,126,0.126,0.16182715167850256
800,900,100,0.1,0.15229432923719288
762,881,119,0.119,0.14511867527876166
772,886,114,0.114,0.15158302078723523
802,901,99,0.099,0.15662784218043088
782,891,109,0.109,0.15847990529239178
814,907,93,0.093,0.14878857520967723
778,889,111,0.111,0.1473755547516048
756,878,122,0.122,0.14501274408772588
826,913,87,0.087,0.14644025923125445
732,866,134,0.134,0.15197137958556414
738,869,131,0.131,0.14058120686747133
736,868,132,0.132,0.1484801411128137
784,892,108,0.108,0.1507668414528398
778,889,111,0.111,0.13851140090287664
734,867,133,0.133,0.1548034266337054
802,901,99,0.099,0.15051549571938813
736,868,132,0.132,0.1528190303184092
788,894,106,0.106,0.14527358543872862
768,884,116,0.116,0.16296110748685896
764,882,118,0.118,0.1413976480551064
716,858,142,0.142,0.15224452420713713
764,882,118,0.118,0.14766279984638095
734,867,133,0.133,0.15255535649281227
796,898,102,0.102,0.15160912685468794
740,870,130,0.13,0.15172718967567198
720,860,140,0.14,0.17101244582235814
758,879,121,0.121,0.16035972578451038
738,869,131,0.131,0.15135183254657586
744,872,128,0.128,0.15059839079156517
780,890,110,0.11,0.15309252066537737
730,865,135,0.135,0.15704387893155217
828,914,86,0.086,0.14085786971077324
828,914,86,0.086,0.14101276759430767
820,910,90,0.09,0.13483876818791032
730,865,135,0.135,0.1514816813468933
724,862,138,0.138,0.15032969729660545
752,876,124,0.124,0.15212586866691707
804,902,98,0.098,0.13741967165934374
760,880,120,0.12,0.14432177458594378
798,899,101,0.101,0.1327787817977369
758,879,121,0.121,0.13659690534323454
778,889,111,0.111,0.12711554759368301
704,852,148,0.148,0.15731591441109777
790,895,105,0.105,0.11700121775968
788,894,106,0.106,0.11976298997551205
764,882,118,0.118,0.13194528806954622
798,899,101,0.101,0.13948258262500166
796,898,102,0.102,0.12927121389470994
866,933,67,0.067,0.1174390953425318
690,845,155,0.155,0.13729338326715915
746,873,127,0.127,0.13225716508179902
734,867,133,0.133,0.1336424852999179
764,882,118,0.118,0.12370896248146891
786,893,107,0.107,0.12354611373320222
744,872,128,0.128,0.12438127417381929
752,876,124,0.124,0.12586230746575167
768,884,116,0.116,0.13229156581603457
768,884,116,0.116,0.12282071857340635
718,859,141,0.141,0.1266278232857585
738,869,131,0.131,0.139751759732957
736,868,132,0.132,0.11976255365193737
772,886,114,0.114,0.1183292727600783
824,912,88,0.088,0.1146907238662243
766,883,117,0.117,0.1268549552655095
772,886,114,0.114,0.11730056711821818
782,891,109,0.109,0.12176558758108877
778,889,111,0.111,0.12191196333600193
714,857,143,0.143,0.1345469180890359
830,915,85,0.085,0.10805967940535631
774,887,113,0.113,0.12426082468799723
816,908,92,0.092,0.11711201266758144
764,882,118,0.118,0.12996736729639816
746,873,127,0.127,0.12268337105773389
770,885,115,0.115,0.12120318833785132
742,871,129,0.129,0.13070290165397852
822,911,89,0.089,0.1126321074637556
852,926,74,0.074,0.10228462728317392
816,908,92,0.092,0.11060666139051319
774,887,113,0.113,0.11809803693927824
740,870,130,0.13,0.1321167230145756
756,878,122,0.122,0.12287315528839828
776,888,112,0.112,0.12746108107641338
788,894,106,0.106,0.12222241508877565
804,902,98,0.098,0.1156648470315321
752,876,124,0.124,0.11787312821205706
766,883,117,0.117,0.11874617035607271
794,897,103,0.103,0.1102725305733626
738,869,131,0.131,0.12025532470026519
758,879,121,0.121,0.11402799757942557
788,894,106,0.106,0.11464344426512253
796,898,102,0.102,0.12001653030421584
720,860,140,0.14,0.12406845944002336
726,863,137,0.137,0.12078702296130359
746,873,127,0.127,0.11049802470049337
758,879,121,0.121,0.1226775477565825
756,878,122,0.122,0.113552108053118
784,892,108,0.108,0.12162155912211164
818,909,91,0.091,0.11006169508304448
760,880,120,0.12,0.12375868735834956
732,866,134,0.134,0.11621723757090513
748,874,126,0.126,0.12812541716359555
762,881,119,0.119,0.12516046096144876
826,913,87,0.087,0.11640096844360233
764,882,118,0.118,0.12007281471323222
740,870,130,0.13,0.12814253884926438
770,885,115,0.115,0.11858769768476486
806,903,97,0.097,0.12547785095025757
796,898,102,0.102,0.11927689289860427
732,866,134,0.134,0.14018586623854934
752,876,124,0.124,0.12145723167248071
758,879,121,0.121,0.13763040193915368
756,878,122,0.122,0.12409829810075462
762,881,119,0.119,0.14039669703133403
744,872,128,0.128,0.1265182919742074
762,881,119,0.119,0.12481094870809466
756,878,122,0.122,0.1418281895969393
784,892,108,0.108,0.11757679638778791
732,866,134,0.134,0.1324858419150114
782,891,109,0.109,0.12565244786441326
726,863,137,0.137,0.14031310852849857
806,903,97,0.097,0.12306923208502121
756,878,122,0.122,0.13143155795952172
704,852,148,0.148,0.13986333081126212
776,888,112,0.112,0.1231087631885637
790,895,105,0.105,0.1280055883045606
776,888,112,0.112,0.11702589019720881
734,867,133,0.133,0.11395645487681032
768,884,116,0.116,0.1167550374463608
730,865,135,0.135,0.12381032571196555
766,883,117,0.117,0.11642760881017615
732,866,134,0.134,0.11535904853977265
806,903,97,0.097,0.11504734873701818
806,903,97,0.097,0.11130935893659807
792,896,104,0.104,0.11479963451623916
762,881,119,0.119,0.1131711230404444
772,886,114,0.114,0.1149944977676496
748,874,126,0.126,0.12001874758793339
744,872,128,0.128,0.11868449710996355
772,886,114,0.114,0.12173959508724512
778,889,111,0.111,0.11122157981521298
722,861,139,0.139,0.12948237069796142
798,899,101,0.101,0.10770033034682273
700,850,150,0.15,0.12520486955344676
684,842,158,0.158,0.12312210391380358
702,851,149,0.149,0.1238960082512349
762,881,119,0.119,0.1223384423747193
790,895,105,0.105,0.11425869042053818
772,886,114,0.114,0.11681856158748269
678,839,161,0.161,0.12366867368643353
692,846,154,0.154,0.1311306731812656
782,891,109,0.109,0.12233825720474124
756,878,122,0.122,0.1362443592524396
820,910,90,0.09,0.11668060052176508
750,875,125,0.125,0.11077183081582188
734,867,133,0.133,0.13657332997675986
752,876,124,0.124,0.13360075420142312
722,861,139,0.139,0.13359038009494542
762,881,119,0.119,0.1423821111364748
766,883,117,0.117,0.14941101667657494
726,863,137,0.137,0.14421448994614183
834,917,83,0.083,0.1367701797004695
740,870,130,0.13,0.14159136050776577
776,888,112,0.112,0.13842636220064014
736,868,132,0.132,0.1443508165698804
740,870,130,0.13,0.1541662513911724
770,885,115,0.115,0.15211449819803238
770,885,115,0.115,0.14434053100738675
774,887,113,0.113,0.14984822964295744
758,879,121,0.121,0.15255217127129436
774,887,113,0.113,0.14012776473894228
704,852,148,0.148,0.16361405482143163
830,915,85,0.085,0.14044546369509772
766,883,117,0.117,0.14457541898122872
814,907,93,0.093,0.1372975703459233
798,899,101,0.101,0.1353844109363854
776,888,112,0.112,0.13590151565149428
786,893,107,0.107,0.13992392792081967
728,864,136,0.136,0.1420365369617939
818,909,91,0.091,0.13607318895846043
794,897,103,0.103,0.13404049027175644
758,879,121,0.121,0.1375095155630261
808,904,96,0.096,0.129229745157063
720,860,140,0.14,0.13848251732066275
750,875,125,0.125,0.11833899155259132
730,865,135,0.135,0.13827152252356972
774,887,113,0.113,0.12077789071246005
746,873,127,0.127,0.12745584465563298
800,900,100,0.1,0.12773123287782073
816,908,92,0.092,0.11212389169474772
720,860,140,0.14,0.13319270238631548
792,896,104,0.104,0.1354987918578861
782,891,109,0.109,0.11729909892007709
762,881,119,0.119,0.11419966908916832
812,906,94,0.094,0.11733166303671896
804,902,98,0.098,0.1309496164508164
732,866,134,0.134,0.12759116250276564
780,890,110,0.11,0.1342804462760687
778,889,111,0.111,0.14152503999508917
820,910,90,0.09,0.1469414002187551
782,891,109,0.109,0.15563484520855128
774,887,113,0.113,0.17104955462738872
768,884,116,0.116,0.173866884149611
760,880,120,0.12,0.16198342032160146
796,898,102,0.102,0.1559586618579924
714,857,143,0.143,0.19507281030714513
742,871,129,0.129,0.1738316100500524
754,877,123,0.123,0.17217748111486436
666,833,167,0.167,0.18851150164161298
726,863,137,0.137,0.18647940485552203
778,889,111,0.111,0.17686051750183104
762,881,119,0.119,0.17705212599784137
758,879,121,0.121,0.19201890109479428
800,900,100,0.1,0.1793093870691955
728,864,136,0.136,0.21478120397031308
810,905,95,0.095,0.18748015900701284
802,901,99,0.099,0.18526235648617148
712,856,144,0.144,0.21452315215021373
748,874,126,0.126,0.18592741119489073
812,906,94,0.094,0.18253396125137805
752,876,124,0.124,0.21049934975802898
770,885,115,0.115,0.18322175199538476
728,864,136,0.136,0.2103154147786554
720,860,140,0.14,0.1848450120636262
736,868,132,0.132,0.17762298689223827
812,906,94,0.094,0.16363485155208035
776,888,112,0.112,0.1945921236067006
754,877,123,0.123,0.17972938029785623
748,874,126,0.126,0.1947910456210375
684,842,158,0.158,0.20353322284668685
748,874,126,0.126,0.17969283354654908
782,891,109,0.109,0.18313022496775375
762,881,119,0.119,0.182092048112303
744,872,128,0.128,0.16552762581408065
730,865,135,0.135,0.17357341909734533
728,864,136,0.136,0.18661410471796988
738,869,131,0.131,0.18059633797779678
782,891,109,0.109,0.15710971017554404
804,902,98,0.098,0.16456172715947467
740,870,130,0.13,0.16239187125489116
824,912,88,0.088,0.17640532451868057
760,880,120,0.12,0.17582686281204224
754,877,123,0.123,0.1956477900047321
732,866,134,0.134,0.19821518225433546
724,862,138,0.138,0.1856552414212212
740,870,130,0.13,0.19376977542738444
778,889,111,0.111,0.20805747612938286
796,898,102,0.102,0.19805893066711724
760,880,120,0.12,0.19534286074818089
756,878,122,0.122,0.19441011648252607
734,867,133,0.133,0.2137675430253148
788,894,106,0.106,0.20461076116681506
740,870,130,0.13,0.20271260235086083
782,891,109,0.109,0.20670060737115273
768,884,116,0.116,0.2174982134103775
730,865,135,0.135,0.2708531177639961
804,902,98,0.098,0.2300723845437169
778,889,111,0.111,0.24712820562927665
720,860,140,0.14,0.24722386988151265
748,874,126,0.126,0.26736572294349165
710,855,145,0.145,0.27915526761859655
758,879,121,0.121,0.25715743617111003
738,869,131,0.131,0.26676949255168436
726,863,137,0.137,0.2722237966917456
724,862,138,0.138,0.29430753428730533
684,842,158,0.158,0.2754043736308813
716,858,142,0.142,0.28230846801336157
712,856,144,0.144,0.26904134707152844
766,883,117,0.117,0.2826620909869671
802,901,99,0.099,0.2574102065116167
734,867,133,0.133,0.28800307486951376
776,888,112,0.112,0.27595457957684993
780,890,110,0.11,0.27469088296592237
772,886,114,0.114,0.27528367570429696
732,866,134,0.134,0.28533599445968866
736,868,132,0.132,0.2793195294950856
686,843,157,0.157,0.2592592533432071
740,870,130,0.13,0.28259303712728434
802,901,99,0.099,0.26188874623179437
728,864,136,0.136,0.2827151533216238
784,892,108,0.108,0.25914547350257633
786,893,107,0.107,0.27040614010824354
762,881,119,0.119,0.2707016454041004
726,863,137,0.137,0.27275521112233403
798,899,101,0.101,0.25527658365566475
766,883,117,0.117,0.25614295167173273
752,876,124,0.124,0.24732663296163082
760,880,120,0.12,0.2419849357828498
758,879,121,0.121,0.24346145062707364
810,905,95,0.095,0.2345840899793866
768,884,116,0.116,0.24461931141465904
764,882,118,0.118,0.229557179171592
688,844,156,0.156,0.2596178383301012
754,877,123,0.123,0.2292804753780365
796,898,102,0.102,0.22901317586004735
718,859,141,0.141,0.2655051880465448
748,874,126,0.126,0.2545606709048152
776,888,112,0.112,0.24082588594406842
730,865,135,0.135,0.23576470474898814
754,877,123,0.123,0.24452753715962172
678,839,161,0.161,0.2577324940087274
784,892,108,0.108,0.2289536251500249
772,886,114,0.114,0.23824462366104127
782,891,109,0.109,0.24937828333675863
744,872,128,0.128,0.2587410563437261
776,888,112,0.112,0.2356054287872837
712,856,144,0.144,0.2575715683139861
750,875,125,0.125,0.24560474946349858
766,883,117,0.117,0.2410945943109691
784,892,108,0.108,0.2424706172379665
814,907,93,0.093,0.23317417658120393
790,895,105,0.105,0.2469163740053773
770,885,115,0.115,0.2560127095547505
734,867,133,0.133,0.264338927783072
756,878,122,0.122,0.24487742955237626
796,898,102,0.102,0.2561737843900919
784,892,108,0.108,0.26190197756141426
830,915,85,0.085,0.2568406731337309
754,877,123,0.123,0.2596893748171658
788,894,106,0.106,0.26181733251735567
796,898,102,0.102,0.25705594215169547
788,894,106,0.106,0.25207421918160616
718,859,141,0.141,0.27106453441083433
778,889,111,0.111,0.2515558495745063
776,888,112,0.112,0.2462625222876668
742,871,129,0.129,0.2427548944503069
744,872,128,0.128,0.2458853474044954
800,900,100,0.1,0.23574611227790593
748,874,126,0.126,0.2383616562127081
754,877,123,0.123,0.238917645852598
704,852,148,0.148,0.261063759483397
764,882,118,0.118,0.2506569370999932
692,846,154,0.154,0.2531173466667533
818,909,91,0.091,0.22543810241387627
680,840,160,0.16,0.23803168303519487
732,866,134,0.134,0.25433376445248723
760,880,120,0.12,0.23981442807614803
788,894,106,0.106,0.23872773867100477
792,896,104,0.104,0.23960202912613748
718,859,141,0.141,0.24938082534960995
724,862,138,0.138,0.2561503832712769
754,877,123,0.123,0.23557258564727998
774,887,113,0.113,0.2456641803315506
736,868,132,0.132,0.27547297286987305
798,899,101,0.101,0.2568029739335179
756,878,122,0.122,0.26999126929044726
778,889,111,0.111,0.27071007376164197
760,880,120,0.12,0.25798454960063194
808,904,96,0.096,0.27939770939946174
746,873,127,0.127,0.28000997748225925
738,869,131,0.131,0.2766288378667086
696,848,152,0.152,0.2821424116399721
768,884,116,0.116,0.27384334849770314
834,917,83,0.083,0.2671559785772115
756,878,122,0.122,0.2768405397310853
846,923,77,0.077,0.25773562125492605
710,855,145,0.145,0.2936513628519333
786,893,107,0.107,0.2682261614501476
758,879,121,0.121,0.29668225839175283
726,863,137,0.137,0.2984707518219948
666,833,167,0.167,0.32052649667254807
806,903,97,0.097,0.2626126354392618
760,880,120,0.12,0.2808191391043365
760,880,120,0.12,0.2810785838138254
772,886,114,0.114,0.27477107266988604
766,883,117,0.117,0.2785221332908841
736,868,132,0.132,0.2920338011905551
778,889,111,0.111,0.28703970454540106
716,858,142,0.142,0.2878809928577393
746,873,127,0.127,0.2911313801705837
724,862,138,0.138,0.29276506343483927
742,871,129,0.129,0.2849875973923772
702,851,149,0.149,0.2952433706503361
760,880,120,0.12,0.28633026845008136
712,856,144,0.144,0.28183597296627705
776,888,112,0.112,0.28580872775614263
664,832,168,0.168,0.3246959381459233
764,882,118,0.118,0.2920809339880943
738,869,131,0.131,0.288756543268971
764,882,118,0.118,0.2815642697521209
780,890,110,0.11,0.27491575267910956
756,878,122,0.122,0.2852364007681608
790,895,105,0.105,0.29215795269608497
824,912,88,0.088,0.2694454894065857
724,862,138,0.138,0.29716793429851535
764,882,118,0.118,0.3001912664400916
748,874,126,0.126,0.3072234907448292
700,850,150,0.15,0.3141633406430483
754,877,123,0.123,0.30885408047959206
706,853,147,0.147,0.3203818433308311
738,869,131,0.131,0.33369102427363395
692,846,154,0.154,0.3291314235648988
716,858,142,0.142,0.33009429037943483
762,881,119,0.119,0.32361308601498867
722,861,139,0.139,0.32982721545723687
774,887,113,0.113,0.3043527939319611
700,850,150,0.15,0.33913910640881717
660,830,170,0.17,0.339930969645633
744,872,128,0.128,0.3116868888437748
760,880,120,0.12,0.33395406618714335
832,916,84,0.084,0.315319729834795
728,864,136,0.136,0.3233323810957372
714,857,143,0.143,0.3252077207900584
670,835,165,0.165,0.3528936875797808
774,887,113,0.113,0.32947170352190736
732,866,134,0.134,0.3399918354898691
798,899,101,0.101,0.3272544018700719
794,897,103,0.103,0.326503323957324
714,857,143,0.143,0.32088784241094254
764,882,118,0.118,0.33112053081393245
696,848,152,0.152,0.3308683249540045
778,889,111,0.111,0.3326417341220658
770,885,115,0.115,0.32692115744948386
778,889,111,0.111,0.33318256224319337
740,870,130,0.13,0.33832241977751254
742,871,129,0.129,0.3384867231696844
728,864,136,0.136,0.33673259791186866
806,903,97,0.097,0.3236328186541796
722,861,139,0.139,0.3513330639898777
782,891,109,0.109,0.3269371847143048
740,870,130,0.13,0.3317164721041918
744,872,128,0.128,0.33760755199696724
708,854,146,0.146,0.33220537519059146
736,868,132,0.132,0.34624467880088194
744,872,128,0.128,0.33414522236023797
756,878,122,0.122,0.340109888240695
724,862,138,0.138,0.33795030563834755
710,855,145,0.145,0.3239427732527256
752,876,124,0.124,0.33487400589708705
760,880,120,0.12,0.31445963084697726
760,880,120,0.12,0.35101095648241154
768,884,116,0.116,0.33769323717057703
788,894,106,0.106,0.3424169201552868
768,884,116,0.116,0.33325098718702795
706,853,147,0.147,0.3549516152163269
718,859,141,0.141,0.3400378033518791
774,887,113,0.113,0.33450096734613183
740,870,130,0.13,0.33626683314493855
808,904,96,0.096,0.32985975773632525
738,869,131,0.131,0.33909202644228936
744,872,128,0.128,0.3224254866540432
766,883,117,0.117,0.33074783232808114
724,862,138,0.138,0.3269316970757209
744,872,128,0.128,0.3418871263228357
716,858,142,0.142,0.3649047867208719
810,905,95,0.095,0.3318788729211083
782,891,109,0.109,0.3395431645363569
774,887,113,0.113,0.33147235423326493
754,877,123,0.123,0.342187493347742
768,884,116,0.116,0.3495320145562873
788,894,106,0.106,0.3268676391891204
776,888,112,0.112,0.341300930041411
764,882,118,0.118,0.33376648803055287
716,858,142,0.142,0.35456661706417797
746,873,127,0.127,0.3453593596816063
778,889,111,0.111,0.34200980955961857
718,859,141,0.141,0.3506314423903823
782,891,109,0.109,0.32660754342377185
742,871,129,0.129,0.3672690618511007
730,865,135,0.135,0.3410374132692814
710,855,145,0.145,0.35389767433702946
766,883,117,0.117,0.33174397817254064
636,818,182,0.182,0.3723653617501259
718,859,141,0.141,0.32142614690959453
714,857,143,0.143,0.34688030467984615
764,882,118,0.118,0.33775861355662345
780,890,110,0.11,0.3250836859381574
798,899,101,0.101,0.32123297166684645
808,904,96,0.096,0.32354999537765977
728,864,136,0.136,0.3369069682508707
682,841,159,0.159,0.3393549121953547
784,892,108,0.108,0.3134238172769547
740,870,130,0.13,0.3434183915547414
768,884,116,0.116,0.32221977658433026
694,847,153,0.153,0.3467980431653559
760,880,120,0.12,0.3331593347163871
770,885,115,0.115,0.311044427951565
758,879,121,0.121,0.33779578007757666
718,859,141,0.141,0.3491088861192264
694,847,153,0.153,0.35674234361946583
746,873,127,0.127,0.3396418329030286
736,868,132,0.132,0.3503579061740726
742,871,129,0.129,0.32636258739233015
736,868,132,0.132,0.33781302590226303
824,912,88,0.088,0.3300689660646021
768,884,116,0.116,0.33058881330490114
762,881,119,0.119,0.3318189093358829
746,873,127,0.127,0.32008140689507125
740,870,130,0.13,0.3431434173105172
730,865,135,0.135,0.3424854755320121
756,878,122,0.122,0.337341937077581
732,866,134,0.134,0.33320295422238105
740,870,130,0.13,0.34213716443202213
748,874,126,0.126,0.3293130093105137
778,889,111,0.111,0.32532905535399914
728,864,136,0.136,0.3223921730965376
804,902,98,0.098,0.31180835817754293
796,898,102,0.102,0.3250334850251675
650,825,175,0.175,0.34501523317396643
704,852,148,0.148,0.320199982047081
754,877,123,0.123,0.30974777827085925
742,871,129,0.129,0.3097303047850728
766,883,117,0.117,0.29330003176629543
770,885,115,0.115,0.2804496623231098
794,897,103,0.103,0.2875333066731691
778,889,111,0.111,0.27041538146324456
720,860,140,0.14,0.26757152495251535
746,873,127,0.127,0.26289329179376364
758,879,121,0.121,0.2719386232942343
758,879,121,0.121,0.26146956522390247
744,872,128,0.128,0.2518519655004817
748,874,126,0.126,0.25272745020710863
768,884,116,0.116,0.27457505444437263
792,896,104,0.104,0.2407328251451254
704,852,148,0.148,0.25651582069694995
784,892,108,0.108,0.25178061351180075
806,903,97,0.097,0.23860471177846193
806,903,97,0.097,0.22406470883751173
786,893,107,0.107,0.22092227567732334
746,873,127,0.127,0.21777766143530608
720,860,140,0.14,0.224989793593204
794,897,103,0.103,0.2163102545590009
776,888,112,0.112,0.21661147923022508
766,883,117,0.117,0.22395800011605024
714,857,143,0.143,0.2288007585075684
762,881,119,0.119,0.21626197196543218
778,889,111,0.111,0.21025009256834165
766,883,117,0.117,0.22781371993100039
830,915,85,0.085,0.19713453503325581
762,881,119,0.119,0.2286088353842497
738,869,131,0.131,0.22246009597927333
806,903,97,0.097,0.2158859444782138
778,889,111,0.111,0.2146256772875786
824,912,88,0.088,0.20484163860976695
720,860,140,0.14,0.2320606166049838
808,904,96,0.096,0.20517331502586603
748,874,126,0.126,0.20732171185547485
830,915,85,0.085,0.21869428201764823
754,877,123,0.123,0.22641017121076584
794,897,103,0.103,0.20990307231247424
752,876,124,0.124,0.23349063096940517
716,858,142,0.142,0.22158297368581406
790,895,105,0.105,0.2157511583045125
774,887,113,0.113,0.21014069735631347
754,877,123,0.123,0.22377707976847888
714,857,143,0.143,0.21680717846374778
788,894,106,0.106,0.22009095327090472
778,889,111,0.111,0.21551574695128148
740,870,130,0.13,0.22661468813568353
780,890,110,0.11,0.22870299024879934
728,864,136,0.136,0.22475132898033423
740,870,130,0.13,0.21891236541885883
790,895,105,0.105,0.2104515556785515
776,888,112,0.112,0.21812076594726743
766,883,117,0.117,0.22546405409276485
762,881,119,0.119,0.2134147813357413
758,879,121,0.121,0.20259249327331783
720,860,140,0.14,0.23392912006983532
826,913,87,0.087,0.21961257491260766
802,901,99,0.099,0.20001905753463506
794,897,103,0.103,0.20678433669390106
798,899,101,0.101,0.2015279282350093
812,906,94,0.094,0.19320643332600593
754,877,123,0.123,0.21206601022183896
820,910,90,0.09,0.19617313204333187
814,907,93,0.093,0.1913064424842596
718,859,141,0.141,0.20732274567789863
772,886,114,0.114,0.19927407755702733
768,884,116,0.116,0.1952365583702922
748,874,126,0.126,0.20445570784921074
770,885,115,0.115,0.20134190912544728
760,880,120,0.12,0.19391995664277079
820,910,90,0.09,0.19222066447138786
746,873,127,0.127,0.20210091469436883
740,870,130,0.13,0.20035278310626745
798,899,101,0.101,0.1842600150668295
796,898,102,0.102,0.20335432234041217
712,856,144,0.144,0.21876129553640386
848,924,76,0.076,0.1849132615290582
806,903,97,0.097,0.20312700453400612
780,890,110,0.11,0.200372449955903
798,899,101,0.101,0.1957565334737301
764,882,118,0.118,0.217707438193282
704,852,148,0.148,0.2178215307816863
770,885,115,0.115,0.20974606160074472
798,899,101,0.101,0.20935450061410665
770,885,115,0.115,0.22141105272248388
814,907,93,0.093,0.22137125272676347
774,887,113,0.113,0.231994086916367
740,870,130,0.13,0.23322653535753488
762,881,119,0.119,0.24804209560900928
716,858,142,0.142,0.26230962186306717
750,875,125,0.125,0.2789318100754172
740,870,130,0.13,0.29132960306853056
724,862,138,0.138,0.29450525442510844
764,882,118,0.118,0.28184575608372686
716,858,142,0.142,0.28180233225226403
718,859,141,0.141,0.2909377247095108
768,884,116,0.116,0.2872840894311666
764,882,118,0.118,0.2863798317089677
720,860,140,0.14,0.2955381870940328
782,891,109,0.109,0.30589063242822884
738,869,131,0.131,0.29293825892871245
832,916,84,0.084,0.2801390445828438
796,898,102,0.102,0.29932316547632215
808,904,96,0.096,0.2981039839088917
750,875,125,0.125,0.32774895271798593
774,887,113,0.113,0.3217271679937839
824,912,88,0.088,0.3174204047173262
712,856,144,0.144,0.33419751627743244
780,890,110,0.11,0.3300187044044795
778,889,111,0.111,0.3310621155705303
788,894,106,0.106,0.3243991656914032
764,882,118,0.118,0.3251806224102066
748,874,126,0.126,0.3172644594088197
742,871,129,0.129,0.33617244590818884
768,884,116,0.116,0.32258862410485745
756,878,122,0.122,0.3159326899945736
740,870,130,0.13,0.3361809397786856
802,901,99,0.099,0.3333256806555437
800,900,100,0.1,0.33097411063313487
706,853,147,0.147,0.34338664859640994
772,886,114,0.114,0.33404779494088144
760,880,120,0.12,0.3244369241565582
734,867,133,0.133,0.34012187865749
774,887,113,0.113,0.34853781685233115
764,882,118,0.118,0.3423437281176448
774,887,113,0.113,0.3351345666497946
766,883,117,0.117,0.3479112068414688
716,858,142,0.142,0.3716401900174096
730,865,135,0.135,0.37552528619766234
764,882,118,0.118,0.3646747767627239
748,874,126,0.126,0.3704807020872831
766,883,117,0.117,0.382159722045064
776,888,112,0.112,0.39073230733908715
770,885,115,0.115,0.3779465379023459
720,860,140,0.14,0.392192543245852
758,879,121,0.121,0.3785311121493578
776,888,112,0.112,0.39041887387563473
766,883,117,0.117,0.40841929187995263
740,870,130,0.13,0.3986501709073782
714,857,143,0.143,0.42144623553473504
782,891,109,0.109,0.4259958364814978
704,852,148,0.148,0.4559452990889549
800,900,100,0.1,0.4409628549218178
772,886,114,0.114,0.44662082573911177
768,884,116,0.116,0.4430026159882545
766,883,117,0.117,0.4688868260681629
690,845,155,0.155,0.48253811387841417
728,864,136,0.136,0.47182734015863387
706,853,147,0.147,0.4970802398993983
744,872,128,0.128,0.4859037280678749
744,872,128,0.128,0.4806173378191888
754,877,123,0.123,0.4700376120954752
760,880,120,0.12,0.47246603538628096
770,885,115,0.115,0.48736752922832965
766,883,117,0.117,0.47806875737011434
732,866,134,0.134,0.503161208331585
708,854,146,0.146,0.502965961843729
726,863,137,0.137,0.49604057349581854
778,889,111,0.111,0.4896746404841542
780,890,110,0.11,0.48839079950377345
740,870,130,0.13,0.49619610026292504
760,880,120,0.12,0.48837091152369977
782,891,109,0.109,0.46981411653617394
764,882,118,0.118,0.4762168879210949
756,878,122,0.122,0.47416315162926914
716,858,142,0.142,0.47700794619321824
778,889,111,0.111,0.47299860268691557
812,906,94,0.094,0.470465900093317
750,875,125,0.125,0.4686292696967721
780,890,110,0.11,0.46356500891037283
788,894,106,0.106,0.4739631330422126
752,876,124,0.124,0.45308972746547804
768,884,116,0.116,0.4650511294752359
748,874,126,0.126,0.4683102089762688
818,909,91,0.091,0.4376442326283573
814,907,93,0.093,0.431836757093668
808,904,96,0.096,0.43503616364649494
738,869,131,0.131,0.44558987019956114
802,901,99,0.099,0.42747546748816967
796,898,102,0.102,0.41396600107848647
766,883,117,0.117,0.426582798384336
804,902,98,0.098,0.42832155990600584
792,896,104,0.104,0.4264230542732403
722,861,139,0.139,0.4388067550519481
760,880,120,0.12,0.432812464964976
762,881,119,0.119,0.4337905623316765
794,897,103,0.103,0.4185976217257148
748,874,126,0.126,0.43467826356105477
778,889,111,0.111,0.43294357815384865
756,878,122,0.122,0.42866089957766235
750,875,125,0.125,0.43962339371442793
784,892,108,0.108,0.44939125403761865
766,883,117,0.117,0.44076298104972045
780,890,110,0.11,0.44196332919597625
708,854,146,0.146,0.46656814268231395
710,855,145,0.145,0.4593013412650289
794,897,103,0.103,0.4455989070534706
730,865,135,0.135,0.453138100560343
716,858,142,0.142,0.45563314519712844
810,905,95,0.095,0.4429382108747959
746,873,127,0.127,0.4664826566632837
774,887,113,0.113,0.4585596304833889
746,873,127,0.127,0.44189341797679665
748,874,126,0.126,0.44809422421455386
770,885,115,0.115,0.44374634742991836
752,876,124,0.124,0.44809079146759495
782,891,109,0.109,0.45008874958753586
802,901,99,0.099,0.4410364919602871
816,908,92,0.092,0.4314649762418121
738,869,131,0.131,0.43359726075828076
730,865,135,0.135,0.436294052330809
760,880,120,0.12,0.4387784679963879
722,861,139,0.139,0.42882265107368583
658,829,171,0.171,0.44626256448035506
738,869,131,0.131,0.42329104875028134
798,899,101,0.101,0.40304880268871784
744,872,128,0.128,0.41885051694512365
792,896,104,0.104,0.3893151371963322
714,857,143,0.143,0.39893439825913357
700,850,150,0.15,0.4158705144971609
756,878,122,0.122,0.3940704503589368
772,886,114,0.114,0.3892101038034307
726,863,137,0.137,0.39158133002457907
802,901,99,0.099,0.37702631548419596
740,870,130,0.13,0.39049803065136074
708,854,146,0.146,0.37053550243377686
752,876,124,0.124,0.3676736876827199
798,899,101,0.101,0.3635430190451443
774,887,113,0.113,0.35207587338797747
768,884,116,0.116,0.3510020519644022
746,873,127,0.127,0.3686374440345278
772,886,114,0.114,0.3563558167517185
708,854,146,0.146,0.3715659137815237
762,881,119,0.119,0.3556755608767271
702,851,149,0.149,0.3514135029686149
730,865,135,0.135,0.3496621676161885
826,913,87,0.087,0.3380495141521096
782,891,109,0.109,0.3448659837692976
806,903,97,0.097,0.341476708015427
776,888,112,0.112,0.35528352788240747
750,875,125,0.125,0.3526789573132992
758,879,121,0.121,0.36822064522129955
790,895,105,0.105,0.3521330324142301
766,883,117,0.117,0.35795171648589896
796,898,102,0.102,0.3544776057302952
780,890,110,0.11,0.3684342011064291
788,894,106,0.106,0.36014801056683066
680,840,160,0.16,0.39142353625121995
816,908,92,0.092,0.36332716536521914
752,876,124,0.124,0.37830642900330713
714,857,143,0.143,0.39896982375450896
808,904,96,0.096,0.3824718650430441
782,891,109,0.109,0.38728800892829895
768,884,116,0.116,0.38994842679053543
770,885,115,0.115,0.3938161050656415
748,874,126,0.126,0.3832593020349741
754,877,123,0.123,0.3956215021574062
732,866,134,0.134,0.38994219799526036
764,882,118,0.118,0.39037650579214095
706,853,147,0.147,0.39679225309193134
774,887,113,0.113,0.3719200087040663
722,861,139,0.139,0.40305519580096005
794,897,103,0.103,0.3864121718108654
686,843,157,0.157,0.39851024208124725
790,895,105,0.105,0.3722567374255741
766,883,117,0.117,0.3935332824140787
786,893,107,0.107,0.3741226294487715
748,874,126,0.126,0.4027689211714462
722,861,139,0.139,0.41973043861212134
734,867,133,0.133,0.4027200638204813
774,887,113,0.113,0.39077932676672933
788,894,106,0.106,0.40470326322317124
750,875,125,0.125,0.39528741587698457
790,895,105,0.105,0.38662090370059016
732,866,134,0.134,0.41479867885634303
730,865,135,0.135,0.3910902319177985
792,896,104,0.104,0.3744478429555893
708,854,146,0.146,0.4055147641003132
782,891,109,0.109,0.38593491485714915
760,880,120,0.12,0.38134555011685006
760,880,120,0.12,0.390669949426771
748,874,126,0.126,0.3905257917381823
704,852,148,0.148,0.39724974292516707
742,871,129,0.129,0.40130112371034377
782,891,109,0.109,0.3705253735929728
758,879,121,0.121,0.384678446723249
778,889,111,0.111,0.39948089741170406
744,872,128,0.128,0.3831023459881544
748,874,126,0.126,0.3786152826512325
734,867,133,0.133,0.38322822999954226
778,889,111,0.111,0.3849139132499695
728,864,136,0.136,0.39644554822146894
702,851,149,0.149,0.3844274719208479
740,870,130,0.13,0.3768612689897418
684,842,158,0.158,0.40042273861169814
778,889,111,0.111,0.3806471712589264
770,885,115,0.115,0.3922419199285305
770,885,115,0.115,0.3947343443632126
732,866,134,0.134,0.40048116381466387
786,893,107,0.107,0.38350548187206734
776,888,112,0.112,0.38434352006018163
778,889,111,0.111,0.3785241081809712
792,896,104,0.104,0.3712833396494389
752,876,124,0.124,0.39414028948545454
788,894,106,0.106,0.37274852610751985
788,894,106,0.106,0.37286693895980716
790,895,105,0.105,0.36856694689393044
768,884,116,0.116,0.3705315775759518
764,882,118,0.118,0.3707324717640877
780,890,110,0.11,0.36929930859059096
734,867,133,0.133,0.38275727355834716
734,867,133,0.133,0.3608502603136003
824,912,88,0.088,0.3526536703366414
754,877,123,0.123,0.3524361906647682
806,903,97,0.097,0.35404335919232105
776,888,112,0.112,0.352522947356145
780,890,110,0.11,0.3659221240133047
770,885,115,0.115,0.36059407877177
778,889,111,0.111,0.3425590406078845
722,861,139,0.139,0.35495679400861263
776,888,112,0.112,0.33751891407743095
716,858,142,0.142,0.3485567488595843
754,877,123,0.123,0.35322918424010274
746,873,127,0.127,0.34945989547297357
710,855,145,0.145,0.35235611340403555
760,880,120,0.12,0.33546104027330875
756,878,122,0.122,0.34346772855876045
702,851,149,0.149,0.3645312037905678
744,872,128,0.128,0.3504789346605539
746,873,127,0.127,0.342992788285017
786,893,107,0.107,0.3378035797178745
744,872,128,0.128,0.3568021931714611
752,876,124,0.124,0.35241478852857927
734,867,133,0.133,0.35900041699409485
740,870,130,0.13,0.3592600092738867
796,898,102,0.102,0.35251289831101895
728,864,136,0.136,0.37938775534927843
754,877,123,0.123,0.375120469622314
782,891,109,0.109,0.3737554269582033
794,897,103,0.103,0.37832697661593556
796,898,102,0.102,0.38192547412682326
780,890,110,0.11,0.37619145262241366
750,875,125,0.125,0.37201047077775
764,882,118,0.118,0.38008473063636483
788,894,106,0.106,0.385861578848213
802,901,99,0.099,0.3782250991463661
764,882,118,0.118,0.38028507886891566
768,884,116,0.116,0.3870133048146963
754,877,123,0.123,0.38093774488568305
758,879,121,0.121,0.3801950821131468
796,898,102,0.102,0.37364330294914544
734,867,133,0.133,0.3838191073089838
782,891,109,0.109,0.37199877580255303
754,877,123,0.123,0.38126447713002565
810,905,95,0.095,0.37215780990570785
774,887,113,0.113,0.3773138832002878
710,855,145,0.145,0.3818641639947891
828,914,86,0.086,0.3640466182803821
728,864,136,0.136,0.38454704083595426
736,868,132,0.132,0.3704635981619358
732,866,134,0.134,0.3860112276524305
778,889,111,0.111,0.3500502903759479
788,894,106,0.106,0.35481092616796195
730,865,135,0.135,0.363034118479969
752,876,124,0.124,0.3623948144167662
800,900,100,0.1,0.3529493146200548
770,885,115,0.115,0.365289624389261
762,881,119,0.119,0.35760779290973005
746,873,127,0.127,0.35657629576325417
724,862,138,0.138,0.36362867429852486
742,871,129,0.129,0.36147117003716994
702,851,149,0.149,0.3740897048562765
782,891,109,0.109,0.36165584005792983
748,874,126,0.126,0.36817340046167374
752,876,124,0.124,0.37822469790279867
782,891,109,0.109,0.3852210177779198
782,891,109,0.109,0.38289390396117234
780,890,110,0.11,0.3892880798727274
708,854,146,0.146,0.40813508425652983
720,860,140,0.14,0.4151875770265815
778,889,111,0.111,0.41084928627389117
828,914,86,0.086,0.390182368516922
724,862,138,0.138,0.420575950846076
806,903,97,0.097,0.4125447197407484
756,878,122,0.122,0.42004866333305835
740,870,130,0.13,0.4163866799697535
836,918,82,0.082,0.41260557647683893
770,885,115,0.115,0.42704687477648257
720,860,140,0.14,0.4277769969701767
782,891,109,0.109,0.41682127716327466
766,883,117,0.117,0.41970539500564336
798,899,101,0.101,0.4197589833792299
738,869,131,0.131,0.4263453814089298
790,895,105,0.105,0.4174117138385773
770,885,115,0.115,0.4104014996737242
788,894,106,0.106,0.39731816505640744
772,886,114,0.114,0.40665214988728987
842,921,79,0.079,0.4030102508738637
764,882,118,0.118,0.4107398465424776
692,846,154,0.154,0.406383561136201
758,879,121,0.121,0.4005033498024568
774,887,113,0.113,0.4134504852592945
766,883,117,0.117,0.41726616069674494
744,872,128,0.128,0.4074216383844614
758,879,121,0.121,0.4192246289253235
742,871,129,0.129,0.40357371540367604
730,865,135,0.135,0.4202656739801168
742,871,129,0.129,0.42065530037507415
688,844,156,0.156,0.4330023707105286
772,886,114,0.114,0.4385261640250683
720,860,140,0.14,0.4430641212254122
708,854,146,0.146,0.4566582346558571
784,892,108,0.108,0.43996656278148294
680,840,160,0.16,0.4599006337225437
736,868,132,0.132,0.4582784061431885
770,885,115,0.115,0.46304759493470193
728,864,136,0.136,0.4766854173317552
766,883,117,0.117,0.4525929991550511
774,887,113,0.113,0.4662728530727327
816,908,92,0.092,0.4604846872538328
668,834,166,0.166,0.48537832545866677
752,876,124,0.124,0.4870570260286331
798,899,101,0.101,0.4761788463890553
756,878,122,0.122,0.4715167302340269
664,832,168,0.168,0.5219695443859673
838,919,81,0.081,0.4822155120074749
722,861,139,0.139,0.5060585227161646
730,865,135,0.135,0.4867880236789933
784,892,108,0.108,0.4894576820731163
766,883,117,0.117,0.48649467375844857
748,874,126,0.126,0.49181383091211317
770,885,115,0.115,0.4803002128303051
700,850,150,0.15,0.5028962932366037
740,870,130,0.13,0.48332654021817145
774,887,113,0.113,0.47949733802676203
778,889,111,0.111,0.4796210099458694
788,894,106,0.106,0.4731994815636426
742,871,129,0.129,0.48114703547954557
716,858,142,0.142,0.47299708415651714
738,869,131,0.131,0.47489661317132414
756,878,122,0.122,0.46565912128053605
702,851,149,0.149,0.47548445569671416
740,870,130,0.13,0.4586284451177344
768,884,116,0.116,0.4534562633582391
762,881,119,0.119,0.44272277751775363
762,881,119,0.119,0.4472844942808151
710,855,145,0.145,0.43738550032675266
774,887,113,0.113,0.43342431369423867
728,864,136,0.136,0.4427729778289795
762,881,119,0.119,0.44814066876338166
750,875,125,0.125,0.4457968507483602
782,891,109,0.109,0.4493322734050453
764,882,118,0.118,0.4344829038202297
784,892,108,0.108,0.44098176788863747
740,870,130,0.13,0.4476002640145939
678,839,161,0.161,0.45492389938235284
764,882,118,0.118,0.43954438234097326
738,869,131,0.131,0.4387671735584736
766,883,117,0.117,0.45778754496388135
774,887,113,0.113,0.45426800483465196
684,842,158,0.158,0.47363754341751335
738,869,131,0.131,0.47048863763766713
724,862,138,0.138,0.4808257706165456
770,885,115,0.115,0.47404899857193233
712,856,144,0.144,0.48711535214820567
716,858,142,0.142,0.4793834733267577
744,872,128,0.128,0.4885420505702496
760,880,120,0.12,0.4959011443629861
792,896,104,0.104,0.4949664668142796
712,856,144,0.144,0.5050127499103546
770,885,115,0.115,0.4903843352519907
724,862,138,0.138,0.5026296003460884
772,886,114,0.114,0.5037072627230123
814,907,93,0.093,0.481629514336586
758,879,121,0.121,0.5030452129282057
750,875,125,0.125,0.5098379716873169
732,866,134,0.134,0.5023820958693977
716,858,142,0.142,0.5088739445533138
788,894,106,0.106,0.5007067324519158
658,829,171,0.171,0.5136549829915166
736,868,132,0.132,0.5072223340198397
802,901,99,0.099,0.46687028311938045
676,838,162,0.162,0.4859882507855073
754,877,123,0.123,0.46905210641771555
706,853,147,0.147,0.4755730267688632
790,895,105,0.105,0.46342907489836216
750,875,125,0.125,0.46620982214610557
702,851,149,0.149,0.46058251729235056
768,884,116,0.116,0.4446594388214871
758,879,121,0.121,0.4426178959608078
848,924,76,0.076,0.43722138839481156
746,873,127,0.127,0.447042635690326
736,868,132,0.132,0.4326483270625316
760,880,120,0.12,0.4337578849308193
766,883,117,0.117,0.430926276281476
792,896,104,0.104,0.4307612645626068
848,924,76,0.076,0.3879620155841112
782,891,109,0.109,0.3972554844915867
792,896,104,0.104,0.37108760360162707
768,884,116,0.116,0.3834259780808352
760,880,120,0.12,0.3888101661652327
738,869,131,0.131,0.39334444415569303
660,830,170,0.17,0.3873936225613581
748,874,126,0.126,0.3680698190554976
756,878,122,0.122,0.3718643989786506
754,877,123,0.123,0.37005066297203304
790,895,105,0.105,0.3674914173930883
764,882,118,0.118,0.36096887092292307
754,877,123,0.123,0.3690604550400749
754,877,123,0.123,0.3634340391722464
762,881,119,0.119,0.3602177455891766
670,835,165,0.165,0.3866958435177803
790,895,105,0.105,0.35997098813019696
718,859,141,0.141,0.3890683179181069
754,877,123,0.123,0.3675570347720451
730,865,135,0.135,0.38091603406661306
