log_avg_ept_score,log_avg_succ_req,log_avg_blk_req,log_avg_BP_req,log_avg_entropy
40,70,30,0.3,1.607650911808014
50,75,25,0.25,1.6076619589328767
36,68,32,0.32,1.607699842453003
32,66,34,0.34,1.6075607347488403
44,72,28,0.28,1.6076232230663299
28,64,36,0.36,1.6075321304798127
30,65,35,0.35,1.60751899600029
42,71,29,0.29,1.6075755262374878
38,69,31,0.31,1.607547310590744
24,62,38,0.38,1.6075235712528229
28,64,36,0.36,1.6075144958496095
20,60,40,0.4,1.60751455783844
30,65,35,0.35,1.6075016689300536
16,58,42,0.42,1.6075131404399872
28,64,36,0.36,1.6075235152244567
22,61,39,0.39,1.607390695810318
46,73,27,0.27,1.6074928772449493
28,64,36,0.36,1.6074569821357727
38,69,31,0.31,1.6073918902873994
22,61,39,0.39,1.6074303925037383
26,63,37,0.37,1.6074627530574799
34,67,33,0.33,1.6074358868598937
38,69,31,0.31,1.607477638721466
58,79,21,0.21,1.6074048721790313
28,64,36,0.36,1.6074296951293945
16,58,42,0.42,1.6075095331668854
40,70,30,0.3,1.6073985028266906
40,70,30,0.3,1.6073088836669922
32,66,34,0.34,1.6073531687259675
34,67,33,0.33,1.6074097883701324
46,73,27,0.27,1.6073916161060333
32,66,34,0.34,1.6074125909805297
26,63,37,0.37,1.6074035489559173
26,63,37,0.37,1.607398931980133
44,72,28,0.28,1.6074166738986968
28,64,36,0.36,1.6072335731983185
32,66,34,0.34,1.60740784406662
12,56,44,0.44,1.6074126172065735
34,67,33,0.33,1.6073497116565705
40,70,30,0.3,1.6072588670253753
14,57,43,0.43,1.6074467158317567
46,73,27,0.27,1.6073296678066253
24,62,38,0.38,1.607450932264328
56,78,22,0.22,1.6073496997356416
50,75,25,0.25,1.6072282266616822
14,57,43,0.43,1.6074232316017152
32,66,34,0.34,1.6073601830005646
8,54,46,0.46,1.607348508834839
22,61,39,0.39,1.607408983707428
12,56,44,0.44,1.6073615181446075
12,56,44,0.44,1.6074450635910034
20,60,40,0.4,1.6073711931705474
34,67,33,0.33,1.607337508201599
28,64,36,0.36,1.6073698043823241
4,52,48,0.48,1.6073545014858246
24,62,38,0.38,1.6073717260360718
30,65,35,0.35,1.607436796426773
42,71,29,0.29,1.6073420059680938
34,67,33,0.33,1.6074949657917024
20,60,40,0.4,1.6073882246017457
14,57,43,0.43,1.6074972343444824
28,64,36,0.36,1.6074326503276826
10,55,45,0.45,1.6074628818035126
36,68,32,0.32,1.607404706478119
38,69,31,0.31,1.6073183381557465
30,65,35,0.35,1.6073941910266876
24,62,38,0.38,1.6074426937103272
46,73,27,0.27,1.6074758934974671
42,71,29,0.29,1.6072367429733276
44,72,28,0.28,1.607390751838684
24,62,38,0.38,1.6073677778244018
46,73,27,0.27,1.6073117125034333
30,65,35,0.35,1.6074705362319945
44,72,28,0.28,1.6073262155056
16,58,42,0.42,1.6073814344406128
30,65,35,0.35,1.6073838567733765
22,61,39,0.39,1.6072979652881623
44,72,28,0.28,1.6073063480854035
36,68,32,0.32,1.6073247706890106
22,61,39,0.39,1.607301652431488
30,65,35,0.35,1.6073439455032348
32,66,34,0.34,1.6072195184230804
32,66,34,0.34,1.6073893773555756
20,60,40,0.4,1.6072789013385773
12,56,44,0.44,1.60714848279953
32,66,34,0.34,1.6072238099575042
30,65,35,0.35,1.6072881543636321
20,60,40,0.4,1.6073589050769805
14,57,43,0.43,1.6073407936096191
28,64,36,0.36,1.6072621822357178
32,66,34,0.34,1.6073242974281312
32,66,34,0.34,1.6072046875953674
30,65,35,0.35,1.607226746082306
18,59,41,0.41,1.607228993177414
28,64,36,0.36,1.6072105991840362
16,58,42,0.42,1.6070025539398194
40,70,30,0.3,1.6071831619739532
22,61,39,0.39,1.607273383140564
38,69,31,0.31,1.6070956659317017
28,64,36,0.36,1.6070822072029114
48,74,26,0.26,1.6071891951560975
44,72,28,0.28,1.6071477353572845
22,61,39,0.39,1.6071605062484742
36,68,32,0.32,1.6071195352077483
30,65,35,0.35,1.607217116355896
38,69,31,0.31,1.6071235203742982
32,66,34,0.34,1.6070928299427032
38,69,31,0.31,1.6071915435791015
22,61,39,0.39,1.6071355974674224
50,75,25,0.25,1.6071039628982544
24,62,38,0.38,1.6070203948020936
54,77,23,0.23,1.6069305908679963
48,74,26,0.26,1.6070228683948518
42,71,29,0.29,1.6069732236862182
24,62,38,0.38,1.6069726252555847
40,70,30,0.3,1.6070710325241089
22,61,39,0.39,1.6070062816143036
30,65,35,0.35,1.6070696985721589
18,59,41,0.41,1.6070208108425141
22,61,39,0.39,1.6071059584617615
34,67,33,0.33,1.6068055713176728
28,64,36,0.36,1.607031192779541
48,74,26,0.26,1.6070004391670227
12,56,44,0.44,1.6069637870788573
34,67,33,0.33,1.6070700621604919
18,59,41,0.41,1.6068501389026641
12,56,44,0.44,1.6069286370277405
26,63,37,0.37,1.6069999599456788
42,71,29,0.29,1.6067576825618743
38,69,31,0.31,1.6068953680992126
18,59,41,0.41,1.6069922482967376
38,69,31,0.31,1.6069378995895385
60,80,20,0.2,1.6066355848312377
40,70,30,0.3,1.6070902144908905
32,66,34,0.34,1.6070580339431764
22,61,39,0.39,1.6070083391666412
32,66,34,0.34,1.6066736340522767
28,64,36,0.36,1.6068788111209868
16,58,42,0.42,1.6070453798770905
26,63,37,0.37,1.6068200802803039
20,60,40,0.4,1.6067248356342316
38,69,31,0.31,1.6068226397037506
44,72,28,0.28,1.6067415976524353
42,71,29,0.29,1.6066878306865693
54,77,23,0.23,1.6068152213096618
38,69,31,0.31,1.6066683220863343
42,71,29,0.29,1.6068019104003906
56,78,22,0.22,1.6066264808177948
10,55,45,0.45,1.6069883728027343
26,63,37,0.37,1.606688253879547
22,61,39,0.39,1.6069168174266815
48,74,26,0.26,1.6064940059185029
24,62,38,0.38,1.6068486988544464
30,65,35,0.35,1.606776340007782
48,74,26,0.26,1.606766949892044
36,68,32,0.32,1.606737517118454
38,69,31,0.31,1.606736080646515
38,69,31,0.31,1.6065239608287811
38,69,31,0.31,1.6065164804458618
48,74,26,0.26,1.6067819035053252
42,71,29,0.29,1.6066356575489045
22,61,39,0.39,1.606422197818756
22,61,39,0.39,1.6065134394168854
40,70,30,0.3,1.6065089774131776
28,64,36,0.36,1.60664306640625
26,63,37,0.37,1.6064899969100952
30,65,35,0.35,1.6064875030517578
28,64,36,0.36,1.606388977766037
28,64,36,0.36,1.6063302326202393
22,61,39,0.39,1.6067616415023804
36,68,32,0.32,1.6064702546596528
16,58,42,0.42,1.6064316368103027
30,65,35,0.35,1.6062607812881469
20,60,40,0.4,1.606586765050888
40,70,30,0.3,1.6063575065135955
22,61,39,0.39,1.6066839027404785
22,61,39,0.39,1.6061200201511383
30,65,35,0.35,1.60613911151886
18,59,41,0.41,1.6062565708160401
24,62,38,0.38,1.6063748264312745
20,60,40,0.4,1.6065083515644074
26,63,37,0.37,1.6060781502723693
18,59,41,0.41,1.6061460304260253
16,58,42,0.42,1.6062506246566772
26,63,37,0.37,1.6060520040988921
44,72,28,0.28,1.6059296202659608
24,62,38,0.38,1.6062129974365233
36,68,32,0.32,1.6061827719211579
34,67,33,0.33,1.6060896718502045
38,69,31,0.31,1.6062548446655274
16,58,42,0.42,1.60609823346138
22,61,39,0.39,1.6059182429313659
18,59,41,0.41,1.6062805700302123
16,58,42,0.42,1.6059853184223174
34,67,33,0.33,1.6053720688819886
16,58,42,0.42,1.6060621631145477
36,68,32,0.32,1.6057464253902436
24,62,38,0.38,1.605982106924057
42,71,29,0.29,1.6054064285755159
52,76,24,0.24,1.6058026838302613
18,59,41,0.41,1.6053381299972533
30,65,35,0.35,1.6055460107326507
24,62,38,0.38,1.6056883418560028
30,65,35,0.35,1.605654354095459
24,62,38,0.38,1.6057183969020843
40,70,30,0.3,1.6050219905376435
26,63,37,0.37,1.6056459069252014
26,63,37,0.37,1.605495376586914
6,53,47,0.47,1.6053153610229491
14,57,43,0.43,1.6052757155895234
24,62,38,0.38,1.6051283621788024
16,58,42,0.42,1.6058238208293916
36,68,32,0.32,1.6052396714687347
18,59,41,0.41,1.605475046634674
24,62,38,0.38,1.605108562707901
24,62,38,0.38,1.6051987206935883
48,74,26,0.26,1.6045052266120912
46,73,27,0.27,1.6048571181297302
26,63,37,0.37,1.6054834520816803
38,69,31,0.31,1.6049229049682616
36,68,32,0.32,1.6050759935379029
20,60,40,0.4,1.6052935349941253
30,65,35,0.35,1.604979567527771
54,77,23,0.23,1.6046539592742919
48,74,26,0.26,1.604237401485443
24,62,38,0.38,1.6050699627399445
46,73,27,0.27,1.6040346670150756
42,71,29,0.29,1.604840143918991
56,78,22,0.22,1.6043615448474884
14,57,43,0.43,1.6051403415203094
28,64,36,0.36,1.6044229900836944
18,59,41,0.41,1.6043495118618012
42,71,29,0.29,1.6041347289085388
48,74,26,0.26,1.6041605138778687
38,69,31,0.31,1.6041923618316651
30,65,35,0.35,1.6037516021728515
40,70,30,0.3,1.6041353642940521
24,62,38,0.38,1.6038457429409028
26,63,37,0.37,1.604160189628601
22,61,39,0.39,1.6040963447093963
24,62,38,0.38,1.6040123438835143
44,72,28,0.28,1.6038079535961152
20,60,40,0.4,1.6044140815734864
22,61,39,0.39,1.6030135130882264
18,59,41,0.41,1.6040145611763001
24,62,38,0.38,1.603344224691391
32,66,34,0.34,1.6035344755649568
34,67,33,0.33,1.6020647525787353
22,61,39,0.39,1.602448284626007
22,61,39,0.39,1.6034688413143159
54,77,23,0.23,1.6023356354236602
46,73,27,0.27,1.601743495464325
38,69,31,0.31,1.602902444601059
38,69,31,0.31,1.6022201681137085
36,68,32,0.32,1.6012191343307496
50,75,25,0.25,1.6012639176845551
20,60,40,0.4,1.6021616411209108
30,65,35,0.35,1.601620182991028
46,73,27,0.27,1.6008057749271394
8,54,46,0.46,1.601707217693329
26,63,37,0.37,1.6023801839351655
32,66,34,0.34,1.6002434396743774
38,69,31,0.31,1.6011395680904388
42,71,29,0.29,1.599955722093582
24,62,38,0.38,1.600848296880722
10,55,45,0.45,1.6017870461940766
36,68,32,0.32,1.6015409600734711
24,62,38,0.38,1.6013731467723846
40,70,30,0.3,1.5994999039173126
28,64,36,0.36,1.6006656181812287
24,62,38,0.38,1.6012808513641357
42,71,29,0.29,1.5993238079547882
42,71,29,0.29,1.6012727546691894
36,68,32,0.32,1.5992594838142395
26,63,37,0.37,1.6002866125106812
20,60,40,0.4,1.5992898094654082
28,64,36,0.36,1.5999086618423461
40,70,30,0.3,1.5950653326511384
32,66,34,0.34,1.600094609260559
38,69,31,0.31,1.5975851762294768
42,71,29,0.29,1.599850355386734
42,71,29,0.29,1.597445193529129
24,62,38,0.38,1.5989341533184052
18,59,41,0.41,1.5994967675209046
22,61,39,0.39,1.5984135496616363
28,64,36,0.36,1.598450437784195
30,65,35,0.35,1.5993620347976685
30,65,35,0.35,1.5982223176956176
38,69,31,0.31,1.5991720736026764
34,67,33,0.33,1.59937575340271
30,65,35,0.35,1.597771087884903
16,58,42,0.42,1.5967005169391633
50,75,25,0.25,1.5962242817878722
14,57,43,0.43,1.5988297033309937
12,56,44,0.44,1.5982778203487396
18,59,41,0.41,1.5953827345371245
36,68,32,0.32,1.5962123477458954
32,66,34,0.34,1.5966981446743012
40,70,30,0.3,1.5937216651439667
20,60,40,0.4,1.5957463562488556
32,66,34,0.34,1.5948166370391845
32,66,34,0.34,1.594203554391861
22,61,39,0.39,1.5953886651992797
26,63,37,0.37,1.5954180431365967
42,71,29,0.29,1.5907069087028503
12,56,44,0.44,1.5911507284641266
32,66,34,0.34,1.5905072498321533
58,79,21,0.21,1.5900948119163514
36,68,32,0.32,1.5915533900260925
12,56,44,0.44,1.5917676174640656
36,68,32,0.32,1.5899145424365997
26,63,37,0.37,1.5936084771156311
28,64,36,0.36,1.5881774759292602
46,73,27,0.27,1.5874604415893554
32,66,34,0.34,1.5902688527107238
38,69,31,0.31,1.5882540249824524
40,70,30,0.3,1.5878521013259888
40,70,30,0.3,1.5836475419998168
42,71,29,0.29,1.5857287347316742
42,71,29,0.29,1.5838657319545746
40,70,30,0.3,1.5880030918121337
32,66,34,0.34,1.584667192697525
40,70,30,0.3,1.5867268872261047
26,63,37,0.37,1.5818762862682343
20,60,40,0.4,1.588370407819748
20,60,40,0.4,1.5859076023101806
40,70,30,0.3,1.583696711063385
30,65,35,0.35,1.5863723433017731
12,56,44,0.44,1.5851615071296692
34,67,33,0.33,1.5844415020942688
42,71,29,0.29,1.5802424538135529
16,58,42,0.42,1.5856335365772247
34,67,33,0.33,1.5799774062633514
34,67,33,0.33,1.5781201529502868
26,63,37,0.37,1.5840705347061157
24,62,38,0.38,1.5835978889465332
36,68,32,0.32,1.5828089821338653
30,65,35,0.35,1.5789316928386687
30,65,35,0.35,1.5785814034938812
28,64,36,0.36,1.5855934011936188
48,74,26,0.26,1.5717178606987
36,68,32,0.32,1.5804444456100464
24,62,38,0.38,1.5775826680660248
32,66,34,0.34,1.580738102197647
30,65,35,0.35,1.569273873567581
48,74,26,0.26,1.566244374513626
32,66,34,0.34,1.5828134047985076
28,64,36,0.36,1.5722753369808198
40,70,30,0.3,1.5646106433868407
38,69,31,0.31,1.5681082677841187
40,70,30,0.3,1.5673592507839202
32,66,34,0.34,1.5732292449474334
36,68,32,0.32,1.5716332709789276
28,64,36,0.36,1.5698887610435486
32,66,34,0.34,1.573284752368927
28,64,36,0.36,1.5735079622268677
16,58,42,0.42,1.5781920123100281
46,73,27,0.27,1.5716534459590912
32,66,34,0.34,1.5564726424217223
26,63,37,0.37,1.5696469271183013
22,61,39,0.39,1.5717118954658509
42,71,29,0.29,1.564161204099655
34,67,33,0.33,1.5701587998867035
40,70,30,0.3,1.5610917234420776
16,58,42,0.42,1.5548685973882674
24,62,38,0.38,1.5581016886234282
44,72,28,0.28,1.5507616984844208
26,63,37,0.37,1.5559110844135284
24,62,38,0.38,1.549617862701416
24,62,38,0.38,1.5646710109710693
54,77,23,0.23,1.554638570547104
32,66,34,0.34,1.5493295407295227
28,64,36,0.36,1.5478874516487122
46,73,27,0.27,1.5477387022972107
36,68,32,0.32,1.5548642146587373
28,64,36,0.36,1.5520711147785187
32,66,34,0.34,1.5563474357128144
28,64,36,0.36,1.5490950953960418
34,67,33,0.33,1.5559640657901763
26,63,37,0.37,1.5442552733421326
46,73,27,0.27,1.547446231842041
38,69,31,0.31,1.5397100341320038
24,62,38,0.38,1.5535801255702972
32,66,34,0.34,1.5490179312229158
22,61,39,0.39,1.5505115258693696
34,67,33,0.33,1.5451949059963226
34,67,33,0.33,1.542299485206604
44,72,28,0.28,1.5293742990493775
14,57,43,0.43,1.5346677327156066
48,74,26,0.26,1.5318467426300049
18,59,41,0.41,1.5296418452262879
30,65,35,0.35,1.5499276828765869
38,69,31,0.31,1.521239426136017
42,71,29,0.29,1.5188689887523652
26,63,37,0.37,1.5254848790168762
36,68,32,0.32,1.5131546902656554
26,63,37,0.37,1.5273880803585052
42,71,29,0.29,1.489891647696495
32,66,34,0.34,1.5262388026714324
26,63,37,0.37,1.520697339773178
30,65,35,0.35,1.5096607756614686
24,62,38,0.38,1.5075513339042663
36,68,32,0.32,1.518243591785431
16,58,42,0.42,1.5268648386001586
52,76,24,0.24,1.480240884423256
36,68,32,0.32,1.5240056800842285
36,68,32,0.32,1.4968833923339844
28,64,36,0.36,1.4930717492103576
30,65,35,0.35,1.4942311799526216
6,53,47,0.47,1.5042805117368698
34,67,33,0.33,1.5261064600944518
34,67,33,0.33,1.4953396248817443
26,63,37,0.37,1.4842715334892274
48,74,26,0.26,1.4940471464395524
14,57,43,0.43,1.4605332899093628
32,66,34,0.34,1.484767223596573
30,65,35,0.35,1.4905594038963317
34,67,33,0.33,1.4779751467704774
42,71,29,0.29,1.5023851931095122
48,74,26,0.26,1.4710003423690796
30,65,35,0.35,1.4577558827400208
26,63,37,0.37,1.464259306192398
30,65,35,0.35,1.483706098794937
30,65,35,0.35,1.477896162867546
52,76,24,0.24,1.4386441802978516
22,61,39,0.39,1.4804623556137084
44,72,28,0.28,1.4520571112632752
54,77,23,0.23,1.4203752428293228
32,66,34,0.34,1.436797298192978
42,71,29,0.29,1.4460327911376953
12,56,44,0.44,1.4666787940263748
26,63,37,0.37,1.4386994379758835
42,71,29,0.29,1.4081723928451537
60,80,20,0.2,1.370375474691391
32,66,34,0.34,1.358958926796913
30,65,35,0.35,1.3959078115224839
46,73,27,0.27,1.4405093717575073
52,76,24,0.24,1.4081046384572984
40,70,30,0.3,1.4160698825120925
44,72,28,0.28,1.3788370931148528
34,67,33,0.33,1.399999929666519
34,67,33,0.33,1.4088605844974518
50,75,25,0.25,1.3839436089992523
38,69,31,0.31,1.3696276557445526
38,69,31,0.31,1.3638956993818283
16,58,42,0.42,1.3659046441316605
40,70,30,0.3,1.394440569281578
30,65,35,0.35,1.3912369006872176
42,71,29,0.29,1.3729259783029557
42,71,29,0.29,1.3105549341440201
30,65,35,0.35,1.3520441955327989
34,67,33,0.33,1.3767637580633163
40,70,30,0.3,1.2909266883134842
42,71,29,0.29,1.3614380860328674
30,65,35,0.35,1.349934023320675
32,66,34,0.34,1.3344603842496872
52,76,24,0.24,1.3437414783239365
40,70,30,0.3,1.3474588137865067
32,66,34,0.34,1.3234971007704734
24,62,38,0.38,1.321704819202423
36,68,32,0.32,1.3535174429416656
22,61,39,0.39,1.3417583626508713
30,65,35,0.35,1.3274307149648665
32,66,34,0.34,1.3454956769943238
38,69,31,0.31,1.3296382054686546
40,70,30,0.3,1.3078598701953887
54,77,23,0.23,1.3036616325378418
38,69,31,0.31,1.264581891298294
30,65,35,0.35,1.3606801903247834
46,73,27,0.27,1.2631556242704391
30,65,35,0.35,1.280902316570282
26,63,37,0.37,1.325479616522789
24,62,38,0.38,1.3332018375396728
12,56,44,0.44,1.3469380223751068
42,71,29,0.29,1.3000014925003052
34,67,33,0.33,1.2475944456458092
26,63,37,0.37,1.2767962205410004
36,68,32,0.32,1.288859837949276
36,68,32,0.32,1.2819630356132985
58,79,21,0.21,1.2487399595975877
34,67,33,0.33,1.2958186972141266
36,68,32,0.32,1.2634254854917526
34,67,33,0.33,1.238176184296608
42,71,29,0.29,1.2039494067430496
32,66,34,0.34,1.2568177929520608
50,75,25,0.25,1.1626466350257396
32,66,34,0.34,1.2891077482700348
38,69,31,0.31,1.2389093685150145
28,64,36,0.36,1.2532643061876296
18,59,41,0.41,1.2662165313959122
32,66,34,0.34,1.2619879412651063
22,61,39,0.39,1.2294877409934997
64,82,18,0.18,1.1498769012093544
40,70,30,0.3,1.1972116841375828
48,74,26,0.26,1.2530027848482133
24,62,38,0.38,1.198299456834793
34,67,33,0.33,1.1043888998031617
40,70,30,0.3,1.1522466921806336
36,68,32,0.32,1.1906921938061714
46,73,27,0.27,1.1894789865612985
22,61,39,0.39,1.2552824252843857
30,65,35,0.35,1.2236434417963027
32,66,34,0.34,1.2113507664203644
34,67,33,0.33,1.218525930941105
54,77,23,0.23,1.1999376575648784
24,62,38,0.38,1.2104686570167542
50,75,25,0.25,1.2479057663679123
22,61,39,0.39,1.2518977296352387
34,67,33,0.33,1.2251831433176994
52,76,24,0.24,1.1030819883942604
34,67,33,0.33,1.143733223080635
38,69,31,0.31,1.1369146510958672
34,67,33,0.33,1.234075016975403
16,58,42,0.42,1.2068130254745484
30,65,35,0.35,1.2023246479034424
32,66,34,0.34,1.1828265741467476
34,67,33,0.33,1.2140342873334884
32,66,34,0.34,1.1834075418114662
28,64,36,0.36,1.2407147052884102
42,71,29,0.29,1.141984263062477
30,65,35,0.35,1.146303296983242
22,61,39,0.39,1.1961590421944857
14,57,43,0.43,1.1874114573001862
42,71,29,0.29,1.1678494442999363
28,64,36,0.36,1.215201290845871
38,69,31,0.31,1.1299317157268525
44,72,28,0.28,1.1173747453093528
42,71,29,0.29,1.1259513773024081
20,60,40,0.4,1.233513806760311
42,71,29,0.29,1.1047261349856854
20,60,40,0.4,1.1580364045500755
16,58,42,0.42,1.1489361017942428
28,64,36,0.36,1.1706132850050925
18,59,41,0.41,1.1384798192977905
38,69,31,0.31,1.1170574688911439
44,72,28,0.28,1.1672003227472305
28,64,36,0.36,1.1870625296235084
28,64,36,0.36,1.1574519255757332
40,70,30,0.3,1.0276093554496766
56,78,22,0.22,0.9983072030544281
38,69,31,0.31,1.0309522679448129
46,73,27,0.27,0.9539418460428715
28,64,36,0.36,1.1179325520992278
32,66,34,0.34,1.1193614879250526
52,76,24,0.24,1.0434761250019073
42,71,29,0.29,0.9854862831532956
30,65,35,0.35,1.0254111034423112
22,61,39,0.39,1.1490367218852042
22,61,39,0.39,1.1138291376829148
34,67,33,0.33,1.1106085009872912
30,65,35,0.35,0.9852942614629865
36,68,32,0.32,1.028832091987133
30,65,35,0.35,0.9592986468970776
32,66,34,0.34,1.072624970972538
26,63,37,0.37,1.1402727693319321
44,72,28,0.28,1.0877336712926626
48,74,26,0.26,0.9885949189960956
44,72,28,0.28,0.9514805346727371
44,72,28,0.28,1.1152574038505554
62,81,19,0.19,1.0502168650925159
50,75,25,0.25,0.9471303592249751
40,70,30,0.3,1.023415609896183
26,63,37,0.37,1.0740663301944733
30,65,35,0.35,1.0554046165943145
34,67,33,0.33,1.12993508964777
36,68,32,0.32,0.9443527866154909
24,62,38,0.38,0.9845425596833229
30,65,35,0.35,1.0264782904833556
42,71,29,0.29,0.9869743825495243
34,67,33,0.33,0.9608979561924934
36,68,32,0.32,1.0860497917234897
32,66,34,0.34,0.9521918666362762
40,70,30,0.3,0.9559488137811423
44,72,28,0.28,1.0238324390351772
28,64,36,0.36,0.9982055017352104
48,74,26,0.26,0.9486284794658423
16,58,42,0.42,1.0459121856093407
34,67,33,0.33,1.0127408450841904
50,75,25,0.25,0.8618503825366497
34,67,33,0.33,0.94457690179348
30,65,35,0.35,0.9511247888952493
42,71,29,0.29,0.9868508766591549
44,72,28,0.28,0.9081528404355049
40,70,30,0.3,0.8863975588977336
30,65,35,0.35,0.9027873922884464
40,70,30,0.3,0.9104365012794733
18,59,41,0.41,0.9946600049734116
36,68,32,0.32,0.9935659742355347
42,71,29,0.29,0.9335166512429715
42,71,29,0.29,0.9052847459167243
20,60,40,0.4,1.0073947271704673
32,66,34,0.34,0.9624156372249126
34,67,33,0.33,0.9967076210631057
52,76,24,0.24,0.8737780493497849
18,59,41,0.41,0.9264350926876068
20,60,40,0.4,1.0252760273218156
30,65,35,0.35,0.9129072614014149
34,67,33,0.33,0.88375797085464
32,66,34,0.34,0.9753435364365578
24,62,38,0.38,0.9042481036484241
28,64,36,0.36,0.9346660511195659
32,66,34,0.34,0.8177042412012816
42,71,29,0.29,0.8898334407806396
46,73,27,0.27,0.8404582484066486
34,67,33,0.33,0.9540676282346249
10,55,45,0.45,1.0334523783624172
22,61,39,0.39,1.0212153154611587
20,60,40,0.4,0.9128738708794117
38,69,31,0.31,1.0241607749462127
26,63,37,0.37,0.9951740945875645
18,59,41,0.41,0.9997175726294517
20,60,40,0.4,0.9619958243891596
46,73,27,0.27,0.9193249361217022
50,75,25,0.25,1.0113854399323463
36,68,32,0.32,1.00521494820714
40,70,30,0.3,0.9576015338301659
32,66,34,0.34,1.0086047151312232
32,66,34,0.34,0.8842798547446727
24,62,38,0.38,0.960012785345316
14,57,43,0.43,0.9399103674292565
30,65,35,0.35,0.9285821798443794
34,67,33,0.33,0.9937672182917595
46,73,27,0.27,0.805410441532731
24,62,38,0.38,1.0443164610862732
26,63,37,0.37,0.9525800539553165
18,59,41,0.41,0.9818951146304608
44,72,28,0.28,0.8576947429031133
16,58,42,0.42,1.0095278784632682
16,58,42,0.42,0.999943823069334
34,67,33,0.33,0.9863057087361813
36,68,32,0.32,0.8598238641023636
40,70,30,0.3,0.9989641133695841
20,60,40,0.4,0.983364258557558
38,69,31,0.31,0.9256189404428006
34,67,33,0.33,0.9111469361186028
32,66,34,0.34,0.9245063205063343
10,55,45,0.45,1.041587537676096
24,62,38,0.38,0.9682103381305933
30,65,35,0.35,0.9688056989014149
46,73,27,0.27,1.0017506183683873
40,70,30,0.3,1.0546086658537388
30,65,35,0.35,0.8906954024732113
24,62,38,0.38,0.9371251437067986
46,73,27,0.27,0.8155974194407463
44,72,28,0.28,0.9442370584607125
30,65,35,0.35,0.9346454475820064
40,70,30,0.3,0.8956010472029448
44,72,28,0.28,0.8847435278445482
48,74,26,0.26,1.0376225005090236
20,60,40,0.4,1.0383290968090295
26,63,37,0.37,1.0392700126767158
24,62,38,0.38,1.012276243120432
38,69,31,0.31,0.9790656186640263
50,75,25,0.25,0.8788132263720035
22,61,39,0.39,1.041328011751175
46,73,27,0.27,0.8769739250838756
30,65,35,0.35,0.9089009749144316
34,67,33,0.33,1.0055379676818847
32,66,34,0.34,1.062877881973982
50,75,25,0.25,0.8879795419424772
36,68,32,0.32,1.007791827917099
48,74,26,0.26,0.8959693432599306
52,76,24,0.24,0.9655344179272651
42,71,29,0.29,0.9584452386200428
30,65,35,0.35,0.9734233488142491
48,74,26,0.26,0.9232486771047115
46,73,27,0.27,0.9410099503397942
20,60,40,0.4,0.9935799790918827
38,69,31,0.31,0.9729330879449845
38,69,31,0.31,0.955970024317503
46,73,27,0.27,0.876296814456582
40,70,30,0.3,0.9283771100640297
40,70,30,0.3,0.8734970708191395
38,69,31,0.31,1.005906740576029
58,79,21,0.21,0.894571780115366
48,74,26,0.26,0.9403235709667206
52,76,24,0.24,0.8783332361280918
30,65,35,0.35,0.9604538874328137
34,67,33,0.33,0.9885463126003742
56,78,22,0.22,0.9467322272807359
28,64,36,0.36,0.9841663929447532
42,71,29,0.29,0.9541011330485344
32,66,34,0.34,0.9903768449276685
28,64,36,0.36,0.8254218843206763
48,74,26,0.26,0.9929644601047038
26,63,37,0.37,0.9977338734269142
20,60,40,0.4,1.0417525079846381
18,59,41,0.41,0.9665728509426117
40,70,30,0.3,0.9221869778633117
46,73,27,0.27,0.8920824991166592
34,67,33,0.33,1.0639170576632022
50,75,25,0.25,0.9140316827595234
46,73,27,0.27,0.9436835201084613
36,68,32,0.32,0.8661362771689892
38,69,31,0.31,0.9407009821385145
24,62,38,0.38,1.0034171380102634
38,69,31,0.31,0.9442204993963241
24,62,38,0.38,0.9611948263645173
28,64,36,0.36,0.9039371736347676
32,66,34,0.34,0.9500415706634522
34,67,33,0.33,0.885703739374876
34,67,33,0.33,0.9626584337651729
12,56,44,0.44,1.1125502935051919
36,68,32,0.32,0.8889710755646228
50,75,25,0.25,0.9076829546689987
26,63,37,0.37,0.9123841822892428
38,69,31,0.31,0.9186794182285667
44,72,28,0.28,0.8800509288161993
42,71,29,0.29,0.8094704619143158
56,78,22,0.22,0.9323301386274397
36,68,32,0.32,0.9212701623886823
64,82,18,0.18,0.8211018916219472
42,71,29,0.29,0.8408855906873941
26,63,37,0.37,0.8304754789918661
22,61,39,0.39,1.035188197493553
30,65,35,0.35,0.9206397798657417
50,75,25,0.25,0.8409460607171059
38,69,31,0.31,0.8518818349018693
48,74,26,0.26,0.9718932418525219
56,78,22,0.22,0.8467296741902828
18,59,41,0.41,1.0276157596707345
44,72,28,0.28,0.923052374124527
34,67,33,0.33,0.8459795109927655
42,71,29,0.29,0.8847222050279379
24,62,38,0.38,0.8954865220189094
24,62,38,0.38,0.948906860128045
50,75,25,0.25,0.8592183257639409
40,70,30,0.3,0.8779105298966169
36,68,32,0.32,0.8708119782060385
36,68,32,0.32,0.8906304625794291
36,68,32,0.32,0.9085565876215697
30,65,35,0.35,0.9618610969185829
36,68,32,0.32,0.9924074829369783
42,71,29,0.29,0.9612630652915687
44,72,28,0.28,0.8689134784042836
30,65,35,0.35,0.888061810284853
40,70,30,0.3,0.9084858773648739
28,64,36,0.36,0.9760181796143297
34,67,33,0.33,0.8765757765620947
58,79,21,0.21,0.8695056882500648
20,60,40,0.4,0.9518399097025394
30,65,35,0.35,0.9992129963636398
34,67,33,0.33,0.9043163473904133
36,68,32,0.32,0.8790304060839117
22,61,39,0.39,0.9421144196391106
26,63,37,0.37,0.8075827683508396
44,72,28,0.28,0.7955430006980896
46,73,27,0.27,0.8661391592025757
42,71,29,0.29,0.8915568037331104
24,62,38,0.38,0.9057897458039225
46,73,27,0.27,0.8786048959195614
64,82,18,0.18,0.6771755699999631
48,74,26,0.26,0.7795209135115146
46,73,27,0.27,0.8828732424974441
38,69,31,0.31,0.8141330883651972
32,66,34,0.34,0.8232218062877655
38,69,31,0.31,0.8812399311363697
56,78,22,0.22,0.7892495456337929
32,66,34,0.34,0.8291931841522455
26,63,37,0.37,0.8712794695794582
46,73,27,0.27,0.8302136834338307
26,63,37,0.37,0.9452541901171208
36,68,32,0.32,0.8388142732903361
20,60,40,0.4,0.8271060583740473
16,58,42,0.42,0.8246478268690407
36,68,32,0.32,0.988421976864338
34,67,33,0.33,0.8753420432657003
38,69,31,0.31,0.838823176920414
40,70,30,0.3,0.7093370109051466
14,57,43,0.43,0.7623856463283301
50,75,25,0.25,0.7502750400826335
72,86,14,0.14,0.7752687184140086
34,67,33,0.33,0.7600539875030518
32,66,34,0.34,0.809786079749465
42,71,29,0.29,0.6654312894493342
34,67,33,0.33,0.7661258917301893
32,66,34,0.34,0.8165288057178259
34,67,33,0.33,0.8734955176711082
20,60,40,0.4,0.874809133708477
20,60,40,0.4,0.8491590162739158
32,66,34,0.34,0.8224382905848324
54,77,23,0.23,0.8736838659644127
42,71,29,0.29,0.7518695910274983
36,68,32,0.32,0.9276562687754631
20,60,40,0.4,0.9302265228703618
42,71,29,0.29,0.8266685469076037
40,70,30,0.3,0.7305607768893242
42,71,29,0.29,0.9362157233059406
38,69,31,0.31,0.9066746794059872
32,66,34,0.34,0.8441381101310254
38,69,31,0.31,0.724570386968553
32,66,34,0.34,0.8843060912191868
56,78,22,0.22,0.7592676702328026
38,69,31,0.31,0.8000483401119709
48,74,26,0.26,0.8040084394812584
22,61,39,0.39,1.0154927101731301
46,73,27,0.27,0.8462542545795441
32,66,34,0.34,0.8768523728847504
30,65,35,0.35,0.8799196028709412
46,73,27,0.27,0.8849460151791573
36,68,32,0.32,0.9404270873591304
26,63,37,0.37,0.8122104354202747
36,68,32,0.32,0.9196236784756183
22,61,39,0.39,1.025724254474044
36,68,32,0.32,0.9346983416378498
58,79,21,0.21,0.8930341266468167
42,71,29,0.29,0.8234656692296266
32,66,34,0.34,0.8823671661317348
38,69,31,0.31,0.9139830830693245
40,70,30,0.3,0.9298345256596804
30,65,35,0.35,1.000460125952959
28,64,36,0.36,0.967422642558813
24,62,38,0.38,0.9153850176930427
30,65,35,0.35,0.8493520631641149
40,70,30,0.3,0.8520783169008791
36,68,32,0.32,0.9386505150794983
40,70,30,0.3,0.8193895046412945
54,77,23,0.23,0.8807329459488392
22,61,39,0.39,0.9449476919323206
44,72,28,0.28,0.8179963723965921
28,64,36,0.36,0.9783742696046829
46,73,27,0.27,0.9443111136555672
28,64,36,0.36,1.0062445974349976
54,77,23,0.23,0.8634823451936245
44,72,28,0.28,0.8893093958497047
38,69,31,0.31,0.976794104129076
42,71,29,0.29,0.9774502597749233
28,64,36,0.36,1.025657004714012
26,63,37,0.37,0.9600261317193508
44,72,28,0.28,0.814015242010355
62,81,19,0.19,0.8988050908595323
42,71,29,0.29,0.7905243961513042
34,67,33,0.33,0.8873357184231281
46,73,27,0.27,0.8305781209468841
26,63,37,0.37,0.9875971214473247
26,63,37,0.37,1.0228799110651017
36,68,32,0.32,0.9616675151884556
30,65,35,0.35,0.9307677559554577
54,77,23,0.23,0.9436728939414024
32,66,34,0.34,0.895312098711729
32,66,34,0.34,1.0473921599984168
40,70,30,0.3,0.8944017388671637
26,63,37,0.37,0.9604028271138668
64,82,18,0.18,0.8700408822670579
32,66,34,0.34,0.9223822054266929
34,67,33,0.33,0.9397055749595166
38,69,31,0.31,0.9673460921645165
42,71,29,0.29,0.9203301620483398
28,64,36,0.36,0.8813256157934666
24,62,38,0.38,0.9345951514318586
28,64,36,0.36,0.9448894090950489
20,60,40,0.4,0.972281901538372
38,69,31,0.31,0.8866197349131107
40,70,30,0.3,0.9639105933904648
58,79,21,0.21,0.8985206751525402
40,70,30,0.3,0.887521879374981
48,74,26,0.26,0.8446616081893444
48,74,26,0.26,0.9953485579043627
42,71,29,0.29,0.8807955744862557
48,74,26,0.26,0.8345120856165886
24,62,38,0.38,0.9584977521002292
34,67,33,0.33,1.0302810129523277
38,69,31,0.31,0.8829694402217865
44,72,28,0.28,0.8661110483109951
26,63,37,0.37,1.0370951154828072
48,74,26,0.26,0.9653217932581901
40,70,30,0.3,0.99721825376153
36,68,32,0.32,0.9391404640302062
28,64,36,0.36,1.0166962876915933
36,68,32,0.32,1.003888565674424
10,55,45,0.45,1.0951910188794136
38,69,31,0.31,1.0559454959630967
36,68,32,0.32,0.9036862155795098
44,72,28,0.28,0.9082805536687374
32,66,34,0.34,0.9351108987629414
32,66,34,0.34,1.0055497020483017
46,73,27,0.27,0.8438835037499666
50,75,25,0.25,0.9422814762592315
30,65,35,0.35,0.9865208148956299
48,74,26,0.26,0.9826168069243431
28,64,36,0.36,0.9504270443320274
30,65,35,0.35,1.0004847545921802
56,78,22,0.22,0.9443980740010738
42,71,29,0.29,0.9678061363101006
44,72,28,0.28,0.9487700754404068
48,74,26,0.26,1.024029915332794
42,71,29,0.29,0.9847879928350448
30,65,35,0.35,1.0027731528878212
46,73,27,0.27,0.9218509550392627
34,67,33,0.33,1.0689492863416672
38,69,31,0.31,0.9985703811049461
40,70,30,0.3,0.9965828225016594
48,74,26,0.26,1.0145115581154824
50,75,25,0.25,0.9075983206182718
40,70,30,0.3,0.9839247086644173
38,69,31,0.31,0.9634032656252384
48,74,26,0.26,0.9420829826593399
44,72,28,0.28,0.9798958925902843
62,81,19,0.19,0.8792986863106489
40,70,30,0.3,0.9786147114634514
24,62,38,0.38,1.005215564072132
32,66,34,0.34,1.0064154059346766
48,74,26,0.26,0.9812515138089657
52,76,24,0.24,0.8425611133873463
56,78,22,0.22,0.9334388190507888
34,67,33,0.33,0.9198413999378681
46,73,27,0.27,0.9108553296327591
46,73,27,0.27,0.8753978500142694
50,75,25,0.25,0.960031073987484
56,78,22,0.22,0.9490448302030563
46,73,27,0.27,1.0320450401306152
32,66,34,0.34,0.9288518869876862
50,75,25,0.25,0.9590679770708084
54,77,23,0.23,0.944966459274292
22,61,39,0.39,1.0331287768483162
40,70,30,0.3,0.9113658398389817
26,63,37,0.37,0.9656366522610188
40,70,30,0.3,0.9291280381381511
20,60,40,0.4,1.0396927654743195
42,71,29,0.29,0.9440014451742172
50,75,25,0.25,0.9370799998939038
46,73,27,0.27,0.983525513112545
40,70,30,0.3,0.936375615298748
48,74,26,0.26,0.8437328751385212
48,74,26,0.26,1.0095535124838353
14,57,43,0.43,1.0191830855607986
42,71,29,0.29,0.9492579954862594
52,76,24,0.24,0.8246783868968487
42,71,29,0.29,0.9351275214552879
42,71,29,0.29,0.9552270963788032
22,61,39,0.39,0.9755899370461703
32,66,34,0.34,1.0251650612056256
48,74,26,0.26,0.8870086568593979
40,70,30,0.3,1.0209012357890606
42,71,29,0.29,0.9773170173168182
26,63,37,0.37,1.0030281201004982
26,63,37,0.37,1.009503401517868
36,68,32,0.32,1.0092798113822936
32,66,34,0.34,0.9248719653487205
42,71,29,0.29,1.0278217902779578
34,67,33,0.33,1.0703635655343533
34,67,33,0.33,0.9703565134108066
36,68,32,0.32,0.9905789008736611
32,66,34,0.34,1.071095425784588
28,64,36,0.36,0.9874143040180207
40,70,30,0.3,1.0062628258764743
52,76,24,0.24,0.9538173991441726
34,67,33,0.33,0.9581816152483225
36,68,32,0.32,1.0357778161764144
56,78,22,0.22,0.9523642867803573
44,72,28,0.28,0.8984313344955445
28,64,36,0.36,0.9612523898482322
32,66,34,0.34,0.9515959839522838
30,65,35,0.35,0.9999204330146313
48,74,26,0.26,0.9368879348039627
36,68,32,0.32,1.0161091393232347
50,75,25,0.25,0.9698418276011944
50,75,25,0.25,0.9157755453884602
52,76,24,0.24,0.9232794973254204
34,67,33,0.33,0.9113357245922089
46,73,27,0.27,0.9919758090376853
54,77,23,0.23,0.9132050424814224
18,59,41,0.41,1.049068316221237
50,75,25,0.25,0.8544747570157051
34,67,33,0.33,1.0623823788762092
34,67,33,0.33,0.8919791755080223
38,69,31,0.31,0.9170493826270103
44,72,28,0.28,1.057658881545067
30,65,35,0.35,0.9455164217948914
34,67,33,0.33,1.0174755111336709
52,76,24,0.24,0.9438640695810318
42,71,29,0.29,0.9894880600273609
42,71,29,0.29,0.9181033110618592
20,60,40,0.4,1.1063077247142792
32,66,34,0.34,0.9984307391941547
34,67,33,0.33,0.9744497926533222
30,65,35,0.35,0.9886130648851394
54,77,23,0.23,0.9086853404343128
32,66,34,0.34,0.9903238673508167
18,59,41,0.41,0.9950866140425205
34,67,33,0.33,0.9739102384448052
46,73,27,0.27,0.952501150816679
34,67,33,0.33,0.9578992696106434
62,81,19,0.19,0.8814397019147873
30,65,35,0.35,1.0168380039930343
48,74,26,0.26,0.9369941285252571
32,66,34,0.34,0.9690816774964333
50,75,25,0.25,0.8739513698220253
34,67,33,0.33,1.0262026739120484
46,73,27,0.27,0.940124154984951
42,71,29,0.29,0.8918140587210656
42,71,29,0.29,0.9501249505579472
30,65,35,0.35,0.9763424038887024
54,77,23,0.23,0.9526124097406864
42,71,29,0.29,0.967054334282875
44,72,28,0.28,0.9990750056505203
20,60,40,0.4,1.0210201358795166
50,75,25,0.25,0.8530619266629219
54,77,23,0.23,0.9787924828007817
40,70,30,0.3,0.9560199791193008
24,62,38,0.38,1.0070065742731094
14,57,43,0.43,0.9792904125154018
44,72,28,0.28,0.9382500058412552
30,65,35,0.35,0.9956685483455658
54,77,23,0.23,0.8815139630436897
20,60,40,0.4,1.0625848814845085
54,77,23,0.23,1.0006982158124447
32,66,34,0.34,1.0595357531309129
40,70,30,0.3,1.0504548636078834
46,73,27,0.27,0.9398589944839477
34,67,33,0.33,1.0860171240568162
40,70,30,0.3,0.9974994945526123
36,68,32,0.32,1.0400870606303214
36,68,32,0.32,0.903118554353714
46,73,27,0.27,1.008741860985756
20,60,40,0.4,1.0715561237931253
14,57,43,0.43,1.040534070134163
50,75,25,0.25,1.0325868733972312
48,74,26,0.26,1.0202442824840545
54,77,23,0.23,1.0026478734612465
42,71,29,0.29,1.0841442656517029
20,60,40,0.4,1.0787582024931908
30,65,35,0.35,1.0798570665717124
48,74,26,0.26,1.0533712142705918
56,78,22,0.22,0.9856326067447663
46,73,27,0.27,0.9416364178061485
46,73,27,0.27,1.0711342996358872
36,68,32,0.32,1.0230086866021155
36,68,32,0.32,1.0419381242990493
46,73,27,0.27,1.0163438001275062
40,70,30,0.3,1.0388099339604377
44,72,28,0.28,1.0603815239667893
36,68,32,0.32,1.0025079147517681
36,68,32,0.32,0.947708433419466
28,64,36,0.36,1.0508209568262101
42,71,29,0.29,1.0190902850031853
44,72,28,0.28,0.9959081360697746
20,60,40,0.4,1.0853797990083693
42,71,29,0.29,0.9717973908782005
46,73,27,0.27,0.9917226725816727
48,74,26,0.26,0.9387667967379093
56,78,22,0.22,0.983616613894701
42,71,29,0.29,0.9735740292072296
46,73,27,0.27,0.9570079372823238
34,67,33,0.33,0.9389384427666664
44,72,28,0.28,0.9466604235768318
34,67,33,0.33,1.0303229901194573
38,69,31,0.31,0.9469018415361643
42,71,29,0.29,1.076790527999401
54,77,23,0.23,1.0541662496328355
28,64,36,0.36,0.9903017285466195
46,73,27,0.27,1.013579057753086
46,73,27,0.27,1.0316043910384178
28,64,36,0.36,1.0675261100381612
24,62,38,0.38,1.0312664869427681
42,71,29,0.29,1.032818642258644
40,70,30,0.3,1.0170055569708347
22,61,39,0.39,1.1460808676481247
22,61,39,0.39,1.0184775625169278
54,77,23,0.23,1.0536344790458678
20,60,40,0.4,1.0955197876691818
28,64,36,0.36,0.9831519913673401
38,69,31,0.31,0.9768009641766549
44,72,28,0.28,0.9928207129240036
42,71,29,0.29,1.089772465825081
44,72,28,0.28,0.964866946041584
54,77,23,0.23,0.9833241954445839
54,77,23,0.23,1.0268122127652168
44,72,28,0.28,1.0563487733900547
34,67,33,0.33,0.9305483749508858
38,69,31,0.31,1.0145823708176613
46,73,27,0.27,0.9686151492595673
52,76,24,0.24,0.9218398284912109
34,67,33,0.33,0.9841304233670235
58,79,21,0.21,0.9347355711460114
24,62,38,0.38,1.0625200480222703
16,58,42,0.42,1.0465914687514306
36,68,32,0.32,0.9407300961017608
30,65,35,0.35,1.0177612546086312
38,69,31,0.31,1.090936171412468
26,63,37,0.37,1.1224264073371888
38,69,31,0.31,0.9349642425775528
60,80,20,0.2,1.0213827112317084
52,76,24,0.24,1.0241674339771272
40,70,30,0.3,1.0385197126865386
46,73,27,0.27,1.0353994825482369
36,68,32,0.32,1.0690806338191032
54,77,23,0.23,0.9760857373476028
36,68,32,0.32,1.107972286939621
36,68,32,0.32,1.0146341168880462
52,76,24,0.24,0.9788901033997536
42,71,29,0.29,1.055611320436001
44,72,28,0.28,1.0400628854334355
50,75,25,0.25,1.0573638924956321
60,80,20,0.2,0.9650637221336364
42,71,29,0.29,0.9767385178804397
22,61,39,0.39,1.0864414942264558
48,74,26,0.26,1.0475762417912484
68,84,16,0.16,1.0029829707741738
42,71,29,0.29,1.0485480898618698
54,77,23,0.23,0.963156064748764
38,69,31,0.31,1.066972834765911
30,65,35,0.35,1.1007563120126724
26,63,37,0.37,1.0299115958809852
60,80,20,0.2,1.0044763147830964
52,76,24,0.24,0.9765444791316986
56,78,22,0.22,1.046115474998951
52,76,24,0.24,1.0536893612146379
46,73,27,0.27,1.0726312538981437
70,85,15,0.15,0.9609222021698952
58,79,21,0.21,0.9983360028266907
34,67,33,0.33,1.0570735460519791
40,70,30,0.3,1.0302445465326309
44,72,28,0.28,1.0713480162620543
50,75,25,0.25,0.9883538433909416
38,69,31,0.31,1.044692984521389
40,70,30,0.3,1.1295202672481537
52,76,24,0.24,1.012883979678154
48,74,26,0.26,1.023949300646782
42,71,29,0.29,1.0234585332870483
40,70,30,0.3,1.0602046179771423
26,63,37,0.37,1.0435828506946563
36,68,32,0.32,1.0608293282985688
44,72,28,0.28,1.0770487290620805
58,79,21,0.21,1.0237941133975983
48,74,26,0.26,1.0109172976016998
32,66,34,0.34,1.066234875023365
58,79,21,0.21,1.0675257694721223
62,81,19,0.19,1.0191993463039397
38,69,31,0.31,1.0660774964094162
38,69,31,0.31,1.0918333932757378
42,71,29,0.29,1.0722510588169099
48,74,26,0.26,1.0106850069761277
44,72,28,0.28,1.0596078437566758
44,72,28,0.28,1.0663578397035598
56,78,22,0.22,1.0582307010889054
48,74,26,0.26,1.0373787879943848
46,73,27,0.27,1.0962325096130372
44,72,28,0.28,1.041124176979065
54,77,23,0.23,1.0690349107980728
46,73,27,0.27,1.0891239213943482
36,68,32,0.32,1.1087302416563034
20,60,40,0.4,1.1156863045692444
40,70,30,0.3,1.0553507632017136
58,79,21,0.21,1.0148247516155242
38,69,31,0.31,1.1168219190835953
44,72,28,0.28,1.075058890581131
70,85,15,0.15,1.083650426864624
54,77,23,0.23,1.0525049597024918
56,78,22,0.22,1.0920310175418855
54,77,23,0.23,1.0994469708204269
52,76,24,0.24,1.023249821662903
54,77,23,0.23,1.1059805953502655
40,70,30,0.3,1.1125932151079179
42,71,29,0.29,1.123555946946144
38,69,31,0.31,1.087030234336853
42,71,29,0.29,1.0751144731044768
40,70,30,0.3,1.0839831191301346
30,65,35,0.35,1.0537597560882568
52,76,24,0.24,1.0826250898838043
32,66,34,0.34,1.166403561234474
50,75,25,0.25,1.1062614303827285
66,83,17,0.17,0.9893419516086578
46,73,27,0.27,1.0780059486627578
60,80,20,0.2,1.0982748168706893
40,70,30,0.3,1.0500652396678924
52,76,24,0.24,1.0926910740137101
54,77,23,0.23,1.0161644965410233
54,77,23,0.23,0.9955980068445206
42,71,29,0.29,1.1081521481275558
52,76,24,0.24,1.1135899966955185
56,78,22,0.22,1.0116039997339248
54,77,23,0.23,1.075923023223877
66,83,17,0.17,1.023617286682129
26,63,37,0.37,1.0528763729333876
52,76,24,0.24,1.0194568920135498
48,74,26,0.26,1.0416608047485352
60,80,20,0.2,1.0122417175769807
42,71,29,0.29,1.1253185260295868
30,65,35,0.35,1.1513941186666488
48,74,26,0.26,1.0553236198425293
52,76,24,0.24,1.0372750413417817
66,83,17,0.17,1.066268762946129
40,70,30,0.3,1.1269855409860612
44,72,28,0.28,1.0913985615968704
46,73,27,0.27,1.0673988634347915
42,71,29,0.29,1.086296132206917
50,75,25,0.25,1.1035104703903198
62,81,19,0.19,1.023562930226326
36,68,32,0.32,1.0393574464321136
52,76,24,0.24,1.0496143001317977
64,82,18,0.18,1.0608210289478301
50,75,25,0.25,0.9977409708499908
52,76,24,0.24,1.0796630769968032
42,71,29,0.29,1.0480589026212692
68,84,16,0.16,1.0056103247404098
38,69,31,0.31,1.0899312615394592
60,80,20,0.2,1.0096675914525985
58,79,21,0.21,1.0738790637254716
38,69,31,0.31,1.0477761977910995
40,70,30,0.3,1.0425430142879486
44,72,28,0.28,1.04678018450737
44,72,28,0.28,1.0603015434741974
58,79,21,0.21,0.9843037867546082
50,75,25,0.25,1.030348254442215
52,76,24,0.24,1.0024605959653854
42,71,29,0.29,1.0463836681842804
32,66,34,0.34,1.0764851188659668
46,73,27,0.27,1.0269412344694138
32,66,34,0.34,1.1063190919160844
36,68,32,0.32,1.0869873052835464
48,74,26,0.26,1.078476728796959
64,82,18,0.18,1.0131360077857972
44,72,28,0.28,1.0605203419923783
40,70,30,0.3,1.0269548535346984
56,78,22,0.22,1.0660937082767488
62,81,19,0.19,0.9474153488874435
46,73,27,0.27,0.9741734999418259
46,73,27,0.27,1.0191570103168488
40,70,30,0.3,1.0066203212738036
46,73,27,0.27,1.009064749479294
52,76,24,0.24,1.0195125311613082
42,71,29,0.29,1.056564269065857
52,76,24,0.24,1.0284872329235077
46,73,27,0.27,1.0324013972282409
44,72,28,0.28,1.033235309123993
62,81,19,0.19,1.0571754598617553
28,64,36,0.36,1.0630704855918884
48,74,26,0.26,0.9983289659023284
70,85,15,0.15,0.9386870104074478
64,82,18,0.18,0.9997937792539596
58,79,21,0.21,1.0519717693328858
58,79,21,0.21,1.0133389592170716
66,83,17,0.17,0.9138152486085892
46,73,27,0.27,0.9842210960388184
54,77,23,0.23,0.990738228559494
28,64,36,0.36,1.0351558381319046
44,72,28,0.28,0.9561184513568878
46,73,27,0.27,0.958851769566536
60,80,20,0.2,0.9594863486289978
54,77,23,0.23,0.9467696213722229
68,84,16,0.16,0.892735430598259
70,85,15,0.15,0.9424143201112747
36,68,32,0.32,0.9932122099399566
66,83,17,0.17,0.9647710770368576
52,76,24,0.24,0.9150214266777038
60,80,20,0.2,0.9253169500827789
36,68,32,0.32,0.940741548538208
66,83,17,0.17,0.873965163230896
60,80,20,0.2,0.9348680973052979
52,76,24,0.24,0.9081991690397263
68,84,16,0.16,0.9116025215387344
62,81,19,0.19,0.9062560176849366
70,85,15,0.15,0.8930777955055237
60,80,20,0.2,0.8996299153566361
60,80,20,0.2,0.8890542602539062
56,78,22,0.22,0.9175742906332016
54,77,23,0.23,0.9257104724645615
68,84,16,0.16,0.8944651478528977
74,87,13,0.13,0.8841219156980514
44,72,28,0.28,0.949386168718338
58,79,21,0.21,0.9152734464406967
60,80,20,0.2,0.9101409196853638
78,89,11,0.11,0.8586172783374786
60,80,20,0.2,0.9256626600027085
44,72,28,0.28,0.9930015707015991
58,79,21,0.21,0.8864411336183547
60,80,20,0.2,0.9729352331161499
48,74,26,0.26,1.0330695390701294
58,79,21,0.21,0.855069859623909
58,79,21,0.21,0.9032226365804672
50,75,25,0.25,0.9630688112974167
54,77,23,0.23,0.9105715048313141
58,79,21,0.21,0.9764087009429931
58,79,21,0.21,0.9169942462444305
60,80,20,0.2,0.9162126421928406
54,77,23,0.23,0.9869821441173553
54,77,23,0.23,0.9529761815071106
62,81,19,0.19,0.9544801467657089
68,84,16,0.16,0.9045578461885452
58,79,21,0.21,0.9101250982284546
56,78,22,0.22,0.8991717904806137
56,78,22,0.22,0.9665360468626022
34,67,33,0.33,0.9186167794466019
52,76,24,0.24,0.9489510643482209
60,80,20,0.2,0.9228020691871643
52,76,24,0.24,0.9012353581190109
30,65,35,0.35,0.985506666302681
54,77,23,0.23,0.85983314037323
44,72,28,0.28,0.9156465756893158
44,72,28,0.28,1.0038571560382843
54,77,23,0.23,0.9417155838012695
56,78,22,0.22,0.9050568181276322
76,88,12,0.12,0.8772025209665298
66,83,17,0.17,0.9632172739505768
60,80,20,0.2,0.8731532108783722
38,69,31,0.31,0.9356964188814163
78,89,11,0.11,0.9044192707538605
66,83,17,0.17,0.9452396291494369
62,81,19,0.19,0.9133827543258667
70,85,15,0.15,0.9256366723775864
50,75,25,0.25,0.9116355860233307
82,91,9,0.09,0.8928225994110107
62,81,19,0.19,0.9268173503875733
46,73,27,0.27,0.9455074465274811
64,82,18,0.18,0.9248110783100129
64,82,18,0.18,0.9211778217554092
50,75,25,0.25,0.918907778263092
70,85,15,0.15,0.8758677232265473
68,84,16,0.16,0.8444002735614776
68,84,16,0.16,0.9246182382106781
66,83,17,0.17,0.8461927163600922
70,85,15,0.15,0.8681143915653229
66,83,17,0.17,0.9107183820009231
56,78,22,0.22,0.8640877318382263
58,79,21,0.21,0.8732561200857163
62,81,19,0.19,0.9212050259113311
64,82,18,0.18,0.9224315291643143
46,73,27,0.27,0.87689179956913
58,79,21,0.21,0.9024053055047989
68,84,16,0.16,0.8411621022224426
62,81,19,0.19,0.8574168491363525
70,85,15,0.15,0.8353021374344826
58,79,21,0.21,0.8429516300559043
62,81,19,0.19,0.8379406541585922
52,76,24,0.24,0.8913615560531616
66,83,17,0.17,0.8373424088954926
50,75,25,0.25,0.8663428962230683
72,86,14,0.14,0.8178005236387252
34,67,33,0.33,0.9187132251262665
72,86,14,0.14,0.7494715577363968
52,76,24,0.24,0.8575960832834244
74,87,13,0.13,0.8094680792093277
78,89,11,0.11,0.8196310949325561
64,82,18,0.18,0.8953270244598389
54,77,23,0.23,0.8708748686313629
64,82,18,0.18,0.7912862086296082
62,81,19,0.19,0.8218847042322159
54,77,23,0.23,0.8908719485998153
58,79,21,0.21,0.8551252156496048
62,81,19,0.19,0.8596897032856942
62,81,19,0.19,0.8270883378386498
62,81,19,0.19,0.855234169960022
64,82,18,0.18,0.8527987658977508
64,82,18,0.18,0.8068046116828919
62,81,19,0.19,0.8361160868406295
68,84,16,0.16,0.8190155643224716
78,89,11,0.11,0.7824767816066742
48,74,26,0.26,0.9119025272130966
38,69,31,0.31,0.8906527218222619
76,88,12,0.12,0.8015911239385605
74,87,13,0.13,0.7928543916344643
60,80,20,0.2,0.8118203997611999
68,84,16,0.16,0.8134158879518509
68,84,16,0.16,0.8003983628749848
58,79,21,0.21,0.8818890744447708
74,87,13,0.13,0.8420698976516724
60,80,20,0.2,0.8712065368890762
48,74,26,0.26,0.8315667366981506
48,74,26,0.26,0.8887691056728363
56,78,22,0.22,0.7896692281961442
66,83,17,0.17,0.8427820140123368
66,83,17,0.17,0.7622423380613327
40,70,30,0.3,0.8951314854621887
58,79,21,0.21,0.788046025633812
30,65,35,0.35,0.8944369304180145
52,76,24,0.24,0.797426519393921
52,76,24,0.24,0.8551613506674767
50,75,25,0.25,0.82414973706007
54,77,23,0.23,0.8727507022023201
78,89,11,0.11,0.7343093383312226
62,81,19,0.19,0.8547995102405548
60,80,20,0.2,0.8583021056652069
46,73,27,0.27,0.9161367183923721
62,81,19,0.19,0.870822947025299
48,74,26,0.26,0.8805225658416748
60,80,20,0.2,0.8432810616493225
78,89,11,0.11,0.8645721340179443
30,65,35,0.35,0.9100229918956757
70,85,15,0.15,0.8167178392410278
82,91,9,0.09,0.8123822325468063
68,84,16,0.16,0.8516324761509896
60,80,20,0.2,0.8913909786939621
52,76,24,0.24,0.838715363740921
54,77,23,0.23,0.8929145729541779
64,82,18,0.18,0.8765890884399414
58,79,21,0.21,0.8942463290691376
66,83,17,0.17,0.7774043673276901
76,88,12,0.12,0.813481764793396
50,75,25,0.25,0.8808024901151658
54,77,23,0.23,0.8612066245079041
54,77,23,0.23,0.8649197036027908
76,88,12,0.12,0.7726763147115707
46,73,27,0.27,0.8667198777198791
58,79,21,0.21,0.8834870582818986
52,76,24,0.24,0.8585254007577896
78,89,11,0.11,0.8483464682102203
68,84,16,0.16,0.8805822664499283
54,77,23,0.23,0.8970743554830551
58,79,21,0.21,0.8872350543737412
56,78,22,0.22,0.9016981893777847
60,80,20,0.2,0.8747975546121597
72,86,14,0.14,0.9023469048738479
52,76,24,0.24,0.8926486790180206
42,71,29,0.29,0.9737105172872543
62,81,19,0.19,0.8933062613010406
62,81,19,0.19,0.846327548623085
50,75,25,0.25,0.8876775419712066
56,78,22,0.22,0.9130953288078308
52,76,24,0.24,0.902790659070015
70,85,15,0.15,0.8377666372060776
40,70,30,0.3,0.9085076087713242
70,85,15,0.15,0.8407045936584473
46,73,27,0.27,0.9508594137430191
54,77,23,0.23,0.9102416837215423
58,79,21,0.21,0.8545675772428513
58,79,21,0.21,0.9286151295900344
58,79,21,0.21,0.9142477422952652
78,89,11,0.11,0.8665002542734146
70,85,15,0.15,0.8421540713310242
58,79,21,0.21,0.9221426212787628
50,75,25,0.25,0.914396887421608
72,86,14,0.14,0.8778184270858764
70,85,15,0.15,0.8413706636428833
38,69,31,0.31,0.9538432723283767
48,74,26,0.26,0.9156093645095825
62,81,19,0.19,0.8876407694816589
50,75,25,0.25,0.920386153459549
46,73,27,0.27,0.9556976139545441
68,84,16,0.16,0.8731640857458115
64,82,18,0.18,0.884051861166954
52,76,24,0.24,0.8870695728063583
28,64,36,0.36,0.9342227655649186
48,74,26,0.26,0.9174714857339858
62,81,19,0.19,0.8936446356773377
64,82,18,0.18,0.8695184409618377
64,82,18,0.18,0.9016538399457932
56,78,22,0.22,0.8736096626520157
60,80,20,0.2,0.8515009140968323
44,72,28,0.28,0.8975985181331635
54,77,23,0.23,0.9316018623113632
74,87,13,0.13,0.8671442115306854
34,67,33,0.33,0.9288925594091415
58,79,21,0.21,0.8944250404834747
50,75,25,0.25,0.957940017580986
50,75,25,0.25,0.910920951962471
62,81,19,0.19,0.9332181441783906
46,73,27,0.27,0.8800088554620743
54,77,23,0.23,0.9190319943428039
52,76,24,0.24,0.9450458467006684
54,77,23,0.23,0.910519734621048
42,71,29,0.29,0.9321277177333832
48,74,26,0.26,0.8919425290822983
60,80,20,0.2,0.878926094174385
52,76,24,0.24,0.8928352820873261
36,68,32,0.32,0.9471729445457459
40,70,30,0.3,0.8993665242195129
42,71,29,0.29,0.9154784417152405
58,79,21,0.21,0.8880267858505249
52,76,24,0.24,0.9267933660745621
58,79,21,0.21,0.8969755762815476
60,80,20,0.2,0.9036253851652145
52,76,24,0.24,0.9013755655288697
58,79,21,0.21,0.9083624643087387
52,76,24,0.24,0.9281547933816909
72,86,14,0.14,0.9088862061500549
44,72,28,0.28,0.9515713930130005
60,80,20,0.2,0.884434100985527
54,77,23,0.23,0.9014402210712433
56,78,22,0.22,0.9218090665340424
50,75,25,0.25,0.9391452717781067
48,74,26,0.26,0.8945545566082
62,81,19,0.19,0.9051459032297134
58,79,21,0.21,0.9070492124557495
32,66,34,0.34,0.972754870057106
64,82,18,0.18,0.9273193001747131
72,86,14,0.14,0.9476560056209564
64,82,18,0.18,0.8502080225944519
54,77,23,0.23,0.9261045348644257
62,81,19,0.19,0.906176820397377
58,79,21,0.21,0.9326985943317413
52,76,24,0.24,0.9014499479532242
58,79,21,0.21,0.8873521411418914
44,72,28,0.28,0.8940712130069732
48,74,26,0.26,0.9269139075279236
60,80,20,0.2,0.9312316840887069
62,81,19,0.19,0.8745499438047409
72,86,14,0.14,0.8886989539861679
58,79,21,0.21,0.8840411883592606
36,68,32,0.32,0.9226104027032852
52,76,24,0.24,0.8679530090093612
60,80,20,0.2,0.929597235918045
56,78,22,0.22,0.8952268189191819
50,75,25,0.25,0.9097793841362
52,76,24,0.24,0.9592480665445328
46,73,27,0.27,0.8754704827070237
56,78,22,0.22,0.8934158486127853
40,70,30,0.3,0.9003378200531006
50,75,25,0.25,0.9003993755578995
66,83,17,0.17,0.8699588817358017
56,78,22,0.22,0.8822909736633301
46,73,27,0.27,0.920800050497055
48,74,26,0.26,0.9257859885692596
64,82,18,0.18,0.8790091043710708
74,87,13,0.13,0.9042116272449493
78,89,11,0.11,0.8137214225530625
60,80,20,0.2,0.8588473552465439
36,68,32,0.32,0.9589183497428894
48,74,26,0.26,0.9502151936292649
56,78,22,0.22,0.8855740720033646
46,73,27,0.27,0.9245412528514863
50,75,25,0.25,0.8589816755056381
48,74,26,0.26,0.9363022166490554
42,71,29,0.29,0.9350196993350983
46,73,27,0.27,0.9030933552980422
42,71,29,0.29,0.9994395244121551
68,84,16,0.16,0.8397423374652863
24,62,38,0.38,0.9503477954864502
40,70,30,0.3,0.9531680423021317
38,69,31,0.31,0.9312981200218201
56,78,22,0.22,0.9273727589845657
28,64,36,0.36,0.9297820526361465
44,72,28,0.28,0.9379907441139221
58,79,21,0.21,0.9163184547424317
46,73,27,0.27,0.905834584236145
50,75,25,0.25,0.9119717019796372
40,70,30,0.3,0.9403723031282425
50,75,25,0.25,0.9230594670772553
52,76,24,0.24,0.904908481836319
60,80,20,0.2,0.8826107782125473
48,74,26,0.26,0.9090049237012863
56,78,22,0.22,0.9245688861608505
40,70,30,0.3,0.9001752537488937
60,80,20,0.2,0.8352498656511307
42,71,29,0.29,0.9104815781116485
54,77,23,0.23,0.8352989166975021
38,69,31,0.31,0.9329033359885216
50,75,25,0.25,0.8631497091054916
54,77,23,0.23,0.8485128772258759
48,74,26,0.26,0.9400026059150696
58,79,21,0.21,0.8580118286609649
48,74,26,0.26,0.91110267162323
62,81,19,0.19,0.9112395089864731
68,84,16,0.16,0.8754879000782967
74,87,13,0.13,0.8744014120101928
54,77,23,0.23,0.8436778771877289
58,79,21,0.21,0.8208111214637757
50,75,25,0.25,0.8359856325387954
60,80,20,0.2,0.7841538289189338
56,78,22,0.22,0.937691587805748
28,64,36,0.36,0.8840262469649315
44,72,28,0.28,0.8789870426058769
66,83,17,0.17,0.7901017621159554
40,70,30,0.3,0.8795961910486221
38,69,31,0.31,0.8431623789668083
36,68,32,0.32,0.8666406816244125
52,76,24,0.24,0.7955292239785194
40,70,30,0.3,0.8817457050085068
56,78,22,0.22,0.8512770721316337
44,72,28,0.28,0.8189191499352455
68,84,16,0.16,0.7872837898135185
42,71,29,0.29,0.8606034433841705
54,77,23,0.23,0.8037918198108673
44,72,28,0.28,0.7810512319207191
34,67,33,0.33,0.7929249915480614
64,82,18,0.18,0.7952920266985893
50,75,25,0.25,0.7984910741448402
46,73,27,0.27,0.8533540952205658
58,79,21,0.21,0.7165147891640663
50,75,25,0.25,0.8068076068162918
44,72,28,0.28,0.8655195301771164
48,74,26,0.26,0.843867301940918
52,76,24,0.24,0.7347728556394577
34,67,33,0.33,0.8252760007977485
48,74,26,0.26,0.8405658057332039
52,76,24,0.24,0.8649138513207436
40,70,30,0.3,0.8297070559859275
30,65,35,0.35,0.835677156150341
50,75,25,0.25,0.8429189810156822
52,76,24,0.24,0.8397516682744026
50,75,25,0.25,0.8613272112607956
56,78,22,0.22,0.8112300157546997
50,75,25,0.25,0.8420623490214347
52,76,24,0.24,0.8264284151792526
52,76,24,0.24,0.8335188472270966
42,71,29,0.29,0.824519627392292
46,73,27,0.27,0.8186115688085556
32,66,34,0.34,0.8239922662079334
40,70,30,0.3,0.8205161932110786
48,74,26,0.26,0.8169631710648537
62,81,19,0.19,0.7436576956510543
44,72,28,0.28,0.8717099335789681
50,75,25,0.25,0.7753829601407051
46,73,27,0.27,0.7793959337472915
52,76,24,0.24,0.8480723163485527
42,71,29,0.29,0.8844168329238892
44,72,28,0.28,0.7959335413575173
38,69,31,0.31,0.8326444551348686
40,70,30,0.3,0.8636865070462227
64,82,18,0.18,0.7746557131409645
36,68,32,0.32,0.8127615857124328
36,68,32,0.32,0.8564933490753174
34,67,33,0.33,0.8204072588682174
34,67,33,0.33,0.8183702871203422
52,76,24,0.24,0.7208073379099369
64,82,18,0.18,0.8215721815824508
54,77,23,0.23,0.800513607263565
36,68,32,0.32,0.812051617205143
38,69,31,0.31,0.843020249903202
60,80,20,0.2,0.7361205622553826
48,74,26,0.26,0.8350091955065727
44,72,28,0.28,0.8431294652819633
48,74,26,0.26,0.8008198344707489
48,74,26,0.26,0.8264287331700325
46,73,27,0.27,0.8334501051902771
38,69,31,0.31,0.849807012528181
48,74,26,0.26,0.7881925830245018
30,65,35,0.35,0.8016486984491348
48,74,26,0.26,0.7683693471550942
18,59,41,0.41,0.8127335062623025
36,68,32,0.32,0.7941706138849258
44,72,28,0.28,0.8372753737866878
34,67,33,0.33,0.7108238750696182
50,75,25,0.25,0.7841964370012283
36,68,32,0.32,0.8005287301540375
60,80,20,0.2,0.7993123137950897
50,75,25,0.25,0.7903817850351333
52,76,24,0.24,0.8161444374918938
42,71,29,0.29,0.7710867217183113
44,72,28,0.28,0.8461678746342659
38,69,31,0.31,0.8135522200167179
58,79,21,0.21,0.7355790129303932
40,70,30,0.3,0.7738600641489028
46,73,27,0.27,0.8246741119027138
52,76,24,0.24,0.7662516808509827
38,69,31,0.31,0.8249004265666008
30,65,35,0.35,0.806562265753746
42,71,29,0.29,0.7554126477241516
40,70,30,0.3,0.9068901202082634
36,68,32,0.32,0.7724683529138565
54,77,23,0.23,0.7544990500807762
40,70,30,0.3,0.7501626178622246
40,70,30,0.3,0.8478477562963963
26,63,37,0.37,0.8260349774360657
70,85,15,0.15,0.6941049072146416
30,65,35,0.35,0.8288401287794113
34,67,33,0.33,0.8416476845741272
30,65,35,0.35,0.7855034399032593
24,62,38,0.38,0.8557652363181114
40,70,30,0.3,0.846014577448368
28,64,36,0.36,0.825805621445179
48,74,26,0.26,0.7967350828647614
22,61,39,0.39,0.8348478117585182
44,72,28,0.28,0.8440856099128723
50,75,25,0.25,0.8825160175561905
48,74,26,0.26,0.8863885095715522
66,83,17,0.17,0.7370504567027092
48,74,26,0.26,0.9280392810702324
34,67,33,0.33,0.8145417368412018
66,83,17,0.17,0.8070011922717094
30,65,35,0.35,0.9034603101015091
56,78,22,0.22,0.7786143159866333
52,76,24,0.24,0.8842249450087547
58,79,21,0.21,0.8560269805788994
40,70,30,0.3,0.892480126619339
46,73,27,0.27,0.8633819775283337
28,64,36,0.36,0.8709624713659286
58,79,21,0.21,0.8359376484155655
40,70,30,0.3,0.8506082648038864
60,80,20,0.2,0.8521788144111633
36,68,32,0.32,0.8928178444504737
46,73,27,0.27,0.85319500207901
32,66,34,0.34,0.8792928671836853
50,75,25,0.25,0.8540296161174774
52,76,24,0.24,0.8768449717760086
62,81,19,0.19,0.8478809270262718
54,77,23,0.23,0.8724439778923988
48,74,26,0.26,0.8442231324315072
50,75,25,0.25,0.8613401651382446
48,74,26,0.26,0.832889802455902
60,80,20,0.2,0.8935839316248894
60,80,20,0.2,0.8132850888371468
66,83,17,0.17,0.8384188017249108
50,75,25,0.25,0.8597371727228165
46,73,27,0.27,0.9197905400395393
42,71,29,0.29,0.8971659746766091
40,70,30,0.3,0.910054934322834
42,71,29,0.29,0.933786992430687
56,78,22,0.22,0.8717925024032592
58,79,21,0.21,0.8755533760786056
56,78,22,0.22,0.9131176501512528
42,71,29,0.29,0.9596828711032868
38,69,31,0.31,0.932563923895359
38,69,31,0.31,0.9131221687793731
38,69,31,0.31,0.9642699694633484
20,60,40,0.4,1.0297352200746537
34,67,33,0.33,0.9506728577613831
48,74,26,0.26,0.9137671053409576
60,80,20,0.2,0.9079769456386566
50,75,25,0.25,0.9973635566234589
52,76,24,0.24,0.9365834325551987
66,83,17,0.17,0.9436513352394104
44,72,28,0.28,0.9630339527130127
46,73,27,0.27,0.8883688396215439
52,76,24,0.24,0.9202761417627334
58,79,21,0.21,0.9483260041475297
46,73,27,0.27,0.9855119061470031
58,79,21,0.21,0.92432626247406
60,80,20,0.2,0.9381133276224136
46,73,27,0.27,0.9257889062166214
36,68,32,0.32,0.9856750756502152
32,66,34,0.34,0.9504039227962494
54,77,23,0.23,0.9566405487060546
42,71,29,0.29,0.9388376808166504
56,78,22,0.22,0.9712636864185333
42,71,29,0.29,0.9856488001346588
50,75,25,0.25,0.9588208717107772
58,79,21,0.21,0.9384171622991562
62,81,19,0.19,0.9645685684680939
50,75,25,0.25,0.9443279564380646
26,63,37,0.37,0.9690812939405441
50,75,25,0.25,0.9722217744588852
36,68,32,0.32,0.9619799172878265
58,79,21,0.21,0.9526482808589936
28,64,36,0.36,0.9668940073251724
46,73,27,0.27,0.9042757999897003
48,74,26,0.26,0.955262885093689
44,72,28,0.28,1.0041375488042832
56,78,22,0.22,0.931794120669365
56,78,22,0.22,0.9189290297031403
22,61,39,0.39,1.0305709689855576
44,72,28,0.28,0.9630266433954239
50,75,25,0.25,0.960865063071251
50,75,25,0.25,0.8976886785030365
48,74,26,0.26,0.9271981471776962
72,86,14,0.14,0.9142622476816178
44,72,28,0.28,0.9351630419492721
56,78,22,0.22,0.954289927482605
52,76,24,0.24,0.9828571981191635
56,78,22,0.22,0.9720019298791885
58,79,21,0.21,0.8857436800003051
46,73,27,0.27,0.9652198374271392
52,76,24,0.24,0.9718784952163696
62,81,19,0.19,0.8976076722145081
40,70,30,0.3,0.9646804064512253
58,79,21,0.21,0.9337288153171539
44,72,28,0.28,0.9642965871095658
60,80,20,0.2,0.886885484457016
54,77,23,0.23,0.942828386425972
44,72,28,0.28,0.9436428898572922
50,75,25,0.25,0.9459271436929703
42,71,29,0.29,0.9566635543107986
44,72,28,0.28,0.9089899790287018
62,81,19,0.19,0.9232601296901702
50,75,25,0.25,0.927952870130539
62,81,19,0.19,0.8995544493198395
64,82,18,0.18,0.8698455220460892
48,74,26,0.26,0.9714872348308563
66,83,17,0.17,0.895380933880806
66,83,17,0.17,0.9184685891866684
54,77,23,0.23,0.9477386850118638
38,69,31,0.31,0.9648315489292145
58,79,21,0.21,0.9319344425201416
60,80,20,0.2,0.9252571076154709
48,74,26,0.26,0.9438107925653457
64,82,18,0.18,0.904974747300148
56,78,22,0.22,0.9116504240036011
66,83,17,0.17,0.9494380152225494
72,86,14,0.14,0.8999767953157425
48,74,26,0.26,0.9212541097402572
44,72,28,0.28,0.9197256100177765
44,72,28,0.28,0.9376384884119033
56,78,22,0.22,0.9367685025930405
40,70,30,0.3,0.9405172735452652
40,70,30,0.3,0.9849295765161514
48,74,26,0.26,0.9345167297124862
64,82,18,0.18,0.9067041552066804
62,81,19,0.19,0.9135795116424561
52,76,24,0.24,0.8969998389482499
54,77,23,0.23,0.9262050408124923
36,68,32,0.32,0.9035481101274491
60,80,20,0.2,0.9371511375904084
54,77,23,0.23,0.8535262727737427
60,80,20,0.2,0.935655084848404
46,73,27,0.27,0.940204206109047
62,81,19,0.19,0.8635844600200653
82,91,9,0.09,0.8666086930036545
54,77,23,0.23,0.9068730348348617
76,88,12,0.12,0.8113979202508926
48,74,26,0.26,0.9010903561115264
50,75,25,0.25,0.8874225848913193
62,81,19,0.19,0.9100557076931
70,85,15,0.15,0.7677965134382247
70,85,15,0.15,0.8087118202447892
60,80,20,0.2,0.8509993058443069
56,78,22,0.22,0.9006296336650849
54,77,23,0.23,0.8514029055833816
80,90,10,0.1,0.748677062690258
52,76,24,0.24,0.8820586282014847
70,85,15,0.15,0.8597826850414276
56,78,22,0.22,0.8186326435208321
62,81,19,0.19,0.8427225717902184
52,76,24,0.24,0.868968531191349
74,87,13,0.13,0.780734735429287
62,81,19,0.19,0.8399786785244941
46,73,27,0.27,0.8451259145140648
76,88,12,0.12,0.7503654935956001
46,73,27,0.27,0.8405904427170754
70,85,15,0.15,0.73578597843647
72,86,14,0.14,0.735724750161171
58,79,21,0.21,0.8156664335727691
66,83,17,0.17,0.7739566022157669
56,78,22,0.22,0.7891541555523872
68,84,16,0.16,0.7710684353113174
74,87,13,0.13,0.7881429156661034
80,90,10,0.1,0.6928270208835602
50,75,25,0.25,0.783348086476326
70,85,15,0.15,0.7567350766062737
64,82,18,0.18,0.8032735505700112
58,79,21,0.21,0.7580273309350014
78,89,11,0.11,0.729707593023777
52,76,24,0.24,0.7990765130519867
56,78,22,0.22,0.7619179892539978
60,80,20,0.2,0.7396845802664757
62,81,19,0.19,0.7289576742053032
60,80,20,0.2,0.7217031514644623
50,75,25,0.25,0.7840923729538918
44,72,28,0.28,0.7195589539408683
70,85,15,0.15,0.7455568981170654
68,84,16,0.16,0.7265599824488163
60,80,20,0.2,0.7276237699389457
54,77,23,0.23,0.7575938615202904
64,82,18,0.18,0.6613638374209404
62,81,19,0.19,0.7000098106265068
60,80,20,0.2,0.7462077406048775
76,88,12,0.12,0.675733854174614
56,78,22,0.22,0.7424595957994461
56,78,22,0.22,0.7432591444253922
58,79,21,0.21,0.762122817337513
72,86,14,0.14,0.6532253456115723
68,84,16,0.16,0.7216095992922783
72,86,14,0.14,0.7212549412250518
60,80,20,0.2,0.7058615764975548
74,87,13,0.13,0.6786507007479667
66,83,17,0.17,0.7012440794706345
70,85,15,0.15,0.7106869167089462
62,81,19,0.19,0.6655029878020287
62,81,19,0.19,0.7015917012095452
74,87,13,0.13,0.5523913004994392
64,82,18,0.18,0.6346231958270073
74,87,13,0.13,0.5872775575518608
62,81,19,0.19,0.6930431968718768
58,79,21,0.21,0.5653485378623009
62,81,19,0.19,0.6699990597367287
66,83,17,0.17,0.6217762675881385
66,83,17,0.17,0.5726011216640472
62,81,19,0.19,0.6523915590345859
80,90,10,0.1,0.5802831568568945
62,81,19,0.19,0.5575533799082041
76,88,12,0.12,0.5795937401056289
62,81,19,0.19,0.6913587009906769
64,82,18,0.18,0.6117887434363365
74,87,13,0.13,0.6090796490013599
54,77,23,0.23,0.5774010471999645
64,82,18,0.18,0.66671964854002
74,87,13,0.13,0.5274616564810276
68,84,16,0.16,0.5390572651475668
66,83,17,0.17,0.6306822672486305
56,78,22,0.22,0.6577651007473468
68,84,16,0.16,0.6167293651401997
64,82,18,0.18,0.5833455224335193
74,87,13,0.13,0.5601605156064033
64,82,18,0.18,0.6161943596601486
64,82,18,0.18,0.5678229187428951
62,81,19,0.19,0.5756658302992582
72,86,14,0.14,0.5708304519206285
72,86,14,0.14,0.6404329136759043
58,79,21,0.21,0.6357016418874264
64,82,18,0.18,0.5667260823398829
86,93,7,0.07,0.5297529660910368
68,84,16,0.16,0.590412217900157
68,84,16,0.16,0.5997681944072246
70,85,15,0.15,0.5218595562502741
76,88,12,0.12,0.5797756016999484
80,90,10,0.1,0.5134019780158997
74,87,13,0.13,0.49075852774083617
62,81,19,0.19,0.5481361289322376
68,84,16,0.16,0.5693750473856926
70,85,15,0.15,0.5613571123033761
72,86,14,0.14,0.5609467327594757
78,89,11,0.11,0.4942112440615892
80,90,10,0.1,0.44131640054285526
74,87,13,0.13,0.5238954081386328
70,85,15,0.15,0.5362257470190525
82,91,9,0.09,0.5450988619402051
78,89,11,0.11,0.4964421153068542
50,75,25,0.25,0.5951068583130836
60,80,20,0.2,0.6047628557682038
56,78,22,0.22,0.5988019244372844
80,90,10,0.1,0.45929209925234316
80,90,10,0.1,0.5341450861096382
76,88,12,0.12,0.494313897639513
52,76,24,0.24,0.6144408443570137
58,79,21,0.21,0.5631974665820598
70,85,15,0.15,0.45731844544410705
78,89,11,0.11,0.39986292317509653
78,89,11,0.11,0.5511917713284492
54,77,23,0.23,0.48056953251361845
80,90,10,0.1,0.49568292604759334
74,87,13,0.13,0.471166937276721
68,84,16,0.16,0.4880842521041632
66,83,17,0.17,0.46673872604966166
76,88,12,0.12,0.5099313942342997
74,87,13,0.13,0.49737271025776864
74,87,13,0.13,0.45655453838407994
60,80,20,0.2,0.44828613255172967
86,93,7,0.07,0.4400090093165636
48,74,26,0.26,0.5468540292605758
54,77,23,0.23,0.5387804193794727
68,84,16,0.16,0.49859494460746645
78,89,11,0.11,0.44621339071542027
72,86,14,0.14,0.46476172350347045
66,83,17,0.17,0.4974126824736595
76,88,12,0.12,0.40931927585974337
64,82,18,0.18,0.4220179687440395
58,79,21,0.21,0.5801674477010965
66,83,17,0.17,0.4723247523978353
56,78,22,0.22,0.5480607062950731
80,90,10,0.1,0.38378395833075046
48,74,26,0.26,0.5703698375076055
68,84,16,0.16,0.4951840961351991
82,91,9,0.09,0.36527447640895844
50,75,25,0.25,0.5493807980045676
64,82,18,0.18,0.37334707625210284
80,90,10,0.1,0.44677248131483793
72,86,14,0.14,0.5014138630777597
68,84,16,0.16,0.5373016588017344
60,80,20,0.2,0.5078178283013404
70,85,15,0.15,0.43108967613428834
74,87,13,0.13,0.4699709877371788
72,86,14,0.14,0.4407539090141654
72,86,14,0.14,0.39206908717751504
72,86,14,0.14,0.4425304429233074
74,87,13,0.13,0.45809664454311133
70,85,15,0.15,0.4706575265526772
66,83,17,0.17,0.47391126709990206
80,90,10,0.1,0.46044803608208895
62,81,19,0.19,0.45569984284229575
72,86,14,0.14,0.4154184425622225
72,86,14,0.14,0.4868780580535531
70,85,15,0.15,0.45923339642584327
74,87,13,0.13,0.5020845856517553
48,74,26,0.26,0.5546705110371113
56,78,22,0.22,0.43522605281323196
74,87,13,0.13,0.5388139032572508
58,79,21,0.21,0.5679521211609244
62,81,19,0.19,0.5649270429648459
58,79,21,0.21,0.5056602432578802
58,79,21,0.21,0.501720576658845
78,89,11,0.11,0.41482664328068497
68,84,16,0.16,0.4857480802386999
60,80,20,0.2,0.5635079826414585
64,82,18,0.18,0.49200808502733706
70,85,15,0.15,0.4465249828249216
66,83,17,0.17,0.4848224681615829
70,85,15,0.15,0.47984677270054815
76,88,12,0.12,0.46251544300466774
64,82,18,0.18,0.4157188222184777
64,82,18,0.18,0.4250670314207673
54,77,23,0.23,0.49345113717019556
68,84,16,0.16,0.5007526448369026
82,91,9,0.09,0.32020484637469054
70,85,15,0.15,0.4224764346703887
80,90,10,0.1,0.3272686341032386
72,86,14,0.14,0.3674759454187006
82,91,9,0.09,0.40691416604444386
72,86,14,0.14,0.41924659471958875
72,86,14,0.14,0.425973219498992
70,85,15,0.15,0.43262924775481226
62,81,19,0.19,0.4298168526683003
76,88,12,0.12,0.37019622974097727
76,88,12,0.12,0.3760792208835483
82,91,9,0.09,0.41228175748139617
62,81,19,0.19,0.4746221994608641
78,89,11,0.11,0.4413840389624238
78,89,11,0.11,0.4405601903796196
64,82,18,0.18,0.48056436479091647
52,76,24,0.24,0.45307815812528135
78,89,11,0.11,0.3772887192666531
84,92,8,0.08,0.3765105018392205
80,90,10,0.1,0.42431821539998055
76,88,12,0.12,0.4891755272820592
66,83,17,0.17,0.39585299234837296
64,82,18,0.18,0.35128813922405244
62,81,19,0.19,0.4488761745765805
74,87,13,0.13,0.40557070922106503
72,86,14,0.14,0.4132092800922692
46,73,27,0.27,0.5182237935252487
74,87,13,0.13,0.3111290291324258
84,92,8,0.08,0.46331955537199976
72,86,14,0.14,0.45701466156169773
66,83,17,0.17,0.4029939329624176
88,94,6,0.06,0.33627298422157764
82,91,9,0.09,0.3443984845280647
72,86,14,0.14,0.45482683680951597
74,87,13,0.13,0.3357754451967776
64,82,18,0.18,0.44834259249269964
70,85,15,0.15,0.43305347885936496
80,90,10,0.1,0.321015439722687
78,89,11,0.11,0.3491628767363727
72,86,14,0.14,0.4010159998945892
66,83,17,0.17,0.38779891246929765
82,91,9,0.09,0.23979435474611818
74,87,13,0.13,0.4656393101811409
60,80,20,0.2,0.3804938763380051
66,83,17,0.17,0.4747165631130338
74,87,13,0.13,0.3361516429670155
60,80,20,0.2,0.4228297255700454
56,78,22,0.22,0.4770735915005207
64,82,18,0.18,0.4071988645195961
74,87,13,0.13,0.399646016433835
74,87,13,0.13,0.3736745970137417
50,75,25,0.25,0.40822443874552844
84,92,8,0.08,0.3508562031202018
80,90,10,0.1,0.2744189365394413
76,88,12,0.12,0.4081859265640378
64,82,18,0.18,0.37137053584679963
82,91,9,0.09,0.3101051771035418
62,81,19,0.19,0.3400371211674064
62,81,19,0.19,0.35000330719165507
60,80,20,0.2,0.38871991327032446
64,82,18,0.18,0.38728570664301515
80,90,10,0.1,0.293906318647787
70,85,15,0.15,0.30656963753513994
68,84,16,0.16,0.39209931313060226
74,87,13,0.13,0.32641757901757956
78,89,11,0.11,0.33724962634965777
74,87,13,0.13,0.3547563207661733
54,77,23,0.23,0.39154337394051253
72,86,14,0.14,0.2693380234017968
78,89,11,0.11,0.290910260877572
74,87,13,0.13,0.319866892285645
80,90,10,0.1,0.30952923864126203
80,90,10,0.1,0.28471706710755823
82,91,9,0.09,0.28401218401268125
76,88,12,0.12,0.3143596259504557
80,90,10,0.1,0.2877355842292309
70,85,15,0.15,0.34794607910327613
84,92,8,0.08,0.30259887056425216
70,85,15,0.15,0.33779176900163294
50,75,25,0.25,0.32608742567172155
76,88,12,0.12,0.40085314644500614
62,81,19,0.19,0.3783125294372439
56,78,22,0.22,0.3707141441479325
70,85,15,0.15,0.32305619718506934
54,77,23,0.23,0.40470865041017534
86,93,7,0.07,0.2902734027057886
66,83,17,0.17,0.22981361981481313
72,86,14,0.14,0.2830273592285812
66,83,17,0.17,0.47786366000771524
70,85,15,0.15,0.30129634994547816
78,89,11,0.11,0.31127209866419436
76,88,12,0.12,0.25658873200416565
74,87,13,0.13,0.31374122949317096
82,91,9,0.09,0.29644854590296743
64,82,18,0.18,0.32449721683282406
74,87,13,0.13,0.322210815064609
78,89,11,0.11,0.29282159874215724
80,90,10,0.1,0.25842546180821957
80,90,10,0.1,0.33345407276414335
62,81,19,0.19,0.31210979449562726
72,86,14,0.14,0.23854634344577788
90,95,5,0.05,0.2945837104972452
84,92,8,0.08,0.20589137750677763
56,78,22,0.22,0.30998659858480093
60,80,20,0.2,0.3157877655606717
74,87,13,0.13,0.2733921808004379
60,80,20,0.2,0.3424094672407955
62,81,19,0.19,0.2723654003068805
66,83,17,0.17,0.2731474052695557
68,84,16,0.16,0.32549108400940896
66,83,17,0.17,0.2741039247624576
66,83,17,0.17,0.2845397472102195
86,93,7,0.07,0.26040954688098283
78,89,11,0.11,0.27707150047644974
64,82,18,0.18,0.24374999462626876
72,86,14,0.14,0.36236140970140696
80,90,10,0.1,0.2825055940030143
78,89,11,0.11,0.28813959542661904
68,84,16,0.16,0.3581509538087994
76,88,12,0.12,0.29365226382389664
52,76,24,0.24,0.2799948375672102
72,86,14,0.14,0.3240406342037022
62,81,19,0.19,0.40091947962529956
80,90,10,0.1,0.27273985881358387
76,88,12,0.12,0.32206325421109794
76,88,12,0.12,0.27348836278542876
76,88,12,0.12,0.3054398253560066
78,89,11,0.11,0.3302889480162412
78,89,11,0.11,0.35139420394785703
76,88,12,0.12,0.27672924403101207
68,84,16,0.16,0.3424448280362412
76,88,12,0.12,0.3126848524529487
66,83,17,0.17,0.36111542796716095
84,92,8,0.08,0.29708994483575224
82,91,9,0.09,0.3538077378831804
70,85,15,0.15,0.2779774277284741
76,88,12,0.12,0.3187562517425977
68,84,16,0.16,0.3313504460733384
70,85,15,0.15,0.36145269599743185
78,89,11,0.11,0.29754905390553177
80,90,10,0.1,0.2949307549162768
64,82,18,0.18,0.32959651574492455
76,88,12,0.12,0.3776815099455416
70,85,15,0.15,0.3019532973179594
84,92,8,0.08,0.2808264012262225
56,78,22,0.22,0.31663434133864937
64,82,18,0.18,0.3033259716071188
52,76,24,0.24,0.4150085189240053
68,84,16,0.16,0.3245281620509923
84,92,8,0.08,0.2179577985499054
74,87,13,0.13,0.34552450840361415
78,89,11,0.11,0.32295475002378227
50,75,25,0.25,0.36531132087111473
86,93,7,0.07,0.2675740540539846
88,94,6,0.06,0.26616778226569293
64,82,18,0.18,0.27235498183174056
80,90,10,0.1,0.24825443346984685
68,84,16,0.16,0.38156923834234474
62,81,19,0.19,0.3267066698381677
56,78,22,0.22,0.30215177888050676
80,90,10,0.1,0.24276312760077418
78,89,11,0.11,0.3039250213606283
48,74,26,0.26,0.4909582922980189
60,80,20,0.2,0.41930858527310194
64,82,18,0.18,0.2930458832252771
74,87,13,0.13,0.3083389515429735
66,83,17,0.17,0.40334948133677245
62,81,19,0.19,0.3093212506175041
76,88,12,0.12,0.3627116590505466
78,89,11,0.11,0.3326066365279257
62,81,19,0.19,0.3617248263163492
58,79,21,0.21,0.2507733364310116
80,90,10,0.1,0.3260732139926404
72,86,14,0.14,0.29744759693741796
44,72,28,0.28,0.31750665600411593
58,79,21,0.21,0.33677030582912265
72,86,14,0.14,0.2601438934262842
60,80,20,0.2,0.3406122279772535
64,82,18,0.18,0.2871523101441562
74,87,13,0.13,0.2783809179440141
68,84,16,0.16,0.2620035494863987
54,77,23,0.23,0.3886196663742885
78,89,11,0.11,0.2857094197627157
60,80,20,0.2,0.30916834593750536
84,92,8,0.08,0.272639769744128
62,81,19,0.19,0.3755805322295055
66,83,17,0.17,0.3039438763586804
68,84,16,0.16,0.2817204795498401
82,91,9,0.09,0.2746273953374475
80,90,10,0.1,0.2437160841980949
68,84,16,0.16,0.3734861969575286
78,89,11,0.11,0.24771265137940646
82,91,9,0.09,0.3345577212050557
76,88,12,0.12,0.37139310903148726
66,83,17,0.17,0.3048192112520337
84,92,8,0.08,0.24855982882902025
56,78,22,0.22,0.34850621677935123
52,76,24,0.24,0.3860791814094409
88,94,6,0.06,0.26214709972962735
74,87,13,0.13,0.2627488538250327
82,91,9,0.09,0.30620239293202756
74,87,13,0.13,0.33917102016624995
62,81,19,0.19,0.335040090624243
74,87,13,0.13,0.3411963851796463
82,91,9,0.09,0.2670427506044507
66,83,17,0.17,0.36480713974684476
64,82,18,0.18,0.42283226365223525
78,89,11,0.11,0.2826786157395691
66,83,17,0.17,0.3774776354804635
56,78,22,0.22,0.41585347630083563
74,87,13,0.13,0.3169947199244052
76,88,12,0.12,0.30538177527487276
62,81,19,0.19,0.32355922654271124
76,88,12,0.12,0.3271011606790125
66,83,17,0.17,0.34050938521511853
82,91,9,0.09,0.2957424429617822
44,72,28,0.28,0.3620567595399916
62,81,19,0.19,0.40127308416180313
56,78,22,0.22,0.3935539746459108
66,83,17,0.17,0.32151042567566035
60,80,20,0.2,0.39372445283457636
70,85,15,0.15,0.349579368182458
78,89,11,0.11,0.2945092920772731
82,91,9,0.09,0.299372902456671
84,92,8,0.08,0.2934788248129189
68,84,16,0.16,0.3445810199342668
68,84,16,0.16,0.42306220449507237
62,81,19,0.19,0.31992872891016305
50,75,25,0.25,0.3732531184889376
80,90,10,0.1,0.2987633795849979
46,73,27,0.27,0.3879419342800975
80,90,10,0.1,0.4238138920813799
72,86,14,0.14,0.29492414376698434
72,86,14,0.14,0.26380531169008464
80,90,10,0.1,0.2556158660002984
56,78,22,0.22,0.33811045160517095
82,91,9,0.09,0.30654315047897396
76,88,12,0.12,0.31261039544828234
60,80,20,0.2,0.2878114863485098
78,89,11,0.11,0.25919430145062505
90,95,5,0.05,0.3049832888529636
62,81,19,0.19,0.29824064057320354
62,81,19,0.19,0.30208678053226323
70,85,15,0.15,0.3038828029227443
58,79,21,0.21,0.3054399701394141
64,82,18,0.18,0.2651811150601134
78,89,11,0.11,0.26130794479046016
70,85,15,0.15,0.30835092389024793
58,79,21,0.21,0.4118047997914255
56,78,22,0.22,0.36525542511139064
68,84,16,0.16,0.2925332679739222
72,86,14,0.14,0.34729447815567255
72,86,14,0.14,0.36213806495070455
78,89,11,0.11,0.2984838636033237
62,81,19,0.19,0.37788204215466975
70,85,15,0.15,0.28183749014511705
64,82,18,0.18,0.30515101904049513
70,85,15,0.15,0.3851357217878103
62,81,19,0.19,0.3939570141769946
72,86,14,0.14,0.3468552855588496
72,86,14,0.14,0.2334467975795269
84,92,8,0.08,0.29898661624640227
90,95,5,0.05,0.28499711835756897
62,81,19,0.19,0.41054522022604945
82,91,9,0.09,0.318590866997838
76,88,12,0.12,0.31823861541226506
68,84,16,0.16,0.33721760084852576
70,85,15,0.15,0.35210450551472605
82,91,9,0.09,0.24791389185003937
64,82,18,0.18,0.38974614573642613
82,91,9,0.09,0.2774000584706664
72,86,14,0.14,0.3089779484830797
68,84,16,0.16,0.25113889247179033
54,77,23,0.23,0.39828176602721216
84,92,8,0.08,0.27575539736077187
60,80,20,0.2,0.33308895817026496
56,78,22,0.22,0.35150515190325676
64,82,18,0.18,0.29082266725599765
72,86,14,0.14,0.2906858358811587
58,79,21,0.21,0.3394879326224327
78,89,11,0.11,0.31196182243525983
70,85,15,0.15,0.32405860314145685
72,86,14,0.14,0.40641854105517267
72,86,14,0.14,0.31807963583618404
82,91,9,0.09,0.3440585080720484
56,78,22,0.22,0.4146574041992426
92,96,4,0.04,0.3378886417276226
78,89,11,0.11,0.32088952846825125
78,89,11,0.11,0.29258568610996005
74,87,13,0.13,0.32193581426516177
62,81,19,0.19,0.3539729426056147
64,82,18,0.18,0.40352414280176163
78,89,11,0.11,0.327215528562665
66,83,17,0.17,0.31811954064294695
76,88,12,0.12,0.32522151490673423
62,81,19,0.19,0.31363581884652375
80,90,10,0.1,0.31505843199789524
68,84,16,0.16,0.40037663312628863
68,84,16,0.16,0.3285806116275489
62,81,19,0.19,0.3425076461955905
64,82,18,0.18,0.30627023602835834
76,88,12,0.12,0.30605431119911375
74,87,13,0.13,0.30399471750482915
74,87,13,0.13,0.38024459647014736
66,83,17,0.17,0.31285353485494855
70,85,15,0.15,0.3452219271613285
86,93,7,0.07,0.372657562373206
56,78,22,0.22,0.3568029606714845
68,84,16,0.16,0.2770614255219698
76,88,12,0.12,0.2598991406522691
76,88,12,0.12,0.29894386836327613
62,81,19,0.19,0.381309610158205
76,88,12,0.12,0.30518943993374703
68,84,16,0.16,0.3262291556224227
60,80,20,0.2,0.38125493125990034
80,90,10,0.1,0.2987186160683632
88,94,6,0.06,0.3010378594789654
76,88,12,0.12,0.31406342078000304
84,92,8,0.08,0.33878237510100007
74,87,13,0.13,0.29331064376048743
82,91,9,0.09,0.3738209029659629
66,83,17,0.17,0.3117893497552723
56,78,22,0.22,0.41790196373127403
68,84,16,0.16,0.2863337322603911
84,92,8,0.08,0.2392414704244584
74,87,13,0.13,0.30946746236644684
76,88,12,0.12,0.3248739298153669
54,77,23,0.23,0.3314908419176936
82,91,9,0.09,0.21988405956886709
74,87,13,0.13,0.28200621040072293
72,86,14,0.14,0.2830328759737313
80,90,10,0.1,0.2931375896465033
78,89,11,0.11,0.28721640083007516
78,89,11,0.11,0.25078653450123967
64,82,18,0.18,0.3670182924810797
80,90,10,0.1,0.25311947098001836
74,87,13,0.13,0.2696277635078877
84,92,8,0.08,0.3314448509737849
76,88,12,0.12,0.2877279486460611
78,89,11,0.11,0.3092245502769947
78,89,11,0.11,0.3040210290718824
62,81,19,0.19,0.31466514005325735
88,94,6,0.06,0.2456125773047097
86,93,7,0.07,0.21731827083975078
82,91,9,0.09,0.31998415910638867
72,86,14,0.14,0.24664842394180597
76,88,12,0.12,0.2704261578526348
82,91,9,0.09,0.26535842607263477
82,91,9,0.09,0.30773973103147
86,93,7,0.07,0.23685886930674316
70,85,15,0.15,0.32653585929889234
76,88,12,0.12,0.34680269192904234
62,81,19,0.19,0.2891854574903846
64,82,18,0.18,0.3305901782773435
76,88,12,0.12,0.3322347682900727
76,88,12,0.12,0.3062016365956515
54,77,23,0.23,0.42842495918273926
66,83,17,0.17,0.29520387697964906
60,80,20,0.2,0.31729998231399803
58,79,21,0.21,0.3672893241699785
88,94,6,0.06,0.2360685028322041
56,78,22,0.22,0.33972001225221904
58,79,21,0.21,0.3235529041104019
84,92,8,0.08,0.2621962149767205
88,94,6,0.06,0.2547381831333041
72,86,14,0.14,0.2818994958512485
74,87,13,0.13,0.23453154624439776
70,85,15,0.15,0.26522207643836737
78,89,11,0.11,0.20334927945863457
82,91,9,0.09,0.2560969734471291
76,88,12,0.12,0.2960384766384959
72,86,14,0.14,0.36355126078240574
76,88,12,0.12,0.32384341351687906
64,82,18,0.18,0.292725103572011
70,85,15,0.15,0.3219036710914224
68,84,16,0.16,0.32494640473276376
74,87,13,0.13,0.33771768268197777
72,86,14,0.14,0.345719465687871
78,89,11,0.11,0.3481839346699417
74,87,13,0.13,0.29474010987207294
62,81,19,0.19,0.3600134555133991
70,85,15,0.15,0.3228256778139621
72,86,14,0.14,0.35121790718287227
82,91,9,0.09,0.2770355572272092
68,84,16,0.16,0.34720544194802644
74,87,13,0.13,0.3275960438512266
76,88,12,0.12,0.3761702341772616
72,86,14,0.14,0.3247213815711439
58,79,21,0.21,0.29625454675871876
76,88,12,0.12,0.28686200112104415
70,85,15,0.15,0.21876423325389624
82,91,9,0.09,0.29683556463569405
70,85,15,0.15,0.36295688211917876
82,91,9,0.09,0.28566549616865816
68,84,16,0.16,0.2716565494053066
86,93,7,0.07,0.3041923828981817
72,86,14,0.14,0.2861814855970442
66,83,17,0.17,0.31964830568060276
74,87,13,0.13,0.32655493148602543
78,89,11,0.11,0.261207501962781
50,75,25,0.25,0.3907004657409561
74,87,13,0.13,0.3528682626946829
68,84,16,0.16,0.2719947526976466
78,89,11,0.11,0.3812942445278168
62,81,19,0.19,0.3910010612756014
64,82,18,0.18,0.323197911772877
78,89,11,0.11,0.3819854548946023
68,84,16,0.16,0.26755346884951
48,74,26,0.26,0.40254135593771934
64,82,18,0.18,0.3690152823738754
94,97,3,0.03,0.20174850654788315
68,84,16,0.16,0.33570181503891944
80,90,10,0.1,0.26200261648278683
68,84,16,0.16,0.39901806093752384
68,84,16,0.16,0.2887633630260825
80,90,10,0.1,0.2902890402916819
64,82,18,0.18,0.3285341664031148
82,91,9,0.09,0.26330865463241937
80,90,10,0.1,0.328317807931453
52,76,24,0.24,0.3140575931500644
76,88,12,0.12,0.3977326390519738
60,80,20,0.2,0.39313646603375674
64,82,18,0.18,0.33349156338721514
64,82,18,0.18,0.35987946383655073
74,87,13,0.13,0.3888886405527592
70,85,15,0.15,0.3718244852684438
76,88,12,0.12,0.34110719073563817
72,86,14,0.14,0.40837678863666954
60,80,20,0.2,0.40494449734687804
62,81,19,0.19,0.3149212681688368
74,87,13,0.13,0.33426533062011005
68,84,16,0.16,0.3310291797481477
68,84,16,0.16,0.3832843140140176
58,79,21,0.21,0.3562948716804385
68,84,16,0.16,0.35416276048868894
70,85,15,0.15,0.3494349205121398
76,88,12,0.12,0.2930440115369856
68,84,16,0.16,0.3580953895300627
64,82,18,0.18,0.3444316766038537
48,74,26,0.26,0.393703466639854
62,81,19,0.19,0.3981039243657142
66,83,17,0.17,0.3130199969932437
80,90,10,0.1,0.3399522025510669
66,83,17,0.17,0.3285845918022096
60,80,20,0.2,0.35457663882523777
88,94,6,0.06,0.2719035915564746
76,88,12,0.12,0.37128983467817306
76,88,12,0.12,0.34039277842268345
80,90,10,0.1,0.33321918062865735
72,86,14,0.14,0.3622434605658054
46,73,27,0.27,0.5261768502369523
74,87,13,0.13,0.32941776341758666
62,81,19,0.19,0.3887247024849057
68,84,16,0.16,0.40336762230843304
78,89,11,0.11,0.3709523191675544
92,96,4,0.04,0.28177829407155514
82,91,9,0.09,0.32238109326921405
80,90,10,0.1,0.3054786796122789
72,86,14,0.14,0.2860108076967299
80,90,10,0.1,0.2651912718266249
76,88,12,0.12,0.32607877934351565
76,88,12,0.12,0.35341351442039015
68,84,16,0.16,0.30070427324622867
68,84,16,0.16,0.3755839415639639
64,82,18,0.18,0.28317345526069404
64,82,18,0.18,0.3983469108492136
84,92,8,0.08,0.3295964753627777
64,82,18,0.18,0.3116595617868006
82,91,9,0.09,0.3483426540903747
74,87,13,0.13,0.36467768654227256
82,91,9,0.09,0.308063194938004
72,86,14,0.14,0.34633523285388945
68,84,16,0.16,0.4269251919351518
64,82,18,0.18,0.3522427162528038
82,91,9,0.09,0.30250380881130695
72,86,14,0.14,0.3182269806973636
82,91,9,0.09,0.36663178199902174
76,88,12,0.12,0.3725274746119976
86,93,7,0.07,0.3466982043534517
72,86,14,0.14,0.345583690777421
66,83,17,0.17,0.38936025637201965
62,81,19,0.19,0.433152574300766
86,93,7,0.07,0.365694514606148
90,95,5,0.05,0.3148759282566607
76,88,12,0.12,0.35782823588699103
66,83,17,0.17,0.3548797353496775
70,85,15,0.15,0.3203360015153885
58,79,21,0.21,0.43705080593004825
88,94,6,0.06,0.3299660639837384
60,80,20,0.2,0.4786326323449612
76,88,12,0.12,0.32287633534520865
68,84,16,0.16,0.4112983868457377
74,87,13,0.13,0.4023265392333269
72,86,14,0.14,0.3980986113473773
66,83,17,0.17,0.3620227364450693
60,80,20,0.2,0.44494022995233534
66,83,17,0.17,0.44192242828197775
58,79,21,0.21,0.4501586603745818
54,77,23,0.23,0.42833171438425777
76,88,12,0.12,0.4165485952422023
66,83,17,0.17,0.47392367079854014
68,84,16,0.16,0.45022543815895916
58,79,21,0.21,0.4785426951944828
56,78,22,0.22,0.47132207054644826
70,85,15,0.15,0.3825574696063995
68,84,16,0.16,0.42083071439992636
82,91,9,0.09,0.4138813550770283
74,87,13,0.13,0.3346647251211107
94,97,3,0.03,0.3099630120303482
68,84,16,0.16,0.40761420533061027
74,87,13,0.13,0.3688315649703145
76,88,12,0.12,0.377260332070291
84,92,8,0.08,0.29356784380972384
74,87,13,0.13,0.3862085833121091
68,84,16,0.16,0.41310099164023995
78,89,11,0.11,0.32700561128556727
62,81,19,0.19,0.35640016380697487
82,91,9,0.09,0.309829771053046
70,85,15,0.15,0.3779122452065349
58,79,21,0.21,0.37071518061682585
68,84,16,0.16,0.39927711348980666
76,88,12,0.12,0.30179386779665945
54,77,23,0.23,0.4454146647453308
76,88,12,0.12,0.40727435152977703
64,82,18,0.18,0.36086500247940423
78,89,11,0.11,0.3735469950735569
72,86,14,0.14,0.4305901726707816
78,89,11,0.11,0.34969503166154026
64,82,18,0.18,0.3985340194404125
48,74,26,0.26,0.42559918969869615
76,88,12,0.12,0.4152758812531829
74,87,13,0.13,0.41460003547370433
78,89,11,0.11,0.3379960150271654
86,93,7,0.07,0.30102281376253814
54,77,23,0.23,0.34118340408429504
90,95,5,0.05,0.35095345351845025
74,87,13,0.13,0.3336078286729753
78,89,11,0.11,0.3677676921337843
62,81,19,0.19,0.3929452823288739
86,93,7,0.07,0.25790035899728536
74,87,13,0.13,0.48061127129942177
72,86,14,0.14,0.30103174582123754
58,79,21,0.21,0.4080223701801151
70,85,15,0.15,0.3632966826111078
78,89,11,0.11,0.3146713545173407
76,88,12,0.12,0.36450251795351507
64,82,18,0.18,0.4891489356011152
74,87,13,0.13,0.47304231107234956
56,78,22,0.22,0.332485025934875
84,92,8,0.08,0.3598827582318336
54,77,23,0.23,0.4330120779573917
58,79,21,0.21,0.37734047944657506
56,78,22,0.22,0.39267037890851497
60,80,20,0.2,0.3762438730057329
54,77,23,0.23,0.4843697675317526
68,84,16,0.16,0.3189795319554105
76,88,12,0.12,0.3505093508353457
66,83,17,0.17,0.3424105213675648
74,87,13,0.13,0.35710623644292355
84,92,8,0.08,0.24708094921894372
54,77,23,0.23,0.3846227033808827
82,91,9,0.09,0.29783998619765045
56,78,22,0.22,0.29573607417289166
74,87,13,0.13,0.3687371000088751
76,88,12,0.12,0.29436374245211483
72,86,14,0.14,0.2760779412463307
68,84,16,0.16,0.3782444785162806
62,81,19,0.19,0.41909634057432416
72,86,14,0.14,0.29990366876125335
64,82,18,0.18,0.4209409912675619
70,85,15,0.15,0.34533254567533733
56,78,22,0.22,0.3513537137955427
84,92,8,0.08,0.30576654378324747
62,81,19,0.19,0.27098404095042494
76,88,12,0.12,0.31016649819444864
68,84,16,0.16,0.3495037690363824
84,92,8,0.08,0.3293346560560167
82,91,9,0.09,0.3238957921415567
68,84,16,0.16,0.39591609850525855
70,85,15,0.15,0.353109340891242
76,88,12,0.12,0.3904527133330703
84,92,8,0.08,0.2994061364978552
70,85,15,0.15,0.4141783427074552
72,86,14,0.14,0.3785988480970264
68,84,16,0.16,0.3369495241343975
68,84,16,0.16,0.3176640141569078
54,77,23,0.23,0.36374277433380486
66,83,17,0.17,0.3652417228370905
66,83,17,0.17,0.3865418286621571
82,91,9,0.09,0.3431736699491739
66,83,17,0.17,0.3176801052130759
52,76,24,0.24,0.3811312378337607
66,83,17,0.17,0.3883505763113499
68,84,16,0.16,0.4008285147044808
74,87,13,0.13,0.319561425501015
54,77,23,0.23,0.34735834170132873
78,89,11,0.11,0.3739425641391426
76,88,12,0.12,0.31894185865297914
64,82,18,0.18,0.27358203414827587
50,75,25,0.25,0.4499121660552919
68,84,16,0.16,0.3417951487377286
66,83,17,0.17,0.3352776944451034
78,89,11,0.11,0.35466613333672287
78,89,11,0.11,0.38305158730596306
68,84,16,0.16,0.35417518015950916
60,80,20,0.2,0.38140293817967175
64,82,18,0.18,0.3647034755907953
70,85,15,0.15,0.34998875578865407
68,84,16,0.16,0.32961149666458367
68,84,16,0.16,0.32278093054890633
66,83,17,0.17,0.4227852487564087
76,88,12,0.12,0.3668647401407361
72,86,14,0.14,0.38579139662906525
66,83,17,0.17,0.4525421968474984
80,90,10,0.1,0.3438186875358224
82,91,9,0.09,0.28411286111921075
70,85,15,0.15,0.36134386077523234
50,75,25,0.25,0.41509828977286817
82,91,9,0.09,0.4011009670048952
58,79,21,0.21,0.45541240114718673
64,82,18,0.18,0.31217191539704797
84,92,8,0.08,0.3804192017018795
58,79,21,0.21,0.3601079560536891
62,81,19,0.19,0.4040841855108738
70,85,15,0.15,0.30407990630716086
82,91,9,0.09,0.3689228821452707
68,84,16,0.16,0.4633318969234824
62,81,19,0.19,0.45421432629227637
78,89,11,0.11,0.34025310147553683
70,85,15,0.15,0.3228443940170109
74,87,13,0.13,0.3167036973685026
68,84,16,0.16,0.37679319219663737
74,87,13,0.13,0.4171819158643484
78,89,11,0.11,0.30886106204241515
62,81,19,0.19,0.3505947967013344
64,82,18,0.18,0.44737841240130366
60,80,20,0.2,0.4537667551450431
68,84,16,0.16,0.3933210419118404
62,81,19,0.19,0.49198531739413737
82,91,9,0.09,0.35052976462990043
88,94,6,0.06,0.3762793342396617
60,80,20,0.2,0.5140417289361358
72,86,14,0.14,0.36056477956473826
76,88,12,0.12,0.2899630252271891
70,85,15,0.15,0.3013823609985411
64,82,18,0.18,0.36418774908408524
58,79,21,0.21,0.41126493077725174
70,85,15,0.15,0.37191006902605295
92,96,4,0.04,0.33186977106146515
74,87,13,0.13,0.3285705985315144
70,85,15,0.15,0.38700950853526594
84,92,8,0.08,0.28880284339189527
84,92,8,0.08,0.34476848984137176
74,87,13,0.13,0.4025136187672615
68,84,16,0.16,0.40433467328548434
76,88,12,0.12,0.36331286784261463
68,84,16,0.16,0.37142669077962637
72,86,14,0.14,0.3284925578907132
60,80,20,0.2,0.4052655384503305
78,89,11,0.11,0.39827344195917247
92,96,4,0.04,0.24738867648877202
78,89,11,0.11,0.3063016647845507
54,77,23,0.23,0.3587463590316474
58,79,21,0.21,0.3483726827055216
72,86,14,0.14,0.42619199996814133
72,86,14,0.14,0.31248898889869453
70,85,15,0.15,0.3902019945345819
84,92,8,0.08,0.3674568259716034
76,88,12,0.12,0.3834071761369705
74,87,13,0.13,0.3100444370321929
70,85,15,0.15,0.3619751538336277
78,89,11,0.11,0.2770027877856046
60,80,20,0.2,0.44217665180563925
46,73,27,0.27,0.43744235623627903
64,82,18,0.18,0.34791062053292987
66,83,17,0.17,0.31889648078009486
64,82,18,0.18,0.38571689657866953
74,87,13,0.13,0.3698513696528971
86,93,7,0.07,0.3446111641451716
62,81,19,0.19,0.33798096286132934
64,82,18,0.18,0.37098882827907803
60,80,20,0.2,0.4368338601849973
80,90,10,0.1,0.30021562956273556
52,76,24,0.24,0.41880272736772894
84,92,8,0.08,0.44045733762905004
56,78,22,0.22,0.40089235408231616
60,80,20,0.2,0.31208154251798986
78,89,11,0.11,0.35888435730710627
80,90,10,0.1,0.3238100614398718
68,84,16,0.16,0.4079796951636672
58,79,21,0.21,0.41113362479954957
70,85,15,0.15,0.4487215430662036
80,90,10,0.1,0.4073574715666473
82,91,9,0.09,0.362952397428453
78,89,11,0.11,0.34311978523619474
70,85,15,0.15,0.3628791955392808
84,92,8,0.08,0.36609504925087094
62,81,19,0.19,0.4127862341422588
78,89,11,0.11,0.3665203225240111
58,79,21,0.21,0.37517587281763554
68,84,16,0.16,0.35813709123060106
68,84,16,0.16,0.35602698110044
76,88,12,0.12,0.3222648133523762
70,85,15,0.15,0.34415256334468725
66,83,17,0.17,0.4324088552221656
70,85,15,0.15,0.34571635130792855
84,92,8,0.08,0.3502158946171403
52,76,24,0.24,0.3949448620527983
58,79,21,0.21,0.4235517766326666
68,84,16,0.16,0.37388764511793854
74,87,13,0.13,0.3676867612358183
56,78,22,0.22,0.36557735558599236
76,88,12,0.12,0.37700752092525364
82,91,9,0.09,0.3369577792100608
70,85,15,0.15,0.3441056811064482
64,82,18,0.18,0.3699449399113655
80,90,10,0.1,0.3391054231114686
56,78,22,0.22,0.35606830693781377
66,83,17,0.17,0.38020899165421723
62,81,19,0.19,0.4013083043228835
76,88,12,0.12,0.273607286317274
72,86,14,0.14,0.35434183510020373
50,75,25,0.25,0.3987024232884869
52,76,24,0.24,0.3809077351540327
52,76,24,0.24,0.3855478099361062
64,82,18,0.18,0.3117757113277912
66,83,17,0.17,0.36505869273096325
60,80,20,0.2,0.44232424303889273
56,78,22,0.22,0.4327667313069105
82,91,9,0.09,0.3702524289488792
62,81,19,0.19,0.4055440076440573
58,79,21,0.21,0.4026264332607388
74,87,13,0.13,0.32730108566582206
56,78,22,0.22,0.4839354418218136
74,87,13,0.13,0.39743553642183543
56,78,22,0.22,0.49335235681384804
72,86,14,0.14,0.43499863050878046
66,83,17,0.17,0.4735905709862709
74,87,13,0.13,0.41687034130096434
76,88,12,0.12,0.4625811667367816
72,86,14,0.14,0.42840630233287813
64,82,18,0.18,0.4634029019996524
50,75,25,0.25,0.3818051493167877
66,83,17,0.17,0.4754031880944967
72,86,14,0.14,0.3545459320023656
62,81,19,0.19,0.47969405017793176
58,79,21,0.21,0.4532800530642271
54,77,23,0.23,0.4982823548465967
88,94,6,0.06,0.38311535559594634
66,83,17,0.17,0.4193636354804039
66,83,17,0.17,0.4606720666587353
48,74,26,0.26,0.46692436046898367
76,88,12,0.12,0.3550884814374149
60,80,20,0.2,0.5000099846720696
76,88,12,0.12,0.425118999555707
72,86,14,0.14,0.4321977016702294
62,81,19,0.19,0.4278073109313846
66,83,17,0.17,0.48805182237178085
40,70,30,0.3,0.49179464869201184
70,85,15,0.15,0.45269803643226625
70,85,15,0.15,0.3919724127650261
66,83,17,0.17,0.4289876651018858
54,77,23,0.23,0.5275095089524985
66,83,17,0.17,0.4219228997826576
46,73,27,0.27,0.5037961573898793
64,82,18,0.18,0.4903984877467156
78,89,11,0.11,0.44810722567141054
68,84,16,0.16,0.4708195425570011
60,80,20,0.2,0.42561671443283555
74,87,13,0.13,0.4445950685814023
68,84,16,0.16,0.5147724120691418
76,88,12,0.12,0.45131930645555257
62,81,19,0.19,0.4269762331992388
72,86,14,0.14,0.4364767087996006
90,95,5,0.05,0.3832114415615797
60,80,20,0.2,0.4327189527079463
76,88,12,0.12,0.44562245506793263
76,88,12,0.12,0.38213376302272084
72,86,14,0.14,0.37622174702584743
74,87,13,0.13,0.5088498103618622
58,79,21,0.21,0.48126644141972064
68,84,16,0.16,0.39212291046977044
80,90,10,0.1,0.3803462909162045
54,77,23,0.23,0.4732015388458967
76,88,12,0.12,0.5313315334916114
68,84,16,0.16,0.3881540413200855
54,77,23,0.23,0.4871143466979265
68,84,16,0.16,0.4605519164353609
72,86,14,0.14,0.44192264184355734
74,87,13,0.13,0.43534500256180764
78,89,11,0.11,0.3992167543619871
52,76,24,0.24,0.4834761206060648
64,82,18,0.18,0.3945923247933388
60,80,20,0.2,0.41421996723860505
86,93,7,0.07,0.43136550322175027
70,85,15,0.15,0.44247359231114386
70,85,15,0.15,0.5022874997556209
50,75,25,0.25,0.47807421058416366
84,92,8,0.08,0.4481358293071389
80,90,10,0.1,0.4596655769646168
72,86,14,0.14,0.47690087534487247
62,81,19,0.19,0.45829653076827526
54,77,23,0.23,0.5311986880004406
66,83,17,0.17,0.41022997096180913
62,81,19,0.19,0.4828415124490857
64,82,18,0.18,0.48092263035476207
56,78,22,0.22,0.5812441755086184
68,84,16,0.16,0.5142017253115774
56,78,22,0.22,0.48871830996125937
66,83,17,0.17,0.48665993228554727
64,82,18,0.18,0.5252590656280518
60,80,20,0.2,0.5254609620571137
56,78,22,0.22,0.4995095865428448
84,92,8,0.08,0.4248384776338935
64,82,18,0.18,0.45374103121459486
62,81,19,0.19,0.5405309481173753
66,83,17,0.17,0.49756081715226175
72,86,14,0.14,0.5445121616125107
68,84,16,0.16,0.4271151374280453
68,84,16,0.16,0.4956029147654772
66,83,17,0.17,0.49174761690199376
58,79,21,0.21,0.6052286781370639
68,84,16,0.16,0.4563598934561014
64,82,18,0.18,0.47440749026834966
76,88,12,0.12,0.4545579399168491
56,78,22,0.22,0.5877323281764985
50,75,25,0.25,0.5502517710626126
42,71,29,0.29,0.46604980669915674
54,77,23,0.23,0.5594260340929031
64,82,18,0.18,0.5368812723457813
76,88,12,0.12,0.48295252457261084
68,84,16,0.16,0.5074070202559233
62,81,19,0.19,0.47543102405965326
72,86,14,0.14,0.5235104698687791
62,81,19,0.19,0.5628041097521782
74,87,13,0.13,0.4940752784907818
56,78,22,0.22,0.5158412493765354
50,75,25,0.25,0.556099365055561
58,79,21,0.21,0.6164100322127343
62,81,19,0.19,0.5264202018082141
82,91,9,0.09,0.507085119560361
68,84,16,0.16,0.6055466420948505
72,86,14,0.14,0.6056713458895683
66,83,17,0.17,0.5329766729846597
70,85,15,0.15,0.5674836918711662
72,86,14,0.14,0.5443808904290199
64,82,18,0.18,0.5706367893517017
60,80,20,0.2,0.6377018144726754
70,85,15,0.15,0.5643385465443135
74,87,13,0.13,0.5129132497310639
80,90,10,0.1,0.5449053341895342
52,76,24,0.24,0.6114901141822338
68,84,16,0.16,0.5442789322137833
66,83,17,0.17,0.5494682811200619
76,88,12,0.12,0.5485953520238399
72,86,14,0.14,0.6050539650022984
78,89,11,0.11,0.5695958571135997
70,85,15,0.15,0.5375932466983795
58,79,21,0.21,0.5778326854109764
64,82,18,0.18,0.5026922247558833
48,74,26,0.26,0.673486210256815
68,84,16,0.16,0.499459141343832
60,80,20,0.2,0.5349378357827663
62,81,19,0.19,0.5051151688396931
68,84,16,0.16,0.5281719507277012
74,87,13,0.13,0.5379210388660431
62,81,19,0.19,0.5502469716966152
72,86,14,0.14,0.5456210334599018
76,88,12,0.12,0.5085686983913184
60,80,20,0.2,0.5887092745304108
62,81,19,0.19,0.5829395265132189
76,88,12,0.12,0.5103862069547176
86,93,7,0.07,0.4605503761768341
46,73,27,0.27,0.6061921772360802
64,82,18,0.18,0.5600898258015513
62,81,19,0.19,0.5240571317076683
72,86,14,0.14,0.4481463464349508
52,76,24,0.24,0.5768843444436789
64,82,18,0.18,0.5479919226467609
60,80,20,0.2,0.5301444561779499
66,83,17,0.17,0.5070210348069668
56,78,22,0.22,0.6190687820315361
78,89,11,0.11,0.5797872418165206
62,81,19,0.19,0.5745517231523991
62,81,19,0.19,0.5686335074901581
90,95,5,0.05,0.5123774166405201
60,80,20,0.2,0.5587804728746414
68,84,16,0.16,0.6070412703603506
72,86,14,0.14,0.5630971036851407
84,92,8,0.08,0.4886403652280569
64,82,18,0.18,0.5153298106789589
56,78,22,0.22,0.5025017403066159
54,77,23,0.23,0.5529503182321787
54,77,23,0.23,0.5975890305638313
60,80,20,0.2,0.573484393209219
64,82,18,0.18,0.49792139552533626
58,79,21,0.21,0.5107416619360446
78,89,11,0.11,0.6140823340415955
58,79,21,0.21,0.5739102771878243
64,82,18,0.18,0.5890596521645785
56,78,22,0.22,0.47835660114884376
76,88,12,0.12,0.4796948964893818
66,83,17,0.17,0.5356103323400021
66,83,17,0.17,0.566849438175559
68,84,16,0.16,0.4872027499228716
74,87,13,0.13,0.4638657460361719
74,87,13,0.13,0.5109033568948508
56,78,22,0.22,0.46307240083813667
78,89,11,0.11,0.48223109520971774
64,82,18,0.18,0.5187991546094417
60,80,20,0.2,0.5397044638544322
66,83,17,0.17,0.566893679574132
58,79,21,0.21,0.5006136724352837
78,89,11,0.11,0.4728945717215538
68,84,16,0.16,0.5036400189995766
50,75,25,0.25,0.5874651783704757
70,85,15,0.15,0.5072796618938447
70,85,15,0.15,0.5142944211885333
68,84,16,0.16,0.46902415692806243
78,89,11,0.11,0.4479918061196804
70,85,15,0.15,0.5126236496865749
68,84,16,0.16,0.40505698442459104
56,78,22,0.22,0.46313549056649206
62,81,19,0.19,0.5635221033543348
56,78,22,0.22,0.5331925649568439
80,90,10,0.1,0.4102788908034563
80,90,10,0.1,0.4442770328745246
76,88,12,0.12,0.504375119805336
74,87,13,0.13,0.5267770261317491
80,90,10,0.1,0.4161715192347765
58,79,21,0.21,0.42921263933181764
74,87,13,0.13,0.4592219030112028
66,83,17,0.17,0.4773054686933756
66,83,17,0.17,0.446046108417213
78,89,11,0.11,0.4393776454031467
64,82,18,0.18,0.43059559565037486
46,73,27,0.27,0.49366860240697863
56,78,22,0.22,0.480817331969738
80,90,10,0.1,0.4241118573397398
74,87,13,0.13,0.4618383204936981
56,78,22,0.22,0.5204829265922308
86,93,7,0.07,0.3831219613738358
56,78,22,0.22,0.48461439080536367
72,86,14,0.14,0.419463529959321
54,77,23,0.23,0.47994433745741844
52,76,24,0.24,0.35292630197480324
72,86,14,0.14,0.47832957286387684
68,84,16,0.16,0.366095082461834
66,83,17,0.17,0.520920817553997
62,81,19,0.19,0.38560648016631605
74,87,13,0.13,0.42774547919631006
82,91,9,0.09,0.3776546978205442
68,84,16,0.16,0.3840309611707926
66,83,17,0.17,0.3892100817710161
66,83,17,0.17,0.4372286851704121
76,88,12,0.12,0.43576965026557446
70,85,15,0.15,0.3717154287174344
70,85,15,0.15,0.4465005124360323
44,72,28,0.28,0.3942726889997721
80,90,10,0.1,0.38901293713599444
82,91,9,0.09,0.3599394290521741
76,88,12,0.12,0.35370925728231667
72,86,14,0.14,0.43290233477950096
62,81,19,0.19,0.36272443436086177
70,85,15,0.15,0.35288684342056514
88,94,6,0.06,0.31646460589021447
82,91,9,0.09,0.40722019340842963
70,85,15,0.15,0.36738718481734395
52,76,24,0.24,0.5026978998631239
80,90,10,0.1,0.2647716516815126
66,83,17,0.17,0.3466197784803808
60,80,20,0.2,0.36962373711168767
42,71,29,0.29,0.4582083168625832
72,86,14,0.14,0.3497584968060255
76,88,12,0.12,0.3137949221208692
80,90,10,0.1,0.3646941862255335
78,89,11,0.11,0.34385581567883494
70,85,15,0.15,0.35184883340261874
74,87,13,0.13,0.3357680723257363
66,83,17,0.17,0.31257539972662923
64,82,18,0.18,0.34908322110772133
80,90,10,0.1,0.3220019502192736
60,80,20,0.2,0.3875681859254837
70,85,15,0.15,0.3228118101507425
74,87,13,0.13,0.3958339312672615
68,84,16,0.16,0.32494244277477263
82,91,9,0.09,0.27296813374385237
50,75,25,0.25,0.3828570902906358
82,91,9,0.09,0.27193202016875145
74,87,13,0.13,0.3842787922360003
86,93,7,0.07,0.25568231973797084
52,76,24,0.24,0.4316674375068396
80,90,10,0.1,0.2917463770881295
78,89,11,0.11,0.3511371356248856
70,85,15,0.15,0.3725624146964401
70,85,15,0.15,0.3688381105288863
72,86,14,0.14,0.2963145667500794
58,79,21,0.21,0.37577049002051355
66,83,17,0.17,0.3165317820571363
40,70,30,0.3,0.42518625684082506
68,84,16,0.16,0.30432982593774793
70,85,15,0.15,0.40196210239082575
66,83,17,0.17,0.3961359808780253
64,82,18,0.18,0.3676658347249031
68,84,16,0.16,0.30231366872787474
64,82,18,0.18,0.43544021509587766
84,92,8,0.08,0.31276839511469007
64,82,18,0.18,0.3028589076735079
70,85,15,0.15,0.40596593856811525
80,90,10,0.1,0.3323535366728902
74,87,13,0.13,0.31829397909343243
74,87,13,0.13,0.39803656859323383
56,78,22,0.22,0.4825177723914385
74,87,13,0.13,0.3423177032545209
82,91,9,0.09,0.3225867317244411
46,73,27,0.27,0.3876343992725015
66,83,17,0.17,0.4004953917860985
74,87,13,0.13,0.4020981761999428
72,86,14,0.14,0.38602644693106414
64,82,18,0.18,0.4869068413041532
76,88,12,0.12,0.36261489167809485
50,75,25,0.25,0.39756266873329876
50,75,25,0.25,0.49977651502937076
84,92,8,0.08,0.35317365154623986
82,91,9,0.09,0.28009790159761905
70,85,15,0.15,0.3930768076330423
66,83,17,0.17,0.3237979359924793
82,91,9,0.09,0.3323945195414126
68,84,16,0.16,0.32555190291255715
68,84,16,0.16,0.40000603448599575
72,86,14,0.14,0.37202240258455277
70,85,15,0.15,0.34785675125196575
62,81,19,0.19,0.4272336173057556
72,86,14,0.14,0.3108184491097927
68,84,16,0.16,0.3420745837688446
64,82,18,0.18,0.40654128601774575
54,77,23,0.23,0.39696517821401356
70,85,15,0.15,0.3084451049938798
72,86,14,0.14,0.36391844384372235
66,83,17,0.17,0.3295937276817858
72,86,14,0.14,0.32163727693259714
60,80,20,0.2,0.3848735013231635
60,80,20,0.2,0.4441474548727274
62,81,19,0.19,0.3869258464500308
64,82,18,0.18,0.3178263044916093
66,83,17,0.17,0.3932587729021907
64,82,18,0.18,0.4005140920728445
70,85,15,0.15,0.36565947853028774
90,95,5,0.05,0.3934729414060712
70,85,15,0.15,0.39179923688992857
62,81,19,0.19,0.39007186016067863
60,80,20,0.2,0.37691217761486767
82,91,9,0.09,0.28393912279978395
66,83,17,0.17,0.3501189342699945
88,94,6,0.06,0.34307368138805033
70,85,15,0.15,0.4120483363047242
50,75,25,0.25,0.3277219936996698
84,92,8,0.08,0.32361035187845116
66,83,17,0.17,0.3877376489713788
50,75,25,0.25,0.346038950830698
56,78,22,0.22,0.42408506729640066
66,83,17,0.17,0.37755955521017315
72,86,14,0.14,0.2818451353907585
64,82,18,0.18,0.29640921726822855
70,85,15,0.15,0.39801367092877626
84,92,8,0.08,0.3616609986219555
88,94,6,0.06,0.23943792678415776
70,85,15,0.15,0.3308840787410736
54,77,23,0.23,0.33499900680035355
86,93,7,0.07,0.2689912514295429
64,82,18,0.18,0.3096876607090235
74,87,13,0.13,0.3198058595135808
50,75,25,0.25,0.40930235289037226
72,86,14,0.14,0.30136208157986405
62,81,19,0.19,0.37316827636212113
76,88,12,0.12,0.25541064467281105
58,79,21,0.21,0.3586180683597922
76,88,12,0.12,0.3757128574885428
72,86,14,0.14,0.35932894980534913
66,83,17,0.17,0.3236909092962742
82,91,9,0.09,0.2851256462279707
72,86,14,0.14,0.32468936692923306
68,84,16,0.16,0.3156383136473596
52,76,24,0.24,0.33420357956085356
76,88,12,0.12,0.25752878580242394
76,88,12,0.12,0.2667994936555624
92,96,4,0.04,0.28077225098386405
64,82,18,0.18,0.32136295093689116
68,84,16,0.16,0.26461903361603617
76,88,12,0.12,0.2911594263464212
70,85,15,0.15,0.27643525950610637
72,86,14,0.14,0.2335027628391981
52,76,24,0.24,0.29151913527399304
82,91,9,0.09,0.31648504458367827
70,85,15,0.15,0.27153491612523795
84,92,8,0.08,0.2424481147713959
88,94,6,0.06,0.24156811015680432
70,85,15,0.15,0.2780305197648704
64,82,18,0.18,0.23331140406429768
64,82,18,0.18,0.30099034329876306
58,79,21,0.21,0.3456637575849891
62,81,19,0.19,0.27569166421890257
54,77,23,0.23,0.30605646399781106
66,83,17,0.17,0.27615326042287053
86,93,7,0.07,0.2636120594572276
72,86,14,0.14,0.24086654336191715
82,91,9,0.09,0.24266072573605924
78,89,11,0.11,0.2505496455426328
66,83,17,0.17,0.250745557770133
76,88,12,0.12,0.2322311712987721
74,87,13,0.13,0.3355691088363528
78,89,11,0.11,0.22019028049020561
80,90,10,0.1,0.25349367525428534
70,85,15,0.15,0.20877998019568622
78,89,11,0.11,0.2653581748530269
76,88,12,0.12,0.26858227987773714
70,85,15,0.15,0.26116044906899333
66,83,17,0.17,0.20825203409884124
66,83,17,0.17,0.23451310702599584
70,85,15,0.15,0.2414125380362384
70,85,15,0.15,0.2612314575072378
78,89,11,0.11,0.2327245472278446
82,91,9,0.09,0.22507924240082502
66,83,17,0.17,0.21961639984045178
62,81,19,0.19,0.2282060145586729
78,89,11,0.11,0.22547108642756938
72,86,14,0.14,0.2377246523136273
68,84,16,0.16,0.2565407914761454
74,87,13,0.13,0.19537422271561808
74,87,13,0.13,0.26599198846146466
78,89,11,0.11,0.23141864210832863
78,89,11,0.11,0.2359107132907957
68,84,16,0.16,0.25263829577714203
74,87,13,0.13,0.2836491539562121
58,79,21,0.21,0.26196645023301246
70,85,15,0.15,0.20590734719764442
76,88,12,0.12,0.21071397243882528
92,96,4,0.04,0.17746439525391908
70,85,15,0.15,0.2713202068139799
70,85,15,0.15,0.25530409990344194
78,89,11,0.11,0.2829434071155265
62,81,19,0.19,0.2598327110952232
56,78,22,0.22,0.22305457259528338
82,91,9,0.09,0.21301382212433964
68,84,16,0.16,0.2002712464123033
66,83,17,0.17,0.29025797329843045
70,85,15,0.15,0.25350227902643385
68,84,16,0.16,0.2806133505189791
88,94,6,0.06,0.20325899878982454
68,84,16,0.16,0.2440365669806488
82,91,9,0.09,0.22141120105981826
58,79,21,0.21,0.2923423277027905
68,84,16,0.16,0.212344732102938
62,81,19,0.19,0.23868971036281436
68,84,16,0.16,0.26194805443286895
78,89,11,0.11,0.27853802802972494
90,95,5,0.05,0.19310371415223926
58,79,21,0.21,0.251553344167769
62,81,19,0.19,0.26571264932863414
78,89,11,0.11,0.20439696066081525
78,89,11,0.11,0.2734893944626674
66,83,17,0.17,0.26537891089916227
88,94,6,0.06,0.18734342325915349
88,94,6,0.06,0.2619342203531414
62,81,19,0.19,0.2807179781701416
78,89,11,0.11,0.18597382701467724
76,88,12,0.12,0.20615771894343196
76,88,12,0.12,0.28180693385191263
70,85,15,0.15,0.27449560271576046
84,92,8,0.08,0.2497140212438535
78,89,11,0.11,0.1920557830389589
90,95,5,0.05,0.13852725075557829
66,83,17,0.17,0.28660763377323745
80,90,10,0.1,0.2066851951368153
66,83,17,0.17,0.2501358435489237
82,91,9,0.09,0.17485100974328815
76,88,12,0.12,0.22418526052031665
78,89,11,0.11,0.21715828669723122
64,82,18,0.18,0.14852112118853256
70,85,15,0.15,0.243606389593333
72,86,14,0.14,0.2514636333286762
82,91,9,0.09,0.1962173073599115
82,91,9,0.09,0.24808095443993808
90,95,5,0.05,0.2011939550470561
80,90,10,0.1,0.219636410754174
70,85,15,0.15,0.19578373215626926
80,90,10,0.1,0.24067028996534645
74,87,13,0.13,0.19862039086408914
66,83,17,0.17,0.2643765868456103
72,86,14,0.14,0.23027833468746395
72,86,14,0.14,0.1958810206502676
64,82,18,0.18,0.20042666795197875
70,85,15,0.15,0.19973159584682434
78,89,11,0.11,0.17381857267813758
68,84,16,0.16,0.23240136223612354
80,90,10,0.1,0.26789744114503267
74,87,13,0.13,0.2490161677915603
80,90,10,0.1,0.1771013586083427
78,89,11,0.11,0.21481408004648983
68,84,16,0.16,0.2711664887459483
62,81,19,0.19,0.2651363746449351
60,80,20,0.2,0.2552983565768227
76,88,12,0.12,0.2606673670769669
82,91,9,0.09,0.19299146768869832
56,78,22,0.22,0.19503362591844053
66,83,17,0.17,0.14345390415284784
78,89,11,0.11,0.20774526148918085
74,87,13,0.13,0.19910039963666348
80,90,10,0.1,0.24122884361073374
74,87,13,0.13,0.20074068404734136
82,91,9,0.09,0.19607160517014563
58,79,21,0.21,0.2656221016403288
52,76,24,0.24,0.3017526270635426
72,86,14,0.14,0.17634418518515305
82,91,9,0.09,0.1666987113468349
74,87,13,0.13,0.23243771855253725
72,86,14,0.14,0.2679872725979658
80,90,10,0.1,0.17937771523371338
68,84,16,0.16,0.21165012783836573
76,88,12,0.12,0.18462137290975078
58,79,21,0.21,0.27658833025954666
80,90,10,0.1,0.164258803690318
68,84,16,0.16,0.21281786342617123
80,90,10,0.1,0.2053685691865394
76,88,12,0.12,0.2444664604635909
80,90,10,0.1,0.19775087651563808
48,74,26,0.26,0.24114163663238286
76,88,12,0.12,0.25268907568417487
76,88,12,0.12,0.238675630944781
72,86,14,0.14,0.18237735837232322
76,88,12,0.12,0.27385242355987427
64,82,18,0.18,0.2340821558702737
72,86,14,0.14,0.206732898526825
84,92,8,0.08,0.22364989133551716
74,87,13,0.13,0.1896176098554861
82,91,9,0.09,0.2551957428175956
66,83,17,0.17,0.16713926369557158
74,87,13,0.13,0.20405793619109316
80,90,10,0.1,0.18717230977781582
80,90,10,0.1,0.20533676685765387
84,92,8,0.08,0.2650656111491844
74,87,13,0.13,0.19040580220986159
66,83,17,0.17,0.17298461430706083
74,87,13,0.13,0.1551941881235689
62,81,19,0.19,0.25376307966886086
84,92,8,0.08,0.2189914224378299
66,83,17,0.17,0.20320505111943932
60,80,20,0.2,0.18717846463434398
68,84,16,0.16,0.20647584998048843
60,80,20,0.2,0.2174408924067393
48,74,26,0.26,0.23845081695821135
68,84,16,0.16,0.2786600981280208
66,83,17,0.17,0.26292708694934847
70,85,15,0.15,0.31005538669414817
72,86,14,0.14,0.2676051278039813
74,87,13,0.13,0.18387838395312428
74,87,13,0.13,0.28813672640826554
64,82,18,0.18,0.2214446948701516
66,83,17,0.17,0.23837087979190982
78,89,11,0.11,0.21547557435929776
90,95,5,0.05,0.19232220542617143
74,87,13,0.13,0.2357286313921213
80,90,10,0.1,0.26717793454416094
60,80,20,0.2,0.29799841323401777
74,87,13,0.13,0.18264913001097738
66,83,17,0.17,0.24070308782043867
60,80,20,0.2,0.259575728289783
78,89,11,0.11,0.2541832094429992
56,78,22,0.22,0.29690560333663596
90,95,5,0.05,0.1784522850625217
80,90,10,0.1,0.20012620034860448
74,87,13,0.13,0.22941637537442147
82,91,9,0.09,0.20216643028194084
84,92,8,0.08,0.199552462301217
72,86,14,0.14,0.19391414909157903
70,85,15,0.15,0.19475009548477829
76,88,12,0.12,0.1934603066323325
58,79,21,0.21,0.32590090912766756
84,92,8,0.08,0.1796476466068998
96,98,2,0.02,0.1921381496055983
68,84,16,0.16,0.29319032008294016
66,83,17,0.17,0.312461844952777
70,85,15,0.15,0.1667176688928157
72,86,14,0.14,0.26433470853138713
70,85,15,0.15,0.27474013502243905
48,74,26,0.26,0.2544158022850752
72,86,14,0.14,0.19533012841944583
74,87,13,0.13,0.19801524901762604
70,85,15,0.15,0.24813143183011563
78,89,11,0.11,0.2884447572287172
50,75,25,0.25,0.31947071256116033
68,84,16,0.16,0.22419779715128244
74,87,13,0.13,0.2544793526874855
86,93,7,0.07,0.2089938890002668
52,76,24,0.24,0.2836322225240292
74,87,13,0.13,0.22054956689476968
76,88,12,0.12,0.23147645579651
58,79,21,0.21,0.2839194982452318
82,91,9,0.09,0.19240746891591698
68,84,16,0.16,0.23291664196178316
78,89,11,0.11,0.23273299604654313
66,83,17,0.17,0.24424947939813138
70,85,15,0.15,0.22047715981956573
78,89,11,0.11,0.18711997770704328
80,90,10,0.1,0.24533021345967426
84,92,8,0.08,0.1787105132592842
90,95,5,0.05,0.17888779288623483
80,90,10,0.1,0.18759740299894476
64,82,18,0.18,0.253026725766249
76,88,12,0.12,0.16417218281887472
76,88,12,0.12,0.13763888294342905
90,95,5,0.05,0.17492097072303295
64,82,18,0.18,0.26111827000626364
68,84,16,0.16,0.2100976852234453
66,83,17,0.17,0.21985977078787983
60,80,20,0.2,0.24257511112838984
62,81,19,0.19,0.22599993188865483
60,80,20,0.2,0.2240974040236324
58,79,21,0.21,0.20287687230855225
64,82,18,0.18,0.2676110247592442
72,86,14,0.14,0.2334417250007391
62,81,19,0.19,0.199855973306112
68,84,16,0.16,0.2044557882240042
64,82,18,0.18,0.29241799484938386
62,81,19,0.19,0.30094056963920596
88,94,6,0.06,0.26413088539615276
68,84,16,0.16,0.20966266977600753
80,90,10,0.1,0.2909839479904622
88,94,6,0.06,0.2655681001208723
74,87,13,0.13,0.21084543004166334
66,83,17,0.17,0.266427198573947
78,89,11,0.11,0.2224154137633741
70,85,15,0.15,0.2508542661741376
66,83,17,0.17,0.2905041792616248
60,80,20,0.2,0.23370520196855069
70,85,15,0.15,0.22443763014860452
70,85,15,0.15,0.2555076708225533
82,91,9,0.09,0.2577661660546437
56,78,22,0.22,0.349099348410964
66,83,17,0.17,0.2852264125877991
70,85,15,0.15,0.29193829543888566
90,95,5,0.05,0.22393722621025516
72,86,14,0.14,0.27744198466418313
62,81,19,0.19,0.2667825923720375
66,83,17,0.17,0.21182009394280613
86,93,7,0.07,0.21115320153534411
66,83,17,0.17,0.2996781943738461
54,77,23,0.23,0.2365349017083645
70,85,15,0.15,0.24326057355850936
86,93,7,0.07,0.25630574928596617
76,88,12,0.12,0.23027855765074493
68,84,16,0.16,0.2053593819309026
86,93,7,0.07,0.1810904622916132
84,92,8,0.08,0.265848134001717
76,88,12,0.12,0.24129888076335193
58,79,21,0.21,0.2672800450678915
58,79,21,0.21,0.2694095028634183
74,87,13,0.13,0.2468213568907231
80,90,10,0.1,0.21628501859493554
56,78,22,0.22,0.3207594467140734
72,86,14,0.14,0.2601863361056894
74,87,13,0.13,0.2535484041087329
92,96,4,0.04,0.23693038621917367
78,89,11,0.11,0.32139497600495814
72,86,14,0.14,0.27143207914195955
82,91,9,0.09,0.2505559332948178
72,86,14,0.14,0.23595791798084975
76,88,12,0.12,0.2530468204244971
66,83,17,0.17,0.3645058948546648
68,84,16,0.16,0.1911101698037237
74,87,13,0.13,0.2638140805903822
84,92,8,0.08,0.2342310573440045
46,73,27,0.27,0.32779244136065244
56,78,22,0.22,0.340398452617228
70,85,15,0.15,0.2740287875756621
80,90,10,0.1,0.26486171276308595
74,87,13,0.13,0.35701100138947367
76,88,12,0.12,0.36863105641677973
58,79,21,0.21,0.30745078837499024
50,75,25,0.25,0.22380652628839015
52,76,24,0.24,0.35698604930192235
82,91,9,0.09,0.36873219568282367
88,94,6,0.06,0.31649515226483343
80,90,10,0.1,0.30409737084060906
54,77,23,0.23,0.34943836361169817
96,98,2,0.02,0.23912582376971842
68,84,16,0.16,0.3405765314586461
62,81,19,0.19,0.28476951552554963
82,91,9,0.09,0.3153443885594606
70,85,15,0.15,0.24771325424313545
58,79,21,0.21,0.32080848403275014
68,84,16,0.16,0.33599564626812933
68,84,16,0.16,0.26090778001584114
80,90,10,0.1,0.36099915400147436
80,90,10,0.1,0.30009113159030676
58,79,21,0.21,0.268713794387877
74,87,13,0.13,0.292371053379029
76,88,12,0.12,0.2881142712198198
52,76,24,0.24,0.33607396462932226
66,83,17,0.17,0.2685798485763371
68,84,16,0.16,0.2550959113240242
62,81,19,0.19,0.333247483978048
70,85,15,0.15,0.35555053390562535
64,82,18,0.18,0.3129573159851134
52,76,24,0.24,0.370091394148767
66,83,17,0.17,0.27793047223240136
64,82,18,0.18,0.3393925035744905
68,84,16,0.16,0.2846669978648424
68,84,16,0.16,0.35640536749735474
62,81,19,0.19,0.3177352114953101
66,83,17,0.17,0.23768853371962906
62,81,19,0.19,0.31805659174919126
60,80,20,0.2,0.3231737922877073
84,92,8,0.08,0.24126862743869423
72,86,14,0.14,0.33429035544395447
44,72,28,0.28,0.37109013576060534
64,82,18,0.18,0.23999712590128183
78,89,11,0.11,0.29713364922441543
78,89,11,0.11,0.3374735823646188
64,82,18,0.18,0.3492344658076763
66,83,17,0.17,0.25253935035318137
72,86,14,0.14,0.2609115396998823
68,84,16,0.16,0.32991172350011766
68,84,16,0.16,0.32765128089115025
78,89,11,0.11,0.27016432685777547
64,82,18,0.18,0.3417658546939492
72,86,14,0.14,0.28144057942554357
70,85,15,0.15,0.2605044104717672
64,82,18,0.18,0.2465345755033195
68,84,16,0.16,0.34087449438869954
72,86,14,0.14,0.26911028001457454
68,84,16,0.16,0.24075141008943318
68,84,16,0.16,0.3120061346143484
66,83,17,0.17,0.252217805609107
66,83,17,0.17,0.32161298152059314
74,87,13,0.13,0.2739981002919376
66,83,17,0.17,0.31241952611133456
74,87,13,0.13,0.21618006331846118
74,87,13,0.13,0.2750127804838121
70,85,15,0.15,0.28810635646805166
42,71,29,0.29,0.3737194024771452
84,92,8,0.08,0.2930240741278976
84,92,8,0.08,0.24030540270730852
62,81,19,0.19,0.2989073354471475
72,86,14,0.14,0.3141680269129574
66,83,17,0.17,0.30201998341828584
74,87,13,0.13,0.3534733357466757
84,92,8,0.08,0.26441452773287893
66,83,17,0.17,0.33707610189914705
66,83,17,0.17,0.309856351390481
64,82,18,0.18,0.27339541252702476
88,94,6,0.06,0.2321412821020931
64,82,18,0.18,0.37068662595003843
56,78,22,0.22,0.2605059154331684
74,87,13,0.13,0.33901695610955357
62,81,19,0.19,0.28102319303900003
74,87,13,0.13,0.29285494977608323
84,92,8,0.08,0.24556023247539996
74,87,13,0.13,0.2739835321810096
80,90,10,0.1,0.22206535062752664
80,90,10,0.1,0.27517969192937014
74,87,13,0.13,0.2857743014022708
84,92,8,0.08,0.28591640388593076
76,88,12,0.12,0.23848695686087013
84,92,8,0.08,0.2688329332135618
94,97,3,0.03,0.22971372827887535
82,91,9,0.09,0.27725230375304816
74,87,13,0.13,0.26958207933232187
66,83,17,0.17,0.27043230896815657
56,78,22,0.22,0.3969830962456763
74,87,13,0.13,0.3054466677829623
70,85,15,0.15,0.3307132634148002
48,74,26,0.26,0.321892857067287
74,87,13,0.13,0.3375928328884765
78,89,11,0.11,0.25336349265649916
70,85,15,0.15,0.29776008702814577
58,79,21,0.21,0.40440026361495257
66,83,17,0.17,0.33474761569872497
64,82,18,0.18,0.4263249930180609
76,88,12,0.12,0.2989958337973803
56,78,22,0.22,0.3620137773826718
82,91,9,0.09,0.2801693841163069
72,86,14,0.14,0.26335830736905336
66,83,17,0.17,0.26512253273278474
70,85,15,0.15,0.28265517197549345
86,93,7,0.07,0.3238153577409685
66,83,17,0.17,0.2140720549877733
80,90,10,0.1,0.32981406170874833
70,85,15,0.15,0.2547888694703579
90,95,5,0.05,0.2630933783389628
66,83,17,0.17,0.31901331786066295
76,88,12,0.12,0.262506274599582
82,91,9,0.09,0.23123816546052695
68,84,16,0.16,0.2699877227703109
58,79,21,0.21,0.31373839428648354
70,85,15,0.15,0.3101587732508779
92,96,4,0.04,0.26184260215610267
68,84,16,0.16,0.2983861894160509
56,78,22,0.22,0.2756917297188193
90,95,5,0.05,0.23653257962316274
70,85,15,0.15,0.26920441560447217
74,87,13,0.13,0.2505366179673001
56,78,22,0.22,0.31093603409826753
72,86,14,0.14,0.24277936067432165
76,88,12,0.12,0.22687402191571893
64,82,18,0.18,0.30596286464482547
80,90,10,0.1,0.3001864137686789
72,86,14,0.14,0.2809213688550517
72,86,14,0.14,0.28681013389490545
70,85,15,0.15,0.33183617597445847
76,88,12,0.12,0.21935700009576975
84,92,8,0.08,0.27009551245719193
60,80,20,0.2,0.3643491569533944
58,79,21,0.21,0.33459102948196234
72,86,14,0.14,0.3173367813695222
66,83,17,0.17,0.23870372012723237
76,88,12,0.12,0.27317421220242977
66,83,17,0.17,0.2923685724288225
70,85,15,0.15,0.24281834648922085
58,79,21,0.21,0.3158843543380499
76,88,12,0.12,0.26069463276304305
66,83,17,0.17,0.2374753813352436
62,81,19,0.19,0.3093738906364888
70,85,15,0.15,0.2773258202476427
70,85,15,0.15,0.27668176653794946
72,86,14,0.14,0.30078093708842063
82,91,9,0.09,0.26154470421373843
68,84,16,0.16,0.31725104111712427
58,79,21,0.21,0.279313845988363
86,93,7,0.07,0.17361507151275873
80,90,10,0.1,0.19590004902333022
88,94,6,0.06,0.2715284940972924
66,83,17,0.17,0.2531404491700232
80,90,10,0.1,0.2403346712514758
70,85,15,0.15,0.302829158436507
74,87,13,0.13,0.3362934868223965
82,91,9,0.09,0.29487174693495033
34,67,33,0.33,0.37015509577468036
58,79,21,0.21,0.35917272524908184
64,82,18,0.18,0.3155926729738712
74,87,13,0.13,0.30992208181880415
68,84,16,0.16,0.33614576868712903
84,92,8,0.08,0.29471874045208096
72,86,14,0.14,0.2557313495874405
68,84,16,0.16,0.28592727152165026
72,86,14,0.14,0.3136669524386525
68,84,16,0.16,0.30066262705251573
60,80,20,0.2,0.3320536839775741
60,80,20,0.2,0.3711261644773185
54,77,23,0.23,0.38042457196861507
84,92,8,0.08,0.27555483831092714
64,82,18,0.18,0.3396638721600175
72,86,14,0.14,0.29407659117132423
62,81,19,0.19,0.32462257515639065
84,92,8,0.08,0.27756718689575793
60,80,20,0.2,0.26782847311347724
70,85,15,0.15,0.2812984107062221
42,71,29,0.29,0.31501689246390013
70,85,15,0.15,0.3197469480149448
60,80,20,0.2,0.32122013680636885
64,82,18,0.18,0.30594391518272457
86,93,7,0.07,0.283631831202656
78,89,11,0.11,0.3179149664286524
88,94,6,0.06,0.1901931903138757
76,88,12,0.12,0.24969989641569554
74,87,13,0.13,0.25825579861644654
68,84,16,0.16,0.28528609726577997
62,81,19,0.19,0.2582467895373702
78,89,11,0.11,0.3033107509207912
72,86,14,0.14,0.26672936325892804
82,91,9,0.09,0.3079635404609144
64,82,18,0.18,0.23171321105677634
80,90,10,0.1,0.23744095063768328
68,84,16,0.16,0.30211177345365287
66,83,17,0.17,0.2933714732434601
66,83,17,0.17,0.3096937472000718
78,89,11,0.11,0.2084230288490653
58,79,21,0.21,0.3493617661856115
68,84,16,0.16,0.24581161607988178
72,86,14,0.14,0.21521538102068008
66,83,17,0.17,0.34809425914660097
62,81,19,0.19,0.3414841993711889
62,81,19,0.19,0.32697050229646263
70,85,15,0.15,0.32704280340112746
78,89,11,0.11,0.23844559425488115
76,88,12,0.12,0.29459214380942284
64,82,18,0.18,0.280838187597692
50,75,25,0.25,0.24505698371678591
68,84,16,0.16,0.33940316379070284
56,78,22,0.22,0.31314758259803055
74,87,13,0.13,0.3274803869612515
70,85,15,0.15,0.31164203092455867
78,89,11,0.11,0.24341102119535207
64,82,18,0.18,0.32358152996748685
68,84,16,0.16,0.26504651775583626
56,78,22,0.22,0.3513249661400914
64,82,18,0.18,0.29163786536082625
70,85,15,0.15,0.32045266034081576
70,85,15,0.15,0.30564698196947576
70,85,15,0.15,0.3939943916723132
68,84,16,0.16,0.3506476857326925
70,85,15,0.15,0.3381690161675215
70,85,15,0.15,0.2504206841159612
80,90,10,0.1,0.3222060498036444
52,76,24,0.24,0.3035559411905706
74,87,13,0.13,0.31656303592026236
60,80,20,0.2,0.27031049348413944
72,86,14,0.14,0.27576650723814966
68,84,16,0.16,0.3180581146012992
72,86,14,0.14,0.31728593822568657
72,86,14,0.14,0.26342130383476614
72,86,14,0.14,0.2575139859691262
76,88,12,0.12,0.26604088744148613
76,88,12,0.12,0.24609559984877705
84,92,8,0.08,0.2550662767025642
86,93,7,0.07,0.24543685471639037
70,85,15,0.15,0.25724042262881996
52,76,24,0.24,0.3420020930794999
66,83,17,0.17,0.3498693646118045
54,77,23,0.23,0.3268754009902477
74,87,13,0.13,0.2930838290695101
74,87,13,0.13,0.3063551302626729
66,83,17,0.17,0.3016831750608981
72,86,14,0.14,0.26117119083181023
78,89,11,0.11,0.2984979625418782
68,84,16,0.16,0.3485227779950947
62,81,19,0.19,0.3441401055827737
68,84,16,0.16,0.31758359471336006
62,81,19,0.19,0.3139739211648703
68,84,16,0.16,0.3503670243732631
60,80,20,0.2,0.4007329278998077
92,96,4,0.04,0.24974039528518915
64,82,18,0.18,0.30975083641707896
56,78,22,0.22,0.24822035331279038
76,88,12,0.12,0.28222424373030663
78,89,11,0.11,0.2452540620137006
72,86,14,0.14,0.2846384714357555
76,88,12,0.12,0.2800053881108761
68,84,16,0.16,0.29351261629723013
72,86,14,0.14,0.28579370375722646
60,80,20,0.2,0.2996688161417842
52,76,24,0.24,0.23552183338440955
60,80,20,0.2,0.26162606020399837
66,83,17,0.17,0.2874363711476326
66,83,17,0.17,0.3168671857379377
60,80,20,0.2,0.28425561300478874
82,91,9,0.09,0.32186941943131386
78,89,11,0.11,0.29239328448660673
86,93,7,0.07,0.3504756364040077
64,82,18,0.18,0.24625483255833389
64,82,18,0.18,0.25523978349752724
76,88,12,0.12,0.30135800056159495
76,88,12,0.12,0.2696730027347803
72,86,14,0.14,0.2527262598928064
82,91,9,0.09,0.20073011515662073
66,83,17,0.17,0.28723523231223225
78,89,11,0.11,0.23072340255603194
56,78,22,0.22,0.2719823817443103
72,86,14,0.14,0.289553428767249
70,85,15,0.15,0.27627112715505064
70,85,15,0.15,0.2348038349300623
70,85,15,0.15,0.30565237017348407
64,82,18,0.18,0.24376429183408618
76,88,12,0.12,0.25530649745836853
84,92,8,0.08,0.1688360897731036
62,81,19,0.19,0.22722727293148637
50,75,25,0.25,0.2963578414544463
78,89,11,0.11,0.22917812306433916
82,91,9,0.09,0.2239448477793485
66,83,17,0.17,0.2507364114210941
74,87,13,0.13,0.21574065466877074
78,89,11,0.11,0.2326835722476244
72,86,14,0.14,0.16984306662809104
66,83,17,0.17,0.2608700891304761
76,88,12,0.12,0.2518508891935926
76,88,12,0.12,0.2260773365292698
76,88,12,0.12,0.17125501945614816
54,77,23,0.23,0.21795911277644336
78,89,11,0.11,0.2540905600599945
78,89,11,0.11,0.2627199110854417
78,89,11,0.11,0.19314623287413268
78,89,11,0.11,0.2624767172243446
84,92,8,0.08,0.2688652646075934
78,89,11,0.11,0.21273686239495873
72,86,14,0.14,0.2156449470948428
76,88,12,0.12,0.21974190391832962
86,93,7,0.07,0.21542533680796624
66,83,17,0.17,0.23473413394764064
80,90,10,0.1,0.18691662895958872
74,87,13,0.13,0.28696084243245423
76,88,12,0.12,0.24628415616229177
74,87,13,0.13,0.28724151517264546
68,84,16,0.16,0.28531338879838586
72,86,14,0.14,0.23050109216943382
66,83,17,0.17,0.24007425216026604
58,79,21,0.21,0.2924669488146901
78,89,11,0.11,0.2607911952259019
62,81,19,0.19,0.24766309520229698
82,91,9,0.09,0.17692900137975812
76,88,12,0.12,0.249509615059942
68,84,16,0.16,0.2478273526346311
74,87,13,0.13,0.18810759866144508
80,90,10,0.1,0.2196750019583851
80,90,10,0.1,0.25514948619529604
82,91,9,0.09,0.298476774264127
70,85,15,0.15,0.19251470670104026
72,86,14,0.14,0.22839928593486547
76,88,12,0.12,0.24490276944823564
60,80,20,0.2,0.2969295394793153
72,86,14,0.14,0.28155138600617646
72,86,14,0.14,0.22610653915675358
72,86,14,0.14,0.24865088761784138
62,81,19,0.19,0.3372987190121785
64,82,18,0.18,0.2476124929636717
78,89,11,0.11,0.24349791354499759
50,75,25,0.25,0.27844906266313046
78,89,11,0.11,0.2084588317014277
74,87,13,0.13,0.30615404665470125
64,82,18,0.18,0.2801601022249088
62,81,19,0.19,0.2169402969069779
64,82,18,0.18,0.20534446065314113
60,80,20,0.2,0.37727321553975346
64,82,18,0.18,0.274193533458747
72,86,14,0.14,0.26101634964346887
82,91,9,0.09,0.23554281307384373
72,86,14,0.14,0.2694348459783942
76,88,12,0.12,0.22267702800221742
66,83,17,0.17,0.23956389960832894
44,72,28,0.28,0.2949659338593483
54,77,23,0.23,0.23132300972007214
70,85,15,0.15,0.20437571266200394
66,83,17,0.17,0.269771661387058
66,83,17,0.17,0.2202265876252204
74,87,13,0.13,0.2222211774252355
76,88,12,0.12,0.15687861227896063
78,89,11,0.11,0.2669328687060624
72,86,14,0.14,0.17691408019512891
74,87,13,0.13,0.22245746675878764
76,88,12,0.12,0.23686230305116623
72,86,14,0.14,0.2577239781431854
64,82,18,0.18,0.2723833433934487
72,86,14,0.14,0.20370768263412173
82,91,9,0.09,0.19240118304034695
72,86,14,0.14,0.23548181624384598
68,84,16,0.16,0.24699034522753208
74,87,13,0.13,0.2138939300738275
76,88,12,0.12,0.20209246890619398
80,90,10,0.1,0.15749944816343486
86,93,7,0.07,0.20152700513601304
76,88,12,0.12,0.3014801907725632
76,88,12,0.12,0.22304116691462694
80,90,10,0.1,0.25937230284995166
66,83,17,0.17,0.3051908815326169
82,91,9,0.09,0.21168878014199435
64,82,18,0.18,0.23004063813015818
66,83,17,0.17,0.27211268854327497
74,87,13,0.13,0.1981746460404247
76,88,12,0.12,0.2681862365826964
80,90,10,0.1,0.16038611701340413
60,80,20,0.2,0.265418705381453
66,83,17,0.17,0.19017219404689967
64,82,18,0.18,0.20717328729107976
76,88,12,0.12,0.1891665523312986
42,71,29,0.29,0.2676387264765799
76,88,12,0.12,0.24529882123693825
88,94,6,0.06,0.19442118647508322
64,82,18,0.18,0.25456660890369676
60,80,20,0.2,0.2706788629386574
84,92,8,0.08,0.24298756948672234
66,83,17,0.17,0.23662950778729283
68,84,16,0.16,0.26105286271777006
62,81,19,0.19,0.30317233117297293
72,86,14,0.14,0.2532323068240657
86,93,7,0.07,0.20708204125985502
78,89,11,0.11,0.30351141304243356
76,88,12,0.12,0.22350661762058735
70,85,15,0.15,0.26205945525318386
80,90,10,0.1,0.1907598391547799
66,83,17,0.17,0.2533435561787337
78,89,11,0.11,0.23397022327408196
48,74,26,0.26,0.24171658022329212
60,80,20,0.2,0.2453923387233226
80,90,10,0.1,0.24948023927398025
78,89,11,0.11,0.21665057103848084
88,94,6,0.06,0.24350607655011117
66,83,17,0.17,0.22733749757520855
76,88,12,0.12,0.2245391916576773
66,83,17,0.17,0.21423836891539394
66,83,17,0.17,0.17845818708650768
82,91,9,0.09,0.25233965294435623
46,73,27,0.27,0.24083524035522713
64,82,18,0.18,0.2684390217019245
68,84,16,0.16,0.2029779568128288
82,91,9,0.09,0.1892611480737105
74,87,13,0.13,0.2361792210675776
72,86,14,0.14,0.1804818868637085
64,82,18,0.18,0.2266320663690567
72,86,14,0.14,0.22609416224062442
82,91,9,0.09,0.2211322351358831
74,87,13,0.13,0.21674833450873848
84,92,8,0.08,0.28647703340742736
74,87,13,0.13,0.2917470146343112
74,87,13,0.13,0.21162517701275646
90,95,5,0.05,0.19698632834479213
86,93,7,0.07,0.20801832575816662
76,88,12,0.12,0.1619651912432164
80,90,10,0.1,0.23969504179898649
76,88,12,0.12,0.24289799791760744
62,81,19,0.19,0.23413554860744626
84,92,8,0.08,0.226168972090818
82,91,9,0.09,0.26265219366177917
76,88,12,0.12,0.21491659872233868
80,90,10,0.1,0.20531389267183842
78,89,11,0.11,0.2473106344882399
80,90,10,0.1,0.21905828558374196
74,87,13,0.13,0.21999807448126377
86,93,7,0.07,0.21316440218128263
72,86,14,0.14,0.2327831442002207
78,89,11,0.11,0.26859202931635084
70,85,15,0.15,0.24009870219044388
70,85,15,0.15,0.2501010693330318
90,95,5,0.05,0.206880199695006
94,97,3,0.03,0.16133610454387962
84,92,8,0.08,0.22162736136233435
68,84,16,0.16,0.26813502092380076
64,82,18,0.18,0.23832610190147535
76,88,12,0.12,0.2315816773835104
70,85,15,0.15,0.2474230429646559
78,89,11,0.11,0.16432470650412143
60,80,20,0.2,0.30273294683080165
56,78,22,0.22,0.20564443530049176
78,89,11,0.11,0.20116098704747856
82,91,9,0.09,0.1978674174984917
78,89,11,0.11,0.20976533452048898
64,82,18,0.18,0.2917552452348173
72,86,14,0.14,0.19153700898867101
74,87,13,0.13,0.2098058901494369
76,88,12,0.12,0.2500372023158707
64,82,18,0.18,0.3051734617818147
72,86,14,0.14,0.22849947654642164
70,85,15,0.15,0.20625772904604672
68,84,16,0.16,0.21528627420775592
68,84,16,0.16,0.3135595697723329
66,83,17,0.17,0.2742056485451758
70,85,15,0.15,0.23881297829560935
70,85,15,0.15,0.23896958142518998
82,91,9,0.09,0.2372359087318182
60,80,20,0.2,0.1963662098441273
68,84,16,0.16,0.2547681438270956
66,83,17,0.17,0.24407197071239353
66,83,17,0.17,0.2336316080391407
76,88,12,0.12,0.2525458320882171
64,82,18,0.18,0.2744350759591907
64,82,18,0.18,0.2466860129777342
72,86,14,0.14,0.22658833680674434
86,93,7,0.07,0.22646115735173225
66,83,17,0.17,0.1993822882976383
62,81,19,0.19,0.26372469782829283
68,84,16,0.16,0.2609963543526828
58,79,21,0.21,0.21672204319387675
76,88,12,0.12,0.26697419276461004
68,84,16,0.16,0.22780258573591708
76,88,12,0.12,0.2779278629645705
64,82,18,0.18,0.24363107113633306
74,87,13,0.13,0.24806519808247685
64,82,18,0.18,0.26580505130812526
66,83,17,0.17,0.2363236459158361
54,77,23,0.23,0.272051712423563
82,91,9,0.09,0.22348269933834672
62,81,19,0.19,0.30941832343116404
86,93,7,0.07,0.22798268720507622
86,93,7,0.07,0.2230522356927395
64,82,18,0.18,0.26502006977796555
86,93,7,0.07,0.2798444557841867
82,91,9,0.09,0.21948799520730972
66,83,17,0.17,0.2845549909956753
64,82,18,0.18,0.27428050332702697
72,86,14,0.14,0.17330636732280255
60,80,20,0.2,0.17802099399035798
62,81,19,0.19,0.3174042409658432
70,85,15,0.15,0.21226046660915018
84,92,8,0.08,0.23832140987738967
66,83,17,0.17,0.3128459055349231
80,90,10,0.1,0.24554819211363793
84,92,8,0.08,0.22457503020763397
78,89,11,0.11,0.2538814080134034
76,88,12,0.12,0.2572091762255877
80,90,10,0.1,0.2967054625786841
86,93,7,0.07,0.21284916065633297
60,80,20,0.2,0.2834707430563867
64,82,18,0.18,0.30552847174927594
82,91,9,0.09,0.19271741395816208
70,85,15,0.15,0.19404011556878686
62,81,19,0.19,0.3095908533409238
62,81,19,0.19,0.27430246854200957
88,94,6,0.06,0.25003457909449933
68,84,16,0.16,0.24725419089663775
84,92,8,0.08,0.26099334337748586
78,89,11,0.11,0.3235269765555859
68,84,16,0.16,0.2799846773222089
80,90,10,0.1,0.2309279391169548
72,86,14,0.14,0.2244897323846817
84,92,8,0.08,0.2649711851403117
74,87,13,0.13,0.2545337349176407
74,87,13,0.13,0.29299974295310677
66,83,17,0.17,0.27538717528805134
80,90,10,0.1,0.2918348918668926
68,84,16,0.16,0.22518807058688253
68,84,16,0.16,0.24812378123402595
74,87,13,0.13,0.23284255359321832
80,90,10,0.1,0.30681054923683404
78,89,11,0.11,0.295279549267143
70,85,15,0.15,0.2784147928096354
92,96,4,0.04,0.2191681196540594
84,92,8,0.08,0.25328077264130117
84,92,8,0.08,0.3009535203129053
88,94,6,0.06,0.25796726886183025
80,90,10,0.1,0.22982754562050103
66,83,17,0.17,0.29264687035232784
62,81,19,0.19,0.35231256157159807
86,93,7,0.07,0.27110704001039265
68,84,16,0.16,0.3376475051417947
56,78,22,0.22,0.33261108715087173
76,88,12,0.12,0.30431845106184485
68,84,16,0.16,0.3294126785360277
72,86,14,0.14,0.31899855870753524
74,87,13,0.13,0.3214782742038369
68,84,16,0.16,0.3153428455628455
70,85,15,0.15,0.33177751626819374
68,84,16,0.16,0.33742703319527206
80,90,10,0.1,0.3263454070873559
60,80,20,0.2,0.380256741642952
68,84,16,0.16,0.3896127935871482
68,84,16,0.16,0.3704476211965084
70,85,15,0.15,0.3849970456957817
78,89,11,0.11,0.26620995715260504
78,89,11,0.11,0.4024124951567501
60,80,20,0.2,0.41466020584106444
76,88,12,0.12,0.357982153147459
60,80,20,0.2,0.3480708046257496
80,90,10,0.1,0.375412295088172
60,80,20,0.2,0.3768614212796092
72,86,14,0.14,0.33766897581517696
70,85,15,0.15,0.31743063805624844
84,92,8,0.08,0.3980672464519739
64,82,18,0.18,0.3802088886871934
80,90,10,0.1,0.35141899548470973
72,86,14,0.14,0.3331108044087887
52,76,24,0.24,0.40050290528684857
56,78,22,0.22,0.38256971806287765
64,82,18,0.18,0.35044240109622476
70,85,15,0.15,0.4158556242287159
58,79,21,0.21,0.39085249669849875
78,89,11,0.11,0.4019439040124416
82,91,9,0.09,0.35224767692387104
64,82,18,0.18,0.3891734040528536
82,91,9,0.09,0.2992487934231758
60,80,20,0.2,0.3210475973039866
72,86,14,0.14,0.40882042080163955
72,86,14,0.14,0.3679684366285801
82,91,9,0.09,0.3442176245898008
80,90,10,0.1,0.3139553444460034
58,79,21,0.21,0.4807276793383062
62,81,19,0.19,0.34442131251096725
68,84,16,0.16,0.28273908868432046
70,85,15,0.15,0.37178146071732043
60,80,20,0.2,0.412940907292068
70,85,15,0.15,0.38133158065378664
78,89,11,0.11,0.3586771228164434
82,91,9,0.09,0.35933482479304074
62,81,19,0.19,0.3734876984357834
70,85,15,0.15,0.3598531747609377
78,89,11,0.11,0.34050101913511754
74,87,13,0.13,0.3887341111153364
48,74,26,0.26,0.4100211166590452
66,83,17,0.17,0.3503972489386797
70,85,15,0.15,0.3895651189237833
54,77,23,0.23,0.44045259594917296
76,88,12,0.12,0.40970294453203676
66,83,17,0.17,0.4398118938878179
76,88,12,0.12,0.4236551104485989
70,85,15,0.15,0.41895650140941143
92,96,4,0.04,0.3816676653176546
76,88,12,0.12,0.40560086112469435
80,90,10,0.1,0.3836934846639633
72,86,14,0.14,0.4026064645498991
60,80,20,0.2,0.4584546630829573
80,90,10,0.1,0.4248780430108309
76,88,12,0.12,0.39698952198028564
82,91,9,0.09,0.3763025765120983
72,86,14,0.14,0.3933963519707322
76,88,12,0.12,0.4305398166179657
76,88,12,0.12,0.4619375091418624
80,90,10,0.1,0.412591452524066
80,90,10,0.1,0.41598508767783643
54,77,23,0.23,0.42373578071594237
64,82,18,0.18,0.3782642597705126
76,88,12,0.12,0.43319323495030404
62,81,19,0.19,0.47500707425177097
80,90,10,0.1,0.3934671688079834
76,88,12,0.12,0.39142232745885847
70,85,15,0.15,0.3902578222006559
80,90,10,0.1,0.42943516284227373
70,85,15,0.15,0.3881302010267973
80,90,10,0.1,0.3571774532645941
68,84,16,0.16,0.423371399268508
64,82,18,0.18,0.45941897176206115
74,87,13,0.13,0.40731230080127717
72,86,14,0.14,0.37929635152220725
66,83,17,0.17,0.41713952157646417
76,88,12,0.12,0.43436268642544745
78,89,11,0.11,0.4711873798072338
56,78,22,0.22,0.4724901784211397
58,79,21,0.21,0.4443587951362133
70,85,15,0.15,0.4114117203652859
66,83,17,0.17,0.41851030752062796
76,88,12,0.12,0.4224985768646002
74,87,13,0.13,0.39921018682420256
78,89,11,0.11,0.42637738786637785
60,80,20,0.2,0.4868885140120983
64,82,18,0.18,0.4535594901442528
80,90,10,0.1,0.35986695781350136
72,86,14,0.14,0.448161643743515
66,83,17,0.17,0.4559770368039608
60,80,20,0.2,0.4572752572596073
60,80,20,0.2,0.40618302643299103
60,80,20,0.2,0.4880297547578812
70,85,15,0.15,0.43090498574078084
60,80,20,0.2,0.45129426687955854
76,88,12,0.12,0.44166461393237116
66,83,17,0.17,0.43082135446369646
66,83,17,0.17,0.4832117028534412
64,82,18,0.18,0.4259728568792343
70,85,15,0.15,0.39753502994775775
58,79,21,0.21,0.46551655884832144
70,85,15,0.15,0.39619603581726553
74,87,13,0.13,0.5194896516203881
48,74,26,0.26,0.5169262504577636
66,83,17,0.17,0.45898154109716416
78,89,11,0.11,0.4361058471351862
76,88,12,0.12,0.5005168747901917
62,81,19,0.19,0.46338918134570123
82,91,9,0.09,0.4417091933637857
52,76,24,0.24,0.45351423770189286
68,84,16,0.16,0.520225210338831
64,82,18,0.18,0.4111997353285551
68,84,16,0.16,0.43355182617902754
64,82,18,0.18,0.4701051156967878
62,81,19,0.19,0.5314551642537118
66,83,17,0.17,0.41483192950487136
78,89,11,0.11,0.4613904197514057
68,84,16,0.16,0.42845570638775826
68,84,16,0.16,0.4427626556158066
64,82,18,0.18,0.4972366106510162
70,85,15,0.15,0.5086466993391514
88,94,6,0.06,0.3959062921255827
54,77,23,0.23,0.49181583419442176
86,93,7,0.07,0.4527484963089228
64,82,18,0.18,0.4757646799832582
68,84,16,0.16,0.4324317528307438
68,84,16,0.16,0.45790076673030855
64,82,18,0.18,0.42298691019415857
58,79,21,0.21,0.4338570012152195
78,89,11,0.11,0.49836107686161996
78,89,11,0.11,0.4662852065265179
78,89,11,0.11,0.4710602469742298
84,92,8,0.08,0.45223378114402296
70,85,15,0.15,0.43048482641577723
56,78,22,0.22,0.45990427769720554
70,85,15,0.15,0.46487268567085266
64,82,18,0.18,0.4748060368001461
64,82,18,0.18,0.48282400831580163
74,87,13,0.13,0.4383761667460203
66,83,17,0.17,0.5256157602369785
66,83,17,0.17,0.49942406088113783
58,79,21,0.21,0.4426814602315426
78,89,11,0.11,0.4253449881821871
78,89,11,0.11,0.4109217768162489
62,81,19,0.19,0.5834510004520417
70,85,15,0.15,0.5122739252448082
62,81,19,0.19,0.4522372117638588
66,83,17,0.17,0.528118977099657
64,82,18,0.18,0.4927748782932758
64,82,18,0.18,0.46501457065343854
70,85,15,0.15,0.5087030215933919
88,94,6,0.06,0.4409818680584431
60,80,20,0.2,0.48704682409763334
82,91,9,0.09,0.430269914790988
70,85,15,0.15,0.517543547153473
44,72,28,0.28,0.4435025595873594
66,83,17,0.17,0.4063526500761509
66,83,17,0.17,0.5019642858207226
70,85,15,0.15,0.5382307867705822
60,80,20,0.2,0.4428827887773514
52,76,24,0.24,0.5128574869036675
52,76,24,0.24,0.5226171156018973
68,84,16,0.16,0.4979908077418804
62,81,19,0.19,0.4421462189406157
52,76,24,0.24,0.4971645467728376
54,77,23,0.23,0.4814425487816334
80,90,10,0.1,0.4381020005792379
70,85,15,0.15,0.4875454853475094
68,84,16,0.16,0.4995675604045391
70,85,15,0.15,0.46138319216668605
60,80,20,0.2,0.45291014611721037
70,85,15,0.15,0.4947938153892755
66,83,17,0.17,0.46589679427444936
68,84,16,0.16,0.4766650919616222
68,84,16,0.16,0.44277632027864455
78,89,11,0.11,0.4781531497091055
50,75,25,0.25,0.4918256001919508
66,83,17,0.17,0.4503480373322964
42,71,29,0.29,0.45176684148609636
60,80,20,0.2,0.46234552562236786
58,79,21,0.21,0.5072426189482212
64,82,18,0.18,0.4593830181658268
74,87,13,0.13,0.48138481251895426
58,79,21,0.21,0.484332874417305
74,87,13,0.13,0.5430521202087403
72,86,14,0.14,0.4887422461807728
76,88,12,0.12,0.4096274547278881
66,83,17,0.17,0.4746810682117939
64,82,18,0.18,0.48652392327785493
52,76,24,0.24,0.4940995168685913
70,85,15,0.15,0.44471410274505613
58,79,21,0.21,0.5484210003912449
74,87,13,0.13,0.4941305804252625
80,90,10,0.1,0.4794071912765503
74,87,13,0.13,0.45050001710653303
82,91,9,0.09,0.5252296178042889
60,80,20,0.2,0.5135094126313925
70,85,15,0.15,0.4524137291312218
66,83,17,0.17,0.5361536274850368
84,92,8,0.08,0.5353256247937679
74,87,13,0.13,0.4720603185147047
66,83,17,0.17,0.4884554497152567
82,91,9,0.09,0.48702913023531436
76,88,12,0.12,0.4600194936990738
68,84,16,0.16,0.46442817714065315
56,78,22,0.22,0.49149928376078605
74,87,13,0.13,0.46264650210738184
78,89,11,0.11,0.5533769820630551
66,83,17,0.17,0.4883084398508072
74,87,13,0.13,0.4238632480800152
74,87,13,0.13,0.48175066024065016
72,86,14,0.14,0.4585769186168909
84,92,8,0.08,0.41752901203930376
68,84,16,0.16,0.47302641212940216
80,90,10,0.1,0.499880211353302
72,86,14,0.14,0.4524821906536818
70,85,15,0.15,0.4745105341821909
62,81,19,0.19,0.49539858192205427
60,80,20,0.2,0.49893976338207724
72,86,14,0.14,0.4857930062711239
86,93,7,0.07,0.47048830822110177
46,73,27,0.27,0.50882060572505
80,90,10,0.1,0.4013373710215092
62,81,19,0.19,0.44446263641119005
78,89,11,0.11,0.37851146683096887
80,90,10,0.1,0.49435242019593717
68,84,16,0.16,0.47373326651751996
68,84,16,0.16,0.5156432703137398
68,84,16,0.16,0.4739436108991504
72,86,14,0.14,0.49560107178986074
54,77,23,0.23,0.456720856949687
62,81,19,0.19,0.5061160269379615
64,82,18,0.18,0.46246066644787787
56,78,22,0.22,0.5119954878091812
52,76,24,0.24,0.4673861880600452
78,89,11,0.11,0.4290762386471033
52,76,24,0.24,0.436993557959795
56,78,22,0.22,0.48922735657542943
86,93,7,0.07,0.4136330776661634
70,85,15,0.15,0.4830401071161032
54,77,23,0.23,0.5039758679270744
76,88,12,0.12,0.5242968253046274
88,94,6,0.06,0.4108924921602011
88,94,6,0.06,0.4013239024579525
78,89,11,0.11,0.48000983133912084
58,79,21,0.21,0.44194150261580945
64,82,18,0.18,0.5571003606915474
90,95,5,0.05,0.4236107805371285
64,82,18,0.18,0.5470393154025078
82,91,9,0.09,0.4344226287305355
76,88,12,0.12,0.49626615799963475
64,82,18,0.18,0.4388589131459594
66,83,17,0.17,0.4581266934424639
74,87,13,0.13,0.3768031354248524
54,77,23,0.23,0.5014617303013802
78,89,11,0.11,0.36089214831590655
78,89,11,0.11,0.3690103756636381
72,86,14,0.14,0.45094277411699296
72,86,14,0.14,0.4123492923378944
76,88,12,0.12,0.4137059815227985
78,89,11,0.11,0.3683567999303341
80,90,10,0.1,0.4308708156645298
66,83,17,0.17,0.43983629062771795
64,82,18,0.18,0.4121984671056271
50,75,25,0.25,0.45037758827209473
78,89,11,0.11,0.4673540648818016
72,86,14,0.14,0.45246150858700274
72,86,14,0.14,0.5453274457156658
58,79,21,0.21,0.43672546356916425
84,92,8,0.08,0.3940311212837696
76,88,12,0.12,0.49484082240611316
70,85,15,0.15,0.47973722726106643
80,90,10,0.1,0.42791728742420676
74,87,13,0.13,0.4553403107821941
64,82,18,0.18,0.4860925041139126
78,89,11,0.11,0.3894378371536732
58,79,21,0.21,0.45579748824238775
68,84,16,0.16,0.43053407333791255
62,81,19,0.19,0.5187686778604984
66,83,17,0.17,0.39380737356841566
58,79,21,0.21,0.41902973003685473
68,84,16,0.16,0.42483104303479197
90,95,5,0.05,0.4201598811149597
66,83,17,0.17,0.3969421509280801
84,92,8,0.08,0.4783187562227249
64,82,18,0.18,0.4350326880067587
86,93,7,0.07,0.3219443555176258
68,84,16,0.16,0.4214516619592905
66,83,17,0.17,0.4413558217138052
60,80,20,0.2,0.4505751671642065
54,77,23,0.23,0.4830786557495594
82,91,9,0.09,0.38717120584100484
56,78,22,0.22,0.4850483302772045
78,89,11,0.11,0.4216441146284342
66,83,17,0.17,0.4238401111215353
76,88,12,0.12,0.39455702152103184
80,90,10,0.1,0.4075008864700794
72,86,14,0.14,0.3857691418379545
74,87,13,0.13,0.43189447939395903
74,87,13,0.13,0.36340713284909726
54,77,23,0.23,0.44362959057092666
60,80,20,0.2,0.4632826888561249
52,76,24,0.24,0.4196262577176094
82,91,9,0.09,0.37619972229003906
60,80,20,0.2,0.3841868088021874
72,86,14,0.14,0.38723060622811317
56,78,22,0.22,0.4089209643751383
72,86,14,0.14,0.3452762218564749
64,82,18,0.18,0.39493881806731224
72,86,14,0.14,0.35631498232483866
70,85,15,0.15,0.4195798789337277
66,83,17,0.17,0.37447030618786814
80,90,10,0.1,0.3791484709829092
58,79,21,0.21,0.39222412317991256
74,87,13,0.13,0.43594694308936593
70,85,15,0.15,0.4249008393287659
82,91,9,0.09,0.3396124396473169
80,90,10,0.1,0.39618985455483197
80,90,10,0.1,0.35451515924185517
80,90,10,0.1,0.35391447246074675
62,81,19,0.19,0.37639575995504854
60,80,20,0.2,0.394062000438571
68,84,16,0.16,0.3172010001540184
68,84,16,0.16,0.36460140347480774
82,91,9,0.09,0.3812460420280695
48,74,26,0.26,0.4442019585520029
86,93,7,0.07,0.3653683101385832
58,79,21,0.21,0.4562557346373797
64,82,18,0.18,0.33834562070667745
68,84,16,0.16,0.39496007937937977
74,87,13,0.13,0.4206351453438401
72,86,14,0.14,0.39989566765725615
64,82,18,0.18,0.33441804997622965
82,91,9,0.09,0.3812482392787933
76,88,12,0.12,0.40345161318778994
56,78,22,0.22,0.3543472262099385
78,89,11,0.11,0.3604387808218598
66,83,17,0.17,0.3438296452653594
56,78,22,0.22,0.41159357503056526
90,95,5,0.05,0.3534396427869797
46,73,27,0.27,0.3932443906366825
76,88,12,0.12,0.35772785134613516
58,79,21,0.21,0.4204190388321877
78,89,11,0.11,0.36028336130082605
66,83,17,0.17,0.40603144582360984
70,85,15,0.15,0.3121196099370718
78,89,11,0.11,0.4186062802746892
66,83,17,0.17,0.3323870037868619
76,88,12,0.12,0.39522320963442326
68,84,16,0.16,0.36868732295930384
48,74,26,0.26,0.39547060944139956
80,90,10,0.1,0.32707530450075867
80,90,10,0.1,0.3564661955833435
56,78,22,0.22,0.37959451500326397
68,84,16,0.16,0.3766466097161174
76,88,12,0.12,0.31677890531718733
74,87,13,0.13,0.39190916808322074
60,80,20,0.2,0.45232865430414676
80,90,10,0.1,0.36551942641846835
70,85,15,0.15,0.37707250360399486
86,93,7,0.07,0.3287167834863067
64,82,18,0.18,0.4286245306581259
82,91,9,0.09,0.3683336231857538
66,83,17,0.17,0.44211856946349143
64,82,18,0.18,0.3293020798638463
80,90,10,0.1,0.40485444813966753
64,82,18,0.18,0.4074737353622913
68,84,16,0.16,0.3547492792829871
82,91,9,0.09,0.42537661984562875
58,79,21,0.21,0.4060143982619047
78,89,11,0.11,0.32598839186131956
68,84,16,0.16,0.337354643419385
72,86,14,0.14,0.43419599123299124
70,85,15,0.15,0.3818554845452309
64,82,18,0.18,0.38436312347650525
76,88,12,0.12,0.3833258567750454
62,81,19,0.19,0.4331308481842279
72,86,14,0.14,0.41432656954973934
76,88,12,0.12,0.3951586168259382
80,90,10,0.1,0.36279567413032054
82,91,9,0.09,0.4111115762591362
46,73,27,0.27,0.3915197283774614
60,80,20,0.2,0.4069279919937253
68,84,16,0.16,0.40404569905251264
56,78,22,0.22,0.39066292174160483
76,88,12,0.12,0.40184195298701525
54,77,23,0.23,0.4190621604397893
74,87,13,0.13,0.3614104359596968
82,91,9,0.09,0.4314110139757395
56,78,22,0.22,0.33970295891165736
74,87,13,0.13,0.3403841349855065
84,92,8,0.08,0.3752872970700264
84,92,8,0.08,0.41893081068992616
68,84,16,0.16,0.4297982109338045
70,85,15,0.15,0.40733208030462265
82,91,9,0.09,0.3272884375602007
64,82,18,0.18,0.3374647741764784
76,88,12,0.12,0.3460143357515335
74,87,13,0.13,0.34881233535706996
66,83,17,0.17,0.34328147407621146
88,94,6,0.06,0.37012998402118685
76,88,12,0.12,0.3605042312294245
64,82,18,0.18,0.43969115417450666
78,89,11,0.11,0.3240788096562028
56,78,22,0.22,0.4436883103847504
62,81,19,0.19,0.311557292342186
82,91,9,0.09,0.4120995205640793
80,90,10,0.1,0.3268883811309934
82,91,9,0.09,0.34929805874824527
78,89,11,0.11,0.38898716665804384
58,79,21,0.21,0.3809922385960817
66,83,17,0.17,0.41908220045268535
82,91,9,0.09,0.37306390702724457
66,83,17,0.17,0.4088098547235131
66,83,17,0.17,0.393068817704916
80,90,10,0.1,0.3467105184495449
78,89,11,0.11,0.3199235437437892
58,79,21,0.21,0.39601109981536864
68,84,16,0.16,0.34849016267806293
68,84,16,0.16,0.34196121759712694
74,87,13,0.13,0.41325840681791304
76,88,12,0.12,0.3821705260127783
78,89,11,0.11,0.3919188091531396
84,92,8,0.08,0.3316257968917489
66,83,17,0.17,0.38176445849239826
76,88,12,0.12,0.35462867472320797
58,79,21,0.21,0.4847597786784172
76,88,12,0.12,0.33027577996253965
70,85,15,0.15,0.34520235177129505
78,89,11,0.11,0.36806400124914945
52,76,24,0.24,0.33781008020043374
76,88,12,0.12,0.3203845582716167
80,90,10,0.1,0.3916902257874608
56,78,22,0.22,0.3485860901325941
64,82,18,0.18,0.44898048751056197
60,80,20,0.2,0.3239484694972634
70,85,15,0.15,0.33177218984812495
74,87,13,0.13,0.3200271028280258
72,86,14,0.14,0.4010381330549717
76,88,12,0.12,0.3547056883946061
68,84,16,0.16,0.28175109714269636
64,82,18,0.18,0.39530756112188103
78,89,11,0.11,0.38992788419127467
80,90,10,0.1,0.35636728225275877
78,89,11,0.11,0.3136038463190198
64,82,18,0.18,0.32533218720927837
90,95,5,0.05,0.31495521306991575
74,87,13,0.13,0.30134883522987366
76,88,12,0.12,0.3172961507178843
56,78,22,0.22,0.32834683775901796
62,81,19,0.19,0.3333448490872979
76,88,12,0.12,0.33860473228618504
80,90,10,0.1,0.314311895146966
58,79,21,0.21,0.3452375918999314
74,87,13,0.13,0.4264731951802969
70,85,15,0.15,0.37415753670036794
90,95,5,0.05,0.27525028470903634
88,94,6,0.06,0.3470091500133276
82,91,9,0.09,0.35895554270595315
70,85,15,0.15,0.3921368007361889
78,89,11,0.11,0.3898208649083972
60,80,20,0.2,0.3389867080375552
74,87,13,0.13,0.34597572427242995
76,88,12,0.12,0.3937147567048669
66,83,17,0.17,0.4287519642710686
66,83,17,0.17,0.3825628361292183
68,84,16,0.16,0.365539862960577
76,88,12,0.12,0.36398233231622723
76,88,12,0.12,0.3531165987253189
70,85,15,0.15,0.3807478429377079
72,86,14,0.14,0.3069797854870558
78,89,11,0.11,0.3460619168356061
80,90,10,0.1,0.4002418896183372
86,93,7,0.07,0.29332691319286824
80,90,10,0.1,0.2768485537171364
80,90,10,0.1,0.36517152123153207
84,92,8,0.08,0.29583614841103556
84,92,8,0.08,0.3461338210850954
76,88,12,0.12,0.3493294427543879
52,76,24,0.24,0.4570405289530754
84,92,8,0.08,0.34380133356899023
58,79,21,0.21,0.406050924025476
78,89,11,0.11,0.40208635460585357
66,83,17,0.17,0.32111414298415186
78,89,11,0.11,0.37598988130688665
68,84,16,0.16,0.3762511996179819
68,84,16,0.16,0.44390479668974875
76,88,12,0.12,0.36968744300305845
70,85,15,0.15,0.44057162426412105
58,79,21,0.21,0.373071365840733
62,81,19,0.19,0.422015420794487
80,90,10,0.1,0.3444562708213925
48,74,26,0.26,0.43605948220938445
86,93,7,0.07,0.4018995241075754
90,95,5,0.05,0.3578254538029432
84,92,8,0.08,0.268337429612875
78,89,11,0.11,0.4014707878232002
78,89,11,0.11,0.38619124196469784
56,78,22,0.22,0.4018971888720989
72,86,14,0.14,0.43658265709877014
64,82,18,0.18,0.36417190365493296
78,89,11,0.11,0.35911197409033774
52,76,24,0.24,0.3246649421006441
70,85,15,0.15,0.36315621867775916
62,81,19,0.19,0.38414072334766386
82,91,9,0.09,0.30717185328714547
84,92,8,0.08,0.431167379245162
80,90,10,0.1,0.37776049841195347
62,81,19,0.19,0.3868678864091635
74,87,13,0.13,0.3364388669282198
72,86,14,0.14,0.34138994944281875
88,94,6,0.06,0.3665680615603924
80,90,10,0.1,0.33385658379644156
66,83,17,0.17,0.35707793380133807
74,87,13,0.13,0.3366921125352383
68,84,16,0.16,0.3628903942927718
48,74,26,0.26,0.4530497832596302
86,93,7,0.07,0.3509502458572388
80,90,10,0.1,0.3370195196568966
72,86,14,0.14,0.4084957123547792
68,84,16,0.16,0.33371322754770516
66,83,17,0.17,0.42620571177452804
70,85,15,0.15,0.3792321787774563
66,83,17,0.17,0.4313488983362913
78,89,11,0.11,0.35381964072585104
72,86,14,0.14,0.3201828241162002
74,87,13,0.13,0.31582049079239366
70,85,15,0.15,0.3789387063682079
66,83,17,0.17,0.3696413247659802
76,88,12,0.12,0.34470617812126875
70,85,15,0.15,0.3603645248711109
54,77,23,0.23,0.49455726116895676
64,82,18,0.18,0.4567251029610634
56,78,22,0.22,0.4095374784618616
54,77,23,0.23,0.41897637613117694
62,81,19,0.19,0.4487114331126213
48,74,26,0.26,0.38952890910208227
80,90,10,0.1,0.4699077994376421
54,77,23,0.23,0.44992170300334694
72,86,14,0.14,0.4390357060730457
56,78,22,0.22,0.4090847220271826
80,90,10,0.1,0.33603332959115506
82,91,9,0.09,0.44561525523662565
72,86,14,0.14,0.40127359203994273
68,84,16,0.16,0.3910908998548985
60,80,20,0.2,0.43682616665959356
56,78,22,0.22,0.5075645662844182
64,82,18,0.18,0.42583504013717177
76,88,12,0.12,0.4542286030948162
84,92,8,0.08,0.3906685408204794
70,85,15,0.15,0.3796515390276909
68,84,16,0.16,0.3952438575774431
60,80,20,0.2,0.4253086154162884
68,84,16,0.16,0.4218259776383638
64,82,18,0.18,0.3945382512360811
60,80,20,0.2,0.4716442231833935
66,83,17,0.17,0.4966147893667221
82,91,9,0.09,0.44483452670276163
86,93,7,0.07,0.47727767035365104
74,87,13,0.13,0.4613416635990143
74,87,13,0.13,0.4558922454714775
80,90,10,0.1,0.46314783439040186
82,91,9,0.09,0.4397950030863285
72,86,14,0.14,0.4732289877533913
64,82,18,0.18,0.48452442094683645
78,89,11,0.11,0.44869505509734153
56,78,22,0.22,0.5823810496926307
66,83,17,0.17,0.5338697289675474
60,80,20,0.2,0.5399333135783673
76,88,12,0.12,0.555873785763979
78,89,11,0.11,0.4580160802602768
84,92,8,0.08,0.48201690636575223
78,89,11,0.11,0.4859824165701866
70,85,15,0.15,0.5197586785256862
72,86,14,0.14,0.5099764969944954
66,83,17,0.17,0.4692737506330013
80,90,10,0.1,0.5203877018392086
64,82,18,0.18,0.5698107820749283
82,91,9,0.09,0.49675237968564034
60,80,20,0.2,0.5334246358275414
72,86,14,0.14,0.5277762559056282
72,86,14,0.14,0.4858578909933567
64,82,18,0.18,0.5310028545558453
68,84,16,0.16,0.4996614246070385
74,87,13,0.13,0.5854047608375549
68,84,16,0.16,0.5238860054314136
60,80,20,0.2,0.5554956485331058
76,88,12,0.12,0.5877883410453797
70,85,15,0.15,0.5242241866886616
62,81,19,0.19,0.5482724997401237
56,78,22,0.22,0.5820427888631821
70,85,15,0.15,0.5074775861203671
66,83,17,0.17,0.5832621681690217
76,88,12,0.12,0.5715336027741432
58,79,21,0.21,0.5373427498340607
62,81,19,0.19,0.5650144904851914
76,88,12,0.12,0.5761962676048279
66,83,17,0.17,0.568956993073225
70,85,15,0.15,0.5205278345942497
64,82,18,0.18,0.5786108136177063
86,93,7,0.07,0.5901426863670349
68,84,16,0.16,0.5379894442856312
74,87,13,0.13,0.570892890393734
78,89,11,0.11,0.5444347780942916
82,91,9,0.09,0.5333982330560684
46,73,27,0.27,0.5710684269666672
52,76,24,0.24,0.5608985659480095
76,88,12,0.12,0.5574194288253784
60,80,20,0.2,0.5251825527846813
78,89,11,0.11,0.606899319589138
48,74,26,0.26,0.5939144568145275
66,83,17,0.17,0.5470074148476124
48,74,26,0.26,0.5965901464223862
74,87,13,0.13,0.5765070042014122
56,78,22,0.22,0.6213410010933876
80,90,10,0.1,0.5198047234117985
76,88,12,0.12,0.5984283295273781
70,85,15,0.15,0.6287305319309234
72,86,14,0.14,0.5404935984313488
74,87,13,0.13,0.5356867855787277
62,81,19,0.19,0.5974126923084259
82,91,9,0.09,0.6535220339894294
92,96,4,0.04,0.5658762210607529
60,80,20,0.2,0.5728226579725743
66,83,17,0.17,0.6142964553833008
68,84,16,0.16,0.567760079652071
76,88,12,0.12,0.5611537484824658
60,80,20,0.2,0.5907437114417553
60,80,20,0.2,0.5502082417905331
60,80,20,0.2,0.5938265416026115
72,86,14,0.14,0.5609996056556702
62,81,19,0.19,0.5536028312146664
74,87,13,0.13,0.5404627691209316
78,89,11,0.11,0.5688916645944119
72,86,14,0.14,0.578479928970337
70,85,15,0.15,0.5863487321138382
82,91,9,0.09,0.5919945503771306
70,85,15,0.15,0.602411817908287
70,85,15,0.15,0.5733259150385857
60,80,20,0.2,0.5978556936979293
74,87,13,0.13,0.6091749504208565
62,81,19,0.19,0.6242039969563484
64,82,18,0.18,0.6430492812395096
66,83,17,0.17,0.6359605649113655
70,85,15,0.15,0.6200799176096916
76,88,12,0.12,0.628328786790371
52,76,24,0.24,0.6755594944953919
52,76,24,0.24,0.6014589115977287
62,81,19,0.19,0.6008527237176895
54,77,23,0.23,0.652072237432003
50,75,25,0.25,0.6456226748228073
66,83,17,0.17,0.6071980687975883
62,81,19,0.19,0.6658457690477371
44,72,28,0.28,0.6771132627129555
56,78,22,0.22,0.6819794797897338
70,85,15,0.15,0.6086505387723445
78,89,11,0.11,0.6080028393864632
66,83,17,0.17,0.6760963234305382
60,80,20,0.2,0.6777199643850327
76,88,12,0.12,0.6226907187700271
62,81,19,0.19,0.6486936590075493
80,90,10,0.1,0.6435225346684456
62,81,19,0.19,0.6681557163596153
68,84,16,0.16,0.6228415149450303
78,89,11,0.11,0.6588574096560478
70,85,15,0.15,0.6430465191602707
66,83,17,0.17,0.6081967240571976
60,80,20,0.2,0.6500571221113205
52,76,24,0.24,0.6434821227192878
68,84,16,0.16,0.607586572766304
62,81,19,0.19,0.63986423432827
66,83,17,0.17,0.6220886099338532
74,87,13,0.13,0.6279623490571976
78,89,11,0.11,0.624489084482193
66,83,17,0.17,0.6880489993095398
80,90,10,0.1,0.6007454150915146
54,77,23,0.23,0.6456722842156887
46,73,27,0.27,0.6911155512928963
52,76,24,0.24,0.6354879885911942
52,76,24,0.24,0.6531091994047165
64,82,18,0.18,0.6575325360894203
56,78,22,0.22,0.582378956079483
68,84,16,0.16,0.5755671527981758
58,79,21,0.21,0.6089466828107833
54,77,23,0.23,0.6976277512311936
52,76,24,0.24,0.6230646523833275
62,81,19,0.19,0.7030631518363952
62,81,19,0.19,0.6042100191116333
62,81,19,0.19,0.6652867943048477
60,80,20,0.2,0.6713250099122524
66,83,17,0.17,0.5731703451275826
62,81,19,0.19,0.6529590985178948
78,89,11,0.11,0.5928850173950195
60,80,20,0.2,0.6879929086565971
70,85,15,0.15,0.6161119592189789
88,94,6,0.06,0.5681578713655472
70,85,15,0.15,0.5562455829977989
60,80,20,0.2,0.6324088487029076
78,89,11,0.11,0.5275558994710445
78,89,11,0.11,0.5380842991173267
70,85,15,0.15,0.555501823425293
80,90,10,0.1,0.5139048412442208
76,88,12,0.12,0.5180457337200641
72,86,14,0.14,0.515093713849783
60,80,20,0.2,0.5679958644509315
62,81,19,0.19,0.6037402337789536
84,92,8,0.08,0.5170608702301979
68,84,16,0.16,0.6001719418168068
70,85,15,0.15,0.5239927777647972
74,87,13,0.13,0.5598199456930161
76,88,12,0.12,0.5324839897453785
56,78,22,0.22,0.5502010894566775
74,87,13,0.13,0.5866157022118569
74,87,13,0.13,0.5596796961128712
68,84,16,0.16,0.49237084850668905
54,77,23,0.23,0.5483025738596916
82,91,9,0.09,0.5791873945295811
54,77,23,0.23,0.5371418243646622
66,83,17,0.17,0.5337087136507034
68,84,16,0.16,0.5142590054869651
78,89,11,0.11,0.539367930740118
64,82,18,0.18,0.5123209965229034
64,82,18,0.18,0.5619080869853497
60,80,20,0.2,0.5236208146810531
70,85,15,0.15,0.5290471541881562
60,80,20,0.2,0.5803205160796643
82,91,9,0.09,0.5254029208421707
70,85,15,0.15,0.5646194019913673
62,81,19,0.19,0.5306365670263767
56,78,22,0.22,0.5765972033143043
58,79,21,0.21,0.5580370073020459
54,77,23,0.23,0.5358573552966118
66,83,17,0.17,0.5267097662389278
54,77,23,0.23,0.5616870325803757
78,89,11,0.11,0.5944693534821271
60,80,20,0.2,0.5723933310806751
66,83,17,0.17,0.5123492559790611
62,81,19,0.19,0.5791647544503212
68,84,16,0.16,0.5668850713968276
64,82,18,0.18,0.5358834175765514
62,81,19,0.19,0.5729863101243973
74,87,13,0.13,0.610833535194397
50,75,25,0.25,0.5663061028718949
66,83,17,0.17,0.5834620133042335
66,83,17,0.17,0.4948118817806244
56,78,22,0.22,0.6146604926884174
50,75,25,0.25,0.6027487455308438
76,88,12,0.12,0.5710073210299015
78,89,11,0.11,0.523925952911377
42,71,29,0.29,0.6457437759637833
44,72,28,0.28,0.6537400940060616
72,86,14,0.14,0.5583526334166526
70,85,15,0.15,0.5140912966430187
68,84,16,0.16,0.5470870181918144
76,88,12,0.12,0.6068054743111133
74,87,13,0.13,0.5822237089276314
70,85,15,0.15,0.6400525656342506
52,76,24,0.24,0.6040294133126736
74,87,13,0.13,0.5264311810582876
60,80,20,0.2,0.6078726390004158
62,81,19,0.19,0.5462429656088352
58,79,21,0.21,0.6049805936217308
82,91,9,0.09,0.5366045212745667
72,86,14,0.14,0.5651104739308357
72,86,14,0.14,0.5982878477871418
78,89,11,0.11,0.5631010541319847
76,88,12,0.12,0.6185544142127037
62,81,19,0.19,0.5714627695083618
60,80,20,0.2,0.5685755203664303
54,77,23,0.23,0.5865295360982418
74,87,13,0.13,0.567797359675169
92,96,4,0.04,0.5960276654362678
42,71,29,0.29,0.6035365450382233
70,85,15,0.15,0.5665222164988518
52,76,24,0.24,0.6406217977404595
82,91,9,0.09,0.5924277463555336
74,87,13,0.13,0.6385929957032204
80,90,10,0.1,0.4959020957350731
60,80,20,0.2,0.5773059284687042
60,80,20,0.2,0.6228419584035874
72,86,14,0.14,0.604865493774414
72,86,14,0.14,0.6013188129663467
68,84,16,0.16,0.6045271557569504
76,88,12,0.12,0.5673922628164292
78,89,11,0.11,0.6105717127025128
56,78,22,0.22,0.5987172046303749
66,83,17,0.17,0.6347450092434883
56,78,22,0.22,0.5758296382427216
68,84,16,0.16,0.6231296575069427
66,83,17,0.17,0.5361457544565201
82,91,9,0.09,0.576684031188488
52,76,24,0.24,0.5584926742315293
68,84,16,0.16,0.5692998912930488
60,80,20,0.2,0.6058690014481545
70,85,15,0.15,0.561123209297657
70,85,15,0.15,0.5920209297537804
70,85,15,0.15,0.5918326964974403
66,83,17,0.17,0.578081219792366
80,90,10,0.1,0.575958259254694
70,85,15,0.15,0.5649143196642399
72,86,14,0.14,0.5708996626734734
54,77,23,0.23,0.5830086782574654
64,82,18,0.18,0.5654278898239136
56,78,22,0.22,0.6292705860733986
82,91,9,0.09,0.6215172907710076
34,67,33,0.33,0.6679787248373031
72,86,14,0.14,0.540704882144928
54,77,23,0.23,0.6338276018202305
74,87,13,0.13,0.6163206465542317
76,88,12,0.12,0.6109489414095879
60,80,20,0.2,0.5867312628030777
52,76,24,0.24,0.6087424260377884
74,87,13,0.13,0.5732529345154762
80,90,10,0.1,0.5706814759969712
94,97,3,0.03,0.5650056825578212
68,84,16,0.16,0.5820955574512482
80,90,10,0.1,0.5808883714675903
64,82,18,0.18,0.5875654473900795
66,83,17,0.17,0.6117695653438568
52,76,24,0.24,0.5800376188755035
50,75,25,0.25,0.5545590898394585
46,73,27,0.27,0.6039272455871105
50,75,25,0.25,0.5992317768931389
64,82,18,0.18,0.572427308857441
64,82,18,0.18,0.6014859300851821
64,82,18,0.18,0.6268046563863754
68,84,16,0.16,0.5927030125260353
68,84,16,0.16,0.5917986066639424
68,84,16,0.16,0.5985720905661583
60,80,20,0.2,0.5868310138583184
62,81,19,0.19,0.5710517343878746
48,74,26,0.26,0.5557846421003342
68,84,16,0.16,0.5564576056599617
52,76,24,0.24,0.6316731441020965
66,83,17,0.17,0.5987520816922188
60,80,20,0.2,0.6221014274656773
68,84,16,0.16,0.5903289803862571
62,81,19,0.19,0.662300021648407
80,90,10,0.1,0.6090166014432907
58,79,21,0.21,0.6544870147109032
66,83,17,0.17,0.5997421696782113
60,80,20,0.2,0.5936280950903893
62,81,19,0.19,0.6463480167090893
58,79,21,0.21,0.657383820861578
72,86,14,0.14,0.6039700239896775
62,81,19,0.19,0.6609245991706848
62,81,19,0.19,0.6092783498764038
66,83,17,0.17,0.6313643217086792
68,84,16,0.16,0.6289091351628303
64,82,18,0.18,0.6272031310200691
70,85,15,0.15,0.6251099491119385
90,95,5,0.05,0.6133137080073356
74,87,13,0.13,0.6706635254621506
60,80,20,0.2,0.620217761695385
58,79,21,0.21,0.6842237147688865
76,88,12,0.12,0.6382043755054474
60,80,20,0.2,0.6263683173060417
72,86,14,0.14,0.615200617313385
64,82,18,0.18,0.6210744115710258
72,86,14,0.14,0.5599964401125908
58,79,21,0.21,0.6291172629594803
74,87,13,0.13,0.6327357932925224
58,79,21,0.21,0.6490568706393242
70,85,15,0.15,0.6207657787203789
74,87,13,0.13,0.6195333138108253
64,82,18,0.18,0.6565092280507088
60,80,20,0.2,0.6479429388046265
68,84,16,0.16,0.6158834621310234
66,83,17,0.17,0.5921765783429146
78,89,11,0.11,0.555167006701231
70,85,15,0.15,0.6567111325263977
72,86,14,0.14,0.6379367941617966
66,83,17,0.17,0.6033109651505947
76,88,12,0.12,0.6432132807374
48,74,26,0.26,0.6380630159378051
82,91,9,0.09,0.5606891345977784
72,86,14,0.14,0.6019215482473373
62,81,19,0.19,0.6149900044500828
78,89,11,0.11,0.6271197390556336
82,91,9,0.09,0.6761076322197914
78,89,11,0.11,0.5656548514962196
60,80,20,0.2,0.624393792450428
70,85,15,0.15,0.6197698429226876
64,82,18,0.18,0.6270001524686813
78,89,11,0.11,0.5368254321813584
68,84,16,0.16,0.5245804780721665
64,82,18,0.18,0.5840446099638938
62,81,19,0.19,0.5772623372077942
64,82,18,0.18,0.5239032685756684
68,84,16,0.16,0.6045767030119896
70,85,15,0.15,0.6151600104570388
68,84,16,0.16,0.542681989967823
74,87,13,0.13,0.6015713036060333
58,79,21,0.21,0.5862638914585113
62,81,19,0.19,0.6151830469071865
80,90,10,0.1,0.556702618598938
56,78,22,0.22,0.6508726605772972
64,82,18,0.18,0.597077637091279
56,78,22,0.22,0.6317207765579224
68,84,16,0.16,0.5823239582777023
72,86,14,0.14,0.644274226129055
62,81,19,0.19,0.6381972703337669
84,92,8,0.08,0.5598806169629097
68,84,16,0.16,0.5670462098717689
66,83,17,0.17,0.5692818200588227
70,85,15,0.15,0.5518831467628479
84,92,8,0.08,0.5795672181248664
72,86,14,0.14,0.5933907863497734
86,93,7,0.07,0.5488200378417969
72,86,14,0.14,0.5826127305626869
62,81,19,0.19,0.5700727772712707
60,80,20,0.2,0.5769762422144413
74,87,13,0.13,0.5621473798155785
76,88,12,0.12,0.6037272337079048
80,90,10,0.1,0.6131745541095733
60,80,20,0.2,0.5675792926549912
64,82,18,0.18,0.5723055028915405
60,80,20,0.2,0.6004292619228363
72,86,14,0.14,0.6643102903664112
80,90,10,0.1,0.602917864471674
66,83,17,0.17,0.5260320529341698
62,81,19,0.19,0.6365424281358719
62,81,19,0.19,0.5469682730734349
70,85,15,0.15,0.533989274352789
68,84,16,0.16,0.5497629861533642
66,83,17,0.17,0.6244524081051349
58,79,21,0.21,0.5851926784217357
84,92,8,0.08,0.49822937428951264
52,76,24,0.24,0.5821448463201523
54,77,23,0.23,0.5943010333180427
80,90,10,0.1,0.585958657860756
74,87,13,0.13,0.5200047686696052
58,79,21,0.21,0.6077831412106752
64,82,18,0.18,0.5508878779411316
46,73,27,0.27,0.6405640292167664
70,85,15,0.15,0.5560134625434876
70,85,15,0.15,0.5517268660664558
70,85,15,0.15,0.5168966737389564
66,83,17,0.17,0.5449461875855923
80,90,10,0.1,0.5771780245006084
62,81,19,0.19,0.5594338792562484
74,87,13,0.13,0.5721979922056198
68,84,16,0.16,0.5615206667780877
72,86,14,0.14,0.5610891985893249
54,77,23,0.23,0.5811070942878723
62,81,19,0.19,0.5507530778646469
82,91,9,0.09,0.6239413240551949
64,82,18,0.18,0.6642320695519447
78,89,11,0.11,0.593293311148882
60,80,20,0.2,0.594660315811634
68,84,16,0.16,0.5884406086802483
60,80,20,0.2,0.6435156083106994
50,75,25,0.25,0.6204230830073356
58,79,21,0.21,0.5299624408781528
58,79,21,0.21,0.6171705439686775
76,88,12,0.12,0.6365243217349053
54,77,23,0.23,0.6374558702111244
64,82,18,0.18,0.5866037511825561
72,86,14,0.14,0.6267148894071579
52,76,24,0.24,0.6256634801626205
72,86,14,0.14,0.6543464335799217
54,77,23,0.23,0.6245800700783729
60,80,20,0.2,0.5719459542632103
64,82,18,0.18,0.6481396481394768
68,84,16,0.16,0.6021135476231575
52,76,24,0.24,0.6394611793756485
72,86,14,0.14,0.5806465724110603
52,76,24,0.24,0.6071430158615112
64,82,18,0.18,0.5919557073712349
64,82,18,0.18,0.6253866654634476
62,81,19,0.19,0.6544808116555214
64,82,18,0.18,0.640785493850708
54,77,23,0.23,0.5913021096587181
68,84,16,0.16,0.5839850696921348
66,83,17,0.17,0.6339580973982811
66,83,17,0.17,0.5903806912899018
72,86,14,0.14,0.6736574140191078
62,81,19,0.19,0.6192612814903259
64,82,18,0.18,0.6055679851770401
54,77,23,0.23,0.6254393884539604
78,89,11,0.11,0.6197150504589081
60,80,20,0.2,0.6501246255636215
64,82,18,0.18,0.6394168776273728
80,90,10,0.1,0.5483408179879189
62,81,19,0.19,0.5977718655765056
68,84,16,0.16,0.6473981192708016
68,84,16,0.16,0.5757196927070618
78,89,11,0.11,0.599726402759552
84,92,8,0.08,0.6369284439086914
64,82,18,0.18,0.5577380377054214
58,79,21,0.21,0.6257216313481331
66,83,17,0.17,0.6223926064372063
60,80,20,0.2,0.5979533675312996
74,87,13,0.13,0.5686043110489846
62,81,19,0.19,0.6182984492182731
64,82,18,0.18,0.5502173286676407
58,79,21,0.21,0.6328487056493759
66,83,17,0.17,0.6133491912484169
70,85,15,0.15,0.5700060719251633
68,84,16,0.16,0.6376913762092591
66,83,17,0.17,0.5870247782766819
60,80,20,0.2,0.6017215313017368
74,87,13,0.13,0.5577508729696273
76,88,12,0.12,0.6026881441473961
62,81,19,0.19,0.6122432029247284
72,86,14,0.14,0.4928343937546015
60,80,20,0.2,0.5951990458369255
62,81,19,0.19,0.5823857441544533
40,70,30,0.3,0.6325191485881806
56,78,22,0.22,0.6879582744836807
60,80,20,0.2,0.5552247795462608
70,85,15,0.15,0.5498702724277973
66,83,17,0.17,0.5836362114548683
60,80,20,0.2,0.6163675138354301
62,81,19,0.19,0.5533845373988151
54,77,23,0.23,0.5851163709163666
74,87,13,0.13,0.5467980176210403
64,82,18,0.18,0.6206032018363475
60,80,20,0.2,0.5841120998561382
64,82,18,0.18,0.6214513424038887
66,83,17,0.17,0.4926285946369171
78,89,11,0.11,0.551986372768879
80,90,10,0.1,0.48966186165809633
70,85,15,0.15,0.5783782237768174
70,85,15,0.15,0.5194705455005169
68,84,16,0.16,0.487216904014349
64,82,18,0.18,0.5083139660954475
66,83,17,0.17,0.562771870791912
48,74,26,0.26,0.5512293493747711
68,84,16,0.16,0.45012283459305763
64,82,18,0.18,0.5120260465145111
64,82,18,0.18,0.4931388829648495
58,79,21,0.21,0.49849286034703255
60,80,20,0.2,0.5047345468401909
82,91,9,0.09,0.44046969518065454
66,83,17,0.17,0.5009103155136109
56,78,22,0.22,0.5209346197545528
60,80,20,0.2,0.5331558498740196
74,87,13,0.13,0.49148855775594713
76,88,12,0.12,0.5281212577223777
82,91,9,0.09,0.49783180356025697
76,88,12,0.12,0.5080582515895367
76,88,12,0.12,0.5558881598711014
52,76,24,0.24,0.51493652805686
76,88,12,0.12,0.548556215018034
60,80,20,0.2,0.4620540043711662
68,84,16,0.16,0.5392499826848507
68,84,16,0.16,0.5011138686537743
62,81,19,0.19,0.533921553939581
58,79,21,0.21,0.5763864693045616
74,87,13,0.13,0.48052522212266924
64,82,18,0.18,0.5055040934681893
56,78,22,0.22,0.5438280622661114
80,90,10,0.1,0.5700457534193992
84,92,8,0.08,0.5176657634228468
64,82,18,0.18,0.4743729318678379
60,80,20,0.2,0.5500101032853126
66,83,17,0.17,0.5497789499163628
76,88,12,0.12,0.4547136476635933
64,82,18,0.18,0.4938942837715149
70,85,15,0.15,0.5050469850003719
62,81,19,0.19,0.5630258737504482
66,83,17,0.17,0.5137287294119597
56,78,22,0.22,0.5263916788995266
72,86,14,0.14,0.556335911899805
60,80,20,0.2,0.5375592775642872
72,86,14,0.14,0.515463968962431
66,83,17,0.17,0.5113166210055351
72,86,14,0.14,0.528966258764267
60,80,20,0.2,0.5707302126288414
84,92,8,0.08,0.570459205955267
72,86,14,0.14,0.6003180259466171
72,86,14,0.14,0.528191994279623
72,86,14,0.14,0.4998588280379772
76,88,12,0.12,0.559050127118826
66,83,17,0.17,0.5698143862187862
64,82,18,0.18,0.5624907571077347
84,92,8,0.08,0.5064596906304359
80,90,10,0.1,0.564677472114563
68,84,16,0.16,0.5828326687216758
68,84,16,0.16,0.5844959318637848
56,78,22,0.22,0.5860229325294495
62,81,19,0.19,0.5822120741009712
62,81,19,0.19,0.5228006741404534
62,81,19,0.19,0.5924788159132004
68,84,16,0.16,0.5499706991016865
60,80,20,0.2,0.5542301920056343
54,77,23,0.23,0.599015976190567
62,81,19,0.19,0.6419972690939904
64,82,18,0.18,0.6082267762720585
66,83,17,0.17,0.6106620225310325
60,80,20,0.2,0.6411739134788513
58,79,21,0.21,0.6198828756809235
64,82,18,0.18,0.6076587393879891
52,76,24,0.24,0.6173612862825394
60,80,20,0.2,0.6276357343792915
66,83,17,0.17,0.5845097714662552
70,85,15,0.15,0.5865529230237008
72,86,14,0.14,0.611645458638668
52,76,24,0.24,0.639078172147274
64,82,18,0.18,0.6253022107481957
62,81,19,0.19,0.6102974739670753
54,77,23,0.23,0.6156523331999779
52,76,24,0.24,0.6177215108275413
50,75,25,0.25,0.6664911481738091
54,77,23,0.23,0.5725403061509132
76,88,12,0.12,0.6375302389264107
80,90,10,0.1,0.6227953633666039
46,73,27,0.27,0.6400147265195847
48,74,26,0.26,0.6124304896593094
70,85,15,0.15,0.5688005693256855
72,86,14,0.14,0.6551598778367043
64,82,18,0.18,0.6466383621096611
44,72,28,0.28,0.6192095795273781
78,89,11,0.11,0.6006605622172355
72,86,14,0.14,0.6162956818938256
66,83,17,0.17,0.6246696120500564
58,79,21,0.21,0.5967059689760208
68,84,16,0.16,0.5706873205304146
70,85,15,0.15,0.5672319424152374
74,87,13,0.13,0.5782061117887497
44,72,28,0.28,0.6177930778265
70,85,15,0.15,0.5704921168088913
76,88,12,0.12,0.5603923055529595
68,84,16,0.16,0.6371218198537827
78,89,11,0.11,0.6430773314833641
62,81,19,0.19,0.5913014364242554
50,75,25,0.25,0.5990681928396225
60,80,20,0.2,0.6245443402230739
60,80,20,0.2,0.6327459862828255
64,82,18,0.18,0.6569477769732476
74,87,13,0.13,0.6449421149492264
54,77,23,0.23,0.7107632973790169
72,86,14,0.14,0.61224524974823
80,90,10,0.1,0.5556904277205468
56,78,22,0.22,0.6223472028970718
56,78,22,0.22,0.6465878862142563
62,81,19,0.19,0.5870644654333591
52,76,24,0.24,0.6582610392570496
74,87,13,0.13,0.5969030418992043
72,86,14,0.14,0.5813808885216712
58,79,21,0.21,0.6408072373270989
50,75,25,0.25,0.6330070069432259
64,82,18,0.18,0.6151299926638604
60,80,20,0.2,0.619202678501606
60,80,20,0.2,0.6152967530488967
62,81,19,0.19,0.6253591406345368
62,81,19,0.19,0.5799278883635998
70,85,15,0.15,0.5522649206221104
70,85,15,0.15,0.6185386297106743
72,86,14,0.14,0.5728692831099034
68,84,16,0.16,0.5789697828888893
80,90,10,0.1,0.5746439969539643
70,85,15,0.15,0.5776490236818791
72,86,14,0.14,0.54805459856987
60,80,20,0.2,0.5822924880683422
54,77,23,0.23,0.5823268756270409
50,75,25,0.25,0.6106065967679024
68,84,16,0.16,0.5358137851953506
70,85,15,0.15,0.5770254790782928
76,88,12,0.12,0.5199046587944031
78,89,11,0.11,0.5492071951925754
64,82,18,0.18,0.6177403955161571
48,74,26,0.26,0.5817266374826431
56,78,22,0.22,0.5769013744592667
62,81,19,0.19,0.5295780436694622
56,78,22,0.22,0.48712813526391985
64,82,18,0.18,0.544434677362442
74,87,13,0.13,0.5843328483402729
72,86,14,0.14,0.5095968152582645
66,83,17,0.17,0.5481544062495232
70,85,15,0.15,0.5236531683802604
70,85,15,0.15,0.5309526281058788
42,71,29,0.29,0.5333417074382305
56,78,22,0.22,0.5337397475540638
80,90,10,0.1,0.5057318380475044
66,83,17,0.17,0.5013129626214504
72,86,14,0.14,0.5299192798137665
48,74,26,0.26,0.5442185357213021
72,86,14,0.14,0.5187302380800247
64,82,18,0.18,0.5078077022731304
74,87,13,0.13,0.5463391959667205
56,78,22,0.22,0.5216522333025932
60,80,20,0.2,0.5363159407675266
74,87,13,0.13,0.437674965262413
60,80,20,0.2,0.570660369694233
64,82,18,0.18,0.5353826013207436
74,87,13,0.13,0.5386156563460827
68,84,16,0.16,0.48473322078585623
80,90,10,0.1,0.5028533521294594
48,74,26,0.26,0.5187896049022674
64,82,18,0.18,0.5662165132164955
66,83,17,0.17,0.4991591739654541
76,88,12,0.12,0.5579286810755729
82,91,9,0.09,0.4733763088285923
54,77,23,0.23,0.5016690780222416
84,92,8,0.08,0.49428509682416916
48,74,26,0.26,0.5148520231246948
76,88,12,0.12,0.5020752920210362
66,83,17,0.17,0.5352000179886818
56,78,22,0.22,0.5529284958541393
66,83,17,0.17,0.46082222267985345
64,82,18,0.18,0.480488982796669
78,89,11,0.11,0.5367199993133545
68,84,16,0.16,0.5248093667626381
70,85,15,0.15,0.48719783410429957
76,88,12,0.12,0.4620762225985527
66,83,17,0.17,0.5226231600344181
72,86,14,0.14,0.5408535708487033
60,80,20,0.2,0.5020860786736011
76,88,12,0.12,0.5044771020114421
52,76,24,0.24,0.5179781758785248
66,83,17,0.17,0.5422662675380707
58,79,21,0.21,0.5496744963526726
58,79,21,0.21,0.5454190626740456
82,91,9,0.09,0.5081476527452469
82,91,9,0.09,0.44423115730285645
68,84,16,0.16,0.5018034896999598
54,77,23,0.23,0.6045319280028343
54,77,23,0.23,0.4838785909861326
48,74,26,0.26,0.5146327535063029
52,76,24,0.24,0.47376201063394546
62,81,19,0.19,0.542716933786869
66,83,17,0.17,0.5560620805621147
74,87,13,0.13,0.49689530476927757
76,88,12,0.12,0.5094747322797776
62,81,19,0.19,0.5132222464680671
62,81,19,0.19,0.5531670533120632
76,88,12,0.12,0.4411506663262844
70,85,15,0.15,0.4838021644949913
82,91,9,0.09,0.4667361202090979
58,79,21,0.21,0.5148106054961681
82,91,9,0.09,0.4793165431916714
58,79,21,0.21,0.5736518900096417
70,85,15,0.15,0.4275436101853847
58,79,21,0.21,0.49121321365237236
66,83,17,0.17,0.4923320670425892
48,74,26,0.26,0.5499710403382778
84,92,8,0.08,0.4665791469812393
78,89,11,0.11,0.5280151425302029
56,78,22,0.22,0.4981144006550312
68,84,16,0.16,0.566323726773262
80,90,10,0.1,0.48679677650332454
56,78,22,0.22,0.5224621929228306
66,83,17,0.17,0.48487358540296555
90,95,5,0.05,0.5077848774939775
76,88,12,0.12,0.515467105358839
52,76,24,0.24,0.49924275748431685
80,90,10,0.1,0.4657510159909725
82,91,9,0.09,0.4327250099182129
92,96,4,0.04,0.42601729832589624
72,86,14,0.14,0.48146825537085536
86,93,7,0.07,0.5035273768007755
80,90,10,0.1,0.45147628739476203
66,83,17,0.17,0.4590996677428484
72,86,14,0.14,0.4669286513328552
56,78,22,0.22,0.5248049169778823
70,85,15,0.15,0.4903901016712189
78,89,11,0.11,0.5055084773898124
60,80,20,0.2,0.5053736810386181
62,81,19,0.19,0.5033052171766758
68,84,16,0.16,0.5011244051158428
74,87,13,0.13,0.5093138480186462
62,81,19,0.19,0.4874132825434208
66,83,17,0.17,0.48196171686053274
74,87,13,0.13,0.495161966830492
68,84,16,0.16,0.500599874407053
74,87,13,0.13,0.5377716380357742
68,84,16,0.16,0.45756359610706565
68,84,16,0.16,0.4751095442473888
72,86,14,0.14,0.5138852502405643
88,94,6,0.06,0.45815609976649285
66,83,17,0.17,0.5401358000189066
62,81,19,0.19,0.45083016574382784
70,85,15,0.15,0.513453868329525
70,85,15,0.15,0.4505746129155159
54,77,23,0.23,0.45444699048995973
72,86,14,0.14,0.4900468347966671
62,81,19,0.19,0.4752180725336075
74,87,13,0.13,0.4893089818954468
66,83,17,0.17,0.4399207401275635
58,79,21,0.21,0.46974125936627387
56,78,22,0.22,0.46132391422986985
68,84,16,0.16,0.4386925061047077
74,87,13,0.13,0.43808279022574426
82,91,9,0.09,0.43148748606443404
68,84,16,0.16,0.45005486130714417
78,89,11,0.11,0.3994070202857256
80,90,10,0.1,0.4300738486647606
60,80,20,0.2,0.42149495586752894
58,79,21,0.21,0.4465451566874981
78,89,11,0.11,0.4436474370956421
74,87,13,0.13,0.47222927019000055
62,81,19,0.19,0.43711190797388555
54,77,23,0.23,0.4701620864123106
76,88,12,0.12,0.4730476775765419
60,80,20,0.2,0.4361334815621376
78,89,11,0.11,0.4125232843309641
58,79,21,0.21,0.4493911331892014
64,82,18,0.18,0.4027414978295565
80,90,10,0.1,0.3685097191110253
52,76,24,0.24,0.4218080063164234
74,87,13,0.13,0.4974532764405012
80,90,10,0.1,0.4306295928359032
90,95,5,0.05,0.42187453448772433
70,85,15,0.15,0.4069403508678079
74,87,13,0.13,0.3876258148998022
76,88,12,0.12,0.49146574065089227
66,83,17,0.17,0.4543463136255741
54,77,23,0.23,0.4875105483829975
62,81,19,0.19,0.4408079517632723
64,82,18,0.18,0.5256246399134398
72,86,14,0.14,0.4345256102085113
80,90,10,0.1,0.40298776641488077
58,79,21,0.21,0.46876487709581854
66,83,17,0.17,0.46348678082227707
64,82,18,0.18,0.45219045259058477
54,77,23,0.23,0.48808028668165204
64,82,18,0.18,0.5218417665362358
76,88,12,0.12,0.40328611820936205
88,94,6,0.06,0.4072410447150469
66,83,17,0.17,0.4687245323508978
74,87,13,0.13,0.42513675287365915
72,86,14,0.14,0.42829183787107467
64,82,18,0.18,0.4838813228905201
66,83,17,0.17,0.4175608442723751
62,81,19,0.19,0.3908502729982138
64,82,18,0.18,0.5188528286665678
56,78,22,0.22,0.4274157673865557
72,86,14,0.14,0.4315761534869671
68,84,16,0.16,0.4032912237197161
78,89,11,0.11,0.4605042101442814
60,80,20,0.2,0.46003022328019144
68,84,16,0.16,0.3900325320661068
56,78,22,0.22,0.5263480235636234
64,82,18,0.18,0.4738608980923891
78,89,11,0.11,0.3881982845813036
84,92,8,0.08,0.3489844501763582
58,79,21,0.21,0.5163273060321808
64,82,18,0.18,0.4738330043852329
70,85,15,0.15,0.41585718140006067
68,84,16,0.16,0.4096818706765771
72,86,14,0.14,0.46425713539123536
58,79,21,0.21,0.38727948009967805
74,87,13,0.13,0.4315848781168461
70,85,15,0.15,0.37438776314258576
74,87,13,0.13,0.4348608422279358
78,89,11,0.11,0.39479434296488763
68,84,16,0.16,0.4190752574801445
66,83,17,0.17,0.4807830768823624
88,94,6,0.06,0.4511203849315643
58,79,21,0.21,0.49885898709297183
80,90,10,0.1,0.40543977066874504
74,87,13,0.13,0.4113722285628319
78,89,11,0.11,0.3936285883933306
70,85,15,0.15,0.44937357008457185
74,87,13,0.13,0.47027807250618936
62,81,19,0.19,0.45186011791229247
84,92,8,0.08,0.4433859495073557
72,86,14,0.14,0.41859907694160936
74,87,13,0.13,0.4912075559049845
62,81,19,0.19,0.4766186571121216
62,81,19,0.19,0.41192892208695414
72,86,14,0.14,0.36897942051291466
58,79,21,0.21,0.46936355359852316
68,84,16,0.16,0.4065801899135113
56,78,22,0.22,0.4399293112754822
60,80,20,0.2,0.45895404152572156
70,85,15,0.15,0.421328152269125
56,78,22,0.22,0.49245669893920424
64,82,18,0.18,0.46390716306865215
80,90,10,0.1,0.4221015107631683
64,82,18,0.18,0.4485572735220194
66,83,17,0.17,0.45307906344532967
80,90,10,0.1,0.4289030788466334
74,87,13,0.13,0.35277971178293227
78,89,11,0.11,0.45043273210525514
66,83,17,0.17,0.387510921433568
76,88,12,0.12,0.3814084131270647
66,83,17,0.17,0.47466348074376585
62,81,19,0.19,0.5251794916391372
82,91,9,0.09,0.4463625144958496
56,78,22,0.22,0.41051910027861593
66,83,17,0.17,0.5172728492319584
74,87,13,0.13,0.4060422113537788
82,91,9,0.09,0.42842029727995395
58,79,21,0.21,0.42645880274474623
44,72,28,0.28,0.4830474589765072
58,79,21,0.21,0.48257049918174744
82,91,9,0.09,0.43477257527410984
68,84,16,0.16,0.5247350886464119
78,89,11,0.11,0.4513863016664982
76,88,12,0.12,0.4486911728978157
66,83,17,0.17,0.4519311820715666
70,85,15,0.15,0.48342130571603775
80,90,10,0.1,0.45980686709284785
74,87,13,0.13,0.4533073827624321
78,89,11,0.11,0.430963921174407
68,84,16,0.16,0.338123849183321
88,94,6,0.06,0.4021714088320732
80,90,10,0.1,0.46859417721629143
68,84,16,0.16,0.45247583627700805
78,89,11,0.11,0.370746893286705
66,83,17,0.17,0.4229576560854912
76,88,12,0.12,0.3983054479211569
80,90,10,0.1,0.4373017514497042
58,79,21,0.21,0.4270910455286503
56,78,22,0.22,0.5199157626926899
70,85,15,0.15,0.38466616660356523
64,82,18,0.18,0.42973740965127943
70,85,15,0.15,0.4522524853795767
54,77,23,0.23,0.5247326493263245
78,89,11,0.11,0.41907316859811544
50,75,25,0.25,0.49857315957546233
66,83,17,0.17,0.43402005165815355
74,87,13,0.13,0.39175442650914194
64,82,18,0.18,0.47468296855688097
90,95,5,0.05,0.4661710871011019
86,93,7,0.07,0.4072382564097643
66,83,17,0.17,0.41408372804522514
74,87,13,0.13,0.44041247010231016
62,81,19,0.19,0.45994590405374763
70,85,15,0.15,0.45745036453008653
74,87,13,0.13,0.4036353065818548
68,84,16,0.16,0.42671582475304604
66,83,17,0.17,0.47455941438674926
76,88,12,0.12,0.38667897060513495
70,85,15,0.15,0.4599209205061197
58,79,21,0.21,0.5154181061685086
50,75,25,0.25,0.4896288312971592
70,85,15,0.15,0.437113226801157
72,86,14,0.14,0.45896057806909085
46,73,27,0.27,0.47848464354872705
76,88,12,0.12,0.3925225540995598
78,89,11,0.11,0.4535205931961536
82,91,9,0.09,0.46375611048191784
60,80,20,0.2,0.5114675475656987
50,75,25,0.25,0.42404134407639504
72,86,14,0.14,0.48098017811775207
66,83,17,0.17,0.3952877509593964
76,88,12,0.12,0.4686689764261246
70,85,15,0.15,0.4294656656682491
62,81,19,0.19,0.5000403106212616
74,87,13,0.13,0.4969117836654186
66,83,17,0.17,0.45686306320130826
58,79,21,0.21,0.45267362482845785
62,81,19,0.19,0.44321814030408857
80,90,10,0.1,0.43335530541837214
70,85,15,0.15,0.48625288136303424
74,87,13,0.13,0.5159843802452088
78,89,11,0.11,0.4668798397481442
74,87,13,0.13,0.4074309129267931
88,94,6,0.06,0.41755987145006657
74,87,13,0.13,0.4586629495024681
70,85,15,0.15,0.42124709725379944
74,87,13,0.13,0.4435339432954788
64,82,18,0.18,0.43640712663531306
76,88,12,0.12,0.45019718624651434
58,79,21,0.21,0.49726304292678836
68,84,16,0.16,0.43854997992515565
70,85,15,0.15,0.4968936976790428
70,85,15,0.15,0.4751727093011141
78,89,11,0.11,0.4415485894680023
50,75,25,0.25,0.4470313158631325
80,90,10,0.1,0.3991865700483322
66,83,17,0.17,0.4759581074118614
60,80,20,0.2,0.47324095211923123
56,78,22,0.22,0.4554388917982578
74,87,13,0.13,0.41018444880843163
70,85,15,0.15,0.4850034135580063
70,85,15,0.15,0.43305762976408
64,82,18,0.18,0.4868555179238319
70,85,15,0.15,0.3815473171323538
82,91,9,0.09,0.4054540982097387
68,84,16,0.16,0.4198131921887398
78,89,11,0.11,0.43770194217562675
60,80,20,0.2,0.4954966753721237
76,88,12,0.12,0.44490308679640295
68,84,16,0.16,0.46559059217572213
76,88,12,0.12,0.46401111006736756
60,80,20,0.2,0.5547421437501907
62,81,19,0.19,0.540927834957838
74,87,13,0.13,0.45801163986325266
80,90,10,0.1,0.5304101355373859
66,83,17,0.17,0.4840848743915558
72,86,14,0.14,0.5101154424250126
72,86,14,0.14,0.46206172585487365
84,92,8,0.08,0.5164954376220703
82,91,9,0.09,0.46023832969367506
78,89,11,0.11,0.45462998539209365
72,86,14,0.14,0.4196532154083252
84,92,8,0.08,0.47107256650924684
84,92,8,0.08,0.39850770108401773
88,94,6,0.06,0.4028827116638422
68,84,16,0.16,0.4381375639885664
62,81,19,0.19,0.4535293388366699
56,78,22,0.22,0.42901936553418635
60,80,20,0.2,0.4241810470819473
88,94,6,0.06,0.3838307839632034
66,83,17,0.17,0.4986122453957796
58,79,21,0.21,0.3886376806348562
82,91,9,0.09,0.4553259810060263
80,90,10,0.1,0.3989806228131056
80,90,10,0.1,0.3955313744395971
76,88,12,0.12,0.42088817864656447
76,88,12,0.12,0.38004587054252625
80,90,10,0.1,0.3923216699063778
68,84,16,0.16,0.4222394197434187
76,88,12,0.12,0.39956515535712245
68,84,16,0.16,0.3727371411770582
74,87,13,0.13,0.4029002367705107
54,77,23,0.23,0.4226854847744107
72,86,14,0.14,0.4065047065541148
92,96,4,0.04,0.296773799136281
82,91,9,0.09,0.44326082706451414
68,84,16,0.16,0.4314771068096161
70,85,15,0.15,0.42985219180583956
84,92,8,0.08,0.4070049126446247
60,80,20,0.2,0.4553458172082901
48,74,26,0.26,0.4087385040894151
68,84,16,0.16,0.4383933413773775
44,72,28,0.28,0.4694151806272566
80,90,10,0.1,0.3972316616773605
64,82,18,0.18,0.4057706625014543
72,86,14,0.14,0.3786448738723993
80,90,10,0.1,0.42155539073050025
82,91,9,0.09,0.37540957018733023
72,86,14,0.14,0.3809842826426029
70,85,15,0.15,0.41568555377423766
56,78,22,0.22,0.48984773486852645
76,88,12,0.12,0.3713696948811412
58,79,21,0.21,0.354924958050251
74,87,13,0.13,0.3505699857324362
64,82,18,0.18,0.44256349101662634
84,92,8,0.08,0.34254100527614356
84,92,8,0.08,0.32542550392448905
76,88,12,0.12,0.3578779342025518
74,87,13,0.13,0.3410125993564725
70,85,15,0.15,0.4117639848217368
80,90,10,0.1,0.3116402941942215
60,80,20,0.2,0.40795172810554503
62,81,19,0.19,0.46658128648996355
72,86,14,0.14,0.4092461011558771
64,82,18,0.18,0.3625445871800184
62,81,19,0.19,0.3456863489374518
66,83,17,0.17,0.3655612813681364
80,90,10,0.1,0.3192196739464998
68,84,16,0.16,0.38110611848533155
44,72,28,0.28,0.39664243418723344
78,89,11,0.11,0.4056347170472145
76,88,12,0.12,0.35725899524986743
70,85,15,0.15,0.3123932304233313
54,77,23,0.23,0.40134319067001345
64,82,18,0.18,0.3582373049110174
68,84,16,0.16,0.3567888690531254
62,81,19,0.19,0.3124103198200464
68,84,16,0.16,0.41135507993400094
74,87,13,0.13,0.37978806491941214
68,84,16,0.16,0.3700365801900625
82,91,9,0.09,0.38854152329266073
60,80,20,0.2,0.39381033584475517
70,85,15,0.15,0.36120791848748923
70,85,15,0.15,0.3781067434698343
58,79,21,0.21,0.379080360904336
64,82,18,0.18,0.3808535396680236
70,85,15,0.15,0.4006226217374206
80,90,10,0.1,0.3728515998274088
64,82,18,0.18,0.2699939950555563
80,90,10,0.1,0.36490522608160975
74,87,13,0.13,0.3830876260623336
70,85,15,0.15,0.3391869615763426
54,77,23,0.23,0.37441805958747865
76,88,12,0.12,0.3120314235985279
70,85,15,0.15,0.3053353723883629
62,81,19,0.19,0.2990865609049797
70,85,15,0.15,0.40319602517411113
74,87,13,0.13,0.4028353840857744
80,90,10,0.1,0.317288629822433
68,84,16,0.16,0.34197348088026047
68,84,16,0.16,0.3956688919663429
64,82,18,0.18,0.2821704797446728
80,90,10,0.1,0.39642160648480057
74,87,13,0.13,0.2966660423576832
68,84,16,0.16,0.3429943231493235
58,79,21,0.21,0.42650673814117906
74,87,13,0.13,0.36993663385510445
56,78,22,0.22,0.34862899743020537
72,86,14,0.14,0.28260906256735324
88,94,6,0.06,0.3689694439060986
82,91,9,0.09,0.31615623507648705
66,83,17,0.17,0.3476578429341316
82,91,9,0.09,0.2501410809159279
68,84,16,0.16,0.3241746354848146
86,93,7,0.07,0.27239447701722386
68,84,16,0.16,0.302973519153893
78,89,11,0.11,0.29491829976439476
68,84,16,0.16,0.36068332094699146
76,88,12,0.12,0.2830184968188405
78,89,11,0.11,0.3592982829362154
66,83,17,0.17,0.3715754574537277
72,86,14,0.14,0.25293129358440636
60,80,20,0.2,0.2602607290074229
82,91,9,0.09,0.3585049620643258
60,80,20,0.2,0.3788732214644551
68,84,16,0.16,0.2775819417834282
70,85,15,0.15,0.3199712696671486
66,83,17,0.17,0.3675843047699891
80,90,10,0.1,0.3538147637248039
82,91,9,0.09,0.3526782090216875
70,85,15,0.15,0.2606304208561778
86,93,7,0.07,0.2887221660465002
78,89,11,0.11,0.3746824685484171
76,88,12,0.12,0.3610343048349023
94,97,3,0.03,0.27798267133533955
76,88,12,0.12,0.34908901996910574
68,84,16,0.16,0.2847183121740818
70,85,15,0.15,0.3397139133140445
72,86,14,0.14,0.28287044491618873
84,92,8,0.08,0.3393567659705877
78,89,11,0.11,0.3613406204432249
62,81,19,0.19,0.30566232979297636
50,75,25,0.25,0.39023092852905394
88,94,6,0.06,0.3465394809469581
66,83,17,0.17,0.32697164453566074
56,78,22,0.22,0.3293110816553235
66,83,17,0.17,0.3131519711390138
78,89,11,0.11,0.36678101676516234
72,86,14,0.14,0.32928709641098974
78,89,11,0.11,0.27500704005360604
76,88,12,0.12,0.3498764788731933
84,92,8,0.08,0.31897031761705874
64,82,18,0.18,0.27641017496585846
56,78,22,0.22,0.2743681551888585
78,89,11,0.11,0.3538861262053251
62,81,19,0.19,0.32925832994282245
68,84,16,0.16,0.33853287652134895
82,91,9,0.09,0.2961972291767597
68,84,16,0.16,0.3657217117398977
68,84,16,0.16,0.3178228340297937
64,82,18,0.18,0.3324304987490177
58,79,21,0.21,0.3033857920393348
60,80,20,0.2,0.3741220001503825
72,86,14,0.14,0.3498338855430484
70,85,15,0.15,0.3104132264107466
62,81,19,0.19,0.30241555348038673
52,76,24,0.24,0.320520296394825
70,85,15,0.15,0.3256478095054626
74,87,13,0.13,0.33204231433570386
82,91,9,0.09,0.27310994688421486
64,82,18,0.18,0.3202224455215037
68,84,16,0.16,0.31833366773091254
70,85,15,0.15,0.28573197513818743
72,86,14,0.14,0.28527935326099396
62,81,19,0.19,0.3372503271978349
68,84,16,0.16,0.3168216533213854
74,87,13,0.13,0.2998165678232908
74,87,13,0.13,0.3566240669414401
88,94,6,0.06,0.3553677084669471
76,88,12,0.12,0.3546929153800011
66,83,17,0.17,0.3643841465562582
74,87,13,0.13,0.33468809735029936
80,90,10,0.1,0.29289156917482617
76,88,12,0.12,0.31814356066286564
58,79,21,0.21,0.3122849083505571
60,80,20,0.2,0.2956487532937899
76,88,12,0.12,0.27875480595044794
64,82,18,0.18,0.29426623150706294
80,90,10,0.1,0.31613402109593153
72,86,14,0.14,0.27198581263422966
70,85,15,0.15,0.30228285774588587
78,89,11,0.11,0.3205907808244228
86,93,7,0.07,0.2957584499195218
78,89,11,0.11,0.2437013977766037
72,86,14,0.14,0.3051847077906132
76,88,12,0.12,0.28998925127089026
74,87,13,0.13,0.3085853325203061
58,79,21,0.21,0.34826474284753206
72,86,14,0.14,0.2665433308854699
78,89,11,0.11,0.319122508931905
72,86,14,0.14,0.2991603401489556
58,79,21,0.21,0.26758994106203315
66,83,17,0.17,0.30331052910536527
62,81,19,0.19,0.2690888800099492
82,91,9,0.09,0.2699625268485397
66,83,17,0.17,0.3057818014547229
68,84,16,0.16,0.2891925777867436
50,75,25,0.25,0.3014392116293311
78,89,11,0.11,0.26353265505284074
64,82,18,0.18,0.27673026975244286
64,82,18,0.18,0.251480716727674
60,80,20,0.2,0.31754498921334745
68,84,16,0.16,0.2629785146191716
74,87,13,0.13,0.3151023955829442
68,84,16,0.16,0.31938548041507603
66,83,17,0.17,0.2768225434422493
76,88,12,0.12,0.28612135019153356
64,82,18,0.18,0.3722655560914427
74,87,13,0.13,0.30732331797480583
60,80,20,0.2,0.29727062915917485
86,93,7,0.07,0.23782474068924786
58,79,21,0.21,0.3667541521415114
90,95,5,0.05,0.28080106306821107
54,77,23,0.23,0.31989784952253103
68,84,16,0.16,0.3118173661455512
62,81,19,0.19,0.30345415212213994
78,89,11,0.11,0.3029171223193407
60,80,20,0.2,0.3137833127938211
64,82,18,0.18,0.328218690790236
74,87,13,0.13,0.33815056235995145
66,83,17,0.17,0.3492952928319573
76,88,12,0.12,0.37106780167669057
56,78,22,0.22,0.3117892068997026
80,90,10,0.1,0.28649311393499377
74,87,13,0.13,0.32531903244554994
64,82,18,0.18,0.3537554679065943
62,81,19,0.19,0.2637796363607049
74,87,13,0.13,0.30262865260243416
68,84,16,0.16,0.31129679139703514
56,78,22,0.22,0.3514693838357925
72,86,14,0.14,0.284332598936744
72,86,14,0.14,0.29637948140501974
76,88,12,0.12,0.2896404341980815
66,83,17,0.17,0.34299964386969806
62,81,19,0.19,0.3550758913904428
68,84,16,0.16,0.3470198192819953
70,85,15,0.15,0.33867834240198136
48,74,26,0.26,0.32780491281300783
82,91,9,0.09,0.27685531627386806
90,95,5,0.05,0.337506052441895
78,89,11,0.11,0.33897200744599104
72,86,14,0.14,0.2951762350648642
78,89,11,0.11,0.2935162472724915
78,89,11,0.11,0.3210960968956351
68,84,16,0.16,0.3336115179210901
82,91,9,0.09,0.29793671261519195
76,88,12,0.12,0.2684905964881182
72,86,14,0.14,0.3207991659641266
78,89,11,0.11,0.31331039775162933
80,90,10,0.1,0.258539658151567
76,88,12,0.12,0.28201863475143907
70,85,15,0.15,0.3368738398700952
80,90,10,0.1,0.28922195833176373
70,85,15,0.15,0.25166613118723036
72,86,14,0.14,0.36513387743383646
56,78,22,0.22,0.31544225469231607
80,90,10,0.1,0.32687040977180004
72,86,14,0.14,0.274753843434155
64,82,18,0.18,0.23072921814396977
72,86,14,0.14,0.2825278004258871
84,92,8,0.08,0.2859929446876049
84,92,8,0.08,0.2970197365432978
78,89,11,0.11,0.2700616591051221
72,86,14,0.14,0.2492679346166551
58,79,21,0.21,0.25100766226649285
86,93,7,0.07,0.2529399440996349
62,81,19,0.19,0.25912026876583694
90,95,5,0.05,0.18840648325160145
76,88,12,0.12,0.24810955118387937
66,83,17,0.17,0.2618587406538427
76,88,12,0.12,0.2849732323177159
72,86,14,0.14,0.24399672250263393
78,89,11,0.11,0.23665884468704462
58,79,21,0.21,0.27812046380713584
72,86,14,0.14,0.2388131976313889
78,89,11,0.11,0.21122307296842335
64,82,18,0.18,0.25796850681304934
64,82,18,0.18,0.2823881127685308
68,84,16,0.16,0.24904388597235083
78,89,11,0.11,0.29639669513329864
68,84,16,0.16,0.2480836077593267
48,74,26,0.26,0.31543352962471544
56,78,22,0.22,0.28722471665591004
86,93,7,0.07,0.21337419640272856
78,89,11,0.11,0.2876060013845563
78,89,11,0.11,0.2746892908215523
82,91,9,0.09,0.2768951655551791
76,88,12,0.12,0.3006046755053103
52,76,24,0.24,0.21767743268981576
72,86,14,0.14,0.2517511866055429
62,81,19,0.19,0.22057999158278108
70,85,15,0.15,0.20069709826260806
54,77,23,0.23,0.2583227079827338
82,91,9,0.09,0.2004853908903897
74,87,13,0.13,0.28104641880840064
76,88,12,0.12,0.22687116768211127
68,84,16,0.16,0.2747870921343565
86,93,7,0.07,0.23996208661235868
64,82,18,0.18,0.33232770036906006
72,86,14,0.14,0.23868250995874404
66,83,17,0.17,0.2879148625954986
78,89,11,0.11,0.18159058209508658
72,86,14,0.14,0.2721700123697519
58,79,21,0.21,0.2708428920805454
64,82,18,0.18,0.2700303454510868
74,87,13,0.13,0.2654134841542691
56,78,22,0.22,0.29715383376926185
70,85,15,0.15,0.31191793993115424
80,90,10,0.1,0.2110440078936517
76,88,12,0.12,0.17745673678815366
78,89,11,0.11,0.2675924449414015
70,85,15,0.15,0.3022659097798169
56,78,22,0.22,0.23040574880316853
72,86,14,0.14,0.2308810168132186
74,87,13,0.13,0.2271822423301637
76,88,12,0.12,0.2914300132356584
92,96,4,0.04,0.16493478599004446
64,82,18,0.18,0.2534038497507572
82,91,9,0.09,0.24418097088113427
86,93,7,0.07,0.29244911728426815
76,88,12,0.12,0.19405846552923323
84,92,8,0.08,0.21182523533701897
68,84,16,0.16,0.24145876242779196
72,86,14,0.14,0.24773531090468168
78,89,11,0.11,0.25427806001156567
86,93,7,0.07,0.20410147419199348
78,89,11,0.11,0.23714215068146585
66,83,17,0.17,0.2164981992263347
70,85,15,0.15,0.2342418433073908
68,84,16,0.16,0.23348100628703833
68,84,16,0.16,0.2612422860239167
78,89,11,0.11,0.14394306374713778
76,88,12,0.12,0.2626227548718452
70,85,15,0.15,0.28826037196442483
52,76,24,0.24,0.295784510076046
76,88,12,0.12,0.23366156665608287
78,89,11,0.11,0.23865757005289198
66,83,17,0.17,0.209803097974509
66,83,17,0.17,0.2082693438231945
64,82,18,0.18,0.23040880695916713
66,83,17,0.17,0.2810348537750542
78,89,11,0.11,0.2215169820189476
72,86,14,0.14,0.21393009460531176
82,91,9,0.09,0.24373470404243563
80,90,10,0.1,0.1749462193902582
60,80,20,0.2,0.27848022876307366
78,89,11,0.11,0.20227709105238317
82,91,9,0.09,0.25254184264689683
84,92,8,0.08,0.24929140048101545
50,75,25,0.25,0.27525496459566057
76,88,12,0.12,0.20128471500240266
84,92,8,0.08,0.23348959360271693
90,95,5,0.05,0.1694182527810335
70,85,15,0.15,0.23283885322511197
58,79,21,0.21,0.24629381814971565
86,93,7,0.07,0.2034782830812037
72,86,14,0.14,0.19941157582215965
62,81,19,0.19,0.19788553135003895
62,81,19,0.19,0.21827323790639638
86,93,7,0.07,0.21316826406866313
64,82,18,0.18,0.24616439864970743
68,84,16,0.16,0.27381713507696986
76,88,12,0.12,0.2247831941023469
66,83,17,0.17,0.221344786696136
62,81,19,0.19,0.24745186837390065
68,84,16,0.16,0.26332249188795687
78,89,11,0.11,0.1729156474303454
82,91,9,0.09,0.24368461773730815
68,84,16,0.16,0.18823396265506745
80,90,10,0.1,0.1907904683961533
64,82,18,0.18,0.2151014607073739
70,85,15,0.15,0.2216616017743945
86,93,7,0.07,0.22080669690854848
80,90,10,0.1,0.18907585687935352
72,86,14,0.14,0.2067654194869101
76,88,12,0.12,0.2068035289272666
88,94,6,0.06,0.20565326442942022
78,89,11,0.11,0.17166857864242047
70,85,15,0.15,0.18474286291748285
76,88,12,0.12,0.198584311818704
60,80,20,0.2,0.18055349826812744
80,90,10,0.1,0.2332085703499615
76,88,12,0.12,0.27894054765813053
84,92,8,0.08,0.20515202302020044
56,78,22,0.22,0.24420332986861468
72,86,14,0.14,0.21410549828782677
76,88,12,0.12,0.210884825931862
66,83,17,0.17,0.2225784424133599
72,86,14,0.14,0.17428402232006193
80,90,10,0.1,0.2159914559777826
70,85,15,0.15,0.15318337946198882
72,86,14,0.14,0.22107443023473025
60,80,20,0.2,0.1810446656588465
78,89,11,0.11,0.1747182267718017
72,86,14,0.14,0.2536504765134305
78,89,11,0.11,0.22359920466318728
68,84,16,0.16,0.17494209876284003
60,80,20,0.2,0.24002476496621966
84,92,8,0.08,0.23602156919427217
68,84,16,0.16,0.16566763285547495
74,87,13,0.13,0.17248258959501983
78,89,11,0.11,0.1745541832363233
76,88,12,0.12,0.1868585214111954
66,83,17,0.17,0.17152858042158187
72,86,14,0.14,0.24332136321696451
62,81,19,0.19,0.27613017193041745
78,89,11,0.11,0.19297433524392546
76,88,12,0.12,0.24703433662652968
68,84,16,0.16,0.21579636274604128
78,89,11,0.11,0.2493825543532148
76,88,12,0.12,0.1697953627910465
78,89,11,0.11,0.1863149185385555
92,96,4,0.04,0.1597395128849894
78,89,11,0.11,0.16257325764745473
66,83,17,0.17,0.14925872338237242
72,86,14,0.14,0.11949579043313861
74,87,13,0.13,0.12546717981109395
78,89,11,0.11,0.13128601130330936
62,81,19,0.19,0.19379749529995025
52,76,24,0.24,0.1785020130313933
80,90,10,0.1,0.17309929841663688
74,87,13,0.13,0.23256228166632353
72,86,14,0.14,0.12621393530163913
70,85,15,0.15,0.20092612990411
86,93,7,0.07,0.17554011395201086
62,81,19,0.19,0.2268315313756466
66,83,17,0.17,0.12194334581959992
78,89,11,0.11,0.1936493581160903
86,93,7,0.07,0.14729864141438156
78,89,11,0.11,0.19590533193200826
82,91,9,0.09,0.1612645164411515
92,96,4,0.04,0.18921548483427614
72,86,14,0.14,0.18926109156571327
86,93,7,0.07,0.1365960338001605
52,76,24,0.24,0.2138007510267198
82,91,9,0.09,0.14421969827031716
68,84,16,0.16,0.1743626062606927
60,80,20,0.2,0.1697002875804901
50,75,25,0.25,0.19151160635985434
72,86,14,0.14,0.1452521899715066
78,89,11,0.11,0.24755288079380988
54,77,23,0.23,0.2061691367253661
84,92,8,0.08,0.19057053879601882
64,82,18,0.18,0.1480157580366358
40,70,30,0.3,0.19170028532855213
54,77,23,0.23,0.2108543519116938
68,84,16,0.16,0.19656955324113368
72,86,14,0.14,0.178322264268063
74,87,13,0.13,0.2637756776344031
76,88,12,0.12,0.2389305523969233
62,81,19,0.19,0.17565777864307164
80,90,10,0.1,0.20766827419865877
88,94,6,0.06,0.16687694745138287
76,88,12,0.12,0.20745157200144604
78,89,11,0.11,0.19243187971878797
70,85,15,0.15,0.21471440939232708
68,84,16,0.16,0.198020664062351
70,85,15,0.15,0.17626065329648555
82,91,9,0.09,0.1627715329825878
68,84,16,0.16,0.18406838374212384
62,81,19,0.19,0.2011479644291103
62,81,19,0.19,0.19945727679878472
84,92,8,0.08,0.1587151471991092
64,82,18,0.18,0.2562068398483098
48,74,26,0.26,0.22063209222629665
76,88,12,0.12,0.1614197027980117
78,89,11,0.11,0.24062857202254237
72,86,14,0.14,0.16826100058853627
78,89,11,0.11,0.18833124845987187
78,89,11,0.11,0.15785623414441943
56,78,22,0.22,0.2206446317769587
72,86,14,0.14,0.21230030013248324
82,91,9,0.09,0.16006352779455482
80,90,10,0.1,0.12294742998259607
80,90,10,0.1,0.23479970652610063
52,76,24,0.24,0.23207774695008992
76,88,12,0.12,0.18475829932838678
68,84,16,0.16,0.2419981657806784
72,86,14,0.14,0.2475953016243875
78,89,11,0.11,0.18652459637261928
80,90,10,0.1,0.2151919720135629
78,89,11,0.11,0.2643907785695046
78,89,11,0.11,0.24456639417679982
58,79,21,0.21,0.1750825032219291
84,92,8,0.08,0.19177782732527704
80,90,10,0.1,0.23297082525677978
84,92,8,0.08,0.22336091767065228
78,89,11,0.11,0.19218680711463093
70,85,15,0.15,0.23252273395657538
78,89,11,0.11,0.14395395187661053
78,89,11,0.11,0.19913695772178472
72,86,14,0.14,0.19661481296643615
66,83,17,0.17,0.20865222927182914
84,92,8,0.08,0.16946873655542732
76,88,12,0.12,0.15856844244524837
58,79,21,0.21,0.20090393155813216
70,85,15,0.15,0.23116644259076566
58,79,21,0.21,0.22280722312629223
78,89,11,0.11,0.27213410250842573
72,86,14,0.14,0.13262735774274914
80,90,10,0.1,0.2100451709702611
64,82,18,0.18,0.21962723711505533
86,93,7,0.07,0.1948275092896074
72,86,14,0.14,0.23184314965328667
78,89,11,0.11,0.19153868693858386
62,81,19,0.19,0.19353572349995374
90,95,5,0.05,0.24054328391328453
58,79,21,0.21,0.1883190784510225
66,83,17,0.17,0.19124478740617634
62,81,19,0.19,0.21263889648020268
70,85,15,0.15,0.24528317427262664
78,89,11,0.11,0.25565647453069684
84,92,8,0.08,0.18087305851280688
80,90,10,0.1,0.22387594143394382
80,90,10,0.1,0.24803405339829623
70,85,15,0.15,0.2489645328198094
70,85,15,0.15,0.2281324069388211
74,87,13,0.13,0.2052971001714468
74,87,13,0.13,0.1433209250937216
58,79,21,0.21,0.23548113756813108
78,89,11,0.11,0.236443189868005
82,91,9,0.09,0.1694590429472737
82,91,9,0.09,0.16126315300352873
72,86,14,0.14,0.19094927528873085
76,88,12,0.12,0.1923985764977988
80,90,10,0.1,0.15781227321363986
80,90,10,0.1,0.19338388497941195
88,94,6,0.06,0.224490171270445
82,91,9,0.09,0.2049288643919863
48,74,26,0.26,0.17676091694738716
66,83,17,0.17,0.22479051829315722
66,83,17,0.17,0.18304747302085161
50,75,25,0.25,0.17029334139078856
72,86,14,0.14,0.15629040678963066
78,89,11,0.11,0.19937944285571574
60,80,20,0.2,0.1814435459021479
82,91,9,0.09,0.16152238834649324
74,87,13,0.13,0.1479350429214537
78,89,11,0.11,0.20602389079518615
66,83,17,0.17,0.21998335985466838
86,93,7,0.07,0.2035600566107314
78,89,11,0.11,0.1810919874208048
82,91,9,0.09,0.1817944935709238
82,91,9,0.09,0.17993414374534042
70,85,15,0.15,0.18238256258890032
74,87,13,0.13,0.1760363082960248
78,89,11,0.11,0.20558044550009072
66,83,17,0.17,0.1854267861507833
74,87,13,0.13,0.19715046374127268
80,90,10,0.1,0.16777569469064474
74,87,13,0.13,0.1422426525130868
72,86,14,0.14,0.17819902040064334
76,88,12,0.12,0.13436644224682823
62,81,19,0.19,0.12963081344030797
86,93,7,0.07,0.16252893538214266
70,85,15,0.15,0.1878920301236212
76,88,12,0.12,0.17297439079266042
74,87,13,0.13,0.1681429528584704
70,85,15,0.15,0.12486680726986378
66,83,17,0.17,0.19841033801436425
68,84,16,0.16,0.11167977795936167
84,92,8,0.08,0.21165238115005194
58,79,21,0.21,0.18416546381544321
70,85,15,0.15,0.192187859704718
68,84,16,0.16,0.1152517093392089
64,82,18,0.18,0.17452425436116756
66,83,17,0.17,0.17847292096354067
62,81,19,0.19,0.2252371010952629
84,92,8,0.08,0.16616601783782245
72,86,14,0.14,0.15925342676695436
80,90,10,0.1,0.14133947710040956
74,87,13,0.13,0.1385611921036616
70,85,15,0.15,0.13861504356376828
66,83,17,0.17,0.17027226739563048
84,92,8,0.08,0.15923004612326622
80,90,10,0.1,0.1429092245036736
68,84,16,0.16,0.16322234413586556
74,87,13,0.13,0.12339989093132317
64,82,18,0.18,0.19272428822237997
64,82,18,0.18,0.1711609143204987
86,93,7,0.07,0.1447192381741479
76,88,12,0.12,0.09734542941208929
58,79,21,0.21,0.13469833655282856
68,84,16,0.16,0.1492767223995179
72,86,14,0.14,0.18874647362157704
76,88,12,0.12,0.17619047651533037
54,77,23,0.23,0.17281444925349207
72,86,14,0.14,0.1483123349491507
72,86,14,0.14,0.11675381699111313
72,86,14,0.14,0.19437112051993607
70,85,15,0.15,0.13726738147437573
80,90,10,0.1,0.18781184876570478
74,87,13,0.13,0.1606266339076683
62,81,19,0.19,0.13469555668532848
82,91,9,0.09,0.19463758405763656
82,91,9,0.09,0.12386925468686968
80,90,10,0.1,0.13222719566198066
62,81,19,0.19,0.13522362679243088
88,94,6,0.06,0.20691714481101373
66,83,17,0.17,0.13226862768409775
74,87,13,0.13,0.11990930025232956
72,86,14,0.14,0.131854143794626
62,81,19,0.19,0.207034370014444
68,84,16,0.16,0.1488738861051388
78,89,11,0.11,0.12892155851703138
82,91,9,0.09,0.18410652436083183
74,87,13,0.13,0.1491087453858927
76,88,12,0.12,0.12603411187883468
72,86,14,0.14,0.15282521212473513
64,82,18,0.18,0.14171396768419073
70,85,15,0.15,0.15940969687886536
66,83,17,0.17,0.14150059490231798
82,91,9,0.09,0.08721494858153164
74,87,13,0.13,0.15516532111912965
84,92,8,0.08,0.15865227323491127
82,91,9,0.09,0.10718700625933707
56,78,22,0.22,0.11879228713922202
60,80,20,0.2,0.15389818244148046
82,91,9,0.09,0.14385240503121166
52,76,24,0.24,0.12620974496239795
64,82,18,0.18,0.1259044518962037
74,87,13,0.13,0.20816238037543372
70,85,15,0.15,0.10074751234380529
78,89,11,0.11,0.12987004936672747
76,88,12,0.12,0.18169511600397528
62,81,19,0.19,0.1811021823203191
78,89,11,0.11,0.1403895025353995
74,87,13,0.13,0.16685234769713134
66,83,17,0.17,0.13311160975135863
74,87,13,0.13,0.16437053699977697
74,87,13,0.13,0.10534650528337806
70,85,15,0.15,0.18248733227606861
78,89,11,0.11,0.15917786949314178
76,88,12,0.12,0.14739242975134403
66,83,17,0.17,0.16599331624805927
80,90,10,0.1,0.13725939052645117
60,80,20,0.2,0.14495784154743888
84,92,8,0.08,0.13659518637694418
68,84,16,0.16,0.1550515149300918
70,85,15,0.15,0.16350094083696604
80,90,10,0.1,0.1450933827017434
70,85,15,0.15,0.18281989464536308
68,84,16,0.16,0.16473179921042175
70,85,15,0.15,0.11318119603674859
72,86,14,0.14,0.10744969823863357
70,85,15,0.15,0.13334103469736874
88,94,6,0.06,0.16161346322391182
86,93,7,0.07,0.10911649338639108
62,81,19,0.19,0.12030297471779704
70,85,15,0.15,0.21409413176821546
92,96,4,0.04,0.1272768924990669
68,84,16,0.16,0.1208526693098247
86,93,7,0.07,0.13705335497856141
72,86,14,0.14,0.1828337526973337
70,85,15,0.15,0.12727242085151375
66,83,17,0.17,0.17237426083418542
70,85,15,0.15,0.13240784867201
66,83,17,0.17,0.15071164085296915
72,86,14,0.14,0.1558119297598023
62,81,19,0.19,0.1568011283245869
80,90,10,0.1,0.1573049728339538
62,81,19,0.19,0.12138082762394334
64,82,18,0.18,0.19036853888072072
52,76,24,0.24,0.15651505046349484
64,82,18,0.18,0.12336309449514374
64,82,18,0.18,0.16635077145183458
74,87,13,0.13,0.17809252235572784
60,80,20,0.2,0.17327622956829145
76,88,12,0.12,0.16591039339546115
74,87,13,0.13,0.15762932352721692
72,86,14,0.14,0.19332242928911
78,89,11,0.11,0.15596524016465993
66,83,17,0.17,0.1596654463885352
64,82,18,0.18,0.12320752015803009
80,90,10,0.1,0.18813265868346207
74,87,13,0.13,0.155598464726354
76,88,12,0.12,0.10282608070643619
62,81,19,0.19,0.13707624902948737
74,87,13,0.13,0.17851709717651829
82,91,9,0.09,0.08112767247017473
62,81,19,0.19,0.11473099687136709
50,75,25,0.25,0.1361249678488821
76,88,12,0.12,0.17379347675479948
80,90,10,0.1,0.1343001929903403
80,90,10,0.1,0.17599550226936117
66,83,17,0.17,0.1438930158223957
74,87,13,0.13,0.16243374401703478
78,89,11,0.11,0.1603927552467212
78,89,11,0.11,0.11128871097665978
76,88,12,0.12,0.1583280900050886
84,92,8,0.08,0.09916187717113643
74,87,13,0.13,0.17479472935199739
66,83,17,0.17,0.08741348013048991
70,85,15,0.15,0.12098481605411507
78,89,11,0.11,0.1589477715420071
62,81,19,0.19,0.17012847458943725
78,89,11,0.11,0.1288876290549524
84,92,8,0.08,0.10555621600709855
66,83,17,0.17,0.1714988685073331
78,89,11,0.11,0.1476834444864653
82,91,9,0.09,0.18524701643036678
68,84,16,0.16,0.14434333430603147
78,89,11,0.11,0.11191994724795222
70,85,15,0.15,0.14145331321517005
62,81,19,0.19,0.16406242270488292
80,90,10,0.1,0.12864253044128418
60,80,20,0.2,0.18077895317226647
82,91,9,0.09,0.20713332351937425
76,88,12,0.12,0.17482481987797654
76,88,12,0.12,0.12479575383185874
64,82,18,0.18,0.14341022027656436
68,84,16,0.16,0.20046956905629487
88,94,6,0.06,0.1802231426804792
46,73,27,0.27,0.1379829144384712
88,94,6,0.06,0.10378510343376547
60,80,20,0.2,0.19675846268888564
70,85,15,0.15,0.156727456683293
86,93,7,0.07,0.1756459714844823
76,88,12,0.12,0.15051482523325832
74,87,13,0.13,0.1112857420090586
74,87,13,0.13,0.1563508780859411
58,79,21,0.21,0.1527234087162651
72,86,14,0.14,0.14273490070714615
88,94,6,0.06,0.1759344779327512
62,81,19,0.19,0.16229326856322587
78,89,11,0.11,0.1537105596717447
68,84,16,0.16,0.14529731064103543
72,86,14,0.14,0.16705943781416863
80,90,10,0.1,0.18041106841061263
82,91,9,0.09,0.15557156546972692
48,74,26,0.26,0.1738688484672457
80,90,10,0.1,0.21395242074504495
86,93,7,0.07,0.14849672585260124
78,89,11,0.11,0.14776214642392005
66,83,17,0.17,0.13519591052085161
76,88,12,0.12,0.13855999521212653
88,94,6,0.06,0.182155255114194
64,82,18,0.18,0.15239164424128832
64,82,18,0.18,0.12303667680593207
74,87,13,0.13,0.17435307664331048
80,90,10,0.1,0.1725305327400565
86,93,7,0.07,0.1739293059753254
66,83,17,0.17,0.15938578472472728
88,94,6,0.06,0.13696940032881685
70,85,15,0.15,0.14020753561984747
88,94,6,0.06,0.21016172407311387
76,88,12,0.12,0.17774616624228656
82,91,9,0.09,0.08914306482998655
66,83,17,0.17,0.1652307177311741
78,89,11,0.11,0.2229044033761602
90,95,5,0.05,0.14081023670209106
68,84,16,0.16,0.08524361025367398
66,83,17,0.17,0.13673962755477986
84,92,8,0.08,0.16669241090421566
82,91,9,0.09,0.16829722694121302
76,88,12,0.12,0.148077205629088
76,88,12,0.12,0.1339110933523625
88,94,6,0.06,0.16737310158088803
78,89,11,0.11,0.14929108994081616
64,82,18,0.18,0.12882154104299842
84,92,8,0.08,0.13504763518925755
78,89,11,0.11,0.13308849702589215
66,83,17,0.17,0.13924834517762064
66,83,17,0.17,0.1771671287342906
52,76,24,0.24,0.21495203777216376
82,91,9,0.09,0.1347453638445586
74,87,13,0.13,0.16880207843147219
70,85,15,0.15,0.11608067871304228
80,90,10,0.1,0.09973534991964698
84,92,8,0.08,0.15551336656790227
68,84,16,0.16,0.14111372809391468
54,77,23,0.23,0.14590206555090846
72,86,14,0.14,0.1574140264093876
74,87,13,0.13,0.14267717420123519
68,84,16,0.16,0.15292571815196424
74,87,13,0.13,0.1168868272646796
88,94,6,0.06,0.11805305501911789
66,83,17,0.17,0.1745616880338639
80,90,10,0.1,0.139067349168472
60,80,20,0.2,0.14562944242730735
78,89,11,0.11,0.18148610775126145
74,87,13,0.13,0.3328316494170576
82,91,9,0.09,0.18166733933147042
68,84,16,0.16,0.17291921644937247
74,87,13,0.13,0.13591474162880332
66,83,17,0.17,0.16058234703261406
80,90,10,0.1,0.15100008619134314
78,89,11,0.11,0.1390293181524612
86,93,7,0.07,0.16283863827120512
78,89,11,0.11,0.1368315244000405
76,88,12,0.12,0.18284731050254777
66,83,17,0.17,0.11363062465563417
66,83,17,0.17,0.13540973430033773
74,87,13,0.13,0.14849560500588269
76,88,12,0.12,0.11690549204591662
58,79,21,0.21,0.15832848354242743
74,87,13,0.13,0.1747800889238715
70,85,15,0.15,0.1535014558909461
68,84,16,0.16,0.19581421072769445
70,85,15,0.15,0.1506121806288138
54,77,23,0.23,0.177254144330509
72,86,14,0.14,0.1329816908109933
84,92,8,0.08,0.12598522680345922
74,87,13,0.13,0.17157236426603048
84,92,8,0.08,0.1393183106649667
62,81,19,0.19,0.14832455640658737
80,90,10,0.1,0.12916312670917252
68,84,16,0.16,0.13226121274288744
76,88,12,0.12,0.10907018778845667
66,83,17,0.17,0.17870088128969655
78,89,11,0.11,0.1798846615292132
52,76,24,0.24,0.12406598643050529
78,89,11,0.11,0.12265925091691315
66,83,17,0.17,0.16321279177092948
70,85,15,0.15,0.1049698301940225
60,80,20,0.2,0.15509846264496446
80,90,10,0.1,0.11595021759159863
76,88,12,0.12,0.15378466715104877
70,85,15,0.15,0.1382129357242957
60,80,20,0.2,0.1256499758618884
76,88,12,0.12,0.12112682798877358
64,82,18,0.18,0.17082459663506597
78,89,11,0.11,0.12201308623538352
78,89,11,0.11,0.12929758244892584
76,88,12,0.12,0.14113015457289294
70,85,15,0.15,0.1428687385795638
76,88,12,0.12,0.12637622242793442
62,81,19,0.19,0.16357948509510606
72,86,14,0.14,0.14180425201309846
78,89,11,0.11,0.14717659380752593
80,90,10,0.1,0.12466057065874338
90,95,5,0.05,0.15717797642340883
84,92,8,0.08,0.10209133625496179
76,88,12,0.12,0.15322556294500828
68,84,16,0.16,0.13716769048012792
80,90,10,0.1,0.1571092078066431
92,96,4,0.04,0.09074543906841427
80,90,10,0.1,0.17867585169617087
72,86,14,0.14,0.1673910206835717
66,83,17,0.17,0.11991904579801485
86,93,7,0.07,0.10317961386404932
82,91,9,0.09,0.10450522404396906
76,88,12,0.12,0.15609744618763216
78,89,11,0.11,0.11775634177494794
76,88,12,0.12,0.1426491456432268
66,83,17,0.17,0.17421786034014075
62,81,19,0.19,0.16051642991253176
64,82,18,0.18,0.15485656938981265
78,89,11,0.11,0.09984863161109388
68,84,16,0.16,0.20359476580983027
76,88,12,0.12,0.13519301596446895
84,92,8,0.08,0.15199746215483173
68,84,16,0.16,0.1610846468899399
66,83,17,0.17,0.14339706238824873
58,79,21,0.21,0.11204459339380264
42,71,29,0.29,0.15478328854311257
78,89,11,0.11,0.1329423088300973
82,91,9,0.09,0.15020691184327006
70,85,15,0.15,0.13164774991571904
58,79,21,0.21,0.19078608453040943
66,83,17,0.17,0.1477228045591619
80,90,10,0.1,0.1169245245703496
74,87,13,0.13,0.10250928393565119
68,84,16,0.16,0.166432302929461
52,76,24,0.24,0.16188195542199538
80,90,10,0.1,0.14137758438009768
76,88,12,0.12,0.10639687889255584
60,80,20,0.2,0.2168144020345062
58,79,21,0.21,0.19047463625203817
76,88,12,0.12,0.1628122563357465
70,85,15,0.15,0.1561102514155209
62,81,19,0.19,0.15374693423509597
76,88,12,0.12,0.14259391061146742
74,87,13,0.13,0.22132039798190817
56,78,22,0.22,0.17339936554431915
74,87,13,0.13,0.1844089889898896
82,91,9,0.09,0.19998720776755363
74,87,13,0.13,0.18261614246061073
66,83,17,0.17,0.20756794832414016
78,89,11,0.11,0.15545896197669207
70,85,15,0.15,0.1267055729450658
62,81,19,0.19,0.20311375764198603
70,85,15,0.15,0.18008315678685904
88,94,6,0.06,0.18550278059206904
64,82,18,0.18,0.18804679880617187
74,87,13,0.13,0.13326879725791513
72,86,14,0.14,0.22918052569963038
60,80,20,0.2,0.17536062628962099
76,88,12,0.12,0.11842858255375177
90,95,5,0.05,0.11239023329224437
74,87,13,0.13,0.21006323762703688
66,83,17,0.17,0.12790959884645417
66,83,17,0.17,0.17138185154180974
66,83,17,0.17,0.1063843110227026
78,89,11,0.11,0.19005265373270958
82,91,9,0.09,0.13289019628427923
86,93,7,0.07,0.12269737870432436
72,86,14,0.14,0.1829800421372056
56,78,22,0.22,0.11962263844441623
66,83,17,0.17,0.14155494395643473
80,90,10,0.1,0.15026906897313894
90,95,5,0.05,0.18635265818797053
74,87,13,0.13,0.14116125876549632
76,88,12,0.12,0.10797506544739008
80,90,10,0.1,0.13715769087895752
82,91,9,0.09,0.18223613605136052
90,95,5,0.05,0.18210205174051225
72,86,14,0.14,0.12752622715663164
82,91,9,0.09,0.1246052529825829
70,85,15,0.15,0.15341353475116193
82,91,9,0.09,0.17033519188407809
68,84,16,0.16,0.10724381906446069
76,88,12,0.12,0.15147004910279066
76,88,12,0.12,0.12880449743941427
90,95,5,0.05,0.14396035299636423
86,93,7,0.07,0.1823218345991336
78,89,11,0.11,0.18410067450255155
76,88,12,0.12,0.13271166381891816
70,85,15,0.15,0.12470441971439868
86,93,7,0.07,0.1617191161913797
70,85,15,0.15,0.16444995858706535
72,86,14,0.14,0.1709768701251596
80,90,10,0.1,0.15099684007931502
64,82,18,0.18,0.1672246278449893
78,89,11,0.11,0.13636492762248964
82,91,9,0.09,0.1394184209126979
66,83,17,0.17,0.18027730656787752
68,84,16,0.16,0.15361772097006907
86,93,7,0.07,0.11467572579160333
78,89,11,0.11,0.16283935801126062
68,84,16,0.16,0.11785331674152985
68,84,16,0.16,0.15264908132143318
86,93,7,0.07,0.14106271079348517
76,88,12,0.12,0.15520318804308772
58,79,21,0.21,0.12391253795474767
82,91,9,0.09,0.15761787930037827
78,89,11,0.11,0.12926460219547153
76,88,12,0.12,0.13831750909332186
76,88,12,0.12,0.1354013861529529
64,82,18,0.18,0.1701169966883026
84,92,8,0.08,0.0851378049235791
62,81,19,0.19,0.12087975033791735
84,92,8,0.08,0.1407603938691318
76,88,12,0.12,0.17342034158296882
72,86,14,0.14,0.17475781099870802
70,85,15,0.15,0.16655793997459115
56,78,22,0.22,0.1758625626913272
78,89,11,0.11,0.13240442415233702
66,83,17,0.17,0.11508981353603304
80,90,10,0.1,0.1766547192353755
70,85,15,0.15,0.17665306170936673
64,82,18,0.18,0.18644582802429796
66,83,17,0.17,0.17094228276517243
70,85,15,0.15,0.13802879328373818
82,91,9,0.09,0.15535215712618083
60,80,20,0.2,0.13973912548972295
66,83,17,0.17,0.12829458026215435
86,93,7,0.07,0.15381811445113272
92,96,4,0.04,0.15716425623279065
90,95,5,0.05,0.14257462219335137
66,83,17,0.17,0.1704903937643394
68,84,16,0.16,0.1423027196759358
80,90,10,0.1,0.10975202947389334
86,93,7,0.07,0.12810018389020114
66,83,17,0.17,0.1832107149460353
66,83,17,0.17,0.14804384001530707
80,90,10,0.1,0.13461693233577535
78,89,11,0.11,0.10597150245681405
86,93,7,0.07,0.15983488326892256
76,88,12,0.12,0.1813400986022316
88,94,6,0.06,0.14224121100734918
68,84,16,0.16,0.11865588248707354
84,92,8,0.08,0.16997046198695898
66,83,17,0.17,0.22028144558658824
84,92,8,0.08,0.17835124515928327
64,82,18,0.18,0.15878323207143694
74,87,13,0.13,0.1730311741819605
68,84,16,0.16,0.19952551363036036
68,84,16,0.16,0.1733082146476954
68,84,16,0.16,0.13317997520556674
70,85,15,0.15,0.15199805216863752
86,93,7,0.07,0.1598728776257485
66,83,17,0.17,0.11218160242773592
66,83,17,0.17,0.15766061917645857
80,90,10,0.1,0.12304155048914253
62,81,19,0.19,0.11465101947193033
84,92,8,0.08,0.10056304363184608
58,79,21,0.21,0.15677768245339394
78,89,11,0.11,0.14158884662203491
60,80,20,0.2,0.16014677652769024
80,90,10,0.1,0.10283191778697073
56,78,22,0.22,0.13393595983739942
84,92,8,0.08,0.15601685896515846
78,89,11,0.11,0.12983289948664606
50,75,25,0.25,0.15521437670104204
72,86,14,0.14,0.11701439131982624
60,80,20,0.2,0.15777289712335915
72,86,14,0.14,0.15184129532775842
62,81,19,0.19,0.1553709426824935
72,86,14,0.14,0.12502021458465606
70,85,15,0.15,0.16608606474474072
78,89,11,0.11,0.15553302673622965
50,75,25,0.25,0.1478250809479505
72,86,14,0.14,0.11716719975229353
80,90,10,0.1,0.1594962526438758
76,88,12,0.12,0.16233482289593668
82,91,9,0.09,0.13634395587956533
62,81,19,0.19,0.14767151738866233
80,90,10,0.1,0.1795964659960009
78,89,11,0.11,0.16924172015395014
86,93,7,0.07,0.13684888664633035
76,88,12,0.12,0.09831383645534515
68,84,16,0.16,0.17386247364105656
64,82,18,0.18,0.1755940002389252
82,91,9,0.09,0.1725256708962843
72,86,14,0.14,0.12055793741019442
76,88,12,0.12,0.14507411640137435
56,78,22,0.22,0.14226115070283413
74,87,13,0.13,0.18374912021681666
70,85,15,0.15,0.14072101775556803
80,90,10,0.1,0.13423179406672717
66,83,17,0.17,0.15518723062239587
60,80,20,0.2,0.1743863713927567
70,85,15,0.15,0.1608373363688588
80,90,10,0.1,0.13314460075227544
66,83,17,0.17,0.14497006677556784
52,76,24,0.24,0.165562883480452
58,79,21,0.21,0.17391745693050326
38,69,31,0.31,0.17191653797402978
74,87,13,0.13,0.17255184249021113
78,89,11,0.11,0.1468885591486469
70,85,15,0.15,0.11968711717519909
66,83,17,0.17,0.1364207757404074
80,90,10,0.1,0.21470864656381308
76,88,12,0.12,0.1617396603245288
66,83,17,0.17,0.16864910867996513
74,87,13,0.13,0.187344862325117
74,87,13,0.13,0.1849063574988395
84,92,8,0.08,0.1556144040171057
68,84,16,0.16,0.12854256884194912
84,92,8,0.08,0.16027436898788439
76,88,12,0.12,0.12421346719376743
78,89,11,0.11,0.19036968551110475
66,83,17,0.17,0.17971409128047525
66,83,17,0.17,0.13246732232626526
76,88,12,0.12,0.15317955682054163
76,88,12,0.12,0.18727694469154813
68,84,16,0.16,0.15712438647635282
72,86,14,0.14,0.1466942612978164
60,80,20,0.2,0.1408720050798729
84,92,8,0.08,0.1785843023378402
82,91,9,0.09,0.1888086213171482
80,90,10,0.1,0.13727425515186042
70,85,15,0.15,0.1503818874619901
78,89,11,0.11,0.18159939256031066
46,73,27,0.27,0.15450399793917313
68,84,16,0.16,0.1490313734533265
82,91,9,0.09,0.13591328696347774
82,91,9,0.09,0.1678206008300185
74,87,13,0.13,0.16882840248756112
54,77,23,0.23,0.14971156290761428
70,85,15,0.15,0.1287494830787182
72,86,14,0.14,0.2105786401964724
66,83,17,0.17,0.14401643712073564
76,88,12,0.12,0.15234641620889305
70,85,15,0.15,0.10979657317511737
82,91,9,0.09,0.15261699293740094
68,84,16,0.16,0.1686392853781581
62,81,19,0.19,0.16306232587900013
72,86,14,0.14,0.12519199391826988
66,83,17,0.17,0.14507650526706128
94,97,3,0.03,0.1960845012590289
62,81,19,0.19,0.21633336040657014
72,86,14,0.14,0.1819634991697967
74,87,13,0.13,0.21837263867259027
72,86,14,0.14,0.13257212221622466
76,88,12,0.12,0.13223210944794117
82,91,9,0.09,0.12391301773721353
70,85,15,0.15,0.21274975867941975
74,87,13,0.13,0.13830103324027732
60,80,20,0.2,0.14022837088909001
78,89,11,0.11,0.1410177826322615
48,74,26,0.26,0.16321451792493463
78,89,11,0.11,0.14674721479415895
58,79,21,0.21,0.1455920925550163
80,90,10,0.1,0.255306842001155
66,83,17,0.17,0.16155671717599035
68,84,16,0.16,0.1948535413760692
82,91,9,0.09,0.14789099086541682
72,86,14,0.14,0.2641722741629928
66,83,17,0.17,0.18300998956896364
88,94,6,0.06,0.1658429959975183
88,94,6,0.06,0.1187832273193635
74,87,13,0.13,0.22611450174823403
66,83,17,0.17,0.18679217280820012
64,82,18,0.18,0.15229372643865646
78,89,11,0.11,0.17014818099327386
68,84,16,0.16,0.1774622360849753
66,83,17,0.17,0.17439445737749337
62,81,19,0.19,0.20443781880661846
70,85,15,0.15,0.14690971089992672
66,83,17,0.17,0.15290749743580817
68,84,16,0.16,0.13028591220267116
88,94,6,0.06,0.13399894473375754
72,86,14,0.14,0.16629059080034495
60,80,20,0.2,0.17018000840209424
74,87,13,0.13,0.1960022736468818
60,80,20,0.2,0.14198438566643745
72,86,14,0.14,0.1538177190721035
82,91,9,0.09,0.1335865442454815
76,88,12,0.12,0.18027585200499743
72,86,14,0.14,0.12298869859892875
70,85,15,0.15,0.17866911519318818
60,80,20,0.2,0.20556810363195838
76,88,12,0.12,0.23473687866702675
68,84,16,0.16,0.19152255748398603
60,80,20,0.2,0.21564973645843566
72,86,14,0.14,0.23979076316580175
66,83,17,0.17,0.20086291583254934
60,80,20,0.2,0.196170382759301
52,76,24,0.24,0.19068058223463594
72,86,14,0.14,0.15141252860426901
70,85,15,0.15,0.23929090426303445
70,85,15,0.15,0.20380641173571348
58,79,21,0.21,0.19257264937274157
58,79,21,0.21,0.19683607469312847
72,86,14,0.14,0.17719410284655168
76,88,12,0.12,0.16876103714108467
74,87,13,0.13,0.17637332891579718
72,86,14,0.14,0.17251918122172355
78,89,11,0.11,0.18964217038359493
80,90,10,0.1,0.14570316715165973
54,77,23,0.23,0.21460887673310935
60,80,20,0.2,0.164976825742051
70,85,15,0.15,0.21451748631894588
72,86,14,0.14,0.12444834473542869
58,79,21,0.21,0.2128054310567677
76,88,12,0.12,0.14022288141772152
62,81,19,0.19,0.20185231529176234
64,82,18,0.18,0.18376627228222786
58,79,21,0.21,0.17114704388193785
62,81,19,0.19,0.12916519921272993
68,84,16,0.16,0.2191287591913715
68,84,16,0.16,0.18363779147155582
76,88,12,0.12,0.15186453842557968
68,84,16,0.16,0.16709537792950868
66,83,17,0.17,0.16411375053226948
74,87,13,0.13,0.12561416577547788
72,86,14,0.14,0.1348448119033128
68,84,16,0.16,0.1644293036032468
80,90,10,0.1,0.18223408521153034
70,85,15,0.15,0.1605311648733914
66,83,17,0.17,0.1673307098541409
74,87,13,0.13,0.16204097263514997
72,86,14,0.14,0.1575534246349707
76,88,12,0.12,0.15489548714831472
64,82,18,0.18,0.20620259762275964
62,81,19,0.19,0.15765751764178276
86,93,7,0.07,0.1872644992545247
70,85,15,0.15,0.1789476818870753
86,93,7,0.07,0.16668523921165615
62,81,19,0.19,0.15549572561867536
70,85,15,0.15,0.206576124150306
80,90,10,0.1,0.14924851089715957
68,84,16,0.16,0.14293649898841976
66,83,17,0.17,0.19781430235132574
80,90,10,0.1,0.21342617025598884
84,92,8,0.08,0.1598396921157837
82,91,9,0.09,0.13227624618448316
72,86,14,0.14,0.2109645334817469
72,86,14,0.14,0.10748714530374855
62,81,19,0.19,0.20785861318930984
52,76,24,0.24,0.12942251484375447
88,94,6,0.06,0.13421577801462262
76,88,12,0.12,0.1401248886715621
76,88,12,0.12,0.15298021983355284
70,85,15,0.15,0.20685121757909655
82,91,9,0.09,0.1534076750604436
62,81,19,0.19,0.189195491168648
50,75,25,0.25,0.19718210813589393
70,85,15,0.15,0.1361018222756684
80,90,10,0.1,0.17378039309638552
80,90,10,0.1,0.1772700096666813
62,81,19,0.19,0.13643860433250665
76,88,12,0.12,0.17691950413864105
66,83,17,0.17,0.15039928816724568
80,90,10,0.1,0.1369360040128231
68,84,16,0.16,0.120174744958058
62,81,19,0.19,0.15961906455457212
68,84,16,0.16,0.15272863418795168
80,90,10,0.1,0.1815024288929999
84,92,8,0.08,0.12321451616473496
72,86,14,0.14,0.1879983802139759
80,90,10,0.1,0.1112169363675639
74,87,13,0.13,0.16976758800446987
82,91,9,0.09,0.14258373933844268
80,90,10,0.1,0.19770936712855472
76,88,12,0.12,0.13047247670590878
78,89,11,0.11,0.19832796354778112
70,85,15,0.15,0.1899170450028032
68,84,16,0.16,0.16131427945103496
66,83,17,0.17,0.16537112527061254
82,91,9,0.09,0.20821462147869169
58,79,21,0.21,0.16059768377337605
70,85,15,0.15,0.18299132162705065
66,83,17,0.17,0.15674442943185568
80,90,10,0.1,0.17380288599524646
82,91,9,0.09,0.21582930222619326
80,90,10,0.1,0.12063336400082335
82,91,9,0.09,0.14129971464630217
60,80,20,0.2,0.1814313883613795
80,90,10,0.1,0.14744125341065228
70,85,15,0.15,0.122864651652053
70,85,15,0.15,0.1704416256211698
70,85,15,0.15,0.20075208593625576
74,87,13,0.13,0.135928717860952
76,88,12,0.12,0.16942241229116917
68,84,16,0.16,0.13841695031151174
58,79,21,0.21,0.1254296231921762
76,88,12,0.12,0.17993521300377324
80,90,10,0.1,0.17749340419424697
72,86,14,0.14,0.1510855618212372
80,90,10,0.1,0.16726486859843134
78,89,11,0.11,0.11761631346074865
76,88,12,0.12,0.1721583146136254
78,89,11,0.11,0.13750847238115965
72,86,14,0.14,0.20863925016485155
66,83,17,0.17,0.1917147606657818
92,96,4,0.04,0.15540581129025668
72,86,14,0.14,0.11286181622184813
70,85,15,0.15,0.14269974355585874
68,84,16,0.16,0.12271162508288398
72,86,14,0.14,0.09001903080847114
86,93,7,0.07,0.16528973928652704
70,85,15,0.15,0.1875911792460829
76,88,12,0.12,0.16565371114527808
80,90,10,0.1,0.18368127542082222
74,87,13,0.13,0.1299658090993762
48,74,26,0.26,0.1701393061829731
76,88,12,0.12,0.1528088947199285
84,92,8,0.08,0.14345511651132256
94,97,3,0.03,0.10464273461606353
66,83,17,0.17,0.15439107734477148
82,91,9,0.09,0.11770887478603981
78,89,11,0.11,0.1225179620506242
68,84,16,0.16,0.10235543044283986
62,81,19,0.19,0.12167170119762886
80,90,10,0.1,0.15515802669804543
54,77,23,0.23,0.17358396519906819
72,86,14,0.14,0.1450358287151903
68,84,16,0.16,0.18873427223414183
74,87,13,0.13,0.1461353812646121
60,80,20,0.2,0.2272615730483085
74,87,13,0.13,0.09311221839860082
66,83,17,0.17,0.1252841362869367
70,85,15,0.15,0.14467542947269976
60,80,20,0.2,0.19267391924746335
76,88,12,0.12,0.1348197241476737
74,87,13,0.13,0.18753418130800129
60,80,20,0.2,0.11812260105274618
76,88,12,0.12,0.10834073179401457
92,96,4,0.04,0.1475639895396307
78,89,11,0.11,0.15969933987827972
66,83,17,0.17,0.1454161991365254
82,91,9,0.09,0.13387775551062078
70,85,15,0.15,0.14585351708345115
72,86,14,0.14,0.16529900554567575
70,85,15,0.15,0.15768251664936542
82,91,9,0.09,0.2011138541204855
74,87,13,0.13,0.14308442814741285
60,80,20,0.2,0.1810177836753428
84,92,8,0.08,0.13071100698318333
72,86,14,0.14,0.14187122541479766
74,87,13,0.13,0.11548321432201192
66,83,17,0.17,0.21979939886834474
56,78,22,0.22,0.15450035464949907
76,88,12,0.12,0.1748220587335527
70,85,15,0.15,0.17401865887921303
68,84,16,0.16,0.11500573166413233
70,85,15,0.15,0.15478248225990682
78,89,11,0.11,0.14534184658667074
78,89,11,0.11,0.16932815067004411
58,79,21,0.21,0.11476679858984426
76,88,12,0.12,0.1083875169721432
82,91,9,0.09,0.1718532206118107
64,82,18,0.18,0.10338870319072158
74,87,13,0.13,0.11932209939463063
54,77,23,0.23,0.1122643064102158
82,91,9,0.09,0.14274234976619482
62,81,19,0.19,0.13076296465238557
68,84,16,0.16,0.14356098336633294
68,84,16,0.16,0.14206329071428628
78,89,11,0.11,0.14651250725612044
66,83,17,0.17,0.10107747739180922
76,88,12,0.12,0.15255875854287296
66,83,17,0.17,0.17379565428476781
64,82,18,0.18,0.15957482238300144
82,91,9,0.09,0.1582859705807641
82,91,9,0.09,0.1812645341642201
82,91,9,0.09,0.09171329146251082
78,89,11,0.11,0.14486634109169244
78,89,11,0.11,0.14361806305591018
56,78,22,0.22,0.16216856614570133
62,81,19,0.19,0.15093232800252734
78,89,11,0.11,0.17198979336302728
70,85,15,0.15,0.11572377503383904
88,94,6,0.06,0.09427046044263988
80,90,10,0.1,0.13447180531919004
66,83,17,0.17,0.14396377039141953
86,93,7,0.07,0.10563867238583043
76,88,12,0.12,0.1222893791925162
72,86,14,0.14,0.11929717601276935
76,88,12,0.12,0.15632874507457017
58,79,21,0.21,0.13659836049191654
72,86,14,0.14,0.13922265436965972
66,83,17,0.17,0.11575004430487752
74,87,13,0.13,0.11489726014435292
86,93,7,0.07,0.13083119154907763
62,81,19,0.19,0.17777997363358736
74,87,13,0.13,0.14128793778363616
70,85,15,0.15,0.15411087983753533
78,89,11,0.11,0.13527698132209479
80,90,10,0.1,0.14243522686883808
76,88,12,0.12,0.12016352398786694
70,85,15,0.15,0.16931981864385307
72,86,14,0.14,0.15995599203859456
80,90,10,0.1,0.1990366467880085
68,84,16,0.16,0.16735941166058182
82,91,9,0.09,0.14013359395670705
68,84,16,0.16,0.1631743206270039
84,92,8,0.08,0.12978416483150795
80,90,10,0.1,0.14347428714856506
80,90,10,0.1,0.16842423683963717
58,79,21,0.21,0.15955544382333756
82,91,9,0.09,0.10866204801481218
78,89,11,0.11,0.14612143142148853
70,85,15,0.15,0.16910774137591944
72,86,14,0.14,0.15991407286841422
88,94,6,0.06,0.1758545136009343
76,88,12,0.12,0.1567814911575988
60,80,20,0.2,0.1697587666194886
82,91,9,0.09,0.12170958710368723
78,89,11,0.11,0.17192594171036035
74,87,13,0.13,0.16951565941795707
74,87,13,0.13,0.16244169970974326
62,81,19,0.19,0.15586731216870248
70,85,15,0.15,0.09404295586515218
82,91,9,0.09,0.15802356066182255
68,84,16,0.16,0.1350373544311151
78,89,11,0.11,0.1887569616176188
62,81,19,0.19,0.14113593243295328
78,89,11,0.11,0.12918365974677726
82,91,9,0.09,0.15081421879120172
64,82,18,0.18,0.24228588570840656
76,88,12,0.12,0.12471346748992801
72,86,14,0.14,0.15440552602289245
72,86,14,0.14,0.1787398440670222
74,87,13,0.13,0.19268671768251808
68,84,16,0.16,0.22392246515024453
78,89,11,0.11,0.16599159239791333
58,79,21,0.21,0.1415025935601443
58,79,21,0.21,0.1950265998148825
66,83,17,0.17,0.09676759467693045
80,90,10,0.1,0.10686617823550477
66,83,17,0.17,0.1490149110276252
70,85,15,0.15,0.18772896295413374
62,81,19,0.19,0.12606568282470107
82,91,9,0.09,0.14955580550711603
66,83,17,0.17,0.13013764936942607
74,87,13,0.13,0.17877703124657274
70,85,15,0.15,0.16323731221258642
72,86,14,0.14,0.16133894125930964
66,83,17,0.17,0.12548673870041965
66,83,17,0.17,0.16445027403533458
66,83,17,0.17,0.18673765145416837
72,86,14,0.14,0.19654631952289492
48,74,26,0.26,0.1726964811095968
90,95,5,0.05,0.1537091404106468
66,83,17,0.17,0.23120609388686716
74,87,13,0.13,0.1625218473561108
66,83,17,0.17,0.12785929397214205
76,88,12,0.12,0.13979398394934833
72,86,14,0.14,0.12740139236797404
64,82,18,0.18,0.18386132749554235
66,83,17,0.17,0.1771405068563763
46,73,27,0.27,0.15172600431600586
78,89,11,0.11,0.14644037480233238
72,86,14,0.14,0.13449169646948575
72,86,14,0.14,0.13446358114713802
64,82,18,0.18,0.15526696139015259
76,88,12,0.12,0.1711511321272701
64,82,18,0.18,0.16128522761631758
72,86,14,0.14,0.253477016412653
74,87,13,0.13,0.18665203861892224
66,83,17,0.17,0.14212259432824795
62,81,19,0.19,0.1858166923513636
60,80,20,0.2,0.1857042592903599
84,92,8,0.08,0.20516154214739799
76,88,12,0.12,0.14670584056992084
80,90,10,0.1,0.12394200338516384
72,86,14,0.14,0.17157901890575886
74,87,13,0.13,0.1323592973011546
80,90,10,0.1,0.11103035718668253
68,84,16,0.16,0.1214432279067114
72,86,14,0.14,0.17697104871738703
72,86,14,0.14,0.14129936013370753
62,81,19,0.19,0.18829632058739662
76,88,12,0.12,0.18619867652887478
62,81,19,0.19,0.17068308946210892
78,89,11,0.11,0.14423732767114417
62,81,19,0.19,0.17173117448575795
76,88,12,0.12,0.12332478014752268
66,83,17,0.17,0.16489766230806707
74,87,13,0.13,0.153014040091075
60,80,20,0.2,0.1429869376285933
80,90,10,0.1,0.19511597951874138
80,90,10,0.1,0.1859410815127194
64,82,18,0.18,0.1089927414455451
72,86,14,0.14,0.15455359880812466
74,87,13,0.13,0.14203529350459576
72,86,14,0.14,0.14144003206398337
66,83,17,0.17,0.13304826169274747
50,75,25,0.25,0.14082635495811702
80,90,10,0.1,0.15714055757736786
66,83,17,0.17,0.0955319012561813
56,78,22,0.22,0.14575804172316567
72,86,14,0.14,0.168475036022719
70,85,15,0.15,0.14225817777216435
58,79,21,0.21,0.11835626558226067
70,85,15,0.15,0.14690010609803722
70,85,15,0.15,0.15743811569642274
68,84,16,0.16,0.15070285614696333
86,93,7,0.07,0.14166587078245357
56,78,22,0.22,0.13297457945998759
78,89,11,0.11,0.1457476380094886
58,79,21,0.21,0.1365272545069456
84,92,8,0.08,0.12072600001934916
62,81,19,0.19,0.1293495091749355
82,91,9,0.09,0.09268452202435583
62,81,19,0.19,0.15296934768091888
70,85,15,0.15,0.14584125095512718
64,82,18,0.18,0.1105524405761389
86,93,7,0.07,0.12044143100269139
82,91,9,0.09,0.2196574279014021
76,88,12,0.12,0.11615530363749713
76,88,12,0.12,0.11852251581382006
66,83,17,0.17,0.11180101323872804
78,89,11,0.11,0.12037279119715094
76,88,12,0.12,0.11155428898055106
58,79,21,0.21,0.13151481817476451
68,84,16,0.16,0.135697525087744
80,90,10,0.1,0.13338097016792744
78,89,11,0.11,0.10167064628796652
62,81,19,0.19,0.1322927724244073
84,92,8,0.08,0.09715231486828997
88,94,6,0.06,0.1630357058532536
74,87,13,0.13,0.12702155807055532
66,83,17,0.17,0.13034875189885498
86,93,7,0.07,0.1844665389088914
84,92,8,0.08,0.11251554795424454
74,87,13,0.13,0.1320373101113364
68,84,16,0.16,0.17438885116018354
78,89,11,0.11,0.1427240040851757
66,83,17,0.17,0.12122284568380565
66,83,17,0.17,0.17342578376759776
84,92,8,0.08,0.171218432597816
76,88,12,0.12,0.08372582779731602
84,92,8,0.08,0.14415276228450238
72,86,14,0.14,0.16588217279873788
66,83,17,0.17,0.11385878804139793
64,82,18,0.18,0.16014167693909256
60,80,20,0.2,0.15754655732773246
68,84,16,0.16,0.13342958046589046
70,85,15,0.15,0.1563728529261425
82,91,9,0.09,0.11351905500981957
72,86,14,0.14,0.17236191963776945
74,87,13,0.13,0.1065570464078337
76,88,12,0.12,0.08188967698253691
68,84,16,0.16,0.09250059851910919
82,91,9,0.09,0.12161398817668669
78,89,11,0.11,0.13838713676203043
72,86,14,0.14,0.08804568746127188
82,91,9,0.09,0.09254635652876458
74,87,13,0.13,0.1331760926079005
80,90,10,0.1,0.12108935481868684
68,84,16,0.16,0.1369357600202784
64,82,18,0.18,0.10673527711071074
68,84,16,0.16,0.17530758469365537
60,80,20,0.2,0.14195647111162543
80,90,10,0.1,0.14501616751542315
74,87,13,0.13,0.10928654632996768
78,89,11,0.11,0.15055897240992636
62,81,19,0.19,0.12454218148603104
80,90,10,0.1,0.1161863979557529
72,86,14,0.14,0.08065588176250457
70,85,15,0.15,0.10106486301170663
66,83,17,0.17,0.09936953941360116
74,87,13,0.13,0.11212042656727135
60,80,20,0.2,0.17470151485642418
80,90,10,0.1,0.13269082617247477
84,92,8,0.08,0.1982087467517704
88,94,6,0.06,0.10217661394272
80,90,10,0.1,0.14086408142000437
74,87,13,0.13,0.13047689016442746
76,88,12,0.12,0.1837974001513794
80,90,10,0.1,0.08240225702989847
80,90,10,0.1,0.1445000913378317
88,94,6,0.06,0.16350542350439354
64,82,18,0.18,0.16063569666817784
82,91,9,0.09,0.14001280721044168
76,88,12,0.12,0.11517686341423541
58,79,21,0.21,0.12497617018874735
84,92,8,0.08,0.17966741621494292
60,80,20,0.2,0.12561190259177238
78,89,11,0.11,0.07682427644496784
68,84,16,0.16,0.10485664963722229
76,88,12,0.12,0.0931057583889924
60,80,20,0.2,0.1340619558445178
72,86,14,0.14,0.11739202384836972
78,89,11,0.11,0.13693945203442126
64,82,18,0.18,0.10869203516747802
72,86,14,0.14,0.14372841345146298
74,87,13,0.13,0.1255234462907538
80,90,10,0.1,0.1264174137543887
84,92,8,0.08,0.08195745074655861
80,90,10,0.1,0.13806974126026034
72,86,14,0.14,0.12553153201472014
70,85,15,0.15,0.1607173596811481
66,83,17,0.17,0.11063918012194335
72,86,14,0.14,0.13279305303934963
66,83,17,0.17,0.11438307098578662
88,94,6,0.06,0.09839009959017858
84,92,8,0.08,0.12936760524753482
74,87,13,0.13,0.11787559118587523
86,93,7,0.07,0.15575998929911294
80,90,10,0.1,0.15218464765232056
78,89,11,0.11,0.15241915886290372
80,90,10,0.1,0.16801121053285897
76,88,12,0.12,0.13859276558767306
78,89,11,0.11,0.14013612822280266
80,90,10,0.1,0.12274462345056236
76,88,12,0.12,0.11121804664609954
66,83,17,0.17,0.08949708540108986
68,84,16,0.16,0.13089589009527117
84,92,8,0.08,0.09967028666287661
70,85,15,0.15,0.12409786987816915
64,82,18,0.18,0.11165777726098895
82,91,9,0.09,0.14017240809218492
66,83,17,0.17,0.1340817198099103
78,89,11,0.11,0.11247203114267905
82,91,9,0.09,0.07858695439994336
90,95,5,0.05,0.13451944325468504
60,80,20,0.2,0.10023602633737028
62,81,19,0.19,0.1315375310415402
76,88,12,0.12,0.10565572137478739
68,84,16,0.16,0.11220511125633494
68,84,16,0.16,0.09888682115066331
76,88,12,0.12,0.09681714322185143
72,86,14,0.14,0.09870622589252889
86,93,7,0.07,0.0790798555186484
84,92,8,0.08,0.17030601806007326
60,80,20,0.2,0.11445779724512249
80,90,10,0.1,0.15445546051952988
72,86,14,0.14,0.07764859775779769
90,95,5,0.05,0.10678275482394384
70,85,15,0.15,0.1319034755998291
60,80,20,0.2,0.1491384577343706
80,90,10,0.1,0.0879378769500181
88,94,6,0.06,0.10725760066881776
86,93,7,0.07,0.11333593341245432
70,85,15,0.15,0.1244068589899689
80,90,10,0.1,0.10516403926536441
80,90,10,0.1,0.08840129910036922
64,82,18,0.18,0.12580148192122578
70,85,15,0.15,0.11770751734729856
82,91,9,0.09,0.1269803303433582
60,80,20,0.2,0.07785884950775653
60,80,20,0.2,0.138237525797158
62,81,19,0.19,0.11653948456048965
68,84,16,0.16,0.14240562854334712
68,84,16,0.16,0.12407769230427221
68,84,16,0.16,0.11068292519077659
72,86,14,0.14,0.1287742342054844
68,84,16,0.16,0.10615778551087715
72,86,14,0.14,0.14155674914363772
76,88,12,0.12,0.0773941901116632
62,81,19,0.19,0.12623567396774887
70,85,15,0.15,0.12445847293362021
74,87,13,0.13,0.09495339088141919
60,80,20,0.2,0.15134130179183558
78,89,11,0.11,0.10385488600004464
54,77,23,0.23,0.1341656729672104
62,81,19,0.19,0.1259703268215526
78,89,11,0.11,0.10532793022459373
76,88,12,0.12,0.11362285165581852
70,85,15,0.15,0.09428896009689197
70,85,15,0.15,0.11775639822240919
76,88,12,0.12,0.10634836033219472
40,70,30,0.3,0.1285972004965879
86,93,7,0.07,0.07439866253873334
90,95,5,0.05,0.11131827840581536
70,85,15,0.15,0.07626188534777611
68,84,16,0.16,0.12194272143184208
86,93,7,0.07,0.12118257367517798
78,89,11,0.11,0.08696373424027115
68,84,16,0.16,0.09032540651969612
78,89,11,0.11,0.097361600715667
70,85,15,0.15,0.12238062130752951
72,86,14,0.14,0.12782852323725818
68,84,16,0.16,0.18723731071688235
80,90,10,0.1,0.09954080196563155
80,90,10,0.1,0.0673252362490166
84,92,8,0.08,0.1312417593644932
80,90,10,0.1,0.10641870625782758
66,83,17,0.17,0.11085581545019522
76,88,12,0.12,0.11610805631382391
70,85,15,0.15,0.0806429009907879
78,89,11,0.11,0.12402697393903508
94,97,3,0.03,0.08360844947164878
74,87,13,0.13,0.05451955629629083
64,82,18,0.18,0.12147641763905995
72,86,14,0.14,0.1342537455353886
80,90,10,0.1,0.09375138961942867
86,93,7,0.07,0.1247327114129439
94,97,3,0.03,0.06290841535897926
60,80,20,0.2,0.11060462094494142
74,87,13,0.13,0.09138878064928577
64,82,18,0.18,0.10193978732451797
64,82,18,0.18,0.11315287065692246
74,87,13,0.13,0.08613139968278119
64,82,18,0.18,0.09334690198535099
68,84,16,0.16,0.1566358489030972
68,84,16,0.16,0.09550331825623289
78,89,11,0.11,0.13308130795601755
72,86,14,0.14,0.12883208463201298
72,86,14,0.14,0.13630871097324415
76,88,12,0.12,0.08343290495686233
82,91,9,0.09,0.10597142504760995
64,82,18,0.18,0.11480707321548834
68,84,16,0.16,0.12208643963211216
82,91,9,0.09,0.13337472562678157
84,92,8,0.08,0.12065618369961158
74,87,13,0.13,0.11850532695418224
68,84,16,0.16,0.08024896604707464
70,85,15,0.15,0.11707893992774189
72,86,14,0.14,0.08873097992036491
64,82,18,0.18,0.13464977619121782
68,84,16,0.16,0.09288853427395224
76,88,12,0.12,0.11882503479137085
68,84,16,0.16,0.11374582773074508
82,91,9,0.09,0.1744776188675314
76,88,12,0.12,0.09272596744936891
78,89,11,0.11,0.15355970946140587
72,86,14,0.14,0.13182706309249625
70,85,15,0.15,0.16667791011510416
82,91,9,0.09,0.09630784671520815
64,82,18,0.18,0.0859520685998723
70,85,15,0.15,0.15249458164675161
84,92,8,0.08,0.13494763417169453
54,77,23,0.23,0.10944309669546783
72,86,14,0.14,0.11165858226828278
78,89,11,0.11,0.11887953321915119
72,86,14,0.14,0.07770607635960915
68,84,16,0.16,0.11530557751189917
94,97,3,0.03,0.1845271998643875
68,84,16,0.16,0.14203772264998407
66,83,17,0.17,0.10430179791525006
78,89,11,0.11,0.07877013254561462
80,90,10,0.1,0.13984547552186996
58,79,21,0.21,0.12692766009713524
70,85,15,0.15,0.10233463600074173
86,93,7,0.07,0.10618611007463187
64,82,18,0.18,0.1164588244445622
60,80,20,0.2,0.13732991894707083
58,79,21,0.21,0.1162879929295741
72,86,14,0.14,0.08414765387540683
70,85,15,0.15,0.16337199164088814
80,90,10,0.1,0.11097568841651081
72,86,14,0.14,0.10064606633968651
70,85,15,0.15,0.15477159297093748
54,77,23,0.23,0.1350223651016131
72,86,14,0.14,0.08721516467514448
78,89,11,0.11,0.0842269948264584
66,83,17,0.17,0.1594232983572874
72,86,14,0.14,0.17405900524929166
86,93,7,0.07,0.12041300928685814
68,84,16,0.16,0.15896954454947262
80,90,10,0.1,0.13074605946429074
66,83,17,0.17,0.16305748016224242
84,92,8,0.08,0.14977224639616907
72,86,14,0.14,0.126635279484326
72,86,14,0.14,0.16545181846944615
74,87,13,0.13,0.13328381221741437
86,93,7,0.07,0.14956605514045804
54,77,23,0.23,0.11653775781858712
78,89,11,0.11,0.1402197799179703
80,90,10,0.1,0.13224939111038111
66,83,17,0.17,0.13471098159905523
68,84,16,0.16,0.16413203039206564
60,80,20,0.2,0.13396022845525293
72,86,14,0.14,0.13625444291858002
74,87,13,0.13,0.16023669807706029
70,85,15,0.15,0.17395932055544108
72,86,14,0.14,0.08115235251374543
66,83,17,0.17,0.15161091389600187
74,87,13,0.13,0.12446866938786115
72,86,14,0.14,0.1972059627203271
74,87,13,0.13,0.13251711011398584
52,76,24,0.24,0.17731030030874537
74,87,13,0.13,0.2069453831575811
76,88,12,0.12,0.15172926577659382
72,86,14,0.14,0.11891407477902248
74,87,13,0.13,0.16802478484227323
58,79,21,0.21,0.173951681467006
78,89,11,0.11,0.15055518644861876
80,90,10,0.1,0.14123516728635876
58,79,21,0.21,0.11231271550059319
70,85,15,0.15,0.1789391417708248
72,86,14,0.14,0.13500006545102225
70,85,15,0.15,0.15691975657362492
64,82,18,0.18,0.18080232076346875
76,88,12,0.12,0.1750542291905731
62,81,19,0.19,0.11894187089055777
74,87,13,0.13,0.1295903183100745
70,85,15,0.15,0.13300637821666897
60,80,20,0.2,0.20904663373716176
58,79,21,0.21,0.1439192265085876
70,85,15,0.15,0.13118172357324512
80,90,10,0.1,0.10064441091846675
78,89,11,0.11,0.15530316130723804
56,78,22,0.22,0.14593475945759565
80,90,10,0.1,0.21702519551850855
88,94,6,0.06,0.0879426647350192
74,87,13,0.13,0.11935928831342607
84,92,8,0.08,0.1666665593581274
72,86,14,0.14,0.15068607870023698
58,79,21,0.21,0.09413344732485712
58,79,21,0.21,0.17933851450681687
76,88,12,0.12,0.16091054224874823
66,83,17,0.17,0.12956802620203234
72,86,14,0.14,0.1802388483658433
60,80,20,0.2,0.16014772398397326
56,78,22,0.22,0.1797680198494345
72,86,14,0.14,0.14515498792286963
70,85,15,0.15,0.15828659396618605
74,87,13,0.13,0.1537062318995595
74,87,13,0.13,0.12376437169266864
78,89,11,0.11,0.1429395469953306
66,83,17,0.17,0.1815254318062216
64,82,18,0.18,0.18285411132499577
84,92,8,0.08,0.14050529743544757
76,88,12,0.12,0.19664003930985927
54,77,23,0.23,0.13855799106415362
66,83,17,0.17,0.19873546295333655
60,80,20,0.2,0.11456806174479425
76,88,12,0.12,0.16544199525145814
70,85,15,0.15,0.1377731528598815
80,90,10,0.1,0.1411748803127557
74,87,13,0.13,0.12268983924994245
72,86,14,0.14,0.11355814537033439
90,95,5,0.05,0.13749209102708845
76,88,12,0.12,0.13385520417708904
92,96,4,0.04,0.1182378761144355
92,96,4,0.04,0.12676148579455912
90,95,5,0.05,0.13959577440749854
80,90,10,0.1,0.13468131029163488
72,86,14,0.14,0.1849998766509816
82,91,9,0.09,0.12812083266442642
92,96,4,0.04,0.09684200135059655
56,78,22,0.22,0.1288693254068494
60,80,20,0.2,0.15719421536661685
68,84,16,0.16,0.1669907105481252
94,97,3,0.03,0.0911747715936508
92,96,4,0.04,0.11597421766724438
74,87,13,0.13,0.11314393201377243
76,88,12,0.12,0.10631864113733172
74,87,13,0.13,0.11855121765052899
84,92,8,0.08,0.1429171743337065
74,87,13,0.13,0.10237448969855904
82,91,9,0.09,0.14332138895988464
66,83,17,0.17,0.14869153892621398
60,80,20,0.2,0.13684670798946172
70,85,15,0.15,0.10777759567659814
88,94,6,0.06,0.16979328138753771
64,82,18,0.18,0.14744623186066746
76,88,12,0.12,0.1005297811795026
62,81,19,0.19,0.16337061358150096
74,87,13,0.13,0.13549622968770564
80,90,10,0.1,0.15617176808882505
74,87,13,0.13,0.16116373176453636
78,89,11,0.11,0.14229588568676263
62,81,19,0.19,0.17598964576609433
72,86,14,0.14,0.12509865059982986
58,79,21,0.21,0.14744982660282402
80,90,10,0.1,0.08869883876293898
68,84,16,0.16,0.1820523032778874
74,87,13,0.13,0.13102031716145576
80,90,10,0.1,0.17074179108720272
74,87,13,0.13,0.1646967248991132
68,84,16,0.16,0.14013781433925032
64,82,18,0.18,0.14538176194764674
64,82,18,0.18,0.13980585156474262
86,93,7,0.07,0.12528674535453319
70,85,15,0.15,0.13254068773705513
68,84,16,0.16,0.13765666921623051
72,86,14,0.14,0.20549651412758976
82,91,9,0.09,0.10753167829941958
84,92,8,0.08,0.12441055021248758
70,85,15,0.15,0.09501295099034905
82,91,9,0.09,0.15308998128864915
70,85,15,0.15,0.16259238085942343
70,85,15,0.15,0.13674372787121683
78,89,11,0.11,0.11828261753544211
82,91,9,0.09,0.1513864726992324
80,90,10,0.1,0.14220600225962698
78,89,11,0.11,0.17632670580409468
62,81,19,0.19,0.12587273311102762
88,94,6,0.06,0.09246002185158432
84,92,8,0.08,0.12216708984225988
76,88,12,0.12,0.16793248655507342
78,89,11,0.11,0.17770757186226546
68,84,16,0.16,0.15898198107257486
68,84,16,0.16,0.16926332195289434
78,89,11,0.11,0.14308400136418642
78,89,11,0.11,0.10071117260027677
54,77,23,0.23,0.1591155920457095
76,88,12,0.12,0.15295874868519604
58,79,21,0.21,0.13665434452705086
76,88,12,0.12,0.14360584595706313
56,78,22,0.22,0.13230352085316555
74,87,13,0.13,0.19263775118626655
60,80,20,0.2,0.13609602531883866
94,97,3,0.03,0.11041748094372451
74,87,13,0.13,0.11206767190247774
94,97,3,0.03,0.11259825076907873
74,87,13,0.13,0.14034643991850315
58,79,21,0.21,0.12766571450978517
66,83,17,0.17,0.14259376197587698
58,79,21,0.21,0.11725178071297705
84,92,8,0.08,0.1373211696394719
64,82,18,0.18,0.14742698871297763
72,86,14,0.14,0.13235103755956515
82,91,9,0.09,0.12048114108270966
62,81,19,0.19,0.17067518801428377
72,86,14,0.14,0.09950470243114978
62,81,19,0.19,0.18905458692461252
72,86,14,0.14,0.12636111233383418
78,89,11,0.11,0.11382697240449488
76,88,12,0.12,0.13018261694116517
58,79,21,0.21,0.17452101252740249
78,89,11,0.11,0.09789457292587031
82,91,9,0.09,0.13661849271738902
62,81,19,0.19,0.15719972527120263
76,88,12,0.12,0.11016319121001289
78,89,11,0.11,0.12422889206092805
72,86,14,0.14,0.1465667085070163
48,74,26,0.26,0.1514811281301081
74,87,13,0.13,0.13573075706604867
72,86,14,0.14,0.11956167776603252
82,91,9,0.09,0.10323413419071585
52,76,24,0.24,0.16979300988372414
76,88,12,0.12,0.14483642484527082
72,86,14,0.14,0.14977004584856332
84,92,8,0.08,0.14315307314042003
68,84,16,0.16,0.1435629926342517
74,87,13,0.13,0.10219475768506527
72,86,14,0.14,0.13312757105799392
66,83,17,0.17,0.15170826768968254
56,78,22,0.22,0.17253739125095308
80,90,10,0.1,0.17464232717989944
72,86,14,0.14,0.19020037257578223
46,73,27,0.27,0.16949982326477767
80,90,10,0.1,0.1970736205019057
76,88,12,0.12,0.11772217366844416
66,83,17,0.17,0.15428230485413225
54,77,23,0.23,0.2318494662642479
80,90,10,0.1,0.18996921957470478
70,85,15,0.15,0.12634928650222718
78,89,11,0.11,0.12597752484492958
62,81,19,0.19,0.13707828446757048
72,86,14,0.14,0.15545350497588514
64,82,18,0.18,0.14261710931314156
76,88,12,0.12,0.17791136252693832
64,82,18,0.18,0.10164667546749115
66,83,17,0.17,0.12545350239612163
78,89,11,0.11,0.12643039522692562
70,85,15,0.15,0.13112421593628823
68,84,16,0.16,0.14873652207665145
98,99,1,0.01,0.16766856096568516
70,85,15,0.15,0.11606122604105622
70,85,15,0.15,0.10997691744938493
72,86,14,0.14,0.1633210228709504
74,87,13,0.13,0.15335503206122666
72,86,14,0.14,0.12902127215638756
86,93,7,0.07,0.16826662753534039
90,95,5,0.05,0.11014541611075401
54,77,23,0.23,0.16971620382741093
64,82,18,0.18,0.17037829307024366
74,87,13,0.13,0.1821500313002616
74,87,13,0.13,0.1606443649949506
64,82,18,0.18,0.1742217327374965
88,94,6,0.06,0.18367149917175993
72,86,14,0.14,0.14596600805874915
82,91,9,0.09,0.13572968427091836
64,82,18,0.18,0.18115121168084442
84,92,8,0.08,0.14203462027246133
80,90,10,0.1,0.21044109721202403
76,88,12,0.12,0.166021428424865
82,91,9,0.09,0.11341273116413504
68,84,16,0.16,0.12349442144506612
80,90,10,0.1,0.1735340509470552
72,86,14,0.14,0.1307028096402064
66,83,17,0.17,0.16249134520068764
66,83,17,0.17,0.1616811037249863
82,91,9,0.09,0.14149904717691242
80,90,10,0.1,0.1347579012811184
72,86,14,0.14,0.1462567625497468
68,84,16,0.16,0.16727792896330357
84,92,8,0.08,0.15399419240653514
70,85,15,0.15,0.10776905277743935
72,86,14,0.14,0.12454932361841202
64,82,18,0.18,0.13918165074661373
80,90,10,0.1,0.1383494213782251
78,89,11,0.11,0.141652736493852
76,88,12,0.12,0.12434669143520295
70,85,15,0.15,0.15833590169437228
76,88,12,0.12,0.13671604163013398
80,90,10,0.1,0.1562655739672482
68,84,16,0.16,0.12351104362867772
80,90,10,0.1,0.12446201288374141
58,79,21,0.21,0.16045794104225933
58,79,21,0.21,0.1292820464912802
80,90,10,0.1,0.14870907015167176
72,86,14,0.14,0.19931218448095023
58,79,21,0.21,0.12667423826642335
78,89,11,0.11,0.11629865999799222
78,89,11,0.11,0.1481194446235895
68,84,16,0.16,0.23429911804851145
80,90,10,0.1,0.18456636402581353
82,91,9,0.09,0.10506594542501262
72,86,14,0.14,0.09455053349025548
70,85,15,0.15,0.1372619507391937
82,91,9,0.09,0.18928121020086108
78,89,11,0.11,0.13467781726270914
78,89,11,0.11,0.13456115090753884
74,87,13,0.13,0.15713735578581692
78,89,11,0.11,0.13449225744232535
82,91,9,0.09,0.12429108222015202
76,88,12,0.12,0.11624146337620914
78,89,11,0.11,0.17072313088923693
84,92,8,0.08,0.13432470061816276
64,82,18,0.18,0.15029444037005305
64,82,18,0.18,0.16857061833608897
82,91,9,0.09,0.15274239977821708
70,85,15,0.15,0.17365258605685086
74,87,13,0.13,0.1466964202420786
70,85,15,0.15,0.1781103552924469
76,88,12,0.12,0.19713988849893213
74,87,13,0.13,0.16402959490194916
72,86,14,0.14,0.14343303123489023
62,81,19,0.19,0.21739924469962715
72,86,14,0.14,0.1964218484889716
78,89,11,0.11,0.15086248704232275
88,94,6,0.06,0.1684332585334778
82,91,9,0.09,0.1979347070492804
74,87,13,0.13,0.203744164602831
86,93,7,0.07,0.14463909659651109
78,89,11,0.11,0.14876188328955323
66,83,17,0.17,0.15613550692796707
72,86,14,0.14,0.18300698545761407
70,85,15,0.15,0.13265527834184468
64,82,18,0.18,0.14545769825577737
88,94,6,0.06,0.1601747941132635
70,85,15,0.15,0.17289137731306256
88,94,6,0.06,0.09340739544481039
66,83,17,0.17,0.1423334099818021
84,92,8,0.08,0.1584897743538022
68,84,16,0.16,0.22976947073824705
76,88,12,0.12,0.17601406292524188
74,87,13,0.13,0.1346133859269321
78,89,11,0.11,0.1929990805312991
84,92,8,0.08,0.18076039019972087
70,85,15,0.15,0.17946956621366553
58,79,21,0.21,0.1460913572087884
80,90,10,0.1,0.16888205164344983
74,87,13,0.13,0.13984440470580012
74,87,13,0.13,0.20806547611951828
66,83,17,0.17,0.13860990794375538
82,91,9,0.09,0.19035571227781475
78,89,11,0.11,0.1452551563177258
78,89,11,0.11,0.1753391768783331
70,85,15,0.15,0.13383594972081483
66,83,17,0.17,0.1439200381655246
72,86,14,0.14,0.1446952028386295
72,86,14,0.14,0.17227792861871422
60,80,20,0.2,0.23383448741049506
78,89,11,0.11,0.15852251555770636
66,83,17,0.17,0.13711273649707437
72,86,14,0.14,0.1529784412123263
84,92,8,0.08,0.21780736651271582
84,92,8,0.08,0.1652804858610034
74,87,13,0.13,0.23195440244860946
86,93,7,0.07,0.12013025199063122
68,84,16,0.16,0.26626470622606574
70,85,15,0.15,0.17598739463835955
82,91,9,0.09,0.14556027540005745
80,90,10,0.1,0.22124797224067153
68,84,16,0.16,0.19784906049491838
68,84,16,0.16,0.18016523796133696
60,80,20,0.2,0.1520006116386503
66,83,17,0.17,0.11949445342645049
58,79,21,0.21,0.17630310056731105
78,89,11,0.11,0.16800063808448612
66,83,17,0.17,0.1641916090156883
82,91,9,0.09,0.22775033071637155
70,85,15,0.15,0.17361965590156614
76,88,12,0.12,0.12144504677504302
54,77,23,0.23,0.15994408002123237
74,87,13,0.13,0.17593147959560157
72,86,14,0.14,0.13629819311201571
82,91,9,0.09,0.17658543719910086
72,86,14,0.14,0.16841437873896212
72,86,14,0.14,0.1256588848680258
80,90,10,0.1,0.1376434504147619
82,91,9,0.09,0.152905329214409
74,87,13,0.13,0.2199654666893184
84,92,8,0.08,0.14007898377254605
86,93,7,0.07,0.137140598827973
74,87,13,0.13,0.19450364789925514
76,88,12,0.12,0.1612409486901015
76,88,12,0.12,0.12297020127065479
86,93,7,0.07,0.16750601653009653
82,91,9,0.09,0.1583918066136539
80,90,10,0.1,0.16407139819581062
64,82,18,0.18,0.15127080168225804
68,84,16,0.16,0.13337496049935
74,87,13,0.13,0.12510127597954124
72,86,14,0.14,0.1258015633467585
88,94,6,0.06,0.18375163712538778
78,89,11,0.11,0.11847646584734321
66,83,17,0.17,0.14213645312935114
76,88,12,0.12,0.13277830502483995
78,89,11,0.11,0.14964959057513624
58,79,21,0.21,0.10562718683853746
76,88,12,0.12,0.12521464308723806
78,89,11,0.11,0.15057369681773708
84,92,8,0.08,0.14123859832063318
66,83,17,0.17,0.17943503294605762
84,92,8,0.08,0.12791230384260416
78,89,11,0.11,0.12970642442349345
66,83,17,0.17,0.12531324084848167
80,90,10,0.1,0.18421783226542174
70,85,15,0.15,0.14181234682910143
70,85,15,0.15,0.1804160982184112
60,80,20,0.2,0.13498472220264376
78,89,11,0.11,0.14160780979320406
72,86,14,0.14,0.1919055727403611
76,88,12,0.12,0.19650306646246463
82,91,9,0.09,0.16390782868489623
72,86,14,0.14,0.12624643268296495
74,87,13,0.13,0.15615273741073907
68,84,16,0.16,0.17852005360182374
74,87,13,0.13,0.23240769260097294
64,82,18,0.18,0.1839396147429943
72,86,14,0.14,0.17160189826972783
84,92,8,0.08,0.15179753364995122
76,88,12,0.12,0.11023029468022287
76,88,12,0.12,0.1676009544171393
76,88,12,0.12,0.16171196947805583
72,86,14,0.14,0.18636430610436946
82,91,9,0.09,0.15060621951706707
74,87,13,0.13,0.18422170746140182
70,85,15,0.15,0.15593332632444798
58,79,21,0.21,0.13770094690378756
76,88,12,0.12,0.12179220913909376
66,83,17,0.17,0.15917864575923887
74,87,13,0.13,0.19164801096078007
74,87,13,0.13,0.1777697464963421
66,83,17,0.17,0.1664521425642306
88,94,6,0.06,0.1613310159323737
66,83,17,0.17,0.14635222167707979
78,89,11,0.11,0.17892300280276685
86,93,7,0.07,0.14560932970605792
74,87,13,0.13,0.16923807425424456
76,88,12,0.12,0.16715334254316985
62,81,19,0.19,0.20753318218514324
76,88,12,0.12,0.13140735792461783
68,84,16,0.16,0.1428102662600577
76,88,12,0.12,0.16107183795422317
74,87,13,0.13,0.15716223252937198
76,88,12,0.12,0.17740732583450153
72,86,14,0.14,0.18838717919308692
70,85,15,0.15,0.1312367773987353
92,96,4,0.04,0.13186897597275674
72,86,14,0.14,0.16601956058293582
76,88,12,0.12,0.19741092216223477
84,92,8,0.08,0.1523608308378607
84,92,8,0.08,0.10472180640790611
74,87,13,0.13,0.1257587519660592
64,82,18,0.18,0.17473591034766287
66,83,17,0.17,0.10715077886357903
80,90,10,0.1,0.1283870197366923
80,90,10,0.1,0.15538174244575204
58,79,21,0.21,0.12717061265953816
66,83,17,0.17,0.13955831161700188
70,85,15,0.15,0.122233667219989
50,75,25,0.25,0.18271714811678977
72,86,14,0.14,0.15290497979149223
68,84,16,0.16,0.13545763487229123
70,85,15,0.15,0.17368990338407456
84,92,8,0.08,0.1431943626049906
70,85,15,0.15,0.17816329507593764
72,86,14,0.14,0.11842124411370605
66,83,17,0.17,0.11184276677668095
64,82,18,0.18,0.1415866698033642
78,89,11,0.11,0.13039362762589007
76,88,12,0.12,0.1378721692925319
76,88,12,0.12,0.14104302496649324
82,91,9,0.09,0.11551232389407233
68,84,16,0.16,0.15214791364967822
76,88,12,0.12,0.1353304635954555
74,87,13,0.13,0.15590994324418717
70,85,15,0.15,0.13490483745757956
80,90,10,0.1,0.1336513043893501
68,84,16,0.16,0.1650412994623184
74,87,13,0.13,0.16943135901354253
74,87,13,0.13,0.11288004672620446
62,81,19,0.19,0.14043711679987608
74,87,13,0.13,0.14277286535128952
84,92,8,0.08,0.1368256724253297
78,89,11,0.11,0.11483642281964421
70,85,15,0.15,0.17997533075511454
76,88,12,0.12,0.1415620949701406
86,93,7,0.07,0.18162057382054628
56,78,22,0.22,0.11633692014496773
74,87,13,0.13,0.19718651542440058
86,93,7,0.07,0.1524536278937012
82,91,9,0.09,0.139597681844607
60,80,20,0.2,0.15806720526423304
74,87,13,0.13,0.11356180235510692
68,84,16,0.16,0.16020403013564646
58,79,21,0.21,0.14544300420908257
74,87,13,0.13,0.14711469375528397
80,90,10,0.1,0.1506351536436705
80,90,10,0.1,0.12847669896669686
72,86,14,0.14,0.1491148763289675
68,84,16,0.16,0.10543727193726227
74,87,13,0.13,0.11702365983743221
84,92,8,0.08,0.14158105286303907
78,89,11,0.11,0.14038871168391778
62,81,19,0.19,0.15667230655089953
44,72,28,0.28,0.15813036105129868
88,94,6,0.06,0.22683768067974597
76,88,12,0.12,0.09902510229032487
76,88,12,0.12,0.13310575424926355
68,84,16,0.16,0.13542244230397046
76,88,12,0.12,0.13581665088422595
64,82,18,0.18,0.18345740592107176
76,88,12,0.12,0.14186628085910344
64,82,18,0.18,0.19470498005393894
70,85,15,0.15,0.1502306778077036
78,89,11,0.11,0.1528251855680719
74,87,13,0.13,0.10457004419062287
48,74,26,0.26,0.11916324197984068
76,88,12,0.12,0.1356370455119759
84,92,8,0.08,0.12663043696433307
70,85,15,0.15,0.16781111520715059
56,78,22,0.22,0.12613732246216386
54,77,23,0.23,0.19231417171657086
66,83,17,0.17,0.09151039624004625
74,87,13,0.13,0.11263807798735798
80,90,10,0.1,0.13589854455785827
66,83,17,0.17,0.15448752516298556
68,84,16,0.16,0.15090448684059082
76,88,12,0.12,0.1303752917057136
64,82,18,0.18,0.14003965131705626
82,91,9,0.09,0.1469838574528694
74,87,13,0.13,0.1422855924052419
88,94,6,0.06,0.1235643131728284
70,85,15,0.15,0.11315706783439965
76,88,12,0.12,0.10697861108579673
86,93,7,0.07,0.13388484561350197
86,93,7,0.07,0.10483274274040014
78,89,11,0.11,0.13239089894574135
72,86,14,0.14,0.13942685406189412
68,84,16,0.16,0.13961688730400057
90,95,5,0.05,0.133635552682681
62,81,19,0.19,0.1915099676884711
76,88,12,0.12,0.15888049537781626
58,79,21,0.21,0.16179854937130586
74,87,13,0.13,0.10666871056193486
82,91,9,0.09,0.1603197042597458
66,83,17,0.17,0.17430983662372454
74,87,13,0.13,0.12890664663398638
66,83,17,0.17,0.15371196054853498
68,84,16,0.16,0.11063101048581302
64,82,18,0.18,0.17671343771275133
90,95,5,0.05,0.11506993652437814
74,87,13,0.13,0.10233531711623073
70,85,15,0.15,0.10434541112277657
68,84,16,0.16,0.11155480376342894
88,94,6,0.06,0.09200348232407123
60,80,20,0.2,0.17398779691196978
72,86,14,0.14,0.17808050215709956
76,88,12,0.12,0.1418668334116228
84,92,8,0.08,0.11079557783901692
86,93,7,0.07,0.13038090902380645
72,86,14,0.14,0.10516610649414361
80,90,10,0.1,0.13369478562555742
70,85,15,0.15,0.12536507088690996
62,81,19,0.19,0.09682848608877975
66,83,17,0.17,0.12950209388043732
62,81,19,0.19,0.11739432262838818
66,83,17,0.17,0.17540573229664005
78,89,11,0.11,0.17122362977592276
64,82,18,0.18,0.13789608120918273
62,81,19,0.19,0.13488833482610063
74,87,13,0.13,0.15564026006963105
66,83,17,0.17,0.10321551158005604
68,84,16,0.16,0.14172530244104564
74,87,13,0.13,0.13556605694815516
86,93,7,0.07,0.1542742704343982
66,83,17,0.17,0.18403217047220097
84,92,8,0.08,0.09815647668670863
72,86,14,0.14,0.13681171717122198
82,91,9,0.09,0.12495768562905141
70,85,15,0.15,0.13363115974701942
80,90,10,0.1,0.10087496714666486
74,87,13,0.13,0.16170927177881822
76,88,12,0.12,0.2393526778370142
72,86,14,0.14,0.13912849137792363
60,80,20,0.2,0.10023015880491584
72,86,14,0.14,0.13967674080631695
64,82,18,0.18,0.11598588837077842
62,81,19,0.19,0.15380477999802677
82,91,9,0.09,0.14470137671101838
94,97,3,0.03,0.10777902839006856
90,95,5,0.05,0.1696728316741064
66,83,17,0.17,0.11353252527071163
58,79,21,0.21,0.11907745913602412
76,88,12,0.12,0.12079921883298084
86,93,7,0.07,0.1204605276696384
70,85,15,0.15,0.1503633245686069
68,84,16,0.16,0.16664503112377133
56,78,22,0.22,0.12286890993011185
82,91,9,0.09,0.15468167019076645
68,84,16,0.16,0.12284559517167509
84,92,8,0.08,0.1277742509293603
78,89,11,0.11,0.15839652476366609
74,87,13,0.13,0.11983921923441812
70,85,15,0.15,0.15852737007429824
66,83,17,0.17,0.1086210005916655
84,92,8,0.08,0.11922047942178324
70,85,15,0.15,0.1456972930394113
68,84,16,0.16,0.15402542498428373
74,87,13,0.13,0.16041777797043325
84,92,8,0.08,0.11739813057240099
78,89,11,0.11,0.15970618009683676
82,91,9,0.09,0.12525455895636697
82,91,9,0.09,0.09893862555851228
66,83,17,0.17,0.08670232527889311
80,90,10,0.1,0.1322281945310533
60,80,20,0.2,0.1364044779050164
84,92,8,0.08,0.052836130906362085
56,78,22,0.22,0.12163590636278969
84,92,8,0.08,0.11153513564262539
72,86,14,0.14,0.14303956792224198
60,80,20,0.2,0.10328550048172475
68,84,16,0.16,0.1630807619402185
60,80,20,0.2,0.10678624005289748
70,85,15,0.15,0.13728326674550773
74,87,13,0.13,0.11120741652790457
84,92,8,0.08,0.12427968522068113
80,90,10,0.1,0.10313676247838885
66,83,17,0.17,0.15852712829597293
76,88,12,0.12,0.12070530579192564
88,94,6,0.06,0.11813508541323245
88,94,6,0.06,0.09114236161811277
78,89,11,0.11,0.1212766186753288
78,89,11,0.11,0.15800022970302963
78,89,11,0.11,0.09319403078407049
78,89,11,0.11,0.1061412744037807
60,80,20,0.2,0.12082476154435426
68,84,16,0.16,0.13253197711193934
74,87,13,0.13,0.06945449543651193
72,86,14,0.14,0.15979062864440494
62,81,19,0.19,0.09412894355598837
80,90,10,0.1,0.09630204557208344
78,89,11,0.11,0.13307380825281143
68,84,16,0.16,0.15386257306905463
82,91,9,0.09,0.10529201607219875
76,88,12,0.12,0.13610525634139775
62,81,19,0.19,0.12503510346636176
76,88,12,0.12,0.145343908786308
74,87,13,0.13,0.11733144364319742
86,93,7,0.07,0.11557374137220905
88,94,6,0.06,0.08750980979995802
80,90,10,0.1,0.14035567819606512
72,86,14,0.14,0.1297639407357201
74,87,13,0.13,0.12269039091595914
72,86,14,0.14,0.11065171919297427
62,81,19,0.19,0.12041350519750267
72,86,14,0.14,0.10203042649663985
72,86,14,0.14,0.10620379738043993
52,76,24,0.24,0.1100072658713907
78,89,11,0.11,0.17633917024359108
78,89,11,0.11,0.09955562423507218
88,94,6,0.06,0.09138732740888372
74,87,13,0.13,0.10988548403955065
72,86,14,0.14,0.10892366089159623
74,87,13,0.13,0.10982906743651256
62,81,19,0.19,0.16385668287519364
60,80,20,0.2,0.105083470470272
60,80,20,0.2,0.11707724817097187
78,89,11,0.11,0.1013218141067773
68,84,16,0.16,0.10779333968181164
76,88,12,0.12,0.13039323632605374
64,82,18,0.18,0.12015428248094395
68,84,16,0.16,0.15770806503947823
76,88,12,0.12,0.1226304411655292
52,76,24,0.24,0.12595050221571
76,88,12,0.12,0.11676252678968012
78,89,11,0.11,0.18051606631372125
72,86,14,0.14,0.14603753792820498
60,80,20,0.2,0.1172504277707776
84,92,8,0.08,0.14287264144979417
66,83,17,0.17,0.12949819379486144
70,85,15,0.15,0.14641034518834203
70,85,15,0.15,0.16381772298365832
68,84,16,0.16,0.1039647730672732
86,93,7,0.07,0.1482494203466922
76,88,12,0.12,0.13425800360739232
70,85,15,0.15,0.16460102063952944
60,80,20,0.2,0.1316868483554572
80,90,10,0.1,0.11569279060640839
60,80,20,0.2,0.0906341892387718
80,90,10,0.1,0.11083962437463925
64,82,18,0.18,0.187421062188223
74,87,13,0.13,0.09097178573429118
72,86,14,0.14,0.07876059771282598
74,87,13,0.13,0.1156374652357772
74,87,13,0.13,0.07907097262330354
82,91,9,0.09,0.14372626036405564
68,84,16,0.16,0.11597270019119606
86,93,7,0.07,0.08838852968532591
70,85,15,0.15,0.13395122216825256
74,87,13,0.13,0.08321901223156601
72,86,14,0.14,0.14287553702190053
74,87,13,0.13,0.1052157502179034
66,83,17,0.17,0.13548308460740371
74,87,13,0.13,0.11014386178227141
72,86,14,0.14,0.10994393020751886
84,92,8,0.08,0.09957273873500526
66,83,17,0.17,0.12927713244687766
78,89,11,0.11,0.08232816943898796
80,90,10,0.1,0.0889411335613113
64,82,18,0.18,0.12066668957937508
60,80,20,0.2,0.09396789911901578
82,91,9,0.09,0.11922563880681991
76,88,12,0.12,0.12851803097175435
70,85,15,0.15,0.09770085982978344
70,85,15,0.15,0.12453843588009476
74,87,13,0.13,0.08586658556363545
78,89,11,0.11,0.13808109920239076
62,81,19,0.19,0.1375569516676478
78,89,11,0.11,0.09840252369642258
74,87,13,0.13,0.08695013751275837
74,87,13,0.13,0.15198021561314817
58,79,21,0.21,0.11249498238787055
84,92,8,0.08,0.13470312414690852
78,89,11,0.11,0.07981211813748815
84,92,8,0.08,0.09121983010321856
64,82,18,0.18,0.11762682295404375
86,93,7,0.07,0.15058749326039106
68,84,16,0.16,0.09886035006376914
60,80,20,0.2,0.09461388975352747
74,87,13,0.13,0.11887401782907546
84,92,8,0.08,0.09411874485202133
66,83,17,0.17,0.08450750216841697
50,75,25,0.25,0.12434064388740808
70,85,15,0.15,0.07638677942566574
68,84,16,0.16,0.17446199643891305
70,85,15,0.15,0.13145941000198946
68,84,16,0.16,0.13482252539135517
68,84,16,0.16,0.14318031277973206
76,88,12,0.12,0.12457598521141336
84,92,8,0.08,0.11877289351541549
62,81,19,0.19,0.1094251927221194
66,83,17,0.17,0.10991615868406371
84,92,8,0.08,0.08796943131368608
60,80,20,0.2,0.122734494083561
70,85,15,0.15,0.13066419316921382
58,79,21,0.21,0.15405398663133382
70,85,15,0.15,0.12277841491159051
74,87,13,0.13,0.09358496427594218
64,82,18,0.18,0.12655211193254218
66,83,17,0.17,0.09317593082087114
70,85,15,0.15,0.11179701762041078
78,89,11,0.11,0.08236061569070444
70,85,15,0.15,0.1253273722610902
74,87,13,0.13,0.10422901596226439
74,87,13,0.13,0.12366686382330955
64,82,18,0.18,0.13505404584109784
64,82,18,0.18,0.12396286827512086
76,88,12,0.12,0.10633126948028802
60,80,20,0.2,0.12052105159498751
74,87,13,0.13,0.11809705695603043
70,85,15,0.15,0.09871050719637424
72,86,14,0.14,0.1682516737189144
84,92,8,0.08,0.12624031798914076
84,92,8,0.08,0.12136034634779208
76,88,12,0.12,0.09447943717008457
58,79,21,0.21,0.16025594145990907
72,86,14,0.14,0.12076919693965465
74,87,13,0.13,0.13007419691886754
78,89,11,0.11,0.11359636463341304
76,88,12,0.12,0.11506972635164857
68,84,16,0.16,0.10434086863417179
62,81,19,0.19,0.1005031145294197
72,86,14,0.14,0.1759138182643801
70,85,15,0.15,0.13977444934891536
78,89,11,0.11,0.11658325338736177
84,92,8,0.08,0.1043869633693248
70,85,15,0.15,0.17527520851464942
80,90,10,0.1,0.10989192028529943
72,86,14,0.14,0.1221266004932113
76,88,12,0.12,0.11700159227475523
76,88,12,0.12,0.0963758254982531
56,78,22,0.22,0.13937710686936045
76,88,12,0.12,0.13121160699869505
76,88,12,0.12,0.12741317140171304
72,86,14,0.14,0.08460328792221844
54,77,23,0.23,0.14179153503617273
66,83,17,0.17,0.14621715750778094
54,77,23,0.23,0.08645704980241135
72,86,14,0.14,0.10907184867188334
52,76,24,0.24,0.14778365795034915
84,92,8,0.08,0.10551766734104603
72,86,14,0.14,0.18241472296533176
78,89,11,0.11,0.10097345550078898
74,87,13,0.13,0.12342586943879724
56,78,22,0.22,0.1309015618311241
62,81,19,0.19,0.13284927101107313
58,79,21,0.21,0.15462670182576402
58,79,21,0.21,0.13448449855437503
72,86,14,0.14,0.12161440842784942
60,80,20,0.2,0.10995417639147491
78,89,11,0.11,0.1384745229408145
74,87,13,0.13,0.12179467634065076
82,91,9,0.09,0.12395158532075584
74,87,13,0.13,0.20340656583197414
64,82,18,0.18,0.16872365567833186
76,88,12,0.12,0.20222225928679108
82,91,9,0.09,0.11061138110468165
82,91,9,0.09,0.16188214249443264
82,91,9,0.09,0.197264966359362
78,89,11,0.11,0.12351740090292879
66,83,17,0.17,0.19128326017875225
64,82,18,0.18,0.14778674968285485
76,88,12,0.12,0.11277131056645885
76,88,12,0.12,0.15107499933685176
66,83,17,0.17,0.12590204447682482
76,88,12,0.12,0.10356455448491034
74,87,13,0.13,0.12500398736738133
72,86,14,0.14,0.1272627542586997
68,84,16,0.16,0.12868612526450307
82,91,9,0.09,0.17137213808018714
56,78,22,0.22,0.13540211069397629
64,82,18,0.18,0.15750234795268625
72,86,14,0.14,0.1880528458801564
62,81,19,0.19,0.16503810414578765
78,89,11,0.11,0.09495187446009368
58,79,21,0.21,0.15542481497861446
82,91,9,0.09,0.14662438326049596
68,84,16,0.16,0.12020632050931454
74,87,13,0.13,0.1381618230510503
72,86,14,0.14,0.0985882231791038
64,82,18,0.18,0.0959993435908109
78,89,11,0.11,0.13788219496840612
68,84,16,0.16,0.10545545957516879
80,90,10,0.1,0.09285972879675683
56,78,22,0.22,0.1757731049414724
74,87,13,0.13,0.12054327349644155
80,90,10,0.1,0.11765149543993175
76,88,12,0.12,0.1277883274666965
66,83,17,0.17,0.13494814502540975
70,85,15,0.15,0.08924223501118832
72,86,14,0.14,0.14242727594450116
78,89,11,0.11,0.1422418031655252
66,83,17,0.17,0.18336822792422025
70,85,15,0.15,0.16994117690715937
68,84,16,0.16,0.1468325400678441
84,92,8,0.08,0.1288976883899886
68,84,16,0.16,0.15448223552666604
74,87,13,0.13,0.1399411676125601
64,82,18,0.18,0.19185761459637432
72,86,14,0.14,0.1387073650781531
70,85,15,0.15,0.125570261310786
82,91,9,0.09,0.15984744492918254
82,91,9,0.09,0.13283925369236385
90,95,5,0.05,0.10310265183914452
72,86,14,0.14,0.12487337464466691
82,91,9,0.09,0.11397788805305026
70,85,15,0.15,0.12126900995383039
66,83,17,0.17,0.1293014006508747
72,86,14,0.14,0.14623129705898463
76,88,12,0.12,0.1637116902368143
82,91,9,0.09,0.12299705610610545
62,81,19,0.19,0.11568649580382044
80,90,10,0.1,0.1149866576679051
78,89,11,0.11,0.16207054509082808
78,89,11,0.11,0.12675100915366783
72,86,14,0.14,0.12789796942844986
80,90,10,0.1,0.13239922936307266
68,84,16,0.16,0.12451333890203387
62,81,19,0.19,0.08132461709901691
86,93,7,0.07,0.10510702320141718
80,90,10,0.1,0.1666930338833481
76,88,12,0.12,0.2293474995205179
58,79,21,0.21,0.12501845452934504
80,90,10,0.1,0.18034440780233127
60,80,20,0.2,0.14267218147870153
74,87,13,0.13,0.15056360529735685
82,91,9,0.09,0.14884847452514804
70,85,15,0.15,0.12123372747097165
58,79,21,0.21,0.1058689584909007
86,93,7,0.07,0.15052719094790518
64,82,18,0.18,0.1295088428305462
82,91,9,0.09,0.1525012339372188
70,85,15,0.15,0.12860382101964205
78,89,11,0.11,0.14759114219341427
50,75,25,0.25,0.1820008971961215
88,94,6,0.06,0.058064512410201136
68,84,16,0.16,0.15923898625187577
76,88,12,0.12,0.17234784947242587
82,91,9,0.09,0.10405946369282901
80,90,10,0.1,0.15443271497730165
80,90,10,0.1,0.14949346550740303
74,87,13,0.13,0.14467131871730088
76,88,12,0.12,0.12354023412335664
74,87,13,0.13,0.1361781059578061
76,88,12,0.12,0.11477870881557464
66,83,17,0.17,0.17721425731433554
78,89,11,0.11,0.08292744655627757
62,81,19,0.19,0.16832796125672758
86,93,7,0.07,0.10010471554007382
54,77,23,0.23,0.16317396275866486
74,87,13,0.13,0.1185937915975228
72,86,14,0.14,0.11796898943837732
52,76,24,0.24,0.1645459525170736
72,86,14,0.14,0.11619452498387545
80,90,10,0.1,0.07544089357426856
80,90,10,0.1,0.13973469511372968
54,77,23,0.23,0.1722212771093473
60,80,20,0.2,0.16967595829628407
82,91,9,0.09,0.10658139126142487
70,85,15,0.15,0.10678413583431393
84,92,8,0.08,0.09380041015334427
70,85,15,0.15,0.16080436174292118
78,89,11,0.11,0.12483670453948434
84,92,8,0.08,0.12207418577745557
70,85,15,0.15,0.11271367874927819
66,83,17,0.17,0.14614780929870905
60,80,20,0.2,0.08669502752250992
68,84,16,0.16,0.11484017078066244
80,90,10,0.1,0.09532924585277215
74,87,13,0.13,0.12465236395713873
80,90,10,0.1,0.0978793285402935
84,92,8,0.08,0.14826167992316186
62,81,19,0.19,0.14150309750810267
78,89,11,0.11,0.08599217485403642
76,88,12,0.12,0.11374298176262528
84,92,8,0.08,0.10985110159730539
66,83,17,0.17,0.13911011577118187
58,79,21,0.21,0.10497514695860445
74,87,13,0.13,0.14916740657296032
84,92,8,0.08,0.13396424734964968
90,95,5,0.05,0.0896520068589598
68,84,16,0.16,0.09919432344380766
88,94,6,0.06,0.12130139039829374
84,92,8,0.08,0.09801220358698629
52,76,24,0.24,0.17836885550292209
88,94,6,0.06,0.08552614372922107
74,87,13,0.13,0.10245443197200074
64,82,18,0.18,0.09044296146195847
76,88,12,0.12,0.13024386789125855
86,93,7,0.07,0.08267680020537227
72,86,14,0.14,0.07639875036664306
86,93,7,0.07,0.10155013132840394
60,80,20,0.2,0.1329259806702612
66,83,17,0.17,0.06320771226543002
80,90,10,0.1,0.07716789613245055
72,86,14,0.14,0.08754200869472697
70,85,15,0.15,0.09546792860841379
72,86,14,0.14,0.07919744888320565
88,94,6,0.06,0.12189351529232226
68,84,16,0.16,0.09301542087690905
68,84,16,0.16,0.1186450404470088
62,81,19,0.19,0.06876490912400186
82,91,9,0.09,0.10679623147472739
74,87,13,0.13,0.07043096341541968
64,82,18,0.18,0.09458254260942339
58,79,21,0.21,0.0690568599360995
90,95,5,0.05,0.1247389166848734
78,89,11,0.11,0.0670985015691258
74,87,13,0.13,0.12689479536842554
84,92,8,0.08,0.09991405603475868
54,77,23,0.23,0.10213859315495938
62,81,19,0.19,0.08934490488725715
66,83,17,0.17,0.11574538130313158
88,94,6,0.06,0.1377837525610812
72,86,14,0.14,0.09875113176647574
62,81,19,0.19,0.07642798839253373
58,79,21,0.21,0.08412979646702297
76,88,12,0.12,0.11937697710702196
68,84,16,0.16,0.12464534442231524
80,90,10,0.1,0.05726042750524357
88,94,6,0.06,0.12082100678817369
66,83,17,0.17,0.11775400676997379
72,86,14,0.14,0.11539333138149231
80,90,10,0.1,0.09339079291094095
82,91,9,0.09,0.13789030476938932
86,93,7,0.07,0.13218671378446742
78,89,11,0.11,0.098365062198136
66,83,17,0.17,0.11845900050364434
68,84,16,0.16,0.09801476557739079
78,89,11,0.11,0.06637473771348595
74,87,13,0.13,0.09247686127084308
72,86,14,0.14,0.07296109896153212
78,89,11,0.11,0.09152013096492738
74,87,13,0.13,0.09158887379802763
82,91,9,0.09,0.10213050397578627
84,92,8,0.08,0.10308636953122914
84,92,8,0.08,0.08445731459913076
76,88,12,0.12,0.12501511198468507
66,83,17,0.17,0.10582540514995344
56,78,22,0.22,0.12617684467113577
48,74,26,0.26,0.10227401020005346
66,83,17,0.17,0.10696018917369657
74,87,13,0.13,0.09260012996848672
72,86,14,0.14,0.08325054841116071
64,82,18,0.18,0.12612925755325705
72,86,14,0.14,0.06424683161196298
88,94,6,0.06,0.08950223513893434
70,85,15,0.15,0.11241800651187077
64,82,18,0.18,0.10005525270476938
76,88,12,0.12,0.10535986396484077
84,92,8,0.08,0.1138716937880963
88,94,6,0.06,0.11768569370266051
72,86,14,0.14,0.13731288101524114
82,91,9,0.09,0.16157479795627297
70,85,15,0.15,0.10880991048383294
68,84,16,0.16,0.10891916248685447
96,98,2,0.02,0.09254964076913894
96,98,2,0.02,0.1136295214574784
76,88,12,0.12,0.11229627309425268
60,80,20,0.2,0.11631139987614006
72,86,14,0.14,0.08622356615494936
82,91,9,0.09,0.10204965185606853
84,92,8,0.08,0.08851764885941521
74,87,13,0.13,0.11765654359245672
66,83,17,0.17,0.10782780541107058
78,89,11,0.11,0.08841983326128684
82,91,9,0.09,0.09766424375586212
70,85,15,0.15,0.12595708557637408
86,93,7,0.07,0.08278287325287238
70,85,15,0.15,0.0851270373724401
76,88,12,0.12,0.08575248391134664
64,82,18,0.18,0.10554811678593978
72,86,14,0.14,0.0913000318018021
76,88,12,0.12,0.07286331763258204
72,86,14,0.14,0.10812122034200002
70,85,15,0.15,0.06255462370347231
78,89,11,0.11,0.06641988885268801
76,88,12,0.12,0.09101338036416565
76,88,12,0.12,0.08105746766901575
78,89,11,0.11,0.07456094826746267
76,88,12,0.12,0.06897291542962193
88,94,6,0.06,0.09423155810451135
74,87,13,0.13,0.07651984948664904
80,90,10,0.1,0.07052709920075358
80,90,10,0.1,0.11869127072859556
78,89,11,0.11,0.133932605687296
80,90,10,0.1,0.1098478795075789
86,93,7,0.07,0.11014888364239596
74,87,13,0.13,0.08274379519047216
68,84,16,0.16,0.0971491031939513
84,92,8,0.08,0.10594354507513344
72,86,14,0.14,0.11557528694625945
70,85,15,0.15,0.06119524284207728
70,85,15,0.15,0.05501638137735426
60,80,20,0.2,0.08075587444240227
78,89,11,0.11,0.06461036599939689
78,89,11,0.11,0.10111928625963629
66,83,17,0.17,0.09737208371981979
42,71,29,0.29,0.0845261718792608
82,91,9,0.09,0.0872518481919542
80,90,10,0.1,0.13393603868084028
66,83,17,0.17,0.10587805396993645
86,93,7,0.07,0.12370685896661598
78,89,11,0.11,0.08486180312291253
66,83,17,0.17,0.09352807553834282
72,86,14,0.14,0.11233581230859273
74,87,13,0.13,0.09643901712057414
86,93,7,0.07,0.07483808091608807
74,87,13,0.13,0.07392593701370061
48,74,26,0.26,0.0864501443284098
72,86,14,0.14,0.11152092289936263
76,88,12,0.12,0.09182650584261864
84,92,8,0.08,0.09948083326919005
66,83,17,0.17,0.1063970666914247
86,93,7,0.07,0.10839580159401521
78,89,11,0.11,0.10615067157661542
78,89,11,0.11,0.0868724145332817
66,83,17,0.17,0.08067987390269991
74,87,13,0.13,0.10156632011057809
60,80,20,0.2,0.08440712522977264
74,87,13,0.13,0.07450335078363424
92,96,4,0.04,0.11201468600018416
76,88,12,0.12,0.10026619395008311
64,82,18,0.18,0.09991950093419291
74,87,13,0.13,0.09352618422359228
68,84,16,0.16,0.06530989829450845
68,84,16,0.16,0.08911717123468406
68,84,16,0.16,0.11981020273058675
52,76,24,0.24,0.08862502681906335
70,85,15,0.15,0.11181339926028158
48,74,26,0.26,0.15433336032285297
80,90,10,0.1,0.09914343095384538
78,89,11,0.11,0.08671075101010502
66,83,17,0.17,0.08453300443245099
76,88,12,0.12,0.08835927822976374
70,85,15,0.15,0.12042057716287673
64,82,18,0.18,0.08213688511867076
92,96,4,0.04,0.06018044705386274
74,87,13,0.13,0.04943191996775567
74,87,13,0.13,0.08598107029683888
82,91,9,0.09,0.06370787260471843
72,86,14,0.14,0.11563467477099039
84,92,8,0.08,0.10403196992527228
78,89,11,0.11,0.12231938949087634
86,93,7,0.07,0.09438190125976689
64,82,18,0.18,0.09415959420788568
74,87,13,0.13,0.08638850659946912
86,93,7,0.07,0.10464734823210164
88,94,6,0.06,0.12188249064958655
78,89,11,0.11,0.08134746884228662
72,86,14,0.14,0.09642282570479438
70,85,15,0.15,0.11241913652280346
76,88,12,0.12,0.15647509562084452
78,89,11,0.11,0.1397053330001654
74,87,13,0.13,0.11260655259946362
72,86,14,0.14,0.09869464477989823
46,73,27,0.27,0.11621772323502227
46,73,27,0.27,0.12607869436964392
90,95,5,0.05,0.13086054852290543
82,91,9,0.09,0.08491110732080415
70,85,15,0.15,0.07068220440531149
62,81,19,0.19,0.09246436030371115
68,84,16,0.16,0.07508651706448291
92,96,4,0.04,0.12585718089481815
68,84,16,0.16,0.10969474153826013
80,90,10,0.1,0.15065780681790783
78,89,11,0.11,0.13317512498935685
58,79,21,0.21,0.11573229017201811
74,87,13,0.13,0.06629638562677428
78,89,11,0.11,0.08811212214990519
88,94,6,0.06,0.05263589333204436
74,87,13,0.13,0.0930664885789156
76,88,12,0.12,0.09438252315158024
74,87,13,0.13,0.12198191444855183
64,82,18,0.18,0.10764409941155463
80,90,10,0.1,0.1325013815483544
60,80,20,0.2,0.08816518156090751
72,86,14,0.14,0.11320244488772005
74,87,13,0.13,0.08265409660816658
82,91,9,0.09,0.09564378904178739
82,91,9,0.09,0.10521512336563318
74,87,13,0.13,0.077521256126347
62,81,19,0.19,0.11015069275046699
70,85,15,0.15,0.10501457661972381
70,85,15,0.15,0.09845862613525241
74,87,13,0.13,0.1501770229534304
80,90,10,0.1,0.07106901261489838
64,82,18,0.18,0.0803505712270271
78,89,11,0.11,0.11853467324792291
72,86,14,0.14,0.11130824933177791
70,85,15,0.15,0.07702350484090857
76,88,12,0.12,0.1731591825070791
84,92,8,0.08,0.09386460730980616
80,90,10,0.1,0.11972378646401921
76,88,12,0.12,0.06745807257771957
70,85,15,0.15,0.11850175383733585
72,86,14,0.14,0.08743536808993667
64,82,18,0.18,0.1060816411790438
80,90,10,0.1,0.12209722509549464
72,86,14,0.14,0.07551235031103715
66,83,17,0.17,0.09973408219637349
80,90,10,0.1,0.05122496300842613
68,84,16,0.16,0.07790978975128382
66,83,17,0.17,0.10786066056229174
60,80,20,0.2,0.13318533685058356
64,82,18,0.18,0.11768195685464888
74,87,13,0.13,0.05653596131480299
80,90,10,0.1,0.06536401743418536
62,81,19,0.19,0.08574153404100798
76,88,12,0.12,0.07100475472805556
58,79,21,0.21,0.07462608766858465
76,88,12,0.12,0.121752013748046
60,80,20,0.2,0.08694695813872386
74,87,13,0.13,0.07662186245433986
86,93,7,0.07,0.07011209597927519
78,89,11,0.11,0.1404988787136972
72,86,14,0.14,0.11176072593778372
82,91,9,0.09,0.08568279369268567
68,84,16,0.16,0.06472671846859157
76,88,12,0.12,0.09337530066957697
66,83,17,0.17,0.1202289989691053
80,90,10,0.1,0.13722866382217036
76,88,12,0.12,0.06822591129923239
66,83,17,0.17,0.09044872877304443
70,85,15,0.15,0.1127448547584936
76,88,12,0.12,0.15528709308011457
56,78,22,0.22,0.10965517492964864
68,84,16,0.16,0.1118674259353429
66,83,17,0.17,0.1276404860429466
80,90,10,0.1,0.09422157248598523
90,95,5,0.05,0.15063292218372226
78,89,11,0.11,0.09412665577256121
52,76,24,0.24,0.08248956511262805
82,91,9,0.09,0.12739906655915548
90,95,5,0.05,0.10404822974465787
74,87,13,0.13,0.1082813500589691
70,85,15,0.15,0.11436688047135249
78,89,11,0.11,0.12186690421542153
76,88,12,0.12,0.09169793748180383
78,89,11,0.11,0.12200540037127211
84,92,8,0.08,0.09902301685448038
64,82,18,0.18,0.08294948614900932
78,89,11,0.11,0.12347291484707966
76,88,12,0.12,0.08841624765889719
72,86,14,0.14,0.11015335052816226
72,86,14,0.14,0.08544333918194752
72,86,14,0.14,0.12335565076733473
76,88,12,0.12,0.0885255899693584
72,86,14,0.14,0.08022835868527181
74,87,13,0.13,0.073177979713073
60,80,20,0.2,0.06767121983342804
70,85,15,0.15,0.05519758346257731
66,83,17,0.17,0.08195900104707107
80,90,10,0.1,0.08518153584678657
68,84,16,0.16,0.05302831941633485
70,85,15,0.15,0.0793096438725479
82,91,9,0.09,0.08891682174522429
80,90,10,0.1,0.08247389244846999
72,86,14,0.14,0.08744741034577601
60,80,20,0.2,0.09966723270015791
76,88,12,0.12,0.07390107644081581
84,92,8,0.08,0.1006868415599456
80,90,10,0.1,0.11870264077791944
84,92,8,0.08,0.06587281159765553
86,93,7,0.07,0.09017200135160237
78,89,11,0.11,0.10144492441962939
56,78,22,0.22,0.07971140957670286
82,91,9,0.09,0.0716228764980042
84,92,8,0.08,0.12714262023277115
80,90,10,0.1,0.10588820724282413
70,85,15,0.15,0.07675297885609325
84,92,8,0.08,0.10508695319411344
72,86,14,0.14,0.07475276891636895
64,82,18,0.18,0.07585372196394019
68,84,16,0.16,0.08020101528440136
60,80,20,0.2,0.07670507695118431
80,90,10,0.1,0.07539231359260157
66,83,17,0.17,0.0718944209429901
68,84,16,0.16,0.07155078361625783
72,86,14,0.14,0.07759636889910325
74,87,13,0.13,0.04601993250311352
70,85,15,0.15,0.051663520418223925
58,79,21,0.21,0.07180069320835174
58,79,21,0.21,0.07827486210269853
64,82,18,0.18,0.11703814418055117
64,82,18,0.18,0.08354596556397155
56,78,22,0.22,0.1586758030083729
68,84,16,0.16,0.06058393559069373
74,87,13,0.13,0.07985496392153436
82,91,9,0.09,0.10207922473899089
80,90,10,0.1,0.08586600090842694
68,84,16,0.16,0.06011214841040782
88,94,6,0.06,0.09055211465340107
78,89,11,0.11,0.11314757189655211
72,86,14,0.14,0.09123661734396592
70,85,15,0.15,0.10812318213982508
66,83,17,0.17,0.13423843594733625
52,76,24,0.24,0.10122918610461057
68,84,16,0.16,0.08603389448253437
86,93,7,0.07,0.11077039245865308
84,92,8,0.08,0.1319744707015343
66,83,17,0.17,0.08992674673441797
90,95,5,0.05,0.11913462063414045
64,82,18,0.18,0.10404820638243109
70,85,15,0.15,0.08113868696847931
74,87,13,0.13,0.10569533031986794
62,81,19,0.19,0.09822536648716777
84,92,8,0.08,0.08722483000718056
90,95,5,0.05,0.06919542796793393
68,84,16,0.16,0.10790126566658728
86,93,7,0.07,0.11370956162223593
80,90,10,0.1,0.08644630862108897
66,83,17,0.17,0.10831930766813457
74,87,13,0.13,0.10896299675107002
76,88,12,0.12,0.13238878574687987
70,85,15,0.15,0.0850457517374889
66,83,17,0.17,0.11163207194302231
72,86,14,0.14,0.1537838574894704
78,89,11,0.11,0.07911763128591702
72,86,14,0.14,0.12526760983280838
78,89,11,0.11,0.10504247929435223
92,96,4,0.04,0.085185407823883
70,85,15,0.15,0.13060978756053374
66,83,17,0.17,0.09587861589388921
74,87,13,0.13,0.10815410453593359
72,86,14,0.14,0.10924606522079557
80,90,10,0.1,0.07763754216139204
68,84,16,0.16,0.09979964606405702
80,90,10,0.1,0.10663174241781234
70,85,15,0.15,0.07553103876532986
74,87,13,0.13,0.103695949180983
76,88,12,0.12,0.07792926783709846
76,88,12,0.12,0.1423912173928693
76,88,12,0.12,0.10413284412585198
66,83,17,0.17,0.12291701695881783
70,85,15,0.15,0.08129689171910286
68,84,16,0.16,0.14291938069742172
78,89,11,0.11,0.15537873898108956
66,83,17,0.17,0.12872986183443572
84,92,8,0.08,0.08361735636135563
64,82,18,0.18,0.06641706319875083
62,81,19,0.19,0.0895511056180112
70,85,15,0.15,0.09837605448439718
80,90,10,0.1,0.12881875111721455
78,89,11,0.11,0.0949522009328939
72,86,14,0.14,0.08762907918542623
82,91,9,0.09,0.05874559306306765
64,82,18,0.18,0.06460961654782295
82,91,9,0.09,0.14058493950171397
74,87,13,0.13,0.07911097414558753
82,91,9,0.09,0.1218573428853415
72,86,14,0.14,0.11983821678208187
78,89,11,0.11,0.08230674892198295
68,84,16,0.16,0.10510415818076581
68,84,16,0.16,0.10485041953914333
82,91,9,0.09,0.09561334222089499
86,93,7,0.07,0.18291998223750852
80,90,10,0.1,0.13132087782025337
86,93,7,0.07,0.09412040676688775
90,95,5,0.05,0.10560701402951964
82,91,9,0.09,0.10693564698798581
80,90,10,0.1,0.13337159732589499
60,80,20,0.2,0.10960318907091278
82,91,9,0.09,0.127907339069061
80,90,10,0.1,0.10426425209036097
72,86,14,0.14,0.07697226877091452
80,90,10,0.1,0.11460796165512875
80,90,10,0.1,0.07997221572790295
70,85,15,0.15,0.07161823893315158
72,86,14,0.14,0.09197087406064383
70,85,15,0.15,0.11112326693022624
74,87,13,0.13,0.15179312041494997
80,90,10,0.1,0.06975128891528584
88,94,6,0.06,0.07384455430787057
76,88,12,0.12,0.13726148368092253
70,85,15,0.15,0.06501976203289814
90,95,5,0.05,0.09161550769698806
66,83,17,0.17,0.0820383131178096
82,91,9,0.09,0.08526362178014096
68,84,16,0.16,0.11373212840466294
66,83,17,0.17,0.13577558220364153
76,88,12,0.12,0.09016171376220881
68,84,16,0.16,0.11074953156989067
66,83,17,0.17,0.12957087650429458
84,92,8,0.08,0.07810232430016185
68,84,16,0.16,0.09809133619535715
74,87,13,0.13,0.1068163186730817
68,84,16,0.16,0.10808638291666284
72,86,14,0.14,0.11025870661600493
80,90,10,0.1,0.0926887569151586
70,85,15,0.15,0.0803269691276364
76,88,12,0.12,0.09743628640775569
66,83,17,0.17,0.07624735156656243
76,88,12,0.12,0.08392019608756528
74,87,13,0.13,0.1126652154349722
64,82,18,0.18,0.12157377613697463
70,85,15,0.15,0.09305671456037089
72,86,14,0.14,0.13598174574552105
88,94,6,0.06,0.101183117039036
80,90,10,0.1,0.08584029350895435
88,94,6,0.06,0.06189829034148715
84,92,8,0.08,0.11006827985867858
82,91,9,0.09,0.09252367053413764
74,87,13,0.13,0.10072943197912537
82,91,9,0.09,0.10319265575206372
68,84,16,0.16,0.08909322858322412
88,94,6,0.06,0.11476000182137795
76,88,12,0.12,0.11323237751494161
86,93,7,0.07,0.08661510617705062
72,86,14,0.14,0.108435849014204
88,94,6,0.06,0.13226628303993493
64,82,18,0.18,0.07792422907732544
76,88,12,0.12,0.09125879266299307
86,93,7,0.07,0.10801279062172398
68,84,16,0.16,0.06925085313618183
72,86,14,0.14,0.0757707436743658
68,84,16,0.16,0.1093535350309685
76,88,12,0.12,0.08162698553525843
82,91,9,0.09,0.08631241946131922
78,89,11,0.11,0.09446156852995045
76,88,12,0.12,0.13542279354995115
78,89,11,0.11,0.11759819581871853
80,90,10,0.1,0.11990008653199766
62,81,19,0.19,0.11598656080197543
70,85,15,0.15,0.08940808895451482
66,83,17,0.17,0.10257209862349555
66,83,17,0.17,0.09842970391735434
60,80,20,0.2,0.07892174489796161
66,83,17,0.17,0.11341368920169771
82,91,9,0.09,0.09760009697871283
66,83,17,0.17,0.06914315262343734
72,86,14,0.14,0.06252043311716989
78,89,11,0.11,0.05501417510968167
72,86,14,0.14,0.07009287057444454
74,87,13,0.13,0.058166591565823184
66,83,17,0.17,0.09230893132975325
74,87,13,0.13,0.07791378710884601
68,84,16,0.16,0.10054006078280509
64,82,18,0.18,0.11547324479557573
56,78,22,0.22,0.12449268318945542
68,84,16,0.16,0.09145528587978333
78,89,11,0.11,0.08419483218691312
70,85,15,0.15,0.07897264341125265
80,90,10,0.1,0.10934314838144928
66,83,17,0.17,0.12771309576462955
74,87,13,0.13,0.11176418303046376
66,83,17,0.17,0.14876298388815484
68,84,16,0.16,0.09299471935955808
70,85,15,0.15,0.12740152447950095
82,91,9,0.09,0.10090020210598595
80,90,10,0.1,0.046211525993421675
76,88,12,0.12,0.10277309056487866
68,84,16,0.16,0.0930079655686859
90,95,5,0.05,0.0737269018497318
84,92,8,0.08,0.07101757451542653
86,93,7,0.07,0.09669557836372406
70,85,15,0.15,0.0801338128990028
60,80,20,0.2,0.09354703176184558
82,91,9,0.09,0.10560375821660273
52,76,24,0.24,0.12388982671545819
82,91,9,0.09,0.07538333210744895
58,79,21,0.21,0.1346330576366745
82,91,9,0.09,0.08984038719092496
68,84,16,0.16,0.10930986975319684
56,78,22,0.22,0.10337850567419082
58,79,21,0.21,0.10337730046128854
60,80,20,0.2,0.12091432221524884
68,84,16,0.16,0.17980535176291595
78,89,11,0.11,0.1090084497933276
74,87,13,0.13,0.08414853791706264
60,80,20,0.2,0.1252461127983406
80,90,10,0.1,0.1017813351098448
72,86,14,0.14,0.12248152398737147
78,89,11,0.11,0.12024975521024317
78,89,11,0.11,0.10394544244278223
74,87,13,0.13,0.09391262922435999
68,84,16,0.16,0.11821183394407854
76,88,12,0.12,0.07318867850000971
86,93,7,0.07,0.07763019669102506
76,88,12,0.12,0.08981878191698342
76,88,12,0.12,0.08910342229763046
72,86,14,0.14,0.10988475017249584
78,89,11,0.11,0.09407172858249396
64,82,18,0.18,0.1019402367901057
66,83,17,0.17,0.09440372346667573
70,85,15,0.15,0.08850552661111578
80,90,10,0.1,0.09053629226022167
78,89,11,0.11,0.11254116613126826
78,89,11,0.11,0.10928767870878801
86,93,7,0.07,0.08505331507883966
88,94,6,0.06,0.07802688606549055
64,82,18,0.18,0.12334466984728351
66,83,17,0.17,0.09063516068039462
78,89,11,0.11,0.0828496727347374
80,90,10,0.1,0.16966684716288
82,91,9,0.09,0.08150296397507191
78,89,11,0.11,0.07745111696887762
82,91,9,0.09,0.057375805536285046
66,83,17,0.17,0.10614094468066469
72,86,14,0.14,0.07974729554727673
76,88,12,0.12,0.11033431404386647
48,74,26,0.26,0.07444830968277528
68,84,16,0.16,0.14060953347827307
72,86,14,0.14,0.13019101058132945
66,83,17,0.17,0.10429402181413025
56,78,22,0.22,0.13986208093818278
64,82,18,0.18,0.13249574241926892
76,88,12,0.12,0.09608194349333644
68,84,16,0.16,0.10252019467996433
76,88,12,0.12,0.07587624225532635
62,81,19,0.19,0.108784671172034
70,85,15,0.15,0.1476784292643424
70,85,15,0.15,0.11638012805953622
70,85,15,0.15,0.11770772809861228
78,89,11,0.11,0.10020209372742102
58,79,21,0.21,0.11451236579101533
78,89,11,0.11,0.15407962115714327
86,93,7,0.07,0.13012100935215132
78,89,11,0.11,0.09658836809132482
82,91,9,0.09,0.05728938809596002
74,87,13,0.13,0.1299268864514306
66,83,17,0.17,0.11576204034383408
78,89,11,0.11,0.07855231118504889
68,84,16,0.16,0.07128297747753094
78,89,11,0.11,0.1000228423581575
72,86,14,0.14,0.09884036138653755
70,85,15,0.15,0.1305354982323479
72,86,14,0.14,0.09948054358828813
66,83,17,0.17,0.128567873085849
72,86,14,0.14,0.09712021830491721
78,89,11,0.11,0.09022696230676956
76,88,12,0.12,0.099247629866004
74,87,13,0.13,0.12441791162826121
78,89,11,0.11,0.10289228607434779
60,80,20,0.2,0.11781697567086667
74,87,13,0.13,0.10038976101204752
66,83,17,0.17,0.13593512986553832
80,90,10,0.1,0.10655331170419231
68,84,16,0.16,0.12568143458804115
68,84,16,0.16,0.09988693874649471
82,91,9,0.09,0.07932723645237275
72,86,14,0.14,0.07429993248311803
68,84,16,0.16,0.06752234464278445
76,88,12,0.12,0.1181248537846841
72,86,14,0.14,0.07102714353939518
74,87,13,0.13,0.09318704783334397
64,82,18,0.18,0.06692394575919025
70,85,15,0.15,0.07454753169382457
80,90,10,0.1,0.07069230687367963
80,90,10,0.1,0.15657200430112425
72,86,14,0.14,0.11276854155003094
76,88,12,0.12,0.08821695990161971
70,85,15,0.15,0.07728383437148295
86,93,7,0.07,0.07035268890671433
80,90,10,0.1,0.07446264055557549
68,84,16,0.16,0.0803223846340552
74,87,13,0.13,0.11735050679300912
84,92,8,0.08,0.08428516522981226
76,88,12,0.12,0.09061824858887121
76,88,12,0.12,0.0816244219467626
68,84,16,0.16,0.0838457081571687
84,92,8,0.08,0.06545906365616247
68,84,16,0.16,0.08554048100020736
80,90,10,0.1,0.1473427661601454
86,93,7,0.07,0.09026193701894954
90,95,5,0.05,0.1043990178592503
80,90,10,0.1,0.06676299968035891
68,84,16,0.16,0.08105346163443755
80,90,10,0.1,0.11955494922876823
74,87,13,0.13,0.06574859234155156
66,83,17,0.17,0.10089992279885336
58,79,21,0.21,0.08446937144501135
66,83,17,0.17,0.11101203532889485
72,86,14,0.14,0.12667841903399676
78,89,11,0.11,0.07184627785289194
66,83,17,0.17,0.07874101079301908
84,92,8,0.08,0.1084681983385235
74,87,13,0.13,0.09853103868663311
64,82,18,0.18,0.13781266815960408
64,82,18,0.18,0.11875045344699174
90,95,5,0.05,0.08876584921614267
82,91,9,0.09,0.11382337737770286
70,85,15,0.15,0.05518956685904414
72,86,14,0.14,0.062356564742513
88,94,6,0.06,0.09092918023699895
86,93,7,0.07,0.06378245930653065
64,82,18,0.18,0.10507679200498388
84,92,8,0.08,0.12633624811191113
86,93,7,0.07,0.06784236514940858
64,82,18,0.18,0.12419592407066375
80,90,10,0.1,0.12193586153909564
70,85,15,0.15,0.061529074858408424
70,85,15,0.15,0.08486924492521211
86,93,7,0.07,0.10370765238534659
76,88,12,0.12,0.15371998141054063
52,76,24,0.24,0.17062204679226853
60,80,20,0.2,0.1213411114923656
66,83,17,0.17,0.1540253830968868
84,92,8,0.08,0.08795414329855702
84,92,8,0.08,0.1437495437753387
72,86,14,0.14,0.13215963104041292
80,90,10,0.1,0.10652596067287959
84,92,8,0.08,0.08884849051828496
74,87,13,0.13,0.12793235265184194
72,86,14,0.14,0.08465135987935354
70,85,15,0.15,0.07656963679277397
78,89,11,0.11,0.11318721417745109
82,91,9,0.09,0.07129579685861245
88,94,6,0.06,0.0896348664467223
68,84,16,0.16,0.08931089309975505
78,89,11,0.11,0.10333952997112647
86,93,7,0.07,0.06977459326968528
76,88,12,0.12,0.08288073068019003
66,83,17,0.17,0.06651719954505098
68,84,16,0.16,0.09301437423564493
74,87,13,0.13,0.13554851419175976
70,85,15,0.15,0.056454544194275515
80,90,10,0.1,0.1050454437546432
52,76,24,0.24,0.07951984608545899
72,86,14,0.14,0.09150596560444683
64,82,18,0.18,0.05447675248607993
82,91,9,0.09,0.0705564732250059
76,88,12,0.12,0.09494576560973655
86,93,7,0.07,0.11643837669864297
84,92,8,0.08,0.10121845704794395
80,90,10,0.1,0.10888721297844313
40,70,30,0.3,0.14646635307231917
66,83,17,0.17,0.1084620405244641
76,88,12,0.12,0.07367123919306323
66,83,17,0.17,0.12558492608368396
78,89,11,0.11,0.10963753934134729
84,92,8,0.08,0.11020792166469619
78,89,11,0.11,0.1178441670362372
62,81,19,0.19,0.10365969208534807
84,92,8,0.08,0.09874942130991257
62,81,19,0.19,0.08135668804054148
74,87,13,0.13,0.0794439448416233
84,92,8,0.08,0.08710385422920808
74,87,13,0.13,0.08848026995459804
88,94,6,0.06,0.10408128099283204
70,85,15,0.15,0.0754889582132455
70,85,15,0.15,0.11436267116863746
54,77,23,0.23,0.1016786354710348
66,83,17,0.17,0.1355141988885589
84,92,8,0.08,0.12053877288242802
66,83,17,0.17,0.0846507369482424
60,80,20,0.2,0.07935416400432586
76,88,12,0.12,0.07660309300990775
64,82,18,0.18,0.09345847454154864
76,88,12,0.12,0.07193710202293005
58,79,21,0.21,0.07442682425869862
74,87,13,0.13,0.10312451125239022
74,87,13,0.13,0.09408255797345191
80,90,10,0.1,0.09459993529133498
72,86,14,0.14,0.08767490257159807
88,94,6,0.06,0.08109142855348182
82,91,9,0.09,0.08432334029697813
72,86,14,0.14,0.08541995836189016
74,87,13,0.13,0.09766239981749095
84,92,8,0.08,0.09764226066297851
80,90,10,0.1,0.10026106486096978
68,84,16,0.16,0.0785748100967612
66,83,17,0.17,0.06923586114658974
68,84,16,0.16,0.07476250989886467
56,78,22,0.22,0.15652386664645745
82,91,9,0.09,0.11228568150196225
74,87,13,0.13,0.09135130800190382
82,91,9,0.09,0.0732361710537225
80,90,10,0.1,0.12001081558293664
74,87,13,0.13,0.14140515704173595
72,86,14,0.14,0.08506620842876146
70,85,15,0.15,0.07113944726181216
58,79,21,0.21,0.07822377972188406
80,90,10,0.1,0.06339465346711222
46,73,27,0.27,0.0961449785635341
62,81,19,0.19,0.0795800018729642
68,84,16,0.16,0.10175992889795453
88,94,6,0.06,0.06945481307338923
78,89,11,0.11,0.07430452255764976
94,97,3,0.03,0.11542478373128688
72,86,14,0.14,0.07534680485492572
72,86,14,0.14,0.09250806621057564
68,84,16,0.16,0.08677056384040042
76,88,12,0.12,0.10658825472462923
72,86,14,0.14,0.060809595219325274
82,91,9,0.09,0.08968281391023993
76,88,12,0.12,0.08683836156036705
72,86,14,0.14,0.09694203152961563
68,84,16,0.16,0.06734278462303336
76,88,12,0.12,0.08225162247894331
72,86,14,0.14,0.07270341447729152
62,81,19,0.19,0.07983766462886706
84,92,8,0.08,0.08226503170211799
84,92,8,0.08,0.10080089943250642
72,86,14,0.14,0.0731874761346262
70,85,15,0.15,0.11258308740099893
68,84,16,0.16,0.11254829681653064
68,84,16,0.16,0.11932192889973521
68,84,16,0.16,0.11292626580223442
72,86,14,0.14,0.10805809717159719
74,87,13,0.13,0.11991749769964372
56,78,22,0.22,0.07139722418040037
86,93,7,0.07,0.07376708463823889
84,92,8,0.08,0.06313244449789636
56,78,22,0.22,0.07107382001777296
64,82,18,0.18,0.09692134597338736
72,86,14,0.14,0.07911158657865598
72,86,14,0.14,0.12009317887015641
70,85,15,0.15,0.08321235719369724
56,78,22,0.22,0.10706327479507309
82,91,9,0.09,0.15466291197080864
76,88,12,0.12,0.09728672082070261
70,85,15,0.15,0.059397607769351456
86,93,7,0.07,0.0776061007170938
76,88,12,0.12,0.03853852607659064
70,85,15,0.15,0.06136779860360548
64,82,18,0.18,0.056984464505221696
52,76,24,0.24,0.1021518644108437
82,91,9,0.09,0.10516810338245705
78,89,11,0.11,0.08863703563110903
82,91,9,0.09,0.08802403658628463
68,84,16,0.16,0.07941804982314352
82,91,9,0.09,0.08754238068941049
76,88,12,0.12,0.06894447287777439
82,91,9,0.09,0.11356211749603971
78,89,11,0.11,0.08790026744944043
56,78,22,0.22,0.08016375992563553
64,82,18,0.18,0.10543334120739019
62,81,19,0.19,0.09337046359782107
72,86,14,0.14,0.08095500996802002
78,89,11,0.11,0.08285127141105476
72,86,14,0.14,0.13917980022262783
66,83,17,0.17,0.06524827587709296
62,81,19,0.19,0.13036539517808707
84,92,8,0.08,0.09664879264310003
76,88,12,0.12,0.07248764674935955
86,93,7,0.07,0.08074673534138128
66,83,17,0.17,0.05186273313709535
78,89,11,0.11,0.059324321981985124
76,88,12,0.12,0.07778599144075997
62,81,19,0.19,0.07322212839266286
60,80,20,0.2,0.07842193682357902
74,87,13,0.13,0.08870831813896075
76,88,12,0.12,0.11207731652306392
62,81,19,0.19,0.09254602618981153
76,88,12,0.12,0.08429899476468564
72,86,14,0.14,0.08625368624576367
74,87,13,0.13,0.08469836834818124
70,85,15,0.15,0.10411972314002924
82,91,9,0.09,0.1044345766643528
80,90,10,0.1,0.0773363349607098
78,89,11,0.11,0.12302715415600687
70,85,15,0.15,0.1128713957639411
62,81,19,0.19,0.07196715400670656
76,88,12,0.12,0.07740992712555453
76,88,12,0.12,0.10150449868524447
86,93,7,0.07,0.07476456224452704
72,86,14,0.14,0.11146118737058713
76,88,12,0.12,0.08072240086039528
62,81,19,0.19,0.08712062892969698
74,87,13,0.13,0.0706851000781171
72,86,14,0.14,0.08818560164421797
82,91,9,0.09,0.09112088298192247
76,88,12,0.12,0.12759102846030146
84,92,8,0.08,0.07769149230327457
68,84,16,0.16,0.057161177621455866
70,85,15,0.15,0.11720097290934063
68,84,16,0.16,0.1026947729755193
72,86,14,0.14,0.12182644560700283
78,89,11,0.11,0.08884064724668861
72,86,14,0.14,0.09895964501192793
84,92,8,0.08,0.06855540597869549
80,90,10,0.1,0.08989372244977858
82,91,9,0.09,0.08008460719138384
82,91,9,0.09,0.058658715861383826
60,80,20,0.2,0.09614105001790449
72,86,14,0.14,0.06315883519127966
76,88,12,0.12,0.09932429075823165
72,86,14,0.14,0.16595368592301385
72,86,14,0.14,0.11385150789050386
70,85,15,0.15,0.0876521271141246
72,86,14,0.14,0.11705368629656732
62,81,19,0.19,0.0886881576711312
78,89,11,0.11,0.1002928047653404
92,96,4,0.04,0.08475199711625464
62,81,19,0.19,0.111037783495849
82,91,9,0.09,0.11097627090188325
70,85,15,0.15,0.11631909360352438
92,96,4,0.04,0.08388938845135271
64,82,18,0.18,0.06846661802032031
66,83,17,0.17,0.07515239352418575
58,79,21,0.21,0.11604539777035824
66,83,17,0.17,0.15493609266588465
80,90,10,0.1,0.08572419563715812
74,87,13,0.13,0.06723372847191059
80,90,10,0.1,0.07382038701558485
70,85,15,0.15,0.08874702382134274
70,85,15,0.15,0.13511129599879496
68,84,16,0.16,0.07190036939806305
72,86,14,0.14,0.12589948821347208
90,95,5,0.05,0.07228535143804038
80,90,10,0.1,0.09983269946184009
84,92,8,0.08,0.11301740539434832
72,86,14,0.14,0.10653157060034574
68,84,16,0.16,0.06844056407222525
68,84,16,0.16,0.104046152504161
78,89,11,0.11,0.10156336243962868
70,85,15,0.15,0.08278741349640768
72,86,14,0.14,0.11680215938016772
82,91,9,0.09,0.12751342904986815
64,82,18,0.18,0.07028995387809119
92,96,4,0.04,0.08043420064030216
64,82,18,0.18,0.09475947830593213
66,83,17,0.17,0.07369584393163678
64,82,18,0.18,0.07302048804820516
78,89,11,0.11,0.07722556549415457
66,83,17,0.17,0.09188638566294685
70,85,15,0.15,0.07174687006743624
68,84,16,0.16,0.0934428387414664
72,86,14,0.14,0.0879951797123067
78,89,11,0.11,0.0841645160713233
70,85,15,0.15,0.07459471127900542
76,88,12,0.12,0.09928705086000264
72,86,14,0.14,0.1385898778308183
72,86,14,0.14,0.09737334813937196
74,87,13,0.13,0.051537765874527394
72,86,14,0.14,0.09872882127820048
72,86,14,0.14,0.09151049894862809
76,88,12,0.12,0.11761557709542103
80,90,10,0.1,0.07246868582093156
54,77,23,0.23,0.07894270750111901
70,85,15,0.15,0.07497040855232626
60,80,20,0.2,0.0664228522288613
82,91,9,0.09,0.14559434215538203
92,96,4,0.04,0.08874803798738867
60,80,20,0.2,0.12302534638496582
86,93,7,0.07,0.06341576612787321
74,87,13,0.13,0.10189849839545786
70,85,15,0.15,0.08097712243674322
68,84,16,0.16,0.07217142338398844
80,90,10,0.1,0.15201102877850645
70,85,15,0.15,0.09268959071167046
64,82,18,0.18,0.15014413553406483
86,93,7,0.07,0.12320218345150352
74,87,13,0.13,0.0773482030001469
82,91,9,0.09,0.07394900131155736
68,84,16,0.16,0.0690312315733172
84,92,8,0.08,0.10825781931052916
76,88,12,0.12,0.17713285888778046
70,85,15,0.15,0.09735704555176199
72,86,14,0.14,0.06664887840866868
84,92,8,0.08,0.08110856507206336
78,89,11,0.11,0.09660712371813134
76,88,12,0.12,0.09631840318208561
76,88,12,0.12,0.10905125330202281
74,87,13,0.13,0.07815769070759415
64,82,18,0.18,0.08272827796405181
72,86,14,0.14,0.09483941203216091
82,91,9,0.09,0.06792790305335075
76,88,12,0.12,0.07639900278416462
94,97,3,0.03,0.08093702566809952
54,77,23,0.23,0.09601192104397342
74,87,13,0.13,0.10002957007614896
76,88,12,0.12,0.09455432437243871
76,88,12,0.12,0.09968141373596154
78,89,11,0.11,0.11091289694420993
84,92,8,0.08,0.05816316406708211
76,88,12,0.12,0.08047608438675524
72,86,14,0.14,0.11214614146621898
76,88,12,0.12,0.12975719468900934
84,92,8,0.08,0.07912893056636676
76,88,12,0.12,0.08770384972449392
84,92,8,0.08,0.05277974928438198
74,87,13,0.13,0.10837834271602333
90,95,5,0.05,0.08674529002804775
66,83,17,0.17,0.07569912668404868
84,92,8,0.08,0.09120699316612445
68,84,16,0.16,0.10052447523921729
76,88,12,0.12,0.08771072724601253
72,86,14,0.14,0.11975065392442047
84,92,8,0.08,0.1245045081875287
74,87,13,0.13,0.09151386717101559
66,83,17,0.17,0.14697265416441951
76,88,12,0.12,0.08420345468330197
76,88,12,0.12,0.12737005667877382
70,85,15,0.15,0.08393601715797558
84,92,8,0.08,0.09916014247573912
78,89,11,0.11,0.10128854451002553
72,86,14,0.14,0.09745934780221432
58,79,21,0.21,0.06268035755492747
68,84,16,0.16,0.11260440897138324
80,90,10,0.1,0.09319887881865725
66,83,17,0.17,0.1374025658366736
68,84,16,0.16,0.1528715956324595
72,86,14,0.14,0.14534095728537066
72,86,14,0.14,0.12070111684617586
66,83,17,0.17,0.09931054731976474
68,84,16,0.16,0.17014404250017834
74,87,13,0.13,0.1438130917318631
84,92,8,0.08,0.1404827357106842
88,94,6,0.06,0.10894413924310356
84,92,8,0.08,0.060272239173064006
62,81,19,0.19,0.09906062454218045
78,89,11,0.11,0.10771309926232789
86,93,7,0.07,0.08908744169748388
72,86,14,0.14,0.1271771800753777
84,92,8,0.08,0.10356387595180422
68,84,16,0.16,0.09828459055046551
74,87,13,0.13,0.06680269613629207
86,93,7,0.07,0.10372230137232691
88,94,6,0.06,0.07458187657786766
78,89,11,0.11,0.07768298404524103
62,81,19,0.19,0.11054110215744004
64,82,18,0.18,0.09472546237288043
80,90,10,0.1,0.09592558713862673
72,86,14,0.14,0.10692457013763487
44,72,28,0.28,0.12173317402193788
76,88,12,0.12,0.059703993054572496
80,90,10,0.1,0.08225259396247565
68,84,16,0.16,0.1167761866748333
72,86,14,0.14,0.09283505400293507
70,85,15,0.15,0.09911790414829738
90,95,5,0.05,0.10401850565569476
70,85,15,0.15,0.06966880845604465
74,87,13,0.13,0.09473035326693208
72,86,14,0.14,0.059125815930892715
72,86,14,0.14,0.07206555440032389
68,84,16,0.16,0.08030726847762708
70,85,15,0.15,0.08081263631116599
66,83,17,0.17,0.10457601064117625
80,90,10,0.1,0.0881549715436995
66,83,17,0.17,0.06642371320223901
80,90,10,0.1,0.0712551236373838
68,84,16,0.16,0.077368324661511
76,88,12,0.12,0.058027264908887446
82,91,9,0.09,0.07972300971217919
72,86,14,0.14,0.06794033827725798
70,85,15,0.15,0.1329863623296842
72,86,14,0.14,0.1484281704807654
66,83,17,0.17,0.07887036741594784
72,86,14,0.14,0.09543303975602611
74,87,13,0.13,0.1229900997923687
70,85,15,0.15,0.09737385490909219
76,88,12,0.12,0.08130781813000794
82,91,9,0.09,0.09363949280625093
68,84,16,0.16,0.08166533836745657
80,90,10,0.1,0.11181671116617509
66,83,17,0.17,0.08986456992686725
90,95,5,0.05,0.08906652309931815
58,79,21,0.21,0.0963976906845346
64,82,18,0.18,0.08728473970433698
70,85,15,0.15,0.09911448551400098
86,93,7,0.07,0.0858221977413632
76,88,12,0.12,0.09757297823787667
62,81,19,0.19,0.07003706433577463
66,83,17,0.17,0.060341683928854764
68,84,16,0.16,0.059577464025933294
48,74,26,0.26,0.12599691084586084
70,85,15,0.15,0.10746171901002527
94,97,3,0.03,0.08353976241342025
70,85,15,0.15,0.0903067645803094
60,80,20,0.2,0.09705936092068441
50,75,25,0.25,0.13687913346569985
80,90,10,0.1,0.06066121153300628
84,92,8,0.08,0.08440894930739887
68,84,16,0.16,0.09868655612575822
78,89,11,0.11,0.06319673930294811
78,89,11,0.11,0.06551175749744288
74,87,13,0.13,0.07798146474407985
68,84,16,0.16,0.11529136424418539
90,95,5,0.05,0.12887152446201072
66,83,17,0.17,0.1398849795537535
54,77,23,0.23,0.09622085666866041
82,91,9,0.09,0.09114596174797043
80,90,10,0.1,0.1252382053207839
92,96,4,0.04,0.11877929836526163
82,91,9,0.09,0.07627736871072557
78,89,11,0.11,0.11550865231780336
76,88,12,0.12,0.08709647496987599
74,87,13,0.13,0.11340656760265119
72,86,14,0.14,0.07270176941063256
72,86,14,0.14,0.1015302788373083
74,87,13,0.13,0.10446062336908653
74,87,13,0.13,0.10438969710259699
78,89,11,0.11,0.08066801652312279
76,88,12,0.12,0.12260498653398827
82,91,9,0.09,0.0856041674228618
68,84,16,0.16,0.13145913067273796
80,90,10,0.1,0.09961875391425565
70,85,15,0.15,0.1017236087238416
72,86,14,0.14,0.11991137769306079
76,88,12,0.12,0.09398755110683851
70,85,15,0.15,0.09340469678747468
52,76,24,0.24,0.08393475221237168
60,80,20,0.2,0.13109018407994882
66,83,17,0.17,0.10183487514499574
66,83,17,0.17,0.1339211800182238
64,82,18,0.18,0.10656772492453456
70,85,15,0.15,0.10708783206762745
70,85,15,0.15,0.10659631056245417
82,91,9,0.09,0.07864631646545604
80,90,10,0.1,0.0900762214208953
80,90,10,0.1,0.1140124400613422
64,82,18,0.18,0.12357354712672532
74,87,13,0.13,0.08817581422161311
72,86,14,0.14,0.10227730554994195
68,84,16,0.16,0.08686336508020759
66,83,17,0.17,0.1119417472020723
68,84,16,0.16,0.07454705170821399
62,81,19,0.19,0.0925050642923452
64,82,18,0.18,0.08543138541979715
58,79,21,0.21,0.09151400447444757
76,88,12,0.12,0.08805925699300132
84,92,8,0.08,0.07739680979168043
82,91,9,0.09,0.09053473587788176
72,86,14,0.14,0.12227904303465038
68,84,16,0.16,0.09638034645002336
66,83,17,0.17,0.08920297229313291
72,86,14,0.14,0.10865343098994344
76,88,12,0.12,0.07545508266426623
78,89,11,0.11,0.08432930003385991
76,88,12,0.12,0.13999628939665854
64,82,18,0.18,0.14394050887553023
52,76,24,0.24,0.10458697684109211
74,87,13,0.13,0.13368118624668568
58,79,21,0.21,0.09214469505939632
76,88,12,0.12,0.09708255534060299
74,87,13,0.13,0.11475247649243102
72,86,14,0.14,0.10433462939225137
62,81,19,0.19,0.0811440841620788
78,89,11,0.11,0.08829018430318683
62,81,19,0.19,0.12417726930463686
76,88,12,0.12,0.1209121328953188
72,86,14,0.14,0.06945142809534445
62,81,19,0.19,0.1106601676432183
70,85,15,0.15,0.10948921425268054
80,90,10,0.1,0.10161825039685937
76,88,12,0.12,0.09710324406274594
80,90,10,0.1,0.07795387479185592
74,87,13,0.13,0.12738014831207692
88,94,6,0.06,0.13878042898140847
64,82,18,0.18,0.1006790024205111
66,83,17,0.17,0.10825548374792561
74,87,13,0.13,0.11407216022489593
66,83,17,0.17,0.10472669191774912
80,90,10,0.1,0.09755157875595614
84,92,8,0.08,0.07231299299863167
58,79,21,0.21,0.08833187710901257
78,89,11,0.11,0.12091363380910479
74,87,13,0.13,0.0724246909818612
76,88,12,0.12,0.14019419075455516
86,93,7,0.07,0.1032750911603216
62,81,19,0.19,0.07116356641650783
72,86,14,0.14,0.07809020097192843
72,86,14,0.14,0.11718656739845755
70,85,15,0.15,0.08361520926118829
70,85,15,0.15,0.09305122784164269
72,86,14,0.14,0.091357134769205
76,88,12,0.12,0.07591263974201866
58,79,21,0.21,0.07600083802826703
70,85,15,0.15,0.07611227731453254
84,92,8,0.08,0.08881374579766999
62,81,19,0.19,0.10303146874997765
90,95,5,0.05,0.07577012861380354
76,88,12,0.12,0.11425624866969883
54,77,23,0.23,0.11136782460729591
60,80,20,0.2,0.07930215042550116
52,76,24,0.24,0.09934268277836963
86,93,7,0.07,0.11807626289082691
84,92,8,0.08,0.07678407808067277
64,82,18,0.18,0.08896756695292424
68,84,16,0.16,0.08054402115289122
58,79,21,0.21,0.1015928573042038
72,86,14,0.14,0.12902860871749
78,89,11,0.11,0.10015819699634448
74,87,13,0.13,0.07106286359252408
90,95,5,0.05,0.12565840386319904
74,87,13,0.13,0.09211350960540585
92,96,4,0.04,0.1065097136166878
68,84,16,0.16,0.11017012234195135
84,92,8,0.08,0.11404529837425798
78,89,11,0.11,0.06468902979977428
72,86,14,0.14,0.11139462108956649
66,83,17,0.17,0.1520587072102353
72,86,14,0.14,0.10361344642282347
78,89,11,0.11,0.11726468526525423
60,80,20,0.2,0.08999832930392586
72,86,14,0.14,0.12822369683533907
72,86,14,0.14,0.09683527373970718
62,81,19,0.19,0.1270768153690733
78,89,11,0.11,0.09834902789909393
66,83,17,0.17,0.10249230079585686
72,86,14,0.14,0.06453932932228781
86,93,7,0.07,0.0610425691655837
74,87,13,0.13,0.08269043127656914
80,90,10,0.1,0.11194332444574684
68,84,16,0.16,0.1097094935621135
66,83,17,0.17,0.09335067848092876
74,87,13,0.13,0.0879150757426396
74,87,13,0.13,0.10313690315000713
68,84,16,0.16,0.11189120389986783
72,86,14,0.14,0.08079803442436968
78,89,11,0.11,0.12262444149004295
80,90,10,0.1,0.09374249025946484
58,79,21,0.21,0.08445889559108764
64,82,18,0.18,0.0823599404131528
66,83,17,0.17,0.08092537133255974
78,89,11,0.11,0.08195699623785913
64,82,18,0.18,0.10334716549608856
58,79,21,0.21,0.06985146241262555
84,92,8,0.08,0.09436163639416918
68,84,16,0.16,0.10951339518185704
70,85,15,0.15,0.07529204596881754
52,76,24,0.24,0.06518528723623604
62,81,19,0.19,0.0838557156524621
76,88,12,0.12,0.09491207746817963
88,94,6,0.06,0.06724951373995282
70,85,15,0.15,0.13172258018516003
76,88,12,0.12,0.17587249139905908
70,85,15,0.15,0.05532180181820877
66,83,17,0.17,0.11905154941603541
70,85,15,0.15,0.09764589574653655
84,92,8,0.08,0.18266046341508627
82,91,9,0.09,0.09859908032696695
68,84,16,0.16,0.15470105421030894
68,84,16,0.16,0.0884385037154425
68,84,16,0.16,0.10068045306485146
78,89,11,0.11,0.09902359068393707
72,86,14,0.14,0.0934231126587838
64,82,18,0.18,0.06788409762084484
76,88,12,0.12,0.09643761080689728
84,92,8,0.08,0.07336798606906086
62,81,19,0.19,0.11960704326629638
62,81,19,0.19,0.11414892165921628
88,94,6,0.06,0.1159475535346428
56,78,22,0.22,0.09727365155704319
70,85,15,0.15,0.13855540391989052
88,94,6,0.06,0.09729915359057487
88,94,6,0.06,0.13646378780249507
72,86,14,0.14,0.1080703244684264
76,88,12,0.12,0.09755219471873716
70,85,15,0.15,0.11478428514208644
72,86,14,0.14,0.11572986880550161
70,85,15,0.15,0.13919948812574148
70,85,15,0.15,0.1480023916438222
86,93,7,0.07,0.14286644583335145
64,82,18,0.18,0.12294682403793558
44,72,28,0.28,0.13872365754563362
72,86,14,0.14,0.14090572601184248
80,90,10,0.1,0.14358179415808991
72,86,14,0.14,0.13854666547849775
56,78,22,0.22,0.1251781620690599
58,79,21,0.21,0.1892106766719371
88,94,6,0.06,0.14733511897735296
76,88,12,0.12,0.10930942077247892
66,83,17,0.17,0.10886011583963409
58,79,21,0.21,0.14533913992810996
64,82,18,0.18,0.14541023151949048
76,88,12,0.12,0.12519159642630256
80,90,10,0.1,0.12683831384347286
76,88,12,0.12,0.13478052360936998
68,84,16,0.16,0.1571398987621069
70,85,15,0.15,0.12219332258682698
72,86,14,0.14,0.14522166241891682
72,86,14,0.14,0.10692061389214359
62,81,19,0.19,0.09755073501495644
78,89,11,0.11,0.10568282512947917
58,79,21,0.21,0.11835344683378934
66,83,17,0.17,0.12989573941100388
64,82,18,0.18,0.11538376026321202
76,88,12,0.12,0.11158746294677258
70,85,15,0.15,0.14682975653093308
82,91,9,0.09,0.10695561976870521
66,83,17,0.17,0.11831054762937128
78,89,11,0.11,0.09594383186195046
88,94,6,0.06,0.12150223305914551
74,87,13,0.13,0.09433839025907219
58,79,21,0.21,0.08098005488747731
58,79,21,0.21,0.0949709481582977
74,87,13,0.13,0.11519069773261435
76,88,12,0.12,0.0815385732986033
70,85,15,0.15,0.11279780924785882
68,84,16,0.16,0.1184191120462492
72,86,14,0.14,0.10002419054158963
78,89,11,0.11,0.1071092110592872
56,78,22,0.22,0.08349590645171702
70,85,15,0.15,0.09593358179088682
74,87,13,0.13,0.1269548729993403
60,80,20,0.2,0.12134325129445642
68,84,16,0.16,0.15826485561672599
72,86,14,0.14,0.13596304195933043
80,90,10,0.1,0.16576188951730728
90,95,5,0.05,0.09651031427609269
82,91,9,0.09,0.11620715799974278
70,85,15,0.15,0.08459995870944112
64,82,18,0.18,0.14698722316883506
64,82,18,0.18,0.15405412133783103
74,87,13,0.13,0.12257964191492647
74,87,13,0.13,0.08650323971989565
72,86,14,0.14,0.1330376081634313
68,84,16,0.16,0.09034545892616734
54,77,23,0.23,0.13633645249530674
62,81,19,0.19,0.09427845816127955
64,82,18,0.18,0.17732132309582085
66,83,17,0.17,0.11464921701466664
64,82,18,0.18,0.07922520533611532
66,83,17,0.17,0.12526493009179832
68,84,16,0.16,0.13776236342964693
70,85,15,0.15,0.12377474050968885
58,79,21,0.21,0.0948628210183233
88,94,6,0.06,0.10852231050375849
80,90,10,0.1,0.0876256294362247
62,81,19,0.19,0.08957773839589209
58,79,21,0.21,0.12728539491654373
68,84,16,0.16,0.10203800892923028
56,78,22,0.22,0.15912819177145138
68,84,16,0.16,0.10430693391244858
66,83,17,0.17,0.07684649678500137
50,75,25,0.25,0.10737249882891774
70,85,15,0.15,0.0648118297487963
74,87,13,0.13,0.09086515220813453
58,79,21,0.21,0.11874102900736033
78,89,11,0.11,0.0734861436020583
76,88,12,0.12,0.1558906801743433
70,85,15,0.15,0.10623931828420609
68,84,16,0.16,0.10916526652872563
76,88,12,0.12,0.10332986430032179
84,92,8,0.08,0.12727606658823787
82,91,9,0.09,0.08261988676036708
82,91,9,0.09,0.07142718359478749
74,87,13,0.13,0.10527959574304986
72,86,14,0.14,0.08861450408119709
60,80,20,0.2,0.07092690312769263
70,85,15,0.15,0.09684957249322906
60,80,20,0.2,0.11469613898778334
74,87,13,0.13,0.12897384694777428
78,89,11,0.11,0.15833432265091688
58,79,21,0.21,0.0713489713636227
90,95,5,0.05,0.1500668421946466
72,86,14,0.14,0.10572473312844523
78,89,11,0.11,0.09755305826663971
74,87,13,0.13,0.14509941509459168
72,86,14,0.14,0.09120727559551596
68,84,16,0.16,0.13045881053560607
80,90,10,0.1,0.0819374079827685
70,85,15,0.15,0.1261461168807
66,83,17,0.17,0.12937844199361279
76,88,12,0.12,0.14631266303826124
62,81,19,0.19,0.11613629798986949
70,85,15,0.15,0.12717775574186818
78,89,11,0.11,0.13823108402779327
76,88,12,0.12,0.12391538294963539
70,85,15,0.15,0.09660735526587814
70,85,15,0.15,0.18928119556512685
58,79,21,0.21,0.15695514864171856
66,83,17,0.17,0.15604019928723573
74,87,13,0.13,0.10196115910468506
78,89,11,0.11,0.15936622662004082
80,90,10,0.1,0.1473499505361542
58,79,21,0.21,0.15520148215815424
82,91,9,0.09,0.09702529756585136
68,84,16,0.16,0.1620745975151658
78,89,11,0.11,0.08040843338007107
72,86,14,0.14,0.16816021947190166
72,86,14,0.14,0.10677082920912653
78,89,11,0.11,0.2035656209103763
72,86,14,0.14,0.09837180119240657
58,79,21,0.21,0.13924523764289914
66,83,17,0.17,0.10109883852186613
86,93,7,0.07,0.09312495036516338
74,87,13,0.13,0.06562194203375839
86,93,7,0.07,0.1504261738524656
72,86,14,0.14,0.082850271621719
78,89,11,0.11,0.09003434357000514
72,86,14,0.14,0.09772465054236817
76,88,12,0.12,0.06581826932728291
60,80,20,0.2,0.08063460814999417
50,75,25,0.25,0.09413650110829622
68,84,16,0.16,0.10353290867991745
68,84,16,0.16,0.14776512556476518
84,92,8,0.08,0.09636494339676574
56,78,22,0.22,0.12227684764424339
84,92,8,0.08,0.06284214837153286
82,91,9,0.09,0.16929812663409394
68,84,16,0.16,0.080799321946688
74,87,13,0.13,0.21292263929033653
78,89,11,0.11,0.1165837533539161
74,87,13,0.13,0.10964431462751235
80,90,10,0.1,0.10148736874572933
74,87,13,0.13,0.09446597111294977
78,89,11,0.11,0.09892012036638334
64,82,18,0.18,0.1065808603959158
72,86,14,0.14,0.1457211637403816
64,82,18,0.18,0.127920628269203
66,83,17,0.17,0.09614762411219999
74,87,13,0.13,0.10627527864649892
62,81,19,0.19,0.11857501959893853
68,84,16,0.16,0.10195597308687866
78,89,11,0.11,0.13318676803726703
60,80,20,0.2,0.14395403302740306
78,89,11,0.11,0.1323479496082291
74,87,13,0.13,0.17176033764146267
80,90,10,0.1,0.1797437804727815
82,91,9,0.09,0.10980255770031362
64,82,18,0.18,0.10812709059682675
78,89,11,0.11,0.10836619366891682
78,89,11,0.11,0.09684145801700651
60,80,20,0.2,0.147531303986907
70,85,15,0.15,0.11857664935290814
66,83,17,0.17,0.11358929937006906
56,78,22,0.22,0.17175030876416714
70,85,15,0.15,0.1268560458626598
68,84,16,0.16,0.12964445985446219
80,90,10,0.1,0.12322172110667452
66,83,17,0.17,0.09992605623323471
70,85,15,0.15,0.09839707851075218
78,89,11,0.11,0.13467135501792654
78,89,11,0.11,0.13851032534614205
50,75,25,0.25,0.13158757414668798
70,85,15,0.15,0.06604703063610941
74,87,13,0.13,0.13347847358323633
62,81,19,0.19,0.12397467962000519
72,86,14,0.14,0.09691012775525451
66,83,17,0.17,0.10152481626719237
72,86,14,0.14,0.08518857272807509
68,84,16,0.16,0.09572355039883405
90,95,5,0.05,0.08815003769472242
86,93,7,0.07,0.07865160363726317
76,88,12,0.12,0.11420776794897393
60,80,20,0.2,0.07842750932322815
76,88,12,0.12,0.08226065162103623
64,82,18,0.18,0.1464943502889946
70,85,15,0.15,0.05932007947267266
64,82,18,0.18,0.11567602438852191
94,97,3,0.03,0.11048804806545377
72,86,14,0.14,0.1732502568885684
76,88,12,0.12,0.1341584945190698
74,87,13,0.13,0.19231930639594794
70,85,15,0.15,0.1965323569998145
68,84,16,0.16,0.2071893307939172
64,82,18,0.18,0.13518462024629116
80,90,10,0.1,0.14329295236617326
76,88,12,0.12,0.14954495212994515
64,82,18,0.18,0.13545256110839546
80,90,10,0.1,0.1359532228205353
60,80,20,0.2,0.12570272277109326
62,81,19,0.19,0.16801951859146358
68,84,16,0.16,0.14328450866043568
72,86,14,0.14,0.14236916507128627
68,84,16,0.16,0.12198157634586096
72,86,14,0.14,0.1781275380961597
80,90,10,0.1,0.16147274022339844
78,89,11,0.11,0.16888865014538168
82,91,9,0.09,0.14411948716267944
80,90,10,0.1,0.18296403605956585
74,87,13,0.13,0.15976519611664117
76,88,12,0.12,0.14534850044175981
74,87,13,0.13,0.10987238166853786
74,87,13,0.13,0.1331506010517478
78,89,11,0.11,0.2173302568309009
64,82,18,0.18,0.17151337356306612
62,81,19,0.19,0.13890902587212622
76,88,12,0.12,0.15331797712482512
66,83,17,0.17,0.1275578180071898
64,82,18,0.18,0.13396492680534722
62,81,19,0.19,0.12752105322666465
72,86,14,0.14,0.1412406121753156
68,84,16,0.16,0.13158705138601362
70,85,15,0.15,0.15438515705231112
68,84,16,0.16,0.18691161352209748
76,88,12,0.12,0.13123166378121823
78,89,11,0.11,0.15179344182368368
80,90,10,0.1,0.11169393687043339
72,86,14,0.14,0.14142037041485309
64,82,18,0.18,0.15836411279626192
50,75,25,0.25,0.15404667510651052
54,77,23,0.23,0.11314199530053884
78,89,11,0.11,0.11641251920023933
64,82,18,0.18,0.1508691748091951
86,93,7,0.07,0.13202215789817273
68,84,16,0.16,0.10924397635040804
74,87,13,0.13,0.09002766837365925
74,87,13,0.13,0.1232624717312865
64,82,18,0.18,0.1432173175853677
68,84,16,0.16,0.13721642441116275
68,84,16,0.16,0.0817031393572688
56,78,22,0.22,0.08524766856338829
82,91,9,0.09,0.09994048658991232
70,85,15,0.15,0.10628734691999853
68,84,16,0.16,0.08887482630088925
72,86,14,0.14,0.11282888624351471
72,86,14,0.14,0.1418424675706774
82,91,9,0.09,0.10979730428778567
70,85,15,0.15,0.15297850825823844
78,89,11,0.11,0.15048669109120966
76,88,12,0.12,0.09169459894823376
72,86,14,0.14,0.06622505010047462
72,86,14,0.14,0.08280454371590168
66,83,17,0.17,0.1288274397328496
62,81,19,0.19,0.12992572666611524
72,86,14,0.14,0.1797741033975035
78,89,11,0.11,0.0789899064169731
90,95,5,0.05,0.15988736763130873
66,83,17,0.17,0.1054500272590667
64,82,18,0.18,0.11383081971667706
78,89,11,0.11,0.13331266902387143
56,78,22,0.22,0.06403826447203756
72,86,14,0.14,0.10235218760557473
82,91,9,0.09,0.1264359911251813
68,84,16,0.16,0.16631696581840516
72,86,14,0.14,0.11438124128151685
82,91,9,0.09,0.1273019284584734
66,83,17,0.17,0.09556130366283469
78,89,11,0.11,0.07842804054729641
80,90,10,0.1,0.12060198348015547
72,86,14,0.14,0.09415534773608669
74,87,13,0.13,0.11407909759087488
58,79,21,0.21,0.12009321666322649
70,85,15,0.15,0.137861082656309
80,90,10,0.1,0.12836551157059148
74,87,13,0.13,0.10411555224098265
76,88,12,0.12,0.12146032163407654
60,80,20,0.2,0.13044713149312884
64,82,18,0.18,0.115622452897951
78,89,11,0.11,0.10288359366357326
62,81,19,0.19,0.09864851935766637
70,85,15,0.15,0.10239289060467854
62,81,19,0.19,0.09202053254470229
86,93,7,0.07,0.07524264419218525
92,96,4,0.04,0.11828221037052572
84,92,8,0.08,0.07447577951243148
58,79,21,0.21,0.1598351693060249
80,90,10,0.1,0.11003675291780382
74,87,13,0.13,0.10944366640294902
60,80,20,0.2,0.14581371136009694
54,77,23,0.23,0.10962220092769712
74,87,13,0.13,0.12876368927769363
66,83,17,0.17,0.14213255454320461
78,89,11,0.11,0.12018924971111118
78,89,11,0.11,0.14791168003575877
58,79,21,0.21,0.12127052985131741
68,84,16,0.16,0.10843980103498324
66,83,17,0.17,0.15859672859311102
68,84,16,0.16,0.10535202253609896
66,83,17,0.17,0.1444879733165726
60,80,20,0.2,0.1818357726931572
58,79,21,0.21,0.14637185041909107
72,86,14,0.14,0.23672217516228555
82,91,9,0.09,0.1691322072595358
58,79,21,0.21,0.1459261549822986
72,86,14,0.14,0.14404269049875437
74,87,13,0.13,0.15261578923091293
68,84,16,0.16,0.178030074678245
82,91,9,0.09,0.15461847120895983
68,84,16,0.16,0.13073089909739793
74,87,13,0.13,0.23716736884787679
62,81,19,0.19,0.1569366523437202
70,85,15,0.15,0.17097684707259758
76,88,12,0.12,0.19649266987107694
80,90,10,0.1,0.169374120188877
72,86,14,0.14,0.136013601180166
58,79,21,0.21,0.1980948813445866
90,95,5,0.05,0.21842986405827106
82,91,9,0.09,0.1785269804764539
82,91,9,0.09,0.13651486882939934
56,78,22,0.22,0.11212685131467878
62,81,19,0.19,0.14139398591592908
64,82,18,0.18,0.14325684312731027
74,87,13,0.13,0.14220376894809306
54,77,23,0.23,0.20861035354435445
84,92,8,0.08,0.21800796418450774
54,77,23,0.23,0.1659337157383561
78,89,11,0.11,0.19250556027516721
76,88,12,0.12,0.11479973755776882
76,88,12,0.12,0.1374606068796129
72,86,14,0.14,0.13314386121928692
84,92,8,0.08,0.16884272266179323
62,81,19,0.19,0.11045756261097267
68,84,16,0.16,0.11159927983768285
76,88,12,0.12,0.14071324644610286
68,84,16,0.16,0.12394767168909311
78,89,11,0.11,0.1522823687363416
72,86,14,0.14,0.1489079884532839
76,88,12,0.12,0.1266597661189735
74,87,13,0.13,0.1365727102162782
74,87,13,0.13,0.17113783585373313
72,86,14,0.14,0.1471787568833679
68,84,16,0.16,0.11304535914212466
72,86,14,0.14,0.15707568627782165
74,87,13,0.13,0.16562719156034292
74,87,13,0.13,0.14320727064274252
80,90,10,0.1,0.121736456239596
80,90,10,0.1,0.1501494683790952
58,79,21,0.21,0.13504030080512167
70,85,15,0.15,0.12427944381372072
64,82,18,0.18,0.085915956068784
76,88,12,0.12,0.13370708092581482
76,88,12,0.12,0.12222351207165047
80,90,10,0.1,0.12598555317148566
76,88,12,0.12,0.0986812271969393
68,84,16,0.16,0.15923193579073996
80,90,10,0.1,0.13394580503692852
66,83,17,0.17,0.1477036390826106
70,85,15,0.15,0.1050101032992825
66,83,17,0.17,0.10749788580462337
74,87,13,0.13,0.07267432562075556
70,85,15,0.15,0.1273989771818742
74,87,13,0.13,0.10978397420607507
84,92,8,0.08,0.1623451323295012
74,87,13,0.13,0.14641133100958542
70,85,15,0.15,0.1311198951676488
66,83,17,0.17,0.17270336365327238
58,79,21,0.21,0.14775758342351764
82,91,9,0.09,0.0883624314959161
76,88,12,0.12,0.14117822007043287
68,84,16,0.16,0.14376139868516474
72,86,14,0.14,0.16405191312893294
72,86,14,0.14,0.10711150115530473
84,92,8,0.08,0.11021513367188163
80,90,10,0.1,0.12492187381663826
82,91,9,0.09,0.07472438030294143
54,77,23,0.23,0.08352759010944283
64,82,18,0.18,0.11755416353058536
76,88,12,0.12,0.12604353473521768
74,87,13,0.13,0.21366000797599555
78,89,11,0.11,0.14210518702886474
54,77,23,0.23,0.12604441041126846
70,85,15,0.15,0.1484349580295384
70,85,15,0.15,0.1151294683222659
60,80,20,0.2,0.11252031810581684
70,85,15,0.15,0.13041394957341254
74,87,13,0.13,0.0996149011189118
70,85,15,0.15,0.14086516726762055
70,85,15,0.15,0.09741918517276645
84,92,8,0.08,0.09371212313184514
62,81,19,0.19,0.10847946937719825
70,85,15,0.15,0.09222558422014117
58,79,21,0.21,0.1581536245625466
74,87,13,0.13,0.09944991942029446
62,81,19,0.19,0.15592359785921872
86,93,7,0.07,0.10141212411224843
84,92,8,0.08,0.09314925411250442
62,81,19,0.19,0.18467618471477182
72,86,14,0.14,0.1067668359586969
66,83,17,0.17,0.15060709692072125
76,88,12,0.12,0.19705633858684451
84,92,8,0.08,0.09603912213700823
72,86,14,0.14,0.09588655221508816
56,78,22,0.22,0.12139269443694502
78,89,11,0.11,0.12964491583756171
74,87,13,0.13,0.10990981968352571
66,83,17,0.17,0.11952098785768613
70,85,15,0.15,0.11540402698796243
70,85,15,0.15,0.13861777475103737
56,78,22,0.22,0.08961758052231744
64,82,18,0.18,0.09308962874114514
76,88,12,0.12,0.08563838420028333
66,83,17,0.17,0.12242576357908547
68,84,16,0.16,0.11557202886324376
64,82,18,0.18,0.11030671895015985
84,92,8,0.08,0.1148236999870278
70,85,15,0.15,0.08438043970614671
78,89,11,0.11,0.1781197194941342
70,85,15,0.15,0.1194440009444952
66,83,17,0.17,0.09382979905465617
86,93,7,0.07,0.1180644570523873
80,90,10,0.1,0.10425819170195609
72,86,14,0.14,0.12733565574744715
66,83,17,0.17,0.13571280687116086
48,74,26,0.26,0.1684861926175654
68,84,16,0.16,0.1262427372019738
78,89,11,0.11,0.13004371129034553
74,87,13,0.13,0.14849868069402875
72,86,14,0.14,0.12087338332552462
72,86,14,0.14,0.12061728450004011
58,79,21,0.21,0.11649986002594233
80,90,10,0.1,0.15994895182549954
80,90,10,0.1,0.13872324536554514
58,79,21,0.21,0.17123221589252352
76,88,12,0.12,0.08809080100385472
78,89,11,0.11,0.13478808326413855
60,80,20,0.2,0.146046622027643
60,80,20,0.2,0.14593343814369292
70,85,15,0.15,0.14565081869252025
90,95,5,0.05,0.09808778582606464
74,87,13,0.13,0.11953446824569255
76,88,12,0.12,0.16478084513917565
66,83,17,0.17,0.1262110403412953
62,81,19,0.19,0.15284053712617607
62,81,19,0.19,0.1506512108631432
70,85,15,0.15,0.12300721540697851
80,90,10,0.1,0.14205962979234754
70,85,15,0.15,0.1276725892070681
64,82,18,0.18,0.09286940452642739
74,87,13,0.13,0.13028979535680263
52,76,24,0.24,0.11833046040614136
76,88,12,0.12,0.12563654648140074
76,88,12,0.12,0.13340253620408477
72,86,14,0.14,0.10792886190349237
50,75,25,0.25,0.14147842982434666
76,88,12,0.12,0.13095053334429393
74,87,13,0.13,0.122205303106457
74,87,13,0.13,0.14515224422793835
60,80,20,0.2,0.17628080572932958
76,88,12,0.12,0.15466474937973543
64,82,18,0.18,0.1709232767764479
82,91,9,0.09,0.20589953989721835
74,87,13,0.13,0.10962962996214629
62,81,19,0.19,0.17409187304787338
82,91,9,0.09,0.16017573782242833
84,92,8,0.08,0.11663143813610077
68,84,16,0.16,0.1716435600630939
74,87,13,0.13,0.16249397644074634
76,88,12,0.12,0.07896083939354867
76,88,12,0.12,0.11213461654726416
70,85,15,0.15,0.1675775116123259
80,90,10,0.1,0.12166731064673514
90,95,5,0.05,0.13037621402181684
78,89,11,0.11,0.1318578256247565
76,88,12,0.12,0.168123186416924
88,94,6,0.06,0.1249287354387343
70,85,15,0.15,0.19710170262958854
66,83,17,0.17,0.1191267458978109
74,87,13,0.13,0.16067317413166166
66,83,17,0.17,0.14377447900362314
70,85,15,0.15,0.13722597810439766
82,91,9,0.09,0.173703922056593
74,87,13,0.13,0.14916184136644006
86,93,7,0.07,0.2023095613438636
70,85,15,0.15,0.17963096687570215
84,92,8,0.08,0.13007090185768902
70,85,15,0.15,0.13709348236210644
84,92,8,0.08,0.1746617100480944
74,87,13,0.13,0.1469555135909468
64,82,18,0.18,0.11436069101095199
66,83,17,0.17,0.09496513406746089
76,88,12,0.12,0.1179773426707834
90,95,5,0.05,0.08673788908403367
84,92,8,0.08,0.11156504124403
76,88,12,0.12,0.18132153175771237
50,75,25,0.25,0.1447212570346892
80,90,10,0.1,0.11488929160870612
76,88,12,0.12,0.14173215187620372
72,86,14,0.14,0.12696356682106852
74,87,13,0.13,0.15581202337518335
70,85,15,0.15,0.13535087816417218
76,88,12,0.12,0.1368706579785794
58,79,21,0.21,0.17346584890037775
66,83,17,0.17,0.11115037100855261
72,86,14,0.14,0.17660537465941162
88,94,6,0.06,0.1392986648203805
82,91,9,0.09,0.13523206140380353
70,85,15,0.15,0.1275921286456287
74,87,13,0.13,0.11832098388811574
78,89,11,0.11,0.16488299038261175
84,92,8,0.08,0.1906180127337575
68,84,16,0.16,0.15725986933801323
76,88,12,0.12,0.09520466460846365
72,86,14,0.14,0.1556850053090602
66,83,17,0.17,0.1847306053340435
74,87,13,0.13,0.14686888257041575
80,90,10,0.1,0.1718108615023084
70,85,15,0.15,0.1838044024258852
72,86,14,0.14,0.16045281580416484
68,84,16,0.16,0.14119720998685806
54,77,23,0.23,0.18226867027580737
82,91,9,0.09,0.11764802282210439
78,89,11,0.11,0.15211998102720828
78,89,11,0.11,0.18457329570315778
80,90,10,0.1,0.1363785029761493
76,88,12,0.12,0.14596342719625682
66,83,17,0.17,0.18016882551833988
68,84,16,0.16,0.15170401433482766
66,83,17,0.17,0.16950547690503298
58,79,21,0.21,0.10680119610857218
76,88,12,0.12,0.1114783216221258
78,89,11,0.11,0.16634061731863767
82,91,9,0.09,0.12585590522736312
74,87,13,0.13,0.141232232414186
72,86,14,0.14,0.09139219981618225
86,93,7,0.07,0.12518687474075704
50,75,25,0.25,0.1118225145060569
90,95,5,0.05,0.12853018688037993
76,88,12,0.12,0.11965373422019183
66,83,17,0.17,0.11422197051346301
74,87,13,0.13,0.10148908893403132
58,79,21,0.21,0.11949096205527894
78,89,11,0.11,0.08881093693431467
80,90,10,0.1,0.11482483870815485
70,85,15,0.15,0.10801531307632103
80,90,10,0.1,0.15824858837760986
88,94,6,0.06,0.11436895232996903
72,86,14,0.14,0.11024784720968456
84,92,8,0.08,0.10713424809044227
70,85,15,0.15,0.09700405431911349
70,85,15,0.15,0.1477983270213008
70,85,15,0.15,0.10199807630386204
70,85,15,0.15,0.12159653230570257
96,98,2,0.02,0.12914421611407306
86,93,7,0.07,0.10125564917223528
68,84,16,0.16,0.0848872454999946
62,81,19,0.19,0.09399034015834332
76,88,12,0.12,0.11469893264467829
70,85,15,0.15,0.14251346030156128
72,86,14,0.14,0.09972062571439892
58,79,21,0.21,0.11747696912847459
72,86,14,0.14,0.11905027425382286
62,81,19,0.19,0.14843936299788765
80,90,10,0.1,0.07780024552717806
68,84,16,0.16,0.1729974365234375
72,86,14,0.14,0.1089114112406969
86,93,7,0.07,0.08880037754774094
66,83,17,0.17,0.09786232952494174
72,86,14,0.14,0.11218728166306391
74,87,13,0.13,0.07496220600791276
80,90,10,0.1,0.10166990735568106
86,93,7,0.07,0.054211930306628346
86,93,7,0.07,0.12738058587303386
76,88,12,0.12,0.10003290773835033
52,76,24,0.24,0.1180921461712569
80,90,10,0.1,0.12053238587453961
72,86,14,0.14,0.09450280610239133
72,86,14,0.14,0.1279748841607943
74,87,13,0.13,0.12706893418915569
84,92,8,0.08,0.12745678474195302
84,92,8,0.08,0.1214676676178351
78,89,11,0.11,0.10438441489823162
70,85,15,0.15,0.1245575861632824
72,86,14,0.14,0.10860831834375859
84,92,8,0.08,0.13980915796011686
80,90,10,0.1,0.12861964472103865
88,94,6,0.06,0.1152516637602821
68,84,16,0.16,0.10576220612507313
88,94,6,0.06,0.19126483829692006
90,95,5,0.05,0.16775428749620913
74,87,13,0.13,0.1410481868032366
76,88,12,0.12,0.13761615693569185
82,91,9,0.09,0.10516177247278392
84,92,8,0.08,0.10663267253665254
72,86,14,0.14,0.14056779941311107
60,80,20,0.2,0.1314530299650505
82,91,9,0.09,0.1451806759648025
72,86,14,0.14,0.11360147867584601
80,90,10,0.1,0.11842240403522737
72,86,14,0.14,0.166830793810077
74,87,13,0.13,0.1751060275733471
74,87,13,0.13,0.11639378905296326
68,84,16,0.16,0.15302473740652203
68,84,16,0.16,0.0962553886976093
84,92,8,0.08,0.13507715033483692
72,86,14,0.14,0.13824052557349206
62,81,19,0.19,0.09813468848355114
68,84,16,0.16,0.1126801146910293
66,83,17,0.17,0.13939382971264422
74,87,13,0.13,0.1545160214882344
82,91,9,0.09,0.15671933052595705
68,84,16,0.16,0.1289031600486487
74,87,13,0.13,0.1204008215572685
88,94,6,0.06,0.14360235353233292
86,93,7,0.07,0.14448947116732597
96,98,2,0.02,0.12117881902726367
74,87,13,0.13,0.09341081012273207
74,87,13,0.13,0.08717468969058245
86,93,7,0.07,0.12345799457747489
74,87,13,0.13,0.10800247897394001
74,87,13,0.13,0.12153859376907349
90,95,5,0.05,0.10895899895869661
68,84,16,0.16,0.10451544972136617
80,90,10,0.1,0.12455409559421242
70,85,15,0.15,0.10317788114771247
80,90,10,0.1,0.11141593974549323
80,90,10,0.1,0.09861096831504255
62,81,19,0.19,0.11245611623860896
84,92,8,0.08,0.129154557059519
82,91,9,0.09,0.0989950508059701
72,86,14,0.14,0.08990333556896075
78,89,11,0.11,0.1380323811247945
58,79,21,0.21,0.10100683899130672
70,85,15,0.15,0.13174237292725594
70,85,15,0.15,0.18834021676331758
60,80,20,0.2,0.15370256372727453
68,84,16,0.16,0.11307287904433906
54,77,23,0.23,0.1426670227627619
74,87,13,0.13,0.14370410322910174
68,84,16,0.16,0.07132703298470006
68,84,16,0.16,0.12619775197468697
90,95,5,0.05,0.06269981485791504
78,89,11,0.11,0.10807922043546568
70,85,15,0.15,0.10160292364424095
76,88,12,0.12,0.09788502180948853
70,85,15,0.15,0.1519979421235621
62,81,19,0.19,0.1576408973359503
68,84,16,0.16,0.17215380436740815
82,91,9,0.09,0.12016081929206848
68,84,16,0.16,0.12116787185892462
70,85,15,0.15,0.12169143594801426
64,82,18,0.18,0.1094440293405205
88,94,6,0.06,0.11857752138748764
76,88,12,0.12,0.12743619215674698
72,86,14,0.14,0.140947807719931
72,86,14,0.14,0.15674712085339707
90,95,5,0.05,0.1265200802264735
84,92,8,0.08,0.15705687541980295
80,90,10,0.1,0.12772826867178083
74,87,13,0.13,0.13909596780315042
70,85,15,0.15,0.16065556644462048
76,88,12,0.12,0.14373754212632775
62,81,19,0.19,0.1783561313035898
84,92,8,0.08,0.17203004141338168
80,90,10,0.1,0.11331002970226109
66,83,17,0.17,0.14220621480606496
82,91,9,0.09,0.13441937226802111
70,85,15,0.15,0.1427811365853995
84,92,8,0.08,0.16224712319904938
42,71,29,0.29,0.13408889406826346
74,87,13,0.13,0.20164521852508188
80,90,10,0.1,0.12982118602260015
78,89,11,0.11,0.10813641839660704
84,92,8,0.08,0.1156615034583956
78,89,11,0.11,0.08917083641979844
78,89,11,0.11,0.11052486211061478
66,83,17,0.17,0.1435980554204434
60,80,20,0.2,0.1108970576361753
84,92,8,0.08,0.09810571774374693
58,79,21,0.21,0.10460457113338634
66,83,17,0.17,0.13630094765219838
88,94,6,0.06,0.1412450216943398
60,80,20,0.2,0.10277967772446572
76,88,12,0.12,0.15249857551418244
66,83,17,0.17,0.12305575133766979
74,87,13,0.13,0.1116407631477341
90,95,5,0.05,0.16064157938119025
74,87,13,0.13,0.11498163607902825
72,86,14,0.14,0.16213763736654074
82,91,9,0.09,0.12742789772339166
56,78,22,0.22,0.1409083310002461
70,85,15,0.15,0.12729327227454632
68,84,16,0.16,0.1310171436239034
82,91,9,0.09,0.09824682363541797
80,90,10,0.1,0.11896426471881569
70,85,15,0.15,0.08668408828787505
82,91,9,0.09,0.11220086604822427
70,85,15,0.15,0.09306999959982931
74,87,13,0.13,0.13140931813744827
66,83,17,0.17,0.10951662879437209
74,87,13,0.13,0.1569798258971423
88,94,6,0.06,0.11475397971458733
72,86,14,0.14,0.09511213317629881
74,87,13,0.13,0.14817028293386103
76,88,12,0.12,0.11859554790426045
82,91,9,0.09,0.17000180552568053
84,92,8,0.08,0.13711787769105285
86,93,7,0.07,0.12078705773688853
70,85,15,0.15,0.1502213491126895
52,76,24,0.24,0.12076572282705456
66,83,17,0.17,0.10046327780466527
74,87,13,0.13,0.10390413601882756
64,82,18,0.18,0.10219473177101462
76,88,12,0.12,0.09030481429770588
68,84,16,0.16,0.13126416672021152
54,77,23,0.23,0.12272494165226817
82,91,9,0.09,0.10220879043452441
68,84,16,0.16,0.1100928549747914
64,82,18,0.18,0.13571828141342848
72,86,14,0.14,0.12961528682615608
74,87,13,0.13,0.1726682012109086
74,87,13,0.13,0.10478345113340765
56,78,22,0.22,0.10620882151881234
72,86,14,0.14,0.1371249498426914
74,87,13,0.13,0.11006132269278168
70,85,15,0.15,0.1143123545218259
68,84,16,0.16,0.170569037925452
76,88,12,0.12,0.11199896562844515
68,84,16,0.16,0.1343699528835714
76,88,12,0.12,0.11125357476994395
70,85,15,0.15,0.12806486348621549
82,91,9,0.09,0.11844543175771832
70,85,15,0.15,0.155016044320073
82,91,9,0.09,0.11406021072063595
92,96,4,0.04,0.15906168905552476
72,86,14,0.14,0.13111906216479838
80,90,10,0.1,0.15507233070209622
68,84,16,0.16,0.14370679728686808
68,84,16,0.16,0.11761660559102893
62,81,19,0.19,0.1426763505116105
68,84,16,0.16,0.11656148700974882
68,84,16,0.16,0.13447155127301813
88,94,6,0.06,0.07201033292512875
74,87,13,0.13,0.10929161918349564
54,77,23,0.23,0.11275966374203562
66,83,17,0.17,0.08922788492403924
80,90,10,0.1,0.12845625932444818
76,88,12,0.12,0.09406678134575486
68,84,16,0.16,0.09976131868548692
58,79,21,0.21,0.10758149140514434
76,88,12,0.12,0.10335702181793749
50,75,25,0.25,0.11836641428992152
66,83,17,0.17,0.10159171495586633
64,82,18,0.18,0.11409655271098018
54,77,23,0.23,0.12217174545861781
78,89,11,0.11,0.10438351831398904
66,83,17,0.17,0.1263431361236144
72,86,14,0.14,0.14801563802175224
66,83,17,0.17,0.09896131620669621
80,90,10,0.1,0.10013906503794714
74,87,13,0.13,0.1222086890321225
74,87,13,0.13,0.10532428062986582
74,87,13,0.13,0.11881785307079554
88,94,6,0.06,0.19295238981954754
70,85,15,0.15,0.12844297097995877
64,82,18,0.18,0.12250146713107825
66,83,17,0.17,0.12357397900428622
80,90,10,0.1,0.15449393138755113
82,91,9,0.09,0.1718756745243445
82,91,9,0.09,0.15300822389544919
76,88,12,0.12,0.10986106920987368
74,87,13,0.13,0.12043635436333716
64,82,18,0.18,0.1679388610459864
46,73,27,0.27,0.13974342380650343
80,90,10,0.1,0.09424929489381612
84,92,8,0.08,0.13902197379851713
72,86,14,0.14,0.1199467238644138
56,78,22,0.22,0.1516632044268772
70,85,15,0.15,0.16333872352726758
68,84,16,0.16,0.13265640481375157
76,88,12,0.12,0.12606422084383667
64,82,18,0.18,0.1600563931465149
68,84,16,0.16,0.14158133204560727
86,93,7,0.07,0.10821074378676712
86,93,7,0.07,0.1295885792467743
60,80,20,0.2,0.11218593297060579
62,81,19,0.19,0.09084061495377682
74,87,13,0.13,0.12124050768092275
74,87,13,0.13,0.166661618296057
64,82,18,0.18,0.13310859261080624
76,88,12,0.12,0.13225245352601633
72,86,14,0.14,0.11211213443428278
78,89,11,0.11,0.12654119971208275
70,85,15,0.15,0.1289789548283443
60,80,20,0.2,0.12216813608072698
82,91,9,0.09,0.13703682000283152
72,86,14,0.14,0.13030228182673453
70,85,15,0.15,0.13272416008636356
74,87,13,0.13,0.16761859243735672
70,85,15,0.15,0.16044975781813264
84,92,8,0.08,0.12796000372618438
76,88,12,0.12,0.2008237813320011
88,94,6,0.06,0.21351396125974134
56,78,22,0.22,0.14258805068209768
64,82,18,0.18,0.17834776477888226
68,84,16,0.16,0.09750569764059037
84,92,8,0.08,0.20037064124597237
84,92,8,0.08,0.11771856738254428
78,89,11,0.11,0.1747361993044615
68,84,16,0.16,0.15346678238827735
90,95,5,0.05,0.1640709701180458
68,84,16,0.16,0.16282945269718765
72,86,14,0.14,0.16780071353539824
62,81,19,0.19,0.10229471595957876
50,75,25,0.25,0.15638454681262373
68,84,16,0.16,0.16146680671721697
74,87,13,0.13,0.13342119723558427
70,85,15,0.15,0.18674006259068845
66,83,17,0.17,0.17262434952892364
84,92,8,0.08,0.14818557656370104
70,85,15,0.15,0.17348204621113836
88,94,6,0.06,0.14087254264915827
84,92,8,0.08,0.13577080524526536
74,87,13,0.13,0.172713276729919
78,89,11,0.11,0.1830274204968009
74,87,13,0.13,0.15277359379455446
78,89,11,0.11,0.11245275218505413
80,90,10,0.1,0.10397623782046139
80,90,10,0.1,0.11235898518934846
68,84,16,0.16,0.13994422792457045
74,87,13,0.13,0.15859364219475539
70,85,15,0.15,0.1467321612033993
76,88,12,0.12,0.12863714155741035
74,87,13,0.13,0.1148666703235358
78,89,11,0.11,0.1251580676343292
76,88,12,0.12,0.12685798146761953
82,91,9,0.09,0.1207811322575435
72,86,14,0.14,0.18219450601376594
80,90,10,0.1,0.1320911817718297
74,87,13,0.13,0.14418954386375846
66,83,17,0.17,0.1198048099828884
78,89,11,0.11,0.15713712161406876
72,86,14,0.14,0.14321643677540125
74,87,13,0.13,0.08701696172356606
78,89,11,0.11,0.12922868125140666
74,87,13,0.13,0.12422480213921518
78,89,11,0.11,0.12026992550585419
82,91,9,0.09,0.12877506727119908
76,88,12,0.12,0.15287374136503787
68,84,16,0.16,0.14269921613042244
80,90,10,0.1,0.16525617969571613
70,85,15,0.15,0.1489431061083451
74,87,13,0.13,0.12514528921805324
88,94,6,0.06,0.1544068698445335
86,93,7,0.07,0.16345177431823685
62,81,19,0.19,0.11451434955000878
64,82,18,0.18,0.15422572921961547
64,82,18,0.18,0.1622370058298111
84,92,8,0.08,0.1292551042046398
92,96,4,0.04,0.12708199822343885
86,93,7,0.07,0.1168831790331751
80,90,10,0.1,0.12168631984153762
88,94,6,0.06,0.15487603684421627
78,89,11,0.11,0.13714005826506764
64,82,18,0.18,0.1293753436114639
90,95,5,0.05,0.13472934573888778
68,84,16,0.16,0.09136117670102976
72,86,14,0.14,0.1373035248182714
60,80,20,0.2,0.1200391936302185
68,84,16,0.16,0.11755466183181852
68,84,16,0.16,0.1415556216146797
80,90,10,0.1,0.11732449227478355
74,87,13,0.13,0.12736208688933404
78,89,11,0.11,0.10646711426554248
76,88,12,0.12,0.18108701433055102
72,86,14,0.14,0.12776669955346734
62,81,19,0.19,0.15266547542996706
74,87,13,0.13,0.12819327059201896
74,87,13,0.13,0.12940786863211542
72,86,14,0.14,0.13485762723721564
76,88,12,0.12,0.11675009689759464
70,85,15,0.15,0.19877112055197357
76,88,12,0.12,0.11137184318620712
56,78,22,0.22,0.18142336720600724
82,91,9,0.09,0.11692359498469158
66,83,17,0.17,0.16059650150127708
76,88,12,0.12,0.1205110735958442
68,84,16,0.16,0.178700501229614
70,85,15,0.15,0.10257580749690533
76,88,12,0.12,0.15144573976751416
78,89,11,0.11,0.12986280769575387
78,89,11,0.11,0.0734687320329249
78,89,11,0.11,0.19554024227894842
62,81,19,0.19,0.1723840262554586
70,85,15,0.15,0.17063476125709712
70,85,15,0.15,0.2068155884183943
68,84,16,0.16,0.1667452007345855
92,96,4,0.04,0.21182649151422084
76,88,12,0.12,0.16323453829623757
76,88,12,0.12,0.17927930703386663
82,91,9,0.09,0.17425405383110046
78,89,11,0.11,0.17947055894881486
74,87,13,0.13,0.18710992380976676
82,91,9,0.09,0.18029696069657802
62,81,19,0.19,0.1364312901906669
84,92,8,0.08,0.14951677204109728
70,85,15,0.15,0.1830157919973135
62,81,19,0.19,0.23245496176183222
84,92,8,0.08,0.20700738022103907
56,78,22,0.22,0.17267548582516612
72,86,14,0.14,0.1502444930560887
58,79,21,0.21,0.15726233614608645
72,86,14,0.14,0.1827248232997954
66,83,17,0.17,0.20307529021054507
82,91,9,0.09,0.13836668921634554
80,90,10,0.1,0.14674862978979944
64,82,18,0.18,0.1796348434127867
64,82,18,0.18,0.16083552964031697
60,80,20,0.2,0.10168927977792919
72,86,14,0.14,0.12891070153564216
84,92,8,0.08,0.1606358537869528
72,86,14,0.14,0.13430732837412507
70,85,15,0.15,0.13316171696409584
80,90,10,0.1,0.11930975453928112
66,83,17,0.17,0.1683031194563955
60,80,20,0.2,0.1134295663330704
80,90,10,0.1,0.105275266203098
80,90,10,0.1,0.12157865131273865
88,94,6,0.06,0.13951218427857384
82,91,9,0.09,0.15248341569676996
64,82,18,0.18,0.11011799375992268
84,92,8,0.08,0.14896015830338002
66,83,17,0.17,0.11741710925009102
72,86,14,0.14,0.11543003252707422
76,88,12,0.12,0.13305846050847323
78,89,11,0.11,0.12558892470784486
84,92,8,0.08,0.1422502004588023
88,94,6,0.06,0.13815768119413405
74,87,13,0.13,0.10490074683446438
68,84,16,0.16,0.13593480493873358
60,80,20,0.2,0.09444849699968472
74,87,13,0.13,0.12460819824831561
60,80,20,0.2,0.16404252106323838
86,93,7,0.07,0.13188116424484178
56,78,22,0.22,0.11754569233162329
86,93,7,0.07,0.14003892729757353
78,89,11,0.11,0.13186900655506179
62,81,19,0.19,0.13758353618904948
66,83,17,0.17,0.14001520370133222
70,85,15,0.15,0.15194937046617268
60,80,20,0.2,0.12474820553790777
66,83,17,0.17,0.10841398633550853
76,88,12,0.12,0.13717016554088332
74,87,13,0.13,0.12917171739041805
64,82,18,0.18,0.09497040937654674
84,92,8,0.08,0.11173671457450837
66,83,17,0.17,0.10463583573931828
70,85,15,0.15,0.17650824049022049
68,84,16,0.16,0.11971977761015296
66,83,17,0.17,0.12889927368611098
66,83,17,0.17,0.15336646079085767
74,87,13,0.13,0.19293611647561193
66,83,17,0.17,0.15770942302886395
68,84,16,0.16,0.15494462933391331
80,90,10,0.1,0.1440787591598928
72,86,14,0.14,0.10665086210239678
76,88,12,0.12,0.136356466114521
80,90,10,0.1,0.1320061376877129
70,85,15,0.15,0.11557912019547074
82,91,9,0.09,0.09108143610414117
70,85,15,0.15,0.10756922919536009
74,87,13,0.13,0.12853709035087377
74,87,13,0.13,0.10522073668893427
68,84,16,0.16,0.13055398928001524
82,91,9,0.09,0.1275736044254154
88,94,6,0.06,0.1145376184117049
72,86,14,0.14,0.12081799260340631
60,80,20,0.2,0.1782964884955436
78,89,11,0.11,0.06722251459461404
82,91,9,0.09,0.08174847503192723
60,80,20,0.2,0.10944800387602299
68,84,16,0.16,0.10704062065109611
64,82,18,0.18,0.08941367354942485
84,92,8,0.08,0.10543539821170271
74,87,13,0.13,0.12722293867263942
68,84,16,0.16,0.14389258812880143
58,79,21,0.21,0.12592278820462524
76,88,12,0.12,0.1416685023671016
62,81,19,0.19,0.13635709883179514
84,92,8,0.08,0.13025576474145054
90,95,5,0.05,0.10645764409564436
76,88,12,0.12,0.13406207678839566
76,88,12,0.12,0.158789715282619
70,85,15,0.15,0.15693117253482342
84,92,8,0.08,0.1456919624749571
82,91,9,0.09,0.11096193086821586
68,84,16,0.16,0.11274462307337671
92,96,4,0.04,0.1665610754210502
76,88,12,0.12,0.1517671532277018
70,85,15,0.15,0.13134350448381155
62,81,19,0.19,0.16021335375495255
68,84,16,0.16,0.12851779983378947
76,88,12,0.12,0.1177115018106997
74,87,13,0.13,0.13686338911065832
82,91,9,0.09,0.12521339586004615
60,80,20,0.2,0.10194125314708799
80,90,10,0.1,0.14038425842300056
58,79,21,0.21,0.1533284238446504
66,83,17,0.17,0.16784986967220902
50,75,25,0.25,0.15495947180315853
68,84,16,0.16,0.21935119858011604
90,95,5,0.05,0.22939375921152533
88,94,6,0.06,0.18384730143472552
86,93,7,0.07,0.1611039254255593
86,93,7,0.07,0.09264160024002194
74,87,13,0.13,0.16344956908375025
72,86,14,0.14,0.169468506667763
74,87,13,0.13,0.18996830956079067
88,94,6,0.06,0.1356038746237755
84,92,8,0.08,0.17728223161306234
70,85,15,0.15,0.2147160140052438
70,85,15,0.15,0.20678871788550168
80,90,10,0.1,0.15776502149179578
74,87,13,0.13,0.1742680953629315
86,93,7,0.07,0.13251617844216526
80,90,10,0.1,0.1513072884362191
74,87,13,0.13,0.16754206528887153
76,88,12,0.12,0.17411129910498857
66,83,17,0.17,0.15061962126754225
76,88,12,0.12,0.17381943996064364
82,91,9,0.09,0.10751733400858939
80,90,10,0.1,0.14875331215560436
72,86,14,0.14,0.15770270386710764
86,93,7,0.07,0.15321531801950186
82,91,9,0.09,0.13065195339731872
74,87,13,0.13,0.1293533061258495
72,86,14,0.14,0.11455349342897535
72,86,14,0.14,0.1634755291417241
66,83,17,0.17,0.12981983672827482
52,76,24,0.24,0.13425219766795635
80,90,10,0.1,0.12347697359044105
82,91,9,0.09,0.1522334589692764
80,90,10,0.1,0.13736230257200077
74,87,13,0.13,0.13450595011003316
74,87,13,0.13,0.13442164986918215
68,84,16,0.16,0.12041087355930358
54,77,23,0.23,0.13147548613604157
66,83,17,0.17,0.19026149898068978
78,89,11,0.11,0.1464927800837904
82,91,9,0.09,0.10516855228692293
72,86,14,0.14,0.12000887720845639
66,83,17,0.17,0.16305472800508142
84,92,8,0.08,0.13987476584967226
76,88,12,0.12,0.12240601512836292
70,85,15,0.15,0.1670574270002544
70,85,15,0.15,0.1789296895172447
60,80,20,0.2,0.1020109252911061
86,93,7,0.07,0.163826193632558
84,92,8,0.08,0.10735067411791534
66,83,17,0.17,0.13111671972554176
78,89,11,0.11,0.16167635000310837
78,89,11,0.11,0.1292858427762985
66,83,17,0.17,0.1345289668440819
84,92,8,0.08,0.12873809802811592
72,86,14,0.14,0.10217207059729844
66,83,17,0.17,0.10956607071217149
80,90,10,0.1,0.12584235819987952
80,90,10,0.1,0.12017519133165479
74,87,13,0.13,0.10631517583969981
62,81,19,0.19,0.1377924529835582
70,85,15,0.15,0.0946564126899466
72,86,14,0.14,0.14478808828629552
68,84,16,0.16,0.11259944043587894
64,82,18,0.18,0.09949655696982518
72,86,14,0.14,0.1686789338197559
72,86,14,0.14,0.11855547080747783
66,83,17,0.17,0.10119192441226915
68,84,16,0.16,0.11915447580162436
60,80,20,0.2,0.11279612167272716
76,88,12,0.12,0.11304243666585535
86,93,7,0.07,0.08106816224753857
66,83,17,0.17,0.10040487989783287
70,85,15,0.15,0.09732883159536869
72,86,14,0.14,0.1165453974949196
82,91,9,0.09,0.12809520185925066
76,88,12,0.12,0.13653252637479454
70,85,15,0.15,0.13769225821364672
80,90,10,0.1,0.17304176050471143
68,84,16,0.16,0.13681220809929073
74,87,13,0.13,0.12559413153678178
66,83,17,0.17,0.1462114238832146
82,91,9,0.09,0.10112122978433036
76,88,12,0.12,0.0987336297868751
52,76,24,0.24,0.11253640164621175
72,86,14,0.14,0.09136422817129641
62,81,19,0.19,0.12211022587027401
72,86,14,0.14,0.13290721362922342
76,88,12,0.12,0.10414645892102271
72,86,14,0.14,0.10649486053735017
70,85,15,0.15,0.1136853665066883
70,85,15,0.15,0.14007719861343504
82,91,9,0.09,0.11226767487358302
74,87,13,0.13,0.09872472544084303
88,94,6,0.06,0.1374172634864226
72,86,14,0.14,0.13049452770268544
78,89,11,0.11,0.17317781245801597
70,85,15,0.15,0.10268162032822147
50,75,25,0.25,0.09910774801857769
72,86,14,0.14,0.11168128695338965
76,88,12,0.12,0.13907181405404118
84,92,8,0.08,0.1196953994827345
54,77,23,0.23,0.09919993050163611
76,88,12,0.12,0.13481365029700101
68,84,16,0.16,0.09952695675194263
56,78,22,0.22,0.12763802719302475
60,80,20,0.2,0.1300602400675416
60,80,20,0.2,0.1595465980458539
82,91,9,0.09,0.1150129242730327
90,95,5,0.05,0.12274038187228144
64,82,18,0.18,0.10162141392938792
76,88,12,0.12,0.13910476862452925
80,90,10,0.1,0.1260351167852059
62,81,19,0.19,0.10419855252839624
78,89,11,0.11,0.12629631055868232
78,89,11,0.11,0.13548187541775406
74,87,13,0.13,0.12131099036894738
80,90,10,0.1,0.13359155215788632
84,92,8,0.08,0.12743130089249463
68,84,16,0.16,0.09455996843986213
76,88,12,0.12,0.09565634528757073
82,91,9,0.09,0.11995953961275518
74,87,13,0.13,0.0953708717506379
82,91,9,0.09,0.1301163507020101
70,85,15,0.15,0.1317512986715883
90,95,5,0.05,0.12930837279185653
78,89,11,0.11,0.121890733782202
56,78,22,0.22,0.11236541659105569
80,90,10,0.1,0.10706268073292449
60,80,20,0.2,0.138366982890293
72,86,14,0.14,0.13324623935855925
72,86,14,0.14,0.11387652252335101
66,83,17,0.17,0.11864244347438216
82,91,9,0.09,0.11300708032445982
68,84,16,0.16,0.11516373311635107
70,85,15,0.15,0.10448484004009514
78,89,11,0.11,0.10480107904411852
64,82,18,0.18,0.1477675216086209
74,87,13,0.13,0.1042902270378545
74,87,13,0.13,0.10014559594914317
78,89,11,0.11,0.11732647304423154
76,88,12,0.12,0.12042188874445856
68,84,16,0.16,0.08515554243233055
76,88,12,0.12,0.1329029878647998
72,86,14,0.14,0.1327707968838513
66,83,17,0.17,0.10876013588276692
70,85,15,0.15,0.09541628385894001
62,81,19,0.19,0.13152111863717436
62,81,19,0.19,0.13451364145614206
70,85,15,0.15,0.11107759629376232
70,85,15,0.15,0.17551553606987
64,82,18,0.18,0.09358002591412515
84,92,8,0.08,0.15834165970329195
76,88,12,0.12,0.1224042321369052
74,87,13,0.13,0.08784625388681888
