log_avg_ept_score,log_avg_succ_req,log_avg_blk_req,log_avg_BP_req,log_avg_entropy
2,501,499,0.499,3.201497131134098
-66,467,533,0.533,3.2028814046382905
-66,467,533,0.533,3.2055772502720354
4,502,498,0.498,3.2046147382259367
-32,484,516,0.516,3.2002229149341583
-34,483,517,0.517,3.1985574627518654
-18,491,509,0.509,3.193762093499303
-36,482,518,0.518,3.1887940700063484
-46,477,523,0.523,3.1946253603100807
-46,477,523,0.523,3.200791408956051
4,502,498,0.498,3.1950439959168433
0,500,500,0.5,3.1955820519328118
-16,492,508,0.508,3.1824587801592426
-24,488,512,0.512,3.1872206939309837
-46,477,523,0.523,3.2027738279104234
-20,490,510,0.51,3.185584902135233
-54,473,527,0.527,3.196527804046869
38,519,481,0.481,3.195251170694828
4,502,498,0.498,3.1905911481622606
-12,494,506,0.506,3.1786158083081246
-12,494,506,0.506,3.17250397730971
-22,489,511,0.511,3.1749540261955698
50,525,475,0.475,3.1774375972757096
-32,484,516,0.516,3.1843274174630642
14,507,493,0.493,3.17181850873027
-10,495,505,0.505,3.1532725425185637
-14,493,507,0.507,3.1723171553156844
-32,484,516,0.516,3.1903656120598316
12,506,494,0.494,3.1734177060127258
28,514,486,0.486,3.1805426723156125
-20,490,510,0.51,3.1881222670893186
14,507,493,0.493,3.1668764052528298
8,504,496,0.496,3.174374551980527
-58,471,529,0.529,3.1612927749771624
-6,497,503,0.503,3.155742356784642
-60,470,530,0.53,3.18111607902899
-38,481,519,0.519,3.157043794571931
-40,480,520,0.52,3.1585131041407584
12,506,494,0.494,3.163677712954464
-14,493,507,0.507,3.1602041862075856
8,504,496,0.496,3.1626477588658037
-20,490,510,0.51,3.1588221609851876
24,512,488,0.488,3.1535535066161455
34,517,483,0.483,3.1596388402203446
-30,485,515,0.515,3.1558158094401008
8,504,496,0.496,3.126906477980106
48,524,476,0.476,3.1235613929480364
14,507,493,0.493,3.157503058259883
-18,491,509,0.509,3.1391514125325943
-46,477,523,0.523,3.144197350544782
-46,477,523,0.523,3.1307397732470417
24,512,488,0.488,3.156750774074113
24,512,488,0.488,3.1387833514861305
2,501,499,0.499,3.1113736744108755
-22,489,511,0.511,3.16978578281893
-14,493,507,0.507,3.135784700480632
-88,456,544,0.544,3.144924848009832
-38,481,519,0.519,3.166796042865215
-14,493,507,0.507,3.148234307590872
-58,471,529,0.529,3.1377470653158572
40,520,480,0.48,3.120648929939996
-8,496,504,0.504,3.110568744821417
40,520,480,0.48,3.132325844563544
46,523,477,0.477,3.134466342834756
14,507,493,0.493,3.1224181641058895
-8,496,504,0.504,3.1154402300978328
22,511,489,0.489,3.1238847840325596
24,512,488,0.488,3.128974996539735
-4,498,502,0.502,3.1001597268059897
52,526,474,0.474,3.09487769240957
-2,499,501,0.501,3.1769376318120286
24,512,488,0.488,3.1672658281214354
68,534,466,0.466,3.1063246864337253
26,513,487,0.487,3.0548957273277173
22,511,489,0.489,3.086990653250466
14,507,493,0.493,3.0756921186622446
34,517,483,0.483,3.10845051713668
28,514,486,0.486,3.0572055794223845
60,530,470,0.47,3.0352899106451408
50,525,475,0.475,3.070874043678441
10,505,495,0.495,3.06728718912271
16,508,492,0.492,3.0732969119762616
34,517,483,0.483,3.1300238002264495
72,536,464,0.464,3.048681571673378
4,502,498,0.498,3.1157415402786084
28,514,486,0.486,3.084397347027038
14,507,493,0.493,3.0701598962671857
34,517,483,0.483,3.066855565827651
22,511,489,0.489,3.033241513995863
42,521,479,0.479,3.033511849927944
2,501,499,0.499,3.11218724640802
64,532,468,0.468,3.039019553902827
42,521,479,0.479,3.0257057260175277
52,526,474,0.474,3.0158070985153596
62,531,469,0.469,3.0388644742628634
94,547,453,0.453,3.0577648827721733
36,518,482,0.482,3.0901712111872675
-14,493,507,0.507,3.0321564488225836
68,534,466,0.466,3.0572634160368026
108,554,446,0.446,3.02380982936474
90,545,455,0.455,3.045307603776949
36,518,482,0.482,3.0316986190006663
104,552,448,0.448,2.9893079494181394
54,527,473,0.473,3.0543769716624
84,542,458,0.458,3.0303088121932498
134,567,433,0.433,2.9376024113371586
50,525,475,0.475,2.9740897445744223
108,554,446,0.446,3.0139710697352715
66,533,467,0.467,3.0154171954835136
38,519,481,0.481,3.008271568795642
86,543,457,0.457,3.071171832645594
38,519,481,0.481,3.063062232834237
52,526,474,0.474,3.0258189647533626
10,505,495,0.495,3.04797845457596
6,503,497,0.497,3.110522360332084
36,518,482,0.482,3.006738154043961
156,578,422,0.422,2.980237894708756
122,561,439,0.439,2.8922615199061403
68,534,466,0.466,3.0882440466004026
114,557,443,0.443,2.9147083618321217
136,568,432,0.432,3.010065319171382
146,573,427,0.427,2.9079426329356903
160,580,420,0.42,2.945014800092362
110,555,445,0.445,2.9186411119955933
52,526,474,0.474,2.9687781332047236
42,521,479,0.479,3.069769661081471
68,534,466,0.466,2.950518227179754
62,531,469,0.469,2.981040955261792
64,532,468,0.468,3.0572453785313356
82,541,459,0.459,2.916700236950429
78,539,461,0.461,2.96436520714322
118,559,441,0.441,2.9212220727318976
112,556,444,0.444,2.9132088428170984
112,556,444,0.444,2.9110697769437146
142,571,429,0.429,2.9008560396950362
112,556,444,0.444,2.9240840355718847
108,554,446,0.446,2.927355077625217
116,558,442,0.442,2.928326799237012
106,553,447,0.447,2.9594108595598585
108,554,446,0.446,2.9441505820587044
40,520,480,0.48,3.0191328075173667
18,509,491,0.491,2.967234249560648
64,532,468,0.468,2.961176269176869
112,556,444,0.444,2.9592326748344258
166,583,417,0.417,2.8861951221991604
124,562,438,0.438,2.9197308236010904
120,560,440,0.44,2.8860125411478337
124,562,438,0.438,2.981609963841808
132,566,434,0.434,2.964722810162137
116,558,442,0.442,2.8311599497812865
66,533,467,0.467,2.9362183545628535
132,566,434,0.434,2.878497546078535
122,561,439,0.439,2.872984516081641
150,575,425,0.425,2.785412422461703
148,574,426,0.426,2.9082144361886666
102,551,449,0.449,2.828362094617493
170,585,415,0.415,2.8379567600771125
96,548,452,0.452,2.9147028422652745
174,587,413,0.413,2.801191750786386
146,573,427,0.427,2.8611046470306016
104,552,448,0.448,2.910756671256972
152,576,424,0.424,2.852927363102604
164,582,418,0.418,2.819026656770303
210,605,395,0.395,2.691754389669188
180,590,410,0.41,2.7350120715058512
218,609,391,0.391,2.652125301771754
154,577,423,0.423,2.79108025831833
170,585,415,0.415,2.7751228761169284
174,587,413,0.413,2.7877432184462703
178,589,411,0.411,2.7738801196542617
170,585,415,0.415,2.75136621214741
152,576,424,0.424,2.779728117706861
172,586,414,0.414,2.663320743567574
126,563,437,0.437,3.022008397944476
248,624,376,0.376,2.7018766650846313
138,569,431,0.431,2.8562994883255564
140,570,430,0.43,2.863296216159229
164,582,418,0.418,2.88565976139748
224,612,388,0.388,2.712960950523502
204,602,398,0.398,2.6843437718603473
152,576,424,0.424,2.7380455699966832
132,566,434,0.434,2.804570479742474
228,614,386,0.386,2.646551519185676
164,582,418,0.418,2.796586502013274
140,570,430,0.43,2.786999858654196
150,575,425,0.425,2.8826214889231356
154,577,423,0.423,2.8479310342286226
196,598,402,0.402,2.748235948290903
160,580,420,0.42,2.7455339690242218
144,572,428,0.428,2.7143000341091703
122,561,439,0.439,2.8088298486884136
182,591,409,0.409,2.681826178411733
192,596,404,0.404,2.6592784288459663
168,584,416,0.416,2.895893721542399
134,567,433,0.433,2.8597600229064164
200,600,400,0.4,2.8769392106544505
176,588,412,0.412,2.7565912017654557
230,615,385,0.385,2.7027772946479223
170,585,415,0.415,2.754564374646505
194,597,403,0.403,2.7247250143664528
208,604,396,0.396,2.850147544841014
252,626,374,0.374,2.637844180129907
222,611,389,0.389,2.607737509796397
160,580,420,0.42,2.7335462963329165
132,566,434,0.434,2.81838839983845
210,605,395,0.395,2.615338272423136
182,591,409,0.409,2.7716034593411543
196,598,402,0.402,2.617974090969456
68,534,466,0.466,2.9483951788348417
224,612,388,0.388,2.559121609665486
68,534,466,0.466,2.9113124030690587
158,579,421,0.421,2.7137382607917178
196,598,402,0.402,2.7039977452718
242,621,379,0.379,2.6251709549860123
198,599,401,0.401,2.7186945678902594
156,578,422,0.422,2.785017684715428
248,624,376,0.376,2.6649938198872585
240,620,380,0.38,2.5856434051010564
218,609,391,0.391,2.6873522361058586
244,622,378,0.378,2.67690522833281
56,528,472,0.472,2.9089429897859365
198,599,401,0.401,2.5488281994209743
226,613,387,0.387,2.6733952847750215
152,576,424,0.424,2.6037635426710604
146,573,427,0.427,2.761050992943347
248,624,376,0.376,2.562656409062364
184,592,408,0.408,2.7282916980385994
106,553,447,0.447,2.852489902191706
244,622,378,0.378,2.422599434945008
202,601,399,0.399,2.6511640147194995
208,604,396,0.396,2.664506316379542
238,619,381,0.381,2.695017497580658
242,621,379,0.379,2.6616079528012326
306,653,347,0.347,2.5075732985458394
298,649,351,0.351,2.513615785402489
246,623,377,0.377,2.65708604486235
174,587,413,0.413,2.6896760768335106
178,589,411,0.411,2.784795023199076
190,595,405,0.405,2.6828660935868753
234,617,383,0.383,2.5137909744712226
248,624,376,0.376,2.598788228863011
214,607,393,0.393,2.7512108311989256
286,643,357,0.357,2.434063237904873
264,632,368,0.368,2.625153978804449
162,581,419,0.419,2.8027378605442546
142,571,429,0.429,2.8859007835977013
296,648,352,0.352,2.497011088139104
284,642,358,0.358,2.6033335573730056
330,665,335,0.335,2.4465772785504636
350,675,325,0.325,2.3682550930944095
276,638,362,0.362,2.5932714022673555
192,596,404,0.404,2.562691071400567
250,625,375,0.375,2.515788807185849
178,589,411,0.411,2.755977065430457
322,661,339,0.339,2.527098093363291
342,671,329,0.329,2.423355375949268
222,611,389,0.389,2.7394208476492325
312,656,344,0.344,2.420372853615233
234,617,383,0.383,2.57795728358518
276,638,362,0.362,2.4318911962276237
248,624,376,0.376,2.6049485483665045
132,566,434,0.434,2.847714017782826
302,651,349,0.349,2.3451324082075216
266,633,367,0.367,2.5954572127791726
296,648,352,0.352,2.639708871318905
292,646,354,0.354,2.673979252428948
386,693,307,0.307,2.315750455434762
268,634,366,0.366,2.6115514698506406
288,644,356,0.356,2.42222720578234
256,628,372,0.372,2.6174644763058894
266,633,367,0.367,2.387763165142144
362,681,319,0.319,2.505265574097534
368,684,316,0.316,2.3942393628639
376,688,312,0.312,2.2688073762798098
262,631,369,0.369,2.451218631247369
288,644,356,0.356,2.2152708076887815
196,598,402,0.402,2.6159098598749697
302,651,349,0.349,2.353034571363593
320,660,340,0.34,2.340368559263859
92,546,454,0.454,2.762425578467046
266,633,367,0.367,2.520220690969855
334,667,333,0.333,2.3717337238728056
264,632,368,0.368,2.4983079525784553
212,606,394,0.394,2.587916483974161
256,628,372,0.372,2.5955718390625653
392,696,304,0.304,2.137226522602943
262,631,369,0.369,2.5469280517104247
382,691,309,0.309,2.1205750519828093
310,655,345,0.345,2.444353977526177
312,656,344,0.344,2.3676758979125303
332,666,334,0.334,2.338179262747224
320,660,340,0.34,2.4017939867785336
214,607,393,0.393,2.6185798903698645
234,617,383,0.383,2.496470799039652
306,653,347,0.347,2.2963546601135363
264,632,368,0.368,2.349020717316199
304,652,348,0.348,2.4474426630375765
304,652,348,0.348,2.3873352695223895
248,624,376,0.376,2.592992761312323
358,679,321,0.321,2.35791646945964
236,618,382,0.382,2.595742401819347
334,667,333,0.333,2.3577245487445606
192,596,404,0.404,2.632315657681067
330,665,335,0.335,2.301844951286432
312,656,344,0.344,2.4372075798421404
322,661,339,0.339,2.398590535557106
278,639,361,0.361,2.4245603009224306
294,647,353,0.353,2.366377739568311
326,663,337,0.337,2.349367843618945
320,660,340,0.34,2.246953250522269
448,724,276,0.276,2.0053199918204356
336,668,332,0.332,2.3965031499481464
200,600,400,0.4,2.83087414407792
310,655,345,0.345,2.1491423354387957
338,669,331,0.331,2.3719383045634825
322,661,339,0.339,2.178478321957285
250,625,375,0.375,2.5388675798602924
392,696,304,0.304,2.144121267985652
278,639,361,0.361,2.426617329814247
228,614,386,0.386,2.4723351197070773
338,669,331,0.331,2.117594020979131
310,655,345,0.345,2.345053926025964
436,718,282,0.282,2.2485240310085888
368,684,316,0.316,2.301675404190151
380,690,310,0.31,2.2246094886063665
312,656,344,0.344,2.4067059112141007
352,676,324,0.324,2.2652593110815915
268,634,366,0.366,2.465230313035487
444,722,278,0.278,2.0447364843923177
406,703,297,0.297,2.063260628108284
148,574,426,0.426,2.6992300741023874
128,564,436,0.436,2.8547302762155504
336,668,332,0.332,2.3327020824431117
426,713,287,0.287,1.987836593088601
222,611,389,0.389,2.623287977289854
338,669,331,0.331,2.194615861785234
358,679,321,0.321,2.113626928062225
326,663,337,0.337,2.2549762853987687
416,708,292,0.292,2.081692907059482
206,603,397,0.397,2.649466346514876
390,695,305,0.305,2.1651128759044576
272,636,364,0.364,2.481933834992387
282,641,359,0.359,2.6250939286295547
364,682,318,0.318,2.198605721569281
364,682,318,0.318,2.3519081512860915
320,660,340,0.34,2.399905875927716
394,697,303,0.303,2.1155351673902065
342,671,329,0.329,2.210882561581169
308,654,346,0.346,2.374733511386966
284,642,358,0.358,2.2969648778852085
304,652,348,0.348,2.289130287283064
298,649,351,0.351,2.1683026280764737
310,655,345,0.345,2.412220726167766
312,656,344,0.344,2.2536105877514943
376,688,312,0.312,2.1711891614356187
376,688,312,0.312,1.9799302288631764
326,663,337,0.337,2.2384996788232683
406,703,297,0.297,2.128830869518795
512,756,244,0.244,1.775867409562904
272,636,364,0.364,2.493703669409484
404,702,298,0.298,2.119708518557735
334,667,333,0.333,2.2537661936452005
284,642,358,0.358,2.432487932707168
478,739,261,0.261,1.8454080301975957
316,658,342,0.342,2.206820355647316
352,676,324,0.324,2.3391332377199032
328,664,336,0.336,2.1891615470056505
438,719,281,0.281,1.8919940560331467
278,639,361,0.361,2.4623999088693065
352,676,324,0.324,2.0038735030119077
326,663,337,0.337,2.1679751363928035
470,735,265,0.265,1.8424003582638684
480,740,260,0.26,1.9651090629496621
268,634,366,0.366,2.254836588057529
334,667,333,0.333,2.3964125650213197
374,687,313,0.313,2.1550251611813094
392,696,304,0.304,1.9679291966821928
392,696,304,0.304,2.054700737721541
338,669,331,0.331,2.3062012479687954
412,706,294,0.294,2.170878929005836
304,652,348,0.348,2.3254806963864336
296,648,352,0.352,2.3785762977653038
332,666,334,0.334,2.249152836688101
396,698,302,0.302,2.100676433222497
236,618,382,0.382,2.512408898351913
454,727,273,0.273,1.8490967890361705
266,633,367,0.367,2.521733820042909
314,657,343,0.343,2.3452758296270955
370,685,315,0.315,2.0236726261190396
466,733,267,0.267,1.8952599928010279
326,663,337,0.337,2.2173074496533354
292,646,354,0.354,2.186653776520537
428,714,286,0.286,2.010217366654348
340,670,330,0.33,2.300949437414419
348,674,326,0.326,2.1702149057699507
248,624,376,0.376,2.620996104682181
488,744,256,0.256,1.6629062760124906
406,703,297,0.297,1.9758902108790024
268,634,366,0.366,2.391449725866354
238,619,381,0.381,2.4900050308980837
346,673,327,0.327,2.1059406003845167
484,742,258,0.258,2.061545641918121
314,657,343,0.343,2.106492199518244
390,695,305,0.305,1.842948452398014
316,658,342,0.342,2.378570154673413
362,681,319,0.319,2.155155016791058
380,690,310,0.31,2.3829556907488043
468,734,266,0.266,1.9470622822929733
460,730,270,0.27,1.975104180745834
478,739,261,0.261,1.8626969807007263
514,757,243,0.243,1.5755084001767612
364,682,318,0.318,2.0598899781837963
448,724,276,0.276,1.8900065155727406
456,728,272,0.272,1.8485778002631152
382,691,309,0.309,2.0683898824849436
332,666,334,0.334,2.1715244404302467
252,626,374,0.374,2.4817385668248972
330,665,335,0.335,2.1196914460548206
442,721,279,0.279,2.128401450405712
494,747,253,0.253,1.7522971896746342
504,752,248,0.248,1.7625608986021655
406,703,297,0.297,2.020176688244584
296,648,352,0.352,2.3294061985340835
388,694,306,0.306,1.9514533024976621
446,723,277,0.277,1.9659375266443269
496,748,252,0.252,1.788401887508695
422,711,289,0.289,1.9504950954438893
434,717,283,0.283,1.8282110160637153
482,741,259,0.259,1.619270723207877
378,689,311,0.311,2.145108525465116
320,660,340,0.34,2.201128973388992
360,680,320,0.32,2.302013019324865
390,695,305,0.305,2.163308094791099
372,686,314,0.314,2.065077984986553
348,674,326,0.326,2.3677983659916153
478,739,261,0.261,1.8241044662288362
338,669,331,0.331,2.326084241346077
386,693,307,0.307,2.204995519649924
374,687,313,0.313,2.0592847496775213
528,764,236,0.236,1.7959033201969115
396,698,302,0.302,2.1437533024082294
364,682,318,0.318,2.2068846790495336
316,658,342,0.342,2.2082717625820396
520,760,240,0.24,1.6131154855073173
400,700,300,0.3,2.0408429030465016
456,728,272,0.272,1.8920640439782501
388,694,306,0.306,1.9583175319911745
464,732,268,0.268,1.868883207199378
484,742,258,0.258,1.7606745041438192
442,721,279,0.279,1.713358745739627
400,700,300,0.3,2.015634965370849
440,720,280,0.28,2.0637047996519913
520,760,240,0.24,1.6861836811364943
358,679,321,0.321,2.106047610112529
518,759,241,0.241,1.6196193091531372
468,734,266,0.266,1.769810866780776
442,721,279,0.279,2.060999946242465
304,652,348,0.348,2.3610286494346844
470,735,265,0.265,1.8881639642449428
510,755,245,0.245,1.6977732076740455
318,659,341,0.341,2.300002125463044
398,699,301,0.301,2.078607761011951
502,751,249,0.249,1.930972163782175
352,676,324,0.324,2.0768235343917416
378,689,311,0.311,2.097927046511568
432,716,284,0.284,1.9073685509351257
410,705,295,0.295,2.082902194605447
424,712,288,0.288,2.1607622571908944
288,644,356,0.356,2.3819060043610927
322,661,339,0.339,2.0744015439035093
394,697,303,0.303,1.9102178057701966
294,647,353,0.353,2.254034339890539
506,753,247,0.247,1.9662523714706006
442,721,279,0.279,1.8540156551646652
396,698,302,0.302,1.973052392311747
448,724,276,0.276,1.9820695522297345
482,741,259,0.259,1.8273754846874954
396,698,302,0.302,1.842662486238179
446,723,277,0.277,1.8959475974630562
498,749,251,0.251,1.8032389629782584
328,664,336,0.336,2.1825368987211125
392,696,304,0.304,1.9583634115532855
338,669,331,0.331,2.1620312558562396
496,748,252,0.252,1.4221378894431742
350,675,325,0.325,1.9501796009547072
452,726,274,0.274,1.834483741053003
360,680,320,0.32,2.096571562987534
464,732,268,0.268,1.6615752775601618
438,719,281,0.281,1.9896250036579604
530,765,235,0.235,1.7132220079273566
450,725,275,0.275,1.904060557986889
404,702,298,0.298,2.015861663534427
520,760,240,0.24,1.8145374663085359
258,629,371,0.371,2.596910807499452
518,759,241,0.241,1.6250405162351453
536,768,232,0.232,1.6776274522058705
566,783,217,0.217,1.5904771043697634
412,706,294,0.294,2.0152069291434747
394,697,303,0.303,2.0143741193075457
380,690,310,0.31,2.0285749927678896
418,709,291,0.291,1.9301472542847196
464,732,268,0.268,1.6321191989217632
442,721,279,0.279,1.9504863075623162
384,692,308,0.308,1.9336771922276808
340,670,330,0.33,2.1436817358317337
504,752,248,0.248,1.840590751965439
516,758,242,0.242,1.8863066332855034
446,723,277,0.277,1.9475766487623023
392,696,304,0.304,1.9052796897926798
458,729,271,0.271,1.7749133918981248
552,776,224,0.224,1.630044250723644
488,744,256,0.256,1.6830141088474821
490,745,255,0.255,1.7214427666494547
134,567,433,0.433,2.8500818197376536
510,755,245,0.245,1.7916030967899674
592,796,204,0.204,1.4697012831591942
476,738,262,0.262,1.8991356440202523
508,754,246,0.246,1.4742207256524686
472,736,264,0.264,1.8191983966583203
544,772,228,0.228,1.7636221187214773
470,735,265,0.265,1.863462888061141
452,726,274,0.274,1.8425886042249795
482,741,259,0.259,1.8384845338560887
460,730,270,0.27,1.7387375589261267
444,722,278,0.278,2.0025670611129853
302,651,349,0.349,2.1911394193681586
328,664,336,0.336,2.190107969664151
380,690,310,0.31,2.1022189550760895
524,762,238,0.238,1.7260666661107236
486,743,257,0.257,1.7854653804755845
524,762,238,0.238,1.718893396192774
424,712,288,0.288,1.9293743499705083
320,660,340,0.34,2.3134693036195206
490,745,255,0.255,1.7432049429278176
372,686,314,0.314,2.043615676061679
490,745,255,0.255,1.673501235093138
352,676,324,0.324,1.9680553615881882
258,629,371,0.371,2.4597591844085196
566,783,217,0.217,1.4964817427606407
540,770,230,0.23,1.6530773487499704
556,778,222,0.222,1.5209381069064707
548,774,226,0.226,1.553435590996581
500,750,250,0.25,1.6901564814250871
432,716,284,0.284,1.82434434217769
310,655,345,0.345,2.3366668933299675
590,795,205,0.205,1.3442953763297771
424,712,288,0.288,1.8643213638643747
390,695,305,0.305,1.943242023543491
198,599,401,0.401,2.585025192816493
344,672,328,0.328,2.07889385659044
198,599,401,0.401,2.438717379298923
430,715,285,0.285,1.7449569299219188
392,696,304,0.304,1.9537237412636763
410,705,295,0.295,1.9640036529532794
344,672,328,0.328,2.103302179762684
544,772,228,0.228,1.5627353123415024
324,662,338,0.338,2.226072253786231
392,696,304,0.304,1.997633134516454
442,721,279,0.279,1.792047737750861
326,663,337,0.337,2.4146084124748386
464,732,268,0.268,1.9167790206133555
424,712,288,0.288,1.900809720458
450,725,275,0.275,1.6927370450130053
574,787,213,0.213,1.2483118169872869
450,725,275,0.275,1.8692160839644882
528,764,236,0.236,1.5015879590586858
432,716,284,0.284,1.9843381579711443
158,579,421,0.421,2.7470072223960567
312,656,344,0.344,2.2699096135222567
524,762,238,0.238,1.5245391325818798
472,736,264,0.264,1.6424554696101559
428,714,286,0.286,1.968628737505059
502,751,249,0.249,1.6898730480643598
508,754,246,0.246,1.7114919477029835
498,749,251,0.251,1.6938253050482004
394,697,303,0.303,1.921282430310272
562,781,219,0.219,1.607573164918414
466,733,267,0.267,1.4844693394892645
450,725,275,0.275,1.896282606191085
442,721,279,0.279,2.063350313466857
374,687,313,0.313,2.011305329271614
542,771,229,0.229,1.5226187884015707
616,808,192,0.192,1.2571970404167814
440,720,280,0.28,1.6962759979304127
478,739,261,0.261,1.651053884384846
484,742,258,0.258,1.6372384957609052
506,753,247,0.247,1.7412856275043276
606,803,197,0.197,1.3541662494758662
472,736,264,0.264,1.60127718798318
468,734,266,0.266,1.9548022076412315
514,757,243,0.243,1.5391809781501131
552,776,224,0.224,1.404507228724689
590,795,205,0.205,1.3655510138702678
546,773,227,0.227,1.4894104389990674
442,721,279,0.279,1.8249405719639178
554,777,223,0.223,1.3118619141743664
560,780,220,0.22,1.435272137531384
382,691,309,0.309,1.824167303101187
450,725,275,0.275,1.936971429536488
380,690,310,0.31,2.2623603158879346
476,738,262,0.262,1.5310291567020928
538,769,231,0.231,1.6782334216265928
512,756,244,0.244,1.720157144479746
402,701,299,0.299,2.0382753382072907
348,674,326,0.326,2.2910879152267216
326,663,337,0.337,2.4407929794549097
388,694,306,0.306,2.0739266748110903
476,738,262,0.262,1.6970932337063815
284,642,358,0.358,2.29804179916285
538,769,231,0.231,1.6883107080101445
448,724,276,0.276,1.6273099574691479
522,761,239,0.239,1.409564731454365
466,733,267,0.267,1.9116793754538084
534,767,233,0.233,1.537758515076829
590,795,205,0.205,1.3125909104747313
400,700,300,0.3,1.8931891677969381
374,687,313,0.313,2.028995312133202
242,621,379,0.379,2.348761303979619
556,778,222,0.222,1.5230381795922214
388,694,306,0.306,1.8499472031191628
486,743,257,0.257,1.7907386512844277
478,739,261,0.261,1.7152259661697737
414,707,293,0.293,1.914853730215408
598,799,201,0.201,1.2455385916218977
484,742,258,0.258,1.672979146911997
514,757,243,0.243,1.5806414175753016
502,751,249,0.249,1.5951523500812679
598,799,201,0.201,1.4011192249897826
382,691,309,0.309,2.057551316268991
416,708,292,0.292,1.8857369573689917
436,718,282,0.282,1.9260465196422591
636,818,182,0.182,1.130432734071129
590,795,205,0.205,1.3425163184153863
558,779,221,0.221,1.4166796741007244
592,796,204,0.204,1.4395254325694506
532,766,234,0.234,1.3291731539748621
570,785,215,0.215,1.2609055566458307
600,800,200,0.2,1.3684470405040785
484,742,258,0.258,1.5559338855490918
534,767,233,0.233,1.6613402215347717
598,799,201,0.201,1.160606452238016
536,768,232,0.232,1.3515089027288392
398,699,301,0.301,2.0786042031789584
460,730,270,0.27,1.702268643358243
470,735,265,0.265,1.855017981441689
478,739,261,0.261,1.8639026777380692
534,767,233,0.233,1.196731864301385
492,746,254,0.254,1.6675922755149482
552,776,224,0.224,1.7248196263009339
492,746,254,0.254,1.4793024392789196
564,782,218,0.218,1.209692052864226
480,740,260,0.26,1.6230575182622122
436,718,282,0.282,1.93648400649919
410,705,295,0.295,1.7683801367205925
418,709,291,0.291,1.9588210100844488
462,731,269,0.269,1.7633383753772427
494,747,253,0.253,1.4947147596366757
444,722,278,0.278,1.9510969596000614
404,702,298,0.298,1.983335291302212
490,745,255,0.255,1.6122719846041529
606,803,197,0.197,1.2479227080424886
458,729,271,0.271,1.845395325367716
488,744,256,0.256,1.5765463183583803
412,706,294,0.294,1.9858168055373244
520,760,240,0.24,1.6401501055175662
512,756,244,0.244,1.5284647161109748
454,727,273,0.273,1.7295966949297095
562,781,219,0.219,1.4591539142230106
618,809,191,0.191,1.247706786017135
554,777,223,0.223,1.519118366832995
550,775,225,0.225,1.556915202998158
564,782,218,0.218,1.270167611463482
478,739,261,0.261,1.6210515916644606
632,816,184,0.184,1.2459550389915444
492,746,254,0.254,1.4583700728994609
540,770,230,0.23,1.5722730895793067
408,704,296,0.296,1.856292401182586
570,785,215,0.215,1.3900921129773023
344,672,328,0.328,2.0143348956363583
506,753,247,0.247,1.321583666375398
510,755,245,0.245,1.598193917139431
404,702,298,0.298,2.002842644919369
540,770,230,0.23,1.2801597878238107
604,802,198,0.198,1.2655300546856791
546,773,227,0.227,1.1701331292971313
432,716,284,0.284,1.682354870652377
386,693,307,0.307,2.1002564882324655
534,767,233,0.233,1.5754572086861232
384,692,308,0.308,2.0807061105336007
572,786,214,0.214,1.48857392845901
584,792,208,0.208,1.292880185413708
576,788,212,0.212,1.2599944511474717
534,767,233,0.233,1.417543475880594
464,732,268,0.268,1.827908087767455
620,810,190,0.19,1.142342465101897
538,769,231,0.231,1.483896636587882
522,761,239,0.239,1.661892748656708
606,803,197,0.197,1.143125069346016
456,728,272,0.272,1.8913056708783478
488,744,256,0.256,1.683823593952094
602,801,199,0.199,1.3329206761055026
634,817,183,0.183,1.2863144171700085
520,760,240,0.24,1.363041018266402
562,781,219,0.219,1.492429176105842
550,775,225,0.225,1.7670398064380812
406,703,297,0.297,1.6943502367993544
390,695,305,0.305,1.8480428715161543
536,768,232,0.232,1.4323887591603524
600,800,200,0.2,1.3987995453455155
544,772,228,0.228,1.5003572765346704
532,766,234,0.234,1.5806401352646695
592,796,204,0.204,1.25490990240602
518,759,241,0.241,1.54907981218971
562,781,219,0.219,1.2818493802477615
566,783,217,0.217,1.3344234678969193
580,790,210,0.21,1.5284476971713268
518,759,241,0.241,1.671612332661172
400,700,300,0.3,2.069526652576503
598,799,201,0.201,1.6420086762932633
536,768,232,0.232,1.482857688614677
552,776,224,0.224,1.5648410526898728
468,734,266,0.266,1.854076426001363
614,807,193,0.193,1.3379264874566528
524,762,238,0.238,1.600487419859608
522,761,239,0.239,1.6936278801423916
334,667,333,0.333,2.315481251153655
646,823,177,0.177,1.0748205653155023
588,794,206,0.206,0.9381751909949392
578,789,211,0.211,1.6323996755934906
540,770,230,0.23,1.5330597459523978
608,804,196,0.196,1.2935524243156569
564,782,218,0.218,1.5124750309495039
492,746,254,0.254,1.428253024701995
496,748,252,0.252,1.7566730595049023
510,755,245,0.245,1.4856618672674875
584,792,208,0.208,1.4261726918306052
574,787,213,0.213,1.2017684194973373
550,775,225,0.225,1.5489404880833455
676,838,162,0.162,1.0610963229293837
514,757,243,0.243,1.7114319614447346
498,749,251,0.251,1.5672985696304935
466,733,267,0.267,1.5961362510311174
638,819,181,0.181,1.125307886305634
624,812,188,0.188,1.1384826668330492
356,678,322,0.322,2.1997223385661053
532,766,234,0.234,1.7849944878460133
656,828,172,0.172,1.0616517151660994
516,758,242,0.242,1.8130891257858206
492,746,254,0.254,1.8208546784946011
514,757,243,0.243,1.3488404132766978
568,784,216,0.216,1.3336785771101158
668,834,166,0.166,0.9166673326559074
512,756,244,0.244,1.6468129143794592
560,780,220,0.22,1.7209202548628921
562,781,219,0.219,1.3113247531677419
604,802,198,0.198,1.2970456603109681
578,789,211,0.211,1.1189671925494409
448,724,276,0.276,2.010349561716005
644,822,178,0.178,0.931342188175485
470,735,265,0.265,1.8246721252234004
546,773,227,0.227,1.503258170896265
586,793,207,0.207,1.4169752532311395
580,790,210,0.21,1.291175133258055
656,828,172,0.172,1.1811751241209736
586,793,207,0.207,1.0770773241339677
542,771,229,0.229,1.661755862944548
620,810,190,0.19,1.2698071562759858
568,784,216,0.216,1.477856893249251
644,822,178,0.178,1.0784569627002711
610,805,195,0.195,1.1114437631122744
530,765,235,0.235,1.4406165771192774
516,758,242,0.242,1.6790522213694867
560,780,220,0.22,1.5867958232308257
586,793,207,0.207,1.1311100018086668
518,759,241,0.241,1.3715288072438798
544,772,228,0.228,1.38878183994741
636,818,182,0.182,1.1393985049457254
486,743,257,0.257,2.0269431534094755
630,815,185,0.185,1.306754217001814
574,787,213,0.213,1.4778325655954532
550,775,225,0.225,1.7155467177760308
514,757,243,0.243,1.6236850240105392
588,794,206,0.206,1.44964016042512
484,742,258,0.258,1.694543969011225
552,776,224,0.224,1.531652470119633
478,739,261,0.261,1.7446382968324174
532,766,234,0.234,1.8308940647533598
558,779,221,0.221,1.8333260472626056
634,817,183,0.183,1.2452968079234248
512,756,244,0.244,1.6647175694563188
586,793,207,0.207,1.351166601490547
572,786,214,0.214,1.4579844581645813
550,775,225,0.225,1.4298962934066402
504,752,248,0.248,1.795132315119278
636,818,182,0.182,1.0496812564465166
594,797,203,0.203,1.1660412992385472
592,796,204,0.204,1.2628392176220742
634,817,183,0.183,1.1970002397732973
622,811,189,0.189,1.1546708210682823
596,798,202,0.202,1.3953652047977112
542,771,229,0.229,1.6076616200496967
672,836,164,0.164,0.8435698876281527
620,810,190,0.19,1.3396568240987958
580,790,210,0.21,1.6202233079981272
584,792,208,0.208,1.6206258555234603
684,842,158,0.158,0.8974317834975684
630,815,185,0.185,1.252478720610795
618,809,191,0.191,1.4449601749893393
506,753,247,0.247,2.034667945649787
644,822,178,0.178,1.075801560085963
578,789,211,0.211,1.5022177791768432
650,825,175,0.175,1.2468129490409927
706,853,147,0.147,0.9784701612660562
592,796,204,0.204,1.1490525319140168
678,839,161,0.161,0.9833309982461494
710,855,145,0.145,0.9401913559724424
666,833,167,0.167,1.0016323681100145
578,789,211,0.211,0.9921491479084986
682,841,159,0.159,0.9284067066561219
690,845,155,0.155,0.8223336698227484
708,854,146,0.146,0.9368568542264193
634,817,183,0.183,1.3011867212639612
650,825,175,0.175,1.0069416176799257
600,800,200,0.2,1.0170673604710032
684,842,158,0.158,1.2201659404616823
682,841,159,0.159,0.8823546916492666
634,817,183,0.183,0.8296179655503065
636,818,182,0.182,1.2510633176408352
600,800,200,0.2,1.1640016175853065
650,825,175,0.175,1.0895642394267462
686,843,157,0.157,1.100589733733472
588,794,206,0.206,1.3193499428557545
682,841,159,0.159,1.0720662055363321
694,847,153,0.153,1.2075333316404187
684,842,158,0.158,1.3612195797720117
712,856,144,0.144,0.8550718771984732
660,830,170,0.17,1.3428988252661889
682,841,159,0.159,1.1114552786655745
644,822,178,0.178,1.2950413185159593
630,815,185,0.185,1.1569505969151703
524,762,238,0.238,1.6452936031999597
614,807,193,0.193,1.0213761809546666
688,844,156,0.156,0.977688197447279
720,860,140,0.14,0.8671392822107209
606,803,197,0.197,1.2850154048550144
716,858,142,0.142,0.8702417964807194
712,856,144,0.144,0.7516769946890334
648,824,176,0.176,1.716277772428419
738,869,131,0.131,0.9571564605290624
656,828,172,0.172,1.100862951938758
716,858,142,0.142,0.9468092313786308
666,833,167,0.167,0.9709020748863695
602,801,199,0.199,1.0507968275215216
678,839,161,0.161,0.7323624658056899
644,822,178,0.178,0.9220701047378795
730,865,135,0.135,0.980904873250275
624,812,188,0.188,1.2922603080606063
626,813,187,0.187,1.4395991227907334
632,816,184,0.184,1.2543222330338843
736,868,132,0.132,0.874399003726328
600,800,200,0.2,1.348076852381976
670,835,165,0.165,0.7516631876051012
618,809,191,0.191,1.2204543365551148
656,828,172,0.172,1.3593019645983837
648,824,176,0.176,1.094917378681155
626,813,187,0.187,1.0087837661500283
662,831,169,0.169,1.2939165622016957
676,838,162,0.162,1.2132578988313558
682,841,159,0.159,1.0233550859537879
670,835,165,0.165,0.8090762889809455
680,840,160,0.16,1.0315648608668362
700,850,150,0.15,1.0667123240163483
628,814,186,0.186,0.9777694266505287
680,840,160,0.16,1.1687156826190013
724,862,138,0.138,0.844865185200277
690,845,155,0.155,1.1595666056848797
730,865,135,0.135,0.8394366862577811
736,868,132,0.132,0.6154506290790825
712,856,144,0.144,1.015134183002303
688,844,156,0.156,0.9111945891398306
732,866,134,0.134,1.003005650938205
708,854,146,0.146,0.8806177943585333
668,834,166,0.166,1.0553772758447588
704,852,148,0.148,0.9955621903765967
788,894,106,0.106,0.7733113149280119
636,818,182,0.182,1.4196056437946996
706,853,147,0.147,1.0436596369591644
680,840,160,0.16,0.8387319969682504
664,832,168,0.168,0.853604417033398
682,841,159,0.159,0.8842544737422867
718,859,141,0.141,0.6658067551478093
674,837,163,0.163,0.7771344838900853
716,858,142,0.142,0.7746283862397725
718,859,141,0.141,1.0116206817683877
612,806,194,0.194,1.2996453454001065
696,848,152,0.152,0.87464219953861
756,878,122,0.122,0.7011015709734919
788,894,106,0.106,0.724080179164811
704,852,148,0.148,0.727662633725708
740,870,130,0.13,0.7423080077141513
702,851,149,0.149,0.8791613439069679
708,854,146,0.146,0.8976784011562905
718,859,141,0.141,0.9426898622330644
748,874,126,0.126,0.8258747777872593
714,857,143,0.143,0.9229369776035081
654,827,173,0.173,0.935775725013905
678,839,161,0.161,1.024537310652795
672,836,164,0.164,0.9536939774918706
696,848,152,0.152,0.5965763627866063
688,844,156,0.156,0.919567771872034
740,870,130,0.13,1.044973049807268
688,844,156,0.156,0.751031101895734
730,865,135,0.135,0.8823032107250165
702,851,149,0.149,0.9855176720648947
720,860,140,0.14,0.5592525228689625
736,868,132,0.132,0.7622785577044824
750,875,125,0.125,0.932251575531631
728,864,136,0.136,0.6579964902624661
712,856,144,0.144,0.827043206691343
698,849,151,0.151,0.9544387194204601
668,834,166,0.166,0.8182735389469182
780,890,110,0.11,0.5542176080784543
716,858,142,0.142,0.7482576665644783
750,875,125,0.125,0.7770935764985607
638,819,181,0.181,0.8851900791760494
748,874,126,0.126,0.4909897926336649
706,853,147,0.147,0.9379051551359022
710,855,145,0.145,0.6719923404463094
746,873,127,0.127,0.6335185539669544
734,867,133,0.133,0.7819135829660876
698,849,151,0.151,0.8098884812823528
754,877,123,0.123,0.7255994061267225
692,846,154,0.154,0.6577603183871327
768,884,116,0.116,0.6378280963181606
720,860,140,0.14,0.6146896920898475
700,850,150,0.15,0.7146371666554678
684,842,158,0.158,0.8487398045867731
768,884,116,0.116,0.8818521917210503
780,890,110,0.11,0.5103103620787961
738,869,131,0.131,0.7134033464014178
694,847,153,0.153,0.9607234407276665
724,862,138,0.138,0.628152166282728
686,843,157,0.157,0.6276186457668871
738,869,131,0.131,0.7129924645389112
726,863,137,0.137,0.7172365962609473
730,865,135,0.135,0.8739084230815354
710,855,145,0.145,0.9946546121037011
706,853,147,0.147,1.1282592406999505
716,858,142,0.142,0.7907691320452392
694,847,153,0.153,0.8943423473223733
700,850,150,0.15,1.0059933316572671
720,860,140,0.14,1.1906918641982285
738,869,131,0.131,0.5401956245938829
714,857,143,0.143,0.6208715955669395
664,832,168,0.168,0.8995000527060865
694,847,153,0.153,0.7011224085046124
782,891,109,0.109,0.6435082455794627
718,859,141,0.141,0.9379822947391799
764,882,118,0.118,0.6693794717906912
714,857,143,0.143,0.6793332551730197
734,867,133,0.133,0.7705621143198051
702,851,149,0.149,0.677376822350324
712,856,144,0.144,0.628093805738282
718,859,141,0.141,0.8356681110803623
712,856,144,0.144,0.8065906742920326
666,833,167,0.167,0.7558416024646596
740,870,130,0.13,0.5161195104224149
632,816,184,0.184,0.6391822813788336
752,876,124,0.124,0.49701244335632777
658,829,171,0.171,1.4626486533687963
770,885,115,0.115,0.8579430739344293
726,863,137,0.137,0.5015025630224706
708,854,146,0.146,0.8428490174628243
750,875,125,0.125,0.8311595067772333
678,839,161,0.161,0.6375158805088745
736,868,132,0.132,0.7113251808747514
638,819,181,0.181,1.1813773420976583
802,901,99,0.099,0.6637448098510093
752,876,124,0.124,0.712685770530367
678,839,161,0.161,0.7022101596919584
792,896,104,0.104,0.6642142524299195
704,852,148,0.148,0.675726068658697
646,823,177,0.177,0.727631619773303
726,863,137,0.137,0.7964739315907392
710,855,145,0.145,0.557747570022122
730,865,135,0.135,0.6966434991326574
752,876,124,0.124,0.772530532560823
742,871,129,0.129,0.7093911816217354
760,880,120,0.12,1.0631853806274278
716,858,142,0.142,0.5971723973182591
702,851,149,0.149,0.8281608955685729
744,872,128,0.128,0.6553032553786969
686,843,157,0.157,0.7611935966203728
764,882,118,0.118,0.7209907338599292
764,882,118,0.118,0.6470345997397676
734,867,133,0.133,0.5616427585880076
750,875,125,0.125,0.5839152665614515
684,842,158,0.158,0.5279430615045214
726,863,137,0.137,0.622997528930137
704,852,148,0.148,0.8654416358302197
738,869,131,0.131,0.6055753302283488
714,857,143,0.143,0.9327726396548519
768,884,116,0.116,0.6696651760212563
674,837,163,0.163,1.0845323217530167
780,890,110,0.11,0.8874426366712844
738,869,131,0.131,1.0820132352223837
704,852,148,0.148,0.7153571790432952
762,881,119,0.119,0.8200873912943786
774,887,113,0.113,0.6063472084304392
692,846,154,0.154,0.5648241717478415
756,878,122,0.122,0.7881024630884624
720,860,140,0.14,0.8739013137537308
696,848,152,0.152,0.9055385274038266
732,866,134,0.134,0.9066879545280069
710,855,145,0.145,0.5781539572151896
704,852,148,0.148,1.0687842016289075
712,856,144,0.144,1.0111432078237368
694,847,153,0.153,0.7443520929654819
758,879,121,0.121,0.3841439025883499
712,856,144,0.144,0.7604065771404729
656,828,172,0.172,0.7879231692876831
766,883,117,0.117,0.535679308925236
752,876,124,0.124,0.787335974279818
754,877,123,0.123,0.7781111149205175
712,856,144,0.144,0.9394753184040983
780,890,110,0.11,0.5280906356486931
702,851,149,0.149,0.4502207328415787
790,895,105,0.105,0.5174301716670912
758,879,121,0.121,0.7877496230057909
712,856,144,0.144,0.635100891249027
728,864,136,0.136,0.5479730092273624
714,857,143,0.143,0.6305265492735895
752,876,124,0.124,0.6485993463747073
736,868,132,0.132,0.5926777343016628
772,886,114,0.114,0.5159715968085966
754,877,123,0.123,0.7565693438007504
684,842,158,0.158,0.7293282667800375
728,864,136,0.136,0.7322045582397292
798,899,101,0.101,0.5428337411215357
716,858,142,0.142,0.5023092893942773
766,883,117,0.117,0.6904397970464551
658,829,171,0.171,1.0027570354827018
714,857,143,0.143,0.6620504170145485
734,867,133,0.133,0.3672621988983111
736,868,132,0.132,0.6119438096330788
766,883,117,0.117,0.5865357885424122
708,854,146,0.146,0.3926526400280892
782,891,109,0.109,0.6842826643026421
692,846,154,0.154,0.5559460666306835
784,892,108,0.108,0.6302554770985733
722,861,139,0.139,0.5695573973938012
726,863,137,0.137,0.5619371934985191
784,892,108,0.108,0.6300784788505002
698,849,151,0.151,0.7206156362649376
768,884,116,0.116,0.42687636139532287
734,867,133,0.133,0.6474020118855194
724,862,138,0.138,0.3662368407289573
736,868,132,0.132,0.40146369053914194
688,844,156,0.156,0.5370468122033791
692,846,154,0.154,0.7681133042039778
830,915,85,0.085,0.511173560646428
734,867,133,0.133,0.7664012494523403
746,873,127,0.127,0.5276990578774259
760,880,120,0.12,0.5770933147789203
762,881,119,0.119,0.36678010016673884
736,868,132,0.132,0.38867713445766594
716,858,142,0.142,0.744549824407557
782,891,109,0.109,0.6836095049392333
686,843,157,0.157,0.6432582328108222
792,896,104,0.104,0.5789981637215135
746,873,127,0.127,0.5743034622873371
736,868,132,0.132,0.5455451387304588
752,876,124,0.124,0.3777593315703907
684,842,158,0.158,0.3375792621904012
750,875,125,0.125,0.4791091121471005
726,863,137,0.137,0.5536570661371829
720,860,140,0.14,0.6436941303162599
646,823,177,0.177,0.5428066645173699
722,861,139,0.139,0.6618925769697999
736,868,132,0.132,0.5632738483423155
788,894,106,0.106,0.42283291707349135
696,848,152,0.152,0.34226281332107006
740,870,130,0.13,0.7006895934301216
746,873,127,0.127,0.6209402644764316
728,864,136,0.136,0.75188769073697
788,894,106,0.106,0.6333431804890097
708,854,146,0.146,0.7175145873641721
738,869,131,0.131,0.6216310035885846
736,868,132,0.132,0.5765729115871365
702,851,149,0.149,0.5650898965770437
750,875,125,0.125,0.7315922209796464
702,851,149,0.149,0.5013121973279985
738,869,131,0.131,0.5199551800717229
786,893,107,0.107,0.40456456977819805
764,882,118,0.118,0.37008475950223463
736,868,132,0.132,0.5551766157103681
710,855,145,0.145,0.5897753560281671
740,870,130,0.13,0.4992034508382906
678,839,161,0.161,0.3761447520973643
806,903,97,0.097,0.3447706634402253
710,855,145,0.145,0.304402909442603
744,872,128,0.128,0.6571233485846638
644,822,178,0.178,0.8434498656298686
730,865,135,0.135,0.537575604228465
794,897,103,0.103,0.39251654146315773
670,835,165,0.165,0.500661653175215
718,859,141,0.141,0.36528235246564894
766,883,117,0.117,0.42173554757161763
802,901,99,0.099,0.4764599752244569
734,867,133,0.133,0.3770327236742469
708,854,146,0.146,0.676874747188809
784,892,108,0.108,0.40775290008586734
794,897,103,0.103,0.393553532634712
814,907,93,0.093,0.5437950237099682
716,858,142,0.142,0.5275647335978674
780,890,110,0.11,0.6520345575045878
780,890,110,0.11,0.32143732857648477
784,892,108,0.108,0.585810791952608
768,884,116,0.116,0.3740468485797685
734,867,133,0.133,0.39475363532432484
738,869,131,0.131,0.4676149743959327
738,869,131,0.131,0.5712944262551541
766,883,117,0.117,0.3868610900433504
750,875,125,0.125,0.46668789156558044
670,835,165,0.165,0.41056234936715513
688,844,156,0.156,0.4460872123538196
762,881,119,0.119,0.7090784245742404
688,844,156,0.156,0.6053102508413926
730,865,135,0.135,0.5991497268842999
768,884,116,0.116,0.35947602533472156
768,884,116,0.116,0.5249284589087592
732,866,134,0.134,0.3768691172216384
712,856,144,0.144,0.7751276186259531
708,854,146,0.146,0.45342917549329137
832,916,84,0.084,0.42413551609058986
790,895,105,0.105,0.48506754257735285
748,874,126,0.126,0.3147864817929818
692,846,154,0.154,0.42706231816411305
708,854,146,0.146,0.509972217214044
776,888,112,0.112,0.34024245180024626
758,879,121,0.121,0.3507101893468954
724,862,138,0.138,0.25819649069853673
714,857,143,0.143,0.2884030162691012
690,845,155,0.155,0.6364626281279413
718,859,141,0.141,0.5111978777984634
726,863,137,0.137,0.7301808247385011
728,864,136,0.136,0.4482654059268324
734,867,133,0.133,0.6079391250771629
744,872,128,0.128,0.31216070481359615
716,858,142,0.142,0.36158125934790325
714,857,143,0.143,0.3591901472585011
770,885,115,0.115,0.4328551867224435
790,895,105,0.105,0.4607570838189737
758,879,121,0.121,0.4791570978682127
808,904,96,0.096,0.35451253803555405
786,893,107,0.107,0.4206190665816736
716,858,142,0.142,0.32221138462607746
776,888,112,0.112,0.3063247153806465
754,877,123,0.123,0.45735779476925825
730,865,135,0.135,0.42771077294385956
810,905,95,0.095,0.31242327892136657
782,891,109,0.109,0.6183692708287397
748,874,126,0.126,0.399179316986293
746,873,127,0.127,0.47045043269567716
668,834,166,0.166,0.3207429885674273
766,883,117,0.117,0.5349675949655477
760,880,120,0.12,0.46700868446047367
758,879,121,0.121,0.3693529936111258
762,881,119,0.119,0.5155797180644733
690,845,155,0.155,0.5921154034342652
732,866,134,0.134,0.4744727003528684
734,867,133,0.133,0.4779761300994323
706,853,147,0.147,0.5138288786148087
764,882,118,0.118,0.38289203991329895
796,898,102,0.102,0.2839835253096904
700,850,150,0.15,0.3686396233527479
634,817,183,0.183,0.2721241748145862
724,862,138,0.138,0.45262360432738014
752,876,124,0.124,0.4325739529924722
774,887,113,0.113,0.33733288124968164
786,893,107,0.107,0.36688895594727605
762,881,119,0.119,0.27131020806750145
782,891,109,0.109,0.37088505864081
722,861,139,0.139,0.4012346164451839
746,873,127,0.127,0.3272057044256101
720,860,140,0.14,0.57448980371711
760,880,120,0.12,0.3293549787047028
826,913,87,0.087,0.4012693528163584
712,856,144,0.144,0.34923692638911935
732,866,134,0.134,0.4098634867750939
778,889,111,0.111,0.49698666018147153
736,868,132,0.132,0.4383050244093417
744,872,128,0.128,0.6934534905406984
804,902,98,0.098,0.44494768870248397
780,890,110,0.11,0.4702717301350522
730,865,135,0.135,0.31551714338487397
702,851,149,0.149,0.40974600742338746
778,889,111,0.111,0.4070328581551481
812,906,94,0.094,0.3393441610474847
776,888,112,0.112,0.36289953924509427
772,886,114,0.114,0.2991965509061065
792,896,104,0.104,0.5211909761449768
742,871,129,0.129,0.4443688358804136
694,847,153,0.153,0.578223581765303
794,897,103,0.103,0.5180303339852237
746,873,127,0.127,0.5311463338055107
770,885,115,0.115,0.3825838589516186
706,853,147,0.147,0.4570058057488783
780,890,110,0.11,0.4718760557937373
786,893,107,0.107,0.33948149160789076
748,874,126,0.126,0.33338000145262375
756,878,122,0.122,0.47198193827507234
770,885,115,0.115,0.37674368227812866
730,865,135,0.135,0.30823528518723914
756,878,122,0.122,0.35032199704050376
764,882,118,0.118,0.42183361181553086
782,891,109,0.109,0.24245288071227633
692,846,154,0.154,0.4300862022879229
754,877,123,0.123,0.36380753441275193
724,862,138,0.138,0.40869332929111146
706,853,147,0.147,0.41096617558768694
752,876,124,0.124,0.4293994896431484
716,858,142,0.142,0.3007292195001703
800,900,100,0.1,0.34219980877441786
720,860,140,0.14,0.3369406987380758
724,862,138,0.138,0.38097977276072265
776,888,112,0.112,0.5346963944879433
774,887,113,0.113,0.31226043935296466
782,891,109,0.109,0.3920020144264788
820,910,90,0.09,0.449491804169943
794,897,103,0.103,0.5177111328618432
776,888,112,0.112,0.2818016215093933
780,890,110,0.11,0.4809000432372353
818,909,91,0.091,0.4705883777129248
716,858,142,0.142,0.35610099341825996
746,873,127,0.127,0.4856136269551592
742,871,129,0.129,0.5188913950026646
766,883,117,0.117,0.3274342891667997
726,863,137,0.137,0.507653922036918
752,876,124,0.124,0.45318773486108943
802,901,99,0.099,0.4542114401267206
758,879,121,0.121,0.4044847584307216
754,877,123,0.123,0.5918049171606125
696,848,152,0.152,0.3965384770820351
738,869,131,0.131,0.4068035436467357
828,914,86,0.086,0.3538329965787754
740,870,130,0.13,0.16475490938057902
698,849,151,0.151,0.43119898568512494
762,881,119,0.119,0.6394828772076535
790,895,105,0.105,0.29534848771270433
726,863,137,0.137,0.3351082901474242
728,864,136,0.136,0.6154293464478504
760,880,120,0.12,0.5469430964278091
800,900,100,0.1,0.4260190079938375
714,857,143,0.143,0.4542171238678721
772,886,114,0.114,0.41472361142355496
758,879,121,0.121,0.4949793082853795
726,863,137,0.137,0.5225751290684235
740,870,130,0.13,0.3209842420248381
798,899,101,0.101,0.38489507160930725
716,858,142,0.142,0.38756398418332466
802,901,99,0.099,0.3202104139793421
798,899,101,0.101,0.3590070884758018
720,860,140,0.14,0.39324566874607914
770,885,115,0.115,0.4453672311723329
738,869,131,0.131,0.4761923384329123
794,897,103,0.103,0.29127578344595667
766,883,117,0.117,0.2683588790696094
720,860,140,0.14,0.46555470178718145
760,880,120,0.12,0.39754063328974204
740,870,130,0.13,0.22903123556033636
816,908,92,0.092,0.432776484181032
812,906,94,0.094,0.40852564176181505
746,873,127,0.127,0.31556547682737524
746,873,127,0.127,0.33310660729506697
690,845,155,0.155,0.6509129538914368
768,884,116,0.116,0.4490029989753648
734,867,133,0.133,0.38741920272289343
692,846,154,0.154,0.665180167265646
784,892,108,0.108,0.508542543481065
768,884,116,0.116,0.41571341255469646
748,874,126,0.126,0.38668577943017424
758,879,121,0.121,0.438306020412856
746,873,127,0.127,0.5857281126427943
700,850,150,0.15,0.3818001181237498
750,875,125,0.125,0.3395192706926872
706,853,147,0.147,0.6286963587033834
748,874,126,0.126,0.739363798773795
754,877,123,0.123,0.4120309953229774
776,888,112,0.112,0.487896533560783
770,885,115,0.115,0.31874449313714937
764,882,118,0.118,0.47530757576660915
760,880,120,0.12,0.36415086953521425
722,861,139,0.139,0.2693657759481661
768,884,116,0.116,0.38330683607275307
714,857,143,0.143,0.4590914901169848
750,875,125,0.125,0.38759316862121057
738,869,131,0.131,0.21577485120895476
724,862,138,0.138,0.48250293535106026
734,867,133,0.133,0.671595384953468
732,866,134,0.134,0.3846914098769481
700,850,150,0.15,0.4283682376309409
780,890,110,0.11,0.40428880918206983
786,893,107,0.107,0.4439958447363153
752,876,124,0.124,0.48406617515198974
752,876,124,0.124,0.33038330984454317
714,857,143,0.143,0.5058450546982601
764,882,118,0.118,0.32048957200292355
724,862,138,0.138,0.357596993480668
718,859,141,0.141,0.37161064708907443
730,865,135,0.135,0.3259478222850226
790,895,105,0.105,0.30958922186573784
700,850,150,0.15,0.34899419107046764
770,885,115,0.115,0.434606406204738
744,872,128,0.128,0.31027235633588146
782,891,109,0.109,0.4691383040172872
730,865,135,0.135,0.735046409200741
796,898,102,0.102,0.31837280551154845
678,839,161,0.161,0.39094159786763255
776,888,112,0.112,0.4122905912810311
752,876,124,0.124,0.4741578055243375
798,899,101,0.101,0.4291002559820112
742,871,129,0.129,0.4215035219543962
760,880,120,0.12,0.25561223404553507
782,891,109,0.109,0.34550849996160726
736,868,132,0.132,0.28094454685035636
740,870,130,0.13,0.5904706740697145
758,879,121,0.121,0.37525897451498463
758,879,121,0.121,0.2664427640428517
728,864,136,0.136,0.38930656433631033
748,874,126,0.126,0.5965271789348283
742,871,129,0.129,0.606885336070809
752,876,124,0.124,0.36137270271545924
706,853,147,0.147,0.681760433864705
726,863,137,0.137,0.4902712508945252
736,868,132,0.132,0.351660771813554
734,867,133,0.133,0.6307843669490776
768,884,116,0.116,0.34597412377207626
762,881,119,0.119,0.4011776232304551
726,863,137,0.137,0.650719149799605
786,893,107,0.107,0.45074417743849227
792,896,104,0.104,0.4541210276885462
770,885,115,0.115,0.6416465706192952
748,874,126,0.126,0.20052717659226163
768,884,116,0.116,0.41308854903875947
752,876,124,0.124,0.47309710504363217
768,884,116,0.116,0.3717829005536087
702,851,149,0.149,0.21044891891962936
750,875,125,0.125,0.2909793644693374
746,873,127,0.127,0.48386278545887346
772,886,114,0.114,0.21611203808278537
760,880,120,0.12,0.32294500369733364
794,897,103,0.103,0.386327772615044
714,857,143,0.143,0.3144652873505054
748,874,126,0.126,0.7694658690055494
716,858,142,0.142,0.4012618262401113
740,870,130,0.13,0.3668536602770768
796,898,102,0.102,0.5289917180383434
746,873,127,0.127,0.37254609972991204
756,878,122,0.122,0.32348227598713153
810,905,95,0.095,0.32573844889742154
788,894,106,0.106,0.6884793013381387
786,893,107,0.107,0.4490026017721972
818,909,91,0.091,0.2868900239807762
744,872,128,0.128,0.35278107967027633
750,875,125,0.125,0.35235742505066486
740,870,130,0.13,0.26186541207192227
730,865,135,0.135,0.37300936615302926
718,859,141,0.141,0.570938091241432
796,898,102,0.102,0.3579311465426597
738,869,131,0.131,0.5187792952314628
744,872,128,0.128,0.4370340575068247
702,851,149,0.149,0.39266904992146456
830,915,85,0.085,0.4635771102950871
768,884,116,0.116,0.5752862548188847
762,881,119,0.119,0.5764425381211038
670,835,165,0.165,0.6783649080153286
700,850,150,0.15,0.50215131662763
772,886,114,0.114,0.8234352367183219
756,878,122,0.122,0.42777941075456355
808,904,96,0.096,0.36240164025671906
728,864,136,0.136,0.41171863462012837
730,865,135,0.135,0.6327009746278962
708,854,146,0.146,0.3198286449744152
728,864,136,0.136,0.5449828350651963
740,870,130,0.13,0.33676249616189585
750,875,125,0.125,0.24937549785011404
756,878,122,0.122,0.484895169031929
752,876,124,0.124,0.5892800780359291
750,875,125,0.125,0.3554993743643827
712,856,144,0.144,0.32446245642601246
762,881,119,0.119,0.49765566587166643
730,865,135,0.135,0.38243644180932085
782,891,109,0.109,0.37973554077165855
690,845,155,0.155,0.37269560527315754
770,885,115,0.115,0.2713220827008978
680,840,160,0.16,0.3723069446499409
756,878,122,0.122,0.22694879655429928
818,909,91,0.091,0.3950991710360693
800,900,100,0.1,0.49985977986143815
714,857,143,0.143,0.4205987299856427
744,872,128,0.128,0.2908855903240133
752,876,124,0.124,0.5764331788703287
812,906,94,0.094,0.3904183273980608
738,869,131,0.131,0.3820060870906405
684,842,158,0.158,0.4287541520247771
788,894,106,0.106,0.44466537707523707
768,884,116,0.116,0.19397456685300388
718,859,141,0.141,0.5096485564018798
770,885,115,0.115,0.6277692519802717
778,889,111,0.111,0.448478483838463
742,871,129,0.129,0.5297105649482714
726,863,137,0.137,0.35929471364509347
768,884,116,0.116,0.34576480840848745
750,875,125,0.125,0.3618883426927874
738,869,131,0.131,0.4707209614718075
764,882,118,0.118,0.36799552122729506
774,887,113,0.113,0.3707115655853323
736,868,132,0.132,0.25126222987995633
802,901,99,0.099,0.35316374623842567
764,882,118,0.118,0.27432167895097154
736,868,132,0.132,0.2984358801238977
714,857,143,0.143,0.3222128178165212
786,893,107,0.107,0.29534059091762005
764,882,118,0.118,0.2343370872618638
728,864,136,0.136,0.30694948218873525
790,895,105,0.105,0.4772664982305196
714,857,143,0.143,0.3131053540752564
750,875,125,0.125,0.39930187910195747
754,877,123,0.123,0.18935758759860896
754,877,123,0.123,0.45852496640832446
788,894,106,0.106,0.3962818894178727
746,873,127,0.127,0.30082079374765114
718,859,141,0.141,0.5848107489133033
718,859,141,0.141,0.5159823226488247
768,884,116,0.116,0.252413109166344
754,877,123,0.123,0.41160224081891755
750,875,125,0.125,0.4993639495441108
704,852,148,0.148,0.6674533206523358
756,878,122,0.122,0.5326092088977623
836,918,82,0.082,0.2994636415412057
742,871,129,0.129,0.3582094699990663
784,892,108,0.108,0.31594071892821
750,875,125,0.125,0.3264565830572602
784,892,108,0.108,0.33875279002864067
750,875,125,0.125,0.5646783048218217
776,888,112,0.112,0.3301802984545929
690,845,155,0.155,0.2884199985262601
672,836,164,0.164,0.3984432016431886
742,871,129,0.129,0.2574036292789026
760,880,120,0.12,0.3376177710879955
718,859,141,0.141,0.2545909900911876
736,868,132,0.132,0.2326342245010431
764,882,118,0.118,0.29959612296900545
782,891,109,0.109,0.3545476115645451
778,889,111,0.111,0.2963032180209301
826,913,87,0.087,0.41561337901158146
790,895,105,0.105,0.2881007663687558
772,886,114,0.114,0.3331392394743034
704,852,148,0.148,0.30192687464518736
730,865,135,0.135,0.46667415185009
740,870,130,0.13,0.37485555487038974
818,909,91,0.091,0.5308535215210354
754,877,123,0.123,0.3024205206990578
806,903,97,0.097,0.3115355034206882
734,867,133,0.133,0.23303930736274667
760,880,120,0.12,0.43859229957410595
768,884,116,0.116,0.32748762306294854
720,860,140,0.14,0.45323221542993763
720,860,140,0.14,0.22812792458439576
696,848,152,0.152,0.3829394232410789
748,874,126,0.126,0.277420452962279
770,885,115,0.115,0.21892075133308406
756,878,122,0.122,0.2995468267835552
742,871,129,0.129,0.5198729409421189
752,876,124,0.124,0.231825690134637
710,855,145,0.145,0.31930267968458304
720,860,140,0.14,0.3727495260881284
780,890,110,0.11,0.2206857351648039
746,873,127,0.127,0.3322705073344074
772,886,114,0.114,0.3576731934131
730,865,135,0.135,0.3190087677483806
764,882,118,0.118,0.28993358921621215
680,840,160,0.16,0.29087517872283203
732,866,134,0.134,0.41858151764808577
738,869,131,0.131,0.3462033714576502
696,848,152,0.152,0.4678300446254225
716,858,142,0.142,0.3165695382003687
790,895,105,0.105,0.38744764064924087
692,846,154,0.154,0.36604190572421597
800,900,100,0.1,0.26212315796317004
756,878,122,0.122,0.417103597968787
746,873,127,0.127,0.1569855669410376
752,876,124,0.124,0.52041901666705
728,864,136,0.136,0.44311883514084777
728,864,136,0.136,0.3215425816942253
762,881,119,0.119,0.3300401981751684
802,901,99,0.099,0.25477803661392173
758,879,121,0.121,0.3126482003155845
726,863,137,0.137,0.4389798275810461
752,876,124,0.124,0.29217744662883366
758,879,121,0.121,0.4150369808530807
756,878,122,0.122,0.16857302107450506
724,862,138,0.138,0.3392349080336076
732,866,134,0.134,0.34233119393500316
780,890,110,0.11,0.2668337824624349
822,911,89,0.089,0.3530313093918125
724,862,138,0.138,0.3580002803224064
714,857,143,0.143,0.2989704381302548
764,882,118,0.118,0.19238539795651816
698,849,151,0.151,0.3767595277802792
792,896,104,0.104,0.3139174574579331
826,913,87,0.087,0.1601618827556715
722,861,139,0.139,0.22521797700632645
788,894,106,0.106,0.4063917139980176
784,892,108,0.108,0.2862060932888099
784,892,108,0.108,0.22553892317869742
768,884,116,0.116,0.4694118496818789
714,857,143,0.143,0.34888267753536656
796,898,102,0.102,0.19908391429382696
784,892,108,0.108,0.35433278056723416
788,894,106,0.106,0.281310477613608
732,866,134,0.134,0.17318155101094612
766,883,117,0.117,0.23133494377940844
750,875,125,0.125,0.3043223925773976
788,894,106,0.106,0.313292113478981
812,906,94,0.094,0.24879496291870823
764,882,118,0.118,0.19439796363547213
800,900,100,0.1,0.2758365155117955
736,868,132,0.132,0.18717801339781062
750,875,125,0.125,0.2893912331104796
780,890,110,0.11,0.2861842953608908
752,876,124,0.124,0.21162808678107445
744,872,128,0.128,0.24529823697968367
802,901,99,0.099,0.21042702375991734
734,867,133,0.133,0.22399268696406677
744,872,128,0.128,0.15622808937145402
696,848,152,0.152,0.3871214813253001
790,895,105,0.105,0.28619571455236303
742,871,129,0.129,0.25259300192706474
836,918,82,0.082,0.2939176989520146
734,867,133,0.133,0.1380898168292418
764,882,118,0.118,0.23203054800394654
776,888,112,0.112,0.27126718637310687
762,881,119,0.119,0.20544458137115879
792,896,104,0.104,0.3263622438974273
768,884,116,0.116,0.38013673935690523
756,878,122,0.122,0.3482581055781695
736,868,132,0.132,0.12079140973064703
752,876,124,0.124,0.2834597055707165
752,876,124,0.124,0.3490924009249282
762,881,119,0.119,0.21538711487702109
810,905,95,0.095,0.13848000976405336
734,867,133,0.133,0.3352728855616739
726,863,137,0.137,0.19818170155282813
754,877,123,0.123,0.2698450973723717
750,875,125,0.125,0.3153904159716705
756,878,122,0.122,0.3144144526784332
742,871,129,0.129,0.2495035249003967
810,905,95,0.095,0.2476330102944807
808,904,96,0.096,0.385984003704796
758,879,121,0.121,0.16682820419434125
780,890,110,0.11,0.20535458147921062
728,864,136,0.136,0.2755537650792289
722,861,139,0.139,0.305511738250144
788,894,106,0.106,0.18325994948892887
710,855,145,0.145,0.26540057766058156
774,887,113,0.113,0.26044825005043903
684,842,158,0.158,0.2535255773626103
788,894,106,0.106,0.2215241558718484
752,876,124,0.124,0.31923597458087805
804,902,98,0.098,0.2050039886091961
750,875,125,0.125,0.4307195071476645
748,874,126,0.126,0.15065573568642168
796,898,102,0.102,0.2803456242088863
782,891,109,0.109,0.292437921727102
766,883,117,0.117,0.29670532812630007
726,863,137,0.137,0.19910662495311748
762,881,119,0.119,0.31386373387048605
710,855,145,0.145,0.2501136679734767
798,899,101,0.101,0.3568118078445913
766,883,117,0.117,0.34518477117155516
786,893,107,0.107,0.2382658048911423
756,878,122,0.122,0.12100326598811245
762,881,119,0.119,0.2820470781264732
762,881,119,0.119,0.3321399631254773
762,881,119,0.119,0.23871922445765711
734,867,133,0.133,0.23912123157005136
732,866,134,0.134,0.3517407354657493
772,886,114,0.114,0.17458994492963245
762,881,119,0.119,0.22253339226269178
712,856,144,0.144,0.2324537669344548
778,889,111,0.111,0.37470417580971416
792,896,104,0.104,0.160803458050482
738,869,131,0.131,0.35645576860508643
764,882,118,0.118,0.26761594965885727
796,898,102,0.102,0.20373622669018204
700,850,150,0.15,0.30759590305761475
744,872,128,0.128,0.20369131214765382
768,884,116,0.116,0.16139864224701495
746,873,127,0.127,0.20098749257353024
712,856,144,0.144,0.31377341729835584
764,882,118,0.118,0.24589625582336147
726,863,137,0.137,0.3223977208335676
714,857,143,0.143,0.20914822405904238
832,916,84,0.084,0.30431186167140006
738,869,131,0.131,0.29779176149927533
718,859,141,0.141,0.20665770280054738
780,890,110,0.11,0.2343264959155382
788,894,106,0.106,0.3261448354794178
766,883,117,0.117,0.2315942385550237
724,862,138,0.138,0.3513054035695842
758,879,121,0.121,0.3395971973387442
724,862,138,0.138,0.4048988480045889
722,861,139,0.139,0.17619648193877208
774,887,113,0.113,0.24350589739040662
734,867,133,0.133,0.26620733025302673
798,899,101,0.101,0.11730031168252468
780,890,110,0.11,0.19858022305014925
760,880,120,0.12,0.3489541090187778
740,870,130,0.13,0.09346245947743116
756,878,122,0.122,0.27357897268736486
812,906,94,0.094,0.3611310402312982
832,916,84,0.084,0.33064208956464763
786,893,107,0.107,0.21839984782991667
780,890,110,0.11,0.2660861866875803
728,864,136,0.136,0.41138556205804916
822,911,89,0.089,0.3866849584974299
744,872,128,0.128,0.2143353988191368
736,868,132,0.132,0.34518000619048794
676,838,162,0.162,0.2542839201149756
744,872,128,0.128,0.29418636119523617
750,875,125,0.125,0.2811732807327367
746,873,127,0.127,0.3182906188601691
768,884,116,0.116,0.2989076738385626
772,886,114,0.114,0.24959072413004538
810,905,95,0.095,0.30176038836793306
764,882,118,0.118,0.21778921854809938
772,886,114,0.114,0.44456264026934106
710,855,145,0.145,0.33112043081329784
742,871,129,0.129,0.3391188066225826
782,891,109,0.109,0.2983445108340032
746,873,127,0.127,0.22693469414762935
758,879,121,0.121,0.3096717654677115
718,859,141,0.141,0.12306940336665131
768,884,116,0.116,0.30407486277627227
734,867,133,0.133,0.18607234790242677
722,861,139,0.139,0.18807503476114276
728,864,136,0.136,0.21873833503486742
746,873,127,0.127,0.18947996452125454
778,889,111,0.111,0.21687153946705542
734,867,133,0.133,0.21529988200328265
704,852,148,0.148,0.1294168372549205
736,868,132,0.132,0.2855277411791401
764,882,118,0.118,0.28284200559077205
724,862,138,0.138,0.2269319736329885
702,851,149,0.149,0.3648088053031062
734,867,133,0.133,0.1433936719059865
768,884,116,0.116,0.20769080100152068
760,880,120,0.12,0.2677431987544862
790,895,105,0.105,0.31443472626503727
698,849,151,0.151,0.15887146515456396
780,890,110,0.11,0.2034806364719537
702,851,149,0.149,0.3912274058562031
752,876,124,0.124,0.27493217358217087
732,866,134,0.134,0.2131178725471961
768,884,116,0.116,0.23270223679070245
794,897,103,0.103,0.15538951316311575
740,870,130,0.13,0.34817584490210735
712,856,144,0.144,0.2255832982119019
700,850,150,0.15,0.16715684162351158
738,869,131,0.131,0.2142485704137535
776,888,112,0.112,0.2878940329674145
794,897,103,0.103,0.23007716903994754
750,875,125,0.125,0.4091085897351577
750,875,125,0.125,0.2439495144734773
798,899,101,0.101,0.1646431995037371
824,912,88,0.088,0.1683797331714036
680,840,160,0.16,0.40213743490292986
762,881,119,0.119,0.24913280480619718
754,877,123,0.123,0.1732512121201337
744,872,128,0.128,0.14075974349069947
658,829,171,0.171,0.3445966024811614
786,893,107,0.107,0.19515898744760432
814,907,93,0.093,0.1582223611328259
742,871,129,0.129,0.2766751441741944
698,849,151,0.151,0.20946363676483032
740,870,130,0.13,0.1941082762314432
770,885,115,0.115,0.3398018967845699
764,882,118,0.118,0.36721634111693857
758,879,121,0.121,0.3058997070651161
742,871,129,0.129,0.17257601039681908
790,895,105,0.105,0.15428144074443065
820,910,90,0.09,0.19678357928695595
732,866,134,0.134,0.14194632537403049
700,850,150,0.15,0.2073888368661092
672,836,164,0.164,0.3172037822188264
798,899,101,0.101,0.2761138331899614
734,867,133,0.133,0.2539009265640794
720,860,140,0.14,0.41196797853871214
768,884,116,0.116,0.28311202776570527
770,885,115,0.115,0.2588537934893383
744,872,128,0.128,0.1871598809074644
764,882,118,0.118,0.18814234513731384
726,863,137,0.137,0.1866665868306698
752,876,124,0.124,0.29251682810170726
750,875,125,0.125,0.16287832194428822
786,893,107,0.107,0.2006375017469378
764,882,118,0.118,0.24242340932676637
780,890,110,0.11,0.28856076400039615
786,893,107,0.107,0.29676468377904097
790,895,105,0.105,0.1902871207924381
808,904,96,0.096,0.2807813054978632
690,845,155,0.155,0.13780130970009377
752,876,124,0.124,0.19789770118727473
744,872,128,0.128,0.3153654541007686
760,880,120,0.12,0.19819405861980335
774,887,113,0.113,0.2337453015457586
716,858,142,0.142,0.22769996830758424
748,874,126,0.126,0.2586850862314944
768,884,116,0.116,0.21692610617429858
776,888,112,0.112,0.28768019559696417
770,885,115,0.115,0.27443856660333604
700,850,150,0.15,0.23838917152589947
740,870,130,0.13,0.30276688571484406
760,880,120,0.12,0.2408153984524585
720,860,140,0.14,0.23450889886075885
796,898,102,0.102,0.27606266162448456
780,890,110,0.11,0.12446986647641854
718,859,141,0.141,0.159089332253397
728,864,136,0.136,0.22966368890276853
752,876,124,0.124,0.3144232175443982
772,886,114,0.114,0.14417014156088612
746,873,127,0.127,0.25276233210993665
760,880,120,0.12,0.2238612399107066
714,857,143,0.143,0.10362716560820441
788,894,106,0.106,0.2651759371369109
770,885,115,0.115,0.312341186647287
726,863,137,0.137,0.263972160533082
790,895,105,0.105,0.2124812821357146
774,887,113,0.113,0.11961056431382006
758,879,121,0.121,0.21412057910358606
748,874,126,0.126,0.15197679516611834
752,876,124,0.124,0.19753490442550287
728,864,136,0.136,0.13628047254058795
710,855,145,0.145,0.1677377574484716
754,877,123,0.123,0.21228340546148053
720,860,140,0.14,0.3315935136363771
778,889,111,0.111,0.13500244669920125
780,890,110,0.11,0.16984316628900217
740,870,130,0.13,0.2918367002953477
780,890,110,0.11,0.19258373702180046
810,905,95,0.095,0.2745798706807738
814,907,93,0.093,0.2773064170890292
756,878,122,0.122,0.2140422662999088
758,879,121,0.121,0.2701631092156331
744,872,128,0.128,0.16897438950626797
788,894,106,0.106,0.18336778801842332
736,868,132,0.132,0.1638926064633538
742,871,129,0.129,0.23514547375458267
720,860,140,0.14,0.18302134523800612
800,900,100,0.1,0.14208241032922542
758,879,121,0.121,0.18989115356416994
806,903,97,0.097,0.22091444826572967
774,887,113,0.113,0.21506737112556057
798,899,101,0.101,0.11235377712790995
754,877,123,0.123,0.1156510425848135
780,890,110,0.11,0.14718016333491601
778,889,111,0.111,0.19219067651650568
774,887,113,0.113,0.26039341665450555
762,881,119,0.119,0.18928729813960182
720,860,140,0.14,0.09576207889558737
764,882,118,0.118,0.30025173511635234
784,892,108,0.108,0.20989361907418191
714,857,143,0.143,0.25553356815553313
814,907,93,0.093,0.3883924189101904
768,884,116,0.116,0.24129794999980828
770,885,115,0.115,0.2216214024972827
736,868,132,0.132,0.19321837951006696
774,887,113,0.113,0.1953290730423048
780,890,110,0.11,0.2134973617537557
724,862,138,0.138,0.19793651445664642
720,860,140,0.14,0.128223072358154
752,876,124,0.124,0.12438159384065478
786,893,107,0.107,0.06590714425283568
818,909,91,0.091,0.08969275589075833
766,883,117,0.117,0.2800845363662139
710,855,145,0.145,0.13487800365711128
766,883,117,0.117,0.19057579411219586
812,906,94,0.094,0.1836771890599161
810,905,95,0.095,0.22163508363437182
756,878,122,0.122,0.2648989927326585
762,881,119,0.119,0.13612327132759475
738,869,131,0.131,0.19918551103387738
748,874,126,0.126,0.12424397727158124
744,872,128,0.128,0.27156594330814976
752,876,124,0.124,0.1832255080289405
782,891,109,0.109,0.15694617290768223
738,869,131,0.131,0.15453348812092166
788,894,106,0.106,0.2555107698298506
774,887,113,0.113,0.24188926893304613
810,905,95,0.095,0.20771479046318114
742,871,129,0.129,0.13807690645345025
708,854,146,0.146,0.1113326613283312
736,868,132,0.132,0.13631949692633774
750,875,125,0.125,0.18106127533213628
812,906,94,0.094,0.21665242120158978
794,897,103,0.103,0.25956787356955946
760,880,120,0.12,0.20606593720673153
748,874,126,0.126,0.13989578113123088
796,898,102,0.102,0.36108671185777497
790,895,105,0.105,0.3094467181484471
714,857,143,0.143,0.17499778481622372
824,912,88,0.088,0.14009149149025046
716,858,142,0.142,0.3271289862427267
808,904,96,0.096,0.20773766490308948
718,859,141,0.141,0.2017812092667674
756,878,122,0.122,0.10667607515425213
798,899,101,0.101,0.1184750561899777
716,858,142,0.142,0.2613358313976463
788,894,106,0.106,0.09267544770800425
738,869,131,0.131,0.12107914912851213
714,857,143,0.143,0.26182521953429627
778,889,111,0.111,0.11331915695360785
826,913,87,0.087,0.1537661417846088
766,883,117,0.117,0.10511303230279727
760,880,120,0.12,0.1706194643243626
728,864,136,0.136,0.11293210708309719
788,894,106,0.106,0.11757083407263699
806,903,97,0.097,0.2101987857232545
694,847,153,0.153,0.13748840277012117
782,891,109,0.109,0.1930327790991659
790,895,105,0.105,0.17760407371464135
780,890,110,0.11,0.11527737963642033
734,867,133,0.133,0.21994748251537397
734,867,133,0.133,0.21733946046079028
782,891,109,0.109,0.17319102635941505
788,894,106,0.106,0.14266632350311048
758,879,121,0.121,0.14341574800696366
776,888,112,0.112,0.17063325910677066
796,898,102,0.102,0.19338169097116206
790,895,105,0.105,0.11793782443693299
796,898,102,0.102,0.15205479605519
818,909,91,0.091,0.17689786014086933
790,895,105,0.105,0.222532443131906
768,884,116,0.116,0.1960100815156724
734,867,133,0.133,0.0756466244592751
770,885,115,0.115,0.17491513096765407
804,902,98,0.098,0.08300807984448742
778,889,111,0.111,0.16812382302102538
760,880,120,0.12,0.06054095606688753
740,870,130,0.13,0.1739196372636114
764,882,118,0.118,0.10980524647548758
730,865,135,0.135,0.2148029061329621
800,900,100,0.1,0.11493939321508599
736,868,132,0.132,0.16420876010684643
762,881,119,0.119,0.09126490492089062
674,837,163,0.163,0.249568527624595
746,873,127,0.127,0.07842857109440322
730,865,135,0.135,0.21152481557557587
752,876,124,0.124,0.10673883668537934
768,884,116,0.116,0.19073755436581658
726,863,137,0.137,0.08377813128003998
728,864,136,0.136,0.1717587863287265
766,883,117,0.117,0.11326276838747111
710,855,145,0.145,0.1535531884296837
798,899,101,0.101,0.16887848050433382
812,906,94,0.094,0.19375924407411582
794,897,103,0.103,0.16128711260984305
800,900,100,0.1,0.1982894953268493
754,877,123,0.123,0.27821339149026414
708,854,146,0.146,0.10913834287434065
744,872,128,0.128,0.09785623169951671
724,862,138,0.138,0.20323296785484063
744,872,128,0.128,0.1236135217137779
782,891,109,0.109,0.1291234536584508
758,879,121,0.121,0.10941304087187871
820,910,90,0.09,0.21417494718783645
698,849,151,0.151,0.20017894264642477
760,880,120,0.12,0.18262602946166964
736,868,132,0.132,0.15318395078071115
720,860,140,0.14,0.21023906883683055
748,874,126,0.126,0.1664140817103028
794,897,103,0.103,0.2023894833551563
764,882,118,0.118,0.11165022715790786
806,903,97,0.097,0.1059970248109192
746,873,127,0.127,0.10889854047755657
734,867,133,0.133,0.17131145280434987
812,906,94,0.094,0.07832305227402502
724,862,138,0.138,0.06828174626077553
790,895,105,0.105,0.20634939681831196
774,887,113,0.113,0.15184984231740936
736,868,132,0.132,0.08056883058969692
730,865,135,0.135,0.18754000215921598
772,886,114,0.114,0.13770856923559932
714,857,143,0.143,0.2171100936212199
728,864,136,0.136,0.13568770649529405
794,897,103,0.103,0.20548378091961592
756,878,122,0.122,0.10962212415293451
734,867,133,0.133,0.11938063689634416
782,891,109,0.109,0.1325408137017916
758,879,121,0.121,0.08318791224377962
694,847,153,0.153,0.09681707928935238
840,920,80,0.08,0.146228370084208
728,864,136,0.136,0.18671283290513044
762,881,119,0.119,0.15238319397567507
712,856,144,0.144,0.1046571182845252
806,903,97,0.097,0.1318639764715338
686,843,157,0.157,0.15071986981956306
740,870,130,0.13,0.26655980759540043
752,876,124,0.124,0.10524008216157404
778,889,111,0.111,0.11601276040272292
744,872,128,0.128,0.13124729995334827
756,878,122,0.122,0.11932330697501899
794,897,103,0.103,0.321381413797196
794,897,103,0.103,0.17707838028354234
748,874,126,0.126,0.16046599483079682
744,872,128,0.128,0.19619119446237085
784,892,108,0.108,0.10366120684346547
800,900,100,0.1,0.14771445440803319
772,886,114,0.114,0.07771774085500338
714,857,143,0.143,0.11390250668590496
740,870,130,0.13,0.14682779758546463
774,887,113,0.113,0.15862689839198782
828,914,86,0.086,0.15996936152813396
746,873,127,0.127,0.17790507306640604
810,905,95,0.095,0.15945733144542568
764,882,118,0.118,0.13400932012281247
784,892,108,0.108,0.14737359631169955
752,876,124,0.124,0.1713837058857871
774,887,113,0.113,0.1602283448464978
770,885,115,0.115,0.1995637116832944
796,898,102,0.102,0.13297090233945721
790,895,105,0.105,0.31396652405432257
812,906,94,0.094,0.1903848497287813
810,905,95,0.095,0.11095320463202034
754,877,123,0.123,0.16814205586320538
738,869,131,0.131,0.17566412528563796
760,880,120,0.12,0.20103364566831497
782,891,109,0.109,0.08897609361243732
762,881,119,0.119,0.2384563677278987
752,876,124,0.124,0.17564453626263152
804,902,98,0.098,0.11629057971664333
768,884,116,0.116,0.17431735037678284
818,909,91,0.091,0.22096779024955782
820,910,90,0.09,0.18340718874241604
774,887,113,0.113,0.1340467925135568
782,891,109,0.109,0.1752600552824195
718,859,141,0.141,0.1241397724294436
754,877,123,0.123,0.18880424605271032
734,867,133,0.133,0.16732474800359012
770,885,115,0.115,0.12174992066339684
768,884,116,0.116,0.21000417556406598
806,903,97,0.097,0.14830618640549723
764,882,118,0.118,0.21630802544101202
778,889,111,0.111,0.15562563449685604
750,875,125,0.125,0.21535044663640993
758,879,121,0.121,0.16767689858875975
840,920,80,0.08,0.11738705400211076
814,907,93,0.093,0.16621986383170037
768,884,116,0.116,0.11893597490347418
732,866,134,0.134,0.20527022824213992
754,877,123,0.123,0.10089746107112513
696,848,152,0.152,0.1452933016085531
704,852,148,0.148,0.12792817100054657
738,869,131,0.131,0.2910682526509228
792,896,104,0.104,0.10071539902216012
776,888,112,0.112,0.13984093595012625
758,879,121,0.121,0.21112244189859383
794,897,103,0.103,0.12952350598681897
700,850,150,0.15,0.1265692420984283
758,879,121,0.121,0.13992768293604393
746,873,127,0.127,0.1551949591965329
808,904,96,0.096,0.08109793494530192
766,883,117,0.117,0.18273769626242772
742,871,129,0.129,0.09882586281187361
780,890,110,0.11,0.24179328792967822
746,873,127,0.127,0.19267248720047025
804,902,98,0.098,0.16294071899161136
756,878,122,0.122,0.20865154308610492
808,904,96,0.096,0.17197536061088045
740,870,130,0.13,0.15936421600822906
718,859,141,0.141,0.09132668195981612
712,856,144,0.144,0.11869357583497399
782,891,109,0.109,0.17169741911965627
836,918,82,0.082,0.164892527999118
790,895,105,0.105,0.16341561541554966
682,841,159,0.159,0.2615707095827288
802,901,99,0.099,0.19200124807341873
796,898,102,0.102,0.12015688174153022
742,871,129,0.129,0.16743585216307383
714,857,143,0.143,0.1771412304144123
706,853,147,0.147,0.17192073455339887
752,876,124,0.124,0.1507336156438418
776,888,112,0.112,0.2173915870714922
760,880,120,0.12,0.13240472862409292
790,895,105,0.105,0.14978937152517108
780,890,110,0.11,0.1384023145283655
818,909,91,0.091,0.1385167131976234
788,894,106,0.106,0.17881730392667416
784,892,108,0.108,0.13933417784348887
756,878,122,0.122,0.11604314646555038
736,868,132,0.132,0.1476998696567029
720,860,140,0.14,0.18035466801956113
704,852,148,0.148,0.13669557949829864
792,896,104,0.104,0.11998741474933555
686,843,157,0.157,0.14463100643191265
790,895,105,0.105,0.11690163746203554
764,882,118,0.118,0.19170555681264534
742,871,129,0.129,0.1006082311916053
744,872,128,0.128,0.24604129830293034
710,855,145,0.145,0.0816802995905527
728,864,136,0.136,0.1409138851101613
776,888,112,0.112,0.0993853476749641
734,867,133,0.133,0.2537190892128012
762,881,119,0.119,0.2659778365696459
770,885,115,0.115,0.1485170155947355
794,897,103,0.103,0.26769415504930727
738,869,131,0.131,0.08201059764816726
756,878,122,0.122,0.25128077617332933
744,872,128,0.128,0.08892783902210155
790,895,105,0.105,0.11952350968910962
716,858,142,0.142,0.14805259741688723
772,886,114,0.114,0.11403229248388934
792,896,104,0.104,0.05582882164718508
814,907,93,0.093,0.12107332299843326
754,877,123,0.123,0.12114827625965759
788,894,106,0.106,0.1079090334455449
748,874,126,0.126,0.16086933788281163
810,905,95,0.095,0.1499239401922318
798,899,101,0.101,0.1664225714198185
752,876,124,0.124,0.1840383088864211
782,891,109,0.109,0.15293203073028053
740,870,130,0.13,0.08936410564738229
798,899,101,0.101,0.18224193069860753
774,887,113,0.113,0.1396166819622888
716,858,142,0.142,0.19359175826564234
714,857,143,0.143,0.10321498297945846
760,880,120,0.12,0.13741515224939604
764,882,118,0.118,0.08067260670616744
734,867,133,0.133,0.14716195147208394
762,881,119,0.119,0.14736906954266799
728,864,136,0.136,0.08400212059780286
728,864,136,0.136,0.0855973678492169
794,897,103,0.103,0.1552692228218665
748,874,126,0.126,0.2687565912530722
770,885,115,0.115,0.1675468644291089
812,906,94,0.094,0.15962869435163288
738,869,131,0.131,0.25459262705493113
808,904,96,0.096,0.12698399612225472
740,870,130,0.13,0.15413780493900545
806,903,97,0.097,0.10084421070520508
836,918,82,0.082,0.12039520313910129
764,882,118,0.118,0.11275200446045439
752,876,124,0.124,0.26618118301250726
756,878,122,0.122,0.15106892637239036
740,870,130,0.13,0.1795118398099666
726,863,137,0.137,0.24707149266854486
750,875,125,0.125,0.1999957843982039
786,893,107,0.107,0.14751557153716666
762,881,119,0.119,0.15177075853103933
738,869,131,0.131,0.17240293995741326
794,897,103,0.103,0.1498548213089937
790,895,105,0.105,0.24640924392025254
742,871,129,0.129,0.2659287682049171
804,902,98,0.098,0.1869978316351607
744,872,128,0.128,0.19968606921791968
772,886,114,0.114,0.17282942344334226
792,896,104,0.104,0.1829729440102225
782,891,109,0.109,0.11626637234159334
736,868,132,0.132,0.11580978581021731
776,888,112,0.112,0.10560832958400398
788,894,106,0.106,0.1814478393400625
736,868,132,0.132,0.05829253037791682
720,860,140,0.14,0.14140147313271645
840,920,80,0.08,0.161344673490523
750,875,125,0.125,0.12891776209198466
684,842,158,0.158,0.15637671372327094
762,881,119,0.119,0.304827329022161
746,873,127,0.127,0.17136766278635934
708,854,146,0.146,0.2028022562540912
822,911,89,0.089,0.16544354217751864
760,880,120,0.12,0.1485575431787423
738,869,131,0.131,0.1354232689751768
792,896,104,0.104,0.14671438748343774
694,847,153,0.153,0.2660945912490751
776,888,112,0.112,0.09979781743302697
738,869,131,0.131,0.11323021289000831
776,888,112,0.112,0.0835589104202474
786,893,107,0.107,0.26067374544131977
754,877,123,0.123,0.15192487572465632
782,891,109,0.109,0.12395075760629061
762,881,119,0.119,0.140111347606499
768,884,116,0.116,0.12275938457592983
754,877,123,0.123,0.15373895758797682
762,881,119,0.119,0.11789232823020962
746,873,127,0.127,0.13479374241659248
714,857,143,0.143,0.13773368934740354
750,875,125,0.125,0.0969260236902877
788,894,106,0.106,0.08696770022814698
736,868,132,0.132,0.14134397475349056
788,894,106,0.106,0.07969803520354148
822,911,89,0.089,0.1549686735906031
780,890,110,0.11,0.09332303105227545
766,883,117,0.117,0.21288499179403061
774,887,113,0.113,0.14762464981478865
742,871,129,0.129,0.23431101653229988
768,884,116,0.116,0.09413255392600323
730,865,135,0.135,0.21348622835756004
824,912,88,0.088,0.13543910157555575
736,868,132,0.132,0.3659614234013532
766,883,117,0.117,0.1484327568878877
746,873,127,0.127,0.2238841619524446
808,904,96,0.096,0.18636634794465345
774,887,113,0.113,0.16807648725829166
794,897,103,0.103,0.08295714537700898
768,884,116,0.116,0.1376242908434183
754,877,123,0.123,0.08741230080866115
766,883,117,0.117,0.1188600895545911
692,846,154,0.154,0.16421013086987787
780,890,110,0.11,0.11761404079309229
796,898,102,0.102,0.10364489090853526
766,883,117,0.117,0.1694025839530393
734,867,133,0.133,0.22896821320232724
764,882,118,0.118,0.15408003786974234
726,863,137,0.137,0.0852743366191437
828,914,86,0.086,0.23633366174405393
714,857,143,0.143,0.11091147368210975
788,894,106,0.106,0.1879992267494549
726,863,137,0.137,0.1370103296441364
730,865,135,0.135,0.11719962142839371
780,890,110,0.11,0.1243647237120676
758,879,121,0.121,0.06577865314027666
714,857,143,0.143,0.1748359603044556
752,876,124,0.124,0.17575100930626933
842,921,79,0.079,0.15580574176876802
748,874,126,0.126,0.27005559324478556
678,839,161,0.161,0.15781900688802086
768,884,116,0.116,0.14432116653693958
756,878,122,0.122,0.1193324917249869
766,883,117,0.117,0.09109049873767888
786,893,107,0.107,0.13406353169344298
786,893,107,0.107,0.1252146775799229
784,892,108,0.108,0.09928473628596637
742,871,129,0.129,0.16020136108003782
776,888,112,0.112,0.13564115319386919
720,860,140,0.14,0.20205634655892618
772,886,114,0.114,0.10718532510424292
758,879,121,0.121,0.09908568946809247
790,895,105,0.105,0.10456883423236242
758,879,121,0.121,0.1028698353897174
722,861,139,0.139,0.17589464550980893
776,888,112,0.112,0.09733998203428632
718,859,141,0.141,0.15628214155347592
774,887,113,0.113,0.12398976104533387
736,868,132,0.132,0.11477899314280944
722,861,139,0.139,0.1433413871422049
748,874,126,0.126,0.10464612422430451
782,891,109,0.109,0.20286126454279924
782,891,109,0.109,0.15208693791685277
742,871,129,0.129,0.25709967202997513
816,908,92,0.092,0.10755404267737888
766,883,117,0.117,0.10546174231493177
720,860,140,0.14,0.15700121266381917
772,886,114,0.114,0.1492971887261363
792,896,104,0.104,0.10129085328065583
788,894,106,0.106,0.18418677479791615
812,906,94,0.094,0.14468355924722454
730,865,135,0.135,0.12918696604229904
740,870,130,0.13,0.28404562636743985
738,869,131,0.131,0.10673808848150663
746,873,127,0.127,0.22650662494161297
806,903,97,0.097,0.10815184762165664
750,875,125,0.125,0.20844035970403121
750,875,125,0.125,0.16345971064669074
790,895,105,0.105,0.16690309949489943
798,899,101,0.101,0.10694750971191443
822,911,89,0.089,0.07876625389576093
746,873,127,0.127,0.14422322491997228
794,897,103,0.103,0.12920093261956275
792,896,104,0.104,0.14350525441795184
766,883,117,0.117,0.13086597316888438
738,869,131,0.131,0.12934520187501056
764,882,118,0.118,0.13256148204373092
664,832,168,0.168,0.10291391411590246
830,915,85,0.085,0.17498014317330543
770,885,115,0.115,0.12044550534735297
734,867,133,0.133,0.21406747630002093
808,904,96,0.096,0.14219866754167498
824,912,88,0.088,0.09794305923419688
744,872,128,0.128,0.08730780834787559
762,881,119,0.119,0.2141462921334719
738,869,131,0.131,0.18016965933620382
708,854,146,0.146,0.1573767784207065
792,896,104,0.104,0.12249870703045491
758,879,121,0.121,0.08550839414623175
804,902,98,0.098,0.11208301486008586
764,882,118,0.118,0.1945031759452636
816,908,92,0.092,0.11754161347454899
722,861,139,0.139,0.05988728397973912
676,838,162,0.162,0.13909834572945756
780,890,110,0.11,0.14615395719931798
756,878,122,0.122,0.07289879454493993
722,861,139,0.139,0.262000149970339
714,857,143,0.143,0.14965224613541375
758,879,121,0.121,0.10354773330415983
806,903,97,0.097,0.14598062202043716
774,887,113,0.113,0.07901055137815526
770,885,115,0.115,0.1462848763804201
716,858,142,0.142,0.13520831967122887
778,889,111,0.111,0.12869754994880947
738,869,131,0.131,0.1695849466374504
742,871,129,0.129,0.15221517764972475
758,879,121,0.121,0.21015706874922108
732,866,134,0.134,0.2034960795246405
808,904,96,0.096,0.12474601678062903
762,881,119,0.119,0.1414869429285734
778,889,111,0.111,0.18636994398327095
808,904,96,0.096,0.2587799536686343
760,880,120,0.12,0.10006329109293047
756,878,122,0.122,0.13353686361756678
730,865,135,0.135,0.09455446751354038
728,864,136,0.136,0.2967530607889421
784,892,108,0.108,0.14363339258258231
730,865,135,0.135,0.2352433544173905
750,875,125,0.125,0.0942847223977185
832,916,84,0.084,0.10753749020860214
756,878,122,0.122,0.05420455240943947
754,877,123,0.123,0.24490638569918713
804,902,98,0.098,0.08679332172524912
804,902,98,0.098,0.10190163389825643
754,877,123,0.123,0.18139386075393674
744,872,128,0.128,0.11384203189357998
758,879,121,0.121,0.0982875353258307
710,855,145,0.145,0.15585882783085941
718,859,141,0.141,0.19640595879743528
732,866,134,0.134,0.17062231221070936
776,888,112,0.112,0.13624592182891668
742,871,129,0.129,0.06521953393148736
744,872,128,0.128,0.09370428678714461
740,870,130,0.13,0.15796507425379724
690,845,155,0.155,0.07536084463163487
754,877,123,0.123,0.11453453894553993
814,907,93,0.093,0.12507624359126887
774,887,113,0.113,0.21198879576149696
756,878,122,0.122,0.034210240349820537
762,881,119,0.119,0.11655474763966053
752,876,124,0.124,0.07909268050961912
726,863,137,0.137,0.09510326105672637
798,899,101,0.101,0.07759024350693326
766,883,117,0.117,0.12050175838985483
790,895,105,0.105,0.1468177713524065
714,857,143,0.143,0.2276758242751537
760,880,120,0.12,0.11084926102102079
718,859,141,0.141,0.14378475345475658
774,887,113,0.113,0.17748496189809906
794,897,103,0.103,0.1363415301709888
752,876,124,0.124,0.08884575121255689
722,861,139,0.139,0.09071620460115133
782,891,109,0.109,0.0981109731915415
732,866,134,0.134,0.128482640913564
762,881,119,0.119,0.05568048647215363
708,854,146,0.146,0.05733558544451465
830,915,85,0.085,0.11654607239097622
774,887,113,0.113,0.1469303690960123
732,866,134,0.134,0.20571934909378964
778,889,111,0.111,0.11315866152027479
778,889,111,0.111,0.19087023421879376
770,885,115,0.115,0.09751555518979162
764,882,118,0.118,0.10492737029049773
722,861,139,0.139,0.08647276274914044
734,867,133,0.133,0.18366281829219078
758,879,121,0.121,0.17315770436091601
766,883,117,0.117,0.12253035581089888
790,895,105,0.105,0.14176601856606452
732,866,134,0.134,0.15247624309874153
692,846,154,0.154,0.14428534163537837
768,884,116,0.116,0.11344004793378103
698,849,151,0.151,0.08252017628440131
788,894,106,0.106,0.1398590176757332
770,885,115,0.115,0.15967067914130104
852,926,74,0.074,0.13584049030199133
764,882,118,0.118,0.08196587835349968
840,920,80,0.08,0.15762411354082256
708,854,146,0.146,0.10872317976383307
672,836,164,0.164,0.09456957877060652
816,908,92,0.092,0.06419510009394484
724,862,138,0.138,0.07206816344260582
770,885,115,0.115,0.10253160125280501
790,895,105,0.105,0.10443854281451284
724,862,138,0.138,0.04614806170366258
806,903,97,0.097,0.162860186570937
782,891,109,0.109,0.07624114229602798
736,868,132,0.132,0.11291319490281344
750,875,125,0.125,0.11096744761737204
752,876,124,0.124,0.12060983323040539
786,893,107,0.107,0.11947142664901889
730,865,135,0.135,0.1228161403485784
796,898,102,0.102,0.11376093032730099
670,835,165,0.165,0.08758718852283462
732,866,134,0.134,0.09345657945565997
752,876,124,0.124,0.05725498033939465
792,896,104,0.104,0.1696810606487759
732,866,134,0.134,0.0841978699388583
762,881,119,0.119,0.15716423219356015
786,893,107,0.107,0.19369738265292563
814,907,93,0.093,0.06643751200668706
680,840,160,0.16,0.042285201760896854
696,848,152,0.152,0.15712973316489445
742,871,129,0.129,0.2079339498607785
762,881,119,0.119,0.08060458776411834
830,915,85,0.085,0.08724554466131747
826,913,87,0.087,0.21200515724058794
730,865,135,0.135,0.14824612520822858
736,868,132,0.132,0.13461186492557614
760,880,120,0.12,0.15933528806404873
778,889,111,0.111,0.09679940039476874
778,889,111,0.111,0.13632379384504645
734,867,133,0.133,0.18530956936909349
788,894,106,0.106,0.13135549876155905
738,869,131,0.131,0.07959793300717014
802,901,99,0.099,0.13841802942145812
716,858,142,0.142,0.10497263742090399
788,894,106,0.106,0.09657793064378468
788,894,106,0.106,0.09439199120691089
768,884,116,0.116,0.1110516292203701
784,892,108,0.108,0.08095561530833983
774,887,113,0.113,0.14590843744085075
730,865,135,0.135,0.13052645485250042
742,871,129,0.129,0.13766876928739746
798,899,101,0.101,0.06465836344928064
692,846,154,0.154,0.1798417630648409
726,863,137,0.137,0.08581515949164797
744,872,128,0.128,0.13195841066008768
774,887,113,0.113,0.05914710125562489
820,910,90,0.09,0.18250916732403705
714,857,143,0.143,0.13469333318332974
742,871,129,0.129,0.16340721065463243
744,872,128,0.128,0.09482248573090632
802,901,99,0.099,0.08750699322387771
748,874,126,0.126,0.16931079640430707
806,903,97,0.097,0.13104374653314033
740,870,130,0.13,0.08970183899870524
836,918,82,0.082,0.11779660422455761
740,870,130,0.13,0.10794317990654999
780,890,110,0.11,0.11544474823669072
706,853,147,0.147,0.09245405973069726
788,894,106,0.106,0.17111157783554867
764,882,118,0.118,0.12905797516421819
764,882,118,0.118,0.12473860804033884
784,892,108,0.108,0.14826244242634426
760,880,120,0.12,0.13294396454961924
774,887,113,0.113,0.11726390363069338
746,873,127,0.127,0.08087206147722466
746,873,127,0.127,0.1358160226074945
736,868,132,0.132,0.16432648092908458
736,868,132,0.132,0.0855509754305507
762,881,119,0.119,0.08557758456456445
786,893,107,0.107,0.14006030106071052
816,908,92,0.092,0.16163055635300333
728,864,136,0.136,0.17282676938729274
808,904,96,0.096,0.10310404392905205
734,867,133,0.133,0.05343489236321031
720,860,140,0.14,0.0689440095358775
742,871,129,0.129,0.16343345146665728
764,882,118,0.118,0.08717620699102023
796,898,102,0.102,0.2132036942691639
742,871,129,0.129,0.17402853923896072
776,888,112,0.112,0.0707045301698493
796,898,102,0.102,0.11048761043141482
744,872,128,0.128,0.08816137663914575
768,884,116,0.116,0.11754838354454385
776,888,112,0.112,0.08240551668815015
760,880,120,0.12,0.14305460582577564
786,893,107,0.107,0.14875173368451178
772,886,114,0.114,0.13025908521435486
736,868,132,0.132,0.14500932946393938
830,915,85,0.085,0.12298863942001566
748,874,126,0.126,0.102233099873618
760,880,120,0.12,0.1275559657704024
762,881,119,0.119,0.1605806690507211
746,873,127,0.127,0.12147858922370729
738,869,131,0.131,0.13606843669434046
764,882,118,0.118,0.12216339311084992
754,877,123,0.123,0.17945489054369124
776,888,112,0.112,0.11785991926316053
798,899,101,0.101,0.12681275286771032
770,885,115,0.115,0.05891875517635131
694,847,153,0.153,0.13586161910482253
770,885,115,0.115,0.13148059904153803
824,912,88,0.088,0.13578079328639486
736,868,132,0.132,0.21139409708087656
816,908,92,0.092,0.09858865362971854
752,876,124,0.124,0.1343666915220025
774,887,113,0.113,0.1316677778597544
784,892,108,0.108,0.19275889256440934
704,852,148,0.148,0.056847355646514684
748,874,126,0.126,0.07505456385127252
758,879,121,0.121,0.10705307552800701
764,882,118,0.118,0.08931725155426248
736,868,132,0.132,0.19025277122624198
802,901,99,0.099,0.26510999786914885
730,865,135,0.135,0.19438931496691567
760,880,120,0.12,0.0899188525545774
776,888,112,0.112,0.1101082935919915
778,889,111,0.111,0.11129867229233589
776,888,112,0.112,0.07401826203099846
796,898,102,0.102,0.09419228370704644
810,905,95,0.095,0.11614618154665597
722,861,139,0.139,0.1480455648279498
786,893,107,0.107,0.11090961287345122
772,886,114,0.114,0.06490250419682322
734,867,133,0.133,0.11929111754376717
796,898,102,0.102,0.16548441379012876
720,860,140,0.14,0.16657124578465188
752,876,124,0.124,0.10758570330636678
760,880,120,0.12,0.07758362950033569
784,892,108,0.108,0.09891176397670629
744,872,128,0.128,0.0545480006795451
702,851,149,0.149,0.2180449271691565
764,882,118,0.118,0.09379642317451423
794,897,103,0.103,0.08161772058141387
724,862,138,0.138,0.13813148137555703
764,882,118,0.118,0.12907567497052536
730,865,135,0.135,0.04756051172211309
744,872,128,0.128,0.1340865549456717
712,856,144,0.144,0.1082671211102814
760,880,120,0.12,0.12091285134788843
816,908,92,0.092,0.09222849600822745
766,883,117,0.117,0.05526165034544375
794,897,103,0.103,0.08313357112660942
762,881,119,0.119,0.08770429651117931
842,921,79,0.079,0.09020604001918177
752,876,124,0.124,0.1014972657132073
778,889,111,0.111,0.09870053310293857
724,862,138,0.138,0.05690887934991612
772,886,114,0.114,0.09120812705861403
728,864,136,0.136,0.09397641377369363
776,888,112,0.112,0.04503820125443572
854,927,73,0.073,0.1334618041065102
772,886,114,0.114,0.09161410417290232
774,887,113,0.113,0.13367014592210721
786,893,107,0.107,0.1493550409265667
830,915,85,0.085,0.09586473698845915
766,883,117,0.117,0.06888531777980332
796,898,102,0.102,0.05920103990261011
776,888,112,0.112,0.08264992082860097
752,876,124,0.124,0.11126670475802546
768,884,116,0.116,0.09660405311013737
800,900,100,0.1,0.12811792710661213
746,873,127,0.127,0.11497049254721826
754,877,123,0.123,0.12376189204052246
792,896,104,0.104,0.10667141290882795
826,913,87,0.087,0.09125161134184546
814,907,93,0.093,0.09591279534845472
752,876,124,0.124,0.10894343172049611
802,901,99,0.099,0.08320313605490419
744,872,128,0.128,0.04175013383699309
776,888,112,0.112,0.06585343388498995
804,902,98,0.098,0.058798663370688856
814,907,93,0.093,0.07278460345563373
748,874,126,0.126,0.07585138986891404
756,878,122,0.122,0.10906933537238854
754,877,123,0.123,0.17207701046563495
834,917,83,0.083,0.11773700081254426
814,907,93,0.093,0.10633523248567374
784,892,108,0.108,0.12633529107190633
846,923,77,0.077,0.0765449530877311
704,852,148,0.148,0.08275130054615785
822,911,89,0.089,0.16095256217547024
762,881,119,0.119,0.09504579170675533
778,889,111,0.111,0.10058728007557158
750,875,125,0.125,0.10123878938592398
760,880,120,0.12,0.05024396185539099
758,879,121,0.121,0.09610226323011474
738,869,131,0.131,0.10101640440028087
794,897,103,0.103,0.12085456215679963
742,871,129,0.129,0.19126355481398064
792,896,104,0.104,0.10903278666335366
740,870,130,0.13,0.08483565085976326
806,903,97,0.097,0.14372245935335506
780,890,110,0.11,0.06631183276351044
716,858,142,0.142,0.08086711645640568
830,915,85,0.085,0.11639758154079932
760,880,120,0.12,0.12211154113673638
808,904,96,0.096,0.09056517504570111
802,901,99,0.099,0.21278109276878973
734,867,133,0.133,0.12689935857351567
788,894,106,0.106,0.07837859730792662
776,888,112,0.112,0.08401817736509182
792,896,104,0.104,0.10208662867863108
762,881,119,0.119,0.13043280084197453
834,917,83,0.083,0.15211924484026654
742,871,129,0.129,0.17637644738211253
778,889,111,0.111,0.07997291402792359
742,871,129,0.129,0.16654176068968213
760,880,120,0.12,0.07215842616775098
766,883,117,0.117,0.09955986300359558
744,872,128,0.128,0.1579632817915762
782,891,109,0.109,0.10850743631097691
746,873,127,0.127,0.054208792990490424
744,872,128,0.128,0.12601318407802506
720,860,140,0.14,0.08863759269944974
798,899,101,0.101,0.10731522126773921
690,845,155,0.155,0.1238597478683107
796,898,102,0.102,0.04010840338397847
724,862,138,0.138,0.08384081132361863
766,883,117,0.117,0.17067798077987123
770,885,115,0.115,0.12605898457730258
768,884,116,0.116,0.08577332025176089
736,868,132,0.132,0.08234029209258392
782,891,109,0.109,0.08070897420752322
756,878,122,0.122,0.06155166701523991
776,888,112,0.112,0.14426090429311375
728,864,136,0.136,0.12330702380036426
842,921,79,0.079,0.11577875766461508
780,890,110,0.11,0.10601928296117008
736,868,132,0.132,0.22756838445858005
772,886,114,0.114,0.17765227625273064
790,895,105,0.105,0.054562038625574134
720,860,140,0.14,0.10660151638893003
718,859,141,0.141,0.13113099242366003
738,869,131,0.131,0.10752359255541465
762,881,119,0.119,0.09105558722427919
760,880,120,0.12,0.057464980911115744
714,857,143,0.143,0.06998603913480762
740,870,130,0.13,0.05448014865900448
742,871,129,0.129,0.10335427343157576
766,883,117,0.117,0.06266867420100794
676,838,162,0.162,0.03638346385807132
772,886,114,0.114,0.05193210154798153
752,876,124,0.124,0.06942458783113221
754,877,123,0.123,0.08783632719364114
718,859,141,0.141,0.15016562812938075
794,897,103,0.103,0.10705826780116728
714,857,143,0.143,0.047978532810902835
760,880,120,0.12,0.10425548504651569
768,884,116,0.116,0.14793267825522752
714,857,143,0.143,0.11294280990714904
730,865,135,0.135,0.13441992729096455
726,863,137,0.137,0.1540679050510169
786,893,107,0.107,0.05713368045643928
784,892,108,0.108,0.19001878896550692
822,911,89,0.089,0.070219906925761
764,882,118,0.118,0.10339410782147374
704,852,148,0.148,0.09738478770587577
794,897,103,0.103,0.12386041860991236
724,862,138,0.138,0.10313977277074785
806,903,97,0.097,0.1510135247535463
760,880,120,0.12,0.1013548214133256
784,892,108,0.108,0.08983469719918252
784,892,108,0.108,0.11718840134109593
694,847,153,0.153,0.120451769722432
736,868,132,0.132,0.1765490315341978
776,888,112,0.112,0.11856123110992262
766,883,117,0.117,0.17825277239557555
760,880,120,0.12,0.08951462864643504
792,896,104,0.104,0.12657637820775758
780,890,110,0.11,0.08170262953313676
772,886,114,0.114,0.11749182767687212
784,892,108,0.108,0.0992001570916869
780,890,110,0.11,0.08524024777872505
766,883,117,0.117,0.08679582641550956
768,884,116,0.116,0.06562699572474508
768,884,116,0.116,0.055703928369405076
812,906,94,0.094,0.12266719081735487
692,846,154,0.154,0.08415768995852264
784,892,108,0.108,0.15947708025043686
770,885,115,0.115,0.06762510711655749
772,886,114,0.114,0.21437946813628156
744,872,128,0.128,0.14075259947657953
792,896,104,0.104,0.08842970998010394
748,874,126,0.126,0.06235013192723751
744,872,128,0.128,0.1352689397780281
774,887,113,0.113,0.1311023380667988
736,868,132,0.132,0.12067365058471763
770,885,115,0.115,0.13124408635681553
766,883,117,0.117,0.11534422018470458
814,907,93,0.093,0.1231742079541033
804,902,98,0.098,0.12255066126632871
778,889,111,0.111,0.1947580502392388
778,889,111,0.111,0.2124548283244917
758,879,121,0.121,0.09426484892813472
792,896,104,0.104,0.0740238347332472
758,879,121,0.121,0.11658483499484903
786,893,107,0.107,0.14778525066103423
734,867,133,0.133,0.10935406338838836
748,874,126,0.126,0.11493014202106383
790,895,105,0.105,0.11387069090352948
856,928,72,0.072,0.18175687509694252
748,874,126,0.126,0.11480154702272576
762,881,119,0.119,0.07390375560677495
752,876,124,0.124,0.15809721266535848
782,891,109,0.109,0.10618851926228783
820,910,90,0.09,0.0709288865663989
706,853,147,0.147,0.0918841815476514
830,915,85,0.085,0.10663631183726334
778,889,111,0.111,0.1783900924451349
802,901,99,0.099,0.1710650744145823
812,906,94,0.094,0.08834754550537285
758,879,121,0.121,0.09229211542089169
748,874,126,0.126,0.07248322114752287
800,900,100,0.1,0.13570847087054974
676,838,162,0.162,0.1434232377933598
800,900,100,0.1,0.13817201235598753
754,877,123,0.123,0.11394932698829774
746,873,127,0.127,0.12173827695523223
742,871,129,0.129,0.10499863438442342
758,879,121,0.121,0.1401480238985905
812,906,94,0.094,0.10600099435913778
708,854,146,0.146,0.17713259969495054
746,873,127,0.127,0.09533818550761208
772,886,114,0.114,0.12237306472085815
780,890,110,0.11,0.10136937213886464
746,873,127,0.127,0.05150357910917401
774,887,113,0.113,0.12212186062659686
764,882,118,0.118,0.10478262448922228
716,858,142,0.142,0.22166712711844166
774,887,113,0.113,0.11775496960210988
764,882,118,0.118,0.17879175227156532
748,874,126,0.126,0.11653135100456895
764,882,118,0.118,0.0939618018423341
784,892,108,0.108,0.1433591889223855
736,868,132,0.132,0.09115249727607769
740,870,130,0.13,0.08012025028348492
768,884,116,0.116,0.1042116213181461
712,856,144,0.144,0.17664504737713108
758,879,121,0.121,0.13321282152320543
728,864,136,0.136,0.07928878646625658
714,857,143,0.143,0.13221286479523348
792,896,104,0.104,0.12657400508745117
658,829,171,0.171,0.15423178359237819
742,871,129,0.129,0.1594749143033165
766,883,117,0.117,0.0948484631663817
766,883,117,0.117,0.1151631788498746
728,864,136,0.136,0.06395574965248102
672,836,164,0.164,0.12332920532728371
766,883,117,0.117,0.10743949591147359
788,894,106,0.106,0.12267219969663552
750,875,125,0.125,0.2163073880784353
730,865,135,0.135,0.16015312590389105
784,892,108,0.108,0.118090683082402
736,868,132,0.132,0.11084643260843725
780,890,110,0.11,0.0824392999308857
762,881,119,0.119,0.161282411476679
714,857,143,0.143,0.11210962412694626
678,839,161,0.161,0.1639838058523199
754,877,123,0.123,0.2335678181681045
786,893,107,0.107,0.10345634628355414
784,892,108,0.108,0.09041023775146625
780,890,110,0.11,0.1045910904961893
730,865,135,0.135,0.10870027659466197
754,877,123,0.123,0.19747513937239017
804,902,98,0.098,0.16966637299907542
724,862,138,0.138,0.13345833187019468
778,889,111,0.111,0.1805501419556778
782,891,109,0.109,0.11559752187146254
714,857,143,0.143,0.06635321946903462
734,867,133,0.133,0.13284991267257287
714,857,143,0.143,0.09327075218466341
810,905,95,0.095,0.11031545611872741
788,894,106,0.106,0.11290028961827424
720,860,140,0.14,0.09150675710608193
798,899,101,0.101,0.08155183405315279
784,892,108,0.108,0.13582380866038865
752,876,124,0.124,0.13656330859434326
800,900,100,0.1,0.09071785705125572
788,894,106,0.106,0.10347094775706572
740,870,130,0.13,0.10710840874743853
810,905,95,0.095,0.05484248660516097
726,863,137,0.137,0.08931015384756233
848,924,76,0.076,0.19774906571679685
764,882,118,0.118,0.08586239932363511
760,880,120,0.12,0.11997113606390011
774,887,113,0.113,0.1109827201761209
746,873,127,0.127,0.13599472942031315
754,877,123,0.123,0.0709829471282641
704,852,148,0.148,0.18407717402150298
788,894,106,0.106,0.12702261991146765
784,892,108,0.108,0.05511362511652398
772,886,114,0.114,0.14949168159601323
772,886,114,0.114,0.23932614774707667
748,874,126,0.126,0.06790969777429784
806,903,97,0.097,0.15138742033635225
800,900,100,0.1,0.13554659831792665
740,870,130,0.13,0.06422773342064414
760,880,120,0.12,0.14531126652811435
746,873,127,0.127,0.20610557349839093
740,870,130,0.13,0.15465295767103315
768,884,116,0.116,0.14398596277618064
752,876,124,0.124,0.22595534964233077
812,906,94,0.094,0.11055421895159694
790,895,105,0.105,0.19274407775756464
730,865,135,0.135,0.10128670947019501
706,853,147,0.147,0.16482362243066082
762,881,119,0.119,0.1741043036119151
842,921,79,0.079,0.13814759757436065
698,849,151,0.151,0.08555040639303785
766,883,117,0.117,0.11098131930691531
812,906,94,0.094,0.06966261365518359
732,866,134,0.134,0.12343798084089443
710,855,145,0.145,0.1048121310588696
730,865,135,0.135,0.08813324619283737
746,873,127,0.127,0.1286920808690872
782,891,109,0.109,0.09210278778355549
766,883,117,0.117,0.07878898951899647
732,866,134,0.134,0.05636832789473948
744,872,128,0.128,0.1579401341419234
736,868,132,0.132,0.06763705244544674
772,886,114,0.114,0.10268625934259436
764,882,118,0.118,0.1336603157113429
754,877,123,0.123,0.1146016087952531
694,847,153,0.153,0.2412131216018404
724,862,138,0.138,0.21292787365911522
738,869,131,0.131,0.14453535358467515
790,895,105,0.105,0.11320590948100356
774,887,113,0.113,0.12929581069296797
796,898,102,0.102,0.13141448568141556
768,884,116,0.116,0.12023373348123491
776,888,112,0.112,0.20689554906120117
758,879,121,0.121,0.09445911454304126
766,883,117,0.117,0.127144090826009
758,879,121,0.121,0.17470488487150168
766,883,117,0.117,0.1673353001175625
752,876,124,0.124,0.13214006358736868
740,870,130,0.13,0.22502979194748648
804,902,98,0.098,0.11471948793387063
774,887,113,0.113,0.27534608595940585
766,883,117,0.117,0.24537520475824762
746,873,127,0.127,0.18733131026375777
810,905,95,0.095,0.12684163426130773
744,872,128,0.128,0.3548106630087661
724,862,138,0.138,0.07293942404405951
792,896,104,0.104,0.10801263605170643
740,870,130,0.13,0.19176924249014496
792,896,104,0.104,0.2009717604845784
716,858,142,0.142,0.20871879026707288
754,877,123,0.123,0.1924100249288921
772,886,114,0.114,0.1356449142461975
794,897,103,0.103,0.21275519543601978
752,876,124,0.124,0.077195222565624
760,880,120,0.12,0.14528079752804546
758,879,121,0.121,0.12670485998925896
794,897,103,0.103,0.11448640944546094
702,851,149,0.149,0.18462640176393905
754,877,123,0.123,0.08773476611497809
786,893,107,0.107,0.10985550867876613
746,873,127,0.127,0.16321904449404467
770,885,115,0.115,0.09932000314404064
762,881,119,0.119,0.11560414215147637
726,863,137,0.137,0.094143538473229
800,900,100,0.1,0.16359084677091285
778,889,111,0.111,0.10662409985186591
790,895,105,0.105,0.12337154632729116
800,900,100,0.1,0.20498527203511874
784,892,108,0.108,0.16365303482023025
702,851,149,0.149,0.10672567433057721
764,882,118,0.118,0.13385934862577023
776,888,112,0.112,0.09293334355420356
772,886,114,0.114,0.09997389283447372
726,863,137,0.137,0.11763494742290162
786,893,107,0.107,0.12900033431519808
752,876,124,0.124,0.1241389030787969
782,891,109,0.109,0.0889753100929061
778,889,111,0.111,0.08880336399914397
816,908,92,0.092,0.17658157198039579
790,895,105,0.105,0.09460924627363304
760,880,120,0.12,0.12899245406729665
748,874,126,0.126,0.18485657072713285
748,874,126,0.126,0.17373268519557472
716,858,142,0.142,0.1527276348839857
776,888,112,0.112,0.15133872785165234
732,866,134,0.134,0.1629056430115907
680,840,160,0.16,0.10067772738715951
742,871,129,0.129,0.18572176522720588
792,896,104,0.104,0.14302388746922873
730,865,135,0.135,0.07689374314134412
798,899,101,0.101,0.14218580147243812
798,899,101,0.101,0.20448382721310077
796,898,102,0.102,0.09517963762867948
816,908,92,0.092,0.20711907517591346
758,879,121,0.121,0.11997346221045803
722,861,139,0.139,0.10899861216044428
770,885,115,0.115,0.18433915118540373
766,883,117,0.117,0.08755758536950871
744,872,128,0.128,0.08263175741178236
802,901,99,0.099,0.10744638871704902
762,881,119,0.119,0.14589653077998394
786,893,107,0.107,0.11703707978572576
790,895,105,0.105,0.17526388722501168
694,847,153,0.153,0.1044421813603834
800,900,100,0.1,0.1042733452981514
806,903,97,0.097,0.07946118026368593
736,868,132,0.132,0.08369979844390972
750,875,125,0.125,0.14041652304362076
734,867,133,0.133,0.13008678640593285
738,869,131,0.131,0.07250505149489704
772,886,114,0.114,0.08707901561289784
790,895,105,0.105,0.14557132593310382
814,907,93,0.093,0.06626288098935443
792,896,104,0.104,0.04538890926148828
782,891,109,0.109,0.112241780152572
714,857,143,0.143,0.10922381668716652
794,897,103,0.103,0.12610061257885544
764,882,118,0.118,0.1496508941357967
762,881,119,0.119,0.13764326318198242
824,912,88,0.088,0.13254170057998646
738,869,131,0.131,0.10233723736727236
728,864,136,0.136,0.17831400807707418
778,889,111,0.111,0.14851122436613917
778,889,111,0.111,0.06864083130267533
752,876,124,0.124,0.10411485990463444
822,911,89,0.089,0.057634652655293564
746,873,127,0.127,0.25735288934200756
754,877,123,0.123,0.08007716644229299
772,886,114,0.114,0.16192930077389156
816,908,92,0.092,0.10342793489562768
750,875,125,0.125,0.09848614825140392
762,881,119,0.119,0.19608425818350547
734,867,133,0.133,0.13989463305272007
732,866,134,0.134,0.15745720015214493
756,878,122,0.122,0.12273365786906036
750,875,125,0.125,0.07049265483440836
746,873,127,0.127,0.17298548589250815
774,887,113,0.113,0.12256218824591954
680,840,160,0.16,0.0695240316981799
698,849,151,0.151,0.10419339700596851
720,860,140,0.14,0.09698894035253286
764,882,118,0.118,0.08976832387637444
762,881,119,0.119,0.11607858358404521
736,868,132,0.132,0.1065605905348718
768,884,116,0.116,0.14022121741178067
784,892,108,0.108,0.0502759239286723
788,894,106,0.106,0.08786821528093916
770,885,115,0.115,0.11506810745390185
734,867,133,0.133,0.057539844214356296
752,876,124,0.124,0.08991578960753242
752,876,124,0.124,0.11747918503535633
722,861,139,0.139,0.08812595808850107
798,899,101,0.101,0.06312933234996783
754,877,123,0.123,0.06502573011193906
776,888,112,0.112,0.08190625124078432
702,851,149,0.149,0.20182705100383153
724,862,138,0.138,0.06267465217764057
728,864,136,0.136,0.05665336748341316
792,896,104,0.104,0.06755602866443067
770,885,115,0.115,0.09798019395176498
808,904,96,0.096,0.114822953184318
762,881,119,0.119,0.07491575955454229
684,842,158,0.158,0.10698664198494551
784,892,108,0.108,0.05057514578398451
746,873,127,0.127,0.09344158835167672
708,854,146,0.146,0.15583648772933686
700,850,150,0.15,0.10034595569549613
808,904,96,0.096,0.15736128589462087
828,914,86,0.086,0.1561673663782981
724,862,138,0.138,0.12452571971898811
696,848,152,0.152,0.250486408244211
780,890,110,0.11,0.15871392699763676
782,891,109,0.109,0.10118640364298422
738,869,131,0.131,0.10080557168319006
768,884,116,0.116,0.1317257768100057
754,877,123,0.123,0.11722115607488695
800,900,100,0.1,0.06739219169564882
770,885,115,0.115,0.06229687913699199
734,867,133,0.133,0.14708223138972915
672,836,164,0.164,0.10520736305830226
764,882,118,0.118,0.07579145417853961
788,894,106,0.106,0.10643135961203741
768,884,116,0.116,0.12883885552917246
750,875,125,0.125,0.056946837468709405
764,882,118,0.118,0.06109068327821605
776,888,112,0.112,0.1206436021466183
758,879,121,0.121,0.09556899257951919
732,866,134,0.134,0.07562031379937957
778,889,111,0.111,0.08708336762841734
722,861,139,0.139,0.13432812509659367
774,887,113,0.113,0.13443861049874506
760,880,120,0.12,0.07512278649676785
776,888,112,0.112,0.08460718611921225
802,901,99,0.099,0.06929829725165836
752,876,124,0.124,0.08972311471945438
800,900,100,0.1,0.17184180475482094
716,858,142,0.142,0.1196849693973904
718,859,141,0.141,0.060809056643424494
740,870,130,0.13,0.06681744681187257
814,907,93,0.093,0.15321643259304385
748,874,126,0.126,0.09833033180413295
794,897,103,0.103,0.1373027954497497
792,896,104,0.104,0.10484333953152278
768,884,116,0.116,0.19296977251359246
838,919,81,0.081,0.12427162010477746
752,876,124,0.124,0.08943034793801945
776,888,112,0.112,0.11242732896298122
764,882,118,0.118,0.13859701836269114
732,866,134,0.134,0.17475084239995903
726,863,137,0.137,0.0489239391608706
722,861,139,0.139,0.10600601339012293
766,883,117,0.117,0.07913593034488592
788,894,106,0.106,0.12833488153756287
734,867,133,0.133,0.11809614384669419
780,890,110,0.11,0.12108218600873862
772,886,114,0.114,0.0962457307407641
752,876,124,0.124,0.14493714390116913
798,899,101,0.101,0.14359391857409048
758,879,121,0.121,0.13971246918750013
744,872,128,0.128,0.15284174064012354
722,861,139,0.139,0.06236218279618045
686,843,157,0.157,0.08068740066147426
698,849,151,0.151,0.11689092544020646
748,874,126,0.126,0.05105443243123217
726,863,137,0.137,0.07742157440360795
758,879,121,0.121,0.23250345777121942
786,893,107,0.107,0.15361105904089806
742,871,129,0.129,0.12220321063595677
738,869,131,0.131,0.12702510744481113
750,875,125,0.125,0.13874776831249147
768,884,116,0.116,0.12353889364183639
730,865,135,0.135,0.11959832937275437
772,886,114,0.114,0.059899195649946065
704,852,148,0.148,0.09028947141525859
768,884,116,0.116,0.055248607308673314
762,881,119,0.119,0.09845960127144919
768,884,116,0.116,0.10451877961708272
790,895,105,0.105,0.06303511021997936
720,860,140,0.14,0.13304508174402951
746,873,127,0.127,0.07834240612875254
718,859,141,0.141,0.15233371914060076
746,873,127,0.127,0.08162995176788257
752,876,124,0.124,0.20417442382267495
722,861,139,0.139,0.15341166030517683
716,858,142,0.142,0.0920176367190976
734,867,133,0.133,0.08650458123720593
692,846,154,0.154,0.11496595202514603
752,876,124,0.124,0.1154341749382636
792,896,104,0.104,0.10090664042344337
768,884,116,0.116,0.11535828638227072
772,886,114,0.114,0.07485664975827963
754,877,123,0.123,0.06544075120883712
802,901,99,0.099,0.08803827175357469
676,838,162,0.162,0.09354191786053768
764,882,118,0.118,0.07197783152486596
782,891,109,0.109,0.11502860062330994
780,890,110,0.11,0.08855922725422209
808,904,96,0.096,0.15936234974538105
796,898,102,0.102,0.05201356901455529
814,907,93,0.093,0.08200991039954238
744,872,128,0.128,0.22698413537303025
760,880,120,0.12,0.07515709576679681
720,860,140,0.14,0.09978081566663849
730,865,135,0.135,0.03495282672436447
774,887,113,0.113,0.13549750451247342
850,925,75,0.075,0.12741851664772813
742,871,129,0.129,0.11522035368629159
732,866,134,0.134,0.05461078735259933
738,869,131,0.131,0.13934666519920733
764,882,118,0.118,0.06173996291175393
832,916,84,0.084,0.18116546762287167
754,877,123,0.123,0.0791905203662227
768,884,116,0.116,0.13250276273917244
718,859,141,0.141,0.12841504970715686
774,887,113,0.113,0.10619844838350294
760,880,120,0.12,0.05714977088146668
796,898,102,0.102,0.11080892376553106
770,885,115,0.115,0.14729272370694105
700,850,150,0.15,0.08989456502114312
744,872,128,0.128,0.10246934435860752
710,855,145,0.145,0.1599072989431224
726,863,137,0.137,0.08978810209058717
794,897,103,0.103,0.10232694511439513
728,864,136,0.136,0.05229767836420793
742,871,129,0.129,0.06569117252194871
744,872,128,0.128,0.1280229211836067
806,903,97,0.097,0.14415893232699722
756,878,122,0.122,0.13533177786360198
744,872,128,0.128,0.10748352462679928
714,857,143,0.143,0.09284031948705297
706,853,147,0.147,0.07582756034089656
712,856,144,0.144,0.11371398577420229
710,855,145,0.145,0.151324918995987
704,852,148,0.148,0.08762251405705564
814,907,93,0.093,0.0566601547043624
806,903,97,0.097,0.0447032182262113
714,857,143,0.143,0.13051090063582485
778,889,111,0.111,0.06699927979976882
808,904,96,0.096,0.07949990805485756
770,885,115,0.115,0.09782890293307234
806,903,97,0.097,0.10484912434085221
682,841,159,0.159,0.06753257838872709
772,886,114,0.114,0.09663290250868642
784,892,108,0.108,0.1260313873195566
778,889,111,0.111,0.14914097596675988
684,842,158,0.158,0.1084167066288054
768,884,116,0.116,0.13370092640977266
708,854,146,0.146,0.08043338914504462
812,906,94,0.094,0.10482043241596517
754,877,123,0.123,0.09653199208445722
778,889,111,0.111,0.172637947542205
762,881,119,0.119,0.09978257941308022
792,896,104,0.104,0.08831855880642787
764,882,118,0.118,0.17168122738102187
760,880,120,0.12,0.10132527478090611
708,854,146,0.146,0.10311386389425094
752,876,124,0.124,0.1562946040913838
756,878,122,0.122,0.06756856557698557
768,884,116,0.116,0.13238176248166117
790,895,105,0.105,0.08680677434963828
782,891,109,0.109,0.18422154125296397
786,893,107,0.107,0.1541808265700282
762,881,119,0.119,0.15140272079302264
734,867,133,0.133,0.10033048286410964
792,896,104,0.104,0.10330240318141438
804,902,98,0.098,0.07896824235119046
726,863,137,0.137,0.1539647829839562
784,892,108,0.108,0.0829531169518202
736,868,132,0.132,0.1471217247598754
824,912,88,0.088,0.12701637175762678
814,907,93,0.093,0.10137408403352732
758,879,121,0.121,0.066440190816896
754,877,123,0.123,0.15262636160995913
708,854,146,0.146,0.05859581664917371
816,908,92,0.092,0.14412651647406438
712,856,144,0.144,0.09069730380260671
774,887,113,0.113,0.047467858806807726
786,893,107,0.107,0.08782698843409187
826,913,87,0.087,0.10284248369125056
754,877,123,0.123,0.10659735417602344
780,890,110,0.11,0.1282003244451099
788,894,106,0.106,0.10510342005090399
770,885,115,0.115,0.16392005049632077
772,886,114,0.114,0.14424371770204528
768,884,116,0.116,0.1585283172174346
796,898,102,0.102,0.048210632862778144
708,854,146,0.146,0.09890654329390157
758,879,121,0.121,0.0606882705409143
752,876,124,0.124,0.15085515092316207
728,864,136,0.136,0.08337480469793568
790,895,105,0.105,0.05706392153406513
776,888,112,0.112,0.055927878922053066
700,850,150,0.15,0.11269074866837024
822,911,89,0.089,0.09492018466435029
780,890,110,0.11,0.09797259014759596
794,897,103,0.103,0.051670572810652855
710,855,145,0.145,0.08203284744184068
790,895,105,0.105,0.1017616883091255
760,880,120,0.12,0.10161077532518092
734,867,133,0.133,0.19237383996295915
770,885,115,0.115,0.09074225727485917
772,886,114,0.114,0.11079813965490756
750,875,125,0.125,0.05276711279598982
800,900,100,0.1,0.13786562136695746
802,901,99,0.099,0.06700859681824022
732,866,134,0.134,0.04185970914938358
822,911,89,0.089,0.09489665754133278
800,900,100,0.1,0.16112379570995056
750,875,125,0.125,0.05945606095277276
772,886,114,0.114,0.055469257828178894
742,871,129,0.129,0.10395487236383677
712,856,144,0.144,0.11067207639973804
802,901,99,0.099,0.06555025742252714
712,856,144,0.144,0.0697974257143203
798,899,101,0.101,0.10120347284963452
800,900,100,0.1,0.13795425952098805
752,876,124,0.124,0.08083563403334362
784,892,108,0.108,0.05956075496889585
720,860,140,0.14,0.0691044388613517
752,876,124,0.124,0.07049454419370423
780,890,110,0.11,0.09587676170112763
748,874,126,0.126,0.07664471249173808
748,874,126,0.126,0.08248207366537354
766,883,117,0.117,0.12420269478147093
730,865,135,0.135,0.11019321950679033
746,873,127,0.127,0.12277737053352099
780,890,110,0.11,0.08297564546198034
746,873,127,0.127,0.047112942019089575
776,888,112,0.112,0.1036818397417169
784,892,108,0.108,0.0929006362344289
732,866,134,0.134,0.10913021454898081
822,911,89,0.089,0.06389534458905352
806,903,97,0.097,0.08692813833632822
738,869,131,0.131,0.10254943092482495
788,894,106,0.106,0.12680057645237847
710,855,145,0.145,0.09626687085262398
728,864,136,0.136,0.04514783845352987
760,880,120,0.12,0.06930705856483779
692,846,154,0.154,0.0734287032119492
802,901,99,0.099,0.13715600942666464
770,885,115,0.115,0.07194119526358887
756,878,122,0.122,0.07961502682170553
772,886,114,0.114,0.05490105942780284
766,883,117,0.117,0.13258803377543638
784,892,108,0.108,0.06605698598742787
806,903,97,0.097,0.08315169550177127
738,869,131,0.131,0.05068319279156763
750,875,125,0.125,0.12001035275280214
742,871,129,0.129,0.11115767547392752
746,873,127,0.127,0.056702703093006845
798,899,101,0.101,0.06257321283211771
736,868,132,0.132,0.044541351954337983
752,876,124,0.124,0.06068358048189296
828,914,86,0.086,0.09166173393336895
798,899,101,0.101,0.15346128374853238
790,895,105,0.105,0.14333571682126467
748,874,126,0.126,0.02791489908794246
726,863,137,0.137,0.1393405234523042
776,888,112,0.112,0.12707666665930942
806,903,97,0.097,0.11478875290572282
764,882,118,0.118,0.1174527096527509
730,865,135,0.135,0.06069789475927234
722,861,139,0.139,0.12603485055959662
662,831,169,0.169,0.055542023437737925
704,852,148,0.148,0.12386514066758135
760,880,120,0.12,0.0985192466213378
798,899,101,0.101,0.07703285827460254
768,884,116,0.116,0.06492209421208922
758,879,121,0.121,0.10456803865237467
816,908,92,0.092,0.03523984566176377
802,901,99,0.099,0.09349944044776747
712,856,144,0.144,0.04663585399045688
794,897,103,0.103,0.067987129874242
726,863,137,0.137,0.03709440438413387
776,888,112,0.112,0.08126335555855813
808,904,96,0.096,0.06209485311009035
754,877,123,0.123,0.07997679043550013
746,873,127,0.127,0.06876608763447527
802,901,99,0.099,0.05970182155218484
816,908,92,0.092,0.047758920380609186
770,885,115,0.115,0.05764417960347144
740,870,130,0.13,0.07984123974125897
792,896,104,0.104,0.07299114613121098
780,890,110,0.11,0.027465924441078343
762,881,119,0.119,0.10108668646757482
750,875,125,0.125,0.07375840050445652
784,892,108,0.108,0.12754212873367674
752,876,124,0.124,0.06466112814571505
794,897,103,0.103,0.08590132072317054
818,909,91,0.091,0.061699756166379134
810,905,95,0.095,0.09154255289468997
754,877,123,0.123,0.09225496607571428
756,878,122,0.122,0.08872939562576702
716,858,142,0.142,0.06855447749772509
762,881,119,0.119,0.08934686577713392
722,861,139,0.139,0.08449232417034752
748,874,126,0.126,0.05904446227903617
742,871,129,0.129,0.060184917323568045
774,887,113,0.113,0.09362410275650805
734,867,133,0.133,0.0966137815910189
776,888,112,0.112,0.09245188619892308
752,876,124,0.124,0.052058541710433996
798,899,101,0.101,0.03749446071593171
682,841,159,0.159,0.10052207873422674
762,881,119,0.119,0.04676018213957155
794,897,103,0.103,0.049127560155241126
788,894,106,0.106,0.06626283280885847
756,878,122,0.122,0.05011257677454054
730,865,135,0.135,0.04159884683007507
764,882,118,0.118,0.07335746963508548
760,880,120,0.12,0.0783781853386873
762,881,119,0.119,0.09245545060314721
740,870,130,0.13,0.10302717710797364
766,883,117,0.117,0.06865616426762959
696,848,152,0.152,0.14384223756131193
778,889,111,0.111,0.08107154023410156
750,875,125,0.125,0.05480762332011659
748,874,126,0.126,0.14524702381808224
786,893,107,0.107,0.1311245085235069
748,874,126,0.126,0.06972876109666087
778,889,111,0.111,0.04484158139296703
774,887,113,0.113,0.08055783363675204
732,866,134,0.134,0.12169154939178385
770,885,115,0.115,0.08842361997215807
730,865,135,0.135,0.08704217491316829
732,866,134,0.134,0.09980187113002528
718,859,141,0.141,0.07937544566428377
720,860,140,0.14,0.08290474039303437
672,836,164,0.164,0.05305244617402515
782,891,109,0.109,0.1406316587638609
782,891,109,0.109,0.07428996646320812
738,869,131,0.131,0.08610000633852699
720,860,140,0.14,0.04231963973219642
802,901,99,0.099,0.06692257999155503
782,891,109,0.109,0.059369988582820596
752,876,124,0.124,0.11537293091531603
778,889,111,0.111,0.07557669541648172
748,874,126,0.126,0.04968362090144568
758,879,121,0.121,0.058107523520062286
774,887,113,0.113,0.055305145610356175
718,859,141,0.141,0.10989075694090046
772,886,114,0.114,0.03627312336356538
764,882,118,0.118,0.08551857561763643
782,891,109,0.109,0.07750556339970409
796,898,102,0.102,0.04050609607581617
748,874,126,0.126,0.03540409874472718
796,898,102,0.102,0.04859541049736015
804,902,98,0.098,0.09289522090419626
796,898,102,0.102,0.04340300024339918
746,873,127,0.127,0.11215490792344687
758,879,121,0.121,0.036039158799522894
732,866,134,0.134,0.06063958728601387
702,851,149,0.149,0.06194597311827478
774,887,113,0.113,0.04845100219195957
814,907,93,0.093,0.10432543946865047
786,893,107,0.107,0.07797376084080195
764,882,118,0.118,0.037687655526664275
724,862,138,0.138,0.08260679800072383
752,876,124,0.124,0.05404752247279839
762,881,119,0.119,0.05634986479329515
770,885,115,0.115,0.039813176421252906
814,907,93,0.093,0.043912858990951986
786,893,107,0.107,0.08327491497406314
728,864,136,0.136,0.05819646798082532
750,875,125,0.125,0.06518939287970663
768,884,116,0.116,0.07750320112450988
742,871,129,0.129,0.04470694484233789
728,864,136,0.136,0.06414884746868843
770,885,115,0.115,0.07568104400091057
796,898,102,0.102,0.05879157271918974
716,858,142,0.142,0.1508904316676513
726,863,137,0.137,0.054791964727159435
768,884,116,0.116,0.049219288091771674
790,895,105,0.105,0.03451653109806388
784,892,108,0.108,0.06250501475436787
736,868,132,0.132,0.06942817836702436
784,892,108,0.108,0.04043283466120596
732,866,134,0.134,0.049502975166676254
726,863,137,0.137,0.11166770163040385
826,913,87,0.087,0.0797515052165264
730,865,135,0.135,0.038371973487893694
766,883,117,0.117,0.06352903405500412
736,868,132,0.132,0.04182283270213215
734,867,133,0.133,0.05349559164853011
714,857,143,0.143,0.04272760674065911
736,868,132,0.132,0.05828534008417772
738,869,131,0.131,0.03815349263872973
766,883,117,0.117,0.0484785819999532
758,879,121,0.121,0.1084733489017952
756,878,122,0.122,0.0646221864598592
752,876,124,0.124,0.048848021109822906
744,872,128,0.128,0.036644824865281936
754,877,123,0.123,0.10902348929772296
780,890,110,0.11,0.03917043462524127
786,893,107,0.107,0.07494613545996309
804,902,98,0.098,0.02566720864943035
800,900,100,0.1,0.06919795968132128
732,866,134,0.134,0.022618545087506832
752,876,124,0.124,0.04730518390212632
776,888,112,0.112,0.055665854177028254
760,880,120,0.12,0.06378661992926896
760,880,120,0.12,0.02998037789820468
766,883,117,0.117,0.09960624662914871
790,895,105,0.105,0.06072187519024111
754,877,123,0.123,0.07654326390437645
718,859,141,0.141,0.03296435737738477
770,885,115,0.115,0.05628507770692045
716,858,142,0.142,0.07284070516310893
772,886,114,0.114,0.026689236934891013
742,871,129,0.129,0.05090484655131118
764,882,118,0.118,0.03503202621577434
746,873,127,0.127,0.057616212305681445
752,876,124,0.124,0.07626941354563456
788,894,106,0.106,0.04600063382384451
786,893,107,0.107,0.07447736195102107
720,860,140,0.14,0.06887528207069325
740,870,130,0.13,0.050100944981173484
766,883,117,0.117,0.08150113371493302
816,908,92,0.092,0.0690174557213729
796,898,102,0.102,0.04787143036761474
784,892,108,0.108,0.03883783304132001
812,906,94,0.094,0.04286460521780745
746,873,127,0.127,0.05165377816998348
736,868,132,0.132,0.06704809169100058
736,868,132,0.132,0.06070076202041019
746,873,127,0.127,0.037284643884456216
702,851,149,0.149,0.09802636527243556
760,880,120,0.12,0.049083628237382555
812,906,94,0.094,0.04785908152913943
804,902,98,0.098,0.03591077579858428
756,878,122,0.122,0.055008624380144755
780,890,110,0.11,0.030651566898398458
768,884,116,0.116,0.0428621464335468
788,894,106,0.106,0.03342658127789038
732,866,134,0.134,0.027825054266958645
736,868,132,0.132,0.04407494809172209
818,909,91,0.091,0.04046327890950316
800,900,100,0.1,0.07883812985062001
762,881,119,0.119,0.022667623209836008
832,916,84,0.084,0.05685358953001481
762,881,119,0.119,0.09072634472945502
764,882,118,0.118,0.036637766308406455
736,868,132,0.132,0.028611630872244647
720,860,140,0.14,0.04442113972212354
750,875,125,0.125,0.07243813416265826
780,890,110,0.11,0.05240285242973381
804,902,98,0.098,0.05277464749839119
862,931,69,0.069,0.04296259776651894
810,905,95,0.095,0.06377218362949372
712,856,144,0.144,0.08982116039419767
702,851,149,0.149,0.017302305487187482
738,869,131,0.131,0.04585218641122234
744,872,128,0.128,0.045742744216487
786,893,107,0.107,0.02792516746213231
768,884,116,0.116,0.038726740212588866
826,913,87,0.087,0.04648458061678643
778,889,111,0.111,0.04139628565166961
742,871,129,0.129,0.05995662480600025
752,876,124,0.124,0.03752308950371841
720,860,140,0.14,0.0561867995596192
782,891,109,0.109,0.04198916841836464
750,875,125,0.125,0.04031406613588929
756,878,122,0.122,0.042023835638509754
724,862,138,0.138,0.08887965720019503
758,879,121,0.121,0.05249923457715965
746,873,127,0.127,0.05444364073682655
836,918,82,0.082,0.06263859389363148
806,903,97,0.097,0.058441741918420345
778,889,111,0.111,0.051263426123457405
766,883,117,0.117,0.048451501263112706
774,887,113,0.113,0.044603773224361445
710,855,145,0.145,0.04276581059227617
664,832,168,0.168,0.06746175297963251
786,893,107,0.107,0.06249842148729431
772,886,114,0.114,0.053945045803975904
682,841,159,0.159,0.052577635315959215
784,892,108,0.108,0.1015372276217939
764,882,118,0.118,0.051714293353399554
750,875,125,0.125,0.06311398892593217
766,883,117,0.117,0.05878453075412961
706,853,147,0.147,0.03966741367836494
740,870,130,0.13,0.05412169740121267
710,855,145,0.145,0.03104736998873891
750,875,125,0.125,0.045363262189399844
776,888,112,0.112,0.0593642455259035
718,859,141,0.141,0.039430565595519086
852,926,74,0.074,0.07823169812299914
800,900,100,0.1,0.0777713945957803
714,857,143,0.143,0.02776193838926744
730,865,135,0.135,0.08206206568585107
768,884,116,0.116,0.0861210077836188
816,908,92,0.092,0.04294063173414851
752,876,124,0.124,0.10805089236256475
786,893,107,0.107,0.06490130843492577
762,881,119,0.119,0.047787097206874206
754,877,123,0.123,0.05274451276623361
726,863,137,0.137,0.047473834514847595
714,857,143,0.143,0.0859433199756586
750,875,125,0.125,0.06566473487623174
720,860,140,0.14,0.056814523829186545
748,874,126,0.126,0.12260935599158368
732,866,134,0.134,0.13851471979218052
802,901,99,0.099,0.036492480597203295
820,910,90,0.09,0.07239004106631561
702,851,149,0.149,0.08569494468957045
766,883,117,0.117,0.1182846042397052
776,888,112,0.112,0.05702080923219278
714,857,143,0.143,0.05213398353405158
736,868,132,0.132,0.07898158734996542
782,891,109,0.109,0.021092519957295195
788,894,106,0.106,0.05803037656508928
794,897,103,0.103,0.07715288265195196
736,868,132,0.132,0.07005970791685819
810,905,95,0.095,0.04934229998893105
778,889,111,0.111,0.06358289694851332
778,889,111,0.111,0.08709774112138989
702,851,149,0.149,0.07859860240043362
780,890,110,0.11,0.050349351217817785
762,881,119,0.119,0.08052307036026109
848,924,76,0.076,0.05160804568007955
744,872,128,0.128,0.08169978496738477
736,868,132,0.132,0.028680018001988883
790,895,105,0.105,0.1278017179741127
824,912,88,0.088,0.05163367805727384
812,906,94,0.094,0.03415479347380024
760,880,120,0.12,0.04770674273022777
692,846,154,0.154,0.06472564182341145
774,887,113,0.113,0.09362175294367561
758,879,121,0.121,0.07527126467797855
708,854,146,0.146,0.040608813998148335
746,873,127,0.127,0.06543856263651193
718,859,141,0.141,0.09099378593316078
718,859,141,0.141,0.07783170546429115
740,870,130,0.13,0.10076322459596608
780,890,110,0.11,0.07176855510578628
802,901,99,0.099,0.06510618584014363
756,878,122,0.122,0.036281747179673515
760,880,120,0.12,0.11821903612609497
784,892,108,0.108,0.0719081081725629
758,879,121,0.121,0.05298366379678201
766,883,117,0.117,0.04533890294157807
732,866,134,0.134,0.04793334364188803
782,891,109,0.109,0.0645947579433866
826,913,87,0.087,0.062105573745062474
720,860,140,0.14,0.03522885670388641
774,887,113,0.113,0.04800837526022511
756,878,122,0.122,0.08843763005044673
742,871,129,0.129,0.05946614483816867
798,899,101,0.101,0.03997798591817555
760,880,120,0.12,0.05251466573174554
778,889,111,0.111,0.06314198390499177
776,888,112,0.112,0.04377725579690093
806,903,97,0.097,0.0747860118711677
724,862,138,0.138,0.031090662622760716
818,909,91,0.091,0.05910884962775457
784,892,108,0.108,0.07410138402597023
764,882,118,0.118,0.03216710090903773
746,873,127,0.127,0.07614312782438204
740,870,130,0.13,0.09650854442688452
766,883,117,0.117,0.06484735761991836
758,879,121,0.121,0.06714432242592522
770,885,115,0.115,0.06622333533911114
786,893,107,0.107,0.04472781094152695
718,859,141,0.141,0.07042267685719397
726,863,137,0.137,0.10805838165703148
768,884,116,0.116,0.029759262009365885
770,885,115,0.115,0.07342441973606553
764,882,118,0.118,0.03476194670357141
772,886,114,0.114,0.08769194178070765
662,831,169,0.169,0.023176064951559425
714,857,143,0.143,0.07194884347531863
738,869,131,0.131,0.04136568733448581
754,877,123,0.123,0.06053917934122407
770,885,115,0.115,0.04117218527873905
770,885,115,0.115,0.07600148808970608
670,835,165,0.165,0.020800755341875372
752,876,124,0.124,0.04734580360492328
760,880,120,0.12,0.04000646844921944
798,899,101,0.101,0.1030053224740972
764,882,118,0.118,0.07056547419254013
768,884,116,0.116,0.09129296676018561
736,868,132,0.132,0.06903287583723443
822,911,89,0.089,0.04694792891020417
762,881,119,0.119,0.05245930952028829
770,885,115,0.115,0.05363187912621886
742,871,129,0.129,0.06597382186910011
778,889,111,0.111,0.07011041574378943
716,858,142,0.142,0.07508853419085271
798,899,101,0.101,0.04432247141083955
824,912,88,0.088,0.041989296812131496
774,887,113,0.113,0.06390251332378848
770,885,115,0.115,0.02664879277313075
786,893,107,0.107,0.06520050937815036
764,882,118,0.118,0.04715201180273307
724,862,138,0.138,0.060744664265601246
702,851,149,0.149,0.03348411738971092
792,896,104,0.104,0.05925721028529748
750,875,125,0.125,0.048806527752648134
762,881,119,0.119,0.032710161300239335
818,909,91,0.091,0.030892477916662487
730,865,135,0.135,0.044588799267826135
790,895,105,0.105,0.0419275114666668
764,882,118,0.118,0.07018952071995158
740,870,130,0.13,0.07004870598219932
750,875,125,0.125,0.054101503534657015
718,859,141,0.141,0.08146297135631059
710,855,145,0.145,0.050732038965657436
696,848,152,0.152,0.07481648696764616
744,872,128,0.128,0.03399138385790405
782,891,109,0.109,0.07256981202855065
834,917,83,0.083,0.047700119280520224
778,889,111,0.111,0.04451101503086453
764,882,118,0.118,0.049324678539413754
794,897,103,0.103,0.04793060395041715
808,904,96,0.096,0.05002722423961672
648,824,176,0.176,0.06966201007195182
754,877,123,0.123,0.057381017939084754
714,857,143,0.143,0.043244303550101476
772,886,114,0.114,0.06529572599620471
772,886,114,0.114,0.03392893377989149
730,865,135,0.135,0.03619688125208971
718,859,141,0.141,0.054030911528807665
740,870,130,0.13,0.0433422203994599
764,882,118,0.118,0.05372805828566759
804,902,98,0.098,0.04314169684551523
730,865,135,0.135,0.037764964003907324
774,887,113,0.113,0.04071654551158756
798,899,101,0.101,0.06314938258501715
804,902,98,0.098,0.06029434927806172
766,883,117,0.117,0.0627723841768049
776,888,112,0.112,0.045597116102625734
718,859,141,0.141,0.049829421012969506
752,876,124,0.124,0.05760207608302217
784,892,108,0.108,0.08075049494460118
680,840,160,0.16,0.033034082521765755
756,878,122,0.122,0.04134015489165149
786,893,107,0.107,0.041619602831759424
732,866,134,0.134,0.0752389406746744
782,891,109,0.109,0.02901259249984318
706,853,147,0.147,0.01722607371839783
814,907,93,0.093,0.04909382197129591
846,923,77,0.077,0.044581426636758056
794,897,103,0.103,0.07008111250011813
800,900,100,0.1,0.028542717433036827
702,851,149,0.149,0.04905882714164061
740,870,130,0.13,0.03240877414942491
812,906,94,0.094,0.05204866397660183
752,876,124,0.124,0.08518229379433416
720,860,140,0.14,0.056777807131845805
738,869,131,0.131,0.047000093594425495
756,878,122,0.122,0.021881632499238093
774,887,113,0.113,0.0448361489384219
750,875,125,0.125,0.05203368830688881
762,881,119,0.119,0.07711800506739513
734,867,133,0.133,0.03471453394545533
752,876,124,0.124,0.07859151168269804
810,905,95,0.095,0.037051540547209626
750,875,125,0.125,0.05979484696148937
752,876,124,0.124,0.04984824532038047
826,913,87,0.087,0.09803285581906244
780,890,110,0.11,0.030290154680065497
788,894,106,0.106,0.07212484843083443
782,891,109,0.109,0.027596192479384968
786,893,107,0.107,0.05429856455453296
672,836,164,0.164,0.04749981262440097
736,868,132,0.132,0.06377470602804253
780,890,110,0.11,0.05906240181619063
784,892,108,0.108,0.05313791647662933
768,884,116,0.116,0.037964956947035236
698,849,151,0.151,0.07531221825118584
736,868,132,0.132,0.05635349840948155
784,892,108,0.108,0.09015023846734181
736,868,132,0.132,0.06318487748154741
768,884,116,0.116,0.0453866793528716
758,879,121,0.121,0.021383656296371727
754,877,123,0.123,0.04896322141206723
786,893,107,0.107,0.06874688244160926
840,920,80,0.08,0.03801214407073914
764,882,118,0.118,0.02535834570216899
676,838,162,0.162,0.031467905528948306
776,888,112,0.112,0.061212895973304315
732,866,134,0.134,0.025888213624522323
812,906,94,0.094,0.048826517265836714
764,882,118,0.118,0.057803292409941094
720,860,140,0.14,0.05665411466424702
752,876,124,0.124,0.020088090404607913
780,890,110,0.11,0.07861075752725354
762,881,119,0.119,0.06939998556315159
758,879,121,0.121,0.04639226482773711
768,884,116,0.116,0.03658549536067827
752,876,124,0.124,0.07274982757338919
780,890,110,0.11,0.08723338084402565
754,877,123,0.123,0.06079278982273114
764,882,118,0.118,0.04893817273150617
758,879,121,0.121,0.10565817838137334
768,884,116,0.116,0.07688346754621185
814,907,93,0.093,0.04309956297729653
782,891,109,0.109,0.07287165438973948
744,872,128,0.128,0.0336934644652365
792,896,104,0.104,0.0758040483501042
738,869,131,0.131,0.05404174769229306
758,879,121,0.121,0.0975254012061915
772,886,114,0.114,0.08499951939473915
734,867,133,0.133,0.06297145696561436
792,896,104,0.104,0.08051602527620795
694,847,153,0.153,0.03321687772756243
744,872,128,0.128,0.0331053448164471
744,872,128,0.128,0.07947533841714406
826,913,87,0.087,0.041817268239075875
750,875,125,0.125,0.04810087754254964
702,851,149,0.149,0.04270769459403456
782,891,109,0.109,0.04149604671125707
764,882,118,0.118,0.034982386527297765
746,873,127,0.127,0.03633485082195412
752,876,124,0.124,0.07904572115310134
832,916,84,0.084,0.07606838087529834
730,865,135,0.135,0.08464483539851624
774,887,113,0.113,0.05081269429858793
836,918,82,0.082,0.043840317608195546
722,861,139,0.139,0.061292485375914696
750,875,125,0.125,0.0877953760105385
746,873,127,0.127,0.07101568424525827
768,884,116,0.116,0.06544389186648646
740,870,130,0.13,0.07397886540700421
748,874,126,0.126,0.047311410643453344
816,908,92,0.092,0.04187919578520348
754,877,123,0.123,0.05503363674892188
756,878,122,0.122,0.041425692322912315
744,872,128,0.128,0.06708240605661966
780,890,110,0.11,0.05691862597561054
692,846,154,0.154,0.08200266813790985
774,887,113,0.113,0.05242450956081426
810,905,95,0.095,0.05218573350681997
810,905,95,0.095,0.0698028753219439
740,870,130,0.13,0.056730113631418576
734,867,133,0.133,0.03730564089611664
748,874,126,0.126,0.051514088013841206
772,886,114,0.114,0.05334952730129565
784,892,108,0.108,0.0852959687659848
778,889,111,0.111,0.08052093337443167
826,913,87,0.087,0.03919129940498026
738,869,131,0.131,0.03535514543447836
752,876,124,0.124,0.03581894093153875
786,893,107,0.107,0.03641390586768122
778,889,111,0.111,0.05609523696619947
782,891,109,0.109,0.04237414534854696
766,883,117,0.117,0.07899959401882532
794,897,103,0.103,0.024331924571095356
772,886,114,0.114,0.06739320009203764
788,894,106,0.106,0.06980214247589792
778,889,111,0.111,0.07131638935025839
734,867,133,0.133,0.02702469175017994
740,870,130,0.13,0.04879887076098852
752,876,124,0.124,0.08356272947345281
722,861,139,0.139,0.07878999023584646
830,915,85,0.085,0.05292420713714772
772,886,114,0.114,0.05359242426254687
746,873,127,0.127,0.07492734487917702
746,873,127,0.127,0.03287810499863679
774,887,113,0.113,0.033028479959285366
672,836,164,0.164,0.04526443987879854
802,901,99,0.099,0.05428790676747526
734,867,133,0.133,0.07610693830379571
780,890,110,0.11,0.0655337576645188
728,864,136,0.136,0.070844061259465
816,908,92,0.092,0.08845806006371781
730,865,135,0.135,0.069171342358314
796,898,102,0.102,0.039268825468821884
738,869,131,0.131,0.06475838105191281
722,861,139,0.139,0.07398665035052329
714,857,143,0.143,0.04544265796347383
748,874,126,0.126,0.04748633483453605
718,859,141,0.141,0.08380146378456658
778,889,111,0.111,0.029061404346024573
768,884,116,0.116,0.05312559383460201
738,869,131,0.131,0.042887247899107424
732,866,134,0.134,0.05646380840493218
780,890,110,0.11,0.02655153588636827
726,863,137,0.137,0.03662020791134215
752,876,124,0.124,0.08397044674186158
758,879,121,0.121,0.0640431187685228
728,864,136,0.136,0.03886335102527626
752,876,124,0.124,0.06441450456963446
786,893,107,0.107,0.09565752013594346
748,874,126,0.126,0.030644748173539214
778,889,111,0.111,0.06595640740971154
804,902,98,0.098,0.08211155774012255
756,878,122,0.122,0.06134742411598721
830,915,85,0.085,0.039372203742447896
788,894,106,0.106,0.04357015134203773
768,884,116,0.116,0.09909356331662755
800,900,100,0.1,0.04674589978945235
798,899,101,0.101,0.0558547995423128
752,876,124,0.124,0.07198662671727607
794,897,103,0.103,0.04299627263952342
746,873,127,0.127,0.07856044524317894
774,887,113,0.113,0.08047364267956017
772,886,114,0.114,0.09844343715303634
756,878,122,0.122,0.06067104505300743
786,893,107,0.107,0.04960907457106734
780,890,110,0.11,0.043679316718463215
792,896,104,0.104,0.06854210288751872
740,870,130,0.13,0.05743387272936876
764,882,118,0.118,0.0400281116648072
764,882,118,0.118,0.08281739585100045
776,888,112,0.112,0.10033996602753628
784,892,108,0.108,0.040974328593294106
782,891,109,0.109,0.06520755194735939
784,892,108,0.108,0.08175248312295134
742,871,129,0.129,0.05311934363327909
826,913,87,0.087,0.046398792333610474
812,906,94,0.094,0.03770180443352778
710,855,145,0.145,0.041623322977196606
800,900,100,0.1,0.08682026300146836
738,869,131,0.131,0.0806176766595276
716,858,142,0.142,0.025196497492499803
758,879,121,0.121,0.05553513852126895
720,860,140,0.14,0.03994869898848738
724,862,138,0.138,0.05998254997196847
748,874,126,0.126,0.04522681510121743
762,881,119,0.119,0.08604310483273629
718,859,141,0.141,0.0499727524980329
732,866,134,0.134,0.05466570754247614
758,879,121,0.121,0.04422251810456017
750,875,125,0.125,0.03822712734634952
764,882,118,0.118,0.06482322222316
792,896,104,0.104,0.036961050366479425
786,893,107,0.107,0.08598418516338535
778,889,111,0.111,0.057235696894525616
794,897,103,0.103,0.07607748948727155
770,885,115,0.115,0.041092256238206136
750,875,125,0.125,0.03435636737895294
788,894,106,0.106,0.06433080698672505
782,891,109,0.109,0.03968510873215115
768,884,116,0.116,0.053451447988464
768,884,116,0.116,0.07265834779899737
750,875,125,0.125,0.040133853512885384
796,898,102,0.102,0.05932325409623604
758,879,121,0.121,0.056595932194473716
776,888,112,0.112,0.07583870072214974
764,882,118,0.118,0.04415381338731011
754,877,123,0.123,0.04509394370432897
764,882,118,0.118,0.06281709889638121
752,876,124,0.124,0.027533814426294555
828,914,86,0.086,0.04055912008335579
796,898,102,0.102,0.08461090288505388
782,891,109,0.109,0.06050917817608064
758,879,121,0.121,0.04414451485614949
734,867,133,0.133,0.05757027737958769
788,894,106,0.106,0.03201574743691053
774,887,113,0.113,0.014577670228546865
710,855,145,0.145,0.06677598700019409
780,890,110,0.11,0.0520179810643088
736,868,132,0.132,0.07936246956152221
716,858,142,0.142,0.032495104649272945
780,890,110,0.11,0.0449429025686803
820,910,90,0.09,0.06501899461828319
786,893,107,0.107,0.07671426554826459
786,893,107,0.107,0.056108012701083995
802,901,99,0.099,0.019303563021856648
782,891,109,0.109,0.06119630134056847
736,868,132,0.132,0.0545378236132739
804,902,98,0.098,0.05023522348185037
826,913,87,0.087,0.07377812297583021
694,847,153,0.153,0.09544716444552699
764,882,118,0.118,0.07846947863128505
752,876,124,0.124,0.06839521544831687
750,875,125,0.125,0.07066053409499289
760,880,120,0.12,0.05619652783615008
830,915,85,0.085,0.06818805224610103
772,886,114,0.114,0.07748996796487966
796,898,102,0.102,0.05628704862292963
768,884,116,0.116,0.03533525550713027
752,876,124,0.124,0.10780858614403749
764,882,118,0.118,0.08275163892371822
750,875,125,0.125,0.07277473314850441
686,843,157,0.157,0.05219068038601077
802,901,99,0.099,0.05323728463612453
740,870,130,0.13,0.036788229018627744
760,880,120,0.12,0.06337686680661064
756,878,122,0.122,0.05220958976061709
776,888,112,0.112,0.05517315399306996
734,867,133,0.133,0.04724571260115351
756,878,122,0.122,0.028832899338287334
728,864,136,0.136,0.04264090266905354
746,873,127,0.127,0.03333244809012517
738,869,131,0.131,0.07216911930374308
818,909,91,0.091,0.086093427947074
736,868,132,0.132,0.03145870876642157
826,913,87,0.087,0.06864609882640202
802,901,99,0.099,0.08584180281003094
756,878,122,0.122,0.06255978178294629
772,886,114,0.114,0.05330803086634646
716,858,142,0.142,0.07760242774204777
768,884,116,0.116,0.0442567165317537
720,860,140,0.14,0.0218829208299839
772,886,114,0.114,0.06757428608897893
734,867,133,0.133,0.06046920548261917
820,910,90,0.09,0.04277764174644372
706,853,147,0.147,0.030663985553777893
750,875,125,0.125,0.025893915719320277
798,899,101,0.101,0.12638076777511345
768,884,116,0.116,0.07905643052482997
752,876,124,0.124,0.07847174524406404
736,868,132,0.132,0.08257245438472408
792,896,104,0.104,0.0916958695523624
756,878,122,0.122,0.0737666757274805
776,888,112,0.112,0.09329700173385579
778,889,111,0.111,0.08169751541011555
752,876,124,0.124,0.06511790570812685
778,889,111,0.111,0.11624869679383716
788,894,106,0.106,0.12200531716962847
720,860,140,0.14,0.043009762003876316
802,901,99,0.099,0.06523658761677843
742,871,129,0.129,0.05356369670081472
762,881,119,0.119,0.03448411370414365
772,886,114,0.114,0.039961797906281134
788,894,106,0.106,0.05811826371087058
778,889,111,0.111,0.07625506076730791
764,882,118,0.118,0.12108414938393829
796,898,102,0.102,0.030270869747985613
790,895,105,0.105,0.10042569978864647
752,876,124,0.124,0.0868385204965162
730,865,135,0.135,0.07821223959055847
734,867,133,0.133,0.04795733048338154
770,885,115,0.115,0.07795743102478678
814,907,93,0.093,0.04624356683749466
804,902,98,0.098,0.05878513523513638
780,890,110,0.11,0.055302206512154756
726,863,137,0.137,0.06321243985538816
818,909,91,0.091,0.07206658488209775
780,890,110,0.11,0.06052388458211861
716,858,142,0.142,0.040937672399107866
738,869,131,0.131,0.03490008357603392
746,873,127,0.127,0.024472947850857237
812,906,94,0.094,0.0830836858727044
746,873,127,0.127,0.0757939321182372
774,887,113,0.113,0.07794125131277772
778,889,111,0.111,0.011562305307725822
820,910,90,0.09,0.06611554954132387
686,843,157,0.157,0.08835974800345035
730,865,135,0.135,0.08907788613539841
768,884,116,0.116,0.0940328727943305
784,892,108,0.108,0.0775607887987163
768,884,116,0.116,0.03211068018954947
736,868,132,0.132,0.16662871273576046
822,911,89,0.089,0.07391388227701264
742,871,129,0.129,0.049901763369197806
772,886,114,0.114,0.12664548979399004
780,890,110,0.11,0.11285363717800866
690,845,155,0.155,0.040838276041160894
764,882,118,0.118,0.07274355374947064
764,882,118,0.118,0.08591107984228688
768,884,116,0.116,0.08911417086346668
746,873,127,0.127,0.05979304046242881
800,900,100,0.1,0.06778801616629156
808,904,96,0.096,0.06620223705289983
796,898,102,0.102,0.07860053344511087
756,878,122,0.122,0.05515642507252974
812,906,94,0.094,0.07374961373985632
742,871,129,0.129,0.07838958641814016
764,882,118,0.118,0.07587108327380275
732,866,134,0.134,0.06947219982613857
762,881,119,0.119,0.05263561528600284
770,885,115,0.115,0.08307520042644269
806,903,97,0.097,0.040289205617247546
816,908,92,0.092,0.06072759716283761
796,898,102,0.102,0.05450170690662999
678,839,161,0.161,0.032433014782680854
780,890,110,0.11,0.03168685908060719
768,884,116,0.116,0.05164163220615275
788,894,106,0.106,0.061827676570396534
748,874,126,0.126,0.12473778159663358
726,863,137,0.137,0.04006862175254288
742,871,129,0.129,0.09147149765445195
814,907,93,0.093,0.06248197172308852
788,894,106,0.106,0.07385057823229073
798,899,101,0.101,0.061025563927422484
658,829,171,0.171,0.02493850652702666
720,860,140,0.14,0.08690319893338981
700,850,150,0.15,0.0633972485792696
802,901,99,0.099,0.09324407068938974
732,866,134,0.134,0.10173700381795614
754,877,123,0.123,0.05913063487902245
808,904,96,0.096,0.08278176383691616
810,905,95,0.095,0.054029001521049995
804,902,98,0.098,0.09258173539225108
764,882,118,0.118,0.08066350190898434
780,890,110,0.11,0.09731672508888387
734,867,133,0.133,0.031312581295169166
752,876,124,0.124,0.08685980618681007
752,876,124,0.124,0.05964294230373605
750,875,125,0.125,0.07911246177959523
712,856,144,0.144,0.11504527107575366
764,882,118,0.118,0.03126305644100097
802,901,99,0.099,0.03262382831216122
814,907,93,0.093,0.06385453190794815
742,871,129,0.129,0.0596091187948449
724,862,138,0.138,0.0796536912357154
776,888,112,0.112,0.0760171812130564
784,892,108,0.108,0.0974748427550939
722,861,139,0.139,0.0395901336314034
700,850,150,0.15,0.05149317010340827
794,897,103,0.103,0.03226564655021332
738,869,131,0.131,0.10143622786283688
736,868,132,0.132,0.027042253168477415
764,882,118,0.118,0.08564203296177335
754,877,123,0.123,0.03641219918009638
794,897,103,0.103,0.0366137789974739
782,891,109,0.109,0.04478556994647528
754,877,123,0.123,0.09117793618475564
728,864,136,0.136,0.029084036371837995
814,907,93,0.093,0.04714886685465805
730,865,135,0.135,0.04281334446121312
786,893,107,0.107,0.06537143611817424
738,869,131,0.131,0.0855902088118099
758,879,121,0.121,0.07451283556845376
800,900,100,0.1,0.09529807917174972
690,845,155,0.155,0.05325968928278705
848,924,76,0.076,0.03885064407929906
718,859,141,0.141,0.09317271850149157
782,891,109,0.109,0.061112496326421906
796,898,102,0.102,0.08342650577203246
704,852,148,0.148,0.03670641788717766
750,875,125,0.125,0.08501578926308455
760,880,120,0.12,0.07767746255921842
788,894,106,0.106,0.05809960577463696
740,870,130,0.13,0.03515648689518382
792,896,104,0.104,0.0346701326663183
732,866,134,0.134,0.056689543607782694
796,898,102,0.102,0.06952858765504474
730,865,135,0.135,0.11438109683197081
808,904,96,0.096,0.0474034708132953
742,871,129,0.129,0.053563235240019366
832,916,84,0.084,0.08843610364188202
678,839,161,0.161,0.07910660388950566
750,875,125,0.125,0.029207477882875095
784,892,108,0.108,0.04791267769871617
800,900,100,0.1,0.060989654871645156
748,874,126,0.126,0.053170187753185036
708,854,146,0.146,0.07399363639018691
684,842,158,0.158,0.06481909286253708
804,902,98,0.098,0.10684769685759231
734,867,133,0.133,0.0724129131524582
764,882,118,0.118,0.07495645762594634
766,883,117,0.117,0.06731699452489098
700,850,150,0.15,0.08056037181892926
802,901,99,0.099,0.09771766513200353
706,853,147,0.147,0.03448383155959665
772,886,114,0.114,0.029126925079784257
800,900,100,0.1,0.06642761069015309
680,840,160,0.16,0.05825940949531008
734,867,133,0.133,0.11941922699839645
822,911,89,0.089,0.03543342477228805
804,902,98,0.098,0.08539623900957129
742,871,129,0.129,0.05699668878273768
714,857,143,0.143,0.03753109657177425
794,897,103,0.103,0.05887538058902405
788,894,106,0.106,0.06438397854078247
758,879,121,0.121,0.06860578622415557
780,890,110,0.11,0.0780285154416012
788,894,106,0.106,0.04333507302697791
728,864,136,0.136,0.04872859110139832
748,874,126,0.126,0.08761366504818434
782,891,109,0.109,0.048169676029334536
684,842,158,0.158,0.036423262055917664
720,860,140,0.14,0.05393756636820835
780,890,110,0.11,0.06687354867615214
746,873,127,0.127,0.04312567045846392
724,862,138,0.138,0.10495082181319501
764,882,118,0.118,0.12349051386546321
706,853,147,0.147,0.059990234245526027
760,880,120,0.12,0.04190207844750435
780,890,110,0.11,0.055761137865658554
774,887,113,0.113,0.05248796074288108
770,885,115,0.115,0.03987639508151453
816,908,92,0.092,0.050702371748390235
772,886,114,0.114,0.07203491710920427
830,915,85,0.085,0.05633142784148272
822,911,89,0.089,0.10811779169488527
822,911,89,0.089,0.06712033014873742
768,884,116,0.116,0.1225273583152353
818,909,91,0.091,0.06342784423949323
754,877,123,0.123,0.07792360935057782
796,898,102,0.102,0.09059640214741249
738,869,131,0.131,0.058853159302112316
754,877,123,0.123,0.0441654812628571
760,880,120,0.12,0.051440104330015474
800,900,100,0.1,0.08582060842762666
682,841,159,0.159,0.07360707205133439
790,895,105,0.105,0.046504264815182904
782,891,109,0.109,0.09622031867567124
806,903,97,0.097,0.06723056814676633
736,868,132,0.132,0.06535250564001137
772,886,114,0.114,0.02966655421968832
788,894,106,0.106,0.05177049330377227
750,875,125,0.125,0.10669441616376327
794,897,103,0.103,0.08118699135342308
786,893,107,0.107,0.031668786811855
726,863,137,0.137,0.08156279032269127
776,888,112,0.112,0.10023448023271339
764,882,118,0.118,0.06801174253339548
766,883,117,0.117,0.09071211608906977
706,853,147,0.147,0.07110661198512215
728,864,136,0.136,0.052583370331941895
778,889,111,0.111,0.08982325352377929
734,867,133,0.133,0.0689493853400441
826,913,87,0.087,0.05954387643673904
714,857,143,0.143,0.09936641408988554
784,892,108,0.108,0.06250485276091634
724,862,138,0.138,0.059609808647424684
754,877,123,0.123,0.07104401333590651
782,891,109,0.109,0.05286887861180675
718,859,141,0.141,0.08616821627694948
810,905,95,0.095,0.07469808709438643
714,857,143,0.143,0.06023821353325844
790,895,105,0.105,0.0895822892533155
762,881,119,0.119,0.02664858069761077
818,909,91,0.091,0.05216781119013038
772,886,114,0.114,0.06709460143034782
798,899,101,0.101,0.04902173634804785
726,863,137,0.137,0.07187467784659074
744,872,128,0.128,0.02395185916315832
730,865,135,0.135,0.044510184737407824
814,907,93,0.093,0.07582624504682291
790,895,105,0.105,0.045132136084963054
750,875,125,0.125,0.0447116775779596
760,880,120,0.12,0.07557487819510846
762,881,119,0.119,0.024242902311855018
748,874,126,0.126,0.06352169861024
752,876,124,0.124,0.0692821169952236
742,871,129,0.129,0.024224946847365515
752,876,124,0.124,0.1143887782333926
754,877,123,0.123,0.04059074912366214
790,895,105,0.105,0.04445511227370236
794,897,103,0.103,0.08041259553932494
736,868,132,0.132,0.0777846627251936
764,882,118,0.118,0.05352882209144288
720,860,140,0.14,0.06568262962766401
736,868,132,0.132,0.06139315343676388
754,877,123,0.123,0.08302806615243948
744,872,128,0.128,0.025063582807692483
778,889,111,0.111,0.07236029072054781
768,884,116,0.116,0.0547534837814618
724,862,138,0.138,0.07046696398923175
768,884,116,0.116,0.02526063935544741
772,886,114,0.114,0.05138275795226021
762,881,119,0.119,0.0428845995451921
778,889,111,0.111,0.04400566148945785
826,913,87,0.087,0.0800078976147821
742,871,129,0.129,0.0651592645192651
730,865,135,0.135,0.033517494466010544
800,900,100,0.1,0.039587570639574965
816,908,92,0.092,0.06588406340661147
748,874,126,0.126,0.042183255451095636
712,856,144,0.144,0.027112786719271895
798,899,101,0.101,0.02676038073840101
814,907,93,0.093,0.07498881913979194
730,865,135,0.135,0.02907094436890749
776,888,112,0.112,0.08023195446113826
820,910,90,0.09,0.06427512146268156
772,886,114,0.114,0.046224938658977546
758,879,121,0.121,0.07214366778340041
824,912,88,0.088,0.061131551382269195
788,894,106,0.106,0.04591092703888126
804,902,98,0.098,0.052160628828959076
744,872,128,0.128,0.09737387927082204
806,903,97,0.097,0.07895815419101507
786,893,107,0.107,0.07675800259753136
814,907,93,0.093,0.05955745836151
706,853,147,0.147,0.06650288025715101
778,889,111,0.111,0.0444994090556124
720,860,140,0.14,0.049217124616865365
812,906,94,0.094,0.09900574092652703
742,871,129,0.129,0.060237886212875597
744,872,128,0.128,0.040570858333594445
722,861,139,0.139,0.03084793082335912
812,906,94,0.094,0.11099299785891938
794,897,103,0.103,0.08266546081292354
744,872,128,0.128,0.05869042487749846
716,858,142,0.142,0.030134940188593872
754,877,123,0.123,0.02827485312525039
758,879,121,0.121,0.07048958240532013
750,875,125,0.125,0.024176848994995198
744,872,128,0.128,0.047197995687789485
808,904,96,0.096,0.09022260385467186
748,874,126,0.126,0.0667745504799356
762,881,119,0.119,0.05175635242565082
716,858,142,0.142,0.03413139354725291
740,870,130,0.13,0.05821584204432841
840,920,80,0.08,0.06355861540869813
744,872,128,0.128,0.030713077096095262
770,885,115,0.115,0.06192166481910772
712,856,144,0.144,0.05249959973628718
784,892,108,0.108,0.050967432217017036
708,854,146,0.146,0.024208637090449785
806,903,97,0.097,0.05489370489105265
762,881,119,0.119,0.06759788339879587
670,835,165,0.165,0.07057084556291064
784,892,108,0.108,0.04715607049380118
852,926,74,0.074,0.06057545746535045
746,873,127,0.127,0.028017155803040126
780,890,110,0.11,0.07499669557893215
778,889,111,0.111,0.0646068865583063
792,896,104,0.104,0.06047437494653569
790,895,105,0.105,0.03639112921331356
798,899,101,0.101,0.06607764188637044
780,890,110,0.11,0.031085597484932493
756,878,122,0.122,0.0402760360732163
760,880,120,0.12,0.03167300836350297
774,887,113,0.113,0.04077378547874534
762,881,119,0.119,0.02859484569698367
750,875,125,0.125,0.05814050846811591
836,918,82,0.082,0.048023042754470266
760,880,120,0.12,0.07573533578158949
814,907,93,0.093,0.09115058718933292
726,863,137,0.137,0.051477463389548006
814,907,93,0.093,0.07572544781986161
798,899,101,0.101,0.07300471088935159
766,883,117,0.117,0.08272180628804539
702,851,149,0.149,0.04907144224760834
730,865,135,0.135,0.09920433601965305
732,866,134,0.134,0.11516074404619529
754,877,123,0.123,0.06739862106369493
752,876,124,0.124,0.04620946074168812
704,852,148,0.148,0.03177786154015817
756,878,122,0.122,0.03499254659089448
750,875,125,0.125,0.0961421264664149
722,861,139,0.139,0.02440326425269862
808,904,96,0.096,0.04312715875952354
728,864,136,0.136,0.06228973097054308
732,866,134,0.134,0.06625828762870568
760,880,120,0.12,0.04538783087945207
714,857,143,0.143,0.045680375011930535
790,895,105,0.105,0.04776253710347084
748,874,126,0.126,0.06531585717628925
794,897,103,0.103,0.0982841281559659
780,890,110,0.11,0.09271402789268544
786,893,107,0.107,0.0325695961882095
748,874,126,0.126,0.022040462903812567
770,885,115,0.115,0.024865461641059326
762,881,119,0.119,0.05168357385284482
776,888,112,0.112,0.04449938498061566
778,889,111,0.111,0.08941362217400049
796,898,102,0.102,0.1074255926207416
794,897,103,0.103,0.05911930817796267
784,892,108,0.108,0.0413250026636699
826,913,87,0.087,0.08299607317899654
774,887,113,0.113,0.06749608606361326
792,896,104,0.104,0.07350414208448794
778,889,111,0.111,0.08400564086619158
750,875,125,0.125,0.03162794297541679
788,894,106,0.106,0.07978900106182099
738,869,131,0.131,0.08822723936453146
758,879,121,0.121,0.08764593321591377
800,900,100,0.1,0.09407674028310448
748,874,126,0.126,0.07188890199351887
776,888,112,0.112,0.03716182341512827
800,900,100,0.1,0.065492291279488
744,872,128,0.128,0.06708147569851113
760,880,120,0.12,0.04512265125174352
808,904,96,0.096,0.10506577668615305
732,866,134,0.134,0.03514355248685881
734,867,133,0.133,0.02896109520480637
704,852,148,0.148,0.041155345682666905
716,858,142,0.142,0.045813524117981556
750,875,125,0.125,0.06937330682507445
758,879,121,0.121,0.030746835808724116
768,884,116,0.116,0.11275706406214843
754,877,123,0.123,0.044101806882095904
734,867,133,0.133,0.08138721793273473
794,897,103,0.103,0.055342735907178905
738,869,131,0.131,0.09811902691922479
740,870,130,0.13,0.022837020628401403
806,903,97,0.097,0.06337214973445508
786,893,107,0.107,0.1417216220954379
786,893,107,0.107,0.1114132163402788
770,885,115,0.115,0.07303707561684178
728,864,136,0.136,0.028309400298590873
778,889,111,0.111,0.05497883561467205
806,903,97,0.097,0.05615469686328947
772,886,114,0.114,0.050215610704294124
734,867,133,0.133,0.09238320714165622
748,874,126,0.126,0.05334170164347882
794,897,103,0.103,0.0963502365150188
748,874,126,0.126,0.08683433636222443
750,875,125,0.125,0.0684041067993719
788,894,106,0.106,0.09830100786378738
800,900,100,0.1,0.0964517481136563
748,874,126,0.126,0.022822141937708578
726,863,137,0.137,0.06484389608716079
772,886,114,0.114,0.033359746637355144
804,902,98,0.098,0.07139731293351574
750,875,125,0.125,0.030843998750050432
722,861,139,0.139,0.10642953125524478
760,880,120,0.12,0.04806421675978851
756,878,122,0.122,0.0821685954569086
770,885,115,0.115,0.047152874619656504
758,879,121,0.121,0.09467877657941613
750,875,125,0.125,0.03851194395547435
774,887,113,0.113,0.04105209782998271
788,894,106,0.106,0.09313368333010458
728,864,136,0.136,0.051584767369527454
746,873,127,0.127,0.0591195831150502
776,888,112,0.112,0.06372260232616592
796,898,102,0.102,0.10439800837270564
756,878,122,0.122,0.07133682286864572
802,901,99,0.099,0.08193279066801236
752,876,124,0.124,0.04223166733574514
772,886,114,0.114,0.05877198749367909
806,903,97,0.097,0.0645055849924464
794,897,103,0.103,0.10623890480051335
742,871,129,0.129,0.04817882092118337
800,900,100,0.1,0.04804395990737908
782,891,109,0.109,0.09114495963561244
844,922,78,0.078,0.0625607267647207
774,887,113,0.113,0.041262467036394926
780,890,110,0.11,0.05982702876848673
792,896,104,0.104,0.06801247216229651
748,874,126,0.126,0.080422650110851
724,862,138,0.138,0.0340167236882821
760,880,120,0.12,0.05817447527387706
742,871,129,0.129,0.045590050298431536
786,893,107,0.107,0.09641094426459676
700,850,150,0.15,0.08535610436353974
782,891,109,0.109,0.07785908414161423
718,859,141,0.141,0.05636669362804042
782,891,109,0.109,0.09131974634340327
770,885,115,0.115,0.10650188414024013
774,887,113,0.113,0.04109173576094558
776,888,112,0.112,0.08036061919477981
800,900,100,0.1,0.035362664904969844
780,890,110,0.11,0.05344051002875071
802,901,99,0.099,0.07090403152845352
758,879,121,0.121,0.11472254253546324
774,887,113,0.113,0.11332611361066493
748,874,126,0.126,0.0829570180297847
810,905,95,0.095,0.05877725647800575
786,893,107,0.107,0.06548773698536667
742,871,129,0.129,0.07205795745162917
778,889,111,0.111,0.03931997270742654
828,914,86,0.086,0.05553879605985658
756,878,122,0.122,0.07033157002573966
794,897,103,0.103,0.034092488145879715
756,878,122,0.122,0.06762530214061392
722,861,139,0.139,0.0620228645817738
746,873,127,0.127,0.05266570099833461
792,896,104,0.104,0.0563807791621429
786,893,107,0.107,0.05797972773182002
794,897,103,0.103,0.051320442048757596
784,892,108,0.108,0.1046800079756331
806,903,97,0.097,0.07309834130527489
764,882,118,0.118,0.09589894415123033
798,899,101,0.101,0.05389748407231966
788,894,106,0.106,0.04526455112598308
798,899,101,0.101,0.05958728435656819
756,878,122,0.122,0.04766211301469157
738,869,131,0.131,0.03929081436632526
770,885,115,0.115,0.03546543203545809
746,873,127,0.127,0.059105352912076345
752,876,124,0.124,0.03730580998960019
756,878,122,0.122,0.14191648674657098
794,897,103,0.103,0.06223828606086854
812,906,94,0.094,0.05039308836350813
748,874,126,0.126,0.058695924941636064
746,873,127,0.127,0.05414666352356906
784,892,108,0.108,0.05318548881923472
638,819,181,0.181,0.02826416500289254
800,900,100,0.1,0.02895530086439618
770,885,115,0.115,0.030641694723314544
776,888,112,0.112,0.042679315012213795
802,901,99,0.099,0.07673080140717554
750,875,125,0.125,0.05660958563856006
792,896,104,0.104,0.08607203626160073
820,910,90,0.09,0.08149988006404761
748,874,126,0.126,0.05181729914325679
722,861,139,0.139,0.09443407560253862
786,893,107,0.107,0.03970080807253829
734,867,133,0.133,0.03462341838693693
790,895,105,0.105,0.08900860392767873
748,874,126,0.126,0.09694803231383929
768,884,116,0.116,0.049836250772817364
754,877,123,0.123,0.07576365647852912
780,890,110,0.11,0.06450832715819835
708,854,146,0.146,0.03190046447396141
732,866,134,0.134,0.09143393744606686
718,859,141,0.141,0.07115890852597281
720,860,140,0.14,0.04585015362827302
750,875,125,0.125,0.024053643864077885
786,893,107,0.107,0.05461367709404268
810,905,95,0.095,0.09241857343647539
766,883,117,0.117,0.05169590538265378
818,909,91,0.091,0.0692590614099728
714,857,143,0.143,0.047219874115524176
806,903,97,0.097,0.0496694172154548
766,883,117,0.117,0.06289365040919936
728,864,136,0.136,0.09392250985768631
774,887,113,0.113,0.0811137698160483
770,885,115,0.115,0.03887570173568447
762,881,119,0.119,0.06339260666338237
778,889,111,0.111,0.07091130303175518
804,902,98,0.098,0.050027156787602396
734,867,133,0.133,0.05392243042311824
752,876,124,0.124,0.027818897980100062
766,883,117,0.117,0.06001631726365701
774,887,113,0.113,0.02823851069868326
776,888,112,0.112,0.10358059214872244
730,865,135,0.135,0.0624049375736666
740,870,130,0.13,0.053248777153522664
744,872,128,0.128,0.03364492961491897
752,876,124,0.124,0.08368364399230552
754,877,123,0.123,0.04676416818649255
742,871,129,0.129,0.06049489519969717
780,890,110,0.11,0.042549623588060644
750,875,125,0.125,0.07017009178262393
724,862,138,0.138,0.03986719988972401
786,893,107,0.107,0.06329456206821854
766,883,117,0.117,0.03937940851849125
728,864,136,0.136,0.04313410753465109
792,896,104,0.104,0.028574837826959694
716,858,142,0.142,0.02878935005315431
780,890,110,0.11,0.03527367960300375
810,905,95,0.095,0.055145817966321065
794,897,103,0.103,0.042358359756270586
770,885,115,0.115,0.04134858665709935
784,892,108,0.108,0.06997771504417509
760,880,120,0.12,0.0761599661290213
718,859,141,0.141,0.08466776950022732
760,880,120,0.12,0.0647239251005356
724,862,138,0.138,0.08370039900765724
770,885,115,0.115,0.08811789360932865
768,884,116,0.116,0.09104500496157578
748,874,126,0.126,0.13772599061881752
770,885,115,0.115,0.03037464938959215
818,909,91,0.091,0.04774789727530354
834,917,83,0.083,0.03718736820128045
722,861,139,0.139,0.08046480288258123
750,875,125,0.125,0.050970236379422884
800,900,100,0.1,0.08777366237453617
796,898,102,0.102,0.05188997774685295
786,893,107,0.107,0.046790414640485535
798,899,101,0.101,0.05880089043308077
792,896,104,0.104,0.06867790132696316
740,870,130,0.13,0.0418968647672463
724,862,138,0.138,0.04315860774000318
740,870,130,0.13,0.07548054491639887
736,868,132,0.132,0.07420643935885775
760,880,120,0.12,0.029628716600477646
764,882,118,0.118,0.03420692939389981
746,873,127,0.127,0.08238651805212563
774,887,113,0.113,0.04417753266799763
816,908,92,0.092,0.05147753995927441
718,859,141,0.141,0.02622090423369201
772,886,114,0.114,0.017297477461214114
800,900,100,0.1,0.07306306287282684
752,876,124,0.124,0.060152446943546864
822,911,89,0.089,0.06516977898608663
758,879,121,0.121,0.02933513863126167
772,886,114,0.114,0.02821316786005487
786,893,107,0.107,0.05113611539959474
704,852,148,0.148,0.040141612576476235
768,884,116,0.116,0.01903936568408662
794,897,103,0.103,0.04558497843941221
752,876,124,0.124,0.038994120227388976
774,887,113,0.113,0.0663162397772152
746,873,127,0.127,0.021941836412980635
748,874,126,0.126,0.07028236616775149
748,874,126,0.126,0.04659735071576712
740,870,130,0.13,0.06954861771121275
766,883,117,0.117,0.038035888791527354
712,856,144,0.144,0.02893283562477383
774,887,113,0.113,0.04176558627789473
758,879,121,0.121,0.04361277096318351
752,876,124,0.124,0.044061606924062816
726,863,137,0.137,0.057687957590088317
780,890,110,0.11,0.10135463655545214
816,908,92,0.092,0.03772648296351429
776,888,112,0.112,0.014417662326826189
798,899,101,0.101,0.05013884390188201
836,918,82,0.082,0.05393486271066901
728,864,136,0.136,0.07855550825566034
716,858,142,0.142,0.043445455992010565
736,868,132,0.132,0.051043778610030455
820,910,90,0.09,0.041641776154448994
740,870,130,0.13,0.04305721980582261
704,852,148,0.148,0.04421835968451964
764,882,118,0.118,0.06652285429661785
742,871,129,0.129,0.056093506895551315
780,890,110,0.11,0.04931451851989259
768,884,116,0.116,0.0910864083418038
716,858,142,0.142,0.043926399382330485
780,890,110,0.11,0.050977692352214846
792,896,104,0.104,0.04905679482451565
718,859,141,0.141,0.07329853341673619
736,868,132,0.132,0.07411659355364933
744,872,128,0.128,0.058408752560165735
758,879,121,0.121,0.024666793316758414
772,886,114,0.114,0.04949971965665982
778,889,111,0.111,0.06189568112892415
746,873,127,0.127,0.018850935921754526
798,899,101,0.101,0.02699423949632704
788,894,106,0.106,0.07187365773854858
738,869,131,0.131,0.034691225611749144
772,886,114,0.114,0.04551295766151728
682,841,159,0.159,0.07141158611751489
742,871,129,0.129,0.0094759080244
724,862,138,0.138,0.029822860352695487
726,863,137,0.137,0.10172696889743098
764,882,118,0.118,0.05450609643240851
750,875,125,0.125,0.031910563633692206
732,866,134,0.134,0.04786094687629941
754,877,123,0.123,0.03717897212791827
798,899,101,0.101,0.08275389211756906
704,852,148,0.148,0.10329044957904197
750,875,125,0.125,0.07048811350013066
754,877,123,0.123,0.028962484695553327
782,891,109,0.109,0.052375200576867155
784,892,108,0.108,0.04077816160038936
754,877,123,0.123,0.04396671243599352
790,895,105,0.105,0.03877265217163723
710,855,145,0.145,0.06157980645230837
764,882,118,0.118,0.06439425246518898
752,876,124,0.124,0.07295357480248353
756,878,122,0.122,0.024650317589663046
722,861,139,0.139,0.05975600396823624
776,888,112,0.112,0.02204677907711802
750,875,125,0.125,0.03427389574079001
776,888,112,0.112,0.04644630481885988
762,881,119,0.119,0.06054830713083081
772,886,114,0.114,0.0630020187132845
792,896,104,0.104,0.03736663200846016
780,890,110,0.11,0.0336214291542029
780,890,110,0.11,0.07597064690485404
806,903,97,0.097,0.035835117241628564
752,876,124,0.124,0.027920144759786523
698,849,151,0.151,0.022226480452059803
802,901,99,0.099,0.04788806023976156
720,860,140,0.14,0.023966839235757674
766,883,117,0.117,0.0724916326925217
780,890,110,0.11,0.02935299884448466
794,897,103,0.103,0.01911401537869662
794,897,103,0.103,0.05824115881101676
770,885,115,0.115,0.028073092836539047
762,881,119,0.119,0.044354057508573845
732,866,134,0.134,0.059465547456533555
704,852,148,0.148,0.031228810751108043
708,854,146,0.146,0.0524509219674583
768,884,116,0.116,0.04904743157065755
776,888,112,0.112,0.014427762567873202
762,881,119,0.119,0.049255295782002835
758,879,121,0.121,0.03866102441963179
724,862,138,0.138,0.05006603567272937
726,863,137,0.137,0.05730846658390176
752,876,124,0.124,0.0823248600590964
788,894,106,0.106,0.019093817185898074
696,848,152,0.152,0.05087218430944803
788,894,106,0.106,0.06806108430119219
762,881,119,0.119,0.05821400370039352
724,862,138,0.138,0.0617699305919342
758,879,121,0.121,0.024796172493702313
724,862,138,0.138,0.02601826817462755
804,902,98,0.098,0.030553049449126745
742,871,129,0.129,0.03533234811224192
794,897,103,0.103,0.046759246528148043
740,870,130,0.13,0.0645306394751317
806,903,97,0.097,0.05954859810384869
754,877,123,0.123,0.08569116599670921
782,891,109,0.109,0.021402572417895272
734,867,133,0.133,0.07463375349755912
750,875,125,0.125,0.03055860580438366
774,887,113,0.113,0.0791099697894304
814,907,93,0.093,0.045905809965862174
766,883,117,0.117,0.03528364933224069
708,854,146,0.146,0.04666684666811725
768,884,116,0.116,0.03346748548129693
778,889,111,0.111,0.07490038400892746
748,874,126,0.126,0.04066177063994512
764,882,118,0.118,0.015749940865299877
772,886,114,0.114,0.044455664970023206
762,881,119,0.119,0.04277455142782673
812,906,94,0.094,0.031115426593177033
770,885,115,0.115,0.07411306120561881
794,897,103,0.103,0.07944545463120874
754,877,123,0.123,0.0616314170582318
742,871,129,0.129,0.0523755805118591
820,910,90,0.09,0.0332236253972424
742,871,129,0.129,0.0752794618514267
768,884,116,0.116,0.0508686112684439
798,899,101,0.101,0.014281476779897603
810,905,95,0.095,0.033299135318422796
758,879,121,0.121,0.06264460619500728
712,856,144,0.144,0.08091506111680086
752,876,124,0.124,0.03304536421783976
792,896,104,0.104,0.019817801229044533
764,882,118,0.118,0.028613146583850294
756,878,122,0.122,0.06041133759554138
730,865,135,0.135,0.024349958765891473
794,897,103,0.103,0.021057581859078682
722,861,139,0.139,0.047784256001787685
776,888,112,0.112,0.05860261743049605
794,897,103,0.103,0.03658416219616859
742,871,129,0.129,0.024974302708296064
786,893,107,0.107,0.024569374465184424
764,882,118,0.118,0.044494683729003046
796,898,102,0.102,0.09038330802218261
722,861,139,0.139,0.01770704057349168
734,867,133,0.133,0.034020930292679906
768,884,116,0.116,0.0358429030055951
776,888,112,0.112,0.048969012267808636
744,872,128,0.128,0.04420112336934254
812,906,94,0.094,0.03396233116545022
768,884,116,0.116,0.02618008595770935
776,888,112,0.112,0.010149858354121662
774,887,113,0.113,0.050554388573197384
776,888,112,0.112,0.04608437263788069
726,863,137,0.137,0.06523849945756192
822,911,89,0.089,0.029867312714077984
776,888,112,0.112,0.04060394649391782
790,895,105,0.105,0.06332835086805151
788,894,106,0.106,0.04156505315020695
770,885,115,0.115,0.02276897802934998
804,902,98,0.098,0.05691071755651323
752,876,124,0.124,0.03556005924194402
780,890,110,0.11,0.04730875970901525
786,893,107,0.107,0.04488553422763694
786,893,107,0.107,0.03277662704636893
754,877,123,0.123,0.03806869734927301
774,887,113,0.113,0.04666648314546748
838,919,81,0.081,0.05278678465441563
754,877,123,0.123,0.025975503599951922
752,876,124,0.124,0.030303719967500968
664,832,168,0.168,0.03289381773657895
782,891,109,0.109,0.08873113080599784
772,886,114,0.114,0.07406203032804916
762,881,119,0.119,0.05103277760971581
726,863,137,0.137,0.10887208878248904
786,893,107,0.107,0.035832846166030136
756,878,122,0.122,0.06403652394855087
790,895,105,0.105,0.06027789386771074
834,917,83,0.083,0.04123774936639992
780,890,110,0.11,0.07369778176136245
756,878,122,0.122,0.03157521128553038
786,893,107,0.107,0.045351057145105185
748,874,126,0.126,0.08367655664282596
788,894,106,0.106,0.046605539099449575
764,882,118,0.118,0.042012622355799153
748,874,126,0.126,0.0647321746616004
800,900,100,0.1,0.03710295250140912
784,892,108,0.108,0.09822793035559524
788,894,106,0.106,0.04348029857922181
734,867,133,0.133,0.02011200574377632
774,887,113,0.113,0.035393034135604365
816,908,92,0.092,0.04002369715887133
798,899,101,0.101,0.043631580520076756
768,884,116,0.116,0.03463330123069133
786,893,107,0.107,0.045713447401407155
720,860,140,0.14,0.08548911611255797
772,886,114,0.114,0.009076397919178717
808,904,96,0.096,0.04573762063939486
718,859,141,0.141,0.056107276289285364
798,899,101,0.101,0.02321927331931906
798,899,101,0.101,0.019858230401078272
734,867,133,0.133,0.04766917166508144
754,877,123,0.123,0.055097455696062725
714,857,143,0.143,0.0356427364716662
806,903,97,0.097,0.02103895287697634
754,877,123,0.123,0.05699844101189856
772,886,114,0.114,0.040034961904791375
716,858,142,0.142,0.04336840094204061
702,851,149,0.149,0.0621482633299553
816,908,92,0.092,0.040302564907965834
820,910,90,0.09,0.03740658346228228
788,894,106,0.106,0.013627883694756818
728,864,136,0.136,0.02019221939938275
762,881,119,0.119,0.041290411389842394
840,920,80,0.08,0.060929431454477496
778,889,111,0.111,0.021003754459180343
788,894,106,0.106,0.031010952560726807
800,900,100,0.1,0.04037438713333776
784,892,108,0.108,0.029349910260581907
738,869,131,0.131,0.028044360895434082
728,864,136,0.136,0.05219881442073627
830,915,85,0.085,0.05141086282370454
830,915,85,0.085,0.0357078202548927
730,865,135,0.135,0.02394391035017381
774,887,113,0.113,0.03362130589517788
750,875,125,0.125,0.038196181787288425
760,880,120,0.12,0.0404033774380237
722,861,139,0.139,0.015002471010091483
726,863,137,0.137,0.019976759455107542
742,871,129,0.129,0.025964453444098878
716,858,142,0.142,0.03159899234009202
812,906,94,0.094,0.03977538438262685
758,879,121,0.121,0.025327840268562822
756,878,122,0.122,0.03370308275259775
750,875,125,0.125,0.028597030443260764
762,881,119,0.119,0.03352356072542317
784,892,108,0.108,0.03410072707003336
838,919,81,0.081,0.027242412648359634
804,902,98,0.098,0.02331029646547435
772,886,114,0.114,0.04167465852514127
716,858,142,0.142,0.02498936026175376
762,881,119,0.119,0.038178662073350876
724,862,138,0.138,0.02876592985107993
880,940,60,0.06,0.037168895433699944
774,887,113,0.113,0.019305822509084847
712,856,144,0.144,0.05048719920069654
724,862,138,0.138,0.04452944415801244
796,898,102,0.102,0.04448520765840857
750,875,125,0.125,0.032022144294836866
830,915,85,0.085,0.026381180174611784
742,871,129,0.129,0.053747009041174056
798,899,101,0.101,0.03373184418209986
804,902,98,0.098,0.03176186897116366
798,899,101,0.101,0.03343182782379005
798,899,101,0.101,0.057163756452507
772,886,114,0.114,0.05133981988491631
700,850,150,0.15,0.02537778799433042
762,881,119,0.119,0.06524377071279071
810,905,95,0.095,0.03188506313647905
762,881,119,0.119,0.03543721441163405
768,884,116,0.116,0.026967878441167742
770,885,115,0.115,0.021083741668410552
784,892,108,0.108,0.02520703351770645
762,881,119,0.119,0.02984683254773873
728,864,136,0.136,0.01662346533219784
644,822,178,0.178,0.03042639956046595
820,910,90,0.09,0.025653855679611353
752,876,124,0.124,0.038990465801959105
736,868,132,0.132,0.015448833126077843
748,874,126,0.126,0.029896062934210987
764,882,118,0.118,0.02096631834315892
756,878,122,0.122,0.0275662399527086
720,860,140,0.14,0.02137849109451986
696,848,152,0.152,0.02709277108591816
788,894,106,0.106,0.046512317650767486
734,867,133,0.133,0.04678438968490977
802,901,99,0.099,0.04312922531667197
722,861,139,0.139,0.04074717047895332
754,877,123,0.123,0.02616750820590359
788,894,106,0.106,0.028919987310385992
812,906,94,0.094,0.03836990320806903
758,879,121,0.121,0.016863989545238
790,895,105,0.105,0.009967393549496236
784,892,108,0.108,0.02288283713822477
726,863,137,0.137,0.028695538738089412
770,885,115,0.115,0.04576955648279647
750,875,125,0.125,0.030789541083599645
800,900,100,0.1,0.02274197768596282
828,914,86,0.086,0.03600226848940346
788,894,106,0.106,0.05778049258301944
760,880,120,0.12,0.025052251395169138
722,861,139,0.139,0.027167668237686727
700,850,150,0.15,0.031572518242664514
774,887,113,0.113,0.042417087628879656
740,870,130,0.13,0.020094929740399066
776,888,112,0.112,0.07701295582237772
820,910,90,0.09,0.044348957086342795
788,894,106,0.106,0.032425901339964286
788,894,106,0.106,0.018147954523609754
734,867,133,0.133,0.05355339474958464
776,888,112,0.112,0.02533892649180433
732,866,134,0.134,0.05708907050236043
830,915,85,0.085,0.027992773816861657
732,866,134,0.134,0.03960323565496057
724,862,138,0.138,0.05117484430898361
820,910,90,0.09,0.035383169442549205
734,867,133,0.133,0.02569139973270917
774,887,113,0.113,0.020573021732180237
770,885,115,0.115,0.04903813920113789
772,886,114,0.114,0.025814240265997556
770,885,115,0.115,0.026044877873007508
782,891,109,0.109,0.03325477737712406
758,879,121,0.121,0.020093146893782204
780,890,110,0.11,0.03663866105490572
774,887,113,0.113,0.037794525818341244
768,884,116,0.116,0.034643724432311826
758,879,121,0.121,0.031083396641801514
780,890,110,0.11,0.021639136028815058
800,900,100,0.1,0.037989619381842615
764,882,118,0.118,0.05799400432620777
746,873,127,0.127,0.030356797049550806
774,887,113,0.113,0.03172661466389486
794,897,103,0.103,0.029985087538654327
810,905,95,0.095,0.012401778052128819
792,896,104,0.104,0.048497973720887926
706,853,147,0.147,0.07133857650772647
794,897,103,0.103,0.037412839480523215
760,880,120,0.12,0.0273203008126856
756,878,122,0.122,0.027971121282064942
746,873,127,0.127,0.027061958469036043
728,864,136,0.136,0.03391895497415422
738,869,131,0.131,0.034433092459919934
754,877,123,0.123,0.024432156897490374
802,901,99,0.099,0.022549282754963214
754,877,123,0.123,0.0424824824626692
802,901,99,0.099,0.022279318429229134
768,884,116,0.116,0.038128245425311416
728,864,136,0.136,0.03251142085677167
830,915,85,0.085,0.03067123037580579
774,887,113,0.113,0.021673586140724354
710,855,145,0.145,0.02418057754889102
730,865,135,0.135,0.012277581461875528
786,893,107,0.107,0.020526287010885907
730,865,135,0.135,0.04725371441952366
762,881,119,0.119,0.02296862495064329
742,871,129,0.129,0.015744416216365322
742,871,129,0.129,0.011606580425780166
824,912,88,0.088,0.021598935149693545
784,892,108,0.108,0.03218532002628008
798,899,101,0.101,0.053743152722456514
794,897,103,0.103,0.03495236154530355
780,890,110,0.11,0.02451945993283421
760,880,120,0.12,0.024287242405167688
790,895,105,0.105,0.04486093493802335
810,905,95,0.095,0.041434934593533757
762,881,119,0.119,0.02734962157675936
758,879,121,0.121,0.029284202401373676
740,870,130,0.13,0.046777591076153174
804,902,98,0.098,0.027276092007616073
796,898,102,0.102,0.03881727283913231
696,848,152,0.152,0.07071499681838594
776,888,112,0.112,0.034202592593842125
798,899,101,0.101,0.042264993399068675
780,890,110,0.11,0.007514312634617383
778,889,111,0.111,0.022327637915013524
780,890,110,0.11,0.02113077743334151
822,911,89,0.089,0.027078729256791816
690,845,155,0.155,0.012263652712273967
754,877,123,0.123,0.021828023510147277
814,907,93,0.093,0.017806481492090683
762,881,119,0.119,0.02191668329700002
814,907,93,0.093,0.03200771203792159
768,884,116,0.116,0.03008891928357194
794,897,103,0.103,0.049164303549285575
824,912,88,0.088,0.0393030657226147
772,886,114,0.114,0.03702456961793921
798,899,101,0.101,0.025669414353843508
770,885,115,0.115,0.030150354061669746
792,896,104,0.104,0.033627466107534164
744,872,128,0.128,0.02631966460801591
754,877,123,0.123,0.027686286961607166
772,886,114,0.114,0.02853960485955231
766,883,117,0.117,0.022580527651208798
768,884,116,0.116,0.03961831399106097
740,870,130,0.13,0.04780821924058127
752,876,124,0.124,0.026027213097395814
808,904,96,0.096,0.025558586814504552
722,861,139,0.139,0.03564348816907329
722,861,139,0.139,0.021725683266629717
790,895,105,0.105,0.03321517248627261
776,888,112,0.112,0.026097178854570316
804,902,98,0.098,0.014829110174659519
708,854,146,0.146,0.028193756179393858
748,874,126,0.126,0.041822807458417585
754,877,123,0.123,0.01793485865086785
806,903,97,0.097,0.03682178045991506
764,882,118,0.118,0.021538371838413766
698,849,151,0.151,0.015003908350255913
748,874,126,0.126,0.028135549167027336
702,851,149,0.149,0.011290104380043062
790,895,105,0.105,0.022408062396896015
808,904,96,0.096,0.022909105241869454
744,872,128,0.128,0.010323472972188568
758,879,121,0.121,0.015980235328979235
756,878,122,0.122,0.034345835312453984
788,894,106,0.106,0.043206378267173474
778,889,111,0.111,0.01898605530952362
712,856,144,0.144,0.02182961273824678
748,874,126,0.126,0.029876677944534236
766,883,117,0.117,0.017417051923104
756,878,122,0.122,0.030757306296382608
728,864,136,0.136,0.011034191243075739
754,877,123,0.123,0.03522678460180995
786,893,107,0.107,0.04309881247780036
724,862,138,0.138,0.03093779676535786
818,909,91,0.091,0.018755649270977427
708,854,146,0.146,0.030025794157152886
710,855,145,0.145,0.024555471810099077
768,884,116,0.116,0.03948254806154075
760,880,120,0.12,0.039701046875207494
788,894,106,0.106,0.028409845317667576
760,880,120,0.12,0.03488511115213886
742,871,129,0.129,0.029527073368135745
730,865,135,0.135,0.028349793090140678
744,872,128,0.128,0.03763152379568227
734,867,133,0.133,0.03250923358565636
756,878,122,0.122,0.023954460438145034
748,874,126,0.126,0.02357267035918079
782,891,109,0.109,0.022718586650362155
828,914,86,0.086,0.05839762204567082
764,882,118,0.118,0.015882140111205232
804,902,98,0.098,0.014021528428823843
856,928,72,0.072,0.0319826149292917
744,872,128,0.128,0.020027931405645107
766,883,117,0.117,0.030657274036768156
730,865,135,0.135,0.0204179126118339
762,881,119,0.119,0.03819542422254671
844,922,78,0.078,0.04257956352336508
760,880,120,0.12,0.01607170150267808
764,882,118,0.118,0.01722044109174719
804,902,98,0.098,0.055842267228923874
744,872,128,0.128,0.017376370563634665
772,886,114,0.114,0.03347122083796872
816,908,92,0.092,0.04030421774467092
804,902,98,0.098,0.019450636469609265
782,891,109,0.109,0.03632347017527255
774,887,113,0.113,0.027780889892566166
808,904,96,0.096,0.04513120139342239
744,872,128,0.128,0.02000533315679036
774,887,113,0.113,0.015431672172653592
788,894,106,0.106,0.04123571178203385
734,867,133,0.133,0.023913950009247103
768,884,116,0.116,0.02325056839161688
786,893,107,0.107,0.03661762810316118
818,909,91,0.091,0.06179640926219858
746,873,127,0.127,0.030169713560380073
764,882,118,0.118,0.040138824349975906
746,873,127,0.127,0.03358555413928248
776,888,112,0.112,0.04049950853880959
752,876,124,0.124,0.02523790102083217
790,895,105,0.105,0.03952376992158672
748,874,126,0.126,0.020412576552474134
768,884,116,0.116,0.02203084065064644
756,878,122,0.122,0.02774173725818284
726,863,137,0.137,0.05081130995152488
750,875,125,0.125,0.018345699457320237
706,853,147,0.147,0.0225473107953717
742,871,129,0.129,0.03428889538656327
772,886,114,0.114,0.02819284438486294
752,876,124,0.124,0.012258587972973857
756,878,122,0.122,0.026131479491103875
824,912,88,0.088,0.021112821587771235
742,871,129,0.129,0.021474255229138095
770,885,115,0.115,0.02545506925683942
790,895,105,0.105,0.030147048510670942
710,855,145,0.145,0.015627125403537563
752,876,124,0.124,0.02899455274427085
794,897,103,0.103,0.02461073283359431
712,856,144,0.144,0.013796570871578907
786,893,107,0.107,0.022783608926811014
664,832,168,0.168,0.06004505958936088
766,883,117,0.117,0.04334855213181585
746,873,127,0.127,0.03031457475501928
836,918,82,0.082,0.030546053163620412
746,873,127,0.127,0.01927189103928012
776,888,112,0.112,0.029177733662705863
776,888,112,0.112,0.026192538759651014
794,897,103,0.103,0.013962571588033584
800,900,100,0.1,0.023725346075272512
774,887,113,0.113,0.021406435107593637
696,848,152,0.152,0.024097214995440878
792,896,104,0.104,0.04064892797831736
742,871,129,0.129,0.0217089785694739
746,873,127,0.127,0.01285484874802259
744,872,128,0.128,0.02208074334956491
720,860,140,0.14,0.02252239784192399
740,870,130,0.13,0.03802936449925258
790,895,105,0.105,0.0318335057418233
768,884,116,0.116,0.04445592711386641
754,877,123,0.123,0.03581806797927709
800,900,100,0.1,0.018467391621617566
744,872,128,0.128,0.023467674454257206
746,873,127,0.127,0.017100734646958018
802,901,99,0.099,0.04819888397271629
778,889,111,0.111,0.03504522045658366
754,877,123,0.123,0.0330530601421239
792,896,104,0.104,0.030260265235813478
778,889,111,0.111,0.03957489161009382
760,880,120,0.12,0.010256809429774591
770,885,115,0.115,0.025778538905181263
748,874,126,0.126,0.01264276035371138
730,865,135,0.135,0.02525928879207055
800,900,100,0.1,0.07039247718410697
756,878,122,0.122,0.011937713013770833
718,859,141,0.141,0.017880931507668875
830,915,85,0.085,0.03472754402972258
766,883,117,0.117,0.05722352247024159
814,907,93,0.093,0.01496009355983027
786,893,107,0.107,0.029159108972587246
800,900,100,0.1,0.03713038190247657
798,899,101,0.101,0.019922952843839298
850,925,75,0.075,0.032458249768337194
738,869,131,0.131,0.02211260693265777
780,890,110,0.11,0.022839090303283884
760,880,120,0.12,0.043964124922620244
844,922,78,0.078,0.051302421452457975
766,883,117,0.117,0.03611853129780437
730,865,135,0.135,0.0392393794701148
788,894,106,0.106,0.024591683686824028
798,899,101,0.101,0.026154900455637217
776,888,112,0.112,0.010132580119774815
742,871,129,0.129,0.012529460445187142
790,895,105,0.105,0.025158692938933
776,888,112,0.112,0.030679139284148248
730,865,135,0.135,0.013146048641335369
768,884,116,0.116,0.021622168045269247
802,901,99,0.099,0.030490923937939427
762,881,119,0.119,0.03121980929880111
716,858,142,0.142,0.019206596305073362
738,869,131,0.131,0.027152277814716255
776,888,112,0.112,0.03762688533842437
806,903,97,0.097,0.035324721452416614
772,886,114,0.114,0.024549902281447628
782,891,109,0.109,0.01577360134175285
808,904,96,0.096,0.02271017724752599
772,886,114,0.114,0.024738769857125534
740,870,130,0.13,0.023539876872763203
768,884,116,0.116,0.052080112543872646
730,865,135,0.135,0.04181179509472355
750,875,125,0.125,0.032738652656218406
768,884,116,0.116,0.01926137408687907
812,906,94,0.094,0.023151862256914343
700,850,150,0.15,0.018151834619218973
728,864,136,0.136,0.027756640537214536
782,891,109,0.109,0.057384547342830286
714,857,143,0.143,0.06933440112834324
742,871,129,0.129,0.013025639478762854
770,885,115,0.115,0.017931120504884858
768,884,116,0.116,0.05055458128438123
766,883,117,0.117,0.01917352691594172
772,886,114,0.114,0.017036468670882328
778,889,111,0.111,0.03128873022134621
750,875,125,0.125,0.026522115156372577
752,876,124,0.124,0.02856940401187488
772,886,114,0.114,0.014366097516611689
772,886,114,0.114,0.04281931169463618
768,884,116,0.116,0.025488571057826336
784,892,108,0.108,0.01301925655935311
748,874,126,0.126,0.0326421283067468
762,881,119,0.119,0.020959734881524538
738,869,131,0.131,0.024441968983438044
788,894,106,0.106,0.03456770553318798
770,885,115,0.115,0.02195034657431772
814,907,93,0.093,0.036104356232453415
752,876,124,0.124,0.028122134343839988
742,871,129,0.129,0.02877948108097853
776,888,112,0.112,0.01655112249316025
824,912,88,0.088,0.02193356412945421
792,896,104,0.104,0.025759390548697383
754,877,123,0.123,0.019857511552007125
756,878,122,0.122,0.011868244790819348
822,911,89,0.089,0.02800856797801518
780,890,110,0.11,0.02527064300156661
766,883,117,0.117,0.04601097726181332
766,883,117,0.117,0.0265181464074373
754,877,123,0.123,0.048307526805909065
756,878,122,0.122,0.02280117491221236
764,882,118,0.118,0.018406859269222805
766,883,117,0.117,0.01859830211337514
818,909,91,0.091,0.024162967785532386
748,874,126,0.126,0.033138782721414003
732,866,134,0.134,0.04675105693903087
766,883,117,0.117,0.012018584850355892
720,860,140,0.14,0.02473308203702726
734,867,133,0.133,0.0171055617055048
730,865,135,0.135,0.04084290687911387
758,879,121,0.121,0.023785095268911732
750,875,125,0.125,0.01557585869226959
712,856,144,0.144,0.010323886647292042
752,876,124,0.124,0.024765609454858947
742,871,129,0.129,0.017340561726403678
762,881,119,0.119,0.022712076252860428
718,859,141,0.141,0.02764411851539657
806,903,97,0.097,0.024170662731710466
790,895,105,0.105,0.011827892116725181
738,869,131,0.131,0.03272426008448343
828,914,86,0.086,0.020937256932702267
714,857,143,0.143,0.024360280875912892
758,879,121,0.121,0.021130539379664456
822,911,89,0.089,0.029708040050326488
790,895,105,0.105,0.025219545939101137
782,891,109,0.109,0.02606848308380084
746,873,127,0.127,0.021617917292888478
748,874,126,0.126,0.01696271274557064
834,917,83,0.083,0.01994134425637188
786,893,107,0.107,0.02151536003082586
762,881,119,0.119,0.03380912418139052
770,885,115,0.115,0.017830371454889273
780,890,110,0.11,0.025735784979506748
766,883,117,0.117,0.01464268671078736
786,893,107,0.107,0.025250559664803406
754,877,123,0.123,0.03349041445457715
770,885,115,0.115,0.029914189268193725
820,910,90,0.09,0.013317904566797765
756,878,122,0.122,0.03431158239988694
746,873,127,0.127,0.06948820492610987
770,885,115,0.115,0.017510362129414772
720,860,140,0.14,0.05717000422627741
736,868,132,0.132,0.04058439503476778
776,888,112,0.112,0.021750094175701305
760,880,120,0.12,0.015082203000725073
726,863,137,0.137,0.027721582194152702
726,863,137,0.137,0.0065798046372072885
764,882,118,0.118,0.0283629208534922
746,873,127,0.127,0.02596255312389249
750,875,125,0.125,0.04806006140377902
768,884,116,0.116,0.014646060942120655
738,869,131,0.131,0.023982853783456833
700,850,150,0.15,0.027840215846934045
792,896,104,0.104,0.021423295844531565
768,884,116,0.116,0.03460027079419981
760,880,120,0.12,0.02403900041574977
808,904,96,0.096,0.02088945017143743
808,904,96,0.096,0.04268610865158675
750,875,125,0.125,0.013008985369051984
710,855,145,0.145,0.01817639439131675
772,886,114,0.114,0.043131639117861255
768,884,116,0.116,0.02877656795707442
720,860,140,0.14,0.016125336125428106
822,911,89,0.089,0.0292303600450923
722,861,139,0.139,0.015692297021510798
670,835,165,0.165,0.027205186414963563
780,890,110,0.11,0.022934379183431348
822,911,89,0.089,0.02133871895523673
788,894,106,0.106,0.01546645206336089
744,872,128,0.128,0.03023881553089322
760,880,120,0.12,0.029241331745493867
794,897,103,0.103,0.029346893864489628
800,900,100,0.1,0.028062063233002945
736,868,132,0.132,0.03182004048344389
844,922,78,0.078,0.024487210626399844
716,858,142,0.142,0.03843952343392998
812,906,94,0.094,0.022982519766397785
678,839,161,0.161,0.012330507030844203
754,877,123,0.123,0.040591272654896884
748,874,126,0.126,0.02582643469519
838,919,81,0.081,0.023549172691618436
792,896,104,0.104,0.028832888444082754
786,893,107,0.107,0.032799434293471694
752,876,124,0.124,0.01622358595997194
766,883,117,0.117,0.029649618714136395
794,897,103,0.103,0.026793841830468453
774,887,113,0.113,0.027471707195362315
820,910,90,0.09,0.01640786203281094
800,900,100,0.1,0.021828908474006085
718,859,141,0.141,0.0314049334192312
782,891,109,0.109,0.03452654140997788
710,855,145,0.145,0.0242725387264221
770,885,115,0.115,0.04626289420135239
742,871,129,0.129,0.035761842452975985
700,850,150,0.15,0.03140959730775532
778,889,111,0.111,0.02076827570928543
760,880,120,0.12,0.04065485700386644
770,885,115,0.115,0.025323907165238767
814,907,93,0.093,0.015293264283615897
666,833,167,0.167,0.0136131045258346
770,885,115,0.115,0.01851587239241083
732,866,134,0.134,0.051467295121697
754,877,123,0.123,0.02372522697318331
760,880,120,0.12,0.010548348540114817
738,869,131,0.131,0.022519671085710114
750,875,125,0.125,0.025199490678919405
