log_avg_ept_score,log_avg_succ_req,log_avg_blk_req,log_avg_BP_req,log_avg_entropy
1312,1656,344,0.172,1.6080151433944703
1356,1678,322,0.161,1.6074258964136243
1336,1668,332,0.166,1.6081173212528228
1402,1701,299,0.1495,1.6080275353193283
1374,1687,313,0.1565,1.6080602395534516
1374,1687,313,0.1565,1.6080465404391289
1334,1667,333,0.1665,1.6080563389658928
1388,1694,306,0.153,1.6080314860343934
1334,1667,333,0.1665,1.6078127326369285
1358,1679,321,0.1605,1.6077597300410271
1324,1662,338,0.169,1.6077000696659087
1312,1656,344,0.172,1.6077413826584817
1318,1659,341,0.1705,1.607363543152809
1272,1636,364,0.182,1.6065491579025983
1240,1620,380,0.19,1.6067486922740937
1382,1691,309,0.1545,1.6064011223465204
1396,1698,302,0.151,1.6069362998604775
1460,1730,270,0.135,1.606951586663723
1400,1700,300,0.15,1.6067191437482833
1394,1697,303,0.1515,1.606836080789566
1348,1674,326,0.163,1.606732404112816
1336,1668,332,0.166,1.6064853335618974
1360,1680,320,0.16,1.6066382774710655
1312,1656,344,0.172,1.606696307361126
1380,1690,310,0.155,1.6063080132603644
1324,1662,338,0.169,1.6053795855981299
1376,1688,312,0.156,1.605995870232582
1340,1670,330,0.165,1.6045061450879439
1344,1672,328,0.164,1.604601768910885
1354,1677,323,0.1615,1.6049422278404235
1338,1669,331,0.1655,1.6039900915026666
1394,1697,303,0.1515,1.6045037135481834
1436,1718,282,0.141,1.6004880106374622
1402,1701,299,0.1495,1.601114447772503
1396,1698,302,0.151,1.5986909142658114
1452,1726,274,0.137,1.6015716617703437
1358,1679,321,0.1605,1.5910956119894981
1398,1699,301,0.1505,1.5903542909920216
1312,1656,344,0.172,1.5896089884266258
1348,1674,326,0.163,1.5888171323388816
1380,1690,310,0.155,1.5591865893524302
1304,1652,348,0.174,1.5559305547872533
1384,1692,308,0.154,1.5565221860855818
1362,1681,319,0.1595,1.5511492898602475
1334,1667,333,0.1665,1.4714408836588264
1292,1646,354,0.177,1.4698491281708703
1408,1704,296,0.148,1.4621836829185486
1352,1676,324,0.162,1.436606675814749
1396,1698,302,0.151,1.3004208342194363
1466,1733,267,0.1335,1.2902000399529934
1478,1739,261,0.1305,1.2485754771381616
1476,1738,262,0.131,1.2442256020458846
1388,1694,306,0.153,1.0352094337393063
1338,1669,331,0.1655,1.0189576156957374
1402,1701,299,0.1495,0.9999074309819843
1354,1677,323,0.1615,0.9723114417459525
1306,1653,347,0.1735,0.8069357237352757
1278,1639,361,0.1805,0.7947199761524845
1398,1699,301,0.1505,0.7910866450369617
1406,1703,297,0.1485,0.7807101704592351
1256,1628,372,0.186,0.8742945063761239
1368,1684,316,0.158,0.8510879556523441
1314,1657,343,0.1715,0.8713459370459968
1370,1685,315,0.1575,0.8884539789121775
1346,1673,327,0.1635,1.0110926108770073
1370,1685,315,0.1575,1.0196679507158697
1426,1713,287,0.1435,1.0228469356298446
1456,1728,272,0.136,1.032151609151464
1370,1685,315,0.1575,1.0819083099663258
1370,1685,315,0.1575,1.0860312401950358
1470,1735,265,0.1325,1.0783802659213544
1348,1674,326,0.163,1.0873553217947483
1396,1698,302,0.151,1.0431038747793064
1386,1693,307,0.1535,1.0472888417989015
1450,1725,275,0.1375,1.0257097963392734
1428,1714,286,0.143,1.0249603573679924
1406,1703,297,0.1485,0.9624239922706038
1402,1701,299,0.1495,0.9511834037750959
1430,1715,285,0.1425,0.9455772185921669
1376,1688,312,0.156,0.9410718624442815
1516,1758,242,0.121,0.833763606350869
1510,1755,245,0.1225,0.8332651674176049
1390,1695,305,0.1525,0.8373081121444707
1474,1737,263,0.1315,0.8274861764237285
1440,1720,280,0.14,0.7731209899783135
1406,1703,297,0.1485,0.7706464168014936
1522,1761,239,0.1195,0.7596126258671284
1502,1751,249,0.1245,0.7610372338667512
1438,1719,281,0.1405,0.7616905306726695
1526,1763,237,0.1185,0.7503810418397188
1424,1712,288,0.144,0.770992996186018
1392,1696,304,0.152,0.7666801770330492
1408,1704,296,0.148,0.7618934837621637
1458,1729,271,0.1355,0.7598921459913254
1484,1742,258,0.129,0.7572442477494479
1372,1686,314,0.157,0.7589179143719376
1506,1753,247,0.1235,0.725427634337917
1388,1694,306,0.153,0.7266115166693926
1492,1746,254,0.127,0.7118124719488141
1428,1714,286,0.143,0.7155241206288337
1376,1688,312,0.156,0.658823166452792
1388,1694,306,0.153,0.6387137287674985
1522,1761,239,0.1195,0.6210578556358815
1518,1759,241,0.1205,0.6054250651523471
1470,1735,265,0.1325,0.5443359729535878
1494,1747,253,0.1265,0.5276734087951481
1468,1734,266,0.133,0.5176131841428578
1510,1755,245,0.1225,0.506268930231221
1438,1719,281,0.1405,0.48780569970235227
1404,1702,298,0.149,0.4915986571237445
1524,1762,238,0.119,0.482707333188504
1514,1757,243,0.1215,0.471982555558905
1486,1743,257,0.1285,0.49947730749472974
1420,1710,290,0.145,0.4923071469813585
1552,1776,224,0.112,0.49321050067041977
1564,1782,218,0.109,0.4936131892427802
1550,1775,225,0.1125,0.46975234406757954
1540,1770,230,0.115,0.4658720348672941
1372,1686,314,0.157,0.46956741699948906
1408,1704,296,0.148,0.4566182586235978
1512,1756,244,0.122,0.3944457798171788
1560,1780,220,0.11,0.38088463177904486
1494,1747,253,0.1265,0.38630103215249256
1498,1749,251,0.1255,0.38125220493710366
1440,1720,280,0.14,0.36617947709560394
1618,1809,191,0.0955,0.3493513922452694
1486,1743,257,0.1285,0.35505680145137014
1474,1737,263,0.1315,0.3661064411625266
1462,1731,269,0.1345,0.37307274087890985
1482,1741,259,0.1295,0.3738493348130014
1544,1772,228,0.114,0.3606853908970952
1520,1760,240,0.12,0.36688106816727667
1554,1777,223,0.1115,0.3535283645913005
1510,1755,245,0.1225,0.34533627715241166
1466,1733,267,0.1335,0.3531493148759473
1528,1764,236,0.118,0.33570161341130733
1552,1776,224,0.112,0.3094856970012188
1530,1765,235,0.1175,0.3033791683516465
1604,1802,198,0.099,0.3017222883934155
1484,1742,258,0.129,0.2995879977848381
1520,1760,240,0.12,0.28360540440573845
1502,1751,249,0.1245,0.2859516834560782
1440,1720,280,0.14,0.28311208689771594
1538,1769,231,0.1155,0.2805465554197117
1536,1768,232,0.116,0.2893379440561403
1536,1768,232,0.116,0.29415460117999465
1528,1764,236,0.118,0.2870635064486414
1536,1768,232,0.116,0.2971787963991519
1620,1810,190,0.095,0.26795045933686196
1524,1762,238,0.119,0.27525171205587684
1518,1759,241,0.1205,0.2717476326460019
1506,1753,247,0.1235,0.26060823527351024
1492,1746,254,0.127,0.23928866110160016
1500,1750,250,0.125,0.23963079109323007
1490,1745,255,0.1275,0.23969799681678045
1510,1755,245,0.1225,0.2361019788403064
1490,1745,255,0.1275,0.247722039323727
1564,1782,218,0.109,0.243996072974056
1580,1790,210,0.105,0.24815188703068997
1630,1815,185,0.0925,0.23910928490012884
1536,1768,232,0.116,0.22008257877640428
1520,1760,240,0.12,0.21312111489661037
1568,1784,216,0.108,0.21208190141618252
1546,1773,227,0.1135,0.20582935849577189
1564,1782,218,0.109,0.19837361350283025
1470,1735,265,0.1325,0.20777535435155733
1506,1753,247,0.1235,0.21568937559053303
1464,1732,268,0.134,0.23147117762676497
1518,1759,241,0.1205,0.2552498033866286
1482,1741,259,0.1295,0.2702827113904059
1566,1783,217,0.1085,0.2659429007694125
1538,1769,231,0.1155,0.27178083595260977
1536,1768,232,0.116,0.27024629716575144
1564,1782,218,0.109,0.26596704904269425
1612,1806,194,0.097,0.25885675323765284
1484,1742,258,0.129,0.26458939274773
1474,1737,263,0.1315,0.2176596331879264
1508,1754,246,0.123,0.2098448444418609
1468,1734,266,0.133,0.21248914549629944
1522,1761,239,0.1195,0.20643758551357314
1536,1768,232,0.116,0.21768154674954712
1562,1781,219,0.1095,0.2189801452085376
1538,1769,231,0.1155,0.23105061099938756
1652,1826,174,0.087,0.22517163553461433
1518,1759,241,0.1205,0.2507630220184874
1536,1768,232,0.116,0.23904378928430378
1462,1731,269,0.1345,0.25673091617974036
1566,1783,217,0.1085,0.23984948661737143
1462,1731,269,0.1345,0.23038559175655246
1466,1733,267,0.1335,0.2279607907515019
1498,1749,251,0.1255,0.23004950183443726
1420,1710,290,0.145,0.22899138890260656
1554,1777,223,0.1115,0.21390148690715433
1574,1787,213,0.1065,0.2110055161640048
1550,1775,225,0.1125,0.21068028296902777
1474,1737,263,0.1315,0.223853147957474
1568,1784,216,0.108,0.20342109791375695
1488,1744,256,0.128,0.2151126511796366
1556,1778,222,0.111,0.20443819756805898
1472,1736,264,0.132,0.21119171616481616
1522,1761,239,0.1195,0.19686589699238538
1622,1811,189,0.0945,0.19616793405264615
1430,1715,285,0.1425,0.20721823439374565
1490,1745,255,0.1275,0.19969195076078178
1520,1760,240,0.12,0.19234667123109103
1654,1827,173,0.0865,0.1773209094721824
1570,1785,215,0.1075,0.18031244687765138
1594,1797,203,0.1015,0.17755498365871608
1458,1729,271,0.1355,0.17792605280317367
1556,1778,222,0.111,0.16401910357922317
1528,1764,236,0.118,0.1722245455356315
1508,1754,246,0.123,0.18000104923849722
1560,1780,220,0.11,0.21233568906062283
1502,1751,249,0.1245,0.20908062818367035
1516,1758,242,0.121,0.21410751231759786
1584,1792,208,0.104,0.20880696925893427
1570,1785,215,0.1075,0.20657745842263103
1550,1775,225,0.1125,0.19616154659725726
1528,1764,236,0.118,0.194090584192425
1572,1786,214,0.107,0.1812985831615515
1554,1777,223,0.1115,0.16912103874981405
1526,1763,237,0.1185,0.1677910305596888
1446,1723,277,0.1385,0.1802345697954297
1398,1699,301,0.1505,0.187506607696414
1530,1765,235,0.1175,0.19977939970418812
1556,1778,222,0.111,0.21658085310086608
1490,1745,255,0.1275,0.22779972131177784
1544,1772,228,0.114,0.21739739399775862
1554,1777,223,0.1115,0.21569361886382102
1578,1789,211,0.1055,0.21579673942178487
1450,1725,275,0.1375,0.2234643875984475
1520,1760,240,0.12,0.2058167499639094
1480,1740,260,0.13,0.18894439931958915
1554,1777,223,0.1115,0.18098196402619943
1524,1762,238,0.119,0.18594442828861066
1494,1747,253,0.1265,0.18189679963258096
1598,1799,201,0.1005,0.19881404296215624
1534,1767,233,0.1165,0.19886570120812394
1482,1741,259,0.1295,0.21344575242325664
1434,1717,283,0.1415,0.23102234399468674
1490,1745,255,0.1275,0.2566853022649884
1542,1771,229,0.1145,0.25505805778115476
1558,1779,221,0.1105,0.2654852640666068
1510,1755,245,0.1225,0.2685840895418078
1532,1766,234,0.117,0.25309007456738897
1390,1695,305,0.1525,0.26280055632442234
1502,1751,249,0.1245,0.2521397705450654
1570,1785,215,0.1075,0.24114952993392944
1474,1737,263,0.1315,0.226374514721334
1556,1778,222,0.111,0.2310611402951181
1518,1759,241,0.1205,0.21401101456442848
1498,1749,251,0.1255,0.21730938422307372
1466,1733,267,0.1335,0.2091923130750656
1530,1765,235,0.1175,0.21659468475356697
1568,1784,216,0.108,0.21372560101002455
1472,1736,264,0.132,0.21654203399643301
1528,1764,236,0.118,0.22621433372795582
1588,1794,206,0.103,0.22074055984988808
1602,1801,199,0.0995,0.22013085287483825
1568,1784,216,0.108,0.21693053905293344
1564,1782,218,0.109,0.19513832300901413
1498,1749,251,0.1255,0.188756216943264
1558,1779,221,0.1105,0.18166833384893835
1572,1786,214,0.107,0.17702358018187805
1572,1786,214,0.107,0.1620183790512383
1564,1782,218,0.109,0.16106052243709565
1490,1745,255,0.1275,0.15742604979127645
1542,1771,229,0.1145,0.15982806061347946
1518,1759,241,0.1205,0.17201782981035527
1546,1773,227,0.1135,0.17325853619579015
1512,1756,244,0.122,0.186203201405704
1594,1797,203,0.1015,0.18019099143519998
1534,1767,233,0.1165,0.20038764558546246
1502,1751,249,0.1245,0.2070780737325549
1610,1805,195,0.0975,0.19531311813369392
1484,1742,258,0.129,0.202775175024537
1574,1787,213,0.1065,0.1813065089136362
1478,1739,261,0.1305,0.19550926779955627
1538,1769,231,0.1155,0.1815854270165294
1528,1764,236,0.118,0.18528542990794267
1496,1748,252,0.126,0.17973721654340624
1522,1761,239,0.1195,0.1763409657664597
1556,1778,222,0.111,0.17918138617277146
1542,1771,229,0.1145,0.18185223919898272
1486,1743,257,0.1285,0.20668020002916454
1580,1790,210,0.105,0.19810137667506933
1438,1719,281,0.1405,0.21472809194028378
1528,1764,236,0.118,0.2049869451262057
1504,1752,248,0.124,0.21670022450387477
1526,1763,237,0.1185,0.21856247331824852
1522,1761,239,0.1195,0.22175957145169378
1492,1746,254,0.127,0.222960894420743
1476,1738,262,0.131,0.21738286570459603
1490,1745,255,0.1275,0.20906090142019093
1602,1801,199,0.0995,0.20007149698957802
1546,1773,227,0.1135,0.20001854185573756
1482,1741,259,0.1295,0.20435533916322418
1564,1782,218,0.109,0.19757052650675178
1556,1778,222,0.111,0.1963469511270523
1480,1740,260,0.13,0.2036866488736123
1466,1733,267,0.1335,0.22258922647871077
1496,1748,252,0.126,0.22171530977264048
1492,1746,254,0.127,0.22540468630939722
1520,1760,240,0.12,0.23618732526525854
1582,1791,209,0.1045,0.2450907894782722
1478,1739,261,0.1305,0.24509572602808474
1472,1736,264,0.132,0.24399934313073754
1602,1801,199,0.0995,0.23461220116727055
1458,1729,271,0.1355,0.2295701137073338
1484,1742,258,0.129,0.21858835334610194
1526,1763,237,0.1185,0.21214289863267913
1550,1775,225,0.1125,0.20922662718407808
1540,1770,230,0.115,0.21717428923927945
1498,1749,251,0.1255,0.2296180746880163
1570,1785,215,0.1075,0.22544055183604358
1564,1782,218,0.109,0.234018697142601
1438,1719,281,0.1405,0.25127705198898914
1552,1776,224,0.112,0.24633749632537366
1550,1775,225,0.1125,0.2530847853273153
1492,1746,254,0.127,0.25416061716526744
1558,1779,221,0.1105,0.2595961150303483
1416,1708,292,0.146,0.27094941239804027
1464,1732,268,0.134,0.2702238640934229
1598,1799,201,0.1005,0.2597776589244604
1500,1750,250,0.125,0.27906908199936153
1554,1777,223,0.1115,0.282218697309494
1492,1746,254,0.127,0.27958960634469987
1500,1750,250,0.125,0.283726478882134
1540,1770,230,0.115,0.2822150018066168
1502,1751,249,0.1245,0.2750369707843948
1598,1799,201,0.1005,0.26545603621006014
1544,1772,228,0.114,0.277797356903553
1492,1746,254,0.127,0.28032917247712613
1570,1785,215,0.1075,0.27442118752002714
1548,1774,226,0.113,0.28052695067226885
1510,1755,245,0.1225,0.28254678880423306
1502,1751,249,0.1245,0.29518565816432235
1554,1777,223,0.1115,0.2856598516777158
1464,1732,268,0.134,0.31498958877549693
1444,1722,278,0.139,0.31807686764132304
1558,1779,221,0.1105,0.3198314566165209
1472,1736,264,0.132,0.3360941104115918
1550,1775,225,0.1125,0.34227402888983494
1558,1779,221,0.1105,0.3457094132006168
1562,1781,219,0.1095,0.33734102407842875
1574,1787,213,0.1065,0.33515619926154616
1560,1780,220,0.11,0.3215384188890457
1430,1715,285,0.1425,0.32060081719607114
1388,1694,306,0.153,0.30739938778430226
1528,1764,236,0.118,0.2917287000194192
1464,1732,268,0.134,0.3013823459893465
1560,1780,220,0.11,0.29689549730718134
1594,1797,203,0.1015,0.2979134935922921
1512,1756,244,0.122,0.29972290485352276
1516,1758,242,0.121,0.2965157598927617
1516,1758,242,0.121,0.2961041588432854
1462,1731,269,0.1345,0.2966913755759597
1420,1710,290,0.145,0.30094252023845913
1472,1736,264,0.132,0.3060292341560125
1518,1759,241,0.1205,0.30184036856889723
1522,1761,239,0.1195,0.3101139525547624
1584,1792,208,0.104,0.3050697916224599
1512,1756,244,0.122,0.3018899640738964
1502,1751,249,0.1245,0.292632501155138
1552,1776,224,0.112,0.26298280454054473
1534,1767,233,0.1165,0.25706304431334137
1418,1709,291,0.1455,0.24889118941873312
1496,1748,252,0.126,0.23552371645346284
1522,1761,239,0.1195,0.2237052827887237
1416,1708,292,0.146,0.23509724419005215
1552,1776,224,0.112,0.2464449242837727
1448,1724,276,0.138,0.2665027860755122
1550,1775,225,0.1125,0.2814362406358123
1508,1754,246,0.123,0.28923440718650817
1506,1753,247,0.1235,0.29989396198838947
1482,1741,259,0.1295,0.30872152965034344
1628,1814,186,0.093,0.2762798625045107
1440,1720,280,0.14,0.2953961153253913
1482,1741,259,0.1295,0.26636642587557435
1534,1767,233,0.1165,0.25640517308562993
1442,1721,279,0.1395,0.2537239925712347
1448,1724,276,0.138,0.24017498417012392
1516,1758,242,0.121,0.22609852216392756
1466,1733,267,0.1335,0.23343556099385024
1464,1732,268,0.134,0.24803807166963815
1564,1782,218,0.109,0.23998471588641404
1512,1756,244,0.122,0.2683734001293778
1478,1739,261,0.1305,0.2833205650150776
1476,1738,262,0.131,0.2974239065349102
1494,1747,253,0.1265,0.3094043224230409
1586,1793,207,0.1035,0.310401603884995
1476,1738,262,0.131,0.32007131721824406
1492,1746,254,0.127,0.29555383923649786
1574,1787,213,0.1065,0.28092562543600796
1488,1744,256,0.128,0.26689568469673397
1524,1762,238,0.119,0.2547678011632524
1544,1772,228,0.114,0.23976281665312127
1498,1749,251,0.1255,0.238772481828928
1446,1723,277,0.1385,0.23488395402842435
1534,1767,233,0.1165,0.22813762068748475
1528,1764,236,0.118,0.23236492289230226
1516,1758,242,0.121,0.23571980454772712
1512,1756,244,0.122,0.250273704547435
1566,1783,217,0.1085,0.2492388102710247
1438,1719,281,0.1405,0.27993953542411326
1566,1783,217,0.1085,0.267063041202724
1442,1721,279,0.1395,0.29078151379525663
1488,1744,256,0.128,0.28177566318958996
1512,1756,244,0.122,0.27355530792474747
1532,1766,234,0.117,0.2779195642670238
1486,1743,257,0.1285,0.2721851029023528
1556,1778,222,0.111,0.259449614264071
1550,1775,225,0.1125,0.2540894544944167
1452,1726,274,0.137,0.26552146912366154
1520,1760,240,0.12,0.25293205285817383
1528,1764,236,0.118,0.2500397951155901
1476,1738,262,0.131,0.2515981648042798
1410,1705,295,0.1475,0.2635326406825334
1604,1802,198,0.099,0.2580826498866081
1460,1730,270,0.135,0.28105008420348165
1412,1706,294,0.147,0.3025204438641667
1484,1742,258,0.129,0.30036213127104566
1414,1707,293,0.1465,0.30085938146710395
1506,1753,247,0.1235,0.3040721941292286
1480,1740,260,0.13,0.3048349806126207
1602,1801,199,0.0995,0.278343597766012
1456,1728,272,0.136,0.2662622171938419
1474,1737,263,0.1315,0.25999304950237273
1566,1783,217,0.1085,0.24064757718518376
1544,1772,228,0.114,0.22937464203312993
1500,1750,250,0.125,0.22514418249577284
1592,1796,204,0.102,0.20986634428426623
1522,1761,239,0.1195,0.2152617689296603
1548,1774,226,0.113,0.2170279264934361
1562,1781,219,0.1095,0.2324783394150436
1588,1794,206,0.103,0.23956974464654923
1534,1767,233,0.1165,0.2485080378986895
1510,1755,245,0.1225,0.2638754803016782
1524,1762,238,0.119,0.28670930929481986
1518,1759,241,0.1205,0.29219263503327964
1570,1785,215,0.1075,0.2999017833694816
1508,1754,246,0.123,0.30912276218645274
1502,1751,249,0.1245,0.2965030143149197
1540,1770,230,0.115,0.2894789593145251
1578,1789,211,0.1055,0.28371960370242594
1494,1747,253,0.1265,0.2868581881204154
1512,1756,244,0.122,0.27623382756859066
1558,1779,221,0.1105,0.26241743118315936
1566,1783,217,0.1085,0.26528985339403155
1640,1820,180,0.09,0.26605275413393975
1534,1767,233,0.1165,0.2769995921869413
1462,1731,269,0.1345,0.2745567716434598
1402,1701,299,0.1495,0.290459290595958
1486,1743,257,0.1285,0.29063413006812333
1446,1723,277,0.1385,0.3322806038713389
1476,1738,262,0.131,0.3376357408054173
1512,1756,244,0.122,0.3412124892175198
1530,1765,235,0.1175,0.3537010819464922
1550,1775,225,0.1125,0.3711371119990945
1454,1727,273,0.1365,0.3820645993798971
1616,1808,192,0.096,0.36317278119921687
1496,1748,252,0.126,0.3619770415471403
1580,1790,210,0.105,0.3341635904684663
1344,1672,328,0.164,0.3409374953955412
1552,1776,224,0.112,0.3099140737056732
1506,1753,247,0.1235,0.30277125027775764
1488,1744,256,0.128,0.29349554819613694
1544,1772,228,0.114,0.28952228143066167
1486,1743,257,0.1285,0.2956943117454648
1564,1782,218,0.109,0.28646519576758145
1460,1730,270,0.135,0.28912903565325543
1568,1784,216,0.108,0.2900384668886413
1510,1755,245,0.1225,0.29501076249033215
1452,1726,274,0.137,0.2973790929540992
1488,1744,256,0.128,0.29203149616345764
1508,1754,246,0.123,0.29393743456155064
1518,1759,241,0.1205,0.2852140214666724
1550,1775,225,0.1125,0.28028686679899695
1528,1764,236,0.118,0.2780681221038103
1596,1798,202,0.101,0.2575890053361654
1470,1735,265,0.1325,0.26616272050887346
1518,1759,241,0.1205,0.25741511151194574
1552,1776,224,0.112,0.24686160945147276
1570,1785,215,0.1075,0.23835578138381242
1522,1761,239,0.1195,0.23969371985644103
1530,1765,235,0.1175,0.23968801628798247
1602,1801,199,0.0995,0.2336122885942459
1482,1741,259,0.1295,0.2516728556677699
1476,1738,262,0.131,0.2507978049442172
1458,1729,271,0.1355,0.2559368956305552
1426,1713,287,0.1435,0.27550126146525145
1522,1761,239,0.1195,0.28930667211860417
1468,1734,266,0.133,0.29602117313444615
1502,1751,249,0.1245,0.30076637656241656
1458,1729,271,0.1355,0.31168542509135844
1566,1783,217,0.1085,0.30913077653944493
1444,1722,278,0.139,0.3092091822475195
1526,1763,237,0.1185,0.30517756451666356
1544,1772,228,0.114,0.27950693245977165
1430,1715,285,0.1425,0.26808093996345994
1536,1768,232,0.116,0.25922879014723005
1586,1793,207,0.1035,0.24879874954372644
1494,1747,253,0.1265,0.2351443758389869
1464,1732,268,0.134,0.2400385585129261
1468,1734,266,0.133,0.24003444090485573
1522,1761,239,0.1195,0.23080956327263266
1472,1736,264,0.132,0.24403139380435232
1570,1785,215,0.1075,0.2518570315875113
1516,1758,242,0.121,0.2494196704585629
1498,1749,251,0.1255,0.25013935630768536
1392,1696,304,0.152,0.2603605549633503
1552,1776,224,0.112,0.24139854894392193
1506,1753,247,0.1235,0.2357936851498671
1554,1777,223,0.1115,0.23668580201570877
1526,1763,237,0.1185,0.2154142587762326
1418,1709,291,0.1455,0.21616071053221822
1544,1772,228,0.114,0.20606354168031793
1540,1770,230,0.115,0.2053654506355524
1478,1739,261,0.1305,0.20895219459047076
1568,1784,216,0.108,0.2126894691064954
1566,1783,217,0.1085,0.21272351930290462
1540,1770,230,0.115,0.21888833658583462
1448,1724,276,0.138,0.23616780310124158
1510,1755,245,0.1225,0.23418386292991875
1594,1797,203,0.1015,0.22126517352461814
1556,1778,222,0.111,0.22229088305309413
1582,1791,209,0.1045,0.21469851042916707
1506,1753,247,0.1235,0.21293580873310566
1542,1771,229,0.1145,0.20889616570062935
1542,1771,229,0.1145,0.20846723296032463
1532,1766,234,0.117,0.21230375078320504
1556,1778,222,0.111,0.21387305216118693
1526,1763,237,0.1185,0.21975580754503607
1560,1780,220,0.11,0.20831666000490123
1512,1756,244,0.122,0.2377745840717107
1474,1737,263,0.1315,0.2465532472394407
1496,1748,252,0.126,0.25322491008085657
1526,1763,237,0.1185,0.24883168154209853
1452,1726,274,0.137,0.2829080129116774
1518,1759,241,0.1205,0.2842437996268272
1596,1798,202,0.101,0.28231468702852724
1490,1745,255,0.1275,0.29301278182445095
1550,1775,225,0.1125,0.28920345214754345
1470,1735,265,0.1325,0.2846586064659059
1490,1745,255,0.1275,0.2831735197007656
1524,1762,238,0.119,0.28090781484753824
1452,1726,274,0.137,0.2796503071635962
1518,1759,241,0.1205,0.27093301282078025
1532,1766,234,0.117,0.2714534866918157
1550,1775,225,0.1125,0.2703155038580298
1586,1793,207,0.1035,0.268638212621212
1470,1735,265,0.1325,0.27675603406876415
1496,1748,252,0.126,0.27501900935359297
1548,1774,226,0.113,0.2665870659649372
1596,1798,202,0.101,0.2658132095448964
1540,1770,230,0.115,0.27360352297499774
1492,1746,254,0.127,0.2656308880746365
1524,1762,238,0.119,0.26513304628117473
1558,1779,221,0.1105,0.2600133016332984
1548,1774,226,0.113,0.2612494618296623
1556,1778,222,0.111,0.2577977264560759
1504,1752,248,0.124,0.2586496465206146
1526,1763,237,0.1185,0.24739272379130126
1538,1769,231,0.1155,0.24640766410902143
1520,1760,240,0.12,0.24718521158397197
1464,1732,268,0.134,0.24954002331197261
1598,1799,201,0.1005,0.24768525940924882
1470,1735,265,0.1325,0.2652337512298734
1544,1772,228,0.114,0.26559562122821806
1592,1796,204,0.102,0.2629323856625706
1480,1740,260,0.13,0.28500446415692565
1428,1714,286,0.143,0.2900630184188485
1566,1783,217,0.1085,0.28297027957439425
1508,1754,246,0.123,0.2802887660264969
1410,1705,295,0.1475,0.2809215299077332
1490,1745,255,0.1275,0.27137150451913294
1582,1791,209,0.1045,0.26120403183251617
1486,1743,257,0.1285,0.2705273434204646
1528,1764,236,0.118,0.25678969991952183
1494,1747,253,0.1265,0.2607408073059851
1560,1780,220,0.11,0.24758318537473678
1512,1756,244,0.122,0.2519596934616566
1516,1758,242,0.121,0.24395094488933683
1492,1746,254,0.127,0.2514715168699622
1526,1763,237,0.1185,0.24740895833598917
1544,1772,228,0.114,0.24778130747005345
1618,1809,191,0.0955,0.2513966753035784
1528,1764,236,0.118,0.2556222105547786
1530,1765,235,0.1175,0.2576614898107946
1512,1756,244,0.122,0.2527842185096815
1556,1778,222,0.111,0.2265559763533529
1584,1792,208,0.104,0.22693878816999494
1492,1746,254,0.127,0.22942983454465865
1508,1754,246,0.123,0.21795910460331808
1498,1749,251,0.1255,0.21939892627159133
1624,1812,188,0.094,0.21312373409597785
1566,1783,217,0.1085,0.21447089687362314
1568,1784,216,0.108,0.21309571064077318
1460,1730,270,0.135,0.22706145648860548
1488,1744,256,0.128,0.22310431567952038
1540,1770,230,0.115,0.2243433700054884
1542,1771,229,0.1145,0.22601351844146847
1482,1741,259,0.1295,0.24084849099069833
1552,1776,224,0.112,0.24082906122505665
1464,1732,268,0.134,0.24544885566830635
1532,1766,234,0.117,0.2396788867339492
1488,1744,256,0.128,0.24386209394782782
1496,1748,252,0.126,0.23295216873288155
1436,1718,282,0.141,0.23774063201248646
1586,1793,207,0.1035,0.22268442074581982
1614,1807,193,0.0965,0.21357794073224068
1504,1752,248,0.124,0.21357780194282533
1532,1766,234,0.117,0.2166712969839573
1528,1764,236,0.118,0.21175300725502894
1502,1751,249,0.1245,0.20975973470323353
1516,1758,242,0.121,0.20910281980782747
1464,1732,268,0.134,0.2143093817792833
1556,1778,222,0.111,0.2085260262824595
1462,1731,269,0.1345,0.24256345629203133
1500,1750,250,0.125,0.23849749661609532
1416,1708,292,0.146,0.25017412113025783
1506,1753,247,0.1235,0.24459186612069606
1446,1723,277,0.1385,0.26137054891791195
1538,1769,231,0.1155,0.2510017221607268
1460,1730,270,0.135,0.25193127135932447
1560,1780,220,0.11,0.23372119667381047
1454,1727,273,0.1365,0.21430325835966504
1478,1739,261,0.1305,0.2049710720088333
1478,1739,261,0.1305,0.19464687433489597
1500,1750,250,0.125,0.18755666997889056
1476,1738,262,0.131,0.18074254030361772
1534,1767,233,0.1165,0.1746913420036435
1560,1780,220,0.11,0.17611332197254523
1522,1761,239,0.1195,0.17579410525783895
1494,1747,253,0.1265,0.18273199026286602
1536,1768,232,0.116,0.17985589951463044
1536,1768,232,0.116,0.18161014968529343
1574,1787,213,0.1065,0.17324967519193887
1472,1736,264,0.132,0.18201733627170325
1582,1791,209,0.1045,0.18066428387910127
1550,1775,225,0.1125,0.1773412961810827
1562,1781,219,0.1095,0.17665115026012063
1564,1782,218,0.109,0.17830916138461772
1488,1744,256,0.128,0.18580549496039747
1438,1719,281,0.1405,0.1986099029518664
1548,1774,226,0.113,0.18703434986938816
1514,1757,243,0.1215,0.20324064003303646
1544,1772,228,0.114,0.20382465191185475
1526,1763,237,0.1185,0.20771517986059188
1520,1760,240,0.12,0.20712499589379876
1480,1740,260,0.13,0.20717728425562384
1532,1766,234,0.117,0.2008050480671227
1510,1755,245,0.1225,0.19885421281307936
1568,1784,216,0.108,0.19108751490880968
1502,1751,249,0.1245,0.18870761466398836
1416,1708,292,0.146,0.193560198828578
1584,1792,208,0.104,0.18466524267941714
1508,1754,246,0.123,0.18862908130752293
1508,1754,246,0.123,0.20032178277149795
1576,1788,212,0.106,0.2000255927890539
1498,1749,251,0.1255,0.2032646788209677
1574,1787,213,0.1065,0.20130434886738657
1592,1796,204,0.102,0.19514763543067964
1532,1766,234,0.117,0.195211289609666
1530,1765,235,0.1175,0.18709980753809213
1578,1789,211,0.1055,0.18053859982267023
1574,1787,213,0.1065,0.16120077063143254
1478,1739,261,0.1305,0.1638094332665205
1486,1743,257,0.1285,0.16223300727829337
1520,1760,240,0.12,0.15730534389615058
1562,1781,219,0.1095,0.16513643352873622
1462,1731,269,0.1345,0.1743732556323521
1462,1731,269,0.1345,0.17632498646527528
1454,1727,273,0.1365,0.18369634591042996
1504,1752,248,0.124,0.19847236368060112
1536,1768,232,0.116,0.19783880036324264
1526,1763,237,0.1185,0.1984034778997302
1558,1779,221,0.1105,0.19347067191824316
1548,1774,226,0.113,0.17604242186248303
1482,1741,259,0.1295,0.17727502439638254
1504,1752,248,0.124,0.1725718343615299
1428,1714,286,0.143,0.16482887976896018
1554,1777,223,0.1115,0.14585400976613164
1554,1777,223,0.1115,0.14449432215094565
1448,1724,276,0.138,0.15198748933989556
1578,1789,211,0.1055,0.14380935886874796
1466,1733,267,0.1335,0.16018381919711827
1546,1773,227,0.1135,0.15794987132400273
1418,1709,291,0.1455,0.17533883503079414
1536,1768,232,0.116,0.1714458507820964
1448,1724,276,0.138,0.1917643385156989
1474,1737,263,0.1315,0.1916787488758564
1478,1739,261,0.1305,0.20124683947861194
1574,1787,213,0.1065,0.183747244797647
1514,1757,243,0.1215,0.17841954792663456
1528,1764,236,0.118,0.17472025467443747
1500,1750,250,0.125,0.17706105415895582
1364,1682,318,0.159,0.16590507967234588
1540,1770,230,0.115,0.14297693548351526
1470,1735,265,0.1325,0.1444194695232436
1428,1714,286,0.143,0.14565779327601194
1488,1744,256,0.128,0.14733227266926405
1646,1823,177,0.0885,0.14629067712649704
1524,1762,238,0.119,0.15273883447481784
1544,1772,228,0.114,0.1550328293731436
1530,1765,235,0.1175,0.15617932302132248
1464,1732,268,0.134,0.15507161975211142
1492,1746,254,0.127,0.15356490024964184
1490,1745,255,0.1275,0.152187958820723
1514,1757,243,0.1215,0.1515016748532653
1466,1733,267,0.1335,0.1580998645927757
1494,1747,253,0.1265,0.15707077492773533
1480,1740,260,0.13,0.15993283549696208
1498,1749,251,0.1255,0.1628735548891127
1508,1754,246,0.123,0.16549127484112977
1518,1759,241,0.1205,0.16490185417607425
1562,1781,219,0.1095,0.16490748347714543
1554,1777,223,0.1115,0.16331264781672508
1532,1766,234,0.117,0.16383944730667424
1496,1748,252,0.126,0.16603840604331344
1528,1764,236,0.118,0.16096037285516648
1430,1715,285,0.1425,0.1702141526806663
1484,1742,258,0.129,0.17861570412991568
1562,1781,219,0.1095,0.1727817324255593
1494,1747,253,0.1265,0.17885317189991473
1492,1746,254,0.127,0.1847378077618778
1528,1764,236,0.118,0.18382459079846739
1554,1777,223,0.1115,0.1809111377283698
1544,1772,228,0.114,0.1837274806760256
1568,1784,216,0.108,0.1715015581957996
1526,1763,237,0.1185,0.15863134700432419
1484,1742,258,0.129,0.15901745260523006
1528,1764,236,0.118,0.15741710157319905
1554,1777,223,0.1115,0.1402922807727009
1536,1768,232,0.116,0.1326714402809739
1556,1778,222,0.111,0.13076531689427792
1562,1781,219,0.1095,0.12990964174084366
1484,1742,258,0.129,0.13097041287273167
1616,1808,192,0.096,0.12788488100469111
1554,1777,223,0.1115,0.13017185392230748
1494,1747,253,0.1265,0.13581335339066572
1536,1768,232,0.116,0.1394047128879465
1598,1799,201,0.1005,0.13842861872166395
1532,1766,234,0.117,0.14290213116630912
1566,1783,217,0.1085,0.14151014693442265
1536,1768,232,0.116,0.1373119003586471
1624,1812,188,0.094,0.12654970479011535
1470,1735,265,0.1325,0.13130729644614006
1540,1770,230,0.115,0.12901151537336408
1456,1728,272,0.136,0.12523436634242535
1572,1786,214,0.107,0.12191275139153003
1486,1743,257,0.1285,0.12831807869022305
1562,1781,219,0.1095,0.12795886578038335
1452,1726,274,0.137,0.13632140035332965
1408,1704,296,0.148,0.1439354723766446
1494,1747,253,0.1265,0.1521217789426446
1528,1764,236,0.118,0.14712896936014294
1450,1725,275,0.1375,0.16637501015438466
1562,1781,219,0.1095,0.1681539138033986
1468,1734,266,0.133,0.1731300181895496
1436,1718,282,0.141,0.1776320619462058
1514,1757,243,0.1215,0.17593947507813573
1450,1725,275,0.1375,0.16434543554857373
1570,1785,215,0.1075,0.1541842942200601
1586,1793,207,0.1035,0.150326244559139
1538,1769,231,0.1155,0.13748371210694313
1546,1773,227,0.1135,0.12046356828324496
1598,1799,201,0.1005,0.1156038848850876
1616,1808,192,0.096,0.11374707252221106
1456,1728,272,0.136,0.11850851110555231
1590,1795,205,0.1025,0.12079933627322316
1530,1765,235,0.1175,0.12474745393265038
1514,1757,243,0.1215,0.1289956620130688
1578,1789,211,0.1055,0.13967621759697796
1574,1787,213,0.1065,0.1513757478259504
1484,1742,258,0.129,0.16615324721485375
1568,1784,216,0.108,0.1549018395319581
1454,1727,273,0.1365,0.16176057820988354
1554,1777,223,0.1115,0.15241634835279547
1510,1755,245,0.1225,0.16811744192615152
1574,1787,213,0.1065,0.1535086406993214
1582,1791,209,0.1045,0.14597389452531934
1434,1717,283,0.1415,0.14118636722536757
1556,1778,222,0.111,0.1391232969649136
1520,1760,240,0.12,0.12832912155613302
1518,1759,241,0.1205,0.13022103920578956
1496,1748,252,0.126,0.13981787517666816
1480,1740,260,0.13,0.1470299088768661
1488,1744,256,0.128,0.15011829729750753
1442,1721,279,0.1395,0.17749971121549607
1512,1756,244,0.122,0.1893066253848374
1588,1794,206,0.103,0.19517968259006738
1492,1746,254,0.127,0.20445595228299498
1498,1749,251,0.1255,0.19697417806088924
1532,1766,234,0.117,0.19879946334287524
1494,1747,253,0.1265,0.19149675089493393
1460,1730,270,0.135,0.1943359405566007
1570,1785,215,0.1075,0.17526345460116863
1548,1774,226,0.113,0.16421642409852938
1486,1743,257,0.1285,0.16549989427626133
1426,1713,287,0.1435,0.16584073182940484
1462,1731,269,0.1345,0.16292731495201587
1492,1746,254,0.127,0.1729140585027635
1494,1747,253,0.1265,0.17860177562758325
1542,1771,229,0.1145,0.18058235573768616
1480,1740,260,0.13,0.20146868834504858
1516,1758,242,0.121,0.2264208322018385
1482,1741,259,0.1295,0.23187363809719683
1514,1757,243,0.1215,0.2259777045622468
1570,1785,215,0.1075,0.21638133918493987
1512,1756,244,0.122,0.20830840952132162
1474,1737,263,0.1315,0.20330663228034973
1518,1759,241,0.1205,0.20247045265883207
1588,1794,206,0.103,0.17862084494531252
1620,1810,190,0.095,0.156242143034935
1596,1798,202,0.101,0.16094232039485107
1498,1749,251,0.1255,0.16270421420782805
1498,1749,251,0.1255,0.15680263943597675
1504,1752,248,0.124,0.17507384045422078
1524,1762,238,0.119,0.17958535994403083
1508,1754,246,0.123,0.1863001510128379
1458,1729,271,0.1355,0.21517482041195035
1562,1781,219,0.1095,0.24235722493659706
1526,1763,237,0.1185,0.24838785792142154
1468,1734,266,0.133,0.25766632954776286
1624,1812,188,0.094,0.2513861955553293
1590,1795,205,0.1025,0.2460856513120234
1542,1771,229,0.1145,0.24486735624447464
1556,1778,222,0.111,0.23711124966293573
1570,1785,215,0.1075,0.20533058357611322
1550,1775,225,0.1125,0.1823228598077194
1510,1755,245,0.1225,0.18296159834973513
1574,1787,213,0.1065,0.179002015767619
1426,1713,287,0.1435,0.19157275785008235
1432,1716,284,0.142,0.2242959512770176
1548,1774,226,0.113,0.2207889906395558
1506,1753,247,0.1235,0.23382569110020995
1546,1773,227,0.1135,0.27647527580708264
1536,1768,232,0.116,0.3113338652327657
1572,1786,214,0.107,0.3173754770234227
1536,1768,232,0.116,0.3234629028588533
1524,1762,238,0.119,0.34987905383110046
1532,1766,234,0.117,0.3455634783182468
1514,1757,243,0.1215,0.3362009527236223
1558,1779,221,0.1105,0.3304428084418178
1574,1787,213,0.1065,0.30271948149055244
1552,1776,224,0.112,0.28832484684884546
1500,1750,250,0.125,0.29013433719426396
1486,1743,257,0.1285,0.2788890600390732
1502,1751,249,0.1245,0.28059538421960317
1480,1740,260,0.13,0.3079102440442554
1514,1757,243,0.1215,0.30760449104011056
1522,1761,239,0.1195,0.3159282452762127
1430,1715,285,0.1425,0.3672117874696851
1484,1742,258,0.129,0.3845908151641488
1476,1738,262,0.131,0.38980755509126175
1518,1759,241,0.1205,0.39838070602342485
1434,1717,283,0.1415,0.4197094074456327
1478,1739,261,0.1305,0.4223577957600355
1544,1772,228,0.114,0.4074085716456191
1422,1711,289,0.1445,0.41611135947704314
1506,1753,247,0.1235,0.39382839461255936
1450,1725,275,0.1375,0.364246807962656
1492,1746,254,0.127,0.34800000801682474
1506,1753,247,0.1235,0.3403780345916748
1494,1747,253,0.1265,0.32292339458316566
1494,1747,253,0.1265,0.30381191323697565
1510,1755,245,0.1225,0.30047119633853436
1568,1784,216,0.108,0.2958002131264657
1464,1732,268,0.134,0.3015912440158427
1390,1695,305,0.1525,0.3036092207208276
1472,1736,264,0.132,0.29836423636227843
1604,1802,198,0.099,0.2919931558519602
1566,1783,217,0.1085,0.29963430315069856
1468,1734,266,0.133,0.30118253602087497
1532,1766,234,0.117,0.2993135636001825
1544,1772,228,0.114,0.28840030333399774
1558,1779,221,0.1105,0.2703693118374795
1460,1730,270,0.135,0.257429026350379
1540,1770,230,0.115,0.2435296101134736
1502,1751,249,0.1245,0.2431166765987873
1504,1752,248,0.124,0.22013688397068407
1484,1742,258,0.129,0.21677795020490884
1578,1789,211,0.1055,0.20962395364046096
1470,1735,265,0.1325,0.21539456793293357
1566,1783,217,0.1085,0.20721308821812273
1434,1717,283,0.1415,0.21845943218469618
1564,1782,218,0.109,0.213208662122488
1514,1757,243,0.1215,0.2177151868417859
1536,1768,232,0.116,0.22049942884920165
1484,1742,258,0.129,0.22846489357948302
1502,1751,249,0.1245,0.22492009366303684
1556,1778,222,0.111,0.22301202353835106
1504,1752,248,0.124,0.21179970917478202
1584,1792,208,0.104,0.1988362551573664
1600,1800,200,0.1,0.19622479908168317
1570,1785,215,0.1075,0.19733419347181916
1600,1800,200,0.1,0.1772464873082936
1516,1758,242,0.121,0.17574450234696268
1494,1747,253,0.1265,0.17612618632055818
1530,1765,235,0.1175,0.1731063956208527
1578,1789,211,0.1055,0.1680973283313215
1530,1765,235,0.1175,0.17321539437398314
1540,1770,230,0.115,0.177037306333601
1480,1740,260,0.13,0.17842870224895888
1530,1765,235,0.1175,0.1887315274038119
1474,1737,263,0.1315,0.2032897875852068
1582,1791,209,0.1045,0.19356292597949504
1536,1768,232,0.116,0.20106702739745377
1460,1730,270,0.135,0.21354766446352005
1556,1778,222,0.111,0.20578503375127913
1520,1760,240,0.12,0.21171482004597783
1492,1746,254,0.127,0.20939538004249333
1514,1757,243,0.1215,0.20016997044347226
1580,1790,210,0.105,0.18621169391306147
1504,1752,248,0.124,0.1904386041201651
1490,1745,255,0.1275,0.19305757297575474
1502,1751,249,0.1245,0.18584811781346797
1580,1790,210,0.105,0.17809404921531677
1510,1755,245,0.1225,0.1828758186660707
1566,1783,217,0.1085,0.17873773020505906
1634,1817,183,0.0915,0.17545047838240863
1496,1748,252,0.126,0.18435162557661533
1590,1795,205,0.1025,0.1821252718940377
1516,1758,242,0.121,0.18722998966276647
1500,1750,250,0.125,0.19337374089984224
1520,1760,240,0.12,0.19623770067095755
1516,1758,242,0.121,0.2009961091626295
1496,1748,252,0.126,0.19816677709296346
1444,1722,278,0.139,0.2078874641917646
1522,1761,239,0.1195,0.20223446195945144
1482,1741,259,0.1295,0.20260158869996667
1472,1736,264,0.132,0.2062254071868956
1514,1757,243,0.1215,0.20518343557417393
1472,1736,264,0.132,0.20209524858370423
1402,1701,299,0.1495,0.20194396004080772
1534,1767,233,0.1165,0.1951718280352652
1466,1733,267,0.1335,0.18948125261318546
1480,1740,260,0.13,0.19003694226930815
1568,1784,216,0.108,0.18210051381960513
1434,1717,283,0.1415,0.18668655604124068
1488,1744,256,0.128,0.18862111719325184
1508,1754,246,0.123,0.2047852652557194
1498,1749,251,0.1255,0.1915479371920228
1544,1772,228,0.114,0.1931594985537231
1546,1773,227,0.1135,0.19370692519843577
1528,1764,236,0.118,0.2084301157593727
1580,1790,210,0.105,0.19339832626655698
1512,1756,244,0.122,0.19867466873303055
1452,1726,274,0.137,0.21086098673380912
1458,1729,271,0.1355,0.2061318430826068
1586,1793,207,0.1035,0.19806616791337728
1496,1748,252,0.126,0.21886263459548355
1520,1760,240,0.12,0.23008448258042963
1524,1762,238,0.119,0.24891523632779716
1538,1769,231,0.1155,0.24132885934412485
1542,1771,229,0.1145,0.24295776511728764
1516,1758,242,0.121,0.24932680892199277
1534,1767,233,0.1165,0.2505206086114049
1502,1751,249,0.1245,0.2553889645934105
1542,1771,229,0.1145,0.25169538803584873
1550,1775,225,0.1125,0.2352739080041647
1576,1788,212,0.106,0.23177534560859203
1536,1768,232,0.116,0.24370649417908863
1592,1796,204,0.102,0.24026143876463174
1542,1771,229,0.1145,0.22327782147377728
1456,1728,272,0.136,0.23544783225655555
1526,1763,237,0.1185,0.24101458660513161
1480,1740,260,0.13,0.24284501967579125
1582,1791,209,0.1045,0.259491709113121
1556,1778,222,0.111,0.2695076975300908
1592,1796,204,0.102,0.27250035711377857
1526,1763,237,0.1185,0.2741200608834841
1544,1772,228,0.114,0.2737824976667762
1526,1763,237,0.1185,0.26567241781251505
1432,1716,284,0.142,0.2654683167114854
1468,1734,266,0.133,0.26717791429162024
1490,1745,255,0.1275,0.2541802198663354
1522,1761,239,0.1195,0.2632387608662248
1610,1805,195,0.0975,0.25771446733176706
1558,1779,221,0.1105,0.2612343707829714
1442,1721,279,0.1395,0.28104725443571804
1462,1731,269,0.1345,0.29142064006626606
1426,1713,287,0.1435,0.2922234492115676
1516,1758,242,0.121,0.28701944564655424
1534,1767,233,0.1165,0.29671910797059536
1530,1765,235,0.1175,0.30068455532938243
1548,1774,226,0.113,0.29762082937316336
1456,1728,272,0.136,0.2990334543958306
1438,1719,281,0.1405,0.28307895760575774
1390,1695,305,0.1525,0.2841683758273721
1522,1761,239,0.1195,0.2624718995988369
1490,1745,255,0.1275,0.2693521964773536
1552,1776,224,0.112,0.25686071636527774
1438,1719,281,0.1405,0.26223176161199807
1492,1746,254,0.127,0.2567987644976674
1488,1744,256,0.128,0.2535811068713665
1510,1755,245,0.1225,0.2703499284759164
1452,1726,274,0.137,0.2731332924179733
1556,1778,222,0.111,0.26640986965596675
1540,1770,230,0.115,0.2670088339298963
1564,1782,218,0.109,0.27290861507470254
1508,1754,246,0.123,0.2781848625391722
1426,1713,287,0.1435,0.27391227282583713
1534,1767,233,0.1165,0.2681220895946026
1542,1771,229,0.1145,0.2629494743719697
1460,1730,270,0.135,0.2750449756314047
1440,1720,280,0.14,0.2796580735705793
1572,1786,214,0.107,0.26947562950849535
1434,1717,283,0.1415,0.3009223760738969
1504,1752,248,0.124,0.3037036737781018
1592,1796,204,0.102,0.30337619171943514
1496,1748,252,0.126,0.3089770258963108
1548,1774,226,0.113,0.3273794720484875
1586,1793,207,0.1035,0.3285549055635929
1506,1753,247,0.1235,0.32719892559945585
1506,1753,247,0.1235,0.3315951579213142
1544,1772,228,0.114,0.3139107661175718
1494,1747,253,0.1265,0.31131361492723225
1550,1775,225,0.1125,0.3015368556928588
1594,1797,203,0.1015,0.29686139095574615
1578,1789,211,0.1055,0.2810490413606167
1520,1760,240,0.12,0.2889074087962508
1496,1748,252,0.126,0.2836147193573415
1534,1767,233,0.1165,0.28146130254864693
1518,1759,241,0.1205,0.2873190744295716
1536,1768,232,0.116,0.29522142763063314
1542,1771,229,0.1145,0.2964366793185472
1520,1760,240,0.12,0.299098426103592
1504,1752,248,0.124,0.3037099593281746
1456,1728,272,0.136,0.31155341620292165
1610,1805,195,0.0975,0.29590858725458385
1486,1743,257,0.1285,0.30614388474822046
1494,1747,253,0.1265,0.29309504391998054
1468,1734,266,0.133,0.29098423901945353
1544,1772,228,0.114,0.282482301287353
1518,1759,241,0.1205,0.2815682391113951
1460,1730,270,0.135,0.2800094034150243
1558,1779,221,0.1105,0.2755330557599664
1530,1765,235,0.1175,0.27647375024855136
1516,1758,242,0.121,0.2792512823997531
1430,1715,285,0.1425,0.29607123209536074
1534,1767,233,0.1165,0.2904481619386934
1606,1803,197,0.0985,0.2871740973368287
1510,1755,245,0.1225,0.29135146159794295
1512,1756,244,0.122,0.28523022335022685
1528,1764,236,0.118,0.2783756598830223
1602,1801,199,0.0995,0.27139243777296723
1444,1722,278,0.139,0.26998679811507464
1600,1800,200,0.1,0.22925926042348146
1528,1764,236,0.118,0.22735980354249477
1460,1730,270,0.135,0.23383753917366265
1518,1759,241,0.1205,0.21911945264041424
1514,1757,243,0.1215,0.2104190047159791
1436,1718,282,0.141,0.20971219912916422
1654,1827,173,0.0865,0.2015345726534724
1404,1702,298,0.149,0.2161063349157799
1504,1752,248,0.124,0.20714653960615398
1628,1814,186,0.093,0.1956726404801011
1570,1785,215,0.1075,0.19896231266856193
1506,1753,247,0.1235,0.20387764547503504
1530,1765,235,0.1175,0.1761843312419951
1462,1731,269,0.1345,0.17340816509828438
1444,1722,278,0.139,0.17315926290675998
1528,1764,236,0.118,0.16711736056156223
1522,1761,239,0.1195,0.15386825249623506
1558,1779,221,0.1105,0.14920394507423043
1446,1723,277,0.1385,0.1564012605752796
1550,1775,225,0.1125,0.15237596168695017
1612,1806,194,0.097,0.1597994762659073
1526,1763,237,0.1185,0.16518229601159692
1518,1759,241,0.1205,0.16934192334488035
1566,1783,217,0.1085,0.16643775999278296
1528,1764,236,0.118,0.17003651862218977
1502,1751,249,0.1245,0.17284677704796195
1606,1803,197,0.0985,0.16733285937830805
1506,1753,247,0.1235,0.17359784988722093
1502,1751,249,0.1245,0.16422852049674838
1580,1790,210,0.105,0.15934169871639461
1480,1740,260,0.13,0.16151117819931823
1524,1762,238,0.119,0.1598655244356487
1566,1783,217,0.1085,0.15494085214659573
1534,1767,233,0.1165,0.15695739836478867
1540,1770,230,0.115,0.15825207506678998
1560,1780,220,0.11,0.15715284153074027
1500,1750,250,0.125,0.16577450676262379
1480,1740,260,0.13,0.17029687174572608
1458,1729,271,0.1355,0.16775482870836317
1526,1763,237,0.1185,0.16687543013691902
1470,1735,265,0.1325,0.18286321721598506
1486,1743,257,0.1285,0.1815772839076817
1590,1795,205,0.1025,0.17615045865625142
1630,1815,185,0.0925,0.17118150709569455
1486,1743,257,0.1285,0.15655669332668185
1604,1802,198,0.099,0.1439428536612651
1490,1745,255,0.1275,0.14743741732649504
1580,1790,210,0.105,0.1400853653345257
1552,1776,224,0.112,0.12664247067982798
1580,1790,210,0.105,0.12234672848694027
1502,1751,249,0.1245,0.12337284702685429
1586,1793,207,0.1035,0.12328552917577326
1576,1788,212,0.106,0.13380875332280995
1502,1751,249,0.1245,0.14410403612692607
1546,1773,227,0.1135,0.14066660762019456
1508,1754,246,0.123,0.14429597987327725
1490,1745,255,0.1275,0.15904561180993915
1562,1781,219,0.1095,0.1531841371320188
1552,1776,224,0.112,0.15668373234942556
1578,1789,211,0.1055,0.15521197046339513
1578,1789,211,0.1055,0.14206799127161504
1508,1754,246,0.123,0.14548083608079468
1476,1738,262,0.131,0.15170107843354344
1490,1745,255,0.1275,0.14855916102975608
1496,1748,252,0.126,0.12899559466913343
1544,1772,228,0.114,0.1300313330516219
1582,1791,209,0.1045,0.12689266617968678
1518,1759,241,0.1205,0.12944591273926198
1570,1785,215,0.1075,0.12152671521529555
1502,1751,249,0.1245,0.12243939305553253
1552,1776,224,0.112,0.12133231930807233
1532,1766,234,0.117,0.1236179232767307
1566,1783,217,0.1085,0.1397520468197763
1604,1802,198,0.099,0.14339538635313512
1608,1804,196,0.098,0.14020719799771905
1620,1810,190,0.095,0.14328854187950493
1534,1767,233,0.1165,0.14358019208873157
1620,1810,190,0.095,0.1376555574974518
1470,1735,265,0.1325,0.14015480732917784
1542,1771,229,0.1145,0.1402000210955739
1592,1796,204,0.102,0.12801457116752862
1608,1804,196,0.098,0.12670116827264427
1518,1759,241,0.1205,0.12952988409623503
1490,1745,255,0.1275,0.13148613748326898
1532,1766,234,0.117,0.15081648820359259
1534,1767,233,0.1165,0.15011444595083595
1496,1748,252,0.126,0.15633945059403778
1564,1782,218,0.109,0.15440961154922844
1590,1795,205,0.1025,0.17588909092236735
1488,1744,256,0.128,0.18165725491940976
1498,1749,251,0.1255,0.18110359610803425
1542,1771,229,0.1145,0.17958184484764933
1536,1768,232,0.116,0.1727082966649905
1492,1746,254,0.127,0.17692698777557234
1570,1785,215,0.1075,0.1715915841087699
1548,1774,226,0.113,0.17035332634299993
1424,1712,288,0.144,0.16129655608348548
1612,1806,194,0.097,0.15440191504661926
1576,1788,212,0.106,0.1513140722233802
1528,1764,236,0.118,0.15264952082093805
1538,1769,231,0.1155,0.17389000325066445
1540,1770,230,0.115,0.1744321890415158
1472,1736,264,0.132,0.17964615190029146
1564,1782,218,0.109,0.17746280928328634
1480,1740,260,0.13,0.21978499835729598
1604,1802,198,0.099,0.21644152752682566
1492,1746,254,0.127,0.2227066785916686
1508,1754,246,0.123,0.2239149269796908
1586,1793,207,0.1035,0.23112991343438624
1496,1748,252,0.126,0.24286794811114668
1492,1746,254,0.127,0.24085517732053996
1546,1773,227,0.1135,0.233342201939784
1572,1786,214,0.107,0.22092671647667886
1572,1786,214,0.107,0.22127998797595502
1534,1767,233,0.1165,0.22519661109149455
1560,1780,220,0.11,0.21941739697009324
1548,1774,226,0.113,0.22667474474012853
1464,1732,268,0.134,0.22835337525233626
1472,1736,264,0.132,0.23205939995183145
1484,1742,258,0.129,0.23613983373192604
1498,1749,251,0.1255,0.28021889132261274
1538,1769,231,0.1155,0.2872131225150661
1544,1772,228,0.114,0.28611989246308805
1488,1744,256,0.128,0.29093044954082686
1562,1781,219,0.1095,0.32257084492221477
1456,1728,272,0.136,0.33541661424935354
1528,1764,236,0.118,0.33008236119151113
1540,1770,230,0.115,0.3293617126047611
1508,1754,246,0.123,0.32954596090246924
1480,1740,260,0.13,0.3423643579557538
1534,1767,233,0.1165,0.33447316102683544
1546,1773,227,0.1135,0.33186413790584446
1594,1797,203,0.1015,0.32700974195450544
1510,1755,245,0.1225,0.34018262919683284
1534,1767,233,0.1165,0.3438052747473121
1570,1785,215,0.1075,0.33441148841753604
1526,1763,237,0.1185,0.3509863779768348
1560,1780,220,0.11,0.34878961953520776
1540,1770,230,0.115,0.35830312785634305
1480,1740,260,0.13,0.3538795755803585
1550,1775,225,0.1125,0.3729605551422652
1520,1760,240,0.12,0.3754578231491032
1454,1727,273,0.1365,0.3836094609145075
1520,1760,240,0.12,0.38299888564646245
1438,1719,281,0.1405,0.415521303281188
1544,1772,228,0.114,0.408200265198946
1532,1766,234,0.117,0.41444562944956126
1484,1742,258,0.129,0.4200806818403821
1460,1730,270,0.135,0.44393393262464087
1472,1736,264,0.132,0.4387988656467461
1390,1695,305,0.1525,0.45042206839844584
1488,1744,256,0.128,0.44723305878881364
1556,1778,222,0.111,0.47566074147075416
1540,1770,230,0.115,0.47333879332244394
1512,1756,244,0.122,0.48444920383393764
1482,1741,259,0.1295,0.48210081802704363
1544,1772,228,0.114,0.50241633926332
1520,1760,240,0.12,0.49891292075708044
1414,1707,293,0.1465,0.5123861944079399
1514,1757,243,0.1215,0.5080465139895678
1522,1761,239,0.1195,0.5340432039797306
1326,1663,337,0.1685,0.5345457222054756
1502,1751,249,0.1245,0.5359934190511704
1574,1787,213,0.1065,0.5316539824903012
1486,1743,257,0.1285,0.5401885741576552
1534,1767,233,0.1165,0.5378823238462209
1486,1743,257,0.1285,0.5391582722663879
1500,1750,250,0.125,0.5282312580347641
1608,1804,196,0.098,0.47557903979718685
1472,1736,264,0.132,0.4707497747689486
1468,1734,266,0.133,0.46076389918476346
1454,1727,273,0.1365,0.45822549699246884
1508,1754,246,0.123,0.4075272276589803
1548,1774,226,0.113,0.3974329539388418
1478,1739,261,0.1305,0.4003193167001009
1588,1794,206,0.103,0.3840575356594054
1518,1759,241,0.1205,0.37451013723015786
1608,1804,196,0.098,0.36008738209307195
1516,1758,242,0.121,0.3650885745557025
1472,1736,264,0.132,0.3645540343164466
1520,1760,240,0.12,0.34347483974695203
1570,1785,215,0.1075,0.3296928816009313
1588,1794,206,0.103,0.3191905064210296
1498,1749,251,0.1255,0.32185404004156587
1556,1778,222,0.111,0.27614373601228
1458,1729,271,0.1355,0.2774754501506686
1480,1740,260,0.13,0.2675658274784
1554,1777,223,0.1115,0.26326307049393655
1592,1796,204,0.102,0.2323245636112988
1460,1730,270,0.135,0.23548291662847623
1436,1718,282,0.141,0.23206909466319484
1494,1747,253,0.1265,0.22919876955263316
1516,1758,242,0.121,0.224640949934721
1522,1761,239,0.1195,0.22994953144248576
1504,1752,248,0.124,0.23002785081788898
1566,1783,217,0.1085,0.22829298012703658
1560,1780,220,0.11,0.2270981110483408
1530,1765,235,0.1175,0.23006788144260645
1490,1745,255,0.1275,0.22782270848576444
1550,1775,225,0.1125,0.22093380892689524
1570,1785,215,0.1075,0.20884064768999816
1584,1792,208,0.104,0.19934643411636352
1630,1815,185,0.0925,0.19687411230057478
1512,1756,244,0.122,0.1982272736132145
1534,1767,233,0.1165,0.19166818982735276
1520,1760,240,0.12,0.19583358715847135
1552,1776,224,0.112,0.19719644564390182
1544,1772,228,0.114,0.19801048984378578
1548,1774,226,0.113,0.2143339006975293
1552,1776,224,0.112,0.2217560595870018
1468,1734,266,0.133,0.23023746091127395
1446,1723,277,0.1385,0.23000412678718568
1488,1744,256,0.128,0.2348521733172238
1444,1722,278,0.139,0.23171310241520404
1594,1797,203,0.1015,0.22684470720031277
1534,1767,233,0.1165,0.23029641773788898
1580,1790,210,0.105,0.2176660942104645
1498,1749,251,0.1255,0.217161588601768
1556,1778,222,0.111,0.2137176593128097
1500,1750,250,0.125,0.2127581963595003
1574,1787,213,0.1065,0.19773150146007537
1446,1723,277,0.1385,0.20164771787414792
1568,1784,216,0.108,0.19471897272765637
1410,1705,295,0.1475,0.20375902470354476
1504,1752,248,0.124,0.21127640513330698
1512,1756,244,0.122,0.21954381289239971
1558,1779,221,0.1105,0.2150408877134323
1488,1744,256,0.128,0.22389229921251536
1490,1745,255,0.1275,0.24038120030611754
1566,1783,217,0.1085,0.2345922600198537
1570,1785,215,0.1075,0.2298821880873693
1576,1788,212,0.106,0.22988785499334335
1610,1805,195,0.0975,0.2107719609513879
1526,1763,237,0.1185,0.20439210527762772
1446,1723,277,0.1385,0.20729431058287265
1584,1792,208,0.104,0.19228565203025938
1450,1725,275,0.1375,0.18435863602231256
1534,1767,233,0.1165,0.17887833137065173
1494,1747,253,0.1265,0.18470643065869807
1476,1738,262,0.131,0.18182016275450588
1510,1755,245,0.1225,0.210827561262995
1536,1768,232,0.116,0.20967377483149707
1496,1748,252,0.126,0.21143476194888353
1532,1766,234,0.117,0.21047889290750027
1528,1764,236,0.118,0.23358348736912013
1520,1760,240,0.12,0.22928198727220298
1502,1751,249,0.1245,0.2278376210872084
1488,1744,256,0.128,0.22337859242253036
1520,1760,240,0.12,0.20276247890666127
1582,1791,209,0.1045,0.19161721596494316
1456,1728,272,0.136,0.1956046262794407
1570,1785,215,0.1075,0.18851140948385
1524,1762,238,0.119,0.17500050562620162
1568,1784,216,0.108,0.16620370285958053
1458,1729,271,0.1355,0.17632717542350293
1448,1724,276,0.138,0.17985869807749988
1498,1749,251,0.1255,0.19436900845915078
1566,1783,217,0.1085,0.19866856645792721
1516,1758,242,0.121,0.21123263209313153
1630,1815,185,0.0925,0.20739159976691007
1580,1790,210,0.105,0.2203475166875869
1500,1750,250,0.125,0.2249060952439904
1482,1741,259,0.1295,0.22205153673142194
1568,1784,216,0.108,0.22024026530608534
1504,1752,248,0.124,0.22239011903852224
1510,1755,245,0.1225,0.2214726843014416
1540,1770,230,0.115,0.2231931006769446
1436,1718,282,0.141,0.2293325676146742
1512,1756,244,0.122,0.2608080979809165
1532,1766,234,0.117,0.2678638192713261
1490,1745,255,0.1275,0.2714096928872168
1508,1754,246,0.123,0.2816645744625712
1508,1754,246,0.123,0.3148305510133505
1496,1748,252,0.126,0.3219786817729473
1528,1764,236,0.118,0.3202792591378093
1506,1753,247,0.1235,0.3268591673723586
1580,1790,210,0.105,0.33029008220136163
1570,1785,215,0.1075,0.32876839581131934
1500,1750,250,0.125,0.33004345774650573
1542,1771,229,0.1145,0.32794295318424704
1628,1814,186,0.093,0.30366528626158834
1526,1763,237,0.1185,0.30365623350529286
1488,1744,256,0.128,0.3080078791687265
1478,1739,261,0.1305,0.30702539245039223
1544,1772,228,0.114,0.3186482674255967
1496,1748,252,0.126,0.32824617547541857
1502,1751,249,0.1245,0.33337248388677837
1456,1728,272,0.136,0.34997306156903507
1516,1758,242,0.121,0.3679680855572224
1450,1725,275,0.1375,0.3753959742933512
1572,1786,214,0.107,0.3643379842936993
1462,1731,269,0.1345,0.3798725470006466
1610,1805,195,0.0975,0.35418766365945337
1500,1750,250,0.125,0.35081448913365604
1484,1742,258,0.129,0.3392068211808801
1508,1754,246,0.123,0.33672066597640515
1452,1726,274,0.137,0.3122949711382389
1556,1778,222,0.111,0.29867671360075476
1564,1782,218,0.109,0.2973300788498018
1514,1757,243,0.1215,0.29964354406297206
1526,1763,237,0.1185,0.29675122165255263
1484,1742,258,0.129,0.3031996314674616
1548,1774,226,0.113,0.30212535269558427
1544,1772,228,0.114,0.3060137751773
1558,1779,221,0.1105,0.313167077973485
1526,1763,237,0.1185,0.3183939193785191
1468,1734,266,0.133,0.3261059186793864
1560,1780,220,0.11,0.3219414448067546
1496,1748,252,0.126,0.32669600163400175
1478,1739,261,0.1305,0.32288912764564154
1534,1767,233,0.1165,0.32067980007454755
1612,1806,194,0.097,0.31578918332327155
1526,1763,237,0.1185,0.309309790275991
1574,1787,213,0.1065,0.30336735693179073
1580,1790,210,0.105,0.2903142640590668
1500,1750,250,0.125,0.2961735846006777
1494,1747,253,0.1265,0.2948218801598996
1456,1728,272,0.136,0.3004610529020429
1474,1737,263,0.1315,0.3072317047086908
1504,1752,248,0.124,0.3169506078958511
1508,1754,246,0.123,0.3506056515723467
1544,1772,228,0.114,0.35735373823344707
1502,1751,249,0.1245,0.3708831523060799
1534,1767,233,0.1165,0.37662996713487346
1522,1761,239,0.1195,0.38859113897383213
1470,1735,265,0.1325,0.3882095918804407
1590,1795,205,0.1025,0.37723374673724175
1586,1793,207,0.1035,0.37162837889790534
1548,1774,226,0.113,0.35370591935515405
1570,1785,215,0.1075,0.35620686089247466
1504,1752,248,0.124,0.34626701585622505
1518,1759,241,0.1205,0.34777730126678946
1470,1735,265,0.1325,0.3638349246997386
1552,1776,224,0.112,0.3604686615252867
1466,1733,267,0.1335,0.3906938586458564
1464,1732,268,0.134,0.39517141033709047
1474,1737,263,0.1315,0.44621816839277745
1542,1771,229,0.1145,0.4514913519769907
1460,1730,270,0.135,0.4792034493088722
1620,1810,190,0.095,0.47535793071985244
1550,1775,225,0.1125,0.504087000399828
1438,1719,281,0.1405,0.5110526261180639
1492,1746,254,0.127,0.5158969515853161
1522,1761,239,0.1195,0.5088509079627692
1476,1738,262,0.131,0.49412351597845555
1454,1727,273,0.1365,0.4952759435474873
1472,1736,264,0.132,0.4855687652528286
1480,1740,260,0.13,0.47804080159589646
1502,1751,249,0.1245,0.4777327881902456
1408,1704,296,0.148,0.4862267576456074
1504,1752,248,0.124,0.4891923648566008
1432,1716,284,0.142,0.4967035446614027
1558,1779,221,0.1105,0.5119693428501487
1562,1781,219,0.1095,0.5168650613725185
1434,1717,283,0.1415,0.5317141684442759
1542,1771,229,0.1145,0.5304622630476952
1464,1732,268,0.134,0.5440338175161742
1522,1761,239,0.1195,0.5427075541764498
1522,1761,239,0.1195,0.5456121967500076
1524,1762,238,0.119,0.5389179099202156
1460,1730,270,0.135,0.5392682068832219
1492,1746,254,0.127,0.5349478277672169
1520,1760,240,0.12,0.530261520460248
1504,1752,248,0.124,0.5354730191379785
1462,1731,269,0.1345,0.5481139183603227
1486,1743,257,0.1285,0.5449708695560693
1508,1754,246,0.123,0.5598970487010665
1472,1736,264,0.132,0.5622617689669133
1450,1725,275,0.1375,0.58985108576715
1532,1766,234,0.117,0.5848572033047676
1490,1745,255,0.1275,0.5929673354756088
1552,1776,224,0.112,0.5912190234214068
1450,1725,275,0.1375,0.594408565312624
1470,1735,265,0.1325,0.5889024886786938
1582,1791,209,0.1045,0.5710705801844597
1500,1750,250,0.125,0.5714993212687343
1458,1729,271,0.1355,0.550506223320961
1538,1769,231,0.1155,0.5384562681806856
1476,1738,262,0.131,0.5163810738176108
1556,1778,222,0.111,0.5053379875719547
1418,1709,291,0.1455,0.4796739557385445
1550,1775,225,0.1125,0.4632261452227831
1454,1727,273,0.1365,0.45063318809866904
1506,1753,247,0.1235,0.4301230655214914
1546,1773,227,0.1135,0.40372114101052287
1576,1788,212,0.106,0.39863780088722706
1542,1771,229,0.1145,0.38096992678940295
1488,1744,256,0.128,0.37293758629262447
1466,1733,267,0.1335,0.36102387015521525
1412,1706,294,0.147,0.35963095040619375
1518,1759,241,0.1205,0.34196010646224023
1436,1718,282,0.141,0.3529802554398775
1492,1746,254,0.127,0.3359363407471974
1504,1752,248,0.124,0.3379172352850437
1610,1805,195,0.0975,0.32414753207564356
1570,1785,215,0.1075,0.3217238360348492
1538,1769,231,0.1155,0.2989263226389885
1502,1751,249,0.1245,0.2905019158646464
1462,1731,269,0.1345,0.27515496000647544
1434,1717,283,0.1415,0.27722334638237955
1518,1759,241,0.1205,0.2596352240666747
1522,1761,239,0.1195,0.25726967596262695
1548,1774,226,0.113,0.263283917427063
1496,1748,252,0.126,0.27173372375965116
1562,1781,219,0.1095,0.26750098238140346
1550,1775,225,0.1125,0.26568525321781633
1584,1792,208,0.104,0.2533079711124301
1492,1746,254,0.127,0.26097284628730266
1568,1784,216,0.108,0.23938891895487904
1502,1751,249,0.1245,0.2409653792478752
1534,1767,233,0.1165,0.2227096209935844
1504,1752,248,0.124,0.22193454077630304
1506,1753,247,0.1235,0.2086119474619627
1512,1756,244,0.122,0.20883637933433055
1514,1757,243,0.1215,0.2039309162422134
1520,1760,240,0.12,0.20643902364373207
1448,1724,276,0.138,0.21027178500592708
1508,1754,246,0.123,0.21260916236042976
1552,1776,224,0.112,0.21000736316293478
1614,1807,193,0.0965,0.20794672257080674
1522,1761,239,0.1195,0.20430143370697623
1478,1739,261,0.1305,0.21372475796937943
1554,1777,223,0.1115,0.19545911993831397
1452,1726,274,0.137,0.19752618334442376
1514,1757,243,0.1215,0.18843378341943026
1576,1788,212,0.106,0.1834536114782095
1490,1745,255,0.1275,0.18349176571890713
1466,1733,267,0.1335,0.18390999242203906
1562,1781,219,0.1095,0.1706976738385856
1532,1766,234,0.117,0.17291748274862767
1470,1735,265,0.1325,0.1678080601170659
1532,1766,234,0.117,0.1599220951385796
1456,1728,272,0.136,0.1659620532047702
1538,1769,231,0.1155,0.16164143618708213
1496,1748,252,0.126,0.16323140073940157
1520,1760,240,0.12,0.1687088390502613
1562,1781,219,0.1095,0.17148430302739143
1484,1742,258,0.129,0.174603101644665
1472,1736,264,0.132,0.17876086255908014
1476,1738,262,0.131,0.18370089853694663
1494,1747,253,0.1265,0.1851215621922165
1476,1738,262,0.131,0.1841694611049776
1584,1792,208,0.104,0.18134960186481475
1448,1724,276,0.138,0.19035040752962232
1524,1762,238,0.119,0.18729190959711559
1528,1764,236,0.118,0.1880192439928651
1586,1793,207,0.1035,0.17958526466041802
1528,1764,236,0.118,0.18084774179759894
1546,1773,227,0.1135,0.1701554916963214
1500,1750,250,0.125,0.17304528719186782
1560,1780,220,0.11,0.16120719500212
1560,1780,220,0.11,0.16211440186219384
1572,1786,214,0.107,0.15605032837972976
1442,1721,279,0.1395,0.16461416276544333
1456,1728,272,0.136,0.16725651165097952
1526,1763,237,0.1185,0.1724501032163389
1626,1813,187,0.0935,0.1740459055643878
1556,1778,222,0.111,0.1782499928586185
1556,1778,222,0.111,0.183716309517622
1424,1712,288,0.144,0.18949938318133355
1532,1766,234,0.117,0.1831345197595656
1454,1727,273,0.1365,0.18577596689760684
1440,1720,280,0.14,0.18587201714888216
1584,1792,208,0.104,0.18085835763812066
1536,1768,232,0.116,0.18409831440313792
1560,1780,220,0.11,0.18373618813231588
1502,1751,249,0.1245,0.1820032899454236
1558,1779,221,0.1105,0.17778343111182038
1462,1731,269,0.1345,0.17840444938838482
1668,1834,166,0.083,0.16497077498957516
1538,1769,231,0.1155,0.17626570343226194
1482,1741,259,0.1295,0.18080517901852727
1522,1761,239,0.1195,0.18132987104170023
1542,1771,229,0.1145,0.18070576524175702
1472,1736,264,0.132,0.1983921162225306
1534,1767,233,0.1165,0.19939738273248075
1490,1745,255,0.1275,0.2065693412348628
1572,1786,214,0.107,0.20617531260143732
1474,1737,263,0.1315,0.2225563923344016
1564,1782,218,0.109,0.2125265624076128
1570,1785,215,0.1075,0.2124913773909211
1504,1752,248,0.124,0.21247729637481097
1506,1753,247,0.1235,0.2072004459500313
1582,1791,209,0.1045,0.2015114669725299
1554,1777,223,0.1115,0.19915459017602552
1546,1773,227,0.1135,0.20050543367490173
1500,1750,250,0.125,0.20476534192170948
1570,1785,215,0.1075,0.20262263194937258
1440,1720,280,0.14,0.210169106319765
1552,1776,224,0.112,0.2087801668792964
1514,1757,243,0.1215,0.22948229689151048
1568,1784,216,0.108,0.23113201514945467
1434,1717,283,0.1415,0.26029390661698926
1518,1759,241,0.1205,0.24600762919336558
1512,1756,244,0.122,0.2502207124680281
1486,1743,257,0.1285,0.26009817417095243
1478,1739,261,0.1305,0.2690376502410454
1500,1750,250,0.125,0.2658006680383005
1576,1788,212,0.106,0.26527372491359713
1466,1733,267,0.1335,0.28205539808422325
1396,1698,302,0.151,0.28390896080620587
1476,1738,262,0.131,0.27996245412528514
1498,1749,251,0.1255,0.2747382561042905
1478,1739,261,0.1305,0.2726815577670932
1518,1759,241,0.1205,0.2713981080576777
1530,1765,235,0.1175,0.2792638838842977
1562,1781,219,0.1095,0.25144638126390784
1554,1777,223,0.1115,0.26646412815898657
1514,1757,243,0.1215,0.2615564761364367
1544,1772,228,0.114,0.2557860863529786
1470,1735,265,0.1325,0.2523640958467731
1452,1726,274,0.137,0.25496336429566147
1500,1750,250,0.125,0.25343418508023025
1612,1806,194,0.097,0.2356579331830145
1478,1739,261,0.1305,0.24523114132990542
1478,1739,261,0.1305,0.24691831324773375
1562,1781,219,0.1095,0.23657418965548277
1506,1753,247,0.1235,0.24188808017224073
1452,1726,274,0.137,0.2516533846333623
1558,1779,221,0.1105,0.23525001431108103
1462,1731,269,0.1345,0.24634090066701173
1574,1787,213,0.1065,0.24531571307778358
1478,1739,261,0.1305,0.24029837723076344
1506,1753,247,0.1235,0.2262056548036635
1608,1804,196,0.098,0.2112163828210905
1586,1793,207,0.1035,0.20852797037363052
1520,1760,240,0.12,0.2005528893508017
1442,1721,279,0.1395,0.19589012666419148
1530,1765,235,0.1175,0.19225962522937334
1502,1751,249,0.1245,0.19622196381281537
1486,1743,257,0.1285,0.19651907064262195
1532,1766,234,0.117,0.22016808186471462
1548,1774,226,0.113,0.21344858548790216
1588,1794,206,0.103,0.2135898330807686
1484,1742,258,0.129,0.23751864969730377
1470,1735,265,0.1325,0.23974340855330228
1466,1733,267,0.1335,0.24443060188740492
1526,1763,237,0.1185,0.23967096076905728
1562,1781,219,0.1095,0.25591698578000066
1536,1768,232,0.116,0.25080471711122665
1552,1776,224,0.112,0.24788014786271378
1548,1774,226,0.113,0.24818032847871654
1466,1733,267,0.1335,0.25130901603773237
1468,1734,266,0.133,0.2613479152651453
1394,1697,303,0.1515,0.26604332150518895
1534,1767,233,0.1165,0.25243996478198094
1532,1766,234,0.117,0.27937694561481474
1452,1726,274,0.137,0.3010667238533497
1514,1757,243,0.1215,0.30208982702344656
1524,1762,238,0.119,0.30001078771054746
1500,1750,250,0.125,0.318862661331892
1564,1782,218,0.109,0.31650542057305575
1548,1774,226,0.113,0.31241607872821625
1502,1751,249,0.1245,0.3264749061763287
1550,1775,225,0.1125,0.30096057505905627
1490,1745,255,0.1275,0.29603640628792344
1462,1731,269,0.1345,0.29320666916668414
1536,1768,232,0.116,0.28822697031497957
1526,1763,237,0.1185,0.2876777623295784
1532,1766,234,0.117,0.2885647157356143
1488,1744,256,0.128,0.2864559310749173
1494,1747,253,0.1265,0.30058059987425806
1560,1780,220,0.11,0.29916550852870566
1532,1766,234,0.117,0.3102414622558281
1496,1748,252,0.126,0.30801000214368107
1526,1763,237,0.1185,0.3136406425610185
1552,1776,224,0.112,0.31643224469199777
1472,1736,264,0.132,0.3100268864110112
1482,1741,259,0.1295,0.31280137790102347
1444,1722,278,0.139,0.31588865856826304
1512,1756,244,0.122,0.297604979544878
1516,1758,242,0.121,0.2907696466743946
1570,1785,215,0.1075,0.28521247090399265
1510,1755,245,0.1225,0.29192866098775994
1496,1748,252,0.126,0.26698448705673217
1462,1731,269,0.1345,0.2709254451692104
1576,1788,212,0.106,0.2677771115228534
1530,1765,235,0.1175,0.270073568880558
1516,1758,242,0.121,0.29138990528136494
1476,1738,262,0.131,0.30653185728844257
1516,1758,242,0.121,0.31165839357674124
1562,1781,219,0.1095,0.31018038840591905
1540,1770,230,0.115,0.34029060663282873
1564,1782,218,0.109,0.352069917133078
1564,1782,218,0.109,0.3546210729777813
1598,1799,201,0.1005,0.34954530317878524
1472,1736,264,0.132,0.35103426734358073
1494,1747,253,0.1265,0.3508346435725689
1512,1756,244,0.122,0.34785418049508005
1570,1785,215,0.1075,0.3413420897065662
1514,1757,243,0.1215,0.35432277457416056
1472,1736,264,0.132,0.37491913997754456
1534,1767,233,0.1165,0.3692624125033617
1470,1735,265,0.1325,0.374309777883245
1444,1722,278,0.139,0.4114409268689342
1544,1772,228,0.114,0.43432869285345077
1432,1716,284,0.142,0.44545546258985996
1526,1763,237,0.1185,0.44523115721344947
1446,1723,277,0.1385,0.47756263940045995
1466,1733,267,0.1335,0.4945946088954806
1458,1729,271,0.1355,0.4972043741196394
1528,1764,236,0.118,0.49616085064969956
1540,1770,230,0.115,0.5094541960447095
1526,1763,237,0.1185,0.512970956414938
1464,1732,268,0.134,0.5137849516756833
1502,1751,249,0.1245,0.5133204552279785
1538,1769,231,0.1155,0.506115597252472
1484,1742,258,0.129,0.5132952250689268
1512,1756,244,0.122,0.5074071935862303
1466,1733,267,0.1335,0.5156632748449047
1468,1734,266,0.133,0.5325550191029906
1448,1724,276,0.138,0.5539078786820173
1472,1736,264,0.132,0.5531471971787687
1532,1766,234,0.117,0.5549019803293049
1432,1716,284,0.142,0.5829548487316106
1420,1710,290,0.145,0.5941787263154984
1516,1758,242,0.121,0.5856383690586081
1478,1739,261,0.1305,0.5935631691813469
1468,1734,266,0.133,0.5920443351406138
1562,1781,219,0.1095,0.5777253578454256
1448,1724,276,0.138,0.5775514753072057
1532,1766,234,0.117,0.5761110138520599
1570,1785,215,0.1075,0.5547461873929714
1488,1744,256,0.128,0.5396568928658962
1518,1759,241,0.1205,0.5316266292230544
1506,1753,247,0.1235,0.5288394446521998
1558,1779,221,0.1105,0.4912080960134044
1468,1734,266,0.133,0.4872939879596233
1512,1756,244,0.122,0.47860951882210295
1480,1740,260,0.13,0.47161734421551227
1464,1732,268,0.134,0.43365043216944044
1614,1807,193,0.0965,0.40915741678513584
1590,1795,205,0.1025,0.4042865577787161
1498,1749,251,0.1255,0.4026947876792401
1558,1779,221,0.1105,0.36978674088418484
1492,1746,254,0.127,0.35656955917924643
1548,1774,226,0.113,0.34952079229056837
1442,1721,279,0.1395,0.3568592345789075
1414,1707,293,0.1465,0.3297493627369404
1474,1737,263,0.1315,0.30854937551543116
1560,1780,220,0.11,0.30559847404062745
1526,1763,237,0.1185,0.30163538715988397
1510,1755,245,0.1225,0.2756034565195441
1522,1761,239,0.1195,0.2588392197042704
1468,1734,266,0.133,0.2571247609080991
1554,1777,223,0.1115,0.252144440818578
1522,1761,239,0.1195,0.23207079343497752
1476,1738,262,0.131,0.223669128626585
1458,1729,271,0.1355,0.22795687747932972
1538,1769,231,0.1155,0.2235104558467865
1484,1742,258,0.129,0.22034442608430982
1524,1762,238,0.119,0.22193208087980748
1534,1767,233,0.1165,0.22095237915962934
1502,1751,249,0.1245,0.22435839948803185
1502,1751,249,0.1245,0.2224014292479401
1508,1754,246,0.123,0.22183836033940316
1576,1788,212,0.106,0.21601400950923563
1454,1727,273,0.1365,0.22195364786684513
1568,1784,216,0.108,0.19913696654513477
1504,1752,248,0.124,0.1883845859542489
1560,1780,220,0.11,0.18240333060920239
1488,1744,256,0.128,0.18451688735932528
1532,1766,234,0.117,0.15674577611684798
1500,1750,250,0.125,0.1541151060052216
1540,1770,230,0.115,0.1494619256183505
1530,1765,235,0.1175,0.15189348636940123
1552,1776,224,0.112,0.1483075038716197
1520,1760,240,0.12,0.161661421302706
1488,1744,256,0.128,0.16099023798906456
1586,1793,207,0.1035,0.16128975954651834
1546,1773,227,0.1135,0.16687389305606484
1550,1775,225,0.1125,0.17448323947563768
1568,1784,216,0.108,0.17578125601634384
1532,1766,234,0.117,0.17534019828960298
1558,1779,221,0.1105,0.16520184457674622
1522,1761,239,0.1195,0.15503810983523728
1546,1773,227,0.1135,0.14805501134321095
1422,1711,289,0.1445,0.1554424145370722
1532,1766,234,0.117,0.1319600863493979
1558,1779,221,0.1105,0.12251481331913466
1492,1746,254,0.127,0.12237157537508755
1574,1787,213,0.1065,0.12252861252543516
1582,1791,209,0.1045,0.12054906459944323
1494,1747,253,0.1265,0.1307557977699495
1550,1775,225,0.1125,0.12925063864141703
1618,1809,191,0.0955,0.12977669418230653
1620,1810,190,0.095,0.14013860387797467
1404,1702,298,0.149,0.15968171808309853
1536,1768,232,0.116,0.15500456686737016
1478,1739,261,0.1305,0.15946636434991524
1478,1739,261,0.1305,0.16745359847694635
1448,1724,276,0.138,0.17242100913077593
1566,1783,217,0.1085,0.16107990237697958
1492,1746,254,0.127,0.1680504062771797
1614,1807,193,0.0965,0.15676309327781202
1512,1756,244,0.122,0.16936691138566823
1526,1763,237,0.1185,0.1592952037602663
1494,1747,253,0.1265,0.1601811801092699
1550,1775,225,0.1125,0.15004383040219546
1544,1772,228,0.114,0.14819546673446893
1490,1745,255,0.1275,0.1594764910671696
1500,1750,250,0.125,0.15511694265343248
1542,1771,229,0.1145,0.1614129331856966
1474,1737,263,0.1315,0.17176838889718055
1516,1758,242,0.121,0.1765599984638393
1504,1752,248,0.124,0.1760477729998529
1570,1785,215,0.1075,0.19383092577010394
1442,1721,279,0.1395,0.21132281520217658
1528,1764,236,0.118,0.20562172569334508
1570,1785,215,0.1075,0.20462792140245437
1566,1783,217,0.1085,0.20001191417872904
1564,1782,218,0.109,0.1968640496507287
1544,1772,228,0.114,0.19947908747941256
1492,1746,254,0.127,0.19883377513289452
1558,1779,221,0.1105,0.18192333231121302
1568,1784,216,0.108,0.1773548557353206
1522,1761,239,0.1195,0.17814008751884103
1558,1779,221,0.1105,0.17738225003355182
1600,1800,200,0.1,0.17482139663025736
1508,1754,246,0.123,0.18891911666172065
1478,1739,261,0.1305,0.193669347634539
1564,1782,218,0.109,0.1917540891431272
1592,1796,204,0.102,0.210300988920033
1556,1778,222,0.111,0.21976994328945876
1558,1779,221,0.1105,0.22254497158527375
1518,1759,241,0.1205,0.22522563706338405
1530,1765,235,0.1175,0.2175385781750083
1510,1755,245,0.1225,0.21379994916170836
1498,1749,251,0.1255,0.21387475802004338
1518,1759,241,0.1205,0.20832733694138006
1542,1771,229,0.1145,0.1925449525117874
1622,1811,189,0.0945,0.17719438250723987
1452,1726,274,0.137,0.18591570639237762
1522,1761,239,0.1195,0.17756607537716626
1434,1717,283,0.1415,0.16880014903843402
1528,1764,236,0.118,0.1668702720347792
1590,1795,205,0.1025,0.16434763791412116
1476,1738,262,0.131,0.16795795575901867
1542,1771,229,0.1145,0.16577576906606556
1492,1746,254,0.127,0.1723834354804346
1550,1775,225,0.1125,0.16642296230793
1478,1739,261,0.1305,0.17099087579548358
1570,1785,215,0.1075,0.16759728698059917
1642,1821,179,0.0895,0.1547577733695507
1560,1780,220,0.11,0.15757741501554848
1516,1758,242,0.121,0.1596968492306769
1474,1737,263,0.1315,0.13630344922220866
1456,1728,272,0.136,0.12622667298838497
1506,1753,247,0.1235,0.12286738496273757
1582,1791,209,0.1045,0.11973581619560719
1550,1775,225,0.1125,0.11904181259684264
1604,1802,198,0.099,0.11756357749551535
1554,1777,223,0.1115,0.1195907718129456
1552,1776,224,0.112,0.12062959828972816
1584,1792,208,0.104,0.12723809313308448
1578,1789,211,0.1055,0.1273145765676163
1564,1782,218,0.109,0.12903696694783867
1588,1794,206,0.103,0.1275446234103292
1490,1745,255,0.1275,0.13379833256623533
1448,1724,276,0.138,0.137151220574975
1630,1815,185,0.0925,0.13032632043666673
1434,1717,283,0.1415,0.13847136205062271
1542,1771,229,0.1145,0.14749230929836632
1654,1827,173,0.0865,0.14642570149363018
1576,1788,212,0.106,0.14857660858237068
1450,1725,275,0.1375,0.1573278135230421
1450,1725,275,0.1375,0.15998276680189452
1570,1785,215,0.1075,0.15419937213510274
1536,1768,232,0.116,0.15608361368998885
1490,1745,255,0.1275,0.15974169826880097
1582,1791,209,0.1045,0.15781680888496338
1558,1779,221,0.1105,0.15907206659927034
1526,1763,237,0.1185,0.16114981104433537
1624,1812,188,0.094,0.15873533120006322
1522,1761,239,0.1195,0.16972576639428735
1534,1767,233,0.1165,0.17074139299073818
1482,1741,259,0.1295,0.17441616416722536
1530,1765,235,0.1175,0.1736386295594275
1518,1759,241,0.1205,0.19645672688260674
1562,1781,219,0.1095,0.19804017355293035
1518,1759,241,0.1205,0.20268702471256256
1540,1770,230,0.115,0.2042917111068964
1460,1730,270,0.135,0.2130214002132416
1594,1797,203,0.1015,0.20573609206452967
1468,1734,266,0.133,0.2133588254749775
1444,1722,278,0.139,0.21410164888668806
1538,1769,231,0.1155,0.20166038461402183
1458,1729,271,0.1355,0.19868239286914469
1488,1744,256,0.128,0.20097667641937733
1548,1774,226,0.113,0.19900778827816248
1550,1775,225,0.1125,0.20150887337699533
1532,1766,234,0.117,0.20044436122689513
1538,1769,231,0.1155,0.20290473725646735
1564,1782,218,0.109,0.20062658027559518
1604,1802,198,0.099,0.19842783422395588
1568,1784,216,0.108,0.1979480701163411
1582,1791,209,0.1045,0.20012460397183895
1492,1746,254,0.127,0.19894043387747115
1584,1792,208,0.104,0.19214920660108328
1598,1799,201,0.1005,0.19040826394483526
1546,1773,227,0.1135,0.19298921319855697
1552,1776,224,0.112,0.19064257229864598
1450,1725,275,0.1375,0.20667448613792658
1514,1757,243,0.1215,0.20412836883217098
1556,1778,222,0.111,0.20669594782963396
1626,1813,187,0.0935,0.20789212872833013
1504,1752,248,0.124,0.22897544587403537
1474,1737,263,0.1315,0.23609576124697923
1564,1782,218,0.109,0.22416244104877114
1492,1746,254,0.127,0.23279895675182344
1560,1780,220,0.11,0.22341616677865386
1560,1780,220,0.11,0.22396364974975586
1556,1778,222,0.111,0.21242284075170756
1562,1781,219,0.1095,0.20752932860702275
1626,1813,187,0.0935,0.17679316367208958
1506,1753,247,0.1235,0.18134668668408266
1594,1797,203,0.1015,0.1710778646580875
1526,1763,237,0.1185,0.16895629103854298
1406,1703,297,0.1485,0.171442968852818
1530,1765,235,0.1175,0.17021480622142554
1572,1786,214,0.107,0.16516621259227396
1504,1752,248,0.124,0.1777727836407721
1534,1767,233,0.1165,0.20060187200456858
1478,1739,261,0.1305,0.20965354532748462
1616,1808,192,0.096,0.19871137665212155
1518,1759,241,0.1205,0.211333835311234
1566,1783,217,0.1085,0.20323061810433865
1532,1766,234,0.117,0.20487648236379027
1596,1798,202,0.101,0.19336150432378055
1454,1727,273,0.1365,0.19691843774542211
1486,1743,257,0.1285,0.1576197941247374
1506,1753,247,0.1235,0.1588669153517112
1482,1741,259,0.1295,0.1494502773230197
1518,1759,241,0.1205,0.14316017155349253
1576,1788,212,0.106,0.13642804404783407
1540,1770,230,0.115,0.1386672108741477
1510,1755,245,0.1225,0.14162781330943108
1574,1787,213,0.1065,0.14698582708463073
1564,1782,218,0.109,0.15871878271922468
1506,1753,247,0.1235,0.16046277102828027
1564,1782,218,0.109,0.1607253672964871
1500,1750,250,0.125,0.16454344828729517
1564,1782,218,0.109,0.15716156490147115
1516,1758,242,0.121,0.15730380871146918
1626,1813,187,0.0935,0.14931199646368623
1534,1767,233,0.1165,0.15147697766905185
1546,1773,227,0.1135,0.13546000706404449
1490,1745,255,0.1275,0.13635792092978954
1528,1764,236,0.118,0.13237071987986565
1514,1757,243,0.1215,0.13282826259359717
1534,1767,233,0.1165,0.1374134690463543
1652,1826,174,0.087,0.13315523260831832
1504,1752,248,0.124,0.14089589692279697
1554,1777,223,0.1115,0.1405981161892414
1536,1768,232,0.116,0.1499711619541049
1484,1742,258,0.129,0.15505319344252347
1510,1755,245,0.1225,0.1549307636246085
1544,1772,228,0.114,0.15694914308935404
1482,1741,259,0.1295,0.16312174699269236
1498,1749,251,0.1255,0.16173476730287076
1566,1783,217,0.1085,0.15877314648404717
1454,1727,273,0.1365,0.1625333800893277
1522,1761,239,0.1195,0.15542581814154982
1498,1749,251,0.1255,0.15450910922884942
1594,1797,203,0.1015,0.15188427278399466
1486,1743,257,0.1285,0.1507409249972552
1528,1764,236,0.118,0.14424542132019996
1442,1721,279,0.1395,0.14487086268561053
1584,1792,208,0.104,0.13486471810146758
1470,1735,265,0.1325,0.13453790865279733
1538,1769,231,0.1155,0.1287762422207743
1556,1778,222,0.111,0.12574654572084545
1528,1764,236,0.118,0.1303423932902515
1486,1743,257,0.1285,0.13061658922582864
1514,1757,243,0.1215,0.132191991051659
1580,1790,210,0.105,0.1274221659787013
1492,1746,254,0.127,0.13357885920256377
1500,1750,250,0.125,0.13330210590362548
1564,1782,218,0.109,0.1312729003150016
1564,1782,218,0.109,0.12710202161222697
1502,1751,249,0.1245,0.1302485444024205
1526,1763,237,0.1185,0.1273984244770536
1516,1758,242,0.121,0.12263582411408425
1506,1753,247,0.1235,0.11932642928138375
1420,1710,290,0.145,0.1263905429393053
1556,1778,222,0.111,0.11991191250085831
1478,1739,261,0.1305,0.128841939214617
1570,1785,215,0.1075,0.12472419022396207
1538,1769,231,0.1155,0.1306696425573156
1438,1719,281,0.1405,0.1297861991226673
1594,1797,203,0.1015,0.13268378092907368
1484,1742,258,0.129,0.13893928913772105
1612,1806,194,0.097,0.1302456822115928
1538,1769,231,0.1155,0.13109163753315806
1478,1739,261,0.1305,0.12270920713059605
1502,1751,249,0.1245,0.12018759497255087
1512,1756,244,0.122,0.11893469899856336
1544,1772,228,0.114,0.1148485177339462
1508,1754,246,0.123,0.11561654716916382
1518,1759,241,0.1205,0.11611810416169464
1488,1744,256,0.128,0.11782189789786934
1474,1737,263,0.1315,0.12343610398992988
1518,1759,241,0.1205,0.12774030811339618
1570,1785,215,0.1075,0.12730792571231722
1570,1785,215,0.1075,0.12757602650672198
1518,1759,241,0.1205,0.13188794197514653
1586,1793,207,0.1035,0.1319716722164303
1504,1752,248,0.124,0.1300020305067301
1570,1785,215,0.1075,0.1276268054964603
1408,1704,296,0.148,0.12976746115088464
1562,1781,219,0.1095,0.11644082058407366
1522,1761,239,0.1195,0.11694093330018222
1570,1785,215,0.1075,0.11360403242334724
1492,1746,254,0.127,0.11739855250902474
1528,1764,236,0.118,0.11780928501673042
1496,1748,252,0.126,0.12075813886080869
1408,1704,296,0.148,0.1275111707560718
1528,1764,236,0.118,0.12635190863907336
1438,1719,281,0.1405,0.1436087259054184
1500,1750,250,0.125,0.1423952879407443
1460,1730,270,0.135,0.15489069660007954
1560,1780,220,0.11,0.15014072196930647
1558,1779,221,0.1105,0.1547140369452536
1462,1731,269,0.1345,0.1589425352551043
1528,1764,236,0.118,0.15484208353795112
1450,1725,275,0.1375,0.15762281983718276
1544,1772,228,0.114,0.1352378399334848
1536,1768,232,0.116,0.13250744389370084
1472,1736,264,0.132,0.13113182565197382
1494,1747,253,0.1265,0.12995230119675397
1470,1735,265,0.1325,0.12253372568637133
1542,1771,229,0.1145,0.11906233961880207
1432,1716,284,0.142,0.1307847437299788
1596,1798,202,0.101,0.12180938630737365
1562,1781,219,0.1095,0.13295814321935176
1510,1755,245,0.1225,0.1351319605964236
1508,1754,246,0.123,0.14191201390698552
1508,1754,246,0.123,0.14179457351309246
1516,1758,242,0.121,0.14861392194405199
1458,1729,271,0.1355,0.149899073574692
1546,1773,227,0.1135,0.1490992190800607
1480,1740,260,0.13,0.14938300847820937
1610,1805,195,0.0975,0.1376511373668909
1568,1784,216,0.108,0.1402659827824682
1556,1778,222,0.111,0.1309524002801627
1550,1775,225,0.1125,0.1267812187857926
1544,1772,228,0.114,0.11572977729560807
1528,1764,236,0.118,0.11715563502151054
1608,1804,196,0.098,0.11202840594639504
1558,1779,221,0.1105,0.11238807138055563
1514,1757,243,0.1215,0.1253760981541127
1580,1790,210,0.105,0.12174948681332227
1522,1761,239,0.1195,0.1326481328755617
1504,1752,248,0.124,0.13872576185315846
1546,1773,227,0.1135,0.1544417039602995
1494,1747,253,0.1265,0.15660524874925613
1526,1763,237,0.1185,0.1593091291077435
1540,1770,230,0.115,0.16181082957237958
1542,1771,229,0.1145,0.1582001798003912
1496,1748,252,0.126,0.1549717233479023
1504,1752,248,0.124,0.1483764504827559
1502,1751,249,0.1245,0.15042271515354563
1536,1768,232,0.116,0.13368375108763575
1596,1798,202,0.101,0.1275412081256509
1508,1754,246,0.123,0.1296135839857161
1546,1773,227,0.1135,0.13010620884224772
1482,1741,259,0.1295,0.13206815362721683
1546,1773,227,0.1135,0.12921637829393148
1516,1758,242,0.121,0.14088841458410026
1570,1785,215,0.1075,0.139732704218477
1488,1744,256,0.128,0.15430332367494703
1572,1786,214,0.107,0.14892515335604548
1606,1803,197,0.0985,0.14869830717518925
1484,1742,258,0.129,0.15357426816411315
1514,1757,243,0.1215,0.14902946400642395
1530,1765,235,0.1175,0.144711685013026
1546,1773,227,0.1135,0.14546468614786864
1452,1726,274,0.137,0.14631836347281932
1568,1784,216,0.108,0.13927754473173992
1594,1797,203,0.1015,0.12591417266801
1552,1776,224,0.112,0.13794027553498744
1550,1775,225,0.1125,0.13076263155415654
1532,1766,234,0.117,0.14298145325062797
1522,1761,239,0.1195,0.13477486748620868
1534,1767,233,0.1165,0.1325058031164159
1488,1744,256,0.128,0.13983724318860913
1444,1722,278,0.139,0.15835765254497527
1546,1773,227,0.1135,0.1538903315886855
1582,1791,209,0.1045,0.15976647087931634
1580,1790,210,0.105,0.16561238608509302
1538,1769,231,0.1155,0.17355738719180228
1550,1775,225,0.1125,0.1759134376347065
1508,1754,246,0.123,0.16725254897028208
1594,1797,203,0.1015,0.1622618263401091
1514,1757,243,0.1215,0.1597022269964218
1448,1724,276,0.138,0.1652994817495346
1494,1747,253,0.1265,0.15350662575662136
1552,1776,224,0.112,0.1477345519065857
1558,1779,221,0.1105,0.15189521858841182
1578,1789,211,0.1055,0.15326821337267757
1582,1791,209,0.1045,0.1556123462021351
1532,1766,234,0.117,0.16218171102181078
1570,1785,215,0.1075,0.1682377376034856
1540,1770,230,0.115,0.16736782787367702
1590,1795,205,0.1025,0.16739083451032638
1484,1742,258,0.129,0.17194113743305206
1538,1769,231,0.1155,0.16570374216884376
1524,1762,238,0.119,0.16759048540890217
1584,1792,208,0.104,0.16078764812462032
1536,1768,232,0.116,0.1645887205787003
1610,1805,195,0.0975,0.1498121678251773
1574,1787,213,0.1065,0.14904094293480738
1490,1745,255,0.1275,0.1427323137081985
1482,1741,259,0.1295,0.14616247310861946
1516,1758,242,0.121,0.1310991864223033
1580,1790,210,0.105,0.12874413304403423
1414,1707,293,0.1465,0.13507260521873832
1542,1771,229,0.1145,0.13253427403233944
1490,1745,255,0.1275,0.13864980959892273
1614,1807,193,0.0965,0.13149703148193656
1422,1711,289,0.1445,0.14835734086390584
1462,1731,269,0.1345,0.14583799124881625
1516,1758,242,0.121,0.1510709878616035
1588,1794,206,0.103,0.13714837313070893
1522,1761,239,0.1195,0.13974535237438976
1428,1714,286,0.143,0.1447713213879615
1536,1768,232,0.116,0.12237466077134013
1524,1762,238,0.119,0.11652395532466471
1614,1807,193,0.0965,0.10242585689481348
1620,1810,190,0.095,0.10000249972008168
1524,1762,238,0.119,0.09061170626897365
1418,1709,291,0.1455,0.09087297836877406
1552,1776,224,0.112,0.08348836724460125
1568,1784,216,0.108,0.08364897780306638
1572,1786,214,0.107,0.096709970955264
1446,1723,277,0.1385,0.09981416468694806
1496,1748,252,0.126,0.10829572724737227
1586,1793,207,0.1035,0.10420718341405154
1542,1771,229,0.1145,0.12388870914466679
1438,1719,281,0.1405,0.1265640816592786
1612,1806,194,0.097,0.11592734119668603
1530,1765,235,0.1175,0.11722559080272912
1480,1740,260,0.13,0.11002763816714287
1538,1769,231,0.1155,0.10864231552556157
1542,1771,229,0.1145,0.09854618061333895
1550,1775,225,0.1125,0.09341798316687346
1556,1778,222,0.111,0.08661598239094019
1514,1757,243,0.1215,0.0913910895679146
1542,1771,229,0.1145,0.09048403993435204
1568,1784,216,0.108,0.09010691213607788
1544,1772,228,0.114,0.09954507626406849
1544,1772,228,0.114,0.10060479655489325
1438,1719,281,0.1405,0.11171611530147493
1502,1751,249,0.1245,0.10748520418070256
1536,1768,232,0.116,0.11021357111632824
1540,1770,230,0.115,0.11007390550523996
1580,1790,210,0.105,0.10927077653259039
1420,1710,290,0.145,0.11455734717100859
1486,1743,257,0.1285,0.1090176140666008
1574,1787,213,0.1065,0.10650574988313019
1478,1739,261,0.1305,0.10393919576954795
1554,1777,223,0.1115,0.10340782875195145
1528,1764,236,0.118,0.09540071858279407
1530,1765,235,0.1175,0.09497690458409488
1576,1788,212,0.106,0.09186503118649125
1552,1776,224,0.112,0.09234957022033632
1470,1735,265,0.1325,0.09612256806949153
1570,1785,215,0.1075,0.09721479886490851
1528,1764,236,0.118,0.09666263368166983
1532,1766,234,0.117,0.09764044031128287
1568,1784,216,0.108,0.10348562688753009
1546,1773,227,0.1135,0.10317629196878259
1454,1727,273,0.1365,0.1060639645382762
1604,1802,198,0.099,0.10070755868777632
1502,1751,249,0.1245,0.10709064061939716
1490,1745,255,0.1275,0.10712251592613757
1568,1784,216,0.108,0.10197321392036975
1546,1773,227,0.1135,0.09983493652753532
1562,1781,219,0.1095,0.09608194671478122
1568,1784,216,0.108,0.0958028409127146
1492,1746,254,0.127,0.09581509043835104
1528,1764,236,0.118,0.0953644508291036
1492,1746,254,0.127,0.09409727808646857
1536,1768,232,0.116,0.09518128635548055
1504,1752,248,0.124,0.10421481899544596
1484,1742,258,0.129,0.10203281883825548
1602,1801,199,0.0995,0.10607559556514025
1488,1744,256,0.128,0.11433382715657353
1546,1773,227,0.1135,0.1162766294311732
1512,1756,244,0.122,0.12008634437341242
1538,1769,231,0.1155,0.12041002152860164
1540,1770,230,0.115,0.12087713149562478
1500,1750,250,0.125,0.11814314690046013
1576,1788,212,0.106,0.11424876502156257
1388,1694,306,0.153,0.1151974368756637
1512,1756,244,0.122,0.1065238338354975
1476,1738,262,0.131,0.10847186539135874
1462,1731,269,0.1345,0.10896349787261311
1516,1758,242,0.121,0.10979475503414869
1618,1809,191,0.0955,0.1073406588844955
1550,1775,225,0.1125,0.1155237891394645
1530,1765,235,0.1175,0.1169961190149188
1516,1758,242,0.121,0.1175855432935059
1494,1747,253,0.1265,0.12138199224323035
1528,1764,236,0.118,0.11713000310026109
1584,1792,208,0.104,0.1139491635877639
1486,1743,257,0.1285,0.1186350776217878
1516,1758,242,0.121,0.11804842903651297
1472,1736,264,0.132,0.11803530171513557
1556,1778,222,0.111,0.1151661197654903
1534,1767,233,0.1165,0.11409376737847925
1556,1778,222,0.111,0.11197615176066757
1548,1774,226,0.113,0.11129942151159047
1534,1767,233,0.1165,0.11137576007843017
1460,1730,270,0.135,0.1161139557287097
1522,1761,239,0.1195,0.11305125985480845
1518,1759,241,0.1205,0.11700025726482272
1558,1779,221,0.1105,0.1180717692651483
1548,1774,226,0.113,0.11983155151642859
1568,1784,216,0.108,0.11620145681127905
1502,1751,249,0.1245,0.11877539489790798
1544,1772,228,0.114,0.11661074740812183
1554,1777,223,0.1115,0.11318746369884536
1542,1771,229,0.1145,0.1109582461398095
1452,1726,274,0.137,0.11124291516238599
1548,1774,226,0.113,0.10961717136576772
1526,1763,237,0.1185,0.11347093650326133
1548,1774,226,0.113,0.1147106174454093
1498,1749,251,0.1255,0.12128846489265561
1548,1774,226,0.113,0.12095191944018006
1508,1754,246,0.123,0.12333437899127603
1460,1730,270,0.135,0.1289332421189174
1480,1740,260,0.13,0.1335083224065602
1486,1743,257,0.1285,0.13089143884359464
1488,1744,256,0.128,0.13687302141822874
1496,1748,252,0.126,0.14221437673270704
1648,1824,176,0.088,0.14113392942026257
1576,1788,212,0.106,0.14031347542256117
1420,1710,290,0.145,0.14878474153205754
1520,1760,240,0.12,0.13914252828340978
1522,1761,239,0.1195,0.13375906566902995
1514,1757,243,0.1215,0.1329862192721339
1510,1755,245,0.1225,0.13244258695840835
1550,1775,225,0.1125,0.1275034502185881
1446,1723,277,0.1385,0.13448183058947324
1536,1768,232,0.116,0.1344532200731337
1448,1724,276,0.138,0.14144454342871904
1540,1770,230,0.115,0.1452433306463063
1474,1737,263,0.1315,0.15641063685715198
1500,1750,250,0.125,0.1598963218089193
1444,1722,278,0.139,0.17371367287263273
1526,1763,237,0.1185,0.17570635217428207
1620,1810,190,0.095,0.17457333186641336
1570,1785,215,0.1075,0.17669295251742007
1596,1798,202,0.101,0.17303915299102665
1544,1772,228,0.114,0.16270150774158537
1370,1685,315,0.1575,0.16072958533465861
1596,1798,202,0.101,0.14497911579161882
1514,1757,243,0.1215,0.1477588070202619
1520,1760,240,0.12,0.1436024379916489
1574,1787,213,0.1065,0.14866624195873737
1522,1761,239,0.1195,0.15334935431182384
1594,1797,203,0.1015,0.15935959615930914
1480,1740,260,0.13,0.182710712056607
1556,1778,222,0.111,0.19729323342815042
1556,1778,222,0.111,0.19769134383648634
1542,1771,229,0.1145,0.2090406474098563
1602,1801,199,0.0995,0.21336655989289283
1466,1733,267,0.1335,0.2218655323907733
1576,1788,212,0.106,0.21495447999238967
1478,1739,261,0.1305,0.21964243728667499
1528,1764,236,0.118,0.21445521021261812
1490,1745,255,0.1275,0.21644574188068508
1566,1783,217,0.1085,0.21283626870810984
1624,1812,188,0.094,0.21507494965195656
1542,1771,229,0.1145,0.2231692051496937
1540,1770,230,0.115,0.22936845866590738
1566,1783,217,0.1085,0.22472605542466045
1530,1765,235,0.1175,0.22934775460511447
1494,1747,253,0.1265,0.23969484002888203
1616,1808,192,0.096,0.23750779464840888
1560,1780,220,0.11,0.24476111172884701
1530,1765,235,0.1175,0.2482672897428274
1506,1753,247,0.1235,0.26601415912806986
1564,1782,218,0.109,0.2696216987669468
1562,1781,219,0.1095,0.2693408625274897
1560,1780,220,0.11,0.27125211685150863
1552,1776,224,0.112,0.2772551401928067
1500,1750,250,0.125,0.28516891522705556
1522,1761,239,0.1195,0.28328941750526426
1476,1738,262,0.131,0.29398115108162165
1482,1741,259,0.1295,0.3081105828210711
1454,1727,273,0.1365,0.31837544751167296
1512,1756,244,0.122,0.31900504787266254
1584,1792,208,0.104,0.32063450069725513
1554,1777,223,0.1115,0.3253997046388686
1508,1754,246,0.123,0.31745458564907314
1578,1789,211,0.1055,0.3135987930893898
1510,1755,245,0.1225,0.31300383596122416
1526,1763,237,0.1185,0.30799354699999093
1566,1783,217,0.1085,0.3048315562009811
1490,1745,255,0.1275,0.30601594965718687
1540,1770,230,0.115,0.3057954010516405
1554,1777,223,0.1115,0.3126674029827118
1456,1728,272,0.136,0.3283253502826293
1496,1748,252,0.126,0.32841603535413744
1366,1683,317,0.1585,0.33751447236537935
1578,1789,211,0.1055,0.33964054131507876
1490,1745,255,0.1275,0.36321629731357097
1522,1761,239,0.1195,0.35827545085549356
1452,1726,274,0.137,0.3664750560373068
1466,1733,267,0.1335,0.36836918886005876
1420,1710,290,0.145,0.37926193611323833
1528,1764,236,0.118,0.3701588834822178
1510,1755,245,0.1225,0.3732996765226126
1556,1778,222,0.111,0.3689939903318882
1572,1786,214,0.107,0.3736592756211758
1512,1756,244,0.122,0.36631847539544105
1452,1726,274,0.137,0.3725429497361183
1594,1797,203,0.1015,0.3589629063457251
1402,1701,299,0.1495,0.3763200214356184
1512,1756,244,0.122,0.3623478794172406
1442,1721,279,0.1395,0.37209746953845024
1538,1769,231,0.1155,0.38054298877716064
1468,1734,266,0.133,0.422345911860466
1466,1733,267,0.1335,0.4185261559784412
1518,1759,241,0.1205,0.4249951166063547
1554,1777,223,0.1115,0.4342649971842766
1504,1752,248,0.124,0.4627783248126507
1506,1753,247,0.1235,0.455869413793087
1446,1723,277,0.1385,0.4614414920285344
1468,1734,266,0.133,0.4568828485012054
1502,1751,249,0.1245,0.45972277568280695
1512,1756,244,0.122,0.4535433102920651
1532,1766,234,0.117,0.454636641561985
1560,1780,220,0.11,0.4533373010829091
1554,1777,223,0.1115,0.4623956276923418
1456,1728,272,0.136,0.4621977563782129
1548,1774,226,0.113,0.46016632007362385
1554,1777,223,0.1115,0.46308393819630145
1496,1748,252,0.126,0.47206116016209126
1486,1743,257,0.1285,0.4745164211988449
1542,1771,229,0.1145,0.47313055920600894
1534,1767,233,0.1165,0.47848371671140194
1520,1760,240,0.12,0.48056072656810284
1562,1781,219,0.1095,0.4726477904319763
1530,1765,235,0.1175,0.464726650044322
1554,1777,223,0.1115,0.4472740623950958
1530,1765,235,0.1175,0.4159973366558552
1550,1775,225,0.1125,0.4110893508195877
1506,1753,247,0.1235,0.4053308506309986
1416,1708,292,0.146,0.3875670688599348
1492,1746,254,0.127,0.35953158159554005
1508,1754,246,0.123,0.3658086743801832
1576,1788,212,0.106,0.35554296913743016
1526,1763,237,0.1185,0.3570526438653469
1448,1724,276,0.138,0.3605329222232103
1524,1762,238,0.119,0.35920276868343354
1586,1793,207,0.1035,0.3444826502501965
1586,1793,207,0.1035,0.3483015289902687
1482,1741,259,0.1295,0.333330665551126
1492,1746,254,0.127,0.3270063847154379
1492,1746,254,0.127,0.31726399635523556
1500,1750,250,0.125,0.31334133945405485
1568,1784,216,0.108,0.30441446014493706
1460,1730,270,0.135,0.3066908719241619
1552,1776,224,0.112,0.3009175271242857
1492,1746,254,0.127,0.3075529391542077
1536,1768,232,0.116,0.3004887100309134
1524,1762,238,0.119,0.2997607469111681
1522,1761,239,0.1195,0.2943251968845725
1498,1749,251,0.1255,0.29570712574571373
1562,1781,219,0.1095,0.27738873974375383
1560,1780,220,0.11,0.2785886518359184
1478,1739,261,0.1305,0.27557956184074284
1512,1756,244,0.122,0.27870586001873016
1516,1758,242,0.121,0.2681661264896393
1492,1746,254,0.127,0.26668672999401843
1524,1762,238,0.119,0.2638475414663553
1504,1752,248,0.124,0.2619375478960574
1578,1789,211,0.1055,0.2563487679436803
1452,1726,274,0.137,0.2638398124451924
1484,1742,258,0.129,0.26468691255152227
1486,1743,257,0.1285,0.26776595578342677
1546,1773,227,0.1135,0.2662781540080905
1502,1751,249,0.1245,0.2684523128643632
1452,1726,274,0.137,0.27232258483022453
1542,1771,229,0.1145,0.26186105169355867
1528,1764,236,0.118,0.24756782077252865
1500,1750,250,0.125,0.24713620921224355
1492,1746,254,0.127,0.24817951323837042
1514,1757,243,0.1215,0.23051352344825865
1564,1782,218,0.109,0.20482415224984288
1520,1760,240,0.12,0.20552846951782702
1564,1782,218,0.109,0.1999487897567451
1530,1765,235,0.1175,0.19623675217386335
1558,1779,221,0.1105,0.19132269898056983
1552,1776,224,0.112,0.1924152371659875
1512,1756,244,0.122,0.19293877898086795
1556,1778,222,0.111,0.19613322669966146
1590,1795,205,0.1025,0.19961596728116274
1500,1750,250,0.125,0.20431071389466524
1548,1774,226,0.113,0.20294347379356623
1578,1789,211,0.1055,0.19797176472842692
1604,1802,198,0.099,0.19035975328832866
1548,1774,226,0.113,0.19410777347534894
1510,1755,245,0.1225,0.194599270388484
1480,1740,260,0.13,0.19085510621964932
1448,1724,276,0.138,0.18547725570201873
1544,1772,228,0.114,0.1819459449723363
1556,1778,222,0.111,0.18047235324978828
1466,1733,267,0.1335,0.18706162310391664
1600,1800,200,0.1,0.18889073864750336
1530,1765,235,0.1175,0.19450095535814763
1556,1778,222,0.111,0.19203997648134827
1480,1740,260,0.13,0.20368802432715893
1456,1728,272,0.136,0.20576361743360758
1508,1754,246,0.123,0.2022533509209752
1476,1738,262,0.131,0.1983447418063879
1528,1764,236,0.118,0.19036008666455745
1494,1747,253,0.1265,0.18497944366186858
1594,1797,203,0.1015,0.17754710270464422
1432,1716,284,0.142,0.18631547018140554
1458,1729,271,0.1355,0.18217560897395016
1522,1761,239,0.1195,0.177411824837327
1576,1788,212,0.106,0.1734550646059215
1522,1761,239,0.1195,0.17714127185195686
1520,1760,240,0.12,0.17573128296528012
1528,1764,236,0.118,0.1751467540487647
1502,1751,249,0.1245,0.17665641064196824
1554,1777,223,0.1115,0.17288365704566241
1614,1807,193,0.0965,0.1714158816970885
1454,1727,273,0.1365,0.1846591386348009
1450,1725,275,0.1375,0.19156743854656816
1492,1746,254,0.127,0.1852182012349367
1514,1757,243,0.1215,0.19078477398678662
1554,1777,223,0.1115,0.2023341445364058
1472,1736,264,0.132,0.21252594793913887
1518,1759,241,0.1205,0.2079419555813074
1494,1747,253,0.1265,0.21276663504338414
1450,1725,275,0.1375,0.21139910928159952
1544,1772,228,0.114,0.20758147711399944
1570,1785,215,0.1075,0.21007939382642507
1590,1795,205,0.1025,0.199083866328001
1550,1775,225,0.1125,0.19158009649440647
1540,1770,230,0.115,0.1949747552126646
1574,1787,213,0.1065,0.18678765703737735
1486,1743,257,0.1285,0.1919312118254602
1562,1781,219,0.1095,0.1934559127614833
1514,1757,243,0.1215,0.19787976120784878
1402,1701,299,0.1495,0.20488527266308665
1506,1753,247,0.1235,0.20831818686425685
1564,1782,218,0.109,0.21728222968429328
1466,1733,267,0.1335,0.22748739520646633
1480,1740,260,0.13,0.22966459734737873
1518,1759,241,0.1205,0.2296743224412203
1470,1735,265,0.1325,0.2171379527002573
1582,1791,209,0.1045,0.21009435599297285
1488,1744,256,0.128,0.21368097907304764
1552,1776,224,0.112,0.19926026904210448
1554,1777,223,0.1115,0.16979711443930864
1568,1784,216,0.108,0.16345982768759132
1546,1773,227,0.1135,0.16562080417573452
1554,1777,223,0.1115,0.15599892703071236
1526,1763,237,0.1185,0.1474918478168547
1494,1747,253,0.1265,0.14223702547326683
1498,1749,251,0.1255,0.14217280247807504
1566,1783,217,0.1085,0.1389587332736701
1468,1734,266,0.133,0.14971986855566502
1450,1725,275,0.1375,0.15396950040198862
1572,1786,214,0.107,0.15190257951617242
1454,1727,273,0.1365,0.1573424491621554
1520,1760,240,0.12,0.1581349267065525
1554,1777,223,0.1115,0.15895131494663656
1516,1758,242,0.121,0.15728131407871843
1552,1776,224,0.112,0.15299824536964296
1518,1759,241,0.1205,0.13361739443428813
1482,1741,259,0.1295,0.13274326271470635
1488,1744,256,0.128,0.12534738500975073
1630,1815,185,0.0925,0.11468624716997147
1430,1715,285,0.1425,0.10576548669696785
1610,1805,195,0.0975,0.10106404460594058
1550,1775,225,0.1125,0.10333297567348927
1626,1813,187,0.0935,0.0964697124932187
1608,1804,196,0.098,0.1066344095733948
1490,1745,255,0.1275,0.1111155264787376
1554,1777,223,0.1115,0.11329548394494769
1568,1784,216,0.108,0.11438756040390581
1560,1780,220,0.11,0.1252326924484223
1530,1765,235,0.1175,0.12950586728006602
1530,1765,235,0.1175,0.12886496565770358
1608,1804,196,0.098,0.1250541704967618
1474,1737,263,0.1315,0.12724951519609162
1516,1758,242,0.121,0.12347873666882515
1500,1750,250,0.125,0.11912211058661341
1554,1777,223,0.1115,0.11065110456198454
1530,1765,235,0.1175,0.10881907310709357
1578,1789,211,0.1055,0.10489875416457653
1596,1798,202,0.101,0.10281537253968417
1508,1754,246,0.123,0.10204126605950296
1536,1768,232,0.116,0.10691564237698913
1504,1752,248,0.124,0.11027851442433893
1500,1750,250,0.125,0.11177002746611833
1548,1774,226,0.113,0.11334571915864944
1530,1765,235,0.1175,0.12507058123871684
1522,1761,239,0.1195,0.1231315845400095
1544,1772,228,0.114,0.12440184906852937
1506,1753,247,0.1235,0.12874944993853568
1446,1723,277,0.1385,0.13894445542246103
1586,1793,207,0.1035,0.12924657177180052
1476,1738,262,0.131,0.1307571327239275
1570,1785,215,0.1075,0.12467546654492617
1552,1776,224,0.112,0.11454722406715155
1496,1748,252,0.126,0.11407474330440164
1596,1798,202,0.101,0.10597505806572735
1522,1761,239,0.1195,0.10593159066140652
1504,1752,248,0.124,0.10400076638162135
1516,1758,242,0.121,0.10247540738992393
1506,1753,247,0.1235,0.10392826445773244
1484,1742,258,0.129,0.10615719495341182
1574,1787,213,0.1065,0.1158956016227603
1602,1801,199,0.0995,0.1189750170558691
1570,1785,215,0.1075,0.12197310115769505
1496,1748,252,0.126,0.12612554366249243
1584,1792,208,0.104,0.11559433049336076
1602,1801,199,0.0995,0.11192805814743043
1514,1757,243,0.1215,0.112156221954152
1566,1783,217,0.1085,0.10745083155389876
1566,1783,217,0.1085,0.09010532319545746
1614,1807,193,0.0965,0.08714004082791507
1418,1709,291,0.1455,0.09242094632424414
1512,1756,244,0.122,0.08970653624669649
1546,1773,227,0.1135,0.09598527106083929
1548,1774,226,0.113,0.10109223469521385
1502,1751,249,0.1245,0.10853642735891372
1466,1733,267,0.1335,0.1101705564558506
1406,1703,297,0.1485,0.12329423129558563
1510,1755,245,0.1225,0.12318357923068106
1606,1803,197,0.0985,0.12067454070225359
1528,1764,236,0.118,0.12463556298986077
1518,1759,241,0.1205,0.12049478374049068
1428,1714,286,0.143,0.11490467393398285
1524,1762,238,0.119,0.10992967898398638
1602,1801,199,0.0995,0.10458597867190837
1506,1753,247,0.1235,0.09353424152173102
1592,1796,204,0.102,0.08415494889207184
1550,1775,225,0.1125,0.08789020505920052
1546,1773,227,0.1135,0.08529400765523315
1572,1786,214,0.107,0.08290349376015366
1572,1786,214,0.107,0.08744496332108974
1488,1744,256,0.128,0.08982282164909702
1558,1779,221,0.1105,0.08825610372237862
1492,1746,254,0.127,0.104350277191028
1546,1773,227,0.1135,0.111693624651758
1542,1771,229,0.1145,0.1108132998496294
1544,1772,228,0.114,0.1138931245803833
1524,1762,238,0.119,0.11925006113573909
1518,1759,241,0.1205,0.11887888031452894
1502,1751,249,0.1245,0.11937627514079213
1546,1773,227,0.1135,0.11390732187964023
1556,1778,222,0.111,0.10879576211236418
1500,1750,250,0.125,0.1078367059007287
1516,1758,242,0.121,0.10987971131131052
1458,1729,271,0.1355,0.10968503873050213
1642,1821,179,0.0895,0.09980623359233141
1518,1759,241,0.1205,0.10439819730073213
1586,1793,207,0.1035,0.10052571266902305
1560,1780,220,0.11,0.10308038421534002
1558,1779,221,0.1105,0.09835741604492068
1534,1767,233,0.1165,0.10233420249835398
1492,1746,254,0.127,0.10255413119122386
1524,1762,238,0.119,0.10343888382799923
1432,1716,284,0.142,0.1143807303737849
1508,1754,246,0.123,0.12436208775121617
1482,1741,259,0.1295,0.12556504122540355
1494,1747,253,0.1265,0.1303992217592895
1504,1752,248,0.124,0.14411107480153443
1436,1718,282,0.141,0.1527837834879756
1468,1734,266,0.133,0.15406879422068595
1482,1741,259,0.1295,0.1536738512776792
1470,1735,265,0.1325,0.15271611277759076
1566,1783,217,0.1085,0.1398038914129225
1562,1781,219,0.1095,0.13920239094644785
1484,1742,258,0.129,0.13845139759406447
1546,1773,227,0.1135,0.12354794124513864
1556,1778,222,0.111,0.10962017418071628
1560,1780,220,0.11,0.1103460934124887
1534,1767,233,0.1165,0.10878733560536057
1546,1773,227,0.1135,0.10426532238547752
1524,1762,238,0.119,0.10868971160240472
1582,1791,209,0.1045,0.11120293076522648
1568,1784,216,0.108,0.1172078767977655
1502,1751,249,0.1245,0.1348200588710606
1486,1743,257,0.1285,0.15403853588923813
1468,1734,266,0.133,0.1514365207720548
1520,1760,240,0.12,0.15540404914692044
1522,1761,239,0.1195,0.16848988439516369
1598,1799,201,0.1005,0.15730456489697098
1574,1787,213,0.1065,0.15311401549354195
1504,1752,248,0.124,0.15589716996997594
1504,1752,248,0.124,0.13495791524276138
1562,1781,219,0.1095,0.1233568231202662
1496,1748,252,0.126,0.11542586904391647
1522,1761,239,0.1195,0.11268561586551368
1488,1744,256,0.128,0.1113785141184926
1524,1762,238,0.119,0.11106345008709467
1428,1714,286,0.143,0.12026017476347624
1470,1735,265,0.1325,0.1187683512493968
1532,1766,234,0.117,0.1241359514631331
1502,1751,249,0.1245,0.13751687636598944
1566,1783,217,0.1085,0.13873121570423244
1592,1796,204,0.102,0.13683934288471938
1534,1767,233,0.1165,0.1389635837264359
1468,1734,266,0.133,0.13775542359426618
1586,1793,207,0.1035,0.12802509996294975
1458,1729,271,0.1355,0.1354735065791756
1486,1743,257,0.1285,0.12301373750343919
1542,1771,229,0.1145,0.10840918434225023
1490,1745,255,0.1275,0.11061828074790538
1520,1760,240,0.12,0.10521542220562696
1546,1773,227,0.1135,0.10195131395710633
1508,1754,246,0.123,0.10596342086605727
1552,1776,224,0.112,0.10228882775455714
1442,1721,279,0.1395,0.11057664633914828
1556,1778,222,0.111,0.1130248572677374
1544,1772,228,0.114,0.12058572384342552
1502,1751,249,0.1245,0.1239363049697131
1562,1781,219,0.1095,0.12146201049536466
1608,1804,196,0.098,0.11950876114732818
1530,1765,235,0.1175,0.11414647664997028
1516,1758,242,0.121,0.11168717428503304
1556,1778,222,0.111,0.11090949698444456
1490,1745,255,0.1275,0.10484439791973273
1504,1752,248,0.124,0.10130864067003131
1560,1780,220,0.11,0.1024009894367773
1548,1774,226,0.113,0.10065990871936083
1474,1737,263,0.1315,0.10480764341168106
1514,1757,243,0.1215,0.10676819963008165
1510,1755,245,0.1225,0.10603292942233383
1508,1754,246,0.123,0.10794129574671388
1550,1775,225,0.1125,0.11264012497290969
1468,1734,266,0.133,0.12322298366919858
1504,1752,248,0.124,0.11700039003789425
1516,1758,242,0.121,0.11499115093424916
1622,1811,189,0.0945,0.10862822388112545
1528,1764,236,0.118,0.10720755345001817
1492,1746,254,0.127,0.10084048700146377
1522,1761,239,0.1195,0.09987727455049754
1448,1724,276,0.138,0.0893048448022455
1602,1801,199,0.0995,0.07526478591188789
1532,1766,234,0.117,0.07384803587570786
1574,1787,213,0.1065,0.07656056681834161
1588,1794,206,0.103,0.0694815485123545
1548,1774,226,0.113,0.06853082927223295
1492,1746,254,0.127,0.07547293157034506
1572,1786,214,0.107,0.07168787286430597
1568,1784,216,0.108,0.07317183972150088
1516,1758,242,0.121,0.07673879393190146
1540,1770,230,0.115,0.07750934453867375
1552,1776,224,0.112,0.0762645512774211
1566,1783,217,0.1085,0.07782506156200543
1582,1791,209,0.1045,0.07497926740068943
1584,1792,208,0.104,0.07450189458578825
1562,1781,219,0.1095,0.07466886014211922
1518,1759,241,0.1205,0.07359227068349719
1514,1757,243,0.1215,0.07007583212386817
1392,1696,304,0.152,0.07495092455018312
1530,1765,235,0.1175,0.0714013213533908
1578,1789,211,0.1055,0.07277420341409743
1526,1763,237,0.1185,0.08141594498045743
1462,1731,269,0.1345,0.08590976757742465
1516,1758,242,0.121,0.08505976134631783
1584,1792,208,0.104,0.0844245494157076
1456,1728,272,0.136,0.08889538384322077
1586,1793,207,0.1035,0.08514438082650304
1518,1759,241,0.1205,0.08416279780864716
1532,1766,234,0.117,0.07983734609093517
1508,1754,246,0.123,0.07531658808630891
1622,1811,189,0.0945,0.07023365514492616
1484,1742,258,0.129,0.07378698892332614
1536,1768,232,0.116,0.07173474798847747
1516,1758,242,0.121,0.07354736019886604
1510,1755,245,0.1225,0.07368504453581773
1476,1738,262,0.131,0.07810314983082935
1564,1782,218,0.109,0.07822870551981032
1584,1792,208,0.104,0.08526780227012933
1514,1757,243,0.1215,0.08919872948899865
1542,1771,229,0.1145,0.0894103288743645
1440,1720,280,0.14,0.09986752820014953
1578,1789,211,0.1055,0.09837354376725853
1566,1783,217,0.1085,0.09806689428631216
1486,1743,257,0.1285,0.10309332469291985
1568,1784,216,0.108,0.10106038177385926
1480,1740,260,0.13,0.10072251394833438
1446,1723,277,0.1385,0.10741263116896152
1592,1796,204,0.102,0.09994908938743174
1564,1782,218,0.109,0.09836243119835854
1548,1774,226,0.113,0.1049276905041188
1494,1747,253,0.1265,0.10823283242061735
1508,1754,246,0.123,0.10891564709879457
1516,1758,242,0.121,0.10880297663435352
1586,1793,207,0.1035,0.10983536022901536
1526,1763,237,0.1185,0.11437286575511098
1414,1707,293,0.1465,0.11988650205172599
1498,1749,251,0.1255,0.12142241318523884
1530,1765,235,0.1175,0.12652511602267624
1524,1762,238,0.119,0.133075413685292
1414,1707,293,0.1465,0.1415286430940032
1596,1798,202,0.101,0.13990950049459935
1550,1775,225,0.1125,0.14574960854649543
1536,1768,232,0.116,0.14888719046488405
1560,1780,220,0.11,0.15020350921154021
1550,1775,225,0.1125,0.15256381160393356
1536,1768,232,0.116,0.15042312949150802
1500,1750,250,0.125,0.15358331787539645
1574,1787,213,0.1065,0.14914642568305134
1598,1799,201,0.1005,0.14884481125697493
1574,1787,213,0.1065,0.15499988219659416
1654,1827,173,0.0865,0.1544085473306477
1596,1798,202,0.101,0.1576973809786141
1406,1703,297,0.1485,0.16899555503204464
1494,1747,253,0.1265,0.17768647608160973
1536,1768,232,0.116,0.18127803426980973
1542,1771,229,0.1145,0.1914102584272623
1522,1761,239,0.1195,0.20446216198801995
1590,1795,205,0.1025,0.22694486778229475
1576,1788,212,0.106,0.23521186071634292
1626,1813,187,0.0935,0.24556238527595997
1520,1760,240,0.12,0.2603170531243086
1546,1773,227,0.1135,0.26788039843899514
1516,1758,242,0.121,0.2727974657565355
1464,1732,268,0.134,0.28105867579639016
1412,1706,294,0.147,0.28584127181768415
1464,1732,268,0.134,0.2905335999131203
1570,1785,215,0.1075,0.2926586808040738
1496,1748,252,0.126,0.3089718225449324
1502,1751,249,0.1245,0.31258545726470355
1564,1782,218,0.109,0.3101199803124182
1442,1721,279,0.1395,0.33070124055445194
1550,1775,225,0.1125,0.3302422264739871
1448,1724,276,0.138,0.33879626435786486
1530,1765,235,0.1175,0.34050423999130724
1480,1740,260,0.13,0.3502834667861462
1398,1699,301,0.1505,0.357652976334095
1548,1774,226,0.113,0.34969299863278863
1542,1771,229,0.1145,0.34954301749169825
1396,1698,302,0.151,0.35686624939739703
1416,1708,292,0.146,0.34957592079043387
1552,1776,224,0.112,0.3437409851551056
1562,1781,219,0.1095,0.3397893936634064
1502,1751,249,0.1245,0.34373233653954366
1454,1727,273,0.1365,0.3480093102455139
1554,1777,223,0.1115,0.34459936974570154
1502,1751,249,0.1245,0.3518356639519334
1526,1763,237,0.1185,0.35366485215723514
1480,1740,260,0.13,0.3603479204177856
1480,1740,260,0.13,0.3581868343651295
1438,1719,281,0.1405,0.37091889302432535
1486,1743,257,0.1285,0.3723010322898626
1586,1793,207,0.1035,0.37311689579486845
1532,1766,234,0.117,0.37718052133917807
1464,1732,268,0.134,0.3826730164587498
1504,1752,248,0.124,0.3812523774057627
1436,1718,282,0.141,0.38867259068787097
1520,1760,240,0.12,0.3802804380208254
1430,1715,285,0.1425,0.3826452068686485
1532,1766,234,0.117,0.3763541887849569
1494,1747,253,0.1265,0.3761116217970848
1586,1793,207,0.1035,0.36807911363244056
1502,1751,249,0.1245,0.3532213576734066
1506,1753,247,0.1235,0.3415698465257883
1524,1762,238,0.119,0.3333121555969119
1458,1729,271,0.1355,0.3323773065879941
1520,1760,240,0.12,0.3081995864585042
1606,1803,197,0.0985,0.29379885545559226
1466,1733,267,0.1335,0.29135581076145173
1510,1755,245,0.1225,0.29026556956022975
1446,1723,277,0.1385,0.2739623584449291
1494,1747,253,0.1265,0.2711061191558838
1472,1736,264,0.132,0.27807489975914357
1440,1720,280,0.14,0.27552635307237505
1462,1731,269,0.1345,0.2776417765803635
1442,1721,279,0.1395,0.2766799989081919
1498,1749,251,0.1255,0.2789729898497462
1468,1734,266,0.133,0.28552686432003976
1516,1758,242,0.121,0.27609927947819235
1554,1777,223,0.1115,0.27000626043230297
1390,1695,305,0.1525,0.27128433779627087
1474,1737,263,0.1315,0.26899862874671815
1498,1749,251,0.1255,0.24824933021888138
1464,1732,268,0.134,0.24353383011370897
1520,1760,240,0.12,0.22551284352689982
1408,1704,296,0.148,0.23641042714565993
1568,1784,216,0.108,0.2104075458496809
1556,1778,222,0.111,0.2102290654182434
1532,1766,234,0.117,0.19910267195478082
1606,1803,197,0.0985,0.1993602423593402
1510,1755,245,0.1225,0.1902058294340968
1520,1760,240,0.12,0.18786874688789248
1502,1751,249,0.1245,0.1895158934891224
1472,1736,264,0.132,0.18731135795265436
1512,1756,244,0.122,0.1881195354387164
1526,1763,237,0.1185,0.18844681934302207
1556,1778,222,0.111,0.18961717718839646
1532,1766,234,0.117,0.19202338070422412
1464,1732,268,0.134,0.1921776728928089
1526,1763,237,0.1185,0.18594712851941586
1478,1739,261,0.1305,0.18237399926036596
1480,1740,260,0.13,0.1840402208268819
1486,1743,257,0.1285,0.17855996860936285
1592,1796,204,0.102,0.1666272502951324
1542,1771,229,0.1145,0.16148765985667707
1540,1770,230,0.115,0.1571964551010169
1586,1793,207,0.1035,0.14722713798098266
1488,1744,256,0.128,0.138203734587878
1554,1777,223,0.1115,0.1323914577998221
1478,1739,261,0.1305,0.13580748312920332
1442,1721,279,0.1395,0.14255247012394828
1446,1723,277,0.1385,0.15279364334791898
1538,1769,231,0.1155,0.15260697734355927
1522,1761,239,0.1195,0.16398078164085747
1562,1781,219,0.1095,0.17143162801116704
1538,1769,231,0.1155,0.17717548375204206
1590,1795,205,0.1025,0.17345411069318653
1528,1764,236,0.118,0.17742064153030515
1574,1787,213,0.1065,0.1678899450786412
1556,1778,222,0.111,0.1563034615777882
1436,1718,282,0.141,0.16195338128879666
1474,1737,263,0.1315,0.16531100703030824
1470,1735,265,0.1325,0.154889566765758
1476,1738,262,0.131,0.15911744656413793
1466,1733,267,0.1335,0.16065813981369137
1442,1721,279,0.1395,0.15940369215421396
1538,1769,231,0.1155,0.15279843961447478
1630,1815,185,0.0925,0.17102501006796955
1518,1759,241,0.1205,0.17674642520118505
1538,1769,231,0.1155,0.1787543050274253
1498,1749,251,0.1255,0.1772472022190732
1476,1738,262,0.131,0.1644361100755632
1550,1775,225,0.1125,0.15739933545514942
1506,1753,247,0.1235,0.15455814004689455
1564,1782,218,0.109,0.14882174437120557
1506,1753,247,0.1235,0.13684354937076568
1474,1737,263,0.1315,0.1390445899083279
1470,1735,265,0.1325,0.1365443700440228
1494,1747,253,0.1265,0.13289312909543513
1540,1770,230,0.115,0.13610048340260983
1458,1729,271,0.1355,0.14372494714334608
1576,1788,212,0.106,0.13601242250949144
1514,1757,243,0.1215,0.14222154697217046
1566,1783,217,0.1085,0.13923629708215593
1530,1765,235,0.1175,0.14611118720658123
1502,1751,249,0.1245,0.13724437563493846
1486,1743,257,0.1285,0.14285994373820723
1534,1767,233,0.1165,0.13038439232483506
1520,1760,240,0.12,0.12880532762408256
1558,1779,221,0.1105,0.12353036639466881
1522,1761,239,0.1195,0.12150313279218972
1494,1747,253,0.1265,0.11756777730584145
1560,1780,220,0.11,0.11483817465417087
1486,1743,257,0.1285,0.12054153698030859
1492,1746,254,0.127,0.1204083469957114
1580,1790,210,0.105,0.11882873674295842
1474,1737,263,0.1315,0.12920627709105612
1504,1752,248,0.124,0.13522170735895633
1514,1757,243,0.1215,0.1308980830386281
1556,1778,222,0.111,0.13161077400669455
1546,1773,227,0.1135,0.13410101881250738
1530,1765,235,0.1175,0.1364175097667612
1512,1756,244,0.122,0.1381438195584342
1446,1723,277,0.1385,0.143465096919188
1580,1790,210,0.105,0.13643372447416185
1526,1763,237,0.1185,0.14179506651568227
1512,1756,244,0.122,0.14621288977394006
1484,1742,258,0.129,0.14546797699993477
1514,1757,243,0.1215,0.1408161446832994
1546,1773,227,0.1135,0.1445128083471209
1442,1721,279,0.1395,0.1570701796816138
1512,1756,244,0.122,0.15715056108683348
1490,1745,255,0.1275,0.15984333888068794
1546,1773,227,0.1135,0.15936571406433359
1462,1731,269,0.1345,0.1724371757991612
1436,1718,282,0.141,0.1694847147539258
1602,1801,199,0.0995,0.16303591573797166
1504,1752,248,0.124,0.16665348993241788
1526,1763,237,0.1185,0.17386717920430236
1576,1788,212,0.106,0.16843152887001633
1466,1733,267,0.1335,0.1796135553866625
1416,1708,292,0.146,0.181719208098948
1492,1746,254,0.127,0.18277976306900381
1582,1791,209,0.1045,0.18303096901017718
1502,1751,249,0.1245,0.19270710262656213
1522,1761,239,0.1195,0.1939184286268428
1518,1759,241,0.1205,0.19088239713013172
1558,1779,221,0.1105,0.19101542049646378
1564,1782,218,0.109,0.19744066855311393
1598,1799,201,0.1005,0.1920679598711431
1526,1763,237,0.1185,0.19473192761093383
1532,1766,234,0.117,0.1940979408286512
1584,1792,208,0.104,0.1905164873804897
1594,1797,203,0.1015,0.19793565362496568
1482,1741,259,0.1295,0.20746883065556176
1496,1748,252,0.126,0.21969050389900804
1586,1793,207,0.1035,0.22452330289155362
1530,1765,235,0.1175,0.2413326905183494
1500,1750,250,0.125,0.2552405505999923
1686,1843,157,0.0785,0.2516683285906911
1536,1768,232,0.116,0.2647632438763976
1508,1754,246,0.123,0.2623982058279216
1506,1753,247,0.1235,0.26450401125103234
1582,1791,209,0.1045,0.25221192572265866
1598,1799,201,0.1005,0.2535905899731442
1572,1786,214,0.107,0.2503761108368635
1468,1734,266,0.133,0.25740736370533707
1550,1775,225,0.1125,0.2548646831721999
1506,1753,247,0.1235,0.26114216950535774
1530,1765,235,0.1175,0.2654665000885725
1508,1754,246,0.123,0.26952037660777567
1476,1738,262,0.131,0.2757286307504401
1564,1782,218,0.109,0.2759059317782521
1486,1743,257,0.1285,0.2820955807985738
1490,1745,255,0.1275,0.2812073593698442
1486,1743,257,0.1285,0.27651037054136396
1564,1782,218,0.109,0.2700195319593986
1574,1787,213,0.1065,0.25106690524611625
1482,1741,259,0.1295,0.254126348150894
1604,1802,198,0.099,0.21783512258427123
1612,1806,194,0.097,0.2111972581371665
1490,1745,255,0.1275,0.19703350085578858
1556,1778,222,0.111,0.19341483226791023
1510,1755,245,0.1225,0.17957995838671922
1468,1734,266,0.133,0.17838030137121677
1564,1782,218,0.109,0.17818508656322957
1560,1780,220,0.11,0.1803194066248834
1506,1753,247,0.1235,0.19837188506498932
1422,1711,289,0.1445,0.20791334342211484
1494,1747,253,0.1265,0.21729720921069384
1488,1744,256,0.128,0.22090044467896222
1500,1750,250,0.125,0.23469806591421366
1518,1759,241,0.1205,0.2357953062145807
1558,1779,221,0.1105,0.23217795361578464
1442,1721,279,0.1395,0.2334816349297762
1536,1768,232,0.116,0.2080306998975575
1576,1788,212,0.106,0.20101206749677658
1514,1757,243,0.1215,0.18613054767251014
1516,1758,242,0.121,0.18492136704894108
1470,1735,265,0.1325,0.16460699059441686
1636,1818,182,0.091,0.15448015732318163
1548,1774,226,0.113,0.15404081955799484
1562,1781,219,0.1095,0.15500235833227635
1536,1768,232,0.116,0.164107943888288
1494,1747,253,0.1265,0.16245268096029758
1532,1766,234,0.117,0.16725970079749822
1598,1799,201,0.1005,0.16714538350328803
1514,1757,243,0.1215,0.17727978649362922
1570,1785,215,0.1075,0.17750340857356786
1594,1797,203,0.1015,0.1763524935953319
1608,1804,196,0.098,0.17564474903047084
1514,1757,243,0.1215,0.17744219456985594
1500,1750,250,0.125,0.1774615067038685
1430,1715,285,0.1425,0.17711433964967727
1528,1764,236,0.118,0.16991531620919703
1524,1762,238,0.119,0.1728825764618814
1506,1753,247,0.1235,0.17308987422659994
1508,1754,246,0.123,0.1746517582349479
1478,1739,261,0.1305,0.1767049835808575
1500,1750,250,0.125,0.17798265488874138
1552,1776,224,0.112,0.17399328754469753
1472,1736,264,0.132,0.17832511803880333
1484,1742,258,0.129,0.17472324673831463
1522,1761,239,0.1195,0.17489919101446866
1482,1741,259,0.1295,0.17203507320210337
1480,1740,260,0.13,0.17000630670413375
1534,1767,233,0.1165,0.16816841746866704
1578,1789,211,0.1055,0.1531384421661496
1596,1798,202,0.101,0.1506309651378542
1602,1801,199,0.0995,0.14270908515527844
1532,1766,234,0.117,0.1431618962631328
1458,1729,271,0.1355,0.13551693806747062
1536,1768,232,0.116,0.13328022179938862
1428,1714,286,0.143,0.13774909064918756
1470,1735,265,0.1325,0.13847165448394524
1606,1803,197,0.0985,0.14473266787454486
1608,1804,196,0.098,0.1430571666173637
1536,1768,232,0.116,0.1516228152444447
1532,1766,234,0.117,0.15158100001141428
1578,1789,211,0.1055,0.1451378714341263
1574,1787,213,0.1065,0.14158091250061988
1460,1730,270,0.135,0.1440609875060618
1542,1771,229,0.1145,0.14477228620648383
1434,1717,283,0.1415,0.14058856979757547
1620,1810,190,0.095,0.1306033728644252
1554,1777,223,0.1115,0.13467036236077548
1450,1725,275,0.1375,0.13740583303570958
1626,1813,187,0.0935,0.13419635568931698
1594,1797,203,0.1015,0.13331981187500058
1396,1698,302,0.151,0.14671390411909668
1506,1753,247,0.1235,0.14405214467272162
1510,1755,245,0.1225,0.14502493378520012
1542,1771,229,0.1145,0.14230711313709615
1486,1743,257,0.1285,0.14948434057831764
1536,1768,232,0.116,0.14540028239365727
1542,1771,229,0.1145,0.14177044778689743
1554,1777,223,0.1115,0.14222755087167024
1538,1769,231,0.1155,0.14367072205164005
1502,1751,249,0.1245,0.14118961894139648
1458,1729,271,0.1355,0.13309581181406974
1536,1768,232,0.116,0.12658470328393742
1564,1782,218,0.109,0.125529281090945
1508,1754,246,0.123,0.12371170891821384
1498,1749,251,0.1255,0.1226176804099232
1576,1788,212,0.106,0.11769391493499279
1538,1769,231,0.1155,0.12181716563925148
1494,1747,253,0.1265,0.11948332969099557
1436,1718,282,0.141,0.12163019216805697
1502,1751,249,0.1245,0.1193983548991382
1490,1745,255,0.1275,0.12153799297660589
1440,1720,280,0.14,0.11978844381868839
1514,1757,243,0.1215,0.12165385232120753
1568,1784,216,0.108,0.11744655793905258
1540,1770,230,0.115,0.11867714966461063
1522,1761,239,0.1195,0.11580562180653214
1488,1744,256,0.128,0.10592203801870347
1502,1751,249,0.1245,0.10097238965705037
1488,1744,256,0.128,0.10010316354315728
1538,1769,231,0.1155,0.09348529488034546
1524,1762,238,0.119,0.08847652560158167
1546,1773,227,0.1135,0.08772983567233314
1554,1777,223,0.1115,0.08899320292728953
1534,1767,233,0.1165,0.09142710057925432
1438,1719,281,0.1405,0.1044557309485972
1560,1780,220,0.11,0.10243724114075303
1454,1727,273,0.1365,0.11006868576072157
1524,1762,238,0.119,0.11157231800444424
1534,1767,233,0.1165,0.11700572480633854
1424,1712,288,0.144,0.12126821577176451
1538,1769,231,0.1155,0.11531378877162933
1518,1759,241,0.1205,0.11682177960500122
1582,1791,209,0.1045,0.11263727389648556
1476,1738,262,0.131,0.11655203426256776
1522,1761,239,0.1195,0.11236510599404573
1576,1788,212,0.106,0.10119874502933816
1466,1733,267,0.1335,0.09539832363277674
1476,1738,262,0.131,0.09378299340233207
1676,1838,162,0.081,0.08599374693445862
1582,1791,209,0.1045,0.08236117151100189
1466,1733,267,0.1335,0.08547771093037383
1436,1718,282,0.141,0.08971195316128433
1560,1780,220,0.11,0.08409262817539274
1472,1736,264,0.132,0.09460560351680034
1538,1769,231,0.1155,0.10690839141048492
1552,1776,224,0.112,0.11134961731731892
1538,1769,231,0.1155,0.11436230951547623
1594,1797,203,0.1015,0.12156432734429837
1510,1755,245,0.1225,0.12452530717849732
1382,1691,309,0.1545,0.13087688587978483
1552,1776,224,0.112,0.11753060374781489
1598,1799,201,0.1005,0.11207847820222377
1480,1740,260,0.13,0.11071154107805342
1494,1747,253,0.1265,0.11184649236034602
1594,1797,203,0.1015,0.09986080935783684
1580,1790,210,0.105,0.09711052254959941
1546,1773,227,0.1135,0.09719097954593599
1602,1801,199,0.0995,0.09520876092699837
1524,1762,238,0.119,0.09503847047314049
1520,1760,240,0.12,0.09861677370220423
1616,1808,192,0.096,0.10197811960242828
1524,1762,238,0.119,0.10684115552157164
1542,1771,229,0.1145,0.10880980905890465
1478,1739,261,0.1305,0.11979725389927626
1584,1792,208,0.104,0.11917671709135175
1456,1728,272,0.136,0.12342668331321328
1480,1740,260,0.13,0.1273789461478591
1498,1749,251,0.1255,0.12704159825667738
1518,1759,241,0.1205,0.11887547255307436
1580,1790,210,0.105,0.11542989107966423
1578,1789,211,0.1055,0.11438567918771878
1542,1771,229,0.1145,0.10282922480627894
1534,1767,233,0.1165,0.08961715602688491
1588,1794,206,0.103,0.08422661927342415
1510,1755,245,0.1225,0.08599065258027985
1582,1791,209,0.1045,0.07802316839806736
1576,1788,212,0.106,0.07751721212989651
1520,1760,240,0.12,0.07923384024863867
1524,1762,238,0.119,0.08065713480673731
1576,1788,212,0.106,0.08637946853227914
1570,1785,215,0.1075,0.09707501454092562
1392,1696,304,0.152,0.1046834330521524
1644,1822,178,0.089,0.0987569706549317
1522,1761,239,0.1195,0.1053332127071917
1632,1816,184,0.092,0.09971815069951118
1516,1758,242,0.121,0.10556124181114138
1534,1767,233,0.1165,0.10002475120127201
1482,1741,259,0.1295,0.09450513424351811
1600,1800,200,0.1,0.07904293778911232
1512,1756,244,0.122,0.08257437012996524
1534,1767,233,0.1165,0.07904335146211088
1584,1792,208,0.104,0.07619915949693518
1538,1769,231,0.1155,0.0802121692141518
1538,1769,231,0.1155,0.08514250688068568
1454,1727,273,0.1365,0.08653980332240463
1516,1758,242,0.121,0.0924221563115716
1562,1781,219,0.1095,0.10391630803209108
1486,1743,257,0.1285,0.10880912557803095
1518,1759,241,0.1205,0.1108841567505151
1524,1762,238,0.119,0.11512166645750403
1492,1746,254,0.127,0.1205197524279356
1516,1758,242,0.121,0.12089153152145446
1570,1785,215,0.1075,0.11851508458424359
1502,1751,249,0.1245,0.11687437543331179
1518,1759,241,0.1205,0.10577900315649458
1570,1785,215,0.1075,0.10333983185747639
1446,1723,277,0.1385,0.10540041870006826
1486,1743,257,0.1285,0.10196809916757048
1546,1773,227,0.1135,0.09752377664871119
1552,1776,224,0.112,0.09746964809671044
1568,1784,216,0.108,0.10057031764648855
1580,1790,210,0.105,0.10156987617628328
1532,1766,234,0.117,0.11008888181298972
1484,1742,258,0.129,0.11120742994546891
1446,1723,277,0.1385,0.11473301219753922
1510,1755,245,0.1225,0.12598918633535505
1512,1756,244,0.122,0.13185270597413182
1550,1775,225,0.1125,0.1358401547819376
1540,1770,230,0.115,0.1354098115377128
1572,1786,214,0.107,0.1376973276361823
1488,1744,256,0.128,0.13635386813351943
1552,1776,224,0.112,0.12647548988088966
1590,1795,205,0.1025,0.13099537048861384
1442,1721,279,0.1395,0.1189328965432942
1548,1774,226,0.113,0.10389514413524012
1548,1774,226,0.113,0.10178294978799216
1508,1754,246,0.123,0.10606192560074851
1432,1716,284,0.142,0.10585821420932189
1504,1752,248,0.124,0.1103608319517225
1590,1795,205,0.1025,0.11041156168282032
1558,1779,221,0.1105,0.11154055010108277
1520,1760,240,0.12,0.126284941945225
1552,1776,224,0.112,0.13088758430257438
1512,1756,244,0.122,0.13424128968827426
1580,1790,210,0.105,0.1346371906250715
1522,1761,239,0.1195,0.14301292988285422
1558,1779,221,0.1105,0.14519606899097562
1612,1806,194,0.097,0.1438367448449135
1530,1765,235,0.1175,0.14941876377910376
1560,1780,220,0.11,0.14174672365933658
1474,1737,263,0.1315,0.13937390457169385
1498,1749,251,0.1255,0.1403038834221661
1602,1801,199,0.0995,0.13584060708805917
1450,1725,275,0.1375,0.1459803675338626
1530,1765,235,0.1175,0.14326509721018374
1458,1729,271,0.1355,0.1488998605366796
1562,1781,219,0.1095,0.14342917850520462
1530,1765,235,0.1175,0.15780810645967722
1576,1788,212,0.106,0.1598365853279829
1428,1714,286,0.143,0.1689530311115086
1442,1721,279,0.1395,0.17511206831084564
1540,1770,230,0.115,0.17677376625314356
1568,1784,216,0.108,0.17450708729214967
1506,1753,247,0.1235,0.17843320302015164
1546,1773,227,0.1135,0.1674010184817016
1540,1770,230,0.115,0.15927352026849986
1488,1744,256,0.128,0.14878753471001982
1410,1705,295,0.1475,0.15099083510786296
1536,1768,232,0.116,0.13383497123111737
1526,1763,237,0.1185,0.12944431601837278
1588,1794,206,0.103,0.12963091434165835
1472,1736,264,0.132,0.1388319128639996
1510,1755,245,0.1225,0.1374305764697492
1482,1741,259,0.1295,0.14397987957298755
1504,1752,248,0.124,0.1450723705291748
1556,1778,222,0.111,0.14788324579130857
1522,1761,239,0.1195,0.15201087471097707
1464,1732,268,0.134,0.16053233803994954
1494,1747,253,0.1265,0.15575502980686723
1482,1741,259,0.1295,0.15757619429401257
1568,1784,216,0.108,0.15405654199421406
1464,1732,268,0.134,0.1555382390972227
1592,1796,204,0.102,0.1462133268811158
1500,1750,250,0.125,0.14966853571124375
1474,1737,263,0.1315,0.1518541119270958
1584,1792,208,0.104,0.14287453983537854
1650,1825,175,0.0875,0.13888300863839687
1524,1762,238,0.119,0.14337509838305415
1518,1759,241,0.1205,0.14097434036284084
1446,1723,277,0.1385,0.14170911307260395
1560,1780,220,0.11,0.1389809060288897
1528,1764,236,0.118,0.148830804431811
1448,1724,276,0.138,0.15390730736777186
1572,1786,214,0.107,0.16009072240814567
1518,1759,241,0.1205,0.1680129024386406
1518,1759,241,0.1205,0.17436188548523932
1452,1726,274,0.137,0.18649318370223045
1506,1753,247,0.1235,0.1860152767187683
1510,1755,245,0.1225,0.18583067670464515
1498,1749,251,0.1255,0.18759055810421704
1514,1757,243,0.1215,0.18599161806702613
1504,1752,248,0.124,0.1741877515166998
1558,1779,221,0.1105,0.16833566626161336
1464,1732,268,0.134,0.16781178886722772
1538,1769,231,0.1155,0.15718134888261556
1550,1775,225,0.1125,0.14230490634217857
1590,1795,205,0.1025,0.13438366322219372
1542,1771,229,0.1145,0.135447421759367
1542,1771,229,0.1145,0.13011420911177993
1526,1763,237,0.1185,0.1233720633443445
1552,1776,224,0.112,0.11981344836961944
1600,1800,200,0.1,0.116470364023
1614,1807,193,0.0965,0.11531125273555518
1490,1745,255,0.1275,0.12051277486607433
1558,1779,221,0.1105,0.11393407678231597
1558,1779,221,0.1105,0.11648651089891791
1492,1746,254,0.127,0.11948739573406056
1470,1735,265,0.1325,0.12615425675176084
1540,1770,230,0.115,0.12185714250802994
1584,1792,208,0.104,0.12069996393844486
1496,1748,252,0.126,0.12751132171601057
1618,1809,191,0.0955,0.12532798567786813
1496,1748,252,0.126,0.13018809262663125
1442,1721,279,0.1395,0.13226587649807334
1472,1736,264,0.132,0.13474518862366677
1450,1725,275,0.1375,0.13241091396287083
1546,1773,227,0.1135,0.13184521446190775
1554,1777,223,0.1115,0.1328472258709371
1548,1774,226,0.113,0.13276224673725665
1584,1792,208,0.104,0.12752377238869667
1536,1768,232,0.116,0.12604735042939974
1502,1751,249,0.1245,0.12660970719526812
1474,1737,263,0.1315,0.12879931850731371
1550,1775,225,0.1125,0.13028578899618343
1598,1799,201,0.1005,0.13197392643615605
1588,1794,206,0.103,0.13328799620643259
1498,1749,251,0.1255,0.14627407862618566
1464,1732,268,0.134,0.1475248935316922
1510,1755,245,0.1225,0.14876391188427807
1548,1774,226,0.113,0.14456856425106526
1558,1779,221,0.1105,0.1461705431304872
1498,1749,251,0.1255,0.14639512461423873
1490,1745,255,0.1275,0.14346138329803942
1500,1750,250,0.125,0.14261615355685353
1390,1695,305,0.1525,0.14527351807430386
1474,1737,263,0.1315,0.1444932005852689
1550,1775,225,0.1125,0.1392249812372029
1516,1758,242,0.121,0.14265442682802676
1540,1770,230,0.115,0.14335614765807986
1582,1791,209,0.1045,0.1414359622877091
1540,1770,230,0.115,0.14345353671908379
1584,1792,208,0.104,0.13943575076386333
1516,1758,242,0.121,0.14380964546650649
1470,1735,265,0.1325,0.14113064803555608
1486,1743,257,0.1285,0.13926122143492103
1550,1775,225,0.1125,0.1349704185401206
1508,1754,246,0.123,0.14262936824187636
1454,1727,273,0.1365,0.1546168927855324
1416,1708,292,0.146,0.1610165943005122
1552,1776,224,0.112,0.15281223697960378
1510,1755,245,0.1225,0.17435192577913403
1510,1755,245,0.1225,0.18761969539523124
1470,1735,265,0.1325,0.19154078597947954
1556,1778,222,0.111,0.18635681226388442
1504,1752,248,0.124,0.19007486441358923
1476,1738,262,0.131,0.18314612380787731
1570,1785,215,0.1075,0.17779103645309807
1486,1743,257,0.1285,0.17616681073606014
1542,1771,229,0.1145,0.16488438429310917
1500,1750,250,0.125,0.15587919076904655
1476,1738,262,0.131,0.1565162604302168
1510,1755,245,0.1225,0.15635870546475053
1504,1752,248,0.124,0.1521412017531693
1476,1738,262,0.131,0.16362564405426383
1524,1762,238,0.119,0.161044743899256
1416,1708,292,0.146,0.16971163669228553
1530,1765,235,0.1175,0.1705287322886288
1524,1762,238,0.119,0.18159468476846813
1498,1749,251,0.1255,0.18156469167768954
1520,1760,240,0.12,0.181833033926785
1572,1786,214,0.107,0.17065944648350706
1486,1743,257,0.1285,0.16364654290489852
1566,1783,217,0.1085,0.15704341408982872
1470,1735,265,0.1325,0.15779447145016456
1528,1764,236,0.118,0.13746344419941306
1512,1756,244,0.122,0.13035807168483735
1536,1768,232,0.116,0.12784706628602
1534,1767,233,0.1165,0.12559110824763775
1498,1749,251,0.1255,0.1247548649739474
1588,1794,206,0.103,0.12821154088154435
1412,1706,294,0.147,0.1375015006135218
1496,1748,252,0.126,0.1352327014245093
1514,1757,243,0.1215,0.14313572737574579
1536,1768,232,0.116,0.14947815639525652
1548,1774,226,0.113,0.15137496327608824
1530,1765,235,0.1175,0.15303313387557865
1562,1781,219,0.1095,0.14757178713381292
1476,1738,262,0.131,0.14529521756246686
1552,1776,224,0.112,0.1410124702216781
1532,1766,234,0.117,0.1416814800016582
1526,1763,237,0.1185,0.13264591814577578
1474,1737,263,0.1315,0.1332093316808638
1510,1755,245,0.1225,0.13035059394687415
1612,1806,194,0.097,0.1242946766205132
1532,1766,234,0.117,0.13198913842788898
1598,1799,201,0.1005,0.13210477350838482
1470,1735,265,0.1325,0.14105180361308156
1520,1760,240,0.12,0.13823402849132618
1464,1732,268,0.134,0.14139682770520448
1536,1768,232,0.116,0.12874608797091058
1472,1736,264,0.132,0.12822375810332595
1558,1779,221,0.1105,0.1262449897788465
1450,1725,275,0.1375,0.12661888844886562
1506,1753,247,0.1235,0.11944512087851762
1518,1759,241,0.1205,0.11949154642829672
1494,1747,253,0.1265,0.11771716886154172
1552,1776,224,0.112,0.11503120269998908
1514,1757,243,0.1215,0.11765486135147513
1580,1790,210,0.105,0.11531850546598435
1534,1767,233,0.1165,0.11405991379544139
1634,1817,183,0.0915,0.10812769079977352
1552,1776,224,0.112,0.10813350405357779
1466,1733,267,0.1335,0.10509552696940955
1630,1815,185,0.0925,0.10109631433710456
1454,1727,273,0.1365,0.0993308268301189
1572,1786,214,0.107,0.09590973545820944
1492,1746,254,0.127,0.10105483513139188
1406,1703,297,0.1485,0.10277173712593503
1522,1761,239,0.1195,0.11344746433966793
1522,1761,239,0.1195,0.1213548734228243
1510,1755,245,0.1225,0.12455156353639904
1558,1779,221,0.1105,0.12552702313102782
1426,1713,287,0.1435,0.1367941947504878
1588,1794,206,0.103,0.13386588095407934
1398,1699,301,0.1505,0.13955826150579378
1508,1754,246,0.123,0.13343818715959788
1522,1761,239,0.1195,0.12437537290342152
1430,1715,285,0.1425,0.12153252544812858
1444,1722,278,0.139,0.12029057599513812
1458,1729,271,0.1355,0.11826596713252366
1468,1734,266,0.133,0.11293951972201467
1526,1763,237,0.1185,0.11469363411853556
1592,1796,204,0.102,0.11060026254132391
1532,1766,234,0.117,0.11111092490702867
1574,1787,213,0.1065,0.11372188759967684
1474,1737,263,0.1315,0.11745225228575873
1598,1799,201,0.1005,0.11257403630763292
1516,1758,242,0.121,0.11419458080083132
1502,1751,249,0.1245,0.12217523163929582
1474,1737,263,0.1315,0.12348779145051958
1590,1795,205,0.1025,0.11884653625881765
1590,1795,205,0.1025,0.11864090896770359
1460,1730,270,0.135,0.128873107874766
1560,1780,220,0.11,0.12792280499637126
1564,1782,218,0.109,0.12609793327003718
1566,1783,217,0.1085,0.12789551012590528
1546,1773,227,0.1135,0.13242940855771304
1576,1788,212,0.106,0.13166353994068475
1526,1763,237,0.1185,0.13552018562704324
1542,1771,229,0.1145,0.1352875970872119
1562,1781,219,0.1095,0.13902530384063722
1586,1793,207,0.1035,0.13669204380735755
1552,1776,224,0.112,0.1393019465096295
1474,1737,263,0.1315,0.14307947994209827
1524,1762,238,0.119,0.14443665505200626
1600,1800,200,0.1,0.1415951119568199
1440,1720,280,0.14,0.14975089509412645
1540,1770,230,0.115,0.1463811965547502
1432,1716,284,0.142,0.16390329810604454
1536,1768,232,0.116,0.1621233852148871
1516,1758,242,0.121,0.1668432199805975
1564,1782,218,0.109,0.1618719486184418
1482,1741,259,0.1295,0.17217851421236993
1580,1790,210,0.105,0.1675848878659308
1556,1778,222,0.111,0.17103553341701627
1512,1756,244,0.122,0.17339105982333422
1566,1783,217,0.1085,0.1654098643437028
1526,1763,237,0.1185,0.16001187010854484
1504,1752,248,0.124,0.1615913200539071
1558,1779,221,0.1105,0.15768472201935946
1500,1750,250,0.125,0.15896400415967946
1548,1774,226,0.113,0.15722043544612824
1444,1722,278,0.139,0.16239935536310077
1572,1786,214,0.107,0.1603645919933915
1582,1791,209,0.1045,0.17224946884065867
1534,1767,233,0.1165,0.17574870974197984
1484,1742,258,0.129,0.18116758287698032
1530,1765,235,0.1175,0.1800937701240182
1580,1790,210,0.105,0.18249613907467574
1552,1776,224,0.112,0.17792229260876924
1610,1805,195,0.0975,0.174008652693592
1602,1801,199,0.0995,0.17661134082876379
1514,1757,243,0.1215,0.16933779477328062
1514,1757,243,0.1215,0.16534856699034572
1528,1764,236,0.118,0.1643416624367237
1628,1814,186,0.093,0.15855074517801404
1464,1732,268,0.134,0.17789001547545194
1450,1725,275,0.1375,0.18853304857637818
1450,1725,275,0.1375,0.19115595933049917
1588,1794,206,0.103,0.1822791778743267
1444,1722,278,0.139,0.21194391077384353
1536,1768,232,0.116,0.21448093032836915
1482,1741,259,0.1295,0.22378107134196398
1480,1740,260,0.13,0.22546866722404957
1556,1778,222,0.111,0.21727292228490114
1494,1747,253,0.1265,0.21650736067099205
1606,1803,197,0.0985,0.19820761694014072
1514,1757,243,0.1215,0.20173508585244418
1628,1814,186,0.093,0.1745945489220321
1472,1736,264,0.132,0.1734130312204361
1466,1733,267,0.1335,0.17285911728441716
1506,1753,247,0.1235,0.164806150842458
1548,1774,226,0.113,0.15918306987639516
1494,1747,253,0.1265,0.16514949579909444
1482,1741,259,0.1295,0.1692996135279536
1544,1772,228,0.114,0.166541947491467
1482,1741,259,0.1295,0.19062683878839015
1520,1760,240,0.12,0.2033230178132653
1546,1773,227,0.1135,0.20284066599607467
1492,1746,254,0.127,0.20490322042350909
1544,1772,228,0.114,0.2104235252253711
1550,1775,225,0.1125,0.20905952820926904
1568,1784,216,0.108,0.20271901061525568
1606,1803,197,0.0985,0.20009120525419713
1472,1736,264,0.132,0.17481243215501308
1520,1760,240,0.12,0.16644843551889063
1508,1754,246,0.123,0.16288185565918684
1458,1729,271,0.1355,0.16461773905914742
1522,1761,239,0.1195,0.1536534193828702
1512,1756,244,0.122,0.1544880931386724
1580,1790,210,0.105,0.157069811636582
1510,1755,245,0.1225,0.1601031306553632
1480,1740,260,0.13,0.1694735710816458
1484,1742,258,0.129,0.17177205702289938
1560,1780,220,0.11,0.16894575394690037
1518,1759,241,0.1205,0.17456391223520193
1576,1788,212,0.106,0.1694793014438328
1604,1802,198,0.099,0.16829732766378488
1536,1768,232,0.116,0.16260625400394202
1534,1767,233,0.1165,0.16441455299407243
1524,1762,238,0.119,0.15401257408969105
1494,1747,253,0.1265,0.15321022249219943
1496,1748,252,0.126,0.15286308282241226
1444,1722,278,0.139,0.16343504567071795
1508,1754,246,0.123,0.18054135230812243
1538,1769,231,0.1155,0.19562217031791806
1468,1734,266,0.133,0.20724114603549243
1516,1758,242,0.121,0.19488207559660078
1510,1755,245,0.1225,0.22962332444265485
1540,1770,230,0.115,0.2306637368425727
1538,1769,231,0.1155,0.23391456145048142
1518,1759,241,0.1205,0.23532357528060674
1544,1772,228,0.114,0.23084765378385783
1476,1738,262,0.131,0.22288895724934993
1490,1745,255,0.1275,0.21949986217916012
1566,1783,217,0.1085,0.2087743035516105
1534,1767,233,0.1165,0.2058584567969665
1432,1716,284,0.142,0.20487354665249585
1542,1771,229,0.1145,0.197305671133101
1486,1743,257,0.1285,0.20579042910411954
1552,1776,224,0.112,0.20075325202196836
1536,1768,232,0.116,0.20886044299474452
1450,1725,275,0.1375,0.22678910532221197
1478,1739,261,0.1305,0.23231675698049367
1522,1761,239,0.1195,0.24654682548344134
1476,1738,262,0.131,0.2369899704940617
1528,1764,236,0.118,0.26009910184517504
1522,1761,239,0.1195,0.26143312294781207
1608,1804,196,0.098,0.2565487950304523
1384,1692,308,0.154,0.2644515484683216
1546,1773,227,0.1135,0.25644009058718803
1570,1785,215,0.1075,0.25017078733444215
1492,1746,254,0.127,0.24070541733875872
1484,1742,258,0.129,0.24323951016366482
1508,1754,246,0.123,0.24486404551565646
1562,1781,219,0.1095,0.24204659927636385
1470,1735,265,0.1325,0.25285329186171296
1518,1759,241,0.1205,0.2714591731503606
1564,1782,218,0.109,0.27348810294270515
1466,1733,267,0.1335,0.29392720948904755
1488,1744,256,0.128,0.334791991263628
1548,1774,226,0.113,0.3280066994652152
1564,1782,218,0.109,0.3120462015196681
1490,1745,255,0.1275,0.33633379186689855
1530,1765,235,0.1175,0.3290034058541059
1562,1781,219,0.1095,0.32174505113158375
1572,1786,214,0.107,0.32199589581787585
1520,1760,240,0.12,0.32365780463814736
1554,1777,223,0.1115,0.30855252195522187
1466,1733,267,0.1335,0.31951310600580335
1506,1753,247,0.1235,0.3220633994621277
1418,1709,291,0.1455,0.33815000880509616
1546,1773,227,0.1135,0.3825864452445421
1488,1744,256,0.128,0.40425504887849095
1438,1719,281,0.1405,0.4356841720128432
1546,1773,227,0.1135,0.4462005617022514
1482,1741,259,0.1295,0.4942562355077825
1464,1732,268,0.134,0.5006908825784921
1540,1770,230,0.115,0.5047126474380493
1556,1778,222,0.111,0.5158679568823427
1560,1780,220,0.11,0.5249036096632481
1514,1757,243,0.1215,0.5272309192121029
1528,1764,236,0.118,0.5240325217247009
1506,1753,247,0.1235,0.5299522736668587
1494,1747,253,0.1265,0.5404282402396202
1452,1726,274,0.137,0.5475266242176294
1466,1733,267,0.1335,0.5487954831541122
1540,1770,230,0.115,0.5413246063292027
1426,1713,287,0.1435,0.5546693809418939
1434,1717,283,0.1415,0.5629067645128817
1528,1764,236,0.118,0.5509135395511985
1474,1737,263,0.1315,0.5568312768042087
1458,1729,271,0.1355,0.5686220396384597
1518,1759,241,0.1205,0.5548529457300901
1536,1768,232,0.116,0.5434786435067653
1562,1781,219,0.1095,0.5389127926975489
1522,1761,239,0.1195,0.48909142769027747
1508,1754,246,0.123,0.4765372257828712
1508,1754,246,0.123,0.45268413348309694
1438,1719,281,0.1405,0.44775998139381407
1418,1709,291,0.1455,0.4043024603575468
1534,1767,233,0.1165,0.3766146642714739
1530,1765,235,0.1175,0.37434009547904135
1510,1755,245,0.1225,0.36795225206017496
1420,1710,290,0.145,0.3643151981059928
1520,1760,240,0.12,0.3547140355128795
1530,1765,235,0.1175,0.357453097216785
1486,1743,257,0.1285,0.36427357046306136
1530,1765,235,0.1175,0.37352901563048363
1480,1740,260,0.13,0.37313226467370986
1442,1721,279,0.1395,0.3766459036767483
1470,1735,265,0.1325,0.3743998391777277
1544,1772,228,0.114,0.35767678790725765
1532,1766,234,0.117,0.34974452597647904
1444,1722,278,0.139,0.3466813830509782
1546,1773,227,0.1135,0.3391294616982341
1502,1751,249,0.1245,0.3076865186244249
1532,1766,234,0.117,0.30212199714034793
1490,1745,255,0.1275,0.2998181322365999
1480,1740,260,0.13,0.29794307607773224
1450,1725,275,0.1375,0.2915053024664521
1504,1752,248,0.124,0.28540206301398574
1472,1736,264,0.132,0.2913393754214048
1558,1779,221,0.1105,0.2893715249598026
1582,1791,209,0.1045,0.3071918193101883
1446,1723,277,0.1385,0.3189040078371763
1534,1767,233,0.1165,0.3227538548456105
1584,1792,208,0.104,0.32252969125658276
1462,1731,269,0.1345,0.3369437901973724
1498,1749,251,0.1255,0.33453276821700273
1450,1725,275,0.1375,0.3329261261485517
1570,1785,215,0.1075,0.3246204001447186
1510,1755,245,0.1225,0.31568772543407975
1468,1734,266,0.133,0.3113491540104151
1444,1722,278,0.139,0.31445109179615977
1512,1756,244,0.122,0.3011583979353309
1530,1765,235,0.1175,0.3083081297427416
1552,1776,224,0.112,0.30646686791628597
1592,1796,204,0.102,0.3087072903094813
1530,1765,235,0.1175,0.3102899031639099
1526,1763,237,0.1185,0.3073672240818269
1462,1731,269,0.1345,0.3083490623012185
1450,1725,275,0.1375,0.30718460672348735
1508,1754,246,0.123,0.3058935637341393
1512,1756,244,0.122,0.315705594278872
1484,1742,258,0.129,0.31577541925013064
1472,1736,264,0.132,0.31459541943669317
1478,1739,261,0.1305,0.31153278358280656
1558,1779,221,0.1105,0.29974122685939075
1486,1743,257,0.1285,0.3029973270222547
1554,1777,223,0.1115,0.2954959828779101
1528,1764,236,0.118,0.29312223422378886
1542,1771,229,0.1145,0.26407420372962953
1586,1793,207,0.1035,0.2626541509106755
1454,1727,273,0.1365,0.2687573751330516
1482,1741,259,0.1295,0.2606059298887849
1532,1766,234,0.117,0.24257554650045232
1506,1753,247,0.1235,0.2427602870464325
1516,1758,242,0.121,0.2397384245991707
1542,1771,229,0.1145,0.23835108452229045
1572,1786,214,0.107,0.23205808793753385
1524,1762,238,0.119,0.2341535111889243
1538,1769,231,0.1155,0.2317230168059468
1586,1793,207,0.1035,0.22423770490288736
1512,1756,244,0.122,0.216498157735914
1490,1745,255,0.1275,0.21623531913012267
1580,1790,210,0.105,0.20994577061384917
1532,1766,234,0.117,0.2095113823451102
1492,1746,254,0.127,0.2037493660375476
1566,1783,217,0.1085,0.20112522586784326
1526,1763,237,0.1185,0.19998434390034528
1600,1800,200,0.1,0.1955208117850125
1576,1788,212,0.106,0.2095267348215129
1478,1739,261,0.1305,0.21781438580487156
1416,1708,292,0.146,0.21898563377559185
1592,1796,204,0.102,0.2197402735874057
1558,1779,221,0.1105,0.2299099363386631
1500,1750,250,0.125,0.23489477746188642
1556,1778,222,0.111,0.23103068660583964
1444,1722,278,0.139,0.23399828643199727
1502,1751,249,0.1245,0.22043952770531178
1478,1739,261,0.1305,0.22450926618278028
1516,1758,242,0.121,0.21980369662493468
1474,1737,263,0.1315,0.21642456182138994
1532,1766,234,0.117,0.19791058763116598
1632,1816,184,0.092,0.1923207658007741
1446,1723,277,0.1385,0.19536957200430333
1576,1788,212,0.106,0.1821646056452628
1574,1787,213,0.1065,0.17970626135542989
1530,1765,235,0.1175,0.17680206949866262
1474,1737,263,0.1315,0.17958081620931626
1520,1760,240,0.12,0.17715175880491735
1524,1762,238,0.119,0.1794508358687196
1528,1764,236,0.118,0.1862198293490801
1538,1769,231,0.1155,0.18229931147492995
1538,1769,231,0.1155,0.1825183364711702
1514,1757,243,0.1215,0.18235110413589065
1430,1715,285,0.1425,0.18567156421765685
1544,1772,228,0.114,0.1782604905916378
1494,1747,253,0.1265,0.17758918672800064
1456,1728,272,0.136,0.17646621510386468
1512,1756,244,0.122,0.17386520658433438
1572,1786,214,0.107,0.1679422588646412
1580,1790,210,0.105,0.15535403715074061
1410,1705,295,0.1475,0.14659046795219183
1486,1743,257,0.1285,0.1408621144797653
1604,1802,198,0.099,0.1322855202332139
1462,1731,269,0.1345,0.12982148201018573
1490,1745,255,0.1275,0.13097138853836804
1486,1743,257,0.1285,0.1318894992172718
1528,1764,236,0.118,0.128362178388983
1546,1773,227,0.1135,0.13302807040140033
1556,1778,222,0.111,0.13913214506953955
1512,1756,244,0.122,0.14028810746967793
1444,1722,278,0.139,0.14265386086350917
1586,1793,207,0.1035,0.13673524794727565
1660,1830,170,0.085,0.12869399204850196
1478,1739,261,0.1305,0.13376983166020365
1600,1800,200,0.1,0.12626440555229784
1620,1810,190,0.095,0.12046865275874734
1536,1768,232,0.116,0.11964471058174968
1586,1793,207,0.1035,0.11799527455121278
1468,1734,266,0.133,0.12203963724710047
1542,1771,229,0.1145,0.1210324334949255
1540,1770,230,0.115,0.13492332735285162
1490,1745,255,0.1275,0.14383735061436892
1578,1789,211,0.1055,0.14155048367381096
1526,1763,237,0.1185,0.15556715643778446
1558,1779,221,0.1105,0.16855119973421095
1476,1738,262,0.131,0.17481541371857748
1472,1736,264,0.132,0.17566623713821172
1454,1727,273,0.1365,0.17795351324416697
1506,1753,247,0.1235,0.17853727227682248
1528,1764,236,0.118,0.17436415426433086
1530,1765,235,0.1175,0.17575495361164212
1442,1721,279,0.1395,0.17758060978527965
1462,1731,269,0.1345,0.17086826947631925
1460,1730,270,0.135,0.16980931405350566
1498,1749,251,0.1255,0.1667595700067468
1520,1760,240,0.12,0.16319772176072
1540,1770,230,0.115,0.15738202026300677
1460,1730,270,0.135,0.1592385576479137
1572,1786,214,0.107,0.15306538486108184
1552,1776,224,0.112,0.1503667570091784
1554,1777,223,0.1115,0.14203770745545627
1522,1761,239,0.1195,0.14294642877578737
1566,1783,217,0.1085,0.1397053702995181
1436,1718,282,0.141,0.14119651537388564
1442,1721,279,0.1395,0.13920969327911734
1552,1776,224,0.112,0.13960321222990751
1508,1754,246,0.123,0.14343968811631203
1630,1815,185,0.0925,0.14360375012084842
1446,1723,277,0.1385,0.15512166091427207
1552,1776,224,0.112,0.1525671530444306
1496,1748,252,0.126,0.15321494808420538
1488,1744,256,0.128,0.15643595303222538
1408,1704,296,0.148,0.1643075688946119
1524,1762,238,0.119,0.1575808979421854
1524,1762,238,0.119,0.15413233463466167
1512,1756,244,0.122,0.15986794540658594
1500,1750,250,0.125,0.16599897399544716
1484,1742,258,0.129,0.16662195540964603
1446,1723,277,0.1385,0.16615871434286236
1536,1768,232,0.116,0.1684015710875392
1532,1766,234,0.117,0.17173750679567457
1486,1743,257,0.1285,0.17338001004606485
1560,1780,220,0.11,0.1670183646082878
1524,1762,238,0.119,0.17075286095589398
1530,1765,235,0.1175,0.1690911728218198
1546,1773,227,0.1135,0.16854360917583108
1522,1761,239,0.1195,0.16925156289711596
1528,1764,236,0.118,0.16361968767642976
1448,1724,276,0.138,0.1656450343094766
1484,1742,258,0.129,0.16608107471652328
1520,1760,240,0.12,0.16323148317635058
1584,1792,208,0.104,0.17270533242076636
1556,1778,222,0.111,0.18151521253585814
1534,1767,233,0.1165,0.1828491990128532
1484,1742,258,0.129,0.18857943715900183
1598,1799,201,0.1005,0.1846052121631801
1526,1763,237,0.1185,0.1851006145849824
1442,1721,279,0.1395,0.18685756231099368
1548,1774,226,0.113,0.17958547680079937
1486,1743,257,0.1285,0.17424484981485874
1490,1745,255,0.1275,0.17322383446339518
1606,1803,197,0.0985,0.1660080162398517
1522,1761,239,0.1195,0.16914217960461975
1438,1719,281,0.1405,0.17316800032928586
1570,1785,215,0.1075,0.1686429137326777
1540,1770,230,0.115,0.16742062093317508
1492,1746,254,0.127,0.17023929344117641
1466,1733,267,0.1335,0.1670121027417481
1548,1774,226,0.113,0.16727595760300756
1524,1762,238,0.119,0.17261226531863214
1442,1721,279,0.1395,0.1761224467791617
1570,1785,215,0.1075,0.1761261449754238
1568,1784,216,0.108,0.18286484639858827
1546,1773,227,0.1135,0.18562680150568486
1562,1781,219,0.1095,0.1849254301264882
1594,1797,203,0.1015,0.18272136545181275
1500,1750,250,0.125,0.1791520456559956
1548,1774,226,0.113,0.17967080726847054
1534,1767,233,0.1165,0.17772534288465977
1468,1734,266,0.133,0.1845215484648943
1536,1768,232,0.116,0.19465282686054708
1526,1763,237,0.1185,0.20183257984742523
1482,1741,259,0.1295,0.20425606145337225
1558,1779,221,0.1105,0.21500242291390895
1474,1737,263,0.1315,0.23923149747401476
1552,1776,224,0.112,0.2398155767172575
1528,1764,236,0.118,0.24537500718981028
1512,1756,244,0.122,0.25574092330783604
1554,1777,223,0.1115,0.2629171126186848
1494,1747,253,0.1265,0.26600130074471234
1460,1730,270,0.135,0.2704027156680822
1580,1790,210,0.105,0.25732975627481935
1542,1771,229,0.1145,0.23890014882684774
1564,1782,218,0.109,0.2348366111703217
1514,1757,243,0.1215,0.23863937397580595
1460,1730,270,0.135,0.22707618893310427
1538,1769,231,0.1155,0.21669296802952887
1542,1771,229,0.1145,0.21423463644832372
1566,1783,217,0.1085,0.21383261256292463
1580,1790,210,0.105,0.21365447465330362
1514,1757,243,0.1215,0.2272664989841578
1482,1741,259,0.1295,0.23152129912376404
1618,1809,191,0.0955,0.22347392054800178
1470,1735,265,0.1325,0.24081272196769715
1556,1778,222,0.111,0.2533372886925936
1564,1782,218,0.109,0.2497155676931143
1530,1765,235,0.1175,0.24997079369518907
1490,1745,255,0.1275,0.25970888720825314
1518,1759,241,0.1205,0.26057758219540117
1542,1771,229,0.1145,0.25734469600324517
1518,1759,241,0.1205,0.2588445526607684
1484,1742,258,0.129,0.26277823886648444
1528,1764,236,0.118,0.2642925348505378
1544,1772,228,0.114,0.26445500590652227
1526,1763,237,0.1185,0.26463816435651344
1542,1771,229,0.1145,0.2614900100752711
1566,1783,217,0.1085,0.26122621349845576
1470,1735,265,0.1325,0.2652568775812297
1500,1750,250,0.125,0.26837483398060447
1528,1764,236,0.118,0.273528075598184
1524,1762,238,0.119,0.28337080515958407
1536,1768,232,0.116,0.28220219113118944
1544,1772,228,0.114,0.2812303792908788
1500,1750,250,0.125,0.2792843878045678
1462,1731,269,0.1345,0.2707310041574528
1470,1735,265,0.1325,0.266863759547472
1580,1790,210,0.105,0.26093391168117525
1502,1751,249,0.1245,0.25980679371207954
1578,1789,211,0.1055,0.25251873936504127
1494,1747,253,0.1265,0.2557331103384495
1524,1762,238,0.119,0.2552670423015952
1502,1751,249,0.1245,0.25824425589572636
1498,1749,251,0.1255,0.2669555140518933
1498,1749,251,0.1255,0.26906105143509695
1472,1736,264,0.132,0.2731792263314128
1528,1764,236,0.118,0.27694085316173733
1526,1763,237,0.1185,0.28945403469353914
1544,1772,228,0.114,0.29041795391589403
1536,1768,232,0.116,0.2928202395577969
1542,1771,229,0.1145,0.29380100332573056
1540,1770,230,0.115,0.291769344702363
1444,1722,278,0.139,0.29324806210026144
1574,1787,213,0.1065,0.2872868587146513
1506,1753,247,0.1235,0.2843014873638749
1522,1761,239,0.1195,0.2799135220050812
1538,1769,231,0.1155,0.2816974110081792
1422,1711,289,0.1445,0.284344133682549
1472,1736,264,0.132,0.2876730456575751
1502,1751,249,0.1245,0.3059035459384322
1560,1780,220,0.11,0.3041164059340954
1592,1796,204,0.102,0.30701060544420034
1522,1761,239,0.1195,0.3141277325153351
1508,1754,246,0.123,0.3077672043815255
1536,1768,232,0.116,0.3044988208189607
1512,1756,244,0.122,0.3052527246251702
1566,1783,217,0.1085,0.2899942543687939
1492,1746,254,0.127,0.2697407140731812
1520,1760,240,0.12,0.26959422014304435
1510,1755,245,0.1225,0.26800578145682813
1450,1725,275,0.1375,0.25647362205572427
1444,1722,278,0.139,0.2525783815961331
1534,1767,233,0.1165,0.24948642621934414
1526,1763,237,0.1185,0.2496162493750453
1542,1771,229,0.1145,0.2532356199771166
1460,1730,270,0.135,0.2639684981703758
1564,1782,218,0.109,0.254938635814935
1558,1779,221,0.1105,0.2516354225575924
1488,1744,256,0.128,0.24416281594336034
1578,1789,211,0.1055,0.22036307064304128
1530,1765,235,0.1175,0.21308456529676914
1578,1789,211,0.1055,0.20736757426708938
1540,1770,230,0.115,0.1916643282175064
1480,1740,260,0.13,0.18395077812485397
1498,1749,251,0.1255,0.18117606407776474
1508,1754,246,0.123,0.1787176363176959
1438,1719,281,0.1405,0.18728722240775825
1420,1710,290,0.145,0.20525128165727255
1498,1749,251,0.1255,0.20973359899967908
1572,1786,214,0.107,0.20516179580241442
1502,1751,249,0.1245,0.2296951856687665
1508,1754,246,0.123,0.2398417949937284
1508,1754,246,0.123,0.24044068032503127
1520,1760,240,0.12,0.23772505212575198
1452,1726,274,0.137,0.24533022018591874
1488,1744,256,0.128,0.23082007429748774
1576,1788,212,0.106,0.21986137542594225
1520,1760,240,0.12,0.22073931032419206
1466,1733,267,0.1335,0.2203963135126978
1438,1719,281,0.1405,0.2216207430064678
1604,1802,198,0.099,0.20898762089606499
1514,1757,243,0.1215,0.21500517743825912
1526,1763,237,0.1185,0.22899944871477781
1532,1766,234,0.117,0.24780008045583962
1508,1754,246,0.123,0.25449256908893586
1476,1738,262,0.131,0.2567821195796132
1626,1813,187,0.0935,0.27104515342786906
1552,1776,224,0.112,0.2795845873421058
1492,1746,254,0.127,0.2793329833820462
1508,1754,246,0.123,0.2761626632884145
1478,1739,261,0.1305,0.2715581994429231
1468,1734,266,0.133,0.26577144642174244
1510,1755,245,0.1225,0.26123678736388684
1528,1764,236,0.118,0.25630451341159644
1506,1753,247,0.1235,0.25137379209697247
1534,1767,233,0.1165,0.2468629589676857
1524,1762,238,0.119,0.2427353855073452
1522,1761,239,0.1195,0.24210614366084338
1574,1787,213,0.1065,0.24039272303134204
1604,1802,198,0.099,0.2395264195278287
1508,1754,246,0.123,0.24337621192634107
1514,1757,243,0.1215,0.24153286048024894
1466,1733,267,0.1335,0.251141473390162
1490,1745,255,0.1275,0.246924218744042
1560,1780,220,0.11,0.24283934115618466
1616,1808,192,0.096,0.23879080763459207
1476,1738,262,0.131,0.24222346517443658
1486,1743,257,0.1285,0.23398283077776433
1550,1775,225,0.1125,0.22853579019755124
1538,1769,231,0.1155,0.2236402636691928
1542,1771,229,0.1145,0.21659319201856853
1484,1742,258,0.129,0.20814133786270395
1466,1733,267,0.1335,0.20484849970601499
1546,1773,227,0.1135,0.19775577561557292
1540,1770,230,0.115,0.1905946306027472
1496,1748,252,0.126,0.18773420862091006
1560,1780,220,0.11,0.18547716838121414
1572,1786,214,0.107,0.18216233609244228
1508,1754,246,0.123,0.18316332290088758
1528,1764,236,0.118,0.18577385148406028
1556,1778,222,0.111,0.18085497546568513
1590,1795,205,0.1025,0.17981436705961823
1512,1756,244,0.122,0.17896799908578395
1516,1758,242,0.121,0.17876923042163254
1462,1731,269,0.1345,0.1775831190319957
1506,1753,247,0.1235,0.17530146823823453
1600,1800,200,0.1,0.17410583984106778
1584,1792,208,0.104,0.17649975026521678
1570,1785,215,0.1075,0.17730114126205446
1528,1764,236,0.118,0.17893572605773805
1492,1746,254,0.127,0.171824323233217
1520,1760,240,0.12,0.16835691314405996
1566,1783,217,0.1085,0.16320446870103478
1516,1758,242,0.121,0.16037177412956954
1526,1763,237,0.1185,0.15399838418886067
1448,1724,276,0.138,0.15687869467027485
1490,1745,255,0.1275,0.15238714945316315
1536,1768,232,0.116,0.14962053970992564
1524,1762,238,0.119,0.1492361896391958
1610,1805,195,0.0975,0.14670585920708254
1444,1722,278,0.139,0.15176607106626033
1524,1762,238,0.119,0.14706797188520432
1482,1741,259,0.1295,0.14303757264837622
1578,1789,211,0.1055,0.13880221070721746
1500,1750,250,0.125,0.13927179058710318
1574,1787,213,0.1065,0.1355394066963345
1526,1763,237,0.1185,0.13040601899195461
1536,1768,232,0.116,0.1274797075279057
1608,1804,196,0.098,0.12661304631829262
1548,1774,226,0.113,0.12829269110877067
1568,1784,216,0.108,0.1267707536682501
1604,1802,198,0.099,0.12417728322837501
1616,1808,192,0.096,0.12646329835639336
1488,1744,256,0.128,0.13004908738541418
1488,1744,256,0.128,0.1337232240214944
1484,1742,258,0.129,0.13451248091086745
1618,1809,191,0.0955,0.13022420653328298
1536,1768,232,0.116,0.1366879122377528
1624,1812,188,0.094,0.136229522485286
1498,1749,251,0.1255,0.13917804323881863
1594,1797,203,0.1015,0.13450072230398655
1586,1793,207,0.1035,0.13586468010023237
1554,1777,223,0.1115,0.13565271955600475
1532,1766,234,0.117,0.13756396440416574
1446,1723,277,0.1385,0.13936580739915372
1510,1755,245,0.1225,0.1404793408177793
1512,1756,244,0.122,0.15135285488143563
1452,1726,274,0.137,0.16004572373628617
1478,1739,261,0.1305,0.16086789141595365
1612,1806,194,0.097,0.1642890918366611
1470,1735,265,0.1325,0.1800338713005185
1584,1792,208,0.104,0.17755540635139913
1506,1753,247,0.1235,0.18027844431996345
1474,1737,263,0.1315,0.18448389798472636
1414,1707,293,0.1465,0.18714872083626688
1486,1743,257,0.1285,0.184506490197964
1590,1795,205,0.1025,0.17917140936851503
1504,1752,248,0.124,0.18489572402089835
1532,1766,234,0.117,0.18418226193636655
1496,1748,252,0.126,0.18064944938197733
1628,1814,186,0.093,0.17354320457950234
1544,1772,228,0.114,0.17784670817106962
1624,1812,188,0.094,0.17605211608856916
1578,1789,211,0.1055,0.17768635662458837
1510,1755,245,0.1225,0.1794620638944907
1474,1737,263,0.1315,0.18554540814459325
1478,1739,261,0.1305,0.19276106325536965
1514,1757,243,0.1215,0.19572061408311128
1472,1736,264,0.132,0.20387667870521545
1578,1789,211,0.1055,0.20232864545285703
1400,1700,300,0.15,0.23443804367631674
1442,1721,279,0.1395,0.2331455510109663
1514,1757,243,0.1215,0.24237985544651747
1504,1752,248,0.124,0.24398615006543695
1498,1749,251,0.1255,0.2612503517717123
1482,1741,259,0.1295,0.2629636609569274
1594,1797,203,0.1015,0.25647707618027926
1454,1727,273,0.1365,0.2618800665587187
1474,1737,263,0.1315,0.25335040914895945
1442,1721,279,0.1395,0.24875067633017897
1518,1759,241,0.1205,0.24201816423237324
1580,1790,210,0.105,0.2369738237131387
1552,1776,224,0.112,0.2325390623928979
1452,1726,274,0.137,0.22902544508059508
1542,1771,229,0.1145,0.22828281035531836
1554,1777,223,0.1115,0.22633762694522738
1530,1765,235,0.1175,0.23696961367316544
1474,1737,263,0.1315,0.2372740761861205
1556,1778,222,0.111,0.2347258521541953
1560,1780,220,0.11,0.24054010331630707
1562,1781,219,0.1095,0.24850141207873822
1616,1808,192,0.096,0.24823773542791605
1504,1752,248,0.124,0.2523117942214012
1528,1764,236,0.118,0.25172902760654686
1520,1760,240,0.12,0.24808912864327431
1612,1806,194,0.097,0.24450761850178243
1418,1709,291,0.1455,0.26036334747076034
1498,1749,251,0.1255,0.25661885522305966
1558,1779,221,0.1105,0.25896950229257343
1584,1792,208,0.104,0.25567566163092853
1534,1767,233,0.1165,0.2584993551785812
1552,1776,224,0.112,0.25428194664418696
1494,1747,253,0.1265,0.24764273722004146
1470,1735,265,0.1325,0.246538996681571
1590,1795,205,0.1025,0.23842133621871472
1546,1773,227,0.1135,0.2375666611008346
1548,1774,226,0.113,0.23762397238984703
1568,1784,216,0.108,0.23670427680015563
1572,1786,214,0.107,0.23553722893935627
1524,1762,238,0.119,0.24153812582604586
1476,1738,262,0.131,0.24946839390043168
1450,1725,275,0.1375,0.2550894450303167
1540,1770,230,0.115,0.26334811362624166
1476,1738,262,0.131,0.2775425092875958
1584,1792,208,0.104,0.27710719422250985
1516,1758,242,0.121,0.2841979910223745
1468,1734,266,0.133,0.2892922414764762
1514,1757,243,0.1215,0.2901852234303951
1480,1740,260,0.13,0.291979294270277
1474,1737,263,0.1315,0.2886531936917297
1496,1748,252,0.126,0.2886448818743229
1568,1784,216,0.108,0.2838990883603692
1548,1774,226,0.113,0.2773863168485781
1596,1798,202,0.101,0.278117817543447
1518,1759,241,0.1205,0.27442427761107685
1622,1811,189,0.0945,0.26719426979124544
1472,1736,264,0.132,0.27432936887443066
1470,1735,265,0.1325,0.276114694789052
1528,1764,236,0.118,0.2813971296325326
1552,1776,224,0.112,0.2823436355739832
1502,1751,249,0.1245,0.29000947755161177
1492,1746,254,0.127,0.2890554031729698
1510,1755,245,0.1225,0.2943057130165398
1590,1795,205,0.1025,0.29060183952748775
1516,1758,242,0.121,0.2994266036823392
1564,1782,218,0.109,0.2980680153593421
1530,1765,235,0.1175,0.3006972168180987
1498,1749,251,0.1255,0.2932929481398314
1556,1778,222,0.111,0.28958290208131077
1486,1743,257,0.1285,0.2915455408394337
1528,1764,236,0.118,0.2891066543497145
1588,1794,206,0.103,0.2843365957736969
1494,1747,253,0.1265,0.29104078801721334
1504,1752,248,0.124,0.29202478511922525
1492,1746,254,0.127,0.2961191748008132
1562,1781,219,0.1095,0.30135580361634495
1526,1763,237,0.1185,0.31580512404441835
1486,1743,257,0.1285,0.3225834722220898
1482,1741,259,0.1295,0.3304364907294512
1468,1734,266,0.133,0.3334950773715973
1548,1774,226,0.113,0.3388732652068138
1474,1737,263,0.1315,0.3439223292022944
1572,1786,214,0.107,0.3401467685845231
1602,1801,199,0.0995,0.33716236867010596
1544,1772,228,0.114,0.33935736840963365
1412,1706,294,0.147,0.34599864202737807
1524,1762,238,0.119,0.3355867771804333
1482,1741,259,0.1295,0.3276474086046219
1508,1754,246,0.123,0.32677044806233607
1624,1812,188,0.094,0.3218886258453131
1596,1798,202,0.101,0.31526095017790795
1560,1780,220,0.11,0.31657770116627215
1556,1778,222,0.111,0.31157945435494183
1514,1757,243,0.1215,0.311571718133986
1564,1782,218,0.109,0.3075558920353651
1568,1784,216,0.108,0.2994154391512275
1506,1753,247,0.1235,0.300615986995399
1530,1765,235,0.1175,0.302855350241065
1582,1791,209,0.1045,0.2941737825096916
1484,1742,258,0.129,0.2926828417405486
1514,1757,243,0.1215,0.2830154662951827
1532,1766,234,0.117,0.2790252961893566
1594,1797,203,0.1015,0.2613828989043832
1600,1800,200,0.1,0.24286007283627986
1478,1739,261,0.1305,0.23322569430619478
1558,1779,221,0.1105,0.22586040402413346
1554,1777,223,0.1115,0.21566447253525256
1582,1791,209,0.1045,0.19718415828794242
1562,1781,219,0.1095,0.18210809859633445
1514,1757,243,0.1215,0.18095332895591856
1580,1790,210,0.105,0.17379112585261464
1530,1765,235,0.1175,0.1646954245865345
1494,1747,253,0.1265,0.16784682014212013
1446,1723,277,0.1385,0.169647767039889
1548,1774,226,0.113,0.1679349797666073
1538,1769,231,0.1155,0.17772557327151298
1494,1747,253,0.1265,0.18849259770563595
1534,1767,233,0.1165,0.19080246295407413
1560,1780,220,0.11,0.18879319778457285
1664,1832,168,0.084,0.18563680290430784
1458,1729,271,0.1355,0.1896538478694856
1612,1806,194,0.097,0.18205139803141354
1540,1770,230,0.115,0.17822830875962972
1548,1774,226,0.113,0.16725877703353761
1526,1763,237,0.1185,0.16419222938269376
1592,1796,204,0.102,0.15927464573830366
1568,1784,216,0.108,0.15706488113850356
1514,1757,243,0.1215,0.15697110495664673
1606,1803,197,0.0985,0.15983818423748017
1610,1805,195,0.0975,0.16153406662866474
1452,1726,274,0.137,0.1674678694717586
1568,1784,216,0.108,0.17196366002038121
1538,1769,231,0.1155,0.18093090686947108
1452,1726,274,0.137,0.18778398841805757
1634,1817,183,0.0915,0.17912150679342448
1488,1744,256,0.128,0.18988491952605546
1566,1783,217,0.1085,0.18694738215208054
1462,1731,269,0.1345,0.19077808222174644
1426,1713,287,0.1435,0.19469998652115464
1498,1749,251,0.1255,0.19751570124179124
1500,1750,250,0.125,0.19740660139918328
1498,1749,251,0.1255,0.19802204159647227
1456,1728,272,0.136,0.1992525813691318
1538,1769,231,0.1155,0.19360859546073272
1598,1799,201,0.1005,0.18543634609878062
1520,1760,240,0.12,0.1865354246646166
1484,1742,258,0.129,0.1901395117416978
1502,1751,249,0.1245,0.17642340583726765
1586,1793,207,0.1035,0.16107561578601598
1498,1749,251,0.1255,0.16553228121175198
1570,1785,215,0.1075,0.16203481688722968
1602,1801,199,0.0995,0.1524266755692661
1546,1773,227,0.1135,0.1538012033328414
1492,1746,254,0.127,0.15926586850360036
1528,1764,236,0.118,0.15888909792900086
1474,1737,263,0.1315,0.17006002758815886
1520,1760,240,0.12,0.17395351508632304
1564,1782,218,0.109,0.17223055035620927
1502,1751,249,0.1245,0.18195343627780675
1484,1742,258,0.129,0.19047217548638581
1542,1771,229,0.1145,0.19372342466562986
1472,1736,264,0.132,0.19804453918337822
1454,1727,273,0.1365,0.19972642340511085
1540,1770,230,0.115,0.1975846014544368
1568,1784,216,0.108,0.18623060957714915
1552,1776,224,0.112,0.18696251351758839
1502,1751,249,0.1245,0.18423939799517394
1560,1780,220,0.11,0.1702278932501613
1588,1794,206,0.103,0.15674105302430688
1488,1744,256,0.128,0.15805392777733504
1498,1749,251,0.1255,0.1603745046844706
1532,1766,234,0.117,0.16034070415049792
1592,1796,204,0.102,0.16016653422266244
1566,1783,217,0.1085,0.1636053312793374
1540,1770,230,0.115,0.16823973962292074
1542,1771,229,0.1145,0.17619174429029227
1526,1763,237,0.1185,0.18144259745627642
1442,1721,279,0.1395,0.19108651380613445
1534,1767,233,0.1165,0.19154764855653048
1470,1735,265,0.1325,0.20125599569827318
1612,1806,194,0.097,0.1955123790577054
1520,1760,240,0.12,0.2035331891830458
1508,1754,246,0.123,0.20386290454864503
1486,1743,257,0.1285,0.19611303378269077
1558,1779,221,0.1105,0.18132700665667653
1534,1767,233,0.1165,0.1833207986028865
1588,1794,206,0.103,0.17875394332408906
1452,1726,274,0.137,0.18089190711383707
1578,1789,211,0.1055,0.1711196107827127
1616,1808,192,0.096,0.16954942700639367
1510,1755,245,0.1225,0.17906083002686501
1518,1759,241,0.1205,0.18799077670276165
1528,1764,236,0.118,0.19291252046078444
1512,1756,244,0.122,0.19472821758687497
1550,1775,225,0.1125,0.20219350199401379
1512,1756,244,0.122,0.2188874175495439
1594,1797,203,0.1015,0.216339841298759
1630,1815,185,0.0925,0.21559326999634504
1494,1747,253,0.1265,0.22427324636280538
1522,1761,239,0.1195,0.22157798536121845
1528,1764,236,0.118,0.21593342683650554
1526,1763,237,0.1185,0.20955205766111612
1596,1798,202,0.101,0.21118728173850104
1536,1768,232,0.116,0.20840197456628085
1470,1735,265,0.1325,0.2090987746194005
1526,1763,237,0.1185,0.20345712136477231
1568,1784,216,0.108,0.20763044564425945
1512,1756,244,0.122,0.21416358505934477
1420,1710,290,0.145,0.22136373164504766
1534,1767,233,0.1165,0.21708784362673758
1534,1767,233,0.1165,0.21816699044848792
1528,1764,236,0.118,0.2213986904621124
1584,1792,208,0.104,0.20994773263967387
1522,1761,239,0.1195,0.20994787991698832
1526,1763,237,0.1185,0.20682842192053794
1568,1784,216,0.108,0.18694467382878066
1504,1752,248,0.124,0.17786090884730218
1526,1763,237,0.1185,0.1759396551999671
1572,1786,214,0.107,0.17137526069581507
1394,1697,303,0.1515,0.1710978518128395
1546,1773,227,0.1135,0.16063826238736512
1502,1751,249,0.1245,0.1593249017484486
1564,1782,218,0.109,0.15744286314798228
1554,1777,223,0.1115,0.15916775054484605
1550,1775,225,0.1125,0.15519650465250015
1526,1763,237,0.1185,0.152419840015471
1542,1771,229,0.1145,0.15401073533296586
1510,1755,245,0.1225,0.15339395735785366
1640,1820,180,0.09,0.14930733869969845
1420,1710,290,0.145,0.15560946068167686
1578,1789,211,0.1055,0.1513143170773983
1488,1744,256,0.128,0.1534838356077671
1532,1766,234,0.117,0.14757117302715778
1632,1816,184,0.092,0.1445734325237572
1468,1734,266,0.133,0.15153356225416065
1508,1754,246,0.123,0.14273753708973527
1520,1760,240,0.12,0.14206434048712255
1532,1766,234,0.117,0.13920041388273238
1620,1810,190,0.095,0.14378526236047037
1518,1759,241,0.1205,0.15496146920323373
1600,1800,200,0.1,0.14978443377092482
1570,1785,215,0.1075,0.1589001502506435
1536,1768,232,0.116,0.1531871796322521
1546,1773,227,0.1135,0.15492813737434336
1476,1738,262,0.131,0.16098548003286123
1464,1732,268,0.134,0.1641129748634994
1522,1761,239,0.1195,0.1673227938376367
1616,1808,192,0.096,0.16154565028101206
1416,1708,292,0.146,0.16799469054862856
1494,1747,253,0.1265,0.1745595250800252
1562,1781,219,0.1095,0.1715330505957827
1590,1795,205,0.1025,0.169358548309654
1510,1755,245,0.1225,0.17479986943304537
1588,1794,206,0.103,0.1710718773305416
1484,1742,258,0.129,0.16861376484856008
1476,1738,262,0.131,0.17180542322993278
1534,1767,233,0.1165,0.17070936603844167
1508,1754,246,0.123,0.1749519201009607
1518,1759,241,0.1205,0.1759821212296374
1554,1777,223,0.1115,0.18027203451097012
1458,1729,271,0.1355,0.1852511250837706
1570,1785,215,0.1075,0.1829539058431983
1508,1754,246,0.123,0.18506764330714942
1568,1784,216,0.108,0.1851057897247374
1520,1760,240,0.12,0.1861065815128386
1522,1761,239,0.1195,0.1815401422418654
1604,1802,198,0.099,0.1712004488898092
1600,1800,200,0.1,0.16873960744217037
1492,1746,254,0.127,0.1691147766895592
1554,1777,223,0.1115,0.16057992208004
1516,1758,242,0.121,0.17226327016204596
1602,1801,199,0.0995,0.15754066028166563
1510,1755,245,0.1225,0.164080152368173
1520,1760,240,0.12,0.1670522557683289
1470,1735,265,0.1325,0.17053641060588176
1534,1767,233,0.1165,0.18472177680696458
1512,1756,244,0.122,0.19390773955732585
1496,1748,252,0.126,0.21239174290746451
1518,1759,241,0.1205,0.21349525956768878
1516,1758,242,0.121,0.23699236496537923
1486,1743,257,0.1285,0.2451077221184969
1478,1739,261,0.1305,0.2518831404522061
1502,1751,249,0.1245,0.2560876381257549
1506,1753,247,0.1235,0.2659517521038651
1524,1762,238,0.119,0.26258678565919397
1612,1806,194,0.097,0.24826755283772944
1522,1761,239,0.1195,0.25463227973133323
1538,1769,231,0.1155,0.23705011232942344
1528,1764,236,0.118,0.23020962315797805
1592,1796,204,0.102,0.2122381538823247
1552,1776,224,0.112,0.21444768365472555
1508,1754,246,0.123,0.2122581587508321
1544,1772,228,0.114,0.20892343056201934
1428,1714,286,0.143,0.22246260554844052
1550,1775,225,0.1125,0.22324170815572142
1548,1774,226,0.113,0.2489432874545455
1438,1719,281,0.1405,0.2728026011660695
1512,1756,244,0.122,0.30003292721509933
1498,1749,251,0.1255,0.3076679816149408
1476,1738,262,0.131,0.3349871898777783
1498,1749,251,0.1255,0.3452792757004499
1532,1766,234,0.117,0.3423451010965509
1504,1752,248,0.124,0.3422146032452583
1486,1743,257,0.1285,0.33182441899180415
1566,1783,217,0.1085,0.3219041245723798
1510,1755,245,0.1225,0.3000667925775051
1476,1738,262,0.131,0.301320485047996
1552,1776,224,0.112,0.2832721702903509
1590,1795,205,0.1025,0.2809041817979887
1518,1759,241,0.1205,0.2822919389280287
1516,1758,242,0.121,0.2867313911020756
1504,1752,248,0.124,0.3030158198704303
1516,1758,242,0.121,0.3108465373404324
1444,1722,278,0.139,0.3357444417020306
1508,1754,246,0.123,0.34158357508480547
1482,1741,259,0.1295,0.35537954086065293
1540,1770,230,0.115,0.3535792818969348
1534,1767,233,0.1165,0.35944347763061524
1530,1765,235,0.1175,0.36599574460089207
1490,1745,255,0.1275,0.3638402527309954
1474,1737,263,0.1315,0.356737839854788
1522,1761,239,0.1195,0.3423741228878498
1434,1717,283,0.1415,0.3443392702490091
1460,1730,270,0.135,0.33720768587861677
1530,1765,235,0.1175,0.32530526028526946
1570,1785,215,0.1075,0.3261603038161993
1406,1703,297,0.1485,0.3409889212361304
1430,1715,285,0.1425,0.3462486364120207
1520,1760,240,0.12,0.3481064945947277
1500,1750,250,0.125,0.37109595609877943
1510,1755,245,0.1225,0.3859536589384079
1542,1771,229,0.1145,0.39223121537268163
1482,1741,259,0.1295,0.3943525501191616
1542,1771,229,0.1145,0.39562998205752037
1480,1740,260,0.13,0.4048733280785964
1566,1783,217,0.1085,0.38844327522814276
1416,1708,292,0.146,0.39390920056402684
1470,1735,265,0.1325,0.36734312380850315
1456,1728,272,0.136,0.36970535372197627
1454,1727,273,0.1365,0.35696611634939657
1528,1764,236,0.118,0.35193845340609553
1488,1744,256,0.128,0.3402982461601496
1518,1759,241,0.1205,0.347339247867465
1556,1778,222,0.111,0.3402794778943062
1490,1745,255,0.1275,0.34118191702663897
1480,1740,260,0.13,0.3316564307018074
1526,1763,237,0.1185,0.3342687901481986
1520,1760,240,0.12,0.32220005364716053
1560,1780,220,0.11,0.32098167134821415
1468,1734,266,0.133,0.3131040090098977
1550,1775,225,0.1125,0.3102691891938448
1546,1773,227,0.1135,0.3047232759296894
1504,1752,248,0.124,0.3092715962383004
1574,1787,213,0.1065,0.3134379945471883
1504,1752,248,0.124,0.31301048500835893
1516,1758,242,0.121,0.3114596124589443
1484,1742,258,0.129,0.3191728430092335
1538,1769,231,0.1155,0.32017088516056535
1548,1774,226,0.113,0.3197085219519213
1420,1710,290,0.145,0.325314143024385
1502,1751,249,0.1245,0.32525489599257706
1534,1767,233,0.1165,0.32256361097842456
1490,1745,255,0.1275,0.3257930015102029
1504,1752,248,0.124,0.32135596849024295
1468,1734,266,0.133,0.3256412001252174
1418,1709,291,0.1455,0.3140457898229361
1552,1776,224,0.112,0.30777654860168696
1442,1721,279,0.1395,0.3114776495620608
1484,1742,258,0.129,0.31463629791140557
1582,1791,209,0.1045,0.2958439028263092
1462,1731,269,0.1345,0.29796283393353223
1546,1773,227,0.1135,0.2962574100270867
1472,1736,264,0.132,0.3021759917429153
1456,1728,272,0.136,0.2959321745634079
1530,1765,235,0.1175,0.2983549268171191
1572,1786,214,0.107,0.3018684651553631
1466,1733,267,0.1335,0.30495075973289204
1476,1738,262,0.131,0.30465440060198307
1552,1776,224,0.112,0.29850003381061835
1594,1797,203,0.1015,0.2936679413318634
1606,1803,197,0.0985,0.29525387412309645
1562,1781,219,0.1095,0.2748609724193811
1554,1777,223,0.1115,0.2681476674973965
1526,1763,237,0.1185,0.26637298678979277
1582,1791,209,0.1045,0.26235830832645296
1544,1772,228,0.114,0.24193548215925695
1530,1765,235,0.1175,0.2428871154896915
1464,1732,268,0.134,0.2455443792641163
1498,1749,251,0.1255,0.2457118830829859
1610,1805,195,0.0975,0.2533724614754319
1548,1774,226,0.113,0.2697888202369213
1446,1723,277,0.1385,0.28334187078475953
1562,1781,219,0.1095,0.2738687460720539
1556,1778,222,0.111,0.2911802783235908
1500,1750,250,0.125,0.2879389946982264
1574,1787,213,0.1065,0.2847273636162281
1518,1759,241,0.1205,0.2855036830965182
1512,1756,244,0.122,0.26781986209750175
1470,1735,265,0.1325,0.2712322925819171
1444,1722,278,0.139,0.27011416923999787
1460,1730,270,0.135,0.2720050644200886
1500,1750,250,0.125,0.2871740283668041
1488,1744,256,0.128,0.3070057048127055
1488,1744,256,0.128,0.3091081781834364
1532,1766,234,0.117,0.3086003612279892
1614,1807,193,0.0965,0.3297379910349846
1554,1777,223,0.1115,0.3367671124488115
1520,1760,240,0.12,0.3392947075664997
1512,1756,244,0.122,0.33654859589785335
1570,1785,215,0.1075,0.3184274103216594
1490,1745,255,0.1275,0.3115066848434508
1568,1784,216,0.108,0.30562800316512584
1522,1761,239,0.1195,0.3081808599680662
1572,1786,214,0.107,0.2874433097168803
1552,1776,224,0.112,0.2890241844281554
1526,1763,237,0.1185,0.28972246434539556
1562,1781,219,0.1095,0.28717487923814483
1536,1768,232,0.116,0.29129887153953316
1474,1737,263,0.1315,0.31668676941096785
1562,1781,219,0.1095,0.30968284895271064
1562,1781,219,0.1095,0.3213466783015483
1506,1753,247,0.1235,0.34822498907148836
1546,1773,227,0.1135,0.35860798817873
1518,1759,241,0.1205,0.36178372287005184
1516,1758,242,0.121,0.36682374557098363
1522,1761,239,0.1195,0.36179124906286597
1510,1755,245,0.1225,0.35354864716529844
1550,1775,225,0.1125,0.35060495394468305
1480,1740,260,0.13,0.3511252803355455
1446,1723,277,0.1385,0.3411888941643119
1458,1729,271,0.1355,0.322509666159749
1512,1756,244,0.122,0.32625471940264106
1558,1779,221,0.1105,0.32142111549526453
1524,1762,238,0.119,0.3160291854888201
1470,1735,265,0.1325,0.31294073041528464
1528,1764,236,0.118,0.31666131965070965
1578,1789,211,0.1055,0.31559419935941696
1496,1748,252,0.126,0.3332390840947628
1458,1729,271,0.1355,0.343822041913867
1520,1760,240,0.12,0.34759695440530775
1572,1786,214,0.107,0.3433597260415554
1508,1754,246,0.123,0.35400218684226276
1542,1771,229,0.1145,0.3553259097784758
1518,1759,241,0.1205,0.3573800509576704
1484,1742,258,0.129,0.3591412743330002
1532,1766,234,0.117,0.3579639020860195
1528,1764,236,0.118,0.3590200007781386
1480,1740,260,0.13,0.35975365414754196
1520,1760,240,0.12,0.35719342562972906
1556,1778,222,0.111,0.3526759301498532
1540,1770,230,0.115,0.35220587557554245
1544,1772,228,0.114,0.3515272261574867
1564,1782,218,0.109,0.3503010304272175
1610,1805,195,0.0975,0.33824294456324266
1482,1741,259,0.1295,0.33970816784352065
1516,1758,242,0.121,0.33217539530992507
1538,1769,231,0.1155,0.331767010897398
1522,1761,239,0.1195,0.3311183804869652
1400,1700,300,0.15,0.34063496487938394
1458,1729,271,0.1355,0.33883214834332465
1428,1714,286,0.143,0.34580460071563723
1508,1754,246,0.123,0.3488462474804711
1504,1752,248,0.124,0.3585208355486393
1484,1742,258,0.129,0.3576270590259228
1476,1738,262,0.131,0.36083006528019906
1512,1756,244,0.122,0.35403499150276185
1488,1744,256,0.128,0.3389398917555809
1492,1746,254,0.127,0.32678069140017035
1538,1769,231,0.1155,0.31990560242999344
1514,1757,243,0.1215,0.3090731009766459
1514,1757,243,0.1215,0.2878563948944211
1544,1772,228,0.114,0.2806648464947939
1500,1750,250,0.125,0.27932072944939135
1480,1740,260,0.13,0.27402665827423334
1546,1773,227,0.1135,0.27128899885714053
1542,1771,229,0.1145,0.2716835858151317
1510,1755,245,0.1225,0.27776126700639725
1488,1744,256,0.128,0.2843494454398751
1586,1793,207,0.1035,0.2797953283637762
1456,1728,272,0.136,0.28648642580211164
1482,1741,259,0.1295,0.28729709470272063
1482,1741,259,0.1295,0.28422140750288966
1410,1705,295,0.1475,0.27979541874676944
1540,1770,230,0.115,0.26967957201600073
1440,1720,280,0.14,0.2773177177980542
1544,1772,228,0.114,0.26778549574315547
1584,1792,208,0.104,0.24758844457939266
1532,1766,234,0.117,0.24306640915572644
1482,1741,259,0.1295,0.24513544876873494
1484,1742,258,0.129,0.23546719901263713
1512,1756,244,0.122,0.23060996675491333
1498,1749,251,0.1255,0.23132984158303588
1520,1760,240,0.12,0.23363789511402866
1400,1700,300,0.15,0.25504602140933275
1550,1775,225,0.1125,0.25949642992019656
1498,1749,251,0.1255,0.27703909545391797
1486,1743,257,0.1285,0.27653832581639287
1486,1743,257,0.1285,0.2827870511636138
1614,1807,193,0.0965,0.2722850102260709
1504,1752,248,0.124,0.27603335059434175
1598,1799,201,0.1005,0.28127590531110763
1558,1779,221,0.1105,0.26847419594973326
1556,1778,222,0.111,0.26057118190824985
1448,1724,276,0.138,0.2573827491523698
1488,1744,256,0.128,0.2511898888731521
1516,1758,242,0.121,0.2512439566478133
1596,1798,202,0.101,0.25084909676760436
1536,1768,232,0.116,0.26189739046990873
1504,1752,248,0.124,0.2664348942413926
1524,1762,238,0.119,0.27344150590896604
1532,1766,234,0.117,0.27959490176290275
1470,1735,265,0.1325,0.28568526366076186
1498,1749,251,0.1255,0.2821936171562411
1540,1770,230,0.115,0.2787455600425601
1508,1754,246,0.123,0.28217362859100104
1480,1740,260,0.13,0.27805754052877407
1524,1762,238,0.119,0.2757763291765004
1516,1758,242,0.121,0.27143871355429294
1568,1784,216,0.108,0.2543025999888778
1572,1786,214,0.107,0.24679720628261567
1540,1770,230,0.115,0.24424043755087768
1486,1743,257,0.1285,0.24129071457491955
1576,1788,212,0.106,0.2237258812189102
1580,1790,210,0.105,0.22722391924262048
1492,1746,254,0.127,0.22944652626663448
1560,1780,220,0.11,0.22727102282829584
1656,1828,172,0.086,0.22221781254559755
1510,1755,245,0.1225,0.2390315971649252
1486,1743,257,0.1285,0.24113471432495862
1494,1747,253,0.1265,0.2520289548560977
1506,1753,247,0.1235,0.2527959166765213
1516,1758,242,0.121,0.24920572882145645
1516,1758,242,0.121,0.2514075975678861
1430,1715,285,0.1425,0.25409864684940103
1520,1760,240,0.12,0.24679655876848847
1540,1770,230,0.115,0.24402564544975758
1536,1768,232,0.116,0.24345198927819728
1496,1748,252,0.126,0.23923475391720422
1450,1725,275,0.1375,0.2313184164755512
1518,1759,241,0.1205,0.22145761186257004
1520,1760,240,0.12,0.21788337299972774
1552,1776,224,0.112,0.21392236029729247
1474,1737,263,0.1315,0.2143919281102717
1532,1766,234,0.117,0.2085975541844964
1548,1774,226,0.113,0.20479612085223198
1566,1783,217,0.1085,0.20774536659941079
1524,1762,238,0.119,0.21463753286004067
1564,1782,218,0.109,0.2170252609886229
1580,1790,210,0.105,0.21824102843180299
1508,1754,246,0.123,0.23087426737695932
1520,1760,240,0.12,0.2412409719824791
1596,1798,202,0.101,0.2440212296769023
1448,1724,276,0.138,0.2551229350045323
1542,1771,229,0.1145,0.25640124797448516
1516,1758,242,0.121,0.26425046757608855
1478,1739,261,0.1305,0.27266054981201887
1502,1751,249,0.1245,0.2728928500700276
1596,1798,202,0.101,0.27452009679377076
1552,1776,224,0.112,0.2806172912437469
1548,1774,226,0.113,0.2869727565108094
1482,1741,259,0.1295,0.29152911000698806
1494,1747,253,0.1265,0.29239759335666893
1530,1765,235,0.1175,0.2889675883129239
1612,1806,194,0.097,0.28884746647626164
1478,1739,261,0.1305,0.29369852631539106
1488,1744,256,0.128,0.293372286910424
1484,1742,258,0.129,0.2993531445637345
1536,1768,232,0.116,0.3034606424048543
1408,1704,296,0.148,0.3155318691805005
1476,1738,262,0.131,0.31945726980268957
1542,1771,229,0.1145,0.3180562236458063
1504,1752,248,0.124,0.32074889285117386
1540,1770,230,0.115,0.316265084028244
1404,1702,298,0.149,0.3268881910592318
1586,1793,207,0.1035,0.3017986543774605
1588,1794,206,0.103,0.2840085458010435
1548,1774,226,0.113,0.2776887856721878
1482,1741,259,0.1295,0.2793579949811101
1544,1772,228,0.114,0.2538897954970598
1468,1734,266,0.133,0.2511612081751227
1538,1769,231,0.1155,0.24176096975058317
1540,1770,230,0.115,0.24540391584485768
1548,1774,226,0.113,0.23991597837209702
1454,1727,273,0.1365,0.2554556541517377
1454,1727,273,0.1365,0.2564967614058405
1528,1764,236,0.118,0.25673014417290685
1502,1751,249,0.1245,0.27102429524064064
1450,1725,275,0.1375,0.2871598536744714
1588,1794,206,0.103,0.2808143943101168
1418,1709,291,0.1455,0.28998260486871
1526,1763,237,0.1185,0.29291801460087297
1488,1744,256,0.128,0.2927607402056456
1506,1753,247,0.1235,0.28535752584040164
1480,1740,260,0.13,0.28646648067981006
1480,1740,260,0.13,0.28118883600085975
1350,1675,325,0.1625,0.28331602341681716
1532,1766,234,0.117,0.27453900629281996
1516,1758,242,0.121,0.2751326882913709
1494,1747,253,0.1265,0.27663502901227544
1512,1756,244,0.122,0.286628191255033
1564,1782,218,0.109,0.28380263777822257
1502,1751,249,0.1245,0.2946150716241391
1508,1754,246,0.123,0.2968739443719387
1512,1756,244,0.122,0.3107493774928153
1584,1792,208,0.104,0.3094132786989212
1396,1698,302,0.151,0.32592456583678725
1416,1708,292,0.146,0.3329517536298954
1500,1750,250,0.125,0.33288101536780595
1550,1775,225,0.1125,0.32405436916649344
1516,1758,242,0.121,0.32781880709795375
1530,1765,235,0.1175,0.3194674570893403
1458,1729,271,0.1355,0.3172907779365778
1554,1777,223,0.1115,0.3097298258394003
1492,1746,254,0.127,0.3128670184984803
1530,1765,235,0.1175,0.300181362402448
1520,1760,240,0.12,0.3026769722015597
1496,1748,252,0.126,0.30809535228461027
1470,1735,265,0.1325,0.3143299542367458
1476,1738,262,0.131,0.3153489228487015
1558,1779,221,0.1105,0.31486596973240377
1608,1804,196,0.098,0.3235374130526569
1478,1739,261,0.1305,0.32595958860218527
1524,1762,238,0.119,0.32855235087871554
1544,1772,228,0.114,0.3229903526122216
1492,1746,254,0.127,0.32833195117115976
1556,1778,222,0.111,0.3240631641894579
1522,1761,239,0.1195,0.3215393318207935
1508,1754,246,0.123,0.31005633168667557
1472,1736,264,0.132,0.3108504408258959
1522,1761,239,0.1195,0.30412309504672885
1508,1754,246,0.123,0.28714338883012536
1484,1742,258,0.129,0.28025261160731313
1556,1778,222,0.111,0.27697462180256843
1554,1777,223,0.1115,0.2748404179215431
1530,1765,235,0.1175,0.2687166526168585
1492,1746,254,0.127,0.2725469790995121
1518,1759,241,0.1205,0.2731306454529986
1446,1723,277,0.1385,0.2766227706950158
1548,1774,226,0.113,0.2737154438048601
1540,1770,230,0.115,0.2768325216695666
1518,1759,241,0.1205,0.274641830958426
1506,1753,247,0.1235,0.275099110102281
1576,1788,212,0.106,0.26008736672997473
1384,1692,308,0.154,0.26720321461558344
1478,1739,261,0.1305,0.2616288682892919
1490,1745,255,0.1275,0.2620316154807806
1552,1776,224,0.112,0.25720658505149185
1424,1712,288,0.144,0.2679204460904002
1514,1757,243,0.1215,0.2645555058643222
1532,1766,234,0.117,0.2650076760584559
1560,1780,220,0.11,0.27010327395796774
1604,1802,198,0.099,0.2761845423105733
1502,1751,249,0.1245,0.2804361238926649
1562,1781,219,0.1095,0.27968866474181414
1476,1738,262,0.131,0.28284355468302963
1494,1747,253,0.1265,0.27866200234740973
1434,1717,283,0.1415,0.2880309161022305
1570,1785,215,0.1075,0.27647510956513
1510,1755,245,0.1225,0.2847358732521534
1434,1717,283,0.1415,0.2939503071700597
1498,1749,251,0.1255,0.29573393408209087
1532,1766,234,0.117,0.29301746692513825
1470,1735,265,0.1325,0.2994263296946883
1498,1749,251,0.1255,0.29589257296919824
1592,1796,204,0.102,0.2930547441318631
1464,1732,268,0.134,0.295429352119565
1548,1774,226,0.113,0.2919734615162015
1528,1764,236,0.118,0.29880848552286626
1464,1732,268,0.134,0.29979343390325086
1562,1781,219,0.1095,0.29669851607456804
1614,1807,193,0.0965,0.30380220457166435
1472,1736,264,0.132,0.3216747917532921
1576,1788,212,0.106,0.3171832895874977
1556,1778,222,0.111,0.31400131551141386
1530,1765,235,0.1175,0.3325932526141405
1552,1776,224,0.112,0.3435221981555224
1560,1780,220,0.11,0.3449847231209278
1482,1741,259,0.1295,0.35220572919398546
1488,1744,256,0.128,0.3592967610657215
1578,1789,211,0.1055,0.3618363133445382
1502,1751,249,0.1245,0.3696651859655976
1514,1757,243,0.1215,0.3674621449112892
1438,1719,281,0.1405,0.37163052540272473
1524,1762,238,0.119,0.35776162073016166
1508,1754,246,0.123,0.35602499420940875
1550,1775,225,0.1125,0.3572600579597056
1410,1705,295,0.1475,0.36212395201064645
1488,1744,256,0.128,0.34087387488782406
1496,1748,252,0.126,0.33797931918501856
1546,1773,227,0.1135,0.33871307127177713
1560,1780,220,0.11,0.32997382735460995
1514,1757,243,0.1215,0.3159000755250454
1486,1743,257,0.1285,0.3123243943043053
1474,1737,263,0.1315,0.31168560300022363
1522,1761,239,0.1195,0.30534766328334806
1486,1743,257,0.1285,0.29363667257875203
1538,1769,231,0.1155,0.29546536689284103
1498,1749,251,0.1255,0.29479664704203606
1416,1708,292,0.146,0.2895859564095736
1562,1781,219,0.1095,0.26918821685388683
1574,1787,213,0.1065,0.26618710000067947
1510,1755,245,0.1225,0.26847462470585015
1510,1755,245,0.1225,0.2574137082919478
1558,1779,221,0.1105,0.23579665006743744
1576,1788,212,0.106,0.23039802384376526
1526,1763,237,0.1185,0.23136631245166064
1424,1712,288,0.144,0.2208743054140359
1526,1763,237,0.1185,0.19709020556639012
1512,1756,244,0.122,0.19879993005096913
1480,1740,260,0.13,0.1964810926504433
1496,1748,252,0.126,0.19597698022052645
1576,1788,212,0.106,0.19008314203470944
1540,1770,230,0.115,0.19502745788544418
1566,1783,217,0.1085,0.19453261506557465
1562,1781,219,0.1095,0.19748140217363835
1598,1799,201,0.1005,0.19364319995790719
1522,1761,239,0.1195,0.19972888587322085
1528,1764,236,0.118,0.1967975433319807
1646,1823,177,0.0885,0.1910456528440118
1520,1760,240,0.12,0.18555764588341117
1572,1786,214,0.107,0.1814616331011057
1470,1735,265,0.1325,0.18489917584881185
1446,1723,277,0.1385,0.17855863024294377
1492,1746,254,0.127,0.17810811224579812
1468,1734,266,0.133,0.18049127680734597
1560,1780,220,0.11,0.17847502870485188
1520,1760,240,0.12,0.18335839973214296
1536,1768,232,0.116,0.1868512672521174
1486,1743,257,0.1285,0.19003723165392875
1518,1759,241,0.1205,0.18851140461489557
1526,1763,237,0.1185,0.1837055961340666
1544,1772,228,0.114,0.16738210812956095
1516,1758,242,0.121,0.1703786497376859
1552,1776,224,0.112,0.16426621003448963
1490,1745,255,0.1275,0.1544786525145173
1500,1750,250,0.125,0.1437491214182228
1494,1747,253,0.1265,0.14617907006293535
1500,1750,250,0.125,0.1443972823806107
1512,1756,244,0.122,0.14073008523881436
1582,1791,209,0.1045,0.135429847817868
1574,1787,213,0.1065,0.13646719043701888
1550,1775,225,0.1125,0.1360787604637444
1590,1795,205,0.1025,0.13167899532895536
1586,1793,207,0.1035,0.12379391870170366
1500,1750,250,0.125,0.12727474941313266
1488,1744,256,0.128,0.12641353419888765
1540,1770,230,0.115,0.12504080279543997
1568,1784,216,0.108,0.1262688930933364
1490,1745,255,0.1275,0.12914049342926592
1582,1791,209,0.1045,0.12733639514446257
1500,1750,250,0.125,0.12928770677524154
1544,1772,228,0.114,0.1327531336657703
1604,1802,198,0.099,0.13071972127258777
1556,1778,222,0.111,0.13277659955993296
1592,1796,204,0.102,0.1292351815458387
1522,1761,239,0.1195,0.12596386086009442
1514,1757,243,0.1215,0.12102241463214158
1528,1764,236,0.118,0.11880522190779448
1610,1805,195,0.0975,0.11051462463056924
1584,1792,208,0.104,0.11141116284951567
1576,1788,212,0.106,0.10965686201304198
1616,1808,192,0.096,0.11038506456092
1532,1766,234,0.117,0.11692791472561657
1516,1758,242,0.121,0.11988863931968809
1568,1784,216,0.108,0.12488571249321104
1596,1798,202,0.101,0.1205009159334004
1536,1768,232,0.116,0.12959066599188374
1562,1781,219,0.1095,0.12933941215649247
1548,1774,226,0.113,0.129011515930295
1538,1769,231,0.1155,0.13190103579033166
1470,1735,265,0.1325,0.13239036048576236
1598,1799,201,0.1005,0.12882064487040043
1536,1768,232,0.116,0.13104740016907454
1508,1754,246,0.123,0.13053218221677917
1578,1789,211,0.1055,0.12352412893157452
1438,1719,281,0.1405,0.12666651166975498
1544,1772,228,0.114,0.1178001989684999
1492,1746,254,0.127,0.12030434912629426
1434,1717,283,0.1415,0.12076521358639002
1540,1770,230,0.115,0.11711890530958771
1500,1750,250,0.125,0.11905552564375102
1398,1699,301,0.1505,0.12495309741562233
1424,1712,288,0.144,0.12909061831235885
1500,1750,250,0.125,0.13152644277364015
1470,1735,265,0.1325,0.13867575585842132
1516,1758,242,0.121,0.13574937899038195
1464,1732,268,0.134,0.14440893964655696
1488,1744,256,0.128,0.14561330561962052
1528,1764,236,0.118,0.1445063227415204
1538,1769,231,0.1155,0.14091085843741893
1434,1717,283,0.1415,0.14049462322890757
1506,1753,247,0.1235,0.13262018775427714
1524,1762,238,0.119,0.13007385819405318
1540,1770,230,0.115,0.12740085812099278
1524,1762,238,0.119,0.12204171322507318
1552,1776,224,0.112,0.11807167414908144
1584,1792,208,0.104,0.11850327650324476
1488,1744,256,0.128,0.11874053289288554
1422,1711,289,0.1445,0.12908057385496796
1540,1770,230,0.115,0.1325007770098746
1574,1787,213,0.1065,0.14015452282875776
1530,1765,235,0.1175,0.14183004776015878
1470,1735,265,0.1325,0.15332433680444957
1550,1775,225,0.1125,0.1516657944433391
1556,1778,222,0.111,0.15381196996197105
1528,1764,236,0.118,0.15207710053771734
1540,1770,230,0.115,0.15086339094489812
1478,1739,261,0.1305,0.14575400037318467
1584,1792,208,0.104,0.1391712489798665
1520,1760,240,0.12,0.1407778054252267
1494,1747,253,0.1265,0.1403743364624679
1564,1782,218,0.109,0.1367207873109728
1482,1741,259,0.1295,0.13886170425638555
1492,1746,254,0.127,0.14155187055841087
1572,1786,214,0.107,0.14260026179254054
1548,1774,226,0.113,0.15139796270802616
1516,1758,242,0.121,0.1584078760743141
1524,1762,238,0.119,0.1601364552937448
1590,1795,205,0.1025,0.1584701085165143
1482,1741,259,0.1295,0.16225796004012227
1502,1751,249,0.1245,0.1611822411827743
1496,1748,252,0.126,0.1599627910964191
1546,1773,227,0.1135,0.15604392782971263
1590,1795,205,0.1025,0.14715204417333008
1520,1760,240,0.12,0.14799076766520738
1528,1764,236,0.118,0.14417269311100245
1530,1765,235,0.1175,0.14089074965566398
1476,1738,262,0.131,0.14218911495059727
1652,1826,174,0.087,0.13623918398097157
1538,1769,231,0.1155,0.14234923898801208
1536,1768,232,0.116,0.14335524283751147
1588,1794,206,0.103,0.14679533048393203
1564,1782,218,0.109,0.14941731540486217
1566,1783,217,0.1085,0.14860932249203324
1666,1833,167,0.0835,0.14702202824875713
1562,1781,219,0.1095,0.14698080791532994
1578,1789,211,0.1055,0.14480755316466093
1500,1750,250,0.125,0.14466764813661576
1524,1762,238,0.119,0.14242173370719757
1622,1811,189,0.0945,0.14287983196601273
1510,1755,245,0.1225,0.14950461352616548
1514,1757,243,0.1215,0.1505453858822584
1458,1729,271,0.1355,0.1545334901176393
1524,1762,238,0.119,0.15980924125760793
1598,1799,201,0.1005,0.15849252171814443
1592,1796,204,0.102,0.163806391492486
1528,1764,236,0.118,0.16348878801986574
1540,1770,230,0.115,0.15924058524612336
1494,1747,253,0.1265,0.16151502791419625
1524,1762,238,0.119,0.15789862671121954
1574,1787,213,0.1065,0.15202526422962545
1488,1744,256,0.128,0.15176782365515828
1500,1750,250,0.125,0.15409239118546247
1542,1771,229,0.1145,0.1506815620204434
1476,1738,262,0.131,0.15175113392248749
1466,1733,267,0.1335,0.1505980749465525
1494,1747,253,0.1265,0.15253931318223476
1616,1808,192,0.096,0.14573006027191876
1574,1787,213,0.1065,0.1477617310024798
1528,1764,236,0.118,0.14722880306094885
1540,1770,230,0.115,0.1479635643362999
1478,1739,261,0.1305,0.14129445395991205
1486,1743,257,0.1285,0.14299716074141544
1570,1785,215,0.1075,0.1389115134552121
1614,1807,193,0.0965,0.1351454600840807
1550,1775,225,0.1125,0.13350704946368933
1480,1740,260,0.13,0.13354951428249479
1554,1777,223,0.1115,0.13001521747559308
1462,1731,269,0.1345,0.1320226463181898
1500,1750,250,0.125,0.13231653205677868
1504,1752,248,0.124,0.13211496204137801
1514,1757,243,0.1215,0.13536895848810673
1526,1763,237,0.1185,0.13705004124343395
1594,1797,203,0.1015,0.13491221087053418
1418,1709,291,0.1455,0.1424294605664909
1514,1757,243,0.1215,0.13312217819318176
1422,1711,289,0.1445,0.13794802863523364
1556,1778,222,0.111,0.1277595292776823
1510,1755,245,0.1225,0.1305162864588201
1524,1762,238,0.119,0.12327838889602571
1450,1725,275,0.1375,0.12334732991084456
1592,1796,204,0.102,0.11409874217736415
1452,1726,274,0.137,0.11867531771585345
1628,1814,186,0.093,0.10786834451369941
1580,1790,210,0.105,0.11060590894892812
1458,1729,271,0.1355,0.11124889437574893
1580,1790,210,0.105,0.10823863535001874
1536,1768,232,0.116,0.10428772531147115
1536,1768,232,0.116,0.10558032967150212
1538,1769,231,0.1155,0.10558923335000872
1508,1754,246,0.123,0.10780775642208755
1650,1825,175,0.0875,0.10736934313550592
1530,1765,235,0.1175,0.1104377330331481
1612,1806,194,0.097,0.10877913866937161
1542,1771,229,0.1145,0.11110298034921288
1506,1753,247,0.1235,0.10901277567073703
1476,1738,262,0.131,0.11131420071423054
1554,1777,223,0.1115,0.10685838103294372
1568,1784,216,0.108,0.10614974492415785
1504,1752,248,0.124,0.10963454589620232
1512,1756,244,0.122,0.1066353656090796
1466,1733,267,0.1335,0.11066008823923766
1512,1756,244,0.122,0.10787176542542874
1460,1730,270,0.135,0.11981669240817427
1484,1742,258,0.129,0.11970299310982227
1542,1771,229,0.1145,0.1238323149830103
1488,1744,256,0.128,0.12535448095574975
1506,1753,247,0.1235,0.12737884605675937
1492,1746,254,0.127,0.12703872106969358
1500,1750,250,0.125,0.12228570225834846
1622,1811,189,0.0945,0.11839857937721536
1584,1792,208,0.104,0.10853497200831771
1612,1806,194,0.097,0.10551955914124847
1480,1740,260,0.13,0.104638826623559
1454,1727,273,0.1365,0.1025901550911367
1500,1750,250,0.125,0.09615427381603513
1488,1744,256,0.128,0.0978740911372006
1658,1829,171,0.0855,0.09696914695575834
1508,1754,246,0.123,0.10204388238303364
1564,1782,218,0.109,0.10997210341313621
1542,1771,229,0.1145,0.11302601724117994
1606,1803,197,0.0985,0.11176900017634034
1624,1812,188,0.094,0.11236626851558686
1540,1770,230,0.115,0.11245033984305337
1600,1800,200,0.1,0.10988585028797387
1474,1737,263,0.1315,0.10690654443204403
1558,1779,221,0.1105,0.1050047146230936
1478,1739,261,0.1305,0.10217163267359138
1556,1778,222,0.111,0.10018903845222667
1544,1772,228,0.114,0.10294194647297263
1576,1788,212,0.106,0.10184057350829244
1554,1777,223,0.1115,0.11138178484328091
1504,1752,248,0.124,0.11205154709145426
1420,1710,290,0.145,0.1216246195640415
1420,1710,290,0.145,0.12272956187464297
1558,1779,221,0.1105,0.13068173336982727
1564,1782,218,0.109,0.1295799246057868
1544,1772,228,0.114,0.132910966206342
1574,1787,213,0.1065,0.1346447180621326
1564,1782,218,0.109,0.12468488568253815
1550,1775,225,0.1125,0.12410403061099351
1490,1745,255,0.1275,0.11923033252730966
1460,1730,270,0.135,0.11927073704078793
1582,1791,209,0.1045,0.10945267594605684
1502,1751,249,0.1245,0.1113294086046517
1526,1763,237,0.1185,0.11574701892957091
1608,1804,196,0.098,0.11454821180924774
1510,1755,245,0.1225,0.12787076873902697
1476,1738,262,0.131,0.1316757933162153
1530,1765,235,0.1175,0.1388091080710292
1556,1778,222,0.111,0.13690271688252686
1544,1772,228,0.114,0.14948233037814498
1474,1737,263,0.1315,0.1562010467723012
1546,1773,227,0.1135,0.15670583102665842
1560,1780,220,0.11,0.15523791028559208
1540,1770,230,0.115,0.14954513382166623
1478,1739,261,0.1305,0.15477295471727848
1540,1770,230,0.115,0.14653464384004475
1470,1735,265,0.1325,0.14929526384174824
1518,1759,241,0.1205,0.13709243827301543
1530,1765,235,0.1175,0.13680413723737
1536,1768,232,0.116,0.1335351239554584
1474,1737,263,0.1315,0.13894923490658403
1512,1756,244,0.122,0.13795023724064231
1670,1835,165,0.0825,0.130454377759248
1532,1766,234,0.117,0.1406355880573392
1552,1776,224,0.112,0.13792311734333634
1544,1772,228,0.114,0.1456589059792459
1546,1773,227,0.1135,0.14413133687525986
1502,1751,249,0.1245,0.15097932616248727
1516,1758,242,0.121,0.152858800470829
1520,1760,240,0.12,0.16057481737062335
1512,1756,244,0.122,0.15932081658765673
1572,1786,214,0.107,0.16025786744468495
1478,1739,261,0.1305,0.16658708121068774
1514,1757,243,0.1215,0.17068473244085908
1464,1732,268,0.134,0.172905875839293
1526,1763,237,0.1185,0.1716374843120575
1468,1734,266,0.133,0.17653742298670114
1630,1815,185,0.0925,0.17267658502981068
1576,1788,212,0.106,0.17467607364989818
1512,1756,244,0.122,0.17633544567652665
1462,1731,269,0.1345,0.1799098867159337
1454,1727,273,0.1365,0.181039421569556
1582,1791,209,0.1045,0.17579680383894447
1566,1783,217,0.1085,0.18249483926594257
1572,1786,214,0.107,0.18366746377199888
1614,1807,193,0.0965,0.1908877513658954
1538,1769,231,0.1155,0.19460540111362934
1520,1760,240,0.12,0.19506991812586785
1422,1711,289,0.1445,0.20170129057019948
1504,1752,248,0.124,0.19832774570305628
1464,1732,268,0.134,0.19709244688600303
1498,1749,251,0.1255,0.19819518139213324
1498,1749,251,0.1255,0.19979265363514423
1462,1731,269,0.1345,0.20074758148938418
1448,1724,276,0.138,0.20341565367765724
1518,1759,241,0.1205,0.20045948720723392
1500,1750,250,0.125,0.20684328359365464
1498,1749,251,0.1255,0.2037512777444763
1554,1777,223,0.1115,0.20070252600993263
1590,1795,205,0.1025,0.18845329289883375
1586,1793,207,0.1035,0.18763017968833445
1498,1749,251,0.1255,0.1730024121031165
1440,1720,280,0.14,0.1745501619130373
1626,1813,187,0.0935,0.15916855769604443
1516,1758,242,0.121,0.1648358793668449
1582,1791,209,0.1045,0.16167728533223272
1476,1738,262,0.131,0.16617817824706435
1588,1794,206,0.103,0.16098874221369625
1426,1713,287,0.1435,0.16927030931785703
1594,1797,203,0.1015,0.17450627193599938
1568,1784,216,0.108,0.17696237511187793
1512,1756,244,0.122,0.18119558392837642
1534,1767,233,0.1165,0.18642028893530369
1502,1751,249,0.1245,0.19735500244051218
1504,1752,248,0.124,0.2018749198243022
1494,1747,253,0.1265,0.20623288033902645
1590,1795,205,0.1025,0.20511849433928728
1448,1724,276,0.138,0.22004274241626262
1516,1758,242,0.121,0.21910760889202358
1554,1777,223,0.1115,0.2184430075660348
1498,1749,251,0.1255,0.22171928548067807
1510,1755,245,0.1225,0.22676651544123888
1534,1767,233,0.1165,0.2230228211581707
1436,1718,282,0.141,0.2295610474124551
1498,1749,251,0.1255,0.22759732199460267
1526,1763,237,0.1185,0.23723674136027695
1464,1732,268,0.134,0.2412755211079493
1510,1755,245,0.1225,0.24471419972134753
1458,1729,271,0.1355,0.24909338689781726
1522,1761,239,0.1195,0.262392794854939
1574,1787,213,0.1065,0.2597599272727966
1432,1716,284,0.142,0.26854723745584486
1490,1745,255,0.1275,0.26587538082152606
1438,1719,281,0.1405,0.265808861926198
1510,1755,245,0.1225,0.26345847337692974
1534,1767,233,0.1165,0.2571107139214873
1478,1739,261,0.1305,0.25683725245296957
1528,1764,236,0.118,0.2515944880694151
1464,1732,268,0.134,0.2555592875927687
1524,1762,238,0.119,0.249688945569098
1520,1760,240,0.12,0.25499670040607453
1584,1792,208,0.104,0.2598690665601753
1530,1765,235,0.1175,0.26439528589509426
1518,1759,241,0.1205,0.2688559429049492
1434,1717,283,0.1415,0.27663084798760973
1556,1778,222,0.111,0.2783309256508946
1550,1775,225,0.1125,0.27896279786527156
1442,1721,279,0.1395,0.28377941219508646
1408,1704,296,0.148,0.2899816629588604
1528,1764,236,0.118,0.28321611861139534
1596,1798,202,0.101,0.2821146961599588
1550,1775,225,0.1125,0.2902029297873378
1406,1703,297,0.1485,0.2962831808924675
1530,1765,235,0.1175,0.283130792118609
1460,1730,270,0.135,0.284140570089221
1498,1749,251,0.1255,0.2810538824126124
1578,1789,211,0.1055,0.27766171734035017
1566,1783,217,0.1085,0.26837864192575217
1572,1786,214,0.107,0.2641843154877424
1562,1781,219,0.1095,0.2618953386247158
1536,1768,232,0.116,0.25377042885497214
1592,1796,204,0.102,0.23570870979130268
1552,1776,224,0.112,0.23414047414064407
1516,1758,242,0.121,0.23733094159513712
1564,1782,218,0.109,0.23743576472252606
1580,1790,210,0.105,0.24516969342529774
1482,1741,259,0.1295,0.27032659623771904
1506,1753,247,0.1235,0.2735793111771345
1462,1731,269,0.1345,0.27813160652667285
1534,1767,233,0.1165,0.29299070643633607
1574,1787,213,0.1065,0.30190477283298967
1586,1793,207,0.1035,0.3027100673615932
1506,1753,247,0.1235,0.3067942655310035
1566,1783,217,0.1085,0.2990080122575164
1480,1740,260,0.13,0.29797742306161673
1428,1714,286,0.143,0.300243427708745
1534,1767,233,0.1165,0.290676092710346
1506,1753,247,0.1235,0.28747896541234513
1468,1734,266,0.133,0.28950868229195476
1502,1751,249,0.1245,0.2883618508540094
1554,1777,223,0.1115,0.28394527941197156
1506,1753,247,0.1235,0.30127850989997385
1518,1759,241,0.1205,0.3155582825250967
1404,1702,298,0.149,0.3231174124479294
1472,1736,264,0.132,0.3210521827638149
1472,1736,264,0.132,0.34758052083849905
1540,1770,230,0.115,0.34947388015687464
1436,1718,282,0.141,0.353641967728734
1570,1785,215,0.1075,0.34071147413551806
1510,1755,245,0.1225,0.36250801683962347
1472,1736,264,0.132,0.36498249539732935
1540,1770,230,0.115,0.36339643132686617
1524,1762,238,0.119,0.3546260852084961
1540,1770,230,0.115,0.3468258269652724
1522,1761,239,0.1195,0.3438047798126936
1492,1746,254,0.127,0.34375458988547325
1616,1808,192,0.096,0.3170513655543327
1474,1737,263,0.1315,0.3161637725830078
1424,1712,288,0.144,0.30746516984650135
1566,1783,217,0.1085,0.30353267419338226
1552,1776,224,0.112,0.29954537435621026
1498,1749,251,0.1255,0.3011874603480101
1594,1797,203,0.1015,0.2937982851341367
1486,1743,257,0.1285,0.29571533914655446
1478,1739,261,0.1305,0.2953157463371754
1484,1742,258,0.129,0.2785573686493699
1566,1783,217,0.1085,0.2666119142100215
1514,1757,243,0.1215,0.26074872775375846
1492,1746,254,0.127,0.2525362092927098
1520,1760,240,0.12,0.23263158472627402
