log_avg_ept_score,log_avg_succ_req,log_avg_blk_req,log_avg_BP_req,log_avg_entropy
-2,499,501,0.501,3.216335554122925
4,502,498,0.498,3.21691540145874
-36,482,518,0.518,3.21322806930542
28,514,486,0.486,3.2164794652462008
10,505,495,0.495,3.210194335460663
-62,469,531,0.531,3.2147424149513246
6,503,497,0.497,3.21663876080513
-2,499,501,0.501,3.2169695835113528
-6,497,503,0.503,3.2168071641921996
-2,499,501,0.501,3.2143812578320503
-20,490,510,0.51,3.215850077867508
-44,478,522,0.522,3.215056587338448
30,515,485,0.485,3.2168355288505555
16,508,492,0.492,3.216992486715317
0,500,500,0.5,3.2135943504720927
8,504,496,0.496,3.2160997743606567
-16,492,508,0.508,3.2153773382902147
-32,484,516,0.516,3.21675666809082
-22,489,511,0.511,3.215760441303253
-10,495,505,0.505,3.2167613360881804
10,505,495,0.495,3.216942661523819
-58,471,529,0.529,3.2133795115351678
18,509,491,0.491,3.216872844696045
10,505,495,0.495,3.216875146627426
-32,484,516,0.516,3.216709321498871
-10,495,505,0.505,3.2165527226924895
-74,463,537,0.537,3.2166535482406617
32,516,484,0.484,3.2168756082057954
40,520,480,0.48,3.2168076786994932
-22,489,511,0.511,3.2154568746089933
22,511,489,0.489,3.2165035576820373
24,512,488,0.488,3.211215329542756
-50,475,525,0.525,3.215707167863846
-16,492,508,0.508,3.2145677540302278
-8,496,504,0.504,3.216367706775665
-62,469,531,0.531,3.214510005950928
-36,482,518,0.518,3.2151468369960785
6,503,497,0.497,3.2167117962837217
-48,476,524,0.524,3.215285789847374
-40,480,520,0.52,3.2145008833408357
-36,482,518,0.518,3.213903613090515
-26,487,513,0.513,3.2165511910915376
26,513,487,0.487,3.2152445380687715
-16,492,508,0.508,3.217027534723282
-4,498,502,0.502,3.2165492844581602
-56,472,528,0.528,3.2168241305351257
-84,458,542,0.542,3.2169807043075562
-8,496,504,0.504,3.2159024946689607
-12,494,506,0.506,3.2164402248859405
-28,486,514,0.514,3.216848257303238
-2,499,501,0.501,3.213062246710062
14,507,493,0.493,3.2167024805545807
-30,485,515,0.515,3.2137839943170547
-16,492,508,0.508,3.2162305920124052
2,501,499,0.499,3.216194787502289
-72,464,536,0.536,3.21306028907001
-44,478,522,0.522,3.2157415709495543
18,509,491,0.491,3.21605614233017
-62,469,531,0.531,3.2169831392765045
-32,484,516,0.516,3.2167792026996613
-36,482,518,0.518,3.217007964134216
-2,499,501,0.501,3.2163036074638365
-8,496,504,0.504,3.2136221820712088
24,512,488,0.488,3.216691199064255
30,515,485,0.485,3.2168929834365843
-20,490,510,0.51,3.2153360345363615
-28,486,514,0.514,3.2163836965560915
-52,474,526,0.526,3.2162795705795286
-32,484,516,0.516,3.2162798216342927
64,532,468,0.468,3.2153893942832945
-30,485,515,0.515,3.216251119375229
-26,487,513,0.513,3.213530373945832
-12,494,506,0.506,3.2157290995121004
-32,484,516,0.516,3.214744836449623
2,501,499,0.499,3.216792711734772
12,506,494,0.494,3.2166118440628053
-6,497,503,0.503,3.2168924207687377
38,519,481,0.481,3.214180746257305
12,506,494,0.494,3.2169366872310636
24,512,488,0.488,3.216748222827911
-8,496,504,0.504,3.216062284231186
18,509,491,0.491,3.216921344280243
10,505,495,0.495,3.2160126190185547
10,505,495,0.495,3.2168782351017
-42,479,521,0.521,3.211868928618729
-34,483,517,0.517,3.216789142370224
-2,499,501,0.501,3.2168602521419527
-30,485,515,0.515,3.2158438324928285
44,522,478,0.478,3.2153562302589416
-64,468,532,0.532,3.2168479845523836
22,511,489,0.489,3.2168384697437284
-16,492,508,0.508,3.2156729516983034
-42,479,521,0.521,3.21452435863018
22,511,489,0.489,3.2167354123592378
-22,489,511,0.511,3.2140732157230376
2,501,499,0.499,3.2138799090385435
-8,496,504,0.504,3.2169875893592836
52,526,474,0.474,3.2162708587646485
-48,476,524,0.524,3.2055325743556025
30,515,485,0.485,3.2169169194698335
-2,499,501,0.501,3.2168732964992524
-10,495,505,0.505,3.216886665344238
-10,495,505,0.505,3.2157346937656404
-24,488,512,0.512,3.216336064577103
16,508,492,0.492,3.214992377400398
-14,493,507,0.507,3.2142400851249695
-26,487,513,0.513,3.2168242468833923
-30,485,515,0.515,3.2169870510101317
-52,474,526,0.526,3.21686959195137
-6,497,503,0.503,3.2167595484256744
0,500,500,0.5,3.216402543544769
-64,468,532,0.532,3.2141246296167374
2,501,499,0.499,3.2160074546337127
-34,483,517,0.517,3.2169765610694885
22,511,489,0.489,3.2126123121082784
2,501,499,0.499,3.2168578646183015
30,515,485,0.485,3.2169610633850096
-36,482,518,0.518,3.2143108918070795
-14,493,507,0.507,3.2157980077266695
-58,471,529,0.529,3.214098333001137
-12,494,506,0.506,3.2112594061642885
0,500,500,0.5,3.2159989421367645
-32,484,516,0.516,3.2150002617836
-70,465,535,0.535,3.216233642101288
8,504,496,0.496,3.216921894788742
-8,496,504,0.504,3.215288409471512
-54,473,527,0.527,3.216021766662598
-16,492,508,0.508,3.2133836871385575
6,503,497,0.497,3.2169967784881592
12,506,494,0.494,3.216970472574234
14,507,493,0.493,3.2167489049434663
-40,480,520,0.52,3.2169072632789613
-32,484,516,0.516,3.214415118098259
-24,488,512,0.512,3.216167846918106
40,520,480,0.48,3.216862141609192
-24,488,512,0.512,3.2153223662376402
-38,481,519,0.519,3.2123356223106385
-70,465,535,0.535,3.216911752462387
2,501,499,0.499,3.216394960641861
-52,474,526,0.526,3.215666505098343
40,520,480,0.48,3.2096162549853324
2,501,499,0.499,3.2168636844158174
26,513,487,0.487,3.2167754180431367
28,514,486,0.486,3.215839988231659
18,509,491,0.491,3.2167814869880678
-4,498,502,0.502,3.2166421597003936
-52,474,526,0.526,3.2167956461906435
8,504,496,0.496,3.216051245212555
-12,494,506,0.506,3.2153846044540404
-30,485,515,0.515,3.2168906273841857
8,504,496,0.496,3.2168696813583373
-20,490,510,0.51,3.2148852058649062
-16,492,508,0.508,3.2151784154176712
-6,497,503,0.503,3.2125665086507795
22,511,489,0.489,3.2159833807945253
52,526,474,0.474,3.216953602552414
-28,486,514,0.514,3.2098708955645563
-46,477,523,0.523,3.2168024628162386
16,508,492,0.492,3.2106620191502735
0,500,500,0.5,3.2169848673343657
46,523,477,0.477,3.2167919888496397
0,500,500,0.5,3.2165200922489166
-16,492,508,0.508,3.216939607381821
20,510,490,0.49,3.2135970916748047
-62,469,531,0.531,3.2168262977600097
-18,491,509,0.509,3.2169073176383973
-38,481,519,0.519,3.214796573996544
-16,492,508,0.508,3.216846857070923
70,535,465,0.465,3.213999119192362
-38,481,519,0.519,3.2165555312633516
64,532,468,0.468,3.2165660603046415
16,508,492,0.492,3.216960862636566
36,518,482,0.482,3.2150771775245666
-16,492,508,0.508,3.216854409456253
-38,481,519,0.519,3.213254020201166
-16,492,508,0.508,3.2165660593509675
-36,482,518,0.518,3.2169577574729917
42,521,479,0.479,3.2167962322235106
-6,497,503,0.503,3.2149131284952164
0,500,500,0.5,3.2166180670261384
-34,483,517,0.517,3.215352130651474
-58,471,529,0.529,3.2128262411516624
-14,493,507,0.507,3.2169217009544373
-10,495,505,0.505,3.2167582440376283
-60,470,530,0.53,3.2166326229572295
-30,485,515,0.515,3.2169310951232912
36,518,482,0.482,3.2168267703056337
-12,494,506,0.506,3.213654272958636
32,516,484,0.484,3.216629951953888
-8,496,504,0.504,3.2165212392807008
4,502,498,0.498,3.2161633841991426
-2,499,501,0.501,3.216891728639603
-2,499,501,0.501,3.216947017908096
-22,489,511,0.511,3.2138902186751364
20,510,490,0.49,3.2168306205272676
-8,496,504,0.504,3.2163597450256347
20,510,490,0.49,3.216044605255127
-2,499,501,0.501,3.2168050692081454
24,512,488,0.488,3.2169609825611114
14,507,493,0.493,3.216582668304443
-22,489,511,0.511,3.214858392238617
-10,495,505,0.505,3.2162322766780855
-46,477,523,0.523,3.216934250831604
-18,491,509,0.509,3.214388314127922
-64,468,532,0.532,3.216812565088272
-82,459,541,0.541,3.216884793758392
-72,464,536,0.536,3.2167619183063505
-114,443,557,0.557,3.2169008712768554
50,525,475,0.475,3.2169222853183745
32,516,484,0.484,3.2148746883869173
-38,481,519,0.519,3.216783517360687
24,512,488,0.488,3.2167997930049896
-38,481,519,0.519,3.216519159078598
-88,456,544,0.544,3.216559226036072
-12,494,506,0.506,3.214333245396614
-40,480,520,0.52,3.2167762517929077
-68,466,534,0.534,3.2120921084880827
10,505,495,0.495,3.215942368030548
-86,457,543,0.543,3.214001225799322
12,506,494,0.494,3.2167501990795135
-60,470,530,0.53,3.216784918785095
12,506,494,0.494,3.216590244054794
-50,475,525,0.525,3.2168303933143614
24,512,488,0.488,3.2164851093292235
-30,485,515,0.515,3.2112474863827227
-72,464,536,0.536,3.211068219974637
18,509,491,0.491,3.2158397703170776
-52,474,526,0.526,3.216657156229019
-50,475,525,0.525,3.215734326124191
-16,492,508,0.508,3.213859213858843
-20,490,510,0.51,3.2163849952220915
72,536,464,0.464,3.2168584856987
0,500,500,0.5,3.216869606256485
0,500,500,0.5,3.215031163096428
-38,481,519,0.519,3.2167331733703612
10,505,495,0.495,3.2168928077220915
-24,488,512,0.512,3.213137299505994
28,514,486,0.486,3.2168610825538635
4,502,498,0.498,3.2164410908222196
32,516,484,0.484,3.212832888973644
64,532,468,0.468,3.215020392656326
2,501,499,0.499,3.213382628440857
-20,490,510,0.51,3.2168447425365447
10,505,495,0.495,3.2133836984336375
34,517,483,0.483,3.215959769010544
-34,483,517,0.517,3.213170662641525
-22,489,511,0.511,3.211070523560047
34,517,483,0.483,3.2143157596588137
-10,495,505,0.505,3.215383309721947
26,513,487,0.487,3.2099058551192283
-34,483,517,0.517,3.215462401628494
-22,489,511,0.511,3.2136531470380723
-26,487,513,0.513,3.216788108825684
12,506,494,0.494,3.2164981575012206
-40,480,520,0.52,3.2165647766590117
-52,474,526,0.526,3.2166480197906493
-24,488,512,0.512,3.216774199008942
-52,474,526,0.526,3.2159406535625457
-54,473,527,0.527,3.2165927059650423
26,513,487,0.487,3.2152419266700742
-30,485,515,0.515,3.2119174679815767
52,526,474,0.474,3.2128784664672803
18,509,491,0.491,3.2167182331085207
-30,485,515,0.515,3.2135553687725187
0,500,500,0.5,3.21678880572319
26,513,487,0.487,3.2168825261592864
-8,496,504,0.504,3.216647794485092
92,546,454,0.454,3.2131700734005353
38,519,481,0.481,3.216656103849411
4,502,498,0.498,3.2137781018316747
46,523,477,0.477,3.216854499101639
-2,499,501,0.501,3.2155437994003297
18,509,491,0.491,3.2167652792930603
10,505,495,0.495,3.2167926096916197
8,504,496,0.496,3.214749919295311
60,530,470,0.47,3.2167635087966917
-52,474,526,0.526,3.2167527782917023
50,525,475,0.475,3.212208176074442
-30,485,515,0.515,3.2160400545597074
44,522,478,0.478,3.2145878448486327
4,502,498,0.498,3.216592914581299
-14,493,507,0.507,3.213403843611479
-24,488,512,0.512,3.216841436386108
-12,494,506,0.506,3.216802386045456
0,500,500,0.5,3.216663836956024
-46,477,523,0.523,3.216643998622894
-44,478,522,0.522,3.215337624549866
-70,465,535,0.535,3.2035103698968888
-34,483,517,0.517,3.2158535132408144
-20,490,510,0.51,3.2149655261039736
0,500,500,0.5,3.216286321401596
-52,474,526,0.526,3.216536247014999
-26,487,513,0.513,3.216721611261368
2,501,499,0.499,3.2167752692699434
62,531,469,0.469,3.2168070862293243
80,540,460,0.46,3.2166849365234373
2,501,499,0.499,3.2164143414497377
16,508,492,0.492,3.216658620595932
24,512,488,0.488,3.2137966125905515
-12,494,506,0.506,3.2136000138521195
-28,486,514,0.514,3.216631844520569
42,521,479,0.479,3.2167602815628054
-16,492,508,0.508,3.2162406253814697
-32,484,516,0.516,3.2164951553344725
8,504,496,0.496,3.2166723580360412
-42,479,521,0.521,3.214382055401802
-30,485,515,0.515,3.212892045855522
-2,499,501,0.501,3.2166982381343843
-12,494,506,0.506,3.2162760546207427
36,518,482,0.482,3.2165471432209016
-56,472,528,0.528,3.214050579249859
36,518,482,0.482,3.2121739082932472
20,510,490,0.49,3.212986360864714
-18,491,509,0.509,3.216464952468872
-32,484,516,0.516,3.215275569677353
-28,486,514,0.514,3.2140442539453504
52,526,474,0.474,3.2165754556655886
-12,494,506,0.506,3.216180817604065
-20,490,510,0.51,3.2158237657546995
-8,496,504,0.504,3.216696415901184
-14,493,507,0.507,3.216682912826538
-4,498,502,0.502,3.2129315987825393
-54,473,527,0.527,3.2163380603790284
-74,463,537,0.537,3.211933794533892
2,501,499,0.499,3.2165571055412294
12,506,494,0.494,3.2141266968250273
12,506,494,0.494,3.2155502061843872
4,502,498,0.498,3.216317392110825
-100,450,550,0.55,3.2135895039737226
-62,469,531,0.531,3.216296404361725
-40,480,520,0.52,3.2132172184180745
0,500,500,0.5,3.213045032451395
-34,483,517,0.517,3.2163414998054503
4,502,498,0.498,3.2166732981204986
6,503,497,0.497,3.2165342955589296
-28,486,514,0.514,3.216552474975586
-48,476,524,0.524,3.216175948858261
34,517,483,0.483,3.216570157289505
2,501,499,0.499,3.216573097705841
22,511,489,0.489,3.216730553150177
40,520,480,0.48,3.21042681530118
-42,479,521,0.521,3.2144997535943984
10,505,495,0.495,3.2157434041500093
4,502,498,0.498,3.2166764097213747
2,501,499,0.499,3.2157788178920748
-20,490,510,0.51,3.2140156880021093
-54,473,527,0.527,3.21641148519516
-56,472,528,0.528,3.216124588012695
-42,479,521,0.521,3.2152833371162415
-26,487,513,0.513,3.2164362347126008
-28,486,514,0.514,3.2164507298469545
0,500,500,0.5,3.2153048241138458
26,513,487,0.487,3.214241315126419
-54,473,527,0.527,3.216382404088974
20,510,490,0.49,3.2165551948547364
18,509,491,0.491,3.2159409515857695
14,507,493,0.493,3.2167018463611603
-28,486,514,0.514,3.2154381122589113
-8,496,504,0.504,3.2164019289016723
-44,478,522,0.522,3.2156787893772125
4,502,498,0.498,3.213992180764675
-50,475,525,0.525,3.216319319486618
-10,495,505,0.505,3.212086244404316
-40,480,520,0.52,3.2105828568041326
-4,498,502,0.502,3.216305963277817
-6,497,503,0.503,3.215157366514206
4,502,498,0.498,3.2163185081481935
-18,491,509,0.509,3.213645800828934
-18,491,509,0.509,3.2145656287670135
-8,496,504,0.504,3.2159597425460817
-18,491,509,0.509,3.2136485351324082
-8,496,504,0.504,3.2147183121442793
-18,491,509,0.509,3.216640018701553
12,506,494,0.494,3.2154408214092256
4,502,498,0.498,3.2166093609333037
-26,487,513,0.513,3.2165180597305296
4,502,498,0.498,3.2129841300994157
-30,485,515,0.515,3.2162584903240203
44,522,478,0.478,3.2165414283275604
-24,488,512,0.512,3.216495659828186
28,514,486,0.486,3.211619211792946
18,509,491,0.491,3.216094106912613
-56,472,528,0.528,3.2160301251411436
8,504,496,0.496,3.2161138756275176
28,514,486,0.486,3.216459491968155
-46,477,523,0.523,3.215968156337738
18,509,491,0.491,3.214274961233139
-32,484,516,0.516,3.215339338541031
-70,465,535,0.535,3.2162075197696685
6,503,497,0.497,3.2162229635715485
-40,480,520,0.52,3.2138914831280707
-28,486,514,0.514,3.216026712656021
-36,482,518,0.518,3.2164268288612368
-34,483,517,0.517,3.213069138228893
-10,495,505,0.505,3.2160033028125765
-8,496,504,0.504,3.216161106586456
22,511,489,0.489,3.2124493119120596
-22,489,511,0.511,3.216537758588791
20,510,490,0.49,3.215071256518364
-4,498,502,0.502,3.215942762851715
-44,478,522,0.522,3.2165161530971527
-38,481,519,0.519,3.21364112919569
-22,489,511,0.511,3.2162180757522583
78,539,461,0.461,3.2147619651556014
2,501,499,0.499,3.215324872255325
-30,485,515,0.515,3.216315136909485
-68,466,534,0.534,3.214951009631157
12,506,494,0.494,3.216313630104065
-90,455,545,0.545,3.2164525628089904
-6,497,503,0.503,3.2109301938414574
-14,493,507,0.507,3.2160309472084045
-2,499,501,0.501,3.214213381767273
48,524,476,0.476,3.2164955985546113
24,512,488,0.488,3.215904079914093
-6,497,503,0.503,3.2155686638355254
-44,478,522,0.522,3.2143244931697845
-8,496,504,0.504,3.2163031964302062
-14,493,507,0.507,3.216480796813965
10,505,495,0.495,3.2122026308774947
-24,488,512,0.512,3.215568880558014
10,505,495,0.495,3.215519796848297
22,511,489,0.489,3.2052867601513864
-10,495,505,0.505,3.2156784219741823
24,512,488,0.488,3.2143061220645905
-4,498,502,0.502,3.2151208708286285
-34,483,517,0.517,3.2144738788604736
-42,479,521,0.521,3.212783801019192
-28,486,514,0.514,3.2161841173171997
40,520,480,0.48,3.216138379573822
-14,493,507,0.507,3.215555698633194
-38,481,519,0.519,3.2163183109760283
-60,470,530,0.53,3.21519172668457
-4,498,502,0.502,3.2163019993305206
-32,484,516,0.516,3.216353941679001
-22,489,511,0.511,3.216393441438675
44,522,478,0.478,3.212496073126793
72,536,464,0.464,3.2161252002716063
-70,465,535,0.535,3.2155370473861695
-16,492,508,0.508,3.213635878145695
36,518,482,0.482,3.2163205759525297
26,513,487,0.487,3.2129873311519623
-4,498,502,0.502,3.2136293584108353
0,500,500,0.5,3.212900276750326
-38,481,519,0.519,3.2158600993156434
36,518,482,0.482,3.2154298684597014
-4,498,502,0.502,3.215895059108734
-60,470,530,0.53,3.2121486013680696
-82,459,541,0.541,3.214608866930008
42,521,479,0.479,3.2161466233730316
-36,482,518,0.518,3.2157098033428193
-4,498,502,0.502,3.216109721660614
26,513,487,0.487,3.2142914810180665
-70,465,535,0.535,3.2159232881069184
-34,483,517,0.517,3.2148204298019407
14,507,493,0.493,3.2163572340011597
-24,488,512,0.512,3.215499205827713
2,501,499,0.499,3.2137993133068083
-24,488,512,0.512,3.21449685382843
-22,489,511,0.511,3.2155866072177886
-34,483,517,0.517,3.2156786301136018
-26,487,513,0.513,3.2158678557872773
-16,492,508,0.508,3.214755812883377
-46,477,523,0.523,3.2155982949733732
-4,498,502,0.502,3.2160985009670258
-10,495,505,0.505,3.215709453344345
-18,491,509,0.509,3.2150829310417177
2,501,499,0.499,3.2162374081611635
-12,494,506,0.506,3.2162500400543212
-14,493,507,0.507,3.216273572921753
14,507,493,0.493,3.2162355346679687
-12,494,506,0.506,3.2161042153835298
-52,474,526,0.526,3.2158227021694183
-28,486,514,0.514,3.212613582730293
-22,489,511,0.511,3.2161127259731295
18,509,491,0.491,3.216223330497742
24,512,488,0.488,3.2160771350860595
-64,468,532,0.532,3.2138783339262007
-12,494,506,0.506,3.2141395102739336
-22,489,511,0.511,3.2155100905895235
28,514,486,0.486,3.216021126508713
-38,481,519,0.519,3.2111792521476747
-46,477,523,0.523,3.214349620103836
0,500,500,0.5,3.214580338358879
-10,495,505,0.505,3.2161465876102446
28,514,486,0.486,3.215149507522583
-16,492,508,0.508,3.2130342470407487
-14,493,507,0.507,3.2153752765655517
0,500,500,0.5,3.2153620293140412
-6,497,503,0.503,3.21608983707428
20,510,490,0.49,3.216021695137024
0,500,500,0.5,3.216128186225891
-48,476,524,0.524,3.2160800342559814
-10,495,505,0.505,3.2161162943840025
26,513,487,0.487,3.2147197153568268
-8,496,504,0.504,3.215987340927124
6,503,497,0.497,3.213535098195076
56,528,472,0.472,3.21600577545166
34,517,483,0.483,3.215284267902374
40,520,480,0.48,3.21606929731369
6,503,497,0.497,3.2160990583896636
24,512,488,0.488,3.215668843984604
22,511,489,0.489,3.215989743232727
-12,494,506,0.506,3.214757561683655
-22,489,511,0.511,3.2159667301177977
-46,477,523,0.523,3.2158519518375397
16,508,492,0.492,3.2150357801914216
56,528,472,0.472,3.213100079357624
60,530,470,0.47,3.21333933031559
30,515,485,0.485,3.2159738380908967
34,517,483,0.483,3.2159317004680634
-52,474,526,0.526,3.2111326615661384
-44,478,522,0.522,3.2154300901889803
-2,499,501,0.501,3.215686350107193
-2,499,501,0.501,3.215782320737839
-46,477,523,0.523,3.2143901433944704
-38,481,519,0.519,3.2151490314006805
-50,475,525,0.525,3.215139077425003
-18,491,509,0.509,3.2154649040699006
60,530,470,0.47,3.2159961140155793
96,548,452,0.452,3.2156836123466492
20,510,490,0.49,3.215552122592926
10,505,495,0.495,3.2118938005212696
58,529,471,0.471,3.2114475408792496
-6,497,503,0.503,3.215909034729004
22,511,489,0.489,3.214364336013794
68,534,466,0.466,3.2156997559070586
8,504,496,0.496,3.2147851302623747
-14,493,507,0.507,3.2153013849258425
-34,483,517,0.517,3.2148274276256563
12,506,494,0.494,3.211069903075695
34,517,483,0.483,3.2157581713199614
-46,477,523,0.523,3.214506266832352
60,530,470,0.47,3.213349049806595
58,529,471,0.471,3.2157363827228544
38,519,481,0.481,3.2158589470386505
48,524,476,0.476,3.2154451744556427
30,515,485,0.485,3.2066338895787485
2,501,499,0.499,3.2106590128540993
36,518,482,0.482,3.215736895799637
-18,491,509,0.509,3.2157859330177305
-42,479,521,0.521,3.2132150709629057
-32,484,516,0.516,3.213587043762207
34,517,483,0.483,3.2154549269676207
-36,482,518,0.518,3.2132395597696304
-18,491,509,0.509,3.212027949333191
-8,496,504,0.504,3.2123932088508407
-2,499,501,0.501,3.2151338410377504
-8,496,504,0.504,3.214173598051071
6,503,497,0.497,3.2153083143234253
-48,476,524,0.524,3.2154843397140502
-20,490,510,0.51,3.2144944186210633
-56,472,528,0.528,3.2155424659252168
-22,489,511,0.511,3.2146707203388214
-52,474,526,0.526,3.213549132347107
4,502,498,0.498,3.215501751422882
-12,494,506,0.506,3.2157101135253905
8,504,496,0.496,3.2103089385591446
-32,484,516,0.516,3.2156788125038145
-72,464,536,0.536,3.215629348993301
-18,491,509,0.509,3.215290177345276
-2,499,501,0.501,3.2151370882987975
-4,498,502,0.502,3.2153964223861693
24,512,488,0.488,3.2152146601676943
-24,488,512,0.512,3.215404803276062
-30,485,515,0.515,3.2154282433986663
6,503,497,0.497,3.215507973909378
-46,477,523,0.523,3.214026826381683
16,508,492,0.492,3.215587540626526
-34,483,517,0.517,3.2153190569877625
68,534,466,0.466,3.2134702545404434
2,501,499,0.499,3.2122626477479934
-44,478,522,0.522,3.2142556216716764
-12,494,506,0.506,3.2111085630506278
-48,476,524,0.524,3.2155073540210726
-10,495,505,0.505,3.215373581647873
12,506,494,0.494,3.2154768838882446
-32,484,516,0.516,3.215529764175415
10,505,495,0.495,3.201526845689368
6,503,497,0.497,3.2152267236709595
-14,493,507,0.507,3.213806181669235
24,512,488,0.488,3.2154814670085905
8,504,496,0.496,3.2153218512535093
-4,498,502,0.502,3.2147069721221926
-38,481,519,0.519,3.2150507910251616
-42,479,521,0.521,3.2123801015615463
42,521,479,0.479,3.21534490609169
2,501,499,0.499,3.2154443747997283
26,513,487,0.487,3.21465731048584
56,528,472,0.472,3.215382936000824
12,506,494,0.494,3.2149445061683655
6,503,497,0.497,3.210741246968508
4,502,498,0.498,3.213640659213066
-28,486,514,0.514,3.2100618751980363
16,508,492,0.492,3.214462489128113
-24,488,512,0.512,3.2151723120212554
-4,498,502,0.502,3.2152153923511504
-14,493,507,0.507,3.212420059770346
18,509,491,0.491,3.2152466876506804
-38,481,519,0.519,3.2137773406505583
-48,476,524,0.524,3.212339635550976
2,501,499,0.499,3.2146559822559357
-22,489,511,0.511,3.215308443546295
36,518,482,0.482,3.214577093601227
-16,492,508,0.508,3.2138802728652953
8,504,496,0.496,3.2127985514998434
32,516,484,0.484,3.2141093051433565
20,510,490,0.49,3.2126902374625206
0,500,500,0.5,3.215257301568985
18,509,491,0.491,3.2150822966098787
-24,488,512,0.512,3.2125152362585068
86,543,457,0.457,3.214236659526825
2,501,499,0.499,3.2152109785079954
-38,481,519,0.519,3.2149296379089356
16,508,492,0.492,3.214627639055252
-38,481,519,0.519,3.215154223203659
8,504,496,0.496,3.2108363258838652
-30,485,515,0.515,3.214943599700928
26,513,487,0.487,3.215127226114273
4,502,498,0.498,3.2128051780462266
-18,491,509,0.509,3.2147838432788847
-50,475,525,0.525,3.214882594585419
-4,498,502,0.502,3.211402622357011
22,511,489,0.489,3.212094512820244
12,506,494,0.494,3.214760936498642
38,519,481,0.481,3.2142325336933135
20,510,490,0.49,3.2149789168834686
-32,484,516,0.516,3.2118402120471
-4,498,502,0.502,3.213869517326355
50,525,475,0.475,3.215069042444229
-26,487,513,0.513,3.2148134038448335
-32,484,516,0.516,3.2148755390644075
-4,498,502,0.502,3.2115341913700104
6,503,497,0.497,3.2084489641189573
34,517,483,0.483,3.2148473472595214
6,503,497,0.497,3.2149732320308684
-4,498,502,0.502,3.2123512630462647
26,513,487,0.487,3.212445551633835
6,503,497,0.497,3.2134840409755707
-44,478,522,0.522,3.2148431956768038
22,511,489,0.489,3.214735356092453
14,507,493,0.493,3.2132121106386187
14,507,493,0.493,3.214864227294922
0,500,500,0.5,3.214854525566101
32,516,484,0.484,3.2105728464126586
6,503,497,0.497,3.212565639913082
6,503,497,0.497,3.214173224925995
38,519,481,0.481,3.210678578943014
2,501,499,0.499,3.2107914987802504
40,520,480,0.48,3.211889310956001
80,540,460,0.46,3.2145390768051145
-18,491,509,0.509,3.211678957730532
4,502,498,0.498,3.2145334758758546
-4,498,502,0.502,3.2119563113451006
6,503,497,0.497,3.214699938297272
-10,495,505,0.505,3.214766888618469
-16,492,508,0.508,3.214321223974228
48,524,476,0.476,3.2132938833236695
22,511,489,0.489,3.2143441004753113
-16,492,508,0.508,3.2099780797958375
-10,495,505,0.505,3.211435671761632
78,539,461,0.461,3.2112132915041873
-38,481,519,0.519,3.2121014810800554
-22,489,511,0.511,3.2124716000556948
-34,483,517,0.517,3.214265111207962
4,502,498,0.498,3.2084840720891954
46,523,477,0.477,3.214465265750885
2,501,499,0.499,3.2122210567593577
-36,482,518,0.518,3.212167427122593
-76,462,538,0.538,3.2140806283950805
48,524,476,0.476,3.2134184367656706
-20,490,510,0.51,3.2144230110645293
-40,480,520,0.52,3.214459534883499
-10,495,505,0.505,3.2140964596271515
-46,477,523,0.523,3.211552895784378
50,525,475,0.475,3.2143063440322877
14,507,493,0.493,3.2105617779791356
0,500,500,0.5,3.213969069957733
-24,488,512,0.512,3.213638001680374
54,527,473,0.473,3.212527869462967
-30,485,515,0.515,3.209944154858589
10,505,495,0.495,3.2115862017869947
12,506,494,0.494,3.214208806037903
-44,478,522,0.522,3.2139300100803374
30,515,485,0.485,3.213811455965042
-24,488,512,0.512,3.2138605880737305
20,510,490,0.49,3.2134124972820284
90,545,455,0.455,3.211649978995323
58,529,471,0.471,3.214239500284195
28,514,486,0.486,3.214429291009903
-30,485,515,0.515,3.2129137539863586
2,501,499,0.499,3.2078123888685366
42,521,479,0.479,3.211519001752138
-26,487,513,0.513,3.2110665553295985
-20,490,510,0.51,3.2116288382411002
22,511,489,0.489,3.2140524146556855
-24,488,512,0.512,3.21421923828125
-46,477,523,0.523,3.2104711036682128
20,510,490,0.49,3.2133327293395997
-6,497,503,0.503,3.214077769756317
14,507,493,0.493,3.213966320514679
24,512,488,0.488,3.214146585702896
8,504,496,0.496,3.2110482033494527
28,514,486,0.486,3.211575471639633
8,504,496,0.496,3.2128229064941407
116,558,442,0.442,3.2142513272762296
-10,495,505,0.505,3.2113122923374178
-30,485,515,0.515,3.210785661643407
26,513,487,0.487,3.2140590205192567
-4,498,502,0.502,3.2140863168239595
-12,494,506,0.506,3.212516801714897
20,510,490,0.49,3.2133042311668394
2,501,499,0.499,3.2124646689891816
6,503,497,0.497,3.211523794054985
58,529,471,0.471,3.21402432012558
-48,476,524,0.524,3.2121892590522765
-12,494,506,0.506,3.214023326396942
44,522,478,0.478,3.2124996521472933
34,517,483,0.483,3.213798002719879
24,512,488,0.488,3.213616552591324
-34,483,517,0.517,3.211442048072815
16,508,492,0.492,3.2087675582505373
-16,492,508,0.508,3.2127736670970917
46,523,477,0.477,3.2130103285312654
40,520,480,0.48,3.213090709924698
34,517,483,0.483,3.210449003338814
-14,493,507,0.507,3.2133033390045167
52,526,474,0.474,3.2130731287002563
-8,496,504,0.504,3.2124236807823183
-6,497,503,0.503,3.212628346204758
10,505,495,0.495,3.2135769431591035
-28,486,514,0.514,3.209278346478939
26,513,487,0.487,3.21265961933136
24,512,488,0.488,3.212007278084755
18,509,491,0.491,3.213272307872772
14,507,493,0.493,3.21305637717247
44,522,478,0.478,3.2135197155475614
4,502,498,0.498,3.210430926680565
38,519,481,0.481,3.213463549852371
82,541,459,0.459,3.212760773420334
60,530,470,0.47,3.2133383722305298
-12,494,506,0.506,3.213537353515625
48,524,476,0.476,3.212327863454819
-6,497,503,0.503,3.2134815628528597
22,511,489,0.489,3.2135581521987917
30,515,485,0.485,3.213212242126465
44,522,478,0.478,3.2123555047512053
-26,487,513,0.513,3.213405117511749
30,515,485,0.485,3.213436820745468
20,510,490,0.49,3.2129225454330443
22,511,489,0.489,3.212949759244919
-36,482,518,0.518,3.213105078935623
-18,491,509,0.509,3.213172192335129
26,513,487,0.487,3.2123253307342527
16,508,492,0.492,3.2125193467140196
0,500,500,0.5,3.212379949808121
-14,493,507,0.507,3.201909278210718
-10,495,505,0.505,3.2083994550611825
-4,498,502,0.502,3.213217049598694
-2,499,501,0.501,3.2043071424756198
-114,443,557,0.557,3.209830992385745
-26,487,513,0.513,3.204156211666763
44,522,478,0.478,3.212851611852646
-10,495,505,0.505,3.209859906796366
70,535,465,0.465,3.21284562253952
-60,470,530,0.53,3.21248508644104
-70,465,535,0.535,3.210951890707016
-30,485,515,0.515,3.211985030412674
-4,498,502,0.502,3.2125833160877226
-28,486,514,0.514,3.21201034116745
62,531,469,0.469,3.212618745803833
-22,489,511,0.511,3.2078503714874387
56,528,472,0.472,3.204711782172322
2,501,499,0.499,3.211891001701355
-14,493,507,0.507,3.2102724061012267
38,519,481,0.481,3.212216495990753
-4,498,502,0.502,3.212764687299728
-12,494,506,0.506,3.208469352315529
0,500,500,0.5,3.212768671512604
-28,486,514,0.514,3.2091987475939097
26,513,487,0.487,3.2124979045391084
46,523,477,0.477,3.2112715108394623
-22,489,511,0.511,3.2120631420612336
26,513,487,0.487,3.2125859744548797
8,504,496,0.496,3.2104673008918763
-14,493,507,0.507,3.208567555359332
18,509,491,0.491,3.211921552658081
12,506,494,0.494,3.207903199747205
12,506,494,0.494,3.2104769089221956
-18,491,509,0.509,3.208844383478165
34,517,483,0.483,3.2089499351137376
42,521,479,0.479,3.212317364215851
36,518,482,0.482,3.211494091272354
64,532,468,0.468,3.2118231647014617
42,521,479,0.479,3.210954177379608
12,506,494,0.494,3.2098013284206393
-38,481,519,0.519,3.2118773221969605
72,536,464,0.464,3.2111392607688902
18,509,491,0.491,3.2123629794120787
32,516,484,0.484,3.212436061143875
10,505,495,0.495,3.210510830283165
-22,489,511,0.511,3.2123170580863953
8,504,496,0.496,3.212332587003708
38,519,481,0.481,3.2123697259426116
78,539,461,0.461,3.210909735441208
42,521,479,0.479,3.2088490656614304
50,525,475,0.475,3.211582149744034
-4,498,502,0.502,3.211322811603546
34,517,483,0.483,3.211948070764542
42,521,479,0.479,3.210821568250656
-2,499,501,0.501,3.206773310750723
34,517,483,0.483,3.20877473359555
40,520,480,0.48,3.2111218955516816
28,514,486,0.486,3.21194030380249
62,531,469,0.469,3.210711761713028
90,545,455,0.455,3.2115520470142362
0,500,500,0.5,3.2078629048243164
52,526,474,0.474,3.2117875134944915
100,550,450,0.45,3.209723867058754
-2,499,501,0.501,3.21139457988739
50,525,475,0.475,3.207980636498309
42,521,479,0.479,3.2099216225147247
-42,479,521,0.521,3.21012036716938
16,508,492,0.492,3.2103926436901093
48,524,476,0.476,3.211675527572632
74,537,463,0.463,3.2113455271720888
-10,495,505,0.505,3.2104845745563506
6,503,497,0.497,3.210375279903412
42,521,479,0.479,3.2114307312965393
12,506,494,0.494,3.2087004215717316
44,522,478,0.478,3.2094300030469896
50,525,475,0.475,3.2084489180743696
50,525,475,0.475,3.211150421142578
26,513,487,0.487,3.2112379386425016
0,500,500,0.5,3.207118335008621
-6,497,503,0.503,3.211143667459488
66,533,467,0.467,3.2111525423526763
-22,489,511,0.511,3.2111353585720064
12,506,494,0.494,3.2101858193874357
10,505,495,0.495,3.2110867500305176
38,519,481,0.481,3.204747297788039
18,509,491,0.491,3.210672359228134
22,511,489,0.489,3.211087757587433
12,506,494,0.494,3.2111247539520265
42,521,479,0.479,3.2101370742321014
36,518,482,0.482,3.211102539539337
62,531,469,0.469,3.2104498941898347
50,525,475,0.475,3.21072238445282
-2,499,501,0.501,3.2082285009622575
-4,498,502,0.502,3.20327052206199
32,516,484,0.484,3.2102564852237703
54,527,473,0.473,3.210617089986801
44,522,478,0.478,3.207086318165064
34,517,483,0.483,3.208726884841919
62,531,469,0.469,3.2079616320729256
36,518,482,0.482,3.2106172373294832
12,506,494,0.494,3.2105818552970886
64,532,468,0.468,3.210350144147873
28,514,486,0.486,3.210398156404495
26,513,487,0.487,3.2098238604068756
18,509,491,0.491,3.205523315668106
-12,494,506,0.506,3.2074172114133837
68,534,466,0.466,3.2081572595834733
-34,483,517,0.517,3.2062904859781267
32,516,484,0.484,3.208764497280121
8,504,496,0.496,3.2074373092651367
32,516,484,0.484,3.209003348827362
-2,499,501,0.501,3.2090663793087004
82,541,459,0.459,3.206734682932496
-2,499,501,0.501,3.2098474338054657
50,525,475,0.475,3.2088384172916413
20,510,490,0.49,3.202844090640545
22,511,489,0.489,3.209703163385391
4,502,498,0.498,3.209895660877228
62,531,469,0.469,3.208575620174408
-66,467,533,0.533,3.20634407735616
48,524,476,0.476,3.2092804930210113
28,514,486,0.486,3.2090074853897095
20,510,490,0.49,3.2098051478862764
46,523,477,0.477,3.2098342027664186
2,501,499,0.499,3.2082020161151887
12,506,494,0.494,3.2096731491088866
68,534,466,0.466,3.2086809017658235
70,535,465,0.465,3.2080155367851257
18,509,491,0.491,3.2086566705703734
60,530,470,0.47,3.209284695148468
-10,495,505,0.505,3.206237476408482
52,526,474,0.474,3.2085458414554595
28,514,486,0.486,3.2088856463432314
38,519,481,0.481,3.207097051501274
0,500,500,0.5,3.208531653881073
48,524,476,0.476,3.2090561711788177
-32,484,516,0.516,3.202595055833459
80,540,460,0.46,3.20280731934309
2,501,499,0.499,3.205128001332283
70,535,465,0.465,3.2088149540424347
6,503,497,0.497,3.2080561320781706
46,523,477,0.477,3.20774606013298
44,522,478,0.478,3.202657543152571
54,527,473,0.473,3.208751048088074
-30,485,515,0.515,3.2084855704307556
30,515,485,0.485,3.2083801558017733
-20,490,510,0.51,3.208438772916794
6,503,497,0.497,3.208225555896759
-6,497,503,0.503,3.205703839302063
8,504,496,0.496,3.2087070968151092
70,535,465,0.465,3.2056207510828973
42,521,479,0.479,3.208277218103409
46,523,477,0.477,3.2014258320331574
40,520,480,0.48,3.206895086526871
64,532,468,0.468,3.203619970889995
50,525,475,0.475,3.2070960605144503
8,504,496,0.496,3.2080529499053956
52,526,474,0.474,3.2059658344984054
14,507,493,0.493,3.2071700274944304
12,506,494,0.494,3.203319754560711
70,535,465,0.465,3.2080524287223815
54,527,473,0.473,3.2077870922088625
54,527,473,0.473,3.207345283508301
10,505,495,0.495,3.2075086810588838
0,500,500,0.5,3.2051754566431048
-24,488,512,0.512,3.2078357644081117
98,549,451,0.451,3.2070783305168153
70,535,465,0.465,3.2067748069763184
24,512,488,0.488,3.205528204202652
46,523,477,0.477,3.2024239963069556
24,512,488,0.488,3.2072407863140104
2,501,499,0.499,3.207235447883606
-8,496,504,0.504,3.2065728697776796
-14,493,507,0.507,3.2072514321804046
68,534,466,0.466,3.207079581260681
46,523,477,0.477,3.2059989018440245
54,527,473,0.473,3.2071480209827423
12,506,494,0.494,3.203195165157318
-12,494,506,0.506,3.2069959394931793
-2,499,501,0.501,3.203833498775959
64,532,468,0.468,3.206905635356903
-24,488,512,0.512,3.2069936587810517
18,509,491,0.491,3.2073446023464203
22,511,489,0.489,3.2028087040157986
16,508,492,0.492,3.2066753544807436
50,525,475,0.475,3.20684512090683
-4,498,502,0.502,3.199197287656367
32,516,484,0.484,3.200277238577604
96,548,452,0.452,3.206492672920227
50,525,475,0.475,3.206399870634079
50,525,475,0.475,3.205607553482056
84,542,458,0.458,3.2037821369171144
-58,471,529,0.529,3.2059373779296876
46,523,477,0.477,3.197000066041946
-42,479,521,0.521,3.2045584399700164
82,541,459,0.459,3.205784145832062
42,521,479,0.479,3.2024637174606325
74,537,463,0.463,3.2059429636001586
-2,499,501,0.501,3.2008822975754736
76,538,462,0.462,3.2052267835140227
74,537,463,0.463,3.20410547709465
36,518,482,0.482,3.2050626745224
66,533,467,0.467,3.202068441096693
64,532,468,0.468,3.205445165872574
42,521,479,0.479,3.203278953552246
32,516,484,0.484,3.205555831670761
38,519,481,0.481,3.205412682533264
56,528,472,0.472,3.2054345943927767
100,550,450,0.45,3.2053618876934054
10,505,495,0.495,3.2005673705637454
92,546,454,0.454,3.2036997373104095
12,506,494,0.494,3.2049664525985717
16,508,492,0.492,3.2052848370075226
26,513,487,0.487,3.2034116892814635
12,506,494,0.494,3.2006327774524688
12,506,494,0.494,3.2026359658241272
20,510,490,0.49,3.200434027194977
-2,499,501,0.501,3.204320159435272
-14,493,507,0.507,3.2036972126960754
120,560,440,0.44,3.201507087826729
32,516,484,0.484,3.2043112940788268
-14,493,507,0.507,3.2000553082227707
6,503,497,0.497,3.203858024120331
36,518,482,0.482,3.2008501416742803
38,519,481,0.481,3.201319435119629
12,506,494,0.494,3.203034623861313
132,566,434,0.434,3.200505725622177
56,528,472,0.472,3.1989251369852862
16,508,492,0.492,3.201672610282898
42,521,479,0.479,3.2018525733947754
8,504,496,0.496,3.203439317941666
24,512,488,0.488,3.2029007806777954
34,517,483,0.483,3.199833183389157
62,531,469,0.469,3.202250606298447
78,539,461,0.461,3.2027929060459135
84,542,458,0.458,3.200284569621086
24,512,488,0.488,3.2026571304798126
78,539,461,0.461,3.2025060679912567
22,511,489,0.489,3.197551549077034
48,524,476,0.476,3.200819286584854
-6,497,503,0.503,3.1982785325896255
102,551,449,0.449,3.1979427353143692
60,530,470,0.47,3.2019311406612396
60,530,470,0.47,3.2009606165885924
72,536,464,0.464,3.201801173210144
48,524,476,0.476,3.2018607795238494
80,540,460,0.46,3.2016816380023956
16,508,492,0.492,3.194784399867058
78,539,461,0.461,3.2016013836860657
78,539,461,0.461,3.1967032515257596
66,533,467,0.467,3.1974375159740447
72,536,464,0.464,3.2010580477714536
12,506,494,0.494,3.201217789888382
38,519,481,0.481,3.2013927032947542
84,542,458,0.458,3.1983783036470412
44,522,478,0.478,3.1979949345588685
38,519,481,0.481,3.197205038905144
26,513,487,0.487,3.200300927877426
8,504,496,0.496,3.1983835940361023
90,545,455,0.455,3.1994829692840576
40,520,480,0.48,3.1987724478244783
106,553,447,0.447,3.1981493546962736
78,539,461,0.461,3.199807151079178
78,539,461,0.461,3.1991129417419435
96,548,452,0.452,3.19612970495224
82,541,459,0.459,3.19759082531929
32,516,484,0.484,3.2007543935775757
40,520,480,0.48,3.1957475408315656
74,537,463,0.463,3.1992510082721712
62,531,469,0.469,3.1993896491527556
94,547,453,0.453,3.1976578884124756
48,524,476,0.476,3.198972404241562
16,508,492,0.492,3.1962781481742857
72,536,464,0.464,3.1993463287353516
-4,498,502,0.502,3.1988695876598356
8,504,496,0.496,3.198379671573639
138,569,431,0.431,3.196562135219574
-8,496,504,0.504,3.195845186330378
150,575,425,0.425,3.1981648066043853
102,551,449,0.449,3.1970896937847137
96,548,452,0.452,3.1953368411660192
110,555,445,0.445,3.198492422580719
38,519,481,0.481,3.1976236572265626
36,518,482,0.482,3.198178640604019
62,531,469,0.469,3.1946249890551552
122,561,439,0.439,3.196070151805878
144,572,428,0.428,3.1937497622072697
38,519,481,0.481,3.197441038608551
58,529,471,0.471,3.197957581281662
108,554,446,0.446,3.1972696769237516
38,519,481,0.481,3.197115748643875
54,527,473,0.473,3.197540358543396
28,514,486,0.486,3.197463007688522
62,531,469,0.469,3.196822542667389
86,543,457,0.457,3.1859165691575035
48,524,476,0.476,3.1956483681201933
106,553,447,0.447,3.1945031158924104
50,525,475,0.475,3.1943273973464965
84,542,458,0.458,3.1918985303640364
68,534,466,0.466,3.1918864387124777
52,526,474,0.474,3.195275764465332
62,531,469,0.469,3.192717774644494
84,542,458,0.458,3.196751547574997
12,506,494,0.494,3.193563153862953
84,542,458,0.458,3.193838470697403
32,516,484,0.484,3.19254692196846
94,547,453,0.453,3.1949001610279084
54,527,473,0.473,3.18800647521019
86,543,457,0.457,3.1936038489341736
72,536,464,0.464,3.1947624287605287
60,530,470,0.47,3.1932869992256165
72,536,464,0.464,3.1918589383363725
90,545,455,0.455,3.1797995943985877
72,536,464,0.464,3.1871965553588817
54,527,473,0.473,3.1919043830633163
12,506,494,0.494,3.181697270007406
16,508,492,0.492,3.1934697918891906
64,532,468,0.468,3.190964565515518
24,512,488,0.488,3.1852640340334823
26,513,487,0.487,3.190526325941086
50,525,475,0.475,3.192877462387085
100,550,450,0.45,3.1896661648750304
108,554,446,0.446,3.190679250240326
108,554,446,0.446,3.18894177377224
80,540,460,0.46,3.191629643201828
52,526,474,0.474,3.188822244425421
88,544,456,0.456,3.1922153100967408
62,531,469,0.469,3.187135091281846
128,564,436,0.436,3.191214096069336
52,526,474,0.474,3.1912387487888334
16,508,492,0.492,3.187804070353508
38,519,481,0.481,3.188714643359184
44,522,478,0.478,3.189651652812958
16,508,492,0.492,3.189563860654831
72,536,464,0.464,3.1879437004327893
70,535,465,0.465,3.1848423727136104
116,558,442,0.442,3.18640624538064
86,543,457,0.457,3.1879496188163756
102,551,449,0.449,3.1823238303512333
22,511,489,0.489,3.1874993143081665
32,516,484,0.484,3.186179897552422
52,526,474,0.474,3.1902703857421875
126,563,437,0.437,3.1884151244163514
56,528,472,0.472,3.1885730912685393
110,555,445,0.445,3.179615220665932
100,550,450,0.45,3.187592087984085
40,520,480,0.48,3.1868975312709806
118,559,441,0.441,3.1860228548049925
86,543,457,0.457,3.1866710782051086
62,531,469,0.469,3.185915217459202
106,553,447,0.447,3.183991913318634
84,542,458,0.458,3.1857622673511505
82,541,459,0.459,3.170148793398526
74,537,463,0.463,3.1851960997581483
44,522,478,0.478,3.185908131122589
78,539,461,0.461,3.1844566888809203
52,526,474,0.474,3.1782224570140243
104,552,448,0.448,3.1815319079728797
90,545,455,0.455,3.1783125637620686
62,531,469,0.469,3.185122926235199
46,523,477,0.477,3.1765758887761333
122,561,439,0.439,3.1793783071897925
32,516,484,0.484,3.179527287423611
24,512,488,0.488,3.1847864513397215
68,534,466,0.466,3.1840698699951173
102,551,449,0.449,3.1835528345108033
118,559,441,0.441,3.183862392902374
54,527,473,0.473,3.176624125659466
12,506,494,0.494,3.1770016990657894
72,536,464,0.464,3.180049278038321
80,540,460,0.46,3.174232019908726
56,528,472,0.472,3.17863474547863
82,541,459,0.459,3.1793530424833296
42,521,479,0.479,3.1790828495025636
78,539,461,0.461,3.1819030210971833
68,534,466,0.466,3.1806463191509247
54,527,473,0.473,3.1791735227108
102,551,449,0.449,3.1825855007171633
88,544,456,0.456,3.1752900061812253
106,553,447,0.447,3.178376527070999
98,549,451,0.451,3.179952559232712
146,573,427,0.427,3.179891221046448
96,548,452,0.452,3.174536630988121
108,554,446,0.446,3.1775044782161714
40,520,480,0.48,3.1745042492612265
100,550,450,0.45,3.1768533275127413
70,535,465,0.465,3.178442985057831
44,522,478,0.478,3.175849916219711
80,540,460,0.46,3.1724594292640687
116,558,442,0.442,3.176855005979538
82,541,459,0.459,3.174267333507538
156,578,422,0.422,3.172077481150627
62,531,469,0.469,3.1747633936405184
40,520,480,0.48,3.1721183768512344
44,522,478,0.478,3.1754692921638488
80,540,460,0.46,3.173649172067642
62,531,469,0.469,3.1753120541572573
78,539,461,0.461,3.1735412924289705
104,552,448,0.448,3.1716314737796782
132,566,434,0.434,3.171355137348175
110,555,445,0.445,3.1724770936965943
102,551,449,0.449,3.173287922859192
166,583,417,0.417,3.170006219148636
106,553,447,0.447,3.170715839147568
36,518,482,0.482,3.16755823693797
2,501,499,0.499,3.169187699317932
34,517,483,0.483,3.172680765390396
64,532,468,0.468,3.1646413375735283
70,535,465,0.465,3.1689638428688047
62,531,469,0.469,3.166921418255013
74,537,463,0.463,3.1692176856994627
94,547,453,0.453,3.1669994616508483
106,553,447,0.447,3.1634932959079745
54,527,473,0.473,3.1576949030160906
66,533,467,0.467,3.166732139917604
84,542,458,0.458,3.1686816318035125
106,553,447,0.447,3.1654275322859173
52,526,474,0.474,3.168138433933258
20,510,490,0.49,3.1612322370111943
160,580,420,0.42,3.159572667448001
134,567,433,0.433,3.1612440607994796
104,552,448,0.448,3.1647878909111022
150,575,425,0.425,3.1570705069601535
70,535,465,0.465,3.1623800513744356
114,557,443,0.443,3.161687606504478
50,525,475,0.475,3.1645207648277283
122,561,439,0.439,3.1597460037469864
128,564,436,0.436,3.157510290712118
108,554,446,0.446,3.1579792971611025
72,536,464,0.464,3.1621599361896515
128,564,436,0.436,3.1590062359571456
124,562,438,0.438,3.159047276735306
50,525,475,0.475,3.159267418026924
92,546,454,0.454,3.1606232013702393
152,576,424,0.424,3.152290077418089
98,549,451,0.451,3.1578334875106813
82,541,459,0.459,3.1594816536903383
112,556,444,0.444,3.1576621339321136
152,576,424,0.424,3.152781607210636
124,562,438,0.438,3.154535125057795
94,547,453,0.453,3.1591727287769316
96,548,452,0.452,3.150639360184781
58,529,471,0.471,3.1565592460632326
146,573,427,0.427,3.1577035238742828
100,550,450,0.45,3.146796178519726
70,535,465,0.465,3.1563401242494584
104,552,448,0.448,3.154533795118332
144,572,428,0.428,3.153585128068924
42,521,479,0.479,3.153991848945618
170,585,415,0.415,3.1424877713620663
172,586,414,0.414,3.1460466811153163
148,574,426,0.426,3.1477079058885575
158,579,421,0.421,3.1415432034861297
132,566,434,0.434,3.146962411403656
54,527,473,0.473,3.146609274148941
76,538,462,0.462,3.1519101819992064
124,562,438,0.438,3.1465568611621855
112,556,444,0.444,3.141308216242473
134,567,433,0.433,3.1444398293495177
162,581,419,0.419,3.1451083478927613
76,538,462,0.462,3.1489397213459016
104,552,448,0.448,3.144057727217674
104,552,448,0.448,3.133698800727725
156,578,422,0.422,3.142217754602432
110,555,445,0.445,3.142412248849869
112,556,444,0.444,3.1374343852914754
142,571,429,0.429,3.139071811914444
114,557,443,0.443,3.1404254496097566
138,569,431,0.431,3.1326955536007883
126,563,437,0.437,3.1363583817481993
176,588,412,0.412,3.126650530928746
128,564,436,0.436,3.1351203127590126
138,569,431,0.431,3.134982301950455
162,581,419,0.419,3.1308980828833812
76,538,462,0.462,3.1330842064619064
188,594,406,0.406,3.1297116458415983
128,564,436,0.436,3.1258005752712488
90,545,455,0.455,3.128902413726144
182,591,409,0.409,3.1246107956171034
228,614,386,0.386,3.1264633330106735
158,579,421,0.421,3.126037814736366
108,554,446,0.446,3.1316713285446167
118,559,441,0.441,3.126275755763054
136,568,432,0.432,3.1301064088344575
176,588,412,0.412,3.117214292049408
142,571,429,0.429,3.1187096881121397
136,568,432,0.432,3.119685769280419
128,564,436,0.436,3.1224048502445223
158,579,421,0.421,3.1160868112444877
88,544,456,0.456,3.120318169236183
134,567,433,0.433,3.1169104688167573
154,577,423,0.423,3.123997851371765
134,567,433,0.433,3.1183659675121307
116,558,442,0.442,3.116305883407593
130,565,435,0.435,3.113276221752167
100,550,450,0.45,3.110674067854881
190,595,405,0.405,3.1096265801042318
136,568,432,0.432,3.115323659658432
138,569,431,0.431,3.107345403826471
250,625,375,0.375,3.108292466521263
168,584,416,0.416,3.1093680382370947
188,594,406,0.406,3.1087743767499925
116,558,442,0.442,3.107526253397111
108,554,446,0.446,3.116250590085983
142,571,429,0.429,3.1080353674888612
110,555,445,0.445,3.1084145777225496
184,592,408,0.408,3.1062371222376823
82,541,459,0.459,3.1030139794126153
148,574,426,0.426,3.1058808157444
140,570,430,0.43,3.1049284710884093
110,555,445,0.445,3.0979111780524256
142,571,429,0.429,3.0989931775331496
124,562,438,0.438,3.1042708802223205
216,608,392,0.392,3.091089521050453
136,568,432,0.432,3.0941254262127913
182,591,409,0.409,3.087369016409801
142,571,429,0.429,3.09039199316502
194,597,403,0.403,3.0882324335575104
178,589,411,0.411,3.086911145567894
208,604,396,0.396,3.089238126516342
162,581,419,0.419,3.0734887522682546
166,583,417,0.417,3.086147728427313
170,585,415,0.415,3.0806082180589436
158,579,421,0.421,3.083871950149536
266,633,367,0.367,3.072664634346962
208,604,396,0.396,3.081148827791214
158,579,421,0.421,3.083128210067749
204,602,398,0.398,3.0812486529350283
208,604,396,0.396,3.065742215156555
142,571,429,0.429,3.0620703640112157
218,609,391,0.391,3.064336150109768
198,599,401,0.401,3.068646724767983
142,571,429,0.429,3.075003865042701
176,588,412,0.412,3.069231049478054
144,572,428,0.428,3.0615732367634774
174,587,413,0.413,3.0611746096611023
218,609,391,0.391,3.0667281768415124
164,582,418,0.418,3.063416204571724
194,597,403,0.403,3.0668954091072083
188,594,406,0.406,3.052618734538555
156,578,422,0.422,3.0396281320005656
210,605,395,0.395,3.0575230634212494
234,617,383,0.383,3.0467951028347016
216,608,392,0.392,3.0483679602146148
190,595,405,0.405,3.0512425126433373
238,619,381,0.381,3.023712633980208
172,586,414,0.414,3.043126959323883
194,597,403,0.403,3.037956689275801
200,600,400,0.4,3.039075704463292
218,609,391,0.391,3.03562895321846
274,637,363,0.363,3.0307380083799362
176,588,412,0.412,3.0306005599213486
186,593,407,0.407,3.0289967105053366
216,608,392,0.392,3.030776918888092
186,593,407,0.407,3.0250735626716923
224,612,388,0.388,3.010020588576794
242,621,379,0.379,3.0202164448201656
166,583,417,0.417,3.018108190261293
210,605,395,0.395,3.0219905227422714
254,627,373,0.373,3.011678542494774
158,579,421,0.421,3.018390568312801
256,628,372,0.372,3.0108752522468567
222,611,389,0.389,3.0001702270656825
200,600,400,0.4,3.0151868832111357
214,607,393,0.393,3.011320867538452
258,629,371,0.371,2.9977999995946885
234,617,383,0.383,3.0047254807949066
236,618,382,0.382,3.0022501644370494
264,632,368,0.368,2.98932499474287
198,599,401,0.401,2.9931665281653403
236,618,382,0.382,2.981343517422676
284,642,358,0.358,2.976542585849762
256,628,372,0.372,2.9638603333234785
274,637,363,0.363,2.9849178392738103
220,610,390,0.39,2.9812576028304028
196,598,402,0.402,2.971150005409152
280,640,360,0.36,2.9765124456882477
206,603,397,0.397,2.964796609520912
230,615,385,0.385,2.9597208859324455
208,604,396,0.396,2.9887048820876516
220,610,390,0.39,2.971312261634847
200,600,400,0.4,2.9511588894128797
260,630,370,0.37,2.9486548850536347
284,642,358,0.358,2.9404579623937606
240,620,380,0.38,2.938801027908921
270,635,365,0.365,2.938932472705841
286,643,357,0.357,2.931776371717453
306,653,347,0.347,2.9354771983623507
288,644,356,0.356,2.924550440788269
298,649,351,0.351,2.9171645901203154
272,636,364,0.364,2.9305666007995606
266,633,367,0.367,2.915252852745354
236,618,382,0.382,2.925985138773918
252,626,374,0.374,2.9224247815608977
288,644,356,0.356,2.91314022898674
278,639,361,0.361,2.9155784228891135
266,633,367,0.367,2.899993241518736
346,673,327,0.327,2.8865419178009035
296,648,352,0.352,2.8964310695632594
280,640,360,0.36,2.8731313679089148
232,616,384,0.384,2.8842069295458495
350,675,325,0.325,2.872729919910431
302,651,349,0.349,2.8718829596042634
234,617,383,0.383,2.8641781481508097
268,634,366,0.366,2.8660307125151157
322,661,339,0.339,2.8555799469947813
312,656,344,0.344,2.8583743309825658
316,658,342,0.342,2.835407341003418
342,671,329,0.329,2.853401806384325
312,656,344,0.344,2.8271202102601527
296,648,352,0.352,2.83693610227108
326,663,337,0.337,2.832589947104454
364,682,318,0.318,2.819467750906944
260,630,370,0.37,2.821761457324028
374,687,313,0.313,2.809734644532204
260,630,370,0.37,2.8354955624341964
358,679,321,0.321,2.7918320344689054
352,676,324,0.324,2.789656530501813
302,651,349,0.349,2.802306356403511
348,674,326,0.326,2.7848222136497496
334,667,333,0.333,2.7891231144666673
338,669,331,0.331,2.7612660878896715
380,690,310,0.31,2.7727705969810486
378,689,311,0.311,2.7698050447426885
364,682,318,0.318,2.7490317311415855
332,666,334,0.334,2.7479887652993202
382,691,309,0.309,2.7439591214060783
368,684,316,0.316,2.7445276238918304
360,680,320,0.32,2.7220868933902103
360,680,320,0.32,2.7272163441181183
424,712,288,0.288,2.7105181555994786
418,709,291,0.291,2.6762976793050766
350,675,325,0.325,2.7064518629314005
308,654,346,0.346,2.7022468024492263
374,687,313,0.313,2.7006254550792326
402,701,299,0.299,2.6771795683931288
452,726,274,0.274,2.642330200910568
408,704,296,0.296,2.6492549382448196
370,685,315,0.315,2.669916970664378
356,678,322,0.322,2.65336295375973
404,702,298,0.298,2.63915945994854
392,696,304,0.304,2.6803873381614687
430,715,285,0.285,2.5935060858227397
496,748,252,0.252,2.5926486659049988
416,708,292,0.292,2.58561845433712
428,714,286,0.286,2.61396351146698
408,704,296,0.296,2.5979446451663972
520,760,240,0.24,2.521549584031105
364,682,318,0.318,2.606090762257576
436,718,282,0.282,2.5397506378889085
416,708,292,0.292,2.527250679731369
462,731,269,0.269,2.5303215089336217
368,684,316,0.316,2.5562208662480117
444,722,278,0.278,2.5207569362193754
392,696,304,0.304,2.554733797818422
416,708,292,0.292,2.51170167176798
408,704,296,0.296,2.476556406220654
448,724,276,0.276,2.508676567569375
370,685,315,0.315,2.514332317075925
492,746,254,0.254,2.467436985943885
500,750,250,0.25,2.440221646487713
522,761,239,0.239,2.4616670931172555
428,714,286,0.286,2.492080123782158
534,767,233,0.233,2.385236878871918
468,734,266,0.266,2.463109790444374
448,724,276,0.276,2.447546633601189
456,728,272,0.272,2.3937682062387466
436,718,282,0.282,2.4255716381669044
438,719,281,0.281,2.408481128424406
474,737,263,0.263,2.3855320108532907
444,722,278,0.278,2.423116131067276
472,736,264,0.264,2.3821459048204123
494,747,253,0.253,2.3299069105438486
478,739,261,0.261,2.36901307666315
510,755,245,0.245,2.3096770070996135
438,719,281,0.281,2.325341072678566
478,739,261,0.261,2.359278568059206
560,780,220,0.22,2.289549052069662
452,726,274,0.274,2.3354975908100606
444,722,278,0.278,2.3033183485493063
600,800,200,0.2,2.202163756132126
482,741,259,0.259,2.2884559350605373
546,773,227,0.227,2.2128214129805563
564,782,218,0.218,2.2237183058261873
510,755,245,0.245,2.239389351534657
430,715,285,0.285,2.2496215203221968
520,760,240,0.24,2.1657562366724012
536,768,232,0.232,2.18266179728508
480,740,260,0.26,2.2177050366997717
564,782,218,0.218,2.164924416352529
526,763,237,0.237,2.180006486305967
490,745,255,0.255,2.1761701751874116
424,712,288,0.288,2.2123937526684023
532,766,234,0.234,2.158663127541542
482,741,259,0.259,2.1564580495655536
532,766,234,0.234,2.1202005822394856
526,763,237,0.237,2.0950514057576655
584,792,208,0.208,2.073132264625514
594,797,203,0.203,2.0387753547430036
552,776,224,0.224,2.0399153049615433
566,783,217,0.217,2.059617775352439
532,766,234,0.234,2.075944812849164
594,797,203,0.203,1.9869155045747757
572,786,214,0.214,1.9815822849394098
578,789,211,0.211,2.0328896842747928
612,806,194,0.194,1.9300471109896897
566,783,217,0.217,2.00729469449725
550,775,225,0.225,1.983431409633078
568,784,216,0.216,1.9386037432700396
558,779,221,0.221,1.9128159871399402
506,753,247,0.247,1.9835395757555963
596,798,202,0.202,1.9138562066556646
540,770,230,0.23,1.9236490083599929
574,787,213,0.213,1.9477952072704778
584,792,208,0.208,1.8608100948333741
556,778,222,0.222,1.8757060375809669
510,755,245,0.245,1.9528308420628309
550,775,225,0.225,1.9250203245431186
538,769,231,0.231,1.8823569980181274
596,798,202,0.202,1.8329496590280905
580,790,210,0.21,1.8528180593922734
658,829,171,0.171,1.7016644320487977
564,782,218,0.218,1.7943055784702302
568,784,216,0.216,1.7688652135320009
568,784,216,0.216,1.7550527012944221
620,810,190,0.19,1.7934407503008842
640,820,180,0.18,1.752691673927009
600,800,200,0.2,1.7382667257801403
590,795,205,0.205,1.7781135897636413
572,786,214,0.214,1.7753602305946405
602,801,199,0.199,1.6979299323968589
610,805,195,0.195,1.68764727512002
644,822,178,0.178,1.651576988875866
628,814,186,0.186,1.6631557011686673
562,781,219,0.219,1.6676824145615101
630,815,185,0.185,1.635674725767347
596,798,202,0.202,1.641192417293787
570,785,215,0.215,1.6516232793033123
572,786,214,0.214,1.6635312291531155
674,837,163,0.163,1.4834184050261974
616,808,192,0.192,1.6400280455350875
620,810,190,0.19,1.6258421232104618
644,822,178,0.178,1.541034330519673
686,843,157,0.157,1.5496167142409831
648,824,176,0.176,1.5165285230334848
598,799,201,0.201,1.606507569104433
652,826,174,0.174,1.4798632369935512
604,802,198,0.198,1.560950019441545
620,810,190,0.19,1.5486033559236676
632,816,184,0.184,1.4896855278608427
600,800,200,0.2,1.4695300798863173
648,824,176,0.176,1.4765266326881246
602,801,199,0.199,1.4566317899809873
632,816,184,0.184,1.435004418843892
656,828,172,0.172,1.4437211107313632
590,795,205,0.205,1.4761251125962007
600,800,200,0.2,1.4474335307702422
636,818,182,0.182,1.4924849561312004
592,796,204,0.204,1.4058886979818344
642,821,179,0.179,1.4183720449768007
640,820,180,0.18,1.356010506004095
612,806,194,0.194,1.4232405049204826
676,838,162,0.162,1.3338281988780945
674,837,163,0.163,1.336049256592989
692,846,154,0.154,1.3292594099901616
626,813,187,0.187,1.385452569745481
610,805,195,0.195,1.3911760264486075
662,831,169,0.169,1.3193562294204348
642,821,179,0.179,1.3499308713327502
626,813,187,0.187,1.2920999810993672
714,857,143,0.143,1.2506197422016412
638,819,181,0.181,1.3086528216302395
642,821,179,0.179,1.3020816071803856
730,865,135,0.135,1.2620323759801686
656,828,172,0.172,1.2482722497880459
668,834,166,0.166,1.2558454919656505
694,847,153,0.153,1.275507551395535
636,818,182,0.182,1.2616087664961815
566,783,217,0.217,1.3157459114185348
702,851,149,0.149,1.2457909125700826
632,816,184,0.184,1.2463068753298385
724,862,138,0.138,1.1748391232388093
632,816,184,0.184,1.2369207009375096
738,869,131,0.131,1.1894270224254577
642,821,179,0.179,1.2310262063642026
662,831,169,0.169,1.2167907676957548
640,820,180,0.18,1.2169782148117352
668,834,166,0.166,1.202988711262125
622,811,189,0.189,1.1980175189941868
602,801,199,0.199,1.2078573152810768
684,842,158,0.158,1.2148616837188602
696,848,152,0.152,1.1293792856931686
658,829,171,0.171,1.2055193829461932
730,865,135,0.135,1.1071198685842218
612,806,194,0.194,1.1637690593802803
696,848,152,0.152,1.1370694543868303
626,813,187,0.187,1.1509886621444043
670,835,165,0.165,1.0859526609920431
648,824,176,0.176,1.1157018287070095
654,827,173,0.173,1.1079689709760714
678,839,161,0.161,1.1071122821113095
712,856,144,0.144,1.0607240446321666
596,798,202,0.202,1.1489979514507578
702,851,149,0.149,1.0971435507014633
636,818,182,0.182,1.0921239312514663
672,836,164,0.164,1.1223082349337636
700,850,150,0.15,1.060935728535056
680,840,160,0.16,1.0491186783723698
674,837,163,0.163,1.0988989776223923
662,831,169,0.169,1.0428963853849564
678,839,161,0.161,1.014774549657308
724,862,138,0.138,1.012266637980938
682,841,159,0.159,1.0387919947607442
702,851,149,0.149,1.069727607780951
682,841,159,0.159,1.0429608368575574
716,858,142,0.142,0.9852516262757126
664,832,168,0.168,1.0290753098691348
670,835,165,0.165,1.0551886223902693
680,840,160,0.16,1.0458739694729446
774,887,113,0.113,0.9847351271286606
614,807,193,0.193,1.0917178821350682
682,841,159,0.159,1.0360322085974776
638,819,181,0.181,1.0427956327946448
698,849,151,0.151,1.043356078773737
662,831,169,0.169,1.042940636503976
672,836,164,0.164,1.0358753303699195
688,844,156,0.156,0.9976368852788583
670,835,165,0.165,1.0521840019971131
652,826,174,0.174,0.9884002958387137
702,851,149,0.149,0.9499924486164574
680,840,160,0.16,0.9559294059872627
686,843,157,0.157,0.9538239019066095
674,837,163,0.163,1.0446991196274757
672,836,164,0.164,0.9942238610031782
698,849,151,0.151,0.9952881911545992
726,863,137,0.137,0.9468137705773115
664,832,168,0.168,0.9659985808618367
664,832,168,0.168,0.9473675227287627
662,831,169,0.169,0.9810479114258331
616,808,192,0.192,1.0087865103743971
634,817,183,0.183,0.9684600557088852
724,862,138,0.138,0.8746931414753198
658,829,171,0.171,1.0305393532589182
714,857,143,0.143,0.9672199014872312
640,820,180,0.18,0.9538693653722798
712,856,144,0.144,0.9509345485568047
674,837,163,0.163,0.9954788417816162
722,861,139,0.139,0.928702842579649
658,829,171,0.171,0.9972001276029623
670,835,165,0.165,1.0161734309494495
720,860,140,0.14,0.9439427279941738
634,817,183,0.183,0.9975430819531903
662,831,169,0.169,0.959195265038892
696,848,152,0.152,0.961754872456193
604,802,198,0.198,0.9802673118412495
680,840,160,0.16,0.9577805032960023
666,833,167,0.167,0.9830790921556763
670,835,165,0.165,0.980751695523315
730,865,135,0.135,0.9409119177184475
754,877,123,0.123,0.8895024739988148
618,809,191,0.191,1.0077893435508012
690,845,155,0.155,0.9152359550436958
636,818,182,0.182,0.9365754217319191
646,823,177,0.177,0.9979026805904685
674,837,163,0.163,0.9773918219357729
686,843,157,0.157,0.966927287381247
724,862,138,0.138,0.9614593945145608
708,854,146,0.146,0.9215691384226083
670,835,165,0.165,0.9703618896000553
676,838,162,0.162,0.9754984993934631
742,871,129,0.129,0.9183742730375379
672,836,164,0.164,0.95602468380332
710,855,145,0.145,0.8891124412864446
630,815,185,0.185,0.9687200795486569
608,804,196,0.196,1.0153350280252116
658,829,171,0.171,0.9445095854308456
682,841,159,0.159,1.0140504348129034
682,841,159,0.159,0.8915486478907988
612,806,194,0.194,0.9701204891309053
732,866,134,0.134,0.934354232844809
714,857,143,0.143,0.9460790444053709
680,840,160,0.16,0.8935232011526824
620,810,190,0.19,0.9729490455491577
692,846,154,0.154,0.9525549842133186
638,819,181,0.181,0.9592089831978082
642,821,179,0.179,0.9875713354200125
660,830,170,0.17,0.9352180294088248
660,830,170,0.17,0.9383090268075466
656,828,172,0.172,0.939913630604744
614,807,193,0.193,1.0307452998366207
670,835,165,0.165,0.903300157442689
654,827,173,0.173,0.95523191744162
696,848,152,0.152,0.8552458469975409
636,818,182,0.182,0.982962468251586
716,858,142,0.142,0.9134412407130003
724,862,138,0.138,0.9334419864267111
688,844,156,0.156,0.9349062440376729
662,831,169,0.169,0.984204014480114
746,873,127,0.127,0.8883214889694937
682,841,159,0.159,0.9419668019916194
664,832,168,0.168,0.9203409536331892
728,864,136,0.136,0.8549822418405675
680,840,160,0.16,0.9160874138325453
708,854,146,0.146,0.9444650875143706
598,799,201,0.201,0.9849157957658171
608,804,196,0.196,1.007503403712064
652,826,174,0.174,1.0060968103669583
722,861,139,0.139,0.9134317670880119
650,825,175,0.175,0.9479486484155059
646,823,177,0.177,0.9441817116787424
726,863,137,0.137,0.9333170895958319
660,830,170,0.17,0.9322758011370897
690,845,155,0.155,0.9219354528486728
694,847,153,0.153,0.9638088584989309
634,817,183,0.183,0.934547887802124
650,825,175,0.175,0.9240142034889601
700,850,150,0.15,0.8942809048891086
706,853,147,0.147,0.9330178308412432
668,834,166,0.166,0.9658092311304067
680,840,160,0.16,0.9318262864910066
668,834,166,0.166,0.8936762627514254
656,828,172,0.172,0.9549820606634021
692,846,154,0.154,0.9468658974902355
718,859,141,0.141,0.884035615131259
638,819,181,0.181,0.9141001290018321
690,845,155,0.155,0.9110609367664844
672,836,164,0.164,0.9248570904880762
656,828,172,0.172,0.9418471851050854
714,857,143,0.143,0.9217912081480026
684,842,158,0.158,0.920202646196918
636,818,182,0.182,0.9840248557616724
624,812,188,0.188,1.0114856021762826
682,841,159,0.159,0.9672773495465518
666,833,167,0.167,0.9508445054590702
660,830,170,0.17,0.9240407896153628
654,827,173,0.173,0.9639931406378746
642,821,179,0.179,0.958414038023242
702,851,149,0.149,0.9044612212078645
700,850,150,0.15,0.8877297028199118
660,830,170,0.17,0.952084960013628
682,841,159,0.159,0.9310649552345276
716,858,142,0.142,0.9216478801779449
668,834,166,0.166,0.9762254871688784
642,821,179,0.179,0.9806478065520059
602,801,199,0.199,0.961867193646729
676,838,162,0.162,0.953232069760561
702,851,149,0.149,0.9499063306003932
628,814,186,0.186,0.9739016286727492
668,834,166,0.166,0.95837199945678
642,821,179,0.179,0.9918073332373297
712,856,144,0.144,0.9134247936070314
642,821,179,0.179,0.9455194103934919
668,834,166,0.166,0.9261115879211268
648,824,176,0.176,0.9191402622582391
660,830,170,0.17,0.9304696210924304
696,848,152,0.152,0.8883085197508335
668,834,166,0.166,0.9522616923409514
666,833,167,0.167,0.9351586221009492
656,828,172,0.172,0.9792892375830597
724,862,138,0.138,0.8782882452607155
676,838,162,0.162,0.9218596378564835
694,847,153,0.153,0.8979310483634472
666,833,167,0.167,0.931012845158577
662,831,169,0.169,0.8912582053020597
686,843,157,0.157,0.9281228975206613
626,813,187,0.187,0.9781210771895461
698,849,151,0.151,0.9423620073348283
688,844,156,0.156,0.9446787673942745
672,836,164,0.164,0.9129445378780365
690,845,155,0.155,0.9168207775857281
694,847,153,0.153,0.886536268318072
676,838,162,0.162,0.9138407509177923
734,867,133,0.133,0.8818819469586014
690,845,155,0.155,0.8931927034984873
642,821,179,0.179,0.898257668748498
660,830,170,0.17,0.9806966358490754
634,817,183,0.183,0.9386414735540748
664,832,168,0.168,0.9408664215859026
668,834,166,0.166,0.9667038938943296
666,833,167,0.167,0.9296427667886019
746,873,127,0.127,0.8536225681585493
664,832,168,0.168,0.957748405534774
632,816,184,0.184,0.9875847025271505
692,846,154,0.154,0.9806526113767177
670,835,165,0.165,0.9489978647530078
588,794,206,0.206,0.9814668242335319
678,839,161,0.161,0.9318396437242628
656,828,172,0.172,0.9800582275862761
676,838,162,0.162,0.900789667315808
642,821,179,0.179,0.988227104773745
622,811,189,0.189,0.9645980635733995
658,829,171,0.171,0.9681702108960599
684,842,158,0.158,0.9531670513823628
674,837,163,0.163,0.9142537908703089
658,829,171,0.171,0.9550398549731471
708,854,146,0.146,0.8820477637001314
680,840,160,0.16,0.9391961569019113
686,843,157,0.157,0.927073449368123
628,814,186,0.186,0.9588411462394217
658,829,171,0.171,0.9661088292747736
616,808,192,0.192,0.9745801410079002
678,839,161,0.161,0.9448739795018337
620,810,190,0.19,0.9704971175193786
644,822,178,0.178,0.9828349649608136
682,841,159,0.159,0.8889352419480416
696,848,152,0.152,0.8611005603671074
666,833,167,0.167,0.9345922389626503
686,843,157,0.157,0.8882235539851535
708,854,146,0.146,0.9162759375423193
706,853,147,0.147,0.9044193637445569
686,843,157,0.157,0.9403862240463495
678,839,161,0.161,0.9236231825639618
652,826,174,0.174,0.9402574967256659
708,854,146,0.146,0.922171620130539
670,835,165,0.165,0.9635057022001638
662,831,169,0.169,0.9325034184008837
694,847,153,0.153,0.9152570504283303
620,810,190,0.19,0.9089451545327902
688,844,156,0.156,0.9070595226734877
672,836,164,0.164,0.955476221838966
636,818,182,0.182,0.9480091348987726
654,827,173,0.173,0.9756301691652915
752,876,124,0.124,0.870918394446373
640,820,180,0.18,0.931216447883402
662,831,169,0.169,0.9355793238505721
682,841,159,0.159,0.9471597445309162
656,828,172,0.172,0.9182098604801576
734,867,133,0.133,0.9306576789859592
724,862,138,0.138,0.8555990683585405
726,863,137,0.137,0.8885799316914726
664,832,168,0.168,0.888283230766654
724,862,138,0.138,0.8743734627664089
650,825,175,0.175,0.9554049461632967
676,838,162,0.162,0.9080686045940966
640,820,180,0.18,0.9614499066136777
772,886,114,0.114,0.8008152852692587
696,848,152,0.152,0.9193977428525686
642,821,179,0.179,0.9318757417211309
688,844,156,0.156,0.9399563633820508
610,805,195,0.195,0.9907488441318274
696,848,152,0.152,0.8662837952524424
722,861,139,0.139,0.9409236096331733
718,859,141,0.141,0.9320462330863811
678,839,161,0.161,0.9754116468212051
670,835,165,0.165,0.9296192864123735
722,861,139,0.139,0.8706268502026796
714,857,143,0.143,0.9114987642932684
648,824,176,0.176,0.9602528937533498
690,845,155,0.155,0.9284134634323418
712,856,144,0.144,0.931149458641261
642,821,179,0.179,0.9388820897340775
668,834,166,0.166,0.9673476008388389
686,843,157,0.157,0.9419445471167565
692,846,154,0.154,0.9095942923509283
672,836,164,0.164,0.937966117539443
624,812,188,0.188,0.9898521588273724
728,864,136,0.136,0.8972784917652606
712,856,144,0.144,0.9240580555866472
668,834,166,0.166,0.9722418198735664
712,856,144,0.144,0.9295702868132448
684,842,158,0.158,0.9668056566938757
636,818,182,0.182,1.0229156069316674
692,846,154,0.154,0.885035586103797
724,862,138,0.138,0.869845758804238
644,822,178,0.178,0.9685021115653217
736,868,132,0.132,0.9110707928985358
670,835,165,0.165,0.9555458171218634
646,823,177,0.177,0.9641409545378778
624,812,188,0.188,0.9573047502785921
668,834,166,0.166,0.993850571126442
672,836,164,0.164,0.9609984421730041
628,814,186,0.186,0.9683208076868406
648,824,176,0.176,0.9539503838619907
624,812,188,0.188,1.0392749817222358
736,868,132,0.132,0.9404556054924688
648,824,176,0.176,0.9698812422566115
700,850,150,0.15,0.8901602909094569
672,836,164,0.164,0.9723706060349941
692,846,154,0.154,0.9877132284902036
652,826,174,0.174,0.975500860184431
686,843,157,0.157,0.9649726132738414
740,870,130,0.13,0.896040095480159
712,856,144,0.144,0.931366820782423
708,854,146,0.146,0.9539781196811491
668,834,166,0.166,0.98685923202103
726,863,137,0.137,0.9794507519469582
692,846,154,0.154,0.955045328900218
702,851,149,0.149,0.9596376023272168
692,846,154,0.154,0.9881985034197569
660,830,170,0.17,0.990478198222816
678,839,161,0.161,0.9394862477779389
702,851,149,0.149,0.9525858991649002
698,849,151,0.151,0.9554088736083358
690,845,155,0.155,0.9330994517207146
656,828,172,0.172,0.9886657988466322
648,824,176,0.176,0.9921592251174152
648,824,176,0.176,1.0042076612636448
704,852,148,0.148,0.9029442406892777
634,817,183,0.183,1.0130004839450122
668,834,166,0.166,0.9709310244866868
676,838,162,0.162,0.9555198334753513
714,857,143,0.143,0.9307002443801612
694,847,153,0.153,0.9437597222556184
650,825,175,0.175,0.9968090984672308
670,835,165,0.165,0.9915806808024645
668,834,166,0.166,0.9419103993624449
700,850,150,0.15,0.8985246542841197
604,802,198,0.198,1.0227537789344787
678,839,161,0.161,0.9590856888798116
650,825,175,0.175,0.9686286802394316
658,829,171,0.171,0.9409169730842113
672,836,164,0.164,0.9271526402831077
676,838,162,0.162,0.9487650138461031
624,812,188,0.188,0.9604224661886692
640,820,180,0.18,1.00803867312707
702,851,149,0.149,0.9187294627912342
616,808,192,0.192,1.0255585541198569
684,842,158,0.158,0.9592062381505987
716,858,142,0.142,0.9500624018013477
646,823,177,0.177,1.020471824362874
652,826,174,0.174,0.9736953752487898
670,835,165,0.165,1.0207756876945495
684,842,158,0.158,0.9518066519515962
616,808,192,0.192,1.0228641216557006
688,844,156,0.156,0.9749476499505104
706,853,147,0.147,0.9249131683334708
734,867,133,0.133,0.9031070827541408
702,851,149,0.149,0.9115284499898553
662,831,169,0.169,0.9593686721324941
750,875,125,0.125,0.9140300534963608
648,824,176,0.176,0.9748074734359979
714,857,143,0.143,0.9766942834803558
660,830,170,0.17,1.0220498426914564
706,853,147,0.147,0.9396041106283665
716,858,142,0.142,0.8864189313352108
642,821,179,0.179,0.9733467452078275
700,850,150,0.15,0.9570069433450699
714,857,143,0.143,0.9584492093641311
708,854,146,0.146,0.9312475934103132
764,882,118,0.118,0.9098352143317461
740,870,130,0.13,0.9052505258331075
642,821,179,0.179,0.968865328046277
644,822,178,0.178,0.9942849961072207
668,834,166,0.166,0.9690186482164718
686,843,157,0.157,0.9846102382838726
730,865,135,0.135,0.9632356987595558
712,856,144,0.144,0.9585601292401552
720,860,140,0.14,0.9861310431361199
738,869,131,0.131,0.8696726524978876
702,851,149,0.149,0.935298164104208
612,806,194,0.194,1.0511882046581174
652,826,174,0.174,0.9999553815424442
686,843,157,0.157,0.9862036615014076
636,818,182,0.182,1.033310277760029
738,869,131,0.131,0.9216189301562699
696,848,152,0.152,0.9653777772355825
668,834,166,0.166,0.987428398758173
668,834,166,0.166,0.9625189232019665
668,834,166,0.166,0.9861057527440207
690,845,155,0.155,0.9573635374158621
734,867,133,0.133,0.9084330354253761
734,867,133,0.133,0.9161282053291797
716,858,142,0.142,0.9653799138776958
724,862,138,0.138,0.9892306056655434
654,827,173,0.173,0.9631940392255783
680,840,160,0.16,0.9384356924982261
696,848,152,0.152,0.9723156859576703
596,798,202,0.202,1.004737683162093
698,849,151,0.151,0.9753264751285314
722,861,139,0.139,0.9381647931847256
722,861,139,0.139,0.9109442904889583
706,853,147,0.147,0.9685651659667492
678,839,161,0.161,1.0013447722792626
700,850,150,0.15,0.9090219372361898
654,827,173,0.173,0.9823028644260485
652,826,174,0.174,1.0027716069675516
650,825,175,0.175,0.9993790957033635
686,843,157,0.157,0.9981636276841164
730,865,135,0.135,0.9539458632990718
664,832,168,0.168,1.010735205322504
648,824,176,0.176,1.04695014706254
710,855,145,0.145,0.9698421465307474
662,831,169,0.169,1.010686967432499
682,841,159,0.159,0.9715677673663012
640,820,180,0.18,1.0633864240294637
704,852,148,0.148,1.0233479122370481
622,811,189,0.189,1.0008014376759529
674,837,163,0.163,0.9991263101398945
658,829,171,0.171,1.0184274506221258
672,836,164,0.164,0.978845440030098
686,843,157,0.157,0.9730779018104077
712,856,144,0.144,0.9808642554245889
654,827,173,0.173,1.0196415467459747
718,859,141,0.141,0.976751470893656
634,817,183,0.183,1.0003189836889506
674,837,163,0.163,0.9707102958774921
698,849,151,0.151,0.9908474504873157
684,842,158,0.158,0.9835873574614525
692,846,154,0.154,1.0197670711174869
680,840,160,0.16,0.9523804589422944
660,830,170,0.17,0.9829953866153955
696,848,152,0.152,0.9470905070309528
714,857,143,0.143,0.9759321846067905
706,853,147,0.147,0.9082921428084374
682,841,159,0.159,1.0312743771523236
666,833,167,0.167,1.0060782824722119
672,836,164,0.164,1.04774664747715
696,848,152,0.152,0.982353821318597
624,812,188,0.188,0.9941511330168546
766,883,117,0.117,0.9588068123757839
656,828,172,0.172,0.9882584561258555
662,831,169,0.169,0.9537443111389875
678,839,161,0.161,0.9639868045002222
626,813,187,0.187,1.0165596067996243
674,837,163,0.163,0.9481006996349681
628,814,186,0.186,0.9857262823283672
660,830,170,0.17,0.9777918511033058
716,858,142,0.142,0.9704754532277584
686,843,157,0.157,0.966951242191622
628,814,186,0.186,1.026231892079115
668,834,166,0.166,1.01668818628788
704,852,148,0.148,0.9720303401177516
692,846,154,0.154,1.0279538033008575
654,827,173,0.173,0.9957949199676513
670,835,165,0.165,1.0251768434271216
664,832,168,0.168,1.0144372626235243
672,836,164,0.164,1.0127731991410256
620,810,190,0.19,1.0029241079837083
720,860,140,0.14,1.0103027452901006
672,836,164,0.164,0.9995594244906679
704,852,148,0.148,0.9585013175755739
710,855,145,0.145,0.954326102681458
754,877,123,0.123,0.9893055735826493
654,827,173,0.173,0.9831781426258089
668,834,166,0.166,0.9690392995020375
640,820,180,0.18,0.9966823437113655
694,847,153,0.153,0.96721604526788
756,878,122,0.122,0.957859794672931
626,813,187,0.187,1.0461763085163711
684,842,158,0.158,0.9532955785095691
754,877,123,0.123,0.9846870688647031
700,850,150,0.15,0.9409386319511104
694,847,153,0.153,0.9832730923239141
676,838,162,0.162,1.0080054250126804
650,825,175,0.175,1.0202101973489612
752,876,124,0.124,0.9275941500961781
634,817,183,0.183,1.0339105015993117
654,827,173,0.173,1.032001659824513
674,837,163,0.163,0.9955920711755752
668,834,166,0.166,0.9877261278294027
664,832,168,0.168,1.0159888250231743
682,841,159,0.159,0.9558055829145015
702,851,149,0.149,0.9734503230743807
700,850,150,0.15,0.9479147450476885
622,811,189,0.189,0.9836110534984619
644,822,178,0.178,1.009012085733986
678,839,161,0.161,1.0265152834057807
690,845,155,0.155,0.9879773200303316
680,840,160,0.16,1.0090876510590314
694,847,153,0.153,0.9642758977301128
684,842,158,0.158,0.9663160812854766
686,843,157,0.157,0.9693247809410095
692,846,154,0.154,0.9792704973220825
620,810,190,0.19,1.0448552346676587
692,846,154,0.154,0.997495197426877
668,834,166,0.166,0.945453645420017
674,837,163,0.163,0.965552514642477
660,830,170,0.17,0.9434490624156433
658,829,171,0.171,1.0122481248229742
604,802,198,0.198,1.0195766700208186
642,821,179,0.179,0.9875271823697719
726,863,137,0.137,0.9505792508833111
666,833,167,0.167,0.9444985641707581
656,828,172,0.172,0.9812172160912305
740,870,130,0.13,0.9477611852958798
660,830,170,0.17,0.9830597065205348
668,834,166,0.166,0.9817527555888519
658,829,171,0.171,0.9809516475455062
630,815,185,0.185,0.9919731770195067
728,864,136,0.136,0.9275768675680738
698,849,151,0.151,0.9579979019071911
744,872,128,0.128,0.9320846492797176
668,834,166,0.166,0.9721895729489625
640,820,180,0.18,1.0346096833720804
696,848,152,0.152,0.9919272644072771
688,844,156,0.156,1.0205485669970513
668,834,166,0.166,1.0105692223631777
700,850,150,0.15,0.9844824254146929
716,858,142,0.142,0.934524442255497
706,853,147,0.147,0.9637779081463814
698,849,151,0.151,0.950884038373828
654,827,173,0.173,0.96803253929317
756,878,122,0.122,0.9264764012694359
666,833,167,0.167,0.9788295871401956
728,864,136,0.136,0.94407172944583
692,846,154,0.154,1.009572705867001
666,833,167,0.167,0.9852957807555794
684,842,158,0.158,0.9526251739263535
626,813,187,0.187,0.9965713096372784
668,834,166,0.166,1.0028840042026714
702,851,149,0.149,0.9342534890472889
724,862,138,0.138,0.9792431277164855
642,821,179,0.179,0.9757857353538275
658,829,171,0.171,0.9690335379838944
674,837,163,0.163,0.9940675314184598
626,813,187,0.187,0.9973010837137699
708,854,146,0.146,0.970236463811365
702,851,149,0.149,0.9538999527394771
690,845,155,0.155,0.9858769000731409
698,849,151,0.151,0.9280494658853858
718,859,141,0.141,0.9661019566208124
654,827,173,0.173,0.9399099614293155
720,860,140,0.14,0.9526300290580256
666,833,167,0.167,0.9959903719633392
668,834,166,0.166,0.9890027655661107
690,845,155,0.155,0.9422728617191315
708,854,146,0.146,0.9779226487001333
692,846,154,0.154,1.0132970996201038
716,858,142,0.142,0.972540473267436
680,840,160,0.16,0.9459177108443764
658,829,171,0.171,0.9852147693799852
702,851,149,0.149,0.9906359910368919
676,838,162,0.162,0.9602064283713698
714,857,143,0.143,0.9487261865600013
688,844,156,0.156,0.9452039633989334
670,835,165,0.165,1.0161874243398779
736,868,132,0.132,0.9454280161857604
574,787,213,0.213,1.0102551851104993
762,881,119,0.119,0.9459012482464314
726,863,137,0.137,0.95835682336241
682,841,159,0.159,1.002376228556037
692,846,154,0.154,0.9589405347536101
662,831,169,0.169,0.9913055316507816
768,884,116,0.116,0.9444877332523465
744,872,128,0.128,0.9197101118266583
698,849,151,0.151,1.0081808775961398
660,830,170,0.17,0.9476312823109324
630,815,185,0.185,0.9918057298958302
642,821,179,0.179,1.0006071761846542
708,854,146,0.146,0.9547848711609841
736,868,132,0.132,0.9270211350470782
644,822,178,0.178,0.9627959713193049
658,829,171,0.171,0.9819134633541107
702,851,149,0.149,0.9542668133676052
660,830,170,0.17,0.9769404367685393
652,826,174,0.174,1.0568989591896534
708,854,146,0.146,0.886399905465929
656,828,172,0.172,1.0134925033875943
716,858,142,0.142,0.9876193793797865
706,853,147,0.147,0.949733463793993
682,841,159,0.159,0.9629017122089862
692,846,154,0.154,1.021877648122672
748,874,126,0.126,0.9867803357392549
660,830,170,0.17,1.001743021249771
720,860,140,0.14,0.9326106078661979
680,840,160,0.16,1.008436178209813
644,822,178,0.178,1.000974130157847
708,854,146,0.146,0.9337924622246064
646,823,177,0.177,0.9601284465561621
686,843,157,0.157,0.9751178650856018
676,838,162,0.162,0.9458900855779648
634,817,183,0.183,0.9612399929761887
724,862,138,0.138,0.9596573872938752
692,846,154,0.154,0.9317031687340718
648,824,176,0.176,0.9488333734202122
688,844,156,0.156,0.9193806095969048
634,817,183,0.183,1.0065343657746795
714,857,143,0.143,0.9818932885229781
676,838,162,0.162,1.004419329866767
730,865,135,0.135,0.9545514892488718
662,831,169,0.169,0.9731618742094967
656,828,172,0.172,1.0229874631296842
714,857,143,0.143,0.9561217900067568
766,883,117,0.117,0.9013545267730951
682,841,159,0.159,1.0014901045450533
670,835,165,0.165,0.999572312904073
724,862,138,0.138,0.9745562939941883
654,827,173,0.173,1.0203903738316966
714,857,143,0.143,0.987328983049214
650,825,175,0.175,0.9973667764216662
712,856,144,0.144,0.9755372251843801
650,825,175,0.175,0.9998366056084633
690,845,155,0.155,0.9602418944835663
698,849,151,0.151,0.9933189720022492
682,841,159,0.159,0.9409583082944155
714,857,143,0.143,0.9347756078541278
680,840,160,0.16,0.9578485566023737
664,832,168,0.168,0.9450718061912994
672,836,164,0.164,0.9845617705788463
660,830,170,0.17,0.985959726821914
748,874,126,0.126,0.9076440736651421
678,839,161,0.161,0.9169247660280331
692,846,154,0.154,0.9544451614767313
740,870,130,0.13,0.9093813977539539
654,827,173,0.173,0.9820513098445371
636,818,182,0.182,1.0265497139513027
662,831,169,0.169,0.9887967183589935
616,808,192,0.192,1.011312315504998
648,824,176,0.176,1.0140239280760288
660,830,170,0.17,0.978726166272536
654,827,173,0.173,0.9959806332588196
676,838,162,0.162,0.9730776161551475
656,828,172,0.172,1.0323094650229105
676,838,162,0.162,1.0092308458536863
628,814,186,0.186,1.0178001718372107
750,875,125,0.125,0.9625218056411832
670,835,165,0.165,0.9869939749613404
668,834,166,0.166,0.9835744855045341
712,856,144,0.144,0.958375395193696
716,858,142,0.142,0.9421429695785045
658,829,171,0.171,1.0201227879375219
690,845,155,0.155,0.9615954866617284
656,828,172,0.172,0.969806243121624
738,869,131,0.131,0.970874742694199
680,840,160,0.16,0.9776932653188706
682,841,159,0.159,0.9729670211524812
652,826,174,0.174,0.9949780941605568
636,818,182,0.182,1.0290089362859727
686,843,157,0.157,1.0051193947419523
680,840,160,0.16,0.9400573817640543
696,848,152,0.152,0.9785050125569105
682,841,159,0.159,0.9431064727716147
728,864,136,0.136,0.9939809792488813
656,828,172,0.172,1.0191916394159197
698,849,151,0.151,0.9558210830688476
692,846,154,0.154,0.9486512329662219
736,868,132,0.132,0.9353527432084083
692,846,154,0.154,0.9730186485648156
778,889,111,0.111,0.8886500254585408
692,846,154,0.154,0.9596473882673309
716,858,142,0.142,0.9386802906105295
664,832,168,0.168,0.9834545572232746
678,839,161,0.161,0.9967127371039242
748,874,126,0.126,0.9628351263850927
652,826,174,0.174,0.9814767179570626
666,833,167,0.167,0.9872441421556577
714,857,143,0.143,0.9494120871517807
654,827,173,0.173,0.9744629262592643
680,840,160,0.16,0.9604471634328365
694,847,153,0.153,0.9519094619750976
710,855,145,0.145,0.9500556072592735
678,839,161,0.161,0.9523984095454217
658,829,171,0.171,0.9537720270630871
636,818,182,0.182,1.0086375382095576
680,840,160,0.16,1.0242508210912347
684,842,158,0.158,1.023640489012003
694,847,153,0.153,0.9477141296863556
656,828,172,0.172,0.9876181122518028
644,822,178,0.178,1.039881097666923
604,802,198,0.198,1.0116136322500189
616,808,192,0.192,1.040650204636011
746,873,127,0.127,0.9585006245160476
754,877,123,0.123,0.938711146324873
732,866,134,0.134,0.947819018304348
694,847,153,0.153,0.9679419196546077
658,829,171,0.171,0.9692682425156236
670,835,165,0.165,1.0121397504503813
642,821,179,0.179,0.9723084717243909
676,838,162,0.162,0.9570791243296722
680,840,160,0.16,0.9676948720216751
666,833,167,0.167,0.9938669738652544
586,793,207,0.207,0.9952544152066112
706,853,147,0.147,0.9056773614883423
666,833,167,0.167,0.9866662148768083
728,864,136,0.136,0.9309661016911268
684,842,158,0.158,0.9747802509232424
662,831,169,0.169,0.9868898803591728
696,848,152,0.152,0.9670896763149649
676,838,162,0.162,0.9915314365923404
678,839,161,0.161,0.959769085764885
702,851,149,0.149,0.9099281116425991
628,814,186,0.186,1.0237524188553466
716,858,142,0.142,0.91962846159935
676,838,162,0.162,0.9830685021877289
696,848,152,0.152,0.9527171013355256
624,812,188,0.188,0.9905192557871342
660,830,170,0.17,0.9851889156577236
632,816,184,0.184,1.0198848525956272
668,834,166,0.166,0.9493093055188656
728,864,136,0.136,0.9406270717941224
632,816,184,0.184,1.024591105676569
678,839,161,0.161,0.9724973887414672
684,842,158,0.158,0.9688092820939452
688,844,156,0.156,0.9327902909070254
704,852,148,0.148,0.9338654206203646
650,825,175,0.175,1.0307320199608803
724,862,138,0.138,0.9371694676950574
674,837,163,0.163,1.0259861432686448
700,850,150,0.15,0.9832768035680055
700,850,150,0.15,0.9570404354718048
710,855,145,0.145,0.9218980702757835
666,833,167,0.167,0.9339289972350744
632,816,184,0.184,1.0228132906109095
738,869,131,0.131,0.9703730259232689
704,852,148,0.148,0.9305677126720548
684,842,158,0.158,0.9714123837876978
698,849,151,0.151,0.9964473409213824
650,825,175,0.175,0.9761800218991994
682,841,159,0.159,0.9718667577952147
684,842,158,0.158,0.9439512243270874
752,876,124,0.124,0.9249650473557413
704,852,148,0.148,0.9582153223366476
698,849,151,0.151,0.9995884122290881
676,838,162,0.162,0.9848593721836806
686,843,157,0.157,0.9540150477290154
706,853,147,0.147,0.9219404796734465
678,839,161,0.161,0.9804775713123381
668,834,166,0.166,0.9937075694518862
692,846,154,0.154,0.9284713467359543
564,782,218,0.218,1.0185170505503414
662,831,169,0.169,0.9533721115812659
682,841,159,0.159,0.9402388384258374
712,856,144,0.144,0.9649246225059033
726,863,137,0.137,0.9321695039000569
676,838,162,0.162,0.9127717632800341
626,813,187,0.187,0.9924022898375988
734,867,133,0.133,1.0008200758248567
682,841,159,0.159,0.9684083468466997
622,811,189,0.189,1.0242731724115046
688,844,156,0.156,0.9455698271691799
686,843,157,0.157,0.9568398091495073
660,830,170,0.17,0.9798784351900395
710,855,145,0.145,0.9895189640883001
634,817,183,0.183,1.0106369293858524
646,823,177,0.177,0.9706034739091992
672,836,164,0.164,0.9970879716619383
650,825,175,0.175,0.9881324716880917
646,823,177,0.177,0.9948971470892429
662,831,169,0.169,0.9482100068926811
748,874,126,0.126,0.9296228930652142
688,844,156,0.156,0.9480049496425527
690,845,155,0.155,0.9697245000302792
670,835,165,0.165,0.9940581260472536
672,836,164,0.164,0.9356443970594556
732,866,134,0.134,0.9406963699387015
696,848,152,0.152,1.012454458899796
692,846,154,0.154,0.925406003985554
668,834,166,0.166,0.9401209302693605
680,840,160,0.16,0.9231314899772406
694,847,153,0.153,0.9691516118422314
698,849,151,0.151,0.9472481985688209
718,859,141,0.141,0.929534131795168
656,828,172,0.172,1.0156659639924766
678,839,161,0.161,0.9577621168643237
682,841,159,0.159,1.0073079073280096
666,833,167,0.167,0.960636111035943
670,835,165,0.165,0.9650835499763489
716,858,142,0.142,0.9445076712146402
666,833,167,0.167,0.9305722328722477
710,855,145,0.145,0.9638899665760328
716,858,142,0.142,0.9178608582466841
670,835,165,0.165,0.9844670882821083
712,856,144,0.144,0.9410931799262762
602,801,199,0.199,1.0497761893868447
702,851,149,0.149,0.9880530134977307
724,862,138,0.138,0.980281809253851
734,867,133,0.133,0.9133835917236284
734,867,133,0.133,0.9653349888730881
662,831,169,0.169,0.9740015643239022
632,816,184,0.184,1.0098028992759063
614,807,193,0.193,0.9999110565185547
654,827,173,0.173,0.965075443820504
690,845,155,0.155,0.9859405401647091
698,849,151,0.151,0.9842430941741913
694,847,153,0.153,0.999367333561182
694,847,153,0.153,1.0073008595341817
638,819,181,0.181,1.0428890462219715
642,821,179,0.179,1.0118925146907567
674,837,163,0.163,0.9600770903062076
716,858,142,0.142,0.9615696841031313
698,849,151,0.151,0.981702486529948
692,846,154,0.154,0.9456958131204428
664,832,168,0.168,1.0175686284953989
648,824,176,0.176,0.9987840133309365
688,844,156,0.156,0.9689854743629694
680,840,160,0.16,0.942503306761384
646,823,177,0.177,1.0164100830107927
672,836,164,0.164,0.9524050661846996
680,840,160,0.16,0.9795026853829623
630,815,185,0.185,1.0273981440216302
664,832,168,0.168,0.9827670253068209
654,827,173,0.173,1.0034505833946168
700,850,150,0.15,0.9838513987362385
740,870,130,0.13,0.9212190697342157
704,852,148,0.148,0.9738104763031006
656,828,172,0.172,1.0020798785984517
712,856,144,0.144,0.9890662280956203
680,840,160,0.16,0.9508585175871849
718,859,141,0.141,0.9174563285559416
684,842,158,0.158,0.9946182048618794
674,837,163,0.163,0.9545057796537876
744,872,128,0.128,0.9517867684066296
656,828,172,0.172,0.9574456575214862
720,860,140,0.14,0.9614463969767094
742,871,129,0.129,0.9528797193095088
710,855,145,0.145,0.9312792645395966
690,845,155,0.155,0.961900172792375
684,842,158,0.158,0.9932258093166165
726,863,137,0.137,0.9774969030376524
722,861,139,0.139,0.9608734688167433
694,847,153,0.153,1.0067375105489045
690,845,155,0.155,0.9725584735492121
686,843,157,0.157,1.0055906152427196
722,861,139,0.139,0.9443530326666078
726,863,137,0.137,0.9480870841443538
606,803,197,0.197,1.0131918399510904
660,830,170,0.17,0.984792325640563
628,814,186,0.186,1.0018582124859094
714,857,143,0.143,0.9679595769726147
614,807,193,0.193,1.023148803114891
692,846,154,0.154,0.9717512707076966
684,842,158,0.158,0.9896652921624481
668,834,166,0.166,1.0021418199818581
690,845,155,0.155,1.0087591785490513
686,843,157,0.157,0.9580530497431755
680,840,160,0.16,1.00178806579113
668,834,166,0.166,1.0426488279881887
730,865,135,0.135,0.9249154033064843
692,846,154,0.154,0.9657429731569136
662,831,169,0.169,1.03468539337083
630,815,185,0.185,1.0330193875730038
688,844,156,0.156,0.9982426307275891
674,837,163,0.163,0.9910028320109705
714,857,143,0.143,0.9839973961859941
714,857,143,0.143,0.9820994044115069
682,841,159,0.159,1.0360281696915847
694,847,153,0.153,1.0041540813744068
676,838,162,0.162,0.9801480011343956
684,842,158,0.158,0.9927347056092695
680,840,160,0.16,0.9838162517547607
722,861,139,0.139,0.9519208251386881
752,876,124,0.124,0.980694705426693
704,852,148,0.148,0.9776292611025273
668,834,166,0.166,1.0146657523687972
612,806,194,0.194,1.0402183991223575
740,870,130,0.13,0.9357909071445465
650,825,175,0.175,1.014417168006301
646,823,177,0.177,1.0286823007315398
692,846,154,0.154,0.9567298913281411
698,849,151,0.151,0.9867145339426934
644,822,178,0.178,1.0588741832152009
664,832,168,0.168,1.0024764724373818
684,842,158,0.158,1.0200396666728193
714,857,143,0.143,1.023889918386936
682,841,159,0.159,1.0022100858571938
624,812,188,0.188,1.020124273962043
692,846,154,0.154,1.0042598623335361
676,838,162,0.162,0.9963255838006735
674,837,163,0.163,1.0225604037358424
716,858,142,0.142,1.006939616650343
648,824,176,0.176,1.0355580966621638
680,840,160,0.16,1.03974901265472
648,824,176,0.176,1.0766998880417087
680,840,160,0.16,0.9867509904252365
698,849,151,0.151,1.0066211979538202
738,869,131,0.131,1.0025643905699253
716,858,142,0.142,0.9952389666534728
646,823,177,0.177,1.0155687927156687
682,841,159,0.159,1.0515143303764052
704,852,148,0.148,0.9895164548111388
698,849,151,0.151,0.9783239115774631
656,828,172,0.172,1.0319563739299775
698,849,151,0.151,1.0305762574076653
668,834,166,0.166,1.0541826219260693
700,850,150,0.15,1.0172870510816574
666,833,167,0.167,1.0224427122846245
658,829,171,0.171,1.0142967761009931
748,874,126,0.126,0.943703556984663
696,848,152,0.152,0.9905010845959187
700,850,150,0.15,1.008351303187199
666,833,167,0.167,1.0294503576946503
682,841,159,0.159,0.9845782358455254
690,845,155,0.155,1.028508515805006
730,865,135,0.135,0.9449347631186247
692,846,154,0.154,1.011508588596298
740,870,130,0.13,0.9750406200885773
642,821,179,0.179,1.0502243161542575
642,821,179,0.179,1.031613282956183
688,844,156,0.156,1.037958426207304
696,848,152,0.152,1.0053911106884479
688,844,156,0.156,0.9920247797369957
630,815,185,0.185,1.0555114028141834
700,850,150,0.15,0.9740638127624989
652,826,174,0.174,1.0228550459995167
644,822,178,0.178,1.052750001985929
696,848,152,0.152,1.0277738061398267
652,826,174,0.174,1.0070475942343473
712,856,144,0.144,1.0008282867968084
678,839,161,0.161,1.0140072571486234
706,853,147,0.147,0.9434768204092979
616,808,192,0.192,1.0517461654022335
672,836,164,0.164,1.0315366851691214
682,841,159,0.159,1.0568061946332765
702,851,149,0.149,1.049053212851286
670,835,165,0.165,1.0483589276373386
732,866,134,0.134,0.984591175891459
658,829,171,0.171,1.0685053186118603
680,840,160,0.16,1.0310432307187003
682,841,159,0.159,1.0011467908136547
654,827,173,0.173,1.031816975980997
618,809,191,0.191,1.0738198999762536
706,853,147,0.147,0.9990407716035843
694,847,153,0.153,1.0281147906780244
692,846,154,0.154,1.027152659286093
668,834,166,0.166,1.0345331642329694
682,841,159,0.159,0.9921827355027198
646,823,177,0.177,1.0318938610489714
708,854,146,0.146,1.0404575544595718
714,857,143,0.143,1.0101086244881152
672,836,164,0.164,0.998410520195961
646,823,177,0.177,1.062320449769497
716,858,142,0.142,1.0162077395994273
732,866,134,0.134,1.016457552667707
702,851,149,0.149,1.0382332162559031
690,845,155,0.155,1.0273942576497794
652,826,174,0.174,1.0309139616116882
676,838,162,0.162,1.0293812178446224
738,869,131,0.131,1.0503256634771825
680,840,160,0.16,1.0628987950962163
634,817,183,0.183,1.0271479283422231
648,824,176,0.176,1.0805232288837432
704,852,148,0.148,1.0467817201018332
696,848,152,0.152,1.080652058750391
704,852,148,0.148,1.034046054393053
638,819,181,0.181,1.0475175448060037
636,818,182,0.182,1.0297035994566976
656,828,172,0.172,1.0352524728477002
700,850,150,0.15,0.9877893171680334
704,852,148,0.148,1.0552511537969111
688,844,156,0.156,1.0409986924529075
662,831,169,0.169,1.034424809448654
684,842,158,0.158,1.0344359789509325
672,836,164,0.164,1.0841548372395338
734,867,133,0.133,1.0453561846841004
638,819,181,0.181,1.035961877335154
772,886,114,0.114,0.9838910061391071
722,861,139,0.139,1.0201657927640335
672,836,164,0.164,1.0498972997367382
686,843,157,0.157,1.0468170913308859
660,830,170,0.17,1.0317081124335528
644,822,178,0.178,1.0651631590880801
702,851,149,0.149,1.0252147027850151
692,846,154,0.154,1.0352150765894657
706,853,147,0.147,1.0321571173369883
642,821,179,0.179,1.0500700666308402
708,854,146,0.146,1.0104001826047897
692,846,154,0.154,1.0190124499574305
772,886,114,0.114,0.9899218413179915
634,817,183,0.183,1.0390553082302212
608,804,196,0.196,1.0703442715182028
692,846,154,0.154,1.0499661574959755
700,850,150,0.15,1.0126584012806417
686,843,157,0.157,1.0711744953542948
632,816,184,0.184,1.0691959193229177
694,847,153,0.153,0.9903749539256096
656,828,172,0.172,1.0305977919669005
730,865,135,0.135,0.9903390379879313
658,829,171,0.171,1.0540393143296243
632,816,184,0.184,1.0697297056876123
718,859,141,0.141,1.0229977605044842
694,847,153,0.153,1.0564147343917867
724,862,138,0.138,1.0043328720629214
602,801,199,0.199,1.0639580759251088
652,826,174,0.174,1.0696972340941429
698,849,151,0.151,1.068412371635437
652,826,174,0.174,1.0457338465750217
682,841,159,0.159,1.1031179083287717
620,810,190,0.19,1.0684786205163692
642,821,179,0.179,1.0950613156683684
628,814,186,0.186,1.0611738387811929
658,829,171,0.171,1.0591236968338489
658,829,171,0.171,1.0613764776978643
714,857,143,0.143,1.0313227947950363
662,831,169,0.169,1.0591405456587673
700,850,150,0.15,1.0157208355367184
662,831,169,0.169,1.07390541509351
708,854,146,0.146,1.0143452057540416
664,832,168,0.168,1.044345905715058
718,859,141,0.141,1.0753539275676012
742,871,129,0.129,0.9865476854257286
708,854,146,0.146,1.0721945648193358
658,829,171,0.171,1.0846299441754819
674,837,163,0.163,1.1042678100355552
634,817,183,0.183,1.0856180078336037
714,857,143,0.143,1.0069687472069635
642,821,179,0.179,1.0697435744567163
740,870,130,0.13,1.0117798556238413
728,864,136,0.136,1.0246396078169346
708,854,146,0.146,1.0907333537749946
694,847,153,0.153,1.0776373471756233
714,857,143,0.143,1.0204184937775136
646,823,177,0.177,1.0781405371725559
718,859,141,0.141,1.0430712780058384
692,846,154,0.154,1.0544942608147538
678,839,161,0.161,1.0986405365467071
614,807,193,0.193,1.0732039749473334
684,842,158,0.158,1.068713770031929
676,838,162,0.162,0.9999432580182329
674,837,163,0.163,1.0821496176033238
604,802,198,0.198,1.0939667459130287
662,831,169,0.169,1.0635016601383687
662,831,169,0.169,1.0887009632587432
644,822,178,0.178,1.0601254642231215
688,844,156,0.156,1.0968389195799828
738,869,131,0.131,1.037058373004198
676,838,162,0.162,1.0714408887997269
660,830,170,0.17,1.092950169146061
686,843,157,0.157,1.0599599503353239
648,824,176,0.176,1.0531013027578593
676,838,162,0.162,1.0880005113109947
638,819,181,0.181,1.0514054042284589
720,860,140,0.14,1.049469871376641
736,868,132,0.132,1.0056602139174937
630,815,185,0.185,1.110410531932991
706,853,147,0.147,1.0637094254493713
664,832,168,0.168,1.0412091345973313
704,852,148,0.148,1.0322458018362521
660,830,170,0.17,1.0698727197647095
680,840,160,0.16,1.0456631764471531
652,826,174,0.174,1.0412867189049722
678,839,161,0.161,1.0840240092705935
684,842,158,0.158,1.0813396795447916
644,822,178,0.178,1.0765649248063565
656,828,172,0.172,1.0484176481105387
710,855,145,0.145,1.0470864303708076
654,827,173,0.173,1.066365978974849
686,843,157,0.157,1.0968393857031478
692,846,154,0.154,1.090161700727418
708,854,146,0.146,1.0690950831374393
688,844,156,0.156,1.0891671980917454
700,850,150,0.15,1.0522653130292892
772,886,114,0.114,0.9921019860208035
728,864,136,0.136,1.0308640131056317
744,872,128,0.128,0.9881078369915486
722,861,139,0.139,1.0410032153287903
756,878,122,0.122,0.9956589404046535
626,813,187,0.187,1.0878439481596014
700,850,150,0.15,1.050120378613472
656,828,172,0.172,1.0936267446428538
692,846,154,0.154,1.0420499833524226
672,836,164,0.164,1.0274748095162214
674,837,163,0.163,1.0567583248205483
654,827,173,0.173,1.0823665451817923
698,849,151,0.151,1.06378243088632
710,855,145,0.145,1.0487217201292516
676,838,162,0.162,1.0633789289045381
706,853,147,0.147,1.0495771516859531
662,831,169,0.169,1.0752552953511476
668,834,166,0.166,1.1308579348623753
698,849,151,0.151,1.0769743621665984
730,865,135,0.135,1.0499057351350785
610,805,195,0.195,1.097522843138614
656,828,172,0.172,1.054300432920456
718,859,141,0.141,1.0619095893800259
700,850,150,0.15,1.0544978365004063
658,829,171,0.171,1.0544240556061268
696,848,152,0.152,1.101744741920149
678,839,161,0.161,1.0974720093053765
696,848,152,0.152,1.030165605723858
696,848,152,0.152,1.0418879940211774
698,849,151,0.151,1.0867138606905937
646,823,177,0.177,1.113335997717455
658,829,171,0.171,1.125643441542983
674,837,163,0.163,1.0892538606524467
640,820,180,0.18,1.094874269872904
748,874,126,0.126,1.0272687922120094
744,872,128,0.128,1.0219150186239516
686,843,157,0.157,1.0884527482688426
716,858,142,0.142,1.0729387176334857
690,845,155,0.155,1.0666716949344877
640,820,180,0.18,1.1399615356624127
696,848,152,0.152,1.0395562811493873
712,856,144,0.144,1.0863614211678505
686,843,157,0.157,1.0803726859390737
690,845,155,0.155,1.0842093848884107
650,825,175,0.175,1.1078106665010674
676,838,162,0.162,1.113089173167944
688,844,156,0.156,1.076103140115738
634,817,183,0.183,1.0500022577494383
710,855,145,0.145,1.059689484576229
718,859,141,0.141,1.089599323556352
740,870,130,0.13,1.0760568571090698
678,839,161,0.161,1.1224784495159983
724,862,138,0.138,1.068232830673456
724,862,138,0.138,1.0185025936216117
592,796,204,0.204,1.1399368772804737
728,864,136,0.136,1.0677163835465908
700,850,150,0.15,1.1112250997126103
726,863,137,0.137,1.0714612395465375
664,832,168,0.168,1.1005492065250873
656,828,172,0.172,1.0973756524324416
684,842,158,0.158,1.114279834151268
702,851,149,0.149,1.0724403075240552
610,805,195,0.195,1.0588373101521282
674,837,163,0.163,1.086173439234495
690,845,155,0.155,1.0777621030211448
724,862,138,0.138,1.086369503468275
726,863,137,0.137,1.0865240341126918
694,847,153,0.153,1.0807900938216188
728,864,136,0.136,1.046406681161374
680,840,160,0.16,1.0984566100239754
692,846,154,0.154,1.1101279860915383
748,874,126,0.126,1.0502969630360603
658,829,171,0.171,1.1286273924261332
610,805,195,0.195,1.1069903746265919
598,799,201,0.201,1.1227466797232628
604,802,198,0.198,1.1556125535964965
710,855,145,0.145,1.0766036619246007
688,844,156,0.156,1.093391602307558
682,841,159,0.159,1.1037986662755228
730,865,135,0.135,1.0626833302676677
616,808,192,0.192,1.148631182592362
676,838,162,0.162,1.082161282926798
656,828,172,0.172,1.1198463967591523
674,837,163,0.163,1.1338456281423568
696,848,152,0.152,1.1034184849262239
698,849,151,0.151,1.054412741214037
686,843,157,0.157,1.1049371215701103
668,834,166,0.166,1.0970962278363294
668,834,166,0.166,1.1301407231390477
744,872,128,0.128,1.0650836011359461
724,862,138,0.138,1.0901197775900364
620,810,190,0.19,1.128104725778103
712,856,144,0.144,1.0901989894369617
652,826,174,0.174,1.1031700052320956
674,837,163,0.163,1.1233812816370528
726,863,137,0.137,1.0538653831481934
710,855,145,0.145,1.1011441390924155
668,834,166,0.166,1.1128453797502442
666,833,167,0.167,1.1383573789000512
668,834,166,0.166,1.1450949033498765
766,883,117,0.117,1.084057199416682
744,872,128,0.128,1.0887606737315654
698,849,151,0.151,1.0993629370834388
722,861,139,0.139,1.0675196249842993
698,849,151,0.151,1.1103634682893753
744,872,128,0.128,1.06866861204803
684,842,158,0.158,1.0746126800775528
682,841,159,0.159,1.1541042494475842
680,840,160,0.16,1.1057311190113979
724,862,138,0.138,1.0494491995649509
714,857,143,0.143,1.1190097100575862
708,854,146,0.146,1.09645897641778
642,821,179,0.179,1.1087786325514317
652,826,174,0.174,1.1062963944673538
666,833,167,0.167,1.115380983531475
702,851,149,0.149,1.099491543829441
732,866,134,0.134,1.0444433759888125
646,823,177,0.177,1.1361147736907005
650,825,175,0.175,1.1482599638104438
696,848,152,0.152,1.1060002026185394
690,845,155,0.155,1.0890913674701006
782,891,109,0.109,1.0707816044390202
720,860,140,0.14,1.1026168398349545
670,835,165,0.165,1.116147914201021
726,863,137,0.137,1.087677880214993
656,828,172,0.172,1.0947884089561848
612,806,194,0.194,1.1729882712541149
672,836,164,0.164,1.1009628590643405
684,842,158,0.158,1.1317021829634906
674,837,163,0.163,1.1466126548945903
656,828,172,0.172,1.1604543366134166
684,842,158,0.158,1.13218099796772
734,867,133,0.133,1.104908154785633
734,867,133,0.133,1.119088585432619
712,856,144,0.144,1.1049418712258339
634,817,183,0.183,1.1344690014496446
704,852,148,0.148,1.098573999106884
692,846,154,0.154,1.1420489834547043
642,821,179,0.179,1.1318559308052063
648,824,176,0.176,1.1459541229903698
682,841,159,0.159,1.1234346086905571
670,835,165,0.165,1.1256701908337419
642,821,179,0.179,1.1426018766388297
658,829,171,0.171,1.1554883946692571
656,828,172,0.172,1.1437887763899737
666,833,167,0.167,1.0960359951462597
684,842,158,0.158,1.1031726967319846
696,848,152,0.152,1.1491011111438274
652,826,174,0.174,1.1291788750886917
730,865,135,0.135,1.1078582856059074
712,856,144,0.144,1.1302347888350486
656,828,172,0.172,1.198171566984136
612,806,194,0.194,1.1832113955020904
658,829,171,0.171,1.159846281349659
726,863,137,0.137,1.0977821436013329
668,834,166,0.166,1.0938699218172696
680,840,160,0.16,1.1425512934029103
658,829,171,0.171,1.1505563760399817
712,856,144,0.144,1.0552469536066056
672,836,164,0.164,1.131046795040369
696,848,152,0.152,1.091072427585721
670,835,165,0.165,1.1364426149055362
698,849,151,0.151,1.1645227669477463
646,823,177,0.177,1.1340505504365819
640,820,180,0.18,1.1485171431303025
722,861,139,0.139,1.115397343635559
724,862,138,0.138,1.140701610058546
700,850,150,0.15,1.1352607232333503
694,847,153,0.153,1.137278776012361
686,843,157,0.157,1.1579262271160113
680,840,160,0.16,1.126198053508997
702,851,149,0.149,1.1221029106378555
698,849,151,0.151,1.0922181012630463
660,830,170,0.17,1.1261873476803304
658,829,171,0.171,1.1682558232322335
628,814,186,0.186,1.1509908277094365
678,839,161,0.161,1.1406407357018846
728,864,136,0.136,1.0819422777760193
662,831,169,0.169,1.1538829912617803
676,838,162,0.162,1.1483903722465039
706,853,147,0.147,1.1283876884391648
702,851,149,0.149,1.1067981084138154
708,854,146,0.146,1.1111200726032258
630,815,185,0.185,1.1578139682710171
700,850,150,0.15,1.1454290869832038
632,816,184,0.184,1.17197979798913
620,810,190,0.19,1.1652440593298525
654,827,173,0.173,1.1360261335372925
728,864,136,0.136,1.1155725587010383
660,830,170,0.17,1.1371585418879986
732,866,134,0.134,1.0971121979560703
704,852,148,0.148,1.1223998238444328
696,848,152,0.152,1.1212429007984888
646,823,177,0.177,1.1176205577254295
690,845,155,0.155,1.1343806821107865
644,822,178,0.178,1.1539990837574006
666,833,167,0.167,1.139577243080625
736,868,132,0.132,1.1278078359365464
700,850,150,0.15,1.0991800397336482
610,805,195,0.195,1.1884486242635175
706,853,147,0.147,1.085558286441341
688,844,156,0.156,1.1389930055141448
702,851,149,0.149,1.1529174942958342
690,845,155,0.155,1.0918381892748776
666,833,167,0.167,1.1316331253945828
650,825,175,0.175,1.1310156654119492
688,844,156,0.156,1.1132445193529128
650,825,175,0.175,1.1592735712453723
660,830,170,0.17,1.1515022897341702
710,855,145,0.145,1.1335996658802032
682,841,159,0.159,1.128118184549734
720,860,140,0.14,1.1157187891602516
694,847,153,0.153,1.120804105103016
614,807,193,0.193,1.151087356865406
706,853,147,0.147,1.0989060522941871
700,850,150,0.15,1.143957993477583
650,825,175,0.175,1.1777248600125312
654,827,173,0.173,1.122778969974406
650,825,175,0.175,1.155910872772336
748,874,126,0.126,1.0624444087147713
696,848,152,0.152,1.1263046431541444
692,846,154,0.154,1.139522166875191
698,849,151,0.151,1.124690127119422
700,850,150,0.15,1.118799437135458
672,836,164,0.164,1.1208680711427097
696,848,152,0.152,1.1341836540699004
644,822,178,0.178,1.139361177906394
640,820,180,0.18,1.1309941298365593
712,856,144,0.144,1.1367939029634
640,820,180,0.18,1.1679495146498085
670,835,165,0.165,1.1449937347620727
660,830,170,0.17,1.1631571513116359
676,838,162,0.162,1.1471984567642213
674,837,163,0.163,1.137211770489812
708,854,146,0.146,1.123004249365127
636,818,182,0.182,1.137064751446247
694,847,153,0.153,1.0887433011233807
712,856,144,0.144,1.1107674077451228
690,845,155,0.155,1.1511028766916134
662,831,169,0.169,1.1408619101958795
712,856,144,0.144,1.1290560718774796
734,867,133,0.133,1.1306155032515526
696,848,152,0.152,1.1453126784265042
586,793,207,0.207,1.1832556617242518
770,885,115,0.115,1.0569858340136706
662,831,169,0.169,1.1675969935655595
696,848,152,0.152,1.1071444351673125
704,852,148,0.148,1.1241375508904456
620,810,190,0.19,1.1678983011245727
610,805,195,0.195,1.1477313659712671
732,866,134,0.134,1.1254751201805193
696,848,152,0.152,1.132136889576912
726,863,137,0.137,1.122398949444294
732,866,134,0.134,1.0944621032376307
690,845,155,0.155,1.1240581831634044
702,851,149,0.149,1.1135470033288002
694,847,153,0.153,1.156556909454055
756,878,122,0.122,1.073984106183052
670,835,165,0.165,1.1431073444336652
680,840,160,0.16,1.143969621360302
710,855,145,0.145,1.1195777873560437
690,845,155,0.155,1.1410005084574575
730,865,135,0.135,1.09627288383618
706,853,147,0.147,1.1191615200936795
712,856,144,0.144,1.1326325488686562
662,831,169,0.169,1.1107243258953095
690,845,155,0.155,1.1346452485918999
662,831,169,0.169,1.1055814112517983
702,851,149,0.149,1.144153556317091
622,811,189,0.189,1.175240477025509
720,860,140,0.14,1.13737160718441
694,847,153,0.153,1.120239808768034
754,877,123,0.123,1.1282417634129525
718,859,141,0.141,1.116862579226494
642,821,179,0.179,1.1563330856580287
670,835,165,0.165,1.1410229728221892
732,866,134,0.134,1.1266984562277793
664,832,168,0.168,1.128821620285511
652,826,174,0.174,1.1648381501585245
688,844,156,0.156,1.12481986784935
678,839,161,0.161,1.182276618629694
672,836,164,0.164,1.1662607262134552
712,856,144,0.144,1.1306189314126969
698,849,151,0.151,1.1078777397871018
712,856,144,0.144,1.1009632351994514
716,858,142,0.142,1.1037123484909535
730,865,135,0.135,1.1133201389461755
698,849,151,0.151,1.1174310705436947
680,840,160,0.16,1.1228892359733582
662,831,169,0.169,1.1722305810451508
664,832,168,0.168,1.1353201329112053
738,869,131,0.131,1.1318950548240683
634,817,183,0.183,1.1403681821525098
672,836,164,0.164,1.1339124587237857
708,854,146,0.146,1.1212246051430703
702,851,149,0.149,1.1135806143805385
698,849,151,0.151,1.1340584790843604
672,836,164,0.164,1.157593798480928
698,849,151,0.151,1.1260059081056388
696,848,152,0.152,1.1180265949964523
664,832,168,0.168,1.1503795019388199
634,817,183,0.183,1.1406599301099778
722,861,139,0.139,1.1354512671851062
656,828,172,0.172,1.1717025982833147
756,878,122,0.122,1.0833779719769954
638,819,181,0.181,1.1368934113979339
684,842,158,0.158,1.1148921842873096
678,839,161,0.161,1.135251568198204
728,864,136,0.136,1.1124990881979466
720,860,140,0.14,1.1312663467775437
724,862,138,0.138,1.101706255942583
632,816,184,0.184,1.1656326365519198
676,838,162,0.162,1.1370269887783255
726,863,137,0.137,1.081743845582082
660,830,170,0.17,1.1562495532333852
712,856,144,0.144,1.0967119769454003
694,847,153,0.153,1.1151195045858622
646,823,177,0.177,1.1491158241182566
684,842,158,0.158,1.1463026268482208
766,883,117,0.117,1.0684063271284103
660,830,170,0.17,1.1032726377891522
652,826,174,0.174,1.1570591076016425
676,838,162,0.162,1.126458715702407
666,833,167,0.167,1.149294181510806
710,855,145,0.145,1.1214946554005145
668,834,166,0.166,1.1330280578434466
718,859,141,0.141,1.0974023565351962
706,853,147,0.147,1.1394905348196627
714,857,143,0.143,1.0877575683444738
742,871,129,0.129,1.117532715857029
664,832,168,0.168,1.1055574078330106
718,859,141,0.141,1.1214121522307396
686,843,157,0.157,1.0984028815208002
746,873,127,0.127,1.106167638093233
670,835,165,0.165,1.148012943148613
658,829,171,0.171,1.0961001769006253
668,834,166,0.166,1.1611405678093434
660,830,170,0.17,1.1512689993456007
656,828,172,0.172,1.123444446414709
726,863,137,0.137,1.119250192821026
624,812,188,0.188,1.1549041249379515
740,870,130,0.13,1.1036903194487095
722,861,139,0.139,1.102061260521412
630,815,185,0.185,1.184423814535141
700,850,150,0.15,1.1096660780608654
722,861,139,0.139,1.1094729176163673
700,850,150,0.15,1.1516799053698779
706,853,147,0.147,1.1545604928173125
638,819,181,0.181,1.1617487443685532
650,825,175,0.175,1.1664731802056594
692,846,154,0.154,1.1309417854566126
616,808,192,0.192,1.1600684070587157
668,834,166,0.166,1.1195555478930472
704,852,148,0.148,1.1070307098031045
710,855,145,0.145,1.1148946311473846
678,839,161,0.161,1.1301382367908954
654,827,173,0.173,1.1447269432655658
712,856,144,0.144,1.083841215133667
672,836,164,0.164,1.1351559494771064
672,836,164,0.164,1.158600641965866
630,815,185,0.185,1.1565808917395963
684,842,158,0.158,1.102603576181223
696,848,152,0.152,1.1028125482797622
718,859,141,0.141,1.1402144085559993
730,865,135,0.135,1.1121194059848785
758,879,121,0.121,1.082815090060234
684,842,158,0.158,1.1308905767798423
708,854,146,0.146,1.1118711305856706
702,851,149,0.149,1.1266063764971224
698,849,151,0.151,1.13052593049407
696,848,152,0.152,1.118243572831154
728,864,136,0.136,1.084025082617998
748,874,126,0.126,1.086257726430893
700,850,150,0.15,1.110427033483982
684,842,158,0.158,1.129748198866844
722,861,139,0.139,1.1317912099957466
676,838,162,0.162,1.1358342407895252
694,847,153,0.153,1.1311991428237689
722,861,139,0.139,1.1226096674650907
682,841,159,0.159,1.1493039638400078
736,868,132,0.132,1.0978288733959198
750,875,125,0.125,1.085125266429037
688,844,156,0.156,1.1160422231256961
652,826,174,0.174,1.1250011383891105
710,855,145,0.145,1.1114041337687521
744,872,128,0.128,1.0919203149564565
714,857,143,0.143,1.085399352916982
634,817,183,0.183,1.1396198430359363
722,861,139,0.139,1.0825351017864315
612,806,194,0.194,1.175113878659904
698,849,151,0.151,1.1411900584846735
654,827,173,0.173,1.098077590962872
704,852,148,0.148,1.1427807551324367
640,820,180,0.18,1.1390976068602177
682,841,159,0.159,1.1189239989091027
736,868,132,0.132,1.0912899031620473
676,838,162,0.162,1.133557200036943
710,855,145,0.145,1.1263728604763745
704,852,148,0.148,1.1189943608641624
704,852,148,0.148,1.1624021376371383
732,866,134,0.134,1.1019774696277453
738,869,131,0.131,1.1024600738286972
696,848,152,0.152,1.1163389434687851
712,856,144,0.144,1.1170791799537838
706,853,147,0.147,1.1369283987879752
674,837,163,0.163,1.1148767238482833
694,847,153,0.153,1.1111629079304461
710,855,145,0.145,1.1395072662234307
666,833,167,0.167,1.1433008746504785
704,852,148,0.148,1.0896501858234406
700,850,150,0.15,1.0855966255366802
726,863,137,0.137,1.109688699465245
702,851,149,0.149,1.1193849207061575
698,849,151,0.151,1.1043463762402534
624,812,188,0.188,1.1297428723573684
646,823,177,0.177,1.1347212464611949
680,840,160,0.16,1.1119499230086805
690,845,155,0.155,1.1157770855724811
664,832,168,0.168,1.1342604903727769
636,818,182,0.182,1.1274855868776061
668,834,166,0.166,1.1332297327554124
682,841,159,0.159,1.1116818462610245
708,854,146,0.146,1.1129550231695176
724,862,138,0.138,1.1232036231160163
690,845,155,0.155,1.1127442857921124
724,862,138,0.138,1.1038386138677596
678,839,161,0.161,1.1406712760329247
676,838,162,0.162,1.1246333206743002
744,872,128,0.128,1.0828919363361784
746,873,127,0.127,1.1188803654015065
704,852,148,0.148,1.0944306414425373
616,808,192,0.192,1.1940198533535005
714,857,143,0.143,1.1112211214727723
654,827,173,0.173,1.1242877177000046
656,828,172,0.172,1.1136592522263526
742,871,129,0.129,1.101858116994117
710,855,145,0.145,1.1014230707585813
744,872,128,0.128,1.0377656408459879
708,854,146,0.146,1.0932704834342002
736,868,132,0.132,1.0972536464035512
714,857,143,0.143,1.120097080051899
688,844,156,0.156,1.0940381939709187
684,842,158,0.158,1.107184168547741
682,841,159,0.159,1.1281530286073684
690,845,155,0.155,1.1353894779906841
638,819,181,0.181,1.1263224403560161
720,860,140,0.14,1.1080122434198856
682,841,159,0.159,1.126825877815485
738,869,131,0.131,1.0793583071529864
676,838,162,0.162,1.1126423764824867
720,860,140,0.14,1.1330293733030559
722,861,139,0.139,1.0942248274981976
660,830,170,0.17,1.1267320131127723
682,841,159,0.159,1.1110044265091419
736,868,132,0.132,1.1154626883864402
668,834,166,0.166,1.1205694682002068
708,854,146,0.146,1.0946744246184825
732,866,134,0.134,1.0792342600375413
710,855,145,0.145,1.0978700961768628
782,891,109,0.109,1.0586261742264031
694,847,153,0.153,1.1231925393640996
664,832,168,0.168,1.1334505714774132
712,856,144,0.144,1.111804858289659
666,833,167,0.167,1.146388021349907
670,835,165,0.165,1.1340636922831182
690,845,155,0.155,1.117112684787251
680,840,160,0.16,1.129995549031999
666,833,167,0.167,1.1087413050308823
716,858,142,0.142,1.063182036199607
624,812,188,0.188,1.1183885054588318
678,839,161,0.161,1.0793075678646564
666,833,167,0.167,1.137615438759327
724,862,138,0.138,1.0964182643952805
738,869,131,0.131,1.051934337388695
708,854,146,0.146,1.0836344441771517
684,842,158,0.158,1.103877601504326
634,817,183,0.183,1.1334482669979333
702,851,149,0.149,1.0900506614148617
716,858,142,0.142,1.1010898176431656
706,853,147,0.147,1.119778111383319
680,840,160,0.16,1.1108325092345477
732,866,134,0.134,1.0997242667153477
752,876,124,0.124,1.0859606166929006
736,868,132,0.132,1.092536279460183
734,867,133,0.133,1.0919919328987597
694,847,153,0.153,1.1021789719884527
692,846,154,0.154,1.1159498438239097
644,822,178,0.178,1.1532167986333377
710,855,145,0.145,1.1054510094929269
706,853,147,0.147,1.1023446809374726
672,836,164,0.164,1.0845989192947745
704,852,148,0.148,1.161813738465309
660,830,170,0.17,1.1312540414482355
662,831,169,0.169,1.1252224509865045
648,824,176,0.176,1.150527886837721
714,857,143,0.143,1.131832719027996
682,841,159,0.159,1.1247985725918344
698,849,151,0.151,1.127210845336318
746,873,127,0.127,1.1275668947398663
638,819,181,0.181,1.133808232665062
750,875,125,0.125,1.1010708946702943
720,860,140,0.14,1.107499733030796
680,840,160,0.16,1.1067641512453557
718,859,141,0.141,1.1316794463396072
638,819,181,0.181,1.1460016007125378
708,854,146,0.146,1.1188858979940415
738,869,131,0.131,1.0976388148665428
714,857,143,0.143,1.1319604167910293
750,875,125,0.125,1.084986870113702
728,864,136,0.136,1.1147367946207523
694,847,153,0.153,1.0987563753649592
678,839,161,0.161,1.137673411563039
668,834,166,0.166,1.1567633090317249
666,833,167,0.167,1.1392177892327309
724,862,138,0.138,1.0936500638723374
740,870,130,0.13,1.0400388534851372
676,838,162,0.162,1.1435302472114564
714,857,143,0.143,1.0934573975652457
732,866,134,0.134,1.0631878962889314
756,878,122,0.122,1.077637304082513
668,834,166,0.166,1.1250928986668587
674,837,163,0.163,1.1415036990642549
706,853,147,0.147,1.0914241156578064
754,877,123,0.123,1.052459060203284
652,826,174,0.174,1.1530576914548873
658,829,171,0.171,1.16282865165174
754,877,123,0.123,1.0830882154107093
738,869,131,0.131,1.076166870623827
736,868,132,0.132,1.1172977447509767
664,832,168,0.168,1.1450723445117474
704,852,148,0.148,1.1261572059988976
714,857,143,0.143,1.0967863501012325
724,862,138,0.138,1.115153119504059
628,814,186,0.186,1.1197982508540154
702,851,149,0.149,1.0974073038995267
650,825,175,0.175,1.1098006818592547
706,853,147,0.147,1.117259627859852
690,845,155,0.155,1.1309781374782324
688,844,156,0.156,1.1206912217140197
764,882,118,0.118,1.1004672405025921
668,834,166,0.166,1.1547022972423584
742,871,129,0.129,1.07383887809515
714,857,143,0.143,1.134938894033432
666,833,167,0.167,1.1179256538152695
710,855,145,0.145,1.0821513274461032
672,836,164,0.164,1.1270633995234967
704,852,148,0.148,1.1402460246682167
710,855,145,0.145,1.1446462246589362
676,838,162,0.162,1.114725745022297
670,835,165,0.165,1.1409859293028712
718,859,141,0.141,1.1312778729200363
650,825,175,0.175,1.165177087252494
690,845,155,0.155,1.122398975491988
690,845,155,0.155,1.118619246482849
662,831,169,0.169,1.135603441387415
714,857,143,0.143,1.1017654392626137
614,807,193,0.193,1.1438169991672038
734,867,133,0.133,1.1016712025702
682,841,159,0.159,1.1374086228013038
686,843,157,0.157,1.1303634424060582
652,826,174,0.174,1.1446852904558182
662,831,169,0.169,1.144405813459307
688,844,156,0.156,1.12398395909369
696,848,152,0.152,1.1049640080928802
674,837,163,0.163,1.1274087837907425
722,861,139,0.139,1.1225102981757404
714,857,143,0.143,1.1012593966126443
704,852,148,0.148,1.1228752121925354
642,821,179,0.179,1.1492270540595055
688,844,156,0.156,1.1289216898123269
704,852,148,0.148,1.1201162359118462
686,843,157,0.157,1.1223080927431583
706,853,147,0.147,1.1367082265727222
656,828,172,0.172,1.1309871069686581
704,852,148,0.148,1.1687919053435325
742,871,129,0.129,1.0903713905215264
702,851,149,0.149,1.1374605445372727
736,868,132,0.132,1.1141200512968934
700,850,150,0.15,1.1460379400253295
708,854,146,0.146,1.1393049149513244
684,842,158,0.158,1.1704121731184423
728,864,136,0.136,1.0970980126857757
694,847,153,0.153,1.1461775357127189
662,831,169,0.169,1.1433290029615164
656,828,172,0.172,1.1586292062997818
678,839,161,0.161,1.1102026657685637
696,848,152,0.152,1.1434902617335319
698,849,151,0.151,1.1287545275671873
680,840,160,0.16,1.157151722189039
698,849,151,0.151,1.184715985558927
692,846,154,0.154,1.1434141746163369
744,872,128,0.128,1.0979604650586843
738,869,131,0.131,1.1213397031761705
728,864,136,0.136,1.1065020149722695
730,865,135,0.135,1.1439991644620895
708,854,146,0.146,1.1040972142219543
764,882,118,0.118,1.1105645473599435
730,865,135,0.135,1.1037333453297615
672,836,164,0.164,1.1629742696243792
708,854,146,0.146,1.1252900539040565
700,850,150,0.15,1.1352220801096409
710,855,145,0.145,1.1325354636907579
690,845,155,0.155,1.1374184796214104
678,839,161,0.161,1.143880213022242
686,843,157,0.157,1.1588717046380044
700,850,150,0.15,1.1301597702801227
672,836,164,0.164,1.144475112361135
696,848,152,0.152,1.1285886133015155
646,823,177,0.177,1.1754844257363584
742,871,129,0.129,1.1169142823815346
772,886,114,0.114,1.12619672990228
724,862,138,0.138,1.1349411628842354
698,849,151,0.151,1.1418301005363465
736,868,132,0.132,1.148037096068263
698,849,151,0.151,1.1480677062869071
680,840,160,0.16,1.1789016497731208
722,861,139,0.139,1.1479939917176962
712,856,144,0.144,1.142900649011135
668,834,166,0.166,1.1473741639107466
682,841,159,0.159,1.1520282842859741
722,861,139,0.139,1.1700070964543483
614,807,193,0.193,1.2033851720094682
694,847,153,0.153,1.173312563517029
700,850,150,0.15,1.127154913663864
716,858,142,0.142,1.1808048633690924
778,889,111,0.111,1.137798758149147
742,871,129,0.129,1.1328309291899203
658,829,171,0.171,1.2080779794752599
700,850,150,0.15,1.1923962802290917
718,859,141,0.141,1.1255159235447645
672,836,164,0.164,1.1710706363022327
684,842,158,0.158,1.1455005948543548
688,844,156,0.156,1.207940812110901
638,819,181,0.181,1.1742200372815133
704,852,148,0.148,1.1542174191772938
698,849,151,0.151,1.1470599350482225
730,865,135,0.135,1.1242031237408519
706,853,147,0.147,1.134928306519985
686,843,157,0.157,1.156807321369648
710,855,145,0.145,1.1591409042086451
680,840,160,0.16,1.2086339306226
696,848,152,0.152,1.1687189584387583
716,858,142,0.142,1.166332615852356
736,868,132,0.132,1.1788804666399957
662,831,169,0.169,1.1860519039034843
752,876,124,0.124,1.1203998917341231
686,843,157,0.157,1.169337859764695
700,850,150,0.15,1.1596706130172798
738,869,131,0.131,1.139800221145153
714,857,143,0.143,1.1709780065842788
748,874,126,0.126,1.1218397666215896
660,830,170,0.17,1.1960079115778208
702,851,149,0.149,1.1690881586670876
684,842,158,0.158,1.1639096879959105
680,840,160,0.16,1.1552787619251759
684,842,158,0.158,1.189797224700451
690,845,155,0.155,1.1896132225245237
684,842,158,0.158,1.1929129421114921
682,841,159,0.159,1.182756088733673
742,871,129,0.129,1.1534356082975865
724,862,138,0.138,1.157490252699703
698,849,151,0.151,1.1906919118048391
670,835,165,0.165,1.183297275720164
722,861,139,0.139,1.1958130762130021
686,843,157,0.157,1.1786992572695016
694,847,153,0.153,1.2059592371907784
668,834,166,0.166,1.185928337931633
770,885,115,0.115,1.1337094761133193
708,854,146,0.146,1.1771237530692082
704,852,148,0.148,1.174159515887499
716,858,142,0.142,1.176372300412506
784,892,108,0.108,1.1721411489844322
734,867,133,0.133,1.172221226453781
660,830,170,0.17,1.2151472319420427
730,865,135,0.135,1.1809140050411224
720,860,140,0.14,1.1811820351481437
718,859,141,0.141,1.1651545787155628
708,854,146,0.146,1.2057625903487206
710,855,145,0.145,1.1859721953868867
728,864,136,0.136,1.1741336691901088
736,868,132,0.132,1.1566160746105014
680,840,160,0.16,1.2249439541101457
724,862,138,0.138,1.1858436182467267
738,869,131,0.131,1.1755521563291549
692,846,154,0.154,1.208405514717102
702,851,149,0.149,1.1845394791979342
724,862,138,0.138,1.1847830425947905
726,863,137,0.137,1.1752310089742533
634,817,183,0.183,1.2097130650877952
718,859,141,0.141,1.1733266421407462
692,846,154,0.154,1.2015269382075058
738,869,131,0.131,1.1657991604804994
656,828,172,0.172,1.2167637884747238
718,859,141,0.141,1.177209747686982
708,854,146,0.146,1.179247968673706
720,860,140,0.14,1.1844865440130234
722,861,139,0.139,1.1647121889591217
754,877,123,0.123,1.1828400689363479
626,813,187,0.187,1.2633360482454299
674,837,163,0.163,1.212001357446299
660,830,170,0.17,1.2260245897769928
670,835,165,0.165,1.1998349077705703
646,823,177,0.177,1.1905915014147759
706,853,147,0.147,1.1726297702719457
732,866,134,0.134,1.2042502321600914
732,866,134,0.134,1.1945483838915825
716,858,142,0.142,1.1814734814763068
730,865,135,0.135,1.1583662760853768
686,843,157,0.157,1.202726621285081
712,856,144,0.144,1.2152238041758536
726,863,137,0.137,1.1734583704465953
698,849,151,0.151,1.2113794695179094
728,864,136,0.136,1.1745131881833077
730,865,135,0.135,1.1916890651583671
670,835,165,0.165,1.1694435206055642
632,816,184,0.184,1.1997915851473808
718,859,141,0.141,1.1634695116560907
742,871,129,0.129,1.1799326917110724
700,850,150,0.15,1.1915154047608376
726,863,137,0.137,1.1824447223842145
700,850,150,0.15,1.1835157489133998
670,835,165,0.165,1.1881261796951295
716,858,142,0.142,1.1757725006639956
686,843,157,0.157,1.1835659717917442
682,841,159,0.159,1.2092653620168567
648,824,176,0.176,1.212647161266068
688,844,156,0.156,1.2085890893258606
680,840,160,0.16,1.1977843295931816
706,853,147,0.147,1.2049524157643319
718,859,141,0.141,1.18109652364254
698,849,151,0.151,1.2040823000669478
638,819,181,0.181,1.2521956994533538
720,860,140,0.14,1.167222011089325
678,839,161,0.161,1.1807774100885726
686,843,157,0.157,1.2033844750523568
646,823,177,0.177,1.2263473656326553
632,816,184,0.184,1.1974122610092164
696,848,152,0.152,1.219435147345066
688,844,156,0.156,1.1776114548444747
714,857,143,0.143,1.1685212962031364
644,822,178,0.178,1.201022791932325
646,823,177,0.177,1.1930185900181531
684,842,158,0.158,1.1914669888615608
672,836,164,0.164,1.2090980643033982
704,852,148,0.148,1.1888051352500915
698,849,151,0.151,1.1947180400975503
692,846,154,0.154,1.2108144303560258
752,876,124,0.124,1.191875244617462
696,848,152,0.152,1.2175274223685264
712,856,144,0.144,1.18527855938673
622,811,189,0.189,1.2267904751226306
706,853,147,0.147,1.1783544405251742
658,829,171,0.171,1.2112389003634454
650,825,175,0.175,1.1743638388440012
722,861,139,0.139,1.203536730527878
720,860,140,0.14,1.2047792632290866
688,844,156,0.156,1.1871327049732208
698,849,151,0.151,1.2074564908389003
718,859,141,0.141,1.2119372385442257
684,842,158,0.158,1.2274743488430977
688,844,156,0.156,1.2096560256718658
690,845,155,0.155,1.2462918097376823
688,844,156,0.156,1.2232458499073982
698,849,151,0.151,1.2051437394022941
664,832,168,0.168,1.2309327289462089
708,854,146,0.146,1.1861708640456199
654,827,173,0.173,1.2320920611470938
750,875,125,0.125,1.1819019534885884
740,870,130,0.13,1.2213200148348697
672,836,164,0.164,1.2150420975829475
692,846,154,0.154,1.2279478962831198
656,828,172,0.172,1.2331679943203926
678,839,161,0.161,1.210501091003418
722,861,139,0.139,1.2162592486143111
724,862,138,0.138,1.208867613874376
698,849,151,0.151,1.2002056820094587
698,849,151,0.151,1.188985714942217
706,853,147,0.147,1.2271938279271126
670,835,165,0.165,1.2221635400652886
730,865,135,0.135,1.1970557317733765
698,849,151,0.151,1.2151394025683404
734,867,133,0.133,1.1859650988578796
754,877,123,0.123,1.2004735992817441
622,811,189,0.189,1.2395737698078155
636,818,182,0.182,1.231581060051918
702,851,149,0.149,1.1964283441305161
712,856,144,0.144,1.2294141356945039
672,836,164,0.164,1.1990433793812991
712,856,144,0.144,1.1876994319558143
718,859,141,0.141,1.1960634477734566
738,869,131,0.131,1.1687633458971978
662,831,169,0.169,1.232600565135479
714,857,143,0.143,1.2208151777386664
740,870,130,0.13,1.1792829031348229
728,864,136,0.136,1.2026294326782228
708,854,146,0.146,1.190091128230095
704,852,148,0.148,1.2300393444895745
678,839,161,0.161,1.2106228066958966
732,866,134,0.134,1.1735140676498412
722,861,139,0.139,1.1838563209176063
746,873,127,0.127,1.1836906290650369
716,858,142,0.142,1.1951966986060143
682,841,159,0.159,1.1938225830197333
692,846,154,0.154,1.2099011188782751
690,845,155,0.155,1.1841282442808152
724,862,138,0.138,1.2386657933592797
704,852,148,0.148,1.197299618691206
708,854,146,0.146,1.1896438915133476
666,833,167,0.167,1.2115054594501853
628,814,186,0.186,1.2258989560604094
710,855,145,0.145,1.207681590437889
698,849,151,0.151,1.1666140351593495
688,844,156,0.156,1.2036391036808491
664,832,168,0.168,1.2052604780197143
664,832,168,0.168,1.1998360150456429
650,825,175,0.175,1.2466107436567544
678,839,161,0.161,1.1911941862106323
678,839,161,0.161,1.1922897718276808
808,904,96,0.096,1.1455797518789768
722,861,139,0.139,1.1793780280947685
742,871,129,0.129,1.1563820254206658
732,866,134,0.134,1.1654947209358215
708,854,146,0.146,1.2091651924550533
712,856,144,0.144,1.1672954485416411
748,874,126,0.126,1.1504029545411467
722,861,139,0.139,1.1729031876921654
752,876,124,0.124,1.1798613029122353
708,854,146,0.146,1.1953098358511924
662,831,169,0.169,1.1932312505543232
692,846,154,0.154,1.2083510708212852
708,854,146,0.146,1.165172828964889
728,864,136,0.136,1.2056494143009187
664,832,168,0.168,1.2010015267841518
686,843,157,0.157,1.2034811572432518
744,872,128,0.128,1.1628940102588967
752,876,124,0.124,1.192996762216091
724,862,138,0.138,1.1881441642940045
636,818,182,0.182,1.2276197846531869
706,853,147,0.147,1.1833784192204475
672,836,164,0.164,1.2100655111968517
786,893,107,0.107,1.176059574842453
752,876,124,0.124,1.1716837008595467
676,838,162,0.162,1.2002625189423561
700,850,150,0.15,1.1866140581965448
686,843,157,0.157,1.1915538986176253
652,826,174,0.174,1.2030485112667084
700,850,150,0.15,1.185134911492467
668,834,166,0.166,1.2276055378317834
622,811,189,0.189,1.23789842659235
686,843,157,0.157,1.200274987116456
722,861,139,0.139,1.1847456907220184
782,891,109,0.109,1.1684837272241713
782,891,109,0.109,1.149932491645217
662,831,169,0.169,1.2459672869443894
662,831,169,0.169,1.2016664479374886
766,883,117,0.117,1.1802722942943802
666,833,167,0.167,1.1970329998657108
724,862,138,0.138,1.1725400539040565
762,881,119,0.119,1.1634631084799767
714,857,143,0.143,1.2050739084780215
718,859,141,0.141,1.1796376967430116
698,849,151,0.151,1.2013987767472862
672,836,164,0.164,1.2022731981873511
698,849,151,0.151,1.201789318850264
706,853,147,0.147,1.1898948524296284
730,865,135,0.135,1.168403235346079
740,870,130,0.13,1.1644241385878995
730,865,135,0.135,1.1720467473715543
754,877,123,0.123,1.1676840227246417
760,880,120,0.12,1.1450483293235303
700,850,150,0.15,1.1812812356948852
670,835,165,0.165,1.2014205389022827
722,861,139,0.139,1.1683092157244683
740,870,130,0.13,1.1587753490805626
720,860,140,0.14,1.1576370158791542
696,848,152,0.152,1.1901315786540507
686,843,157,0.157,1.1915834213644265
698,849,151,0.151,1.1515074693881033
718,859,141,0.141,1.1803370742201804
714,857,143,0.143,1.1766408698763697
722,861,139,0.139,1.1521987814903258
670,835,165,0.165,1.1808064873218536
692,846,154,0.154,1.2031636529788374
704,852,148,0.148,1.1731015157559888
712,856,144,0.144,1.2153001849651337
738,869,131,0.131,1.1311061524152757
728,864,136,0.136,1.1320830910205841
690,845,155,0.155,1.2122146617174148
772,886,114,0.114,1.1582108529806137
734,867,133,0.133,1.1732651680089765
778,889,111,0.111,1.1594019400247857
728,864,136,0.136,1.172219570875168
718,859,141,0.141,1.169276606846135
698,849,151,0.151,1.1977030874490737
726,863,137,0.137,1.1664731976361362
690,845,155,0.155,1.1687709795236587
780,890,110,0.11,1.1467432710528374
726,863,137,0.137,1.1806455683410169
694,847,153,0.153,1.1839450958967208
746,873,127,0.127,1.1623156370326468
700,850,150,0.15,1.218683302551508
664,832,168,0.168,1.212958105687052
730,865,135,0.135,1.1662711777091026
638,819,181,0.181,1.2025439808964729
732,866,134,0.134,1.1600605356246232
722,861,139,0.139,1.183595030605793
744,872,128,0.128,1.1538690630197526
710,855,145,0.145,1.185657370597124
692,846,154,0.154,1.209836465581786
690,845,155,0.155,1.1907529744207859
748,874,126,0.126,1.2033410829305649
740,870,130,0.13,1.1658859506249428
720,860,140,0.14,1.1809251445233822
678,839,161,0.161,1.184428734169358
680,840,160,0.16,1.1915838485956192
744,872,128,0.128,1.151244342327118
702,851,149,0.149,1.192498832166195
746,873,127,0.127,1.1533141702413559
722,861,139,0.139,1.1988022681474686
708,854,146,0.146,1.176649642854929
684,842,158,0.158,1.1924142389297485
664,832,168,0.168,1.1814964216947557
724,862,138,0.138,1.1619885849952698
650,825,175,0.175,1.1989865788221359
740,870,130,0.13,1.1603419680595397
700,850,150,0.15,1.1626402871608734
718,859,141,0.141,1.1998019139170646
718,859,141,0.141,1.1876767503023147
694,847,153,0.153,1.2216094591021538
740,870,130,0.13,1.1642151620984078
738,869,131,0.131,1.1672246420383454
696,848,152,0.152,1.1828513458445669
734,867,133,0.133,1.1658856816582266
760,880,120,0.12,1.16716006731987
688,844,156,0.156,1.1723319208621978
668,834,166,0.166,1.1898908155560493
758,879,121,0.121,1.1625468183159828
656,828,172,0.172,1.1878470512721473
752,876,124,0.124,1.1502933043291705
742,871,129,0.129,1.1274050800204276
730,865,135,0.135,1.1772077765017748
782,891,109,0.109,1.1501546790599824
682,841,159,0.159,1.1776488778293133
640,820,180,0.18,1.2188699577450752
704,852,148,0.148,1.1953268830776214
738,869,131,0.131,1.1500651033416525
706,853,147,0.147,1.1755196410417557
664,832,168,0.168,1.22370786434412
686,843,157,0.157,1.1930314879417419
762,881,119,0.119,1.1647966286316513
694,847,153,0.153,1.175165200650692
670,835,165,0.165,1.1982248693704605
612,806,194,0.194,1.2308351116217673
734,867,133,0.133,1.1560814523398877
714,857,143,0.143,1.1750792022049428
704,852,148,0.148,1.1797764793038368
682,841,159,0.159,1.1992794416546821
732,866,134,0.134,1.1692718294262887
670,835,165,0.165,1.1952554115056993
726,863,137,0.137,1.1677916757464408
708,854,146,0.146,1.187679050128907
680,840,160,0.16,1.2017259516716003
776,888,112,0.112,1.157650032520294
722,861,139,0.139,1.1731352602243423
752,876,124,0.124,1.1671521711349486
730,865,135,0.135,1.1949284363687038
658,829,171,0.171,1.2022061205506325
724,862,138,0.138,1.1902559657096863
698,849,151,0.151,1.1913652180433274
740,870,130,0.13,1.1718769198060035
750,875,125,0.125,1.1580254286676646
704,852,148,0.148,1.1716350287795068
734,867,133,0.133,1.1604816390872001
736,868,132,0.132,1.1722482626736164
618,809,191,0.191,1.2299776390194892
696,848,152,0.152,1.162359781295061
710,855,145,0.145,1.1989016453027725
624,812,188,0.188,1.2006385821104049
736,868,132,0.132,1.1783549552559853
676,838,162,0.162,1.208386852055788
730,865,135,0.135,1.157618782510981
698,849,151,0.151,1.18574156498909
742,871,129,0.129,1.1672408348917962
704,852,148,0.148,1.201050041437149
746,873,127,0.127,1.1729161547422409
664,832,168,0.168,1.1894262910485267
674,837,163,0.163,1.1981816942691803
728,864,136,0.136,1.1604712597727775
716,858,142,0.142,1.1855367077835834
682,841,159,0.159,1.1978457252979278
696,848,152,0.152,1.2102153306528927
672,836,164,0.164,1.1930073312819005
670,835,165,0.165,1.2074953209757804
716,858,142,0.142,1.1694457236309537
736,868,132,0.132,1.1767954871058464
704,852,148,0.148,1.1964196746945381
762,881,119,0.119,1.153160093665123
740,870,130,0.13,1.1806956730484963
690,845,155,0.155,1.190849833548069
694,847,153,0.153,1.2058502756655216
704,852,148,0.148,1.1796650436436757
656,828,172,0.172,1.1981037602722644
760,880,120,0.12,1.142661472082138
716,858,142,0.142,1.1865024638175965
704,852,148,0.148,1.1909316271543502
640,820,180,0.18,1.2067349088788033
694,847,153,0.153,1.193703821182251
708,854,146,0.146,1.177788982629776
706,853,147,0.147,1.1569739558696748
712,856,144,0.144,1.1781790067851543
696,848,152,0.152,1.1960500863194465
718,859,141,0.141,1.1720263232588768
690,845,155,0.155,1.1642073346376418
748,874,126,0.126,1.1593709365464746
714,857,143,0.143,1.18407681953907
736,868,132,0.132,1.1548838857412338
666,833,167,0.167,1.2026515318453312
748,874,126,0.126,1.1605894070267677
732,866,134,0.134,1.1388654142841697
708,854,146,0.146,1.1528348877495154
786,893,107,0.107,1.1517858694791794
686,843,157,0.157,1.1809148967266083
708,854,146,0.146,1.1597472623586655
700,850,150,0.15,1.1825134162286994
722,861,139,0.139,1.1781049153506755
758,879,121,0.121,1.172460812330246
666,833,167,0.167,1.1946980715990068
706,853,147,0.147,1.1474910764545203
694,847,153,0.153,1.1887494836747647
732,866,134,0.134,1.170716962337494
762,881,119,0.119,1.1469743644595147
724,862,138,0.138,1.1736218767166138
746,873,127,0.127,1.1664530944228173
718,859,141,0.141,1.1653332283496858
720,860,140,0.14,1.173859711587429
714,857,143,0.143,1.1622838703244924
758,879,121,0.121,1.1451253101825714
780,890,110,0.11,1.1099691300392152
674,837,163,0.163,1.1624260882735253
708,854,146,0.146,1.1684851502776146
720,860,140,0.14,1.1476217710375787
752,876,124,0.124,1.157216822206974
768,884,116,0.116,1.1623433330655097
718,859,141,0.141,1.1887968380302192
720,860,140,0.14,1.1653154750466346
754,877,123,0.123,1.1657735931277275
678,839,161,0.161,1.165932614326477
684,842,158,0.158,1.1513367705345154
714,857,143,0.143,1.1612085885703565
724,862,138,0.138,1.1566502105146645
704,852,148,0.148,1.1820744922161102
652,826,174,0.174,1.1616599321961403
654,827,173,0.173,1.1569595294594766
756,878,122,0.122,1.1256653285622598
676,838,162,0.162,1.1677503974065184
684,842,158,0.158,1.174079417064786
686,843,157,0.157,1.1690883709788322
710,855,145,0.145,1.1856035218834877
646,823,177,0.177,1.1603872571662068
676,838,162,0.162,1.187091434404254
720,860,140,0.14,1.1706927544474601
740,870,130,0.13,1.1691015428304672
712,856,144,0.144,1.1549230836629867
746,873,127,0.127,1.120590884834528
716,858,142,0.142,1.166606464266777
690,845,155,0.155,1.1864258802607655
740,870,130,0.13,1.1260547615885734
676,838,162,0.162,1.1680545683503152
614,807,193,0.193,1.2043184032234848
732,866,134,0.134,1.153690075814724
704,852,148,0.148,1.1608122736215591
732,866,134,0.134,1.1651802062690257
684,842,158,0.158,1.1734375293444554
766,883,117,0.117,1.1419666485786437
726,863,137,0.137,1.1561021704673766
768,884,116,0.116,1.1131739128828049
738,869,131,0.131,1.1340175011754037
720,860,140,0.14,1.1364713493585588
772,886,114,0.114,1.1236493421792983
798,899,101,0.101,1.1086737712621688
714,857,143,0.143,1.1668293058276176
672,836,164,0.164,1.1503614823222161
714,857,143,0.143,1.1208433297872544
668,834,166,0.166,1.1814041115641594
720,860,140,0.14,1.1491816738843919
688,844,156,0.156,1.129367653787136
658,829,171,0.171,1.1446306027770043
770,885,115,0.115,1.1368439782261848
676,838,162,0.162,1.1829330446124078
670,835,165,0.165,1.1772839640378951
730,865,135,0.135,1.1268038828372955
782,891,109,0.109,1.1312786666750907
744,872,128,0.128,1.1394153858423233
706,853,147,0.147,1.1486747480928898
668,834,166,0.166,1.171040628373623
662,831,169,0.169,1.1701155389547349
686,843,157,0.157,1.156912090703845
680,840,160,0.16,1.1533540570139884
740,870,130,0.13,1.1372980536818504
684,842,158,0.158,1.1447639501094817
754,877,123,0.123,1.1250416550040245
754,877,123,0.123,1.1268972905278205
720,860,140,0.14,1.147707626581192
796,898,102,0.102,1.1167798017859458
710,855,145,0.145,1.1324135355055331
790,895,105,0.105,1.1161017357110976
718,859,141,0.141,1.1287760809063911
730,865,135,0.135,1.1444074386805296
738,869,131,0.131,1.1416480793952941
714,857,143,0.143,1.1604672321751714
694,847,153,0.153,1.1835642014741898
720,860,140,0.14,1.128435759663582
658,829,171,0.171,1.184799705684185
738,869,131,0.131,1.1205407791733741
668,834,166,0.166,1.1364137439131736
708,854,146,0.146,1.1527672673463822
782,891,109,0.109,1.1014545873999595
794,897,103,0.103,1.0839704968333244
704,852,148,0.148,1.1171316339969635
712,856,144,0.144,1.1454763255119325
628,814,186,0.186,1.1423801983967423
686,843,157,0.157,1.1645198236107825
652,826,174,0.174,1.1612801258563996
612,806,194,0.194,1.1884116296768188
764,882,118,0.118,1.1219462639093398
772,886,114,0.114,1.1183394381403924
738,869,131,0.131,1.1175330246388913
652,826,174,0.174,1.1366000904142857
678,839,161,0.161,1.1740887268781661
724,862,138,0.138,1.1312605893015861
692,846,154,0.154,1.1268285534381866
722,861,139,0.139,1.1388685727640986
778,889,111,0.111,1.1406020838618278
732,866,134,0.134,1.1287448066323995
640,820,180,0.18,1.1611129482388496
710,855,145,0.145,1.1373287585675715
704,852,148,0.148,1.1463473660200834
696,848,152,0.152,1.1471973501443864
752,876,124,0.124,1.1010812174677849
756,878,122,0.122,1.132538849413395
724,862,138,0.138,1.150699265241623
700,850,150,0.15,1.144661358475688
668,834,166,0.166,1.164809897363186
776,888,112,0.112,1.1064381559491157
720,860,140,0.14,1.1147700934410094
656,828,172,0.172,1.1544007728099823
730,865,135,0.135,1.1343852615356445
736,868,132,0.132,1.1246167163252832
672,836,164,0.164,1.1410265553742647
734,867,133,0.133,1.1352284498214722
706,853,147,0.147,1.1207158442735672
758,879,121,0.121,1.132661716222763
692,846,154,0.154,1.1204163758158683
714,857,143,0.143,1.148205844759941
706,853,147,0.147,1.1280396454930306
712,856,144,0.144,1.1401999230384827
722,861,139,0.139,1.1028589136302471
738,869,131,0.131,1.108829732477665
692,846,154,0.154,1.1427617416381837
772,886,114,0.114,1.0994577491283417
644,822,178,0.178,1.165286292076111
768,884,116,0.116,1.108785301759839
694,847,153,0.153,1.1429926754236222
726,863,137,0.137,1.0936828253865243
796,898,102,0.102,1.0933770083785057
722,861,139,0.139,1.103021067092297
740,870,130,0.13,1.1065507078766823
714,857,143,0.143,1.095247792482376
728,864,136,0.136,1.118479542851448
696,848,152,0.152,1.1242955365031957
742,871,129,0.129,1.1060458617061377
760,880,120,0.12,1.1170482283234597
722,861,139,0.139,1.115940121114254
700,850,150,0.15,1.1195495562702418
672,836,164,0.164,1.1289268841892481
698,849,151,0.151,1.0974678124785424
724,862,138,0.138,1.129309338927269
758,879,121,0.121,1.0794818606972694
682,841,159,0.159,1.1188179491460324
744,872,128,0.128,1.0945764476060866
698,849,151,0.151,1.1342188503742219
752,876,124,0.124,1.1085195502638816
640,820,180,0.18,1.1487679452002049
708,854,146,0.146,1.1422443004846572
752,876,124,0.124,1.0938410574793815
710,855,145,0.145,1.1091029955148697
696,848,152,0.152,1.1293658501505852
634,817,183,0.183,1.1526804974675178
698,849,151,0.151,1.1254061259031296
594,797,203,0.203,1.1667911855578423
694,847,153,0.153,1.1140070664584636
680,840,160,0.16,1.1155849516391754
750,875,125,0.125,1.0888387814164162
680,840,160,0.16,1.1050273290872574
668,834,166,0.166,1.1242650408521295
712,856,144,0.144,1.1054432907784357
736,868,132,0.132,1.0889004801511764
764,882,118,0.118,1.0889031626582146
722,861,139,0.139,1.0878399280011655
738,869,131,0.131,1.1018355435729026
660,830,170,0.17,1.107119642674923
698,849,151,0.151,1.1569701080918313
750,875,125,0.125,1.1040250486135483
708,854,146,0.146,1.0960618076622486
688,844,156,0.156,1.1274342388510703
698,849,151,0.151,1.1547222401201724
692,846,154,0.154,1.0916479424238206
748,874,126,0.126,1.117458453029394
742,871,129,0.129,1.1146145051717757
640,820,180,0.18,1.1651651685237885
716,858,142,0.142,1.0970076320767403
708,854,146,0.146,1.1195740073919296
734,867,133,0.133,1.0960943378979553
736,868,132,0.132,1.063099387794733
736,868,132,0.132,1.0987089171409608
692,846,154,0.154,1.1130306504964829
766,883,117,0.117,1.0804635692238809
706,853,147,0.147,1.103455416381359
734,867,133,0.133,1.0967003344297408
738,869,131,0.131,1.0953487845659255
742,871,129,0.129,1.0770201953053475
722,861,139,0.139,1.096319718703162
704,852,148,0.148,1.1133564056754113
714,857,143,0.143,1.09212102329731
734,867,133,0.133,1.0943874071240425
768,884,116,0.116,1.1159374014735222
700,850,150,0.15,1.1018357143998145
722,861,139,0.139,1.096385235965252
782,891,109,0.109,1.0794229928255081
734,867,133,0.133,1.1073523455411196
734,867,133,0.133,1.0757504177689552
732,866,134,0.134,1.0788365716314292
736,868,132,0.132,1.0994862148761748
758,879,121,0.121,1.0624351801872254
686,843,157,0.157,1.1081168012619018
660,830,170,0.17,1.1118181648254395
662,831,169,0.169,1.111298033670173
724,862,138,0.138,1.094994723957032
728,864,136,0.136,1.0590307121872902
746,873,127,0.127,1.1050641944408417
722,861,139,0.139,1.0872318192124366
706,853,147,0.147,1.1060661022721152
742,871,129,0.129,1.0777631764113904
738,869,131,0.131,1.0727793808579444
794,897,103,0.103,1.0405452609583736
670,835,165,0.165,1.0887396616339684
740,870,130,0.13,1.108929521858692
616,808,192,0.192,1.140886115372181
702,851,149,0.149,1.1013121631741525
734,867,133,0.133,1.0953655380904674
724,862,138,0.138,1.1060377593636512
742,871,129,0.129,1.0828289443850516
676,838,162,0.162,1.1004216013401746
706,853,147,0.147,1.129994758784771
804,902,98,0.098,1.0446160181760789
762,881,119,0.119,1.0558265704921215
726,863,137,0.137,1.0879190730238333
718,859,141,0.141,1.0818789328932763
692,846,154,0.154,1.1248681127429008
702,851,149,0.149,1.089940951526165
676,838,162,0.162,1.0924456695616245
740,870,130,0.13,1.0599788092589006
750,875,125,0.125,1.0815506579279899
754,877,123,0.123,1.0913023551702499
748,874,126,0.126,1.0678362620472908
740,870,130,0.13,1.0635916178822518
696,848,152,0.152,1.0882977793216706
656,828,172,0.172,1.1017864486787003
744,872,128,0.128,1.0957848693132402
716,858,142,0.142,1.0938463794589042
636,818,182,0.182,1.1287662837505341
702,851,149,0.149,1.0659556093811988
718,859,141,0.141,1.0658125515580177
674,837,163,0.163,1.0553038514256476
686,843,157,0.157,1.1127791101932525
722,861,139,0.139,1.1098614262714983
742,871,129,0.129,1.0615192874073982
754,877,123,0.123,1.0355426532030105
688,844,156,0.156,1.0680884183831514
690,845,155,0.155,1.088158958554268
718,859,141,0.141,1.0863065567612649
778,889,111,0.111,1.0425744913816453
732,866,134,0.134,1.0587039499878883
706,853,147,0.147,1.0841247324990004
756,878,122,0.122,1.0851734903454782
780,890,110,0.11,1.052286648273468
690,845,155,0.155,1.095490516602993
692,846,154,0.154,1.0869374218583108
752,876,124,0.124,1.0728672298789024
710,855,145,0.145,1.068251169729978
714,857,143,0.143,1.101030560195446
714,857,143,0.143,1.0726523539489135
734,867,133,0.133,1.0803560126423837
724,862,138,0.138,1.0901630051136018
692,846,154,0.154,1.0699424899220467
704,852,148,0.148,1.0776626737117767
774,887,113,0.113,1.0630788306891918
762,881,119,0.119,1.0553396183252335
712,856,144,0.144,1.0829463205337524
682,841,159,0.159,1.096988559782505
748,874,126,0.126,1.0362074891962112
750,875,125,0.125,1.039978009223938
704,852,148,0.148,1.0838530177474022
734,867,133,0.133,1.0633076557517052
752,876,124,0.124,1.0496044273164589
668,834,166,0.166,1.0985700189471246
712,856,144,0.144,1.0314133278131485
790,895,105,0.105,1.0377757833600045
744,872,128,0.128,1.042378811083734
680,840,160,0.16,1.098787996649742
694,847,153,0.153,1.0681215800046922
774,887,113,0.113,1.0507346594929694
686,843,157,0.157,1.0482566180601716
708,854,146,0.146,1.0525706803421087
706,853,147,0.147,1.077463798314333
750,875,125,0.125,1.0641504105627537
686,843,157,0.157,1.0492057599425315
720,860,140,0.14,1.0499265610575677
708,854,146,0.146,1.0895712317824364
712,856,144,0.144,1.0549848702549935
696,848,152,0.152,1.0528192482590675
728,864,136,0.136,1.0682053301259875
722,861,139,0.139,1.06606028008461
728,864,136,0.136,1.047640219181776
748,874,126,0.126,1.08374540412426
686,843,157,0.157,1.0681389817148448
700,850,150,0.15,1.066614739241042
734,867,133,0.133,1.0337039153575898
762,881,119,0.119,1.0529081793427468
684,842,158,0.158,1.0658928574621678
706,853,147,0.147,1.0888162482827901
694,847,153,0.153,1.089703144967556
696,848,152,0.152,1.094664110481739
724,862,138,0.138,1.0427823331356048
696,848,152,0.152,1.0647695382237434
702,851,149,0.149,1.073946373641491
736,868,132,0.132,1.0224640814065933
732,866,134,0.134,1.0480297186374665
740,870,130,0.13,1.0317460557818412
750,875,125,0.125,1.028238533258438
750,875,125,0.125,1.0216030881325806
742,871,129,0.129,1.0197435799837113
782,891,109,0.109,1.00265108948946
696,848,152,0.152,1.0746839628815652
596,798,202,0.202,1.0875215551257134
724,862,138,0.138,1.0850513643980113
772,886,114,0.114,1.0239078667163848
706,853,147,0.147,1.0682364566773177
816,908,92,0.092,0.9985367572903633
694,847,153,0.153,1.0821835382580758
660,830,170,0.17,1.0446051484597847
722,861,139,0.139,1.0589624354243279
672,836,164,0.164,1.0634969053268433
738,869,131,0.131,1.0335674010515212
722,861,139,0.139,1.0391952762007712
734,867,133,0.133,1.0517041179537774
694,847,153,0.153,1.0822764890789986
724,862,138,0.138,1.0596945344677229
718,859,141,0.141,1.034905809879303
694,847,153,0.153,1.0516821824908256
672,836,164,0.164,1.0850902915596963
774,887,113,0.113,1.036229812979698
674,837,163,0.163,1.1103970694541931
660,830,170,0.17,1.0845429425835609
766,883,117,0.117,1.0258702183365822
764,882,118,0.118,1.0468610581085085
724,862,138,0.138,1.0398091217279435
744,872,128,0.128,1.0338733712136745
700,850,150,0.15,1.066080515921116
716,858,142,0.142,1.0601707414388657
698,849,151,0.151,1.0765146966576575
740,870,130,0.13,1.0538134828805923
714,857,143,0.143,1.0825481759905815
732,866,134,0.134,1.069126405954361
714,857,143,0.143,1.0679017387330532
824,912,88,0.088,1.0099042797088622
770,885,115,0.115,1.0387307085096835
772,886,114,0.114,1.015614082455635
734,867,133,0.133,1.0156456075310707
698,849,151,0.151,1.0613649552464486
742,871,129,0.129,1.0123724352121353
794,897,103,0.103,1.0191392439603806
750,875,125,0.125,1.0491003822386264
700,850,150,0.15,1.045949671626091
710,855,145,0.145,1.0615610079169273
684,842,158,0.158,1.0348771758675575
706,853,147,0.147,1.0488071062862874
680,840,160,0.16,1.0268172691464423
722,861,139,0.139,1.0437212174236774
718,859,141,0.141,1.0436651802659034
714,857,143,0.143,1.0178976550549268
664,832,168,0.168,1.1066091109514236
744,872,128,0.128,1.0457949530482291
738,869,131,0.131,1.0525870909690858
744,872,128,0.128,1.0370517637729644
690,845,155,0.155,1.07572656083107
722,861,139,0.139,1.0508620375990867
734,867,133,0.133,1.0402196532487868
726,863,137,0.137,1.0275051610469819
730,865,135,0.135,1.050425340116024
760,880,120,0.12,1.0384338501095771
770,885,115,0.115,0.9940934135913849
718,859,141,0.141,1.0512446894049645
750,875,125,0.125,1.0358610420823098
736,868,132,0.132,1.0150740741491318
682,841,159,0.159,1.0523520734906198
700,850,150,0.15,1.0682348875850438
764,882,118,0.118,1.025149535655976
692,846,154,0.154,1.051857117295265
716,858,142,0.142,1.053872876048088
754,877,123,0.123,1.033257154047489
724,862,138,0.138,1.0500958144068717
686,843,157,0.157,1.043131559252739
748,874,126,0.126,0.9917918516993522
784,892,108,0.108,1.0104296098947525
726,863,137,0.137,1.0687749789357186
752,876,124,0.124,1.0398737944960594
754,877,123,0.123,1.0169575873613357
696,848,152,0.152,1.061992626607418
714,857,143,0.143,1.0372057523429394
730,865,135,0.135,1.04231790266186
704,852,148,0.148,1.043307562828064
718,859,141,0.141,1.0257732826471329
708,854,146,0.146,1.0651901968717574
742,871,129,0.129,1.0514765514731408
740,870,130,0.13,1.0265240550637245
714,857,143,0.143,1.0351508805751801
730,865,135,0.135,1.0221591583045522
688,844,156,0.156,1.0789071159958843
710,855,145,0.145,1.0512646766901017
696,848,152,0.152,1.0625768731236458
716,858,142,0.142,1.0422481546401978
730,865,135,0.135,1.0223801876008511
730,865,135,0.135,1.033142177939415
756,878,122,0.122,1.0290621706023813
698,849,151,0.151,1.0582036943435669
732,866,134,0.134,1.0204754108786582
670,835,165,0.165,1.089600511431694
710,855,145,0.145,1.0255623556151987
740,870,130,0.13,1.0358445293307303
694,847,153,0.153,1.0548176404237748
616,808,192,0.192,1.061444596350193
692,846,154,0.154,1.05488609457016
738,869,131,0.131,1.0485588880050927
686,843,157,0.157,1.0653214815855025
714,857,143,0.143,1.017442550241947
776,888,112,0.112,1.0345556810926646
742,871,129,0.129,1.0304574286341668
682,841,159,0.159,1.0387674013078212
732,866,134,0.134,1.0408740500807763
804,902,98,0.098,0.9824984902739525
756,878,122,0.122,1.0356993098258973
726,863,137,0.137,1.05030765748024
722,861,139,0.139,1.0525146858096124
694,847,153,0.153,1.024728877067566
750,875,125,0.125,1.0142377796769142
662,831,169,0.169,1.0276904984116555
806,903,97,0.097,0.989703309059143
710,855,145,0.145,1.0658031077384948
748,874,126,0.126,0.9968427780866623
692,846,154,0.154,1.0559410256445407
728,864,136,0.136,0.9963138357400895
684,842,158,0.158,1.0477861231565475
736,868,132,0.132,1.0266178005635738
744,872,128,0.128,1.0212896319404245
740,870,130,0.13,1.028454085111618
700,850,150,0.15,1.0042450834996999
730,865,135,0.135,1.022205853521824
724,862,138,0.138,1.0474606456160545
680,840,160,0.16,1.0326022463440896
744,872,128,0.128,1.0503987733721734
728,864,136,0.136,1.0533186343312264
714,857,143,0.143,1.0307001817822457
704,852,148,0.148,1.0481549585461616
662,831,169,0.169,1.065095912694931
696,848,152,0.152,1.07291149944067
722,861,139,0.139,1.0466231585741044
712,856,144,0.144,1.0329872893095016
692,846,154,0.154,1.0503427271395922
750,875,125,0.125,1.0074024114608764
722,861,139,0.139,1.019307104408741
726,863,137,0.137,1.051774387359619
686,843,157,0.157,1.0341226863861084
728,864,136,0.136,1.0284154764711857
744,872,128,0.128,1.0379841346889733
744,872,128,0.128,1.0022758416682482
822,911,89,0.089,0.9828968764543533
692,846,154,0.154,1.0540311631560326
702,851,149,0.149,1.0059709394276142
682,841,159,0.159,1.0560142110586166
700,850,150,0.15,1.0298720429488457
726,863,137,0.137,1.0296745979487896
646,823,177,0.177,1.060056272215277
740,870,130,0.13,1.021764427602291
736,868,132,0.132,1.0246423285603523
704,852,148,0.148,1.008582693323493
718,859,141,0.141,1.0219164335131645
676,838,162,0.162,1.0462078520139912
712,856,144,0.144,1.0558749860525132
736,868,132,0.132,1.0273013361394405
728,864,136,0.136,1.0159165267944337
654,827,173,0.173,1.0555658612251282
724,862,138,0.138,1.029207121684216
738,869,131,0.131,1.0107586901187897
742,871,129,0.129,0.9961081827282906
680,840,160,0.16,1.0463730047941209
754,877,123,0.123,1.0171415998637676
740,870,130,0.13,1.0049107640981674
640,820,180,0.18,1.0378523455262185
724,862,138,0.138,0.9940614348649979
686,843,157,0.157,1.0204621126055717
724,862,138,0.138,0.9827293202877044
760,880,120,0.12,1.005567405462265
728,864,136,0.136,1.030705934971571
744,872,128,0.128,0.9806473063528538
734,867,133,0.133,0.9945981478095055
694,847,153,0.153,1.0028356614525256
718,859,141,0.141,0.989133271612227
722,861,139,0.139,1.0060587432980537
718,859,141,0.141,1.0395582083240151
716,858,142,0.142,1.0317753117084503
718,859,141,0.141,0.9969664936661721
722,861,139,0.139,0.9830893653035164
734,867,133,0.133,1.000606948852539
762,881,119,0.119,0.9754215510487556
788,894,106,0.106,0.973666186094284
622,811,189,0.189,1.0554624856328592
696,848,152,0.152,1.005702824831009
716,858,142,0.142,1.0161579569727182
700,850,150,0.15,1.007484389334917
752,876,124,0.124,0.9882065370678902
646,823,177,0.177,1.073072761144489
742,871,129,0.129,0.9793007158413529
680,840,160,0.16,1.0187525617480278
800,900,100,0.1,0.9740877634584904
754,877,123,0.123,0.9876759372353554
754,877,123,0.123,0.9983378590345383
764,882,118,0.118,0.9796786535764113
736,868,132,0.132,1.010674894414842
674,837,163,0.163,1.0322608316540718
760,880,120,0.12,0.9469518438577652
718,859,141,0.141,0.9597659542858601
696,848,152,0.152,1.0049355802237987
744,872,128,0.128,0.9648405299186706
772,886,114,0.114,0.9713278347720183
722,861,139,0.139,0.9981839088201523
722,861,139,0.139,0.975734430193901
706,853,147,0.147,1.0040159027576447
764,882,118,0.118,0.9793383154422045
726,863,137,0.137,0.9680356916766614
698,849,151,0.151,1.007671809732914
698,849,151,0.151,0.9895310415923595
730,865,135,0.135,1.017242040991783
716,858,142,0.142,0.9733466172218322
694,847,153,0.153,1.0231968077123166
766,883,117,0.117,0.9788163743019104
716,858,142,0.142,0.9973418552279473
826,913,87,0.087,0.920947057723999
682,841,159,0.159,0.9857487129569054
734,867,133,0.133,0.9824814702272415
766,883,117,0.117,0.9933429535627365
682,841,159,0.159,1.0020365903377533
700,850,150,0.15,1.045685286015272
702,851,149,0.149,0.9860274095535279
776,888,112,0.112,0.9444803029298783
702,851,149,0.149,0.9926691700816155
680,840,160,0.16,1.0174402135908605
778,889,111,0.111,0.9724921001978218
768,884,116,0.116,0.9808799674510956
748,874,126,0.126,0.9543449601829052
752,876,124,0.124,0.9646395797133446
710,855,145,0.145,0.9929046377539634
752,876,124,0.124,0.9753272515090794
690,845,155,0.155,1.001672362744808
734,867,133,0.133,0.9634132263734937
756,878,122,0.122,0.9756169534325599
722,861,139,0.139,0.9661264283061027
722,861,139,0.139,1.0058620947003365
666,833,167,0.167,0.9853316150680185
726,863,137,0.137,0.9702224554419517
730,865,135,0.135,0.9774337547421456
748,874,126,0.126,0.9930658117756248
720,860,140,0.14,1.0440775205492974
764,882,118,0.118,0.985939496934414
666,833,167,0.167,1.0253059101381514
734,867,133,0.133,0.9982876740694046
776,888,112,0.112,0.9608490378260612
658,829,171,0.171,1.0535206227600575
804,902,98,0.098,0.9504255854785443
696,848,152,0.152,1.0002004498541355
744,872,128,0.128,0.9709778695702552
784,892,108,0.108,0.9664402843266725
732,866,134,0.134,0.9815896242111921
686,843,157,0.157,1.0182188845351339
726,863,137,0.137,0.9754379807710648
746,873,127,0.127,0.9752721595168113
786,893,107,0.107,0.9533042913377285
730,865,135,0.135,0.9896055819690227
666,833,167,0.167,1.010787786334753
688,844,156,0.156,0.9969838451296091
770,885,115,0.115,0.9587560108900071
754,877,123,0.123,0.9392817191332579
734,867,133,0.133,1.0021218637824059
704,852,148,0.148,0.9978706814646721
694,847,153,0.153,0.9952235489189625
800,900,100,0.1,0.9601585200428963
724,862,138,0.138,0.965033272922039
666,833,167,0.167,1.0061235073506831
676,838,162,0.162,0.9912534087598324
750,875,125,0.125,0.9583154350817203
710,855,145,0.145,0.979219809114933
756,878,122,0.122,0.9592018147706985
706,853,147,0.147,0.9627103943824769
736,868,132,0.132,0.9637644925117492
720,860,140,0.14,0.9934764129898067
768,884,116,0.116,0.9512152340114116
744,872,128,0.128,0.9672535543739795
758,879,121,0.121,0.9451464528178284
712,856,144,0.144,1.0053258826136588
702,851,149,0.149,0.9946606675307267
722,861,139,0.139,0.9854128319323063
762,881,119,0.119,0.9677762607336045
742,871,129,0.129,0.9641700510978699
720,860,140,0.14,0.9547689223289489
664,832,168,0.168,0.9943608547449112
712,856,144,0.144,0.950787630558014
666,833,167,0.167,0.9987107185721398
684,842,158,0.158,0.9677803117632866
724,862,138,0.138,0.9809268535301089
762,881,119,0.119,0.9357318225800991
752,876,124,0.124,0.9687208455204964
762,881,119,0.119,0.9606440870165824
700,850,150,0.15,0.9913375889062881
748,874,126,0.126,0.9652468322581045
696,848,152,0.152,0.9170820147022605
668,834,166,0.166,1.0060167791619896
696,848,152,0.152,1.0019381847381592
772,886,114,0.114,0.9324925967007875
682,841,159,0.159,0.9922480671703815
668,834,166,0.166,1.0170786333680153
746,873,127,0.127,0.9577599771618843
672,836,164,0.164,0.9867674060612917
706,853,147,0.147,0.9631019616273309
692,846,154,0.154,0.9999397978487359
716,858,142,0.142,0.9775889803767204
742,871,129,0.129,0.9017601867318153
722,861,139,0.139,0.9169058031737805
714,857,143,0.143,0.97214493983984
678,839,161,0.161,0.9763138208985329
728,864,136,0.136,0.9408230181634434
704,852,148,0.148,0.991068062722683
692,846,154,0.154,0.9646560206115246
712,856,144,0.144,0.9697049059271813
772,886,114,0.114,0.9364454653263092
708,854,146,0.146,0.963677293241024
678,839,161,0.161,0.9673722799122334
696,848,152,0.152,0.9915916844010353
754,877,123,0.123,0.9473400968015194
742,871,129,0.129,0.9606885845065117
766,883,117,0.117,0.9522649782001972
736,868,132,0.132,0.9521329059302807
700,850,150,0.15,0.9946739071011543
688,844,156,0.156,0.997263709783554
712,856,144,0.144,0.9756978256404399
764,882,118,0.118,0.9609059125637396
730,865,135,0.135,0.9768657746315003
724,862,138,0.138,0.9808507322669029
792,896,104,0.104,0.9192517845034599
664,832,168,0.168,0.9831656746268272
736,868,132,0.132,0.9815930501818657
736,868,132,0.132,0.9539463137388229
738,869,131,0.131,0.9754581672102213
722,861,139,0.139,0.9959855521321297
694,847,153,0.153,0.9731451930701732
768,884,116,0.116,0.9255559840798377
730,865,135,0.135,0.9784469940364361
724,862,138,0.138,0.9229320234060288
724,862,138,0.138,0.9645104135870933
786,893,107,0.107,0.959873764783144
740,870,130,0.13,0.9359932107627392
764,882,118,0.118,0.9473169619292021
742,871,129,0.129,0.958811513721943
784,892,108,0.108,0.9431290887594223
744,872,128,0.128,0.9250291340649128
728,864,136,0.136,0.9289337469935417
724,862,138,0.138,0.9303902098238468
708,854,146,0.146,0.9439152973294258
746,873,127,0.127,0.9380410107038916
732,866,134,0.134,0.9429081509709358
738,869,131,0.131,0.9294898450374603
760,880,120,0.12,0.9486130010783672
762,881,119,0.119,0.8948325614929199
740,870,130,0.13,0.9400746082365513
742,871,129,0.129,0.9371868221163749
712,856,144,0.144,0.9159209135174752
686,843,157,0.157,0.9795381816625595
768,884,116,0.116,0.9264462875127792
766,883,117,0.117,0.9049392155706882
750,875,125,0.125,0.8992114431262016
694,847,153,0.153,0.9453883633315563
770,885,115,0.115,0.9147897714078427
700,850,150,0.15,0.9912116927206516
724,862,138,0.138,0.948304473914206
740,870,130,0.13,0.9161163551881909
726,863,137,0.137,0.9668079509437084
772,886,114,0.114,0.940812026500702
778,889,111,0.111,0.8931148394346237
732,866,134,0.134,0.9372369227111339
746,873,127,0.127,0.9272708425819873
700,850,150,0.15,0.983459814235568
776,888,112,0.112,0.8962633358538151
730,865,135,0.135,0.9782207225561141
726,863,137,0.137,0.9443686093389988
762,881,119,0.119,0.9350879184901715
702,851,149,0.149,0.9357836047112942
748,874,126,0.126,0.9249014852643013
656,828,172,0.172,0.9670418321788311
706,853,147,0.147,0.9489750089133159
752,876,124,0.124,0.9125583618283272
744,872,128,0.128,0.9000774057209492
718,859,141,0.141,0.9622614423036575
744,872,128,0.128,0.934383599460125
708,854,146,0.146,0.9830815680921078
706,853,147,0.147,0.9727133741080761
776,888,112,0.112,0.9127841088175773
720,860,140,0.14,0.9250500522202929
756,878,122,0.122,0.9442763670831628
738,869,131,0.131,0.9823402176201343
772,886,114,0.114,0.9086551979780197
752,876,124,0.124,0.9283554611479194
732,866,134,0.134,0.9649343661889433
698,849,151,0.151,0.992182498499751
656,828,172,0.172,0.9682360633909702
700,850,150,0.15,0.9349405553340912
760,880,120,0.12,0.8899418429136277
740,870,130,0.13,0.9305255896290764
746,873,127,0.127,0.9168144481480122
674,837,163,0.163,0.9483763771057129
744,872,128,0.128,0.9167683851122856
692,846,154,0.154,0.9646309623718262
790,895,105,0.105,0.9192863729000091
680,840,160,0.16,0.9838484105505049
772,886,114,0.114,0.9177818968147039
730,865,135,0.135,0.9389977041780949
636,818,182,0.182,1.0002626441717148
750,875,125,0.125,0.9205614647567272
688,844,156,0.156,0.9243984358012676
708,854,146,0.146,0.9727224525362254
744,872,128,0.128,0.9427428930401802
770,885,115,0.115,0.8916576231122016
716,858,142,0.142,0.9496826396584511
730,865,135,0.135,0.9266620402410627
650,825,175,0.175,0.9996589477062225
704,852,148,0.148,0.9370664153695106
734,867,133,0.133,0.9563172332197428
712,856,144,0.144,0.9285666582584381
698,849,151,0.151,0.9314123502569273
692,846,154,0.154,0.9471963490994967
700,850,150,0.15,0.9696564369248226
680,840,160,0.16,0.9941966020017863
710,855,145,0.145,0.9279934449791908
680,840,160,0.16,0.9799608136117458
726,863,137,0.137,0.9837944803535938
698,849,151,0.151,0.9400885341763496
722,861,139,0.139,0.9649140407294035
782,891,109,0.109,0.9229171011375991
736,868,132,0.132,0.9491248519271612
774,887,113,0.113,0.892394519329071
722,861,139,0.139,0.9524228473007679
692,846,154,0.154,0.9732832559049129
696,848,152,0.152,0.9715442797243595
780,890,110,0.11,0.8934051472842693
776,888,112,0.112,0.9145294269621372
702,851,149,0.149,0.951717338681221
762,881,119,0.119,0.9095330033004284
754,877,123,0.123,0.94482722479105
710,855,145,0.145,0.9241256597042083
724,862,138,0.138,0.9518694131970405
800,900,100,0.1,0.8786065272092819
740,870,130,0.13,0.9101144417524337
734,867,133,0.133,0.9236022524535656
742,871,129,0.129,0.8963572231531143
758,879,121,0.121,0.9192253774404526
698,849,151,0.151,0.9546887298822403
730,865,135,0.135,0.9303054470419884
698,849,151,0.151,0.961893568187952
716,858,142,0.142,0.9233054600059986
696,848,152,0.152,0.9627458782494068
746,873,127,0.127,0.9037311440931407
742,871,129,0.129,0.9038619181215763
756,878,122,0.122,0.9184904351830483
746,873,127,0.127,0.9097734136581421
690,845,155,0.155,0.9406758455336094
694,847,153,0.153,0.9678177720457315
718,859,141,0.141,0.9450016969442367
722,861,139,0.139,0.9405854659825563
766,883,117,0.117,0.9349059807360173
816,908,92,0.092,0.8762852858304977
704,852,148,0.148,0.9467759114205837
724,862,138,0.138,0.9148128987550735
694,847,153,0.153,0.9552808263897896
722,861,139,0.139,0.9177001390457153
756,878,122,0.122,0.9273926121890544
704,852,148,0.148,0.9514350854158401
730,865,135,0.135,0.9134672825932503
756,878,122,0.122,0.8965769757628441
698,849,151,0.151,0.9270333868563175
772,886,114,0.114,0.9219167076051236
746,873,127,0.127,0.9216798371699072
770,885,115,0.115,0.9031442519724369
772,886,114,0.114,0.9083224253356457
738,869,131,0.131,0.9304345877766609
732,866,134,0.134,0.9617168627213687
728,864,136,0.136,0.9006355107724666
692,846,154,0.154,0.9286927098631859
688,844,156,0.156,0.8987325398623943
756,878,122,0.122,0.9253309758901596
780,890,110,0.11,0.89974516428262
694,847,153,0.153,0.9335968609512801
736,868,132,0.132,0.9354768983125686
698,849,151,0.151,0.9431697621643543
730,865,135,0.135,0.9157108554840088
756,878,122,0.122,0.9354261273443699
728,864,136,0.136,0.9165507828593255
764,882,118,0.118,0.9200548335909844
718,859,141,0.141,0.9240297696590424
756,878,122,0.122,0.8997862072587013
740,870,130,0.13,0.9408609153628349
734,867,133,0.133,0.9150985460281372
760,880,120,0.12,0.8892264334559441
736,868,132,0.132,0.9402430028915405
712,856,144,0.144,0.9319170434772969
710,855,145,0.145,0.92600848031044
748,874,126,0.126,0.9053243553638458
684,842,158,0.158,0.9695222329795361
692,846,154,0.154,0.94037834918499
726,863,137,0.137,0.9522692487239838
810,905,95,0.095,0.8471784364581109
752,876,124,0.124,0.8469305572807789
766,883,117,0.117,0.9039320097565651
770,885,115,0.115,0.8948744487017393
700,850,150,0.15,0.9406517830314115
686,843,157,0.157,0.9575264326739998
750,875,125,0.125,0.8813712849467993
752,876,124,0.124,0.9432939545214176
766,883,117,0.117,0.9226478623151779
704,852,148,0.148,0.971884252756834
720,860,140,0.14,0.9382210062667727
712,856,144,0.144,0.9212720546424389
760,880,120,0.12,0.9189502753950656
704,852,148,0.148,0.932106952774804
768,884,116,0.116,0.8877361181080341
794,897,103,0.103,0.9046619736254216
712,856,144,0.144,0.9277195596694946
762,881,119,0.119,0.9073442820012569
734,867,133,0.133,0.9491273021395318
698,849,151,0.151,0.9894194024689495
730,865,135,0.135,0.9630836471067742
762,881,119,0.119,0.9274610911426134
716,858,142,0.142,0.9182049564551562
764,882,118,0.118,0.8983488445915282
758,879,121,0.121,0.9236580527722835
718,859,141,0.141,0.9638694403171539
730,865,135,0.135,0.9224747084379196
720,860,140,0.14,0.9428544608950615
796,898,102,0.102,0.9100889943502843
658,829,171,0.171,0.9863792511373758
742,871,129,0.129,0.9381026489138603
726,863,137,0.137,0.9327866012752056
778,889,111,0.111,0.9375717178297366
756,878,122,0.122,0.922053869009018
658,829,171,0.171,0.949616068482399
678,839,161,0.161,0.9237639085805542
684,842,158,0.158,0.9803623949885368
760,880,120,0.12,0.9183360512256622
710,855,145,0.145,0.9496008449196816
718,859,141,0.141,0.9366848220294341
678,839,161,0.161,0.9632148511409759
678,839,161,0.161,0.9258802374601364
752,876,124,0.124,0.9013368453681468
694,847,153,0.153,0.9583420117497444
796,898,102,0.102,0.905661964982748
696,848,152,0.152,0.9239018080234528
746,873,127,0.127,0.93468477858603
728,864,136,0.136,0.9329144405722618
806,903,97,0.097,0.8695273036956788
706,853,147,0.147,0.9395523281991481
772,886,114,0.114,0.8965077604949474
742,871,129,0.129,0.9044953771531582
746,873,127,0.127,0.9485494043231011
746,873,127,0.127,0.9312038596570492
752,876,124,0.124,0.9347902015745639
814,907,93,0.093,0.8686229634582996
752,876,124,0.124,0.9422710282206536
680,840,160,0.16,0.9691004305183888
728,864,136,0.136,0.9181280288696289
732,866,134,0.134,0.901708436217159
692,846,154,0.154,0.968774050116539
730,865,135,0.135,0.9388510295748711
736,868,132,0.132,0.9108421788811684
724,862,138,0.138,0.9130784629285336
716,858,142,0.142,0.9490001281499862
726,863,137,0.137,0.9386634197235108
746,873,127,0.127,0.9224538795650006
720,860,140,0.14,0.9289040493071079
678,839,161,0.161,0.975369690105319
710,855,145,0.145,0.9324475582242012
750,875,125,0.125,0.9213542462759833
714,857,143,0.143,0.9514169776141643
690,845,155,0.155,0.9402155134677886
726,863,137,0.137,0.9176295941770076
682,841,159,0.159,0.990132236123085
682,841,159,0.159,0.9647362744808197
698,849,151,0.151,0.9677955073341727
680,840,160,0.16,0.9255028524398804
808,904,96,0.096,0.8777643050253391
776,888,112,0.112,0.8762296386957169
716,858,142,0.142,0.9163067962527275
732,866,134,0.134,0.9200313490331173
712,856,144,0.144,0.9644336941838264
776,888,112,0.112,0.864134862780571
710,855,145,0.145,0.9001592446267604
724,862,138,0.138,0.9063587487637996
716,858,142,0.142,0.9521850424706936
744,872,128,0.128,0.87557155585289
778,889,111,0.111,0.8695991361737251
748,874,126,0.126,0.8999852952063083
704,852,148,0.148,0.8839401927888393
778,889,111,0.111,0.8911970641687512
742,871,129,0.129,0.9068543290495873
750,875,125,0.125,0.8926449475586414
782,891,109,0.109,0.9030710064172744
756,878,122,0.122,0.8982310866713524
784,892,108,0.108,0.9073468547761441
714,857,143,0.143,0.942005934998393
732,866,134,0.134,0.9345116743315012
780,890,110,0.11,0.8795146590173244
814,907,93,0.093,0.8636248850524425
700,850,150,0.15,0.9037546965181827
728,864,136,0.136,0.8997313775420189
728,864,136,0.136,0.9140020191371441
650,825,175,0.175,0.8914970007240772
698,849,151,0.151,0.910643300652504
702,851,149,0.149,0.9320807818174363
728,864,136,0.136,0.9062930262386799
756,878,122,0.122,0.8641856049001216
732,866,134,0.134,0.8972820392847061
750,875,125,0.125,0.9109128135293723
728,864,136,0.136,0.8546446649917052
670,835,165,0.165,0.9342108530849218
774,887,113,0.113,0.8831542625278235
738,869,131,0.131,0.8758295533135534
710,855,145,0.145,0.9326032435353845
736,868,132,0.132,0.8773343813717365
750,875,125,0.125,0.8964034044938162
736,868,132,0.132,0.8804476400315762
770,885,115,0.115,0.9024076300859452
770,885,115,0.115,0.895535507440567
728,864,136,0.136,0.9088218657970428
726,863,137,0.137,0.9170584745813198
716,858,142,0.142,0.896495329529047
776,888,112,0.112,0.8982492451317666
748,874,126,0.126,0.9189887807667255
670,835,165,0.165,0.9203303035497665
740,870,130,0.13,0.894680587977171
744,872,128,0.128,0.8695225548446178
670,835,165,0.165,0.9283032697897617
742,871,129,0.129,0.9036977106332779
782,891,109,0.109,0.8547071906626225
736,868,132,0.132,0.888445252686739
754,877,123,0.123,0.8983423289954662
708,854,146,0.146,0.896544423289597
694,847,153,0.153,0.9018044937551022
726,863,137,0.137,0.8984706574082375
738,869,131,0.131,0.8770032701194286
744,872,128,0.128,0.9038990217447281
804,902,98,0.098,0.8391970211267471
760,880,120,0.12,0.8721221862882376
608,804,196,0.196,0.9784981748815625
718,859,141,0.141,0.9077179966866971
710,855,145,0.145,0.8470019226074219
754,877,123,0.123,0.8328082889020443
790,895,105,0.105,0.8436951487362385
736,868,132,0.132,0.8874028406739235
720,860,140,0.14,0.8879162340462208
706,853,147,0.147,0.9122451540231705
766,883,117,0.117,0.8895530403256416
778,889,111,0.111,0.846617597937584
800,900,100,0.1,0.8477900224477053
746,873,127,0.127,0.8755034807622433
764,882,118,0.118,0.9123786913454532
752,876,124,0.124,0.8801385051906109
722,861,139,0.139,0.8943103123009205
714,857,143,0.143,0.8995325835347175
760,880,120,0.12,0.9096979317367077
720,860,140,0.14,0.8918963635314708
702,851,149,0.149,0.9156640786528587
684,842,158,0.158,0.9122089999392629
724,862,138,0.138,0.8937223246395588
764,882,118,0.118,0.915359172463417
758,879,121,0.121,0.8762996102273464
750,875,125,0.125,0.902149527311325
688,844,156,0.156,0.9274689638912678
776,888,112,0.112,0.8889207785129547
706,853,147,0.147,0.8880767052471638
756,878,122,0.122,0.8974658938649681
706,853,147,0.147,0.8984336116611957
722,861,139,0.139,0.8641547938883305
684,842,158,0.158,0.9110879391431809
784,892,108,0.108,0.8650837043225765
748,874,126,0.126,0.9109051780998707
720,860,140,0.14,0.844561345666647
738,869,131,0.131,0.864683081060648
710,855,145,0.145,0.9096517736017704
728,864,136,0.136,0.8829755718708039
766,883,117,0.117,0.8815071609206497
756,878,122,0.122,0.881893688172102
754,877,123,0.123,0.8862833341969563
768,884,116,0.116,0.8653973788917064
780,890,110,0.11,0.8744627732336521
640,820,180,0.18,0.9372918898463249
708,854,146,0.146,0.9127822297215462
698,849,151,0.151,0.9254328912757337
742,871,129,0.129,0.8927715718448163
772,886,114,0.114,0.8506970942914486
744,872,128,0.128,0.8701434619426728
728,864,136,0.136,0.8946288928464055
756,878,122,0.122,0.8978780324608088
752,876,124,0.124,0.8792919119838625
746,873,127,0.127,0.8925222156643867
736,868,132,0.132,0.8850078810155392
756,878,122,0.122,0.8985155897140503
734,867,133,0.133,0.8826295163929463
774,887,113,0.113,0.8916682949066163
778,889,111,0.111,0.8814996018409729
748,874,126,0.126,0.9025926171764731
726,863,137,0.137,0.9016350449472665
736,868,132,0.132,0.9208629487812868
744,872,128,0.128,0.8933185203373433
798,899,101,0.101,0.8661630683541298
734,867,133,0.133,0.8933352050185204
752,876,124,0.124,0.8672397895753383
668,834,166,0.166,0.9231892446577549
716,858,142,0.142,0.8543927030060576
752,876,124,0.124,0.8540503177940846
738,869,131,0.131,0.8607739712893963
718,859,141,0.141,0.8982766604013741
790,895,105,0.105,0.8789679613113404
666,833,167,0.167,0.9038393660686359
768,884,116,0.116,0.8511084399223328
698,849,151,0.151,0.8777225980060175
742,871,129,0.129,0.8616163380742073
724,862,138,0.138,0.9043976792693138
804,902,98,0.098,0.8289642869271338
746,873,127,0.127,0.8374608583152294
710,855,145,0.145,0.9043111334885471
744,872,128,0.128,0.8497674058675766
824,912,88,0.088,0.8137130258753896
714,857,143,0.143,0.8935156644582748
776,888,112,0.112,0.835768631324172
800,900,100,0.1,0.8268417543172837
728,864,136,0.136,0.8592614256739617
752,876,124,0.124,0.8152893534302712
762,881,119,0.119,0.854871323287487
716,858,142,0.142,0.9198022636473179
704,852,148,0.148,0.898143451717081
702,851,149,0.149,0.8873191350102425
714,857,143,0.143,0.8620869408249855
786,893,107,0.107,0.8170176959633827
792,896,104,0.104,0.8167465832233429
704,852,148,0.148,0.8724234773218632
740,870,130,0.13,0.8204888745238522
706,853,147,0.147,0.8757173183858394
694,847,153,0.153,0.8803571500480175
708,854,146,0.146,0.8922137185037136
708,854,146,0.146,0.8854581437706948
782,891,109,0.109,0.8213251198641955
710,855,145,0.145,0.8798707093000412
750,875,125,0.125,0.8685563161578029
712,856,144,0.144,0.8472167455554008
768,884,116,0.116,0.8334562819600105
770,885,115,0.115,0.819892540037632
692,846,154,0.154,0.8540865811750263
702,851,149,0.149,0.8831335988342762
782,891,109,0.109,0.8547570358216763
774,887,113,0.113,0.8301264840364456
688,844,156,0.156,0.9250865855785086
746,873,127,0.127,0.8559833297133446
778,889,111,0.111,0.8523959157168866
814,907,93,0.093,0.8227379374504089
738,869,131,0.131,0.8642692079246044
718,859,141,0.141,0.8776668556928635
740,870,130,0.13,0.8355459163188934
772,886,114,0.114,0.8227286587357521
818,909,91,0.091,0.8152238298654556
682,841,159,0.159,0.8795925484895706
734,867,133,0.133,0.8564957334697246
810,905,95,0.095,0.8083307724297046
754,877,123,0.123,0.8620288129970431
704,852,148,0.148,0.8549380924105644
734,867,133,0.133,0.8160112375915051
702,851,149,0.149,0.845807104498148
766,883,117,0.117,0.8431249824799597
734,867,133,0.133,0.8397629961967469
706,853,147,0.147,0.8461523184478283
738,869,131,0.131,0.8435537649393081
678,839,161,0.161,0.8815713283717632
692,846,154,0.154,0.8464907284080982
730,865,135,0.135,0.8458365008234978
734,867,133,0.133,0.8405648344755172
770,885,115,0.115,0.8077537801265716
714,857,143,0.143,0.817327811807394
644,822,178,0.178,0.8875871123373509
692,846,154,0.154,0.8889133101208135
714,857,143,0.143,0.8603084562886506
728,864,136,0.136,0.8678588645924464
716,858,142,0.142,0.8246997958719731
772,886,114,0.114,0.8231087692901492
714,857,143,0.143,0.8445506859570742
760,880,120,0.12,0.818348365932703
688,844,156,0.156,0.8940061106681824
652,826,174,0.174,0.9058734715282917
708,854,146,0.146,0.8289825500559673
722,861,139,0.139,0.8502579772472382
708,854,146,0.146,0.8589042599797249
736,868,132,0.132,0.83094491776824
734,867,133,0.133,0.8528357087075719
668,834,166,0.166,0.8952430466115475
756,878,122,0.122,0.8371305530369282
722,861,139,0.139,0.8444355854690075
784,892,108,0.108,0.802648383345455
710,855,145,0.145,0.8542245571315289
760,880,120,0.12,0.8218396990895271
776,888,112,0.112,0.8050931361317635
688,844,156,0.156,0.8741447883248329
682,841,159,0.159,0.8825963307321072
682,841,159,0.159,0.908447845697403
688,844,156,0.156,0.9042688059359789
662,831,169,0.169,0.883375069886446
724,862,138,0.138,0.8237122360169887
718,859,141,0.141,0.8778583976626396
712,856,144,0.144,0.8604407216012477
704,852,148,0.148,0.8949737660288811
756,878,122,0.122,0.8450536629855633
724,862,138,0.138,0.8783146460969001
742,871,129,0.129,0.8678824639990925
704,852,148,0.148,0.8307854006588459
786,893,107,0.107,0.8312122894525528
736,868,132,0.132,0.8623854792714118
716,858,142,0.142,0.8617028151750564
768,884,116,0.116,0.8157465503690764
694,847,153,0.153,0.8540641016066074
746,873,127,0.127,0.8329839772284031
686,843,157,0.157,0.8470416671255371
738,869,131,0.131,0.8248815828561783
702,851,149,0.149,0.8241003043306991
690,845,155,0.155,0.8801643297523261
746,873,127,0.127,0.8363041319549084
716,858,142,0.142,0.8540753309726715
764,882,118,0.118,0.8112907325923443
676,838,162,0.162,0.8923440398275853
646,823,177,0.177,0.8851509694233537
682,841,159,0.159,0.8957801403105259
786,893,107,0.107,0.8286012768149376
706,853,147,0.147,0.8374835465252399
762,881,119,0.119,0.8136639235317707
716,858,142,0.142,0.8435297351603004
780,890,110,0.11,0.8105077961087227
710,855,145,0.145,0.8265032520890236
722,861,139,0.139,0.8668816375732422
764,882,118,0.118,0.7977600463628769
714,857,143,0.143,0.8355283014774323
764,882,118,0.118,0.8270731992423535
756,878,122,0.122,0.8331403691843152
692,846,154,0.154,0.8678836978769104
762,881,119,0.119,0.8302332382500172
758,879,121,0.121,0.8424257637560367
696,848,152,0.152,0.8517847683727742
852,926,74,0.074,0.7620016556084156
760,880,120,0.12,0.8523971846103668
628,814,186,0.186,0.8793191076219082
740,870,130,0.13,0.8477597728073597
772,886,114,0.114,0.8054201343357563
704,852,148,0.148,0.8456217226982117
706,853,147,0.147,0.8440151295661926
694,847,153,0.153,0.837062161654234
744,872,128,0.128,0.7918862101137638
850,925,75,0.075,0.7624014018326998
772,886,114,0.114,0.7869702793434262
642,821,179,0.179,0.8983101035356522
748,874,126,0.126,0.8283066024184227
734,867,133,0.133,0.8255247412323952
784,892,108,0.108,0.7548014027327299
714,857,143,0.143,0.8008332168459892
718,859,141,0.141,0.8427605792284018
744,872,128,0.128,0.8324230892658233
782,891,109,0.109,0.7641272484660149
732,866,134,0.134,0.8007827756404877
668,834,166,0.166,0.83936505818367
672,836,164,0.164,0.8392177765024826
738,869,131,0.131,0.80216148391366
724,862,138,0.138,0.83711241370067
756,878,122,0.122,0.7940436665415764
722,861,139,0.139,0.8148445843756199
826,913,87,0.087,0.7586384716928005
708,854,146,0.146,0.8438325580656528
748,874,126,0.126,0.7857177527844906
728,864,136,0.136,0.8052357246428729
688,844,156,0.156,0.8567095975875855
744,872,128,0.128,0.8061374614536763
758,879,121,0.121,0.8212869457453489
790,895,105,0.105,0.7965469736158848
686,843,157,0.157,0.8289767226874828
718,859,141,0.141,0.8759048657417298
772,886,114,0.114,0.7984061381518841
730,865,135,0.135,0.8152639769613743
690,845,155,0.155,0.8369400382339954
714,857,143,0.143,0.8249824447929859
766,883,117,0.117,0.797958498954773
724,862,138,0.138,0.8372216951306909
768,884,116,0.116,0.7949016841948032
702,851,149,0.149,0.8211543166041374
756,878,122,0.122,0.8311983326673508
672,836,164,0.164,0.8888809102028609
784,892,108,0.108,0.8044534909427166
744,872,128,0.128,0.8029979367852211
710,855,145,0.145,0.8035411495864392
728,864,136,0.136,0.8184365631043911
744,872,128,0.128,0.8290788513123989
772,886,114,0.114,0.7885020543676874
798,899,101,0.101,0.7867591353789457
758,879,121,0.121,0.8415699773058295
706,853,147,0.147,0.8063630239963532
792,896,104,0.104,0.7927092100381852
720,860,140,0.14,0.8373000505492091
712,856,144,0.144,0.806892051577568
800,900,100,0.1,0.8339029881507158
740,870,130,0.13,0.8228688791394234
712,856,144,0.144,0.8209502296062601
722,861,139,0.139,0.8379857417047024
736,868,132,0.132,0.8382271110862494
736,868,132,0.132,0.8064027914851903
760,880,120,0.12,0.8190299399495125
722,861,139,0.139,0.8295805235207081
792,896,104,0.104,0.7875743045508862
660,830,170,0.17,0.8686681184768676
710,855,145,0.145,0.8232240395247936
700,850,150,0.15,0.8371936300694942
702,851,149,0.149,0.822869427842563
694,847,153,0.153,0.8354397361576558
746,873,127,0.127,0.8131332375705242
820,910,90,0.09,0.7271113016009331
720,860,140,0.14,0.8171574996858835
726,863,137,0.137,0.8134983280301094
626,813,187,0.187,0.8595041192770004
732,866,134,0.134,0.8298533391947633
722,861,139,0.139,0.8200856629852206
756,878,122,0.122,0.80672871991992
766,883,117,0.117,0.8225138970315456
734,867,133,0.133,0.8182267546989024
758,879,121,0.121,0.8063692372441292
674,837,163,0.163,0.8409948832690716
768,884,116,0.116,0.7438681554496288
746,873,127,0.127,0.800899870634079
758,879,121,0.121,0.8009047747552395
718,859,141,0.141,0.8167410650402307
762,881,119,0.119,0.7656541393995285
726,863,137,0.137,0.8230043514235876
762,881,119,0.119,0.8037207057476043
778,889,111,0.111,0.7509623656496406
700,850,150,0.15,0.8181457087993622
708,854,146,0.146,0.8195907217084896
748,874,126,0.126,0.7591435359716415
716,858,142,0.142,0.8314518853016197
718,859,141,0.141,0.8031015517413617
748,874,126,0.126,0.82551032564044
688,844,156,0.156,0.8284672609269619
668,834,166,0.166,0.8171716760993004
726,863,137,0.137,0.7611769848167896
752,876,124,0.124,0.7677532102323894
790,895,105,0.105,0.7469668979942798
718,859,141,0.141,0.8358697908245973
726,863,137,0.137,0.8383970050161006
796,898,102,0.102,0.7240992537736892
740,870,130,0.13,0.8235732070505619
738,869,131,0.131,0.8076369976401329
774,887,113,0.113,0.7471882383525371
740,870,130,0.13,0.7901795542240143
724,862,138,0.138,0.8106870558857918
790,895,105,0.105,0.7278398033637786
634,817,183,0.183,0.849327130317688
732,866,134,0.134,0.772105199405516
758,879,121,0.121,0.7622034993171692
706,853,147,0.147,0.7826195036768914
726,863,137,0.137,0.775053325355053
762,881,119,0.119,0.7945639302432537
728,864,136,0.136,0.7941872192770243
746,873,127,0.127,0.7759815511107445
718,859,141,0.141,0.7593026053607463
714,857,143,0.143,0.7837530617117882
746,873,127,0.127,0.7536435095965862
670,835,165,0.165,0.8181068470329046
724,862,138,0.138,0.7692582877278328
756,878,122,0.122,0.7849940460175275
732,866,134,0.134,0.7916467824876309
782,891,109,0.109,0.7468995924592018
726,863,137,0.137,0.7545726569294929
718,859,141,0.141,0.7987222025771625
804,902,98,0.098,0.7307983879745007
728,864,136,0.136,0.7711668463200331
762,881,119,0.119,0.7334984393119812
720,860,140,0.14,0.7942840839028359
668,834,166,0.166,0.7916584541499615
750,875,125,0.125,0.7391032654196024
764,882,118,0.118,0.7572603266835213
792,896,104,0.104,0.7525645417496561
740,870,130,0.13,0.7869237357005477
768,884,116,0.116,0.7609372877804199
694,847,153,0.153,0.8115871501863002
702,851,149,0.149,0.8054933776259422
758,879,121,0.121,0.7559329119622707
758,879,121,0.121,0.7809470303803683
766,883,117,0.117,0.7425185862183571
756,878,122,0.122,0.7841538773477077
766,883,117,0.117,0.7711538151428103
712,856,144,0.144,0.7888404240625677
826,913,87,0.087,0.7405060037374497
696,848,152,0.152,0.7837092551141978
748,874,126,0.126,0.7874009561240674
706,853,147,0.147,0.7888063669800759
750,875,125,0.125,0.7946364981234073
740,870,130,0.13,0.7493652134537697
780,890,110,0.11,0.7494385193884373
700,850,150,0.15,0.7708452598005533
748,874,126,0.126,0.7755157939493657
692,846,154,0.154,0.8095603483319282
716,858,142,0.142,0.7697354348301888
818,909,91,0.091,0.7255488449037075
754,877,123,0.123,0.7546473313868046
778,889,111,0.111,0.7322698321640492
704,852,148,0.148,0.8132741496264935
720,860,140,0.14,0.7770122240120545
756,878,122,0.122,0.7220027390122413
734,867,133,0.133,0.7451949222132984
702,851,149,0.149,0.7793762193843722
678,839,161,0.161,0.7979264156520367
710,855,145,0.145,0.7867788555026054
638,819,181,0.181,0.8322036033272743
748,874,126,0.126,0.752343749538064
778,889,111,0.111,0.7256845981553197
658,829,171,0.171,0.8052720356732607
784,892,108,0.108,0.7280500081181526
728,864,136,0.136,0.8010220813602209
686,843,157,0.157,0.7976210507154464
694,847,153,0.153,0.8252022398933768
784,892,108,0.108,0.7395275079756976
704,852,148,0.148,0.8283984187543392
696,848,152,0.152,0.7976790731136271
716,858,142,0.142,0.8089929030799995
756,878,122,0.122,0.7975488822460175
690,845,155,0.155,0.8029888009130954
756,878,122,0.122,0.750277760013938
670,835,165,0.165,0.8252339880764484
704,852,148,0.148,0.7587041006982327
738,869,131,0.131,0.772408516317606
702,851,149,0.149,0.7746296361237764
716,858,142,0.142,0.7707325771152973
734,867,133,0.133,0.750018217679563
698,849,151,0.151,0.779296017402783
762,881,119,0.119,0.7683972275680863
774,887,113,0.113,0.7516622553318739
778,889,111,0.111,0.7276852574646473
764,882,118,0.118,0.7524032894261181
758,879,121,0.121,0.7217966387271881
696,848,152,0.152,0.7668310362696648
748,874,126,0.126,0.7647152184462175
724,862,138,0.138,0.7700947572290897
718,859,141,0.141,0.7842210712134838
716,858,142,0.142,0.7782722459309924
750,875,125,0.125,0.7731054106652737
756,878,122,0.122,0.7139899140149355
742,871,129,0.129,0.7636916077435016
746,873,127,0.127,0.7433208428025245
758,879,121,0.121,0.7379428537487984
794,897,103,0.103,0.7394814977943898
702,851,149,0.149,0.748782962501049
738,869,131,0.131,0.6771444280147553
684,842,158,0.158,0.7800292949164286
722,861,139,0.139,0.7791973980367184
714,857,143,0.143,0.7326088020522739
768,884,116,0.116,0.7550228226868203
764,882,118,0.118,0.7106730067729949
754,877,123,0.123,0.7757427491694688
698,849,151,0.151,0.7401739545760954
766,883,117,0.117,0.7476999144521542
788,894,106,0.106,0.7114619282186031
772,886,114,0.114,0.753816103130579
744,872,128,0.128,0.7295375925898552
742,871,129,0.129,0.7415051261186599
736,868,132,0.132,0.7885967799960636
744,872,128,0.128,0.735897547185421
750,875,125,0.125,0.7471261105537415
742,871,129,0.129,0.7483653830599214
826,913,87,0.087,0.6793886158317327
726,863,137,0.137,0.7574531550705433
700,850,150,0.15,0.7612669143974781
704,852,148,0.148,0.777892541050911
698,849,151,0.151,0.7948716326653957
728,864,136,0.136,0.7648454932272434
728,864,136,0.136,0.7711629102493752
730,865,135,0.135,0.761248064160347
702,851,149,0.149,0.7317633970528841
764,882,118,0.118,0.7171150908470154
754,877,123,0.123,0.7579434776157141
