log_avg_ept_score,log_avg_succ_req,log_avg_blk_req,log_avg_BP_req,log_avg_entropy
-366,317,683,0.683,3.9103892936706544
-404,298,702,0.702,3.91042067027092
-410,295,705,0.705,3.9103957324028014
-388,306,694,0.694,3.9103779492378234
-374,313,687,0.687,3.9102210247516633
-384,308,692,0.692,3.910223820924759
-416,292,708,0.708,3.9101552820205687
-442,279,721,0.721,3.9101667506694793
-362,319,681,0.681,3.9097179296016695
-358,321,679,0.679,3.909644153356552
-306,347,653,0.653,3.909585556745529
-420,290,710,0.71,3.9096570625305174
-424,288,712,0.712,3.908507026672363
-402,299,701,0.701,3.908417635679245
-400,300,700,0.7,3.908380143404007
-424,288,712,0.712,3.9082748010158537
-376,312,688,0.688,3.9059536492824556
-360,320,680,0.68,3.906015183210373
-352,324,676,0.676,3.9058750858306883
-266,367,633,0.633,3.905711364746094
-374,313,687,0.687,3.9006767432689666
-378,311,689,0.689,3.9006389076709747
-366,317,683,0.683,3.89990102314949
-368,316,684,0.684,3.8995523805618286
-298,351,649,0.649,3.8865793619155884
-422,289,711,0.711,3.885725586175919
-408,296,704,0.704,3.885116358757019
-392,304,696,0.696,3.8857769818305967
-348,326,674,0.674,3.844356086015701
-304,348,652,0.652,3.852867763757706
-376,312,688,0.688,3.845755093097687
-364,318,682,0.682,3.8456871471405027
-306,347,653,0.653,3.7729526772499082
-330,335,665,0.665,3.7623358225822447
-294,353,647,0.647,3.760185888290405
-346,327,673,0.673,3.7658646984100344
-274,363,637,0.637,3.670636367082596
-306,347,653,0.653,3.6733216822147368
-280,360,640,0.64,3.6769037144184114
-290,355,645,0.645,3.6705251071453096
-240,380,620,0.62,3.6474525310993196
-246,377,623,0.623,3.659126548290253
-254,373,627,0.627,3.661484875679016
-278,361,639,0.639,3.6587793197631835
-266,367,633,0.633,3.6815621178150177
-194,403,597,0.597,3.6916524646282194
-262,369,631,0.631,3.698742438554764
-258,371,629,0.629,3.6901964032649994
-262,369,631,0.631,3.7098880972862243
-230,385,615,0.615,3.721621969461441
-248,376,624,0.624,3.71077782034874
-206,397,603,0.603,3.7050751650333407
-146,427,573,0.573,3.700786741733551
-118,441,559,0.559,3.6968674614429475
-186,407,593,0.593,3.716463794231415
-188,406,594,0.594,3.709483004331589
-204,398,602,0.602,3.706944904088974
-214,393,607,0.607,3.7163574521541594
-216,392,608,0.608,3.7253270680904387
-212,394,606,0.606,3.7264689490795138
-216,392,608,0.608,3.7171373760700224
-208,396,604,0.604,3.699375154018402
-186,407,593,0.593,3.6990798666477205
-216,392,608,0.608,3.7016233022212983
-196,402,598,0.598,3.689531197309494
-230,385,615,0.615,3.6860787968635558
-114,443,557,0.557,3.6740575087070466
-198,401,599,0.599,3.6614612505435944
-160,420,580,0.58,3.664776353120804
-128,436,564,0.564,3.6595446667671205
-176,412,588,0.588,3.6618105511665346
-124,438,562,0.562,3.669616838693619
-160,420,580,0.58,3.6575454959869385
-192,404,596,0.596,3.651963282585144
-104,448,552,0.552,3.651616569042206
-200,400,600,0.6,3.6491730806827545
-116,442,558,0.558,3.6557273054122925
-138,431,569,0.569,3.65445774769783
-108,446,554,0.554,3.6397724125385285
-136,432,568,0.568,3.6340268287658692
-184,408,592,0.592,3.6532127039432525
-108,446,554,0.554,3.6498085458278657
-116,442,558,0.558,3.6428659007549284
-112,444,556,0.556,3.642874177455902
-146,427,573,0.573,3.6398357388973235
-104,448,552,0.552,3.660442103624344
-108,446,554,0.554,3.654757878780365
-98,451,549,0.549,3.6546164700984956
-116,442,558,0.558,3.6352652118206024
-152,424,576,0.576,3.6319785623550414
-102,449,551,0.551,3.6140927953720094
-48,476,524,0.524,3.6193244528770445
-104,448,552,0.552,3.6144982085227966
-90,455,545,0.545,3.6139205160140992
-110,445,555,0.555,3.6078530328273772
-148,426,574,0.574,3.5986058967113497
-84,458,542,0.542,3.5852288994789125
-86,457,543,0.543,3.582097179889679
-32,484,516,0.516,3.560982100248337
-82,459,541,0.541,3.5613222670555116
-48,476,524,0.524,3.5587891495227812
-56,472,528,0.528,3.555964260816574
-76,462,538,0.538,3.5536520819664004
-32,484,516,0.516,3.541985231399536
-52,474,526,0.526,3.539987019300461
-44,478,522,0.522,3.5276571888923645
-46,477,523,0.523,3.537390465259552
16,508,492,0.492,3.519285074710846
-34,483,517,0.517,3.500433081150055
24,512,488,0.488,3.4984897783994673
-18,491,509,0.509,3.4512104256153107
34,517,483,0.483,3.447974499464035
30,515,485,0.485,3.4474061877727507
-4,498,502,0.502,3.4388906855583192
92,546,454,0.454,3.3798283536434175
52,526,474,0.474,3.380241820812225
-38,481,519,0.519,3.356078190088272
34,517,483,0.483,3.3279302483797073
54,527,473,0.473,3.319900077700615
34,517,483,0.483,3.2977970178127287
48,524,476,0.476,3.328088725566864
-8,496,504,0.504,3.3504327856302263
108,554,446,0.446,3.2227531350851057
134,567,433,0.433,3.2097118382453917
98,549,451,0.451,3.236220496416092
58,529,471,0.471,3.2086164948940277
156,578,422,0.422,3.1159190425872803
34,517,483,0.483,3.1682479947805406
132,566,434,0.434,3.039774205327034
204,602,398,0.398,3.050058253645897
232,616,384,0.384,2.9015152559280395
192,596,404,0.404,2.8666667104959487
308,654,346,0.346,2.77309006690979
308,654,346,0.346,2.74160861825943
302,651,349,0.349,2.5674375652074812
286,643,357,0.357,2.473069667696953
390,695,305,0.305,2.3806873778700828
374,687,313,0.313,2.320092898845673
452,726,274,0.274,2.037923334300518
504,752,248,0.248,1.9108135421276093
478,739,261,0.261,1.775274211704731
574,787,213,0.213,1.7062777314186097
616,808,192,0.192,1.3789307808876037
654,827,173,0.173,1.2577879036962987
620,810,190,0.19,1.0834436460137367
664,832,168,0.168,0.9960450725257397
724,862,138,0.138,0.5855039051156491
726,863,137,0.137,0.5197254229839892
728,864,136,0.136,0.3935919948730152
788,894,106,0.106,0.29785451167076826
792,896,104,0.104,0.2443604915048927
750,875,125,0.125,0.2774123954754323
702,851,149,0.149,0.34447232865169647
754,877,123,0.123,0.30892214179970323
722,861,139,0.139,0.3349946255162358
696,848,152,0.152,0.3749775497401133
712,856,144,0.144,0.3489753055665642
730,865,135,0.135,0.3729961296168622
676,838,162,0.162,0.35728546693362295
786,893,107,0.107,0.31397395370993764
782,891,109,0.109,0.26180146738595794
726,863,137,0.137,0.20908312727464362
722,861,139,0.139,0.21654860885231755
772,886,114,0.114,0.19137897352222352
792,896,104,0.104,0.17672457846766337
744,872,128,0.128,0.19552398385189007
770,885,115,0.115,0.19893019363516942
776,888,112,0.112,0.19188095287815668
738,869,131,0.131,0.1841570484242402
780,890,110,0.11,0.17524939318792895
792,896,104,0.104,0.1663830576185137
770,885,115,0.115,0.15457842662511392
706,853,147,0.147,0.18586187515454367
766,883,117,0.117,0.15964016069285572
744,872,128,0.128,0.15544444936839863
744,872,128,0.128,0.15131733544450254
730,865,135,0.135,0.19671188201289624
688,844,156,0.156,0.2142405191832222
730,865,135,0.135,0.23304095098003746
656,828,172,0.172,0.27840020724292847
760,880,120,0.12,0.22514033507183195
768,884,116,0.116,0.22152606359496713
712,856,144,0.144,0.2536304700395558
788,894,106,0.106,0.21454015807714313
730,865,135,0.135,0.18081989434175194
734,867,133,0.133,0.19931971729616635
820,910,90,0.09,0.16696970998798497
756,878,122,0.122,0.1830224953177385
768,884,116,0.116,0.17546070480486378
678,839,161,0.161,0.21206335850153119
708,854,146,0.146,0.2161110762245953
724,862,138,0.138,0.2094410722022876
732,866,134,0.134,0.22536752099217847
714,857,143,0.143,0.22479151783324777
734,867,133,0.133,0.23385942178033292
742,871,129,0.129,0.2201754728220403
704,852,148,0.148,0.20942682718485595
788,894,106,0.106,0.2246379551347345
786,893,107,0.107,0.2085633326107636
756,878,122,0.122,0.21277424281463028
744,872,128,0.128,0.2086871535014361
764,882,118,0.118,0.23071577518433334
682,841,159,0.159,0.23357948050275446
714,857,143,0.143,0.25824825472012164
774,887,113,0.113,0.2223778885435313
696,848,152,0.152,0.27169070911221205
658,829,171,0.171,0.32309093794319776
656,828,172,0.172,0.33075925511308013
730,865,135,0.135,0.3269342131651938
734,867,133,0.133,0.3211575570758432
754,877,123,0.123,0.3240668593905866
692,846,154,0.154,0.37629448414593936
770,885,115,0.115,0.2826438100785017
738,869,131,0.131,0.2830495725106448
724,862,138,0.138,0.26183624630607666
776,888,112,0.112,0.2528141969833523
762,881,119,0.119,0.2641560590974987
692,846,154,0.154,0.26464730326272545
760,880,120,0.12,0.22334002894442528
774,887,113,0.113,0.22909262604732067
758,879,121,0.121,0.22030474009923637
818,909,91,0.091,0.20908847795799373
718,859,141,0.141,0.27980418970249593
798,899,101,0.101,0.21062287560850382
772,886,114,0.114,0.23549059030576608
742,871,129,0.129,0.22701159912254662
744,872,128,0.128,0.282016872132197
790,895,105,0.105,0.23208612262643874
746,873,127,0.127,0.2722226565666497
752,876,124,0.124,0.26405502908490597
680,840,160,0.16,0.27167202263884244
768,884,116,0.116,0.22844051790423692
730,865,135,0.135,0.31089922617562116
766,883,117,0.117,0.22997235720418394
690,845,155,0.155,0.2356585663165897
768,884,116,0.116,0.2142879079338163
782,891,109,0.109,0.20965495105832815
786,893,107,0.107,0.21541101412661373
774,887,113,0.113,0.19370218760613353
722,861,139,0.139,0.23150344013981522
828,914,86,0.086,0.1888689418770373
740,870,130,0.13,0.22202809785865246
696,848,152,0.152,0.23716617648117244
746,873,127,0.127,0.19851484618522228
728,864,136,0.136,0.22162148846965282
706,853,147,0.147,0.23116890928149222
796,898,102,0.102,0.22073413075506687
760,880,120,0.12,0.22761130475997926
828,914,86,0.086,0.17743937974795698
790,895,105,0.105,0.18043697640486062
810,905,95,0.095,0.14567817767895758
812,906,94,0.094,0.1658932634750381
708,854,146,0.146,0.16653811588836834
730,865,135,0.135,0.16497348262928427
762,881,119,0.119,0.17224849110469223
716,858,142,0.142,0.19785125495120884
746,873,127,0.127,0.23213515204191207
770,885,115,0.115,0.22004292312357573
734,867,133,0.133,0.22923757383786142
754,877,123,0.123,0.21353931506816298
764,882,118,0.118,0.1693923058770597
744,872,128,0.128,0.19311341621540487
806,903,97,0.097,0.14927141080237924
732,866,134,0.134,0.1638458480425179
790,895,105,0.105,0.1621523134559393
788,894,106,0.106,0.14360486359894276
718,859,141,0.141,0.18067204840388149
728,864,136,0.136,0.16307093846797943
726,863,137,0.137,0.1810563021246344
726,863,137,0.137,0.18004302490036936
708,854,146,0.146,0.204188205268234
790,895,105,0.105,0.1907904547378421
762,881,119,0.119,0.22928250365238637
802,901,99,0.099,0.19166391865722834
672,836,164,0.164,0.2603997504375875
754,877,123,0.123,0.1879583721794188
706,853,147,0.147,0.22918442624621094
770,885,115,0.115,0.1730716806203127
760,880,120,0.12,0.17165102567523718
784,892,108,0.108,0.13427436049748212
752,876,124,0.124,0.15122482814267277
802,901,99,0.099,0.14743230386078357
752,876,124,0.124,0.16414499798230828
732,866,134,0.134,0.17332216856535523
744,872,128,0.128,0.14319887569081038
762,881,119,0.119,0.1742206740025431
742,871,129,0.129,0.1527339619444683
724,862,138,0.138,0.16645887931529432
758,879,121,0.121,0.1416114365532994
750,875,125,0.125,0.17056651414139196
734,867,133,0.133,0.1487633459288627
820,910,90,0.09,0.12854003061167896
776,888,112,0.112,0.15823182683996856
748,874,126,0.126,0.13957954395003616
748,874,126,0.126,0.13482932081073523
770,885,115,0.115,0.1463341001495719
784,892,108,0.108,0.13523679168336095
752,876,124,0.124,0.13564848504401744
762,881,119,0.119,0.1485945762479678
790,895,105,0.105,0.12241028474760242
768,884,116,0.116,0.13686694707628339
792,896,104,0.104,0.13283450435241684
716,858,142,0.142,0.1346006479859352
748,874,126,0.126,0.14479307331331073
790,895,105,0.105,0.13859344025794418
794,897,103,0.103,0.14823202364426105
722,861,139,0.139,0.1635024104807526
774,887,113,0.113,0.15173261947371067
808,904,96,0.096,0.16784618476219476
696,848,152,0.152,0.18726560238562523
754,877,123,0.123,0.1846218706560321
774,887,113,0.113,0.18145642947591842
784,892,108,0.108,0.1601663084179163
744,872,128,0.128,0.17175408224575223
694,847,153,0.153,0.21650158931687474
750,875,125,0.125,0.1988644194472581
682,841,159,0.159,0.21410445785243065
752,876,124,0.124,0.19793421849235893
762,881,119,0.119,0.1948625371195376
788,894,106,0.106,0.1915541500877589
736,868,132,0.132,0.19912762072868645
776,888,112,0.112,0.18917697667330505
706,853,147,0.147,0.21100787891447545
832,916,84,0.084,0.13738571137189864
774,887,113,0.113,0.17564956204220653
796,898,102,0.102,0.15114499264769257
714,857,143,0.143,0.18881119714910163
798,899,101,0.101,0.1693337958138436
752,876,124,0.124,0.1853855318017304
764,882,118,0.118,0.170263916994445
760,880,120,0.12,0.1846724687642418
756,878,122,0.122,0.15680776528827847
794,897,103,0.103,0.15430652311444282
780,890,110,0.11,0.17048498383909463
684,842,158,0.158,0.20031654993630946
758,879,121,0.121,0.20518598517403006
760,880,120,0.12,0.1954144624248147
734,867,133,0.133,0.198030088968575
732,866,134,0.134,0.2035635578315705
776,888,112,0.112,0.1715875891558826
764,882,118,0.118,0.1961211792603135
766,883,117,0.117,0.16939629565179348
818,909,91,0.091,0.16702960210107268
796,898,102,0.102,0.1595187528580427
776,888,112,0.112,0.15862271897867322
746,873,127,0.127,0.1797527125403285
762,881,119,0.119,0.1896988266054541
740,870,130,0.13,0.2075978892906569
744,872,128,0.128,0.20184871759079398
814,907,93,0.093,0.210841375535354
734,867,133,0.133,0.2053271913640201
730,865,135,0.135,0.2636637843325734
726,863,137,0.137,0.22222345362976192
774,887,113,0.113,0.24691537593654356
786,893,107,0.107,0.226104546751827
722,861,139,0.139,0.2551465379819274
794,897,103,0.103,0.20648329034354537
744,872,128,0.128,0.22707350727543235
712,856,144,0.144,0.2709194661974907
708,854,146,0.146,0.2560248572006822
810,905,95,0.095,0.2589184128902853
760,880,120,0.12,0.31001939965598285
744,872,128,0.128,0.31873943062871696
740,870,130,0.13,0.3328407354429364
700,850,150,0.15,0.3321397241279483
806,903,97,0.097,0.2692716226801276
756,878,122,0.122,0.3400337554290891
670,835,165,0.165,0.3505347218886018
788,894,106,0.106,0.29692890638113023
682,841,159,0.159,0.38480421801656484
740,870,130,0.13,0.3454687773361802
712,856,144,0.144,0.34869201965630053
678,839,161,0.161,0.34303439186140894
714,857,143,0.143,0.41113195013999937
708,854,146,0.146,0.37876012057065966
736,868,132,0.132,0.37328413761407137
692,846,154,0.154,0.428996993355453
712,856,144,0.144,0.41989442218840123
782,891,109,0.109,0.4294193797707558
734,867,133,0.133,0.43544271552562713
742,871,129,0.129,0.43769707646965983
782,891,109,0.109,0.4264368235170841
704,852,148,0.148,0.44286852347850797
720,860,140,0.14,0.48375503192842007
774,887,113,0.113,0.4307150283455849
724,862,138,0.138,0.41961385218799113
678,839,161,0.161,0.4530024076402187
748,874,126,0.126,0.4404920737445355
782,891,109,0.109,0.4221881399825215
778,889,111,0.111,0.4055612017735839
726,863,137,0.137,0.41539555821567775
766,883,117,0.117,0.41308309957385064
702,851,149,0.149,0.44092171008884906
766,883,117,0.117,0.39559681572020056
744,872,128,0.128,0.4032451144903898
778,889,111,0.111,0.3866271235793829
782,891,109,0.109,0.38077969340234996
690,845,155,0.155,0.42443302857130766
764,882,118,0.118,0.38899163000285625
790,895,105,0.105,0.37829893639683726
712,856,144,0.144,0.46337022008001805
780,890,110,0.11,0.4315214780122042
784,892,108,0.108,0.39265304151177405
782,891,109,0.109,0.3928817373737693
788,894,106,0.106,0.39788299529999493
760,880,120,0.12,0.41470290198922155
782,891,109,0.109,0.388903100296855
750,875,125,0.125,0.4345419268161058
768,884,116,0.116,0.4283892960101366
680,840,160,0.16,0.5069946736395359
844,922,78,0.078,0.4424090568870306
700,850,150,0.15,0.471765229165554
786,893,107,0.107,0.4370919101089239
738,869,131,0.131,0.5360329491198063
728,864,136,0.136,0.5224790202230215
738,869,131,0.131,0.5022011904716491
816,908,92,0.092,0.47857727387547494
744,872,128,0.128,0.4930402445346117
706,853,147,0.147,0.5417237065136432
718,859,141,0.141,0.5240601873099804
764,882,118,0.118,0.5135739040523768
772,886,114,0.114,0.5122105617523194
700,850,150,0.15,0.5314152619689703
732,866,134,0.134,0.5427409629523754
710,855,145,0.145,0.5295329326242209
768,884,116,0.116,0.4942174243181944
772,886,114,0.114,0.4854045040905476
796,898,102,0.102,0.4981346030086279
766,883,117,0.117,0.45559553980827333
764,882,118,0.118,0.44698655596375464
716,858,142,0.142,0.4602695804834366
750,875,125,0.125,0.46394071947038173
770,885,115,0.115,0.4339934101551771
778,889,111,0.111,0.45135241413116456
742,871,129,0.129,0.48635911345481875
716,858,142,0.142,0.5017607929855585
716,858,142,0.142,0.4874822749644518
770,885,115,0.115,0.49235750348865986
764,882,118,0.118,0.4771270120292902
740,870,130,0.13,0.5077198990881443
756,878,122,0.122,0.49677716003358363
738,869,131,0.131,0.48365618714690206
782,891,109,0.109,0.4709539203196764
704,852,148,0.148,0.4970707319676876
724,862,138,0.138,0.48586126254498957
710,855,145,0.145,0.5487098405361176
800,900,100,0.1,0.49133183681964876
738,869,131,0.131,0.5133583101034165
688,844,156,0.156,0.5413823384344578
786,893,107,0.107,0.4740260607302189
764,882,118,0.118,0.5142495850026607
730,865,135,0.135,0.5471688245534897
758,879,121,0.121,0.5087664077281951
714,857,143,0.143,0.5303351054489612
746,873,127,0.127,0.4995007156133652
712,856,144,0.144,0.5198995850831271
714,857,143,0.143,0.51738929104805
708,854,146,0.146,0.5473262851983309
782,891,109,0.109,0.5074048557728529
732,866,134,0.134,0.5227586311995983
726,863,137,0.137,0.5095957604646683
774,887,113,0.113,0.49534314396977425
804,902,98,0.098,0.48649298124015333
750,875,125,0.125,0.48530601689219477
810,905,95,0.095,0.44334702408313753
730,865,135,0.135,0.508929154291749
746,873,127,0.127,0.4313398719280958
780,890,110,0.11,0.4458875136822462
700,850,150,0.15,0.44701290361583235
716,858,142,0.142,0.471168218716979
760,880,120,0.12,0.46927714873850346
714,857,143,0.143,0.5032779193222523
758,879,121,0.121,0.47651111756265163
700,850,150,0.15,0.49763234850764276
730,865,135,0.135,0.5452981667220592
726,863,137,0.137,0.4796649199426174
720,860,140,0.14,0.5210640214979648
768,884,116,0.116,0.5105970202982426
782,891,109,0.109,0.4521853209733963
726,863,137,0.137,0.45990780295431616
768,884,116,0.116,0.44047653657197955
740,870,130,0.13,0.419427588135004
732,866,134,0.134,0.3895901933163404
786,893,107,0.107,0.36946328173577786
754,877,123,0.123,0.3726560902148485
718,859,141,0.141,0.39217552441358566
716,858,142,0.142,0.4214123639315367
672,836,164,0.164,0.43264197537302973
788,894,106,0.106,0.3515197436362505
758,879,121,0.121,0.3653924131542444
730,865,135,0.135,0.3777971659004688
794,897,103,0.103,0.3268744979947805
754,877,123,0.123,0.337966449379921
834,917,83,0.083,0.31616331031918526
770,885,115,0.115,0.3060893696323037
840,920,80,0.08,0.23087706477940081
686,843,157,0.157,0.2928999439664185
760,880,120,0.12,0.2607609325423837
756,878,122,0.122,0.2447942501604557
762,881,119,0.119,0.27433844008669256
754,877,123,0.123,0.257922755420208
728,864,136,0.136,0.2786205577850342
736,868,132,0.132,0.3077800670787692
728,864,136,0.136,0.34279018227010966
720,860,140,0.14,0.3488919306099415
702,851,149,0.149,0.3704029785171151
762,881,119,0.119,0.3252459738925099
704,852,148,0.148,0.35418484219908714
690,845,155,0.155,0.40792747294902804
720,860,140,0.14,0.40159389665722844
732,866,134,0.134,0.38947949461638925
766,883,117,0.117,0.3632084698304534
814,907,93,0.093,0.30839037109166384
682,841,159,0.159,0.38008918787539003
708,854,146,0.146,0.3727328326702118
750,875,125,0.125,0.3011306263133883
756,878,122,0.122,0.3220982634723186
748,874,126,0.126,0.31878028458356855
770,885,115,0.115,0.34934096823632715
742,871,129,0.129,0.30700848634541034
748,874,126,0.126,0.3557275272458792
696,848,152,0.152,0.3609580784589052
786,893,107,0.107,0.36252104195952417
740,870,130,0.13,0.3358467437028885
682,841,159,0.159,0.4018522337973118
744,872,128,0.128,0.35554966677725314
784,892,108,0.108,0.3187961572036147
724,862,138,0.138,0.3541209620833397
814,907,93,0.093,0.3086486550271511
728,864,136,0.136,0.3681559578180313
712,856,144,0.144,0.394589815735817
702,851,149,0.149,0.377039082698524
776,888,112,0.112,0.33574678325653073
766,883,117,0.117,0.33519315262138843
726,863,137,0.137,0.35974698870629074
768,884,116,0.116,0.3462182735949755
756,878,122,0.122,0.3237533742338419
728,864,136,0.136,0.3251244894266129
798,899,101,0.101,0.3329215627536178
736,868,132,0.132,0.35651286388933656
786,893,107,0.107,0.33678533110022546
796,898,102,0.102,0.31856110666692256
746,873,127,0.127,0.35947659251093866
776,888,112,0.112,0.3267557987719774
754,877,123,0.123,0.37375366051495074
712,856,144,0.144,0.3987816433683038
714,857,143,0.143,0.3663493880480528
802,901,99,0.099,0.3461155131831765
756,878,122,0.122,0.3528818169981241
730,865,135,0.135,0.40052376280725005
778,889,111,0.111,0.3473691252991557
764,882,118,0.118,0.35989787690341474
746,873,127,0.127,0.3629210881739855
742,871,129,0.129,0.4040538206547499
736,868,132,0.132,0.3933994539827108
724,862,138,0.138,0.4166116132363677
766,883,117,0.117,0.37381581269204617
682,841,159,0.159,0.39450341222435237
790,895,105,0.105,0.381326629191637
708,854,146,0.146,0.4037358429133892
756,878,122,0.122,0.37566985258460045
758,879,121,0.121,0.37415974590182305
760,880,120,0.12,0.3358776588141918
784,892,108,0.108,0.33531220373511317
804,902,98,0.098,0.3451303004398942
782,891,109,0.109,0.33606814506649973
728,864,136,0.136,0.332811899498105
786,893,107,0.107,0.33838668805360794
694,847,153,0.153,0.4118005952835083
772,886,114,0.114,0.3751897888481617
758,879,121,0.121,0.37993348741531374
764,882,118,0.118,0.3640343271791935
734,867,133,0.133,0.3735182618051767
700,850,150,0.15,0.42840636263787746
780,890,110,0.11,0.3570860430598259
702,851,149,0.149,0.3616337816864252
720,860,140,0.14,0.38565083406865597
700,850,150,0.15,0.36556758408248424
726,863,137,0.137,0.37799450479447844
786,893,107,0.107,0.313198311239481
726,863,137,0.137,0.32828112234920265
768,884,116,0.116,0.2713664801195264
820,910,90,0.09,0.2511332843974233
714,857,143,0.143,0.2673800856694579
722,861,139,0.139,0.25673419047892093
750,875,125,0.125,0.24322075616568328
766,883,117,0.117,0.2429046642333269
778,889,111,0.111,0.22103771349787713
806,903,97,0.097,0.2239990618377924
772,886,114,0.114,0.22917688427865504
784,892,108,0.108,0.20884909335151314
698,849,151,0.151,0.28809436071664096
744,872,128,0.128,0.23187554360181092
788,894,106,0.106,0.23578397515416144
778,889,111,0.111,0.23410951016843318
758,879,121,0.121,0.22918840874731541
824,912,88,0.088,0.1961398811712861
750,875,125,0.125,0.21149478112533687
776,888,112,0.112,0.22875123953819274
806,903,97,0.097,0.20403216154873371
686,843,157,0.157,0.24946358856931328
808,904,96,0.096,0.2023032176345587
766,883,117,0.117,0.21100495470687747
734,867,133,0.133,0.24166603818535803
718,859,141,0.141,0.24881480976194142
846,923,77,0.077,0.22350463916361332
796,898,102,0.102,0.2468304873779416
724,862,138,0.138,0.2443078820295632
816,908,92,0.092,0.2304816182181239
812,906,94,0.094,0.24973540947586298
750,875,125,0.125,0.24163442856818437
706,853,147,0.147,0.26236357259750365
744,872,128,0.128,0.2630870008319616
782,891,109,0.109,0.27538239462673664
704,852,148,0.148,0.3253248655870557
750,875,125,0.125,0.30013045962899926
764,882,118,0.118,0.3105880893394351
716,858,142,0.142,0.33500278647243975
712,856,144,0.144,0.3451248540729284
754,877,123,0.123,0.3457071904987097
678,839,161,0.161,0.3934931236952543
780,890,110,0.11,0.3520460593700409
758,879,121,0.121,0.33639080396294596
682,841,159,0.159,0.40202389189600946
766,883,117,0.117,0.3401515413299203
778,889,111,0.111,0.3263915888220072
786,893,107,0.107,0.3250212544724345
772,886,114,0.114,0.3401053875386715
802,901,99,0.099,0.30064438276737926
786,893,107,0.107,0.3016986253410578
752,876,124,0.124,0.31722234254330395
756,878,122,0.122,0.30297053330391643
788,894,106,0.106,0.31227386569976806
770,885,115,0.115,0.31282224048674107
644,822,178,0.178,0.38248788154125213
790,895,105,0.105,0.330237735375762
798,899,101,0.101,0.3143602039963007
796,898,102,0.102,0.30628471202403307
736,868,132,0.132,0.339780669644475
736,868,132,0.132,0.3598349259197712
778,889,111,0.111,0.33415761357545853
690,845,155,0.155,0.38806623075902463
738,869,131,0.131,0.383303271189332
770,885,115,0.115,0.37512997108697893
768,884,116,0.116,0.3480012493431568
714,857,143,0.143,0.4317603651881218
734,867,133,0.133,0.4432352056056261
712,856,144,0.144,0.44364852346479894
712,856,144,0.144,0.4388927549868822
722,861,139,0.139,0.4363522257357836
720,860,140,0.14,0.4653341687768698
742,871,129,0.129,0.43400011494755747
798,899,101,0.101,0.40194246408343315
778,889,111,0.111,0.41755657152831555
742,871,129,0.129,0.4438769393861294
704,852,148,0.148,0.45219228413701057
772,886,114,0.114,0.4178027151077986
778,889,111,0.111,0.43488866329193115
710,855,145,0.145,0.4761001121997833
748,874,126,0.126,0.4656782062500715
714,857,143,0.143,0.470541626021266
748,874,126,0.126,0.4916511480361223
780,890,110,0.11,0.48086608079075815
778,889,111,0.111,0.46785891556739806
790,895,105,0.105,0.4675085206925869
758,879,121,0.121,0.49375399261713027
800,900,100,0.1,0.4725608733892441
678,839,161,0.161,0.5460036070346832
734,867,133,0.133,0.4941653182506561
712,856,144,0.144,0.5169198904335499
774,887,113,0.113,0.5117167016863823
738,869,131,0.131,0.47442428658902647
786,893,107,0.107,0.5000690068155527
766,883,117,0.117,0.5018794884085656
762,881,119,0.119,0.48795864647626874
736,868,132,0.132,0.48938707318902014
708,854,146,0.146,0.5166516573131085
740,870,130,0.13,0.533256489932537
700,850,150,0.15,0.5375539331138134
696,848,152,0.152,0.5748752917647362
734,867,133,0.133,0.5830012711882592
674,837,163,0.163,0.6431432695388793
794,897,103,0.103,0.5990204567909241
770,885,115,0.115,0.5883777470290661
756,878,122,0.122,0.5959379409551621
744,872,128,0.128,0.6074407363235951
780,890,110,0.11,0.5525642907321453
762,881,119,0.119,0.5590944989025592
670,835,165,0.165,0.5605671104192734
770,885,115,0.115,0.5029829463362694
726,863,137,0.137,0.507236284583807
748,874,126,0.126,0.513910182416439
700,850,150,0.15,0.534617963641882
744,872,128,0.128,0.5343370934128762
722,861,139,0.139,0.5353363146781921
740,870,130,0.13,0.5398252348899841
748,874,126,0.126,0.5541410514712334
782,891,109,0.109,0.5144395058751107
736,868,132,0.132,0.5124040717035532
658,829,171,0.171,0.5288158569335938
744,872,128,0.128,0.48589756631851194
694,847,153,0.153,0.483820936396718
750,875,125,0.125,0.4375867566913366
728,864,136,0.136,0.4266590155363083
804,902,98,0.098,0.3963142219334841
686,843,157,0.157,0.43797422510385514
752,876,124,0.124,0.3907250726670027
714,857,143,0.143,0.41338852342963217
726,863,137,0.137,0.40804663495719434
712,856,144,0.144,0.4194310872703791
722,861,139,0.139,0.3899267301559448
768,884,116,0.116,0.3795738842189312
762,881,119,0.119,0.361189042955637
764,882,118,0.118,0.3747647394686937
752,876,124,0.124,0.3541616533100605
796,898,102,0.102,0.34416298057883976
760,880,120,0.12,0.34128540293872356
676,838,162,0.162,0.3753221413344145
776,888,112,0.112,0.30705894421041013
710,855,145,0.145,0.35734783805161713
754,877,123,0.123,0.32546825790405276
796,898,102,0.102,0.34921570160984994
744,872,128,0.128,0.372520998865366
722,861,139,0.139,0.39887097553908823
722,861,139,0.139,0.383029721647501
744,872,128,0.128,0.36264995685219764
762,881,119,0.119,0.36204483978450297
764,882,118,0.118,0.3373268034756184
790,895,105,0.105,0.32531785837560895
734,867,133,0.133,0.3329991528689861
730,865,135,0.135,0.31852957874536514
744,872,128,0.128,0.30410344804823397
642,821,179,0.179,0.3290753483325243
812,906,94,0.094,0.27099139131605626
726,863,137,0.137,0.303173513635993
774,887,113,0.113,0.27820528507977726
780,890,110,0.11,0.2955663873106241
802,901,99,0.099,0.27650231601297853
780,890,110,0.11,0.2838635501712561
770,885,115,0.115,0.27830332732200624
774,887,113,0.113,0.2603594851642847
806,903,97,0.097,0.266453974224627
782,891,109,0.109,0.26448718656599524
794,897,103,0.103,0.263844493329525
786,893,107,0.107,0.25294408372044563
810,905,95,0.095,0.26169755502790215
702,851,149,0.149,0.3026714499741793
656,828,172,0.172,0.338256651327014
766,883,117,0.117,0.2926818591952324
736,868,132,0.132,0.34026691827178
692,846,154,0.154,0.3491334751844406
700,850,150,0.15,0.37378469459712504
710,855,145,0.145,0.3713727975934744
790,895,105,0.105,0.34456966118514537
796,898,102,0.102,0.30907198894023896
766,883,117,0.117,0.3320270310267806
754,877,123,0.123,0.3085583197772503
736,868,132,0.132,0.26158596166595816
762,881,119,0.119,0.2537296693921089
734,867,133,0.133,0.2647294616550207
702,851,149,0.149,0.2660436189547181
740,870,130,0.13,0.28105848652124404
764,882,118,0.118,0.23393346717208624
788,894,106,0.106,0.24721168091148138
746,873,127,0.127,0.2604286074116826
744,872,128,0.128,0.23750322075933217
784,892,108,0.108,0.23384250853210686
784,892,108,0.108,0.21884236019849776
738,869,131,0.131,0.24263555746525525
792,896,104,0.104,0.19873999059945344
800,900,100,0.1,0.20749613189697266
740,870,130,0.13,0.2079971128180623
790,895,105,0.105,0.2063320863544941
748,874,126,0.126,0.23374591650813817
686,843,157,0.157,0.22146193420141935
764,882,118,0.118,0.18552522375434638
740,870,130,0.13,0.20808463601022958
750,875,125,0.125,0.20500402260571718
734,867,133,0.133,0.24100211142748595
742,871,129,0.129,0.24238212638348341
792,896,104,0.104,0.22797278640419244
748,874,126,0.126,0.24829068560898304
696,848,152,0.152,0.24658200219273568
756,878,122,0.122,0.2404062192440033
730,865,135,0.135,0.23142626791447402
728,864,136,0.136,0.22678568384051323
782,891,109,0.109,0.2150901297852397
776,888,112,0.112,0.1996813215240836
752,876,124,0.124,0.21911977435648441
726,863,137,0.137,0.23302402743697168
748,874,126,0.126,0.22474541383236646
740,870,130,0.13,0.22017217577248813
770,885,115,0.115,0.22980536857247352
812,906,94,0.094,0.2273916838169098
756,878,122,0.122,0.25718110558018087
774,887,113,0.113,0.23375932970643043
730,865,135,0.135,0.24319934152811765
792,896,104,0.104,0.2325322717577219
734,867,133,0.133,0.23818510412424804
780,890,110,0.11,0.24003682143241167
748,874,126,0.126,0.24473022183030843
696,848,152,0.152,0.2813689535446465
782,891,109,0.109,0.22290651179850102
776,888,112,0.112,0.24242939741909503
768,884,116,0.116,0.25754000310599806
824,912,88,0.088,0.22940321556478738
706,853,147,0.147,0.2606353522613645
810,905,95,0.095,0.23830467784404755
794,897,103,0.103,0.24309500811994075
762,881,119,0.119,0.23989324425905942
792,896,104,0.104,0.25369546972960233
760,880,120,0.12,0.2511762870326638
724,862,138,0.138,0.25914077589660883
692,846,154,0.154,0.2946522392630577
758,879,121,0.121,0.27218329011648895
760,880,120,0.12,0.30235965668410064
766,883,117,0.117,0.3014450630843639
692,846,154,0.154,0.32110481168329713
756,878,122,0.122,0.2945295111909509
706,853,147,0.147,0.3459000053554773
766,883,117,0.117,0.3075648558884859
718,859,141,0.141,0.3077509225457907
758,879,121,0.121,0.3325617816001177
758,879,121,0.121,0.29756835286319255
728,864,136,0.136,0.30973817767202855
802,901,99,0.099,0.29109962997585537
752,876,124,0.124,0.3215276325941086
724,862,138,0.138,0.35010761784017086
704,852,148,0.148,0.3404131193161011
750,875,125,0.125,0.3224217317402363
804,902,98,0.098,0.31878130221366885
778,889,111,0.111,0.3550768156349659
720,860,140,0.14,0.3597744360715151
724,862,138,0.138,0.37664598020911216
722,861,139,0.139,0.4046472269296646
674,837,163,0.163,0.4372497688382864
742,871,129,0.129,0.39459413891285655
738,869,131,0.131,0.4150662629902363
688,844,156,0.156,0.42853580288589
708,854,146,0.146,0.38442614988982676
756,878,122,0.122,0.37782093952596185
740,870,130,0.13,0.3718720516264439
714,857,143,0.143,0.391723655924201
796,898,102,0.102,0.3382068693339825
718,859,141,0.141,0.3403026819974184
738,869,131,0.131,0.3472787648290396
770,885,115,0.115,0.3230792823880911
678,839,161,0.161,0.34949963160604236
750,875,125,0.125,0.32649098746478555
678,839,161,0.161,0.3562349297404289
736,868,132,0.132,0.3292915938124061
702,851,149,0.149,0.3552819470912218
742,871,129,0.129,0.322378396384418
704,852,148,0.148,0.36302131913602353
708,854,146,0.146,0.36188679580390454
752,876,124,0.124,0.3474833168834448
740,870,130,0.13,0.35119979310780763
812,906,94,0.094,0.33766463173925876
738,869,131,0.131,0.3460827577263117
728,864,136,0.136,0.314291917309165
730,865,135,0.135,0.300081639111042
702,851,149,0.149,0.3121156669706106
776,888,112,0.112,0.3218415632992983
682,841,159,0.159,0.34480143763124943
704,852,148,0.148,0.3615223810374737
654,827,173,0.173,0.36881789222359657
746,873,127,0.127,0.34613948659598825
748,874,126,0.126,0.34366258047521114
792,896,104,0.104,0.33911578002572057
746,873,127,0.127,0.3436358395218849
780,890,110,0.11,0.3377823626101017
770,885,115,0.115,0.3217761581391096
798,899,101,0.101,0.2990207211226225
716,858,142,0.142,0.319062106564641
756,878,122,0.122,0.32378057730197907
758,879,121,0.121,0.3108274357765913
750,875,125,0.125,0.329777945548296
712,856,144,0.144,0.33857487434148786
776,888,112,0.112,0.3329011212438345
768,884,116,0.116,0.3228128644675016
752,876,124,0.124,0.32116428068280223
772,886,114,0.114,0.3043660147935152
714,857,143,0.143,0.31625412230193617
794,897,103,0.103,0.2497152052372694
764,882,118,0.118,0.2551762922629714
710,855,145,0.145,0.26751304110139607
750,875,125,0.125,0.2583804535344243
764,882,118,0.118,0.2834685498997569
750,875,125,0.125,0.2965998216494918
754,877,123,0.123,0.2943480721116066
754,877,123,0.123,0.29961908849328756
774,887,113,0.113,0.32155038955807685
774,887,113,0.113,0.31222754514217377
752,876,124,0.124,0.33572867906093595
754,877,123,0.123,0.3258803449869156
698,849,151,0.151,0.3590301456898451
788,894,106,0.106,0.334497488617897
768,884,116,0.116,0.31772276237607
806,903,97,0.097,0.33521318089962004
770,885,115,0.115,0.3491556952893734
764,882,118,0.118,0.35638536944240334
772,886,114,0.114,0.35022889533638957
724,862,138,0.138,0.35975568792223933
802,901,99,0.099,0.35948694625496863
746,873,127,0.127,0.3592054858356714
706,853,147,0.147,0.3739327053129673
758,879,121,0.121,0.353303830370307
758,879,121,0.121,0.3733506406098604
736,868,132,0.132,0.37448157253861425
836,918,82,0.082,0.31194977954030034
706,853,147,0.147,0.38200884020328524
778,889,111,0.111,0.3478058996647596
754,877,123,0.123,0.3388882579654455
770,885,115,0.115,0.2864877101778984
750,875,125,0.125,0.30102967809140685
764,882,118,0.118,0.29625445902347564
698,849,151,0.151,0.3128062262460589
808,904,96,0.096,0.28040383373945954
764,882,118,0.118,0.28437466752529145
746,873,127,0.127,0.3090571982190013
732,866,134,0.134,0.30660677966475486
728,864,136,0.136,0.3158489803671837
724,862,138,0.138,0.2994674446731806
774,887,113,0.113,0.28917786103487014
784,892,108,0.108,0.30433742190897467
764,882,118,0.118,0.32662218089401723
726,863,137,0.137,0.32871435172855856
768,884,116,0.116,0.3098752479702234
782,891,109,0.109,0.3034393337070942
782,891,109,0.109,0.2868892887830734
746,873,127,0.127,0.3045634998306632
748,874,126,0.126,0.2904047468230128
718,859,141,0.141,0.30587230750918387
836,918,82,0.082,0.2601165244877338
770,885,115,0.115,0.29949838579446075
708,854,146,0.146,0.29691353417932986
706,853,147,0.147,0.33385522618889807
714,857,143,0.143,0.3150680849254131
704,852,148,0.148,0.3286606674045324
766,883,117,0.117,0.30911743822693827
746,873,127,0.127,0.3351040530577302
708,854,146,0.146,0.3109137625843287
794,897,103,0.103,0.2882775361761451
748,874,126,0.126,0.29124285391718147
790,895,105,0.105,0.2737677287757397
734,867,133,0.133,0.28353683214634656
752,876,124,0.124,0.26301509864628314
850,925,75,0.075,0.22455779022723438
766,883,117,0.117,0.23467494468390943
772,886,114,0.114,0.23363740303367375
698,849,151,0.151,0.2733540627732873
736,868,132,0.132,0.25053280506283043
786,893,107,0.107,0.23731844639778138
758,879,121,0.121,0.26705781570822
714,857,143,0.143,0.2698593973144889
776,888,112,0.112,0.2654029855206609
716,858,142,0.142,0.28406429520249366
756,878,122,0.122,0.24582713916152715
722,861,139,0.139,0.2535804998129606
790,895,105,0.105,0.21251484142243862
806,903,97,0.097,0.21288243869692086
746,873,127,0.127,0.23317136611044406
790,895,105,0.105,0.20523944529145957
816,908,92,0.092,0.21999612146615982
802,901,99,0.099,0.2097078180536628
764,882,118,0.118,0.23546359293162822
728,864,136,0.136,0.21826633790135383
704,852,148,0.148,0.2533164345100522
744,872,128,0.128,0.24795216771960257
730,865,135,0.135,0.2739490052834153
766,883,117,0.117,0.28678748513013125
738,869,131,0.131,0.28936170089244845
778,889,111,0.111,0.2950746679380536
782,891,109,0.109,0.28169596334546804
752,876,124,0.124,0.2778772115111351
734,867,133,0.133,0.29685627070069315
754,877,123,0.123,0.24194997611641883
784,892,108,0.108,0.249173940166831
786,893,107,0.107,0.2406261538118124
690,845,155,0.155,0.24786019267141818
736,868,132,0.132,0.24711731193214656
722,861,139,0.139,0.27459218455851075
774,887,113,0.113,0.2674336501806974
752,876,124,0.124,0.29798804625123737
750,875,125,0.125,0.28475964173674584
802,901,99,0.099,0.285106358923018
684,842,158,0.158,0.35344841181486847
784,892,108,0.108,0.2940874838083982
750,875,125,0.125,0.3167236748188734
722,861,139,0.139,0.32521725361049175
706,853,147,0.147,0.31412374357879164
702,851,149,0.149,0.3414405629187822
698,849,151,0.151,0.3733302937448025
738,869,131,0.131,0.3468865185827017
750,875,125,0.125,0.3550334104150534
802,901,99,0.099,0.3286440081000328
712,856,144,0.144,0.4029575579315424
728,864,136,0.136,0.37377660581469535
776,888,112,0.112,0.35330772888660433
762,881,119,0.119,0.34775234606862065
748,874,126,0.126,0.358530905097723
784,892,108,0.108,0.3479843667596579
702,851,149,0.149,0.35787590846419337
798,899,101,0.101,0.30935735143721105
736,868,132,0.132,0.31718175959587097
716,858,142,0.142,0.3376113343536854
750,875,125,0.125,0.33421621821820735
828,914,86,0.086,0.3082385167777538
796,898,102,0.102,0.3430758395195007
786,893,107,0.107,0.328966066300869
750,875,125,0.125,0.35120919640362264
696,848,152,0.152,0.3710497784614563
802,901,99,0.099,0.3175282034426928
772,886,114,0.114,0.36149488316476347
746,873,127,0.127,0.38160696874558925
720,860,140,0.14,0.39930950830876827
784,892,108,0.108,0.37829698772728443
738,869,131,0.131,0.39664414784312246
700,850,150,0.15,0.42996032255887984
728,864,136,0.136,0.4371624940186739
748,874,126,0.126,0.42204744756221774
696,848,152,0.152,0.43015219809114935
756,878,122,0.122,0.430767461001873
750,875,125,0.125,0.4060621208250523
782,891,109,0.109,0.4246437359899283
758,879,121,0.121,0.43132110449671746
756,878,122,0.122,0.4302776271998882
692,846,154,0.154,0.44590350989997385
744,872,128,0.128,0.4135741578638554
718,859,141,0.141,0.43837723723053934
748,874,126,0.126,0.4268379593491554
716,858,142,0.142,0.46018289314210414
780,890,110,0.11,0.41924750117957593
858,929,71,0.071,0.40752487087249756
756,878,122,0.122,0.4675536746829748
712,856,144,0.144,0.4747284688651562
710,855,145,0.145,0.48194367849826814
758,879,121,0.121,0.4747491289675236
714,857,143,0.143,0.48117205533385277
718,859,141,0.141,0.510172670006752
774,887,113,0.113,0.45710579043626787
764,882,118,0.118,0.48701306760311125
732,866,134,0.134,0.5203132753670215
778,889,111,0.111,0.5055699609071016
734,867,133,0.133,0.5269135722815991
780,890,110,0.11,0.5237067147493363
678,839,161,0.161,0.5734306292533875
668,834,166,0.166,0.5738850425481796
700,850,150,0.15,0.5795597977936268
712,856,144,0.144,0.5701486643850804
718,859,141,0.141,0.600282574146986
778,889,111,0.111,0.554413891017437
714,857,143,0.143,0.5969569326937199
756,878,122,0.122,0.5688656602501869
736,868,132,0.132,0.5714073675274849
714,857,143,0.143,0.6255791371166706
746,873,127,0.127,0.5501947534382343
730,865,135,0.135,0.5595496678352356
700,850,150,0.15,0.5557548879384995
712,856,144,0.144,0.623463799327612
742,871,129,0.129,0.6130187201201915
744,872,128,0.128,0.622597659856081
718,859,141,0.141,0.5972970391511917
716,858,142,0.142,0.6062152670323848
724,862,138,0.138,0.5777623748779297
724,862,138,0.138,0.5682302224934102
736,868,132,0.132,0.5739224443435669
768,884,116,0.116,0.5474156700670719
778,889,111,0.111,0.5278845037221909
660,830,170,0.17,0.5802112664282322
692,846,154,0.154,0.5594788453280926
710,855,145,0.145,0.5533160596191883
696,848,152,0.152,0.5936990224421025
738,869,131,0.131,0.6208973653912544
770,885,115,0.115,0.5757247502803803
678,839,161,0.161,0.6743646854758263
674,837,163,0.163,0.7099825695157052
748,874,126,0.126,0.6480003324449062
760,880,120,0.12,0.6555749107301235
758,879,121,0.121,0.65449253693223
732,866,134,0.134,0.6757745898663997
808,904,96,0.096,0.6206840980052948
740,870,130,0.13,0.6349232708513737
712,856,144,0.144,0.6159127144515515
798,899,101,0.101,0.5491083570122719
692,846,154,0.154,0.5993772226274013
710,855,145,0.145,0.601847046405077
774,887,113,0.113,0.5686032258570194
732,866,134,0.134,0.5342510668933391
716,858,142,0.142,0.5242756850421428
684,842,158,0.158,0.5720934950858354
786,893,107,0.107,0.5005482431054116
684,842,158,0.158,0.4979369367361069
812,906,94,0.094,0.4423921421468258
788,894,106,0.106,0.45089350441098214
782,891,109,0.109,0.4367397152632475
716,858,142,0.142,0.4630256978869438
758,879,121,0.121,0.43576864314079283
776,888,112,0.112,0.40398052433133125
806,903,97,0.097,0.43069378316402435
766,883,117,0.117,0.46452937914431097
684,842,158,0.158,0.5011593005210161
688,844,156,0.156,0.5270964795053005
712,856,144,0.144,0.5236164822280407
778,889,111,0.111,0.5672134196758271
694,847,153,0.153,0.5604456024169922
690,845,155,0.155,0.6010768453776837
686,843,157,0.157,0.6385155102312565
784,892,108,0.108,0.5593017044961452
792,896,104,0.104,0.5336294302046299
744,872,128,0.128,0.5418576899468899
756,878,122,0.122,0.522851084023714
714,857,143,0.143,0.5577278605103493
738,869,131,0.131,0.5275333662927151
738,869,131,0.131,0.5208415006399154
736,868,132,0.132,0.5255836775302887
772,886,114,0.114,0.492807293176651
786,893,107,0.107,0.5166026184856891
696,848,152,0.152,0.5516245873570442
748,874,126,0.126,0.5207969023883343
792,896,104,0.104,0.5249872027635575
814,907,93,0.093,0.5477978211939335
714,857,143,0.143,0.574034410238266
730,865,135,0.135,0.5721467069685459
796,898,102,0.102,0.5141074158847332
714,857,143,0.143,0.5684767800867557
734,867,133,0.133,0.5642423345446587
744,872,128,0.128,0.5493674614131451
762,881,119,0.119,0.5632963376641273
692,846,154,0.154,0.5914722226858139
660,830,170,0.17,0.5770257673859597
716,858,142,0.142,0.5741191028952598
708,854,146,0.146,0.558959681481123
750,875,125,0.125,0.5304074877500534
738,869,131,0.131,0.5216310502290725
794,897,103,0.103,0.4908616378903389
776,888,112,0.112,0.4642280104160309
770,885,115,0.115,0.4988429197371006
816,908,92,0.092,0.42639738553762435
766,883,117,0.117,0.4176500232219696
780,890,110,0.11,0.388211702093482
758,879,121,0.121,0.3904869081005454
742,871,129,0.129,0.4006229565888643
796,898,102,0.102,0.4029600639939308
744,872,128,0.128,0.40236326898634434
794,897,103,0.103,0.4024384836703539
772,886,114,0.114,0.45430019007623196
758,879,121,0.121,0.4584320980757475
752,876,124,0.124,0.5012163572907448
734,867,133,0.133,0.5324141803234815
746,873,127,0.127,0.5738079072386026
720,860,140,0.14,0.59797709903121
746,873,127,0.127,0.6153822011351585
744,872,128,0.128,0.592318778514862
732,866,134,0.134,0.660863002896309
718,859,141,0.141,0.6713483316898345
764,882,118,0.118,0.6538147539198399
648,824,176,0.176,0.7187204518616199
770,885,115,0.115,0.6622344004511833
722,861,139,0.139,0.6933097570836544
714,857,143,0.143,0.6530575032532215
806,903,97,0.097,0.6338272030651569
692,846,154,0.154,0.690695052087307
752,876,124,0.124,0.6748851831555367
740,870,130,0.13,0.6996022158265114
656,828,172,0.172,0.7359624305963516
722,861,139,0.139,0.7292044704854488
724,862,138,0.138,0.7322928125858307
720,860,140,0.14,0.7371634057164193
726,863,137,0.137,0.8001113983094692
738,869,131,0.131,0.8011337367296218
736,868,132,0.132,0.7784455112814903
682,841,159,0.159,0.8311050060987473
718,859,141,0.141,0.7791134019196033
724,862,138,0.138,0.7432010077536106
722,861,139,0.139,0.7549187984466553
670,835,165,0.165,0.7880093006193638
734,867,133,0.133,0.714198046207428
770,885,115,0.115,0.7044258051812649
780,890,110,0.11,0.7087770922482014
724,862,138,0.138,0.7354209116399288
690,845,155,0.155,0.7421989368498325
724,862,138,0.138,0.767811480730772
718,859,141,0.141,0.7750245320498943
702,851,149,0.149,0.7951558978557587
794,897,103,0.103,0.747111543148756
728,864,136,0.136,0.8071299773454667
738,869,131,0.131,0.8271730437874794
744,872,128,0.128,0.8176761342287063
716,858,142,0.142,0.802757523149252
700,850,150,0.15,0.8321064016819
692,846,154,0.154,0.860133694946766
676,838,162,0.162,0.8470170468091964
736,868,132,0.132,0.8360085967183113
716,858,142,0.142,0.8241330083906651
698,849,151,0.151,0.8540995531082153
698,849,151,0.151,0.8363148896694184
778,889,111,0.111,0.8215496180057525
692,846,154,0.154,0.7914639262557029
736,868,132,0.132,0.7951203595399856
686,843,157,0.157,0.7975222859978676
732,866,134,0.134,0.782611208498478
708,854,146,0.146,0.7551706366240978
782,891,109,0.109,0.7239333837032318
696,848,152,0.152,0.7723039355576038
704,852,148,0.148,0.7801802917718887
738,869,131,0.131,0.7011809147894382
668,834,166,0.166,0.6964779828190804
692,846,154,0.154,0.7058906925022602
714,857,143,0.143,0.7074517044723034
792,896,104,0.104,0.5881043711900711
704,852,148,0.148,0.6103078526258469
766,883,117,0.117,0.6003777595758438
706,853,147,0.147,0.6136381404697895
710,855,145,0.145,0.6280329769551753
678,839,161,0.161,0.6320336084663868
740,870,130,0.13,0.6379788905978203
716,858,142,0.142,0.6514337846636772
776,888,112,0.112,0.6648726605474949
716,858,142,0.142,0.7154682048559189
754,877,123,0.123,0.705512326836586
762,881,119,0.119,0.7147735788226127
758,879,121,0.121,0.7312130860686302
750,875,125,0.125,0.7300215018093585
714,857,143,0.143,0.7004061560928821
790,895,105,0.105,0.65792470023036
756,878,122,0.122,0.7111223796010018
714,857,143,0.143,0.7476165283024311
692,846,154,0.154,0.785101288408041
682,841,159,0.159,0.7991085939407349
702,851,149,0.149,0.8455216574668885
644,822,178,0.178,0.8785461162924767
672,836,164,0.164,0.8964284943938255
604,802,198,0.198,0.9429719011783599
690,845,155,0.155,0.9517603639960289
692,846,154,0.154,0.9378405380249023
746,873,127,0.127,0.9075581525564194
642,821,179,0.179,0.9303791871070862
746,873,127,0.127,0.874130148768425
756,878,122,0.122,0.8626325214505196
716,858,142,0.142,0.8588789564967155
674,837,163,0.163,0.9048439076542855
768,884,116,0.116,0.8193759982585906
738,869,131,0.131,0.8147729586362839
686,843,157,0.157,0.8214586311876774
740,870,130,0.13,0.7880782778263092
670,835,165,0.165,0.8051554316878319
610,805,195,0.195,0.8669108431339264
736,868,132,0.132,0.870631620824337
702,851,149,0.149,0.8717344233393669
700,850,150,0.15,0.924873515367508
720,860,140,0.14,0.9670615342855453
662,831,169,0.169,0.950538132250309
700,850,150,0.15,0.9273350370526314
684,842,158,0.158,0.9437493553757668
718,859,141,0.141,0.919775593996048
750,875,125,0.125,0.8720348072648049
726,863,137,0.137,0.9029549070000649
738,869,131,0.131,0.8686137344837189
742,871,129,0.129,0.8516870836019516
742,871,129,0.129,0.7948582388758659
742,871,129,0.129,0.8024082771539688
718,859,141,0.141,0.7942894667387008
758,879,121,0.121,0.8063372445106506
798,899,101,0.101,0.8430871996879578
688,844,156,0.156,0.8579880512356758
706,853,147,0.147,0.888577463209629
736,868,132,0.132,0.8683024489879608
724,862,138,0.138,0.8798333238363266
712,856,144,0.144,0.9007835708260536
728,864,136,0.136,0.8981583797931671
744,872,128,0.128,0.9128981680870056
748,874,126,0.126,0.9226729568243027
638,819,181,0.181,0.9513083170056343
728,864,136,0.136,0.9161027503609658
708,854,146,0.146,0.9293176554441452
650,825,175,0.175,0.956886102259159
730,865,135,0.135,0.9152913675308227
764,882,118,0.118,0.9043027299046517
716,858,142,0.142,0.9324001350998878
738,869,131,0.131,0.8861661959886551
728,864,136,0.136,0.9229177276492119
734,867,133,0.133,0.8799414489865303
720,860,140,0.14,0.8944490584731102
738,869,131,0.131,0.7951830163300038
684,842,158,0.158,0.7803452050685883
782,891,109,0.109,0.7483769601583481
724,862,138,0.138,0.7711005269885063
732,866,134,0.134,0.7186759358644486
786,893,107,0.107,0.6845506105422974
736,868,132,0.132,0.7280237354338169
712,856,144,0.144,0.7205069859623909
758,879,121,0.121,0.7730513506829738
744,872,128,0.128,0.7649639812111855
712,856,144,0.144,0.8118167096972465
776,888,112,0.112,0.8170276131629944
738,869,131,0.131,0.8670657191276551
660,830,170,0.17,0.9121186488270759
766,883,117,0.117,0.866378225505352
764,882,118,0.118,0.8410146797895431
728,864,136,0.136,0.8177050004005432
764,882,118,0.118,0.828739421248436
720,860,140,0.14,0.8105161842405796
662,831,169,0.169,0.8530652865469456
656,828,172,0.172,0.8566862823963165
668,834,166,0.166,0.8554134718775749
724,862,138,0.138,0.8547752993106842
640,820,180,0.18,0.878083447277546
678,839,161,0.161,0.9157192546129227
742,871,129,0.129,0.9153745748996734
744,872,128,0.128,0.8832454174757004
732,866,134,0.134,0.9257778558731079
692,846,154,0.154,0.8305100056529046
768,884,116,0.116,0.8002276440262794
732,866,134,0.134,0.8209404603242875
712,856,144,0.144,0.8326428129076958
722,861,139,0.139,0.7836397140920163
728,864,136,0.136,0.779337431460619
726,863,137,0.137,0.8250378594994545
712,856,144,0.144,0.7676022894978524
684,842,158,0.158,0.8635162234306335
670,835,165,0.165,0.8864596993923187
710,855,145,0.145,0.8700937051177025
764,882,118,0.118,0.8293563326597214
724,862,138,0.138,0.8565307844281197
712,856,144,0.144,0.8408955035507679
750,875,125,0.125,0.8388824681639672
756,878,122,0.122,0.8493749186992645
728,864,136,0.136,0.7842394396066665
744,872,128,0.128,0.7911645955145359
738,869,131,0.131,0.7928875305950641
670,835,165,0.165,0.812816786289215
764,882,118,0.118,0.7243862893283367
786,893,107,0.107,0.6866845141351223
734,867,133,0.133,0.6912583716809749
760,880,120,0.12,0.6644593749642372
744,872,128,0.128,0.6743390563428402
728,864,136,0.136,0.7130550966858864
714,857,143,0.143,0.6997874466478825
712,856,144,0.144,0.7494386753439903
642,821,179,0.179,0.7691456501185894
734,867,133,0.133,0.7478526347875595
730,865,135,0.135,0.8177563328146934
754,877,123,0.123,0.7767083576619626
694,847,153,0.153,0.8052229799032211
766,883,117,0.117,0.7625642971992492
754,877,123,0.123,0.7779991737008095
714,857,143,0.143,0.7916853966712951
728,864,136,0.136,0.7673654598295688
768,884,116,0.116,0.7401576439738273
756,878,122,0.122,0.747354961335659
710,855,145,0.145,0.7447413509786129
746,873,127,0.127,0.7385932817757129
702,851,149,0.149,0.7664380770921707
732,866,134,0.134,0.7513819065988063
710,855,145,0.145,0.7679365163445473
750,875,125,0.125,0.7589735531806946
706,853,147,0.147,0.7617401939928532
684,842,158,0.158,0.8009750601351261
684,842,158,0.158,0.810682852268219
668,834,166,0.166,0.8658221138119697
744,872,128,0.128,0.8235596650242806
698,849,151,0.151,0.89452218157053
672,836,164,0.164,0.8796333631277085
712,856,144,0.144,0.8316572817862034
694,847,153,0.153,0.834667177438736
618,809,191,0.191,0.7562071136832237
650,825,175,0.175,0.7551300943791867
748,874,126,0.126,0.6981741654276847
678,839,161,0.161,0.705233732700348
678,839,161,0.161,0.6386784499883652
726,863,137,0.137,0.6591433611512184
698,849,151,0.151,0.6255987597703934
710,855,145,0.145,0.6291105347275734
730,865,135,0.135,0.5796458320021629
668,834,166,0.166,0.5839134227633477
690,845,155,0.155,0.5934286357462406
712,856,144,0.144,0.6216579699218273
730,865,135,0.135,0.5744572567343712
800,900,100,0.1,0.5331012086570263
726,863,137,0.137,0.5944436524808406
706,853,147,0.147,0.6228827778995037
752,876,124,0.124,0.5802971596121788
730,865,135,0.135,0.6524463926851749
762,881,119,0.119,0.6136389308869838
776,888,112,0.112,0.6300696564912796
740,870,130,0.13,0.6831326660513878
726,863,137,0.137,0.7134842555820942
754,877,123,0.123,0.6905080823600293
772,886,114,0.114,0.6785735498964787
732,866,134,0.134,0.7516141789853573
758,879,121,0.121,0.7614396402835846
700,850,150,0.15,0.7984229851365089
684,842,158,0.158,0.7864549646377563
756,878,122,0.122,0.8155498743355274
670,835,165,0.165,0.8570274373292923
742,871,129,0.129,0.8455615765452384
784,892,108,0.108,0.7890692285299301
718,859,141,0.141,0.8088741367459297
700,850,150,0.15,0.828730743587017
754,877,123,0.123,0.7757259228825569
710,855,145,0.145,0.8106450841128826
744,872,128,0.128,0.7633594951629639
706,853,147,0.147,0.7830911168456077
706,853,147,0.147,0.7776008685231208
744,872,128,0.128,0.7922877023816108
744,872,128,0.128,0.7297594827711582
734,867,133,0.133,0.741850809276104
762,881,119,0.119,0.7299864772558212
686,843,157,0.157,0.7680336726307869
736,868,132,0.132,0.7756860275566578
718,859,141,0.141,0.757430622279644
714,857,143,0.143,0.7972581261992454
648,824,176,0.176,0.7972211222052574
742,871,129,0.129,0.8133328018784522
712,856,144,0.144,0.8446540749669075
728,864,136,0.136,0.8412490386962891
716,858,142,0.142,0.8385563893318176
752,876,124,0.124,0.8499481093287468
726,863,137,0.137,0.8734165847301483
724,862,138,0.138,0.8514561964273453
688,844,156,0.156,0.8795874281525612
744,872,128,0.128,0.8387093853354454
712,856,144,0.144,0.8509616606235504
710,855,145,0.145,0.8761341990232467
762,881,119,0.119,0.8716339964866638
710,855,145,0.145,0.8765442926883698
712,856,144,0.144,0.8515396310687066
776,888,112,0.112,0.8484550559520722
706,853,147,0.147,0.8562632432579994
694,847,153,0.153,0.8922722236514091
750,875,125,0.125,0.8957835103273392
722,861,139,0.139,0.872520944416523
646,823,177,0.177,0.9363331369161606
686,843,157,0.157,0.9514863106608391
694,847,153,0.153,0.9384174091219902
684,842,158,0.158,0.9602922080159187
676,838,162,0.162,0.9767078868150711
770,885,115,0.115,0.9396173925995827
690,845,155,0.155,0.9576635761857033
720,860,140,0.14,0.9207003698945045
702,851,149,0.149,0.9205189201831817
744,872,128,0.128,0.8925546435713768
736,868,132,0.132,0.8778950011134148
684,842,158,0.158,0.8521372829079628
696,848,152,0.152,0.85706416451931
728,864,136,0.136,0.8870062581300735
724,862,138,0.138,0.8762885372042656
746,873,127,0.127,0.8508323624432087
710,855,145,0.145,0.9062507137656212
670,835,165,0.165,0.9166625401377678
762,881,119,0.119,0.8737884593605996
684,842,158,0.158,0.8953982048630714
702,851,149,0.149,0.8636115736365318
702,851,149,0.149,0.8509867410063744
778,889,111,0.111,0.8189122525453567
764,882,118,0.118,0.8137155169248581
730,865,135,0.135,0.7684717429578304
728,864,136,0.136,0.7475965524613857
730,865,135,0.135,0.741871128231287
728,864,136,0.136,0.7180117164850235
736,868,132,0.132,0.695845145791769
696,848,152,0.152,0.7701061943173408
720,860,140,0.14,0.760711963891983
706,853,147,0.147,0.7735454557538033
738,869,131,0.131,0.7764774778783321
710,855,145,0.145,0.7931382572650909
738,869,131,0.131,0.7974630653262138
718,859,141,0.141,0.8149816291630269
706,853,147,0.147,0.833458618581295
736,868,132,0.132,0.8559304659962654
706,853,147,0.147,0.8741381376981735
764,882,118,0.118,0.8400595754384994
708,854,146,0.146,0.8700227670073509
696,848,152,0.152,0.867994608104229
728,864,136,0.136,0.8653568329811097
726,863,137,0.137,0.8531292334198952
738,869,131,0.131,0.8230500379502773
764,882,118,0.118,0.8084398038983345
746,873,127,0.127,0.8155846266150475
712,856,144,0.144,0.8005640660822392
708,854,146,0.146,0.7968850889801979
726,863,137,0.137,0.7850129981935025
732,866,134,0.134,0.7929057106375694
740,870,130,0.13,0.7980876632630826
738,869,131,0.131,0.7646938525736332
704,852,148,0.148,0.7838937819004059
742,871,129,0.129,0.7478279454410076
674,837,163,0.163,0.7866840734183789
762,881,119,0.119,0.7447084838449956
788,894,106,0.106,0.7320146826505661
740,870,130,0.13,0.7374326615035534
670,835,165,0.165,0.8035124974250794
684,842,158,0.158,0.8154632627367974
752,876,124,0.124,0.8402326870560646
794,897,103,0.103,0.8051619259119034
672,836,164,0.164,0.8572909612059593
738,869,131,0.131,0.8227260329723358
776,888,112,0.112,0.8016009684205055
694,847,153,0.153,0.8280432823300362
696,848,152,0.152,0.8111826074123383
734,867,133,0.133,0.7861556907892228
782,891,109,0.109,0.7824059818685055
770,885,115,0.115,0.7762110554277897
752,876,124,0.124,0.7834400475621224
738,869,131,0.131,0.792754086881876
664,832,168,0.168,0.8225439628958702
636,818,182,0.182,0.8262470312714577
686,843,157,0.157,0.8121511838436126
744,872,128,0.128,0.8278279132843017
732,866,134,0.134,0.8311084970235825
676,838,162,0.162,0.8782965300679206
802,901,99,0.099,0.7925038746595383
676,838,162,0.162,0.8167914406657218
782,891,109,0.109,0.7525747648775577
720,860,140,0.14,0.775200030863285
796,898,102,0.102,0.7263525802791119
684,842,158,0.158,0.7700219717025757
760,880,120,0.12,0.714129896402359
722,861,139,0.139,0.733857088893652
686,843,157,0.157,0.7470037028491497
732,866,134,0.134,0.7115802429318429
724,862,138,0.138,0.7147974829375744
674,837,163,0.163,0.7303003444373608
804,902,98,0.098,0.6657466993927955
772,886,114,0.114,0.6978774061799049
752,876,124,0.124,0.6816854916512967
726,863,137,0.137,0.6853603234291077
728,864,136,0.136,0.6424865953624248
746,873,127,0.127,0.6306239245831966
700,850,150,0.15,0.6450161063671112
782,891,109,0.109,0.6269597580134869
780,890,110,0.11,0.6245160173773766
658,829,171,0.171,0.6551809564530849
710,855,145,0.145,0.6594771584272384
720,860,140,0.14,0.633275877982378
718,859,141,0.141,0.6320938094854355
764,882,118,0.118,0.6606858116686344
756,878,122,0.122,0.6824375789761543
736,868,132,0.132,0.6704889093339443
740,870,130,0.13,0.6568678318560124
760,880,120,0.12,0.6532715285420417
726,863,137,0.137,0.6775518117249012
774,887,113,0.113,0.6724042851030827
798,899,101,0.101,0.583704050809145
802,901,99,0.099,0.5638693390488625
762,881,119,0.119,0.581121318757534
782,891,109,0.109,0.5351776182055473
742,871,129,0.129,0.5262197046875954
714,857,143,0.143,0.5343834652900695
694,847,153,0.153,0.5654812003076076
698,849,151,0.151,0.5440214269459248
830,915,85,0.085,0.5229451054632663
726,863,137,0.137,0.5886302229762077
740,870,130,0.13,0.5657304024100304
730,865,135,0.135,0.5703415643274784
796,898,102,0.102,0.49024018268287184
758,879,121,0.121,0.49724214217066764
722,861,139,0.139,0.5243591167628765
770,885,115,0.115,0.4779674210101366
754,877,123,0.123,0.4956209722459316
722,861,139,0.139,0.5268959104716778
772,886,114,0.114,0.5208366227149963
762,881,119,0.119,0.5310901146233081
740,870,130,0.13,0.5760101795196533
696,848,152,0.152,0.5983756137192249
762,881,119,0.119,0.5736665797531605
728,864,136,0.136,0.6214750183522701
756,878,122,0.122,0.6316629429161549
766,883,117,0.117,0.6392720138728618
704,852,148,0.148,0.6127345663011075
802,901,99,0.099,0.6422824099361897
714,857,143,0.143,0.6650381398200989
686,843,157,0.157,0.7013155663013458
754,877,123,0.123,0.6616301041841507
728,864,136,0.136,0.6995215999484062
752,876,124,0.124,0.6484729135334492
736,868,132,0.132,0.7047636044621468
760,880,120,0.12,0.7025926244556904
704,852,148,0.148,0.7316834545731544
744,872,128,0.128,0.6904909144937992
760,880,120,0.12,0.675316018730402
718,859,141,0.141,0.7004913058876991
750,875,125,0.125,0.6771369238495827
730,865,135,0.135,0.6421781409084797
738,869,131,0.131,0.6552397553920746
728,864,136,0.136,0.631006441950798
682,841,159,0.159,0.6472676793932914
720,860,140,0.14,0.6386886186301708
720,860,140,0.14,0.6129815320670605
698,849,151,0.151,0.641768065392971
720,860,140,0.14,0.6226099469065666
752,876,124,0.124,0.6349306591451168
776,888,112,0.112,0.5967314286530018
750,875,125,0.125,0.5944155080914497
772,886,114,0.114,0.5913761532902717
750,875,125,0.125,0.5581041751205921
726,863,137,0.137,0.5762154755592346
704,852,148,0.148,0.5701174912154674
750,875,125,0.125,0.5470539356172085
728,864,136,0.136,0.5724545913338661
746,873,127,0.127,0.586295741558075
688,844,156,0.156,0.6288353696763516
740,870,130,0.13,0.6147649341225624
712,856,144,0.144,0.6325788716971874
696,848,152,0.152,0.6639757916927338
760,880,120,0.12,0.6326624013483524
702,851,149,0.149,0.6951726879179477
720,860,140,0.14,0.6807847166657448
744,872,128,0.128,0.6679648908674717
726,863,137,0.137,0.668776812106371
758,879,121,0.121,0.6834198421537876
664,832,168,0.168,0.7042861215472221
694,847,153,0.153,0.7233904230892658
752,876,124,0.124,0.6807135294377804
744,872,128,0.128,0.7098136315047741
720,860,140,0.14,0.726962959855795
686,843,157,0.157,0.7719873980283737
738,869,131,0.131,0.7367184303998947
708,854,146,0.146,0.7864570297598839
696,848,152,0.152,0.8187942245900631
768,884,116,0.116,0.8008200147747994
732,866,134,0.134,0.8119262879490853
676,838,162,0.162,0.847232390165329
670,835,165,0.165,0.8418354068398476
670,835,165,0.165,0.8707856222391128
722,861,139,0.139,0.8512459987699985
776,888,112,0.112,0.8259139136075974
754,877,123,0.123,0.8300703802406788
680,840,160,0.16,0.8568163343667984
648,824,176,0.176,0.8950285434126853
734,867,133,0.133,0.8755256055593491
700,850,150,0.15,0.8344791306257248
744,872,128,0.128,0.7935098597705365
758,879,121,0.121,0.7924376791715622
712,856,144,0.144,0.7953529514968395
664,832,168,0.168,0.7513755734264851
710,855,145,0.145,0.7363978795111179
694,847,153,0.153,0.7493495976924897
746,873,127,0.127,0.7550991030335427
698,849,151,0.151,0.7460543154776096
724,862,138,0.138,0.741258073925972
710,855,145,0.145,0.740081661939621
732,866,134,0.134,0.7572522585988045
678,839,161,0.161,0.7732397328615188
728,864,136,0.136,0.7464834621846675
770,885,115,0.115,0.7377369137704373
736,868,132,0.132,0.7594217150509357
708,854,146,0.146,0.7305433508455753
654,827,173,0.173,0.7544829325973987
776,888,112,0.112,0.7072205374240875
748,874,126,0.126,0.735533758431673
698,849,151,0.151,0.7754249256849289
730,865,135,0.135,0.749577709287405
768,884,116,0.116,0.7763652172386646
730,865,135,0.135,0.8071355123221874
696,848,152,0.152,0.8062656598687172
736,868,132,0.132,0.8019669500291348
668,834,166,0.166,0.818337366104126
774,887,113,0.113,0.8010199505090714
702,851,149,0.149,0.8099771721065044
760,880,120,0.12,0.8012262455224991
754,877,123,0.123,0.7757350359559059
740,870,130,0.13,0.7812680270969867
826,913,87,0.087,0.6959814632833004
748,874,126,0.126,0.7225484133958816
746,873,127,0.127,0.7270428493022919
794,897,103,0.103,0.6873125192523003
704,852,148,0.148,0.7106575037539006
686,843,157,0.157,0.7014433737993241
752,876,124,0.124,0.710437047958374
718,859,141,0.141,0.7580420026779174
682,841,159,0.159,0.75090476796031
746,873,127,0.127,0.7602490078210831
716,858,142,0.142,0.7720302495062351
704,852,148,0.148,0.8325173447430134
698,849,151,0.151,0.83373127540946
742,871,129,0.129,0.8455592058002949
750,875,125,0.125,0.8199435657560825
718,859,141,0.141,0.8267363410890103
726,863,137,0.137,0.793600193709135
702,851,149,0.149,0.813234319627285
718,859,141,0.141,0.8063279849588871
790,895,105,0.105,0.7346958433687687
738,869,131,0.131,0.7350760090649128
738,869,131,0.131,0.7291395478248596
742,871,129,0.129,0.6932743957042694
778,889,111,0.111,0.6624754860699177
702,851,149,0.149,0.6987510318756104
772,886,114,0.114,0.6774471669197083
734,867,133,0.133,0.7136701264083386
756,878,122,0.122,0.7139567756354809
722,861,139,0.139,0.7419425100386142
728,864,136,0.136,0.7144065557718277
662,831,169,0.169,0.7824712676107883
692,846,154,0.154,0.815378115683794
726,863,137,0.137,0.8185733958780765
754,877,123,0.123,0.8096840220689774
668,834,166,0.166,0.8892465225458145
716,858,142,0.142,0.9163485634326934
658,829,171,0.171,0.9629778788089752
694,847,153,0.153,0.930436034142971
798,899,101,0.101,0.9113438288569451
718,859,141,0.141,0.9124406110644341
702,851,149,0.149,0.909063951909542
724,862,138,0.138,0.8896565984487533
720,860,140,0.14,0.8823371233940125
704,852,148,0.148,0.867649679839611
710,855,145,0.145,0.8844779757857323
786,893,107,0.107,0.8636599216461182
696,848,152,0.152,0.8763020475804806
638,819,181,0.181,0.8837585196495056
730,865,135,0.135,0.8669300122261048
698,849,151,0.151,0.884195514857769
658,829,171,0.171,0.9258212990164757
746,873,127,0.127,0.9184845561385154
704,852,148,0.148,0.9205243515372277
722,861,139,0.139,0.9201747775673866
740,870,130,0.13,0.906691759288311
704,852,148,0.148,0.9108691005110741
720,860,140,0.14,0.933198011815548
692,846,154,0.154,0.921863746702671
758,879,121,0.121,0.9266822180151939
716,858,142,0.142,0.9362176715135574
686,843,157,0.157,0.9235512257218361
708,854,146,0.146,0.9085562798380852
726,863,137,0.137,0.8961431160569191
742,871,129,0.129,0.8747067424654961
736,868,132,0.132,0.8455637812912464
722,861,139,0.139,0.8326861907839775
674,837,163,0.163,0.8255017020404339
686,843,157,0.157,0.8123563185632229
728,864,136,0.136,0.7843954296708107
772,886,114,0.114,0.7753248274922371
750,875,125,0.125,0.8001457737982273
730,865,135,0.135,0.7646982681155204
742,871,129,0.129,0.7419901320338249
752,876,124,0.124,0.7110499709844589
688,844,156,0.156,0.7071432372033596
752,876,124,0.124,0.6669607994258404
756,878,122,0.122,0.6684117988348007
770,885,115,0.115,0.6843429254293442
712,856,144,0.144,0.7057677126824856
674,837,163,0.163,0.7290432623922825
722,861,139,0.139,0.7410385730862618
730,865,135,0.135,0.7592581312656402
688,844,156,0.156,0.7644345114529133
726,863,137,0.137,0.7775960170328617
704,852,148,0.148,0.7540144014954567
704,852,148,0.148,0.7659702416658402
686,843,157,0.157,0.7975731862187385
724,862,138,0.138,0.7773930496275425
730,865,135,0.135,0.7602943679988384
716,858,142,0.142,0.7932355767786503
762,881,119,0.119,0.791079466342926
682,841,159,0.159,0.8089214103221893
768,884,116,0.116,0.7874223269224166
708,854,146,0.146,0.7744511289298535
766,883,117,0.117,0.714945266366005
688,844,156,0.156,0.723304368197918
778,889,111,0.111,0.6670743453502656
830,915,85,0.085,0.6459507132172585
686,843,157,0.157,0.6737158777117729
708,854,146,0.146,0.6660588629841805
766,883,117,0.117,0.6400270924866199
738,869,131,0.131,0.6713643043935299
734,867,133,0.133,0.6581968057453632
722,861,139,0.139,0.6924000294804573
658,829,171,0.171,0.6981563264131546
660,830,170,0.17,0.7185735670626163
696,848,152,0.152,0.7189540707767009
760,880,120,0.12,0.7118858078420163
766,883,117,0.117,0.7302785779833794
722,861,139,0.139,0.7193986769318581
796,898,102,0.102,0.6907130151987075
700,850,150,0.15,0.7191365129053593
708,854,146,0.146,0.7098422468304634
832,916,84,0.084,0.6420338799953461
692,846,154,0.154,0.6804506038725376
696,848,152,0.152,0.6760588648617267
692,846,154,0.154,0.6866316594779491
714,857,143,0.143,0.6933672804832458
692,846,154,0.154,0.6899969549179077
674,837,163,0.163,0.7268243570029735
750,875,125,0.125,0.7242185399830341
694,847,153,0.153,0.7588336382508278
716,858,142,0.142,0.7677943694293499
732,866,134,0.134,0.7599244168400765
728,864,136,0.136,0.7627121844887733
710,855,145,0.145,0.7320151215195656
738,869,131,0.131,0.7241611540913582
766,883,117,0.117,0.6994076452553272
696,848,152,0.152,0.6710001873075963
780,890,110,0.11,0.6293224910199642
764,882,118,0.118,0.6505463961660862
744,872,128,0.128,0.6519960214793682
780,890,110,0.11,0.6636878439486027
718,859,141,0.141,0.7014422778785229
728,864,136,0.136,0.7018757875263691
742,871,129,0.129,0.7059855744242668
698,849,151,0.151,0.704151604115963
702,851,149,0.149,0.739442435413599
726,863,137,0.137,0.7445707089006901
702,851,149,0.149,0.7426170648336411
802,901,99,0.099,0.738344277203083
770,885,115,0.115,0.736219331920147
764,882,118,0.118,0.7546296173632145
710,855,145,0.145,0.7635254664421082
732,866,134,0.134,0.7437157154977322
762,881,119,0.119,0.7297162031233311
704,852,148,0.148,0.7556752714514733
728,864,136,0.136,0.7394794452786445
756,878,122,0.122,0.7363344329595566
734,867,133,0.133,0.7544546914994716
752,876,124,0.124,0.7611389954984188
734,867,133,0.133,0.732675727725029
690,845,155,0.155,0.7472544921636581
800,900,100,0.1,0.7205463869869709
754,877,123,0.123,0.7310842798352242
704,852,148,0.148,0.7484595311284066
706,853,147,0.147,0.7611237406432628
722,861,139,0.139,0.7691706059873105
732,866,134,0.134,0.7623226787149906
750,875,125,0.125,0.8170813905596733
742,871,129,0.129,0.8217551914155483
712,856,144,0.144,0.8391882109940052
738,869,131,0.131,0.8473631255626678
776,888,112,0.112,0.8124778431653976
726,863,137,0.137,0.80370538687706
730,865,135,0.135,0.7829317073225975
740,870,130,0.13,0.8009242354035377
704,852,148,0.148,0.7829900712668896
756,878,122,0.122,0.7381095298826694
708,854,146,0.146,0.726700468480587
796,898,102,0.102,0.7147636165618897
756,878,122,0.122,0.6913078019022941
752,876,124,0.124,0.7115823054015636
732,866,134,0.134,0.726874160528183
704,852,148,0.148,0.7514829516410828
746,873,127,0.127,0.7701780511140823
794,897,103,0.103,0.7370777284801007
628,814,186,0.186,0.8100986015498638
744,872,128,0.128,0.7721001452803612
720,860,140,0.14,0.8581619479954242
786,893,107,0.107,0.8659592989981174
694,847,153,0.153,0.9052655754387379
742,871,129,0.129,0.9031376325190067
706,853,147,0.147,0.9062757755815983
662,831,169,0.169,0.912699243247509
666,833,167,0.167,0.9230694016218185
668,834,166,0.166,0.9300105638206005
716,858,142,0.142,0.9240815517306328
686,843,157,0.157,0.9200186086893082
786,893,107,0.107,0.9098585954010486
776,888,112,0.112,0.9022891772091388
774,887,113,0.113,0.9090470755696297
692,846,154,0.154,0.9093009063005447
682,841,159,0.159,0.933257984817028
780,890,110,0.11,0.8928856809437274
698,849,151,0.151,0.8908882712721825
716,858,142,0.142,0.9012481736838818
712,856,144,0.144,0.879962072879076
798,899,101,0.101,0.8724026845693589
742,871,129,0.129,0.8818327162861824
682,841,159,0.159,0.9062370578050614
708,854,146,0.146,0.8919361844062805
742,871,129,0.129,0.8633948574364185
758,879,121,0.121,0.8680085558593273
720,860,140,0.14,0.8651384218037128
742,871,129,0.129,0.8626789052188396
646,823,177,0.177,0.8641426003873348
730,865,135,0.135,0.8510569657087326
726,863,137,0.137,0.8572847546041011
662,831,169,0.169,0.8774758774936199
720,860,140,0.14,0.8792607795894146
734,867,133,0.133,0.8644349010586738
736,868,132,0.132,0.8768132855892181
682,841,159,0.159,0.8715708501040935
716,858,142,0.142,0.8164683214128018
730,865,135,0.135,0.811306607156992
686,843,157,0.157,0.8112323297262192
770,885,115,0.115,0.7896380757391452
784,892,108,0.108,0.7496579047441483
666,833,167,0.167,0.7786385820508003
722,861,139,0.139,0.7697390154004097
778,889,111,0.111,0.729200680911541
712,856,144,0.144,0.7503746052384377
742,871,129,0.129,0.7273281936645508
724,862,138,0.138,0.7222822771668435
748,874,126,0.126,0.6937159143686294
774,887,113,0.113,0.6849153618812561
702,851,149,0.149,0.701788076788187
728,864,136,0.136,0.6892807421684265
772,886,114,0.114,0.7005795517265797
746,873,127,0.127,0.7250651535093784
688,844,156,0.156,0.7279799404740334
678,839,161,0.161,0.7575140121877193
710,855,145,0.145,0.7449091440439224
772,886,114,0.114,0.7729262376725674
760,880,120,0.12,0.816003627449274
760,880,120,0.12,0.8097642894685269
742,871,129,0.129,0.822119439214468
776,888,112,0.112,0.8011766445934773
758,879,121,0.121,0.8175939597189427
764,882,118,0.118,0.8289971750378609
770,885,115,0.115,0.8190399015545845
670,835,165,0.165,0.8560607771575451
738,869,131,0.131,0.8407128264009952
662,831,169,0.169,0.8656137860119343
766,883,117,0.117,0.852569949299097
724,862,138,0.138,0.8958215345144271
774,887,113,0.113,0.9087290007770061
786,893,107,0.107,0.9039796525537968
674,837,163,0.163,0.93013791051507
750,875,125,0.125,0.88325171738863
774,887,113,0.113,0.8957578075528145
728,864,136,0.136,0.8944563676416873
698,849,151,0.151,0.9005651851594448
704,852,148,0.148,0.9479728196859359
696,848,152,0.152,0.9831734161972999
722,861,139,0.139,0.9914854975938797
742,871,129,0.129,0.9848844763040543
674,837,163,0.163,1.0049016713500023
718,859,141,0.141,1.0055250374376774
716,858,142,0.142,0.958973257035017
740,870,130,0.13,0.9487449509203434
696,848,152,0.152,0.9347856934964657
722,861,139,0.139,0.9216891933381558
712,856,144,0.144,0.9145652707517147
742,871,129,0.129,0.8918278153836727
730,865,135,0.135,0.8945901806652546
734,867,133,0.133,0.8893250702917576
746,873,127,0.127,0.9005912955403328
680,840,160,0.16,0.896652841359377
658,829,171,0.171,0.9010853486657142
692,846,154,0.154,0.9026964915394783
708,854,146,0.146,0.8925554755032062
730,865,135,0.135,0.8785775615274907
748,874,126,0.126,0.8823888481855392
738,869,131,0.131,0.895900538533926
708,854,146,0.146,0.8898855492472648
726,863,137,0.137,0.8907716265022755
746,873,127,0.127,0.8711672977209092
652,826,174,0.174,0.8941890353262425
714,857,143,0.143,0.876119420260191
766,883,117,0.117,0.8890103934109211
654,827,173,0.173,0.883147211253643
698,849,151,0.151,0.9143836894631385
704,852,148,0.148,0.915659440368414
748,874,126,0.126,0.9172079097628594
772,886,114,0.114,0.9265567711293697
748,874,126,0.126,0.8797377516925335
696,848,152,0.152,0.8914387020468711
734,867,133,0.133,0.8704434263706208
704,852,148,0.148,0.8622216210365296
768,884,116,0.116,0.8554747221171856
728,864,136,0.136,0.874645051330328
740,870,130,0.13,0.8828494792580605
722,861,139,0.139,0.8966319537460804
668,834,166,0.166,0.9175148536860943
742,871,129,0.129,0.9163501585125923
670,835,165,0.165,0.9393598656952381
756,878,122,0.122,0.9360218316018581
806,903,97,0.097,0.9547155748009681
726,863,137,0.137,0.9620396458208561
720,860,140,0.14,0.9403235242366791
738,869,131,0.131,0.9537494654357433
720,860,140,0.14,0.8687819990217686
742,871,129,0.129,0.8771460244655609
800,900,100,0.1,0.8465011844933032
764,882,118,0.118,0.8453859395086766
708,854,146,0.146,0.8446429307460785
734,867,133,0.133,0.8414803422093391
722,861,139,0.139,0.8668682438135147
730,865,135,0.135,0.8460512913763523
660,830,170,0.17,0.8865679247677326
798,899,101,0.101,0.8789545677006244
734,867,133,0.133,0.8909374772310257
684,842,158,0.158,0.9048856660723686
660,830,170,0.17,0.9021840561628341
732,866,134,0.134,0.9093373465836048
760,880,120,0.12,0.8579218507707119
724,862,138,0.138,0.8643312146663665
764,882,118,0.118,0.7828446417748928
690,845,155,0.155,0.7760613965392112
748,874,126,0.126,0.7414352340698243
726,863,137,0.137,0.7473684477210045
716,858,142,0.142,0.7372510452866554
758,879,121,0.121,0.7422138764858246
776,888,112,0.112,0.7264885232448578
768,884,116,0.116,0.7505435215234757
766,883,117,0.117,0.7445817414224147
722,861,139,0.139,0.7374742811471224
818,909,91,0.091,0.7383981322348118
760,880,120,0.12,0.7151296003907919
744,872,128,0.128,0.7644142436385155
666,833,167,0.167,0.77929004535079
740,870,130,0.13,0.7710243813097477
770,885,115,0.115,0.8141616946160793
756,878,122,0.122,0.824624288201332
724,862,138,0.138,0.8459308916628361
700,850,150,0.15,0.8428375545144081
674,837,163,0.163,0.8796839877963066
704,852,148,0.148,0.8938486720323563
742,871,129,0.129,0.8997325482666493
688,844,156,0.156,0.9247895638644695
744,872,128,0.128,0.9001629328727723
714,857,143,0.143,0.8923015664517879
726,863,137,0.137,0.8897297224104405
708,854,146,0.146,0.876795504629612
692,846,154,0.154,0.878734975963831
712,856,144,0.144,0.8652716653645038
730,865,135,0.135,0.874462194532156
704,852,148,0.148,0.8944261037111282
776,888,112,0.112,0.8622798389494419
746,873,127,0.127,0.8407127539217472
736,868,132,0.132,0.816898120611906
716,858,142,0.142,0.801484078913927
730,865,135,0.135,0.7722366411089897
696,848,152,0.152,0.7328322016298771
798,899,101,0.101,0.7086425013840199
748,874,126,0.126,0.705214063435793
706,853,147,0.147,0.7094000811427832
736,868,132,0.132,0.6833704909980297
710,855,145,0.145,0.6911288041621446
688,844,156,0.156,0.7127884115576744
708,854,146,0.146,0.7092179450839758
718,859,141,0.141,0.7035178603827953
712,856,144,0.144,0.7088257916271686
740,870,130,0.13,0.7010099547505378
758,879,121,0.121,0.6762759803533555
818,909,91,0.091,0.6422092436403036
736,868,132,0.132,0.6350787643939256
766,883,117,0.117,0.599995581433177
804,902,98,0.098,0.5752177180945873
786,893,107,0.107,0.5920809307843447
604,802,198,0.198,0.6052445408403874
772,886,114,0.114,0.5983022798448802
802,901,99,0.099,0.6092458117157221
722,861,139,0.139,0.6478842872232199
776,888,112,0.112,0.6500399266630411
724,862,138,0.138,0.6824604073315859
698,849,151,0.151,0.7158548062592744
774,887,113,0.113,0.7779070302695036
724,862,138,0.138,0.7815662486851216
660,830,170,0.17,0.8947975007295609
698,849,151,0.151,0.9275470098257065
724,862,138,0.138,0.9508522540926934
758,879,121,0.121,0.9575984950065612
686,843,157,0.157,1.0084392840266228
730,865,135,0.135,0.991297174334526
748,874,126,0.126,0.9791841107606888
716,858,142,0.142,0.9579889160096645
712,856,144,0.144,0.9044826749265193
706,853,147,0.147,0.9079612191915513
788,894,106,0.106,0.881110244601965
746,873,127,0.127,0.8860983130037785
760,880,120,0.12,0.8699825626909733
768,884,116,0.116,0.8668177717626094
724,862,138,0.138,0.8636391441822052
690,845,155,0.155,0.8655487456321717
724,862,138,0.138,0.8908719809949398
738,869,131,0.131,0.903083308339119
708,854,146,0.146,0.9109509312212467
698,849,151,0.151,0.9430949503183365
712,856,144,0.144,0.9666754786670207
752,876,124,0.124,0.9671329136490822
720,860,140,0.14,0.9679730059504509
666,833,167,0.167,0.9688368184566498
752,876,124,0.124,0.9289204122722149
748,874,126,0.126,0.9174926618933678
760,880,120,0.12,0.9223289512097835
714,857,143,0.143,0.902584586173296
726,863,137,0.137,0.9100218866169453
788,894,106,0.106,0.8913683724999428
718,859,141,0.141,0.9006864898502827
668,834,166,0.166,0.9048552170693874
730,865,135,0.135,0.9033696791827679
738,869,131,0.131,0.9143541078567505
754,877,123,0.123,0.9159142268896103
704,852,148,0.148,0.9244043847024441
704,852,148,0.148,0.9850834676921367
702,851,149,0.149,1.0074909846186637
730,865,135,0.135,0.9968762173056602
772,886,114,0.114,1.0124185788929463
712,856,144,0.144,1.0183058451116085
736,868,132,0.132,1.0255406090021133
770,885,115,0.115,1.0227839703261852
732,866,134,0.134,1.018502542167902
734,867,133,0.133,0.9681321315765381
646,823,177,0.177,0.9714867578446865
738,869,131,0.131,0.9677484328150749
758,879,121,0.121,0.9477453677356243
720,860,140,0.14,0.94721426948905
756,878,122,0.122,0.9491095723211765
728,864,136,0.136,0.9494137326478959
762,881,119,0.119,0.9447356766462326
762,881,119,0.119,0.9650013490021229
698,849,151,0.151,0.9866268077790737
794,897,103,0.103,0.986231769323349
658,829,171,0.171,1.0034101892411709
736,868,132,0.132,0.991427214562893
690,845,155,0.155,1.0020211289525032
730,865,135,0.135,0.9929909993708134
692,846,154,0.154,0.9960463517308236
708,854,146,0.146,0.9792645891010762
744,872,128,0.128,0.9397557416856289
716,858,142,0.142,0.9599189600348472
710,855,145,0.145,0.9594277546703815
770,885,115,0.115,0.9325556942224502
746,873,127,0.127,0.9092941181957722
738,869,131,0.131,0.8766044575870037
700,850,150,0.15,0.8786790390908719
732,866,134,0.134,0.8739717501699924
654,827,173,0.173,0.8873387715220451
726,863,137,0.137,0.8437203251123429
704,852,148,0.148,0.8620208277404309
744,872,128,0.128,0.8870713046193123
752,876,124,0.124,0.9358101534247398
728,864,136,0.136,0.9405670085251331
748,874,126,0.126,0.9514527169167996
692,846,154,0.154,0.9728327565491199
728,864,136,0.136,0.9912980413436889
686,843,157,0.157,0.9743433138430119
696,848,152,0.152,0.9862958205938339
792,896,104,0.104,0.9656950362622738
720,860,140,0.14,0.9217933594584465
790,895,105,0.105,0.9094839181154967
748,874,126,0.126,0.9346332988739013
696,848,152,0.152,0.9007828817367554
758,879,121,0.121,0.8440323835015296
762,881,119,0.119,0.8630577483922243
738,869,131,0.131,0.8342344507724047
762,881,119,0.119,0.7989910986721516
706,853,147,0.147,0.7699105989336967
714,857,143,0.143,0.7869802103191614
772,886,114,0.114,0.777506217867136
724,862,138,0.138,0.7716612916141748
754,877,123,0.123,0.8321779106855393
642,821,179,0.179,0.8100285185873508
716,858,142,0.142,0.8172352747172117
774,887,113,0.113,0.8274018895626069
726,863,137,0.137,0.8681980690062046
712,856,144,0.144,0.8597209095060825
698,849,151,0.151,0.8723350029736757
806,903,97,0.097,0.8393558681458235
710,855,145,0.145,0.8451777857244015
758,879,121,0.121,0.8495285855680704
704,852,148,0.148,0.8323654476106167
738,869,131,0.131,0.8250409135967494
746,873,127,0.127,0.8568279764652252
740,870,130,0.13,0.8574171539247036
706,853,147,0.147,0.841027514025569
756,878,122,0.122,0.8596353243887425
750,875,125,0.125,0.8729250081628561
716,858,142,0.142,0.8597917845100165
778,889,111,0.111,0.8440109499841928
722,861,139,0.139,0.8861089832037687
714,857,143,0.143,0.9060505514144898
770,885,115,0.115,0.8924594925493002
734,867,133,0.133,0.8946143219023943
760,880,120,0.12,0.9056824023872614
690,845,155,0.155,0.9153794967234135
670,835,165,0.165,0.9261802812218666
716,858,142,0.142,0.9449512932896614
776,888,112,0.112,0.9472872269451618
672,836,164,0.164,1.003722864538431
714,857,143,0.143,1.0022059342265128
692,846,154,0.154,1.0101065001189709
748,874,126,0.126,1.002836530059576
674,837,163,0.163,0.9999580228626728
710,855,145,0.145,0.9787725726664066
724,862,138,0.138,0.9835286642313004
728,864,136,0.136,0.9872515914142131
710,855,145,0.145,0.9770117600858211
752,876,124,0.124,1.0230627993941308
716,858,142,0.142,1.0173337544500827
694,847,153,0.153,1.0132703591883183
748,874,126,0.126,1.0079755712747573
690,845,155,0.155,1.006311549127102
724,862,138,0.138,0.9802991313636303
642,821,179,0.179,0.9778356098234654
698,849,151,0.151,0.9916703509092331
700,850,150,0.15,1.0209794649481774
728,864,136,0.136,0.9960324375927448
698,849,151,0.151,1.0296434458494186
718,859,141,0.141,0.9951150114834308
720,860,140,0.14,0.9969190901517868
702,851,149,0.149,1.0044225037992
710,855,145,0.145,1.0040632422566413
706,853,147,0.147,0.9682721092104912
742,871,129,0.129,0.9392590451836585
722,861,139,0.139,0.935273528277874
690,845,155,0.155,0.9434160200506448
688,844,156,0.156,0.9268045563995838
732,866,134,0.134,0.8804928544610738
748,874,126,0.126,0.9079766497612
738,869,131,0.131,0.8980497607290745
690,845,155,0.155,0.8968005662560463
692,846,154,0.154,0.9031041916757822
706,853,147,0.147,0.8978096271902323
740,870,130,0.13,0.9208543246537447
746,873,127,0.127,0.9309635937958955
686,843,157,0.157,0.929484917730093
730,865,135,0.135,0.9339553795903921
790,895,105,0.105,0.9190239398181439
670,835,165,0.165,0.9205577873885632
702,851,149,0.149,0.9031169132143259
744,872,128,0.128,0.9074819967746734
712,856,144,0.144,0.9056612460017204
750,875,125,0.125,0.9125350819528103
756,878,122,0.122,0.8938360845297575
784,892,108,0.108,0.8867884060293436
756,878,122,0.122,0.886719165250659
766,883,117,0.117,0.8736619528532028
736,868,132,0.132,0.8842319932281971
742,871,129,0.129,0.8635763489454985
776,888,112,0.112,0.8565303133875132
738,869,131,0.131,0.84967975692451
716,858,142,0.142,0.8495848685652018
712,856,144,0.144,0.8684591160863638
670,835,165,0.165,0.8862898880541324
656,828,172,0.172,0.8776163058429957
736,868,132,0.132,0.924975400224328
716,858,142,0.142,0.8903791210055352
672,836,164,0.164,0.9177878450751304
666,833,167,0.167,0.9261061959266662
762,881,119,0.119,0.917148689031601
782,891,109,0.109,0.9171131452322007
740,870,130,0.13,0.9206961297094822
738,869,131,0.131,0.9023755048513412
730,865,135,0.135,0.88460375097394
712,856,144,0.144,0.8560142984837293
696,848,152,0.152,0.8702246258705855
716,858,142,0.142,0.8804798409342766
802,901,99,0.099,0.8926521006822586
718,859,141,0.141,0.8981967313736677
716,858,142,0.142,0.8842310357242823
734,867,133,0.133,0.9013199522644282
766,883,117,0.117,0.9057256654500961
672,836,164,0.164,0.9288437422215938
754,877,123,0.123,0.9525686479657889
712,856,144,0.144,0.9296043486297131
678,839,161,0.161,0.9793088495433331
770,885,115,0.115,0.961173732072115
746,873,127,0.127,0.9966369206607342
682,841,159,0.159,0.9775424864888191
690,845,155,0.155,0.9644328628480434
692,846,154,0.154,0.9776459967941046
704,852,148,0.148,0.9793563582748175
690,845,155,0.155,0.9766782656013966
742,871,129,0.129,0.9749041997492314
710,855,145,0.145,0.969916113525629
750,875,125,0.125,0.9502276443243026
734,867,133,0.133,0.9611955092996359
796,898,102,0.102,0.9097744442969561
738,869,131,0.131,0.9150255709588527
788,894,106,0.106,0.8864017358869314
722,861,139,0.139,0.8916042441129685
748,874,126,0.126,0.8417203869968652
738,869,131,0.131,0.8565475022643805
716,858,142,0.142,0.8421455395519734
750,875,125,0.125,0.8375622509866953
790,895,105,0.105,0.8747141531407833
798,899,101,0.101,0.8708484079390765
722,861,139,0.139,0.8720479955226182
724,862,138,0.138,0.9024265187084675
770,885,115,0.115,0.9220967158526182
730,865,135,0.135,0.9344749840646982
742,871,129,0.129,0.9355952838510275
704,852,148,0.148,0.9695336227416992
676,838,162,0.162,1.0126286608576776
634,817,183,0.183,1.0063567605018615
710,855,145,0.145,1.0150874339342117
676,838,162,0.162,1.0290917448997499
760,880,120,0.12,1.0376120472550392
734,867,133,0.133,1.051311918616295
676,838,162,0.162,1.0473862406611443
706,853,147,0.147,1.0347688987851142
716,858,142,0.142,0.9858647284507751
706,853,147,0.147,0.9706265628039837
684,842,158,0.158,0.9584693482816219
732,866,134,0.134,0.9539026765823364
732,866,134,0.134,0.8759384955316782
708,854,146,0.146,0.8666477019190788
742,871,129,0.129,0.875500074595213
688,844,156,0.156,0.8576553314626217
760,880,120,0.12,0.8616004614382983
700,850,150,0.15,0.8466812281310558
728,864,136,0.136,0.8665665433257819
758,879,121,0.121,0.8453424245715141
704,852,148,0.148,0.8936947521269322
704,852,148,0.148,0.909711707726121
752,876,124,0.124,0.9233159397393466
684,842,158,0.158,0.9181915295869112
732,866,134,0.134,0.9507649430036544
718,859,141,0.141,0.9430001763552427
738,869,131,0.131,0.9538326465934515
632,816,184,0.184,0.9754915805011988
696,848,152,0.152,0.9876619405150413
696,848,152,0.152,1.0051138455569744
698,849,151,0.151,1.0151417139470578
758,879,121,0.121,0.9737321159541606
706,853,147,0.147,0.9449492274820804
762,881,119,0.119,0.9323851912170649
688,844,156,0.156,0.8986474817693233
772,886,114,0.114,0.8222991075664758
758,879,121,0.121,0.8424597658962011
730,865,135,0.135,0.7953214920461178
764,882,118,0.118,0.733430324986577
722,861,139,0.139,0.6804245303720236
748,874,126,0.126,0.6873596589714289
734,867,133,0.133,0.6542502919733524
686,843,157,0.157,0.6881534336060285
740,870,130,0.13,0.7253654141053557
728,864,136,0.136,0.7461426187977195
718,859,141,0.141,0.7596608248353004
716,858,142,0.142,0.8342955655753612
752,876,124,0.124,0.877996263280511
728,864,136,0.136,0.8797125445604325
738,869,131,0.131,0.8730698865950107
774,887,113,0.113,0.8545603877305985
668,834,166,0.166,0.8448829741030931
752,876,124,0.124,0.8540435130298137
738,869,131,0.131,0.8520659030228853
714,857,143,0.143,0.8561138914376497
736,868,132,0.132,0.865940003708005
710,855,145,0.145,0.8454824096113444
706,853,147,0.147,0.8490695812404155
718,859,141,0.141,0.862988938242197
726,863,137,0.137,0.905062546774745
704,852,148,0.148,0.8687955084145069
678,839,161,0.161,0.8617621678113937
744,872,128,0.128,0.9035204731971025
728,864,136,0.136,0.8886305168569087
688,844,156,0.156,0.8824629645049572
756,878,122,0.122,0.9016945578753949
718,859,141,0.141,0.8684220109283924
734,867,133,0.133,0.8877931051105261
730,865,135,0.135,0.8601070369631052
714,857,143,0.143,0.8573919868767261
764,882,118,0.118,0.8808839333057403
774,887,113,0.113,0.8730681892782449
770,885,115,0.115,0.8651247706413269
750,875,125,0.125,0.8658732927888632
708,854,146,0.146,0.8731139980703593
772,886,114,0.114,0.8585711233764887
704,852,148,0.148,0.8546154169291258
748,874,126,0.126,0.852680487677455
688,844,156,0.156,0.8245227807462215
712,856,144,0.144,0.8323767396509647
742,871,129,0.129,0.8110413891971111
720,860,140,0.14,0.8497535693496465
802,901,99,0.099,0.8333463587760925
692,846,154,0.154,0.8459886043220759
764,882,118,0.118,0.8532633659169078
764,882,118,0.118,0.8548309042602777
728,864,136,0.136,0.8370305870771408
780,890,110,0.11,0.8672877568006515
686,843,157,0.157,0.8437909070029854
688,844,156,0.156,0.8309665316194296
674,837,163,0.163,0.8871082865893841
692,846,154,0.154,0.8906077889651061
672,836,164,0.164,0.8816908985972405
750,875,125,0.125,0.9124363759756088
714,857,143,0.143,0.9277127577066422
710,855,145,0.145,0.9282611665129662
692,846,154,0.154,0.949448886141181
678,839,161,0.161,0.9385419335067272
726,863,137,0.137,0.9130981214195489
688,844,156,0.156,0.9124093593657017
762,881,119,0.119,0.9052700153440237
758,879,121,0.121,0.9233201833814383
792,896,104,0.104,0.9352238471508026
772,886,114,0.114,0.9406755771785974
742,871,129,0.129,0.9063805697262287
688,844,156,0.156,0.9119239672124386
718,859,141,0.141,0.8877451692968606
700,850,150,0.15,0.8978345802128315
750,875,125,0.125,0.8873453253209591
734,867,133,0.133,0.8662264375686646
706,853,147,0.147,0.8980716533362866
706,853,147,0.147,0.8825789924412966
706,853,147,0.147,0.905830929517746
714,857,143,0.143,0.854503926411271
734,867,133,0.133,0.8452084079906345
746,873,127,0.127,0.8423958856165409
756,878,122,0.122,0.8592877601087093
746,873,127,0.127,0.8464315846860408
722,861,139,0.139,0.7841155976131559
696,848,152,0.152,0.8085084730684757
674,837,163,0.163,0.7865190060064197
728,864,136,0.136,0.7900195619240403
702,851,149,0.149,0.8662623145133257
700,850,150,0.15,0.8837708637714387
738,869,131,0.131,0.8993172480165958
700,850,150,0.15,0.8940923173427582
732,866,134,0.134,0.9219392475336791
646,823,177,0.177,0.9076322289407254
686,843,157,0.157,0.9152069028913975
778,889,111,0.111,0.9421848046630621
722,861,139,0.139,0.905614377245307
770,885,115,0.115,0.910284200400114
698,849,151,0.151,0.8827026896327734
708,854,146,0.146,0.9037522230148315
710,855,145,0.145,0.892694090694189
770,885,115,0.115,0.9007251636832952
684,842,158,0.158,0.8907324907928705
710,855,145,0.145,0.8794521764963865
722,861,139,0.139,0.8757703512459993
720,860,140,0.14,0.8960303190350533
686,843,157,0.157,0.9031726317256689
718,859,141,0.141,0.8579892285168171
722,861,139,0.139,0.8546009874418378
778,889,111,0.111,0.8171421326920391
710,855,145,0.145,0.8100061195194721
744,872,128,0.128,0.7826481793522835
768,884,116,0.116,0.8194552778601646
724,862,138,0.138,0.798328997373581
742,871,129,0.129,0.7992879352867603
758,879,121,0.121,0.7815944753140212
706,853,147,0.147,0.7723086290434003
746,873,127,0.127,0.7794146679788828
754,877,123,0.123,0.7670473812296986
730,865,135,0.135,0.7458816389217973
696,848,152,0.152,0.783189001776278
768,884,116,0.116,0.7474223778769374
710,855,145,0.145,0.7997298033908009
778,889,111,0.111,0.7851508569717407
728,864,136,0.136,0.8034629361629486
732,866,134,0.134,0.7774648161008954
714,857,143,0.143,0.802440666988492
778,889,111,0.111,0.771657556399703
822,911,89,0.089,0.8012603665515781
702,851,149,0.149,0.784207446731627
692,846,154,0.154,0.8270778409019113
734,867,133,0.133,0.8743677930235862
678,839,161,0.161,0.8949906724020839
678,839,161,0.161,0.8453183171749115
768,884,116,0.116,0.9056365514323116
726,863,137,0.137,0.9077914423644543
764,882,118,0.118,0.9285345568731427
764,882,118,0.118,0.9270912996605039
692,846,154,0.154,0.8868544414639473
774,887,113,0.113,0.909225544244051
718,859,141,0.141,0.8784806304723024
708,854,146,0.146,0.8915231108292937
684,842,158,0.158,0.8761284015327692
754,877,123,0.123,0.8600351632684469
738,869,131,0.131,0.8723697020113468
768,884,116,0.116,0.8678359772786498
696,848,152,0.152,0.8326085078418255
764,882,118,0.118,0.8498296290561557
750,875,125,0.125,0.8473729721903801
686,843,157,0.157,0.8381654945537448
758,879,121,0.121,0.8585674314573407
780,890,110,0.11,0.8753218100294471
748,874,126,0.126,0.8395044541358948
726,863,137,0.137,0.8729897717386484
686,843,157,0.157,0.8729414135441184
714,857,143,0.143,0.8676212037503719
724,862,138,0.138,0.8905977259278297
688,844,156,0.156,0.8911856561526657
696,848,152,0.152,0.9415830910503864
720,860,140,0.14,0.9470225573778153
706,853,147,0.147,0.9654218658804894
724,862,138,0.138,0.9645019295960665
708,854,146,0.146,0.9595852911919356
694,847,153,0.153,0.9573846593648195
698,849,151,0.151,0.9441844600141048
686,843,157,0.157,0.9443850850462914
756,878,122,0.122,0.9166743342876434
718,859,141,0.141,0.9425342329442501
742,871,129,0.129,0.9343778644949198
744,872,128,0.128,0.9258483048826456
728,864,136,0.136,0.836373735807836
688,844,156,0.156,0.8584587040320039
784,892,108,0.108,0.8582013306170702
742,871,129,0.129,0.8228822147473693
744,872,128,0.128,0.8101594463735818
730,865,135,0.135,0.7670981631204485
732,866,134,0.134,0.7587217016890645
732,866,134,0.134,0.7610581894740462
748,874,126,0.126,0.7976128711253405
752,876,124,0.124,0.7915128328129649
722,861,139,0.139,0.806826903924346
710,855,145,0.145,0.8060977943614125
724,862,138,0.138,0.8412773323506116
712,856,144,0.144,0.8571433466225863
710,855,145,0.145,0.8640837279260158
630,815,185,0.185,0.8436744898185133
728,864,136,0.136,0.890115323074162
814,907,93,0.093,0.9138863013088703
692,846,154,0.154,0.8935791519731283
738,869,131,0.131,0.8870514189898968
736,868,132,0.132,0.857219084173441
788,894,106,0.106,0.8704554579555989
710,855,145,0.145,0.8107510458678007
700,850,150,0.15,0.8037211676090956
672,836,164,0.164,0.8162579257264734
