log_avg_ept_score,log_avg_succ_req,log_avg_blk_req,log_avg_BP_req,log_avg_entropy
908,954,46,0.046,0
884,942,58,0.058,0
868,934,66,0.066,0
862,931,69,0.069,0
882,941,59,0.059,0
870,935,65,0.065,0
864,932,68,0.068,0
914,957,43,0.043,0
918,959,41,0.041,0
850,925,75,0.075,0
874,937,63,0.063,0
890,945,55,0.055,0
892,946,54,0.054,0
948,974,26,0.026,0
832,916,84,0.084,0
870,935,65,0.065,0
910,955,45,0.045,0
868,934,66,0.066,0
886,943,57,0.057,0
870,935,65,0.065,0
854,927,73,0.073,0
910,955,45,0.045,0
900,950,50,0.05,0
872,936,64,0.064,0
888,944,56,0.056,0
882,941,59,0.059,0
908,954,46,0.046,0
846,923,77,0.077,0
890,945,55,0.055,0
864,932,68,0.068,0
876,938,62,0.062,0
920,960,40,0.04,0
878,939,61,0.061,0
912,956,44,0.044,0
900,950,50,0.05,0
880,940,60,0.06,0
920,960,40,0.04,0
854,927,73,0.073,0
878,939,61,0.061,0
932,966,34,0.034,0
918,959,41,0.041,0
890,945,55,0.055,0
848,924,76,0.076,0
880,940,60,0.06,0
916,958,42,0.042,0
880,940,60,0.06,0
876,938,62,0.062,0
894,947,53,0.053,0
854,927,73,0.073,0
880,940,60,0.06,0
896,948,52,0.052,0
878,939,61,0.061,0
882,941,59,0.059,0
936,968,32,0.032,0
854,927,73,0.073,0
882,941,59,0.059,0
898,949,51,0.051,0
900,950,50,0.05,0
892,946,54,0.054,0
882,941,59,0.059,0
920,960,40,0.04,0
884,942,58,0.058,0
892,946,54,0.054,0
900,950,50,0.05,0
924,962,38,0.038,0
902,951,49,0.049,0
906,953,47,0.047,0
916,958,42,0.042,0
934,967,33,0.033,0
854,927,73,0.073,0
934,967,33,0.033,0
922,961,39,0.039,0
924,962,38,0.038,0
776,888,112,0.112,0
894,947,53,0.053,0
884,942,58,0.058,0
842,921,79,0.079,0
872,936,64,0.064,0
926,963,37,0.037,0
924,962,38,0.038,0
858,929,71,0.071,0
872,936,64,0.064,0
850,925,75,0.075,0
880,940,60,0.06,0
924,962,38,0.038,0
838,919,81,0.081,0
908,954,46,0.046,0
880,940,60,0.06,0
916,958,42,0.042,0
902,951,49,0.049,0
860,930,70,0.07,0
896,948,52,0.052,0
910,955,45,0.045,0
884,942,58,0.058,0
916,958,42,0.042,0
886,943,57,0.057,0
912,956,44,0.044,0
834,917,83,0.083,0
864,932,68,0.068,0
928,964,36,0.036,0
890,945,55,0.055,0
868,934,66,0.066,0
862,931,69,0.069,0
904,952,48,0.048,0
892,946,54,0.054,0
870,935,65,0.065,0
884,942,58,0.058,0
892,946,54,0.054,0
838,919,81,0.081,0
880,940,60,0.06,0
906,953,47,0.047,0
920,960,40,0.04,0
892,946,54,0.054,0
846,923,77,0.077,0
876,938,62,0.062,0
938,969,31,0.031,0
858,929,71,0.071,0
876,938,62,0.062,0
890,945,55,0.055,0
868,934,66,0.066,0
934,967,33,0.033,0
858,929,71,0.071,0
936,968,32,0.032,0
874,937,63,0.063,0
894,947,53,0.053,0
858,929,71,0.071,0
868,934,66,0.066,0
870,935,65,0.065,0
912,956,44,0.044,0
868,934,66,0.066,0
936,968,32,0.032,0
886,943,57,0.057,0
934,967,33,0.033,0
842,921,79,0.079,0
858,929,71,0.071,0
904,952,48,0.048,0
856,928,72,0.072,0
918,959,41,0.041,0
902,951,49,0.049,0
860,930,70,0.07,0
892,946,54,0.054,0
904,952,48,0.048,0
874,937,63,0.063,0
848,924,76,0.076,0
890,945,55,0.055,0
842,921,79,0.079,0
884,942,58,0.058,0
874,937,63,0.063,0
882,941,59,0.059,0
900,950,50,0.05,0
902,951,49,0.049,0
906,953,47,0.047,0
890,945,55,0.055,0
862,931,69,0.069,0
870,935,65,0.065,0
866,933,67,0.067,0
910,955,45,0.045,0
884,942,58,0.058,0
884,942,58,0.058,0
906,953,47,0.047,0
888,944,56,0.056,0
840,920,80,0.08,0
896,948,52,0.052,0
906,953,47,0.047,0
888,944,56,0.056,0
904,952,48,0.048,0
894,947,53,0.053,0
934,967,33,0.033,0
902,951,49,0.049,0
872,936,64,0.064,0
906,953,47,0.047,0
876,938,62,0.062,0
870,935,65,0.065,0
880,940,60,0.06,0
838,919,81,0.081,0
880,940,60,0.06,0
842,921,79,0.079,0
924,962,38,0.038,0
908,954,46,0.046,0
930,965,35,0.035,0
874,937,63,0.063,0
878,939,61,0.061,0
910,955,45,0.045,0
898,949,51,0.051,0
926,963,37,0.037,0
854,927,73,0.073,0
910,955,45,0.045,0
854,927,73,0.073,0
880,940,60,0.06,0
848,924,76,0.076,0
876,938,62,0.062,0
912,956,44,0.044,0
882,941,59,0.059,0
912,956,44,0.044,0
866,933,67,0.067,0
946,973,27,0.027,0
902,951,49,0.049,0
892,946,54,0.054,0
908,954,46,0.046,0
902,951,49,0.049,0
900,950,50,0.05,0
838,919,81,0.081,0
868,934,66,0.066,0
818,909,91,0.091,0
918,959,41,0.041,0
894,947,53,0.053,0
896,948,52,0.052,0
864,932,68,0.068,0
882,941,59,0.059,0
896,948,52,0.052,0
910,955,45,0.045,0
832,916,84,0.084,0
886,943,57,0.057,0
854,927,73,0.073,0
842,921,79,0.079,0
918,959,41,0.041,0
906,953,47,0.047,0
822,911,89,0.089,0
894,947,53,0.053,0
852,926,74,0.074,0
884,942,58,0.058,0
882,941,59,0.059,0
856,928,72,0.072,0
872,936,64,0.064,0
920,960,40,0.04,0
930,965,35,0.035,0
908,954,46,0.046,0
878,939,61,0.061,0
904,952,48,0.048,0
900,950,50,0.05,0
896,948,52,0.052,0
878,939,61,0.061,0
896,948,52,0.052,0
898,949,51,0.051,0
842,921,79,0.079,0
936,968,32,0.032,0
864,932,68,0.068,0
856,928,72,0.072,0
848,924,76,0.076,0
922,961,39,0.039,0
878,939,61,0.061,0
872,936,64,0.064,0
908,954,46,0.046,0
820,910,90,0.09,0
896,948,52,0.052,0
890,945,55,0.055,0
862,931,69,0.069,0
826,913,87,0.087,0
826,913,87,0.087,0
908,954,46,0.046,0
866,933,67,0.067,0
914,957,43,0.043,0
868,934,66,0.066,0
900,950,50,0.05,0
886,943,57,0.057,0
872,936,64,0.064,0
868,934,66,0.066,0
894,947,53,0.053,0
868,934,66,0.066,0
912,956,44,0.044,0
834,917,83,0.083,0
870,935,65,0.065,0
902,951,49,0.049,0
908,954,46,0.046,0
894,947,53,0.053,0
904,952,48,0.048,0
896,948,52,0.052,0
976,988,12,0.012,0
870,935,65,0.065,0
862,931,69,0.069,0
876,938,62,0.062,0
870,935,65,0.065,0
894,947,53,0.053,0
894,947,53,0.053,0
892,946,54,0.054,0
910,955,45,0.045,0
894,947,53,0.053,0
866,933,67,0.067,0
862,931,69,0.069,0
950,975,25,0.025,0
912,956,44,0.044,0
838,919,81,0.081,0
934,967,33,0.033,0
890,945,55,0.055,0
916,958,42,0.042,0
928,964,36,0.036,0
916,958,42,0.042,0
874,937,63,0.063,0
856,928,72,0.072,0
872,936,64,0.064,0
944,972,28,0.028,0
892,946,54,0.054,0
904,952,48,0.048,0
900,950,50,0.05,0
916,958,42,0.042,0
918,959,41,0.041,0
918,959,41,0.041,0
896,948,52,0.052,0
880,940,60,0.06,0
952,976,24,0.024,0
850,925,75,0.075,0
902,951,49,0.049,0
932,966,34,0.034,0
886,943,57,0.057,0
898,949,51,0.051,0
842,921,79,0.079,0
914,957,43,0.043,0
898,949,51,0.051,0
908,954,46,0.046,0
888,944,56,0.056,0
898,949,51,0.051,0
914,957,43,0.043,0
936,968,32,0.032,0
816,908,92,0.092,0
898,949,51,0.051,0
926,963,37,0.037,0
880,940,60,0.06,0
924,962,38,0.038,0
872,936,64,0.064,0
910,955,45,0.045,0
878,939,61,0.061,0
900,950,50,0.05,0
936,968,32,0.032,0
886,943,57,0.057,0
898,949,51,0.051,0
876,938,62,0.062,0
862,931,69,0.069,0
892,946,54,0.054,0
880,940,60,0.06,0
872,936,64,0.064,0
910,955,45,0.045,0
828,914,86,0.086,0
884,942,58,0.058,0
870,935,65,0.065,0
850,925,75,0.075,0
860,930,70,0.07,0
882,941,59,0.059,0
888,944,56,0.056,0
884,942,58,0.058,0
888,944,56,0.056,0
888,944,56,0.056,0
892,946,54,0.054,0
870,935,65,0.065,0
892,946,54,0.054,0
890,945,55,0.055,0
924,962,38,0.038,0
896,948,52,0.052,0
900,950,50,0.05,0
880,940,60,0.06,0
856,928,72,0.072,0
892,946,54,0.054,0
904,952,48,0.048,0
930,965,35,0.035,0
856,928,72,0.072,0
874,937,63,0.063,0
900,950,50,0.05,0
904,952,48,0.048,0
894,947,53,0.053,0
854,927,73,0.073,0
860,930,70,0.07,0
918,959,41,0.041,0
884,942,58,0.058,0
894,947,53,0.053,0
896,948,52,0.052,0
862,931,69,0.069,0
862,931,69,0.069,0
912,956,44,0.044,0
880,940,60,0.06,0
876,938,62,0.062,0
858,929,71,0.071,0
856,928,72,0.072,0
876,938,62,0.062,0
872,936,64,0.064,0
882,941,59,0.059,0
916,958,42,0.042,0
904,952,48,0.048,0
848,924,76,0.076,0
918,959,41,0.041,0
892,946,54,0.054,0
876,938,62,0.062,0
890,945,55,0.055,0
864,932,68,0.068,0
890,945,55,0.055,0
926,963,37,0.037,0
844,922,78,0.078,0
862,931,69,0.069,0
858,929,71,0.071,0
888,944,56,0.056,0
862,931,69,0.069,0
908,954,46,0.046,0
854,927,73,0.073,0
874,937,63,0.063,0
842,921,79,0.079,0
874,937,63,0.063,0
848,924,76,0.076,0
918,959,41,0.041,0
900,950,50,0.05,0
906,953,47,0.047,0
894,947,53,0.053,0
892,946,54,0.054,0
910,955,45,0.045,0
856,928,72,0.072,0
874,937,63,0.063,0
900,950,50,0.05,0
868,934,66,0.066,0
884,942,58,0.058,0
906,953,47,0.047,0
876,938,62,0.062,0
870,935,65,0.065,0
896,948,52,0.052,0
878,939,61,0.061,0
882,941,59,0.059,0
876,938,62,0.062,0
914,957,43,0.043,0
906,953,47,0.047,0
880,940,60,0.06,0
906,953,47,0.047,0
904,952,48,0.048,0
900,950,50,0.05,0
894,947,53,0.053,0
890,945,55,0.055,0
916,958,42,0.042,0
894,947,53,0.053,0
882,941,59,0.059,0
880,940,60,0.06,0
846,923,77,0.077,0
906,953,47,0.047,0
878,939,61,0.061,0
876,938,62,0.062,0
866,933,67,0.067,0
884,942,58,0.058,0
916,958,42,0.042,0
904,952,48,0.048,0
832,916,84,0.084,0
914,957,43,0.043,0
846,923,77,0.077,0
936,968,32,0.032,0
878,939,61,0.061,0
896,948,52,0.052,0
892,946,54,0.054,0
896,948,52,0.052,0
924,962,38,0.038,0
866,933,67,0.067,0
892,946,54,0.054,0
882,941,59,0.059,0
912,956,44,0.044,0
854,927,73,0.073,0
882,941,59,0.059,0
868,934,66,0.066,0
890,945,55,0.055,0
882,941,59,0.059,0
878,939,61,0.061,0
866,933,67,0.067,0
862,931,69,0.069,0
832,916,84,0.084,0
908,954,46,0.046,0
868,934,66,0.066,0
910,955,45,0.045,0
878,939,61,0.061,0
904,952,48,0.048,0
890,945,55,0.055,0
866,933,67,0.067,0
852,926,74,0.074,0
896,948,52,0.052,0
886,943,57,0.057,0
862,931,69,0.069,0
832,916,84,0.084,0
860,930,70,0.07,0
852,926,74,0.074,0
906,953,47,0.047,0
912,956,44,0.044,0
868,934,66,0.066,0
866,933,67,0.067,0
912,956,44,0.044,0
908,954,46,0.046,0
880,940,60,0.06,0
892,946,54,0.054,0
890,945,55,0.055,0
876,938,62,0.062,0
890,945,55,0.055,0
924,962,38,0.038,0
884,942,58,0.058,0
854,927,73,0.073,0
898,949,51,0.051,0
920,960,40,0.04,0
864,932,68,0.068,0
850,925,75,0.075,0
910,955,45,0.045,0
894,947,53,0.053,0
900,950,50,0.05,0
890,945,55,0.055,0
924,962,38,0.038,0
890,945,55,0.055,0
902,951,49,0.049,0
916,958,42,0.042,0
894,947,53,0.053,0
928,964,36,0.036,0
838,919,81,0.081,0
938,969,31,0.031,0
904,952,48,0.048,0
894,947,53,0.053,0
890,945,55,0.055,0
922,961,39,0.039,0
868,934,66,0.066,0
904,952,48,0.048,0
858,929,71,0.071,0
852,926,74,0.074,0
906,953,47,0.047,0
910,955,45,0.045,0
846,923,77,0.077,0
902,951,49,0.049,0
862,931,69,0.069,0
898,949,51,0.051,0
910,955,45,0.045,0
854,927,73,0.073,0
866,933,67,0.067,0
908,954,46,0.046,0
898,949,51,0.051,0
864,932,68,0.068,0
892,946,54,0.054,0
892,946,54,0.054,0
892,946,54,0.054,0
944,972,28,0.028,0
890,945,55,0.055,0
904,952,48,0.048,0
826,913,87,0.087,0
898,949,51,0.051,0
874,937,63,0.063,0
836,918,82,0.082,0
934,967,33,0.033,0
870,935,65,0.065,0
828,914,86,0.086,0
912,956,44,0.044,0
898,949,51,0.051,0
882,941,59,0.059,0
862,931,69,0.069,0
892,946,54,0.054,0
902,951,49,0.049,0
946,973,27,0.027,0
876,938,62,0.062,0
864,932,68,0.068,0
886,943,57,0.057,0
904,952,48,0.048,0
872,936,64,0.064,0
920,960,40,0.04,0
918,959,41,0.041,0
904,952,48,0.048,0
860,930,70,0.07,0
906,953,47,0.047,0
910,955,45,0.045,0
858,929,71,0.071,0
870,935,65,0.065,0
858,929,71,0.071,0
866,933,67,0.067,0
904,952,48,0.048,0
870,935,65,0.065,0
920,960,40,0.04,0
904,952,48,0.048,0
884,942,58,0.058,0
880,940,60,0.06,0
846,923,77,0.077,0
874,937,63,0.063,0
900,950,50,0.05,0
876,938,62,0.062,0
838,919,81,0.081,0
912,956,44,0.044,0
860,930,70,0.07,0
886,943,57,0.057,0
906,953,47,0.047,0
912,956,44,0.044,0
870,935,65,0.065,0
864,932,68,0.068,0
850,925,75,0.075,0
894,947,53,0.053,0
866,933,67,0.067,0
896,948,52,0.052,0
904,952,48,0.048,0
906,953,47,0.047,0
854,927,73,0.073,0
890,945,55,0.055,0
878,939,61,0.061,0
874,937,63,0.063,0
898,949,51,0.051,0
900,950,50,0.05,0
894,947,53,0.053,0
874,937,63,0.063,0
902,951,49,0.049,0
938,969,31,0.031,0
844,922,78,0.078,0
882,941,59,0.059,0
912,956,44,0.044,0
842,921,79,0.079,0
916,958,42,0.042,0
908,954,46,0.046,0
896,948,52,0.052,0
920,960,40,0.04,0
886,943,57,0.057,0
884,942,58,0.058,0
898,949,51,0.051,0
908,954,46,0.046,0
890,945,55,0.055,0
906,953,47,0.047,0
880,940,60,0.06,0
914,957,43,0.043,0
868,934,66,0.066,0
870,935,65,0.065,0
920,960,40,0.04,0
894,947,53,0.053,0
898,949,51,0.051,0
858,929,71,0.071,0
862,931,69,0.069,0
870,935,65,0.065,0
882,941,59,0.059,0
900,950,50,0.05,0
908,954,46,0.046,0
900,950,50,0.05,0
858,929,71,0.071,0
868,934,66,0.066,0
898,949,51,0.051,0
866,933,67,0.067,0
882,941,59,0.059,0
892,946,54,0.054,0
918,959,41,0.041,0
840,920,80,0.08,0
876,938,62,0.062,0
878,939,61,0.061,0
906,953,47,0.047,0
900,950,50,0.05,0
862,931,69,0.069,0
874,937,63,0.063,0
900,950,50,0.05,0
914,957,43,0.043,0
900,950,50,0.05,0
856,928,72,0.072,0
930,965,35,0.035,0
908,954,46,0.046,0
924,962,38,0.038,0
898,949,51,0.051,0
854,927,73,0.073,0
888,944,56,0.056,0
876,938,62,0.062,0
890,945,55,0.055,0
844,922,78,0.078,0
890,945,55,0.055,0
898,949,51,0.051,0
896,948,52,0.052,0
888,944,56,0.056,0
890,945,55,0.055,0
894,947,53,0.053,0
870,935,65,0.065,0
914,957,43,0.043,0
882,941,59,0.059,0
874,937,63,0.063,0
858,929,71,0.071,0
910,955,45,0.045,0
882,941,59,0.059,0
872,936,64,0.064,0
906,953,47,0.047,0
900,950,50,0.05,0
864,932,68,0.068,0
884,942,58,0.058,0
888,944,56,0.056,0
860,930,70,0.07,0
886,943,57,0.057,0
910,955,45,0.045,0
802,901,99,0.099,0
872,936,64,0.064,0
882,941,59,0.059,0
904,952,48,0.048,0
904,952,48,0.048,0
908,954,46,0.046,0
846,923,77,0.077,0
880,940,60,0.06,0
912,956,44,0.044,0
892,946,54,0.054,0
894,947,53,0.053,0
876,938,62,0.062,0
876,938,62,0.062,0
892,946,54,0.054,0
862,931,69,0.069,0
846,923,77,0.077,0
898,949,51,0.051,0
874,937,63,0.063,0
888,944,56,0.056,0
880,940,60,0.06,0
924,962,38,0.038,0
904,952,48,0.048,0
928,964,36,0.036,0
872,936,64,0.064,0
870,935,65,0.065,0
892,946,54,0.054,0
884,942,58,0.058,0
852,926,74,0.074,0
886,943,57,0.057,0
892,946,54,0.054,0
896,948,52,0.052,0
864,932,68,0.068,0
896,948,52,0.052,0
850,925,75,0.075,0
942,971,29,0.029,0
900,950,50,0.05,0
886,943,57,0.057,0
890,945,55,0.055,0
878,939,61,0.061,0
886,943,57,0.057,0
912,956,44,0.044,0
890,945,55,0.055,0
842,921,79,0.079,0
900,950,50,0.05,0
878,939,61,0.061,0
908,954,46,0.046,0
900,950,50,0.05,0
886,943,57,0.057,0
902,951,49,0.049,0
924,962,38,0.038,0
898,949,51,0.051,0
866,933,67,0.067,0
926,963,37,0.037,0
848,924,76,0.076,0
914,957,43,0.043,0
868,934,66,0.066,0
860,930,70,0.07,0
888,944,56,0.056,0
888,944,56,0.056,0
912,956,44,0.044,0
882,941,59,0.059,0
858,929,71,0.071,0
866,933,67,0.067,0
924,962,38,0.038,0
918,959,41,0.041,0
916,958,42,0.042,0
860,930,70,0.07,0
896,948,52,0.052,0
878,939,61,0.061,0
886,943,57,0.057,0
916,958,42,0.042,0
916,958,42,0.042,0
904,952,48,0.048,0
870,935,65,0.065,0
874,937,63,0.063,0
828,914,86,0.086,0
922,961,39,0.039,0
826,913,87,0.087,0
840,920,80,0.08,0
846,923,77,0.077,0
874,937,63,0.063,0
868,934,66,0.066,0
888,944,56,0.056,0
874,937,63,0.063,0
898,949,51,0.051,0
874,937,63,0.063,0
844,922,78,0.078,0
904,952,48,0.048,0
854,927,73,0.073,0
848,924,76,0.076,0
880,940,60,0.06,0
862,931,69,0.069,0
892,946,54,0.054,0
872,936,64,0.064,0
852,926,74,0.074,0
896,948,52,0.052,0
902,951,49,0.049,0
918,959,41,0.041,0
862,931,69,0.069,0
878,939,61,0.061,0
916,958,42,0.042,0
850,925,75,0.075,0
886,943,57,0.057,0
866,933,67,0.067,0
924,962,38,0.038,0
898,949,51,0.051,0
870,935,65,0.065,0
892,946,54,0.054,0
918,959,41,0.041,0
898,949,51,0.051,0
830,915,85,0.085,0
884,942,58,0.058,0
846,923,77,0.077,0
918,959,41,0.041,0
866,933,67,0.067,0
872,936,64,0.064,0
894,947,53,0.053,0
908,954,46,0.046,0
880,940,60,0.06,0
908,954,46,0.046,0
898,949,51,0.051,0
870,935,65,0.065,0
914,957,43,0.043,0
858,929,71,0.071,0
888,944,56,0.056,0
940,970,30,0.03,0
888,944,56,0.056,0
880,940,60,0.06,0
914,957,43,0.043,0
894,947,53,0.053,0
878,939,61,0.061,0
880,940,60,0.06,0
872,936,64,0.064,0
916,958,42,0.042,0
874,937,63,0.063,0
944,972,28,0.028,0
846,923,77,0.077,0
922,961,39,0.039,0
902,951,49,0.049,0
890,945,55,0.055,0
834,917,83,0.083,0
862,931,69,0.069,0
894,947,53,0.053,0
890,945,55,0.055,0
900,950,50,0.05,0
870,935,65,0.065,0
924,962,38,0.038,0
916,958,42,0.042,0
860,930,70,0.07,0
894,947,53,0.053,0
924,962,38,0.038,0
848,924,76,0.076,0
902,951,49,0.049,0
904,952,48,0.048,0
904,952,48,0.048,0
902,951,49,0.049,0
894,947,53,0.053,0
882,941,59,0.059,0
876,938,62,0.062,0
880,940,60,0.06,0
930,965,35,0.035,0
932,966,34,0.034,0
884,942,58,0.058,0
886,943,57,0.057,0
928,964,36,0.036,0
886,943,57,0.057,0
922,961,39,0.039,0
934,967,33,0.033,0
878,939,61,0.061,0
920,960,40,0.04,0
890,945,55,0.055,0
864,932,68,0.068,0
868,934,66,0.066,0
894,947,53,0.053,0
856,928,72,0.072,0
952,976,24,0.024,0
922,961,39,0.039,0
904,952,48,0.048,0
918,959,41,0.041,0
838,919,81,0.081,0
856,928,72,0.072,0
896,948,52,0.052,0
898,949,51,0.051,0
898,949,51,0.051,0
884,942,58,0.058,0
846,923,77,0.077,0
888,944,56,0.056,0
898,949,51,0.051,0
902,951,49,0.049,0
886,943,57,0.057,0
852,926,74,0.074,0
856,928,72,0.072,0
834,917,83,0.083,0
872,936,64,0.064,0
882,941,59,0.059,0
892,946,54,0.054,0
848,924,76,0.076,0
914,957,43,0.043,0
862,931,69,0.069,0
870,935,65,0.065,0
882,941,59,0.059,0
822,911,89,0.089,0
898,949,51,0.051,0
864,932,68,0.068,0
908,954,46,0.046,0
894,947,53,0.053,0
906,953,47,0.047,0
868,934,66,0.066,0
884,942,58,0.058,0
864,932,68,0.068,0
926,963,37,0.037,0
862,931,69,0.069,0
878,939,61,0.061,0
906,953,47,0.047,0
912,956,44,0.044,0
862,931,69,0.069,0
892,946,54,0.054,0
854,927,73,0.073,0
864,932,68,0.068,0
866,933,67,0.067,0
838,919,81,0.081,0
850,925,75,0.075,0
926,963,37,0.037,0
912,956,44,0.044,0
862,931,69,0.069,0
904,952,48,0.048,0
896,948,52,0.052,0
880,940,60,0.06,0
864,932,68,0.068,0
892,946,54,0.054,0
850,925,75,0.075,0
894,947,53,0.053,0
912,956,44,0.044,0
874,937,63,0.063,0
906,953,47,0.047,0
898,949,51,0.051,0
916,958,42,0.042,0
900,950,50,0.05,0
924,962,38,0.038,0
888,944,56,0.056,0
856,928,72,0.072,0
852,926,74,0.074,0
904,952,48,0.048,0
924,962,38,0.038,0
882,941,59,0.059,0
856,928,72,0.072,0
922,961,39,0.039,0
848,924,76,0.076,0
852,926,74,0.074,0
860,930,70,0.07,0
868,934,66,0.066,0
866,933,67,0.067,0
826,913,87,0.087,0
906,953,47,0.047,0
888,944,56,0.056,0
898,949,51,0.051,0
942,971,29,0.029,0
898,949,51,0.051,0
900,950,50,0.05,0
872,936,64,0.064,0
906,953,47,0.047,0
904,952,48,0.048,0
834,917,83,0.083,0
816,908,92,0.092,0
916,958,42,0.042,0
860,930,70,0.07,0
908,954,46,0.046,0
924,962,38,0.038,0
912,956,44,0.044,0
900,950,50,0.05,0
910,955,45,0.045,0
874,937,63,0.063,0
866,933,67,0.067,0
900,950,50,0.05,0
886,943,57,0.057,0
870,935,65,0.065,0
950,975,25,0.025,0
848,924,76,0.076,0
906,953,47,0.047,0
856,928,72,0.072,0
922,961,39,0.039,0
872,936,64,0.064,0
862,931,69,0.069,0
872,936,64,0.064,0
846,923,77,0.077,0
924,962,38,0.038,0
870,935,65,0.065,0
862,931,69,0.069,0
874,937,63,0.063,0
902,951,49,0.049,0
882,941,59,0.059,0
894,947,53,0.053,0
874,937,63,0.063,0
846,923,77,0.077,0
870,935,65,0.065,0
916,958,42,0.042,0
880,940,60,0.06,0
890,945,55,0.055,0
904,952,48,0.048,0
904,952,48,0.048,0
864,932,68,0.068,0
886,943,57,0.057,0
868,934,66,0.066,0
882,941,59,0.059,0
928,964,36,0.036,0
868,934,66,0.066,0
802,901,99,0.099,0
892,946,54,0.054,0
910,955,45,0.045,0
898,949,51,0.051,0
866,933,67,0.067,0
926,963,37,0.037,0
874,937,63,0.063,0
852,926,74,0.074,0
882,941,59,0.059,0
864,932,68,0.068,0
876,938,62,0.062,0
918,959,41,0.041,0
874,937,63,0.063,0
870,935,65,0.065,0
892,946,54,0.054,0
912,956,44,0.044,0
856,928,72,0.072,0
886,943,57,0.057,0
880,940,60,0.06,0
868,934,66,0.066,0
928,964,36,0.036,0
890,945,55,0.055,0
880,940,60,0.06,0
916,958,42,0.042,0
912,956,44,0.044,0
904,952,48,0.048,0
836,918,82,0.082,0
894,947,53,0.053,0
882,941,59,0.059,0
882,941,59,0.059,0
874,937,63,0.063,0
886,943,57,0.057,0
890,945,55,0.055,0
860,930,70,0.07,0
902,951,49,0.049,0
924,962,38,0.038,0
900,950,50,0.05,0
878,939,61,0.061,0
890,945,55,0.055,0
864,932,68,0.068,0
868,934,66,0.066,0
884,942,58,0.058,0
804,902,98,0.098,0
894,947,53,0.053,0
916,958,42,0.042,0
848,924,76,0.076,0
890,945,55,0.055,0
856,928,72,0.072,0
876,938,62,0.062,0
924,962,38,0.038,0
942,971,29,0.029,0
854,927,73,0.073,0
924,962,38,0.038,0
918,959,41,0.041,0
868,934,66,0.066,0
910,955,45,0.045,0
838,919,81,0.081,0
878,939,61,0.061,0
824,912,88,0.088,0
888,944,56,0.056,0
912,956,44,0.044,0
878,939,61,0.061,0
906,953,47,0.047,0
892,946,54,0.054,0
864,932,68,0.068,0
876,938,62,0.062,0
896,948,52,0.052,0
882,941,59,0.059,0
868,934,66,0.066,0
920,960,40,0.04,0
896,948,52,0.052,0
890,945,55,0.055,0
912,956,44,0.044,0
846,923,77,0.077,0
888,944,56,0.056,0
918,959,41,0.041,0
882,941,59,0.059,0
906,953,47,0.047,0
862,931,69,0.069,0
888,944,56,0.056,0
878,939,61,0.061,0
872,936,64,0.064,0
876,938,62,0.062,0
878,939,61,0.061,0
868,934,66,0.066,0
888,944,56,0.056,0
904,952,48,0.048,0
884,942,58,0.058,0
850,925,75,0.075,0
866,933,67,0.067,0
868,934,66,0.066,0
912,956,44,0.044,0
838,919,81,0.081,0
904,952,48,0.048,0
880,940,60,0.06,0
944,972,28,0.028,0
860,930,70,0.07,0
892,946,54,0.054,0
918,959,41,0.041,0
878,939,61,0.061,0
864,932,68,0.068,0
874,937,63,0.063,0
906,953,47,0.047,0
900,950,50,0.05,0
868,934,66,0.066,0
876,938,62,0.062,0
892,946,54,0.054,0
852,926,74,0.074,0
884,942,58,0.058,0
908,954,46,0.046,0
886,943,57,0.057,0
890,945,55,0.055,0
906,953,47,0.047,0
886,943,57,0.057,0
900,950,50,0.05,0
828,914,86,0.086,0
914,957,43,0.043,0
864,932,68,0.068,0
918,959,41,0.041,0
922,961,39,0.039,0
884,942,58,0.058,0
928,964,36,0.036,0
900,950,50,0.05,0
884,942,58,0.058,0
940,970,30,0.03,0
898,949,51,0.051,0
906,953,47,0.047,0
922,961,39,0.039,0
864,932,68,0.068,0
884,942,58,0.058,0
880,940,60,0.06,0
902,951,49,0.049,0
904,952,48,0.048,0
894,947,53,0.053,0
910,955,45,0.045,0
892,946,54,0.054,0
876,938,62,0.062,0
916,958,42,0.042,0
878,939,61,0.061,0
902,951,49,0.049,0
924,962,38,0.038,0
884,942,58,0.058,0
864,932,68,0.068,0
858,929,71,0.071,0
860,930,70,0.07,0
878,939,61,0.061,0
882,941,59,0.059,0
878,939,61,0.061,0
886,943,57,0.057,0
874,937,63,0.063,0
856,928,72,0.072,0
904,952,48,0.048,0
860,930,70,0.07,0
896,948,52,0.052,0
912,956,44,0.044,0
892,946,54,0.054,0
878,939,61,0.061,0
870,935,65,0.065,0
830,915,85,0.085,0
900,950,50,0.05,0
856,928,72,0.072,0
904,952,48,0.048,0
896,948,52,0.052,0
846,923,77,0.077,0
910,955,45,0.045,0
896,948,52,0.052,0
916,958,42,0.042,0
926,963,37,0.037,0
868,934,66,0.066,0
898,949,51,0.051,0
882,941,59,0.059,0
898,949,51,0.051,0
878,939,61,0.061,0
872,936,64,0.064,0
908,954,46,0.046,0
898,949,51,0.051,0
824,912,88,0.088,0
854,927,73,0.073,0
930,965,35,0.035,0
868,934,66,0.066,0
838,919,81,0.081,0
902,951,49,0.049,0
878,939,61,0.061,0
900,950,50,0.05,0
890,945,55,0.055,0
892,946,54,0.054,0
850,925,75,0.075,0
890,945,55,0.055,0
890,945,55,0.055,0
862,931,69,0.069,0
860,930,70,0.07,0
918,959,41,0.041,0
902,951,49,0.049,0
950,975,25,0.025,0
900,950,50,0.05,0
884,942,58,0.058,0
884,942,58,0.058,0
900,950,50,0.05,0
906,953,47,0.047,0
886,943,57,0.057,0
894,947,53,0.053,0
902,951,49,0.049,0
898,949,51,0.051,0
906,953,47,0.047,0
886,943,57,0.057,0
898,949,51,0.051,0
870,935,65,0.065,0
886,943,57,0.057,0
918,959,41,0.041,0
866,933,67,0.067,0
920,960,40,0.04,0
886,943,57,0.057,0
890,945,55,0.055,0
896,948,52,0.052,0
908,954,46,0.046,0
870,935,65,0.065,0
922,961,39,0.039,0
916,958,42,0.042,0
886,943,57,0.057,0
864,932,68,0.068,0
884,942,58,0.058,0
890,945,55,0.055,0
892,946,54,0.054,0
914,957,43,0.043,0
922,961,39,0.039,0
858,929,71,0.071,0
878,939,61,0.061,0
940,970,30,0.03,0
856,928,72,0.072,0
888,944,56,0.056,0
880,940,60,0.06,0
922,961,39,0.039,0
940,970,30,0.03,0
884,942,58,0.058,0
876,938,62,0.062,0
872,936,64,0.064,0
848,924,76,0.076,0
924,962,38,0.038,0
906,953,47,0.047,0
848,924,76,0.076,0
898,949,51,0.051,0
908,954,46,0.046,0
918,959,41,0.041,0
872,936,64,0.064,0
882,941,59,0.059,0
888,944,56,0.056,0
898,949,51,0.051,0
886,943,57,0.057,0
928,964,36,0.036,0
888,944,56,0.056,0
874,937,63,0.063,0
886,943,57,0.057,0
876,938,62,0.062,0
846,923,77,0.077,0
892,946,54,0.054,0
912,956,44,0.044,0
832,916,84,0.084,0
914,957,43,0.043,0
926,963,37,0.037,0
890,945,55,0.055,0
902,951,49,0.049,0
852,926,74,0.074,0
914,957,43,0.043,0
840,920,80,0.08,0
906,953,47,0.047,0
884,942,58,0.058,0
846,923,77,0.077,0
916,958,42,0.042,0
870,935,65,0.065,0
874,937,63,0.063,0
904,952,48,0.048,0
868,934,66,0.066,0
856,928,72,0.072,0
874,937,63,0.063,0
906,953,47,0.047,0
862,931,69,0.069,0
848,924,76,0.076,0
868,934,66,0.066,0
892,946,54,0.054,0
900,950,50,0.05,0
872,936,64,0.064,0
926,963,37,0.037,0
876,938,62,0.062,0
896,948,52,0.052,0
882,941,59,0.059,0
924,962,38,0.038,0
870,935,65,0.065,0
900,950,50,0.05,0
898,949,51,0.051,0
870,935,65,0.065,0
850,925,75,0.075,0
840,920,80,0.08,0
886,943,57,0.057,0
874,937,63,0.063,0
904,952,48,0.048,0
912,956,44,0.044,0
906,953,47,0.047,0
856,928,72,0.072,0
912,956,44,0.044,0
890,945,55,0.055,0
904,952,48,0.048,0
874,937,63,0.063,0
876,938,62,0.062,0
900,950,50,0.05,0
904,952,48,0.048,0
894,947,53,0.053,0
902,951,49,0.049,0
934,967,33,0.033,0
850,925,75,0.075,0
888,944,56,0.056,0
902,951,49,0.049,0
870,935,65,0.065,0
902,951,49,0.049,0
870,935,65,0.065,0
884,942,58,0.058,0
920,960,40,0.04,0
902,951,49,0.049,0
890,945,55,0.055,0
916,958,42,0.042,0
898,949,51,0.051,0
874,937,63,0.063,0
928,964,36,0.036,0
850,925,75,0.075,0
908,954,46,0.046,0
926,963,37,0.037,0
844,922,78,0.078,0
876,938,62,0.062,0
872,936,64,0.064,0
860,930,70,0.07,0
902,951,49,0.049,0
876,938,62,0.062,0
848,924,76,0.076,0
898,949,51,0.051,0
898,949,51,0.051,0
878,939,61,0.061,0
868,934,66,0.066,0
906,953,47,0.047,0
882,941,59,0.059,0
896,948,52,0.052,0
906,953,47,0.047,0
880,940,60,0.06,0
882,941,59,0.059,0
878,939,61,0.061,0
892,946,54,0.054,0
914,957,43,0.043,0
910,955,45,0.045,0
854,927,73,0.073,0
902,951,49,0.049,0
870,935,65,0.065,0
890,945,55,0.055,0
896,948,52,0.052,0
858,929,71,0.071,0
918,959,41,0.041,0
882,941,59,0.059,0
830,915,85,0.085,0
862,931,69,0.069,0
914,957,43,0.043,0
852,926,74,0.074,0
906,953,47,0.047,0
866,933,67,0.067,0
932,966,34,0.034,0
812,906,94,0.094,0
910,955,45,0.045,0
876,938,62,0.062,0
890,945,55,0.055,0
856,928,72,0.072,0
860,930,70,0.07,0
870,935,65,0.065,0
868,934,66,0.066,0
918,959,41,0.041,0
864,932,68,0.068,0
876,938,62,0.062,0
906,953,47,0.047,0
882,941,59,0.059,0
902,951,49,0.049,0
874,937,63,0.063,0
832,916,84,0.084,0
906,953,47,0.047,0
900,950,50,0.05,0
926,963,37,0.037,0
910,955,45,0.045,0
894,947,53,0.053,0
864,932,68,0.068,0
866,933,67,0.067,0
870,935,65,0.065,0
884,942,58,0.058,0
864,932,68,0.068,0
878,939,61,0.061,0
894,947,53,0.053,0
926,963,37,0.037,0
904,952,48,0.048,0
886,943,57,0.057,0
908,954,46,0.046,0
848,924,76,0.076,0
876,938,62,0.062,0
898,949,51,0.051,0
928,964,36,0.036,0
842,921,79,0.079,0
912,956,44,0.044,0
884,942,58,0.058,0
890,945,55,0.055,0
870,935,65,0.065,0
900,950,50,0.05,0
882,941,59,0.059,0
886,943,57,0.057,0
912,956,44,0.044,0
860,930,70,0.07,0
916,958,42,0.042,0
880,940,60,0.06,0
896,948,52,0.052,0
892,946,54,0.054,0
908,954,46,0.046,0
890,945,55,0.055,0
908,954,46,0.046,0
868,934,66,0.066,0
906,953,47,0.047,0
884,942,58,0.058,0
896,948,52,0.052,0
886,943,57,0.057,0
900,950,50,0.05,0
898,949,51,0.051,0
898,949,51,0.051,0
932,966,34,0.034,0
920,960,40,0.04,0
914,957,43,0.043,0
856,928,72,0.072,0
914,957,43,0.043,0
878,939,61,0.061,0
944,972,28,0.028,0
844,922,78,0.078,0
856,928,72,0.072,0
900,950,50,0.05,0
884,942,58,0.058,0
894,947,53,0.053,0
866,933,67,0.067,0
866,933,67,0.067,0
870,935,65,0.065,0
848,924,76,0.076,0
890,945,55,0.055,0
886,943,57,0.057,0
900,950,50,0.05,0
864,932,68,0.068,0
876,938,62,0.062,0
828,914,86,0.086,0
882,941,59,0.059,0
932,966,34,0.034,0
910,955,45,0.045,0
880,940,60,0.06,0
914,957,43,0.043,0
900,950,50,0.05,0
878,939,61,0.061,0
916,958,42,0.042,0
866,933,67,0.067,0
858,929,71,0.071,0
904,952,48,0.048,0
886,943,57,0.057,0
848,924,76,0.076,0
918,959,41,0.041,0
906,953,47,0.047,0
896,948,52,0.052,0
840,920,80,0.08,0
890,945,55,0.055,0
920,960,40,0.04,0
904,952,48,0.048,0
886,943,57,0.057,0
846,923,77,0.077,0
870,935,65,0.065,0
890,945,55,0.055,0
884,942,58,0.058,0
880,940,60,0.06,0
922,961,39,0.039,0
946,973,27,0.027,0
896,948,52,0.052,0
926,963,37,0.037,0
856,928,72,0.072,0
922,961,39,0.039,0
852,926,74,0.074,0
880,940,60,0.06,0
936,968,32,0.032,0
942,971,29,0.029,0
900,950,50,0.05,0
888,944,56,0.056,0
946,973,27,0.027,0
874,937,63,0.063,0
890,945,55,0.055,0
898,949,51,0.051,0
908,954,46,0.046,0
930,965,35,0.035,0
900,950,50,0.05,0
890,945,55,0.055,0
900,950,50,0.05,0
908,954,46,0.046,0
870,935,65,0.065,0
898,949,51,0.051,0
898,949,51,0.051,0
892,946,54,0.054,0
896,948,52,0.052,0
900,950,50,0.05,0
894,947,53,0.053,0
862,931,69,0.069,0
904,952,48,0.048,0
914,957,43,0.043,0
920,960,40,0.04,0
924,962,38,0.038,0
856,928,72,0.072,0
896,948,52,0.052,0
874,937,63,0.063,0
914,957,43,0.043,0
902,951,49,0.049,0
884,942,58,0.058,0
882,941,59,0.059,0
914,957,43,0.043,0
894,947,53,0.053,0
830,915,85,0.085,0
900,950,50,0.05,0
902,951,49,0.049,0
900,950,50,0.05,0
910,955,45,0.045,0
886,943,57,0.057,0
872,936,64,0.064,0
902,951,49,0.049,0
890,945,55,0.055,0
900,950,50,0.05,0
904,952,48,0.048,0
896,948,52,0.052,0
900,950,50,0.05,0
896,948,52,0.052,0
882,941,59,0.059,0
900,950,50,0.05,0
886,943,57,0.057,0
856,928,72,0.072,0
854,927,73,0.073,0
870,935,65,0.065,0
892,946,54,0.054,0
882,941,59,0.059,0
918,959,41,0.041,0
920,960,40,0.04,0
900,950,50,0.05,0
892,946,54,0.054,0
872,936,64,0.064,0
894,947,53,0.053,0
944,972,28,0.028,0
882,941,59,0.059,0
856,928,72,0.072,0
912,956,44,0.044,0
884,942,58,0.058,0
918,959,41,0.041,0
834,917,83,0.083,0
900,950,50,0.05,0
902,951,49,0.049,0
888,944,56,0.056,0
880,940,60,0.06,0
912,956,44,0.044,0
828,914,86,0.086,0
874,937,63,0.063,0
864,932,68,0.068,0
902,951,49,0.049,0
848,924,76,0.076,0
866,933,67,0.067,0
916,958,42,0.042,0
874,937,63,0.063,0
876,938,62,0.062,0
868,934,66,0.066,0
898,949,51,0.051,0
940,970,30,0.03,0
840,920,80,0.08,0
922,961,39,0.039,0
844,922,78,0.078,0
860,930,70,0.07,0
876,938,62,0.062,0
864,932,68,0.068,0
920,960,40,0.04,0
848,924,76,0.076,0
912,956,44,0.044,0
862,931,69,0.069,0
932,966,34,0.034,0
924,962,38,0.038,0
908,954,46,0.046,0
886,943,57,0.057,0
844,922,78,0.078,0
874,937,63,0.063,0
890,945,55,0.055,0
950,975,25,0.025,0
908,954,46,0.046,0
882,941,59,0.059,0
890,945,55,0.055,0
874,937,63,0.063,0
902,951,49,0.049,0
916,958,42,0.042,0
882,941,59,0.059,0
894,947,53,0.053,0
890,945,55,0.055,0
888,944,56,0.056,0
886,943,57,0.057,0
862,931,69,0.069,0
902,951,49,0.049,0
856,928,72,0.072,0
876,938,62,0.062,0
872,936,64,0.064,0
880,940,60,0.06,0
886,943,57,0.057,0
872,936,64,0.064,0
862,931,69,0.069,0
890,945,55,0.055,0
912,956,44,0.044,0
908,954,46,0.046,0
864,932,68,0.068,0
908,954,46,0.046,0
946,973,27,0.027,0
902,951,49,0.049,0
918,959,41,0.041,0
888,944,56,0.056,0
844,922,78,0.078,0
892,946,54,0.054,0
896,948,52,0.052,0
834,917,83,0.083,0
914,957,43,0.043,0
886,943,57,0.057,0
824,912,88,0.088,0
878,939,61,0.061,0
866,933,67,0.067,0
888,944,56,0.056,0
874,937,63,0.063,0
870,935,65,0.065,0
906,953,47,0.047,0
874,937,63,0.063,0
886,943,57,0.057,0
874,937,63,0.063,0
910,955,45,0.045,0
890,945,55,0.055,0
890,945,55,0.055,0
866,933,67,0.067,0
870,935,65,0.065,0
918,959,41,0.041,0
878,939,61,0.061,0
894,947,53,0.053,0
930,965,35,0.035,0
882,941,59,0.059,0
876,938,62,0.062,0
932,966,34,0.034,0
912,956,44,0.044,0
850,925,75,0.075,0
912,956,44,0.044,0
924,962,38,0.038,0
898,949,51,0.051,0
882,941,59,0.059,0
902,951,49,0.049,0
868,934,66,0.066,0
884,942,58,0.058,0
838,919,81,0.081,0
900,950,50,0.05,0
876,938,62,0.062,0
864,932,68,0.068,0
882,941,59,0.059,0
916,958,42,0.042,0
858,929,71,0.071,0
888,944,56,0.056,0
888,944,56,0.056,0
914,957,43,0.043,0
890,945,55,0.055,0
904,952,48,0.048,0
880,940,60,0.06,0
902,951,49,0.049,0
880,940,60,0.06,0
864,932,68,0.068,0
852,926,74,0.074,0
832,916,84,0.084,0
900,950,50,0.05,0
928,964,36,0.036,0
886,943,57,0.057,0
902,951,49,0.049,0
870,935,65,0.065,0
898,949,51,0.051,0
898,949,51,0.051,0
906,953,47,0.047,0
890,945,55,0.055,0
832,916,84,0.084,0
858,929,71,0.071,0
904,952,48,0.048,0
856,928,72,0.072,0
940,970,30,0.03,0
898,949,51,0.051,0
860,930,70,0.07,0
872,936,64,0.064,0
900,950,50,0.05,0
812,906,94,0.094,0
904,952,48,0.048,0
850,925,75,0.075,0
904,952,48,0.048,0
882,941,59,0.059,0
890,945,55,0.055,0
896,948,52,0.052,0
862,931,69,0.069,0
926,963,37,0.037,0
896,948,52,0.052,0
918,959,41,0.041,0
892,946,54,0.054,0
842,921,79,0.079,0
902,951,49,0.049,0
896,948,52,0.052,0
892,946,54,0.054,0
894,947,53,0.053,0
894,947,53,0.053,0
864,932,68,0.068,0
890,945,55,0.055,0
856,928,72,0.072,0
912,956,44,0.044,0
878,939,61,0.061,0
860,930,70,0.07,0
914,957,43,0.043,0
860,930,70,0.07,0
850,925,75,0.075,0
890,945,55,0.055,0
874,937,63,0.063,0
900,950,50,0.05,0
930,965,35,0.035,0
866,933,67,0.067,0
870,935,65,0.065,0
914,957,43,0.043,0
864,932,68,0.068,0
868,934,66,0.066,0
866,933,67,0.067,0
902,951,49,0.049,0
878,939,61,0.061,0
898,949,51,0.051,0
914,957,43,0.043,0
882,941,59,0.059,0
874,937,63,0.063,0
830,915,85,0.085,0
870,935,65,0.065,0
900,950,50,0.05,0
872,936,64,0.064,0
938,969,31,0.031,0
858,929,71,0.071,0
894,947,53,0.053,0
858,929,71,0.071,0
918,959,41,0.041,0
900,950,50,0.05,0
854,927,73,0.073,0
912,956,44,0.044,0
908,954,46,0.046,0
898,949,51,0.051,0
888,944,56,0.056,0
860,930,70,0.07,0
916,958,42,0.042,0
872,936,64,0.064,0
868,934,66,0.066,0
926,963,37,0.037,0
876,938,62,0.062,0
866,933,67,0.067,0
892,946,54,0.054,0
928,964,36,0.036,0
920,960,40,0.04,0
860,930,70,0.07,0
882,941,59,0.059,0
868,934,66,0.066,0
876,938,62,0.062,0
864,932,68,0.068,0
884,942,58,0.058,0
872,936,64,0.064,0
842,921,79,0.079,0
894,947,53,0.053,0
880,940,60,0.06,0
848,924,76,0.076,0
850,925,75,0.075,0
850,925,75,0.075,0
840,920,80,0.08,0
884,942,58,0.058,0
918,959,41,0.041,0
878,939,61,0.061,0
894,947,53,0.053,0
898,949,51,0.051,0
900,950,50,0.05,0
862,931,69,0.069,0
878,939,61,0.061,0
894,947,53,0.053,0
900,950,50,0.05,0
898,949,51,0.051,0
900,950,50,0.05,0
936,968,32,0.032,0
912,956,44,0.044,0
870,935,65,0.065,0
886,943,57,0.057,0
892,946,54,0.054,0
884,942,58,0.058,0
888,944,56,0.056,0
852,926,74,0.074,0
922,961,39,0.039,0
906,953,47,0.047,0
864,932,68,0.068,0
878,939,61,0.061,0
852,926,74,0.074,0
884,942,58,0.058,0
868,934,66,0.066,0
922,961,39,0.039,0
876,938,62,0.062,0
898,949,51,0.051,0
934,967,33,0.033,0
872,936,64,0.064,0
876,938,62,0.062,0
874,937,63,0.063,0
860,930,70,0.07,0
874,937,63,0.063,0
880,940,60,0.06,0
890,945,55,0.055,0
890,945,55,0.055,0
878,939,61,0.061,0
886,943,57,0.057,0
874,937,63,0.063,0
888,944,56,0.056,0
900,950,50,0.05,0
924,962,38,0.038,0
896,948,52,0.052,0
878,939,61,0.061,0
914,957,43,0.043,0
902,951,49,0.049,0
906,953,47,0.047,0
856,928,72,0.072,0
920,960,40,0.04,0
918,959,41,0.041,0
912,956,44,0.044,0
924,962,38,0.038,0
884,942,58,0.058,0
862,931,69,0.069,0
842,921,79,0.079,0
884,942,58,0.058,0
894,947,53,0.053,0
896,948,52,0.052,0
892,946,54,0.054,0
874,937,63,0.063,0
874,937,63,0.063,0
884,942,58,0.058,0
862,931,69,0.069,0
892,946,54,0.054,0
868,934,66,0.066,0
946,973,27,0.027,0
896,948,52,0.052,0
914,957,43,0.043,0
912,956,44,0.044,0
876,938,62,0.062,0
882,941,59,0.059,0
884,942,58,0.058,0
908,954,46,0.046,0
928,964,36,0.036,0
834,917,83,0.083,0
904,952,48,0.048,0
914,957,43,0.043,0
900,950,50,0.05,0
886,943,57,0.057,0
896,948,52,0.052,0
904,952,48,0.048,0
862,931,69,0.069,0
858,929,71,0.071,0
836,918,82,0.082,0
876,938,62,0.062,0
872,936,64,0.064,0
856,928,72,0.072,0
872,936,64,0.064,0
858,929,71,0.071,0
904,952,48,0.048,0
848,924,76,0.076,0
886,943,57,0.057,0
894,947,53,0.053,0
856,928,72,0.072,0
852,926,74,0.074,0
918,959,41,0.041,0
882,941,59,0.059,0
906,953,47,0.047,0
852,926,74,0.074,0
870,935,65,0.065,0
878,939,61,0.061,0
896,948,52,0.052,0
902,951,49,0.049,0
828,914,86,0.086,0
878,939,61,0.061,0
882,941,59,0.059,0
928,964,36,0.036,0
836,918,82,0.082,0
854,927,73,0.073,0
854,927,73,0.073,0
896,948,52,0.052,0
900,950,50,0.05,0
916,958,42,0.042,0
902,951,49,0.049,0
838,919,81,0.081,0
896,948,52,0.052,0
932,966,34,0.034,0
866,933,67,0.067,0
858,929,71,0.071,0
838,919,81,0.081,0
870,935,65,0.065,0
886,943,57,0.057,0
898,949,51,0.051,0
864,932,68,0.068,0
928,964,36,0.036,0
882,941,59,0.059,0
902,951,49,0.049,0
872,936,64,0.064,0
912,956,44,0.044,0
884,942,58,0.058,0
896,948,52,0.052,0
892,946,54,0.054,0
880,940,60,0.06,0
924,962,38,0.038,0
844,922,78,0.078,0
922,961,39,0.039,0
830,915,85,0.085,0
902,951,49,0.049,0
872,936,64,0.064,0
850,925,75,0.075,0
886,943,57,0.057,0
892,946,54,0.054,0
918,959,41,0.041,0
862,931,69,0.069,0
890,945,55,0.055,0
910,955,45,0.045,0
848,924,76,0.076,0
854,927,73,0.073,0
864,932,68,0.068,0
872,936,64,0.064,0
876,938,62,0.062,0
904,952,48,0.048,0
860,930,70,0.07,0
916,958,42,0.042,0
908,954,46,0.046,0
870,935,65,0.065,0
924,962,38,0.038,0
940,970,30,0.03,0
926,963,37,0.037,0
926,963,37,0.037,0
908,954,46,0.046,0
922,961,39,0.039,0
920,960,40,0.04,0
890,945,55,0.055,0
882,941,59,0.059,0
902,951,49,0.049,0
874,937,63,0.063,0
940,970,30,0.03,0
938,969,31,0.031,0
910,955,45,0.045,0
894,947,53,0.053,0
922,961,39,0.039,0
854,927,73,0.073,0
876,938,62,0.062,0
910,955,45,0.045,0
860,930,70,0.07,0
890,945,55,0.055,0
916,958,42,0.042,0
880,940,60,0.06,0
876,938,62,0.062,0
888,944,56,0.056,0
884,942,58,0.058,0
894,947,53,0.053,0
928,964,36,0.036,0
858,929,71,0.071,0
862,931,69,0.069,0
910,955,45,0.045,0
906,953,47,0.047,0
894,947,53,0.053,0
924,962,38,0.038,0
886,943,57,0.057,0
894,947,53,0.053,0
862,931,69,0.069,0
870,935,65,0.065,0
912,956,44,0.044,0
864,932,68,0.068,0
842,921,79,0.079,0
896,948,52,0.052,0
914,957,43,0.043,0
908,954,46,0.046,0
898,949,51,0.051,0
894,947,53,0.053,0
864,932,68,0.068,0
890,945,55,0.055,0
918,959,41,0.041,0
924,962,38,0.038,0
886,943,57,0.057,0
856,928,72,0.072,0
864,932,68,0.068,0
854,927,73,0.073,0
916,958,42,0.042,0
866,933,67,0.067,0
876,938,62,0.062,0
924,962,38,0.038,0
898,949,51,0.051,0
914,957,43,0.043,0
904,952,48,0.048,0
892,946,54,0.054,0
926,963,37,0.037,0
900,950,50,0.05,0
896,948,52,0.052,0
882,941,59,0.059,0
822,911,89,0.089,0
844,922,78,0.078,0
848,924,76,0.076,0
850,925,75,0.075,0
908,954,46,0.046,0
888,944,56,0.056,0
828,914,86,0.086,0
892,946,54,0.054,0
898,949,51,0.051,0
870,935,65,0.065,0
872,936,64,0.064,0
922,961,39,0.039,0
896,948,52,0.052,0
878,939,61,0.061,0
832,916,84,0.084,0
898,949,51,0.051,0
906,953,47,0.047,0
906,953,47,0.047,0
928,964,36,0.036,0
906,953,47,0.047,0
912,956,44,0.044,0
864,932,68,0.068,0
924,962,38,0.038,0
896,948,52,0.052,0
872,936,64,0.064,0
890,945,55,0.055,0
900,950,50,0.05,0
848,924,76,0.076,0
874,937,63,0.063,0
880,940,60,0.06,0
896,948,52,0.052,0
882,941,59,0.059,0
880,940,60,0.06,0
890,945,55,0.055,0
900,950,50,0.05,0
910,955,45,0.045,0
908,954,46,0.046,0
932,966,34,0.034,0
908,954,46,0.046,0
902,951,49,0.049,0
906,953,47,0.047,0
868,934,66,0.066,0
908,954,46,0.046,0
888,944,56,0.056,0
890,945,55,0.055,0
878,939,61,0.061,0
898,949,51,0.051,0
896,948,52,0.052,0
926,963,37,0.037,0
894,947,53,0.053,0
868,934,66,0.066,0
868,934,66,0.066,0
884,942,58,0.058,0
914,957,43,0.043,0
882,941,59,0.059,0
926,963,37,0.037,0
898,949,51,0.051,0
890,945,55,0.055,0
936,968,32,0.032,0
862,931,69,0.069,0
890,945,55,0.055,0
916,958,42,0.042,0
896,948,52,0.052,0
886,943,57,0.057,0
890,945,55,0.055,0
872,936,64,0.064,0
874,937,63,0.063,0
930,965,35,0.035,0
864,932,68,0.068,0
838,919,81,0.081,0
836,918,82,0.082,0
868,934,66,0.066,0
878,939,61,0.061,0
902,951,49,0.049,0
896,948,52,0.052,0
930,965,35,0.035,0
886,943,57,0.057,0
902,951,49,0.049,0
882,941,59,0.059,0
874,937,63,0.063,0
880,940,60,0.06,0
908,954,46,0.046,0
830,915,85,0.085,0
860,930,70,0.07,0
908,954,46,0.046,0
850,925,75,0.075,0
912,956,44,0.044,0
876,938,62,0.062,0
870,935,65,0.065,0
942,971,29,0.029,0
868,934,66,0.066,0
848,924,76,0.076,0
902,951,49,0.049,0
886,943,57,0.057,0
914,957,43,0.043,0
832,916,84,0.084,0
928,964,36,0.036,0
886,943,57,0.057,0
896,948,52,0.052,0
894,947,53,0.053,0
858,929,71,0.071,0
910,955,45,0.045,0
872,936,64,0.064,0
890,945,55,0.055,0
902,951,49,0.049,0
884,942,58,0.058,0
906,953,47,0.047,0
880,940,60,0.06,0
870,935,65,0.065,0
846,923,77,0.077,0
898,949,51,0.051,0
870,935,65,0.065,0
934,967,33,0.033,0
824,912,88,0.088,0
808,904,96,0.096,0
892,946,54,0.054,0
918,959,41,0.041,0
908,954,46,0.046,0
812,906,94,0.094,0
908,954,46,0.046,0
872,936,64,0.064,0
852,926,74,0.074,0
858,929,71,0.071,0
886,943,57,0.057,0
882,941,59,0.059,0
918,959,41,0.041,0
918,959,41,0.041,0
860,930,70,0.07,0
822,911,89,0.089,0
840,920,80,0.08,0
872,936,64,0.064,0
848,924,76,0.076,0
878,939,61,0.061,0
876,938,62,0.062,0
914,957,43,0.043,0
888,944,56,0.056,0
890,945,55,0.055,0
856,928,72,0.072,0
868,934,66,0.066,0
902,951,49,0.049,0
862,931,69,0.069,0
902,951,49,0.049,0
902,951,49,0.049,0
840,920,80,0.08,0
912,956,44,0.044,0
904,952,48,0.048,0
884,942,58,0.058,0
908,954,46,0.046,0
910,955,45,0.045,0
910,955,45,0.045,0
876,938,62,0.062,0
878,939,61,0.061,0
900,950,50,0.05,0
908,954,46,0.046,0
882,941,59,0.059,0
880,940,60,0.06,0
896,948,52,0.052,0
924,962,38,0.038,0
894,947,53,0.053,0
908,954,46,0.046,0
912,956,44,0.044,0
882,941,59,0.059,0
878,939,61,0.061,0
874,937,63,0.063,0
906,953,47,0.047,0
844,922,78,0.078,0
934,967,33,0.033,0
934,967,33,0.033,0
880,940,60,0.06,0
936,968,32,0.032,0
908,954,46,0.046,0
860,930,70,0.07,0
906,953,47,0.047,0
904,952,48,0.048,0
920,960,40,0.04,0
910,955,45,0.045,0
868,934,66,0.066,0
950,975,25,0.025,0
898,949,51,0.051,0
888,944,56,0.056,0
884,942,58,0.058,0
892,946,54,0.054,0
912,956,44,0.044,0
894,947,53,0.053,0
820,910,90,0.09,0
902,951,49,0.049,0
856,928,72,0.072,0
898,949,51,0.051,0
834,917,83,0.083,0
912,956,44,0.044,0
930,965,35,0.035,0
898,949,51,0.051,0
838,919,81,0.081,0
846,923,77,0.077,0
898,949,51,0.051,0
908,954,46,0.046,0
908,954,46,0.046,0
898,949,51,0.051,0
890,945,55,0.055,0
854,927,73,0.073,0
896,948,52,0.052,0
922,961,39,0.039,0
904,952,48,0.048,0
896,948,52,0.052,0
866,933,67,0.067,0
884,942,58,0.058,0
862,931,69,0.069,0
898,949,51,0.051,0
918,959,41,0.041,0
858,929,71,0.071,0
866,933,67,0.067,0
846,923,77,0.077,0
892,946,54,0.054,0
876,938,62,0.062,0
894,947,53,0.053,0
860,930,70,0.07,0
880,940,60,0.06,0
908,954,46,0.046,0
886,943,57,0.057,0
956,978,22,0.022,0
872,936,64,0.064,0
894,947,53,0.053,0
898,949,51,0.051,0
884,942,58,0.058,0
888,944,56,0.056,0
894,947,53,0.053,0
880,940,60,0.06,0
888,944,56,0.056,0
892,946,54,0.054,0
856,928,72,0.072,0
878,939,61,0.061,0
926,963,37,0.037,0
908,954,46,0.046,0
918,959,41,0.041,0
834,917,83,0.083,0
862,931,69,0.069,0
922,961,39,0.039,0
886,943,57,0.057,0
892,946,54,0.054,0
884,942,58,0.058,0
900,950,50,0.05,0
918,959,41,0.041,0
888,944,56,0.056,0
928,964,36,0.036,0
886,943,57,0.057,0
904,952,48,0.048,0
922,961,39,0.039,0
882,941,59,0.059,0
856,928,72,0.072,0
874,937,63,0.063,0
838,919,81,0.081,0
902,951,49,0.049,0
876,938,62,0.062,0
908,954,46,0.046,0
898,949,51,0.051,0
830,915,85,0.085,0
904,952,48,0.048,0
890,945,55,0.055,0
882,941,59,0.059,0
894,947,53,0.053,0
902,951,49,0.049,0
900,950,50,0.05,0
858,929,71,0.071,0
894,947,53,0.053,0
880,940,60,0.06,0
854,927,73,0.073,0
880,940,60,0.06,0
918,959,41,0.041,0
868,934,66,0.066,0
900,950,50,0.05,0
880,940,60,0.06,0
942,971,29,0.029,0
884,942,58,0.058,0
874,937,63,0.063,0
888,944,56,0.056,0
870,935,65,0.065,0
894,947,53,0.053,0
902,951,49,0.049,0
924,962,38,0.038,0
838,919,81,0.081,0
894,947,53,0.053,0
880,940,60,0.06,0
900,950,50,0.05,0
888,944,56,0.056,0
942,971,29,0.029,0
902,951,49,0.049,0
880,940,60,0.06,0
914,957,43,0.043,0
864,932,68,0.068,0
926,963,37,0.037,0
898,949,51,0.051,0
870,935,65,0.065,0
864,932,68,0.068,0
902,951,49,0.049,0
890,945,55,0.055,0
886,943,57,0.057,0
912,956,44,0.044,0
872,936,64,0.064,0
904,952,48,0.048,0
912,956,44,0.044,0
880,940,60,0.06,0
872,936,64,0.064,0
864,932,68,0.068,0
912,956,44,0.044,0
898,949,51,0.051,0
906,953,47,0.047,0
890,945,55,0.055,0
860,930,70,0.07,0
894,947,53,0.053,0
896,948,52,0.052,0
876,938,62,0.062,0
872,936,64,0.064,0
864,932,68,0.068,0
908,954,46,0.046,0
914,957,43,0.043,0
934,967,33,0.033,0
874,937,63,0.063,0
882,941,59,0.059,0
888,944,56,0.056,0
934,967,33,0.033,0
856,928,72,0.072,0
856,928,72,0.072,0
926,963,37,0.037,0
888,944,56,0.056,0
894,947,53,0.053,0
914,957,43,0.043,0
916,958,42,0.042,0
894,947,53,0.053,0
900,950,50,0.05,0
892,946,54,0.054,0
880,940,60,0.06,0
894,947,53,0.053,0
850,925,75,0.075,0
910,955,45,0.045,0
874,937,63,0.063,0
908,954,46,0.046,0
896,948,52,0.052,0
878,939,61,0.061,0
894,947,53,0.053,0
848,924,76,0.076,0
840,920,80,0.08,0
890,945,55,0.055,0
842,921,79,0.079,0
788,894,106,0.106,0
884,942,58,0.058,0
862,931,69,0.069,0
898,949,51,0.051,0
892,946,54,0.054,0
864,932,68,0.068,0
908,954,46,0.046,0
896,948,52,0.052,0
860,930,70,0.07,0
912,956,44,0.044,0
900,950,50,0.05,0
844,922,78,0.078,0
876,938,62,0.062,0
854,927,73,0.073,0
850,925,75,0.075,0
894,947,53,0.053,0
866,933,67,0.067,0
900,950,50,0.05,0
856,928,72,0.072,0
882,941,59,0.059,0
882,941,59,0.059,0
910,955,45,0.045,0
880,940,60,0.06,0
880,940,60,0.06,0
900,950,50,0.05,0
872,936,64,0.064,0
884,942,58,0.058,0
912,956,44,0.044,0
886,943,57,0.057,0
884,942,58,0.058,0
910,955,45,0.045,0
860,930,70,0.07,0
904,952,48,0.048,0
934,967,33,0.033,0
912,956,44,0.044,0
896,948,52,0.052,0
914,957,43,0.043,0
886,943,57,0.057,0
904,952,48,0.048,0
870,935,65,0.065,0
908,954,46,0.046,0
870,935,65,0.065,0
936,968,32,0.032,0
926,963,37,0.037,0
898,949,51,0.051,0
912,956,44,0.044,0
890,945,55,0.055,0
842,921,79,0.079,0
874,937,63,0.063,0
920,960,40,0.04,0
840,920,80,0.08,0
928,964,36,0.036,0
872,936,64,0.064,0
856,928,72,0.072,0
920,960,40,0.04,0
878,939,61,0.061,0
910,955,45,0.045,0
876,938,62,0.062,0
900,950,50,0.05,0
872,936,64,0.064,0
888,944,56,0.056,0
890,945,55,0.055,0
892,946,54,0.054,0
890,945,55,0.055,0
908,954,46,0.046,0
872,936,64,0.064,0
886,943,57,0.057,0
890,945,55,0.055,0
880,940,60,0.06,0
854,927,73,0.073,0
868,934,66,0.066,0
882,941,59,0.059,0
890,945,55,0.055,0
934,967,33,0.033,0
860,930,70,0.07,0
880,940,60,0.06,0
866,933,67,0.067,0
902,951,49,0.049,0
940,970,30,0.03,0
860,930,70,0.07,0
878,939,61,0.061,0
922,961,39,0.039,0
908,954,46,0.046,0
866,933,67,0.067,0
896,948,52,0.052,0
892,946,54,0.054,0
898,949,51,0.051,0
876,938,62,0.062,0
918,959,41,0.041,0
872,936,64,0.064,0
870,935,65,0.065,0
864,932,68,0.068,0
878,939,61,0.061,0
922,961,39,0.039,0
922,961,39,0.039,0
870,935,65,0.065,0
906,953,47,0.047,0
900,950,50,0.05,0
896,948,52,0.052,0
896,948,52,0.052,0
902,951,49,0.049,0
898,949,51,0.051,0
898,949,51,0.051,0
902,951,49,0.049,0
910,955,45,0.045,0
886,943,57,0.057,0
906,953,47,0.047,0
904,952,48,0.048,0
854,927,73,0.073,0
866,933,67,0.067,0
910,955,45,0.045,0
928,964,36,0.036,0
882,941,59,0.059,0
868,934,66,0.066,0
876,938,62,0.062,0
882,941,59,0.059,0
864,932,68,0.068,0
888,944,56,0.056,0
880,940,60,0.06,0
912,956,44,0.044,0
884,942,58,0.058,0
876,938,62,0.062,0
926,963,37,0.037,0
856,928,72,0.072,0
908,954,46,0.046,0
906,953,47,0.047,0
900,950,50,0.05,0
900,950,50,0.05,0
904,952,48,0.048,0
884,942,58,0.058,0
800,900,100,0.1,0
824,912,88,0.088,0
930,965,35,0.035,0
886,943,57,0.057,0
896,948,52,0.052,0
904,952,48,0.048,0
924,962,38,0.038,0
886,943,57,0.057,0
876,938,62,0.062,0
876,938,62,0.062,0
908,954,46,0.046,0
888,944,56,0.056,0
876,938,62,0.062,0
860,930,70,0.07,0
872,936,64,0.064,0
888,944,56,0.056,0
810,905,95,0.095,0
920,960,40,0.04,0
886,943,57,0.057,0
868,934,66,0.066,0
900,950,50,0.05,0
878,939,61,0.061,0
892,946,54,0.054,0
916,958,42,0.042,0
916,958,42,0.042,0
880,940,60,0.06,0
892,946,54,0.054,0
894,947,53,0.053,0
926,963,37,0.037,0
918,959,41,0.041,0
894,947,53,0.053,0
864,932,68,0.068,0
830,915,85,0.085,0
856,928,72,0.072,0
916,958,42,0.042,0
870,935,65,0.065,0
934,967,33,0.033,0
886,943,57,0.057,0
906,953,47,0.047,0
896,948,52,0.052,0
888,944,56,0.056,0
816,908,92,0.092,0
872,936,64,0.064,0
908,954,46,0.046,0
880,940,60,0.06,0
832,916,84,0.084,0
818,909,91,0.091,0
858,929,71,0.071,0
926,963,37,0.037,0
866,933,67,0.067,0
884,942,58,0.058,0
898,949,51,0.051,0
902,951,49,0.049,0
864,932,68,0.068,0
900,950,50,0.05,0
886,943,57,0.057,0
848,924,76,0.076,0
852,926,74,0.074,0
906,953,47,0.047,0
896,948,52,0.052,0
882,941,59,0.059,0
866,933,67,0.067,0
900,950,50,0.05,0
880,940,60,0.06,0
890,945,55,0.055,0
888,944,56,0.056,0
932,966,34,0.034,0
886,943,57,0.057,0
864,932,68,0.068,0
894,947,53,0.053,0
892,946,54,0.054,0
882,941,59,0.059,0
898,949,51,0.051,0
908,954,46,0.046,0
870,935,65,0.065,0
904,952,48,0.048,0
868,934,66,0.066,0
904,952,48,0.048,0
902,951,49,0.049,0
912,956,44,0.044,0
912,956,44,0.044,0
864,932,68,0.068,0
878,939,61,0.061,0
892,946,54,0.054,0
866,933,67,0.067,0
926,963,37,0.037,0
854,927,73,0.073,0
878,939,61,0.061,0
850,925,75,0.075,0
850,925,75,0.075,0
896,948,52,0.052,0
912,956,44,0.044,0
924,962,38,0.038,0
862,931,69,0.069,0
928,964,36,0.036,0
902,951,49,0.049,0
850,925,75,0.075,0
948,974,26,0.026,0
934,967,33,0.033,0
914,957,43,0.043,0
872,936,64,0.064,0
906,953,47,0.047,0
842,921,79,0.079,0
882,941,59,0.059,0
872,936,64,0.064,0
930,965,35,0.035,0
882,941,59,0.059,0
882,941,59,0.059,0
910,955,45,0.045,0
890,945,55,0.055,0
892,946,54,0.054,0
868,934,66,0.066,0
904,952,48,0.048,0
898,949,51,0.051,0
890,945,55,0.055,0
878,939,61,0.061,0
906,953,47,0.047,0
830,915,85,0.085,0
870,935,65,0.065,0
926,963,37,0.037,0
862,931,69,0.069,0
904,952,48,0.048,0
904,952,48,0.048,0
932,966,34,0.034,0
922,961,39,0.039,0
882,941,59,0.059,0
866,933,67,0.067,0
874,937,63,0.063,0
884,942,58,0.058,0
920,960,40,0.04,0
890,945,55,0.055,0
922,961,39,0.039,0
902,951,49,0.049,0
932,966,34,0.034,0
900,950,50,0.05,0
896,948,52,0.052,0
892,946,54,0.054,0
916,958,42,0.042,0
874,937,63,0.063,0
890,945,55,0.055,0
888,944,56,0.056,0
858,929,71,0.071,0
906,953,47,0.047,0
890,945,55,0.055,0
858,929,71,0.071,0
930,965,35,0.035,0
880,940,60,0.06,0
868,934,66,0.066,0
940,970,30,0.03,0
922,961,39,0.039,0
868,934,66,0.066,0
920,960,40,0.04,0
816,908,92,0.092,0
858,929,71,0.071,0
870,935,65,0.065,0
890,945,55,0.055,0
916,958,42,0.042,0
840,920,80,0.08,0
870,935,65,0.065,0
904,952,48,0.048,0
862,931,69,0.069,0
884,942,58,0.058,0
892,946,54,0.054,0
902,951,49,0.049,0
928,964,36,0.036,0
864,932,68,0.068,0
854,927,73,0.073,0
902,951,49,0.049,0
870,935,65,0.065,0
908,954,46,0.046,0
898,949,51,0.051,0
884,942,58,0.058,0
870,935,65,0.065,0
896,948,52,0.052,0
900,950,50,0.05,0
882,941,59,0.059,0
912,956,44,0.044,0
912,956,44,0.044,0
922,961,39,0.039,0
896,948,52,0.052,0
888,944,56,0.056,0
934,967,33,0.033,0
896,948,52,0.052,0
900,950,50,0.05,0
886,943,57,0.057,0
872,936,64,0.064,0
896,948,52,0.052,0
850,925,75,0.075,0
870,935,65,0.065,0
898,949,51,0.051,0
892,946,54,0.054,0
854,927,73,0.073,0
880,940,60,0.06,0
910,955,45,0.045,0
866,933,67,0.067,0
876,938,62,0.062,0
892,946,54,0.054,0
866,933,67,0.067,0
876,938,62,0.062,0
882,941,59,0.059,0
884,942,58,0.058,0
840,920,80,0.08,0
880,940,60,0.06,0
894,947,53,0.053,0
894,947,53,0.053,0
832,916,84,0.084,0
910,955,45,0.045,0
914,957,43,0.043,0
886,943,57,0.057,0
876,938,62,0.062,0
834,917,83,0.083,0
882,941,59,0.059,0
844,922,78,0.078,0
888,944,56,0.056,0
874,937,63,0.063,0
872,936,64,0.064,0
894,947,53,0.053,0
890,945,55,0.055,0
908,954,46,0.046,0
910,955,45,0.045,0
918,959,41,0.041,0
876,938,62,0.062,0
876,938,62,0.062,0
864,932,68,0.068,0
894,947,53,0.053,0
864,932,68,0.068,0
874,937,63,0.063,0
914,957,43,0.043,0
874,937,63,0.063,0
866,933,67,0.067,0
832,916,84,0.084,0
900,950,50,0.05,0
874,937,63,0.063,0
842,921,79,0.079,0
864,932,68,0.068,0
862,931,69,0.069,0
870,935,65,0.065,0
876,938,62,0.062,0
856,928,72,0.072,0
880,940,60,0.06,0
874,937,63,0.063,0
882,941,59,0.059,0
854,927,73,0.073,0
906,953,47,0.047,0
866,933,67,0.067,0
884,942,58,0.058,0
888,944,56,0.056,0
814,907,93,0.093,0
900,950,50,0.05,0
844,922,78,0.078,0
890,945,55,0.055,0
890,945,55,0.055,0
852,926,74,0.074,0
884,942,58,0.058,0
852,926,74,0.074,0
868,934,66,0.066,0
836,918,82,0.082,0
940,970,30,0.03,0
894,947,53,0.053,0
930,965,35,0.035,0
902,951,49,0.049,0
890,945,55,0.055,0
884,942,58,0.058,0
864,932,68,0.068,0
898,949,51,0.051,0
882,941,59,0.059,0
902,951,49,0.049,0
866,933,67,0.067,0
844,922,78,0.078,0
896,948,52,0.052,0
918,959,41,0.041,0
912,956,44,0.044,0
882,941,59,0.059,0
894,947,53,0.053,0
870,935,65,0.065,0
896,948,52,0.052,0
906,953,47,0.047,0
892,946,54,0.054,0
922,961,39,0.039,0
890,945,55,0.055,0
902,951,49,0.049,0
840,920,80,0.08,0
880,940,60,0.06,0
890,945,55,0.055,0
912,956,44,0.044,0
870,935,65,0.065,0
914,957,43,0.043,0
910,955,45,0.045,0
878,939,61,0.061,0
910,955,45,0.045,0
808,904,96,0.096,0
888,944,56,0.056,0
868,934,66,0.066,0
948,974,26,0.026,0
902,951,49,0.049,0
876,938,62,0.062,0
914,957,43,0.043,0
880,940,60,0.06,0
888,944,56,0.056,0
904,952,48,0.048,0
914,957,43,0.043,0
870,935,65,0.065,0
860,930,70,0.07,0
898,949,51,0.051,0
916,958,42,0.042,0
880,940,60,0.06,0
886,943,57,0.057,0
914,957,43,0.043,0
892,946,54,0.054,0
860,930,70,0.07,0
894,947,53,0.053,0
892,946,54,0.054,0
882,941,59,0.059,0
906,953,47,0.047,0
922,961,39,0.039,0
864,932,68,0.068,0
878,939,61,0.061,0
910,955,45,0.045,0
908,954,46,0.046,0
900,950,50,0.05,0
914,957,43,0.043,0
914,957,43,0.043,0
880,940,60,0.06,0
934,967,33,0.033,0
838,919,81,0.081,0
888,944,56,0.056,0
870,935,65,0.065,0
866,933,67,0.067,0
876,938,62,0.062,0
894,947,53,0.053,0
864,932,68,0.068,0
838,919,81,0.081,0
912,956,44,0.044,0
874,937,63,0.063,0
934,967,33,0.033,0
904,952,48,0.048,0
876,938,62,0.062,0
880,940,60,0.06,0
898,949,51,0.051,0
914,957,43,0.043,0
932,966,34,0.034,0
836,918,82,0.082,0
852,926,74,0.074,0
894,947,53,0.053,0
866,933,67,0.067,0
898,949,51,0.051,0
872,936,64,0.064,0
882,941,59,0.059,0
886,943,57,0.057,0
872,936,64,0.064,0
900,950,50,0.05,0
878,939,61,0.061,0
882,941,59,0.059,0
870,935,65,0.065,0
872,936,64,0.064,0
870,935,65,0.065,0
860,930,70,0.07,0
872,936,64,0.064,0
916,958,42,0.042,0
882,941,59,0.059,0
868,934,66,0.066,0
932,966,34,0.034,0
892,946,54,0.054,0
904,952,48,0.048,0
908,954,46,0.046,0
866,933,67,0.067,0
866,933,67,0.067,0
892,946,54,0.054,0
884,942,58,0.058,0
940,970,30,0.03,0
894,947,53,0.053,0
902,951,49,0.049,0
892,946,54,0.054,0
862,931,69,0.069,0
904,952,48,0.048,0
880,940,60,0.06,0
878,939,61,0.061,0
906,953,47,0.047,0
894,947,53,0.053,0
880,940,60,0.06,0
892,946,54,0.054,0
896,948,52,0.052,0
896,948,52,0.052,0
890,945,55,0.055,0
890,945,55,0.055,0
854,927,73,0.073,0
900,950,50,0.05,0
932,966,34,0.034,0
918,959,41,0.041,0
918,959,41,0.041,0
890,945,55,0.055,0
892,946,54,0.054,0
906,953,47,0.047,0
840,920,80,0.08,0
912,956,44,0.044,0
904,952,48,0.048,0
868,934,66,0.066,0
886,943,57,0.057,0
878,939,61,0.061,0
904,952,48,0.048,0
926,963,37,0.037,0
874,937,63,0.063,0
888,944,56,0.056,0
822,911,89,0.089,0
912,956,44,0.044,0
842,921,79,0.079,0
842,921,79,0.079,0
902,951,49,0.049,0
940,970,30,0.03,0
870,935,65,0.065,0
872,936,64,0.064,0
902,951,49,0.049,0
904,952,48,0.048,0
916,958,42,0.042,0
908,954,46,0.046,0
854,927,73,0.073,0
850,925,75,0.075,0
868,934,66,0.066,0
860,930,70,0.07,0
880,940,60,0.06,0
886,943,57,0.057,0
888,944,56,0.056,0
894,947,53,0.053,0
860,930,70,0.07,0
902,951,49,0.049,0
884,942,58,0.058,0
916,958,42,0.042,0
878,939,61,0.061,0
878,939,61,0.061,0
878,939,61,0.061,0
900,950,50,0.05,0
872,936,64,0.064,0
894,947,53,0.053,0
876,938,62,0.062,0
904,952,48,0.048,0
880,940,60,0.06,0
822,911,89,0.089,0
956,978,22,0.022,0
878,939,61,0.061,0
854,927,73,0.073,0
896,948,52,0.052,0
904,952,48,0.048,0
902,951,49,0.049,0
858,929,71,0.071,0
878,939,61,0.061,0
876,938,62,0.062,0
928,964,36,0.036,0
888,944,56,0.056,0
906,953,47,0.047,0
846,923,77,0.077,0
872,936,64,0.064,0
904,952,48,0.048,0
920,960,40,0.04,0
884,942,58,0.058,0
918,959,41,0.041,0
886,943,57,0.057,0
912,956,44,0.044,0
890,945,55,0.055,0
864,932,68,0.068,0
904,952,48,0.048,0
876,938,62,0.062,0
880,940,60,0.06,0
924,962,38,0.038,0
912,956,44,0.044,0
890,945,55,0.055,0
874,937,63,0.063,0
872,936,64,0.064,0
900,950,50,0.05,0
888,944,56,0.056,0
904,952,48,0.048,0
902,951,49,0.049,0
886,943,57,0.057,0
902,951,49,0.049,0
872,936,64,0.064,0
886,943,57,0.057,0
906,953,47,0.047,0
846,923,77,0.077,0
872,936,64,0.064,0
904,952,48,0.048,0
858,929,71,0.071,0
914,957,43,0.043,0
876,938,62,0.062,0
904,952,48,0.048,0
904,952,48,0.048,0
890,945,55,0.055,0
892,946,54,0.054,0
894,947,53,0.053,0
930,965,35,0.035,0
920,960,40,0.04,0
890,945,55,0.055,0
870,935,65,0.065,0
884,942,58,0.058,0
876,938,62,0.062,0
878,939,61,0.061,0
822,911,89,0.089,0
856,928,72,0.072,0
882,941,59,0.059,0
884,942,58,0.058,0
920,960,40,0.04,0
894,947,53,0.053,0
890,945,55,0.055,0
856,928,72,0.072,0
880,940,60,0.06,0
888,944,56,0.056,0
858,929,71,0.071,0
856,928,72,0.072,0
884,942,58,0.058,0
888,944,56,0.056,0
890,945,55,0.055,0
910,955,45,0.045,0
918,959,41,0.041,0
882,941,59,0.059,0
906,953,47,0.047,0
866,933,67,0.067,0
884,942,58,0.058,0
874,937,63,0.063,0
868,934,66,0.066,0
900,950,50,0.05,0
890,945,55,0.055,0
912,956,44,0.044,0
868,934,66,0.066,0
892,946,54,0.054,0
874,937,63,0.063,0
880,940,60,0.06,0
904,952,48,0.048,0
880,940,60,0.06,0
858,929,71,0.071,0
868,934,66,0.066,0
852,926,74,0.074,0
932,966,34,0.034,0
906,953,47,0.047,0
848,924,76,0.076,0
926,963,37,0.037,0
908,954,46,0.046,0
926,963,37,0.037,0
866,933,67,0.067,0
898,949,51,0.051,0
894,947,53,0.053,0
906,953,47,0.047,0
918,959,41,0.041,0
908,954,46,0.046,0
894,947,53,0.053,0
902,951,49,0.049,0
906,953,47,0.047,0
890,945,55,0.055,0
918,959,41,0.041,0
918,959,41,0.041,0
930,965,35,0.035,0
902,951,49,0.049,0
934,967,33,0.033,0
882,941,59,0.059,0
888,944,56,0.056,0
954,977,23,0.023,0
836,918,82,0.082,0
898,949,51,0.051,0
864,932,68,0.068,0
894,947,53,0.053,0
874,937,63,0.063,0
900,950,50,0.05,0
882,941,59,0.059,0
904,952,48,0.048,0
882,941,59,0.059,0
844,922,78,0.078,0
916,958,42,0.042,0
898,949,51,0.051,0
876,938,62,0.062,0
924,962,38,0.038,0
904,952,48,0.048,0
844,922,78,0.078,0
902,951,49,0.049,0
818,909,91,0.091,0
892,946,54,0.054,0
864,932,68,0.068,0
902,951,49,0.049,0
920,960,40,0.04,0
914,957,43,0.043,0
870,935,65,0.065,0
866,933,67,0.067,0
852,926,74,0.074,0
884,942,58,0.058,0
898,949,51,0.051,0
908,954,46,0.046,0
880,940,60,0.06,0
922,961,39,0.039,0
894,947,53,0.053,0
858,929,71,0.071,0
930,965,35,0.035,0
906,953,47,0.047,0
842,921,79,0.079,0
914,957,43,0.043,0
888,944,56,0.056,0
900,950,50,0.05,0
894,947,53,0.053,0
882,941,59,0.059,0
870,935,65,0.065,0
846,923,77,0.077,0
846,923,77,0.077,0
922,961,39,0.039,0
896,948,52,0.052,0
882,941,59,0.059,0
918,959,41,0.041,0
890,945,55,0.055,0
888,944,56,0.056,0
904,952,48,0.048,0
884,942,58,0.058,0
888,944,56,0.056,0
838,919,81,0.081,0
908,954,46,0.046,0
868,934,66,0.066,0
888,944,56,0.056,0
916,958,42,0.042,0
890,945,55,0.055,0
910,955,45,0.045,0
844,922,78,0.078,0
870,935,65,0.065,0
890,945,55,0.055,0
872,936,64,0.064,0
872,936,64,0.064,0
892,946,54,0.054,0
882,941,59,0.059,0
900,950,50,0.05,0
888,944,56,0.056,0
918,959,41,0.041,0
896,948,52,0.052,0
892,946,54,0.054,0
886,943,57,0.057,0
862,931,69,0.069,0
856,928,72,0.072,0
870,935,65,0.065,0
824,912,88,0.088,0
898,949,51,0.051,0
872,936,64,0.064,0
904,952,48,0.048,0
890,945,55,0.055,0
866,933,67,0.067,0
872,936,64,0.064,0
880,940,60,0.06,0
902,951,49,0.049,0
906,953,47,0.047,0
912,956,44,0.044,0
918,959,41,0.041,0
886,943,57,0.057,0
794,897,103,0.103,0
872,936,64,0.064,0
848,924,76,0.076,0
904,952,48,0.048,0
896,948,52,0.052,0
846,923,77,0.077,0
902,951,49,0.049,0
908,954,46,0.046,0
850,925,75,0.075,0
910,955,45,0.045,0
914,957,43,0.043,0
882,941,59,0.059,0
890,945,55,0.055,0
920,960,40,0.04,0
920,960,40,0.04,0
912,956,44,0.044,0
898,949,51,0.051,0
880,940,60,0.06,0
858,929,71,0.071,0
908,954,46,0.046,0
882,941,59,0.059,0
884,942,58,0.058,0
900,950,50,0.05,0
868,934,66,0.066,0
894,947,53,0.053,0
880,940,60,0.06,0
842,921,79,0.079,0
866,933,67,0.067,0
884,942,58,0.058,0
854,927,73,0.073,0
940,970,30,0.03,0
876,938,62,0.062,0
826,913,87,0.087,0
816,908,92,0.092,0
876,938,62,0.062,0
878,939,61,0.061,0
866,933,67,0.067,0
894,947,53,0.053,0
902,951,49,0.049,0
884,942,58,0.058,0
860,930,70,0.07,0
892,946,54,0.054,0
892,946,54,0.054,0
830,915,85,0.085,0
868,934,66,0.066,0
912,956,44,0.044,0
902,951,49,0.049,0
880,940,60,0.06,0
878,939,61,0.061,0
908,954,46,0.046,0
920,960,40,0.04,0
916,958,42,0.042,0
894,947,53,0.053,0
926,963,37,0.037,0
846,923,77,0.077,0
898,949,51,0.051,0
906,953,47,0.047,0
916,958,42,0.042,0
890,945,55,0.055,0
894,947,53,0.053,0
864,932,68,0.068,0
948,974,26,0.026,0
908,954,46,0.046,0
882,941,59,0.059,0
894,947,53,0.053,0
912,956,44,0.044,0
870,935,65,0.065,0
878,939,61,0.061,0
884,942,58,0.058,0
940,970,30,0.03,0
946,973,27,0.027,0
882,941,59,0.059,0
910,955,45,0.045,0
926,963,37,0.037,0
952,976,24,0.024,0
898,949,51,0.051,0
856,928,72,0.072,0
922,961,39,0.039,0
928,964,36,0.036,0
922,961,39,0.039,0
890,945,55,0.055,0
864,932,68,0.068,0
890,945,55,0.055,0
894,947,53,0.053,0
890,945,55,0.055,0
922,961,39,0.039,0
872,936,64,0.064,0
908,954,46,0.046,0
884,942,58,0.058,0
856,928,72,0.072,0
856,928,72,0.072,0
894,947,53,0.053,0
880,940,60,0.06,0
882,941,59,0.059,0
856,928,72,0.072,0
830,915,85,0.085,0
854,927,73,0.073,0
862,931,69,0.069,0
868,934,66,0.066,0
904,952,48,0.048,0
894,947,53,0.053,0
904,952,48,0.048,0
890,945,55,0.055,0
860,930,70,0.07,0
886,943,57,0.057,0
946,973,27,0.027,0
882,941,59,0.059,0
900,950,50,0.05,0
942,971,29,0.029,0
874,937,63,0.063,0
912,956,44,0.044,0
860,930,70,0.07,0
872,936,64,0.064,0
854,927,73,0.073,0
848,924,76,0.076,0
876,938,62,0.062,0
930,965,35,0.035,0
898,949,51,0.051,0
870,935,65,0.065,0
856,928,72,0.072,0
904,952,48,0.048,0
900,950,50,0.05,0
866,933,67,0.067,0
892,946,54,0.054,0
932,966,34,0.034,0
880,940,60,0.06,0
848,924,76,0.076,0
924,962,38,0.038,0
894,947,53,0.053,0
894,947,53,0.053,0
890,945,55,0.055,0
830,915,85,0.085,0
884,942,58,0.058,0
858,929,71,0.071,0
874,937,63,0.063,0
886,943,57,0.057,0
924,962,38,0.038,0
850,925,75,0.075,0
930,965,35,0.035,0
904,952,48,0.048,0
908,954,46,0.046,0
890,945,55,0.055,0
922,961,39,0.039,0
870,935,65,0.065,0
880,940,60,0.06,0
886,943,57,0.057,0
846,923,77,0.077,0
938,969,31,0.031,0
842,921,79,0.079,0
880,940,60,0.06,0
834,917,83,0.083,0
916,958,42,0.042,0
828,914,86,0.086,0
912,956,44,0.044,0
848,924,76,0.076,0
922,961,39,0.039,0
860,930,70,0.07,0
886,943,57,0.057,0
902,951,49,0.049,0
882,941,59,0.059,0
894,947,53,0.053,0
886,943,57,0.057,0
852,926,74,0.074,0
906,953,47,0.047,0
878,939,61,0.061,0
898,949,51,0.051,0
860,930,70,0.07,0
926,963,37,0.037,0
890,945,55,0.055,0
906,953,47,0.047,0
870,935,65,0.065,0
908,954,46,0.046,0
894,947,53,0.053,0
894,947,53,0.053,0
868,934,66,0.066,0
842,921,79,0.079,0
864,932,68,0.068,0
874,937,63,0.063,0
910,955,45,0.045,0
888,944,56,0.056,0
894,947,53,0.053,0
844,922,78,0.078,0
902,951,49,0.049,0
868,934,66,0.066,0
924,962,38,0.038,0
900,950,50,0.05,0
892,946,54,0.054,0
918,959,41,0.041,0
844,922,78,0.078,0
908,954,46,0.046,0
910,955,45,0.045,0
898,949,51,0.051,0
890,945,55,0.055,0
872,936,64,0.064,0
864,932,68,0.068,0
858,929,71,0.071,0
852,926,74,0.074,0
906,953,47,0.047,0
890,945,55,0.055,0
894,947,53,0.053,0
874,937,63,0.063,0
876,938,62,0.062,0
906,953,47,0.047,0
860,930,70,0.07,0
944,972,28,0.028,0
880,940,60,0.06,0
856,928,72,0.072,0
902,951,49,0.049,0
880,940,60,0.06,0
888,944,56,0.056,0
868,934,66,0.066,0
900,950,50,0.05,0
910,955,45,0.045,0
904,952,48,0.048,0
902,951,49,0.049,0
888,944,56,0.056,0
872,936,64,0.064,0
854,927,73,0.073,0
908,954,46,0.046,0
882,941,59,0.059,0
894,947,53,0.053,0
932,966,34,0.034,0
928,964,36,0.036,0
904,952,48,0.048,0
854,927,73,0.073,0
862,931,69,0.069,0
906,953,47,0.047,0
890,945,55,0.055,0
904,952,48,0.048,0
878,939,61,0.061,0
914,957,43,0.043,0
914,957,43,0.043,0
908,954,46,0.046,0
910,955,45,0.045,0
900,950,50,0.05,0
862,931,69,0.069,0
888,944,56,0.056,0
928,964,36,0.036,0
892,946,54,0.054,0
894,947,53,0.053,0
918,959,41,0.041,0
896,948,52,0.052,0
880,940,60,0.06,0
888,944,56,0.056,0
854,927,73,0.073,0
900,950,50,0.05,0
916,958,42,0.042,0
900,950,50,0.05,0
828,914,86,0.086,0
886,943,57,0.057,0
902,951,49,0.049,0
898,949,51,0.051,0
874,937,63,0.063,0
872,936,64,0.064,0
888,944,56,0.056,0
938,969,31,0.031,0
894,947,53,0.053,0
888,944,56,0.056,0
870,935,65,0.065,0
914,957,43,0.043,0
850,925,75,0.075,0
854,927,73,0.073,0
886,943,57,0.057,0
902,951,49,0.049,0
880,940,60,0.06,0
932,966,34,0.034,0
866,933,67,0.067,0
888,944,56,0.056,0
890,945,55,0.055,0
912,956,44,0.044,0
918,959,41,0.041,0
896,948,52,0.052,0
908,954,46,0.046,0
870,935,65,0.065,0
882,941,59,0.059,0
886,943,57,0.057,0
920,960,40,0.04,0
914,957,43,0.043,0
882,941,59,0.059,0
894,947,53,0.053,0
898,949,51,0.051,0
902,951,49,0.049,0
860,930,70,0.07,0
880,940,60,0.06,0
904,952,48,0.048,0
892,946,54,0.054,0
898,949,51,0.051,0
846,923,77,0.077,0
888,944,56,0.056,0
888,944,56,0.056,0
880,940,60,0.06,0
884,942,58,0.058,0
932,966,34,0.034,0
848,924,76,0.076,0
840,920,80,0.08,0
922,961,39,0.039,0
882,941,59,0.059,0
862,931,69,0.069,0
862,931,69,0.069,0
906,953,47,0.047,0
866,933,67,0.067,0
880,940,60,0.06,0
908,954,46,0.046,0
888,944,56,0.056,0
916,958,42,0.042,0
876,938,62,0.062,0
888,944,56,0.056,0
874,937,63,0.063,0
880,940,60,0.06,0
908,954,46,0.046,0
902,951,49,0.049,0
902,951,49,0.049,0
818,909,91,0.091,0
886,943,57,0.057,0
842,921,79,0.079,0
902,951,49,0.049,0
892,946,54,0.054,0
900,950,50,0.05,0
844,922,78,0.078,0
862,931,69,0.069,0
894,947,53,0.053,0
894,947,53,0.053,0
894,947,53,0.053,0
902,951,49,0.049,0
908,954,46,0.046,0
896,948,52,0.052,0
890,945,55,0.055,0
898,949,51,0.051,0
860,930,70,0.07,0
872,936,64,0.064,0
866,933,67,0.067,0
880,940,60,0.06,0
892,946,54,0.054,0
890,945,55,0.055,0
884,942,58,0.058,0
874,937,63,0.063,0
882,941,59,0.059,0
840,920,80,0.08,0
878,939,61,0.061,0
884,942,58,0.058,0
902,951,49,0.049,0
884,942,58,0.058,0
874,937,63,0.063,0
878,939,61,0.061,0
850,925,75,0.075,0
908,954,46,0.046,0
898,949,51,0.051,0
862,931,69,0.069,0
880,940,60,0.06,0
916,958,42,0.042,0
928,964,36,0.036,0
924,962,38,0.038,0
886,943,57,0.057,0
884,942,58,0.058,0
920,960,40,0.04,0
898,949,51,0.051,0
902,951,49,0.049,0
864,932,68,0.068,0
854,927,73,0.073,0
896,948,52,0.052,0
890,945,55,0.055,0
834,917,83,0.083,0
884,942,58,0.058,0
884,942,58,0.058,0
876,938,62,0.062,0
890,945,55,0.055,0
876,938,62,0.062,0
928,964,36,0.036,0
872,936,64,0.064,0
904,952,48,0.048,0
882,941,59,0.059,0
912,956,44,0.044,0
900,950,50,0.05,0
856,928,72,0.072,0
888,944,56,0.056,0
896,948,52,0.052,0
914,957,43,0.043,0
768,884,116,0.116,0
832,916,84,0.084,0
924,962,38,0.038,0
848,924,76,0.076,0
858,929,71,0.071,0
898,949,51,0.051,0
866,933,67,0.067,0
910,955,45,0.045,0
898,949,51,0.051,0
860,930,70,0.07,0
878,939,61,0.061,0
876,938,62,0.062,0
890,945,55,0.055,0
872,936,64,0.064,0
916,958,42,0.042,0
906,953,47,0.047,0
894,947,53,0.053,0
890,945,55,0.055,0
842,921,79,0.079,0
888,944,56,0.056,0
880,940,60,0.06,0
900,950,50,0.05,0
912,956,44,0.044,0
896,948,52,0.052,0
898,949,51,0.051,0
916,958,42,0.042,0
902,951,49,0.049,0
928,964,36,0.036,0
898,949,51,0.051,0
886,943,57,0.057,0
860,930,70,0.07,0
882,941,59,0.059,0
858,929,71,0.071,0
914,957,43,0.043,0
942,971,29,0.029,0
896,948,52,0.052,0
884,942,58,0.058,0
878,939,61,0.061,0
832,916,84,0.084,0
846,923,77,0.077,0
896,948,52,0.052,0
890,945,55,0.055,0
866,933,67,0.067,0
898,949,51,0.051,0
890,945,55,0.055,0
822,911,89,0.089,0
908,954,46,0.046,0
898,949,51,0.051,0
896,948,52,0.052,0
848,924,76,0.076,0
876,938,62,0.062,0
914,957,43,0.043,0
908,954,46,0.046,0
874,937,63,0.063,0
866,933,67,0.067,0
916,958,42,0.042,0
882,941,59,0.059,0
862,931,69,0.069,0
872,936,64,0.064,0
858,929,71,0.071,0
924,962,38,0.038,0
880,940,60,0.06,0
878,939,61,0.061,0
900,950,50,0.05,0
894,947,53,0.053,0
902,951,49,0.049,0
910,955,45,0.045,0
868,934,66,0.066,0
876,938,62,0.062,0
900,950,50,0.05,0
892,946,54,0.054,0
874,937,63,0.063,0
916,958,42,0.042,0
866,933,67,0.067,0
888,944,56,0.056,0
928,964,36,0.036,0
898,949,51,0.051,0
908,954,46,0.046,0
926,963,37,0.037,0
876,938,62,0.062,0
852,926,74,0.074,0
914,957,43,0.043,0
874,937,63,0.063,0
938,969,31,0.031,0
936,968,32,0.032,0
922,961,39,0.039,0
858,929,71,0.071,0
850,925,75,0.075,0
890,945,55,0.055,0
904,952,48,0.048,0
868,934,66,0.066,0
862,931,69,0.069,0
900,950,50,0.05,0
916,958,42,0.042,0
884,942,58,0.058,0
876,938,62,0.062,0
850,925,75,0.075,0
880,940,60,0.06,0
870,935,65,0.065,0
918,959,41,0.041,0
868,934,66,0.066,0
886,943,57,0.057,0
910,955,45,0.045,0
892,946,54,0.054,0
900,950,50,0.05,0
878,939,61,0.061,0
864,932,68,0.068,0
896,948,52,0.052,0
898,949,51,0.051,0
894,947,53,0.053,0
852,926,74,0.074,0
906,953,47,0.047,0
894,947,53,0.053,0
910,955,45,0.045,0
954,977,23,0.023,0
874,937,63,0.063,0
916,958,42,0.042,0
856,928,72,0.072,0
858,929,71,0.071,0
866,933,67,0.067,0
872,936,64,0.064,0
894,947,53,0.053,0
912,956,44,0.044,0
870,935,65,0.065,0
862,931,69,0.069,0
860,930,70,0.07,0
890,945,55,0.055,0
870,935,65,0.065,0
880,940,60,0.06,0
854,927,73,0.073,0
932,966,34,0.034,0
904,952,48,0.048,0
874,937,63,0.063,0
906,953,47,0.047,0
880,940,60,0.06,0
876,938,62,0.062,0
924,962,38,0.038,0
864,932,68,0.068,0
908,954,46,0.046,0
902,951,49,0.049,0
898,949,51,0.051,0
918,959,41,0.041,0
912,956,44,0.044,0
880,940,60,0.06,0
878,939,61,0.061,0
916,958,42,0.042,0
920,960,40,0.04,0
918,959,41,0.041,0
896,948,52,0.052,0
914,957,43,0.043,0
930,965,35,0.035,0
872,936,64,0.064,0
890,945,55,0.055,0
854,927,73,0.073,0
936,968,32,0.032,0
906,953,47,0.047,0
864,932,68,0.068,0
932,966,34,0.034,0
886,943,57,0.057,0
876,938,62,0.062,0
888,944,56,0.056,0
864,932,68,0.068,0
890,945,55,0.055,0
888,944,56,0.056,0
866,933,67,0.067,0
828,914,86,0.086,0
898,949,51,0.051,0
880,940,60,0.06,0
844,922,78,0.078,0
886,943,57,0.057,0
882,941,59,0.059,0
900,950,50,0.05,0
898,949,51,0.051,0
868,934,66,0.066,0
880,940,60,0.06,0
844,922,78,0.078,0
866,933,67,0.067,0
896,948,52,0.052,0
868,934,66,0.066,0
874,937,63,0.063,0
930,965,35,0.035,0
890,945,55,0.055,0
884,942,58,0.058,0
834,917,83,0.083,0
888,944,56,0.056,0
918,959,41,0.041,0
896,948,52,0.052,0
928,964,36,0.036,0
920,960,40,0.04,0
892,946,54,0.054,0
926,963,37,0.037,0
902,951,49,0.049,0
870,935,65,0.065,0
920,960,40,0.04,0
912,956,44,0.044,0
856,928,72,0.072,0
938,969,31,0.031,0
890,945,55,0.055,0
836,918,82,0.082,0
850,925,75,0.075,0
908,954,46,0.046,0
854,927,73,0.073,0
820,910,90,0.09,0
894,947,53,0.053,0
876,938,62,0.062,0
888,944,56,0.056,0
900,950,50,0.05,0
858,929,71,0.071,0
878,939,61,0.061,0
858,929,71,0.071,0
880,940,60,0.06,0
870,935,65,0.065,0
914,957,43,0.043,0
870,935,65,0.065,0
868,934,66,0.066,0
878,939,61,0.061,0
876,938,62,0.062,0
916,958,42,0.042,0
930,965,35,0.035,0
900,950,50,0.05,0
888,944,56,0.056,0
860,930,70,0.07,0
906,953,47,0.047,0
912,956,44,0.044,0
918,959,41,0.041,0
888,944,56,0.056,0
886,943,57,0.057,0
904,952,48,0.048,0
904,952,48,0.048,0
892,946,54,0.054,0
876,938,62,0.062,0
924,962,38,0.038,0
866,933,67,0.067,0
900,950,50,0.05,0
874,937,63,0.063,0
890,945,55,0.055,0
896,948,52,0.052,0
892,946,54,0.054,0
912,956,44,0.044,0
912,956,44,0.044,0
874,937,63,0.063,0
904,952,48,0.048,0
898,949,51,0.051,0
876,938,62,0.062,0
864,932,68,0.068,0
888,944,56,0.056,0
864,932,68,0.068,0
862,931,69,0.069,0
912,956,44,0.044,0
856,928,72,0.072,0
828,914,86,0.086,0
864,932,68,0.068,0
904,952,48,0.048,0
886,943,57,0.057,0
896,948,52,0.052,0
890,945,55,0.055,0
918,959,41,0.041,0
878,939,61,0.061,0
854,927,73,0.073,0
884,942,58,0.058,0
876,938,62,0.062,0
892,946,54,0.054,0
880,940,60,0.06,0
880,940,60,0.06,0
882,941,59,0.059,0
916,958,42,0.042,0
864,932,68,0.068,0
920,960,40,0.04,0
892,946,54,0.054,0
892,946,54,0.054,0
796,898,102,0.102,0
942,971,29,0.029,0
852,926,74,0.074,0
900,950,50,0.05,0
862,931,69,0.069,0
904,952,48,0.048,0
902,951,49,0.049,0
888,944,56,0.056,0
886,943,57,0.057,0
868,934,66,0.066,0
900,950,50,0.05,0
910,955,45,0.045,0
862,931,69,0.069,0
860,930,70,0.07,0
902,951,49,0.049,0
856,928,72,0.072,0
900,950,50,0.05,0
878,939,61,0.061,0
872,936,64,0.064,0
890,945,55,0.055,0
892,946,54,0.054,0
886,943,57,0.057,0
882,941,59,0.059,0
870,935,65,0.065,0
864,932,68,0.068,0
896,948,52,0.052,0
892,946,54,0.054,0
860,930,70,0.07,0
914,957,43,0.043,0
866,933,67,0.067,0
894,947,53,0.053,0
904,952,48,0.048,0
886,943,57,0.057,0
914,957,43,0.043,0
906,953,47,0.047,0
888,944,56,0.056,0
890,945,55,0.055,0
920,960,40,0.04,0
906,953,47,0.047,0
912,956,44,0.044,0
912,956,44,0.044,0
902,951,49,0.049,0
882,941,59,0.059,0
842,921,79,0.079,0
912,956,44,0.044,0
888,944,56,0.056,0
862,931,69,0.069,0
896,948,52,0.052,0
898,949,51,0.051,0
900,950,50,0.05,0
908,954,46,0.046,0
874,937,63,0.063,0
906,953,47,0.047,0
908,954,46,0.046,0
948,974,26,0.026,0
908,954,46,0.046,0
894,947,53,0.053,0
930,965,35,0.035,0
874,937,63,0.063,0
908,954,46,0.046,0
910,955,45,0.045,0
830,915,85,0.085,0
902,951,49,0.049,0
902,951,49,0.049,0
896,948,52,0.052,0
920,960,40,0.04,0
902,951,49,0.049,0
880,940,60,0.06,0
880,940,60,0.06,0
888,944,56,0.056,0
862,931,69,0.069,0
850,925,75,0.075,0
848,924,76,0.076,0
842,921,79,0.079,0
874,937,63,0.063,0
928,964,36,0.036,0
856,928,72,0.072,0
876,938,62,0.062,0
874,937,63,0.063,0
918,959,41,0.041,0
870,935,65,0.065,0
864,932,68,0.068,0
914,957,43,0.043,0
864,932,68,0.068,0
900,950,50,0.05,0
914,957,43,0.043,0
886,943,57,0.057,0
890,945,55,0.055,0
892,946,54,0.054,0
920,960,40,0.04,0
906,953,47,0.047,0
884,942,58,0.058,0
876,938,62,0.062,0
884,942,58,0.058,0
902,951,49,0.049,0
912,956,44,0.044,0
888,944,56,0.056,0
910,955,45,0.045,0
872,936,64,0.064,0
884,942,58,0.058,0
854,927,73,0.073,0
902,951,49,0.049,0
868,934,66,0.066,0
914,957,43,0.043,0
906,953,47,0.047,0
894,947,53,0.053,0
878,939,61,0.061,0
860,930,70,0.07,0
872,936,64,0.064,0
920,960,40,0.04,0
922,961,39,0.039,0
848,924,76,0.076,0
874,937,63,0.063,0
886,943,57,0.057,0
914,957,43,0.043,0
856,928,72,0.072,0
872,936,64,0.064,0
876,938,62,0.062,0
860,930,70,0.07,0
898,949,51,0.051,0
876,938,62,0.062,0
886,943,57,0.057,0
890,945,55,0.055,0
906,953,47,0.047,0
860,930,70,0.07,0
846,923,77,0.077,0
892,946,54,0.054,0
874,937,63,0.063,0
880,940,60,0.06,0
858,929,71,0.071,0
906,953,47,0.047,0
924,962,38,0.038,0
906,953,47,0.047,0
908,954,46,0.046,0
882,941,59,0.059,0
898,949,51,0.051,0
854,927,73,0.073,0
856,928,72,0.072,0
902,951,49,0.049,0
902,951,49,0.049,0
912,956,44,0.044,0
908,954,46,0.046,0
888,944,56,0.056,0
816,908,92,0.092,0
872,936,64,0.064,0
882,941,59,0.059,0
844,922,78,0.078,0
914,957,43,0.043,0
862,931,69,0.069,0
884,942,58,0.058,0
884,942,58,0.058,0
892,946,54,0.054,0
868,934,66,0.066,0
850,925,75,0.075,0
914,957,43,0.043,0
890,945,55,0.055,0
896,948,52,0.052,0
920,960,40,0.04,0
908,954,46,0.046,0
882,941,59,0.059,0
884,942,58,0.058,0
878,939,61,0.061,0
834,917,83,0.083,0
870,935,65,0.065,0
890,945,55,0.055,0
808,904,96,0.096,0
852,926,74,0.074,0
928,964,36,0.036,0
872,936,64,0.064,0
864,932,68,0.068,0
874,937,63,0.063,0
856,928,72,0.072,0
908,954,46,0.046,0
920,960,40,0.04,0
860,930,70,0.07,0
886,943,57,0.057,0
886,943,57,0.057,0
880,940,60,0.06,0
890,945,55,0.055,0
896,948,52,0.052,0
894,947,53,0.053,0
912,956,44,0.044,0
860,930,70,0.07,0
934,967,33,0.033,0
896,948,52,0.052,0
878,939,61,0.061,0
908,954,46,0.046,0
852,926,74,0.074,0
888,944,56,0.056,0
836,918,82,0.082,0
896,948,52,0.052,0
866,933,67,0.067,0
920,960,40,0.04,0
830,915,85,0.085,0
846,923,77,0.077,0
828,914,86,0.086,0
894,947,53,0.053,0
852,926,74,0.074,0
878,939,61,0.061,0
852,926,74,0.074,0
918,959,41,0.041,0
918,959,41,0.041,0
896,948,52,0.052,0
898,949,51,0.051,0
820,910,90,0.09,0
866,933,67,0.067,0
896,948,52,0.052,0
868,934,66,0.066,0
866,933,67,0.067,0
920,960,40,0.04,0
942,971,29,0.029,0
844,922,78,0.078,0
880,940,60,0.06,0
904,952,48,0.048,0
888,944,56,0.056,0
860,930,70,0.07,0
898,949,51,0.051,0
886,943,57,0.057,0
936,968,32,0.032,0
850,925,75,0.075,0
892,946,54,0.054,0
838,919,81,0.081,0
846,923,77,0.077,0
880,940,60,0.06,0
894,947,53,0.053,0
862,931,69,0.069,0
876,938,62,0.062,0
776,888,112,0.112,0
902,951,49,0.049,0
892,946,54,0.054,0
902,951,49,0.049,0
864,932,68,0.068,0
902,951,49,0.049,0
926,963,37,0.037,0
926,963,37,0.037,0
858,929,71,0.071,0
894,947,53,0.053,0
880,940,60,0.06,0
872,936,64,0.064,0
926,963,37,0.037,0
878,939,61,0.061,0
896,948,52,0.052,0
834,917,83,0.083,0
908,954,46,0.046,0
870,935,65,0.065,0
890,945,55,0.055,0
858,929,71,0.071,0
838,919,81,0.081,0
890,945,55,0.055,0
894,947,53,0.053,0
910,955,45,0.045,0
848,924,76,0.076,0
938,969,31,0.031,0
864,932,68,0.068,0
874,937,63,0.063,0
850,925,75,0.075,0
888,944,56,0.056,0
904,952,48,0.048,0
888,944,56,0.056,0
910,955,45,0.045,0
920,960,40,0.04,0
860,930,70,0.07,0
888,944,56,0.056,0
904,952,48,0.048,0
852,926,74,0.074,0
896,948,52,0.052,0
896,948,52,0.052,0
914,957,43,0.043,0
884,942,58,0.058,0
912,956,44,0.044,0
898,949,51,0.051,0
924,962,38,0.038,0
940,970,30,0.03,0
840,920,80,0.08,0
872,936,64,0.064,0
928,964,36,0.036,0
896,948,52,0.052,0
884,942,58,0.058,0
936,968,32,0.032,0
890,945,55,0.055,0
904,952,48,0.048,0
904,952,48,0.048,0
890,945,55,0.055,0
932,966,34,0.034,0
924,962,38,0.038,0
928,964,36,0.036,0
884,942,58,0.058,0
892,946,54,0.054,0
834,917,83,0.083,0
900,950,50,0.05,0
892,946,54,0.054,0
924,962,38,0.038,0
904,952,48,0.048,0
894,947,53,0.053,0
884,942,58,0.058,0
894,947,53,0.053,0
876,938,62,0.062,0
860,930,70,0.07,0
900,950,50,0.05,0
878,939,61,0.061,0
914,957,43,0.043,0
872,936,64,0.064,0
874,937,63,0.063,0
926,963,37,0.037,0
936,968,32,0.032,0
854,927,73,0.073,0
920,960,40,0.04,0
910,955,45,0.045,0
874,937,63,0.063,0
886,943,57,0.057,0
916,958,42,0.042,0
874,937,63,0.063,0
802,901,99,0.099,0
836,918,82,0.082,0
902,951,49,0.049,0
822,911,89,0.089,0
890,945,55,0.055,0
908,954,46,0.046,0
912,956,44,0.044,0
842,921,79,0.079,0
860,930,70,0.07,0
876,938,62,0.062,0
894,947,53,0.053,0
922,961,39,0.039,0
892,946,54,0.054,0
870,935,65,0.065,0
870,935,65,0.065,0
916,958,42,0.042,0
888,944,56,0.056,0
892,946,54,0.054,0
892,946,54,0.054,0
916,958,42,0.042,0
864,932,68,0.068,0
874,937,63,0.063,0
842,921,79,0.079,0
922,961,39,0.039,0
902,951,49,0.049,0
900,950,50,0.05,0
862,931,69,0.069,0
890,945,55,0.055,0
882,941,59,0.059,0
948,974,26,0.026,0
850,925,75,0.075,0
872,936,64,0.064,0
858,929,71,0.071,0
856,928,72,0.072,0
884,942,58,0.058,0
900,950,50,0.05,0
878,939,61,0.061,0
880,940,60,0.06,0
868,934,66,0.066,0
848,924,76,0.076,0
894,947,53,0.053,0
828,914,86,0.086,0
876,938,62,0.062,0
858,929,71,0.071,0
916,958,42,0.042,0
874,937,63,0.063,0
856,928,72,0.072,0
934,967,33,0.033,0
868,934,66,0.066,0
882,941,59,0.059,0
840,920,80,0.08,0
874,937,63,0.063,0
898,949,51,0.051,0
920,960,40,0.04,0
870,935,65,0.065,0
850,925,75,0.075,0
832,916,84,0.084,0
902,951,49,0.049,0
884,942,58,0.058,0
912,956,44,0.044,0
892,946,54,0.054,0
922,961,39,0.039,0
928,964,36,0.036,0
904,952,48,0.048,0
870,935,65,0.065,0
820,910,90,0.09,0
908,954,46,0.046,0
928,964,36,0.036,0
872,936,64,0.064,0
928,964,36,0.036,0
888,944,56,0.056,0
900,950,50,0.05,0
862,931,69,0.069,0
884,942,58,0.058,0
884,942,58,0.058,0
890,945,55,0.055,0
870,935,65,0.065,0
874,937,63,0.063,0
854,927,73,0.073,0
912,956,44,0.044,0
836,918,82,0.082,0
858,929,71,0.071,0
866,933,67,0.067,0
908,954,46,0.046,0
862,931,69,0.069,0
844,922,78,0.078,0
824,912,88,0.088,0
886,943,57,0.057,0
894,947,53,0.053,0
848,924,76,0.076,0
852,926,74,0.074,0
866,933,67,0.067,0
910,955,45,0.045,0
880,940,60,0.06,0
860,930,70,0.07,0
884,942,58,0.058,0
896,948,52,0.052,0
922,961,39,0.039,0
888,944,56,0.056,0
884,942,58,0.058,0
932,966,34,0.034,0
908,954,46,0.046,0
898,949,51,0.051,0
920,960,40,0.04,0
886,943,57,0.057,0
888,944,56,0.056,0
868,934,66,0.066,0
888,944,56,0.056,0
910,955,45,0.045,0
912,956,44,0.044,0
890,945,55,0.055,0
926,963,37,0.037,0
858,929,71,0.071,0
926,963,37,0.037,0
918,959,41,0.041,0
844,922,78,0.078,0
928,964,36,0.036,0
884,942,58,0.058,0
874,937,63,0.063,0
920,960,40,0.04,0
840,920,80,0.08,0
948,974,26,0.026,0
850,925,75,0.075,0
886,943,57,0.057,0
890,945,55,0.055,0
896,948,52,0.052,0
894,947,53,0.053,0
908,954,46,0.046,0
864,932,68,0.068,0
882,941,59,0.059,0
872,936,64,0.064,0
866,933,67,0.067,0
900,950,50,0.05,0
824,912,88,0.088,0
926,963,37,0.037,0
882,941,59,0.059,0
888,944,56,0.056,0
878,939,61,0.061,0
906,953,47,0.047,0
880,940,60,0.06,0
840,920,80,0.08,0
870,935,65,0.065,0
910,955,45,0.045,0
892,946,54,0.054,0
910,955,45,0.045,0
866,933,67,0.067,0
912,956,44,0.044,0
910,955,45,0.045,0
884,942,58,0.058,0
886,943,57,0.057,0
934,967,33,0.033,0
874,937,63,0.063,0
912,956,44,0.044,0
846,923,77,0.077,0
886,943,57,0.057,0
888,944,56,0.056,0
886,943,57,0.057,0
918,959,41,0.041,0
860,930,70,0.07,0
896,948,52,0.052,0
912,956,44,0.044,0
878,939,61,0.061,0
896,948,52,0.052,0
934,967,33,0.033,0
816,908,92,0.092,0
902,951,49,0.049,0
858,929,71,0.071,0
888,944,56,0.056,0
888,944,56,0.056,0
888,944,56,0.056,0
876,938,62,0.062,0
912,956,44,0.044,0
848,924,76,0.076,0
878,939,61,0.061,0
930,965,35,0.035,0
896,948,52,0.052,0
852,926,74,0.074,0
908,954,46,0.046,0
898,949,51,0.051,0
886,943,57,0.057,0
924,962,38,0.038,0
902,951,49,0.049,0
872,936,64,0.064,0
910,955,45,0.045,0
902,951,49,0.049,0
902,951,49,0.049,0
906,953,47,0.047,0
908,954,46,0.046,0
912,956,44,0.044,0
904,952,48,0.048,0
858,929,71,0.071,0
882,941,59,0.059,0
850,925,75,0.075,0
884,942,58,0.058,0
876,938,62,0.062,0
918,959,41,0.041,0
878,939,61,0.061,0
906,953,47,0.047,0
934,967,33,0.033,0
862,931,69,0.069,0
924,962,38,0.038,0
864,932,68,0.068,0
870,935,65,0.065,0
882,941,59,0.059,0
910,955,45,0.045,0
890,945,55,0.055,0
888,944,56,0.056,0
882,941,59,0.059,0
920,960,40,0.04,0
908,954,46,0.046,0
856,928,72,0.072,0
886,943,57,0.057,0
882,941,59,0.059,0
862,931,69,0.069,0
892,946,54,0.054,0
880,940,60,0.06,0
876,938,62,0.062,0
862,931,69,0.069,0
840,920,80,0.08,0
858,929,71,0.071,0
914,957,43,0.043,0
910,955,45,0.045,0
912,956,44,0.044,0
870,935,65,0.065,0
890,945,55,0.055,0
874,937,63,0.063,0
862,931,69,0.069,0
866,933,67,0.067,0
868,934,66,0.066,0
844,922,78,0.078,0
878,939,61,0.061,0
894,947,53,0.053,0
924,962,38,0.038,0
844,922,78,0.078,0
846,923,77,0.077,0
938,969,31,0.031,0
930,965,35,0.035,0
910,955,45,0.045,0
858,929,71,0.071,0
886,943,57,0.057,0
940,970,30,0.03,0
912,956,44,0.044,0
898,949,51,0.051,0
916,958,42,0.042,0
898,949,51,0.051,0
908,954,46,0.046,0
898,949,51,0.051,0
912,956,44,0.044,0
888,944,56,0.056,0
884,942,58,0.058,0
884,942,58,0.058,0
932,966,34,0.034,0
904,952,48,0.048,0
872,936,64,0.064,0
860,930,70,0.07,0
856,928,72,0.072,0
868,934,66,0.066,0
886,943,57,0.057,0
904,952,48,0.048,0
908,954,46,0.046,0
840,920,80,0.08,0
878,939,61,0.061,0
892,946,54,0.054,0
866,933,67,0.067,0
876,938,62,0.062,0
852,926,74,0.074,0
894,947,53,0.053,0
936,968,32,0.032,0
886,943,57,0.057,0
896,948,52,0.052,0
914,957,43,0.043,0
868,934,66,0.066,0
904,952,48,0.048,0
872,936,64,0.064,0
906,953,47,0.047,0
852,926,74,0.074,0
904,952,48,0.048,0
904,952,48,0.048,0
886,943,57,0.057,0
950,975,25,0.025,0
872,936,64,0.064,0
916,958,42,0.042,0
880,940,60,0.06,0
848,924,76,0.076,0
874,937,63,0.063,0
898,949,51,0.051,0
902,951,49,0.049,0
896,948,52,0.052,0
902,951,49,0.049,0
876,938,62,0.062,0
934,967,33,0.033,0
882,941,59,0.059,0
884,942,58,0.058,0
914,957,43,0.043,0
890,945,55,0.055,0
876,938,62,0.062,0
916,958,42,0.042,0
888,944,56,0.056,0
896,948,52,0.052,0
930,965,35,0.035,0
898,949,51,0.051,0
864,932,68,0.068,0
910,955,45,0.045,0
886,943,57,0.057,0
914,957,43,0.043,0
902,951,49,0.049,0
908,954,46,0.046,0
870,935,65,0.065,0
890,945,55,0.055,0
938,969,31,0.031,0
876,938,62,0.062,0
858,929,71,0.071,0
900,950,50,0.05,0
902,951,49,0.049,0
896,948,52,0.052,0
872,936,64,0.064,0
864,932,68,0.068,0
898,949,51,0.051,0
900,950,50,0.05,0
892,946,54,0.054,0
886,943,57,0.057,0
880,940,60,0.06,0
896,948,52,0.052,0
908,954,46,0.046,0
834,917,83,0.083,0
924,962,38,0.038,0
896,948,52,0.052,0
918,959,41,0.041,0
836,918,82,0.082,0
920,960,40,0.04,0
912,956,44,0.044,0
886,943,57,0.057,0
894,947,53,0.053,0
868,934,66,0.066,0
882,941,59,0.059,0
896,948,52,0.052,0
892,946,54,0.054,0
900,950,50,0.05,0
910,955,45,0.045,0
836,918,82,0.082,0
828,914,86,0.086,0
866,933,67,0.067,0
900,950,50,0.05,0
904,952,48,0.048,0
870,935,65,0.065,0
846,923,77,0.077,0
898,949,51,0.051,0
850,925,75,0.075,0
874,937,63,0.063,0
900,950,50,0.05,0
896,948,52,0.052,0
896,948,52,0.052,0
884,942,58,0.058,0
884,942,58,0.058,0
858,929,71,0.071,0
886,943,57,0.057,0
878,939,61,0.061,0
906,953,47,0.047,0
910,955,45,0.045,0
898,949,51,0.051,0
900,950,50,0.05,0
878,939,61,0.061,0
882,941,59,0.059,0
920,960,40,0.04,0
894,947,53,0.053,0
894,947,53,0.053,0
886,943,57,0.057,0
872,936,64,0.064,0
858,929,71,0.071,0
902,951,49,0.049,0
892,946,54,0.054,0
888,944,56,0.056,0
908,954,46,0.046,0
914,957,43,0.043,0
888,944,56,0.056,0
882,941,59,0.059,0
906,953,47,0.047,0
884,942,58,0.058,0
880,940,60,0.06,0
896,948,52,0.052,0
886,943,57,0.057,0
862,931,69,0.069,0
852,926,74,0.074,0
896,948,52,0.052,0
856,928,72,0.072,0
878,939,61,0.061,0
882,941,59,0.059,0
906,953,47,0.047,0
836,918,82,0.082,0
900,950,50,0.05,0
860,930,70,0.07,0
868,934,66,0.066,0
876,938,62,0.062,0
918,959,41,0.041,0
908,954,46,0.046,0
866,933,67,0.067,0
882,941,59,0.059,0
874,937,63,0.063,0
910,955,45,0.045,0
876,938,62,0.062,0
814,907,93,0.093,0
912,956,44,0.044,0
892,946,54,0.054,0
868,934,66,0.066,0
862,931,69,0.069,0
890,945,55,0.055,0
894,947,53,0.053,0
896,948,52,0.052,0
906,953,47,0.047,0
952,976,24,0.024,0
896,948,52,0.052,0
886,943,57,0.057,0
896,948,52,0.052,0
844,922,78,0.078,0
902,951,49,0.049,0
900,950,50,0.05,0
880,940,60,0.06,0
874,937,63,0.063,0
872,936,64,0.064,0
890,945,55,0.055,0
906,953,47,0.047,0
846,923,77,0.077,0
932,966,34,0.034,0
906,953,47,0.047,0
882,941,59,0.059,0
890,945,55,0.055,0
874,937,63,0.063,0
910,955,45,0.045,0
852,926,74,0.074,0
888,944,56,0.056,0
896,948,52,0.052,0
876,938,62,0.062,0
864,932,68,0.068,0
890,945,55,0.055,0
886,943,57,0.057,0
866,933,67,0.067,0
914,957,43,0.043,0
894,947,53,0.053,0
918,959,41,0.041,0
880,940,60,0.06,0
900,950,50,0.05,0
930,965,35,0.035,0
874,937,63,0.063,0
932,966,34,0.034,0
900,950,50,0.05,0
918,959,41,0.041,0
884,942,58,0.058,0
898,949,51,0.051,0
914,957,43,0.043,0
884,942,58,0.058,0
920,960,40,0.04,0
858,929,71,0.071,0
930,965,35,0.035,0
928,964,36,0.036,0
884,942,58,0.058,0
888,944,56,0.056,0
888,944,56,0.056,0
906,953,47,0.047,0
894,947,53,0.053,0
876,938,62,0.062,0
898,949,51,0.051,0
880,940,60,0.06,0
900,950,50,0.05,0
888,944,56,0.056,0
870,935,65,0.065,0
888,944,56,0.056,0
848,924,76,0.076,0
888,944,56,0.056,0
798,899,101,0.101,0
890,945,55,0.055,0
864,932,68,0.068,0
914,957,43,0.043,0
898,949,51,0.051,0
896,948,52,0.052,0
928,964,36,0.036,0
930,965,35,0.035,0
872,936,64,0.064,0
900,950,50,0.05,0
886,943,57,0.057,0
872,936,64,0.064,0
832,916,84,0.084,0
888,944,56,0.056,0
888,944,56,0.056,0
894,947,53,0.053,0
954,977,23,0.023,0
856,928,72,0.072,0
874,937,63,0.063,0
868,934,66,0.066,0
866,933,67,0.067,0
892,946,54,0.054,0
894,947,53,0.053,0
882,941,59,0.059,0
930,965,35,0.035,0
922,961,39,0.039,0
900,950,50,0.05,0
882,941,59,0.059,0
906,953,47,0.047,0
886,943,57,0.057,0
906,953,47,0.047,0
890,945,55,0.055,0
904,952,48,0.048,0
868,934,66,0.066,0
936,968,32,0.032,0
866,933,67,0.067,0
900,950,50,0.05,0
842,921,79,0.079,0
902,951,49,0.049,0
922,961,39,0.039,0
890,945,55,0.055,0
878,939,61,0.061,0
910,955,45,0.045,0
858,929,71,0.071,0
908,954,46,0.046,0
908,954,46,0.046,0
894,947,53,0.053,0
896,948,52,0.052,0
848,924,76,0.076,0
898,949,51,0.051,0
894,947,53,0.053,0
914,957,43,0.043,0
922,961,39,0.039,0
888,944,56,0.056,0
858,929,71,0.071,0
872,936,64,0.064,0
878,939,61,0.061,0
894,947,53,0.053,0
884,942,58,0.058,0
896,948,52,0.052,0
924,962,38,0.038,0
900,950,50,0.05,0
872,936,64,0.064,0
876,938,62,0.062,0
872,936,64,0.064,0
904,952,48,0.048,0
954,977,23,0.023,0
888,944,56,0.056,0
876,938,62,0.062,0
948,974,26,0.026,0
898,949,51,0.051,0
902,951,49,0.049,0
890,945,55,0.055,0
934,967,33,0.033,0
908,954,46,0.046,0
872,936,64,0.064,0
914,957,43,0.043,0
868,934,66,0.066,0
868,934,66,0.066,0
848,924,76,0.076,0
904,952,48,0.048,0
880,940,60,0.06,0
914,957,43,0.043,0
888,944,56,0.056,0
882,941,59,0.059,0
888,944,56,0.056,0
872,936,64,0.064,0
898,949,51,0.051,0
898,949,51,0.051,0
882,941,59,0.059,0
900,950,50,0.05,0
920,960,40,0.04,0
906,953,47,0.047,0
842,921,79,0.079,0
894,947,53,0.053,0
908,954,46,0.046,0
896,948,52,0.052,0
870,935,65,0.065,0
812,906,94,0.094,0
864,932,68,0.068,0
896,948,52,0.052,0
834,917,83,0.083,0
900,950,50,0.05,0
920,960,40,0.04,0
892,946,54,0.054,0
898,949,51,0.051,0
918,959,41,0.041,0
914,957,43,0.043,0
876,938,62,0.062,0
934,967,33,0.033,0
904,952,48,0.048,0
848,924,76,0.076,0
878,939,61,0.061,0
924,962,38,0.038,0
910,955,45,0.045,0
910,955,45,0.045,0
910,955,45,0.045,0
840,920,80,0.08,0
932,966,34,0.034,0
912,956,44,0.044,0
942,971,29,0.029,0
876,938,62,0.062,0
864,932,68,0.068,0
908,954,46,0.046,0
896,948,52,0.052,0
830,915,85,0.085,0
876,938,62,0.062,0
894,947,53,0.053,0
894,947,53,0.053,0
894,947,53,0.053,0
910,955,45,0.045,0
876,938,62,0.062,0
860,930,70,0.07,0
858,929,71,0.071,0
902,951,49,0.049,0
864,932,68,0.068,0
880,940,60,0.06,0
932,966,34,0.034,0
916,958,42,0.042,0
878,939,61,0.061,0
870,935,65,0.065,0
906,953,47,0.047,0
870,935,65,0.065,0
866,933,67,0.067,0
884,942,58,0.058,0
898,949,51,0.051,0
860,930,70,0.07,0
900,950,50,0.05,0
904,952,48,0.048,0
914,957,43,0.043,0
852,926,74,0.074,0
886,943,57,0.057,0
872,936,64,0.064,0
888,944,56,0.056,0
896,948,52,0.052,0
848,924,76,0.076,0
828,914,86,0.086,0
876,938,62,0.062,0
888,944,56,0.056,0
892,946,54,0.054,0
894,947,53,0.053,0
880,940,60,0.06,0
886,943,57,0.057,0
882,941,59,0.059,0
880,940,60,0.06,0
916,958,42,0.042,0
908,954,46,0.046,0
912,956,44,0.044,0
892,946,54,0.054,0
912,956,44,0.044,0
940,970,30,0.03,0
884,942,58,0.058,0
948,974,26,0.026,0
918,959,41,0.041,0
924,962,38,0.038,0
910,955,45,0.045,0
890,945,55,0.055,0
906,953,47,0.047,0
880,940,60,0.06,0
860,930,70,0.07,0
860,930,70,0.07,0
870,935,65,0.065,0
900,950,50,0.05,0
892,946,54,0.054,0
872,936,64,0.064,0
874,937,63,0.063,0
902,951,49,0.049,0
930,965,35,0.035,0
944,972,28,0.028,0
878,939,61,0.061,0
914,957,43,0.043,0
862,931,69,0.069,0
930,965,35,0.035,0
866,933,67,0.067,0
904,952,48,0.048,0
846,923,77,0.077,0
902,951,49,0.049,0
914,957,43,0.043,0
862,931,69,0.069,0
910,955,45,0.045,0
910,955,45,0.045,0
902,951,49,0.049,0
836,918,82,0.082,0
874,937,63,0.063,0
896,948,52,0.052,0
878,939,61,0.061,0
906,953,47,0.047,0
904,952,48,0.048,0
908,954,46,0.046,0
886,943,57,0.057,0
898,949,51,0.051,0
908,954,46,0.046,0
908,954,46,0.046,0
888,944,56,0.056,0
872,936,64,0.064,0
854,927,73,0.073,0
868,934,66,0.066,0
884,942,58,0.058,0
892,946,54,0.054,0
894,947,53,0.053,0
892,946,54,0.054,0
884,942,58,0.058,0
864,932,68,0.068,0
874,937,63,0.063,0
902,951,49,0.049,0
870,935,65,0.065,0
830,915,85,0.085,0
868,934,66,0.066,0
848,924,76,0.076,0
872,936,64,0.064,0
904,952,48,0.048,0
898,949,51,0.051,0
918,959,41,0.041,0
900,950,50,0.05,0
888,944,56,0.056,0
888,944,56,0.056,0
860,930,70,0.07,0
902,951,49,0.049,0
898,949,51,0.051,0
918,959,41,0.041,0
870,935,65,0.065,0
896,948,52,0.052,0
904,952,48,0.048,0
880,940,60,0.06,0
848,924,76,0.076,0
846,923,77,0.077,0
890,945,55,0.055,0
884,942,58,0.058,0
856,928,72,0.072,0
910,955,45,0.045,0
890,945,55,0.055,0
890,945,55,0.055,0
876,938,62,0.062,0
930,965,35,0.035,0
898,949,51,0.051,0
906,953,47,0.047,0
900,950,50,0.05,0
860,930,70,0.07,0
892,946,54,0.054,0
892,946,54,0.054,0
902,951,49,0.049,0
882,941,59,0.059,0
874,937,63,0.063,0
862,931,69,0.069,0
870,935,65,0.065,0
948,974,26,0.026,0
908,954,46,0.046,0
896,948,52,0.052,0
906,953,47,0.047,0
900,950,50,0.05,0
884,942,58,0.058,0
928,964,36,0.036,0
924,962,38,0.038,0
874,937,63,0.063,0
924,962,38,0.038,0
852,926,74,0.074,0
862,931,69,0.069,0
880,940,60,0.06,0
910,955,45,0.045,0
884,942,58,0.058,0
920,960,40,0.04,0
874,937,63,0.063,0
890,945,55,0.055,0
846,923,77,0.077,0
890,945,55,0.055,0
860,930,70,0.07,0
854,927,73,0.073,0
916,958,42,0.042,0
906,953,47,0.047,0
918,959,41,0.041,0
876,938,62,0.062,0
896,948,52,0.052,0
864,932,68,0.068,0
896,948,52,0.052,0
912,956,44,0.044,0
906,953,47,0.047,0
874,937,63,0.063,0
934,967,33,0.033,0
876,938,62,0.062,0
892,946,54,0.054,0
878,939,61,0.061,0
866,933,67,0.067,0
862,931,69,0.069,0
860,930,70,0.07,0
904,952,48,0.048,0
880,940,60,0.06,0
830,915,85,0.085,0
956,978,22,0.022,0
900,950,50,0.05,0
884,942,58,0.058,0
892,946,54,0.054,0
892,946,54,0.054,0
862,931,69,0.069,0
916,958,42,0.042,0
892,946,54,0.054,0
876,938,62,0.062,0
884,942,58,0.058,0
868,934,66,0.066,0
870,935,65,0.065,0
856,928,72,0.072,0
950,975,25,0.025,0
896,948,52,0.052,0
916,958,42,0.042,0
872,936,64,0.064,0
854,927,73,0.073,0
876,938,62,0.062,0
888,944,56,0.056,0
854,927,73,0.073,0
902,951,49,0.049,0
892,946,54,0.054,0
892,946,54,0.054,0
916,958,42,0.042,0
862,931,69,0.069,0
896,948,52,0.052,0
904,952,48,0.048,0
892,946,54,0.054,0
840,920,80,0.08,0
900,950,50,0.05,0
882,941,59,0.059,0
886,943,57,0.057,0
884,942,58,0.058,0
908,954,46,0.046,0
872,936,64,0.064,0
890,945,55,0.055,0
882,941,59,0.059,0
930,965,35,0.035,0
880,940,60,0.06,0
860,930,70,0.07,0
932,966,34,0.034,0
844,922,78,0.078,0
898,949,51,0.051,0
918,959,41,0.041,0
892,946,54,0.054,0
908,954,46,0.046,0
910,955,45,0.045,0
858,929,71,0.071,0
870,935,65,0.065,0
870,935,65,0.065,0
834,917,83,0.083,0
850,925,75,0.075,0
886,943,57,0.057,0
872,936,64,0.064,0
934,967,33,0.033,0
804,902,98,0.098,0
910,955,45,0.045,0
870,935,65,0.065,0
868,934,66,0.066,0
866,933,67,0.067,0
886,943,57,0.057,0
850,925,75,0.075,0
882,941,59,0.059,0
940,970,30,0.03,0
904,952,48,0.048,0
888,944,56,0.056,0
910,955,45,0.045,0
880,940,60,0.06,0
868,934,66,0.066,0
868,934,66,0.066,0
912,956,44,0.044,0
908,954,46,0.046,0
876,938,62,0.062,0
910,955,45,0.045,0
902,951,49,0.049,0
908,954,46,0.046,0
864,932,68,0.068,0
910,955,45,0.045,0
902,951,49,0.049,0
808,904,96,0.096,0
866,933,67,0.067,0
868,934,66,0.066,0
928,964,36,0.036,0
888,944,56,0.056,0
880,940,60,0.06,0
920,960,40,0.04,0
906,953,47,0.047,0
854,927,73,0.073,0
868,934,66,0.066,0
924,962,38,0.038,0
888,944,56,0.056,0
840,920,80,0.08,0
894,947,53,0.053,0
864,932,68,0.068,0
870,935,65,0.065,0
916,958,42,0.042,0
886,943,57,0.057,0
920,960,40,0.04,0
890,945,55,0.055,0
920,960,40,0.04,0
908,954,46,0.046,0
910,955,45,0.045,0
864,932,68,0.068,0
862,931,69,0.069,0
898,949,51,0.051,0
894,947,53,0.053,0
900,950,50,0.05,0
872,936,64,0.064,0
918,959,41,0.041,0
874,937,63,0.063,0
892,946,54,0.054,0
860,930,70,0.07,0
900,950,50,0.05,0
864,932,68,0.068,0
900,950,50,0.05,0
886,943,57,0.057,0
838,919,81,0.081,0
904,952,48,0.048,0
916,958,42,0.042,0
936,968,32,0.032,0
840,920,80,0.08,0
932,966,34,0.034,0
910,955,45,0.045,0
892,946,54,0.054,0
920,960,40,0.04,0
926,963,37,0.037,0
890,945,55,0.055,0
910,955,45,0.045,0
908,954,46,0.046,0
874,937,63,0.063,0
894,947,53,0.053,0
914,957,43,0.043,0
882,941,59,0.059,0
892,946,54,0.054,0
838,919,81,0.081,0
834,917,83,0.083,0
914,957,43,0.043,0
902,951,49,0.049,0
890,945,55,0.055,0
914,957,43,0.043,0
944,972,28,0.028,0
834,917,83,0.083,0
878,939,61,0.061,0
906,953,47,0.047,0
902,951,49,0.049,0
870,935,65,0.065,0
884,942,58,0.058,0
880,940,60,0.06,0
898,949,51,0.051,0
864,932,68,0.068,0
884,942,58,0.058,0
922,961,39,0.039,0
892,946,54,0.054,0
908,954,46,0.046,0
854,927,73,0.073,0
914,957,43,0.043,0
884,942,58,0.058,0
936,968,32,0.032,0
880,940,60,0.06,0
914,957,43,0.043,0
882,941,59,0.059,0
864,932,68,0.068,0
904,952,48,0.048,0
884,942,58,0.058,0
920,960,40,0.04,0
902,951,49,0.049,0
910,955,45,0.045,0
896,948,52,0.052,0
876,938,62,0.062,0
890,945,55,0.055,0
892,946,54,0.054,0
890,945,55,0.055,0
880,940,60,0.06,0
844,922,78,0.078,0
858,929,71,0.071,0
902,951,49,0.049,0
890,945,55,0.055,0
906,953,47,0.047,0
846,923,77,0.077,0
896,948,52,0.052,0
882,941,59,0.059,0
904,952,48,0.048,0
836,918,82,0.082,0
906,953,47,0.047,0
908,954,46,0.046,0
912,956,44,0.044,0
878,939,61,0.061,0
898,949,51,0.051,0
826,913,87,0.087,0
880,940,60,0.06,0
856,928,72,0.072,0
864,932,68,0.068,0
890,945,55,0.055,0
910,955,45,0.045,0
888,944,56,0.056,0
888,944,56,0.056,0
912,956,44,0.044,0
864,932,68,0.068,0
812,906,94,0.094,0
852,926,74,0.074,0
832,916,84,0.084,0
884,942,58,0.058,0
868,934,66,0.066,0
922,961,39,0.039,0
882,941,59,0.059,0
930,965,35,0.035,0
900,950,50,0.05,0
876,938,62,0.062,0
852,926,74,0.074,0
850,925,75,0.075,0
834,917,83,0.083,0
860,930,70,0.07,0
900,950,50,0.05,0
910,955,45,0.045,0
878,939,61,0.061,0
888,944,56,0.056,0
884,942,58,0.058,0
916,958,42,0.042,0
820,910,90,0.09,0
876,938,62,0.062,0
888,944,56,0.056,0
890,945,55,0.055,0
904,952,48,0.048,0
922,961,39,0.039,0
928,964,36,0.036,0
900,950,50,0.05,0
884,942,58,0.058,0
866,933,67,0.067,0
932,966,34,0.034,0
894,947,53,0.053,0
862,931,69,0.069,0
848,924,76,0.076,0
896,948,52,0.052,0
910,955,45,0.045,0
866,933,67,0.067,0
880,940,60,0.06,0
900,950,50,0.05,0
874,937,63,0.063,0
888,944,56,0.056,0
838,919,81,0.081,0
880,940,60,0.06,0
888,944,56,0.056,0
882,941,59,0.059,0
882,941,59,0.059,0
904,952,48,0.048,0
858,929,71,0.071,0
884,942,58,0.058,0
922,961,39,0.039,0
866,933,67,0.067,0
876,938,62,0.062,0
928,964,36,0.036,0
852,926,74,0.074,0
914,957,43,0.043,0
856,928,72,0.072,0
910,955,45,0.045,0
906,953,47,0.047,0
868,934,66,0.066,0
870,935,65,0.065,0
828,914,86,0.086,0
896,948,52,0.052,0
872,936,64,0.064,0
878,939,61,0.061,0
916,958,42,0.042,0
916,958,42,0.042,0
900,950,50,0.05,0
830,915,85,0.085,0
908,954,46,0.046,0
912,956,44,0.044,0
922,961,39,0.039,0
922,961,39,0.039,0
888,944,56,0.056,0
896,948,52,0.052,0
902,951,49,0.049,0
916,958,42,0.042,0
898,949,51,0.051,0
842,921,79,0.079,0
844,922,78,0.078,0
916,958,42,0.042,0
884,942,58,0.058,0
872,936,64,0.064,0
878,939,61,0.061,0
942,971,29,0.029,0
938,969,31,0.031,0
854,927,73,0.073,0
896,948,52,0.052,0
840,920,80,0.08,0
882,941,59,0.059,0
902,951,49,0.049,0
876,938,62,0.062,0
870,935,65,0.065,0
908,954,46,0.046,0
920,960,40,0.04,0
870,935,65,0.065,0
888,944,56,0.056,0
924,962,38,0.038,0
902,951,49,0.049,0
884,942,58,0.058,0
912,956,44,0.044,0
916,958,42,0.042,0
846,923,77,0.077,0
872,936,64,0.064,0
904,952,48,0.048,0
884,942,58,0.058,0
870,935,65,0.065,0
924,962,38,0.038,0
854,927,73,0.073,0
914,957,43,0.043,0
896,948,52,0.052,0
894,947,53,0.053,0
898,949,51,0.051,0
876,938,62,0.062,0
904,952,48,0.048,0
880,940,60,0.06,0
908,954,46,0.046,0
884,942,58,0.058,0
898,949,51,0.051,0
880,940,60,0.06,0
902,951,49,0.049,0
888,944,56,0.056,0
852,926,74,0.074,0
890,945,55,0.055,0
856,928,72,0.072,0
880,940,60,0.06,0
828,914,86,0.086,0
898,949,51,0.051,0
872,936,64,0.064,0
892,946,54,0.054,0
884,942,58,0.058,0
876,938,62,0.062,0
924,962,38,0.038,0
856,928,72,0.072,0
898,949,51,0.051,0
916,958,42,0.042,0
840,920,80,0.08,0
886,943,57,0.057,0
856,928,72,0.072,0
834,917,83,0.083,0
896,948,52,0.052,0
886,943,57,0.057,0
910,955,45,0.045,0
924,962,38,0.038,0
860,930,70,0.07,0
888,944,56,0.056,0
908,954,46,0.046,0
948,974,26,0.026,0
866,933,67,0.067,0
866,933,67,0.067,0
884,942,58,0.058,0
870,935,65,0.065,0
858,929,71,0.071,0
840,920,80,0.08,0
852,926,74,0.074,0
890,945,55,0.055,0
834,917,83,0.083,0
914,957,43,0.043,0
914,957,43,0.043,0
880,940,60,0.06,0
920,960,40,0.04,0
872,936,64,0.064,0
896,948,52,0.052,0
878,939,61,0.061,0
858,929,71,0.071,0
944,972,28,0.028,0
906,953,47,0.047,0
896,948,52,0.052,0
918,959,41,0.041,0
882,941,59,0.059,0
910,955,45,0.045,0
870,935,65,0.065,0
892,946,54,0.054,0
920,960,40,0.04,0
884,942,58,0.058,0
890,945,55,0.055,0
906,953,47,0.047,0
900,950,50,0.05,0
894,947,53,0.053,0
882,941,59,0.059,0
898,949,51,0.051,0
898,949,51,0.051,0
846,923,77,0.077,0
890,945,55,0.055,0
864,932,68,0.068,0
876,938,62,0.062,0
920,960,40,0.04,0
924,962,38,0.038,0
936,968,32,0.032,0
880,940,60,0.06,0
924,962,38,0.038,0
904,952,48,0.048,0
888,944,56,0.056,0
884,942,58,0.058,0
896,948,52,0.052,0
896,948,52,0.052,0
916,958,42,0.042,0
884,942,58,0.058,0
874,937,63,0.063,0
904,952,48,0.048,0
892,946,54,0.054,0
878,939,61,0.061,0
864,932,68,0.068,0
878,939,61,0.061,0
896,948,52,0.052,0
922,961,39,0.039,0
898,949,51,0.051,0
906,953,47,0.047,0
826,913,87,0.087,0
866,933,67,0.067,0
922,961,39,0.039,0
882,941,59,0.059,0
874,937,63,0.063,0
882,941,59,0.059,0
870,935,65,0.065,0
856,928,72,0.072,0
846,923,77,0.077,0
914,957,43,0.043,0
878,939,61,0.061,0
888,944,56,0.056,0
942,971,29,0.029,0
894,947,53,0.053,0
872,936,64,0.064,0
894,947,53,0.053,0
884,942,58,0.058,0
838,919,81,0.081,0
906,953,47,0.047,0
912,956,44,0.044,0
884,942,58,0.058,0
912,956,44,0.044,0
906,953,47,0.047,0
870,935,65,0.065,0
890,945,55,0.055,0
858,929,71,0.071,0
862,931,69,0.069,0
918,959,41,0.041,0
882,941,59,0.059,0
870,935,65,0.065,0
922,961,39,0.039,0
858,929,71,0.071,0
892,946,54,0.054,0
872,936,64,0.064,0
858,929,71,0.071,0
884,942,58,0.058,0
880,940,60,0.06,0
856,928,72,0.072,0
844,922,78,0.078,0
874,937,63,0.063,0
900,950,50,0.05,0
916,958,42,0.042,0
876,938,62,0.062,0
886,943,57,0.057,0
912,956,44,0.044,0
860,930,70,0.07,0
924,962,38,0.038,0
832,916,84,0.084,0
898,949,51,0.051,0
890,945,55,0.055,0
860,930,70,0.07,0
916,958,42,0.042,0
900,950,50,0.05,0
922,961,39,0.039,0
892,946,54,0.054,0
896,948,52,0.052,0
876,938,62,0.062,0
902,951,49,0.049,0
910,955,45,0.045,0
908,954,46,0.046,0
870,935,65,0.065,0
912,956,44,0.044,0
884,942,58,0.058,0
864,932,68,0.068,0
874,937,63,0.063,0
928,964,36,0.036,0
932,966,34,0.034,0
932,966,34,0.034,0
870,935,65,0.065,0
874,937,63,0.063,0
900,950,50,0.05,0
866,933,67,0.067,0
912,956,44,0.044,0
892,946,54,0.054,0
890,945,55,0.055,0
866,933,67,0.067,0
910,955,45,0.045,0
880,940,60,0.06,0
898,949,51,0.051,0
874,937,63,0.063,0
866,933,67,0.067,0
896,948,52,0.052,0
932,966,34,0.034,0
896,948,52,0.052,0
892,946,54,0.054,0
900,950,50,0.05,0
874,937,63,0.063,0
872,936,64,0.064,0
892,946,54,0.054,0
910,955,45,0.045,0
836,918,82,0.082,0
918,959,41,0.041,0
886,943,57,0.057,0
868,934,66,0.066,0
932,966,34,0.034,0
876,938,62,0.062,0
882,941,59,0.059,0
896,948,52,0.052,0
886,943,57,0.057,0
916,958,42,0.042,0
910,955,45,0.045,0
880,940,60,0.06,0
910,955,45,0.045,0
918,959,41,0.041,0
914,957,43,0.043,0
894,947,53,0.053,0
890,945,55,0.055,0
820,910,90,0.09,0
830,915,85,0.085,0
840,920,80,0.08,0
898,949,51,0.051,0
904,952,48,0.048,0
848,924,76,0.076,0
882,941,59,0.059,0
852,926,74,0.074,0
862,931,69,0.069,0
884,942,58,0.058,0
908,954,46,0.046,0
892,946,54,0.054,0
928,964,36,0.036,0
882,941,59,0.059,0
892,946,54,0.054,0
926,963,37,0.037,0
818,909,91,0.091,0
898,949,51,0.051,0
910,955,45,0.045,0
870,935,65,0.065,0
902,951,49,0.049,0
842,921,79,0.079,0
886,943,57,0.057,0
844,922,78,0.078,0
876,938,62,0.062,0
904,952,48,0.048,0
898,949,51,0.051,0
850,925,75,0.075,0
846,923,77,0.077,0
892,946,54,0.054,0
882,941,59,0.059,0
866,933,67,0.067,0
838,919,81,0.081,0
934,967,33,0.033,0
918,959,41,0.041,0
846,923,77,0.077,0
882,941,59,0.059,0
890,945,55,0.055,0
916,958,42,0.042,0
844,922,78,0.078,0
912,956,44,0.044,0
840,920,80,0.08,0
858,929,71,0.071,0
884,942,58,0.058,0
908,954,46,0.046,0
884,942,58,0.058,0
878,939,61,0.061,0
854,927,73,0.073,0
906,953,47,0.047,0
874,937,63,0.063,0
880,940,60,0.06,0
860,930,70,0.07,0
848,924,76,0.076,0
900,950,50,0.05,0
888,944,56,0.056,0
886,943,57,0.057,0
884,942,58,0.058,0
890,945,55,0.055,0
900,950,50,0.05,0
914,957,43,0.043,0
882,941,59,0.059,0
908,954,46,0.046,0
922,961,39,0.039,0
914,957,43,0.043,0
914,957,43,0.043,0
940,970,30,0.03,0
888,944,56,0.056,0
888,944,56,0.056,0
884,942,58,0.058,0
908,954,46,0.046,0
904,952,48,0.048,0
852,926,74,0.074,0
906,953,47,0.047,0
850,925,75,0.075,0
918,959,41,0.041,0
926,963,37,0.037,0
898,949,51,0.051,0
842,921,79,0.079,0
888,944,56,0.056,0
884,942,58,0.058,0
912,956,44,0.044,0
924,962,38,0.038,0
866,933,67,0.067,0
874,937,63,0.063,0
864,932,68,0.068,0
848,924,76,0.076,0
864,932,68,0.068,0
862,931,69,0.069,0
876,938,62,0.062,0
896,948,52,0.052,0
886,943,57,0.057,0
910,955,45,0.045,0
866,933,67,0.067,0
902,951,49,0.049,0
858,929,71,0.071,0
860,930,70,0.07,0
874,937,63,0.063,0
906,953,47,0.047,0
872,936,64,0.064,0
902,951,49,0.049,0
896,948,52,0.052,0
884,942,58,0.058,0
846,923,77,0.077,0
862,931,69,0.069,0
870,935,65,0.065,0
856,928,72,0.072,0
912,956,44,0.044,0
906,953,47,0.047,0
860,930,70,0.07,0
912,956,44,0.044,0
880,940,60,0.06,0
850,925,75,0.075,0
930,965,35,0.035,0
908,954,46,0.046,0
840,920,80,0.08,0
888,944,56,0.056,0
898,949,51,0.051,0
880,940,60,0.06,0
858,929,71,0.071,0
870,935,65,0.065,0
912,956,44,0.044,0
874,937,63,0.063,0
884,942,58,0.058,0
878,939,61,0.061,0
858,929,71,0.071,0
888,944,56,0.056,0
854,927,73,0.073,0
834,917,83,0.083,0
892,946,54,0.054,0
894,947,53,0.053,0
886,943,57,0.057,0
868,934,66,0.066,0
912,956,44,0.044,0
872,936,64,0.064,0
870,935,65,0.065,0
930,965,35,0.035,0
846,923,77,0.077,0
870,935,65,0.065,0
890,945,55,0.055,0
888,944,56,0.056,0
856,928,72,0.072,0
898,949,51,0.051,0
842,921,79,0.079,0
898,949,51,0.051,0
912,956,44,0.044,0
916,958,42,0.042,0
914,957,43,0.043,0
882,941,59,0.059,0
856,928,72,0.072,0
888,944,56,0.056,0
912,956,44,0.044,0
892,946,54,0.054,0
856,928,72,0.072,0
932,966,34,0.034,0
908,954,46,0.046,0
908,954,46,0.046,0
836,918,82,0.082,0
878,939,61,0.061,0
884,942,58,0.058,0
844,922,78,0.078,0
864,932,68,0.068,0
864,932,68,0.068,0
884,942,58,0.058,0
868,934,66,0.066,0
932,966,34,0.034,0
912,956,44,0.044,0
904,952,48,0.048,0
872,936,64,0.064,0
876,938,62,0.062,0
946,973,27,0.027,0
912,956,44,0.044,0
868,934,66,0.066,0
884,942,58,0.058,0
898,949,51,0.051,0
934,967,33,0.033,0
818,909,91,0.091,0
888,944,56,0.056,0
878,939,61,0.061,0
876,938,62,0.062,0
888,944,56,0.056,0
874,937,63,0.063,0
854,927,73,0.073,0
920,960,40,0.04,0
898,949,51,0.051,0
904,952,48,0.048,0
918,959,41,0.041,0
882,941,59,0.059,0
884,942,58,0.058,0
930,965,35,0.035,0
896,948,52,0.052,0
884,942,58,0.058,0
912,956,44,0.044,0
830,915,85,0.085,0
864,932,68,0.068,0
868,934,66,0.066,0
864,932,68,0.068,0
852,926,74,0.074,0
894,947,53,0.053,0
920,960,40,0.04,0
842,921,79,0.079,0
900,950,50,0.05,0
850,925,75,0.075,0
862,931,69,0.069,0
910,955,45,0.045,0
876,938,62,0.062,0
916,958,42,0.042,0
888,944,56,0.056,0
876,938,62,0.062,0
866,933,67,0.067,0
920,960,40,0.04,0
878,939,61,0.061,0
876,938,62,0.062,0
908,954,46,0.046,0
898,949,51,0.051,0
914,957,43,0.043,0
954,977,23,0.023,0
900,950,50,0.05,0
882,941,59,0.059,0
874,937,63,0.063,0
908,954,46,0.046,0
932,966,34,0.034,0
838,919,81,0.081,0
856,928,72,0.072,0
912,956,44,0.044,0
908,954,46,0.046,0
894,947,53,0.053,0
882,941,59,0.059,0
868,934,66,0.066,0
940,970,30,0.03,0
894,947,53,0.053,0
918,959,41,0.041,0
878,939,61,0.061,0
892,946,54,0.054,0
894,947,53,0.053,0
892,946,54,0.054,0
900,950,50,0.05,0
922,961,39,0.039,0
898,949,51,0.051,0
868,934,66,0.066,0
916,958,42,0.042,0
802,901,99,0.099,0
906,953,47,0.047,0
866,933,67,0.067,0
866,933,67,0.067,0
868,934,66,0.066,0
900,950,50,0.05,0
894,947,53,0.053,0
856,928,72,0.072,0
860,930,70,0.07,0
900,950,50,0.05,0
870,935,65,0.065,0
876,938,62,0.062,0
894,947,53,0.053,0
916,958,42,0.042,0
858,929,71,0.071,0
878,939,61,0.061,0
900,950,50,0.05,0
902,951,49,0.049,0
924,962,38,0.038,0
860,930,70,0.07,0
820,910,90,0.09,0
890,945,55,0.055,0
930,965,35,0.035,0
934,967,33,0.033,0
894,947,53,0.053,0
886,943,57,0.057,0
862,931,69,0.069,0
892,946,54,0.054,0
930,965,35,0.035,0
900,950,50,0.05,0
926,963,37,0.037,0
920,960,40,0.04,0
876,938,62,0.062,0
906,953,47,0.047,0
898,949,51,0.051,0
888,944,56,0.056,0
876,938,62,0.062,0
876,938,62,0.062,0
886,943,57,0.057,0
874,937,63,0.063,0
862,931,69,0.069,0
912,956,44,0.044,0
878,939,61,0.061,0
878,939,61,0.061,0
872,936,64,0.064,0
878,939,61,0.061,0
860,930,70,0.07,0
892,946,54,0.054,0
880,940,60,0.06,0
902,951,49,0.049,0
864,932,68,0.068,0
880,940,60,0.06,0
836,918,82,0.082,0
916,958,42,0.042,0
834,917,83,0.083,0
902,951,49,0.049,0
924,962,38,0.038,0
882,941,59,0.059,0
880,940,60,0.06,0
874,937,63,0.063,0
878,939,61,0.061,0
888,944,56,0.056,0
896,948,52,0.052,0
902,951,49,0.049,0
854,927,73,0.073,0
900,950,50,0.05,0
868,934,66,0.066,0
864,932,68,0.068,0
882,941,59,0.059,0
840,920,80,0.08,0
888,944,56,0.056,0
914,957,43,0.043,0
870,935,65,0.065,0
886,943,57,0.057,0
900,950,50,0.05,0
928,964,36,0.036,0
904,952,48,0.048,0
876,938,62,0.062,0
870,935,65,0.065,0
860,930,70,0.07,0
864,932,68,0.068,0
876,938,62,0.062,0
868,934,66,0.066,0
862,931,69,0.069,0
854,927,73,0.073,0
852,926,74,0.074,0
912,956,44,0.044,0
918,959,41,0.041,0
894,947,53,0.053,0
920,960,40,0.04,0
880,940,60,0.06,0
888,944,56,0.056,0
862,931,69,0.069,0
878,939,61,0.061,0
894,947,53,0.053,0
960,980,20,0.02,0
928,964,36,0.036,0
904,952,48,0.048,0
904,952,48,0.048,0
906,953,47,0.047,0
836,918,82,0.082,0
914,957,43,0.043,0
930,965,35,0.035,0
868,934,66,0.066,0
922,961,39,0.039,0
900,950,50,0.05,0
874,937,63,0.063,0
924,962,38,0.038,0
892,946,54,0.054,0
894,947,53,0.053,0
906,953,47,0.047,0
890,945,55,0.055,0
916,958,42,0.042,0
874,937,63,0.063,0
878,939,61,0.061,0
868,934,66,0.066,0
906,953,47,0.047,0
896,948,52,0.052,0
890,945,55,0.055,0
880,940,60,0.06,0
886,943,57,0.057,0
850,925,75,0.075,0
890,945,55,0.055,0
870,935,65,0.065,0
904,952,48,0.048,0
882,941,59,0.059,0
892,946,54,0.054,0
884,942,58,0.058,0
874,937,63,0.063,0
830,915,85,0.085,0
852,926,74,0.074,0
878,939,61,0.061,0
906,953,47,0.047,0
848,924,76,0.076,0
888,944,56,0.056,0
920,960,40,0.04,0
886,943,57,0.057,0
858,929,71,0.071,0
878,939,61,0.061,0
908,954,46,0.046,0
910,955,45,0.045,0
886,943,57,0.057,0
878,939,61,0.061,0
894,947,53,0.053,0
894,947,53,0.053,0
882,941,59,0.059,0
862,931,69,0.069,0
880,940,60,0.06,0
904,952,48,0.048,0
888,944,56,0.056,0
906,953,47,0.047,0
906,953,47,0.047,0
914,957,43,0.043,0
868,934,66,0.066,0
894,947,53,0.053,0
862,931,69,0.069,0
914,957,43,0.043,0
858,929,71,0.071,0
896,948,52,0.052,0
904,952,48,0.048,0
848,924,76,0.076,0
874,937,63,0.063,0
856,928,72,0.072,0
896,948,52,0.052,0
906,953,47,0.047,0
896,948,52,0.052,0
902,951,49,0.049,0
858,929,71,0.071,0
916,958,42,0.042,0
890,945,55,0.055,0
886,943,57,0.057,0
838,919,81,0.081,0
902,951,49,0.049,0
890,945,55,0.055,0
914,957,43,0.043,0
870,935,65,0.065,0
942,971,29,0.029,0
896,948,52,0.052,0
930,965,35,0.035,0
874,937,63,0.063,0
880,940,60,0.06,0
882,941,59,0.059,0
900,950,50,0.05,0
934,967,33,0.033,0
882,941,59,0.059,0
890,945,55,0.055,0
834,917,83,0.083,0
868,934,66,0.066,0
906,953,47,0.047,0
904,952,48,0.048,0
920,960,40,0.04,0
890,945,55,0.055,0
904,952,48,0.048,0
924,962,38,0.038,0
876,938,62,0.062,0
860,930,70,0.07,0
898,949,51,0.051,0
922,961,39,0.039,0
830,915,85,0.085,0
900,950,50,0.05,0
838,919,81,0.081,0
906,953,47,0.047,0
868,934,66,0.066,0
910,955,45,0.045,0
914,957,43,0.043,0
878,939,61,0.061,0
920,960,40,0.04,0
868,934,66,0.066,0
914,957,43,0.043,0
926,963,37,0.037,0
902,951,49,0.049,0
910,955,45,0.045,0
912,956,44,0.044,0
894,947,53,0.053,0
894,947,53,0.053,0
906,953,47,0.047,0
824,912,88,0.088,0
854,927,73,0.073,0
916,958,42,0.042,0
872,936,64,0.064,0
908,954,46,0.046,0
888,944,56,0.056,0
898,949,51,0.051,0
862,931,69,0.069,0
876,938,62,0.062,0
906,953,47,0.047,0
862,931,69,0.069,0
880,940,60,0.06,0
892,946,54,0.054,0
856,928,72,0.072,0
836,918,82,0.082,0
874,937,63,0.063,0
838,919,81,0.081,0
868,934,66,0.066,0
882,941,59,0.059,0
838,919,81,0.081,0
938,969,31,0.031,0
868,934,66,0.066,0
866,933,67,0.067,0
892,946,54,0.054,0
938,969,31,0.031,0
866,933,67,0.067,0
866,933,67,0.067,0
880,940,60,0.06,0
920,960,40,0.04,0
834,917,83,0.083,0
822,911,89,0.089,0
918,959,41,0.041,0
896,948,52,0.052,0
882,941,59,0.059,0
900,950,50,0.05,0
860,930,70,0.07,0
846,923,77,0.077,0
874,937,63,0.063,0
920,960,40,0.04,0
866,933,67,0.067,0
906,953,47,0.047,0
902,951,49,0.049,0
852,926,74,0.074,0
888,944,56,0.056,0
892,946,54,0.054,0
868,934,66,0.066,0
912,956,44,0.044,0
828,914,86,0.086,0
906,953,47,0.047,0
896,948,52,0.052,0
914,957,43,0.043,0
898,949,51,0.051,0
890,945,55,0.055,0
800,900,100,0.1,0
924,962,38,0.038,0
914,957,43,0.043,0
892,946,54,0.054,0
846,923,77,0.077,0
872,936,64,0.064,0
876,938,62,0.062,0
908,954,46,0.046,0
876,938,62,0.062,0
880,940,60,0.06,0
918,959,41,0.041,0
860,930,70,0.07,0
932,966,34,0.034,0
932,966,34,0.034,0
900,950,50,0.05,0
900,950,50,0.05,0
846,923,77,0.077,0
952,976,24,0.024,0
902,951,49,0.049,0
888,944,56,0.056,0
846,923,77,0.077,0
850,925,75,0.075,0
890,945,55,0.055,0
898,949,51,0.051,0
884,942,58,0.058,0
870,935,65,0.065,0
888,944,56,0.056,0
878,939,61,0.061,0
920,960,40,0.04,0
884,942,58,0.058,0
900,950,50,0.05,0
838,919,81,0.081,0
922,961,39,0.039,0
918,959,41,0.041,0
920,960,40,0.04,0
918,959,41,0.041,0
924,962,38,0.038,0
892,946,54,0.054,0
904,952,48,0.048,0
908,954,46,0.046,0
902,951,49,0.049,0
878,939,61,0.061,0
842,921,79,0.079,0
888,944,56,0.056,0
870,935,65,0.065,0
872,936,64,0.064,0
922,961,39,0.039,0
906,953,47,0.047,0
876,938,62,0.062,0
914,957,43,0.043,0
828,914,86,0.086,0
898,949,51,0.051,0
896,948,52,0.052,0
850,925,75,0.075,0
884,942,58,0.058,0
880,940,60,0.06,0
910,955,45,0.045,0
908,954,46,0.046,0
914,957,43,0.043,0
898,949,51,0.051,0
848,924,76,0.076,0
922,961,39,0.039,0
878,939,61,0.061,0
872,936,64,0.064,0
882,941,59,0.059,0
914,957,43,0.043,0
872,936,64,0.064,0
882,941,59,0.059,0
860,930,70,0.07,0
828,914,86,0.086,0
842,921,79,0.079,0
868,934,66,0.066,0
870,935,65,0.065,0
848,924,76,0.076,0
866,933,67,0.067,0
892,946,54,0.054,0
916,958,42,0.042,0
858,929,71,0.071,0
884,942,58,0.058,0
898,949,51,0.051,0
922,961,39,0.039,0
858,929,71,0.071,0
898,949,51,0.051,0
880,940,60,0.06,0
898,949,51,0.051,0
914,957,43,0.043,0
844,922,78,0.078,0
904,952,48,0.048,0
906,953,47,0.047,0
886,943,57,0.057,0
902,951,49,0.049,0
866,933,67,0.067,0
852,926,74,0.074,0
806,903,97,0.097,0
888,944,56,0.056,0
884,942,58,0.058,0
874,937,63,0.063,0
852,926,74,0.074,0
824,912,88,0.088,0
898,949,51,0.051,0
882,941,59,0.059,0
894,947,53,0.053,0
894,947,53,0.053,0
958,979,21,0.021,0
892,946,54,0.054,0
892,946,54,0.054,0
886,943,57,0.057,0
876,938,62,0.062,0
874,937,63,0.063,0
898,949,51,0.051,0
898,949,51,0.051,0
834,917,83,0.083,0
890,945,55,0.055,0
910,955,45,0.045,0
858,929,71,0.071,0
908,954,46,0.046,0
932,966,34,0.034,0
910,955,45,0.045,0
888,944,56,0.056,0
926,963,37,0.037,0
852,926,74,0.074,0
892,946,54,0.054,0
916,958,42,0.042,0
892,946,54,0.054,0
880,940,60,0.06,0
922,961,39,0.039,0
898,949,51,0.051,0
906,953,47,0.047,0
926,963,37,0.037,0
896,948,52,0.052,0
904,952,48,0.048,0
892,946,54,0.054,0
880,940,60,0.06,0
904,952,48,0.048,0
876,938,62,0.062,0
864,932,68,0.068,0
898,949,51,0.051,0
914,957,43,0.043,0
908,954,46,0.046,0
908,954,46,0.046,0
936,968,32,0.032,0
908,954,46,0.046,0
908,954,46,0.046,0
874,937,63,0.063,0
914,957,43,0.043,0
900,950,50,0.05,0
906,953,47,0.047,0
890,945,55,0.055,0
906,953,47,0.047,0
850,925,75,0.075,0
862,931,69,0.069,0
918,959,41,0.041,0
860,930,70,0.07,0
908,954,46,0.046,0
892,946,54,0.054,0
874,937,63,0.063,0
856,928,72,0.072,0
892,946,54,0.054,0
870,935,65,0.065,0
942,971,29,0.029,0
888,944,56,0.056,0
894,947,53,0.053,0
888,944,56,0.056,0
848,924,76,0.076,0
968,984,16,0.016,0
898,949,51,0.051,0
894,947,53,0.053,0
864,932,68,0.068,0
856,928,72,0.072,0
902,951,49,0.049,0
840,920,80,0.08,0
922,961,39,0.039,0
908,954,46,0.046,0
838,919,81,0.081,0
876,938,62,0.062,0
914,957,43,0.043,0
908,954,46,0.046,0
926,963,37,0.037,0
858,929,71,0.071,0
882,941,59,0.059,0
862,931,69,0.069,0
910,955,45,0.045,0
888,944,56,0.056,0
844,922,78,0.078,0
896,948,52,0.052,0
838,919,81,0.081,0
914,957,43,0.043,0
908,954,46,0.046,0
890,945,55,0.055,0
884,942,58,0.058,0
858,929,71,0.071,0
880,940,60,0.06,0
846,923,77,0.077,0
892,946,54,0.054,0
868,934,66,0.066,0
944,972,28,0.028,0
900,950,50,0.05,0
886,943,57,0.057,0
906,953,47,0.047,0
878,939,61,0.061,0
872,936,64,0.064,0
910,955,45,0.045,0
900,950,50,0.05,0
850,925,75,0.075,0
844,922,78,0.078,0
892,946,54,0.054,0
862,931,69,0.069,0
906,953,47,0.047,0
890,945,55,0.055,0
874,937,63,0.063,0
888,944,56,0.056,0
896,948,52,0.052,0
876,938,62,0.062,0
898,949,51,0.051,0
868,934,66,0.066,0
900,950,50,0.05,0
910,955,45,0.045,0
902,951,49,0.049,0
896,948,52,0.052,0
872,936,64,0.064,0
872,936,64,0.064,0
922,961,39,0.039,0
864,932,68,0.068,0
904,952,48,0.048,0
890,945,55,0.055,0
898,949,51,0.051,0
908,954,46,0.046,0
846,923,77,0.077,0
852,926,74,0.074,0
882,941,59,0.059,0
864,932,68,0.068,0
894,947,53,0.053,0
900,950,50,0.05,0
866,933,67,0.067,0
878,939,61,0.061,0
878,939,61,0.061,0
890,945,55,0.055,0
928,964,36,0.036,0
880,940,60,0.06,0
836,918,82,0.082,0
884,942,58,0.058,0
894,947,53,0.053,0
912,956,44,0.044,0
906,953,47,0.047,0
890,945,55,0.055,0
904,952,48,0.048,0
894,947,53,0.053,0
908,954,46,0.046,0
882,941,59,0.059,0
890,945,55,0.055,0
880,940,60,0.06,0
908,954,46,0.046,0
890,945,55,0.055,0
918,959,41,0.041,0
906,953,47,0.047,0
880,940,60,0.06,0
874,937,63,0.063,0
878,939,61,0.061,0
876,938,62,0.062,0
910,955,45,0.045,0
884,942,58,0.058,0
944,972,28,0.028,0
842,921,79,0.079,0
902,951,49,0.049,0
916,958,42,0.042,0
822,911,89,0.089,0
856,928,72,0.072,0
884,942,58,0.058,0
900,950,50,0.05,0
856,928,72,0.072,0
888,944,56,0.056,0
948,974,26,0.026,0
886,943,57,0.057,0
926,963,37,0.037,0
842,921,79,0.079,0
902,951,49,0.049,0
868,934,66,0.066,0
862,931,69,0.069,0
888,944,56,0.056,0
864,932,68,0.068,0
908,954,46,0.046,0
886,943,57,0.057,0
898,949,51,0.051,0
894,947,53,0.053,0
922,961,39,0.039,0
882,941,59,0.059,0
882,941,59,0.059,0
874,937,63,0.063,0
928,964,36,0.036,0
914,957,43,0.043,0
850,925,75,0.075,0
894,947,53,0.053,0
918,959,41,0.041,0
854,927,73,0.073,0
894,947,53,0.053,0
928,964,36,0.036,0
852,926,74,0.074,0
936,968,32,0.032,0
920,960,40,0.04,0
882,941,59,0.059,0
894,947,53,0.053,0
894,947,53,0.053,0
892,946,54,0.054,0
886,943,57,0.057,0
890,945,55,0.055,0
864,932,68,0.068,0
870,935,65,0.065,0
890,945,55,0.055,0
886,943,57,0.057,0
864,932,68,0.068,0
870,935,65,0.065,0
880,940,60,0.06,0
882,941,59,0.059,0
866,933,67,0.067,0
902,951,49,0.049,0
864,932,68,0.068,0
902,951,49,0.049,0
908,954,46,0.046,0
884,942,58,0.058,0
838,919,81,0.081,0
860,930,70,0.07,0
902,951,49,0.049,0
908,954,46,0.046,0
914,957,43,0.043,0
900,950,50,0.05,0
874,937,63,0.063,0
916,958,42,0.042,0
876,938,62,0.062,0
896,948,52,0.052,0
928,964,36,0.036,0
902,951,49,0.049,0
890,945,55,0.055,0
872,936,64,0.064,0
904,952,48,0.048,0
838,919,81,0.081,0
868,934,66,0.066,0
834,917,83,0.083,0
900,950,50,0.05,0
866,933,67,0.067,0
890,945,55,0.055,0
864,932,68,0.068,0
888,944,56,0.056,0
902,951,49,0.049,0
922,961,39,0.039,0
886,943,57,0.057,0
888,944,56,0.056,0
918,959,41,0.041,0
932,966,34,0.034,0
870,935,65,0.065,0
892,946,54,0.054,0
874,937,63,0.063,0
902,951,49,0.049,0
916,958,42,0.042,0
884,942,58,0.058,0
908,954,46,0.046,0
892,946,54,0.054,0
914,957,43,0.043,0
850,925,75,0.075,0
852,926,74,0.074,0
900,950,50,0.05,0
872,936,64,0.064,0
922,961,39,0.039,0
858,929,71,0.071,0
930,965,35,0.035,0
884,942,58,0.058,0
896,948,52,0.052,0
860,930,70,0.07,0
902,951,49,0.049,0
868,934,66,0.066,0
908,954,46,0.046,0
862,931,69,0.069,0
874,937,63,0.063,0
856,928,72,0.072,0
846,923,77,0.077,0
882,941,59,0.059,0
928,964,36,0.036,0
876,938,62,0.062,0
866,933,67,0.067,0
906,953,47,0.047,0
908,954,46,0.046,0
892,946,54,0.054,0
916,958,42,0.042,0
902,951,49,0.049,0
868,934,66,0.066,0
858,929,71,0.071,0
878,939,61,0.061,0
878,939,61,0.061,0
874,937,63,0.063,0
850,925,75,0.075,0
882,941,59,0.059,0
886,943,57,0.057,0
888,944,56,0.056,0
928,964,36,0.036,0
828,914,86,0.086,0
874,937,63,0.063,0
882,941,59,0.059,0
890,945,55,0.055,0
910,955,45,0.045,0
864,932,68,0.068,0
912,956,44,0.044,0
902,951,49,0.049,0
872,936,64,0.064,0
900,950,50,0.05,0
902,951,49,0.049,0
888,944,56,0.056,0
882,941,59,0.059,0
874,937,63,0.063,0
850,925,75,0.075,0
880,940,60,0.06,0
932,966,34,0.034,0
902,951,49,0.049,0
842,921,79,0.079,0
870,935,65,0.065,0
888,944,56,0.056,0
916,958,42,0.042,0
872,936,64,0.064,0
912,956,44,0.044,0
890,945,55,0.055,0
862,931,69,0.069,0
912,956,44,0.044,0
918,959,41,0.041,0
866,933,67,0.067,0
902,951,49,0.049,0
914,957,43,0.043,0
886,943,57,0.057,0
874,937,63,0.063,0
856,928,72,0.072,0
888,944,56,0.056,0
926,963,37,0.037,0
872,936,64,0.064,0
892,946,54,0.054,0
878,939,61,0.061,0
880,940,60,0.06,0
912,956,44,0.044,0
910,955,45,0.045,0
928,964,36,0.036,0
856,928,72,0.072,0
858,929,71,0.071,0
874,937,63,0.063,0
904,952,48,0.048,0
868,934,66,0.066,0
900,950,50,0.05,0
898,949,51,0.051,0
914,957,43,0.043,0
866,933,67,0.067,0
870,935,65,0.065,0
872,936,64,0.064,0
916,958,42,0.042,0
884,942,58,0.058,0
922,961,39,0.039,0
916,958,42,0.042,0
904,952,48,0.048,0
840,920,80,0.08,0
844,922,78,0.078,0
922,961,39,0.039,0
908,954,46,0.046,0
888,944,56,0.056,0
884,942,58,0.058,0
882,941,59,0.059,0
924,962,38,0.038,0
916,958,42,0.042,0
852,926,74,0.074,0
890,945,55,0.055,0
858,929,71,0.071,0
918,959,41,0.041,0
890,945,55,0.055,0
888,944,56,0.056,0
892,946,54,0.054,0
876,938,62,0.062,0
898,949,51,0.051,0
862,931,69,0.069,0
852,926,74,0.074,0
880,940,60,0.06,0
894,947,53,0.053,0
896,948,52,0.052,0
848,924,76,0.076,0
898,949,51,0.051,0
880,940,60,0.06,0
902,951,49,0.049,0
894,947,53,0.053,0
902,951,49,0.049,0
884,942,58,0.058,0
894,947,53,0.053,0
926,963,37,0.037,0
880,940,60,0.06,0
894,947,53,0.053,0
912,956,44,0.044,0
924,962,38,0.038,0
864,932,68,0.068,0
856,928,72,0.072,0
848,924,76,0.076,0
890,945,55,0.055,0
892,946,54,0.054,0
878,939,61,0.061,0
934,967,33,0.033,0
926,963,37,0.037,0
866,933,67,0.067,0
922,961,39,0.039,0
862,931,69,0.069,0
814,907,93,0.093,0
916,958,42,0.042,0
896,948,52,0.052,0
894,947,53,0.053,0
878,939,61,0.061,0
832,916,84,0.084,0
876,938,62,0.062,0
888,944,56,0.056,0
872,936,64,0.064,0
888,944,56,0.056,0
870,935,65,0.065,0
834,917,83,0.083,0
878,939,61,0.061,0
896,948,52,0.052,0
910,955,45,0.045,0
926,963,37,0.037,0
930,965,35,0.035,0
916,958,42,0.042,0
856,928,72,0.072,0
898,949,51,0.051,0
852,926,74,0.074,0
904,952,48,0.048,0
882,941,59,0.059,0
888,944,56,0.056,0
924,962,38,0.038,0
932,966,34,0.034,0
898,949,51,0.051,0
860,930,70,0.07,0
866,933,67,0.067,0
864,932,68,0.068,0
864,932,68,0.068,0
918,959,41,0.041,0
934,967,33,0.033,0
880,940,60,0.06,0
894,947,53,0.053,0
884,942,58,0.058,0
914,957,43,0.043,0
880,940,60,0.06,0
880,940,60,0.06,0
898,949,51,0.051,0
850,925,75,0.075,0
892,946,54,0.054,0
892,946,54,0.054,0
874,937,63,0.063,0
930,965,35,0.035,0
858,929,71,0.071,0
860,930,70,0.07,0
860,930,70,0.07,0
886,943,57,0.057,0
882,941,59,0.059,0
922,961,39,0.039,0
888,944,56,0.056,0
884,942,58,0.058,0
874,937,63,0.063,0
920,960,40,0.04,0
900,950,50,0.05,0
878,939,61,0.061,0
928,964,36,0.036,0
860,930,70,0.07,0
844,922,78,0.078,0
878,939,61,0.061,0
884,942,58,0.058,0
906,953,47,0.047,0
840,920,80,0.08,0
900,950,50,0.05,0
912,956,44,0.044,0
844,922,78,0.078,0
864,932,68,0.068,0
950,975,25,0.025,0
824,912,88,0.088,0
848,924,76,0.076,0
898,949,51,0.051,0
872,936,64,0.064,0
886,943,57,0.057,0
894,947,53,0.053,0
906,953,47,0.047,0
846,923,77,0.077,0
890,945,55,0.055,0
944,972,28,0.028,0
852,926,74,0.074,0
842,921,79,0.079,0
922,961,39,0.039,0
878,939,61,0.061,0
840,920,80,0.08,0
900,950,50,0.05,0
842,921,79,0.079,0
872,936,64,0.064,0
922,961,39,0.039,0
908,954,46,0.046,0
894,947,53,0.053,0
856,928,72,0.072,0
886,943,57,0.057,0
906,953,47,0.047,0
856,928,72,0.072,0
864,932,68,0.068,0
886,943,57,0.057,0
836,918,82,0.082,0
882,941,59,0.059,0
896,948,52,0.052,0
880,940,60,0.06,0
916,958,42,0.042,0
884,942,58,0.058,0
870,935,65,0.065,0
894,947,53,0.053,0
916,958,42,0.042,0
878,939,61,0.061,0
896,948,52,0.052,0
936,968,32,0.032,0
904,952,48,0.048,0
916,958,42,0.042,0
938,969,31,0.031,0
904,952,48,0.048,0
904,952,48,0.048,0
894,947,53,0.053,0
878,939,61,0.061,0
876,938,62,0.062,0
892,946,54,0.054,0
906,953,47,0.047,0
914,957,43,0.043,0
832,916,84,0.084,0
910,955,45,0.045,0
894,947,53,0.053,0
888,944,56,0.056,0
902,951,49,0.049,0
926,963,37,0.037,0
844,922,78,0.078,0
902,951,49,0.049,0
860,930,70,0.07,0
902,951,49,0.049,0
898,949,51,0.051,0
872,936,64,0.064,0
900,950,50,0.05,0
856,928,72,0.072,0
896,948,52,0.052,0
884,942,58,0.058,0
890,945,55,0.055,0
886,943,57,0.057,0
892,946,54,0.054,0
902,951,49,0.049,0
910,955,45,0.045,0
840,920,80,0.08,0
830,915,85,0.085,0
874,937,63,0.063,0
916,958,42,0.042,0
856,928,72,0.072,0
918,959,41,0.041,0
876,938,62,0.062,0
888,944,56,0.056,0
904,952,48,0.048,0
876,938,62,0.062,0
858,929,71,0.071,0
896,948,52,0.052,0
868,934,66,0.066,0
868,934,66,0.066,0
884,942,58,0.058,0
924,962,38,0.038,0
818,909,91,0.091,0
934,967,33,0.033,0
872,936,64,0.064,0
802,901,99,0.099,0
828,914,86,0.086,0
866,933,67,0.067,0
906,953,47,0.047,0
880,940,60,0.06,0
848,924,76,0.076,0
864,932,68,0.068,0
894,947,53,0.053,0
860,930,70,0.07,0
862,931,69,0.069,0
912,956,44,0.044,0
862,931,69,0.069,0
870,935,65,0.065,0
874,937,63,0.063,0
870,935,65,0.065,0
842,921,79,0.079,0
894,947,53,0.053,0
934,967,33,0.033,0
840,920,80,0.08,0
862,931,69,0.069,0
836,918,82,0.082,0
898,949,51,0.051,0
874,937,63,0.063,0
914,957,43,0.043,0
894,947,53,0.053,0
878,939,61,0.061,0
894,947,53,0.053,0
924,962,38,0.038,0
906,953,47,0.047,0
904,952,48,0.048,0
870,935,65,0.065,0
846,923,77,0.077,0
910,955,45,0.045,0
910,955,45,0.045,0
886,943,57,0.057,0
860,930,70,0.07,0
906,953,47,0.047,0
904,952,48,0.048,0
860,930,70,0.07,0
934,967,33,0.033,0
874,937,63,0.063,0
894,947,53,0.053,0
914,957,43,0.043,0
872,936,64,0.064,0
882,941,59,0.059,0
872,936,64,0.064,0
832,916,84,0.084,0
926,963,37,0.037,0
900,950,50,0.05,0
916,958,42,0.042,0
874,937,63,0.063,0
872,936,64,0.064,0
912,956,44,0.044,0
884,942,58,0.058,0
874,937,63,0.063,0
890,945,55,0.055,0
882,941,59,0.059,0
894,947,53,0.053,0
898,949,51,0.051,0
854,927,73,0.073,0
898,949,51,0.051,0
904,952,48,0.048,0
912,956,44,0.044,0
866,933,67,0.067,0
880,940,60,0.06,0
906,953,47,0.047,0
906,953,47,0.047,0
916,958,42,0.042,0
840,920,80,0.08,0
944,972,28,0.028,0
926,963,37,0.037,0
918,959,41,0.041,0
896,948,52,0.052,0
842,921,79,0.079,0
888,944,56,0.056,0
866,933,67,0.067,0
874,937,63,0.063,0
876,938,62,0.062,0
828,914,86,0.086,0
886,943,57,0.057,0
868,934,66,0.066,0
890,945,55,0.055,0
918,959,41,0.041,0
880,940,60,0.06,0
920,960,40,0.04,0
892,946,54,0.054,0
922,961,39,0.039,0
920,960,40,0.04,0
874,937,63,0.063,0
896,948,52,0.052,0
922,961,39,0.039,0
844,922,78,0.078,0
874,937,63,0.063,0
874,937,63,0.063,0
910,955,45,0.045,0
868,934,66,0.066,0
888,944,56,0.056,0
884,942,58,0.058,0
904,952,48,0.048,0
922,961,39,0.039,0
842,921,79,0.079,0
858,929,71,0.071,0
864,932,68,0.068,0
878,939,61,0.061,0
930,965,35,0.035,0
900,950,50,0.05,0
884,942,58,0.058,0
892,946,54,0.054,0
892,946,54,0.054,0
904,952,48,0.048,0
890,945,55,0.055,0
894,947,53,0.053,0
878,939,61,0.061,0
854,927,73,0.073,0
926,963,37,0.037,0
942,971,29,0.029,0
872,936,64,0.064,0
888,944,56,0.056,0
878,939,61,0.061,0
874,937,63,0.063,0
874,937,63,0.063,0
860,930,70,0.07,0
890,945,55,0.055,0
906,953,47,0.047,0
894,947,53,0.053,0
864,932,68,0.068,0
908,954,46,0.046,0
898,949,51,0.051,0
930,965,35,0.035,0
874,937,63,0.063,0
846,923,77,0.077,0
894,947,53,0.053,0
868,934,66,0.066,0
924,962,38,0.038,0
856,928,72,0.072,0
854,927,73,0.073,0
934,967,33,0.033,0
902,951,49,0.049,0
900,950,50,0.05,0
872,936,64,0.064,0
904,952,48,0.048,0
874,937,63,0.063,0
852,926,74,0.074,0
902,951,49,0.049,0
884,942,58,0.058,0
900,950,50,0.05,0
880,940,60,0.06,0
844,922,78,0.078,0
904,952,48,0.048,0
878,939,61,0.061,0
900,950,50,0.05,0
854,927,73,0.073,0
862,931,69,0.069,0
852,926,74,0.074,0
838,919,81,0.081,0
866,933,67,0.067,0
902,951,49,0.049,0
848,924,76,0.076,0
902,951,49,0.049,0
900,950,50,0.05,0
884,942,58,0.058,0
888,944,56,0.056,0
908,954,46,0.046,0
906,953,47,0.047,0
852,926,74,0.074,0
902,951,49,0.049,0
832,916,84,0.084,0
868,934,66,0.066,0
910,955,45,0.045,0
862,931,69,0.069,0
882,941,59,0.059,0
874,937,63,0.063,0
866,933,67,0.067,0
862,931,69,0.069,0
864,932,68,0.068,0
848,924,76,0.076,0
894,947,53,0.053,0
882,941,59,0.059,0
866,933,67,0.067,0
874,937,63,0.063,0
876,938,62,0.062,0
900,950,50,0.05,0
898,949,51,0.051,0
860,930,70,0.07,0
862,931,69,0.069,0
902,951,49,0.049,0
870,935,65,0.065,0
848,924,76,0.076,0
912,956,44,0.044,0
930,965,35,0.035,0
830,915,85,0.085,0
904,952,48,0.048,0
882,941,59,0.059,0
908,954,46,0.046,0
856,928,72,0.072,0
866,933,67,0.067,0
870,935,65,0.065,0
908,954,46,0.046,0
894,947,53,0.053,0
896,948,52,0.052,0
874,937,63,0.063,0
914,957,43,0.043,0
888,944,56,0.056,0
878,939,61,0.061,0
882,941,59,0.059,0
842,921,79,0.079,0
874,937,63,0.063,0
896,948,52,0.052,0
894,947,53,0.053,0
890,945,55,0.055,0
902,951,49,0.049,0
834,917,83,0.083,0
840,920,80,0.08,0
890,945,55,0.055,0
866,933,67,0.067,0
894,947,53,0.053,0
912,956,44,0.044,0
848,924,76,0.076,0
896,948,52,0.052,0
896,948,52,0.052,0
878,939,61,0.061,0
860,930,70,0.07,0
884,942,58,0.058,0
926,963,37,0.037,0
870,935,65,0.065,0
870,935,65,0.065,0
870,935,65,0.065,0
870,935,65,0.065,0
874,937,63,0.063,0
870,935,65,0.065,0
860,930,70,0.07,0
886,943,57,0.057,0
916,958,42,0.042,0
902,951,49,0.049,0
880,940,60,0.06,0
888,944,56,0.056,0
880,940,60,0.06,0
910,955,45,0.045,0
876,938,62,0.062,0
870,935,65,0.065,0
918,959,41,0.041,0
908,954,46,0.046,0
898,949,51,0.051,0
912,956,44,0.044,0
934,967,33,0.033,0
896,948,52,0.052,0
878,939,61,0.061,0
870,935,65,0.065,0
876,938,62,0.062,0
920,960,40,0.04,0
910,955,45,0.045,0
890,945,55,0.055,0
886,943,57,0.057,0
870,935,65,0.065,0
890,945,55,0.055,0
942,971,29,0.029,0
930,965,35,0.035,0
878,939,61,0.061,0
884,942,58,0.058,0
918,959,41,0.041,0
912,956,44,0.044,0
890,945,55,0.055,0
896,948,52,0.052,0
864,932,68,0.068,0
938,969,31,0.031,0
916,958,42,0.042,0
884,942,58,0.058,0
900,950,50,0.05,0
898,949,51,0.051,0
922,961,39,0.039,0
870,935,65,0.065,0
846,923,77,0.077,0
854,927,73,0.073,0
892,946,54,0.054,0
890,945,55,0.055,0
876,938,62,0.062,0
900,950,50,0.05,0
876,938,62,0.062,0
874,937,63,0.063,0
874,937,63,0.063,0
920,960,40,0.04,0
860,930,70,0.07,0
842,921,79,0.079,0
846,923,77,0.077,0
906,953,47,0.047,0
882,941,59,0.059,0
872,936,64,0.064,0
892,946,54,0.054,0
846,923,77,0.077,0
878,939,61,0.061,0
918,959,41,0.041,0
900,950,50,0.05,0
878,939,61,0.061,0
888,944,56,0.056,0
880,940,60,0.06,0
928,964,36,0.036,0
922,961,39,0.039,0
894,947,53,0.053,0
858,929,71,0.071,0
882,941,59,0.059,0
878,939,61,0.061,0
900,950,50,0.05,0
850,925,75,0.075,0
940,970,30,0.03,0
880,940,60,0.06,0
876,938,62,0.062,0
868,934,66,0.066,0
926,963,37,0.037,0
866,933,67,0.067,0
878,939,61,0.061,0
846,923,77,0.077,0
854,927,73,0.073,0
910,955,45,0.045,0
876,938,62,0.062,0
868,934,66,0.066,0
922,961,39,0.039,0
888,944,56,0.056,0
870,935,65,0.065,0
884,942,58,0.058,0
872,936,64,0.064,0
906,953,47,0.047,0
894,947,53,0.053,0
880,940,60,0.06,0
888,944,56,0.056,0
910,955,45,0.045,0
898,949,51,0.051,0
852,926,74,0.074,0
938,969,31,0.031,0
886,943,57,0.057,0
886,943,57,0.057,0
878,939,61,0.061,0
900,950,50,0.05,0
864,932,68,0.068,0
904,952,48,0.048,0
898,949,51,0.051,0
872,936,64,0.064,0
914,957,43,0.043,0
904,952,48,0.048,0
846,923,77,0.077,0
874,937,63,0.063,0
910,955,45,0.045,0
884,942,58,0.058,0
876,938,62,0.062,0
876,938,62,0.062,0
898,949,51,0.051,0
930,965,35,0.035,0
872,936,64,0.064,0
894,947,53,0.053,0
868,934,66,0.066,0
892,946,54,0.054,0
886,943,57,0.057,0
866,933,67,0.067,0
888,944,56,0.056,0
884,942,58,0.058,0
916,958,42,0.042,0
842,921,79,0.079,0
894,947,53,0.053,0
870,935,65,0.065,0
878,939,61,0.061,0
914,957,43,0.043,0
860,930,70,0.07,0
886,943,57,0.057,0
924,962,38,0.038,0
884,942,58,0.058,0
872,936,64,0.064,0
912,956,44,0.044,0
866,933,67,0.067,0
900,950,50,0.05,0
878,939,61,0.061,0
880,940,60,0.06,0
860,930,70,0.07,0
870,935,65,0.065,0
882,941,59,0.059,0
882,941,59,0.059,0
910,955,45,0.045,0
880,940,60,0.06,0
902,951,49,0.049,0
920,960,40,0.04,0
896,948,52,0.052,0
908,954,46,0.046,0
896,948,52,0.052,0
926,963,37,0.037,0
858,929,71,0.071,0
912,956,44,0.044,0
834,917,83,0.083,0
898,949,51,0.051,0
892,946,54,0.054,0
870,935,65,0.065,0
844,922,78,0.078,0
856,928,72,0.072,0
870,935,65,0.065,0
890,945,55,0.055,0
860,930,70,0.07,0
956,978,22,0.022,0
858,929,71,0.071,0
874,937,63,0.063,0
932,966,34,0.034,0
940,970,30,0.03,0
856,928,72,0.072,0
928,964,36,0.036,0
878,939,61,0.061,0
862,931,69,0.069,0
920,960,40,0.04,0
926,963,37,0.037,0
870,935,65,0.065,0
936,968,32,0.032,0
862,931,69,0.069,0
900,950,50,0.05,0
866,933,67,0.067,0
832,916,84,0.084,0
908,954,46,0.046,0
860,930,70,0.07,0
858,929,71,0.071,0
900,950,50,0.05,0
900,950,50,0.05,0
920,960,40,0.04,0
898,949,51,0.051,0
868,934,66,0.066,0
894,947,53,0.053,0
886,943,57,0.057,0
858,929,71,0.071,0
852,926,74,0.074,0
886,943,57,0.057,0
812,906,94,0.094,0
892,946,54,0.054,0
872,936,64,0.064,0
880,940,60,0.06,0
872,936,64,0.064,0
904,952,48,0.048,0
882,941,59,0.059,0
900,950,50,0.05,0
838,919,81,0.081,0
924,962,38,0.038,0
870,935,65,0.065,0
854,927,73,0.073,0
896,948,52,0.052,0
902,951,49,0.049,0
898,949,51,0.051,0
888,944,56,0.056,0
888,944,56,0.056,0
900,950,50,0.05,0
868,934,66,0.066,0
862,931,69,0.069,0
902,951,49,0.049,0
890,945,55,0.055,0
858,929,71,0.071,0
916,958,42,0.042,0
884,942,58,0.058,0
870,935,65,0.065,0
888,944,56,0.056,0
928,964,36,0.036,0
912,956,44,0.044,0
896,948,52,0.052,0
832,916,84,0.084,0
874,937,63,0.063,0
910,955,45,0.045,0
908,954,46,0.046,0
908,954,46,0.046,0
832,916,84,0.084,0
900,950,50,0.05,0
920,960,40,0.04,0
906,953,47,0.047,0
926,963,37,0.037,0
882,941,59,0.059,0
936,968,32,0.032,0
904,952,48,0.048,0
896,948,52,0.052,0
942,971,29,0.029,0
878,939,61,0.061,0
876,938,62,0.062,0
896,948,52,0.052,0
882,941,59,0.059,0
874,937,63,0.063,0
890,945,55,0.055,0
850,925,75,0.075,0
878,939,61,0.061,0
906,953,47,0.047,0
920,960,40,0.04,0
920,960,40,0.04,0
840,920,80,0.08,0
908,954,46,0.046,0
884,942,58,0.058,0
846,923,77,0.077,0
918,959,41,0.041,0
832,916,84,0.084,0
892,946,54,0.054,0
900,950,50,0.05,0
858,929,71,0.071,0
898,949,51,0.051,0
892,946,54,0.054,0
872,936,64,0.064,0
862,931,69,0.069,0
900,950,50,0.05,0
880,940,60,0.06,0
888,944,56,0.056,0
898,949,51,0.051,0
940,970,30,0.03,0
916,958,42,0.042,0
872,936,64,0.064,0
904,952,48,0.048,0
876,938,62,0.062,0
908,954,46,0.046,0
888,944,56,0.056,0
912,956,44,0.044,0
940,970,30,0.03,0
910,955,45,0.045,0
902,951,49,0.049,0
916,958,42,0.042,0
936,968,32,0.032,0
860,930,70,0.07,0
926,963,37,0.037,0
878,939,61,0.061,0
916,958,42,0.042,0
880,940,60,0.06,0
896,948,52,0.052,0
916,958,42,0.042,0
900,950,50,0.05,0
856,928,72,0.072,0
876,938,62,0.062,0
904,952,48,0.048,0
834,917,83,0.083,0
872,936,64,0.064,0
946,973,27,0.027,0
882,941,59,0.059,0
956,978,22,0.022,0
926,963,37,0.037,0
868,934,66,0.066,0
886,943,57,0.057,0
912,956,44,0.044,0
904,952,48,0.048,0
906,953,47,0.047,0
870,935,65,0.065,0
864,932,68,0.068,0
902,951,49,0.049,0
860,930,70,0.07,0
866,933,67,0.067,0
938,969,31,0.031,0
840,920,80,0.08,0
902,951,49,0.049,0
866,933,67,0.067,0
888,944,56,0.056,0
844,922,78,0.078,0
860,930,70,0.07,0
892,946,54,0.054,0
886,943,57,0.057,0
882,941,59,0.059,0
870,935,65,0.065,0
914,957,43,0.043,0
894,947,53,0.053,0
898,949,51,0.051,0
886,943,57,0.057,0
914,957,43,0.043,0
886,943,57,0.057,0
886,943,57,0.057,0
900,950,50,0.05,0
938,969,31,0.031,0
892,946,54,0.054,0
886,943,57,0.057,0
902,951,49,0.049,0
904,952,48,0.048,0
872,936,64,0.064,0
872,936,64,0.064,0
886,943,57,0.057,0
898,949,51,0.051,0
876,938,62,0.062,0
920,960,40,0.04,0
860,930,70,0.07,0
882,941,59,0.059,0
888,944,56,0.056,0
888,944,56,0.056,0
898,949,51,0.051,0
882,941,59,0.059,0
934,967,33,0.033,0
922,961,39,0.039,0
884,942,58,0.058,0
916,958,42,0.042,0
880,940,60,0.06,0
918,959,41,0.041,0
880,940,60,0.06,0
890,945,55,0.055,0
906,953,47,0.047,0
914,957,43,0.043,0
914,957,43,0.043,0
870,935,65,0.065,0
848,924,76,0.076,0
888,944,56,0.056,0
892,946,54,0.054,0
898,949,51,0.051,0
848,924,76,0.076,0
880,940,60,0.06,0
840,920,80,0.08,0
898,949,51,0.051,0
896,948,52,0.052,0
836,918,82,0.082,0
916,958,42,0.042,0
896,948,52,0.052,0
888,944,56,0.056,0
898,949,51,0.051,0
920,960,40,0.04,0
902,951,49,0.049,0
902,951,49,0.049,0
894,947,53,0.053,0
844,922,78,0.078,0
866,933,67,0.067,0
898,949,51,0.051,0
896,948,52,0.052,0
898,949,51,0.051,0
878,939,61,0.061,0
906,953,47,0.047,0
944,972,28,0.028,0
878,939,61,0.061,0
894,947,53,0.053,0
864,932,68,0.068,0
914,957,43,0.043,0
872,936,64,0.064,0
894,947,53,0.053,0
870,935,65,0.065,0
870,935,65,0.065,0
930,965,35,0.035,0
882,941,59,0.059,0
864,932,68,0.068,0
852,926,74,0.074,0
890,945,55,0.055,0
930,965,35,0.035,0
848,924,76,0.076,0
892,946,54,0.054,0
930,965,35,0.035,0
890,945,55,0.055,0
864,932,68,0.068,0
910,955,45,0.045,0
878,939,61,0.061,0
870,935,65,0.065,0
918,959,41,0.041,0
926,963,37,0.037,0
916,958,42,0.042,0
878,939,61,0.061,0
906,953,47,0.047,0
862,931,69,0.069,0
898,949,51,0.051,0
894,947,53,0.053,0
854,927,73,0.073,0
816,908,92,0.092,0
900,950,50,0.05,0
910,955,45,0.045,0
884,942,58,0.058,0
900,950,50,0.05,0
858,929,71,0.071,0
904,952,48,0.048,0
868,934,66,0.066,0
920,960,40,0.04,0
880,940,60,0.06,0
898,949,51,0.051,0
876,938,62,0.062,0
858,929,71,0.071,0
880,940,60,0.06,0
886,943,57,0.057,0
892,946,54,0.054,0
880,940,60,0.06,0
864,932,68,0.068,0
894,947,53,0.053,0
880,940,60,0.06,0
932,966,34,0.034,0
896,948,52,0.052,0
860,930,70,0.07,0
902,951,49,0.049,0
880,940,60,0.06,0
878,939,61,0.061,0
922,961,39,0.039,0
890,945,55,0.055,0
852,926,74,0.074,0
908,954,46,0.046,0
866,933,67,0.067,0
896,948,52,0.052,0
904,952,48,0.048,0
852,926,74,0.074,0
944,972,28,0.028,0
882,941,59,0.059,0
892,946,54,0.054,0
902,951,49,0.049,0
886,943,57,0.057,0
898,949,51,0.051,0
864,932,68,0.068,0
884,942,58,0.058,0
872,936,64,0.064,0
906,953,47,0.047,0
906,953,47,0.047,0
884,942,58,0.058,0
914,957,43,0.043,0
894,947,53,0.053,0
910,955,45,0.045,0
858,929,71,0.071,0
908,954,46,0.046,0
882,941,59,0.059,0
870,935,65,0.065,0
850,925,75,0.075,0
904,952,48,0.048,0
916,958,42,0.042,0
896,948,52,0.052,0
882,941,59,0.059,0
898,949,51,0.051,0
868,934,66,0.066,0
864,932,68,0.068,0
846,923,77,0.077,0
910,955,45,0.045,0
878,939,61,0.061,0
868,934,66,0.066,0
850,925,75,0.075,0
894,947,53,0.053,0
906,953,47,0.047,0
860,930,70,0.07,0
844,922,78,0.078,0
920,960,40,0.04,0
924,962,38,0.038,0
902,951,49,0.049,0
916,958,42,0.042,0
818,909,91,0.091,0
884,942,58,0.058,0
934,967,33,0.033,0
892,946,54,0.054,0
940,970,30,0.03,0
844,922,78,0.078,0
900,950,50,0.05,0
888,944,56,0.056,0
906,953,47,0.047,0
876,938,62,0.062,0
866,933,67,0.067,0
890,945,55,0.055,0
910,955,45,0.045,0
866,933,67,0.067,0
886,943,57,0.057,0
878,939,61,0.061,0
898,949,51,0.051,0
898,949,51,0.051,0
876,938,62,0.062,0
892,946,54,0.054,0
900,950,50,0.05,0
902,951,49,0.049,0
894,947,53,0.053,0
874,937,63,0.063,0
866,933,67,0.067,0
882,941,59,0.059,0
846,923,77,0.077,0
900,950,50,0.05,0
890,945,55,0.055,0
912,956,44,0.044,0
890,945,55,0.055,0
898,949,51,0.051,0
888,944,56,0.056,0
858,929,71,0.071,0
910,955,45,0.045,0
868,934,66,0.066,0
894,947,53,0.053,0
848,924,76,0.076,0
834,917,83,0.083,0
858,929,71,0.071,0
896,948,52,0.052,0
930,965,35,0.035,0
890,945,55,0.055,0
880,940,60,0.06,0
874,937,63,0.063,0
842,921,79,0.079,0
894,947,53,0.053,0
876,938,62,0.062,0
886,943,57,0.057,0
834,917,83,0.083,0
836,918,82,0.082,0
866,933,67,0.067,0
906,953,47,0.047,0
916,958,42,0.042,0
842,921,79,0.079,0
910,955,45,0.045,0
916,958,42,0.042,0
894,947,53,0.053,0
886,943,57,0.057,0
868,934,66,0.066,0
878,939,61,0.061,0
918,959,41,0.041,0
866,933,67,0.067,0
888,944,56,0.056,0
884,942,58,0.058,0
874,937,63,0.063,0
894,947,53,0.053,0
888,944,56,0.056,0
882,941,59,0.059,0
894,947,53,0.053,0
844,922,78,0.078,0
886,943,57,0.057,0
892,946,54,0.054,0
886,943,57,0.057,0
874,937,63,0.063,0
876,938,62,0.062,0
896,948,52,0.052,0
818,909,91,0.091,0
916,958,42,0.042,0
856,928,72,0.072,0
910,955,45,0.045,0
898,949,51,0.051,0
892,946,54,0.054,0
906,953,47,0.047,0
928,964,36,0.036,0
894,947,53,0.053,0
850,925,75,0.075,0
902,951,49,0.049,0
896,948,52,0.052,0
890,945,55,0.055,0
878,939,61,0.061,0
932,966,34,0.034,0
900,950,50,0.05,0
902,951,49,0.049,0
900,950,50,0.05,0
896,948,52,0.052,0
908,954,46,0.046,0
870,935,65,0.065,0
852,926,74,0.074,0
908,954,46,0.046,0
924,962,38,0.038,0
916,958,42,0.042,0
876,938,62,0.062,0
850,925,75,0.075,0
886,943,57,0.057,0
876,938,62,0.062,0
888,944,56,0.056,0
886,943,57,0.057,0
884,942,58,0.058,0
874,937,63,0.063,0
864,932,68,0.068,0
900,950,50,0.05,0
882,941,59,0.059,0
868,934,66,0.066,0
904,952,48,0.048,0
884,942,58,0.058,0
844,922,78,0.078,0
884,942,58,0.058,0
832,916,84,0.084,0
914,957,43,0.043,0
902,951,49,0.049,0
880,940,60,0.06,0
900,950,50,0.05,0
878,939,61,0.061,0
866,933,67,0.067,0
860,930,70,0.07,0
912,956,44,0.044,0
870,935,65,0.065,0
878,939,61,0.061,0
876,938,62,0.062,0
856,928,72,0.072,0
852,926,74,0.074,0
870,935,65,0.065,0
884,942,58,0.058,0
902,951,49,0.049,0
870,935,65,0.065,0
904,952,48,0.048,0
878,939,61,0.061,0
866,933,67,0.067,0
912,956,44,0.044,0
900,950,50,0.05,0
878,939,61,0.061,0
846,923,77,0.077,0
902,951,49,0.049,0
908,954,46,0.046,0
834,917,83,0.083,0
896,948,52,0.052,0
866,933,67,0.067,0
886,943,57,0.057,0
892,946,54,0.054,0
892,946,54,0.054,0
886,943,57,0.057,0
870,935,65,0.065,0
884,942,58,0.058,0
912,956,44,0.044,0
882,941,59,0.059,0
896,948,52,0.052,0
922,961,39,0.039,0
846,923,77,0.077,0
838,919,81,0.081,0
874,937,63,0.063,0
914,957,43,0.043,0
916,958,42,0.042,0
876,938,62,0.062,0
910,955,45,0.045,0
920,960,40,0.04,0
870,935,65,0.065,0
878,939,61,0.061,0
892,946,54,0.054,0
892,946,54,0.054,0
892,946,54,0.054,0
812,906,94,0.094,0
918,959,41,0.041,0
848,924,76,0.076,0
888,944,56,0.056,0
850,925,75,0.075,0
900,950,50,0.05,0
828,914,86,0.086,0
890,945,55,0.055,0
876,938,62,0.062,0
852,926,74,0.074,0
906,953,47,0.047,0
888,944,56,0.056,0
908,954,46,0.046,0
884,942,58,0.058,0
878,939,61,0.061,0
902,951,49,0.049,0
868,934,66,0.066,0
892,946,54,0.054,0
838,919,81,0.081,0
894,947,53,0.053,0
874,937,63,0.063,0
930,965,35,0.035,0
906,953,47,0.047,0
880,940,60,0.06,0
872,936,64,0.064,0
888,944,56,0.056,0
896,948,52,0.052,0
870,935,65,0.065,0
908,954,46,0.046,0
926,963,37,0.037,0
862,931,69,0.069,0
908,954,46,0.046,0
916,958,42,0.042,0
884,942,58,0.058,0
910,955,45,0.045,0
850,925,75,0.075,0
892,946,54,0.054,0
890,945,55,0.055,0
906,953,47,0.047,0
894,947,53,0.053,0
866,933,67,0.067,0
894,947,53,0.053,0
910,955,45,0.045,0
898,949,51,0.051,0
878,939,61,0.061,0
886,943,57,0.057,0
858,929,71,0.071,0
852,926,74,0.074,0
886,943,57,0.057,0
896,948,52,0.052,0
876,938,62,0.062,0
864,932,68,0.068,0
862,931,69,0.069,0
890,945,55,0.055,0
920,960,40,0.04,0
854,927,73,0.073,0
890,945,55,0.055,0
852,926,74,0.074,0
908,954,46,0.046,0
894,947,53,0.053,0
922,961,39,0.039,0
872,936,64,0.064,0
848,924,76,0.076,0
872,936,64,0.064,0
884,942,58,0.058,0
888,944,56,0.056,0
888,944,56,0.056,0
854,927,73,0.073,0
930,965,35,0.035,0
828,914,86,0.086,0
842,921,79,0.079,0
900,950,50,0.05,0
860,930,70,0.07,0
910,955,45,0.045,0
868,934,66,0.066,0
872,936,64,0.064,0
914,957,43,0.043,0
868,934,66,0.066,0
936,968,32,0.032,0
830,915,85,0.085,0
860,930,70,0.07,0
890,945,55,0.055,0
942,971,29,0.029,0
936,968,32,0.032,0
894,947,53,0.053,0
906,953,47,0.047,0
904,952,48,0.048,0
880,940,60,0.06,0
906,953,47,0.047,0
946,973,27,0.027,0
854,927,73,0.073,0
910,955,45,0.045,0
902,951,49,0.049,0
878,939,61,0.061,0
860,930,70,0.07,0
874,937,63,0.063,0
910,955,45,0.045,0
862,931,69,0.069,0
860,930,70,0.07,0
886,943,57,0.057,0
870,935,65,0.065,0
892,946,54,0.054,0
842,921,79,0.079,0
886,943,57,0.057,0
916,958,42,0.042,0
838,919,81,0.081,0
896,948,52,0.052,0
900,950,50,0.05,0
908,954,46,0.046,0
896,948,52,0.052,0
920,960,40,0.04,0
894,947,53,0.053,0
902,951,49,0.049,0
882,941,59,0.059,0
920,960,40,0.04,0
900,950,50,0.05,0
836,918,82,0.082,0
900,950,50,0.05,0
922,961,39,0.039,0
902,951,49,0.049,0
902,951,49,0.049,0
890,945,55,0.055,0
858,929,71,0.071,0
890,945,55,0.055,0
838,919,81,0.081,0
922,961,39,0.039,0
918,959,41,0.041,0
858,929,71,0.071,0
900,950,50,0.05,0
860,930,70,0.07,0
886,943,57,0.057,0
876,938,62,0.062,0
898,949,51,0.051,0
886,943,57,0.057,0
890,945,55,0.055,0
834,917,83,0.083,0
882,941,59,0.059,0
888,944,56,0.056,0
874,937,63,0.063,0
926,963,37,0.037,0
848,924,76,0.076,0
880,940,60,0.06,0
858,929,71,0.071,0
874,937,63,0.063,0
854,927,73,0.073,0
898,949,51,0.051,0
864,932,68,0.068,0
846,923,77,0.077,0
858,929,71,0.071,0
912,956,44,0.044,0
926,963,37,0.037,0
828,914,86,0.086,0
914,957,43,0.043,0
898,949,51,0.051,0
856,928,72,0.072,0
894,947,53,0.053,0
904,952,48,0.048,0
900,950,50,0.05,0
940,970,30,0.03,0
912,956,44,0.044,0
898,949,51,0.051,0
914,957,43,0.043,0
928,964,36,0.036,0
878,939,61,0.061,0
852,926,74,0.074,0
904,952,48,0.048,0
894,947,53,0.053,0
914,957,43,0.043,0
854,927,73,0.073,0
902,951,49,0.049,0
908,954,46,0.046,0
880,940,60,0.06,0
920,960,40,0.04,0
850,925,75,0.075,0
904,952,48,0.048,0
894,947,53,0.053,0
902,951,49,0.049,0
930,965,35,0.035,0
886,943,57,0.057,0
872,936,64,0.064,0
872,936,64,0.064,0
890,945,55,0.055,0
890,945,55,0.055,0
882,941,59,0.059,0
878,939,61,0.061,0
892,946,54,0.054,0
884,942,58,0.058,0
906,953,47,0.047,0
902,951,49,0.049,0
872,936,64,0.064,0
874,937,63,0.063,0
898,949,51,0.051,0
870,935,65,0.065,0
876,938,62,0.062,0
820,910,90,0.09,0
898,949,51,0.051,0
900,950,50,0.05,0
856,928,72,0.072,0
890,945,55,0.055,0
896,948,52,0.052,0
904,952,48,0.048,0
880,940,60,0.06,0
866,933,67,0.067,0
876,938,62,0.062,0
902,951,49,0.049,0
856,928,72,0.072,0
896,948,52,0.052,0
882,941,59,0.059,0
898,949,51,0.051,0
898,949,51,0.051,0
900,950,50,0.05,0
876,938,62,0.062,0
876,938,62,0.062,0
922,961,39,0.039,0
922,961,39,0.039,0
888,944,56,0.056,0
896,948,52,0.052,0
864,932,68,0.068,0
862,931,69,0.069,0
892,946,54,0.054,0
890,945,55,0.055,0
856,928,72,0.072,0
868,934,66,0.066,0
880,940,60,0.06,0
840,920,80,0.08,0
884,942,58,0.058,0
930,965,35,0.035,0
822,911,89,0.089,0
888,944,56,0.056,0
896,948,52,0.052,0
896,948,52,0.052,0
926,963,37,0.037,0
906,953,47,0.047,0
920,960,40,0.04,0
914,957,43,0.043,0
894,947,53,0.053,0
890,945,55,0.055,0
896,948,52,0.052,0
900,950,50,0.05,0
830,915,85,0.085,0
910,955,45,0.045,0
888,944,56,0.056,0
896,948,52,0.052,0
954,977,23,0.023,0
910,955,45,0.045,0
950,975,25,0.025,0
886,943,57,0.057,0
886,943,57,0.057,0
852,926,74,0.074,0
874,937,63,0.063,0
886,943,57,0.057,0
884,942,58,0.058,0
886,943,57,0.057,0
910,955,45,0.045,0
898,949,51,0.051,0
880,940,60,0.06,0
886,943,57,0.057,0
896,948,52,0.052,0
886,943,57,0.057,0
902,951,49,0.049,0
834,917,83,0.083,0
910,955,45,0.045,0
892,946,54,0.054,0
884,942,58,0.058,0
910,955,45,0.045,0
894,947,53,0.053,0
870,935,65,0.065,0
898,949,51,0.051,0
900,950,50,0.05,0
864,932,68,0.068,0
888,944,56,0.056,0
924,962,38,0.038,0
878,939,61,0.061,0
902,951,49,0.049,0
878,939,61,0.061,0
886,943,57,0.057,0
912,956,44,0.044,0
878,939,61,0.061,0
906,953,47,0.047,0
888,944,56,0.056,0
910,955,45,0.045,0
846,923,77,0.077,0
906,953,47,0.047,0
866,933,67,0.067,0
902,951,49,0.049,0
898,949,51,0.051,0
926,963,37,0.037,0
908,954,46,0.046,0
898,949,51,0.051,0
888,944,56,0.056,0
850,925,75,0.075,0
880,940,60,0.06,0
892,946,54,0.054,0
930,965,35,0.035,0
844,922,78,0.078,0
872,936,64,0.064,0
908,954,46,0.046,0
912,956,44,0.044,0
924,962,38,0.038,0
952,976,24,0.024,0
870,935,65,0.065,0
904,952,48,0.048,0
914,957,43,0.043,0
824,912,88,0.088,0
856,928,72,0.072,0
898,949,51,0.051,0
886,943,57,0.057,0
900,950,50,0.05,0
882,941,59,0.059,0
940,970,30,0.03,0
892,946,54,0.054,0
850,925,75,0.075,0
872,936,64,0.064,0
846,923,77,0.077,0
892,946,54,0.054,0
886,943,57,0.057,0
902,951,49,0.049,0
878,939,61,0.061,0
866,933,67,0.067,0
876,938,62,0.062,0
868,934,66,0.066,0
888,944,56,0.056,0
884,942,58,0.058,0
890,945,55,0.055,0
900,950,50,0.05,0
866,933,67,0.067,0
920,960,40,0.04,0
928,964,36,0.036,0
914,957,43,0.043,0
868,934,66,0.066,0
904,952,48,0.048,0
896,948,52,0.052,0
870,935,65,0.065,0
844,922,78,0.078,0
876,938,62,0.062,0
886,943,57,0.057,0
914,957,43,0.043,0
906,953,47,0.047,0
862,931,69,0.069,0
882,941,59,0.059,0
908,954,46,0.046,0
872,936,64,0.064,0
898,949,51,0.051,0
862,931,69,0.069,0
908,954,46,0.046,0
902,951,49,0.049,0
886,943,57,0.057,0
876,938,62,0.062,0
898,949,51,0.051,0
906,953,47,0.047,0
910,955,45,0.045,0
936,968,32,0.032,0
900,950,50,0.05,0
920,960,40,0.04,0
908,954,46,0.046,0
918,959,41,0.041,0
898,949,51,0.051,0
880,940,60,0.06,0
908,954,46,0.046,0
846,923,77,0.077,0
912,956,44,0.044,0
838,919,81,0.081,0
920,960,40,0.04,0
854,927,73,0.073,0
862,931,69,0.069,0
882,941,59,0.059,0
880,940,60,0.06,0
858,929,71,0.071,0
856,928,72,0.072,0
884,942,58,0.058,0
892,946,54,0.054,0
890,945,55,0.055,0
890,945,55,0.055,0
880,940,60,0.06,0
918,959,41,0.041,0
920,960,40,0.04,0
904,952,48,0.048,0
866,933,67,0.067,0
852,926,74,0.074,0
922,961,39,0.039,0
888,944,56,0.056,0
910,955,45,0.045,0
902,951,49,0.049,0
842,921,79,0.079,0
890,945,55,0.055,0
914,957,43,0.043,0
888,944,56,0.056,0
878,939,61,0.061,0
930,965,35,0.035,0
918,959,41,0.041,0
854,927,73,0.073,0
918,959,41,0.041,0
904,952,48,0.048,0
910,955,45,0.045,0
880,940,60,0.06,0
852,926,74,0.074,0
902,951,49,0.049,0
884,942,58,0.058,0
878,939,61,0.061,0
886,943,57,0.057,0
884,942,58,0.058,0
870,935,65,0.065,0
902,951,49,0.049,0
856,928,72,0.072,0
884,942,58,0.058,0
878,939,61,0.061,0
874,937,63,0.063,0
918,959,41,0.041,0
880,940,60,0.06,0
958,979,21,0.021,0
882,941,59,0.059,0
874,937,63,0.063,0
872,936,64,0.064,0
856,928,72,0.072,0
904,952,48,0.048,0
916,958,42,0.042,0
844,922,78,0.078,0
916,958,42,0.042,0
862,931,69,0.069,0
878,939,61,0.061,0
852,926,74,0.074,0
856,928,72,0.072,0
908,954,46,0.046,0
892,946,54,0.054,0
858,929,71,0.071,0
868,934,66,0.066,0
876,938,62,0.062,0
870,935,65,0.065,0
888,944,56,0.056,0
888,944,56,0.056,0
908,954,46,0.046,0
870,935,65,0.065,0
894,947,53,0.053,0
878,939,61,0.061,0
872,936,64,0.064,0
866,933,67,0.067,0
926,963,37,0.037,0
914,957,43,0.043,0
914,957,43,0.043,0
872,936,64,0.064,0
880,940,60,0.06,0
848,924,76,0.076,0
930,965,35,0.035,0
884,942,58,0.058,0
858,929,71,0.071,0
858,929,71,0.071,0
880,940,60,0.06,0
838,919,81,0.081,0
912,956,44,0.044,0
880,940,60,0.06,0
902,951,49,0.049,0
862,931,69,0.069,0
912,956,44,0.044,0
908,954,46,0.046,0
864,932,68,0.068,0
854,927,73,0.073,0
902,951,49,0.049,0
900,950,50,0.05,0
900,950,50,0.05,0
896,948,52,0.052,0
880,940,60,0.06,0
878,939,61,0.061,0
924,962,38,0.038,0
890,945,55,0.055,0
888,944,56,0.056,0
870,935,65,0.065,0
888,944,56,0.056,0
912,956,44,0.044,0
880,940,60,0.06,0
932,966,34,0.034,0
896,948,52,0.052,0
890,945,55,0.055,0
882,941,59,0.059,0
882,941,59,0.059,0
906,953,47,0.047,0
838,919,81,0.081,0
898,949,51,0.051,0
886,943,57,0.057,0
892,946,54,0.054,0
868,934,66,0.066,0
882,941,59,0.059,0
868,934,66,0.066,0
906,953,47,0.047,0
804,902,98,0.098,0
888,944,56,0.056,0
872,936,64,0.064,0
894,947,53,0.053,0
904,952,48,0.048,0
832,916,84,0.084,0
884,942,58,0.058,0
896,948,52,0.052,0
852,926,74,0.074,0
878,939,61,0.061,0
906,953,47,0.047,0
890,945,55,0.055,0
886,943,57,0.057,0
890,945,55,0.055,0
830,915,85,0.085,0
856,928,72,0.072,0
906,953,47,0.047,0
864,932,68,0.068,0
874,937,63,0.063,0
830,915,85,0.085,0
818,909,91,0.091,0
866,933,67,0.067,0
914,957,43,0.043,0
882,941,59,0.059,0
896,948,52,0.052,0
900,950,50,0.05,0
912,956,44,0.044,0
890,945,55,0.055,0
892,946,54,0.054,0
922,961,39,0.039,0
860,930,70,0.07,0
854,927,73,0.073,0
880,940,60,0.06,0
908,954,46,0.046,0
916,958,42,0.042,0
884,942,58,0.058,0
928,964,36,0.036,0
880,940,60,0.06,0
890,945,55,0.055,0
882,941,59,0.059,0
888,944,56,0.056,0
870,935,65,0.065,0
850,925,75,0.075,0
884,942,58,0.058,0
890,945,55,0.055,0
882,941,59,0.059,0
918,959,41,0.041,0
864,932,68,0.068,0
902,951,49,0.049,0
888,944,56,0.056,0
872,936,64,0.064,0
884,942,58,0.058,0
904,952,48,0.048,0
932,966,34,0.034,0
898,949,51,0.051,0
892,946,54,0.054,0
896,948,52,0.052,0
898,949,51,0.051,0
836,918,82,0.082,0
838,919,81,0.081,0
906,953,47,0.047,0
904,952,48,0.048,0
840,920,80,0.08,0
886,943,57,0.057,0
882,941,59,0.059,0
862,931,69,0.069,0
906,953,47,0.047,0
874,937,63,0.063,0
898,949,51,0.051,0
850,925,75,0.075,0
892,946,54,0.054,0
884,942,58,0.058,0
908,954,46,0.046,0
838,919,81,0.081,0
894,947,53,0.053,0
904,952,48,0.048,0
894,947,53,0.053,0
926,963,37,0.037,0
898,949,51,0.051,0
878,939,61,0.061,0
882,941,59,0.059,0
854,927,73,0.073,0
898,949,51,0.051,0
876,938,62,0.062,0
874,937,63,0.063,0
916,958,42,0.042,0
850,925,75,0.075,0
892,946,54,0.054,0
850,925,75,0.075,0
862,931,69,0.069,0
846,923,77,0.077,0
870,935,65,0.065,0
848,924,76,0.076,0
904,952,48,0.048,0
890,945,55,0.055,0
878,939,61,0.061,0
852,926,74,0.074,0
918,959,41,0.041,0
894,947,53,0.053,0
864,932,68,0.068,0
920,960,40,0.04,0
904,952,48,0.048,0
902,951,49,0.049,0
906,953,47,0.047,0
908,954,46,0.046,0
886,943,57,0.057,0
870,935,65,0.065,0
812,906,94,0.094,0
912,956,44,0.044,0
904,952,48,0.048,0
888,944,56,0.056,0
890,945,55,0.055,0
910,955,45,0.045,0
898,949,51,0.051,0
858,929,71,0.071,0
886,943,57,0.057,0
844,922,78,0.078,0
944,972,28,0.028,0
880,940,60,0.06,0
906,953,47,0.047,0
860,930,70,0.07,0
858,929,71,0.071,0
886,943,57,0.057,0
868,934,66,0.066,0
898,949,51,0.051,0
868,934,66,0.066,0
894,947,53,0.053,0
848,924,76,0.076,0
890,945,55,0.055,0
896,948,52,0.052,0
852,926,74,0.074,0
880,940,60,0.06,0
886,943,57,0.057,0
928,964,36,0.036,0
876,938,62,0.062,0
882,941,59,0.059,0
878,939,61,0.061,0
944,972,28,0.028,0
868,934,66,0.066,0
868,934,66,0.066,0
890,945,55,0.055,0
898,949,51,0.051,0
880,940,60,0.06,0
892,946,54,0.054,0
880,940,60,0.06,0
894,947,53,0.053,0
862,931,69,0.069,0
870,935,65,0.065,0
916,958,42,0.042,0
904,952,48,0.048,0
900,950,50,0.05,0
900,950,50,0.05,0
816,908,92,0.092,0
892,946,54,0.054,0
872,936,64,0.064,0
874,937,63,0.063,0
876,938,62,0.062,0
914,957,43,0.043,0
908,954,46,0.046,0
898,949,51,0.051,0
864,932,68,0.068,0
876,938,62,0.062,0
826,913,87,0.087,0
848,924,76,0.076,0
920,960,40,0.04,0
890,945,55,0.055,0
842,921,79,0.079,0
938,969,31,0.031,0
890,945,55,0.055,0
866,933,67,0.067,0
916,958,42,0.042,0
856,928,72,0.072,0
880,940,60,0.06,0
892,946,54,0.054,0
904,952,48,0.048,0
918,959,41,0.041,0
922,961,39,0.039,0
906,953,47,0.047,0
896,948,52,0.052,0
914,957,43,0.043,0
894,947,53,0.053,0
924,962,38,0.038,0
922,961,39,0.039,0
870,935,65,0.065,0
932,966,34,0.034,0
896,948,52,0.052,0
958,979,21,0.021,0
896,948,52,0.052,0
896,948,52,0.052,0
926,963,37,0.037,0
874,937,63,0.063,0
864,932,68,0.068,0
918,959,41,0.041,0
914,957,43,0.043,0
890,945,55,0.055,0
878,939,61,0.061,0
928,964,36,0.036,0
950,975,25,0.025,0
868,934,66,0.066,0
882,941,59,0.059,0
870,935,65,0.065,0
858,929,71,0.071,0
872,936,64,0.064,0
862,931,69,0.069,0
784,892,108,0.108,0
908,954,46,0.046,0
896,948,52,0.052,0
892,946,54,0.054,0
904,952,48,0.048,0
888,944,56,0.056,0
878,939,61,0.061,0
856,928,72,0.072,0
928,964,36,0.036,0
906,953,47,0.047,0
900,950,50,0.05,0
938,969,31,0.031,0
876,938,62,0.062,0
856,928,72,0.072,0
910,955,45,0.045,0
926,963,37,0.037,0
898,949,51,0.051,0
862,931,69,0.069,0
910,955,45,0.045,0
890,945,55,0.055,0
908,954,46,0.046,0
884,942,58,0.058,0
912,956,44,0.044,0
896,948,52,0.052,0
868,934,66,0.066,0
890,945,55,0.055,0
918,959,41,0.041,0
846,923,77,0.077,0
884,942,58,0.058,0
882,941,59,0.059,0
922,961,39,0.039,0
918,959,41,0.041,0
892,946,54,0.054,0
878,939,61,0.061,0
858,929,71,0.071,0
880,940,60,0.06,0
904,952,48,0.048,0
904,952,48,0.048,0
902,951,49,0.049,0
862,931,69,0.069,0
896,948,52,0.052,0
866,933,67,0.067,0
896,948,52,0.052,0
882,941,59,0.059,0
892,946,54,0.054,0
918,959,41,0.041,0
904,952,48,0.048,0
942,971,29,0.029,0
922,961,39,0.039,0
898,949,51,0.051,0
920,960,40,0.04,0
890,945,55,0.055,0
902,951,49,0.049,0
892,946,54,0.054,0
890,945,55,0.055,0
854,927,73,0.073,0
894,947,53,0.053,0
860,930,70,0.07,0
878,939,61,0.061,0
908,954,46,0.046,0
904,952,48,0.048,0
898,949,51,0.051,0
866,933,67,0.067,0
922,961,39,0.039,0
892,946,54,0.054,0
848,924,76,0.076,0
902,951,49,0.049,0
870,935,65,0.065,0
870,935,65,0.065,0
878,939,61,0.061,0
838,919,81,0.081,0
878,939,61,0.061,0
894,947,53,0.053,0
852,926,74,0.074,0
906,953,47,0.047,0
918,959,41,0.041,0
894,947,53,0.053,0
872,936,64,0.064,0
878,939,61,0.061,0
920,960,40,0.04,0
862,931,69,0.069,0
880,940,60,0.06,0
912,956,44,0.044,0
908,954,46,0.046,0
890,945,55,0.055,0
920,960,40,0.04,0
876,938,62,0.062,0
916,958,42,0.042,0
920,960,40,0.04,0
898,949,51,0.051,0
798,899,101,0.101,0
844,922,78,0.078,0
876,938,62,0.062,0
880,940,60,0.06,0
924,962,38,0.038,0
896,948,52,0.052,0
864,932,68,0.068,0
918,959,41,0.041,0
892,946,54,0.054,0
884,942,58,0.058,0
888,944,56,0.056,0
842,921,79,0.079,0
836,918,82,0.082,0
934,967,33,0.033,0
918,959,41,0.041,0
934,967,33,0.033,0
874,937,63,0.063,0
858,929,71,0.071,0
924,962,38,0.038,0
884,942,58,0.058,0
916,958,42,0.042,0
854,927,73,0.073,0
888,944,56,0.056,0
862,931,69,0.069,0
882,941,59,0.059,0
942,971,29,0.029,0
872,936,64,0.064,0
890,945,55,0.055,0
862,931,69,0.069,0
924,962,38,0.038,0
838,919,81,0.081,0
888,944,56,0.056,0
868,934,66,0.066,0
898,949,51,0.051,0
904,952,48,0.048,0
892,946,54,0.054,0
846,923,77,0.077,0
902,951,49,0.049,0
882,941,59,0.059,0
878,939,61,0.061,0
866,933,67,0.067,0
900,950,50,0.05,0
864,932,68,0.068,0
918,959,41,0.041,0
906,953,47,0.047,0
864,932,68,0.068,0
890,945,55,0.055,0
760,880,120,0.12,0
908,954,46,0.046,0
912,956,44,0.044,0
916,958,42,0.042,0
928,964,36,0.036,0
844,922,78,0.078,0
868,934,66,0.066,0
916,958,42,0.042,0
882,941,59,0.059,0
908,954,46,0.046,0
880,940,60,0.06,0
916,958,42,0.042,0
904,952,48,0.048,0
858,929,71,0.071,0
882,941,59,0.059,0
910,955,45,0.045,0
836,918,82,0.082,0
880,940,60,0.06,0
890,945,55,0.055,0
898,949,51,0.051,0
910,955,45,0.045,0
890,945,55,0.055,0
876,938,62,0.062,0
910,955,45,0.045,0
874,937,63,0.063,0
858,929,71,0.071,0
900,950,50,0.05,0
856,928,72,0.072,0
902,951,49,0.049,0
866,933,67,0.067,0
904,952,48,0.048,0
880,940,60,0.06,0
888,944,56,0.056,0
902,951,49,0.049,0
874,937,63,0.063,0
894,947,53,0.053,0
904,952,48,0.048,0
912,956,44,0.044,0
868,934,66,0.066,0
874,937,63,0.063,0
868,934,66,0.066,0
894,947,53,0.053,0
880,940,60,0.06,0
904,952,48,0.048,0
892,946,54,0.054,0
878,939,61,0.061,0
890,945,55,0.055,0
890,945,55,0.055,0
876,938,62,0.062,0
898,949,51,0.051,0
878,939,61,0.061,0
858,929,71,0.071,0
886,943,57,0.057,0
904,952,48,0.048,0
888,944,56,0.056,0
876,938,62,0.062,0
886,943,57,0.057,0
864,932,68,0.068,0
882,941,59,0.059,0
924,962,38,0.038,0
898,949,51,0.051,0
862,931,69,0.069,0
916,958,42,0.042,0
914,957,43,0.043,0
924,962,38,0.038,0
912,956,44,0.044,0
890,945,55,0.055,0
896,948,52,0.052,0
910,955,45,0.045,0
896,948,52,0.052,0
906,953,47,0.047,0
878,939,61,0.061,0
882,941,59,0.059,0
910,955,45,0.045,0
920,960,40,0.04,0
878,939,61,0.061,0
894,947,53,0.053,0
900,950,50,0.05,0
922,961,39,0.039,0
902,951,49,0.049,0
912,956,44,0.044,0
918,959,41,0.041,0
850,925,75,0.075,0
880,940,60,0.06,0
884,942,58,0.058,0
908,954,46,0.046,0
926,963,37,0.037,0
892,946,54,0.054,0
902,951,49,0.049,0
846,923,77,0.077,0
880,940,60,0.06,0
916,958,42,0.042,0
862,931,69,0.069,0
882,941,59,0.059,0
898,949,51,0.051,0
888,944,56,0.056,0
926,963,37,0.037,0
860,930,70,0.07,0
880,940,60,0.06,0
892,946,54,0.054,0
888,944,56,0.056,0
876,938,62,0.062,0
898,949,51,0.051,0
874,937,63,0.063,0
888,944,56,0.056,0
836,918,82,0.082,0
884,942,58,0.058,0
922,961,39,0.039,0
920,960,40,0.04,0
854,927,73,0.073,0
846,923,77,0.077,0
902,951,49,0.049,0
866,933,67,0.067,0
898,949,51,0.051,0
882,941,59,0.059,0
898,949,51,0.051,0
896,948,52,0.052,0
924,962,38,0.038,0
892,946,54,0.054,0
886,943,57,0.057,0
898,949,51,0.051,0
898,949,51,0.051,0
866,933,67,0.067,0
906,953,47,0.047,0
920,960,40,0.04,0
866,933,67,0.067,0
882,941,59,0.059,0
892,946,54,0.054,0
870,935,65,0.065,0
878,939,61,0.061,0
904,952,48,0.048,0
892,946,54,0.054,0
872,936,64,0.064,0
906,953,47,0.047,0
878,939,61,0.061,0
884,942,58,0.058,0
862,931,69,0.069,0
890,945,55,0.055,0
870,935,65,0.065,0
864,932,68,0.068,0
916,958,42,0.042,0
904,952,48,0.048,0
888,944,56,0.056,0
902,951,49,0.049,0
932,966,34,0.034,0
852,926,74,0.074,0
880,940,60,0.06,0
922,961,39,0.039,0
900,950,50,0.05,0
920,960,40,0.04,0
866,933,67,0.067,0
874,937,63,0.063,0
934,967,33,0.033,0
920,960,40,0.04,0
856,928,72,0.072,0
894,947,53,0.053,0
898,949,51,0.051,0
852,926,74,0.074,0
886,943,57,0.057,0
898,949,51,0.051,0
926,963,37,0.037,0
890,945,55,0.055,0
890,945,55,0.055,0
902,951,49,0.049,0
898,949,51,0.051,0
924,962,38,0.038,0
908,954,46,0.046,0
926,963,37,0.037,0
890,945,55,0.055,0
866,933,67,0.067,0
878,939,61,0.061,0
906,953,47,0.047,0
874,937,63,0.063,0
830,915,85,0.085,0
872,936,64,0.064,0
870,935,65,0.065,0
908,954,46,0.046,0
874,937,63,0.063,0
836,918,82,0.082,0
908,954,46,0.046,0
886,943,57,0.057,0
868,934,66,0.066,0
862,931,69,0.069,0
900,950,50,0.05,0
922,961,39,0.039,0
888,944,56,0.056,0
890,945,55,0.055,0
902,951,49,0.049,0
888,944,56,0.056,0
858,929,71,0.071,0
950,975,25,0.025,0
884,942,58,0.058,0
966,983,17,0.017,0
884,942,58,0.058,0
880,940,60,0.06,0
904,952,48,0.048,0
944,972,28,0.028,0
888,944,56,0.056,0
846,923,77,0.077,0
884,942,58,0.058,0
908,954,46,0.046,0
904,952,48,0.048,0
880,940,60,0.06,0
854,927,73,0.073,0
928,964,36,0.036,0
908,954,46,0.046,0
904,952,48,0.048,0
882,941,59,0.059,0
892,946,54,0.054,0
888,944,56,0.056,0
890,945,55,0.055,0
832,916,84,0.084,0
892,946,54,0.054,0
872,936,64,0.064,0
874,937,63,0.063,0
868,934,66,0.066,0
880,940,60,0.06,0
880,940,60,0.06,0
910,955,45,0.045,0
892,946,54,0.054,0
880,940,60,0.06,0
830,915,85,0.085,0
886,943,57,0.057,0
842,921,79,0.079,0
888,944,56,0.056,0
912,956,44,0.044,0
882,941,59,0.059,0
910,955,45,0.045,0
860,930,70,0.07,0
890,945,55,0.055,0
904,952,48,0.048,0
886,943,57,0.057,0
892,946,54,0.054,0
872,936,64,0.064,0
880,940,60,0.06,0
862,931,69,0.069,0
854,927,73,0.073,0
872,936,64,0.064,0
892,946,54,0.054,0
854,927,73,0.073,0
912,956,44,0.044,0
928,964,36,0.036,0
880,940,60,0.06,0
888,944,56,0.056,0
902,951,49,0.049,0
926,963,37,0.037,0
862,931,69,0.069,0
876,938,62,0.062,0
928,964,36,0.036,0
876,938,62,0.062,0
888,944,56,0.056,0
876,938,62,0.062,0
874,937,63,0.063,0
854,927,73,0.073,0
822,911,89,0.089,0
902,951,49,0.049,0
900,950,50,0.05,0
866,933,67,0.067,0
910,955,45,0.045,0
892,946,54,0.054,0
912,956,44,0.044,0
852,926,74,0.074,0
890,945,55,0.055,0
890,945,55,0.055,0
880,940,60,0.06,0
880,940,60,0.06,0
890,945,55,0.055,0
862,931,69,0.069,0
848,924,76,0.076,0
876,938,62,0.062,0
920,960,40,0.04,0
910,955,45,0.045,0
878,939,61,0.061,0
904,952,48,0.048,0
882,941,59,0.059,0
880,940,60,0.06,0
894,947,53,0.053,0
876,938,62,0.062,0
892,946,54,0.054,0
930,965,35,0.035,0
886,943,57,0.057,0
904,952,48,0.048,0
868,934,66,0.066,0
896,948,52,0.052,0
858,929,71,0.071,0
922,961,39,0.039,0
892,946,54,0.054,0
858,929,71,0.071,0
888,944,56,0.056,0
926,963,37,0.037,0
852,926,74,0.074,0
918,959,41,0.041,0
878,939,61,0.061,0
878,939,61,0.061,0
932,966,34,0.034,0
874,937,63,0.063,0
900,950,50,0.05,0
902,951,49,0.049,0
912,956,44,0.044,0
832,916,84,0.084,0
886,943,57,0.057,0
876,938,62,0.062,0
846,923,77,0.077,0
894,947,53,0.053,0
824,912,88,0.088,0
866,933,67,0.067,0
894,947,53,0.053,0
884,942,58,0.058,0
852,926,74,0.074,0
886,943,57,0.057,0
916,958,42,0.042,0
912,956,44,0.044,0
874,937,63,0.063,0
868,934,66,0.066,0
886,943,57,0.057,0
900,950,50,0.05,0
850,925,75,0.075,0
920,960,40,0.04,0
848,924,76,0.076,0
900,950,50,0.05,0
902,951,49,0.049,0
890,945,55,0.055,0
946,973,27,0.027,0
942,971,29,0.029,0
912,956,44,0.044,0
906,953,47,0.047,0
854,927,73,0.073,0
904,952,48,0.048,0
884,942,58,0.058,0
896,948,52,0.052,0
886,943,57,0.057,0
888,944,56,0.056,0
886,943,57,0.057,0
856,928,72,0.072,0
868,934,66,0.066,0
918,959,41,0.041,0
878,939,61,0.061,0
874,937,63,0.063,0
890,945,55,0.055,0
894,947,53,0.053,0
916,958,42,0.042,0
890,945,55,0.055,0
866,933,67,0.067,0
902,951,49,0.049,0
912,956,44,0.044,0
906,953,47,0.047,0
860,930,70,0.07,0
886,943,57,0.057,0
892,946,54,0.054,0
870,935,65,0.065,0
902,951,49,0.049,0
900,950,50,0.05,0
864,932,68,0.068,0
884,942,58,0.058,0
894,947,53,0.053,0
894,947,53,0.053,0
908,954,46,0.046,0
858,929,71,0.071,0
878,939,61,0.061,0
884,942,58,0.058,0
882,941,59,0.059,0
936,968,32,0.032,0
916,958,42,0.042,0
910,955,45,0.045,0
876,938,62,0.062,0
850,925,75,0.075,0
894,947,53,0.053,0
916,958,42,0.042,0
848,924,76,0.076,0
906,953,47,0.047,0
930,965,35,0.035,0
924,962,38,0.038,0
910,955,45,0.045,0
894,947,53,0.053,0
868,934,66,0.066,0
894,947,53,0.053,0
894,947,53,0.053,0
906,953,47,0.047,0
894,947,53,0.053,0
850,925,75,0.075,0
878,939,61,0.061,0
864,932,68,0.068,0
908,954,46,0.046,0
886,943,57,0.057,0
910,955,45,0.045,0
876,938,62,0.062,0
892,946,54,0.054,0
888,944,56,0.056,0
870,935,65,0.065,0
896,948,52,0.052,0
932,966,34,0.034,0
858,929,71,0.071,0
894,947,53,0.053,0
898,949,51,0.051,0
906,953,47,0.047,0
910,955,45,0.045,0
896,948,52,0.052,0
900,950,50,0.05,0
882,941,59,0.059,0
868,934,66,0.066,0
892,946,54,0.054,0
852,926,74,0.074,0
880,940,60,0.06,0
916,958,42,0.042,0
892,946,54,0.054,0
908,954,46,0.046,0
884,942,58,0.058,0
930,965,35,0.035,0
914,957,43,0.043,0
926,963,37,0.037,0
874,937,63,0.063,0
896,948,52,0.052,0
888,944,56,0.056,0
906,953,47,0.047,0
852,926,74,0.074,0
840,920,80,0.08,0
896,948,52,0.052,0
892,946,54,0.054,0
930,965,35,0.035,0
848,924,76,0.076,0
890,945,55,0.055,0
906,953,47,0.047,0
844,922,78,0.078,0
900,950,50,0.05,0
906,953,47,0.047,0
876,938,62,0.062,0
896,948,52,0.052,0
890,945,55,0.055,0
892,946,54,0.054,0
894,947,53,0.053,0
904,952,48,0.048,0
880,940,60,0.06,0
938,969,31,0.031,0
906,953,47,0.047,0
906,953,47,0.047,0
874,937,63,0.063,0
884,942,58,0.058,0
836,918,82,0.082,0
870,935,65,0.065,0
928,964,36,0.036,0
900,950,50,0.05,0
856,928,72,0.072,0
892,946,54,0.054,0
880,940,60,0.06,0
914,957,43,0.043,0
900,950,50,0.05,0
904,952,48,0.048,0
880,940,60,0.06,0
902,951,49,0.049,0
910,955,45,0.045,0
868,934,66,0.066,0
886,943,57,0.057,0
910,955,45,0.045,0
880,940,60,0.06,0
866,933,67,0.067,0
922,961,39,0.039,0
916,958,42,0.042,0
858,929,71,0.071,0
872,936,64,0.064,0
850,925,75,0.075,0
856,928,72,0.072,0
876,938,62,0.062,0
898,949,51,0.051,0
882,941,59,0.059,0
886,943,57,0.057,0
916,958,42,0.042,0
892,946,54,0.054,0
902,951,49,0.049,0
866,933,67,0.067,0
868,934,66,0.066,0
864,932,68,0.068,0
870,935,65,0.065,0
872,936,64,0.064,0
884,942,58,0.058,0
896,948,52,0.052,0
900,950,50,0.05,0
850,925,75,0.075,0
898,949,51,0.051,0
902,951,49,0.049,0
888,944,56,0.056,0
918,959,41,0.041,0
886,943,57,0.057,0
892,946,54,0.054,0
912,956,44,0.044,0
864,932,68,0.068,0
888,944,56,0.056,0
896,948,52,0.052,0
882,941,59,0.059,0
954,977,23,0.023,0
880,940,60,0.06,0
856,928,72,0.072,0
896,948,52,0.052,0
900,950,50,0.05,0
906,953,47,0.047,0
844,922,78,0.078,0
894,947,53,0.053,0
898,949,51,0.051,0
884,942,58,0.058,0
884,942,58,0.058,0
904,952,48,0.048,0
848,924,76,0.076,0
884,942,58,0.058,0
904,952,48,0.048,0
904,952,48,0.048,0
842,921,79,0.079,0
910,955,45,0.045,0
914,957,43,0.043,0
864,932,68,0.068,0
830,915,85,0.085,0
892,946,54,0.054,0
892,946,54,0.054,0
902,951,49,0.049,0
888,944,56,0.056,0
880,940,60,0.06,0
878,939,61,0.061,0
892,946,54,0.054,0
902,951,49,0.049,0
868,934,66,0.066,0
886,943,57,0.057,0
860,930,70,0.07,0
920,960,40,0.04,0
894,947,53,0.053,0
880,940,60,0.06,0
882,941,59,0.059,0
916,958,42,0.042,0
904,952,48,0.048,0
906,953,47,0.047,0
898,949,51,0.051,0
898,949,51,0.051,0
922,961,39,0.039,0
874,937,63,0.063,0
910,955,45,0.045,0
860,930,70,0.07,0
892,946,54,0.054,0
910,955,45,0.045,0
894,947,53,0.053,0
876,938,62,0.062,0
878,939,61,0.061,0
900,950,50,0.05,0
898,949,51,0.051,0
958,979,21,0.021,0
864,932,68,0.068,0
878,939,61,0.061,0
862,931,69,0.069,0
866,933,67,0.067,0
872,936,64,0.064,0
872,936,64,0.064,0
862,931,69,0.069,0
858,929,71,0.071,0
884,942,58,0.058,0
844,922,78,0.078,0
878,939,61,0.061,0
850,925,75,0.075,0
908,954,46,0.046,0
844,922,78,0.078,0
884,942,58,0.058,0
846,923,77,0.077,0
916,958,42,0.042,0
896,948,52,0.052,0
922,961,39,0.039,0
896,948,52,0.052,0
912,956,44,0.044,0
886,943,57,0.057,0
904,952,48,0.048,0
896,948,52,0.052,0
864,932,68,0.068,0
866,933,67,0.067,0
884,942,58,0.058,0
856,928,72,0.072,0
862,931,69,0.069,0
886,943,57,0.057,0
888,944,56,0.056,0
870,935,65,0.065,0
908,954,46,0.046,0
912,956,44,0.044,0
854,927,73,0.073,0
886,943,57,0.057,0
884,942,58,0.058,0
912,956,44,0.044,0
856,928,72,0.072,0
882,941,59,0.059,0
884,942,58,0.058,0
910,955,45,0.045,0
888,944,56,0.056,0
900,950,50,0.05,0
900,950,50,0.05,0
944,972,28,0.028,0
868,934,66,0.066,0
886,943,57,0.057,0
908,954,46,0.046,0
886,943,57,0.057,0
860,930,70,0.07,0
900,950,50,0.05,0
906,953,47,0.047,0
856,928,72,0.072,0
898,949,51,0.051,0
834,917,83,0.083,0
888,944,56,0.056,0
920,960,40,0.04,0
902,951,49,0.049,0
858,929,71,0.071,0
900,950,50,0.05,0
874,937,63,0.063,0
930,965,35,0.035,0
912,956,44,0.044,0
874,937,63,0.063,0
858,929,71,0.071,0
884,942,58,0.058,0
900,950,50,0.05,0
822,911,89,0.089,0
918,959,41,0.041,0
898,949,51,0.051,0
850,925,75,0.075,0
900,950,50,0.05,0
912,956,44,0.044,0
880,940,60,0.06,0
840,920,80,0.08,0
900,950,50,0.05,0
910,955,45,0.045,0
870,935,65,0.065,0
876,938,62,0.062,0
902,951,49,0.049,0
872,936,64,0.064,0
874,937,63,0.063,0
808,904,96,0.096,0
894,947,53,0.053,0
880,940,60,0.06,0
876,938,62,0.062,0
864,932,68,0.068,0
892,946,54,0.054,0
914,957,43,0.043,0
888,944,56,0.056,0
912,956,44,0.044,0
862,931,69,0.069,0
922,961,39,0.039,0
868,934,66,0.066,0
890,945,55,0.055,0
902,951,49,0.049,0
900,950,50,0.05,0
890,945,55,0.055,0
848,924,76,0.076,0
900,950,50,0.05,0
902,951,49,0.049,0
918,959,41,0.041,0
842,921,79,0.079,0
920,960,40,0.04,0
874,937,63,0.063,0
920,960,40,0.04,0
906,953,47,0.047,0
920,960,40,0.04,0
896,948,52,0.052,0
910,955,45,0.045,0
886,943,57,0.057,0
916,958,42,0.042,0
902,951,49,0.049,0
846,923,77,0.077,0
910,955,45,0.045,0
852,926,74,0.074,0
890,945,55,0.055,0
858,929,71,0.071,0
872,936,64,0.064,0
888,944,56,0.056,0
860,930,70,0.07,0
892,946,54,0.054,0
890,945,55,0.055,0
876,938,62,0.062,0
928,964,36,0.036,0
894,947,53,0.053,0
896,948,52,0.052,0
874,937,63,0.063,0
912,956,44,0.044,0
882,941,59,0.059,0
882,941,59,0.059,0
912,956,44,0.044,0
864,932,68,0.068,0
872,936,64,0.064,0
912,956,44,0.044,0
882,941,59,0.059,0
890,945,55,0.055,0
880,940,60,0.06,0
894,947,53,0.053,0
890,945,55,0.055,0
832,916,84,0.084,0
868,934,66,0.066,0
904,952,48,0.048,0
888,944,56,0.056,0
900,950,50,0.05,0
874,937,63,0.063,0
864,932,68,0.068,0
880,940,60,0.06,0
922,961,39,0.039,0
896,948,52,0.052,0
906,953,47,0.047,0
894,947,53,0.053,0
878,939,61,0.061,0
878,939,61,0.061,0
850,925,75,0.075,0
890,945,55,0.055,0
902,951,49,0.049,0
942,971,29,0.029,0
876,938,62,0.062,0
880,940,60,0.06,0
910,955,45,0.045,0
890,945,55,0.055,0
884,942,58,0.058,0
886,943,57,0.057,0
912,956,44,0.044,0
868,934,66,0.066,0
842,921,79,0.079,0
906,953,47,0.047,0
880,940,60,0.06,0
922,961,39,0.039,0
884,942,58,0.058,0
874,937,63,0.063,0
912,956,44,0.044,0
870,935,65,0.065,0
896,948,52,0.052,0
892,946,54,0.054,0
874,937,63,0.063,0
920,960,40,0.04,0
932,966,34,0.034,0
932,966,34,0.034,0
872,936,64,0.064,0
842,921,79,0.079,0
862,931,69,0.069,0
846,923,77,0.077,0
848,924,76,0.076,0
920,960,40,0.04,0
902,951,49,0.049,0
922,961,39,0.039,0
886,943,57,0.057,0
896,948,52,0.052,0
940,970,30,0.03,0
838,919,81,0.081,0
908,954,46,0.046,0
928,964,36,0.036,0
846,923,77,0.077,0
936,968,32,0.032,0
880,940,60,0.06,0
860,930,70,0.07,0
866,933,67,0.067,0
906,953,47,0.047,0
886,943,57,0.057,0
904,952,48,0.048,0
876,938,62,0.062,0
888,944,56,0.056,0
848,924,76,0.076,0
884,942,58,0.058,0
832,916,84,0.084,0
916,958,42,0.042,0
874,937,63,0.063,0
902,951,49,0.049,0
900,950,50,0.05,0
882,941,59,0.059,0
890,945,55,0.055,0
898,949,51,0.051,0
878,939,61,0.061,0
886,943,57,0.057,0
902,951,49,0.049,0
870,935,65,0.065,0
874,937,63,0.063,0
816,908,92,0.092,0
872,936,64,0.064,0
888,944,56,0.056,0
902,951,49,0.049,0
904,952,48,0.048,0
872,936,64,0.064,0
894,947,53,0.053,0
876,938,62,0.062,0
852,926,74,0.074,0
888,944,56,0.056,0
900,950,50,0.05,0
894,947,53,0.053,0
886,943,57,0.057,0
902,951,49,0.049,0
864,932,68,0.068,0
926,963,37,0.037,0
890,945,55,0.055,0
884,942,58,0.058,0
948,974,26,0.026,0
896,948,52,0.052,0
918,959,41,0.041,0
896,948,52,0.052,0
914,957,43,0.043,0
886,943,57,0.057,0
882,941,59,0.059,0
874,937,63,0.063,0
896,948,52,0.052,0
840,920,80,0.08,0
890,945,55,0.055,0
892,946,54,0.054,0
872,936,64,0.064,0
904,952,48,0.048,0
900,950,50,0.05,0
864,932,68,0.068,0
874,937,63,0.063,0
874,937,63,0.063,0
868,934,66,0.066,0
900,950,50,0.05,0
900,950,50,0.05,0
900,950,50,0.05,0
872,936,64,0.064,0
914,957,43,0.043,0
886,943,57,0.057,0
878,939,61,0.061,0
910,955,45,0.045,0
944,972,28,0.028,0
904,952,48,0.048,0
860,930,70,0.07,0
914,957,43,0.043,0
888,944,56,0.056,0
906,953,47,0.047,0
892,946,54,0.054,0
876,938,62,0.062,0
820,910,90,0.09,0
884,942,58,0.058,0
930,965,35,0.035,0
898,949,51,0.051,0
890,945,55,0.055,0
906,953,47,0.047,0
928,964,36,0.036,0
878,939,61,0.061,0
856,928,72,0.072,0
880,940,60,0.06,0
892,946,54,0.054,0
894,947,53,0.053,0
872,936,64,0.064,0
848,924,76,0.076,0
888,944,56,0.056,0
878,939,61,0.061,0
896,948,52,0.052,0
870,935,65,0.065,0
944,972,28,0.028,0
898,949,51,0.051,0
908,954,46,0.046,0
854,927,73,0.073,0
900,950,50,0.05,0
922,961,39,0.039,0
890,945,55,0.055,0
904,952,48,0.048,0
934,967,33,0.033,0
882,941,59,0.059,0
904,952,48,0.048,0
876,938,62,0.062,0
872,936,64,0.064,0
868,934,66,0.066,0
878,939,61,0.061,0
928,964,36,0.036,0
924,962,38,0.038,0
890,945,55,0.055,0
830,915,85,0.085,0
860,930,70,0.07,0
900,950,50,0.05,0
906,953,47,0.047,0
892,946,54,0.054,0
864,932,68,0.068,0
872,936,64,0.064,0
866,933,67,0.067,0
848,924,76,0.076,0
892,946,54,0.054,0
878,939,61,0.061,0
906,953,47,0.047,0
858,929,71,0.071,0
884,942,58,0.058,0
848,924,76,0.076,0
908,954,46,0.046,0
874,937,63,0.063,0
906,953,47,0.047,0
858,929,71,0.071,0
862,931,69,0.069,0
866,933,67,0.067,0
910,955,45,0.045,0
874,937,63,0.063,0
910,955,45,0.045,0
908,954,46,0.046,0
876,938,62,0.062,0
902,951,49,0.049,0
904,952,48,0.048,0
834,917,83,0.083,0
910,955,45,0.045,0
898,949,51,0.051,0
894,947,53,0.053,0
926,963,37,0.037,0
914,957,43,0.043,0
904,952,48,0.048,0
894,947,53,0.053,0
914,957,43,0.043,0
926,963,37,0.037,0
906,953,47,0.047,0
862,931,69,0.069,0
880,940,60,0.06,0
866,933,67,0.067,0
922,961,39,0.039,0
922,961,39,0.039,0
910,955,45,0.045,0
872,936,64,0.064,0
910,955,45,0.045,0
866,933,67,0.067,0
872,936,64,0.064,0
888,944,56,0.056,0
882,941,59,0.059,0
922,961,39,0.039,0
918,959,41,0.041,0
864,932,68,0.068,0
896,948,52,0.052,0
920,960,40,0.04,0
884,942,58,0.058,0
876,938,62,0.062,0
874,937,63,0.063,0
882,941,59,0.059,0
940,970,30,0.03,0
910,955,45,0.045,0
882,941,59,0.059,0
866,933,67,0.067,0
916,958,42,0.042,0
848,924,76,0.076,0
868,934,66,0.066,0
908,954,46,0.046,0
906,953,47,0.047,0
872,936,64,0.064,0
846,923,77,0.077,0
890,945,55,0.055,0
848,924,76,0.076,0
892,946,54,0.054,0
876,938,62,0.062,0
872,936,64,0.064,0
852,926,74,0.074,0
878,939,61,0.061,0
870,935,65,0.065,0
890,945,55,0.055,0
910,955,45,0.045,0
834,917,83,0.083,0
914,957,43,0.043,0
892,946,54,0.054,0
918,959,41,0.041,0
910,955,45,0.045,0
842,921,79,0.079,0
890,945,55,0.055,0
908,954,46,0.046,0
864,932,68,0.068,0
902,951,49,0.049,0
896,948,52,0.052,0
860,930,70,0.07,0
894,947,53,0.053,0
836,918,82,0.082,0
938,969,31,0.031,0
872,936,64,0.064,0
892,946,54,0.054,0
864,932,68,0.068,0
892,946,54,0.054,0
894,947,53,0.053,0
906,953,47,0.047,0
904,952,48,0.048,0
872,936,64,0.064,0
860,930,70,0.07,0
906,953,47,0.047,0
918,959,41,0.041,0
874,937,63,0.063,0
880,940,60,0.06,0
890,945,55,0.055,0
890,945,55,0.055,0
844,922,78,0.078,0
876,938,62,0.062,0
886,943,57,0.057,0
914,957,43,0.043,0
864,932,68,0.068,0
892,946,54,0.054,0
914,957,43,0.043,0
892,946,54,0.054,0
904,952,48,0.048,0
898,949,51,0.051,0
874,937,63,0.063,0
888,944,56,0.056,0
910,955,45,0.045,0
892,946,54,0.054,0
862,931,69,0.069,0
918,959,41,0.041,0
878,939,61,0.061,0
900,950,50,0.05,0
888,944,56,0.056,0
862,931,69,0.069,0
898,949,51,0.051,0
884,942,58,0.058,0
884,942,58,0.058,0
886,943,57,0.057,0
872,936,64,0.064,0
870,935,65,0.065,0
902,951,49,0.049,0
884,942,58,0.058,0
902,951,49,0.049,0
896,948,52,0.052,0
884,942,58,0.058,0
858,929,71,0.071,0
920,960,40,0.04,0
864,932,68,0.068,0
922,961,39,0.039,0
904,952,48,0.048,0
884,942,58,0.058,0
864,932,68,0.068,0
888,944,56,0.056,0
898,949,51,0.051,0
862,931,69,0.069,0
894,947,53,0.053,0
868,934,66,0.066,0
902,951,49,0.049,0
894,947,53,0.053,0
850,925,75,0.075,0
884,942,58,0.058,0
882,941,59,0.059,0
910,955,45,0.045,0
914,957,43,0.043,0
822,911,89,0.089,0
894,947,53,0.053,0
914,957,43,0.043,0
868,934,66,0.066,0
900,950,50,0.05,0
880,940,60,0.06,0
902,951,49,0.049,0
892,946,54,0.054,0
882,941,59,0.059,0
838,919,81,0.081,0
906,953,47,0.047,0
932,966,34,0.034,0
892,946,54,0.054,0
916,958,42,0.042,0
934,967,33,0.033,0
940,970,30,0.03,0
882,941,59,0.059,0
878,939,61,0.061,0
858,929,71,0.071,0
858,929,71,0.071,0
898,949,51,0.051,0
910,955,45,0.045,0
896,948,52,0.052,0
912,956,44,0.044,0
884,942,58,0.058,0
874,937,63,0.063,0
892,946,54,0.054,0
902,951,49,0.049,0
868,934,66,0.066,0
876,938,62,0.062,0
860,930,70,0.07,0
884,942,58,0.058,0
870,935,65,0.065,0
906,953,47,0.047,0
872,936,64,0.064,0
864,932,68,0.068,0
802,901,99,0.099,0
900,950,50,0.05,0
888,944,56,0.056,0
886,943,57,0.057,0
924,962,38,0.038,0
832,916,84,0.084,0
886,943,57,0.057,0
912,956,44,0.044,0
898,949,51,0.051,0
910,955,45,0.045,0
890,945,55,0.055,0
880,940,60,0.06,0
916,958,42,0.042,0
884,942,58,0.058,0
898,949,51,0.051,0
896,948,52,0.052,0
836,918,82,0.082,0
900,950,50,0.05,0
834,917,83,0.083,0
876,938,62,0.062,0
896,948,52,0.052,0
892,946,54,0.054,0
912,956,44,0.044,0
874,937,63,0.063,0
864,932,68,0.068,0
888,944,56,0.056,0
852,926,74,0.074,0
872,936,64,0.064,0
830,915,85,0.085,0
874,937,63,0.063,0
862,931,69,0.069,0
872,936,64,0.064,0
886,943,57,0.057,0
872,936,64,0.064,0
856,928,72,0.072,0
866,933,67,0.067,0
828,914,86,0.086,0
882,941,59,0.059,0
868,934,66,0.066,0
920,960,40,0.04,0
852,926,74,0.074,0
840,920,80,0.08,0
916,958,42,0.042,0
860,930,70,0.07,0
892,946,54,0.054,0
898,949,51,0.051,0
908,954,46,0.046,0
878,939,61,0.061,0
860,930,70,0.07,0
892,946,54,0.054,0
868,934,66,0.066,0
846,923,77,0.077,0
892,946,54,0.054,0
884,942,58,0.058,0
882,941,59,0.059,0
894,947,53,0.053,0
884,942,58,0.058,0
880,940,60,0.06,0
922,961,39,0.039,0
906,953,47,0.047,0
926,963,37,0.037,0
874,937,63,0.063,0
888,944,56,0.056,0
846,923,77,0.077,0
880,940,60,0.06,0
868,934,66,0.066,0
868,934,66,0.066,0
860,930,70,0.07,0
924,962,38,0.038,0
878,939,61,0.061,0
864,932,68,0.068,0
870,935,65,0.065,0
868,934,66,0.066,0
830,915,85,0.085,0
846,923,77,0.077,0
882,941,59,0.059,0
856,928,72,0.072,0
928,964,36,0.036,0
874,937,63,0.063,0
850,925,75,0.075,0
912,956,44,0.044,0
856,928,72,0.072,0
890,945,55,0.055,0
910,955,45,0.045,0
862,931,69,0.069,0
864,932,68,0.068,0
874,937,63,0.063,0
848,924,76,0.076,0
894,947,53,0.053,0
896,948,52,0.052,0
914,957,43,0.043,0
922,961,39,0.039,0
932,966,34,0.034,0
874,937,63,0.063,0
876,938,62,0.062,0
916,958,42,0.042,0
912,956,44,0.044,0
884,942,58,0.058,0
888,944,56,0.056,0
924,962,38,0.038,0
872,936,64,0.064,0
850,925,75,0.075,0
866,933,67,0.067,0
850,925,75,0.075,0
858,929,71,0.071,0
876,938,62,0.062,0
878,939,61,0.061,0
882,941,59,0.059,0
864,932,68,0.068,0
872,936,64,0.064,0
896,948,52,0.052,0
928,964,36,0.036,0
860,930,70,0.07,0
888,944,56,0.056,0
906,953,47,0.047,0
890,945,55,0.055,0
872,936,64,0.064,0
844,922,78,0.078,0
880,940,60,0.06,0
830,915,85,0.085,0
874,937,63,0.063,0
902,951,49,0.049,0
864,932,68,0.068,0
876,938,62,0.062,0
910,955,45,0.045,0
890,945,55,0.055,0
920,960,40,0.04,0
904,952,48,0.048,0
876,938,62,0.062,0
914,957,43,0.043,0
908,954,46,0.046,0
902,951,49,0.049,0
862,931,69,0.069,0
888,944,56,0.056,0
872,936,64,0.064,0
850,925,75,0.075,0
936,968,32,0.032,0
912,956,44,0.044,0
878,939,61,0.061,0
902,951,49,0.049,0
874,937,63,0.063,0
892,946,54,0.054,0
914,957,43,0.043,0
820,910,90,0.09,0
906,953,47,0.047,0
876,938,62,0.062,0
896,948,52,0.052,0
914,957,43,0.043,0
900,950,50,0.05,0
864,932,68,0.068,0
870,935,65,0.065,0
878,939,61,0.061,0
884,942,58,0.058,0
866,933,67,0.067,0
874,937,63,0.063,0
884,942,58,0.058,0
896,948,52,0.052,0
914,957,43,0.043,0
934,967,33,0.033,0
866,933,67,0.067,0
860,930,70,0.07,0
872,936,64,0.064,0
890,945,55,0.055,0
872,936,64,0.064,0
862,931,69,0.069,0
878,939,61,0.061,0
896,948,52,0.052,0
912,956,44,0.044,0
890,945,55,0.055,0
840,920,80,0.08,0
886,943,57,0.057,0
898,949,51,0.051,0
854,927,73,0.073,0
876,938,62,0.062,0
876,938,62,0.062,0
888,944,56,0.056,0
884,942,58,0.058,0
878,939,61,0.061,0
880,940,60,0.06,0
908,954,46,0.046,0
908,954,46,0.046,0
836,918,82,0.082,0
880,940,60,0.06,0
862,931,69,0.069,0
908,954,46,0.046,0
880,940,60,0.06,0
866,933,67,0.067,0
894,947,53,0.053,0
882,941,59,0.059,0
854,927,73,0.073,0
870,935,65,0.065,0
904,952,48,0.048,0
914,957,43,0.043,0
900,950,50,0.05,0
902,951,49,0.049,0
892,946,54,0.054,0
894,947,53,0.053,0
916,958,42,0.042,0
844,922,78,0.078,0
908,954,46,0.046,0
868,934,66,0.066,0
884,942,58,0.058,0
894,947,53,0.053,0
868,934,66,0.066,0
848,924,76,0.076,0
860,930,70,0.07,0
916,958,42,0.042,0
898,949,51,0.051,0
892,946,54,0.054,0
854,927,73,0.073,0
924,962,38,0.038,0
922,961,39,0.039,0
916,958,42,0.042,0
818,909,91,0.091,0
852,926,74,0.074,0
850,925,75,0.075,0
886,943,57,0.057,0
902,951,49,0.049,0
930,965,35,0.035,0
896,948,52,0.052,0
890,945,55,0.055,0
874,937,63,0.063,0
904,952,48,0.048,0
894,947,53,0.053,0
878,939,61,0.061,0
846,923,77,0.077,0
906,953,47,0.047,0
872,936,64,0.064,0
850,925,75,0.075,0
906,953,47,0.047,0
868,934,66,0.066,0
888,944,56,0.056,0
904,952,48,0.048,0
910,955,45,0.045,0
882,941,59,0.059,0
882,941,59,0.059,0
896,948,52,0.052,0
910,955,45,0.045,0
886,943,57,0.057,0
844,922,78,0.078,0
896,948,52,0.052,0
850,925,75,0.075,0
870,935,65,0.065,0
860,930,70,0.07,0
904,952,48,0.048,0
900,950,50,0.05,0
914,957,43,0.043,0
872,936,64,0.064,0
824,912,88,0.088,0
936,968,32,0.032,0
874,937,63,0.063,0
942,971,29,0.029,0
868,934,66,0.066,0
888,944,56,0.056,0
862,931,69,0.069,0
892,946,54,0.054,0
874,937,63,0.063,0
912,956,44,0.044,0
912,956,44,0.044,0
918,959,41,0.041,0
908,954,46,0.046,0
914,957,43,0.043,0
898,949,51,0.051,0
912,956,44,0.044,0
834,917,83,0.083,0
868,934,66,0.066,0
890,945,55,0.055,0
896,948,52,0.052,0
886,943,57,0.057,0
886,943,57,0.057,0
880,940,60,0.06,0
876,938,62,0.062,0
884,942,58,0.058,0
886,943,57,0.057,0
894,947,53,0.053,0
870,935,65,0.065,0
892,946,54,0.054,0
900,950,50,0.05,0
886,943,57,0.057,0
924,962,38,0.038,0
900,950,50,0.05,0
884,942,58,0.058,0
876,938,62,0.062,0
926,963,37,0.037,0
870,935,65,0.065,0
864,932,68,0.068,0
886,943,57,0.057,0
842,921,79,0.079,0
842,921,79,0.079,0
876,938,62,0.062,0
908,954,46,0.046,0
886,943,57,0.057,0
860,930,70,0.07,0
914,957,43,0.043,0
902,951,49,0.049,0
894,947,53,0.053,0
912,956,44,0.044,0
892,946,54,0.054,0
876,938,62,0.062,0
876,938,62,0.062,0
866,933,67,0.067,0
892,946,54,0.054,0
928,964,36,0.036,0
946,973,27,0.027,0
888,944,56,0.056,0
872,936,64,0.064,0
894,947,53,0.053,0
912,956,44,0.044,0
868,934,66,0.066,0
886,943,57,0.057,0
908,954,46,0.046,0
932,966,34,0.034,0
906,953,47,0.047,0
902,951,49,0.049,0
900,950,50,0.05,0
922,961,39,0.039,0
842,921,79,0.079,0
886,943,57,0.057,0
874,937,63,0.063,0
904,952,48,0.048,0
860,930,70,0.07,0
854,927,73,0.073,0
888,944,56,0.056,0
910,955,45,0.045,0
900,950,50,0.05,0
852,926,74,0.074,0
914,957,43,0.043,0
908,954,46,0.046,0
894,947,53,0.053,0
864,932,68,0.068,0
906,953,47,0.047,0
932,966,34,0.034,0
872,936,64,0.064,0
868,934,66,0.066,0
818,909,91,0.091,0
906,953,47,0.047,0
904,952,48,0.048,0
874,937,63,0.063,0
886,943,57,0.057,0
862,931,69,0.069,0
894,947,53,0.053,0
910,955,45,0.045,0
870,935,65,0.065,0
896,948,52,0.052,0
898,949,51,0.051,0
906,953,47,0.047,0
890,945,55,0.055,0
892,946,54,0.054,0
880,940,60,0.06,0
894,947,53,0.053,0
864,932,68,0.068,0
912,956,44,0.044,0
908,954,46,0.046,0
880,940,60,0.06,0
828,914,86,0.086,0
846,923,77,0.077,0
876,938,62,0.062,0
868,934,66,0.066,0
902,951,49,0.049,0
918,959,41,0.041,0
888,944,56,0.056,0
876,938,62,0.062,0
904,952,48,0.048,0
842,921,79,0.079,0
902,951,49,0.049,0
864,932,68,0.068,0
888,944,56,0.056,0
880,940,60,0.06,0
900,950,50,0.05,0
904,952,48,0.048,0
894,947,53,0.053,0
908,954,46,0.046,0
878,939,61,0.061,0
898,949,51,0.051,0
898,949,51,0.051,0
888,944,56,0.056,0
820,910,90,0.09,0
918,959,41,0.041,0
848,924,76,0.076,0
892,946,54,0.054,0
902,951,49,0.049,0
884,942,58,0.058,0
824,912,88,0.088,0
888,944,56,0.056,0
908,954,46,0.046,0
906,953,47,0.047,0
902,951,49,0.049,0
890,945,55,0.055,0
842,921,79,0.079,0
910,955,45,0.045,0
922,961,39,0.039,0
874,937,63,0.063,0
844,922,78,0.078,0
870,935,65,0.065,0
912,956,44,0.044,0
902,951,49,0.049,0
878,939,61,0.061,0
900,950,50,0.05,0
900,950,50,0.05,0
890,945,55,0.055,0
868,934,66,0.066,0
900,950,50,0.05,0
868,934,66,0.066,0
886,943,57,0.057,0
882,941,59,0.059,0
884,942,58,0.058,0
896,948,52,0.052,0
856,928,72,0.072,0
850,925,75,0.075,0
886,943,57,0.057,0
868,934,66,0.066,0
904,952,48,0.048,0
852,926,74,0.074,0
898,949,51,0.051,0
888,944,56,0.056,0
872,936,64,0.064,0
920,960,40,0.04,0
870,935,65,0.065,0
872,936,64,0.064,0
908,954,46,0.046,0
866,933,67,0.067,0
932,966,34,0.034,0
842,921,79,0.079,0
914,957,43,0.043,0
878,939,61,0.061,0
872,936,64,0.064,0
852,926,74,0.074,0
898,949,51,0.051,0
904,952,48,0.048,0
926,963,37,0.037,0
902,951,49,0.049,0
852,926,74,0.074,0
950,975,25,0.025,0
900,950,50,0.05,0
906,953,47,0.047,0
898,949,51,0.051,0
926,963,37,0.037,0
902,951,49,0.049,0
912,956,44,0.044,0
902,951,49,0.049,0
902,951,49,0.049,0
898,949,51,0.051,0
930,965,35,0.035,0
914,957,43,0.043,0
890,945,55,0.055,0
932,966,34,0.034,0
926,963,37,0.037,0
874,937,63,0.063,0
884,942,58,0.058,0
902,951,49,0.049,0
848,924,76,0.076,0
862,931,69,0.069,0
900,950,50,0.05,0
938,969,31,0.031,0
900,950,50,0.05,0
884,942,58,0.058,0
892,946,54,0.054,0
910,955,45,0.045,0
922,961,39,0.039,0
896,948,52,0.052,0
868,934,66,0.066,0
920,960,40,0.04,0
930,965,35,0.035,0
884,942,58,0.058,0
870,935,65,0.065,0
892,946,54,0.054,0
858,929,71,0.071,0
914,957,43,0.043,0
902,951,49,0.049,0
890,945,55,0.055,0
920,960,40,0.04,0
838,919,81,0.081,0
898,949,51,0.051,0
880,940,60,0.06,0
888,944,56,0.056,0
904,952,48,0.048,0
836,918,82,0.082,0
892,946,54,0.054,0
888,944,56,0.056,0
902,951,49,0.049,0
874,937,63,0.063,0
860,930,70,0.07,0
862,931,69,0.069,0
884,942,58,0.058,0
874,937,63,0.063,0
860,930,70,0.07,0
902,951,49,0.049,0
896,948,52,0.052,0
880,940,60,0.06,0
910,955,45,0.045,0
932,966,34,0.034,0
898,949,51,0.051,0
934,967,33,0.033,0
834,917,83,0.083,0
906,953,47,0.047,0
934,967,33,0.033,0
916,958,42,0.042,0
878,939,61,0.061,0
888,944,56,0.056,0
868,934,66,0.066,0
898,949,51,0.051,0
878,939,61,0.061,0
882,941,59,0.059,0
870,935,65,0.065,0
900,950,50,0.05,0
890,945,55,0.055,0
872,936,64,0.064,0
932,966,34,0.034,0
892,946,54,0.054,0
912,956,44,0.044,0
844,922,78,0.078,0
876,938,62,0.062,0
882,941,59,0.059,0
898,949,51,0.051,0
804,902,98,0.098,0
910,955,45,0.045,0
900,950,50,0.05,0
866,933,67,0.067,0
864,932,68,0.068,0
882,941,59,0.059,0
900,950,50,0.05,0
918,959,41,0.041,0
842,921,79,0.079,0
898,949,51,0.051,0
878,939,61,0.061,0
874,937,63,0.063,0
888,944,56,0.056,0
920,960,40,0.04,0
902,951,49,0.049,0
882,941,59,0.059,0
826,913,87,0.087,0
870,935,65,0.065,0
886,943,57,0.057,0
906,953,47,0.047,0
912,956,44,0.044,0
846,923,77,0.077,0
936,968,32,0.032,0
874,937,63,0.063,0
900,950,50,0.05,0
902,951,49,0.049,0
880,940,60,0.06,0
856,928,72,0.072,0
848,924,76,0.076,0
846,923,77,0.077,0
892,946,54,0.054,0
876,938,62,0.062,0
890,945,55,0.055,0
864,932,68,0.068,0
906,953,47,0.047,0
898,949,51,0.051,0
946,973,27,0.027,0
876,938,62,0.062,0
908,954,46,0.046,0
834,917,83,0.083,0
878,939,61,0.061,0
910,955,45,0.045,0
878,939,61,0.061,0
852,926,74,0.074,0
898,949,51,0.051,0
884,942,58,0.058,0
846,923,77,0.077,0
918,959,41,0.041,0
884,942,58,0.058,0
916,958,42,0.042,0
894,947,53,0.053,0
880,940,60,0.06,0
850,925,75,0.075,0
890,945,55,0.055,0
890,945,55,0.055,0
892,946,54,0.054,0
930,965,35,0.035,0
904,952,48,0.048,0
892,946,54,0.054,0
876,938,62,0.062,0
866,933,67,0.067,0
900,950,50,0.05,0
922,961,39,0.039,0
884,942,58,0.058,0
916,958,42,0.042,0
904,952,48,0.048,0
890,945,55,0.055,0
844,922,78,0.078,0
824,912,88,0.088,0
916,958,42,0.042,0
860,930,70,0.07,0
934,967,33,0.033,0
894,947,53,0.053,0
860,930,70,0.07,0
922,961,39,0.039,0
852,926,74,0.074,0
900,950,50,0.05,0
880,940,60,0.06,0
854,927,73,0.073,0
868,934,66,0.066,0
910,955,45,0.045,0
902,951,49,0.049,0
896,948,52,0.052,0
904,952,48,0.048,0
888,944,56,0.056,0
924,962,38,0.038,0
906,953,47,0.047,0
894,947,53,0.053,0
826,913,87,0.087,0
942,971,29,0.029,0
846,923,77,0.077,0
894,947,53,0.053,0
896,948,52,0.052,0
892,946,54,0.054,0
858,929,71,0.071,0
898,949,51,0.051,0
892,946,54,0.054,0
886,943,57,0.057,0
862,931,69,0.069,0
886,943,57,0.057,0
892,946,54,0.054,0
930,965,35,0.035,0
852,926,74,0.074,0
858,929,71,0.071,0
888,944,56,0.056,0
854,927,73,0.073,0
932,966,34,0.034,0
874,937,63,0.063,0
894,947,53,0.053,0
926,963,37,0.037,0
894,947,53,0.053,0
858,929,71,0.071,0
880,940,60,0.06,0
880,940,60,0.06,0
928,964,36,0.036,0
906,953,47,0.047,0
932,966,34,0.034,0
868,934,66,0.066,0
882,941,59,0.059,0
924,962,38,0.038,0
872,936,64,0.064,0
896,948,52,0.052,0
882,941,59,0.059,0
870,935,65,0.065,0
846,923,77,0.077,0
868,934,66,0.066,0
896,948,52,0.052,0
872,936,64,0.064,0
928,964,36,0.036,0
852,926,74,0.074,0
894,947,53,0.053,0
908,954,46,0.046,0
936,968,32,0.032,0
930,965,35,0.035,0
882,941,59,0.059,0
886,943,57,0.057,0
870,935,65,0.065,0
860,930,70,0.07,0
874,937,63,0.063,0
896,948,52,0.052,0
898,949,51,0.051,0
848,924,76,0.076,0
890,945,55,0.055,0
898,949,51,0.051,0
784,892,108,0.108,0
870,935,65,0.065,0
860,930,70,0.07,0
874,937,63,0.063,0
896,948,52,0.052,0
830,915,85,0.085,0
930,965,35,0.035,0
880,940,60,0.06,0
846,923,77,0.077,0
930,965,35,0.035,0
932,966,34,0.034,0
920,960,40,0.04,0
910,955,45,0.045,0
906,953,47,0.047,0
856,928,72,0.072,0
876,938,62,0.062,0
876,938,62,0.062,0
926,963,37,0.037,0
892,946,54,0.054,0
920,960,40,0.04,0
922,961,39,0.039,0
894,947,53,0.053,0
906,953,47,0.047,0
900,950,50,0.05,0
900,950,50,0.05,0
826,913,87,0.087,0
864,932,68,0.068,0
866,933,67,0.067,0
916,958,42,0.042,0
878,939,61,0.061,0
942,971,29,0.029,0
890,945,55,0.055,0
938,969,31,0.031,0
948,974,26,0.026,0
856,928,72,0.072,0
866,933,67,0.067,0
914,957,43,0.043,0
846,923,77,0.077,0
896,948,52,0.052,0
864,932,68,0.068,0
854,927,73,0.073,0
854,927,73,0.073,0
908,954,46,0.046,0
876,938,62,0.062,0
846,923,77,0.077,0
876,938,62,0.062,0
898,949,51,0.051,0
934,967,33,0.033,0
866,933,67,0.067,0
944,972,28,0.028,0
890,945,55,0.055,0
882,941,59,0.059,0
864,932,68,0.068,0
828,914,86,0.086,0
914,957,43,0.043,0
844,922,78,0.078,0
860,930,70,0.07,0
870,935,65,0.065,0
914,957,43,0.043,0
898,949,51,0.051,0
880,940,60,0.06,0
864,932,68,0.068,0
888,944,56,0.056,0
846,923,77,0.077,0
880,940,60,0.06,0
894,947,53,0.053,0
906,953,47,0.047,0
884,942,58,0.058,0
896,948,52,0.052,0
898,949,51,0.051,0
872,936,64,0.064,0
896,948,52,0.052,0
892,946,54,0.054,0
898,949,51,0.051,0
830,915,85,0.085,0
892,946,54,0.054,0
846,923,77,0.077,0
834,917,83,0.083,0
908,954,46,0.046,0
836,918,82,0.082,0
864,932,68,0.068,0
856,928,72,0.072,0
884,942,58,0.058,0
908,954,46,0.046,0
884,942,58,0.058,0
858,929,71,0.071,0
928,964,36,0.036,0
860,930,70,0.07,0
900,950,50,0.05,0
876,938,62,0.062,0
900,950,50,0.05,0
900,950,50,0.05,0
884,942,58,0.058,0
