log_avg_ept_score,log_avg_succ_req,log_avg_blk_req,log_avg_BP_req,log_avg_entropy
-806,97,903,0.903,2.9944970896244048
-852,74,926,0.926,2.994482203245163
-838,81,919,0.919,2.9944776475429533
-866,67,933,0.933,2.994450991630554
-816,92,908,0.908,2.9943420090675352
-864,68,932,0.932,2.9942883355617522
-816,92,908,0.908,2.994260721683502
-806,97,903,0.903,2.994235093355179
-896,52,948,0.948,2.9941241536140444
-880,60,940,0.94,2.9941406698226927
-850,75,925,0.925,2.9940584790706635
-854,73,927,0.927,2.99405534696579
-860,70,930,0.93,2.9940164480209353
-844,78,922,0.922,2.9940532524585723
-856,72,928,0.928,2.9939894959926607
-830,85,915,0.915,2.9940128040313723
-902,49,951,0.951,2.9938400588035585
-892,54,946,0.946,2.9938656013011933
-872,64,936,0.936,2.9939128317832946
-882,59,941,0.941,2.993882759332657
-824,88,912,0.912,2.9939484972953796
-826,87,913,0.913,2.9938552899360658
-828,86,914,0.914,2.993900547981262
-842,79,921,0.921,2.9938553702831268
-862,69,931,0.931,2.9938585238456725
-886,57,943,0.943,2.9937952692508696
-892,54,946,0.946,2.9938264262676237
-762,119,881,0.881,2.993900942802429
-868,66,934,0.934,2.9938472414016726
-880,60,940,0.94,2.993829753398895
-868,66,934,0.934,2.9938510658740998
-900,50,950,0.95,2.993748683452606
-854,73,927,0.927,2.993840603351593
-852,74,926,0.926,2.993879462003708
-848,76,924,0.924,2.993895473241806
-880,60,940,0.94,2.9938288943767546
-826,87,913,0.913,2.993856462240219
-804,98,902,0.902,2.9938847227096557
-788,106,894,0.894,2.993918539524078
-822,89,911,0.911,2.9938493716716765
-834,83,917,0.917,2.9937820904254915
-800,100,900,0.9,2.9938645980358123
-828,86,914,0.914,2.9938646981716155
-848,76,924,0.924,2.993794859170914
-882,59,941,0.941,2.993742990732193
-818,91,909,0.909,2.9938363819122316
-842,79,921,0.921,2.9938240637779234
-852,74,926,0.926,2.993765789747238
-820,90,910,0.91,2.9936885151863097
-804,98,902,0.902,2.993798112630844
-846,77,923,0.923,2.9937354893684387
-800,100,900,0.9,2.9936783316135407
-836,82,918,0.918,2.993651579618454
-838,81,919,0.919,2.993580410480499
-880,60,940,0.94,2.9935180897712708
-786,107,893,0.893,2.9934965167045595
-866,67,933,0.933,2.9934257531166075
-896,52,948,0.948,2.9933193950653076
-870,65,935,0.935,2.9933326561450957
-866,67,933,0.933,2.9932996475696565
-836,82,918,0.918,2.9931517021656036
-864,68,932,0.932,2.9932550463676453
-822,89,911,0.911,2.9930526576042173
-860,70,930,0.93,2.9929913744926453
-808,96,904,0.904,2.9929098036289217
-872,64,936,0.936,2.992820253133774
-790,105,895,0.895,2.9929203491210936
-850,75,925,0.925,2.9925877187252046
-824,88,912,0.912,2.99264425444603
-834,83,917,0.917,2.9924922676086427
-832,84,916,0.916,2.9924185562133787
-806,97,903,0.903,2.992438952922821
-824,88,912,0.912,2.99233048248291
-846,77,923,0.923,2.9922270600795744
-806,97,903,0.903,2.992069439649582
-838,81,919,0.919,2.9919247543811798
-814,93,907,0.907,2.991730576992035
-842,79,921,0.921,2.9916612451076507
-854,73,927,0.927,2.9914160768985747
-844,78,922,0.922,2.991472984313965
-792,104,896,0.896,2.9911947910785677
-792,104,896,0.896,2.990864750623703
-832,84,916,0.916,2.9905304355621336
-766,117,883,0.883,2.9905058796405792
-756,122,878,0.878,2.9902243084907534
-728,136,864,0.864,2.99008012676239
-762,119,881,0.881,2.989679270029068
-706,147,853,0.853,2.9897581582069397
-808,96,904,0.904,2.98951016330719
-798,101,899,0.899,2.9889451177120208
-776,112,888,0.888,2.988797967672348
-754,123,877,0.877,2.988820072174072
-792,104,896,0.896,2.9881360018253327
-802,99,901,0.901,2.988103506088257
-764,118,882,0.882,2.9878546855449675
-768,116,884,0.884,2.9874771993160247
-754,123,877,0.877,2.9873506157398224
-740,130,870,0.87,2.9875660338401793
-764,118,882,0.882,2.9866887311935426
-748,126,874,0.874,2.9865374636650084
-782,109,891,0.891,2.9861981990337374
-798,101,899,0.899,2.9863007826805115
-778,111,889,0.889,2.9855792453289034
-794,103,897,0.897,2.9856354167461396
-838,81,919,0.919,2.9847303609848024
-806,97,903,0.903,2.9852185955047608
-776,112,888,0.888,2.9852069227695464
-832,84,916,0.916,2.9839642953872683
-762,119,881,0.881,2.984596907377243
-790,105,895,0.895,2.983708516359329
-794,103,897,0.897,2.9834553420543672
-778,111,889,0.889,2.9822868268489837
-790,105,895,0.895,2.9821557636260985
-762,119,881,0.881,2.9821775476932526
-794,103,897,0.897,2.9817470898628233
-778,111,889,0.889,2.979556858062744
-740,130,870,0.87,2.980286204814911
-766,117,883,0.883,2.9802888512611387
-820,90,910,0.91,2.9788388862609865
-684,158,842,0.842,2.9781669828891753
-800,100,900,0.9,2.9773724677562714
-662,169,831,0.831,2.9777590837478636
-704,148,852,0.852,2.9768834421634676
-736,132,868,0.868,2.9750631165504458
-698,151,849,0.849,2.9741982707977295
-774,113,887,0.887,2.97405158829689
-680,160,840,0.84,2.974345358610153
-724,138,862,0.862,2.9732268533706665
-742,129,871,0.871,2.9709361128807066
-736,132,868,0.868,2.970691931724548
-774,113,887,0.887,2.970505182981491
-770,115,885,0.885,2.968485933303833
-682,159,841,0.841,2.968068604469299
-720,140,860,0.86,2.9675904223918916
-740,130,870,0.87,2.9679834113121033
-714,143,857,0.857,2.965584430932999
-700,150,850,0.85,2.9657790517807006
-714,143,857,0.857,2.963899607896805
-728,136,864,0.864,2.961608902454376
-668,166,834,0.834,2.9604221637248993
-614,193,807,0.807,2.9592947657108306
-688,156,844,0.844,2.9584782803058625
-658,171,829,0.829,2.9570155465602874
-646,177,823,0.823,2.952410279273987
-712,144,856,0.856,2.951337300539017
-634,183,817,0.817,2.950228877544403
-698,151,849,0.849,2.9490047450065613
-680,160,840,0.84,2.9438847000598907
-682,159,841,0.841,2.9444873712062836
-728,136,864,0.864,2.944119084596634
-646,177,823,0.823,2.9408255412578583
-706,147,853,0.853,2.9370067887306215
-758,121,879,0.879,2.93128440618515
-654,173,827,0.827,2.934507708311081
-678,161,839,0.839,2.928715610742569
-720,140,860,0.86,2.9213817596435545
-662,169,831,0.831,2.920529813528061
-694,153,847,0.847,2.917930284023285
-578,211,789,0.789,2.9174407851696014
-660,170,830,0.83,2.903517607688904
-692,154,846,0.846,2.900982796907425
-626,187,813,0.813,2.8982945330142975
-632,184,816,0.816,2.899217061519623
-558,221,779,0.779,2.884614320039749
-528,236,764,0.764,2.879182069063187
-644,178,822,0.822,2.8684264390468597
-536,232,768,0.768,2.864383192420006
-440,280,720,0.72,2.8371156141757967
-450,275,725,0.725,2.838484486222267
-474,263,737,0.737,2.826091926574707
-448,276,724,0.724,2.8237489211559295
-398,301,699,0.699,2.794419017076492
-464,268,732,0.732,2.787099922657013
-384,308,692,0.692,2.7951876168251037
-444,278,722,0.722,2.7732483087778093
-406,297,703,0.703,2.745071407020092
-414,293,707,0.707,2.7188444674015044
-364,318,682,0.682,2.711766855597496
-434,283,717,0.717,2.6952621126174927
-266,367,633,0.633,2.6452021974921225
-226,387,613,0.613,2.6331956948637965
-308,346,654,0.654,2.6090356981754304
-182,409,591,0.591,2.6095196158885954
-174,413,587,0.587,2.5491118656396865
-164,418,582,0.582,2.5281163748800752
-62,469,531,0.531,2.500429937750101
-136,432,568,0.568,2.452674419641495
-196,402,598,0.598,2.3933973122537138
-106,447,553,0.553,2.3279763587117195
-52,474,526,0.526,2.30198893687129
-76,462,538,0.538,2.2957261973917484
26,513,487,0.487,2.2120095363557337
-14,493,507,0.507,2.164297016978264
98,549,451,0.451,2.168044557541609
94,547,453,0.453,2.129636419508606
128,564,436,0.436,2.0648641571253536
128,564,436,0.436,1.9898914280831814
136,568,432,0.432,2.037583055153489
150,575,425,0.425,1.984882673420012
194,597,403,0.403,1.9381241580694915
180,590,410,0.41,1.9047167178094386
182,591,409,0.409,1.943637225754559
234,617,383,0.383,1.924035704087466
208,604,396,0.396,1.8996463843919338
166,583,417,0.417,1.933001241851598
222,611,389,0.389,1.8858774341568352
250,625,375,0.375,1.9047990320362151
214,607,393,0.393,1.8873911394178868
236,618,382,0.382,1.8554556602463126
212,606,394,0.394,1.8968001852463932
218,609,391,0.391,1.8959575596563518
166,583,417,0.417,1.9549368716776372
152,576,424,0.424,1.9664797971746883
168,584,416,0.416,1.9897565753161908
144,572,428,0.428,1.9911636768728496
88,544,456,0.456,2.0531488517969847
120,560,440,0.44,2.0488951743505894
110,555,445,0.445,2.0770439512562007
98,549,451,0.451,2.0492414903156457
56,528,472,0.472,2.1770686997622253
88,544,456,0.456,2.169087789416313
48,524,476,0.476,2.1740897479355334
28,514,486,0.486,2.1847108333706857
30,515,485,0.485,2.239971659474075
36,518,482,0.482,2.2987178141623734
38,519,481,0.481,2.276415518283844
40,520,480,0.48,2.282513229496777
-28,486,514,0.514,2.3417080972343682
-40,480,520,0.52,2.3735828577429054
-32,484,516,0.516,2.3724692755788563
4,502,498,0.498,2.410599949847907
-38,481,519,0.519,2.4423329585939646
-16,492,508,0.508,2.435735364973545
-34,483,517,0.517,2.462032914876938
-80,460,540,0.54,2.4890347084738313
-130,435,565,0.565,2.5031765961907806
-50,475,525,0.525,2.504313733279705
-90,455,545,0.545,2.5163906216919423
-48,476,524,0.524,2.541817485541105
-102,449,551,0.551,2.530618047043681
-94,453,547,0.547,2.5425631900727748
-80,460,540,0.54,2.548633121371269
-166,417,583,0.583,2.5431513111665844
-90,455,545,0.545,2.564181865632534
-142,429,571,0.571,2.5524613966941834
-114,443,557,0.557,2.5688435237593947
-58,471,529,0.529,2.5813637862205505
-148,426,574,0.574,2.5671598706543444
-106,447,553,0.553,2.555278552532196
-112,444,556,0.556,2.5673575258255004
-98,451,549,0.549,2.5744648728370665
-104,448,552,0.552,2.564499681651592
-118,441,559,0.559,2.555890481978655
-164,418,582,0.582,2.5434507387280463
-100,450,550,0.55,2.576829843044281
-152,424,576,0.576,2.5488946836590767
-164,418,582,0.582,2.5466867544054983
-150,425,575,0.575,2.545309299647808
-100,450,550,0.55,2.5186040567457675
-98,451,549,0.549,2.4994828507602214
-70,465,535,0.535,2.4924866984188556
-108,446,554,0.554,2.498227318793535
-88,456,544,0.544,2.466813181400299
-58,471,529,0.529,2.4866511254012584
-76,462,538,0.538,2.468315866559744
-38,481,519,0.519,2.444997511446476
-30,485,515,0.515,2.465601906269789
-40,480,520,0.52,2.415032019108534
-12,494,506,0.506,2.3917434652000664
-8,496,504,0.504,2.3874339267536997
-12,494,506,0.506,2.3884099222123623
30,515,485,0.485,2.4035279682576656
-6,497,503,0.503,2.371449881464243
-16,492,508,0.508,2.3593304314091803
-8,496,504,0.504,2.346413128346205
0,500,500,0.5,2.3238547931909563
28,514,486,0.486,2.303898656606674
-34,483,517,0.517,2.313844185709953
26,513,487,0.487,2.3020930947065352
90,545,455,0.455,2.271930500179529
56,528,472,0.472,2.2879821183159947
74,537,463,0.463,2.263431518897414
8,504,496,0.496,2.2726039192676546
70,535,465,0.465,2.2669252643808724
126,563,437,0.437,2.278357928216457
88,544,456,0.456,2.2748724390789867
106,553,447,0.447,2.2562363587766887
20,510,490,0.49,2.2339326997548343
54,527,473,0.473,2.2623660493269564
2,501,499,0.499,2.2487154049649836
68,534,466,0.466,2.2595759981796144
10,505,495,0.495,2.2273388027846814
14,507,493,0.493,2.238810258358717
12,506,494,0.494,2.2369369598031046
12,506,494,0.494,2.2536932142674924
152,576,424,0.424,2.276765212997794
156,578,422,0.422,2.2541749211549758
106,553,447,0.447,2.260908324956894
30,515,485,0.485,2.247679218452424
102,551,449,0.449,2.2891609816402196
132,566,434,0.434,2.255257418198511
128,564,436,0.436,2.2591929544024167
76,538,462,0.462,2.3018707159161567
20,510,490,0.49,2.2417513911426066
32,516,484,0.484,2.2595529424622653
58,529,471,0.471,2.2572204830795526
120,560,440,0.44,2.2671435484513642
88,544,456,0.456,2.2693447060361502
70,535,465,0.465,2.269836159653962
64,532,468,0.468,2.2596343745440244
44,522,478,0.478,2.2908499076217415
48,524,476,0.476,2.2600342589616775
-6,497,503,0.503,2.2982229803800585
48,524,476,0.476,2.295042780160904
52,526,474,0.474,2.2698964639753103
48,524,476,0.476,2.256155348598957
92,546,454,0.454,2.2765593117028473
76,538,462,0.462,2.285986331358552
44,522,478,0.478,2.296383601784706
26,513,487,0.487,2.2938397545441984
52,526,474,0.474,2.2933486110270023
24,512,488,0.488,2.324696799993515
74,537,463,0.463,2.300901979342103
54,527,473,0.473,2.3159215336889027
36,518,482,0.482,2.3324711294621228
68,534,466,0.466,2.3196257235109807
58,529,471,0.471,2.3360477308928966
38,519,481,0.481,2.3207996812388303
10,505,495,0.495,2.341935866624117
24,512,488,0.488,2.34779888767004
-4,498,502,0.502,2.3377505207136275
70,535,465,0.465,2.3705576362013816
56,528,472,0.472,2.3705090483427047
94,547,453,0.453,2.3674167792201044
-12,494,506,0.506,2.3918304237350823
10,505,495,0.495,2.335080873399973
14,507,493,0.493,2.3799713006168606
-16,492,508,0.508,2.386721628025174
66,533,467,0.467,2.3491879374682902
80,540,460,0.46,2.3700342792570592
56,528,472,0.472,2.368470088362694
42,521,479,0.479,2.3708778942376374
34,517,483,0.483,2.306236781090498
14,507,493,0.493,2.37238451436162
-2,499,501,0.501,2.3557467844039204
24,512,488,0.488,2.3854922622442247
56,528,472,0.472,2.354365785807371
56,528,472,0.472,2.393101006373763
42,521,479,0.479,2.3700506273861977
38,519,481,0.481,2.37137900583446
30,515,485,0.485,2.338130943313241
-14,493,507,0.507,2.3477298823744057
16,508,492,0.492,2.3559695795178413
-32,484,516,0.516,2.3237898853607475
70,535,465,0.465,2.3549200776368377
50,525,475,0.475,2.336425490319729
28,514,486,0.486,2.331610454469919
90,545,455,0.455,2.3167686084508894
32,516,484,0.484,2.324590943813324
36,518,482,0.482,2.325860309265554
42,521,479,0.479,2.3139229017943146
40,520,480,0.48,2.298656975403428
58,529,471,0.471,2.300695370852947
82,541,459,0.459,2.314098929300904
76,538,462,0.462,2.2853324559628962
70,535,465,0.465,2.283708227429539
-4,498,502,0.502,2.278617175027728
118,559,441,0.441,2.2907403154820205
32,516,484,0.484,2.302486506657675
20,510,490,0.49,2.2531357286572455
58,529,471,0.471,2.2890070609003303
26,513,487,0.487,2.276962825104594
124,562,438,0.438,2.282968940138817
150,575,425,0.425,2.2679051041547207
46,523,477,0.477,2.2733720420598984
30,515,485,0.485,2.218287133283913
26,513,487,0.487,2.238750209257007
50,525,475,0.475,2.2361290732622146
86,543,457,0.457,2.24754656317085
54,527,473,0.473,2.2479711064398287
92,546,454,0.454,2.225655707526952
106,553,447,0.447,2.2498645836412905
142,571,429,0.429,2.2147922483980658
34,517,483,0.483,2.2303608685582876
100,550,450,0.45,2.2164580606371165
54,527,473,0.473,2.209645542651415
86,543,457,0.457,2.220986832752824
148,574,426,0.426,2.166156171053648
112,556,444,0.444,2.181152595192194
138,569,431,0.431,2.1976290381103754
138,569,431,0.431,2.1672867718189956
142,571,429,0.429,2.163230923663825
106,553,447,0.447,2.135628765001893
132,566,434,0.434,2.1218426875025034
154,577,423,0.423,2.144587894283235
148,574,426,0.426,2.1134294417947532
186,593,407,0.407,2.118663190729916
150,575,425,0.425,2.1107051782757043
146,573,427,0.427,2.0924199156872927
100,550,450,0.45,2.106413743838668
170,585,415,0.415,2.0815072597414255
186,593,407,0.407,2.068700268536806
158,579,421,0.421,2.0371615516934543
172,586,414,0.414,2.053846504829824
148,574,426,0.426,2.084495784938335
186,593,407,0.407,1.991296117439866
192,596,404,0.404,2.010449705082923
166,583,417,0.417,1.9895598352737724
150,575,425,0.425,2.008689458720386
234,617,383,0.383,1.979116892296821
202,601,399,0.399,1.9324997593127191
226,613,387,0.387,1.944621027842164
192,596,404,0.404,1.9237358334735035
214,607,393,0.393,1.8800560852354393
164,582,418,0.418,1.8914564604684712
202,601,399,0.399,1.9087452654875814
238,619,381,0.381,1.8749425281137229
220,610,390,0.39,1.8867213661018758
290,645,355,0.355,1.8495083338320255
246,623,377,0.377,1.792832402053289
350,675,325,0.325,1.7484168188534677
292,646,354,0.354,1.7642891089309705
248,624,376,0.376,1.718640710488893
334,667,333,0.333,1.704130673378706
304,652,348,0.348,1.6410080197006465
296,648,352,0.352,1.6325821577552706
384,692,308,0.308,1.6168206546446309
430,715,285,0.285,1.5142166246799753
394,697,303,0.303,1.5222761714663358
384,692,308,0.308,1.4777941397791727
378,689,311,0.311,1.4303831992754712
334,667,333,0.333,1.4396885317154229
460,730,270,0.27,1.255382595900912
448,724,276,0.276,1.2723927305574907
472,736,264,0.264,1.2324112537459004
442,721,279,0.279,1.2832677530492655
488,744,256,0.256,1.1124583876417018
484,742,258,0.258,1.1538965413176556
486,743,257,0.257,1.0911888770383666
532,766,234,0.234,1.0793747239931837
502,751,249,0.249,1.0336548901087372
506,753,247,0.247,0.9697869845984969
452,726,274,0.274,0.9657650940067833
574,787,213,0.213,0.910820000666956
542,771,229,0.229,0.8581394206194091
590,795,205,0.205,0.7977637878964888
594,797,203,0.203,0.7693581329183217
518,759,241,0.241,0.7747675291570504
646,823,177,0.177,0.6930933687618818
638,819,181,0.181,0.6615453532644897
672,836,164,0.164,0.604881938654682
602,801,199,0.199,0.6081447159733361
604,802,198,0.198,0.5335927095669671
622,811,189,0.189,0.5366705640489999
684,842,158,0.158,0.47505869270983386
680,840,160,0.16,0.4924833407432958
684,842,158,0.158,0.4167662728101586
642,821,179,0.179,0.4254176742257048
688,844,156,0.156,0.3735601390417444
680,840,160,0.16,0.3948016164970031
694,847,153,0.153,0.3582994638133714
728,864,136,0.136,0.313668844871964
684,842,158,0.158,0.31611787213352444
726,863,137,0.137,0.2854856111504139
712,856,144,0.144,0.2539444627005384
724,862,138,0.138,0.24044221936475735
708,854,146,0.146,0.2241879752214057
810,905,95,0.095,0.16186442120456546
706,853,147,0.147,0.16276933953452824
722,861,139,0.139,0.13495141674003605
778,889,111,0.111,0.12411141975633236
712,856,144,0.144,0.09721913351848957
704,852,148,0.148,0.09848840352202055
748,874,126,0.126,0.09058929426268289
754,877,123,0.123,0.0535159732040522
774,887,113,0.113,0.047500884472468315
774,887,113,0.113,0.03913430826010637
802,901,99,0.099,0.04043824357152647
724,862,138,0.138,0.03751737010474322
764,882,118,0.118,0.033406202369956846
744,872,128,0.128,0.018289178623728915
774,887,113,0.113,0.01785469437406243
748,874,126,0.126,0.014882360792882793
728,864,136,0.136,0.01296205162022865
802,901,99,0.099,0.01918257786034418
746,873,127,0.127,0.011036015787082335
798,899,101,0.101,0.0042920344889750195
724,862,138,0.138,0.0037643913719537067
734,867,133,0.133,0.0028542743791553703
732,866,134,0.134,0.0026684478804619547
716,858,142,0.142,0.0020616968362474355
736,868,132,0.132,0.003026155041998081
718,859,141,0.141,0.004079369220038373
788,894,106,0.106,0.0004758034435016896
804,902,98,0.098,0.0005432852232851389
782,891,109,0.109,0.0004908663638348542
704,852,148,0.148,0.00126057500809695
766,883,117,0.117,0.00022336126626031216
764,882,118,0.118,0.00034918374613103254
728,864,136,0.136,0.00018357338937130408
804,902,98,0.098,0.00032835405622591904
748,874,126,0.126,0.00013690340135335077
794,897,103,0.103,3.0320660580201773e-05
814,907,93,0.093,1.2167023673228527e-05
830,915,85,0.085,0.00036908039146882744
818,909,91,0.091,0.0016512671828794083
774,887,113,0.113,0.0009073973722621673
746,873,127,0.127,4.4190276276594886e-05
732,866,134,0.134,1.2007288835945928e-05
758,879,121,0.121,3.9264288706377214e-05
744,872,128,0.128,1.4682537516165439e-05
784,892,108,0.108,4.884053395500132e-06
764,882,118,0.118,4.011845387125845e-06
784,892,108,0.108,7.87125045493866e-05
808,904,96,0.096,6.367601419569269e-06
746,873,127,0.127,2.520754200631359e-06
788,894,106,0.106,1.1387145138343158e-05
726,863,137,0.137,0.00010191689620688749
760,880,120,0.12,5.600561469321974e-06
788,894,106,0.106,1.2774985775649838e-06
756,878,122,0.122,8.002704118112547e-06
784,892,108,0.108,1.2721384519480239e-05
810,905,95,0.095,2.2973868930478146e-06
742,871,129,0.129,0.00013072131192649295
742,871,129,0.129,5.6321584724088327e-05
734,867,133,0.133,0.000953156179605628
742,871,129,0.129,0.0001371773609770628
764,882,118,0.118,6.910716529557703e-05
774,887,113,0.113,0.00027644390460901034
730,865,135,0.135,6.11661878669878e-05
754,877,123,0.123,0.0005387790400489934
766,883,117,0.117,0.0008161357703492768
772,886,114,0.114,7.80728375165296e-05
820,910,90,0.09,0.0007068578740078806
802,901,99,0.099,0.00026873676109583755
776,888,112,0.112,9.420017115901658e-05
768,884,116,0.116,6.347517708174166e-05
702,851,149,0.149,8.223296143535208e-05
784,892,108,0.108,0.0006087756247813871
778,889,111,0.111,0.00012745331885784594
754,877,123,0.123,0.0003003549883845551
812,906,94,0.094,7.977950630198905e-05
776,888,112,0.112,0.0007295129448192625
802,901,99,0.099,1.8064757070234806e-05
786,893,107,0.107,0.000986077637767366
708,854,146,0.146,6.671666383502383e-05
750,875,125,0.125,0.003908877579533296
776,888,112,0.112,0.00045369485681050035
758,879,121,0.121,5.350241747508733e-05
708,854,146,0.146,0.00014328882207088612
768,884,116,0.116,0.00013647868328548894
788,894,106,0.106,0.0003016524267207359
790,895,105,0.105,5.504474189153541e-05
782,891,109,0.109,1.2873325807248648e-05
766,883,117,0.117,0.0012979148170957728
758,879,121,0.121,0.00023576223283902208
826,913,87,0.087,7.195544476786608e-06
726,863,137,0.137,6.436081019711537e-05
754,877,123,0.123,0.00024601372363473216
820,910,90,0.09,1.8597048144499694e-05
864,932,68,0.068,8.973602298976857e-05
734,867,133,0.133,3.26409250260582e-05
748,874,126,0.126,1.9940379993613533e-05
794,897,103,0.103,0.0001320483609108294
762,881,119,0.119,0.0001070706615058299
776,888,112,0.112,0.00027950729248152583
788,894,106,0.106,6.281711830881421e-05
762,881,119,0.119,1.9098764052856153e-05
768,884,116,0.116,1.0153303074574183e-05
716,858,142,0.142,0.00017468759098464659
784,892,108,0.108,1.7757374515340984e-05
782,891,109,0.109,4.6314815846997704e-05
762,881,119,0.119,0.0007137760715182253
762,881,119,0.119,0.00010018955881862724
730,865,135,0.135,0.001937043311636657
722,861,139,0.139,2.5118411727930835e-05
752,876,124,0.124,0.00026396897417529886
758,879,121,0.121,5.405134279483548e-05
802,901,99,0.099,3.789818807817369e-05
726,863,137,0.137,3.2270724803609595e-05
810,905,95,0.095,1.402578290678491e-05
792,896,104,0.104,0.0005901826281073994
778,889,111,0.111,1.9142202190835178e-05
740,870,130,0.13,8.1066192099442e-05
700,850,150,0.15,0.00011840581019376372
796,898,102,0.102,0.00012684542183632176
752,876,124,0.124,0.0002353052011009993
748,874,126,0.126,0.00029223544877788753
776,888,112,0.112,1.9832862794572748e-05
734,867,133,0.133,0.00028009961368557866
808,904,96,0.096,0.00018426960843558504
794,897,103,0.103,8.949129597222339e-05
786,893,107,0.107,0.0009511041217583056
720,860,140,0.14,3.843225026348307e-05
772,886,114,0.114,6.688005461580814e-05
766,883,117,0.117,0.0002517065454396743
798,899,101,0.101,1.5796279011539126e-05
748,874,126,0.126,0.000376431950833549
702,851,149,0.149,0.0002317595753490167
750,875,125,0.125,0.00021624641297518111
776,888,112,0.112,5.185077897664314e-05
744,872,128,0.128,3.863086868294374e-05
816,908,92,0.092,0.00017084891820871916
780,890,110,0.11,0.00020702682942788897
764,882,118,0.118,0.00017457896510283887
812,906,94,0.094,4.038029975106383e-05
758,879,121,0.121,8.92196547556523e-05
850,925,75,0.075,5.839342412524218e-05
772,886,114,0.114,0.0001059155723599332
742,871,129,0.129,0.0004233956811636403
812,906,94,0.094,4.328285614617755e-05
836,918,82,0.082,3.68749946703133e-05
746,873,127,0.127,0.0001300443651930152
762,881,119,0.119,0.0001565121355711625
754,877,123,0.123,0.00021095381058265162
780,890,110,0.11,1.0179508628553434e-05
702,851,149,0.149,0.0008627937616728047
744,872,128,0.128,0.00033293469713217404
770,885,115,0.115,0.0026339015559207154
772,886,114,0.114,0.00020457713507666142
746,873,127,0.127,0.0004168203978253473
792,896,104,0.104,9.260030248270823e-06
776,888,112,0.112,4.4198481874246905e-06
742,871,129,0.129,1.608447738284724e-05
814,907,93,0.093,2.9529561419394668e-05
756,878,122,0.122,0.0012748552046372055
738,869,131,0.131,0.0021745128211463224
744,872,128,0.128,1.4043412871572515e-05
716,858,142,0.142,0.0017485329119889884
790,895,105,0.105,0.0002469149886703832
734,867,133,0.133,0.0015969733353902598
768,884,116,0.116,0.00022431073630953336
762,881,119,0.119,5.841099388118209e-05
742,871,129,0.129,0.00041944898735049206
712,856,144,0.144,0.0008786248197099553
750,875,125,0.125,0.00019182679201469455
766,883,117,0.117,9.181053004465411e-05
780,890,110,0.11,0.0013634797989836329
810,905,95,0.095,8.463224977077744e-06
712,856,144,0.144,9.964881471371711e-05
748,874,126,0.126,2.5210346000818617e-05
794,897,103,0.103,1.3909259711212485e-05
726,863,137,0.137,0.0001477627644201789
806,903,97,0.097,0.00013825712215688669
740,870,130,0.13,0.00294666506786821
824,912,88,0.088,0.00014049464116556008
750,875,125,0.125,0.0010433235661683256
774,887,113,0.113,5.841488127438765e-05
720,860,140,0.14,5.749093223386126e-05
774,887,113,0.113,0.00014247664699639984
768,884,116,0.116,0.00197946809619053
736,868,132,0.132,0.00011475126047353967
728,864,136,0.136,0.0004460098191189843
790,895,105,0.105,8.246593802239488e-05
722,861,139,0.139,0.0001029028882097549
728,864,136,0.136,0.003413898498516403
734,867,133,0.133,0.00021946082694863377
788,894,106,0.106,0.0001509244576958082
754,877,123,0.123,0.0005752657842173932
720,860,140,0.14,9.962689757810494e-05
744,872,128,0.128,0.002530696491239766
790,895,105,0.105,0.0004663391948600122
732,866,134,0.134,2.81789595457127e-05
746,873,127,0.127,2.054827483561894e-05
798,899,101,0.101,0.00013814839808651413
730,865,135,0.135,0.00011003650256429865
752,876,124,0.124,0.0010988106311076535
730,865,135,0.135,0.00023091902420510735
814,907,93,0.093,1.188565478311432e-05
724,862,138,0.138,4.7469169652501366e-05
748,874,126,0.126,2.430558527038329e-05
756,878,122,0.122,2.3388187615950072e-05
786,893,107,0.107,7.225293002252897e-05
754,877,123,0.123,0.00033251405067346695
674,837,163,0.163,0.0004997562422609434
738,869,131,0.131,4.87168276337826e-05
756,878,122,0.122,2.068781345599291e-05
770,885,115,0.115,1.5318649717443124e-05
784,892,108,0.108,5.912098359655715e-05
756,878,122,0.122,0.0001948613850268117
712,856,144,0.144,4.885087272569422e-05
774,887,113,0.113,0.0004417108197443724
736,868,132,0.132,0.00031822834103999756
788,894,106,0.106,4.3889307206555373e-05
768,884,116,0.116,0.0002004966311321823
788,894,106,0.106,4.2915169881084126e-05
740,870,130,0.13,0.0018078352289824834
760,880,120,0.12,0.0014604139092808453
768,884,116,0.116,0.00019461556130964653
760,880,120,0.12,8.710733061937504e-05
770,885,115,0.115,0.00014316453698764065
724,862,138,0.138,0.0013514415570869006
748,874,126,0.126,0.0001531299403841757
778,889,111,0.111,1.3635639016030155e-05
794,897,103,0.103,4.060547289709859e-05
756,878,122,0.122,0.0014350591006294167
752,876,124,0.124,4.909396165135149e-05
756,878,122,0.122,0.0001463037432730374
760,880,120,0.12,0.0005195277924282351
784,892,108,0.108,0.0003404243590037339
808,904,96,0.096,3.008060594162032e-05
770,885,115,0.115,1.4325943650831618e-05
758,879,121,0.121,8.172610807805825e-05
738,869,131,0.131,0.001324696597655077
762,881,119,0.119,6.351032068805296e-05
732,866,134,0.134,4.0949045656986984e-05
824,912,88,0.088,2.080001664660358e-05
790,895,105,0.105,0.00034322963362014037
784,892,108,0.108,0.0002619971129977614
738,869,131,0.131,3.099894153157834e-05
754,877,123,0.123,0.00020781321764292216
736,868,132,0.132,3.335149155491024e-05
792,896,104,0.104,4.498766966281664e-05
788,894,106,0.106,0.0008616383432816974
750,875,125,0.125,8.738957683078752e-05
770,885,115,0.115,0.00012645833432004848
754,877,123,0.123,4.820020717403395e-05
800,900,100,0.1,2.4298268025688686e-05
660,830,170,0.17,3.66297344294253e-05
790,895,105,0.105,0.00015824027036182996
794,897,103,0.103,0.0012567745628489036
802,901,99,0.099,6.689778614844499e-05
714,857,143,0.143,2.2845104622845725e-05
734,867,133,0.133,1.7810123255614486e-05
758,879,121,0.121,0.0009118012099186785
788,894,106,0.106,0.00015399717670246105
716,858,142,0.142,2.893936882320247e-05
800,900,100,0.1,1.0614257520430214e-05
730,865,135,0.135,0.00016346846999236675
794,897,103,0.103,0.002049895282303538
852,926,74,0.074,8.31145802402773e-05
766,883,117,0.117,0.002213356567364215
728,864,136,0.136,0.001530799200522921
794,897,103,0.103,0.001287303231355196
796,898,102,0.102,0.0008532609719480746
740,870,130,0.13,0.002340754191817837
750,875,125,0.125,0.0023032272533146598
782,891,109,0.109,0.0024348579172918223
754,877,123,0.123,5.903634424863924e-05
804,902,98,0.098,0.0013308297881245324
778,889,111,0.111,4.611714970143055e-05
748,874,126,0.126,4.188951684369613e-05
726,863,137,0.137,0.0013484571589700777
736,868,132,0.132,0.0013179211453264656
752,876,124,0.124,0.00022222854977256646
828,914,86,0.086,1.4234437222583552e-05
750,875,125,0.125,0.0007762747974344961
760,880,120,0.12,0.0010203835166652908
722,861,139,0.139,0.0008820423155587491
746,873,127,0.127,9.946382605001247e-05
778,889,111,0.111,1.6403548125722977e-05
768,884,116,0.116,1.3377800465477208e-05
742,871,129,0.129,2.2720573285710088e-05
770,885,115,0.115,2.8242279187381315e-05
746,873,127,0.127,0.0003745255644869161
726,863,137,0.137,0.00015748823965620317
786,893,107,0.107,0.0012509260128368567
740,870,130,0.13,1.8398810577409107e-05
772,886,114,0.114,0.0002674534081553332
780,890,110,0.11,0.00015522145781712027
790,895,105,0.105,5.5975849568781656e-05
716,858,142,0.142,0.0005437736229134203
782,891,109,0.109,1.7007006989345543e-05
748,874,126,0.126,0.0014165798146960498
720,860,140,0.14,1.006825061764971e-05
770,885,115,0.115,0.0012170575397846193
760,880,120,0.12,1.4392343207177305e-05
728,864,136,0.136,0.00011185053428226865
748,874,126,0.126,3.2456708672043536e-05
798,899,101,0.101,3.805221759520805e-06
782,891,109,0.109,0.00022004517223635388
870,935,65,0.065,6.641502331959259e-06
712,856,144,0.144,0.0009453656675208322
786,893,107,0.107,0.0008082375713419907
698,849,151,0.151,1.564393962244992e-05
758,879,121,0.121,0.00020583466999919152
798,899,101,0.101,0.0011636426168781214
760,880,120,0.12,1.2951546697479443e-05
778,889,111,0.111,5.262047104395151e-06
780,890,110,0.11,6.909719024706362e-05
786,893,107,0.107,0.0008621898306562485
810,905,95,0.095,2.37671829569166e-05
760,880,120,0.12,0.0008132156387175655
756,878,122,0.122,0.001097713379859087
810,905,95,0.095,9.208792893373641e-05
780,890,110,0.11,5.4239432359977966e-05
740,870,130,0.13,2.100966491012457e-05
756,878,122,0.122,0.0005489635326556055
762,881,119,0.119,0.00018289623509355125
766,883,117,0.117,0.0011131464111072801
786,893,107,0.107,0.0021358236235346196
780,890,110,0.11,1.698047027517191e-06
748,874,126,0.126,1.4334081671506738e-05
748,874,126,0.126,0.0009510968880721293
778,889,111,0.111,5.2809774653795214e-05
786,893,107,0.107,0.00023509969337779068
796,898,102,0.102,0.0007643410863913402
766,883,117,0.117,0.000121466786056331
826,913,87,0.087,0.001153576800524462
714,857,143,0.143,1.5675197891567904e-05
682,841,159,0.159,2.0568293115502455e-05
750,875,125,0.125,2.0004468626723337e-05
824,912,88,0.088,5.05193153056922e-05
796,898,102,0.102,0.00041606134574431053
782,891,109,0.109,1.5592279583970025e-05
782,891,109,0.109,5.032685261181769e-05
794,897,103,0.103,1.1407140178533836e-05
694,847,153,0.153,0.001256873771746399
742,871,129,0.129,4.6043833984441564e-05
758,879,121,0.121,4.5357210520307946e-05
800,900,100,0.1,0.0010481833749210665
822,911,89,0.089,5.19593391729245e-06
780,890,110,0.11,5.364275783819039e-06
742,871,129,0.129,0.00029910165928606603
726,863,137,0.137,3.112379418794831e-05
698,849,151,0.151,0.0008715258877891756
752,876,124,0.124,0.0006937837285798736
756,878,122,0.122,1.2553278082151564e-05
810,905,95,0.095,0.00013851977279179551
754,877,123,0.123,0.000145339970194442
826,913,87,0.087,2.5699444058716382e-05
772,886,114,0.114,0.0010791179409535942
718,859,141,0.141,0.0014920190690911142
818,909,91,0.091,0.0006944640831349034
798,899,101,0.101,3.277175131140097e-05
758,879,121,0.121,0.00209235410730507
754,877,123,0.123,0.00014305557962025262
782,891,109,0.109,1.2030017665026094e-05
790,895,105,0.105,7.849427222936356e-06
730,865,135,0.135,0.001800229573984822
746,873,127,0.127,9.250378544273019e-05
720,860,140,0.14,1.5244904503234125e-05
750,875,125,0.125,0.00011764025657558363
762,881,119,0.119,0.001099073436346103
810,905,95,0.095,0.0010421699597461043
760,880,120,0.12,3.354310169413566e-05
766,883,117,0.117,0.0008854959647314189
760,880,120,0.12,6.276428329357486e-06
780,890,110,0.11,1.3065980906119989e-05
742,871,129,0.129,0.00030216004698714014
778,889,111,0.111,2.243346056884832e-05
810,905,95,0.095,2.6113723226302453e-05
826,913,87,0.087,1.1226677042259325e-05
770,885,115,0.115,2.1076475751328872e-05
700,850,150,0.15,0.00011561578066152834
800,900,100,0.1,2.054377877090019e-05
804,902,98,0.098,9.862136655212339e-05
810,905,95,0.095,0.00011800616652175222
782,891,109,0.109,0.00046301128222556544
748,874,126,0.126,5.335105911845517e-05
772,886,114,0.114,3.7925956617399946e-05
726,863,137,0.137,3.288643088458798e-05
774,887,113,0.113,8.136215086338439e-06
816,908,92,0.092,3.9790094363780785e-06
788,894,106,0.106,0.0010467669195882508
760,880,120,0.12,1.5589953406802694e-05
742,871,129,0.129,4.589577436122738e-05
780,890,110,0.11,5.732968028773655e-05
754,877,123,0.123,6.749563715565898e-05
704,852,148,0.148,0.0010459006264145927
732,866,134,0.134,0.0007789106480305463
844,922,78,0.078,2.6220778235568788e-05
818,909,91,0.091,1.261462934832025e-05
744,872,128,0.128,0.002082516301252596
772,886,114,0.114,1.0007725541072432e-05
796,898,102,0.102,0.00023537696486657466
786,893,107,0.107,2.2476441631056333e-05
774,887,113,0.113,1.1104398229988987e-05
770,885,115,0.115,1.8019612316408028e-05
764,882,118,0.118,3.2188756010754105e-05
784,892,108,0.108,2.3899142521756288e-05
778,889,111,0.111,2.4696538416264957e-05
790,895,105,0.105,0.0010104907952396757
784,892,108,0.108,0.001011372487060143
744,872,128,0.128,2.45642476006509e-05
728,864,136,0.136,0.000897516250541031
796,898,102,0.102,5.653768243533364e-06
748,874,126,0.126,1.535345655197773e-05
802,901,99,0.099,8.005962310885195e-05
844,922,78,0.078,4.904594276055718e-06
758,879,121,0.121,0.00036129271631553194
738,869,131,0.131,6.521780020761981e-06
742,871,129,0.129,1.2002698947469526e-05
732,866,134,0.134,1.8575108332910873e-05
724,862,138,0.138,0.0016026819926597967
778,889,111,0.111,1.3714191225489004e-05
732,866,134,0.134,0.0009017876876334298
752,876,124,0.124,0.0005103303038939799
782,891,109,0.109,8.449063101835463e-06
754,877,123,0.123,3.323225477178937e-05
806,903,97,0.097,0.00011054098560160242
792,896,104,0.104,6.563205910453007e-05
734,867,133,0.133,9.618767312134934e-05
748,874,126,0.126,4.678563265017033e-06
724,862,138,0.138,7.983231692334414e-05
730,865,135,0.135,0.0004284941233473347
838,919,81,0.081,4.38822011383877e-06
798,899,101,0.101,0.00011060791278954696
724,862,138,0.138,2.7087948979101382e-05
776,888,112,0.112,2.2994349046797424e-05
770,885,115,0.115,0.0007409875337506406
772,886,114,0.114,0.00014237847918504087
766,883,117,0.117,1.480092640423436e-05
780,890,110,0.11,2.4996296376016857e-05
708,854,146,0.146,0.0017143001529597087
796,898,102,0.102,0.0019901826305215023
724,862,138,0.138,2.8672901238024905e-05
764,882,118,0.118,1.5500073058447584e-05
786,893,107,0.107,4.386070817969312e-05
764,882,118,0.118,0.0002162380305542939
744,872,128,0.128,0.0001035047822839914
748,874,126,0.126,0.00018538800793950827
696,848,152,0.152,0.0012911873313823747
718,859,141,0.141,6.523818177841178e-05
734,867,133,0.133,1.8923361841160613e-05
752,876,124,0.124,0.00012612224984606256
788,894,106,0.106,5.549636980418882e-06
748,874,126,0.126,0.0001092306666581493
730,865,135,0.135,0.00013418326897159715
762,881,119,0.119,5.647643309892203e-05
794,897,103,0.103,7.416958983634459e-05
768,884,116,0.116,1.9057940538331765e-05
802,901,99,0.099,3.528109175934446e-05
796,898,102,0.102,0.0009943624117225909
734,867,133,0.133,3.530339827327111e-05
796,898,102,0.102,1.498974235724404e-05
786,893,107,0.107,9.693674973436828e-05
724,862,138,0.138,0.00011046547676529884
736,868,132,0.132,0.0008895439699165024
750,875,125,0.125,0.00010961224264902114
762,881,119,0.119,1.663431226954515e-05
730,865,135,0.135,0.00018383234945704884
756,878,122,0.122,3.002332009285169e-05
742,871,129,0.129,0.00012912506958828374
798,899,101,0.101,3.972197775453878e-06
786,893,107,0.107,0.0011304435630201653
722,861,139,0.139,0.00022272536084253148
712,856,144,0.144,0.0016697945370812732
724,862,138,0.138,0.0014781267178044573
790,895,105,0.105,0.0009493363431088682
754,877,123,0.123,2.0491486588397834e-05
752,876,124,0.124,0.000955370711849028
740,870,130,0.13,0.0002752842030965326
746,873,127,0.127,1.9151751177602705e-05
722,861,139,0.139,0.00037018015663180395
798,899,101,0.101,2.6544520801678573e-05
770,885,115,0.115,1.0242575079402628e-05
686,843,157,0.157,1.5582682934876857e-05
746,873,127,0.127,0.0010634942231151428
744,872,128,0.128,0.0003403894707058726
746,873,127,0.127,0.0004629952115055289
798,899,101,0.101,2.984042371163298e-05
730,865,135,0.135,0.0007921060832341738
794,897,103,0.103,0.00015139134114542684
786,893,107,0.107,2.0990852095195578e-05
794,897,103,0.103,0.0011761239845890542
756,878,122,0.122,6.55428356959078e-05
732,866,134,0.134,0.0013731589801119384
726,863,137,0.137,9.289625544369073e-06
682,841,159,0.159,0.00019970329521454744
772,886,114,0.114,8.405453930762973e-06
776,888,112,0.112,1.1677473884304846e-05
702,851,149,0.149,0.0014593387631349798
818,909,91,0.091,7.398468570015382e-05
758,879,121,0.121,8.488961979011834e-06
810,905,95,0.095,6.781341350006186e-05
752,876,124,0.124,0.00042027291233753773
734,867,133,0.133,0.0008527957075119588
748,874,126,0.126,0.0005752925295321206
722,861,139,0.139,1.0252423864287152e-05
784,892,108,0.108,2.4765790326043204e-05
822,911,89,0.089,2.0580905922869876e-05
782,891,109,0.109,1.061394239748381e-05
780,890,110,0.11,0.0007983651114268468
776,888,112,0.112,8.564362694940541e-06
770,885,115,0.115,7.474029416552242e-05
748,874,126,0.126,2.0972700162502634e-05
764,882,118,0.118,2.8881255479191737e-05
784,892,108,0.108,0.000138964063032347
818,909,91,0.091,0.0005601074672265724
806,903,97,0.097,1.0538244119160823e-05
784,892,108,0.108,0.0001184188371323387
706,853,147,0.147,0.0013931514963699953
790,895,105,0.105,1.0936656025577918e-05
748,874,126,0.126,7.530944375481852e-05
754,877,123,0.123,6.466817422776217e-05
772,886,114,0.114,1.0524124675939106e-05
774,887,113,0.113,9.36939900674787e-05
734,867,133,0.133,0.0005965632646039864
806,903,97,0.097,2.2703156342544162e-05
786,893,107,0.107,5.482170255731944e-06
768,884,116,0.116,5.1588439988478283e-05
756,878,122,0.122,0.0005069099609580547
782,891,109,0.109,6.132350888854888e-05
712,856,144,0.144,6.380091813070976e-06
790,895,105,0.105,8.426974832076439e-05
704,852,148,0.148,0.000947784008184982
750,875,125,0.125,0.00012828738713186282
736,868,132,0.132,0.00017501563220955062
822,911,89,0.089,0.00019190755799530735
788,894,106,0.106,8.277446619905505e-05
782,891,109,0.109,5.59556379357673e-06
684,842,158,0.158,0.0006212765585996607
728,864,136,0.136,6.829119050378552e-05
760,880,120,0.12,0.0006104081167868713
728,864,136,0.136,9.464001624230889e-05
716,858,142,0.142,7.85224782271996e-05
774,887,113,0.113,3.924560880378181e-06
764,882,118,0.118,8.44012534816585e-05
784,892,108,0.108,7.96023565664683e-05
744,872,128,0.128,0.000829378129836627
734,867,133,0.133,0.00010244126704799327
726,863,137,0.137,0.0003277898983577643
820,910,90,0.09,0.0007543468887210735
680,840,160,0.16,0.002859675280383172
696,848,152,0.152,5.478490943046665e-05
818,909,91,0.091,2.0215854663604203e-05
748,874,126,0.126,6.0584142406412415e-06
772,886,114,0.114,0.00033123980137999355
750,875,125,0.125,3.3660057867763274e-05
748,874,126,0.126,3.13840150867577e-05
778,889,111,0.111,0.001227507862290807
764,882,118,0.118,0.00018249766986650685
738,869,131,0.131,3.0278942451730017e-05
738,869,131,0.131,2.2037709872662957e-05
820,910,90,0.09,0.0005812060727966753
754,877,123,0.123,4.6857619645805926e-06
788,894,106,0.106,0.001059100148981912
788,894,106,0.106,1.6512926424042007e-05
770,885,115,0.115,2.6035670342466232e-05
752,876,124,0.124,8.582688072449685e-05
728,864,136,0.136,0.0006871626448899235
734,867,133,0.133,0.00027927678964637434
720,860,140,0.14,5.232910841685623e-05
776,888,112,0.112,1.0834105230770774e-05
776,888,112,0.112,2.3234338620369498e-05
800,900,100,0.1,1.4485815455472562e-05
730,865,135,0.135,7.704398375541643e-05
750,875,125,0.125,0.0003161938286950914
746,873,127,0.127,1.0054126635878901e-05
804,902,98,0.098,3.7868060918100355e-06
714,857,143,0.143,0.0007387377063593164
782,891,109,0.109,1.3370094875227778e-05
786,893,107,0.107,0.0006634669225631029
770,885,115,0.115,0.0006316779500547085
798,899,101,0.101,1.0589504566638652e-05
750,875,125,0.125,8.103284142133305e-05
754,877,123,0.123,1.1485874984202837e-05
754,877,123,0.123,0.0006793211794079496
752,876,124,0.124,0.0006999901656826495
724,862,138,0.138,5.1342115610779614e-05
710,855,145,0.145,0.0011229088438045522
762,881,119,0.119,8.55626655750541e-06
754,877,123,0.123,6.675414823860137e-05
746,873,127,0.127,0.0001472200971458051
750,875,125,0.125,1.1259685225937232e-05
742,871,129,0.129,0.00017926159175139843
726,863,137,0.137,2.115908926552379e-05
696,848,152,0.152,1.2689430944192281e-05
722,861,139,0.139,2.1997856760137326e-05
730,865,135,0.135,8.895131490618268e-06
696,848,152,0.152,2.9792145448539032e-05
726,863,137,0.137,1.3899551960690814e-05
782,891,109,0.109,0.0007269371232647614
730,865,135,0.135,3.73692815149127e-05
716,858,142,0.142,0.0009295619517465923
802,901,99,0.099,0.0009007541312670924
790,895,105,0.105,0.0007580005122543838
804,902,98,0.098,0.0008604986734356146
746,873,127,0.127,0.00040138066291899575
808,904,96,0.096,8.041483915373248e-05
804,902,98,0.098,5.430895729543295e-05
718,859,141,0.141,0.00010195084914901998
814,907,93,0.093,0.0001512985510583462
766,883,117,0.117,1.0934848731722014e-05
786,893,107,0.107,4.567931152654125e-05
774,887,113,0.113,1.2209015037512926e-05
734,867,133,0.133,7.28532842052516e-05
670,835,165,0.165,2.881485708519449e-05
788,894,106,0.106,1.4667887494837829e-05
838,919,81,0.081,6.240439990574487e-05
806,903,97,0.097,8.05920651869485e-06
806,903,97,0.097,0.0008105534812659841
748,874,126,0.126,1.0791752858551717e-05
832,916,84,0.084,0.0001973473511588537
794,897,103,0.103,0.000619257643808325
736,868,132,0.132,0.00017663296180953124
736,868,132,0.132,3.7856918562511056e-06
728,864,136,0.136,0.000655054695971046
748,874,126,0.126,1.5259359354956813e-05
732,866,134,0.134,2.598826491984596e-05
722,861,139,0.139,4.64458752009449e-05
718,859,141,0.141,0.0008649645261767062
770,885,115,0.115,2.670366180255712e-05
784,892,108,0.108,8.68447976576192e-06
784,892,108,0.108,4.722810541119316e-05
794,897,103,0.103,0.0004660622721476244
702,851,149,0.149,1.321098682410593e-05
776,888,112,0.112,9.113961912343882e-05
794,897,103,0.103,0.000600760099395103
730,865,135,0.135,0.000560454110867596
710,855,145,0.145,6.945902304552476e-05
726,863,137,0.137,6.1929420700295165e-06
744,872,128,0.128,0.0004146159278423198
796,898,102,0.102,6.386071376505242e-05
764,882,118,0.118,0.0014826293307745857
758,879,121,0.121,7.3959985076612615e-06
786,893,107,0.107,0.0006477840516274113
748,874,126,0.126,1.835613043402873e-05
754,877,123,0.123,0.00018011199167119684
794,897,103,0.103,4.101031979674019e-05
732,866,134,0.134,7.298210135317618e-05
770,885,115,0.115,1.6719592144596618e-05
824,912,88,0.088,2.7287386078569396e-06
764,882,118,0.118,0.0001334142110188452
722,861,139,0.139,0.0001284524167916601
770,885,115,0.115,1.1749773118140183e-05
744,872,128,0.128,0.0008464282025296086
776,888,112,0.112,1.4217007074222465e-05
764,882,118,0.118,1.7585027424630084e-05
782,891,109,0.109,0.00018127800597683575
706,853,147,0.147,0.000633443896603083
772,886,114,0.114,2.436360658127512e-05
782,891,109,0.109,1.3931076622966999e-05
776,888,112,0.112,1.1535310351945327e-05
734,867,133,0.133,4.9793633464929596e-05
754,877,123,0.123,0.0009435488655612261
796,898,102,0.102,0.0006901774461869081
754,877,123,0.123,1.608149042019136e-05
786,893,107,0.107,5.435264372255233e-05
778,889,111,0.111,0.000723010301378892
698,849,151,0.151,5.4458132350077904e-05
742,871,129,0.129,4.738886250876817e-06
744,872,128,0.128,2.288634560059677e-05
740,870,130,0.13,1.8274957517178337e-05
752,876,124,0.124,0.0004922704894751177
770,885,115,0.115,9.320137210650614e-06
758,879,121,0.121,1.583638470083315e-05
762,881,119,0.119,5.9420923001340496e-05
738,869,131,0.131,0.00039535756122170083
718,859,141,0.141,0.0006372576856870609
768,884,116,0.116,0.00015429816991326107
744,872,128,0.128,3.310887482206226e-05
724,862,138,0.138,3.6489063206161634e-05
812,906,94,0.094,0.00010447030989645612
770,885,115,0.115,6.607466193385391e-05
790,895,105,0.105,2.8297224016000657e-06
770,885,115,0.115,6.6485577713564226e-06
778,889,111,0.111,1.6600464557384952e-05
784,892,108,0.108,0.00015906113164523107
770,885,115,0.115,6.889607161909339e-06
796,898,102,0.102,4.702133113003981e-05
750,875,125,0.125,9.757215952862453e-05
734,867,133,0.133,4.921000696782585e-06
772,886,114,0.114,1.0736223236222031e-05
742,871,129,0.129,2.587683662535767e-05
736,868,132,0.132,5.647551831158637e-05
752,876,124,0.124,1.9237941264748316e-05
752,876,124,0.124,6.435202405322116e-05
744,872,128,0.128,2.5881568900331332e-05
804,902,98,0.098,2.4593223420637856e-05
778,889,111,0.111,0.00013154385554435067
764,882,118,0.118,0.0007013798852982376
718,859,141,0.141,6.844232075280843e-06
804,902,98,0.098,8.202544322465144e-05
782,891,109,0.109,8.250038519378223e-06
738,869,131,0.131,0.0006178624777677584
746,873,127,0.127,0.0005469391468484161
784,892,108,0.108,7.623784339600093e-06
780,890,110,0.11,0.001487070845026878
740,870,130,0.13,0.00043095310579725776
746,873,127,0.127,6.290374104557373e-05
686,843,157,0.157,0.0015236228577632147
724,862,138,0.138,1.3714287961903437e-06
748,874,126,0.126,1.9874350711290845e-06
774,887,113,0.113,2.7908186656048885e-05
708,854,146,0.146,8.395825803262369e-06
720,860,140,0.14,5.238924367773734e-06
808,904,96,0.096,0.000496153884332415
722,861,139,0.139,5.020512875705663e-05
774,887,113,0.113,2.6567317147453195e-05
752,876,124,0.124,1.072270325303748e-05
796,898,102,0.102,4.617426756240662e-06
742,871,129,0.129,6.560470104204796e-05
750,875,125,0.125,1.037837524710028e-05
820,910,90,0.09,0.0004114081572765258
762,881,119,0.119,9.68480489083845e-06
720,860,140,0.14,2.701385055244998e-05
800,900,100,0.1,4.6583726857249984e-06
768,884,116,0.116,1.2844293062812539e-05
806,903,97,0.097,3.4755981099920064e-05
696,848,152,0.152,0.0001235246201736686
684,842,158,0.158,0.00026433053075497525
748,874,126,0.126,0.0006280123851339568
774,887,113,0.113,3.300246719226152e-05
716,858,142,0.142,0.0005315320210712713
764,882,118,0.118,2.5471568173855985e-06
800,900,100,0.1,0.0005023368877848356
814,907,93,0.093,0.0004582929033967247
820,910,90,0.09,1.8215462830582397e-05
794,897,103,0.103,0.0004824687691425851
766,883,117,0.117,0.00046014145834254806
766,883,117,0.117,0.0009029377695578091
756,878,122,0.122,0.00022489474441300672
804,902,98,0.098,0.0009357196100393139
770,885,115,0.115,9.309337737448687e-06
738,869,131,0.131,9.528891554140274e-06
750,875,125,0.125,3.073498424512877e-05
766,883,117,0.117,4.697261577106815e-06
816,908,92,0.092,6.374427548436756e-06
738,869,131,0.131,1.087306661617049e-05
698,849,151,0.151,0.0005100429488493746
784,892,108,0.108,3.422838939583528e-05
648,824,176,0.176,8.971688844128778e-05
782,891,109,0.109,7.990846274196883e-06
824,912,88,0.088,4.17829362493336e-05
730,865,135,0.135,0.0002732326979090658
790,895,105,0.105,9.4175707387393e-05
760,880,120,0.12,4.2244493258863256e-05
808,904,96,0.096,7.281796453199263e-06
768,884,116,0.116,1.6280384802513482e-05
762,881,119,0.119,1.5017858225007784e-05
830,915,85,0.085,5.841942908091369e-06
794,897,103,0.103,0.00020733802712132388
812,906,94,0.094,1.640190957783716e-05
782,891,109,0.109,2.0104330881025588e-06
764,882,118,0.118,0.00024690856640970083
790,895,105,0.105,4.85275852589524e-05
750,875,125,0.125,0.00024869832403527425
732,866,134,0.134,1.1070231786916906e-05
808,904,96,0.096,1.4623506158116583e-05
770,885,115,0.115,6.606631236081739e-06
746,873,127,0.127,0.00015430240040285525
774,887,113,0.113,4.827972809349035e-05
722,861,139,0.139,4.933097019332422e-06
754,877,123,0.123,0.0004181312424588981
732,866,134,0.134,0.00046433718459840633
702,851,149,0.149,0.0004799207616124335
790,895,105,0.105,4.424361475197714e-05
768,884,116,0.116,1.128602171441173e-05
782,891,109,0.109,0.0006404765235148772
756,878,122,0.122,1.3242847813344837e-05
760,880,120,0.12,1.1723089590844893e-05
730,865,135,0.135,0.0006401026355838297
778,889,111,0.111,7.700156740565945e-05
782,891,109,0.109,0.0017392688312486372
722,861,139,0.139,3.7613656998985334e-05
748,874,126,0.126,6.303656251206747e-05
722,861,139,0.139,2.5111896181698513e-05
792,896,104,0.104,9.64600997558307e-06
796,898,102,0.102,7.655228311125484e-05
802,901,99,0.099,1.116219524084272e-05
814,907,93,0.093,9.36727950712708e-05
766,883,117,0.117,2.7654216325274205e-05
718,859,141,0.141,0.0010667779742927052
820,910,90,0.09,3.979047845461991e-06
788,894,106,0.106,2.0961144339977977e-05
772,886,114,0.114,5.080316914254013e-05
726,863,137,0.137,9.747000782212467e-06
770,885,115,0.115,0.0003907818821140978
780,890,110,0.11,0.0004641591447682174
790,895,105,0.105,0.0005053358699994419
714,857,143,0.143,6.566618060753626e-05
752,876,124,0.124,6.638352066568132e-05
678,839,161,0.161,2.3172460199916146e-05
730,865,135,0.135,0.0005913727000531992
788,894,106,0.106,4.1045403685899376e-05
776,888,112,0.112,3.107686231288653e-06
716,858,142,0.142,0.000774299271686786
744,872,128,0.128,2.0901004242475097e-05
782,891,109,0.109,0.0008452158601822788
742,871,129,0.129,0.0012716150899643992
820,910,90,0.09,5.379262186750111e-06
758,879,121,0.121,1.509075146310579e-05
770,885,115,0.115,4.025072525489293e-05
804,902,98,0.098,8.266897459292011e-05
690,845,155,0.155,0.00012796322058588317
726,863,137,0.137,3.1272490606681912e-06
798,899,101,0.101,4.640641933086442e-05
766,883,117,0.117,1.2204954542553991e-05
810,905,95,0.095,7.943689419406041e-06
734,867,133,0.133,7.112465557057135e-06
764,882,118,0.118,0.0009460845483418155
724,862,138,0.138,1.652896054304165e-05
748,874,126,0.126,0.0008510113194487303
736,868,132,0.132,5.409861696125517e-05
780,890,110,0.11,0.0001684218785148346
706,853,147,0.147,0.0009766965866963915
738,869,131,0.131,0.00035925073245883255
774,887,113,0.113,1.0045386406062562e-05
734,867,133,0.133,3.7593396841543836e-05
820,910,90,0.09,3.120411246288768e-05
780,890,110,0.11,1.6099246379283728e-05
780,890,110,0.11,0.0004729061881518817
762,881,119,0.119,1.3040026122624226e-05
818,909,91,0.091,2.0781877435439356e-05
738,869,131,0.131,0.0004428398897247803
738,869,131,0.131,9.57922474223949e-06
726,863,137,0.137,9.520319488116514e-05
796,898,102,0.102,0.0007316073845295961
784,892,108,0.108,2.720756350711895e-06
742,871,129,0.129,0.00042025823546181586
808,904,96,0.096,1.8146688437866486e-05
772,886,114,0.114,0.00020552342369185796
766,883,117,0.117,5.030058799991366e-05
792,896,104,0.104,4.372179991084124e-05
756,878,122,0.122,0.00042355455585754953
716,858,142,0.142,4.088242733811853e-05
730,865,135,0.135,7.160655520328873e-05
792,896,104,0.104,9.965080764771983e-06
706,853,147,0.147,8.330760238834501e-06
736,868,132,0.132,7.671058682281284e-05
770,885,115,0.115,6.9139368427926225e-06
754,877,123,0.123,1.1064824638779669e-05
808,904,96,0.096,0.00021056545846568042
736,868,132,0.132,2.411150371057147e-05
730,865,135,0.135,0.00042717087148201924
736,868,132,0.132,1.9515227761658592e-05
754,877,123,0.123,0.0005989732074184104
744,872,128,0.128,4.1154082875848985e-05
744,872,128,0.128,0.0003687342973943117
830,915,85,0.085,5.759936558786194e-05
786,893,107,0.107,1.135030776222834e-05
720,860,140,0.14,0.0008466141279481576
710,855,145,0.145,0.00039012162687529896
716,858,142,0.142,0.0009172964918450503
790,895,105,0.105,1.0672731025678673e-05
814,907,93,0.093,2.3947078476993512e-05
776,888,112,0.112,6.446913226591278e-05
724,862,138,0.138,9.010254923225602e-06
752,876,124,0.124,0.00041516364716136423
776,888,112,0.112,0.0005956028715500849
764,882,118,0.118,6.129693554819937e-05
786,893,107,0.107,4.342056931118066e-05
798,899,101,0.101,0.00017651967070837315
832,916,84,0.084,1.6156586974858556e-05
764,882,118,0.118,5.7966379238649775e-06
712,856,144,0.144,0.0004941886245588023
732,866,134,0.134,1.6393610796527014e-05
822,911,89,0.089,2.7658092218132424e-06
716,858,142,0.142,1.3901678577283861e-05
740,870,130,0.13,7.773994983053e-05
764,882,118,0.118,4.3261171994487315e-05
796,898,102,0.102,6.693189251052445e-06
710,855,145,0.145,5.140566663115464e-06
824,912,88,0.088,6.974524635889168e-05
758,879,121,0.121,0.00045598005659864784
794,897,103,0.103,8.847532659970626e-06
744,872,128,0.128,1.3753791668449366e-05
714,857,143,0.143,9.415820209149217e-05
748,874,126,0.126,8.917057341449209e-06
704,852,148,0.148,0.0003564558896913184
756,878,122,0.122,1.3406392651788223e-05
824,912,88,0.088,0.00028996108304110636
762,881,119,0.119,0.0005334143225331332
732,866,134,0.134,0.00015405551079356882
782,891,109,0.109,0.0003731528420399286
766,883,117,0.117,0.0005020929087991703
748,874,126,0.126,1.7688350479545533e-05
728,864,136,0.136,3.944042408991777e-05
724,862,138,0.138,8.555803357789671e-05
782,891,109,0.109,3.5770399704333045e-05
790,895,105,0.105,0.00036562219395398185
766,883,117,0.117,1.4388155751802855e-05
746,873,127,0.127,1.6114527678979585e-05
746,873,127,0.127,0.000265786791963464
772,886,114,0.114,4.788473740629229e-05
770,885,115,0.115,4.485430202782936e-05
750,875,125,0.125,5.736912211857259e-05
734,867,133,0.133,0.001232993358188608
712,856,144,0.144,0.0001441620547405762
734,867,133,0.133,1.007068315846027e-05
780,890,110,0.11,0.00012000329507401375
738,869,131,0.131,0.0005641971822251435
828,914,86,0.086,4.337083859229551e-05
792,896,104,0.104,7.480318045787726e-05
734,867,133,0.133,3.113225730417923e-05
812,906,94,0.094,4.2698447699507366e-05
754,877,123,0.123,0.00011166706770502799
752,876,124,0.124,0.0017561293821953257
742,871,129,0.129,0.00040652493077038797
774,887,113,0.113,4.2607734744706246e-05
776,888,112,0.112,5.2829838459985014e-05
758,879,121,0.121,0.0009239540430017997
834,917,83,0.083,7.03806187506757e-05
742,871,129,0.129,6.270138062589581e-06
790,895,105,0.105,5.935765007478722e-06
738,869,131,0.131,0.0004239915742115983
786,893,107,0.107,0.000893169774820322
740,870,130,0.13,1.6631517548390206e-05
790,895,105,0.105,3.6342130779573266e-05
774,887,113,0.113,3.0631826922885356e-05
806,903,97,0.097,2.038759780404575e-06
822,911,89,0.089,4.978822838324959e-06
758,879,121,0.121,8.767110371795184e-05
816,908,92,0.092,0.000642023555307631
786,893,107,0.107,5.3817037049043395e-05
728,864,136,0.136,3.866430325435033e-05
752,876,124,0.124,0.0002043288494641331
792,896,104,0.104,6.0751178726974335e-06
724,862,138,0.138,2.1889504230870216e-05
784,892,108,0.108,6.982367592556216e-06
740,870,130,0.13,6.31625320882705e-05
764,882,118,0.118,5.312371468349397e-06
750,875,125,0.125,3.4217375687745746e-05
842,921,79,0.079,6.591504540693904e-07
780,890,110,0.11,9.314753656606456e-05
738,869,131,0.131,3.868855665082549e-05
736,868,132,0.132,0.0003570978410314609
716,858,142,0.142,0.0003382919078313762
714,857,143,0.143,8.129058626219888e-05
746,873,127,0.127,0.0002691818457446118
790,895,105,0.105,1.3039611969944077e-05
766,883,117,0.117,0.0003140445882870324
740,870,130,0.13,5.7173871603311e-06
764,882,118,0.118,0.00039696096177790707
844,922,78,0.078,4.155003430118143e-05
784,892,108,0.108,1.0687555200021848e-05
792,896,104,0.104,0.000271900092242447
754,877,123,0.123,6.020473179646047e-06
680,840,160,0.16,8.794326401095987e-05
790,895,105,0.105,3.947021768649961e-05
710,855,145,0.145,5.54680998397572e-05
808,904,96,0.096,0.00037357764515510896
774,887,113,0.113,3.211970936983732e-05
794,897,103,0.103,0.00036292816092500855
812,906,94,0.094,9.524310434457561e-06
780,890,110,0.11,1.8872498309292496e-05
758,879,121,0.121,0.0006965580150913979
818,909,91,0.091,6.408520416822228e-05
794,897,103,0.103,7.67697868219841e-06
818,909,91,0.091,2.810144949890514e-06
806,903,97,0.097,7.0799672676855604e-06
744,872,128,0.128,1.2151967283145382e-05
760,880,120,0.12,0.000379966148869471
782,891,109,0.109,0.0004117644319519087
716,858,142,0.142,0.0005156648641799109
734,867,133,0.133,3.546507622952788e-05
800,900,100,0.1,4.1018317682670615e-05
778,889,111,0.111,1.697657918273876e-05
752,876,124,0.124,0.00036781206804718634
782,891,109,0.109,6.411357208079949e-06
730,865,135,0.135,4.023427728753859e-05
806,903,97,0.097,1.0358498502185398e-05
798,899,101,0.101,0.000276954295822307
770,885,115,0.115,0.0001405773221006541
786,893,107,0.107,7.090152731377941e-05
808,904,96,0.096,4.63871623479406e-06
794,897,103,0.103,4.091494373923865e-06
732,866,134,0.134,3.724324252108602e-05
744,872,128,0.128,2.0601607083051477e-05
778,889,111,0.111,8.14704243595088e-07
714,857,143,0.143,6.580983896674297e-05
708,854,146,0.146,3.5036713690814734e-05
814,907,93,0.093,4.5244057469062684e-07
732,866,134,0.134,0.00047515581783454764
718,859,141,0.141,1.1321104802050285e-05
782,891,109,0.109,4.9890292523755874e-05
748,874,126,0.126,9.0763465900352e-06
816,908,92,0.092,0.0009681780750566986
776,888,112,0.112,4.28284987216756e-05
816,908,92,0.092,6.95431852648909e-05
764,882,118,0.118,0.0006297681877918819
744,872,128,0.128,4.762428019273557e-05
794,897,103,0.103,8.532383681553312e-05
826,913,87,0.087,1.9724826197631275e-05
732,866,134,0.134,5.755757738401712e-05
836,918,82,0.082,7.422409514205697e-06
760,880,120,0.12,0.0006503881726504375
790,895,105,0.105,0.00034050447441869383
750,875,125,0.125,3.910455835278981e-05
726,863,137,0.137,0.00016375261626063776
774,887,113,0.113,7.113489386384231e-06
712,856,144,0.144,3.7776340953698196e-05
776,888,112,0.112,2.0534307991667333e-05
756,878,122,0.122,9.269046115946367e-06
780,890,110,0.11,6.98258505373417e-06
702,851,149,0.149,2.285252705628693e-05
756,878,122,0.122,8.912425345631903e-05
748,874,126,0.126,0.000321807192689235
736,868,132,0.132,3.838000017665877e-06
794,897,103,0.103,6.768917977247213e-05
764,882,118,0.118,0.0002825443881636431
720,860,140,0.14,8.8050948120042e-06
666,833,167,0.167,5.113886492462427e-05
752,876,124,0.124,1.4277304583544037e-05
798,899,101,0.101,2.5935762491286596e-05
778,889,111,0.111,9.42303909914699e-06
762,881,119,0.119,3.778661689167961e-05
722,861,139,0.139,0.0003369994364758071
794,897,103,0.103,0.0002967826074085309
754,877,123,0.123,7.695440394670072e-06
764,882,118,0.118,2.2096665393434023e-05
792,896,104,0.104,1.2405483372205595e-05
840,920,80,0.08,6.1063610616400865e-06
790,895,105,0.105,1.9679683601410148e-05
710,855,145,0.145,0.00033546457866100355
714,857,143,0.143,4.0544671668357065e-05
760,880,120,0.12,0.0008718727139963249
744,872,128,0.128,0.00013130130207809998
726,863,137,0.137,8.13143062076449e-06
702,851,149,0.149,4.7093247543102733e-05
806,903,97,0.097,6.772136534664241e-06
820,910,90,0.09,5.289260665435335e-06
734,867,133,0.133,5.591370202633072e-05
836,918,82,0.082,6.963866480163006e-07
710,855,145,0.145,0.00028977701392571476
738,869,131,0.131,9.849575679029953e-05
788,894,106,0.106,7.96628769806773e-06
744,872,128,0.128,0.0002985677589514353
772,886,114,0.114,4.230933837931161e-06
848,924,76,0.076,0.00048172419242310127
828,914,86,0.086,4.31893581965852e-05
818,909,91,0.091,2.7437722865784053e-06
768,884,116,0.116,2.5337938783081883e-05
820,910,90,0.09,6.430204655089256e-06
730,865,135,0.135,8.840678960439163e-06
816,908,92,0.092,3.3550684566421295e-06
814,907,93,0.093,8.004580195347444e-06
778,889,111,0.111,0.0002936841509164765
776,888,112,0.112,1.8274475562947145e-06
768,884,116,0.116,0.0002461153234443003
696,848,152,0.152,0.0003302810122325468
758,879,121,0.121,2.9071954052568573e-06
790,895,105,0.105,0.00010983178059201748
724,862,138,0.138,0.00021409481188067048
796,898,102,0.102,2.3246924911390465e-05
796,898,102,0.102,4.284311238663463e-06
790,895,105,0.105,5.292230397557774e-06
710,855,145,0.145,6.607188857756796e-06
848,924,76,0.076,3.747378097970966e-05
794,897,103,0.103,0.00022202672481836316
768,884,116,0.116,0.00018262289395130438
784,892,108,0.108,0.00018710831843330312
760,880,120,0.12,2.178045041802079e-06
804,902,98,0.098,3.1178975291709323e-05
788,894,106,0.106,0.0002323111059459677
710,855,145,0.145,0.00022083239406072152
760,880,120,0.12,0.00014006676244846973
772,886,114,0.114,7.771463099039976e-05
764,882,118,0.118,6.576086162141337e-06
760,880,120,0.12,3.886159769227504e-05
822,911,89,0.089,0.00037522210346432416
796,898,102,0.102,0.0005325841011873109
744,872,128,0.128,0.00020175030727834553
784,892,108,0.108,1.4425066843983815e-06
746,873,127,0.127,1.252879607399393e-05
698,849,151,0.151,7.154085074589034e-06
772,886,114,0.114,9.48541099403144e-06
828,914,86,0.086,1.081257742100661e-06
776,888,112,0.112,7.432064974055664e-05
782,891,109,0.109,9.842950038915887e-06
810,905,95,0.095,4.299230148205879e-06
766,883,117,0.117,0.0003029570389657437
790,895,105,0.105,4.075531248716402e-06
744,872,128,0.128,0.0002107731972814264
786,893,107,0.107,9.561315754264399e-05
818,909,91,0.091,4.544909385599283e-05
836,918,82,0.082,9.948785825670825e-06
772,886,114,0.114,0.00019433610374565546
732,866,134,0.134,0.0002994065944458697
784,892,108,0.108,1.1037295653579804e-06
760,880,120,0.12,3.0133386962063467e-06
738,869,131,0.131,3.177232410756403e-05
730,865,135,0.135,1.1519562745917256e-05
792,896,104,0.104,7.589967715489365e-06
720,860,140,0.14,0.00015111069652380137
754,877,123,0.123,0.00011774034856969707
778,889,111,0.111,0.00022449438759900885
802,901,99,0.099,0.00010966822182059844
768,884,116,0.116,4.054784737151351e-05
832,916,84,0.084,0.0002440014860751063
794,897,103,0.103,4.279529425313911e-05
810,905,95,0.095,5.537374547614604e-06
760,880,120,0.12,5.509023094504073e-06
766,883,117,0.117,1.7119885196052563e-05
726,863,137,0.137,7.2462285013159544e-06
766,883,117,0.117,0.0002100479768878074
728,864,136,0.136,0.00018705583903873445
826,913,87,0.087,0.00013986412139854564
756,878,122,0.122,5.876835922421719e-06
754,877,123,0.123,4.15206689426384e-06
694,847,153,0.153,8.545952244460864e-06
762,881,119,0.119,7.380255961490434e-05
722,861,139,0.139,0.00027428014134422084
774,887,113,0.113,3.213252585638315e-06
808,904,96,0.096,3.243791191701462e-05
770,885,115,0.115,0.00021526774372220814
692,846,154,0.154,9.896726208803841e-05
704,852,148,0.148,0.001048283008732639
726,863,137,0.137,0.00011905723436986193
808,904,96,0.096,5.366607481661844e-06
740,870,130,0.13,0.00031313780130889766
802,901,99,0.099,1.7105455656718506e-05
820,910,90,0.09,7.187073961006263e-06
796,898,102,0.102,3.6499022425672936e-05
722,861,139,0.139,0.00030401230249846377
774,887,113,0.113,4.109786749236832e-05
720,860,140,0.14,0.000110116211143378
768,884,116,0.116,6.136437719193566e-05
748,874,126,0.126,4.262809602138873e-05
786,893,107,0.107,0.0003303190696733083
762,881,119,0.119,0.000260235985971093
828,914,86,0.086,0.00040005421930314357
762,881,119,0.119,0.0002441265249641731
786,893,107,0.107,4.51544031257356e-06
792,896,104,0.104,0.00030033215991012697
764,882,118,0.118,1.675306228278828e-05
762,881,119,0.119,0.00010672716531948367
798,899,101,0.101,5.068076186830694e-06
754,877,123,0.123,0.0003116601279857605
718,859,141,0.141,2.892766874273889e-05
762,881,119,0.119,0.0002394530843949383
748,874,126,0.126,2.3553019218098827e-06
730,865,135,0.135,2.9603676024294145e-05
764,882,118,0.118,0.00020730704067206318
758,879,121,0.121,2.7157712989875905e-05
764,882,118,0.118,2.1483072993760288e-05
746,873,127,0.127,7.698863535480882e-06
738,869,131,0.131,9.68720180738103e-06
832,916,84,0.084,5.215978802073096e-05
752,876,124,0.124,8.937925917777533e-06
806,903,97,0.097,2.8527962457317813e-05
776,888,112,0.112,2.4321929867170413e-06
734,867,133,0.133,0.00022533718215235864
850,925,75,0.075,0.00012512874451617507
836,918,82,0.082,4.003397611995751e-06
796,898,102,0.102,9.392281979719996e-05
768,884,116,0.116,2.1714838053796372e-05
808,904,96,0.096,2.0500368705498316e-05
750,875,125,0.125,0.0003102937978072475
738,869,131,0.131,0.00020755472608060188
726,863,137,0.137,0.00012086085712010686
808,904,96,0.096,0.00019891914483503116
700,850,150,0.15,0.0002060484338701798
738,869,131,0.131,4.521548443297263e-05
764,882,118,0.118,0.00028720473473909183
838,919,81,0.081,2.853582239410457e-06
760,880,120,0.12,1.753670782380823e-05
768,884,116,0.116,3.4513763019532462e-06
834,917,83,0.083,2.007148369361289e-05
748,874,126,0.126,2.816891324533799e-05
722,861,139,0.139,0.0006039208430631362
820,910,90,0.09,8.547011830643214e-06
798,899,101,0.101,6.827619561875053e-06
788,894,106,0.106,4.57103248987778e-06
790,895,105,0.105,2.4721473352258273e-06
724,862,138,0.138,0.0001892202491943067
814,907,93,0.093,3.395542091041648e-06
788,894,106,0.106,7.962871877452926e-06
802,901,99,0.099,0.00015533716340949865
786,893,107,0.107,2.6301659324872162e-06
848,924,76,0.076,0.00016091685088053965
698,849,151,0.151,0.0002110064863357195
778,889,111,0.111,0.00016317674424323059
846,923,77,0.077,0.00019867237638648304
764,882,118,0.118,6.698766381163068e-06
770,885,115,0.115,1.7036080135795827e-05
774,887,113,0.113,6.28024427651468e-05
710,855,145,0.145,2.302756015608054e-05
764,882,118,0.118,0.00023390028027013443
692,846,154,0.154,0.00033914146901466326
752,876,124,0.124,1.2302325649415025e-05
786,893,107,0.107,6.387828986404998e-06
772,886,114,0.114,7.319623787452656e-06
806,903,97,0.097,7.45149155215472e-05
790,895,105,0.105,3.3067544012368443e-06
746,873,127,0.127,0.0003301528874605566
768,884,116,0.116,2.127767391839086e-05
732,866,134,0.134,2.2046943983937695e-05
762,881,119,0.119,0.0003913662937300728
706,853,147,0.147,3.219802642199454e-05
742,871,129,0.129,0.00023730644395514845
758,879,121,0.121,0.0001582454017054573
752,876,124,0.124,3.580915386815775e-05
800,900,100,0.1,8.057076204948999e-06
796,898,102,0.102,7.96535919273822e-06
814,907,93,0.093,4.682133379077413e-06
776,888,112,0.112,5.872609728641009e-06
686,843,157,0.157,3.3200382568296047e-05
718,859,141,0.141,1.2590319316174715e-05
798,899,101,0.101,0.00016423919448114077
758,879,121,0.121,2.5214500255813732e-05
748,874,126,0.126,5.399389329738824e-06
820,910,90,0.09,0.000443888743415485
718,859,141,0.141,3.9932131201396715e-05
744,872,128,0.128,3.664243417189539e-05
768,884,116,0.116,1.950614704443865e-05
768,884,116,0.116,3.369681468123531e-05
798,899,101,0.101,1.838292996723112e-06
830,915,85,0.085,2.718686447380492e-06
698,849,151,0.151,0.00033315273223753647
740,870,130,0.13,6.0236555443651696e-05
792,896,104,0.104,0.00017051932750860032
728,864,136,0.136,0.00021687545678071273
766,883,117,0.117,3.4886806070971945e-05
798,899,101,0.101,7.651457023584384e-06
784,892,108,0.108,1.066391274673606e-05
752,876,124,0.124,0.0002301103110838909
766,883,117,0.117,3.953455954813023e-05
808,904,96,0.096,2.6979929195363185e-06
816,908,92,0.092,0.00018046089384428398
766,883,117,0.117,0.00016882048208674406
710,855,145,0.145,3.4118755663257616e-05
778,889,111,0.111,2.6295239228147693e-05
770,885,115,0.115,4.167052431472484e-05
750,875,125,0.125,0.00019164662522314302
798,899,101,0.101,7.509457069924963e-05
722,861,139,0.139,4.04179457874676e-05
790,895,105,0.105,3.4043046065477255e-06
754,877,123,0.123,4.094910096853255e-06
804,902,98,0.098,4.7315385605628534e-05
824,912,88,0.088,1.6040908761823404e-05
796,898,102,0.102,0.000142503666086057
832,916,84,0.084,1.1285468413390732e-05
732,866,134,0.134,4.040691160891186e-05
788,894,106,0.106,3.150484959674316e-05
788,894,106,0.106,9.494700215566354e-05
790,895,105,0.105,2.4668473995035356e-06
784,892,108,0.108,2.1457544422446518e-05
724,862,138,0.138,7.421370528618354e-06
798,899,101,0.101,2.2302230159993998e-06
708,854,146,0.146,0.00016597873515699745
744,872,128,0.128,7.90220981434686e-06
706,853,147,0.147,0.00027646368545626386
794,897,103,0.103,8.835664788090014e-05
718,859,141,0.141,0.00017021876185205543
794,897,103,0.103,5.382059602297317e-06
802,901,99,0.099,0.00018997670747243945
758,879,121,0.121,8.431277748356081e-05
820,910,90,0.09,0.00010974407865776925
782,891,109,0.109,7.486709498891741e-06
760,880,120,0.12,5.810854664161979e-06
722,861,139,0.139,5.1627898211279445e-06
762,881,119,0.119,1.4020894764925629e-05
748,874,126,0.126,0.00010959478451876237
764,882,118,0.118,2.2171465669970302e-05
754,877,123,0.123,0.00018890776050790238
732,866,134,0.134,8.546660093298897e-05
806,903,97,0.097,2.5141317038091416e-05
726,863,137,0.137,0.0005823753496834598
816,908,92,0.092,9.09153157142839e-06
742,871,129,0.129,5.4673347639138115e-05
776,888,112,0.112,6.240860286979455e-06
718,859,141,0.141,0.000107961215125286
778,889,111,0.111,0.00016964477302244062
848,924,76,0.076,4.052821151049102e-06
750,875,125,0.125,5.705770933155918e-05
770,885,115,0.115,8.080606502095123e-05
770,885,115,0.115,0.00014837745004884085
744,872,128,0.128,0.00015591128591854896
790,895,105,0.105,2.9785115623610636e-06
774,887,113,0.113,0.00018188118095395113
752,876,124,0.124,5.8771038163598634e-05
790,895,105,0.105,6.93465646619984e-05
782,891,109,0.109,0.0001711945411848177
756,878,122,0.122,0.00043454295302994695
774,887,113,0.113,1.3309934937950629e-05
782,891,109,0.109,4.592896788608414e-06
702,851,149,0.149,0.00020071339552028177
792,896,104,0.104,0.00022785085129144988
800,900,100,0.1,0.00021397585125836828
796,898,102,0.102,4.68635671472839e-06
756,878,122,0.122,0.00015731079605794208
770,885,115,0.115,0.00020517017399888004
794,897,103,0.103,5.710482624266433e-06
736,868,132,0.132,3.261899971617766e-05
768,884,116,0.116,1.4508506241242002e-06
796,898,102,0.102,0.00023938122261998274
806,903,97,0.097,7.110645912746349e-06
706,853,147,0.147,0.00016162913227285003
744,872,128,0.128,1.3006250609151948e-05
690,845,155,0.155,0.00012693115740157167
752,876,124,0.124,8.117995825759295e-05
750,875,125,0.125,0.00018399193769366208
774,887,113,0.113,3.417140304537725e-05
798,899,101,0.101,2.405918482514835e-05
752,876,124,0.124,8.408642086067175e-06
744,872,128,0.128,1.0167672558509366e-05
780,890,110,0.11,9.135075664246983e-06
690,845,155,0.155,5.578136269932088e-05
782,891,109,0.109,3.4772891612675494e-06
716,858,142,0.142,3.3942500729125415e-05
834,917,83,0.083,5.688673917632059e-07
762,881,119,0.119,6.278281005553766e-05
766,883,117,0.117,2.7644679890229895e-05
742,871,129,0.129,0.00022058979058775207
758,879,121,0.121,0.00012859490080394665
724,862,138,0.138,1.5146331507750687e-05
762,881,119,0.119,4.9205272568542566e-05
802,901,99,0.099,0.00020118220725764502
826,913,87,0.087,1.3860431924257456e-06
784,892,108,0.108,1.0235971993935778e-05
752,876,124,0.124,0.00010224077865497349
744,872,128,0.128,2.5167282547513992e-05
784,892,108,0.108,2.9810908679309024e-05
772,886,114,0.114,9.182618619476557e-06
746,873,127,0.127,8.21979543661655e-06
756,878,122,0.122,1.1829519254007437e-05
744,872,128,0.128,0.00026199874904304465
804,902,98,0.098,1.7397761181570103e-05
776,888,112,0.112,1.2226914341638918e-05
756,878,122,0.122,0.00030401600442336017
752,876,124,0.124,1.4344575518620672e-05
726,863,137,0.137,7.515949443333625e-05
758,879,121,0.121,5.930263217237553e-06
758,879,121,0.121,9.664879832206453e-05
762,881,119,0.119,0.00016963043395156773
756,878,122,0.122,0.000118832142795398
798,899,101,0.101,3.194264151217396e-05
720,860,140,0.14,0.0001149074218684234
734,867,133,0.133,6.81695921529979e-06
676,838,162,0.162,7.275936397334703e-06
754,877,123,0.123,3.4943248125088646e-05
758,879,121,0.121,0.0002965296043210799
708,854,146,0.146,4.7204340794877455e-06
770,885,115,0.115,1.0374043413150957e-05
716,858,142,0.142,1.272349498078995e-05
776,888,112,0.112,4.276874403227282e-05
732,866,134,0.134,0.0001392150451820271
734,867,133,0.133,4.8192540657368e-05
738,869,131,0.131,8.178822816192621e-05
748,874,126,0.126,1.1119039233960847e-05
784,892,108,0.108,1.528666287113367e-05
808,904,96,0.096,1.47770781720169e-05
726,863,137,0.137,3.194905398338221e-05
742,871,129,0.129,3.718963921002683e-05
810,905,95,0.095,3.489845070447473e-05
758,879,121,0.121,0.00044485497299233146
792,896,104,0.104,1.0894775994259475e-05
738,869,131,0.131,0.00017707990302693588
800,900,100,0.1,8.57604228021387e-05
684,842,158,0.158,9.891097621193978e-05
766,883,117,0.117,9.157384206787356e-06
786,893,107,0.107,2.4872854903875917e-05
748,874,126,0.126,8.29704626754335e-06
792,896,104,0.104,2.3100689459326418e-05
742,871,129,0.129,3.749037007244738e-05
862,931,69,0.069,0.0002008198042034195
770,885,115,0.115,2.3767644620988906e-06
776,888,112,0.112,1.4910088844004577e-06
700,850,150,0.15,4.158087004137201e-05
750,875,125,0.125,0.0001351350646944951
756,878,122,0.122,0.0002859089191642852
810,905,95,0.095,1.3126241283458738e-06
790,895,105,0.105,4.6206674004452e-06
748,874,126,0.126,9.781906599438627e-05
790,895,105,0.105,3.816845063511209e-06
776,888,112,0.112,2.220490041580092e-06
794,897,103,0.103,9.871030977581086e-05
796,898,102,0.102,6.32160512692792e-06
804,902,98,0.098,1.583585294397949e-06
796,898,102,0.102,5.092526153974575e-05
738,869,131,0.131,0.00012321522085346714
806,903,97,0.097,7.006838200709353e-07
762,881,119,0.119,3.5480153278939496e-06
794,897,103,0.103,3.2323218555063704e-06
766,883,117,0.117,4.731691113377678e-05
724,862,138,0.138,1.794135200870528e-05
738,869,131,0.131,0.00011203908400366914
754,877,123,0.123,3.2383824035335354e-05
758,879,121,0.121,2.3970684886450046e-05
776,888,112,0.112,2.5488452717610244e-06
728,864,136,0.136,0.00011446068052029545
766,883,117,0.117,5.417649224099819e-06
790,895,105,0.105,8.736948618535223e-05
762,881,119,0.119,8.942289417575467e-06
754,877,123,0.123,0.00010331525512761175
784,892,108,0.108,8.175306530802118e-06
734,867,133,0.133,2.6671045342823164e-05
740,870,130,0.13,2.4433792009574516e-05
798,899,101,0.101,4.5509624063200246e-05
778,889,111,0.111,5.1667517258650265e-05
796,898,102,0.102,2.3754547883996225e-05
716,858,142,0.142,3.668189660108112e-05
862,931,69,0.069,1.1586083818542648e-05
698,849,151,0.151,0.0003508136446062622
810,905,95,0.095,2.8129989536409994e-05
758,879,121,0.121,7.2682555322387544e-06
838,919,81,0.081,7.796411806225479e-06
822,911,89,0.089,1.284413103503823e-05
780,890,110,0.11,4.214171284644408e-06
762,881,119,0.119,3.533065964802518e-05
724,862,138,0.138,1.1774820578082767e-05
776,888,112,0.112,3.3165636438354795e-06
778,889,111,0.111,5.710211362284667e-06
732,866,134,0.134,8.215031425363862e-05
784,892,108,0.108,6.122281891762782e-06
776,888,112,0.112,9.661475509199135e-05
776,888,112,0.112,4.1747680038213275e-06
710,855,145,0.145,3.4523470953061516e-05
754,877,123,0.123,0.00018711804692637203
738,869,131,0.131,3.812621448176401e-06
792,896,104,0.104,5.157599639716181e-06
730,865,135,0.135,0.00014361625739755369
804,902,98,0.098,0.00011362918968100644
780,890,110,0.11,8.169319154291088e-06
820,910,90,0.09,3.855610563675782e-06
798,899,101,0.101,4.34216642345433e-05
788,894,106,0.106,2.125946404717638e-06
742,871,129,0.129,5.901906569533821e-06
776,888,112,0.112,9.85872257957965e-06
796,898,102,0.102,4.051510517001588e-06
776,888,112,0.112,3.969114984329281e-06
780,890,110,0.11,0.00029019784183974197
764,882,118,0.118,1.7919542667641508e-06
722,861,139,0.139,4.3647125840521994e-05
824,912,88,0.088,8.495290856444626e-06
804,902,98,0.098,5.275432977828132e-05
736,868,132,0.132,1.0864181329651501e-05
782,891,109,0.109,1.8956663449841925e-05
746,873,127,0.127,3.090735622839702e-05
778,889,111,0.111,9.20642294954206e-05
824,912,88,0.088,1.731574466451491e-05
762,881,119,0.119,7.819486059314329e-05
732,866,134,0.134,0.00030825815591217065
758,879,121,0.121,5.98599193799032e-06
756,878,122,0.122,0.0001574130725229139
702,851,149,0.149,4.008357679893493e-06
774,887,113,0.113,3.21891564426835e-05
802,901,99,0.099,4.629462300816556e-05
714,857,143,0.143,1.9511265365821373e-06
738,869,131,0.131,0.00010534674025157642
800,900,100,0.1,2.7413392661131298e-05
742,871,129,0.129,0.0003644070900358116
748,874,126,0.126,8.979260572631631e-05
768,884,116,0.116,0.0003586747742090495
714,857,143,0.143,2.4512114244501505e-05
750,875,125,0.125,0.0001517402029162156
750,875,125,0.125,0.00010318213016327605
798,899,101,0.101,2.247042685463896e-05
744,872,128,0.128,2.3703113928846165e-05
716,858,142,0.142,5.710070077412865e-06
788,894,106,0.106,3.1057099905652305e-05
798,899,101,0.101,0.00017414537676982888
816,908,92,0.092,2.463709987495122e-06
770,885,115,0.115,2.9567553365808406e-05
734,867,133,0.133,4.165212475953695e-06
782,891,109,0.109,2.57237253426581e-05
768,884,116,0.116,4.787860726939641e-05
806,903,97,0.097,1.4246699592177948e-05
738,869,131,0.131,0.00010749675237900647
800,900,100,0.1,1.3401061002412007e-05
764,882,118,0.118,0.00010405601272105969
772,886,114,0.114,4.868534390809031e-06
750,875,125,0.125,2.9870540130673363e-05
754,877,123,0.123,4.371408846390068e-05
776,888,112,0.112,0.0002481976557802028
774,887,113,0.113,9.195745116031163e-06
742,871,129,0.129,6.2569492838918e-05
800,900,100,0.1,2.837738097210263e-05
786,893,107,0.107,4.942974483000739e-06
734,867,133,0.133,0.0005618687716982862
744,872,128,0.128,3.1645930416743795e-06
786,893,107,0.107,1.3705442677476754e-05
792,896,104,0.104,8.569171130339725e-05
782,891,109,0.109,5.6018764200786105e-05
720,860,140,0.14,9.708253395656641e-05
736,868,132,0.132,0.000113741238181305
766,883,117,0.117,3.929371933523385e-06
778,889,111,0.111,1.381443332888921e-06
754,877,123,0.123,3.3666504569680457e-05
754,877,123,0.123,7.468715723391028e-06
760,880,120,0.12,4.861618777580645e-05
786,893,107,0.107,0.00017366443297987645
822,911,89,0.089,1.3027827114910905e-06
742,871,129,0.129,5.7921248430787386e-05
764,882,118,0.118,1.6907303414726015e-05
834,917,83,0.083,4.116992990176982e-06
816,908,92,0.092,0.00017814951613490847
774,887,113,0.113,9.033968986301489e-06
674,837,163,0.163,0.00010258846321447379
740,870,130,0.13,0.00020059219176270915
726,863,137,0.137,0.00021632760412686026
782,891,109,0.109,1.8942585856549955e-05
794,897,103,0.103,5.2746487079843973e-05
766,883,117,0.117,3.108028473451441e-05
732,866,134,0.134,9.916870307520754e-06
748,874,126,0.126,0.00014088884088008058
790,895,105,0.105,2.5805494925464247e-05
784,892,108,0.108,2.189391211528857e-05
718,859,141,0.141,3.688209856404967e-05
756,878,122,0.122,0.00010491253026034997
750,875,125,0.125,5.987392199259034e-06
696,848,152,0.152,0.00012975194361058585
810,905,95,0.095,4.8996500667769284e-05
716,858,142,0.142,2.2872201788985082e-05
790,895,105,0.105,4.6341128928020225e-06
838,919,81,0.081,1.01145568913239e-05
780,890,110,0.11,1.8362227143171595e-06
790,895,105,0.105,5.1212838469766095e-05
726,863,137,0.137,0.00010463031554279212
780,890,110,0.11,7.37422390918141e-06
800,900,100,0.1,2.462444537684405e-06
812,906,94,0.094,0.00015600930622682084
814,907,93,0.093,7.113962650342387e-05
802,901,99,0.099,3.872599127845433e-06
734,867,133,0.133,9.328466765524013e-06
734,867,133,0.133,0.00019323852162840183
778,889,111,0.111,2.2881925717271657e-05
742,871,129,0.129,3.949345993476072e-06
774,887,113,0.113,0.00010552611483326758
726,863,137,0.137,3.327942915073834e-05
756,878,122,0.122,6.457285117747347e-06
742,871,129,0.129,3.846099754827037e-05
782,891,109,0.109,2.7755697481325115e-05
746,873,127,0.127,3.870088923305559e-05
752,876,124,0.124,7.812549133987545e-06
838,919,81,0.081,5.25341208604857e-06
786,893,107,0.107,1.4013780365885964e-05
794,897,103,0.103,0.00019362293641742668
736,868,132,0.132,0.00014075154628363863
806,903,97,0.097,6.361797133877189e-06
732,866,134,0.134,0.0002194583273275157
792,896,104,0.104,4.287036807909317e-06
766,883,117,0.117,0.0001261817268233898
742,871,129,0.129,0.00013665894785678745
758,879,121,0.121,1.9010852383786413e-05
730,865,135,0.135,4.224198870792861e-05
796,898,102,0.102,5.068574950399806e-06
776,888,112,0.112,0.00013162865643808174
736,868,132,0.132,9.264008262107381e-06
740,870,130,0.13,4.8749959228047145e-06
760,880,120,0.12,0.0001726428319025075
782,891,109,0.109,2.8523468403989227e-06
780,890,110,0.11,9.441098778154355e-06
780,890,110,0.11,1.728361555112201e-05
814,907,93,0.093,9.98239708269466e-06
798,899,101,0.101,3.513348262393379e-05
786,893,107,0.107,1.1837413945698926e-05
806,903,97,0.097,0.00010683017178210718
738,869,131,0.131,0.00019601680247346564
768,884,116,0.116,1.1170528652542089e-06
788,894,106,0.106,2.4671123440626276e-05
746,873,127,0.127,0.00018131090971223784
742,871,129,0.129,0.00011274892110498058
742,871,129,0.129,7.459777695082437e-05
762,881,119,0.119,2.2041625882579296e-05
754,877,123,0.123,2.0866968161413977e-05
780,890,110,0.11,2.9774232653196008e-05
748,874,126,0.126,9.932751307307797e-05
748,874,126,0.126,3.597180121857946e-05
698,849,151,0.151,5.14618347580722e-05
800,900,100,0.1,6.312206709367274e-06
724,862,138,0.138,3.5307198864103386e-05
782,891,109,0.109,4.211411778754837e-06
698,849,151,0.151,5.457546782793088e-06
780,890,110,0.11,7.420292253598859e-06
780,890,110,0.11,1.5942600088962422e-05
754,877,123,0.123,0.00014967230969939747
748,874,126,0.126,3.873086225677014e-05
724,862,138,0.138,2.261024454966787e-06
720,860,140,0.14,2.7659010334588173e-05
796,898,102,0.102,0.00011768362722388304
748,874,126,0.126,0.00032129400331865554
782,891,109,0.109,6.421230047592985e-06
782,891,109,0.109,4.698266965164066e-06
794,897,103,0.103,8.475056808578074e-06
766,883,117,0.117,3.1727486651362826e-05
790,895,105,0.105,7.636550016627552e-05
792,896,104,0.104,1.3081777458381794e-05
738,869,131,0.131,0.0001343791235921401
764,882,118,0.118,8.967576254707411e-05
784,892,108,0.108,0.00012110566847299254
760,880,120,0.12,0.00011909623188920193
716,858,142,0.142,3.735328621485223e-05
734,867,133,0.133,9.409676732822447e-05
804,902,98,0.098,6.035993574805332e-05
728,864,136,0.136,1.34717305948584e-06
742,871,129,0.129,0.00011246257971458818
816,908,92,0.092,9.067198252570562e-05
764,882,118,0.118,3.0878369279463413e-06
784,892,108,0.108,0.00016730829000864843
800,900,100,0.1,1.4147650187368299e-06
724,862,138,0.138,8.819148347986072e-05
814,907,93,0.093,6.808254225947508e-05
788,894,106,0.106,2.3585144809032955e-05
786,893,107,0.107,3.5641744264438557e-06
736,868,132,0.132,3.7345773317738915e-05
764,882,118,0.118,1.1193256760890335e-05
732,866,134,0.134,7.404755564365928e-06
738,869,131,0.131,0.00021665831483305454
708,854,146,0.146,0.00012919845523033758
734,867,133,0.133,1.1792229563553747e-05
760,880,120,0.12,0.00015328838907362297
762,881,119,0.119,9.710449949054122e-05
710,855,145,0.145,5.257173473566468e-06
736,868,132,0.132,6.806563320030535e-05
790,895,105,0.105,6.93716134308886e-06
796,898,102,0.102,4.195828330750828e-06
764,882,118,0.118,0.0001733354402505114
720,860,140,0.14,7.57842367463013e-06
702,851,149,0.149,5.2303101000788385e-05
796,898,102,0.102,2.2331917236954267e-05
790,895,105,0.105,0.00040127049467224654
836,918,82,0.082,0.0001610743483068262
736,868,132,0.132,2.1215838867121308e-05
780,890,110,0.11,0.00012258463593080649
766,883,117,0.117,5.678936876606145e-06
768,884,116,0.116,2.0883688606474494e-05
772,886,114,0.114,0.00010361130215669334
728,864,136,0.136,3.4705761670068116e-05
784,892,108,0.108,6.6340550772849835e-06
744,872,128,0.128,0.00019170382550028365
754,877,123,0.123,3.7269865572682192e-06
728,864,136,0.136,3.822775033370362e-06
778,889,111,0.111,2.3820422082593495e-05
714,857,143,0.143,0.0001720649351753565
714,857,143,0.143,2.152972491728633e-05
778,889,111,0.111,3.7056442700134085e-06
668,834,166,0.166,6.127964882475112e-05
768,884,116,0.116,1.6944804277017057e-06
766,883,117,0.117,9.676068580048991e-05
756,878,122,0.122,3.688789862081876e-05
758,879,121,0.121,3.622456108635674e-05
712,856,144,0.144,2.6038141815533323e-05
760,880,120,0.12,0.00013665505810527633
746,873,127,0.127,5.0839563532107946e-05
786,893,107,0.107,6.3260888805558575e-06
738,869,131,0.131,4.512845090403062e-06
814,907,93,0.093,7.268438845557056e-05
760,880,120,0.12,2.052509776746092e-06
756,878,122,0.122,6.285825605402806e-06
742,871,129,0.129,3.2887334587400116e-05
746,873,127,0.127,2.6189553874900186e-06
678,839,161,0.161,4.040952252599084e-05
812,906,94,0.094,1.3824254908030298e-06
778,889,111,0.111,1.1891009849193779e-05
682,841,159,0.159,3.6769376608702943e-06
802,901,99,0.099,6.700072689895365e-06
796,898,102,0.102,1.7914985172112097e-05
740,870,130,0.13,1.1151965891542659e-05
726,863,137,0.137,0.00023760983649235356
824,912,88,0.088,2.781014838294027e-05
804,902,98,0.098,0.00010381675037626791
748,874,126,0.126,9.32709579971629e-05
778,889,111,0.111,3.54801561104523e-06
694,847,153,0.153,0.000177448832872372
788,894,106,0.106,2.223724952088446e-06
806,903,97,0.097,0.00018170810918246617
694,847,153,0.153,1.8933370840741758e-05
802,901,99,0.099,2.7460249274767533e-05
848,924,76,0.076,1.854857997977888e-05
850,925,75,0.075,5.83203909671397e-05
762,881,119,0.119,8.571422130641792e-05
836,918,82,0.082,7.423477707206416e-06
772,886,114,0.114,6.223187056663448e-05
772,886,114,0.114,3.8469078692060064e-05
778,889,111,0.111,7.623413730874517e-05
804,902,98,0.098,2.443245293082441e-05
750,875,125,0.125,2.1448687076571105e-05
824,912,88,0.088,3.244970366623079e-06
730,865,135,0.135,1.722485312400579e-05
760,880,120,0.12,5.5794107616677025e-05
740,870,130,0.13,2.5101258119832436e-05
736,868,132,0.132,1.0210405170553826e-05
784,892,108,0.108,7.589998382995588e-05
722,861,139,0.139,6.93874803693575e-05
806,903,97,0.097,2.5002060398264803e-06
696,848,152,0.152,2.0813986972925136e-05
786,893,107,0.107,1.4807116076383408e-05
758,879,121,0.121,0.0002290586439071234
746,873,127,0.127,2.9951224740713654e-05
810,905,95,0.095,4.3700518324172325e-05
776,888,112,0.112,4.280559410887008e-06
766,883,117,0.117,4.095595797544149e-05
760,880,120,0.12,2.6351125163884603e-05
794,897,103,0.103,7.505253565376791e-05
756,878,122,0.122,1.1013573299166523e-05
712,856,144,0.144,0.00024587247733124686
756,878,122,0.122,6.481259097526504e-06
768,884,116,0.116,1.638348190716954e-05
770,885,115,0.115,0.00017239523468582263
744,872,128,0.128,8.691022096570578e-05
772,886,114,0.114,4.8868896723774925e-06
766,883,117,0.117,0.0001326133401997396
808,904,96,0.096,4.067989204301625e-06
742,871,129,0.129,2.672534199054155e-05
832,916,84,0.084,4.369227804852471e-05
742,871,129,0.129,0.00010220935734535885
726,863,137,0.137,3.574960404621663e-05
796,898,102,0.102,4.191346701659882e-06
720,860,140,0.14,8.431126967388991e-05
700,850,150,0.15,1.0568818158361638e-05
746,873,127,0.127,1.6484012828769324e-05
784,892,108,0.108,2.725315654444671e-06
784,892,108,0.108,5.639803850696978e-05
778,889,111,0.111,2.2585557587902372e-05
752,876,124,0.124,8.663301308644122e-06
774,887,113,0.113,5.031629509861091e-05
764,882,118,0.118,3.8375976335515816e-05
756,878,122,0.122,8.58380278618398e-05
786,893,107,0.107,5.0946211588879464e-05
664,832,168,0.168,7.735914282007173e-05
806,903,97,0.097,3.7645212404981978e-06
750,875,125,0.125,6.308196978764613e-06
822,911,89,0.089,2.3771099996565683e-06
798,899,101,0.101,3.117261098424251e-06
750,875,125,0.125,9.817382490027172e-05
784,892,108,0.108,7.196782061896556e-06
804,902,98,0.098,2.8298833872554495e-05
750,875,125,0.125,2.9807156762345242e-05
808,904,96,0.096,2.8696911515311286e-06
774,887,113,0.113,7.338376290078941e-06
738,869,131,0.131,4.9913784447269906e-05
790,895,105,0.105,8.060894916347649e-05
740,870,130,0.13,4.613066013618549e-06
756,878,122,0.122,5.8062331546608446e-05
764,882,118,0.118,1.3062499306059294e-05
800,900,100,0.1,7.792198478469458e-06
786,893,107,0.107,3.207665585188124e-05
812,906,94,0.094,2.9665456727343552e-05
764,882,118,0.118,0.00012547829687794377
750,875,125,0.125,2.597170389164205e-05
728,864,136,0.136,1.2300897345241423e-05
824,912,88,0.088,2.922934540762867e-06
750,875,125,0.125,8.029120553466384e-05
750,875,125,0.125,7.966571135078481e-05
770,885,115,0.115,0.0001018985581387284
754,877,123,0.123,0.00013296348530636236
788,894,106,0.106,5.669714325883035e-05
758,879,121,0.121,4.565138175891548e-06
746,873,127,0.127,5.2008806203929225e-06
716,858,142,0.142,6.281579269298732e-06
780,890,110,0.11,3.3573383137479597e-06
782,891,109,0.109,8.254007568787358e-05
762,881,119,0.119,0.0001934422848746493
724,862,138,0.138,0.00011187373365567055
712,856,144,0.144,8.530654732670939e-05
714,857,143,0.143,9.755699118187521e-06
778,889,111,0.111,9.992447223089584e-05
784,892,108,0.108,3.5253525812095175e-05
810,905,95,0.095,7.227754415723098e-06
772,886,114,0.114,2.4806719867754622e-05
786,893,107,0.107,9.902747893633545e-06
732,866,134,0.134,2.5668661870980714e-05
786,893,107,0.107,0.00022959085776528808
782,891,109,0.109,4.631865330581775e-05
798,899,101,0.101,7.877873382312828e-06
770,885,115,0.115,8.638912547931455e-05
792,896,104,0.104,4.528277854802809e-06
742,871,129,0.129,0.00010072121747978712
814,907,93,0.093,4.396663675578338e-06
714,857,143,0.143,1.757465107992573e-05
718,859,141,0.141,3.2427839154962612e-06
760,880,120,0.12,2.182682032682237e-06
808,904,96,0.096,9.661401135673487e-06
734,867,133,0.133,7.872036867713916e-05
738,869,131,0.131,5.357593796647109e-05
724,862,138,0.138,9.544358386705199e-06
792,896,104,0.104,2.157641248366815e-05
814,907,93,0.093,4.616456580478712e-06
798,899,101,0.101,1.3873251848806945e-05
792,896,104,0.104,0.00018814309667294538
836,918,82,0.082,2.927203393284117e-06
788,894,106,0.106,9.361479118865646e-06
778,889,111,0.111,7.275224823736436e-05
742,871,129,0.129,5.5140033880562104e-05
710,855,145,0.145,0.00010868975171943873
762,881,119,0.119,3.9218486324273275e-05
832,916,84,0.084,1.2037821156994254e-05
796,898,102,0.102,2.9889422397317845e-05
750,875,125,0.125,6.596771443950899e-05
682,841,159,0.159,6.095198419379244e-05
714,857,143,0.143,9.523129590661483e-06
730,865,135,0.135,8.264659902253868e-05
832,916,84,0.084,8.209453824719049e-07
756,878,122,0.122,6.0139369037074175e-05
720,860,140,0.14,7.345733870934623e-06
738,869,131,0.131,0.00010178586351634067
752,876,124,0.124,7.540370125141749e-06
808,904,96,0.096,9.664572433966612e-05
738,869,131,0.131,2.5690649462362104e-05
758,879,121,0.121,2.5771907986325006e-06
814,907,93,0.093,1.2684879607007815e-05
794,897,103,0.103,2.3831459240426513e-06
770,885,115,0.115,3.7325298138114246e-05
686,843,157,0.157,0.00010990980698571207
786,893,107,0.107,5.097573405691946e-06
770,885,115,0.115,2.0281581798144544e-05
760,880,120,0.12,2.467691300957142e-05
800,900,100,0.1,5.275125231975153e-06
754,877,123,0.123,1.3077934079262831e-05
794,897,103,0.103,2.506098435800652e-05
726,863,137,0.137,0.0001352501290468524
754,877,123,0.123,0.00016181645585454873
794,897,103,0.103,3.6394633095255812e-06
778,889,111,0.111,8.629595015950998e-05
674,837,163,0.163,0.0001449737789326093
784,892,108,0.108,5.8460030854377006e-06
712,856,144,0.144,0.00013615776602460982
758,879,121,0.121,3.1668788161709924e-05
778,889,111,0.111,5.947840857118081e-06
772,886,114,0.114,1.4372203816861884e-05
748,874,126,0.126,6.308508827885362e-06
782,891,109,0.109,6.541534898991586e-05
714,857,143,0.143,0.00010558601883715823
758,879,121,0.121,3.958586212448268e-06
768,884,116,0.116,1.4652606285622482e-05
800,900,100,0.1,2.1235598418201106e-06
730,865,135,0.135,0.00010508970988975364
756,878,122,0.122,4.503452026472132e-05
810,905,95,0.095,9.893205310277153e-06
752,876,124,0.124,5.3079166584538486e-05
810,905,95,0.095,7.010326224381912e-05
784,892,108,0.108,6.226725153709367e-06
738,869,131,0.131,0.00012808443509302946
694,847,153,0.153,7.949063931468459e-05
784,892,108,0.108,1.601722050367016e-06
794,897,103,0.103,3.3120923727523176e-06
748,874,126,0.126,6.116223992322034e-06
750,875,125,0.125,2.2025683412024932e-05
762,881,119,0.119,1.4288206534970983e-05
750,875,125,0.125,6.349536434697711e-06
722,861,139,0.139,0.00024977695765154807
802,901,99,0.099,3.0768513146597344e-06
754,877,123,0.123,0.00016029272800882665
754,877,123,0.123,4.457900692102612e-06
782,891,109,0.109,8.845995122244688e-05
768,884,116,0.116,4.076084956494697e-06
712,856,144,0.144,7.743221112463061e-06
732,866,134,0.134,0.0001963045400623571
726,863,137,0.137,5.90779002224906e-06
710,855,145,0.145,0.00016100082460843623
726,863,137,0.137,5.1609885225119003e-05
744,872,128,0.128,0.00017568428128164726
806,903,97,0.097,7.908638718802764e-06
770,885,115,0.115,7.368636066161116e-06
774,887,113,0.113,7.347076845277911e-06
810,905,95,0.095,2.8178008721226886e-06
750,875,125,0.125,5.7171423515285366e-06
732,866,134,0.134,6.357673142943554e-06
812,906,94,0.094,2.5073799901647932e-05
846,923,77,0.077,3.345076769859645e-05
716,858,142,0.142,2.6371159517296404e-05
784,892,108,0.108,3.6144791763874195e-05
734,867,133,0.133,3.056497680120174e-05
742,871,129,0.129,2.265459757371957e-05
780,890,110,0.11,3.822859384570165e-06
786,893,107,0.107,2.7409351839907003e-05
762,881,119,0.119,5.975537280070853e-05
788,894,106,0.106,1.9282821893526147e-05
824,912,88,0.088,8.199971184382093e-06
716,858,142,0.142,3.5388275519636634e-05
818,909,91,0.091,2.063547542493893e-05
740,870,130,0.13,2.7063232320159612e-05
776,888,112,0.112,0.00013594523106957014
794,897,103,0.103,6.921201176747615e-05
722,861,139,0.139,0.0001212113402836792
744,872,128,0.128,0.00021520873895673276
722,861,139,0.139,3.344529405707419e-05
786,893,107,0.107,1.004606765135918e-05
810,905,95,0.095,3.288239137091864e-06
786,893,107,0.107,6.964578150383715e-05
778,889,111,0.111,2.6081214883475922e-05
784,892,108,0.108,1.4077504705880983e-05
792,896,104,0.104,6.116243741375627e-05
730,865,135,0.135,1.601910382328242e-05
796,898,102,0.102,3.60678970423578e-05
780,890,110,0.11,1.1267326409850397e-05
720,860,140,0.14,3.8237091393966695e-06
766,883,117,0.117,7.830890726054917e-06
758,879,121,0.121,3.0167412389118907e-05
784,892,108,0.108,9.094220571370215e-06
748,874,126,0.126,1.3337298734910518e-05
732,866,134,0.134,4.120852990183721e-06
798,899,101,0.101,0.00012494853127354588
772,886,114,0.114,1.3503018284282575e-05
770,885,115,0.115,2.2333436431182464e-05
776,888,112,0.112,5.51086425276992e-06
770,885,115,0.115,9.464859552385007e-05
784,892,108,0.108,3.4103999826072597e-05
716,858,142,0.142,6.95902737656553e-05
808,904,96,0.096,2.890719334914138e-06
726,863,137,0.137,3.430176037527133e-05
736,868,132,0.132,1.9944947128848868e-05
746,873,127,0.127,1.4886397952722063e-05
740,870,130,0.13,3.9544965553830025e-05
802,901,99,0.099,5.518921618372019e-05
758,879,121,0.121,1.506853681983955e-05
836,918,82,0.082,2.907532754022668e-05
790,895,105,0.105,2.371199330826812e-05
792,896,104,0.104,7.318945766982666e-05
758,879,121,0.121,3.4525518502931616e-05
802,901,99,0.099,5.574231342279745e-06
750,875,125,0.125,1.6592277005926802e-05
716,858,142,0.142,0.00013317557576961292
714,857,143,0.143,4.4146565944032544e-05
792,896,104,0.104,5.617105473076833e-05
790,895,105,0.105,3.3720934317358343e-06
742,871,129,0.129,7.354722216022935e-05
714,857,143,0.143,9.368287788527141e-05
714,857,143,0.143,3.988485062753e-05
820,910,90,0.09,1.3649975958713868e-06
826,913,87,0.087,9.386395832862605e-06
776,888,112,0.112,3.4920123083139743e-06
742,871,129,0.129,1.8377166303466197e-05
804,902,98,0.098,3.702299518693053e-06
794,897,103,0.103,2.453821853701754e-05
770,885,115,0.115,3.641818891973969e-05
752,876,124,0.124,2.274615172780159e-06
754,877,123,0.123,1.8754044407970127e-05
800,900,100,0.1,2.8176496617405178e-05
742,871,129,0.129,4.857223010630207e-05
740,870,130,0.13,4.509808581002517e-05
764,882,118,0.118,4.88141002779372e-05
752,876,124,0.124,4.784956665602636e-06
756,878,122,0.122,4.9993938054768705e-06
770,885,115,0.115,9.221428996568192e-06
812,906,94,0.094,6.429578405771963e-06
756,878,122,0.122,8.39316176765692e-06
746,873,127,0.127,2.8451130001357683e-05
768,884,116,0.116,0.00012440088044752428
810,905,95,0.095,6.042354660280579e-07
838,919,81,0.081,6.489729066754534e-05
744,872,128,0.128,7.3026262295456946e-06
780,890,110,0.11,5.796159367793052e-05
804,902,98,0.098,2.8077136206832164e-06
760,880,120,0.12,9.186296493993495e-06
714,857,143,0.143,7.979050101278063e-05
768,884,116,0.116,0.0001662331301599522
760,880,120,0.12,5.7475690678842286e-05
710,855,145,0.145,1.5367346544167047e-05
812,906,94,0.094,5.7028883088605656e-06
756,878,122,0.122,2.0996867862237424e-05
802,901,99,0.099,1.068800987863483e-05
736,868,132,0.132,6.245294014698288e-05
768,884,116,0.116,6.386370178847756e-05
766,883,117,0.117,6.465070072366075e-06
768,884,116,0.116,3.4735879187707044e-05
786,893,107,0.107,2.436799748251417e-05
758,879,121,0.121,1.352811482227878e-05
764,882,118,0.118,6.476406302297733e-06
768,884,116,0.116,2.2519723634744082e-05
714,857,143,0.143,5.9040413671311855e-06
750,875,125,0.125,1.6903940364940695e-05
738,869,131,0.131,4.323337404045446e-06
726,863,137,0.137,0.00010244862689890511
706,853,147,0.147,7.392015424636611e-05
778,889,111,0.111,1.4885655408590991e-05
752,876,124,0.124,7.580190374426366e-06
782,891,109,0.109,2.93031018375558e-05
826,913,87,0.087,4.5801326170803234e-05
700,850,150,0.15,5.642763432213371e-05
806,903,97,0.097,5.274122017863192e-05
724,862,138,0.138,7.82755830518056e-06
808,904,96,0.096,6.466388483568153e-05
716,858,142,0.142,8.989612191481911e-05
718,859,141,0.141,0.00010745816189205471
722,861,139,0.139,3.0550597510071495e-05
786,893,107,0.107,2.5488909600852595e-06
784,892,108,0.108,2.856777560464252e-05
792,896,104,0.104,3.3346137824153744e-05
706,853,147,0.147,2.3674784712952147e-05
678,839,161,0.161,7.504336360753427e-06
818,909,91,0.091,8.538517556289094e-05
782,891,109,0.109,5.958343742022976e-06
720,860,140,0.14,1.1052458412891041e-05
828,914,86,0.086,2.1283666896749764e-05
832,916,84,0.084,8.674387539002736e-07
758,879,121,0.121,1.1062184338612724e-05
754,877,123,0.123,2.4810062896904127e-05
768,884,116,0.116,3.383591170586442e-05
786,893,107,0.107,5.62705372887109e-05
750,875,125,0.125,3.180885024336533e-05
822,911,89,0.089,1.7092505493266686e-05
744,872,128,0.128,1.0689321362320925e-05
832,916,84,0.084,1.911430668926073e-06
772,886,114,0.114,7.449993067439209e-06
816,908,92,0.092,2.690616248330002e-06
762,881,119,0.119,1.2264479713763876e-06
794,897,103,0.103,1.1532792319925988e-05
818,909,91,0.091,1.9500308143705068e-06
804,902,98,0.098,3.883560447860645e-06
794,897,103,0.103,3.0315351376273726e-05
756,878,122,0.122,2.005670614916255e-05
788,894,106,0.106,4.800413057978404e-06
778,889,111,0.111,5.210994386361278e-05
718,859,141,0.141,1.096754341274675e-05
788,894,106,0.106,1.6322283633641632e-05
804,902,98,0.098,1.0061137725486447e-05
790,895,105,0.105,3.537700318837267e-05
792,896,104,0.104,1.5579808947606466e-05
762,881,119,0.119,3.401104428263579e-06
742,871,129,0.129,3.850603685313558e-05
726,863,137,0.137,1.0331463539799301e-05
778,889,111,0.111,1.7349631026490897e-06
784,892,108,0.108,5.5333620231465376e-05
808,904,96,0.096,1.6281675298017716e-05
756,878,122,0.122,4.752616099108309e-05
750,875,125,0.125,4.210879384953614e-05
728,864,136,0.136,4.694402021783617e-06
766,883,117,0.117,8.523202723687007e-05
782,891,109,0.109,2.995532456679939e-06
754,877,123,0.123,8.927443692222426e-05
740,870,130,0.13,4.916149755648291e-05
760,880,120,0.12,2.8102861130705036e-05
766,883,117,0.117,7.164635662235242e-05
718,859,141,0.141,8.553816112709e-06
748,874,126,0.126,3.0400495443672073e-06
754,877,123,0.123,1.8382839800622717e-05
698,849,151,0.151,6.03197701307181e-05
808,904,96,0.096,8.178379027914673e-05
774,887,113,0.113,7.210353967400351e-05
792,896,104,0.104,4.998941994486472e-06
762,881,119,0.119,8.560396844997343e-05
756,878,122,0.122,0.0001616874293156343
770,885,115,0.115,8.046039302868735e-06
818,909,91,0.091,8.697784417336151e-06
744,872,128,0.128,1.169547694766493e-05
800,900,100,0.1,8.465055464554893e-06
742,871,129,0.129,3.556718732727404e-05
696,848,152,0.152,5.7439313770544235e-06
824,912,88,0.088,6.231269165311915e-06
780,890,110,0.11,6.201521269011322e-05
800,900,100,0.1,8.764373591645835e-06
770,885,115,0.115,3.536900516877495e-06
692,846,154,0.154,2.9765942402733003e-05
768,884,116,0.116,1.0607074039086228e-05
804,902,98,0.098,1.2940375763420776e-05
814,907,93,0.093,1.631434378107599e-05
720,860,140,0.14,1.767046118931148e-05
800,900,100,0.1,1.8574994776187736e-05
764,882,118,0.118,1.056270419380212e-05
730,865,135,0.135,4.4305278437008154e-05
720,860,140,0.14,8.388690641879749e-06
756,878,122,0.122,1.4140945350362699e-05
844,922,78,0.078,3.5946533231765444e-06
760,880,120,0.12,1.4344504663625912e-06
806,903,97,0.097,6.880778177020375e-06
790,895,105,0.105,4.4639615513091254e-06
704,852,148,0.148,0.00010794918866851333
766,883,117,0.117,4.064938383322669e-06
806,903,97,0.097,1.4232937211886565e-06
746,873,127,0.127,7.416916750217695e-05
734,867,133,0.133,3.327658260326416e-05
778,889,111,0.111,2.5015559602223904e-06
722,861,139,0.139,2.8098182662361637e-05
760,880,120,0.12,2.9559409012421157e-05
724,862,138,0.138,6.0421085425588215e-06
734,867,133,0.133,1.2419444100842725e-05
754,877,123,0.123,1.3663858956775244e-05
724,862,138,0.138,7.767711244142106e-06
738,869,131,0.131,3.9586383189543996e-05
748,874,126,0.126,4.8737127540491085e-05
800,900,100,0.1,8.063277028057314e-06
758,879,121,0.121,7.39231794494799e-06
746,873,127,0.127,6.56625254650578e-06
764,882,118,0.118,5.551090063447361e-05
806,903,97,0.097,7.80125760216066e-05
800,900,100,0.1,3.9807184366921436e-05
782,891,109,0.109,1.0972898069212533e-05
734,867,133,0.133,2.2690912698791976e-05
784,892,108,0.108,4.9242489346980275e-05
734,867,133,0.133,2.072341331499672e-05
708,854,146,0.146,2.168752706451471e-05
788,894,106,0.106,7.012737344680886e-06
738,869,131,0.131,5.09737337701921e-05
742,871,129,0.129,7.455676289190194e-05
764,882,118,0.118,1.6315496565866282e-05
748,874,126,0.126,6.548101844215636e-05
762,881,119,0.119,5.791466657115052e-06
830,915,85,0.085,3.892133756622229e-06
800,900,100,0.1,6.063570047572853e-06
750,875,125,0.125,6.376614780080558e-05
802,901,99,0.099,1.2337779792602532e-05
760,880,120,0.12,3.1679004285933844e-05
768,884,116,0.116,6.203654360703581e-06
750,875,125,0.125,7.66204757778155e-06
744,872,128,0.128,1.1183744695003384e-05
726,863,137,0.137,7.524518907378308e-05
780,890,110,0.11,3.3502803858596053e-06
750,875,125,0.125,6.253951888623988e-06
790,895,105,0.105,7.892824423959155e-05
796,898,102,0.102,1.5224058793549488e-05
770,885,115,0.115,2.428429802407095e-06
816,908,92,0.092,4.6165567695538815e-05
738,869,131,0.131,1.97125692787381e-06
780,890,110,0.11,4.5870773213607665e-06
708,854,146,0.146,2.8901241985039404e-05
782,891,109,0.109,4.969459783396246e-05
782,891,109,0.109,6.081241150795336e-06
744,872,128,0.128,1.9100571190918457e-05
794,897,103,0.103,2.7597747904763993e-06
810,905,95,0.095,9.865895400551494e-06
776,888,112,0.112,2.1152848806693213e-05
816,908,92,0.092,1.0645207280433056e-05
772,886,114,0.114,4.6547170096815193e-05
774,887,113,0.113,1.3308582056026807e-05
776,888,112,0.112,1.4616080839502388e-05
762,881,119,0.119,3.7865780032859675e-06
796,898,102,0.102,2.8606214133148455e-05
756,878,122,0.122,2.4011481837618474e-05
794,897,103,0.103,5.322378371128877e-05
788,894,106,0.106,2.3357257665281848e-06
814,907,93,0.093,1.409935829542519e-06
766,883,117,0.117,1.9249728180355418e-05
802,901,99,0.099,1.2541966041411002e-05
718,859,141,0.141,3.854412780341931e-06
798,899,101,0.101,3.0865954165903986e-06
776,888,112,0.112,2.935479724716572e-05
752,876,124,0.124,7.66055287017764e-05
806,903,97,0.097,1.268850904669705e-05
808,904,96,0.096,1.529080144609907e-05
752,876,124,0.124,3.971115497577671e-06
806,903,97,0.097,2.6080480726051293e-05
798,899,101,0.101,2.5228297386803435e-06
780,890,110,0.11,1.9701017685463286e-05
784,892,108,0.108,2.6122383829658702e-06
782,891,109,0.109,8.247884124159555e-07
774,887,113,0.113,4.253929777240728e-05
768,884,116,0.116,4.496114668020823e-05
770,885,115,0.115,5.5743447949936355e-06
792,896,104,0.104,2.8216498203406103e-05
720,860,140,0.14,0.00010512446900321493
838,919,81,0.081,1.4716467562521984e-05
776,888,112,0.112,1.8631794389250444e-05
736,868,132,0.132,1.1149165295051944e-05
800,900,100,0.1,4.418227061023572e-06
776,888,112,0.112,4.01246772729138e-05
746,873,127,0.127,1.0855623744291165e-05
756,878,122,0.122,7.2034857068814515e-06
776,888,112,0.112,5.35371859561451e-06
774,887,113,0.113,1.1498141948280249e-05
772,886,114,0.114,6.300710491373706e-06
794,897,103,0.103,1.1195420012370506e-05
724,862,138,0.138,2.7046702233079146e-05
746,873,127,0.127,1.401376277391364e-05
746,873,127,0.127,4.0264052535945896e-05
778,889,111,0.111,1.8546463003858094e-05
750,875,125,0.125,0.00010243166917037172
748,874,126,0.126,6.928562227217583e-05
792,896,104,0.104,3.6783817705554613e-06
712,856,144,0.144,4.384212227466833e-05
804,902,98,0.098,2.2557641936629126e-06
814,907,93,0.093,3.7337734735842786e-06
684,842,158,0.158,9.716401099568373e-05
734,867,133,0.133,0.00015077387917176565
786,893,107,0.107,1.506053249981676e-05
676,838,162,0.162,1.6930390849509535e-05
782,891,109,0.109,9.901031778198898e-06
764,882,118,0.118,7.819326914074054e-06
812,906,94,0.094,2.0251800879378833e-05
750,875,125,0.125,2.8003500631825772e-06
776,888,112,0.112,1.474369153157795e-06
702,851,149,0.149,4.4206834168036833e-05
782,891,109,0.109,1.6841406035695172e-05
730,865,135,0.135,3.37700182584939e-05
824,912,88,0.088,1.2717686775260973e-06
776,888,112,0.112,1.4974925217600799e-05
738,869,131,0.131,5.130889868297572e-06
762,881,119,0.119,5.715274547353033e-05
746,873,127,0.127,3.2225324050031645e-05
738,869,131,0.131,5.154476014936904e-06
770,885,115,0.115,1.0499721439131803e-05
730,865,135,0.135,4.587376212961658e-05
712,856,144,0.144,3.559689190232973e-05
712,856,144,0.144,1.0963067280982841e-05
790,895,105,0.105,6.907911965794255e-05
736,868,132,0.132,5.481320597738204e-06
704,852,148,0.148,6.419916063246944e-05
788,894,106,0.106,2.609251759920994e-06
788,894,106,0.106,6.953251238414282e-06
772,886,114,0.114,3.665405438518121e-05
808,904,96,0.096,6.077430378496728e-06
810,905,95,0.095,3.63902293525058e-05
724,862,138,0.138,2.4452372280308056e-06
762,881,119,0.119,5.477253571370966e-06
702,851,149,0.149,4.263482890615933e-05
816,908,92,0.092,2.768585567409332e-06
778,889,111,0.111,3.614125192555662e-06
770,885,115,0.115,2.3226723495213265e-06
762,881,119,0.119,6.266122068235802e-05
712,856,144,0.144,1.55365810024648e-05
752,876,124,0.124,1.0022951244053502e-05
760,880,120,0.12,6.361417051465423e-06
734,867,133,0.133,6.572920887802525e-05
804,902,98,0.098,3.5805094961375515e-05
786,893,107,0.107,3.834673681134859e-05
804,902,98,0.098,6.4556202297865185e-06
702,851,149,0.149,3.416679751168772e-06
732,866,134,0.134,1.0421426148013779e-05
738,869,131,0.131,7.195179558422637e-06
726,863,137,0.137,4.196153260366487e-06
738,869,131,0.131,4.150037970191533e-06
736,868,132,0.132,1.6378701776176286e-06
780,890,110,0.11,1.8292194739743195e-05
780,890,110,0.11,3.385865918326658e-05
784,892,108,0.108,4.6270112958069374e-05
794,897,103,0.103,2.3881803097225427e-06
752,876,124,0.124,4.7352877573118236e-05
782,891,109,0.109,2.0721779946811126e-05
776,888,112,0.112,1.2574871561213285e-05
772,886,114,0.114,3.6146881848807765e-05
712,856,144,0.144,1.608871836603498e-05
682,841,159,0.159,1.2610567933592165e-05
744,872,128,0.128,4.927814761501281e-06
746,873,127,0.127,1.1328632776752556e-05
732,866,134,0.134,7.559427578684108e-06
736,868,132,0.132,4.6116664202358495e-05
794,897,103,0.103,2.4842215814828707e-06
710,855,145,0.145,1.9114937660361875e-05
722,861,139,0.139,4.456354894998071e-06
764,882,118,0.118,3.938722999801314e-05
790,895,105,0.105,2.2297117725429417e-06
752,876,124,0.124,4.8785874667345294e-06
762,881,119,0.119,2.4290371447023062e-05
778,889,111,0.111,1.8015544673488649e-06
812,906,94,0.094,8.825864618671631e-06
748,874,126,0.126,6.324047713573577e-05
802,901,99,0.099,4.164423315972954e-05
712,856,144,0.144,1.7073311558576166e-05
744,872,128,0.128,3.145385153514724e-05
672,836,164,0.164,7.499061137480113e-05
828,914,86,0.086,7.233361304528785e-06
718,859,141,0.141,6.155190607273653e-06
724,862,138,0.138,2.8543592470512637e-05
778,889,111,0.111,2.9044193556714505e-05
806,903,97,0.097,2.974994353834859e-06
794,897,103,0.103,2.8467998111807448e-05
770,885,115,0.115,8.572661471731635e-06
772,886,114,0.114,3.620794002797822e-05
704,852,148,0.148,5.506625332429849e-06
780,890,110,0.11,5.541211650580635e-06
798,899,101,0.101,3.724727217743862e-06
772,886,114,0.114,1.5735726410170514e-05
762,881,119,0.119,4.053016526980002e-05
704,852,148,0.148,1.1098965021545837e-05
782,891,109,0.109,7.368021134283254e-06
762,881,119,0.119,3.2706396278015856e-05
790,895,105,0.105,4.10982437126961e-06
796,898,102,0.102,2.4367429543190156e-05
822,911,89,0.089,7.369431636249146e-06
750,875,125,0.125,1.714187465336181e-05
678,839,161,0.161,2.4815498055033914e-05
824,912,88,0.088,1.0059937284083276e-05
784,892,108,0.108,2.680534084746e-06
804,902,98,0.098,3.345281945696854e-05
704,852,148,0.148,7.641269871655254e-06
790,895,105,0.105,7.172500180843145e-07
802,901,99,0.099,5.925727367412037e-06
808,904,96,0.096,6.83126526938338e-06
772,886,114,0.114,3.502004603650732e-05
736,868,132,0.132,3.1145557076925456e-05
780,890,110,0.11,3.6200778219779294e-06
736,868,132,0.132,3.6705488650127904e-05
786,893,107,0.107,3.6705517182014092e-06
726,863,137,0.137,4.3002026393921255e-05
762,881,119,0.119,3.7450078720411284e-06
776,888,112,0.112,8.63502421137241e-06
826,913,87,0.087,4.202831982055954e-06
808,904,96,0.096,1.0325486155124963e-05
720,860,140,0.14,2.572864111972706e-05
736,868,132,0.132,2.0852471099303217e-05
794,897,103,0.103,6.111829113677913e-06
776,888,112,0.112,2.5830309694114817e-05
704,852,148,0.148,3.699603420804465e-05
728,864,136,0.136,2.9086274578290273e-05
730,865,135,0.135,3.0923150197281756e-06
838,919,81,0.081,8.027964829977918e-06
764,882,118,0.118,3.3678547395524564e-05
732,866,134,0.134,1.1742355853002095e-05
794,897,103,0.103,2.8051051848507312e-05
800,900,100,0.1,3.2420856926478337e-06
796,898,102,0.102,2.5233411032161256e-05
748,874,126,0.126,4.769579943861402e-05
746,873,127,0.127,1.0462445251221197e-05
802,901,99,0.099,3.865432976979832e-06
762,881,119,0.119,2.9294041645300694e-05
818,909,91,0.091,1.5029164099047421e-06
764,882,118,0.118,2.8516004695518404e-05
766,883,117,0.117,3.0253157111957308e-05
728,864,136,0.136,3.285767877777346e-05
812,906,94,0.094,2.9766937440697916e-05
778,889,111,0.111,1.4886174156316656e-05
762,881,119,0.119,3.192546709669841e-06
808,904,96,0.096,8.701549619999583e-06
734,867,133,0.133,4.141769899459291e-05
774,887,113,0.113,4.293318457428086e-06
738,869,131,0.131,8.170294763800712e-06
766,883,117,0.117,1.2164175921157039e-05
778,889,111,0.111,1.6109077003960693e-06
764,882,118,0.118,5.310186708712195e-06
794,897,103,0.103,1.609189054460103e-05
802,901,99,0.099,9.635525786137578e-06
808,904,96,0.096,4.5463996619332646e-07
756,878,122,0.122,6.750700805184806e-06
754,877,123,0.123,4.41001432995165e-05
732,866,134,0.134,3.1740261484600294e-05
786,893,107,0.107,1.473642220460647e-06
738,869,131,0.131,3.719732157762223e-06
764,882,118,0.118,2.0865629482784696e-06
788,894,106,0.106,1.218596288418894e-05
714,857,143,0.143,9.840636830830363e-06
730,865,135,0.135,1.7762733001845277e-05
798,899,101,0.101,3.7017790791210816e-05
780,890,110,0.11,2.5209938936768595e-05
718,859,141,0.141,3.3644402363393055e-06
788,894,106,0.106,1.7577322257722018e-05
796,898,102,0.102,1.87420567482377e-06
774,887,113,0.113,4.552484364708676e-06
806,903,97,0.097,1.176276050512115e-05
748,874,126,0.126,8.79534744425996e-05
738,869,131,0.131,1.1768652350625075e-05
786,893,107,0.107,4.984807599825558e-06
736,868,132,0.132,1.5331093080860114e-05
834,917,83,0.083,2.159238497776528e-05
762,881,119,0.119,4.481267254647036e-06
764,882,118,0.118,7.99773571712592e-06
746,873,127,0.127,4.450520917026779e-05
762,881,119,0.119,3.1786087979241985e-06
714,857,143,0.143,5.960689936358676e-06
760,880,120,0.12,5.6099499353479135e-06
772,886,114,0.114,3.9458775592393634e-05
766,883,117,0.117,4.133318763011573e-05
804,902,98,0.098,2.682347885212266e-06
804,902,98,0.098,1.5864922207953213e-06
822,911,89,0.089,1.5858307676666073e-05
752,876,124,0.124,3.156715548576017e-05
752,876,124,0.124,5.130624721260801e-06
716,858,142,0.142,4.84555594002245e-06
738,869,131,0.131,3.6402670553883355e-06
716,858,142,0.142,9.997196330473911e-06
756,878,122,0.122,8.379250909570146e-06
742,871,129,0.129,2.965246893704432e-05
720,860,140,0.14,2.0172234256392587e-05
764,882,118,0.118,1.0761713381384653e-05
802,901,99,0.099,3.688067176156551e-06
762,881,119,0.119,8.722576169603258e-06
840,920,80,0.08,7.61012246087489e-07
800,900,100,0.1,2.9384387249464793e-05
772,886,114,0.114,2.3252332913827443e-05
780,890,110,0.11,5.291907361822723e-06
794,897,103,0.103,9.61939028826464e-07
710,855,145,0.145,8.582639981824514e-06
786,893,107,0.107,1.041321256191452e-05
734,867,133,0.133,1.0292401533391171e-05
752,876,124,0.124,3.681477909850628e-06
798,899,101,0.101,3.6753532810820388e-06
782,891,109,0.109,2.375933871988423e-06
770,885,115,0.115,4.846473444089838e-06
748,874,126,0.126,6.4911385678243505e-06
836,918,82,0.082,9.943551694391318e-07
816,908,92,0.092,5.983776654460371e-06
780,890,110,0.11,4.25133817786616e-06
772,886,114,0.114,3.3253738743184156e-06
830,915,85,0.085,3.748004544151229e-05
812,906,94,0.094,1.6692438363605788e-06
766,883,117,0.117,2.285033732836439e-05
770,885,115,0.115,2.8431930533784568e-05
762,881,119,0.119,1.3930933674146217e-05
802,901,99,0.099,1.5012176156886881e-05
726,863,137,0.137,2.792474237739384e-05
758,879,121,0.121,8.076305471931277e-06
694,847,153,0.153,5.0292529636095654e-05
740,870,130,0.13,3.428678821990161e-06
724,862,138,0.138,1.3479220030191642e-05
738,869,131,0.131,3.8070105272254297e-06
752,876,124,0.124,4.047825102699676e-05
714,857,143,0.143,5.922410984524618e-06
754,877,123,0.123,2.4216453558267404e-05
722,861,139,0.139,3.596641422602431e-05
834,917,83,0.083,1.2626448001427093e-05
814,907,93,0.093,1.316464767619152e-05
764,882,118,0.118,1.4903558536417449e-05
780,890,110,0.11,4.529108912940671e-05
756,878,122,0.122,1.2216746524160271e-05
834,917,83,0.083,2.9288461920060627e-06
770,885,115,0.115,3.560121041132902e-06
740,870,130,0.13,6.734912307081231e-06
732,866,134,0.134,4.119588093000459e-05
772,886,114,0.114,4.2487629925673786e-05
778,889,111,0.111,4.4196817095510707e-05
838,919,81,0.081,1.030611112773272e-05
760,880,120,0.12,8.392944584414864e-06
766,883,117,0.117,4.927536610750849e-06
802,901,99,0.099,2.8889228896815667e-06
758,879,121,0.121,3.39352460193254e-05
738,869,131,0.131,1.7782591693190853e-05
812,906,94,0.094,8.723175782316161e-05
778,889,111,0.111,4.192797887768052e-06
800,900,100,0.1,1.1127600356459765e-05
786,893,107,0.107,8.981091258377206e-06
750,875,125,0.125,4.6113534101692725e-06
796,898,102,0.102,4.232399259421982e-06
758,879,121,0.121,3.885646272465238e-06
758,879,121,0.121,7.567895207643005e-07
822,911,89,0.089,4.690638318024298e-06
816,908,92,0.092,1.7367027922006172e-06
788,894,106,0.106,2.3204267690175584e-06
782,891,109,0.109,1.8598781128531527e-06
720,860,140,0.14,1.6169136076911173e-06
778,889,111,0.111,1.929213963147447e-05
808,904,96,0.096,4.983753432838966e-07
798,899,101,0.101,1.702468534077184e-06
746,873,127,0.127,3.9264828183291915e-06
800,900,100,0.1,1.4188563889661055e-06
728,864,136,0.136,1.1057620758506914e-05
790,895,105,0.105,3.5231927722350064e-06
728,864,136,0.136,1.3508196334797161e-05
708,854,146,0.146,5.124882806100573e-06
716,858,142,0.142,1.0266962160372373e-05
694,847,153,0.153,4.2000017369431933e-05
782,891,109,0.109,3.230000752832041e-05
752,876,124,0.124,2.866664007913755e-05
790,895,105,0.105,3.1931179536286435e-06
732,866,134,0.134,2.5266912743347803e-05
702,851,149,0.149,8.236474423696904e-06
770,885,115,0.115,1.8934520796420883e-06
796,898,102,0.102,5.915094059915305e-06
758,879,121,0.121,7.911722135688137e-06
776,888,112,0.112,7.696851888510992e-06
740,870,130,0.13,6.057438607449228e-05
724,862,138,0.138,2.7457073491504503e-05
790,895,105,0.105,3.4684902190534216e-05
818,909,91,0.091,2.712962317559686e-06
768,884,116,0.116,1.2275094897162831e-05
732,866,134,0.134,1.1392505180936041e-05
768,884,116,0.116,0.00011337385094479657
762,881,119,0.119,3.158626985789681e-05
810,905,95,0.095,6.034739331241213e-06
750,875,125,0.125,4.597773271356687e-06
738,869,131,0.131,7.315859067929864e-06
782,891,109,0.109,1.968876214952786e-05
764,882,118,0.118,3.878027348868329e-05
772,886,114,0.114,4.836068207566768e-05
774,887,113,0.113,1.006687428485975e-05
824,912,88,0.088,9.452657133806497e-06
754,877,123,0.123,2.76567211653429e-05
806,903,97,0.097,2.0086700432671023e-06
778,889,111,0.111,9.188122471840643e-06
822,911,89,0.089,1.4312166215660227e-05
750,875,125,0.125,7.640681803763983e-06
798,899,101,0.101,7.898974294562322e-07
800,900,100,0.1,8.47776321441529e-06
798,899,101,0.101,1.5019660730075657e-06
810,905,95,0.095,2.4117947042014975e-06
768,884,116,0.116,9.914958306467269e-07
784,892,108,0.108,8.11819631707067e-07
786,893,107,0.107,1.2989586509419836e-05
832,916,84,0.084,2.066953435004848e-06
734,867,133,0.133,5.1912272244024396e-05
760,880,120,0.12,4.858942766972518e-06
804,902,98,0.098,2.9372090780981352e-06
796,898,102,0.102,6.3734414382281555e-06
736,868,132,0.132,1.1839373250822405e-05
772,886,114,0.114,6.857453012685255e-06
808,904,96,0.096,1.676088389088193e-05
732,866,134,0.134,1.453122561558473e-05
796,898,102,0.102,4.636081307310746e-06
784,892,108,0.108,5.328796606079322e-06
806,903,97,0.097,3.794821141640625e-05
746,873,127,0.127,1.812014039215626e-05
754,877,123,0.123,2.3308322526801816e-05
696,848,152,0.152,4.437534412119248e-06
794,897,103,0.103,5.674159872839368e-06
782,891,109,0.109,3.530614614192018e-06
722,861,139,0.139,2.2516802177122487e-05
770,885,115,0.115,3.5622483211597e-06
782,891,109,0.109,2.305391614041241e-05
742,871,129,0.129,3.056792193140723e-05
780,890,110,0.11,1.0423251633369545e-05
722,861,139,0.139,3.336536838135373e-05
726,863,137,0.137,0.0001581675748555398
732,866,134,0.134,5.373557452323041e-05
840,920,80,0.08,1.4323391038431056e-06
754,877,123,0.123,5.2744715376093157e-05
766,883,117,0.117,3.4286648717809956e-05
742,871,129,0.129,3.287662898343058e-05
758,879,121,0.121,2.9567764537631547e-05
740,870,130,0.13,4.075715610039765e-05
754,877,123,0.123,8.671591666285394e-06
696,848,152,0.152,6.480546115126629e-05
798,899,101,0.101,6.161423098618002e-06
732,866,134,0.134,1.7361639096620252e-05
786,893,107,0.107,1.4056374358077051e-05
804,902,98,0.098,4.124156390119538e-05
736,868,132,0.132,1.554320910108231e-05
746,873,127,0.127,1.1573895906209941e-05
746,873,127,0.127,2.6667774248636533e-06
762,881,119,0.119,1.3762415690962371e-05
764,882,118,0.118,6.4271277927900885e-06
810,905,95,0.095,2.4038313620380336e-05
756,878,122,0.122,2.427081034525713e-06
704,852,148,0.148,2.9822630737044163e-06
776,888,112,0.112,5.9784568554221094e-05
790,895,105,0.105,1.9376268269155617e-06
728,864,136,0.136,2.5383910744523064e-06
740,870,130,0.13,2.244546514320689e-05
756,878,122,0.122,2.5132303651787423e-05
754,877,123,0.123,1.57966054615315e-05
734,867,133,0.133,1.204897404301164e-05
794,897,103,0.103,1.9173484824051458e-05
742,871,129,0.129,5.652731571117897e-06
814,907,93,0.093,3.7660299962851697e-06
804,902,98,0.098,1.5260570722077206e-05
736,868,132,0.132,3.927565332119798e-06
788,894,106,0.106,1.0984421735429351e-06
752,876,124,0.124,2.1825488207369404e-05
764,882,118,0.118,2.2190786796144833e-05
740,870,130,0.13,4.024286968254387e-05
740,870,130,0.13,2.4632325415240074e-05
782,891,109,0.109,1.9529951386658697e-06
742,871,129,0.129,4.851811774173598e-06
754,877,123,0.123,2.9895081567048008e-05
814,907,93,0.093,1.3166304569693921e-06
708,854,146,0.146,2.464691029396704e-05
760,880,120,0.12,1.364726091560442e-05
714,857,143,0.143,1.3386149286930049e-05
780,890,110,0.11,3.2322288592467885e-06
762,881,119,0.119,2.701388455764686e-05
756,878,122,0.122,4.923680427154408e-06
704,852,148,0.148,5.997462862453063e-06
810,905,95,0.095,4.737594134280698e-05
710,855,145,0.145,6.113046797239008e-06
782,891,109,0.109,5.037597508490422e-06
794,897,103,0.103,2.963633512109709e-06
778,889,111,0.111,1.8927357430129633e-05
794,897,103,0.103,3.4065096029394224e-06
782,891,109,0.109,2.5086082654382836e-05
784,892,108,0.108,1.6574004071401305e-06
800,900,100,0.1,4.061218947128964e-06
760,880,120,0.12,4.233648092892395e-06
696,848,152,0.152,1.4426828638733014e-05
766,883,117,0.117,2.187445555904333e-06
766,883,117,0.117,2.9300750652012653e-05
814,907,93,0.093,1.3531244445502466e-05
740,870,130,0.13,9.35967970474394e-06
746,873,127,0.127,6.7939844233535495e-06
782,891,109,0.109,1.6483021499823282e-05
710,855,145,0.145,4.792410526337676e-05
794,897,103,0.103,2.2794106179446772e-06
772,886,114,0.114,2.7668925445311743e-05
770,885,115,0.115,1.113536824813366e-05
758,879,121,0.121,2.0575556950859664e-05
718,859,141,0.141,5.4690632180154355e-06
692,846,154,0.154,1.5672175041672175e-05
722,861,139,0.139,4.836591504114551e-05
792,896,104,0.104,7.334025135349975e-06
732,866,134,0.134,1.3771779356943625e-06
740,870,130,0.13,6.936144031968183e-06
790,895,105,0.105,3.8438078765466345e-05
780,890,110,0.11,1.9338532802393615e-05
774,887,113,0.113,3.13611907098732e-06
756,878,122,0.122,2.092668509177997e-06
788,894,106,0.106,3.66887812017751e-05
776,888,112,0.112,1.6745860571333537e-05
764,882,118,0.118,8.025280834090155e-06
770,885,115,0.115,2.7938147598277397e-05
790,895,105,0.105,1.1903240977204633e-06
786,893,107,0.107,6.640543134324161e-06
814,907,93,0.093,7.154239693633713e-06
780,890,110,0.11,9.91423580437356e-06
724,862,138,0.138,1.2884117646549953e-05
742,871,129,0.129,2.084643615447135e-06
782,891,109,0.109,3.877815780157334e-06
808,904,96,0.096,6.488344114302436e-06
758,879,121,0.121,2.7715983030702772e-06
738,869,131,0.131,5.67563953521244e-06
674,837,163,0.163,1.7411952454793322e-05
840,920,80,0.08,1.8237626925881046e-05
774,887,113,0.113,5.004129337120844e-05
774,887,113,0.113,2.1179794275312247e-05
754,877,123,0.123,6.656717445480354e-06
828,914,86,0.086,9.906504730565758e-07
796,898,102,0.102,1.694499360877444e-05
736,868,132,0.132,3.450375101976988e-06
778,889,111,0.111,3.643439668304893e-05
756,878,122,0.122,1.28031810375262e-06
712,856,144,0.144,2.0802156929278227e-06
794,897,103,0.103,1.8808858316290865e-05
806,903,97,0.097,1.3059933754675513e-06
750,875,125,0.125,9.44183588998726e-07
784,892,108,0.108,5.3205255380674994e-06
764,882,118,0.118,2.133239671394449e-06
764,882,118,0.118,1.207736754732025e-05
740,870,130,0.13,1.7024820165119082e-06
818,909,91,0.091,1.7749018657355008e-05
708,854,146,0.146,7.3172796764140456e-06
786,893,107,0.107,2.584678552793207e-06
820,910,90,0.09,6.343872470154111e-06
782,891,109,0.109,3.2398173187999644e-05
746,873,127,0.127,1.316731599794707e-05
780,890,110,0.11,3.883275824691168e-06
762,881,119,0.119,1.3485594977410642e-05
716,858,142,0.142,2.538859384472403e-06
816,908,92,0.092,5.086905201565628e-06
762,881,119,0.119,7.839728130790036e-06
748,874,126,0.126,2.703932686472399e-06
702,851,149,0.149,7.56403434928643e-06
740,870,130,0.13,9.624319559506489e-06
788,894,106,0.106,1.688502878621989e-05
800,900,100,0.1,1.8099374159774585e-05
770,885,115,0.115,1.6176481955483268e-06
790,895,105,0.105,2.4493788545072448e-06
760,880,120,0.12,4.235527231315928e-06
742,871,129,0.129,8.946902899523934e-06
746,873,127,0.127,3.9705242144620456e-05
706,853,147,0.147,2.108625981661305e-05
804,902,98,0.098,1.203661201543582e-06
840,920,80,0.08,2.227765661302783e-06
766,883,117,0.117,1.5205622414697472e-05
700,850,150,0.15,3.602392019475076e-05
736,868,132,0.132,1.667079852580855e-06
746,873,127,0.127,1.4189180599970541e-05
732,866,134,0.134,1.7416177201724283e-05
740,870,130,0.13,9.273737178588703e-06
786,893,107,0.107,1.7170976729275367e-05
718,859,141,0.141,6.986392361609717e-05
800,900,100,0.1,4.561980485036088e-06
840,920,80,0.08,1.2639518375152647e-06
814,907,93,0.093,2.8571014163105703e-06
744,872,128,0.128,1.2850301870543035e-05
788,894,106,0.106,1.7078784093627064e-05
760,880,120,0.12,4.508813009509538e-05
746,873,127,0.127,1.3590856892903957e-05
730,865,135,0.135,3.644869033479381e-06
816,908,92,0.092,1.427503447857248e-06
812,906,94,0.094,4.728266968626826e-06
772,886,114,0.114,6.429593353502128e-06
750,875,125,0.125,2.101630818785338e-06
730,865,135,0.135,1.9878180877839215e-05
792,896,104,0.104,1.8710924691717425e-05
780,890,110,0.11,5.733934582906386e-06
778,889,111,0.111,1.1630769514709982e-06
766,883,117,0.117,5.315056718757205e-06
728,864,136,0.136,3.402028412168079e-06
748,874,126,0.126,1.782657336508464e-05
752,876,124,0.124,5.867897610968953e-06
772,886,114,0.114,8.702056259480174e-06
782,891,109,0.109,1.5930331703088997e-06
786,893,107,0.107,1.724632864875275e-05
802,901,99,0.099,1.0861989275170459e-05
698,849,151,0.151,4.7777979087982205e-05
782,891,109,0.109,4.788070327848004e-06
748,874,126,0.126,2.3003489492211314e-05
806,903,97,0.097,2.217304828924682e-05
760,880,120,0.12,2.9960667702354725e-05
798,899,101,0.101,1.3446981115762924e-05
730,865,135,0.135,2.2895296239681782e-05
780,890,110,0.11,1.2238242536156462e-05
774,887,113,0.113,6.939461157102755e-06
762,881,119,0.119,5.656806132250836e-06
760,880,120,0.12,3.2796057811737002e-06
760,880,120,0.12,2.4341660664688904e-05
740,870,130,0.13,1.5042122001034385e-06
734,867,133,0.133,2.480662005368117e-06
748,874,126,0.126,9.44839549286769e-06
716,858,142,0.142,1.210338368291275e-05
772,886,114,0.114,1.6983253017230028e-05
738,869,131,0.131,3.409255442960557e-06
776,888,112,0.112,8.360480153172033e-06
712,856,144,0.144,4.472816436589255e-06
658,829,171,0.171,3.420017084219751e-05
784,892,108,0.108,1.3419698315431105e-06
796,898,102,0.102,4.605895338769983e-06
710,855,145,0.145,1.2826066596147712e-05
782,891,109,0.109,4.612940909458985e-05
750,875,125,0.125,5.2912341559419925e-05
760,880,120,0.12,2.6897125997081163e-05
718,859,141,0.141,6.869189391736086e-06
804,902,98,0.098,2.8199796730348228e-06
808,904,96,0.096,2.3308629800311564e-06
748,874,126,0.126,7.124655274537872e-06
702,851,149,0.149,1.1464283396179552e-05
714,857,143,0.143,3.293508105431897e-05
786,893,107,0.107,6.369775410689726e-06
732,866,134,0.134,1.5902326200688322e-05
792,896,104,0.104,9.198244687667056e-06
706,853,147,0.147,6.496487584820442e-05
740,870,130,0.13,3.747588017594694e-05
750,875,125,0.125,1.5528728398805924e-06
794,897,103,0.103,2.0546733139354956e-05
720,860,140,0.14,4.266417807627931e-06
808,904,96,0.096,1.2122192703287738e-06
812,906,94,0.094,3.4332073151546182e-06
800,900,100,0.1,4.711887805839865e-06
800,900,100,0.1,3.3886782763801194e-06
752,876,124,0.124,3.883720761255916e-05
786,893,107,0.107,2.9765502344929475e-06
768,884,116,0.116,6.374901834178104e-06
696,848,152,0.152,3.6732453450738946e-05
704,852,148,0.148,3.6778069368637033e-06
746,873,127,0.127,6.27321873568576e-06
764,882,118,0.118,2.7564089900380396e-06
780,890,110,0.11,9.65573339698267e-07
816,908,92,0.092,1.3364611344428566e-06
750,875,125,0.125,1.4329454185570966e-06
738,869,131,0.131,2.0175009802272827e-05
788,894,106,0.106,2.3932168394651397e-06
800,900,100,0.1,1.2259518044785977e-05
762,881,119,0.119,1.2559202932351354e-05
776,888,112,0.112,1.3210090789812057e-05
758,879,121,0.121,1.0276957306771805e-05
758,879,121,0.121,1.6311387941669865e-06
768,884,116,0.116,1.6619636748913536e-06
840,920,80,0.08,1.1817641450647898e-05
760,880,120,0.12,1.5639153270683437e-06
778,889,111,0.111,5.8070241483392235e-06
788,894,106,0.106,2.8368371748811683e-05
738,869,131,0.131,8.792225440132028e-06
776,888,112,0.112,7.082847528181446e-07
738,869,131,0.131,6.190227196995579e-06
788,894,106,0.106,8.167350508330173e-07
768,884,116,0.116,1.0461226259664613e-05
748,874,126,0.126,1.7453343476176996e-06
716,858,142,0.142,1.0067714841639485e-05
710,855,145,0.145,1.1329899779426e-05
784,892,108,0.108,1.7642685060607734e-05
796,898,102,0.102,1.3480178265808717e-05
748,874,126,0.126,2.006813931629381e-05
668,834,166,0.166,2.7857156177589105e-05
722,861,139,0.139,2.905518818565156e-06
800,900,100,0.1,3.979236230776451e-06
726,863,137,0.137,2.850368609973941e-05
720,860,140,0.14,2.4106056633783623e-05
790,895,105,0.105,2.090932054517225e-05
792,896,104,0.104,4.772368819430994e-06
770,885,115,0.115,7.013995591847788e-06
808,904,96,0.096,1.2236433575452565e-05
740,870,130,0.13,4.524961735981492e-06
706,853,147,0.147,4.3707720084427135e-06
784,892,108,0.108,1.34852576869946e-05
758,879,121,0.121,7.245315042140987e-06
788,894,106,0.106,1.171571031747476e-05
730,865,135,0.135,4.082986253038712e-06
716,858,142,0.142,3.682772603042395e-06
756,878,122,0.122,3.172066664654949e-05
716,858,142,0.142,1.7796629839835987e-05
838,919,81,0.081,2.4633413964210148e-06
778,889,111,0.111,8.435437828708814e-06
724,862,138,0.138,4.165336859927038e-06
822,911,89,0.089,1.3986086590506375e-05
716,858,142,0.142,9.640337687102374e-06
772,886,114,0.114,1.2319044787957978e-05
668,834,166,0.166,3.627142980953124e-05
822,911,89,0.089,5.425548628977594e-06
708,854,146,0.146,3.687717369837173e-05
770,885,115,0.115,1.4071899993254533e-05
782,891,109,0.109,4.136112421733173e-06
806,903,97,0.097,6.407326230416288e-06
766,883,117,0.117,2.35884984536483e-06
758,879,121,0.121,3.480479881915244e-06
836,918,82,0.082,2.062990898465955e-06
760,880,120,0.12,3.839919548070725e-06
796,898,102,0.102,1.28451561479892e-06
754,877,123,0.123,1.5381894575085653e-05
726,863,137,0.137,3.392111582996904e-06
750,875,125,0.125,1.4908647735992986e-05
782,891,109,0.109,6.689417289038602e-07
748,874,126,0.126,1.5511983251997208e-05
734,867,133,0.133,6.518651895575545e-06
734,867,133,0.133,1.3931780371152058e-05
810,905,95,0.095,2.2224331061551084e-06
768,884,116,0.116,1.0883763958901227e-05
752,876,124,0.124,5.359908115707412e-06
750,875,125,0.125,2.346486867287467e-05
792,896,104,0.104,7.521980290306374e-06
800,900,100,0.1,5.382139029393329e-06
772,886,114,0.114,1.868599801127857e-06
760,880,120,0.12,2.1269584476044656e-05
756,878,122,0.122,7.544251088148712e-06
788,894,106,0.106,1.0880675958162555e-06
824,912,88,0.088,2.4101774096294547e-05
732,866,134,0.134,7.071194698497152e-06
756,878,122,0.122,3.500629968186786e-06
776,888,112,0.112,2.4770511435576737e-06
674,837,163,0.163,5.112932342487397e-05
746,873,127,0.127,2.9016991810806303e-06
754,877,123,0.123,1.3858224990613622e-05
804,902,98,0.098,3.4491436140626776e-06
740,870,130,0.13,3.143843741131036e-05
802,901,99,0.099,7.0120759479550545e-06
778,889,111,0.111,9.748561787574772e-06
790,895,105,0.105,2.6633348792586275e-06
806,903,97,0.097,3.444803251127837e-06
740,870,130,0.13,2.8139072937221952e-05
768,884,116,0.116,2.9238206696646784e-06
724,862,138,0.138,2.4983950492298845e-06
764,882,118,0.118,3.6984991931774405e-06
724,862,138,0.138,1.5218334059838411e-05
814,907,93,0.093,7.207833893190241e-06
786,893,107,0.107,3.7115788885273558e-06
748,874,126,0.126,1.1087610942055903e-05
778,889,111,0.111,9.544296614890868e-06
776,888,112,0.112,5.323022228807872e-06
726,863,137,0.137,9.394143400299981e-06
742,871,129,0.129,7.917636998527655e-06
822,911,89,0.089,1.2971790742426493e-06
744,872,128,0.128,1.3751301600038346e-05
856,928,72,0.072,1.0712829663361845e-06
744,872,128,0.128,1.1644909627790413e-06
748,874,126,0.126,1.8846272909485151e-06
704,852,148,0.148,2.8672218741689905e-06
720,860,140,0.14,2.2724234281014332e-05
786,893,107,0.107,2.511784457652766e-06
804,902,98,0.098,2.2410704353760024e-05
734,867,133,0.133,2.6702315749815852e-06
772,886,114,0.114,1.6193018854835373e-06
800,900,100,0.1,1.1628672970246611e-05
872,936,64,0.064,3.2935093312431717e-06
764,882,118,0.118,8.543014376471092e-06
774,887,113,0.113,4.801136075784029e-06
760,880,120,0.12,2.179345096089946e-05
750,875,125,0.125,3.381802063486816e-06
778,889,111,0.111,9.775112613112925e-07
782,891,109,0.109,1.8094285709224778e-06
750,875,125,0.125,1.3846015075500873e-05
786,893,107,0.107,1.0569842889921688e-05
824,912,88,0.088,1.464081830211228e-05
764,882,118,0.118,4.339675860464354e-06
740,870,130,0.13,2.1187107500097114e-05
822,911,89,0.089,1.2077702204038588e-06
770,885,115,0.115,5.688709351616694e-06
788,894,106,0.106,1.615825540588389e-05
810,905,95,0.095,3.141471425414011e-05
802,901,99,0.099,3.627730466291723e-06
772,886,114,0.114,1.9576675999388727e-06
682,841,159,0.159,1.147336851062164e-05
780,890,110,0.11,2.765891009715915e-06
778,889,111,0.111,8.126042887141693e-06
754,877,123,0.123,1.3566302899320704e-05
762,881,119,0.119,2.417266365043247e-06
818,909,91,0.091,5.034460255828321e-06
798,899,101,0.101,3.5281064617862513e-06
764,882,118,0.118,3.727777263677012e-06
748,874,126,0.126,7.439415207699085e-06
758,879,121,0.121,8.013959195963594e-06
786,893,107,0.107,4.012421619975726e-06
792,896,104,0.104,1.1741871709602948e-06
714,857,143,0.143,4.256034850598666e-06
790,895,105,0.105,1.5583281099111445e-05
762,881,119,0.119,1.2958341729458311e-05
826,913,87,0.087,3.302036316412682e-06
780,890,110,0.11,2.170034061862225e-06
732,866,134,0.134,2.2773194364589245e-06
736,868,132,0.132,1.280315162436807e-05
752,876,124,0.124,1.6171126065529507e-06
726,863,137,0.137,8.074827285796004e-06
738,869,131,0.131,7.596097369741983e-06
750,875,125,0.125,9.06583990590093e-06
770,885,115,0.115,1.608919882997384e-06
790,895,105,0.105,5.531325161641121e-06
752,876,124,0.124,1.0572460614000078e-05
778,889,111,0.111,2.717808582922032e-05
774,887,113,0.113,1.3133973221016505e-05
760,880,120,0.12,1.613633435870554e-05
710,855,145,0.145,2.4477620510197085e-06
764,882,118,0.118,2.2275162295954944e-06
814,907,93,0.093,1.569899385657436e-06
706,853,147,0.147,1.5215975568864337e-05
728,864,136,0.136,1.4325578871947187e-05
788,894,106,0.106,1.7840022813672364e-05
786,893,107,0.107,2.5805769746938267e-06
782,891,109,0.109,6.638508238268059e-06
720,860,140,0.14,5.234620099315634e-06
748,874,126,0.126,8.381193686190613e-06
784,892,108,0.108,6.946509986917704e-06
784,892,108,0.108,1.3939607578095091e-06
792,896,104,0.104,1.6920087296483644e-06
684,842,158,0.158,8.620382481453248e-06
704,852,148,0.148,9.980437180345803e-06
758,879,121,0.121,1.0972968479350697e-05
752,876,124,0.124,2.962820225945961e-06
780,890,110,0.11,1.1581929304071536e-05
786,893,107,0.107,1.2089389746577694e-05
766,883,117,0.117,2.4810920565983e-06
760,880,120,0.12,3.839141290228554e-06
806,903,97,0.097,5.831523944124228e-06
742,871,129,0.129,1.403600216863765e-05
690,845,155,0.155,1.858575378278715e-05
776,888,112,0.112,5.261872924549493e-06
762,881,119,0.119,1.8945978959052923e-05
726,863,137,0.137,2.100130014241586e-06
744,872,128,0.128,3.591443570799413e-05
716,858,142,0.142,1.1073804977883129e-05
756,878,122,0.122,2.331717160885205e-05
796,898,102,0.102,7.569673785795316e-06
752,876,124,0.124,1.3225630839812652e-05
762,881,119,0.119,1.7577113979285741e-06
758,879,121,0.121,1.0893983148463349e-05
756,878,122,0.122,7.408745131868954e-06
736,868,132,0.132,1.6806381464675723e-06
780,890,110,0.11,6.256720430371843e-06
798,899,101,0.101,9.25140331965224e-06
766,883,117,0.117,2.3763753988106374e-06
730,865,135,0.135,9.144290048894276e-06
764,882,118,0.118,6.764787768005931e-06
768,884,116,0.116,4.578449177714106e-06
784,892,108,0.108,1.9487670075861275e-05
830,915,85,0.085,2.611322650793113e-06
754,877,123,0.123,2.2695298848134372e-05
806,903,97,0.097,5.1300539904559625e-06
736,868,132,0.132,1.8282202462103213e-06
790,895,105,0.105,2.629073646090774e-06
774,887,113,0.113,4.665012519865286e-06
724,862,138,0.138,7.654402360003586e-06
720,860,140,0.14,7.252485117007268e-06
742,871,129,0.129,9.399698149380242e-06
828,914,86,0.086,8.878311275424267e-07
770,885,115,0.115,4.534073676822459e-06
772,886,114,0.114,8.927755278307359e-07
754,877,123,0.123,5.968636574166908e-06
796,898,102,0.102,1.1315698796281025e-05
748,874,126,0.126,9.566836886889974e-06
776,888,112,0.112,1.1844485215704026e-06
726,863,137,0.137,1.4445229499955303e-06
742,871,129,0.129,1.696054995008467e-06
648,824,176,0.176,1.2983395225376172e-05
802,901,99,0.099,2.3225163753011202e-06
774,887,113,0.113,5.9865105758802884e-06
676,838,162,0.162,3.1713126076240884e-05
744,872,128,0.128,3.682402053016176e-06
840,920,80,0.08,9.928934044154403e-07
780,890,110,0.11,7.31028633366293e-06
806,903,97,0.097,5.219628929168607e-06
736,868,132,0.132,1.987894262323664e-05
806,903,97,0.097,6.586209672548193e-06
786,893,107,0.107,1.4223354335214821e-05
768,884,116,0.116,2.3836595297694885e-06
780,890,110,0.11,1.856803285221531e-06
766,883,117,0.117,1.164008866518884e-05
808,904,96,0.096,4.154848544501988e-06
704,852,148,0.148,7.43558381600451e-06
766,883,117,0.117,1.2167173580465374e-05
758,879,121,0.121,4.848804275425778e-06
756,878,122,0.122,3.6344579590945612e-06
772,886,114,0.114,3.0100277984388412e-06
748,874,126,0.126,1.740846638180926e-05
760,880,120,0.12,1.206117356248626e-05
742,871,129,0.129,1.440595322065974e-06
766,883,117,0.117,6.982105298419583e-06
748,874,126,0.126,8.789271479201944e-06
750,875,125,0.125,3.603922646973956e-06
806,903,97,0.097,1.0593602508208732e-06
672,836,164,0.164,2.9334033609558217e-06
762,881,119,0.119,7.919299322878715e-06
724,862,138,0.138,1.3248339978900957e-05
718,859,141,0.141,9.308087096385976e-06
722,861,139,0.139,1.1858247471963068e-05
722,861,139,0.139,1.1085179982288196e-05
734,867,133,0.133,6.328367576244887e-06
720,860,140,0.14,7.2743250449605055e-06
802,901,99,0.099,1.0572008162483827e-06
818,909,91,0.091,5.249849243597282e-06
812,906,94,0.094,1.4986441129565265e-05
742,871,129,0.129,1.3824919543637293e-05
738,869,131,0.131,1.80836016025836e-05
690,845,155,0.155,1.248020013947837e-05
798,899,101,0.101,2.4012624371295032e-05
774,887,113,0.113,1.1754953937256118e-05
796,898,102,0.102,2.1280511177849347e-05
748,874,126,0.126,2.2598994786164894e-06
792,896,104,0.104,7.194077726225601e-06
740,870,130,0.13,2.2013517972112595e-06
740,870,130,0.13,2.3967176238173238e-05
780,890,110,0.11,1.6881922181383404e-05
684,842,158,0.158,4.7866784686192434e-06
764,882,118,0.118,3.8014385729354673e-06
780,890,110,0.11,1.5477631160067062e-05
762,881,119,0.119,1.6593189342160032e-06
762,881,119,0.119,9.370635134729354e-06
726,863,137,0.137,5.622367694712693e-06
748,874,126,0.126,9.583872402046723e-06
778,889,111,0.111,4.404883779457691e-06
770,885,115,0.115,1.138735840666527e-05
744,872,128,0.128,1.4704987505126609e-05
706,853,147,0.147,1.2979039333984589e-05
770,885,115,0.115,1.7219243124060313e-06
694,847,153,0.153,1.19572284986873e-05
800,900,100,0.1,1.8142956623705685e-06
842,921,79,0.079,1.4458559521841607e-06
726,863,137,0.137,1.1826627235222986e-06
824,912,88,0.088,8.101166106015967e-06
758,879,121,0.121,1.0705826205864356e-05
766,883,117,0.117,1.838315489990805e-06
780,890,110,0.11,7.892502770218357e-06
776,888,112,0.112,5.785207500778711e-06
830,915,85,0.085,9.77944018259791e-07
738,869,131,0.131,2.1657498430727173e-06
804,902,98,0.098,3.1835883604003357e-06
754,877,123,0.123,1.0959542882844176e-05
772,886,114,0.114,1.1906675982373828e-06
780,890,110,0.11,9.29915856609398e-06
756,878,122,0.122,3.793674761581656e-06
790,895,105,0.105,1.7495962411402388e-06
802,901,99,0.099,1.3916731298024843e-06
762,881,119,0.119,1.096748567732675e-06
718,859,141,0.141,1.063491732973887e-05
722,861,139,0.139,3.548471876769099e-06
796,898,102,0.102,8.890411532348707e-06
826,913,87,0.087,1.0050152775278321e-06
776,888,112,0.112,1.9031130079270042e-06
786,893,107,0.107,2.734800000311566e-06
720,860,140,0.14,3.1169726533875063e-06
788,894,106,0.106,7.647031212442812e-06
760,880,120,0.12,5.5229884081029465e-06
790,895,105,0.105,5.2058298889079424e-06
754,877,123,0.123,8.213979474234634e-06
766,883,117,0.117,4.894021149425498e-06
790,895,105,0.105,8.193946844841093e-07
696,848,152,0.152,1.5910351884826924e-06
740,870,130,0.13,1.2220629059697785e-05
754,877,123,0.123,3.2348125366610246e-06
732,866,134,0.134,1.1995784496647844e-05
774,887,113,0.113,1.3671619805180058e-05
792,896,104,0.104,9.487062128528124e-07
740,870,130,0.13,5.736067486850516e-06
750,875,125,0.125,1.3126229914263376e-05
760,880,120,0.12,2.0200735379063417e-06
760,880,120,0.12,3.4743606462086516e-06
786,893,107,0.107,2.8300754457561085e-05
756,878,122,0.122,2.6030723976617765e-06
766,883,117,0.117,4.797591115206501e-06
732,866,134,0.134,1.981861299989873e-05
756,878,122,0.122,9.207256801673225e-06
778,889,111,0.111,1.3681541750202087e-05
726,863,137,0.137,6.287482161042135e-06
814,907,93,0.093,2.727357404538111e-06
754,877,123,0.123,4.467093584210602e-06
780,890,110,0.11,9.470959800907508e-06
734,867,133,0.133,5.0173721802480035e-06
776,888,112,0.112,1.1413680770090195e-05
788,894,106,0.106,3.0465950468681057e-06
730,865,135,0.135,8.266208881252623e-06
760,880,120,0.12,3.44480987197926e-06
762,881,119,0.119,2.019022119966962e-06
722,861,139,0.139,1.4179449311200187e-06
792,896,104,0.104,1.1142111574372392e-05
750,875,125,0.125,9.485506094691232e-06
754,877,123,0.123,7.418499486746555e-06
776,888,112,0.112,4.259434465339495e-06
822,911,89,0.089,6.203354739085398e-06
756,878,122,0.122,2.352333567121434e-05
780,890,110,0.11,2.020500845304696e-06
716,858,142,0.142,1.1518469060547431e-06
804,902,98,0.098,2.3228848368148646e-06
692,846,154,0.154,3.045004261693407e-06
806,903,97,0.097,1.1199245164590367e-06
848,924,76,0.076,4.1076789327121333e-07
750,875,125,0.125,7.163080535306676e-06
774,887,113,0.113,1.4693379435897214e-06
702,851,149,0.149,2.78904117041634e-06
732,866,134,0.134,1.1065190018797465e-06
740,870,130,0.13,3.899807032738068e-06
792,896,104,0.104,7.514845389280822e-06
746,873,127,0.127,2.5374538475233523e-06
738,869,131,0.131,1.7607879836845086e-06
782,891,109,0.109,7.37995965246796e-06
742,871,129,0.129,4.970491516942843e-06
814,907,93,0.093,2.889652746958404e-06
832,916,84,0.084,1.2652593164403925e-06
738,869,131,0.131,9.717918887844235e-06
782,891,109,0.109,4.212884389346527e-06
810,905,95,0.095,1.2661131869663223e-05
768,884,116,0.116,1.1277331708555494e-05
704,852,148,0.148,3.668790616586648e-06
754,877,123,0.123,2.518762612865544e-06
780,890,110,0.11,1.0683408300607767e-05
746,873,127,0.127,1.901754447260373e-06
710,855,145,0.145,2.194285987116018e-06
762,881,119,0.119,1.382552937130299e-06
732,866,134,0.134,2.4812830981915114e-06
764,882,118,0.118,6.510789883137136e-06
838,919,81,0.081,7.860664529914629e-06
760,880,120,0.12,2.514889307335011e-06
802,901,99,0.099,4.041693009028791e-06
780,890,110,0.11,1.0881159061284508e-06
834,917,83,0.083,4.066850521411425e-06
756,878,122,0.122,3.981994776708575e-06
830,915,85,0.085,8.899024623246988e-06
800,900,100,0.1,1.6003164039801732e-06
752,876,124,0.124,5.574221391398737e-06
764,882,118,0.118,1.4123925933660075e-06
808,904,96,0.096,7.593206478645698e-06
758,879,121,0.121,1.799122867993219e-06
698,849,151,0.151,1.4924446725416373e-05
788,894,106,0.106,5.961705280867591e-06
798,899,101,0.101,8.759837915789603e-06
712,856,144,0.144,7.540396947277373e-06
758,879,121,0.121,1.249065822321427e-06
732,866,134,0.134,7.479531495391711e-06
762,881,119,0.119,1.0459900407894907e-05
698,849,151,0.151,1.7330943104099107e-06
812,906,94,0.094,4.9674045568082194e-06
842,921,79,0.079,3.581426691070533e-06
700,850,150,0.15,2.9442423270054975e-05
760,880,120,0.12,1.653191097760498e-05
764,882,118,0.118,1.3308160392284663e-05
752,876,124,0.124,2.6824301938006554e-06
798,899,101,0.101,7.1731829323624654e-06
788,894,106,0.106,1.1242937471138248e-05
752,876,124,0.124,3.77249055858897e-06
722,861,139,0.139,2.047208723354288e-06
768,884,116,0.116,2.496684879702116e-06
814,907,93,0.093,8.857006940274914e-07
782,891,109,0.109,6.993708089723328e-06
684,842,158,0.158,1.3079925651595658e-06
708,854,146,0.146,1.023842732013236e-05
736,868,132,0.132,4.637571627398529e-06
742,871,129,0.129,1.3141431436793028e-05
754,877,123,0.123,6.476697092523409e-06
776,888,112,0.112,3.866265988136774e-06
772,886,114,0.114,9.55708768546515e-06
760,880,120,0.12,3.6239644981179706e-06
706,853,147,0.147,1.1881392496562172e-05
774,887,113,0.113,2.8343824993683597e-05
792,896,104,0.104,2.5197233033225075e-06
758,879,121,0.121,1.022046396006715e-05
810,905,95,0.095,6.979803317960887e-06
798,899,101,0.101,3.367180835397221e-06
780,890,110,0.11,3.291575057644991e-06
774,887,113,0.113,6.82573045507695e-06
810,905,95,0.095,7.275648464897699e-06
768,884,116,0.116,1.2529600801940433e-06
810,905,95,0.095,6.815104300088137e-06
684,842,158,0.158,1.4045623268984287e-05
752,876,124,0.124,1.4584998885851519e-06
678,839,161,0.161,1.893572158604684e-05
788,894,106,0.106,9.046421662759485e-07
696,848,152,0.152,8.133419043531376e-06
806,903,97,0.097,7.795498222137099e-06
754,877,123,0.123,6.889039407653286e-06
760,880,120,0.12,8.723565359645135e-07
756,878,122,0.122,8.392356260813471e-06
822,911,89,0.089,2.055469535719112e-06
790,895,105,0.105,3.187867218130691e-06
778,889,111,0.111,2.4334992288288504e-06
730,865,135,0.135,1.1553259795817893e-06
808,904,96,0.096,7.820973495498151e-06
728,864,136,0.136,1.886392929691283e-06
784,892,108,0.108,1.6758485409980039e-06
818,909,91,0.091,5.228029685682145e-06
808,904,96,0.096,1.9215202371754004e-06
762,881,119,0.119,5.405731294558791e-06
752,876,124,0.124,1.9140876898262605e-06
714,857,143,0.143,7.90475485034392e-06
808,904,96,0.096,7.78139396246047e-07
746,873,127,0.127,4.1929283550103945e-06
792,896,104,0.104,9.359404013650874e-06
772,886,114,0.114,4.617479850665518e-06
752,876,124,0.124,1.739564388046233e-05
752,876,124,0.124,5.702949385053557e-06
768,884,116,0.116,3.6397489071191556e-06
770,885,115,0.115,7.912374996848826e-06
720,860,140,0.14,1.216338304406861e-05
714,857,143,0.143,7.379477008157664e-06
712,856,144,0.144,5.7587485518553195e-06
722,861,139,0.139,4.939270687088992e-06
758,879,121,0.121,5.383622946695254e-06
778,889,111,0.111,2.0792910290765575e-06
716,858,142,0.142,1.2340088075802669e-05
788,894,106,0.106,2.2519252710537784e-06
776,888,112,0.112,5.405852152478019e-06
754,877,123,0.123,5.556172116016001e-06
732,866,134,0.134,8.088054448720072e-06
780,890,110,0.11,1.1181835354818759e-05
766,883,117,0.117,7.498533637104288e-06
762,881,119,0.119,7.801303628639289e-06
788,894,106,0.106,1.984998248801162e-06
770,885,115,0.115,3.1058769992995395e-06
772,886,114,0.114,8.678358067442105e-06
792,896,104,0.104,2.4749474156351425e-06
728,864,136,0.136,1.036898390367469e-05
712,856,144,0.144,3.5901070501438424e-06
734,867,133,0.133,4.338232253104479e-06
824,912,88,0.088,2.4220549726123864e-06
768,884,116,0.116,1.4253968448215914e-05
762,881,119,0.119,2.799664200352936e-06
764,882,118,0.118,2.7748636972262377e-06
758,879,121,0.121,3.0526290833847723e-06
810,905,95,0.095,1.8146894785786572e-06
792,896,104,0.104,3.370515228297677e-06
770,885,115,0.115,3.8488858504592825e-07
800,900,100,0.1,6.969128591961748e-06
752,876,124,0.124,3.314772146538303e-06
734,867,133,0.133,1.6284481435491215e-06
766,883,117,0.117,1.2390584155880902e-05
724,862,138,0.138,2.795803472594116e-06
752,876,124,0.124,9.36219517564041e-06
736,868,132,0.132,6.2033455744199275e-06
758,879,121,0.121,3.004365725828961e-06
760,880,120,0.12,2.035729479445081e-06
774,887,113,0.113,6.646195724044901e-07
736,868,132,0.132,4.12998260810582e-06
818,909,91,0.091,8.268373372573023e-07
768,884,116,0.116,3.576102701373429e-06
796,898,102,0.102,2.7736428979636686e-06
786,893,107,0.107,3.4756821863481945e-06
780,890,110,0.11,6.63668895701619e-06
754,877,123,0.123,8.57275049747841e-06
756,878,122,0.122,5.025462502757705e-06
804,902,98,0.098,1.6181213268993134e-06
760,880,120,0.12,1.7974719328464061e-06
762,881,119,0.119,5.017310569428446e-06
772,886,114,0.114,2.9288988569362574e-06
764,882,118,0.118,5.799462108555531e-06
762,881,119,0.119,9.523042112576264e-06
778,889,111,0.111,1.4911917489072834e-05
788,894,106,0.106,8.54459900071447e-06
772,886,114,0.114,2.009058603647418e-06
766,883,117,0.117,1.9554744716998584e-06
796,898,102,0.102,9.310070233397028e-07
712,856,144,0.144,9.041052019938433e-06
768,884,116,0.116,3.108337801572247e-05
822,911,89,0.089,4.2434575005643184e-06
780,890,110,0.11,1.1326437576911986e-05
780,890,110,0.11,1.1499217245898308e-06
792,896,104,0.104,2.5414136574113398e-06
768,884,116,0.116,3.159123625380289e-06
746,873,127,0.127,2.81798328011007e-06
794,897,103,0.103,2.678038612444311e-06
802,901,99,0.099,1.0626807310529784e-06
768,884,116,0.116,6.9796952134595354e-06
756,878,122,0.122,1.7909777554763196e-06
748,874,126,0.126,8.612739786713064e-07
806,903,97,0.097,7.836057029280142e-06
748,874,126,0.126,1.602508131668401e-06
790,895,105,0.105,3.617133745024148e-07
832,916,84,0.084,8.069338595504405e-07
740,870,130,0.13,4.569037263109976e-06
776,888,112,0.112,3.448927271477942e-06
738,869,131,0.131,5.061370301433499e-06
714,857,143,0.143,1.524584806831797e-05
732,866,134,0.134,2.407350602666725e-06
722,861,139,0.139,6.59636293094934e-06
822,911,89,0.089,1.3449409147625603e-06
688,844,156,0.156,9.469114811778923e-06
734,867,133,0.133,1.4143315892027887e-06
748,874,126,0.126,2.7591309620902393e-06
714,857,143,0.143,2.793309422017387e-06
674,837,163,0.163,1.1698195386998123e-05
738,869,131,0.131,6.517147367588905e-06
732,866,134,0.134,4.6869948562005e-06
770,885,115,0.115,1.3062445774053798e-05
792,896,104,0.104,1.235387079617567e-06
772,886,114,0.114,6.324523297749352e-06
756,878,122,0.122,2.953050372596522e-06
702,851,149,0.149,7.2861612733134965e-06
748,874,126,0.126,3.480956146660219e-06
832,916,84,0.084,1.8378378051977507e-06
750,875,125,0.125,1.8583359466120442e-05
772,886,114,0.114,9.841681909264821e-06
774,887,113,0.113,1.3349705488408858e-05
748,874,126,0.126,1.7497439816310133e-05
766,883,117,0.117,3.880968616002178e-06
770,885,115,0.115,1.3681098242940948e-05
782,891,109,0.109,5.734495833451092e-06
788,894,106,0.106,2.995389580789265e-06
762,881,119,0.119,1.3247936799814397e-05
770,885,115,0.115,4.608505189736433e-06
792,896,104,0.104,2.9439875407177853e-06
750,875,125,0.125,2.9889787185197748e-06
740,870,130,0.13,1.1331741808305651e-05
828,914,86,0.086,2.214053749582945e-06
788,894,106,0.106,7.3131375640969055e-06
744,872,128,0.128,3.6560514861605496e-06
760,880,120,0.12,3.8822514724898834e-06
762,881,119,0.119,1.1927462760752404e-06
750,875,125,0.125,1.11644673214073e-06
748,874,126,0.126,2.0426308502266013e-06
792,896,104,0.104,1.1772258047528795e-06
790,895,105,0.105,3.037686008866558e-06
808,904,96,0.096,5.060837531516427e-07
776,888,112,0.112,1.2937138545083827e-06
764,882,118,0.118,5.345159023448787e-07
746,873,127,0.127,1.5772287060116241e-06
798,899,101,0.101,2.0256253882848795e-06
794,897,103,0.103,9.529073117846564e-07
796,898,102,0.102,5.823700763727401e-07
770,885,115,0.115,1.4262464340362158e-06
706,853,147,0.147,2.571972231066866e-06
816,908,92,0.092,2.061125053444357e-06
786,893,107,0.107,3.3509038560026736e-06
764,882,118,0.118,3.625135239914812e-06
772,886,114,0.114,3.9685776394549063e-07
822,911,89,0.089,1.5451490741043017e-06
788,894,106,0.106,9.489898890251425e-07
740,870,130,0.13,8.119185006165707e-07
774,887,113,0.113,1.3377046168301375e-06
768,884,116,0.116,7.698124681354556e-07
754,877,123,0.123,3.874610954113678e-06
708,854,146,0.146,4.253665535898676e-06
726,863,137,0.137,6.524832758344701e-06
792,896,104,0.104,6.788508894118195e-06
786,893,107,0.107,2.362785927658706e-06
834,917,83,0.083,2.097355566235137e-06
748,874,126,0.126,1.1989373446027684e-05
794,897,103,0.103,7.2895412638160905e-06
760,880,120,0.12,5.4499317818255125e-06
732,866,134,0.134,8.956321323836391e-06
760,880,120,0.12,7.631117267692388e-06
784,892,108,0.108,2.4758785712748475e-06
834,917,83,0.083,2.368786607789275e-06
768,884,116,0.116,2.5862832022198745e-06
736,868,132,0.132,1.7538122345115426e-06
774,887,113,0.113,1.240353052466503e-06
780,890,110,0.11,5.628886149395385e-06
746,873,127,0.127,3.838418761262119e-06
730,865,135,0.135,5.84363683863387e-06
768,884,116,0.116,8.880206351733477e-07
784,892,108,0.108,1.5207956410421275e-06
836,918,82,0.082,3.6358300819330226e-06
786,893,107,0.107,6.297910926491568e-07
760,880,120,0.12,1.834848200445549e-06
802,901,99,0.099,1.1437740285487052e-06
836,918,82,0.082,2.6706079197538203e-06
778,889,111,0.111,3.204422895692005e-06
732,866,134,0.134,2.188886262132428e-06
788,894,106,0.106,7.773092929511449e-06
766,883,117,0.117,5.139981398514238e-07
764,882,118,0.118,1.0056053304623447e-06
718,859,141,0.141,2.664224551637062e-06
772,886,114,0.114,4.705941040654693e-06
744,872,128,0.128,8.44800978924809e-07
700,850,150,0.15,4.285265866656118e-06
766,883,117,0.117,7.3243423563695844e-06
664,832,168,0.168,8.825715439542137e-07
732,866,134,0.134,2.9799760715150112e-06
794,897,103,0.103,7.22041719099309e-06
714,857,143,0.143,3.879544185849681e-06
756,878,122,0.122,5.812454743619355e-06
738,869,131,0.131,8.619731484628801e-06
828,914,86,0.086,1.1937574884939295e-06
744,872,128,0.128,2.4350211697878876e-06
838,919,81,0.081,1.7003481277555466e-06
688,844,156,0.156,1.49901004644164e-05
768,884,116,0.116,1.06126389705139e-05
772,886,114,0.114,1.947869460309448e-06
750,875,125,0.125,6.991228237552605e-06
788,894,106,0.106,3.0689843946873906e-06
782,891,109,0.109,1.9711372170831963e-06
738,869,131,0.131,3.541033325348053e-06
794,897,103,0.103,1.7978531062681214e-06
700,850,150,0.15,8.96514208170629e-06
756,878,122,0.122,3.7311755874327445e-06
784,892,108,0.108,1.6922816223399195e-06
790,895,105,0.105,1.6873763550506738e-06
776,888,112,0.112,7.497292972388436e-06
722,861,139,0.139,1.0224463066194289e-05
848,924,76,0.076,8.871145914923772e-07
778,889,111,0.111,1.3274282704713868e-06
742,871,129,0.129,2.6413625639918337e-06
786,893,107,0.107,4.93126044123926e-06
800,900,100,0.1,1.160706370072262e-06
782,891,109,0.109,1.2208064061667301e-06
806,903,97,0.097,9.764824509943537e-07
730,865,135,0.135,1.0864152857834597e-06
748,874,126,0.126,9.269918959518009e-07
792,896,104,0.104,2.729729847061435e-06
820,910,90,0.09,9.208937614744173e-07
696,848,152,0.152,3.4395015784269845e-06
754,877,123,0.123,4.259262978038692e-06
756,878,122,0.122,8.005002298588693e-06
690,845,155,0.155,1.3596823758916798e-06
760,880,120,0.12,3.6681592805223317e-06
788,894,106,0.106,4.261875603518206e-06
786,893,107,0.107,4.331609891707444e-06
736,868,132,0.132,6.964815309416395e-06
750,875,125,0.125,9.350032716355372e-07
782,891,109,0.109,9.411227788405086e-07
704,852,148,0.148,9.396174275337899e-06
738,869,131,0.131,3.6073531899631915e-06
782,891,109,0.109,5.55362142301874e-06
728,864,136,0.136,1.146972499492449e-05
796,898,102,0.102,3.784213410938264e-06
722,861,139,0.139,2.3204635542271033e-06
782,891,109,0.109,1.5888974206461626e-06
802,901,99,0.099,2.710365597351938e-06
784,892,108,0.108,4.425553498407453e-06
804,902,98,0.098,5.763222250905642e-06
730,865,135,0.135,5.906208566671012e-06
770,885,115,0.115,3.179856979230067e-06
780,890,110,0.11,9.446982018118887e-06
782,891,109,0.109,4.366840051730491e-06
724,862,138,0.138,2.725645946711097e-06
792,896,104,0.104,1.0797989800721553e-06
756,878,122,0.122,3.8082480458996315e-06
774,887,113,0.113,3.7171383363983068e-06
772,886,114,0.114,4.275902376392082e-06
772,886,114,0.114,1.497335019195134e-06
728,864,136,0.136,1.8436962594137185e-06
822,911,89,0.089,3.5478578829639674e-06
792,896,104,0.104,1.1284890372138534e-06
796,898,102,0.102,2.408963878366421e-06
724,862,138,0.138,1.6412297539147857e-06
770,885,115,0.115,8.355665438642745e-06
764,882,118,0.118,9.4616198883557e-07
828,914,86,0.086,4.322385148995522e-06
748,874,126,0.126,1.2477882992953938e-06
786,893,107,0.107,1.974836519394785e-06
784,892,108,0.108,5.882750079990728e-07
734,867,133,0.133,1.6311125661871983e-06
782,891,109,0.109,4.185285780238246e-07
782,891,109,0.109,7.915199462331657e-07
764,882,118,0.118,8.047582832375611e-07
708,854,146,0.146,2.8702006631959874e-06
806,903,97,0.097,1.296779948575022e-06
726,863,137,0.137,1.808853848046965e-06
806,903,97,0.097,2.190743738779588e-06
828,914,86,0.086,3.530687422568235e-07
776,888,112,0.112,1.6318332834970306e-06
744,872,128,0.128,3.3263835992869417e-06
784,892,108,0.108,5.367454746092903e-06
726,863,137,0.137,3.1135918705302855e-06
758,879,121,0.121,1.0390927002859485e-05
808,904,96,0.096,8.221466396037159e-06
800,900,100,0.1,3.94204193922576e-06
776,888,112,0.112,1.7978420491999713e-06
790,895,105,0.105,5.3080109458960576e-06
720,860,140,0.14,3.172531616627339e-06
784,892,108,0.108,1.751191943569097e-06
792,896,104,0.104,8.318740747625952e-07
792,896,104,0.104,4.689725868203709e-06
740,870,130,0.13,3.5835358066975686e-06
726,863,137,0.137,1.9461619233624107e-05
830,915,85,0.085,1.814716012844997e-06
796,898,102,0.102,5.909187683329264e-06
728,864,136,0.136,4.042997470094179e-06
778,889,111,0.111,2.027742928163434e-06
746,873,127,0.127,2.600099113550414e-06
768,884,116,0.116,8.387899018003963e-06
748,874,126,0.126,3.0772471826594484e-06
742,871,129,0.129,5.76648043232808e-06
722,861,139,0.139,7.364960703114321e-06
800,900,100,0.1,1.8710633947875977e-06
758,879,121,0.121,8.10416396066671e-06
712,856,144,0.144,7.756180265175772e-06
798,899,101,0.101,2.097997727886991e-06
814,907,93,0.093,1.2927373722675383e-06
716,858,142,0.142,1.1633899341177312e-05
728,864,136,0.136,3.3883506588807677e-06
750,875,125,0.125,3.0278914885286666e-06
758,879,121,0.121,2.720829371412492e-06
762,881,119,0.119,1.7076321191495935e-06
776,888,112,0.112,4.943168923745134e-06
748,874,126,0.126,2.2332137180143264e-06
796,898,102,0.102,4.003771156973812e-06
708,854,146,0.146,3.866296422415872e-06
752,876,124,0.124,1.233101316330476e-06
742,871,129,0.129,3.378228353170698e-06
736,868,132,0.132,1.4227519555831235e-05
730,865,135,0.135,1.1101198846631632e-05
778,889,111,0.111,1.0466802722675083e-06
760,880,120,0.12,1.0674977107598239e-05
770,885,115,0.115,5.630541522066324e-06
772,886,114,0.114,1.147965962957187e-06
714,857,143,0.143,6.9471945137991045e-06
766,883,117,0.117,1.6420118033693143e-06
746,873,127,0.127,7.200398146082421e-06
672,836,164,0.164,1.34655112526616e-06
718,859,141,0.141,1.4269443873757836e-06
744,872,128,0.128,5.939684441713667e-06
774,887,113,0.113,3.478112172871306e-06
752,876,124,0.124,3.943330566031023e-06
716,858,142,0.142,1.1408145297323813e-05
714,857,143,0.143,3.722111962332519e-06
772,886,114,0.114,2.163231552927414e-06
770,885,115,0.115,6.963401250118295e-06
818,909,91,0.091,9.680929990139475e-06
754,877,123,0.123,4.271085773865479e-06
796,898,102,0.102,5.909609810117899e-06
768,884,116,0.116,1.66069158304083e-05
782,891,109,0.109,7.995587660829528e-06
756,878,122,0.122,3.447659362322497e-06
796,898,102,0.102,5.991838606220768e-06
716,858,142,0.142,1.4477046438756248e-05
802,901,99,0.099,1.120195433969684e-06
786,893,107,0.107,2.228815467475442e-06
716,858,142,0.142,3.0340029379516407e-06
772,886,114,0.114,2.049000608181473e-06
748,874,126,0.126,1.054433153981904e-06
758,879,121,0.121,2.097177780555626e-06
764,882,118,0.118,2.3498836412443326e-06
796,898,102,0.102,5.722355283339198e-06
776,888,112,0.112,2.233031648273709e-06
770,885,115,0.115,5.7374934133349594e-06
758,879,121,0.121,3.545667724438317e-06
818,909,91,0.091,5.025480793818815e-07
752,876,124,0.124,3.979903874579804e-06
746,873,127,0.127,1.8050277929404502e-06
780,890,110,0.11,2.2504175879163313e-06
762,881,119,0.119,2.577364552607264e-06
764,882,118,0.118,6.376887461527758e-07
824,912,88,0.088,5.331961245929051e-07
772,886,114,0.114,6.6093043534039e-06
824,912,88,0.088,1.4449692507412237e-06
678,839,161,0.161,9.986210150998431e-07
796,898,102,0.102,1.343497651092207e-06
778,889,111,0.111,1.887321383335916e-06
788,894,106,0.106,7.446736922815944e-07
710,855,145,0.145,2.770762645937452e-06
760,880,120,0.12,4.264588291064797e-06
680,840,160,0.16,1.4572249966136043e-06
770,885,115,0.115,1.0448183308369608e-05
720,860,140,0.14,1.290683470898557e-06
794,897,103,0.103,3.1724921288969197e-06
772,886,114,0.114,3.7549367349072327e-06
716,858,142,0.142,4.3718071512302e-06
684,842,158,0.158,1.514660786649813e-05
750,875,125,0.125,1.6825282448138523e-06
780,890,110,0.11,1.536881433025883e-06
810,905,95,0.095,7.798401457179693e-06
726,863,137,0.137,3.9532229072563044e-06
752,876,124,0.124,6.7219519226568995e-06
754,877,123,0.123,3.592732390856668e-06
812,906,94,0.094,5.885066729746314e-06
768,884,116,0.116,5.904773947307262e-06
754,877,123,0.123,5.895884485383362e-06
702,851,149,0.149,4.667243158380075e-06
730,865,135,0.135,2.20385960035685e-06
800,900,100,0.1,1.119420744359445e-06
762,881,119,0.119,1.1415081747259138e-06
804,902,98,0.098,4.409558174131689e-06
740,870,130,0.13,4.856224218457328e-06
762,881,119,0.119,2.1720664226307917e-06
714,857,143,0.143,6.1695651282605015e-06
780,890,110,0.11,3.1208126541741875e-06
824,912,88,0.088,1.482317094797736e-06
728,864,136,0.136,1.7431210289942101e-06
770,885,115,0.115,9.505944254186715e-06
794,897,103,0.103,1.686214280510967e-06
786,893,107,0.107,5.765665956403155e-07
762,881,119,0.119,6.261290433684508e-07
788,894,106,0.106,1.5014720004842274e-06
724,862,138,0.138,1.1074552818683969e-06
694,847,153,0.153,1.9562331750080377e-06
744,872,128,0.128,1.1938851555157725e-06
788,894,106,0.106,2.8293976816513577e-06
812,906,94,0.094,7.288929602680128e-07
802,901,99,0.099,6.18567308947604e-07
788,894,106,0.106,2.3550196828097113e-06
776,888,112,0.112,2.149756835947869e-06
814,907,93,0.093,1.1853661275864625e-06
750,875,125,0.125,1.7560720991554036e-06
748,874,126,0.126,3.6313332506665573e-06
768,884,116,0.116,8.42613754798549e-07
748,874,126,0.126,3.6112446382219334e-06
704,852,148,0.148,3.4524295457742937e-06
684,842,158,0.158,1.6416291406642357e-06
752,876,124,0.124,1.2640340056009336e-06
706,853,147,0.147,2.577086995458444e-06
788,894,106,0.106,1.2296856237838937e-06
702,851,149,0.149,1.8978893593128987e-06
734,867,133,0.133,1.1394916002984701e-06
832,916,84,0.084,1.8719548555736764e-06
846,923,77,0.077,1.5568057533812407e-06
810,905,95,0.095,5.997103764087797e-06
738,869,131,0.131,3.0381658278031408e-06
792,896,104,0.104,1.650702529147452e-06
778,889,111,0.111,1.6438380283432253e-06
746,873,127,0.127,5.2027845048314705e-06
722,861,139,0.139,8.621220400357288e-06
718,859,141,0.141,4.4550147487001365e-06
810,905,95,0.095,1.2696170317667566e-06
756,878,122,0.122,2.993199444546235e-06
768,884,116,0.116,1.576688188464459e-06
800,900,100,0.1,1.0861465878662102e-06
750,875,125,0.125,6.18043286391412e-06
764,882,118,0.118,3.5270862419736204e-06
776,888,112,0.112,2.5841023022508124e-06
818,909,91,0.091,4.592205954182304e-06
734,867,133,0.133,6.121104620788742e-06
732,866,134,0.134,2.9405692309865116e-06
806,903,97,0.097,5.5979413293130165e-06
800,900,100,0.1,9.271308295097924e-07
740,870,130,0.13,9.817158029932215e-07
716,858,142,0.142,3.6024711432673938e-06
748,874,126,0.126,1.3578168601497964e-06
790,895,105,0.105,3.91643990009527e-06
776,888,112,0.112,2.997935589377221e-06
762,881,119,0.119,6.820111773507165e-06
768,884,116,0.116,7.116206204997866e-06
776,888,112,0.112,2.247475470255722e-06
718,859,141,0.141,3.4046622444350307e-06
726,863,137,0.137,2.7282981492646742e-06
714,857,143,0.143,5.623565564150113e-06
744,872,128,0.128,1.042572875981307e-05
796,898,102,0.102,1.224329771460475e-06
782,891,109,0.109,6.002880427431023e-06
802,901,99,0.099,6.989879810959109e-07
810,905,95,0.095,1.7794299519238167e-06
772,886,114,0.114,2.0066089641943563e-06
782,891,109,0.109,6.948119821572618e-07
796,898,102,0.102,3.867808958560204e-06
760,880,120,0.12,7.179092653615271e-07
814,907,93,0.093,2.056232961493265e-06
794,897,103,0.103,1.5840798218391682e-06
738,869,131,0.131,2.7331700801056515e-06
822,911,89,0.089,8.008382088604548e-07
734,867,133,0.133,2.5350902068765892e-06
754,877,123,0.123,3.8946460291668925e-06
750,875,125,0.125,2.4926680993928584e-06
768,884,116,0.116,4.328447652099499e-06
736,868,132,0.132,2.6006797513815628e-06
730,865,135,0.135,5.431783632474207e-06
754,877,123,0.123,6.000239273930674e-06
780,890,110,0.11,2.7919179672011296e-06
754,877,123,0.123,3.92907173343815e-06
756,878,122,0.122,2.9240165022486052e-06
724,862,138,0.138,7.190447099389985e-06
760,880,120,0.12,7.719706891577971e-07
762,881,119,0.119,3.6820933897132593e-06
724,862,138,0.138,2.467429554798173e-06
696,848,152,0.152,7.724531366278597e-06
760,880,120,0.12,2.2891919446976774e-06
766,883,117,0.117,4.4859835090989005e-06
762,881,119,0.119,2.7223061475893928e-06
692,846,154,0.154,1.0361386438958676e-05
754,877,123,0.123,5.699887831795536e-06
788,894,106,0.106,1.5253907087355856e-06
814,907,93,0.093,2.0399937906034895e-06
788,894,106,0.106,5.858616431666519e-06
804,902,98,0.098,2.210320088551043e-06
774,887,113,0.113,1.0767870719234906e-06
776,888,112,0.112,4.274354032276051e-06
788,894,106,0.106,1.2234647408746469e-06
816,908,92,0.092,2.376883430272869e-06
746,873,127,0.127,6.715557314933562e-06
796,898,102,0.102,3.6260986815790373e-06
782,891,109,0.109,1.4142244751980116e-06
730,865,135,0.135,4.687414417986701e-06
770,885,115,0.115,1.3329064243663424e-06
746,873,127,0.127,4.886440636227007e-06
768,884,116,0.116,1.4732456881745293e-06
740,870,130,0.13,1.1922871965026615e-06
752,876,124,0.124,2.230352667353941e-06
756,878,122,0.122,1.4314579824059592e-06
780,890,110,0.11,7.613856772366035e-07
758,879,121,0.121,2.3236979066041387e-06
760,880,120,0.12,1.8183431023715003e-06
718,859,141,0.141,6.419089794476918e-06
714,857,143,0.143,4.388373619917729e-06
738,869,131,0.131,4.735492888897852e-06
766,883,117,0.117,2.2419650426854787e-06
704,852,148,0.148,4.047558468514012e-06
736,868,132,0.132,2.753600330109407e-06
736,868,132,0.132,2.8596762743120508e-06
812,906,94,0.094,1.381026284761333e-06
824,912,88,0.088,5.293944899165126e-07
802,901,99,0.099,5.662437878868331e-07
744,872,128,0.128,1.0402797186799262e-06
758,879,121,0.121,4.648640887197075e-06
718,859,141,0.141,6.667809898743826e-07
788,894,106,0.106,1.2008098019862245e-06
852,926,74,0.074,5.467159448926395e-07
742,871,129,0.129,5.878369171625764e-06
752,876,124,0.124,3.336672559257181e-06
778,889,111,0.111,4.662316487028307e-06
746,873,127,0.127,7.864849338915292e-06
764,882,118,0.118,8.579504577994612e-07
758,879,121,0.121,6.132931110968798e-06
784,892,108,0.108,3.814286236774933e-06
740,870,130,0.13,2.729738322329922e-06
768,884,116,0.116,5.34674867743945e-06
780,890,110,0.11,3.304151342916839e-06
756,878,122,0.122,7.088613050058257e-06
756,878,122,0.122,2.2471987909540305e-06
830,915,85,0.085,1.3877916010898162e-06
786,893,107,0.107,1.651389161011707e-06
708,854,146,0.146,9.293058203212468e-07
810,905,95,0.095,7.876143406804203e-07
764,882,118,0.118,3.17160032409447e-07
786,893,107,0.107,4.038851834309298e-06
760,880,120,0.12,1.4854463543656493e-06
722,861,139,0.139,1.4450955549420996e-06
812,906,94,0.094,2.114889734215808e-06
758,879,121,0.121,8.787442517217414e-07
778,889,111,0.111,1.2094890039122675e-06
768,884,116,0.116,1.5921777251008962e-06
794,897,103,0.103,1.0318360124159654e-06
792,896,104,0.104,2.260567856623652e-06
752,876,124,0.124,2.750855145109199e-06
786,893,107,0.107,8.876774708141965e-07
758,879,121,0.121,7.76766353268954e-07
748,874,126,0.126,3.8140014995633466e-06
818,909,91,0.091,2.3396141386484713e-06
730,865,135,0.135,1.81966427884106e-06
854,927,73,0.073,2.8043919618028214e-06
746,873,127,0.127,1.546174167827985e-06
748,874,126,0.126,3.6508454823263036e-06
786,893,107,0.107,1.0294508540482638e-06
798,899,101,0.101,5.719591004833547e-07
758,879,121,0.121,4.836485997685713e-06
712,856,144,0.144,4.495360198973231e-06
760,880,120,0.12,1.7845076607159172e-06
754,877,123,0.123,4.192911303249502e-06
744,872,128,0.128,8.814878071234489e-06
794,897,103,0.103,4.286648757911848e-06
770,885,115,0.115,2.0811067491450786e-06
778,889,111,0.111,7.518470283386591e-06
792,896,104,0.104,1.0577044558601755e-06
726,863,137,0.137,4.274666381050452e-06
776,888,112,0.112,8.503872100732224e-06
748,874,126,0.126,2.0525670146724904e-06
790,895,105,0.105,9.138152847043557e-07
792,896,104,0.104,2.6725707939618816e-06
708,854,146,0.146,2.222430397921471e-06
792,896,104,0.104,1.0075133705242934e-06
806,903,97,0.097,3.35231018529214e-06
712,856,144,0.144,1.2005964025860293e-05
688,844,156,0.156,4.494562245099587e-06
764,882,118,0.118,3.449219260559744e-06
742,871,129,0.129,4.088265194624796e-06
724,862,138,0.138,3.540434232519374e-06
780,890,110,0.11,7.476194150655147e-07
776,888,112,0.112,2.4485784699237456e-06
778,889,111,0.111,1.768417293760649e-06
722,861,139,0.139,3.7225312696307356e-06
754,877,123,0.123,6.078586675215547e-06
702,851,149,0.149,1.1221571654687067e-06
762,881,119,0.119,5.1312677780401825e-06
686,843,157,0.157,3.3174445343746585e-06
768,884,116,0.116,2.2086781699499623e-06
764,882,118,0.118,1.620501169455224e-06
818,909,91,0.091,2.293306705780651e-06
794,897,103,0.103,2.6953462911762927e-06
798,899,101,0.101,2.746918121147246e-06
756,878,122,0.122,1.3515397848067324e-06
778,889,111,0.111,1.4196069879801598e-06
770,885,115,0.115,2.3663034250205327e-06
760,880,120,0.12,2.612827617468838e-06
750,875,125,0.125,7.632806959776417e-07
844,922,78,0.078,2.940868787007389e-06
760,880,120,0.12,1.515045795400738e-06
786,893,107,0.107,1.1849221658195574e-06
796,898,102,0.102,3.46233009653929e-06
778,889,111,0.111,3.005923197207494e-06
736,868,132,0.132,2.6682702705187466e-06
766,883,117,0.117,3.0020251643065874e-06
816,908,92,0.092,1.17205438847634e-06
728,864,136,0.136,3.931255063264416e-06
810,905,95,0.095,3.7875077638886977e-06
726,863,137,0.137,2.280094673892563e-06
780,890,110,0.11,2.8626504775672855e-06
808,904,96,0.096,3.0022730329477554e-06
826,913,87,0.087,2.6979364651396055e-06
800,900,100,0.1,2.715710111871772e-06
772,886,114,0.114,1.363022842127748e-06
822,911,89,0.089,5.505790159077151e-07
768,884,116,0.116,8.408031598179378e-07
748,874,126,0.126,1.8313652350769872e-06
772,886,114,0.114,2.35465679618585e-06
762,881,119,0.119,2.978252718989438e-06
722,861,139,0.139,2.6608375534635796e-06
848,924,76,0.076,6.229609998342766e-07
792,896,104,0.104,8.303636164299632e-07
812,906,94,0.094,4.837435988633843e-07
786,893,107,0.107,6.310583922015667e-07
716,858,142,0.142,2.84640210512066e-06
776,888,112,0.112,2.3183157226469574e-06
766,883,117,0.117,8.914213079549427e-07
766,883,117,0.117,1.4222486587414097e-06
774,887,113,0.113,1.4107313221245477e-06
714,857,143,0.143,8.909975156257133e-07
732,866,134,0.134,3.005109921161875e-06
746,873,127,0.127,1.273363714275888e-06
810,905,95,0.095,1.2421222717904356e-06
766,883,117,0.117,2.8225247798729923e-06
750,875,125,0.125,2.5634915788401714e-06
774,887,113,0.113,5.764113380593017e-07
758,879,121,0.121,2.1708134857334472e-06
732,866,134,0.134,9.921856089221136e-07
748,874,126,0.126,3.4387701893479063e-06
746,873,127,0.127,2.7901356622237473e-06
748,874,126,0.126,4.423171601004583e-06
746,873,127,0.127,2.0995585567362696e-06
762,881,119,0.119,3.0534839674629666e-06
752,876,124,0.124,1.7834989899370158e-06
738,869,131,0.131,6.422284202201922e-06
766,883,117,0.117,2.7275697296289534e-06
778,889,111,0.111,2.0973883627561916e-06
720,860,140,0.14,5.712791364601344e-06
732,866,134,0.134,9.122467942518142e-06
770,885,115,0.115,6.531223222353333e-06
772,886,114,0.114,1.0315355875349042e-05
770,885,115,0.115,4.685615619692385e-06
764,882,118,0.118,3.7506822885404744e-06
740,870,130,0.13,6.487074705958662e-06
764,882,118,0.118,2.295930450813444e-06
778,889,111,0.111,2.3545169578511606e-06
778,889,111,0.111,1.047459510843396e-06
736,868,132,0.132,3.956305124788173e-06
776,888,112,0.112,6.0275937127727276e-06
752,876,124,0.124,2.796996995030554e-06
780,890,110,0.11,2.091981125815323e-06
748,874,126,0.126,2.901381706564621e-06
768,884,116,0.116,3.0034208186293652e-06
794,897,103,0.103,1.1424627706020375e-06
796,898,102,0.102,1.8979781729768775e-06
780,890,110,0.11,2.127651714445733e-06
682,841,159,0.159,2.795013525883405e-06
742,871,129,0.129,1.1071869948722224e-06
744,872,128,0.128,2.7150520600400797e-06
822,911,89,0.089,5.677075640733164e-07
780,890,110,0.11,7.337603016708272e-07
742,871,129,0.129,8.184563229178821e-07
792,896,104,0.104,1.2636065564919363e-06
768,884,116,0.116,2.51791902095988e-06
746,873,127,0.127,3.712165131275924e-06
752,876,124,0.124,3.2069992578840357e-06
784,892,108,0.108,7.12583028345648e-07
776,888,112,0.112,1.4289325805663112e-06
810,905,95,0.095,7.948313359946723e-07
802,901,99,0.099,1.381496702208551e-06
718,859,141,0.141,1.4401067438427618e-06
812,906,94,0.094,1.3397443605924763e-06
744,872,128,0.128,5.695844319291155e-07
798,899,101,0.101,2.2670937080846443e-06
716,858,142,0.142,2.1383385189182037e-06
746,873,127,0.127,1.1477836165880718e-06
784,892,108,0.108,9.684326482641836e-07
768,884,116,0.116,2.485738543498428e-06
800,900,100,0.1,1.5275354637083184e-06
784,892,108,0.108,1.64332797139366e-06
760,880,120,0.12,3.885437130932701e-06
808,904,96,0.096,2.1115231639328157e-06
756,878,122,0.122,4.505478296280785e-06
784,892,108,0.108,1.535495836421319e-06
732,866,134,0.134,5.173396865671975e-06
804,902,98,0.098,1.3195072252329964e-06
780,890,110,0.11,8.802115642936315e-07
716,858,142,0.142,2.416574580706765e-06
732,866,134,0.134,2.734458356428604e-06
750,875,125,0.125,3.900288341540658e-06
792,896,104,0.104,3.302792651155073e-06
800,900,100,0.1,2.116639166629852e-06
760,880,120,0.12,8.53521806277513e-07
756,878,122,0.122,1.5927438282545836e-06
758,879,121,0.121,3.5937012937523604e-06
796,898,102,0.102,1.9646338367351748e-06
796,898,102,0.102,4.436801682743408e-07
760,880,120,0.12,9.987269780964424e-07
754,877,123,0.123,1.738710507424912e-06
752,876,124,0.124,1.2583307073441575e-06
780,890,110,0.11,3.410194837471181e-06
770,885,115,0.115,4.671508173416328e-06
760,880,120,0.12,2.5832572849253665e-06
834,917,83,0.083,1.5666077419069779e-06
782,891,109,0.109,8.017395292228003e-07
790,895,105,0.105,1.5538702550941253e-06
800,900,100,0.1,5.525052546175857e-07
824,912,88,0.088,4.4207855364675194e-07
740,870,130,0.13,3.5282607145745714e-06
742,871,129,0.129,1.8581349319077845e-06
704,852,148,0.148,6.791362801436662e-06
670,835,165,0.165,7.510355120501799e-06
804,902,98,0.098,1.8394305245124087e-06
756,878,122,0.122,2.9774612631143783e-06
742,871,129,0.129,7.583565354138954e-07
792,896,104,0.104,8.261816082324458e-07
792,896,104,0.104,1.7905186010693797e-06
754,877,123,0.123,1.853652284069085e-06
814,907,93,0.093,2.016342117130421e-06
798,899,101,0.101,7.380953945812507e-07
706,853,147,0.147,1.192478113381412e-06
778,889,111,0.111,2.3850424888109955e-06
772,886,114,0.114,1.0086335292953663e-06
756,878,122,0.122,3.986160158049756e-06
832,916,84,0.084,5.473415726413577e-07
754,877,123,0.123,1.804885333157813e-06
790,895,105,0.105,4.884836460945507e-07
736,868,132,0.132,1.66889798404668e-06
860,930,70,0.07,6.308019141130216e-07
742,871,129,0.129,4.742078394684768e-06
784,892,108,0.108,1.2619654535370728e-06
770,885,115,0.115,1.0956205811396558e-06
788,894,106,0.106,1.0567809917318983e-06
718,859,141,0.141,2.0974670252229543e-06
722,861,139,0.139,5.095404659513747e-06
778,889,111,0.111,7.222231910333221e-07
782,891,109,0.109,2.326877715802311e-06
760,880,120,0.12,2.488146428063942e-06
798,899,101,0.101,2.0028559196134664e-06
780,890,110,0.11,1.5218160557566307e-06
784,892,108,0.108,8.967422649845958e-07
796,898,102,0.102,6.311174061579549e-07
712,856,144,0.144,3.4662953622870418e-06
732,866,134,0.134,1.6821230322108249e-06
724,862,138,0.138,1.5266687425423696e-06
704,852,148,0.148,3.801729597284975e-06
768,884,116,0.116,1.0779355769159338e-06
764,882,118,0.118,2.7802660517579624e-06
766,883,117,0.117,2.219135759688129e-06
764,882,118,0.118,2.528339781022737e-06
782,891,109,0.109,6.739023665289778e-07
758,879,121,0.121,1.83409077654062e-06
810,905,95,0.095,2.4187729490989797e-06
750,875,125,0.125,2.503769804363287e-06
830,915,85,0.085,4.6656246172460667e-07
788,894,106,0.106,1.4798034935097348e-06
772,886,114,0.114,9.475879126199516e-07
766,883,117,0.117,2.664988444550431e-06
810,905,95,0.095,5.928801518280125e-07
788,894,106,0.106,6.283795527224356e-07
726,863,137,0.137,1.4467880162243318e-06
748,874,126,0.126,2.238567391415813e-06
764,882,118,0.118,9.692820554221271e-07
736,868,132,0.132,4.05228808551783e-06
772,886,114,0.114,6.90590378098932e-07
730,865,135,0.135,1.0020382957236507e-06
744,872,128,0.128,7.187856492805622e-06
788,894,106,0.106,3.000982432240562e-06
798,899,101,0.101,1.173382720892846e-06
742,871,129,0.129,1.2300728749039535e-06
782,891,109,0.109,1.080675527987296e-06
738,869,131,0.131,7.385918461437768e-07
766,883,117,0.117,3.51333098730322e-06
726,863,137,0.137,2.9166528758395314e-06
782,891,109,0.109,2.4116809907042126e-06
762,881,119,0.119,9.255512432275736e-07
686,843,157,0.157,2.9299164013991687e-06
822,911,89,0.089,1.0190372297103067e-06
740,870,130,0.13,2.6752821134010674e-06
724,862,138,0.138,1.8293996994884766e-06
770,885,115,0.115,3.920715771997152e-06
812,906,94,0.094,8.627610256297657e-07
816,908,92,0.092,1.1792012831364218e-06
798,899,101,0.101,4.782690702711534e-07
716,858,142,0.142,2.4840669181713795e-06
796,898,102,0.102,2.138608760830607e-06
806,903,97,0.097,1.4320689240037155e-06
780,890,110,0.11,3.3843603901289043e-06
834,917,83,0.083,1.8222973639865359e-06
846,923,77,0.077,5.107750856581106e-07
716,858,142,0.142,3.2297962976173265e-06
746,873,127,0.127,7.601682732030212e-07
762,881,119,0.119,3.880273341948737e-06
782,891,109,0.109,6.249808675562462e-07
772,886,114,0.114,3.5145022339975184e-06
722,861,139,0.139,1.5749489343619416e-06
738,869,131,0.131,3.0172720453407466e-06
780,890,110,0.11,5.6054722870158e-07
838,919,81,0.081,1.2982507059575709e-06
734,867,133,0.133,1.7483087014227293e-06
756,878,122,0.122,9.114042439080095e-07
776,888,112,0.112,7.717515204461733e-07
742,871,129,0.129,9.514154919543216e-07
748,874,126,0.126,8.633805584423726e-07
798,899,101,0.101,5.417454928249299e-07
766,883,117,0.117,6.145429219515108e-07
782,891,109,0.109,3.5818645161498355e-06
694,847,153,0.153,1.5071940039774744e-06
772,886,114,0.114,8.438089856355191e-07
790,895,105,0.105,1.8400436024279542e-06
780,890,110,0.11,1.787221761787805e-06
732,866,134,0.134,3.40421613776698e-06
812,906,94,0.094,8.871863635704357e-07
718,859,141,0.141,2.3261066255315655e-06
792,896,104,0.104,1.7334997591973433e-06
792,896,104,0.104,2.2816371026976866e-06
752,876,124,0.124,1.2813019077242415e-06
762,881,119,0.119,3.5395793028669688e-06
756,878,122,0.122,1.0398907366493404e-06
758,879,121,0.121,1.5083569103779838e-06
652,826,174,0.174,3.478911782366367e-06
752,876,124,0.124,1.026105072767791e-06
760,880,120,0.12,1.2407862692214166e-06
782,891,109,0.109,4.539608844496001e-06
810,905,95,0.095,8.188142297740342e-07
786,893,107,0.107,1.9021022654754915e-06
768,884,116,0.116,9.060122868476128e-07
814,907,93,0.093,2.2203496770458743e-06
746,873,127,0.127,9.64246921313361e-07
788,894,106,0.106,1.683368581879563e-06
766,883,117,0.117,1.6811901543860585e-06
690,845,155,0.155,5.7809639584007755e-06
748,874,126,0.126,1.6169989296059839e-06
766,883,117,0.117,2.7887736233651593e-06
778,889,111,0.111,4.9712191271993335e-06
816,908,92,0.092,1.2409886005002591e-06
744,872,128,0.128,3.7602898557764776e-06
766,883,117,0.117,1.1610835886273208e-06
690,845,155,0.155,2.863480042563538e-06
730,865,135,0.135,2.0362197085432852e-06
748,874,126,0.126,2.3160078386297302e-06
762,881,119,0.119,1.1230517631730663e-06
834,917,83,0.083,3.3446090036051147e-06
764,882,118,0.118,1.510228023832383e-06
796,898,102,0.102,1.8604019019505813e-06
808,904,96,0.096,9.44260223349147e-07
734,867,133,0.133,7.049931022464762e-07
782,891,109,0.109,2.034958068335868e-06
800,900,100,0.1,2.4097964880809287e-06
742,871,129,0.129,6.5084314947228e-07
792,896,104,0.104,6.748942463730145e-07
766,883,117,0.117,8.982727091080278e-07
768,884,116,0.116,4.699873749274275e-07
762,881,119,0.119,4.7396758510842575e-07
790,895,105,0.105,2.140229371789815e-06
800,900,100,0.1,2.3643881919923616e-06
812,906,94,0.094,1.4923766392769266e-06
772,886,114,0.114,9.521699408452377e-07
750,875,125,0.125,7.904500831159567e-07
796,898,102,0.102,1.2893767999173633e-06
790,895,105,0.105,4.654161201926854e-07
752,876,124,0.124,5.451294024680919e-07
744,872,128,0.128,1.8683147752369677e-06
762,881,119,0.119,1.7014028434374495e-06
778,889,111,0.111,2.1741024628880724e-06
802,901,99,0.099,2.7370107389259603e-06
790,895,105,0.105,1.4852483113543257e-06
760,880,120,0.12,9.618409110743188e-07
814,907,93,0.093,1.1571122989977312e-06
782,891,109,0.109,1.5367793683935814e-06
800,900,100,0.1,1.7054139571115457e-06
714,857,143,0.143,1.461154056585201e-06
752,876,124,0.124,4.489172822019328e-06
750,875,125,0.125,1.8234985831355744e-06
802,901,99,0.099,1.639524179097407e-06
784,892,108,0.108,1.4361117269459101e-06
782,891,109,0.109,2.198951101206603e-06
756,878,122,0.122,1.4013831730324e-06
786,893,107,0.107,8.668059341516709e-07
782,891,109,0.109,1.6367709464759628e-06
792,896,104,0.104,8.262568502459544e-07
756,878,122,0.122,2.622330301619513e-06
828,914,86,0.086,5.623571418169604e-07
734,867,133,0.133,6.784928795724455e-07
770,885,115,0.115,7.492900047196826e-07
764,882,118,0.118,3.205689102770748e-06
730,865,135,0.135,2.479143371857617e-06
726,863,137,0.137,3.4118642606415506e-06
774,887,113,0.113,1.0001427516215245e-06
762,881,119,0.119,7.414964388914314e-07
750,875,125,0.125,4.113101622863269e-06
760,880,120,0.12,3.861914922353549e-06
764,882,118,0.118,1.0355840161651032e-06
838,919,81,0.081,2.075954887018838e-06
768,884,116,0.116,2.333861814790339e-06
758,879,121,0.121,5.505563152965465e-06
798,899,101,0.101,1.9500875707620935e-06
768,884,116,0.116,3.981466751824314e-06
750,875,125,0.125,2.0241233881819198e-06
774,887,113,0.113,6.301141391134024e-07
736,868,132,0.132,7.869978052639226e-07
768,884,116,0.116,9.501637750162218e-07
776,888,112,0.112,7.722729462784627e-07
808,904,96,0.096,6.596225002084566e-07
704,852,148,0.148,1.7961529239016728e-06
802,901,99,0.099,1.3151083795293061e-06
720,860,140,0.14,7.314899986027967e-06
768,884,116,0.116,2.4419765588419295e-06
660,830,170,0.17,4.980205487598255e-06
782,891,109,0.109,2.6311159671195126e-06
772,886,114,0.114,1.0923787793757357e-06
822,911,89,0.089,4.885732473098869e-07
790,895,105,0.105,2.3774768809943223e-06
802,901,99,0.099,9.264714962711196e-07
774,887,113,0.113,2.565048283784677e-06
772,886,114,0.114,2.2714265797674215e-06
758,879,121,0.121,1.9903478501532845e-06
776,888,112,0.112,1.67689147275496e-06
782,891,109,0.109,3.2440827316690956e-06
748,874,126,0.126,1.9863083722526655e-06
760,880,120,0.12,7.018209791311847e-07
766,883,117,0.117,1.2157261265457465e-06
764,882,118,0.118,3.542532736986459e-07
772,886,114,0.114,6.912969856927021e-07
758,879,121,0.121,1.6128072105914271e-06
760,880,120,0.12,1.0612793410302857e-06
696,848,152,0.152,1.3247159094333937e-06
820,910,90,0.09,8.985607501585946e-07
788,894,106,0.106,1.775900290994059e-06
774,887,113,0.113,1.2418246869145833e-06
804,902,98,0.098,9.828101681961243e-07
812,906,94,0.094,1.4151537167634842e-06
738,869,131,0.131,5.887942850222316e-07
780,890,110,0.11,8.362900235425741e-07
746,873,127,0.127,7.306588908022605e-07
800,900,100,0.1,6.92119406366487e-07
744,872,128,0.128,7.894569529725004e-07
754,877,123,0.123,1.8108518047341704e-06
752,876,124,0.124,5.535381136212436e-07
708,854,146,0.146,2.0162967926324883e-06
830,915,85,0.085,4.0470100542222555e-07
742,871,129,0.129,3.5652997143102995e-06
788,894,106,0.106,3.1218372139818485e-06
764,882,118,0.118,9.041867529901993e-07
746,873,127,0.127,2.11560970200253e-06
760,880,120,0.12,4.611763572455629e-06
750,875,125,0.125,2.97600395386155e-06
734,867,133,0.133,1.6922105018579715e-06
790,895,105,0.105,5.299759771020263e-07
780,890,110,0.11,1.2663156773271566e-06
770,885,115,0.115,2.654791603035278e-06
820,910,90,0.09,4.447817354957806e-07
770,885,115,0.115,1.05597630208365e-06
750,875,125,0.125,2.574366799464656e-06
724,862,138,0.138,3.171661449499652e-06
790,895,105,0.105,1.0767243897333855e-06
774,887,113,0.113,7.834303980018831e-07
760,880,120,0.12,5.596732308816854e-07
702,851,149,0.149,3.498005172048124e-06
724,862,138,0.138,9.089380740050502e-07
778,889,111,0.111,2.704009044890654e-06
822,911,89,0.089,3.6569379143713833e-07
768,884,116,0.116,8.793915106224404e-07
734,867,133,0.133,2.2319306548297393e-06
766,883,117,0.117,1.3566493615400077e-06
770,885,115,0.115,1.0465526575984541e-06
794,897,103,0.103,1.9533025779452374e-06
770,885,115,0.115,1.9895978638970748e-06
788,894,106,0.106,6.789074645894289e-07
804,902,98,0.098,1.4450951238842435e-06
718,859,141,0.141,1.975843364135699e-06
734,867,133,0.133,2.738966145201971e-06
780,890,110,0.11,2.004941878681166e-06
792,896,104,0.104,1.0670545920987706e-06
792,896,104,0.104,9.712893479871808e-07
720,860,140,0.14,6.571869503062544e-07
766,883,117,0.117,1.3907725454913589e-06
806,903,97,0.097,2.377116264653978e-06
774,887,113,0.113,4.505628132577044e-06
742,871,129,0.129,1.1591321196249282e-06
744,872,128,0.128,2.5347569249305477e-06
774,887,113,0.113,9.182532296279078e-07
784,892,108,0.108,1.3036183278245516e-06
730,865,135,0.135,2.5000130743251247e-06
770,885,115,0.115,1.2592711758117048e-06
754,877,123,0.123,1.0715122156170764e-06
734,867,133,0.133,6.663786865885867e-07
814,907,93,0.093,1.3912187605313876e-06
722,861,139,0.139,1.9797372786456434e-06
740,870,130,0.13,6.458918297767013e-07
734,867,133,0.133,1.7873163734662967e-06
754,877,123,0.123,6.058419849210849e-07
756,878,122,0.122,1.0169888435598295e-06
780,890,110,0.11,4.362198920659921e-07
732,866,134,0.134,2.7405283942840696e-06
714,857,143,0.143,1.3408932765202052e-06
684,842,158,0.158,3.555577869647664e-06
726,863,137,0.137,2.488710083568435e-06
704,852,148,0.148,3.959238183355751e-06
756,878,122,0.122,1.561867563353303e-06
768,884,116,0.116,2.4579877319723664e-06
836,918,82,0.082,5.728644648854697e-07
738,869,131,0.131,3.5003410540781488e-06
762,881,119,0.119,3.319250200988222e-06
764,882,118,0.118,3.5330012294991777e-06
694,847,153,0.153,3.6043347866439036e-06
714,857,143,0.143,2.8675366962147565e-06
730,865,135,0.135,1.058445637951877e-06
772,886,114,0.114,1.5982089992263583e-06
766,883,117,0.117,1.2358676035262307e-06
770,885,115,0.115,1.5081083727181976e-06
794,897,103,0.103,7.626788003278762e-07
782,891,109,0.109,1.6528479608268752e-06
804,902,98,0.098,5.865514129368421e-07
770,885,115,0.115,3.5257541824620376e-06
742,871,129,0.129,6.991351159655323e-07
792,896,104,0.104,1.3979697334889352e-06
674,837,163,0.163,3.261721548980745e-06
770,885,115,0.115,7.843539205794059e-07
768,884,116,0.116,3.585153388982576e-06
740,870,130,0.13,1.0600918450904828e-06
736,868,132,0.132,2.430537805309996e-06
760,880,120,0.12,1.229503273350474e-06
748,874,126,0.126,2.9302612425112783e-06
690,845,155,0.155,1.5233719628753307e-06
722,861,139,0.139,1.0410620651128966e-06
744,872,128,0.128,1.7091680492455908e-06
760,880,120,0.12,1.3948683014746166e-06
780,890,110,0.11,8.04203597851938e-07
732,866,134,0.134,2.829250201330069e-06
732,866,134,0.134,3.667475254488295e-06
768,884,116,0.116,8.04300655815382e-07
738,869,131,0.131,1.4388021752438363e-06
794,897,103,0.103,4.990928943016116e-07
816,908,92,0.092,3.1722744765261267e-07
802,901,99,0.099,1.3733335448193885e-06
744,872,128,0.128,8.411983085068187e-07
796,898,102,0.102,9.532394945495071e-07
742,871,129,0.129,9.247702486305798e-07
738,869,131,0.131,1.0111854065542047e-06
756,878,122,0.122,2.4045966583514655e-06
690,845,155,0.155,4.5222818802983515e-06
686,843,157,0.157,1.8461893358505676e-06
772,886,114,0.114,9.762637187691326e-07
780,890,110,0.11,1.0700435832120546e-06
820,910,90,0.09,8.113726317731107e-07
722,861,139,0.139,1.6235195110283484e-06
734,867,133,0.133,4.369027888898813e-06
732,866,134,0.134,1.4357981921762075e-06
808,904,96,0.096,2.7144952104549704e-06
800,900,100,0.1,1.4118368301581086e-06
726,863,137,0.137,3.1059305191831756e-06
824,912,88,0.088,1.1504008643186125e-06
742,871,129,0.129,1.6700796715127808e-06
762,881,119,0.119,1.7365768423616145e-06
796,898,102,0.102,1.2562282374517508e-06
818,909,91,0.091,3.6220918961191727e-06
726,863,137,0.137,2.2828646777384165e-06
744,872,128,0.128,6.63522640607539e-07
752,876,124,0.124,8.272065566075071e-07
802,901,99,0.099,2.5959842152474266e-06
746,873,127,0.127,1.957918322815999e-06
832,916,84,0.084,7.179231784135709e-07
750,875,125,0.125,9.545084959938777e-07
800,900,100,0.1,4.919297317229621e-07
738,869,131,0.131,8.581669651164248e-07
778,889,111,0.111,1.5069660508970628e-06
782,891,109,0.109,7.587750293822637e-07
744,872,128,0.128,2.1231697193258013e-06
692,846,154,0.154,1.775157895110624e-06
726,863,137,0.137,9.982115827256166e-07
792,896,104,0.104,9.51452051083379e-07
738,869,131,0.131,1.063624680199382e-06
696,848,152,0.152,9.611516616843119e-07
796,898,102,0.102,1.5007353970304392e-06
746,873,127,0.127,6.557344514135366e-07
794,897,103,0.103,5.877116674923854e-07
802,901,99,0.099,5.306161999243386e-07
744,872,128,0.128,3.611266731823548e-06
658,829,171,0.171,2.062239676348554e-06
822,911,89,0.089,1.6608236667536858e-06
770,885,115,0.115,9.83253681027918e-07
784,892,108,0.108,1.225379574449903e-06
772,886,114,0.114,2.823734889332741e-06
748,874,126,0.126,2.3688212212107374e-06
760,880,120,0.12,1.6572394065121898e-06
738,869,131,0.131,2.5205957496012843e-06
778,889,111,0.111,2.439148266404345e-06
724,862,138,0.138,2.3651484657989384e-06
770,885,115,0.115,1.1249279230014507e-06
706,853,147,0.147,1.9770474780642643e-06
706,853,147,0.147,2.542654459958271e-06
824,912,88,0.088,1.0843529484674264e-06
710,855,145,0.145,2.21873818324525e-06
782,891,109,0.109,1.8780777715363684e-06
754,877,123,0.123,5.412525119609768e-06
772,886,114,0.114,1.2539911493973933e-06
774,887,113,0.113,9.119618375734718e-07
796,898,102,0.102,2.5857057543987594e-06
782,891,109,0.109,7.480331435232302e-07
780,890,110,0.11,1.5054169280119821e-06
786,893,107,0.107,5.862185960125998e-07
742,871,129,0.129,2.7691777593048527e-06
746,873,127,0.127,1.533351213240053e-06
706,853,147,0.147,1.0701683005009954e-06
784,892,108,0.108,1.9597191395206438e-06
782,891,109,0.109,4.878065792013331e-07
728,864,136,0.136,1.7305064245363156e-06
790,895,105,0.105,9.034865968828854e-07
726,863,137,0.137,6.934481060056896e-07
720,860,140,0.14,1.763870800289169e-06
766,883,117,0.117,8.025319180404722e-07
756,878,122,0.122,1.9071545702189496e-06
798,899,101,0.101,6.332734306369047e-07
712,856,144,0.144,1.642546650288068e-06
758,879,121,0.121,4.741210221794745e-07
804,902,98,0.098,6.891016412566841e-07
762,881,119,0.119,1.3852806133058947e-06
814,907,93,0.093,8.100688358467778e-07
810,905,95,0.095,1.1665818838650921e-06
768,884,116,0.116,2.1052494608966297e-06
716,858,142,0.142,2.736355135553481e-06
816,908,92,0.092,3.656705438146446e-07
780,890,110,0.11,6.272259847861506e-07
762,881,119,0.119,1.108865116705715e-06
782,891,109,0.109,4.271141936129652e-07
762,881,119,0.119,6.444441370518916e-07
740,870,130,0.13,1.2598475907310558e-06
702,851,149,0.149,1.4482961276769403e-06
724,862,138,0.138,1.7463355836468963e-06
742,871,129,0.129,1.111393009281869e-06
836,918,82,0.082,1.8061812371286124e-06
762,881,119,0.119,2.013158404196247e-06
744,872,128,0.128,2.5578101961087896e-06
768,884,116,0.116,8.153521029470312e-07
760,880,120,0.12,1.0623082462046796e-06
768,884,116,0.116,1.470197793139505e-06
770,885,115,0.115,1.6853673200785124e-06
772,886,114,0.114,5.221716872654269e-07
850,925,75,0.075,3.7370348047716107e-07
792,896,104,0.104,5.911080041869355e-07
718,859,141,0.141,1.1789677039502068e-06
794,897,103,0.103,6.107332236808816e-07
702,851,149,0.149,2.0388514721361163e-06
752,876,124,0.124,7.128307966866032e-07
764,882,118,0.118,9.892707290362069e-07
702,851,149,0.149,2.142157989368343e-06
778,889,111,0.111,4.32583919163676e-07
798,899,101,0.101,7.292370457605557e-07
724,862,138,0.138,3.4324097039757363e-06
770,885,115,0.115,1.242295789580794e-06
762,881,119,0.119,1.2187422456264585e-06
820,910,90,0.09,1.7211968694397229e-06
728,864,136,0.136,1.3500372163406382e-06
810,905,95,0.095,1.06513010581466e-06
732,866,134,0.134,3.5018144110949833e-06
692,846,154,0.154,2.201793607497393e-06
804,902,98,0.098,2.47425564525372e-06
734,867,133,0.133,2.2836457517740883e-06
770,885,115,0.115,8.610714084227311e-07
766,883,117,0.117,1.323492230326906e-06
750,875,125,0.125,1.6484281605073647e-06
726,863,137,0.137,1.912280600905092e-06
762,881,119,0.119,7.11360427644081e-07
784,892,108,0.108,6.185558175246797e-07
768,884,116,0.116,1.49145905027126e-06
772,886,114,0.114,5.384606047726947e-07
740,870,130,0.13,1.7995847002225673e-06
782,891,109,0.109,1.0775461256002927e-06
720,860,140,0.14,1.4642767795010058e-06
784,892,108,0.108,2.2995429314249803e-06
784,892,108,0.108,5.811257265264658e-07
824,912,88,0.088,9.028429276582984e-07
788,894,106,0.106,1.5447409383853029e-06
724,862,138,0.138,1.5325830043764199e-06
702,851,149,0.149,1.8813962894057568e-06
772,886,114,0.114,9.237858924535658e-07
734,867,133,0.133,2.6891763472463027e-06
766,883,117,0.117,1.4315792286936357e-06
758,879,121,0.121,1.1097839267648624e-06
744,872,128,0.128,2.3624005473124044e-06
768,884,116,0.116,1.1393671369432924e-06
720,860,140,0.14,1.3654624582954966e-06
790,895,105,0.105,1.8639977133574347e-06
740,870,130,0.13,3.0607143759908697e-06
772,886,114,0.114,4.6761780232884574e-07
754,877,123,0.123,8.426130056164993e-07
800,900,100,0.1,1.5532754882343624e-06
782,891,109,0.109,4.180058313494328e-07
716,858,142,0.142,1.7800084649479687e-06
716,858,142,0.142,1.5555708609724662e-06
812,906,94,0.094,1.3079866881327006e-06
806,903,97,0.097,9.386405768765371e-07
728,864,136,0.136,2.223086592280765e-06
724,862,138,0.138,7.6975530856771e-07
834,917,83,0.083,8.072433065962059e-07
780,890,110,0.11,1.1798837111740568e-06
760,880,120,0.12,6.747676805929359e-07
686,843,157,0.157,1.2679839870344268e-06
750,875,125,0.125,1.4719402901164358e-06
732,866,134,0.134,1.2315575112182841e-06
724,862,138,0.138,7.859426905554301e-07
788,894,106,0.106,7.11962339295269e-07
818,909,91,0.091,3.895898519772345e-07
764,882,118,0.118,9.248643851833549e-07
722,861,139,0.139,1.4517176267929698e-06
798,899,101,0.101,9.505954196384892e-07
758,879,121,0.121,9.581521929504787e-07
720,860,140,0.14,6.853374855069206e-07
786,893,107,0.107,1.3449496090771618e-06
778,889,111,0.111,8.847125634048325e-07
710,855,145,0.145,6.511056945299742e-07
692,846,154,0.154,1.0882053672389701e-06
764,882,118,0.118,1.6022893164517882e-06
758,879,121,0.121,1.2295330892015954e-06
760,880,120,0.12,7.086699821456932e-07
788,894,106,0.106,1.063764405728307e-06
778,889,111,0.111,1.3925917621406824e-06
790,895,105,0.105,7.448984719786722e-07
792,896,104,0.104,6.907414198451534e-07
762,881,119,0.119,1.47791633014549e-06
850,925,75,0.075,4.1823025183873596e-07
828,914,86,0.086,1.4864145176147758e-06
768,884,116,0.116,8.773471898422258e-07
808,904,96,0.096,1.7193202160541433e-06
752,876,124,0.124,7.457687665635148e-07
770,885,115,0.115,1.0629182190768915e-06
776,888,112,0.112,2.1013439870927185e-06
788,894,106,0.106,5.720992827349392e-07
766,883,117,0.117,9.223606972454945e-07
692,846,154,0.154,1.4032887730195398e-06
688,844,156,0.156,1.044416066591225e-06
818,909,91,0.091,9.6231535000868e-07
788,894,106,0.106,9.671887764426401e-07
796,898,102,0.102,9.043509406865269e-07
786,893,107,0.107,7.116905083961455e-07
758,879,121,0.121,8.950012219628434e-07
764,882,118,0.118,1.350135169218447e-06
736,868,132,0.132,9.885471682054003e-07
726,863,137,0.137,7.675268012405923e-07
774,887,113,0.113,1.6145355621830504e-06
742,871,129,0.129,4.46259525944015e-07
760,880,120,0.12,6.078014940413823e-07
832,916,84,0.084,9.430668259113873e-07
802,901,99,0.099,2.0666157136446374e-06
826,913,87,0.087,6.548697510311285e-07
784,892,108,0.108,1.4487856037419534e-06
726,863,137,0.137,2.499274306146049e-06
764,882,118,0.118,4.568735184790285e-06
754,877,123,0.123,1.263156932125753e-06
750,875,125,0.125,1.538569638825038e-06
782,891,109,0.109,1.5544554494937302e-06
758,879,121,0.121,1.309715470796391e-06
750,875,125,0.125,9.893788848245322e-07
800,900,100,0.1,9.814816680489003e-07
754,877,123,0.123,1.5265008036351447e-06
756,878,122,0.122,6.659754854396738e-06
722,861,139,0.139,6.543118239363821e-07
720,860,140,0.14,1.6588288868746304e-06
720,860,140,0.14,1.1932341330407327e-06
804,902,98,0.098,2.0597492081861903e-06
746,873,127,0.127,1.1462726379249944e-06
792,896,104,0.104,8.410705247854366e-07
762,881,119,0.119,1.1231737788790496e-06
774,887,113,0.113,1.9896883020180667e-06
744,872,128,0.128,3.5920367410966493e-06
800,900,100,0.1,1.047357253284531e-06
798,899,101,0.101,1.1422102726470485e-06
774,887,113,0.113,9.594588883032884e-07
764,882,118,0.118,8.545779420217059e-07
742,871,129,0.129,8.755699842879494e-07
742,871,129,0.129,8.62476527586864e-07
730,865,135,0.135,2.0876716066169365e-06
788,894,106,0.106,5.888304661851862e-07
756,878,122,0.122,2.661909697593501e-06
740,870,130,0.13,1.3178633041945887e-06
792,896,104,0.104,6.65956043803817e-07
772,886,114,0.114,1.1508641277799825e-06
718,859,141,0.141,5.419315960040194e-07
704,852,148,0.148,2.1312410505487377e-06
772,886,114,0.114,1.0112624725024944e-06
750,875,125,0.125,2.135004717274569e-06
838,919,81,0.081,9.290009995908122e-07
752,876,124,0.124,4.626881075040501e-07
778,889,111,0.111,1.9842776075904565e-06
762,881,119,0.119,1.0936563528076703e-06
794,897,103,0.103,1.8619886328394842e-06
766,883,117,0.117,5.814281782221542e-07
728,864,136,0.136,1.3348079947661518e-06
752,876,124,0.124,1.1259903365470336e-06
732,866,134,0.134,2.0454442129533845e-06
778,889,111,0.111,9.03978069956679e-07
774,887,113,0.113,1.0223953277659349e-06
744,872,128,0.128,9.700893655235632e-07
732,866,134,0.134,4.554523158049051e-07
774,887,113,0.113,1.1802106066625128e-06
798,899,101,0.101,5.206436578788498e-07
694,847,153,0.153,1.640585858510235e-06
744,872,128,0.128,1.3107189508758665e-06
808,904,96,0.096,3.6459300488900227e-07
778,889,111,0.111,1.1020126439404975e-06
790,895,105,0.105,1.0273183260807172e-06
774,887,113,0.113,1.2612708607662172e-06
750,875,125,0.125,2.106684421349314e-06
848,924,76,0.076,1.137031183390036e-06
812,906,94,0.094,3.014543349522114e-06
746,873,127,0.127,1.8872740860444992e-06
776,888,112,0.112,2.6562319468013128e-06
762,881,119,0.119,4.6643998678064233e-07
776,888,112,0.112,1.6198456377480853e-06
754,877,123,0.123,5.72028496975463e-07
764,882,118,0.118,1.585399878351268e-06
798,899,101,0.101,4.6771398773159946e-07
764,882,118,0.118,6.008298254442935e-07
718,859,141,0.141,5.795341159569034e-07
804,902,98,0.098,2.586633771528568e-07
764,882,118,0.118,7.277514793599948e-07
766,883,117,0.117,5.541148672563168e-07
740,870,130,0.13,1.5333951541265378e-06
736,868,132,0.132,4.3683625884227693e-07
792,896,104,0.104,6.651344556303229e-07
778,889,111,0.111,1.3071083568121366e-06
762,881,119,0.119,8.618620509537322e-07
760,880,120,0.12,1.0362943574051542e-06
768,884,116,0.116,1.218493532135767e-06
830,915,85,0.085,2.860822695396337e-07
764,882,118,0.118,5.44636566573331e-07
770,885,115,0.115,1.1290008398532335e-06
738,869,131,0.131,5.152136032364751e-07
778,889,111,0.111,7.170713152220287e-07
830,915,85,0.085,4.1234535375167524e-07
728,864,136,0.136,1.384325115012075e-06
768,884,116,0.116,7.285651214203881e-07
772,886,114,0.114,7.299803391163095e-07
768,884,116,0.116,3.0780264087582056e-07
776,888,112,0.112,1.5731316983647049e-06
780,890,110,0.11,1.229107289233866e-06
824,912,88,0.088,7.349025379141949e-07
754,877,123,0.123,3.5317334993578697e-07
780,890,110,0.11,4.3995169919242014e-07
762,881,119,0.119,1.139692316129981e-06
732,866,134,0.134,1.3773231873841496e-06
830,915,85,0.085,6.297887878758957e-07
750,875,125,0.125,1.4534423217753556e-06
804,902,98,0.098,6.752757078913874e-07
758,879,121,0.121,1.1604099931901147e-06
776,888,112,0.112,5.344199757075785e-07
766,883,117,0.117,4.616339633543021e-07
774,887,113,0.113,9.707314801374878e-07
730,865,135,0.135,1.2553238020274193e-06
762,881,119,0.119,5.033281677384593e-07
730,865,135,0.135,7.349430195660034e-07
788,894,106,0.106,8.648286385835036e-07
792,896,104,0.104,5.53452486911965e-07
712,856,144,0.144,1.8990320461114153e-06
792,896,104,0.104,6.812578631922861e-07
752,876,124,0.124,5.685320859640796e-07
744,872,128,0.128,1.2317113035749116e-06
786,893,107,0.107,1.4338216745670706e-06
730,865,135,0.135,5.007802328975685e-07
784,892,108,0.108,4.6339185379906666e-07
774,887,113,0.113,8.718308784665397e-07
736,868,132,0.132,6.178297051064874e-07
774,887,113,0.113,3.8485621278994133e-07
774,887,113,0.113,1.2760453831646146e-06
