log_avg_ept_score,log_avg_succ_req,log_avg_blk_req,log_avg_BP_req,log_avg_entropy
784,892,108,0.108,0
768,884,116,0.116,0
752,876,124,0.124,0
718,859,141,0.141,0
720,860,140,0.14,0
724,862,138,0.138,0
674,837,163,0.163,0
704,852,148,0.148,0
744,872,128,0.128,0
742,871,129,0.129,0
742,871,129,0.129,0
742,871,129,0.129,0
742,871,129,0.129,0
714,857,143,0.143,0
734,867,133,0.133,0
656,828,172,0.172,0
820,910,90,0.09,0
734,867,133,0.133,0
752,876,124,0.124,0
820,910,90,0.09,0
706,853,147,0.147,0
736,868,132,0.132,0
746,873,127,0.127,0
722,861,139,0.139,0
766,883,117,0.117,0
746,873,127,0.127,0
732,866,134,0.134,0
764,882,118,0.118,0
790,895,105,0.105,0
730,865,135,0.135,0
722,861,139,0.139,0
730,865,135,0.135,0
734,867,133,0.133,0
708,854,146,0.146,0
744,872,128,0.128,0
698,849,151,0.151,0
704,852,148,0.148,0
762,881,119,0.119,0
656,828,172,0.172,0
732,866,134,0.134,0
690,845,155,0.155,0
726,863,137,0.137,0
730,865,135,0.135,0
776,888,112,0.112,0
718,859,141,0.141,0
798,899,101,0.101,0
758,879,121,0.121,0
722,861,139,0.139,0
686,843,157,0.157,0
742,871,129,0.129,0
760,880,120,0.12,0
706,853,147,0.147,0
766,883,117,0.117,0
716,858,142,0.142,0
760,880,120,0.12,0
708,854,146,0.146,0
732,866,134,0.134,0
766,883,117,0.117,0
760,880,120,0.12,0
736,868,132,0.132,0
756,878,122,0.122,0
796,898,102,0.102,0
710,855,145,0.145,0
756,878,122,0.122,0
780,890,110,0.11,0
764,882,118,0.118,0
736,868,132,0.132,0
734,867,133,0.133,0
668,834,166,0.166,0
728,864,136,0.136,0
748,874,126,0.126,0
780,890,110,0.11,0
728,864,136,0.136,0
722,861,139,0.139,0
738,869,131,0.131,0
758,879,121,0.121,0
688,844,156,0.156,0
672,836,164,0.164,0
740,870,130,0.13,0
746,873,127,0.127,0
764,882,118,0.118,0
754,877,123,0.123,0
722,861,139,0.139,0
734,867,133,0.133,0
758,879,121,0.121,0
724,862,138,0.138,0
716,858,142,0.142,0
772,886,114,0.114,0
704,852,148,0.148,0
720,860,140,0.14,0
736,868,132,0.132,0
700,850,150,0.15,0
700,850,150,0.15,0
728,864,136,0.136,0
726,863,137,0.137,0
790,895,105,0.105,0
714,857,143,0.143,0
738,869,131,0.131,0
716,858,142,0.142,0
772,886,114,0.114,0
758,879,121,0.121,0
714,857,143,0.143,0
660,830,170,0.17,0
678,839,161,0.161,0
754,877,123,0.123,0
764,882,118,0.118,0
796,898,102,0.102,0
744,872,128,0.128,0
686,843,157,0.157,0
668,834,166,0.166,0
702,851,149,0.149,0
748,874,126,0.126,0
726,863,137,0.137,0
680,840,160,0.16,0
714,857,143,0.143,0
720,860,140,0.14,0
692,846,154,0.154,0
708,854,146,0.146,0
760,880,120,0.12,0
746,873,127,0.127,0
780,890,110,0.11,0
732,866,134,0.134,0
698,849,151,0.151,0
682,841,159,0.159,0
710,855,145,0.145,0
722,861,139,0.139,0
706,853,147,0.147,0
736,868,132,0.132,0
720,860,140,0.14,0
738,869,131,0.131,0
762,881,119,0.119,0
736,868,132,0.132,0
756,878,122,0.122,0
732,866,134,0.134,0
728,864,136,0.136,0
704,852,148,0.148,0
710,855,145,0.145,0
674,837,163,0.163,0
734,867,133,0.133,0
764,882,118,0.118,0
708,854,146,0.146,0
742,871,129,0.129,0
692,846,154,0.154,0
736,868,132,0.132,0
718,859,141,0.141,0
774,887,113,0.113,0
828,914,86,0.086,0
744,872,128,0.128,0
684,842,158,0.158,0
736,868,132,0.132,0
726,863,137,0.137,0
854,927,73,0.073,0
746,873,127,0.127,0
708,854,146,0.146,0
726,863,137,0.137,0
748,874,126,0.126,0
682,841,159,0.159,0
722,861,139,0.139,0
734,867,133,0.133,0
732,866,134,0.134,0
694,847,153,0.153,0
774,887,113,0.113,0
718,859,141,0.141,0
692,846,154,0.154,0
788,894,106,0.106,0
712,856,144,0.144,0
752,876,124,0.124,0
726,863,137,0.137,0
726,863,137,0.137,0
774,887,113,0.113,0
722,861,139,0.139,0
778,889,111,0.111,0
728,864,136,0.136,0
680,840,160,0.16,0
726,863,137,0.137,0
676,838,162,0.162,0
760,880,120,0.12,0
726,863,137,0.137,0
676,838,162,0.162,0
686,843,157,0.157,0
694,847,153,0.153,0
728,864,136,0.136,0
774,887,113,0.113,0
774,887,113,0.113,0
700,850,150,0.15,0
742,871,129,0.129,0
718,859,141,0.141,0
678,839,161,0.161,0
742,871,129,0.129,0
706,853,147,0.147,0
702,851,149,0.149,0
736,868,132,0.132,0
750,875,125,0.125,0
724,862,138,0.138,0
682,841,159,0.159,0
738,869,131,0.131,0
778,889,111,0.111,0
710,855,145,0.145,0
764,882,118,0.118,0
720,860,140,0.14,0
778,889,111,0.111,0
748,874,126,0.126,0
698,849,151,0.151,0
742,871,129,0.129,0
708,854,146,0.146,0
760,880,120,0.12,0
712,856,144,0.144,0
728,864,136,0.136,0
766,883,117,0.117,0
762,881,119,0.119,0
774,887,113,0.113,0
782,891,109,0.109,0
704,852,148,0.148,0
738,869,131,0.131,0
754,877,123,0.123,0
688,844,156,0.156,0
708,854,146,0.146,0
750,875,125,0.125,0
698,849,151,0.151,0
730,865,135,0.135,0
756,878,122,0.122,0
738,869,131,0.131,0
684,842,158,0.158,0
722,861,139,0.139,0
762,881,119,0.119,0
726,863,137,0.137,0
728,864,136,0.136,0
784,892,108,0.108,0
690,845,155,0.155,0
678,839,161,0.161,0
744,872,128,0.128,0
702,851,149,0.149,0
748,874,126,0.126,0
690,845,155,0.155,0
720,860,140,0.14,0
708,854,146,0.146,0
746,873,127,0.127,0
668,834,166,0.166,0
702,851,149,0.149,0
688,844,156,0.156,0
786,893,107,0.107,0
696,848,152,0.152,0
720,860,140,0.14,0
700,850,150,0.15,0
794,897,103,0.103,0
734,867,133,0.133,0
728,864,136,0.136,0
756,878,122,0.122,0
752,876,124,0.124,0
696,848,152,0.152,0
728,864,136,0.136,0
780,890,110,0.11,0
736,868,132,0.132,0
740,870,130,0.13,0
766,883,117,0.117,0
744,872,128,0.128,0
730,865,135,0.135,0
696,848,152,0.152,0
708,854,146,0.146,0
760,880,120,0.12,0
680,840,160,0.16,0
734,867,133,0.133,0
754,877,123,0.123,0
728,864,136,0.136,0
714,857,143,0.143,0
728,864,136,0.136,0
756,878,122,0.122,0
758,879,121,0.121,0
704,852,148,0.148,0
714,857,143,0.143,0
716,858,142,0.142,0
742,871,129,0.129,0
696,848,152,0.152,0
728,864,136,0.136,0
740,870,130,0.13,0
722,861,139,0.139,0
760,880,120,0.12,0
804,902,98,0.098,0
720,860,140,0.14,0
722,861,139,0.139,0
698,849,151,0.151,0
712,856,144,0.144,0
736,868,132,0.132,0
688,844,156,0.156,0
794,897,103,0.103,0
708,854,146,0.146,0
676,838,162,0.162,0
720,860,140,0.14,0
760,880,120,0.12,0
700,850,150,0.15,0
796,898,102,0.102,0
760,880,120,0.12,0
762,881,119,0.119,0
740,870,130,0.13,0
754,877,123,0.123,0
788,894,106,0.106,0
716,858,142,0.142,0
684,842,158,0.158,0
752,876,124,0.124,0
682,841,159,0.159,0
794,897,103,0.103,0
758,879,121,0.121,0
772,886,114,0.114,0
764,882,118,0.118,0
784,892,108,0.108,0
710,855,145,0.145,0
748,874,126,0.126,0
706,853,147,0.147,0
732,866,134,0.134,0
780,890,110,0.11,0
742,871,129,0.129,0
752,876,124,0.124,0
772,886,114,0.114,0
748,874,126,0.126,0
740,870,130,0.13,0
738,869,131,0.131,0
738,869,131,0.131,0
760,880,120,0.12,0
750,875,125,0.125,0
742,871,129,0.129,0
740,870,130,0.13,0
704,852,148,0.148,0
750,875,125,0.125,0
742,871,129,0.129,0
742,871,129,0.129,0
808,904,96,0.096,0
688,844,156,0.156,0
706,853,147,0.147,0
752,876,124,0.124,0
722,861,139,0.139,0
744,872,128,0.128,0
648,824,176,0.176,0
752,876,124,0.124,0
742,871,129,0.129,0
728,864,136,0.136,0
712,856,144,0.144,0
732,866,134,0.134,0
676,838,162,0.162,0
692,846,154,0.154,0
712,856,144,0.144,0
740,870,130,0.13,0
702,851,149,0.149,0
694,847,153,0.153,0
746,873,127,0.127,0
726,863,137,0.137,0
714,857,143,0.143,0
696,848,152,0.152,0
744,872,128,0.128,0
744,872,128,0.128,0
830,915,85,0.085,0
746,873,127,0.127,0
752,876,124,0.124,0
718,859,141,0.141,0
704,852,148,0.148,0
772,886,114,0.114,0
716,858,142,0.142,0
746,873,127,0.127,0
742,871,129,0.129,0
774,887,113,0.113,0
734,867,133,0.133,0
776,888,112,0.112,0
758,879,121,0.121,0
736,868,132,0.132,0
746,873,127,0.127,0
768,884,116,0.116,0
742,871,129,0.129,0
702,851,149,0.149,0
796,898,102,0.102,0
708,854,146,0.146,0
722,861,139,0.139,0
736,868,132,0.132,0
750,875,125,0.125,0
718,859,141,0.141,0
776,888,112,0.112,0
730,865,135,0.135,0
770,885,115,0.115,0
720,860,140,0.14,0
732,866,134,0.134,0
716,858,142,0.142,0
756,878,122,0.122,0
714,857,143,0.143,0
742,871,129,0.129,0
762,881,119,0.119,0
734,867,133,0.133,0
712,856,144,0.144,0
766,883,117,0.117,0
726,863,137,0.137,0
748,874,126,0.126,0
652,826,174,0.174,0
738,869,131,0.131,0
730,865,135,0.135,0
706,853,147,0.147,0
694,847,153,0.153,0
684,842,158,0.158,0
658,829,171,0.171,0
692,846,154,0.154,0
742,871,129,0.129,0
734,867,133,0.133,0
722,861,139,0.139,0
748,874,126,0.126,0
778,889,111,0.111,0
772,886,114,0.114,0
766,883,117,0.117,0
718,859,141,0.141,0
688,844,156,0.156,0
692,846,154,0.154,0
740,870,130,0.13,0
738,869,131,0.131,0
760,880,120,0.12,0
770,885,115,0.115,0
708,854,146,0.146,0
814,907,93,0.093,0
742,871,129,0.129,0
704,852,148,0.148,0
752,876,124,0.124,0
762,881,119,0.119,0
776,888,112,0.112,0
714,857,143,0.143,0
746,873,127,0.127,0
750,875,125,0.125,0
738,869,131,0.131,0
680,840,160,0.16,0
720,860,140,0.14,0
674,837,163,0.163,0
720,860,140,0.14,0
740,870,130,0.13,0
650,825,175,0.175,0
770,885,115,0.115,0
722,861,139,0.139,0
732,866,134,0.134,0
714,857,143,0.143,0
704,852,148,0.148,0
716,858,142,0.142,0
762,881,119,0.119,0
768,884,116,0.116,0
742,871,129,0.129,0
714,857,143,0.143,0
748,874,126,0.126,0
718,859,141,0.141,0
726,863,137,0.137,0
740,870,130,0.13,0
704,852,148,0.148,0
730,865,135,0.135,0
764,882,118,0.118,0
764,882,118,0.118,0
750,875,125,0.125,0
716,858,142,0.142,0
766,883,117,0.117,0
720,860,140,0.14,0
656,828,172,0.172,0
752,876,124,0.124,0
774,887,113,0.113,0
702,851,149,0.149,0
686,843,157,0.157,0
710,855,145,0.145,0
722,861,139,0.139,0
734,867,133,0.133,0
748,874,126,0.126,0
764,882,118,0.118,0
712,856,144,0.144,0
738,869,131,0.131,0
758,879,121,0.121,0
706,853,147,0.147,0
734,867,133,0.133,0
740,870,130,0.13,0
744,872,128,0.128,0
808,904,96,0.096,0
748,874,126,0.126,0
710,855,145,0.145,0
690,845,155,0.155,0
718,859,141,0.141,0
730,865,135,0.135,0
748,874,126,0.126,0
730,865,135,0.135,0
694,847,153,0.153,0
750,875,125,0.125,0
762,881,119,0.119,0
802,901,99,0.099,0
722,861,139,0.139,0
722,861,139,0.139,0
752,876,124,0.124,0
722,861,139,0.139,0
710,855,145,0.145,0
708,854,146,0.146,0
684,842,158,0.158,0
742,871,129,0.129,0
752,876,124,0.124,0
770,885,115,0.115,0
732,866,134,0.134,0
772,886,114,0.114,0
736,868,132,0.132,0
722,861,139,0.139,0
742,871,129,0.129,0
720,860,140,0.14,0
718,859,141,0.141,0
718,859,141,0.141,0
718,859,141,0.141,0
692,846,154,0.154,0
742,871,129,0.129,0
750,875,125,0.125,0
692,846,154,0.154,0
740,870,130,0.13,0
722,861,139,0.139,0
712,856,144,0.144,0
750,875,125,0.125,0
744,872,128,0.128,0
762,881,119,0.119,0
736,868,132,0.132,0
718,859,141,0.141,0
686,843,157,0.157,0
666,833,167,0.167,0
776,888,112,0.112,0
800,900,100,0.1,0
678,839,161,0.161,0
772,886,114,0.114,0
736,868,132,0.132,0
768,884,116,0.116,0
692,846,154,0.154,0
766,883,117,0.117,0
714,857,143,0.143,0
722,861,139,0.139,0
772,886,114,0.114,0
752,876,124,0.124,0
780,890,110,0.11,0
730,865,135,0.135,0
740,870,130,0.13,0
746,873,127,0.127,0
768,884,116,0.116,0
728,864,136,0.136,0
690,845,155,0.155,0
674,837,163,0.163,0
696,848,152,0.152,0
684,842,158,0.158,0
770,885,115,0.115,0
668,834,166,0.166,0
764,882,118,0.118,0
764,882,118,0.118,0
744,872,128,0.128,0
742,871,129,0.129,0
768,884,116,0.116,0
718,859,141,0.141,0
734,867,133,0.133,0
698,849,151,0.151,0
710,855,145,0.145,0
742,871,129,0.129,0
712,856,144,0.144,0
728,864,136,0.136,0
742,871,129,0.129,0
664,832,168,0.168,0
708,854,146,0.146,0
750,875,125,0.125,0
684,842,158,0.158,0
728,864,136,0.136,0
778,889,111,0.111,0
730,865,135,0.135,0
760,880,120,0.12,0
724,862,138,0.138,0
732,866,134,0.134,0
708,854,146,0.146,0
670,835,165,0.165,0
726,863,137,0.137,0
754,877,123,0.123,0
670,835,165,0.165,0
814,907,93,0.093,0
720,860,140,0.14,0
726,863,137,0.137,0
766,883,117,0.117,0
766,883,117,0.117,0
738,869,131,0.131,0
722,861,139,0.139,0
738,869,131,0.131,0
736,868,132,0.132,0
744,872,128,0.128,0
728,864,136,0.136,0
756,878,122,0.122,0
724,862,138,0.138,0
706,853,147,0.147,0
700,850,150,0.15,0
734,867,133,0.133,0
736,868,132,0.132,0
728,864,136,0.136,0
696,848,152,0.152,0
686,843,157,0.157,0
752,876,124,0.124,0
758,879,121,0.121,0
764,882,118,0.118,0
702,851,149,0.149,0
756,878,122,0.122,0
714,857,143,0.143,0
742,871,129,0.129,0
716,858,142,0.142,0
678,839,161,0.161,0
752,876,124,0.124,0
750,875,125,0.125,0
730,865,135,0.135,0
802,901,99,0.099,0
706,853,147,0.147,0
758,879,121,0.121,0
726,863,137,0.137,0
708,854,146,0.146,0
718,859,141,0.141,0
730,865,135,0.135,0
720,860,140,0.14,0
698,849,151,0.151,0
744,872,128,0.128,0
724,862,138,0.138,0
786,893,107,0.107,0
734,867,133,0.133,0
744,872,128,0.128,0
724,862,138,0.138,0
696,848,152,0.152,0
752,876,124,0.124,0
752,876,124,0.124,0
730,865,135,0.135,0
722,861,139,0.139,0
712,856,144,0.144,0
696,848,152,0.152,0
706,853,147,0.147,0
736,868,132,0.132,0
710,855,145,0.145,0
724,862,138,0.138,0
758,879,121,0.121,0
756,878,122,0.122,0
720,860,140,0.14,0
758,879,121,0.121,0
754,877,123,0.123,0
738,869,131,0.131,0
774,887,113,0.113,0
716,858,142,0.142,0
734,867,133,0.133,0
752,876,124,0.124,0
740,870,130,0.13,0
718,859,141,0.141,0
712,856,144,0.144,0
788,894,106,0.106,0
746,873,127,0.127,0
706,853,147,0.147,0
862,931,69,0.069,0
740,870,130,0.13,0
734,867,133,0.133,0
740,870,130,0.13,0
772,886,114,0.114,0
710,855,145,0.145,0
756,878,122,0.122,0
742,871,129,0.129,0
670,835,165,0.165,0
752,876,124,0.124,0
770,885,115,0.115,0
646,823,177,0.177,0
770,885,115,0.115,0
766,883,117,0.117,0
778,889,111,0.111,0
724,862,138,0.138,0
726,863,137,0.137,0
742,871,129,0.129,0
726,863,137,0.137,0
712,856,144,0.144,0
684,842,158,0.158,0
696,848,152,0.152,0
736,868,132,0.132,0
724,862,138,0.138,0
698,849,151,0.151,0
726,863,137,0.137,0
778,889,111,0.111,0
744,872,128,0.128,0
786,893,107,0.107,0
698,849,151,0.151,0
716,858,142,0.142,0
740,870,130,0.13,0
700,850,150,0.15,0
744,872,128,0.128,0
734,867,133,0.133,0
760,880,120,0.12,0
758,879,121,0.121,0
690,845,155,0.155,0
770,885,115,0.115,0
746,873,127,0.127,0
714,857,143,0.143,0
718,859,141,0.141,0
748,874,126,0.126,0
742,871,129,0.129,0
702,851,149,0.149,0
702,851,149,0.149,0
774,887,113,0.113,0
716,858,142,0.142,0
744,872,128,0.128,0
734,867,133,0.133,0
716,858,142,0.142,0
706,853,147,0.147,0
722,861,139,0.139,0
744,872,128,0.128,0
700,850,150,0.15,0
748,874,126,0.126,0
724,862,138,0.138,0
772,886,114,0.114,0
758,879,121,0.121,0
770,885,115,0.115,0
732,866,134,0.134,0
786,893,107,0.107,0
714,857,143,0.143,0
732,866,134,0.134,0
678,839,161,0.161,0
776,888,112,0.112,0
700,850,150,0.15,0
700,850,150,0.15,0
718,859,141,0.141,0
710,855,145,0.145,0
740,870,130,0.13,0
728,864,136,0.136,0
704,852,148,0.148,0
766,883,117,0.117,0
788,894,106,0.106,0
786,893,107,0.107,0
772,886,114,0.114,0
740,870,130,0.13,0
782,891,109,0.109,0
752,876,124,0.124,0
732,866,134,0.134,0
744,872,128,0.128,0
758,879,121,0.121,0
736,868,132,0.132,0
742,871,129,0.129,0
786,893,107,0.107,0
754,877,123,0.123,0
732,866,134,0.134,0
728,864,136,0.136,0
680,840,160,0.16,0
738,869,131,0.131,0
748,874,126,0.126,0
762,881,119,0.119,0
706,853,147,0.147,0
744,872,128,0.128,0
716,858,142,0.142,0
736,868,132,0.132,0
724,862,138,0.138,0
824,912,88,0.088,0
714,857,143,0.143,0
766,883,117,0.117,0
744,872,128,0.128,0
772,886,114,0.114,0
738,869,131,0.131,0
726,863,137,0.137,0
732,866,134,0.134,0
760,880,120,0.12,0
754,877,123,0.123,0
764,882,118,0.118,0
716,858,142,0.142,0
728,864,136,0.136,0
714,857,143,0.143,0
700,850,150,0.15,0
770,885,115,0.115,0
718,859,141,0.141,0
714,857,143,0.143,0
698,849,151,0.151,0
690,845,155,0.155,0
734,867,133,0.133,0
696,848,152,0.152,0
740,870,130,0.13,0
724,862,138,0.138,0
762,881,119,0.119,0
710,855,145,0.145,0
732,866,134,0.134,0
762,881,119,0.119,0
744,872,128,0.128,0
704,852,148,0.148,0
752,876,124,0.124,0
762,881,119,0.119,0
692,846,154,0.154,0
766,883,117,0.117,0
664,832,168,0.168,0
714,857,143,0.143,0
760,880,120,0.12,0
746,873,127,0.127,0
688,844,156,0.156,0
720,860,140,0.14,0
730,865,135,0.135,0
702,851,149,0.149,0
682,841,159,0.159,0
716,858,142,0.142,0
746,873,127,0.127,0
682,841,159,0.159,0
786,893,107,0.107,0
736,868,132,0.132,0
734,867,133,0.133,0
660,830,170,0.17,0
736,868,132,0.132,0
690,845,155,0.155,0
712,856,144,0.144,0
708,854,146,0.146,0
670,835,165,0.165,0
746,873,127,0.127,0
754,877,123,0.123,0
694,847,153,0.153,0
670,835,165,0.165,0
744,872,128,0.128,0
714,857,143,0.143,0
710,855,145,0.145,0
678,839,161,0.161,0
788,894,106,0.106,0
704,852,148,0.148,0
692,846,154,0.154,0
738,869,131,0.131,0
768,884,116,0.116,0
758,879,121,0.121,0
746,873,127,0.127,0
756,878,122,0.122,0
716,858,142,0.142,0
682,841,159,0.159,0
652,826,174,0.174,0
708,854,146,0.146,0
706,853,147,0.147,0
710,855,145,0.145,0
718,859,141,0.141,0
730,865,135,0.135,0
712,856,144,0.144,0
748,874,126,0.126,0
708,854,146,0.146,0
726,863,137,0.137,0
746,873,127,0.127,0
748,874,126,0.126,0
774,887,113,0.113,0
748,874,126,0.126,0
704,852,148,0.148,0
740,870,130,0.13,0
678,839,161,0.161,0
778,889,111,0.111,0
790,895,105,0.105,0
710,855,145,0.145,0
734,867,133,0.133,0
746,873,127,0.127,0
760,880,120,0.12,0
698,849,151,0.151,0
734,867,133,0.133,0
716,858,142,0.142,0
760,880,120,0.12,0
738,869,131,0.131,0
686,843,157,0.157,0
784,892,108,0.108,0
724,862,138,0.138,0
754,877,123,0.123,0
760,880,120,0.12,0
768,884,116,0.116,0
706,853,147,0.147,0
726,863,137,0.137,0
728,864,136,0.136,0
760,880,120,0.12,0
684,842,158,0.158,0
744,872,128,0.128,0
712,856,144,0.144,0
726,863,137,0.137,0
770,885,115,0.115,0
708,854,146,0.146,0
716,858,142,0.142,0
740,870,130,0.13,0
734,867,133,0.133,0
724,862,138,0.138,0
692,846,154,0.154,0
740,870,130,0.13,0
734,867,133,0.133,0
790,895,105,0.105,0
714,857,143,0.143,0
716,858,142,0.142,0
722,861,139,0.139,0
740,870,130,0.13,0
650,825,175,0.175,0
696,848,152,0.152,0
748,874,126,0.126,0
698,849,151,0.151,0
728,864,136,0.136,0
724,862,138,0.138,0
728,864,136,0.136,0
712,856,144,0.144,0
660,830,170,0.17,0
716,858,142,0.142,0
738,869,131,0.131,0
728,864,136,0.136,0
706,853,147,0.147,0
764,882,118,0.118,0
718,859,141,0.141,0
764,882,118,0.118,0
736,868,132,0.132,0
762,881,119,0.119,0
734,867,133,0.133,0
724,862,138,0.138,0
732,866,134,0.134,0
758,879,121,0.121,0
734,867,133,0.133,0
724,862,138,0.138,0
732,866,134,0.134,0
738,869,131,0.131,0
714,857,143,0.143,0
738,869,131,0.131,0
716,858,142,0.142,0
708,854,146,0.146,0
744,872,128,0.128,0
766,883,117,0.117,0
712,856,144,0.144,0
716,858,142,0.142,0
720,860,140,0.14,0
714,857,143,0.143,0
770,885,115,0.115,0
696,848,152,0.152,0
770,885,115,0.115,0
778,889,111,0.111,0
690,845,155,0.155,0
734,867,133,0.133,0
704,852,148,0.148,0
790,895,105,0.105,0
730,865,135,0.135,0
724,862,138,0.138,0
722,861,139,0.139,0
696,848,152,0.152,0
786,893,107,0.107,0
768,884,116,0.116,0
788,894,106,0.106,0
728,864,136,0.136,0
716,858,142,0.142,0
734,867,133,0.133,0
736,868,132,0.132,0
710,855,145,0.145,0
788,894,106,0.106,0
768,884,116,0.116,0
648,824,176,0.176,0
686,843,157,0.157,0
804,902,98,0.098,0
680,840,160,0.16,0
772,886,114,0.114,0
716,858,142,0.142,0
686,843,157,0.157,0
720,860,140,0.14,0
712,856,144,0.144,0
704,852,148,0.148,0
770,885,115,0.115,0
690,845,155,0.155,0
718,859,141,0.141,0
766,883,117,0.117,0
776,888,112,0.112,0
736,868,132,0.132,0
750,875,125,0.125,0
694,847,153,0.153,0
732,866,134,0.134,0
730,865,135,0.135,0
720,860,140,0.14,0
766,883,117,0.117,0
710,855,145,0.145,0
758,879,121,0.121,0
678,839,161,0.161,0
710,855,145,0.145,0
716,858,142,0.142,0
714,857,143,0.143,0
746,873,127,0.127,0
768,884,116,0.116,0
698,849,151,0.151,0
690,845,155,0.155,0
730,865,135,0.135,0
788,894,106,0.106,0
732,866,134,0.134,0
766,883,117,0.117,0
752,876,124,0.124,0
726,863,137,0.137,0
706,853,147,0.147,0
726,863,137,0.137,0
750,875,125,0.125,0
744,872,128,0.128,0
754,877,123,0.123,0
736,868,132,0.132,0
768,884,116,0.116,0
744,872,128,0.128,0
700,850,150,0.15,0
708,854,146,0.146,0
684,842,158,0.158,0
772,886,114,0.114,0
752,876,124,0.124,0
748,874,126,0.126,0
716,858,142,0.142,0
690,845,155,0.155,0
682,841,159,0.159,0
734,867,133,0.133,0
770,885,115,0.115,0
700,850,150,0.15,0
742,871,129,0.129,0
706,853,147,0.147,0
762,881,119,0.119,0
726,863,137,0.137,0
808,904,96,0.096,0
772,886,114,0.114,0
710,855,145,0.145,0
756,878,122,0.122,0
696,848,152,0.152,0
730,865,135,0.135,0
736,868,132,0.132,0
710,855,145,0.145,0
718,859,141,0.141,0
796,898,102,0.102,0
740,870,130,0.13,0
682,841,159,0.159,0
726,863,137,0.137,0
684,842,158,0.158,0
738,869,131,0.131,0
754,877,123,0.123,0
688,844,156,0.156,0
752,876,124,0.124,0
796,898,102,0.102,0
756,878,122,0.122,0
690,845,155,0.155,0
776,888,112,0.112,0
770,885,115,0.115,0
756,878,122,0.122,0
750,875,125,0.125,0
726,863,137,0.137,0
768,884,116,0.116,0
802,901,99,0.099,0
738,869,131,0.131,0
764,882,118,0.118,0
720,860,140,0.14,0
760,880,120,0.12,0
754,877,123,0.123,0
748,874,126,0.126,0
748,874,126,0.126,0
740,870,130,0.13,0
674,837,163,0.163,0
742,871,129,0.129,0
780,890,110,0.11,0
696,848,152,0.152,0
772,886,114,0.114,0
722,861,139,0.139,0
726,863,137,0.137,0
734,867,133,0.133,0
696,848,152,0.152,0
724,862,138,0.138,0
714,857,143,0.143,0
758,879,121,0.121,0
694,847,153,0.153,0
700,850,150,0.15,0
800,900,100,0.1,0
700,850,150,0.15,0
750,875,125,0.125,0
726,863,137,0.137,0
764,882,118,0.118,0
742,871,129,0.129,0
736,868,132,0.132,0
674,837,163,0.163,0
740,870,130,0.13,0
744,872,128,0.128,0
738,869,131,0.131,0
716,858,142,0.142,0
788,894,106,0.106,0
696,848,152,0.152,0
708,854,146,0.146,0
726,863,137,0.137,0
798,899,101,0.101,0
730,865,135,0.135,0
710,855,145,0.145,0
706,853,147,0.147,0
728,864,136,0.136,0
752,876,124,0.124,0
694,847,153,0.153,0
716,858,142,0.142,0
744,872,128,0.128,0
772,886,114,0.114,0
742,871,129,0.129,0
774,887,113,0.113,0
692,846,154,0.154,0
784,892,108,0.108,0
740,870,130,0.13,0
716,858,142,0.142,0
684,842,158,0.158,0
766,883,117,0.117,0
738,869,131,0.131,0
744,872,128,0.128,0
746,873,127,0.127,0
770,885,115,0.115,0
682,841,159,0.159,0
712,856,144,0.144,0
760,880,120,0.12,0
706,853,147,0.147,0
768,884,116,0.116,0
754,877,123,0.123,0
774,887,113,0.113,0
708,854,146,0.146,0
762,881,119,0.119,0
734,867,133,0.133,0
712,856,144,0.144,0
726,863,137,0.137,0
664,832,168,0.168,0
742,871,129,0.129,0
696,848,152,0.152,0
734,867,133,0.133,0
712,856,144,0.144,0
740,870,130,0.13,0
754,877,123,0.123,0
744,872,128,0.128,0
688,844,156,0.156,0
724,862,138,0.138,0
716,858,142,0.142,0
732,866,134,0.134,0
734,867,133,0.133,0
746,873,127,0.127,0
738,869,131,0.131,0
724,862,138,0.138,0
714,857,143,0.143,0
684,842,158,0.158,0
724,862,138,0.138,0
628,814,186,0.186,0
752,876,124,0.124,0
710,855,145,0.145,0
744,872,128,0.128,0
676,838,162,0.162,0
752,876,124,0.124,0
724,862,138,0.138,0
728,864,136,0.136,0
722,861,139,0.139,0
698,849,151,0.151,0
746,873,127,0.127,0
692,846,154,0.154,0
706,853,147,0.147,0
718,859,141,0.141,0
734,867,133,0.133,0
790,895,105,0.105,0
720,860,140,0.14,0
678,839,161,0.161,0
674,837,163,0.163,0
788,894,106,0.106,0
712,856,144,0.144,0
750,875,125,0.125,0
714,857,143,0.143,0
642,821,179,0.179,0
760,880,120,0.12,0
714,857,143,0.143,0
770,885,115,0.115,0
714,857,143,0.143,0
748,874,126,0.126,0
690,845,155,0.155,0
704,852,148,0.148,0
700,850,150,0.15,0
750,875,125,0.125,0
734,867,133,0.133,0
714,857,143,0.143,0
772,886,114,0.114,0
714,857,143,0.143,0
758,879,121,0.121,0
688,844,156,0.156,0
766,883,117,0.117,0
730,865,135,0.135,0
738,869,131,0.131,0
740,870,130,0.13,0
714,857,143,0.143,0
738,869,131,0.131,0
688,844,156,0.156,0
738,869,131,0.131,0
720,860,140,0.14,0
722,861,139,0.139,0
694,847,153,0.153,0
740,870,130,0.13,0
716,858,142,0.142,0
720,860,140,0.14,0
730,865,135,0.135,0
740,870,130,0.13,0
712,856,144,0.144,0
714,857,143,0.143,0
730,865,135,0.135,0
688,844,156,0.156,0
714,857,143,0.143,0
718,859,141,0.141,0
738,869,131,0.131,0
708,854,146,0.146,0
734,867,133,0.133,0
738,869,131,0.131,0
722,861,139,0.139,0
742,871,129,0.129,0
720,860,140,0.14,0
728,864,136,0.136,0
716,858,142,0.142,0
740,870,130,0.13,0
754,877,123,0.123,0
698,849,151,0.151,0
712,856,144,0.144,0
692,846,154,0.154,0
694,847,153,0.153,0
710,855,145,0.145,0
732,866,134,0.134,0
716,858,142,0.142,0
770,885,115,0.115,0
776,888,112,0.112,0
746,873,127,0.127,0
744,872,128,0.128,0
776,888,112,0.112,0
674,837,163,0.163,0
694,847,153,0.153,0
778,889,111,0.111,0
650,825,175,0.175,0
674,837,163,0.163,0
774,887,113,0.113,0
694,847,153,0.153,0
748,874,126,0.126,0
700,850,150,0.15,0
754,877,123,0.123,0
760,880,120,0.12,0
782,891,109,0.109,0
762,881,119,0.119,0
668,834,166,0.166,0
722,861,139,0.139,0
730,865,135,0.135,0
676,838,162,0.162,0
734,867,133,0.133,0
728,864,136,0.136,0
726,863,137,0.137,0
786,893,107,0.107,0
686,843,157,0.157,0
776,888,112,0.112,0
734,867,133,0.133,0
682,841,159,0.159,0
690,845,155,0.155,0
746,873,127,0.127,0
744,872,128,0.128,0
676,838,162,0.162,0
694,847,153,0.153,0
758,879,121,0.121,0
782,891,109,0.109,0
714,857,143,0.143,0
718,859,141,0.141,0
722,861,139,0.139,0
744,872,128,0.128,0
728,864,136,0.136,0
734,867,133,0.133,0
714,857,143,0.143,0
742,871,129,0.129,0
696,848,152,0.152,0
718,859,141,0.141,0
760,880,120,0.12,0
736,868,132,0.132,0
688,844,156,0.156,0
716,858,142,0.142,0
688,844,156,0.156,0
754,877,123,0.123,0
768,884,116,0.116,0
728,864,136,0.136,0
704,852,148,0.148,0
746,873,127,0.127,0
724,862,138,0.138,0
672,836,164,0.164,0
748,874,126,0.126,0
756,878,122,0.122,0
716,858,142,0.142,0
720,860,140,0.14,0
698,849,151,0.151,0
728,864,136,0.136,0
744,872,128,0.128,0
740,870,130,0.13,0
714,857,143,0.143,0
770,885,115,0.115,0
778,889,111,0.111,0
670,835,165,0.165,0
790,895,105,0.105,0
698,849,151,0.151,0
736,868,132,0.132,0
706,853,147,0.147,0
760,880,120,0.12,0
770,885,115,0.115,0
764,882,118,0.118,0
756,878,122,0.122,0
764,882,118,0.118,0
734,867,133,0.133,0
744,872,128,0.128,0
728,864,136,0.136,0
782,891,109,0.109,0
676,838,162,0.162,0
686,843,157,0.157,0
724,862,138,0.138,0
732,866,134,0.134,0
738,869,131,0.131,0
740,870,130,0.13,0
750,875,125,0.125,0
750,875,125,0.125,0
768,884,116,0.116,0
736,868,132,0.132,0
812,906,94,0.094,0
764,882,118,0.118,0
712,856,144,0.144,0
732,866,134,0.134,0
730,865,135,0.135,0
650,825,175,0.175,0
740,870,130,0.13,0
720,860,140,0.14,0
718,859,141,0.141,0
724,862,138,0.138,0
738,869,131,0.131,0
788,894,106,0.106,0
722,861,139,0.139,0
730,865,135,0.135,0
730,865,135,0.135,0
726,863,137,0.137,0
786,893,107,0.107,0
756,878,122,0.122,0
754,877,123,0.123,0
718,859,141,0.141,0
774,887,113,0.113,0
752,876,124,0.124,0
708,854,146,0.146,0
788,894,106,0.106,0
726,863,137,0.137,0
782,891,109,0.109,0
760,880,120,0.12,0
778,889,111,0.111,0
734,867,133,0.133,0
738,869,131,0.131,0
678,839,161,0.161,0
730,865,135,0.135,0
730,865,135,0.135,0
738,869,131,0.131,0
730,865,135,0.135,0
740,870,130,0.13,0
712,856,144,0.144,0
744,872,128,0.128,0
774,887,113,0.113,0
808,904,96,0.096,0
714,857,143,0.143,0
754,877,123,0.123,0
754,877,123,0.123,0
696,848,152,0.152,0
688,844,156,0.156,0
722,861,139,0.139,0
734,867,133,0.133,0
740,870,130,0.13,0
746,873,127,0.127,0
706,853,147,0.147,0
692,846,154,0.154,0
724,862,138,0.138,0
736,868,132,0.132,0
728,864,136,0.136,0
742,871,129,0.129,0
746,873,127,0.127,0
714,857,143,0.143,0
750,875,125,0.125,0
710,855,145,0.145,0
760,880,120,0.12,0
702,851,149,0.149,0
730,865,135,0.135,0
684,842,158,0.158,0
780,890,110,0.11,0
762,881,119,0.119,0
726,863,137,0.137,0
766,883,117,0.117,0
742,871,129,0.129,0
692,846,154,0.154,0
770,885,115,0.115,0
732,866,134,0.134,0
752,876,124,0.124,0
670,835,165,0.165,0
718,859,141,0.141,0
780,890,110,0.11,0
724,862,138,0.138,0
702,851,149,0.149,0
752,876,124,0.124,0
772,886,114,0.114,0
712,856,144,0.144,0
782,891,109,0.109,0
808,904,96,0.096,0
706,853,147,0.147,0
736,868,132,0.132,0
710,855,145,0.145,0
738,869,131,0.131,0
684,842,158,0.158,0
718,859,141,0.141,0
716,858,142,0.142,0
706,853,147,0.147,0
802,901,99,0.099,0
702,851,149,0.149,0
682,841,159,0.159,0
714,857,143,0.143,0
726,863,137,0.137,0
692,846,154,0.154,0
750,875,125,0.125,0
702,851,149,0.149,0
730,865,135,0.135,0
760,880,120,0.12,0
766,883,117,0.117,0
690,845,155,0.155,0
776,888,112,0.112,0
716,858,142,0.142,0
744,872,128,0.128,0
744,872,128,0.128,0
786,893,107,0.107,0
748,874,126,0.126,0
728,864,136,0.136,0
748,874,126,0.126,0
692,846,154,0.154,0
744,872,128,0.128,0
766,883,117,0.117,0
710,855,145,0.145,0
750,875,125,0.125,0
750,875,125,0.125,0
704,852,148,0.148,0
768,884,116,0.116,0
746,873,127,0.127,0
766,883,117,0.117,0
742,871,129,0.129,0
722,861,139,0.139,0
724,862,138,0.138,0
754,877,123,0.123,0
696,848,152,0.152,0
764,882,118,0.118,0
750,875,125,0.125,0
764,882,118,0.118,0
680,840,160,0.16,0
736,868,132,0.132,0
752,876,124,0.124,0
730,865,135,0.135,0
794,897,103,0.103,0
736,868,132,0.132,0
746,873,127,0.127,0
724,862,138,0.138,0
690,845,155,0.155,0
776,888,112,0.112,0
740,870,130,0.13,0
710,855,145,0.145,0
744,872,128,0.128,0
682,841,159,0.159,0
718,859,141,0.141,0
666,833,167,0.167,0
772,886,114,0.114,0
688,844,156,0.156,0
794,897,103,0.103,0
728,864,136,0.136,0
820,910,90,0.09,0
704,852,148,0.148,0
770,885,115,0.115,0
776,888,112,0.112,0
700,850,150,0.15,0
684,842,158,0.158,0
740,870,130,0.13,0
714,857,143,0.143,0
684,842,158,0.158,0
716,858,142,0.142,0
694,847,153,0.153,0
746,873,127,0.127,0
786,893,107,0.107,0
708,854,146,0.146,0
726,863,137,0.137,0
754,877,123,0.123,0
666,833,167,0.167,0
644,822,178,0.178,0
740,870,130,0.13,0
726,863,137,0.137,0
686,843,157,0.157,0
752,876,124,0.124,0
746,873,127,0.127,0
732,866,134,0.134,0
770,885,115,0.115,0
734,867,133,0.133,0
742,871,129,0.129,0
708,854,146,0.146,0
780,890,110,0.11,0
702,851,149,0.149,0
706,853,147,0.147,0
696,848,152,0.152,0
724,862,138,0.138,0
736,868,132,0.132,0
708,854,146,0.146,0
790,895,105,0.105,0
792,896,104,0.104,0
778,889,111,0.111,0
706,853,147,0.147,0
766,883,117,0.117,0
762,881,119,0.119,0
690,845,155,0.155,0
750,875,125,0.125,0
694,847,153,0.153,0
746,873,127,0.127,0
734,867,133,0.133,0
786,893,107,0.107,0
740,870,130,0.13,0
768,884,116,0.116,0
708,854,146,0.146,0
734,867,133,0.133,0
784,892,108,0.108,0
736,868,132,0.132,0
742,871,129,0.129,0
696,848,152,0.152,0
768,884,116,0.116,0
784,892,108,0.108,0
702,851,149,0.149,0
734,867,133,0.133,0
740,870,130,0.13,0
726,863,137,0.137,0
720,860,140,0.14,0
680,840,160,0.16,0
720,860,140,0.14,0
702,851,149,0.149,0
782,891,109,0.109,0
742,871,129,0.129,0
764,882,118,0.118,0
754,877,123,0.123,0
740,870,130,0.13,0
724,862,138,0.138,0
720,860,140,0.14,0
716,858,142,0.142,0
722,861,139,0.139,0
686,843,157,0.157,0
722,861,139,0.139,0
686,843,157,0.157,0
706,853,147,0.147,0
746,873,127,0.127,0
782,891,109,0.109,0
708,854,146,0.146,0
774,887,113,0.113,0
710,855,145,0.145,0
728,864,136,0.136,0
736,868,132,0.132,0
706,853,147,0.147,0
750,875,125,0.125,0
690,845,155,0.155,0
702,851,149,0.149,0
722,861,139,0.139,0
770,885,115,0.115,0
794,897,103,0.103,0
712,856,144,0.144,0
718,859,141,0.141,0
786,893,107,0.107,0
714,857,143,0.143,0
782,891,109,0.109,0
712,856,144,0.144,0
698,849,151,0.151,0
756,878,122,0.122,0
744,872,128,0.128,0
782,891,109,0.109,0
704,852,148,0.148,0
772,886,114,0.114,0
720,860,140,0.14,0
706,853,147,0.147,0
762,881,119,0.119,0
758,879,121,0.121,0
696,848,152,0.152,0
708,854,146,0.146,0
740,870,130,0.13,0
704,852,148,0.148,0
734,867,133,0.133,0
704,852,148,0.148,0
764,882,118,0.118,0
712,856,144,0.144,0
758,879,121,0.121,0
766,883,117,0.117,0
716,858,142,0.142,0
768,884,116,0.116,0
662,831,169,0.169,0
716,858,142,0.142,0
728,864,136,0.136,0
742,871,129,0.129,0
712,856,144,0.144,0
684,842,158,0.158,0
718,859,141,0.141,0
672,836,164,0.164,0
710,855,145,0.145,0
760,880,120,0.12,0
700,850,150,0.15,0
702,851,149,0.149,0
752,876,124,0.124,0
688,844,156,0.156,0
668,834,166,0.166,0
722,861,139,0.139,0
722,861,139,0.139,0
724,862,138,0.138,0
702,851,149,0.149,0
744,872,128,0.128,0
730,865,135,0.135,0
750,875,125,0.125,0
746,873,127,0.127,0
740,870,130,0.13,0
750,875,125,0.125,0
746,873,127,0.127,0
740,870,130,0.13,0
678,839,161,0.161,0
688,844,156,0.156,0
684,842,158,0.158,0
714,857,143,0.143,0
740,870,130,0.13,0
730,865,135,0.135,0
796,898,102,0.102,0
726,863,137,0.137,0
738,869,131,0.131,0
684,842,158,0.158,0
714,857,143,0.143,0
762,881,119,0.119,0
734,867,133,0.133,0
704,852,148,0.148,0
786,893,107,0.107,0
720,860,140,0.14,0
742,871,129,0.129,0
680,840,160,0.16,0
738,869,131,0.131,0
708,854,146,0.146,0
710,855,145,0.145,0
716,858,142,0.142,0
756,878,122,0.122,0
746,873,127,0.127,0
720,860,140,0.14,0
730,865,135,0.135,0
726,863,137,0.137,0
700,850,150,0.15,0
694,847,153,0.153,0
738,869,131,0.131,0
730,865,135,0.135,0
668,834,166,0.166,0
740,870,130,0.13,0
758,879,121,0.121,0
762,881,119,0.119,0
754,877,123,0.123,0
694,847,153,0.153,0
670,835,165,0.165,0
690,845,155,0.155,0
744,872,128,0.128,0
698,849,151,0.151,0
744,872,128,0.128,0
762,881,119,0.119,0
700,850,150,0.15,0
730,865,135,0.135,0
734,867,133,0.133,0
748,874,126,0.126,0
728,864,136,0.136,0
688,844,156,0.156,0
688,844,156,0.156,0
740,870,130,0.13,0
740,870,130,0.13,0
806,903,97,0.097,0
742,871,129,0.129,0
648,824,176,0.176,0
694,847,153,0.153,0
790,895,105,0.105,0
716,858,142,0.142,0
772,886,114,0.114,0
744,872,128,0.128,0
716,858,142,0.142,0
674,837,163,0.163,0
740,870,130,0.13,0
722,861,139,0.139,0
698,849,151,0.151,0
672,836,164,0.164,0
768,884,116,0.116,0
648,824,176,0.176,0
698,849,151,0.151,0
750,875,125,0.125,0
746,873,127,0.127,0
726,863,137,0.137,0
774,887,113,0.113,0
734,867,133,0.133,0
706,853,147,0.147,0
766,883,117,0.117,0
712,856,144,0.144,0
720,860,140,0.14,0
764,882,118,0.118,0
732,866,134,0.134,0
784,892,108,0.108,0
744,872,128,0.128,0
732,866,134,0.134,0
712,856,144,0.144,0
722,861,139,0.139,0
716,858,142,0.142,0
696,848,152,0.152,0
706,853,147,0.147,0
772,886,114,0.114,0
744,872,128,0.128,0
690,845,155,0.155,0
696,848,152,0.152,0
778,889,111,0.111,0
724,862,138,0.138,0
724,862,138,0.138,0
712,856,144,0.144,0
734,867,133,0.133,0
714,857,143,0.143,0
798,899,101,0.101,0
720,860,140,0.14,0
662,831,169,0.169,0
772,886,114,0.114,0
760,880,120,0.12,0
730,865,135,0.135,0
712,856,144,0.144,0
694,847,153,0.153,0
744,872,128,0.128,0
720,860,140,0.14,0
758,879,121,0.121,0
682,841,159,0.159,0
714,857,143,0.143,0
746,873,127,0.127,0
662,831,169,0.169,0
722,861,139,0.139,0
780,890,110,0.11,0
732,866,134,0.134,0
738,869,131,0.131,0
750,875,125,0.125,0
728,864,136,0.136,0
722,861,139,0.139,0
746,873,127,0.127,0
716,858,142,0.142,0
736,868,132,0.132,0
698,849,151,0.151,0
692,846,154,0.154,0
728,864,136,0.136,0
728,864,136,0.136,0
668,834,166,0.166,0
694,847,153,0.153,0
714,857,143,0.143,0
700,850,150,0.15,0
720,860,140,0.14,0
688,844,156,0.156,0
748,874,126,0.126,0
752,876,124,0.124,0
798,899,101,0.101,0
728,864,136,0.136,0
694,847,153,0.153,0
708,854,146,0.146,0
714,857,143,0.143,0
724,862,138,0.138,0
730,865,135,0.135,0
680,840,160,0.16,0
744,872,128,0.128,0
760,880,120,0.12,0
712,856,144,0.144,0
780,890,110,0.11,0
718,859,141,0.141,0
730,865,135,0.135,0
708,854,146,0.146,0
730,865,135,0.135,0
702,851,149,0.149,0
716,858,142,0.142,0
724,862,138,0.138,0
674,837,163,0.163,0
768,884,116,0.116,0
768,884,116,0.116,0
738,869,131,0.131,0
736,868,132,0.132,0
728,864,136,0.136,0
788,894,106,0.106,0
746,873,127,0.127,0
792,896,104,0.104,0
744,872,128,0.128,0
768,884,116,0.116,0
760,880,120,0.12,0
750,875,125,0.125,0
716,858,142,0.142,0
702,851,149,0.149,0
700,850,150,0.15,0
704,852,148,0.148,0
756,878,122,0.122,0
744,872,128,0.128,0
758,879,121,0.121,0
738,869,131,0.131,0
780,890,110,0.11,0
744,872,128,0.128,0
728,864,136,0.136,0
760,880,120,0.12,0
788,894,106,0.106,0
760,880,120,0.12,0
724,862,138,0.138,0
722,861,139,0.139,0
726,863,137,0.137,0
762,881,119,0.119,0
708,854,146,0.146,0
752,876,124,0.124,0
760,880,120,0.12,0
706,853,147,0.147,0
742,871,129,0.129,0
704,852,148,0.148,0
750,875,125,0.125,0
738,869,131,0.131,0
718,859,141,0.141,0
732,866,134,0.134,0
730,865,135,0.135,0
756,878,122,0.122,0
738,869,131,0.131,0
744,872,128,0.128,0
732,866,134,0.134,0
738,869,131,0.131,0
708,854,146,0.146,0
770,885,115,0.115,0
712,856,144,0.144,0
672,836,164,0.164,0
690,845,155,0.155,0
750,875,125,0.125,0
784,892,108,0.108,0
728,864,136,0.136,0
728,864,136,0.136,0
750,875,125,0.125,0
738,869,131,0.131,0
728,864,136,0.136,0
696,848,152,0.152,0
712,856,144,0.144,0
718,859,141,0.141,0
708,854,146,0.146,0
704,852,148,0.148,0
752,876,124,0.124,0
710,855,145,0.145,0
728,864,136,0.136,0
760,880,120,0.12,0
744,872,128,0.128,0
728,864,136,0.136,0
766,883,117,0.117,0
732,866,134,0.134,0
742,871,129,0.129,0
676,838,162,0.162,0
704,852,148,0.148,0
712,856,144,0.144,0
660,830,170,0.17,0
772,886,114,0.114,0
750,875,125,0.125,0
742,871,129,0.129,0
758,879,121,0.121,0
730,865,135,0.135,0
730,865,135,0.135,0
774,887,113,0.113,0
736,868,132,0.132,0
768,884,116,0.116,0
674,837,163,0.163,0
758,879,121,0.121,0
650,825,175,0.175,0
738,869,131,0.131,0
746,873,127,0.127,0
758,879,121,0.121,0
790,895,105,0.105,0
740,870,130,0.13,0
718,859,141,0.141,0
754,877,123,0.123,0
800,900,100,0.1,0
756,878,122,0.122,0
734,867,133,0.133,0
722,861,139,0.139,0
716,858,142,0.142,0
678,839,161,0.161,0
680,840,160,0.16,0
720,860,140,0.14,0
716,858,142,0.142,0
722,861,139,0.139,0
742,871,129,0.129,0
744,872,128,0.128,0
758,879,121,0.121,0
744,872,128,0.128,0
714,857,143,0.143,0
698,849,151,0.151,0
738,869,131,0.131,0
740,870,130,0.13,0
772,886,114,0.114,0
796,898,102,0.102,0
690,845,155,0.155,0
712,856,144,0.144,0
768,884,116,0.116,0
742,871,129,0.129,0
712,856,144,0.144,0
738,869,131,0.131,0
700,850,150,0.15,0
782,891,109,0.109,0
726,863,137,0.137,0
752,876,124,0.124,0
764,882,118,0.118,0
772,886,114,0.114,0
690,845,155,0.155,0
730,865,135,0.135,0
748,874,126,0.126,0
680,840,160,0.16,0
696,848,152,0.152,0
728,864,136,0.136,0
736,868,132,0.132,0
754,877,123,0.123,0
778,889,111,0.111,0
712,856,144,0.144,0
760,880,120,0.12,0
726,863,137,0.137,0
722,861,139,0.139,0
716,858,142,0.142,0
694,847,153,0.153,0
686,843,157,0.157,0
794,897,103,0.103,0
722,861,139,0.139,0
756,878,122,0.122,0
698,849,151,0.151,0
682,841,159,0.159,0
704,852,148,0.148,0
758,879,121,0.121,0
742,871,129,0.129,0
702,851,149,0.149,0
692,846,154,0.154,0
684,842,158,0.158,0
786,893,107,0.107,0
710,855,145,0.145,0
724,862,138,0.138,0
688,844,156,0.156,0
710,855,145,0.145,0
682,841,159,0.159,0
724,862,138,0.138,0
768,884,116,0.116,0
734,867,133,0.133,0
708,854,146,0.146,0
752,876,124,0.124,0
712,856,144,0.144,0
788,894,106,0.106,0
736,868,132,0.132,0
698,849,151,0.151,0
710,855,145,0.145,0
728,864,136,0.136,0
780,890,110,0.11,0
764,882,118,0.118,0
694,847,153,0.153,0
764,882,118,0.118,0
690,845,155,0.155,0
696,848,152,0.152,0
690,845,155,0.155,0
664,832,168,0.168,0
776,888,112,0.112,0
732,866,134,0.134,0
694,847,153,0.153,0
718,859,141,0.141,0
808,904,96,0.096,0
704,852,148,0.148,0
688,844,156,0.156,0
706,853,147,0.147,0
738,869,131,0.131,0
716,858,142,0.142,0
714,857,143,0.143,0
702,851,149,0.149,0
752,876,124,0.124,0
762,881,119,0.119,0
724,862,138,0.138,0
648,824,176,0.176,0
744,872,128,0.128,0
788,894,106,0.106,0
774,887,113,0.113,0
746,873,127,0.127,0
708,854,146,0.146,0
694,847,153,0.153,0
730,865,135,0.135,0
748,874,126,0.126,0
686,843,157,0.157,0
762,881,119,0.119,0
726,863,137,0.137,0
728,864,136,0.136,0
740,870,130,0.13,0
696,848,152,0.152,0
684,842,158,0.158,0
740,870,130,0.13,0
714,857,143,0.143,0
726,863,137,0.137,0
752,876,124,0.124,0
758,879,121,0.121,0
768,884,116,0.116,0
788,894,106,0.106,0
720,860,140,0.14,0
752,876,124,0.124,0
710,855,145,0.145,0
736,868,132,0.132,0
790,895,105,0.105,0
720,860,140,0.14,0
750,875,125,0.125,0
734,867,133,0.133,0
740,870,130,0.13,0
742,871,129,0.129,0
756,878,122,0.122,0
762,881,119,0.119,0
706,853,147,0.147,0
694,847,153,0.153,0
690,845,155,0.155,0
752,876,124,0.124,0
744,872,128,0.128,0
702,851,149,0.149,0
728,864,136,0.136,0
690,845,155,0.155,0
770,885,115,0.115,0
752,876,124,0.124,0
798,899,101,0.101,0
758,879,121,0.121,0
714,857,143,0.143,0
768,884,116,0.116,0
698,849,151,0.151,0
720,860,140,0.14,0
680,840,160,0.16,0
736,868,132,0.132,0
724,862,138,0.138,0
706,853,147,0.147,0
690,845,155,0.155,0
710,855,145,0.145,0
698,849,151,0.151,0
682,841,159,0.159,0
722,861,139,0.139,0
722,861,139,0.139,0
712,856,144,0.144,0
722,861,139,0.139,0
758,879,121,0.121,0
790,895,105,0.105,0
764,882,118,0.118,0
704,852,148,0.148,0
760,880,120,0.12,0
756,878,122,0.122,0
694,847,153,0.153,0
800,900,100,0.1,0
760,880,120,0.12,0
690,845,155,0.155,0
710,855,145,0.145,0
672,836,164,0.164,0
700,850,150,0.15,0
738,869,131,0.131,0
748,874,126,0.126,0
748,874,126,0.126,0
690,845,155,0.155,0
720,860,140,0.14,0
734,867,133,0.133,0
642,821,179,0.179,0
788,894,106,0.106,0
778,889,111,0.111,0
726,863,137,0.137,0
750,875,125,0.125,0
702,851,149,0.149,0
710,855,145,0.145,0
748,874,126,0.126,0
706,853,147,0.147,0
708,854,146,0.146,0
716,858,142,0.142,0
732,866,134,0.134,0
720,860,140,0.14,0
802,901,99,0.099,0
726,863,137,0.137,0
764,882,118,0.118,0
700,850,150,0.15,0
780,890,110,0.11,0
688,844,156,0.156,0
726,863,137,0.137,0
694,847,153,0.153,0
744,872,128,0.128,0
738,869,131,0.131,0
716,858,142,0.142,0
754,877,123,0.123,0
708,854,146,0.146,0
742,871,129,0.129,0
760,880,120,0.12,0
760,880,120,0.12,0
738,869,131,0.131,0
762,881,119,0.119,0
764,882,118,0.118,0
750,875,125,0.125,0
758,879,121,0.121,0
680,840,160,0.16,0
738,869,131,0.131,0
734,867,133,0.133,0
744,872,128,0.128,0
730,865,135,0.135,0
752,876,124,0.124,0
684,842,158,0.158,0
718,859,141,0.141,0
716,858,142,0.142,0
718,859,141,0.141,0
704,852,148,0.148,0
774,887,113,0.113,0
726,863,137,0.137,0
716,858,142,0.142,0
740,870,130,0.13,0
738,869,131,0.131,0
684,842,158,0.158,0
720,860,140,0.14,0
736,868,132,0.132,0
760,880,120,0.12,0
682,841,159,0.159,0
714,857,143,0.143,0
694,847,153,0.153,0
758,879,121,0.121,0
744,872,128,0.128,0
764,882,118,0.118,0
728,864,136,0.136,0
748,874,126,0.126,0
692,846,154,0.154,0
752,876,124,0.124,0
770,885,115,0.115,0
748,874,126,0.126,0
680,840,160,0.16,0
764,882,118,0.118,0
734,867,133,0.133,0
744,872,128,0.128,0
716,858,142,0.142,0
698,849,151,0.151,0
710,855,145,0.145,0
744,872,128,0.128,0
740,870,130,0.13,0
744,872,128,0.128,0
752,876,124,0.124,0
688,844,156,0.156,0
688,844,156,0.156,0
710,855,145,0.145,0
706,853,147,0.147,0
778,889,111,0.111,0
734,867,133,0.133,0
686,843,157,0.157,0
726,863,137,0.137,0
730,865,135,0.135,0
750,875,125,0.125,0
754,877,123,0.123,0
668,834,166,0.166,0
664,832,168,0.168,0
754,877,123,0.123,0
666,833,167,0.167,0
698,849,151,0.151,0
774,887,113,0.113,0
706,853,147,0.147,0
724,862,138,0.138,0
680,840,160,0.16,0
694,847,153,0.153,0
674,837,163,0.163,0
624,812,188,0.188,0
718,859,141,0.141,0
716,858,142,0.142,0
764,882,118,0.118,0
730,865,135,0.135,0
758,879,121,0.121,0
720,860,140,0.14,0
726,863,137,0.137,0
704,852,148,0.148,0
736,868,132,0.132,0
726,863,137,0.137,0
732,866,134,0.134,0
762,881,119,0.119,0
722,861,139,0.139,0
696,848,152,0.152,0
726,863,137,0.137,0
760,880,120,0.12,0
772,886,114,0.114,0
726,863,137,0.137,0
646,823,177,0.177,0
702,851,149,0.149,0
784,892,108,0.108,0
760,880,120,0.12,0
708,854,146,0.146,0
706,853,147,0.147,0
726,863,137,0.137,0
764,882,118,0.118,0
692,846,154,0.154,0
714,857,143,0.143,0
682,841,159,0.159,0
786,893,107,0.107,0
770,885,115,0.115,0
674,837,163,0.163,0
764,882,118,0.118,0
792,896,104,0.104,0
762,881,119,0.119,0
738,869,131,0.131,0
772,886,114,0.114,0
676,838,162,0.162,0
762,881,119,0.119,0
744,872,128,0.128,0
730,865,135,0.135,0
752,876,124,0.124,0
740,870,130,0.13,0
750,875,125,0.125,0
774,887,113,0.113,0
728,864,136,0.136,0
746,873,127,0.127,0
704,852,148,0.148,0
738,869,131,0.131,0
690,845,155,0.155,0
768,884,116,0.116,0
700,850,150,0.15,0
712,856,144,0.144,0
744,872,128,0.128,0
728,864,136,0.136,0
730,865,135,0.135,0
786,893,107,0.107,0
710,855,145,0.145,0
782,891,109,0.109,0
732,866,134,0.134,0
770,885,115,0.115,0
638,819,181,0.181,0
708,854,146,0.146,0
734,867,133,0.133,0
732,866,134,0.134,0
762,881,119,0.119,0
698,849,151,0.151,0
746,873,127,0.127,0
726,863,137,0.137,0
764,882,118,0.118,0
734,867,133,0.133,0
710,855,145,0.145,0
748,874,126,0.126,0
696,848,152,0.152,0
756,878,122,0.122,0
742,871,129,0.129,0
726,863,137,0.137,0
754,877,123,0.123,0
760,880,120,0.12,0
768,884,116,0.116,0
768,884,116,0.116,0
774,887,113,0.113,0
746,873,127,0.127,0
708,854,146,0.146,0
722,861,139,0.139,0
706,853,147,0.147,0
770,885,115,0.115,0
694,847,153,0.153,0
694,847,153,0.153,0
766,883,117,0.117,0
690,845,155,0.155,0
750,875,125,0.125,0
734,867,133,0.133,0
716,858,142,0.142,0
782,891,109,0.109,0
704,852,148,0.148,0
726,863,137,0.137,0
732,866,134,0.134,0
720,860,140,0.14,0
754,877,123,0.123,0
770,885,115,0.115,0
760,880,120,0.12,0
720,860,140,0.14,0
702,851,149,0.149,0
734,867,133,0.133,0
738,869,131,0.131,0
732,866,134,0.134,0
766,883,117,0.117,0
752,876,124,0.124,0
740,870,130,0.13,0
648,824,176,0.176,0
668,834,166,0.166,0
694,847,153,0.153,0
686,843,157,0.157,0
752,876,124,0.124,0
710,855,145,0.145,0
722,861,139,0.139,0
742,871,129,0.129,0
728,864,136,0.136,0
770,885,115,0.115,0
748,874,126,0.126,0
718,859,141,0.141,0
724,862,138,0.138,0
750,875,125,0.125,0
716,858,142,0.142,0
716,858,142,0.142,0
668,834,166,0.166,0
728,864,136,0.136,0
770,885,115,0.115,0
768,884,116,0.116,0
674,837,163,0.163,0
756,878,122,0.122,0
708,854,146,0.146,0
668,834,166,0.166,0
760,880,120,0.12,0
746,873,127,0.127,0
692,846,154,0.154,0
746,873,127,0.127,0
658,829,171,0.171,0
722,861,139,0.139,0
702,851,149,0.149,0
728,864,136,0.136,0
750,875,125,0.125,0
730,865,135,0.135,0
766,883,117,0.117,0
694,847,153,0.153,0
700,850,150,0.15,0
734,867,133,0.133,0
750,875,125,0.125,0
778,889,111,0.111,0
758,879,121,0.121,0
724,862,138,0.138,0
784,892,108,0.108,0
744,872,128,0.128,0
704,852,148,0.148,0
748,874,126,0.126,0
818,909,91,0.091,0
808,904,96,0.096,0
748,874,126,0.126,0
744,872,128,0.128,0
694,847,153,0.153,0
766,883,117,0.117,0
720,860,140,0.14,0
738,869,131,0.131,0
704,852,148,0.148,0
714,857,143,0.143,0
722,861,139,0.139,0
724,862,138,0.138,0
730,865,135,0.135,0
734,867,133,0.133,0
664,832,168,0.168,0
792,896,104,0.104,0
776,888,112,0.112,0
792,896,104,0.104,0
746,873,127,0.127,0
724,862,138,0.138,0
714,857,143,0.143,0
676,838,162,0.162,0
744,872,128,0.128,0
720,860,140,0.14,0
716,858,142,0.142,0
732,866,134,0.134,0
750,875,125,0.125,0
756,878,122,0.122,0
722,861,139,0.139,0
740,870,130,0.13,0
724,862,138,0.138,0
760,880,120,0.12,0
690,845,155,0.155,0
712,856,144,0.144,0
710,855,145,0.145,0
726,863,137,0.137,0
726,863,137,0.137,0
782,891,109,0.109,0
760,880,120,0.12,0
744,872,128,0.128,0
752,876,124,0.124,0
728,864,136,0.136,0
754,877,123,0.123,0
802,901,99,0.099,0
724,862,138,0.138,0
782,891,109,0.109,0
778,889,111,0.111,0
768,884,116,0.116,0
806,903,97,0.097,0
782,891,109,0.109,0
726,863,137,0.137,0
734,867,133,0.133,0
686,843,157,0.157,0
764,882,118,0.118,0
788,894,106,0.106,0
698,849,151,0.151,0
670,835,165,0.165,0
758,879,121,0.121,0
726,863,137,0.137,0
754,877,123,0.123,0
742,871,129,0.129,0
744,872,128,0.128,0
650,825,175,0.175,0
740,870,130,0.13,0
718,859,141,0.141,0
698,849,151,0.151,0
772,886,114,0.114,0
734,867,133,0.133,0
746,873,127,0.127,0
732,866,134,0.134,0
766,883,117,0.117,0
736,868,132,0.132,0
742,871,129,0.129,0
706,853,147,0.147,0
772,886,114,0.114,0
724,862,138,0.138,0
754,877,123,0.123,0
790,895,105,0.105,0
722,861,139,0.139,0
738,869,131,0.131,0
738,869,131,0.131,0
694,847,153,0.153,0
774,887,113,0.113,0
716,858,142,0.142,0
716,858,142,0.142,0
710,855,145,0.145,0
744,872,128,0.128,0
706,853,147,0.147,0
708,854,146,0.146,0
726,863,137,0.137,0
708,854,146,0.146,0
728,864,136,0.136,0
728,864,136,0.136,0
756,878,122,0.122,0
770,885,115,0.115,0
750,875,125,0.125,0
794,897,103,0.103,0
724,862,138,0.138,0
742,871,129,0.129,0
772,886,114,0.114,0
748,874,126,0.126,0
718,859,141,0.141,0
708,854,146,0.146,0
732,866,134,0.134,0
718,859,141,0.141,0
782,891,109,0.109,0
750,875,125,0.125,0
750,875,125,0.125,0
728,864,136,0.136,0
758,879,121,0.121,0
722,861,139,0.139,0
742,871,129,0.129,0
782,891,109,0.109,0
746,873,127,0.127,0
726,863,137,0.137,0
700,850,150,0.15,0
764,882,118,0.118,0
720,860,140,0.14,0
674,837,163,0.163,0
736,868,132,0.132,0
682,841,159,0.159,0
738,869,131,0.131,0
726,863,137,0.137,0
716,858,142,0.142,0
658,829,171,0.171,0
764,882,118,0.118,0
720,860,140,0.14,0
662,831,169,0.169,0
716,858,142,0.142,0
734,867,133,0.133,0
690,845,155,0.155,0
732,866,134,0.134,0
712,856,144,0.144,0
712,856,144,0.144,0
730,865,135,0.135,0
744,872,128,0.128,0
692,846,154,0.154,0
748,874,126,0.126,0
752,876,124,0.124,0
692,846,154,0.154,0
698,849,151,0.151,0
766,883,117,0.117,0
730,865,135,0.135,0
744,872,128,0.128,0
698,849,151,0.151,0
766,883,117,0.117,0
706,853,147,0.147,0
754,877,123,0.123,0
748,874,126,0.126,0
750,875,125,0.125,0
708,854,146,0.146,0
804,902,98,0.098,0
728,864,136,0.136,0
680,840,160,0.16,0
758,879,121,0.121,0
726,863,137,0.137,0
742,871,129,0.129,0
726,863,137,0.137,0
736,868,132,0.132,0
766,883,117,0.117,0
726,863,137,0.137,0
734,867,133,0.133,0
788,894,106,0.106,0
738,869,131,0.131,0
706,853,147,0.147,0
744,872,128,0.128,0
752,876,124,0.124,0
748,874,126,0.126,0
706,853,147,0.147,0
682,841,159,0.159,0
728,864,136,0.136,0
672,836,164,0.164,0
722,861,139,0.139,0
744,872,128,0.128,0
712,856,144,0.144,0
772,886,114,0.114,0
718,859,141,0.141,0
724,862,138,0.138,0
720,860,140,0.14,0
710,855,145,0.145,0
728,864,136,0.136,0
754,877,123,0.123,0
714,857,143,0.143,0
762,881,119,0.119,0
728,864,136,0.136,0
758,879,121,0.121,0
762,881,119,0.119,0
758,879,121,0.121,0
730,865,135,0.135,0
748,874,126,0.126,0
746,873,127,0.127,0
754,877,123,0.123,0
710,855,145,0.145,0
730,865,135,0.135,0
772,886,114,0.114,0
796,898,102,0.102,0
746,873,127,0.127,0
754,877,123,0.123,0
730,865,135,0.135,0
736,868,132,0.132,0
758,879,121,0.121,0
680,840,160,0.16,0
694,847,153,0.153,0
744,872,128,0.128,0
740,870,130,0.13,0
744,872,128,0.128,0
716,858,142,0.142,0
742,871,129,0.129,0
728,864,136,0.136,0
758,879,121,0.121,0
726,863,137,0.137,0
688,844,156,0.156,0
692,846,154,0.154,0
732,866,134,0.134,0
734,867,133,0.133,0
744,872,128,0.128,0
750,875,125,0.125,0
774,887,113,0.113,0
716,858,142,0.142,0
684,842,158,0.158,0
700,850,150,0.15,0
762,881,119,0.119,0
708,854,146,0.146,0
726,863,137,0.137,0
724,862,138,0.138,0
706,853,147,0.147,0
788,894,106,0.106,0
724,862,138,0.138,0
700,850,150,0.15,0
740,870,130,0.13,0
684,842,158,0.158,0
724,862,138,0.138,0
784,892,108,0.108,0
682,841,159,0.159,0
734,867,133,0.133,0
660,830,170,0.17,0
740,870,130,0.13,0
740,870,130,0.13,0
716,858,142,0.142,0
696,848,152,0.152,0
760,880,120,0.12,0
756,878,122,0.122,0
770,885,115,0.115,0
752,876,124,0.124,0
798,899,101,0.101,0
718,859,141,0.141,0
716,858,142,0.142,0
740,870,130,0.13,0
770,885,115,0.115,0
716,858,142,0.142,0
688,844,156,0.156,0
738,869,131,0.131,0
696,848,152,0.152,0
722,861,139,0.139,0
738,869,131,0.131,0
694,847,153,0.153,0
698,849,151,0.151,0
692,846,154,0.154,0
710,855,145,0.145,0
758,879,121,0.121,0
716,858,142,0.142,0
698,849,151,0.151,0
784,892,108,0.108,0
762,881,119,0.119,0
716,858,142,0.142,0
762,881,119,0.119,0
664,832,168,0.168,0
760,880,120,0.12,0
730,865,135,0.135,0
728,864,136,0.136,0
728,864,136,0.136,0
744,872,128,0.128,0
716,858,142,0.142,0
778,889,111,0.111,0
746,873,127,0.127,0
724,862,138,0.138,0
728,864,136,0.136,0
722,861,139,0.139,0
738,869,131,0.131,0
756,878,122,0.122,0
722,861,139,0.139,0
768,884,116,0.116,0
688,844,156,0.156,0
776,888,112,0.112,0
676,838,162,0.162,0
730,865,135,0.135,0
744,872,128,0.128,0
712,856,144,0.144,0
698,849,151,0.151,0
688,844,156,0.156,0
760,880,120,0.12,0
720,860,140,0.14,0
714,857,143,0.143,0
752,876,124,0.124,0
710,855,145,0.145,0
704,852,148,0.148,0
698,849,151,0.151,0
710,855,145,0.145,0
738,869,131,0.131,0
700,850,150,0.15,0
680,840,160,0.16,0
746,873,127,0.127,0
774,887,113,0.113,0
742,871,129,0.129,0
726,863,137,0.137,0
746,873,127,0.127,0
676,838,162,0.162,0
778,889,111,0.111,0
742,871,129,0.129,0
750,875,125,0.125,0
714,857,143,0.143,0
668,834,166,0.166,0
776,888,112,0.112,0
744,872,128,0.128,0
654,827,173,0.173,0
744,872,128,0.128,0
716,858,142,0.142,0
708,854,146,0.146,0
754,877,123,0.123,0
740,870,130,0.13,0
742,871,129,0.129,0
766,883,117,0.117,0
724,862,138,0.138,0
708,854,146,0.146,0
674,837,163,0.163,0
774,887,113,0.113,0
762,881,119,0.119,0
728,864,136,0.136,0
730,865,135,0.135,0
716,858,142,0.142,0
760,880,120,0.12,0
748,874,126,0.126,0
704,852,148,0.148,0
720,860,140,0.14,0
680,840,160,0.16,0
694,847,153,0.153,0
750,875,125,0.125,0
760,880,120,0.12,0
764,882,118,0.118,0
778,889,111,0.111,0
706,853,147,0.147,0
736,868,132,0.132,0
708,854,146,0.146,0
724,862,138,0.138,0
758,879,121,0.121,0
696,848,152,0.152,0
760,880,120,0.12,0
684,842,158,0.158,0
740,870,130,0.13,0
754,877,123,0.123,0
640,820,180,0.18,0
794,897,103,0.103,0
734,867,133,0.133,0
674,837,163,0.163,0
712,856,144,0.144,0
740,870,130,0.13,0
724,862,138,0.138,0
726,863,137,0.137,0
784,892,108,0.108,0
736,868,132,0.132,0
778,889,111,0.111,0
756,878,122,0.122,0
722,861,139,0.139,0
742,871,129,0.129,0
724,862,138,0.138,0
758,879,121,0.121,0
760,880,120,0.12,0
724,862,138,0.138,0
742,871,129,0.129,0
718,859,141,0.141,0
710,855,145,0.145,0
774,887,113,0.113,0
734,867,133,0.133,0
750,875,125,0.125,0
726,863,137,0.137,0
762,881,119,0.119,0
726,863,137,0.137,0
710,855,145,0.145,0
772,886,114,0.114,0
726,863,137,0.137,0
750,875,125,0.125,0
730,865,135,0.135,0
766,883,117,0.117,0
734,867,133,0.133,0
746,873,127,0.127,0
746,873,127,0.127,0
776,888,112,0.112,0
724,862,138,0.138,0
698,849,151,0.151,0
698,849,151,0.151,0
682,841,159,0.159,0
682,841,159,0.159,0
812,906,94,0.094,0
764,882,118,0.118,0
722,861,139,0.139,0
732,866,134,0.134,0
736,868,132,0.132,0
764,882,118,0.118,0
734,867,133,0.133,0
742,871,129,0.129,0
780,890,110,0.11,0
776,888,112,0.112,0
740,870,130,0.13,0
784,892,108,0.108,0
772,886,114,0.114,0
760,880,120,0.12,0
690,845,155,0.155,0
684,842,158,0.158,0
730,865,135,0.135,0
716,858,142,0.142,0
736,868,132,0.132,0
792,896,104,0.104,0
736,868,132,0.132,0
684,842,158,0.158,0
756,878,122,0.122,0
708,854,146,0.146,0
712,856,144,0.144,0
704,852,148,0.148,0
754,877,123,0.123,0
798,899,101,0.101,0
736,868,132,0.132,0
740,870,130,0.13,0
708,854,146,0.146,0
762,881,119,0.119,0
706,853,147,0.147,0
744,872,128,0.128,0
686,843,157,0.157,0
714,857,143,0.143,0
748,874,126,0.126,0
696,848,152,0.152,0
744,872,128,0.128,0
734,867,133,0.133,0
758,879,121,0.121,0
682,841,159,0.159,0
762,881,119,0.119,0
690,845,155,0.155,0
718,859,141,0.141,0
758,879,121,0.121,0
750,875,125,0.125,0
706,853,147,0.147,0
736,868,132,0.132,0
786,893,107,0.107,0
750,875,125,0.125,0
702,851,149,0.149,0
762,881,119,0.119,0
736,868,132,0.132,0
680,840,160,0.16,0
744,872,128,0.128,0
758,879,121,0.121,0
760,880,120,0.12,0
752,876,124,0.124,0
768,884,116,0.116,0
710,855,145,0.145,0
684,842,158,0.158,0
728,864,136,0.136,0
746,873,127,0.127,0
714,857,143,0.143,0
698,849,151,0.151,0
672,836,164,0.164,0
724,862,138,0.138,0
730,865,135,0.135,0
728,864,136,0.136,0
744,872,128,0.128,0
736,868,132,0.132,0
688,844,156,0.156,0
776,888,112,0.112,0
766,883,117,0.117,0
740,870,130,0.13,0
760,880,120,0.12,0
724,862,138,0.138,0
704,852,148,0.148,0
732,866,134,0.134,0
740,870,130,0.13,0
712,856,144,0.144,0
742,871,129,0.129,0
698,849,151,0.151,0
750,875,125,0.125,0
790,895,105,0.105,0
728,864,136,0.136,0
718,859,141,0.141,0
728,864,136,0.136,0
754,877,123,0.123,0
756,878,122,0.122,0
692,846,154,0.154,0
682,841,159,0.159,0
724,862,138,0.138,0
754,877,123,0.123,0
770,885,115,0.115,0
734,867,133,0.133,0
728,864,136,0.136,0
724,862,138,0.138,0
714,857,143,0.143,0
762,881,119,0.119,0
826,913,87,0.087,0
746,873,127,0.127,0
776,888,112,0.112,0
738,869,131,0.131,0
692,846,154,0.154,0
678,839,161,0.161,0
698,849,151,0.151,0
690,845,155,0.155,0
774,887,113,0.113,0
722,861,139,0.139,0
718,859,141,0.141,0
764,882,118,0.118,0
726,863,137,0.137,0
704,852,148,0.148,0
764,882,118,0.118,0
698,849,151,0.151,0
742,871,129,0.129,0
688,844,156,0.156,0
750,875,125,0.125,0
684,842,158,0.158,0
708,854,146,0.146,0
730,865,135,0.135,0
718,859,141,0.141,0
764,882,118,0.118,0
724,862,138,0.138,0
732,866,134,0.134,0
736,868,132,0.132,0
682,841,159,0.159,0
760,880,120,0.12,0
714,857,143,0.143,0
708,854,146,0.146,0
732,866,134,0.134,0
694,847,153,0.153,0
804,902,98,0.098,0
780,890,110,0.11,0
750,875,125,0.125,0
712,856,144,0.144,0
632,816,184,0.184,0
762,881,119,0.119,0
724,862,138,0.138,0
774,887,113,0.113,0
724,862,138,0.138,0
700,850,150,0.15,0
686,843,157,0.157,0
732,866,134,0.134,0
756,878,122,0.122,0
698,849,151,0.151,0
658,829,171,0.171,0
782,891,109,0.109,0
720,860,140,0.14,0
760,880,120,0.12,0
748,874,126,0.126,0
680,840,160,0.16,0
722,861,139,0.139,0
740,870,130,0.13,0
778,889,111,0.111,0
712,856,144,0.144,0
754,877,123,0.123,0
754,877,123,0.123,0
748,874,126,0.126,0
796,898,102,0.102,0
716,858,142,0.142,0
766,883,117,0.117,0
770,885,115,0.115,0
752,876,124,0.124,0
714,857,143,0.143,0
788,894,106,0.106,0
722,861,139,0.139,0
726,863,137,0.137,0
692,846,154,0.154,0
702,851,149,0.149,0
734,867,133,0.133,0
726,863,137,0.137,0
736,868,132,0.132,0
746,873,127,0.127,0
742,871,129,0.129,0
726,863,137,0.137,0
730,865,135,0.135,0
774,887,113,0.113,0
758,879,121,0.121,0
738,869,131,0.131,0
784,892,108,0.108,0
696,848,152,0.152,0
744,872,128,0.128,0
828,914,86,0.086,0
754,877,123,0.123,0
794,897,103,0.103,0
762,881,119,0.119,0
732,866,134,0.134,0
758,879,121,0.121,0
722,861,139,0.139,0
640,820,180,0.18,0
772,886,114,0.114,0
702,851,149,0.149,0
768,884,116,0.116,0
790,895,105,0.105,0
686,843,157,0.157,0
758,879,121,0.121,0
700,850,150,0.15,0
780,890,110,0.11,0
736,868,132,0.132,0
698,849,151,0.151,0
712,856,144,0.144,0
728,864,136,0.136,0
778,889,111,0.111,0
750,875,125,0.125,0
740,870,130,0.13,0
750,875,125,0.125,0
754,877,123,0.123,0
742,871,129,0.129,0
742,871,129,0.129,0
724,862,138,0.138,0
698,849,151,0.151,0
694,847,153,0.153,0
734,867,133,0.133,0
746,873,127,0.127,0
784,892,108,0.108,0
758,879,121,0.121,0
764,882,118,0.118,0
706,853,147,0.147,0
742,871,129,0.129,0
760,880,120,0.12,0
728,864,136,0.136,0
722,861,139,0.139,0
710,855,145,0.145,0
732,866,134,0.134,0
724,862,138,0.138,0
756,878,122,0.122,0
700,850,150,0.15,0
736,868,132,0.132,0
756,878,122,0.122,0
732,866,134,0.134,0
726,863,137,0.137,0
744,872,128,0.128,0
742,871,129,0.129,0
696,848,152,0.152,0
750,875,125,0.125,0
682,841,159,0.159,0
692,846,154,0.154,0
712,856,144,0.144,0
780,890,110,0.11,0
686,843,157,0.157,0
708,854,146,0.146,0
722,861,139,0.139,0
758,879,121,0.121,0
734,867,133,0.133,0
730,865,135,0.135,0
706,853,147,0.147,0
698,849,151,0.151,0
748,874,126,0.126,0
740,870,130,0.13,0
694,847,153,0.153,0
734,867,133,0.133,0
730,865,135,0.135,0
784,892,108,0.108,0
704,852,148,0.148,0
758,879,121,0.121,0
706,853,147,0.147,0
676,838,162,0.162,0
702,851,149,0.149,0
748,874,126,0.126,0
740,870,130,0.13,0
766,883,117,0.117,0
782,891,109,0.109,0
716,858,142,0.142,0
714,857,143,0.143,0
716,858,142,0.142,0
726,863,137,0.137,0
696,848,152,0.152,0
712,856,144,0.144,0
696,848,152,0.152,0
770,885,115,0.115,0
732,866,134,0.134,0
722,861,139,0.139,0
718,859,141,0.141,0
668,834,166,0.166,0
708,854,146,0.146,0
748,874,126,0.126,0
678,839,161,0.161,0
722,861,139,0.139,0
712,856,144,0.144,0
714,857,143,0.143,0
736,868,132,0.132,0
726,863,137,0.137,0
754,877,123,0.123,0
726,863,137,0.137,0
752,876,124,0.124,0
720,860,140,0.14,0
750,875,125,0.125,0
704,852,148,0.148,0
696,848,152,0.152,0
720,860,140,0.14,0
710,855,145,0.145,0
746,873,127,0.127,0
728,864,136,0.136,0
742,871,129,0.129,0
748,874,126,0.126,0
728,864,136,0.136,0
704,852,148,0.148,0
720,860,140,0.14,0
766,883,117,0.117,0
720,860,140,0.14,0
754,877,123,0.123,0
734,867,133,0.133,0
714,857,143,0.143,0
718,859,141,0.141,0
662,831,169,0.169,0
696,848,152,0.152,0
728,864,136,0.136,0
690,845,155,0.155,0
748,874,126,0.126,0
726,863,137,0.137,0
766,883,117,0.117,0
764,882,118,0.118,0
730,865,135,0.135,0
778,889,111,0.111,0
696,848,152,0.152,0
678,839,161,0.161,0
712,856,144,0.144,0
708,854,146,0.146,0
760,880,120,0.12,0
732,866,134,0.134,0
774,887,113,0.113,0
754,877,123,0.123,0
684,842,158,0.158,0
740,870,130,0.13,0
680,840,160,0.16,0
720,860,140,0.14,0
734,867,133,0.133,0
726,863,137,0.137,0
726,863,137,0.137,0
754,877,123,0.123,0
764,882,118,0.118,0
712,856,144,0.144,0
716,858,142,0.142,0
746,873,127,0.127,0
748,874,126,0.126,0
714,857,143,0.143,0
696,848,152,0.152,0
718,859,141,0.141,0
768,884,116,0.116,0
714,857,143,0.143,0
740,870,130,0.13,0
696,848,152,0.152,0
756,878,122,0.122,0
708,854,146,0.146,0
700,850,150,0.15,0
772,886,114,0.114,0
742,871,129,0.129,0
734,867,133,0.133,0
700,850,150,0.15,0
734,867,133,0.133,0
762,881,119,0.119,0
712,856,144,0.144,0
704,852,148,0.148,0
730,865,135,0.135,0
720,860,140,0.14,0
736,868,132,0.132,0
766,883,117,0.117,0
754,877,123,0.123,0
718,859,141,0.141,0
732,866,134,0.134,0
746,873,127,0.127,0
780,890,110,0.11,0
710,855,145,0.145,0
734,867,133,0.133,0
698,849,151,0.151,0
674,837,163,0.163,0
732,866,134,0.134,0
754,877,123,0.123,0
780,890,110,0.11,0
738,869,131,0.131,0
768,884,116,0.116,0
768,884,116,0.116,0
742,871,129,0.129,0
766,883,117,0.117,0
742,871,129,0.129,0
686,843,157,0.157,0
676,838,162,0.162,0
748,874,126,0.126,0
700,850,150,0.15,0
724,862,138,0.138,0
776,888,112,0.112,0
682,841,159,0.159,0
742,871,129,0.129,0
668,834,166,0.166,0
732,866,134,0.134,0
752,876,124,0.124,0
768,884,116,0.116,0
734,867,133,0.133,0
686,843,157,0.157,0
702,851,149,0.149,0
716,858,142,0.142,0
752,876,124,0.124,0
736,868,132,0.132,0
720,860,140,0.14,0
732,866,134,0.134,0
746,873,127,0.127,0
756,878,122,0.122,0
764,882,118,0.118,0
724,862,138,0.138,0
746,873,127,0.127,0
678,839,161,0.161,0
758,879,121,0.121,0
774,887,113,0.113,0
678,839,161,0.161,0
762,881,119,0.119,0
732,866,134,0.134,0
692,846,154,0.154,0
724,862,138,0.138,0
720,860,140,0.14,0
694,847,153,0.153,0
726,863,137,0.137,0
726,863,137,0.137,0
730,865,135,0.135,0
696,848,152,0.152,0
740,870,130,0.13,0
724,862,138,0.138,0
716,858,142,0.142,0
752,876,124,0.124,0
744,872,128,0.128,0
784,892,108,0.108,0
812,906,94,0.094,0
776,888,112,0.112,0
694,847,153,0.153,0
764,882,118,0.118,0
692,846,154,0.154,0
768,884,116,0.116,0
776,888,112,0.112,0
778,889,111,0.111,0
772,886,114,0.114,0
746,873,127,0.127,0
746,873,127,0.127,0
728,864,136,0.136,0
698,849,151,0.151,0
752,876,124,0.124,0
694,847,153,0.153,0
726,863,137,0.137,0
790,895,105,0.105,0
758,879,121,0.121,0
730,865,135,0.135,0
732,866,134,0.134,0
746,873,127,0.127,0
672,836,164,0.164,0
754,877,123,0.123,0
760,880,120,0.12,0
714,857,143,0.143,0
744,872,128,0.128,0
760,880,120,0.12,0
720,860,140,0.14,0
736,868,132,0.132,0
700,850,150,0.15,0
704,852,148,0.148,0
726,863,137,0.137,0
718,859,141,0.141,0
718,859,141,0.141,0
704,852,148,0.148,0
740,870,130,0.13,0
702,851,149,0.149,0
736,868,132,0.132,0
706,853,147,0.147,0
742,871,129,0.129,0
718,859,141,0.141,0
738,869,131,0.131,0
724,862,138,0.138,0
736,868,132,0.132,0
692,846,154,0.154,0
718,859,141,0.141,0
786,893,107,0.107,0
754,877,123,0.123,0
752,876,124,0.124,0
734,867,133,0.133,0
708,854,146,0.146,0
720,860,140,0.14,0
776,888,112,0.112,0
694,847,153,0.153,0
746,873,127,0.127,0
712,856,144,0.144,0
734,867,133,0.133,0
714,857,143,0.143,0
712,856,144,0.144,0
742,871,129,0.129,0
758,879,121,0.121,0
728,864,136,0.136,0
760,880,120,0.12,0
750,875,125,0.125,0
720,860,140,0.14,0
738,869,131,0.131,0
764,882,118,0.118,0
716,858,142,0.142,0
724,862,138,0.138,0
692,846,154,0.154,0
708,854,146,0.146,0
760,880,120,0.12,0
790,895,105,0.105,0
706,853,147,0.147,0
744,872,128,0.128,0
688,844,156,0.156,0
748,874,126,0.126,0
750,875,125,0.125,0
690,845,155,0.155,0
748,874,126,0.126,0
774,887,113,0.113,0
752,876,124,0.124,0
754,877,123,0.123,0
760,880,120,0.12,0
742,871,129,0.129,0
730,865,135,0.135,0
678,839,161,0.161,0
734,867,133,0.133,0
754,877,123,0.123,0
680,840,160,0.16,0
728,864,136,0.136,0
818,909,91,0.091,0
746,873,127,0.127,0
690,845,155,0.155,0
792,896,104,0.104,0
694,847,153,0.153,0
738,869,131,0.131,0
736,868,132,0.132,0
744,872,128,0.128,0
772,886,114,0.114,0
734,867,133,0.133,0
718,859,141,0.141,0
742,871,129,0.129,0
720,860,140,0.14,0
764,882,118,0.118,0
786,893,107,0.107,0
690,845,155,0.155,0
752,876,124,0.124,0
762,881,119,0.119,0
780,890,110,0.11,0
768,884,116,0.116,0
766,883,117,0.117,0
744,872,128,0.128,0
780,890,110,0.11,0
746,873,127,0.127,0
744,872,128,0.128,0
748,874,126,0.126,0
724,862,138,0.138,0
746,873,127,0.127,0
694,847,153,0.153,0
740,870,130,0.13,0
740,870,130,0.13,0
738,869,131,0.131,0
728,864,136,0.136,0
706,853,147,0.147,0
808,904,96,0.096,0
746,873,127,0.127,0
732,866,134,0.134,0
700,850,150,0.15,0
770,885,115,0.115,0
720,860,140,0.14,0
700,850,150,0.15,0
724,862,138,0.138,0
754,877,123,0.123,0
684,842,158,0.158,0
776,888,112,0.112,0
758,879,121,0.121,0
742,871,129,0.129,0
732,866,134,0.134,0
736,868,132,0.132,0
758,879,121,0.121,0
746,873,127,0.127,0
708,854,146,0.146,0
732,866,134,0.134,0
698,849,151,0.151,0
708,854,146,0.146,0
722,861,139,0.139,0
762,881,119,0.119,0
788,894,106,0.106,0
698,849,151,0.151,0
746,873,127,0.127,0
754,877,123,0.123,0
686,843,157,0.157,0
746,873,127,0.127,0
744,872,128,0.128,0
694,847,153,0.153,0
756,878,122,0.122,0
726,863,137,0.137,0
760,880,120,0.12,0
726,863,137,0.137,0
690,845,155,0.155,0
770,885,115,0.115,0
722,861,139,0.139,0
688,844,156,0.156,0
726,863,137,0.137,0
744,872,128,0.128,0
684,842,158,0.158,0
732,866,134,0.134,0
664,832,168,0.168,0
728,864,136,0.136,0
686,843,157,0.157,0
678,839,161,0.161,0
672,836,164,0.164,0
774,887,113,0.113,0
656,828,172,0.172,0
708,854,146,0.146,0
726,863,137,0.137,0
776,888,112,0.112,0
798,899,101,0.101,0
736,868,132,0.132,0
708,854,146,0.146,0
752,876,124,0.124,0
760,880,120,0.12,0
694,847,153,0.153,0
730,865,135,0.135,0
740,870,130,0.13,0
672,836,164,0.164,0
730,865,135,0.135,0
704,852,148,0.148,0
750,875,125,0.125,0
792,896,104,0.104,0
696,848,152,0.152,0
718,859,141,0.141,0
734,867,133,0.133,0
736,868,132,0.132,0
712,856,144,0.144,0
656,828,172,0.172,0
730,865,135,0.135,0
690,845,155,0.155,0
760,880,120,0.12,0
748,874,126,0.126,0
680,840,160,0.16,0
768,884,116,0.116,0
700,850,150,0.15,0
694,847,153,0.153,0
734,867,133,0.133,0
736,868,132,0.132,0
776,888,112,0.112,0
732,866,134,0.134,0
720,860,140,0.14,0
772,886,114,0.114,0
710,855,145,0.145,0
712,856,144,0.144,0
716,858,142,0.142,0
726,863,137,0.137,0
694,847,153,0.153,0
710,855,145,0.145,0
766,883,117,0.117,0
726,863,137,0.137,0
760,880,120,0.12,0
716,858,142,0.142,0
732,866,134,0.134,0
732,866,134,0.134,0
754,877,123,0.123,0
748,874,126,0.126,0
702,851,149,0.149,0
758,879,121,0.121,0
746,873,127,0.127,0
696,848,152,0.152,0
742,871,129,0.129,0
744,872,128,0.128,0
694,847,153,0.153,0
704,852,148,0.148,0
758,879,121,0.121,0
694,847,153,0.153,0
798,899,101,0.101,0
756,878,122,0.122,0
752,876,124,0.124,0
690,845,155,0.155,0
716,858,142,0.142,0
714,857,143,0.143,0
696,848,152,0.152,0
726,863,137,0.137,0
714,857,143,0.143,0
740,870,130,0.13,0
716,858,142,0.142,0
694,847,153,0.153,0
738,869,131,0.131,0
682,841,159,0.159,0
742,871,129,0.129,0
734,867,133,0.133,0
666,833,167,0.167,0
762,881,119,0.119,0
776,888,112,0.112,0
768,884,116,0.116,0
706,853,147,0.147,0
686,843,157,0.157,0
744,872,128,0.128,0
730,865,135,0.135,0
706,853,147,0.147,0
748,874,126,0.126,0
680,840,160,0.16,0
744,872,128,0.128,0
762,881,119,0.119,0
734,867,133,0.133,0
688,844,156,0.156,0
728,864,136,0.136,0
698,849,151,0.151,0
768,884,116,0.116,0
764,882,118,0.118,0
670,835,165,0.165,0
736,868,132,0.132,0
686,843,157,0.157,0
722,861,139,0.139,0
718,859,141,0.141,0
768,884,116,0.116,0
724,862,138,0.138,0
790,895,105,0.105,0
778,889,111,0.111,0
676,838,162,0.162,0
746,873,127,0.127,0
732,866,134,0.134,0
760,880,120,0.12,0
760,880,120,0.12,0
734,867,133,0.133,0
706,853,147,0.147,0
778,889,111,0.111,0
754,877,123,0.123,0
684,842,158,0.158,0
738,869,131,0.131,0
748,874,126,0.126,0
742,871,129,0.129,0
728,864,136,0.136,0
754,877,123,0.123,0
688,844,156,0.156,0
740,870,130,0.13,0
744,872,128,0.128,0
730,865,135,0.135,0
702,851,149,0.149,0
706,853,147,0.147,0
766,883,117,0.117,0
772,886,114,0.114,0
742,871,129,0.129,0
734,867,133,0.133,0
720,860,140,0.14,0
680,840,160,0.16,0
706,853,147,0.147,0
710,855,145,0.145,0
748,874,126,0.126,0
696,848,152,0.152,0
748,874,126,0.126,0
700,850,150,0.15,0
754,877,123,0.123,0
712,856,144,0.144,0
744,872,128,0.128,0
736,868,132,0.132,0
734,867,133,0.133,0
754,877,123,0.123,0
770,885,115,0.115,0
754,877,123,0.123,0
696,848,152,0.152,0
712,856,144,0.144,0
756,878,122,0.122,0
706,853,147,0.147,0
790,895,105,0.105,0
650,825,175,0.175,0
720,860,140,0.14,0
742,871,129,0.129,0
710,855,145,0.145,0
716,858,142,0.142,0
634,817,183,0.183,0
782,891,109,0.109,0
698,849,151,0.151,0
768,884,116,0.116,0
778,889,111,0.111,0
708,854,146,0.146,0
782,891,109,0.109,0
724,862,138,0.138,0
708,854,146,0.146,0
696,848,152,0.152,0
726,863,137,0.137,0
734,867,133,0.133,0
746,873,127,0.127,0
746,873,127,0.127,0
700,850,150,0.15,0
730,865,135,0.135,0
794,897,103,0.103,0
734,867,133,0.133,0
762,881,119,0.119,0
772,886,114,0.114,0
744,872,128,0.128,0
734,867,133,0.133,0
740,870,130,0.13,0
702,851,149,0.149,0
756,878,122,0.122,0
710,855,145,0.145,0
760,880,120,0.12,0
664,832,168,0.168,0
712,856,144,0.144,0
720,860,140,0.14,0
700,850,150,0.15,0
780,890,110,0.11,0
718,859,141,0.141,0
718,859,141,0.141,0
780,890,110,0.11,0
728,864,136,0.136,0
736,868,132,0.132,0
730,865,135,0.135,0
720,860,140,0.14,0
790,895,105,0.105,0
730,865,135,0.135,0
774,887,113,0.113,0
750,875,125,0.125,0
742,871,129,0.129,0
702,851,149,0.149,0
678,839,161,0.161,0
734,867,133,0.133,0
744,872,128,0.128,0
752,876,124,0.124,0
680,840,160,0.16,0
758,879,121,0.121,0
710,855,145,0.145,0
736,868,132,0.132,0
802,901,99,0.099,0
712,856,144,0.144,0
740,870,130,0.13,0
696,848,152,0.152,0
788,894,106,0.106,0
738,869,131,0.131,0
720,860,140,0.14,0
746,873,127,0.127,0
716,858,142,0.142,0
714,857,143,0.143,0
732,866,134,0.134,0
750,875,125,0.125,0
774,887,113,0.113,0
740,870,130,0.13,0
700,850,150,0.15,0
718,859,141,0.141,0
746,873,127,0.127,0
732,866,134,0.134,0
798,899,101,0.101,0
766,883,117,0.117,0
678,839,161,0.161,0
742,871,129,0.129,0
796,898,102,0.102,0
738,869,131,0.131,0
710,855,145,0.145,0
698,849,151,0.151,0
744,872,128,0.128,0
704,852,148,0.148,0
720,860,140,0.14,0
716,858,142,0.142,0
784,892,108,0.108,0
742,871,129,0.129,0
704,852,148,0.148,0
732,866,134,0.134,0
680,840,160,0.16,0
718,859,141,0.141,0
738,869,131,0.131,0
784,892,108,0.108,0
706,853,147,0.147,0
696,848,152,0.152,0
718,859,141,0.141,0
688,844,156,0.156,0
676,838,162,0.162,0
714,857,143,0.143,0
738,869,131,0.131,0
746,873,127,0.127,0
662,831,169,0.169,0
762,881,119,0.119,0
714,857,143,0.143,0
694,847,153,0.153,0
772,886,114,0.114,0
740,870,130,0.13,0
710,855,145,0.145,0
700,850,150,0.15,0
690,845,155,0.155,0
744,872,128,0.128,0
700,850,150,0.15,0
700,850,150,0.15,0
718,859,141,0.141,0
768,884,116,0.116,0
708,854,146,0.146,0
744,872,128,0.128,0
710,855,145,0.145,0
682,841,159,0.159,0
726,863,137,0.137,0
748,874,126,0.126,0
724,862,138,0.138,0
720,860,140,0.14,0
686,843,157,0.157,0
754,877,123,0.123,0
700,850,150,0.15,0
754,877,123,0.123,0
730,865,135,0.135,0
776,888,112,0.112,0
710,855,145,0.145,0
710,855,145,0.145,0
720,860,140,0.14,0
736,868,132,0.132,0
784,892,108,0.108,0
768,884,116,0.116,0
790,895,105,0.105,0
804,902,98,0.098,0
698,849,151,0.151,0
694,847,153,0.153,0
706,853,147,0.147,0
736,868,132,0.132,0
718,859,141,0.141,0
770,885,115,0.115,0
714,857,143,0.143,0
722,861,139,0.139,0
716,858,142,0.142,0
734,867,133,0.133,0
728,864,136,0.136,0
734,867,133,0.133,0
774,887,113,0.113,0
786,893,107,0.107,0
776,888,112,0.112,0
730,865,135,0.135,0
764,882,118,0.118,0
744,872,128,0.128,0
760,880,120,0.12,0
704,852,148,0.148,0
778,889,111,0.111,0
760,880,120,0.12,0
778,889,111,0.111,0
712,856,144,0.144,0
704,852,148,0.148,0
758,879,121,0.121,0
746,873,127,0.127,0
752,876,124,0.124,0
720,860,140,0.14,0
680,840,160,0.16,0
704,852,148,0.148,0
756,878,122,0.122,0
702,851,149,0.149,0
746,873,127,0.127,0
752,876,124,0.124,0
720,860,140,0.14,0
700,850,150,0.15,0
746,873,127,0.127,0
716,858,142,0.142,0
706,853,147,0.147,0
740,870,130,0.13,0
690,845,155,0.155,0
726,863,137,0.137,0
748,874,126,0.126,0
732,866,134,0.134,0
702,851,149,0.149,0
716,858,142,0.142,0
702,851,149,0.149,0
684,842,158,0.158,0
728,864,136,0.136,0
734,867,133,0.133,0
730,865,135,0.135,0
720,860,140,0.14,0
764,882,118,0.118,0
728,864,136,0.136,0
724,862,138,0.138,0
716,858,142,0.142,0
718,859,141,0.141,0
710,855,145,0.145,0
716,858,142,0.142,0
708,854,146,0.146,0
748,874,126,0.126,0
768,884,116,0.116,0
710,855,145,0.145,0
760,880,120,0.12,0
742,871,129,0.129,0
696,848,152,0.152,0
720,860,140,0.14,0
748,874,126,0.126,0
710,855,145,0.145,0
686,843,157,0.157,0
684,842,158,0.158,0
718,859,141,0.141,0
782,891,109,0.109,0
688,844,156,0.156,0
692,846,154,0.154,0
742,871,129,0.129,0
750,875,125,0.125,0
732,866,134,0.134,0
730,865,135,0.135,0
754,877,123,0.123,0
688,844,156,0.156,0
724,862,138,0.138,0
716,858,142,0.142,0
722,861,139,0.139,0
724,862,138,0.138,0
698,849,151,0.151,0
678,839,161,0.161,0
780,890,110,0.11,0
714,857,143,0.143,0
728,864,136,0.136,0
764,882,118,0.118,0
728,864,136,0.136,0
662,831,169,0.169,0
706,853,147,0.147,0
684,842,158,0.158,0
774,887,113,0.113,0
712,856,144,0.144,0
746,873,127,0.127,0
714,857,143,0.143,0
660,830,170,0.17,0
776,888,112,0.112,0
700,850,150,0.15,0
796,898,102,0.102,0
774,887,113,0.113,0
778,889,111,0.111,0
702,851,149,0.149,0
694,847,153,0.153,0
700,850,150,0.15,0
766,883,117,0.117,0
744,872,128,0.128,0
702,851,149,0.149,0
772,886,114,0.114,0
706,853,147,0.147,0
698,849,151,0.151,0
746,873,127,0.127,0
716,858,142,0.142,0
706,853,147,0.147,0
730,865,135,0.135,0
736,868,132,0.132,0
746,873,127,0.127,0
698,849,151,0.151,0
768,884,116,0.116,0
720,860,140,0.14,0
748,874,126,0.126,0
694,847,153,0.153,0
750,875,125,0.125,0
748,874,126,0.126,0
766,883,117,0.117,0
762,881,119,0.119,0
724,862,138,0.138,0
772,886,114,0.114,0
688,844,156,0.156,0
712,856,144,0.144,0
722,861,139,0.139,0
742,871,129,0.129,0
748,874,126,0.126,0
774,887,113,0.113,0
750,875,125,0.125,0
750,875,125,0.125,0
738,869,131,0.131,0
718,859,141,0.141,0
742,871,129,0.129,0
710,855,145,0.145,0
752,876,124,0.124,0
790,895,105,0.105,0
742,871,129,0.129,0
704,852,148,0.148,0
708,854,146,0.146,0
720,860,140,0.14,0
760,880,120,0.12,0
740,870,130,0.13,0
744,872,128,0.128,0
700,850,150,0.15,0
712,856,144,0.144,0
714,857,143,0.143,0
786,893,107,0.107,0
724,862,138,0.138,0
698,849,151,0.151,0
696,848,152,0.152,0
722,861,139,0.139,0
704,852,148,0.148,0
678,839,161,0.161,0
728,864,136,0.136,0
712,856,144,0.144,0
700,850,150,0.15,0
714,857,143,0.143,0
750,875,125,0.125,0
692,846,154,0.154,0
734,867,133,0.133,0
686,843,157,0.157,0
720,860,140,0.14,0
756,878,122,0.122,0
746,873,127,0.127,0
740,870,130,0.13,0
720,860,140,0.14,0
708,854,146,0.146,0
748,874,126,0.126,0
716,858,142,0.142,0
740,870,130,0.13,0
710,855,145,0.145,0
706,853,147,0.147,0
766,883,117,0.117,0
734,867,133,0.133,0
750,875,125,0.125,0
706,853,147,0.147,0
766,883,117,0.117,0
724,862,138,0.138,0
770,885,115,0.115,0
754,877,123,0.123,0
774,887,113,0.113,0
708,854,146,0.146,0
732,866,134,0.134,0
728,864,136,0.136,0
696,848,152,0.152,0
820,910,90,0.09,0
694,847,153,0.153,0
692,846,154,0.154,0
708,854,146,0.146,0
744,872,128,0.128,0
762,881,119,0.119,0
772,886,114,0.114,0
680,840,160,0.16,0
706,853,147,0.147,0
796,898,102,0.102,0
758,879,121,0.121,0
732,866,134,0.134,0
758,879,121,0.121,0
736,868,132,0.132,0
716,858,142,0.142,0
772,886,114,0.114,0
730,865,135,0.135,0
776,888,112,0.112,0
730,865,135,0.135,0
734,867,133,0.133,0
762,881,119,0.119,0
674,837,163,0.163,0
754,877,123,0.123,0
718,859,141,0.141,0
698,849,151,0.151,0
742,871,129,0.129,0
750,875,125,0.125,0
728,864,136,0.136,0
738,869,131,0.131,0
788,894,106,0.106,0
760,880,120,0.12,0
750,875,125,0.125,0
758,879,121,0.121,0
790,895,105,0.105,0
744,872,128,0.128,0
684,842,158,0.158,0
760,880,120,0.12,0
728,864,136,0.136,0
758,879,121,0.121,0
748,874,126,0.126,0
742,871,129,0.129,0
752,876,124,0.124,0
744,872,128,0.128,0
738,869,131,0.131,0
764,882,118,0.118,0
770,885,115,0.115,0
772,886,114,0.114,0
712,856,144,0.144,0
714,857,143,0.143,0
650,825,175,0.175,0
750,875,125,0.125,0
754,877,123,0.123,0
748,874,126,0.126,0
748,874,126,0.126,0
686,843,157,0.157,0
700,850,150,0.15,0
722,861,139,0.139,0
774,887,113,0.113,0
694,847,153,0.153,0
746,873,127,0.127,0
728,864,136,0.136,0
732,866,134,0.134,0
714,857,143,0.143,0
710,855,145,0.145,0
698,849,151,0.151,0
690,845,155,0.155,0
738,869,131,0.131,0
734,867,133,0.133,0
720,860,140,0.14,0
752,876,124,0.124,0
786,893,107,0.107,0
710,855,145,0.145,0
722,861,139,0.139,0
732,866,134,0.134,0
762,881,119,0.119,0
736,868,132,0.132,0
732,866,134,0.134,0
646,823,177,0.177,0
746,873,127,0.127,0
744,872,128,0.128,0
670,835,165,0.165,0
720,860,140,0.14,0
712,856,144,0.144,0
730,865,135,0.135,0
696,848,152,0.152,0
706,853,147,0.147,0
812,906,94,0.094,0
804,902,98,0.098,0
714,857,143,0.143,0
742,871,129,0.129,0
704,852,148,0.148,0
722,861,139,0.139,0
748,874,126,0.126,0
768,884,116,0.116,0
778,889,111,0.111,0
708,854,146,0.146,0
752,876,124,0.124,0
718,859,141,0.141,0
676,838,162,0.162,0
722,861,139,0.139,0
732,866,134,0.134,0
700,850,150,0.15,0
712,856,144,0.144,0
780,890,110,0.11,0
706,853,147,0.147,0
722,861,139,0.139,0
644,822,178,0.178,0
700,850,150,0.15,0
774,887,113,0.113,0
754,877,123,0.123,0
742,871,129,0.129,0
718,859,141,0.141,0
736,868,132,0.132,0
770,885,115,0.115,0
780,890,110,0.11,0
746,873,127,0.127,0
726,863,137,0.137,0
766,883,117,0.117,0
808,904,96,0.096,0
766,883,117,0.117,0
738,869,131,0.131,0
736,868,132,0.132,0
764,882,118,0.118,0
708,854,146,0.146,0
748,874,126,0.126,0
776,888,112,0.112,0
750,875,125,0.125,0
762,881,119,0.119,0
762,881,119,0.119,0
792,896,104,0.104,0
710,855,145,0.145,0
760,880,120,0.12,0
712,856,144,0.144,0
732,866,134,0.134,0
684,842,158,0.158,0
750,875,125,0.125,0
728,864,136,0.136,0
716,858,142,0.142,0
712,856,144,0.144,0
766,883,117,0.117,0
698,849,151,0.151,0
698,849,151,0.151,0
728,864,136,0.136,0
728,864,136,0.136,0
740,870,130,0.13,0
736,868,132,0.132,0
710,855,145,0.145,0
712,856,144,0.144,0
730,865,135,0.135,0
730,865,135,0.135,0
738,869,131,0.131,0
752,876,124,0.124,0
792,896,104,0.104,0
730,865,135,0.135,0
734,867,133,0.133,0
736,868,132,0.132,0
778,889,111,0.111,0
694,847,153,0.153,0
738,869,131,0.131,0
744,872,128,0.128,0
730,865,135,0.135,0
692,846,154,0.154,0
758,879,121,0.121,0
774,887,113,0.113,0
686,843,157,0.157,0
730,865,135,0.135,0
768,884,116,0.116,0
714,857,143,0.143,0
758,879,121,0.121,0
788,894,106,0.106,0
694,847,153,0.153,0
710,855,145,0.145,0
766,883,117,0.117,0
688,844,156,0.156,0
712,856,144,0.144,0
768,884,116,0.116,0
792,896,104,0.104,0
792,896,104,0.104,0
762,881,119,0.119,0
678,839,161,0.161,0
740,870,130,0.13,0
746,873,127,0.127,0
740,870,130,0.13,0
714,857,143,0.143,0
706,853,147,0.147,0
726,863,137,0.137,0
776,888,112,0.112,0
748,874,126,0.126,0
750,875,125,0.125,0
738,869,131,0.131,0
752,876,124,0.124,0
748,874,126,0.126,0
756,878,122,0.122,0
698,849,151,0.151,0
752,876,124,0.124,0
746,873,127,0.127,0
736,868,132,0.132,0
722,861,139,0.139,0
690,845,155,0.155,0
716,858,142,0.142,0
716,858,142,0.142,0
740,870,130,0.13,0
718,859,141,0.141,0
746,873,127,0.127,0
666,833,167,0.167,0
708,854,146,0.146,0
720,860,140,0.14,0
720,860,140,0.14,0
756,878,122,0.122,0
730,865,135,0.135,0
702,851,149,0.149,0
726,863,137,0.137,0
718,859,141,0.141,0
678,839,161,0.161,0
744,872,128,0.128,0
738,869,131,0.131,0
738,869,131,0.131,0
686,843,157,0.157,0
718,859,141,0.141,0
702,851,149,0.149,0
724,862,138,0.138,0
744,872,128,0.128,0
694,847,153,0.153,0
802,901,99,0.099,0
714,857,143,0.143,0
690,845,155,0.155,0
732,866,134,0.134,0
804,902,98,0.098,0
730,865,135,0.135,0
764,882,118,0.118,0
748,874,126,0.126,0
752,876,124,0.124,0
748,874,126,0.126,0
730,865,135,0.135,0
742,871,129,0.129,0
712,856,144,0.144,0
742,871,129,0.129,0
730,865,135,0.135,0
782,891,109,0.109,0
716,858,142,0.142,0
688,844,156,0.156,0
742,871,129,0.129,0
752,876,124,0.124,0
704,852,148,0.148,0
770,885,115,0.115,0
764,882,118,0.118,0
748,874,126,0.126,0
670,835,165,0.165,0
736,868,132,0.132,0
756,878,122,0.122,0
736,868,132,0.132,0
702,851,149,0.149,0
778,889,111,0.111,0
754,877,123,0.123,0
702,851,149,0.149,0
744,872,128,0.128,0
752,876,124,0.124,0
682,841,159,0.159,0
680,840,160,0.16,0
702,851,149,0.149,0
740,870,130,0.13,0
780,890,110,0.11,0
732,866,134,0.134,0
762,881,119,0.119,0
692,846,154,0.154,0
708,854,146,0.146,0
738,869,131,0.131,0
718,859,141,0.141,0
798,899,101,0.101,0
746,873,127,0.127,0
730,865,135,0.135,0
736,868,132,0.132,0
780,890,110,0.11,0
734,867,133,0.133,0
728,864,136,0.136,0
752,876,124,0.124,0
702,851,149,0.149,0
718,859,141,0.141,0
774,887,113,0.113,0
740,870,130,0.13,0
700,850,150,0.15,0
714,857,143,0.143,0
752,876,124,0.124,0
778,889,111,0.111,0
714,857,143,0.143,0
748,874,126,0.126,0
768,884,116,0.116,0
698,849,151,0.151,0
726,863,137,0.137,0
690,845,155,0.155,0
676,838,162,0.162,0
794,897,103,0.103,0
746,873,127,0.127,0
710,855,145,0.145,0
768,884,116,0.116,0
708,854,146,0.146,0
730,865,135,0.135,0
722,861,139,0.139,0
770,885,115,0.115,0
732,866,134,0.134,0
726,863,137,0.137,0
744,872,128,0.128,0
730,865,135,0.135,0
746,873,127,0.127,0
762,881,119,0.119,0
716,858,142,0.142,0
768,884,116,0.116,0
744,872,128,0.128,0
704,852,148,0.148,0
742,871,129,0.129,0
778,889,111,0.111,0
680,840,160,0.16,0
752,876,124,0.124,0
674,837,163,0.163,0
742,871,129,0.129,0
762,881,119,0.119,0
686,843,157,0.157,0
748,874,126,0.126,0
732,866,134,0.134,0
758,879,121,0.121,0
732,866,134,0.134,0
768,884,116,0.116,0
770,885,115,0.115,0
764,882,118,0.118,0
762,881,119,0.119,0
678,839,161,0.161,0
744,872,128,0.128,0
722,861,139,0.139,0
674,837,163,0.163,0
744,872,128,0.128,0
758,879,121,0.121,0
746,873,127,0.127,0
674,837,163,0.163,0
748,874,126,0.126,0
734,867,133,0.133,0
754,877,123,0.123,0
734,867,133,0.133,0
708,854,146,0.146,0
704,852,148,0.148,0
752,876,124,0.124,0
716,858,142,0.142,0
798,899,101,0.101,0
702,851,149,0.149,0
778,889,111,0.111,0
778,889,111,0.111,0
706,853,147,0.147,0
726,863,137,0.137,0
726,863,137,0.137,0
716,858,142,0.142,0
736,868,132,0.132,0
772,886,114,0.114,0
762,881,119,0.119,0
704,852,148,0.148,0
724,862,138,0.138,0
760,880,120,0.12,0
714,857,143,0.143,0
714,857,143,0.143,0
710,855,145,0.145,0
692,846,154,0.154,0
758,879,121,0.121,0
766,883,117,0.117,0
680,840,160,0.16,0
722,861,139,0.139,0
720,860,140,0.14,0
738,869,131,0.131,0
746,873,127,0.127,0
776,888,112,0.112,0
720,860,140,0.14,0
730,865,135,0.135,0
732,866,134,0.134,0
664,832,168,0.168,0
704,852,148,0.148,0
702,851,149,0.149,0
704,852,148,0.148,0
740,870,130,0.13,0
734,867,133,0.133,0
734,867,133,0.133,0
770,885,115,0.115,0
730,865,135,0.135,0
710,855,145,0.145,0
782,891,109,0.109,0
740,870,130,0.13,0
804,902,98,0.098,0
744,872,128,0.128,0
688,844,156,0.156,0
792,896,104,0.104,0
712,856,144,0.144,0
784,892,108,0.108,0
720,860,140,0.14,0
728,864,136,0.136,0
686,843,157,0.157,0
756,878,122,0.122,0
736,868,132,0.132,0
736,868,132,0.132,0
740,870,130,0.13,0
740,870,130,0.13,0
706,853,147,0.147,0
718,859,141,0.141,0
698,849,151,0.151,0
726,863,137,0.137,0
772,886,114,0.114,0
802,901,99,0.099,0
746,873,127,0.127,0
740,870,130,0.13,0
780,890,110,0.11,0
728,864,136,0.136,0
758,879,121,0.121,0
760,880,120,0.12,0
738,869,131,0.131,0
702,851,149,0.149,0
764,882,118,0.118,0
726,863,137,0.137,0
764,882,118,0.118,0
704,852,148,0.148,0
688,844,156,0.156,0
712,856,144,0.144,0
708,854,146,0.146,0
706,853,147,0.147,0
720,860,140,0.14,0
714,857,143,0.143,0
700,850,150,0.15,0
708,854,146,0.146,0
798,899,101,0.101,0
712,856,144,0.144,0
790,895,105,0.105,0
756,878,122,0.122,0
772,886,114,0.114,0
734,867,133,0.133,0
738,869,131,0.131,0
732,866,134,0.134,0
754,877,123,0.123,0
704,852,148,0.148,0
728,864,136,0.136,0
722,861,139,0.139,0
720,860,140,0.14,0
754,877,123,0.123,0
738,869,131,0.131,0
782,891,109,0.109,0
760,880,120,0.12,0
754,877,123,0.123,0
720,860,140,0.14,0
738,869,131,0.131,0
724,862,138,0.138,0
682,841,159,0.159,0
756,878,122,0.122,0
754,877,123,0.123,0
706,853,147,0.147,0
692,846,154,0.154,0
746,873,127,0.127,0
726,863,137,0.137,0
770,885,115,0.115,0
706,853,147,0.147,0
770,885,115,0.115,0
710,855,145,0.145,0
754,877,123,0.123,0
770,885,115,0.115,0
730,865,135,0.135,0
746,873,127,0.127,0
724,862,138,0.138,0
728,864,136,0.136,0
706,853,147,0.147,0
678,839,161,0.161,0
754,877,123,0.123,0
758,879,121,0.121,0
696,848,152,0.152,0
726,863,137,0.137,0
730,865,135,0.135,0
780,890,110,0.11,0
736,868,132,0.132,0
732,866,134,0.134,0
756,878,122,0.122,0
684,842,158,0.158,0
744,872,128,0.128,0
654,827,173,0.173,0
706,853,147,0.147,0
718,859,141,0.141,0
732,866,134,0.134,0
738,869,131,0.131,0
758,879,121,0.121,0
736,868,132,0.132,0
682,841,159,0.159,0
708,854,146,0.146,0
676,838,162,0.162,0
728,864,136,0.136,0
752,876,124,0.124,0
744,872,128,0.128,0
724,862,138,0.138,0
714,857,143,0.143,0
784,892,108,0.108,0
714,857,143,0.143,0
696,848,152,0.152,0
590,795,205,0.205,0
758,879,121,0.121,0
732,866,134,0.134,0
716,858,142,0.142,0
720,860,140,0.14,0
714,857,143,0.143,0
772,886,114,0.114,0
756,878,122,0.122,0
692,846,154,0.154,0
780,890,110,0.11,0
772,886,114,0.114,0
688,844,156,0.156,0
724,862,138,0.138,0
736,868,132,0.132,0
750,875,125,0.125,0
740,870,130,0.13,0
738,869,131,0.131,0
752,876,124,0.124,0
764,882,118,0.118,0
722,861,139,0.139,0
720,860,140,0.14,0
726,863,137,0.137,0
674,837,163,0.163,0
758,879,121,0.121,0
710,855,145,0.145,0
696,848,152,0.152,0
756,878,122,0.122,0
768,884,116,0.116,0
694,847,153,0.153,0
738,869,131,0.131,0
772,886,114,0.114,0
746,873,127,0.127,0
784,892,108,0.108,0
704,852,148,0.148,0
734,867,133,0.133,0
760,880,120,0.12,0
734,867,133,0.133,0
700,850,150,0.15,0
732,866,134,0.134,0
760,880,120,0.12,0
710,855,145,0.145,0
790,895,105,0.105,0
736,868,132,0.132,0
786,893,107,0.107,0
730,865,135,0.135,0
712,856,144,0.144,0
702,851,149,0.149,0
762,881,119,0.119,0
718,859,141,0.141,0
776,888,112,0.112,0
664,832,168,0.168,0
780,890,110,0.11,0
736,868,132,0.132,0
704,852,148,0.148,0
790,895,105,0.105,0
746,873,127,0.127,0
702,851,149,0.149,0
712,856,144,0.144,0
740,870,130,0.13,0
676,838,162,0.162,0
692,846,154,0.154,0
734,867,133,0.133,0
736,868,132,0.132,0
710,855,145,0.145,0
768,884,116,0.116,0
748,874,126,0.126,0
720,860,140,0.14,0
728,864,136,0.136,0
768,884,116,0.116,0
768,884,116,0.116,0
724,862,138,0.138,0
704,852,148,0.148,0
770,885,115,0.115,0
686,843,157,0.157,0
758,879,121,0.121,0
734,867,133,0.133,0
774,887,113,0.113,0
716,858,142,0.142,0
718,859,141,0.141,0
702,851,149,0.149,0
818,909,91,0.091,0
732,866,134,0.134,0
724,862,138,0.138,0
734,867,133,0.133,0
742,871,129,0.129,0
714,857,143,0.143,0
748,874,126,0.126,0
692,846,154,0.154,0
752,876,124,0.124,0
794,897,103,0.103,0
722,861,139,0.139,0
784,892,108,0.108,0
670,835,165,0.165,0
800,900,100,0.1,0
684,842,158,0.158,0
720,860,140,0.14,0
738,869,131,0.131,0
724,862,138,0.138,0
716,858,142,0.142,0
740,870,130,0.13,0
734,867,133,0.133,0
730,865,135,0.135,0
742,871,129,0.129,0
730,865,135,0.135,0
718,859,141,0.141,0
754,877,123,0.123,0
754,877,123,0.123,0
698,849,151,0.151,0
720,860,140,0.14,0
766,883,117,0.117,0
748,874,126,0.126,0
714,857,143,0.143,0
704,852,148,0.148,0
778,889,111,0.111,0
716,858,142,0.142,0
722,861,139,0.139,0
746,873,127,0.127,0
730,865,135,0.135,0
728,864,136,0.136,0
752,876,124,0.124,0
768,884,116,0.116,0
702,851,149,0.149,0
784,892,108,0.108,0
744,872,128,0.128,0
718,859,141,0.141,0
716,858,142,0.142,0
774,887,113,0.113,0
702,851,149,0.149,0
776,888,112,0.112,0
774,887,113,0.113,0
724,862,138,0.138,0
744,872,128,0.128,0
706,853,147,0.147,0
694,847,153,0.153,0
728,864,136,0.136,0
754,877,123,0.123,0
724,862,138,0.138,0
706,853,147,0.147,0
744,872,128,0.128,0
772,886,114,0.114,0
696,848,152,0.152,0
760,880,120,0.12,0
716,858,142,0.142,0
698,849,151,0.151,0
738,869,131,0.131,0
728,864,136,0.136,0
718,859,141,0.141,0
730,865,135,0.135,0
720,860,140,0.14,0
670,835,165,0.165,0
704,852,148,0.148,0
690,845,155,0.155,0
754,877,123,0.123,0
690,845,155,0.155,0
720,860,140,0.14,0
750,875,125,0.125,0
736,868,132,0.132,0
692,846,154,0.154,0
694,847,153,0.153,0
748,874,126,0.126,0
712,856,144,0.144,0
720,860,140,0.14,0
772,886,114,0.114,0
744,872,128,0.128,0
720,860,140,0.14,0
746,873,127,0.127,0
746,873,127,0.127,0
726,863,137,0.137,0
740,870,130,0.13,0
688,844,156,0.156,0
682,841,159,0.159,0
732,866,134,0.134,0
756,878,122,0.122,0
732,866,134,0.134,0
704,852,148,0.148,0
730,865,135,0.135,0
736,868,132,0.132,0
674,837,163,0.163,0
736,868,132,0.132,0
760,880,120,0.12,0
730,865,135,0.135,0
744,872,128,0.128,0
732,866,134,0.134,0
744,872,128,0.128,0
784,892,108,0.108,0
748,874,126,0.126,0
734,867,133,0.133,0
730,865,135,0.135,0
776,888,112,0.112,0
692,846,154,0.154,0
726,863,137,0.137,0
746,873,127,0.127,0
778,889,111,0.111,0
762,881,119,0.119,0
748,874,126,0.126,0
700,850,150,0.15,0
764,882,118,0.118,0
756,878,122,0.122,0
780,890,110,0.11,0
696,848,152,0.152,0
752,876,124,0.124,0
730,865,135,0.135,0
712,856,144,0.144,0
726,863,137,0.137,0
728,864,136,0.136,0
772,886,114,0.114,0
716,858,142,0.142,0
784,892,108,0.108,0
722,861,139,0.139,0
680,840,160,0.16,0
766,883,117,0.117,0
762,881,119,0.119,0
772,886,114,0.114,0
734,867,133,0.133,0
742,871,129,0.129,0
728,864,136,0.136,0
748,874,126,0.126,0
698,849,151,0.151,0
724,862,138,0.138,0
694,847,153,0.153,0
752,876,124,0.124,0
748,874,126,0.126,0
728,864,136,0.136,0
768,884,116,0.116,0
650,825,175,0.175,0
712,856,144,0.144,0
716,858,142,0.142,0
734,867,133,0.133,0
706,853,147,0.147,0
762,881,119,0.119,0
742,871,129,0.129,0
670,835,165,0.165,0
708,854,146,0.146,0
732,866,134,0.134,0
740,870,130,0.13,0
682,841,159,0.159,0
770,885,115,0.115,0
666,833,167,0.167,0
712,856,144,0.144,0
702,851,149,0.149,0
716,858,142,0.142,0
744,872,128,0.128,0
768,884,116,0.116,0
694,847,153,0.153,0
712,856,144,0.144,0
772,886,114,0.114,0
660,830,170,0.17,0
750,875,125,0.125,0
740,870,130,0.13,0
730,865,135,0.135,0
784,892,108,0.108,0
752,876,124,0.124,0
744,872,128,0.128,0
698,849,151,0.151,0
674,837,163,0.163,0
752,876,124,0.124,0
694,847,153,0.153,0
748,874,126,0.126,0
722,861,139,0.139,0
734,867,133,0.133,0
732,866,134,0.134,0
682,841,159,0.159,0
706,853,147,0.147,0
766,883,117,0.117,0
764,882,118,0.118,0
730,865,135,0.135,0
698,849,151,0.151,0
724,862,138,0.138,0
762,881,119,0.119,0
728,864,136,0.136,0
774,887,113,0.113,0
766,883,117,0.117,0
742,871,129,0.129,0
744,872,128,0.128,0
748,874,126,0.126,0
760,880,120,0.12,0
784,892,108,0.108,0
714,857,143,0.143,0
736,868,132,0.132,0
738,869,131,0.131,0
706,853,147,0.147,0
772,886,114,0.114,0
720,860,140,0.14,0
712,856,144,0.144,0
784,892,108,0.108,0
706,853,147,0.147,0
656,828,172,0.172,0
732,866,134,0.134,0
754,877,123,0.123,0
760,880,120,0.12,0
742,871,129,0.129,0
742,871,129,0.129,0
766,883,117,0.117,0
748,874,126,0.126,0
694,847,153,0.153,0
728,864,136,0.136,0
818,909,91,0.091,0
786,893,107,0.107,0
744,872,128,0.128,0
732,866,134,0.134,0
724,862,138,0.138,0
734,867,133,0.133,0
718,859,141,0.141,0
666,833,167,0.167,0
714,857,143,0.143,0
736,868,132,0.132,0
782,891,109,0.109,0
752,876,124,0.124,0
754,877,123,0.123,0
724,862,138,0.138,0
722,861,139,0.139,0
728,864,136,0.136,0
770,885,115,0.115,0
706,853,147,0.147,0
750,875,125,0.125,0
772,886,114,0.114,0
686,843,157,0.157,0
738,869,131,0.131,0
742,871,129,0.129,0
748,874,126,0.126,0
798,899,101,0.101,0
758,879,121,0.121,0
752,876,124,0.124,0
752,876,124,0.124,0
738,869,131,0.131,0
704,852,148,0.148,0
700,850,150,0.15,0
710,855,145,0.145,0
762,881,119,0.119,0
764,882,118,0.118,0
658,829,171,0.171,0
742,871,129,0.129,0
732,866,134,0.134,0
736,868,132,0.132,0
738,869,131,0.131,0
710,855,145,0.145,0
714,857,143,0.143,0
740,870,130,0.13,0
746,873,127,0.127,0
722,861,139,0.139,0
694,847,153,0.153,0
724,862,138,0.138,0
658,829,171,0.171,0
748,874,126,0.126,0
700,850,150,0.15,0
728,864,136,0.136,0
768,884,116,0.116,0
702,851,149,0.149,0
706,853,147,0.147,0
746,873,127,0.127,0
710,855,145,0.145,0
728,864,136,0.136,0
754,877,123,0.123,0
756,878,122,0.122,0
710,855,145,0.145,0
716,858,142,0.142,0
722,861,139,0.139,0
740,870,130,0.13,0
720,860,140,0.14,0
748,874,126,0.126,0
736,868,132,0.132,0
734,867,133,0.133,0
716,858,142,0.142,0
724,862,138,0.138,0
750,875,125,0.125,0
706,853,147,0.147,0
782,891,109,0.109,0
714,857,143,0.143,0
730,865,135,0.135,0
734,867,133,0.133,0
782,891,109,0.109,0
720,860,140,0.14,0
734,867,133,0.133,0
744,872,128,0.128,0
726,863,137,0.137,0
758,879,121,0.121,0
688,844,156,0.156,0
768,884,116,0.116,0
746,873,127,0.127,0
724,862,138,0.138,0
778,889,111,0.111,0
694,847,153,0.153,0
750,875,125,0.125,0
730,865,135,0.135,0
738,869,131,0.131,0
704,852,148,0.148,0
752,876,124,0.124,0
712,856,144,0.144,0
796,898,102,0.102,0
704,852,148,0.148,0
730,865,135,0.135,0
702,851,149,0.149,0
718,859,141,0.141,0
744,872,128,0.128,0
780,890,110,0.11,0
728,864,136,0.136,0
766,883,117,0.117,0
732,866,134,0.134,0
692,846,154,0.154,0
742,871,129,0.129,0
678,839,161,0.161,0
762,881,119,0.119,0
692,846,154,0.154,0
752,876,124,0.124,0
694,847,153,0.153,0
774,887,113,0.113,0
746,873,127,0.127,0
776,888,112,0.112,0
774,887,113,0.113,0
738,869,131,0.131,0
752,876,124,0.124,0
716,858,142,0.142,0
828,914,86,0.086,0
720,860,140,0.14,0
768,884,116,0.116,0
762,881,119,0.119,0
686,843,157,0.157,0
756,878,122,0.122,0
750,875,125,0.125,0
732,866,134,0.134,0
774,887,113,0.113,0
714,857,143,0.143,0
716,858,142,0.142,0
726,863,137,0.137,0
778,889,111,0.111,0
732,866,134,0.134,0
778,889,111,0.111,0
714,857,143,0.143,0
704,852,148,0.148,0
706,853,147,0.147,0
792,896,104,0.104,0
700,850,150,0.15,0
680,840,160,0.16,0
736,868,132,0.132,0
746,873,127,0.127,0
718,859,141,0.141,0
714,857,143,0.143,0
724,862,138,0.138,0
742,871,129,0.129,0
784,892,108,0.108,0
782,891,109,0.109,0
712,856,144,0.144,0
714,857,143,0.143,0
788,894,106,0.106,0
740,870,130,0.13,0
786,893,107,0.107,0
702,851,149,0.149,0
764,882,118,0.118,0
708,854,146,0.146,0
702,851,149,0.149,0
728,864,136,0.136,0
714,857,143,0.143,0
744,872,128,0.128,0
716,858,142,0.142,0
750,875,125,0.125,0
740,870,130,0.13,0
724,862,138,0.138,0
742,871,129,0.129,0
682,841,159,0.159,0
762,881,119,0.119,0
744,872,128,0.128,0
742,871,129,0.129,0
726,863,137,0.137,0
694,847,153,0.153,0
714,857,143,0.143,0
772,886,114,0.114,0
746,873,127,0.127,0
738,869,131,0.131,0
720,860,140,0.14,0
750,875,125,0.125,0
740,870,130,0.13,0
742,871,129,0.129,0
746,873,127,0.127,0
734,867,133,0.133,0
752,876,124,0.124,0
698,849,151,0.151,0
754,877,123,0.123,0
732,866,134,0.134,0
760,880,120,0.12,0
802,901,99,0.099,0
762,881,119,0.119,0
740,870,130,0.13,0
716,858,142,0.142,0
770,885,115,0.115,0
762,881,119,0.119,0
728,864,136,0.136,0
736,868,132,0.132,0
736,868,132,0.132,0
776,888,112,0.112,0
700,850,150,0.15,0
758,879,121,0.121,0
738,869,131,0.131,0
698,849,151,0.151,0
768,884,116,0.116,0
760,880,120,0.12,0
772,886,114,0.114,0
740,870,130,0.13,0
772,886,114,0.114,0
700,850,150,0.15,0
720,860,140,0.14,0
798,899,101,0.101,0
714,857,143,0.143,0
708,854,146,0.146,0
712,856,144,0.144,0
750,875,125,0.125,0
728,864,136,0.136,0
712,856,144,0.144,0
728,864,136,0.136,0
692,846,154,0.154,0
680,840,160,0.16,0
710,855,145,0.145,0
750,875,125,0.125,0
762,881,119,0.119,0
698,849,151,0.151,0
696,848,152,0.152,0
704,852,148,0.148,0
684,842,158,0.158,0
726,863,137,0.137,0
728,864,136,0.136,0
724,862,138,0.138,0
738,869,131,0.131,0
720,860,140,0.14,0
674,837,163,0.163,0
780,890,110,0.11,0
764,882,118,0.118,0
716,858,142,0.142,0
766,883,117,0.117,0
706,853,147,0.147,0
694,847,153,0.153,0
702,851,149,0.149,0
714,857,143,0.143,0
690,845,155,0.155,0
726,863,137,0.137,0
658,829,171,0.171,0
742,871,129,0.129,0
742,871,129,0.129,0
752,876,124,0.124,0
706,853,147,0.147,0
768,884,116,0.116,0
698,849,151,0.151,0
726,863,137,0.137,0
714,857,143,0.143,0
704,852,148,0.148,0
776,888,112,0.112,0
716,858,142,0.142,0
740,870,130,0.13,0
748,874,126,0.126,0
742,871,129,0.129,0
734,867,133,0.133,0
702,851,149,0.149,0
732,866,134,0.134,0
702,851,149,0.149,0
726,863,137,0.137,0
726,863,137,0.137,0
688,844,156,0.156,0
768,884,116,0.116,0
730,865,135,0.135,0
752,876,124,0.124,0
702,851,149,0.149,0
728,864,136,0.136,0
758,879,121,0.121,0
734,867,133,0.133,0
746,873,127,0.127,0
754,877,123,0.123,0
750,875,125,0.125,0
746,873,127,0.127,0
778,889,111,0.111,0
730,865,135,0.135,0
720,860,140,0.14,0
728,864,136,0.136,0
756,878,122,0.122,0
800,900,100,0.1,0
766,883,117,0.117,0
720,860,140,0.14,0
720,860,140,0.14,0
674,837,163,0.163,0
756,878,122,0.122,0
764,882,118,0.118,0
780,890,110,0.11,0
722,861,139,0.139,0
750,875,125,0.125,0
718,859,141,0.141,0
714,857,143,0.143,0
758,879,121,0.121,0
686,843,157,0.157,0
748,874,126,0.126,0
778,889,111,0.111,0
734,867,133,0.133,0
734,867,133,0.133,0
706,853,147,0.147,0
728,864,136,0.136,0
724,862,138,0.138,0
760,880,120,0.12,0
732,866,134,0.134,0
738,869,131,0.131,0
704,852,148,0.148,0
724,862,138,0.138,0
670,835,165,0.165,0
776,888,112,0.112,0
758,879,121,0.121,0
760,880,120,0.12,0
734,867,133,0.133,0
748,874,126,0.126,0
706,853,147,0.147,0
694,847,153,0.153,0
726,863,137,0.137,0
774,887,113,0.113,0
770,885,115,0.115,0
672,836,164,0.164,0
708,854,146,0.146,0
758,879,121,0.121,0
740,870,130,0.13,0
728,864,136,0.136,0
722,861,139,0.139,0
770,885,115,0.115,0
716,858,142,0.142,0
742,871,129,0.129,0
682,841,159,0.159,0
724,862,138,0.138,0
724,862,138,0.138,0
748,874,126,0.126,0
734,867,133,0.133,0
780,890,110,0.11,0
668,834,166,0.166,0
730,865,135,0.135,0
728,864,136,0.136,0
806,903,97,0.097,0
710,855,145,0.145,0
766,883,117,0.117,0
720,860,140,0.14,0
710,855,145,0.145,0
764,882,118,0.118,0
718,859,141,0.141,0
784,892,108,0.108,0
744,872,128,0.128,0
678,839,161,0.161,0
754,877,123,0.123,0
732,866,134,0.134,0
768,884,116,0.116,0
758,879,121,0.121,0
710,855,145,0.145,0
752,876,124,0.124,0
704,852,148,0.148,0
772,886,114,0.114,0
770,885,115,0.115,0
718,859,141,0.141,0
676,838,162,0.162,0
766,883,117,0.117,0
704,852,148,0.148,0
766,883,117,0.117,0
804,902,98,0.098,0
754,877,123,0.123,0
724,862,138,0.138,0
710,855,145,0.145,0
740,870,130,0.13,0
760,880,120,0.12,0
684,842,158,0.158,0
752,876,124,0.124,0
742,871,129,0.129,0
710,855,145,0.145,0
710,855,145,0.145,0
686,843,157,0.157,0
714,857,143,0.143,0
732,866,134,0.134,0
752,876,124,0.124,0
764,882,118,0.118,0
710,855,145,0.145,0
702,851,149,0.149,0
706,853,147,0.147,0
766,883,117,0.117,0
784,892,108,0.108,0
750,875,125,0.125,0
716,858,142,0.142,0
782,891,109,0.109,0
730,865,135,0.135,0
798,899,101,0.101,0
724,862,138,0.138,0
730,865,135,0.135,0
784,892,108,0.108,0
720,860,140,0.14,0
748,874,126,0.126,0
746,873,127,0.127,0
756,878,122,0.122,0
668,834,166,0.166,0
732,866,134,0.134,0
740,870,130,0.13,0
720,860,140,0.14,0
696,848,152,0.152,0
748,874,126,0.126,0
722,861,139,0.139,0
724,862,138,0.138,0
702,851,149,0.149,0
672,836,164,0.164,0
742,871,129,0.129,0
732,866,134,0.134,0
788,894,106,0.106,0
748,874,126,0.126,0
698,849,151,0.151,0
746,873,127,0.127,0
748,874,126,0.126,0
718,859,141,0.141,0
784,892,108,0.108,0
754,877,123,0.123,0
680,840,160,0.16,0
786,893,107,0.107,0
728,864,136,0.136,0
744,872,128,0.128,0
750,875,125,0.125,0
716,858,142,0.142,0
724,862,138,0.138,0
756,878,122,0.122,0
736,868,132,0.132,0
716,858,142,0.142,0
730,865,135,0.135,0
778,889,111,0.111,0
744,872,128,0.128,0
758,879,121,0.121,0
712,856,144,0.144,0
706,853,147,0.147,0
762,881,119,0.119,0
784,892,108,0.108,0
728,864,136,0.136,0
768,884,116,0.116,0
750,875,125,0.125,0
734,867,133,0.133,0
664,832,168,0.168,0
756,878,122,0.122,0
676,838,162,0.162,0
768,884,116,0.116,0
708,854,146,0.146,0
704,852,148,0.148,0
704,852,148,0.148,0
726,863,137,0.137,0
754,877,123,0.123,0
732,866,134,0.134,0
762,881,119,0.119,0
740,870,130,0.13,0
700,850,150,0.15,0
714,857,143,0.143,0
720,860,140,0.14,0
744,872,128,0.128,0
704,852,148,0.148,0
740,870,130,0.13,0
770,885,115,0.115,0
744,872,128,0.128,0
752,876,124,0.124,0
716,858,142,0.142,0
748,874,126,0.126,0
752,876,124,0.124,0
698,849,151,0.151,0
712,856,144,0.144,0
736,868,132,0.132,0
764,882,118,0.118,0
704,852,148,0.148,0
732,866,134,0.134,0
734,867,133,0.133,0
740,870,130,0.13,0
798,899,101,0.101,0
700,850,150,0.15,0
760,880,120,0.12,0
720,860,140,0.14,0
742,871,129,0.129,0
714,857,143,0.143,0
710,855,145,0.145,0
770,885,115,0.115,0
716,858,142,0.142,0
740,870,130,0.13,0
686,843,157,0.157,0
752,876,124,0.124,0
784,892,108,0.108,0
760,880,120,0.12,0
662,831,169,0.169,0
666,833,167,0.167,0
626,813,187,0.187,0
718,859,141,0.141,0
672,836,164,0.164,0
750,875,125,0.125,0
736,868,132,0.132,0
708,854,146,0.146,0
786,893,107,0.107,0
714,857,143,0.143,0
764,882,118,0.118,0
740,870,130,0.13,0
708,854,146,0.146,0
764,882,118,0.118,0
758,879,121,0.121,0
702,851,149,0.149,0
762,881,119,0.119,0
734,867,133,0.133,0
736,868,132,0.132,0
784,892,108,0.108,0
736,868,132,0.132,0
696,848,152,0.152,0
750,875,125,0.125,0
716,858,142,0.142,0
666,833,167,0.167,0
778,889,111,0.111,0
730,865,135,0.135,0
732,866,134,0.134,0
702,851,149,0.149,0
744,872,128,0.128,0
708,854,146,0.146,0
750,875,125,0.125,0
724,862,138,0.138,0
746,873,127,0.127,0
758,879,121,0.121,0
702,851,149,0.149,0
726,863,137,0.137,0
732,866,134,0.134,0
664,832,168,0.168,0
718,859,141,0.141,0
704,852,148,0.148,0
740,870,130,0.13,0
736,868,132,0.132,0
754,877,123,0.123,0
782,891,109,0.109,0
692,846,154,0.154,0
772,886,114,0.114,0
758,879,121,0.121,0
774,887,113,0.113,0
716,858,142,0.142,0
732,866,134,0.134,0
688,844,156,0.156,0
748,874,126,0.126,0
762,881,119,0.119,0
694,847,153,0.153,0
708,854,146,0.146,0
778,889,111,0.111,0
722,861,139,0.139,0
754,877,123,0.123,0
724,862,138,0.138,0
746,873,127,0.127,0
776,888,112,0.112,0
732,866,134,0.134,0
706,853,147,0.147,0
770,885,115,0.115,0
684,842,158,0.158,0
692,846,154,0.154,0
702,851,149,0.149,0
740,870,130,0.13,0
720,860,140,0.14,0
724,862,138,0.138,0
756,878,122,0.122,0
772,886,114,0.114,0
694,847,153,0.153,0
768,884,116,0.116,0
694,847,153,0.153,0
700,850,150,0.15,0
740,870,130,0.13,0
712,856,144,0.144,0
746,873,127,0.127,0
654,827,173,0.173,0
750,875,125,0.125,0
770,885,115,0.115,0
760,880,120,0.12,0
748,874,126,0.126,0
700,850,150,0.15,0
786,893,107,0.107,0
704,852,148,0.148,0
738,869,131,0.131,0
736,868,132,0.132,0
770,885,115,0.115,0
686,843,157,0.157,0
736,868,132,0.132,0
728,864,136,0.136,0
758,879,121,0.121,0
744,872,128,0.128,0
754,877,123,0.123,0
688,844,156,0.156,0
710,855,145,0.145,0
704,852,148,0.148,0
708,854,146,0.146,0
762,881,119,0.119,0
766,883,117,0.117,0
694,847,153,0.153,0
694,847,153,0.153,0
694,847,153,0.153,0
764,882,118,0.118,0
764,882,118,0.118,0
714,857,143,0.143,0
766,883,117,0.117,0
776,888,112,0.112,0
730,865,135,0.135,0
686,843,157,0.157,0
712,856,144,0.144,0
770,885,115,0.115,0
708,854,146,0.146,0
750,875,125,0.125,0
736,868,132,0.132,0
726,863,137,0.137,0
690,845,155,0.155,0
692,846,154,0.154,0
708,854,146,0.146,0
716,858,142,0.142,0
698,849,151,0.151,0
710,855,145,0.145,0
702,851,149,0.149,0
712,856,144,0.144,0
696,848,152,0.152,0
776,888,112,0.112,0
772,886,114,0.114,0
738,869,131,0.131,0
730,865,135,0.135,0
754,877,123,0.123,0
732,866,134,0.134,0
778,889,111,0.111,0
770,885,115,0.115,0
710,855,145,0.145,0
768,884,116,0.116,0
734,867,133,0.133,0
810,905,95,0.095,0
702,851,149,0.149,0
716,858,142,0.142,0
744,872,128,0.128,0
714,857,143,0.143,0
714,857,143,0.143,0
698,849,151,0.151,0
736,868,132,0.132,0
714,857,143,0.143,0
772,886,114,0.114,0
732,866,134,0.134,0
720,860,140,0.14,0
834,917,83,0.083,0
758,879,121,0.121,0
712,856,144,0.144,0
746,873,127,0.127,0
730,865,135,0.135,0
730,865,135,0.135,0
734,867,133,0.133,0
760,880,120,0.12,0
768,884,116,0.116,0
778,889,111,0.111,0
690,845,155,0.155,0
704,852,148,0.148,0
748,874,126,0.126,0
780,890,110,0.11,0
720,860,140,0.14,0
720,860,140,0.14,0
696,848,152,0.152,0
754,877,123,0.123,0
696,848,152,0.152,0
738,869,131,0.131,0
736,868,132,0.132,0
704,852,148,0.148,0
778,889,111,0.111,0
784,892,108,0.108,0
764,882,118,0.118,0
746,873,127,0.127,0
744,872,128,0.128,0
746,873,127,0.127,0
700,850,150,0.15,0
732,866,134,0.134,0
758,879,121,0.121,0
716,858,142,0.142,0
720,860,140,0.14,0
772,886,114,0.114,0
766,883,117,0.117,0
712,856,144,0.144,0
712,856,144,0.144,0
734,867,133,0.133,0
668,834,166,0.166,0
728,864,136,0.136,0
776,888,112,0.112,0
674,837,163,0.163,0
724,862,138,0.138,0
710,855,145,0.145,0
736,868,132,0.132,0
746,873,127,0.127,0
752,876,124,0.124,0
734,867,133,0.133,0
740,870,130,0.13,0
726,863,137,0.137,0
742,871,129,0.129,0
786,893,107,0.107,0
718,859,141,0.141,0
684,842,158,0.158,0
700,850,150,0.15,0
734,867,133,0.133,0
690,845,155,0.155,0
752,876,124,0.124,0
768,884,116,0.116,0
676,838,162,0.162,0
730,865,135,0.135,0
700,850,150,0.15,0
712,856,144,0.144,0
756,878,122,0.122,0
744,872,128,0.128,0
734,867,133,0.133,0
740,870,130,0.13,0
674,837,163,0.163,0
740,870,130,0.13,0
750,875,125,0.125,0
708,854,146,0.146,0
708,854,146,0.146,0
786,893,107,0.107,0
736,868,132,0.132,0
710,855,145,0.145,0
726,863,137,0.137,0
716,858,142,0.142,0
718,859,141,0.141,0
790,895,105,0.105,0
672,836,164,0.164,0
730,865,135,0.135,0
674,837,163,0.163,0
744,872,128,0.128,0
788,894,106,0.106,0
726,863,137,0.137,0
770,885,115,0.115,0
686,843,157,0.157,0
710,855,145,0.145,0
722,861,139,0.139,0
718,859,141,0.141,0
754,877,123,0.123,0
722,861,139,0.139,0
714,857,143,0.143,0
726,863,137,0.137,0
700,850,150,0.15,0
702,851,149,0.149,0
702,851,149,0.149,0
694,847,153,0.153,0
720,860,140,0.14,0
698,849,151,0.151,0
720,860,140,0.14,0
736,868,132,0.132,0
704,852,148,0.148,0
760,880,120,0.12,0
744,872,128,0.128,0
636,818,182,0.182,0
734,867,133,0.133,0
726,863,137,0.137,0
706,853,147,0.147,0
700,850,150,0.15,0
788,894,106,0.106,0
706,853,147,0.147,0
718,859,141,0.141,0
702,851,149,0.149,0
740,870,130,0.13,0
746,873,127,0.127,0
738,869,131,0.131,0
744,872,128,0.128,0
764,882,118,0.118,0
732,866,134,0.134,0
714,857,143,0.143,0
730,865,135,0.135,0
756,878,122,0.122,0
734,867,133,0.133,0
736,868,132,0.132,0
676,838,162,0.162,0
744,872,128,0.128,0
694,847,153,0.153,0
680,840,160,0.16,0
704,852,148,0.148,0
774,887,113,0.113,0
750,875,125,0.125,0
740,870,130,0.13,0
710,855,145,0.145,0
724,862,138,0.138,0
712,856,144,0.144,0
728,864,136,0.136,0
732,866,134,0.134,0
792,896,104,0.104,0
738,869,131,0.131,0
680,840,160,0.16,0
712,856,144,0.144,0
748,874,126,0.126,0
760,880,120,0.12,0
706,853,147,0.147,0
738,869,131,0.131,0
764,882,118,0.118,0
744,872,128,0.128,0
726,863,137,0.137,0
694,847,153,0.153,0
748,874,126,0.126,0
742,871,129,0.129,0
724,862,138,0.138,0
746,873,127,0.127,0
712,856,144,0.144,0
770,885,115,0.115,0
668,834,166,0.166,0
728,864,136,0.136,0
676,838,162,0.162,0
734,867,133,0.133,0
672,836,164,0.164,0
712,856,144,0.144,0
686,843,157,0.157,0
762,881,119,0.119,0
736,868,132,0.132,0
726,863,137,0.137,0
710,855,145,0.145,0
758,879,121,0.121,0
754,877,123,0.123,0
738,869,131,0.131,0
744,872,128,0.128,0
678,839,161,0.161,0
726,863,137,0.137,0
730,865,135,0.135,0
742,871,129,0.129,0
754,877,123,0.123,0
746,873,127,0.127,0
774,887,113,0.113,0
684,842,158,0.158,0
756,878,122,0.122,0
704,852,148,0.148,0
734,867,133,0.133,0
720,860,140,0.14,0
712,856,144,0.144,0
768,884,116,0.116,0
730,865,135,0.135,0
734,867,133,0.133,0
692,846,154,0.154,0
734,867,133,0.133,0
704,852,148,0.148,0
726,863,137,0.137,0
776,888,112,0.112,0
764,882,118,0.118,0
752,876,124,0.124,0
696,848,152,0.152,0
644,822,178,0.178,0
744,872,128,0.128,0
760,880,120,0.12,0
684,842,158,0.158,0
694,847,153,0.153,0
680,840,160,0.16,0
726,863,137,0.137,0
744,872,128,0.128,0
712,856,144,0.144,0
726,863,137,0.137,0
708,854,146,0.146,0
692,846,154,0.154,0
652,826,174,0.174,0
708,854,146,0.146,0
762,881,119,0.119,0
718,859,141,0.141,0
764,882,118,0.118,0
796,898,102,0.102,0
748,874,126,0.126,0
714,857,143,0.143,0
732,866,134,0.134,0
708,854,146,0.146,0
710,855,145,0.145,0
748,874,126,0.126,0
770,885,115,0.115,0
698,849,151,0.151,0
768,884,116,0.116,0
714,857,143,0.143,0
698,849,151,0.151,0
698,849,151,0.151,0
732,866,134,0.134,0
782,891,109,0.109,0
774,887,113,0.113,0
720,860,140,0.14,0
728,864,136,0.136,0
818,909,91,0.091,0
710,855,145,0.145,0
730,865,135,0.135,0
716,858,142,0.142,0
738,869,131,0.131,0
716,858,142,0.142,0
728,864,136,0.136,0
696,848,152,0.152,0
770,885,115,0.115,0
722,861,139,0.139,0
734,867,133,0.133,0
696,848,152,0.152,0
746,873,127,0.127,0
718,859,141,0.141,0
758,879,121,0.121,0
764,882,118,0.118,0
758,879,121,0.121,0
734,867,133,0.133,0
776,888,112,0.112,0
720,860,140,0.14,0
702,851,149,0.149,0
692,846,154,0.154,0
742,871,129,0.129,0
732,866,134,0.134,0
736,868,132,0.132,0
720,860,140,0.14,0
758,879,121,0.121,0
698,849,151,0.151,0
684,842,158,0.158,0
698,849,151,0.151,0
746,873,127,0.127,0
780,890,110,0.11,0
728,864,136,0.136,0
708,854,146,0.146,0
710,855,145,0.145,0
756,878,122,0.122,0
712,856,144,0.144,0
728,864,136,0.136,0
774,887,113,0.113,0
692,846,154,0.154,0
740,870,130,0.13,0
674,837,163,0.163,0
746,873,127,0.127,0
704,852,148,0.148,0
740,870,130,0.13,0
784,892,108,0.108,0
742,871,129,0.129,0
686,843,157,0.157,0
738,869,131,0.131,0
730,865,135,0.135,0
698,849,151,0.151,0
722,861,139,0.139,0
776,888,112,0.112,0
684,842,158,0.158,0
782,891,109,0.109,0
716,858,142,0.142,0
718,859,141,0.141,0
656,828,172,0.172,0
740,870,130,0.13,0
756,878,122,0.122,0
698,849,151,0.151,0
770,885,115,0.115,0
704,852,148,0.148,0
758,879,121,0.121,0
756,878,122,0.122,0
704,852,148,0.148,0
738,869,131,0.131,0
766,883,117,0.117,0
712,856,144,0.144,0
704,852,148,0.148,0
734,867,133,0.133,0
760,880,120,0.12,0
652,826,174,0.174,0
722,861,139,0.139,0
716,858,142,0.142,0
710,855,145,0.145,0
778,889,111,0.111,0
764,882,118,0.118,0
756,878,122,0.122,0
764,882,118,0.118,0
732,866,134,0.134,0
740,870,130,0.13,0
760,880,120,0.12,0
704,852,148,0.148,0
724,862,138,0.138,0
738,869,131,0.131,0
810,905,95,0.095,0
780,890,110,0.11,0
692,846,154,0.154,0
714,857,143,0.143,0
678,839,161,0.161,0
734,867,133,0.133,0
720,860,140,0.14,0
764,882,118,0.118,0
734,867,133,0.133,0
656,828,172,0.172,0
678,839,161,0.161,0
788,894,106,0.106,0
750,875,125,0.125,0
794,897,103,0.103,0
742,871,129,0.129,0
742,871,129,0.129,0
764,882,118,0.118,0
678,839,161,0.161,0
702,851,149,0.149,0
732,866,134,0.134,0
708,854,146,0.146,0
700,850,150,0.15,0
718,859,141,0.141,0
708,854,146,0.146,0
726,863,137,0.137,0
740,870,130,0.13,0
740,870,130,0.13,0
720,860,140,0.14,0
752,876,124,0.124,0
710,855,145,0.145,0
736,868,132,0.132,0
718,859,141,0.141,0
730,865,135,0.135,0
798,899,101,0.101,0
732,866,134,0.134,0
686,843,157,0.157,0
722,861,139,0.139,0
728,864,136,0.136,0
706,853,147,0.147,0
760,880,120,0.12,0
686,843,157,0.157,0
766,883,117,0.117,0
798,899,101,0.101,0
666,833,167,0.167,0
716,858,142,0.142,0
702,851,149,0.149,0
726,863,137,0.137,0
728,864,136,0.136,0
788,894,106,0.106,0
718,859,141,0.141,0
762,881,119,0.119,0
702,851,149,0.149,0
752,876,124,0.124,0
684,842,158,0.158,0
774,887,113,0.113,0
754,877,123,0.123,0
746,873,127,0.127,0
746,873,127,0.127,0
732,866,134,0.134,0
714,857,143,0.143,0
730,865,135,0.135,0
686,843,157,0.157,0
684,842,158,0.158,0
682,841,159,0.159,0
710,855,145,0.145,0
724,862,138,0.138,0
764,882,118,0.118,0
732,866,134,0.134,0
704,852,148,0.148,0
708,854,146,0.146,0
710,855,145,0.145,0
728,864,136,0.136,0
738,869,131,0.131,0
756,878,122,0.122,0
740,870,130,0.13,0
738,869,131,0.131,0
678,839,161,0.161,0
698,849,151,0.151,0
708,854,146,0.146,0
742,871,129,0.129,0
716,858,142,0.142,0
768,884,116,0.116,0
778,889,111,0.111,0
720,860,140,0.14,0
652,826,174,0.174,0
784,892,108,0.108,0
726,863,137,0.137,0
704,852,148,0.148,0
692,846,154,0.154,0
760,880,120,0.12,0
722,861,139,0.139,0
722,861,139,0.139,0
724,862,138,0.138,0
698,849,151,0.151,0
760,880,120,0.12,0
758,879,121,0.121,0
726,863,137,0.137,0
710,855,145,0.145,0
688,844,156,0.156,0
768,884,116,0.116,0
748,874,126,0.126,0
754,877,123,0.123,0
746,873,127,0.127,0
722,861,139,0.139,0
734,867,133,0.133,0
756,878,122,0.122,0
720,860,140,0.14,0
772,886,114,0.114,0
756,878,122,0.122,0
760,880,120,0.12,0
758,879,121,0.121,0
748,874,126,0.126,0
676,838,162,0.162,0
764,882,118,0.118,0
708,854,146,0.146,0
772,886,114,0.114,0
762,881,119,0.119,0
656,828,172,0.172,0
774,887,113,0.113,0
720,860,140,0.14,0
708,854,146,0.146,0
738,869,131,0.131,0
702,851,149,0.149,0
736,868,132,0.132,0
758,879,121,0.121,0
746,873,127,0.127,0
746,873,127,0.127,0
688,844,156,0.156,0
738,869,131,0.131,0
734,867,133,0.133,0
684,842,158,0.158,0
822,911,89,0.089,0
764,882,118,0.118,0
680,840,160,0.16,0
750,875,125,0.125,0
726,863,137,0.137,0
710,855,145,0.145,0
734,867,133,0.133,0
778,889,111,0.111,0
718,859,141,0.141,0
708,854,146,0.146,0
772,886,114,0.114,0
720,860,140,0.14,0
750,875,125,0.125,0
726,863,137,0.137,0
782,891,109,0.109,0
738,869,131,0.131,0
710,855,145,0.145,0
736,868,132,0.132,0
772,886,114,0.114,0
678,839,161,0.161,0
732,866,134,0.134,0
724,862,138,0.138,0
684,842,158,0.158,0
734,867,133,0.133,0
706,853,147,0.147,0
748,874,126,0.126,0
764,882,118,0.118,0
714,857,143,0.143,0
728,864,136,0.136,0
716,858,142,0.142,0
686,843,157,0.157,0
732,866,134,0.134,0
726,863,137,0.137,0
786,893,107,0.107,0
750,875,125,0.125,0
762,881,119,0.119,0
756,878,122,0.122,0
748,874,126,0.126,0
706,853,147,0.147,0
738,869,131,0.131,0
710,855,145,0.145,0
700,850,150,0.15,0
768,884,116,0.116,0
758,879,121,0.121,0
760,880,120,0.12,0
702,851,149,0.149,0
754,877,123,0.123,0
758,879,121,0.121,0
710,855,145,0.145,0
662,831,169,0.169,0
710,855,145,0.145,0
738,869,131,0.131,0
762,881,119,0.119,0
762,881,119,0.119,0
734,867,133,0.133,0
726,863,137,0.137,0
706,853,147,0.147,0
744,872,128,0.128,0
750,875,125,0.125,0
710,855,145,0.145,0
646,823,177,0.177,0
742,871,129,0.129,0
724,862,138,0.138,0
720,860,140,0.14,0
754,877,123,0.123,0
754,877,123,0.123,0
716,858,142,0.142,0
778,889,111,0.111,0
716,858,142,0.142,0
762,881,119,0.119,0
734,867,133,0.133,0
746,873,127,0.127,0
686,843,157,0.157,0
708,854,146,0.146,0
746,873,127,0.127,0
724,862,138,0.138,0
728,864,136,0.136,0
768,884,116,0.116,0
742,871,129,0.129,0
730,865,135,0.135,0
730,865,135,0.135,0
762,881,119,0.119,0
714,857,143,0.143,0
718,859,141,0.141,0
766,883,117,0.117,0
726,863,137,0.137,0
714,857,143,0.143,0
750,875,125,0.125,0
746,873,127,0.127,0
764,882,118,0.118,0
710,855,145,0.145,0
790,895,105,0.105,0
734,867,133,0.133,0
800,900,100,0.1,0
708,854,146,0.146,0
712,856,144,0.144,0
738,869,131,0.131,0
684,842,158,0.158,0
676,838,162,0.162,0
758,879,121,0.121,0
780,890,110,0.11,0
746,873,127,0.127,0
708,854,146,0.146,0
682,841,159,0.159,0
764,882,118,0.118,0
754,877,123,0.123,0
740,870,130,0.13,0
762,881,119,0.119,0
776,888,112,0.112,0
734,867,133,0.133,0
768,884,116,0.116,0
756,878,122,0.122,0
736,868,132,0.132,0
698,849,151,0.151,0
696,848,152,0.152,0
772,886,114,0.114,0
706,853,147,0.147,0
740,870,130,0.13,0
726,863,137,0.137,0
730,865,135,0.135,0
756,878,122,0.122,0
772,886,114,0.114,0
704,852,148,0.148,0
702,851,149,0.149,0
744,872,128,0.128,0
760,880,120,0.12,0
710,855,145,0.145,0
692,846,154,0.154,0
680,840,160,0.16,0
738,869,131,0.131,0
780,890,110,0.11,0
732,866,134,0.134,0
774,887,113,0.113,0
692,846,154,0.154,0
744,872,128,0.128,0
756,878,122,0.122,0
710,855,145,0.145,0
708,854,146,0.146,0
770,885,115,0.115,0
756,878,122,0.122,0
668,834,166,0.166,0
710,855,145,0.145,0
736,868,132,0.132,0
704,852,148,0.148,0
718,859,141,0.141,0
684,842,158,0.158,0
710,855,145,0.145,0
726,863,137,0.137,0
732,866,134,0.134,0
716,858,142,0.142,0
700,850,150,0.15,0
694,847,153,0.153,0
750,875,125,0.125,0
758,879,121,0.121,0
710,855,145,0.145,0
764,882,118,0.118,0
742,871,129,0.129,0
736,868,132,0.132,0
726,863,137,0.137,0
678,839,161,0.161,0
732,866,134,0.134,0
736,868,132,0.132,0
684,842,158,0.158,0
712,856,144,0.144,0
744,872,128,0.128,0
770,885,115,0.115,0
736,868,132,0.132,0
704,852,148,0.148,0
744,872,128,0.128,0
748,874,126,0.126,0
744,872,128,0.128,0
756,878,122,0.122,0
766,883,117,0.117,0
742,871,129,0.129,0
722,861,139,0.139,0
740,870,130,0.13,0
708,854,146,0.146,0
740,870,130,0.13,0
712,856,144,0.144,0
754,877,123,0.123,0
674,837,163,0.163,0
712,856,144,0.144,0
692,846,154,0.154,0
716,858,142,0.142,0
734,867,133,0.133,0
730,865,135,0.135,0
744,872,128,0.128,0
720,860,140,0.14,0
732,866,134,0.134,0
798,899,101,0.101,0
794,897,103,0.103,0
732,866,134,0.134,0
734,867,133,0.133,0
718,859,141,0.141,0
670,835,165,0.165,0
722,861,139,0.139,0
774,887,113,0.113,0
710,855,145,0.145,0
720,860,140,0.14,0
720,860,140,0.14,0
740,870,130,0.13,0
782,891,109,0.109,0
670,835,165,0.165,0
794,897,103,0.103,0
782,891,109,0.109,0
710,855,145,0.145,0
720,860,140,0.14,0
790,895,105,0.105,0
774,887,113,0.113,0
754,877,123,0.123,0
672,836,164,0.164,0
746,873,127,0.127,0
726,863,137,0.137,0
736,868,132,0.132,0
722,861,139,0.139,0
754,877,123,0.123,0
706,853,147,0.147,0
732,866,134,0.134,0
792,896,104,0.104,0
738,869,131,0.131,0
682,841,159,0.159,0
722,861,139,0.139,0
692,846,154,0.154,0
732,866,134,0.134,0
772,886,114,0.114,0
722,861,139,0.139,0
722,861,139,0.139,0
686,843,157,0.157,0
730,865,135,0.135,0
728,864,136,0.136,0
720,860,140,0.14,0
724,862,138,0.138,0
716,858,142,0.142,0
718,859,141,0.141,0
658,829,171,0.171,0
726,863,137,0.137,0
716,858,142,0.142,0
746,873,127,0.127,0
734,867,133,0.133,0
670,835,165,0.165,0
722,861,139,0.139,0
758,879,121,0.121,0
752,876,124,0.124,0
732,866,134,0.134,0
682,841,159,0.159,0
694,847,153,0.153,0
722,861,139,0.139,0
720,860,140,0.14,0
714,857,143,0.143,0
694,847,153,0.153,0
746,873,127,0.127,0
690,845,155,0.155,0
704,852,148,0.148,0
742,871,129,0.129,0
706,853,147,0.147,0
764,882,118,0.118,0
778,889,111,0.111,0
746,873,127,0.127,0
746,873,127,0.127,0
726,863,137,0.137,0
708,854,146,0.146,0
746,873,127,0.127,0
704,852,148,0.148,0
762,881,119,0.119,0
768,884,116,0.116,0
766,883,117,0.117,0
722,861,139,0.139,0
756,878,122,0.122,0
694,847,153,0.153,0
736,868,132,0.132,0
680,840,160,0.16,0
718,859,141,0.141,0
760,880,120,0.12,0
726,863,137,0.137,0
698,849,151,0.151,0
712,856,144,0.144,0
720,860,140,0.14,0
738,869,131,0.131,0
692,846,154,0.154,0
754,877,123,0.123,0
766,883,117,0.117,0
688,844,156,0.156,0
716,858,142,0.142,0
698,849,151,0.151,0
780,890,110,0.11,0
710,855,145,0.145,0
708,854,146,0.146,0
754,877,123,0.123,0
736,868,132,0.132,0
716,858,142,0.142,0
718,859,141,0.141,0
766,883,117,0.117,0
756,878,122,0.122,0
698,849,151,0.151,0
728,864,136,0.136,0
782,891,109,0.109,0
726,863,137,0.137,0
700,850,150,0.15,0
702,851,149,0.149,0
754,877,123,0.123,0
772,886,114,0.114,0
746,873,127,0.127,0
746,873,127,0.127,0
702,851,149,0.149,0
686,843,157,0.157,0
764,882,118,0.118,0
748,874,126,0.126,0
722,861,139,0.139,0
748,874,126,0.126,0
638,819,181,0.181,0
720,860,140,0.14,0
728,864,136,0.136,0
762,881,119,0.119,0
736,868,132,0.132,0
718,859,141,0.141,0
748,874,126,0.126,0
732,866,134,0.134,0
754,877,123,0.123,0
724,862,138,0.138,0
686,843,157,0.157,0
738,869,131,0.131,0
738,869,131,0.131,0
708,854,146,0.146,0
726,863,137,0.137,0
728,864,136,0.136,0
738,869,131,0.131,0
720,860,140,0.14,0
718,859,141,0.141,0
716,858,142,0.142,0
674,837,163,0.163,0
720,860,140,0.14,0
728,864,136,0.136,0
744,872,128,0.128,0
730,865,135,0.135,0
732,866,134,0.134,0
744,872,128,0.128,0
706,853,147,0.147,0
696,848,152,0.152,0
714,857,143,0.143,0
724,862,138,0.138,0
678,839,161,0.161,0
708,854,146,0.146,0
720,860,140,0.14,0
668,834,166,0.166,0
766,883,117,0.117,0
720,860,140,0.14,0
712,856,144,0.144,0
756,878,122,0.122,0
700,850,150,0.15,0
728,864,136,0.136,0
764,882,118,0.118,0
752,876,124,0.124,0
760,880,120,0.12,0
726,863,137,0.137,0
704,852,148,0.148,0
708,854,146,0.146,0
732,866,134,0.134,0
698,849,151,0.151,0
656,828,172,0.172,0
738,869,131,0.131,0
788,894,106,0.106,0
736,868,132,0.132,0
732,866,134,0.134,0
754,877,123,0.123,0
732,866,134,0.134,0
734,867,133,0.133,0
702,851,149,0.149,0
700,850,150,0.15,0
656,828,172,0.172,0
704,852,148,0.148,0
718,859,141,0.141,0
750,875,125,0.125,0
738,869,131,0.131,0
710,855,145,0.145,0
750,875,125,0.125,0
754,877,123,0.123,0
736,868,132,0.132,0
738,869,131,0.131,0
750,875,125,0.125,0
708,854,146,0.146,0
732,866,134,0.134,0
704,852,148,0.148,0
750,875,125,0.125,0
708,854,146,0.146,0
752,876,124,0.124,0
794,897,103,0.103,0
722,861,139,0.139,0
798,899,101,0.101,0
744,872,128,0.128,0
664,832,168,0.168,0
754,877,123,0.123,0
756,878,122,0.122,0
696,848,152,0.152,0
736,868,132,0.132,0
738,869,131,0.131,0
750,875,125,0.125,0
800,900,100,0.1,0
724,862,138,0.138,0
710,855,145,0.145,0
714,857,143,0.143,0
706,853,147,0.147,0
746,873,127,0.127,0
724,862,138,0.138,0
702,851,149,0.149,0
740,870,130,0.13,0
740,870,130,0.13,0
742,871,129,0.129,0
670,835,165,0.165,0
712,856,144,0.144,0
720,860,140,0.14,0
726,863,137,0.137,0
738,869,131,0.131,0
766,883,117,0.117,0
742,871,129,0.129,0
736,868,132,0.132,0
730,865,135,0.135,0
736,868,132,0.132,0
744,872,128,0.128,0
734,867,133,0.133,0
674,837,163,0.163,0
734,867,133,0.133,0
662,831,169,0.169,0
782,891,109,0.109,0
738,869,131,0.131,0
738,869,131,0.131,0
732,866,134,0.134,0
738,869,131,0.131,0
772,886,114,0.114,0
714,857,143,0.143,0
772,886,114,0.114,0
746,873,127,0.127,0
770,885,115,0.115,0
724,862,138,0.138,0
780,890,110,0.11,0
696,848,152,0.152,0
690,845,155,0.155,0
710,855,145,0.145,0
728,864,136,0.136,0
750,875,125,0.125,0
734,867,133,0.133,0
730,865,135,0.135,0
648,824,176,0.176,0
706,853,147,0.147,0
730,865,135,0.135,0
700,850,150,0.15,0
770,885,115,0.115,0
714,857,143,0.143,0
684,842,158,0.158,0
744,872,128,0.128,0
684,842,158,0.158,0
700,850,150,0.15,0
754,877,123,0.123,0
740,870,130,0.13,0
684,842,158,0.158,0
762,881,119,0.119,0
726,863,137,0.137,0
722,861,139,0.139,0
746,873,127,0.127,0
732,866,134,0.134,0
730,865,135,0.135,0
708,854,146,0.146,0
754,877,123,0.123,0
730,865,135,0.135,0
738,869,131,0.131,0
754,877,123,0.123,0
724,862,138,0.138,0
764,882,118,0.118,0
660,830,170,0.17,0
714,857,143,0.143,0
628,814,186,0.186,0
736,868,132,0.132,0
732,866,134,0.134,0
754,877,123,0.123,0
714,857,143,0.143,0
670,835,165,0.165,0
744,872,128,0.128,0
748,874,126,0.126,0
746,873,127,0.127,0
722,861,139,0.139,0
764,882,118,0.118,0
672,836,164,0.164,0
786,893,107,0.107,0
796,898,102,0.102,0
712,856,144,0.144,0
738,869,131,0.131,0
712,856,144,0.144,0
682,841,159,0.159,0
780,890,110,0.11,0
750,875,125,0.125,0
716,858,142,0.142,0
760,880,120,0.12,0
740,870,130,0.13,0
722,861,139,0.139,0
710,855,145,0.145,0
692,846,154,0.154,0
706,853,147,0.147,0
780,890,110,0.11,0
712,856,144,0.144,0
736,868,132,0.132,0
708,854,146,0.146,0
730,865,135,0.135,0
714,857,143,0.143,0
736,868,132,0.132,0
794,897,103,0.103,0
736,868,132,0.132,0
676,838,162,0.162,0
694,847,153,0.153,0
740,870,130,0.13,0
800,900,100,0.1,0
758,879,121,0.121,0
744,872,128,0.128,0
732,866,134,0.134,0
728,864,136,0.136,0
766,883,117,0.117,0
744,872,128,0.128,0
700,850,150,0.15,0
728,864,136,0.136,0
734,867,133,0.133,0
692,846,154,0.154,0
734,867,133,0.133,0
724,862,138,0.138,0
770,885,115,0.115,0
712,856,144,0.144,0
736,868,132,0.132,0
710,855,145,0.145,0
716,858,142,0.142,0
728,864,136,0.136,0
718,859,141,0.141,0
694,847,153,0.153,0
774,887,113,0.113,0
716,858,142,0.142,0
694,847,153,0.153,0
716,858,142,0.142,0
648,824,176,0.176,0
726,863,137,0.137,0
690,845,155,0.155,0
750,875,125,0.125,0
712,856,144,0.144,0
770,885,115,0.115,0
756,878,122,0.122,0
722,861,139,0.139,0
746,873,127,0.127,0
734,867,133,0.133,0
736,868,132,0.132,0
712,856,144,0.144,0
704,852,148,0.148,0
750,875,125,0.125,0
738,869,131,0.131,0
728,864,136,0.136,0
720,860,140,0.14,0
784,892,108,0.108,0
676,838,162,0.162,0
772,886,114,0.114,0
688,844,156,0.156,0
758,879,121,0.121,0
720,860,140,0.14,0
686,843,157,0.157,0
760,880,120,0.12,0
738,869,131,0.131,0
686,843,157,0.157,0
764,882,118,0.118,0
710,855,145,0.145,0
698,849,151,0.151,0
716,858,142,0.142,0
800,900,100,0.1,0
708,854,146,0.146,0
700,850,150,0.15,0
720,860,140,0.14,0
792,896,104,0.104,0
672,836,164,0.164,0
830,915,85,0.085,0
728,864,136,0.136,0
746,873,127,0.127,0
686,843,157,0.157,0
710,855,145,0.145,0
770,885,115,0.115,0
728,864,136,0.136,0
730,865,135,0.135,0
776,888,112,0.112,0
728,864,136,0.136,0
728,864,136,0.136,0
744,872,128,0.128,0
798,899,101,0.101,0
692,846,154,0.154,0
710,855,145,0.145,0
696,848,152,0.152,0
714,857,143,0.143,0
754,877,123,0.123,0
732,866,134,0.134,0
750,875,125,0.125,0
728,864,136,0.136,0
756,878,122,0.122,0
698,849,151,0.151,0
676,838,162,0.162,0
722,861,139,0.139,0
708,854,146,0.146,0
718,859,141,0.141,0
732,866,134,0.134,0
714,857,143,0.143,0
734,867,133,0.133,0
748,874,126,0.126,0
740,870,130,0.13,0
780,890,110,0.11,0
774,887,113,0.113,0
766,883,117,0.117,0
776,888,112,0.112,0
794,897,103,0.103,0
776,888,112,0.112,0
766,883,117,0.117,0
752,876,124,0.124,0
744,872,128,0.128,0
736,868,132,0.132,0
746,873,127,0.127,0
688,844,156,0.156,0
752,876,124,0.124,0
712,856,144,0.144,0
744,872,128,0.128,0
750,875,125,0.125,0
752,876,124,0.124,0
724,862,138,0.138,0
740,870,130,0.13,0
744,872,128,0.128,0
714,857,143,0.143,0
762,881,119,0.119,0
698,849,151,0.151,0
700,850,150,0.15,0
718,859,141,0.141,0
702,851,149,0.149,0
760,880,120,0.12,0
704,852,148,0.148,0
752,876,124,0.124,0
726,863,137,0.137,0
638,819,181,0.181,0
728,864,136,0.136,0
696,848,152,0.152,0
696,848,152,0.152,0
698,849,151,0.151,0
722,861,139,0.139,0
798,899,101,0.101,0
728,864,136,0.136,0
726,863,137,0.137,0
712,856,144,0.144,0
726,863,137,0.137,0
680,840,160,0.16,0
754,877,123,0.123,0
754,877,123,0.123,0
760,880,120,0.12,0
736,868,132,0.132,0
758,879,121,0.121,0
750,875,125,0.125,0
644,822,178,0.178,0
752,876,124,0.124,0
712,856,144,0.144,0
780,890,110,0.11,0
686,843,157,0.157,0
716,858,142,0.142,0
768,884,116,0.116,0
706,853,147,0.147,0
728,864,136,0.136,0
752,876,124,0.124,0
742,871,129,0.129,0
742,871,129,0.129,0
738,869,131,0.131,0
742,871,129,0.129,0
824,912,88,0.088,0
768,884,116,0.116,0
746,873,127,0.127,0
746,873,127,0.127,0
746,873,127,0.127,0
690,845,155,0.155,0
728,864,136,0.136,0
746,873,127,0.127,0
698,849,151,0.151,0
728,864,136,0.136,0
690,845,155,0.155,0
740,870,130,0.13,0
738,869,131,0.131,0
710,855,145,0.145,0
704,852,148,0.148,0
722,861,139,0.139,0
724,862,138,0.138,0
740,870,130,0.13,0
706,853,147,0.147,0
750,875,125,0.125,0
686,843,157,0.157,0
788,894,106,0.106,0
718,859,141,0.141,0
734,867,133,0.133,0
764,882,118,0.118,0
716,858,142,0.142,0
740,870,130,0.13,0
708,854,146,0.146,0
776,888,112,0.112,0
742,871,129,0.129,0
728,864,136,0.136,0
724,862,138,0.138,0
730,865,135,0.135,0
698,849,151,0.151,0
794,897,103,0.103,0
716,858,142,0.142,0
720,860,140,0.14,0
784,892,108,0.108,0
646,823,177,0.177,0
752,876,124,0.124,0
768,884,116,0.116,0
762,881,119,0.119,0
714,857,143,0.143,0
690,845,155,0.155,0
736,868,132,0.132,0
776,888,112,0.112,0
758,879,121,0.121,0
716,858,142,0.142,0
706,853,147,0.147,0
682,841,159,0.159,0
718,859,141,0.141,0
706,853,147,0.147,0
734,867,133,0.133,0
778,889,111,0.111,0
662,831,169,0.169,0
662,831,169,0.169,0
698,849,151,0.151,0
742,871,129,0.129,0
726,863,137,0.137,0
780,890,110,0.11,0
712,856,144,0.144,0
756,878,122,0.122,0
740,870,130,0.13,0
750,875,125,0.125,0
790,895,105,0.105,0
726,863,137,0.137,0
730,865,135,0.135,0
766,883,117,0.117,0
794,897,103,0.103,0
746,873,127,0.127,0
716,858,142,0.142,0
676,838,162,0.162,0
776,888,112,0.112,0
732,866,134,0.134,0
736,868,132,0.132,0
762,881,119,0.119,0
700,850,150,0.15,0
726,863,137,0.137,0
672,836,164,0.164,0
770,885,115,0.115,0
754,877,123,0.123,0
722,861,139,0.139,0
712,856,144,0.144,0
736,868,132,0.132,0
714,857,143,0.143,0
724,862,138,0.138,0
722,861,139,0.139,0
804,902,98,0.098,0
778,889,111,0.111,0
774,887,113,0.113,0
696,848,152,0.152,0
716,858,142,0.142,0
744,872,128,0.128,0
752,876,124,0.124,0
792,896,104,0.104,0
744,872,128,0.128,0
768,884,116,0.116,0
716,858,142,0.142,0
738,869,131,0.131,0
722,861,139,0.139,0
702,851,149,0.149,0
748,874,126,0.126,0
754,877,123,0.123,0
744,872,128,0.128,0
684,842,158,0.158,0
728,864,136,0.136,0
726,863,137,0.137,0
754,877,123,0.123,0
722,861,139,0.139,0
674,837,163,0.163,0
784,892,108,0.108,0
790,895,105,0.105,0
724,862,138,0.138,0
722,861,139,0.139,0
788,894,106,0.106,0
660,830,170,0.17,0
782,891,109,0.109,0
744,872,128,0.128,0
698,849,151,0.151,0
758,879,121,0.121,0
698,849,151,0.151,0
756,878,122,0.122,0
712,856,144,0.144,0
746,873,127,0.127,0
724,862,138,0.138,0
766,883,117,0.117,0
690,845,155,0.155,0
754,877,123,0.123,0
700,850,150,0.15,0
700,850,150,0.15,0
756,878,122,0.122,0
754,877,123,0.123,0
736,868,132,0.132,0
732,866,134,0.134,0
760,880,120,0.12,0
800,900,100,0.1,0
682,841,159,0.159,0
736,868,132,0.132,0
750,875,125,0.125,0
740,870,130,0.13,0
694,847,153,0.153,0
684,842,158,0.158,0
722,861,139,0.139,0
720,860,140,0.14,0
806,903,97,0.097,0
778,889,111,0.111,0
674,837,163,0.163,0
710,855,145,0.145,0
726,863,137,0.137,0
760,880,120,0.12,0
764,882,118,0.118,0
750,875,125,0.125,0
688,844,156,0.156,0
766,883,117,0.117,0
786,893,107,0.107,0
750,875,125,0.125,0
710,855,145,0.145,0
732,866,134,0.134,0
710,855,145,0.145,0
714,857,143,0.143,0
746,873,127,0.127,0
706,853,147,0.147,0
666,833,167,0.167,0
730,865,135,0.135,0
756,878,122,0.122,0
708,854,146,0.146,0
710,855,145,0.145,0
742,871,129,0.129,0
736,868,132,0.132,0
734,867,133,0.133,0
670,835,165,0.165,0
734,867,133,0.133,0
740,870,130,0.13,0
782,891,109,0.109,0
744,872,128,0.128,0
746,873,127,0.127,0
762,881,119,0.119,0
682,841,159,0.159,0
692,846,154,0.154,0
808,904,96,0.096,0
742,871,129,0.129,0
740,870,130,0.13,0
690,845,155,0.155,0
662,831,169,0.169,0
800,900,100,0.1,0
758,879,121,0.121,0
728,864,136,0.136,0
746,873,127,0.127,0
706,853,147,0.147,0
728,864,136,0.136,0
752,876,124,0.124,0
692,846,154,0.154,0
750,875,125,0.125,0
710,855,145,0.145,0
684,842,158,0.158,0
698,849,151,0.151,0
746,873,127,0.127,0
732,866,134,0.134,0
682,841,159,0.159,0
770,885,115,0.115,0
706,853,147,0.147,0
766,883,117,0.117,0
768,884,116,0.116,0
704,852,148,0.148,0
748,874,126,0.126,0
706,853,147,0.147,0
718,859,141,0.141,0
704,852,148,0.148,0
676,838,162,0.162,0
730,865,135,0.135,0
756,878,122,0.122,0
728,864,136,0.136,0
760,880,120,0.12,0
726,863,137,0.137,0
736,868,132,0.132,0
780,890,110,0.11,0
740,870,130,0.13,0
772,886,114,0.114,0
754,877,123,0.123,0
704,852,148,0.148,0
726,863,137,0.137,0
768,884,116,0.116,0
718,859,141,0.141,0
720,860,140,0.14,0
764,882,118,0.118,0
774,887,113,0.113,0
716,858,142,0.142,0
742,871,129,0.129,0
734,867,133,0.133,0
732,866,134,0.134,0
710,855,145,0.145,0
742,871,129,0.129,0
714,857,143,0.143,0
772,886,114,0.114,0
744,872,128,0.128,0
674,837,163,0.163,0
746,873,127,0.127,0
756,878,122,0.122,0
760,880,120,0.12,0
758,879,121,0.121,0
702,851,149,0.149,0
764,882,118,0.118,0
724,862,138,0.138,0
704,852,148,0.148,0
734,867,133,0.133,0
724,862,138,0.138,0
692,846,154,0.154,0
766,883,117,0.117,0
784,892,108,0.108,0
740,870,130,0.13,0
764,882,118,0.118,0
748,874,126,0.126,0
726,863,137,0.137,0
712,856,144,0.144,0
754,877,123,0.123,0
780,890,110,0.11,0
762,881,119,0.119,0
700,850,150,0.15,0
746,873,127,0.127,0
702,851,149,0.149,0
706,853,147,0.147,0
730,865,135,0.135,0
756,878,122,0.122,0
798,899,101,0.101,0
740,870,130,0.13,0
740,870,130,0.13,0
718,859,141,0.141,0
718,859,141,0.141,0
718,859,141,0.141,0
706,853,147,0.147,0
660,830,170,0.17,0
764,882,118,0.118,0
762,881,119,0.119,0
762,881,119,0.119,0
756,878,122,0.122,0
768,884,116,0.116,0
738,869,131,0.131,0
730,865,135,0.135,0
742,871,129,0.129,0
740,870,130,0.13,0
724,862,138,0.138,0
736,868,132,0.132,0
744,872,128,0.128,0
746,873,127,0.127,0
734,867,133,0.133,0
714,857,143,0.143,0
776,888,112,0.112,0
700,850,150,0.15,0
758,879,121,0.121,0
678,839,161,0.161,0
742,871,129,0.129,0
738,869,131,0.131,0
758,879,121,0.121,0
726,863,137,0.137,0
680,840,160,0.16,0
750,875,125,0.125,0
740,870,130,0.13,0
736,868,132,0.132,0
760,880,120,0.12,0
766,883,117,0.117,0
752,876,124,0.124,0
724,862,138,0.138,0
794,897,103,0.103,0
732,866,134,0.134,0
718,859,141,0.141,0
634,817,183,0.183,0
698,849,151,0.151,0
702,851,149,0.149,0
758,879,121,0.121,0
730,865,135,0.135,0
730,865,135,0.135,0
760,880,120,0.12,0
736,868,132,0.132,0
748,874,126,0.126,0
708,854,146,0.146,0
748,874,126,0.126,0
722,861,139,0.139,0
734,867,133,0.133,0
686,843,157,0.157,0
762,881,119,0.119,0
744,872,128,0.128,0
718,859,141,0.141,0
754,877,123,0.123,0
712,856,144,0.144,0
726,863,137,0.137,0
732,866,134,0.134,0
752,876,124,0.124,0
710,855,145,0.145,0
784,892,108,0.108,0
760,880,120,0.12,0
734,867,133,0.133,0
706,853,147,0.147,0
688,844,156,0.156,0
794,897,103,0.103,0
742,871,129,0.129,0
678,839,161,0.161,0
772,886,114,0.114,0
772,886,114,0.114,0
740,870,130,0.13,0
702,851,149,0.149,0
746,873,127,0.127,0
694,847,153,0.153,0
700,850,150,0.15,0
742,871,129,0.129,0
698,849,151,0.151,0
746,873,127,0.127,0
754,877,123,0.123,0
702,851,149,0.149,0
718,859,141,0.141,0
732,866,134,0.134,0
716,858,142,0.142,0
716,858,142,0.142,0
718,859,141,0.141,0
802,901,99,0.099,0
716,858,142,0.142,0
710,855,145,0.145,0
760,880,120,0.12,0
730,865,135,0.135,0
760,880,120,0.12,0
720,860,140,0.14,0
774,887,113,0.113,0
690,845,155,0.155,0
732,866,134,0.134,0
686,843,157,0.157,0
724,862,138,0.138,0
736,868,132,0.132,0
730,865,135,0.135,0
724,862,138,0.138,0
694,847,153,0.153,0
722,861,139,0.139,0
760,880,120,0.12,0
708,854,146,0.146,0
720,860,140,0.14,0
720,860,140,0.14,0
784,892,108,0.108,0
736,868,132,0.132,0
740,870,130,0.13,0
760,880,120,0.12,0
700,850,150,0.15,0
680,840,160,0.16,0
768,884,116,0.116,0
730,865,135,0.135,0
724,862,138,0.138,0
744,872,128,0.128,0
718,859,141,0.141,0
696,848,152,0.152,0
724,862,138,0.138,0
778,889,111,0.111,0
726,863,137,0.137,0
702,851,149,0.149,0
720,860,140,0.14,0
726,863,137,0.137,0
738,869,131,0.131,0
706,853,147,0.147,0
728,864,136,0.136,0
722,861,139,0.139,0
718,859,141,0.141,0
778,889,111,0.111,0
744,872,128,0.128,0
716,858,142,0.142,0
764,882,118,0.118,0
756,878,122,0.122,0
804,902,98,0.098,0
788,894,106,0.106,0
710,855,145,0.145,0
728,864,136,0.136,0
708,854,146,0.146,0
704,852,148,0.148,0
752,876,124,0.124,0
694,847,153,0.153,0
808,904,96,0.096,0
716,858,142,0.142,0
716,858,142,0.142,0
702,851,149,0.149,0
714,857,143,0.143,0
788,894,106,0.106,0
800,900,100,0.1,0
754,877,123,0.123,0
778,889,111,0.111,0
724,862,138,0.138,0
660,830,170,0.17,0
720,860,140,0.14,0
692,846,154,0.154,0
754,877,123,0.123,0
766,883,117,0.117,0
708,854,146,0.146,0
766,883,117,0.117,0
696,848,152,0.152,0
780,890,110,0.11,0
718,859,141,0.141,0
738,869,131,0.131,0
740,870,130,0.13,0
684,842,158,0.158,0
746,873,127,0.127,0
732,866,134,0.134,0
708,854,146,0.146,0
722,861,139,0.139,0
758,879,121,0.121,0
688,844,156,0.156,0
714,857,143,0.143,0
776,888,112,0.112,0
684,842,158,0.158,0
746,873,127,0.127,0
788,894,106,0.106,0
706,853,147,0.147,0
730,865,135,0.135,0
748,874,126,0.126,0
716,858,142,0.142,0
702,851,149,0.149,0
726,863,137,0.137,0
718,859,141,0.141,0
724,862,138,0.138,0
778,889,111,0.111,0
766,883,117,0.117,0
768,884,116,0.116,0
732,866,134,0.134,0
806,903,97,0.097,0
710,855,145,0.145,0
722,861,139,0.139,0
736,868,132,0.132,0
728,864,136,0.136,0
678,839,161,0.161,0
808,904,96,0.096,0
752,876,124,0.124,0
730,865,135,0.135,0
736,868,132,0.132,0
748,874,126,0.126,0
728,864,136,0.136,0
700,850,150,0.15,0
734,867,133,0.133,0
684,842,158,0.158,0
734,867,133,0.133,0
772,886,114,0.114,0
708,854,146,0.146,0
672,836,164,0.164,0
764,882,118,0.118,0
756,878,122,0.122,0
722,861,139,0.139,0
760,880,120,0.12,0
712,856,144,0.144,0
726,863,137,0.137,0
702,851,149,0.149,0
766,883,117,0.117,0
716,858,142,0.142,0
720,860,140,0.14,0
730,865,135,0.135,0
742,871,129,0.129,0
744,872,128,0.128,0
710,855,145,0.145,0
756,878,122,0.122,0
740,870,130,0.13,0
722,861,139,0.139,0
760,880,120,0.12,0
782,891,109,0.109,0
744,872,128,0.128,0
732,866,134,0.134,0
716,858,142,0.142,0
736,868,132,0.132,0
786,893,107,0.107,0
700,850,150,0.15,0
726,863,137,0.137,0
736,868,132,0.132,0
742,871,129,0.129,0
672,836,164,0.164,0
700,850,150,0.15,0
736,868,132,0.132,0
696,848,152,0.152,0
782,891,109,0.109,0
708,854,146,0.146,0
758,879,121,0.121,0
700,850,150,0.15,0
736,868,132,0.132,0
730,865,135,0.135,0
748,874,126,0.126,0
750,875,125,0.125,0
720,860,140,0.14,0
676,838,162,0.162,0
720,860,140,0.14,0
748,874,126,0.126,0
732,866,134,0.134,0
718,859,141,0.141,0
694,847,153,0.153,0
732,866,134,0.134,0
752,876,124,0.124,0
762,881,119,0.119,0
744,872,128,0.128,0
772,886,114,0.114,0
742,871,129,0.129,0
724,862,138,0.138,0
744,872,128,0.128,0
748,874,126,0.126,0
754,877,123,0.123,0
704,852,148,0.148,0
774,887,113,0.113,0
746,873,127,0.127,0
780,890,110,0.11,0
766,883,117,0.117,0
708,854,146,0.146,0
732,866,134,0.134,0
702,851,149,0.149,0
744,872,128,0.128,0
718,859,141,0.141,0
738,869,131,0.131,0
724,862,138,0.138,0
676,838,162,0.162,0
736,868,132,0.132,0
748,874,126,0.126,0
726,863,137,0.137,0
744,872,128,0.128,0
712,856,144,0.144,0
756,878,122,0.122,0
712,856,144,0.144,0
738,869,131,0.131,0
770,885,115,0.115,0
698,849,151,0.151,0
674,837,163,0.163,0
692,846,154,0.154,0
778,889,111,0.111,0
696,848,152,0.152,0
732,866,134,0.134,0
744,872,128,0.128,0
730,865,135,0.135,0
720,860,140,0.14,0
776,888,112,0.112,0
730,865,135,0.135,0
752,876,124,0.124,0
774,887,113,0.113,0
722,861,139,0.139,0
678,839,161,0.161,0
754,877,123,0.123,0
748,874,126,0.126,0
704,852,148,0.148,0
770,885,115,0.115,0
760,880,120,0.12,0
720,860,140,0.14,0
740,870,130,0.13,0
766,883,117,0.117,0
752,876,124,0.124,0
706,853,147,0.147,0
694,847,153,0.153,0
718,859,141,0.141,0
704,852,148,0.148,0
708,854,146,0.146,0
698,849,151,0.151,0
690,845,155,0.155,0
710,855,145,0.145,0
764,882,118,0.118,0
714,857,143,0.143,0
780,890,110,0.11,0
700,850,150,0.15,0
730,865,135,0.135,0
710,855,145,0.145,0
768,884,116,0.116,0
764,882,118,0.118,0
762,881,119,0.119,0
708,854,146,0.146,0
704,852,148,0.148,0
742,871,129,0.129,0
718,859,141,0.141,0
718,859,141,0.141,0
662,831,169,0.169,0
742,871,129,0.129,0
754,877,123,0.123,0
796,898,102,0.102,0
708,854,146,0.146,0
726,863,137,0.137,0
700,850,150,0.15,0
682,841,159,0.159,0
744,872,128,0.128,0
742,871,129,0.129,0
760,880,120,0.12,0
724,862,138,0.138,0
722,861,139,0.139,0
778,889,111,0.111,0
700,850,150,0.15,0
734,867,133,0.133,0
742,871,129,0.129,0
752,876,124,0.124,0
638,819,181,0.181,0
730,865,135,0.135,0
738,869,131,0.131,0
792,896,104,0.104,0
710,855,145,0.145,0
738,869,131,0.131,0
694,847,153,0.153,0
736,868,132,0.132,0
768,884,116,0.116,0
750,875,125,0.125,0
728,864,136,0.136,0
766,883,117,0.117,0
728,864,136,0.136,0
714,857,143,0.143,0
734,867,133,0.133,0
838,919,81,0.081,0
724,862,138,0.138,0
678,839,161,0.161,0
802,901,99,0.099,0
680,840,160,0.16,0
728,864,136,0.136,0
752,876,124,0.124,0
744,872,128,0.128,0
716,858,142,0.142,0
770,885,115,0.115,0
678,839,161,0.161,0
782,891,109,0.109,0
780,890,110,0.11,0
734,867,133,0.133,0
718,859,141,0.141,0
712,856,144,0.144,0
776,888,112,0.112,0
700,850,150,0.15,0
760,880,120,0.12,0
738,869,131,0.131,0
712,856,144,0.144,0
714,857,143,0.143,0
762,881,119,0.119,0
802,901,99,0.099,0
740,870,130,0.13,0
690,845,155,0.155,0
702,851,149,0.149,0
748,874,126,0.126,0
770,885,115,0.115,0
706,853,147,0.147,0
758,879,121,0.121,0
748,874,126,0.126,0
752,876,124,0.124,0
692,846,154,0.154,0
656,828,172,0.172,0
744,872,128,0.128,0
724,862,138,0.138,0
764,882,118,0.118,0
720,860,140,0.14,0
678,839,161,0.161,0
712,856,144,0.144,0
740,870,130,0.13,0
744,872,128,0.128,0
672,836,164,0.164,0
702,851,149,0.149,0
722,861,139,0.139,0
714,857,143,0.143,0
708,854,146,0.146,0
748,874,126,0.126,0
780,890,110,0.11,0
708,854,146,0.146,0
704,852,148,0.148,0
722,861,139,0.139,0
688,844,156,0.156,0
716,858,142,0.142,0
810,905,95,0.095,0
722,861,139,0.139,0
722,861,139,0.139,0
740,870,130,0.13,0
724,862,138,0.138,0
724,862,138,0.138,0
740,870,130,0.13,0
822,911,89,0.089,0
736,868,132,0.132,0
762,881,119,0.119,0
754,877,123,0.123,0
722,861,139,0.139,0
684,842,158,0.158,0
738,869,131,0.131,0
700,850,150,0.15,0
724,862,138,0.138,0
744,872,128,0.128,0
788,894,106,0.106,0
698,849,151,0.151,0
718,859,141,0.141,0
764,882,118,0.118,0
688,844,156,0.156,0
750,875,125,0.125,0
738,869,131,0.131,0
698,849,151,0.151,0
726,863,137,0.137,0
794,897,103,0.103,0
724,862,138,0.138,0
674,837,163,0.163,0
750,875,125,0.125,0
774,887,113,0.113,0
764,882,118,0.118,0
746,873,127,0.127,0
758,879,121,0.121,0
744,872,128,0.128,0
726,863,137,0.137,0
740,870,130,0.13,0
730,865,135,0.135,0
710,855,145,0.145,0
670,835,165,0.165,0
682,841,159,0.159,0
698,849,151,0.151,0
686,843,157,0.157,0
722,861,139,0.139,0
714,857,143,0.143,0
732,866,134,0.134,0
748,874,126,0.126,0
668,834,166,0.166,0
754,877,123,0.123,0
786,893,107,0.107,0
692,846,154,0.154,0
704,852,148,0.148,0
734,867,133,0.133,0
746,873,127,0.127,0
726,863,137,0.137,0
746,873,127,0.127,0
726,863,137,0.137,0
754,877,123,0.123,0
716,858,142,0.142,0
750,875,125,0.125,0
712,856,144,0.144,0
752,876,124,0.124,0
704,852,148,0.148,0
712,856,144,0.144,0
736,868,132,0.132,0
776,888,112,0.112,0
736,868,132,0.132,0
746,873,127,0.127,0
724,862,138,0.138,0
746,873,127,0.127,0
736,868,132,0.132,0
732,866,134,0.134,0
784,892,108,0.108,0
732,866,134,0.134,0
746,873,127,0.127,0
734,867,133,0.133,0
722,861,139,0.139,0
746,873,127,0.127,0
692,846,154,0.154,0
718,859,141,0.141,0
690,845,155,0.155,0
756,878,122,0.122,0
756,878,122,0.122,0
640,820,180,0.18,0
724,862,138,0.138,0
698,849,151,0.151,0
776,888,112,0.112,0
728,864,136,0.136,0
750,875,125,0.125,0
756,878,122,0.122,0
722,861,139,0.139,0
684,842,158,0.158,0
742,871,129,0.129,0
706,853,147,0.147,0
768,884,116,0.116,0
706,853,147,0.147,0
752,876,124,0.124,0
700,850,150,0.15,0
682,841,159,0.159,0
694,847,153,0.153,0
744,872,128,0.128,0
752,876,124,0.124,0
744,872,128,0.128,0
716,858,142,0.142,0
734,867,133,0.133,0
744,872,128,0.128,0
680,840,160,0.16,0
724,862,138,0.138,0
750,875,125,0.125,0
742,871,129,0.129,0
754,877,123,0.123,0
754,877,123,0.123,0
706,853,147,0.147,0
740,870,130,0.13,0
726,863,137,0.137,0
704,852,148,0.148,0
714,857,143,0.143,0
730,865,135,0.135,0
694,847,153,0.153,0
700,850,150,0.15,0
756,878,122,0.122,0
692,846,154,0.154,0
696,848,152,0.152,0
674,837,163,0.163,0
744,872,128,0.128,0
688,844,156,0.156,0
724,862,138,0.138,0
776,888,112,0.112,0
724,862,138,0.138,0
766,883,117,0.117,0
730,865,135,0.135,0
710,855,145,0.145,0
758,879,121,0.121,0
780,890,110,0.11,0
752,876,124,0.124,0
774,887,113,0.113,0
766,883,117,0.117,0
680,840,160,0.16,0
730,865,135,0.135,0
730,865,135,0.135,0
692,846,154,0.154,0
752,876,124,0.124,0
676,838,162,0.162,0
728,864,136,0.136,0
742,871,129,0.129,0
716,858,142,0.142,0
734,867,133,0.133,0
730,865,135,0.135,0
764,882,118,0.118,0
678,839,161,0.161,0
678,839,161,0.161,0
716,858,142,0.142,0
752,876,124,0.124,0
768,884,116,0.116,0
720,860,140,0.14,0
770,885,115,0.115,0
768,884,116,0.116,0
724,862,138,0.138,0
686,843,157,0.157,0
708,854,146,0.146,0
702,851,149,0.149,0
712,856,144,0.144,0
756,878,122,0.122,0
682,841,159,0.159,0
766,883,117,0.117,0
698,849,151,0.151,0
724,862,138,0.138,0
706,853,147,0.147,0
742,871,129,0.129,0
736,868,132,0.132,0
744,872,128,0.128,0
676,838,162,0.162,0
722,861,139,0.139,0
744,872,128,0.128,0
708,854,146,0.146,0
728,864,136,0.136,0
710,855,145,0.145,0
754,877,123,0.123,0
756,878,122,0.122,0
716,858,142,0.142,0
748,874,126,0.126,0
738,869,131,0.131,0
712,856,144,0.144,0
744,872,128,0.128,0
726,863,137,0.137,0
780,890,110,0.11,0
732,866,134,0.134,0
718,859,141,0.141,0
762,881,119,0.119,0
752,876,124,0.124,0
758,879,121,0.121,0
722,861,139,0.139,0
722,861,139,0.139,0
690,845,155,0.155,0
754,877,123,0.123,0
768,884,116,0.116,0
698,849,151,0.151,0
718,859,141,0.141,0
710,855,145,0.145,0
736,868,132,0.132,0
730,865,135,0.135,0
746,873,127,0.127,0
768,884,116,0.116,0
750,875,125,0.125,0
752,876,124,0.124,0
746,873,127,0.127,0
730,865,135,0.135,0
728,864,136,0.136,0
784,892,108,0.108,0
694,847,153,0.153,0
792,896,104,0.104,0
720,860,140,0.14,0
724,862,138,0.138,0
754,877,123,0.123,0
708,854,146,0.146,0
742,871,129,0.129,0
756,878,122,0.122,0
768,884,116,0.116,0
750,875,125,0.125,0
714,857,143,0.143,0
694,847,153,0.153,0
748,874,126,0.126,0
752,876,124,0.124,0
726,863,137,0.137,0
740,870,130,0.13,0
736,868,132,0.132,0
682,841,159,0.159,0
748,874,126,0.126,0
684,842,158,0.158,0
732,866,134,0.134,0
742,871,129,0.129,0
698,849,151,0.151,0
700,850,150,0.15,0
756,878,122,0.122,0
762,881,119,0.119,0
744,872,128,0.128,0
728,864,136,0.136,0
730,865,135,0.135,0
696,848,152,0.152,0
710,855,145,0.145,0
778,889,111,0.111,0
738,869,131,0.131,0
772,886,114,0.114,0
674,837,163,0.163,0
750,875,125,0.125,0
766,883,117,0.117,0
692,846,154,0.154,0
730,865,135,0.135,0
784,892,108,0.108,0
750,875,125,0.125,0
654,827,173,0.173,0
734,867,133,0.133,0
712,856,144,0.144,0
770,885,115,0.115,0
708,854,146,0.146,0
730,865,135,0.135,0
740,870,130,0.13,0
728,864,136,0.136,0
750,875,125,0.125,0
714,857,143,0.143,0
700,850,150,0.15,0
732,866,134,0.134,0
714,857,143,0.143,0
714,857,143,0.143,0
780,890,110,0.11,0
816,908,92,0.092,0
690,845,155,0.155,0
724,862,138,0.138,0
724,862,138,0.138,0
748,874,126,0.126,0
692,846,154,0.154,0
786,893,107,0.107,0
736,868,132,0.132,0
714,857,143,0.143,0
732,866,134,0.134,0
770,885,115,0.115,0
770,885,115,0.115,0
796,898,102,0.102,0
710,855,145,0.145,0
730,865,135,0.135,0
706,853,147,0.147,0
788,894,106,0.106,0
716,858,142,0.142,0
780,890,110,0.11,0
694,847,153,0.153,0
694,847,153,0.153,0
764,882,118,0.118,0
720,860,140,0.14,0
724,862,138,0.138,0
744,872,128,0.128,0
816,908,92,0.092,0
736,868,132,0.132,0
750,875,125,0.125,0
800,900,100,0.1,0
682,841,159,0.159,0
770,885,115,0.115,0
740,870,130,0.13,0
788,894,106,0.106,0
730,865,135,0.135,0
786,893,107,0.107,0
756,878,122,0.122,0
730,865,135,0.135,0
724,862,138,0.138,0
702,851,149,0.149,0
782,891,109,0.109,0
790,895,105,0.105,0
760,880,120,0.12,0
744,872,128,0.128,0
732,866,134,0.134,0
768,884,116,0.116,0
708,854,146,0.146,0
738,869,131,0.131,0
698,849,151,0.151,0
740,870,130,0.13,0
756,878,122,0.122,0
684,842,158,0.158,0
718,859,141,0.141,0
656,828,172,0.172,0
678,839,161,0.161,0
716,858,142,0.142,0
718,859,141,0.141,0
682,841,159,0.159,0
776,888,112,0.112,0
714,857,143,0.143,0
738,869,131,0.131,0
706,853,147,0.147,0
714,857,143,0.143,0
750,875,125,0.125,0
724,862,138,0.138,0
730,865,135,0.135,0
708,854,146,0.146,0
678,839,161,0.161,0
820,910,90,0.09,0
674,837,163,0.163,0
744,872,128,0.128,0
720,860,140,0.14,0
716,858,142,0.142,0
750,875,125,0.125,0
738,869,131,0.131,0
700,850,150,0.15,0
722,861,139,0.139,0
694,847,153,0.153,0
702,851,149,0.149,0
684,842,158,0.158,0
664,832,168,0.168,0
788,894,106,0.106,0
738,869,131,0.131,0
756,878,122,0.122,0
756,878,122,0.122,0
766,883,117,0.117,0
696,848,152,0.152,0
740,870,130,0.13,0
728,864,136,0.136,0
700,850,150,0.15,0
788,894,106,0.106,0
688,844,156,0.156,0
716,858,142,0.142,0
724,862,138,0.138,0
740,870,130,0.13,0
732,866,134,0.134,0
730,865,135,0.135,0
722,861,139,0.139,0
760,880,120,0.12,0
736,868,132,0.132,0
684,842,158,0.158,0
742,871,129,0.129,0
762,881,119,0.119,0
740,870,130,0.13,0
744,872,128,0.128,0
764,882,118,0.118,0
718,859,141,0.141,0
762,881,119,0.119,0
736,868,132,0.132,0
706,853,147,0.147,0
764,882,118,0.118,0
756,878,122,0.122,0
756,878,122,0.122,0
718,859,141,0.141,0
750,875,125,0.125,0
818,909,91,0.091,0
740,870,130,0.13,0
700,850,150,0.15,0
776,888,112,0.112,0
730,865,135,0.135,0
738,869,131,0.131,0
702,851,149,0.149,0
748,874,126,0.126,0
774,887,113,0.113,0
744,872,128,0.128,0
736,868,132,0.132,0
702,851,149,0.149,0
750,875,125,0.125,0
750,875,125,0.125,0
746,873,127,0.127,0
800,900,100,0.1,0
724,862,138,0.138,0
700,850,150,0.15,0
758,879,121,0.121,0
716,858,142,0.142,0
726,863,137,0.137,0
766,883,117,0.117,0
724,862,138,0.138,0
746,873,127,0.127,0
718,859,141,0.141,0
706,853,147,0.147,0
706,853,147,0.147,0
770,885,115,0.115,0
726,863,137,0.137,0
704,852,148,0.148,0
802,901,99,0.099,0
672,836,164,0.164,0
790,895,105,0.105,0
748,874,126,0.126,0
710,855,145,0.145,0
762,881,119,0.119,0
732,866,134,0.134,0
712,856,144,0.144,0
758,879,121,0.121,0
708,854,146,0.146,0
738,869,131,0.131,0
768,884,116,0.116,0
760,880,120,0.12,0
728,864,136,0.136,0
724,862,138,0.138,0
726,863,137,0.137,0
730,865,135,0.135,0
696,848,152,0.152,0
778,889,111,0.111,0
734,867,133,0.133,0
706,853,147,0.147,0
716,858,142,0.142,0
642,821,179,0.179,0
728,864,136,0.136,0
754,877,123,0.123,0
698,849,151,0.151,0
692,846,154,0.154,0
704,852,148,0.148,0
746,873,127,0.127,0
726,863,137,0.137,0
764,882,118,0.118,0
710,855,145,0.145,0
702,851,149,0.149,0
702,851,149,0.149,0
774,887,113,0.113,0
666,833,167,0.167,0
746,873,127,0.127,0
730,865,135,0.135,0
720,860,140,0.14,0
718,859,141,0.141,0
728,864,136,0.136,0
692,846,154,0.154,0
736,868,132,0.132,0
692,846,154,0.154,0
686,843,157,0.157,0
760,880,120,0.12,0
722,861,139,0.139,0
752,876,124,0.124,0
756,878,122,0.122,0
758,879,121,0.121,0
798,899,101,0.101,0
746,873,127,0.127,0
706,853,147,0.147,0
704,852,148,0.148,0
720,860,140,0.14,0
764,882,118,0.118,0
760,880,120,0.12,0
726,863,137,0.137,0
730,865,135,0.135,0
740,870,130,0.13,0
724,862,138,0.138,0
722,861,139,0.139,0
710,855,145,0.145,0
694,847,153,0.153,0
716,858,142,0.142,0
742,871,129,0.129,0
746,873,127,0.127,0
758,879,121,0.121,0
678,839,161,0.161,0
756,878,122,0.122,0
718,859,141,0.141,0
730,865,135,0.135,0
742,871,129,0.129,0
700,850,150,0.15,0
722,861,139,0.139,0
700,850,150,0.15,0
702,851,149,0.149,0
702,851,149,0.149,0
724,862,138,0.138,0
686,843,157,0.157,0
788,894,106,0.106,0
726,863,137,0.137,0
698,849,151,0.151,0
732,866,134,0.134,0
772,886,114,0.114,0
730,865,135,0.135,0
742,871,129,0.129,0
742,871,129,0.129,0
698,849,151,0.151,0
730,865,135,0.135,0
718,859,141,0.141,0
732,866,134,0.134,0
756,878,122,0.122,0
718,859,141,0.141,0
776,888,112,0.112,0
730,865,135,0.135,0
742,871,129,0.129,0
716,858,142,0.142,0
742,871,129,0.129,0
688,844,156,0.156,0
758,879,121,0.121,0
724,862,138,0.138,0
728,864,136,0.136,0
744,872,128,0.128,0
710,855,145,0.145,0
696,848,152,0.152,0
744,872,128,0.128,0
776,888,112,0.112,0
708,854,146,0.146,0
696,848,152,0.152,0
706,853,147,0.147,0
724,862,138,0.138,0
738,869,131,0.131,0
746,873,127,0.127,0
710,855,145,0.145,0
700,850,150,0.15,0
660,830,170,0.17,0
682,841,159,0.159,0
710,855,145,0.145,0
708,854,146,0.146,0
754,877,123,0.123,0
820,910,90,0.09,0
680,840,160,0.16,0
724,862,138,0.138,0
726,863,137,0.137,0
718,859,141,0.141,0
708,854,146,0.146,0
734,867,133,0.133,0
700,850,150,0.15,0
750,875,125,0.125,0
732,866,134,0.134,0
754,877,123,0.123,0
764,882,118,0.118,0
698,849,151,0.151,0
698,849,151,0.151,0
772,886,114,0.114,0
756,878,122,0.122,0
716,858,142,0.142,0
750,875,125,0.125,0
750,875,125,0.125,0
752,876,124,0.124,0
742,871,129,0.129,0
734,867,133,0.133,0
752,876,124,0.124,0
670,835,165,0.165,0
726,863,137,0.137,0
756,878,122,0.122,0
728,864,136,0.136,0
736,868,132,0.132,0
724,862,138,0.138,0
734,867,133,0.133,0
720,860,140,0.14,0
744,872,128,0.128,0
768,884,116,0.116,0
790,895,105,0.105,0
716,858,142,0.142,0
684,842,158,0.158,0
754,877,123,0.123,0
748,874,126,0.126,0
732,866,134,0.134,0
728,864,136,0.136,0
770,885,115,0.115,0
750,875,125,0.125,0
746,873,127,0.127,0
742,871,129,0.129,0
706,853,147,0.147,0
758,879,121,0.121,0
762,881,119,0.119,0
724,862,138,0.138,0
754,877,123,0.123,0
664,832,168,0.168,0
694,847,153,0.153,0
734,867,133,0.133,0
756,878,122,0.122,0
734,867,133,0.133,0
724,862,138,0.138,0
736,868,132,0.132,0
704,852,148,0.148,0
744,872,128,0.128,0
752,876,124,0.124,0
752,876,124,0.124,0
752,876,124,0.124,0
726,863,137,0.137,0
720,860,140,0.14,0
768,884,116,0.116,0
738,869,131,0.131,0
716,858,142,0.142,0
704,852,148,0.148,0
726,863,137,0.137,0
706,853,147,0.147,0
650,825,175,0.175,0
788,894,106,0.106,0
734,867,133,0.133,0
688,844,156,0.156,0
760,880,120,0.12,0
770,885,115,0.115,0
698,849,151,0.151,0
764,882,118,0.118,0
772,886,114,0.114,0
738,869,131,0.131,0
724,862,138,0.138,0
680,840,160,0.16,0
754,877,123,0.123,0
724,862,138,0.138,0
726,863,137,0.137,0
736,868,132,0.132,0
730,865,135,0.135,0
716,858,142,0.142,0
742,871,129,0.129,0
720,860,140,0.14,0
750,875,125,0.125,0
738,869,131,0.131,0
722,861,139,0.139,0
810,905,95,0.095,0
710,855,145,0.145,0
736,868,132,0.132,0
732,866,134,0.134,0
754,877,123,0.123,0
710,855,145,0.145,0
744,872,128,0.128,0
744,872,128,0.128,0
776,888,112,0.112,0
698,849,151,0.151,0
718,859,141,0.141,0
762,881,119,0.119,0
764,882,118,0.118,0
726,863,137,0.137,0
702,851,149,0.149,0
726,863,137,0.137,0
750,875,125,0.125,0
744,872,128,0.128,0
712,856,144,0.144,0
804,902,98,0.098,0
750,875,125,0.125,0
760,880,120,0.12,0
766,883,117,0.117,0
734,867,133,0.133,0
704,852,148,0.148,0
682,841,159,0.159,0
760,880,120,0.12,0
764,882,118,0.118,0
724,862,138,0.138,0
748,874,126,0.126,0
702,851,149,0.149,0
794,897,103,0.103,0
730,865,135,0.135,0
740,870,130,0.13,0
772,886,114,0.114,0
742,871,129,0.129,0
758,879,121,0.121,0
742,871,129,0.129,0
710,855,145,0.145,0
728,864,136,0.136,0
742,871,129,0.129,0
762,881,119,0.119,0
784,892,108,0.108,0
748,874,126,0.126,0
750,875,125,0.125,0
722,861,139,0.139,0
698,849,151,0.151,0
758,879,121,0.121,0
676,838,162,0.162,0
720,860,140,0.14,0
752,876,124,0.124,0
772,886,114,0.114,0
706,853,147,0.147,0
718,859,141,0.141,0
742,871,129,0.129,0
762,881,119,0.119,0
754,877,123,0.123,0
690,845,155,0.155,0
738,869,131,0.131,0
664,832,168,0.168,0
734,867,133,0.133,0
732,866,134,0.134,0
708,854,146,0.146,0
704,852,148,0.148,0
704,852,148,0.148,0
670,835,165,0.165,0
734,867,133,0.133,0
756,878,122,0.122,0
736,868,132,0.132,0
738,869,131,0.131,0
714,857,143,0.143,0
664,832,168,0.168,0
746,873,127,0.127,0
748,874,126,0.126,0
762,881,119,0.119,0
716,858,142,0.142,0
730,865,135,0.135,0
744,872,128,0.128,0
738,869,131,0.131,0
650,825,175,0.175,0
808,904,96,0.096,0
802,901,99,0.099,0
714,857,143,0.143,0
732,866,134,0.134,0
772,886,114,0.114,0
754,877,123,0.123,0
716,858,142,0.142,0
728,864,136,0.136,0
738,869,131,0.131,0
742,871,129,0.129,0
720,860,140,0.14,0
766,883,117,0.117,0
736,868,132,0.132,0
770,885,115,0.115,0
724,862,138,0.138,0
674,837,163,0.163,0
720,860,140,0.14,0
748,874,126,0.126,0
742,871,129,0.129,0
752,876,124,0.124,0
736,868,132,0.132,0
712,856,144,0.144,0
728,864,136,0.136,0
738,869,131,0.131,0
764,882,118,0.118,0
712,856,144,0.144,0
730,865,135,0.135,0
762,881,119,0.119,0
754,877,123,0.123,0
708,854,146,0.146,0
770,885,115,0.115,0
712,856,144,0.144,0
726,863,137,0.137,0
718,859,141,0.141,0
786,893,107,0.107,0
760,880,120,0.12,0
718,859,141,0.141,0
722,861,139,0.139,0
694,847,153,0.153,0
720,860,140,0.14,0
770,885,115,0.115,0
768,884,116,0.116,0
736,868,132,0.132,0
728,864,136,0.136,0
732,866,134,0.134,0
704,852,148,0.148,0
732,866,134,0.134,0
786,893,107,0.107,0
698,849,151,0.151,0
670,835,165,0.165,0
690,845,155,0.155,0
712,856,144,0.144,0
788,894,106,0.106,0
768,884,116,0.116,0
702,851,149,0.149,0
728,864,136,0.136,0
656,828,172,0.172,0
710,855,145,0.145,0
678,839,161,0.161,0
716,858,142,0.142,0
780,890,110,0.11,0
796,898,102,0.102,0
718,859,141,0.141,0
716,858,142,0.142,0
698,849,151,0.151,0
746,873,127,0.127,0
786,893,107,0.107,0
780,890,110,0.11,0
678,839,161,0.161,0
754,877,123,0.123,0
728,864,136,0.136,0
722,861,139,0.139,0
736,868,132,0.132,0
690,845,155,0.155,0
726,863,137,0.137,0
762,881,119,0.119,0
758,879,121,0.121,0
772,886,114,0.114,0
676,838,162,0.162,0
744,872,128,0.128,0
752,876,124,0.124,0
726,863,137,0.137,0
712,856,144,0.144,0
760,880,120,0.12,0
768,884,116,0.116,0
768,884,116,0.116,0
722,861,139,0.139,0
726,863,137,0.137,0
698,849,151,0.151,0
734,867,133,0.133,0
768,884,116,0.116,0
724,862,138,0.138,0
722,861,139,0.139,0
776,888,112,0.112,0
764,882,118,0.118,0
696,848,152,0.152,0
728,864,136,0.136,0
798,899,101,0.101,0
754,877,123,0.123,0
744,872,128,0.128,0
754,877,123,0.123,0
746,873,127,0.127,0
728,864,136,0.136,0
712,856,144,0.144,0
696,848,152,0.152,0
734,867,133,0.133,0
728,864,136,0.136,0
748,874,126,0.126,0
718,859,141,0.141,0
768,884,116,0.116,0
732,866,134,0.134,0
708,854,146,0.146,0
762,881,119,0.119,0
726,863,137,0.137,0
744,872,128,0.128,0
724,862,138,0.138,0
700,850,150,0.15,0
760,880,120,0.12,0
712,856,144,0.144,0
752,876,124,0.124,0
716,858,142,0.142,0
768,884,116,0.116,0
778,889,111,0.111,0
676,838,162,0.162,0
744,872,128,0.128,0
756,878,122,0.122,0
794,897,103,0.103,0
720,860,140,0.14,0
680,840,160,0.16,0
734,867,133,0.133,0
716,858,142,0.142,0
712,856,144,0.144,0
720,860,140,0.14,0
750,875,125,0.125,0
686,843,157,0.157,0
758,879,121,0.121,0
728,864,136,0.136,0
762,881,119,0.119,0
738,869,131,0.131,0
650,825,175,0.175,0
724,862,138,0.138,0
700,850,150,0.15,0
766,883,117,0.117,0
776,888,112,0.112,0
726,863,137,0.137,0
714,857,143,0.143,0
742,871,129,0.129,0
760,880,120,0.12,0
766,883,117,0.117,0
718,859,141,0.141,0
720,860,140,0.14,0
764,882,118,0.118,0
728,864,136,0.136,0
676,838,162,0.162,0
734,867,133,0.133,0
734,867,133,0.133,0
754,877,123,0.123,0
692,846,154,0.154,0
692,846,154,0.154,0
752,876,124,0.124,0
678,839,161,0.161,0
640,820,180,0.18,0
708,854,146,0.146,0
788,894,106,0.106,0
682,841,159,0.159,0
714,857,143,0.143,0
728,864,136,0.136,0
770,885,115,0.115,0
704,852,148,0.148,0
728,864,136,0.136,0
774,887,113,0.113,0
758,879,121,0.121,0
710,855,145,0.145,0
684,842,158,0.158,0
722,861,139,0.139,0
716,858,142,0.142,0
746,873,127,0.127,0
752,876,124,0.124,0
704,852,148,0.148,0
766,883,117,0.117,0
736,868,132,0.132,0
680,840,160,0.16,0
686,843,157,0.157,0
758,879,121,0.121,0
712,856,144,0.144,0
738,869,131,0.131,0
772,886,114,0.114,0
726,863,137,0.137,0
712,856,144,0.144,0
708,854,146,0.146,0
766,883,117,0.117,0
788,894,106,0.106,0
704,852,148,0.148,0
772,886,114,0.114,0
732,866,134,0.134,0
726,863,137,0.137,0
704,852,148,0.148,0
738,869,131,0.131,0
710,855,145,0.145,0
764,882,118,0.118,0
716,858,142,0.142,0
710,855,145,0.145,0
728,864,136,0.136,0
730,865,135,0.135,0
742,871,129,0.129,0
766,883,117,0.117,0
748,874,126,0.126,0
764,882,118,0.118,0
700,850,150,0.15,0
700,850,150,0.15,0
724,862,138,0.138,0
698,849,151,0.151,0
696,848,152,0.152,0
752,876,124,0.124,0
736,868,132,0.132,0
714,857,143,0.143,0
734,867,133,0.133,0
766,883,117,0.117,0
702,851,149,0.149,0
710,855,145,0.145,0
706,853,147,0.147,0
762,881,119,0.119,0
716,858,142,0.142,0
718,859,141,0.141,0
736,868,132,0.132,0
730,865,135,0.135,0
670,835,165,0.165,0
762,881,119,0.119,0
728,864,136,0.136,0
760,880,120,0.12,0
742,871,129,0.129,0
742,871,129,0.129,0
698,849,151,0.151,0
748,874,126,0.126,0
732,866,134,0.134,0
732,866,134,0.134,0
712,856,144,0.144,0
720,860,140,0.14,0
774,887,113,0.113,0
728,864,136,0.136,0
698,849,151,0.151,0
670,835,165,0.165,0
762,881,119,0.119,0
776,888,112,0.112,0
788,894,106,0.106,0
756,878,122,0.122,0
806,903,97,0.097,0
780,890,110,0.11,0
718,859,141,0.141,0
782,891,109,0.109,0
698,849,151,0.151,0
758,879,121,0.121,0
772,886,114,0.114,0
690,845,155,0.155,0
740,870,130,0.13,0
742,871,129,0.129,0
744,872,128,0.128,0
780,890,110,0.11,0
712,856,144,0.144,0
672,836,164,0.164,0
676,838,162,0.162,0
706,853,147,0.147,0
804,902,98,0.098,0
756,878,122,0.122,0
786,893,107,0.107,0
756,878,122,0.122,0
732,866,134,0.134,0
786,893,107,0.107,0
714,857,143,0.143,0
758,879,121,0.121,0
702,851,149,0.149,0
738,869,131,0.131,0
766,883,117,0.117,0
728,864,136,0.136,0
698,849,151,0.151,0
740,870,130,0.13,0
740,870,130,0.13,0
722,861,139,0.139,0
726,863,137,0.137,0
772,886,114,0.114,0
706,853,147,0.147,0
732,866,134,0.134,0
726,863,137,0.137,0
736,868,132,0.132,0
706,853,147,0.147,0
760,880,120,0.12,0
730,865,135,0.135,0
738,869,131,0.131,0
732,866,134,0.134,0
740,870,130,0.13,0
736,868,132,0.132,0
746,873,127,0.127,0
708,854,146,0.146,0
672,836,164,0.164,0
764,882,118,0.118,0
710,855,145,0.145,0
720,860,140,0.14,0
716,858,142,0.142,0
774,887,113,0.113,0
738,869,131,0.131,0
652,826,174,0.174,0
806,903,97,0.097,0
784,892,108,0.108,0
748,874,126,0.126,0
744,872,128,0.128,0
706,853,147,0.147,0
766,883,117,0.117,0
710,855,145,0.145,0
748,874,126,0.126,0
666,833,167,0.167,0
724,862,138,0.138,0
676,838,162,0.162,0
718,859,141,0.141,0
768,884,116,0.116,0
746,873,127,0.127,0
720,860,140,0.14,0
776,888,112,0.112,0
680,840,160,0.16,0
750,875,125,0.125,0
794,897,103,0.103,0
812,906,94,0.094,0
756,878,122,0.122,0
676,838,162,0.162,0
720,860,140,0.14,0
772,886,114,0.114,0
722,861,139,0.139,0
748,874,126,0.126,0
748,874,126,0.126,0
766,883,117,0.117,0
754,877,123,0.123,0
728,864,136,0.136,0
726,863,137,0.137,0
750,875,125,0.125,0
730,865,135,0.135,0
690,845,155,0.155,0
696,848,152,0.152,0
762,881,119,0.119,0
778,889,111,0.111,0
756,878,122,0.122,0
738,869,131,0.131,0
698,849,151,0.151,0
776,888,112,0.112,0
714,857,143,0.143,0
760,880,120,0.12,0
728,864,136,0.136,0
804,902,98,0.098,0
740,870,130,0.13,0
724,862,138,0.138,0
768,884,116,0.116,0
744,872,128,0.128,0
704,852,148,0.148,0
666,833,167,0.167,0
712,856,144,0.144,0
758,879,121,0.121,0
796,898,102,0.102,0
808,904,96,0.096,0
684,842,158,0.158,0
784,892,108,0.108,0
756,878,122,0.122,0
768,884,116,0.116,0
762,881,119,0.119,0
706,853,147,0.147,0
704,852,148,0.148,0
748,874,126,0.126,0
766,883,117,0.117,0
688,844,156,0.156,0
694,847,153,0.153,0
744,872,128,0.128,0
736,868,132,0.132,0
696,848,152,0.152,0
720,860,140,0.14,0
740,870,130,0.13,0
732,866,134,0.134,0
726,863,137,0.137,0
670,835,165,0.165,0
742,871,129,0.129,0
764,882,118,0.118,0
714,857,143,0.143,0
756,878,122,0.122,0
698,849,151,0.151,0
700,850,150,0.15,0
756,878,122,0.122,0
742,871,129,0.129,0
706,853,147,0.147,0
758,879,121,0.121,0
708,854,146,0.146,0
682,841,159,0.159,0
724,862,138,0.138,0
768,884,116,0.116,0
734,867,133,0.133,0
786,893,107,0.107,0
672,836,164,0.164,0
752,876,124,0.124,0
780,890,110,0.11,0
716,858,142,0.142,0
762,881,119,0.119,0
732,866,134,0.134,0
756,878,122,0.122,0
748,874,126,0.126,0
824,912,88,0.088,0
744,872,128,0.128,0
730,865,135,0.135,0
714,857,143,0.143,0
762,881,119,0.119,0
750,875,125,0.125,0
770,885,115,0.115,0
754,877,123,0.123,0
694,847,153,0.153,0
690,845,155,0.155,0
724,862,138,0.138,0
746,873,127,0.127,0
732,866,134,0.134,0
732,866,134,0.134,0
638,819,181,0.181,0
728,864,136,0.136,0
728,864,136,0.136,0
706,853,147,0.147,0
794,897,103,0.103,0
708,854,146,0.146,0
738,869,131,0.131,0
710,855,145,0.145,0
754,877,123,0.123,0
712,856,144,0.144,0
756,878,122,0.122,0
730,865,135,0.135,0
702,851,149,0.149,0
768,884,116,0.116,0
768,884,116,0.116,0
778,889,111,0.111,0
698,849,151,0.151,0
720,860,140,0.14,0
674,837,163,0.163,0
704,852,148,0.148,0
788,894,106,0.106,0
694,847,153,0.153,0
708,854,146,0.146,0
774,887,113,0.113,0
736,868,132,0.132,0
740,870,130,0.13,0
736,868,132,0.132,0
710,855,145,0.145,0
684,842,158,0.158,0
694,847,153,0.153,0
718,859,141,0.141,0
708,854,146,0.146,0
708,854,146,0.146,0
792,896,104,0.104,0
710,855,145,0.145,0
732,866,134,0.134,0
714,857,143,0.143,0
684,842,158,0.158,0
716,858,142,0.142,0
780,890,110,0.11,0
756,878,122,0.122,0
788,894,106,0.106,0
740,870,130,0.13,0
784,892,108,0.108,0
688,844,156,0.156,0
742,871,129,0.129,0
744,872,128,0.128,0
758,879,121,0.121,0
734,867,133,0.133,0
750,875,125,0.125,0
724,862,138,0.138,0
708,854,146,0.146,0
726,863,137,0.137,0
746,873,127,0.127,0
704,852,148,0.148,0
752,876,124,0.124,0
720,860,140,0.14,0
784,892,108,0.108,0
752,876,124,0.124,0
736,868,132,0.132,0
774,887,113,0.113,0
756,878,122,0.122,0
726,863,137,0.137,0
734,867,133,0.133,0
716,858,142,0.142,0
730,865,135,0.135,0
696,848,152,0.152,0
734,867,133,0.133,0
730,865,135,0.135,0
760,880,120,0.12,0
710,855,145,0.145,0
690,845,155,0.155,0
722,861,139,0.139,0
708,854,146,0.146,0
730,865,135,0.135,0
730,865,135,0.135,0
724,862,138,0.138,0
752,876,124,0.124,0
780,890,110,0.11,0
736,868,132,0.132,0
758,879,121,0.121,0
740,870,130,0.13,0
764,882,118,0.118,0
676,838,162,0.162,0
738,869,131,0.131,0
764,882,118,0.118,0
750,875,125,0.125,0
744,872,128,0.128,0
710,855,145,0.145,0
770,885,115,0.115,0
718,859,141,0.141,0
724,862,138,0.138,0
742,871,129,0.129,0
748,874,126,0.126,0
782,891,109,0.109,0
728,864,136,0.136,0
732,866,134,0.134,0
700,850,150,0.15,0
686,843,157,0.157,0
666,833,167,0.167,0
722,861,139,0.139,0
708,854,146,0.146,0
752,876,124,0.124,0
756,878,122,0.122,0
738,869,131,0.131,0
724,862,138,0.138,0
704,852,148,0.148,0
728,864,136,0.136,0
732,866,134,0.134,0
712,856,144,0.144,0
740,870,130,0.13,0
738,869,131,0.131,0
754,877,123,0.123,0
706,853,147,0.147,0
764,882,118,0.118,0
764,882,118,0.118,0
798,899,101,0.101,0
770,885,115,0.115,0
730,865,135,0.135,0
724,862,138,0.138,0
686,843,157,0.157,0
730,865,135,0.135,0
710,855,145,0.145,0
694,847,153,0.153,0
764,882,118,0.118,0
706,853,147,0.147,0
800,900,100,0.1,0
780,890,110,0.11,0
676,838,162,0.162,0
756,878,122,0.122,0
806,903,97,0.097,0
712,856,144,0.144,0
718,859,141,0.141,0
704,852,148,0.148,0
708,854,146,0.146,0
758,879,121,0.121,0
744,872,128,0.128,0
744,872,128,0.128,0
722,861,139,0.139,0
756,878,122,0.122,0
714,857,143,0.143,0
728,864,136,0.136,0
738,869,131,0.131,0
732,866,134,0.134,0
724,862,138,0.138,0
706,853,147,0.147,0
712,856,144,0.144,0
778,889,111,0.111,0
732,866,134,0.134,0
726,863,137,0.137,0
740,870,130,0.13,0
700,850,150,0.15,0
700,850,150,0.15,0
742,871,129,0.129,0
708,854,146,0.146,0
746,873,127,0.127,0
748,874,126,0.126,0
740,870,130,0.13,0
718,859,141,0.141,0
754,877,123,0.123,0
670,835,165,0.165,0
764,882,118,0.118,0
698,849,151,0.151,0
698,849,151,0.151,0
772,886,114,0.114,0
704,852,148,0.148,0
718,859,141,0.141,0
748,874,126,0.126,0
736,868,132,0.132,0
742,871,129,0.129,0
724,862,138,0.138,0
736,868,132,0.132,0
698,849,151,0.151,0
712,856,144,0.144,0
712,856,144,0.144,0
732,866,134,0.134,0
666,833,167,0.167,0
766,883,117,0.117,0
702,851,149,0.149,0
794,897,103,0.103,0
726,863,137,0.137,0
744,872,128,0.128,0
748,874,126,0.126,0
692,846,154,0.154,0
716,858,142,0.142,0
718,859,141,0.141,0
744,872,128,0.128,0
746,873,127,0.127,0
716,858,142,0.142,0
758,879,121,0.121,0
750,875,125,0.125,0
754,877,123,0.123,0
728,864,136,0.136,0
716,858,142,0.142,0
728,864,136,0.136,0
766,883,117,0.117,0
748,874,126,0.126,0
702,851,149,0.149,0
756,878,122,0.122,0
720,860,140,0.14,0
726,863,137,0.137,0
726,863,137,0.137,0
756,878,122,0.122,0
728,864,136,0.136,0
742,871,129,0.129,0
740,870,130,0.13,0
744,872,128,0.128,0
754,877,123,0.123,0
738,869,131,0.131,0
766,883,117,0.117,0
710,855,145,0.145,0
738,869,131,0.131,0
774,887,113,0.113,0
720,860,140,0.14,0
760,880,120,0.12,0
784,892,108,0.108,0
754,877,123,0.123,0
716,858,142,0.142,0
724,862,138,0.138,0
720,860,140,0.14,0
746,873,127,0.127,0
726,863,137,0.137,0
696,848,152,0.152,0
734,867,133,0.133,0
758,879,121,0.121,0
716,858,142,0.142,0
734,867,133,0.133,0
718,859,141,0.141,0
774,887,113,0.113,0
774,887,113,0.113,0
710,855,145,0.145,0
676,838,162,0.162,0
692,846,154,0.154,0
728,864,136,0.136,0
712,856,144,0.144,0
698,849,151,0.151,0
750,875,125,0.125,0
704,852,148,0.148,0
724,862,138,0.138,0
808,904,96,0.096,0
700,850,150,0.15,0
744,872,128,0.128,0
734,867,133,0.133,0
764,882,118,0.118,0
680,840,160,0.16,0
794,897,103,0.103,0
730,865,135,0.135,0
740,870,130,0.13,0
700,850,150,0.15,0
686,843,157,0.157,0
700,850,150,0.15,0
716,858,142,0.142,0
702,851,149,0.149,0
734,867,133,0.133,0
660,830,170,0.17,0
754,877,123,0.123,0
760,880,120,0.12,0
732,866,134,0.134,0
778,889,111,0.111,0
668,834,166,0.166,0
754,877,123,0.123,0
784,892,108,0.108,0
762,881,119,0.119,0
664,832,168,0.168,0
738,869,131,0.131,0
712,856,144,0.144,0
770,885,115,0.115,0
738,869,131,0.131,0
696,848,152,0.152,0
732,866,134,0.134,0
762,881,119,0.119,0
722,861,139,0.139,0
746,873,127,0.127,0
666,833,167,0.167,0
742,871,129,0.129,0
712,856,144,0.144,0
738,869,131,0.131,0
756,878,122,0.122,0
770,885,115,0.115,0
722,861,139,0.139,0
724,862,138,0.138,0
772,886,114,0.114,0
746,873,127,0.127,0
704,852,148,0.148,0
718,859,141,0.141,0
724,862,138,0.138,0
708,854,146,0.146,0
776,888,112,0.112,0
748,874,126,0.126,0
758,879,121,0.121,0
750,875,125,0.125,0
680,840,160,0.16,0
704,852,148,0.148,0
746,873,127,0.127,0
748,874,126,0.126,0
752,876,124,0.124,0
688,844,156,0.156,0
700,850,150,0.15,0
688,844,156,0.156,0
672,836,164,0.164,0
744,872,128,0.128,0
734,867,133,0.133,0
782,891,109,0.109,0
742,871,129,0.129,0
746,873,127,0.127,0
716,858,142,0.142,0
766,883,117,0.117,0
714,857,143,0.143,0
780,890,110,0.11,0
766,883,117,0.117,0
750,875,125,0.125,0
680,840,160,0.16,0
718,859,141,0.141,0
696,848,152,0.152,0
758,879,121,0.121,0
756,878,122,0.122,0
760,880,120,0.12,0
700,850,150,0.15,0
748,874,126,0.126,0
688,844,156,0.156,0
716,858,142,0.142,0
762,881,119,0.119,0
700,850,150,0.15,0
748,874,126,0.126,0
706,853,147,0.147,0
770,885,115,0.115,0
704,852,148,0.148,0
768,884,116,0.116,0
716,858,142,0.142,0
772,886,114,0.114,0
762,881,119,0.119,0
734,867,133,0.133,0
734,867,133,0.133,0
724,862,138,0.138,0
726,863,137,0.137,0
704,852,148,0.148,0
756,878,122,0.122,0
690,845,155,0.155,0
728,864,136,0.136,0
710,855,145,0.145,0
690,845,155,0.155,0
700,850,150,0.15,0
712,856,144,0.144,0
732,866,134,0.134,0
742,871,129,0.129,0
730,865,135,0.135,0
768,884,116,0.116,0
730,865,135,0.135,0
728,864,136,0.136,0
794,897,103,0.103,0
722,861,139,0.139,0
718,859,141,0.141,0
714,857,143,0.143,0
752,876,124,0.124,0
714,857,143,0.143,0
694,847,153,0.153,0
710,855,145,0.145,0
722,861,139,0.139,0
708,854,146,0.146,0
734,867,133,0.133,0
644,822,178,0.178,0
756,878,122,0.122,0
752,876,124,0.124,0
706,853,147,0.147,0
726,863,137,0.137,0
730,865,135,0.135,0
736,868,132,0.132,0
718,859,141,0.141,0
754,877,123,0.123,0
748,874,126,0.126,0
648,824,176,0.176,0
728,864,136,0.136,0
732,866,134,0.134,0
726,863,137,0.137,0
704,852,148,0.148,0
756,878,122,0.122,0
736,868,132,0.132,0
768,884,116,0.116,0
750,875,125,0.125,0
714,857,143,0.143,0
758,879,121,0.121,0
778,889,111,0.111,0
760,880,120,0.12,0
728,864,136,0.136,0
730,865,135,0.135,0
760,880,120,0.12,0
742,871,129,0.129,0
746,873,127,0.127,0
764,882,118,0.118,0
714,857,143,0.143,0
696,848,152,0.152,0
750,875,125,0.125,0
740,870,130,0.13,0
720,860,140,0.14,0
712,856,144,0.144,0
714,857,143,0.143,0
752,876,124,0.124,0
690,845,155,0.155,0
750,875,125,0.125,0
720,860,140,0.14,0
722,861,139,0.139,0
770,885,115,0.115,0
740,870,130,0.13,0
770,885,115,0.115,0
740,870,130,0.13,0
710,855,145,0.145,0
706,853,147,0.147,0
708,854,146,0.146,0
756,878,122,0.122,0
714,857,143,0.143,0
750,875,125,0.125,0
732,866,134,0.134,0
730,865,135,0.135,0
756,878,122,0.122,0
756,878,122,0.122,0
742,871,129,0.129,0
738,869,131,0.131,0
686,843,157,0.157,0
712,856,144,0.144,0
724,862,138,0.138,0
780,890,110,0.11,0
758,879,121,0.121,0
748,874,126,0.126,0
680,840,160,0.16,0
676,838,162,0.162,0
718,859,141,0.141,0
760,880,120,0.12,0
722,861,139,0.139,0
714,857,143,0.143,0
668,834,166,0.166,0
718,859,141,0.141,0
728,864,136,0.136,0
738,869,131,0.131,0
754,877,123,0.123,0
706,853,147,0.147,0
762,881,119,0.119,0
694,847,153,0.153,0
706,853,147,0.147,0
726,863,137,0.137,0
700,850,150,0.15,0
782,891,109,0.109,0
742,871,129,0.129,0
786,893,107,0.107,0
714,857,143,0.143,0
712,856,144,0.144,0
810,905,95,0.095,0
766,883,117,0.117,0
686,843,157,0.157,0
690,845,155,0.155,0
712,856,144,0.144,0
714,857,143,0.143,0
762,881,119,0.119,0
736,868,132,0.132,0
686,843,157,0.157,0
740,870,130,0.13,0
766,883,117,0.117,0
716,858,142,0.142,0
748,874,126,0.126,0
690,845,155,0.155,0
698,849,151,0.151,0
744,872,128,0.128,0
772,886,114,0.114,0
722,861,139,0.139,0
758,879,121,0.121,0
722,861,139,0.139,0
778,889,111,0.111,0
728,864,136,0.136,0
686,843,157,0.157,0
754,877,123,0.123,0
718,859,141,0.141,0
722,861,139,0.139,0
736,868,132,0.132,0
760,880,120,0.12,0
726,863,137,0.137,0
754,877,123,0.123,0
722,861,139,0.139,0
706,853,147,0.147,0
730,865,135,0.135,0
690,845,155,0.155,0
740,870,130,0.13,0
722,861,139,0.139,0
672,836,164,0.164,0
710,855,145,0.145,0
712,856,144,0.144,0
728,864,136,0.136,0
772,886,114,0.114,0
738,869,131,0.131,0
750,875,125,0.125,0
764,882,118,0.118,0
696,848,152,0.152,0
788,894,106,0.106,0
716,858,142,0.142,0
710,855,145,0.145,0
786,893,107,0.107,0
720,860,140,0.14,0
754,877,123,0.123,0
686,843,157,0.157,0
692,846,154,0.154,0
734,867,133,0.133,0
724,862,138,0.138,0
684,842,158,0.158,0
720,860,140,0.14,0
738,869,131,0.131,0
728,864,136,0.136,0
718,859,141,0.141,0
726,863,137,0.137,0
742,871,129,0.129,0
696,848,152,0.152,0
720,860,140,0.14,0
696,848,152,0.152,0
732,866,134,0.134,0
750,875,125,0.125,0
762,881,119,0.119,0
750,875,125,0.125,0
744,872,128,0.128,0
728,864,136,0.136,0
760,880,120,0.12,0
704,852,148,0.148,0
702,851,149,0.149,0
708,854,146,0.146,0
674,837,163,0.163,0
758,879,121,0.121,0
792,896,104,0.104,0
706,853,147,0.147,0
752,876,124,0.124,0
778,889,111,0.111,0
712,856,144,0.144,0
704,852,148,0.148,0
716,858,142,0.142,0
718,859,141,0.141,0
708,854,146,0.146,0
706,853,147,0.147,0
708,854,146,0.146,0
734,867,133,0.133,0
746,873,127,0.127,0
792,896,104,0.104,0
742,871,129,0.129,0
724,862,138,0.138,0
726,863,137,0.137,0
684,842,158,0.158,0
754,877,123,0.123,0
702,851,149,0.149,0
724,862,138,0.138,0
740,870,130,0.13,0
676,838,162,0.162,0
710,855,145,0.145,0
770,885,115,0.115,0
714,857,143,0.143,0
710,855,145,0.145,0
724,862,138,0.138,0
736,868,132,0.132,0
728,864,136,0.136,0
708,854,146,0.146,0
668,834,166,0.166,0
738,869,131,0.131,0
704,852,148,0.148,0
754,877,123,0.123,0
664,832,168,0.168,0
756,878,122,0.122,0
726,863,137,0.137,0
770,885,115,0.115,0
692,846,154,0.154,0
656,828,172,0.172,0
726,863,137,0.137,0
736,868,132,0.132,0
738,869,131,0.131,0
728,864,136,0.136,0
682,841,159,0.159,0
788,894,106,0.106,0
752,876,124,0.124,0
764,882,118,0.118,0
770,885,115,0.115,0
722,861,139,0.139,0
660,830,170,0.17,0
728,864,136,0.136,0
736,868,132,0.132,0
714,857,143,0.143,0
718,859,141,0.141,0
764,882,118,0.118,0
702,851,149,0.149,0
726,863,137,0.137,0
708,854,146,0.146,0
758,879,121,0.121,0
726,863,137,0.137,0
758,879,121,0.121,0
726,863,137,0.137,0
740,870,130,0.13,0
722,861,139,0.139,0
676,838,162,0.162,0
762,881,119,0.119,0
768,884,116,0.116,0
708,854,146,0.146,0
714,857,143,0.143,0
694,847,153,0.153,0
712,856,144,0.144,0
716,858,142,0.142,0
716,858,142,0.142,0
674,837,163,0.163,0
690,845,155,0.155,0
716,858,142,0.142,0
784,892,108,0.108,0
734,867,133,0.133,0
716,858,142,0.142,0
738,869,131,0.131,0
786,893,107,0.107,0
742,871,129,0.129,0
762,881,119,0.119,0
748,874,126,0.126,0
716,858,142,0.142,0
786,893,107,0.107,0
754,877,123,0.123,0
716,858,142,0.142,0
772,886,114,0.114,0
754,877,123,0.123,0
772,886,114,0.114,0
660,830,170,0.17,0
746,873,127,0.127,0
740,870,130,0.13,0
732,866,134,0.134,0
734,867,133,0.133,0
698,849,151,0.151,0
706,853,147,0.147,0
696,848,152,0.152,0
774,887,113,0.113,0
714,857,143,0.143,0
704,852,148,0.148,0
752,876,124,0.124,0
730,865,135,0.135,0
774,887,113,0.113,0
760,880,120,0.12,0
764,882,118,0.118,0
716,858,142,0.142,0
720,860,140,0.14,0
728,864,136,0.136,0
708,854,146,0.146,0
752,876,124,0.124,0
692,846,154,0.154,0
752,876,124,0.124,0
740,870,130,0.13,0
744,872,128,0.128,0
744,872,128,0.128,0
758,879,121,0.121,0
722,861,139,0.139,0
728,864,136,0.136,0
712,856,144,0.144,0
688,844,156,0.156,0
724,862,138,0.138,0
718,859,141,0.141,0
688,844,156,0.156,0
742,871,129,0.129,0
744,872,128,0.128,0
724,862,138,0.138,0
720,860,140,0.14,0
726,863,137,0.137,0
786,893,107,0.107,0
754,877,123,0.123,0
748,874,126,0.126,0
734,867,133,0.133,0
728,864,136,0.136,0
736,868,132,0.132,0
764,882,118,0.118,0
708,854,146,0.146,0
754,877,123,0.123,0
722,861,139,0.139,0
746,873,127,0.127,0
710,855,145,0.145,0
762,881,119,0.119,0
762,881,119,0.119,0
700,850,150,0.15,0
666,833,167,0.167,0
754,877,123,0.123,0
762,881,119,0.119,0
756,878,122,0.122,0
746,873,127,0.127,0
736,868,132,0.132,0
666,833,167,0.167,0
764,882,118,0.118,0
750,875,125,0.125,0
752,876,124,0.124,0
750,875,125,0.125,0
732,866,134,0.134,0
730,865,135,0.135,0
776,888,112,0.112,0
742,871,129,0.129,0
694,847,153,0.153,0
692,846,154,0.154,0
732,866,134,0.134,0
730,865,135,0.135,0
700,850,150,0.15,0
724,862,138,0.138,0
734,867,133,0.133,0
714,857,143,0.143,0
734,867,133,0.133,0
734,867,133,0.133,0
744,872,128,0.128,0
754,877,123,0.123,0
722,861,139,0.139,0
734,867,133,0.133,0
690,845,155,0.155,0
746,873,127,0.127,0
778,889,111,0.111,0
716,858,142,0.142,0
718,859,141,0.141,0
736,868,132,0.132,0
726,863,137,0.137,0
772,886,114,0.114,0
736,868,132,0.132,0
682,841,159,0.159,0
754,877,123,0.123,0
692,846,154,0.154,0
708,854,146,0.146,0
722,861,139,0.139,0
738,869,131,0.131,0
716,858,142,0.142,0
718,859,141,0.141,0
736,868,132,0.132,0
730,865,135,0.135,0
748,874,126,0.126,0
742,871,129,0.129,0
744,872,128,0.128,0
756,878,122,0.122,0
708,854,146,0.146,0
712,856,144,0.144,0
686,843,157,0.157,0
710,855,145,0.145,0
702,851,149,0.149,0
736,868,132,0.132,0
794,897,103,0.103,0
702,851,149,0.149,0
730,865,135,0.135,0
726,863,137,0.137,0
718,859,141,0.141,0
698,849,151,0.151,0
766,883,117,0.117,0
674,837,163,0.163,0
794,897,103,0.103,0
736,868,132,0.132,0
784,892,108,0.108,0
744,872,128,0.128,0
680,840,160,0.16,0
762,881,119,0.119,0
732,866,134,0.134,0
666,833,167,0.167,0
708,854,146,0.146,0
734,867,133,0.133,0
692,846,154,0.154,0
742,871,129,0.129,0
636,818,182,0.182,0
714,857,143,0.143,0
698,849,151,0.151,0
780,890,110,0.11,0
664,832,168,0.168,0
734,867,133,0.133,0
726,863,137,0.137,0
756,878,122,0.122,0
752,876,124,0.124,0
748,874,126,0.126,0
738,869,131,0.131,0
746,873,127,0.127,0
730,865,135,0.135,0
726,863,137,0.137,0
748,874,126,0.126,0
734,867,133,0.133,0
660,830,170,0.17,0
738,869,131,0.131,0
750,875,125,0.125,0
716,858,142,0.142,0
718,859,141,0.141,0
752,876,124,0.124,0
730,865,135,0.135,0
722,861,139,0.139,0
716,858,142,0.142,0
724,862,138,0.138,0
732,866,134,0.134,0
808,904,96,0.096,0
752,876,124,0.124,0
748,874,126,0.126,0
754,877,123,0.123,0
762,881,119,0.119,0
736,868,132,0.132,0
724,862,138,0.138,0
704,852,148,0.148,0
706,853,147,0.147,0
616,808,192,0.192,0
768,884,116,0.116,0
754,877,123,0.123,0
770,885,115,0.115,0
738,869,131,0.131,0
750,875,125,0.125,0
736,868,132,0.132,0
762,881,119,0.119,0
724,862,138,0.138,0
734,867,133,0.133,0
722,861,139,0.139,0
686,843,157,0.157,0
726,863,137,0.137,0
678,839,161,0.161,0
724,862,138,0.138,0
730,865,135,0.135,0
708,854,146,0.146,0
748,874,126,0.126,0
674,837,163,0.163,0
736,868,132,0.132,0
726,863,137,0.137,0
768,884,116,0.116,0
668,834,166,0.166,0
732,866,134,0.134,0
776,888,112,0.112,0
772,886,114,0.114,0
734,867,133,0.133,0
742,871,129,0.129,0
668,834,166,0.166,0
814,907,93,0.093,0
722,861,139,0.139,0
768,884,116,0.116,0
746,873,127,0.127,0
768,884,116,0.116,0
712,856,144,0.144,0
720,860,140,0.14,0
702,851,149,0.149,0
726,863,137,0.137,0
710,855,145,0.145,0
712,856,144,0.144,0
710,855,145,0.145,0
746,873,127,0.127,0
774,887,113,0.113,0
748,874,126,0.126,0
736,868,132,0.132,0
754,877,123,0.123,0
742,871,129,0.129,0
710,855,145,0.145,0
746,873,127,0.127,0
742,871,129,0.129,0
722,861,139,0.139,0
714,857,143,0.143,0
736,868,132,0.132,0
718,859,141,0.141,0
732,866,134,0.134,0
728,864,136,0.136,0
702,851,149,0.149,0
682,841,159,0.159,0
724,862,138,0.138,0
774,887,113,0.113,0
744,872,128,0.128,0
682,841,159,0.159,0
776,888,112,0.112,0
690,845,155,0.155,0
672,836,164,0.164,0
740,870,130,0.13,0
756,878,122,0.122,0
690,845,155,0.155,0
740,870,130,0.13,0
796,898,102,0.102,0
770,885,115,0.115,0
718,859,141,0.141,0
770,885,115,0.115,0
714,857,143,0.143,0
774,887,113,0.113,0
728,864,136,0.136,0
742,871,129,0.129,0
708,854,146,0.146,0
698,849,151,0.151,0
682,841,159,0.159,0
750,875,125,0.125,0
774,887,113,0.113,0
738,869,131,0.131,0
768,884,116,0.116,0
702,851,149,0.149,0
758,879,121,0.121,0
720,860,140,0.14,0
698,849,151,0.151,0
744,872,128,0.128,0
732,866,134,0.134,0
732,866,134,0.134,0
734,867,133,0.133,0
712,856,144,0.144,0
720,860,140,0.14,0
712,856,144,0.144,0
756,878,122,0.122,0
724,862,138,0.138,0
744,872,128,0.128,0
704,852,148,0.148,0
696,848,152,0.152,0
758,879,121,0.121,0
746,873,127,0.127,0
726,863,137,0.137,0
714,857,143,0.143,0
726,863,137,0.137,0
736,868,132,0.132,0
696,848,152,0.152,0
772,886,114,0.114,0
728,864,136,0.136,0
774,887,113,0.113,0
712,856,144,0.144,0
654,827,173,0.173,0
724,862,138,0.138,0
752,876,124,0.124,0
736,868,132,0.132,0
742,871,129,0.129,0
724,862,138,0.138,0
750,875,125,0.125,0
748,874,126,0.126,0
744,872,128,0.128,0
758,879,121,0.121,0
728,864,136,0.136,0
724,862,138,0.138,0
698,849,151,0.151,0
702,851,149,0.149,0
734,867,133,0.133,0
734,867,133,0.133,0
694,847,153,0.153,0
704,852,148,0.148,0
726,863,137,0.137,0
726,863,137,0.137,0
704,852,148,0.148,0
736,868,132,0.132,0
736,868,132,0.132,0
714,857,143,0.143,0
734,867,133,0.133,0
754,877,123,0.123,0
742,871,129,0.129,0
688,844,156,0.156,0
720,860,140,0.14,0
724,862,138,0.138,0
712,856,144,0.144,0
696,848,152,0.152,0
766,883,117,0.117,0
710,855,145,0.145,0
710,855,145,0.145,0
752,876,124,0.124,0
738,869,131,0.131,0
722,861,139,0.139,0
752,876,124,0.124,0
708,854,146,0.146,0
738,869,131,0.131,0
754,877,123,0.123,0
708,854,146,0.146,0
778,889,111,0.111,0
680,840,160,0.16,0
722,861,139,0.139,0
708,854,146,0.146,0
780,890,110,0.11,0
716,858,142,0.142,0
734,867,133,0.133,0
734,867,133,0.133,0
722,861,139,0.139,0
754,877,123,0.123,0
724,862,138,0.138,0
784,892,108,0.108,0
724,862,138,0.138,0
774,887,113,0.113,0
750,875,125,0.125,0
756,878,122,0.122,0
732,866,134,0.134,0
716,858,142,0.142,0
772,886,114,0.114,0
732,866,134,0.134,0
714,857,143,0.143,0
764,882,118,0.118,0
734,867,133,0.133,0
756,878,122,0.122,0
726,863,137,0.137,0
748,874,126,0.126,0
734,867,133,0.133,0
780,890,110,0.11,0
800,900,100,0.1,0
728,864,136,0.136,0
758,879,121,0.121,0
714,857,143,0.143,0
730,865,135,0.135,0
708,854,146,0.146,0
720,860,140,0.14,0
686,843,157,0.157,0
708,854,146,0.146,0
700,850,150,0.15,0
720,860,140,0.14,0
724,862,138,0.138,0
736,868,132,0.132,0
742,871,129,0.129,0
706,853,147,0.147,0
756,878,122,0.122,0
724,862,138,0.138,0
778,889,111,0.111,0
672,836,164,0.164,0
726,863,137,0.137,0
740,870,130,0.13,0
734,867,133,0.133,0
660,830,170,0.17,0
692,846,154,0.154,0
772,886,114,0.114,0
724,862,138,0.138,0
756,878,122,0.122,0
740,870,130,0.13,0
724,862,138,0.138,0
732,866,134,0.134,0
742,871,129,0.129,0
716,858,142,0.142,0
750,875,125,0.125,0
708,854,146,0.146,0
642,821,179,0.179,0
746,873,127,0.127,0
732,866,134,0.134,0
704,852,148,0.148,0
710,855,145,0.145,0
774,887,113,0.113,0
746,873,127,0.127,0
696,848,152,0.152,0
680,840,160,0.16,0
728,864,136,0.136,0
704,852,148,0.148,0
772,886,114,0.114,0
722,861,139,0.139,0
766,883,117,0.117,0
740,870,130,0.13,0
668,834,166,0.166,0
744,872,128,0.128,0
724,862,138,0.138,0
728,864,136,0.136,0
734,867,133,0.133,0
752,876,124,0.124,0
768,884,116,0.116,0
756,878,122,0.122,0
728,864,136,0.136,0
712,856,144,0.144,0
724,862,138,0.138,0
720,860,140,0.14,0
778,889,111,0.111,0
672,836,164,0.164,0
672,836,164,0.164,0
778,889,111,0.111,0
684,842,158,0.158,0
760,880,120,0.12,0
690,845,155,0.155,0
760,880,120,0.12,0
740,870,130,0.13,0
718,859,141,0.141,0
736,868,132,0.132,0
696,848,152,0.152,0
718,859,141,0.141,0
688,844,156,0.156,0
746,873,127,0.127,0
808,904,96,0.096,0
678,839,161,0.161,0
766,883,117,0.117,0
782,891,109,0.109,0
708,854,146,0.146,0
704,852,148,0.148,0
692,846,154,0.154,0
740,870,130,0.13,0
744,872,128,0.128,0
758,879,121,0.121,0
740,870,130,0.13,0
698,849,151,0.151,0
742,871,129,0.129,0
762,881,119,0.119,0
752,876,124,0.124,0
808,904,96,0.096,0
704,852,148,0.148,0
744,872,128,0.128,0
786,893,107,0.107,0
708,854,146,0.146,0
728,864,136,0.136,0
752,876,124,0.124,0
768,884,116,0.116,0
692,846,154,0.154,0
746,873,127,0.127,0
718,859,141,0.141,0
718,859,141,0.141,0
690,845,155,0.155,0
744,872,128,0.128,0
694,847,153,0.153,0
774,887,113,0.113,0
754,877,123,0.123,0
780,890,110,0.11,0
752,876,124,0.124,0
706,853,147,0.147,0
736,868,132,0.132,0
738,869,131,0.131,0
762,881,119,0.119,0
732,866,134,0.134,0
716,858,142,0.142,0
706,853,147,0.147,0
714,857,143,0.143,0
732,866,134,0.134,0
704,852,148,0.148,0
720,860,140,0.14,0
694,847,153,0.153,0
724,862,138,0.138,0
738,869,131,0.131,0
700,850,150,0.15,0
708,854,146,0.146,0
730,865,135,0.135,0
730,865,135,0.135,0
708,854,146,0.146,0
728,864,136,0.136,0
790,895,105,0.105,0
704,852,148,0.148,0
752,876,124,0.124,0
716,858,142,0.142,0
716,858,142,0.142,0
754,877,123,0.123,0
754,877,123,0.123,0
704,852,148,0.148,0
712,856,144,0.144,0
716,858,142,0.142,0
742,871,129,0.129,0
742,871,129,0.129,0
746,873,127,0.127,0
770,885,115,0.115,0
708,854,146,0.146,0
704,852,148,0.148,0
742,871,129,0.129,0
702,851,149,0.149,0
736,868,132,0.132,0
716,858,142,0.142,0
748,874,126,0.126,0
718,859,141,0.141,0
702,851,149,0.149,0
724,862,138,0.138,0
744,872,128,0.128,0
710,855,145,0.145,0
704,852,148,0.148,0
794,897,103,0.103,0
760,880,120,0.12,0
694,847,153,0.153,0
732,866,134,0.134,0
740,870,130,0.13,0
708,854,146,0.146,0
724,862,138,0.138,0
736,868,132,0.132,0
694,847,153,0.153,0
732,866,134,0.134,0
704,852,148,0.148,0
736,868,132,0.132,0
750,875,125,0.125,0
788,894,106,0.106,0
704,852,148,0.148,0
754,877,123,0.123,0
710,855,145,0.145,0
750,875,125,0.125,0
732,866,134,0.134,0
726,863,137,0.137,0
692,846,154,0.154,0
692,846,154,0.154,0
746,873,127,0.127,0
724,862,138,0.138,0
790,895,105,0.105,0
724,862,138,0.138,0
724,862,138,0.138,0
730,865,135,0.135,0
740,870,130,0.13,0
748,874,126,0.126,0
662,831,169,0.169,0
732,866,134,0.134,0
716,858,142,0.142,0
766,883,117,0.117,0
738,869,131,0.131,0
686,843,157,0.157,0
706,853,147,0.147,0
736,868,132,0.132,0
698,849,151,0.151,0
750,875,125,0.125,0
728,864,136,0.136,0
752,876,124,0.124,0
762,881,119,0.119,0
746,873,127,0.127,0
680,840,160,0.16,0
732,866,134,0.134,0
746,873,127,0.127,0
744,872,128,0.128,0
730,865,135,0.135,0
770,885,115,0.115,0
720,860,140,0.14,0
752,876,124,0.124,0
772,886,114,0.114,0
784,892,108,0.108,0
732,866,134,0.134,0
740,870,130,0.13,0
726,863,137,0.137,0
732,866,134,0.134,0
736,868,132,0.132,0
730,865,135,0.135,0
714,857,143,0.143,0
750,875,125,0.125,0
794,897,103,0.103,0
790,895,105,0.105,0
720,860,140,0.14,0
706,853,147,0.147,0
726,863,137,0.137,0
720,860,140,0.14,0
730,865,135,0.135,0
712,856,144,0.144,0
758,879,121,0.121,0
758,879,121,0.121,0
738,869,131,0.131,0
708,854,146,0.146,0
726,863,137,0.137,0
730,865,135,0.135,0
700,850,150,0.15,0
742,871,129,0.129,0
734,867,133,0.133,0
754,877,123,0.123,0
750,875,125,0.125,0
770,885,115,0.115,0
748,874,126,0.126,0
720,860,140,0.14,0
730,865,135,0.135,0
746,873,127,0.127,0
770,885,115,0.115,0
772,886,114,0.114,0
682,841,159,0.159,0
802,901,99,0.099,0
770,885,115,0.115,0
792,896,104,0.104,0
722,861,139,0.139,0
716,858,142,0.142,0
690,845,155,0.155,0
766,883,117,0.117,0
694,847,153,0.153,0
790,895,105,0.105,0
718,859,141,0.141,0
720,860,140,0.14,0
716,858,142,0.142,0
776,888,112,0.112,0
704,852,148,0.148,0
718,859,141,0.141,0
710,855,145,0.145,0
760,880,120,0.12,0
758,879,121,0.121,0
726,863,137,0.137,0
692,846,154,0.154,0
736,868,132,0.132,0
778,889,111,0.111,0
708,854,146,0.146,0
782,891,109,0.109,0
694,847,153,0.153,0
724,862,138,0.138,0
756,878,122,0.122,0
800,900,100,0.1,0
706,853,147,0.147,0
772,886,114,0.114,0
756,878,122,0.122,0
758,879,121,0.121,0
718,859,141,0.141,0
844,922,78,0.078,0
772,886,114,0.114,0
774,887,113,0.113,0
698,849,151,0.151,0
812,906,94,0.094,0
736,868,132,0.132,0
694,847,153,0.153,0
742,871,129,0.129,0
740,870,130,0.13,0
732,866,134,0.134,0
770,885,115,0.115,0
730,865,135,0.135,0
740,870,130,0.13,0
732,866,134,0.134,0
744,872,128,0.128,0
754,877,123,0.123,0
778,889,111,0.111,0
684,842,158,0.158,0
716,858,142,0.142,0
746,873,127,0.127,0
716,858,142,0.142,0
736,868,132,0.132,0
770,885,115,0.115,0
740,870,130,0.13,0
748,874,126,0.126,0
766,883,117,0.117,0
704,852,148,0.148,0
742,871,129,0.129,0
698,849,151,0.151,0
724,862,138,0.138,0
750,875,125,0.125,0
712,856,144,0.144,0
736,868,132,0.132,0
742,871,129,0.129,0
752,876,124,0.124,0
754,877,123,0.123,0
732,866,134,0.134,0
768,884,116,0.116,0
738,869,131,0.131,0
706,853,147,0.147,0
750,875,125,0.125,0
706,853,147,0.147,0
716,858,142,0.142,0
798,899,101,0.101,0
762,881,119,0.119,0
750,875,125,0.125,0
746,873,127,0.127,0
748,874,126,0.126,0
752,876,124,0.124,0
730,865,135,0.135,0
714,857,143,0.143,0
748,874,126,0.126,0
708,854,146,0.146,0
680,840,160,0.16,0
718,859,141,0.141,0
752,876,124,0.124,0
746,873,127,0.127,0
772,886,114,0.114,0
716,858,142,0.142,0
738,869,131,0.131,0
736,868,132,0.132,0
750,875,125,0.125,0
752,876,124,0.124,0
708,854,146,0.146,0
692,846,154,0.154,0
796,898,102,0.102,0
744,872,128,0.128,0
698,849,151,0.151,0
738,869,131,0.131,0
766,883,117,0.117,0
724,862,138,0.138,0
724,862,138,0.138,0
670,835,165,0.165,0
784,892,108,0.108,0
714,857,143,0.143,0
726,863,137,0.137,0
714,857,143,0.143,0
780,890,110,0.11,0
682,841,159,0.159,0
680,840,160,0.16,0
672,836,164,0.164,0
770,885,115,0.115,0
744,872,128,0.128,0
728,864,136,0.136,0
748,874,126,0.126,0
748,874,126,0.126,0
728,864,136,0.136,0
736,868,132,0.132,0
684,842,158,0.158,0
690,845,155,0.155,0
708,854,146,0.146,0
716,858,142,0.142,0
742,871,129,0.129,0
716,858,142,0.142,0
758,879,121,0.121,0
734,867,133,0.133,0
728,864,136,0.136,0
722,861,139,0.139,0
752,876,124,0.124,0
788,894,106,0.106,0
736,868,132,0.132,0
700,850,150,0.15,0
700,850,150,0.15,0
736,868,132,0.132,0
738,869,131,0.131,0
732,866,134,0.134,0
752,876,124,0.124,0
732,866,134,0.134,0
732,866,134,0.134,0
750,875,125,0.125,0
690,845,155,0.155,0
712,856,144,0.144,0
740,870,130,0.13,0
758,879,121,0.121,0
774,887,113,0.113,0
748,874,126,0.126,0
710,855,145,0.145,0
712,856,144,0.144,0
768,884,116,0.116,0
764,882,118,0.118,0
706,853,147,0.147,0
788,894,106,0.106,0
760,880,120,0.12,0
748,874,126,0.126,0
704,852,148,0.148,0
708,854,146,0.146,0
708,854,146,0.146,0
758,879,121,0.121,0
794,897,103,0.103,0
738,869,131,0.131,0
752,876,124,0.124,0
718,859,141,0.141,0
720,860,140,0.14,0
756,878,122,0.122,0
760,880,120,0.12,0
736,868,132,0.132,0
730,865,135,0.135,0
662,831,169,0.169,0
682,841,159,0.159,0
740,870,130,0.13,0
706,853,147,0.147,0
710,855,145,0.145,0
742,871,129,0.129,0
710,855,145,0.145,0
696,848,152,0.152,0
678,839,161,0.161,0
738,869,131,0.131,0
746,873,127,0.127,0
702,851,149,0.149,0
730,865,135,0.135,0
728,864,136,0.136,0
730,865,135,0.135,0
760,880,120,0.12,0
718,859,141,0.141,0
686,843,157,0.157,0
700,850,150,0.15,0
706,853,147,0.147,0
734,867,133,0.133,0
748,874,126,0.126,0
706,853,147,0.147,0
718,859,141,0.141,0
784,892,108,0.108,0
772,886,114,0.114,0
786,893,107,0.107,0
728,864,136,0.136,0
728,864,136,0.136,0
742,871,129,0.129,0
724,862,138,0.138,0
754,877,123,0.123,0
682,841,159,0.159,0
748,874,126,0.126,0
702,851,149,0.149,0
722,861,139,0.139,0
734,867,133,0.133,0
710,855,145,0.145,0
742,871,129,0.129,0
714,857,143,0.143,0
728,864,136,0.136,0
736,868,132,0.132,0
786,893,107,0.107,0
782,891,109,0.109,0
744,872,128,0.128,0
720,860,140,0.14,0
726,863,137,0.137,0
746,873,127,0.127,0
752,876,124,0.124,0
724,862,138,0.138,0
722,861,139,0.139,0
740,870,130,0.13,0
736,868,132,0.132,0
682,841,159,0.159,0
710,855,145,0.145,0
748,874,126,0.126,0
780,890,110,0.11,0
724,862,138,0.138,0
766,883,117,0.117,0
730,865,135,0.135,0
716,858,142,0.142,0
682,841,159,0.159,0
752,876,124,0.124,0
754,877,123,0.123,0
774,887,113,0.113,0
732,866,134,0.134,0
692,846,154,0.154,0
674,837,163,0.163,0
736,868,132,0.132,0
716,858,142,0.142,0
714,857,143,0.143,0
734,867,133,0.133,0
746,873,127,0.127,0
710,855,145,0.145,0
728,864,136,0.136,0
666,833,167,0.167,0
726,863,137,0.137,0
736,868,132,0.132,0
704,852,148,0.148,0
744,872,128,0.128,0
696,848,152,0.152,0
794,897,103,0.103,0
744,872,128,0.128,0
726,863,137,0.137,0
754,877,123,0.123,0
744,872,128,0.128,0
714,857,143,0.143,0
750,875,125,0.125,0
748,874,126,0.126,0
722,861,139,0.139,0
740,870,130,0.13,0
692,846,154,0.154,0
700,850,150,0.15,0
760,880,120,0.12,0
722,861,139,0.139,0
750,875,125,0.125,0
728,864,136,0.136,0
732,866,134,0.134,0
748,874,126,0.126,0
768,884,116,0.116,0
670,835,165,0.165,0
712,856,144,0.144,0
754,877,123,0.123,0
754,877,123,0.123,0
736,868,132,0.132,0
732,866,134,0.134,0
738,869,131,0.131,0
740,870,130,0.13,0
720,860,140,0.14,0
714,857,143,0.143,0
720,860,140,0.14,0
756,878,122,0.122,0
730,865,135,0.135,0
744,872,128,0.128,0
762,881,119,0.119,0
724,862,138,0.138,0
768,884,116,0.116,0
676,838,162,0.162,0
674,837,163,0.163,0
740,870,130,0.13,0
708,854,146,0.146,0
786,893,107,0.107,0
740,870,130,0.13,0
710,855,145,0.145,0
712,856,144,0.144,0
742,871,129,0.129,0
748,874,126,0.126,0
768,884,116,0.116,0
684,842,158,0.158,0
674,837,163,0.163,0
806,903,97,0.097,0
758,879,121,0.121,0
738,869,131,0.131,0
752,876,124,0.124,0
770,885,115,0.115,0
712,856,144,0.144,0
706,853,147,0.147,0
668,834,166,0.166,0
716,858,142,0.142,0
742,871,129,0.129,0
738,869,131,0.131,0
714,857,143,0.143,0
736,868,132,0.132,0
714,857,143,0.143,0
744,872,128,0.128,0
754,877,123,0.123,0
750,875,125,0.125,0
748,874,126,0.126,0
742,871,129,0.129,0
696,848,152,0.152,0
718,859,141,0.141,0
702,851,149,0.149,0
732,866,134,0.134,0
724,862,138,0.138,0
708,854,146,0.146,0
688,844,156,0.156,0
722,861,139,0.139,0
800,900,100,0.1,0
714,857,143,0.143,0
794,897,103,0.103,0
732,866,134,0.134,0
738,869,131,0.131,0
770,885,115,0.115,0
776,888,112,0.112,0
762,881,119,0.119,0
730,865,135,0.135,0
684,842,158,0.158,0
700,850,150,0.15,0
718,859,141,0.141,0
742,871,129,0.129,0
770,885,115,0.115,0
744,872,128,0.128,0
758,879,121,0.121,0
748,874,126,0.126,0
754,877,123,0.123,0
762,881,119,0.119,0
720,860,140,0.14,0
746,873,127,0.127,0
712,856,144,0.144,0
762,881,119,0.119,0
698,849,151,0.151,0
730,865,135,0.135,0
776,888,112,0.112,0
714,857,143,0.143,0
724,862,138,0.138,0
750,875,125,0.125,0
742,871,129,0.129,0
780,890,110,0.11,0
742,871,129,0.129,0
736,868,132,0.132,0
730,865,135,0.135,0
664,832,168,0.168,0
768,884,116,0.116,0
746,873,127,0.127,0
754,877,123,0.123,0
704,852,148,0.148,0
752,876,124,0.124,0
740,870,130,0.13,0
750,875,125,0.125,0
734,867,133,0.133,0
742,871,129,0.129,0
712,856,144,0.144,0
720,860,140,0.14,0
744,872,128,0.128,0
714,857,143,0.143,0
752,876,124,0.124,0
696,848,152,0.152,0
736,868,132,0.132,0
720,860,140,0.14,0
730,865,135,0.135,0
722,861,139,0.139,0
694,847,153,0.153,0
706,853,147,0.147,0
724,862,138,0.138,0
686,843,157,0.157,0
782,891,109,0.109,0
734,867,133,0.133,0
684,842,158,0.158,0
692,846,154,0.154,0
732,866,134,0.134,0
702,851,149,0.149,0
654,827,173,0.173,0
708,854,146,0.146,0
728,864,136,0.136,0
730,865,135,0.135,0
748,874,126,0.126,0
712,856,144,0.144,0
716,858,142,0.142,0
690,845,155,0.155,0
746,873,127,0.127,0
744,872,128,0.128,0
750,875,125,0.125,0
706,853,147,0.147,0
740,870,130,0.13,0
748,874,126,0.126,0
776,888,112,0.112,0
732,866,134,0.134,0
726,863,137,0.137,0
724,862,138,0.138,0
750,875,125,0.125,0
760,880,120,0.12,0
710,855,145,0.145,0
688,844,156,0.156,0
766,883,117,0.117,0
776,888,112,0.112,0
712,856,144,0.144,0
720,860,140,0.14,0
712,856,144,0.144,0
780,890,110,0.11,0
726,863,137,0.137,0
700,850,150,0.15,0
714,857,143,0.143,0
698,849,151,0.151,0
754,877,123,0.123,0
736,868,132,0.132,0
730,865,135,0.135,0
742,871,129,0.129,0
732,866,134,0.134,0
676,838,162,0.162,0
704,852,148,0.148,0
726,863,137,0.137,0
744,872,128,0.128,0
768,884,116,0.116,0
728,864,136,0.136,0
724,862,138,0.138,0
802,901,99,0.099,0
696,848,152,0.152,0
780,890,110,0.11,0
694,847,153,0.153,0
728,864,136,0.136,0
758,879,121,0.121,0
730,865,135,0.135,0
670,835,165,0.165,0
682,841,159,0.159,0
722,861,139,0.139,0
714,857,143,0.143,0
766,883,117,0.117,0
744,872,128,0.128,0
712,856,144,0.144,0
694,847,153,0.153,0
734,867,133,0.133,0
722,861,139,0.139,0
744,872,128,0.128,0
730,865,135,0.135,0
744,872,128,0.128,0
756,878,122,0.122,0
728,864,136,0.136,0
776,888,112,0.112,0
768,884,116,0.116,0
688,844,156,0.156,0
722,861,139,0.139,0
718,859,141,0.141,0
688,844,156,0.156,0
720,860,140,0.14,0
770,885,115,0.115,0
702,851,149,0.149,0
774,887,113,0.113,0
734,867,133,0.133,0
736,868,132,0.132,0
730,865,135,0.135,0
758,879,121,0.121,0
784,892,108,0.108,0
758,879,121,0.121,0
754,877,123,0.123,0
766,883,117,0.117,0
726,863,137,0.137,0
728,864,136,0.136,0
720,860,140,0.14,0
746,873,127,0.127,0
686,843,157,0.157,0
704,852,148,0.148,0
670,835,165,0.165,0
772,886,114,0.114,0
676,838,162,0.162,0
710,855,145,0.145,0
702,851,149,0.149,0
754,877,123,0.123,0
702,851,149,0.149,0
756,878,122,0.122,0
726,863,137,0.137,0
758,879,121,0.121,0
664,832,168,0.168,0
682,841,159,0.159,0
722,861,139,0.139,0
720,860,140,0.14,0
704,852,148,0.148,0
692,846,154,0.154,0
746,873,127,0.127,0
704,852,148,0.148,0
752,876,124,0.124,0
722,861,139,0.139,0
708,854,146,0.146,0
704,852,148,0.148,0
720,860,140,0.14,0
740,870,130,0.13,0
732,866,134,0.134,0
776,888,112,0.112,0
708,854,146,0.146,0
716,858,142,0.142,0
722,861,139,0.139,0
674,837,163,0.163,0
658,829,171,0.171,0
726,863,137,0.137,0
724,862,138,0.138,0
716,858,142,0.142,0
766,883,117,0.117,0
700,850,150,0.15,0
728,864,136,0.136,0
762,881,119,0.119,0
722,861,139,0.139,0
766,883,117,0.117,0
744,872,128,0.128,0
722,861,139,0.139,0
734,867,133,0.133,0
724,862,138,0.138,0
768,884,116,0.116,0
740,870,130,0.13,0
744,872,128,0.128,0
746,873,127,0.127,0
728,864,136,0.136,0
730,865,135,0.135,0
706,853,147,0.147,0
806,903,97,0.097,0
744,872,128,0.128,0
692,846,154,0.154,0
730,865,135,0.135,0
784,892,108,0.108,0
748,874,126,0.126,0
732,866,134,0.134,0
708,854,146,0.146,0
786,893,107,0.107,0
718,859,141,0.141,0
808,904,96,0.096,0
734,867,133,0.133,0
708,854,146,0.146,0
790,895,105,0.105,0
750,875,125,0.125,0
710,855,145,0.145,0
728,864,136,0.136,0
698,849,151,0.151,0
750,875,125,0.125,0
738,869,131,0.131,0
750,875,125,0.125,0
740,870,130,0.13,0
704,852,148,0.148,0
724,862,138,0.138,0
718,859,141,0.141,0
760,880,120,0.12,0
702,851,149,0.149,0
730,865,135,0.135,0
746,873,127,0.127,0
768,884,116,0.116,0
714,857,143,0.143,0
702,851,149,0.149,0
752,876,124,0.124,0
776,888,112,0.112,0
732,866,134,0.134,0
688,844,156,0.156,0
734,867,133,0.133,0
728,864,136,0.136,0
782,891,109,0.109,0
730,865,135,0.135,0
762,881,119,0.119,0
766,883,117,0.117,0
702,851,149,0.149,0
758,879,121,0.121,0
686,843,157,0.157,0
710,855,145,0.145,0
744,872,128,0.128,0
712,856,144,0.144,0
786,893,107,0.107,0
728,864,136,0.136,0
786,893,107,0.107,0
710,855,145,0.145,0
716,858,142,0.142,0
690,845,155,0.155,0
708,854,146,0.146,0
732,866,134,0.134,0
746,873,127,0.127,0
736,868,132,0.132,0
722,861,139,0.139,0
696,848,152,0.152,0
758,879,121,0.121,0
760,880,120,0.12,0
736,868,132,0.132,0
734,867,133,0.133,0
700,850,150,0.15,0
726,863,137,0.137,0
742,871,129,0.129,0
748,874,126,0.126,0
772,886,114,0.114,0
690,845,155,0.155,0
678,839,161,0.161,0
714,857,143,0.143,0
714,857,143,0.143,0
742,871,129,0.129,0
758,879,121,0.121,0
734,867,133,0.133,0
666,833,167,0.167,0
692,846,154,0.154,0
720,860,140,0.14,0
718,859,141,0.141,0
762,881,119,0.119,0
706,853,147,0.147,0
694,847,153,0.153,0
668,834,166,0.166,0
750,875,125,0.125,0
754,877,123,0.123,0
768,884,116,0.116,0
716,858,142,0.142,0
728,864,136,0.136,0
752,876,124,0.124,0
724,862,138,0.138,0
694,847,153,0.153,0
714,857,143,0.143,0
778,889,111,0.111,0
740,870,130,0.13,0
790,895,105,0.105,0
758,879,121,0.121,0
714,857,143,0.143,0
746,873,127,0.127,0
762,881,119,0.119,0
694,847,153,0.153,0
718,859,141,0.141,0
710,855,145,0.145,0
706,853,147,0.147,0
732,866,134,0.134,0
750,875,125,0.125,0
702,851,149,0.149,0
754,877,123,0.123,0
740,870,130,0.13,0
762,881,119,0.119,0
746,873,127,0.127,0
710,855,145,0.145,0
736,868,132,0.132,0
724,862,138,0.138,0
756,878,122,0.122,0
670,835,165,0.165,0
664,832,168,0.168,0
764,882,118,0.118,0
726,863,137,0.137,0
760,880,120,0.12,0
728,864,136,0.136,0
726,863,137,0.137,0
774,887,113,0.113,0
752,876,124,0.124,0
728,864,136,0.136,0
744,872,128,0.128,0
774,887,113,0.113,0
738,869,131,0.131,0
766,883,117,0.117,0
712,856,144,0.144,0
704,852,148,0.148,0
674,837,163,0.163,0
746,873,127,0.127,0
756,878,122,0.122,0
756,878,122,0.122,0
744,872,128,0.128,0
742,871,129,0.129,0
702,851,149,0.149,0
686,843,157,0.157,0
714,857,143,0.143,0
742,871,129,0.129,0
728,864,136,0.136,0
704,852,148,0.148,0
784,892,108,0.108,0
780,890,110,0.11,0
690,845,155,0.155,0
760,880,120,0.12,0
714,857,143,0.143,0
758,879,121,0.121,0
720,860,140,0.14,0
708,854,146,0.146,0
694,847,153,0.153,0
752,876,124,0.124,0
666,833,167,0.167,0
744,872,128,0.128,0
692,846,154,0.154,0
778,889,111,0.111,0
748,874,126,0.126,0
718,859,141,0.141,0
732,866,134,0.134,0
746,873,127,0.127,0
744,872,128,0.128,0
702,851,149,0.149,0
704,852,148,0.148,0
704,852,148,0.148,0
726,863,137,0.137,0
734,867,133,0.133,0
726,863,137,0.137,0
678,839,161,0.161,0
732,866,134,0.134,0
736,868,132,0.132,0
726,863,137,0.137,0
760,880,120,0.12,0
740,870,130,0.13,0
722,861,139,0.139,0
724,862,138,0.138,0
722,861,139,0.139,0
690,845,155,0.155,0
776,888,112,0.112,0
752,876,124,0.124,0
722,861,139,0.139,0
756,878,122,0.122,0
746,873,127,0.127,0
780,890,110,0.11,0
738,869,131,0.131,0
722,861,139,0.139,0
738,869,131,0.131,0
780,890,110,0.11,0
792,896,104,0.104,0
738,869,131,0.131,0
756,878,122,0.122,0
694,847,153,0.153,0
674,837,163,0.163,0
730,865,135,0.135,0
764,882,118,0.118,0
748,874,126,0.126,0
686,843,157,0.157,0
