log_avg_ept_score,log_avg_succ_req,log_avg_blk_req,log_avg_BP_req,log_avg_entropy
-68,466,534,0.534,1.6077721046209335
-116,442,558,0.558,1.6077545471191406
-158,421,579,0.579,1.607749967455864
-66,467,533,0.533,1.607761438012123
-72,464,536,0.536,1.6076955659389496
-40,480,520,0.52,1.6076624451875687
-136,432,568,0.568,1.6076553753614427
-66,467,533,0.533,1.6076481968164444
-108,446,554,0.554,1.6075757633447647
-94,453,547,0.547,1.6075699590444565
-152,424,576,0.576,1.6075631157159804
-76,462,538,0.538,1.6075740278959274
-114,443,557,0.557,1.607518168568611
-100,450,550,0.55,1.6074903650283814
-50,475,525,0.525,1.6074586640596389
-100,450,550,0.55,1.6074625078439713
-128,436,564,0.564,1.607389616727829
-90,455,545,0.545,1.6073518978357315
-84,458,542,0.542,1.6073486089706421
-100,450,550,0.55,1.6073549728393555
-102,449,551,0.551,1.6072440040111542
-138,431,569,0.569,1.6071585335731506
-142,429,571,0.571,1.6071702758073807
-140,430,570,0.57,1.6072214353084564
-76,462,538,0.538,1.6070102548599243
-58,471,529,0.529,1.6069279496669768
-94,453,547,0.547,1.6068519084453583
-78,461,539,0.539,1.606953855752945
-70,465,535,0.535,1.6067193318605424
-72,464,536,0.536,1.6066847800016404
-64,468,532,0.532,1.606658435702324
-80,460,540,0.54,1.6066999413967133
-110,445,555,0.555,1.6064958927631379
-42,479,521,0.521,1.6063773857355117
-112,444,556,0.556,1.6063614834547042
-36,482,518,0.518,1.606349676012993
-44,478,522,0.522,1.606039702296257
-80,460,540,0.54,1.6059677362442017
-84,458,542,0.542,1.6058955841064453
-70,465,535,0.535,1.6058685328960418
-58,471,529,0.529,1.6054862940311432
-142,429,571,0.571,1.605434707403183
-78,461,539,0.539,1.6053355932235718
-56,472,528,0.528,1.6053412551879882
-102,449,551,0.551,1.6048102207183839
-54,473,527,0.527,1.604634468793869
-72,464,536,0.536,1.6046692323684693
-42,479,521,0.521,1.6048218688964844
-84,458,542,0.542,1.6039167529344558
-128,436,564,0.564,1.6037076261043548
-50,475,525,0.525,1.6037786004543304
-20,490,510,0.51,1.6034296209812164
-124,438,562,0.562,1.6028306835889816
-134,433,567,0.567,1.602609142422676
-54,473,527,0.527,1.6025102978944779
-86,457,543,0.543,1.6026791117191315
-112,444,556,0.556,1.6010739334821702
-34,483,517,0.517,1.6001758583784103
2,501,499,0.499,1.6003159152269364
0,500,500,0.5,1.6001332596540452
-48,476,524,0.524,1.5989746116399766
-18,491,509,0.509,1.5983355940580368
-78,461,539,0.539,1.5982082241773605
-104,448,552,0.552,1.5986314988136292
-38,481,519,0.519,1.5968453174829482
-62,469,531,0.531,1.5963349624872207
-86,457,543,0.543,1.5956620788574218
-72,464,536,0.536,1.5951671829223633
-16,492,508,0.508,1.5933700181245805
-22,489,511,0.511,1.5921146215200424
-38,481,519,0.519,1.5908345614671706
-80,460,540,0.54,1.5915337167978287
-100,450,550,0.55,1.5880312198400497
0,500,500,0.5,1.5876784456968307
-114,443,557,0.557,1.585279508471489
-74,463,537,0.537,1.583668583393097
-82,459,541,0.541,1.5822988164424896
-80,460,540,0.54,1.5772708818316459
-58,471,529,0.529,1.575562081694603
-66,467,533,0.533,1.5762935246229173
-30,485,515,0.515,1.567345162987709
-34,483,517,0.517,1.5651688174009324
-26,487,513,0.513,1.5597358787059783
-48,476,524,0.524,1.5604064720869064
-60,470,530,0.53,1.5575245022773743
-22,489,511,0.511,1.5479303129315376
6,503,497,0.497,1.5474987621307372
-24,488,512,0.512,1.544000130712986
0,500,500,0.5,1.5380356567502023
-12,494,506,0.506,1.5390222924947738
-16,492,508,0.508,1.532699689745903
-30,485,515,0.515,1.5305481155514717
-4,498,502,0.502,1.5220118708610535
44,522,478,0.478,1.5206584356427193
66,533,467,0.467,1.5154907354414464
-50,475,525,0.525,1.5156225518882274
4,502,498,0.498,1.5156576439738274
6,503,497,0.497,1.5026875480115414
2,501,499,0.499,1.5011719206571579
68,534,466,0.466,1.501294209241867
72,536,464,0.464,1.4984252036213874
50,525,475,0.475,1.4936118660271167
24,512,488,0.488,1.4977008742690086
-14,493,507,0.507,1.5049241843819618
66,533,467,0.467,1.5012265613675118
10,505,495,0.495,1.5015740302205085
-46,477,523,0.523,1.4862650794386865
10,505,495,0.495,1.4988064869344235
26,513,487,0.487,1.492562208145857
70,535,465,0.465,1.4892634789943695
52,526,474,0.474,1.4905923636555671
72,536,464,0.464,1.4805221667140722
38,519,481,0.481,1.4917470666468144
58,529,471,0.471,1.4811509270370007
32,516,484,0.484,1.479184418849647
8,504,496,0.496,1.4826774689555169
-54,473,527,0.527,1.4723470439463855
10,505,495,0.495,1.4686510900259018
2,501,499,0.499,1.4747655782997608
60,530,470,0.47,1.4711404696106911
70,535,465,0.465,1.470427374571562
74,537,463,0.463,1.4748060659617186
18,509,491,0.491,1.4674695065617562
-6,497,503,0.503,1.4647464579045772
36,518,482,0.482,1.4735906134545802
22,511,489,0.489,1.4766438985615968
92,546,454,0.454,1.474413140386343
-22,489,511,0.511,1.4620163702219724
34,517,483,0.483,1.470110072284937
16,508,492,0.492,1.476640772998333
24,512,488,0.488,1.4704247299581765
48,524,476,0.476,1.474198192745447
22,511,489,0.489,1.4708310465812684
76,538,462,0.462,1.458765789926052
48,524,476,0.476,1.4584664749354124
36,518,482,0.482,1.460565758675337
42,521,479,0.479,1.4598372168838978
92,546,454,0.454,1.4645978027284146
-4,498,502,0.502,1.4605021969974041
-10,495,505,0.505,1.4506420927345753
-18,491,509,0.509,1.4530439629256726
18,509,491,0.491,1.4478319817036391
102,551,449,0.449,1.426721915040165
8,504,496,0.496,1.4336787400841713
88,544,456,0.456,1.4234746994525194
60,530,470,0.47,1.4125095904767513
68,534,466,0.466,1.4214805776774884
26,513,487,0.487,1.4227822529524565
74,537,463,0.463,1.4291165356785058
96,548,452,0.452,1.4032701798975469
44,522,478,0.478,1.416307714216411
86,543,457,0.457,1.395196852579713
14,507,493,0.493,1.4115159139633178
-6,497,503,0.503,1.4012252539843322
154,577,423,0.423,1.3921786526739597
34,517,483,0.483,1.3955411584489048
60,530,470,0.47,1.3910404687449336
72,536,464,0.464,1.3872314433604478
100,550,450,0.45,1.3716643981933594
76,538,462,0.462,1.351744392890483
80,540,460,0.46,1.3762426658831537
74,537,463,0.463,1.3511165311187505
98,549,451,0.451,1.3585932567194103
130,565,435,0.435,1.3596798103041947
24,512,488,0.488,1.3486492211259902
126,563,437,0.437,1.3360946760326624
90,545,455,0.455,1.328560060430318
144,572,428,0.428,1.3270450440649875
130,565,435,0.435,1.3283265917301177
18,509,491,0.491,1.3440204338356851
68,534,466,0.466,1.3091279097758233
128,564,436,0.436,1.3078381566777826
128,564,436,0.436,1.327328123861924
140,570,430,0.43,1.3146826802045106
100,550,450,0.45,1.3095392242111266
122,561,439,0.439,1.2819600256159902
168,584,416,0.416,1.2938650036063046
58,529,471,0.471,1.3059351470693945
94,547,453,0.453,1.2565810925394763
162,581,419,0.419,1.2663588799573482
134,567,433,0.433,1.2542174786664546
108,554,446,0.446,1.241651006538421
154,577,423,0.423,1.2067896529549034
146,573,427,0.427,1.2002137778140605
168,584,416,0.416,1.2045897026211023
148,574,426,0.426,1.1833149558920413
134,567,433,0.433,1.126593571129255
182,591,409,0.409,1.112006491209846
224,612,388,0.388,1.0976844738740474
204,602,398,0.398,1.0647633720256855
184,592,408,0.408,1.0007063108952279
216,608,392,0.392,0.9602845815469482
220,610,390,0.39,0.9502113202144392
226,613,387,0.387,0.9030728511097841
210,605,395,0.395,0.86622394216666
330,665,335,0.335,0.815175087769021
262,631,369,0.369,0.8027203648149007
186,593,407,0.407,0.7897854899796626
232,616,384,0.384,0.7193636288799534
286,643,357,0.357,0.6279895624662786
278,639,361,0.361,0.6599263977903611
276,638,362,0.362,0.5736926786538361
298,649,351,0.351,0.4982550808281658
334,667,333,0.333,0.45553676156716144
284,642,358,0.358,0.44690932591668164
324,662,338,0.338,0.37928735924093915
270,635,365,0.365,0.3106327340469418
366,683,317,0.317,0.29397901708502955
344,672,328,0.328,0.27332292161697336
402,701,299,0.299,0.20189653509449726
380,690,310,0.31,0.1603456120121905
334,667,333,0.333,0.16870665761875836
350,675,325,0.325,0.16011957113241784
336,668,332,0.332,0.10483128000798815
350,675,325,0.325,0.09371203410524725
372,686,314,0.314,0.08218302344025036
372,686,314,0.314,0.08248341495147803
370,685,315,0.315,0.05997470707399403
390,695,305,0.305,0.051433046606671834
412,706,294,0.294,0.0466520749661173
300,650,350,0.35,0.051989712313325
332,666,334,0.334,0.03204400029199816
366,683,317,0.317,0.04070227552946494
380,690,310,0.31,0.028814794880557968
426,713,287,0.287,0.030571346144668554
350,675,325,0.325,0.028230157409572312
338,669,331,0.331,0.03289484322897425
384,692,308,0.308,0.03317225350403001
402,701,299,0.299,0.022240484680103777
374,687,313,0.313,0.0291539554861574
300,650,350,0.35,0.025874437108979124
402,701,299,0.299,0.029822741696430767
370,685,315,0.315,0.029576934436343235
360,680,320,0.32,0.02439060227686893
376,688,312,0.312,0.025564046496064235
384,692,308,0.308,0.02461858072817566
386,693,307,0.307,0.02440111592734638
376,688,312,0.312,0.020960551362229324
368,684,316,0.316,0.023548106961446366
384,692,308,0.308,0.02648460781364493
380,690,310,0.31,0.021962704949513436
316,658,342,0.342,0.0245377896371036
300,650,350,0.35,0.02245907650375365
354,677,323,0.323,0.017688227731968396
334,667,333,0.333,0.03025906633286705
344,672,328,0.328,0.022774122523375212
320,660,340,0.34,0.02675004401156217
368,684,316,0.316,0.025878129286649225
412,706,294,0.294,0.023841914061099558
346,673,327,0.327,0.02855782911531938
412,706,294,0.294,0.02118277239950676
424,712,288,0.288,0.016262634920937317
358,679,321,0.321,0.023148838044008926
388,694,306,0.306,0.02019361136177993
378,689,311,0.311,0.0206847389683556
386,693,307,0.307,0.018206421691962276
382,691,309,0.309,0.0172272257109893
390,695,305,0.305,0.012699773500557171
406,703,297,0.297,0.01814125109978795
390,695,305,0.305,0.013953972831963497
328,664,336,0.336,0.015894905568283307
400,700,300,0.3,0.011471130849809085
336,668,332,0.332,0.014206971080229395
332,666,334,0.334,0.01565142758194277
372,686,314,0.314,0.011873102641355502
372,686,314,0.314,0.015860599016384626
430,715,285,0.285,0.010001140170419717
326,663,337,0.337,0.014483842395737283
338,669,331,0.331,0.014086576495838955
350,675,325,0.325,0.01282941315931737
360,680,320,0.32,0.012151493656853802
342,671,329,0.329,0.01901459788481148
380,690,310,0.31,0.014362882660633488
360,680,320,0.32,0.015910269636833292
428,714,286,0.286,0.012149715102278223
384,692,308,0.308,0.015955175131413327
396,698,302,0.302,0.014623110654526613
372,686,314,0.314,0.011245341022309261
338,669,331,0.331,0.01834595809389417
370,685,315,0.315,0.013397090633814997
394,697,303,0.303,0.011972713660678152
350,675,325,0.325,0.014056852955519304
346,673,327,0.327,0.013208233838262473
418,709,291,0.291,0.011793894203323888
340,670,330,0.33,0.01264218523168887
370,685,315,0.315,0.010377706267864752
380,690,310,0.31,0.009798191923405142
330,665,335,0.335,0.010642851684686917
360,680,320,0.32,0.010327655261508212
320,660,340,0.34,0.010935258314339407
380,690,310,0.31,0.010879500045417316
326,663,337,0.337,0.00971246674072097
382,691,309,0.309,0.007853385431866073
366,683,317,0.317,0.009786985011875486
334,667,333,0.333,0.008138037161271797
354,677,323,0.323,0.010614317873610859
366,683,317,0.317,0.007345340832745095
380,690,310,0.31,0.007062206685165393
288,644,356,0.356,0.006751534554198543
402,701,299,0.299,0.010123647888484612
390,695,305,0.305,0.007190795097467998
346,673,327,0.327,0.011666731667546826
360,680,320,0.32,0.008627836816561995
376,688,312,0.312,0.009423419907503842
380,690,310,0.31,0.007064806322084067
394,697,303,0.303,0.007481658531060432
330,665,335,0.335,0.009080531456821092
314,657,343,0.343,0.0073750536829068946
378,689,311,0.311,0.00638418780603213
390,695,305,0.305,0.008033860783481301
358,679,321,0.321,0.0072650999680011095
360,680,320,0.32,0.005532236191305031
394,697,303,0.303,0.007151943144920409
350,675,325,0.325,0.005426134413315125
378,689,311,0.311,0.0048948079966088616
356,678,322,0.322,0.010377603275485228
386,693,307,0.307,0.0064876537140922605
390,695,305,0.305,0.005024991967099865
380,690,310,0.31,0.008458147651456187
338,669,331,0.331,0.007501752997865466
400,700,300,0.3,0.004711666831098895
354,677,323,0.323,0.0052801673304792305
378,689,311,0.311,0.006026528938730095
358,679,321,0.321,0.00608210674004141
372,686,314,0.314,0.004608300864867914
364,682,318,0.318,0.007114674707948979
352,676,324,0.324,0.0071568300519817005
346,673,327,0.327,0.007279199314417098
330,665,335,0.335,0.006642220716635436
336,668,332,0.332,0.0049266376686921375
358,679,321,0.321,0.006150513338360781
324,662,338,0.338,0.010347783790520764
376,688,312,0.312,0.006405568400175326
396,698,302,0.302,0.005575990941510554
404,702,298,0.298,0.00467562128720958
358,679,321,0.321,0.00736219701719385
302,651,349,0.349,0.006186340956741844
318,659,341,0.341,0.006510277902323978
406,703,297,0.297,0.003639079745956508
442,721,279,0.279,0.005019408206441568
378,689,311,0.311,0.003884661765588689
330,665,335,0.335,0.003354670152268838
352,676,324,0.324,0.003879563851138769
390,695,305,0.305,0.003118580217992189
362,681,319,0.319,0.0049876779071548185
408,704,296,0.296,0.003345067868351819
332,666,334,0.334,0.004770255239008748
384,692,308,0.308,0.004122903712275445
432,716,284,0.284,0.003999131323703864
356,678,322,0.322,0.003994294675393718
398,699,301,0.301,0.0035198832628324226
354,677,323,0.323,0.003806053349433512
422,711,289,0.289,0.003877101101661154
398,699,301,0.301,0.0022477575142104767
416,708,292,0.292,0.003859464541781051
394,697,303,0.303,0.002610541177299382
336,668,332,0.332,0.0038447768461390835
384,692,308,0.308,0.005182457687749533
366,683,317,0.317,0.002865652881690522
340,670,330,0.33,0.004075449252850078
332,666,334,0.334,0.005033155553787765
374,687,313,0.313,0.004588478460960062
302,651,349,0.349,0.005112673159863377
376,688,312,0.312,0.0034598485112219066
348,674,326,0.326,0.0037463325609161727
416,708,292,0.292,0.005169373812577419
320,660,340,0.34,0.0031190178927734424
348,674,326,0.326,0.005465551423032054
412,706,294,0.294,0.00453999712903547
346,673,327,0.327,0.0039009626074151525
380,690,310,0.31,0.0039991215185338404
348,674,326,0.326,0.004417383837124475
386,693,307,0.307,0.003137000638865942
334,667,333,0.333,0.0039901623068676175
432,716,284,0.284,0.00435684799338459
398,699,301,0.301,0.0037262118994553645
388,694,306,0.306,0.0034515947914389926
336,668,332,0.332,0.003102788092103694
360,680,320,0.32,0.0026617152394790367
310,655,345,0.345,0.00524943771591056
392,696,304,0.304,0.0032504280319864735
376,688,312,0.312,0.004919836216661537
354,677,323,0.323,0.004197990653184248
436,718,282,0.282,0.0033650689063720305
384,692,308,0.308,0.0041098083490646925
342,671,329,0.329,0.006291971542978118
380,690,310,0.31,0.004129079922504431
378,689,311,0.311,0.0029460641002813617
366,683,317,0.317,0.004414244744780916
392,696,304,0.304,0.0027401359293723004
334,667,333,0.333,0.004113203812842343
378,689,311,0.311,0.0030524489606931836
336,668,332,0.332,0.003376341540290241
406,703,297,0.297,0.003815625885092061
376,688,312,0.312,0.0022013635946461106
386,693,307,0.307,0.003466225950334177
384,692,308,0.308,0.0048492742541899215
352,676,324,0.324,0.0036673530814896366
428,714,286,0.286,0.0027362489402502207
420,710,290,0.29,0.0022542178854503873
370,685,315,0.315,0.002874431618608696
336,668,332,0.332,0.0027624572804225947
354,677,323,0.323,0.0027421651647851065
310,655,345,0.345,0.002736237295656892
294,647,353,0.353,0.002310956413121701
378,689,311,0.311,0.0029179714050253693
396,698,302,0.302,0.0030268401302593305
378,689,311,0.311,0.0029588530382571748
360,680,320,0.32,0.0035718456132705825
382,691,309,0.309,0.002685754518656054
468,734,266,0.266,0.0028135142813534913
356,678,322,0.322,0.0040722242961738
374,687,313,0.313,0.002510844392007542
384,692,308,0.308,0.003444175643031073
408,704,296,0.296,0.0020301736838111138
344,672,328,0.328,0.0022861770640889177
406,703,297,0.297,0.002340072787618723
312,656,344,0.344,0.0033420784518552863
388,694,306,0.306,0.00279816142147871
324,662,338,0.338,0.002884165165515469
424,712,288,0.288,0.001589664648273512
364,682,318,0.318,0.002432207885991744
322,661,339,0.339,0.0042426154472017
332,666,334,0.334,0.0037087549657542525
448,724,276,0.276,0.003538127520501959
400,700,300,0.3,0.0022516030507424745
446,723,277,0.277,0.0031094735062235086
422,711,289,0.289,0.002930676444779877
364,682,318,0.318,0.002553808402965501
352,676,324,0.324,0.0030509148302532763
378,689,311,0.311,0.0023042002236898468
390,695,305,0.305,0.002870645025522606
362,681,319,0.319,0.0021501691646732724
358,679,321,0.321,0.0018479687354090544
366,683,317,0.317,0.0015595977380096003
396,698,302,0.302,0.0021550610317603684
338,669,331,0.331,0.0033732100870758615
344,672,328,0.328,0.002243844514183138
398,699,301,0.301,0.003002027040260188
362,681,319,0.319,0.002046804554344277
324,662,338,0.338,0.0024587160801252564
340,670,330,0.33,0.0029686379968210446
302,651,349,0.349,0.004176728316810937
388,694,306,0.306,0.002849273583887268
376,688,312,0.312,0.002293524069072163
374,687,313,0.313,0.0028497083380357394
338,669,331,0.331,0.0026646052017293867
412,706,294,0.294,0.0026647444582514196
362,681,319,0.319,0.002891488457765803
366,683,317,0.317,0.0032255830591934255
358,679,321,0.321,0.002660205683878189
312,656,344,0.344,0.004028932173446421
386,693,307,0.307,0.004519883792845675
436,718,282,0.282,0.0019178623627911834
336,668,332,0.332,0.0036793818657803287
316,658,342,0.342,0.0033298018033459014
368,684,316,0.316,0.0020417126283640385
364,682,318,0.318,0.0032592974561747355
374,687,313,0.313,0.0036738265081337146
376,688,312,0.312,0.0036362025847172107
356,678,322,0.322,0.0031628458406792247
382,691,309,0.309,0.0030852707066905795
318,659,341,0.341,0.0032168780022867197
366,683,317,0.317,0.002453117773614849
346,673,327,0.327,0.002946291192464244
402,701,299,0.299,0.004033328195393679
400,700,300,0.3,0.002967489516487788
372,686,314,0.314,0.003041654648153056
386,693,307,0.307,0.003390036233747523
396,698,302,0.302,0.002216521108693115
324,662,338,0.338,0.002158378752166186
394,697,303,0.303,0.0034852393668379305
396,698,302,0.302,0.0016211069501616748
372,686,314,0.314,0.0033076671805425803
296,648,352,0.352,0.002311453799426843
358,679,321,0.321,0.003145704783847961
334,667,333,0.333,0.002441841917548558
312,656,344,0.344,0.002621727764472098
418,709,291,0.291,0.002664654504187183
306,653,347,0.347,0.0028847832676405717
402,701,299,0.299,0.003743220229520048
410,705,295,0.295,0.001739402405897465
372,686,314,0.314,0.004060753480734164
394,697,303,0.303,0.0023210770302254814
370,685,315,0.315,0.003655037207025984
344,672,328,0.328,0.003442973057803272
332,666,334,0.334,0.0032122794850346567
400,700,300,0.3,0.004003540219281774
344,672,328,0.328,0.0020942344858803637
420,710,290,0.29,0.003490974593683504
330,665,335,0.335,0.0020369136950829443
330,665,335,0.335,0.002580715160114167
348,674,326,0.326,0.002500198263073301
276,638,362,0.362,0.002226755378559986
366,683,317,0.317,0.0022117719937350556
340,670,330,0.33,0.0027348510584661056
338,669,331,0.331,0.004056100600494702
348,674,326,0.326,0.0030911538610354653
356,678,322,0.322,0.001917197237003549
442,721,279,0.279,0.002010275288194094
364,682,318,0.318,0.0028912481309522208
360,680,320,0.32,0.002537561884079196
360,680,320,0.32,0.0032377558593173037
366,683,317,0.317,0.0018545534268060778
326,663,337,0.337,0.0028292367395061292
268,634,366,0.366,0.003178452697342266
364,682,318,0.318,0.0017336299044249728
360,680,320,0.32,0.003405451669128709
356,678,322,0.322,0.002529343799525705
376,688,312,0.312,0.002644314730326812
406,703,297,0.297,0.0024018668285410174
352,676,324,0.324,0.003357493412823544
394,697,303,0.303,0.002710521008148859
290,645,355,0.355,0.0019381981324260095
342,671,329,0.329,0.0032897872555235352
348,674,326,0.326,0.002261206791681559
368,684,316,0.316,0.0027389253249777428
346,673,327,0.327,0.0026686761392067096
386,693,307,0.307,0.003549964688828041
408,704,296,0.296,0.0028035516506827347
348,674,326,0.326,0.0023491510087196017
370,685,315,0.315,0.0042726020303329474
402,701,299,0.299,0.0024625650619928053
330,665,335,0.335,0.002575263077638766
426,713,287,0.287,0.0018599536222649107
350,675,325,0.325,0.0027025804643416363
380,690,310,0.31,0.0034803932666896175
324,662,338,0.338,0.002993663615690707
356,678,322,0.322,0.0026912671415608856
376,688,312,0.312,0.0033061146390871558
362,681,319,0.319,0.0022653429023813346
386,693,307,0.307,0.00222464574235768
416,708,292,0.292,0.002468915735168892
352,676,324,0.324,0.0017508231216092581
420,710,290,0.29,0.003152155105073007
372,686,314,0.314,0.002929297063255433
326,663,337,0.337,0.0032533584746265946
360,680,320,0.32,0.002330786035835757
362,681,319,0.319,0.002513356580472504
378,689,311,0.311,0.0036605056240082805
274,637,363,0.363,0.002708330178456265
384,692,308,0.308,0.0025282444855724293
328,664,336,0.336,0.0035625926138457657
406,703,297,0.297,0.0021128873705711015
366,683,317,0.317,0.002775786561138119
362,681,319,0.319,0.002439899511635943
408,704,296,0.296,0.003132281845228917
326,663,337,0.337,0.002930898043338743
376,688,312,0.312,0.0024546330311942767
372,686,314,0.314,0.0027262383382057466
374,687,313,0.313,0.0030257377796482528
364,682,318,0.318,0.003231233826443031
360,680,320,0.32,0.002497745394101841
324,662,338,0.338,0.0038262058238126857
384,692,308,0.308,0.0037432092969128944
336,668,332,0.332,0.003085920424262824
428,714,286,0.286,0.002967538383819985
346,673,327,0.327,0.002511531532734452
404,702,298,0.298,0.0029437888324971057
334,667,333,0.333,0.002794783137724437
316,658,342,0.342,0.003990708194036699
344,672,328,0.328,0.002853147140715606
412,706,294,0.294,0.004762355717651176
352,676,324,0.324,0.004461630017010563
370,685,315,0.315,0.002838090353377723
412,706,294,0.294,0.003258523967166255
436,718,282,0.282,0.003842452919235214
328,664,336,0.336,0.005095806448650436
350,675,325,0.325,0.0027930278677845023
378,689,311,0.311,0.002176028267690228
354,677,323,0.323,0.003191513619124095
306,653,347,0.347,0.0025042910358984327
380,690,310,0.31,0.0018280244059197485
402,701,299,0.299,0.0021419616672634307
366,683,317,0.317,0.0012218296792967892
428,714,286,0.286,0.0027514344989264428
422,711,289,0.289,0.002004498326679453
422,711,289,0.289,0.0017099293340360475
326,663,337,0.337,0.0020593348193007587
344,672,328,0.328,0.0024933369267222502
384,692,308,0.308,0.0023372632106326563
342,671,329,0.329,0.0030040323452007697
354,677,323,0.323,0.002496342663136815
340,670,330,0.33,0.0018202078068872965
296,648,352,0.352,0.002193602061892449
370,685,315,0.315,0.0018848041568205786
418,709,291,0.291,0.002226743816553281
316,658,342,0.342,0.0026184850511483406
382,691,309,0.309,0.002232088606746203
368,684,316,0.316,0.0031816164718632793
366,683,317,0.317,0.0016130859770855893
328,664,336,0.336,0.0019486590329218956
358,679,321,0.321,0.002677743706756189
332,666,334,0.334,0.0018072087865536588
372,686,314,0.314,0.00284063748578744
350,675,325,0.325,0.0022436634360655035
414,707,293,0.293,0.0030029872866659418
422,711,289,0.289,0.002774737505005291
388,694,306,0.306,0.001939787825089553
376,688,312,0.312,0.0030819582419404413
364,682,318,0.318,0.0028849764056798222
332,666,334,0.334,0.003455666180471553
370,685,315,0.315,0.002660776704010459
406,703,297,0.297,0.0030670493721509473
330,665,335,0.335,0.0021259157515419675
314,657,343,0.343,0.0020314764947026304
392,696,304,0.304,0.0024173665588550363
360,680,320,0.32,0.0019583748012985324
380,690,310,0.31,0.0033889767245698296
306,653,347,0.347,0.004078935490528508
380,690,310,0.31,0.0032801581185871527
404,702,298,0.298,0.0014236330757028952
396,698,302,0.302,0.0026677635804585407
412,706,294,0.294,0.0019980493179853768
364,682,318,0.318,0.0026760059062727066
374,687,313,0.313,0.004095023468810311
368,684,316,0.316,0.0022875161022786303
352,676,324,0.324,0.0020864609614983606
350,675,325,0.325,0.002531518710867019
346,673,327,0.327,0.0016195447650481185
392,696,304,0.304,0.002086352269119132
304,652,348,0.348,0.003391445910000414
390,695,305,0.305,0.0028362917641091344
332,666,334,0.334,0.002591191018429669
374,687,313,0.313,0.0021020403307592944
294,647,353,0.353,0.0019636877124725345
348,674,326,0.326,0.0017170781263732664
398,699,301,0.301,0.0027939943454386765
412,706,294,0.294,0.003012678273474279
412,706,294,0.294,0.0026554256170280297
358,679,321,0.321,0.003002625052443591
376,688,312,0.312,0.0024907130732776607
366,683,317,0.317,0.0029316453590724338
388,694,306,0.306,0.002141359693095353
378,689,311,0.311,0.004284845878640482
374,687,313,0.313,0.0036673345165890935
318,659,341,0.341,0.0044962587220207266
360,680,320,0.32,0.002182543975318069
332,666,334,0.334,0.0017630503988613525
414,707,293,0.293,0.003213870408143464
316,658,342,0.342,0.003891890708790484
434,717,283,0.283,0.0020304249723405265
382,691,309,0.309,0.0018115933748095755
350,675,325,0.325,0.0030945111152998095
358,679,321,0.321,0.0028989097786343053
418,709,291,0.291,0.0023956524505909017
364,682,318,0.318,0.0023388492044127246
374,687,313,0.313,0.0017824866913758086
334,667,333,0.333,0.0024401311052467778
308,654,346,0.346,0.003041086805803019
398,699,301,0.301,0.0046263403944800385
348,674,326,0.326,0.0030114436696315324
424,712,288,0.288,0.0025834023266221207
378,689,311,0.311,0.002774296691278735
334,667,333,0.333,0.0023272021730595897
338,669,331,0.331,0.0023097184724397975
354,677,323,0.323,0.0020407932711859473
396,698,302,0.302,0.0021456692651855747
374,687,313,0.313,0.002049574242438723
332,666,334,0.334,0.0037781692701193206
380,690,310,0.31,0.0019772958714352313
338,669,331,0.331,0.001995923098543443
340,670,330,0.33,0.0032335589853308023
348,674,326,0.326,0.0017056191980091028
394,697,303,0.303,0.0032055847917014974
370,685,315,0.315,0.0033765281572405003
324,662,338,0.338,0.002781160693253085
376,688,312,0.312,0.002611478970422809
346,673,327,0.327,0.003299130299709745
368,684,316,0.316,0.0017378284069642404
336,668,332,0.332,0.0022260088070649004
374,687,313,0.313,0.00275487251958171
356,678,322,0.322,0.0019723643623042477
364,682,318,0.318,0.0012651874018565366
366,683,317,0.317,0.0033983327685593993
350,675,325,0.325,0.0030471757493851044
374,687,313,0.313,0.002751166213701694
400,700,300,0.3,0.0017551231992704857
336,668,332,0.332,0.0024489116844105467
364,682,318,0.318,0.0024561457934441935
366,683,317,0.317,0.002121898097777503
384,692,308,0.308,0.0022260274183525156
312,656,344,0.344,0.0020281132262647645
386,693,307,0.307,0.002273018804448881
370,685,315,0.315,0.0026942059998988272
358,679,321,0.321,0.0031601242563000227
386,693,307,0.307,0.001600188398991108
286,643,357,0.357,0.0027193549891687354
366,683,317,0.317,0.003153666267638542
398,699,301,0.301,0.0026261529109604565
350,675,325,0.325,0.0024095769907774385
418,709,291,0.291,0.002993351444789994
478,739,261,0.261,0.0023090911341830207
374,687,313,0.313,0.0017245140315503278
348,674,326,0.326,0.0013150526749417253
446,723,277,0.277,0.0014279295969575826
386,693,307,0.307,0.00240600688464977
356,678,322,0.322,0.0021529632706844665
402,701,299,0.299,0.0024786199915219527
346,673,327,0.327,0.0028909064818200816
378,689,311,0.311,0.003994234930856735
354,677,323,0.323,0.0025233696863274984
364,682,318,0.318,0.0031358309364987063
350,675,325,0.325,0.002288195633098198
330,665,335,0.335,0.0031960683846180304
344,672,328,0.328,0.0028943464986827083
412,706,294,0.294,0.0017802031825322757
404,702,298,0.298,0.0024157231873309115
392,696,304,0.304,0.0026564625184845453
350,675,325,0.325,0.0029531902232134114
402,701,299,0.299,0.0027242932290815957
428,714,286,0.286,0.0019242434661783392
392,696,304,0.304,0.0018268004175000527
394,697,303,0.303,0.0016015401897709438
382,691,309,0.309,0.0019997987742547425
380,690,310,0.31,0.0016523686374947033
358,679,321,0.321,0.002235206350785191
376,688,312,0.312,0.0013540795765382256
324,662,338,0.338,0.0018152018010230363
356,678,322,0.322,0.0015384944426251792
362,681,319,0.319,0.002252382392269851
350,675,325,0.325,0.0015612196671066414
402,701,299,0.299,0.0014559658233322637
388,694,306,0.306,0.0017308062265538099
344,672,328,0.328,0.0014288027487968406
390,695,305,0.305,0.002412805480999651
394,697,303,0.303,0.0015899926521185676
386,693,307,0.307,0.0017792642831569055
370,685,315,0.315,0.0018756868990892884
290,645,355,0.355,0.002875427200302994
396,698,302,0.302,0.0029948756589369056
366,683,317,0.317,0.001504760102355661
352,676,324,0.324,0.0020954444417016446
324,662,338,0.338,0.0017539915396779548
408,704,296,0.296,0.0020607047318266752
374,687,313,0.313,0.0021599356663955832
350,675,325,0.325,0.0019596756307718975
354,677,323,0.323,0.00197655265248747
384,692,308,0.308,0.0027635252799865385
348,674,326,0.326,0.0023068447224931106
366,683,317,0.317,0.002493016915361437
376,688,312,0.312,0.002682280215953739
394,697,303,0.303,0.001974423852168613
416,708,292,0.292,0.0025755473966689096
406,703,297,0.297,0.0018300871260215246
394,697,303,0.303,0.0027596515136063147
344,672,328,0.328,0.0023627640452236138
358,679,321,0.321,0.00231401622609782
372,686,314,0.314,0.0020900438144702206
292,646,354,0.354,0.0022082995505976586
328,664,336,0.336,0.0028426925777948215
346,673,327,0.327,0.002139599809716458
328,664,336,0.336,0.002320699975132513
364,682,318,0.318,0.0023990480190481662
366,683,317,0.317,0.0032399659180651808
304,652,348,0.348,0.002945967558084689
340,670,330,0.33,0.002578872542627252
336,668,332,0.332,0.0022807193589178924
400,700,300,0.3,0.0019211069232436273
360,680,320,0.32,0.0031695899415019398
380,690,310,0.31,0.00246486962366653
342,671,329,0.329,0.0018831995367413726
354,677,323,0.323,0.001975757561437021
332,666,334,0.334,0.0024034925984901465
398,699,301,0.301,0.0037837819941793213
340,670,330,0.33,0.0029853723607026835
400,700,300,0.3,0.0029050808170244407
392,696,304,0.304,0.0021502940792283596
316,658,342,0.342,0.0026361273938245375
324,662,338,0.338,0.002628523627110013
374,687,313,0.313,0.0022784615906445253
344,672,328,0.328,0.0031580689797867903
334,667,333,0.333,0.003084954377928497
402,701,299,0.299,0.003119636383276685
332,666,334,0.334,0.003772179491935859
364,682,318,0.318,0.0029863657494385194
394,697,303,0.303,0.003068306872123074
428,714,286,0.286,0.001986682964227711
398,699,301,0.301,0.0033409901109400265
338,669,331,0.331,0.002946901678376463
396,698,302,0.302,0.002633715690460363
354,677,323,0.323,0.0028213830647507905
398,699,301,0.301,0.0024826073547132097
402,701,299,0.299,0.0026086714173648886
366,683,317,0.317,0.00449505731718655
336,668,332,0.332,0.00298905175150621
402,701,299,0.299,0.0029183421065854132
428,714,286,0.286,0.0013577385983567325
328,664,336,0.336,0.0017689348724014592
382,691,309,0.309,0.004336829480878095
364,682,318,0.318,0.0019106685173429128
408,704,296,0.296,0.0036866049577336355
346,673,327,0.327,0.0015857241176985325
308,654,346,0.346,0.0034525388699122744
332,666,334,0.334,0.0029331473923225673
400,700,300,0.3,0.0021587515551342593
382,691,309,0.309,0.001908933080256432
414,707,293,0.293,0.00158152115517629
362,681,319,0.319,0.0016903223961961516
340,670,330,0.33,0.002780020024504296
416,708,292,0.292,0.0013468363963903584
312,656,344,0.344,0.0025018983336952657
376,688,312,0.312,0.0012497510173313628
360,680,320,0.32,0.0020591761469655125
404,702,298,0.298,0.0013492977135744154
292,646,354,0.354,0.0012090116567906222
328,664,336,0.336,0.0022843657020524405
354,677,323,0.323,0.0014479197729400112
330,665,335,0.335,0.0023074255497085405
356,678,322,0.322,0.0035539221094173143
398,699,301,0.301,0.0020502279210258367
350,675,325,0.325,0.0023073359795232735
424,712,288,0.288,0.002121027407981103
350,675,325,0.325,0.003361239975383228
300,650,350,0.35,0.0028306362022479446
394,697,303,0.303,0.0025637567721623926
394,697,303,0.303,0.00209396316270508
332,666,334,0.334,0.0033762008459943048
414,707,293,0.293,0.0017220425485853638
374,687,313,0.313,0.002756672646720105
382,691,309,0.309,0.0027819201987916388
326,663,337,0.337,0.0025378335944761547
418,709,291,0.291,0.002107387694454772
400,700,300,0.3,0.002491126424379644
424,712,288,0.288,0.0017815035383387113
402,701,299,0.299,0.0014772728985794714
370,685,315,0.315,0.003034404448559286
380,690,310,0.31,0.0024007819107390986
368,684,316,0.316,0.0018402563900222332
348,674,326,0.326,0.002836785606107796
284,642,358,0.358,0.002821445233776927
384,692,308,0.308,0.002637215646725622
408,704,296,0.296,0.001961622479978402
374,687,313,0.313,0.0024685361219272863
372,686,314,0.314,0.0018032486506555472
372,686,314,0.314,0.0017448103867524337
388,694,306,0.306,0.0023097411775288208
376,688,312,0.312,0.0028013889031603726
438,719,281,0.281,0.001823968415502847
402,701,299,0.299,0.001696648937729023
332,666,334,0.334,0.002936948418307594
350,675,325,0.325,0.003031453016965088
382,691,309,0.309,0.0017836527066562554
376,688,312,0.312,0.0028004070217903204
298,649,351,0.351,0.002344953763764693
390,695,305,0.305,0.0021066726029863505
350,675,325,0.325,0.002297319316656356
326,663,337,0.337,0.003715160811082768
372,686,314,0.314,0.002881202461333501
424,712,288,0.288,0.0029579957038104398
430,715,285,0.285,0.002040216052526972
354,677,323,0.323,0.0029704250338920277
358,679,321,0.321,0.0033329633321739893
366,683,317,0.317,0.002055878484149275
370,685,315,0.315,0.0025176784482044356
372,686,314,0.314,0.002632819887736346
318,659,341,0.341,0.00299345576408129
332,666,334,0.334,0.002937583788767313
408,704,296,0.296,0.0042555748365166015
340,670,330,0.33,0.0027008081043839384
394,697,303,0.303,0.0033001436579979783
326,663,337,0.337,0.0045206742004918685
358,679,321,0.321,0.0029799836911989386
388,694,306,0.306,0.0024570000385002685
362,681,319,0.319,0.0018789911658201816
330,665,335,0.335,0.0025255126343476206
404,702,298,0.298,0.0033671955245084886
338,669,331,0.331,0.0024271989376224495
288,644,356,0.356,0.0035101520413369797
362,681,319,0.319,0.0035477671421473645
358,679,321,0.321,0.004366295054295648
404,702,298,0.298,0.002981301563827472
328,664,336,0.336,0.004301661556799957
382,691,309,0.309,0.003764751154353419
340,670,330,0.33,0.003616133841631054
320,660,340,0.34,0.005116096137872418
382,691,309,0.309,0.0017471278982860098
332,666,334,0.334,0.0029950192360717835
324,662,338,0.338,0.0034504492633655416
356,678,322,0.322,0.004046929589169707
374,687,313,0.313,0.004354276551095026
336,668,332,0.332,0.0025845750684794526
394,697,303,0.303,0.0028432474446684636
366,683,317,0.317,0.0036918152828992563
370,685,315,0.315,0.0024911340674406545
388,694,306,0.306,0.004622640196447406
332,666,334,0.334,0.001805083301540364
384,692,308,0.308,0.00285999109747776
384,692,308,0.308,0.0028807955223952744
328,664,336,0.336,0.003494017020571036
382,691,309,0.309,0.002336808137613204
416,708,292,0.292,0.0035618511903549575
420,710,290,0.29,0.0017758523767951431
406,703,297,0.297,0.002864637038423382
440,720,280,0.28,0.0012322308844424298
306,653,347,0.347,0.0020790361294388193
424,712,288,0.288,0.0017836619214987336
372,686,314,0.314,0.002682880211806278
352,676,324,0.324,0.0023603697943598264
388,694,306,0.306,0.0017535815937723101
362,681,319,0.319,0.0036325630392074117
300,650,350,0.35,0.0019200991589141693
378,689,311,0.311,0.0019786253060896258
384,692,308,0.308,0.0016292668851100984
356,678,322,0.322,0.0020482405145875048
396,698,302,0.302,0.0018105155648282646
374,687,313,0.313,0.0017718942252921296
404,702,298,0.298,0.0023842406180255155
338,669,331,0.331,0.002919512109952578
362,681,319,0.319,0.0017250757562623704
376,688,312,0.312,0.0016490891922681498
420,710,290,0.29,0.0020877294511512617
336,668,332,0.332,0.001849269482945715
400,700,300,0.3,0.0017474560313704758
356,678,322,0.322,0.001958604258335953
328,664,336,0.336,0.002675455683356418
332,666,334,0.334,0.0017759020091745726
370,685,315,0.315,0.002905556839082294
370,685,315,0.315,0.002694803971967275
300,650,350,0.35,0.00339753485112638
436,718,282,0.282,0.0023913282652545005
354,677,323,0.323,0.0024340337157048707
384,692,308,0.308,0.0018235578012156424
370,685,315,0.315,0.0017787649818737635
394,697,303,0.303,0.0022791433836866163
376,688,312,0.312,0.0024319221078890935
370,685,315,0.315,0.0029007245400991337
438,719,281,0.281,0.0020281129196877286
364,682,318,0.318,0.0029376212102489915
378,689,311,0.311,0.0024759882839591823
360,680,320,0.32,0.0021972209463308303
400,700,300,0.3,0.0017799338064292698
360,680,320,0.32,0.0017901369304564696
362,681,319,0.319,0.0016005122694981253
412,706,294,0.294,0.0015171044467601007
382,691,309,0.309,0.002075976655505542
412,706,294,0.294,0.001394708570505415
402,701,299,0.299,0.001010114078119301
344,672,328,0.328,0.001554262216439483
362,681,319,0.319,0.0011868063454227808
350,675,325,0.325,0.0026625072425948844
384,692,308,0.308,0.0018415719881043487
338,669,331,0.331,0.0019962040843552274
370,685,315,0.315,0.0025590806182297
344,672,328,0.328,0.003499957575671516
376,688,312,0.312,0.0018089919613326656
364,682,318,0.318,0.002201194107057617
398,699,301,0.301,0.0024532697895579074
326,663,337,0.337,0.002258643967289345
350,675,325,0.325,0.002280685255484826
346,673,327,0.327,0.002650988812272075
322,661,339,0.339,0.002727966143911985
382,691,309,0.309,0.002529183073144594
384,692,308,0.308,0.0024421040689058342
390,695,305,0.305,0.00220515268851878
364,682,318,0.318,0.0019486060187722245
302,651,349,0.349,0.0027242129183839836
336,668,332,0.332,0.003510054473200924
316,658,342,0.342,0.0023257426216508463
368,684,316,0.316,0.003580152678988469
398,699,301,0.301,0.0019789066168308693
382,691,309,0.309,0.00328265466854792
402,701,299,0.299,0.0026973472500529424
404,702,298,0.298,0.0036633384378447287
392,696,304,0.304,0.0039022457745229817
310,655,345,0.345,0.0033737486724664477
400,700,300,0.3,0.002342346619639088
320,660,340,0.34,0.0024950388026496882
426,713,287,0.287,0.0024968342426294043
408,704,296,0.296,0.0025473849391908204
348,674,326,0.326,0.0027304169785704034
326,663,337,0.337,0.003032886117578542
400,700,300,0.3,0.002258313467764381
454,727,273,0.273,0.0019911526275694057
418,709,291,0.291,0.001867991214641549
364,682,318,0.318,0.0017645269667732322
374,687,313,0.313,0.0019944484791145954
372,686,314,0.314,0.0014627332488268935
334,667,333,0.333,0.0022056643488039215
354,677,323,0.323,0.003003991183889454
306,653,347,0.347,0.0021943709950734986
460,730,270,0.27,0.0026083767633636227
364,682,318,0.318,0.0015225004224641624
420,710,290,0.29,0.0015435519162906673
384,692,308,0.308,0.0018934297345475528
352,676,324,0.324,0.0028281386419025693
376,688,312,0.312,0.00206513441415062
344,672,328,0.328,0.0014703112878410138
344,672,328,0.328,0.0022408164056168544
344,672,328,0.328,0.001930495037194376
396,698,302,0.302,0.002212547353800559
334,667,333,0.333,0.0017175183214947084
328,664,336,0.336,0.002653778166937357
356,678,322,0.322,0.002606715921493077
334,667,333,0.333,0.001907951119497966
328,664,336,0.336,0.0029202142793778732
332,666,334,0.334,0.0024761112842857356
432,716,284,0.284,0.0016888487828423421
440,720,280,0.28,0.002429024804820571
376,688,312,0.312,0.002978401979741889
372,686,314,0.314,0.002783805451597942
404,702,298,0.298,0.002053755481048455
386,693,307,0.307,0.002932406424246281
364,682,318,0.318,0.0017494144946463735
342,671,329,0.329,0.003689776936428288
396,698,302,0.302,0.0023985323394973505
356,678,322,0.322,0.0030216149598894476
412,706,294,0.294,0.0014845941011335242
364,682,318,0.318,0.003013102602437186
362,681,319,0.319,0.0020075998765814377
326,663,337,0.337,0.0017011741840449162
370,685,315,0.315,0.001972041403432371
326,663,337,0.337,0.002753882419421572
330,665,335,0.335,0.002403492852595761
366,683,317,0.317,0.0031278376642784878
376,688,312,0.312,0.002505454629151558
376,688,312,0.312,0.0026351739583872985
390,695,305,0.305,0.002414492443293639
304,652,348,0.348,0.0022462175141159833
408,704,296,0.296,0.0032708018459466216
354,677,323,0.323,0.003078595436721912
382,691,309,0.309,0.0019472296238447911
392,696,304,0.304,0.0019866151360246106
336,668,332,0.332,0.0020795870490577643
282,641,359,0.359,0.0026418937733964044
356,678,322,0.322,0.0028027045531663648
332,666,334,0.334,0.003983761539050348
394,697,303,0.303,0.0014576757158414751
414,707,293,0.293,0.002123947849016318
374,687,313,0.313,0.0014110716820056126
338,669,331,0.331,0.0022622851432741696
368,684,316,0.316,0.0018709850510312408
422,711,289,0.289,0.0015059782359870156
322,661,339,0.339,0.002429497375310149
396,698,302,0.302,0.0015412500277058854
392,696,304,0.304,0.0032309961598431585
388,694,306,0.306,0.0017627107678878672
420,710,290,0.29,0.0016865328946717283
304,652,348,0.348,0.0021296004141122607
372,686,314,0.314,0.0015388272063590449
362,681,319,0.319,0.0022123607512892106
366,683,317,0.317,0.0023668349809778276
364,682,318,0.318,0.001745567646993166
402,701,299,0.299,0.0018697603126059334
370,685,315,0.315,0.0021295223604993795
314,657,343,0.343,0.0029218020391205074
386,693,307,0.307,0.002449273105082156
342,671,329,0.329,0.0027376248231389295
318,659,341,0.341,0.0022702412937716473
374,687,313,0.313,0.0018230605649449672
392,696,304,0.304,0.0024960183823348673
322,661,339,0.339,0.00197230764937585
394,697,303,0.303,0.0028418290084938603
354,677,323,0.323,0.002017968790223847
374,687,313,0.313,0.0018258531610594701
298,649,351,0.351,0.003157135224894617
414,707,293,0.293,0.0021033672234053
340,670,330,0.33,0.0016828368676614217
400,700,300,0.3,0.001004682728435256
366,683,317,0.317,0.002084697924961475
394,697,303,0.303,0.0022618496979151244
360,680,320,0.32,0.002230354123409157
306,653,347,0.347,0.0014531097303424616
378,689,311,0.311,0.003253428539344199
432,716,284,0.284,0.0014175051719888074
396,698,302,0.302,0.0023996864367022966
354,677,323,0.323,0.0019507551280851772
386,693,307,0.307,0.0012158713179372
344,672,328,0.328,0.0019454986269570186
376,688,312,0.312,0.0022813326481618363
366,683,317,0.317,0.0021612422081017115
436,718,282,0.282,0.0022018551379563434
380,690,310,0.31,0.0012926100992096251
380,690,310,0.31,0.0021099800647886584
340,670,330,0.33,0.0012986509847709015
380,690,310,0.31,0.0017042977486432136
388,694,306,0.306,0.0017861892870199938
362,681,319,0.319,0.0015331294604466591
330,665,335,0.335,0.001954082408183169
366,683,317,0.317,0.0013476219259928115
372,686,314,0.314,0.0022414934175984625
396,698,302,0.302,0.0014443463674748927
396,698,302,0.302,0.0016609706326829042
386,693,307,0.307,0.0015128882660370663
348,674,326,0.326,0.002118682809202184
420,710,290,0.29,0.002195310729632453
376,688,312,0.312,0.0025604386542036083
402,701,299,0.299,0.001281256075639817
358,679,321,0.321,0.0019164829101882789
390,695,305,0.305,0.0020400876605285987
346,673,327,0.327,0.0012596789946932602
402,701,299,0.299,0.0019062270953109106
392,696,304,0.304,0.0011117422211995632
384,692,308,0.308,0.0020152338608649388
358,679,321,0.321,0.0022628693956753382
354,677,323,0.323,0.0015687632746296317
318,659,341,0.341,0.001843511859098399
328,664,336,0.336,0.002533363360496594
374,687,313,0.313,0.0017568677764171951
338,669,331,0.331,0.0009352152021990463
412,706,294,0.294,0.0013632413170982147
296,648,352,0.352,0.0012126350908234684
418,709,291,0.291,0.0009619066386764956
384,692,308,0.308,0.0027751137755750504
372,686,314,0.314,0.0017072508026879376
384,692,308,0.308,0.0019237101310134648
412,706,294,0.294,0.001623691323535681
310,655,345,0.345,0.00230699237426866
422,711,289,0.289,0.0016457283972444543
310,655,345,0.345,0.0011992490404119992
410,705,295,0.295,0.0015182421459812047
392,696,304,0.304,0.0022826577989436886
396,698,302,0.302,0.0016835015833370477
356,678,322,0.322,0.0012382477462536485
386,693,307,0.307,0.0016242896491912547
346,673,327,0.327,0.0019704517661403996
358,679,321,0.321,0.0011457674651190644
402,701,299,0.299,0.0016419029915117562
376,688,312,0.312,0.0012606862529305402
322,661,339,0.339,0.0017831409469056467
396,698,302,0.302,0.002471760913747502
386,693,307,0.307,0.002213501979554792
354,677,323,0.323,0.0009509123901759154
338,669,331,0.331,0.0021059025815700354
402,701,299,0.299,0.001664782545946025
384,692,308,0.308,0.0020436314809958132
388,694,306,0.306,0.0022610613423496915
358,679,321,0.321,0.00311474415882995
366,683,317,0.317,0.0016293022287587461
378,689,311,0.311,0.0026191572253723336
322,661,339,0.339,0.0024375274793200672
346,673,327,0.327,0.002242223684113199
386,693,307,0.307,0.0024544135546475587
328,664,336,0.336,0.0015499282054866228
338,669,331,0.331,0.0025127252689573537
322,661,339,0.339,0.003574674446853038
402,701,299,0.299,0.002000117667857651
312,656,344,0.344,0.003871527617507354
386,693,307,0.307,0.0024640789410328807
328,664,336,0.336,0.001956166024588839
344,672,328,0.328,0.003849170686376695
366,683,317,0.317,0.002003298665504758
340,670,330,0.33,0.003129270366695593
358,679,321,0.321,0.0034995270228794766
328,664,336,0.336,0.002758799914634892
410,705,295,0.295,0.0021051296882086063
308,654,346,0.346,0.0038055253572102715
386,693,307,0.307,0.001451543150311224
376,688,312,0.312,0.002076573835191013
328,664,336,0.336,0.0030834920018682085
318,659,341,0.341,0.002395595071210124
334,667,333,0.333,0.004219085942310727
424,712,288,0.288,0.0022182938490249455
330,665,335,0.335,0.004183297762849591
350,675,325,0.325,0.0025994454710530734
370,685,315,0.315,0.002529318899045947
344,672,328,0.328,0.0022132072918576427
400,700,300,0.3,0.002553720567719324
378,689,311,0.311,0.001727137207578636
314,657,343,0.343,0.00296004641682363
424,712,288,0.288,0.0034877426638678486
328,664,336,0.336,0.002613535367836164
294,647,353,0.353,0.0030624661856752055
388,694,306,0.306,0.0027263678481641734
344,672,328,0.328,0.0030581949782580438
334,667,333,0.333,0.00321447118665931
324,662,338,0.338,0.00466138341373285
338,669,331,0.331,0.002795471266497543
344,672,328,0.328,0.002545887102415733
366,683,317,0.317,0.003547070423773249
354,677,323,0.323,0.002461777604373765
300,650,350,0.35,0.0037309495272245525
370,685,315,0.315,0.002620246789542449
356,678,322,0.322,0.003307786265621516
348,674,326,0.326,0.0030399821785286603
352,676,324,0.324,0.0028861101824954856
330,665,335,0.335,0.002558866175253712
304,652,348,0.348,0.003199753913258135
382,691,309,0.309,0.0036045026126364944
348,674,326,0.326,0.004146011233918998
398,699,301,0.301,0.002547477513647067
398,699,301,0.301,0.0033495440633294466
322,661,339,0.339,0.0037304310031409074
344,672,328,0.328,0.0028821835542998855
352,676,324,0.324,0.002851898688308367
366,683,317,0.317,0.002554598969091586
402,701,299,0.299,0.0022222653753572958
382,691,309,0.309,0.0024828209990637477
362,681,319,0.319,0.0033196995718664368
334,667,333,0.333,0.002755578005738201
350,675,325,0.325,0.003539834793429719
316,658,342,0.342,0.001714706331152172
396,698,302,0.302,0.0019655643745253287
370,685,315,0.315,0.0019839308326416896
324,662,338,0.338,0.0035592288325315166
354,677,323,0.323,0.0033378797624070556
384,692,308,0.308,0.0030670148673811325
316,658,342,0.342,0.0017958404181030545
364,682,318,0.318,0.0015128415089821488
316,658,342,0.342,0.0016856333064432505
400,700,300,0.3,0.0022762592407570706
340,670,330,0.33,0.0022238795807380998
344,672,328,0.328,0.0026586990171757778
376,688,312,0.312,0.0025628567802356487
386,693,307,0.307,0.0019143845232937621
382,691,309,0.309,0.004104058300884816
432,716,284,0.284,0.0018788881799127921
358,679,321,0.321,0.0017870015720607597
352,676,324,0.324,0.0033070581206710585
362,681,319,0.319,0.0025557015402462185
364,682,318,0.318,0.002433784178437108
410,705,295,0.295,0.0018676457712550416
338,669,331,0.331,0.0020873917787836973
404,702,298,0.298,0.0020843224470835225
364,682,318,0.318,0.0025184030692423816
392,696,304,0.304,0.0013602318441654404
352,676,324,0.324,0.0011495277263132379
308,654,346,0.346,0.0013971423966593762
372,686,314,0.314,0.0012663226379360708
360,680,320,0.32,0.0021251943394327527
340,670,330,0.33,0.0020283340759184084
406,703,297,0.297,0.0021277775838546373
390,695,305,0.305,0.0015040186843793039
396,698,302,0.302,0.0018457768789469212
346,673,327,0.327,0.001417464164365171
336,668,332,0.332,0.0014898686911807033
386,693,307,0.307,0.0017750877926946487
406,703,297,0.297,0.0027320998309760254
462,731,269,0.269,0.0015107365422204282
394,697,303,0.303,0.0026592500991081494
350,675,325,0.325,0.0014714675272177544
380,690,310,0.31,0.0018420062664661998
344,672,328,0.328,0.001930112334789598
324,662,338,0.338,0.001505728209174535
312,656,344,0.344,0.0017156240880048302
384,692,308,0.308,0.0021857612682811265
310,655,345,0.345,0.002561448551548324
332,666,334,0.334,0.0014536717167172952
314,657,343,0.343,0.0017785525319468291
412,706,294,0.294,0.002823418945050733
444,722,278,0.278,0.0024627854224575714
364,682,318,0.318,0.0036635569274589843
396,698,302,0.302,0.0023348350204652206
368,684,316,0.316,0.0026902841691039897
376,688,312,0.312,0.0017488084907872122
360,680,320,0.32,0.0021561334438938077
310,655,345,0.345,0.0023561678842340967
338,669,331,0.331,0.0025791228516127804
294,647,353,0.353,0.0013597563414488717
334,667,333,0.333,0.0017689078622212975
420,710,290,0.29,0.00175776650980346
348,674,326,0.326,0.0017615263635410087
386,693,307,0.307,0.0018123261776726168
336,668,332,0.332,0.0017317711528745292
378,689,311,0.311,0.002144017139399324
360,680,320,0.32,0.0031321516189192237
330,665,335,0.335,0.0018212195699031496
378,689,311,0.311,0.0021299374861117287
344,672,328,0.328,0.0025878028027364053
362,681,319,0.319,0.0014394989864245388
338,669,331,0.331,0.0026629409850956165
396,698,302,0.302,0.0015656393323887272
280,640,360,0.36,0.0026254890039567017
402,701,299,0.299,0.0014809967188229506
310,655,345,0.345,0.0018609654051392397
392,696,304,0.304,0.002071403316992914
250,625,375,0.375,0.003565642810072049
370,685,315,0.315,0.0019109477040116615
356,678,322,0.322,0.002445109830846846
348,674,326,0.326,0.0016717760750210146
392,696,304,0.304,0.00256724714739174
342,671,329,0.329,0.0026662114458345628
350,675,325,0.325,0.002147386314720123
302,651,349,0.349,0.0030244285526151915
380,690,310,0.31,0.0016186055167220843
364,682,318,0.318,0.0025933169560258735
412,706,294,0.294,0.0021156269461038305
354,677,323,0.323,0.002592203551041166
356,678,322,0.322,0.0023886374740198163
320,660,340,0.34,0.0026689010353429976
402,701,299,0.299,0.0022192463982629532
408,704,296,0.296,0.0016336711623040259
394,697,303,0.303,0.0017217149221779805
390,695,305,0.305,0.0021965000420395456
378,689,311,0.311,0.0025999804894399573
432,716,284,0.284,0.002181317796073614
360,680,320,0.32,0.0018001753393972137
380,690,310,0.31,0.0021274958067265997
380,690,310,0.31,0.0019132143350275327
402,701,299,0.299,0.00276573428692825
322,661,339,0.339,0.0024150330650002305
324,662,338,0.338,0.0014167276813406317
320,660,340,0.34,0.0027288084661368827
364,682,318,0.318,0.002072148809028704
384,692,308,0.308,0.0020492810869152008
356,678,322,0.322,0.0015242151405399512
386,693,307,0.307,0.0018788599439019294
368,684,316,0.316,0.0017898553250146989
352,676,324,0.324,0.001337455168087331
350,675,325,0.325,0.0013978070340217527
364,682,318,0.318,0.002580067496847306
370,685,315,0.315,0.0017564723961101833
404,702,298,0.298,0.0015616761851107697
348,674,326,0.326,0.0019407403525602263
330,665,335,0.335,0.003318544276105143
364,682,318,0.318,0.002313158224068104
392,696,304,0.304,0.0021268207418436874
314,657,343,0.343,0.0024912947605477027
390,695,305,0.305,0.001777352013707727
384,692,308,0.308,0.002073840191021034
336,668,332,0.332,0.0025776887199668295
302,651,349,0.349,0.0022614306482051207
402,701,299,0.299,0.0018954149588789023
348,674,326,0.326,0.001979884495956881
324,662,338,0.338,0.002861558715614663
368,684,316,0.316,0.0018071993149828955
416,708,292,0.292,0.002514289885134474
344,672,328,0.328,0.002925111014609314
358,679,321,0.321,0.0030386401084162456
294,647,353,0.353,0.0025058567174522893
398,699,301,0.301,0.0013943252890008466
330,665,335,0.335,0.0020587669045904135
408,704,296,0.296,0.0030011416613296687
394,697,303,0.303,0.0022318645516420615
312,656,344,0.344,0.001972985466327131
424,712,288,0.288,0.0016521775836546766
344,672,328,0.328,0.002915432132158969
340,670,330,0.33,0.002348621410870578
354,677,323,0.323,0.0021361319905347925
362,681,319,0.319,0.0017173923223211035
376,688,312,0.312,0.0022558403309848956
334,667,333,0.333,0.0015902402344169105
416,708,292,0.292,0.0012976114141691397
358,679,321,0.321,0.0018071195032883338
320,660,340,0.34,0.0026029061584262932
328,664,336,0.336,0.0028618898491422156
300,650,350,0.35,0.0019958767028984852
332,666,334,0.334,0.0014679525253034314
372,686,314,0.314,0.0032166508852473187
374,687,313,0.313,0.003839267068861375
428,714,286,0.286,0.0021484179115153807
412,706,294,0.294,0.00148607068320959
400,700,300,0.3,0.0024750111915718947
406,703,297,0.297,0.0029299648409788974
398,699,301,0.301,0.0012509757216050872
358,679,321,0.321,0.0016407193006012194
446,723,277,0.277,0.0024932096968338724
368,684,316,0.316,0.0020649064462040343
418,709,291,0.291,0.0020947706937082416
370,685,315,0.315,0.002981628023328497
350,675,325,0.325,0.0020239436150339997
374,687,313,0.313,0.0021789669893503573
334,667,333,0.333,0.0020260639749523504
342,671,329,0.329,0.0017351870040630503
350,675,325,0.325,0.0025596599023127455
354,677,323,0.323,0.0018676244810271357
424,712,288,0.288,0.001728781673242068
380,690,310,0.31,0.002443061128373941
394,697,303,0.303,0.0015074240663199988
310,655,345,0.345,0.001776175916637058
424,712,288,0.288,0.0018158626209158087
378,689,311,0.311,0.0014380382863493253
386,693,307,0.307,0.0011503749981702782
340,670,330,0.33,0.0019109558988907197
392,696,304,0.304,0.0015480746992325009
380,690,310,0.31,0.0016393949754215952
362,681,319,0.319,0.0009229891584873257
378,689,311,0.311,0.0013892645179400915
394,697,303,0.303,0.001500221500900537
364,682,318,0.318,0.0012944026186765
304,652,348,0.348,0.0012099947286194634
410,705,295,0.295,0.0014517845802555342
312,656,344,0.344,0.002188236657927959
330,665,335,0.335,0.0019750635913886754
366,683,317,0.317,0.001434035708734072
362,681,319,0.319,0.0017707426515243157
372,686,314,0.314,0.0015792529672949626
354,677,323,0.323,0.0013016732853711802
402,701,299,0.299,0.002050610657430596
372,686,314,0.314,0.0016353922058932966
392,696,304,0.304,0.001394625539874653
290,645,355,0.355,0.0025811748735802952
414,707,293,0.293,0.0013359811659387475
292,646,354,0.354,0.0017243509703628774
406,703,297,0.297,0.0015800451756872746
404,702,298,0.298,0.0017578549990472255
276,638,362,0.362,0.0018789511053240063
386,693,307,0.307,0.0020745716347254726
344,672,328,0.328,0.0025002564023836127
370,685,315,0.315,0.0018007879758846598
402,701,299,0.299,0.0016459345134836384
418,709,291,0.291,0.002006796680753254
332,666,334,0.334,0.0016154372347203605
368,684,316,0.316,0.001182012769270969
382,691,309,0.309,0.0022122186877182913
332,666,334,0.334,0.0012356984437689106
346,673,327,0.327,0.0011590714451803876
420,710,290,0.29,0.0016181384522899974
340,670,330,0.33,0.0012543010548741905
334,667,333,0.333,0.0022191145082988014
398,699,301,0.301,0.0019754564061422856
360,680,320,0.32,0.0013722926240738644
380,690,310,0.31,0.0011520689738477188
342,671,329,0.329,0.0012374643350295713
426,713,287,0.287,0.0014804901992337704
450,725,275,0.275,0.0019235392241462818
344,672,328,0.328,0.0014349943206764806
346,673,327,0.327,0.0010796071313587561
362,681,319,0.319,0.001518118274021674
388,694,306,0.306,0.0015781961202450247
376,688,312,0.312,0.0015428872795896923
272,636,364,0.364,0.001066040453636205
378,689,311,0.311,0.001339213160661103
390,695,305,0.305,0.0017626399504357976
436,718,282,0.282,0.0015957048686394018
406,703,297,0.297,0.0010985402772847408
364,682,318,0.318,0.0017401060727093522
376,688,312,0.312,0.0017823458338520196
354,677,323,0.323,0.0022017995009500878
362,681,319,0.319,0.0013580849098173786
390,695,305,0.305,0.001327896593500796
352,676,324,0.324,0.0012089687220363885
368,684,316,0.316,0.0013322439509509821
366,683,317,0.317,0.0018246245794219505
314,657,343,0.343,0.0018160888403252215
376,688,312,0.312,0.0018090152266398293
328,664,336,0.336,0.0017967521167252586
326,663,337,0.337,0.0013821416250472112
330,665,335,0.335,0.002708658537344689
352,676,324,0.324,0.0010240287449510958
340,670,330,0.33,0.0011852462951920302
354,677,323,0.323,0.0011153187141855483
364,682,318,0.318,0.0018811271006106977
356,678,322,0.322,0.0021337305890547784
322,661,339,0.339,0.0028575148489483554
324,662,338,0.338,0.002385934987782406
340,670,330,0.33,0.002362930679325899
400,700,300,0.3,0.00274258433700065
404,702,298,0.298,0.002777518329704762
326,663,337,0.337,0.003498070111037535
336,668,332,0.332,0.0025161467799480024
406,703,297,0.297,0.0035628651785049926
340,670,330,0.33,0.0020141595726713745
360,680,320,0.32,0.002157464185735549
374,687,313,0.313,0.0019678419684377815
408,704,296,0.296,0.002459511390522451
364,682,318,0.318,0.002967511031278107
430,715,285,0.285,0.0019111617440851917
370,685,315,0.315,0.002329776188782546
346,673,327,0.327,0.001555442129499852
406,703,297,0.297,0.001688808636451668
384,692,308,0.308,0.0014886874483658516
412,706,294,0.294,0.0016244439778309214
394,697,303,0.303,0.002495035867735453
394,697,303,0.303,0.0018781746255239257
336,668,332,0.332,0.0009855989047244265
358,679,321,0.321,0.0020288274063707946
396,698,302,0.302,0.0014756546636649403
404,702,298,0.298,0.0017018553785952406
366,683,317,0.317,0.000887546507951285
364,682,318,0.318,0.0011034298692984238
398,699,301,0.301,0.0014036348545976125
326,663,337,0.337,0.001152891198251794
362,681,319,0.319,0.0010608621696074324
352,676,324,0.324,0.0016700175279838164
318,659,341,0.341,0.0014654290197839686
348,674,326,0.326,0.0011712798848002848
402,701,299,0.299,0.0011374692116177699
386,693,307,0.307,0.0008638568366586412
348,674,326,0.326,0.0010535667861539509
352,676,324,0.324,0.001752877662849201
344,672,328,0.328,0.0021963244128176598
398,699,301,0.301,0.002009937357510836
344,672,328,0.328,0.0015601933411013818
368,684,316,0.316,0.0025361452379534344
360,680,320,0.32,0.001636053546924245
370,685,315,0.315,0.0012315846193764201
354,677,323,0.323,0.001351214998540968
410,705,295,0.295,0.0015031647907317875
390,695,305,0.305,0.0018509826976459039
366,683,317,0.317,0.000925876208511184
370,685,315,0.315,0.0016595258207464667
462,731,269,0.269,0.0014642482778611735
388,694,306,0.306,0.0019021141524163028
340,670,330,0.33,0.001654975855931525
362,681,319,0.319,0.0015304334298909764
406,703,297,0.297,0.0009568657913346357
350,675,325,0.325,0.0017150243881485351
346,673,327,0.327,0.0008580577592391733
372,686,314,0.314,0.0009988428398337702
340,670,330,0.33,0.0012508065707166906
332,666,334,0.334,0.00083316829384313
422,711,289,0.289,0.0006848184413278915
344,672,328,0.328,0.0009581365403148396
392,696,304,0.304,0.001652069548052907
348,674,326,0.326,0.0006082135270272886
358,679,321,0.321,0.0013478131828152159
396,698,302,0.302,0.001368005405319437
394,697,303,0.303,0.0015357528584632688
368,684,316,0.316,0.001317952243888513
414,707,293,0.293,0.0009643353994364076
292,646,354,0.354,0.001601571744167245
408,704,296,0.296,0.0010765045071069609
342,671,329,0.329,0.001262755772676698
340,670,330,0.33,0.0023946270239137276
402,701,299,0.299,0.001244351376176141
460,730,270,0.27,0.0006907336715725166
328,664,336,0.336,0.000945890862237718
346,673,327,0.327,0.0015403779125303316
358,679,321,0.321,0.0025358431508698373
352,676,324,0.324,0.0010975857599889879
426,713,287,0.287,0.0015162568986282422
452,726,274,0.274,0.0016975903948833774
350,675,325,0.325,0.0017258172472748327
368,684,316,0.316,0.0019035503559202737
394,697,303,0.303,0.001194142561833715
416,708,292,0.292,0.002621121364970591
394,697,303,0.303,0.001555114895876784
400,700,300,0.3,0.0018482703986224748
334,667,333,0.333,0.0023834264668000033
362,681,319,0.319,0.0013847592869274763
450,725,275,0.275,0.0009616978070658462
400,700,300,0.3,0.0014397851033225066
404,702,298,0.298,0.001228133315341239
374,687,313,0.313,0.0010697441949265567
346,673,327,0.327,0.000956956052264573
338,669,331,0.331,0.0010305581425679548
344,672,328,0.328,0.0018587056813831851
402,701,299,0.299,0.0018647400226161181
354,677,323,0.323,0.0009981906982264378
422,711,289,0.289,0.0012315154382884685
378,689,311,0.311,0.0010265549522606107
366,683,317,0.317,0.0012189876000963408
342,671,329,0.329,0.0011213785840684522
362,681,319,0.319,0.0016409300096116794
384,692,308,0.308,0.0011752138710786823
334,667,333,0.333,0.0006699661011013944
348,674,326,0.326,0.0009886076589262843
386,693,307,0.307,0.0013404538516211062
376,688,312,0.312,0.0016215666120434377
432,716,284,0.284,0.0016892904962660254
370,685,315,0.315,0.0020731389916474967
360,680,320,0.32,0.0017708244271166223
380,690,310,0.31,0.001419415223114072
354,677,323,0.323,0.0014198528050070678
376,688,312,0.312,0.0010145998225947893
334,667,333,0.333,0.002207736927259347
410,705,295,0.295,0.002254990343970988
392,696,304,0.304,0.002497002673859086
334,667,333,0.333,0.0013400470868959928
340,670,330,0.33,0.0014544924281018866
372,686,314,0.314,0.002238924833843825
436,718,282,0.282,0.0016460486468505308
352,676,324,0.324,0.002248362677658008
334,667,333,0.333,0.001871544535425656
382,691,309,0.309,0.0031086122733877345
360,680,320,0.32,0.0018856642011956524
346,673,327,0.327,0.0018072733916043263
292,646,354,0.354,0.0018708891021507695
280,640,360,0.36,0.0024742973463439313
378,689,311,0.311,0.0013619199836016804
348,674,326,0.326,0.0017532008064341795
324,662,338,0.338,0.0019155504265497144
332,666,334,0.334,0.002941987238740623
336,668,332,0.332,0.0020611947799062448
408,704,296,0.296,0.002121913957058396
302,651,349,0.349,0.001811235466075871
386,693,307,0.307,0.0020450500358362264
352,676,324,0.324,0.003001591648777378
390,695,305,0.305,0.0025026649571575207
360,680,320,0.32,0.0013073393310818347
364,682,318,0.318,0.0024509703490571155
342,671,329,0.329,0.002030688179062537
418,709,291,0.291,0.0019919080430838678
344,672,328,0.328,0.0018874751375196155
336,668,332,0.332,0.0025278940634388646
368,684,316,0.316,0.0017999913652988794
374,687,313,0.313,0.001468194007072526
342,671,329,0.329,0.0021804902145544816
364,682,318,0.318,0.0021802221777500108
322,661,339,0.339,0.002051263832262393
356,678,322,0.322,0.0017512552622385015
366,683,317,0.317,0.0024660960419141844
384,692,308,0.308,0.0015023747418479586
364,682,318,0.318,0.00164106730595077
328,664,336,0.336,0.0013960606414635066
340,670,330,0.33,0.001269571019431467
412,706,294,0.294,0.0014210800783532136
390,695,305,0.305,0.0016309801748883076
378,689,311,0.311,0.0013887017499313145
320,660,340,0.34,0.001183367139421037
328,664,336,0.336,0.0018936212789349867
376,688,312,0.312,0.0010935526001399295
380,690,310,0.31,0.0012170656197390314
448,724,276,0.276,0.0011262448880920886
300,650,350,0.35,0.0015391791056325844
332,666,334,0.334,0.0016255274575464398
332,666,334,0.334,0.001756172621017413
372,686,314,0.314,0.001610696113160671
362,681,319,0.319,0.0012834518822866555
342,671,329,0.329,0.0018494614923134662
330,665,335,0.335,0.0018436419268535787
422,711,289,0.289,0.001178493786879713
366,683,317,0.317,0.0023044804101123757
358,679,321,0.321,0.0023139015087393204
362,681,319,0.319,0.003055253900214879
388,694,306,0.306,0.0020377872270012603
296,648,352,0.352,0.001948617492647216
362,681,319,0.319,0.002300998609903786
384,692,308,0.308,0.0013086791897136151
416,708,292,0.292,0.001852084729606517
324,662,338,0.338,0.0018092552509042718
378,689,311,0.311,0.0022505099530705764
412,706,294,0.294,0.0010829658451896194
306,653,347,0.347,0.0014601675718671884
408,704,296,0.296,0.0015052805642732068
352,676,324,0.324,0.0016654775493257575
308,654,346,0.346,0.001294109563206348
384,692,308,0.308,0.001187781152562195
376,688,312,0.312,0.0010834614564783891
404,702,298,0.298,0.0014868564156286653
422,711,289,0.289,0.0016539278911631215
332,666,334,0.334,0.001756124908404189
320,660,340,0.34,0.002295462258104976
324,662,338,0.338,0.0014542468013598864
382,691,309,0.309,0.0017049485745563686
296,648,352,0.352,0.0015781695056711555
334,667,333,0.333,0.0016229500672601488
382,691,309,0.309,0.001541117277213914
366,683,317,0.317,0.0014409232161012538
384,692,308,0.308,0.0016284905345766135
392,696,304,0.304,0.0018808715108357176
370,685,315,0.315,0.0013236708077074156
390,695,305,0.305,0.0022413315028870216
362,681,319,0.319,0.0022813069878836246
362,681,319,0.319,0.0014924698220249867
384,692,308,0.308,0.002001171211301312
326,663,337,0.337,0.002342022376381891
372,686,314,0.314,0.0026422789567752715
318,659,341,0.341,0.00191441067797264
334,667,333,0.333,0.00244281277676329
386,693,307,0.307,0.0017562274818303648
390,695,305,0.305,0.0019711674342487557
396,698,302,0.302,0.0009399013730923827
330,665,335,0.335,0.0020526412741931495
450,725,275,0.275,0.0010881452984951778
344,672,328,0.328,0.0016018385520468002
360,680,320,0.32,0.0014979330852257248
344,672,328,0.328,0.0016300181573931098
410,705,295,0.295,0.0016932804499735284
374,687,313,0.313,0.002585460314768184
354,677,323,0.323,0.0022395661833097334
394,697,303,0.303,0.0017840330240845362
382,691,309,0.309,0.0015242965975241702
346,673,327,0.327,0.0016484781211265015
392,696,304,0.304,0.0015275917976203034
336,668,332,0.332,0.0010479947120517607
358,679,321,0.321,0.0014128509181405065
322,661,339,0.339,0.0019081449703522537
412,706,294,0.294,0.0017882499459756502
396,698,302,0.302,0.0014260353048400275
342,671,329,0.329,0.0014746030579459557
338,669,331,0.331,0.002355635422999896
368,684,316,0.316,0.0016229350007518945
338,669,331,0.331,0.001741497109831542
336,668,332,0.332,0.0011516294540264056
330,665,335,0.335,0.0022886385996012423
356,678,322,0.322,0.0017987780997200389
408,704,296,0.296,0.0019117054693764714
364,682,318,0.318,0.0014413461386333494
398,699,301,0.301,0.0013327875615509015
346,673,327,0.327,0.0015915433499953053
352,676,324,0.324,0.0015548612086853382
360,680,320,0.32,0.0011273829785385062
388,694,306,0.306,0.0014205777919346616
336,668,332,0.332,0.002165300458192107
368,684,316,0.316,0.002745778111505203
356,678,322,0.322,0.0013648682069948564
378,689,311,0.311,0.001969312658837012
334,667,333,0.333,0.001627087263868944
328,664,336,0.336,0.0017628020158657165
370,685,315,0.315,0.0015980580524862802
392,696,304,0.304,0.0016920663825004
356,678,322,0.322,0.0018598394309113928
334,667,333,0.333,0.0023655155902978036
362,681,319,0.319,0.0011689347700003766
356,678,322,0.322,0.0018181938005753153
446,723,277,0.277,0.0017142857657870961
338,669,331,0.331,0.0014778021596676893
342,671,329,0.329,0.0019483206748935231
392,696,304,0.304,0.0015262005620593584
388,694,306,0.306,0.0016609239598741538
408,704,296,0.296,0.001908558620691693
310,655,345,0.345,0.001855259421652221
370,685,315,0.315,0.0012693259751903412
300,650,350,0.35,0.0016067825004913913
340,670,330,0.33,0.0023862535748116896
412,706,294,0.294,0.0012667353707238788
330,665,335,0.335,0.0010790304240605906
446,723,277,0.277,0.001556518794433302
348,674,326,0.326,0.001145998446165649
354,677,323,0.323,0.0017295173595604752
348,674,326,0.326,0.0011577950697444664
346,673,327,0.327,0.0021540684942498983
366,683,317,0.317,0.0014615174183251014
362,681,319,0.319,0.001537972203030293
358,679,321,0.321,0.0008113666180153416
336,668,332,0.332,0.0020634427405711053
414,707,293,0.293,0.0016298891281712714
374,687,313,0.313,0.001852757076133443
296,648,352,0.352,0.001585553324706538
374,687,313,0.313,0.0015862542643589278
330,665,335,0.335,0.001500801834838157
344,672,328,0.328,0.0014035869725098848
356,678,322,0.322,0.0008079740217078495
284,642,358,0.358,0.0018485004692392693
384,692,308,0.308,0.0015757741139451724
394,697,303,0.303,0.0014738487788072661
356,678,322,0.322,0.001427647897186489
390,695,305,0.305,0.0018711232317969574
296,648,352,0.352,0.0013595624945829882
328,664,336,0.336,0.002214147644018709
338,669,331,0.331,0.002265409741010387
390,695,305,0.305,0.0014831021630424032
346,673,327,0.327,0.0013366708797574488
394,697,303,0.303,0.0013545046974553828
394,697,303,0.303,0.0016615825244736158
360,680,320,0.32,0.0023511733960366
404,702,298,0.298,0.0026598721119338933
360,680,320,0.32,0.001440257075541254
366,683,317,0.317,0.0013241353325851009
438,719,281,0.281,0.001415159855097798
372,686,314,0.314,0.0017325681154313202
352,676,324,0.324,0.00157020531633745
302,651,349,0.349,0.0019238045705295263
314,657,343,0.343,0.0013136288628503934
422,711,289,0.289,0.001554219618497072
400,700,300,0.3,0.0014113843245315537
392,696,304,0.304,0.0010645766571816466
378,689,311,0.311,0.0016321006092868799
310,655,345,0.345,0.0014112110231821902
290,645,355,0.355,0.0016082931375069479
372,686,314,0.314,0.0014931990052201342
396,698,302,0.302,0.0010984803672246244
382,691,309,0.309,0.0012446446214824504
386,693,307,0.307,0.0010015375573519947
346,673,327,0.327,0.0013082411327587948
402,701,299,0.299,0.0010300695600901691
372,686,314,0.314,0.0011365414913604183
420,710,290,0.29,0.0009470059482472095
352,676,324,0.324,0.0009575421054349675
384,692,308,0.308,0.0011607889796396193
400,700,300,0.3,0.0010749768180308905
338,669,331,0.331,0.0010536994132726248
340,670,330,0.33,0.0007056446513214922
386,693,307,0.307,0.0009005361777624614
324,662,338,0.338,0.001252366071919468
422,711,289,0.289,0.0009483527623014964
328,664,336,0.336,0.0010289911562900045
352,676,324,0.324,0.0017581067476846357
382,691,309,0.309,0.0009895029164732846
304,652,348,0.348,0.0016503639586708373
354,677,323,0.323,0.0015703089631719962
422,711,289,0.289,0.0011847786659864568
384,692,308,0.308,0.0013311586504237028
318,659,341,0.341,0.0015242354656778332
346,673,327,0.327,0.00043088040741830013
376,688,312,0.312,0.0009645730013021705
290,645,355,0.355,0.001380144948474836
386,693,307,0.307,0.0011071726848567351
362,681,319,0.319,0.0009292765688313267
330,665,335,0.335,0.002117721931156694
400,700,300,0.3,0.0010276687274059242
332,666,334,0.334,0.0011535810483761252
378,689,311,0.311,0.0015024255177552702
342,671,329,0.329,0.0010012678173139022
400,700,300,0.3,0.0015763958316116487
410,705,295,0.295,0.001289860379544791
434,717,283,0.283,0.0014775626699166224
374,687,313,0.313,0.001720978833260375
342,671,329,0.329,0.0022977764920238714
340,670,330,0.33,0.0012449194278966048
310,655,345,0.345,0.0013521788307540986
382,691,309,0.309,0.0014177951780215067
390,695,305,0.305,0.001686124236880019
334,667,333,0.333,0.0020193943196606767
412,706,294,0.294,0.0012046103963653536
412,706,294,0.294,0.001115383874205378
426,713,287,0.287,0.0006863434032776894
318,659,341,0.341,0.0009405572627070881
326,663,337,0.337,0.0008038386551113632
404,702,298,0.298,0.0006739953349834877
358,679,321,0.321,0.0014605062492519067
362,681,319,0.319,0.0014562005331526394
444,722,278,0.278,0.0012225744801515077
404,702,298,0.298,0.0013557663103372164
314,657,343,0.343,0.0005426276010469024
372,686,314,0.314,0.0009308260237681907
434,717,283,0.283,0.0009166362096673879
374,687,313,0.313,0.0007278914836950179
346,673,327,0.327,0.000981721108963626
398,699,301,0.301,0.000872379749915325
374,687,313,0.313,0.0008548998684153304
424,712,288,0.288,0.000709382057901621
340,670,330,0.33,0.0010918613575131388
360,680,320,0.32,0.0008424187156589227
330,665,335,0.335,0.000992363038043635
400,700,300,0.3,0.0012991515220008552
364,682,318,0.318,0.001129347587521039
386,693,307,0.307,0.0011520606609893918
382,691,309,0.309,0.001270153845732068
392,696,304,0.304,0.0008269246985322241
362,681,319,0.319,0.0014695152578891283
368,684,316,0.316,0.0007386741835940995
432,716,284,0.284,0.0015992011546047422
366,683,317,0.317,0.0009890343325014328
448,724,276,0.276,0.0009985675881633398
420,710,290,0.29,0.0011277062802912496
352,676,324,0.324,0.0014267447505152688
384,692,308,0.308,0.0013650114075115028
416,708,292,0.292,0.0013756871256523056
376,688,312,0.312,0.0008221740525918193
414,707,293,0.293,0.0006198098674174161
394,697,303,0.303,0.0005736529286521374
430,715,285,0.285,0.0013507462007255385
366,683,317,0.317,0.0006951572672785175
398,699,301,0.301,0.0008724378273897457
420,710,290,0.29,0.0005741556335064217
346,673,327,0.327,0.0005011594318701924
394,697,303,0.303,0.0012929210697813006
342,671,329,0.329,0.0010602567272850081
336,668,332,0.332,0.0013849612466347878
330,665,335,0.335,0.0018377066895315863
332,666,334,0.334,0.0010870519320552603
356,678,322,0.322,0.001015381887507516
380,690,310,0.31,0.0012084972417985681
328,664,336,0.336,0.0011022283224672266
336,668,332,0.332,0.0015944118195093892
374,687,313,0.313,0.0013561893904550147
358,679,321,0.321,0.0011997157944099825
406,703,297,0.297,0.0014953354581644335
322,661,339,0.339,0.0014026803565381698
348,674,326,0.326,0.0009563999278002057
368,684,316,0.316,0.0016152028264451986
322,661,339,0.339,0.0012518692452011635
348,674,326,0.326,0.001117705302313226
304,652,348,0.348,0.0008081635217066463
432,716,284,0.284,0.0012098021702072828
408,704,296,0.296,0.0015636021892858594
372,686,314,0.314,0.0011225330419016614
344,672,328,0.328,0.00113347163362549
322,661,339,0.339,0.001274850698625542
374,687,313,0.313,0.0013416077821487703
386,693,307,0.307,0.0014454071111691179
398,699,301,0.301,0.0013763463943885484
326,663,337,0.337,0.0013120756300229743
388,694,306,0.306,0.0010602116369956035
390,695,305,0.305,0.000780083710016342
366,683,317,0.317,0.0018744907635060884
314,657,343,0.343,0.0011503129850856338
370,685,315,0.315,0.0021352280213268954
372,686,314,0.314,0.0014191959279714439
426,713,287,0.287,0.001393104743153728
330,665,335,0.335,0.0014843332529335526
314,657,343,0.343,0.001427161512787663
396,698,302,0.302,0.0009761441454561037
328,664,336,0.336,0.0011920729229112368
386,693,307,0.307,0.0012605735806360343
332,666,334,0.334,0.0012892570605701366
426,713,287,0.287,0.000818940705911615
406,703,297,0.297,0.0009452230609690986
352,676,324,0.324,0.0007216514201585085
370,685,315,0.315,0.0017423497562900536
400,700,300,0.3,0.0008509467866358875
316,658,342,0.342,0.0010651549494123315
374,687,313,0.313,0.00075700827156885
370,685,315,0.315,0.0009012725448533843
382,691,309,0.309,0.0008058490308218893
396,698,302,0.302,0.0008481120337741004
380,690,310,0.31,0.0016293212921510332
392,696,304,0.304,0.0008337283516436145
384,692,308,0.308,0.0010031947110607149
364,682,318,0.318,0.0007709405531727072
328,664,336,0.336,0.0005825424836765194
444,722,278,0.278,0.0010778644853615446
386,693,307,0.307,0.000694332993429299
354,677,323,0.323,0.0012463635141282054
374,687,313,0.313,0.0008653061509413362
364,682,318,0.318,0.001167284715640605
396,698,302,0.302,0.0008895957272180084
424,712,288,0.288,0.0011236806944861684
368,684,316,0.316,0.0009143142331343626
390,695,305,0.305,0.0011283579176991623
344,672,328,0.328,0.0007147272751753775
328,664,336,0.336,0.0011522162875003232
322,661,339,0.339,0.001100039723329857
330,665,335,0.335,0.0008747902455065599
412,706,294,0.294,0.0009269763867467873
312,656,344,0.344,0.0011141648604956202
368,684,316,0.316,0.0013784252623042618
384,692,308,0.308,0.000694641345918285
326,663,337,0.337,0.0014222607172126942
310,655,345,0.345,0.001236388877270457
338,669,331,0.331,0.0011187949145375171
350,675,325,0.325,0.0016275824889684714
356,678,322,0.322,0.0012475622256217633
348,674,326,0.326,0.00166723517560105
350,675,325,0.325,0.0010589904171246615
376,688,312,0.312,0.0014793038562177542
392,696,304,0.304,0.001176793685072255
388,694,306,0.306,0.0018483275867817498
438,719,281,0.281,0.0012897416209923876
388,694,306,0.306,0.0009054741039995662
426,713,287,0.287,0.0013453410539911773
370,685,315,0.315,0.001947352595519817
346,673,327,0.327,0.0006128695063458025
364,682,318,0.318,0.001309320840980007
426,713,287,0.287,0.0010916178062052638
406,703,297,0.297,0.001097440443771987
374,687,313,0.313,0.0013444045037620215
372,686,314,0.314,0.0015426815762562853
340,670,330,0.33,0.0010163856058130847
370,685,315,0.315,0.0010523172141028566
354,677,323,0.323,0.0009573446244065025
332,666,334,0.334,0.0014275781390343952
410,705,295,0.295,0.0009826835208434658
378,689,311,0.311,0.0016287241160222834
308,654,346,0.346,0.0012191138318948874
304,652,348,0.348,0.001142405672096558
434,717,283,0.283,0.0008633648691667872
376,688,312,0.312,0.001649570596285514
414,707,293,0.293,0.0007498893421010706
382,691,309,0.309,0.0008176712457091781
428,714,286,0.286,0.0013836757447182179
364,682,318,0.318,0.0012441611160175085
378,689,311,0.311,0.0011763333508498731
362,681,319,0.319,0.0011659857441308219
352,676,324,0.324,0.000922638478293905
344,672,328,0.328,0.0014037142387179956
370,685,315,0.315,0.0008800698582701756
380,690,310,0.31,0.0008888613165176907
402,701,299,0.299,0.0015078131435370921
354,677,323,0.323,0.001480993818729118
362,681,319,0.319,0.0018420375573596744
318,659,341,0.341,0.001600171711053875
384,692,308,0.308,0.0018174938198941958
430,715,285,0.285,0.0008521227196180803
380,690,310,0.31,0.0014982743198367387
412,706,294,0.294,0.0014721856338424856
350,675,325,0.325,0.0009560809890338504
380,690,310,0.31,0.0019348770384398932
358,679,321,0.321,0.0011403358333817693
372,686,314,0.314,0.0013482607600487312
352,676,324,0.324,0.0012446597605965052
324,662,338,0.338,0.0013419561943041173
386,693,307,0.307,0.0006803909097797742
346,673,327,0.327,0.0015583639006897982
316,658,342,0.342,0.00130317734835603
400,700,300,0.3,0.0012585223607219974
342,671,329,0.329,0.0009781396008284985
346,673,327,0.327,0.0010782247882011689
354,677,323,0.323,0.0018161110548560373
406,703,297,0.297,0.0007953708086246252
382,691,309,0.309,0.001595092756051727
376,688,312,0.312,0.0011963179914424558
346,673,327,0.327,0.0008227967435497164
356,678,322,0.322,0.0020809467492861416
358,679,321,0.321,0.0012360108990653912
370,685,315,0.315,0.001117251434615369
350,675,325,0.325,0.0015744538539427708
416,708,292,0.292,0.0016155550868584782
374,687,313,0.313,0.0013502247319190559
414,707,293,0.293,0.001194870832681957
370,685,315,0.315,0.0015352304461226964
336,668,332,0.332,0.0009046725756175249
372,686,314,0.314,0.0012245978652262153
388,694,306,0.306,0.0014205809609367749
324,662,338,0.338,0.0008724119112507651
334,667,333,0.333,0.001107284836230548
354,677,323,0.323,0.0010466345766987502
364,682,318,0.318,0.0012255164981721408
436,718,282,0.282,0.0012331281327198412
378,689,311,0.311,0.0009998313198072992
354,677,323,0.323,0.0017544110628260085
344,672,328,0.328,0.0014614550417992689
360,680,320,0.32,0.0014139332945494517
394,697,303,0.303,0.0014399131394881692
382,691,309,0.309,0.0012017410083042677
372,686,314,0.314,0.0010506620325905658
334,667,333,0.333,0.001192635797582753
338,669,331,0.331,0.0014127696039735725
340,670,330,0.33,0.0012832919674835921
360,680,320,0.32,0.0008275307098472666
398,699,301,0.301,0.0009850028894442034
344,672,328,0.328,0.0013853855617004883
322,661,339,0.339,0.0015221295777908352
326,663,337,0.337,0.0015424829681624033
410,705,295,0.295,0.0020659747192380705
370,685,315,0.315,0.001522961879341338
388,694,306,0.306,0.0012264686391758204
438,719,281,0.281,0.0012835108837575718
480,740,260,0.26,0.0011252801601807363
360,680,320,0.32,0.0016276447656097019
344,672,328,0.328,0.001247581392551183
416,708,292,0.292,0.0009445989681985481
360,680,320,0.32,0.000958793862790003
408,704,296,0.296,0.001166592052527605
352,676,324,0.324,0.001297055428717897
362,681,319,0.319,0.0020716919374647205
320,660,340,0.34,0.00134392267055037
346,673,327,0.327,0.0015873139994887992
372,686,314,0.314,0.00105210663341839
366,683,317,0.317,0.0013106652337738184
408,704,296,0.296,0.0011377456834695465
324,662,338,0.338,0.0012959840233939702
350,675,325,0.325,0.0011483013993731105
438,719,281,0.281,0.0016693061875981527
344,672,328,0.328,0.0010701359855588067
360,680,320,0.32,0.0016875129257115872
290,645,355,0.355,0.001110911959605886
382,691,309,0.309,0.0018356463986122834
290,645,355,0.355,0.001056896041964791
374,687,313,0.313,0.0009992079846677057
420,710,290,0.29,0.001689797626352245
382,691,309,0.309,0.0017150422868932936
328,664,336,0.336,0.0011394711414926065
376,688,312,0.312,0.0009375226001926791
346,673,327,0.327,0.0015992972411330584
300,650,350,0.35,0.0012565600196604407
362,681,319,0.319,0.001858549154932362
396,698,302,0.302,0.0013488248581229954
364,682,318,0.318,0.0018507507607770607
418,709,291,0.291,0.001201532725814971
392,696,304,0.304,0.0018220928030642655
396,698,302,0.302,0.0017768369797722698
350,675,325,0.325,0.001391664637264867
446,723,277,0.277,0.001530487177491608
342,671,329,0.329,0.0015458434190338862
366,683,317,0.317,0.0018420960200087393
408,704,296,0.296,0.0011885301808197254
290,645,355,0.355,0.001392762402948435
322,661,339,0.339,0.0020184864887291525
342,671,329,0.329,0.0014382140172163815
302,651,349,0.349,0.001432114250333271
394,697,303,0.303,0.001230759022895967
370,685,315,0.315,0.0012248474573590472
386,693,307,0.307,0.0015107849626482732
374,687,313,0.313,0.0007734596833711578
398,699,301,0.301,0.0009306625660748438
360,680,320,0.32,0.001251320104884428
370,685,315,0.315,0.0010212167443855121
326,663,337,0.337,0.0018718789834203733
290,645,355,0.355,0.0009925034540588342
314,657,343,0.343,0.0016272608533958533
430,715,285,0.285,0.0006837011415221071
378,689,311,0.311,0.0011521276205871942
372,686,314,0.314,0.0010702096508346415
364,682,318,0.318,0.0011036346333584107
286,643,357,0.357,0.0010983460003826336
306,653,347,0.347,0.001315186325480795
378,689,311,0.311,0.0011878668505197255
370,685,315,0.315,0.001430031246047733
380,690,310,0.31,0.001262231363815232
356,678,322,0.322,0.0011854517915207338
380,690,310,0.31,0.0010562603797737609
386,693,307,0.307,0.0014542661017644888
350,675,325,0.325,0.0016001032012132584
336,668,332,0.332,0.0015873456191380342
392,696,304,0.304,0.0009655453668415959
354,677,323,0.323,0.0012189912931075924
400,700,300,0.3,0.0011542751683804226
380,690,310,0.31,0.0016424301997272153
348,674,326,0.326,0.0013009407784780934
362,681,319,0.319,0.0016574743237703729
374,687,313,0.313,0.0007162883917864917
344,672,328,0.328,0.0012306804012618357
378,689,311,0.311,0.0014077504338662692
358,679,321,0.321,0.0013497996707584861
360,680,320,0.32,0.0007516575380737436
404,702,298,0.298,0.0008867407026150431
354,677,323,0.323,0.0009281287286932098
352,676,324,0.324,0.0008702267541260795
332,666,334,0.334,0.0010604218836124204
334,667,333,0.333,0.0010008829286243639
312,656,344,0.344,0.000665987127872711
354,677,323,0.323,0.00103443081094764
378,689,311,0.311,0.001347459508620716
374,687,313,0.313,0.0012769802059134036
398,699,301,0.301,0.0010603780391111003
316,658,342,0.342,0.001557780003731139
428,714,286,0.286,0.0008812357067463524
356,678,322,0.322,0.0012350149387816032
278,639,361,0.361,0.0013958090499474594
324,662,338,0.338,0.0011037503816157823
408,704,296,0.296,0.0008423854985007466
332,666,334,0.334,0.0015085741547227799
362,681,319,0.319,0.0006723571035077213
402,701,299,0.299,0.0014659050453839626
340,670,330,0.33,0.001663630138241828
426,713,287,0.287,0.0012833321605531154
406,703,297,0.297,0.0010591066322787129
348,674,326,0.326,0.001193839517143914
378,689,311,0.311,0.001077641788630345
354,677,323,0.323,0.0012754981199621653
326,663,337,0.337,0.001863551754103341
380,690,310,0.31,0.0010211074746085274
318,659,341,0.341,0.00110285002250518
328,664,336,0.336,0.0014340932485462474
378,689,311,0.311,0.0008517497919650623
368,684,316,0.316,0.0010723954050712479
346,673,327,0.327,0.0010154392956397231
388,694,306,0.306,0.0008977156811449731
350,675,325,0.325,0.001052294565665477
356,678,322,0.322,0.0017203408324383816
394,697,303,0.303,0.0011215603974201968
364,682,318,0.318,0.001144229789436082
400,700,300,0.3,0.0014374373117796181
352,676,324,0.324,0.001176774918480561
382,691,309,0.309,0.0011147584302817677
362,681,319,0.319,0.0011075295945204432
318,659,341,0.341,0.00116018714526561
316,658,342,0.342,0.0010722438615639333
310,655,345,0.345,0.0008437621710719867
448,724,276,0.276,0.0009340659102174271
320,660,340,0.34,0.0009757981335326207
338,669,331,0.331,0.0013777829478269438
388,694,306,0.306,0.0012404701265484447
414,707,293,0.293,0.00170093530130778
398,699,301,0.301,0.0010064144342063343
382,691,309,0.309,0.0013152882625172139
346,673,327,0.327,0.0006938673520094625
428,714,286,0.286,0.0009874488088411795
424,712,288,0.288,0.0012299708250472037
368,684,316,0.316,0.0008141719507968474
360,680,320,0.32,0.0011856515838249634
364,682,318,0.318,0.0008613679764983573
366,683,317,0.317,0.000900923192280274
384,692,308,0.308,0.001186401261392035
370,685,315,0.315,0.000837330128124492
308,654,346,0.346,0.0014101273706664443
402,701,299,0.299,0.0004549310170324361
328,664,336,0.336,0.0007971330957150115
442,721,279,0.279,0.000825260223017807
394,697,303,0.303,0.0011508112821770027
432,716,284,0.284,0.000564280406849079
402,701,299,0.299,0.0006396087050945169
338,669,331,0.331,0.0006331510694580942
364,682,318,0.318,0.0008741358861568784
352,676,324,0.324,0.0005488260615221065
316,658,342,0.342,0.0015024811037874172
342,671,329,0.329,0.0007042676915070416
402,701,299,0.299,0.0005699963171240512
432,716,284,0.284,0.0005232234928963208
348,674,326,0.326,0.0013203976926451162
344,672,328,0.328,0.0010122608568518955
268,634,366,0.366,0.0011897873274381396
350,675,325,0.325,0.0009691530267699022
334,667,333,0.333,0.0005776244548780625
344,672,328,0.328,0.0009481687954928617
420,710,290,0.29,0.001086128709452254
402,701,299,0.299,0.0011132057752992778
316,658,342,0.342,0.0009498187661493631
402,701,299,0.299,0.0005828781718263087
420,710,290,0.29,0.0008977236249307765
448,724,276,0.276,0.0018085654436118404
398,699,301,0.301,0.0018670670714462006
416,708,292,0.292,0.0012381353444879722
316,658,342,0.342,0.0012537424812106223
390,695,305,0.305,0.0012423991857249774
394,697,303,0.303,0.0008764385791909604
326,663,337,0.337,0.0010417347271501854
396,698,302,0.302,0.0009266024329947839
354,677,323,0.323,0.0007221710629193581
450,725,275,0.275,0.0008136037549966204
340,670,330,0.33,0.0005659929856846019
320,660,340,0.34,0.0004935178016526435
392,696,304,0.304,0.0006266528413177639
418,709,291,0.291,0.0008336036637752074
374,687,313,0.313,0.0005161759673281665
360,680,320,0.32,0.0007811169851299268
362,681,319,0.319,0.0006294953453918452
336,668,332,0.332,0.0005839599007410357
386,693,307,0.307,0.000476087872976322
354,677,323,0.323,0.000605871531828143
314,657,343,0.343,0.0008825622668003632
410,705,295,0.295,0.0007807462489477359
376,688,312,0.312,0.000856410082413177
400,700,300,0.3,0.0005551900860793921
354,677,323,0.323,0.0005416276777273765
346,673,327,0.327,0.0007153384241323834
400,700,300,0.3,0.0005588484154756088
386,693,307,0.307,0.0008803600135888416
328,664,336,0.336,0.0011008942484119898
368,684,316,0.316,0.0006421226831701717
338,669,331,0.331,0.0011390514914273665
360,680,320,0.32,0.0007122345062070537
384,692,308,0.308,0.0008755086761818092
344,672,328,0.328,0.0009974452052403393
420,710,290,0.29,0.000895769231873274
414,707,293,0.293,0.0006107098214973661
410,705,295,0.295,0.001022482576013516
412,706,294,0.294,0.0007837812778231381
356,678,322,0.322,0.0007009448329398111
344,672,328,0.328,0.0010163756813670944
370,685,315,0.315,0.0009830283732124201
362,681,319,0.319,0.0014157016841181188
390,695,305,0.305,0.0009075878266350088
394,697,303,0.303,0.0010630280557820412
430,715,285,0.285,0.0007199146475489613
428,714,286,0.286,0.0008350584112846917
392,696,304,0.304,0.0006014981465177129
366,683,317,0.317,0.0008959104243009932
440,720,280,0.28,0.0007048479074143756
366,683,317,0.317,0.00099133433989293
386,693,307,0.307,0.001011680068481141
418,709,291,0.291,0.001023997869853517
372,686,314,0.314,0.0008688520482953379
346,673,327,0.327,0.0011093268742104528
338,669,331,0.331,0.0007201412325704695
362,681,319,0.319,0.0008953884116185691
350,675,325,0.325,0.0011399186830383598
374,687,313,0.313,0.0010249601379796046
344,672,328,0.328,0.0009805519795514784
348,674,326,0.326,0.0014648185591731816
370,685,315,0.315,0.0011296074620281615
332,666,334,0.334,0.0009434636249998932
380,690,310,0.31,0.0008558122845957712
356,678,322,0.322,0.001123914789870014
340,670,330,0.33,0.0015810569977096805
368,684,316,0.316,0.001446582778577067
474,737,263,0.263,0.0008616942651180608
382,691,309,0.309,0.0013590864762121414
390,695,305,0.305,0.001319331468698735
350,675,325,0.325,0.0011773450856506003
410,705,295,0.295,0.0012001133672091982
402,701,299,0.299,0.0011409872494418068
358,679,321,0.321,0.001980209151446232
354,677,323,0.323,0.0008320694697412989
368,684,316,0.316,0.000971337001921384
390,695,305,0.305,0.0006663008610716901
388,694,306,0.306,0.0012734875938856475
368,684,316,0.316,0.0008987616316996281
328,664,336,0.336,0.0010877739309215003
350,675,325,0.325,0.0014101241118852244
324,662,338,0.338,0.001191618704796184
408,704,296,0.296,0.000972914835440676
416,708,292,0.292,0.0011978711338604456
452,726,274,0.274,0.0011752281676918415
412,706,294,0.294,0.001226827456447225
404,702,298,0.298,0.0013983615217183002
340,670,330,0.33,0.0011608824177924504
322,661,339,0.339,0.0014863643990481706
434,717,283,0.283,0.0011847455844205114
344,672,328,0.328,0.0012989078039322664
354,677,323,0.323,0.0010666760928730384
326,663,337,0.337,0.0009328926784475868
362,681,319,0.319,0.0012891979340600556
364,682,318,0.318,0.0015577940719291518
346,673,327,0.327,0.0012357416561359145
384,692,308,0.308,0.0009164315430077181
384,692,308,0.308,0.0010634612649772065
386,693,307,0.307,0.0013492437074774841
348,674,326,0.326,0.0014703031938927324
434,717,283,0.283,0.0010631802311532965
422,711,289,0.289,0.0007760013101686241
448,724,276,0.276,0.0010610366490521272
446,723,277,0.277,0.0010870008128200225
362,681,319,0.319,0.0010091123457075782
320,660,340,0.34,0.0016233934223241562
358,679,321,0.321,0.0010405234127976685
410,705,295,0.295,0.0010861445238070644
400,700,300,0.3,0.0006292887974861828
336,668,332,0.332,0.00113167955894896
388,694,306,0.306,0.0006113339057453402
384,692,308,0.308,0.0010006994177936832
362,681,319,0.319,0.0006567140664766811
372,686,314,0.314,0.0007054812919057269
408,704,296,0.296,0.0008588662688343334
362,681,319,0.319,0.0007121553950968718
408,704,296,0.296,0.0010275966947654923
358,679,321,0.321,0.0009912488125389132
398,699,301,0.301,0.0009095516728846604
400,700,300,0.3,0.0006780478325738528
338,669,331,0.331,0.0006866313857277219
360,680,320,0.32,0.0011803799818467695
364,682,318,0.318,0.0008575181308780771
362,681,319,0.319,0.000867603134139955
358,679,321,0.321,0.0004597928673784679
350,675,325,0.325,0.0009074045339745424
388,694,306,0.306,0.0005089262723626007
428,714,286,0.286,0.0006852521968649938
400,700,300,0.3,0.0011463143805388399
328,664,336,0.336,0.001085986360863572
330,665,335,0.335,0.000755476610831991
362,681,319,0.319,0.0006147742512183782
366,683,317,0.317,0.0008815925186336529
356,678,322,0.322,0.0008016255549392212
348,674,326,0.326,0.001265065723171034
326,663,337,0.337,0.0010582008588238807
374,687,313,0.313,0.0010653109732826494
370,685,315,0.315,0.0007404228519755805
406,703,297,0.297,0.0009856937698691298
428,714,286,0.286,0.0010328634242426915
392,696,304,0.304,0.000781586819025577
330,665,335,0.335,0.0007390377441731318
340,670,330,0.33,0.0009533537390623934
404,702,298,0.298,0.0012031231290327042
330,665,335,0.335,0.001094947946648361
324,662,338,0.338,0.0011350172758353807
350,675,325,0.325,0.001273096144411781
372,686,314,0.314,0.0011369881091884224
392,696,304,0.304,0.0015677053342823086
362,681,319,0.319,0.001033664506312988
398,699,301,0.301,0.0009063139761408507
392,696,304,0.304,0.000898144724059108
350,675,325,0.325,0.001078871070747482
362,681,319,0.319,0.001348117088438613
306,653,347,0.347,0.0010099194111115111
404,702,298,0.298,0.0009936636938883366
346,673,327,0.327,0.001070626197452583
350,675,325,0.325,0.0010307245239066418
364,682,318,0.318,0.0008373884256795065
356,678,322,0.322,0.001905530490464514
380,690,310,0.31,0.0009658277716528119
382,691,309,0.309,0.0012312906058098462
380,690,310,0.31,0.0005383425596695162
426,713,287,0.287,0.0008377494277132768
374,687,313,0.313,0.001281653753322118
354,677,323,0.323,0.0009249338671304628
312,656,344,0.344,0.0012350232587427855
346,673,327,0.327,0.0009121844969278925
306,653,347,0.347,0.001043233649567
322,661,339,0.339,0.0010104266835235336
326,663,337,0.337,0.0007428540511774742
362,681,319,0.319,0.000982220207397944
380,690,310,0.31,0.0009456454077324424
414,707,293,0.293,0.0009221343521918044
404,702,298,0.298,0.0009742767637538634
388,694,306,0.306,0.00076564724197938
366,683,317,0.317,0.0009367417919894052
378,689,311,0.311,0.0006574778308621916
400,700,300,0.3,0.0007712845030068109
370,685,315,0.315,0.0005292985431785127
362,681,319,0.319,0.0010937973099035218
348,674,326,0.326,0.0007664005664989446
378,689,311,0.311,0.000758004888467184
402,701,299,0.299,0.0006494875754370639
356,678,322,0.322,0.000590461978362626
406,703,297,0.297,0.0007643257272566046
374,687,313,0.313,0.000654091038037194
378,689,311,0.311,0.0005495010225486823
420,710,290,0.29,0.0005847340338997213
410,705,295,0.295,0.0007081087897832674
424,712,288,0.288,0.0006688003729834975
382,691,309,0.309,0.0006878485331666156
372,686,314,0.314,0.0005822866171891263
396,698,302,0.302,0.000801814993434121
358,679,321,0.321,0.0008650483709645868
370,685,315,0.315,0.0009195046909002826
398,699,301,0.301,0.0005385938731579216
372,686,314,0.314,0.0009808844296979515
392,696,304,0.304,0.0005564738437635555
432,716,284,0.284,0.0006254193786919586
392,696,304,0.304,0.0006898381044947115
384,692,308,0.308,0.0009491356253912215
324,662,338,0.338,0.0009374917472699451
328,664,336,0.336,0.0008980269320936287
462,731,269,0.269,0.0008005489703096913
298,649,351,0.351,0.0006088962370677962
358,679,321,0.321,0.0008394959064990956
316,658,342,0.342,0.0005896368053355303
360,680,320,0.32,0.0006792291455905968
346,673,327,0.327,0.0010534330639465992
328,664,336,0.336,0.0019911967755392086
324,662,338,0.338,0.0008669118659948082
406,703,297,0.297,0.0006724098137337648
362,681,319,0.319,0.0005649993124578004
360,680,320,0.32,0.0009008938633381547
374,687,313,0.313,0.0007180725960987644
360,680,320,0.32,0.0009159630338077278
380,690,310,0.31,0.0007560741654979211
360,680,320,0.32,0.0013553462530723692
442,721,279,0.279,0.001621510891549292
376,688,312,0.312,0.001285823915328649
394,697,303,0.303,0.000791967359563273
298,649,351,0.351,0.0018091473184884137
354,677,323,0.323,0.0016086184153096782
364,682,318,0.318,0.0017153586914625408
426,713,287,0.287,0.001635219083023813
310,655,345,0.345,0.0014555440779541727
414,707,293,0.293,0.001178326007517839
358,679,321,0.321,0.0008434580366519384
368,684,316,0.316,0.0013667772275822755
460,730,270,0.27,0.001188928515917695
304,652,348,0.348,0.0016552848887564978
410,705,295,0.295,0.0012092077783392341
472,736,264,0.264,0.0011708736841285088
322,661,339,0.339,0.001385377338744547
344,672,328,0.328,0.0007456019876680386
338,669,331,0.331,0.0014284408153196467
332,666,334,0.334,0.0009598973714314099
360,680,320,0.32,0.0011300515618776928
378,689,311,0.311,0.0007604874214329982
320,660,340,0.34,0.0010744608827517937
370,685,315,0.315,0.0014568505806393972
418,709,291,0.291,0.000893221299222148
378,689,311,0.311,0.0007985886996511197
358,679,321,0.321,0.0008293685250177987
376,688,312,0.312,0.001153084758767065
322,661,339,0.339,0.00130665768443383
292,646,354,0.354,0.001472035223026765
278,639,361,0.361,0.001789064041397097
324,662,338,0.338,0.0005644932809571372
346,673,327,0.327,0.0011792490470595993
396,698,302,0.302,0.0016049719546264783
362,681,319,0.319,0.0018316911106170011
390,695,305,0.305,0.00163748333425184
344,672,328,0.328,0.0015495078405344317
342,671,329,0.329,0.001520848658424498
328,664,336,0.336,0.0012866451627727572
340,670,330,0.33,0.0012847621509196757
376,688,312,0.312,0.001946402937469756
344,672,328,0.328,0.0014823433072313748
406,703,297,0.297,0.0017825692421703679
350,675,325,0.325,0.0016981828872869044
348,674,326,0.326,0.001172553871315145
348,674,326,0.326,0.0020936277605001267
364,682,318,0.318,0.0009922902258724946
328,664,336,0.336,0.0011051406549723454
396,698,302,0.302,0.0011730106905429665
316,658,342,0.342,0.0011761007293802806
348,674,326,0.326,0.0010420721203343532
360,680,320,0.32,0.0009885674118531966
412,706,294,0.294,0.0013013083561419592
378,689,311,0.311,0.0008705216223436736
380,690,310,0.31,0.0009216495713374684
300,650,350,0.35,0.0014597934655521813
426,713,287,0.287,0.0007637674982537561
402,701,299,0.299,0.0007463378704514554
344,672,328,0.328,0.0012009809192037864
344,672,328,0.328,0.0010124952408718856
408,704,296,0.296,0.0009671998107577338
340,670,330,0.33,0.0008094208712637254
390,695,305,0.305,0.0008576532588033814
306,653,347,0.347,0.0009020011192846056
342,671,329,0.329,0.0015190325314665928
366,683,317,0.317,0.001070750386316149
332,666,334,0.334,0.001399355032319079
348,674,326,0.326,0.0012199698218421844
298,649,351,0.351,0.0012148115508317828
398,699,301,0.301,0.0011464414375355432
330,665,335,0.335,0.001810340450707244
330,665,335,0.335,0.00161157751778957
344,672,328,0.328,0.0014650112568683085
428,714,286,0.286,0.0009717512769162085
360,680,320,0.32,0.0012889978866716945
394,697,303,0.303,0.001009581978309754
416,708,292,0.292,0.0007938744133285951
418,709,291,0.291,0.0009442888918473784
336,668,332,0.332,0.0006730053958548297
404,702,298,0.298,0.0005902613732998532
354,677,323,0.323,0.0007742960711694735
296,648,352,0.352,0.0010100349947369267
388,694,306,0.306,0.0012980235078015737
372,686,314,0.314,0.000802629218311381
366,683,317,0.317,0.000660429835665525
336,668,332,0.332,0.0008647762116391675
362,681,319,0.319,0.0005786852282449786
370,685,315,0.315,0.0007034918867429667
386,693,307,0.307,0.0008003646714534369
382,691,309,0.309,0.0007279299034300948
384,692,308,0.308,0.0006928075818867967
384,692,308,0.308,0.0012139674496328893
420,710,290,0.29,0.000840970083689399
332,666,334,0.334,0.0007936493402149836
374,687,313,0.313,0.0010658112225103765
342,671,329,0.329,0.000874687648031852
352,676,324,0.324,0.0006557989259126771
346,673,327,0.327,0.0009628315272558438
368,684,316,0.316,0.001136990808767692
408,704,296,0.296,0.0009125019018894989
358,679,321,0.321,0.0011488111015051886
392,696,304,0.304,0.000904021554066631
374,687,313,0.313,0.0010778498818977199
412,706,294,0.294,0.0011823870149760864
390,695,305,0.305,0.0008411743578400177
384,692,308,0.308,0.00147388330586314
370,685,315,0.315,0.0007828925925844885
398,699,301,0.301,0.0015663468994673764
368,684,316,0.316,0.0013778796868106297
364,682,318,0.318,0.0007232164775058294
370,685,315,0.315,0.0007243789532342219
368,684,316,0.316,0.0005309913531282575
424,712,288,0.288,0.0010790664076800595
392,696,304,0.304,0.0009590010738968715
404,702,298,0.298,0.0005780048129217618
350,675,325,0.325,0.0012339865304955993
396,698,302,0.302,0.0009755191757612778
400,700,300,0.3,0.0009909401817709948
422,711,289,0.289,0.0005944667390702847
406,703,297,0.297,0.0007111292376434193
314,657,343,0.343,0.0007192001282275698
376,688,312,0.312,0.0006042128237121318
434,717,283,0.283,0.0006132988890003191
380,690,310,0.31,0.0007830760771056902
392,696,304,0.304,0.0011362170313515207
340,670,330,0.33,0.0005244867219678468
404,702,298,0.298,0.0007789487392890351
320,660,340,0.34,0.0009972779448516177
382,691,309,0.309,0.0006292744271886761
342,671,329,0.329,0.0006484035111934361
404,702,298,0.298,0.0009543162257934768
370,685,315,0.315,0.0008262134848683189
388,694,306,0.306,0.0008135579625199938
408,704,296,0.296,0.0006001677579966298
368,684,316,0.316,0.0007028396843190592
328,664,336,0.336,0.0005811981357273623
400,700,300,0.3,0.000621195142120115
466,733,267,0.267,0.0005631138037667398
368,684,316,0.316,0.0007630195731791929
394,697,303,0.303,0.0007784669925220982
340,670,330,0.33,0.0006211018138222073
362,681,319,0.319,0.0006000897052935557
354,677,323,0.323,0.0009975197727972614
392,696,304,0.304,0.0005357031752207035
378,689,311,0.311,0.0009537453775544122
422,711,289,0.289,0.0006587074264379567
380,690,310,0.31,0.0007714496005946785
336,668,332,0.332,0.001084211858647933
352,676,324,0.324,0.0006276820110703767
382,691,309,0.309,0.0008216620564830635
408,704,296,0.296,0.0010012680975585652
356,678,322,0.322,0.0011693331261352427
386,693,307,0.307,0.0010428572660040204
388,694,306,0.306,0.0016109329445680913
356,678,322,0.322,0.0009820379464491253
342,671,329,0.329,0.0012905555962502576
366,683,317,0.317,0.0016478021938546874
296,648,352,0.352,0.0013849106516540246
400,700,300,0.3,0.0008252874782083949
436,718,282,0.282,0.0009721535106679369
416,708,292,0.292,0.000744882239038958
298,649,351,0.351,0.0009589698742816068
340,670,330,0.33,0.0007877015835090901
436,718,282,0.282,0.0008354859421575753
374,687,313,0.313,0.0009813948535110058
348,674,326,0.326,0.0009949262102988427
316,658,342,0.342,0.0006628782969765012
360,680,320,0.32,0.0006165044250005139
376,688,312,0.312,0.0009368064223800018
352,676,324,0.324,0.001046066839144899
352,676,324,0.324,0.0010204015826707432
382,691,309,0.309,0.0008887092178300407
332,666,334,0.334,0.0010642207210390779
402,701,299,0.299,0.0011100835750487478
344,672,328,0.328,0.0012413808977852767
366,683,317,0.317,0.0006058877409352021
452,726,274,0.274,0.0006158747222298189
344,672,328,0.328,0.0012338161837368061
344,672,328,0.328,0.001267095201459398
358,679,321,0.321,0.0006865753262520969
426,713,287,0.287,0.0006451454335445561
348,674,326,0.326,0.0013419627780022977
314,657,343,0.343,0.0012960813090817282
380,690,310,0.31,0.0013000475870298942
402,701,299,0.299,0.0008659408654770146
420,710,290,0.29,0.0011516818759182712
410,705,295,0.295,0.0008589781563127446
392,696,304,0.304,0.0009229567765997472
422,711,289,0.289,0.0006414930968762604
370,685,315,0.315,0.0008986482789405699
334,667,333,0.333,0.0006918071793603957
398,699,301,0.301,0.00044937967842719216
414,707,293,0.293,0.00105719360815786
324,662,338,0.338,0.0011679504449448785
364,682,318,0.318,0.0009021332092130763
374,687,313,0.313,0.0014303236811982459
402,701,299,0.299,0.0008585609156642846
380,690,310,0.31,0.0005287427681046495
362,681,319,0.319,0.0012144617719475263
396,698,302,0.302,0.0009076538905501792
320,660,340,0.34,0.0012409415810964361
388,694,306,0.306,0.0010092843533921324
442,721,279,0.279,0.0016633445367325095
356,678,322,0.322,0.0009658131402390637
400,700,300,0.3,0.0010612720679292523
296,648,352,0.352,0.001205231231034844
360,680,320,0.32,0.0010803386643767397
310,655,345,0.345,0.0010726239327037063
338,669,331,0.331,0.0011926053384431867
342,671,329,0.329,0.0014067315215587114
412,706,294,0.294,0.0014444947338038644
330,665,335,0.335,0.0012721486121392617
372,686,314,0.314,0.0014196976770222847
370,685,315,0.315,0.0011602206981110186
354,677,323,0.323,0.001196617867212879
324,662,338,0.338,0.0013149104670227986
392,696,304,0.304,0.0011150937335921327
314,657,343,0.343,0.000720755578748495
396,698,302,0.302,0.0010018044716501038
406,703,297,0.297,0.0005294959113477518
406,703,297,0.297,0.0008368997072983859
366,683,317,0.317,0.0010653176841007904
408,704,296,0.296,0.000431870337516699
352,676,324,0.324,0.0007978770202516757
326,663,337,0.337,0.0006121523179880626
374,687,313,0.313,0.0009018682336982522
318,659,341,0.341,0.0008263835543332903
352,676,324,0.324,0.0011869063906004413
356,678,322,0.322,0.0006527003686130825
318,659,341,0.341,0.000917200926927677
406,703,297,0.297,0.0011669875860318229
384,692,308,0.308,0.0007567855018919829
334,667,333,0.333,0.001195871141055619
372,686,314,0.314,0.0010983928672430494
368,684,316,0.316,0.0007138626170739428
420,710,290,0.29,0.0006844852782274557
430,715,285,0.285,0.0005260942947144116
352,676,324,0.324,0.0006953535456818827
372,686,314,0.314,0.0008711293629698389
424,712,288,0.288,0.0005287135458558936
394,697,303,0.303,0.0005676202302476128
380,690,310,0.31,0.0008117971596224578
350,675,325,0.325,0.000658659147747997
344,672,328,0.328,0.0008263261116415208
344,672,328,0.328,0.000584701539106689
428,714,286,0.286,0.0005841483988471765
394,697,303,0.303,0.0006752204731597687
350,675,325,0.325,0.0011179569546665106
370,685,315,0.315,0.0006282054230455714
386,693,307,0.307,0.0005616289153110472
400,700,300,0.3,0.0005910068921698723
322,661,339,0.339,0.0006079247108522594
346,673,327,0.327,0.0007359756064926871
342,671,329,0.329,0.0008026138574413153
352,676,324,0.324,0.0004059923605543645
364,682,318,0.318,0.0006061836722970924
428,714,286,0.286,0.0005258758190198876
336,668,332,0.332,0.0006032454026010186
364,682,318,0.318,0.00046994628551890117
342,671,329,0.329,0.0009495854845610268
416,708,292,0.292,0.0005898208980012356
376,688,312,0.312,0.0008262409715153751
364,682,318,0.318,0.0005417721230535192
362,681,319,0.319,0.0009247099268511789
352,676,324,0.324,0.0006844129689690134
278,639,361,0.361,0.0011650620913509187
336,668,332,0.332,0.0009885851036728751
314,657,343,0.343,0.0010497443967022804
362,681,319,0.319,0.0006011503971508318
340,670,330,0.33,0.0007583080297265212
358,679,321,0.321,0.0005911247707268217
378,689,311,0.311,0.0006059323620568619
404,702,298,0.298,0.0005892137408656879
432,716,284,0.284,0.0009255418683649879
324,662,338,0.338,0.0007554261147603398
404,702,298,0.298,0.0008358371113722996
352,676,324,0.324,0.0008867581371270461
358,679,321,0.321,0.0008616756717827912
400,700,300,0.3,0.0006550710946452654
362,681,319,0.319,0.0008779176174069647
348,674,326,0.326,0.0006260270617242582
364,682,318,0.318,0.0005990801872849687
340,670,330,0.33,0.0009130549572097806
304,652,348,0.348,0.001033701637261899
292,646,354,0.354,0.00105760823962936
370,685,315,0.315,0.0008073555364872646
372,686,314,0.314,0.0012485281850673714
378,689,311,0.311,0.0010844475220792447
328,664,336,0.336,0.0011273702599461756
336,668,332,0.332,0.0009805841086354833
390,695,305,0.305,0.001105981224895743
370,685,315,0.315,0.001061194203013926
276,638,362,0.362,0.0013938113949948558
366,683,317,0.317,0.0012238242870989068
352,676,324,0.324,0.0015585594015320226
382,691,309,0.309,0.0012861009309234532
374,687,313,0.313,0.0009923184281068274
422,711,289,0.289,0.0005468733431896737
342,671,329,0.329,0.0009097343082276694
398,699,301,0.301,0.0008808137050160383
384,692,308,0.308,0.0010689157613019376
356,678,322,0.322,0.0009743087736803347
306,653,347,0.347,0.0007611536944479695
358,679,321,0.321,0.0006656278296027977
396,698,302,0.302,0.001029344567366607
386,693,307,0.307,0.0006419982506072443
328,664,336,0.336,0.0008609047486675933
392,696,304,0.304,0.0004674040812703879
350,675,325,0.325,0.0006479178506638447
334,667,333,0.333,0.000951116205687498
398,699,301,0.301,0.0009358915708469624
374,687,313,0.313,0.0005520093272881468
344,672,328,0.328,0.0007913410226970683
368,684,316,0.316,0.00120613662655758
398,699,301,0.301,0.0007824891352501311
296,648,352,0.352,0.0010798838411877228
376,688,312,0.312,0.0008396359681011632
322,661,339,0.339,0.0011864757878711316
342,671,329,0.329,0.0006001216325418994
316,658,342,0.342,0.001028345699076013
300,650,350,0.35,0.0008180461491382829
310,655,345,0.345,0.001186130724306409
390,695,305,0.305,0.0010086086735993547
436,718,282,0.282,0.0012472701636090306
364,682,318,0.318,0.0012211659353031906
400,700,300,0.3,0.0007419044015909293
398,699,301,0.301,0.0008983197433530848
374,687,313,0.313,0.0008932318642836918
318,659,341,0.341,0.0010312381009370455
432,716,284,0.284,0.0005938267777530655
366,683,317,0.317,0.0007477847592491998
444,722,278,0.278,0.0006064978907817533
404,702,298,0.298,0.0008129894721840287
362,681,319,0.319,0.0006861110198110651
354,677,323,0.323,0.0011815455266952172
330,665,335,0.335,0.0010579214079448889
392,696,304,0.304,0.00106573513499319
376,688,312,0.312,0.0005804556775018596
422,711,289,0.289,0.0008290158602360691
400,700,300,0.3,0.0009093610652940356
358,679,321,0.321,0.0007679566563981979
388,694,306,0.306,0.0009467301972409956
378,689,311,0.311,0.0008577357772730778
336,668,332,0.332,0.0007621051297080043
300,650,350,0.35,0.0008925150376810648
438,719,281,0.281,0.0005552318442342567
402,701,299,0.299,0.0004924608033557974
402,701,299,0.299,0.0007192772372383019
340,670,330,0.33,0.0006062440325350025
444,722,278,0.278,0.0005601428555404482
370,685,315,0.315,0.0005814574471650787
406,703,297,0.297,0.0006641880720325731
400,700,300,0.3,0.0007091180381815007
454,727,273,0.273,0.000549582469998839
330,665,335,0.335,0.0004898031028419467
326,663,337,0.337,0.000648392006834328
356,678,322,0.322,0.0009247681618764432
404,702,298,0.298,0.0004615830697827619
382,691,309,0.309,0.0007860325756699922
324,662,338,0.338,0.0007563272016241313
286,643,357,0.357,0.0010046460797416615
340,670,330,0.33,0.0007038289129774995
360,680,320,0.32,0.0005674192463888232
368,684,316,0.316,0.0007698862281476835
344,672,328,0.328,0.0007473316154912624
354,677,323,0.323,0.0006629442904130087
342,671,329,0.329,0.0004995192982666197
406,703,297,0.297,0.0008467977539862943
326,663,337,0.337,0.0006995840203221207
360,680,320,0.32,0.0008165956369227843
406,703,297,0.297,0.0006322307287805274
344,672,328,0.328,0.0008705783200871764
346,673,327,0.327,0.0006999339817202639
348,674,326,0.326,0.0004234926657640017
402,701,299,0.299,0.000634303689341209
452,726,274,0.274,0.0004697575999886254
354,677,323,0.323,0.0011738941672230396
358,679,321,0.321,0.0005028520326734309
376,688,312,0.312,0.00074570121194499
338,669,331,0.331,0.0004681984340923435
406,703,297,0.297,0.0010593208228047786
312,656,344,0.344,0.00086935389758888
358,679,321,0.321,0.000731950162660624
454,727,273,0.273,0.0005627382396063751
350,675,325,0.325,0.0007156235721259776
404,702,298,0.298,0.001008798705250939
368,684,316,0.316,0.000891429080821382
358,679,321,0.321,0.0011594695290719273
336,668,332,0.332,0.0008204032938836719
372,686,314,0.314,0.0009567039038363561
316,658,342,0.342,0.0009231609771065336
402,701,299,0.299,0.0010502429782899582
378,689,311,0.311,0.0006223209414281286
366,683,317,0.317,0.0007270247574692519
350,675,325,0.325,0.0005529082139724153
360,680,320,0.32,0.0015192665088892311
334,667,333,0.333,0.001009244652196969
360,680,320,0.32,0.0005566795902154951
364,682,318,0.318,0.0012445922291071411
396,698,302,0.302,0.0010299123159456939
470,735,265,0.265,0.0009152598265359302
404,702,298,0.298,0.0008679833890338671
338,669,331,0.331,0.0010922944976939845
394,697,303,0.303,0.0008774398489528323
338,669,331,0.331,0.001260500302403358
370,685,315,0.315,0.000665861833209604
366,683,317,0.317,0.0007121233522163522
338,669,331,0.331,0.0007441030722608701
446,723,277,0.277,0.0007896092052074408
382,691,309,0.309,0.000522419001976914
326,663,337,0.337,0.0004342752195321111
366,683,317,0.317,0.0007200920305967457
360,680,320,0.32,0.0005162552003453413
428,714,286,0.286,0.0006566502173924392
412,706,294,0.294,0.0005536302841541385
392,696,304,0.304,0.0007592428154171671
332,666,334,0.334,0.0006001035260966887
350,675,325,0.325,0.0007622866382381659
378,689,311,0.311,0.000713941284665907
376,688,312,0.312,0.0005657988227362836
376,688,312,0.312,0.0003587926596894846
380,690,310,0.31,0.0005869795936911401
354,677,323,0.323,0.0006561976155564934
284,642,358,0.358,0.00048070297392068537
388,694,306,0.306,0.0004235806870529899
316,658,342,0.342,0.0011313296376196291
386,693,307,0.307,0.0008218080378383092
368,684,316,0.316,0.0008595124192272862
388,694,306,0.306,0.0008262662387891026
386,693,307,0.307,0.0008262045845170434
368,684,316,0.316,0.00048808422081722823
444,722,278,0.278,0.00035640746263129584
404,702,298,0.298,0.0007434109248878257
364,682,318,0.318,0.0008220727554174943
388,694,306,0.306,0.0007909491947361715
322,661,339,0.339,0.0005215510142718359
354,677,323,0.323,0.0008369680415654557
362,681,319,0.319,0.0005761244180119149
332,666,334,0.334,0.0011929774399258406
340,670,330,0.33,0.000711098485364161
388,694,306,0.306,0.0008102434247938391
378,689,311,0.311,0.0007131023870525724
418,709,291,0.291,0.0006940849721748066
352,676,324,0.324,0.0008810768765860217
336,668,332,0.332,0.0005099206033969921
370,685,315,0.315,0.0008439809106997842
350,675,325,0.325,0.0007239448057840577
322,661,339,0.339,0.0006897857661251407
398,699,301,0.301,0.0006272009402786693
376,688,312,0.312,0.000866519846228968
328,664,336,0.336,0.0009594687469877101
384,692,308,0.308,0.0005486638523990166
380,690,310,0.31,0.0008427896704538966
294,647,353,0.353,0.0008167883646712824
420,710,290,0.29,0.001198124507128668
406,703,297,0.297,0.00106578175039202
372,686,314,0.314,0.0007281767136509672
334,667,333,0.333,0.0005343692176439987
368,684,316,0.316,0.0005957499647644511
316,658,342,0.342,0.0012398315921663824
370,685,315,0.315,0.0008483358734903561
260,630,370,0.37,0.0009709605702349364
392,696,304,0.304,0.0005755803938882167
384,692,308,0.308,0.0007461611529892309
378,689,311,0.311,0.0006436185021312894
348,674,326,0.326,0.0007155592388609762
374,687,313,0.313,0.0006678788440224821
356,678,322,0.322,0.0007818002750886563
346,673,327,0.327,0.0007145099441398913
296,648,352,0.352,0.0007989165627996044
358,679,321,0.321,0.001113049271418177
344,672,328,0.328,0.0011472295993985853
312,656,344,0.344,0.0006376248983973909
328,664,336,0.336,0.0010034955605012356
440,720,280,0.28,0.0007211030808747268
396,698,302,0.302,0.0009852307061921123
384,692,308,0.308,0.0010020219065731907
366,683,317,0.317,0.0009918446801558502
376,688,312,0.312,0.0008412353147640346
358,679,321,0.321,0.0005532110183318793
362,681,319,0.319,0.0008693953866148405
312,656,344,0.344,0.0008308212570391618
346,673,327,0.327,0.0014373436053834894
368,684,316,0.316,0.0005833836834446515
378,689,311,0.311,0.000814554760152447
358,679,321,0.321,0.0006736785800749061
450,725,275,0.275,0.000527220038401822
302,651,349,0.349,0.0011237742798550273
402,701,299,0.299,0.0005793738420316572
342,671,329,0.329,0.0006590687612795563
366,683,317,0.317,0.0006694010273051561
402,701,299,0.299,0.0006243336389338338
408,704,296,0.296,0.00045058917810334267
388,694,306,0.306,0.0005145463331637927
368,684,316,0.316,0.0006393221866330236
344,672,328,0.328,0.0007911047884113742
328,664,336,0.336,0.001204324312979736
402,701,299,0.299,0.0004481618572228285
376,688,312,0.312,0.0006210697661900469
368,684,316,0.316,0.0006310456264904758
354,677,323,0.323,0.0007660368755990988
310,655,345,0.345,0.0005943087123137616
330,665,335,0.335,0.000529503620263057
390,695,305,0.305,0.000500110730999296
336,668,332,0.332,0.0006822190363789247
452,726,274,0.274,0.0008052320094074332
376,688,312,0.312,0.0006091104772727078
288,644,356,0.356,0.0008931875308557977
366,683,317,0.317,0.0006310704272043494
376,688,312,0.312,0.0006802229168259544
322,661,339,0.339,0.00044124258086621635
374,687,313,0.313,0.0008516428675266781
348,674,326,0.326,0.0008490822402166316
386,693,307,0.307,0.00047762859133138134
304,652,348,0.348,0.00045126765154847705
254,627,373,0.373,0.0010313531790767314
324,662,338,0.338,0.0012470169827699352
376,688,312,0.312,0.001003518575624838
358,679,321,0.321,0.0008872925271338801
286,643,357,0.357,0.0008699606452457828
382,691,309,0.309,0.0006650063360252147
360,680,320,0.32,0.00128068619155502
370,685,315,0.315,0.000844590670364326
414,707,293,0.293,0.0006750949865678138
402,701,299,0.299,0.0007788211841167794
360,680,320,0.32,0.0010313981545856876
402,701,299,0.299,0.0013275977077664295
364,682,318,0.318,0.0006806706010112862
400,700,300,0.3,0.000823715072124628
410,705,295,0.295,0.0007442254621083179
332,666,334,0.334,0.0007020328928744987
384,692,308,0.308,0.0005991012975293302
346,673,327,0.327,0.0006257709264798308
292,646,354,0.354,0.0006257512625172126
384,692,308,0.308,0.00096456787840917
406,703,297,0.297,0.00047417609916759317
338,669,331,0.331,0.0008358655913434916
352,676,324,0.324,0.0008518518900965119
338,669,331,0.331,0.0006891504419341743
398,699,301,0.301,0.0005932870715657828
326,663,337,0.337,0.0008172986618095024
388,694,306,0.306,0.0006958301903582651
396,698,302,0.302,0.000884755657389249
354,677,323,0.323,0.0008040610189813435
368,684,316,0.316,0.0007709336632968302
378,689,311,0.311,0.0005499411721027627
364,682,318,0.318,0.000979127370160384
404,702,298,0.298,0.0006950383540797276
382,691,309,0.309,0.0008420351833732128
456,728,272,0.272,0.00049302285578122
396,698,302,0.302,0.000995671729604922
334,667,333,0.333,0.000932853388269038
310,655,345,0.345,0.0007507642961694217
416,708,292,0.292,0.0007361908194174163
300,650,350,0.35,0.0006842238113516999
426,713,287,0.287,0.0008193936706578739
336,668,332,0.332,0.000761668358569466
392,696,304,0.304,0.00070648295675214
338,669,331,0.331,0.0010113942583862326
368,684,316,0.316,0.0006020682320120585
382,691,309,0.309,0.0008840633061238918
376,688,312,0.312,0.0006995498742794979
346,673,327,0.327,0.0009715870149871506
408,704,296,0.296,0.0005725301326580307
312,656,344,0.344,0.0012337251084993852
342,671,329,0.329,0.0011309120185353976
370,685,315,0.315,0.0007357355098977649
320,660,340,0.34,0.0009494815636110871
314,657,343,0.343,0.0006325327424593325
340,670,330,0.33,0.0009746477573445702
322,661,339,0.339,0.0007312063927276711
332,666,334,0.334,0.000787322355093579
356,678,322,0.322,0.0006935109792500498
336,668,332,0.332,0.0007600630022488559
420,710,290,0.29,0.0007055706085803167
378,689,311,0.311,0.0009531171277565989
388,694,306,0.306,0.0010680815132020599
404,702,298,0.298,0.0012303456425550791
290,645,355,0.355,0.0011006573608388663
350,675,325,0.325,0.0009059241046718398
386,693,307,0.307,0.0006720065567734111
312,656,344,0.344,0.0007560345881896069
356,678,322,0.322,0.0007876963439212119
350,675,325,0.325,0.0010340351168882478
386,693,307,0.307,0.0007899685918212356
364,682,318,0.318,0.0008836357739747883
428,714,286,0.286,0.000517033869311959
402,701,299,0.299,0.0008398910610969779
346,673,327,0.327,0.0012317817234329311
316,658,342,0.342,0.001340927977620268
420,710,290,0.29,0.0005961501633715755
366,683,317,0.317,0.0006558171870189682
420,710,290,0.29,0.001237503864918736
358,679,321,0.321,0.0008793751127756621
366,683,317,0.317,0.0008529558446372079
324,662,338,0.338,0.0008257423160329012
390,695,305,0.305,0.0011702563627421655
334,667,333,0.333,0.0007076403965790803
414,707,293,0.293,0.0007151766647220797
348,674,326,0.326,0.0006400958120891715
368,684,316,0.316,0.0008911956268875372
298,649,351,0.351,0.0006846701245324169
382,691,309,0.309,0.0008559530725612348
416,708,292,0.292,0.0010444505011358983
380,690,310,0.31,0.0006317427735119452
430,715,285,0.285,0.0005883511360742091
402,701,299,0.299,0.000422292348734004
312,656,344,0.344,0.0010088985173637751
346,673,327,0.327,0.0008248887216633562
362,681,319,0.319,0.0008122450750126831
324,662,338,0.338,0.0009264278637355687
326,663,337,0.337,0.0006852850493965264
320,660,340,0.34,0.0008289299043639034
406,703,297,0.297,0.0006545493680386869
352,676,324,0.324,0.0009782679990769907
392,696,304,0.304,0.000615736413997908
370,685,315,0.315,0.0006728006158579377
396,698,302,0.302,0.0004314379293284958
388,694,306,0.306,0.00036103989360412923
374,687,313,0.313,0.0006368807609833738
366,683,317,0.317,0.0006004571068437202
410,705,295,0.295,0.0004709404617253625
340,670,330,0.33,0.0005336172757794201
344,672,328,0.328,0.0005437994955366889
350,675,325,0.325,0.0007029520565541105
400,700,300,0.3,0.0004208638350896479
344,672,328,0.328,0.00045459175870901446
386,693,307,0.307,0.00044664329703688563
406,703,297,0.297,0.0005714593927146297
386,693,307,0.307,0.00036503040992789693
414,707,293,0.293,0.0006169920333048111
356,678,322,0.322,0.0005042617198641608
384,692,308,0.308,0.0004277565545892088
396,698,302,0.302,0.0004466262998223698
398,699,301,0.301,0.0006012255910525397
310,655,345,0.345,0.0005446300470293295
314,657,343,0.343,0.0005272265625311548
340,670,330,0.33,0.0006237459735132944
322,661,339,0.339,0.000570371622365613
358,679,321,0.321,0.0006507395815827693
372,686,314,0.314,0.0004848266757266515
392,696,304,0.304,0.00048746897801848376
392,696,304,0.304,0.0004979730977663052
300,650,350,0.35,0.0008784462000904511
350,675,325,0.325,0.0006311493251614167
286,643,357,0.357,0.0010473367253389086
360,680,320,0.32,0.0006026692261048083
374,687,313,0.313,0.0004800758468340405
348,674,326,0.326,0.0007879101363844682
330,665,335,0.335,0.0009145829620194093
312,656,344,0.344,0.0008957260061966679
390,695,305,0.305,0.0004962862410485229
376,688,312,0.312,0.0009894311067017725
404,702,298,0.298,0.0007965961068335616
316,658,342,0.342,0.0008036041062542267
354,677,323,0.323,0.000780442596581949
360,680,320,0.32,0.0009970615702078619
404,702,298,0.298,0.0007500081704460797
290,645,355,0.355,0.0008885289693103715
318,659,341,0.341,0.0011468159017259012
360,680,320,0.32,0.0006742404883750624
306,653,347,0.347,0.0007932846577186723
380,690,310,0.31,0.0006258588912696723
356,678,322,0.322,0.0006040579785110225
420,710,290,0.29,0.0008983064952030447
412,706,294,0.294,0.0006705663987769128
396,698,302,0.302,0.0009521664505342357
334,667,333,0.333,0.0007789777444973538
360,680,320,0.32,0.0009764287262347722
396,698,302,0.302,0.0005058654896667463
386,693,307,0.307,0.000811579245715464
352,676,324,0.324,0.0005598210678209484
302,651,349,0.349,0.0004986613331363543
390,695,305,0.305,0.0005787051727514978
382,691,309,0.309,0.0006317924373980475
332,666,334,0.334,0.00040101182993419114
410,705,295,0.295,0.0005349693446125059
358,679,321,0.321,0.0005762609059720916
340,670,330,0.33,0.0005792508173720136
346,673,327,0.327,0.0007052409565937979
378,689,311,0.311,0.00043765690406918624
378,689,311,0.311,0.0003315936535354496
380,690,310,0.31,0.0005408068663179649
362,681,319,0.319,0.000657192281842768
434,717,283,0.283,0.0006262452412102278
370,685,315,0.315,0.0006332491882094189
404,702,298,0.298,0.0008114438436084441
322,661,339,0.339,0.0005386189382554676
420,710,290,0.29,0.0006102542153930699
392,696,304,0.304,0.0007706634211183002
346,673,327,0.327,0.0007662644329606679
390,695,305,0.305,0.00040096497734633377
384,692,308,0.308,0.0007059086109430979
390,695,305,0.305,0.0007433207444327508
374,687,313,0.313,0.0004711336377402944
254,627,373,0.373,0.0007284083044866492
348,674,326,0.326,0.00048641697894655065
340,670,330,0.33,0.0007126825012379925
366,683,317,0.317,0.000591380212593819
368,684,316,0.316,0.0007743321282149935
374,687,313,0.313,0.0005646470453829692
352,676,324,0.324,0.0006019817446901783
350,675,325,0.325,0.000499857901177478
402,701,299,0.299,0.0005193740581749608
422,711,289,0.289,0.0007612083478147156
314,657,343,0.343,0.0007617658633129168
446,723,277,0.277,0.0004935582289141819
296,648,352,0.352,0.001068869978850728
278,639,361,0.361,0.0006493689950543314
342,671,329,0.329,0.000675447072486108
372,686,314,0.314,0.0006315118955423174
346,673,327,0.327,0.0007248053516136253
310,655,345,0.345,0.0009391888985410617
398,699,301,0.301,0.0006641666572782725
364,682,318,0.318,0.0007247907979106003
376,688,312,0.312,0.001120061400258848
408,704,296,0.296,0.0006888950439125381
328,664,336,0.336,0.0008212198605689736
342,671,329,0.329,0.0007204438993004203
370,685,315,0.315,0.0011033733620267015
356,678,322,0.322,0.0006597158572685942
366,683,317,0.317,0.0007591656487990548
350,675,325,0.325,0.0003888170741063277
372,686,314,0.314,0.0010087757498937293
434,717,283,0.283,0.0007372671826687594
404,702,298,0.298,0.0007632848659880978
402,701,299,0.299,0.0008176489544598696
390,695,305,0.305,0.00045650536328862754
368,684,316,0.316,0.00047522386461939446
360,680,320,0.32,0.00046192630083103834
364,682,318,0.318,0.00046025033206473155
404,702,298,0.298,0.0003648060468550085
344,672,328,0.328,0.00041620701291624585
444,722,278,0.278,0.0005549091396165125
334,667,333,0.333,0.0004269431271162603
380,690,310,0.31,0.0006764302564539691
360,680,320,0.32,0.00039485181890168517
444,722,278,0.278,0.0003868673343051938
400,700,300,0.3,0.0003955213724517819
302,651,349,0.349,0.00034695296435876345
434,717,283,0.283,0.00034606763133126605
348,674,326,0.326,0.0005070951957881959
378,689,311,0.311,0.0007235239035451571
384,692,308,0.308,0.0004888120232706967
402,701,299,0.299,0.0003024583238572376
390,695,305,0.305,0.0002298768479449791
352,676,324,0.324,0.0004274255086680796
370,685,315,0.315,0.00032618654695835405
408,704,296,0.296,0.0003927590380010173
300,650,350,0.35,0.000310820183678203
370,685,315,0.315,0.00038478976593241045
376,688,312,0.312,0.00042074672236852
392,696,304,0.304,0.0004102956753826419
382,691,309,0.309,0.00033756338673289574
296,648,352,0.352,0.0003614595704109149
366,683,317,0.317,0.0004071882777783742
370,685,315,0.315,0.0005028004560544446
376,688,312,0.312,0.0004895104156969978
348,674,326,0.326,0.0005770877974938315
372,686,314,0.314,0.0007528271334685286
344,672,328,0.328,0.000573715532688496
320,660,340,0.34,0.0006473926268404852
440,720,280,0.28,0.0006616171345627464
386,693,307,0.307,0.0007260819396190214
364,682,318,0.318,0.0005153416508123456
438,719,281,0.281,0.0005235528640654081
418,709,291,0.291,0.0007403531093005142
348,674,326,0.326,0.0007745971673741962
386,693,307,0.307,0.0005893032460519834
348,674,326,0.326,0.0008747238371425964
318,659,341,0.341,0.0007069641066430137
310,655,345,0.345,0.000881290767214054
366,683,317,0.317,0.00043274552339957493
322,661,339,0.339,0.0008033494878092142
382,691,309,0.309,0.0005803522686481841
328,664,336,0.336,0.00063802900965797
380,690,310,0.31,0.0006455885527546883
368,684,316,0.316,0.0007826423042100714
342,671,329,0.329,0.0006639140312292824
400,700,300,0.3,0.0008103911106067443
332,666,334,0.334,0.0007754657221243662
402,701,299,0.299,0.00075404032558518
416,708,292,0.292,0.0005945122272388375
384,692,308,0.308,0.0006564143041918413
392,696,304,0.304,0.0005682245141070723
300,650,350,0.35,0.0008625622313582965
356,678,322,0.322,0.0005269567486911057
414,707,293,0.293,0.0006581070238742796
282,641,359,0.359,0.0008037983814803056
382,691,309,0.309,0.0005831339482964069
374,687,313,0.313,0.0004981829692463436
410,705,295,0.295,0.0004298570362598184
376,688,312,0.312,0.0004993207896123124
418,709,291,0.291,0.0006588676954355605
414,707,293,0.293,0.0004276788695461278
298,649,351,0.351,0.0005266730670873727
392,696,304,0.304,0.0006840320828082298
384,692,308,0.308,0.0006137720242710003
380,690,310,0.31,0.0005108129659745231
418,709,291,0.291,0.000422230025184092
354,677,323,0.323,0.0008883987480470097
298,649,351,0.351,0.0005303819046328044
358,679,321,0.321,0.0005178398499976851
376,688,312,0.312,0.0005038842728824448
364,682,318,0.318,0.000521759250223539
340,670,330,0.33,0.0005132388632369782
344,672,328,0.328,0.0005136574233118693
352,676,324,0.324,0.0005896005844230245
350,675,325,0.325,0.0005021826803244523
360,680,320,0.32,0.0007196422235543025
372,686,314,0.314,0.0005962754850510947
404,702,298,0.298,0.0005958855089369735
362,681,319,0.319,0.0005811411758366347
322,661,339,0.339,0.0005202983959624987
402,701,299,0.299,0.0009513387017541533
410,705,295,0.295,0.0007361318438784821
370,685,315,0.315,0.000753496915319829
386,693,307,0.307,0.0005164728290715175
410,705,295,0.295,0.0005437618343601542
300,650,350,0.35,0.0007618672343365489
392,696,304,0.304,0.0004311453274000456
382,691,309,0.309,0.0005195634655169386
432,716,284,0.284,0.0006380315541956634
364,682,318,0.318,0.0006056848718559849
402,701,299,0.299,0.0005804036310333629
366,683,317,0.317,0.000613839472994485
336,668,332,0.332,0.000566410662656935
396,698,302,0.302,0.0006931775609299961
372,686,314,0.314,0.0005133029905655065
344,672,328,0.328,0.0004325897755948489
380,690,310,0.31,0.0005780743054632466
352,676,324,0.324,0.00039787031649763093
422,711,289,0.289,0.0005577181839775989
384,692,308,0.308,0.00057339210522467
352,676,324,0.324,0.0005701927981376542
446,723,277,0.277,0.000393641377268338
380,690,310,0.31,0.0004509601249783088
366,683,317,0.317,0.000385161719456363
360,680,320,0.32,0.0005863643080599985
384,692,308,0.308,0.0005878387381373926
360,680,320,0.32,0.0005028456841157834
394,697,303,0.303,0.0005594715687172566
356,678,322,0.322,0.0006193208282284957
398,699,301,0.301,0.0003601983033761229
426,713,287,0.287,0.00032100663642172834
334,667,333,0.333,0.0003644502910204892
360,680,320,0.32,0.0006512938544077116
308,654,346,0.346,0.0005130958947213742
346,673,327,0.327,0.0005301490906145574
376,688,312,0.312,0.0007018605941385374
316,658,342,0.342,0.0007776836436830621
328,664,336,0.336,0.0005240613771556468
400,700,300,0.3,0.0006080247549256939
370,685,315,0.315,0.0007421472956061308
364,682,318,0.318,0.0007191508956554031
354,677,323,0.323,0.0008559212118978082
312,656,344,0.344,0.0008058646743294276
352,676,324,0.324,0.0010745940919447178
376,688,312,0.312,0.0007872824455487688
406,703,297,0.297,0.0007855732421518695
380,690,310,0.31,0.0008779973024314387
356,678,322,0.322,0.0007260286946338823
376,688,312,0.312,0.0008467255735107529
390,695,305,0.305,0.0006560207869362529
320,660,340,0.34,0.0005298786136036994
358,679,321,0.321,0.0008571714960918371
384,692,308,0.308,0.0005893419991843131
384,692,308,0.308,0.000343242094056535
410,705,295,0.295,0.0007489353228142761
348,674,326,0.326,0.000495102246719469
308,654,346,0.346,0.0006158516322887806
340,670,330,0.33,0.0006996643413264393
370,685,315,0.315,0.00044829760183462495
334,667,333,0.333,0.0005145956045799807
416,708,292,0.292,0.0006408667058324511
380,690,310,0.31,0.0006021162808243475
404,702,298,0.298,0.0006747956307272602
392,696,304,0.304,0.0005195438533523599
344,672,328,0.328,0.00047572862964618423
424,712,288,0.288,0.0007322310090403334
298,649,351,0.351,0.00045354942165562305
404,702,298,0.298,0.000489266412723623
314,657,343,0.343,0.0005199364582760211
330,665,335,0.335,0.0003662530114364557
312,656,344,0.344,0.00040186111717284233
340,670,330,0.33,0.0005933092239331899
332,666,334,0.334,0.0006240852522111737
324,662,338,0.338,0.0007027122276923166
368,684,316,0.316,0.0006529269952049077
354,677,323,0.323,0.0004708698034125973
390,695,305,0.305,0.00048648505235652806
388,694,306,0.306,0.0007319250073030474
396,698,302,0.302,0.0006525763391459094
388,694,306,0.306,0.0005172496042008276
356,678,322,0.322,0.000601107997175987
410,705,295,0.295,0.0004599214418526429
376,688,312,0.312,0.0005018863873480797
312,656,344,0.344,0.0005795273034198374
400,700,300,0.3,0.00047468869441817673
294,647,353,0.353,0.0005983363181700128
328,664,336,0.336,0.0005454281990844265
344,672,328,0.328,0.0006169296490435983
376,688,312,0.312,0.000632461969777026
422,711,289,0.289,0.0005140697227113549
372,686,314,0.314,0.0004930371584298996
432,716,284,0.284,0.00043820608008292083
382,691,309,0.309,0.00043589960191097533
328,664,336,0.336,0.0006075216958306271
360,680,320,0.32,0.0006247816611775932
416,708,292,0.292,0.0006079148426870943
354,677,323,0.323,0.0003479302815988632
362,681,319,0.319,0.0004632924561155107
398,699,301,0.301,0.00042558499802059657
422,711,289,0.289,0.000460072051368968
374,687,313,0.313,0.0003640618647473985
408,704,296,0.296,0.00039077576056038767
368,684,316,0.316,0.0002707326252135829
380,690,310,0.31,0.00039998329616553006
380,690,310,0.31,0.000343775288624343
292,646,354,0.354,0.00031776575548842347
398,699,301,0.301,0.00035449689017885076
430,715,285,0.285,0.00030967952183466704
366,683,317,0.317,0.0004100626640411775
396,698,302,0.302,0.0003443715159774712
410,705,295,0.295,0.00030983926015868237
336,668,332,0.332,0.0003478785825988524
338,669,331,0.331,0.0004956980222746665
380,690,310,0.31,0.0006681414654720044
290,645,355,0.355,0.0007246644185414794
386,693,307,0.307,0.00042453205529392334
326,663,337,0.337,0.0004140387474412961
362,681,319,0.319,0.0003886155753042431
314,657,343,0.343,0.0006255803274437568
418,709,291,0.291,0.0006753092035515067
322,661,339,0.339,0.00044463557932223805
404,702,298,0.298,0.0004826961778728247
406,703,297,0.297,0.0007718602140183606
348,674,326,0.326,0.0008522736452873687
368,684,316,0.316,0.0007085542157666112
340,670,330,0.33,0.0007667906368038046
334,667,333,0.333,0.0009561724948934369
390,695,305,0.305,0.0007633010645211015
326,663,337,0.337,0.0009326080751252022
406,703,297,0.297,0.0004500572202736493
370,685,315,0.315,0.0005924584560567894
364,682,318,0.318,0.0005111478096460332
400,700,300,0.3,0.0005677849041608028
342,671,329,0.329,0.0007338871830908431
348,674,326,0.326,0.0005476375262364996
382,691,309,0.309,0.0005574577586568949
336,668,332,0.332,0.0004795863154869409
360,680,320,0.32,0.0005025199030055347
378,689,311,0.311,0.0006901566409995042
334,667,333,0.333,0.00045400410192161187
362,681,319,0.319,0.0006083776867594537
354,677,323,0.323,0.0004095457854114954
310,655,345,0.345,0.0003492311793067131
394,697,303,0.303,0.00043537793126265003
376,688,312,0.312,0.000450721045587926
416,708,292,0.292,0.00035702264564719144
366,683,317,0.317,0.00046379945863948537
388,694,306,0.306,0.0004799558853021324
386,693,307,0.307,0.00035211411864693787
336,668,332,0.332,0.0003796549636117277
360,680,320,0.32,0.000375357799467821
390,695,305,0.305,0.0004261944046043453
392,696,304,0.304,0.0005349079745260922
394,697,303,0.303,0.000509889580933475
372,686,314,0.314,0.00039981997991444016
416,708,292,0.292,0.0005084980545521204
388,694,306,0.306,0.0005236621483493877
360,680,320,0.32,0.0003001255914885661
432,716,284,0.284,0.0003011226558021605
330,665,335,0.335,0.000732742860658277
364,682,318,0.318,0.0003409790283777738
330,665,335,0.335,0.00039439034211224565
346,673,327,0.327,0.0006859813853252348
332,666,334,0.334,0.0004267007675910435
428,714,286,0.286,0.0005439406094135109
356,678,322,0.322,0.0003913891219348642
394,697,303,0.303,0.0003219741451650151
392,696,304,0.304,0.000553626873977791
398,699,301,0.301,0.0004097936168026166
412,706,294,0.294,0.0003446094928869883
352,676,324,0.324,0.0009464784115835414
372,686,314,0.314,0.0006512117533767708
308,654,346,0.346,0.0005349802579281686
420,710,290,0.29,0.0007823262548577219
364,682,318,0.318,0.0003920834682880212
360,680,320,0.32,0.0005614805339353666
326,663,337,0.337,0.0004986619141585038
330,665,335,0.335,0.0006964230232091069
364,682,318,0.318,0.0004682958891003608
386,693,307,0.307,0.00031151837303934827
410,705,295,0.295,0.00047236323073121864
324,662,338,0.338,0.00038687255107144837
346,673,327,0.327,0.0005255152620537302
368,684,316,0.316,0.0005649292747920924
408,704,296,0.296,0.0004156157025617375
430,715,285,0.285,0.00043651825328218765
430,715,285,0.285,0.0004420731995060976
294,647,353,0.353,0.00047522567443850506
330,665,335,0.335,0.000515965245740162
390,695,305,0.305,0.0005383979517036579
468,734,266,0.266,0.00043072612347455673
358,679,321,0.321,0.0004303040950257611
312,656,344,0.344,0.0005218686133323018
416,708,292,0.292,0.00032491562892236916
372,686,314,0.314,0.0003421793625981877
358,679,321,0.321,0.0004996336348005173
406,703,297,0.297,0.0006182318503362296
330,665,335,0.335,0.0005296219951431596
404,702,298,0.298,0.00047149364993511253
402,701,299,0.299,0.00045710144489665084
344,672,328,0.328,0.0004544967099819388
390,695,305,0.305,0.00043678510387684357
340,670,330,0.33,0.00031299025916452195
348,674,326,0.326,0.0004942164019544464
340,670,330,0.33,0.0005121747203547926
390,695,305,0.305,0.0004921496426265434
386,693,307,0.307,0.0003234106335093685
384,692,308,0.308,0.00043357042101121123
388,694,306,0.306,0.0006097346242824671
362,681,319,0.319,0.0006327293010498494
372,686,314,0.314,0.00038122130847472135
430,715,285,0.285,0.00037931609037487136
394,697,303,0.303,0.00034125570527989167
336,668,332,0.332,0.00038948789485512234
404,702,298,0.298,0.00030696519275620913
358,679,321,0.321,0.0006735113661097501
390,695,305,0.305,0.0004976939307106676
370,685,315,0.315,0.0003555237595834058
450,725,275,0.275,0.0005001387529009236
374,687,313,0.313,0.00045711090926064913
348,674,326,0.326,0.0005507522307259762
350,675,325,0.325,0.00047839225104384295
352,676,324,0.324,0.0005571790610601113
350,675,325,0.325,0.00047102522026499117
358,679,321,0.321,0.0004433443596853124
398,699,301,0.301,0.00037302917195725625
294,647,353,0.353,0.000763239909943934
338,669,331,0.331,0.0005964420707652209
364,682,318,0.318,0.0005230445019387559
416,708,292,0.292,0.0005966030041458623
390,695,305,0.305,0.00065085630649763
418,709,291,0.291,0.00047710782271150265
338,669,331,0.331,0.0009145622306710237
358,679,321,0.321,0.0006685719913613752
438,719,281,0.281,0.00048595492870232704
436,718,282,0.282,0.0006105540733910573
344,672,328,0.328,0.0006136930759650027
420,710,290,0.29,0.0003499470551607828
418,709,291,0.291,0.00024203746128145554
364,682,318,0.318,0.00041542662165829823
336,668,332,0.332,0.0003783889822262978
348,674,326,0.326,0.0006231558470148996
420,710,290,0.29,0.00043754484575978837
358,679,321,0.321,0.00035337173272131396
370,685,315,0.315,0.0005482282811922659
360,680,320,0.32,0.0004130922318107082
324,662,338,0.338,0.0003497791078151522
370,685,315,0.315,0.0005532032159828902
330,665,335,0.335,0.0006039467975372901
374,687,313,0.313,0.0005575800044104682
382,691,309,0.309,0.00029812728488951733
410,705,295,0.295,0.00047839609661301096
376,688,312,0.312,0.0003872517327197329
382,691,309,0.309,0.0005212464829447896
378,689,311,0.311,0.00044237080160012
340,670,330,0.33,0.000447584661412634
358,679,321,0.321,0.0003931149871617521
372,686,314,0.314,0.0004348173423622228
294,647,353,0.353,0.0005974082007982418
282,641,359,0.359,0.00040136181434240827
352,676,324,0.324,0.0006335367796942251
448,724,276,0.276,0.00045224504293369706
288,644,356,0.356,0.0004662246394780993
442,721,279,0.279,0.0004421160657530123
376,688,312,0.312,0.0005679458526146703
376,688,312,0.312,0.0006303568096052459
370,685,315,0.315,0.0007128898956004832
364,682,318,0.318,0.0005103991960837106
350,675,325,0.325,0.0003657711027678232
306,653,347,0.347,0.0007204944809644615
394,697,303,0.303,0.0006239863222210999
328,664,336,0.336,0.0008963581261837845
394,697,303,0.303,0.0003891359656344662
318,659,341,0.341,0.0009038258548159633
332,666,334,0.334,0.0010383789633691691
414,707,293,0.293,0.0007684598167781758
368,684,316,0.316,0.0007886297036607743
376,688,312,0.312,0.0006583179195105657
328,664,336,0.336,0.001162123483555476
396,698,302,0.302,0.00074143518667519
352,676,324,0.324,0.0008742601079950418
386,693,307,0.307,0.0009335740508140447
388,694,306,0.306,0.0006867349299852492
318,659,341,0.341,0.0007781644763933003
402,701,299,0.299,0.0008108232260043877
390,695,305,0.305,0.0006169365801807629
370,685,315,0.315,0.0007889289330246356
328,664,336,0.336,0.000600741142025484
354,677,323,0.323,0.0006953231823207489
388,694,306,0.306,0.0009976392255256314
358,679,321,0.321,0.0006385876914955162
322,661,339,0.339,0.0005781611578959201
382,691,309,0.309,0.0006523968376675811
358,679,321,0.321,0.0006081112839929119
360,680,320,0.32,0.0008097738178949499
332,666,334,0.334,0.000573926488054596
396,698,302,0.302,0.0005908652574318865
404,702,298,0.298,0.0003580389343699011
378,689,311,0.311,0.0005780849635804941
422,711,289,0.289,0.000503636962808855
356,678,322,0.322,0.0006637398247719943
326,663,337,0.337,0.000784107026726744
336,668,332,0.332,0.0006171620539297464
380,690,310,0.31,0.0004079710149558764
372,686,314,0.314,0.0005659867353160592
390,695,305,0.305,0.0004986182682853552
340,670,330,0.33,0.0007865624273518534
372,686,314,0.314,0.0005146385306693304
402,701,299,0.299,0.0004877828858246147
336,668,332,0.332,0.0004977657889730267
304,652,348,0.348,0.0005599849763823954
328,664,336,0.336,0.0005734904778490914
352,676,324,0.324,0.0006993947569061589
354,677,323,0.323,0.0008028796970938998
368,684,316,0.316,0.0006813368987094179
348,674,326,0.326,0.0009289307685678381
354,677,323,0.323,0.0009112788743858147
400,700,300,0.3,0.000747426957190882
330,665,335,0.335,0.0006553596385464004
342,671,329,0.329,0.0007245589688847076
372,686,314,0.314,0.0006291140126208888
372,686,314,0.314,0.0005638088557718817
374,687,313,0.313,0.0006478664818443463
366,683,317,0.317,0.000630057717516749
380,690,310,0.31,0.0005999611386082648
386,693,307,0.307,0.0005994890186132693
312,656,344,0.344,0.0006927142833009157
358,679,321,0.321,0.0006216956979263415
400,700,300,0.3,0.0008407001033245222
352,676,324,0.324,0.0007587069765052945
348,674,326,0.326,0.0008491882992868795
378,689,311,0.311,0.0006417361209387735
374,687,313,0.313,0.000513619635358296
426,713,287,0.287,0.0006840818300779005
330,665,335,0.335,0.0006889477625316686
346,673,327,0.327,0.0007512290367674268
416,708,292,0.292,0.0004525042630010461
352,676,324,0.324,0.0006325273860557843
320,660,340,0.34,0.000647830661010076
380,690,310,0.31,0.0005299693647236126
322,661,339,0.339,0.00048586712026906295
376,688,312,0.312,0.0007308524733089286
344,672,328,0.328,0.0008908728299944925
344,672,328,0.328,0.0005997414281360988
380,690,310,0.31,0.0011222025795096329
378,689,311,0.311,0.0007753468253201135
372,686,314,0.314,0.0007147271212558621
332,666,334,0.334,0.0008222072993964957
368,684,316,0.316,0.0007556320412504078
396,698,302,0.302,0.0008809731256025941
360,680,320,0.32,0.000788285781487815
398,699,301,0.301,0.0009536985561783808
392,696,304,0.304,0.0011140610846939864
386,693,307,0.307,0.0007397254276694696
324,662,338,0.338,0.0004646177851734166
344,672,328,0.328,0.0008715174927328206
372,686,314,0.314,0.0006015102134807364
376,688,312,0.312,0.0004071477204264937
406,703,297,0.297,0.0005695927624827703
424,712,288,0.288,0.0004967493462542478
320,660,340,0.34,0.0007247430355002536
438,719,281,0.281,0.0002810273135465877
426,713,287,0.287,0.00027728671962508144
384,692,308,0.308,0.0003320777550375169
350,675,325,0.325,0.0003842515125658821
350,675,325,0.325,0.00040813629559129083
358,679,321,0.321,0.0003890388722933267
388,694,306,0.306,0.00045810359121270495
392,696,304,0.304,0.00042747893938469873
406,703,297,0.297,0.0005466686440655479
402,701,299,0.299,0.00042460156096551317
308,654,346,0.346,0.000552202707482067
326,663,337,0.337,0.0005291315080616812
328,664,336,0.336,0.0005525529947989725
342,671,329,0.329,0.0005590738106339188
346,673,327,0.327,0.0006163150450524313
388,694,306,0.306,0.0004830910390734289
348,674,326,0.326,0.0005832651765842484
372,686,314,0.314,0.0007626650018004427
336,668,332,0.332,0.0004984633432851809
458,729,271,0.271,0.0005312103450169872
370,685,315,0.315,0.0005656799050231883
370,685,315,0.315,0.0005569646014824912
396,698,302,0.302,0.0005728259464596022
288,644,356,0.356,0.0005844283695168855
378,689,311,0.311,0.0005437757503943175
440,720,280,0.28,0.0003738796163909797
414,707,293,0.293,0.00031472271885296264
352,676,324,0.324,0.0005333813576734486
320,660,340,0.34,0.00045942103887502126
398,699,301,0.301,0.0006784288022742117
324,662,338,0.338,0.000487170290996616
394,697,303,0.303,0.00047569879176786854
386,693,307,0.307,0.000331909851455606
348,674,326,0.326,0.0005215610179880059
366,683,317,0.317,0.00034901846497518817
380,690,310,0.31,0.0007045429565794165
384,692,308,0.308,0.0006437758719629301
412,706,294,0.294,0.00039955507589277774
300,650,350,0.35,0.00043771136698757116
436,718,282,0.282,0.00044317487143844404
344,672,328,0.328,0.0004068718147834858
428,714,286,0.286,0.0004930492404793369
388,694,306,0.306,0.0003534936171080005
372,686,314,0.314,0.0005000072248489005
378,689,311,0.311,0.00036975159174902216
370,685,315,0.315,0.0005048118928142174
336,668,332,0.332,0.0007157315716546009
372,686,314,0.314,0.0005497694558069952
352,676,324,0.324,0.0005615241147474847
362,681,319,0.319,0.0004303821759864519
342,671,329,0.329,0.0004337287222413408
366,683,317,0.317,0.0006146514528524279
382,691,309,0.309,0.0004992110394139643
436,718,282,0.282,0.0003429321918132899
352,676,324,0.324,0.0006096935142551132
398,699,301,0.301,0.0006344189097631556
408,704,296,0.296,0.0005082733208715666
404,702,298,0.298,0.00045420147614215977
364,682,318,0.318,0.000673175148776707
352,676,324,0.324,0.0004808713166620606
390,695,305,0.305,0.0007345139262240252
354,677,323,0.323,0.0005299003296222082
384,692,308,0.308,0.0006882314532686848
350,675,325,0.325,0.0004914235347982014
356,678,322,0.322,0.0004445384818060347
402,701,299,0.299,0.000404438068877667
350,675,325,0.325,0.000519144326831352
430,715,285,0.285,0.0003316122839397195
342,671,329,0.329,0.0004159838822195781
340,670,330,0.33,0.00039167109696843736
418,709,291,0.291,0.0004168629690211816
408,704,296,0.296,0.0004561192151741551
404,702,298,0.298,0.00037858930750044804
360,680,320,0.32,0.00032684787481650804
368,684,316,0.316,0.00040501790691381247
380,690,310,0.31,0.00042531683774606676
372,686,314,0.314,0.0004086406738873336
300,650,350,0.35,0.0007197110365144539
436,718,282,0.282,0.00047824052260212114
342,671,329,0.329,0.0005966608790819663
340,670,330,0.33,0.0005111225829867295
364,682,318,0.318,0.00044362797048643187
404,702,298,0.298,0.00043368204855285343
376,688,312,0.312,0.00048778701903181345
392,696,304,0.304,0.0006097608120741142
384,692,308,0.308,0.0005861766451424871
346,673,327,0.327,0.0007825474163845314
388,694,306,0.306,0.0006732278757869637
366,683,317,0.317,0.0006048783614703125
352,676,324,0.324,0.000498055003689629
332,666,334,0.334,0.00046271788083799946
458,729,271,0.271,0.0006020023263171055
364,682,318,0.318,0.0006585750318992325
400,700,300,0.3,0.0005228704915270015
392,696,304,0.304,0.0007634133320055838
366,683,317,0.317,0.0005699506822892602
338,669,331,0.331,0.0005578329407830438
370,685,315,0.315,0.0005190555702020135
382,691,309,0.309,0.0006185739458292829
312,656,344,0.344,0.0004840715922390899
368,684,316,0.316,0.0004689286241655708
316,658,342,0.342,0.00044367565828257226
414,707,293,0.293,0.00039211080159567757
352,676,324,0.324,0.0006617668988419325
336,668,332,0.332,0.0007058238524648174
416,708,292,0.292,0.0005993280951337852
378,689,311,0.311,0.0006647881755861391
368,684,316,0.316,0.0007709818623870177
416,708,292,0.292,0.000508731382312277
330,665,335,0.335,0.000937334344758682
370,685,315,0.315,0.0007180007915755624
344,672,328,0.328,0.0007063065286984341
380,690,310,0.31,0.00045547076647214625
400,700,300,0.3,0.00038608180038710314
282,641,359,0.359,0.00025081905279080276
422,711,289,0.289,0.00045170877666058116
412,706,294,0.294,0.0004963384877163293
360,680,320,0.32,0.00044091597380037226
320,660,340,0.34,0.000555889482272093
458,729,271,0.271,0.00048226194665254243
390,695,305,0.305,0.0005049706193295833
376,688,312,0.312,0.0004246686333206782
324,662,338,0.338,0.000516008496104277
398,699,301,0.301,0.0005345485371296093
382,691,309,0.309,0.0004277199278135697
378,689,311,0.311,0.0005455379970921115
346,673,327,0.327,0.0005097688415422254
392,696,304,0.304,0.0003754456335833396
402,701,299,0.299,0.00041599868138263217
424,712,288,0.288,0.00037416397339490006
406,703,297,0.297,0.00045358283322291016
408,704,296,0.296,0.0005531238705931116
384,692,308,0.308,0.0002858799546797144
466,733,267,0.267,0.00035915498135140924
346,673,327,0.327,0.0003317983956114006
368,684,316,0.316,0.0004561124248152737
328,664,336,0.336,0.0004308490108883518
292,646,354,0.354,0.00047870310173415477
328,664,336,0.336,0.0007726084119663454
374,687,313,0.313,0.000411516418925558
338,669,331,0.331,0.0005251493882205693
350,675,325,0.325,0.0004806148083166306
418,709,291,0.291,0.0005887681998674594
360,680,320,0.32,0.0004834697420557319
352,676,324,0.324,0.0003421394507916489
326,663,337,0.337,0.0005782611536007352
360,680,320,0.32,0.0004929818648554943
386,693,307,0.307,0.00047285281770710695
342,671,329,0.329,0.0005013837128688579
344,672,328,0.328,0.0006580273541942745
300,650,350,0.35,0.0006545761780261045
446,723,277,0.277,0.0006302354392775698
416,708,292,0.292,0.0007157007011853693
424,712,288,0.288,0.0007146183020347365
336,668,332,0.332,0.0006101624792155036
348,674,326,0.326,0.0006360908542500709
328,664,336,0.336,0.0005869774294880869
398,699,301,0.301,0.0005700424623604335
358,679,321,0.321,0.0004956642006228264
418,709,291,0.291,0.000493695805465407
380,690,310,0.31,0.0004520334127663261
390,695,305,0.305,0.00033862258523630827
354,677,323,0.323,0.0005885113965705813
426,713,287,0.287,0.0004004637544258145
310,655,345,0.345,0.00038309485829360313
446,723,277,0.277,0.0006719799050648305
314,657,343,0.343,0.000529561163081226
312,656,344,0.344,0.0006187184178614444
334,667,333,0.333,0.0005080764741109647
406,703,297,0.297,0.00046151576031753903
408,704,296,0.296,0.0004002938630420374
364,682,318,0.318,0.0005165435376058696
354,677,323,0.323,0.0006899042618871789
402,701,299,0.299,0.0005744797976213363
394,697,303,0.303,0.0005372053897673226
340,670,330,0.33,0.0005982830425160017
414,707,293,0.293,0.0004988107216407798
408,704,296,0.296,0.00047158648549982727
424,712,288,0.288,0.00041262449580679574
392,696,304,0.304,0.0003671665062499869
282,641,359,0.359,0.00042047020676605484
400,700,300,0.3,0.0004784097826123599
388,694,306,0.306,0.0005377040387641898
378,689,311,0.311,0.00048279670081944915
380,690,310,0.31,0.0004670343132149384
368,684,316,0.316,0.00040986936713049716
296,648,352,0.352,0.00041310926486735867
370,685,315,0.315,0.000524777755842436
310,655,345,0.345,0.0005220826507619734
398,699,301,0.301,0.00033671901372487413
366,683,317,0.317,0.0007566752507012779
374,687,313,0.313,0.00041543369994118963
358,679,321,0.321,0.00042182977551929925
388,694,306,0.306,0.0004759972191090895
404,702,298,0.298,0.00043980470285669073
374,687,313,0.313,0.0006505945791398204
370,685,315,0.315,0.0005561231080828577
364,682,318,0.318,0.00059158204605842
368,684,316,0.316,0.0005827835192526436
358,679,321,0.321,0.00044601595711139905
388,694,306,0.306,0.0007291733881127697
376,688,312,0.312,0.0005137804466860842
408,704,296,0.296,0.0006028759579484131
338,669,331,0.331,0.00046403109340965897
340,670,330,0.33,0.0005744244462789396
386,693,307,0.307,0.0006660382734132497
332,666,334,0.334,0.00038319918865980184
382,691,309,0.309,0.0005768433243238036
322,661,339,0.339,0.000451346378084466
330,665,335,0.335,0.0003631437734928937
332,666,334,0.334,0.0005710155617523469
414,707,293,0.293,0.0005777339828983514
334,667,333,0.333,0.0006579299504253981
356,678,322,0.322,0.0008309951973891856
368,684,316,0.316,0.0005940026138365085
378,689,311,0.311,0.000606214393292234
352,676,324,0.324,0.0005786435256882215
398,699,301,0.301,0.0005848828369739038
382,691,309,0.309,0.000597198733910659
368,684,316,0.316,0.0006678256384161045
394,697,303,0.303,0.0005482030765563479
378,689,311,0.311,0.0005041753910939804
318,659,341,0.341,0.0005503417085403299
330,665,335,0.335,0.0006489899073581
348,674,326,0.326,0.00037990786744200025
264,632,368,0.368,0.000529262274076089
382,691,309,0.309,0.00041840041250424065
328,664,336,0.336,0.00041947721051795384
376,688,312,0.312,0.0004587611087281687
362,681,319,0.319,0.0003025819061858499
362,681,319,0.319,0.00040307743595766965
372,686,314,0.314,0.00042583184939854845
358,679,321,0.321,0.00039836526593384745
358,679,321,0.321,0.0006814463305540812
320,660,340,0.34,0.0006076125821133331
376,688,312,0.312,0.0005383352318863501
420,710,290,0.29,0.0005489507381497986
362,681,319,0.319,0.0006242869212274087
314,657,343,0.343,0.0006170964549883564
390,695,305,0.305,0.00039442933519893584
360,680,320,0.32,0.0003704400470463156
408,704,296,0.296,0.00045208525834365785
400,700,300,0.3,0.0006369069433817884
378,689,311,0.311,0.0005974610064727415
378,689,311,0.311,0.00044614992568875776
374,687,313,0.313,0.0003466783311994561
362,681,319,0.319,0.00039359137842888
374,687,313,0.313,0.00034246736241836116
336,668,332,0.332,0.00039745741162280977
324,662,338,0.338,0.0004887012554804642
352,676,324,0.324,0.0005245784488646308
358,679,321,0.321,0.0006081086715228565
430,715,285,0.285,0.0005610958930475221
396,698,302,0.302,0.0005239371830930679
334,667,333,0.333,0.0004971632696957045
348,674,326,0.326,0.0006751538644194426
394,697,303,0.303,0.0006069226788044091
394,697,303,0.303,0.0004843674417521839
338,669,331,0.331,0.0007606786662072409
384,692,308,0.308,0.0004580209089422596
370,685,315,0.315,0.0004325153857612207
382,691,309,0.309,0.0005014158204473915
336,668,332,0.332,0.00046311134541248577
386,693,307,0.307,0.0005071924585226952
368,684,316,0.316,0.0006860517342141889
320,660,340,0.34,0.0006797193186012293
402,701,299,0.299,0.0005752466859773051
384,692,308,0.308,0.00042424903636079135
366,683,317,0.317,0.000534276201202502
406,703,297,0.297,0.0004445164754699249
348,674,326,0.326,0.00046055391365533183
318,659,341,0.341,0.0005339690769482388
372,686,314,0.314,0.000407595999237131
348,674,326,0.326,0.0006665833340081378
356,678,322,0.322,0.0006000772854773118
352,676,324,0.324,0.0005356609621623818
410,705,295,0.295,0.000661448798674698
396,698,302,0.302,0.0005284600662157431
374,687,313,0.313,0.0006949369898345594
332,666,334,0.334,0.0004889187414306378
324,662,338,0.338,0.0004489044067449157
398,699,301,0.301,0.0007080515118755386
362,681,319,0.319,0.0005676984535991778
330,665,335,0.335,0.0009589330289414307
342,671,329,0.329,0.0005998819989110018
336,668,332,0.332,0.0011588013728193686
320,660,340,0.34,0.0006476798047625607
342,671,329,0.329,0.0008344631202955099
310,655,345,0.345,0.0007001308690529698
366,683,317,0.317,0.0008193632880271338
370,685,315,0.315,0.0008498978283372622
426,713,287,0.287,0.0007348221866809581
370,685,315,0.315,0.0008378032777394822
396,698,302,0.302,0.0006140645114235923
394,697,303,0.303,0.0008240994958984089
334,667,333,0.333,0.0007863717182099492
374,687,313,0.313,0.0006565163682683419
378,689,311,0.311,0.0006800047224345888
302,651,349,0.349,0.000976593760763393
392,696,304,0.304,0.0007703438289294269
358,679,321,0.321,0.0004993620979463031
362,681,319,0.319,0.0009336097130843655
434,717,283,0.283,0.0006853626397829942
402,701,299,0.299,0.0007448873017844448
402,701,299,0.299,0.0003691297113359724
350,675,325,0.325,0.0005153245908345526
308,654,346,0.346,0.0006458785173446983
330,665,335,0.335,0.00053222220369274
320,660,340,0.34,0.0005880549682325977
392,696,304,0.304,0.0007538258337736181
368,684,316,0.316,0.0005215132942865069
294,647,353,0.353,0.0005917671566847246
376,688,312,0.312,0.0007837143907095907
316,658,342,0.342,0.0005197839638128698
338,669,331,0.331,0.0006832267499252111
394,697,303,0.303,0.000652724944739191
398,699,301,0.301,0.0004896026085574903
430,715,285,0.285,0.0006459366363178418
346,673,327,0.327,0.000706312538882969
350,675,325,0.325,0.0005480021285582098
392,696,304,0.304,0.0006142823727966089
326,663,337,0.337,0.0007146857143438723
390,695,305,0.305,0.0006981522560495251
352,676,324,0.324,0.0005855543479556929
406,703,297,0.297,0.0005199728088130655
340,670,330,0.33,0.0007641639741344193
368,684,316,0.316,0.000613343040770701
352,676,324,0.324,0.0006543251903403729
340,670,330,0.33,0.0004269979739684544
394,697,303,0.303,0.00047198514505404887
350,675,325,0.325,0.0006248540031860017
364,682,318,0.318,0.0005615268664707429
334,667,333,0.333,0.0006360394531862
332,666,334,0.334,0.0007783023812249468
390,695,305,0.305,0.000448003434383665
336,668,332,0.332,0.0006375278838345082
296,648,352,0.352,0.0006349032828151024
390,695,305,0.305,0.000642873943166677
368,684,316,0.316,0.0007332381082275106
338,669,331,0.331,0.0006686285797091216
396,698,302,0.302,0.0005525209697147062
400,700,300,0.3,0.0007406856741509103
368,684,316,0.316,0.0005065596881098031
382,691,309,0.309,0.0007422927944529504
376,688,312,0.312,0.0005477364329054808
386,693,307,0.307,0.0006516283456170981
338,669,331,0.331,0.0006458634700594103
334,667,333,0.333,0.0007111893212508278
366,683,317,0.317,0.0006946717818747316
418,709,291,0.291,0.0004285225511638515
388,694,306,0.306,0.0005531892729085399
414,707,293,0.293,0.0004739493735657021
354,677,323,0.323,0.0006442665062894264
366,683,317,0.317,0.0006170244009555291
388,694,306,0.306,0.00048809013696330793
326,663,337,0.337,0.0007234319516618513
352,676,324,0.324,0.0006136456559815429
414,707,293,0.293,0.0005686964057836548
358,679,321,0.321,0.0005375814443539895
352,676,324,0.324,0.0006908042561461513
442,721,279,0.279,0.0007254589571554106
396,698,302,0.302,0.0006240195428996316
346,673,327,0.327,0.0006134339803064392
422,711,289,0.289,0.0005945938806676026
290,645,355,0.355,0.0005233604585843637
416,708,292,0.292,0.0006698127440010352
382,691,309,0.309,0.0005541820150930903
404,702,298,0.298,0.0005550354155653139
370,685,315,0.315,0.00047867155641074534
426,713,287,0.287,0.00038987227213721097
412,706,294,0.294,0.0004021940042075016
404,702,298,0.298,0.00048327416586073466
404,702,298,0.298,0.0004060382148276176
340,670,330,0.33,0.0003700334529302012
296,648,352,0.352,0.00029775620181406734
350,675,325,0.325,0.0003820628036327207
416,708,292,0.292,0.00039573918279550924
296,648,352,0.352,0.000520996193947596
338,669,331,0.331,0.00034804401592140264
378,689,311,0.311,0.00048216754621114433
388,694,306,0.306,0.0004065738584496046
404,702,298,0.298,0.00047980517004845067
404,702,298,0.298,0.0004834604078660618
378,689,311,0.311,0.0004318402854260057
372,686,314,0.314,0.0005011531546864205
382,691,309,0.309,0.0004884567947751038
306,653,347,0.347,0.0004510074260267487
346,673,327,0.327,0.0003582229114335718
456,728,272,0.272,0.00034526872587512967
370,685,315,0.315,0.0004228926286375412
352,676,324,0.324,0.00044230898857044564
340,670,330,0.33,0.00048736544310008865
400,700,300,0.3,0.00036561424248827734
374,687,313,0.313,0.00041899059461646
396,698,302,0.302,0.0004555893258311414
416,708,292,0.292,0.00034298312758920704
364,682,318,0.318,0.00048806860757868265
352,676,324,0.324,0.00040760944376566497
434,717,283,0.283,0.0003665544882377105
302,651,349,0.349,0.0003480315451665916
390,695,305,0.305,0.0003769892553847427
352,676,324,0.324,0.000472733119920008
318,659,341,0.341,0.0004359416797815214
382,691,309,0.309,0.000473281281235856
364,682,318,0.318,0.0003627824671811197
378,689,311,0.311,0.0004528539773871643
358,679,321,0.321,0.0006671399100845008
288,644,356,0.356,0.0006680852060077598
388,694,306,0.306,0.0004791747713306478
410,705,295,0.295,0.0003424881771749142
406,703,297,0.297,0.00030860488794016305
358,679,321,0.321,0.0006010559532585518
354,677,323,0.323,0.0005474128734785211
380,690,310,0.31,0.00027611683851883127
390,695,305,0.305,0.0004024102179669313
414,707,293,0.293,0.00023784283892604207
402,701,299,0.299,0.00043528101130090133
350,675,325,0.325,0.0004918927885167932
370,685,315,0.315,0.0003381282244060202
328,664,336,0.336,0.0003280116818689294
416,708,292,0.292,0.00031880238643788064
366,683,317,0.317,0.00038425168647673045
360,680,320,0.32,0.0002239997770487463
362,681,319,0.319,0.0005095597213925203
362,681,319,0.319,0.000594781449386673
322,661,339,0.339,0.0002898492113833271
360,680,320,0.32,0.0003858554368462705
322,661,339,0.339,0.0005325420693392999
312,656,344,0.344,0.0006175906429408826
350,675,325,0.325,0.0004741383057746162
404,702,298,0.298,0.00042220835594960706
328,664,336,0.336,0.00040978656692898594
342,671,329,0.329,0.00041922709645986347
386,693,307,0.307,0.0006323257861040048
422,711,289,0.289,0.0005726528760826568
368,684,316,0.316,0.00044068715639525633
368,684,316,0.316,0.0006363678971906524
368,684,316,0.316,0.0004960381180708709
374,687,313,0.313,0.0005298906908513032
352,676,324,0.324,0.0003887603252077412
390,695,305,0.305,0.0003345724553873026
352,676,324,0.324,0.0004421819651082899
378,689,311,0.311,0.00043260056267337176
398,699,301,0.301,0.0005071665240033525
360,680,320,0.32,0.0004686529954717713
386,693,307,0.307,0.0004458088371594329
302,651,349,0.349,0.0003687871620606273
338,669,331,0.331,0.00040617957909489633
374,687,313,0.313,0.00045082537720467995
370,685,315,0.315,0.0003404794229920896
404,702,298,0.298,0.0002946742825725721
368,684,316,0.316,0.00044424824721161826
332,666,334,0.334,0.0004089209409101073
340,670,330,0.33,0.0003501990526825125
356,678,322,0.322,0.00041402426398454395
358,679,321,0.321,0.0006112675272496944
362,681,319,0.319,0.00044256096005153723
334,667,333,0.333,0.0004938526078597647
390,695,305,0.305,0.0005525216666706285
344,672,328,0.328,0.0004338165326508232
406,703,297,0.297,0.00044683747322564216
366,683,317,0.317,0.0005176276257073198
398,699,301,0.301,0.000452404547766406
370,685,315,0.315,0.00040841080108673113
326,663,337,0.337,0.00038552113997424443
380,690,310,0.31,0.0004233459337524721
400,700,300,0.3,0.0003579201350644183
400,700,300,0.3,0.00031690741678102084
386,693,307,0.307,0.00045364805740364034
356,678,322,0.322,0.00035263786463717397
342,671,329,0.329,0.00053379632908171
354,677,323,0.323,0.00040508325867088504
288,644,356,0.356,0.00040672643159594203
336,668,332,0.332,0.00034243979646592494
388,694,306,0.306,0.0003825468085094741
324,662,338,0.338,0.000662928566974287
354,677,323,0.323,0.0005415463421452386
382,691,309,0.309,0.00042964343893510203
374,687,313,0.313,0.00036056947539024977
358,679,321,0.321,0.0006443525945077368
360,680,320,0.32,0.0005447498037439828
358,679,321,0.321,0.0005658245092350711
348,674,326,0.326,0.0006763150393134936
308,654,346,0.346,0.0006317452204426388
400,700,300,0.3,0.0005717638542518558
362,681,319,0.319,0.0005767371215270742
404,702,298,0.298,0.00043094694503361097
382,691,309,0.309,0.0007221021705607029
334,667,333,0.333,0.0004816203905886738
402,701,299,0.299,0.0005216832574299701
346,673,327,0.327,0.0006345153862396557
422,711,289,0.289,0.0004756598955382856
442,721,279,0.279,0.0005204807877628923
352,676,324,0.324,0.0006392432173265945
344,672,328,0.328,0.0005950751998430519
370,685,315,0.315,0.00043239879331351006
330,665,335,0.335,0.0005066674284988722
414,707,293,0.293,0.000487682329221883
390,695,305,0.305,0.00048284772144393173
354,677,323,0.323,0.0002949034585878678
422,711,289,0.289,0.00038802050705079695
304,652,348,0.348,0.00041109830881370615
340,670,330,0.33,0.0004444390587030398
324,662,338,0.338,0.0003309868038303989
352,676,324,0.324,0.0004463285244795685
420,710,290,0.29,0.0005313227456027505
396,698,302,0.302,0.0003100256179173044
366,683,317,0.317,0.000298296707719075
338,669,331,0.331,0.00029757123918203377
354,677,323,0.323,0.0004971439751084716
414,707,293,0.293,0.0003875562074020991
346,673,327,0.327,0.000310995862176398
410,705,295,0.295,0.00038949744954203423
350,675,325,0.325,0.00034368845084550517
370,685,315,0.315,0.0005014678045854737
352,676,324,0.324,0.0003216896115923902
384,692,308,0.308,0.0002993199235063315
352,676,324,0.324,0.0005050125186438521
384,692,308,0.308,0.0004928775852328471
346,673,327,0.327,0.0005846610028508791
328,664,336,0.336,0.0004104352550368446
394,697,303,0.303,0.0004973134034725035
366,683,317,0.317,0.0005566117874380438
366,683,317,0.317,0.0004168505399723017
398,699,301,0.301,0.00047071977960254683
320,660,340,0.34,0.00040260475698097767
380,690,310,0.31,0.0006124220674796419
326,663,337,0.337,0.000457932417654618
386,693,307,0.307,0.0002977411239929921
360,680,320,0.32,0.0002632026972003558
374,687,313,0.313,0.0003709863845349162
320,660,340,0.34,0.00046759911824607056
326,663,337,0.337,0.00037220682734408683
378,689,311,0.311,0.0004401691247481807
354,677,323,0.323,0.0004020415422995427
360,680,320,0.32,0.0002749695134959183
422,711,289,0.289,0.00031348060659144037
316,658,342,0.342,0.000362555187365885
400,700,300,0.3,0.0003762243382569608
336,668,332,0.332,0.00037363532711151494
284,642,358,0.358,0.00045223395238575394
354,677,323,0.323,0.00035807229846474795
358,679,321,0.321,0.0005563495810996244
406,703,297,0.297,0.0003669071681164837
308,654,346,0.346,0.00046009450350587147
346,673,327,0.327,0.0005205616607086228
420,710,290,0.29,0.00041489322727079523
404,702,298,0.298,0.00046634235538790846
378,689,311,0.311,0.0003686594399853647
394,697,303,0.303,0.0003784739073601457
404,702,298,0.298,0.00035423496472162695
322,661,339,0.339,0.0006276172284485995
394,697,303,0.303,0.00047368572516123206
470,735,265,0.265,0.0003418301428078934
356,678,322,0.322,0.0003872176852909064
360,680,320,0.32,0.0002912132267999965
392,696,304,0.304,0.0002497194899020343
380,690,310,0.31,0.00034023031358438514
394,697,303,0.303,0.00032039041130339286
368,684,316,0.316,0.0002575175835709018
426,713,287,0.287,0.0002053768773417346
354,677,323,0.323,0.0002535462995135731
396,698,302,0.302,0.00023141860878077126
358,679,321,0.321,0.00025184841605566533
334,667,333,0.333,0.00033631695663717667
394,697,303,0.303,0.00024787983607662054
384,692,308,0.308,0.0003097993731145863
376,688,312,0.312,0.00023262197306758026
306,653,347,0.347,0.0003876588946236268
366,683,317,0.317,0.0003279851776117084
366,683,317,0.317,0.000304318480785426
314,657,343,0.343,0.00031675113355983343
306,653,347,0.347,0.0003780578628656457
418,709,291,0.291,0.00039830546581073634
428,714,286,0.286,0.00048447108796794683
366,683,317,0.317,0.0005003419114837726
308,654,346,0.346,0.0004719214843393473
436,718,282,0.282,0.0005166725855710297
350,675,325,0.325,0.0005992684834445896
330,665,335,0.335,0.0006539917348246717
426,713,287,0.287,0.0004321858223404007
322,661,339,0.339,0.0005518458447232887
304,652,348,0.348,0.0005927163400462235
390,695,305,0.305,0.0006578735999789985
390,695,305,0.305,0.00045285565470430813
308,654,346,0.346,0.00040994225294548416
346,673,327,0.327,0.0005745797237396744
350,675,325,0.325,0.0005814940227128602
456,728,272,0.272,0.0003772676254819487
412,706,294,0.294,0.0002739270805227392
404,702,298,0.298,0.000454624210560155
400,700,300,0.3,0.00036470102620931753
372,686,314,0.314,0.00045423412592795386
288,644,356,0.356,0.0003261725125409498
306,653,347,0.347,0.0003636102779670978
376,688,312,0.312,0.0003520545366511385
346,673,327,0.327,0.0004128156712400681
394,697,303,0.303,0.00030909768341649623
398,699,301,0.301,0.0003892573762353777
398,699,301,0.301,0.0002968244069748636
374,687,313,0.313,0.00035495404482416856
300,650,350,0.35,0.0003285091787559651
380,690,310,0.31,0.00035535159840169685
348,674,326,0.326,0.00026873418000539575
420,710,290,0.29,0.00040253292413024156
292,646,354,0.354,0.00033935769480874
312,656,344,0.344,0.0005040118251896218
394,697,303,0.303,0.00047055008643337714
364,682,318,0.318,0.00035856763759221623
408,704,296,0.296,0.0005596406620092438
370,685,315,0.315,0.0005651381698928617
314,657,343,0.343,0.00046991464288950627
374,687,313,0.313,0.00037252009154113355
342,671,329,0.329,0.0006071480674486338
342,671,329,0.329,0.0005545056999922053
362,681,319,0.319,0.00043634794918530416
354,677,323,0.323,0.00037359087546472836
414,707,293,0.293,0.0006009707410386654
384,692,308,0.308,0.0005878943526351748
362,681,319,0.319,0.0004118624073766455
394,697,303,0.303,0.0004550756516603656
446,723,277,0.277,0.00060389041771532
362,681,319,0.319,0.0005236498497711466
382,691,309,0.309,0.0004886416858007436
314,657,343,0.343,0.0005021414003078206
370,685,315,0.315,0.0005422128393600758
390,695,305,0.305,0.0004023133950963711
380,690,310,0.31,0.00045493881091103103
410,705,295,0.295,0.0002744363399725671
378,689,311,0.311,0.0003605716309564713
368,684,316,0.316,0.0003690298334367981
360,680,320,0.32,0.0003203528379924876
346,673,327,0.327,0.0005659810712679843
380,690,310,0.31,0.00036773453461158567
424,712,288,0.288,0.00038248707029366356
386,693,307,0.307,0.0003783063468332699
406,703,297,0.297,0.0004302778242343379
354,677,323,0.323,0.0004590712051911936
374,687,313,0.313,0.000435990499702811
314,657,343,0.343,0.000363558135278808
396,698,302,0.302,0.00028731268894935624
288,644,356,0.356,0.0003146291096606291
422,711,289,0.289,0.0003698602868077927
374,687,313,0.313,0.0003358048869168613
368,684,316,0.316,0.0004192193076543163
362,681,319,0.319,0.000379384016138971
390,695,305,0.305,0.0004517051499712892
360,680,320,0.32,0.00035067236225913237
340,670,330,0.33,0.00040089151234869294
332,666,334,0.334,0.00038503697348160414
318,659,341,0.341,0.0004502456201697385
304,652,348,0.348,0.000522890277287786
456,728,272,0.272,0.000533732859768989
414,707,293,0.293,0.0004920796652574922
352,676,324,0.324,0.0005602439531622281
432,716,284,0.284,0.0004375047020258904
324,662,338,0.338,0.0007106312741308897
370,685,315,0.315,0.000536753155859941
382,691,309,0.309,0.00047730299114176944
414,707,293,0.293,0.000838027368027042
286,643,357,0.357,0.0005979783564229137
392,696,304,0.304,0.0004751688183213787
388,694,306,0.306,0.0005205088870541061
400,700,300,0.3,0.0006512229122565145
332,666,334,0.334,0.0004882573908304977
402,701,299,0.299,0.0004051239316450932
360,680,320,0.32,0.00047200421554605045
336,668,332,0.332,0.0005490678903961737
370,685,315,0.315,0.00038719559648092174
366,683,317,0.317,0.00038905237566469
366,683,317,0.317,0.00046684392271492925
376,688,312,0.312,0.0004918982192992019
384,692,308,0.308,0.0003464855701095928
396,698,302,0.302,0.00043364109163091766
376,688,312,0.312,0.0002929540207682777
424,712,288,0.288,0.0007155881517826401
392,696,304,0.304,0.00032716715564949086
328,664,336,0.336,0.0004924312791242471
400,700,300,0.3,0.0003190631924712477
406,703,297,0.297,0.0004689959258043217
354,677,323,0.323,0.00035337307198625466
370,685,315,0.315,0.0003620391443515274
362,681,319,0.319,0.00028998376470238443
368,684,316,0.316,0.0003601589390722779
342,671,329,0.329,0.0003443586392999265
352,676,324,0.324,0.00038029176678254826
354,677,323,0.323,0.0004733761059655137
322,661,339,0.339,0.0002742974272877916
340,670,330,0.33,0.0002975924732465387
444,722,278,0.278,0.000346333718416048
318,659,341,0.341,0.00032499016282571346
376,688,312,0.312,0.00033171951872293447
390,695,305,0.305,0.0003346592855427417
400,700,300,0.3,0.0004097110837961822
376,688,312,0.312,0.00048753427338840536
364,682,318,0.318,0.0002911889327665307
350,675,325,0.325,0.00048600504558926616
400,700,300,0.3,0.00043368186501182036
426,713,287,0.287,0.0002942818401419913
324,662,338,0.338,0.00029963343594053524
370,685,315,0.315,0.0002525124398720777
362,681,319,0.319,0.000273290951640206
368,684,316,0.316,0.00038380886529120064
320,660,340,0.34,0.00020638836664123517
362,681,319,0.319,0.00035869063122966337
330,665,335,0.335,0.00044078432066500285
432,716,284,0.284,0.00027664886624550886
410,705,295,0.295,0.0002500465340123128
346,673,327,0.327,0.00040148798861731904
438,719,281,0.281,0.0003167677129265485
342,671,329,0.329,0.0003396934372561162
362,681,319,0.319,0.00034887761555084753
356,678,322,0.322,0.00032360069560056104
422,711,289,0.289,0.0002727265080235668
424,712,288,0.288,0.00025198420378343654
342,671,329,0.329,0.00037329957463154526
356,678,322,0.322,0.00029404213772959054
398,699,301,0.301,0.0003018319856678744
366,683,317,0.317,0.00030314835261003735
388,694,306,0.306,0.000261662386624252
364,682,318,0.318,0.0003138484211560808
348,674,326,0.326,0.0005111166503059081
386,693,307,0.307,0.00043862559445287277
348,674,326,0.326,0.0005193987985161357
386,693,307,0.307,0.0003568930148788496
386,693,307,0.307,0.00040704035786517066
348,674,326,0.326,0.0005326527927077649
364,682,318,0.318,0.0004832233368687753
376,688,312,0.312,0.0004609358146577591
346,673,327,0.327,0.0005307255167393947
380,690,310,0.31,0.0005756648910455055
418,709,291,0.291,0.0003895083930234762
384,692,308,0.308,0.00043577429198001026
324,662,338,0.338,0.0006123270702319274
334,667,333,0.333,0.0003564327664975764
406,703,297,0.297,0.0005016876422010625
388,694,306,0.306,0.0004087103317820322
400,700,300,0.3,0.00028867350973364123
392,696,304,0.304,0.00032023110698351333
310,655,345,0.345,0.00048320660007235007
364,682,318,0.318,0.0004450721477201256
354,677,323,0.323,0.00045075924340363824
356,678,322,0.322,0.0005105237543384079
366,683,317,0.317,0.000591316183152074
362,681,319,0.319,0.0005649694735106437
446,723,277,0.277,0.0004989370048748469
316,658,342,0.342,0.00046749718473644466
326,663,337,0.337,0.0007121373142851155
346,673,327,0.327,0.0003939113353971493
346,673,327,0.327,0.0004797440151743757
314,657,343,0.343,0.00047167872683445466
404,702,298,0.298,0.0005490497592820418
356,678,322,0.322,0.0008014541738049842
288,644,356,0.356,0.0006826262511576715
398,699,301,0.301,0.0007760001448871777
422,711,289,0.289,0.0007493176119580198
348,674,326,0.326,0.0007212505883962876
322,661,339,0.339,0.0009569322725052558
384,692,308,0.308,0.0006124022983329099
416,708,292,0.292,0.0008279147972575629
364,682,318,0.318,0.0007533998967810476
412,706,294,0.294,0.0005423725122309407
402,701,299,0.299,0.0005426914863890602
372,686,314,0.314,0.0006156621333962988
392,696,304,0.304,0.0005338449933855713
278,639,361,0.361,0.000588284778857755
348,674,326,0.326,0.0004624516885239558
358,679,321,0.321,0.0006057862306211348
356,678,322,0.322,0.0006284025331741816
360,680,320,0.32,0.0004944237454062801
312,656,344,0.344,0.0005139010837561954
376,688,312,0.312,0.0005109500825872999
380,690,310,0.31,0.0005677458265297446
380,690,310,0.31,0.0005056054091629107
394,697,303,0.303,0.00040695763811369546
394,697,303,0.303,0.0004404739808846756
344,672,328,0.328,0.0003346604204826065
388,694,306,0.306,0.0004872548816696991
330,665,335,0.335,0.00040066572432453994
348,674,326,0.326,0.00034886656508224687
360,680,320,0.32,0.0003517892318461548
424,712,288,0.288,0.00042993965795486133
326,663,337,0.337,0.0004381048199078066
396,698,302,0.302,0.00046897376011770573
404,702,298,0.298,0.0005185236769650885
434,717,283,0.283,0.0003178557297344753
408,704,296,0.296,0.0005480968975306694
382,691,309,0.309,0.0004670585335986743
418,709,291,0.291,0.0003924950622883472
352,676,324,0.324,0.0004245207888108098
360,680,320,0.32,0.0003657744702444887
394,697,303,0.303,0.000546632631403483
374,687,313,0.313,0.0004886721554172198
354,677,323,0.323,0.00044339936664181324
358,679,321,0.321,0.0005323261933570223
294,647,353,0.353,0.00045434948911704965
394,697,303,0.303,0.0005048513304203652
338,669,331,0.331,0.0006727793837291216
372,686,314,0.314,0.0004582197195022104
298,649,351,0.351,0.0006853208537085891
338,669,331,0.331,0.0007684298535648395
408,704,296,0.296,0.0005719071433218516
434,717,283,0.283,0.000580728362951433
344,672,328,0.328,0.0005239115226755757
298,649,351,0.351,0.0007053972409415508
342,671,329,0.329,0.0006182134977123184
438,719,281,0.281,0.0005817168943108584
392,696,304,0.304,0.0004499605414250567
348,674,326,0.326,0.0005185254755553785
392,696,304,0.304,0.0005244936114566912
342,671,329,0.329,0.0005500335734004409
390,695,305,0.305,0.0005431169859185446
408,704,296,0.296,0.00058131034696558
310,655,345,0.345,0.0005861637706085929
348,674,326,0.326,0.0004610406494539205
320,660,340,0.34,0.00048367264095087136
310,655,345,0.345,0.00045599596925529793
242,621,379,0.379,0.000409254385007614
370,685,315,0.315,0.0006222709542041826
434,717,283,0.283,0.0004872539294535585
330,665,335,0.335,0.0004953146160780904
386,693,307,0.307,0.0006147186081018817
382,691,309,0.309,0.0004667129828652037
400,700,300,0.3,0.00038034187913898163
356,678,322,0.322,0.00047226212683357005
286,643,357,0.357,0.00044088591725076755
348,674,326,0.326,0.0006128534081050816
398,699,301,0.301,0.0005458446844804712
460,730,270,0.27,0.0006348860821939865
352,676,324,0.324,0.0005598804161032262
352,676,324,0.324,0.0006339774588267346
420,710,290,0.29,0.0005189464954938501
380,690,310,0.31,0.0003977416811451491
378,689,311,0.311,0.0004488786442084347
384,692,308,0.308,0.0005792454638414882
352,676,324,0.324,0.0004963648376657943
366,683,317,0.317,0.0004042078563859945
390,695,305,0.305,0.0003577467229357012
414,707,293,0.293,0.00034622129848912666
342,671,329,0.329,0.0004606648193413179
402,701,299,0.299,0.0004701051077113902
376,688,312,0.312,0.0003901187816016716
392,696,304,0.304,0.00041056698039179196
344,672,328,0.328,0.00038406449622877404
346,673,327,0.327,0.00044546408408422164
360,680,320,0.32,0.0004247807099050789
304,652,348,0.348,0.0004037315323347457
378,689,311,0.311,0.00042366460251147943
322,661,339,0.339,0.00039722113544083017
338,669,331,0.331,0.0004866763078405256
376,688,312,0.312,0.00045086521576513406
360,680,320,0.32,0.000473610128992604
396,698,302,0.302,0.0004223712934911674
374,687,313,0.313,0.00047855070565570656
366,683,317,0.317,0.000499074959593301
370,685,315,0.315,0.0005199468241887217
370,685,315,0.315,0.00036493218057923114
346,673,327,0.327,0.00045792280725190436
326,663,337,0.337,0.00046344192053651055
386,693,307,0.307,0.0004085267164798978
366,683,317,0.317,0.0006600337669141396
422,711,289,0.289,0.0004519661962527408
346,673,327,0.327,0.00047473686704680064
356,678,322,0.322,0.0002902083975842089
406,703,297,0.297,0.0004154055466876656
424,712,288,0.288,0.0004966764160374595
420,710,290,0.29,0.0004156665696312416
330,665,335,0.335,0.0003228393110999832
358,679,321,0.321,0.0003413415300366012
400,700,300,0.3,0.0004148637815684992
376,688,312,0.312,0.0003034503782246531
308,654,346,0.346,0.0003665203173356986
340,670,330,0.33,0.00039069886724713856
366,683,317,0.317,0.00043270686226686906
390,695,305,0.305,0.00032817716999011283
416,708,292,0.292,0.0003922566485935448
388,694,306,0.306,0.0004039179533226758
332,666,334,0.334,0.0004158615521170077
468,734,266,0.266,0.0005063901508080875
372,686,314,0.314,0.0004352373591679566
378,689,311,0.311,0.0003917469716113544
302,651,349,0.349,0.0004579664528356773
396,698,302,0.302,0.00035143620831223644
412,706,294,0.294,0.00036920335726448175
368,684,316,0.316,0.0003644352049413868
356,678,322,0.322,0.0003230153898759767
358,679,321,0.321,0.0005067649124434866
354,677,323,0.323,0.000299934237417105
364,682,318,0.318,0.0004453428713158729
346,673,327,0.327,0.0005024391227524348
338,669,331,0.331,0.00029869994583431493
402,701,299,0.299,0.000315114169280335
374,687,313,0.313,0.0002914756678396344
356,678,322,0.322,0.00034380195341175576
348,674,326,0.326,0.00047391895662551067
332,666,334,0.334,0.000474731761900955
398,699,301,0.301,0.0004615791154155033
380,690,310,0.31,0.0004549221111227411
334,667,333,0.333,0.00044019300030981865
274,637,363,0.363,0.0005932611446224882
390,695,305,0.305,0.00038344158857715624
396,698,302,0.302,0.0004612356504940465
366,683,317,0.317,0.0005471536872387048
422,711,289,0.289,0.0005695545327288016
400,700,300,0.3,0.00033003829907627845
306,653,347,0.347,0.000512062968369321
382,691,309,0.309,0.0004683434232564849
408,704,296,0.296,0.0004880590635552409
414,707,293,0.293,0.0003222886451642495
362,681,319,0.319,0.0004467917536145762
346,673,327,0.327,0.0004232842499436913
346,673,327,0.327,0.0003427558734369427
324,662,338,0.338,0.00046614297462757294
350,675,325,0.325,0.0004607173055207028
326,663,337,0.337,0.00036809202150804766
356,678,322,0.322,0.000560022635212789
272,636,364,0.364,0.0005573132506209646
418,709,291,0.291,0.0005007138160666216
394,697,303,0.303,0.00047024992472222496
290,645,355,0.355,0.000455115394560849
368,684,316,0.316,0.00038495926545985525
360,680,320,0.32,0.00045351834592202066
420,710,290,0.29,0.00037248873637578584
372,686,314,0.314,0.0004120795626704563
380,690,310,0.31,0.00041521684850528116
374,687,313,0.313,0.0004369090286235746
384,692,308,0.308,0.00035287314853924554
440,720,280,0.28,0.00031838993448997144
388,694,306,0.306,0.0002774597201143507
402,701,299,0.299,0.0003126219575201929
382,691,309,0.309,0.00023901153445082457
426,713,287,0.287,0.00023333742556155813
406,703,297,0.297,0.00023725197024559462
366,683,317,0.317,0.00020795334383154796
406,703,297,0.297,0.00021306046296589899
376,688,312,0.312,0.00017940425502122536
404,702,298,0.298,0.00021424815122402663
354,677,323,0.323,0.00017105845593926006
402,701,299,0.299,0.0002531762033970324
368,684,316,0.316,0.0002755992156115639
430,715,285,0.285,0.00018765911915913591
298,649,351,0.351,0.00026845711316912
376,688,312,0.312,0.0002528916720112875
308,654,346,0.346,0.0003340899989141093
362,681,319,0.319,0.000284021105414908
316,658,342,0.342,0.0003295330657978184
330,665,335,0.335,0.00044213684868071824
332,666,334,0.334,0.0005585106550826282
374,687,313,0.313,0.00039657556446320543
390,695,305,0.305,0.0005102667694984291
368,684,316,0.316,0.000604962700356623
402,701,299,0.299,0.0004938012465491681
302,651,349,0.349,0.0005444434974437798
312,656,344,0.344,0.0005293129044232358
388,694,306,0.306,0.0007442562772037178
354,677,323,0.323,0.0004538446004429204
334,667,333,0.333,0.0006103545892282086
342,671,329,0.329,0.00046712210803593734
410,705,295,0.295,0.00039348154124098757
376,688,312,0.312,0.0004208501386664949
352,676,324,0.324,0.0005022235593463052
342,671,329,0.329,0.0003804393479409782
366,683,317,0.317,0.00034126209886044023
360,680,320,0.32,0.0003316147484883487
372,686,314,0.314,0.0003268937452803158
352,676,324,0.324,0.0004674755402572828
442,721,279,0.279,0.00032788780276038666
406,703,297,0.297,0.0004110383286219701
340,670,330,0.33,0.00040236219041175046
328,664,336,0.336,0.0003302171320724483
348,674,326,0.326,0.0002490831708776682
346,673,327,0.327,0.0003208839589578645
368,684,316,0.316,0.0003782413562933442
328,664,336,0.336,0.0003743382127859576
450,725,275,0.275,0.0003315244056079223
444,722,278,0.278,0.0003248632647401166
362,681,319,0.319,0.000466004339587883
408,704,296,0.296,0.0003252830987089936
328,664,336,0.336,0.0002640770418989007
336,668,332,0.332,0.0003852732304146542
396,698,302,0.302,0.000344486366201636
362,681,319,0.319,0.00026694353921395475
376,688,312,0.312,0.0003248883353338954
298,649,351,0.351,0.00032632870585253215
346,673,327,0.327,0.0002687670193751046
376,688,312,0.312,0.00022003265076803302
320,660,340,0.34,0.00038943769491987725
320,660,340,0.34,0.0003185916977297154
378,689,311,0.311,0.00046539824916936825
384,692,308,0.308,0.00039005059957007406
422,711,289,0.289,0.00040364204032941587
376,688,312,0.312,0.0004173805582672543
382,691,309,0.309,0.0003010363526502573
358,679,321,0.321,0.0005386835741909266
428,714,286,0.286,0.00036336650791209027
398,699,301,0.301,0.0003381418138775274
380,690,310,0.31,0.0003145525264669544
424,712,288,0.288,0.0002793887085657616
346,673,327,0.327,0.0003382822838677271
376,688,312,0.312,0.0003061624510095271
380,690,310,0.31,0.0002822921015709028
356,678,322,0.322,0.0003954046111764597
368,684,316,0.316,0.0002805515712722126
358,679,321,0.321,0.0002670757993872286
364,682,318,0.318,0.00025518858581455105
396,698,302,0.302,0.0002618360261906787
322,661,339,0.339,0.0003310762903198281
398,699,301,0.301,0.0002890598239753501
402,701,299,0.299,0.00024387263061214525
388,694,306,0.306,0.0001894233858945995
334,667,333,0.333,0.00035868374189385575
350,675,325,0.325,0.00031586651871199934
336,668,332,0.332,0.00031440007368210843
388,694,306,0.306,0.00029582696466455614
370,685,315,0.315,0.0003007661505658774
336,668,332,0.332,0.00035559622512704435
368,684,316,0.316,0.0003270152626014635
384,692,308,0.308,0.0003992183968868659
386,693,307,0.307,0.00039259270957101933
364,682,318,0.318,0.0004072683951765015
328,664,336,0.336,0.0004486470916766052
338,669,331,0.331,0.0005146963055775444
374,687,313,0.313,0.00042967901024258025
414,707,293,0.293,0.00034868092899233713
362,681,319,0.319,0.00047201501340852304
396,698,302,0.302,0.0003305431992949508
336,668,332,0.332,0.0004636629978666207
384,692,308,0.308,0.0004277747133395451
346,673,327,0.327,0.0003883997433228785
388,694,306,0.306,0.00031824642542464685
414,707,293,0.293,0.00038330606131563625
436,718,282,0.282,0.00028703121657491695
340,670,330,0.33,0.0004776830159333798
366,683,317,0.317,0.0002779121290312929
414,707,293,0.293,0.0002917264598831082
412,706,294,0.294,0.0002470048475650799
364,682,318,0.318,0.00032434446622201565
348,674,326,0.326,0.0003731193006185265
398,699,301,0.301,0.00029300196459021774
378,689,311,0.311,0.00023588263589847713
384,692,308,0.308,0.0003264835388570191
370,685,315,0.315,0.0003370387760979554
362,681,319,0.319,0.0002621466541752966
396,698,302,0.302,0.00023534400849254666
426,713,287,0.287,0.00042265352729350524
382,691,309,0.309,0.00035611845063039026
366,683,317,0.317,0.0003190784691468309
304,652,348,0.348,0.00035766731926320007
422,711,289,0.289,0.0003018574486235224
354,677,323,0.323,0.0002682031850912381
356,678,322,0.322,0.000323898365328958
392,696,304,0.304,0.0002855239120567177
378,689,311,0.311,0.0003403422853636329
370,685,315,0.315,0.0003008463067556306
390,695,305,0.305,0.00041480762015649473
388,694,306,0.306,0.00028770408986275695
378,689,311,0.311,0.00032398915581916297
360,680,320,0.32,0.0003318966548570614
338,669,331,0.331,0.00025819573479988377
368,684,316,0.316,0.0003974732774772178
412,706,294,0.294,0.00029033628152062363
370,685,315,0.315,0.0003613248957674671
376,688,312,0.312,0.00039622730486586023
358,679,321,0.321,0.00044791995515751636
326,663,337,0.337,0.00038789819774882515
364,682,318,0.318,0.00034391140801244547
346,673,327,0.327,0.00037255750057192926
376,688,312,0.312,0.0003480033976774308
330,665,335,0.335,0.00030910023630870853
400,700,300,0.3,0.00039935142911157585
340,670,330,0.33,0.00032299645842635984
392,696,304,0.304,0.0003441778463215428
414,707,293,0.293,0.0002476897596128538
386,693,307,0.307,0.000408799855649022
394,697,303,0.303,0.0003391206055889029
390,695,305,0.305,0.0002933876545607177
398,699,301,0.301,0.00025211321785256757
374,687,313,0.313,0.0002331280123211741
300,650,350,0.35,0.00016860650174736235
364,682,318,0.318,0.00027220858124758253
372,686,314,0.314,0.00022056283837015655
386,693,307,0.307,0.00025225999521288146
370,685,315,0.315,0.00024669848637293515
364,682,318,0.318,0.00019824932897469694
368,684,316,0.316,0.0003024629097958353
374,687,313,0.313,0.00025438985629915576
374,687,313,0.313,0.0003401877662728765
340,670,330,0.33,0.00031160815000349373
382,691,309,0.309,0.0002979140678152561
332,666,334,0.334,0.00024619643874898144
328,664,336,0.336,0.00046096151331815347
442,721,279,0.279,0.0002504013608504749
376,688,312,0.312,0.00028162324399818315
330,665,335,0.335,0.00025548531988611956
394,697,303,0.303,0.0002681161950947768
370,685,315,0.315,0.00024823991047668415
344,672,328,0.328,0.00020019931191981756
386,693,307,0.307,0.0003297855039806734
312,656,344,0.344,0.0002854804569680596
410,705,295,0.295,0.0002979975760718645
346,673,327,0.327,0.0002931593792474274
318,659,341,0.341,0.00034475053192709027
364,682,318,0.318,0.0003602980328917198
408,704,296,0.296,0.0002920777571398219
408,704,296,0.296,0.00032617644711672257
380,690,310,0.31,0.0004043255302223656
354,677,323,0.323,0.0002659591946434432
368,684,316,0.316,0.0003370567763916483
426,713,287,0.287,0.00023847151415533574
410,705,295,0.295,0.00029069431117986256
314,657,343,0.343,0.00023558284220463578
400,700,300,0.3,0.0002857313144153295
394,697,303,0.303,0.0003288467768075378
378,689,311,0.311,0.0002417906840599926
338,669,331,0.331,0.00027443818639609675
422,711,289,0.289,0.00025808270489973496
342,671,329,0.329,0.0002422097581004863
386,693,307,0.307,0.00019030895068746645
412,706,294,0.294,0.0002945373866799486
314,657,343,0.343,0.00023231753422419389
420,710,290,0.29,0.00015675347389978355
360,680,320,0.32,0.0001893703966355531
428,714,286,0.286,0.0001939298176235411
372,686,314,0.314,0.00022991956486522724
324,662,338,0.338,0.00016817104110833725
370,685,315,0.315,0.0001501652489643135
354,677,323,0.323,0.00020735688761280358
326,663,337,0.337,0.00027902856671222767
364,682,318,0.318,0.00026134003539897324
396,698,302,0.302,0.000267453944440291
384,692,308,0.308,0.0002939239582853475
358,679,321,0.321,0.00028407577364933444
404,702,298,0.298,0.00027942058494127766
334,667,333,0.333,0.00037117032504072257
386,693,307,0.307,0.00037768942947772645
384,692,308,0.308,0.0003661227410267429
386,693,307,0.307,0.0004016783618518218
404,702,298,0.298,0.0002624281931617247
390,695,305,0.305,0.00020724854904388224
380,690,310,0.31,0.0002611065298680728
372,686,314,0.314,0.0002100397835956187
378,689,311,0.311,0.0002116786779560016
314,657,343,0.343,0.00022421384910552433
366,683,317,0.317,0.00017911029243104792
344,672,328,0.328,0.00026259429577072524
384,692,308,0.308,0.00018791582978722944
372,686,314,0.314,0.00021904942591632448
368,684,316,0.316,0.0003066397434136121
348,674,326,0.326,0.00034237509518311526
298,649,351,0.351,0.00030354090301871393
310,655,345,0.345,0.0003280998520511247
318,659,341,0.341,0.0003481143535886417
384,692,308,0.308,0.00030993065323932
350,675,325,0.325,0.00042655468367168225
412,706,294,0.294,0.00027099637781347497
374,687,313,0.313,0.00038456959749383655
360,680,320,0.32,0.0004438650030218412
360,680,320,0.32,0.0003077547403002967
394,697,303,0.303,0.0003492173344703673
420,710,290,0.29,0.0003133379762533508
406,703,297,0.297,0.00023568938651209238
388,694,306,0.306,0.00028169573574398044
324,662,338,0.338,0.00022268048811419306
410,705,295,0.295,0.0002195913859623886
370,685,315,0.315,0.00021919751336392323
372,686,314,0.314,0.00019107411281039788
386,693,307,0.307,0.00018056340363088453
388,694,306,0.306,0.00017992693634207057
330,665,335,0.335,0.00017554799918623586
402,701,299,0.299,0.0002577566194485712
348,674,326,0.326,0.0001791825442609536
302,651,349,0.349,0.00015720075992241788
376,688,312,0.312,0.00015000699684652828
326,663,337,0.337,0.00030385489668626067
410,705,295,0.295,0.00021609840777561827
384,692,308,0.308,0.00021045379415264164
398,699,301,0.301,0.0002109196271977396
448,724,276,0.276,0.00018434124446612543
374,687,313,0.313,0.0002072662746553533
392,696,304,0.304,0.0001604612825294538
396,698,302,0.302,0.00015175785042042378
336,668,332,0.332,0.00014425371839782032
422,711,289,0.289,0.00017072313752257174
392,696,304,0.304,0.0001629435694287622
328,664,336,0.336,0.00023581841297561822
340,670,330,0.33,0.00020590515631710104
372,686,314,0.314,0.00012028139447399155
352,676,324,0.324,0.0001930912791195709
354,677,323,0.323,0.00019485440016123333
418,709,291,0.291,0.0002091034863999255
308,654,346,0.346,0.0003388695528675072
394,697,303,0.303,0.00021246046910998473
332,666,334,0.334,0.00032961390100626887
358,679,321,0.321,0.0002243000516557032
426,713,287,0.287,0.00036196355224926436
344,672,328,0.328,0.0004197432637486855
388,694,306,0.306,0.00035233063123719433
398,699,301,0.301,0.0002662740648245574
348,674,326,0.326,0.0004003340736347951
308,654,346,0.346,0.00033108450018475824
340,670,330,0.33,0.00028755329885765945
396,698,302,0.302,0.00034345961431672835
348,674,326,0.326,0.0003128690933381648
260,630,370,0.37,0.00034419388021879625
390,695,305,0.305,0.0002920520240731861
314,657,343,0.343,0.00031451445682387203
394,697,303,0.303,0.0003295026992079357
384,692,308,0.308,0.0003420912687421378
384,692,308,0.308,0.0002942753752841725
382,691,309,0.309,0.00031475566538830436
450,725,275,0.275,0.0002473868376451236
330,665,335,0.335,0.00036904252993191734
330,665,335,0.335,0.0002458685783657302
406,703,297,0.297,0.0001967427887644959
400,700,300,0.3,0.00020275299958625226
378,689,311,0.311,0.00027610876836168077
412,706,294,0.294,0.00018010632979952845
360,680,320,0.32,0.00017867203618058625
328,664,336,0.336,0.0002510590765271985
362,681,319,0.319,0.0004012594981197708
406,703,297,0.297,0.00027110682355051095
426,713,287,0.287,0.000298736889042047
374,687,313,0.313,0.000287683360062772
366,683,317,0.317,0.00027554318013308434
368,684,316,0.316,0.00022647430620418164
324,662,338,0.338,0.00025723450892925823
360,680,320,0.32,0.00019875082586573
428,714,286,0.286,0.00026857684012762206
372,686,314,0.314,0.00020988297283892622
348,674,326,0.326,0.0002492480893434106
388,694,306,0.306,0.0003314421165801775
336,668,332,0.332,0.0002764127835166903
340,670,330,0.33,0.00037893958911070055
356,678,322,0.322,0.000336073819759207
418,709,291,0.291,0.0002883908857373285
394,697,303,0.303,0.00028200291267513935
364,682,318,0.318,0.00022643740925641965
366,683,317,0.317,0.00020334159813950237
368,684,316,0.316,0.00021935622592410197
334,667,333,0.333,0.0002098677072949755
314,657,343,0.343,0.0002285630130108558
364,682,318,0.318,0.0002782549062188764
418,709,291,0.291,0.0002484795573354006
352,676,324,0.324,0.0003106237235971321
366,683,317,0.317,0.0002689631058196795
398,699,301,0.301,0.0003302113631950334
356,678,322,0.322,0.0003065470367872649
342,671,329,0.329,0.00034845034772766327
386,693,307,0.307,0.00025931677198084914
326,663,337,0.337,0.00022958759035803666
394,697,303,0.303,0.00037070931886748324
346,673,327,0.327,0.0002689341693308478
352,676,324,0.324,0.00027761337403183004
308,654,346,0.346,0.0003497099051407133
474,737,263,0.263,0.00023659108275913353
384,692,308,0.308,0.00021425273681406054
304,652,348,0.348,0.000222469724905352
418,709,291,0.291,0.00027367116202441365
382,691,309,0.309,0.00038399744202951067
410,705,295,0.295,0.000249730826475556
390,695,305,0.305,0.00019166861709021533
352,676,324,0.324,0.00023871561026849974
372,686,314,0.314,0.0002875175855301251
362,681,319,0.319,0.00019377275197240352
348,674,326,0.326,0.0002426106625778175
280,640,360,0.36,0.0002747649444946347
364,682,318,0.318,0.0002282747218413874
402,701,299,0.299,0.00019530756169002926
392,696,304,0.304,0.00023766012844640726
364,682,318,0.318,0.0002569382186541134
376,688,312,0.312,0.0001944885729181891
376,688,312,0.312,0.00023652317508096132
358,679,321,0.321,0.00020360335408442154
322,661,339,0.339,0.00024447120534698286
428,714,286,0.286,0.0001842533142987861
332,666,334,0.334,0.0002408561699476053
420,710,290,0.29,0.00023869444728626376
448,724,276,0.276,0.0001599319207523564
380,690,310,0.31,0.00020368715326662823
366,683,317,0.317,0.00018468564228511753
358,679,321,0.321,0.00015234011050510788
404,702,298,0.298,0.0001790412190873667
348,674,326,0.326,0.00019580021735637844
364,682,318,0.318,0.0001448840291506883
346,673,327,0.327,0.00014744310813857454
364,682,318,0.318,0.00016979719374950265
392,696,304,0.304,0.00016517929771423212
400,700,300,0.3,0.0002326212213570642
422,711,289,0.289,0.0001387013958803749
352,676,324,0.324,0.0001788491641880512
382,691,309,0.309,0.00018820169665889353
396,698,302,0.302,0.00024341277891817015
354,677,323,0.323,0.0002016660342445391
388,694,306,0.306,0.0001394406379331059
286,643,357,0.357,0.00019141753783530647
340,670,330,0.33,0.000197889825971032
378,689,311,0.311,0.00018802596066016974
452,726,274,0.274,0.00015514774530124952
370,685,315,0.315,0.00015202108843936912
332,666,334,0.334,0.00014507332988699772
470,735,265,0.265,0.00016374525204369662
350,675,325,0.325,0.00015041888369498224
388,694,306,0.306,0.00017735850311899527
362,681,319,0.319,0.00015061666883335077
370,685,315,0.315,0.00016812712054863256
330,665,335,0.335,0.00012238998374047584
374,687,313,0.313,0.00017281377917664997
364,682,318,0.318,0.00012316590785519565
374,687,313,0.313,0.000167896419341929
374,687,313,0.313,0.00017909703255898534
296,648,352,0.352,0.00016373827706985366
368,684,316,0.316,0.00019231437629912306
346,673,327,0.327,0.00024440679582841084
332,666,334,0.334,0.0001986514058315123
382,691,309,0.309,0.0001746313287499106
378,689,311,0.311,0.00024836618165690537
350,675,325,0.325,0.0001848291252836134
428,714,286,0.286,0.00027553296569539045
446,723,277,0.277,0.0001847336503644499
358,679,321,0.321,0.0002955982925091689
408,704,296,0.296,0.00021558295859138354
344,672,328,0.328,0.00019460162022016904
374,687,313,0.313,0.00023433403602632553
296,648,352,0.352,0.00022057134637282162
402,701,299,0.299,0.00021523238227551643
402,701,299,0.299,0.00016404726802801407
426,713,287,0.287,0.0001705761477562362
292,646,354,0.354,0.00020657966310022856
418,709,291,0.291,0.00015974244527585313
376,688,312,0.312,0.00023437540322298388
380,690,310,0.31,0.00016568471026552346
320,660,340,0.34,0.00014683854464783507
410,705,295,0.295,0.00017271828122457578
342,671,329,0.329,0.00018774722157402835
338,669,331,0.331,0.00014471418755066168
368,684,316,0.316,0.00014976069707113026
386,693,307,0.307,0.00019277737623541214
344,672,328,0.328,0.0001833964538630255
364,682,318,0.318,0.00020554085568846858
430,715,285,0.285,0.00018214836875685592
426,713,287,0.287,0.00014322404010259503
354,677,323,0.323,0.0001748522305499307
374,687,313,0.313,0.00021602348336031697
358,679,321,0.321,0.0002368212677962731
354,677,323,0.323,0.00024328589941893596
330,665,335,0.335,0.00024818263980361623
336,668,332,0.332,0.00021840754789558047
392,696,304,0.304,0.0001792796876245717
378,689,311,0.311,0.0002495111881352443
402,701,299,0.299,0.00019945730431776098
358,679,321,0.321,0.0002423960472675617
364,682,318,0.318,0.0002363613184118236
352,676,324,0.324,0.0002553804297452018
370,685,315,0.315,0.0002177231775703632
374,687,313,0.313,0.00019673077818282536
372,686,314,0.314,0.0002820497215420517
356,678,322,0.322,0.0001881218462034724
372,686,314,0.314,0.00024862006511852994
362,681,319,0.319,0.00022013916763404497
348,674,326,0.326,0.00025066035926053586
394,697,303,0.303,0.00021426809220855602
334,667,333,0.333,0.0001955941010272255
370,685,315,0.315,0.0002268109834719354
376,688,312,0.312,0.00022756606294092307
342,671,329,0.329,0.0002675703102031548
348,674,326,0.326,0.0002742425650970972
378,689,311,0.311,0.0002889207449034075
368,684,316,0.316,0.00020634169232931754
374,687,313,0.313,0.00027357584414404814
390,695,305,0.305,0.0002625885665355838
348,674,326,0.326,0.00023124383086909006
410,705,295,0.295,0.0002651173486869283
444,722,278,0.278,0.00025895689720553607
386,693,307,0.307,0.0002887641969231396
316,658,342,0.342,0.00023167600282111777
402,701,299,0.299,0.0002291435872430867
330,665,335,0.335,0.0003016638091503836
348,674,326,0.326,0.00020391846305436445
378,689,311,0.311,0.0002308172035318279
418,709,291,0.291,0.0002592331816984057
362,681,319,0.319,0.00024092935912088363
390,695,305,0.305,0.00021364080033740152
322,661,339,0.339,0.0002869306684963959
328,664,336,0.336,0.00024942879433041297
402,701,299,0.299,0.00023508651518754675
426,713,287,0.287,0.00031649987687170267
424,712,288,0.288,0.0002554816051891748
414,707,293,0.293,0.00016456456873041247
300,650,350,0.35,0.00030133926934767884
386,693,307,0.307,0.0002226639895125686
420,710,290,0.29,0.0002462330292422621
434,717,283,0.283,0.00021298424116815795
362,681,319,0.319,0.00020380012232658372
390,695,305,0.305,0.0001926211700153715
366,683,317,0.317,0.0002556530732716737
352,676,324,0.324,0.000215432905056943
428,714,286,0.286,0.000131309286866923
324,662,338,0.338,0.0001656585609493817
414,707,293,0.293,0.00012811138842278068
412,706,294,0.294,0.00020345609793263008
350,675,325,0.325,0.0001898994227977937
332,666,334,0.334,0.00015938473605370973
416,708,292,0.292,0.0001829575318990777
408,704,296,0.296,0.00020553340009310262
404,702,298,0.298,0.00015377343580433945
394,697,303,0.303,0.00015821913802813016
386,693,307,0.307,0.0002070003620097367
366,683,317,0.317,0.00022738669087395635
348,674,326,0.326,0.00017029692675923515
384,692,308,0.308,0.0002561008222782135
410,705,295,0.295,0.00018285545510593693
382,691,309,0.309,0.0002042295518338193
402,701,299,0.299,0.00019949836790264896
336,668,332,0.332,0.00021282155877318587
368,684,316,0.316,0.00016191328401836814
308,654,346,0.346,0.0002068663987763415
324,662,338,0.338,0.0002012927449164579
368,684,316,0.316,0.0002291793392131609
446,723,277,0.277,0.0001438046068493435
412,706,294,0.294,0.0002004555115640727
394,697,303,0.303,0.00018184005595628605
382,691,309,0.309,0.0001980143769393976
388,694,306,0.306,0.00018555587311389844
354,677,323,0.323,0.00017811663217763397
394,697,303,0.303,0.00017289751012700095
310,655,345,0.345,0.00016365929452966555
342,671,329,0.329,0.00021970434672442707
388,694,306,0.306,0.0002680365681453907
406,703,297,0.297,0.00017443129599128325
336,668,332,0.332,0.00021978457453037948
372,686,314,0.314,0.00020460362056401492
354,677,323,0.323,0.00023143334157209948
358,679,321,0.321,0.00028973682085634776
308,654,346,0.346,0.00023368526003993395
382,691,309,0.309,0.00024225393243241912
360,680,320,0.32,0.0003178161846528127
390,695,305,0.305,0.00019067795822692803
350,675,325,0.325,0.00022136803203784438
376,688,312,0.312,0.000186974932161462
392,696,304,0.304,0.00019803926537167627
394,697,303,0.303,0.0002126147895880024
312,656,344,0.344,0.00017251614022116256
404,702,298,0.298,0.00013705937376083454
346,673,327,0.327,0.00016943772202159834
