log_avg_ept_score,log_avg_succ_req,log_avg_blk_req,log_avg_BP_req,log_avg_entropy
-72,464,536,0.536,1.6076972230672837
-86,457,543,0.543,1.6077067326307297
-132,434,566,0.566,1.6077195646762847
-146,427,573,0.573,1.607677857518196
-126,437,563,0.563,1.6076273723840713
-100,450,550,0.55,1.6075986224412917
-100,450,550,0.55,1.6075892825126648
-84,458,542,0.542,1.607555893421173
-114,443,557,0.557,1.6074594285488129
-102,449,551,0.551,1.6074390562772751
-148,426,574,0.574,1.6074296032190323
-118,441,559,0.559,1.6074014855623244
-64,468,532,0.532,1.607285589814186
-96,452,548,0.548,1.6072613129615783
-88,456,544,0.544,1.6072282534837723
-56,472,528,0.528,1.607214182972908
-116,442,558,0.558,1.607109441637993
-32,484,516,0.516,1.6069995797872543
-134,433,567,0.567,1.6070151379108428
-104,448,552,0.552,1.6069772592782974
10,505,495,0.495,1.6067472803592682
-92,454,546,0.546,1.6066914731264115
-108,446,554,0.554,1.6066947835683822
-84,458,542,0.542,1.6065994054079056
-86,457,543,0.543,1.6063607624769212
-66,467,533,0.533,1.6061656527519226
-50,475,525,0.525,1.6061446944475173
-126,437,563,0.563,1.6061734474897384
-48,476,524,0.524,1.6057107166051865
-94,453,547,0.547,1.6056697126626969
-90,455,545,0.545,1.605519812464714
-138,431,569,0.569,1.6054499680995942
-64,468,532,0.532,1.6050980222225188
-66,467,533,0.533,1.6045447429418565
-82,459,541,0.541,1.6046197707653045
-46,477,523,0.523,1.6045742667913436
-22,489,511,0.511,1.6040251537561416
-84,458,542,0.542,1.6037585597038269
-28,486,514,0.514,1.6037519923448562
-38,481,519,0.519,1.6033836448192595
-110,445,555,0.555,1.6027152181863784
-102,449,551,0.551,1.6023661617040634
-46,477,523,0.523,1.6019660974740981
-78,461,539,0.539,1.6015019878149033
-128,436,564,0.564,1.6007642703056335
-94,453,547,0.547,1.5999491225481033
-58,471,529,0.529,1.5993750009536742
-74,463,537,0.537,1.5991642025709152
-92,454,546,0.546,1.597236855864525
-98,451,549,0.549,1.5961127002239228
-90,455,545,0.545,1.596405804991722
-22,489,511,0.511,1.5948653177022933
-100,450,550,0.55,1.5916353865861892
-40,480,520,0.52,1.5909170607328416
-20,490,510,0.51,1.5881187262535095
-106,447,553,0.553,1.5889758595228196
-36,482,518,0.518,1.5866469552516937
-30,485,515,0.515,1.5826308951377868
20,510,490,0.49,1.582778642296791
-74,463,537,0.537,1.5780217528343201
-18,491,509,0.509,1.5797183479070664
-42,479,521,0.521,1.5744166004657745
10,505,495,0.495,1.5693530558347701
-26,487,513,0.513,1.5708489193320274
-52,474,526,0.526,1.569451977610588
-38,481,519,0.519,1.5642365736961366
-24,488,512,0.512,1.5627154963612557
-54,473,527,0.527,1.5591079419255256
-6,497,503,0.503,1.5589278044104575
-44,478,522,0.522,1.5517420577406884
-28,486,514,0.514,1.5525150382518769
-14,493,507,0.507,1.548358228802681
58,529,471,0.471,1.5429008948802947
-28,486,514,0.514,1.539774836719036
-4,498,502,0.502,1.5427324823737145
-32,484,516,0.516,1.5309324923157692
-32,484,516,0.516,1.536834552705288
-16,492,508,0.508,1.5245802171230316
2,501,499,0.499,1.5220332576036453
-42,479,521,0.521,1.523941092044115
16,508,492,0.492,1.5206721234917642
-8,496,504,0.504,1.5140769497156144
-2,499,501,0.501,1.5086505884379149
70,535,465,0.465,1.496940752863884
-46,477,523,0.523,1.4998159484565259
10,505,495,0.495,1.496030869960785
12,506,494,0.494,1.4914852710962296
0,500,500,0.5,1.4864557625353336
0,500,500,0.5,1.4877353008389473
18,509,491,0.491,1.4767456198334694
-30,485,515,0.515,1.4716645640134811
48,524,476,0.476,1.479804185450077
30,515,485,0.485,1.4682264375686644
4,502,498,0.498,1.4633472979962825
-14,493,507,0.507,1.4567019347548484
10,505,495,0.495,1.4497755499631166
-24,488,512,0.512,1.4546949726641178
16,508,492,0.492,1.4361061446219683
10,505,495,0.495,1.433974849075079
18,509,491,0.491,1.4155105650238693
0,500,500,0.5,1.434037548514083
46,523,477,0.477,1.402521284222603
66,533,467,0.467,1.4039923736676574
22,511,489,0.489,1.3846543213650584
80,540,460,0.46,1.3926662769317626
124,562,438,0.438,1.3797694150675088
90,545,455,0.455,1.3544145538285375
44,522,478,0.478,1.3725380344111473
60,530,470,0.47,1.357065173342824
94,547,453,0.453,1.3477843606621027
96,548,452,0.452,1.3492083308696747
66,533,467,0.467,1.338203078880906
112,556,444,0.444,1.3234045943506063
106,553,447,0.447,1.3115651542320848
94,547,453,0.453,1.2905218017203732
136,568,432,0.432,1.2788377924896777
126,563,437,0.437,1.2733085009530187
126,563,437,0.437,1.2602118395604194
112,556,444,0.444,1.2497097818804905
118,559,441,0.441,1.2590093697924167
170,585,415,0.415,1.2192880852706731
182,591,409,0.409,1.2019445916116238
50,525,475,0.475,1.2025350106209516
170,585,415,0.415,1.1870622141733767
118,559,441,0.441,1.164379582086578
152,576,424,0.424,1.10120001561963
152,576,424,0.424,1.1218082311247126
150,575,425,0.425,1.1264171806732193
210,605,395,0.395,1.0942481709467247
182,591,409,0.409,1.054294245400226
170,585,415,0.415,1.0325930396390612
188,594,406,0.406,0.959254489796469
206,603,397,0.397,0.9512870244842198
234,617,383,0.383,0.901574983034312
140,570,430,0.43,0.8785668138276669
198,599,401,0.401,0.8488425957633017
220,610,390,0.39,0.8423406117030827
270,635,365,0.365,0.7453624613925712
268,634,366,0.366,0.6988933697933826
278,639,361,0.361,0.6858203653817618
286,643,357,0.357,0.679032606547083
292,646,354,0.354,0.5842661715356153
330,665,335,0.335,0.5531811163243769
318,659,341,0.341,0.4983558024304691
408,704,296,0.296,0.4447469120798195
364,682,318,0.318,0.3845011882332247
296,648,352,0.352,0.38035416333825234
380,690,310,0.31,0.3553412920326617
278,639,361,0.361,0.34536199330494183
272,636,364,0.364,0.31400586177636036
358,679,321,0.321,0.2771291351121975
348,674,326,0.326,0.2691828894328731
330,665,335,0.335,0.2581535675161772
334,667,333,0.333,0.22477802368073987
368,684,316,0.316,0.21438492450023955
348,674,326,0.326,0.2141401075880188
402,701,299,0.299,0.21038707923686234
366,683,317,0.317,0.20855272721006862
418,709,291,0.291,0.18305748948038086
296,648,352,0.352,0.20353895034722663
366,683,317,0.317,0.2025580550530746
380,690,310,0.31,0.1738987991839299
360,680,320,0.32,0.17477867498501065
330,665,335,0.335,0.1889319352892502
316,658,342,0.342,0.18406248870474792
374,687,313,0.313,0.17288386342695855
306,653,347,0.347,0.21622679822983792
388,694,306,0.306,0.18893636430038513
350,675,325,0.325,0.19359391756714073
294,647,353,0.353,0.20472333070677082
302,651,349,0.349,0.19644531925444073
358,679,321,0.321,0.19777517252725682
376,688,312,0.312,0.19682325412448773
322,661,339,0.339,0.18512908821286608
448,724,276,0.276,0.16979765541651043
356,678,322,0.322,0.18117591904909994
384,692,308,0.308,0.1811564913318853
310,655,345,0.345,0.18370190071820905
346,673,327,0.327,0.1786574982092936
396,698,302,0.302,0.158035223471845
378,689,311,0.311,0.17868313186433754
346,673,327,0.327,0.1654332061223025
340,670,330,0.33,0.17439636190589303
394,697,303,0.303,0.15908573560043965
312,656,344,0.344,0.1707009927554812
340,670,330,0.33,0.15701596774454885
326,663,337,0.337,0.1487544321862417
352,676,324,0.324,0.1719437644750443
356,678,322,0.322,0.15993926791496904
424,712,288,0.288,0.14219976791286787
366,683,317,0.317,0.14997067499755548
324,662,338,0.338,0.16768460986573747
382,691,309,0.309,0.12349014533556046
354,677,323,0.323,0.12784190637243403
308,654,346,0.346,0.1536238987842844
364,682,318,0.318,0.14660352258654707
362,681,319,0.319,0.13381245177294301
392,696,304,0.304,0.14196540400428131
308,654,346,0.346,0.1449061872923329
270,635,365,0.365,0.16160777564396403
368,684,316,0.316,0.1379154968394984
352,676,324,0.324,0.15651459716470834
402,701,299,0.299,0.12749482989166422
402,701,299,0.299,0.12241414391496823
354,677,323,0.323,0.1304148942667602
344,672,328,0.328,0.13633320696295442
330,665,335,0.335,0.1399849316552399
298,649,351,0.351,0.13069773181965935
370,685,315,0.315,0.13842986066866939
322,661,339,0.339,0.13249753045108226
382,691,309,0.309,0.10843946941742375
350,675,325,0.325,0.1275759899009976
316,658,342,0.342,0.1529681453352523
336,668,332,0.332,0.14215396885493192
356,678,322,0.322,0.14263808313123338
366,683,317,0.317,0.12470200281503913
414,707,293,0.293,0.10365570922537376
356,678,322,0.322,0.109795303903333
322,661,339,0.339,0.11644360553457309
468,734,266,0.266,0.08572984253817546
368,684,316,0.316,0.11811384843901797
426,713,287,0.287,0.09168584880150446
376,688,312,0.312,0.10574660501059704
362,681,319,0.319,0.07970702240986195
312,656,344,0.344,0.10583766211184724
316,658,342,0.342,0.1009801203083204
400,700,300,0.3,0.08205908796638285
290,645,355,0.355,0.11255657984332329
330,665,335,0.335,0.09754006360490639
380,690,310,0.31,0.09410493258044948
406,703,297,0.297,0.09491674133324916
348,674,326,0.326,0.10656180124951108
326,663,337,0.337,0.10985628990914711
388,694,306,0.306,0.09690456297936145
426,713,287,0.287,0.08958352694552793
366,683,317,0.317,0.1013611273539887
368,684,316,0.316,0.10270163668029704
342,671,329,0.329,0.11192389669591503
298,649,351,0.351,0.09541212132743636
376,688,312,0.312,0.11289301409675158
326,663,337,0.337,0.11880280168400788
386,693,307,0.307,0.09739162205657263
330,665,335,0.335,0.12114990727612729
392,696,304,0.304,0.08439708454540118
302,651,349,0.349,0.11401181242801797
400,700,300,0.3,0.0927202707986317
366,683,317,0.317,0.09614277514577566
328,664,336,0.336,0.09995153403549283
352,676,324,0.324,0.08845665408636308
338,669,331,0.331,0.10498539739913486
434,717,283,0.283,0.0815100388809957
364,682,318,0.318,0.09469731020574136
400,700,300,0.3,0.08106561778062568
392,696,304,0.304,0.07186293067253628
332,666,334,0.334,0.09334430655610777
360,680,320,0.32,0.08322174460042547
400,700,300,0.3,0.07619081180491707
346,673,327,0.327,0.08693734311164338
412,706,294,0.294,0.08013377141986291
426,713,287,0.287,0.07156895402525201
354,677,323,0.323,0.08897528813444705
356,678,322,0.322,0.07891830614212153
322,661,339,0.339,0.08382010228680178
362,681,319,0.319,0.09948671124235677
334,667,333,0.333,0.09627884911927288
346,673,327,0.327,0.0926092603112138
346,673,327,0.327,0.09213854036122984
378,689,311,0.311,0.10074553206675058
362,681,319,0.319,0.09242807890140226
372,686,314,0.314,0.1268994715526137
326,663,337,0.337,0.09307122990114601
376,688,312,0.312,0.07765933076448214
408,704,296,0.296,0.09729435181242084
392,696,304,0.304,0.08469143006951163
398,699,301,0.301,0.08549527415106797
338,669,331,0.331,0.08122763081907074
412,706,294,0.294,0.06556651282612892
366,683,317,0.317,0.07633330234889013
396,698,302,0.302,0.07085092425456053
336,668,332,0.332,0.08589896493170829
336,668,332,0.332,0.0814010955562929
414,707,293,0.293,0.07482870461340681
340,670,330,0.33,0.07622797238511032
376,688,312,0.312,0.06746092174259039
368,684,316,0.316,0.07314735234464638
386,693,307,0.307,0.06836340512633281
322,661,339,0.339,0.09313795446043834
314,657,343,0.343,0.07518109014854514
364,682,318,0.318,0.0761334351753938
382,691,309,0.309,0.07036835529320479
344,672,328,0.328,0.07859503059620625
284,642,358,0.358,0.09138708340784944
410,705,295,0.295,0.07302801016481691
340,670,330,0.33,0.07385592634078784
354,677,323,0.323,0.07820879599356936
370,685,315,0.315,0.0737358852405364
354,677,323,0.323,0.07864480142338375
416,708,292,0.292,0.06823104091744471
360,680,320,0.32,0.07644447825647356
252,626,374,0.374,0.08773676606092237
332,666,334,0.334,0.08170336977222098
382,691,309,0.309,0.08095462310256289
332,666,334,0.334,0.06624820078059156
430,715,285,0.285,0.06445045433935014
432,716,284,0.284,0.07386958532370193
326,663,337,0.337,0.07072459078417159
352,676,324,0.324,0.0782872729307935
324,662,338,0.338,0.0669032412624939
392,696,304,0.304,0.06493204429023805
388,694,306,0.306,0.07537425981580759
350,675,325,0.325,0.0753916631157524
418,709,291,0.291,0.05363737588583524
320,660,340,0.34,0.06910218504320279
360,680,320,0.32,0.06452559565629735
312,656,344,0.344,0.05424804850679746
350,675,325,0.325,0.07347009532172441
324,662,338,0.338,0.06934093287765279
380,690,310,0.31,0.06625789085321207
362,681,319,0.319,0.058031532936754844
396,698,302,0.302,0.05792827453584414
348,674,326,0.326,0.07325230342765644
354,677,323,0.323,0.0693827548505656
388,694,306,0.306,0.0713843266747258
352,676,324,0.324,0.07952082786854044
408,704,296,0.296,0.06449581397731553
422,711,289,0.289,0.053787118219551414
326,663,337,0.337,0.07021386637081604
366,683,317,0.317,0.06421992658987347
348,674,326,0.326,0.06837878211793089
350,675,325,0.325,0.055445125566925525
402,701,299,0.299,0.06143496221144801
342,671,329,0.329,0.05859134614413063
382,691,309,0.309,0.05592171337855541
386,693,307,0.307,0.05900631376296246
326,663,337,0.337,0.06511629420212785
398,699,301,0.301,0.060990927559816555
384,692,308,0.308,0.05356489022808086
352,676,324,0.324,0.05571546598007717
360,680,320,0.32,0.04647184624622139
334,667,333,0.333,0.0656397391329134
426,713,287,0.287,0.0550908729861132
348,674,326,0.326,0.05316865240956372
374,687,313,0.313,0.058452657981215905
404,702,298,0.298,0.0622646269902159
390,695,305,0.305,0.05442149437554576
372,686,314,0.314,0.05320269984753054
388,694,306,0.306,0.04824991215069531
336,668,332,0.332,0.053218611021280136
382,691,309,0.309,0.05101112114458058
344,672,328,0.328,0.05555937749144739
456,728,272,0.272,0.04102180464102059
388,694,306,0.306,0.042611964925033365
310,655,345,0.345,0.06488434520177498
418,709,291,0.291,0.0534184506195852
412,706,294,0.294,0.05355918964113369
420,710,290,0.29,0.04979241732687467
376,688,312,0.312,0.053640631472941666
320,660,340,0.34,0.05063240640711138
402,701,299,0.299,0.05255085419563977
384,692,308,0.308,0.05540844058577204
250,625,375,0.375,0.06256418589589484
414,707,293,0.293,0.04711622536975312
282,641,359,0.359,0.06415203914169558
366,683,317,0.317,0.056985544617793836
382,691,309,0.309,0.06041676266069771
326,663,337,0.337,0.058665726078746504
376,688,312,0.312,0.06172891010348781
404,702,298,0.298,0.05769123694753416
334,667,333,0.333,0.05480181689744586
394,697,303,0.303,0.05870337890521135
406,703,297,0.297,0.060895340954380574
390,695,305,0.305,0.05761373177567475
452,726,274,0.274,0.05212986569137746
408,704,296,0.296,0.05653299424782063
334,667,333,0.333,0.061505026768653805
376,688,312,0.312,0.053714975683107014
368,684,316,0.316,0.042996984470432834
376,688,312,0.312,0.04416885399252513
382,691,309,0.309,0.04672122586906823
378,689,311,0.311,0.04148335027575376
358,679,321,0.321,0.046959420517044236
364,682,318,0.318,0.04670348625943916
306,653,347,0.347,0.049768796130179795
458,729,271,0.271,0.04169413599568492
342,671,329,0.329,0.04875177823291938
350,675,325,0.325,0.04655850731983688
394,697,303,0.303,0.03915338470355548
436,718,282,0.282,0.04491129329067599
414,707,293,0.293,0.04840932440451093
320,660,340,0.34,0.04734025191819137
292,646,354,0.354,0.05981064012125924
398,699,301,0.301,0.05220297611684919
440,720,280,0.28,0.0520934989473767
348,674,326,0.326,0.0485798525560524
406,703,297,0.297,0.05351599009328129
418,709,291,0.291,0.04312643858931239
424,712,288,0.288,0.05576138403823728
382,691,309,0.309,0.045144775206795204
314,657,343,0.343,0.039698208619977325
408,704,296,0.296,0.034126303950569765
438,719,281,0.281,0.04367733856236009
370,685,315,0.315,0.04547795865776402
356,678,322,0.322,0.049903785728744425
374,687,313,0.313,0.045809111156752465
348,674,326,0.326,0.06246881984712968
342,671,329,0.329,0.056187549090595215
382,691,309,0.309,0.05313034680120245
334,667,333,0.333,0.05156096129345224
414,707,293,0.293,0.04802026085531588
394,697,303,0.303,0.05456469858279661
420,710,290,0.29,0.04534525668479523
418,709,291,0.291,0.05240260023239898
362,681,319,0.319,0.05089861399171926
362,681,319,0.319,0.049843073559070035
374,687,313,0.313,0.04979592594553651
352,676,324,0.324,0.03679592422777409
366,683,317,0.317,0.06160899844038408
382,691,309,0.309,0.052816927219740704
322,661,339,0.339,0.06986940964460155
352,676,324,0.324,0.0653072223370748
316,658,342,0.342,0.04885600826416385
404,702,298,0.298,0.045998593652441515
452,726,274,0.274,0.05210278118989243
404,702,298,0.298,0.04759452905944045
358,679,321,0.321,0.04293012375935871
386,693,307,0.307,0.04222084617770179
406,703,297,0.297,0.04283757595837051
450,725,275,0.275,0.04197059596666324
374,687,313,0.313,0.0494589291652226
330,665,335,0.335,0.04486409901979539
312,656,344,0.344,0.0457110177819047
310,655,345,0.345,0.058250923109212975
348,674,326,0.326,0.055440000534739055
360,680,320,0.32,0.04866616498424355
326,663,337,0.337,0.05116925809992904
372,686,314,0.314,0.044504991177924696
440,720,280,0.28,0.049737720877620635
380,690,310,0.31,0.052021653848288225
364,682,318,0.318,0.048763142630391595
368,684,316,0.316,0.048469301673609605
358,679,321,0.321,0.046704867011219224
404,702,298,0.298,0.051842242656417514
396,698,302,0.302,0.05613111046261321
390,695,305,0.305,0.04538885026095566
370,685,315,0.315,0.05643838371487982
370,685,315,0.315,0.053897797666651516
366,683,317,0.317,0.04687782298048569
354,677,323,0.323,0.05755915912638272
370,685,315,0.315,0.0473126495894995
360,680,320,0.32,0.05902146455458916
294,647,353,0.353,0.050380235383394735
362,681,319,0.319,0.03649053697347517
340,670,330,0.33,0.05334787689206024
300,650,350,0.35,0.05465862120571336
378,689,311,0.311,0.04565607494480719
372,686,314,0.314,0.04768569174947379
256,628,372,0.372,0.06401726600232437
316,658,342,0.342,0.06725176564042613
414,707,293,0.293,0.06048294047382751
358,679,321,0.321,0.054500359805008204
306,653,347,0.347,0.05782465787219735
356,678,322,0.322,0.05098592421712874
380,690,310,0.31,0.06455820890672521
336,668,332,0.332,0.07476852664587204
356,678,322,0.322,0.05863987590086253
360,680,320,0.32,0.05022443054599597
422,711,289,0.289,0.041377934703376015
384,692,308,0.308,0.05203634694332959
366,683,317,0.317,0.046088042868462256
378,689,311,0.311,0.052727541526012375
438,719,281,0.281,0.04480698893232625
430,715,285,0.285,0.04365980090236044
310,655,345,0.345,0.04283354242027099
374,687,313,0.313,0.043459620383072606
378,689,311,0.311,0.04049764002353362
348,674,326,0.326,0.03145721868940677
304,652,348,0.348,0.04982585263485885
348,674,326,0.326,0.04603257836556861
416,708,292,0.292,0.043186807829998085
446,723,277,0.277,0.03804126183746672
396,698,302,0.302,0.039551049342110504
406,703,297,0.297,0.04522885181717902
340,670,330,0.33,0.05372509472054333
344,672,328,0.328,0.040841116046563
348,674,326,0.326,0.044041600242771976
348,674,326,0.326,0.0451970465116483
362,681,319,0.319,0.039413973657615994
322,661,339,0.339,0.039889493376620976
446,723,277,0.277,0.03688503436420899
326,663,337,0.337,0.05165865652757839
316,658,342,0.342,0.04449018653315011
316,658,342,0.342,0.05139564529448762
380,690,310,0.31,0.04304137289898654
384,692,308,0.308,0.05182329178112286
348,674,326,0.326,0.048750529994481664
376,688,312,0.312,0.04828594930272652
314,657,343,0.343,0.059102430499728
394,697,303,0.303,0.049288572955575094
366,683,317,0.317,0.04611719802632615
370,685,315,0.315,0.047038513026248896
350,675,325,0.325,0.05747635009836551
350,675,325,0.325,0.04955584051544883
342,671,329,0.329,0.04215062346300965
314,657,343,0.343,0.05541756116210581
374,687,313,0.313,0.06273467065814839
392,696,304,0.304,0.04238120640448878
324,662,338,0.338,0.0537536829185301
310,655,345,0.345,0.05141667740464709
408,704,296,0.296,0.04208206652727404
392,696,304,0.304,0.048574142920114353
316,658,342,0.342,0.05231331138018686
338,669,331,0.331,0.047797917945692464
344,672,328,0.328,0.060250040282065126
362,681,319,0.319,0.060489372824900786
380,690,310,0.31,0.051403635035038406
414,707,293,0.293,0.047022214365380934
398,699,301,0.301,0.04736634817181857
352,676,324,0.324,0.05573881147699831
324,662,338,0.338,0.047897408592134524
346,673,327,0.327,0.05547043009047093
368,684,316,0.316,0.061432642129746966
368,684,316,0.316,0.056908627250431436
350,675,325,0.325,0.041885971395848175
336,668,332,0.332,0.05359087259860155
338,669,331,0.331,0.055192708969602336
316,658,342,0.342,0.057842932308755736
342,671,329,0.329,0.05943302626731611
336,668,332,0.332,0.051152795519286885
292,646,354,0.354,0.05331885159288231
438,719,281,0.281,0.037912326365585614
354,677,323,0.323,0.05916294843392643
370,685,315,0.315,0.04795810243942106
328,664,336,0.336,0.05769070637777713
386,693,307,0.307,0.05295949620679494
346,673,327,0.327,0.06468077678330997
352,676,324,0.324,0.053576245180346635
354,677,323,0.323,0.04593624146380262
322,661,339,0.339,0.0436326537632267
396,698,302,0.302,0.05495450382276249
338,669,331,0.331,0.046339739411183474
372,686,314,0.314,0.045996471283999196
434,717,283,0.283,0.04300140844983343
402,701,299,0.299,0.047130066315801744
342,671,329,0.329,0.05158479850773153
410,705,295,0.295,0.051325003192460826
330,665,335,0.335,0.04595928240776051
344,672,328,0.328,0.04666718719469736
386,693,307,0.307,0.0343853821961784
340,670,330,0.33,0.04004945795233471
318,659,341,0.341,0.046124926054287585
302,651,349,0.349,0.05309626543651393
404,702,298,0.298,0.041509358747721305
368,684,316,0.316,0.04156481769503523
302,651,349,0.349,0.04850838779929819
250,625,375,0.375,0.05625919857599274
368,684,316,0.316,0.051155064772279726
328,664,336,0.336,0.04973253826360019
392,696,304,0.304,0.05579868428979375
278,639,361,0.361,0.05241010539129911
396,698,302,0.302,0.052098738810354914
320,660,340,0.34,0.06561357447139289
334,667,333,0.333,0.05991929735968506
316,658,342,0.342,0.053213831728269725
368,684,316,0.316,0.052679440162553874
334,667,333,0.333,0.055134149508066915
388,694,306,0.306,0.04831072944146763
378,689,311,0.311,0.052912563842646705
330,665,335,0.335,0.05254992702520303
318,659,341,0.341,0.05313812577786484
400,700,300,0.3,0.0535569726082216
424,712,288,0.288,0.042549986052335495
340,670,330,0.33,0.05545508343414986
330,665,335,0.335,0.06039380578332839
376,688,312,0.312,0.049913439326071965
308,654,346,0.346,0.05387497989839903
366,683,317,0.317,0.043061911301480224
404,702,298,0.298,0.031613929111043035
358,679,321,0.321,0.048694401633986674
294,647,353,0.353,0.045570731669236066
374,687,313,0.313,0.042335440678600206
372,686,314,0.314,0.03680872158307193
320,660,340,0.34,0.04529058057306156
396,698,302,0.302,0.04460749711936353
406,703,297,0.297,0.038800711032717115
380,690,310,0.31,0.04011514899540225
382,691,309,0.309,0.039251263019385536
334,667,333,0.333,0.04337161148060386
366,683,317,0.317,0.03511153485880641
396,698,302,0.302,0.03423357283346013
416,708,292,0.292,0.03257867049468473
366,683,317,0.317,0.03424837250769656
400,700,300,0.3,0.0313094885209388
398,699,301,0.301,0.03669067830144445
352,676,324,0.324,0.02915978884595654
368,684,316,0.316,0.03760653856656245
342,671,329,0.329,0.04287006881204934
334,667,333,0.333,0.03727906741290327
354,677,323,0.323,0.03994720099633719
336,668,332,0.332,0.04553407916545461
366,683,317,0.317,0.043629062309909844
300,650,350,0.35,0.039193804166344305
262,631,369,0.369,0.0509402110151259
348,674,326,0.326,0.04428869720578723
376,688,312,0.312,0.045210023549992
318,659,341,0.341,0.04091958744336898
412,706,294,0.294,0.03454327637924598
318,659,341,0.341,0.060247973006597025
356,678,322,0.322,0.04682786551525351
374,687,313,0.313,0.03833677153259032
390,695,305,0.305,0.04234417157886219
372,686,314,0.314,0.042227774539401706
360,680,320,0.32,0.04190772322688668
410,705,295,0.295,0.0405337784452604
408,704,296,0.296,0.04614303023213733
372,686,314,0.314,0.04739735201754411
388,694,306,0.306,0.044204692322707614
334,667,333,0.333,0.03762854284943657
304,652,348,0.348,0.04943312836266159
370,685,315,0.315,0.048569780203647495
296,648,352,0.352,0.05071649563833057
364,682,318,0.318,0.046197320754655324
374,687,313,0.313,0.05305716967892158
358,679,321,0.321,0.056945947843812975
390,695,305,0.305,0.04531092935718129
362,681,319,0.319,0.04247488121861443
306,653,347,0.347,0.04973012829545769
332,666,334,0.334,0.0452757898281252
392,696,304,0.304,0.03796124155522193
354,677,323,0.323,0.03822657158766492
380,690,310,0.31,0.04741682827144541
342,671,329,0.329,0.04314700440969921
394,697,303,0.303,0.03664827313559363
328,664,336,0.336,0.05155232539623376
382,691,309,0.309,0.03888646674727624
364,682,318,0.318,0.03659452872892916
398,699,301,0.301,0.042442572851862675
388,694,306,0.306,0.04452287023860253
334,667,333,0.333,0.03879653294085256
324,662,338,0.338,0.047174298341375105
344,672,328,0.328,0.04413795124767671
412,706,294,0.294,0.03762237090491249
402,701,299,0.299,0.03503300195716747
392,696,304,0.304,0.044121600654999836
438,719,281,0.281,0.03558146201772865
350,675,325,0.325,0.03972845161441432
378,689,311,0.311,0.043455822520553855
406,703,297,0.297,0.044070425545065975
400,700,300,0.3,0.026780117522929685
364,682,318,0.318,0.031633041638914054
338,669,331,0.331,0.03617314388376394
414,707,293,0.293,0.04506889587842875
328,664,336,0.336,0.031213286612972978
392,696,304,0.304,0.03339835322863098
304,652,348,0.348,0.0482114497175877
388,694,306,0.306,0.04165106243892387
310,655,345,0.345,0.043186417989517625
382,691,309,0.309,0.03358389710702943
416,708,292,0.292,0.03500223549616885
346,673,327,0.327,0.03466248018287962
376,688,312,0.312,0.03751006617032226
346,673,327,0.327,0.031344844726376664
384,692,308,0.308,0.0359817457019908
398,699,301,0.301,0.04557324810482942
386,693,307,0.307,0.04068651304896866
404,702,298,0.298,0.03957372202099714
330,665,335,0.335,0.03649743182398379
364,682,318,0.318,0.04832233709461593
344,672,328,0.328,0.048365719159037326
390,695,305,0.305,0.04061459282288069
384,692,308,0.308,0.03976165790832165
322,661,339,0.339,0.05263201467368844
322,661,339,0.339,0.03847299725424046
314,657,343,0.343,0.041597071615619825
348,674,326,0.326,0.03853050004663237
372,686,314,0.314,0.04042788355755238
350,675,325,0.325,0.0390145548365399
376,688,312,0.312,0.032956956359417915
312,656,344,0.344,0.045882943578518735
374,687,313,0.313,0.03735623358466637
392,696,304,0.304,0.048117522944452276
342,671,329,0.329,0.04458412827697157
402,701,299,0.299,0.0404528171076131
386,693,307,0.307,0.0385447732794064
320,660,340,0.34,0.05016503057303635
324,662,338,0.338,0.04300126339358212
358,679,321,0.321,0.038060403908511946
374,687,313,0.313,0.03652436018039907
396,698,302,0.302,0.035714561123053046
414,707,293,0.293,0.03539038205257088
320,660,340,0.34,0.039044229306024136
430,715,285,0.285,0.03570743184636672
328,664,336,0.336,0.04724829339502685
346,673,327,0.327,0.03356948004834248
450,725,275,0.275,0.03526376568600767
312,656,344,0.344,0.043525313834242754
384,692,308,0.308,0.037174254416650454
382,691,309,0.309,0.0342303713566875
338,669,331,0.331,0.0357870488080639
352,676,324,0.324,0.030081429836353892
416,708,292,0.292,0.042591185592448254
344,672,328,0.328,0.04112733328825304
322,661,339,0.339,0.041020740853176446
372,686,314,0.314,0.036531420825662284
366,683,317,0.317,0.04284262322851828
356,678,322,0.322,0.039627770690809715
368,684,316,0.316,0.04152284224526011
418,709,291,0.291,0.03668216382329683
326,663,337,0.337,0.038080828015685256
368,684,316,0.316,0.04007266535807321
402,701,299,0.299,0.045806169446445895
382,691,309,0.309,0.04057384693557378
370,685,315,0.315,0.042380814532601334
356,678,322,0.322,0.036599116477886585
396,698,302,0.302,0.03203060288843153
348,674,326,0.326,0.04181254652677217
408,704,296,0.296,0.026580574432333835
332,666,334,0.334,0.04054472622395906
402,701,299,0.299,0.03417209069349247
346,673,327,0.327,0.03596213539237912
320,660,340,0.34,0.038281591562356596
366,683,317,0.317,0.034883579937092235
434,717,283,0.283,0.033779370308961915
382,691,309,0.309,0.03539114482749983
374,687,313,0.313,0.048968399465071796
368,684,316,0.316,0.03324353066626054
348,674,326,0.326,0.033856216326009644
394,697,303,0.303,0.029022498355234346
378,689,311,0.311,0.03251775408957229
398,699,301,0.301,0.03295759693128229
340,670,330,0.33,0.03131397178598769
400,700,300,0.3,0.02723896285828164
326,663,337,0.337,0.03806173138222766
344,672,328,0.328,0.025659722548268746
402,701,299,0.299,0.037747489260393875
372,686,314,0.314,0.03348339228974873
342,671,329,0.329,0.035740893618954946
396,698,302,0.302,0.03686537239304175
386,693,307,0.307,0.03549430382737623
420,710,290,0.29,0.03569828828167579
342,671,329,0.329,0.034603718228551544
350,675,325,0.325,0.03296635122813251
310,655,345,0.345,0.030237926884163244
378,689,311,0.311,0.03772340263381943
382,691,309,0.309,0.03745507816736614
370,685,315,0.315,0.027512777420859436
394,697,303,0.303,0.03617044552780567
406,703,297,0.297,0.03129450271988367
430,715,285,0.285,0.03235342528754757
306,653,347,0.347,0.03279704267581201
414,707,293,0.293,0.028065332624782287
400,700,300,0.3,0.024966990102355438
420,710,290,0.29,0.02821250640186929
394,697,303,0.303,0.03105691543869034
388,694,306,0.306,0.03181107762386523
362,681,319,0.319,0.024761000019788867
366,683,317,0.317,0.029341977921594008
338,669,331,0.331,0.030703216104526292
382,691,309,0.309,0.030100704891559516
370,685,315,0.315,0.028140994157805892
300,650,350,0.35,0.03604805643367081
356,678,322,0.322,0.03208328590577207
372,686,314,0.314,0.034739502962868075
388,694,306,0.306,0.02428167904269969
338,669,331,0.331,0.03454560599145225
378,689,311,0.311,0.036110048198200274
302,651,349,0.349,0.04003503547347509
350,675,325,0.325,0.042205356830944084
384,692,308,0.308,0.035356984981124696
340,670,330,0.33,0.03653063225538108
384,692,308,0.308,0.03581150639592761
370,685,315,0.315,0.03730342993638078
322,661,339,0.339,0.04155257429971868
344,672,328,0.328,0.03511911057151337
382,691,309,0.309,0.03343222721946694
306,653,347,0.347,0.03547520498630592
372,686,314,0.314,0.036893425937086076
368,684,316,0.316,0.036497720296674516
446,723,277,0.277,0.03206354450131596
352,676,324,0.324,0.027729192332275488
332,666,334,0.334,0.03586027508739789
272,636,364,0.364,0.03462393352894515
338,669,331,0.331,0.04063999989233912
364,682,318,0.318,0.03242698355723087
380,690,310,0.31,0.04305921575152684
370,685,315,0.315,0.039862424225435004
376,688,312,0.312,0.038790321158132884
358,679,321,0.321,0.04570988681642149
320,660,340,0.34,0.03800760436258326
442,721,279,0.279,0.030973650469361586
376,688,312,0.312,0.035165638118286095
438,719,281,0.281,0.030849389168954987
350,675,325,0.325,0.033173301749392065
370,685,315,0.315,0.03489261311713489
338,669,331,0.331,0.03562626628102953
322,661,339,0.339,0.027394402651038034
470,735,265,0.265,0.020105914184024187
404,702,298,0.298,0.033058454417579014
396,698,302,0.302,0.027992454730737904
366,683,317,0.317,0.03719213429682156
392,696,304,0.304,0.026761729104517996
378,689,311,0.311,0.02578161642898135
364,682,318,0.318,0.03658122016066705
398,699,301,0.301,0.02804636960324598
334,667,333,0.333,0.02738759507195664
356,678,322,0.322,0.028506736765935785
270,635,365,0.365,0.03810918367597458
328,664,336,0.336,0.035198229654338095
366,683,317,0.317,0.029061304437946547
370,685,315,0.315,0.025311830591158525
378,689,311,0.311,0.02586883855335111
396,698,302,0.302,0.02778002318208462
376,688,312,0.312,0.04313109825752281
352,676,324,0.324,0.03608464222242401
368,684,316,0.316,0.038070025067650025
372,686,314,0.314,0.03719784054520369
346,673,327,0.327,0.03558499010694004
360,680,320,0.32,0.03670756687120138
380,690,310,0.31,0.0337420852663613
350,675,325,0.325,0.03497399497230049
288,644,356,0.356,0.036059877084775566
374,687,313,0.313,0.03293429871907301
320,660,340,0.34,0.028355395418954685
392,696,304,0.304,0.0331968762103113
404,702,298,0.298,0.03344905441174842
312,656,344,0.344,0.040563123201788585
328,664,336,0.336,0.033850962564084965
354,677,323,0.323,0.03437918414565888
294,647,353,0.353,0.034438809902304454
382,691,309,0.309,0.042398617276001575
330,665,335,0.335,0.03428455738367063
302,651,349,0.349,0.042932880602514954
396,698,302,0.302,0.0364595441724851
320,660,340,0.34,0.029296932469220792
338,669,331,0.331,0.05072387230532871
394,697,303,0.303,0.027070884154888973
384,692,308,0.308,0.03484501263980951
302,651,349,0.349,0.03844127002094456
348,674,326,0.326,0.0325826127330829
432,716,284,0.284,0.030928033664324176
264,632,368,0.368,0.04427892689495729
354,677,323,0.323,0.031041854163197966
374,687,313,0.313,0.037324679476339384
364,682,318,0.318,0.036046898416450174
406,703,297,0.297,0.03177159034172837
372,686,314,0.314,0.038249870679022475
422,711,289,0.289,0.03234430355658422
394,697,303,0.303,0.039259474970263226
404,702,298,0.298,0.027135700542771247
364,682,318,0.318,0.027687734711027586
386,693,307,0.307,0.023483605278875955
352,676,324,0.324,0.037906612967770655
358,679,321,0.321,0.02802364652660762
418,709,291,0.291,0.0254788549799905
356,678,322,0.322,0.02497973668866075
388,694,306,0.306,0.021034837077308792
348,674,326,0.326,0.03289923155261499
348,674,326,0.326,0.026079609790671837
370,685,315,0.315,0.02231308047704374
348,674,326,0.326,0.02419651692040179
416,708,292,0.292,0.026477895765262018
422,711,289,0.289,0.03778897980000551
360,680,320,0.32,0.03035232394463901
408,704,296,0.296,0.026732796002656867
360,680,320,0.32,0.02613742064641832
336,668,332,0.332,0.0314857938520272
352,676,324,0.324,0.029071612217097937
308,654,346,0.346,0.04067297754524623
320,660,340,0.34,0.02968644493150282
356,678,322,0.322,0.03696513231615768
402,701,299,0.299,0.02811601976840666
374,687,313,0.313,0.030849203635020216
384,692,308,0.308,0.02734563202036179
348,674,326,0.326,0.03187721031084604
382,691,309,0.309,0.030614744632649946
404,702,298,0.298,0.027326964017142474
340,670,330,0.33,0.030134511489716145
388,694,306,0.306,0.03019265331584802
378,689,311,0.311,0.03129321453698981
300,650,350,0.35,0.032917681587127844
386,693,307,0.307,0.032170195990258665
434,717,283,0.283,0.029466252906573117
344,672,328,0.328,0.03196597200000633
380,690,310,0.31,0.030114542663282465
360,680,320,0.32,0.033830928292624775
410,705,295,0.295,0.032796061026338745
380,690,310,0.31,0.020748987585326062
336,668,332,0.332,0.032354867134834875
464,732,268,0.268,0.026211344274699514
406,703,297,0.297,0.021872770539941484
358,679,321,0.321,0.025249518139729275
334,667,333,0.333,0.026834007104786537
406,703,297,0.297,0.02254068470560361
394,697,303,0.303,0.02514676803403063
362,681,319,0.319,0.023518033496654198
392,696,304,0.304,0.02192426378810778
286,643,357,0.357,0.026716991178387387
414,707,293,0.293,0.020003604428165657
360,680,320,0.32,0.03331027696340516
358,679,321,0.321,0.024009431064481078
340,670,330,0.33,0.027107474663878292
368,684,316,0.316,0.023742207337373315
368,684,316,0.316,0.02226685210560788
372,686,314,0.314,0.025908537959795693
374,687,313,0.313,0.025143606081656344
372,686,314,0.314,0.03192938412634311
446,723,277,0.277,0.02785057036017881
356,678,322,0.322,0.02805842336674323
376,688,312,0.312,0.021424167327263377
368,684,316,0.316,0.02337500215053541
372,686,314,0.314,0.02976919862047771
344,672,328,0.328,0.027277002101658582
392,696,304,0.304,0.028236202775722405
306,653,347,0.347,0.028949310868460996
354,677,323,0.323,0.02355461501226307
382,691,309,0.309,0.025504856189792462
342,671,329,0.329,0.030177726970827278
344,672,328,0.328,0.03160923729520948
370,685,315,0.315,0.027218493209617237
434,717,283,0.283,0.02614620355067041
288,644,356,0.356,0.032506270717734195
386,693,307,0.307,0.027764974314398613
386,693,307,0.307,0.03156281745830415
360,680,320,0.32,0.026346134045991107
284,642,358,0.358,0.03160868132667537
342,671,329,0.329,0.0305531404042367
412,706,294,0.294,0.02330112739551396
368,684,316,0.316,0.027841007342622306
404,702,298,0.298,0.029567002101027754
336,668,332,0.332,0.029116193064513483
338,669,331,0.331,0.0385428084923542
404,702,298,0.298,0.0247723008936606
456,728,272,0.272,0.029731751918174454
364,682,318,0.318,0.031184090449160762
358,679,321,0.321,0.02979584872439
368,684,316,0.316,0.03150137074528812
354,677,323,0.323,0.02712236828688492
366,683,317,0.317,0.027320679383253037
392,696,304,0.304,0.026381877551636877
376,688,312,0.312,0.026396802038184886
404,702,298,0.298,0.025362094077616804
414,707,293,0.293,0.025764909839811764
348,674,326,0.326,0.02826190923420438
320,660,340,0.34,0.03210354304603061
382,691,309,0.309,0.025472644350041946
372,686,314,0.314,0.027716453380333406
308,654,346,0.346,0.026207498373200907
356,678,322,0.322,0.02679235588908887
286,643,357,0.357,0.03964436651808773
316,658,342,0.342,0.03589561087444471
332,666,334,0.334,0.03162171259530441
344,672,328,0.328,0.027774251077360985
428,714,286,0.286,0.03141049158321539
358,679,321,0.321,0.034649487262118785
388,694,306,0.306,0.03274073749981335
354,677,323,0.323,0.0335916472415629
428,714,286,0.286,0.030688589731480535
400,700,300,0.3,0.03291381050385371
402,701,299,0.299,0.028993269308824152
370,685,315,0.315,0.030857708317289963
362,681,319,0.319,0.025826134061416723
436,718,282,0.282,0.02856748506364261
414,707,293,0.293,0.02155999195939535
384,692,308,0.308,0.018240753390547298
378,689,311,0.311,0.023151522846425195
360,680,320,0.32,0.0226669405867043
428,714,286,0.286,0.020309748970778172
294,647,353,0.353,0.019471422237553042
374,687,313,0.313,0.01975074101665851
370,685,315,0.315,0.02114222273271889
414,707,293,0.293,0.022380956244597853
384,692,308,0.308,0.0239490669078952
362,681,319,0.319,0.022229036478867443
310,655,345,0.345,0.02477421682101442
382,691,309,0.309,0.026558276328242925
368,684,316,0.316,0.021323291790195754
360,680,320,0.32,0.029642937186124527
346,673,327,0.327,0.02447973730980675
420,710,290,0.29,0.023830434009513738
388,694,306,0.306,0.025661871991428144
334,667,333,0.333,0.02272580935487076
380,690,310,0.31,0.026537190663198543
366,683,317,0.317,0.024519606313143868
350,675,325,0.325,0.02421433569360147
352,676,324,0.324,0.027520132479062796
380,690,310,0.31,0.029263847881439917
386,693,307,0.307,0.026144569760353134
402,701,299,0.299,0.03009221875197477
330,665,335,0.335,0.02278046222739249
352,676,324,0.324,0.03230553277602848
374,687,313,0.313,0.031954801323941864
368,684,316,0.316,0.0260043762338928
390,695,305,0.305,0.03017047443138836
326,663,337,0.337,0.02711377207861551
378,689,311,0.311,0.022231059310345018
446,723,277,0.277,0.021686969586368603
412,706,294,0.294,0.02305407860611206
310,655,345,0.345,0.02661604220915615
402,701,299,0.299,0.023672902238725896
370,685,315,0.315,0.025409466294971254
372,686,314,0.314,0.02523592914537369
384,692,308,0.308,0.025700894932867185
380,690,310,0.31,0.025225689064410743
436,718,282,0.282,0.016872917189394116
336,668,332,0.332,0.02255860743659855
338,669,331,0.331,0.033282720751023134
388,694,306,0.306,0.020547769137627257
344,672,328,0.328,0.03038326454897674
394,697,303,0.303,0.02461589384257138
436,718,282,0.282,0.025249240556169526
388,694,306,0.306,0.024722164551370496
348,674,326,0.326,0.0256365013221307
394,697,303,0.303,0.026008739057419718
314,657,343,0.343,0.02641382629110012
390,695,305,0.305,0.02913261493895402
408,704,296,0.296,0.022457563915234416
338,669,331,0.331,0.025429345412841912
362,681,319,0.319,0.02842890035564096
342,671,329,0.329,0.03666103007509901
316,658,342,0.342,0.02929164053320119
340,670,330,0.33,0.029944907924194922
336,668,332,0.332,0.02892650443053117
314,657,343,0.343,0.03435851581374527
418,709,291,0.291,0.029242315407727232
364,682,318,0.318,0.028332900973323603
370,685,315,0.315,0.029754726193064983
408,704,296,0.296,0.03018025906529408
362,681,319,0.319,0.033174383115223464
316,658,342,0.342,0.030655019711799014
378,689,311,0.311,0.02719668244124705
434,717,283,0.283,0.032084376788084686
328,664,336,0.336,0.030970081651281588
372,686,314,0.314,0.025657315296024764
368,684,316,0.316,0.029549464381608232
320,660,340,0.34,0.03008593840273443
338,669,331,0.331,0.0296463579572478
392,696,304,0.304,0.028251312421249168
408,704,296,0.296,0.02972036555654131
364,682,318,0.318,0.023466838061870703
338,669,331,0.331,0.02838309880877864
320,660,340,0.34,0.030667981625628046
366,683,317,0.317,0.024258515358205727
378,689,311,0.311,0.02610495178186676
346,673,327,0.327,0.025672085117755615
350,675,325,0.325,0.039473741617316135
364,682,318,0.318,0.02630478844882555
382,691,309,0.309,0.025633096314689397
376,688,312,0.312,0.03091439213191825
346,673,327,0.327,0.031196348908334188
350,675,325,0.325,0.02649644845875582
306,653,347,0.347,0.03252202636902393
344,672,328,0.328,0.0401659596992813
420,710,290,0.29,0.03029869247444094
426,713,287,0.287,0.02996224178078819
366,683,317,0.317,0.03370529426248231
384,692,308,0.308,0.029887507204615246
356,678,322,0.322,0.026410445833562734
408,704,296,0.296,0.025438081503280727
328,664,336,0.336,0.03556195612215447
424,712,288,0.288,0.03066073776282286
362,681,319,0.319,0.026241605820472046
368,684,316,0.316,0.020002270747523598
352,676,324,0.324,0.02645780835575158
358,679,321,0.321,0.03188237948525966
390,695,305,0.305,0.026696455957284343
370,685,315,0.315,0.021019921807010407
320,660,340,0.34,0.02210269544207131
360,680,320,0.32,0.028006748610263685
348,674,326,0.326,0.026092747940825858
386,693,307,0.307,0.0218982510882268
380,690,310,0.31,0.02265105752165573
340,670,330,0.33,0.02840753910486774
364,682,318,0.318,0.03264259773978029
358,679,321,0.321,0.031219663728921206
408,704,296,0.296,0.02825065906459781
368,684,316,0.316,0.027154692880501898
392,696,304,0.304,0.03040929943874653
338,669,331,0.331,0.032068306171663605
380,690,310,0.31,0.03355940778886861
348,674,326,0.326,0.022592392052958304
350,675,325,0.325,0.026815449037196785
352,676,324,0.324,0.02542290552059194
298,649,351,0.351,0.027172101949675835
302,651,349,0.349,0.032109501582856866
420,710,290,0.29,0.026865960099326458
368,684,316,0.316,0.025165347875029512
358,679,321,0.321,0.025743039370952375
350,675,325,0.325,0.031144593479247307
340,670,330,0.33,0.03046780333878496
378,689,311,0.311,0.034076557711575785
396,698,302,0.302,0.02968616849723185
342,671,329,0.329,0.032739213805781216
372,686,314,0.314,0.028314352883609218
396,698,302,0.302,0.029938198099254465
314,657,343,0.343,0.03312311489625949
344,672,328,0.328,0.02866463951776768
374,687,313,0.313,0.025151494794701194
348,674,326,0.326,0.03142775135640346
440,720,280,0.28,0.02493751589081691
404,702,298,0.298,0.026748514845092813
340,670,330,0.33,0.027829257818636877
428,714,286,0.286,0.02597000761471054
392,696,304,0.304,0.021937523890125703
398,699,301,0.301,0.018917311838113248
346,673,327,0.327,0.025190850161402864
330,665,335,0.335,0.018464522572538045
338,669,331,0.331,0.02101500929915565
384,692,308,0.308,0.02003004659410544
316,658,342,0.342,0.026367739246912266
344,672,328,0.328,0.03314704086927861
366,683,317,0.317,0.030670652936990565
350,675,325,0.325,0.029845702624082805
364,682,318,0.318,0.025572438209569556
374,687,313,0.313,0.023436925224205426
418,709,291,0.291,0.023255799722534904
350,675,325,0.325,0.031289473822639594
412,706,294,0.294,0.028687724699282966
370,685,315,0.315,0.0268363286202416
324,662,338,0.338,0.027244828853175477
332,666,334,0.334,0.026235799866977702
388,694,306,0.306,0.028365524554270907
318,659,341,0.341,0.026921000427018383
374,687,313,0.313,0.032598303203196566
350,675,325,0.325,0.026122246515778217
368,684,316,0.316,0.02077172256881977
364,682,318,0.318,0.024085387150732912
380,690,310,0.31,0.028129130529953472
380,690,310,0.31,0.02308436388605742
372,686,314,0.314,0.02123407772778205
352,676,324,0.324,0.029126010970360453
388,694,306,0.306,0.022898265188442225
372,686,314,0.314,0.022136812956797938
402,701,299,0.299,0.0191611230121207
346,673,327,0.327,0.02544196222929486
312,656,344,0.344,0.029036919509127075
400,700,300,0.3,0.029999117270507213
380,690,310,0.31,0.02131724083863651
396,698,302,0.302,0.019136953101334484
370,685,315,0.315,0.027013598979802735
316,658,342,0.342,0.02630918074647161
354,677,323,0.323,0.02534637621689012
370,685,315,0.315,0.036074930135469516
304,652,348,0.348,0.025605959003974135
346,673,327,0.327,0.026500930072451183
380,690,310,0.31,0.026335992248491494
426,713,287,0.287,0.01795984504311582
390,695,305,0.305,0.022268042256918308
410,705,295,0.295,0.020810117371318937
372,686,314,0.314,0.029442230701590633
372,686,314,0.314,0.02555220322859259
416,708,292,0.292,0.028393435185726616
396,698,302,0.302,0.027274287387815663
280,640,360,0.36,0.029209121648136716
332,666,334,0.334,0.02189129621184452
330,665,335,0.335,0.026544895040736264
458,729,271,0.271,0.021004475489997503
366,683,317,0.317,0.02370971887531414
392,696,304,0.304,0.018045398434302116
366,683,317,0.317,0.026468089656884332
410,705,295,0.295,0.029690440726861653
344,672,328,0.328,0.026125765425205116
336,668,332,0.332,0.025990141368984043
364,682,318,0.318,0.0241971112383128
408,704,296,0.296,0.02539572664816603
344,672,328,0.328,0.026432385018166086
394,697,303,0.303,0.021377672375843305
358,679,321,0.321,0.02699951320566561
352,676,324,0.324,0.026374856399362216
390,695,305,0.305,0.019631314096059015
434,717,283,0.283,0.016161225880243706
380,690,310,0.31,0.01967134660334551
380,690,310,0.31,0.023333061740472033
336,668,332,0.332,0.021144983187879007
374,687,313,0.313,0.021243652729757742
346,673,327,0.327,0.0233814598020449
368,684,316,0.316,0.023125306101789277
390,695,305,0.305,0.02564341550987129
356,678,322,0.322,0.027868326217438393
344,672,328,0.328,0.021015320329374504
400,700,300,0.3,0.02530638047574507
328,664,336,0.336,0.029041285736564306
362,681,319,0.319,0.024460969844059946
380,690,310,0.31,0.027146935809352728
378,689,311,0.311,0.02866034462254538
380,690,310,0.31,0.03360516150191188
354,677,323,0.323,0.028155892243190237
348,674,326,0.326,0.02861533779289448
326,663,337,0.337,0.03596673548387719
402,701,299,0.299,0.028678447024437902
400,700,300,0.3,0.030242189292362467
306,653,347,0.347,0.03143313321477581
392,696,304,0.304,0.027642092398413125
344,672,328,0.328,0.032150761160810816
332,666,334,0.334,0.02815738015256329
310,655,345,0.345,0.02520355472788583
444,722,278,0.278,0.023427694238734375
352,676,324,0.324,0.023778398520525684
412,706,294,0.294,0.025440922863706306
368,684,316,0.316,0.02346776129813088
412,706,294,0.294,0.025852523052663175
358,679,321,0.321,0.02632656246491024
414,707,293,0.293,0.027018266038784985
376,688,312,0.312,0.02537366278809971
346,673,327,0.327,0.023212380240575668
364,682,318,0.318,0.024273579293839703
310,655,345,0.345,0.02429614894899396
352,676,324,0.324,0.031675638772638536
406,703,297,0.297,0.02900246338663652
400,700,300,0.3,0.023675619505563305
328,664,336,0.336,0.025457550301410038
428,714,286,0.286,0.021227359608909636
376,688,312,0.312,0.024624850415575224
360,680,320,0.32,0.0237494832482555
304,652,348,0.348,0.03184685476749235
334,667,333,0.333,0.027046855305610507
362,681,319,0.319,0.026844872119359934
382,691,309,0.309,0.02423150136390359
376,688,312,0.312,0.027408796352352795
364,682,318,0.318,0.02635528071967201
394,697,303,0.303,0.029939431401009187
374,687,313,0.313,0.02251896408159689
342,671,329,0.329,0.02475875143664311
416,708,292,0.292,0.02570200802936279
378,689,311,0.311,0.024383302501593335
368,684,316,0.316,0.02669251905348638
308,654,346,0.346,0.020982807024687872
328,664,336,0.336,0.023591567008123093
364,682,318,0.318,0.027669462535281356
358,679,321,0.321,0.027295897660483064
346,673,327,0.327,0.026196266944330773
366,683,317,0.317,0.02536031406694292
394,697,303,0.303,0.028666799560347043
388,694,306,0.306,0.024525665325697103
414,707,293,0.293,0.02221063345381026
370,685,315,0.315,0.021308018639719192
368,684,316,0.316,0.02851691115137851
446,723,277,0.277,0.020933013969233458
386,693,307,0.307,0.02075253646448209
350,675,325,0.325,0.023308533054896087
416,708,292,0.292,0.015993098702367887
428,714,286,0.286,0.021211510622148468
362,681,319,0.319,0.025153142943945453
348,674,326,0.326,0.02468929488341621
362,681,319,0.319,0.01713762250726046
356,678,322,0.322,0.019997306828410614
298,649,351,0.351,0.023203200413274033
288,644,356,0.356,0.028776541149411514
408,704,296,0.296,0.022551689187807596
304,652,348,0.348,0.020712876567603303
396,698,302,0.302,0.024137290209665253
348,674,326,0.326,0.03187351625862766
308,654,346,0.346,0.030036158292779874
370,685,315,0.315,0.03524540286683896
322,661,339,0.339,0.03880952679234474
380,690,310,0.31,0.03006387139396793
392,696,304,0.304,0.030869984636225128
358,679,321,0.321,0.032913076598579206
364,682,318,0.318,0.03085062795677004
370,685,315,0.315,0.03342877170286374
294,647,353,0.353,0.03657233975157169
388,694,306,0.306,0.03091409006846584
390,695,305,0.305,0.031382387176640804
318,659,341,0.341,0.03171388703221783
366,683,317,0.317,0.030576515746006633
400,700,300,0.3,0.02458648393393423
414,707,293,0.293,0.0280340583310375
388,694,306,0.306,0.028537126333859304
362,681,319,0.319,0.028628163226089784
364,682,318,0.318,0.02069313747326032
362,681,319,0.319,0.028294397610703355
328,664,336,0.336,0.02327423764008279
408,704,296,0.296,0.023861279481706247
306,653,347,0.347,0.02664126955653046
336,668,332,0.332,0.02949559458802719
392,696,304,0.304,0.023678554193307035
372,686,314,0.314,0.028827489108950884
414,707,293,0.293,0.02211307326411452
356,678,322,0.322,0.027253442499440096
324,662,338,0.338,0.02906625853873925
404,702,298,0.298,0.025156866325479314
358,679,321,0.321,0.030937534287241646
312,656,344,0.344,0.03327867169474774
356,678,322,0.322,0.0235666813472194
326,663,337,0.337,0.028010254671286476
320,660,340,0.34,0.028917935504515754
384,692,308,0.308,0.028775465022160007
378,689,311,0.311,0.026927703829276426
312,656,344,0.344,0.02466824344225279
326,663,337,0.337,0.03586397488659668
328,664,336,0.336,0.035647916002846614
354,677,323,0.323,0.03292230965780914
356,678,322,0.322,0.03578030097143943
300,650,350,0.35,0.034300662309090284
334,667,333,0.333,0.036355591457006085
368,684,316,0.316,0.02713231681174602
314,657,343,0.343,0.035925555477718266
364,682,318,0.318,0.031713234364621715
362,681,319,0.319,0.030757988119141145
330,665,335,0.335,0.030696212753489816
374,687,313,0.313,0.03556942827196599
334,667,333,0.333,0.034318129127594146
350,675,325,0.325,0.03759709476122447
358,679,321,0.321,0.030629099372984227
328,664,336,0.336,0.033131850551492335
384,692,308,0.308,0.029500829185852125
340,670,330,0.33,0.02618755259190067
362,681,319,0.319,0.027439436787853082
354,677,323,0.323,0.025086614494188326
340,670,330,0.33,0.029529553331371163
356,678,322,0.322,0.02902964742624755
362,681,319,0.319,0.026374177704864225
378,689,311,0.311,0.027018819968430988
382,691,309,0.309,0.02379426207720769
410,705,295,0.295,0.019944673029709863
352,676,324,0.324,0.022841568017200872
366,683,317,0.317,0.02953822363188658
396,698,302,0.302,0.022757973014376147
342,671,329,0.329,0.0211788286890785
346,673,327,0.327,0.026984740179034815
354,677,323,0.323,0.030307825788052013
338,669,331,0.331,0.02447403121820929
346,673,327,0.327,0.026118504215019357
364,682,318,0.318,0.02651466396192427
342,671,329,0.329,0.026930332852158585
308,654,346,0.346,0.033853852825128566
380,690,310,0.31,0.02750309368640785
310,655,345,0.345,0.028405329040888775
388,694,306,0.306,0.025637394149715872
398,699,301,0.301,0.028097970115883074
338,669,331,0.331,0.02906616152116203
356,678,322,0.322,0.030404517713004224
348,674,326,0.326,0.0284979389592645
344,672,328,0.328,0.02784168411621215
398,699,301,0.301,0.026706242911546725
416,708,292,0.292,0.02209962039188349
320,660,340,0.34,0.02644060023721977
430,715,285,0.285,0.023208376185320047
418,709,291,0.291,0.01949905398707665
346,673,327,0.327,0.01938305564455868
370,685,315,0.315,0.020865574306527777
370,685,315,0.315,0.023026971325467684
388,694,306,0.306,0.020156984848600644
402,701,299,0.299,0.014237258568216461
394,697,303,0.303,0.021936141710727726
360,680,320,0.32,0.026266735710589954
352,676,324,0.324,0.020748111222986722
362,681,319,0.319,0.020341882500893915
340,670,330,0.33,0.02366274736513833
404,702,298,0.298,0.02418034000587147
362,681,319,0.319,0.018801702570765827
318,659,341,0.341,0.02484037507545122
328,664,336,0.336,0.02879013133343358
278,639,361,0.361,0.028569149963751896
376,688,312,0.312,0.028424934520908208
334,667,333,0.333,0.03467126794503599
350,675,325,0.325,0.02966681841386526
376,688,312,0.312,0.031217254989404863
388,694,306,0.306,0.024395881317802376
440,720,280,0.28,0.028659270398115496
340,670,330,0.33,0.03336180889808816
344,672,328,0.328,0.031131217354518414
374,687,313,0.313,0.02977387806460274
358,679,321,0.321,0.029353214498794387
382,691,309,0.309,0.0245648719859972
396,698,302,0.302,0.02471467647650661
354,677,323,0.323,0.02309756622245095
380,690,310,0.31,0.022578925958501715
470,735,265,0.265,0.020674264385198968
384,692,308,0.308,0.019689995666731193
416,708,292,0.292,0.019358937802518766
338,669,331,0.331,0.021553515099561993
340,670,330,0.33,0.016720404568082586
268,634,366,0.366,0.02702535971042937
410,705,295,0.295,0.018972449038166247
416,708,292,0.292,0.018759198613064142
358,679,321,0.321,0.020985732381633967
350,675,325,0.325,0.02941785318500115
322,661,339,0.339,0.023616893741802387
430,715,285,0.285,0.027971521440821108
372,686,314,0.314,0.02164914252522999
380,690,310,0.31,0.024054613793100543
342,671,329,0.329,0.025656683125740754
392,696,304,0.304,0.02154264137089831
332,666,334,0.334,0.019710443654869094
328,664,336,0.336,0.026712909449214065
364,682,318,0.318,0.028065289602073336
396,698,302,0.302,0.02291280425903892
324,662,338,0.338,0.02027102724882752
264,632,368,0.368,0.02466247532197326
408,704,296,0.296,0.021202267300420432
390,695,305,0.305,0.028306952649303184
360,680,320,0.32,0.02699375477642343
282,641,359,0.359,0.032944476842731774
414,707,293,0.293,0.02122084712016476
364,682,318,0.318,0.02684000729099614
332,666,334,0.334,0.02696614528064947
338,669,331,0.331,0.02603997177783742
364,682,318,0.318,0.027678701726978033
372,686,314,0.314,0.026884263454112215
372,686,314,0.314,0.024185939430653888
338,669,331,0.331,0.030493699096429735
326,663,337,0.337,0.024890623732138975
392,696,304,0.304,0.024240423061071853
384,692,308,0.308,0.02062073103180478
360,680,320,0.32,0.02431177060559776
396,698,302,0.302,0.0288329073215682
384,692,308,0.308,0.025341317838526264
372,686,314,0.314,0.021805239753383405
404,702,298,0.298,0.02305100101083326
348,674,326,0.326,0.023739709177488806
344,672,328,0.328,0.02515782323269059
342,671,329,0.329,0.02572139205427743
346,673,327,0.327,0.023785409607951807
304,652,348,0.348,0.02610870241257999
374,687,313,0.313,0.02832479681054565
376,688,312,0.312,0.028911393546381076
320,660,340,0.34,0.03269762189092944
388,694,306,0.306,0.022900018091218954
358,679,321,0.321,0.02921758399681039
338,669,331,0.331,0.027709145041576448
364,682,318,0.318,0.02881774471888244
366,683,317,0.317,0.0259344167795532
420,710,290,0.29,0.028453830626370292
292,646,354,0.354,0.031081250576556387
344,672,328,0.328,0.026659437820802337
356,678,322,0.322,0.028771125376566488
346,673,327,0.327,0.03335068675133289
334,667,333,0.333,0.028891464037990318
388,694,306,0.306,0.024934009920975313
360,680,320,0.32,0.02632992906018018
428,714,286,0.286,0.025178672783370076
376,688,312,0.312,0.026654862808453743
330,665,335,0.335,0.02938346649470259
314,657,343,0.343,0.027614392100552776
320,660,340,0.34,0.032072837548385566
376,688,312,0.312,0.02591014721075135
338,669,331,0.331,0.02757865580653652
330,665,335,0.335,0.02501220153312525
312,656,344,0.344,0.030586852172838918
398,699,301,0.301,0.024015446037603395
336,668,332,0.332,0.03433354107387504
368,684,316,0.316,0.031268136713400056
362,681,319,0.319,0.03099800017747293
400,700,300,0.3,0.025019135984120113
372,686,314,0.314,0.024394600661079492
338,669,331,0.331,0.02439089643313662
356,678,322,0.322,0.02289973628083618
300,650,350,0.35,0.020886313961097584
332,666,334,0.334,0.027925253973648863
310,655,345,0.345,0.027892198466292727
368,684,316,0.316,0.03010353030968463
408,704,296,0.296,0.0299700804609638
344,672,328,0.328,0.028111715961365916
370,685,315,0.315,0.030537167841594964
314,657,343,0.343,0.03620867310526592
358,679,321,0.321,0.030197936580338022
390,695,305,0.305,0.024613676688515853
346,673,327,0.327,0.03924777014920528
408,704,296,0.296,0.031514679563868414
394,697,303,0.303,0.02988397130998453
408,704,296,0.296,0.026039012516491482
326,663,337,0.337,0.03283367683476535
374,687,313,0.313,0.027340888880286
382,691,309,0.309,0.025320485904321215
266,633,367,0.367,0.023850657161689923
376,688,312,0.312,0.025132496215677293
378,689,311,0.311,0.024574850822460435
390,695,305,0.305,0.021857536961929356
392,696,304,0.304,0.02381405527446907
408,704,296,0.296,0.020746267439868914
346,673,327,0.327,0.032359918034484965
362,681,319,0.319,0.027780999188888017
342,671,329,0.329,0.025049138194010764
322,661,339,0.339,0.02580350699687142
392,696,304,0.304,0.02617987594741018
360,680,320,0.32,0.022271942415647346
348,674,326,0.326,0.030652702656265546
308,654,346,0.346,0.02757931300395785
324,662,338,0.338,0.03711685008135737
424,712,288,0.288,0.02203018617653197
320,660,340,0.34,0.02595936592797807
388,694,306,0.306,0.026649373272604863
320,660,340,0.34,0.03278450581258721
344,672,328,0.328,0.02866992312270122
386,693,307,0.307,0.031941919879331634
392,696,304,0.304,0.02561150578636125
364,682,318,0.318,0.029301633140978993
378,689,311,0.311,0.031625315897533486
346,673,327,0.327,0.0314173765490591
374,687,313,0.313,0.02780780275485097
360,680,320,0.32,0.027105293011083633
316,658,342,0.342,0.027833690217630647
354,677,323,0.323,0.02560622113417912
290,645,355,0.355,0.035990151786329076
378,689,311,0.311,0.030757415026399032
326,663,337,0.337,0.02852219352445718
386,693,307,0.307,0.03382038481385098
376,688,312,0.312,0.03214294111996469
376,688,312,0.312,0.028710660630744313
346,673,327,0.327,0.028236731364496337
358,679,321,0.321,0.027602019210048637
406,703,297,0.297,0.02565574261556381
420,710,290,0.29,0.024343512383059304
360,680,320,0.32,0.02619514608099803
372,686,314,0.314,0.02521829491424046
366,683,317,0.317,0.027264557909422223
348,674,326,0.326,0.02572035754348417
388,694,306,0.306,0.02134441347455913
382,691,309,0.309,0.023093555983129135
356,678,322,0.322,0.02915420042196365
348,674,326,0.326,0.027004434389875088
424,712,288,0.288,0.025720442080171324
418,709,291,0.291,0.021612840073790492
396,698,302,0.302,0.02278034990469223
336,668,332,0.332,0.022973351874495847
380,690,310,0.31,0.02200502763429165
328,664,336,0.336,0.030978976781499114
300,650,350,0.35,0.01869904367400386
358,679,321,0.321,0.023123822347088437
396,698,302,0.302,0.02748717359392731
378,689,311,0.311,0.02709307504879854
280,640,360,0.36,0.03022555064515018
370,685,315,0.315,0.020957989006919434
376,688,312,0.312,0.029170193389533777
284,642,358,0.358,0.03300214664452005
386,693,307,0.307,0.030153959050449885
354,677,323,0.323,0.033877949527968666
320,660,340,0.34,0.03030883742121739
332,666,334,0.334,0.029679503816061013
334,667,333,0.333,0.027533877736691467
334,667,333,0.333,0.03767000946834832
364,682,318,0.318,0.03390290098537025
402,701,299,0.299,0.030360415410093083
256,628,372,0.372,0.039862142199506706
310,655,345,0.345,0.033131181959316566
398,699,301,0.301,0.02700639645258343
362,681,319,0.319,0.0313282056631665
328,664,336,0.336,0.031847206854573415
316,658,342,0.342,0.033375994640214686
350,675,325,0.325,0.03194630021581907
312,656,344,0.344,0.036440593952918786
378,689,311,0.311,0.029160482484941894
354,677,323,0.323,0.03058672420005314
364,682,318,0.318,0.03817217013263871
416,708,292,0.292,0.030179810890633235
374,687,313,0.313,0.029403284169133258
388,694,306,0.306,0.02868206900741461
296,648,352,0.352,0.03169515948675007
334,667,333,0.333,0.030534919710578833
384,692,308,0.308,0.026722154470793156
358,679,321,0.321,0.028363320284779548
416,708,292,0.292,0.026172481042305663
438,719,281,0.281,0.017786272775610085
334,667,333,0.333,0.02372347833763115
342,671,329,0.329,0.025783796385406278
402,701,299,0.299,0.029320791041363946
398,699,301,0.301,0.02741231962074562
400,700,300,0.3,0.026336862459441363
388,694,306,0.306,0.026653352404663565
348,674,326,0.326,0.026564820447464627
394,697,303,0.303,0.02751070104991322
330,665,335,0.335,0.03229277479731968
324,662,338,0.338,0.0283063904006558
340,670,330,0.33,0.02587795121793374
384,692,308,0.308,0.03230132786741524
352,676,324,0.324,0.025551621466635196
402,701,299,0.299,0.028405898324133885
442,721,279,0.279,0.024560720671925083
412,706,294,0.294,0.02296160407574689
388,694,306,0.306,0.02937855361906452
338,669,331,0.331,0.027823841943348724
388,694,306,0.306,0.017872308544649045
444,722,278,0.278,0.018172072513772945
336,668,332,0.332,0.024126187295344607
386,693,307,0.307,0.021495107966456543
380,690,310,0.31,0.023509993251400827
328,664,336,0.336,0.02091300315178995
402,701,299,0.299,0.017390212141473682
354,677,323,0.323,0.019854565202400865
370,685,315,0.315,0.03018770776716883
388,694,306,0.306,0.018271639663131736
388,694,306,0.306,0.024495225660210507
358,679,321,0.321,0.023171602216188605
352,676,324,0.324,0.023144945287075613
332,666,334,0.334,0.02463778525328962
378,689,311,0.311,0.027127091186608596
420,710,290,0.29,0.023228021993923903
334,667,333,0.333,0.029554293856355798
386,693,307,0.307,0.025334351559500645
370,685,315,0.315,0.032887993509460554
420,710,290,0.29,0.0193998886857662
308,654,346,0.346,0.03199937894614231
328,664,336,0.336,0.031203112334350407
348,674,326,0.326,0.025533609438614803
360,680,320,0.32,0.026895508521244664
424,712,288,0.288,0.022020155689431702
436,718,282,0.282,0.0261622268119886
338,669,331,0.331,0.03199287611681188
376,688,312,0.312,0.022686348172093404
396,698,302,0.302,0.020201523247832028
364,682,318,0.318,0.021292092845402295
310,655,345,0.345,0.022856522269697508
346,673,327,0.327,0.02029133518686808
436,718,282,0.282,0.024760831136191087
318,659,341,0.341,0.024984575945537643
356,678,322,0.322,0.028828175152375478
374,687,313,0.313,0.02475581693564527
426,713,287,0.287,0.023499794612908773
400,700,300,0.3,0.023764195106949045
360,680,320,0.32,0.02674421735241026
342,671,329,0.329,0.02992668241327624
382,691,309,0.309,0.02443294200379978
356,678,322,0.322,0.02147968690829339
364,682,318,0.318,0.021746283392419172
320,660,340,0.34,0.027614669968537783
398,699,301,0.301,0.028036685097309742
388,694,306,0.306,0.023890872872829278
386,693,307,0.307,0.023555849965086507
382,691,309,0.309,0.023559099381231137
274,637,363,0.363,0.029096336710059574
394,697,303,0.303,0.02321637219956847
432,716,284,0.284,0.022105929302351796
394,697,303,0.303,0.02502955173918599
338,669,331,0.331,0.028946373049466276
360,680,320,0.32,0.027326559413944778
354,677,323,0.323,0.02254271830704056
380,690,310,0.31,0.021058321337069173
384,692,308,0.308,0.028161708432532576
374,687,313,0.313,0.02562877596243925
344,672,328,0.328,0.02191129423390339
374,687,313,0.313,0.02381715944406369
352,676,324,0.324,0.028221897747453796
398,699,301,0.301,0.023536912943726746
354,677,323,0.323,0.025394869541416256
388,694,306,0.306,0.02107638789407929
364,682,318,0.318,0.021152144884015796
352,676,324,0.324,0.02456424454052126
356,678,322,0.322,0.02418931618288593
368,684,316,0.316,0.023047847218947936
404,702,298,0.298,0.023976179649417874
324,662,338,0.338,0.02418539074364753
404,702,298,0.298,0.02753588057046818
372,686,314,0.314,0.021636609131740443
318,659,341,0.341,0.03137132229433291
330,665,335,0.335,0.02408005845961361
416,708,292,0.292,0.027689055298557832
346,673,327,0.327,0.02865228999860301
342,671,329,0.329,0.02271934998037068
388,694,306,0.306,0.026938387232410377
438,719,281,0.281,0.024493408546432307
380,690,310,0.31,0.02595169667107234
310,655,345,0.345,0.026601968115378214
390,695,305,0.305,0.02617766247648342
416,708,292,0.292,0.01903683430612318
372,686,314,0.314,0.022814416395303624
358,679,321,0.321,0.020365857615769527
348,674,326,0.326,0.031282319660500435
372,686,314,0.314,0.02492672721537383
364,682,318,0.318,0.02310471470791299
312,656,344,0.344,0.02469530468315952
382,691,309,0.309,0.024588263321926207
386,693,307,0.307,0.02503644100013662
324,662,338,0.338,0.029830486893810303
326,663,337,0.337,0.03005273004390881
324,662,338,0.338,0.029201120284707484
342,671,329,0.329,0.02665295484301896
384,692,308,0.308,0.025148214379605634
326,663,337,0.337,0.03251895973845603
380,690,310,0.31,0.030367011597476904
416,708,292,0.292,0.026575750898661682
392,696,304,0.304,0.02457860097145658
426,713,287,0.287,0.021108770720276768
334,667,333,0.333,0.027369510828381863
398,699,301,0.301,0.024572570895371428
402,701,299,0.299,0.020995783106856607
398,699,301,0.301,0.01968969043812649
374,687,313,0.313,0.0208836425976956
358,679,321,0.321,0.021896242603444988
356,678,322,0.322,0.020505651206273682
288,644,356,0.356,0.022640299634324946
364,682,318,0.318,0.025683598584319157
366,683,317,0.317,0.024547026195761646
426,713,287,0.287,0.024241570283458715
302,651,349,0.349,0.024394578127190016
364,682,318,0.318,0.025733897113756486
336,668,332,0.332,0.029338206454261127
406,703,297,0.297,0.02252301234519291
396,698,302,0.302,0.02818893525986823
320,660,340,0.34,0.033927595957628
354,677,323,0.323,0.02899174697314993
324,662,338,0.338,0.030690820945506857
400,700,300,0.3,0.02604111053408633
374,687,313,0.313,0.027000427994219537
390,695,305,0.305,0.030508191711451672
418,709,291,0.291,0.02772919915935654
408,704,296,0.296,0.024552923905963326
328,664,336,0.336,0.031958226534804
374,687,313,0.313,0.020152476007096083
392,696,304,0.304,0.02140868294970329
376,688,312,0.312,0.01495128654128331
330,665,335,0.335,0.02113144604108409
290,645,355,0.355,0.024894195799302906
384,692,308,0.308,0.02133741925757704
378,689,311,0.311,0.024143758439814946
288,644,356,0.356,0.026306914303257146
362,681,319,0.319,0.025131757333399035
336,668,332,0.332,0.021922880778335183
350,675,325,0.325,0.03452780243121015
328,664,336,0.336,0.0296687961072721
346,673,327,0.327,0.034348991846076385
328,664,336,0.336,0.030102297593393813
352,676,324,0.324,0.032074799646677886
382,691,309,0.309,0.030820662446021743
410,705,295,0.295,0.030161011938278533
348,674,326,0.326,0.03080728796220046
330,665,335,0.335,0.033650191052092854
324,662,338,0.338,0.0282764709121966
324,662,338,0.338,0.0298360308109132
366,683,317,0.317,0.02646201807788475
396,698,302,0.302,0.02727774027292344
360,680,320,0.32,0.027694069931351806
340,670,330,0.33,0.02938863468026102
326,663,337,0.337,0.03293681323537476
372,686,314,0.314,0.0277651040432429
334,667,333,0.333,0.032575676149946955
418,709,291,0.291,0.026737611525300055
354,677,323,0.323,0.030195527913088882
370,685,315,0.315,0.027891756406094374
294,647,353,0.353,0.02860862225992423
392,696,304,0.304,0.029886555095945597
428,714,286,0.286,0.022371536825906334
356,678,322,0.322,0.02488560255184166
328,664,336,0.336,0.022301759901901277
416,708,292,0.292,0.01872312466404287
380,690,310,0.31,0.02517162054737537
422,711,289,0.289,0.024591930681849134
356,678,322,0.322,0.025338511846136044
398,699,301,0.301,0.020567154623217277
298,649,351,0.351,0.0280959617883193
358,679,321,0.321,0.024098417828042784
362,681,319,0.319,0.018364814183526507
398,699,301,0.301,0.020544043219718332
400,700,300,0.3,0.024044940457777556
332,666,334,0.334,0.021554612751169544
376,688,312,0.312,0.02084704078084519
312,656,344,0.344,0.023340592079856948
424,712,288,0.288,0.01948024571781491
410,705,295,0.295,0.020498267765346953
390,695,305,0.305,0.024595069496457882
390,695,305,0.305,0.02241750213562409
346,673,327,0.327,0.024752766484043717
420,710,290,0.29,0.01984154804288846
382,691,309,0.309,0.02611244166696133
338,669,331,0.331,0.021033575728237566
428,714,286,0.286,0.027605208168028184
416,708,292,0.292,0.022826244184874667
354,677,323,0.323,0.020359814474277527
336,668,332,0.332,0.02293291446080275
402,701,299,0.299,0.02356111310314259
334,667,333,0.333,0.016041687738560996
366,683,317,0.317,0.01894777471904507
364,682,318,0.318,0.025333262148825496
348,674,326,0.326,0.025407351828266655
408,704,296,0.296,0.021201562262821085
334,667,333,0.333,0.022956589129135865
366,683,317,0.317,0.019120313135275638
334,667,333,0.333,0.023992439817847072
408,704,296,0.296,0.01962315221789868
376,688,312,0.312,0.018457704194245934
360,680,320,0.32,0.021102165902038904
408,704,296,0.296,0.018914806020553444
344,672,328,0.328,0.023540585424477286
394,697,303,0.303,0.0203266129294542
360,680,320,0.32,0.02161329580415031
430,715,285,0.285,0.017519384816179182
408,704,296,0.296,0.019398715099930085
404,702,298,0.298,0.02112033058611996
376,688,312,0.312,0.02219412327873397
350,675,325,0.325,0.021568246909763274
402,701,299,0.299,0.021495500653012187
352,676,324,0.324,0.022132256850117528
396,698,302,0.302,0.020184191168126062
380,690,310,0.31,0.019450287611685328
290,645,355,0.355,0.021028143833587136
398,699,301,0.301,0.019199818329837397
376,688,312,0.312,0.018233605468200836
308,654,346,0.346,0.024943648984419555
348,674,326,0.326,0.022534675089231314
384,692,308,0.308,0.021728687871564716
368,684,316,0.316,0.02438576622203891
386,693,307,0.307,0.02481546728439025
384,692,308,0.308,0.02091803683419653
366,683,317,0.317,0.026407636019377605
374,687,313,0.313,0.027156552077097558
378,689,311,0.311,0.021416723008083862
358,679,321,0.321,0.020430955471410016
358,679,321,0.321,0.019428456397234187
344,672,328,0.328,0.022772303191657555
356,678,322,0.322,0.019623469622379163
372,686,314,0.314,0.021231187268140276
370,685,315,0.315,0.02202876027421371
404,702,298,0.298,0.022038947961855227
430,715,285,0.285,0.018489822034723602
376,688,312,0.312,0.0175991790602925
332,666,334,0.334,0.020755324274778445
400,700,300,0.3,0.018435319750237794
380,690,310,0.31,0.018333060343192074
354,677,323,0.323,0.019264180841519193
358,679,321,0.321,0.017304521612442385
410,705,295,0.295,0.016346602463057934
398,699,301,0.301,0.01541026800681334
310,655,345,0.345,0.020892932358278698
370,685,315,0.315,0.021582667184349476
308,654,346,0.346,0.020180269432033583
420,710,290,0.29,0.021104872383203657
386,693,307,0.307,0.02499843884359916
346,673,327,0.327,0.025574931570743958
330,665,335,0.335,0.02949821026915447
366,683,317,0.317,0.029569655340338157
426,713,287,0.287,0.024760498859704966
364,682,318,0.318,0.029998971413178196
358,679,321,0.321,0.026112783665316327
342,671,329,0.329,0.02468963613748838
360,680,320,0.32,0.02220903791168975
422,711,289,0.289,0.020806265118761075
350,675,325,0.325,0.02313840923389671
372,686,314,0.314,0.02155624750383254
354,677,323,0.323,0.0207039386269862
418,709,291,0.291,0.015836134170737752
344,672,328,0.328,0.018330416037656734
362,681,319,0.319,0.01826350291187009
330,665,335,0.335,0.025106721646594565
368,684,316,0.316,0.018763082245698115
396,698,302,0.302,0.016771564893018422
338,669,331,0.331,0.017915089346265064
372,686,314,0.314,0.020698228600640335
370,685,315,0.315,0.020140423018564887
320,660,340,0.34,0.021713374905019917
402,701,299,0.299,0.016398132847627266
346,673,327,0.327,0.022048612737104123
350,675,325,0.325,0.02302233733434332
308,654,346,0.346,0.023948202461943766
336,668,332,0.332,0.02913879268964172
392,696,304,0.304,0.022409296523084776
330,665,335,0.335,0.02378438790435996
378,689,311,0.311,0.022623664038318905
398,699,301,0.301,0.023322672474624596
388,694,306,0.306,0.017866917847561125
416,708,292,0.292,0.018265318002314415
386,693,307,0.307,0.02302280412896198
392,696,304,0.304,0.022575622446981584
336,668,332,0.332,0.0179933391393445
466,733,267,0.267,0.01636643442367108
378,689,311,0.311,0.017522834751793198
292,646,354,0.354,0.025915378167336713
346,673,327,0.327,0.017982760440189965
358,679,321,0.321,0.022524021735814585
378,689,311,0.311,0.022147200720301727
422,711,289,0.289,0.016646757723953215
384,692,308,0.308,0.01979535007474715
342,671,329,0.329,0.02072348728473571
386,693,307,0.307,0.014810405057522928
404,702,298,0.298,0.022382381334625962
286,643,357,0.357,0.01801121392931685
374,687,313,0.313,0.015781518891322777
320,660,340,0.34,0.022593929027461854
392,696,304,0.304,0.017777556633200676
414,707,293,0.293,0.01703873448326442
350,675,325,0.325,0.024682111758285826
366,683,317,0.317,0.027147202883641513
396,698,302,0.302,0.019142994524684553
418,709,291,0.291,0.019101919170132077
346,673,327,0.327,0.0218975595186771
352,676,324,0.324,0.025962935671832384
388,694,306,0.306,0.02445708200498018
330,665,335,0.335,0.025491123142754077
390,695,305,0.305,0.02395365923588156
392,696,304,0.304,0.028098263556353233
406,703,297,0.297,0.024305361503394123
344,672,328,0.328,0.020161550809125857
400,700,300,0.3,0.02054793603365215
374,687,313,0.313,0.022272638832237134
340,670,330,0.33,0.017188557758210776
372,686,314,0.314,0.019111940326233024
352,676,324,0.324,0.01691479609096541
330,665,335,0.335,0.02465483685397339
346,673,327,0.327,0.022464775192158868
346,673,327,0.327,0.025299083586764026
378,689,311,0.311,0.021158954921576822
362,681,319,0.319,0.023161117516785908
372,686,314,0.314,0.019966455465289416
400,700,300,0.3,0.02070569048159996
288,644,356,0.356,0.026197661434244766
324,662,338,0.338,0.026316482059703047
332,666,334,0.334,0.02234725132639369
372,686,314,0.314,0.02340870288791848
344,672,328,0.328,0.029014634733030106
390,695,305,0.305,0.024897832842368187
404,702,298,0.298,0.02387202292472193
368,684,316,0.316,0.024025789243552937
380,690,310,0.31,0.02599708409112918
322,661,339,0.339,0.024305347502308904
362,681,319,0.319,0.025196809555141954
374,687,313,0.313,0.023809328700271862
384,692,308,0.308,0.022375881508023894
380,690,310,0.31,0.02328230943457379
310,655,345,0.345,0.022414477073712077
396,698,302,0.302,0.02239136128509017
334,667,333,0.333,0.02208019219425023
380,690,310,0.31,0.018729744667868274
318,659,341,0.341,0.02626990638413423
368,684,316,0.316,0.01857134491589795
432,716,284,0.284,0.01887203452390213
412,706,294,0.294,0.01856074483132761
404,702,298,0.298,0.017686813627835363
422,711,289,0.289,0.020618482629622348
360,680,320,0.32,0.01731655847252205
342,671,329,0.329,0.020125330344883594
374,687,313,0.313,0.014952809598833936
284,642,358,0.358,0.023292190430047866
456,728,272,0.272,0.016432234392701958
410,705,295,0.295,0.017814606693527368
350,675,325,0.325,0.016687014374248747
344,672,328,0.328,0.01790047442710727
348,674,326,0.326,0.02343333825200989
324,662,338,0.338,0.023229054037350805
366,683,317,0.317,0.023422208894465484
358,679,321,0.321,0.020730870636358305
404,702,298,0.298,0.020009714488296595
416,708,292,0.292,0.020379470374114136
362,681,319,0.319,0.026633600063374133
368,684,316,0.316,0.025998003066786624
314,657,343,0.343,0.027688300751675343
372,686,314,0.314,0.025441164477982964
384,692,308,0.308,0.026109667266179713
340,670,330,0.33,0.024707176650316798
326,663,337,0.337,0.024378960232523242
362,681,319,0.319,0.02262031238000236
338,669,331,0.331,0.021689836401760657
396,698,302,0.302,0.021590884299001117
338,669,331,0.331,0.025984338067876252
368,684,316,0.316,0.02220244702362379
366,683,317,0.317,0.026859621374867856
404,702,298,0.298,0.01774525833994903
302,651,349,0.349,0.0274518666121312
314,657,343,0.343,0.02472510426347162
344,672,328,0.328,0.02446285619456347
362,681,319,0.319,0.022831041686665686
336,668,332,0.332,0.02694327571872418
342,671,329,0.329,0.025446129267475043
394,697,303,0.303,0.02604929011708805
418,709,291,0.291,0.027560322017578073
400,700,300,0.3,0.02918171960392374
392,696,304,0.304,0.026519183727466953
366,683,317,0.317,0.026350095258089824
382,691,309,0.309,0.023522944715565246
462,731,269,0.269,0.019148266307251107
352,676,324,0.324,0.02411145421223864
422,711,289,0.289,0.023194748976965912
374,687,313,0.313,0.0191078030085082
334,667,333,0.333,0.02028350467196333
418,709,291,0.291,0.015204801937500179
296,648,352,0.352,0.021774122715919022
336,668,332,0.332,0.020821321493385767
340,670,330,0.33,0.023814997184414096
366,683,317,0.317,0.02233248740667841
346,673,327,0.327,0.02008938696315363
372,686,314,0.314,0.023979367053472287
388,694,306,0.306,0.021574625698118098
372,686,314,0.314,0.02606291211627831
352,676,324,0.324,0.027490559987237248
368,684,316,0.316,0.025825511310192496
388,694,306,0.306,0.0262285777099587
402,701,299,0.299,0.025215505148487864
350,675,325,0.325,0.028111033761143517
322,661,339,0.339,0.026926608423338622
290,645,355,0.355,0.03153501868135936
280,640,360,0.36,0.027137182763136935
356,678,322,0.322,0.03268640666651481
420,710,290,0.29,0.02776305669379417
380,690,310,0.31,0.03587168361110434
372,686,314,0.314,0.03770480487980331
394,697,303,0.303,0.03678221178685999
334,667,333,0.333,0.024910819345150912
422,711,289,0.289,0.02579899585950989
398,699,301,0.301,0.02258770038494549
334,667,333,0.333,0.030003781301664277
350,675,325,0.325,0.02485704182753045
382,691,309,0.309,0.027178984622233514
284,642,358,0.358,0.028397325985879435
366,683,317,0.317,0.026019516357053362
386,693,307,0.307,0.026828887962064982
388,694,306,0.306,0.03286584272186519
406,703,297,0.297,0.027750751515885894
372,686,314,0.314,0.024874781649365105
358,679,321,0.321,0.0218866555593022
390,695,305,0.305,0.022679627784120384
420,710,290,0.29,0.0264317062904629
338,669,331,0.331,0.0189921874688398
354,677,323,0.323,0.026380059804039773
430,715,285,0.285,0.0192443291611753
374,687,313,0.313,0.022774121717284174
416,708,292,0.292,0.024694047726898136
394,697,303,0.303,0.022503654512374852
352,676,324,0.324,0.024069882816209427
392,696,304,0.304,0.020515683873512443
402,701,299,0.299,0.016528010997668957
332,666,334,0.334,0.02149254721812531
388,694,306,0.306,0.02295733038091919
308,654,346,0.346,0.024517606258281376
370,685,315,0.315,0.029625010694253433
350,675,325,0.325,0.03147511671250686
328,664,336,0.336,0.026344152877639773
374,687,313,0.313,0.026154670297564735
328,664,336,0.336,0.03430714605146795
422,711,289,0.289,0.03248479879209481
332,666,334,0.334,0.02671330054833743
338,669,331,0.331,0.03126454873225794
328,664,336,0.336,0.030157400994688943
372,686,314,0.314,0.031567127952897865
404,702,298,0.298,0.03309350143969641
388,694,306,0.306,0.02779491197217794
354,677,323,0.323,0.02271730436101461
368,684,316,0.316,0.026828979980997248
396,698,302,0.302,0.02499343530990336
398,699,301,0.301,0.030097610824146158
426,713,287,0.287,0.01850073734679245
390,695,305,0.305,0.02147325455752616
330,665,335,0.335,0.026473646892197392
360,680,320,0.32,0.023022012894771477
348,674,326,0.326,0.023023700313224482
430,715,285,0.285,0.023269198750530677
306,653,347,0.347,0.024489069103501678
418,709,291,0.291,0.019523969760595762
338,669,331,0.331,0.0209166923946068
406,703,297,0.297,0.02502006345652626
380,690,310,0.31,0.025874516289541134
352,676,324,0.324,0.022136797065280916
402,701,299,0.299,0.022804949726900305
286,643,357,0.357,0.03433423382789829
324,662,338,0.338,0.02894724590662372
352,676,324,0.324,0.029618534967286905
366,683,317,0.317,0.03778234173111195
350,675,325,0.325,0.031011937840597966
358,679,321,0.321,0.03328663359736674
354,677,323,0.323,0.03470745722116408
332,666,334,0.334,0.039510526330224824
354,677,323,0.323,0.040267030191331286
376,688,312,0.312,0.038650097742913204
410,705,295,0.295,0.03266196716543345
384,692,308,0.308,0.027052186107903255
314,657,343,0.343,0.03422859398729634
334,667,333,0.333,0.026414270815597773
334,667,333,0.333,0.02809336902734185
372,686,314,0.314,0.024402617075302713
434,717,283,0.283,0.0243631914762218
356,678,322,0.322,0.025975102703563607
400,700,300,0.3,0.02356418047621901
320,660,340,0.34,0.02705549182590221
378,689,311,0.311,0.022022998462083707
432,716,284,0.284,0.02501665281528403
430,715,285,0.285,0.022480280906202098
332,666,334,0.334,0.022445840762238278
394,697,303,0.303,0.022115322572761782
406,703,297,0.297,0.020725803893196372
346,673,327,0.327,0.019089139138236108
372,686,314,0.314,0.024310103186497487
384,692,308,0.308,0.02242009954560672
380,690,310,0.31,0.02137900464149243
340,670,330,0.33,0.023647495664202326
378,689,311,0.311,0.022849939221417457
424,712,288,0.288,0.022045197571082097
412,706,294,0.294,0.021220886283764843
354,677,323,0.323,0.024313646298815456
362,681,319,0.319,0.02702623314705306
368,684,316,0.316,0.017852309630941816
306,653,347,0.347,0.0252042222535174
416,708,292,0.292,0.020683278490434987
374,687,313,0.313,0.017925456351871503
412,706,294,0.294,0.020857053775414896
340,670,330,0.33,0.022000140292951983
362,681,319,0.319,0.020053482732801456
376,688,312,0.312,0.020040272242198627
382,691,309,0.309,0.020690090504234832
358,679,321,0.321,0.025925555687239466
392,696,304,0.304,0.021809205012094934
356,678,322,0.322,0.02378085865574394
350,675,325,0.325,0.02458861385563523
374,687,313,0.313,0.02224390749453232
326,663,337,0.337,0.0272267595962694
340,670,330,0.33,0.03198823091625672
312,656,344,0.344,0.034058425820576305
362,681,319,0.319,0.0326251633434731
334,667,333,0.333,0.03154992466732801
314,657,343,0.343,0.03517089886984195
386,693,307,0.307,0.03244052035312143
376,688,312,0.312,0.03004013724061224
370,685,315,0.315,0.029952306010432948
448,724,276,0.276,0.03032236902346267
362,681,319,0.319,0.028079423049890466
316,658,342,0.342,0.027746283419794054
412,706,294,0.294,0.026352987256261257
376,688,312,0.312,0.023481561452184906
346,673,327,0.327,0.025457998389732894
398,699,301,0.301,0.02451683299047545
316,658,342,0.342,0.02309372494216177
428,714,286,0.286,0.021608022712536694
342,671,329,0.329,0.024774253827968776
344,672,328,0.328,0.032312475307496695
386,693,307,0.307,0.024987098839034844
346,673,327,0.327,0.025815111351041423
376,688,312,0.312,0.022667864397833
376,688,312,0.312,0.021846950090696735
378,689,311,0.311,0.02626226382349546
356,678,322,0.322,0.025074266633006118
338,669,331,0.331,0.02884814106904378
390,695,305,0.305,0.023925077153636495
380,690,310,0.31,0.022952210015666878
376,688,312,0.312,0.025413242955060922
360,680,320,0.32,0.026680769991775377
344,672,328,0.328,0.030040996505376824
404,702,298,0.298,0.0228157870063842
406,703,297,0.297,0.021718458163848483
394,697,303,0.303,0.028814202114680484
396,698,302,0.302,0.02379423692720138
362,681,319,0.319,0.022500076272031946
326,663,337,0.337,0.028467345535487767
364,682,318,0.318,0.02663282720787606
324,662,338,0.338,0.03073711249952612
394,697,303,0.303,0.022872731830429986
378,689,311,0.311,0.030227125382450596
330,665,335,0.335,0.028841268784088242
378,689,311,0.311,0.03090445995108894
328,664,336,0.336,0.029904271966519444
414,707,293,0.293,0.02348109863868012
420,710,290,0.29,0.025528751672634825
384,692,308,0.308,0.020636252050621806
442,721,279,0.279,0.025872944466977514
328,664,336,0.336,0.027807258842365172
390,695,305,0.305,0.021607450618673283
396,698,302,0.302,0.01977323089751735
332,666,334,0.334,0.020834164974089162
366,683,317,0.317,0.02249002253324761
422,711,289,0.289,0.019024436951256576
346,673,327,0.327,0.0228936685271392
300,650,350,0.35,0.023508879756486748
360,680,320,0.32,0.024783669534307592
356,678,322,0.322,0.026702586923160198
454,727,273,0.273,0.023578967448774166
362,681,319,0.319,0.02467143905640978
444,722,278,0.278,0.021283878176551297
358,679,321,0.321,0.026115322765530437
340,670,330,0.33,0.028016557143011597
372,686,314,0.314,0.02264635840338724
434,717,283,0.283,0.021982559813406626
330,665,335,0.335,0.02184132897167274
378,689,311,0.311,0.02224840849886732
352,676,324,0.324,0.02633496525127339
380,690,310,0.31,0.024983902209000007
348,674,326,0.326,0.025109925560553165
350,675,325,0.325,0.022919716796536704
360,680,320,0.32,0.030606532410110958
344,672,328,0.328,0.03465838861290058
360,680,320,0.32,0.031445989283376545
356,678,322,0.322,0.02712624024877914
400,700,300,0.3,0.030486231475137175
350,675,325,0.325,0.03203474798830939
370,685,315,0.315,0.029746390995789625
380,690,310,0.31,0.03234852180018788
350,675,325,0.325,0.03612332905173753
406,703,297,0.297,0.025539696081135845
436,718,282,0.282,0.02469560996765176
410,705,295,0.295,0.02647840292858382
324,662,338,0.338,0.02682822625234803
344,672,328,0.328,0.029973093879027145
340,670,330,0.33,0.02903967503921922
330,665,335,0.335,0.025929087486847493
404,702,298,0.298,0.020316581805835086
380,690,310,0.31,0.029611996524103235
348,674,326,0.326,0.02949196850766839
374,687,313,0.313,0.028804528076056157
352,676,324,0.324,0.026907082154568343
360,680,320,0.32,0.02842067784154324
368,684,316,0.316,0.02815828083125052
366,683,317,0.317,0.02867675133436296
356,678,322,0.322,0.031695076627711385
344,672,328,0.328,0.036798718501846454
364,682,318,0.318,0.030728423283557276
362,681,319,0.319,0.03023391051633007
360,680,320,0.32,0.030065279119724436
348,674,326,0.326,0.03669390282655513
324,662,338,0.338,0.034492505988615446
406,703,297,0.297,0.03238953978234531
370,685,315,0.315,0.03470369997102534
320,660,340,0.34,0.041940816806963994
324,662,338,0.338,0.040468166549679156
328,664,336,0.336,0.03831370871480249
386,693,307,0.307,0.03382058619788586
372,686,314,0.314,0.03211638864504312
386,693,307,0.307,0.036981441217336396
372,686,314,0.314,0.032963689181040534
366,683,317,0.317,0.03342357473470201
342,671,329,0.329,0.023370314214085284
394,697,303,0.303,0.02606379047483824
334,667,333,0.333,0.028153362182441924
334,667,333,0.333,0.031524956241513795
280,640,360,0.36,0.03337110522786952
378,689,311,0.311,0.033818294223478006
350,675,325,0.325,0.024634164142497868
308,654,346,0.346,0.036582829082282844
360,680,320,0.32,0.03356620970261975
376,688,312,0.312,0.03442592618123308
354,677,323,0.323,0.037971098630809136
332,666,334,0.334,0.03520203969652357
400,700,300,0.3,0.029500161656273123
348,674,326,0.326,0.03424139476240726
326,663,337,0.337,0.039782893994721236
378,689,311,0.311,0.03106902236073529
392,696,304,0.304,0.02931503218595026
366,683,317,0.317,0.030420857902179705
358,679,321,0.321,0.02982209192006849
340,670,330,0.33,0.032719440404864145
420,710,290,0.29,0.025970702041799087
326,663,337,0.337,0.03045985799502341
390,695,305,0.305,0.024509521310688797
358,679,321,0.321,0.02818526744137671
394,697,303,0.303,0.022536287235555393
422,711,289,0.289,0.01961397046318416
328,664,336,0.336,0.026849514040226494
394,697,303,0.303,0.022856349142317014
434,717,283,0.283,0.019601295296342414
400,700,300,0.3,0.022795353260232788
376,688,312,0.312,0.018982728127424707
380,690,310,0.31,0.02313280323208028
340,670,330,0.33,0.02380556451128541
384,692,308,0.308,0.025249681364761273
368,684,316,0.316,0.027880063178443378
396,698,302,0.302,0.025307764677362683
348,674,326,0.326,0.03350554956576434
388,694,306,0.306,0.030787536466417804
406,703,297,0.297,0.02800094073012852
380,690,310,0.31,0.028914617027823625
338,669,331,0.331,0.02941420127042511
318,659,341,0.341,0.03289430274044935
380,690,310,0.31,0.02757401655290778
348,674,326,0.326,0.02782342951226383
418,709,291,0.291,0.031122437950325547
352,676,324,0.324,0.03620046503841695
312,656,344,0.344,0.038448529073919414
320,660,340,0.34,0.03342242583406551
316,658,342,0.342,0.03602928886150403
378,689,311,0.311,0.029708617091770976
366,683,317,0.317,0.040828478235169316
378,689,311,0.311,0.03444754961947911
332,666,334,0.334,0.034081024179173254
374,687,313,0.313,0.027920019842090183
328,664,336,0.336,0.03343771621154883
294,647,353,0.353,0.034060781487878555
410,705,295,0.295,0.030965291942289697
388,694,306,0.306,0.033652894350787395
360,680,320,0.32,0.031930142234145024
350,675,325,0.325,0.032799334305964295
288,644,356,0.356,0.039868639772316784
378,689,311,0.311,0.035433575420953274
360,680,320,0.32,0.031171882195079888
374,687,313,0.313,0.03624520985185518
346,673,327,0.327,0.03327180342422798
382,691,309,0.309,0.03348451420154447
394,697,303,0.303,0.03430024020088604
336,668,332,0.332,0.03138500889144052
300,650,350,0.35,0.035125649947563946
376,688,312,0.312,0.029431995572593222
312,656,344,0.344,0.03343696396441919
390,695,305,0.305,0.030802733482687472
336,668,332,0.332,0.03169841908788658
350,675,325,0.325,0.030065465997165575
320,660,340,0.34,0.034945709653569794
388,694,306,0.306,0.03378272368311809
380,690,310,0.31,0.026668526558546318
370,685,315,0.315,0.029413554439310246
374,687,313,0.313,0.030109038940114262
408,704,296,0.296,0.031919825351971666
330,665,335,0.335,0.029886474038946405
372,686,314,0.314,0.025198218724855906
360,680,320,0.32,0.029166643876709714
324,662,338,0.338,0.029190653898145683
362,681,319,0.319,0.024459218970072017
340,670,330,0.33,0.030895400800567584
404,702,298,0.298,0.02641533053564308
266,633,367,0.367,0.03305602087580883
338,669,331,0.331,0.031151910119788226
416,708,292,0.292,0.02668715960109148
376,688,312,0.312,0.03331593579538821
378,689,311,0.311,0.0335672062718113
318,659,341,0.341,0.0353377126189298
398,699,301,0.301,0.036743869154452116
370,685,315,0.315,0.027059017261499094
342,671,329,0.329,0.03079251813014707
354,677,323,0.323,0.031187508550583515
376,688,312,0.312,0.030914918815618874
366,683,317,0.317,0.03217784425639547
