log_avg_ept_score,log_avg_succ_req,log_avg_blk_req,log_avg_BP_req,log_avg_entropy
208,604,396,0.396,1.607497507929802
372,686,314,0.314,1.6074861834049226
344,672,328,0.328,1.6074711780548097
256,628,372,0.372,1.6074763855934142
272,636,364,0.364,1.6074734534025192
322,661,339,0.339,1.6074670994281768
280,640,360,0.36,1.6074484813213348
278,639,361,0.361,1.6074396442174912
272,636,364,0.364,1.6073867226839065
282,641,359,0.359,1.6073873693943024
352,676,324,0.324,1.6073912426233292
354,677,323,0.323,1.6073839713335036
332,666,334,0.334,1.607374609708786
298,649,351,0.351,1.6073775658607483
262,631,369,0.369,1.6073745480775834
314,657,343,0.343,1.607379793047905
270,635,365,0.365,1.607261471271515
288,644,356,0.356,1.6072507421970368
270,635,365,0.365,1.607187631726265
282,641,359,0.359,1.6072212636470795
308,654,346,0.346,1.607216278910637
308,654,346,0.346,1.6071754939556122
332,666,334,0.334,1.6071543757915496
346,673,327,0.327,1.6071320480108262
304,652,348,0.348,1.6069510015249253
248,624,376,0.376,1.6069419609308242
288,644,356,0.356,1.606895601630211
252,626,374,0.374,1.606901622056961
292,646,354,0.354,1.6068580408096313
300,650,350,0.35,1.6068145929574966
304,652,348,0.348,1.6067936511039733
350,675,325,0.325,1.6067655963897705
244,622,378,0.378,1.606649200439453
260,630,370,0.37,1.6065714857578277
294,647,353,0.353,1.6064984652996064
274,637,363,0.363,1.6064768629074098
286,643,357,0.357,1.6063678427934647
294,647,353,0.353,1.6062654474973679
284,642,358,0.358,1.6062225503921508
344,672,328,0.328,1.606180111527443
304,652,348,0.348,1.6061868468523026
252,626,374,0.374,1.6059518355131148
284,642,358,0.358,1.605837404847145
366,683,317,0.317,1.605772121310234
296,648,352,0.352,1.6054879726171494
348,674,326,0.326,1.605082168340683
318,659,341,0.341,1.6052729325294495
214,607,393,0.393,1.6052839192152024
304,652,348,0.348,1.6052406436204911
260,630,370,0.37,1.6051212024688721
252,626,374,0.374,1.6045408924818039
298,649,351,0.351,1.6044160528182982
318,659,341,0.341,1.603304384112358
284,642,358,0.358,1.6033121149539948
308,654,346,0.346,1.6033777983188628
248,624,376,0.376,1.603006515622139
250,625,375,0.375,1.6029673516750336
286,643,357,0.357,1.602529290676117
300,650,350,0.35,1.601770629286766
336,668,332,0.332,1.6013854386806488
334,667,333,0.333,1.600395243883133
292,646,354,0.354,1.5994647566080094
230,615,385,0.385,1.597430212497711
290,645,355,0.355,1.5986063380241393
272,636,364,0.364,1.598009413599968
260,630,370,0.37,1.5980094742774964
340,670,330,0.33,1.5965887734889983
288,644,356,0.356,1.5944478344917297
252,626,374,0.374,1.595347455739975
290,645,355,0.355,1.5952737171649933
318,659,341,0.341,1.5902820262908937
238,619,381,0.381,1.5880766141414642
286,643,357,0.357,1.58814208650589
308,654,346,0.346,1.5872155249118804
272,636,364,0.364,1.5872223274707795
302,651,349,0.349,1.5844464750289917
362,681,319,0.319,1.5853207433223724
312,656,344,0.344,1.584880746126175
290,645,355,0.355,1.5760419408082962
340,670,330,0.33,1.570335573554039
336,668,332,0.332,1.5685022792816161
294,647,353,0.353,1.5693635274171829
358,679,321,0.321,1.5685906211137772
306,653,347,0.347,1.5680779476165772
324,662,338,0.338,1.5677883236408234
326,663,337,0.337,1.5648324177265167
344,672,328,0.328,1.548126830458641
224,612,388,0.388,1.5459061434268953
338,669,331,0.331,1.5351613554954529
328,664,336,0.336,1.5312045242786407
252,626,374,0.374,1.528566955804825
360,680,320,0.32,1.5267242435216903
306,653,347,0.347,1.5252244403362274
346,673,327,0.327,1.518081444978714
360,680,320,0.32,1.4936243796348572
328,664,336,0.336,1.478268089056015
332,666,334,0.334,1.486568176627159
388,694,306,0.306,1.4654819030761719
368,684,316,0.316,1.4476601170301437
300,650,350,0.35,1.446095874428749
348,674,326,0.326,1.4244688737392426
378,689,311,0.311,1.4355107612609863
376,688,312,0.312,1.442710721373558
400,700,300,0.3,1.3844089784622193
406,703,297,0.297,1.3950133780241012
410,705,295,0.295,1.3853931081295014
374,687,313,0.313,1.339613896727562
408,704,296,0.296,1.335865033388138
424,712,288,0.288,1.3277587600946426
350,675,325,0.325,1.32564282643795
360,680,320,0.32,1.3207736620903014
416,708,292,0.292,1.3060289348363876
390,695,305,0.305,1.2928472094535828
386,693,307,0.307,1.2839366781711579
368,684,316,0.316,1.257354763507843
478,739,261,0.261,1.2559921015501023
422,711,289,0.289,1.2487070724964142
380,690,310,0.31,1.251881175518036
416,708,292,0.292,1.2484718700647355
450,725,275,0.275,1.2457314707040787
472,736,264,0.264,1.2378318437337876
422,711,289,0.289,1.2373830610513687
430,715,285,0.285,1.2197347152233124
476,738,262,0.262,1.21795536673069
492,746,254,0.254,1.2041599134802818
456,728,272,0.272,1.2018027169108392
506,753,247,0.247,1.2001336292624474
484,742,258,0.258,1.198416669666767
496,748,252,0.252,1.1897278605103492
434,717,283,0.283,1.184649247765541
470,735,265,0.265,1.1497945756316186
552,776,224,0.224,1.1295424936413765
508,754,246,0.246,1.1118484473824501
500,750,250,0.25,1.1095634379982948
554,777,223,0.223,1.0999221705794335
566,783,217,0.217,1.0934421949386597
596,798,202,0.202,1.0799516578316688
540,770,230,0.23,1.0787404517531396
562,781,219,0.219,1.0294417971372605
544,772,228,0.228,0.9844094437360763
620,810,190,0.19,0.9448525621294975
468,734,266,0.266,0.9687012423872947
602,801,199,0.199,0.9350427212715149
576,788,212,0.212,0.9553177337646485
558,779,221,0.221,0.9422222234010696
590,795,205,0.205,0.9355210003852844
574,787,213,0.213,0.87100877815485
652,826,174,0.174,0.7917426278591156
664,832,168,0.168,0.7848090958893299
648,824,176,0.176,0.7840127823650836
628,814,186,0.186,0.733776994496584
664,832,168,0.168,0.7711170737147331
660,830,170,0.17,0.7561391362845897
664,832,168,0.168,0.7564096220731735
690,845,155,0.155,0.7469093853235245
664,832,168,0.168,0.6208689319193363
702,851,149,0.149,0.6102328688204288
654,827,173,0.173,0.6068300874233246
638,819,181,0.181,0.6079767354130745
632,816,184,0.184,0.5978118470907211
672,836,164,0.164,0.576443591684103
628,814,186,0.186,0.5717642505764962
710,855,145,0.145,0.569345271229744
690,845,155,0.155,0.5026797834485769
704,852,148,0.148,0.46984459851682187
718,859,141,0.141,0.4763581597507
676,838,162,0.162,0.47542872025072574
708,854,146,0.146,0.4565262499898672
696,848,152,0.152,0.43944283249974253
692,846,154,0.154,0.42721466098725797
686,843,157,0.157,0.42920080231130125
670,835,165,0.165,0.40693854492902753
708,854,146,0.146,0.3682104083150625
702,851,149,0.149,0.37449180825054645
718,859,141,0.141,0.3479988253414631
652,826,174,0.174,0.3436487193703651
682,841,159,0.159,0.3179335842654109
744,872,128,0.128,0.31888086802512405
678,839,161,0.161,0.3035982185974717
686,843,157,0.157,0.31010018330812456
726,863,137,0.137,0.3063253163546324
688,844,156,0.156,0.29998252994567154
756,878,122,0.122,0.2799729452729225
710,855,145,0.145,0.26656053471565244
720,860,140,0.14,0.2495016570240259
720,860,140,0.14,0.24892370495200158
728,864,136,0.136,0.25041098196804523
720,860,140,0.14,0.25066148839890956
670,835,165,0.165,0.24790908417105675
724,862,138,0.138,0.24133076304197312
710,855,145,0.145,0.23686577836424114
730,865,135,0.135,0.2243631634414196
750,875,125,0.125,0.2149286622479558
678,839,161,0.161,0.2204317577034235
676,838,162,0.162,0.2257500624731183
784,892,108,0.108,0.20890001565217972
732,866,134,0.134,0.2078131311312318
702,851,149,0.149,0.21476897553354501
770,885,115,0.115,0.20497358305007218
696,848,152,0.152,0.20040936110913754
696,848,152,0.152,0.19057920644432305
720,860,140,0.14,0.18793746306747197
764,882,118,0.118,0.18058914052695035
722,861,139,0.139,0.1850675248429179
706,853,147,0.147,0.18103967056423426
786,893,107,0.107,0.18129275220260024
796,898,102,0.102,0.17352910103276373
728,864,136,0.136,0.16581042513996364
682,841,159,0.159,0.17765128018707038
698,849,151,0.151,0.1619258606955409
736,868,132,0.132,0.16335854049772025
686,843,157,0.157,0.16551794110983611
752,876,124,0.124,0.163537512447685
754,877,123,0.123,0.1620575934872031
686,843,157,0.157,0.16516068334132433
752,876,124,0.124,0.16354281887039543
744,872,128,0.128,0.164996109303087
668,834,166,0.166,0.1665465063713491
732,866,134,0.134,0.1606388230472803
720,860,140,0.14,0.15906818925216795
786,893,107,0.107,0.15786249079555273
754,877,123,0.123,0.16073621352016926
724,862,138,0.138,0.163986610699445
752,876,124,0.124,0.16029789267852904
756,878,122,0.122,0.16551852486282587
660,830,170,0.17,0.16074537249282003
710,855,145,0.145,0.15956801120564343
714,857,143,0.143,0.1545375648252666
716,858,142,0.142,0.15189461581036448
684,842,158,0.158,0.15461795158311725
728,864,136,0.136,0.14911027958616616
750,875,125,0.125,0.14498157677054405
710,855,145,0.145,0.14791257317364215
734,867,133,0.133,0.1423380967490375
690,845,155,0.155,0.1414680603556335
710,855,145,0.145,0.1418188770338893
760,880,120,0.12,0.13820699521154164
748,874,126,0.126,0.14123493173718452
706,853,147,0.147,0.14551612313836812
730,865,135,0.135,0.14545957446843386
672,836,164,0.164,0.14273430846258997
706,853,147,0.147,0.1399090907946229
730,865,135,0.135,0.1437672810032964
772,886,114,0.114,0.13642547671869398
728,864,136,0.136,0.14200912540405988
696,848,152,0.152,0.14327711720019579
776,888,112,0.112,0.13969948252663017
708,854,146,0.146,0.14251544568315147
708,854,146,0.146,0.1392017185129225
722,861,139,0.139,0.13910099898651243
720,860,140,0.14,0.13572462058439852
714,857,143,0.143,0.1360948694497347
734,867,133,0.133,0.14025906140357255
708,854,146,0.146,0.1308200672827661
708,854,146,0.146,0.13203269067406653
704,852,148,0.148,0.13123101713880897
754,877,123,0.123,0.1263063898868859
670,835,165,0.165,0.131153624933213
688,844,156,0.156,0.1335833608172834
756,878,122,0.122,0.1267071374207735
672,836,164,0.164,0.13080219067633153
734,867,133,0.133,0.1256546765603125
722,861,139,0.139,0.12495426692441106
738,869,131,0.131,0.12212827688083053
744,872,128,0.128,0.12076918755099178
716,858,142,0.142,0.12452570141106845
760,880,120,0.12,0.12016920260339975
734,867,133,0.133,0.12053405966982246
698,849,151,0.151,0.11960747225582599
722,861,139,0.139,0.11514805305376649
724,862,138,0.138,0.1139638351984322
718,859,141,0.141,0.11357958564162254
744,872,128,0.128,0.11258630513027311
698,849,151,0.151,0.11455061692371965
742,871,129,0.129,0.11042307101562619
746,873,127,0.127,0.10634048099070788
704,852,148,0.148,0.1162215487100184
724,862,138,0.138,0.10817270512133836
728,864,136,0.136,0.10365284307673574
708,854,146,0.146,0.10273581974208355
724,862,138,0.138,0.10351333074644208
710,855,145,0.145,0.10536318479850888
764,882,118,0.118,0.10407246679812669
710,855,145,0.145,0.10307236453518272
722,861,139,0.139,0.10358369206637144
730,865,135,0.135,0.10307816423103214
728,864,136,0.136,0.10364485995844007
684,842,158,0.158,0.10625884823128581
734,867,133,0.133,0.10653615019470453
784,892,108,0.108,0.10105337635800242
754,877,123,0.123,0.10430594631284475
766,883,117,0.117,0.10273788516223431
734,867,133,0.133,0.10316810747236013
768,884,116,0.116,0.10241421157866716
694,847,153,0.153,0.10244930936582386
710,855,145,0.145,0.10353527501225472
770,885,115,0.115,0.09736561175063252
740,870,130,0.13,0.09824779233336449
756,878,122,0.122,0.09639876962453127
726,863,137,0.137,0.09486548003926873
656,828,172,0.172,0.09832653787359595
796,898,102,0.102,0.0918071175031364
744,872,128,0.128,0.09245528504252434
738,869,131,0.131,0.09320468258485198
794,897,103,0.103,0.0837913068421185
748,874,126,0.126,0.08702182366140186
684,842,158,0.158,0.08693108623847365
684,842,158,0.158,0.08516563673876226
782,891,109,0.109,0.08223472427763044
726,863,137,0.137,0.08378587027825415
776,888,112,0.112,0.07805184595100581
744,872,128,0.128,0.08192604572325946
784,892,108,0.108,0.0778339237626642
712,856,144,0.144,0.07830607894062996
710,855,145,0.145,0.07775698320381344
756,878,122,0.122,0.07341784578375518
708,854,146,0.146,0.07719652098231018
780,890,110,0.11,0.07295753541775048
654,827,173,0.173,0.07707624905370176
722,861,139,0.139,0.07242292501218617
728,864,136,0.136,0.07350172294303775
748,874,126,0.126,0.07827480435930192
698,849,151,0.151,0.07873267512768507
716,858,142,0.142,0.07535741814598441
712,856,144,0.144,0.07855326207727194
730,865,135,0.135,0.08081937610544264
770,885,115,0.115,0.07880787436850369
740,870,130,0.13,0.07988369470834732
702,851,149,0.149,0.08333494366705417
710,855,145,0.145,0.08202996542304754
760,880,120,0.12,0.07949666376970708
780,890,110,0.11,0.07796438729017972
692,846,154,0.154,0.08337995559163391
696,848,152,0.152,0.08542693746089935
768,884,116,0.116,0.07905086639150977
744,872,128,0.128,0.08272820221632719
724,862,138,0.138,0.08057641139440239
716,858,142,0.142,0.07870550351962448
754,877,123,0.123,0.08426253147237003
700,850,150,0.15,0.0832382176965475
704,852,148,0.148,0.0838256777022034
736,868,132,0.132,0.07766990369185806
740,870,130,0.13,0.07666018876247108
704,852,148,0.148,0.08046531945280731
712,856,144,0.144,0.07894788062945009
752,876,124,0.124,0.07774224637076259
704,852,148,0.148,0.07746702986769378
762,881,119,0.119,0.075202445756644
684,842,158,0.158,0.07886542084440588
748,874,126,0.126,0.07182808298803865
716,858,142,0.142,0.07504832662642003
748,874,126,0.126,0.07119574484601617
756,878,122,0.122,0.07330133416317404
746,873,127,0.127,0.07110907186940313
750,875,125,0.125,0.07258727280423045
730,865,135,0.135,0.07316104490682483
750,875,125,0.125,0.07019582831300795
764,882,118,0.118,0.07127053504809737
664,832,168,0.168,0.07265229161828757
702,851,149,0.149,0.07331120191700756
776,888,112,0.112,0.06884293525479734
706,853,147,0.147,0.07166360789537429
650,825,175,0.175,0.07359749200381338
752,876,124,0.124,0.06993683813512325
748,874,126,0.126,0.07149126708507537
706,853,147,0.147,0.0711410241946578
720,860,140,0.14,0.07460174494236707
658,829,171,0.171,0.07428830209001899
716,858,142,0.142,0.07713630783744156
732,866,134,0.134,0.07766245245561004
720,860,140,0.14,0.0762690883539617
754,877,123,0.123,0.07608148566633463
686,843,157,0.157,0.0800198630373925
656,828,172,0.172,0.07938725290074944
742,871,129,0.129,0.07841238161548972
772,886,114,0.114,0.07690293237008154
744,872,128,0.128,0.07796137034147978
720,860,140,0.14,0.08054498974233866
742,871,129,0.129,0.07939216121286154
764,882,118,0.118,0.07441279634647072
710,855,145,0.145,0.07970487881079316
724,862,138,0.138,0.0778933965228498
726,863,137,0.137,0.0744369362499565
686,843,157,0.157,0.07794182576239109
736,868,132,0.132,0.07484703821316362
640,820,180,0.18,0.07593421824648976
778,889,111,0.111,0.07297665388137102
728,864,136,0.136,0.07125772995501757
762,881,119,0.119,0.06950536279194057
736,868,132,0.132,0.07140846537239849
730,865,135,0.135,0.07166386565193533
750,875,125,0.125,0.07166024457290769
778,889,111,0.111,0.07005706312693656
764,882,118,0.118,0.06980903798528015
676,838,162,0.162,0.0725804926753044
706,853,147,0.147,0.07117495431005955
718,859,141,0.141,0.07194728978537022
684,842,158,0.158,0.07069162137433886
728,864,136,0.136,0.07121566174179315
700,850,150,0.15,0.07191248715482652
776,888,112,0.112,0.06635588657483459
734,867,133,0.133,0.06973596304468811
760,880,120,0.12,0.06885440699383616
774,887,113,0.113,0.06681457993015646
700,850,150,0.15,0.07052208402194082
722,861,139,0.139,0.06903851919993759
756,878,122,0.122,0.06474907193519175
732,866,134,0.134,0.06807177378050983
726,863,137,0.137,0.07019734485261142
708,854,146,0.146,0.06760167638398706
714,857,143,0.143,0.06777369083277882
752,876,124,0.124,0.06682355140522123
760,880,120,0.12,0.06499053051881493
758,879,121,0.121,0.06359793187864125
732,866,134,0.134,0.06602910177595914
712,856,144,0.144,0.06479142138548195
734,867,133,0.133,0.06636756777204574
748,874,126,0.126,0.06473989651724696
704,852,148,0.148,0.06511224083043635
800,900,100,0.1,0.05966495613381267
742,871,129,0.129,0.06213177123293281
684,842,158,0.158,0.06533371182531118
752,876,124,0.124,0.060219453046098353
796,898,102,0.102,0.05990978605486453
724,862,138,0.138,0.06384123185649514
740,870,130,0.13,0.06191592388413846
726,863,137,0.137,0.06434930027648807
736,868,132,0.132,0.06345907462388277
708,854,146,0.146,0.06268127194419504
692,846,154,0.154,0.06201263493485749
762,881,119,0.119,0.06086389863304794
750,875,125,0.125,0.06034586359746754
758,879,121,0.121,0.05946614221297204
740,870,130,0.13,0.06265934492647648
686,843,157,0.157,0.06409008104726673
754,877,123,0.123,0.06307729480788112
720,860,140,0.14,0.06367777883447706
752,876,124,0.124,0.06118107525445521
758,879,121,0.121,0.06154411654733121
732,866,134,0.134,0.05998202547803521
740,870,130,0.13,0.06218423618748784
736,868,132,0.132,0.061623026225715874
682,841,159,0.159,0.0617334019318223
752,876,124,0.124,0.06010701504908502
692,846,154,0.154,0.061648768991231916
688,844,156,0.156,0.05913765508495271
734,867,133,0.133,0.060252935083582995
702,851,149,0.149,0.06093156429193914
702,851,149,0.149,0.06135257091186941
722,861,139,0.139,0.06063813226856291
758,879,121,0.121,0.058516564413905146
698,849,151,0.151,0.06131228649802506
758,879,121,0.121,0.05885575808212161
750,875,125,0.125,0.05990523725561798
702,851,149,0.149,0.06013573504239321
790,895,105,0.105,0.05977806423418224
780,890,110,0.11,0.05965140047855675
730,865,135,0.135,0.060965812861919405
736,868,132,0.132,0.060816872457042336
742,871,129,0.129,0.06257202327810228
710,855,145,0.145,0.0595361407622695
766,883,117,0.117,0.06280661899782718
722,861,139,0.139,0.05943946761637926
696,848,152,0.152,0.06421604464389384
708,854,146,0.146,0.062094088846817615
764,882,118,0.118,0.059794921584427355
672,836,164,0.164,0.06247729702666402
726,863,137,0.137,0.06203307631239295
730,865,135,0.135,0.061983779760077594
736,868,132,0.132,0.06182430449128151
714,857,143,0.143,0.06177749559655785
726,863,137,0.137,0.06344575269892812
708,854,146,0.146,0.06423072736151517
742,871,129,0.129,0.06436477065645159
728,864,136,0.136,0.06343053815327584
712,856,144,0.144,0.06728108694031834
706,853,147,0.147,0.06710383885726333
706,853,147,0.147,0.06609151991084218
698,849,151,0.151,0.06765763496793807
686,843,157,0.157,0.06655007139593362
750,875,125,0.125,0.06761682743020356
738,869,131,0.131,0.06630187520757318
706,853,147,0.147,0.06852959327399731
748,874,126,0.126,0.06679217314347624
720,860,140,0.14,0.06672885936312377
756,878,122,0.122,0.06678765082731843
778,889,111,0.111,0.06647230833768844
706,853,147,0.147,0.06790897135436536
664,832,168,0.168,0.0677151747085154
732,866,134,0.134,0.06516202932782471
738,869,131,0.131,0.06308442398533225
794,897,103,0.103,0.061767214607447385
714,857,143,0.143,0.06454336269386113
772,886,114,0.114,0.06223552051000297
790,895,105,0.105,0.060656164117157456
746,873,127,0.127,0.06073369017802179
754,877,123,0.123,0.05992085250653326
760,880,120,0.12,0.05878839835710824
762,881,119,0.119,0.05673043850809336
742,871,129,0.129,0.05515277953632176
706,853,147,0.147,0.05922088839113712
702,851,149,0.149,0.05672417793609202
696,848,152,0.152,0.05535396033152938
706,853,147,0.147,0.054185588320717216
720,860,140,0.14,0.05464185678772628
770,885,115,0.115,0.052938265049830076
708,854,146,0.146,0.05338796580582857
714,857,143,0.143,0.05325173958390951
684,842,158,0.158,0.055696048511192205
706,853,147,0.147,0.05715272181667388
732,866,134,0.134,0.05454816786199808
694,847,153,0.153,0.056372280761599544
794,897,103,0.103,0.05475258768349886
736,868,132,0.132,0.05853983355872333
696,848,152,0.152,0.058268261974677445
738,869,131,0.131,0.058132610300555825
766,883,117,0.117,0.060072067832574245
722,861,139,0.139,0.05995357101596892
702,851,149,0.149,0.0613287297654897
712,856,144,0.144,0.06106476537883282
724,862,138,0.138,0.061872992219403386
766,883,117,0.117,0.05885137047432363
686,843,157,0.157,0.06000492293201387
736,868,132,0.132,0.06071082847565413
800,900,100,0.1,0.056210798444226384
748,874,126,0.126,0.05770740487799048
748,874,126,0.126,0.05678724397160113
712,856,144,0.144,0.05723465600050986
728,864,136,0.136,0.056663695128634575
766,883,117,0.117,0.056134625986218455
664,832,168,0.168,0.05649711058288813
696,848,152,0.152,0.057549548914656044
766,883,117,0.117,0.053695904521271584
764,882,118,0.118,0.05275158251263201
696,848,152,0.152,0.054682311911135914
716,858,142,0.142,0.05433896657824516
698,849,151,0.151,0.05324158560484648
706,853,147,0.147,0.05385059593059122
726,863,137,0.137,0.053785086685791614
716,858,142,0.142,0.053838180670514706
766,883,117,0.117,0.052785095831379296
708,854,146,0.146,0.052778501516208054
706,853,147,0.147,0.05419143545255065
794,897,103,0.103,0.05095824933238328
744,872,128,0.128,0.053257398398593066
730,865,135,0.135,0.05252683814428747
732,866,134,0.134,0.051675481790676714
746,873,127,0.127,0.05055532784946263
742,871,129,0.129,0.05073486169241369
712,856,144,0.144,0.05291746148094535
712,856,144,0.144,0.05134407516568899
718,859,141,0.141,0.051013892959803346
688,844,156,0.156,0.05129956354573369
718,859,141,0.141,0.05011746340990066
730,865,135,0.135,0.04802063814178109
704,852,148,0.148,0.05155263703875244
728,864,136,0.136,0.0505987382568419
732,866,134,0.134,0.052280333787202836
710,855,145,0.145,0.05181926717422903
682,841,159,0.159,0.04996044966392219
672,836,164,0.164,0.05391291741095483
714,857,143,0.143,0.05344614083319903
716,858,142,0.142,0.05449909746646881
768,884,116,0.116,0.0536156285982579
744,872,128,0.128,0.05415926960110665
722,861,139,0.139,0.05433026023581624
702,851,149,0.149,0.055851024070754644
690,845,155,0.155,0.056999154621735215
740,870,130,0.13,0.057585703125223514
722,861,139,0.139,0.05817121696285903
756,878,122,0.122,0.05650844585895538
690,845,155,0.155,0.05561107183247805
698,849,151,0.151,0.05881901289522648
678,839,161,0.161,0.058676187302917245
792,896,104,0.104,0.05547459222748875
706,853,147,0.147,0.05928353939391673
698,849,151,0.151,0.05563122006319463
696,848,152,0.152,0.05780172840319574
710,855,145,0.145,0.054638305749744175
768,884,116,0.116,0.052211704693734644
744,872,128,0.128,0.05212563123181462
756,878,122,0.122,0.05171648024953902
698,849,151,0.151,0.0538009291049093
724,862,138,0.138,0.05500959256291389
754,877,123,0.123,0.049180026834830644
748,874,126,0.126,0.049910513209179046
706,853,147,0.147,0.04885478775948286
734,867,133,0.133,0.049145029226318
724,862,138,0.138,0.049537705276161435
760,880,120,0.12,0.04631618470139801
688,844,156,0.156,0.05045258987508714
774,887,113,0.113,0.045243568230420354
682,841,159,0.159,0.046494423154741525
750,875,125,0.125,0.045008810231462124
746,873,127,0.127,0.04372080792486668
722,861,139,0.139,0.04562734338454902
802,901,99,0.099,0.04284599720686674
686,843,157,0.157,0.044395966662094
806,903,97,0.097,0.0418871840517968
778,889,111,0.111,0.04304170135036111
748,874,126,0.126,0.045352613229304554
704,852,148,0.148,0.04475448762997985
770,885,115,0.115,0.04234313926286996
760,880,120,0.12,0.04279656369797885
782,891,109,0.109,0.04099475243501365
714,857,143,0.143,0.04269608462043106
738,869,131,0.131,0.043774909259751436
750,875,125,0.125,0.042490509672090414
706,853,147,0.147,0.0420112765096128
764,882,118,0.118,0.04069819782860577
720,860,140,0.14,0.04175345182791352
768,884,116,0.116,0.040174914442002774
756,878,122,0.122,0.03973000828921795
726,863,137,0.137,0.0412490238584578
778,889,111,0.111,0.04193882643803954
728,864,136,0.136,0.04153325009532273
692,846,154,0.154,0.0416014693044126
704,852,148,0.148,0.04293591738492251
776,888,112,0.112,0.04196005808003247
700,850,150,0.15,0.042086390841752294
698,849,151,0.151,0.041405278420075776
724,862,138,0.138,0.044151282615959644
720,860,140,0.14,0.04564248901605606
722,861,139,0.139,0.046576501708477734
786,893,107,0.107,0.04425939666479826
704,852,148,0.148,0.04720145440287888
706,853,147,0.147,0.047157910987734794
736,868,132,0.132,0.04597611849941313
670,835,165,0.165,0.04678271304816008
732,866,134,0.134,0.048310615526512266
676,838,162,0.162,0.049235348472371696
712,856,144,0.144,0.047326867107301954
790,895,105,0.105,0.0471278841085732
808,904,96,0.096,0.04611966206133366
778,889,111,0.111,0.04565186131373048
714,857,143,0.143,0.04733762203715742
690,845,155,0.155,0.04671984907612205
776,888,112,0.112,0.047290749141946434
732,866,134,0.134,0.04644006444327533
702,851,149,0.149,0.04641282248869538
702,851,149,0.149,0.04558919936791062
772,886,114,0.114,0.043503742640838027
700,850,150,0.15,0.04506555250287056
750,875,125,0.125,0.04349897433817387
748,874,126,0.126,0.04223775315657258
714,857,143,0.143,0.042999171372503045
680,840,160,0.16,0.043481564603745936
754,877,123,0.123,0.0424716000854969
698,849,151,0.151,0.042645792054012414
748,874,126,0.126,0.04115320731326938
728,864,136,0.136,0.04262287432700396
748,874,126,0.126,0.04248489688709378
716,858,142,0.142,0.041059849260374905
688,844,156,0.156,0.042983948614448306
738,869,131,0.131,0.04161610398441553
710,855,145,0.145,0.04140448633395136
730,865,135,0.135,0.042617442367598415
742,871,129,0.129,0.04262960099242628
724,862,138,0.138,0.042198740465566514
714,857,143,0.143,0.041102388201281426
768,884,116,0.116,0.04093150162324309
716,858,142,0.142,0.0429771260228008
712,856,144,0.144,0.04322456717304885
698,849,151,0.151,0.04393079575151205
710,855,145,0.145,0.04236888527870178
676,838,162,0.162,0.04213394959643483
756,878,122,0.122,0.04220718248188496
734,867,133,0.133,0.041379256235435605
714,857,143,0.143,0.04277901015803218
706,853,147,0.147,0.043401003183797
678,839,161,0.161,0.043044528631493446
722,861,139,0.139,0.042414639731869104
724,862,138,0.138,0.0426589699909091
736,868,132,0.132,0.04063802169822157
746,873,127,0.127,0.039924738060683015
732,866,134,0.134,0.04004893191158772
742,871,129,0.129,0.03899442921578884
768,884,116,0.116,0.03753622090257704
700,850,150,0.15,0.039768898377195
726,863,137,0.137,0.03752085122000426
758,879,121,0.121,0.037232716904953125
724,862,138,0.138,0.0373313594982028
758,879,121,0.121,0.036429520465433594
698,849,151,0.151,0.03598637074790895
702,851,149,0.149,0.03716081664897501
714,857,143,0.143,0.03682904205657542
754,877,123,0.123,0.036366323641501365
722,861,139,0.139,0.036758237307891246
744,872,128,0.128,0.036508839476853606
766,883,117,0.117,0.037088482505641875
710,855,145,0.145,0.036893145857378844
734,867,133,0.133,0.036689672795124355
754,877,123,0.123,0.03665212461166084
794,897,103,0.103,0.036102539544925094
710,855,145,0.145,0.03786069029197097
722,861,139,0.139,0.036794631615281105
726,863,137,0.137,0.03697931051906198
734,867,133,0.133,0.03706362636201083
766,883,117,0.117,0.036490307418629526
722,861,139,0.139,0.03737671963311732
708,854,146,0.146,0.0375744577050209
760,880,120,0.12,0.037637682784348724
664,832,168,0.168,0.038874563489109275
672,836,164,0.164,0.038594092451035976
806,903,97,0.097,0.03657812533155084
738,869,131,0.131,0.037628887567669154
730,865,135,0.135,0.03869328022748232
780,890,110,0.11,0.03662515457812697
710,855,145,0.145,0.03713882333692163
762,881,119,0.119,0.036359951233491304
788,894,106,0.106,0.03668978994339705
782,891,109,0.109,0.03589157645311206
660,830,170,0.17,0.03695716780610383
724,862,138,0.138,0.03655285360477865
686,843,157,0.157,0.03723531950917095
746,873,127,0.127,0.03626868073176592
688,844,156,0.156,0.037648616343736646
750,875,125,0.125,0.03739380072429776
744,872,128,0.128,0.03719771611690521
736,868,132,0.132,0.035625986133702096
708,854,146,0.146,0.03780891012214124
680,840,160,0.16,0.03740248411521316
698,849,151,0.151,0.0371691330820322
704,852,148,0.148,0.03787897672131658
696,848,152,0.152,0.03853763724118471
764,882,118,0.118,0.03736493716388941
718,859,141,0.141,0.037107465065084395
770,885,115,0.115,0.03721501209586859
780,890,110,0.11,0.03853947183862329
704,852,148,0.148,0.0413322632201016
750,875,125,0.125,0.03964540981501341
774,887,113,0.113,0.03950714763440192
690,845,155,0.155,0.03970884367823601
708,854,146,0.146,0.040066588044166566
668,834,166,0.166,0.04038617784716189
750,875,125,0.125,0.03930852971784771
706,853,147,0.147,0.03918570266105235
718,859,141,0.141,0.040228049105033276
748,874,126,0.126,0.039310576489195226
722,861,139,0.139,0.04009144393354654
714,857,143,0.143,0.0385876270160079
754,877,123,0.123,0.038350642405450344
722,861,139,0.139,0.038421559360809626
728,864,136,0.136,0.039207565795630214
764,882,118,0.118,0.03804885500483215
772,886,114,0.114,0.037605706384405496
730,865,135,0.135,0.03756151215173304
726,863,137,0.137,0.03763299906998873
694,847,153,0.153,0.03690292968973517
720,860,140,0.14,0.03685708399116993
738,869,131,0.131,0.036102914294227954
740,870,130,0.13,0.035179959304630755
776,888,112,0.112,0.03476651063002646
738,869,131,0.131,0.033416071290150284
796,898,102,0.102,0.031766203402541576
704,852,148,0.148,0.03290091463644058
782,891,109,0.109,0.031012679698877037
732,866,134,0.134,0.03243658254761249
738,869,131,0.131,0.03045394186954945
752,876,124,0.124,0.031788775687105954
740,870,130,0.13,0.031749792484566566
750,875,125,0.125,0.02972528126370162
760,880,120,0.12,0.030107193555682896
692,846,154,0.154,0.03046938407700509
758,879,121,0.121,0.029724773053079842
706,853,147,0.147,0.029378370268270372
718,859,141,0.141,0.030527269177138806
788,894,106,0.106,0.029471927090547977
728,864,136,0.136,0.030173024985007943
688,844,156,0.156,0.03023737539537251
764,882,118,0.118,0.030590532128699124
732,866,134,0.134,0.03142145668994635
758,879,121,0.121,0.03131334624812007
716,858,142,0.142,0.031079029940068722
742,871,129,0.129,0.03096401241887361
756,878,122,0.122,0.03078602671250701
704,852,148,0.148,0.03185312542039901
732,866,134,0.134,0.032410114475525914
760,880,120,0.12,0.03135310079250485
716,858,142,0.142,0.032852887119166556
734,867,133,0.133,0.032810969776473936
714,857,143,0.143,0.033960795742459596
746,873,127,0.127,0.03204404466226697
746,873,127,0.127,0.03295149768795818
710,855,145,0.145,0.03349143503047526
784,892,108,0.108,0.03263142344728112
728,864,136,0.136,0.03300419499631971
674,837,163,0.163,0.034184388819150625
752,876,124,0.124,0.032666299768723546
784,892,108,0.108,0.03280181406158954
728,864,136,0.136,0.03283097235113382
786,893,107,0.107,0.032096466223709284
728,864,136,0.136,0.03296052050869912
730,865,135,0.135,0.032830765360966324
776,888,112,0.112,0.03214667991921306
744,872,128,0.128,0.03271400541439652
732,866,134,0.134,0.031002830169163643
706,853,147,0.147,0.031214253128506245
730,865,135,0.135,0.030928235372528434
712,856,144,0.144,0.031239239138551058
674,837,163,0.163,0.03289536990690976
756,878,122,0.122,0.030713611414656044
762,881,119,0.119,0.031016689390875398
722,861,139,0.139,0.03065300076827407
758,879,121,0.121,0.03156894838437438
736,868,132,0.132,0.03162835189886391
770,885,115,0.115,0.030906617213971914
730,865,135,0.135,0.03154482274502516
682,841,159,0.159,0.032322031056508424
754,877,123,0.123,0.03156037214398384
760,880,120,0.12,0.0317274399260059
774,887,113,0.113,0.031216899126768113
778,889,111,0.111,0.0299686219971627
704,852,148,0.148,0.032255908233113584
676,838,162,0.162,0.032236865609884265
724,862,138,0.138,0.03161694426368922
678,839,161,0.161,0.03310082410369068
704,852,148,0.148,0.03259098138287663
750,875,125,0.125,0.031756489639170465
668,834,166,0.166,0.03403287894651294
686,843,157,0.157,0.032861722045578065
742,871,129,0.129,0.033074326151050625
716,858,142,0.142,0.03284369867481291
772,886,114,0.114,0.03302966637443751
690,845,155,0.155,0.03461869357246906
710,855,145,0.145,0.03481262981519103
694,847,153,0.153,0.03475968425348401
672,836,164,0.164,0.03453251521289349
720,860,140,0.14,0.03519766497798264
714,857,143,0.143,0.03485490405000746
692,846,154,0.154,0.03406404323130846
720,860,140,0.14,0.03398597693070769
722,861,139,0.139,0.03562147941626608
740,870,130,0.13,0.03547721399925649
752,876,124,0.124,0.03499170421808958
678,839,161,0.161,0.03652147209271789
706,853,147,0.147,0.03541781883873046
688,844,156,0.156,0.03565857003070414
758,879,121,0.121,0.034531798328273
738,869,131,0.131,0.035026237769052386
710,855,145,0.145,0.03461625115107745
768,884,116,0.116,0.03334439940936863
730,865,135,0.135,0.03539079100266099
716,858,142,0.142,0.03405055942572653
748,874,126,0.126,0.03248568897042423
674,837,163,0.163,0.03301647801324725
748,874,126,0.126,0.03278595765307546
736,868,132,0.132,0.033391354609280825
712,856,144,0.144,0.032497285227291284
760,880,120,0.12,0.03198557380307466
762,881,119,0.119,0.031196984080597758
716,858,142,0.142,0.03188580537214875
728,864,136,0.136,0.03131927475519478
766,883,117,0.117,0.030634790861047805
704,852,148,0.148,0.03136230667959899
716,858,142,0.142,0.030883673050440846
720,860,140,0.14,0.031030615110881628
704,852,148,0.148,0.03160104006901383
696,848,152,0.152,0.03216072825435549
726,863,137,0.137,0.03148260281328112
712,856,144,0.144,0.030896027322858573
652,826,174,0.174,0.03246127140335739
688,844,156,0.156,0.03294952547736466
730,865,135,0.135,0.03353854915685952
760,880,120,0.12,0.03134042276069522
658,829,171,0.171,0.03373169134929776
734,867,133,0.133,0.032345362495630976
698,849,151,0.151,0.03326260135509074
746,873,127,0.127,0.032313845283351836
734,867,133,0.133,0.03447391211148351
746,873,127,0.127,0.03398563068266958
760,880,120,0.12,0.033243653304874894
730,865,135,0.135,0.03438754805736244
742,871,129,0.129,0.03323059774469584
704,852,148,0.148,0.03350593248568475
726,863,137,0.137,0.03239328032918275
750,875,125,0.125,0.03274862163327635
726,863,137,0.137,0.032871783100068566
720,860,140,0.14,0.03181273206323385
736,868,132,0.132,0.030822171738371252
732,866,134,0.134,0.031756251208484174
756,878,122,0.122,0.030606309618800877
702,851,149,0.149,0.031181518850848078
788,894,106,0.106,0.030425036055035888
694,847,153,0.153,0.030212940080091358
706,853,147,0.147,0.03117833566106856
734,867,133,0.133,0.03014310383889824
684,842,158,0.158,0.030795825181528926
732,866,134,0.134,0.029655590428039433
754,877,123,0.123,0.02958533322904259
706,853,147,0.147,0.030282501142472027
746,873,127,0.127,0.02995911963377148
808,904,96,0.096,0.02953858445305377
716,858,142,0.142,0.02962200126051903
750,875,125,0.125,0.029131602825596927
748,874,126,0.126,0.029479888499714436
720,860,140,0.14,0.02809963971748948
704,852,148,0.148,0.027804098853841424
758,879,121,0.121,0.028499366879463195
754,877,123,0.123,0.028396175753325224
764,882,118,0.118,0.027872650831006467
744,872,128,0.128,0.027734610699117184
724,862,138,0.138,0.02791620994824916
720,860,140,0.14,0.027621070920489727
710,855,145,0.145,0.027794025724753736
740,870,130,0.13,0.026405154805630444
762,881,119,0.119,0.025630584459751846
780,890,110,0.11,0.026805043514817953
736,868,132,0.132,0.02678518233727664
724,862,138,0.138,0.0270701614767313
684,842,158,0.158,0.02713141913153231
774,887,113,0.113,0.026083451641723515
704,852,148,0.148,0.02728796444553882
750,875,125,0.125,0.026834443091414868
736,868,132,0.132,0.02660272451117635
750,875,125,0.125,0.027351093011908235
734,867,133,0.133,0.028040194734930992
726,863,137,0.137,0.02773586076218635
716,858,142,0.142,0.027521902955137192
768,884,116,0.116,0.026916952102445067
760,880,120,0.12,0.028261223949491977
714,857,143,0.143,0.02866806226130575
706,853,147,0.147,0.028556996962986886
730,865,135,0.135,0.02851021308451891
812,906,94,0.094,0.027296963941305877
696,848,152,0.152,0.02928328774962574
744,872,128,0.128,0.028302455259487033
764,882,118,0.118,0.027973783299326895
680,840,160,0.16,0.029930161914788186
748,874,126,0.126,0.027899623597972094
694,847,153,0.153,0.028698367353528736
774,887,113,0.113,0.02811970419064164
718,859,141,0.141,0.028870494325645268
722,861,139,0.139,0.02896261481102556
704,852,148,0.148,0.0291999353999272
750,875,125,0.125,0.028897490583360195
712,856,144,0.144,0.029092489594593644
740,870,130,0.13,0.02855135097913444
730,865,135,0.135,0.029142537385225296
734,867,133,0.133,0.029038330296054484
708,854,146,0.146,0.029316483740694822
778,889,111,0.111,0.028072387309744953
770,885,115,0.115,0.027837086580693723
712,856,144,0.144,0.028674637500196696
758,879,121,0.121,0.02866445710789412
720,860,140,0.14,0.02835620266199112
746,873,127,0.127,0.02741625578980893
772,886,114,0.114,0.026990079113282262
774,887,113,0.113,0.027210616182535886
816,908,92,0.092,0.025965498789213597
734,867,133,0.133,0.02634246255364269
760,880,120,0.12,0.02565715873707086
746,873,127,0.127,0.026006031273864208
738,869,131,0.131,0.02561996047012508
802,901,99,0.099,0.024954938190989196
770,885,115,0.115,0.024397535783238708
758,879,121,0.121,0.02488814603164792
710,855,145,0.145,0.02506369032058865
714,857,143,0.143,0.0246190686263144
700,850,150,0.15,0.024756268717348574
738,869,131,0.131,0.024321705893613398
744,872,128,0.128,0.02416817219462246
774,887,113,0.113,0.023973956354893744
742,871,129,0.129,0.024265777536667883
758,879,121,0.121,0.02501300632767379
706,853,147,0.147,0.02590137903764844
738,869,131,0.131,0.025946111181750893
682,841,159,0.159,0.026727308699861167
656,828,172,0.172,0.02751084214169532
762,881,119,0.119,0.0261448715319857
768,884,116,0.116,0.026204257562756537
830,915,85,0.085,0.024916438140906393
722,861,139,0.139,0.027487468264065684
702,851,149,0.149,0.028220487426035105
780,890,110,0.11,0.029099589600227772
724,862,138,0.138,0.029005068806000053
676,838,162,0.162,0.030364640951156617
734,867,133,0.133,0.029765083203092218
722,861,139,0.139,0.02884777942672372
696,848,152,0.152,0.030420700310729444
714,857,143,0.143,0.031334623863920566
772,886,114,0.114,0.03016155500896275
696,848,152,0.152,0.03186278043501079
726,863,137,0.137,0.032968699683435264
780,890,110,0.11,0.03196371168456972
732,866,134,0.134,0.03190801811311394
750,875,125,0.125,0.03259848205186427
722,861,139,0.139,0.03243093638122082
750,875,125,0.125,0.033004433106631044
716,858,142,0.142,0.032277152066119016
706,853,147,0.147,0.03275565961562097
684,842,158,0.158,0.03333420659974217
674,837,163,0.163,0.032964231911115346
742,871,129,0.129,0.03218128085881471
762,881,119,0.119,0.031634189618751404
792,896,104,0.104,0.030922922521829606
706,853,147,0.147,0.03282980649825185
690,845,155,0.155,0.03288895511440933
760,880,120,0.12,0.03141606540046632
734,867,133,0.133,0.03111063889041543
792,896,104,0.104,0.030439437511377038
776,888,112,0.112,0.02904905472882092
774,887,113,0.113,0.028589887304231523
754,877,123,0.123,0.029313055693171917
730,865,135,0.135,0.02925620345957577
718,859,141,0.141,0.028842067150399088
752,876,124,0.124,0.02808692372124642
716,858,142,0.142,0.028237452431581916
732,866,134,0.134,0.027805781601928176
784,892,108,0.108,0.025587139490060508
720,860,140,0.14,0.026982969528064133
692,846,154,0.154,0.026533679068088532
754,877,123,0.123,0.025818152990192175
708,854,146,0.146,0.027120974810793997
668,834,166,0.166,0.026919449052773416
654,827,173,0.173,0.027506757602095602
740,870,130,0.13,0.0266462550284341
786,893,107,0.107,0.02675975995976478
802,901,99,0.099,0.027068831525743006
740,870,130,0.13,0.028547580200247467
676,838,162,0.162,0.029106526580639183
758,879,121,0.121,0.028440130405128
722,861,139,0.139,0.028749027096666397
700,850,150,0.15,0.028576406003907324
728,864,136,0.136,0.029431908366270364
666,833,167,0.167,0.029889980068430303
752,876,124,0.124,0.028767543839290737
718,859,141,0.141,0.029554402327165007
752,876,124,0.124,0.02976356257777661
668,834,166,0.166,0.02981207800656557
800,900,100,0.1,0.028593175219371915
750,875,125,0.125,0.02937195897474885
752,876,124,0.124,0.030085726106539368
754,877,123,0.123,0.02923855878971517
772,886,114,0.114,0.028773478717543186
744,872,128,0.128,0.029377293818630277
756,878,122,0.122,0.02947728022187948
766,883,117,0.117,0.02803422564547509
708,854,146,0.146,0.027516929051838813
700,850,150,0.15,0.027693644800223412
726,863,137,0.137,0.027175952149555087
768,884,116,0.116,0.0266499242791906
686,843,157,0.157,0.027585826106369494
726,863,137,0.137,0.02705004161223769
748,874,126,0.126,0.026619168021716176
730,865,135,0.135,0.026084298273548485
682,841,159,0.159,0.02633145551662892
758,879,121,0.121,0.025069220040924847
794,897,103,0.103,0.02502996884845197
798,899,101,0.101,0.025194278837181627
662,831,169,0.169,0.02597739953454584
732,866,134,0.134,0.02590569228027016
724,862,138,0.138,0.026021998307667674
724,862,138,0.138,0.02517403803113848
696,848,152,0.152,0.025409278626553716
724,862,138,0.138,0.02614146929141134
758,879,121,0.121,0.025520803359337152
710,855,145,0.145,0.026475536267273128
710,855,145,0.145,0.02576421680767089
722,861,139,0.139,0.02674414756707847
734,867,133,0.133,0.026071541592478754
714,857,143,0.143,0.026189266287721693
674,837,163,0.163,0.026634286063723266
756,878,122,0.122,0.02715572641044855
716,858,142,0.142,0.027260827743448318
712,856,144,0.144,0.028246228537522258
712,856,144,0.144,0.027941456366330386
716,858,142,0.142,0.027669493780471385
786,893,107,0.107,0.02667286566738039
730,865,135,0.135,0.027909110106527805
750,875,125,0.125,0.027646083674393595
712,856,144,0.144,0.028526072925888
710,855,145,0.145,0.028229670912958683
738,869,131,0.131,0.027676406857557595
742,871,129,0.129,0.027014686089009046
724,862,138,0.138,0.027748195261694492
746,873,127,0.127,0.027537591367959975
698,849,151,0.151,0.027094236929900945
742,871,129,0.129,0.027381238668225706
690,845,155,0.155,0.027758858886547385
740,870,130,0.13,0.027642981871031223
708,854,146,0.146,0.027756236740387977
764,882,118,0.118,0.02703166382573545
668,834,166,0.166,0.027938292933627963
748,874,126,0.126,0.026818644852377473
700,850,150,0.15,0.02801064692158252
730,865,135,0.135,0.027408679589629174
672,836,164,0.164,0.028303321573883294
668,834,166,0.166,0.028830771134234965
758,879,121,0.121,0.02783559409249574
696,848,152,0.152,0.028837331658229232
726,863,137,0.137,0.02805325644556433
718,859,141,0.141,0.029102784992195666
726,863,137,0.137,0.02856165734026581
778,889,111,0.111,0.02892268872447312
738,869,131,0.131,0.02907758158259094
762,881,119,0.119,0.02855609127599746
792,896,104,0.104,0.027543119747191668
746,873,127,0.127,0.02748817746154964
742,871,129,0.129,0.02806281525734812
690,845,155,0.155,0.02769213140476495
762,881,119,0.119,0.025780842900276185
744,872,128,0.128,0.024147092503495515
722,861,139,0.139,0.025532951158471404
724,862,138,0.138,0.025552743928506972
768,884,116,0.116,0.025866014445200564
740,870,130,0.13,0.02581277009565383
734,867,133,0.133,0.025268398384563625
710,855,145,0.145,0.025403218331746757
704,852,148,0.148,0.02392876262124628
742,871,129,0.129,0.02358981613535434
778,889,111,0.111,0.02310452085081488
758,879,121,0.121,0.024063409868627785
692,846,154,0.154,0.024569367754273118
732,866,134,0.134,0.02411133304797113
716,858,142,0.142,0.02418117527011782
726,863,137,0.137,0.02369026403222233
732,866,134,0.134,0.024159640623256564
718,859,141,0.141,0.02399737728945911
698,849,151,0.151,0.024418197529390454
740,870,130,0.13,0.02516839356906712
730,865,135,0.135,0.024940894869156183
710,855,145,0.145,0.025043835359625517
764,882,118,0.118,0.024231452560052276
700,850,150,0.15,0.024967037385329603
716,858,142,0.142,0.02481004432030022
726,863,137,0.137,0.02513803289271891
732,866,134,0.134,0.024951026359573008
710,855,145,0.145,0.02586650479026139
806,903,97,0.097,0.024093218319118023
688,844,156,0.156,0.02494152881205082
840,920,80,0.08,0.02400780430994928
710,855,145,0.145,0.025204396017827094
724,862,138,0.138,0.025491853458806873
706,853,147,0.147,0.024582015458494425
750,875,125,0.125,0.024023299966938794
718,859,141,0.141,0.023706673736684024
728,864,136,0.136,0.023409887860529124
742,871,129,0.129,0.023531822610646486
758,879,121,0.121,0.02338947837240994
748,874,126,0.126,0.023167943093925714
718,859,141,0.141,0.02356825646571815
780,890,110,0.11,0.022927277620881797
636,818,182,0.182,0.02371106138359755
724,862,138,0.138,0.022860045792534946
740,870,130,0.13,0.02315458073001355
788,894,106,0.106,0.022943086417391897
746,873,127,0.127,0.02327452184446156
722,861,139,0.139,0.023576786899007857
706,853,147,0.147,0.023745609702542424
728,864,136,0.136,0.023376226231455802
702,851,149,0.149,0.023905034717172383
692,846,154,0.154,0.024076384474523364
734,867,133,0.133,0.022739033091813327
698,849,151,0.151,0.025038487052544953
724,862,138,0.138,0.02434337641019374
700,850,150,0.15,0.024424481274560095
698,849,151,0.151,0.02409733064379543
684,842,158,0.158,0.02512081690505147
776,888,112,0.112,0.024720802314579488
700,850,150,0.15,0.02512898209039122
706,853,147,0.147,0.025523771503008903
654,827,173,0.173,0.02670965258218348
728,864,136,0.136,0.025887314733117818
742,871,129,0.129,0.02534762337245047
796,898,102,0.102,0.02457747743651271
756,878,122,0.122,0.025270135515369475
714,857,143,0.143,0.026227210335433484
710,855,145,0.145,0.025957030882127582
750,875,125,0.125,0.026045686810277403
738,869,131,0.131,0.024946951060555875
740,870,130,0.13,0.025276172599755228
772,886,114,0.114,0.024191615613177418
730,865,135,0.135,0.02464343492873013
726,863,137,0.137,0.025057933202013372
740,870,130,0.13,0.024268334690481425
702,851,149,0.149,0.024856814574450256
762,881,119,0.119,0.024442049161531032
728,864,136,0.136,0.02381849969923496
744,872,128,0.128,0.024133260946720837
786,893,107,0.107,0.022967036462388932
688,844,156,0.156,0.0239508886160329
682,841,159,0.159,0.025041685860604047
758,879,121,0.121,0.023484803098253907
736,868,132,0.132,0.024072843233123423
716,858,142,0.142,0.02361150032840669
740,870,130,0.13,0.02322669125907123
748,874,126,0.126,0.022987564046867193
738,869,131,0.131,0.02247940573748201
700,850,150,0.15,0.023172027467750014
718,859,141,0.141,0.02323297873046249
790,895,105,0.105,0.022388458983041346
708,854,146,0.146,0.022407932011410593
760,880,120,0.12,0.021472758586518467
722,861,139,0.139,0.022057953926734625
730,865,135,0.135,0.022093239045701922
732,866,134,0.134,0.022569100481458007
748,874,126,0.126,0.02197588241659105
744,872,128,0.128,0.022085371338762344
702,851,149,0.149,0.022186786421574654
676,838,162,0.162,0.022550330067053436
794,897,103,0.103,0.021503948328085245
772,886,114,0.114,0.021879190268926322
674,837,163,0.163,0.022703000416979195
732,866,134,0.134,0.022350717317312956
730,865,135,0.135,0.02243082073237747
708,854,146,0.146,0.02252848157007247
768,884,116,0.116,0.022045567362569272
684,842,158,0.158,0.022961383160203696
700,850,150,0.15,0.022982612528838216
738,869,131,0.131,0.022788970821537077
700,850,150,0.15,0.023563395794481037
732,866,134,0.134,0.022506158060394226
758,879,121,0.121,0.022349316919222473
752,876,124,0.124,0.02309081016946584
746,873,127,0.127,0.023134356865659355
730,865,135,0.135,0.02267571421060711
756,878,122,0.122,0.023011049244552852
700,850,150,0.15,0.023335789693519474
774,887,113,0.113,0.022585263205692173
760,880,120,0.12,0.022497029257006942
758,879,121,0.121,0.022442584352567792
710,855,145,0.145,0.02265018752310425
722,861,139,0.139,0.022033875384368004
712,856,144,0.144,0.02214517579972744
724,862,138,0.138,0.02241541503742337
690,845,155,0.155,0.02238124429155141
700,850,150,0.15,0.022281954494304954
736,868,132,0.132,0.022440454941242933
752,876,124,0.124,0.022185956471599638
752,876,124,0.124,0.021951272507198156
778,889,111,0.111,0.021085144915618
696,848,152,0.152,0.022547518722712993
722,861,139,0.139,0.02157091600354761
706,853,147,0.147,0.021487800537608563
706,853,147,0.147,0.020572174009867012
744,872,128,0.128,0.020915524194948375
740,870,130,0.13,0.020530165842734278
696,848,152,0.152,0.020322071379981935
736,868,132,0.132,0.020281863833777607
700,850,150,0.15,0.020447796813212335
700,850,150,0.15,0.020676007519476115
728,864,136,0.136,0.020512027006596326
728,864,136,0.136,0.020695255829952658
692,846,154,0.154,0.020482761410064994
752,876,124,0.124,0.02039223701041192
744,872,128,0.128,0.020570790986530484
768,884,116,0.116,0.02037613232061267
802,901,99,0.099,0.020408984076231717
660,830,170,0.17,0.021588394219987095
774,887,113,0.113,0.020642323589883743
726,863,137,0.137,0.02162458890117705
728,864,136,0.136,0.021745077275671064
750,875,125,0.125,0.021138635588809847
708,854,146,0.146,0.021939920670352876
698,849,151,0.151,0.021281511885114013
760,880,120,0.12,0.02119079628866166
718,859,141,0.141,0.02174324831366539
666,833,167,0.167,0.021969013646245004
652,826,174,0.174,0.021142416876740754
738,869,131,0.131,0.0207455575754866
744,872,128,0.128,0.021020881301723422
754,877,123,0.123,0.02107857606653124
742,871,129,0.129,0.02095627570617944
712,856,144,0.144,0.020718449275940656
700,850,150,0.15,0.02105640008300543
704,852,148,0.148,0.021576040515676142
752,876,124,0.124,0.02067763429041952
722,861,139,0.139,0.021069865060970187
706,853,147,0.147,0.020462933573871852
746,873,127,0.127,0.02058347070077434
748,874,126,0.126,0.020553109975531697
738,869,131,0.131,0.02038073673378676
744,872,128,0.128,0.01987271077558398
732,866,134,0.134,0.020426578597165644
720,860,140,0.14,0.01991547387931496
742,871,129,0.129,0.02016004341747612
702,851,149,0.149,0.01987112345173955
710,855,145,0.145,0.020106165782548487
704,852,148,0.148,0.01989609742537141
716,858,142,0.142,0.019755010364577174
738,869,131,0.131,0.019557816804386674
704,852,148,0.148,0.01923961617052555
686,843,157,0.157,0.01979004578012973
808,904,96,0.096,0.01924223097367212
734,867,133,0.133,0.019972459591925146
760,880,120,0.12,0.019762844886630774
690,845,155,0.155,0.01979947469942272
672,836,164,0.164,0.020356450113467872
700,850,150,0.15,0.020308767746202647
700,850,150,0.15,0.020741452311165632
774,887,113,0.113,0.020018797502852976
740,870,130,0.13,0.020217158567160366
798,899,101,0.101,0.019982169765047728
726,863,137,0.137,0.020456776254810394
712,856,144,0.144,0.020219026415608823
728,864,136,0.136,0.020218355644494295
688,844,156,0.156,0.021126071971841156
764,882,118,0.118,0.020080364032648505
746,873,127,0.127,0.020156946193426846
692,846,154,0.154,0.019881527015939354
736,868,132,0.132,0.019545305241830648
742,871,129,0.129,0.019769347939640282
732,866,134,0.134,0.020209696703590452
726,863,137,0.137,0.019325769153423607
704,852,148,0.148,0.019951711694709957
752,876,124,0.124,0.019524447564966976
712,856,144,0.144,0.01986499198526144
728,864,136,0.136,0.019716378709301353
706,853,147,0.147,0.019491304182447492
680,840,160,0.16,0.019398137007374316
806,903,97,0.097,0.018347610249649732
710,855,145,0.145,0.019049775471910835
758,879,121,0.121,0.019113055928144603
732,866,134,0.134,0.019082521062344312
694,847,153,0.153,0.019239043790847062
726,863,137,0.137,0.01863575492380187
706,853,147,0.147,0.019030689961276947
716,858,142,0.142,0.01895658877212554
694,847,153,0.153,0.019630415511317553
748,874,126,0.126,0.018348005463834853
760,880,120,0.12,0.018539160239510237
784,892,108,0.108,0.018233265906572343
754,877,123,0.123,0.018980329560115933
740,870,130,0.13,0.01902789424918592
750,875,125,0.125,0.0185862402273342
744,872,128,0.128,0.018696695485152303
782,891,109,0.109,0.018691189638338983
782,891,109,0.109,0.017735114756971596
750,875,125,0.125,0.017936066010035574
774,887,113,0.113,0.017748835461214186
712,856,144,0.144,0.017895960802212358
672,836,164,0.164,0.017735715713817626
750,875,125,0.125,0.017275247293990107
720,860,140,0.14,0.017779599961824714
734,867,133,0.133,0.017009028220083565
706,853,147,0.147,0.016926888676825912
766,883,117,0.117,0.016471401502378285
714,857,143,0.143,0.016948590881656855
688,844,156,0.156,0.016868829626124352
726,863,137,0.137,0.016655270603485404
688,844,156,0.156,0.016945020860992373
738,869,131,0.131,0.017049699415452778
704,852,148,0.148,0.01728367002494633
754,877,123,0.123,0.017499854411929847
686,843,157,0.157,0.017572999487165362
730,865,135,0.135,0.016931088430341332
756,878,122,0.122,0.01690495361806825
786,893,107,0.107,0.01683554164879024
754,877,123,0.123,0.017002651950810105
780,890,110,0.11,0.016750659556593744
720,860,140,0.14,0.017176106366328894
740,870,130,0.13,0.016967227469198407
712,856,144,0.144,0.016946011330466717
692,846,154,0.154,0.016082202902063726
712,856,144,0.144,0.016138100336771457
760,880,120,0.12,0.015450396159663796
776,888,112,0.112,0.015320911300834269
758,879,121,0.121,0.015697854968253523
756,878,122,0.122,0.01602162104798481
760,880,120,0.12,0.014923677212558687
758,879,121,0.121,0.015010950565338134
734,867,133,0.133,0.01498698518704623
740,870,130,0.13,0.014548394966870546
694,847,153,0.153,0.014485596523620189
696,848,152,0.152,0.014503974062390625
786,893,107,0.107,0.01386579904705286
716,858,142,0.142,0.014372209404595196
798,899,101,0.101,0.013594288817141205
662,831,169,0.169,0.014349430707283319
740,870,130,0.13,0.013792375248856842
746,873,127,0.127,0.013887869121041148
708,854,146,0.146,0.01456312797171995
706,853,147,0.147,0.014368202961515635
756,878,122,0.122,0.014141914853360504
750,875,125,0.125,0.014403229150921106
740,870,130,0.13,0.014597674110438675
708,854,146,0.146,0.014155078963842244
698,849,151,0.151,0.01509493604954332
736,868,132,0.132,0.015058364864438772
722,861,139,0.139,0.01657285718433559
752,876,124,0.124,0.015396589459385723
714,857,143,0.143,0.01596415264206007
762,881,119,0.119,0.01583751483261585
760,880,120,0.12,0.015570110763888806
710,855,145,0.145,0.01613327559735626
690,845,155,0.155,0.016526982653420418
754,877,123,0.123,0.016101667932700365
772,886,114,0.114,0.01638059861306101
742,871,129,0.129,0.016476581101771443
728,864,136,0.136,0.016713042133953422
716,858,142,0.142,0.016560975644271822
740,870,130,0.13,0.016172744958195834
718,859,141,0.141,0.016563898403663187
732,866,134,0.134,0.016553109460975976
738,869,131,0.131,0.016299731383100154
726,863,137,0.137,0.01653639474604279
760,880,120,0.12,0.016304787097498774
732,866,134,0.134,0.01653522425238043
740,870,130,0.13,0.0159166445620358
746,873,127,0.127,0.016081025222316383
732,866,134,0.134,0.01610108137037605
756,878,122,0.122,0.015588154978118838
740,870,130,0.13,0.015346478350926191
660,830,170,0.17,0.015898538825567812
678,839,161,0.161,0.015254013305995613
784,892,108,0.108,0.015368434272240848
724,862,138,0.138,0.015500697957351805
734,867,133,0.133,0.01514531027758494
712,856,144,0.144,0.015138309171888978
690,845,155,0.155,0.015822782329749315
728,864,136,0.136,0.015409749708138406
722,861,139,0.139,0.015305101420730353
720,860,140,0.14,0.01542865575570613
686,843,157,0.157,0.01596765341144055
720,860,140,0.14,0.016029338527005166
766,883,117,0.117,0.015969280819408595
732,866,134,0.134,0.015959334049839527
762,881,119,0.119,0.015798507247120144
728,864,136,0.136,0.016182925496250392
720,860,140,0.14,0.01600369063857943
744,872,128,0.128,0.015939440152142197
756,878,122,0.122,0.015561410516500474
704,852,148,0.148,0.01575227484712377
800,900,100,0.1,0.014993202219717205
712,856,144,0.144,0.015676498579327017
726,863,137,0.137,0.015442463484127075
698,849,151,0.151,0.015617917967028916
778,889,111,0.111,0.014445787081494927
760,880,120,0.12,0.015041688694618643
772,886,114,0.114,0.014236983736976981
730,865,135,0.135,0.014878361814655364
810,905,95,0.095,0.013292000562418253
770,885,115,0.115,0.013493663677945734
726,863,137,0.137,0.013599191196262836
756,878,122,0.122,0.01361444593546912
766,883,117,0.117,0.013352973666973413
700,850,150,0.15,0.013314092891756444
740,870,130,0.13,0.01320140737388283
692,846,154,0.154,0.01358890005061403
724,862,138,0.138,0.013300292654428631
672,836,164,0.164,0.013642563121393322
716,858,142,0.142,0.01313760519772768
734,867,133,0.133,0.013375391197390854
676,838,162,0.162,0.013796159822959453
788,894,106,0.106,0.013064570921473204
752,876,124,0.124,0.013198166466318072
710,855,145,0.145,0.014064615843817591
728,864,136,0.136,0.014548957566265017
718,859,141,0.141,0.014668927554041148
714,857,143,0.143,0.01493230793811381
716,858,142,0.142,0.014637235185597092
706,853,147,0.147,0.01499580557225272
746,873,127,0.127,0.014739557043183594
748,874,126,0.126,0.015198299500625581
796,898,102,0.102,0.014897475719917565
756,878,122,0.122,0.015207918485626578
718,859,141,0.141,0.015397943178657442
704,852,148,0.148,0.015722642065491527
786,893,107,0.107,0.015303374798968435
726,863,137,0.137,0.01574036175571382
766,883,117,0.117,0.015184936192817987
728,864,136,0.136,0.015698965237941592
758,879,121,0.121,0.015214051357470454
722,861,139,0.139,0.015687966770958156
742,871,129,0.129,0.015198340771719814
800,900,100,0.1,0.0148135711341165
724,862,138,0.138,0.01486318835336715
716,858,142,0.142,0.015167713693808765
770,885,115,0.115,0.014287846016697586
752,876,124,0.124,0.014652795310132206
762,881,119,0.119,0.014095730210654437
754,877,123,0.123,0.014641121479682623
770,885,115,0.115,0.013823917941655963
726,863,137,0.137,0.01391827654885128
654,827,173,0.173,0.014383992727845907
738,869,131,0.131,0.014051050121430307
698,849,151,0.151,0.014206896774470805
704,852,148,0.148,0.01412572896713391
756,878,122,0.122,0.013359001940116286
720,860,140,0.14,0.014225009406451135
750,875,125,0.125,0.014233139553107321
768,884,116,0.116,0.014047493998892605
768,884,116,0.116,0.01357275092601776
772,886,114,0.114,0.01432121509546414
714,857,143,0.143,0.014667568071745336
700,850,150,0.15,0.014913056845776736
724,862,138,0.138,0.014508674208074808
762,881,119,0.119,0.014540718593634665
722,861,139,0.139,0.01454223004123196
706,853,147,0.147,0.014715175862889738
688,844,156,0.156,0.014879298782907426
722,861,139,0.139,0.015112843675538898
742,871,129,0.129,0.015153213266748934
776,888,112,0.112,0.014864505843725055
732,866,134,0.134,0.015528226017951965
738,869,131,0.131,0.016004260699730367
770,885,115,0.115,0.015423085376154631
706,853,147,0.147,0.015982871816959232
696,848,152,0.152,0.016034917099867017
770,885,115,0.115,0.01592167688254267
666,833,167,0.167,0.016096128973178567
730,865,135,0.135,0.016006780103314668
664,832,168,0.168,0.016725367674604058
688,844,156,0.156,0.01625990433851257
690,845,155,0.155,0.016788324529770762
780,890,110,0.11,0.016297752023208885
732,866,134,0.134,0.01655650126794353
746,873,127,0.127,0.016490242866799235
730,865,135,0.135,0.016910837729461493
720,860,140,0.14,0.017013126058038324
720,860,140,0.14,0.017549120642710477
720,860,140,0.14,0.017368712447118014
702,851,149,0.149,0.01766785324923694
734,867,133,0.133,0.017325914375018327
756,878,122,0.122,0.017186605001799762
722,861,139,0.139,0.017788011095952242
732,866,134,0.134,0.01769688251428306
742,871,129,0.129,0.01776876747328788
710,855,145,0.145,0.017402958498336375
716,858,142,0.142,0.017442728188820183
720,860,140,0.14,0.017251739853061734
674,837,163,0.163,0.017395946776960044
766,883,117,0.117,0.016557215072680265
732,866,134,0.134,0.016594898987561463
756,878,122,0.122,0.016735144034959376
744,872,128,0.128,0.01642002525739372
728,864,136,0.136,0.01634709649020806
714,857,143,0.143,0.016456344400998205
750,875,125,0.125,0.016423851523548364
730,865,135,0.135,0.01632198843359947
748,874,126,0.126,0.016244110092986375
702,851,149,0.149,0.015898704926948993
756,878,122,0.122,0.015565290948376059
744,872,128,0.128,0.015653139238245784
682,841,159,0.159,0.01636903503164649
722,861,139,0.139,0.015734340775758027
702,851,149,0.149,0.01615113715734333
748,874,126,0.126,0.015226081609725953
734,867,133,0.133,0.015821113967802374
754,877,123,0.123,0.01579800315666944
722,861,139,0.139,0.01578496353002265
748,874,126,0.126,0.015500332212075592
718,859,141,0.141,0.015718835695646704
790,895,105,0.105,0.015278246596455575
734,867,133,0.133,0.01540377465588972
754,877,123,0.123,0.015643734437879173
746,873,127,0.127,0.015341564702335745
714,857,143,0.143,0.015759137192741038
710,855,145,0.145,0.015550029210280626
722,861,139,0.139,0.015143213701900094
702,851,149,0.149,0.015624514451250434
710,855,145,0.145,0.015411371144931763
736,868,132,0.132,0.015181055061519146
722,861,139,0.139,0.015212156319990754
748,874,126,0.126,0.014674467819742859
680,840,160,0.16,0.015320143695920706
710,855,145,0.145,0.01526974220573902
676,838,162,0.162,0.01555774354096502
740,870,130,0.13,0.015494835359044373
728,864,136,0.136,0.015782092105131595
718,859,141,0.141,0.016259069255087525
682,841,159,0.159,0.01633293170807883
780,890,110,0.11,0.015898989879060535
740,870,130,0.13,0.016358673410024494
776,888,112,0.112,0.01635358691168949
734,867,133,0.133,0.016586397448554634
700,850,150,0.15,0.016873631061054765
750,875,125,0.125,0.016430906357243657
712,856,144,0.144,0.016687503940425813
722,861,139,0.139,0.01629028365574777
758,879,121,0.121,0.01614229160780087
786,893,107,0.107,0.015867845513857903
746,873,127,0.127,0.016486700713634492
756,878,122,0.122,0.015752266471274198
658,829,171,0.171,0.016493826511316003
684,842,158,0.158,0.01595476593496278
676,838,162,0.162,0.01605039828782901
724,862,138,0.138,0.01614578476687893
708,854,146,0.146,0.016263115641195328
762,881,119,0.119,0.015614566447213292
700,850,150,0.15,0.015830885940697044
772,886,114,0.114,0.015137172013055533
750,875,125,0.125,0.015294591999147088
702,851,149,0.149,0.01559840101748705
712,856,144,0.144,0.015137642515357584
708,854,146,0.146,0.014929348919540644
704,852,148,0.148,0.01493949853349477
750,875,125,0.125,0.015034540278371424
662,831,169,0.169,0.015306239005643875
712,856,144,0.144,0.015161304986104369
764,882,118,0.118,0.014575216638855635
680,840,160,0.16,0.015537525656167417
758,879,121,0.121,0.015330765781458467
674,837,163,0.163,0.01578902269154787
718,859,141,0.141,0.015837830603122712
744,872,128,0.128,0.01549392800591886
728,864,136,0.136,0.016000555210746826
778,889,111,0.111,0.01607890917826444
736,868,132,0.132,0.016549859132617712
720,860,140,0.14,0.016752507343888282
662,831,169,0.169,0.01698623929172754
726,863,137,0.137,0.01671866973862052
690,845,155,0.155,0.017211636770982294
746,873,127,0.127,0.016773746833205223
728,864,136,0.136,0.0173471769252792
722,861,139,0.139,0.01678924470534548
736,868,132,0.132,0.01703613029420376
690,845,155,0.155,0.016846636445261538
706,853,147,0.147,0.016838003729935734
702,851,149,0.149,0.016829489872790874
692,846,154,0.154,0.016919456221628933
724,862,138,0.138,0.01712602315004915
722,861,139,0.139,0.017114378123078495
714,857,143,0.143,0.017274578365962953
710,855,145,0.145,0.01729960653465241
710,855,145,0.145,0.017036021127831192
712,856,144,0.144,0.017109561805147677
740,870,130,0.13,0.01667395886685699
702,851,149,0.149,0.017339026629924773
668,834,166,0.166,0.01714287965837866
710,855,145,0.145,0.016736002679448574
724,862,138,0.138,0.016679451471660285
782,891,109,0.109,0.016771852862089872
768,884,116,0.116,0.016200342528987676
734,867,133,0.133,0.01614040411217138
762,881,119,0.119,0.01604687045607716
722,861,139,0.139,0.01623121101083234
720,860,140,0.14,0.016158943948335946
746,873,127,0.127,0.0156999680721201
716,858,142,0.142,0.015752453598193824
720,860,140,0.14,0.015368558218237013
700,850,150,0.15,0.015569459047168494
690,845,155,0.155,0.015172128172591328
754,877,123,0.123,0.015024452499579639
732,866,134,0.134,0.014625621510669588
758,879,121,0.121,0.014819157430902124
716,858,142,0.142,0.014859461689833552
742,871,129,0.129,0.014677616580855101
784,892,108,0.108,0.014597258789464832
712,856,144,0.144,0.01451022674702108
766,883,117,0.117,0.01409493261994794
714,857,143,0.143,0.01375723264971748
686,843,157,0.157,0.013835726621095092
742,871,129,0.129,0.013642527070827783
712,856,144,0.144,0.013461687041446567
746,873,127,0.127,0.013058953273575752
736,868,132,0.132,0.013727743715047836
760,880,120,0.12,0.013208487298339606
730,865,135,0.135,0.01365904556075111
752,876,124,0.124,0.013508359709754586
728,864,136,0.136,0.013789133679121733
786,893,107,0.107,0.013734693428501487
702,851,149,0.149,0.01439753797231242
686,843,157,0.157,0.014516305394470692
698,849,151,0.151,0.014086047953926028
726,863,137,0.137,0.014102732916828245
798,899,101,0.101,0.013634317762684077
768,884,116,0.116,0.014028924791142344
704,852,148,0.148,0.014629629637114703
660,830,170,0.17,0.014832817784510554
778,889,111,0.111,0.014050754541531206
720,860,140,0.14,0.01412044501537457
684,842,158,0.158,0.014771438690368087
732,866,134,0.134,0.014050179042853415
720,860,140,0.14,0.014350524542387576
760,880,120,0.12,0.01377526498073712
700,850,150,0.15,0.014586804460268468
706,853,147,0.147,0.014288709406740964
734,867,133,0.133,0.014015182042960077
760,880,120,0.12,0.014325345499906689
740,870,130,0.13,0.014222470376174898
734,867,133,0.133,0.01405502108950168
734,867,133,0.133,0.014206182318739593
738,869,131,0.131,0.014242647253908216
768,884,116,0.116,0.013971103364601731
724,862,138,0.138,0.014027626191265881
740,870,130,0.13,0.013222768974490463
728,864,136,0.136,0.01392565443413332
726,863,137,0.137,0.01358863863395527
720,860,140,0.14,0.013191007422283291
742,871,129,0.129,0.013488177875522525
684,842,158,0.158,0.013778490732423961
732,866,134,0.134,0.013149699199944735
774,887,113,0.113,0.012938229640945792
770,885,115,0.115,0.012685067349113524
744,872,128,0.128,0.013098765451461077
748,874,126,0.126,0.012877184873912484
768,884,116,0.116,0.012959311828017234
746,873,127,0.127,0.012604496685322373
686,843,157,0.157,0.012713086161762475
724,862,138,0.138,0.012902970110997558
702,851,149,0.149,0.012618115772027523
722,861,139,0.139,0.012190544711891562
778,889,111,0.111,0.012223359019029885
786,893,107,0.107,0.012089777141343802
714,857,143,0.143,0.012739194408990443
756,878,122,0.122,0.012072251299861819
766,883,117,0.117,0.011830255796201528
736,868,132,0.132,0.012035936129745095
770,885,115,0.115,0.01181964103365317
776,888,112,0.112,0.01180166834872216
692,846,154,0.154,0.01222923171101138
712,856,144,0.144,0.01187553196772933
724,862,138,0.138,0.011963180374354124
700,850,150,0.15,0.012156666351482272
764,882,118,0.118,0.011362158960662783
756,878,122,0.122,0.011433528984431177
756,878,122,0.122,0.011544055713806302
722,861,139,0.139,0.011529495178256183
702,851,149,0.149,0.011820759904570878
704,852,148,0.148,0.01193706569680944
706,853,147,0.147,0.012166024497244507
686,843,157,0.157,0.012415267719421535
750,875,125,0.125,0.011727702404838055
724,862,138,0.138,0.012459878474473954
702,851,149,0.149,0.012201039443723857
704,852,148,0.148,0.012698606633581222
756,878,122,0.122,0.012075863280333578
680,840,160,0.16,0.013399552081711591
726,863,137,0.137,0.013583731255028398
748,874,126,0.126,0.013357326825615018
710,855,145,0.145,0.013602509990800172
720,860,140,0.14,0.013791025902610271
754,877,123,0.123,0.013496173260267823
760,880,120,0.12,0.013199845250230283
740,870,130,0.13,0.013989902324508875
754,877,123,0.123,0.013751557173207403
696,848,152,0.152,0.014421240167692303
752,876,124,0.124,0.013612805850803851
752,876,124,0.124,0.01399273784738034
684,842,158,0.158,0.014577654691878706
754,877,123,0.123,0.013709253141190857
698,849,151,0.151,0.014179323039483278
740,870,130,0.13,0.014147488601971417
722,861,139,0.139,0.013979954032227397
716,858,142,0.142,0.014073474236764014
744,872,128,0.128,0.014243437377270312
716,858,142,0.142,0.013926893525756896
660,830,170,0.17,0.014160960318055004
748,874,126,0.126,0.013951245244126767
756,878,122,0.122,0.01340905683580786
722,861,139,0.139,0.01398132245382294
742,871,129,0.129,0.013634628692176192
706,853,147,0.147,0.013800718411803246
766,883,117,0.117,0.01304652749095112
764,882,118,0.118,0.013334102576598525
734,867,133,0.133,0.013721629675477744
750,875,125,0.125,0.013520718461833895
744,872,128,0.128,0.013278306126594544
726,863,137,0.137,0.013618196130730212
708,854,146,0.146,0.013882754723075777
744,872,128,0.128,0.013506306342314929
716,858,142,0.142,0.013563401588238776
724,862,138,0.138,0.01354147917823866
670,835,165,0.165,0.013992338930256665
768,884,116,0.116,0.01361802532337606
746,873,127,0.127,0.013619608243461699
778,889,111,0.111,0.013308793568983674
726,863,137,0.137,0.013566772940102965
710,855,145,0.145,0.013546847639139742
752,876,124,0.124,0.013535858665127307
732,866,134,0.134,0.01345256539946422
718,859,141,0.141,0.01372002320131287
690,845,155,0.155,0.013640378247015179
700,850,150,0.15,0.013712098262738436
740,870,130,0.13,0.013650077486876399
760,880,120,0.12,0.013508897205349058
744,872,128,0.128,0.013436391137540341
678,839,161,0.161,0.013934285800904035
686,843,157,0.157,0.014395429222844541
766,883,117,0.117,0.013577377493027598
738,869,131,0.131,0.01375643441034481
732,866,134,0.134,0.013893871110398323
738,869,131,0.131,0.013957405688241125
682,841,159,0.159,0.014302006289362908
740,870,130,0.13,0.013694789130240678
740,870,130,0.13,0.01415834244620055
802,901,99,0.099,0.01392194138513878
684,842,158,0.158,0.014547703029122203
670,835,165,0.165,0.014552318841218949
666,833,167,0.167,0.014320835473481565
730,865,135,0.135,0.014540765017271041
724,862,138,0.138,0.01432125391671434
726,863,137,0.137,0.01443867779802531
750,875,125,0.125,0.014097454043570906
724,862,138,0.138,0.014342761175706983
728,864,136,0.136,0.014483132993802428
768,884,116,0.116,0.014379849683959037
704,852,148,0.148,0.015109651360660791
728,864,136,0.136,0.01508413737360388
716,858,142,0.142,0.014594662003684788
744,872,128,0.128,0.014803167959209532
746,873,127,0.127,0.014706433243583887
800,900,100,0.1,0.014555516633670777
752,876,124,0.124,0.014412334628403186
740,870,130,0.13,0.01463742799218744
718,859,141,0.141,0.014297412392217665
744,872,128,0.128,0.014189501028973608
742,871,129,0.129,0.013655656865332275
752,876,124,0.124,0.013593824315350504
750,875,125,0.125,0.013622089949436486
704,852,148,0.148,0.013858708608429878
764,882,118,0.118,0.013060388014186174
756,878,122,0.122,0.013273328360170126
738,869,131,0.131,0.013466690067667514
760,880,120,0.12,0.012382725925650448
764,882,118,0.118,0.012361756330821663
794,897,103,0.103,0.012010397467762233
768,884,116,0.116,0.011839330279733986
762,881,119,0.119,0.01175026731705293
722,861,139,0.139,0.011704451872035861
716,858,142,0.142,0.011898579840082675
748,874,126,0.126,0.011475777850486339
698,849,151,0.151,0.011448422372341156
724,862,138,0.138,0.01144795349938795
744,872,128,0.128,0.011276640531606973
742,871,129,0.129,0.011832518208771944
706,853,147,0.147,0.012162827156018467
700,850,150,0.15,0.012211795621551573
728,864,136,0.136,0.012261861370876431
704,852,148,0.148,0.012249033421278
742,871,129,0.129,0.012150296435225754
788,894,106,0.106,0.011951791379600764
728,864,136,0.136,0.012340454431716353
760,880,120,0.12,0.013309410668443888
776,888,112,0.112,0.013128126680850982
706,853,147,0.147,0.013754357485566289
722,861,139,0.139,0.013415716336574405
726,863,137,0.137,0.013838865766767412
688,844,156,0.156,0.014065183129161597
674,837,163,0.163,0.014223730906378478
712,856,144,0.144,0.014276955883484333
740,870,130,0.13,0.014891493101138622
720,860,140,0.14,0.01607877743896097
736,868,132,0.132,0.015265222193673253
752,876,124,0.124,0.015372790526598692
734,867,133,0.133,0.015323473321273923
800,900,100,0.1,0.014990146985743195
734,867,133,0.133,0.015363441389985383
736,868,132,0.132,0.015367138123605401
690,845,155,0.155,0.01544343135599047
740,870,130,0.13,0.014532470546197147
756,878,122,0.122,0.014300827723927797
784,892,108,0.108,0.013857592639513314
716,858,142,0.142,0.014376287264749408
678,839,161,0.161,0.0142445332640782
730,865,135,0.135,0.013543663620948792
746,873,127,0.127,0.013452028328552842
748,874,126,0.126,0.013443813050165773
774,887,113,0.113,0.013464545943774282
716,858,142,0.142,0.01340810921555385
732,866,134,0.134,0.013245144942309708
746,873,127,0.127,0.012340211275499315
812,906,94,0.094,0.012388894602656365
736,868,132,0.132,0.012662368483841419
734,867,133,0.133,0.01260975991608575
724,862,138,0.138,0.012671464069280774
740,870,130,0.13,0.012850589293055237
696,848,152,0.152,0.012537265796214342
714,857,143,0.143,0.012367018488701432
750,875,125,0.125,0.01221448584087193
738,869,131,0.131,0.012237160140648485
752,876,124,0.124,0.012494722140487283
704,852,148,0.148,0.0130039262319915
684,842,158,0.158,0.012730596876237541
712,856,144,0.144,0.012631769282743335
720,860,140,0.14,0.012365815158933402
698,849,151,0.151,0.012689589283429087
794,897,103,0.103,0.012265818413347005
782,891,109,0.109,0.012169682246632873
734,867,133,0.133,0.012888062120880932
736,868,132,0.132,0.012677059760782868
734,867,133,0.133,0.012965594036504626
682,841,159,0.159,0.013033548314124345
642,821,179,0.179,0.01327065878175199
728,864,136,0.136,0.013229195068124682
716,858,142,0.142,0.012748726854100823
740,870,130,0.13,0.013465269929729401
748,874,126,0.126,0.013535212972667068
726,863,137,0.137,0.014062476198188961
724,862,138,0.138,0.014007891415152698
694,847,153,0.153,0.014371947478037328
776,888,112,0.112,0.01333117841463536
702,851,149,0.149,0.01449997429177165
744,872,128,0.128,0.014588218617718666
718,859,141,0.141,0.014064415216911584
714,857,143,0.143,0.01423041985090822
712,856,144,0.144,0.01440138828009367
762,881,119,0.119,0.013839740809984504
672,836,164,0.164,0.014348378343973308
676,838,162,0.162,0.014471944419201464
740,870,130,0.13,0.014317470466252416
742,871,129,0.129,0.013895625488832592
750,875,125,0.125,0.013884229357354344
696,848,152,0.152,0.014181988057680428
748,874,126,0.126,0.013612753203604371
740,870,130,0.13,0.013546043361071498
692,846,154,0.154,0.013913727382663638
740,870,130,0.13,0.013637426180299372
754,877,123,0.123,0.013324627615977079
736,868,132,0.132,0.013395559972617776
756,878,122,0.122,0.013472422442398966
778,889,111,0.111,0.012700413475278765
758,879,121,0.121,0.012402339751366526
724,862,138,0.138,0.012546418072190136
716,858,142,0.142,0.012495731892529876
688,844,156,0.156,0.012188630138523877
708,854,146,0.146,0.012660927010700106
724,862,138,0.138,0.01171588111575693
706,853,147,0.147,0.011959565739613027
740,870,130,0.13,0.012055230276659131
684,842,158,0.158,0.012313210109248757
774,887,113,0.113,0.011730988098308444
744,872,128,0.128,0.011678620138671249
740,870,130,0.13,0.011903924311045557
668,834,166,0.166,0.012430100542027504
746,873,127,0.127,0.012119804563466459
716,858,142,0.142,0.012412373784463852
710,855,145,0.145,0.012378907016478478
710,855,145,0.145,0.012575906165409833
718,859,141,0.141,0.012518691178411246
752,876,124,0.124,0.012652958759106697
778,889,111,0.111,0.01244380298955366
698,849,151,0.151,0.01302413970278576
700,850,150,0.15,0.013366806603968143
736,868,132,0.132,0.013256681338418275
740,870,130,0.13,0.013219666035845876
734,867,133,0.133,0.0130860638897866
694,847,153,0.153,0.013617645487654954
740,870,130,0.13,0.013538839168380947
734,867,133,0.133,0.012907494273968041
750,875,125,0.125,0.012837273719720542
708,854,146,0.146,0.012822592819575221
780,890,110,0.11,0.01237327290745452
778,889,111,0.111,0.012147011539433152
736,868,132,0.132,0.012528703425079585
678,839,161,0.161,0.012725518129765988
700,850,150,0.15,0.01265987699199468
676,838,162,0.162,0.012775800678879023
760,880,120,0.12,0.01240663520200178
686,843,157,0.157,0.0122688954542391
774,887,113,0.113,0.011721302641555667
664,832,168,0.168,0.012152808597311377
760,880,120,0.12,0.011811160199344159
746,873,127,0.127,0.012115033043548464
710,855,145,0.145,0.01189070059498772
712,856,144,0.144,0.011732949765399098
750,875,125,0.125,0.011717371246311814
684,842,158,0.158,0.011729233140125871
732,866,134,0.134,0.011308655318338424
728,864,136,0.136,0.01121983095444739
762,881,119,0.119,0.011144749054219574
708,854,146,0.146,0.011325801153667272
700,850,150,0.15,0.011324257439002394
754,877,123,0.123,0.0111545210913755
724,862,138,0.138,0.011410483878571541
692,846,154,0.154,0.011132979102898389
706,853,147,0.147,0.011021180562674999
706,853,147,0.147,0.011467355914413929
742,871,129,0.129,0.010962230522651226
724,862,138,0.138,0.011122691272757947
752,876,124,0.124,0.011143658821005374
738,869,131,0.131,0.011224642075132579
726,863,137,0.137,0.011227345335762948
676,838,162,0.162,0.011363942017778754
780,890,110,0.11,0.011323482173960656
742,871,129,0.129,0.011395610311999918
778,889,111,0.111,0.011290851423051208
744,872,128,0.128,0.011318668526830151
688,844,156,0.156,0.011390201885718852
764,882,118,0.118,0.010993271803483367
726,863,137,0.137,0.011100822030566632
752,876,124,0.124,0.010874832334928215
716,858,142,0.142,0.01077063482813537
730,865,135,0.135,0.010530586064327508
748,874,126,0.126,0.010437767205759884
726,863,137,0.137,0.010625062439590693
740,870,130,0.13,0.010212471146602184
758,879,121,0.121,0.010316077580675483
734,867,133,0.133,0.010274546635802835
736,868,132,0.132,0.010281352275051177
722,861,139,0.139,0.010157294587697834
758,879,121,0.121,0.010126741530140862
714,857,143,0.143,0.010448090540710837
732,866,134,0.134,0.01024836118845269
746,873,127,0.127,0.010098459320142866
700,850,150,0.15,0.010489456199575215
716,858,142,0.142,0.010316868304740637
722,861,139,0.139,0.010292426147963852
706,853,147,0.147,0.010477669580839575
684,842,158,0.158,0.01079751001810655
820,910,90,0.09,0.010005458152852953
686,843,157,0.157,0.010470141331665218
728,864,136,0.136,0.010703182297293097
686,843,157,0.157,0.010644208301790059
766,883,117,0.117,0.010309153200127184
778,889,111,0.111,0.010518785307649523
760,880,120,0.12,0.01042473188508302
772,886,114,0.114,0.010802103143185377
714,857,143,0.143,0.010679580234922468
676,838,162,0.162,0.010736455990467221
724,862,138,0.138,0.010507258300669491
680,840,160,0.16,0.010844702981878071
740,870,130,0.13,0.010680810112506151
670,835,165,0.165,0.01100283374916762
714,857,143,0.143,0.01102838137978688
750,875,125,0.125,0.010680262965615838
738,869,131,0.131,0.010563376984093337
694,847,153,0.153,0.011003027521073818
738,869,131,0.131,0.010615009379573166
720,860,140,0.14,0.01103678456088528
718,859,141,0.141,0.010803292143624276
734,867,133,0.133,0.01057804194651544
638,819,181,0.181,0.010739692381583154
700,850,150,0.15,0.01055247066123411
712,856,144,0.144,0.010592187019996344
766,883,117,0.117,0.010607976540457458
700,850,150,0.15,0.010470689747016877
802,901,99,0.099,0.00996131421928294
790,895,105,0.105,0.010046913773752749
736,868,132,0.132,0.009945900610182435
714,857,143,0.143,0.009859706945717335
726,863,137,0.137,0.009644561840686947
774,887,113,0.113,0.009603503004647792
730,865,135,0.135,0.009981565216556191
744,872,128,0.128,0.009566645352169872
718,859,141,0.141,0.009706334801390767
700,850,150,0.15,0.009928848617710173
710,855,145,0.145,0.009785438712686301
742,871,129,0.129,0.009604150064755231
720,860,140,0.14,0.009950560046825558
700,850,150,0.15,0.010049017530400306
712,856,144,0.144,0.009775662214495242
758,879,121,0.121,0.009750610308721661
746,873,127,0.127,0.00965460819704458
776,888,112,0.112,0.009672276797937229
708,854,146,0.146,0.009565787390805781
688,844,156,0.156,0.009862568186596036
726,863,137,0.137,0.009783967565745115
698,849,151,0.151,0.00968189700623043
702,851,149,0.149,0.009866774912457913
750,875,125,0.125,0.009484535650815815
742,871,129,0.129,0.009767245144117623
750,875,125,0.125,0.009746778407134116
756,878,122,0.122,0.009554660633206367
752,876,124,0.124,0.009604195547290147
718,859,141,0.141,0.00996708837384358
766,883,117,0.117,0.009712277100421489
736,868,132,0.132,0.009852387382648885
732,866,134,0.134,0.00982279018079862
686,843,157,0.157,0.010076481292955578
706,853,147,0.147,0.00993718325952068
744,872,128,0.128,0.009839656809344888
746,873,127,0.127,0.00970324216922745
774,887,113,0.113,0.00962667513685301
722,861,139,0.139,0.009526722035836429
766,883,117,0.117,0.009563884926028549
698,849,151,0.151,0.009904833653010429
758,879,121,0.121,0.009585431588115171
754,877,123,0.123,0.00947724390728399
714,857,143,0.143,0.009531505313236266
716,858,142,0.142,0.009291726938914507
702,851,149,0.149,0.009480664507485926
750,875,125,0.125,0.009340694938786328
692,846,154,0.154,0.009629868871066719
748,874,126,0.126,0.00920293535105884
716,858,142,0.142,0.009587655699811876
698,849,151,0.151,0.009947919144295155
680,840,160,0.16,0.009895998611114919
678,839,161,0.161,0.009953146363142878
716,858,142,0.142,0.009867178230546414
724,862,138,0.138,0.009740970307029783
690,845,155,0.155,0.009822297536535188
686,843,157,0.157,0.01058690918236971
708,854,146,0.146,0.010518916827160866
746,873,127,0.127,0.011001133195124567
738,869,131,0.131,0.010762905365321785
738,869,131,0.131,0.011188699794001878
684,842,158,0.158,0.01106418740749359
786,893,107,0.107,0.010813935059588402
740,870,130,0.13,0.010932683173101395
764,882,118,0.118,0.010978110216092319
732,866,134,0.134,0.010554899254813791
740,870,130,0.13,0.01029961977293715
728,864,136,0.136,0.010754087766166777
746,873,127,0.127,0.010653704300988465
702,851,149,0.149,0.010420910615473986
724,862,138,0.138,0.01053620649361983
760,880,120,0.12,0.010101691629737616
694,847,153,0.153,0.010209175415802747
716,858,142,0.142,0.009890186700038613
700,850,150,0.15,0.009962708285776898
728,864,136,0.136,0.009594197133323178
766,883,117,0.117,0.009478339531458914
714,857,143,0.143,0.009499369092751295
788,894,106,0.106,0.00920556728146039
718,859,141,0.141,0.009572323783766478
764,882,118,0.118,0.009165801063645632
694,847,153,0.153,0.009185760710621252
758,879,121,0.121,0.008475894431583583
764,882,118,0.118,0.008292281299596652
766,883,117,0.117,0.008327463859226555
692,846,154,0.154,0.008497906824341045
716,858,142,0.142,0.008568008748814464
736,868,132,0.132,0.00858377282251604
728,864,136,0.136,0.0084597688394133
702,851,149,0.149,0.008205715545453131
760,880,120,0.12,0.008299116022652014
702,851,149,0.149,0.008174430121667683
738,869,131,0.131,0.008323814437258988
736,868,132,0.132,0.00815980370156467
750,875,125,0.125,0.008209880280308425
762,881,119,0.119,0.007942339302273466
728,864,136,0.136,0.00804234335431829
754,877,123,0.123,0.008080513268942014
820,910,90,0.09,0.00789376601134427
720,860,140,0.14,0.0080353326711338
792,896,104,0.104,0.007712062115781009
754,877,123,0.123,0.007724202193552628
756,878,122,0.122,0.0076828372546006
738,869,131,0.131,0.00776048739743419
794,897,103,0.103,0.007516551833366975
740,870,130,0.13,0.007754708818392828
694,847,153,0.153,0.007706465376541019
670,835,165,0.165,0.0077196499926503745
700,850,150,0.15,0.0078124160964507606
706,853,147,0.147,0.0077997177266515795
800,900,100,0.1,0.0075946018605027345
730,865,135,0.135,0.007847452043555678
734,867,133,0.133,0.007733663873746991
778,889,111,0.111,0.007795815337449313
724,862,138,0.138,0.007908508325926959
782,891,109,0.109,0.008049765717238188
708,854,146,0.146,0.007996565125416964
766,883,117,0.117,0.008069716659141704
694,847,153,0.153,0.00829335674759932
726,863,137,0.137,0.00858504016045481
726,863,137,0.137,0.008606459595728666
738,869,131,0.131,0.008704134767409414
698,849,151,0.151,0.00885863849450834
764,882,118,0.118,0.008625027592293917
686,843,157,0.157,0.008814712374005466
790,895,105,0.105,0.008625218023080378
708,854,146,0.146,0.008899469625437632
754,877,123,0.123,0.008794439921388402
788,894,106,0.106,0.00876299747847952
724,862,138,0.138,0.0089818868720904
718,859,141,0.141,0.008778568770969287
754,877,123,0.123,0.008495132403448223
724,862,138,0.138,0.008654810178559274
758,879,121,0.121,0.008575391960330308
752,876,124,0.124,0.008532653988339007
712,856,144,0.144,0.008285323397023604
726,863,137,0.137,0.008125751443207265
708,854,146,0.146,0.00830347792734392
682,841,159,0.159,0.008421192679321393
716,858,142,0.142,0.008303209053119645
708,854,146,0.146,0.008183157408609986
762,881,119,0.119,0.008135833028936758
730,865,135,0.135,0.008135957539314405
696,848,152,0.152,0.008616669222246855
776,888,112,0.112,0.008352514474652708
776,888,112,0.112,0.008341697621159256
726,863,137,0.137,0.008581196995219215
678,839,161,0.161,0.008504405902698636
754,877,123,0.123,0.008236980427987874
688,844,156,0.156,0.008762124274624512
786,893,107,0.107,0.008090574351837859
738,869,131,0.131,0.008253616620553657
760,880,120,0.12,0.008078693337971345
744,872,128,0.128,0.007971059273928403
792,896,104,0.104,0.007915439016651362
750,875,125,0.125,0.008057342147221789
740,870,130,0.13,0.007825885510537773
704,852,148,0.148,0.008115481614135205
766,883,117,0.117,0.007836641123052686
706,853,147,0.147,0.008002465590834618
702,851,149,0.149,0.007862889796262608
750,875,125,0.125,0.007645990914199501
738,869,131,0.131,0.007783487296430394
776,888,112,0.112,0.007408484727609903
712,856,144,0.144,0.007793810416013003
738,869,131,0.131,0.007635810537729412
740,870,130,0.13,0.007744533438701183
698,849,151,0.151,0.007881196425063535
720,860,140,0.14,0.007857400024076923
688,844,156,0.156,0.007854229333577678
734,867,133,0.133,0.007938260042807087
736,868,132,0.132,0.00797056230227463
736,868,132,0.132,0.007718517617089674
736,868,132,0.132,0.008026009901193901
754,877,123,0.123,0.008017407041275874
748,874,126,0.126,0.008027556315762923
728,864,136,0.136,0.008407961703604087
688,844,156,0.156,0.008846975516993552
758,879,121,0.121,0.008502958187134936
690,845,155,0.155,0.008746700295479968
724,862,138,0.138,0.008638793475460262
756,878,122,0.122,0.008458703653188421
790,895,105,0.105,0.008674192848615349
708,854,146,0.146,0.008865818543359638
732,866,134,0.134,0.00866935678315349
730,865,135,0.135,0.008761512145400047
720,860,140,0.14,0.00870086182327941
748,874,126,0.126,0.008718482617055998
800,900,100,0.1,0.008314399417256936
744,872,128,0.128,0.008599168583983555
704,852,148,0.148,0.00873004151508212
752,876,124,0.124,0.008550152816809714
714,857,143,0.143,0.008526797050144523
734,867,133,0.133,0.008454406283097342
698,849,151,0.151,0.008861704575363546
770,885,115,0.115,0.008176113622961566
760,880,120,0.12,0.008030904842307791
704,852,148,0.148,0.008380139851244167
762,881,119,0.119,0.007755939787952229
778,889,111,0.111,0.00766176105197519
752,876,124,0.124,0.007958240832667798
706,853,147,0.147,0.007680584987392649
752,876,124,0.124,0.007334414580604061
732,866,134,0.134,0.0077158250357024375
762,881,119,0.119,0.007273101535392925
756,878,122,0.122,0.007362461968557909
702,851,149,0.149,0.007317791965790093
720,860,140,0.14,0.007269863380584865
714,857,143,0.143,0.007427037215093151
708,854,146,0.146,0.007550022029085085
736,868,132,0.132,0.007329270756104961
786,893,107,0.107,0.007058216172968969
708,854,146,0.146,0.007711684897542
714,857,143,0.143,0.007589417000766843
744,872,128,0.128,0.007806131858145818
706,853,147,0.147,0.00802079600444995
744,872,128,0.128,0.007909973251167685
736,868,132,0.132,0.007887126794317738
724,862,138,0.138,0.007925392443081365
744,872,128,0.128,0.008155683496734128
712,856,144,0.144,0.008463984627043829
692,846,154,0.154,0.008364261745242402
702,851,149,0.149,0.008403496043523773
756,878,122,0.122,0.00852879967307672
776,888,112,0.112,0.008494041938101873
734,867,133,0.133,0.008567978560226038
760,880,120,0.12,0.008505156075581909
732,866,134,0.134,0.00873160577751696
722,861,139,0.139,0.008659965108847246
728,864,136,0.136,0.00873964583640918
734,867,133,0.133,0.008797404636628927
756,878,122,0.122,0.008532046979293228
720,860,140,0.14,0.008436275608604774
742,871,129,0.129,0.008450465515023098
756,878,122,0.122,0.008220510489074514
726,863,137,0.137,0.008391269877087324
752,876,124,0.124,0.008520434460835532
668,834,166,0.166,0.00842756336927414
654,827,173,0.173,0.008419196822447702
720,860,140,0.14,0.008336438740370796
720,860,140,0.14,0.0080919382115826
748,874,126,0.126,0.00799502183124423
712,856,144,0.144,0.00819148894585669
722,861,139,0.139,0.008082130004419014
732,866,134,0.134,0.008076124461600557
702,851,149,0.149,0.008155938231153414
684,842,158,0.158,0.00828855368355289
744,872,128,0.128,0.008371652806410565
748,874,126,0.126,0.00828445143578574
714,857,143,0.143,0.008645872013643384
690,845,155,0.155,0.008682566239498556
726,863,137,0.137,0.008623489145888015
734,867,133,0.133,0.008642040495062247
760,880,120,0.12,0.008644453324610368
790,895,105,0.105,0.008453404832631349
726,863,137,0.137,0.008487797803478315
752,876,124,0.124,0.008247349709970877
780,890,110,0.11,0.008182823083363473
774,887,113,0.113,0.008133457496995107
696,848,152,0.152,0.00830501591018401
718,859,141,0.141,0.008146533289691433
696,848,152,0.152,0.008037758049787954
750,875,125,0.125,0.007795937773305923
708,854,146,0.146,0.008002415898256003
698,849,151,0.151,0.008006166506558656
798,899,101,0.101,0.0077212368848267945
780,890,110,0.11,0.00776876193122007
724,862,138,0.138,0.007836240005679429
668,834,166,0.166,0.007969611913897097
720,860,140,0.14,0.00752413102122955
700,850,150,0.15,0.0075943018831312655
772,886,114,0.114,0.007604781891684979
756,878,122,0.122,0.007562518906779587
734,867,133,0.133,0.007554081319831311
772,886,114,0.114,0.007616489596199244
708,854,146,0.146,0.007755020077573136
766,883,117,0.117,0.0073230711121577766
732,866,134,0.134,0.007481669676257297
746,873,127,0.127,0.007487964123953134
778,889,111,0.111,0.007461679816944525
690,845,155,0.155,0.007814055380644277
750,875,125,0.125,0.007545175157487392
748,874,126,0.126,0.007409434847300872
758,879,121,0.121,0.007379629935603589
724,862,138,0.138,0.007689320198725909
720,860,140,0.14,0.007642542056040838
752,876,124,0.124,0.007674878846621141
754,877,123,0.123,0.00805548585159704
738,869,131,0.131,0.00805057020066306
682,841,159,0.159,0.008138493966078386
714,857,143,0.143,0.008164599515264853
722,861,139,0.139,0.008021071545546874
654,827,173,0.173,0.008339289813535287
748,874,126,0.126,0.00782776734395884
746,873,127,0.127,0.00810687968111597
772,886,114,0.114,0.007946066073141992
762,881,119,0.119,0.00791229572892189
786,893,107,0.107,0.007748956088442355
764,882,118,0.118,0.008000112550333142
722,861,139,0.139,0.008178129795473069
686,843,157,0.157,0.008077030988410115
768,884,116,0.116,0.007923960961168632
654,827,173,0.173,0.008057487084530295
710,855,145,0.145,0.007618513826280832
764,882,118,0.118,0.00754161557694897
748,874,126,0.126,0.007593573843128979
780,890,110,0.11,0.007438145989086479
750,875,125,0.125,0.007515324746258557
686,843,157,0.157,0.007727204071125015
694,847,153,0.153,0.007853295349050313
734,867,133,0.133,0.007534373862668872
744,872,128,0.128,0.007707284600241109
692,846,154,0.154,0.007885848723351956
732,866,134,0.134,0.00783700370322913
696,848,152,0.152,0.007946789619280026
738,869,131,0.131,0.008110601861961187
780,890,110,0.11,0.00775040839635767
782,891,109,0.109,0.007557030182331801
764,882,118,0.118,0.007846378295915201
702,851,149,0.149,0.007908874542452395
782,891,109,0.109,0.0077355859929230065
752,876,124,0.124,0.007482852737652138
686,843,157,0.157,0.007860317645594478
746,873,127,0.127,0.007398706988198682
730,865,135,0.135,0.007205383844440803
734,867,133,0.133,0.0072739940190222115
722,861,139,0.139,0.007251245346153155
720,860,140,0.14,0.007070599999744445
708,854,146,0.146,0.007201487894402817
682,841,159,0.159,0.007317009840393439
714,857,143,0.143,0.007050812676083296
696,848,152,0.152,0.007124345311895013
722,861,139,0.139,0.007234694985672831
758,879,121,0.121,0.007279174632625654
724,862,138,0.138,0.007523484140867368
770,885,115,0.115,0.00730130625818856
756,878,122,0.122,0.007386543141910807
744,872,128,0.128,0.0074534515652339905
766,883,117,0.117,0.00726436911476776
772,886,114,0.114,0.007313705898588523
750,875,125,0.125,0.007205074418801814
774,887,113,0.113,0.007070205135736614
722,861,139,0.139,0.007130382686620578
686,843,157,0.157,0.007245539866387844
744,872,128,0.128,0.007187281864695251
750,875,125,0.125,0.006907529287273065
738,869,131,0.131,0.007048775769537315
722,861,139,0.139,0.006940528702922165
756,878,122,0.122,0.006549607874127105
726,863,137,0.137,0.006635700687533244
736,868,132,0.132,0.006742317811818793
702,851,149,0.149,0.006847963695414364
634,817,183,0.183,0.0067662186936941
732,866,134,0.134,0.006635735036805272
698,849,151,0.151,0.006843461204087362
768,884,116,0.116,0.00658408764959313
712,856,144,0.144,0.006817996102152392
698,849,151,0.151,0.007002157246693968
764,882,118,0.118,0.00671037941519171
696,848,152,0.152,0.006944020254071802
680,840,160,0.16,0.007120477030053735
720,860,140,0.14,0.006826564419316128
740,870,130,0.13,0.00702457488887012
714,857,143,0.143,0.007328708523185924
678,839,161,0.161,0.007237669208319857
728,864,136,0.136,0.007225494264625013
694,847,153,0.153,0.007247228823136539
758,879,121,0.121,0.007470328809227794
686,843,157,0.157,0.007787397169275209
664,832,168,0.168,0.007805359634803608
758,879,121,0.121,0.007629272028570995
732,866,134,0.134,0.007791388508165255
766,883,117,0.117,0.007922081096796318
758,879,121,0.121,0.007817220669239759
682,841,159,0.159,0.008181568211410195
704,852,148,0.148,0.008067197951721028
722,861,139,0.139,0.007986549183959142
744,872,128,0.128,0.00762848995020613
710,855,145,0.145,0.007774098497349769
790,895,105,0.105,0.007564375902758911
746,873,127,0.127,0.007761250086361542
692,846,154,0.154,0.00748205907503143
716,858,142,0.142,0.007620605043368414
722,861,139,0.139,0.007551169371930883
728,864,136,0.136,0.007263748564058915
738,869,131,0.131,0.007233261582208797
748,874,126,0.126,0.007083078513387591
734,867,133,0.133,0.006980702452827245
780,890,110,0.11,0.0068807678567245605
794,897,103,0.103,0.006552270160289481
732,866,134,0.134,0.006603728039190173
734,867,133,0.133,0.006686497411224991
758,879,121,0.121,0.00646010922268033
700,850,150,0.15,0.006153933640103787
760,880,120,0.12,0.005944465256063267
730,865,135,0.135,0.006096575709292665
776,888,112,0.112,0.005779541774420068
756,878,122,0.122,0.005678481350420043
708,854,146,0.146,0.005671212911605835
758,879,121,0.121,0.005479963218560442
754,877,123,0.123,0.005424455996369943
738,869,131,0.131,0.005338254498783499
734,867,133,0.133,0.0054769254215061665
682,841,159,0.159,0.005355320735136047
710,855,145,0.145,0.00538150921696797
698,849,151,0.151,0.005581587178399786
800,900,100,0.1,0.005076157575938851
736,868,132,0.132,0.00533797453250736
768,884,116,0.116,0.005461377184838056
724,862,138,0.138,0.005574089117813855
752,876,124,0.124,0.005700311019318179
732,866,134,0.134,0.005629055224126205
734,867,133,0.133,0.005582502121571451
752,876,124,0.124,0.005679565182887017
766,883,117,0.117,0.005651636083377525
768,884,116,0.116,0.005609281292650849
798,899,101,0.101,0.005383035990642384
790,895,105,0.105,0.005405441707000137
770,885,115,0.115,0.005231355750001967
704,852,148,0.148,0.005284549944801256
710,855,145,0.145,0.00524462809227407
768,884,116,0.116,0.004993345923954621
758,879,121,0.121,0.004961656799539924
694,847,153,0.153,0.005070459585636854
762,881,119,0.119,0.004857041378971189
732,866,134,0.134,0.004854679286363534
712,856,144,0.144,0.004841347320005298
790,895,105,0.105,0.004709118306403979
732,866,134,0.134,0.00480182727961801
748,874,126,0.126,0.004698302165139467
746,873,127,0.127,0.004772614305606112
726,863,137,0.137,0.005003061962546781
782,891,109,0.109,0.004704667825484649
790,895,105,0.105,0.0046504997528390955
718,859,141,0.141,0.004950290158390999
706,853,147,0.147,0.004947061199694872
748,874,126,0.126,0.004916906277067028
730,865,135,0.135,0.004889809163985774
736,868,132,0.132,0.00493908133439254
690,845,155,0.155,0.005158307573292404
712,856,144,0.144,0.004961607393575832
696,848,152,0.152,0.005123300100909546
718,859,141,0.141,0.005122667159303092
756,878,122,0.122,0.0049828675533644855
736,868,132,0.132,0.005000144227873534
758,879,121,0.121,0.005076751094427891
750,875,125,0.125,0.005050837292452343
728,864,136,0.136,0.005209822872886434
722,861,139,0.139,0.005326411055168137
700,850,150,0.15,0.005261361298384145
752,876,124,0.124,0.005338708942639642
734,867,133,0.133,0.005232046550139785
700,850,150,0.15,0.005537805817322806
762,881,119,0.119,0.005279340840876103
720,860,140,0.14,0.005433623153017834
682,841,159,0.159,0.005466773979132995
702,851,149,0.149,0.0054858681069454174
692,846,154,0.154,0.005697597628226503
714,857,143,0.143,0.005470490016508848
814,907,93,0.093,0.00531937394104898
732,866,134,0.134,0.005466229976154864
732,866,134,0.134,0.005560903035569936
722,861,139,0.139,0.0055622232614550736
756,878,122,0.122,0.005489121608901769
746,873,127,0.127,0.0053443270495627075
710,855,145,0.145,0.00546633803867735
722,861,139,0.139,0.005550281737698242
714,857,143,0.143,0.005434836803004146
700,850,150,0.15,0.0055503226076252755
740,870,130,0.13,0.005522127580130473
676,838,162,0.162,0.005601299446308985
774,887,113,0.113,0.0053200385149102655
758,879,121,0.121,0.005281000519869849
728,864,136,0.136,0.005395337318535894
764,882,118,0.118,0.005228991074836813
706,853,147,0.147,0.0053929756141733376
738,869,131,0.131,0.005457260376773775
776,888,112,0.112,0.0053708942697849125
748,874,126,0.126,0.005469143889844418
698,849,151,0.151,0.0054698441728251055
740,870,130,0.13,0.005447920835809782
738,869,131,0.131,0.00519459263747558
730,865,135,0.135,0.0054213621218223125
724,862,138,0.138,0.005294325148686767
714,857,143,0.143,0.005359370313584804
780,890,110,0.11,0.00519642822095193
724,862,138,0.138,0.005183378825662658
768,884,116,0.116,0.005168872494949028
784,892,108,0.108,0.004895558291813359
732,866,134,0.134,0.005081862617051229
682,841,159,0.159,0.005191958152106963
762,881,119,0.119,0.004970509754959494
758,879,121,0.121,0.004815911954618059
750,875,125,0.125,0.004695469946716912
748,874,126,0.126,0.004735918623395264
714,857,143,0.143,0.004700559345656075
702,851,149,0.149,0.004753429343458265
704,852,148,0.148,0.0047289121919311585
786,893,107,0.107,0.0045295731041114775
744,872,128,0.128,0.004561435469891876
702,851,149,0.149,0.004601366805960424
738,869,131,0.131,0.0045565633260412144
730,865,135,0.135,0.004451749154948629
778,889,111,0.111,0.004513676704722457
712,856,144,0.144,0.004678192157414742
712,856,144,0.144,0.00450337977160234
690,845,155,0.155,0.004715743982931599
704,852,148,0.148,0.004943142073811032
722,861,139,0.139,0.0049419083907268945
718,859,141,0.141,0.005302747131790966
722,861,139,0.139,0.0051369237896287815
690,845,155,0.155,0.00531792141799815
758,879,121,0.121,0.005217087492812425
684,842,158,0.158,0.005447161624557339
728,864,136,0.136,0.0056346501971129325
734,867,133,0.133,0.005593837809283286
738,869,131,0.131,0.005910054323496297
702,851,149,0.149,0.005827140787616372
740,870,130,0.13,0.005965825372841209
780,890,110,0.11,0.0058434299752116205
706,853,147,0.147,0.006219559832941741
732,866,134,0.134,0.006341410093940795
734,867,133,0.133,0.006109786763088778
750,875,125,0.125,0.0061196612596977505
730,865,135,0.135,0.0061023148172535
796,898,102,0.102,0.005783595746848732
720,860,140,0.14,0.00606998761696741
718,859,141,0.141,0.005918691988917999
732,866,134,0.134,0.005677446397952735
754,877,123,0.123,0.005759413241408765
732,866,134,0.134,0.005622917863307521
722,861,139,0.139,0.005738895262707956
684,842,158,0.158,0.00562443585996516
732,866,134,0.134,0.0053555191347841175
702,851,149,0.149,0.005442618737230077
728,864,136,0.136,0.005399484697263688
680,840,160,0.16,0.005621845563873649
722,861,139,0.139,0.005456528527196497
770,885,115,0.115,0.005189755947329104
748,874,126,0.126,0.005374389322241768
730,865,135,0.135,0.005442516429116949
760,880,120,0.12,0.0053725771396420895
768,884,116,0.116,0.005144987455336377
714,857,143,0.143,0.005317483447957784
702,851,149,0.149,0.005275531832594425
708,854,146,0.146,0.005195517612155527
698,849,151,0.151,0.005345839851419442
772,886,114,0.114,0.005084682553773746
696,848,152,0.152,0.005320458816480823
718,859,141,0.141,0.005272007398074493
722,861,139,0.139,0.005486580040073023
702,851,149,0.149,0.005470126236556098
738,869,131,0.131,0.005411272204946726
770,885,115,0.115,0.005416824121028185
710,855,145,0.145,0.005917609719792381
698,849,151,0.151,0.005894677437958308
716,858,142,0.142,0.006026298061478883
750,875,125,0.125,0.005857450386974961
758,879,121,0.121,0.005956701058428735
714,857,143,0.143,0.006024244609288871
634,817,183,0.183,0.0064413293043617155
718,859,141,0.141,0.006260784750571474
748,874,126,0.126,0.006015197502216324
744,872,128,0.128,0.006118293846491724
718,859,141,0.141,0.006145656758453697
752,876,124,0.124,0.0060992204584181305
736,868,132,0.132,0.006051546134054661
776,888,112,0.112,0.006032399530755356
700,850,150,0.15,0.006281809473177418
762,881,119,0.119,0.005931187937734649
786,893,107,0.107,0.005836342095397413
784,892,108,0.108,0.0057176658292301
740,870,130,0.13,0.005781905113486573
700,850,150,0.15,0.005916442276211456
716,858,142,0.142,0.005847731679910794
662,831,169,0.169,0.00599606601241976
724,862,138,0.138,0.005748328261077404
696,848,152,0.152,0.005943046785425394
688,844,156,0.156,0.005754392079543322
692,846,154,0.154,0.0056555847814306615
698,849,151,0.151,0.005798100130399689
736,868,132,0.132,0.00558151844132226
738,869,131,0.131,0.005669453452574089
768,884,116,0.116,0.005609465467510745
734,867,133,0.133,0.005646028298418969
714,857,143,0.143,0.005608486191020347
694,847,153,0.153,0.005618677063728683
732,866,134,0.134,0.005488242553779855
736,868,132,0.132,0.005518262388417497
738,869,131,0.131,0.005593845477909781
722,861,139,0.139,0.005544822938507422
768,884,116,0.116,0.005458626365289092
754,877,123,0.123,0.005332993280724623
718,859,141,0.141,0.005459004391101189
704,852,148,0.148,0.005642769476165995
708,854,146,0.146,0.005560952335363254
722,861,139,0.139,0.005574356544064358
734,867,133,0.133,0.0054090543596539645
712,856,144,0.144,0.0055690203926060345
676,838,162,0.162,0.005592160751810298
708,854,146,0.146,0.005581616088515148
706,853,147,0.147,0.005647120700217783
750,875,125,0.125,0.00543420037033502
758,879,121,0.121,0.005505067949416116
710,855,145,0.145,0.005706084906356409
706,853,147,0.147,0.00551746181724593
720,860,140,0.14,0.005652175461756997
712,856,144,0.144,0.005679288226878271
704,852,148,0.148,0.005871219943510368
674,837,163,0.163,0.005776904872152954
780,890,110,0.11,0.005573445605579764
740,870,130,0.13,0.0057447192550171165
706,853,147,0.147,0.005801874575205148
740,870,130,0.13,0.005778767456300557
700,850,150,0.15,0.005921569553436711
722,861,139,0.139,0.005712247675750405
688,844,156,0.156,0.0059826086929533635
704,852,148,0.148,0.0057764480374753475
750,875,125,0.125,0.005536413931520655
702,851,149,0.149,0.0057554307028185574
712,856,144,0.144,0.005697751688538119
726,863,137,0.137,0.005809722804464399
716,858,142,0.142,0.00571958936820738
676,838,162,0.162,0.005857159218168818
778,889,111,0.111,0.005622444979380816
732,866,134,0.134,0.005659903095802292
726,863,137,0.137,0.005611445430899039
760,880,120,0.12,0.005637482930440456
728,864,136,0.136,0.005570433006156236
762,881,119,0.119,0.005433647936675698
728,864,136,0.136,0.005377741458360106
742,871,129,0.129,0.00532349399686791
730,865,135,0.135,0.005275445362436585
738,869,131,0.131,0.005290612219483592
698,849,151,0.151,0.00516641879978124
730,865,135,0.135,0.005095225628465414
728,864,136,0.136,0.005087987469974905
698,849,151,0.151,0.0051437408812344074
764,882,118,0.118,0.004754553800215945
732,866,134,0.134,0.004813643138157204
744,872,128,0.128,0.004771428421838209
784,892,108,0.108,0.004681589552550576
712,856,144,0.144,0.004716413075919263
690,845,155,0.155,0.004841676907381043
724,862,138,0.138,0.004665385319851339
720,860,140,0.14,0.004687189731630497
742,871,129,0.129,0.004527638486237265
734,867,133,0.133,0.004613296548486687
728,864,136,0.136,0.004544210621039383
694,847,153,0.153,0.004683397499844432
742,871,129,0.129,0.004703957936377265
770,885,115,0.115,0.004521354956319556
760,880,120,0.12,0.004686067442875356
758,879,121,0.121,0.004731181052164175
682,841,159,0.159,0.004944060996524059
686,843,157,0.157,0.004980186612927355
716,858,142,0.142,0.004884171962738037
722,861,139,0.139,0.005073019714909605
714,857,143,0.143,0.005196325804456137
728,864,136,0.136,0.0051524842469953
780,890,110,0.11,0.005195250045740977
760,880,120,0.12,0.005320418875198811
740,870,130,0.13,0.005388448424171657
734,867,133,0.133,0.005405148122925312
732,866,134,0.134,0.005269419753341936
714,857,143,0.143,0.005504521081456914
754,877,123,0.123,0.005441738749854267
716,858,142,0.142,0.005462491677841172
728,864,136,0.136,0.005440288793062791
712,856,144,0.144,0.0055011133700609205
718,859,141,0.141,0.005427354741143062
752,876,124,0.124,0.0052505492507480085
708,854,146,0.146,0.00541942358482629
770,885,115,0.115,0.005321315668988973
692,846,154,0.154,0.005598918047500775
720,860,140,0.14,0.0054745857147499915
776,888,112,0.112,0.005339588376227766
750,875,125,0.125,0.005358206305652857
772,886,114,0.114,0.005306131328921765
666,833,167,0.167,0.005616789714433253
736,868,132,0.132,0.0054141554851084945
734,867,133,0.133,0.005345281212357804
682,841,159,0.159,0.005544150916626677
776,888,112,0.112,0.005396174034802243
696,848,152,0.152,0.005635911763412878
778,889,111,0.111,0.005442062480491586
776,888,112,0.112,0.005390527070732788
708,854,146,0.146,0.005815645694732666
650,825,175,0.175,0.005703710892237723
722,861,139,0.139,0.005562168907374144
682,841,159,0.159,0.0060337017017882315
700,850,150,0.15,0.006032651658402756
724,862,138,0.138,0.006104876977857202
716,858,142,0.142,0.0061792417960241436
766,883,117,0.117,0.0061027787122875455
760,880,120,0.12,0.006255251782014966
698,849,151,0.151,0.006304227682761848
674,837,163,0.163,0.006386625641491264
774,887,113,0.113,0.006083314819959924
744,872,128,0.128,0.006307320434832946
716,858,142,0.142,0.006206003405852243
780,890,110,0.11,0.006012624099617824
738,869,131,0.131,0.006019858280662448
678,839,161,0.161,0.006249509561806917
738,869,131,0.131,0.006157607808709145
740,870,130,0.13,0.006178426856873557
728,864,136,0.136,0.006090745969442651
760,880,120,0.12,0.005903170210076496
744,872,128,0.128,0.005863131226273253
732,866,134,0.134,0.005427067113807425
732,866,134,0.134,0.005575777109246701
772,886,114,0.114,0.005421176463132724
732,866,134,0.134,0.005560015847440809
750,875,125,0.125,0.005256108377827332
762,881,119,0.119,0.0051128413082333285
710,855,145,0.145,0.0053535702205263075
736,868,132,0.132,0.005238300257362425
688,844,156,0.156,0.0051785798441851515
712,856,144,0.144,0.005202401384478435
772,886,114,0.114,0.005009453284554184
722,861,139,0.139,0.00529771397029981
746,873,127,0.127,0.005172319143312052
730,865,135,0.135,0.005055623645544983
742,871,129,0.129,0.005103508351952769
810,905,95,0.095,0.004931684646056965
732,866,134,0.134,0.00511902065470349
748,874,126,0.126,0.005058764677611179
762,881,119,0.119,0.004875783049734309
746,873,127,0.127,0.00503107678249944
724,862,138,0.138,0.004998356402269565
744,872,128,0.128,0.004880463438224979
746,873,127,0.127,0.004786616375320591
728,864,136,0.136,0.00491564545314759
752,876,124,0.124,0.004707408400485292
728,864,136,0.136,0.0047861843453720215
760,880,120,0.12,0.004765976601862349
706,853,147,0.147,0.004855150145012885
728,864,136,0.136,0.004891686488408595
746,873,127,0.127,0.004886048923013732
722,861,139,0.139,0.004895752004813403
762,881,119,0.119,0.004921174314105883
756,878,122,0.122,0.00485207105067093
680,840,160,0.16,0.00513313417788595
730,865,135,0.135,0.0049880968633806335
742,871,129,0.129,0.005113096587941982
710,855,145,0.145,0.00516317413887009
784,892,108,0.108,0.004918132912949659
752,876,124,0.124,0.00494578832667321
748,874,126,0.126,0.00507757103512995
734,867,133,0.133,0.005001202694373205
752,876,124,0.124,0.0050631684252293785
702,851,149,0.149,0.005093621391104535
720,860,140,0.14,0.004952859287965111
724,862,138,0.138,0.004906463059480302
710,855,145,0.145,0.004918403622228652
744,872,128,0.128,0.0049542369614355266
722,861,139,0.139,0.004922673803288489
724,862,138,0.138,0.004798320168163627
804,902,98,0.098,0.004604629939422011
760,880,120,0.12,0.004809395087533631
722,861,139,0.139,0.0049155850487295535
700,850,150,0.15,0.005018145056790672
722,861,139,0.139,0.004985610014060512
692,846,154,0.154,0.005089219499728642
738,869,131,0.131,0.004954135563224554
718,859,141,0.141,0.005068671176792122
706,853,147,0.147,0.005172363084158861
748,874,126,0.126,0.00512003591703251
704,852,148,0.148,0.005681706624804064
712,856,144,0.144,0.005454879191005602
702,851,149,0.149,0.0057557306729722766
744,872,128,0.128,0.005608843711670488
674,837,163,0.163,0.0058340791570954025
684,842,158,0.158,0.005832031317288056
724,862,138,0.138,0.005896637385711074
754,877,123,0.123,0.006031891532242298
716,858,142,0.142,0.006170900099445134
784,892,108,0.108,0.005911749059567228
764,882,118,0.118,0.005871129769599065
728,864,136,0.136,0.005893505751388147
744,872,128,0.128,0.005958888161927462
720,860,140,0.14,0.005956588626839221
762,881,119,0.119,0.005551520554814488
712,856,144,0.144,0.005787223882740364
720,860,140,0.14,0.005768644909374416
758,879,121,0.121,0.005519005369860679
730,865,135,0.135,0.005656242866069078
744,872,128,0.128,0.005302089523291215
734,867,133,0.133,0.005242280553793535
726,863,137,0.137,0.005184001991292462
706,853,147,0.147,0.005274858762975782
782,891,109,0.109,0.004901237249723636
734,867,133,0.133,0.00494645049679093
726,863,137,0.137,0.005056847072672099
768,884,116,0.116,0.00484192150994204
786,893,107,0.107,0.004604811578756199
752,876,124,0.124,0.0045764941095840185
744,872,128,0.128,0.004740128543227911
782,891,109,0.109,0.004492768808268011
736,868,132,0.132,0.004415525409043767
700,850,150,0.15,0.00457901879795827
742,871,129,0.129,0.004376626588287763
714,857,143,0.143,0.004465362338814885
696,848,152,0.152,0.0043288359174039216
692,846,154,0.154,0.004423106902744621
774,887,113,0.113,0.004279033155296929
806,903,97,0.097,0.004229533729027025
716,858,142,0.142,0.004626461326610297
748,874,126,0.126,0.004311899683671072
750,875,125,0.125,0.004521277031395585
776,888,112,0.112,0.0044808659006375815
676,838,162,0.162,0.004775394574506208
696,848,152,0.152,0.004873538575251587
758,879,121,0.121,0.004591254323953763
798,899,101,0.101,0.004429492542054504
788,894,106,0.106,0.004549377073184587
760,880,120,0.12,0.004561803352436982
754,877,123,0.123,0.004513436774606816
748,874,126,0.126,0.004609246344887651
750,875,125,0.125,0.004574578698375262
780,890,110,0.11,0.004419976860401221
726,863,137,0.137,0.004466248689452186
700,850,150,0.15,0.004505814471165649
762,881,119,0.119,0.0043072928473120555
774,887,113,0.113,0.004291905898484402
724,862,138,0.138,0.004313238527160138
748,874,126,0.126,0.004279549418948591
758,879,121,0.121,0.004358920763595961
726,863,137,0.137,0.004332375500234775
744,872,128,0.128,0.004237398848636076
746,873,127,0.127,0.00428049111540895
758,879,121,0.121,0.004189672020147555
694,847,153,0.153,0.00440502887184266
746,873,127,0.127,0.004338762191589921
766,883,117,0.117,0.004172892709961161
734,867,133,0.133,0.00429935177124571
768,884,116,0.116,0.004247891008737497
720,860,140,0.14,0.004404441525344737
740,870,130,0.13,0.0042988155238563195
770,885,115,0.115,0.004195159389171749
756,878,122,0.122,0.004201367020141333
782,891,109,0.109,0.004071714541292749
762,881,119,0.119,0.004152749953325838
682,841,159,0.159,0.004332286294084042
746,873,127,0.127,0.0042195820793276655
766,883,117,0.117,0.0041402690758695826
720,860,140,0.14,0.004080488282954321
740,870,130,0.13,0.004096747162519023
740,870,130,0.13,0.00418924336694181
714,857,143,0.143,0.004303460734081455
768,884,116,0.116,0.004208489493350499
768,884,116,0.116,0.004265338024473749
794,897,103,0.103,0.0043165294238133355
742,871,129,0.129,0.004413784308359027
760,880,120,0.12,0.004377130984910764
694,847,153,0.153,0.0044496943235863
714,857,143,0.143,0.004510008221375756
716,858,142,0.142,0.0045949017165694385
682,841,159,0.159,0.0048929180949926375
766,883,117,0.117,0.004662462666863576
668,834,166,0.166,0.00493108291446697
754,877,123,0.123,0.004584524519508705
740,870,130,0.13,0.00471430446067825
768,884,116,0.116,0.004616634494625032
768,884,116,0.116,0.0046208143363473935
746,873,127,0.127,0.004860218959511258
792,896,104,0.104,0.004628534952760674
738,869,131,0.131,0.004759126878343523
756,878,122,0.122,0.004716306968359276
722,861,139,0.139,0.004842873287852854
702,851,149,0.149,0.0049881146587431435
738,869,131,0.131,0.004802591687999666
710,855,145,0.145,0.004962071367539465
802,901,99,0.099,0.0046749108105432246
774,887,113,0.113,0.004631932413089089
778,889,111,0.111,0.004652836980181746
708,854,146,0.146,0.004646217501722276
758,879,121,0.121,0.0044705274376319725
762,881,119,0.119,0.00447055879922118
732,866,134,0.134,0.004605390986194834
740,870,130,0.13,0.004501060915528796
738,869,131,0.131,0.004477560218772851
770,885,115,0.115,0.004300065746647306
766,883,117,0.117,0.00421997377066873
696,848,152,0.152,0.004260552827850915
682,841,159,0.159,0.004413195858127437
730,865,135,0.135,0.00430582926410716
716,858,142,0.142,0.004266761123319156
760,880,120,0.12,0.004266509956680238
712,856,144,0.144,0.004421436474542134
720,860,140,0.14,0.0044902304043062035
724,862,138,0.138,0.00458196516870521
706,853,147,0.147,0.004659353394177742
750,875,125,0.125,0.004579121127375401
690,845,155,0.155,0.004810124922543764
728,864,136,0.136,0.004877930682851001
770,885,115,0.115,0.004668674226966686
722,861,139,0.139,0.004867391680832952
658,829,171,0.171,0.005202940949704498
706,853,147,0.147,0.005089455141103826
744,872,128,0.128,0.005065810550935567
802,901,99,0.099,0.004928346614004112
718,859,141,0.141,0.005258741743746214
686,843,157,0.157,0.005357519428711385
730,865,135,0.135,0.004923735148855485
786,893,107,0.107,0.004854200066649355
776,888,112,0.112,0.004976038890890777
716,858,142,0.142,0.00508330335165374
746,873,127,0.127,0.004937281775986776
738,869,131,0.131,0.005035289354855195
736,868,132,0.132,0.005055532946018502
704,852,148,0.148,0.004912944917101413
738,869,131,0.131,0.00493071645416785
734,867,133,0.133,0.0049318674055393785
760,880,120,0.12,0.004610736799659208
722,861,139,0.139,0.004869839393533766
746,873,127,0.127,0.004845197570510208
744,872,128,0.128,0.004741926022572443
722,861,139,0.139,0.004744165308191441
754,877,123,0.123,0.004764790546149015
726,863,137,0.137,0.004575240756850689
716,858,142,0.142,0.0046479268870316445
754,877,123,0.123,0.004438612172962166
782,891,109,0.109,0.00431568045320455
738,869,131,0.131,0.004377611839328893
718,859,141,0.141,0.00438020120060537
736,868,132,0.132,0.004153338821954094
776,888,112,0.112,0.004260588955832646
704,852,148,0.148,0.00432007032551337
702,851,149,0.149,0.004399654288543388
696,848,152,0.152,0.004253855909686535
726,863,137,0.137,0.0042814164330484345
754,877,123,0.123,0.004208197912317701
764,882,118,0.118,0.00422245278256014
772,886,114,0.114,0.00416211431461852
730,865,135,0.135,0.004163977974909357
734,867,133,0.133,0.0042127714791568
720,860,140,0.14,0.0044005177272483705
752,876,124,0.124,0.0043021741231204945
732,866,134,0.134,0.004353784104343504
716,858,142,0.142,0.004276700291084126
776,888,112,0.112,0.004231444572214968
718,859,141,0.141,0.0043447263648267835
736,868,132,0.132,0.004405308510875329
714,857,143,0.143,0.004490343961282633
724,862,138,0.138,0.004488152655307204
782,891,109,0.109,0.004298847476951778
750,875,125,0.125,0.004476067214622162
666,833,167,0.167,0.0047222314508399
724,862,138,0.138,0.004504740417818539
744,872,128,0.128,0.004428856753278524
724,862,138,0.138,0.004600622909609229
770,885,115,0.115,0.004372746852226555
742,871,129,0.129,0.004495545997167938
782,891,109,0.109,0.00431454425980337
736,868,132,0.132,0.004323395885527134
722,861,139,0.139,0.0044179831831716
778,889,111,0.111,0.004372481284546666
718,859,141,0.141,0.0043514872116502375
716,858,142,0.142,0.004409216076368466
700,850,150,0.15,0.004398147911415435
664,832,168,0.168,0.004525945009081624
720,860,140,0.14,0.0045087553260382265
702,851,149,0.149,0.004584535498754121
764,882,118,0.118,0.004419971058377996
768,884,116,0.116,0.004482165732304566
770,885,115,0.115,0.0043858185713179405
794,897,103,0.103,0.004372044647461735
740,870,130,0.13,0.0044716786382487045
676,838,162,0.162,0.004502584228408523
730,865,135,0.135,0.004433715360239148
822,911,89,0.089,0.004223777730832808
702,851,149,0.149,0.004420155490632169
790,895,105,0.105,0.004066475180443376
772,886,114,0.114,0.004049400023301132
746,873,127,0.127,0.004132714930106886
750,875,125,0.125,0.003980496676522307
780,890,110,0.11,0.003948534789145924
740,870,130,0.13,0.003912918472662568
744,872,128,0.128,0.003810508554102853
766,883,117,0.117,0.0037484457754762843
718,859,141,0.141,0.003644752471707761
750,875,125,0.125,0.003649543536826968
714,857,143,0.143,0.003725773829850368
748,874,126,0.126,0.0036901332230772823
656,828,172,0.172,0.0039357947786338625
764,882,118,0.118,0.0036835562663618477
742,871,129,0.129,0.0037610417746473104
730,865,135,0.135,0.003794565252494067
750,875,125,0.125,0.0037514225696213543
750,875,125,0.125,0.0038550343465758486
758,879,121,0.121,0.003937156968400813
794,897,103,0.103,0.003962121540913358
766,883,117,0.117,0.00391739405808039
700,850,150,0.15,0.004114074210170657
784,892,108,0.108,0.0039414139630971476
680,840,160,0.16,0.004180964198079892
684,842,158,0.158,0.004292062384192832
718,859,141,0.141,0.004136808900278993
752,876,124,0.124,0.0041674972788896415
742,871,129,0.129,0.004262647969997488
780,890,110,0.11,0.004248099376563914
740,870,130,0.13,0.004381185037898831
708,854,146,0.146,0.00435456351947505
704,852,148,0.148,0.004472806697827764
746,873,127,0.127,0.004377184901153669
740,870,130,0.13,0.00439156843861565
754,877,123,0.123,0.00429045659780968
732,866,134,0.134,0.004279003979288973
768,884,116,0.116,0.004315294595435262
748,874,126,0.126,0.004273139779106714
730,865,135,0.135,0.004323380126385018
730,865,135,0.135,0.004280471339239739
728,864,136,0.136,0.004214312118245289
752,876,124,0.124,0.004282896891934797
732,866,134,0.134,0.004343320437707007
702,851,149,0.149,0.004222805975703523
746,873,127,0.127,0.0042729737865738575
760,880,120,0.12,0.0041783825303427875
722,861,139,0.139,0.004374884718097746
714,857,143,0.143,0.004310538985882886
696,848,152,0.152,0.0045315207217354325
792,896,104,0.104,0.004408177397679538
724,862,138,0.138,0.004348109881393611
708,854,146,0.146,0.0044917119970778
760,880,120,0.12,0.004335826257825829
748,874,126,0.126,0.004397904271027073
764,882,118,0.118,0.004342220069840551
712,856,144,0.144,0.004441571185016074
742,871,129,0.129,0.004464841893874109
738,869,131,0.131,0.004374990791082382
688,844,156,0.156,0.004580534843844361
724,862,138,0.138,0.00451439830835443
746,873,127,0.127,0.004494139605318196
688,844,156,0.156,0.004480408830917441
682,841,159,0.159,0.004688332046731375
724,862,138,0.138,0.0045814217168372124
712,856,144,0.144,0.004600160664645955
722,861,139,0.139,0.004684992186492309
744,872,128,0.128,0.0045706994862994175
770,885,115,0.115,0.004460932192858308
724,862,138,0.138,0.004654054782586172
710,855,145,0.145,0.004723740608431399
756,878,122,0.122,0.004593939422862604
824,912,88,0.088,0.004240020836354233
808,904,96,0.096,0.0043913001286564396
716,858,142,0.142,0.0045242551583796736
762,881,119,0.119,0.004424263980821706
712,856,144,0.144,0.00434328655549325
736,868,132,0.132,0.004394253931939602
790,895,105,0.105,0.004064318884164095
738,869,131,0.131,0.004077877391478978
740,870,130,0.13,0.004112038309220224
748,874,126,0.126,0.004097553617553785
782,891,109,0.109,0.003958102120785042
700,850,150,0.15,0.004015669935848564
728,864,136,0.136,0.0038716242905939
684,842,158,0.158,0.003992436853121035
722,861,139,0.139,0.003959014522493817
734,867,133,0.133,0.004171613072045147
724,862,138,0.138,0.003981333615607582
728,864,136,0.136,0.004176548221963458
742,871,129,0.129,0.004089601556537673
738,869,131,0.131,0.004118219814379699
704,852,148,0.148,0.00428613352694083
736,868,132,0.132,0.004226135733886622
706,853,147,0.147,0.004362296994659118
760,880,120,0.12,0.004379857881111093
702,851,149,0.149,0.004414550163550302
708,854,146,0.146,0.004485326867201366
792,896,104,0.104,0.004246374112437479
712,856,144,0.144,0.004447977852658369
696,848,152,0.152,0.004427915151696652
744,872,128,0.128,0.004453968287329189
678,839,161,0.161,0.004630196081008762
738,869,131,0.131,0.004562965719494968
742,871,129,0.129,0.004478019287111237
748,874,126,0.126,0.004452031158027239
718,859,141,0.141,0.004512752318987623
664,832,168,0.168,0.004672216050210409
720,860,140,0.14,0.00462344845791813
696,848,152,0.152,0.004680407066945918
702,851,149,0.149,0.0046862960442667825
770,885,115,0.115,0.004500393046531826
716,858,142,0.142,0.004635183193604462
786,893,107,0.107,0.0046481412160210315
754,877,123,0.123,0.0045735715082846585
746,873,127,0.127,0.004554842804791406
702,851,149,0.149,0.004868367306422442
734,867,133,0.133,0.004879326347378083
728,864,136,0.136,0.004722361462190747
684,842,158,0.158,0.004778759617125616
716,858,142,0.142,0.004735374917043373
776,888,112,0.112,0.004459259203635156
724,862,138,0.138,0.004633989801513963
790,895,105,0.105,0.0043987817212473605
692,846,154,0.154,0.004568949635257013
720,860,140,0.14,0.004421589304809458
774,887,113,0.113,0.004249954781029373
786,893,107,0.107,0.004232249049469829
664,832,168,0.168,0.004176582153071649
754,877,123,0.123,0.004021715485258028
758,879,121,0.121,0.004154277514200657
696,848,152,0.152,0.0040579473656835036
700,850,150,0.15,0.004077876475756056
746,873,127,0.127,0.003986122332746163
668,834,166,0.166,0.004173531734151766
718,859,141,0.141,0.003983612915384583
732,866,134,0.134,0.003963336840155534
756,878,122,0.122,0.004022049975930713
712,856,144,0.144,0.004160420722328127
738,869,131,0.131,0.0042561593113932756
758,879,121,0.121,0.004185066777165048
680,840,160,0.16,0.004446058717672713
734,867,133,0.133,0.004207780465250835
716,858,142,0.142,0.004438098495127633
750,875,125,0.125,0.004267030775896273
764,882,118,0.118,0.004253997649881058
752,876,124,0.124,0.004298235582304187
726,863,137,0.137,0.004294714193674736
736,868,132,0.132,0.0042629323620349165
740,870,130,0.13,0.0041883958405815064
786,893,107,0.107,0.004085980341769755
718,859,141,0.141,0.004186333053046837
752,876,124,0.124,0.004054432567209006
758,879,121,0.121,0.004032330345828086
732,866,134,0.134,0.0038497017457848415
734,867,133,0.133,0.003965086218551733
740,870,130,0.13,0.003940290067344904
718,859,141,0.141,0.003852693404420279
782,891,109,0.109,0.003693976101814769
736,868,132,0.132,0.003681376668973826
718,859,141,0.141,0.003735575676197186
772,886,114,0.114,0.003586167320027016
760,880,120,0.12,0.003675044478964992
746,873,127,0.127,0.0036034592429641634
702,851,149,0.149,0.003570732164895162
784,892,108,0.108,0.0033999352967366576
694,847,153,0.153,0.003508335577789694
680,840,160,0.16,0.003372885826625861
702,851,149,0.149,0.003469889327418059
750,875,125,0.125,0.003346585073741153
736,868,132,0.132,0.0034492133028106763
698,849,151,0.151,0.0034373159692622723
658,829,171,0.171,0.0035703899149084465
730,865,135,0.135,0.0035171358161605894
740,870,130,0.13,0.003445497363107279
792,896,104,0.104,0.0035815432730596512
766,883,117,0.117,0.003803277582745068
728,864,136,0.136,0.0037694762750761584
758,879,121,0.121,0.0038356694316025826
734,867,133,0.133,0.0037845480273244903
740,870,130,0.13,0.003892254282603972
714,857,143,0.143,0.0038165534059517088
740,870,130,0.13,0.0038868363075889646
764,882,118,0.118,0.003769282222026959
716,858,142,0.142,0.003894677015254274
730,865,135,0.135,0.003797369266510941
722,861,139,0.139,0.0038148712454130875
704,852,148,0.148,0.0038393243248574438
738,869,131,0.131,0.003837026482564397
720,860,140,0.14,0.0037495638087857515
714,857,143,0.143,0.0037295647347345947
750,875,125,0.125,0.003833493005950004
680,840,160,0.16,0.003893537721596658
736,868,132,0.132,0.0036949349036440255
732,866,134,0.134,0.0036241623933892697
722,861,139,0.139,0.0037606459797825662
762,881,119,0.119,0.0036868400080129504
722,861,139,0.139,0.00373550162743777
818,909,91,0.091,0.003459718783851713
706,853,147,0.147,0.0037554183166939765
710,855,145,0.145,0.0037152141304686664
652,826,174,0.174,0.0038558442573994396
694,847,153,0.153,0.003830562566057779
754,877,123,0.123,0.003761759751243517
796,898,102,0.102,0.003805550920544192
750,875,125,0.125,0.0038002159057650715
688,844,156,0.156,0.0039330544756958265
714,857,143,0.143,0.004028716388507746
708,854,146,0.146,0.003921044326387345
730,865,135,0.135,0.0039346239884616805
760,880,120,0.12,0.0038650945029221474
740,870,130,0.13,0.003928994590532966
734,867,133,0.133,0.003964654061361216
746,873,127,0.127,0.003932053346303291
778,889,111,0.111,0.003928987695137039
764,882,118,0.118,0.003933734044549056
742,871,129,0.129,0.0038819274344714357
702,851,149,0.149,0.004044564613257535
706,853,147,0.147,0.0040280611790949475
696,848,152,0.152,0.004035221693222411
758,879,121,0.121,0.0039165711051318795
754,877,123,0.123,0.0038840652240323833
726,863,137,0.137,0.0039816330403555185
702,851,149,0.149,0.0039908135079313066
740,870,130,0.13,0.003967491639312357
730,865,135,0.135,0.0039770863387966525
730,865,135,0.135,0.003960069724125787
652,826,174,0.174,0.004079910599044524
718,859,141,0.141,0.0040071792792296035
752,876,124,0.124,0.003921671972260811
722,861,139,0.139,0.003996386966318824
740,870,130,0.13,0.003956678728340194
724,862,138,0.138,0.004025877219974063
772,886,114,0.114,0.003939871763461269
718,859,141,0.141,0.004006535631720908
736,868,132,0.132,0.004144207096542232
738,869,131,0.131,0.0039910597108537334
710,855,145,0.145,0.004150901376968249
694,847,153,0.153,0.004303712168824859
724,862,138,0.138,0.004146349190385081
780,890,110,0.11,0.0040293457574443895
736,868,132,0.132,0.004236879950505681
754,877,123,0.123,0.004071295239496976
752,876,124,0.124,0.0040425438658567145
748,874,126,0.126,0.004120471883798018
770,885,115,0.115,0.0040680979083990675
758,879,121,0.121,0.004078577906941064
704,852,148,0.148,0.0041068924837745725
732,866,134,0.134,0.004011437915731221
748,874,126,0.126,0.003963129444047809
738,869,131,0.131,0.003915106374421157
710,855,145,0.145,0.0038040128214051946
704,852,148,0.148,0.003807208828860894
726,863,137,0.137,0.00381666028033942
752,876,124,0.124,0.00370235479506664
734,867,133,0.133,0.003753336786176078
662,831,169,0.169,0.003907561069121585
704,852,148,0.148,0.0037968878526007757
756,878,122,0.122,0.0038034545701229943
714,857,143,0.143,0.003858589968876913
686,843,157,0.157,0.003952097052009777
742,871,129,0.129,0.0037905873727286233
760,880,120,0.12,0.003860348993213847
724,862,138,0.138,0.003871877152356319
774,887,113,0.113,0.003849015282932669
760,880,120,0.12,0.003979797635809518
730,865,135,0.135,0.0040995789880398665
700,850,150,0.15,0.004137432181276381
690,845,155,0.155,0.004192285726545378
764,882,118,0.118,0.004076219215407037
708,854,146,0.146,0.004153694961452857
728,864,136,0.136,0.004153384496923536
702,851,149,0.149,0.004232833806076087
708,854,146,0.146,0.004076770353130996
712,856,144,0.144,0.004187232556403615
738,869,131,0.131,0.004162444484303705
760,880,120,0.12,0.004089569570496678
738,869,131,0.131,0.004107160831801593
744,872,128,0.128,0.003989707081229426
752,876,124,0.124,0.004001725872978568
676,838,162,0.162,0.004079501362866722
758,879,121,0.121,0.003818331904592924
752,876,124,0.124,0.0039322877483209595
770,885,115,0.115,0.003838707420160063
726,863,137,0.137,0.0038511249838629738
696,848,152,0.152,0.003976980690611526
682,841,159,0.159,0.00398466827138327
736,868,132,0.132,0.0037601429788628594
708,854,146,0.146,0.0038149393066996707
724,862,138,0.138,0.003824858251493424
778,889,111,0.111,0.003648224905249663
686,843,157,0.157,0.0038339857095852493
738,869,131,0.131,0.0037480661595473068
690,845,155,0.155,0.0038822241820162164
702,851,149,0.149,0.003779072672012262
724,862,138,0.138,0.003840877861948684
732,866,134,0.134,0.003885922945686616
728,864,136,0.136,0.003926522738882341
730,865,135,0.135,0.0038233553688041865
740,870,130,0.13,0.0037995515459915623
750,875,125,0.125,0.0037745768721215425
790,895,105,0.105,0.00374854158598464
778,889,111,0.111,0.0037169803911820056
714,857,143,0.143,0.003833367433398962
722,861,139,0.139,0.003834587866324
692,846,154,0.154,0.0037142850717063994
806,903,97,0.097,0.0035651497351936994
750,875,125,0.125,0.0036188258399488405
770,885,115,0.115,0.003539511421811767
764,882,118,0.118,0.003446146029280499
732,866,134,0.134,0.003570471630780958
728,864,136,0.136,0.0035532993858214466
734,867,133,0.133,0.0035562473913887515
708,854,146,0.146,0.003438738170079887
766,883,117,0.117,0.0032287475866032765
720,860,140,0.14,0.003295777492923662
774,887,113,0.113,0.003159981807344593
720,860,140,0.14,0.0032832335204584524
760,880,120,0.12,0.0032120525948703287
764,882,118,0.118,0.003142129672691226
708,854,146,0.146,0.0031886911225738005
716,858,142,0.142,0.0032597366494592278
722,861,139,0.139,0.0032878519254736604
720,860,140,0.14,0.003264470114372671
760,880,120,0.12,0.0033266570952255278
676,838,162,0.162,0.0035309985189232976
766,883,117,0.117,0.0033277837482164614
694,847,153,0.153,0.0034786923011415638
706,853,147,0.147,0.0034462112077744676
674,837,163,0.163,0.0036171915924642236
756,878,122,0.122,0.0037035872717387976
760,880,120,0.12,0.0037710817796178164
742,871,129,0.129,0.0038398576776962727
794,897,103,0.103,0.0037453384388936683
720,860,140,0.14,0.003848853940027766
688,844,156,0.156,0.003945606622146443
778,889,111,0.111,0.003759680682560429
752,876,124,0.124,0.003796807007980533
748,874,126,0.126,0.003758635816979222
746,873,127,0.127,0.0037676482644164937
712,856,144,0.144,0.0037296054733451456
738,869,131,0.131,0.0036561340030748395
728,864,136,0.136,0.003635383526561782
750,875,125,0.125,0.00359419282048475
766,883,117,0.117,0.0034826440145261585
750,875,125,0.125,0.003509455459890887
724,862,138,0.138,0.003533635107334703
710,855,145,0.145,0.003632733670179732
772,886,114,0.114,0.003247446264140308
706,853,147,0.147,0.0035253010626183825
682,841,159,0.159,0.0035271003276575357
748,874,126,0.126,0.0032865370387444273
724,862,138,0.138,0.0034486913777654993
718,859,141,0.141,0.003298065495037008
732,866,134,0.134,0.003287607744219713
746,873,127,0.127,0.003361803155625239
736,868,132,0.132,0.0032997961461078374
732,866,134,0.134,0.003379644152126275
736,868,132,0.132,0.0033323213204857895
698,849,151,0.151,0.0033740794440964236
792,896,104,0.104,0.0033383137573255225
776,888,112,0.112,0.003247044809162617
746,873,127,0.127,0.0033099992002826183
706,853,147,0.147,0.0034596773782977833
720,860,140,0.14,0.0034817567287245767
730,865,135,0.135,0.0034141475500073285
730,865,135,0.135,0.0034780487252864985
716,858,142,0.142,0.003530603985534981
770,885,115,0.115,0.003479127248749137
750,875,125,0.125,0.0034632738209329546
730,865,135,0.135,0.0035548484505852685
750,875,125,0.125,0.003485283299232833
770,885,115,0.115,0.0035409990400075914
756,878,122,0.122,0.003515922274789773
674,837,163,0.163,0.0036966411671601235
722,861,139,0.139,0.0036928278285777195
746,873,127,0.127,0.003640449782717042
744,872,128,0.128,0.003686121417558752
746,873,127,0.127,0.00350987628265284
726,863,137,0.137,0.00354164049110841
768,884,116,0.116,0.0035299508972093463
748,874,126,0.126,0.003518406846327707
712,856,144,0.144,0.0035689977768342943
786,893,107,0.107,0.003461166913853958
760,880,120,0.12,0.0035447852333309127
770,885,115,0.115,0.0034545798992039636
742,871,129,0.129,0.0033411347853252666
770,885,115,0.115,0.0033406683974899353
756,878,122,0.122,0.003327571201953106
718,859,141,0.141,0.003329685111879371
728,864,136,0.136,0.003327877248520963
714,857,143,0.143,0.0032596463933587073
712,856,144,0.144,0.003184546163363848
744,872,128,0.128,0.0030801702731987463
746,873,127,0.127,0.003121075662202202
656,828,172,0.172,0.0031528452679049222
712,856,144,0.144,0.0031138935629278423
696,848,152,0.152,0.0031841768674785273
722,861,139,0.139,0.0032539511047070847
768,884,116,0.116,0.003093646853696555
716,858,142,0.142,0.003240380328381434
716,858,142,0.142,0.0033138070238055662
780,890,110,0.11,0.003394896655809134
718,859,141,0.141,0.003600694135646336
648,824,176,0.176,0.003796554942498915
732,866,134,0.134,0.003663452448672615
732,866,134,0.134,0.003561001163558103
714,857,143,0.143,0.003709867582307197
728,864,136,0.136,0.0036566121380310506
724,862,138,0.138,0.0037040954913245515
698,849,151,0.151,0.004075894845998846
676,838,162,0.162,0.0040147494697012
712,856,144,0.144,0.003967432718607597
674,837,163,0.163,0.004098100636387244
748,874,126,0.126,0.0039787668792996556
718,859,141,0.141,0.004121843307511881
742,871,129,0.129,0.004055215310072527
800,900,100,0.1,0.004012142344261519
720,860,140,0.14,0.004210106460959651
788,894,106,0.106,0.003894522823393345
728,864,136,0.136,0.004159503419650719
768,884,116,0.116,0.0040645525361178445
760,880,120,0.12,0.004000556927989237
778,889,111,0.111,0.003924065628671087
726,863,137,0.137,0.003998624029103667
754,877,123,0.123,0.0038223035401897506
708,854,146,0.146,0.003833773199701682
728,864,136,0.136,0.003645401325309649
696,848,152,0.152,0.003717724080197513
696,848,152,0.152,0.0035978857754962517
728,864,136,0.136,0.003553753432817757
736,868,132,0.132,0.003411908581038006
738,869,131,0.131,0.003324791330494918
750,875,125,0.125,0.0033524302123114466
714,857,143,0.143,0.003371983957476914
766,883,117,0.117,0.00312327375006862
730,865,135,0.135,0.0031963075251551345
790,895,105,0.105,0.003052291389205493
768,884,116,0.116,0.003091731365188025
712,856,144,0.144,0.0031548947610426695
682,841,159,0.159,0.0033139541414566338
740,870,130,0.13,0.003150572846760042
696,848,152,0.152,0.003250383934006095
710,855,145,0.145,0.0032839779736241327
770,885,115,0.115,0.003215794678893872
698,849,151,0.151,0.003491171374451369
750,875,125,0.125,0.003502132547670044
746,873,127,0.127,0.0034518715779995545
796,898,102,0.102,0.0035376307098194957
700,850,150,0.15,0.0036416653693886474
722,861,139,0.139,0.003635926457121968
720,860,140,0.14,0.0036051999307237566
774,887,113,0.113,0.003587096860981546
742,871,129,0.129,0.003624725594534539
734,867,133,0.133,0.00376832276082132
750,875,125,0.125,0.003764338630135171
700,850,150,0.15,0.0038311744009843097
688,844,156,0.156,0.003803182222880423
722,861,139,0.139,0.0038033730341121555
724,862,138,0.138,0.0038796357664978133
754,877,123,0.123,0.0038069235215662045
690,845,155,0.155,0.003955275028594769
746,873,127,0.127,0.0038860343738924713
712,856,144,0.144,0.0037922754212049766
748,874,126,0.126,0.0038091454937821253
792,896,104,0.104,0.0037016337343957276
750,875,125,0.125,0.0037917832740349696
698,849,151,0.151,0.0038078385915141554
752,876,124,0.124,0.0037644985620863738
748,874,126,0.126,0.0037392527573974804
722,861,139,0.139,0.0036111173182725906
706,853,147,0.147,0.0037102999542839824
758,879,121,0.121,0.0036590773259522393
736,868,132,0.132,0.0037329862473998218
750,875,125,0.125,0.0036470057644182818
750,875,125,0.125,0.003580306776217185
742,871,129,0.129,0.003650425549945794
736,868,132,0.132,0.00360349810437765
720,860,140,0.14,0.0035876025079051035
678,839,161,0.161,0.0037099365933099763
686,843,157,0.157,0.0036731135739246383
724,862,138,0.138,0.0036360912208911033
716,858,142,0.142,0.003850679897936061
674,837,163,0.163,0.0038866131347604096
760,880,120,0.12,0.003834276425652206
768,884,116,0.116,0.003833819736377336
734,867,133,0.133,0.0037674173096893357
666,833,167,0.167,0.0038722933606477454
712,856,144,0.144,0.0039889796647476035
660,830,170,0.17,0.004116640578838996
766,883,117,0.117,0.004100379782146774
752,876,124,0.124,0.004061134165269323
738,869,131,0.131,0.004218680649762973
738,869,131,0.131,0.004180517575819977
746,873,127,0.127,0.004129885711940005
716,858,142,0.142,0.004248059341567569
688,844,156,0.156,0.004266336703207344
800,900,100,0.1,0.0041190663459710775
708,854,146,0.146,0.004300390075542964
716,858,142,0.142,0.004212769211851992
708,854,146,0.146,0.004138656252995134
752,876,124,0.124,0.004185546814347617
714,857,143,0.143,0.004184164659702219
736,868,132,0.132,0.004076359002268873
744,872,128,0.128,0.004073453996796161
714,857,143,0.143,0.004016827151994221
720,860,140,0.14,0.004091398984310217
730,865,135,0.135,0.003969853133079596
712,856,144,0.144,0.00407844946323894
672,836,164,0.164,0.004159298503655009
682,841,159,0.159,0.0040731793998274955
754,877,123,0.123,0.0038850358839845286
736,868,132,0.132,0.004014109262381681
756,878,122,0.122,0.004079074599663727
720,860,140,0.14,0.004077436769148335
728,864,136,0.136,0.004138423747732304
734,867,133,0.133,0.0041459218094823886
706,853,147,0.147,0.004223521837033332
738,869,131,0.131,0.003996926056570374
770,885,115,0.115,0.003945890294387936
732,866,134,0.134,0.004036475198226981
738,869,131,0.131,0.004052585158962756
726,863,137,0.137,0.003966269375639968
784,892,108,0.108,0.003881209586863406
768,884,116,0.116,0.003816051078727469
650,825,175,0.175,0.0039030302764149383
724,862,138,0.138,0.0038227858670288697
694,847,153,0.153,0.0037970392880961297
724,862,138,0.138,0.0037879014512291176
802,901,99,0.099,0.0036153635086957365
792,896,104,0.104,0.003576284186914563
762,881,119,0.119,0.003638281623949297
748,874,126,0.126,0.0035759403973352165
762,881,119,0.119,0.0034350526094203814
794,897,103,0.103,0.003106003818451427
696,848,152,0.152,0.003354887657565996
762,881,119,0.119,0.0032022196834441273
740,870,130,0.13,0.0032159643059130757
702,851,149,0.149,0.003166584898950532
766,883,117,0.117,0.003201019971864298
738,869,131,0.131,0.003021055435296148
744,872,128,0.128,0.002950067064142786
662,831,169,0.169,0.00306581253814511
728,864,136,0.136,0.0029748044340522028
708,854,146,0.146,0.003051291499636136
726,863,137,0.137,0.0030199347531306557
706,853,147,0.147,0.0031051169158308766
726,863,137,0.137,0.003087694297893904
768,884,116,0.116,0.0031289493149379267
706,853,147,0.147,0.00344088102132082
710,855,145,0.145,0.0034928709485102447
694,847,153,0.153,0.003468998392811045
676,838,162,0.162,0.003786048094043508
726,863,137,0.137,0.003761911146808416
794,897,103,0.103,0.0035911685886094347
724,862,138,0.138,0.0036490978269139306
736,868,132,0.132,0.0037391288715880365
706,853,147,0.147,0.004048517980729229
764,882,118,0.118,0.003923150747083127
698,849,151,0.151,0.004037766074179672
770,885,115,0.115,0.003947627148125321
776,888,112,0.112,0.0040159121907781805
748,874,126,0.126,0.004019448934006505
742,871,129,0.129,0.003944664336275309
710,855,145,0.145,0.004068679156247527
750,875,125,0.125,0.0040081749395467344
668,834,166,0.166,0.004101209570304491
704,852,148,0.148,0.0037877377276308833
730,865,135,0.135,0.0038281060223234816
712,856,144,0.144,0.0038122295363573356
726,863,137,0.137,0.0037267113664420323
730,865,135,0.135,0.0036532996884780003
764,882,118,0.118,0.003635058474261314
774,887,113,0.113,0.003501964001683518
724,862,138,0.138,0.0035838096416555346
654,827,173,0.173,0.0035420069497777147
728,864,136,0.136,0.0034354761326685548
742,871,129,0.129,0.0034305960336932914
742,871,129,0.129,0.0033149425317533314
732,866,134,0.134,0.00334130395448301
716,858,142,0.142,0.0033477708869613706
728,864,136,0.136,0.0033908856452908366
762,881,119,0.119,0.0033177791786147283
734,867,133,0.133,0.003334823290933855
696,848,152,0.152,0.003347156628151424
702,851,149,0.149,0.0034226091098971665
700,850,150,0.15,0.0034263323191553352
756,878,122,0.122,0.003342056677560322
716,858,142,0.142,0.0033984076956985517
730,865,135,0.135,0.0033588715018704534
738,869,131,0.131,0.0033768611358827912
794,897,103,0.103,0.0032487674532458185
736,868,132,0.132,0.0034538095652824267
718,859,141,0.141,0.003401578395627439
692,846,154,0.154,0.0033643434864934533
736,868,132,0.132,0.003203255525091663
752,876,124,0.124,0.0032040221731876955
744,872,128,0.128,0.003179496905533597
730,865,135,0.135,0.0031527451615547763
756,878,122,0.122,0.003121925528626889
738,869,131,0.131,0.0031944357495522126
742,871,129,0.129,0.0030605881035444325
752,876,124,0.124,0.0030079758156789467
744,872,128,0.128,0.002940040718414821
776,888,112,0.112,0.0029004508373327554
748,874,126,0.126,0.0029562050753156655
696,848,152,0.152,0.0030525332145625726
742,871,129,0.129,0.0029347117096185683
714,857,143,0.143,0.0030039473397191615
724,862,138,0.138,0.0029993937113322318
756,878,122,0.122,0.0028752902917331086
714,857,143,0.143,0.003032935796189122
708,854,146,0.146,0.003060396909364499
760,880,120,0.12,0.003021103959530592
726,863,137,0.137,0.0031139889532933013
686,843,157,0.157,0.0031940819139126687
740,870,130,0.13,0.003089535237289965
692,846,154,0.154,0.0032941717605572195
704,852,148,0.148,0.00335549090965651
734,867,133,0.133,0.003272582569392398
740,870,130,0.13,0.0034662040146067738
724,862,138,0.138,0.0034431633211206643
754,877,123,0.123,0.0036089457800844685
778,889,111,0.111,0.003479833448305726
764,882,118,0.118,0.0035688489860622214
730,865,135,0.135,0.003636628382722847
712,856,144,0.144,0.0036842340489383787
728,864,136,0.136,0.0036358068761182948
750,875,125,0.125,0.0035069646220654248
724,862,138,0.138,0.0035216095963260157
688,844,156,0.156,0.0034538758762646467
744,872,128,0.128,0.0034295223595108837
752,876,124,0.124,0.003280104812118225
748,874,126,0.126,0.0033976341482484713
728,864,136,0.136,0.0034240996511653065
728,864,136,0.136,0.003406780129764229
752,876,124,0.124,0.0032165554777020587
708,854,146,0.146,0.003320106432074681
780,890,110,0.11,0.0031140961705241354
694,847,153,0.153,0.0032330311068799345
744,872,128,0.128,0.0030332203573780136
730,865,135,0.135,0.002960616231081076
744,872,128,0.128,0.0030301229228498414
762,881,119,0.119,0.0030422672657296063
732,866,134,0.134,0.0030727056748000906
706,853,147,0.147,0.0030874714063247664
746,873,127,0.127,0.002970535516215023
702,851,149,0.149,0.0028906115929130463
764,882,118,0.118,0.002738047507184092
702,851,149,0.149,0.0028377710371278227
702,851,149,0.149,0.002792789178201929
724,862,138,0.138,0.0028221951047889887
758,879,121,0.121,0.0027809365689754487
746,873,127,0.127,0.0028251960143679754
726,863,137,0.137,0.0027895043333410283
714,857,143,0.143,0.0027939505982794797
716,858,142,0.142,0.0029685668093152344
674,837,163,0.163,0.003034803939925041
742,871,129,0.129,0.002932631157222204
774,887,113,0.113,0.002910783798084594
720,860,140,0.14,0.0029112779423594473
722,861,139,0.139,0.0030147552142152562
716,858,142,0.142,0.0030640563659835606
778,889,111,0.111,0.003006323164445348
670,835,165,0.165,0.0032779395231045784
732,866,134,0.134,0.003231621981249191
752,876,124,0.124,0.0031495170799316838
742,871,129,0.129,0.0031710119959316215
668,834,166,0.166,0.0033505527450470255
750,875,125,0.125,0.0032160483337938784
738,869,131,0.131,0.0032825096345040945
744,872,128,0.128,0.003274147960706614
790,895,105,0.105,0.003145723993657157
746,873,127,0.127,0.0032079352922737597
702,851,149,0.149,0.003257136651314795
792,896,104,0.104,0.0030990520287305116
734,867,133,0.133,0.0031477423193864524
740,870,130,0.13,0.0031608991259709
658,829,171,0.171,0.0032655600627185775
708,854,146,0.146,0.003120537930866703
700,850,150,0.15,0.00324466773995664
746,873,127,0.127,0.0031192523643840103
672,836,164,0.164,0.0032262021359056236
694,847,153,0.153,0.0033833125263918193
712,856,144,0.144,0.003251298957387917
718,859,141,0.141,0.0033129374730633573
716,858,142,0.142,0.003377190298284404
736,868,132,0.132,0.003401689612772316
800,900,100,0.1,0.0032091763023054227
732,866,134,0.134,0.003293703531729989
722,861,139,0.139,0.003368907724390738
714,857,143,0.143,0.0034526408087695018
768,884,116,0.116,0.003260700102429837
726,863,137,0.137,0.0033640245171263814
662,831,169,0.169,0.0035073113135294987
662,831,169,0.169,0.003547991421772167
724,862,138,0.138,0.0034251366471289655
706,853,147,0.147,0.0035011317858006804
760,880,120,0.12,0.0033242122440133243
778,889,111,0.111,0.003293358369148336
762,881,119,0.119,0.003288468023005407
734,867,133,0.133,0.003502301049884409
750,875,125,0.125,0.003392344795749523
654,827,173,0.173,0.0034363724732538684
726,863,137,0.137,0.003400573479826562
732,866,134,0.134,0.003284021310857497
676,838,162,0.162,0.003485976503230631
752,876,124,0.124,0.0032972576357424258
678,839,161,0.161,0.0035432982039637862
714,857,143,0.143,0.0034752325381850824
674,837,163,0.163,0.0035454010580433532
746,873,127,0.127,0.0035062408136436714
736,868,132,0.132,0.0034376705556642263
750,875,125,0.125,0.0033458756511681714
730,865,135,0.135,0.003530484604998492
684,842,158,0.158,0.003646425500512123
762,881,119,0.119,0.003476513699744828
748,874,126,0.126,0.003502421467914246
750,875,125,0.125,0.0035622400051215663
760,880,120,0.12,0.003387780265766196
700,850,150,0.15,0.0035056916539324447
784,892,108,0.108,0.0033648587837815285
690,845,155,0.155,0.0034283950184471907
726,863,137,0.137,0.0033302778186043726
758,879,121,0.121,0.003190169753797818
770,885,115,0.115,0.0031226637060171925
724,862,138,0.138,0.003220285056042485
726,863,137,0.137,0.003067728513327893
766,883,117,0.117,0.0029297929069725796
758,879,121,0.121,0.00295144172932487
736,868,132,0.132,0.0029318781340843996
714,857,143,0.143,0.0029102683290839195
724,862,138,0.138,0.00279704316763673
742,871,129,0.129,0.002808912066509947
674,837,163,0.163,0.002908161955070682
740,870,130,0.13,0.002746775190520566
712,856,144,0.144,0.0027668732472811825
690,845,155,0.155,0.0027834830872598103
758,879,121,0.121,0.002679682512301952
714,857,143,0.143,0.002809374243079219
776,888,112,0.112,0.0026517701746779495
748,874,126,0.126,0.002736076270986814
708,854,146,0.146,0.0028855724640889095
730,865,135,0.135,0.0028172531249001623
762,881,119,0.119,0.0027945145892444997
726,863,137,0.137,0.0028353627579053866
694,847,153,0.153,0.002881806881807279
790,895,105,0.105,0.0027019024452893062
752,876,124,0.124,0.0027935704344999976
750,875,125,0.125,0.0027339369242545216
750,875,125,0.125,0.0028027651074226012
680,840,160,0.16,0.0025709531364846044
776,888,112,0.112,0.002524434209568426
760,880,120,0.12,0.0024009522741544062
770,885,115,0.115,0.002460392749228049
728,864,136,0.136,0.002424811264150776
724,862,138,0.138,0.002426020743267145
680,840,160,0.16,0.002489205980615225
764,882,118,0.118,0.0023972751128603703
722,861,139,0.139,0.0023758167586056516
774,887,113,0.113,0.0023223259616061112
678,839,161,0.161,0.0024170085878577083
758,879,121,0.121,0.002342964415962342
720,860,140,0.14,0.0023619288607733325
716,858,142,0.142,0.0023789902214775794
770,885,115,0.115,0.0023617112247738986
746,873,127,0.127,0.002312237751262728
752,876,124,0.124,0.0023921514818212018
768,884,116,0.116,0.0023984322075848467
694,847,153,0.153,0.0023867589604924435
746,873,127,0.127,0.0024009266091743484
770,885,115,0.115,0.0023668942823424004
724,862,138,0.138,0.002410541942168493
778,889,111,0.111,0.002269034326483961
748,874,126,0.126,0.0023976519159041344
702,851,149,0.149,0.0023192902255104856
718,859,141,0.141,0.0023849628393072635
718,859,141,0.141,0.0023750752004561945
690,845,155,0.155,0.0023911883490509355
700,850,150,0.15,0.002389964595611673
786,893,107,0.107,0.0023077572772745043
752,876,124,0.124,0.002249669795332011
740,870,130,0.13,0.002325598054507282
744,872,128,0.128,0.002333114048931748
758,879,121,0.121,0.00236082360293949
740,870,130,0.13,0.002321485085063614
726,863,137,0.137,0.002329476800339762
732,866,134,0.134,0.002295202389243059
732,866,134,0.134,0.0023274861481622795
748,874,126,0.126,0.0022960552174481562
740,870,130,0.13,0.0023548487481311895
746,873,127,0.127,0.0023075702950009144
744,872,128,0.128,0.0023401784982415848
716,858,142,0.142,0.002439099766255822
722,861,139,0.139,0.0024064735898864454
708,854,146,0.146,0.002452799764170777
780,890,110,0.11,0.0023993760108714924
716,858,142,0.142,0.0024806800085352735
700,850,150,0.15,0.0025475897063151932
688,844,156,0.156,0.002633957146841567
734,867,133,0.133,0.0026262046105694024
766,883,117,0.117,0.002547473351936787
778,889,111,0.111,0.0026223844129708595
678,839,161,0.161,0.0027385190727654846
748,874,126,0.126,0.0026072460787254386
778,889,111,0.111,0.0025805721466313114
738,869,131,0.131,0.0026463238130090758
756,878,122,0.122,0.002604028109461069
774,887,113,0.113,0.0025326333240955137
706,853,147,0.147,0.002619873096118681
770,885,115,0.115,0.0025365694828215057
730,865,135,0.135,0.0025146297561586834
740,870,130,0.13,0.002483273672813084
722,861,139,0.139,0.0024927376715349965
746,873,127,0.127,0.002560471043805592
690,845,155,0.155,0.0025976593480445446
664,832,168,0.168,0.0026271106097847225
734,867,133,0.133,0.002478962353488896
732,866,134,0.134,0.0024776924338657407
760,880,120,0.12,0.002584767337597441
708,854,146,0.146,0.0026177588053396903
716,858,142,0.142,0.0026417647682246753
720,860,140,0.14,0.0026241292964550664
714,857,143,0.143,0.0026562498576822692
808,904,96,0.096,0.0026107242162106557
692,846,154,0.154,0.002743129073816817
706,853,147,0.147,0.002710204790229909
674,837,163,0.163,0.002880667087621987
726,863,137,0.137,0.0028945612916140818
670,835,165,0.165,0.0029674015732016413
722,861,139,0.139,0.0029429192090174184
760,880,120,0.12,0.0029128740848973394
792,896,104,0.104,0.0028251085914089346
768,884,116,0.116,0.0029652683652820998
700,850,150,0.15,0.0029883004080620596
756,878,122,0.122,0.003057282923720777
698,849,151,0.151,0.003032490690704435
702,851,149,0.149,0.0030627236584550703
768,884,116,0.116,0.002874380239925813
762,881,119,0.119,0.002869865789078176
722,861,139,0.139,0.0028883924244437367
704,852,148,0.148,0.0029409987576073035
734,867,133,0.133,0.002879549223929644
706,853,147,0.147,0.0029543051666696555
754,877,123,0.123,0.0028558538736542685
718,859,141,0.141,0.0028060749954893255
720,860,140,0.14,0.0028169487920822575
742,871,129,0.129,0.00279541549354326
740,870,130,0.13,0.002748640562407672
732,866,134,0.134,0.002784397640207317
744,872,128,0.128,0.002759630597778596
694,847,153,0.153,0.0028710340341785924
774,887,113,0.113,0.002675727204186842
768,884,116,0.116,0.0026325685065821743
746,873,127,0.127,0.002646890384494327
786,893,107,0.107,0.00257705346646253
716,858,142,0.142,0.002636163828719873
718,859,141,0.141,0.0025846594593022017
704,852,148,0.148,0.002563882426242344
742,871,129,0.129,0.0025252454403671435
682,841,159,0.159,0.002615530326438602
760,880,120,0.12,0.0024304037654655987
770,885,115,0.115,0.002429884065291844
748,874,126,0.126,0.002493480149190873
724,862,138,0.138,0.0024460457768291236
700,850,150,0.15,0.002537448458606377
688,844,156,0.156,0.00258703079452971
712,856,144,0.144,0.0025280292610405015
740,870,130,0.13,0.0025519903759122827
764,882,118,0.118,0.0025665454104891977
720,860,140,0.14,0.002580821629439015
714,857,143,0.143,0.002546491675078869
784,892,108,0.108,0.002529986072098836
766,883,117,0.117,0.0025559216217370703
774,887,113,0.113,0.0025296117582474837
698,849,151,0.151,0.002607380306639243
758,879,121,0.121,0.0026245394234429113
718,859,141,0.141,0.0026375422375276686
768,884,116,0.116,0.002505472457734868
738,869,131,0.131,0.0025203763644676656
722,861,139,0.139,0.002452153615944553
722,861,139,0.139,0.0025395277574425563
778,889,111,0.111,0.0024691624155966565
678,839,161,0.161,0.0025845831749611533
748,874,126,0.126,0.002475986301258672
712,856,144,0.144,0.0025498081918922254
728,864,136,0.136,0.002598341969656758
708,854,146,0.146,0.002570364112558309
746,873,127,0.127,0.0025723604779923333
782,891,109,0.109,0.0025124031522427686
730,865,135,0.135,0.0025588944712653756
716,858,142,0.142,0.002573224098479841
688,844,156,0.156,0.002615306074148975
696,848,152,0.152,0.0026434396019321864
750,875,125,0.125,0.0025821776087977923
754,877,123,0.123,0.0025415060645900666
696,848,152,0.152,0.0026320781529066153
720,860,140,0.14,0.0026685700321686452
694,847,153,0.153,0.0027403567979927173
686,843,157,0.157,0.002755670186481439
752,876,124,0.124,0.0026719892912660725
706,853,147,0.147,0.0027872137714875862
728,864,136,0.136,0.002746956916118506
666,833,167,0.167,0.002870554217020981
738,869,131,0.131,0.002767438004608266
714,857,143,0.143,0.0028962964864913373
744,872,128,0.128,0.0027212638079654426
678,839,161,0.161,0.002911962467711419
740,870,130,0.13,0.002794855473795906
752,876,124,0.124,0.0027840883209137245
708,854,146,0.146,0.0027631924005108886
716,858,142,0.142,0.0028773994452203624
708,854,146,0.146,0.002820791683450807
734,867,133,0.133,0.0027827774773468263
714,857,143,0.143,0.002855461194179952
732,866,134,0.134,0.0028665840961039067
722,861,139,0.139,0.0028346778040286152
750,875,125,0.125,0.002824797724315431
724,862,138,0.138,0.002859164213296026
734,867,133,0.133,0.002882753097161185
766,883,117,0.117,0.002807145868311636
770,885,115,0.115,0.0027717053227825092
718,859,141,0.141,0.002865168766235001
780,890,110,0.11,0.002734491927607451
772,886,114,0.114,0.0026872998485341667
792,896,104,0.104,0.002485909266339149
692,846,154,0.154,0.002632730849145446
722,861,139,0.139,0.002480114376230631
742,871,129,0.129,0.0024136282320832833
694,847,153,0.153,0.00247061857546214
728,864,136,0.136,0.0023884866817388685
784,892,108,0.108,0.0023303253556950948
742,871,129,0.129,0.002299074526759796
766,883,117,0.117,0.002174216665502172
710,855,145,0.145,0.0022488405901240184
660,830,170,0.17,0.002227372749650385
752,876,124,0.124,0.002098958432150539
750,875,125,0.125,0.0020662828056374565
718,859,141,0.141,0.0021788755824090913
730,865,135,0.135,0.0021370899297180586
726,863,137,0.137,0.0022077204212546347
756,878,122,0.122,0.0021710048557142727
774,887,113,0.113,0.002122929832781665
726,863,137,0.137,0.0021490787693765013
782,891,109,0.109,0.0021328787787933835
726,863,137,0.137,0.0021582328916410916
760,880,120,0.12,0.0020227080184267833
782,891,109,0.109,0.0019970964883686973
732,866,134,0.134,0.0020832067753653975
744,872,128,0.128,0.002095370381779503
756,878,122,0.122,0.0020127915386110545
700,850,150,0.15,0.0021574785530101507
756,878,122,0.122,0.0020213768011308276
766,883,117,0.117,0.0020160373529070057
734,867,133,0.133,0.002006491375679616
662,831,169,0.169,0.0021109011096996253
744,872,128,0.128,0.002090282414399553
772,886,114,0.114,0.0020420435845153405
768,884,116,0.116,0.001973892083449755
782,891,109,0.109,0.0020067848564940503
720,860,140,0.14,0.002003634862951003
670,835,165,0.165,0.0021088983502122573
768,884,116,0.116,0.0020672234676312657
738,869,131,0.131,0.0020636838160571643
718,859,141,0.141,0.0021124002041178753
690,845,155,0.155,0.0022213526561972686
776,888,112,0.112,0.002081030488247052
712,856,144,0.144,0.0022377447357866914
728,864,136,0.136,0.0021616803667275234
732,866,134,0.134,0.00224790434690658
724,862,138,0.138,0.002267233943857718
760,880,120,0.12,0.0022460829325718803
748,874,126,0.126,0.002253748348739464
732,866,134,0.134,0.002216621077735908
718,859,141,0.141,0.002300161190330982
714,857,143,0.143,0.0022980260798358357
734,867,133,0.133,0.002355155037890654
692,846,154,0.154,0.002495102825574577
728,864,136,0.136,0.0024349687549402007
732,866,134,0.134,0.0024167916007572783
760,880,120,0.12,0.002447152753418777
748,874,126,0.126,0.0024123672604910097
776,888,112,0.112,0.0023924097946728578
698,849,151,0.151,0.002481582013366278
778,889,111,0.111,0.0023901223530992865
660,830,170,0.17,0.0024300514656933957
712,856,144,0.144,0.0024541844155173747
750,875,125,0.125,0.0024494928325875663
740,870,130,0.13,0.0024136022112797944
756,878,122,0.122,0.0024014762923470698
716,858,142,0.142,0.002474251002247911
722,861,139,0.139,0.002405160846246872
730,865,135,0.135,0.0023715052887564527
772,886,114,0.114,0.0024185356577509083
722,861,139,0.139,0.00240369517961517
704,852,148,0.148,0.0024273932113428602
722,861,139,0.139,0.0024003037856309673
756,878,122,0.122,0.002333660851872992
722,861,139,0.139,0.0023962682308629156
730,865,135,0.135,0.0024116928984876723
710,855,145,0.145,0.002395101280126255
706,853,147,0.147,0.0024380654794513247
754,877,123,0.123,0.00236584585782839
700,850,150,0.15,0.002470185526588466
730,865,135,0.135,0.0024412769016926177
744,872,128,0.128,0.002416445631184615
744,872,128,0.128,0.0024843332394957544
722,861,139,0.139,0.002472915589925833
758,879,121,0.121,0.0024083549216156823
730,865,135,0.135,0.002462026446184609
726,863,137,0.137,0.0023950397825683468
748,874,126,0.126,0.0024283415898680685
798,899,101,0.101,0.002334997569676489
734,867,133,0.133,0.0023874196219258012
732,866,134,0.134,0.0023812862941413188
746,873,127,0.127,0.002351453570474405
716,858,142,0.142,0.002362474239489529
730,865,135,0.135,0.0023685669169644825
736,868,132,0.132,0.0023569662221707404
702,851,149,0.149,0.002365540547645651
724,862,138,0.138,0.0022888829070143403
714,857,143,0.143,0.00227282934775576
728,864,136,0.136,0.0022588885845034384
710,855,145,0.145,0.0022045527654117906
736,868,132,0.132,0.0021999575291993096
696,848,152,0.152,0.002241903777001426
808,904,96,0.096,0.0021275829692021945
750,875,125,0.125,0.0021570788288954646
706,853,147,0.147,0.0022138105927151626
762,881,119,0.119,0.002153219366853591
694,847,153,0.153,0.0022341679439414294
738,869,131,0.131,0.002191691762127448
760,880,120,0.12,0.0021358223265851846
774,887,113,0.113,0.0021256243265233934
764,882,118,0.118,0.0021322400197386743
770,885,115,0.115,0.0020991427872213537
702,851,149,0.149,0.0021923837754875422
682,841,159,0.159,0.0021865382702089846
806,903,97,0.097,0.0020707341730594633
762,881,119,0.119,0.0020667970247450285
720,860,140,0.14,0.0020646189624094406
794,897,103,0.103,0.001958764337177854
688,844,156,0.156,0.0021214657112723218
724,862,138,0.138,0.002061797277943697
742,871,129,0.129,0.0020796431687194854
734,867,133,0.133,0.0020695963272009976
630,815,185,0.185,0.002118791743298061
720,860,140,0.14,0.0021219357778900303
752,876,124,0.124,0.0021920369251747615
732,866,134,0.134,0.002200498631806113
786,893,107,0.107,0.0021726346347131767
748,874,126,0.126,0.0022037693663151
708,854,146,0.146,0.002294623858935665
716,858,142,0.142,0.0023053492418839594
756,878,122,0.122,0.0022434955168282615
668,834,166,0.166,0.0024482155191944913
772,886,114,0.114,0.0022954883415368383
758,879,121,0.121,0.002334027565084398
732,866,134,0.134,0.002348688071069773
746,873,127,0.127,0.002336789085937198
786,893,107,0.107,0.0022884740358567798
680,840,160,0.16,0.002460758199216798
698,849,151,0.151,0.0024494693953893147
732,866,134,0.134,0.0023671509441919626
690,845,155,0.155,0.0024921967054833656
770,885,115,0.115,0.002316720746224746
706,853,147,0.147,0.0024971743067726494
760,880,120,0.12,0.0023859088948229327
720,860,140,0.14,0.002447469925915357
740,870,130,0.13,0.002446712079050485
728,864,136,0.136,0.0025063805142999628
732,866,134,0.134,0.0024533757609897294
716,858,142,0.142,0.0025702814561664126
758,879,121,0.121,0.0024839777313172815
720,860,140,0.14,0.0025087920983787627
760,880,120,0.12,0.002400264394294936
720,860,140,0.14,0.0025559481097152457
712,856,144,0.144,0.0025249391318648124
744,872,128,0.128,0.002448812262970023
714,857,143,0.143,0.002559365550696384
714,857,143,0.143,0.0025175726418965494
720,860,140,0.14,0.002530917288328055
688,844,156,0.156,0.0026947339473990723
696,848,152,0.152,0.002659053938637953
770,885,115,0.115,0.0026303993798210286
698,849,151,0.151,0.0025798457631026396
774,887,113,0.113,0.00255620623374125
750,875,125,0.125,0.0025987977219047026
756,878,122,0.122,0.002644465141755063
774,887,113,0.113,0.002560578689968679
758,879,121,0.121,0.0026689699176931756
694,847,153,0.153,0.0026994989492814055
756,878,122,0.122,0.002653437678760383
744,872,128,0.128,0.0025353939443011767
714,857,143,0.143,0.0025614470680011435
678,839,161,0.161,0.002574872621858958
690,845,155,0.155,0.0025853428513510153
730,865,135,0.135,0.0024723445977433583
760,880,120,0.12,0.00245909949275665
766,883,117,0.117,0.0024469234566786326
716,858,142,0.142,0.0024631244483753105
760,880,120,0.12,0.0023921621291083284
698,849,151,0.151,0.0024912362485774793
720,860,140,0.14,0.002415000562730711
740,870,130,0.13,0.002427408320014365
744,872,128,0.128,0.0023882153077283874
700,850,150,0.15,0.0024883216684684155
784,892,108,0.108,0.0023149696594337
748,874,126,0.126,0.002395105272647925
772,886,114,0.114,0.0022775629924144595
716,858,142,0.142,0.0023324934238917196
776,888,112,0.112,0.0022108369081979616
766,883,117,0.117,0.0022705692763556728
712,856,144,0.144,0.0022843575475853866
726,863,137,0.137,0.0022819148414419035
738,869,131,0.131,0.002192161214770749
718,859,141,0.141,0.002231687699269969
728,864,136,0.136,0.002266845890437253
748,874,126,0.126,0.002254295942548197
746,873,127,0.127,0.0022699324098648505
710,855,145,0.145,0.002211310390441213
680,840,160,0.16,0.0022747092166682703
736,868,132,0.132,0.002264088342722971
724,862,138,0.138,0.0022478227581596002
712,856,144,0.144,0.0023242732717772014
752,876,124,0.124,0.002331602415186353
754,877,123,0.123,0.0023950255863019266
742,871,129,0.129,0.0024230918434332126
710,855,145,0.145,0.0025339871834148655
716,858,142,0.142,0.002480074769991916
764,882,118,0.118,0.0024365581349120474
714,857,143,0.143,0.00249069140892243
702,851,149,0.149,0.0025805604670313185
730,865,135,0.135,0.0025110352009069174
728,864,136,0.136,0.002502794358646497
736,868,132,0.132,0.0025184422902530057
764,882,118,0.118,0.002499750796298031
742,871,129,0.129,0.0025154287277837284
708,854,146,0.146,0.0025695304162800313
774,887,113,0.113,0.002440945371694397
752,876,124,0.124,0.0024084498942247594
730,865,135,0.135,0.002382400612346828
722,861,139,0.139,0.0024303688227082605
698,849,151,0.151,0.002332743269857019
760,880,120,0.12,0.002285498791083228
750,875,125,0.125,0.0022614053973229603
762,881,119,0.119,0.002243956836522557
726,863,137,0.137,0.0023420642560231498
768,884,116,0.116,0.0022340985622722655
688,844,156,0.156,0.002301576106867287
758,879,121,0.121,0.0022482118271873333
800,900,100,0.1,0.0021450717507395895
734,867,133,0.133,0.002225088101462461
736,868,132,0.132,0.002232781309983693
700,850,150,0.15,0.0022834281872492284
770,885,115,0.115,0.0022081726311589593
730,865,135,0.135,0.0022505582274170593
722,861,139,0.139,0.002210365986218676
746,873,127,0.127,0.002131196532573085
692,846,154,0.154,0.002229288163711317
756,878,122,0.122,0.002108044315187726
732,866,134,0.134,0.0021404014638392254
722,861,139,0.139,0.002109398996166419
766,883,117,0.117,0.002022224435408134
688,844,156,0.156,0.0021690669145900754
728,864,136,0.136,0.0020824429289205
728,864,136,0.136,0.002131562527792994
700,850,150,0.15,0.0021849165721214378
700,850,150,0.15,0.002202288394793868
748,874,126,0.126,0.0021535988401737995
776,888,112,0.112,0.002206932719796896
710,855,145,0.145,0.0023692465286003425
710,855,145,0.145,0.002368277104746085
736,868,132,0.132,0.002362676779390313
706,853,147,0.147,0.0023547551051597113
716,858,142,0.142,0.002450829588982742
776,888,112,0.112,0.0023166231453069486
714,857,143,0.143,0.0024494677676120775
782,891,109,0.109,0.002402416777680628
744,872,128,0.128,0.0024511159220710396
714,857,143,0.143,0.002474036453932058
708,854,146,0.146,0.0024969508253852835
768,884,116,0.116,0.002370194640243426
696,848,152,0.152,0.002453675812401343
758,879,121,0.121,0.0023649900089367294
722,861,139,0.139,0.0023946526433574035
688,844,156,0.156,0.002424572922405787
734,867,133,0.133,0.0023625209316378458
724,862,138,0.138,0.0024052658182336017
692,846,154,0.154,0.0024811771619715726
720,860,140,0.14,0.002421212910616305
710,855,145,0.145,0.0024888975450885484
732,866,134,0.134,0.002475788913667202
692,846,154,0.154,0.0025753922350122594
722,861,139,0.139,0.0025424183349241503
700,850,150,0.15,0.002575424138922244
756,878,122,0.122,0.0025023480769596064
736,868,132,0.132,0.0025375816078740173
708,854,146,0.146,0.0026394300448591822
706,853,147,0.147,0.0025671197136980482
754,877,123,0.123,0.0025670476056402548
684,842,158,0.158,0.002658573208900634
772,886,114,0.114,0.0024737063653301446
706,853,147,0.147,0.002678121353965253
726,863,137,0.137,0.0026116769367363303
668,834,166,0.166,0.002719255439878907
736,868,132,0.132,0.0026160163303720766
760,880,120,0.12,0.0025577546909335068
696,848,152,0.152,0.0026753383118775674
720,860,140,0.14,0.0026190966145368294
736,868,132,0.132,0.002567828298837412
724,862,138,0.138,0.0026405235402053224
760,880,120,0.12,0.0026252880996908063
724,862,138,0.138,0.002712216204032302
752,876,124,0.124,0.002651572090864647
688,844,156,0.156,0.0024941243021166883
740,870,130,0.13,0.00255366003443487
780,890,110,0.11,0.002526177660736721
718,859,141,0.141,0.002557338789280038
702,851,149,0.149,0.0025067062295856886
742,871,129,0.129,0.0024596980721689763
764,882,118,0.118,0.0023630197733291425
698,849,151,0.151,0.002393694914528169
736,868,132,0.132,0.0022640399689553307
752,876,124,0.124,0.002260508751438465
740,870,130,0.13,0.002299130093655549
706,853,147,0.147,0.00231727521418361
690,845,155,0.155,0.002363908587372862
786,893,107,0.107,0.002152720014040824
730,865,135,0.135,0.00222493247280363
770,885,115,0.115,0.0022215650547877885
686,843,157,0.157,0.0021775636489037424
690,845,155,0.155,0.002177974798134528
750,875,125,0.125,0.002141987685172353
780,890,110,0.11,0.0021542454228620045
726,863,137,0.137,0.0022697786502540113
738,869,131,0.131,0.0021510648694238626
696,848,152,0.152,0.0022222711924114263
712,856,144,0.144,0.0021482609850354494
740,870,130,0.13,0.002141257185139693
748,874,126,0.126,0.0020994885070831516
744,872,128,0.128,0.002178780069749337
724,862,138,0.138,0.0022008238072739913
726,863,137,0.137,0.0022096156709594653
752,876,124,0.124,0.002215948199911509
756,878,122,0.122,0.0022178681446239352
732,866,134,0.134,0.002243208971689455
744,872,128,0.128,0.002215817995253019
706,853,147,0.147,0.002282612692739349
712,856,144,0.144,0.002275664883258287
734,867,133,0.133,0.002262839879782405
696,848,152,0.152,0.002292910553631373
716,858,142,0.142,0.0022227208676049485
786,893,107,0.107,0.0021814433538820594
756,878,122,0.122,0.0021978482567938046
772,886,114,0.114,0.0021820643089013173
758,879,121,0.121,0.002151636077556759
750,875,125,0.125,0.002192528648476582
718,859,141,0.141,0.002223574151052162
692,846,154,0.154,0.002223934663226828
736,868,132,0.132,0.0021859116346458905
770,885,115,0.115,0.002124371077690739
748,874,126,0.126,0.002197136401257012
716,858,142,0.142,0.002289168937772047
752,876,124,0.124,0.0022186234008404427
716,858,142,0.142,0.0022133908311952836
754,877,123,0.123,0.0022302719089202583
748,874,126,0.126,0.0021635455191717484
736,868,132,0.132,0.0022870835732901468
746,873,127,0.127,0.002249599931004923
760,880,120,0.12,0.002258308793883771
786,893,107,0.107,0.0022448716054204853
716,858,142,0.142,0.0023436456502531657
740,870,130,0.13,0.0023166103325784207
732,866,134,0.134,0.0023161895215162076
722,861,139,0.139,0.002280766247655265
754,877,123,0.123,0.002287341483635828
706,853,147,0.147,0.0023270910175633617
742,871,129,0.129,0.0022657095587346704
732,866,134,0.134,0.002313719028723426
670,835,165,0.165,0.002332263055606745
706,853,147,0.147,0.0022577261738479138
722,861,139,0.139,0.0023129287387710063
766,883,117,0.117,0.0022482019321178087
726,863,137,0.137,0.0022994606315041894
760,880,120,0.12,0.0023633982659084724
756,878,122,0.122,0.002312767390569206
782,891,109,0.109,0.00227896494907327
730,865,135,0.135,0.0023198291133739984
738,869,131,0.131,0.002390184831339866
752,876,124,0.124,0.0024087673548492602
696,848,152,0.152,0.0024249960543820635
786,893,107,0.107,0.002340647992386948
776,888,112,0.112,0.0023263582391664385
716,858,142,0.142,0.002373697561735753
724,862,138,0.138,0.0023819603073061443
724,862,138,0.138,0.0023859911542385816
718,859,141,0.141,0.0023754679763223975
710,855,145,0.145,0.002304606754274573
696,848,152,0.152,0.002404937552870251
734,867,133,0.133,0.002421874092309736
706,853,147,0.147,0.0024312887821579354
762,881,119,0.119,0.0023552516988711433
712,856,144,0.144,0.002455672048788983
766,883,117,0.117,0.0023680344017338937
712,856,144,0.144,0.0025092590788262895
750,875,125,0.125,0.0025043565178057177
776,888,112,0.112,0.0025087814395665193
762,881,119,0.119,0.0025322983880178072
678,839,161,0.161,0.002642094422597438
716,858,142,0.142,0.002526495102094486
740,870,130,0.13,0.0025581626099301503
720,860,140,0.14,0.0025832967188907786
788,894,106,0.106,0.002466402552847285
766,883,117,0.117,0.0025305155970272606
722,861,139,0.139,0.0025997643010341564
750,875,125,0.125,0.0025305028085713275
704,852,148,0.148,0.002582910399825778
794,897,103,0.103,0.0024087772618513552
768,884,116,0.116,0.0024069914338178933
660,830,170,0.17,0.0024501485619111917
708,854,146,0.146,0.0025283216354437172
710,855,145,0.145,0.0024538319920538927
712,856,144,0.144,0.0025489126697648317
676,838,162,0.162,0.0025653026932268403
672,836,164,0.164,0.0026384238670580087
750,875,125,0.125,0.002550078902684618
694,847,153,0.153,0.0026917916720267383
732,866,134,0.134,0.0027899473380530253
728,864,136,0.136,0.002794008699944243
724,862,138,0.138,0.0028195699186762796
774,887,113,0.113,0.0028624019350972957
754,877,123,0.123,0.002896342924970668
716,858,142,0.142,0.003001454850425944
766,883,117,0.117,0.002912423241417855
740,870,130,0.13,0.0029678048737114297
764,882,118,0.118,0.0028930677053285764
688,844,156,0.156,0.0029446489779511465
766,883,117,0.117,0.002881676002929453
740,870,130,0.13,0.0029405482274596577
704,852,148,0.148,0.002755895093665458
694,847,153,0.153,0.0027844033910077995
706,853,147,0.147,0.002695547097013332
686,843,157,0.157,0.002816016666882206
712,856,144,0.144,0.002639062932576053
698,849,151,0.151,0.0026875549638061785
776,888,112,0.112,0.00261634765076451
712,856,144,0.144,0.002686258776811883
756,878,122,0.122,0.0025457583109964616
758,879,121,0.121,0.0025001000994816424
730,865,135,0.135,0.0026341822551912628
760,880,120,0.12,0.0024201363474712708
768,884,116,0.116,0.0025340125699876807
754,877,123,0.123,0.0024765977800125256
762,881,119,0.119,0.0023220249366713687
704,852,148,0.148,0.002346056151611265
690,845,155,0.155,0.002335992169799283
748,874,126,0.126,0.002273732818022836
754,877,123,0.123,0.002211611851293128
712,856,144,0.144,0.0023184564762632363
724,862,138,0.138,0.002278409692691639
716,858,142,0.142,0.002296327679709066
716,858,142,0.142,0.0023169022790971213
746,873,127,0.127,0.0024077717300388032
680,840,160,0.16,0.0024242131853243337
742,871,129,0.129,0.0024664463853114283
762,881,119,0.119,0.0023477908589993606
754,877,123,0.123,0.002412265064602252
678,839,161,0.161,0.0025355570833780804
692,846,154,0.154,0.0025681795629207043
696,848,152,0.152,0.0026811694678617643
680,840,160,0.16,0.002670436670887284
734,867,133,0.133,0.0026054615549510347
704,852,148,0.148,0.0025999624456744643
682,841,159,0.159,0.0027213089183787814
754,877,123,0.123,0.0025797275505028664
650,825,175,0.175,0.0028523316159844397
736,868,132,0.132,0.002814209002186544
774,887,113,0.113,0.002802880313829519
648,824,176,0.176,0.0029428115986520425
682,841,159,0.159,0.002839668135449756
720,860,140,0.14,0.0028339625597000122
770,885,115,0.115,0.0028069759500212966
746,873,127,0.127,0.0028596223819768057
664,832,168,0.168,0.002966858674190007
678,839,161,0.161,0.002833002569503151
740,870,130,0.13,0.002727428746991791
686,843,157,0.157,0.002860373756615445
720,860,140,0.14,0.0027624800403718837
748,874,126,0.126,0.0028211849313811398
734,867,133,0.133,0.002722057712264359
730,865,135,0.135,0.0027292266730219125
718,859,141,0.141,0.002700321993441321
788,894,106,0.106,0.0025174390424508603
752,876,124,0.124,0.0025963699900894426
748,874,126,0.126,0.0025292328240466306
770,885,115,0.115,0.002474945199501235
720,860,140,0.14,0.0025531072783633135
770,885,115,0.115,0.0024005751778604463
710,855,145,0.145,0.0023112956284894607
730,865,135,0.135,0.002109924989868887
792,896,104,0.104,0.002012710930954199
758,879,121,0.121,0.002009337757306639
734,867,133,0.133,0.0019657260119565765
732,866,134,0.134,0.0019001509367953986
740,870,130,0.13,0.0018327325452701189
726,863,137,0.137,0.0017579891267814674
712,856,144,0.144,0.001793888991815038
754,877,123,0.123,0.0016799350274377502
712,856,144,0.144,0.0017600111654610374
704,852,148,0.148,0.001762990546238143
752,876,124,0.124,0.0017182993112364784
728,864,136,0.136,0.0017800362922134809
750,875,125,0.125,0.0017817877740599216
736,868,132,0.132,0.0018019007590482942
758,879,121,0.121,0.0018368725241161882
810,905,95,0.095,0.0017841187258600256
726,863,137,0.137,0.0018901672439533286
722,861,139,0.139,0.001876499978476204
708,854,146,0.146,0.0018787530468543992
772,886,114,0.114,0.0018301833153818734
668,834,166,0.166,0.0019588344329677055
686,843,157,0.157,0.0019370459589117671
690,845,155,0.155,0.0020142012079595586
718,859,141,0.141,0.0019006138159893453
728,864,136,0.136,0.0019054581715608947
782,891,109,0.109,0.001872969827381894
706,853,147,0.147,0.0019426723806536756
730,865,135,0.135,0.0019748450703336857
720,860,140,0.14,0.0019682099090423434
738,869,131,0.131,0.002076108766021207
718,859,141,0.141,0.002068529173149727
788,894,106,0.106,0.001955973346484825
724,862,138,0.138,0.002080451825459022
778,889,111,0.111,0.002044852249324322
712,856,144,0.144,0.002056899714458268
784,892,108,0.108,0.002015332910930738
728,864,136,0.136,0.0020505655803135596
742,871,129,0.129,0.0019963944805786015
722,861,139,0.139,0.002076759575458709
734,867,133,0.133,0.0019884198411018587
744,872,128,0.128,0.0020469747814931905
722,861,139,0.139,0.0020167536081280558
778,889,111,0.111,0.001925360925786663
742,871,129,0.129,0.001970899961597752
770,885,115,0.115,0.001889014569693245
732,866,134,0.134,0.001975396368186921
766,883,117,0.117,0.0019121937862364576
786,893,107,0.107,0.0019304695303435438
754,877,123,0.123,0.0018764720751787535
734,867,133,0.133,0.001945695829577744
722,861,139,0.139,0.0019216731664491817
708,854,146,0.146,0.001823397537402343
746,873,127,0.127,0.001793471519893501
698,849,151,0.151,0.00188897923741024
776,888,112,0.112,0.0017310547269298695
762,881,119,0.119,0.0017212362198042682
696,848,152,0.152,0.001865632360044401
764,882,118,0.118,0.001756208548496943
710,855,145,0.145,0.0018133655118290335
766,883,117,0.117,0.0017489430015557447
720,860,140,0.14,0.0018192991022369825
706,853,147,0.147,0.001792907032824587
716,858,142,0.142,0.0018433764345245436
714,857,143,0.143,0.0018413679862278513
728,864,136,0.136,0.00185943041293649
714,857,143,0.143,0.0019012405594112352
750,875,125,0.125,0.0018545935963629745
732,866,134,0.134,0.0019808630031184294
742,871,129,0.129,0.00196646138606593
714,857,143,0.143,0.0019370640189154073
738,869,131,0.131,0.0019805139924865215
684,842,158,0.158,0.0020201989275519736
684,842,158,0.158,0.002129556522122584
772,886,114,0.114,0.0019381737455842086
770,885,115,0.115,0.002006536061409861
734,867,133,0.133,0.0020155368114938028
746,873,127,0.127,0.0020158959304681047
738,869,131,0.131,0.002054038814152591
748,874,126,0.126,0.002031206948973704
750,875,125,0.125,0.0019948033070540986
704,852,148,0.148,0.002059027504117694
692,846,154,0.154,0.00207751212985022
740,870,130,0.13,0.0019606321629835294
818,909,91,0.091,0.0018748455817694776
720,860,140,0.14,0.001996646951884031
732,866,134,0.134,0.001921898064261768
704,852,148,0.148,0.0019934566946467384
726,863,137,0.137,0.0019483368177898228
690,845,155,0.155,0.0019425580630777403
788,894,106,0.106,0.0018265372890164144
762,881,119,0.119,0.001876028589787893
746,873,127,0.127,0.001858657497446984
696,848,152,0.152,0.0018902789472485893
748,874,126,0.126,0.0018613175152568146
694,847,153,0.153,0.0019028861046535895
750,875,125,0.125,0.0018192354344646446
694,847,153,0.153,0.0018128379338304512
722,861,139,0.139,0.0017838470204733312
730,865,135,0.135,0.0017689565239124932
794,897,103,0.103,0.0016357642526854761
634,817,183,0.183,0.0018504504762240687
784,892,108,0.108,0.00169610888347961
750,875,125,0.125,0.0017107778174104168
720,860,140,0.14,0.0017846287999418564
742,871,129,0.129,0.0017663596537313424
802,901,99,0.099,0.0016856339134392329
748,874,126,0.126,0.0017457429759087971
724,862,138,0.138,0.0017368144381907768
740,870,130,0.13,0.0017049499301356264
706,853,147,0.147,0.0017210773939732463
734,867,133,0.133,0.001725329014705494
778,889,111,0.111,0.0016810615014983341
728,864,136,0.136,0.0017381252236082219
712,856,144,0.144,0.0017342592721688562
718,859,141,0.141,0.0017596342264441774
718,859,141,0.141,0.0017333555767545476
792,896,104,0.104,0.0016860754712834023
728,864,136,0.136,0.0017704397272318602
760,880,120,0.12,0.0017474083944107406
732,866,134,0.134,0.001715329135011416
700,850,150,0.15,0.0018372996439575218
712,856,144,0.144,0.0018985019902465865
678,839,161,0.161,0.001874398383020889
708,854,146,0.146,0.0018636440537520684
772,886,114,0.114,0.0018223952125408687
728,864,136,0.136,0.0018663876914652064
760,880,120,0.12,0.0018177866936312057
724,862,138,0.138,0.00194210799789289
718,859,141,0.141,0.0019126790146692656
708,854,146,0.146,0.00193158540019067
758,879,121,0.121,0.0018646132803987713
752,876,124,0.124,0.0018789229239337146
756,878,122,0.122,0.0018342976178973914
708,854,146,0.146,0.001889511816436425
700,850,150,0.15,0.0018790598252089695
732,866,134,0.134,0.0018942888163146563
716,858,142,0.142,0.0019273757233168
734,867,133,0.133,0.0018068143298150972
746,873,127,0.127,0.0018670778802479617
688,844,156,0.156,0.001997879643982742
682,841,159,0.159,0.002023788865539245
764,882,118,0.118,0.001896591907076072
706,853,147,0.147,0.002043631590844598
780,890,110,0.11,0.0019138083365978673
718,859,141,0.141,0.0019776565963984466
666,833,167,0.167,0.0020982531487825327
748,874,126,0.126,0.001974367913324386
770,885,115,0.115,0.0020559254398103805
684,842,158,0.158,0.0022131576670799406
704,852,148,0.148,0.002201917127065826
730,865,135,0.135,0.0021887947272625752
664,832,168,0.168,0.0022820339383906683
752,876,124,0.124,0.0021735070252907464
756,878,122,0.122,0.0021864496498019436
740,870,130,0.13,0.00220461273600813
792,896,104,0.104,0.002148206093290355
746,873,127,0.127,0.0022194165812106804
726,863,137,0.137,0.002178339333680924
748,874,126,0.126,0.002168134928855579
730,865,135,0.135,0.002113026087929029
736,868,132,0.132,0.0020487687980057672
732,866,134,0.134,0.001953846910444554
770,885,115,0.115,0.0019804511546390132
730,865,135,0.135,0.001992476937826723
770,885,115,0.115,0.0018818521914654412
658,829,171,0.171,0.0019587960022618063
734,867,133,0.133,0.0018102943130943459
754,877,123,0.123,0.0018437914082314818
734,867,133,0.133,0.001791394073923584
696,848,152,0.152,0.0018391764899133704
742,871,129,0.129,0.001868900976201985
752,876,124,0.124,0.0017311471714347136
740,870,130,0.13,0.0018061826904304326
760,880,120,0.12,0.001778574638068676
778,889,111,0.111,0.0017150816703797318
690,845,155,0.155,0.001831015324278269
710,855,145,0.145,0.0018046542452648281
742,871,129,0.129,0.0018034828957170248
760,880,120,0.12,0.0017695831415476277
762,881,119,0.119,0.0017570944734034129
706,853,147,0.147,0.0018402484544203616
730,865,135,0.135,0.0018202036922448314
688,844,156,0.156,0.001874553261033725
762,881,119,0.119,0.0018054510795045644
710,855,145,0.145,0.001868161773250904
774,887,113,0.113,0.0017783802767517044
748,874,126,0.126,0.0018090863020042889
712,856,144,0.144,0.0018763045929954386
712,856,144,0.144,0.0019054135325714014
770,885,115,0.115,0.0017927149057504722
746,873,127,0.127,0.0018567624992574564
670,835,165,0.165,0.00197584387450479
762,881,119,0.119,0.0018483016442041845
726,863,137,0.137,0.0019031426090514287
724,862,138,0.138,0.001902519859955646
776,888,112,0.112,0.0018023803828982636
696,848,152,0.152,0.0019600854656891898
740,870,130,0.13,0.001909932207025122
718,859,141,0.141,0.0019565435510594397
714,857,143,0.143,0.00197295444883639
746,873,127,0.127,0.0019810248996363954
780,890,110,0.11,0.0018861390871461482
726,863,137,0.137,0.001997659830376506
716,858,142,0.142,0.0020364566202042624
696,848,152,0.152,0.0020629902448272334
718,859,141,0.141,0.0020387416903977283
710,855,145,0.145,0.0020204945299774407
738,869,131,0.131,0.002008886909345165
708,854,146,0.146,0.002026351530337706
776,888,112,0.112,0.0019803042666171676
698,849,151,0.151,0.0020459575122804383
734,867,133,0.133,0.0020313844436313957
750,875,125,0.125,0.002029992858704645
782,891,109,0.109,0.0019976241157273764
692,846,154,0.154,0.0021333649745211005
748,874,126,0.126,0.0021082952040596863
766,883,117,0.117,0.0020570783974253573
736,868,132,0.132,0.0020385093134245836
718,859,141,0.141,0.0020155576218967327
740,870,130,0.13,0.0020104831737698986
720,860,140,0.14,0.001987990919442382
668,834,166,0.166,0.0020905125972931274
744,872,128,0.128,0.0019623507127398626
740,870,130,0.13,0.0019740382847958245
752,876,124,0.124,0.001974611451907549
740,870,130,0.13,0.0019764218856580555
738,869,131,0.131,0.0020018158257589674
736,868,132,0.132,0.002014190143265296
736,868,132,0.132,0.0019274870140652638
778,889,111,0.111,0.0018434088994399645
762,881,119,0.119,0.0018719951746170409
716,858,142,0.142,0.0019035144784138537
730,865,135,0.135,0.0018791967537836172
784,892,108,0.108,0.0018356468036072329
744,872,128,0.128,0.0018281995127908885
702,851,149,0.149,0.0018475610322202555
740,870,130,0.13,0.00187294912757352
684,842,158,0.158,0.0019400547077530065
690,845,155,0.155,0.0019199748755199834
704,852,148,0.148,0.0018927280897041783
782,891,109,0.109,0.0018409032406634651
752,876,124,0.124,0.00184674353513401
802,901,99,0.099,0.0017929842081211972
690,845,155,0.155,0.0019534345443826167
800,900,100,0.1,0.001814493864425458
768,884,116,0.116,0.0018899221087340266
760,880,120,0.12,0.0018241352345212364
682,841,159,0.159,0.0018770880827796645
724,862,138,0.138,0.001744134448177647
738,869,131,0.131,0.001793474213744048
742,871,129,0.129,0.0017300014522043056
774,887,113,0.113,0.0016975791816366836
738,869,131,0.131,0.0017755978975910692
720,860,140,0.14,0.0017347782024298795
716,858,142,0.142,0.0017549972671549766
732,866,134,0.134,0.0017117367963655852
742,871,129,0.129,0.0017754549885867163
696,848,152,0.152,0.0018353837693575769
748,874,126,0.126,0.0017860571328783407
812,906,94,0.094,0.0016820431892410853
750,875,125,0.125,0.0017591438821691553
758,879,121,0.121,0.0017695538066327572
742,871,129,0.129,0.0018790920120081865
764,882,118,0.118,0.0017502552964142523
726,863,137,0.137,0.0018489255238091573
688,844,156,0.156,0.0019168107833829708
692,846,154,0.154,0.0019212788279983216
752,876,124,0.124,0.001896308665513061
712,856,144,0.144,0.0019613419838715343
732,866,134,0.134,0.0019182390835485422
696,848,152,0.152,0.002072727079561446
688,844,156,0.156,0.002021743778663222
742,871,129,0.129,0.0020935158971697094
780,890,110,0.11,0.0020154689623741433
730,865,135,0.135,0.0021177991894073783
730,865,135,0.135,0.002141112700861413
724,862,138,0.138,0.0021818723768228664
726,863,137,0.137,0.0022430320538696833
690,845,155,0.155,0.0023168509931419975
712,856,144,0.144,0.0022778412170591763
786,893,107,0.107,0.002162349261925556
758,879,121,0.121,0.002203332140517887
788,894,106,0.106,0.0021793888624524697
714,857,143,0.143,0.002263106078724377
738,869,131,0.131,0.0022417130888206884
744,872,128,0.128,0.0021888970699510536
702,851,149,0.149,0.002187045302882325
756,878,122,0.122,0.0021059055606019684
728,864,136,0.136,0.0021063920946326107
762,881,119,0.119,0.002069041104288772
742,871,129,0.129,0.00196456733479863
732,866,134,0.134,0.0019749898043228313
750,875,125,0.125,0.0019477733971434645
706,853,147,0.147,0.0019637228654464708
696,848,152,0.152,0.001975291614769958
728,864,136,0.136,0.001913379452540539
752,876,124,0.124,0.001829492868098896
704,852,148,0.148,0.0019564932929351927
734,867,133,0.133,0.0019262440669117495
716,858,142,0.142,0.001962287023314275
694,847,153,0.153,0.0019676997868809847
710,855,145,0.145,0.0020032718792790546
766,883,117,0.117,0.0018830880772438832
774,887,113,0.113,0.0019072836177656427
734,867,133,0.133,0.0020369791338453068
684,842,158,0.158,0.0020327078377013093
730,865,135,0.135,0.0020231169687467626
718,859,141,0.141,0.0020293417015927843
738,869,131,0.131,0.001974851551349275
706,853,147,0.147,0.001969390169135295
718,859,141,0.141,0.0019739601450273767
758,879,121,0.121,0.0019293959062197245
736,868,132,0.132,0.0019481061152182518
776,888,112,0.112,0.001875367010536138
722,861,139,0.139,0.001964950862398837
696,848,152,0.152,0.0020421587451710365
718,859,141,0.141,0.0020213402938679794
728,864,136,0.136,0.0020538360327482224
774,887,113,0.113,0.0019819695115438664
710,855,145,0.145,0.0020378034316236152
720,860,140,0.14,0.0020654551060288215
698,849,151,0.151,0.0020953590433928186
772,886,114,0.114,0.0020754750184714794
672,836,164,0.164,0.0021657696988550013
708,854,146,0.146,0.0021321483406354673
742,871,129,0.129,0.0021283831302425825
756,878,122,0.122,0.0020744446917669848
704,852,148,0.148,0.002122815671027638
730,865,135,0.135,0.0020957499009091407
678,839,161,0.161,0.002119412947096862
750,875,125,0.125,0.001993548580154311
778,889,111,0.111,0.0020324122584424913
700,850,150,0.15,0.0021477115367306396
750,875,125,0.125,0.002020764385466464
704,852,148,0.148,0.002105205822386779
666,833,167,0.167,0.0021622027223929764
776,888,112,0.112,0.0020619538095779716
768,884,116,0.116,0.0020335127055004705
714,857,143,0.143,0.0020778938761213794
708,854,146,0.146,0.0020538176167756318
756,878,122,0.122,0.0020364760292577557
694,847,153,0.153,0.0021175551884225568
772,886,114,0.114,0.002015411636850331
742,871,129,0.129,0.0020242127637029625
744,872,128,0.128,0.0019736565530183727
742,871,129,0.129,0.0019258876519743352
692,846,154,0.154,0.0019734948762925343
724,862,138,0.138,0.0019483745975303463
764,882,118,0.118,0.0019157538581639527
740,870,130,0.13,0.0019702025992446577
712,856,144,0.144,0.0019227032050839626
720,860,140,0.14,0.001840457079699263
716,858,142,0.142,0.0019428868253598922
732,866,134,0.134,0.0018833665525889956
700,850,150,0.15,0.001886412481428124
754,877,123,0.123,0.0018724503940320573
760,880,120,0.12,0.0018397524578031153
752,876,124,0.124,0.001819826995197218
722,861,139,0.139,0.0018706983944866806
664,832,168,0.168,0.0019116181704448537
746,873,127,0.127,0.0018485962474369443
662,831,169,0.169,0.0019282957147806882
744,872,128,0.128,0.0018003742867731488
742,871,129,0.129,0.0018655378859257325
778,889,111,0.111,0.0018702282031881623
770,885,115,0.115,0.0018511960040777922
744,872,128,0.128,0.0019467609862913377
714,857,143,0.143,0.0019767103338381277
730,865,135,0.135,0.0019637496721115894
690,845,155,0.155,0.0019405327530112118
730,865,135,0.135,0.0019690235109301284
662,831,169,0.169,0.0020281336180632934
726,863,137,0.137,0.001992941255623009
784,892,108,0.108,0.0019691512498538942
696,848,152,0.152,0.0020092127990210427
728,864,136,0.136,0.002016616485430859
724,862,138,0.138,0.0020480893171043136
738,869,131,0.131,0.002053303583932575
752,876,124,0.124,0.002006589113676455
768,884,116,0.116,0.0020177417892264203
758,879,121,0.121,0.001977636549738236
680,840,160,0.16,0.002171564674878027
706,853,147,0.147,0.0021264949729084036
772,886,114,0.114,0.002058885859209113
734,867,133,0.133,0.0021199700962752106
678,839,161,0.161,0.002148432325513568
774,887,113,0.113,0.002044586143398192
722,861,139,0.139,0.0021465664809802547
732,866,134,0.134,0.002074873022560496
706,853,147,0.147,0.0020855742698186078
728,864,136,0.136,0.0020536569799878635
686,843,157,0.157,0.0021360854301601647
756,878,122,0.122,0.001987003004818689
740,870,130,0.13,0.0019968354973825624
746,873,127,0.127,0.0020513069306034594
710,855,145,0.145,0.002067902793409303
768,884,116,0.116,0.001985036870057229
796,898,102,0.102,0.0019211884082760663
732,866,134,0.134,0.0020072245139745063
744,872,128,0.128,0.001993716600642074
736,868,132,0.132,0.001947904961416498
742,871,129,0.129,0.002004476578324102
698,849,151,0.151,0.001961716419318691
692,846,154,0.154,0.002033664258313365
688,844,156,0.156,0.002071111279190518
732,866,134,0.134,0.002000830281060189
700,850,150,0.15,0.0020693288485636005
710,855,145,0.145,0.002098863305291161
792,896,104,0.104,0.0019380639235023409
690,845,155,0.155,0.002092437325918581
768,884,116,0.116,0.0020270351527724413
766,883,117,0.117,0.0020331212150049398
698,849,151,0.151,0.002135907412855886
704,852,148,0.148,0.0020841820330824703
678,839,161,0.161,0.0021373977733310312
742,871,129,0.129,0.0020367611951660363
688,844,156,0.156,0.00214576443930855
748,874,126,0.126,0.00211909375427058
704,852,148,0.148,0.0021339616567711346
746,873,127,0.127,0.0021175912496983074
758,879,121,0.121,0.002201822102593724
740,870,130,0.13,0.002271674180403352
738,869,131,0.131,0.0021865977770648896
702,851,149,0.149,0.0022648610494798048
728,864,136,0.136,0.002241720475780312
722,861,139,0.139,0.002237603115616366
710,855,145,0.145,0.0022254498460097237
788,894,106,0.106,0.002244265694345813
714,857,143,0.143,0.0021909895338467324
718,859,141,0.141,0.0022246858011349103
730,865,135,0.135,0.002209112907119561
724,862,138,0.138,0.0021710315847303717
742,871,129,0.129,0.002172412191168405
758,879,121,0.121,0.0020356713294168004
698,849,151,0.151,0.0021426245200564156
752,876,124,0.124,0.002050274424953386
720,860,140,0.14,0.0020446126610040665
752,876,124,0.124,0.002012589689868037
708,854,146,0.146,0.002173094699188368
730,865,135,0.135,0.00201192075049039
786,893,107,0.107,0.0019788521923474038
742,871,129,0.129,0.001953143704973627
768,884,116,0.116,0.0019725556519115343
700,850,150,0.15,0.0020066406251862644
686,843,157,0.157,0.0020986742044915444
754,877,123,0.123,0.0020058590803528203
726,863,137,0.137,0.0020452942001866177
672,836,164,0.164,0.0021413898751488887
726,863,137,0.137,0.0021217450549593196
786,893,107,0.107,0.002110225417825859
704,852,148,0.148,0.0022129307824070563
766,883,117,0.117,0.002228176806063857
702,851,149,0.149,0.002202413853316102
752,876,124,0.124,0.00224712963035563
788,894,106,0.106,0.0022038517618202602
728,864,136,0.136,0.002192706408270169
760,880,120,0.12,0.002189870019792579
690,845,155,0.155,0.0022700644206488504
730,865,135,0.135,0.00216432574368082
740,870,130,0.13,0.0022038793387473563
720,860,140,0.14,0.0021455215740716085
692,846,154,0.154,0.0022470828464720397
712,856,144,0.144,0.0022104063226724975
724,862,138,0.138,0.0021312858267338013
684,842,158,0.158,0.002212657542724628
770,885,115,0.115,0.0021338958100532183
770,885,115,0.115,0.002127931505732704
754,877,123,0.123,0.0021943940530181863
726,863,137,0.137,0.002289525172789581
752,876,124,0.124,0.002162981293455232
768,884,116,0.116,0.0021946625973214397
752,876,124,0.124,0.002212621323647909
732,866,134,0.134,0.0021588544010883197
702,851,149,0.149,0.002261923308717087
730,865,135,0.135,0.00226452870934736
690,845,155,0.155,0.002254724443948362
702,851,149,0.149,0.0022717031786451116
736,868,132,0.132,0.002326365071465261
716,858,142,0.142,0.0022755224553402515
724,862,138,0.138,0.002362284032336902
718,859,141,0.141,0.0023266516213188877
728,864,136,0.136,0.0023634464120841584
768,884,116,0.116,0.002265477110107895
798,899,101,0.101,0.002241965077351779
728,864,136,0.136,0.002339811417972669
710,855,145,0.145,0.002341667143336963
772,886,114,0.114,0.002289599766256288
718,859,141,0.141,0.0023250252651050686
712,856,144,0.144,0.0023465166313108056
712,856,144,0.144,0.002321598998969421
650,825,175,0.175,0.002495384288544301
750,875,125,0.125,0.0022960640133824197
754,877,123,0.123,0.0023002850211341864
742,871,129,0.129,0.002313306210038718
756,878,122,0.122,0.0023547177147120236
758,879,121,0.121,0.0023378549594199284
764,882,118,0.118,0.0024409511794219723
756,878,122,0.122,0.002342070225684438
662,831,169,0.169,0.002548970140866004
720,860,140,0.14,0.0024189402474439703
724,862,138,0.138,0.002429420825152192
772,886,114,0.114,0.002390445761848241
730,865,135,0.135,0.0024786253578495234
758,879,121,0.121,0.002464778793626465
720,860,140,0.14,0.002496311631577555
690,845,155,0.155,0.0026259202939108947
702,851,149,0.149,0.002594932614942081
770,885,115,0.115,0.002514349086326547
762,881,119,0.119,0.002527821118652355
750,875,125,0.125,0.0025103004078846423
718,859,141,0.141,0.0024721502487082036
792,896,104,0.104,0.0024148220504866913
764,882,118,0.118,0.002427866710931994
684,842,158,0.158,0.0024798171079019084
672,836,164,0.164,0.002533537155366503
704,852,148,0.148,0.00253446198644815
764,882,118,0.118,0.0024182619970524685
764,882,118,0.118,0.0023899398968205785
722,861,139,0.139,0.0024572332397219724
732,866,134,0.134,0.002459661350178067
660,830,170,0.17,0.002603555024776142
720,860,140,0.14,0.0025561363375745712
736,868,132,0.132,0.002447706214967184
744,872,128,0.128,0.0024845574873615986
752,876,124,0.124,0.002539282453013584
754,877,123,0.123,0.0025394755075103604
706,853,147,0.147,0.0025408424838096835
702,851,149,0.149,0.002603106421243865
704,852,148,0.148,0.002678443678189069
740,870,130,0.13,0.0026071438568178564
686,843,157,0.157,0.0027265092133893633
694,847,153,0.153,0.0027590559063246476
756,878,122,0.122,0.0026524740398162975
708,854,146,0.146,0.00289568897546269
650,825,175,0.175,0.002945337698154617
674,837,163,0.163,0.0028946471270755864
676,838,162,0.162,0.0030380570500856264
714,857,143,0.143,0.0029134660694980995
740,870,130,0.13,0.002949014185287524
732,866,134,0.134,0.003042282667593099
772,886,114,0.114,0.0029434230361366645
806,903,97,0.097,0.0028572857655817644
700,850,150,0.15,0.0030429316931404175
764,882,118,0.118,0.002937518078251742
752,876,124,0.124,0.0029117352093453517
754,877,123,0.123,0.0029163004137808457
728,864,136,0.136,0.0027174836094491185
738,869,131,0.131,0.0026459702464635484
746,873,127,0.127,0.002578852905018721
676,838,162,0.162,0.002606593584700022
734,867,133,0.133,0.0023605237147421576
748,874,126,0.126,0.002295169777411502
770,885,115,0.115,0.0022473450265824797
756,878,122,0.122,0.0022887512140441686
754,877,123,0.123,0.0021479741095099597
718,859,141,0.141,0.0021709112037788143
748,874,126,0.126,0.0020727737795677966
682,841,159,0.159,0.0021725488894153385
770,885,115,0.115,0.0019958386458456515
740,870,130,0.13,0.00202975305786822
756,878,122,0.122,0.0020163383358158173
720,860,140,0.14,0.002023399801691994
772,886,114,0.114,0.002064898743876256
730,865,135,0.135,0.002048926957708318
716,858,142,0.142,0.0021031091889599338
696,848,152,0.152,0.002151685208955314
714,857,143,0.143,0.0021434276183135807
686,843,157,0.157,0.0021664268400054423
758,879,121,0.121,0.002216602659318596
732,866,134,0.134,0.002268828324158676
762,881,119,0.119,0.0022660431193071416
732,866,134,0.134,0.0024572948826826176
716,858,142,0.142,0.0024706118152244016
776,888,112,0.112,0.0023876549086417074
700,850,150,0.15,0.002464314623095561
706,853,147,0.147,0.0024904533065855505
684,842,158,0.158,0.002582864220952615
776,888,112,0.112,0.002433926782978233
692,846,154,0.154,0.0025838820458739063
736,868,132,0.132,0.002520201572624501
742,871,129,0.129,0.002564362448407337
696,848,152,0.152,0.0026415695756440982
678,839,161,0.161,0.0026598610656801613
748,874,126,0.126,0.0025605421802029015
694,847,153,0.153,0.002680819810426328
720,860,140,0.14,0.0026830458964686842
672,836,164,0.164,0.0027757123851915822
746,873,127,0.127,0.002716362735838629
722,861,139,0.139,0.0028020060471026227
734,867,133,0.133,0.0026845017578452823
728,864,136,0.136,0.0027764137773192486
676,838,162,0.162,0.002828536479559261
766,883,117,0.117,0.0027939314313116482
730,865,135,0.135,0.002777180656848941
752,876,124,0.124,0.0027465197406127116
718,859,141,0.141,0.002724303825118113
786,893,107,0.107,0.002593482886964921
780,890,110,0.11,0.0025794425157364457
796,898,102,0.102,0.0025591033129603604
752,876,124,0.124,0.002635286611097399
756,878,122,0.122,0.0024267705967649816
790,895,105,0.105,0.002372624516894575
740,870,130,0.13,0.0023240582138532775
762,881,119,0.119,0.0022214441191754303
734,867,133,0.133,0.002151250142836943
748,874,126,0.126,0.002119565712288022
794,897,103,0.103,0.0019558417146909052
718,859,141,0.141,0.002050479182682466
808,904,96,0.096,0.0018891402111039497
