log_avg_ept_score,log_avg_succ_req,log_avg_blk_req,log_avg_BP_req,log_avg_entropy
272,636,364,0.364,1.6075299614667893
304,652,348,0.348,1.6075228127241135
268,634,366,0.366,1.6075257736444473
224,612,388,0.388,1.6075219738483428
296,648,352,0.352,1.6074952517747878
296,648,352,0.352,1.6074866386651994
312,656,344,0.344,1.607486521244049
322,661,339,0.339,1.607483069062233
360,680,320,0.32,1.6074150406122207
288,644,356,0.356,1.6073816756010055
308,654,346,0.346,1.6073931369781493
248,624,376,0.376,1.6073805775642396
274,637,363,0.363,1.6072512959241867
264,632,368,0.368,1.607226490497589
258,629,371,0.371,1.6072172907590867
266,633,367,0.367,1.6072249915599823
274,637,363,0.363,1.607080508351326
274,637,363,0.363,1.6070681298971177
242,621,379,0.379,1.6070605574846268
356,678,322,0.322,1.6070559022426605
252,626,374,0.374,1.6069338530302049
276,638,362,0.362,1.606928912639618
274,637,363,0.363,1.6069244163036347
228,614,386,0.386,1.6069236624240875
286,643,357,0.357,1.6068313252925872
284,642,358,0.358,1.6068209882974624
254,627,373,0.373,1.606820142388344
262,631,369,0.369,1.6068090920448304
316,658,342,0.342,1.6066379576921463
314,657,343,0.343,1.606623069167137
332,666,334,0.334,1.6066223528385162
302,651,349,0.349,1.606603791832924
308,654,346,0.346,1.6063277643918992
288,644,356,0.356,1.6063126038312912
360,680,320,0.32,1.6062991820573806
276,638,362,0.362,1.6063115111589432
294,647,353,0.353,1.6060324785709381
238,619,381,0.381,1.6060254572629928
324,662,338,0.338,1.6060155185461045
302,651,349,0.349,1.6059909110069275
258,629,371,0.371,1.6056824742555618
316,658,342,0.342,1.6056649719476699
276,638,362,0.362,1.605638687968254
300,650,350,0.35,1.6056327921152116
348,674,326,0.326,1.6051352474689484
310,655,345,0.345,1.6051210635900497
244,622,378,0.378,1.6050715038776397
294,647,353,0.353,1.6050718060731888
374,687,313,0.313,1.6042242444753647
320,660,340,0.34,1.604183852314949
334,667,333,0.333,1.6041644539833069
286,643,357,0.357,1.6041283922195435
310,655,345,0.345,1.6029066039323807
278,639,361,0.361,1.6026878459453582
248,624,376,0.376,1.6027192897796632
286,643,357,0.357,1.602637080192566
326,663,337,0.337,1.6007591840028763
354,677,323,0.323,1.6003494671583176
274,637,363,0.363,1.6003277399539948
290,645,355,0.355,1.6002885403633118
352,676,324,0.324,1.5977035467624665
304,652,348,0.348,1.5972190654277802
278,639,361,0.361,1.5971373779773712
276,638,362,0.362,1.5970560569763184
358,679,321,0.321,1.5937516775131226
330,665,335,0.335,1.5928749767541885
244,622,378,0.378,1.5928133852481843
322,661,339,0.339,1.5928194935321809
328,664,336,0.336,1.5878593544960022
308,654,346,0.346,1.5870119334459305
244,622,378,0.378,1.586404489517212
314,657,343,0.343,1.5862661731243133
312,656,344,0.344,1.5794504109621048
290,645,355,0.355,1.5780720608234406
258,629,371,0.371,1.5772799872159957
328,664,336,0.336,1.576828806757927
416,708,292,0.292,1.5663973524570465
300,650,350,0.35,1.563179383635521
312,656,344,0.344,1.5626716165542602
282,641,359,0.359,1.562438210964203
376,688,312,0.312,1.5480322159528732
328,664,336,0.336,1.544218246817589
338,669,331,0.331,1.5441681088209152
362,681,319,0.319,1.5432253419160842
344,672,328,0.328,1.530689455509186
364,682,318,0.318,1.527609696507454
348,674,326,0.326,1.5259881979227066
352,676,324,0.324,1.5252016758918763
280,640,360,0.36,1.510935045361519
400,700,300,0.3,1.5078446935415268
348,674,326,0.326,1.5066851677894593
324,662,338,0.338,1.5076933702230453
332,666,334,0.334,1.4897223037481309
376,688,312,0.312,1.4875478090047836
354,677,323,0.323,1.4843338342905044
382,691,309,0.309,1.4821088539361953
358,679,321,0.321,1.459747126698494
410,705,295,0.295,1.453463350534439
372,686,314,0.314,1.451514085650444
422,711,289,0.289,1.449667345046997
440,720,280,0.28,1.4158143342733382
438,719,281,0.281,1.4090493367910386
396,698,302,0.302,1.408916067481041
480,740,260,0.26,1.4017172843217849
484,742,258,0.258,1.3564351531267167
404,702,298,0.298,1.3564645377397537
434,717,283,0.283,1.353595140695572
560,780,220,0.22,1.3377936580181122
512,756,244,0.244,1.2816788039207458
514,757,243,0.243,1.2824537907838822
580,790,210,0.21,1.26813238632679
474,737,263,0.263,1.2582361609339714
528,764,236,0.236,1.1847190996408463
498,749,251,0.251,1.18218866699934
534,767,233,0.233,1.1797189721465111
508,754,246,0.246,1.1651516489386557
564,782,218,0.218,1.11032208019495
608,804,196,0.196,1.0958449423909187
564,782,218,0.218,1.0997536501288414
614,807,193,0.193,1.0723716911077499
620,810,190,0.19,1.013662957072258
514,757,243,0.243,1.0133197629451751
574,787,213,0.213,1.0037996382117271
596,798,202,0.202,0.9872489892840386
618,809,191,0.191,0.9306756752729416
628,814,186,0.186,0.9302434406280518
650,825,175,0.175,0.9175087352991104
612,806,194,0.194,0.8981845943331719
686,843,157,0.157,0.8481633853316307
578,789,211,0.211,0.8490850623846055
604,802,198,0.198,0.8332987361550331
632,816,184,0.184,0.8162528591454029
560,780,220,0.22,0.776377094566822
624,812,188,0.188,0.766976778626442
650,825,175,0.175,0.7521127297878265
602,801,199,0.199,0.7584794707000255
610,805,195,0.195,0.7241403400599956
716,858,142,0.142,0.7205099893212319
718,859,141,0.141,0.7159864816963672
620,810,190,0.19,0.7124904517531395
648,824,176,0.176,0.6891075346171855
678,839,161,0.161,0.6873470247983933
636,818,182,0.182,0.6831453184187413
666,833,167,0.167,0.6868825453221798
604,802,198,0.198,0.665744686126709
604,802,198,0.198,0.6600517452061176
664,832,168,0.168,0.6560784590542317
664,832,168,0.168,0.6437155330479145
716,858,142,0.142,0.6367943220436573
676,838,162,0.162,0.6428637156188488
656,828,172,0.172,0.6467240059971809
662,831,169,0.169,0.6406254005134105
678,839,161,0.161,0.6274692950248718
670,835,165,0.165,0.6295916408002377
670,835,165,0.165,0.6134513269364834
610,805,195,0.195,0.6188819013833999
704,852,148,0.148,0.6060013817846776
646,823,177,0.177,0.6168312342464923
682,841,159,0.159,0.6106542466282845
648,824,176,0.176,0.6101248536109924
688,844,156,0.156,0.6068270883262158
660,830,170,0.17,0.610218384116888
680,840,160,0.16,0.6020674670934677
680,840,160,0.16,0.6061966676414013
640,820,180,0.18,0.6045529624521733
718,859,141,0.141,0.5917883350253105
674,837,163,0.163,0.5970590950548649
706,853,147,0.147,0.5942221948206424
658,829,171,0.171,0.5741018121838569
688,844,156,0.156,0.5749728463888168
686,843,157,0.157,0.5816589308679104
716,858,142,0.142,0.5667178445160389
686,843,157,0.157,0.5438193964958191
776,888,112,0.112,0.5374586931467056
672,836,164,0.164,0.5345028856694698
638,819,181,0.181,0.5487282851338386
700,850,150,0.15,0.5195258519649506
624,812,188,0.188,0.5221779319047928
686,843,157,0.157,0.5195248330831528
708,854,146,0.146,0.5047438999414444
698,849,151,0.151,0.49519354236125945
694,847,153,0.153,0.5004772953689098
678,839,161,0.161,0.5010005178749561
680,840,160,0.16,0.4886013436615467
642,821,179,0.179,0.5126391425728798
672,836,164,0.164,0.5112059113830328
672,836,164,0.164,0.5136677113622427
714,857,143,0.143,0.5200111969709397
676,838,162,0.162,0.5256093358695507
698,849,151,0.151,0.5091391341984272
694,847,153,0.153,0.5184827624261379
724,862,138,0.138,0.50728496581316
680,840,160,0.16,0.5052971041202545
682,841,159,0.159,0.5127735105752945
708,854,146,0.146,0.49614339753985404
722,861,139,0.139,0.5031793603897095
720,860,140,0.14,0.4990805546939373
662,831,169,0.169,0.5014922486245632
724,862,138,0.138,0.503351028084755
718,859,141,0.141,0.49474163372814656
694,847,153,0.153,0.49503822419047355
756,878,122,0.122,0.4914075448215008
726,863,137,0.137,0.48862046813964843
680,840,160,0.16,0.48437027004361155
728,864,136,0.136,0.4888902412354946
680,840,160,0.16,0.5005543803274631
684,842,158,0.158,0.4953845574259758
702,851,149,0.149,0.4873019298017025
682,841,159,0.159,0.49946719375252724
692,846,154,0.154,0.5000472988188267
696,848,152,0.152,0.4950474095642567
698,849,151,0.151,0.4999097270667553
630,815,185,0.185,0.5143690633177758
686,843,157,0.157,0.5034241813123226
690,845,155,0.155,0.5185378555357456
676,838,162,0.162,0.5246873095929623
684,842,158,0.158,0.5344709200561046
660,830,170,0.17,0.5305326981544495
680,840,160,0.16,0.527928623855114
678,839,161,0.161,0.5251901237666607
680,840,160,0.16,0.5326496432423592
662,831,169,0.169,0.5335463610589504
642,821,179,0.179,0.5418281489312649
734,867,133,0.133,0.5352616071105003
732,866,134,0.134,0.534803377866745
668,834,166,0.166,0.5423409365415574
630,815,185,0.185,0.5509822679162025
674,837,163,0.163,0.5487403075993061
642,821,179,0.179,0.5516814014911652
710,855,145,0.145,0.5422907819449901
678,839,161,0.161,0.5509364720284938
650,825,175,0.175,0.558814381659031
696,848,152,0.152,0.5543291423022747
698,849,151,0.151,0.5637646439373494
704,852,148,0.148,0.5477791594266892
672,836,164,0.164,0.5588764381110668
678,839,161,0.161,0.5644318096339702
676,838,162,0.162,0.5573416829705239
656,828,172,0.172,0.5599597972035408
670,835,165,0.165,0.5606648425161839
716,858,142,0.142,0.5684924090504646
686,843,157,0.157,0.5657246313095092
708,854,146,0.146,0.5562740322649479
708,854,146,0.146,0.5703956061899662
640,820,180,0.18,0.5609772425889968
648,824,176,0.176,0.567667821764946
660,830,170,0.17,0.5618241118490696
690,845,155,0.155,0.5638669375777244
620,810,190,0.19,0.5604902369081974
686,843,157,0.157,0.5571772857010364
672,836,164,0.164,0.5550592030584812
726,863,137,0.137,0.5536508611142635
694,847,153,0.153,0.553522738546133
702,851,149,0.149,0.5407836931943893
638,819,181,0.181,0.5579664976298809
672,836,164,0.164,0.5487819761633873
680,840,160,0.16,0.5362629681527614
708,854,146,0.146,0.5364108943641186
710,855,145,0.145,0.5297938198149205
686,843,157,0.157,0.5372001776397228
674,837,163,0.163,0.5366660070121289
708,854,146,0.146,0.5284401912987232
648,824,176,0.176,0.5391641766726971
740,870,130,0.13,0.5186109831929206
710,855,145,0.145,0.5207046236693859
628,814,186,0.186,0.5196176929175854
676,838,162,0.162,0.5132915732860566
686,843,157,0.157,0.5145269903540611
692,846,154,0.154,0.5141301310062408
672,836,164,0.164,0.5165666084885597
690,845,155,0.155,0.5204394413232803
630,815,185,0.185,0.5163927781283856
678,839,161,0.161,0.5046174083948135
660,830,170,0.17,0.5102862921655178
754,877,123,0.123,0.4972342118024826
680,840,160,0.16,0.5108670133650303
664,832,168,0.168,0.5053582381606102
646,823,177,0.177,0.5084454316496849
686,843,157,0.157,0.5130640149712563
688,844,156,0.156,0.5049639662504196
662,831,169,0.169,0.5172412505149842
624,812,188,0.188,0.5172762490808964
722,861,139,0.139,0.5131224579513073
684,842,158,0.158,0.5129209327697754
592,796,204,0.204,0.5317514797151088
714,857,143,0.143,0.5135925392508507
670,835,165,0.165,0.5178756798803806
720,860,140,0.14,0.5149409165382385
712,856,144,0.144,0.5084744986891746
688,844,156,0.156,0.5100002316236496
726,863,137,0.137,0.5171902441382408
694,847,153,0.153,0.5161861190795899
706,853,147,0.147,0.5007662775814533
672,836,164,0.164,0.504602937221527
740,870,130,0.13,0.4843057508468628
668,834,166,0.166,0.49749474877119065
660,830,170,0.17,0.48408703738451003
658,829,171,0.171,0.47864373087882994
710,855,145,0.145,0.47060366612672805
736,868,132,0.132,0.4601559980213642
658,829,171,0.171,0.47114992153644564
664,832,168,0.168,0.46918117997050285
710,855,145,0.145,0.4541536954939365
712,856,144,0.144,0.45855739533901213
742,871,129,0.129,0.4653076444864273
702,851,149,0.149,0.4710779480040073
724,862,138,0.138,0.46060970456898215
656,828,172,0.172,0.46835550433397294
748,874,126,0.126,0.461081491202116
726,863,137,0.137,0.4696079384088516
682,841,159,0.159,0.46825764670968056
644,822,178,0.178,0.46585704252123833
718,859,141,0.141,0.4603509735763073
674,837,163,0.163,0.46198648792505265
660,830,170,0.17,0.4619155151844025
660,830,170,0.17,0.4531453103721142
706,853,147,0.147,0.45194960132241246
728,864,136,0.136,0.44635563012957574
700,850,150,0.15,0.4508155640661716
744,872,128,0.128,0.4465686047673225
680,840,160,0.16,0.4522083358168602
702,851,149,0.149,0.44499936133623125
702,851,149,0.149,0.44481994497776034
692,846,154,0.154,0.45037791311740877
674,837,163,0.163,0.44497772282361986
682,841,159,0.159,0.4422157151997089
676,838,162,0.162,0.441205767005682
710,855,145,0.145,0.44437929326295855
718,859,141,0.141,0.42554596465826033
680,840,160,0.16,0.42899752721190454
724,862,138,0.138,0.4164152888059616
756,878,122,0.122,0.4225877166390419
714,857,143,0.143,0.4157992935180664
674,837,163,0.163,0.42030222940444945
714,857,143,0.143,0.4113453929126263
660,830,170,0.17,0.4240955038070679
732,866,134,0.134,0.4206994409263134
718,859,141,0.141,0.4090136849284172
626,813,187,0.187,0.42843942186236383
702,851,149,0.149,0.4173569440692663
746,873,127,0.127,0.4035530305802822
714,857,143,0.143,0.4130334156900644
696,848,152,0.152,0.4183701489418745
694,847,153,0.153,0.41610817739367484
652,826,174,0.174,0.4229958797395229
710,855,145,0.145,0.4209359387755394
702,851,149,0.149,0.41893742287158964
636,818,182,0.182,0.4273134671747684
700,850,150,0.15,0.41802470314502715
702,851,149,0.149,0.423823659747839
648,824,176,0.176,0.4234021662473679
702,851,149,0.149,0.41865670718252657
666,833,167,0.167,0.4187495740056038
672,836,164,0.164,0.41390353766083715
664,832,168,0.168,0.41731506153941156
706,853,147,0.147,0.4142109255194664
692,846,154,0.154,0.4218586894273758
702,851,149,0.149,0.4115731399059296
682,841,159,0.159,0.41745710653066637
716,858,142,0.142,0.4152402009665966
698,849,151,0.151,0.4126848685443401
706,853,147,0.147,0.4107921829819679
726,863,137,0.137,0.41074569872021677
710,855,145,0.145,0.41420342022180556
704,852,148,0.148,0.4101126962006092
674,837,163,0.163,0.40918044289946554
722,861,139,0.139,0.4083263153284788
704,852,148,0.148,0.4051401635706425
730,865,135,0.135,0.3858060739338398
694,847,153,0.153,0.3977352702021599
696,848,152,0.152,0.38707216921448706
682,841,159,0.159,0.3882608194947243
662,831,169,0.169,0.3899091570675373
728,864,136,0.136,0.3742502070367336
706,853,147,0.147,0.384913203433156
690,845,155,0.155,0.38707666186988354
694,847,153,0.153,0.38523886823654174
662,831,169,0.169,0.39704420801997187
678,839,161,0.161,0.3910930552482605
720,860,140,0.14,0.3879313822090626
674,837,163,0.163,0.39352652622759343
730,865,135,0.135,0.39541724196076394
730,865,135,0.135,0.3916751230955124
688,844,156,0.156,0.40063167703151703
732,866,134,0.134,0.3974189404547214
646,823,177,0.177,0.4049746320843697
728,864,136,0.136,0.39366567382216455
728,864,136,0.136,0.40121349704265596
666,833,167,0.167,0.4040167608261108
680,840,160,0.16,0.402863720536232
714,857,143,0.143,0.4009577611386776
656,828,172,0.172,0.4090166706442833
658,829,171,0.171,0.4042499094158411
706,853,147,0.147,0.4002820987701416
668,834,166,0.166,0.41100345078110695
718,859,141,0.141,0.40115122172236445
680,840,160,0.16,0.4061774240136147
708,854,146,0.146,0.40090395796298983
706,853,147,0.147,0.39622546106576917
716,858,142,0.142,0.39563565561175346
652,826,174,0.174,0.4064414473772049
734,867,133,0.133,0.4008993010520935
654,827,173,0.173,0.4096492247581482
686,843,157,0.157,0.40883866584300993
650,825,175,0.175,0.4204095995128155
690,845,155,0.155,0.42381767788529395
736,868,132,0.132,0.4121155456006527
684,842,158,0.158,0.42523110610246656
662,831,169,0.169,0.4236704185605049
648,824,176,0.176,0.42257190105319026
706,853,147,0.147,0.40977081561088563
732,866,134,0.134,0.4073003326356411
636,818,182,0.182,0.40450467547774316
712,856,144,0.144,0.39996106618642807
700,850,150,0.15,0.3961959588229656
706,853,147,0.147,0.3964878231137991
686,843,157,0.157,0.3904706700742245
674,837,163,0.163,0.3899605500400066
688,844,156,0.156,0.39581590831279756
698,849,151,0.151,0.3874885608255863
714,857,143,0.143,0.39779611563682554
710,855,145,0.145,0.39776230889558795
682,841,159,0.159,0.3931972963809967
670,835,165,0.165,0.4005411981344223
702,851,149,0.149,0.4005273629724979
720,860,140,0.14,0.4058732318282127
638,819,181,0.181,0.4083866710960865
688,844,156,0.156,0.4040141002833843
648,824,176,0.176,0.40543533173203467
662,831,169,0.169,0.4014025754034519
786,893,107,0.107,0.39602686488628386
734,867,133,0.133,0.3934276155233383
688,844,156,0.156,0.38712611228227617
690,845,155,0.155,0.3821786594241858
680,840,160,0.16,0.3806900118291378
720,860,140,0.14,0.3811980872005224
722,861,139,0.139,0.36620179645717144
706,853,147,0.147,0.3631176261156797
714,857,143,0.143,0.365039621964097
722,861,139,0.139,0.3619005085527897
712,856,144,0.144,0.35353820557892324
632,816,184,0.184,0.36123806442320344
668,834,166,0.166,0.3609222302287817
736,868,132,0.132,0.3575325514525175
698,849,151,0.151,0.356108389288187
732,866,134,0.134,0.35342443503439425
718,859,141,0.141,0.35911386607587337
728,864,136,0.136,0.35316896288096905
714,857,143,0.143,0.3627398025095463
684,842,158,0.158,0.36728401091694834
722,861,139,0.139,0.36108917531371115
672,836,164,0.164,0.3653004839718342
666,833,167,0.167,0.38025337234139445
678,839,161,0.161,0.37653572584688666
724,862,138,0.138,0.3781763760894537
700,850,150,0.15,0.37943955238163474
660,830,170,0.17,0.3886060662716627
692,846,154,0.154,0.38918405562639236
732,866,134,0.134,0.3750165894329548
698,849,151,0.151,0.37834283977746963
702,851,149,0.149,0.3755550853461027
724,862,138,0.138,0.3769289837181568
734,867,133,0.133,0.36913965195417403
718,859,141,0.141,0.3693238100409508
714,857,143,0.143,0.36480866941809653
716,858,142,0.142,0.3686205191910267
748,874,126,0.126,0.3676535561978817
670,835,165,0.165,0.368554837718606
738,869,131,0.131,0.3595216673016548
682,841,159,0.159,0.3592583646476269
672,836,164,0.164,0.366876609146595
706,853,147,0.147,0.35628152069449426
674,837,163,0.163,0.36870154620707035
700,850,150,0.15,0.37503474079072474
710,855,145,0.145,0.36528538705408575
668,834,166,0.166,0.3749420383423567
694,847,153,0.153,0.37558383256196975
672,836,164,0.164,0.38763744476437567
750,875,125,0.125,0.37751489715278147
688,844,156,0.156,0.3788963504731655
636,818,182,0.182,0.3883219010829925
734,867,133,0.133,0.38533380889892577
718,859,141,0.141,0.3843095387816429
700,850,150,0.15,0.38975702805817125
672,836,164,0.164,0.3945175243318081
656,828,172,0.172,0.39992486995458604
710,855,145,0.145,0.3927403483837843
700,850,150,0.15,0.40402723437547683
706,853,147,0.147,0.4095365658700466
678,839,161,0.161,0.4023785726726055
688,844,156,0.156,0.4081286835670471
666,833,167,0.167,0.41027831771969797
652,826,174,0.174,0.41879517516493797
666,833,167,0.167,0.42077592518925666
718,859,141,0.141,0.4198406935632229
618,809,191,0.191,0.42578811940550804
728,864,136,0.136,0.4181391499936581
662,831,169,0.169,0.4319428913295269
734,867,133,0.133,0.42641036269068716
664,832,168,0.168,0.4387915773689747
682,841,159,0.159,0.43859203574061395
702,851,149,0.149,0.4421024881899357
690,845,155,0.155,0.4425411668419838
674,837,163,0.163,0.45268954867124556
670,835,165,0.165,0.4476758289337158
760,880,120,0.12,0.43279041117429734
718,859,141,0.141,0.44730646699666976
656,828,172,0.172,0.44539915362000465
744,872,128,0.128,0.43079569008946417
686,843,157,0.157,0.43339005106687545
638,819,181,0.181,0.4401128969490528
692,846,154,0.154,0.4342720480561256
660,830,170,0.17,0.4382315005362034
740,870,130,0.13,0.43689504313468935
718,859,141,0.141,0.42484977188706397
668,834,166,0.166,0.43719653540849684
696,848,152,0.152,0.4238191931843758
736,868,132,0.132,0.42388483640551566
708,854,146,0.146,0.42108513149619103
716,858,142,0.142,0.42080120572447777
706,853,147,0.147,0.4130231368839741
670,835,165,0.165,0.4178738920092583
684,842,158,0.158,0.4152091932296753
682,841,159,0.159,0.4210567566752434
664,832,168,0.168,0.43103701120615007
674,837,163,0.163,0.4202655548155308
720,860,140,0.14,0.42405047789216044
686,843,157,0.157,0.4205944152772427
674,837,163,0.163,0.4285837472975254
704,852,148,0.148,0.4147834863960743
688,844,156,0.156,0.4226583302915096
600,800,200,0.2,0.42658439713716506
688,844,156,0.156,0.42319415935873983
706,853,147,0.147,0.41694543784856797
752,876,124,0.124,0.41074006947875025
730,865,135,0.135,0.40398349606990813
702,851,149,0.149,0.40432468247413633
720,860,140,0.14,0.40098772397637367
710,855,145,0.145,0.3847859461903572
694,847,153,0.153,0.39868958553671835
662,831,169,0.169,0.3973506108224392
728,864,136,0.136,0.38737484788894655
692,846,154,0.154,0.38980309903621674
732,866,134,0.134,0.3778855444341898
700,850,150,0.15,0.3814246124625206
744,872,128,0.128,0.3849781133830547
782,891,109,0.109,0.3728045306801796
694,847,153,0.153,0.37696431079506876
724,862,138,0.138,0.3759709686338902
696,848,152,0.152,0.37104166762530805
672,836,164,0.164,0.36443833354115485
704,852,148,0.148,0.3583194382786751
742,871,129,0.129,0.35129727981984615
690,845,155,0.155,0.35113477797806264
684,842,158,0.158,0.35175870670378206
714,857,143,0.143,0.34978186348080637
694,847,153,0.153,0.3617626171559095
692,846,154,0.154,0.3585293115526438
678,839,161,0.161,0.36057750675082206
692,846,154,0.154,0.36216642777621744
720,860,140,0.14,0.3601423949450254
740,870,130,0.13,0.35453285798430445
688,844,156,0.156,0.3541487932354212
738,869,131,0.131,0.3546914673149586
720,860,140,0.14,0.343220911949873
730,865,135,0.135,0.34767185597121714
694,847,153,0.153,0.33470855276286604
688,844,156,0.156,0.336106181755662
684,842,158,0.158,0.3372362408190966
716,858,142,0.142,0.3302076880633831
732,866,134,0.134,0.32976203635334966
658,829,171,0.171,0.32932673862576484
712,856,144,0.144,0.3288493187576532
738,869,131,0.131,0.3184473292082548
744,872,128,0.128,0.3217943062633276
738,869,131,0.131,0.3257921490371227
710,855,145,0.145,0.33100995583832266
668,834,166,0.166,0.33133443266153334
698,849,151,0.151,0.33042577439546583
668,834,166,0.166,0.3330305552482605
678,839,161,0.161,0.3416726344674826
704,852,148,0.148,0.3351379347145557
722,861,139,0.139,0.3475893425345421
678,839,161,0.161,0.3463140359669924
686,843,157,0.157,0.3516403506696224
692,846,154,0.154,0.34998777458071706
714,857,143,0.143,0.34830477717518804
714,857,143,0.143,0.35051878036558626
642,821,179,0.179,0.35387748631834987
714,857,143,0.143,0.34981615364551544
678,839,161,0.161,0.352289451956749
682,841,159,0.159,0.35510615530610085
738,869,131,0.131,0.35083078522980216
672,836,164,0.164,0.3544664323627949
718,859,141,0.141,0.35096511866152286
710,855,145,0.145,0.35151482681930063
752,876,124,0.124,0.35016828490793706
670,835,165,0.165,0.35538042545318604
718,859,141,0.141,0.35734641449153426
698,849,151,0.151,0.3632680785804987
702,851,149,0.149,0.3616490825712681
700,850,150,0.15,0.3572220836728811
684,842,158,0.158,0.3591296483725309
700,850,150,0.15,0.3565531468838453
702,851,149,0.149,0.35476901949942113
642,821,179,0.179,0.3580918562710285
718,859,141,0.141,0.3496512971222401
730,865,135,0.135,0.34301946330070493
690,845,155,0.155,0.34417127327620983
690,845,155,0.155,0.3500426573902369
724,862,138,0.138,0.33753025314211843
696,848,152,0.152,0.3321780807226896
690,845,155,0.155,0.3373077095746994
702,851,149,0.149,0.3346008050441742
670,835,165,0.165,0.32843248851597306
696,848,152,0.152,0.32631447227299215
762,881,119,0.119,0.31422954441607
688,844,156,0.156,0.322257819801569
754,877,123,0.123,0.3100016533583403
716,858,142,0.142,0.3145937196016312
750,875,125,0.125,0.3016556442528963
640,820,180,0.18,0.31030860905349256
748,874,126,0.126,0.2987773105353117
696,848,152,0.152,0.2959414077848196
736,868,132,0.132,0.29280119892954826
638,819,181,0.181,0.3011867777705193
680,840,160,0.16,0.3044088541865349
686,843,157,0.157,0.30225831517577173
706,853,147,0.147,0.30607254730165007
678,839,161,0.161,0.3037140706628561
714,857,143,0.143,0.3055478303730488
684,842,158,0.158,0.31969798943400385
676,838,162,0.162,0.3214423336535692
666,833,167,0.167,0.31492064030468464
748,874,126,0.126,0.3144035010635853
738,869,131,0.131,0.3170698772370815
686,843,157,0.157,0.3291520869731903
710,855,145,0.145,0.31837061493098734
738,869,131,0.131,0.3113920464664698
690,845,155,0.155,0.3110341850221157
686,843,157,0.157,0.3172672697752714
708,854,146,0.146,0.3194275210797787
720,860,140,0.14,0.31383368995785715
724,862,138,0.138,0.3077187664657831
682,841,159,0.159,0.31540920834243297
694,847,153,0.153,0.3121782535016537
704,852,148,0.148,0.3126631963700056
698,849,151,0.151,0.3092832311540842
718,859,141,0.141,0.315277757063508
742,871,129,0.129,0.31354966431856157
716,858,142,0.142,0.30819935275614263
774,887,113,0.113,0.2995346721559763
744,872,128,0.128,0.304835423246026
726,863,137,0.137,0.30723712472617626
702,851,149,0.149,0.2986619934886694
710,855,145,0.145,0.29586349114775656
754,877,123,0.123,0.2914783831089735
746,873,127,0.127,0.2933927604109049
698,849,151,0.151,0.2931060203164816
764,882,118,0.118,0.2855996908545494
682,841,159,0.159,0.2865720211416483
752,876,124,0.124,0.2854723850488663
708,854,146,0.146,0.2838255619853735
690,845,155,0.155,0.29417260421812536
670,835,165,0.165,0.2935157285928726
702,851,149,0.149,0.29037020936608315
726,863,137,0.137,0.296689802005887
732,866,134,0.134,0.2984080636352301
684,842,158,0.158,0.303769961938262
604,802,198,0.198,0.30625377234816553
706,853,147,0.147,0.3107288845926523
712,856,144,0.144,0.31057454825937747
718,859,141,0.141,0.3135909050405025
668,834,166,0.166,0.31841364507377146
714,857,143,0.143,0.3158463336378336
736,868,132,0.132,0.31618143430352214
656,828,172,0.172,0.31655255490541456
680,840,160,0.16,0.32087890528142454
710,855,145,0.145,0.3159190987199545
768,884,116,0.116,0.30845113916695116
748,874,126,0.126,0.31352127538621427
704,852,148,0.148,0.3097336629033089
724,862,138,0.138,0.30932925300300124
740,870,130,0.13,0.3015988164097071
748,874,126,0.126,0.2976749581694603
704,852,148,0.148,0.3000572858452797
738,869,131,0.131,0.29374154381453993
738,869,131,0.131,0.2938645657300949
704,852,148,0.148,0.29330222168564796
704,852,148,0.148,0.2954543287605047
698,849,151,0.151,0.2893562535494566
694,847,153,0.153,0.29058297534286975
762,881,119,0.119,0.2855854476094246
782,891,109,0.109,0.28684410443902014
688,844,156,0.156,0.2960830866843462
664,832,168,0.168,0.297204398393631
742,871,129,0.129,0.2939966639280319
732,866,134,0.134,0.29194569247961044
698,849,151,0.151,0.3090932637006044
628,814,186,0.186,0.31266276888549327
720,860,140,0.14,0.3081018952727318
744,872,128,0.128,0.3099989648461342
694,847,153,0.153,0.3207385545969009
698,849,151,0.151,0.31128048764169214
680,840,160,0.16,0.3181644123196602
682,841,159,0.159,0.32309424225986005
720,860,140,0.14,0.3194701370000839
672,836,164,0.164,0.3217604536116123
726,863,137,0.137,0.31904193136096
700,850,150,0.15,0.32055986131727693
748,874,126,0.126,0.329948235347867
684,842,158,0.158,0.3294399911761284
742,871,129,0.129,0.32376988108456134
734,867,133,0.133,0.3257608906030655
708,854,146,0.146,0.3228376521617174
752,876,124,0.124,0.3196009390205145
764,882,118,0.118,0.31769259411096573
720,860,140,0.14,0.31847232359647754
742,871,129,0.129,0.312724207252264
690,845,155,0.155,0.315394262060523
666,833,167,0.167,0.31618593595921995
714,857,143,0.143,0.3104307824373245
724,862,138,0.138,0.31423673355579373
680,840,160,0.16,0.3167827178686857
730,865,135,0.135,0.3153130656480789
718,859,141,0.141,0.31602347157895566
726,863,137,0.137,0.3176637411862612
716,858,142,0.142,0.32216450698673726
722,861,139,0.139,0.32451189582049844
742,871,129,0.129,0.3257595324218273
740,870,130,0.13,0.33172471475601195
736,868,132,0.132,0.3298631508797407
734,867,133,0.133,0.3281513002514839
676,838,162,0.162,0.33571777868270875
706,853,147,0.147,0.3389388571977615
628,814,186,0.186,0.3460164442509413
762,881,119,0.119,0.34405595068633554
680,840,160,0.16,0.3493792685121298
654,827,173,0.173,0.35528460279107094
664,832,168,0.168,0.3535867231786251
720,860,140,0.14,0.350058301538229
750,875,125,0.125,0.3466931969970465
660,830,170,0.17,0.35312369792163373
674,837,163,0.163,0.34849322399497035
742,871,129,0.129,0.3451622402369976
774,887,113,0.113,0.3441823459267616
690,845,155,0.155,0.34650687320530416
724,862,138,0.138,0.3435217201113701
772,886,114,0.114,0.34092590141296386
730,865,135,0.135,0.3393311379849911
708,854,146,0.146,0.33746172907948496
678,839,161,0.161,0.33514640733599665
734,867,133,0.133,0.32774352955818176
736,868,132,0.132,0.33599238480627536
662,831,169,0.169,0.3321338291913271
716,858,142,0.142,0.33201233856379986
642,821,179,0.179,0.33334332051873206
708,854,146,0.146,0.3284132030904293
730,865,135,0.135,0.3311649764627218
712,856,144,0.144,0.33165514247119426
710,855,145,0.145,0.3318059384226799
718,859,141,0.141,0.3338759045600891
696,848,152,0.152,0.3301045983582735
696,848,152,0.152,0.33761763881146906
684,842,158,0.158,0.3272416616380215
700,850,150,0.15,0.33389001509547234
706,853,147,0.147,0.3307729355096817
750,875,125,0.125,0.3244689116626978
710,855,145,0.145,0.3271738827675581
738,869,131,0.131,0.3261651577651501
714,857,143,0.143,0.32465188650786875
654,827,173,0.173,0.32943172454833985
724,862,138,0.138,0.319015952065587
696,848,152,0.152,0.3217656029909849
762,881,119,0.119,0.3189829671680927
758,879,121,0.121,0.3119471883326769
756,878,122,0.122,0.3191268293708563
714,857,143,0.143,0.3218286026716232
674,837,163,0.163,0.3225921373963356
708,854,146,0.146,0.3191198598593473
732,866,134,0.134,0.3261278244107962
692,846,154,0.154,0.3286620727628469
670,835,165,0.165,0.32858203481137754
736,868,132,0.132,0.3326622826009989
680,840,160,0.16,0.3289010551571846
694,847,153,0.153,0.33837748213112356
674,837,163,0.163,0.3442139185369015
744,872,128,0.128,0.34608051586151123
702,851,149,0.149,0.348071340829134
754,877,123,0.123,0.3437656825184822
640,820,180,0.18,0.34381015041470525
726,863,137,0.137,0.34905165833234786
744,872,128,0.128,0.34275735142827035
744,872,128,0.128,0.3415740610957146
746,873,127,0.127,0.345689659178257
666,833,167,0.167,0.3450450603812933
726,863,137,0.137,0.3336392668038607
754,877,123,0.123,0.3318262955695391
718,859,141,0.141,0.3300478049814701
720,860,140,0.14,0.32911968833208083
696,848,152,0.152,0.3214551561623812
786,893,107,0.107,0.31436763593554495
718,859,141,0.141,0.31370716825127604
728,864,136,0.136,0.3111891925483942
714,857,143,0.143,0.3126120894700289
762,881,119,0.119,0.31370760829746724
700,850,150,0.15,0.31505611833930014
744,872,128,0.128,0.311496044844389
664,832,168,0.168,0.3249544962495565
674,837,163,0.163,0.3286440463066101
732,866,134,0.134,0.3287423984706402
664,832,168,0.168,0.3363820123821497
734,867,133,0.133,0.34223490765690806
668,834,166,0.166,0.34312973321974277
698,849,151,0.151,0.34881193996965887
696,848,152,0.152,0.3512080538719892
736,868,132,0.132,0.3554946309179068
724,862,138,0.138,0.360462276160717
666,833,167,0.167,0.3610201168656349
688,844,156,0.156,0.3600040898025036
702,851,149,0.149,0.37370553505420684
746,873,127,0.127,0.3650677096992731
704,852,148,0.148,0.3698541411161423
664,832,168,0.168,0.37472254478931427
710,855,145,0.145,0.37182520508766176
648,824,176,0.176,0.376761311262846
706,853,147,0.147,0.37242815786600114
738,869,131,0.131,0.3714488887488842
754,877,123,0.123,0.37047471982240676
720,860,140,0.14,0.3718031787276268
722,861,139,0.139,0.36861221194267274
694,847,153,0.153,0.36368712556362154
680,840,160,0.16,0.3677618079781532
692,846,154,0.154,0.36745310440659523
740,870,130,0.13,0.36155820927023885
720,860,140,0.14,0.36965380391478536
704,852,148,0.148,0.3663320006430149
744,872,128,0.128,0.36550733357667925
652,826,174,0.174,0.3738554913401604
704,852,148,0.148,0.3671353715956211
658,829,171,0.171,0.3741802988350391
724,862,138,0.138,0.3693162136077881
690,845,155,0.155,0.37616159388422965
728,864,136,0.136,0.3707153334617615
716,858,142,0.142,0.3754789181053638
724,862,138,0.138,0.37479070192575453
664,832,168,0.168,0.3791593469828367
674,837,163,0.163,0.37900314062833784
684,842,158,0.158,0.37990573927760124
690,845,155,0.155,0.3830633615851402
768,884,116,0.116,0.3783871054649353
732,866,134,0.134,0.3834110415577888
664,832,168,0.168,0.39029499199986456
736,868,132,0.132,0.38587015849351886
732,866,134,0.134,0.3880974376797676
734,867,133,0.133,0.3936948356330395
662,831,169,0.169,0.3939652284383774
674,837,163,0.163,0.3937108606398106
694,847,153,0.153,0.393031229943037
692,846,154,0.154,0.39461222729086876
696,848,152,0.152,0.3999889762997627
718,859,141,0.141,0.3967789779305458
662,831,169,0.169,0.40179282811284067
718,859,141,0.141,0.39735175770521164
742,871,129,0.129,0.39544792926311495
724,862,138,0.138,0.39680416479706765
682,841,159,0.159,0.3978918209075928
680,840,160,0.16,0.4013107482790947
744,872,128,0.128,0.39110666477680206
646,823,177,0.177,0.39478569602966307
714,857,143,0.143,0.39485621789097786
694,847,153,0.153,0.39538324815034864
674,837,163,0.163,0.4025425880551338
700,850,150,0.15,0.3970712040364742
688,844,156,0.156,0.40690664705634116
684,842,158,0.158,0.4083217624127865
742,871,129,0.129,0.40962282183766363
634,817,183,0.183,0.41699931168556215
654,827,173,0.173,0.425228138923645
688,844,156,0.156,0.4226606961786747
674,837,163,0.163,0.4267144562602043
730,865,135,0.135,0.4277637605369091
696,848,152,0.152,0.43253003975749016
696,848,152,0.152,0.43112111115455626
704,852,148,0.148,0.42637931725382805
708,854,146,0.146,0.4318908820152283
642,821,179,0.179,0.4299228622913361
682,841,159,0.159,0.4288140507340431
668,834,166,0.166,0.433749805867672
650,825,175,0.175,0.4312469222545624
718,859,141,0.141,0.43233334583044053
686,843,157,0.157,0.43660867869853975
650,825,175,0.175,0.4465539767742157
678,839,161,0.161,0.44055957677960395
668,834,166,0.166,0.446243790268898
676,838,162,0.162,0.4475012468993664
654,827,173,0.173,0.44316724702715876
730,865,135,0.135,0.43664770340919495
694,847,153,0.153,0.44016766947507857
640,820,180,0.18,0.4457244836986065
760,880,120,0.12,0.4380913137495518
696,848,152,0.152,0.4392756707370281
726,863,137,0.137,0.43406068497896194
646,823,177,0.177,0.43894507095217705
672,836,164,0.164,0.4280611375272274
708,854,146,0.146,0.42725384384393694
714,857,143,0.143,0.43142535945773125
678,839,161,0.161,0.43380775305628777
690,845,155,0.155,0.4343726431131363
664,832,168,0.168,0.44201847359538077
736,868,132,0.132,0.43589378133416173
646,823,177,0.177,0.4422022804915905
692,846,154,0.154,0.4390657329857349
684,842,158,0.158,0.4384760212302208
738,869,131,0.131,0.4269705683887005
680,840,160,0.16,0.42649988627433777
690,845,155,0.155,0.43452450478076937
668,834,166,0.166,0.43029757133126256
682,841,159,0.159,0.4228420938849449
662,831,169,0.169,0.4196236299276352
726,863,137,0.137,0.4196994459927082
666,833,167,0.167,0.4229784083068371
686,843,157,0.157,0.42149924927949906
658,829,171,0.171,0.41966097232699395
698,849,151,0.151,0.4226531718969345
700,850,150,0.15,0.4198757581412792
656,828,172,0.172,0.43283820927143096
670,835,165,0.165,0.43306195640563966
640,820,180,0.18,0.42947235277295115
630,815,185,0.185,0.4335716564357281
646,823,177,0.177,0.4434693849682808
668,834,166,0.166,0.4437037047743797
652,826,174,0.174,0.446056062579155
716,858,142,0.142,0.4412993177473545
694,847,153,0.153,0.4491534851491451
656,828,172,0.172,0.4493487856388092
692,846,154,0.154,0.4484570594727993
674,837,163,0.163,0.4509921825826168
702,851,149,0.149,0.4472992659807205
686,843,157,0.157,0.4439055056869984
690,845,155,0.155,0.4406364341080189
744,872,128,0.128,0.43917612731456757
686,843,157,0.157,0.435442829221487
758,879,121,0.121,0.4266407461464405
748,874,126,0.126,0.41882301318645476
734,867,133,0.133,0.42270558354258536
730,865,135,0.135,0.4068188087940216
716,858,142,0.142,0.4113317001461983
670,835,165,0.165,0.4107183021605015
700,850,150,0.15,0.3977475772202015
674,837,163,0.163,0.391119005382061
712,856,144,0.144,0.393410749822855
666,833,167,0.167,0.3977519954442978
674,837,163,0.163,0.39352379748225214
660,830,170,0.17,0.40552003222703936
708,854,146,0.146,0.40125622794032095
660,830,170,0.17,0.41487717553973197
690,845,155,0.155,0.4070510822832584
694,847,153,0.153,0.4195870393812656
712,856,144,0.144,0.4187498289644718
744,872,128,0.128,0.419076813608408
680,840,160,0.16,0.4247046660482883
644,822,178,0.178,0.44056410557031633
634,817,183,0.183,0.4346490215659142
680,840,160,0.16,0.43574588593840596
682,841,159,0.159,0.43859172421693804
660,830,170,0.17,0.45177990224957465
664,832,168,0.168,0.4514515620172024
730,865,135,0.135,0.45199678790569303
670,835,165,0.165,0.45757611891627314
706,853,147,0.147,0.45570181342959404
654,827,173,0.173,0.45666177132725716
732,866,134,0.134,0.4541307671964169
718,859,141,0.141,0.45570805752277377
686,843,157,0.157,0.45540590661764146
690,845,155,0.155,0.453571062028408
762,881,119,0.119,0.4421863144636154
750,875,125,0.125,0.44012872731685637
702,851,149,0.149,0.43291284173727035
624,812,188,0.188,0.4357272959947586
708,854,146,0.146,0.42250690823793413
732,866,134,0.134,0.4181217266917229
694,847,153,0.153,0.41771585604548456
650,825,175,0.175,0.41453540858626364
664,832,168,0.168,0.4142197085916996
652,826,174,0.174,0.41234538933634757
748,874,126,0.126,0.4000289739370346
692,846,154,0.154,0.4018240705728531
766,883,117,0.117,0.3985559146404266
780,890,110,0.11,0.3955469007790089
634,817,183,0.183,0.3960153973996639
712,856,144,0.144,0.394703625947237
694,847,153,0.153,0.3934044443368912
690,845,155,0.155,0.39383391267061235
678,839,161,0.161,0.40825162425637246
720,860,140,0.14,0.4018428435921669
684,842,158,0.158,0.4105795150697231
650,825,175,0.175,0.4127620374262333
704,852,148,0.148,0.4269208369255066
720,860,140,0.14,0.42841928467154505
728,864,136,0.136,0.4287259567975998
680,840,160,0.16,0.4290311857163906
700,850,150,0.15,0.43211886620521545
720,860,140,0.14,0.4340745395720005
646,823,177,0.177,0.44365342181921
686,843,157,0.157,0.43561296874284744
682,841,159,0.159,0.4432373628616333
700,850,150,0.15,0.44102509060502054
732,866,134,0.134,0.4402484517097473
730,865,135,0.135,0.44299015584588053
706,853,147,0.147,0.4369546685218811
716,858,142,0.142,0.4408875466287136
676,838,162,0.162,0.44247077775001525
654,827,173,0.173,0.4478033212721348
698,849,151,0.151,0.4298780464828014
698,849,151,0.151,0.43542061844468116
722,861,139,0.139,0.43247480803728106
728,864,136,0.136,0.43072602236270907
670,835,165,0.165,0.42451160749793054
698,849,151,0.151,0.4135862764418125
692,846,154,0.154,0.4165525582432747
640,820,180,0.18,0.419019011169672
632,816,184,0.184,0.41649282509088514
668,834,166,0.166,0.41337421590089796
668,834,166,0.166,0.4121265355050564
660,830,170,0.17,0.4181165611445904
688,844,156,0.156,0.40425249031186106
740,870,130,0.13,0.40487323492765426
666,833,167,0.167,0.40715288084745405
686,843,157,0.157,0.40631305557489394
712,856,144,0.144,0.4001002297103405
676,838,162,0.162,0.4064184111058712
700,850,150,0.15,0.4040306706726551
706,853,147,0.147,0.4028979557156563
654,827,173,0.173,0.4011201148927212
722,861,139,0.139,0.40243575513362884
668,834,166,0.166,0.40383885338902475
706,853,147,0.147,0.39931668984889984
694,847,153,0.153,0.40202511796355245
668,834,166,0.166,0.4033683577179909
694,847,153,0.153,0.40111908796429635
706,853,147,0.147,0.4031053098142147
680,840,160,0.16,0.3971161814928055
664,832,168,0.168,0.3991553032100201
702,851,149,0.149,0.39904549312591553
664,832,168,0.168,0.39701481825113294
730,865,135,0.135,0.39252848356962206
708,854,146,0.146,0.3954473817050457
696,848,152,0.152,0.39140310215950014
666,833,167,0.167,0.3958936402499676
670,835,165,0.165,0.39397986969351767
706,853,147,0.147,0.3913020687997341
722,861,139,0.139,0.3899349283874035
694,847,153,0.153,0.3891089398562908
686,843,157,0.157,0.38597486791014674
724,862,138,0.138,0.38272259002923964
768,884,116,0.116,0.38219030731916426
694,847,153,0.153,0.3807961903810501
734,867,133,0.133,0.3737372430562973
760,880,120,0.12,0.37419778513908386
734,867,133,0.133,0.37613740396499634
704,852,148,0.148,0.3754343519806862
746,873,127,0.127,0.3621314998865128
766,883,117,0.117,0.3589707348048687
666,833,167,0.167,0.36715032026171684
708,854,146,0.146,0.3593127520978451
738,869,131,0.131,0.34826015432178975
698,849,151,0.151,0.3432339745461941
716,858,142,0.142,0.3421823307573795
706,853,147,0.147,0.340256470143795
674,837,163,0.163,0.3426923686414957
696,848,152,0.152,0.3409049636721611
650,825,175,0.175,0.3427405957877636
756,878,122,0.122,0.33626778168976307
734,867,133,0.133,0.3383864553421736
774,887,113,0.113,0.33889171639084814
718,859,141,0.141,0.34020622400939465
714,857,143,0.143,0.3410047156661749
684,842,158,0.158,0.34496291060745715
660,830,170,0.17,0.3427685993164778
730,865,135,0.135,0.33913741359114646
746,873,127,0.127,0.33611216774582864
720,860,140,0.14,0.34299081447720525
656,828,172,0.172,0.3497705937772989
708,854,146,0.146,0.34233087277412416
748,874,126,0.126,0.34198065762221813
716,858,142,0.142,0.34928298224508764
692,846,154,0.154,0.35534189608693123
628,814,186,0.186,0.36204423958063126
706,853,147,0.147,0.35834336987137794
714,857,143,0.143,0.36945674163103104
644,822,178,0.178,0.3766773312687874
752,876,124,0.124,0.3677337687164545
708,854,146,0.146,0.368796409368515
646,823,177,0.177,0.3807734307646751
714,857,143,0.143,0.3747934546470642
690,845,155,0.155,0.38117090600728987
666,833,167,0.167,0.3795590614974499
674,837,163,0.163,0.3839129365682602
706,853,147,0.147,0.38490346640348433
718,859,141,0.141,0.38478380188345906
680,840,160,0.16,0.3859208879470825
736,868,132,0.132,0.3802273987531662
692,846,154,0.154,0.37928596621751787
678,839,161,0.161,0.3802705236673355
728,864,136,0.136,0.37876829800009726
700,850,150,0.15,0.3754875192940235
662,831,169,0.169,0.3768780997097492
660,830,170,0.17,0.376611153781414
724,862,138,0.138,0.375295921176672
734,867,133,0.133,0.37543696001172067
740,870,130,0.13,0.3721880343258381
678,839,161,0.161,0.37985830175876617
624,812,188,0.188,0.378291245341301
714,857,143,0.143,0.3699587991535664
680,840,160,0.16,0.370509521394968
704,852,148,0.148,0.3654353094995022
708,854,146,0.146,0.3628538498878479
706,853,147,0.147,0.3635325812697411
706,853,147,0.147,0.363439557403326
694,847,153,0.153,0.36429057055711744
674,837,163,0.163,0.36392315578460693
686,843,157,0.157,0.3615852388441563
678,839,161,0.161,0.363220316529274
752,876,124,0.124,0.3606584394276142
732,866,134,0.134,0.3623757039606571
720,860,140,0.14,0.3608928951025009
760,880,120,0.12,0.3564509614109993
710,855,145,0.145,0.36054984456300737
686,843,157,0.157,0.3660540861785412
684,842,158,0.158,0.3613289935290813
686,843,157,0.157,0.3610743589997292
678,839,161,0.161,0.35422366209328177
668,834,166,0.166,0.35458216336369514
688,844,156,0.156,0.36069964767992496
666,833,167,0.167,0.3623266342878342
722,861,139,0.139,0.35592279642820357
636,818,182,0.182,0.3606946547329426
676,838,162,0.162,0.359347737133503
670,835,165,0.165,0.3609736225605011
704,852,148,0.148,0.35916454485058785
634,817,183,0.183,0.36453461909294127
700,850,150,0.15,0.3564879865646362
714,857,143,0.143,0.3547426544576883
678,839,161,0.161,0.35863337060809136
740,870,130,0.13,0.3541175524741411
736,868,132,0.132,0.3435873696208
704,852,148,0.148,0.3384263391941786
706,853,147,0.147,0.33651669308543203
694,847,153,0.153,0.3391591639667749
706,853,147,0.147,0.3269557681977749
718,859,141,0.141,0.3217002501487732
710,855,145,0.145,0.31838303032517434
738,869,131,0.131,0.3165448309779167
758,879,121,0.121,0.30572701308131217
708,854,146,0.146,0.3057852431833744
716,858,142,0.142,0.30540561680495737
724,862,138,0.138,0.30230294187366963
680,840,160,0.16,0.305089732632041
688,844,156,0.156,0.30526818059384825
706,853,147,0.147,0.3046529594361782
684,842,158,0.158,0.307282907217741
758,879,121,0.121,0.31167606453597546
702,851,149,0.149,0.3191513685584068
644,822,178,0.178,0.32540979467332365
768,884,116,0.116,0.319672640234232
704,852,148,0.148,0.32879615887999536
696,848,152,0.152,0.3335514908283949
710,855,145,0.145,0.3364056887626648
674,837,163,0.163,0.3346623197644949
716,858,142,0.142,0.33868965417146685
728,864,136,0.136,0.338929813593626
688,844,156,0.156,0.34271335300803185
700,850,150,0.15,0.3477249052077532
656,828,172,0.172,0.3459475495517254
652,826,174,0.174,0.3464939968883991
710,855,145,0.145,0.34307871098816395
720,860,140,0.14,0.34194539491832254
676,838,162,0.162,0.34389639569818975
724,862,138,0.138,0.33690039651095866
708,854,146,0.146,0.3373950569033623
718,859,141,0.141,0.331931949660182
694,847,153,0.153,0.32795756988227365
708,854,146,0.146,0.32222240620851517
660,830,170,0.17,0.3260114747732878
720,860,140,0.14,0.3200121699720621
696,848,152,0.152,0.3226521403044462
714,857,143,0.143,0.32335355049371717
690,845,155,0.155,0.3205628473162651
726,863,137,0.137,0.3205671203583479
734,867,133,0.133,0.31652806809544565
696,848,152,0.152,0.31722688299417495
708,854,146,0.146,0.3178907735347748
672,836,164,0.164,0.3164246838092804
690,845,155,0.155,0.3155155771523714
734,867,133,0.133,0.3120287356078625
704,852,148,0.148,0.31981842665374277
786,893,107,0.107,0.31237597700953484
704,852,148,0.148,0.31501181653141974
702,851,149,0.149,0.30966323629021647
748,874,126,0.126,0.30598095020651817
726,863,137,0.137,0.30587661296129226
760,880,120,0.12,0.3055899448990822
748,874,126,0.126,0.303876162737608
752,876,124,0.124,0.2997052507698536
708,854,146,0.146,0.30088585402071477
744,872,128,0.128,0.29191590085625646
724,862,138,0.138,0.2909695833772421
732,866,134,0.134,0.2860890645980835
752,876,124,0.124,0.2907709974348545
784,892,108,0.108,0.2832214712798595
644,822,178,0.178,0.28941757008433344
706,853,147,0.147,0.2896614574790001
692,846,154,0.154,0.29249669061601163
644,822,178,0.178,0.29667848616838455
692,846,154,0.154,0.29328546006977557
722,861,139,0.139,0.29842949859797957
716,858,142,0.142,0.2969495026767254
720,860,140,0.14,0.2975794173181057
648,824,176,0.176,0.30440286979079245
700,850,150,0.15,0.2972412123978138
738,869,131,0.131,0.2946037859022617
688,844,156,0.156,0.2976139218509197
764,882,118,0.118,0.2970925802886486
652,826,174,0.174,0.3048027981519699
762,881,119,0.119,0.2990151164531708
626,813,187,0.187,0.3032571364194155
764,882,118,0.118,0.2952036719918251
702,851,149,0.149,0.3017032870799303
722,861,139,0.139,0.2968938300460577
712,856,144,0.144,0.30125313518941405
662,831,169,0.169,0.3029026275575161
722,861,139,0.139,0.30442823737859726
712,856,144,0.144,0.30137113586068154
720,860,140,0.14,0.3040501166284084
704,852,148,0.148,0.3090435003936291
690,845,155,0.155,0.30986331287026403
726,863,137,0.137,0.30619875341653824
694,847,153,0.153,0.3097852590084076
680,840,160,0.16,0.3154415678679943
662,831,169,0.169,0.3189187631011009
732,866,134,0.134,0.31433632935583594
710,855,145,0.145,0.31810220435261727
738,869,131,0.131,0.316366559907794
722,861,139,0.139,0.3140874217748642
692,846,154,0.154,0.32195229279994964
710,855,145,0.145,0.3173730144649744
698,849,151,0.151,0.3231097032725811
750,875,125,0.125,0.3197205150723457
708,854,146,0.146,0.32545223653316496
726,863,137,0.137,0.32766446167230606
698,849,151,0.151,0.3309566697776318
660,830,170,0.17,0.33510471431910993
688,844,156,0.156,0.33367990174889567
672,836,164,0.164,0.338069339543581
702,851,149,0.149,0.3465346940904856
724,862,138,0.138,0.3461480668336153
696,848,152,0.152,0.3457733334302902
656,828,172,0.172,0.36008550649881366
698,849,151,0.151,0.3618190762102604
732,866,134,0.134,0.3587140507996082
674,837,163,0.163,0.369118033349514
720,860,140,0.14,0.36649038460850714
758,879,121,0.121,0.37012281119823454
708,854,146,0.146,0.36999825701117517
736,868,132,0.132,0.36798996695876124
696,848,152,0.152,0.37096440348029136
712,856,144,0.144,0.3613634754270315
714,857,143,0.143,0.36412266305088997
706,853,147,0.147,0.36119794827699664
706,853,147,0.147,0.3563211194574833
652,826,174,0.174,0.35269097857177256
708,854,146,0.146,0.3507198568880558
730,865,135,0.135,0.3482393646836281
694,847,153,0.153,0.3425285960286856
740,870,130,0.13,0.33439411263167856
726,863,137,0.137,0.33462696461379526
716,858,142,0.142,0.3344605540037155
710,855,145,0.145,0.3337952877134085
688,844,156,0.156,0.3328557682484388
784,892,108,0.108,0.33035879299044607
728,864,136,0.136,0.32615341690182686
720,860,140,0.14,0.32899753089249134
682,841,159,0.159,0.32700366838276385
692,846,154,0.154,0.3235306748449802
724,862,138,0.138,0.3203344636261463
712,856,144,0.144,0.32215789023041724
752,876,124,0.124,0.31774491783976555
748,874,126,0.126,0.3134882602244616
726,863,137,0.137,0.31367902480065823
726,863,137,0.137,0.3146719611287117
740,870,130,0.13,0.311284540489316
660,830,170,0.17,0.3143091173321009
706,853,147,0.147,0.312348023891449
714,857,143,0.143,0.30683351257443425
602,801,199,0.199,0.32012793177366256
678,839,161,0.161,0.3154818312674761
734,867,133,0.133,0.316693852186203
666,833,167,0.167,0.32436776557564734
764,882,118,0.118,0.32569968888163564
660,830,170,0.17,0.3351108753234148
704,852,148,0.148,0.33522433207929137
630,815,185,0.185,0.3397271094024181
714,857,143,0.143,0.3394062706083059
714,857,143,0.143,0.34163830208778384
674,837,163,0.163,0.34517794246971606
648,824,176,0.176,0.34564287535846233
688,844,156,0.156,0.3466366993188858
692,846,154,0.154,0.3493647689968348
666,833,167,0.167,0.3512455943971872
694,847,153,0.153,0.35213143995404245
748,874,126,0.126,0.34691665682196615
698,849,151,0.151,0.3537087600380182
782,891,109,0.109,0.3450781333893537
698,849,151,0.151,0.3506224167346954
764,882,118,0.118,0.34500082989037034
718,859,141,0.141,0.3462190597951412
684,842,158,0.158,0.3440197561830282
712,856,144,0.144,0.3355503327846527
716,858,142,0.142,0.3280708069652319
666,833,167,0.167,0.33130042339861393
738,869,131,0.131,0.31999453574419023
756,878,122,0.122,0.31582240548729895
738,869,131,0.131,0.3154092635959387
706,853,147,0.147,0.3152826991826296
620,810,190,0.19,0.32072705118358136
770,885,115,0.115,0.3103666824251413
732,866,134,0.134,0.31792422458529473
686,843,157,0.157,0.3185282759517431
642,821,179,0.179,0.3252729025185108
656,828,172,0.172,0.3243059606701136
696,848,152,0.152,0.32714324340224266
710,855,145,0.145,0.3283898449987173
728,864,136,0.136,0.33178251089155675
724,862,138,0.138,0.33431790688633917
724,862,138,0.138,0.3378419775813818
672,836,164,0.164,0.3399398681074381
750,875,125,0.125,0.3394685285538435
708,854,146,0.146,0.33888156154751775
686,843,157,0.157,0.3452987308949232
722,861,139,0.139,0.3423730030506849
690,845,155,0.155,0.3470238702893257
722,861,139,0.139,0.34948463889956477
718,859,141,0.141,0.34815526999533175
654,827,173,0.173,0.3622828321903944
628,814,186,0.186,0.3668104954063892
724,862,138,0.138,0.361558619260788
696,848,152,0.152,0.36773188205063345
698,849,151,0.151,0.36715885138511656
708,854,146,0.146,0.37160433787107466
770,885,115,0.115,0.3719885140657425
684,842,158,0.158,0.38315196889638903
670,835,165,0.165,0.3858970250189304
678,839,161,0.161,0.3891702592074871
710,855,145,0.145,0.3894289219379425
764,882,118,0.118,0.3900344745218754
724,862,138,0.138,0.39012260031700136
718,859,141,0.141,0.3928427284955978
660,830,170,0.17,0.39765894481539726
708,854,146,0.146,0.3903883576095104
672,836,164,0.164,0.39118256482481956
732,866,134,0.134,0.3871673468947411
708,854,146,0.146,0.3834367839992046
722,861,139,0.139,0.37831101191043853
690,845,155,0.155,0.3795748355090618
748,874,126,0.126,0.37290787291526795
684,842,158,0.158,0.3797502985596657
702,851,149,0.149,0.3753061414062977
756,878,122,0.122,0.37730678215622904
662,831,169,0.169,0.3840820227265358
686,843,157,0.157,0.38094284471869466
746,873,127,0.127,0.3793880579471588
722,861,139,0.139,0.3858898199498653
734,867,133,0.133,0.38019501507282255
650,825,175,0.175,0.3896908705830574
704,852,148,0.148,0.38803726145625117
722,861,139,0.139,0.3892164667546749
728,864,136,0.136,0.3880708891749382
658,829,171,0.171,0.39997740545868876
710,855,145,0.145,0.40518889740109443
714,857,143,0.143,0.4087752593159676
710,855,145,0.145,0.4130505736172199
724,862,138,0.138,0.40901113668084144
756,878,122,0.122,0.40647594606876375
616,808,192,0.192,0.4174296942949295
704,852,148,0.148,0.4148870455920696
692,846,154,0.154,0.41291205283999444
666,833,167,0.167,0.4117499418258667
664,832,168,0.168,0.41426897236704824
804,902,98,0.098,0.40423384761810305
644,822,178,0.178,0.41286458596587183
700,850,150,0.15,0.3985784579217434
704,852,148,0.148,0.4014216969013214
734,867,133,0.133,0.39165027394890783
704,852,148,0.148,0.3903162436783314
684,842,158,0.158,0.3859384761452675
710,855,145,0.145,0.38623719081282615
676,838,162,0.162,0.3807100776731968
730,865,135,0.135,0.373344156101346
698,849,151,0.151,0.36706673401594164
742,871,129,0.129,0.3678427683711052
716,858,142,0.142,0.36196352225542067
668,834,166,0.166,0.36120305278897286
728,864,136,0.136,0.3540797245800495
668,834,166,0.166,0.3617466765642166
674,837,163,0.163,0.3570683369636536
766,883,117,0.117,0.3483536494076252
658,829,171,0.171,0.3551786150634289
714,857,143,0.143,0.35509528368711474
652,826,174,0.174,0.3622309156358242
716,858,142,0.142,0.35631462693214416
756,878,122,0.122,0.35744711312651634
744,872,128,0.128,0.3640876942276955
694,847,153,0.153,0.367991552233696
660,830,170,0.17,0.37388327899575236
688,844,156,0.156,0.3719364207983017
724,862,138,0.138,0.3687583085298538
668,834,166,0.166,0.3848775403946638
738,869,131,0.131,0.38462832233309746
696,848,152,0.152,0.39151904341578486
702,851,149,0.149,0.3956362523436546
702,851,149,0.149,0.40082461094856264
686,843,157,0.157,0.4090552938580513
698,849,151,0.151,0.4054893560707569
688,844,156,0.156,0.4101214041411877
718,859,141,0.141,0.4117181602716446
732,866,134,0.134,0.4114650095105171
726,863,137,0.137,0.41663652861118317
672,836,164,0.164,0.41974994242191316
662,831,169,0.169,0.42397738352417946
718,859,141,0.141,0.42042599895596505
714,857,143,0.143,0.42735687014460566
662,831,169,0.169,0.4302701310515404
668,834,166,0.166,0.4362705960273743
748,874,126,0.126,0.43561754292249677
674,837,163,0.163,0.443847864985466
674,837,163,0.163,0.44359655839204787
636,818,182,0.182,0.45023078656196597
658,829,171,0.171,0.4569987442493439
718,859,141,0.141,0.45506148898601534
706,853,147,0.147,0.4595080333650112
678,839,161,0.161,0.45695675241947176
658,829,171,0.171,0.4612686547935009
758,879,121,0.121,0.45850422328710555
630,815,185,0.185,0.4638106055557728
706,853,147,0.147,0.4644469441473484
658,829,171,0.171,0.4652181520462036
734,867,133,0.133,0.4657136817574501
752,876,124,0.124,0.46274126940965654
704,852,148,0.148,0.46867240977287294
696,848,152,0.152,0.4709950561821461
680,840,160,0.16,0.46686118891835215
738,869,131,0.131,0.4658172454833984
694,847,153,0.153,0.4684232997000217
650,825,175,0.175,0.4754141845703125
724,862,138,0.138,0.4748613704741001
650,825,175,0.175,0.4765252247452736
660,830,170,0.17,0.48439995965361593
682,841,159,0.159,0.4785980946421623
688,844,156,0.156,0.4798711351752281
676,838,162,0.162,0.484274358689785
704,852,148,0.148,0.4795049816668034
668,834,166,0.166,0.48896651235222816
688,844,156,0.156,0.49555364322662354
670,835,165,0.165,0.4920699318945408
692,846,154,0.154,0.4953177293539047
720,860,140,0.14,0.4873744487464428
702,851,149,0.149,0.4898591855168343
648,824,176,0.176,0.49210471639037134
650,825,175,0.175,0.49333633640408514
720,860,140,0.14,0.49051192036271096
728,864,136,0.136,0.4899244147539139
694,847,153,0.153,0.48911975806951524
768,884,116,0.116,0.48668054470419886
664,832,168,0.168,0.4862997358441353
728,864,136,0.136,0.4804721191823483
686,843,157,0.157,0.4838813243210316
752,876,124,0.124,0.474688900411129
648,824,176,0.176,0.4778789790570736
726,863,137,0.137,0.47376008930802344
708,854,146,0.146,0.4738010371923447
672,836,164,0.164,0.47456087693572047
678,839,161,0.161,0.4755649760365486
748,874,126,0.126,0.46720443323254585
656,828,172,0.172,0.4733905987739563
668,834,166,0.166,0.47354180744290353
680,840,160,0.16,0.47335055005550386
702,851,149,0.149,0.46857877406477927
716,858,142,0.142,0.46799229499697687
646,823,177,0.177,0.4688330560922623
682,841,159,0.159,0.46350592839717863
708,854,146,0.146,0.4586833673417568
688,844,156,0.156,0.46417751714587213
670,835,165,0.165,0.46373360526561735
642,821,179,0.179,0.4669211011826992
652,826,174,0.174,0.4629448174238205
644,822,178,0.178,0.46416106501221654
686,843,157,0.157,0.45865304535627366
666,833,167,0.167,0.45961333441734314
636,818,182,0.182,0.4571236823797226
704,852,148,0.148,0.45071524468064306
662,831,169,0.169,0.4492162263989449
688,844,156,0.156,0.4479495394229889
704,852,148,0.148,0.44275383472442625
712,856,144,0.144,0.4380452765226364
664,832,168,0.168,0.4342731021344662
704,852,148,0.148,0.42967542669177056
706,853,147,0.147,0.4171415368616581
670,835,165,0.165,0.42164171394705774
682,841,159,0.159,0.41606638273596763
738,869,131,0.131,0.4118603442013264
704,852,148,0.148,0.40734777522087096
728,864,136,0.136,0.40245502057671545
734,867,133,0.133,0.3968253503143787
768,884,116,0.116,0.3887747732102871
698,849,151,0.151,0.391380890160799
682,841,159,0.159,0.3909815885722637
708,854,146,0.146,0.37877593833208084
710,855,145,0.145,0.37877899685502053
742,871,129,0.129,0.37629087966680524
708,854,146,0.146,0.37773929968476294
738,869,131,0.131,0.374138106495142
714,857,143,0.143,0.3742286912202835
698,849,151,0.151,0.3704744563996792
722,861,139,0.139,0.365261197924614
678,839,161,0.161,0.36623720106482505
728,864,136,0.136,0.36582461804151534
726,863,137,0.137,0.3642023018151522
700,850,150,0.15,0.36163032028079034
712,856,144,0.144,0.3637747244536877
766,883,117,0.117,0.35851739202439786
704,852,148,0.148,0.3619186173379421
666,833,167,0.167,0.3629040824174881
720,860,140,0.14,0.3574111520498991
706,853,147,0.147,0.35830124136805536
730,865,135,0.135,0.3549941291809082
724,862,138,0.138,0.3553664632588625
638,819,181,0.181,0.3648627338707447
768,884,116,0.116,0.3546401672959328
690,845,155,0.155,0.36347043225169184
682,841,159,0.159,0.3616497783958912
744,872,128,0.128,0.3620825288593769
740,870,130,0.13,0.3599965835213661
662,831,169,0.169,0.3699818052947521
704,852,148,0.148,0.3641335091888905
748,874,126,0.126,0.36901772758364676
672,836,164,0.164,0.3722184631228447
704,852,148,0.148,0.3811632596850395
708,854,146,0.146,0.3785875526666641
642,821,179,0.179,0.39216224357485774
762,881,119,0.119,0.39000275909900667
708,854,146,0.146,0.3994220857322216
702,851,149,0.149,0.3976671363413334
688,844,156,0.156,0.39849351507425307
734,867,133,0.133,0.39690973502397536
712,856,144,0.144,0.3913179986178875
676,838,162,0.162,0.3899671809673309
744,872,128,0.128,0.38394852927327155
674,837,163,0.163,0.3866936068236828
678,839,161,0.161,0.37969655174016953
662,831,169,0.169,0.379973812431097
690,845,155,0.155,0.37846874940395353
714,857,143,0.143,0.37694053757190704
732,866,134,0.134,0.3765960739552975
738,869,131,0.131,0.3795237848162651
686,843,157,0.157,0.3840050513744354
670,835,165,0.165,0.3843033046424389
684,842,158,0.158,0.384834503442049
684,842,158,0.158,0.38736488491296767
698,849,151,0.151,0.3974027638733387
700,850,150,0.15,0.39482277008891103
702,851,149,0.149,0.4008121131658554
688,844,156,0.156,0.4020389366745949
628,814,186,0.186,0.41348521462082866
672,836,164,0.164,0.4131886042356491
702,851,149,0.149,0.41542441907525063
662,831,169,0.169,0.41616522681713103
704,852,148,0.148,0.41964659696817397
734,867,133,0.133,0.4217139366567135
758,879,121,0.121,0.4169968704879284
700,850,150,0.15,0.4257468985915184
638,819,181,0.181,0.42851963445544244
688,844,156,0.156,0.4314607763290405
662,831,169,0.169,0.43572133484482767
736,868,132,0.132,0.43622120180726054
656,828,172,0.172,0.439906296312809
692,846,154,0.154,0.4402066155076027
682,841,159,0.159,0.4439846827089787
678,839,161,0.161,0.44139095923304555
696,848,152,0.152,0.44636725637316704
688,844,156,0.156,0.44326074942946436
716,858,142,0.142,0.44284790322184564
706,853,147,0.147,0.4441865164041519
686,843,157,0.157,0.44507677081227304
636,818,182,0.182,0.45054670760035515
728,864,136,0.136,0.4553935578763485
680,840,160,0.16,0.4548382737934589
702,851,149,0.149,0.46438510859012605
648,824,176,0.176,0.4667693894803524
686,843,157,0.157,0.46664006954431536
688,844,156,0.156,0.4702113520503044
700,850,150,0.15,0.4746103439629078
710,855,145,0.145,0.47202709010243415
712,856,144,0.144,0.47407138255238535
652,826,174,0.174,0.47828248870372775
714,857,143,0.143,0.4769986689388752
638,819,181,0.181,0.47620631027221677
728,864,136,0.136,0.4642007995247841
696,848,152,0.152,0.46889741012454034
702,851,149,0.149,0.4615184114575386
664,832,168,0.168,0.46132990199327467
698,849,151,0.151,0.4449302096366882
678,839,161,0.161,0.4493275845348835
720,860,140,0.14,0.4411989085376263
682,841,159,0.159,0.4415110739469528
676,838,162,0.162,0.4300083903670311
630,815,185,0.185,0.4301436251103878
744,872,128,0.128,0.42419121369719504
712,856,144,0.144,0.42527928376197816
718,859,141,0.141,0.417597577303648
588,794,206,0.206,0.4230624798238277
694,847,153,0.153,0.4149798691272736
708,854,146,0.146,0.41324399134516715
688,844,156,0.156,0.41521747064590453
636,818,182,0.182,0.4223983635306358
692,846,154,0.154,0.4204720099270344
652,826,174,0.174,0.41978889679908754
718,859,141,0.141,0.4201814675331116
696,848,152,0.152,0.41959735134243964
684,842,158,0.158,0.42276337027549743
734,867,133,0.133,0.4144343258142471
726,863,137,0.137,0.411889826208353
654,827,173,0.173,0.41484852248430254
712,856,144,0.144,0.4074835053086281
666,833,167,0.167,0.41245632788538933
678,839,161,0.161,0.39986241787672044
664,832,168,0.168,0.39796179115772246
658,829,171,0.171,0.3960771503150463
732,866,134,0.134,0.39280655774474144
698,849,151,0.151,0.3908148728907108
720,860,140,0.14,0.3868156714737415
700,850,150,0.15,0.38851467457413674
706,853,147,0.147,0.38661368378996847
730,865,135,0.135,0.37085887929797173
724,862,138,0.138,0.3753445723503828
620,810,190,0.19,0.37948227193951606
650,825,175,0.175,0.3723092975616455
740,870,130,0.13,0.3686957769244909
718,859,141,0.141,0.36835412788391114
678,839,161,0.161,0.3686156537234783
658,829,171,0.171,0.36984373864531517
708,854,146,0.146,0.3609347466826439
686,843,157,0.157,0.36328240850567817
734,867,133,0.133,0.35836117854714394
712,856,144,0.144,0.35857055297493934
692,846,154,0.154,0.34600458219647406
784,892,108,0.108,0.3411179143637419
674,837,163,0.163,0.34404347713291644
634,817,183,0.183,0.3394958219528198
636,818,182,0.182,0.32908092004060746
658,829,171,0.171,0.33044007514417173
698,849,151,0.151,0.3255901993513107
694,847,153,0.153,0.32839837355911733
754,877,123,0.123,0.32141906885802746
722,861,139,0.139,0.3220958784520626
734,867,133,0.133,0.3225788041502237
708,854,146,0.146,0.32230516605079174
686,843,157,0.157,0.3235129793286324
748,874,126,0.126,0.31626087373495104
676,838,162,0.162,0.3190944408029318
690,845,155,0.155,0.32526910799741743
728,864,136,0.136,0.31913118831813336
736,868,132,0.132,0.3225903685837984
694,847,153,0.153,0.3245692516118288
724,862,138,0.138,0.3224775056391954
676,838,162,0.162,0.32347735583782194
690,845,155,0.155,0.32416672706604005
724,862,138,0.138,0.32082422824203966
702,851,149,0.149,0.32451813197135926
740,870,130,0.13,0.31822377906739713
762,881,119,0.119,0.316690038099885
684,842,158,0.158,0.3222343050390482
672,836,164,0.164,0.3245244566947222
708,854,146,0.146,0.3206261864602566
696,848,152,0.152,0.32522777754068377
716,858,142,0.142,0.32162114802002906
710,855,145,0.145,0.324226062014699
704,852,148,0.148,0.3266328559368849
706,853,147,0.147,0.3243714606761932
728,864,136,0.136,0.32289868412911893
706,853,147,0.147,0.32345412005484103
772,886,114,0.114,0.3266174702048302
732,866,134,0.134,0.32931980408728123
676,838,162,0.162,0.330169063270092
680,840,160,0.16,0.33337922732532027
742,871,129,0.129,0.33700847879052165
684,842,158,0.158,0.3394864058941603
684,842,158,0.158,0.3385642770677805
742,871,129,0.129,0.3431328677386045
714,857,143,0.143,0.346105918481946
682,841,159,0.159,0.35228964383900163
732,866,134,0.134,0.3450729806274176
708,854,146,0.146,0.3532651804089546
752,876,124,0.124,0.3554926196783781
710,855,145,0.145,0.3556841383874416
766,883,117,0.117,0.35441035021841527
654,827,173,0.173,0.3614300617128611
652,826,174,0.174,0.35844224029779437
728,864,136,0.136,0.3567587890625
714,857,143,0.143,0.3568491689711809
710,855,145,0.145,0.35736091546714305
706,853,147,0.147,0.35868755662441254
688,844,156,0.156,0.3595491685271263
730,865,135,0.135,0.3597905259132385
708,854,146,0.146,0.3606964755952358
628,814,186,0.186,0.3734646439254284
706,853,147,0.147,0.3695750938653946
678,839,161,0.161,0.36887238010764123
692,846,154,0.154,0.37484814515709874
692,846,154,0.154,0.38321890714764595
702,851,149,0.149,0.3864756121635437
716,858,142,0.142,0.3880651091635227
734,867,133,0.133,0.3909007347524166
768,884,116,0.116,0.4008851934969425
726,863,137,0.137,0.40207557132840155
704,852,148,0.148,0.4057233005464077
736,868,132,0.132,0.4089582746624947
662,831,169,0.169,0.41156392520666124
654,827,173,0.173,0.40622854393720625
716,858,142,0.142,0.40777288323640826
680,840,160,0.16,0.4068689776659012
722,861,139,0.139,0.4044965908527374
694,847,153,0.153,0.4048868329524994
712,856,144,0.144,0.4039808058142662
666,833,167,0.167,0.4062686225175858
690,845,155,0.155,0.41084500697255133
744,872,128,0.128,0.409911439538002
662,831,169,0.169,0.41300503131747246
780,890,110,0.11,0.4104771003127098
658,829,171,0.171,0.4170534712970257
662,831,169,0.169,0.4126173531115055
770,885,115,0.115,0.4118904235363007
696,848,152,0.152,0.4116398677229881
690,845,155,0.155,0.4141881301403046
692,846,154,0.154,0.4081666026711464
782,891,109,0.109,0.40754754313826563
702,851,149,0.149,0.4119351298213005
720,860,140,0.14,0.41019901385903357
696,848,152,0.152,0.41302209633588793
716,858,142,0.142,0.41266211786866186
744,872,128,0.128,0.4115621302127838
698,849,151,0.151,0.40384149700403216
654,827,173,0.173,0.40778997403383255
726,863,137,0.137,0.4017946230769157
706,853,147,0.147,0.4017495380938053
700,850,150,0.15,0.39594465610384943
720,860,140,0.14,0.393632981389761
688,844,156,0.156,0.39519653287529943
666,833,167,0.167,0.39455226212739947
660,830,170,0.17,0.39159756353497505
676,838,162,0.162,0.3929925510585308
732,866,134,0.134,0.3892498499751091
758,879,121,0.121,0.38657798275351524
692,846,154,0.154,0.3983984236717224
696,848,152,0.152,0.3981501800119877
708,854,146,0.146,0.3979820762872696
692,846,154,0.154,0.4028302889764309
702,851,149,0.149,0.40447470530867574
744,872,128,0.128,0.4013107672929764
700,850,150,0.15,0.4034568873643875
740,870,130,0.13,0.4025625167787075
694,847,153,0.153,0.40237810179591177
672,836,164,0.164,0.40170884916186334
676,838,162,0.162,0.4012414247393608
632,816,184,0.184,0.404225116789341
720,860,140,0.14,0.41204384207725525
672,836,164,0.164,0.41482676872611046
672,836,164,0.164,0.4207951454818249
720,860,140,0.14,0.417810246437788
694,847,153,0.153,0.426457503169775
670,835,165,0.165,0.4259085614681244
692,846,154,0.154,0.43013403815031054
704,852,148,0.148,0.4273582271039486
722,861,139,0.139,0.439719279140234
696,848,152,0.152,0.4373197907209396
660,830,170,0.17,0.4443174495995045
716,858,142,0.142,0.4405721326768398
696,848,152,0.152,0.44904355096817017
724,862,138,0.138,0.44267204228043555
676,838,162,0.162,0.448116634786129
700,850,150,0.15,0.4499243687093258
724,862,138,0.138,0.45161924487352373
680,840,160,0.16,0.4549887599349022
682,841,159,0.159,0.45196757316589353
712,856,144,0.144,0.45090765368938446
710,855,145,0.145,0.45581310224533084
704,852,148,0.148,0.45333927768468857
732,866,134,0.134,0.4534459574520588
656,828,172,0.172,0.457039645165205
670,835,165,0.165,0.4598606513440609
668,834,166,0.166,0.4609458827376366
708,854,146,0.146,0.46267067176103593
670,835,165,0.165,0.4664352672696114
726,863,137,0.137,0.45914360678195953
742,871,129,0.129,0.45834356608986854
708,854,146,0.146,0.4549178974032402
758,879,121,0.121,0.45412862706184387
706,853,147,0.147,0.4517143138349056
730,865,135,0.135,0.44812733432650564
702,851,149,0.149,0.45227905333042145
684,842,158,0.158,0.45327842953801156
694,847,153,0.153,0.45411681455373765
668,834,166,0.166,0.4538174775838852
740,870,130,0.13,0.4538663374185562
650,825,175,0.175,0.45607749646902085
702,851,149,0.149,0.458751329511404
694,847,153,0.153,0.4577960602045059
706,853,147,0.147,0.4616159256696701
652,826,174,0.174,0.46519468414783477
728,864,136,0.136,0.4574891458153725
700,850,150,0.15,0.465447574198246
676,838,162,0.162,0.4684498238861561
724,862,138,0.138,0.4656607517302036
680,840,160,0.16,0.47304039493203165
708,854,146,0.146,0.47064931359887124
690,845,155,0.155,0.47135707539319993
650,825,175,0.175,0.47553748488426206
698,849,151,0.151,0.47408518514037135
710,855,145,0.145,0.4725674159824848
728,864,136,0.136,0.46977764150500295
744,872,128,0.128,0.47200401228666305
726,863,137,0.137,0.47173376300930975
664,832,168,0.168,0.4720300790965557
698,849,151,0.151,0.468770348995924
698,849,151,0.151,0.46575648891925814
704,852,148,0.148,0.4568611658513546
692,846,154,0.154,0.45839556270837784
712,856,144,0.144,0.45843138349056245
732,866,134,0.134,0.4496395203173161
738,869,131,0.131,0.43677870482206343
660,830,170,0.17,0.43868590784072875
712,856,144,0.144,0.4267611173093319
752,876,124,0.124,0.4207229885458946
700,850,150,0.15,0.4042163761258125
704,852,148,0.148,0.405575197160244
710,855,145,0.145,0.3982502509653568
684,842,158,0.158,0.3963011093735695
752,876,124,0.124,0.3784073532223701
708,854,146,0.146,0.37924677661061285
694,847,153,0.153,0.3760387069284916
718,859,141,0.141,0.3756763021051884
708,854,146,0.146,0.3701695141792297
732,866,134,0.134,0.3687022952735424
720,860,140,0.14,0.3705598541200161
676,838,162,0.162,0.3681644896566868
668,834,166,0.166,0.36351473614573476
726,863,137,0.137,0.3606258501112461
726,863,137,0.137,0.3632383018732071
730,865,135,0.135,0.36156212055683135
724,862,138,0.138,0.36102188035845756
724,862,138,0.138,0.3657407772243023
708,854,146,0.146,0.36312738490104673
722,861,139,0.139,0.3623527603149414
688,844,156,0.156,0.36189743016660214
666,833,167,0.167,0.36981518363952637
720,860,140,0.14,0.36977084198594096
650,825,175,0.175,0.37400642776489257
698,849,151,0.151,0.3757542242705822
696,848,152,0.152,0.38142204663157464
742,871,129,0.129,0.3781913394927979
684,842,158,0.158,0.3855172427594662
720,860,140,0.14,0.38669887295365335
712,856,144,0.144,0.38167668151855466
722,861,139,0.139,0.38358287528157237
730,865,135,0.135,0.3810582103431225
704,852,148,0.148,0.3796412771344185
634,817,183,0.183,0.38340311124920845
744,872,128,0.128,0.3779045680761337
752,876,124,0.124,0.38028538748621943
674,837,163,0.163,0.3829277142286301
688,844,156,0.156,0.3857963934242725
722,861,139,0.139,0.378904793381691
722,861,139,0.139,0.3757119154036045
732,866,134,0.134,0.3766524890065193
700,850,150,0.15,0.37760064148902894
696,848,152,0.152,0.38209867760539057
692,846,154,0.154,0.3790314566940069
772,886,114,0.114,0.3769393484890461
684,842,158,0.158,0.3805239899456501
698,849,151,0.151,0.3785438453555107
706,853,147,0.147,0.3827513864040375
706,853,147,0.147,0.38302362218499186
650,825,175,0.175,0.3901987315714359
682,841,159,0.159,0.3942126317024231
702,851,149,0.149,0.39485219278931616
718,859,141,0.141,0.39197528147697447
648,824,176,0.176,0.40358240059018136
730,865,135,0.135,0.39381262546777723
684,842,158,0.158,0.4005250942409039
724,862,138,0.138,0.39313985022902487
768,884,116,0.116,0.38996226352453234
718,859,141,0.141,0.39334727194905283
722,861,139,0.139,0.39061873897910115
690,845,155,0.155,0.3938300451040268
626,813,187,0.187,0.3959921873211861
672,836,164,0.164,0.39751011607050896
708,854,146,0.146,0.40463897013664246
664,832,168,0.168,0.40726883721351625
616,808,192,0.192,0.41654297229647635
694,847,153,0.153,0.41637220680713655
732,866,134,0.134,0.42177729147672655
706,853,147,0.147,0.4277842527925968
770,885,115,0.115,0.4270213145017624
730,865,135,0.135,0.4299184015095234
674,837,163,0.163,0.4338747525811195
690,845,155,0.155,0.42934435230493545
680,840,160,0.16,0.4347789089381695
680,840,160,0.16,0.4311972290277481
686,843,157,0.157,0.4275882324576378
720,860,140,0.14,0.42662473914027216
672,836,164,0.164,0.42677824130654335
720,860,140,0.14,0.4272286897599697
688,844,156,0.156,0.4262446021139622
654,827,173,0.173,0.4234382147490978
724,862,138,0.138,0.42084935331344603
666,833,167,0.167,0.4250403436124325
698,849,151,0.151,0.4210831438302994
716,858,142,0.142,0.42020599749684334
646,823,177,0.177,0.424531173735857
686,843,157,0.157,0.42326447159051894
668,834,166,0.166,0.42389264169335367
722,861,139,0.139,0.41575394237041474
652,826,174,0.174,0.4258196453154087
678,839,161,0.161,0.42185104164481163
686,843,157,0.157,0.42787118831276894
710,855,145,0.145,0.4271383995115757
696,848,152,0.152,0.4349376257061958
712,856,144,0.144,0.4356323576271534
670,835,165,0.165,0.43541629910469054
656,828,172,0.172,0.4417054389715195
652,826,174,0.174,0.4484976470768452
682,841,159,0.159,0.44509145769476893
680,840,160,0.16,0.4466202074587345
692,846,154,0.154,0.4466799165010452
704,852,148,0.148,0.45087166836857795
654,827,173,0.173,0.4559567880630493
698,849,151,0.151,0.4550369277000427
670,835,165,0.165,0.4575317051410675
680,840,160,0.16,0.46216098353266716
678,839,161,0.161,0.45772832360863686
740,870,130,0.13,0.4543214219510555
670,835,165,0.165,0.4612170397043228
738,869,131,0.131,0.4544555512368679
626,813,187,0.187,0.4561954364478588
704,852,148,0.148,0.4559913847446442
682,841,159,0.159,0.45347332999110224
664,832,168,0.168,0.45580289548635483
674,837,163,0.163,0.4541740665435791
710,855,145,0.145,0.4492438798546791
726,863,137,0.137,0.4459789140820503
720,860,140,0.14,0.4467555003762245
740,870,130,0.13,0.4365438286066055
680,840,160,0.16,0.43970807603001594
704,852,148,0.148,0.43862109357118606
740,870,130,0.13,0.43361896893382074
684,842,158,0.158,0.4348922379910946
688,844,156,0.156,0.43647578778862955
692,846,154,0.154,0.43318491652607916
722,861,139,0.139,0.4315299965441227
676,838,162,0.162,0.4370914863049984
656,828,172,0.172,0.4360574805736542
686,843,157,0.157,0.4420560550391674
698,849,151,0.151,0.433644767254591
646,823,177,0.177,0.44745692431926726
682,841,159,0.159,0.44537117770314216
664,832,168,0.168,0.44708064004778864
644,822,178,0.178,0.4583829462528229
700,850,150,0.15,0.46575320595502856
646,823,177,0.177,0.4669346899986267
696,848,152,0.152,0.46674745073914525
744,872,128,0.128,0.4756775232851505
656,828,172,0.172,0.48203812110424044
686,843,157,0.157,0.4791471924185753
708,854,146,0.146,0.4829215071797371
714,857,143,0.143,0.48427793058753016
716,858,142,0.142,0.4818135561645031
702,851,149,0.149,0.48090220043063164
664,832,168,0.168,0.4855440985262394
726,863,137,0.137,0.4730340746641159
724,862,138,0.138,0.4715420662164688
750,875,125,0.125,0.46532753059267995
700,850,150,0.15,0.46834544014930723
662,831,169,0.169,0.461561266541481
732,866,134,0.134,0.4515875787138939
732,866,134,0.134,0.4495431671440601
680,840,160,0.16,0.4511562607288361
642,821,179,0.179,0.4481111340820789
750,875,125,0.125,0.43420343920588494
634,817,183,0.183,0.4436507897675037
682,841,159,0.159,0.4378605798780918
670,835,165,0.165,0.44319384250044824
640,820,180,0.18,0.4481072935163975
754,877,123,0.123,0.44296439284086225
670,835,165,0.165,0.45098990869522093
660,830,170,0.17,0.4580934353172779
654,827,173,0.173,0.4638983208537102
720,860,140,0.14,0.45891180205345156
686,843,157,0.157,0.4627166936695576
700,850,150,0.15,0.4646061481237411
658,829,171,0.171,0.46858546283841135
696,848,152,0.152,0.46412667459249496
694,847,153,0.153,0.4641436708569527
700,850,150,0.15,0.46082761326432226
716,858,142,0.142,0.4559073279798031
734,867,133,0.133,0.4480512890815735
682,841,159,0.159,0.4506714895367622
688,844,156,0.156,0.4402874498963356
678,839,161,0.161,0.43991876718401907
686,843,157,0.157,0.4371187511384487
680,840,160,0.16,0.43660446125268937
720,860,140,0.14,0.43552319997549055
650,825,175,0.175,0.44092704460024834
650,825,175,0.175,0.43896954610943795
682,841,159,0.159,0.441565684735775
712,856,144,0.144,0.43927407297492027
724,862,138,0.138,0.4467638845741749
728,864,136,0.136,0.44440254160761833
652,826,174,0.174,0.4515876209139824
656,828,172,0.172,0.45163035586476324
708,854,146,0.146,0.44709592911601065
704,852,148,0.148,0.4508313242197037
694,847,153,0.153,0.45378509211540224
664,832,168,0.168,0.4507817376852036
658,829,171,0.171,0.45181362143158915
670,835,165,0.165,0.4509782707989216
738,869,131,0.131,0.44889952218532564
704,852,148,0.148,0.451990186303854
654,827,173,0.173,0.4550697040259838
616,808,192,0.192,0.45789794152975083
694,847,153,0.153,0.45386600878834726
676,838,162,0.162,0.4568152215778828
662,831,169,0.169,0.4565900533795357
648,824,176,0.176,0.4681745715141296
674,837,163,0.163,0.45846491095423697
684,842,158,0.158,0.4605443253815174
732,866,134,0.134,0.45548924458026885
682,841,159,0.159,0.45839932933449745
656,828,172,0.172,0.45883606004714966
648,824,176,0.176,0.4559586265385151
746,873,127,0.127,0.4411294054389
674,837,163,0.163,0.44648262694478036
678,839,161,0.161,0.44669372433424
678,839,161,0.161,0.44156838360428813
624,812,188,0.188,0.44508233231306077
682,841,159,0.159,0.4378091601729393
726,863,137,0.137,0.43641848173737524
720,860,140,0.14,0.434493253916502
642,821,179,0.179,0.43777056270837783
728,864,136,0.136,0.43079355493187904
670,835,165,0.165,0.43364055678248403
728,864,136,0.136,0.42021773663163187
712,856,144,0.144,0.4164546560049057
668,834,166,0.166,0.41351802453398706
702,851,149,0.149,0.410289315789938
684,842,158,0.158,0.4115651853084564
718,859,141,0.141,0.4038357811272144
740,870,130,0.13,0.39249586057662966
740,870,130,0.13,0.39315068763494493
706,853,147,0.147,0.393638357847929
710,855,145,0.145,0.3864528231024742
698,849,151,0.151,0.383104677349329
786,893,107,0.107,0.3764930881857872
732,866,134,0.134,0.38093177235126496
710,855,145,0.145,0.37042787036299707
728,864,136,0.136,0.3717091846764088
708,854,146,0.146,0.3714424022734165
656,828,172,0.172,0.3734971340298653
720,860,140,0.14,0.3680381647348404
738,869,131,0.131,0.37057790243625643
712,856,144,0.144,0.37222695803642275
710,855,145,0.145,0.3737811529636383
742,871,129,0.129,0.369979718029499
720,860,140,0.14,0.3735322656929493
730,865,135,0.135,0.3711722109019756
698,849,151,0.151,0.37222427743673325
670,835,165,0.165,0.37858541879057883
664,832,168,0.168,0.38194036081433297
706,853,147,0.147,0.3804979957640171
648,824,176,0.176,0.3821276196539402
736,868,132,0.132,0.38922513648867607
708,854,146,0.146,0.3922747516334057
762,881,119,0.119,0.39059114971756936
674,837,163,0.163,0.3972732443809509
680,840,160,0.16,0.4021326893568039
692,846,154,0.154,0.4028145443499088
702,851,149,0.149,0.4030103842616081
664,832,168,0.168,0.40446808221936226
722,861,139,0.139,0.41099774837493896
688,844,156,0.156,0.41523519349098204
688,844,156,0.156,0.4169987831115723
712,856,144,0.144,0.4180593218207359
682,841,159,0.159,0.4201078642010689
720,860,140,0.14,0.4153814177811146
694,847,153,0.153,0.4165998910367489
654,827,173,0.173,0.4198691845536232
660,830,170,0.17,0.41456813034415246
708,854,146,0.146,0.4130461297929287
730,865,135,0.135,0.40984047564864157
676,838,162,0.162,0.4136297559440136
670,835,165,0.165,0.41329874721169474
686,843,157,0.157,0.40767402946949005
712,856,144,0.144,0.4060381892025471
692,846,154,0.154,0.40666704469919207
702,851,149,0.149,0.4004818905591965
680,840,160,0.16,0.39744738858938217
676,838,162,0.162,0.4001207459568977
692,846,154,0.154,0.3991955810189247
692,846,154,0.154,0.40377968886494636
746,873,127,0.127,0.3999059682786465
672,836,164,0.164,0.4083043914139271
658,829,171,0.171,0.40637247103452684
688,844,156,0.156,0.4025419951081276
742,871,129,0.129,0.3996272004544735
678,839,161,0.161,0.40412248209118845
688,844,156,0.156,0.39983606243133546
712,856,144,0.144,0.39457575127482414
658,829,171,0.171,0.38969878700375554
686,843,157,0.157,0.38422932621836664
704,852,148,0.148,0.3815677909851074
642,821,179,0.179,0.38134622970223425
728,864,136,0.136,0.37709839701652526
728,864,136,0.136,0.3735505368411541
738,869,131,0.131,0.37385064113140104
668,834,166,0.166,0.37726882827281955
722,861,139,0.139,0.3686858833432198
704,852,148,0.148,0.37310776934027673
710,855,145,0.145,0.3722536408901215
652,826,174,0.174,0.37868217095732687
708,854,146,0.146,0.37394596987962725
718,859,141,0.141,0.37412346330285073
688,844,156,0.156,0.377784398406744
700,850,150,0.15,0.38599393570423124
682,841,159,0.159,0.39611941531300543
700,850,150,0.15,0.39613838347792624
690,845,155,0.155,0.3976896960735321
678,839,161,0.161,0.40690418818593027
740,870,130,0.13,0.4072892355024815
698,849,151,0.151,0.4120837236046791
692,846,154,0.154,0.41257522961497306
692,846,154,0.154,0.41733836606144903
700,850,150,0.15,0.4158260572254658
702,851,149,0.149,0.41552356332540513
752,876,124,0.124,0.41007155296206477
664,832,168,0.168,0.4137490938305855
738,869,131,0.131,0.40914786532521247
708,854,146,0.146,0.4085099684894085
734,867,133,0.133,0.40819224232435225
658,829,171,0.171,0.40992648649215696
690,845,155,0.155,0.40821630382537843
722,861,139,0.139,0.4024979683160782
714,857,143,0.143,0.4062523411512375
688,844,156,0.156,0.4088645180761814
700,850,150,0.15,0.4118969046771526
692,846,154,0.154,0.4120447805821896
662,831,169,0.169,0.4134970850646496
688,844,156,0.156,0.413271574229002
754,877,123,0.123,0.4142161140143871
646,823,177,0.177,0.423163722217083
744,872,128,0.128,0.4149734642505646
716,858,142,0.142,0.4190522829592228
712,856,144,0.144,0.4156027746796608
698,849,151,0.151,0.4199648824632168
696,848,152,0.152,0.41788198083639144
628,814,186,0.186,0.42251001566648483
716,858,142,0.142,0.4176777522265911
644,822,178,0.178,0.41914131870865823
692,846,154,0.154,0.4216718892753124
726,863,137,0.137,0.41777301734685895
732,866,134,0.134,0.4227160030603409
668,834,166,0.166,0.42474030518531797
756,878,122,0.122,0.4238333928287029
674,837,163,0.163,0.4241792401075363
670,835,165,0.165,0.43267158383131027
754,877,123,0.123,0.42291966047883034
668,834,166,0.166,0.43236786580085756
674,837,163,0.163,0.43872721204161647
660,830,170,0.17,0.4419490832090378
658,829,171,0.171,0.4414825533032417
664,832,168,0.168,0.4453117348253727
674,837,163,0.163,0.4523128987550735
756,878,122,0.122,0.44561802980303766
632,816,184,0.184,0.45490304559469225
642,821,179,0.179,0.4498310705423355
704,852,148,0.148,0.4556662709414959
690,845,155,0.155,0.45423311650753023
696,848,152,0.152,0.4565125370919704
708,854,146,0.146,0.45303646340966225
738,869,131,0.131,0.4436925726830959
674,837,163,0.163,0.451698008030653
750,875,125,0.125,0.44167431828379633
740,870,130,0.13,0.4457572452425957
734,867,133,0.133,0.4370006054341793
682,841,159,0.159,0.4430720725953579
766,883,117,0.117,0.43657420831918714
678,839,161,0.161,0.44031898060441016
656,828,172,0.172,0.43766407191753387
634,817,183,0.183,0.435260656774044
706,853,147,0.147,0.4363025281429291
672,836,164,0.164,0.44339404875040056
708,854,146,0.146,0.45140295222401616
694,847,153,0.153,0.4503103978037834
700,850,150,0.15,0.45272219598293306
704,852,148,0.148,0.45142327472567556
718,859,141,0.141,0.4509963388442993
656,828,172,0.172,0.4511170005500317
668,834,166,0.166,0.45672583985328674
762,881,119,0.119,0.4427189851999283
708,854,146,0.146,0.4398544328510761
672,836,164,0.164,0.44367237743735316
726,863,137,0.137,0.4367601221203804
704,852,148,0.148,0.43847599551081656
704,852,148,0.148,0.43847955551743506
696,848,152,0.152,0.4369821761250496
690,845,155,0.155,0.4359154210090637
714,857,143,0.143,0.4378428119421005
688,844,156,0.156,0.43708244934678075
682,841,159,0.159,0.4401633025109768
658,829,171,0.171,0.4375380928218365
690,845,155,0.155,0.4333360251188278
710,855,145,0.145,0.4417813268303871
728,864,136,0.136,0.435881136238575
688,844,156,0.156,0.43965486201643944
666,833,167,0.167,0.4438179280459881
676,838,162,0.162,0.4513331314921379
722,861,139,0.139,0.444474801748991
710,855,145,0.145,0.44751842361688615
680,840,160,0.16,0.4565030107200146
708,854,146,0.146,0.4558567398786545
686,843,157,0.157,0.46166126343607905
718,859,141,0.141,0.45820938953757284
720,860,140,0.14,0.45816724383831026
648,824,176,0.176,0.4649170128107071
704,852,148,0.148,0.4615645549893379
716,858,142,0.142,0.46437835198640826
684,842,158,0.158,0.46361288872361184
706,853,147,0.147,0.46564446765184403
724,862,138,0.138,0.4668520590364933
662,831,169,0.169,0.46918962025642397
682,841,159,0.159,0.47126996180415154
658,829,171,0.171,0.4756238928437233
660,830,170,0.17,0.47725222864747047
706,853,147,0.147,0.47179396703839305
710,855,145,0.145,0.47558524513244627
658,829,171,0.171,0.4809135347008705
678,839,161,0.161,0.4793279004693031
690,845,155,0.155,0.47882767078280447
690,845,155,0.155,0.4788752047717571
624,812,188,0.188,0.4824725855886936
740,870,130,0.13,0.469800485342741
644,822,178,0.178,0.4806984489560127
738,869,131,0.131,0.4790366944670677
706,853,147,0.147,0.4809049324989319
682,841,159,0.159,0.48097781282663343
664,832,168,0.168,0.4841707527935505
676,838,162,0.162,0.4780078594982624
658,829,171,0.171,0.48207939022779467
720,860,140,0.14,0.4779750235080719
676,838,162,0.162,0.4820176480412483
702,851,149,0.149,0.48444239708781245
780,890,110,0.11,0.479209728628397
652,826,174,0.174,0.4851847013235092
706,853,147,0.147,0.4841737443804741
704,852,148,0.148,0.48469172927737236
674,837,163,0.163,0.4815999723672867
742,871,129,0.129,0.47680274486541746
662,831,169,0.169,0.48470868054032323
682,841,159,0.159,0.4844627319574356
688,844,156,0.156,0.4852094862759113
714,857,143,0.143,0.48788944113254545
714,857,143,0.143,0.4861528939306736
666,833,167,0.167,0.48956002753973005
620,810,190,0.19,0.5003208103477955
668,834,166,0.166,0.49444995522499086
686,843,157,0.157,0.49705114659667016
664,832,168,0.168,0.5074454292356968
660,830,170,0.17,0.5231220523416996
710,855,145,0.145,0.5196494082808495
724,862,138,0.138,0.5210196334123611
696,848,152,0.152,0.5300170982182026
658,829,171,0.171,0.538062360137701
712,856,144,0.144,0.5366614592969418
710,855,145,0.145,0.5351299259960651
690,845,155,0.155,0.5418038940727711
704,852,148,0.148,0.5395909930467606
656,828,172,0.172,0.5422474158406257
664,832,168,0.168,0.5440935880243778
624,812,188,0.188,0.5486318835914135
648,824,176,0.176,0.5421120007038116
658,829,171,0.171,0.5434888611733913
678,839,161,0.161,0.542368577003479
692,846,154,0.154,0.5450773392319679
674,837,163,0.163,0.5346938306391239
672,836,164,0.164,0.5338851754367352
690,845,155,0.155,0.534671984910965
716,858,142,0.142,0.5288447548449039
688,844,156,0.156,0.5246256643533707
706,853,147,0.147,0.5188030678629875
618,809,191,0.191,0.5251222167313099
654,827,173,0.173,0.5164492692649364
712,856,144,0.144,0.5125882534086704
634,817,183,0.183,0.5150382491052151
704,852,148,0.148,0.5119280308187008
688,844,156,0.156,0.5085061892867089
654,827,173,0.173,0.5025274743437766
664,832,168,0.168,0.5050959067046642
694,847,153,0.153,0.5001938082277775
706,853,147,0.147,0.4978735611438751
720,860,140,0.14,0.4993373465240002
696,848,152,0.152,0.5020139912366867
684,842,158,0.158,0.5039143324494362
688,844,156,0.156,0.5042245845794677
706,853,147,0.147,0.507498564183712
672,836,164,0.164,0.5151593011319637
682,841,159,0.159,0.5122875460386276
614,807,193,0.193,0.5161560427546501
712,856,144,0.144,0.5112289164960384
678,839,161,0.161,0.5165485780537128
720,860,140,0.14,0.5093611000180245
664,832,168,0.168,0.5140078236460686
678,839,161,0.161,0.5178337529301643
664,832,168,0.168,0.5173888407051563
698,849,151,0.151,0.5192092241346836
676,838,162,0.162,0.523600747525692
734,867,133,0.133,0.5268490358889103
702,851,149,0.149,0.5255855707526207
730,865,135,0.135,0.5243625300228596
718,859,141,0.141,0.5267138884067536
674,837,163,0.163,0.5379849335253238
648,824,176,0.176,0.5382333551645279
684,842,158,0.158,0.5316617485582829
666,833,167,0.167,0.5442470555603505
638,819,181,0.181,0.5469300450086594
714,857,143,0.143,0.5431255244612694
676,838,162,0.162,0.5477228188514709
690,845,155,0.155,0.5435109462738037
642,821,179,0.179,0.550256476342678
648,824,176,0.176,0.5409743047952652
660,830,170,0.17,0.5451098530888557
664,832,168,0.168,0.541219591140747
662,831,169,0.169,0.5432110716402531
640,820,180,0.18,0.5381896483898163
642,821,179,0.179,0.542990121781826
648,824,176,0.176,0.5422687785625457
714,857,143,0.143,0.542454094260931
676,838,162,0.162,0.5427228170037269
704,852,148,0.148,0.5427901429831982
648,824,176,0.176,0.5511894523501396
686,843,157,0.157,0.5455892193615437
684,842,158,0.158,0.5428034245371819
700,850,150,0.15,0.5429738528132438
678,839,161,0.161,0.5465068290233612
678,839,161,0.161,0.547182854861021
576,788,212,0.212,0.5591056302785874
704,852,148,0.148,0.5542790074646473
640,820,180,0.18,0.5540318509340286
690,845,155,0.155,0.5532311789095402
694,847,153,0.153,0.5534688283801079
644,822,178,0.178,0.560123995155096
626,813,187,0.187,0.5539893137514591
706,853,147,0.147,0.5499086540639401
650,825,175,0.175,0.5536919393241405
702,851,149,0.149,0.5429456260800362
626,813,187,0.187,0.5466856346726418
632,816,184,0.184,0.5411506285071372
670,835,165,0.165,0.53907573351264
698,849,151,0.151,0.5341459605693817
684,842,158,0.158,0.5283352693319321
682,841,159,0.159,0.5279386644363403
716,858,142,0.142,0.5275280272662639
706,853,147,0.147,0.5235781523883343
698,849,151,0.151,0.5207829982340336
700,850,150,0.15,0.5204031484127045
656,828,172,0.172,0.5210733834207057
740,870,130,0.13,0.5180292595922947
626,813,187,0.187,0.527532116919756
686,843,157,0.157,0.525731456309557
644,822,178,0.178,0.529961467474699
678,839,161,0.161,0.530495563685894
686,843,157,0.157,0.5317335754036904
674,837,163,0.163,0.5399892411530017
674,837,163,0.163,0.5357341051697732
676,838,162,0.162,0.5433106859326362
716,858,142,0.142,0.540551913768053
738,869,131,0.131,0.5380890674293041
684,842,158,0.158,0.5394189338982105
676,838,162,0.162,0.5403292746841908
618,809,191,0.191,0.5386584761142731
686,843,157,0.157,0.5333036738634109
690,845,155,0.155,0.5302835427820682
692,846,154,0.154,0.5295606593489647
626,813,187,0.187,0.5272927085757255
756,878,122,0.122,0.5130588502287865
674,837,163,0.163,0.5132475986480712
748,874,126,0.126,0.5087018155753612
716,858,142,0.142,0.5033058544993401
688,844,156,0.156,0.49906109389662745
652,826,174,0.174,0.5051151630580425
632,816,184,0.184,0.5097115305960178
698,849,151,0.151,0.505151748508215
626,813,187,0.187,0.5141259692013264
690,845,155,0.155,0.5078247141838074
710,855,145,0.145,0.5133167650699616
732,866,134,0.134,0.5144344938695431
702,851,149,0.149,0.5207202782034874
710,855,145,0.145,0.5173887623548508
680,840,160,0.16,0.523072454482317
670,835,165,0.165,0.5183221560120582
720,860,140,0.14,0.5179438458681107
692,846,154,0.154,0.5189797031581402
700,850,150,0.15,0.5188067920804024
638,819,181,0.181,0.5237728589177132
776,888,112,0.112,0.5135856091082096
694,847,153,0.153,0.518830329746008
638,819,181,0.181,0.5204262913763523
610,805,195,0.195,0.5237098705172539
718,859,141,0.141,0.5173348920047283
698,849,151,0.151,0.5166898480951786
624,812,188,0.188,0.5189644335210324
698,849,151,0.151,0.5223578189015389
650,825,175,0.175,0.5224775832593441
714,857,143,0.143,0.5214596823453903
714,857,143,0.143,0.5222274894714356
642,821,179,0.179,0.5269542457759381
682,841,159,0.159,0.5288029337227345
728,864,136,0.136,0.5263487637341022
666,833,167,0.167,0.5290902162790299
666,833,167,0.167,0.5299543686509133
730,865,135,0.135,0.5303628663420678
678,839,161,0.161,0.5280539849400521
674,837,163,0.163,0.5283813390433788
702,851,149,0.149,0.5235122469961643
692,846,154,0.154,0.5207259164750576
704,852,148,0.148,0.5188367823064327
688,844,156,0.156,0.519150235593319
638,819,181,0.181,0.5224545730650425
678,839,161,0.161,0.5154133696258069
664,832,168,0.168,0.5230869090259075
674,837,163,0.163,0.5207734072804451
720,860,140,0.14,0.5203150816261768
702,851,149,0.149,0.5230535086989403
688,844,156,0.156,0.5228531408905983
682,841,159,0.159,0.5244374469518661
622,811,189,0.189,0.5291332502663135
738,869,131,0.131,0.5236400560736656
660,830,170,0.17,0.5262436594069004
662,831,169,0.169,0.5266512089371681
656,828,172,0.172,0.5347150183022022
702,851,149,0.149,0.5338574963808059
654,827,173,0.173,0.5455869771540165
648,824,176,0.176,0.5483116878867149
690,845,155,0.155,0.556698090672493
748,874,126,0.126,0.5499648903608322
720,860,140,0.14,0.5554378845095634
608,804,196,0.196,0.5675307039022446
670,835,165,0.165,0.5618880649209023
694,847,153,0.153,0.5589986687004567
688,844,156,0.156,0.5610495180785656
660,830,170,0.17,0.5644752107262612
696,848,152,0.152,0.5632461027801037
686,843,157,0.157,0.5601401053965092
732,866,134,0.134,0.5540945903658867
712,856,144,0.144,0.5580780563056469
700,850,150,0.15,0.5547826302051544
752,876,124,0.124,0.5512320592403411
676,838,162,0.162,0.5498956636488438
706,853,147,0.147,0.5470435574650765
704,852,148,0.148,0.5467837885916234
634,817,183,0.183,0.5520399633049965
676,838,162,0.162,0.5489204745590687
680,840,160,0.16,0.5515207812786103
662,831,169,0.169,0.5618920835554599
674,837,163,0.163,0.5626599165499211
696,848,152,0.152,0.5571418808698654
664,832,168,0.168,0.5646339000463486
698,849,151,0.151,0.5771530833542347
654,827,173,0.173,0.5740084536373615
694,847,153,0.153,0.5766011647284031
664,832,168,0.168,0.5819877417981625
654,827,173,0.173,0.5949797073602676
660,830,170,0.17,0.5955928452908993
668,834,166,0.166,0.5928056803047657
642,821,179,0.179,0.5966954547464848
682,841,159,0.159,0.5896917077302932
718,859,141,0.141,0.5890806075632572
662,831,169,0.169,0.586376734405756
694,847,153,0.153,0.581885879188776
706,853,147,0.147,0.5701217924058437
682,841,159,0.159,0.5729084734618664
684,842,158,0.158,0.5717438780069352
680,840,160,0.16,0.5690538156032562
668,834,166,0.166,0.5687101206481456
662,831,169,0.169,0.5665553410053253
622,811,189,0.189,0.5665783465206623
700,850,150,0.15,0.5636920933127403
688,844,156,0.156,0.5610005018711091
652,826,174,0.174,0.5673248535990715
690,845,155,0.155,0.5634233934879302
658,829,171,0.171,0.5670337796211242
716,858,142,0.142,0.5638969258069992
686,843,157,0.157,0.562297325015068
652,826,174,0.174,0.5638575757443904
654,827,173,0.173,0.5705821460485458
648,824,176,0.176,0.573759559482336
662,831,169,0.169,0.5705561564862728
672,836,164,0.164,0.5780013867914676
656,828,172,0.172,0.5812358904480934
692,846,154,0.154,0.5841927364170552
682,841,159,0.159,0.5807390016019345
658,829,171,0.171,0.5818840380311012
668,834,166,0.166,0.5775835478007794
698,849,151,0.151,0.5702454251945018
680,840,160,0.16,0.5681104955971241
678,839,161,0.161,0.5590926904678345
714,857,143,0.143,0.549353620916605
664,832,168,0.168,0.5495079957544804
684,842,158,0.158,0.5380755333006382
674,837,163,0.163,0.533138433009386
652,826,174,0.174,0.5263973643779755
686,843,157,0.157,0.5207829402685166
692,846,154,0.154,0.5117813853919506
726,863,137,0.137,0.5033475062847137
678,839,161,0.161,0.5030986998379231
706,853,147,0.147,0.5017935806214809
672,836,164,0.164,0.4934852010607719
638,819,181,0.181,0.49367365264892576
656,828,172,0.172,0.4969358844459057
660,830,170,0.17,0.4919744937717915
678,839,161,0.161,0.49295708414912226
658,829,171,0.171,0.49102383431792257
708,854,146,0.146,0.4938775106072426
702,851,149,0.149,0.492505072593689
690,845,155,0.155,0.4904625882208347
694,847,153,0.153,0.491872260928154
704,852,148,0.148,0.48549614360928534
720,860,140,0.14,0.48365130376815796
674,837,163,0.163,0.48410879904031756
732,866,134,0.134,0.4775945985913277
734,867,133,0.133,0.47130810618400576
698,849,151,0.151,0.46796842271089556
628,814,186,0.186,0.46965493392944335
744,872,128,0.128,0.45583945992589
676,838,162,0.162,0.45715287485718725
688,844,156,0.156,0.45607401299476624
754,877,123,0.123,0.44813464641571044
742,871,129,0.129,0.44427504670619966
642,821,179,0.179,0.45084156829118727
736,868,132,0.132,0.44052153870463373
674,837,163,0.163,0.4461816359460354
740,870,130,0.13,0.4429241594672203
638,819,181,0.181,0.44422598627209664
700,850,150,0.15,0.44020490550994873
678,839,161,0.161,0.44083869752287863
664,832,168,0.168,0.43658378925919533
672,836,164,0.164,0.4392104640007019
706,853,147,0.147,0.435310228407383
696,848,152,0.152,0.4380360282957554
694,847,153,0.153,0.4402747286260128
722,861,139,0.139,0.4414202979505062
708,854,146,0.146,0.44576313269138335
698,849,151,0.151,0.45478996574878694
702,851,149,0.149,0.4554367228448391
724,862,138,0.138,0.45250601691007614
646,823,177,0.177,0.4632791858017445
686,843,157,0.157,0.4637187344133854
724,862,138,0.138,0.4640827914476395
696,848,152,0.152,0.4705902308225632
710,855,145,0.145,0.4743804993927479
652,826,174,0.174,0.47889994740486147
614,807,193,0.193,0.47953800117969514
706,853,147,0.147,0.47932605594396593
688,844,156,0.156,0.4812280987799168
718,859,141,0.141,0.4799280367791653
664,832,168,0.168,0.478374177724123
666,833,167,0.167,0.47810981938242914
682,841,159,0.159,0.4783607069849968
694,847,153,0.153,0.4760164255797863
722,861,139,0.139,0.4769432349801064
664,832,168,0.168,0.4788729928433895
694,847,153,0.153,0.477979526668787
722,861,139,0.139,0.47933371940255165
686,843,157,0.157,0.4805962654948235
672,836,164,0.164,0.48357197692990306
654,827,173,0.173,0.48826070311665537
678,839,161,0.161,0.48740883797407153
690,845,155,0.155,0.49016130763292315
716,858,142,0.142,0.4919720857143402
716,858,142,0.142,0.4901096045076847
702,851,149,0.149,0.4939705654978752
656,828,172,0.172,0.4992571250796318
684,842,158,0.158,0.492163121253252
730,865,135,0.135,0.49398941561579707
690,845,155,0.155,0.49705058452486994
662,831,169,0.169,0.5033560685217381
654,827,173,0.173,0.5016027150154114
676,838,162,0.162,0.5081357440054417
658,829,171,0.171,0.5168844485282897
658,829,171,0.171,0.5233385682106018
644,822,178,0.178,0.5323884018361569
664,832,168,0.168,0.5327793195843696
706,853,147,0.147,0.5313671521544456
728,864,136,0.136,0.5310199469327926
698,849,151,0.151,0.5355084971189499
624,812,188,0.188,0.5360316978096962
702,851,149,0.149,0.530894965082407
676,838,162,0.162,0.5320357259511947
680,840,160,0.16,0.5316608696579933
618,809,191,0.191,0.53962010794878
658,829,171,0.171,0.5374075431227684
682,841,159,0.159,0.5368128883838653
696,848,152,0.152,0.5321465606093406
654,827,173,0.173,0.5328871456980705
660,830,170,0.17,0.5345811505019665
670,835,165,0.165,0.5341004879772663
702,851,149,0.149,0.5297303467988967
714,857,143,0.143,0.5315755252242088
692,846,154,0.154,0.5303217053413392
742,871,129,0.129,0.5309209774136543
676,838,162,0.162,0.5321647398173809
644,822,178,0.178,0.5347184900939465
754,877,123,0.123,0.5192966260015964
632,816,184,0.184,0.5257879182994366
710,855,145,0.145,0.5207205941379071
722,861,139,0.139,0.5147884255349636
672,836,164,0.164,0.516754372805357
690,845,155,0.155,0.5166467960476875
674,837,163,0.163,0.5151114649176598
638,819,181,0.181,0.516732990026474
660,830,170,0.17,0.5149770085513592
698,849,151,0.151,0.5118366631269455
694,847,153,0.153,0.5102578612565994
662,831,169,0.169,0.5142195198237896
692,846,154,0.154,0.5149018730521202
740,870,130,0.13,0.5161069940626621
672,836,164,0.164,0.5180103709697723
668,834,166,0.166,0.5232464911341668
674,837,163,0.163,0.5229520685970783
672,836,164,0.164,0.5214318083822728
666,833,167,0.167,0.5262196531295776
600,800,200,0.2,0.5293280366063118
724,862,138,0.138,0.5277745304405689
694,847,153,0.153,0.530025526702404
712,856,144,0.144,0.5317960263490676
720,860,140,0.14,0.5299302722811698
676,838,162,0.162,0.5330625640153885
652,826,174,0.174,0.5408331955075264
642,821,179,0.179,0.5421211661696435
654,827,173,0.173,0.5381512330174446
648,824,176,0.176,0.550007811576128
576,788,212,0.212,0.5550380328595639
654,827,173,0.173,0.5557482172548771
664,832,168,0.168,0.5577359800338745
688,844,156,0.156,0.5633901785910129
688,844,156,0.156,0.5593833291828633
658,829,171,0.171,0.5667005181312561
658,829,171,0.171,0.5638840364217759
624,812,188,0.188,0.5635302534103394
678,839,161,0.161,0.5588931748867035
748,874,126,0.126,0.5467700210213661
638,819,181,0.181,0.5587139746248722
632,816,184,0.184,0.5425025922060013
680,840,160,0.16,0.5361648311913013
694,847,153,0.153,0.5302590838074684
668,834,166,0.166,0.5324601524174214
706,853,147,0.147,0.520511412113905
740,870,130,0.13,0.5170317719578743
686,843,157,0.157,0.508634966135025
680,840,160,0.16,0.5095606884658337
720,860,140,0.14,0.4945542929470539
674,837,163,0.163,0.4973803641498089
636,818,182,0.182,0.49332075721025465
646,823,177,0.177,0.49136468625068663
710,855,145,0.145,0.4811336676180363
654,827,173,0.173,0.4810837159752846
650,825,175,0.175,0.4813457941412926
744,872,128,0.128,0.4766006030738354
682,841,159,0.159,0.48084193965792654
712,856,144,0.144,0.47304627621173856
686,843,157,0.157,0.47397610744833946
652,826,174,0.174,0.47816270953416823
680,840,160,0.16,0.4743410578370094
680,840,160,0.16,0.47647190317511556
746,873,127,0.127,0.4707398884296417
690,845,155,0.155,0.47563265094161034
722,861,139,0.139,0.4740393840670586
734,867,133,0.133,0.4744707112312317
634,817,183,0.183,0.47072039294242857
668,834,166,0.166,0.4726258643567562
740,870,130,0.13,0.46152632221579554
670,835,165,0.165,0.4617779483497143
696,848,152,0.152,0.4538515185713768
664,832,168,0.168,0.4581613810956478
658,829,171,0.171,0.45567438381910325
710,855,145,0.145,0.4530670331120491
674,837,163,0.163,0.4550299867093563
696,848,152,0.152,0.4504571217000484
712,856,144,0.144,0.44743759763240815
704,852,148,0.148,0.4507824065685272
702,851,149,0.149,0.45015796107053757
774,887,113,0.113,0.44418027889728545
690,845,155,0.155,0.44017152032256124
696,848,152,0.152,0.4372109939754009
726,863,137,0.137,0.431492783665657
696,848,152,0.152,0.42942590633034705
688,844,156,0.156,0.42172258710861205
706,853,147,0.147,0.42118770587444304
766,883,117,0.117,0.4129385753273964
646,823,177,0.177,0.419042034894228
710,855,145,0.145,0.41282267770171166
690,845,155,0.155,0.4117163661718369
726,863,137,0.137,0.4125686706602573
706,853,147,0.147,0.4120163910984993
724,862,138,0.138,0.40980645644664765
648,824,176,0.176,0.4209274813830853
690,845,155,0.155,0.416842358738184
718,859,141,0.141,0.41879354885220527
708,854,146,0.146,0.42646605959534645
686,843,157,0.157,0.43359614208340647
644,822,178,0.178,0.4325437512397766
686,843,157,0.157,0.4353827556669712
620,810,190,0.19,0.4523901641666889
682,841,159,0.159,0.4570243709087372
672,836,164,0.164,0.45612475597858426
698,849,151,0.151,0.4588795881569386
732,866,134,0.134,0.4638732453286648
678,839,161,0.161,0.4714152941405773
748,874,126,0.126,0.4696661193072796
608,804,196,0.196,0.4809895801842213
718,859,141,0.141,0.4747596818208695
666,833,167,0.167,0.4797947083711624
696,848,152,0.152,0.4730266700685024
738,869,131,0.131,0.4688116200864315
658,829,171,0.171,0.4648971297442913
656,828,172,0.172,0.46308405229449273
630,815,185,0.185,0.46244967955350874
736,868,132,0.132,0.45564430725574495
678,839,161,0.161,0.44988871335983277
734,867,133,0.133,0.44198434990644453
698,849,151,0.151,0.4414228707849979
704,852,148,0.148,0.4409509548544884
650,825,175,0.175,0.4328961478173733
744,872,128,0.128,0.42544704529643057
714,857,143,0.143,0.42631016272306443
702,851,149,0.149,0.4271798334121704
676,838,162,0.162,0.42216670340299606
646,823,177,0.177,0.4140595488548279
684,842,158,0.158,0.4120835508108139
740,870,130,0.13,0.4058913719654083
724,862,138,0.138,0.4053536668419838
682,841,159,0.159,0.3990022242665291
738,869,131,0.131,0.3956140772998333
672,836,164,0.164,0.40114113029837606
732,866,134,0.134,0.39730873784422877
694,847,153,0.153,0.40013575807213786
718,859,141,0.141,0.39697489035129546
648,824,176,0.176,0.4035332627296448
738,869,131,0.131,0.3978501159846783
672,836,164,0.164,0.4015493378341198
744,872,128,0.128,0.39466381126642225
688,844,156,0.156,0.3992523487210274
716,858,142,0.142,0.38851502785086633
708,854,146,0.146,0.3860832041800022
690,845,155,0.155,0.38483350320160387
682,841,159,0.159,0.38335001009702685
744,872,128,0.128,0.3734241549372673
700,850,150,0.15,0.3671340375244617
676,838,162,0.162,0.36863299980759623
676,838,162,0.162,0.3667172553986311
688,844,156,0.156,0.36173937202990053
740,870,130,0.13,0.36319175995886327
714,857,143,0.143,0.3644959908425808
634,817,183,0.183,0.37128976252675056
660,830,170,0.17,0.37379073244333266
642,821,179,0.179,0.3776376904845238
744,872,128,0.128,0.3718049340099096
704,852,148,0.148,0.37735767249763014
626,813,187,0.187,0.3831945752501488
706,853,147,0.147,0.38196331791579724
722,861,139,0.139,0.3800989720523357
704,852,148,0.148,0.378670807749033
724,862,138,0.138,0.38088568633794784
644,822,178,0.178,0.3812695632278919
704,852,148,0.148,0.3746836786568165
732,866,134,0.134,0.3706264211535454
716,858,142,0.142,0.36518973015248773
710,855,145,0.145,0.36472463943064215
680,840,160,0.16,0.3616693353652954
686,843,157,0.157,0.3636030279099941
676,838,162,0.162,0.3635797919332981
762,881,119,0.119,0.3576523883342743
726,863,137,0.137,0.3621579523533583
708,854,146,0.146,0.3582912998348475
692,846,154,0.154,0.35740966483950615
746,873,127,0.127,0.35222262325882914
694,847,153,0.153,0.3545581482946873
736,868,132,0.132,0.35096227179467676
782,891,109,0.109,0.34007561641931533
738,869,131,0.131,0.3374362619817257
738,869,131,0.131,0.33558713211119173
666,833,167,0.167,0.33522706565260885
720,860,140,0.14,0.3309004012197256
652,826,174,0.174,0.3333418534696102
716,858,142,0.142,0.32749559715390203
710,855,145,0.145,0.3298605055510998
752,876,124,0.124,0.33051756440103053
680,840,160,0.16,0.33446978916227815
726,863,137,0.137,0.3310218865722418
738,869,131,0.131,0.33454539327323435
726,863,137,0.137,0.3364097069650888
674,837,163,0.163,0.3436095348745585
686,843,157,0.157,0.34323506347835064
652,826,174,0.174,0.3457372075021267
678,839,161,0.161,0.3440377218723297
692,846,154,0.154,0.345393688082695
732,866,134,0.134,0.3461111490428448
688,844,156,0.156,0.3446464035958052
736,868,132,0.132,0.3412549721598625
664,832,168,0.168,0.3406807346045971
656,828,172,0.172,0.34563579224050045
698,849,151,0.151,0.3437390493750572
676,838,162,0.162,0.3437540136128664
720,860,140,0.14,0.3399532449692488
680,840,160,0.16,0.3414062223136425
710,855,145,0.145,0.3389693908393383
676,838,162,0.162,0.3397711949497461
730,865,135,0.135,0.3385543127954006
708,854,146,0.146,0.33876890666782855
752,876,124,0.124,0.3332900650650263
724,862,138,0.138,0.33190548576414586
704,852,148,0.148,0.3300173794478178
702,851,149,0.149,0.3304283508062363
658,829,171,0.171,0.33045429876446725
690,845,155,0.155,0.3268115521669388
702,851,149,0.149,0.32679441943764687
722,861,139,0.139,0.3267776546180248
654,827,173,0.173,0.3277646342515945
662,831,169,0.169,0.33265552973747253
732,866,134,0.134,0.33547124350070956
746,873,127,0.127,0.3314745851010084
760,880,120,0.12,0.3323646145313978
704,852,148,0.148,0.3396426580250263
676,838,162,0.162,0.34368582667410374
728,864,136,0.136,0.34161232094466687
690,845,155,0.155,0.3430510091930628
652,826,174,0.174,0.35011861425638197
728,864,136,0.136,0.3502720775902271
676,838,162,0.162,0.3498704305142164
806,903,97,0.097,0.34546452935039995
718,859,141,0.141,0.34769348123669624
698,849,151,0.151,0.3504080004096031
730,865,135,0.135,0.34747189646959303
708,854,146,0.146,0.3503023095279932
728,864,136,0.136,0.3498744927495718
694,847,153,0.153,0.35898730319738387
706,853,147,0.147,0.35689748004078864
652,826,174,0.174,0.3629563043415546
686,843,157,0.157,0.3622066057771444
704,852,148,0.148,0.3668159363120794
722,861,139,0.139,0.3636370107233524
670,835,165,0.165,0.36557113252580165
652,826,174,0.174,0.3707335986793041
684,842,158,0.158,0.3695519077479839
778,889,111,0.111,0.3645054561793804
720,860,140,0.14,0.3718415927439928
694,847,153,0.153,0.3677450803518295
722,861,139,0.139,0.37168137334287166
706,853,147,0.147,0.37249942949414255
714,857,143,0.143,0.37061039251089095
704,852,148,0.148,0.37636146610975263
638,819,181,0.181,0.38033731912076474
682,841,159,0.159,0.3788135031014681
682,841,159,0.159,0.3764773386120796
670,835,165,0.165,0.38179289230704305
716,858,142,0.142,0.37628322003781794
668,834,166,0.166,0.3767186125218868
684,842,158,0.158,0.3778696646094322
674,837,163,0.163,0.381546780154109
640,820,180,0.18,0.38205836579203606
712,856,144,0.144,0.3799357627034187
666,833,167,0.167,0.3849941968023777
636,818,182,0.182,0.38668226221203805
734,867,133,0.133,0.38234811601042745
672,836,164,0.164,0.3844533185958862
726,863,137,0.137,0.3803700777888298
684,842,158,0.158,0.3852493204474449
708,854,146,0.146,0.37811268243193624
714,857,143,0.143,0.3704816066622734
766,883,117,0.117,0.3679702633172274
744,872,128,0.128,0.3639582190811634
744,872,128,0.128,0.3477979474812746
728,864,136,0.136,0.3474723335057497
722,861,139,0.139,0.35050932398438456
708,854,146,0.146,0.3416934579908848
682,841,159,0.159,0.344940324485302
720,860,140,0.14,0.3418764244019985
676,838,162,0.162,0.34444100949168205
678,839,161,0.161,0.3429746139496565
668,834,166,0.166,0.34289198480546473
732,866,134,0.134,0.3431566680967808
642,821,179,0.179,0.3483125858902931
688,844,156,0.156,0.3499086059182882
716,858,142,0.142,0.3464103841930628
650,825,175,0.175,0.35068032771348956
616,808,192,0.192,0.3559509266912937
656,828,172,0.172,0.36079694391787054
646,823,177,0.177,0.3651799826622009
728,864,136,0.136,0.3622791710793972
698,849,151,0.151,0.36625972035527227
696,848,152,0.152,0.3762403629422188
700,850,150,0.15,0.380049923568964
652,826,174,0.174,0.3869103372991085
670,835,165,0.165,0.3872973458170891
668,834,166,0.166,0.39212929755449294
666,833,167,0.167,0.397821427077055
704,852,148,0.148,0.3949165334701538
704,852,148,0.148,0.3961618441045284
714,857,143,0.143,0.4004178598821163
740,870,130,0.13,0.3982366887331009
698,849,151,0.151,0.40079487627744675
700,850,150,0.15,0.3994079021811485
678,839,161,0.161,0.40499636173248293
718,859,141,0.141,0.40293457043170927
704,852,148,0.148,0.4012844584584236
678,839,161,0.161,0.40203555139899255
692,846,154,0.154,0.40021049585938456
674,837,163,0.163,0.40029476696252825
644,822,178,0.178,0.4003370425999165
678,839,161,0.161,0.4016330740451813
654,827,173,0.173,0.3955610713660717
690,845,155,0.155,0.3967658956050873
640,820,180,0.18,0.3973927676677704
706,853,147,0.147,0.3946528981626034
652,826,174,0.174,0.40368652701377866
706,853,147,0.147,0.3929226063489914
706,853,147,0.147,0.39865524071455
694,847,153,0.153,0.3950762010216713
706,853,147,0.147,0.39935533913969995
680,840,160,0.16,0.3982499551773071
690,845,155,0.155,0.3967184632122517
718,859,141,0.141,0.394187350332737
722,861,139,0.139,0.4009838941693306
678,839,161,0.161,0.4009628529548645
692,846,154,0.154,0.4020087156891823
714,857,143,0.143,0.3999290007054806
666,833,167,0.167,0.4019761767089367
698,849,151,0.151,0.3952026927173138
746,873,127,0.127,0.3918620289862156
706,853,147,0.147,0.3953590739071369
730,865,135,0.135,0.3797403325140476
676,838,162,0.162,0.3806805357336998
674,837,163,0.163,0.3762340289056301
706,853,147,0.147,0.37304871064424516
686,843,157,0.157,0.37395044779777525
720,860,140,0.14,0.37694783982634544
672,836,164,0.164,0.38165071633458136
730,865,135,0.135,0.37679667964577673
764,882,118,0.118,0.37886391615867615
664,832,168,0.168,0.3902820329964161
712,856,144,0.144,0.38730447307229043
738,869,131,0.131,0.38349758487939833
688,844,156,0.156,0.38811103388667106
708,854,146,0.146,0.3859543074965477
676,838,162,0.162,0.387694875895977
694,847,153,0.153,0.3824082021415234
716,858,142,0.142,0.3756462041437626
680,840,160,0.16,0.3838176078498364
720,860,140,0.14,0.37805467161536216
698,849,151,0.151,0.381206622928381
716,858,142,0.142,0.3794706934094429
688,844,156,0.156,0.37786854085326194
702,851,149,0.149,0.3746664923429489
706,853,147,0.147,0.37467905408144
700,850,150,0.15,0.37778671219944954
700,850,150,0.15,0.37635559183359146
676,838,162,0.162,0.37449348138272764
760,880,120,0.12,0.3667826252877712
704,852,148,0.148,0.3632130437642336
722,861,139,0.139,0.3623451561331749
710,855,145,0.145,0.3615432031750679
732,866,134,0.134,0.3559198938012123
696,848,152,0.152,0.357564084738493
700,850,150,0.15,0.3546063112169504
704,852,148,0.148,0.35611667393147944
644,822,178,0.178,0.3629184544980526
702,851,149,0.149,0.35979327127337457
680,840,160,0.16,0.36400409969687464
706,853,147,0.147,0.36594330647587775
738,869,131,0.131,0.3636587847918272
642,821,179,0.179,0.3669272529780865
684,842,158,0.158,0.367093664586544
722,861,139,0.139,0.36887379620969296
706,853,147,0.147,0.3702689005434513
660,830,170,0.17,0.3730245802998543
712,856,144,0.144,0.36979334530234337
700,850,150,0.15,0.3714124660491943
698,849,151,0.151,0.3742570463120937
700,850,150,0.15,0.38197018674016
740,870,130,0.13,0.37508658653497695
724,862,138,0.138,0.38078395354747774
672,836,164,0.164,0.38077857476472854
686,843,157,0.157,0.38049510595202446
752,876,124,0.124,0.37524873557686805
712,856,144,0.144,0.38110701662302016
666,833,167,0.167,0.3776335155665875
684,842,158,0.158,0.3779229723513126
716,858,142,0.142,0.37250389221310615
724,862,138,0.138,0.3741406372189522
716,858,142,0.142,0.3801937313973904
690,845,155,0.155,0.38379374481737616
680,840,160,0.16,0.38709089678525926
702,851,149,0.149,0.388829208612442
706,853,147,0.147,0.3937075432538986
734,867,133,0.133,0.3943543452918529
710,855,145,0.145,0.3975855408608913
656,828,172,0.172,0.40052242639660834
606,803,197,0.197,0.4045567031800747
680,840,160,0.16,0.40202993708848955
714,857,143,0.143,0.40116964039206504
692,846,154,0.154,0.40378172913193705
678,839,161,0.161,0.412233716994524
596,798,202,0.202,0.41951153057813645
666,833,167,0.167,0.4215869808793068
726,863,137,0.137,0.41815370205044744
740,870,130,0.13,0.42336335057020186
678,839,161,0.161,0.42888059425354
692,846,154,0.154,0.42830970442295074
660,830,170,0.17,0.4322190454006195
670,835,165,0.165,0.4316293790638447
704,852,148,0.148,0.42841119876503947
742,871,129,0.129,0.4285523685216904
728,864,136,0.136,0.42517615303397177
696,848,152,0.152,0.4299970903992653
678,839,161,0.161,0.4316551148891449
710,855,145,0.145,0.42715443325042723
692,846,154,0.154,0.429822781175375
674,837,163,0.163,0.43007262590527534
704,852,148,0.148,0.4281160446703434
720,860,140,0.14,0.42631462672352793
654,827,173,0.173,0.4191285400390625
744,872,128,0.128,0.4110894208550453
704,852,148,0.148,0.41197252467274664
700,850,150,0.15,0.41073998719453814
674,837,163,0.163,0.4104891687333584
662,831,169,0.169,0.40995371240377426
734,867,133,0.133,0.4034055570065975
698,849,151,0.151,0.40350234347581865
688,844,156,0.156,0.39910615742206573
672,836,164,0.164,0.39576550260186194
676,838,162,0.162,0.39210389441251753
700,850,150,0.15,0.39268923649191856
682,841,159,0.159,0.3966859292089939
650,825,175,0.175,0.39782711026072504
700,850,150,0.15,0.3929620258808136
650,825,175,0.175,0.39586973428726197
692,846,154,0.154,0.3945819065272808
676,838,162,0.162,0.39694429275393484
716,858,142,0.142,0.38688922455906866
660,830,170,0.17,0.3938638453781605
694,847,153,0.153,0.3959890976846218
690,845,155,0.155,0.3923877105712891
606,803,197,0.197,0.3968720525503159
734,867,133,0.133,0.3881329385638237
672,836,164,0.164,0.38817680165171625
680,840,160,0.16,0.38473923751711847
708,854,146,0.146,0.38519500505924226
706,853,147,0.147,0.3852536382675171
682,841,159,0.159,0.38681238737702367
674,837,163,0.163,0.3840101261734962
674,837,163,0.163,0.38360242584347726
722,861,139,0.139,0.3794488127529621
676,838,162,0.162,0.3842116523236036
734,867,133,0.133,0.38110326635837555
706,853,147,0.147,0.38682846480607985
674,837,163,0.163,0.3905034677684307
648,824,176,0.176,0.3950579071044922
660,830,170,0.17,0.3966448739171028
674,837,163,0.163,0.3985945770144463
668,834,166,0.166,0.40036206156015397
704,852,148,0.148,0.3975203350186348
678,839,161,0.161,0.3996811718046665
680,840,160,0.16,0.40188434880971907
664,832,168,0.168,0.40348088324069975
712,856,144,0.144,0.39627040272951125
678,839,161,0.161,0.40389790800213815
676,838,162,0.162,0.4009853186905384
672,836,164,0.164,0.4006526113450527
716,858,142,0.142,0.4010385802388191
670,835,165,0.165,0.40858637806773185
702,851,149,0.149,0.4028316884636879
708,854,146,0.146,0.40318519887328147
682,841,159,0.159,0.402459737688303
670,835,165,0.165,0.40302399137616157
704,852,148,0.148,0.4048858217000961
688,844,156,0.156,0.40361814546585084
730,865,135,0.135,0.39370983627438544
644,822,178,0.178,0.4043276588916779
754,877,123,0.123,0.39644053518772127
656,828,172,0.172,0.40194598016142846
674,837,163,0.163,0.40021841797232627
720,860,140,0.14,0.3961091259419918
684,842,158,0.158,0.39642745375633237
722,861,139,0.139,0.39617598509788515
688,844,156,0.156,0.3958316926062107
692,846,154,0.154,0.39152529403567315
730,865,135,0.135,0.38720724841952325
650,825,175,0.175,0.39318708518147466
648,824,176,0.176,0.3933443173468113
742,871,129,0.129,0.39159772458672526
656,828,172,0.172,0.3917057946026325
714,857,143,0.143,0.39226168116927146
698,849,151,0.151,0.39429460719227793
702,851,149,0.149,0.3859483142197132
718,859,141,0.141,0.3808639832735062
786,893,107,0.107,0.3728172189593315
720,860,140,0.14,0.3719545057415962
708,854,146,0.146,0.3713345888853073
722,861,139,0.139,0.3629401049464941
702,851,149,0.149,0.363993024200201
698,849,151,0.151,0.3678349551707506
670,835,165,0.165,0.36982688626647
748,874,126,0.126,0.36190085715055464
750,875,125,0.125,0.36346785321831704
686,843,157,0.157,0.36670257812738416
708,854,146,0.146,0.3626397115588188
684,842,158,0.158,0.363012414842844
668,834,166,0.166,0.3666091834902763
702,851,149,0.149,0.36332808491587637
692,846,154,0.154,0.3651599771529436
652,826,174,0.174,0.3693936288356781
662,831,169,0.169,0.3725773132741451
730,865,135,0.135,0.36974626789987086
704,852,148,0.148,0.37924423125386236
674,837,163,0.163,0.3838367423415184
700,850,150,0.15,0.3829897101521492
698,849,151,0.151,0.3953974055349827
724,862,138,0.138,0.3945910727381706
698,849,151,0.151,0.3969585592448711
742,871,129,0.129,0.39859577023983
692,846,154,0.154,0.4000256094038486
662,831,169,0.169,0.40447848418354987
730,865,135,0.135,0.39821253064274786
696,848,152,0.152,0.3990470390766859
702,851,149,0.149,0.40134421655535696
706,853,147,0.147,0.40250052261352537
676,838,162,0.162,0.4024715096354485
680,840,160,0.16,0.40235103413462636
772,886,114,0.114,0.39779553523659705
684,842,158,0.158,0.4037435503900051
710,855,145,0.145,0.39462529855966566
752,876,124,0.124,0.3959167240560055
704,852,148,0.148,0.39135482868552207
708,854,146,0.146,0.38938697147369383
682,841,159,0.159,0.3868208697140217
718,859,141,0.141,0.38410684050619603
658,829,171,0.171,0.38338451835513115
696,848,152,0.152,0.3734030917286873
666,833,167,0.167,0.3846229744553566
638,819,181,0.181,0.3849014478325844
624,812,188,0.188,0.3868758938908577
684,842,158,0.158,0.3909345518350601
728,864,136,0.136,0.3853830789029598
720,860,140,0.14,0.3893030758798122
694,847,153,0.153,0.3887683990299702
738,869,131,0.131,0.3855257615149021
724,862,138,0.138,0.3833711192905903
684,842,158,0.158,0.38628342014551165
700,850,150,0.15,0.38633793887495993
666,833,167,0.167,0.3864616720676422
712,856,144,0.144,0.38310545241832733
670,835,165,0.165,0.3862890428006649
716,858,142,0.142,0.38458705943822863
678,839,161,0.161,0.3851357786655426
678,839,161,0.161,0.38828180903196335
654,827,173,0.173,0.39217647758126256
674,837,163,0.163,0.3934898569881916
686,843,157,0.157,0.38834273266792296
714,857,143,0.143,0.38564831906557084
668,834,166,0.166,0.38843601804971695
736,868,132,0.132,0.3821074266731739
674,837,163,0.163,0.38905025827884676
668,834,166,0.166,0.39004578998684886
668,834,166,0.166,0.392644851654768
690,845,155,0.155,0.3925842927992344
682,841,159,0.159,0.39340943670272827
744,872,128,0.128,0.39130735462903976
744,872,128,0.128,0.39140414571762083
706,853,147,0.147,0.3951730788350105
654,827,173,0.173,0.4015884017944336
732,866,134,0.134,0.39352328687906263
672,836,164,0.164,0.3990980441570282
620,810,190,0.19,0.4039053440690041
708,854,146,0.146,0.39879425475001334
694,847,153,0.153,0.3996604132950306
726,863,137,0.137,0.3986703717708588
654,827,173,0.173,0.4018656199574471
688,844,156,0.156,0.39462490218877794
688,844,156,0.156,0.39544269436597823
706,853,147,0.147,0.39585495519638064
728,864,136,0.136,0.3949104154109955
666,833,167,0.167,0.4040595885515213
704,852,148,0.148,0.3990819179713726
724,862,138,0.138,0.3979358170926571
732,866,134,0.134,0.3945506421625614
694,847,153,0.153,0.402791932374239
686,843,157,0.157,0.4018250465095043
732,866,134,0.134,0.39900730064511297
712,856,144,0.144,0.40014629793167117
748,874,126,0.126,0.3924154721796513
698,849,151,0.151,0.3874617206454277
702,851,149,0.149,0.3874253718405962
664,832,168,0.168,0.3886360521018505
654,827,173,0.173,0.3910918698310852
684,842,158,0.158,0.39080558997392656
706,853,147,0.147,0.39130843099951745
666,833,167,0.167,0.3931586870253086
714,857,143,0.143,0.3992642697095871
696,848,152,0.152,0.402204177826643
674,837,163,0.163,0.4022075863182545
714,857,143,0.143,0.4015016169846058
726,863,137,0.137,0.40043058317899705
676,838,162,0.162,0.4053493458032608
712,856,144,0.144,0.39994235637784004
726,863,137,0.137,0.3960985939800739
690,845,155,0.155,0.39697679924964907
714,857,143,0.143,0.3978901076614857
666,833,167,0.167,0.4021019643843174
714,857,143,0.143,0.3958982882499695
762,881,119,0.119,0.3946949950456619
680,840,160,0.16,0.40026646403968336
712,856,144,0.144,0.3971860575079918
690,845,155,0.155,0.3997807432115078
706,853,147,0.147,0.40050697618722914
730,865,135,0.135,0.40284157609939575
724,862,138,0.138,0.40210858649015424
686,843,157,0.157,0.402901524335146
714,857,143,0.143,0.40198509287834167
724,862,138,0.138,0.39956871366500857
702,851,149,0.149,0.4013382629454136
684,842,158,0.158,0.39875998482108116
688,844,156,0.156,0.39887943959236144
654,827,173,0.173,0.40005560234189036
714,857,143,0.143,0.4013547586798668
708,854,146,0.146,0.40585491913557054
686,843,157,0.157,0.4048521173596382
716,858,142,0.142,0.3993017506599426
712,856,144,0.144,0.4033288141191006
726,863,137,0.137,0.39987980619072916
716,858,142,0.142,0.3972416789829731
662,831,169,0.169,0.39169768658280374
656,828,172,0.172,0.3956538191437721
722,861,139,0.139,0.3844778235554695
752,876,124,0.124,0.3826029471457005
726,863,137,0.137,0.38666781175136566
744,872,128,0.128,0.3844817134141922
708,854,146,0.146,0.3862092308998108
720,860,140,0.14,0.3870624008476734
660,830,170,0.17,0.39388125130534174
698,849,151,0.151,0.39198409700393677
712,856,144,0.144,0.3929554640650749
688,844,156,0.156,0.39276983815431593
696,848,152,0.152,0.3937512834072113
634,817,183,0.183,0.3997572622895241
676,838,162,0.162,0.3975926895439625
734,867,133,0.133,0.3962007530927658
718,859,141,0.141,0.4010986133515835
728,864,136,0.136,0.40148492366075517
740,870,130,0.13,0.3959390131831169
702,851,149,0.149,0.3963493571281433
778,889,111,0.111,0.38493306502699853
718,859,141,0.141,0.3847180665433407
678,839,161,0.161,0.3871299913823605
688,844,156,0.156,0.3857513557970524
730,865,135,0.135,0.3741588722765446
714,857,143,0.143,0.3760348740816116
708,854,146,0.146,0.37712287411093715
746,873,127,0.127,0.37596368701756
708,854,146,0.146,0.37571662724018096
732,866,134,0.134,0.3726303028464317
698,849,151,0.151,0.3759520182311535
602,801,199,0.199,0.3778931639045477
738,869,131,0.131,0.367590511277318
720,860,140,0.14,0.37020956602692606
700,850,150,0.15,0.37244760459661486
676,838,162,0.162,0.37502459648251535
688,844,156,0.156,0.378262387111783
640,820,180,0.18,0.3788047199398279
668,834,166,0.166,0.3787718657851219
738,869,131,0.131,0.370946980535984
706,853,147,0.147,0.37853760421276095
662,831,169,0.169,0.38213332265615463
766,883,117,0.117,0.3751318037509918
